   4.0062408039146895E-002   4.6517446151536954E-009   1.7620659555074263E-009  -9.1687755447027483E-009   8.0876806122440723E-011  -1.6663052492659652E-009  -6.3119140652141781E-010   3.6344475299279379E-010   4.1250319981415993E-010  -4.4432127598079432E-010   5.9801137497496701E-002   2.1307417134733053E-009   8.0711786285100659E-010   8.4893233086352176E-009   9.4087730818052665E-011   1.3698377035195811E-010   5.1889051019291457E-011  -1.5317726265346458E-010  -9.1974076425500654E-011   2.6927061327733616E-011  -9.6845372160574831E-011  -6.4635568024622863E-011  -7.0527071926142268E-012   9.5006534435029699E-012  -1.7022742638276156E-010   1.1151209797203716E-009   4.2240408549974226E-010  -6.7498962054700635E-011  -1.5586992013585977E-010   2.3772637749047228E-010   6.3179749700032474E-009  -1.6730942304472795E-010   4.0370264427299886E-002   1.8025945030684551E-009   6.8281698211598623E-010  -4.0650069273693796E-011   6.7136116703810328E-011   9.8046746659624034E-011   3.7139769628118186E-011  -1.0929521932453820E-010  -6.5631055121640365E-011   1.9223957256074395E-011  -6.9386682430677534E-011  -4.6440135569961644E-011  -4.9548029928393147E-012   6.9319677148129831E-012  -5.2057821468641063E-004  -5.7270452912936393E-011  -2.1691675670346757E-011   1.6259310892962859E-009   3.0780624475086113E-011   2.1180975222261077E-010   8.0232764926388503E-011  -1.0834561585445198E-010  -9.4939216330012478E-011   7.7564890645384945E-011   1.2329445166995585E-003   3.5585867803551354E-011   1.3480244073379002E-011
   4.6517446151536954E-009   4.0062390527119865E-002  -7.0725050208036355E-009   3.6801235043318256E-008   2.0915787782888395E-009   1.4365356862441897E-009   4.1250318921479246E-010  -3.8749767146597555E-009  -2.1841066477094252E-009   1.7833980367034324E-009   2.1307411474754088E-009   5.9801129476070046E-002  -3.2395746006239796E-009  -3.4074079342555721E-008   3.6670989481209875E-011   1.2062196464981220E-011  -1.2918118246331305E-011  -4.2146371569106766E-011  -5.5436337351818458E-011  -7.0525025884981089E-012  -4.8859130352033498E-011   6.4079213513958054E-011   5.3478970503241407E-011  -3.8133878466276326E-011  -1.0706262108723429E-009  -6.6376966700564977E-010  -1.5586992153121107E-010   2.0248023342986162E-009   1.0091941401884844E-009  -9.5417588949574615E-010  -2.5358815588740477E-008   6.7154506849901324E-010   1.8025948423995169E-009   4.0370257641227307E-002  -2.7406619258177170E-009   1.6316375285762678E-010   2.6635169953197156E-011   7.9948887858342034E-012  -9.4686407008420338E-012  -3.0779933866104471E-011  -3.9996878629862847E-011  -4.9547620654276500E-012  -3.4190751945855634E-011   4.6797778576020092E-011   3.7876404835955268E-011  -2.7823599617156583E-011  -5.7269991446076352E-011  -5.2057799909442409E-004   8.7072824745997506E-011  -6.5260919119954973E-009  -3.8225561398289990E-010  -2.8784715647153356E-010  -9.4939217839595783E-011   6.9358259579118438E-010   4.3764224965424806E-010  -3.1132664645893856E-010   3.5585992913014272E-011   1.2329443827299156E-003  -5.4104920081732381E-011
   1.7620659555074263E-009  -7.0725050208036355E-009   4.0062406519069033E-002   1.3940190001325508E-008   7.9228338942499872E-010   4.1250318042310627E-010   5.0380780060163913E-010  -5.5258064731675138E-010  -2.0221618452525141E-009  -2.3970325592774740E-010   8.0711832931440014E-010  -3.2395769272216797E-009   5.9801136801169608E-002  -1.2907153600992837E-008   1.3890730652752387E-011  -1.2917806446892532E-011   4.1282512397832362E-011  -6.4635626992529097E-011   4.2538966965236004E-011   4.5999139734111591E-011   1.4724347430797902E-010  -9.7405008508527095E-011  -1.8462916074238973E-010   4.1863320081918716E-011  -4.0554996468784283E-010  -1.5586991469366354E-010  -3.1132581354765713E-010   1.0262515114084655E-010   1.2495862596253295E-009   3.0292406651807876E-010  -9.6058414787369163E-009   2.5437506688979460E-010   6.8281722696272813E-010  -2.7406621206517872E-009   4.0370263838265114E-002   6.1806287771205094E-011   1.0089215502377691E-011  -9.4686099224685304E-012   2.9407040306140975E-011  -4.6440139816862632E-011   3.0254554416519848E-011   3.2903850805632186E-011   1.0549538916119928E-010  -6.9230549327409709E-011  -1.3206823194011774E-010   2.9691112202472112E-011  -2.1692488233668451E-011   8.7073588071274398E-011  -5.2057819596687137E-004  -2.4720637519578193E-009  -1.4479719409750676E-010  -9.4939221036896889E-011  -7.3176202187500136E-011   1.6472848504767174E-010   2.9371153589919364E-010  -1.9931295873194557E-011   1.3480085382608433E-011  -5.4104773906240359E-011   1.2329445050722533E-003
  -9.1687755447027483E-009   3.6801235043318256E-008   1.3940190001325508E-008   4.6997873007021868E-005  -1.8922167491406674E-011  -1.6021250941021914E-011  -6.0688016838029541E-012   3.3311093683120327E-011   2.4358689422597114E-011  -1.4388218021155384E-011  -1.3835372893742298E-008   5.5531821764457045E-008   2.1035276397315145E-008   3.3320363571799744E-003  -3.5026238077628852E-011   5.1068725786697591E-011   1.9344672422759419E-011   5.3930322115345147E-011   3.1083570421125537E-011  -6.9376947416072046E-012  -5.8819762689770883E-011  -8.1995570566981803E-011   2.7846237456340789E-011   4.6697187998273276E-011  -8.2487155997702716E-011  -6.9840463731177246E-011  -2.6455342170181290E-011   1.4521045614683447E-010   1.0618531402041891E-010  -6.2722279324308394E-011   6.0174908644824538E-003  -1.3664398219383888E-003  -9.2492063281816979E-009   3.7124064578681021E-008   1.4062476880027693E-008   1.7692267119257617E-004   4.2293045777211863E-012  -6.1663943140666902E-012  -2.3358024444816802E-012  -6.5119149153342288E-012  -3.7532421796688100E-012   8.3770424873008923E-013   7.1022790625579917E-012   9.9006930521428070E-012  -3.3623110783068062E-012  -5.6385464959717028E-012   4.5856913411580681E-010  -1.8405525445483847E-009  -6.9719572106522147E-010   1.1544731442314543E-003   3.5244246374372178E-012   2.9838518564228199E-012   1.1302717559212585E-012  -6.2037127438998568E-012  -4.5366457488687397E-012   2.6799866331368673E-012  -2.0725610966723331E-010   8.3188258145333311E-010   3.1511439699705641E-010
   8.0876806122440723E-011   2.0915787782888395E-009   7.9228338942499872E-010  -1.8922167491406674E-011   1.3283256399428304E-016   8.6371211277728944E-017   3.2717139248618784E-017  -2.2622863987315770E-016  -1.6322314366810004E-016   9.3395774151767681E-017   1.2094240627790170E-010   3.1225781478947885E-009   1.1828226705813812E-009  -1.3731975349915382E-009   1.6794966872952616E-017  -2.0354551006210978E-017  -7.7100313659337723E-018  -2.5984433728389281E-017  -1.5032148450794888E-017   3.4516039910841960E-018   2.4361965726322346E-017   3.5022121359611816E-017  -1.2330964412162191E-017  -2.0356616311087175E-017  -3.0335664844070538E-017  -6.6954926569968364E-018  -2.5362331170118949E-018   4.7865502242996745E-017   3.3395784969866356E-017  -1.7530304240827812E-017  -2.4764172276724629E-009   1.3238309561285866E-011   8.1548075642715677E-011   2.1077617172326209E-009   7.9841343495782892E-010  -2.3551367050292595E-012  -1.8967977718016561E-020   2.9585115498427872E-018   1.1207139197974590E-018  -5.9434790810309758E-020  -7.3703363366778519E-020   8.4889916906520462E-020  -2.7562198456138306E-018  -3.0899719878092366E-018   7.3933310417146805E-019   1.4679617671587770E-018  -8.1463031065378605E-011  -2.0385000771539231E-010  -7.7217295414733032E-011  -4.9498756282374672E-010  -2.4181189659275313E-017  -1.7801513830335474E-017  -6.7431559311647412E-018   4.1788927753183428E-017   3.0332339431697334E-017  -1.7608044134208984E-017  -1.4694956703700501E-011   2.6615068147347247E-011   1.0081797029595150E-011
  -1.6663052492659652E-009   1.4365356862441897E-009   4.1250318042310627E-010  -1.6021250941021914E-011   8.6371211277728944E-017   1.3069746802480998E-016   4.8364420323684437E-017  -1.7135559396805584E-016  -1.2477857983730909E-016   8.4984116151016742E-017  -2.4880802224254959E-009   2.1445348858760649E-009   6.1575243718645411E-010  -1.1626761144837315E-009   9.7361649467556583E-018  -2.3201969413298469E-017  -8.9409132530636815E-018  -1.4575929185408344E-017  -8.5432956194042096E-018   1.5142689274054687E-018   2.4290679122583872E-017   3.2554194956925769E-017  -9.3877185464221816E-018  -1.7599980408532062E-017  -6.6951858735553424E-018  -4.7559581099813053E-017  -1.7183409302937937E-017   2.5835886473995808E-017   1.8510137223495289E-017  -1.9141093808131686E-017  -2.0967639457752091E-009   1.1199678547337870E-011  -1.6792903818855685E-009   1.4476251564085667E-009   4.1567526671920594E-010  -1.9944001232332437E-012  -3.1962176376827757E-018  -1.7272660560012874E-018  -7.6219126513440443E-019   5.2149875813000337E-018   2.9049360387021354E-018  -9.2685996244587749E-019   2.6435395476352254E-019  -5.5879963668466671E-019   1.3725896969945789E-018   9.8469992999750695E-019   3.1214056478113422E-010  -9.9140536119777141E-011  -8.6301046351185757E-012  -4.1910259521827964E-010  -1.7801622107602215E-017  -2.0967113499287811E-017  -7.8251920325706245E-018   3.3314696756069454E-017   2.4307706864950902E-017  -1.5513332414957247E-017   1.0795496625837247E-011   2.7013073408929424E-011   1.1996253043555454E-011
  -6.3119140652141781E-010   4.1250318921479246E-010   5.0380780060163913E-010  -6.0688016838029541E-012   3.2717139248618784E-017   4.8364420323684437E-017   2.1338734133638141E-017  -5.6960172130313549E-017  -5.7642631505999741E-017   2.4242927101804253E-017  -9.4247728937160098E-010   6.1575245820146385E-010   7.5223174879912818E-010  -4.4041813320565322E-010   3.6880279526276247E-018  -8.9410200622501002E-018  -2.9849319748344496E-018  -5.9448877731691784E-018  -2.6832148447010097E-018   9.9717056349894770E-019   1.0643733093722117E-017   1.1272489717893068E-017  -5.3391266948910700E-018  -6.1767794469721307E-018  -2.5361123316427300E-018  -1.7183421577516365E-017  -8.7054544690939230E-018   4.0024450924767965E-018   1.4562549446044976E-017  -1.4664893008305869E-018  -7.9424773739236853E-010   4.2437887383156046E-012  -6.3611013554931231E-010   4.1567527738759945E-010   5.0772473428560575E-010  -7.5592631775577493E-013  -1.2107186803233295E-018  -7.6221245596971080E-019  -3.7710012203748818E-021   1.6750428920056236E-018   1.4925163404370893E-018  -5.0713672882645287E-020   1.1230828029534005E-018  -9.6266577803416893E-019  -7.4456360728929490E-019   7.2044560940531518E-019   1.1823778627368206E-010  -8.6330172877785328E-012  -7.9623663318196549E-011  -1.5875472433303055E-010  -6.7431968414288427E-018  -7.8251976887322254E-018  -3.2732402432442438E-018   1.1805561125607997E-017   1.0270254991036074E-017  -5.0624631904256732E-018   4.0892761695200273E-012   1.1995630907751686E-011  -1.1150843309442849E-013
   3.6344475299279379E-010  -3.8749767146597555E-009  -5.5258064731675138E-010   3.3311093683120327E-011  -2.2622863987315770E-016  -1.7135559396805584E-016  -5.6960172130313549E-017   4.0990294292832542E-016   2.6052877527570140E-016  -1.8367377928376483E-016   5.4241394939658540E-010  -5.7851280735827708E-009  -8.2468503158646734E-010   2.4174153365453294E-009  -2.8258823857978780E-017   3.7237063951957538E-017   1.5163151118966305E-017   4.2644121105437065E-017   2.6462929102470792E-017  -4.7311357841656237E-018  -4.0773000468789428E-017  -6.4836217201398854E-017   1.7466612105752203E-017   3.7023712878381354E-017   4.7864612956062501E-017   2.5835687879987776E-017   4.0023787010785417E-018  -9.2738330384981634E-017  -3.9280525505485007E-017   4.4874521914801510E-017   4.3595539792287685E-009  -2.3280431595540792E-011   3.6621492073561634E-010  -3.9049727289293702E-009  -5.5679240228302049E-010   4.1517223543879926E-012   9.6070307603394225E-019  -4.2123549838854434E-018  -8.4532436414919522E-019  -2.0934439996928551E-018   1.2968838669012346E-019   8.0452470062745245E-019   6.3516135175972255E-018   3.1828297446501875E-018  -4.3092059995943132E-018  -1.7423899023878969E-018   3.2277125102165658E-011   4.0125225971272888E-010  -4.9077800128769755E-011   8.7139079840501191E-010   4.1789269768259832E-017   3.3314791059954767E-017   1.1805595343153817E-017  -7.4758046956250294E-017  -5.0651747570133433E-017   3.2969312765236351E-017   1.9092058295218930E-011  -4.4267788891863179E-011  -2.9028322046257132E-011
   4.1250319981415993E-010  -2.1841066477094252E-009  -2.0221618452525141E-009   2.4358689422597114E-011  -1.6322314366810004E-016  -1.2477857983730909E-016  -5.7642631505999741E-017   2.6052877527570140E-016   2.3834096914772411E-016  -9.7305224941750061E-017   6.1575246850366978E-010  -3.2605475394564667E-009  -3.0192750790241588E-009   1.7677311846308610E-009  -2.0284962533295976E-017   2.8452417803665197E-017   9.3959493406336473E-018   3.2554076800807157E-017   1.6387931288809371E-017  -5.3391497032591158E-018  -3.6931511694480665E-017  -4.2660184726714260E-017   2.1096897476454534E-017   2.4792097279509217E-017   3.3395314751591075E-017   1.8510134643960663E-017   1.4562547426751227E-017  -3.9280826083259734E-017  -6.3527827159154505E-017   5.8861352691053421E-018   3.1879170638656979E-009  -1.7029178479931835E-011   4.1567528680295129E-010  -2.2009670605531818E-009  -2.0378834614438960E-009   3.0356613496185966E-012   9.7149237819422536E-019  -2.2130389528494674E-018  -1.8179255318000539E-018  -5.5882549192314857E-019  -2.0064324985876334E-018  -7.4455474494116618E-019  -4.0192240850221680E-019   5.6969711571723341E-018   2.7522872422567941E-018  -2.8916884393647747E-018  -8.6309802063938159E-012   1.5073225489022871E-010   3.1958689551416229E-010   6.3720297108249800E-010   3.0332512375764738E-017   2.4307711120293564E-017   1.0270254218966755E-017  -5.0651614147372059E-017  -4.1936787832987053E-017   2.0319499266179920E-017   1.1996066585523043E-011  -4.1070819838022283E-011   4.4690472185315771E-013
  -4.4432127598079432E-010   1.7833980367034324E-009  -2.3970325592774740E-010  -1.4388218021155384E-011   9.3395774151767681E-017   8.4984116151016742E-017   2.4242927101804253E-017  -1.8367377928376483E-016  -9.7305224941750061E-017   9.0277783099431701E-017  -6.6335591726474087E-010   2.6625500736833970E-009  -3.5813840830827758E-010  -1.0441650887619650E-009   1.1463305210341851E-017  -1.6881705850796431E-017  -7.4528146749388659E-018  -1.6658837278936897E-017  -1.1430291838830442E-017   1.2794219781850412E-018   1.6410103895706163E-017   2.9812803162348698E-017  -5.1352059270637808E-018  -1.6666360453669713E-017  -1.7530251626813656E-017  -1.9141288765080978E-017  -1.4665562725540769E-018   4.4875127716868985E-017   5.8864045335427091E-018  -2.7345213714119129E-017  -1.8830418342699384E-009   1.0065275562982503E-011  -4.4776270745122977E-010   1.7972111123926938E-009  -2.4162155097867607E-010  -1.7901275279457753E-012  -9.4166795639331567E-019   1.2537463754260583E-018  -2.7542676447509960E-019   2.1527757992039703E-018  -5.6045162489216925E-020  -8.8940170664792841E-019  -3.5952829527303455E-018  -9.2700272713623288E-020   3.5698214085462355E-018   2.7433848703888267E-019   4.9180078899715639E-011  -1.9740159623654789E-010   1.2629596545577265E-010  -3.7638341745913999E-010  -1.7608015933149790E-017  -1.5513227171709242E-017  -5.0624200553030633E-018   3.2969008359311524E-017   2.0319325578293655E-017  -1.5361221949109107E-017  -4.3983373289388560E-012   1.7652864246195598E-011   1.8946693676054770E-011
   5.9801137497496701E-002   2.1307411474754088E-009   8.0711832931440014E-010  -1.3835372893742298E-008   1.2094240627790170E-010  -2.4880802224254959E-009  -9.4247728937160098E-010   5.4241394939658540E-010   6.1575246850366978E-010  -6.6335591726474087E-010   8.9276540115841629E-002  -4.0037853885921843E-009  -1.5166208524020284E-009   1.8902167970132728E-009   1.4063321517319765E-010   2.0464289304021645E-010   7.7518127887156550E-011  -2.2895126246936863E-010  -1.3747061301157857E-010   4.0244720034251771E-011  -1.4465546029096661E-010  -9.6499623715669142E-011  -1.0568181292671814E-011   1.4147913054397350E-011  -2.5461584034533676E-010   1.6663866899385026E-009   6.3122168645452036E-010  -1.0051078712161072E-010  -2.3268109106428246E-010   3.5512662578691108E-010  -1.0015591125318808E-008  -6.0855533049992800E-010   6.0263290517417238E-002  -2.1595040736546171E-009  -8.1801286768903564E-010  -7.2268981914112280E-011   1.0003013927392471E-010   1.4617511152429412E-010   5.5370627575714513E-011  -1.6284823354147617E-010  -9.7790422184077869E-011   2.8645626168512318E-011  -1.0346645933376071E-010  -6.9286812340728951E-011  -7.3603773919142860E-012   1.0372338952997539E-011  -4.9886381763245254E-003  -2.7119744067824274E-012  -1.0278715924556163E-012  -1.4724844583008357E-009   4.6868359791690478E-011   3.1292366918486298E-010   1.1853434857198731E-010  -1.6217706195896261E-010  -1.4170402546092626E-010   1.1530855252002255E-010   9.4040736539191636E-004  -9.3394936890056943E-011  -3.5377865492192698E-011
   2.1307417134733053E-009   5.9801129476070046E-002  -3.2395769272216797E-009   5.5531821764457045E-008   3.1225781478947885E-009   2.1445348858760649E-009   6.1575245820146385E-010  -5.7851280735827708E-009  -3.2605475394564667E-009   2.6625500736833970E-009  -4.0037853885921843E-009   8.9276555188534570E-002   6.0873491301981769E-009  -7.5868677448988338E-009   5.4650288390648101E-011   1.8239887934261065E-011  -1.9222185222788074E-011  -6.2752562526726250E-011  -8.2708199163936307E-011  -1.0567880351280784E-011  -7.3258685428725137E-011   9.5408796684049105E-011   8.0031613007552315E-011  -5.6787136513663198E-011  -1.5992278181394254E-009  -9.9130363089947156E-010  -2.3268110205125986E-010   3.0246200948780562E-009   1.5071761578812333E-009  -1.4253919142709717E-009   4.0200151486859147E-008   2.4426038927860965E-009  -2.1595029964595631E-009   6.0263298647113606E-002   3.2833047562404233E-009   2.9006038230350405E-010   3.9820392012170365E-011   1.1736564218057093E-011  -1.4180093520414301E-011  -4.6064146462337497E-011  -5.9721064383266533E-011  -7.3603165603921894E-012  -5.0751986082138403E-011   7.0035873325131728E-011   5.6353953487018159E-011  -4.1632597810782238E-011  -2.7091063975444601E-012  -4.9886381661371250E-003   4.1165400354482182E-012   5.9101958527263369E-009  -5.6868743664971172E-010  -4.2883196090936406E-010  -1.4170402311432472E-010   1.0315084902280880E-009   6.5199527317290368E-010  -4.6282054042046639E-010  -9.3394264602530164E-011   9.4040771698231497E-004   1.4199603327583527E-010
   8.0711786285100659E-010  -3.2395746006239796E-009   5.9801136801169608E-002   2.1035276397315145E-008   1.1828226705813812E-009   6.1575243718645411E-010   7.5223174879912818E-010  -8.2468503158646734E-010  -3.0192750790241588E-009  -3.5813840830827758E-010  -1.5166208524020284E-009   6.0873491301981769E-009   8.9276541424026273E-002  -2.8738741676174683E-009   2.0701178084160530E-011  -1.9221714545843426E-011   6.1719813052022665E-011  -9.6499715761510343E-011   6.3616114468891765E-011   6.8725994733509109E-011   2.1993381312374496E-010  -1.4568440230537384E-010  -2.7584914051122650E-010   6.2631359842355251E-011  -6.0578265896440742E-010  -2.3268108575464537E-010  -4.6517888682028222E-010   1.5281619313020962E-010   1.8671151492037425E-009   4.5296533555952843E-010   1.5227700246842764E-008   9.2525419685538809E-010  -8.1801297199362444E-010   3.2833068285627820E-009   6.0263291223052774E-002   1.0986797131822344E-010   1.5083678786683270E-011  -1.4180044924448174E-011   4.3803001445811835E-011  -6.9286816195218396E-011   4.5050566886706771E-011   4.9049660323129265E-011   1.5731022621139364E-010  -1.0307338525744855E-010  -1.9687365480462186E-010   4.4189994929072166E-011  -1.0268954279789769E-012   4.1064049921285994E-012  -4.9886381754529457E-003   2.2387653725110535E-009  -2.1541697033061756E-010  -1.4170403410870544E-010  -1.0841918571645478E-010   2.4657372487398773E-010   4.3516833120858745E-010  -3.1156764188139560E-011  -3.5377654491804286E-011   1.4199391466150695E-010   9.4040739590656001E-004
   8.4893233086352176E-009  -3.4074079342555721E-008  -1.2907153600992837E-008   3.3320363571799744E-003  -1.3731975349915382E-009  -1.1626761144837315E-009  -4.4041813320565322E-010   2.4174153365453294E-009   1.7677311846308610E-009  -1.0441650887619650E-009   1.8902167970132728E-009  -7.5868677448988338E-009  -2.8738741676174683E-009  0.24258005842751612       -2.5462538092465164E-009   3.7124722143989393E-009   1.4062726345966833E-009   3.9204977288266864E-009   2.2596389995472621E-009  -5.0433997012188114E-010  -4.2759385720717719E-009  -5.9607179502787051E-009   2.0242992158033554E-009   3.3946805233747827E-009  -6.0036249670524027E-009  -5.0831690717935845E-009  -1.9254880601808095E-009   1.0568794458548076E-008   7.7284409459335244E-009  -4.5650862502309662E-009  0.43738095902132834        1.1427837843169796E-002   7.8542133073667520E-009  -3.1524906455634066E-008  -1.1941528703107963E-008  -1.7613357421699844E-004   3.0812238532718978E-010  -4.4924729663083861E-010  -1.7017284540969927E-010  -4.7442006799663143E-010  -2.7343914107803242E-010   6.1030261105728465E-011   5.1743036432357059E-010   7.2130630302342695E-010  -2.4495828863474572E-010  -4.1079142312808037E-010  -1.2917278227117415E-010   5.1846956687940356E-010   1.9639032680025550E-010   8.7920974894578174E-002   2.7261651872754914E-010   2.3080179415391606E-010   8.7426832088660471E-011  -4.7985729368244282E-010  -3.5091069749609021E-010   2.0729886839270755E-010   3.9805023718124725E-010  -1.5976744427097374E-009  -6.0519478648882364E-010
   9.4087730818052665E-011   3.6670989481209875E-011   1.3890730652752387E-011  -3.5026238077628852E-011   1.6794966872952616E-017   9.7361649467556583E-018   3.6880279526276247E-018  -2.8258823857978780E-017  -2.0284962533295976E-017   1.1463305210341851E-017   1.4063321517319765E-010   5.4650288390648101E-011   2.0701178084160530E-011  -2.5462538092465164E-009   2.6992265436948805E-017  -3.8642225563952240E-017  -1.4637548219456559E-017  -4.1581917615652878E-017  -2.3975966027148781E-017   5.3679527199142408E-018   4.4665627208734138E-017   6.2447480850054196E-017  -2.1282989112717830E-017  -3.5635381995853260E-017   6.1499033420072808E-017   5.5348090358349225E-017   2.0965678361495406E-017  -1.0921879280245858E-016  -8.0143598425434175E-017   4.7718890894830456E-017  -4.5913967167594124E-009  -5.6196299422686184E-011   9.4853935841383721E-011   3.6932577591944350E-011   1.3989820064340726E-011  -4.6172788214433403E-012  -3.0521290813865437E-018   4.9483608828952129E-018   1.8744177985226637E-018   4.6843343046157313E-018   2.6931794698638502E-018  -5.8946806523893499E-019  -5.5886478603395200E-018  -7.6627718671519135E-018   2.5495939649318835E-018   4.3143956326248098E-018  -7.0758708606859247E-011   3.2016394000584748E-011   1.2125107230032408E-011  -9.2064175959971264E-010  -3.1817284658481677E-018  -2.2738564215330087E-018  -8.6132759819800652E-019   5.4780968100902736E-018   3.9704997771766776E-018  -2.2969739702504423E-018  -1.1964189751653994E-011   8.0722766963999744E-012   3.0571927653173564E-012
   1.3698377035195811E-010   1.2062196464981220E-011  -1.2917806446892532E-011   5.1068725786697591E-011  -2.0354551006210978E-017  -2.3201969413298469E-017  -8.9410200622501002E-018   3.7237063951957538E-017   2.8452417803665197E-017  -1.6881705850796431E-017   2.0464289304021645E-010   1.8239887934261065E-011  -1.9221714545843426E-011   3.7124722143989393E-009  -3.8642225563952240E-017   5.7304406735265811E-017   2.1686388532680087E-017   5.9487652340934516E-017   3.4238469366021858E-017  -7.6437324776305678E-018  -6.5845333031158218E-017  -9.1407860677240877E-017   3.1036337810906742E-017   5.1967266297474052E-017  -9.2687516159724804E-017  -7.4114298765312875E-017  -2.7963007703264591E-017   1.6214070330006256E-016   1.1767160088357754E-016  -6.9451920027783347E-017   6.6943180173739484E-009   8.1933574598048213E-011   1.3807478897739185E-010   1.2208569505456077E-011  -1.3003201820653720E-011   6.7282019320217188E-012   4.9483743981607503E-018  -6.5412755294525352E-018  -2.4920208381072534E-018  -7.6261967162285287E-018  -4.4291364427021017E-018   9.8725623060543722E-019   7.6434819402564087E-018   1.0921766550486852E-017  -3.7135262915366484E-018  -6.2831774387967736E-018  -6.3585024650800031E-011  -8.6526649371586212E-011  -2.2141280561652401E-011   1.3423079925032045E-009   4.2520126704746823E-018   4.1586573688146879E-018   1.5895340865591638E-018  -7.6158757139860441E-018  -5.6838472022883376E-018   3.3647460544572817E-018  -8.9919106211256409E-012  -1.8085946068309410E-011  -5.1649954710724379E-012
   5.1889051019291457E-011  -1.2918118246331305E-011   4.1282512397832362E-011   1.9344672422759419E-011  -7.7100313659337723E-018  -8.9409132530636815E-018  -2.9849319748344496E-018   1.5163151118966305E-017   9.3959493406336473E-018  -7.4528146749388659E-018   7.7518127887156550E-011  -1.9222185222788074E-011   6.1719813052022665E-011   1.4062726345966833E-009  -1.4637548219456559E-017   2.1686388532680087E-017   8.2684412820393917E-018   2.2477119035317494E-017   1.3043319591427595E-017  -2.8388126385360532E-018  -2.4749219307304201E-017  -3.4766525591180565E-017   1.1518164068308398E-017   1.9750523760592542E-017  -3.5109841816965034E-017  -2.7963047455175212E-017  -1.0886078723616963E-017   6.0644977212464737E-017   4.5583644226218925E-017  -2.5534656512491484E-017   2.5357863301829988E-009   3.1033872033508810E-011   5.2302325530006866E-011  -1.3003517219972515E-011   4.1622063468549100E-011   2.5500599907218092E-012   1.8744309635185290E-018  -2.4920313007475611E-018  -9.0643357747609050E-019  -2.9283521898943938E-018  -1.6260892412749590E-018   4.1353905584991870E-019   3.0300796474305941E-018   4.0382032308511628E-018  -1.5732453362220641E-018  -2.3342802862377166E-018  -2.4085581222271808E-011  -2.2139336600995482E-011  -3.6462163044139467E-011   5.0846190488743646E-010   1.6106095977183267E-018   1.5895116959584723E-018   5.6447003466148619E-019  -2.9838959500891611E-018  -2.0236095248199828E-018   1.3736206358215732E-018  -3.4060581437816539E-012  -5.1645905103358029E-012  -6.4067979160527485E-012
  -1.5317726265346458E-010  -4.2146371569106766E-011  -6.4635626992529097E-011   5.3930322115345147E-011  -2.5984433728389281E-017  -1.4575929185408344E-017  -5.9448877731691784E-018   4.2644121105437065E-017   3.2554076800807157E-017  -1.6658837278936897E-017  -2.2895126246936863E-010  -6.2752562526726250E-011  -9.6499715761510343E-011   3.9204977288266864E-009  -4.1581917615652878E-017   5.9487652340934516E-017   2.2477119035317494E-017   6.4111454061836598E-017   3.6869002737264144E-017  -8.3233907212446898E-018  -6.8929957346311210E-017  -9.6008393667460139E-017   3.2991565933976185E-017   5.4806883329551131E-017  -9.4599360643310044E-017  -8.5523424870630072E-017  -3.2086357600545398E-017   1.6879871014337489E-016   1.2243226744851606E-016  -7.4198011284623528E-017   7.0694289568092347E-009   8.6525355931751013E-011  -1.5442391993259309E-010  -4.2433839440822451E-011  -6.5136519129648277E-011   7.1080800639652178E-012   4.6842998551731025E-018  -7.6262142221563885E-018  -2.9283419205604962E-018  -7.1515227222515882E-018  -4.1796306781991751E-018   8.6686669688535791E-019   8.4946421779480188E-018   1.1898246298466871E-017  -3.7705393101257023E-018  -6.6857977207798373E-018   1.1399949778998403E-010  -5.7998091868159033E-011   7.6340771541088065E-012   1.4175232059574822E-009   4.9106311051806327E-018   3.4622086503150270E-018   1.3511336077315540E-018  -8.3535312268336774E-018  -6.2371031735906863E-018   3.4438327959539206E-018   1.9222103507243319E-011  -1.3808253712634792E-011  -5.3729226933325959E-013
  -9.1974076425500654E-011  -5.5436337351818458E-011   4.2538966965236004E-011   3.1083570421125537E-011  -1.5032148450794888E-017  -8.5432956194042096E-018  -2.6832148447010097E-018   2.6462929102470792E-017   1.6387931288809371E-017  -1.1430291838830442E-017  -1.3747061301157857E-010  -8.2708199163936307E-011   6.3616114468891765E-011   2.2596389995472621E-009  -2.3975966027148781E-017   3.4238469366021858E-017   1.3043319591427595E-017   3.6869002737264144E-017   2.1387548241010832E-017  -4.7018292085808758E-018  -3.9385567488811167E-017  -5.5575950482988826E-017   1.8602810642386771E-017   3.1701961860877307E-017  -5.4483139050950425E-017  -4.9188766457384424E-017  -1.9036770173743878E-017   9.5912247933854668E-017   7.2301979498366986E-017  -4.1428339488205040E-017   4.0745738283120067E-009   4.9867485698644837E-011  -9.2722310273176326E-011  -5.5852865984381621E-011   4.2892930026378659E-011   4.0957281226149395E-012   2.6931640100989545E-018  -4.4291446961778962E-018  -1.6260908528798657E-018  -4.1796389480213209E-018  -2.3128595754106944E-018   5.6637492105520039E-019   5.1359581663399600E-018   6.6899412866214982E-018  -2.4614638082209049E-018  -3.7743704736771994E-018   6.7948694310708985E-011  -1.4485827621617259E-011  -4.4131979573022990E-011   8.1701114817044524E-010   2.8355281818283525E-018   2.0088176190906269E-018   7.0915462062583480E-019  -4.9911350205484709E-018  -3.3724529447031322E-018   2.1561440567930665E-018   1.1434610762518731E-011  -4.9556357344446004E-012  -8.0036732404552669E-012
   2.6927061327733616E-011  -7.0525025884981089E-012   4.5999139734111591E-011  -6.9376947416072046E-012   3.4516039910841960E-018   1.5142689274054687E-018   9.9717056349894770E-019  -4.7311357841656237E-018  -5.3391497032591158E-018   1.2794219781850412E-018   4.0244720034251771E-011  -1.0567880351280784E-011   6.8725994733509109E-011  -5.0433997012188114E-010   5.3679527199142408E-018  -7.6437324776305678E-018  -2.8388126385360532E-018  -8.3233907212446898E-018  -4.7018292085808758E-018   1.1215142925361114E-018   9.0047774977869657E-018   1.2226342158865101E-017  -4.4374371996315670E-018  -6.9970092315764551E-018   1.2089824244820098E-017   1.1265655862026088E-017   3.9577554683237949E-018  -2.2266283579627143E-017  -1.4908276866177953E-017   1.0176286317526912E-017  -9.0942421887092838E-010  -1.1130852314956323E-011   2.7145601273264248E-011  -7.1159922951425567E-012   4.6367088043778550E-011  -9.1344402259706162E-013  -5.8946934351306085E-019   9.8724785303528876E-019   4.1352979196778594E-019   8.6687838056541075E-019   5.6638060365055393E-019  -7.6021199507419013E-020  -9.9665429781709560E-019  -1.6175381366760061E-018   3.4990343176189575E-019   8.9742549416333527E-019  -1.9058321964202138E-011   1.5049279826703497E-011  -2.3900749545523448E-011  -1.8235277111733541E-010  -6.4191690128241780E-019  -4.1160456940050201E-019  -1.9557664004298128E-019   1.0039557809264229E-018   9.1016855622439658E-019  -3.6215902145659881E-019  -3.1692749358601713E-012   2.9793876995092583E-012  -3.5641810790996316E-012
  -9.6845372160574831E-011  -4.8859130352033498E-011   1.4724347430797902E-010  -5.8819762689770883E-011   2.4361965726322346E-017   2.4290679122583872E-017   1.0643733093722117E-017  -4.0773000468789428E-017  -3.6931511694480665E-017   1.6410103895706163E-017  -1.4465546029096661E-010  -7.3258685428725137E-011   2.1993381312374496E-010  -4.2759385720717719E-009   4.4665627208734138E-017  -6.5845333031158218E-017  -2.4749219307304201E-017  -6.8929957346311210E-017  -3.9385567488811167E-017   9.0047774977869657E-018   7.6224444278033782E-017   1.0480103472897584E-016  -3.6420433265226982E-017  -5.9666935960894854E-017   1.0608410641862099E-016   8.7141480989775336E-017   3.1954416330063731E-017  -1.8829641137843881E-016  -1.3248975004582526E-016   8.2210842616787768E-017  -7.7103587509105656E-009  -9.4369114062708949E-011  -9.7611250458674904E-011  -4.9309347743903229E-011   1.4840791251224115E-010  -7.7494694622828629E-012  -5.5886804134850934E-018   7.6435089934963376E-018   3.0300666180909895E-018   8.4946653066610380E-018   5.1359761518154381E-018  -9.9666313568117141E-019  -8.5342445697742227E-018  -1.2915247742437306E-017   3.8063751062509233E-018   7.3680230465536749E-018   3.6177988096246600E-011   1.2093734957863560E-010  -5.5002762046790637E-011  -1.5460389146038955E-009  -4.9833104281930099E-018  -4.5620178803499873E-018  -1.8631473060916548E-018   8.5736274391771494E-018   6.9360864724087987E-018  -3.5913346034503451E-018   4.4817967586136727E-012   2.4204850721409935E-011  -6.8136504449266493E-012
  -6.4635568024622863E-011   6.4079213513958054E-011  -9.7405008508527095E-011  -8.1995570566981803E-011   3.5022121359611816E-017   3.2554194956925769E-017   1.1272489717893068E-017  -6.4836217201398854E-017  -4.2660184726714260E-017   2.9812803162348698E-017  -9.6499623715669142E-011   9.5408796684049105E-011  -1.4568440230537384E-010  -5.9607179502787051E-009   6.2447480850054196E-017  -9.1407860677240877E-017  -3.4766525591180565E-017  -9.6008393667460139E-017  -5.5575950482988826E-017   1.2226342158865101E-017   1.0480103472897584E-016   1.4693549934131971E-016  -4.9197445154202512E-017  -8.3605830951660894E-017   1.4710706999080252E-016   1.2243222972753160E-016   4.7151041336036477E-017  -2.5664123663064086E-016  -1.9114239125895488E-016   1.0953213555330726E-016  -1.0748347548934938E-008  -1.3154945434397226E-010  -6.5136458786193908E-011   6.4516277385376717E-011  -9.8219463538060714E-011  -1.0801497450611328E-011  -7.6627880024174938E-018   1.0921795350090380E-017   4.0382155361067036E-018   1.1898252888903883E-017   6.6899537562190640E-018  -1.6175392702988361E-018  -1.2915206007808969E-017  -1.7415869397934913E-017   6.4057642970777809E-018   9.9711164037550696E-018   7.6325906619997571E-012   8.8182368693124940E-011   1.0741775809152764E-010  -2.1551997070736975E-009  -7.0462119200843095E-018  -6.2371327414580765E-018  -2.2634469706887630E-018   1.2700745438209349E-017   8.8429027418684133E-018  -5.6559507488185949E-018  -5.3760795263246776E-013   2.0994506906603154E-011   1.9686890913394274E-011
  -7.0527071926142268E-012   5.3478970503241407E-011  -1.8462916074238973E-010   2.7846237456340789E-011  -1.2330964412162191E-017  -9.3877185464221816E-018  -5.3391266948910700E-018   1.7466612105752203E-017   2.1096897476454534E-017  -5.1352059270637808E-018  -1.0568181292671814E-011   8.0031613007552315E-011  -2.7584914051122650E-010   2.0242992158033554E-009  -2.1282989112717830E-017   3.1036337810906742E-017   1.1518164068308398E-017   3.2991565933976185E-017   1.8602810642386771E-017  -4.4374371996315670E-018  -3.6420433265226982E-017  -4.9197445154202512E-017   1.7826764197243869E-017   2.8084308191795632E-017  -4.9638921110995271E-017  -4.2798070262633442E-017  -1.4908297204479100E-017   9.0484822303294205E-017   6.0081751005923909E-017  -4.0845206366704280E-017   3.6502098710094015E-009   4.4675536225941143E-011  -7.1161974465899383E-012   5.3936534736329782E-011  -1.8610601632763876E-010   3.6691953242028825E-012   2.5496164799872293E-018  -3.7135666212731972E-018  -1.5732358770573237E-018  -3.7705793161502450E-018  -2.4614842024838311E-018   3.4990863722208238E-019   3.8064146718936016E-018   6.4058364532112061E-018  -1.3932711381024011E-018  -3.6020509525119143E-018   1.5047632120845800E-011  -7.5705016169594161E-011   9.5935151705752805E-011   7.3192008171908908E-010   2.4338810138482269E-018   1.9619937237593917E-018   9.1016098961860835E-019  -3.8869995158435584E-018  -3.6219831549556667E-018   1.4536007339225053E-018   2.9790287215525581E-012  -1.4383736705664334E-011   1.4306479832846535E-011
   9.5006534435029699E-012  -3.8133878466276326E-011   4.1863320081918716E-011   4.6697187998273276E-011  -2.0356616311087175E-017  -1.7599980408532062E-017  -6.1767794469721307E-018   3.7023712878381354E-017   2.4792097279509217E-017  -1.6666360453669713E-017   1.4147913054397350E-011  -5.6787136513663198E-011   6.2631359842355251E-011   3.3946805233747827E-009  -3.5635381995853260E-017   5.1967266297474052E-017   1.9750523760592542E-017   5.4806883329551131E-017   3.1701961860877307E-017  -6.9970092315764551E-018  -5.9666935960894854E-017  -8.3605830951660894E-017   2.8084308191795632E-017   4.7594933183141292E-017  -8.3478045205820426E-017  -7.0413231217291908E-017  -2.7030532328738157E-017   1.4608692081562408E-016   1.0849397909073147E-016  -6.2607718667056884E-017   6.1212770656214950E-009   7.4918942736413213E-011   9.5659584813037816E-012  -3.8396003479929756E-011   4.2217530489833185E-011   6.1555103210241031E-012   4.3143907164245340E-018  -6.2831776821995255E-018  -2.3342665863342380E-018  -6.6858006687606152E-018  -3.7743535095657174E-018   8.9743469013406343E-019   7.3680178072092881E-018   9.9710586143181882E-018  -3.6020512794083461E-018  -5.6921323647536445E-018   1.2263265274683339E-011  -4.9218337656267400E-011  -5.2873700079314172E-011   1.2274049179391055E-009   4.0513403251633467E-018   3.4640565433729584E-018   1.2662818177716428E-018  -7.2423816451491122E-018  -5.0825560564547977E-018   3.1918485005208821E-018   2.9394189122855245E-012  -1.1797399352723066E-011  -9.8944402799435247E-012
  -1.7022742638276156E-010  -1.0706262108723429E-009  -4.0554996468784283E-010  -8.2487155997702716E-011  -3.0335664844070538E-017  -6.6951858735553424E-018  -2.5361123316427300E-018   4.7864612956062501E-017   3.3395314751591075E-017  -1.7530251626813656E-017  -2.5461584034533676E-010  -1.5992278181394254E-009  -6.0578265896440742E-010  -6.0036249670524027E-009   6.1499033420072808E-017  -9.2687516159724804E-017  -3.5109841816965034E-017  -9.4599360643310044E-017  -5.4483139050950425E-017   1.2089824244820098E-017   1.0608410641862099E-016   1.4710706999080252E-016  -4.9638921110995271E-017  -8.3478045205820426E-017   1.8216996863433447E-016   1.4034667049789302E-016   5.3162869655557769E-017  -3.1664101521602248E-016  -2.3036901790552870E-016   1.3446898821820786E-016  -1.0824930071780987E-008  -2.5784805080896019E-010  -1.7165414181457823E-010  -1.0791066085058080E-009  -4.0876231524454480E-010  -1.1659176653757728E-011  -8.7233960224090205E-018   1.0612866992946241E-017   4.0200855617576554E-018   1.3495217424857405E-017   7.8065163866526869E-018  -1.7915536023901848E-018  -1.2691611843573805E-017  -1.8232821477425779E-017   6.4147056904148554E-018   1.0593490049201018E-017   1.9335030454972413E-010   4.2101413803831989E-010   1.5948150186340868E-010  -2.1750751087274544E-009   4.5545116031237984E-018   2.1102925980767853E-018   7.9937559308638895E-019  -7.5098790572208237E-018  -5.3435720045603783E-018   2.9539216427949677E-018   3.5607209938166012E-011   5.4048154877836802E-011   2.0473837630327831E-011
   1.1151209797203716E-009  -6.6376966700564977E-010  -1.5586991469366354E-010  -6.9840463731177246E-011  -6.6954926569968364E-018  -4.7559581099813053E-017  -1.7183421577516365E-017   2.5835687879987776E-017   1.8510134643960663E-017  -1.9141288765080978E-017   1.6663866899385026E-009  -9.9130363089947156E-010  -2.3268108575464537E-010  -5.0831690717935845E-009   5.5348090358349225E-017  -7.4114298765312875E-017  -2.7963047455175212E-017  -8.5523424870630072E-017  -4.9188766457384424E-017   1.1265655862026088E-017   8.7141480989775336E-017   1.2243222972753160E-016  -4.2798070262633442E-017  -7.0413231217291908E-017   1.4034667049789302E-016   1.4947910135344501E-016   5.6013456063075665E-017  -2.5734629137816732E-016  -1.8790490484324292E-016   1.1699787866595803E-016  -9.1652873717875431E-009  -2.1836027141007711E-010   1.1241132712810340E-009  -6.6898384825635764E-010  -1.5707093540480853E-010  -9.8809808113685214E-012  -5.1008532131949430E-018   1.2026809420878375E-017   4.6332486160106161E-018   7.6427869795852020E-018   4.4774658312026049E-018  -7.9923762959066508E-019  -1.2612594831774815E-017  -1.6915826378874273E-017   4.8947566225280305E-018   9.1548756744374725E-018  -6.9577425405476189E-010   1.9080863502257891E-010   7.0511330428219324E-012  -1.8416013409365485E-009   2.1098367606182645E-018   5.6392849001499218E-018   2.0596277062882136E-018  -5.0074157769041887E-018  -3.6262231376456596E-018   2.8963542721914675E-018  -1.1127119256944550E-010   1.8504512047551671E-011  -3.7229961068122406E-012
