   2.9753989996459555E-002  -1.9130188840539263E-017  -3.2550629130035508E-017   1.2271539583741176E-017  -9.7071630577268702E-018   5.5849249583463088E-018  -1.6750297676715917E-018  -8.9252308438583432E-018  -3.5089508912163758E-018  -5.6788546655652391E-018   4.0999031372875444E-002   3.9058897435416144E-017   1.0031975882964676E-017   1.1856127522409703E-016  -3.6391782055247640E-017  -8.7677291450537923E-018   1.8113329395792615E-018  -7.7160225956101921E-017  -2.5831679655345100E-018  -9.3904065977350359E-017  -2.5878545894168122E-018   9.0331482394099661E-018  -1.8298464449678654E-018   1.0867779796487654E-017   4.3363071604504811E-018   1.7877874033392857E-018   1.3694000280241284E-018   3.6586276925420940E-018   2.4099852357775930E-018   1.9876201095697148E-018   3.5688230779546255E-002  -1.4409980781926710E-017  -4.7110278460390188E-017   1.8314218085691015E-016   6.3977779739384675E-017  -2.6903247652072647E-016   6.6756186565133088E-018   7.2980864262120241E-018  -5.3592957382167886E-017   4.6882824940932821E-019  -5.9907172781027679E-017   8.7530456898602505E-018   5.6384357979656819E-018   3.4634633185243374E-018   1.2031637959012237E-017   5.2800505174105729E-017   4.3488377340735154E-018  -5.9526922338164242E-019  -7.7056736542846705E-019   5.7979418977232531E-018  -1.3745760370232592E-020   5.1601365001502663E-018   2.3749254889001238E-002   8.1432058638745490E-018   1.3769649934881731E-017
  -1.9130188840539263E-017   2.9753989996463011E-002  -5.7714306412161717E-017  -4.0674403015156665E-017   1.6861580877571106E-017   4.8217087532921325E-018   1.1327047113164322E-017   1.7947036989135894E-017  -9.7751459006380020E-018   2.3650255289036207E-017  -2.7278492516182261E-017   4.0999031372873952E-002  -5.0075090637916680E-017  -1.0961568210135638E-016  -3.1749382279292605E-018   8.2303080517418112E-016  -4.2163695778553941E-019  -3.2646455383216927E-018   6.9715229629025081E-020   9.9003271673152517E-019   2.1018014663479918E-015  -5.2337646271776956E-018   9.0592691964815430E-016   3.9556608049544711E-018   4.2540574076155846E-017  -2.2510966800945878E-018  -1.5088368663455882E-018   4.1747490658964920E-017   2.5200722123218702E-018   3.8446372455666875E-017  -4.7818121424957022E-017   3.5688230779545735E-002  -3.4110171345462426E-017   1.4448116982982812E-017   1.7904864237459438E-016   5.3408585403569985E-018   5.4458880411137763E-016   8.6504288652875077E-019   2.5144896018610906E-018   1.4991733471982245E-019   1.8363808320928312E-018   1.1706394719787928E-015  -2.2137111302618730E-018   5.4707534598336635E-016  -3.8979910194238148E-018   3.8689843813654774E-017   4.3133412914467068E-018   2.9675073999938213E-019   1.3707197371035524E-019   4.7002176281313663E-018  -1.0518110920142593E-018   5.7638142026643941E-018  -1.9311762677543457E-017   2.3749254889003146E-002  -3.1115789692459699E-017
  -3.2550629130035508E-017  -5.7714306412161717E-017   2.9753989996464010E-002   1.6893404586498601E-016  -1.0218257380111269E-016   4.4363214953081137E-018  -8.9473510236186537E-019  -7.9249753750044769E-017   3.4356018435021527E-019  -1.0623672787537340E-016  -5.1709102675348299E-017   7.8475381614769777E-017   4.0999031372874917E-002   4.7338329200619488E-016  -1.4948354567234989E-017  -3.1362722969809677E-017   7.8237587191431117E-016  -4.6737040939754986E-018  -1.7751726513168011E-019  -6.4790158167275180E-018  -6.7808876287531085E-017   8.4924394853689943E-016  -2.9370725000732392E-017   2.0462252403699290E-015  -1.4194033449650051E-016  -3.6076308497200464E-018   7.3376594415089945E-019  -1.5612463158629884E-016   2.3629091412063788E-018  -1.4251024089745190E-016   1.0988840769044367E-017   1.0928754704692782E-016   3.5688230779544604E-002   1.1637961528340464E-016  -7.7131462330494288E-016  -2.2883293443732516E-017  -2.7870275778295097E-017   8.0342052522093583E-016  -1.0605011949040848E-017   5.6659524331597706E-019  -1.0790164276096412E-017  -6.5622042215520878E-017   8.2088689578516142E-016  -2.7346601527157677E-017   1.7064584173889972E-015  -1.0980737805143889E-016  -4.1009112342527173E-017   2.3866748468229927E-018   5.1542388256507137E-019  -3.6577130703405181E-017  -1.4512403463935063E-018  -4.0578396111077339E-017  -3.4180602864868326E-017  -3.3597287327433671E-017   2.3749254889003528E-002
   1.2271539583741176E-017  -4.0674403015156665E-017   1.6893404586498601E-016   1.6146224639017736E-005  -1.3451057437559395E-017  -1.7882725144394975E-018  -1.3186781881134704E-018  -2.6960434062773322E-018  -2.1863211371836435E-018  -1.0748382645493555E-017   1.9503022856946720E-017  -6.1910026487313716E-017   2.3632243714023004E-016   1.9210936960424568E-003  -1.4724415883020671E-018   1.6135409528098851E-018   7.6131558873162388E-019  -1.3318807348995486E-018   4.9428189023661884E-019  -3.5956693398717105E-019   2.5633393171583571E-018   1.2749146511730278E-018   2.9760707083514425E-018   4.3531821135037457E-019  -1.5395492733800474E-016   1.8875296189554043E-018   1.4793155175645649E-018  -1.4863420168570202E-016   2.6377211290156754E-018  -1.2861639978563614E-016   1.0482075089802424E-017  -5.5103647490025477E-017   1.9406588208888272E-016   3.2685914471889486E-003  -1.7028121932604176E-003  -3.7601255035900291E-019   1.9777302570947590E-018  -1.1981153298290192E-019   5.5477378382315928E-019   4.9203055188216927E-019  -1.1671823984496608E-018   3.7631460736125071E-018   3.4279994105596386E-019   1.7118386307396068E-018   1.6467419861565675E-018   6.9464679569453147E-004  -1.1434788918792951E-016  -2.2832378245303888E-018  -4.5469240854083442E-019  -1.1706816790265182E-016  -1.3288192145158972E-018  -1.2529327251386543E-016   9.3850218182092483E-018  -3.1312687898483066E-017   1.3260004769864370E-016
  -9.7071630577268702E-018   1.6861580877571106E-017  -1.0218257380111269E-016  -1.3451057437559395E-017   6.2423816045328257E-029  -1.6586369413976265E-029  -4.7748991513820887E-030   8.1669320630153696E-029  -4.1213574046373550E-030   1.0258144730190372E-028  -1.3375829016294953E-017   2.3234143840143512E-017  -1.4080083207433454E-016  -2.7563542749372330E-015   3.9096574859753164E-030   1.5884948452400008E-030  -3.3201201653285997E-030  -1.7565328135563992E-031  -2.3200722867633227E-030   2.0429532264715584E-030   3.0712741256378022E-030  -6.0278727881425669E-030   1.2652699701094739E-030  -4.1718583134318142E-030   2.0610509264688137E-028   1.0817532785730670E-029   5.4019535743706675E-030   1.8221077778632870E-028   9.6718255365586068E-030   1.4678089526149101E-028  -1.1643193919889216E-017   2.0224514081566620E-017  -1.2256222697846617E-016  -4.6194633847154962E-015  -8.0015752624727234E-015   8.9611203217094612E-031   3.5432028569662672E-030  -2.9938360671196541E-030   2.5631465917853580E-030   2.4124466420616002E-030  -1.6760793637411660E-030   5.1337792106864334E-030  -2.7440597061479178E-031   3.6577649478445706E-030   3.8940858703832758E-031  -1.3637586295114925E-015   8.5200220352589181E-029  -8.2484069266269373E-030  -1.7912330792807513E-030   1.0300944181324533E-028  -4.5439630981842340E-030   1.0778790319450123E-028  -7.7481336027326741E-018   1.3458698552385172E-017  -8.1560825647441453E-017
   5.5849249583463088E-018   4.8217087532921325E-018   4.4363214953081137E-018  -1.7882725144394975E-018  -1.6586369413976265E-029   6.6155147255208481E-030   2.2370634227604724E-030  -2.7819226206243740E-029   2.3486378040768017E-030  -3.1940952739612174E-029   7.6956574096297877E-018   6.6439959303129273E-018   6.1129577642559722E-018   1.9777948694302081E-016  -7.7759674744393238E-031  -8.8832976670823429E-031   3.1959138359400242E-032   6.0225300104357415E-031   6.2305025345106821E-031  -5.7882573866979180E-031  -1.2971125826305015E-030   7.1199509653818258E-031  -1.2991014925031282E-030  -8.8384568969177454E-031  -1.0430316403466321E-029  -4.6063984715364602E-030  -2.5213760134810547E-030  -4.0925924837483639E-030  -4.5091502842323481E-030   3.3507190440748086E-031   6.6988021043164947E-018   5.7833673655177108E-018   5.3211171125490968E-018   3.1155273525495078E-016   3.5343228571587207E-015  -1.5825392168224337E-031  -1.8344655871574665E-030   2.5270283996984684E-031  -1.1275189202750239E-030  -1.0574180228424495E-030   1.0778238524980956E-030  -2.8573738687621113E-030  -9.2120214994768773E-031  -1.7669209716311962E-030  -2.6354719229737122E-030   2.0189347051339088E-016   1.6283505579830071E-029   3.8555215109723803E-030   8.2052444158564379E-031   1.1059919106812118E-029   2.1553838135583053E-030   1.2712019937129357E-029   4.4578157883181102E-018   3.8486263588861329E-018   3.5410151705463716E-018
  -1.6750297676715917E-018   1.1327047113164322E-017  -8.9473510236186537E-019  -1.3186781881134704E-018  -4.7748991513820887E-030   2.2370634227604724E-030   7.9281072713286979E-031  -8.9258143187947794E-030   8.6191259508779926E-031  -9.8976904223688439E-030  -2.3080802945578923E-018   1.5607922164719873E-017  -1.2328858259497738E-018  -2.3164116597554694E-017  -1.8175427365797879E-031  -8.9563561988712498E-032  -8.6177026289813878E-032   2.6526303270068150E-031   1.8075805260846382E-031  -1.6029205582010416E-031   1.5542659379134176E-031   1.0423827508890427E-031  -2.5928132592533160E-031  -4.6864663040085207E-031   3.6463413281445967E-030  -1.5872226525845252E-030  -8.8947943273172846E-031   5.4691514683697386E-030  -1.5887267211289466E-030   5.9967920884540224E-030  -2.0091036166349855E-018   1.3586153368793083E-017  -1.0731842291886267E-018  -4.7540411267156965E-017   1.2289158736580395E-015   7.3938884679808407E-034  -5.0775492069682422E-031   2.4024787944034331E-032  -3.8462238596613472E-031  -3.6692970643412247E-031   4.1279491131579658E-031  -7.1435430035225503E-031  -3.8164605543150053E-031  -4.7247846600790205E-031  -1.0704514304772521E-030   3.4093922175425509E-017   1.0521870951232335E-029   1.3599870240801500E-030   2.8810550011344948E-031   8.9439624012496938E-030   7.6245618316854495E-031   9.8578708603892902E-030  -1.3369873722428964E-018   9.0411043716236641E-018  -7.1416613390713902E-019
  -8.9252308438583432E-018   1.7947036989135894E-017  -7.9249753750044769E-017  -2.6960434062773322E-018   8.1669320630153696E-029  -2.7819226206243740E-029  -8.9258143187947794E-030   1.2382699330094007E-028  -8.8799175088465321E-030   1.4720196587304254E-028  -1.2298378114017560E-017   2.4729830609452537E-017  -1.0920092198315912E-016  -2.1196074044981139E-015   4.3743172773758358E-030   3.9790773696361192E-030  -2.2089498622040389E-030  -1.8052641669616369E-030  -3.0531991441571463E-030   2.7359232988160813E-030   6.9064533327000153E-030  -5.6604965859104570E-030   4.9986490786131538E-030  -5.1383845153529081E-031   1.4646118494812797E-028   1.8957079868204829E-029   1.0079815020665304E-029   1.1524904176417792E-028   1.8036261588388028E-029   8.2759980178785756E-029  -1.0705310385429717E-017   2.1526457391177725E-017  -9.5055604353889269E-017  -3.4970122497608544E-015  -1.4375019343433960E-014   8.5110196218564889E-031   7.5224339849646822E-030  -2.6391736218792837E-030   4.5750070695663907E-030   4.3114658485066095E-030  -3.9684001477216575E-030   1.1738895368283451E-029   2.1625457320888297E-030   7.4004487917965258E-030   7.0440812323192948E-030  -1.3376823890668758E-015   3.3274494852734014E-030  -1.5408491400748696E-029  -3.2998233726145098E-030   2.7981316974547300E-029  -8.5755890809273925E-030   2.6116551480665899E-029  -7.1240052940472760E-018   1.4325095760542452E-017  -6.3256141509920469E-017
  -3.5089508912163758E-018  -9.7751459006380020E-018   3.4356018435021527E-019  -2.1863211371836435E-018  -4.1213574046373550E-030   2.3486378040768017E-030   8.6191259508779926E-031  -8.8799175088465321E-030   9.9282596623197251E-031  -9.4393437132420278E-030  -4.8351023742367108E-018  -1.3469504879927258E-017   4.7340322351281410E-019  -1.2517744002621637E-016  -1.0152380508981041E-031  -7.6323202074611557E-031  -9.4341297539725502E-032   3.4510810502295436E-031   1.5631453880523096E-031  -1.3793723481042926E-031  -1.4796160244370237E-030   7.6383548379145954E-032  -1.0661206570486065E-030  -4.1375196684117511E-031   1.1801403837405197E-029  -1.7003780873272439E-030  -9.7496084064150006E-031   1.3358896567610199E-029  -1.7448381092788418E-030   1.2833596821724760E-029  -4.2087884419754191E-018  -1.1724735500921817E-017   4.1208104013047349E-019  -2.2118227761811164E-016   1.3303588907280001E-015   3.2350649616115020E-032  -1.0068900311561376E-030   6.3187260268352610E-032  -4.1648925249464481E-031  -3.9646152272941638E-031   4.8031161227914559E-031  -1.7578771299064881E-030  -3.6767064205163199E-031  -9.5875566104627477E-031  -1.0939482441283567E-030  -2.4056601177211136E-018   1.6672266975965425E-029   1.4933080754379170E-030   3.1479903977980395E-031   1.5223941058067693E-029   8.4051608563198056E-031   1.6581160415246484E-029  -2.8007997958731567E-018  -7.8023966398813492E-018   2.7422535225909948E-019
  -5.6788546655652391E-018   2.3650255289036207E-017  -1.0623672787537340E-016  -1.0748382645493555E-017   1.0258144730190372E-028  -3.1940952739612174E-029  -9.8976904223688439E-030   1.4720196587304254E-028  -9.4393437132420278E-030   1.7853308965672124E-028  -7.8250863370875502E-018   3.2588488424147886E-017  -1.4638718839499180E-016  -3.3983851823732633E-015   5.8449568568845147E-030   4.0132014480164364E-030  -3.2976248731113710E-030  -1.5133364002208919E-030  -3.8296637376064806E-030   3.3799271032168669E-030   7.1414319034779126E-030  -7.6335038306707036E-030   4.5828382983203486E-030  -1.6917518884262523E-030   2.4483475965327964E-028   2.1453338293386964E-029   1.1182947045151454E-029   2.0556882003606965E-028   2.0014477392155084E-029   1.5789381418066180E-028  -6.8114654838934897E-018   2.8367145678600204E-017  -1.2742495585063394E-016  -5.6532604886702178E-015  -1.6139331543589117E-014   1.1457658952790130E-030   7.9950705116455490E-030  -3.3994452126042773E-030   5.1265806968834592E-030   4.8492403863403836E-030  -4.1334817367806854E-030   1.2195328071118659E-029   2.0333280774992215E-030   7.9754863012979212E-030   6.7918905160055048E-030  -1.9019203257767944E-015   5.7562247679924599E-029  -1.7085971128394040E-029  -3.6752402403691607E-030   8.7885517170326261E-029  -9.4808010347834641E-030   8.9547123538195967E-029  -4.5327892812344411E-018   1.8877331783612980E-017  -8.4796799662376643E-017
   4.0999031372875444E-002  -2.7278492516182261E-017  -5.1709102675348299E-017   1.9503022856946720E-017  -1.3375829016294953E-017   7.6956574096297877E-018  -2.3080802945578923E-018  -1.2298378114017560E-017  -4.8351023742367108E-018  -7.8250863370875502E-018   5.6493955053222730E-002   5.2555122127187314E-017   4.3754898611994066E-018   2.9503590363527251E-016  -5.0145470048738860E-017  -1.2081351184486192E-017   2.4958970553316617E-018  -1.0632169080815108E-016  -3.5594347001180186E-018  -1.2939359553135756E-016  -3.5658925580245347E-018   1.2447081151383827E-017  -2.5214074419491698E-018   1.4975082161509107E-017   5.9751446220996141E-018   2.4634528628370865E-018   1.8869427165128329E-018   5.0413471122900432E-018   3.3208003464959137E-018   2.7388091223687256E-018   4.9176022898009347E-002  -2.0957455912201830E-017  -7.3138753896567712E-017   4.8713172960502974E-016  -1.6272367237302467E-015  -3.7070896866296296E-016   9.1985612270602921E-018   1.0056280666418832E-017  -7.3847552591706674E-017   6.4601433650833754E-019  -8.2548124019733100E-017   1.2061118353859273E-017   7.7693918093759875E-018   4.7724235059535982E-018   1.6578801774395604E-017   6.4177286384031114E-017   5.9924109242305886E-018  -8.2024164045535734E-019  -1.0617908923773572E-018   7.9891806709155653E-018  -1.8940749148680515E-020   7.1103269942139030E-018   3.2724903328677529E-002   1.0487800283672945E-017   1.3500858146284894E-017
   3.9058897435416144E-017   4.0999031372873952E-002   7.8475381614769777E-017  -6.1910026487313716E-017   2.3234143840143512E-017   6.6439959303129273E-018   1.5607922164719873E-017   2.4729830609452537E-017  -1.3469504879927258E-017   3.2588488424147886E-017   5.2555122127187314E-017   5.6493955053212065E-002   1.4871608207525241E-016  -9.2122525511316215E-016  -4.3748550036235926E-018   1.1340820443304976E-015  -5.8098785615481803E-019  -4.4984657473793915E-018   9.6062978009274723E-020   1.3641996390491652E-018   2.8961434842384967E-015  -7.2117816861969466E-018   1.2483074103540720E-015   5.4506391062973533E-018   5.8618098997058861E-017  -3.1018624198482086E-018  -2.0790774624582669E-018   5.7525282473739529E-017   3.4724929230388458E-018   5.2976559804984183E-017   1.2576275191233412E-017   4.9176022898001132E-002   1.4251208555835934E-016  -1.2860866567381834E-015   2.7384023080919743E-016   7.3593500192811773E-018   7.5040737285091667E-016   1.1919719152966640E-018   3.4648004548538706E-018   2.0657617718653467E-019   2.5304113954622669E-018   1.6130638090450554E-015  -3.0503476034892857E-018   7.5383366318144881E-016  -5.3711739539896607E-018  -2.4821738156202372E-016   5.9434991727888769E-018   4.0890290346305089E-019   1.8887611883856771E-019   6.4765891908705427E-018  -1.4493261564231257E-018   7.9421549631460898E-018   2.5606277332215020E-017   3.2724903328675170E-002   8.3239615720052974E-017
   1.0031975882964676E-017  -5.0075090637916680E-017   4.0999031372874917E-002   2.3632243714023004E-016  -1.4080083207433454E-016   6.1129577642559722E-018  -1.2328858259497738E-018  -1.0920092198315912E-016   4.7340322351281410E-019  -1.4638718839499180E-016   4.3754898611994066E-018   1.4871608207525241E-016   5.6493955053212815E-002   1.4904314365728214E-015  -2.0597844455409139E-017  -4.3215759067298631E-017   1.0780622337309123E-015  -6.4400552933978322E-018  -2.4460705684185775E-019  -8.9276555099654873E-018  -9.3436149121587788E-017   1.1702020231043422E-015  -4.0470917543905917E-017   2.8195631186225828E-015  -1.9558439818632064E-016  -4.9710768339682051E-018   1.0110809665562020E-018  -2.1512942194466991E-016   3.2559326000639325E-018  -1.9636969153401651E-016   8.0972961625725608E-017   1.8591516567195232E-016   4.9176022897999064E-002   1.5610698052371034E-015   1.9590357860881764E-015  -3.1531665700156831E-017  -3.8403397700302135E-017   1.1070603748626434E-015  -1.4613005437594813E-017   7.8073079137174712E-019  -1.4868133105062760E-017  -9.0422836327699797E-017   1.1311278789122859E-015  -3.7681809198924647E-017   2.3513868963239006E-015   2.8407158245724355E-016  -5.6507845963027858E-017   3.2886801714146539E-018   7.1022003886355879E-019  -5.0400868233729100E-017  -1.9997132652927638E-018  -5.5914347467938609E-017  -3.2904406557678377E-018  -2.2787469406184583E-017   3.2724903328675364E-002
   1.1856127522409703E-016  -1.0961568210135638E-016   4.7338329200619488E-016   1.9210936960424568E-003  -2.7563542749372330E-015   1.9777948694302081E-016  -2.3164116597554694E-017  -2.1196074044981139E-015  -1.2517744002621637E-016  -3.3983851823732633E-015   2.9503590363527251E-016  -9.2122525511316215E-016   1.4904314365728214E-015  0.25484831538661190       -2.3478198842691795E-016   1.3843453003537091E-016   9.0540771412678918E-017  -1.2836025704049615E-016   1.0222016601573548E-016  -8.1194841136564474E-017   2.1902440562409459E-016   1.9813633436891231E-016   2.8295653768883166E-016  -2.1381966898088891E-017  -2.0075634782616164E-014  -5.6808355049065219E-017   2.5123249477657094E-017  -1.8999097000913018E-014   4.3877495231819447E-017  -1.6192179981966287E-014   4.3977696252122022E-018  -4.1513509573477371E-016  -5.3556537794611523E-016  0.43200757452665778        1.1520279862631521E-002  -5.4136848330782265E-017   1.2646494737911501E-016  -6.6949231460032777E-018  -1.5010623885849008E-018  -5.6561878558381029E-018  -7.7362713963951360E-017   2.7992833355817654E-016  -2.3617181594446822E-017   9.7274788678559673E-017   2.2548854044822894E-017  0.10049447532926233       -1.3373323315853042E-014  -4.1115867869738954E-017  -4.8072026151998205E-018  -1.4050633485775470E-014  -2.9556246516843046E-017  -1.4981798247605633E-014  -3.1302682752156358E-017  -5.1344712976473960E-017   3.6654024729581192E-016
  -3.6391782055247640E-017  -3.1749382279292605E-018  -1.4948354567234989E-017  -1.4724415883020671E-018   3.9096574859753164E-030  -7.7759674744393238E-031  -1.8175427365797879E-031   4.3743172773758358E-030  -1.0152380508981041E-031   5.8449568568845147E-030  -5.0145470048738860E-017  -4.3748550036235926E-018  -2.0597844455409139E-017  -2.3478198842691795E-016   3.2178257894063004E-031  -8.7048326040698722E-032  -4.6456861760257777E-031   1.5024636707979528E-031  -1.4028576418495765E-031   2.3791172394797048E-031  -2.2584310273214823E-031  -6.5874953302080835E-031  -1.8973491186862987E-031  -9.1547291610634593E-031   1.8088130647213998E-029   4.6590658576709325E-031   2.0541556502221264E-031   1.6605181816234367E-029   3.6730729416724083E-031   1.3810950061243825E-029  -4.3649887514957875E-017  -3.8081591142105064E-018  -1.7929707163083408E-017  -3.9584137402413487E-016  -3.3033057280468370E-016   3.9558272531840585E-031   1.4227831973986882E-032  -4.1887599235018826E-031   1.7312190290669459E-031   9.9853887590284267E-032   4.5436517418615831E-032  -6.5235738404821785E-032  -3.0426955797306180E-031   3.6328799281530230E-032  -6.2857465553480363E-031  -1.0381848670686832E-016   9.9167469949676475E-030  -3.1514923235079667E-031  -6.9658350195417532E-032   1.0962834418955680E-029  -1.6950038452314848E-031   1.1607942176379474E-029  -2.9047455752922271E-017  -2.5341951530162088E-018  -1.1931585741296092E-017
  -8.7677291450537923E-018   8.2303080517418112E-016  -3.1362722969809677E-017   1.6135409528098851E-018   1.5884948452400008E-030  -8.8832976670823429E-031  -8.9563561988712498E-032   3.9790773696361192E-030  -7.6323202074611557E-031   4.0132014480164364E-030  -1.2081351184486192E-017   1.1340820443304976E-015  -4.3215759067298631E-017   1.3843453003537091E-016  -8.7048326040698722E-032   2.3072024178043757E-029  -7.6070920826188578E-031  -2.5709797019760693E-031  -3.6195063692955020E-032   1.0423697458985909E-031   5.8641921736493477E-029  -1.0098420871785619E-030   2.5532900708317107E-029  -1.8580124871786328E-030  -1.0477579216752155E-029   7.0308621555705016E-031   4.1241771564931703E-031  -1.0856418723595974E-029   8.8026646873919130E-031  -9.8276385752314542E-030  -1.0516395991882873E-017   9.8717897388629602E-016  -3.7617815135196979E-017   2.3879017576343745E-016  -6.0653529126151269E-016   2.3270943148073250E-031   1.5510849559077183E-029  -8.5246283372381953E-031   2.8954306850448122E-031   1.8341399879352195E-031  -1.6216997356682120E-031   3.3165930797163552E-029  -7.6265784503417463E-031   1.5548468901818424E-029  -1.3921857289028627E-030   3.3051754965526884E-017  -1.1738472188366020E-029  -6.9214078044434911E-031  -1.4241851085339077E-031  -1.1284001403588625E-029  -4.2232608984652406E-031  -1.2168868285426068E-029  -6.9982894491926635E-018   6.5693267947951482E-016  -2.5033325006553523E-017
   1.8113329395792615E-018  -4.2163695778553941E-019   7.8237587191431117E-016   7.6131558873162388E-019  -3.3201201653285997E-030   3.1959138359400242E-032  -8.6177026289813878E-032  -2.2089498622040389E-030  -9.4341297539725502E-032  -3.2976248731113710E-030   2.4958970553316617E-018  -5.8098785615481803E-019   1.0780622337309123E-015   9.0540771412678918E-017  -4.6456861760257777E-031  -7.6070920826188578E-031   2.0608447652871221E-029  -1.9039248621369964E-031   1.8411763725999159E-032  -1.9298885427688253E-031  -1.6919640785896529E-030   2.2391383446116610E-029  -6.4480960417571438E-031   5.3826374953989440E-029  -1.0989047033355253E-029  -5.2794171584683907E-033   8.9387860770614704E-032  -1.1111868634943479E-029   1.8703968076108598E-031  -9.8107385108843632E-030   2.1725915742400848E-018  -5.0572972083051299E-019   9.3841567724340777E-016   1.5405058840846496E-016  -8.0626442279481024E-017  -6.3588040416174943E-031  -6.4673110828086456E-031   2.1120570604464485E-029  -2.5589067220326849E-031   3.8225747434811833E-032  -3.4252931468486081E-031  -1.5638748501876380E-030   2.1601714174472592E-029  -6.4573295234639733E-031   4.4949726700539343E-029   3.2725450347779502E-017  -6.4701406469519786E-030  -4.5303341562559490E-032  -8.0127070336973258E-033  -6.4812284677074417E-030  -1.0100369119025959E-031  -6.9743939805143799E-030   1.4457828236153703E-018  -3.3654523585749569E-019   6.2448243087086862E-016
  -7.7160225956101921E-017  -3.2646455383216927E-018  -4.6737040939754986E-018  -1.3318807348995486E-018  -1.7565328135563992E-031   6.0225300104357415E-031   2.6526303270068150E-031  -1.8052641669616369E-030   3.4510810502295436E-031  -1.5133364002208919E-030  -1.0632169080815108E-016  -4.4984657473793915E-018  -6.4400552933978322E-018  -1.2836025704049615E-016   1.5024636707979528E-031  -2.5709797019760693E-031  -1.9039248621369964E-031   3.4555603740123257E-031   1.5690057018618602E-032   2.3007041539660238E-031  -5.2320305186151530E-031  -2.0819267538849789E-031  -4.1705143357756962E-031  -4.6979655586606370E-031   1.0691510763969903E-029  -4.8196595392936971E-031  -2.9842959833568126E-031   1.0764859679641269E-029  -5.3382853582269453E-031   9.6033883920915369E-030  -9.2549333761654943E-017  -3.9157579672124279E-018  -5.6058441345481260E-018  -2.2022500066337827E-016   3.8582615023109789E-016   7.2093019698018993E-031  -3.6055559151140773E-031  -1.2667418217545129E-031   1.7250328763236531E-032  -1.1547333973306288E-031   3.2361259979704261E-031  -6.4355117091502289E-031  -2.4540018495868056E-031  -3.2784488219995212E-031  -6.3333756891463366E-031  -3.6852203503462997E-017   9.6928327812370153E-030   4.5366061346431647E-031   9.5893686656249313E-032   9.5074817091620249E-030   2.5729490760951761E-031   1.0242517231715080E-029  -6.1588307105784638E-017  -2.6057983827067757E-018  -3.7304909296797950E-018
  -2.5831679655345100E-018   6.9715229629025081E-020  -1.7751726513168011E-019   4.9428189023661884E-019  -2.3200722867633227E-030   6.2305025345106821E-031   1.8075805260846382E-031  -3.0531991441571463E-030   1.5631453880523096E-031  -3.8296637376064806E-030  -3.5594347001180186E-018   9.6062978009274723E-020  -2.4460705684185775E-019   1.0222016601573548E-016  -1.4028576418495765E-031  -3.6195063692955020E-032   1.8411763725999159E-032   1.5690057018618602E-032   8.7077189291373648E-032  -6.6278672980398306E-032  -5.8001737222843472E-032   1.0990135121470728E-031  -2.3970800415449672E-032  -1.2071546299545284E-031  -7.6168046551516340E-030  -4.0725529135123667E-031  -2.0413058088487305E-031  -6.7210925080986492E-030  -3.6548847529247313E-031  -5.4057700820833727E-030  -3.0983641020005057E-018   8.3619481090187504E-020  -2.1292193504594975E-019   1.7128115036924346E-016   3.0163692289094025E-016  -3.5328795568814377E-033  -1.1842662782212207E-031   3.3982595007622759E-033  -8.9829865067831625E-032  -9.1047456823927394E-032   7.1162961132635360E-032  -1.5968141647681903E-031  -1.0130368422411807E-031  -1.2224375312173972E-031  -2.4727837487151662E-031   5.0747452973123261E-017  -3.1174993086845213E-030   3.1104078073967153E-031   6.7583923255979468E-032  -3.7852106416445234E-030   1.7171034808212814E-031  -3.9585008489642260E-030  -2.0618516858372902E-018   5.5645806101902273E-020  -1.4169201432485870E-019
  -9.3904065977350359E-017   9.9003271673152517E-019  -6.4790158167275180E-018  -3.5956693398717105E-019   2.0429532264715584E-030  -5.7882573866979180E-031  -1.6029205582010416E-031   2.7359232988160813E-030  -1.3793723481042926E-031   3.3799271032168669E-030  -1.2939359553135756E-016   1.3641996390491652E-018  -8.9276555099654873E-018  -8.1194841136564474E-017   2.3791172394797048E-031   1.0423697458985909E-031  -1.9298885427688253E-031   2.3007041539660238E-031  -6.6278672980398306E-032   3.6197338028189955E-031   1.6146247317088112E-031  -3.0990275751759638E-031   8.0043570206635786E-032  -3.8244987424043710E-031   6.0171852340032963E-030   3.6441996106628421E-031   1.8311945751745051E-031   5.2555465389930545E-030   3.2790204457775478E-031   4.1903554711908129E-030  -1.1263262433496145E-016   1.1874883361255855E-018  -7.7712135992235035E-018  -1.3581190741557150E-016  -2.7512333471316772E-016   8.7634544344377351E-031   1.1821138982390375E-031  -2.0633621109660908E-031   2.5787523082741877E-031   8.1301947360545554E-032   1.2754474834953350E-031   1.8715565002342647E-031  -1.1009558519478076E-031   1.3066310638934186E-031  -1.9287781080034219E-031  -4.1558083474075903E-017   2.2027727843608027E-030  -2.8483960893017259E-031  -5.9614984812401660E-032   2.7748553422103841E-030  -1.5801879005517850E-031   2.8915482007182258E-030  -7.4953026410072931E-017   7.9023147285139352E-019  -5.1714676949090456E-018
  -2.5878545894168122E-018   2.1018014663479918E-015  -6.7808876287531085E-017   2.5633393171583571E-018   3.0712741256378022E-030  -1.2971125826305015E-030   1.5542659379134176E-031   6.9064533327000153E-030  -1.4796160244370237E-030   7.1414319034779126E-030  -3.5658925580245347E-018   2.8961434842384967E-015  -9.3436149121587788E-017   2.1902440562409459E-016  -2.2584310273214823E-031   5.8641921736493477E-029  -1.6919640785896529E-030  -5.2320305186151530E-031  -5.8001737222843472E-032   1.6146247317088112E-031   1.4931277947639423E-028  -2.2554649878594491E-030   6.4766375847679497E-029  -4.0763097356425537E-030  -1.5361914222731369E-029   1.0693430502046257E-030   6.2014337257189117E-031  -1.5991776906468329E-029   1.4744256830819236E-030  -1.4468944856490637E-029  -3.1039854426957841E-018   2.5209921692092856E-015  -8.1332917909112349E-017   3.7787798421732066E-016  -9.7089010308734054E-016   4.2387899067865418E-031   3.9202416671964526E-029  -1.8142681413266818E-030   5.1539761184033979E-031   2.9741302172142961E-031  -2.2702224764833533E-031   8.3988436329420616E-029  -1.7625183371193329E-030   3.9326935509675859E-029  -3.3366937614567276E-030   5.1897164266656637E-017  -1.8514570691588182E-029  -1.1011958238727980E-030  -2.2488379664406772E-031  -1.7772283877851265E-029  -7.0252786840063271E-031  -1.9149075249732247E-029  -2.0655924891769807E-018   1.6776310927143820E-015  -5.4124179206918792E-017
   9.0331482394099661E-018  -5.2337646271776956E-018   8.4924394853689943E-016   1.2749146511730278E-018  -6.0278727881425669E-030   7.1199509653818258E-031   1.0423827508890427E-031  -5.6604965859104570E-030   7.6383548379145954E-032  -7.6335038306707036E-030   1.2447081151383827E-017  -7.2117816861969466E-018   1.1702020231043422E-015   1.9813633436891231E-016  -6.5874953302080835E-031  -1.0098420871785619E-030   2.2391383446116610E-029  -2.0819267538849789E-031   1.0990135121470728E-031  -3.0990275751759638E-031  -2.2554649878594491E-030   2.4425712680267026E-029  -8.8897458161842388E-031   5.8311366084677077E-029  -1.9321301251630737E-029  -4.5040050056200691E-031  -1.2829098391419926E-031  -1.8522165235127688E-029  -2.0120299774791763E-031  -1.5801302300278322E-029   1.0834751207227217E-017  -6.2776051172492540E-018   1.0186201590818029E-015   3.3429053373139206E-016   2.4404907278429202E-016  -7.8205936630393485E-031  -9.2549240811449933E-031   2.2937346493568480E-029  -3.9493264468432664E-031  -5.8344685159561108E-032  -3.0991599686218720E-031  -2.0757615145848648E-030   2.3345229624029248E-029  -9.2862953230264327E-031   4.8533934140468208E-029   8.6393759984389168E-017  -9.7889684283086660E-030   2.9513808049870850E-031   6.5684862289105571E-032  -1.0502036999759858E-029   8.1069000141892564E-032  -1.1182175251784582E-029   7.2101435811934865E-018  -4.1775240959165229E-018   6.7785567579822136E-016
  -1.8298464449678654E-018   9.0592691964815430E-016  -2.9370725000732392E-017   2.9760707083514425E-018   1.2652699701094739E-030  -1.2991014925031282E-030  -2.5928132592533160E-031   4.9986490786131538E-030  -1.0661206570486065E-030   4.5828382983203486E-030  -2.5214074419491698E-018   1.2483074103540720E-015  -4.0470917543905917E-017   2.8295653768883166E-016  -1.8973491186862987E-031   2.5532900708317107E-029  -6.4480960417571438E-031  -4.1705143357756962E-031  -2.3970800415449672E-032   8.0043570206635786E-032   6.4766375847679497E-029  -8.8897458161842388E-031   2.8353240823238032E-029  -1.6217320995812272E-030  -2.2182249293015409E-029   1.0446859501101186E-030   6.3444896833033562E-031  -2.2412348773311177E-029   1.2913584964108645E-030  -1.9987697069133516E-029  -2.1947974784891965E-018   1.0866081820169178E-015  -3.5228526060311704E-017   4.8575245610451088E-016  -8.9360341268099777E-016   1.5788826749264254E-031   1.7267569075742195E-029  -8.0973572964614404E-031   3.7536036597231148E-031   2.6848614105379680E-031  -3.1142585040297154E-031   3.6854965132006646E-029  -6.4050147962524418E-031   1.7287326617731713E-029  -1.0309372919771370E-030   7.9722299946824670E-017  -2.1532927043074999E-029  -1.0383383659795144E-030  -2.1355738541200352E-031  -2.1069502040398707E-029  -6.2356547723716299E-031  -2.2677695997381394E-029  -1.4605600672193915E-018   7.2309929955918826E-016  -2.3443337663289420E-017
   1.0867779796487654E-017   3.9556608049544711E-018   2.0462252403699290E-015   4.3531821135037457E-019  -4.1718583134318142E-030  -8.8384568969177454E-031  -4.6864663040085207E-031  -5.1383845153529081E-031  -4.1375196684117511E-031  -1.6917518884262523E-030   1.4975082161509107E-017   5.4506391062973533E-018   2.8195631186225828E-015  -2.1381966898088891E-017  -9.1547291610634593E-031  -1.8580124871786328E-030   5.3826374953989440E-029  -4.6979655586606370E-031  -1.2071546299545284E-031  -3.8244987424043710E-031  -4.0763097356425537E-030   5.8311366084677077E-029  -1.6217320995812272E-030   1.4094192386604087E-028  -9.0090554940251760E-030   5.8682462890347678E-031   5.1087506695027411E-031  -1.1076528148223574E-029   9.8668906841039901E-031  -1.0785744997323927E-029   1.3035288157472691E-017   4.7445917576070273E-018   2.4543316245629457E-015  -3.1932001812936287E-017  -6.4225323302866583E-016  -1.6552350061677430E-030  -1.4853727674609723E-030   5.5230894368671747E-029  -5.4559030203762243E-031   2.3121884067532540E-031  -9.6646929165050873E-031  -3.7852638014285811E-030   5.6643963629366770E-029  -1.4641822493755653E-030   1.1788678496116588E-028  -3.0970204007190504E-017  -6.5468848166787058E-030  -5.3968525308270466E-031  -1.1435834237727750E-031  -5.3299194239340292E-030  -4.9378861003661921E-031  -5.9591371454826022E-030   8.6745230637983082E-018   3.1573579450186574E-018   1.6332708587867764E-015
   4.3363071604504811E-018   4.2540574076155846E-017  -1.4194033449650051E-016  -1.5395492733800474E-016   2.0610509264688137E-028  -1.0430316403466321E-029   3.6463413281445967E-030   1.4646118494812797E-028   1.1801403837405197E-029   2.4483475965327964E-028   5.9751446220996141E-018   5.8618098997058861E-017  -1.9558439818632064E-016  -2.0075634782616164E-014   1.8088130647213998E-029  -1.0477579216752155E-029  -1.0989047033355253E-029   1.0691510763969903E-029  -7.6168046551516340E-030   6.0171852340032963E-030  -1.5361914222731369E-029  -1.9321301251630737E-029  -2.2182249293015409E-029  -9.0090554940251760E-030   1.5863204545685856E-027   8.4306158830163384E-031  -4.0155874640153465E-030   1.5059827169402779E-027  -7.0961686990946163E-030   1.2865953284510287E-027   5.2011555657589034E-018   5.1025016319005316E-017  -1.7024941579385714E-016  -3.4050281867545114E-014   1.9103742444408940E-015   4.2917001578121654E-030  -1.0662687584911504E-029  -3.1938118453822520E-030  -7.2670870141261126E-031  -3.9871112383221720E-031   7.0591481199795744E-030  -2.2665978081402583E-029  -2.8779836649645880E-030  -8.2904547949747335E-030  -1.2245925343535793E-029  -7.8173988156983302E-015   1.0749988455011183E-027   6.3348860739941225E-030   1.0351854095797733E-030   1.1245775415082960E-027   4.0751767829937501E-030   1.1998490107912485E-027   3.4611850055426077E-018   3.3955343030602508E-017  -1.1329496257101292E-016
   1.7877874033392857E-018  -2.2510966800945878E-018  -3.6076308497200464E-018   1.8875296189554043E-018   1.0817532785730670E-029  -4.6063984715364602E-030  -1.5872226525845252E-030   1.8957079868204829E-029  -1.7003780873272439E-030   2.1453338293386964E-029   2.4634528628370865E-018  -3.1018624198482086E-018  -4.9710768339682051E-018  -5.6808355049065219E-017   4.6590658576709325E-031   7.0308621555705016E-031  -5.2794171584683907E-033  -4.8196595392936971E-031  -4.0725529135123667E-031   3.6441996106628421E-031   1.0693430502046257E-030  -4.5040050056200691E-031   1.0446859501101186E-030   5.8682462890347678E-031   8.4306158830163384E-031   3.2348974834782316E-030   1.7889666671795076E-030  -3.2825580849961176E-030   3.1991682506585918E-030  -5.4973848576350515E-030   2.1443500331417246E-018  -2.7000633473361622E-018  -4.3271494797006125E-018  -7.9551895754940796E-017  -2.4922048842879213E-015   4.2901956990527743E-032   1.3594785358033784E-030  -1.9201450120743265E-031   7.8571202740272321E-031   7.4500014828366581E-031  -7.9761469661279808E-031   2.1570424791025758E-030   6.3078108859121025E-031   1.3017563800866073E-030   1.8434532650052963E-030  -1.0990196997825914E-016  -1.5846156702638320E-029  -2.7362923933347365E-030  -5.8117154364773126E-031  -1.2377246951667920E-029  -1.5317698474069376E-030  -1.3846753064543936E-029   1.4269890772405896E-018  -1.7967966259877812E-018  -2.8795648787172741E-018
   1.3694000280241284E-018  -1.5088368663455882E-018   7.3376594415089945E-019   1.4793155175645649E-018   5.4019535743706675E-030  -2.5213760134810547E-030  -8.8947943273172846E-031   1.0079815020665304E-029  -9.7496084064150006E-031   1.1182947045151454E-029   1.8869427165128329E-018  -2.0790774624582669E-018   1.0110809665562020E-018   2.5123249477657094E-017   2.0541556502221264E-031   4.1241771564931703E-031   8.9387860770614704E-032  -2.9842959833568126E-031  -2.0413058088487305E-031   1.8311945751745051E-031   6.2014337257189117E-031  -1.2829098391419926E-031   6.3444896833033562E-031   5.1087506695027411E-031  -4.0155874640153465E-030   1.7889666671795076E-030   1.0021890303319991E-030  -6.0751649724091137E-030   1.7920095949200667E-030  -6.6823778950177986E-030   1.6425180029765213E-018  -1.8097646164876072E-018   8.8011081391540700E-019   5.1916341331958981E-017  -1.3856486875518885E-015   6.3052339380019399E-033   7.7827848781000585E-031  -3.4288658783373024E-032   4.3565293162133890E-031   4.1377896618638456E-031  -4.6328458305328638E-031   1.2479048573737730E-030   4.2187373743992964E-031   7.3961055256637297E-031   1.1893868936615312E-030  -3.8833015389120260E-017  -1.1809305800275207E-029  -1.5331255116538743E-030  -3.2475988609633248E-031  -1.0027489739882476E-029  -8.5993918229721943E-031  -1.1053838612917768E-029   1.0930376166165400E-018  -1.2043343205064399E-018   5.8568260722448658E-019
