   1.8925994636075444E-031  -2.9787411905913815E-032   5.5630536452304348E-031   9.6467433790622934E-020   6.0700535082959468E-017  -3.0410814328117344E-031  -4.3674350574410518E-032  -1.0492582355235242E-030   9.2058419154523761E-030  -4.0542901503702406E-031   7.9133539963450477E-032   9.9083939919019167E-030   1.3775802487287996E-031   8.1239357640562471E-030   1.0516722047009562E-016  -9.6166782048812468E-032   4.8669429085187626E-031   2.0750217444463034E-031  -2.1242909627565263E-031  -5.6789649754255033E-032   3.0801519859907365E-031  -4.2673583843454442E-032   4.9781912865089427E-031  -3.2997183779380885E-031   9.0233452884336002E-031   5.8117023766773203E-016   2.2847051692235206E-031   2.6320706277113181E-031  -2.1898090832599936E-030   1.2095303649977369E-030   9.1729521527460447E-031  -4.6907088773599285E-031  -6.8296977084601663E-031  -5.9496528435682595E-032   2.9047066494061629E-030   5.3460123404580619E-017   4.3433653626909954E-032  -5.5889208888274584E-031   7.6099093106817356E-031   3.5639936720027498E-031   1.3752537927741398E-031  -4.3025087834199035E-031  -2.8566724892573452E-031   4.0398331424919637E-031   1.4238315744650648E-031   1.3432955362029366E-030  -1.2185757645790046E-030  -6.9932903369502726E-031   4.4605880352146560E-031  -7.8026603043851179E-032   3.0789348382887856E-033  -2.4378075652517017E-030  -6.4726455166128137E-032   2.0325960712867939E-032  -1.4900263585110990E-031
  -2.9787411905913815E-032   1.3652311468294879E-031  -9.1794756478354466E-033  -1.4253906033280060E-018  -1.6313776172375208E-016   4.3739823400604614E-031  -7.5933321955710856E-032  -5.3522566488696047E-031  -1.0271373324971551E-029   1.1253396428584324E-031   2.0607953123497678E-032  -9.5286489421357229E-030   1.7131489952900478E-031  -1.0058719387134071E-029  -2.9236900993946877E-016   1.5072575045588538E-031   2.3780255698899476E-031  -8.9153381279701525E-032  -2.9191535786317820E-033  -2.1901262398695749E-032   1.0015703024957226E-031   4.2333267348549110E-032   4.0142854484472745E-032  -8.9258264943498523E-032   9.7659616332911471E-032   6.3261010516437142E-017  -6.6912890897717350E-031   1.5858509838219829E-031  -1.3821888670004998E-031  -3.8654034943082593E-030  -2.0876965870689673E-032   1.8643698297547441E-032  -2.8702037466075954E-030  -1.0661405222035072E-031  -3.3976334287810830E-030  -1.1710586434428353E-016   3.2378215424596395E-032  -2.2666650041758001E-031   1.8759737814558726E-031   8.4126312453199551E-032   4.3878636343528534E-032  -3.0399851099917486E-032  -1.3490633014677305E-031   8.0075455826192089E-032   7.2355975683636600E-032   3.2357593768997149E-031   1.5147506531785194E-030   2.5738670641768921E-032  -3.3991668502541394E-032   9.9115151916507078E-031   2.9364362516239567E-032   1.3701721650310852E-030   2.2646584623252955E-031   2.2004864683808607E-032  -1.7933892896724818E-031
   5.5630536452304348E-031  -9.1794756478354466E-033   1.6817839230378300E-030  -5.5482501046311955E-019   8.7114545367711802E-017  -6.6230555620706924E-031  -1.7760462468865172E-031  -3.5005335454657346E-030   2.1814367029754799E-029  -1.1627399097597262E-030   2.5225891204503750E-031   2.4386720838504593E-029   5.1965986805505295E-031   1.8659434121275771E-029   1.4515045448776544E-016  -2.0206060007157837E-031   1.6174902675899628E-030   5.7633946279065718E-031  -6.4602031214596392E-031  -1.8526009950644162E-031   9.9373591386673482E-031  -1.0425901625104108E-031   1.5337211190522117E-030  -1.0538497039911734E-030   2.7947864751204543E-030   1.8002640017547062E-015   2.9513555853379041E-031   8.9257140341638920E-031  -6.7237332446908578E-030   1.3704235649481297E-030   2.7696904950507271E-030  -1.4115803782287685E-030  -3.7777636979473997E-030  -2.4383226798665219E-031   6.7898854152335958E-030   9.2521101777335725E-017   1.5098077942988193E-031  -1.8298414423309310E-030   2.4195683727725617E-030   1.1309518509586662E-030   4.4319248807112356E-031  -1.3229983359933165E-030  -9.4661461748847011E-031   1.2728628775933369E-030   4.7485582534112995E-031   4.2665039523631182E-030  -2.7953378322413333E-030  -2.1057216707412262E-030   1.3326616119398026E-030   3.5259668217430787E-031   2.6795552604375819E-032  -6.5791485526820758E-030  -6.1675918254049514E-032   7.4729484856295027E-032  -5.5853444997326598E-031
   9.6467433790622934E-020  -1.4253906033280060E-018  -5.5482501046311955E-019   1.5133837955340865E-005   1.6737941795245148E-003  -4.3217728402694845E-018   8.6350817019143746E-019   6.9568514788447505E-018   9.9064296827276200E-017  -7.2783950782160351E-019  -3.1332897455244989E-019   9.0294858220749666E-017  -1.9942225464345507E-018   9.8059575646502117E-017   3.0039541850863400E-003  -1.4993939041102805E-018  -3.1150225027996386E-018   7.1007803263799466E-019   2.8058414927783167E-019   3.0093496366168567E-019  -1.4329185465508221E-018  -4.0273709796960420E-019  -1.0137609189334310E-018   1.3421106296365328E-018  -2.1038425037189769E-018  -1.3588917254784936E-003   6.8893293897428821E-018  -2.0053123981875725E-018   4.0489900643283937E-018   3.9927532733306374E-017  -8.5344544066601696E-019   3.5118872294814871E-019   3.1503609819849484E-017   1.2102656599617362E-018   3.2934031227608147E-017   1.1899006672572629E-003  -3.9732666540084604E-019   3.0806516219878803E-018  -2.8999707273600225E-018  -1.3182371119515596E-018  -6.3079303870933913E-019   8.3022766124725227E-019   1.7783908128321941E-018  -1.3307621635766195E-018  -9.4111086664535926E-019  -5.0380369323261468E-018  -1.4772521663711350E-017   5.4558259301370926E-019  -1.6000241462534985E-019  -1.0510528934844095E-017  -3.1771802629238199E-019  -1.1794810789301460E-017  -2.3464743421454403E-018  -2.5924048844387597E-019   2.0932531650234380E-018
   6.0700535082959468E-017  -1.6313776172375208E-016   8.7114545367711802E-017   1.6737941795245148E-003  0.19838971309453532       -5.5133324785238321E-016   8.2460680741169273E-017   4.7938516245925392E-016   1.3230501230226383E-014  -1.8679362103461113E-016  -1.3136997988577423E-017   1.2461757893621033E-014  -1.8065324146962489E-016   1.2834141575227459E-014  0.35504916269359987       -1.8880211309558069E-016  -2.1017557804354730E-016   1.3236628445758964E-016  -2.5781042354469492E-017   1.7713090645313421E-017  -7.4367666292824500E-017  -5.5179283657942851E-017   2.1620975496776293E-017   5.8654669367308396E-017   1.0184503249238645E-017   6.1390329413111636E-003   8.1090286058019793E-016  -1.4859019359485098E-016  -1.3979679549264530E-016   4.6692480377060819E-015   1.5033165663979470E-016  -8.6156552033209329E-017   3.2498904587487960E-015   1.1602939631399535E-016   4.3571778206139286E-015  0.14376914406149174       -3.1753201158035792E-017   1.8728442192502293E-016  -1.1400723737258073E-016  -4.9045682028620651E-017  -3.2225331839749212E-017  -2.3689340329851798E-017   1.1791965884364988E-016  -3.7789846388450170E-017  -6.4733355310627213E-017  -1.9242639132150130E-016  -1.9320423711746278E-015  -1.2605299525580255E-016   1.0087531780154847E-016  -1.1653839059758147E-015  -3.3785744965375223E-017  -1.9311003983652006E-015  -2.7271830098197566E-016  -2.2842869144829138E-017   1.8845633000512358E-016
  -3.0410814328117344E-031   4.3739823400604614E-031  -6.6230555620706924E-031  -4.3217728402694845E-018  -5.5133324785238321E-016   1.6396155297821713E-030  -1.7449471464083226E-031  -3.8341051585929500E-031  -4.0860133036964368E-029   7.9542013305395718E-031  -2.9463033755130244E-032  -3.9467757359754653E-029   3.4889678184791645E-031  -3.8996493120549590E-029  -9.8394669008540164E-016   5.5515418833228190E-031   1.4693782647331379E-031  -5.0034660750021114E-031   2.3392371822105493E-031   1.2968352052444992E-034  -5.5752264683875195E-032   1.7380705944130741E-031  -4.4979308970128948E-031   1.1302487159388710E-031  -7.4171810196276912E-031  -4.7665475113159099E-016  -2.2379522256158001E-030   1.6804760055141386E-031   2.0918998941821001E-030  -1.2802205111621716E-029  -1.1090422247443604E-030   5.9066638729895918E-031  -7.7008364011488473E-030  -2.4708205218694640E-031  -1.3355608360402046E-029  -4.0705495013762228E-016   4.6076475891872540E-032  -3.1599338184463851E-032  -3.1459294040922060E-031  -1.5836298085042325E-031  -2.7375825547528494E-032   4.0143230080708524E-031  -7.2438743195473044E-032  -2.2466290045765380E-031   5.1220132912720221E-032  -5.7768303703314139E-031   5.8670164347553051E-030   8.7453602019326205E-031  -6.0974039162308626E-031   3.0176632190396818E-030   8.3247923914883549E-032   6.8319319988954714E-030   7.4304663559289330E-031   4.1810234836550867E-032  -3.5976656528841048E-031
  -4.3674350574410518E-032  -7.5933321955710856E-032  -1.7760462468865172E-031   8.6350817019143746E-019   8.2460680741169273E-017  -1.7449471464083226E-031   6.2090701368026139E-032   6.8204041423322246E-031   3.4171339287051519E-030   6.2954225570397896E-032  -3.9028256121480138E-032   2.7190428394675164E-030  -1.5301311056117919E-031   3.6401831319283099E-030   1.4897528037522918E-016  -6.2974091047951428E-032  -3.0979184901539081E-031  -1.2398867218154818E-032   7.1854816344089533E-032   3.2475567019369449E-032  -1.6443842358739253E-031  -1.2523919711432103E-032  -1.8930626882304992E-031   1.6483015740848869E-031  -3.5877036751907190E-031  -2.3130141792715292E-016   3.4497950401206736E-031  -1.8636809720677307E-031   8.0862582718347223E-031   2.0292214561843040E-030  -2.8924740322956882E-031   1.4290564189262988E-031   2.0279331389456985E-030   8.6576992233213284E-032   1.1766420971843993E-030   5.5934058913948124E-017  -3.4653846909676555E-032   3.2659511787483837E-031  -3.6867148812419325E-031  -1.7031780242287208E-031  -7.2892090338627026E-032   1.6091459707698261E-031   1.7889852895033461E-031  -1.8345811372565500E-031  -9.2380298333982411E-032  -6.4602163423935477E-031  -5.4976499594402968E-031   2.1434730184592827E-031  -1.2568010252462598E-031  -5.9683558684915473E-031  -1.9459012993799856E-032  -5.7068043324082277E-032  -1.2091082381393084E-031  -2.0521414487038616E-032   1.6175957414087360E-031
  -1.0492582355235242E-030  -5.3522566488696047E-031  -3.5005335454657346E-030   6.9568514788447505E-018   4.7938516245925392E-016  -3.8341051585929500E-031   6.8204041423322246E-031   9.5377644664092383E-030  -4.1682174479782621E-030   1.9888569545658843E-030  -6.1436092925503183E-031  -1.2596280414728673E-029  -1.7890167550128979E-030   1.6047668031399542E-030   8.8221746644337952E-016  -1.8716771388248138E-031  -4.3684874031922317E-030  -8.5026682772430574E-031   1.3708325804369517E-030   4.7867471218379354E-031  -2.4972561122221120E-030   4.7369248772965425E-032  -3.3894066559006990E-030   2.5794430482969919E-030  -6.2758217672068925E-030  -4.0440115576457059E-015   2.0970474095029724E-030  -2.5217710836111303E-030   1.4705542853282224E-029   1.2817831212074694E-029  -5.7415523812077563E-030   2.8936881937065828E-030   1.9605267568004066E-029   9.4597797916803848E-031  -4.8261775547941820E-031   2.8103744547502220E-016  -4.4912011530709571E-031   4.7699587350615667E-030  -5.8518220766309611E-030  -2.7207907775685759E-030  -1.1105328039399990E-030   2.9065533244453307E-030   2.5392775000286012E-030  -3.0028624223375799E-030  -1.2928106825990828E-030  -1.0289379880849949E-029  -2.7237874716248799E-031   4.3250727716791355E-030  -2.6653327354528901E-030  -4.7676299547123461E-030  -1.7564090383921298E-031   8.2745424746483773E-030  -7.9012699230502174E-031  -2.4658211235201098E-031   1.9033861156341077E-030
   9.2058419154523761E-030  -1.0271373324971551E-029   2.1814367029754799E-029   9.9064296827276200E-017   1.3230501230226383E-014  -4.0860133036964368E-029   3.4171339287051519E-030  -4.1682174479782621E-030   1.0381894672732258E-027  -2.2981214809703985E-029   1.6365784481030359E-030   1.0152592193061417E-027  -6.2147240663320912E-030   9.8272850004266685E-028   2.3573306131779532E-014  -1.3751453851221867E-029   2.6333846904965365E-030   1.3873837957132945E-029  -7.9000437117702511E-030  -6.9853290108768007E-031   5.0354844229075643E-030  -4.4592038005482247E-030   1.6284851176350907E-029  -6.6015755881170586E-030   2.7851346187209368E-029   1.7914171290248085E-014   5.3485246587870312E-029  -5.8213870635162853E-031  -7.4201067182638681E-029   3.0476889102631787E-028   3.6354022140888929E-029  -1.9123326906737356E-029   1.6604878097434436E-028   4.8673454530068060E-030   3.3806637322571341E-028   9.8740946470682594E-015  -5.1157104605971995E-031  -6.1299804646473737E-030   1.6446233908595212E-029   7.9521277439310771E-030   2.3045261847209359E-030  -1.4361921436314111E-029  -1.8583879287315454E-030   1.0036575711235181E-029   5.8392803954087580E-031   2.9537329666848811E-029  -1.4780641091406642E-028  -2.8372964107740521E-029   1.9273462403533694E-029  -6.9301984186675833E-029  -1.8477476976631876E-030  -1.8459445727370520E-028  -1.7621879620524856E-029  -6.9798378157559710E-031   6.3231798038827004E-030
  -4.0542901503702406E-031   1.1253396428584324E-031  -1.1627399097597262E-030  -7.2783950782160351E-019  -1.8679362103461113E-016   7.9542013305395718E-031   6.2954225570397896E-032   1.9888569545658843E-030  -2.2981214809703985E-029   8.8650977655537411E-031  -1.5729893650992427E-031  -2.4170843792472760E-029  -2.2377436657518021E-031  -2.0647915584920294E-029  -3.2722442462743871E-016   2.5611845424090115E-031  -9.2638919572510396E-031  -4.6538670083856512E-031   4.4162602159276087E-031   1.1025600494596847E-031  -6.0489118474127840E-031   1.0457793897385644E-031  -1.0226251673972324E-030   6.5467709384385625E-031  -1.8443830975106152E-030  -1.1877858421350221E-015  -7.2343409827046627E-031  -4.8991644760481860E-031   4.5125061396785721E-030  -3.9492639097027372E-030  -1.9193704635544409E-030   9.8443998606513291E-031   3.6253895528609273E-031   8.4588764864704459E-032  -7.3091525941189047E-030  -1.5469190476039734E-016  -7.8549838129743493E-032   1.0809660064908337E-030  -1.5165818034542389E-030  -7.1164907789457144E-031  -2.7038780983064435E-031   8.8541293806396359E-031   5.4547502700040328E-031  -8.1231174600866914E-031  -2.6998673903490441E-031  -2.6798565098593040E-030   3.0993532488054718E-030   1.4669230209406268E-030  -9.4215486424659145E-031   5.2892119200793336E-031   4.4360312342392137E-033   5.5868138022768031E-030   2.1858867380756306E-031  -3.4226931679169753E-032   2.4424273130031426E-031
   7.9133539963450477E-032   2.0607953123497678E-032   2.5225891204503750E-031  -3.1332897455244989E-019  -1.3136997988577423E-017  -2.9463033755130244E-032  -3.9028256121480138E-032  -6.1436092925503183E-031   1.6365784481030359E-030  -1.5729893650992427E-031   4.1379133966699170E-032   2.1443276425649650E-030   1.0600082872878595E-031   1.1948377696405844E-030  -2.5199112388608053E-017  -6.2048725551642646E-033   2.8234570460644359E-031   7.2592733272845557E-032  -9.7937997260530077E-032  -3.1479090343701096E-032   1.6606360794395243E-031  -8.9103998256574972E-033   2.3786554261878365E-031  -1.7337750956749572E-031   4.3739320081118281E-031   2.8180413376278739E-016  -6.3263570607523163E-032   1.6021284635704866E-031  -1.0367033738471584E-030  -4.1592744475165871E-031   4.1451147053804872E-031  -2.0996757286460956E-031  -1.0323360696469621E-030  -5.3962739598761952E-032   4.7708347795835187E-031  -4.9058787866219371E-018   2.7994990564759820E-032  -3.1259006088401597E-031   3.9527083278051144E-031   1.8418350682820516E-031   7.3934808966285913E-032  -2.0450340110621251E-031  -1.6455208802998325E-031   2.0494164323316816E-031   8.3299482846223783E-032   6.9583077713258225E-031  -1.7772861181757888E-031  -3.1355257628167561E-031   1.9558832554571539E-031   2.1286514059052688E-031   8.7731442757690000E-033  -7.7189826479098462E-031   2.7176730290934978E-032   1.4819571332976761E-032  -1.1315861066271142E-031
   9.9083939919019167E-030  -9.5286489421357229E-030   2.4386720838504593E-029   9.0294858220749666E-017   1.2461757893621033E-014  -3.9467757359754653E-029   2.7190428394675164E-030  -1.2596280414728673E-029   1.0152592193061417E-027  -2.4170843792472760E-029   2.1443276425649650E-030   1.0004598683210075E-027  -4.4541872434024805E-030   9.5605637121640290E-028   2.2178479505759428E-014  -1.3230830573918207E-029   6.4750079168373868E-030   1.4278445500095493E-029  -8.9238967926298016E-030  -1.1089486002124998E-030   7.1409057707724757E-030  -4.3870828062204921E-030   1.8899756073833395E-029  -8.7403273418819819E-030   3.2752207182564704E-029   2.1073025073226102E-014   5.0235173426308800E-029   1.6894787153251966E-030  -8.5455227829261012E-029   2.8547220234068892E-028   4.0558433924709846E-029  -2.1221735161373676E-029   1.4424046481014816E-028   3.8958225624562506E-030   3.2981684992176545E-028   9.3690387431033708E-015  -9.6528026347143516E-032  -1.0241078957907826E-029   2.1260547040575857E-029   1.0182686335027009E-029   3.2391342552375206E-030  -1.6594113303114494E-029  -4.0829996726779314E-030   1.2466025223595915E-029   1.7258361674518451E-030   3.7986525633917612E-029  -1.4376705824534101E-028  -3.1514754868261798E-029   2.1163665790816139E-029  -6.3255907798368775E-029  -1.6431217507379301E-030  -1.8725882353145146E-028  -1.6462292588253833E-029  -4.5939982953874530E-031   4.4575116713172128E-030
   1.3775802487287996E-031   1.7131489952900478E-031   5.1965986805505295E-031  -1.9942225464345507E-018  -1.8065324146962489E-016   3.4889678184791645E-031  -1.5301311056117919E-031  -1.7890167550128979E-030  -6.2147240663320912E-030  -2.2377436657518021E-031   1.0600082872878595E-031  -4.4541872434024805E-030   3.8280341291622922E-031  -6.9401867457279354E-030  -3.2722649453611368E-016   1.2849628258189228E-031   8.1451605811052931E-031   6.8331884719938390E-032  -2.0784060081781315E-031  -8.6482368498483287E-032   4.4178813787940797E-031   2.1079382182409359E-032   5.3581772285181881E-031  -4.4687383011518219E-031   1.0076581810230994E-030   6.4953492605462570E-016  -7.6061547092011596E-031   4.8438360449933004E-031  -2.3007988233202778E-030  -4.4995904104959517E-030   8.4846602694559342E-031  -4.2220964095416755E-031  -4.8562427103594395E-030  -2.1308953675318338E-031  -2.1903513845472372E-030  -1.2020433634050519E-016   8.9021023978471476E-032  -8.6739961867046772E-031   1.0038732058687179E-030   4.6468608443204573E-031   1.9602327818922946E-031  -4.5680519072063613E-031  -4.7124286510256260E-031   5.0435481649806005E-031   2.4236710713774939E-031   1.7609482507251703E-030   1.0497417388814500E-030  -6.3247558156907733E-031   3.7768926854353535E-031   1.3762004144040753E-030   4.5937729584291332E-032  -3.3027942186995535E-031   2.6950286830547164E-031   5.1691503634981551E-032  -4.0532551295920204E-031
   8.1239357640562471E-030  -1.0058719387134071E-029   1.8659434121275771E-029   9.8059575646502117E-017   1.2834141575227459E-014  -3.8996493120549590E-029   3.6401831319283099E-030   1.6047668031399542E-030   9.8272850004266685E-028  -2.0647915584920294E-029   1.1948377696405844E-030   9.5605637121640290E-028  -6.9401867457279354E-030   9.3346587855042858E-028   2.2883464656472590E-014  -1.3158134655584010E-029  -4.7753206395933826E-032   1.2669491563752147E-029  -6.6973754128999437E-030  -3.8380663955767648E-031   3.3224866542104198E-030  -4.2038120111798243E-030   1.3477149702022814E-029  -4.7606701827312318E-030   2.2770179093940585E-029   1.4641639543712029E-014   5.1975681418693673E-029  -2.0224773448376497E-030  -6.1838206879283114E-029   2.9667338197261435E-028   3.1149989342146488E-029  -1.6459615728660460E-029   1.6899590272380239E-028   5.1701805746740328E-030   3.2051647766912711E-028   9.5335540141508083E-015  -7.4725581603917309E-031  -3.0361962044813289E-030   1.2194816026055698E-029   5.9598365390079163E-030   1.5394215192712273E-030  -1.1933924794074625E-029  -2.8318089023900513E-031   7.7733755894373215E-030  -1.9954732399853885E-031   2.2030325432386326E-029  -1.4041519031558290E-028  -2.4402347929697947E-029   1.6735202792684962E-029  -6.8541318978376069E-029  -1.8557545052261530E-030  -1.7034163505351003E-028  -1.7182354717528713E-029  -8.0607634739110140E-031   7.1097745085826703E-030
   1.0516722047009562E-016  -2.9236900993946877E-016   1.4515045448776544E-016   3.0039541850863400E-003  0.35504916269359987       -9.8394669008540164E-016   1.4897528037522918E-016   8.8221746644337952E-016   2.3573306131779532E-014  -3.2722442462743871E-016  -2.5199112388608053E-017   2.2178479505759428E-014  -3.2722649453611368E-016   2.2883464656472590E-014  0.63548591921176933       -3.3711096130473343E-016  -3.8732983544614660E-016   2.3349901965960112E-016  -4.1985982236682434E-017   3.2963478196134176E-017  -1.3980872155147735E-016  -9.8228210284721469E-017   2.8720225381384404E-017   1.1203608566935655E-016  -3.1826349977552461E-020  -7.7573475894246783E-004   1.4516351981104424E-015  -2.7219273658718720E-016  -2.0659261487551084E-016   8.3607924255314795E-015   2.5135014778391859E-016  -1.4520131585575388E-016   5.8502410536896302E-015   2.0958152169173338E-016   7.7659351436712445E-015  0.25710486159333590       -5.7906466884877299E-017   3.4768631875993670E-016  -2.2019379237008367E-016  -9.5316224766399960E-017  -6.0664877836731791E-017  -3.3806704198012686E-017   2.1756856572298768E-016  -7.6068421903694887E-017  -1.1914362497716643E-016  -3.7284787936844488E-016  -3.4449494377148709E-015  -2.1217467322357852E-016   1.7210153124908613E-016  -2.0912910221488219E-015  -6.0737246633498312E-017  -3.4185013524876772E-015  -4.8845172889205961E-016  -4.1435488894093697E-017   3.4146813054976964E-016
  -9.6166782048812468E-032   1.5072575045588538E-031  -2.0206060007157837E-031  -1.4993939041102805E-018  -1.8880211309558069E-016   5.5515418833228190E-031  -6.2974091047951428E-032  -1.8716771388248138E-031  -1.3751453851221867E-029   2.5611845424090115E-031  -6.2048725551642646E-033  -1.3230830573918207E-029   1.2849628258189228E-031  -1.3158134655584010E-029  -3.3711096130473343E-016   1.8831667008071970E-031   7.6059308660751022E-032  -1.6354010158325139E-031   7.0550857205394462E-032  -2.8618046275857254E-033  -3.6397034738832362E-033   5.8314757741609435E-032  -1.3108259906853409E-031   2.2451359067657873E-032  -2.1199016788603376E-031  -1.3616609174882529E-016  -7.6729623100378275E-031   7.1967393017113302E-032   6.1606114571486800E-031  -4.3943053908292252E-030  -3.3908332233488819E-031   1.8158963903763071E-031  -2.7154833125988735E-030  -8.9050350415941269E-032  -4.5001625888462756E-030  -1.3895203841416441E-016   1.8261676857167326E-032  -3.9607699084297519E-032  -7.0550621585718707E-032  -3.6879973702833854E-032  -2.4893947624584402E-033   1.1770775240562058E-031  -3.9837349441490253E-032  -5.7522066403543574E-032   2.5117113114982804E-032  -1.3232060867293116E-031   1.9798271647571888E-030   2.6861314403633812E-031  -1.8940690016102058E-031   1.0464006042719911E-030   2.9134718573110484E-032   2.2532870612273015E-030   2.5532803790500574E-031   1.5593839423987550E-032  -1.3285544836215352E-031
   4.8669429085187626E-031   2.3780255698899476E-031   1.6174902675899628E-030  -3.1150225027996386E-018  -2.1017557804354730E-016   1.4693782647331379E-031  -3.0979184901539081E-031  -4.3684874031922317E-030   2.6333846904965365E-030  -9.2638919572510396E-031   2.8234570460644359E-031   6.4750079168373868E-030   8.1451605811052931E-031  -4.7753206395933826E-032  -3.8732983544614660E-016   7.6059308660751022E-032   2.0013609812744601E-030   3.9887520147960370E-031  -6.3297103121524944E-031  -2.1958459018963986E-031   1.1465497035755223E-030  -2.4797878293791266E-032   1.5627616042354774E-030  -1.1852623183074577E-030   2.8919992261825024E-030   1.8635224919959229E-015  -9.2247156796203797E-031   1.1538447333866054E-030  -6.7827971579068809E-030  -5.6539237278097568E-030   2.6533983318373387E-030  -1.3378476506446090E-030  -8.8575762050553427E-030  -4.2958646897898211E-031   4.5715623317919765E-031  -1.2173452143584274E-016   2.0521134677150753E-031  -2.1875638578168692E-030   2.6899579855479823E-030   1.2509030667615255E-030   5.0991762811871549E-031  -1.3404087387353025E-030  -1.1635632193532435E-030   1.3814680895468964E-030   5.9214645620638012E-031   4.7302417898095638E-030   2.1378397086131851E-032  -1.9994773706843305E-030   1.2334309341327893E-030   2.1337829073954809E-030   7.9102130051887532E-032  -3.9163816522616494E-030   3.4933778424087384E-031   1.1237646357002861E-031  -8.6678879597498038E-031
   2.0750217444463034E-031  -8.9153381279701525E-032   5.7633946279065718E-031   7.1007803263799466E-019   1.3236628445758964E-016  -5.0034660750021114E-031  -1.2398867218154818E-032  -8.5026682772430574E-031   1.3873837957132945E-029  -4.6538670083856512E-031   7.2592733272845557E-032   1.4278445500095493E-029   6.8331884719938390E-032   1.2669491563752147E-029   2.3349901965960112E-016  -1.6354010158325139E-031   3.9887520147960370E-031   2.5171229773289670E-031  -2.1732622640585778E-031  -4.9047953865748490E-032   2.7400968012795854E-031  -6.2049588560537443E-032   4.9502457299492966E-031  -3.0127220011405095E-031   8.8659985351413977E-031   5.7088124883395796E-016   5.2182279740469685E-031   2.0286670180569041E-031  -2.1939554058113769E-030   2.9009668634557769E-030   9.5278967949148641E-031  -4.9063594574588036E-031   5.2722431273842947E-031  -1.5531438520620138E-032   4.4447522899349227E-030   1.0519040196401771E-016   3.0815752531600758E-032  -4.7793463243542467E-031   7.0262474812411940E-031   3.3066376940881464E-031   1.2270241275690397E-031  -4.2967592229996607E-031  -2.3612392132262618E-031   3.8136078080765572E-031   1.1549746857677031E-031   1.2435117463098906E-030  -1.9029553399868159E-030  -7.3059855096931100E-031   4.7353487476848018E-031  -5.0502022737198590E-031  -9.4153838957215961E-033  -3.0955180091821056E-030  -1.6364652926784792E-031   1.1484545954210322E-032  -7.6463419284912469E-032
  -2.1242909627565263E-031  -2.9191535786317820E-033  -6.4602031214596392E-031   2.8058414927783167E-019  -2.5781042354469492E-017   2.3392371822105493E-031   7.1854816344089533E-032   1.3708325804369517E-030  -7.9000437117702511E-030   4.4162602159276087E-031  -9.7937997260530077E-032  -8.9238967926298016E-030  -2.0784060081781315E-031  -6.6973754128999437E-030  -4.1985982236682434E-017   7.0550857205394462E-032  -6.3297103121524944E-031  -2.1732622640585778E-031   2.4845888854365900E-031   7.2245685561483207E-032  -3.8670810223994334E-031   3.8076399316732507E-032  -5.9143643382014853E-031   4.0930026975995264E-031  -1.0788883902680454E-030  -6.9498353637868526E-016  -8.1844784022565784E-032  -3.5058130041235069E-031   2.5910351825294485E-030  -3.4421889668490888E-031  -1.0636436934968645E-030   5.4171094106130007E-031   1.5876705426072732E-030   9.8760748038388336E-032  -2.4494744966198371E-030  -3.0033206474010107E-017  -5.9564000053448339E-032   7.1406987873060697E-031  -9.3890740005256042E-031  -4.3869487096950453E-031  -1.7242916055068099E-031   5.0997745598935036E-031   3.7023646018488230E-031  -4.9305214147638912E-031  -1.8594500420406325E-031  -1.6552650785949484E-030   1.0029505944589200E-030   8.0819391063013541E-031  -5.1065084643871567E-031  -1.8234252954028066E-031  -1.1686628102810351E-032   2.4642216958522574E-030   1.3011983368887470E-032  -2.9764181320128041E-032   2.2316239048775814E-031
  -5.6789649754255033E-032  -2.1901262398695749E-032  -1.8526009950644162E-031   3.0093496366168567E-019   1.7713090645313421E-017   1.2968352052444992E-034   3.2475567019369449E-032   4.7867471218379354E-031  -6.9853290108768007E-031   1.1025600494596847E-031  -3.1479090343701096E-032  -1.1089486002124998E-030  -8.6482368498483287E-032  -3.8380663955767648E-031   3.2963478196134176E-017  -2.8618046275857254E-033  -2.1958459018963986E-031  -4.9047953865748490E-032   7.2245685561483207E-032   2.4254446706383991E-032  -1.2719285549071679E-031   4.4730604603343118E-033  -1.7709500236304799E-031   1.3204009778518037E-031  -3.2682214150478308E-031  -2.1058209784925742E-016   7.9558336896528092E-032  -1.2576566696065807E-031   7.7003260315481841E-031   4.9674491179704043E-031  -3.0413354989214937E-031   1.5365876028816670E-031   9.0148688919506669E-031   4.4982673771103449E-032  -1.8374632743070401E-031   9.3842745049493113E-018  -2.2205905462832656E-032   2.4130149791298078E-031  -3.0024508456281704E-031  -1.3974248226528563E-031  -5.6593620615805314E-032   1.5205358142134908E-031   1.2779299666266853E-031  -1.5482490609909378E-031  -6.4891629686862558E-032  -5.2821969175848759E-031   5.6175927995630071E-032   2.2956812958660563E-031  -1.4231622507823196E-031  -2.0556843039407758E-031  -7.9062505697557495E-033   5.0072943362188468E-031  -3.1170790123582515E-032  -1.1994843597076518E-032   9.2147449239097820E-032
   3.0801519859907365E-031   1.0015703024957226E-031   9.9373591386673482E-031  -1.4329185465508221E-018  -7.4367666292824500E-017  -5.5752264683875195E-032  -1.6443842358739253E-031  -2.4972561122221120E-030   5.0354844229075643E-030  -6.0489118474127840E-031   1.6606360794395243E-031   7.1409057707724757E-030   4.4178813787940797E-031   3.3224866542104198E-030  -1.3980872155147735E-016  -3.6397034738832362E-033   1.1465497035755223E-030   2.7400968012795854E-031  -3.8670810223994334E-031  -1.2719285549071679E-031   6.6886243015870679E-031  -2.9294310729544443E-032   9.4378078337048285E-031  -6.9620470577330817E-031   1.7387439936591322E-030   1.1202868435206161E-015  -3.4202851068871914E-031   6.5386126042713566E-031  -4.1082569879960005E-030  -2.1748862939410825E-030   1.6321045842920853E-030  -8.2561460919041143E-031  -4.4686701556286007E-030  -2.2758665420185600E-031   1.4121467134570979E-030  -3.5538069584644571E-017   1.1489846359383258E-031  -1.2643055850186978E-030   1.5850294098341518E-030   7.3811827110832332E-031   2.9769221510181495E-031  -8.1084108388313318E-031  -6.6770378274334322E-031   8.1943628497459596E-031   3.3856643261240486E-031   2.7893479532429181E-030  -4.9164659149615329E-031  -1.2332124021801818E-030   7.6677587221160917E-031   9.7662667422275310E-031   3.8663612801800307E-032  -2.8552618958890877E-030   1.3849946942655898E-031   6.1495717533002109E-032  -4.7113029680205565E-031
  -4.2673583843454442E-032   4.2333267348549110E-032  -1.0425901625104108E-031  -4.0273709796960420E-019  -5.5179283657942851E-017   1.7380705944130741E-031  -1.2523919711432103E-032   4.7369248772965425E-032  -4.4592038005482247E-030   1.0457793897385644E-031  -8.9103998256574972E-033  -4.3870828062204921E-030   2.1079382182409359E-032  -4.2038120111798243E-030  -9.8228210284721469E-017   5.8314757741609435E-032  -2.4797878293791266E-032  -6.2049588560537443E-032   3.8076399316732507E-032   4.4730604603343118E-033  -2.9294310729544443E-032   1.9244246178854199E-032  -8.0233573796234419E-032   3.6255839659630480E-032  -1.3870294052382080E-031  -8.9237436530381838E-017  -2.2257381263038220E-031  -5.3113164316253304E-033   3.6329572521515933E-031  -1.2655792586705723E-030  -1.7346428229808066E-031   9.0855882298233821E-032  -6.5046997958231672E-031  -1.7917966520237681E-032  -1.4493467015750906E-030  -4.1418493932286758E-017   8.0097643211155402E-034   4.1015405025081372E-032  -8.8545509083829697E-032  -4.2477362328169586E-032  -1.3306622595893563E-032   7.0503798097742633E-032   1.5817656458828037E-032  -5.2277493347944040E-032  -6.5018546342332392E-033  -1.5834488998585149E-031   6.3217464062020152E-031   1.3489964895702130E-031  -9.0792151932196036E-032   2.8204789671461017E-031   7.3698578047561219E-033   8.1617989782695826E-031   7.3024755374206557E-032   2.2261572524010270E-033  -2.1189916274435600E-032
   4.9781912865089427E-031   4.0142854484472745E-032   1.5337211190522117E-030  -1.0137609189334310E-018   2.1620975496776293E-017  -4.4979308970128948E-031  -1.8930626882304992E-031  -3.3894066559006990E-030   1.6284851176350907E-029  -1.0226251673972324E-030   2.3786554261878365E-031   1.8899756073833395E-029   5.3581772285181881E-031   1.3477149702022814E-029   2.8720225381384404E-017  -1.3108259906853409E-031   1.5627616042354774E-030   4.9502457299492966E-031  -5.9143643382014853E-031  -1.7709500236304799E-031   9.4378078337048285E-031  -8.0233573796234419E-032   1.4159397230290891E-030  -9.9484449324718172E-031   2.5888751983185039E-030   1.6677517438398288E-015   3.1859105040059699E-032   8.7209675037624351E-031  -6.1939624679052058E-030  -1.2166320749996688E-031   2.5238019163931516E-030  -1.2834173902368926E-030  -4.4728184718103707E-030  -2.6073834411427437E-031   4.9974747775565661E-030   4.2925705866600441E-017   1.4949149665639786E-031  -1.7528708839385673E-030   2.2779345072075346E-030   1.0634839006148001E-030   4.2063235104136662E-031  -1.2198964292696268E-030  -9.1306944795567699E-031   1.1917365326349230E-030   4.5969279319468630E-031   4.0141894949251782E-030  -2.0161906097702135E-030  -1.9152717675782312E-030   1.2058374567467080E-030   6.7457851482781598E-031   3.4927091946948225E-032  -5.5256151985877546E-030   2.4139631431203717E-032   7.6117773777949359E-032  -5.7419767476037639E-031
  -3.2997183779380885E-031  -8.9258264943498523E-032  -1.0538497039911734E-030   1.3421106296365328E-018   5.8654669367308396E-017   1.1302487159388710E-031   1.6483015740848869E-031   2.5794430482969919E-030  -6.6015755881170586E-030   6.5467709384385625E-031  -1.7337750956749572E-031  -8.7403273418819819E-030  -4.4687383011518219E-031  -4.7606701827312318E-030   1.1203608566935655E-016   2.2451359067657873E-032  -1.1852623183074577E-030  -3.0127220011405095E-031   4.0930026975995264E-031   1.3204009778518037E-031  -6.9620470577330817E-031   3.6255839659630480E-032  -9.9484449324718172E-031   7.2651445301560641E-031  -1.8298951456378946E-030  -1.1789745530742032E-015   2.7977589215436033E-031  -6.7310467017466517E-031   4.3350420657260584E-030   1.8270824677147273E-030  -1.7315506832665256E-030   8.7691752125325816E-031   4.3797911575891700E-030   2.2794122745555556E-031  -1.9151413477780541E-030   2.3199552724982748E-017  -1.1772341306854316E-031   1.3113812724548269E-030  -1.6559611535825926E-030  -7.7154886647525050E-031  -3.0994768369399327E-031   8.5521644642146652E-031   6.9069013142071058E-031  -8.5819312460810610E-031  -3.4973455046356912E-031  -2.9149834966101193E-030   7.0770806766899172E-031   1.3095828312015530E-030  -8.1648006369302073E-031  -9.1231021346264863E-031  -3.7335620339728814E-032   3.1937739922148010E-030  -1.1877985762997756E-031  -6.2430850855071272E-032   4.7696758035840190E-031
   9.0233452884336002E-031   9.7659616332911471E-032   2.7947864751204543E-030  -2.1038425037189769E-018   1.0184503249238645E-017  -7.4171810196276912E-031  -3.5877036751907190E-031  -6.2758217672068925E-030   2.7851346187209368E-029  -1.8443830975106152E-030   4.3739320081118281E-031   3.2752207182564704E-029   1.0076581810230994E-030   2.2770179093940585E-029  -3.1826349977552461E-020  -2.1199016788603376E-031   2.8919992261825024E-030   8.8659985351413977E-031  -1.0788883902680454E-030  -3.2682214150478308E-031   1.7387439936591322E-030  -1.3870294052382080E-031   2.5888751983185039E-030  -1.8298951456378946E-030   4.7377947809658899E-030   3.0521468634506597E-015  -6.1830331232371060E-032   1.6185138741418586E-030  -1.1318214293542509E-029  -9.1457274411750079E-031   4.5979030356546507E-030  -2.3367118879079814E-030  -8.6696718100030639E-030  -4.9451086681905266E-031   8.5029765949885422E-030   5.7279067710642439E-017   2.7837035150020119E-031  -3.2366294462624224E-030   4.1869753879897571E-030   1.9541255509355388E-030   7.7480216135175699E-031  -2.2296836249632291E-030  -1.6889757090026203E-030   2.1872424163687953E-030   8.5112462266449572E-031   7.3770563112924496E-030  -3.4046491141522738E-030  -3.4874995611657974E-030   2.1925098920682469E-030   1.4075888540349770E-030   6.8945098871961150E-032  -9.8292889618025379E-030   8.4600190492864395E-032   1.4272906791241325E-031  -1.0790743332081202E-030
   5.8117023766773203E-016   6.3261010516437142E-017   1.8002640017547062E-015  -1.3588917254784936E-003   6.1390329413111636E-003  -4.7665475113159099E-016  -2.3130141792715292E-016  -4.0440115576457059E-015   1.7914171290248085E-014  -1.1877858421350221E-015   2.8180413376278739E-016   2.1073025073226102E-014   6.4953492605462570E-016   1.4641639543712029E-014  -7.7573475894246783E-004  -1.3616609174882529E-016   1.8635224919959229E-015   5.7088124883395796E-016  -6.9498353637868526E-016  -2.1058209784925742E-016   1.1202868435206161E-015  -8.9237436530381838E-017   1.6677517438398288E-015  -1.1789745530742032E-015   3.0521468634506597E-015   1.9662322154318590       -4.1557044712829048E-017   1.0429904218459591E-015  -7.2910900947282799E-015  -5.9911546711758014E-016   2.9617280960212326E-015  -1.5051665464459018E-015  -5.5920639404575934E-015  -3.1881917661302405E-016   5.4684948920256100E-015   3.6594342235277404E-002   1.7939849002829919E-016  -2.0854904889571253E-015   2.6975637489189881E-015   1.2589854680117201E-015   4.9920936702721327E-016  -1.4363499818911224E-015  -1.0883179025747744E-015   1.4091394020803171E-015   5.4844675195933866E-016   4.7528353129595578E-015  -2.1892235767026784E-015  -2.2464388069860036E-015   1.4122378428747950E-015   9.0927175287066480E-016   4.4487479584228019E-017  -6.3280885846960575E-015   5.5080995566565097E-017   9.1997099109589852E-017  -6.9555903230515380E-016
   2.2847051692235206E-031  -6.6912890897717350E-031   2.9513555853379041E-031   6.8893293897428821E-018   8.1090286058019793E-016  -2.2379522256158001E-030   3.4497950401206736E-031   2.0970474095029724E-030   5.3485246587870312E-029  -7.2343409827046627E-031  -6.3263570607523163E-032   5.0235173426308800E-029  -7.6061547092011596E-031   5.1975681418693673E-029   1.4516351981104424E-015  -7.6729623100378275E-031  -9.2247156796203797E-031   5.2182279740469685E-031  -8.1844784022565784E-032   7.9558336896528092E-032  -3.4202851068871914E-031  -2.2257381263038220E-031   3.1859105040059699E-032   2.7977589215436033E-031  -6.1830331232371060E-032  -4.1557044712829048E-017   3.3167632225764827E-030  -6.4286491671932725E-031  -3.2438359694606525E-031   1.9110404666551878E-029   5.1422275965805257E-031  -3.0122278892973867E-031   1.3476663189040617E-029   4.8519118828669368E-031   1.7628818814013601E-029   5.8655569002316391E-016  -1.3590380820636973E-031   8.3640652801928461E-031  -5.5756434868870894E-031  -2.4320221971978243E-031  -1.4867586007049532E-031  -4.8160201178731779E-032   5.1900589042974752E-031  -2.0227333808767683E-031  -2.8325320839801674E-031  -9.4785373498496033E-031  -7.8248871471935928E-030  -4.3920879538934934E-031   3.6455039707789670E-031  -4.7954653794499777E-030  -1.3964025379474617E-031  -7.6807261980494423E-030  -1.1168686735684534E-030  -9.6511203222355940E-032   7.9407842899366954E-031
