   3.9933240543076141E-004   4.2459947356310238E-017  -1.5627659053546121E-017   2.6929413717027933E-017  -3.1085430548399884E-018  -6.8972739444222377E-018  -3.2817710892202239E-018  -4.4510523900386449E-018   8.1999707569180955E-018  -8.3059955953316004E-018   8.1194303520862893E-003   1.5622808871194782E-016  -7.0295035721517985E-016   5.4144677976043738E-016  -1.3300604423684598E-017  -4.7714203561443460E-018  -3.3131556314790222E-018  -7.8899674071806779E-017  -2.9684019618590977E-018  -4.7162861057951863E-017  -4.9147740292131192E-018   3.7022733645020498E-019  -1.6555397473833476E-018  -5.4648817062327406E-018  -1.6401872887805895E-017  -9.9070407506494092E-018   2.6758697069528595E-018   8.8831480601995363E-019  -1.9287060739956211E-018  -6.1433882510916964E-018   1.5124546985399353E-002   3.5052516629311315E-016  -1.3553747842870093E-015   1.1821295875583487E-015  -1.1973267130814837E-003   1.2394443838208990E-015   1.8388555754882344E-015   7.6735349072081125E-017   6.5519599461201199E-005  -2.0315998728212819E-016  -3.7561821934910071E-016  -2.0815424516212299E-017   1.9873992667103083E-018  -2.3867041579284442E-018   3.7641125221032528E-017   4.4298398012501379E-018  -4.3880274550014558E-017  -5.1364260428535686E-018  -1.8615463172469219E-018   2.0067928982673132E-018  -1.9953930683110624E-019   6.2228588068422043E-016   1.4609441864370902E-016   4.6922850363385345E-016  -2.4030124241410907E-016  -2.9978432497305460E-016  -3.4108364124970037E-017   4.7885927067316758E-017   6.8322895056680694E-017   1.8986503204428556E-016   7.3184489968701307E-003   2.1059197371892763E-016  -5.5849021844743840E-016  -3.1806374804242770E-015  -3.9402280506313815E-015  -4.0908572406282357E-016   7.2897701926589345E-016   8.6265091760816817E-016   2.4454971905344837E-015
   4.2459947356310238E-017   3.9933240543049030E-004  -6.6050036668622070E-017  -4.2252236663684372E-017  -2.9572219421052763E-017   1.3665108534365656E-017   2.0991347343766844E-017  -2.9359751436827099E-017   5.7833961731407985E-018  -2.7459155012248904E-017   6.8871970044771636E-016   8.1194303520844020E-003  -8.5480537905228807E-016  -2.2975032750987458E-015   1.1693176821331608E-017   2.9368914700677769E-017   1.3492070309526529E-017   7.8723083785061428E-018   2.9527575363274970E-018   3.7871462849980989E-018   8.8427285754573877E-017   9.5535479338906155E-018  -1.5476513234231533E-017   2.7284438179063644E-017  -3.5444657538866254E-017   7.5803382935024786E-018  -2.0076815535479850E-017  -4.8876263472270831E-017  -9.2441898110885924E-018  -4.1632489435491253E-017   1.3216787014372056E-015   1.5124546985393594E-002  -1.6485211740793496E-015  -5.8676235681217859E-015   1.0345489657958309E-015  -1.1973267130668936E-003  -2.6924536550752127E-015   5.9160299728096354E-015  -8.5627325145361507E-016   6.5519599450547530E-005   1.2798570039262767E-015   9.7391535372732819E-018  -2.9447566220244743E-017   1.1828236314500153E-017   4.2237121779902258E-018  -1.7640507862309765E-018   4.2225544679926229E-018   1.0053357562973441E-016   1.5447028167125791E-017  -4.9407553039778704E-018   2.5123974934203153E-017  -3.0743476965863733E-016   2.0125690030158354E-015  -1.9945421320937444E-015   1.6470592676361571E-016   2.5680630894951614E-016   1.1374907008493009E-016  -3.0129066381765384E-016  -1.6627186698759337E-016   9.8270293914021033E-017   7.1013729551409704E-016   7.3184489968687559E-003  -9.0097404645575148E-016   2.3330388512896645E-015   3.4561005673997861E-015   1.3910871575170930E-015  -3.7984229878435203E-015  -2.2432343098381387E-015   1.4347031331090054E-015
  -1.5627659053546121E-017  -6.6050036668622070E-017   3.9933240543075539E-004  -1.3083439576416525E-018  -3.8012228809870358E-017   4.7892509645024923E-018  -8.8604852305983827E-019  -2.5653930772354163E-017   1.4590062645955132E-017  -3.0408997528474778E-017   5.6806184065207772E-016  -4.9466463310503717E-016   8.1194303520863934E-003  -2.3242652320080567E-015   3.5530633713215269E-018  -3.2636175207443089E-018   8.7530052523183863E-017   3.2720384710242770E-018  -1.8696630544620453E-018   1.7939851862400139E-017   4.6544938484250817E-018   2.3622988787688690E-017   7.3055410949132144E-018   1.3154031039416030E-016  -4.8246362711945783E-017  -2.9107967901570391E-018  -1.0641738752652548E-018  -7.7810640715215720E-017   1.9786174847179207E-018  -6.7060520932778289E-017   8.9415889172924121E-016  -1.1650522176685102E-015   1.5124546985398776E-002  -5.7462219776635393E-015   6.3690140098196780E-015  -1.8992459240573130E-015  -1.1973267130710413E-003  -8.1899843595627127E-016   1.1555605103688634E-015   6.4146964230508866E-016   6.5519599453218557E-005   1.6898584746596640E-017   7.2467066125709234E-018   1.2732761802397177E-017   6.7480683288055967E-018   1.8027984898549199E-018  -4.9284566054518667E-018   9.7088407814236579E-018   3.8604803182299675E-017   8.3125059033464443E-018   1.1032639122238151E-016   7.7451136695956006E-016  -9.5312814035189617E-016  -2.3856203102461454E-015  -2.4663323106562804E-017   3.2820863562621653E-016   3.6296354347740248E-017   7.4718998970873946E-017   3.2370528192319984E-016  -1.0125140900207977E-016   7.8752611999537127E-016  -6.0074471210996549E-016   7.3184489968711550E-003  -9.6692604498180629E-017   4.3077031628355522E-015   4.6866175059915710E-016   1.1579168983181669E-015   4.3372202365418498E-015  -1.1186123359167901E-015
   2.6929413717027933E-017  -4.2252236663684372E-017  -1.3083439576416525E-018   2.1261250499264261E-005   5.0784968725142933E-017   3.7614331209522384E-018  -3.7511335538420932E-018   1.3658929367212712E-016   1.3525514065984230E-018   9.9573934191002449E-017   5.1463201552345405E-016  -1.2841125392681654E-016   4.1293315231727724E-016   1.8328020874557754E-003   4.7541548632925284E-018   9.4575935189564305E-019  -6.4435279634141448E-019   4.6758787646003523E-018   9.9684593440523297E-019  -8.5156838334645744E-018   7.4489218776079337E-018   1.3890059366467323E-018  -1.2250617780186398E-017  -4.2466827037209275E-018   1.5692707308184616E-016  -9.8320654329806637E-019  -1.7464416351763855E-018   2.3304413949299789E-016   4.2728211429205948E-018   2.1238989171300752E-016   9.1728552772283327E-016  -4.4440891925971720E-016   6.9794262178085446E-016   4.1768869030854791E-003   5.6209095465937437E-015  -1.1435665861596344E-015  -1.1440764701900185E-014  -1.3059145956062672E-003   1.0560523149457177E-015  -6.3912748365225285E-015   1.2501630616461983E-015  -1.3635510677623206E-018  -1.3420465037652935E-018   3.2982978738176003E-019  -1.9692176666378901E-019   1.3288669553058527E-018   6.3932598457367847E-018   1.8752933393853132E-018  -3.0190503013412590E-018   1.8869070367167859E-018   3.3547874122678790E-018   5.0657431064077531E-006   1.1156427524132259E-006   1.5938593702486570E-003  -3.6660759585508512E-015  -3.0449929941213815E-017  -1.4252757482773934E-016   2.6514200403942175E-015   4.0267059215366885E-016   9.5111178469803278E-016   7.2779510839263389E-016  -2.0329030337243376E-016  -1.7407613976209229E-016  -4.8290516782442478E-014  -3.9323616720236476E-016  -1.9064160958130543E-015   3.4993949467650856E-014   5.2759426120918333E-015   1.2980133097560711E-014
  -3.1085430548399884E-018  -2.9572219421052763E-017  -3.8012228809870358E-017   5.0784968725142933E-017   3.2979694593024974E-006  -3.4979570756003606E-019   4.6476176674550300E-020  -1.6489847296453815E-006  -2.1854334091543774E-019  -1.6489847296395185E-006   4.0861681437870459E-017  -6.5256707962739664E-016  -7.2997362042661188E-016   1.1407287693883598E-014  -4.8637466184334752E-018   2.0733849584208890E-018  -1.6968737524280728E-018   1.7230294520345545E-018  -1.4634430507878708E-018   4.3590264427382677E-018   2.1879818166618267E-018  -3.6481424944215016E-019   1.1081738832143266E-018  -2.5804956681471508E-018   1.0368476145055413E-006  -6.6653943633502981E-018   6.1052245506768100E-019  -5.1842380722629390E-007  -6.7100033090241544E-019  -5.1842380722905629E-007   3.9279363653991694E-017  -1.2047284560683398E-015  -1.3735321589738307E-015   2.5262008805250307E-014   5.5071503590311065E-016   1.4028549126269971E-015   2.4941012414763179E-015   1.3774458005384098E-014   4.7912989387229846E-016  -5.2580804825927903E-016   1.2409664580803089E-015   4.0979479831189791E-018  -1.0479374109613486E-018  -2.0148233959149611E-018  -1.3217282514191416E-018   1.0337563232887983E-018  -4.3643647694809450E-018   1.0727345490712831E-018  -3.7106466896933718E-018  -7.8484531738015586E-019  -4.6886631542478062E-018  -7.6648690264354081E-017   4.2845115492175498E-015   1.0980987628777944E-014   1.8876253532770169E-004  -1.4496697577016448E-016   7.9121347603046998E-018  -9.4381267663889672E-005   3.4632043853097504E-017  -9.4381267663809211E-005   6.0466213201810404E-017  -5.2349432371843409E-016  -5.6258585672093329E-016   2.4940339403361801E-003  -1.9553932934889553E-015   1.1051193864202913E-016  -1.2470169701687243E-003   4.6149187232835263E-016  -1.2470169701675020E-003
  -6.8972739444222377E-018   1.3665108534365656E-017   4.7892509645024923E-018   3.7614331209522384E-018  -3.4979570756003606E-019   3.2979694592816523E-006   3.7951682399025929E-018   5.8153018042709653E-018  -8.6484567686991086E-018  -2.9532949480169279E-018  -5.7280606558653778E-017   1.4073559780964274E-016  -5.7661048152807229E-019   4.2815946877839637E-016  -6.1562004568495244E-018   9.6203832164921999E-019   7.2992227501924253E-019   4.2388986885771822E-018   8.8835790892350605E-019   2.7215959092926399E-018  -2.7619177129154121E-018   2.4251701131431543E-019   2.0806584251431693E-018   4.7734514351037859E-018   5.5382359520926996E-018   1.0368476144831549E-006  -1.3408947859529085E-018   8.5161382188099961E-019  -1.9884187875699550E-018   6.3378778230016549E-019  -1.3062509135279325E-016   3.0745612371099662E-016   1.2125350243825654E-017   9.6707507421696703E-016  -2.2950428484784756E-015  -2.1354311524952868E-015   2.0083266369471413E-015   6.6104120740307450E-016   1.1522176424386305E-016  -8.4775952824666511E-016   9.4713997239861848E-017   5.5489940352190427E-018  -1.1180027628120609E-018   8.0808691365302737E-019  -4.1434278610248822E-018  -3.3283407656055827E-019  -3.4341674617131008E-018   3.3199694785624021E-018   2.7328516817347614E-018  -1.1965140979527364E-018   1.4392261076510106E-018   9.8566145728559299E-016  -7.4382141791928555E-016   4.2696908540178134E-016   1.2816839005839702E-016   1.8876253532709684E-004   1.3992679389867284E-016   5.7254431063527725E-017  -4.7128288829302798E-016  -1.8184437244466719E-016  -1.5715074459037654E-016   3.6778907424507382E-017   9.8589791019881710E-017   1.6951859897022156E-015   2.4940339403283162E-003   1.8398799826353585E-015   7.5361929509491341E-016  -6.1979539508788957E-015  -2.4455828008888558E-015
  -3.2817710892202239E-018   2.0991347343766844E-017  -8.8604852305983827E-019  -3.7511335538420932E-018   4.6476176674550300E-020   3.7951682399025929E-018   3.2979694592881080E-006  -3.8570823468758553E-018   4.3175726048058360E-019   9.7898127011332174E-019  -4.3038028298463632E-017   3.4151067042388226E-016  -2.6979965886439002E-017  -1.4202623902140067E-016  -7.7469404153942275E-019  -1.6690111397057517E-018   2.5198107508902931E-018  -1.1947821126564589E-018   8.1987453054623246E-020   2.4521232595279761E-018   1.8646819599392868E-018   6.3625121121360330E-019   3.8049731744127673E-019  -4.8192661911833939E-018  -4.8831882386984662E-018  -8.7677077528393943E-019   1.0368476144794506E-006  -1.8518068592248907E-018  -1.3816123380158106E-018  -4.4318359548548323E-018  -8.9955801915111287E-017   6.6629382229217502E-016  -4.9652653431266612E-017  -3.8028152482930668E-016   7.5053952316361252E-016  -2.7687822017538145E-015   2.0243760111822853E-016  -8.0175360759383294E-016   8.0673505215914008E-016  -4.7160827273460765E-017   4.9000421661944861E-016   1.4699560587532649E-018   1.6697477723481562E-018  -2.7753841394307694E-018   4.6006402854403718E-019   3.4490112532221628E-019  -2.2292889061328667E-018  -1.4448347050874801E-018  -1.8789215750837339E-018   5.3000612887902934E-019   1.0693151426876275E-018  -4.6108228447921294E-016  -1.2345663392328195E-017  -1.7585112717425414E-016  -4.6523400433372517E-018   7.6749617300403791E-017   1.8876253532728958E-004  -1.3711363204473675E-016  -2.1850846074593054E-017   1.4286120554116627E-016  -6.8260539178064179E-018   1.9011357405885987E-016  -1.6683166992738227E-017  -7.3149235929284647E-017   1.0308818322676520E-015   2.4940339403307556E-003  -1.7873247778666783E-015  -3.0142607105220202E-016   1.8669374972233307E-015
  -4.4510523900386449E-018  -2.9359751436827099E-017  -2.5653930772354163E-017   1.3658929367212712E-016  -1.6489847296453815E-006   5.8153018042709653E-018  -3.8570823468758553E-018   3.2979694592778407E-006   5.5828580550288424E-018  -1.6489847296456665E-006  -2.2508915614663062E-017  -4.8455573913178581E-016  -5.9356524735669609E-016   9.1585684512320157E-015  -6.9388277250020569E-019   5.3933438868097805E-019   1.6553392292865996E-018  -2.9859680329400605E-019  -6.6253450252398825E-019  -1.1923902348783739E-019   9.9385500459785593E-019   1.9628471486030208E-019   1.4187705612856992E-019   5.0858914822806521E-018  -5.1842380725939034E-007   3.9744524773788589E-018   2.3331505083854011E-018   1.0368476144615043E-006  -2.6285550969500632E-019  -5.1842380724487982E-007  -6.2032762827165617E-017  -9.4002342521137786E-016  -1.0937441597602805E-015   2.1050584007895278E-014   5.8235827941140060E-015  -2.0967199708522986E-017  -2.1717070706789979E-015   1.6666732899717163E-014  -1.0209955023093797E-016  -3.8188189504378135E-016   6.3228204974422032E-017  -7.9893091214497277E-019   1.8125097850217654E-018   3.0932194587069052E-018   5.1276180955338779E-019  -4.4307533811193333E-019  -1.1000598905625788E-018   3.8620680292303486E-018   4.2056918765333212E-018   1.8319679964940115E-018   3.8256040275388910E-018  -6.1557521972771826E-016   2.5330543470243449E-015   8.9741624031062347E-015  -9.4381267663468826E-005   2.7387289329757429E-016  -8.7191713742699849E-017   1.8876253532698633E-004   9.0274683714522576E-017  -9.4381267663548311E-005   2.3510917490175782E-016  -4.4448974905581948E-016  -6.2461428347235974E-016  -1.2470169701630808E-003   3.6441577146596807E-015  -1.1257586147294134E-015   2.4940339403268451E-003   1.2300879804801236E-015  -1.2470169701638604E-003
   8.1999707569180955E-018   5.7833961731407985E-018   1.4590062645955132E-017   1.3525514065984230E-018  -2.1854334091543774E-019  -8.6484567686991086E-018   4.3175726048058360E-019   5.5828580550288424E-018   3.2979694592902205E-006  -6.3291364746161990E-018   1.1751797341718380E-016   1.8003584670417182E-016   1.6976344635547400E-016  -4.8648085002734203E-016  -1.8239402298528557E-018  -9.8064199262385078E-019   2.1594753183122461E-019   1.3407636400900028E-018  -4.6707389517200857E-019   1.3582342343302956E-018   1.0420604112162948E-017   4.3005521296312048E-019   3.8055540356583079E-019  -8.7912327603243346E-018  -3.3417457233896799E-018   9.3529888173617463E-018  -1.6052138818839099E-018  -5.8819301177529517E-019   1.0368476144769584E-006   1.8887320465393213E-018   2.3893709161106324E-016   3.0322834393747891E-016   3.5945371378610683E-016  -1.0820124423046812E-015  -1.3548855542308092E-015  -1.2441026994973436E-016  -4.1018512682961777E-016   4.6772971267413657E-016   1.0490405523214095E-015  -1.5689377275382507E-015  -2.8830832438607244E-015   9.4715830416228093E-019   7.3463770321787812E-018  -6.3092722615509159E-018  -6.1218972885371744E-019   1.8733613457843567E-020  -7.9979703846130141E-019   2.0836413478284590E-018  -5.9284901028466697E-018   6.3556458439866492E-018  -5.5053805761259543E-018   3.7819952705879094E-017   2.1720794466533472E-016  -4.0956811619665497E-016  -4.7174434588725395E-017  -3.0534796594688729E-017   4.9540450727648028E-017   2.2380362434992704E-016   1.8876253532734995E-004  -1.7943538344575174E-016   4.7927691650031531E-017   1.6580962491550111E-016   1.3524985139526043E-016  -6.2639256413713057E-016  -3.4112499651257062E-016   6.2767206034352538E-016   2.9924545355092081E-015   2.4940339403315562E-003  -2.3714069742623837E-015
  -8.3059955953316004E-018  -2.7459155012248904E-017  -3.0408997528474778E-017   9.9573934191002449E-017  -1.6489847296395185E-006  -2.9532949480169279E-018   9.7898127011332174E-019  -1.6489847296456665E-006  -6.3291364746161990E-018   3.2979694592807951E-006  -2.9929157308261952E-016  -5.9535057163835543E-016  -5.3724289348851509E-016   8.1883224513160251E-015   5.5576293909325179E-018  -2.6127193471198995E-018   4.1534523127969719E-020  -1.4244326487122470E-018   2.1259775533371313E-018  -4.2397874193622927E-018  -3.1818368212102918E-018   1.6852953454777888E-019  -1.2500509394907143E-018  -2.5053958143270280E-018  -5.1842380724061850E-007   3.4807552088500137E-018  -3.8339066524832207E-018  -5.1842380723936267E-007   6.3052584715847093E-019   1.0368476144725560E-006  -5.1536375490845109E-016  -1.0908653057213121E-015  -1.0172814242726939E-015   1.8621188202590598E-014  -3.5686604958289664E-015   3.0953201495633567E-016   3.2576679439492549E-015   1.1791634885469959E-014   5.6426966892934956E-016  -1.8117160865026949E-015  -3.0669035958232295E-015  -3.2990170710529368E-018  -7.6457237410833812E-019  -1.0783960628946661E-018   8.0896644184795634E-019  -5.9068098516302513E-019   5.4644246600662898E-018  -4.9348025783258965E-018  -4.9504518697019666E-019  -1.0471226791620711E-018   8.6305912659886436E-019   1.8463858178195212E-016   3.2886106027587056E-015   7.8860849188842711E-015  -9.4381267663225653E-005   1.4882972725105245E-017  -8.2791265912331409E-017  -9.4381267663852606E-005  -1.8012924735894074E-016   1.8876253532710627E-004  -4.2704320563898349E-016  -5.2915854605745569E-016  -3.4335400215050604E-016  -1.2470169701597916E-003   2.1105309511982391E-016  -1.1261220315684567E-015  -1.2470169701681087E-003  -2.4212099572271781E-015   2.4940339403280425E-003
   8.1194303520862893E-003   6.8871970044771636E-016   5.6806184065207772E-016   5.1463201552345405E-016   4.0861681437870459E-017  -5.7280606558653778E-017  -4.3038028298463632E-017  -2.2508915614663062E-017   1.1751797341718380E-016  -2.9929157308261952E-016  0.16553781665656339       -1.1787321035641556E-015   9.9347314303465243E-016  -1.8215316998849213E-016  -9.9069605159791628E-016  -1.1071675774538108E-016  -2.8659391688395882E-017  -1.9498137948216209E-015  -2.7036036482490300E-017  -1.3285796560538395E-015  -9.2568316753790635E-017   3.1509259745581712E-017  -2.4231681979402213E-017  -1.6576355484029312E-016  -2.6362036728043552E-016  -1.4026204029796984E-016   4.2294297336284093E-017  -1.5885542385549693E-017  -2.4426301267105774E-017  -6.0641520973614849E-017  0.30819792702537741       -8.0818813089117879E-016   1.4822291055996609E-015  -6.3650713631428860E-016   4.8331965650642858E-003  -1.1388866792815059E-015  -3.0398125325050325E-015   1.6810368593797668E-017  -1.9561555980279895E-004   8.7985425431373769E-017   7.4335927044566139E-016  -1.3805755070684358E-015   5.0444818590201557E-017  -9.0412412084510827E-017   3.3509889405818613E-016   5.4852988059746564E-017  -1.3243928406833708E-015  -1.0383863228341311E-016  -7.0572316375174003E-017   3.5950166695501244E-017   4.2567449824066593E-017  -2.3645336133582747E-015  -5.5634507771675369E-016  -4.6047409479852484E-016   5.9802800584059129E-016   6.5546364164545236E-016   5.3692328343817477E-017  -2.2522645847715644E-016  -2.1587218782095565E-016  -3.9978196474558694E-016  0.15049987546198204       -8.1425000597629462E-016   8.1229681292302487E-016   7.7487019838443041E-015   9.3028116065550562E-015   1.4161496496185209E-015  -1.2006074506792223E-015  -3.5328927218146175E-015  -6.6754787568154478E-015
   1.5622808871194782E-016   8.1194303520844020E-003  -4.9466463310503717E-016  -1.2841125392681654E-016  -6.5256707962739664E-016   1.4073559780964274E-016   3.4151067042388226E-016  -4.8455573913178581E-016   1.8003584670417182E-016  -5.9535057163835543E-016  -1.1787321035641556E-015  0.16553781665658768        1.6387265720643296E-015   1.1043828960518409E-014   2.4381352432474913E-016   3.0599002116252096E-016   2.2215386614615816E-016   1.5566267399752489E-016   6.4219097002246618E-017   7.6108485212693251E-017   1.1595166224981984E-015   1.5131728172853307E-016  -6.0401477013020539E-016   4.4096131940117074E-016  -7.1586760183345284E-016   1.1106759552207940E-016  -3.7000661508981585E-016  -9.1818356780399604E-016  -1.6834983435772194E-016  -8.2843306542563421E-016  -1.2175739242283967E-015  0.30819792702538068        1.6515277520685182E-015   1.3513178676325135E-014  -1.1524301503647589E-015   4.8331965650028003E-003   8.5852737265187175E-015  -1.7480498962635455E-014   9.6519614259448630E-016  -1.9561555978056384E-004  -1.9829940936217337E-015   1.9550072096330205E-016  -9.7065540426198978E-016   1.7893376496192291E-016   8.1521174019494042E-017  -2.0745261818980686E-017   9.8320292716396586E-017   1.3021119119696031E-015   2.5297444767592711E-016  -4.7145238088411030E-016   3.7679488778826409E-016   6.3836197512138816E-016  -5.3598295958297202E-015   5.3032386125628774E-015  -7.3268329205834469E-016  -7.9847957945054535E-016  -2.1313014265375476E-016   3.7818297653054923E-016   1.8934305469559354E-016  -3.6795961428741873E-016  -3.1638170715811983E-016  0.15049987546199559        1.5583427825974394E-015  -6.7257213980996243E-015  -9.3014346266853099E-015  -4.6883925148074824E-015   8.5434020340149805E-015   1.6737392600735999E-015  -2.2906412740806073E-015
  -7.0295035721517985E-016  -8.5480537905228807E-016   8.1194303520863934E-003   4.1293315231727724E-016  -7.2997362042661188E-016  -5.7661048152807229E-019  -2.6979965886439002E-017  -5.9356524735669609E-016   1.6976344635547400E-016  -5.3724289348851509E-016   9.9347314303465243E-016   1.6387265720643296E-015  0.16553781665656184        9.7653995542282272E-015   1.3149352921767557E-016  -5.1125386356012487E-017   1.5126705406921914E-015   5.2260078043716557E-017  -1.6058520946483995E-017   2.9706659317980235E-016   8.1961491165897007E-017   2.2007993785130772E-016   1.4789703391813923E-016   2.0439912284610196E-015  -9.7141521837055750E-016  -9.9086417170886753E-017  -2.4080170931302229E-017  -1.4417759453828984E-015  -2.2216786942217106E-017  -1.3477297248030754E-015  -6.3313473141650609E-016  -2.6163841804064678E-015  0.30819792702536158        1.1633668613750231E-014  -9.3431787763458605E-015   7.0898587454157966E-015   4.8331965650155869E-003   2.0113774449067764E-015  -1.9999957582349700E-015  -4.4132207396035712E-016  -1.9561555978503501E-004   2.8008661987181128E-016   1.6525349115960037E-016  -1.1347790610909212E-016   1.5309499863438995E-016   1.6143990333233605E-017  -3.5967427644262201E-017   2.5376423768254831E-016   3.8824766780383562E-016   1.8269715859863498E-016   1.5675884102567038E-015  -2.9745364819564897E-015   2.6311835652386340E-015   3.8539023355496122E-015  -7.3200728432196146E-017  -6.6564139770766344E-016   7.3411949774892415E-017  -6.4893124460032761E-016  -4.2153191135487306E-016  -2.7422504761780782E-016   3.2133725855115815E-016   3.7288201765267090E-016  0.15049987546198829        3.6181833005968452E-015  -9.7195886060287986E-015   7.5098633663454718E-016  -4.7214846518296346E-015  -4.8264410343269654E-015  -5.2374379669561009E-017
   5.4144677976043738E-016  -2.2975032750987458E-015  -2.3242652320080567E-015   1.8328020874557754E-003   1.1407287693883598E-014   4.2815946877839637E-016  -1.4202623902140067E-016   9.1585684512320157E-015  -4.8648085002734203E-016   8.1883224513160251E-015  -1.8215316998849213E-016   1.1043828960518409E-014   9.7653995542282272E-015  0.16605261949903180        4.0904575062249570E-016   7.6163780270344455E-017   7.9544236791159119E-017   3.5549776626186798E-016   9.0648452555297004E-017  -6.8961302981671667E-016   7.1666847769973539E-016   9.5230104619240188E-017  -1.0030448545699745E-015  -3.4826402110260191E-016   2.2482293834897802E-014  -1.2970941414579888E-016  -2.4277380509175434E-018   2.5903617434806548E-014   1.1519531561997469E-016   2.5776650614890361E-014  -1.0463231266613957E-015   4.5153752186452628E-015   5.8199616166321742E-015  0.37723245998557731       -1.9179153978898464E-014  -1.0102198652793402E-014   1.1215270265049161E-014   7.4567431480354381E-003  -4.2312738870818780E-015   3.1578906028030283E-014   1.5256434408598478E-015  -1.2571089648426367E-016  -1.0849343819278413E-016  -4.4763246767797316E-017   4.7650189946880299E-017   1.1604482412553672E-016   4.8904404657401803E-016   2.2772728172411502E-016  -2.4544184012995735E-016   1.1562766483176007E-016   2.9399544445333988E-016  -1.9767814201597652E-005   2.1002740678740424E-006  0.15009122195864041        1.0676965502176234E-014  -2.0735864591239061E-016   1.3313120323602568E-015   4.3994495442692025E-017  -1.9193252697577164E-016  -1.2488840162703790E-015   3.0702589467901425E-017   6.4920613190869698E-015   5.4365398334373019E-015   8.8987734633504935E-014  -2.6218220265882134E-015   1.6180160290164760E-014  -7.3333209812599495E-014  -7.0130349955650754E-015  -3.2406929293740930E-014
  -1.3300604423684598E-017   1.1693176821331608E-017   3.5530633713215269E-018   4.7541548632925284E-018  -4.8637466184334752E-018  -6.1562004568495244E-018  -7.7469404153942275E-019  -6.9388277250020569E-019  -1.8239402298528557E-018   5.5576293909325179E-018  -9.9069605159791628E-016   2.4381352432474913E-016   1.3149352921767557E-016   4.0904575062249570E-016   1.9046288003983279E-027   2.1071547999309006E-029  -8.2863414276748365E-029   8.7036095017951419E-028  -3.5590923232767368E-029   8.7662395164595087E-028  -5.9670391235558265E-029  -4.4325576406754178E-029   1.6298385496862257E-029  -1.9202131816865678E-029  -1.5291118190141939E-018  -1.9354459878887876E-018  -2.4355582390983275E-019  -2.1814959351305224E-019  -5.7342801376682416E-019   1.7472614124605027E-018  -1.5915910310636266E-015   4.5201509194755893E-016   2.2393609329503607E-016   9.3231791591649260E-016  -4.4839330628428151E-014   3.6277834270383126E-016   3.8519080110370258E-015  -3.0387366834484624E-016   4.0256551563639501E-014   6.7129913388171427E-017   1.1518007649370745E-016   2.3371905433092360E-027  -9.8166763907077443E-030   1.0742365371622211E-029   1.0329203163863319E-027   9.6828003483083665E-029   1.0895459612431410E-027   6.1010231480066352E-030  -1.3507612299602743E-029  -3.2860312696110596E-029  -1.2867222409795978E-028  -9.5316979856777202E-017   2.1954009916325878E-016   3.5515479340205040E-016  -2.7838133561345956E-016  -3.5235620601560212E-016  -4.4340377674530363E-017  -3.9715064966131387E-017  -1.0439501830789891E-016   3.1809640057956486E-016  -2.8948704348934347E-015   2.3735051084524277E-016   2.8948568732789543E-016  -3.6781265846569286E-015  -4.6555230642855545E-015  -5.8584934057815080E-016  -5.2473717730129663E-016  -1.3793241249382749E-015   4.2028637619583424E-015
  -4.7714203561443460E-018   2.9368914700677769E-017  -3.2636175207443089E-018   9.4575935189564305E-019   2.0733849584208890E-018   9.6203832164921999E-019  -1.6690111397057517E-018   5.3933438868097805E-019  -9.8064199262385078E-019  -2.6127193471198995E-018  -1.1071675774538108E-016   3.0599002116252096E-016  -5.1125386356012487E-017   7.6163780270344455E-017   2.1071547999309006E-029   2.3264739792506282E-028   1.0655163344831801E-029   1.9598278999241100E-029  -7.9937502676333093E-030   1.6266828586670608E-029   4.9351845491290500E-028   6.2399639285316117E-030   2.2141507196988270E-028   3.1423592711446554E-029   6.5185086599033272E-019   3.0245493511634004E-019  -5.2471990424420005E-019   1.6956117428178581E-019  -3.0830373756737184E-019  -8.2141204029639240E-019  -2.0139500220938713E-016   6.7284777726175689E-016  -1.0058806339024208E-016   1.7435106563464564E-016  -8.6000790553982218E-016  -1.8578892448588804E-014   9.3893616136958809E-016  -1.3487059428982413E-016   3.5229401370570208E-016   9.2688011518092013E-015  -1.2526380000336827E-015   4.0350496598347875E-029   2.7200875208834005E-028   1.7507560388422382E-029   1.7613952076327060E-029  -4.9851989006116022E-030   6.1710360135969869E-030   5.7977481044795990E-028   1.6202159278501793E-029   2.7583989950820082E-028   3.3893940397206131E-029   1.1188615245893414E-015  -1.6501683660189464E-015   6.2593579519558669E-017   1.1867223341358749E-016   5.5063212353471678E-017  -9.5527499000305568E-017   3.0869335769838442E-017  -5.6128011814718368E-017  -1.4954156918344189E-016  -1.3863427991535800E-016  -5.4628402305301983E-016  -4.4799459197777388E-018   1.5679625058816350E-015   7.2752530175060794E-016  -1.2621616060020696E-015   4.0786256124365467E-016  -7.4159401507546949E-016  -1.9758250671252872E-015
  -3.3131556314790222E-018   1.3492070309526529E-017   8.7530052523183863E-017  -6.4435279634141448E-019  -1.6968737524280728E-018   7.2992227501924253E-019   2.5198107508902931E-018   1.6553392292865996E-018   2.1594753183122461E-019   4.1534523127969719E-020  -2.8659391688395882E-017   2.2215386614615816E-016   1.5126705406921914E-015   7.9544236791159119E-017  -8.2863414276748365E-029   1.0655163344831801E-029   2.6844374293060377E-028  -1.3773288611545614E-029  -1.0200462161699817E-029   1.5750149061642348E-029   6.6887748070012883E-029   2.2164836472230645E-028   2.9133798676867591E-029   5.5946497026969354E-028  -5.3347962248755344E-019   2.2948004187980578E-019   7.9220253499401357E-019   5.2042159640619736E-019   6.7891678839530797E-020   1.3058026205726206E-020  -6.7123469048740304E-017   4.3234416463164478E-016   2.9119186869853756E-015   1.6123858413135631E-016   2.5561708727541064E-015  -3.4818235730404411E-015  -1.6994607946598511E-014   2.0551861883188566E-015   5.3675550849433106E-016  -9.0499233727071039E-016   1.3066921178174926E-014  -2.8309371994463497E-029   2.7984632573766300E-029   2.9909118748703925E-028  -3.8578686289394990E-029   5.1234065435715138E-030  -6.9408325652445428E-029   3.1552894259181672E-029   3.4695821887260289E-028   1.9551891013524378E-029   6.3839704384320798E-028   8.9154734205468915E-016   2.8152336564677554E-016   1.6462985480309273E-016  -9.7122243122955930E-017   4.1777821452864637E-017   1.4422385402698324E-016   9.4744973716910481E-017   1.2359970009240228E-017   2.3772694062200387E-018   8.6697169551329506E-017   4.8216589849843823E-017   6.1780958515986873E-016  -1.2832322382718213E-015   5.5199144510274939E-016   1.9055645037026466E-015   1.2518224536230088E-015   1.6330668928089616E-016   3.1409784648919497E-017
  -7.8899674071806779E-017   7.8723083785061428E-018   3.2720384710242770E-018   4.6758787646003523E-018   1.7230294520345545E-018   4.2388986885771822E-018  -1.1947821126564589E-018  -2.9859680329400605E-019   1.3407636400900028E-018  -1.4244326487122470E-018  -1.9498137948216209E-015   1.5566267399752489E-016   5.2260078043716557E-017   3.5549776626186798E-016   8.7036095017951419E-028   1.9598278999241100E-029  -1.3773288611545614E-029   4.3918889934323181E-028  -2.0157345880626948E-029   4.4012065381287882E-028  -1.0553950618531022E-029   4.3210543340805893E-030   1.6230880023453349E-029   6.0304176653938040E-029   5.4170270495642565E-019   1.3326660684615408E-018  -3.7562718473352833E-019  -9.3875758065881196E-020   4.2152227267855526E-019  -4.4782694693639823E-019  -3.5102080241277433E-015   2.9152371848797568E-016   1.0239688884810276E-016   8.1722543517630213E-016  -2.1343399193218829E-014  -3.1238716075443162E-016  -9.2697799247731778E-016  -9.9635041132421350E-016   1.8366316176500016E-014  -4.4854914668192778E-017   2.3409260856110449E-016   1.1291492144326224E-027  -4.0827280807557318E-032   4.0542906975839828E-029   4.6738796615908652E-028   4.6849432218973571E-029   5.0089344564071918E-028   2.3281649645146803E-029   3.2805194239546189E-029  -8.8686065840996529E-030   1.5945339797322807E-031  -1.2618096252692948E-016   1.5894161380421302E-016   2.7555432613483688E-016   9.8619290391248070E-017   2.4261754795636327E-016  -6.8384532826347947E-017  -1.7090482588659939E-017   7.6739929553043666E-017  -8.1528807802717443E-017  -2.7197083159383521E-015   1.2753845754104979E-016   6.4121260268657332E-018   1.3030120462237243E-015   3.2055958459862069E-015  -9.0353387957444406E-016  -2.2580881083605010E-016   1.0139299546492015E-015  -1.0772032353878784E-015
  -2.9684019618590977E-018   2.9527575363274970E-018  -1.8696630544620453E-018   9.9684593440523297E-019  -1.4634430507878708E-018   8.8835790892350605E-019   8.1987453054623246E-020  -6.6253450252398825E-019  -4.6707389517200857E-019   2.1259775533371313E-018  -2.7036036482490300E-017   6.4219097002246618E-017  -1.6058520946483995E-017   9.0648452555297004E-017  -3.5590923232767368E-029  -7.9937502676333093E-030  -1.0200462161699817E-029  -2.0157345880626948E-029   6.9529747957440247E-030  -2.8577048722248465E-029  -1.7855881094575237E-029  -9.9794062501648688E-030  -4.0963525577881106E-030  -3.6165939017850624E-029  -4.6009141529958867E-019   2.7929057259779477E-019   2.5776010405384936E-020  -2.0829402058273167E-019  -1.4684321973419041E-019   6.6838543590125977E-019  -6.2189457451510500E-017   1.1816469930239787E-016  -3.7690960968218849E-017   2.0589908133665839E-016   2.2031709026160699E-015   2.3257845093724003E-016   1.4288137290239564E-015   7.5105143366009158E-018   5.0973035267642543E-016  -6.1783925878134808E-016  -1.2108869468093833E-016  -6.1675161738891950E-029  -6.6369936331694112E-030  -2.1347427931448844E-029  -2.6967269881971678E-029  -4.3865328793565530E-030  -1.8387868714703484E-029  -1.2681262921210932E-029  -2.2121835811406506E-029  -9.9697717438139568E-030  -2.8815517080180245E-029  -6.2394664994939834E-016   1.3803539164699030E-015   8.2078137104197321E-017  -8.3761606644804692E-017   5.0846041249662757E-017   4.6926327530092314E-018  -3.7920815818553682E-017  -2.6733435141126211E-017   1.2168242246332371E-016   7.2587902221419239E-017   6.8802768382328398E-017   4.8580057510141147E-017  -1.1067041958645370E-015   6.7180572875995024E-016   6.2001632554960604E-017  -5.0103057543960326E-016  -3.5321677825529437E-016   1.6077347713040403E-015
  -4.7162861057951863E-017   3.7871462849980989E-018   1.7939851862400139E-017  -8.5156838334645744E-018   4.3590264427382677E-018   2.7215959092926399E-018   2.4521232595279761E-018  -1.1923902348783739E-019   1.3582342343302956E-018  -4.2397874193622927E-018  -1.3285796560538395E-015   7.6108485212693251E-017   2.9706659317980235E-016  -6.8961302981671667E-016   8.7662395164595087E-028   1.6266828586670608E-029   1.5750149061642348E-029   4.4012065381287882E-028  -2.8577048722248465E-029   4.6996399396120109E-028  -9.5841760104131247E-030   2.8582891265788303E-029   2.1818429203611924E-029   1.2716446794696175E-028   1.3704329965246763E-018   8.5564170950155411E-019   7.7092228520155039E-019  -3.7487520313466623E-020   4.2701484747605376E-019  -1.3329454763795223E-018  -2.3444424437620215E-015   1.4209100572608986E-016   5.7737713353875878E-016  -1.5782036282941808E-015  -2.3045592184138357E-014  -7.2894416874771791E-017  -4.4876378065968818E-015   1.1861443023321724E-015   1.7544131639492577E-014  -6.6931081836305251E-017  -5.4499077333638185E-016   1.1710949913658024E-027  -1.1124474101928797E-030   7.6856754014627627E-029   4.8623017586556746E-028   5.1934715581832795E-029   4.9216313286494763E-028   1.1549272158079724E-029   7.3137267866505721E-029  -9.9410862384541183E-030   6.1636217439032534E-029   2.4545019285666343E-016  -4.9123967553927984E-016  -5.6828962408136159E-016   2.4949317847103443E-016   1.5577322662073389E-016   1.4034969368819007E-016  -6.8247631289527175E-018   7.7739876247933411E-017  -2.4266841534199629E-016  -2.2305991779163511E-015   6.5900993770895978E-017   7.1665685221131617E-017   3.2964404398826809E-015   2.0581611362302926E-015   1.8543769766943751E-015  -9.0172506153798596E-017   1.0271417977263562E-015  -3.2062679337287932E-015
  -4.9147740292131192E-018   8.8427285754573877E-017   4.6544938484250817E-018   7.4489218776079337E-018   2.1879818166618267E-018  -2.7619177129154121E-018   1.8646819599392868E-018   9.9385500459785593E-019   1.0420604112162948E-017  -3.1818368212102918E-018  -9.2568316753790635E-017   1.1595166224981984E-015   8.1961491165897007E-017   7.1666847769973539E-016  -5.9670391235558265E-029   4.9351845491290500E-028   6.6887748070012883E-029  -1.0553950618531022E-029  -1.7855881094575237E-029  -9.5841760104131247E-030   1.1304004747356653E-027   4.8047998241825658E-029   4.7472938411480601E-028   9.8220797980914506E-029   6.8787893742318582E-019  -8.6831846906763190E-019   5.8623679372283829E-019   3.1245777241971610E-019   3.2761305550413757E-018  -1.0003367096466524E-018  -1.7497416526106846E-016   2.3854925117268808E-015   1.5724327082641270E-016   1.6221639668121162E-015   4.0050510458709568E-016  -4.0866049221512431E-014  -9.4408483893443574E-016   6.6578505727944703E-016  -1.8761796135894151E-015   1.9227293228606541E-014  -2.1072684143457329E-015  -4.5655086149882198E-029   6.2278680576148408E-028   5.0585676530026592E-029  -1.4191898561649554E-029  -1.4642053409162744E-029  -4.9360459060694180E-029   1.2598757567459382E-027   5.4159817507748617E-029   6.2771843562553914E-028   1.4419026630439741E-028   3.9987937149303907E-015  -2.3823965008946614E-015   6.7636299879030760E-016   1.2523129763908503E-016  -1.5808108482979870E-016   1.0672691141387481E-016   5.6884271587385980E-017   5.9643355590059365E-016  -1.8211556922645194E-016  -6.5659747246266143E-017  -7.5953501008488382E-016   3.3480679311687372E-017   1.6546244526857555E-015  -2.0886538221485363E-015   1.4101343730695557E-015   7.5158613314806625E-016   7.8804066124089079E-015  -2.4062105858338915E-015
   3.7022733645020498E-019   9.5535479338906155E-018   2.3622988787688690E-017   1.3890059366467323E-018  -3.6481424944215016E-019   2.4251701131431543E-019   6.3625121121360330E-019   1.9628471486030208E-019   4.3005521296312048E-019   1.6852953454777888E-019   3.1509259745581712E-017   1.5131728172853307E-016   2.2007993785130772E-016   9.5230104619240188E-017  -4.4325576406754178E-029   6.2399639285316117E-030   2.2164836472230645E-028   4.3210543340805893E-030  -9.9794062501648688E-030   2.8582891265788303E-029   4.8047998241825658E-029   1.9814135163756626E-028   1.9753779073739860E-029   4.8432151394359785E-028  -1.1469384088545505E-019   7.6244849378984630E-020   2.0003082462535169E-019   6.1709891632285676E-020   1.3520492753414922E-019   5.2983949066432524E-020   5.0145610960499986E-017   2.9713503816833049E-016   5.0184943174735911E-016   2.2066582488917309E-016   1.6272352113330953E-015  -2.8940899080180344E-015  -1.6535602746150352E-014  -4.4942805060917372E-016   1.3511216712910646E-015  -1.4229398776140504E-015   9.5374842176715569E-015   1.6404832821465872E-029   1.6935925943783944E-029   2.7160250987253002E-028  -1.9893501287300869E-029   7.5179190931003479E-030  -4.4282630498947290E-029   1.2805390374847838E-029   3.0360907425089437E-028   1.1377615401234435E-029   5.4948955085871315E-028   1.6973505295330667E-016   7.2898051630772792E-016   6.5540297586185047E-017  -2.0880503441784339E-017   1.3880700377539764E-017   3.6416465711742588E-017   1.1234549281189248E-017   2.4614634347989968E-017   9.6459541604746847E-018   9.9989791875046727E-017   1.0058291242385591E-017  -5.3411984697553166E-016  -2.7588464090424730E-016   1.8339941131413337E-016   4.8115427838734630E-016   1.4843701459645855E-016   3.2522202240145088E-016   1.2744762630762551E-016
