   1.5782476462041773E-003  -4.3353616753235998E-017   5.2886956030969979E-017  -5.0803609518367531E-018   1.7231033720231430E-002  -1.5869303438967384E-016   4.0718898712653811E-016   2.0792258811997877E-017  -2.1483226075981790E-018   1.0473433574284203E-017  -1.8462458404332802E-017  -3.8226136590553091E-018  -1.1634092321357855E-017  -2.6548729105346270E-016  -5.6834878437813195E-016   6.8892974851060238E-018   1.2893073138339927E-017  -2.8485686612099337E-016   7.8170420993318541E-018  -2.3812959475684724E-016  -4.7468201431534517E-018  -1.9336618885636562E-018  -8.3256351692289078E-018   1.1046621634536244E-017  -9.0691810709569856E-018  -3.9658175985121872E-018   7.1324466472317366E-019   2.3566516388467236E-018   4.7019078386793450E-018   5.5193012348754772E-019   2.4693978230775054E-002  -2.5915043607324216E-016   5.3675798476495065E-016  -5.1026505469787802E-016   1.8520901128308949E-015  -8.0419507927905403E-016  -9.3712437824662258E-019   2.0147184771635599E-018  -3.5247580215642039E-016  -3.1241017899009714E-018  -3.7052813381339737E-016   1.3021464233868387E-017   1.0434248651458388E-017   1.0114295771395772E-017   9.7019379627460444E-018  -7.0702522236978475E-017  -2.0715257311908053E-018   3.4290465085130202E-018  -2.8007551835286227E-019   2.7477705778808000E-018  -8.0929300121610126E-019   5.8188909445438253E-019   1.9995374258633295E-002  -2.1296596462420254E-016   4.8578468902297133E-016
  -4.3353616753235998E-017   1.5782476462048007E-003   5.9045034450018194E-017   1.5834388668852628E-018  -2.7200345518704001E-016   1.7231033720234230E-002   2.3454236430353313E-016  -2.1491353671922324E-017  -1.5048801874325646E-017  -3.4403959329845093E-019  -1.8488229737604088E-017   2.8190623740399817E-018  -3.0175446598636385E-017   1.3247051564046036E-016  -3.6024469462376921E-018  -1.7547710976932235E-016   4.8368030905483286E-018  -1.6626618783921775E-018   2.7099215727925722E-018  -3.9437027204531677E-018  -3.1746912791495545E-016   7.5635808621468253E-018  -1.3574090578285365E-016   2.5006433818389248E-017  -4.2402182340492674E-017   8.4848361115039583E-019   1.1458770973736273E-018  -4.3395975261487216E-017   5.3031436589160061E-019  -3.9443219897424206E-017  -3.9620813140766951E-016   2.4693978230779873E-002   3.0351343375529025E-016   4.3836164209616711E-017   1.9930618840046115E-015  -3.4102346986718686E-018  -3.4569980052462451E-016   1.0129928552548601E-017  -1.1720414312470008E-017  -4.6641123217114706E-019  -7.3300700309024211E-018  -7.2463974178549301E-016   1.1057805590311642E-017  -3.5077718955154137E-016   2.2978899160731496E-017   6.0248797918801990E-017  -1.5489616053454481E-017   9.6417481303953202E-020  -2.9057074432596665E-019  -1.5422382227640237E-017   4.1624772212451421E-019  -1.5618916480639527E-017  -3.4833382922885892E-016   1.9995374258637358E-002   3.0755378091369499E-016
   5.2886956030969979E-017   5.9045034450018194E-017   1.5782476462043648E-003  -2.6737131798621373E-018   1.4163842304340420E-016   2.8789714611628051E-016   1.7231033720232092E-002  -4.8271319347024647E-017  -4.8799866507748984E-019  -9.3670157405931703E-018  -5.5428484377558267E-017   1.3610328520504046E-017  -5.2969059145268184E-017  -1.9696621811912596E-016   1.0716614383552651E-017   2.6132962472554221E-017  -9.3636278328286826E-017   1.8814843711916169E-018   2.1436599345558008E-019   8.4306731856704404E-019   6.6646042104126258E-017  -1.7743318882614110E-016   2.2980915921312412E-017  -3.3073361878686913E-016  -9.1525643369171655E-017   1.6918603164146936E-018   2.3384489342039409E-018  -9.7410741149635265E-017  -3.3052029702122875E-018  -9.7333428503618742E-017   2.1124145848314824E-016   5.1544954748778874E-016   2.4693978230776070E-002  -8.2191135179356079E-016  -3.5160186214654560E-015   3.5987704850119188E-018   7.5796497595122705E-018  -3.0139683758865466E-016   1.2531390989666556E-017   9.0729669851755473E-019   7.1049325962873931E-018   2.0716154291708103E-017  -2.4916200938500771E-016   1.3440667048322940E-017  -5.6575944227501011E-016  -4.6046861671167948E-016  -2.3152439395770063E-017  -5.7672763497967071E-019  -5.1629802951338179E-019  -2.4962235123433356E-017   1.9420181130107282E-018  -2.3799370079272172E-017   2.0447242997820849E-016   4.7430703965728258E-016   1.9995374258634627E-002
  -5.0803609518367531E-018   1.5834388668852628E-018  -2.6737131798621373E-018   6.5736963015477768E-005   2.5224792370074929E-017   3.7486497838607052E-017   3.7637239855253155E-017  -5.7365303112760987E-017   4.0292912448153356E-018  -8.2676452289883652E-018  -5.7193714941035971E-017  -1.1159994584168225E-019  -5.2884248685855466E-017   4.0259523728543517E-003  -1.0613602917428883E-018  -1.3257334168670067E-018  -3.4273293079516244E-018  -1.2561782148228209E-018  -1.4045139900439117E-018   1.2204427125159677E-018  -1.7312091513609530E-018  -1.3649806146339768E-018   7.1912867292485795E-019  -6.3122440701024384E-019   5.6287322157773428E-017  -2.3642110676761881E-018   1.6247136826988017E-018   6.9641886868988093E-017  -1.2593632628824958E-018   6.2880726734315843E-017   1.1063026914463955E-017   5.1601198695181695E-017   4.5971469958980754E-017   6.7472816404355908E-003  -1.4788680510843337E-003   2.5739723807244367E-018  -3.4224014696281234E-019   1.3802846501352176E-019   1.7952236179795698E-018   1.3221663579483914E-018  -3.4684719534689224E-019  -1.8377130645110504E-018  -5.2844473447516772E-019  -2.1114925693111839E-018  -2.9544225181369087E-018   1.9315815906168767E-003   6.1861349481591279E-017   1.3128275201687655E-018   3.2542107408713510E-019   4.8766531105271243E-017  -1.4833173744904313E-019   5.5618343110676918E-017   1.6167375704955944E-017   3.8609451990551230E-017   3.5028055962628219E-017
   1.7231033720231430E-002  -2.7200345518704001E-016   1.4163842304340420E-016   2.5224792370074929E-017  0.18812543378844468        4.6543895762992590E-016  -3.1206881945295531E-016   2.2700627089219926E-016  -2.3455013148578406E-017   1.1434712893069645E-016  -2.0156991463833048E-016  -4.1734632088334742E-017  -1.2701899956945978E-016   9.2949445675871730E-016  -6.2051333274760294E-015   7.5216153535863135E-017   1.4076433349257881E-016  -3.1100177956072908E-015   8.5345108120378189E-017  -2.5998575615866447E-015  -5.1824957982575876E-017  -2.1111384696453972E-017  -9.0897838934463083E-017   1.2060509663187183E-016  -9.9015743964017453E-017  -4.3298107830308792E-017   7.7870813862370127E-018   2.5729513333125982E-017   5.1334613241819763E-017   6.0258772392806980E-018  0.26960456592760773        3.2064714562627255E-016  -9.5805708495486568E-016   9.8259043165232358E-016  -2.7547478962016474E-015  -8.7800622177572177E-015  -1.0231361219213651E-017   2.1996346454498155E-017  -3.8482695964288241E-015  -3.4108400805578057E-017  -4.0453618184627613E-015   1.4216608517683892E-016   1.1391931474827383E-016   1.1042612476715745E-016   1.0592407382324297E-016   1.5104312362581645E-016  -2.2616558188525562E-017   3.7437734286218548E-017  -3.0578158710143432E-018   2.9999681987156844E-017  -8.8357204441510036E-018   6.3529640815791213E-018  0.21830602372689023        2.2551969876330085E-016  -2.1723995170388913E-016
  -1.5869303438967384E-016   1.7231033720234230E-002   2.8789714611628051E-016   3.7486497838607052E-017   4.6543895762992590E-016  0.18812543378843152       -1.3342011234244547E-015  -2.3463886716694875E-016  -1.6430020546468435E-016  -3.7561645331645942E-018  -2.0185128157939980E-016   3.0778033436844852E-017  -3.2945028564724534E-016   1.4778257596030209E-015  -3.9330890152394161E-017  -1.9158286108237878E-015   5.2807376175597092E-017  -1.8152653647816483E-017   2.9586453122385063E-017  -4.3056661432167329E-017  -3.4660728063750936E-015   8.2577862349316985E-017  -1.4819956363527407E-015   2.7301590177165207E-016  -4.6293966316211516E-016   9.2635967174905523E-018   1.2510487154266314E-017  -4.7378972168986490E-016   5.7898801515586481E-018  -4.3063422506688159E-016   5.9717516847322485E-016  0.26960456592759774       -2.2681085931923110E-015   6.8080045080935182E-016  -1.5976872444332407E-015  -3.7232350213401110E-017  -3.7742903873433531E-015   1.1059680075706999E-016  -1.2796144807757053E-016  -5.0921968351018116E-018  -8.0028431645710456E-017  -7.9114908587086135E-015   1.2072720111873229E-016  -3.8297244389916853E-015   2.5087963048431648E-016  -3.1600568818362910E-016  -1.6911293811985780E-016   1.0526693168689881E-018  -3.1724009255707606E-018  -1.6837889088554869E-016   4.5445203439069656E-018  -1.7052461772933808E-016   1.8316805140058542E-016  0.21830602372688390       -1.1619259157255590E-015
   4.0718898712653811E-016   2.3454236430353313E-016   1.7231033720232092E-002   3.7637239855253155E-017  -3.1206881945295531E-016  -1.3342011234244547E-015  0.18812543378843680       -5.2701788175581379E-016  -5.3278846787022153E-018  -1.0226745116476440E-016  -6.0515856663439409E-016   1.4859520319530813E-016  -5.7830698905596717E-016   4.1171097842722951E-015   1.1700213477517719E-016   2.8531514598306703E-016  -1.0223046257613737E-015   2.0541719623121048E-017   2.3404106894332816E-018   9.2044625756836230E-018   7.2762991383394177E-016  -1.9371847422705811E-015   2.5090164912606710E-016  -3.6108922141823364E-015  -9.9926107981401361E-016   1.8471437123456307E-017   2.5530779364825257E-017  -1.0635135553655123E-015  -3.6085632041911161E-017  -1.0626694693225733E-015  -3.5707379752294334E-016  -7.8903942479895496E-016  0.26960456592759718        1.2611635060556920E-015   1.4271344592798715E-015   3.9290751187165195E-017   8.2753299780260168E-017  -3.2905983317328700E-015   1.3681555060366783E-016   9.9057077917805357E-018   7.7570420232304814E-017   2.2617537495635563E-016  -2.7203075485898116E-015   1.4674286870582280E-016  -6.1768633400629418E-015  -2.3621777762613188E-016  -2.5277431263313544E-016  -6.2966121632690520E-018  -5.6368522250728423E-018  -2.7253334809574879E-016   2.1202616503854501E-017  -2.5983738948860620E-016   7.5788978816367947E-017  -1.7316176885036241E-017  0.21830602372688729     
   2.0792258811997877E-017  -2.1491353671922324E-017  -4.8271319347024647E-017  -5.7365303112760987E-017   2.2700627089219926E-016  -2.3463886716694875E-016  -5.2701788175581379E-016   5.2700869971397108E-029  -4.0482721343831511E-030   7.8289887504050811E-030   5.1705053903424692E-029  -1.9289229258159550E-031   4.8695814668951309E-029  -3.4575480898200280E-015  -6.9575843740867696E-030   3.1608592611227696E-030   6.5329109276188348E-030  -2.0226402462662988E-030   2.0990112413843142E-030  -4.9800810579104713E-030   3.2120822550440108E-030   6.4522048984863436E-030   3.7124387194777907E-031   1.0501683260358768E-029  -4.7065158229931581E-029   2.6970007562379345E-030  -1.6983521083228815E-030  -5.7484803190175640E-029   1.2408478495963896E-030  -5.2250156440569402E-029   3.2532510832939908E-016  -3.3626346346890666E-016  -7.5527494813192249E-016  -5.8015666133182179E-015   2.3486855443001584E-015  -1.3131461663654125E-029   4.6547421923175580E-030   9.2701118426454004E-030  -6.9500824573793030E-030  -1.9987854638222029E-030  -3.9049767792586110E-030   1.1217701630191701E-029   8.4675807748553989E-030   6.9464579533535580E-030   2.0497128783494153E-029  -1.6131818556585801E-015  -5.5269455002316376E-029  -1.3798906671210715E-030  -9.3839563543811627E-032  -4.4018770028230263E-029  -5.8296700809342940E-032  -5.0076192221678927E-029   2.6342443635386605E-016  -2.7228151489927309E-016  -6.1156631446475390E-016
  -2.1483226075981790E-018  -1.5048801874325646E-017  -4.8799866507748984E-019   4.0292912448153356E-018  -2.3455013148578406E-017  -1.6430020546468435E-016  -5.3278846787022153E-018  -4.0482721343831511E-030   1.2690966279383948E-030  -7.3876256308065851E-031  -3.3973986952238966E-030  -2.9254586486784654E-031  -3.7306221554357339E-030   1.7938107110899865E-016   8.8176476437336758E-031   1.1837144611781389E-030  -9.3946857693250810E-031  -4.8320831956355429E-031  -1.1072970897290540E-030   1.4112258359835203E-030   3.5369356382530702E-030  -5.3114982434434296E-032   1.3874510922415783E-030  -2.2646170385006546E-031   5.3509646720666966E-030  -1.0548521005406369E-030   3.3235443866002226E-031   5.0882756670095736E-030  -7.0750697404290300E-032   5.3470045142587838E-030  -3.3613629541771111E-017  -2.3546037706915145E-016  -7.6354483664804604E-018   3.0898174412591995E-016  -1.3709049870041863E-015   1.5584646637438587E-030   3.4039653348661972E-030  -3.4083338351513559E-031   1.3222526306240155E-030   1.0361365701845755E-030  -4.0656322197389954E-031   6.5204964425924446E-030  -5.5753404284403711E-031   2.4652590136669277E-030  -1.2064777819204178E-030   3.0784420333593941E-017   6.5845316274377390E-030   4.3289346516995626E-031  -1.8736234073529878E-031   6.1314794959610791E-030   1.2296229451276415E-031   6.5762082933466413E-030  -2.7217854352891861E-017  -1.9065856131310144E-016  -6.1826266425562212E-018
   1.0473433574284203E-017  -3.4403959329845093E-019  -9.3670157405931703E-018  -8.2676452289883652E-018   1.1434712893069645E-016  -3.7561645331645942E-018  -1.0226745116476440E-016   7.8289887504050811E-030  -7.3876256308065851E-031   1.2222508356479115E-030   7.4318697632782524E-030  -2.6275074008056374E-032   7.1018454682923824E-030  -4.8910426146145241E-016  -3.7373141808597229E-030   1.9554330419151942E-031   1.2489582095700962E-030  -1.5361974564151103E-030   4.7848380053583545E-031  -1.9872328313481640E-030  -3.0125782698985668E-031   1.1987163434246446E-030  -2.6396450232832871E-031   2.1195219959184825E-030  -6.9592610602448737E-030   4.9269523559659673E-031  -2.7649189690513027E-031  -8.2524368112069147E-030   2.0477576147972917E-031  -7.5965675008555895E-030   1.6387209023048623E-016  -5.3829994601120734E-018  -1.4656057516818732E-016  -8.2184784787409680E-016   5.1342257205958497E-016  -5.7513047521312163E-030   3.4021713084126777E-032   1.8703763302954918E-030  -2.7963999195525256E-030  -4.3441540777065277E-031  -2.2109682988063119E-030   4.1706759690921277E-031   1.7355001216533539E-030   5.1660898422281748E-031   4.0363409550770450E-030  -2.2052589861104711E-016  -8.3271076951603577E-030  -2.3047125966999478E-031   1.4207569293857212E-032  -6.7285877305099352E-030  -3.2991721691223558E-032  -7.6167515911419004E-030   1.3269161186104352E-016  -4.3587585537281697E-018  -1.1867401536769468E-016
  -1.8462458404332802E-017  -1.8488229737604088E-017  -5.5428484377558267E-017  -5.7193714941035971E-017  -2.0156991463833048E-016  -2.0185128157939980E-016  -6.0515856663439409E-016   5.1705053903424692E-029  -3.3973986952238966E-030   7.4318697632782524E-030   5.2153873291601314E-029  -3.3647236759538893E-031   4.8463163986807334E-029  -3.4942448104585491E-015   7.2199318523332765E-030   2.2598957300202495E-030   6.1504828893927417E-030   4.4805592661704840E-030   1.2153267026646424E-030   1.6175773553391910E-030   2.8606946982204532E-030   7.3474132550472543E-030   2.4910236399892246E-031   1.1747090540426926E-029  -4.5338386201634774E-029   2.1482331052883185E-030  -1.5483758140846768E-030  -5.6737013688084033E-029   1.1484327897471151E-030  -5.0971704902440498E-029  -2.8887199484807716E-016  -2.8927522481274445E-016  -8.6725919717113539E-016  -5.8572199886652365E-015   1.4479795199651327E-015   7.0470366798024465E-030   4.0758486468399154E-030   1.0366049769841388E-029   2.1798761333529509E-030  -1.2594678402937326E-030   4.5932001599692192E-030   9.2395058761753931E-030   9.0196068199037925E-030   5.4481101397509009E-030   2.2179373982738312E-029  -1.6695126320644327E-015  -5.3134988913532005E-029  -1.2082842794984413E-030  -2.3177906867678716E-031  -4.1780473867972331E-029   4.8366102874702433E-032  -4.7757574522849437E-029  -2.3390737595398701E-016  -2.3423388203495615E-016  -7.0224295431942831E-016
  -3.8226136590553091E-018   2.8190623740399817E-018   1.3610328520504046E-017  -1.1159994584168225E-019  -4.1734632088334742E-017   3.0778033436844852E-017   1.4859520319530813E-016  -1.9289229258159550E-031  -2.9254586486784654E-031  -2.6275074008056374E-032  -3.3647236759538893E-031   2.0895612168238081E-031  -1.5263972424740754E-031   1.3162019844367435E-017   1.4221792299504871E-030   1.3449332524229109E-032  -6.1811650070903061E-031   9.4546787933534830E-031   2.8233724338933800E-031   2.8560888143707909E-031  -1.6486777577034378E-031  -1.5230248131537515E-030  -3.8640885168789329E-032  -2.8223151272815961E-030  -1.3706633125223388E-030   2.9879398574011733E-031  -5.5091760809043243E-032  -1.1539407236653889E-030  -4.1814018521337921E-032  -1.3405826051079990E-030  -5.9810346436074530E-017   4.4108328032762872E-017   2.1295337078901897E-016   1.9581400464941025E-017   3.8242567614865832E-016   1.8868924660210949E-030  -5.8776614074536628E-031  -2.4843444597855937E-030   7.5247046096654122E-031  -2.6861150336959754E-031   1.2303056338815520E-030  -1.0692586188144376E-030  -2.0101270460232816E-030  -3.1431161343548125E-031  -4.5691202089148969E-030   2.2719014733767981E-017  -1.1092978889358794E-030  -1.2152199782432014E-031   5.7655749124050515E-032  -1.2199361372146742E-030  -2.0513108522750703E-032  -1.2226663165488791E-030  -4.8430036276511777E-017   3.5715692250773920E-017   1.7243403670200816E-016
  -1.1634092321357855E-017  -3.0175446598636385E-017  -5.2969059145268184E-017  -5.2884248685855466E-017  -1.2701899956945978E-016  -3.2945028564724534E-016  -5.7830698905596717E-016   4.8695814668951309E-029  -3.7306221554357339E-030   7.1018454682923824E-030   4.8463163986807334E-029  -1.5263972424740754E-031   4.5732539414865947E-029  -3.1765399409523679E-015   4.6213013209167275E-030   3.8548133800336315E-030   6.3542468824198600E-030   3.8268275804827283E-030   1.9231649984277145E-030  -8.0237753984687028E-032   4.6785914091801791E-030   6.8810029002639957E-030   1.2654392121181669E-030   1.1082111591666495E-029  -4.2678196508419312E-029   2.6960654739018744E-030  -1.6394578631283641E-030  -5.2294218688161816E-029   1.0636710633747819E-030  -4.7574459170711650E-029  -1.8203228321582876E-016  -4.7213871866224223E-016  -8.2877791491323645E-016  -5.3314263139356963E-015   2.3727618159463972E-015   3.5480879435940151E-030   6.5176182401081781E-030   1.0112985882563557E-029   3.8045417819350806E-031  -1.9369506269805417E-030   3.7967472563828485E-030   1.4775071838254912E-029   8.9450495800024302E-030   8.5562300918025943E-030   2.1748404234908896E-029  -1.4729667087343107E-015  -5.1112930133222326E-029  -1.3945718270422908E-030  -4.2221404130794398E-032  -4.0883620205580000E-029  -7.3071013491179703E-032  -4.6433838218968712E-029  -1.4739640555437446E-016  -3.8230334105817675E-016  -6.7108363144694385E-016
  -2.6548729105346270E-016   1.3247051564046036E-016  -1.9696621811912596E-016   4.0259523728543517E-003   9.2949445675871730E-016   1.4778257596030209E-015   4.1171097842722951E-015  -3.4575480898200280E-015   1.7938107110899865E-016  -4.8910426146145241E-016  -3.4942448104585491E-015   1.3162019844367435E-017  -3.1765399409523679E-015  0.25174914970366458       -7.5941148910785677E-017  -5.1117557159166429E-017  -1.5643619123330687E-016  -1.4650860510957214E-017  -1.0233745761003816E-017  -2.9059656771144881E-019  -1.5451875031685976E-016  -8.7072849453071007E-017   4.0590956075714838E-017  -3.5844604556576001E-017   3.3351709745646174E-015  -7.5007201970545374E-017   8.0616835941079894E-017   4.2359385504154041E-015  -7.8426463318583405E-017   3.7673407557018267E-015   7.2255957760558541E-017   2.1569014225319384E-015   5.2159246310047750E-015  0.42127561696320071        7.9628322546644297E-003   1.3650331938070745E-016  -3.0943454110906660E-017   3.4863768975876861E-017   6.1878341524230764E-017   8.1140520765181621E-018   5.2440461525740331E-017  -9.3132145730514576E-017   4.7747381290016508E-018  -7.2969452951021848E-017  -1.0643695578080189E-016  0.12503936487062989        3.5857878762710985E-015   5.2861718992533550E-017   3.6140027951719080E-017   2.7564007588401787E-015  -1.9514630241642609E-017   3.1744671256642743E-015   4.0393138018775046E-016   1.4761098224108259E-015   4.1596523975289074E-015
  -5.6834878437813195E-016  -3.6024469462376921E-018   1.0716614383552651E-017  -1.0613602917428883E-018  -6.2051333274760294E-015  -3.9330890152394161E-017   1.1700213477517719E-016  -6.9575843740867696E-030   8.8176476437336758E-031  -3.7373141808597229E-030   7.2199318523332765E-030   1.4221792299504871E-030   4.6213013209167275E-030  -7.5941148910785677E-017   2.0479145359333332E-028  -1.9449803923132667E-030  -5.3472646308747989E-030   1.0248637023278732E-028  -2.9569340227802784E-030   8.5907055305094058E-029   3.0168209562781832E-030  -4.9636012138915770E-031   3.4597266824881898E-030  -6.2766103150070317E-030   2.0688187281743896E-030   1.3286655955842785E-030  -2.2998028579166487E-031  -2.4739356792945552E-030  -1.6938025902675559E-030  -1.6083584748251630E-030  -8.8926427627983196E-015  -5.6365518226553045E-017   1.6767700742761577E-016  -1.2591795353250620E-016  -1.8396760894984763E-016   2.8963700451392436E-028   1.2046044089691484E-030  -2.8531325704710093E-030   1.2711565673752141E-028   1.2645994093768570E-030   1.3334745158718226E-028  -2.9057916602469939E-030  -5.5444236947732695E-030  -2.8351250360710522E-030  -7.4973230656581708E-030  -4.5409631846060089E-017   5.3145692065390741E-032  -1.2020867514842096E-030   5.8569107349218160E-032  -1.4255369307730722E-030   3.2807050573670520E-031  -7.4456073439451522E-031  -7.2006105508297562E-015  -4.5640666792891108E-017   1.3577255502331451E-016
   6.8892974851060238E-018  -1.7547710976932235E-016   2.6132962472554221E-017  -1.3257334168670067E-018   7.5216153535863135E-017  -1.9158286108237878E-015   2.8531514598306703E-016   3.1608592611227696E-030   1.1837144611781389E-030   1.9554330419151942E-031   2.2598957300202495E-030   1.3449332524229109E-032   3.8548133800336315E-030  -5.1117557159166429E-017  -1.9449803923132667E-030   2.0174307888767803E-029  -1.6527910074483486E-030  -6.4092968960393612E-031   2.0415476515492361E-031  -1.0467637210170334E-030   3.6134256707980193E-029  -3.7800064891086361E-030   1.5401988105897150E-029  -8.1794261975865681E-030   1.3744407240853688E-030   3.6871945875395356E-031  -2.2785441834532560E-031   1.6487045186803026E-030  -7.5300450275743869E-032   1.0228096495898663E-030   1.0779307197550670E-016  -2.7455944186350715E-015   4.0888817921259899E-016  -8.9396334509360222E-017   6.0121044132049042E-016  -3.2461534440807342E-030   3.8506978119469003E-029  -5.9577251037870265E-030  -3.4292375286563480E-031  -3.9592673548639498E-031  -2.5050420647252846E-031   8.1118420386223373E-029  -5.0835713212183044E-030   3.9637110783422553E-029  -1.1388909104821626E-029   1.4618780979837812E-019  -1.0938351886209093E-030  -1.9148032978977827E-031   1.0997348306569946E-031  -1.0051391703114123E-030  -7.5149425202335247E-032  -1.1207247672833718E-030   8.7282931753458314E-017  -2.2231811921906069E-015   3.3108768854010945E-016
   1.2893073138339927E-017   4.8368030905483286E-018  -9.3636278328286826E-017  -3.4273293079516244E-018   1.4076433349257881E-016   5.2807376175597092E-017  -1.0223046257613737E-015   6.5329109276188348E-030  -9.3946857693250810E-031   1.2489582095700962E-030   6.1504828893927417E-030  -6.1811650070903061E-031   6.3542468824198600E-030  -1.5643619123330687E-016  -5.3472646308747989E-030  -1.6527910074483486E-030   6.4053757835027220E-030  -1.7362372414237098E-030   9.1391463228445034E-031  -2.8445932475224870E-030  -5.3754309890159671E-030   1.0569688210297617E-029  -1.9205237244153626E-030   1.9850978687588829E-029   1.1363127192155619E-030   7.1249353224460926E-031  -4.0880202928907428E-031   1.7339926567437453E-030   2.8840149010167715E-031   1.5172265832289760E-030   2.0173086788484781E-016   7.5678814102337817E-017  -1.4650756642726274E-015  -2.6880260957212448E-016   1.0928747702091902E-015  -7.1457021230002220E-030  -1.6018807709938353E-030   1.8194222911889441E-029  -4.2479704583192349E-030  -9.0081684417295800E-031  -2.6932579405840787E-030  -3.0475126954820354E-030   1.5312135270116346E-029  -1.0988692506567875E-030   3.4637838161663928E-029  -3.1196026790806103E-017  -4.0067732885678310E-030  -2.8983077746387120E-031   1.7759492874646288E-031  -3.4597314366954257E-030  -2.2034516567868999E-031  -3.9203507644894014E-030   1.6334687611611100E-016   6.1279158719749056E-017  -1.1863109277321260E-015
  -2.8485686612099337E-016  -1.6626618783921775E-018   1.8814843711916169E-018  -1.2561782148228209E-018  -3.1100177956072908E-015  -1.8152653647816483E-017   2.0541719623121048E-017  -2.0226402462662988E-030  -4.8320831956355429E-031  -1.5361974564151103E-030   4.4805592661704840E-030   9.4546787933534830E-031   3.8268275804827283E-030  -1.4650860510957214E-017   1.0248637023278732E-028  -6.4092968960393612E-031  -1.7362372414237098E-030   5.2189558426080315E-029  -4.7657938928775411E-031   4.2060608646614604E-029   7.2137804505513936E-031   1.1384343211491613E-031   1.6179024886415807E-030  -2.3685689357513040E-030  -8.4879238695733419E-031   1.6001286301858531E-030  -3.8500005770500146E-031  -2.1767907659935523E-030  -8.4467522829116225E-031  -2.3806733461241279E-030  -4.4569996779634819E-015  -2.6014761580063651E-017   2.9438557513851373E-017  -3.2270276454175991E-017   1.2115386662989946E-015   1.4485351812975205E-028   4.2901592647510792E-031  -4.1909055213315254E-031   6.3033871041437418E-029  -3.3479044754078222E-031   6.7784040725923614E-029  -1.2938647146271528E-030  -1.7358651984136527E-030  -7.2296624131506703E-031  -1.4986265059276455E-030   4.4062806230706843E-017  -3.2550200045087083E-030  -9.7550988086705339E-031   2.3868840186726770E-031  -4.2060898756953641E-030   2.5523747097283519E-032  -3.9632635935102125E-030  -3.6089517775804233E-015  -2.1064847841901188E-017   2.3837186929644901E-017
   7.8170420993318541E-018   2.7099215727925722E-018   2.1436599345558008E-019  -1.4045139900439117E-018   8.5345108120378189E-017   2.9586453122385063E-017   2.3404106894332816E-018   2.0990112413843142E-030  -1.1072970897290540E-030   4.7848380053583545E-031   1.2153267026646424E-030   2.8233724338933800E-031   1.9231649984277145E-030  -1.0233745761003816E-017  -2.9569340227802784E-030   2.0415476515492361E-031   9.1391463228445034E-031  -4.7657938928775411E-031   1.1807714620504778E-030  -2.3086072257815488E-030  -1.2311789715819853E-030  -4.2331107402133567E-032  -3.3697849745214552E-031   1.0732982850438795E-031  -2.9701253827261867E-030   1.0522705108193878E-030  -3.0486274274623337E-031  -1.9901739395783175E-030   3.1678523991632190E-032  -2.6445402428528560E-030   1.2230898483782521E-016   4.2400661573325224E-017   3.3540675245751378E-018  -2.6540181581375559E-017   1.4713919629293005E-015  -4.3523649982811722E-030  -7.3576312053969046E-031   3.6940099667442392E-031  -2.5049548922513748E-030  -1.1090438557672208E-030  -7.6276691389418054E-031  -8.5396136866925761E-031   5.9079068077692308E-031   3.1806648087775666E-031   1.1624242101601117E-030   5.7258010051446100E-017  -4.3251969243007320E-030  -4.1340210847232654E-031   2.2795702412723422E-031  -4.4222930554451634E-030  -1.5227042192678179E-031  -4.6024122566792980E-030   9.9036854417321712E-017   3.4332949071594772E-017   2.7158781309308662E-018
  -2.3812959475684724E-016  -3.9437027204531677E-018   8.4306731856704404E-019   1.2204427125159677E-018  -2.5998575615866447E-015  -4.3056661432167329E-017   9.2044625756836230E-018  -4.9800810579104713E-030   1.4112258359835203E-030  -1.9872328313481640E-030   1.6175773553391910E-030   2.8560888143707909E-031  -8.0237753984687028E-032  -2.9059656771144881E-019   8.5907055305094058E-029  -1.0467637210170334E-030  -2.8445932475224870E-030   4.2060608646614604E-029  -2.3086072257815488E-030   3.7048085947213755E-029   2.2145569461350211E-030   2.0303529508422331E-031   1.6709321830257575E-030  -1.9583233257819343E-030   4.0916199121572715E-030  -4.5637566071578413E-031   1.9417427952157874E-031   1.4157119112996703E-030  -7.1711480835086435E-031   2.3414618991915223E-030  -3.7258836046241755E-015  -6.1704960791029413E-017   1.3191013502759969E-017   8.8091741184908119E-018  -1.4530246282166656E-015   1.2170279713563098E-028   1.1473600654309244E-030  -8.6983704713146819E-031   5.3947088773133850E-029   1.5516925508658705E-030   5.4855773127838271E-029  -4.5794193844949592E-031  -2.2821954207573412E-030  -1.4967685620145241E-030  -2.9562167889831274E-030  -6.1693136043734949E-017   4.4215890968760358E-030  -9.5110328604534134E-032  -1.8577536484643614E-031   3.8468522679948952E-030   2.7025515160228156E-031   4.3245584218170775E-030  -3.0169475498167925E-015  -4.9964156163920496E-017   1.0681116237052684E-017
  -4.7468201431534517E-018  -3.1746912791495545E-016   6.6646042104126258E-017  -1.7312091513609530E-018  -5.1824957982575876E-017  -3.4660728063750936E-015   7.2762991383394177E-016   3.2120822550440108E-030   3.5369356382530702E-030  -3.0125782698985668E-031   2.8606946982204532E-030  -1.6486777577034378E-031   4.6785914091801791E-030  -1.5451875031685976E-016   3.0168209562781832E-030   3.6134256707980193E-029  -5.3754309890159671E-030   7.2137804505513936E-031  -1.2311789715819853E-030   2.2145569461350211E-030   6.7187464779421842E-029  -8.9397898512419280E-030   2.8313484364099862E-029  -1.9039204574675752E-029   4.2570564234157297E-030  -6.7755420383073803E-031  -9.0298033978339031E-035   3.0473414653172977E-030  -2.1507737567578074E-031   2.9487792136807485E-030  -7.4270900110302668E-017  -4.9672659119931864E-015   1.0427741912651168E-015  -2.5295720437099104E-016  -8.8237604269290920E-016   3.3865226312926116E-030   6.9963778780049048E-029  -1.5021653317786715E-029   4.3490604352931641E-030   7.8797348234400164E-031   2.2090890530693065E-030   1.4646589243700648E-028  -1.3110614562815851E-029   7.0625766042628213E-029  -2.9161081703218010E-029  -1.1391659412702331E-016   2.4115210443658520E-030   1.6887460309804147E-031  -1.2265101128850437E-031   2.9082884941888419E-030   1.0214503404144105E-031   2.8375978405711339E-030  -6.0139133125990068E-017  -4.0221279870035151E-015   8.4436213666069340E-016
  -1.9336618885636562E-018   7.5635808621468253E-018  -1.7743318882614110E-016  -1.3649806146339768E-018  -2.1111384696453972E-017   8.2577862349316985E-017  -1.9371847422705811E-015   6.4522048984863436E-030  -5.3114982434434296E-032   1.1987163434246446E-030   7.3474132550472543E-030  -1.5230248131537515E-030   6.8810029002639957E-030  -8.7072849453071007E-017  -4.9636012138915770E-031  -3.7800064891086361E-030   1.0569688210297617E-029   1.1384343211491613E-031  -4.2331107402133567E-032   2.0303529508422331E-031  -8.9397898512419280E-030   2.0017070231696254E-029  -3.2365522938653797E-030   3.7299981076897482E-029   9.0039526742727993E-030  -1.7897294044395173E-031  -2.7935551036027781E-031   9.3139523511529415E-030   3.9538592555928181E-031   9.5033562561032957E-030  -3.0254950607151437E-017   1.1834321540463282E-016  -2.7762001184208078E-015  -1.4549870096449434E-016  -3.5348454642861910E-017   5.2508649381629636E-031  -2.4939173191878123E-030   3.3909797450453327E-029  -1.0382010639611589E-030  -7.9018917292754546E-032  -4.2211943209830699E-031  -5.7925650804293943E-030   2.8038118051823737E-029  -3.1984394195226599E-030   6.3714676515357169E-029  -4.4628224674044581E-017   1.3826545595440144E-030   5.2301761461366838E-032   3.9370728015336620E-032   1.8708211872617050E-030  -2.0527104145448454E-031   1.6005727595087117E-030  -2.4498242239989544E-017   9.5825664899814074E-017  -2.2479634454162729E-015
  -8.3256351692289078E-018  -1.3574090578285365E-016   2.2980915921312412E-017   7.1912867292485795E-019  -9.0897838934463083E-017  -1.4819956363527407E-015   2.5090164912606710E-016   3.7124387194777907E-031   1.3874510922415783E-030  -2.6396450232832871E-031   2.4910236399892246E-031  -3.8640885168789329E-032   1.2654392121181669E-030   4.0590956075714838E-017   3.4597266824881898E-030   1.5401988105897150E-029  -1.9205237244153626E-030   1.6179024886415807E-030  -3.3697849745214552E-031   1.6709321830257575E-030   2.8313484364099862E-029  -3.2365522938653797E-030   1.2063424966616642E-029  -7.0336113914330930E-030   3.0523472061181237E-030  -9.9717234396287547E-032  -3.7926079944025126E-032   3.0827923316417010E-030  -1.3145436344929378E-031   2.7157867336960553E-030  -1.3026666259939147E-016  -2.1238637551518785E-015   3.5956982977232057E-016   6.8455818619633496E-017  -8.1741047701448593E-017   4.6302503065173540E-030   2.9850935563660252E-029  -5.2865889518411506E-030   3.1015283804252362E-030   1.3275015451896937E-031   2.6356982281475585E-030   6.2524282363262708E-029  -4.6646443516413928E-030   3.0251182819885421E-029  -1.0347468619770023E-029   1.6643929121147601E-017   1.8177030509507239E-030  -2.0928345738491889E-033   1.1724778201396573E-032   1.6351369565147136E-030   2.0641452613706551E-033   1.7563927936718504E-030  -1.0548039881446489E-016  -1.7197492547265253E-015   2.9115330268860442E-016
   1.1046621634536244E-017   2.5006433818389248E-017  -3.3073361878686913E-016  -6.3122440701024384E-019   1.2060509663187183E-016   2.7301590177165207E-016  -3.6108922141823364E-015   1.0501683260358768E-029  -2.2646170385006546E-031   2.1195219959184825E-030   1.1747090540426926E-029  -2.8223151272815961E-030   1.1082111591666495E-029  -3.5844604556576001E-017  -6.2766103150070317E-030  -8.1794261975865681E-030   1.9850978687588829E-029  -2.3685689357513040E-030   1.0732982850438795E-031  -1.9583233257819343E-030  -1.9039204574675752E-029   3.7299981076897482E-029  -7.0336113914330930E-030   6.9788826675532701E-029   1.7843289819769518E-029  -3.0829431072536731E-031  -4.9273862580533248E-031   1.9057518051813760E-029   7.4533072332413345E-031   1.9126657180049143E-029   1.7284045049782069E-016   3.9126200113511785E-016  -5.1748081501343853E-015  -6.0422242208529843E-017   6.7657424695337179E-017  -6.4731639922836000E-030  -7.0744777974053073E-030   6.3347572910836796E-029  -5.3221482935211626E-030  -2.7161140867925116E-031  -4.1551634282322919E-030  -1.5703408034265811E-029   5.2487225644944502E-029  -8.2528201303481107E-030   1.1905991241009715E-028  -1.4889432518769981E-017   3.8878052995627892E-030   1.1883879890966736E-031   1.0729948003003322E-031   4.4127244615164658E-030  -4.1026808707309435E-031   4.0841235656106891E-030   1.3995353289926537E-016   3.1681530099221707E-016  -4.1901804849577633E-015
  -9.0691810709569856E-018  -4.2402182340492674E-017  -9.1525643369171655E-017   5.6287322157773428E-017  -9.9015743964017453E-017  -4.6293966316211516E-016  -9.9926107981401361E-016  -4.7065158229931581E-029   5.3509646720666966E-030  -6.9592610602448737E-030  -4.5338386201634774E-029  -1.3706633125223388E-030  -4.2678196508419312E-029   3.3351709745646174E-015   2.0688187281743896E-030   1.3744407240853688E-030   1.1363127192155619E-030  -8.4879238695733419E-031  -2.9701253827261867E-030   4.0916199121572715E-030   4.2570564234157297E-030   9.0039526742727993E-030   3.0523472061181237E-030   1.7843289819769518E-029   5.7116123241419915E-029  -3.6302311950052699E-030   1.6287133312678737E-030   6.7062433158899965E-029  -8.9986013264564810E-031   6.2350851755773755E-029  -1.4190051889232111E-016  -6.6344376953228062E-016  -1.4320517127661159E-015   5.6034513957619163E-015  -3.3951685954409387E-015   7.1647273965715952E-030   8.7762694842537239E-030   1.6742424677698536E-029   4.1893070280787004E-030   2.6841595786481289E-030   2.5144431931410361E-032   1.6199395991611166E-029   1.2837460635114609E-029   5.5612788261803658E-030   2.7996983390708553E-029   1.5082349132186227E-015   5.9121361178136754E-029   1.7302857817625419E-030  -3.2231998856153099E-032   4.8576718539600165E-029  -2.0809625657421061E-032   5.4427616519691713E-029  -1.1490064323495583E-016  -5.3720815444892587E-016  -1.1595705514468434E-015
  -3.9658175985121872E-018   8.4848361115039583E-019   1.6918603164146936E-018  -2.3642110676761881E-018  -4.3298107830308792E-017   9.2635967174905523E-018   1.8471437123456307E-017   2.6970007562379345E-030  -1.0548521005406369E-030   4.9269523559659673E-031   2.1482331052883185E-030   2.9879398574011733E-031   2.6960654739018744E-030  -7.5007201970545374E-017   1.3286655955842785E-030   3.6871945875395356E-031   7.1249353224460926E-031   1.6001286301858531E-030   1.0522705108193878E-030  -4.5637566071578413E-031  -6.7755420383073803E-031  -1.7897294044395173E-031  -9.9717234396287547E-032  -3.0829431072536731E-031  -3.6302311950052699E-030   1.0362647694407168E-030  -3.1122597703481823E-031  -3.0307518671388367E-030   1.2743115853692941E-032  -3.5144689336441918E-030  -6.2050980199750676E-017   1.3275759272170340E-017   2.6471613579524481E-017  -1.3435388980817335E-016   1.3790198329106150E-015   1.6458420543394913E-030  -2.9739796075332958E-031   2.7695012325109304E-032   1.8149402382877500E-031  -1.0193545359048497E-030   1.9386574447335860E-030  -7.2745699959083699E-032   2.3135417861507679E-031   6.3451397307207948E-031   4.9021183177577280E-031   2.1260137257928789E-017  -4.9816886494013806E-030  -4.2696976613070062E-031   2.0640818842963535E-031  -4.8936569266862949E-030  -1.3067232102197644E-031  -5.1545094946882241E-030  -5.0244337328475668E-017   1.0749737151858534E-017   2.1434773117799692E-017
   7.1324466472317366E-019   1.1458770973736273E-018   2.3384489342039409E-018   1.6247136826988017E-018   7.7870813862370127E-018   1.2510487154266314E-017   2.5530779364825257E-017  -1.6983521083228815E-030   3.3235443866002226E-031  -2.7649189690513027E-031  -1.5483758140846768E-030  -5.5091760809043243E-032  -1.6394578631283641E-030   8.0616835941079894E-017  -2.2998028579166487E-031  -2.2785441834532560E-031  -4.0880202928907428E-031  -3.8500005770500146E-031  -3.0486274274623337E-031   1.9417427952157874E-031  -9.0298033978339031E-035  -2.7935551036027781E-031  -3.7926079944025126E-032  -4.9273862580533248E-031   1.6287133312678737E-030  -3.1122597703481823E-031   1.1354874838964128E-031   1.6526552668579710E-030  -2.8783223028700618E-032   1.6862616441209491E-030   1.1159749400710929E-017   1.7928912592232743E-017   3.6588432248814496E-017   1.3744935883910289E-016  -3.9536403925551271E-016  -2.1999529503620343E-031  -2.1228949196757674E-031  -5.3106964205734910E-031   7.0174039792305463E-032   2.9759295913309059E-031  -4.3913413971129812E-031  -6.0566314136768324E-031  -5.0473454596568471E-031  -4.8756398406310745E-031  -1.1615231418013707E-030   2.3185581554761085E-017   2.2209743115697077E-030   1.3350077888359616E-031  -5.2089349542156334E-032   1.9967140559738169E-030   3.7130069496533678E-032   2.1723472924019754E-030   9.0363473966982509E-018   1.4517519776754693E-017   2.9626631623087164E-017
