   8.5683637037318349E-005  -1.5235808710793064E-008  -3.9107098653442802E-009  -1.2459071457619091E-008   8.4009926239076483E-011   5.9031284835463876E-011   1.8806686301835833E-010  -1.0203754689064082E-010   4.8272787113757831E-011   1.8027713964602715E-011  -1.8594669966249379E-008  -4.7728585905416194E-009  -1.5205778502087676E-008   3.0240184258593992E-003   1.0224775927554130E-012  -5.6419331321871419E-012  -1.7974662066711761E-011   9.4588260653854380E-012  -8.1574511289536184E-012  -1.0830655264736604E-011   6.2773349227027986E-012   7.7349144086704510E-012  -2.7799935516691812E-012   7.6322547219944253E-012  -3.8416050000098225E-012  -2.6994568914764467E-012  -8.6001524497589920E-012   4.6661757341297364E-012  -2.2074957170465401E-012  -8.2447899792639479E-013   8.0231948632991431E-003  -1.4754516563551122E-008  -3.7871723690181973E-009  -1.2065495434164576E-008   1.4578495145580546E-014  -8.0264043318254826E-014  -2.5562023534814226E-013   1.3451258027461772E-013  -1.1601156153613367E-013  -1.5407452135726133E-013   8.9302741310520354E-014   1.1004992079394680E-013  -3.9540815359040606E-014   1.0851738503946276E-013  -5.1213247951293443E-003  -7.1493378983634016E-004   1.0471511888211257E-011   7.3528619853839401E-012   2.3425290808977051E-011  -1.2710296766639180E-011   6.0128410604109920E-012   2.2398421614064942E-012   1.0402840323237352E-004   1.8693940164486501E-007   5.4276699475016926E-010   1.3931624642225493E-010   4.4384613754984795E-010   2.5829761694956622E-010   1.8144764005680426E-010   5.7807041113627135E-010  -3.1364626172602312E-010   1.4837905933570075E-010   5.5349661358991739E-011  -5.3395667975374554E-009  -1.3705539265675834E-009  -4.3664271734381235E-009   2.2486587686276779E-011   5.7718267764558672E-012   1.8388366658428715E-011
  -1.5235808710793064E-008   4.6285278779069093E-002   1.1781176277144071E-010   3.7533507319194826E-010   1.6710419596118810E-009   2.9500160912994093E-010   9.3984143352709058E-010  -7.2178998410107634E-010  -9.1452137413044462E-011  -9.4925222878707241E-010   5.6968644371971557E-002   1.0974048358549388E-010   3.4962131289801256E-010   7.1028599300943419E-009   6.6807501018140586E-011   5.5201733838609566E-011   1.7586650388502131E-010  -9.1649884285522868E-011   3.7657383454627012E-011   2.0118421623302241E-012  -3.4144795040951612E-011  -4.7376492098614585E-011  -9.3917543197481494E-012  -9.5770376984196379E-011   4.8084024873813375E-010   1.6457516249021546E-010   5.2431796735248175E-010  -3.2623576473987223E-010   6.9004682911478029E-011  -1.5460557163790975E-010  -1.7383447510530029E-009   4.5105802418288841E-002  -5.3249545805157135E-011  -1.6964605103188337E-010  -2.8017689409176904E-011  -1.1971314809673307E-011  -3.8139160058188973E-011   1.9716663070569703E-011  -7.4307610678790870E-013   1.7868165067390462E-011   2.6021783549328730E-012   5.2905418254536670E-012   8.4801381258688829E-012   2.4484219758348166E-011  -5.7696563809029302E-010   7.7650557860063684E-010   1.3517126744981464E-010   6.4442013625334770E-011   2.0530537464258395E-010  -1.1875003622339028E-010   4.1141267329585838E-011  -1.6422176280565113E-011   1.9182376989980825E-010   2.7229424671545252E-011  -2.4738627497185187E-004  -6.3803122229165776E-013  -2.0263127858864110E-012  -2.8078909311029847E-010  -5.1739819076733461E-011  -1.6483287596021392E-010   1.2450991765794069E-010   1.2771195943313045E-011   1.5627775155291048E-010   1.6241954109205845E-002  -6.8643000347200840E-012  -2.1868448518899775E-011  -5.3552057706630237E-005   1.9461351576959629E-013   6.2603615436195483E-013
  -3.9107098653442802E-009   1.1781176277144071E-010   4.6285278350319974E-002   9.6340271472052661E-011  -2.7573830086329656E-010   1.5562919359301957E-009  -9.1452115753801903E-011   5.1939139921100766E-010   1.2726576286295505E-009  -2.4365313711039788E-010   1.0974169026956398E-010   5.6968643972595372E-002   8.9740217013375595E-011   1.8231546458081457E-009  -2.7816939866107727E-011   7.6705030107849333E-011  -5.2180580977751420E-012   4.6712083609958389E-011   1.1547669047182280E-010  -9.3917273996414880E-012  -8.4151308930894683E-011   3.8198917616123291E-011   3.6191636356428650E-011  -2.4582454008538742E-011  -1.5474203733068787E-011   3.3407895905742600E-010   6.9004655949876791E-011   5.5157891394772100E-011   2.7319340921052875E-010  -3.9683895744701870E-011  -4.4619458872841749E-010  -5.3248205646462246E-011   4.5105802612089768E-002  -4.3544773788637028E-011   1.0478596226629622E-011  -2.7652639070883121E-011   9.9993629237132196E-012  -2.2539261560219092E-011  -4.1770416478279006E-011   8.4799989247049417E-012   3.0282016180469437E-011  -1.8430699935532860E-011  -1.2996607481286751E-011   6.2842952302279465E-012  -1.4809609228306005E-010   1.9931109726847903E-010   1.0218172558089802E-011   6.7969496984664058E-011   4.1141478509373950E-011  -6.0035618305652475E-012   5.5582198981889307E-011  -4.2151973194489906E-012   4.9236581048239480E-011   6.9890506726700685E-012  -6.3686934982779247E-013  -2.4738627265830906E-004  -5.1966168919688428E-013   4.4587029809995866E-011  -2.5840821735837759E-010   1.2773315370094906E-011  -8.4702965569817842E-011  -2.1131290458568920E-010   4.0115120506409057E-011  -6.8649154578182680E-012   1.6241954134161175E-002  -5.6144191831203115E-012   1.9858152704170573E-013  -5.3552058420709579E-005   1.6013141935003230E-013
  -1.2459071457619091E-008   3.7533507319194826E-010   9.6340271472052661E-011   4.6285278626999271E-002  -8.7847095720699323E-010  -9.1452098326056207E-011   1.2936414394995211E-009  -5.9024396913458537E-010   3.3205048466747820E-010   1.4687147750375040E-009   3.4962084848960200E-010   8.9739767854955676E-011   5.6968644230311692E-002   5.8083696518373784E-009  -8.8621241616191239E-011  -5.2180408536125747E-012   6.1721473184118990E-011  -4.7376479565242419E-011   4.2573002076617284E-011   1.6627518242091909E-010  -2.7922176023947255E-011  -7.2454001631010952E-011   4.2679774591545924E-011   8.0070833634098609E-012  -4.9299038707369815E-011   6.9004616141651342E-011   5.3226028679205806E-010  -2.6677918079822505E-010   1.3662004763596502E-010   3.1607789611254049E-010  -1.4215073875022545E-009  -1.6964433197974050E-010  -4.3545211058866226E-011   4.5105802487014734E-002   3.3383779846170640E-011   9.9993876656570553E-012   1.0706538645629578E-012   5.2900966086328683E-012  -5.2365651661856747E-012  -5.0081086563458272E-011   2.1280815160735321E-012   1.7574587939995481E-011  -1.2854450206529592E-011  -1.3897054848676706E-011  -4.7182736841090103E-010   6.3498495382469718E-010   3.2556320857941537E-011   4.1141176977344874E-011   1.8612765054731404E-010  -9.7107742004131111E-011   4.7774826309428183E-011   6.4551276667364742E-011   1.5686360328326379E-010   2.2265289078317440E-011  -2.0247126246882519E-012  -5.1511866310913246E-013  -2.4738627411561881E-004   1.4206986125951814E-010   1.2770104923430270E-011  -2.2172547823811413E-010   1.0181760531019428E-010  -5.6914500844130965E-011  -2.4388772594688246E-010  -2.1871024767468138E-011  -5.6143208755349754E-012   1.6241954118083862E-002   6.2385136987654254E-013   1.5838121637009684E-013  -5.3552057957494101E-005
   8.4009926239076483E-011   1.6710419596118810E-009  -2.7573830086329656E-010  -8.7847095720699323E-010   3.0635124553965473E-006   3.9437287356258454E-014   1.2563617215132035E-013  -1.5317561414392183E-006  -6.9364315039251301E-014  -1.5317563139405671E-006   2.0572015095244044E-009  -3.3834478962684810E-010  -1.0779281793241787E-009   2.9685909706991438E-009   6.1847299551968762E-014   3.2834035949800858E-014   1.0460475692230410E-013  -4.2981929211361645E-014   1.1992486546159349E-015  -4.0000777694616771E-014  -3.2777695940415424E-015  -1.0507161489838675E-014  -2.8436466848316729E-014  -7.0136323363485753E-014   3.1702375368119310E-006  -5.5659082890834942E-014  -1.7731720646914940E-013  -1.5851188808289831E-006   9.0429958333864067E-014  -1.5851186558713609E-006   7.8647002925576178E-009   1.6270874168988559E-009  -2.7382869851464198E-010  -8.7238715972408118E-010   4.5048160740901427E-013  -1.6386405623205451E-014  -5.2208121723974770E-014  -3.0812942400101911E-013   4.7757403662826126E-015  -2.9624792226500363E-013  -1.0040723320124415E-013  -1.0065246164931508E-013   1.5110269095374199E-013   1.1393495170872758E-013  -5.0313174537981693E-009   2.0753022927108741E-010   2.3200790744204634E-004   1.3930749222003493E-012   4.4382090584485083E-012  -1.1600395060225198E-004  -2.5085861132894830E-012  -1.1600395683968404E-004   4.4216344161916482E-011   6.4140395070659191E-012   2.2364465721779165E-012  -6.5408992558191878E-011  -2.0838316913600904E-010   2.3906286157276114E-003   1.5413350705967456E-011   4.9105552268720275E-011  -1.1953142741207639E-003  -2.7141201013641593E-011  -1.1953143416066467E-003   5.8380843293026200E-010  -1.1092253589178773E-010  -3.5338661516798526E-010   4.9475987232282160E-013  -1.1492097220028102E-012  -3.6621960541497806E-012
   5.9031284835463876E-011   2.9500160912994093E-010   1.5562919359301957E-009  -9.1452098326056207E-011   3.9437287356258454E-014   3.0635123134927839E-006   5.3688105906688259E-014   4.3914095069513489E-014   2.2705175351004599E-013  -8.3351491528873312E-014   3.6456268831876023E-010   1.9139508041470318E-009  -1.1092370752766944E-010   2.0859432381227371E-009  -2.6559502658772690E-015   3.2288140343893418E-014   2.6201016869557253E-014   1.1796557235349489E-014   7.5066273381410181E-014  -8.2403688493892194E-015  -5.0939441864237178E-014   2.3546292304002551E-014   3.6057747200492036E-014  -3.7075561269810671E-014  -5.5656485062765877E-014   3.1702377286280785E-006  -7.8646652006330686E-014  -5.5179772530881858E-014  -3.0566023758543514E-013   1.1083563796115518E-013   5.5262969448887919E-009   2.8057520810662891E-010   1.5248714687236972E-009  -9.7021046986566026E-011  -1.1333389788599867E-013   6.9242508626294958E-013  -1.6144089965635988E-013   1.4109919820133276E-013   2.5615710156109049E-014   1.0957292015575980E-014  -1.6247241356978638E-013  -1.7201860563393630E-013  -4.7443796331225943E-013   2.4854081130944560E-013  -3.5353615339011733E-009   1.4581243729529879E-010   1.3931708397527168E-012   2.3200790236370644E-004   1.8751439593136444E-012   1.6042082428012171E-012   8.1367468629470082E-012  -2.9973793903709976E-012   3.1067049763864750E-011   4.5069528833910021E-012  -8.0754323775966345E-011   1.1791049639587498E-010  -9.7188215549642931E-011   1.5414355508312156E-011   2.3906285602308978E-003   2.0974212512670502E-011   1.7191301562818299E-011   8.8803348027969549E-011  -3.2605657839738737E-011   8.4862302086873315E-011   5.6969838294661165E-010  -5.3722499328936446E-011  -1.2445433773562961E-012   2.3615982552032372E-012  -1.6206736635980363E-012
   1.8806686301835833E-010   9.3984143352709058E-010  -9.1452115753801903E-011   1.2936414394995211E-009   1.2563617215132035E-013   5.3688105906688259E-014   3.0635124676725598E-006  -2.5554932314846941E-013   6.7639765141694730E-014   1.2991417102550582E-013   1.1614550635049038E-009  -1.1092374295266554E-010   1.5953778229570625E-009   6.6455745765261202E-009  -8.4509333438222934E-015   2.6201170540557619E-014   1.0753276348587315E-013  -8.0567635283271956E-014   4.3249130708999206E-014   9.1894011371036793E-014  -3.8351665078459353E-014  -7.1644670831165537E-014   2.5259775356762585E-014  -2.6747149304151770E-014  -1.7732173427672342E-013  -7.8649780037095521E-014   3.1702375027411810E-006   3.5353735684498708E-013  -9.6088157139774358E-014  -1.7621139866722946E-013   1.7606144660510299E-008   8.9388059316122142E-010  -9.7021073160540425E-011   1.2462269197557496E-009  -3.6107709393865469E-013  -1.6143965623067028E-013   2.2877078062927768E-013   3.3874644768638306E-013  -1.0208431232287005E-013   1.4569049072766025E-013   2.4345520027700696E-013   2.4161764179952678E-013  -1.6519251856207222E-013  -3.5060623718614989E-013  -1.1263254114106700E-008   4.6454358392744445E-010   4.4379541643041658E-012   1.8750757952289476E-012   2.3200790774854485E-004  -9.0842445852435408E-012   2.3855612949967469E-012   4.6462939662616312E-012   9.8973754654350520E-011   1.4359124806369682E-011  -2.5726948001347936E-010  -9.7189014888272207E-011  -1.6121611503815187E-010   4.9102917483206273E-011   2.0973497395978693E-011   2.3906286204629984E-003  -9.9911072811297613E-011   2.6437508187785509E-011   5.0808161003566817E-011   2.7036166242611535E-010  -5.3722512270085455E-011   4.1540731209776170E-010  -3.9657561446863271E-012  -1.6208632987774015E-012  -2.2910921488918750E-012
  -1.0203754689064082E-010  -7.2178998410107634E-010   5.1939139921100766E-010  -5.9024396913458537E-010  -1.5317561414392183E-006   4.3914095069513489E-014  -2.5554932314846941E-013   3.0635121926606304E-006   3.6117217414326494E-014  -1.5317560512621747E-006  -8.9065459688609755E-010   6.3777295098024281E-010  -7.2833305319191177E-010  -3.6056215897491096E-009   1.4312980137731811E-014   4.3735688787784347E-015  -8.9300020313584836E-014   3.2555307796858454E-014  -1.4555116619938650E-015  -5.1759244651554075E-014  -6.8977671753820932E-015   2.6623388915692728E-014   4.8854036843987178E-015   4.6718162821677713E-014  -1.5851188809129355E-006  -5.5178683772988704E-014   3.5352946963597628E-013   3.1702378859924722E-006  -4.5273564227244196E-014  -1.5851190053363171E-006  -9.5523871853215422E-009  -6.9288709665060392E-010   5.1361833118950416E-010  -5.6660861064225961E-010  -5.3780951575788995E-013  -1.9303177234149664E-013   4.2320501269548420E-013   5.8071236126782664E-013  -5.8024176685502801E-015   1.4083278263275988E-013   2.8622990561246769E-013   4.7487871063027117E-013  -1.9099611732129954E-013  -6.6939077611499381E-013   6.1109892551585398E-009  -2.5202534868951877E-010  -1.1600395060057667E-004   1.6042179345873911E-012  -9.0844554046290295E-012   2.3200789799378201E-004   1.3198206667824042E-012  -1.1600394739347563E-004  -5.3693224147306796E-011  -7.7908338627126089E-012   1.1974471679045684E-010   9.6714357283217578E-011   9.7927046653844817E-011  -1.1953142741023650E-003   1.7191392061611469E-011  -9.9913239718869747E-011   2.3906285129510008E-003   1.4138370138950599E-011  -1.1953142388490803E-003  -2.2509421244716425E-010   2.0299692978174338E-010  -1.8407079547558482E-010   1.7681626988012375E-012   1.7309540007533078E-012   1.4457081118163762E-012
   4.8272787113757831E-011  -9.1452137413044462E-011   1.2726576286295505E-009   3.3205048466747820E-010  -6.9364315039251301E-014   2.2705175351004599E-013   6.7639765141694730E-014   3.6117217414326494E-014   3.0635122215099597E-006   3.3246923717502683E-014  -1.1092375552203591E-010   1.5651331542943558E-009   4.0949985905764677E-010   1.7057784585002647E-009  -3.6378996944579400E-014   5.5911658753755475E-014   6.9548549364445713E-015   2.3545322676240823E-014   5.4482865691925930E-014   2.5257880618312419E-014  -4.1662622122058053E-014   2.2567650359281247E-015  -2.4841808999817388E-017  -6.8657090131045923E-015   9.0425333502808746E-014  -3.0565392314174179E-013  -9.6098573553398257E-014  -4.5270396003174639E-014   3.1702378524542433E-006  -4.5156466036971676E-014   4.5191250033442266E-009  -9.7021084617355261E-011   1.2469635194164666E-009   3.1988017008414181E-010   2.5134114111160992E-013  -5.6860112793790972E-013  -9.0047185246689882E-014  -1.7201777661972623E-013   2.8637899452588896E-013  -1.6519052430850589E-013  -1.3286408474123196E-013   2.1078989046243065E-013   7.4685858871399044E-013  -8.9989010721305992E-014  -2.8910391492805457E-009   1.1923918193755112E-010  -2.5086429934796836E-012   8.1369545902737440E-012   2.3852354719175351E-012   1.3198915311331872E-012   2.3200789906729555E-004   1.1887499013618976E-012   2.5405586668297231E-011   3.6855786830633334E-012  -9.7186335339530939E-011   9.6415727140567387E-011  -4.1381318067675868E-011  -2.7141810100483795E-011   8.8805496126165929E-011   2.6434130312570834E-011   1.4139100662272648E-011   2.3906285242546533E-003   1.3002706703356531E-011  -5.3722507339341446E-011   4.6587075095690362E-010   1.0662630488762551E-010  -1.6205136712451441E-012   1.9341066047538181E-012  -5.8792603628920674E-013
   1.8027713964602715E-011  -9.4925222878707241E-010  -2.4365313711039788E-010   1.4687147750375040E-009  -1.5317563139405671E-006  -8.3351491528873312E-014   1.2991417102550582E-013  -1.5317560512621747E-006   3.3246923717502683E-014   3.0635123652267425E-006  -1.1665472224222500E-009  -2.9942821055224222E-010   1.8062610476865953E-009   6.3703493425494041E-010  -7.6160279688730331E-014  -3.7207604836351293E-014  -1.5304736632081851E-014   1.0426621426983573E-014   2.5626299638971994E-016   9.1760022332388714E-014   1.0175536778003254E-014  -1.6116227415729643E-014   2.3551063160179232E-014   2.3418160551675131E-014  -1.5851186558816498E-006   1.1083765367381055E-013  -1.7621120788893891E-013  -1.5851190052056720E-006  -4.5156574143714470E-014   3.1702376612325146E-006   1.6876973993201647E-009  -9.3420057374812120E-010  -2.3978966535692059E-010   1.4389956181360416E-009   8.7327908355941755E-014   2.0941817796585539E-013  -3.7099689098220718E-013  -2.7258293727181292E-013   1.0266773000291510E-015   1.5541513962776898E-013  -1.8582267241326790E-013  -3.7422624898529301E-013   3.9893426369147520E-014   5.5545582441747234E-013  -1.0796788724901620E-009   4.4549213098846644E-011  -1.1600395684020023E-004  -2.9973011253861811E-012   4.6463235765905815E-012  -1.1600394739461710E-004   1.1887522711462777E-012   2.3200790423497729E-004   9.4931265972715993E-012   1.3780779470479963E-012  -1.2198230673369969E-010  -3.1304491614990948E-011   1.1045530346874932E-010  -1.1953143416121661E-003  -3.2604827967736736E-011   5.0808483239240266E-011  -1.1953142388620459E-003   1.3002695114775270E-011   2.3906285804744559E-003  -3.5871430995455021E-010  -9.2074407040615346E-011   5.3745735712311107E-010  -2.2629769731433600E-012  -5.8163514812953396E-013   2.2164947002573209E-012
  -1.8594669966249379E-008   5.6968644371971557E-002   1.0974169026956398E-010   3.4962084848960200E-010   2.0572015095244044E-009   3.6456268831876023E-010   1.1614550635049038E-009  -8.9065459688609755E-010  -1.1092375552203591E-010  -1.1665472224222500E-009   7.0123701247466946E-002   9.1673372929763235E-011   2.9205693535012908E-010   1.4378128446780456E-008   8.2203233165245144E-011   6.7924714268325180E-011   2.1640049125855379E-010  -1.1277351948313037E-010   4.6337899388493705E-011   2.4784471360965505E-012  -4.2015304375495690E-011  -5.8296695544591423E-011  -1.1555347044307975E-011  -1.1784309429136645E-010   5.9243797090764050E-010   2.0368020177149341E-010   6.4890221618632532E-010  -4.0330359786522944E-010   8.6107174536597631E-011  -1.8913570682639326E-010   1.2774255586261608E-008   5.5497072050283022E-002  -9.9892498482334325E-011  -3.1824899468349416E-010  -3.4479099868263982E-011  -1.4728924962283201E-011  -4.6924586564074301E-011   2.4258329406639101E-011  -9.1015767122509372E-013   2.1994194365115371E-011   3.1989599100338166E-012   6.5064907344121462E-012   1.0437099791573419E-011   3.0126267247098986E-011  -1.0246169479320282E-008   1.5028009336279116E-009   2.0234090905691698E-010   1.8351843504813861E-010   5.8466815802551603E-010  -3.0725540584309772E-010   1.6571548308140828E-010   1.0491333457422607E-010   3.0811355391752007E-010   4.5494862365448128E-011  -3.7083010538841105E-003  -3.2915927155302910E-012  -1.0516265091881867E-011   2.8780696471787753E-011   9.9995870049678309E-010   3.1857471352733272E-009  -1.4923561327045329E-009   1.1884570172360872E-009   1.4635736860666489E-009   1.9989082279617765E-002  -2.2050817057967845E-011  -7.0252370704900080E-011  -8.2950522942973738E-005  -6.6697996226265665E-013  -2.1234590686247835E-012
  -4.7728585905416194E-009   1.0974048358549388E-010   5.6968643972595372E-002   8.9739767854955676E-011  -3.3834478962684810E-010   1.9139508041470318E-009  -1.1092374295266554E-010   6.3777295098024281E-010   1.5651331542943558E-009  -2.9942821055224222E-010   9.1673372929763235E-011   7.0123700913846718E-002   7.4964486378671791E-011   3.6905595947504289E-009  -3.4227520215162528E-011   9.4382331941385455E-011  -6.4193177669674786E-012   5.7476377435750488E-011   1.4208926679937333E-010  -1.1555318369354897E-011  -1.0354477614846415E-010   4.7001439873961246E-011   4.4532291690933475E-011  -3.0248114429868519E-011  -1.8337070775216367E-011   4.1031758997226236E-010   8.6107117921838907E-011   6.6883825103329306E-011   3.3553761695848409E-010  -4.8547015151256410E-011   3.2788759655444671E-009  -9.9892050236556063E-011   5.5497072413836723E-002  -8.1688148624758022E-011   1.2894802895903742E-011  -3.4028728110202792E-011   1.2307616650859999E-011  -2.7738047951757121E-011  -5.1401509318025442E-011   1.0436928241009567E-011   3.7263698445737089E-011  -2.2681829340569802E-011  -1.5993429197278185E-011   7.7324196636003595E-012  -2.6299717727157692E-009   3.8573909245828786E-010   8.5069461720824149E-011  -2.2511647890001073E-011   1.6571433266526552E-010  -1.1199953908686567E-010  -1.8408692454638897E-011   2.6929355164557434E-011   7.9086557148943593E-011   1.1677708190199574E-011  -3.3007908980398496E-012  -3.7083010419972848E-003  -2.6936173485461453E-012   7.9263414571603084E-010  -1.3932352351489128E-009   1.1884450784282348E-009  -1.1683089931785382E-009  -1.1393173440638706E-009   3.7567384403241563E-010  -2.2052140845759311E-011   1.9989082359836471E-002  -1.8033919824497292E-011  -6.7602865812083499E-013  -8.2950520524604495E-005  -5.4324031323290009E-013
  -1.5205778502087676E-008   3.4962131289801256E-010   8.9740217013375595E-011   5.6968644230311692E-002  -1.0779281793241787E-009  -1.1092370752766944E-010   1.5953778229570625E-009  -7.2833305319191177E-010   4.0949985905764677E-010   1.8062610476865953E-009   2.9205693535012908E-010   7.4964486378671791E-011   7.0123701129117783E-002   1.1757692719565778E-008  -1.0904454467715820E-010  -6.4192922722653973E-012   7.5949429460627279E-011  -5.8296680858405134E-011   5.2385931093621655E-011   2.0459630514806189E-010  -3.4358343218104487E-011  -8.9153019753302903E-011   5.2516102286394926E-011   9.8506149382252776E-012  -5.8419827110540165E-011   8.6107083462194512E-011   6.5761721151422704E-010  -3.2980134893910116E-010   1.6879654477305418E-010   3.8822078188523611E-010   1.0446099955204913E-008  -3.1824644774992751E-010  -8.1688452664853839E-011   5.5497072179206401E-002   4.1081572417537830E-011   1.2307645632013893E-011   1.3251924770224214E-012   6.5059344811719509E-012  -6.4406161117477219E-012  -6.1625068709323319E-011   2.6161287316820928E-012   2.1623895095446308E-011  -1.5817466475513510E-011  -1.7105068370335196E-011  -8.3787726761531940E-009   1.2289105162262274E-009   2.7102120084569031E-010   1.6571512363214536E-010   4.5342224895027540E-010  -2.5125714310249060E-010   1.1638405116151504E-010  -1.9764234481850614E-011   2.5195808080456173E-010   3.7204365684711797E-011  -1.0523674913924976E-011  -2.7221646476100931E-012  -3.7083010496368699E-003   2.5252332307216560E-009   1.1884530903241844E-009   2.0200025249470146E-009  -1.2203659469030103E-009   5.1849328188392604E-010  -1.3048676009600911E-009  -7.0255420711662841E-011  -1.8033684910136022E-011   1.9989082308100536E-002  -2.1150335815199747E-012  -5.3740538582168092E-013  -8.2950522086167508E-005
   3.0240184258593992E-003   7.1028599300943419E-009   1.8231546458081457E-009   5.8083696518373784E-009   2.9685909706991438E-009   2.0859432381227371E-009   6.6455745765261202E-009  -3.6056215897491096E-009   1.7057784585002647E-009   6.3703493425494041E-010   1.4378128446780456E-008   3.6905595947504289E-009   1.1757692719565778E-008  0.10745282625853333        3.6238482126862795E-011  -1.9996054258598663E-010  -6.3705524307010490E-010   3.3523826948018468E-010  -2.8911513941933993E-010  -3.8385843993758233E-010   2.2248035854163032E-010   2.7413965049584658E-010  -9.8528106214970748E-011   2.7050121654139894E-010  -1.5104470660469771E-010  -1.0613567621159749E-010  -3.3813577182377310E-010   1.8346399745905097E-010  -8.6792997279383725E-011  -3.2411400848696551E-011  0.28442238859401481        1.0115787504322319E-008   2.5965088799996660E-009   8.2721790206290808E-009   7.0493595324911163E-013  -3.8834369860143935E-012  -1.2368926985770976E-011   6.5088124289237116E-012  -5.6135145906832808E-012  -7.4546885773966173E-012   4.3207560839714277E-012   5.3244458940866620E-012  -1.9132044465700872E-012   5.2512049515201985E-012 -0.18180879297746952        1.2891004401429098E-002  -6.5854260930721093E-010  -4.6272366696240320E-010  -1.4741843200117739E-009   7.9986079966849756E-010  -3.7839173396840584E-010  -1.4127903575006468E-010   1.2409228212216605E-003   2.6116430476090920E-004  -1.8831769124131156E-009  -4.8337262240215405E-010  -1.5399732192736172E-009  -1.4611158146557532E-009  -1.0264329739199617E-009  -3.2700986832644861E-009   1.7744522037486705E-009  -8.3936512092755024E-010  -3.1329529789156800E-010   2.7509585212824639E-009   7.0611101218104574E-010   2.2495867920777638E-009  -1.0246244222719022E-010  -2.6300784142633812E-011  -8.3789245878454384E-011
   1.0224775927554130E-012   6.6807501018140586E-011  -2.7816939866107727E-011  -8.8621241616191239E-011   6.1847299551968762E-014  -2.6559502658772690E-015  -8.4509333438222934E-015   1.4312980137731811E-014  -3.6378996944579400E-014  -7.6160279688730331E-014   8.2203233165245144E-011  -3.4227520215162528E-011  -1.0904454467715820E-010   3.6238482126862795E-011   2.9795289867235732E-019  -2.3577279299443773E-020  -7.5119726559017342E-020   4.2726058430030889E-020  -1.9508020210073185E-019  -4.4248306790279687E-019   1.3032140280285435E-019   1.4033518283525010E-019  -1.5126527663714107E-019  -4.8622731012962668E-020   6.3997193961276565E-014  -2.7489884699095019E-015  -8.7469724415258698E-015   1.4813174099304684E-014  -3.7645715056778924E-014  -7.8810368061053130E-014   9.6006492203610447E-011   6.5188832118942389E-011  -2.7142311830772272E-011  -8.6471937385600815E-011  -1.0946294398845087E-019  -1.8690042169957762E-020  -5.9551665614462735E-020   3.7031976948437272E-020   2.9266978107718482E-020   1.0982548343913906E-019  -1.3555060217378243E-020  -1.0027968324199361E-020   3.6887307131895493E-020   5.1860542155369682E-020  -6.1336440860271034E-011  -5.4546899532366600E-013   4.6834609590768222E-012  -2.0117026898518051E-013  -6.4010115580533330E-013   1.0840693498417794E-012  -2.7550054479012628E-012  -5.7675303089083377E-012   5.0242587574097324E-013   7.5943580131812462E-014   1.4004285790019267E-011  -5.7187886927125050E-012  -1.8215078738275530E-011   4.8258767676353562E-011  -2.0728734640995458E-012  -6.5956500711382319E-012   1.1170337645879424E-011  -2.8387801343398476E-011  -5.9429105322223544E-011   2.3450867371702591E-011  -9.7642845850871181E-012  -3.1107769886618723E-011  -1.5740547173252747E-013   6.4871927378982731E-014   2.1186803906303084E-013
  -5.6419331321871419E-012   5.5201733838609566E-011   7.6705030107849333E-011  -5.2180408536125747E-012   3.2834035949800858E-014   3.2288140343893418E-014   2.6201170540557619E-014   4.3735688787784347E-015   5.5911658753755475E-014  -3.7207604836351293E-014   6.7924714268325180E-011   9.4382331941385455E-011  -6.4192922722653973E-012  -1.9996054258598663E-010  -2.3577279299443773E-020   5.6832806118352112E-019   1.3830711864694529E-018  -6.5151117617479342E-019   7.7240967228266487E-019   6.8313753967930442E-019  -5.9336062490724559E-019  -4.9588751418584697E-019   2.2774226196393920E-019  -6.6126762037780416E-019   3.3982750497142396E-014   3.3414879948580353E-014   2.7127214189978270E-014   4.5183106441630877E-015   5.7861420166068867E-014  -3.8501061154882658E-014  -5.2975473910703503E-010   5.3858093705010786E-011   7.4844166120033999E-011  -5.0958968224962635E-012  -1.8699276012098407E-020  -6.1237386717125658E-020  -6.7433346531691138E-021  -2.3514824750832180E-020  -5.5539981069335497E-020   4.8596325675729335E-020   4.4868574290385504E-020  -2.8264732009928337E-020   1.0082793800096104E-021   2.6092584498503747E-020   3.3844870462059074E-010   3.0056596991629358E-012   2.4869045294073472E-012   2.4453385165492657E-012   1.9851616395709663E-012   3.3070696298834456E-013   4.2344306764696848E-012  -2.8176114924702530E-012  -2.7724716975420279E-012  -4.1866047773145916E-013   1.0515890197562945E-011   1.5669982589107950E-011  -1.8270871402998509E-012   2.5625257455785890E-011   2.5196960442170163E-011   2.0455244122308435E-011   3.4076451566957289E-012   4.3631915468009177E-011  -2.9032902612558499E-011   1.9376442776847373E-011   2.6924899027041155E-011  -1.8320272153133574E-012  -1.2621492833774346E-013  -1.8041054278240853E-013   1.3959253482526447E-014
  -1.7974662066711761E-011   1.7586650388502131E-010  -5.2180580977751420E-012   6.1721473184118990E-011   1.0460475692230410E-013   2.6201016869557253E-014   1.0753276348587315E-013  -8.9300020313584836E-014   6.9548549364445713E-015  -1.5304736632081851E-014   2.1640049125855379E-010  -6.4193177669674786E-012   7.5949429460627279E-011  -6.3705524307010490E-010  -7.5119726559017342E-020   1.3830711864694529E-018   4.5405427947304858E-018  -2.4108258967905944E-018   1.9050567517013194E-018   2.5115927814272538E-018  -1.4797580131691031E-018  -1.9110593273757932E-018   6.0223256531699047E-019  -1.9598888662340830E-018   1.0826440494452390E-013   2.7127055255402964E-014   1.1131892165172852E-013  -9.2432114865241979E-014   7.2085938587924156E-015  -1.5832290112890781E-014  -1.6877481570481383E-009   1.7158579966965369E-010  -5.0958990359960721E-012   6.0211218106522261E-011  -5.9570947872423317E-020  -6.7363624932443965E-021  -8.0598611863119255E-020   4.5234391314569579E-020   2.2283590475641919E-020   3.4669246021408328E-020  -1.4057533522624864E-020   1.4517226085211513E-020   2.5597089746566051E-020   4.9252713335431004E-020   1.0782653407051082E-009   9.5766601615141637E-012   7.9229384038506373E-012   1.9851500079070529E-012   8.1463335948213717E-012  -6.7642800569302637E-012   5.2748190261371047E-013  -1.1586583471452217E-012  -8.8325484573340219E-012  -1.3328050928100484E-012   3.3499347941740622E-011  -1.8245877286098258E-012   1.0401817265663645E-011   8.1638572772912709E-011   2.0455124268415830E-011   8.3940411721096271E-011  -6.9699654934690178E-011   5.4351968724225116E-012  -1.1938917838447833E-011   6.1731161891548610E-011  -1.8320319852334073E-012   2.1664238211647491E-011  -4.1091380068598767E-013   1.5015898437561374E-014  -1.3880276277748992E-013
   9.4588260653854380E-012  -9.1649884285522868E-011   4.6712083609958389E-011  -4.7376479565242419E-011  -4.2981929211361645E-014   1.1796557235349489E-014  -8.0567635283271956E-014   3.2555307796858454E-014   2.3545322676240823E-014   1.0426621426983573E-014  -1.1277351948313037E-010   5.7476377435750488E-011  -5.8296680858405134E-011   3.3523826948018468E-010   4.2726058430030889E-020  -6.5151117617479342E-019  -2.4108258967905944E-018   1.3272847893188555E-018  -9.0490063134577236E-019  -1.3845993743489446E-018   7.0653340688932416E-019   1.0650644248319560E-018  -2.9640661759463678E-019   1.0030625073966816E-018  -4.4487499111954601E-014   1.2199270335199352E-014  -8.3395049662276969E-014   3.3699988701060188E-014   2.4358636512197537E-014   1.0787510429604881E-014   8.8814554463466378E-010  -8.9418976359377435E-011   4.5581912325623226E-011  -4.6220559659999413E-011   3.7043091749329864E-020  -2.3522036256412918E-020   4.5236890149318499E-020  -5.2323740261421209E-020  -4.6169368532478495E-020   2.6351700898149088E-021   2.9845468119617221E-020  -3.4120531962360577E-020  -1.6537843048639995E-020  -8.2851883216477578E-021  -5.6741673799540135E-010  -5.0399405482327245E-012  -3.2556356152955315E-012   8.9280804169867679E-013  -6.1029280411024509E-012   2.4661608588225628E-012   1.7826599117623247E-012   7.8947475659194032E-013   4.6477183691337411E-012   7.0138613212180756E-013  -1.7442111679159770E-011   1.0067277495034431E-011  -8.5542590894139027E-012  -3.3546317954543773E-011   9.1995800952996071E-012  -6.2885030680041107E-011   2.5411501078926472E-011   1.8368684739868267E-011   8.1348168757371210E-012  -3.2170153446974296E-011   1.6397088169754240E-011  -1.6629442798744931E-011   2.1276040078659908E-013  -1.1106334047782384E-013   1.0909961099021753E-013
  -8.1574511289536184E-012   3.7657383454627012E-011   1.1547669047182280E-010   4.2573002076617284E-011   1.1992486546159349E-015   7.5066273381410181E-014   4.3249130708999206E-014  -1.4555116619938650E-015   5.4482865691925930E-014   2.5626299638971994E-016   4.6337899388493705E-011   1.4208926679937333E-010   5.2385931093621655E-011  -2.8911513941933993E-010  -1.9508020210073185E-019   7.7240967228266487E-019   1.9050567517013194E-018  -9.0490063134577236E-019   1.1403226451252543E-018   1.1666264652903719E-018  -8.6538785582531608E-019  -7.4860234826650974E-019   3.8862056692476461E-019  -8.6196228675092285E-019   1.2501518396867842E-015   7.7684334330020584E-014   4.4774543729537124E-014  -1.5173004583193578E-015   5.6383226598376942E-014   2.6714860065763746E-016  -7.6595170000481300E-010   3.6736697182926366E-011   1.1267513053438549E-010   4.1534551203893941E-011   2.9260727499404391E-020  -5.5549834321820071E-020   2.2282682470439251E-020  -4.6170442502173324E-020  -9.1859646328439733E-020   6.9060636658455384E-021   6.6206088446023677E-020  -3.5644595131572028E-020  -3.3322388161076214E-020   9.9586383589708601E-021   4.8934976735012678E-010   4.3464343662539857E-012   9.1439699564146906E-014   5.6850883375879298E-012   3.2765995030324014E-012  -1.1097966971967826E-013   4.1262224909743019E-012   1.9539970049616354E-014  -4.0082997603872253E-012  -6.0489804675849159E-013   6.4743190058179935E-012   2.3574211463927342E-011   7.7333266249587724E-012   9.4218634640641981E-013   5.8579605688748749E-011   3.3762314885590679E-011  -1.1435244067485680E-012   4.2516925846631042E-011   2.0133806023355301E-013   1.3217809108641290E-011   4.0534467904296775E-011   1.4943416154660612E-011  -8.5272721354599397E-014  -2.7227184562453562E-013  -9.8427487961728585E-014
  -1.0830655264736604E-011   2.0118421623302241E-012  -9.3917273996414880E-012   1.6627518242091909E-010  -4.0000777694616771E-014  -8.2403688493892194E-015   9.1894011371036793E-014  -5.1759244651554075E-014   2.5257880618312419E-014   9.1760022332388714E-014   2.4784471360965505E-012  -1.1555318369354897E-011   2.0459630514806189E-010  -3.8385843993758233E-010  -4.4248306790279687E-019   6.8313753967930442E-019   2.5115927814272538E-018  -1.3845993743489446E-018   1.1666264652903719E-018   1.9782593600266594E-018  -8.8137577227592904E-019  -1.2533413711633549E-018   4.9935328178903443E-019  -9.3781757561607589E-019  -4.1379797301260080E-014  -8.5185068887574891E-015   9.5118194987728940E-014  -5.3575043164010020E-014   2.6143896171147733E-014   9.4954840447192740E-014  -1.0169547792040476E-009   1.9528264535092465E-012  -9.1666762871876296E-012   1.6223566981252962E-010   1.0982227085356618E-019   4.8599430452344681E-020   3.4664544855656604E-020   2.6358768335544712E-021   6.9036096569531348E-021  -1.4998452585037904E-019  -1.1660412889790293E-020   4.7572599067683680E-020  -3.2952448080407681E-020  -6.1294988396869290E-020   6.4971014035624666E-010   5.7703919237554736E-012  -3.0283294392514192E-012  -6.2345074339521702E-013   6.9608247130700415E-012  -3.9206727189087680E-012   1.9132388740624483E-012   6.9490021580274470E-012  -5.3218772379543911E-012  -8.0314502997291333E-013  -1.3367077584992909E-012  -2.3966545118139200E-012   3.2996225635829491E-011  -3.1204175815524519E-011  -6.4241023967541209E-012   7.1724861993970177E-011  -4.0398908102090741E-011   1.9714158470737480E-011   7.1603083917482789E-011   7.0528173371069167E-013  -3.2969214173957089E-012   5.8365189042466402E-011   1.5080304056653175E-016   2.4070333517035437E-014  -3.8867092504562320E-013
   6.2773349227027986E-012  -3.4144795040951612E-011  -8.4151308930894683E-011  -2.7922176023947255E-011  -3.2777695940415424E-015  -5.0939441864237178E-014  -3.8351665078459353E-014  -6.8977671753820932E-015  -4.1662622122058053E-014   1.0175536778003254E-014  -4.2015304375495690E-011  -1.0354477614846415E-010  -3.4358343218104487E-011   2.2248035854163032E-010   1.3032140280285435E-019  -5.9336062490724559E-019  -1.4797580131691031E-018   7.0653340688932416E-019  -8.6538785582531608E-019  -8.8137577227592904E-019   6.5823771235076816E-019   5.7776298431232182E-019  -2.8975107124432505E-019   6.7230204925394181E-019  -3.3987219355065447E-015  -5.2716402559253712E-014  -3.9702167201960179E-014  -7.1296032853454027E-015  -4.3115971881707975E-014   1.0528325235462496E-014   5.8941640420024273E-010  -3.3311055209010027E-011  -8.2109423496298982E-011  -2.7240392382402949E-011  -1.3556706560084851E-020   4.4892941151305567E-020  -1.4051930894399789E-020   2.9853260913099434E-020   6.6230000573795171E-020  -1.1659412322472769E-020  -4.9574812627673644E-020   2.4413080937521116E-020   2.1653304466599361E-020  -7.7221370984617519E-021  -3.7656523683463572E-010  -3.3440637383333892E-012  -2.4868606627398930E-013  -3.8578804411944519E-012  -2.9054199811240570E-012  -5.2181457277461252E-013  -3.1553037962353046E-012   7.7050063913090589E-013   3.0848142056107738E-012   4.6490458412902776E-013  -6.0531082509738222E-012  -1.7126943333862887E-011  -4.9523168697992605E-012  -2.5624693716118296E-012  -3.9751907993121923E-011  -2.9937658920417446E-011  -5.3768352361684888E-012  -3.2512502166803836E-011   7.9393046078651464E-012  -1.1984979731469966E-011  -2.9538648719086612E-011  -9.8008130545007368E-012   8.2143267156744380E-014   2.0139727291413996E-013   6.3240060953670589E-014
   7.7349144086704510E-012  -4.7376492098614585E-011   3.8198917616123291E-011  -7.2454001631010952E-011  -1.0507161489838675E-014   2.3546292304002551E-014  -7.1644670831165537E-014   2.6623388915692728E-014   2.2567650359281247E-015  -1.6116227415729643E-014  -5.8296695544591423E-011   4.7001439873961246E-011  -8.9153019753302903E-011   2.7413965049584658E-010   1.4033518283525010E-019  -4.9588751418584697E-019  -1.9110593273757932E-018   1.0650644248319560E-018  -7.4860234826650974E-019  -1.2533413711633549E-018   5.7776298431232182E-019   8.9578930311402491E-019  -2.7926605661733551E-019   7.5672508175102274E-019  -1.0881274204037202E-014   2.4359639953176721E-014  -7.4157148335174142E-014   2.7559496498839551E-014   2.3299497165279644E-015  -1.6678222280097165E-014   7.2627719738537611E-010  -4.6220574366875984E-011   3.7274733291501882E-011  -7.0691437630165189E-011  -1.0020464024363831E-020  -2.8269063213296927E-020   1.4526680099411263E-020  -3.4124273785311255E-020  -3.5642123520369168E-020   4.7574966900687298E-020   2.4406546871979417E-020  -3.8494600885071170E-020  -4.4904568584274981E-021   1.7864492838729946E-020  -4.6400259399644585E-010  -4.1216777309828715E-012  -7.9626815994000793E-013   1.7827333461393535E-012  -5.4268973693323910E-012   2.0168004309008717E-012   1.7053271255404935E-013  -1.2205322708642982E-012   3.8004644939007223E-012   5.7359907242339335E-013  -8.5546814973465517E-012   8.2352739595472711E-012  -1.3974615619491033E-011  -8.2047973803788268E-012   1.8369441413676111E-011  -5.5919162547065275E-011   2.0781258507617507E-011   1.7571914892161830E-012  -1.2576461127141589E-011  -1.6629447377333105E-011   1.3408759336565776E-011  -2.5432276952384465E-011   1.0676545666643022E-013  -9.1757555046800338E-014   1.7047282567850060E-013
