   1.5993455509204099E-002  -2.1991925250716204E-017  -1.8014495713895256E-016  -4.1504281088620391E-017   5.1323961321677696E-019  -2.1296512018583213E-017  -1.2523754832924335E-017   4.6760820524353860E-017  -3.1050840979642789E-017  -2.0039390072406449E-017   4.8526552579957277E-002   1.2128238585112627E-016  -3.6944654071901792E-016   3.4060753331156479E-016  -1.3939870753608318E-015  -5.8040206405178211E-017  -2.6778585196892376E-017  -6.7644324714494279E-016  -4.6469025437805067E-018  -4.8649465575146544E-016  -7.6487163821212586E-017  -1.6973717890677580E-017  -4.2497931736130957E-017  -6.7684243011546971E-017   5.9982966520177020E-018  -1.2384398317032077E-018   9.3232605684701656E-018  -1.0496533873780406E-017   1.8262940613189332E-017  -6.0460716666278663E-019   9.1837603969238553E-016   4.8293644626809615E-002   1.0633470284748054E-016   1.2149057226914811E-016  -7.8509785805783645E-016  -2.6052538338746881E-003   7.3380585375891033E-016   2.7707655139298359E-016   3.4055294793573437E-016  -6.3779589423608121E-005  -1.9570088708867463E-016   1.2439373232612020E-016  -3.1105609926888133E-016  -2.1211071164339910E-015  -1.4358891101450527E-017  -9.2748943449920882E-017  -1.1068647934239113E-015   2.0929990355729781E-018  -1.0802151615762099E-015  -5.2817760574096332E-017  -8.7702567000335373E-017  -2.3168044509049701E-017  -1.8507895151072120E-016   4.0544132015791570E-016  -3.9178972893555837E-017  -1.7631921639986384E-016  -6.3757862469767820E-017  -7.4560058225368942E-017  -5.0981840919792716E-017   1.0492782627712787E-016   1.2152623861773680E-002   1.4890946637723985E-019  -1.8003166982585093E-016  -3.9818759222528600E-016  -1.9126817542067473E-015  -7.3580202306555428E-016  -8.0797793984469897E-016  -5.0123191328487431E-016   1.2404304861467133E-015
  -2.1991925250716204E-017   1.5993455509206032E-002   4.6679519875226994E-017  -2.2710857237414027E-016   1.5836646696180053E-016   1.5511434036722592E-017  -1.3941416057652044E-017   1.2882813102345651E-016   5.5084955223596055E-018   1.6977390332300799E-016  -2.0472861165928910E-016   4.8526552579962433E-002   1.0000826061065825E-016   1.6657151759869779E-015   6.7226567177295566E-017  -9.7548544518828338E-016   1.4929843698782799E-018   4.1256998488597561E-017   1.4996871574568572E-018   2.7518517064805299E-017  -1.7510540920018957E-015   9.7940849195471795E-019  -6.4718029050176636E-016  -3.9841684234840150E-018   1.8256830066767931E-016   4.5910002518625421E-019   1.9950531525608967E-018   1.7457511966401407E-016  -3.7482847693564230E-018   1.5812092014296351E-016   4.9573178773126919E-015   6.9917320907532264E-018   4.8293644626810496E-002   1.5935573767351670E-016   5.8517109426264244E-015  -8.7242875026820767E-016  -2.6052538338813516E-003   6.4445368035485292E-015  -7.3242995623900825E-015  -1.0389363017689693E-017  -6.3779589425304274E-005   9.2228838130303033E-016  -4.4149572386644800E-016  -6.7681334602916294E-018  -9.8563566689510340E-016  -9.8015209612099486E-018  -6.8806017377247517E-018  -1.1513126619403632E-018  -2.6922886860224731E-018  -2.8716586285259563E-015  -6.0574189143976531E-018  -1.0840910939439709E-015  -7.6113276885975404E-018   2.9682216745364456E-015   2.4642184625284466E-016  -9.1436058299141299E-017  -1.2449714271318796E-016  -3.4422042400395851E-016  -1.2581561922498204E-016   2.6233486941440180E-016  -6.1852153005310033E-017   1.2152623861774027E-002   4.1011785331777713E-016   2.1591926848768933E-015  -9.9053367171935989E-016  -1.3647104033444276E-015  -4.4002611652905249E-015  -1.4109100627847544E-015   2.2689343834876503E-015
  -1.8014495713895256E-016   4.6679519875226994E-017   1.5993455509204665E-002  -1.0134719470461601E-016   1.2646225231366906E-016  -2.2422939147494419E-017   4.9174026218699234E-018   6.2403358158276544E-017  -6.6937341097074250E-018   8.7665359199158553E-017  -1.8884636882556246E-016  -3.4012765171636829E-017   4.8526552579960754E-002  -3.8940181220841615E-016  -1.4432414794793157E-017  -1.5067386631598469E-018  -5.7416832724898626E-016   1.0431547335926746E-017   1.3205633398564060E-018  -1.1696942840393322E-017   4.6709216987750242E-017  -6.4792835081212299E-016   1.1489154816640170E-017  -1.4804145814970508E-015   5.1718866514924427E-017   2.7519487039533793E-017  -1.8789307996548797E-017   2.7564658960439814E-017   1.0594952106165658E-017   3.3964676818152979E-017   4.5788992486354072E-016   1.4702588082836933E-018   9.8043069049986942E-017   4.8293644626806784E-002   8.9687367533764947E-016   1.7129817476134697E-016  -2.4022712499237530E-016  -2.6052538338686782E-003   5.9719629121498964E-015   6.1348569347600644E-016   3.4372541090744591E-017  -6.3779589423467825E-005  -3.1455435920197357E-016  -4.5296985358370602E-017   1.2045965264289658E-017  -1.2242525074695047E-015  -2.1924684829120785E-017  -2.2086959334305220E-018  -2.5150905844915506E-017   1.4119902895443693E-017  -1.1221284294464386E-015   1.1778339291769809E-017  -2.0494978249777000E-015   1.8873363410591153E-016  -4.6086241737602370E-017  -1.3079424912140816E-016  -8.9833428353265626E-017  -2.9621109679286172E-016  -1.8364511796725380E-017   5.0982328907886200E-017  -5.3007986479704952E-017  -1.1826998217079174E-017   1.2152623861775428E-002   5.5626000210738402E-016  -1.3784551482548545E-015  -1.1556971608020626E-015  -2.3701080235099594E-015  -1.5966013705652285E-016   1.5287654134926363E-015
  -4.1504281088620391E-017  -2.2710857237414027E-016  -1.0134719470461601E-016   1.1384532434484056E-004   9.2810791638972177E-018  -1.7565169541145371E-017  -1.8595358969761195E-017  -2.0086928383317996E-016  -4.2597995887666570E-018  -8.2398517944554047E-017  -1.9085096228423595E-016  -8.7194833146350748E-016  -2.7740934751389901E-016   3.7371994890901838E-003   4.6982149750085181E-018   5.2162574120487711E-018   1.2387733833395858E-017   2.0096507524134729E-018   9.0871670602971037E-018  -3.5977988965312957E-018  -3.8257850370706019E-017   3.0392580577998514E-018  -2.3631017965400390E-018  -8.8833785109895663E-018  -5.1346112636579725E-016   1.9305653175492453E-017   2.2060549113145266E-017  -4.5786876349894749E-016   3.9478859948552952E-018  -5.9270544335733044E-016   9.2623210981732512E-003  -1.5314540643642637E-016  -8.1733947238003593E-016  -2.9224516376876212E-016  -1.5336686813761152E-003  -2.1484033300393243E-016   9.0052398899789670E-015   9.0187492096484869E-015   6.6836946378431373E-005   1.4154474634006567E-015   5.1504411033424217E-015   9.9701952427001757E-016  -6.5517046036012047E-006  -1.6344764664941774E-018  -6.8965235196989172E-018  -7.7037058336186874E-018   2.2100646965990157E-018   6.6303511638003557E-019   4.4488228902437293E-018   1.0655687057849053E-017  -4.0783516768811751E-018  -5.8785432090412441E-018   2.1465956443685130E-018   4.6640646044456106E-003   3.8692527857317511E-015   7.5819733847311592E-017   6.9276485721201100E-017  -3.3053398914920923E-015  -1.2321017308543279E-016  -2.3389740598843671E-015  -5.8127973995550363E-017   3.0360384930259755E-016   4.4983777809308085E-016   4.9669749885512950E-014   9.8838384225873340E-016   9.1486781760496387E-016  -3.0612342402588287E-014  -1.3589424849469997E-015  -2.1114874311710543E-014
   5.1323961321677696E-019   1.5836646696180053E-016   1.2646225231366906E-016   9.2810791638972177E-018   3.5938560101045064E-006  -1.6345710323476486E-018   2.7456580223079314E-019  -1.7969280050589119E-006   2.2545914724683221E-018  -1.7969280050513100E-006   6.0388390555062601E-019   4.5809714787927408E-016   3.8012645078665306E-016  -1.7163753686735873E-015   1.0131220004556212E-018  -7.2570789542073961E-019   1.9450613790121334E-018  -7.6279802939771140E-019   1.7286265845005168E-018  -6.7005140035291555E-019   1.7162648839496037E-018   2.6743001789608103E-019  -9.5034512845013381E-019   1.4778600083848574E-018   1.9833692030340763E-006   7.9267738408910204E-019   2.4348445064758553E-018  -9.9168460151986256E-007  -1.0110896087685097E-018  -9.9168460151491102E-007  -3.8720356688764354E-015   8.0053179290006301E-018   4.6890101803607605E-016   3.8474165954444877E-016   1.4881325634417326E-014  -5.8687421483503522E-016  -3.0024663293359561E-015   2.1613167467761700E-015  -5.6309449019805464E-015  -9.0862150270121878E-016  -1.3929465753511158E-015  -2.8901269046787143E-016   1.3718742392203711E-015  -2.1172838961806359E-018  -3.3602815470816246E-019  -1.6008255763041778E-019   1.8151118194993092E-018  -4.4155943960250709E-019   1.1296670793807542E-018  -1.7049283308019734E-019   6.2581333998515599E-019  -4.9250826487562905E-019   1.4536572762615692E-018  -1.6150181239642143E-015   2.3190281116711035E-004  -8.2292231984683412E-017   1.1082204038185471E-016  -1.1595140558371924E-004   4.9090184783974297E-017  -1.1595140558339605E-004  -3.5957735909689791E-017  -6.0502428205402186E-017   2.2418751268773638E-016   2.5940590006924024E-003  -9.1140168083367538E-016   1.2537044237198444E-015  -1.2970295003481901E-003   5.3963889381398217E-016  -1.2970295003442119E-003
  -2.1296512018583213E-017   1.5511434036722592E-017  -2.2422939147494419E-017  -1.7565169541145371E-017  -1.6345710323476486E-018   3.5938560100849607E-006  -1.4150964282658028E-018   3.3022897509362324E-018   8.2404643086662943E-019  -2.0174909290757620E-018  -5.0452826187064087E-017   4.8273676654579558E-017  -5.6254015067860052E-017  -5.0456570649859030E-016  -2.5684948534839408E-018   3.3534345230176292E-018  -8.9637718194533047E-019  -3.5750925149647919E-019  -5.6952497139754077E-019   1.6112657238203343E-018   2.4576800723589897E-018  -9.5464684334368517E-020   1.3153548519609126E-018  -1.6079009919316871E-018  -1.9355052328536444E-018   1.9833692030505604E-006  -2.3950340225776959E-018  -5.0302400394101366E-018   8.6737659937051138E-019  -2.1164920406885560E-018  -1.2937062087244142E-015  -6.3932262662031904E-017   3.6161354096412990E-017  -5.8041514454617637E-017   3.6624338271459856E-015  -6.1956125857584399E-016  -5.2682427028107594E-016   6.7664998582483490E-016  -6.4048175411490811E-015  -8.5844346719781576E-016  -1.0555501428585280E-015  -1.0360696104750262E-015   3.4081540794616210E-016   1.7190047965425096E-018   2.5675401416368903E-018  -4.8272424053218670E-019  -1.5636870490831761E-019   6.6841727985258609E-019  -3.2697019145595236E-018   5.9812251479416795E-018  -8.5171393821360307E-019   1.9150896507524711E-018  -2.3153773932141078E-018  -5.5468622498932645E-016  -2.6478597347024858E-017   2.3190281116645560E-004  -7.4686195410056130E-017   1.4427737514581564E-016  -1.9676148539521406E-017  -1.2451809164601273E-016  -4.6446420645383487E-017  -1.2910744863616776E-017   2.4672745534103722E-017  -2.6922105783442187E-016   2.5940590006852953E-003  -8.5037279816532434E-016   1.6262806667713538E-015  -2.1488406838958073E-016  -1.3585619145131355E-015
  -1.2523754832924335E-017  -1.3941416057652044E-017   4.9174026218699234E-018  -1.8595358969761195E-017   2.7456580223079314E-019  -1.4150964282658028E-018   3.5938560100785440E-006   2.1048868647181309E-018  -4.6415921471583248E-019  -1.1732535421007297E-018  -3.3798622614808059E-017  -3.5460485437200432E-017   2.4537650586782072E-017  -4.7401433031305235E-016  -1.0076916875172900E-018   1.0901682574971309E-018  -1.5850660537981177E-019   6.2970127495913002E-019  -8.3756015748908355E-019  -2.6326105588630136E-019   2.1266965311199659E-018  -6.6920005678383149E-019  -4.4145867948271264E-020   8.8311468969816303E-019  -5.4556460261988560E-018  -4.9620277275677975E-020   1.9833692030541399E-006  -3.2844929665152016E-018  -1.8041459025667243E-018  -1.7750834533701363E-018  -1.2357254976178888E-015  -3.6236853075858666E-017  -4.0027303114742361E-017   1.7626810949992528E-017   5.6886495580518346E-015  -1.6236233215363481E-016   2.6781785381113566E-016   1.3966939190266272E-015  -7.4366380407408276E-015   1.6145277785556480E-015   1.3338341845829958E-015   5.6261308408472061E-016  -6.9301260790953957E-017   3.6244835250429683E-019  -2.5214720342932248E-019   1.5946334129115566E-018  -2.9997908578034506E-019   1.5079254489478669E-019  -4.2712499400490523E-019  -4.7288152678166613E-019   1.3955857032982875E-018   1.9203594703368489E-018   4.9326576658589285E-019  -4.6719855905124936E-016  -9.5073730856901160E-017  -1.3380146025135225E-017   2.3190281116625328E-004   6.5606802099142098E-017  -3.8692331311660554E-017   2.6877576334962520E-017  -1.8671566328178475E-017   7.9470782506756132E-018   8.8551558818152264E-017  -1.0547953855485417E-015  -1.7011897062928061E-016   2.5940590006829759E-003   7.2110811255391365E-016  -4.2357465006681164E-016   3.3449958420848772E-016
   4.6760820524353860E-017   1.2882813102345651E-016   6.2403358158276544E-017  -2.0086928383317996E-016  -1.7969280050589119E-006   3.3022897509362324E-018   2.1048868647181309E-018   3.5938560101204018E-006  -5.0892051877122927E-019  -1.7969280050646756E-006   1.5034603940768950E-016   4.2114631788884115E-016   2.0705686770561130E-016  -4.5259241240583738E-015  -4.4260349411856350E-020   1.6615465730438319E-018  -1.8686488741780058E-018   1.3700507182218665E-018  -1.1440596943958304E-019  -4.1027024333406832E-019   2.2931870943114081E-018  -7.8468435055644851E-019   2.4584257674355467E-018  -1.1264251682387124E-019  -9.9168460152433913E-007  -2.9160870199226028E-018  -8.2176580424896344E-019   1.9833692030314797E-006   2.9229652876312688E-018  -9.9168460151795780E-007  -1.1842501440290254E-014   1.4167537228221504E-016   3.8287538275638947E-016   1.9617203311857955E-016   2.0420351320758751E-014   8.7177060301590769E-016   1.3073397583214808E-015   6.9607405614028813E-016  -2.2897818014115758E-014  -8.0734135397445457E-016   8.6575517341521098E-017   5.4005063779481947E-018   1.2777825675812290E-015   1.0348047034989587E-018   4.1799910385920791E-018   3.9303451541033717E-019  -1.6154643583190070E-018   3.2315424396292182E-019   9.6764252405893431E-019   8.6096619912803889E-018   3.1165330439863098E-019   3.5533231920565726E-018  -1.3128966768674744E-018  -5.2757907922598368E-015  -1.1595140558378725E-004   6.8528221215760886E-017   7.2903663376210172E-017   2.3190281116763898E-004   6.8444040440690226E-017  -1.1595140558385241E-004   9.1040940400593847E-017   1.9111079058849563E-016   9.3334758375902547E-017  -1.2970295003490360E-003   7.5897889606864123E-016   7.9608333975924360E-016   2.5940590006981348E-003   7.7371330467420074E-016  -1.2970295003491069E-003
  -3.1050840979642789E-017   5.5084955223596055E-018  -6.6937341097074250E-018  -4.2597995887666570E-018   2.2545914724683221E-018   8.2404643086662943E-019  -4.6415921471583248E-019  -5.0892051877122927E-019   3.5938560100965608E-006  -3.1251011335207670E-019  -8.6083238187205485E-017   3.0107396617361379E-017  -2.3732540757949845E-017  -4.8804493194578719E-017  -4.9554562030237987E-019  -2.5937578076141833E-018   2.2609436364714871E-018   1.8486114112303670E-019  -3.4537998296918201E-019   2.3218355036462942E-019  -6.8966589750926341E-018   3.7896385212917658E-019  -3.4565124709292751E-019   4.1605938630178867E-018   1.3207456961674695E-018   4.0525916638063274E-018  -7.1858229701784788E-019   4.1871970842728983E-018   1.9833692030523997E-006  -7.7293267980298580E-019  -1.3704217575947611E-016  -9.0254312582154169E-017   4.1438185593871606E-017  -3.1796571549787982E-017   9.5200453333949085E-016   1.2187971292981636E-015  -2.4741292506320198E-016  -2.8824046671724748E-016  -9.4842991185904177E-016  -1.2081306650425834E-015   2.1070549961594763E-016  -1.5728951120876459E-015   2.5511792457059320E-016   9.0713721600837734E-019  -4.6678124998688804E-018   3.2880215381225345E-018  -4.2368487836414285E-019   4.2869402108084781E-019  -1.7639016206056077E-018  -1.0335251742693784E-017   2.9874802942622613E-018  -4.5396987193052658E-018   4.7932936868176958E-018  -3.1971880960942622E-017   9.7996443270410757E-017   7.2008894766388704E-017   9.2279043099651953E-018  -1.0461886185276220E-016   2.3190281116683114E-004   6.0514454289121379E-018   5.0096324645309388E-017  -1.4879972000412632E-017  -1.7889301888218809E-017   1.0851496326037478E-015   8.0530940501406684E-016   9.0984722110627848E-017  -1.1453314310396443E-015   2.5940590006894859E-003   5.1326289002398219E-017
  -2.0039390072406449E-017   1.6977390332300799E-016   8.7665359199158553E-017  -8.2398517944554047E-017  -1.7969280050513100E-006  -2.0174909290757620E-018  -1.1732535421007297E-018  -1.7969280050646756E-006  -3.1251011335207670E-019   3.5938560101248869E-006  -6.2473918918431989E-017   4.8824346437790004E-016   2.6154619383826814E-016  -1.5309762088383550E-015  -9.6886165105149926E-019  -9.3583867778923815E-019  -7.6412504895089854E-020  -6.0725268884507633E-019  -1.6142206151366107E-018   1.0803216436890204E-018  -4.0094519780876524E-018   5.1725433262614616E-019  -1.5080806390794301E-018  -1.3652174915156559E-018  -9.9168460151289148E-007   1.9303781089258172E-018  -9.4740423185241175E-019  -9.9168460151337514E-007  -1.1209461023661974E-018   1.9833692030377812E-006  -3.9762714621887789E-015  -6.5784728458598830E-017   5.2275844366554033E-016   2.5684448814045904E-016   7.6911095554918798E-015   1.3209413983318521E-015  -3.8861913989906319E-015  -2.2023604658865350E-016   8.3454673375210480E-015   9.3232367444406749E-016  -1.5220884609641881E-015  -8.0416849029644662E-016   1.6427490947869763E-015   1.0824791926866658E-018  -3.8439628838323740E-018  -2.3295195772882042E-019  -1.9964746119120685E-019   1.1840519565517163E-019  -2.0973096034771880E-018  -8.4391691585133022E-018  -9.3746664433663992E-019  -3.0608149271187136E-018  -1.4076059946556049E-019  -1.8545547339080604E-015  -1.1595140558369193E-004  -8.8059464255588802E-018  -1.0589260145077383E-016  -1.1595140558412529E-004  -2.5055833561943762E-017   2.3190281116782283E-004   6.2094482504888567E-017  -1.1087779703637944E-016   5.3212542644589925E-017  -1.2970295003474918E-003  -1.0004417313095190E-016  -1.1791486101723025E-015  -1.2970295003522441E-003  -2.7889124256397805E-016   2.5940590006997438E-003
   4.8526552579957277E-002  -2.0472861165928910E-016  -1.8884636882556246E-016  -1.9085096228423595E-016   6.0388390555062601E-019  -5.0452826187064087E-017  -3.3798622614808059E-017   1.5034603940768950E-016  -8.6083238187205485E-017  -6.2473918918431989E-017  0.14726045752474887       -4.6612392149473732E-017  -3.7108604303341779E-017  -9.8106158893532603E-016  -4.2324308058545658E-015  -1.7790843711402779E-016  -8.1746201506986111E-017  -2.0622117644559433E-015  -1.4813000776721066E-017  -1.4823095012151772E-015  -2.3316417786506892E-016  -5.4118660593314988E-017  -1.2951311659559500E-016  -2.0101929168652367E-016   2.4581208066704188E-017   4.6879913301001806E-018   3.1727823379459642E-017  -3.4266893636194093E-017   5.4342466432869401E-017  -5.9645694810344412E-018  -2.1811057415457548E-015  0.14653684597960959       -9.1779830850500774E-017   1.4498159038462471E-015   1.6457561786786300E-015  -1.2648575247046607E-003  -8.7821814895527900E-016   1.4646137650132695E-015  -2.9300350765447074E-016  -5.4020449415996563E-004  -3.7502256294563197E-016  -1.8276459467367910E-016   3.2975765090031506E-016  -6.4288875005144295E-015  -4.1828768895999911E-017  -2.8048595491958094E-016  -3.3587582135561026E-015   5.7337932511280904E-018  -3.2800475419507341E-015  -1.6257832106988844E-016  -2.6381326453819219E-016  -7.0226686121050099E-017  -5.6290170867762509E-016  -1.1906271905666107E-015  -6.0605171762689226E-017   5.1112351514010551E-016   1.3113224014314849E-016   1.1197250725536259E-016   7.8993558957552216E-017  -7.9584017680162033E-017   3.7269445834718272E-002  -2.8798526894441845E-016  -2.3804547632848892E-016  -5.0317211810020823E-016   5.8933117277021586E-015   1.4208049671960766E-015   1.3029786890024928E-015   1.0912737929931359E-015  -6.9357669642807196E-016
   1.2128238585112627E-016   4.8526552579962433E-002  -3.4012765171636829E-017  -8.7194833146350748E-016   4.5809714787927408E-016   4.8273676654579558E-017  -3.5460485437200432E-017   4.2114631788884115E-016   3.0107396617361379E-017   4.8824346437790004E-016  -4.6612392149473732E-017  0.14726045752476255       -3.2891788865595177E-016  -2.9333361526483665E-015   2.0449815216860053E-016  -2.9722056311405736E-015  -3.2780551388543404E-019   1.2290997520258122E-016   4.7381196917345912E-018   8.6515768793101248E-017  -5.3400036972766424E-015  -1.2938556474458630E-018  -1.9767339846054660E-015  -1.1011380407490637E-017   5.3037302689891208E-016  -6.7378888098566130E-019   6.6990836715274820E-018   5.1772494142654713E-016  -2.4327833459808773E-018   4.7016099794204772E-016  -4.2933280714205644E-015   5.8349876381889984E-016  0.14653684597961025       -6.9278013687563041E-017  -9.1365571524277944E-015   1.6248333453036044E-015  -1.2648575246958808E-003  -1.0057956194230630E-014   1.5689722793426261E-014   6.4344401585685421E-017  -5.4020449415582864E-004  -1.8616123855398754E-015  -2.8250515073882130E-015  -1.9520726069606936E-017  -3.0018002756872926E-015  -2.6168993723465463E-017  -2.0485326658972738E-017  -2.5349107846314506E-018  -7.3141645099354030E-018  -8.7338743612684908E-015  -1.6014341956125209E-017  -3.3039339771117236E-015  -2.9879573897927260E-017  -1.7238853114222333E-015  -4.1035611037529435E-017  -8.9004721776771957E-017   1.8654797531612101E-017   5.9858579440486962E-016   5.4243885259401349E-016  -8.7172656007332738E-017   2.1035237726198602E-016   3.7269445834720492E-002  -6.5168299489177225E-016  -2.1849940638697202E-015  -9.4267663895944314E-016   2.7804723958780874E-016   5.0662448587490054E-015   6.0643824789285451E-015  -2.8105475216480073E-015
  -3.6944654071901792E-016   1.0000826061065825E-016   4.8526552579960754E-002  -2.7740934751389901E-016   3.8012645078665306E-016  -5.6254015067860052E-017   2.4537650586782072E-017   2.0705686770561130E-016  -2.3732540757949845E-017   2.6154619383826814E-016  -3.7108604303341779E-017  -3.2891788865595177E-016  0.14726045752476458       -1.2383012109155214E-015  -4.4525565037766213E-017  -1.0326004803260590E-017  -1.7524207126699568E-015   3.4521456065086118E-017   5.8870231454336306E-019  -3.7474866034572152E-017   1.4225218112020496E-016  -1.9796813647031828E-015   3.4616365462482436E-017  -4.5033451505271052E-015   1.6890636714425916E-016   8.3822652931998131E-017  -5.8872369684210105E-017   9.3513971608013616E-017   3.1028356455563608E-017   1.0444582474314833E-016   1.4902652082998252E-015   5.3125121341873274E-016   1.3335939898311700E-016  0.14653684597960628        4.4347230447890821E-015  -7.9267159117492571E-016   7.0903019465386339E-016  -1.2648575247102734E-003  -7.3699481545580976E-015  -6.4905274915519916E-016   1.2109151878441866E-015  -5.4020449415881919E-004   1.4253663838316605E-015  -1.3479847694860708E-016   3.8856260463049752E-017  -3.7229058981661015E-015  -7.0827882340311968E-017  -7.1179973636671331E-018  -7.7070871213092197E-017   3.8315305038210722E-017  -3.4107959724170573E-015   3.7327001476533197E-017  -6.2559150803837676E-015   6.6004130644210985E-016  -8.7668324208416685E-016   2.0148342162972813E-016   3.2399964355460138E-017   8.0579879517043223E-017  -2.3047147974905753E-016  -8.8940700961645448E-017  -9.5223056735947490E-017  -3.7932977140891029E-018   3.7269445834723441E-002  -6.5159922870703449E-015   2.4712749312192925E-015  -6.6938098142333092E-017   3.7795483380891154E-015  -2.4239842802916320E-015   1.8425425148981380E-015
   3.4060753331156479E-016   1.6657151759869779E-015  -3.8940181220841615E-016   3.7371994890901838E-003  -1.7163753686735873E-015  -5.0456570649859030E-016  -4.7401433031305235E-016  -4.5259241240583738E-015  -4.8804493194578719E-017  -1.5309762088383550E-015  -9.8106158893532603E-016  -2.9333361526483665E-015  -1.2383012109155214E-015  0.12444425549085343        1.6484721103988785E-016   2.3690837593415602E-017   3.8193489558073636E-016   4.4724496431597950E-017   2.6174363664635471E-016  -1.2075021223506582E-016  -1.1585627211740900E-015   8.1109908455445062E-017  -1.6361144472949693E-016  -2.9511239041886324E-016  -1.3775025785265771E-014   4.7219716383715373E-016   4.6008128632719590E-016  -9.8749729399107158E-015   1.1869823949139939E-016  -1.4063313416122536E-014  0.30780828420102141        1.1261857704755805E-016   1.6990937270767942E-016  -1.1740535989104521E-015   7.5902788138547412E-003  -4.4070019147363348E-015  -3.6852443242179682E-015  -2.4551278196406180E-014  -4.6160637887359741E-004  -1.9790745786369055E-015   9.0694026355921614E-017   2.2996555040709717E-016  -5.5329283697444250E-006  -4.3741703535789214E-017  -1.7473323959398645E-016  -2.2028492931519831E-016   7.4515817301505835E-017   1.9382617730947172E-017   1.1098282627926594E-016   1.4963722578023558E-016  -9.0240635417062068E-017  -1.2612911783385668E-016   3.6100373949566079E-017  0.15670852835660465       -2.5651122128725518E-014   5.8047566850343273E-017  -4.6859723105812631E-018  -7.7835252556518371E-015  -2.3095540958137286E-017  -8.4439631370824653E-015  -3.3406795543417686E-016  -1.0974670871115128E-015  -2.0287891079649958E-015  -1.3260793001885497E-013   3.6741450714412560E-015   2.5875519832946078E-015   7.0164283156158178E-014  -2.1089717949790409E-017   1.7378272308858955E-014
  -1.3939870753608318E-015   6.7226567177295566E-017  -1.4432414794793157E-017   4.6982149750085181E-018   1.0131220004556212E-018  -2.5684948534839408E-018  -1.0076916875172900E-018  -4.4260349411856350E-020  -4.9554562030237987E-019  -9.6886165105149926E-019  -4.2324308058545658E-015   2.0449815216860053E-016  -4.4525565037766213E-017   1.6484721103988785E-016   1.3427398784064528E-028  -1.8025765709875870E-030   4.7295142883044513E-030   6.5128785613299964E-029   2.9131678306217943E-030   4.5786836389938681E-029  -1.8120449044131052E-030   4.3805700678499505E-030  -2.8864233979487699E-030   7.6407350344177692E-030   5.5911949978742586E-019  -1.4174951852014767E-018  -5.5612263085265449E-019  -2.4426302453237837E-020  -2.7348060669451760E-019  -5.3469319728677719E-019   4.0486987798768331E-016  -4.2101374714251284E-015   2.0314369360490556E-016  -4.3790292457604127E-017   2.6979610240991877E-016  -3.7013233448723769E-016   1.3710552547345717E-016  -1.9518854830393055E-016  -3.9590759391219355E-016   4.3214354225556761E-015   1.1432912262169139E-017   2.0462466187905825E-016  -2.7956570353495677E-016   1.9926478595089090E-028  -5.1116328604558327E-030   9.1114707068363094E-030   1.0573955208388537E-028  -1.2842028864266542E-030   1.0711847962785443E-028  -1.2409135264281561E-029   8.8479073220261367E-030  -1.3199852843773522E-030   2.1739598707212412E-029   2.1389196834257876E-016   6.5374305286765266E-017  -1.6573874282063001E-016  -6.5023900364992796E-017  -2.8560129903662583E-018  -3.1976356895348458E-017  -6.2518292296333755E-017  -1.0968029427116260E-015   5.9915816838576058E-017  -2.2850991654239178E-017   7.3127533120282254E-016  -1.8539493998092158E-015  -7.2735571058003674E-016  -3.1947289325797520E-017  -3.5768672227940348E-016  -6.9932804187690631E-016
  -5.8040206405178211E-017  -9.7548544518828338E-016  -1.5067386631598469E-018   5.2162574120487711E-018  -7.2570789542073961E-019   3.3534345230176292E-018   1.0901682574971309E-018   1.6615465730438319E-018  -2.5937578076141833E-018  -9.3583867778923815E-019  -1.7790843711402779E-016  -2.9722056311405736E-015  -1.0326004803260590E-017   2.3690837593415602E-017  -1.8025765709875870E-030   9.2235921227705177E-029   6.0857650253486856E-030   4.2624247333129926E-030   7.4923859095178639E-030   1.0829791707671209E-030   1.1519234374674878E-028   8.2448527782686712E-030   6.2993787517748112E-029  -1.2025664027208830E-029  -4.0050204787200448E-019   1.8506859314592521E-018   6.0163961555764345E-019   9.1697059976987833E-019  -1.4314372477112230E-018  -5.1646855335739162E-019   1.1008014332045873E-016  -1.7577226803182584E-016  -2.9490733187518144E-015  -6.1834560890827596E-018  -4.7808728961743246E-015  -4.8118594744001391E-016  -3.3393294574132035E-015  -1.5855281662281820E-015   3.4158857859794560E-015   3.8737766001469680E-016   2.3241807054262255E-016   7.7914324366247567E-016   7.9892760750657376E-016   9.2486882787612475E-030   6.6485504185246330E-029  -1.0291123589184070E-029   5.0887360916915369E-030  -3.1347483403269808E-030   4.9454861294273988E-030   2.3662966380003230E-028  -1.1248046064493797E-029   7.3020022445964415E-029   1.2458126181222311E-029  -8.5259459841747528E-017  -4.6828170230097128E-017   2.1638899576742744E-016   7.0345913374066803E-017   1.0721557015955259E-016  -1.6736889997284871E-016  -6.0387399931221307E-017  -7.3566065014528524E-017  -9.5016864054295094E-016  -9.6163678091671524E-017  -5.2381873190173423E-016   2.4205218526519376E-015   7.8688761396046137E-016   1.1993106654826021E-015  -1.8721842966263685E-015  -6.7549193358344169E-016
  -2.6778585196892376E-017   1.4929843698782799E-018  -5.7416832724898626E-016   1.2387733833395858E-017   1.9450613790121334E-018  -8.9637718194533047E-019  -1.5850660537981177E-019  -1.8686488741780058E-018   2.2609436364714871E-018  -7.6412504895089854E-020  -8.1746201506986111E-017  -3.2780551388543404E-019  -1.7524207126699568E-015   3.8193489558073636E-016   4.7295142883044513E-030   6.0857650253486856E-030   3.4111681839584722E-029   8.6586580520110904E-031   4.2805310798894813E-030   3.8068832949787637E-031  -3.9064840596446366E-030   3.5006708641438322E-029   4.8455475915169669E-030   6.0205543025597879E-029   1.0734361159266437E-018  -4.9469063088142606E-019  -8.7476270235197259E-020  -1.0312657541659419E-018   1.2477645086035888E-018  -4.2170362151833636E-020   9.5520084326287727E-016  -8.1002736408866489E-017   3.1521331984443953E-018  -1.7366935013663455E-015  -9.5912249550182128E-016  -1.2685836980767894E-016  -1.4156988773635165E-015  -2.6960792216701175E-015   5.1082521009559262E-016   1.7872399764230717E-016  -9.1210883809400039E-016   2.4395535283172403E-015   1.6217719065424252E-016   3.1527016534524693E-030  -4.2928418218294788E-030   4.7931737170245034E-029   5.6082195482310635E-030  -9.7474306518289784E-031   4.1531655886585338E-030   3.7180182694208296E-030   4.3059315854897726E-029  -3.3297289175115744E-030   1.0345402585359161E-028   4.5736876106754801E-016   1.2551009289762832E-016  -5.7841045321162485E-017  -1.0228046775018186E-017  -1.2057937930158303E-016   1.4589320877486034E-016  -4.9307135965046038E-018  -2.8261386909794946E-017  -8.2960460549348128E-017  -6.0391040769986926E-016   1.4039527357199434E-015  -6.4700847510075106E-016  -1.1441067343121950E-016  -1.3487978977081405E-015   1.6319577561724355E-015  -5.5154838012421541E-017
  -6.7644324714494279E-016   4.1256998488597561E-017   1.0431547335926746E-017   2.0096507524134729E-018  -7.6279802939771140E-019  -3.5750925149647919E-019   6.2970127495913002E-019   1.3700507182218665E-018   1.8486114112303670E-019  -6.0725268884507633E-019  -2.0622117644559433E-015   1.2290997520258122E-016   3.4521456065086118E-017   4.4724496431597950E-017   6.5128785613299964E-029   4.2624247333129926E-030   8.6586580520110904E-031   3.7194510437444054E-029   1.3364068491603078E-030   2.4475411296004221E-029   1.3069471661757212E-030   1.3663405102714418E-030   3.3175727730725682E-030  -2.2582038243776927E-030  -4.2097126752281807E-019  -1.9730140473759684E-019   3.4751812882250197E-019   7.5610052080336150E-019   1.0202075239850849E-019  -3.3512925347803811E-019   1.1825972778540788E-016  -2.0453739790145597E-015   1.2394244305235257E-016   3.2304341313203773E-017  -7.1934411329005368E-016  -2.5282414094081705E-015  -6.5812944097323102E-016   8.2133522119505852E-016   1.8359121175243364E-016   2.4933676572155728E-015  -2.2150350738823227E-016   2.6499133579467284E-016   2.1732523024675051E-016   9.6890952481550149E-029  -1.3120465674073196E-030   9.1378209645252556E-031   5.0200057840888740E-029  -5.4411674810890789E-031   5.2474623228068540E-029   2.7710806257203856E-030   1.9490379721299506E-031   1.6464623762367665E-030   4.9804947377743544E-030   3.9039299052039666E-017  -4.9221506613470055E-017  -2.3069204833835257E-017   4.0633095885964029E-017   8.8406049687702034E-017   1.1928641042454697E-017  -3.9184543074472034E-017  -6.7262255737572266E-016  -7.4410004793777027E-018   5.6943033942074297E-017  -5.5059053236804422E-016  -2.5805154382066403E-016   4.5452078643856112E-016   9.8890784356624148E-016   1.3343347804401884E-016  -4.3831731119854194E-016
  -4.6469025437805067E-018   1.4996871574568572E-018   1.3205633398564060E-018   9.0871670602971037E-018   1.7286265845005168E-018  -5.6952497139754077E-019  -8.3756015748908355E-019  -1.1440596943958304E-019  -3.4537998296918201E-019  -1.6142206151366107E-018  -1.4813000776721066E-017   4.7381196917345912E-018   5.8870231454336306E-019   2.6174363664635471E-016   2.9131678306217943E-030   7.4923859095178639E-030   4.2805310798894813E-030   1.3364068491603078E-030   6.3527553755604767E-030   4.1658641220104988E-031  -1.0047730068384319E-029   3.2534867153514044E-030   5.3814002726100729E-030  -6.7454629354651104E-030   9.5399056638595325E-019  -3.1430816520641067E-019  -4.6223082318749709E-019  -6.3138110210484039E-020  -1.9060753119580621E-019  -8.9085245674693192E-019   6.6134840318672253E-016  -1.4241759593455111E-017   4.5824998463724750E-018   3.0221854326456232E-018  -1.2192882086142184E-015  -1.7121751926518652E-016   4.9090794203893597E-017  -9.5899295538021645E-016   2.4216813199619683E-015   6.0132550252028938E-016  -7.5145223450444069E-017   1.1872378383472013E-016  -1.9278095539955940E-016   1.1719631735942387E-030  -4.2729949780177826E-030  -5.9507700794787448E-030   2.9485895057013707E-030  -2.7970271677436516E-030   3.4570497208237753E-030   1.5836728498050261E-029  -5.1195427010622178E-030  -4.7721390048793334E-030   6.0919516357364770E-030   2.9942920758392766E-016   1.1154408058671913E-016  -3.6750064978519422E-017  -5.4045725397616394E-017  -7.3823397046255187E-018  -2.2286532556069123E-017  -1.0416174088281151E-016  -1.4066567746296585E-017   4.1184212450485054E-018  -5.6288587834404196E-017   1.2477292740188428E-015  -4.1108530057805020E-016  -6.0455412209547694E-016  -8.2578665864414486E-017  -2.4929659144853982E-016  -1.1651506081555218E-015
  -4.8649465575146544E-016   2.7518517064805299E-017  -1.1696942840393322E-017  -3.5977988965312957E-018  -6.7005140035291555E-019   1.6112657238203343E-018  -2.6326105588630136E-019  -4.1027024333406832E-019   2.3218355036462942E-019   1.0803216436890204E-018  -1.4823095012151772E-015   8.6515768793101248E-017  -3.7474866034572152E-017  -1.2075021223506582E-016   4.5786836389938681E-029   1.0829791707671209E-030   3.8068832949787637E-031   2.4475411296004221E-029   4.1658641220104988E-031   2.0266608951210789E-029  -4.6637478600426948E-030   2.2677088460802195E-030  -1.7145507089625716E-030   9.3335606993643824E-031  -3.6978646561174180E-019   8.8922171773060643E-019  -1.4528792170731085E-019  -2.2641902269969718E-019   1.2813693758369267E-019   5.9620548832131929E-019  -2.9835486187769625E-016  -1.4707938219411489E-015   8.3942595962967440E-017  -3.5872156049405051E-017  -3.0365352222690548E-017  -1.5762237523102179E-015   8.5953213969367811E-016  -5.8233163170663415E-016   1.9740668448049974E-016   1.9938151584043338E-015   2.3805242987635927E-016  -4.9462526174040976E-016   1.4364169235792513E-016   7.1693099610590174E-029  -4.3972871850437287E-030   3.7006118084623468E-030   3.7681797612981752E-029   1.0432903778966724E-031   3.5307054063314591E-029  -5.3107565572075383E-030   2.3799499456173300E-030  -2.8748971475940743E-030   7.7469704651406097E-030  -1.5265848973503880E-016  -4.3236791605197829E-017   1.0397106891363524E-016  -1.6987597377233590E-017  -2.6473743661324712E-017   1.4982241326617908E-017   6.9710535266533893E-017  -4.6938463552845486E-016   7.2385094699181070E-017  -4.3545718439679845E-017  -4.8364566112870935E-016   1.1630177563164547E-015  -1.9002283609579614E-016  -2.9613462933477775E-016   1.6759097385781002E-016   7.7978029046348593E-016
  -7.6487163821212586E-017  -1.7510540920018957E-015   4.6709216987750242E-017  -3.8257850370706019E-017   1.7162648839496037E-018   2.4576800723589897E-018   2.1266965311199659E-018   2.2931870943114081E-018  -6.8966589750926341E-018  -4.0094519780876524E-018  -2.3316417786506892E-016  -5.3400036972766424E-015   1.4225218112020496E-016  -1.1585627211740900E-015  -1.8120449044131052E-030   1.1519234374674878E-028  -3.9064840596446366E-030   1.3069471661757212E-030  -1.0047730068384319E-029  -4.6637478600426948E-030   2.8722910990925316E-028   3.7801286198924684E-030   8.2342038708708151E-029   8.5415384398208412E-030   9.4716841947769296E-019   1.3563389719991363E-018   1.1736765168070672E-018   1.2655589561995072E-018  -3.8061127036642792E-018  -2.2127273740904554E-018  -2.9051010105525663E-015  -2.3126814050540247E-016  -5.2950739973706102E-015   1.4114845352045091E-016   3.4822296285086469E-015  -2.9210538011612074E-016  -7.3837219951532098E-015   2.8586381144274749E-016  -5.1121407213671497E-015   6.5820983678414988E-017  -7.6490087319178625E-016   2.9463423569610988E-015   3.9477487021181544E-015   8.3142262155411703E-030   1.5544814380795008E-028   5.3796697940400151E-030   5.1855269793687415E-030   2.8787739741695841E-030   6.9247041907389139E-030   3.5363324349118829E-028   3.6433996551108075E-030   1.7033538910899479E-028   4.0196563543555227E-031  -1.3725958228463031E-015   1.1074641003064028E-016   1.5858813378210163E-016   1.3723056869086515E-016   1.4797380089271814E-016  -4.4502467530432304E-016  -2.5872021092135059E-016  -7.6330526982180094E-017  -1.7880293066002210E-015   5.1695296064988018E-017   1.2388065512742834E-015   1.7739628673323008E-015   1.5350576825309957E-015   1.6552312071545508E-015  -4.9780348012755093E-015  -2.8940377584258738E-015
  -1.6973717890677580E-017   9.7940849195471795E-019  -6.4792835081212299E-016   3.0392580577998514E-018   2.6743001789608103E-019  -9.5464684334368517E-020  -6.6920005678383149E-019  -7.8468435055644851E-019   3.7896385212917658E-019   5.1725433262614616E-019  -5.4118660593314988E-017  -1.2938556474458630E-018  -1.9796813647031828E-015   8.1109908455445062E-017   4.3805700678499505E-030   8.2448527782686712E-030   3.5006708641438322E-029   1.3663405102714418E-030   3.2534867153514044E-030   2.2677088460802195E-030   3.7801286198924684E-030   4.0045077581659258E-029   5.4708740501258498E-030   6.6491823311684066E-029   1.4758867904809084E-019  -5.2684836098015468E-020  -3.6931662802906386E-019  -4.3304984139019257E-019   2.0914172167515255E-019   2.8546116213343314E-019   2.0753080829347029E-016  -5.2001684464654245E-017   1.7685883694071457E-018  -1.9603982412111543E-015  -6.4526011443505720E-016  -7.0267071080764635E-016  -1.2494402073384555E-015  -3.6477653732680620E-015   2.7826011762061480E-016   6.8147539791475518E-016  -9.3150237845952013E-016   2.7092040602964721E-015   5.9624285344473911E-016   3.9929877039395099E-030   1.8040663836480662E-031   5.4178982003640358E-029   5.7458685533624834E-030  -6.8313039142136819E-031   4.4510196599517379E-030   1.0717696940534780E-029   4.7596523308906219E-029   1.1388515087690056E-030   1.1501459838024120E-028   8.6555113249931014E-017   1.7256610384215973E-017  -6.1601045231834358E-018  -4.3181856469540056E-017  -5.0633777829948389E-017   2.4453618173064507E-017   3.3377167445500975E-017  -5.5316481131318986E-017  -7.3421398884958866E-017  -7.1761021748989311E-016   1.9303200881230627E-016  -6.8906773933152224E-017  -4.8303115808586547E-016  -5.6638816259970320E-016   2.7353755653971617E-016   3.7335615378708166E-016
