   8.0733788757118174E-005  -1.8687405663699011E-018  -9.1212259765745286E-019   2.4273215213659953E-018   3.8403586239057082E-003   2.0076367612848597E-017  -1.7480319057948896E-020  -6.5707165425941890E-020   1.8102777127942176E-017   1.3660048447340202E-020   2.1250292521815317E-017   6.0997483691905396E-003   9.2484052672271011E-019   1.5214073889500728E-021  -9.5133668982088974E-020   2.2374814165551565E-017  -3.6889450274940998E-020  -2.9925734353341452E-020   2.1220359955234500E-017  -2.0479846699581965E-021   2.2415316232449661E-017   4.5044729556357856E-003   3.8373994613102035E-020   2.1697273490768023E-019   3.9361427813654467E-019
  -1.8687405663699011E-018   4.3255635071240192E-032   2.1112851582787743E-032  -5.6185077703285727E-032  -8.8892569770155053E-017  -4.6470657652837042E-031   4.0461598346327905E-034   1.5209201428913398E-033  -4.1902398616163133E-031  -3.1618838983166306E-034  -4.9187935180661202E-031  -1.4119053989213395E-016  -2.1407232787117953E-032  -3.5215933123852538E-035   2.2020538016526696E-033  -5.1790859242274260E-031   8.5387807584825494E-034   6.9268932655619766E-034  -4.9118650433486235E-031   4.7404588474947800E-035  -5.1884609153680005E-031  -1.0426478766699210E-016  -8.8824074196370695E-034  -5.0222559570196744E-033  -9.1109680392809851E-033
  -9.1212259765745286E-019   2.1112851582787743E-032   1.0305073575331570E-032  -2.7423645607403577E-032  -4.3388003187998928E-017  -2.2682087463587378E-031   1.9749096719571022E-034   7.4235324931079603E-034  -2.0452343873551590E-031  -1.5432991645416931E-034  -2.4008376560018650E-031  -6.8914371705023472E-017  -1.0448759517418650E-032  -1.7188714676567571E-035   1.0748110625363975E-033  -2.5278850321497233E-031   4.1677346906338460E-034   3.3809807486298653E-034  -2.3974559033547318E-031   2.3137934263740488E-035  -2.5324609167995482E-031  -5.0891103175310915E-017  -4.3354570852974707E-034  -2.4513371369231839E-033  -4.4470163406930856E-033
   2.4273215213659953E-018  -5.6185077703285727E-032  -2.7423645607403577E-032   7.2979230366753369E-032   1.1546324384222508E-016   6.0361095308098062E-031  -5.2555881871656248E-034  -1.9755348931556518E-033   5.4427348444330152E-031   4.1069953596359114E-034   6.3890588027156533E-031   1.8339348021924592E-016   2.7806019622082574E-032   4.5742246893351158E-035  -2.8602646510426947E-033   6.7271546147794962E-031  -1.1091088123351598E-033  -8.9973950382878451E-034   6.3800593535172619E-031  -6.1574185249405500E-035   6.7393318630116233E-031   1.3543033612010215E-016   1.1537427441363924E-033   6.5234469619093176E-033   1.1834306591408879E-032
   3.8403586239057082E-003  -8.8892569770155053E-017  -4.3388003187998928E-017   1.1546324384222508E-016  0.18267883357458070        9.5499607643406359E-016  -8.3150679630278762E-019  -3.1255696441431602E-018   8.6111598786829106E-016   6.4978351276853031E-019   1.0108375365881379E-015  0.29015387006980153        4.3992971805425250E-017   7.2370565987009151E-020  -4.5253345807698675E-018   1.0643289738014119E-015  -1.7547636581346463E-018  -1.4235124322767938E-018   1.0094136991593002E-015  -9.7418883840097253E-020   1.0662555830228131E-015  0.21426953729829404        1.8253807162387659E-018   1.0320996035029388E-017   1.8723511070212497E-017
   2.0076367612848597E-017  -4.6470657652837042E-031  -2.2682087463587378E-031   6.0361095308098062E-031   9.5499607643406359E-016   4.9924640318666935E-030  -4.3468951079831912E-033  -1.6339642028420927E-032   4.5016840412062405E-030   3.3968943915560251E-033   5.2843882482960595E-030   1.5168468183025267E-015   2.2998348874229683E-031   3.7833396028713869E-034  -2.3657238688368557E-032   5.5640271734079834E-030  -9.1734350159593640E-033  -7.4417422148934314E-033   5.2769448070860798E-030  -5.0927986574808207E-034   5.5740989710610411E-030   1.1201438251776004E-015   9.5426021060876124E-033   5.3955406466510865E-032   9.7881507448002282E-032
  -1.7480319057948896E-020   4.0461598346327905E-034   1.9749096719571022E-034  -5.2555881871656248E-034  -8.3150679630278762E-019  -4.3468951079831912E-033   3.7848038481998092E-036   1.4226784518862606E-035  -3.9195772290999880E-033  -2.9576464685053336E-036  -4.6010709899122133E-033  -1.3207053615113917E-018  -2.0024462785303275E-034  -3.2941209604291506E-037   2.0598152428633425E-035  -4.8445501753027980E-033   7.9872302613997511E-036   6.4794603671279908E-036  -4.5945900502448070E-033   4.4342555958023288E-037  -4.8533196021163358E-033  -9.7529950798293569E-019  -8.3086608431453463E-036  -4.6978504185803062E-035  -8.5224579120032883E-035
  -6.5707165425941890E-020   1.5209201428913398E-033   7.4235324931079603E-034  -1.9755348931556518E-033  -3.1255696441431602E-018  -1.6339642028420927E-032   1.4226784518862606E-035   5.3477381091339305E-035  -1.4733387218988643E-032  -1.1117563994872303E-035  -1.7295069481765967E-032  -4.9644291605933626E-018  -7.5270404644085863E-034  -1.2382345548867701E-036   7.7426859579060438E-035  -1.8210288881320221E-032   3.0023379913207578E-035   2.4355789662781436E-035  -1.7270708131528020E-032   1.6668023335752544E-036  -1.8243252477489011E-032  -3.6660753100918510E-018  -3.1231612574047398E-035  -1.7658855858218339E-034  -3.2035259196540949E-034
   1.8102777127942176E-017  -4.1902398616163133E-031  -2.0452343873551590E-031   5.4427348444330152E-031   8.6111598786829106E-016   4.5016840412062405E-030  -3.9195772290999880E-033  -1.4733387218988643E-032   4.0591497660272097E-030   3.0629655365615374E-033   4.7649108923069284E-030   1.3677344636479644E-015   2.0737515471393929E-031   3.4114215753982307E-034  -2.1331633674808062E-032   5.0170601473523832E-030  -8.2716481782936651E-033  -6.7101879860776244E-033   4.7581991723440519E-030  -4.5921553555761583E-034   5.0261418453819784E-030   1.0100290256417334E-015   8.6045246071594935E-033   4.8651365473387447E-032   8.8259347928267094E-032
   1.3660048447340202E-020  -3.1618838983166306E-034  -1.5432991645416931E-034   4.1069953596359114E-034   6.4978351276853031E-019   3.3968943915560251E-033  -2.9576464685053336E-036  -1.1117563994872303E-035   3.0629655365615374E-033   2.3112618205624534E-036   3.5955209068836737E-033   1.0320692181361389E-018   1.5648177294270720E-034   2.5742008347610213E-037  -1.6096488809389411E-035   3.7857884561960477E-033  -6.2416453595089363E-036  -5.0633939937921611E-036   3.5904563568861836E-033  -3.4651625102349029E-037   3.7926413514281770E-033   7.6215076427084482E-019   6.4928282643830294E-036   3.6711494855114130E-035   6.6599006335324236E-035
   2.1250292521815317E-017  -4.9187935180661202E-031  -2.4008376560018650E-031   6.3890588027156533E-031   1.0108375365881379E-015   5.2843882482960595E-030  -4.6010709899122133E-033  -1.7295069481765967E-032   4.7649108923069284E-030   3.5955209068836737E-033   5.5933821416612924E-030   1.6055413619286681E-015   2.4343130715706143E-031   4.0045627187525969E-034  -2.5040547776406642E-032   5.8893723861969289E-030  -9.7098330374386203E-033  -7.8768830093159057E-033   5.5855034603115958E-030  -5.3905897378026812E-034   5.9000331118060293E-030   1.1856419652475046E-015   1.0100586425000224E-032   5.7110339512463097E-032   1.0360493022727453E-031
   6.0997483691905396E-003  -1.4119053989213395E-016  -6.8914371705023472E-017   1.8339348021924592E-016  0.29015387006980153        1.5168468183025267E-015  -1.3207053615113917E-018  -4.9644291605933626E-018   1.3677344636479644E-015   1.0320692181361389E-018   1.6055413619286681E-015  0.46085945847750354        6.9875260178976631E-017   1.1494818195070058E-019  -7.1877147246783515E-018   1.6905032987843178E-015  -2.7871399028708101E-018  -2.2610043716365237E-018   1.6032798413559583E-015  -1.5473312157176963E-019   1.6935633857728494E-015  0.34033026305581060        2.8993029395013737E-018   1.6393124939218768E-017   2.9739073170176367E-017
   9.2484052672271011E-019  -2.1407232787117953E-032  -1.0448759517418650E-032   2.7806019622082574E-032   4.3992971805425250E-017   2.2998348874229683E-031  -2.0024462785303275E-034  -7.5270404644085863E-034   2.0737515471393929E-031   1.5648177294270720E-034   2.4343130715706143E-031   6.9875260178976631E-017   1.0594448904682761E-032   1.7428380763715247E-035  -1.0897973931974271E-033   2.5631318976550553E-031  -4.2258463461222889E-034  -3.4281225182149051E-034   2.4308841663911429E-031  -2.3460551648112487E-035   2.5677715848863933E-031   5.1600689191377767E-017   4.3959073315888015E-034   2.4855166780314597E-033   4.5090220825946967E-033
   1.5214073889500728E-021  -3.5215933123852538E-035  -1.7188714676567571E-035   4.5742246893351158E-035   7.2370565987009151E-020   3.7833396028713869E-034  -3.2941209604291506E-037  -1.2382345548867701E-036   3.4114215753982307E-034   2.5742008347610213E-037   4.0045627187525969E-034   1.1494818195070058E-019   1.7428380763715247E-035   2.8670529140103022E-038  -1.7927694111162257E-036   4.2164759169503916E-034  -6.9517215885217789E-037  -5.6394273161020790E-037   3.9989220039208807E-034  -3.8593741942479559E-038   4.2241084268071873E-034   8.4885628973108580E-020   7.2314801332491952E-037   4.0887951274322596E-036   7.4175593685412003E-036
  -9.5133668982088974E-020   2.2020538016526696E-033   1.0748110625363975E-033  -2.8602646510426947E-033  -4.5253345807698675E-018  -2.3657238688368557E-032   2.0598152428633425E-035   7.7426859579060438E-035  -2.1331633674808062E-032  -1.6096488809389411E-035  -2.5040547776406642E-032  -7.1877147246783515E-018  -1.0897973931974271E-033  -1.7927694111162257E-036   1.1210194781296842E-034  -2.6365641909424979E-032   4.3469144770912877E-035   3.5263363083101977E-035  -2.5005276362482909E-032   2.4132683312848703E-036  -2.6413368026143787E-032  -5.3079020035764672E-018  -4.5218476145422340E-035  -2.5567253387480680E-034  -4.6382030398101925E-034
   2.2374814165551565E-017  -5.1790859242274260E-031  -2.5278850321497233E-031   6.7271546147794962E-031   1.0643289738014119E-015   5.5640271734079834E-030  -4.8445501753027980E-033  -1.8210288881320221E-032   5.0170601473523832E-030   3.7857884561960477E-033   5.8893723861969289E-030   1.6905032987843178E-015   2.5631318976550553E-031   4.2164759169503916E-034  -2.6365641909424979E-032   6.2010258238850083E-030  -1.0223657371689819E-032  -8.2937114092102031E-033   5.8810767812828747E-030  -5.6758486266597927E-034   6.2122506931016878E-030   1.2483836922272187E-015   1.0635088622449079E-032   6.0132500868451992E-032   1.0908748941175400E-031
  -3.6889450274940998E-020   8.5387807584825494E-034   4.1677346906338460E-034  -1.1091088123351598E-033  -1.7547636581346463E-018  -9.1734350159593640E-033   7.9872302613997511E-036   3.0023379913207578E-035  -8.2716481782936651E-033  -6.2416453595089363E-036  -9.7098330374386203E-033  -2.7871399028708101E-018  -4.2258463461222889E-034  -6.9517215885217789E-037   4.3469144770912877E-035  -1.0223657371689819E-032   1.6855786933043719E-035   1.3673876902889066E-035  -9.6961560387063266E-033   9.3577955165151709E-037  -1.0242163860805110E-032  -2.0582154469629309E-018  -1.7534115367601527E-035  -9.9140707238134230E-035  -1.7985300286733584E-034
  -2.9925734353341452E-020   6.9268932655619766E-034   3.3809807486298653E-034  -8.9973950382878451E-034  -1.4235124322767938E-018  -7.4417422148934314E-033   6.4794603671279908E-036   2.4355789662781436E-035  -6.7101879860776244E-033  -5.0633939937921611E-036  -7.8768830093159057E-033  -2.2610043716365237E-018  -3.4281225182149051E-034  -5.6394273161020790E-037   3.5263363083101977E-035  -8.2937114092102031E-033   1.3673876902889066E-035   1.1092624171038939E-035  -7.8657878526311865E-033   7.5913005120153044E-037  -8.3087243810205577E-033  -1.6696808504516304E-018  -1.4224155543139889E-035  -8.0425662250277218E-035  -1.4590169130589624E-034
   2.1220359955234500E-017  -4.9118650433486235E-031  -2.3974559033547318E-031   6.3800593535172619E-031   1.0094136991593002E-015   5.2769448070860798E-030  -4.5945900502448070E-033  -1.7270708131528020E-032   4.7581991723440519E-030   3.5904563568861836E-033   5.5855034603115958E-030   1.6032798413559583E-015   2.4308841663911429E-031   3.9989220039208807E-034  -2.5005276362482909E-032   5.8810767812828747E-030  -9.6961560387063266E-033  -7.8657878526311865E-033   5.5776358766516757E-030  -5.3829967041505096E-034   5.8917224904926119E-030   1.1839719031987423E-015   1.0086359021995712E-032   5.7029895488544130E-032   1.0345899522572361E-031
  -2.0479846699581965E-021   4.7404588474947800E-035   2.3137934263740488E-035  -6.1574185249405500E-035  -9.7418883840097253E-020  -5.0927986574808207E-034   4.4342555958023288E-037   1.6668023335752544E-036  -4.5921553555761583E-034  -3.4651625102349029E-037  -5.3905897378026812E-034  -1.5473312157176963E-019  -2.3460551648112487E-035  -3.8593741942479559E-038   2.4132683312848703E-036  -5.6758486266597927E-034   9.3577955165151709E-037   7.5913005120153044E-037  -5.3829967041505096E-034   5.1951497296898293E-038  -5.6861228394009372E-034  -1.1426555970433153E-019  -9.7343818372158673E-037  -5.5039759898627884E-036  -9.9848653198408348E-036
   2.2415316232449661E-017  -5.1884609153680005E-031  -2.5324609167995482E-031   6.7393318630116233E-031   1.0662555830228131E-015   5.5740989710610411E-030  -4.8533196021163358E-033  -1.8243252477489011E-032   5.0261418453819784E-030   3.7926413514281770E-033   5.9000331118060293E-030   1.6935633857728494E-015   2.5677715848863933E-031   4.2241084268071873E-034  -2.6413368026143787E-032   6.2122506931016878E-030  -1.0242163860805110E-032  -8.3087243810205577E-033   5.8917224904926119E-030  -5.6861228394009372E-034   6.2234958811643954E-030   1.2506434705405925E-015   1.0654339869304877E-032   6.0241350513186641E-032   1.0928495557890112E-031
   4.5044729556357856E-003  -1.0426478766699210E-016  -5.0891103175310915E-017   1.3543033612010215E-016  0.21426953729829404        1.1201438251776004E-015  -9.7529950798293569E-019  -3.6660753100918510E-018   1.0100290256417334E-015   7.6215076427084482E-019   1.1856419652475046E-015  0.34033026305581060        5.1600689191377767E-017   8.4885628973108580E-020  -5.3079020035764672E-018   1.2483836922272187E-015  -2.0582154469629309E-018  -1.6696808504516304E-018   1.1839719031987423E-015  -1.1426555970433153E-019   1.2506434705405925E-015  0.25132323058807554        2.1410443334258995E-018   1.2105808875664923E-017   2.1961373275224159E-017
   3.8373994613102035E-020  -8.8824074196370695E-034  -4.3354570852974707E-034   1.1537427441363924E-033   1.8253807162387659E-018   9.5426021060876124E-033  -8.3086608431453463E-036  -3.1231612574047398E-035   8.6045246071594935E-033   6.4928282643830294E-036   1.0100586425000224E-032   2.8993029395013737E-018   4.3959073315888015E-034   7.2314801332491952E-037  -4.5218476145422340E-035   1.0635088622449079E-032  -1.7534115367601527E-035  -1.4224155543139889E-035   1.0086359021995712E-032  -9.7343818372158673E-037   1.0654339869304877E-032   2.1410443334258995E-018   1.8239741813635005E-035   1.0313043260716830E-034   1.8709083794262122E-034
   2.1697273490768023E-019  -5.0222559570196744E-033  -2.4513371369231839E-033   6.5234469619093176E-033   1.0320996035029388E-017   5.3955406466510865E-032  -4.6978504185803062E-035  -1.7658855858218339E-034   4.8651365473387447E-032   3.6711494855114130E-035   5.7110339512463097E-032   1.6393124939218768E-017   2.4855166780314597E-033   4.0887951274322596E-036  -2.5567253387480680E-034   6.0132500868451992E-032  -9.9140707238134230E-035  -8.0425662250277218E-035   5.7029895488544130E-032  -5.5039759898627884E-036   6.0241350513186641E-032   1.2105808875664923E-017   1.0313043260716830E-034   5.8311604618168943E-034   1.0578416762147623E-033
   3.9361427813654467E-019  -9.1109680392809851E-033  -4.4470163406930856E-033   1.1834306591408879E-032   1.8723511070212497E-017   9.7881507448002282E-032  -8.5224579120032883E-035  -3.2035259196540949E-034   8.8259347928267094E-032   6.6599006335324236E-035   1.0360493022727453E-031   2.9739073170176367E-017   4.5090220825946967E-033   7.4175593685412003E-036  -4.6382030398101925E-034   1.0908748941175400E-031  -1.7985300286733584E-034  -1.4590169130589624E-034   1.0345899522572361E-031  -9.9848653198408348E-036   1.0928495557890112E-031   2.1961373275224159E-017   1.8709083794262122E-034   1.0578416762147623E-033   1.9190502804105427E-033
