   1.8521000564225031E-002  -6.9329177124930656E-018   1.3731915182719524E-016   1.3657933361216762E-016  -2.3972833863727617E-018  -1.7598412769872377E-016  -1.5504188448173893E-016   8.6773077571968810E-002   2.3689598978105813E-014  -3.3344099381828710E-019  -2.8402891053988965E-018  -1.7088678715156723E-014   3.1657708177100771E-018  -1.6026399499869109E-014   3.3613848488051984E-017   7.4026223450145052E-017   8.2162371962064981E-017  -2.8672557530550639E-018  -7.8803330828666184E-018   5.4958054523558636E-018  -8.9443039610690524E-018   8.6582412044159448E-020  -8.9021014887321495E-018  -1.7780471437787735E-017   4.9568886133794030E-018  -9.4405208227912435E-018   5.3047914166232687E-018  -1.3023367993292742E-014  -7.6685234325846471E-018   8.2862368342862826E-018   4.4925131808117350E-015   7.0741049688182966E-018   5.6295684563898743E-015   4.6389881104289515E-002  -9.1904639789422606E-018   5.9014153443160164E-019  -2.1384753368783562E-018  -1.3009145628013825E-018   9.0924532217318107E-021  -1.2804469275627462E-018  -4.4231726247419679E-018  -2.1969396398054285E-018   1.0362334985036028E-018  -4.5010413084912078E-018   5.3495821674883011E-018  -1.5165449186622338E-017  -7.5828058001050498E-018   4.0397505489669268E-015   1.0676394465831512E-018  -9.7794750485028001E-019  -6.9613452699440367E-016  -2.1996460116310019E-018  -1.0509180716928421E-015   2.9684688425489884E-002   2.8222933975576817E-004
  -6.9329177124930656E-018   8.3120387358736357E-030   7.5169288732903131E-030   6.9690387799449386E-031  -1.0902259489589234E-029  -9.5541445516201705E-030  -3.7733368909204469E-030  -1.3584237716553595E-017   2.1865606434058950E-029  -8.4881041775497360E-031  -4.6281427619839571E-031   4.4346012915949396E-029  -7.9270282818614595E-031   3.8331104538837253E-029   6.0648125725123868E-030   3.3372011001876372E-030   2.6192468348707600E-030   3.0636609199958205E-032   1.2311694142404053E-032   1.9773849325764950E-031  -4.0503363182401787E-031   3.8911571666407047E-033  -4.0386210318859010E-031  -4.8041854301205243E-032   1.7359696437036247E-031  -6.0579756014080839E-031   4.6298232214481306E-031   1.0535357462158113E-029   1.5341805431983099E-030   7.6877952893299835E-031   7.2180204298974022E-030   1.2943393525050395E-030   1.0768780102154977E-029  -3.3216223973386447E-017  -3.3521772247492688E-031   1.5631090848108006E-031   2.4093608549298562E-031  -3.8462360272255413E-031   2.5284853738478548E-033  -3.8121717426864253E-031  -7.3110879650566503E-032   2.2494814004306852E-031   4.7991130136751107E-031  -1.1182502735593462E-030  -1.9061454645033402E-030   9.4375183606175806E-031  -1.6579532336869997E-030   2.9037041682727110E-031  -1.3610034369959725E-030  -8.6722125880114087E-032   5.5994627015107420E-032  -3.1239597226661401E-031  -1.7696978980912695E-031  -1.0782651570023939E-017  -4.0744990556498214E-015
   1.3731915182719524E-016   7.5169288732903131E-030   7.9114352372762794E-030   1.6939451766318016E-030  -9.9484873980684532E-030  -1.0066807264000327E-029  -4.6391741270948751E-030   6.6056832987222574E-016   2.0363258042209693E-028  -7.7569161781687214E-031  -4.4356321433135442E-031  -9.2134983000489498E-029  -6.9745119340634056E-031  -8.9375258155262674E-029   5.7845784906024775E-030   3.6136457367877202E-030   3.0228225272083303E-030   5.6680655722974606E-033  -4.9899792124519708E-032   2.2272333241252555E-031  -4.3827372312755864E-031   4.2155704487424412E-033  -4.3687939430750691E-031  -1.8164783154957712E-031   1.9655556830054325E-031  -6.2497993560867542E-031   4.6282893611963043E-031  -9.1402870068931856E-029   1.3378774618605883E-030   7.6447399580302292E-031   4.1414508100379652E-029   1.2337592725310953E-030   5.3466648963526347E-029   3.2950826977927284E-016  -3.7659365240712795E-031   1.4694632345030310E-031   2.0286293110150093E-031  -3.6040817242645932E-031   2.3734854940830540E-033  -3.5714683026003961E-031  -1.0089268936190726E-031   1.8784753591069570E-031   4.4514459064747556E-031  -1.0534208554145288E-030  -1.6946509523981626E-030   7.4196857733462511E-031  -1.5688878014219428E-030   3.1593472864512986E-029  -1.2313369338110258E-030  -8.6571612359750377E-032  -5.3476493719456364E-030  -3.0159229015047126E-031  -8.3112468108901907E-030   2.2038920258716234E-016  -3.7089091323552743E-015
   1.3657933361216762E-016   6.9690387799449386E-031   1.6939451766318016E-030   1.0745151620379248E-030  -9.9919771670668622E-031  -2.1637684344504011E-030  -1.4882309828127908E-030   6.4159149215104922E-016   1.7746076413710340E-028  -7.8881386096714323E-032  -6.2704116104917852E-032  -1.2260071706894614E-028  -4.7908354834283349E-032  -1.1527283146220673E-028   7.9497518879333571E-031   8.4880588424265050E-031   8.4444703741972386E-031  -1.8482655001267020E-032  -5.7269135526187634E-032   5.8513621488440916E-032  -1.0272111144303062E-031   9.9169004572053235E-034  -1.0230301295352821E-031  -1.3604241489777209E-031   5.2348070574575811E-032  -1.2447016920987609E-031   8.0976260177089769E-032  -9.5528611699566817E-029   8.1300991857101287E-032   1.3059113613110531E-031   3.3930284623332010E-029   1.6892339882920352E-031   4.2673227355057654E-029   3.4066574571004621E-016  -9.8259724496770754E-032   1.8443119886001678E-032   5.8476371143269461E-033  -4.4261591790538453E-032   2.9497508743621562E-034  -4.3803315606448665E-032  -3.9348389753643317E-032   3.9752737984368185E-033   5.0878785745958067E-032  -1.3401034314654648E-031  -1.3196456397368142E-031  -2.7387509864972338E-032  -2.0542494830886665E-031   2.9952584114350089E-029  -1.1461061815482840E-031  -1.5051491499379102E-032  -5.1519191023589056E-030  -4.4417342601478090E-032  -7.8011250069340681E-030   2.1893329799975414E-016  -3.6470210197407453E-016
  -2.3972833863727617E-018  -1.0902259489589234E-029  -9.9484873980684532E-030  -9.9919771670668622E-031   1.4306783248415082E-029   1.2645596176951999E-029   5.0473678310603271E-030  -3.6027469502306813E-017  -4.3392654763612200E-029   1.1139654040018373E-030   6.0904002505769382E-031  -4.7582859135281100E-029   1.0381727351431865E-030  -4.0349711566462735E-029  -7.9787467485700477E-030  -4.4248176165556982E-030  -3.4878101394859225E-030  -3.8420097368509311E-032  -1.1264089275081941E-032  -2.6287140214949715E-031   5.3701189392722715E-031  -5.1594782156986073E-033   5.3544849272734958E-031   7.4072327645423063E-032  -2.3085987094713148E-031   8.0075031680857372E-031  -6.1079000998686587E-031  -5.7414875068176289E-030  -2.0083011891469497E-030  -1.0138891921700171E-030  -1.2259137313972653E-029  -1.7027452299062405E-030  -1.7623896030326436E-029   1.4794509540422009E-017   4.4555638484845353E-031  -2.0546810843685315E-031  -3.1481482864298261E-031   5.0548753580367111E-031  -3.3233707230260023E-033   5.0100512096122861E-031   9.8676788929286452E-032  -2.9380011568836506E-031  -6.3035411522736940E-031   1.4700947708545531E-030   2.4978105507750199E-030  -1.2289231726249289E-030   2.1801734079690045E-030  -2.8881004016860890E-030   1.7851650546954740E-030   1.1439852788288020E-031   3.5855248604324176E-031   4.1127249972825932E-031   8.8441533147645108E-031  -4.2741441825265280E-018   5.3461397990956559E-015
  -1.7598412769872377E-016  -9.5541445516201705E-030  -1.0066807264000327E-029  -2.1637684344504011E-030   1.2645596176951999E-029   1.2809481020715858E-029   5.9088504257515896E-030  -8.4638425615212739E-016  -2.6067603989073308E-028   9.8599875978318410E-031   5.6402891277589834E-031   1.1843973269179317E-028   8.8627630957872989E-031   1.1484932567837565E-028  -7.3553245364768360E-030  -4.5990169830813000E-030  -3.8486605570046703E-030  -6.9817935910312717E-033   6.4039459023637270E-032  -2.8352820090474910E-031   5.5777985615865629E-031  -5.3650924484789703E-033   5.5600426091318619E-031   2.3227226334532240E-031  -2.5022477136556663E-031   7.9513857446903604E-031  -5.8870887564094921E-031   1.1719322835374270E-028  -1.6999649819578962E-030  -9.7235819576958151E-031  -5.2990635787546562E-029  -1.5687672091322818E-030  -6.8398338769842092E-029  -4.2243929257536264E-016   4.7939814508020642E-031  -1.8682767187333938E-031  -2.5769059323647419E-031   4.5821185091236905E-031  -3.0176171765547979E-033   4.5406480516611633E-031   1.2858729107695726E-031  -2.3860015075165970E-031  -5.6589878537194118E-031   1.3393411273885666E-030   2.1536359428070253E-030  -9.4192933278565248E-031   1.9947848262957383E-030  -4.0472043772680999E-029   1.5650554896441538E-030   1.1011619627087391E-031   6.8514347511493443E-030   3.8352149009188026E-031   1.0646000933952081E-029  -2.8244108395541550E-016   4.7143305418636801E-015
  -1.5504188448173893E-016  -3.7733368909204469E-030  -4.6391741270948751E-030  -1.4882309828127908E-030   5.0473678310603271E-030   5.9088504257515896E-030   3.0644722901135804E-030  -7.3510285404079487E-016  -2.1247964504803121E-028   3.9422396602693758E-031   2.3766415775143285E-031   1.2555382519089135E-028   3.3845716084793782E-031   1.1925138464562259E-028  -3.0835918673303946E-030  -2.1711993977962277E-030  -1.9096734002306442E-030   1.0370948580637625E-032   6.1650736783110944E-032  -1.3812929227921074E-031   2.6317337358113278E-031  -2.5338979075150774E-033   2.6227263056261040E-031   1.7406313057602702E-031  -1.2239359231060687E-031   3.5998248285394100E-031  -2.5879770138447241E-031   1.0641052018008776E-028  -6.4187228594614276E-031  -4.2526939039728983E-031  -4.1710984358172946E-029  -6.5724186154579572E-031  -5.3062893536927799E-029  -3.8102739274732123E-016   2.3308531780161892E-031  -7.7114883939733344E-032  -9.2821836234631430E-032   1.8845947230102664E-031  -1.2435343266078214E-033   1.8671394359462882E-031   7.1500873180666463E-032  -8.4950504733683873E-032  -2.3013399057898911E-031   5.5406596228150323E-031   8.3319276204197960E-031  -3.0558174105644353E-031   8.2924556630433171E-031  -3.4648452662569282E-029   6.1841885547690404E-031   4.8341739050320509E-032   5.9217720293637361E-030   1.6283480292947194E-031   9.0603661495228363E-030  -2.4864643812268510E-016   1.8762857394453637E-015
   8.6773077571968810E-002  -1.3584237716553595E-017   6.6056832987222574E-016   6.4159149215104922E-016  -3.6027469502306813E-017  -8.4638425615212739E-016  -7.3510285404079487E-016  0.40658510466245978        1.1105846575544824E-013  -3.4928554136219891E-018  -1.4362038492451740E-017  -7.9976176320816728E-014   1.3031944172174023E-017  -7.5012047360601249E-014   1.7130604113280403E-016   3.5447407648782330E-016   3.9096705197451028E-016  -1.3366199457626042E-017  -3.6899001541598952E-017   2.6202872962944661E-017  -4.2833861643605439E-017   4.1457179825521655E-019  -4.2633437858486929E-017  -8.3428004041252287E-017   2.3622622510847116E-017  -4.5615695219682922E-017   2.5911003408845986E-017  -6.1003146181841306E-014  -3.2445440249968349E-017   4.0577408522522168E-017   2.1068195088279397E-014   3.6092621465745385E-017   2.6404476590861408E-014  0.21730602934665047       -4.3828584941023789E-017   3.1208668605040741E-018  -9.4728944476177364E-018  -6.9707553842120865E-018   4.8357229569080392E-020  -6.8670977838143942E-018  -2.0893120617829980E-017  -9.7832161081331243E-018   5.9471708633882452E-018  -2.3634862502961351E-017   2.0733031073881539E-017  -6.8918556410190072E-017  -3.9303307219425159E-017   1.8930808356828338E-014   1.9077376388786250E-018  -4.7798553068664945E-018  -3.2619378423563223E-015  -1.1017923799910076E-017  -4.9249725306930723E-015  0.13907702372906441       -7.9436904947670344E-003
   2.3689598978105813E-014   2.1865606434058950E-029   2.0363258042209693E-028   1.7746076413710340E-028  -4.3392654763612200E-029  -2.6067603989073308E-028  -2.1247964504803121E-028   1.1105846575544824E-013   3.0414252132414423E-026  -3.5663615345863427E-030  -5.3486150364127030E-030  -2.1717204553704763E-026   1.1217284049164525E-030  -2.0379254363150851E-026   6.5472188849663534E-029   1.0712993878549793E-028   1.1489245896233864E-028  -3.5580692026288089E-030  -1.0044847522269032E-029   7.7684665044375117E-030  -1.2950802140857872E-029   1.2525638752282588E-031  -1.2892430915461253E-029  -2.2944716878533374E-029   6.9891199307862827E-030  -1.4328728313385249E-029   8.5049119965897674E-030  -1.6636823706919937E-026  -4.1448580016935214E-030   1.3453528174797178E-029   5.7791413155263820E-027   1.3845285530487511E-029   7.2482181554769007E-027   5.9277134662307421E-014  -1.3007777258459496E-029   1.3337784035227107E-030  -1.8470885654197033E-030  -3.0883250660414782E-030   2.0994289518671046E-032  -3.0495182523359561E-030  -5.9340651484485435E-030  -1.9810822098011464E-030   3.1018444986561556E-030  -9.8993202657115028E-030  -2.0018143254176791E-031  -1.5928064121596518E-029  -1.5841512952228280E-029   5.1737781948382664E-027  -3.6667410188108743E-030  -1.5729643288848922E-030  -8.9115932577861016E-028  -3.9719662024695124E-030  -1.3463040522412679E-027   3.7969920081481736E-014  -1.4708543673045199E-014
  -3.3344099381828710E-019  -8.4881041775497360E-031  -7.7569161781687214E-031  -7.8881386096714323E-032   1.1139654040018373E-030   9.8599875978318410E-031   3.9422396602693758E-031  -3.4928554136219891E-018  -3.5663615345863427E-030   8.6737566564557277E-032   4.7443229102155353E-032  -3.5694353128584228E-030   8.0808509608878176E-032  -3.0146711172150427E-030  -6.2150292217541890E-031  -3.4510924851319472E-031  -2.7221700106936162E-031  -2.9687192316293010E-033  -8.1458367172185513E-034  -2.0511095738583402E-032   4.1883393163497759E-032  -4.0241047516319037E-034   4.1761330063328315E-032   5.9082925041162063E-033  -1.8014361489098538E-032   6.2422372954981068E-032  -4.7599017410849027E-032  -3.4382580790780657E-031  -1.5630839909794137E-031  -7.9008519547990983E-032  -9.9011845962113830E-031  -1.3263421964183909E-031  -1.4168377135178127E-030   7.8426616536865250E-019   3.4764488609323279E-032  -1.6002714971861223E-032  -2.4494980262068750E-032   3.9368285582358140E-032  -2.5883441172069963E-034   3.9019116201966148E-032   7.7181696504494036E-033  -2.2858281601639854E-032  -4.9088476604266914E-032   1.1449933303592752E-031   1.9444066961255968E-031  -9.5565507350301281E-032   1.6981148533495923E-031  -2.5688795948403811E-031   1.3898701787805840E-031   8.9149819506478572E-033   3.3434502932170486E-032   3.2039692194742685E-032   7.7190706863079923E-032  -5.6805198768050467E-019   4.1625577910275321E-016
  -2.8402891053988965E-018  -4.6281427619839571E-031  -4.4356321433135442E-031  -6.2704116104917852E-032   6.0904002505769382E-031   5.6402891277589834E-031   2.3766415775143285E-031  -1.4362038492451740E-017  -5.3486150364127030E-030   4.7443229102155353E-032   2.6331688322184419E-032   5.0210555375872216E-031   4.3701259401775336E-032   6.5278554415042038E-031  -3.4442747718693952E-031  -1.9919958919455794E-031  -1.6053729169260507E-031  -1.2106739107220795E-033   6.8585941771401031E-034  -1.1996472868307155E-032   2.4169701318546529E-032  -2.3231231354299549E-034   2.4096946473834776E-032   5.7802355083476258E-033  -1.0554856576881766E-032   3.5463881756426339E-032  -2.6770514023184864E-032   1.6812081758924281E-030  -8.4309887910516471E-032  -4.4361268538847880E-032  -1.1857778606550116E-030  -7.3489605596983735E-032  -1.5821343770635052E-030  -6.2292231467295677E-018   2.0315098634284145E-032  -8.8289422549284447E-033  -1.3077704180115480E-032   2.1698428636049616E-032  -1.4273792252124996E-034   2.1504697098219612E-032   4.8521861018554257E-033  -1.2174984239312561E-032  -2.6971775173743027E-032   6.3211012175750465E-032   1.0547903460796501E-031  -5.0042652875159460E-032   9.3877114644953592E-032  -7.2014467617815878E-031   7.5792435155237792E-032   5.0117010894197531E-033   1.1817692123550835E-031   1.7822902694946059E-032   1.9300398349357720E-031  -4.5706714623152185E-018   2.2741109770781829E-016
  -1.7088678715156723E-014   4.4346012915949396E-029  -9.2134983000489498E-029  -1.2260071706894614E-028  -4.7582859135281100E-029   1.1843973269179317E-028   1.2555382519089135E-028  -7.9976176320816728E-014  -2.1717204553704763E-026  -3.5694353128584228E-030   5.0210555375872216E-031   1.5940439841955748E-026  -6.5358099133268904E-030   1.4934657925457012E-026  -3.2588399517561397E-030  -5.2933845559353899E-029  -6.3705774904529156E-029   2.7805322401927638E-030   7.3136630943912483E-030  -4.1583196153276513E-030   6.3875155551830258E-030  -6.1967616698817745E-032   6.3539993337067953E-030   1.6155614453114696E-029  -3.7722556570477893E-030   5.9276197338323146E-030  -2.7710348760665780E-030   1.2042056493086334E-026   1.4068975235647125E-029  -4.1202365076088540E-030  -4.1044396934616061E-027  -6.0368386447886119E-031  -5.1354005954482496E-027  -4.2874711543764714E-014   6.9330674183801003E-030   1.7037831508993666E-031   3.0697962678760716E-030  -5.5849276229737127E-031   3.1738557614891497E-033  -5.6178537363554767E-031   3.7396472551108543E-030   3.0506222925602223E-030   1.2374314184015055E-030  -9.6179376072528775E-031  -1.3632098543139483E-029   1.8276820130591299E-029  -5.8845097809232906E-031  -3.7191040860741144E-027  -7.1989549386489872E-030   5.0458586889688626E-031   6.4136460107464814E-028   5.9906264165528551E-031   9.6704048429217419E-028  -2.7387519428297591E-014  -1.8868169491188992E-014
   3.1657708177100771E-018  -7.9270282818614595E-031  -6.9745119340634056E-031  -4.7908354834283349E-032   1.0381727351431865E-030   8.8627630957872989E-031   3.3845716084793782E-031   1.3031944172174023E-017   1.1217284049164525E-030   8.0808509608878176E-032   4.3701259401775336E-032  -6.5358099133268904E-030   7.5937315026432021E-032  -5.8191618310729923E-030  -5.7315798192694491E-031  -3.0787211140976237E-031  -2.3838263312810085E-031  -3.3061563044634142E-033  -2.2387420676282333E-033  -1.8092192725181015E-032   3.7371649179294211E-032  -3.5894081127163390E-034   3.7265763788972940E-032   2.1710355685515743E-033  -1.5865486715681830E-032   5.6428335108618175E-032  -4.3383888298228960E-032  -2.7652457769687691E-030  -1.4717602743331287E-031  -7.2109359221285428E-032  -7.9842448634832201E-032  -1.2233563835142281E-031  -2.6425897502281564E-031   9.4392741408060840E-018   3.0688021472693571E-032  -1.4809598789564074E-032  -2.3239693505884949E-032   3.6461424752039319E-032  -2.3962145101351279E-034   3.6139713392824177E-032   6.3658604536473976E-033  -2.1724666987355822E-032  -4.5573878485756205E-032   1.0591029977631275E-031   1.8229393623431739E-031  -9.1948741501029556E-032   1.5690294205914416E-031   5.1880616711999413E-031   1.2978709044801808E-031   8.1284453464028078E-033  -9.9501345883047269E-032   2.9459793348902856E-032  -1.2530257964870716E-031   5.0426133112072729E-018   3.8815544224863718E-016
  -1.6026399499869109E-014   3.8331104538837253E-029  -8.9375258155262674E-029  -1.1527283146220673E-028  -4.0349711566462735E-029   1.1484932567837565E-028   1.1925138464562259E-028  -7.5012047360601249E-014  -2.0379254363150851E-026  -3.0146711172150427E-030   6.5278554415042038E-031   1.4934657925457012E-026  -5.8191618310729923E-030   1.3993600778208631E-026  -5.4392853593396224E-030  -5.0962756707438548E-029  -6.0784748554776040E-029   2.5960945652822421E-030   6.8553547961707004E-030  -3.9781694858252648E-030   6.1505817049207385E-030  -5.9654020005386790E-032   6.1186833781695665E-030   1.5172784688455275E-029  -3.6065590221915721E-030   5.7980691921562356E-030  -2.7810996154972092E-030   1.1291269682517773E-026   1.2593962976845950E-029  -4.1667757490378261E-030  -3.8527861282824868E-027  -1.0747224478705677E-030  -4.8212188615984788E-027  -4.0203286222786686E-014   6.6348809915158246E-030   9.8409017771617147E-032   2.7848090805948121E-030  -3.7276857045640022E-031   1.9837743527426985E-033  -3.7719521211162926E-031   3.5364974396028259E-030   2.7731046700951010E-030   9.7217786676872775E-031  -4.6286522292028392E-031  -1.2038051197657621E-029   1.6772851658166142E-029   9.9346270906255225E-032  -3.4886211654380512E-027  -6.2179380904464837E-030   5.0736781409611481E-031   6.0157583689576067E-028   6.8464055247788149E-031   9.0715023542168777E-028  -2.5685165041169154E-014  -1.6097650821225144E-014
   3.3613848488051984E-017   6.0648125725123868E-030   5.7845784906024775E-030   7.9497518879333571E-031  -7.9787467485700477E-030  -7.3553245364768360E-030  -3.0835918673303946E-030   1.7130604113280403E-016   6.5472188849663534E-029  -6.2150292217541890E-031  -3.4442747718693952E-031  -3.2588399517561397E-030  -5.7315798192694491E-031  -5.4392853593396224E-030   4.5059163046019715E-030   2.5953931442585227E-030   2.0872866118656686E-030   1.6418345257777047E-032  -7.4549295796184524E-033   1.5610178426776974E-031  -3.1491697476646988E-031   3.0267737017628553E-033  -3.1397198978245720E-031  -7.2274794747758102E-032   1.3731942740667013E-031  -4.6278896515358934E-031   3.4969794414171776E-031  -1.9496276812427156E-029   1.1060581995711819E-030   5.7958045901164265E-031   1.4662575559160719E-029   9.6143481643885334E-031   1.9634491355656238E-029   7.2599875464680732E-017  -2.6436887647037415E-031   1.1555593583085149E-031   1.7175023535310495E-031  -2.8402479598752901E-031   1.8682853192443937E-033  -2.8149063789705367E-031  -6.2710736814494093E-032   1.5993479243974982E-031   3.5316387220177567E-031  -8.2727174747484884E-031  -1.3829509705640169E-030   6.5856932102650125E-031  -1.2284387531832819E-030   8.6501252595603851E-030  -9.9318635760182668E-031  -6.5469807739606938E-032  -1.4130498484476306E-030  -2.3307581713428343E-031  -2.3244662146005153E-030   5.4115604499455166E-017  -2.9794344653067994E-015
   7.4026223450145052E-017   3.3372011001876372E-030   3.6136457367877202E-030   8.4880588424265050E-031  -4.4248176165556982E-030  -4.5990169830813000E-030  -2.1711993977962277E-030   3.5447407648782330E-016   1.0712993878549793E-028  -3.4510924851319472E-031  -1.9919958919455794E-031  -5.2933845559353899E-029  -3.0787211140976237E-031  -5.0962756707438548E-029   2.5953931442585227E-030   1.6584955260110312E-030   1.4015122974561672E-030   5.1159397273778083E-034  -2.7705657203053600E-032   1.0287340271296705E-031  -2.0112359139501844E-031   1.9349090672603451E-033  -2.0047410514464486E-031  -9.3216211781935713E-032   9.0861607569966772E-032  -2.8448152984054822E-031   2.0949153936041398E-031  -4.9760682018193301E-029   5.8945417977241463E-031   3.4569261089772519E-031   2.1559969754423370E-029   5.5348970058453078E-031   2.7714883975408308E-029   1.7899584906292417E-016  -1.7387280836044445E-031   6.5746320649960686E-032   8.8695736447218927E-032  -1.6115021700876554E-031   1.0616304710282325E-033  -1.5968587374196367E-031  -4.7955641936388500E-032   8.1978877061641065E-032   1.9863897327336918E-031  -4.7150812340246882E-031  -7.4970150818955769E-031   3.1925920541662518E-031  -7.0284555545719188E-031   1.6876346608382907E-029  -5.4670960118605105E-031  -3.9175125827114462E-032  -2.8652142139392331E-030  -1.3562997624027717E-031  -4.4313600886093488E-030   1.1877943365048301E-016  -1.6487985428100775E-015
   8.2162371962064981E-017   2.6192468348707600E-030   3.0228225272083303E-030   8.4444703741972386E-031  -3.4878101394859225E-030  -3.8486605570046703E-030  -1.9096734002306442E-030   3.9096705197451028E-016   1.1489245896233864E-028  -2.7221700106936162E-031  -1.6053729169260507E-031  -6.3705774904529156E-029  -2.3838263312810085E-031  -6.0784748554776040E-029   2.0872866118656686E-030   1.4015122974561672E-030   1.2096108825112560E-030  -3.2914720786402542E-033  -3.1972888360153459E-032   8.8098110065820319E-032  -1.6991736023314868E-031   1.6353773171647593E-033  -1.6935148714904936E-031  -9.6321107788891006E-032   7.7943961560658327E-032  -2.3620443999163585E-031   1.7181805230854853E-031  -5.5968750708319870E-029   4.5433814224830412E-031   2.8292336071826458E-031   2.2767808941941013E-029   4.4501010621108126E-031   2.9080112250615246E-029   2.0073837633305444E-016  -1.4877344559775874E-031   5.2538243621341464E-032   6.7096088036449473E-032  -1.2858844746059015E-031   8.4779192085507252E-034  -1.2740884648385669E-031  -4.3466116051549262E-032   6.1730962421784638E-032   1.5777131275430117E-031  -3.7713101147124526E-031  -5.8352722554022341E-031   2.3188920142489940E-031  -5.6328927694680553E-031   1.8495896856254873E-029  -4.2918011311041460E-031  -3.2112038506688299E-032  -3.1534195030365086E-030  -1.0964822292828352E-031  -4.8439501155695956E-030   1.3179139586228614E-016  -1.2981313266358725E-015
  -2.8672557530550639E-018   3.0636609199958205E-032   5.6680655722974606E-033  -1.8482655001267020E-032  -3.8420097368509311E-032  -6.9817935910312717E-033   1.0370948580637625E-032  -1.3366199457626042E-017  -3.5580692026288089E-030  -2.9687192316293010E-033  -1.2106739107220795E-033   2.7805322401927638E-030  -3.3061563044634142E-033   2.5960945652822421E-030   1.6418345257777047E-032   5.1159397273778083E-034  -3.2914720786402542E-033   5.4906319850652715E-034   1.2532703634394511E-033  -1.3997876389521006E-034  -6.8262276426199147E-035   5.5534264919751914E-037  -7.0571419947690904E-035   2.5580107736167762E-033  -1.4315686454782327E-034  -7.0638065607000434E-034   8.3302174323054208E-034   2.0362998137846427E-030   6.6352630373259610E-033   1.4633961601113249E-033  -6.6382743507889394E-031   3.5192686713906915E-033  -8.2570897678547084E-031  -7.2380621592373747E-018   2.1790904818621083E-034   4.6554804914198937E-034   1.1854134391974075E-033  -1.1687494311172013E-033   7.6003355663272441E-036  -1.1597714066734530E-033   4.1875165183018111E-034   1.1375046272396918E-033   1.5483868188745055E-033  -3.2876913590682864E-033  -7.6027294387862945E-033   5.6852600745715934E-033  -4.7348581627159208E-033  -6.1898492756605731E-031  -5.0060350522170838E-033  -1.5844507663989141E-034   1.0704144370697842E-031  -7.7384149782864242E-034   1.6066452659405433E-031  -4.5943471042422475E-018  -1.4539558588775314E-017
  -7.8803330828666184E-018   1.2311694142404053E-032  -4.9899792124519708E-032  -5.7269135526187634E-032  -1.1264089275081941E-032   6.4039459023637270E-032   6.1650736783110944E-032  -3.6899001541598952E-017  -1.0044847522269032E-029  -8.1458367172185513E-034   6.8585941771401031E-034   7.3136630943912483E-030  -2.2387420676282333E-033   6.8553547961707004E-030  -7.4549295796184524E-033  -2.7705657203053600E-032  -3.1972888360153459E-032   1.2532703634394511E-033   3.3634792678167578E-033  -2.1132598789654449E-033   3.3455260274388784E-033  -3.2418664011091626E-035   3.3289073850840509E-033   7.5036267898583667E-033  -1.9113874623691228E-033   3.3302560528977523E-033  -1.7332295219158915E-033   5.5475723659421216E-030   4.9880675871255058E-033  -2.6559926760385088E-033  -1.9014519421725092E-030  -1.5486406546785751E-033  -2.3807672940738466E-030  -1.9755869948212216E-017   3.5288170020512493E-033  -7.4736756209447425E-035   1.1804303199551284E-033   1.1962792539429894E-034  -1.0161023661312296E-036   1.1476583529323351E-034   1.7977396313372619E-033   1.1872682247999175E-033   1.0023348974958534E-034   6.5332772253479262E-034  -4.4214560672871332E-033   7.5094960162493036E-033   1.3552015195472230E-033  -1.7168060764779347E-030  -1.9871902607164681E-033   3.1797975583444771E-034   2.9596148670988694E-031   5.8301758021182388E-034   4.4650303368852725E-031  -1.2629898873525396E-017  -4.7105157477075780E-018
   5.4958054523558636E-018   1.9773849325764950E-031   2.2272333241252555E-031   5.8513621488440916E-032  -2.6287140214949715E-031  -2.8352820090474910E-031  -1.3812929227921074E-031   2.6202872962944661E-017   7.7684665044375117E-030  -2.0511095738583402E-032  -1.1996472868307155E-032  -4.1583196153276513E-030  -1.8092192725181015E-032  -3.9781694858252648E-030   1.5610178426776974E-031   1.0287340271296705E-031   8.8098110065820319E-032  -1.3997876389521006E-034  -2.1132598789654449E-033   6.4347624583881354E-033  -1.2473377114932200E-032   1.2003180959160123E-034  -1.2432305652793492E-032  -6.5912366960191674E-033   5.6895281647431467E-033  -1.7452339143050888E-032   1.2753996094146102E-032  -3.7283725568326206E-030   3.4543946412316764E-032   2.1018241422840589E-032   1.5470680447759572E-030   3.3284430670202005E-032   1.9800806827630536E-030   1.3384308767189354E-017  -1.0869953832995386E-032   3.9388310789769915E-033   5.1393625874753207E-033  -9.6457842751679886E-033   6.3575830031866232E-035  -9.5576210335916821E-033  -3.1102236324051411E-033   4.7370672269261842E-033   1.1855999356704876E-032  -2.8263797895007234E-032  -4.4196605662298270E-032   1.8055365872294031E-032  -4.2182841608226007E-032   1.2420717167299619E-030  -3.2398119929411078E-032  -2.3841749401617048E-033  -2.1148577923069052E-031  -8.1838859746374299E-033  -3.2555673834941697E-031   8.8163620994188168E-018  -9.7882666152348770E-017
  -8.9443039610690524E-018  -4.0503363182401787E-031  -4.3827372312755864E-031  -1.0272111144303062E-031   5.3701189392722715E-031   5.5777985615865629E-031   2.6317337358113278E-031  -4.2833861643605439E-017  -1.2950802140857872E-029   4.1883393163497759E-032   2.4169701318546529E-032   6.3875155551830258E-030   3.7371649179294211E-032   6.1505817049207385E-030  -3.1491697476646988E-031  -2.0112359139501844E-031  -1.6991736023314868E-031  -6.8262276426199147E-035   3.3455260274388784E-033  -1.2473377114932200E-032   2.4390066388281600E-032  -2.3464343077713749E-034   2.4311332482509284E-032   1.1274887090337318E-032  -1.1016728344968200E-032   3.4505716689233216E-032  -2.5413475962586898E-032   6.0111572516663240E-030  -7.1555491166259290E-032  -4.1937071610383640E-032  -2.6069494494908774E-030  -6.7158931028561990E-032  -3.3514913995788851E-030  -2.1623922768657986E-017   2.1082250917758829E-032  -7.9780178230161576E-033  -1.0769143134120638E-032   1.9555161352386952E-032  -1.2882498303861235E-034   1.9377485705097622E-032   5.8106039056736604E-033  -9.9540787793661064E-033  -2.4105546153463055E-032   5.7214793668712790E-032   9.0998881973021634E-032  -3.8779474988470258E-032   8.5284377633058368E-032  -2.0394972478602356E-030   6.6353593682178267E-032   4.7523754891836485E-033   3.4623744179912453E-031   1.6455967887475315E-032   5.3554860784907415E-031  -1.4351734072978597E-017   2.0010669430264858E-016
   8.6582412044159448E-020   3.8911571666407047E-033   4.2155704487424412E-033   9.9169004572053235E-034  -5.1594782156986073E-033  -5.3650924484789703E-033  -2.5338979075150774E-033   4.1457179825521655E-019   1.2525638752282588E-031  -4.0241047516319037E-034  -2.3231231354299549E-034  -6.1967616698817745E-032  -3.5894081127163390E-034  -5.9654020005386790E-032   3.0267737017628553E-033   1.9349090672603451E-033   1.6353773171647593E-033   5.5534264919751914E-037  -3.2418664011091626E-035   1.2003180959160123E-034  -2.3464343077713749E-034   2.2573942754952053E-036  -2.3388550794600160E-034  -1.0894776232193911E-034   1.0601802595527478E-034  -3.3184792032882114E-034   2.4434837766830306E-034  -5.8209233349445404E-032   6.8720759416047758E-034   4.0320493192681132E-034   2.5203978461731347E-032   6.4548392468510334E-034   3.2397090336955710E-032   2.0937985796780961E-019  -2.0287189834622802E-034   7.6670268790782038E-035   1.0339064297521063E-034  -1.8792371713829585E-034   1.2380172798481215E-036  -1.8621596364654551E-034  -5.5980971086807947E-035   9.5557783517718056E-035   2.3163270657148689E-034  -5.4985447149764015E-034  -8.7409314547142740E-034   3.7204606099713169E-034  -8.1964375168467447E-034   1.9736257259163825E-032  -6.3746120924957000E-034  -4.5693187311115867E-035  -3.3509086922187310E-033  -1.5817941282879579E-034  -5.1821689333186886E-033   1.3892609843047279E-019  -1.9225347080643025E-018
  -8.9021014887321495E-018  -4.0386210318859010E-031  -4.3687939430750691E-031  -1.0230301295352821E-031   5.3544849272734958E-031   5.5600426091318619E-031   2.6227263056261040E-031  -4.2633437858486929E-017  -1.2892430915461253E-029   4.1761330063328315E-032   2.4096946473834776E-032   6.3539993337067953E-030   3.7265763788972940E-032   6.1186833781695665E-030  -3.1397198978245720E-031  -2.0047410514464486E-031  -1.6935148714904936E-031  -7.0571419947690904E-035   3.3289073850840509E-033  -1.2432305652793492E-032   2.4311332482509284E-032  -2.3388550794600160E-034   2.4232864396054395E-032   1.1226556339687551E-032  -1.0980363252415343E-032   3.4397138637574005E-032  -2.5334949602497344E-032   5.9822906404432979E-030  -7.1354157874757192E-032  -4.1807897188850191E-032  -2.5954410167859776E-030  -6.6957486841041744E-032  -3.3368238592055479E-030  -2.1520482443487779E-017   2.1012918847924544E-032  -7.9543064713325797E-033  -1.0739703244005857E-032   1.9497169075798495E-032  -1.2844248622217101E-034   1.9320027901769056E-032   5.7898418334730407E-033  -9.9270597326203398E-033  -2.4034555601486467E-032   5.7044511314334773E-032   9.0738991032731749E-032  -3.8679991024352101E-032   8.5029790755986637E-032  -2.0300345932032367E-030   6.6161611432122805E-032   4.7377031848858526E-033   3.4462197683480478E-031   1.6406200182883824E-032   5.3307245875967344E-031  -1.4284046677331921E-017   1.9952515233184966E-016
  -1.7780471437787735E-017  -4.8041854301205243E-032  -1.8164783154957712E-031  -1.3604241489777209E-031   7.4072327645423063E-032   2.3227226334532240E-031   1.7406313057602702E-031  -8.3428004041252287E-017  -2.2944716878533374E-029   5.9082925041162063E-033   5.7802355083476258E-033   1.6155614453114696E-029   2.1710355685515743E-033   1.5172784688455275E-029  -7.2274794747758102E-032  -9.3216211781935713E-032  -9.6321107788891006E-032   2.5580107736167762E-033   7.5036267898583667E-033  -6.5912366960191674E-033   1.1274887090337318E-032  -1.0894776232193911E-034   1.1226556339687551E-032   1.7429602152471071E-032  -5.9136260418681515E-033   1.3074030797059863E-032  -8.1533779039753532E-033   1.2465392155064645E-029  -2.7180584198376608E-033  -1.3035896335219076E-032  -4.3714709888084456E-030  -1.5328781906191815E-032  -5.4892380468486553E-030  -4.4430722646419025E-017   1.1052242623379776E-032  -1.5969288721826930E-033   4.7226060359152224E-034   3.7839207134909282E-033  -2.5395267533457150E-035   3.7417979213727183E-033   4.7384770085666172E-033   6.3377329396926520E-034  -4.1564091030074543E-033   1.1693137131870525E-032   7.3984835394124408E-033   8.3841326956501616E-033   1.8211913933629668E-032  -3.8900938309641525E-030   7.9313306442711563E-033   1.5121109984567881E-033   6.6964754537693505E-031   4.1734883907419589E-033   1.0126534112439254E-030  -2.8499965771521565E-017   2.6549073079854460E-017
   4.9568886133794030E-018   1.7359696437036247E-031   1.9655556830054325E-031   5.2348070574575811E-032  -2.3085987094713148E-031  -2.5022477136556663E-031  -1.2239359231060687E-031   2.3622622510847116E-017   6.9891199307862827E-030  -1.8014361489098538E-032  -1.0554856576881766E-032  -3.7722556570477893E-030  -1.5865486715681830E-032  -3.6065590221915721E-030   1.3731942740667013E-031   9.0861607569966772E-032   7.7943961560658327E-032  -1.4315686454782327E-034  -1.9113874623691228E-033   5.6895281647431467E-033  -1.1016728344968200E-032   1.0601802595527478E-034  -1.0980363252415343E-032  -5.9136260418681515E-033   5.0312908270491367E-033  -1.5392551548821270E-032   1.1237473735131184E-032  -3.3660061979582502E-030   3.0280972099612165E-032   1.8515836254187109E-032   1.3902742078252512E-030   2.9278950252133082E-032   1.7785520626768476E-030   1.2080911703501588E-017  -9.6104044182568720E-033   3.4630853799417078E-033   4.4980883408465149E-033  -8.4797148117608627E-033   5.5893865664800779E-035  -8.4021490124715641E-033  -2.7624844390819470E-033   4.1443963854496662E-033   1.0418767875438896E-032  -2.4851877917008122E-032  -3.8773908091358691E-032   1.5748469354187818E-032  -3.7096761878063351E-032   1.1192438731756824E-030  -2.8443174840420637E-032  -2.1005863169944786E-033  -1.9063057102089079E-031  -7.2022773246266705E-033  -2.9330662226562816E-031   7.9516443864552663E-018  -8.5954577401320414E-017
  -9.4405208227912435E-018  -6.0579756014080839E-031  -6.2497993560867542E-031  -1.2447016920987609E-031   8.0075031680857372E-031   7.9513857446903604E-031   3.5998248285394100E-031  -4.5615695219682922E-017  -1.4328728313385249E-029   6.2422372954981068E-032   3.5463881756426339E-032   5.9276197338323146E-030   5.6428335108618175E-032   5.7980691921562356E-030  -4.6278896515358934E-031  -2.8448152984054822E-031  -2.3620443999163585E-031  -7.0638065607000434E-034   3.3302560528977523E-033  -1.7452339143050888E-032   3.4505716689233216E-032  -3.3184792032882114E-034   3.4397138637574005E-032   1.3074030797059863E-032  -1.5392551548821270E-032   4.9494285801073618E-032  -3.6800059371563649E-032   6.2231949026780203E-030  -1.0838214774276564E-031  -6.0825705961339009E-032  -2.9425372037346015E-030  -9.8713882174382545E-032  -3.8137054782519410E-030  -2.2483471347958101E-017   2.9518346402227268E-032  -1.1779283094260425E-032  -1.6519117382786647E-032   2.8903255882822544E-032  -1.9029799108871905E-034   2.8642467937450098E-032   7.7372122415040318E-033  -1.5315316292064593E-032  -3.5748523265952922E-032   8.4419101304206099E-032   1.3690399527407369E-031  -6.1058899231154161E-032   1.2565094256507846E-031  -2.1913225494209951E-030   9.9228864191215528E-032   6.8846558564230327E-033   3.6983596212879956E-031   2.4089575406034763E-032   5.7749804364178939E-031  -1.5155009488063500E-017   2.9863136657200595E-016
   5.3047914166232687E-018   4.6298232214481306E-031   4.6282893611963043E-031   8.0976260177089769E-032  -6.1079000998686587E-031  -5.8870887564094921E-031  -2.5879770138447241E-031   2.5911003408845986E-017   8.5049119965897674E-030  -4.7599017410849027E-032  -2.6770514023184864E-032  -2.7710348760665780E-030  -4.3383888298228960E-032  -2.7810996154972092E-030   3.4969794414171776E-031   2.0949153936041398E-031   1.7181805230854853E-031   8.3302174323054208E-034  -1.7332295219158915E-033   1.2753996094146102E-032  -2.5413475962586898E-032   2.4434837766830306E-034  -2.5334949602497344E-032  -8.1533779039753532E-033   1.1237473735131184E-032  -3.6800059371563649E-032   2.7537422572164135E-032  -3.4134235190091573E-030   8.3490451085598163E-032   4.5565184953475248E-032   1.7847434738641492E-030   7.4601147118021538E-032   2.3329244634376406E-030   1.2400025728444827E-017  -2.1582477705640388E-032   8.9280136976822149E-033   1.2824664043376913E-032  -2.1922079219477007E-032   1.4428011134586090E-034  -2.1725176066045860E-032  -5.4505696251571298E-033   1.1912063315787946E-032   2.7172698967954129E-032  -6.3956930932914053E-032  -1.0501710100491168E-031   4.8147776055019992E-032  -9.5104094248665292E-032   1.2579318322707998E-030  -7.5828942458372966E-032  -5.1532618874855421E-033  -2.1083511514131152E-031  -1.8156707845006105E-032  -3.3291955826020760E-031   8.5207163344589859E-018  -2.2790828837233196E-016
