   3.6371463786298920E-007  -1.0880726668935840E-018  -6.3311436671366998E-019  -8.8277615648272407E-018  -1.6823488272852605E-006   3.3352134263113863E-019  -8.8221508420041765E-019  -4.4192010835501559E-016   2.1060254853721130E-018  -1.9095438258447131E-018   1.3768663259138888E-018   2.4136113805031380E-018   1.2316490832708493E-018  -4.1110405165924735E-019  -7.4953373753537981E-016   2.7892964291108132E-018  -2.1455041357592454E-019   4.3136914945720022E-019   3.7372978023804458E-018  -8.4818195892700755E-019   2.6736859409489408E-018  -3.5875539964479511E-020  -6.6252728263625333E-019   4.7078334253945618E-019  -8.7315350001885782E-020   5.6182568183791217E-006  -1.9313724317211469E-018   4.8894513659076151E-018   2.1791509608859462E-015  -1.5414156554246100E-015   3.7198088470635091E-019   2.4393574259420385E-018  -2.5293816055051956E-018  -9.1315611510853640E-019  -1.9398760652969350E-018   1.1604672918101076E-018  -3.0810261265485629E-016  -3.4805726707473854E-018  -9.3854050109144463E-021  -6.7697528710071755E-020  -2.6965520830790618E-018   5.5611391752892635E-019  -1.5652813399021985E-018   9.3203017334914511E-019   3.2373677032764512E-019  -9.5753922462126366E-019  -1.6706414742789620E-019  -1.0992657539964658E-007  -5.6745278907479505E-019  -1.5892494156128801E-018  -1.0406128816602692E-018  -8.3477045302821459E-019   1.5380125286168880E-018  -9.9166134383215724E-020   1.0872674390188344E-018   5.3151076170885387E-020   8.5204078288138980E-004  -3.7840251947454131E-016   5.5925666656331400E-016
  -1.0880726668935840E-018   3.6371463786215556E-007  -5.0545959266555465E-019  -1.0474095833014944E-018   3.9477505960780461E-018  -1.6823488272824893E-006   1.3109987208615345E-018  -8.3588893699985425E-017   1.1779834577255735E-018  -1.0866050455929958E-018  -1.9435958313518982E-019   1.1964224490386501E-018  -1.7759188281802080E-019   1.0512774054597665E-018  -1.2306244322673387E-016  -3.3252648629967481E-020   2.1776592695598449E-018   2.6665218228189931E-019  -4.3940684480327811E-019   1.3666683091087529E-019   4.3704443905550576E-019   5.8708317809938680E-018   2.1443354392237402E-019   2.4243591673655420E-018   4.1980662247973069E-019  -1.3446193501913389E-017   5.6182568183648018E-006  -3.2333242652969929E-018  -2.4890974713834351E-015  -7.2878694930241978E-016   1.6170912314501302E-018   1.2012423817756493E-018  -1.2444740458923185E-019   1.5722644963894074E-018  -5.3375325719981629E-019   1.6889696672981486E-018  -1.1086500272363486E-016  -8.5309176907728899E-020  -2.7406012085340741E-019  -2.1021116797993633E-019   1.6888829016744597E-019   1.2727790539685494E-019  -2.3837493451881950E-019  -3.1825564811575885E-018  -2.4795943325412375E-019  -3.8845936805981100E-019  -1.9508065153412878E-019  -5.0473650756360644E-019  -1.0992657539267445E-007   7.0100315480769939E-019   6.5122401347793719E-019  -6.0989850312003673E-019   1.5312912558476759E-019   5.7121527458777065E-019   2.9527957788249062E-019   4.8932349314567441E-019  -2.1709044421241766E-015   8.5204078288041922E-004  -3.2806519106890032E-016
  -6.3311436671366998E-019  -5.0545959266555465E-019   3.6371463786230231E-007   1.7198834111588766E-017   4.2467057152816289E-018   1.0697687238286207E-018  -1.6823488272795541E-006   1.3760151358382688E-015   1.0347168834779413E-018  -6.5214519109644390E-019   3.2774668665948467E-019   1.4450328103132734E-018   7.5311032825598351E-019   1.0565310362834414E-018   2.3390741350811087E-015  -1.1617728907591336E-019   2.4207299603968915E-019   3.1215586307008998E-018   4.2384565935302541E-019  -8.3704998673454112E-019  -3.5226157356585943E-019  -5.1902788952382613E-019   1.8461098493476313E-018   6.1879351866051735E-019   5.9866641545476502E-018  -1.4615167211535148E-017  -4.1296420810112497E-018   5.6182568183634812E-006  -4.4200465348128541E-015   5.1879019186908469E-016   1.1454763479222847E-018   2.5474453451071366E-019  -6.1931048063939233E-019   2.0547501338926363E-018  -9.0324142171762852E-019   2.2181779140801223E-018   1.0371875064992833E-015  -3.0665536325159882E-019  -4.3002046592369983E-019  -3.9547961373828105E-019  -2.1876588059894494E-019   4.4789968239254751E-019   6.4519390199365552E-019   2.9995605363800604E-019   3.9026530691478707E-019  -8.2288484987267536E-019  -2.7569854746834423E-018   6.6762383619602356E-019  -7.3669680199295699E-019  -1.0992657539463254E-007   4.9807407558309453E-019   3.1386097381804079E-019   2.2523787602156429E-019  -4.6184149186541031E-020   5.8827502162985810E-019   4.3068477071874631E-019  -2.0437233715361900E-015  -8.5586183636132635E-016   8.5204078288058944E-004
  -8.8277615648272407E-018  -1.0474095833014944E-018   1.7198834111588766E-017   1.5596805195903162E-005   3.2229248892947132E-017   8.9723287093432066E-018  -5.1037883765448188E-017   1.6811078247714680E-003  -9.8752629212422766E-017   9.0147399070364282E-019  -4.6850015716242786E-018  -9.2299433752179568E-017  -1.0971858415111751E-017  -1.0210717200041846E-016   2.8173535545747974E-003  -1.9097801513544742E-018   3.3752961858101705E-018  -3.4460872440431374E-018  -2.4198930030622533E-018   3.9948033596549816E-018   7.7121985690194503E-019   5.8755432350923463E-018   1.1969758229431021E-018  -7.1735884753219213E-018  -1.0895491678994372E-018  -6.0434919025851437E-017  -4.6667909695775049E-017   6.5063469639304304E-017  -1.9085730472807249E-003   1.7287614850951914E-004   3.8629127402087449E-017   2.8791615646107434E-018   5.2518817547569898E-018   5.5443333247426102E-017   7.8623747188103752E-018   5.5235584660139770E-017   1.3193479603492832E-003  -1.5707465754061623E-019  -3.0372001970383195E-018   5.4578746325344006E-019   8.5165503678728221E-019  -1.0365710039931265E-018  -2.1502551740983570E-018  -1.7879045481578748E-018  -1.2457866986343129E-018   5.1660862512004360E-018  -4.3035539006515670E-019   4.2948613963878198E-018   4.8564278438895653E-018  -2.1480394901292287E-017   1.0270680615653446E-016  -2.1537345623743421E-018  -2.8272285640746968E-018   8.5248738513317740E-017  -1.4067198854886936E-018   8.6997209816648048E-017  -6.8451408637032244E-015  -6.6242474905111282E-015   3.3719754866601468E-015
  -1.6823488272852605E-006   3.9477505960780461E-018   4.2467057152816289E-018   3.2229248892947132E-017   7.7816433050304144E-006   3.4763534964812372E-018  -2.0169019765116136E-018   1.8343336209268277E-015  -9.7413442756735809E-018   8.8325255066254044E-018  -6.3686451068863044E-018  -1.1164071645141353E-017  -5.6969480333279987E-018   1.9015468370681799E-018   3.0595094709345103E-015  -1.2901789171977379E-017   9.9239513368654155E-019  -1.9952823097122360E-018  -1.7286735040390666E-017   3.9232347983195929E-018  -1.2367037064299192E-017   1.6594100508878807E-019   3.0644958463578149E-018  -2.1775912261438847E-018   4.0387397534999718E-019  -2.5987042548856776E-005  -7.8277623378239027E-018  -2.2530005197875612E-018  -3.7632745053409679E-015   1.5763474040978547E-015  -1.7205840514882977E-018  -1.1283159041866511E-017   1.1699562609791893E-017   4.2237703942103433E-018   8.9728261768806788E-018  -5.3676992462830218E-018   1.3738951851069102E-015   1.6099262282429921E-017   4.3411849488107971E-020   3.1313245654517316E-019   1.2472803572974631E-017  -2.5722846968381732E-018   7.2401519004742496E-018  -4.3110716641468776E-018  -1.4974326551970303E-018   4.4290628529126049E-018   7.7274913694885960E-019   5.0846137592280486E-007   2.9526822657010240E-018   6.9525941797292609E-018   4.8133170316882489E-018   3.8612003656389647E-018  -7.1140210057809805E-018   4.5868934735345110E-019  -5.0291159897413373E-018  -2.4584836950077282E-019  -3.9410836481640101E-003  -7.9165329788810138E-016   5.0134085496925160E-016
   3.3352134263113863E-019  -1.6823488272824893E-006   1.0697687238286207E-018   8.9723287093432066E-018   3.4763534964812372E-018   7.7816433050226116E-006  -1.9788879609414735E-019   1.0029536245339417E-016  -5.4487196345378067E-018   5.0260521130767598E-018   8.9900318193149257E-019  -5.5340085181456964E-018   8.2144479403565096E-019  -4.8626453986952267E-018   1.4679972638336193E-016   1.5380891665013002E-019  -1.0072683738817032E-017  -1.2333899696709858E-018   2.0324603771187133E-018  -6.3214745509088563E-019  -2.0215331553669457E-018  -2.7155318851013459E-017  -9.9185455737338406E-019  -1.1213785142410025E-017  -1.9418002618103057E-018  -1.0394946320205233E-017  -2.5987042548807295E-005  -4.6343618930887505E-018   4.8268851315524514E-015  -3.3238858398208887E-016  -7.4797966691238127E-018  -5.5563029416487357E-018   5.7562694317855561E-019  -7.2724522366645000E-018   2.4688562758895608E-018  -7.8122677595674033E-018   1.6321185247723365E-016   3.9459449470076278E-019   1.2676551200436362E-018   9.7232411104655973E-019  -7.8118664280137684E-019  -5.8871932168165309E-019   1.1025945887258877E-018   1.4720799237828120E-017   1.1469273389642747E-018   1.7968046767435613E-018   9.0233845760588781E-019   3.7549298322129169E-018   5.0846137589088337E-007  -2.8591677720080184E-018  -3.0122129859699769E-018   2.8210633410849387E-018  -7.0829320033040997E-019  -2.6421354745741768E-018  -1.3658049466927707E-018  -2.2633480183340062E-018  -9.6722279318405448E-016  -3.9410836481620620E-003  -1.4534797383681723E-015
  -8.8221508420041765E-019   1.3109987208615345E-018  -1.6823488272795541E-006  -5.1037883765448188E-017  -2.0169019765116136E-018  -1.9788879609414735E-019   7.7816433049923200E-006  -4.7103361299845153E-015  -4.7860453068373963E-018   3.0164738596105020E-018  -1.5159803773425080E-018  -6.6839467011345854E-018  -3.4834844289200801E-018  -4.8869458771265444E-018  -7.9355407924741851E-015   5.3737382465888445E-019  -1.1196998377448847E-018  -1.4438655899348639E-017  -1.9604826799683620E-018   3.8717442658973772E-018   1.6293730949329389E-018   2.4007446233076590E-018  -8.5391139557398931E-018  -2.8622069119246372E-018  -2.7691097281429406E-017   8.7390730089697176E-018   3.2377747554884984E-018  -2.5987042548745364E-005   5.4551157129296986E-015  -3.7140940985053173E-015  -5.2983591802236172E-018  -1.1783115780521591E-018   2.8645981007602651E-018  -9.5041720022932083E-018   4.1779103406969737E-018  -1.0260101254859897E-017  -3.7357888955230662E-015   1.4184232281309115E-018   1.9890440230820459E-018   1.8292765677429606E-018   1.0118936231216552E-018  -2.0717436885285476E-018  -2.9843209246680931E-018  -1.3874358151841029E-018  -1.8051579812067085E-018   3.8062239406055104E-018   1.2752336027551172E-017  -1.9363617073230215E-018   3.7179534241894896E-018   5.0846137589884823E-007  -2.3038235189160830E-018  -1.4517525176649982E-018  -1.0418296025136902E-018   2.1362310228041219E-019  -2.7210447140028946E-018  -1.9921167405931972E-018   5.2627994015601071E-016   1.5529316766503065E-015  -3.9410836481543841E-003
  -4.4192010835501559E-016  -8.3588893699985425E-017   1.3760151358382688E-015   1.6811078247714680E-003   1.8343336209268277E-015   1.0029536245339417E-016  -4.7103361299845153E-015  0.20826017020700410       -1.0214977998717154E-014  -7.9063095691227012E-017  -6.4807203449444501E-016  -9.4027077133581995E-015  -1.2958462563804595E-015  -1.0615812944686242E-014  0.34690315903965546       -7.7145149094256431E-016   1.5150865602979144E-016  -2.8986567267940916E-016  -7.7281491414673110E-017   2.7010105471841334E-016   5.4054814381990118E-016   3.8514469140761715E-016   1.8437866371335832E-016  -7.7217078908289954E-016   4.5337184599453585E-017  -1.8430820320250734E-015  -2.6314188446550259E-016   3.5822039316341646E-015   9.1660694905919358E-003  -6.4535517725143046E-004   5.8445398952503992E-017   4.1500362805659035E-016   5.3626994352550315E-016   2.4254143078630931E-015   1.0081524792641416E-015   2.0962387741216016E-015  0.16790737402742162        1.8199871490218278E-016  -1.3874206397113074E-016   5.8052717837393041E-017  -7.2718161904697901E-017  -3.6699672717978718E-017  -3.7536295598855883E-016  -1.5829737133055417E-016  -9.9923002321438777E-017   4.2201602692867107E-016   4.9294271089406517E-017   1.0310671887885529E-015   9.1912493200629691E-017  -1.7240043853752002E-015   1.0996520903475965E-014  -2.9808939259268301E-016  -2.5860512648175700E-016   8.8708089759840390E-015  -2.5221670072874185E-016   9.2007432126318497E-015  -7.8537159631415732E-015  -6.9710413102023201E-016  -1.7953306516606743E-014
   2.1060254853721130E-018   1.1779834577255735E-018   1.0347168834779413E-018  -9.8752629212422766E-017  -9.7413442756735809E-018  -5.4487196345378067E-018  -4.7860453068373963E-018  -1.0214977998717154E-014   6.5132869675083088E-028  -2.4834653321865401E-029   3.5433297979389215E-029   6.1572836030645617E-028   7.6710959725737677E-029   6.5753416045558726E-028  -1.7152819013986708E-014   1.8686744110640658E-029  -1.7165816262678528E-029   3.5510092533092317E-029   4.0484299461477915E-029  -3.4915868093785116E-029   1.7622911994945816E-029  -2.1911502217725736E-029  -4.8438793011631225E-030   5.9295054289564807E-029   2.8318411583479099E-029   3.2531525572356919E-017   1.8196170581196296E-017   1.5983148823384796E-017   1.5560493487080744E-014  -6.1678400750807025E-016  -3.0162085613287765E-028   1.8542263808013025E-030  -5.0220463816153195E-029  -4.0595602804702492E-028  -6.3330381787185186E-029  -3.9568700440635313E-028  -7.9452495245636380E-015  -1.7436400540645485E-029   2.0203353468650221E-029  -5.8342522537256932E-030  -2.4216715445321505E-029   1.2915291824584933E-029   4.2502749643363679E-030   8.9855136346260029E-030   1.0934605081645967E-029  -4.4559180868444706E-029  -5.1883884918980818E-030  -6.3651045410560405E-019  -3.5602550436980581E-019  -3.1272561405667591E-019  -6.5506747694065466E-028   6.8735707865532781E-030   2.8592269743916156E-029  -5.4326455826760338E-028   1.6551487461520949E-029  -5.5136895808726799E-028   4.9335919330427069E-015   2.7595533505572622E-015   2.4239359425688625E-015
  -1.9095438258447131E-018  -1.0866050455929958E-018  -6.5214519109644390E-019   9.0147399070364282E-019   8.8325255066254044E-018   5.0260521130767598E-018   3.0164738596105020E-018  -7.9063095691227012E-017  -2.4834653321865401E-029   1.5672299445274253E-029  -6.6503017145335512E-030  -2.7499377620047309E-029  -7.0745390022351196E-030  -1.1054437429476323E-029  -1.1871993334919979E-016  -1.0811226360557279E-029  -3.8926644635687987E-030  -9.3389715873735116E-030  -2.0138313056008954E-029   6.7487033178974040E-030  -1.7850995822103656E-029  -1.3858226927878705E-029  -8.4473605144017584E-031  -1.0758974129398191E-029  -1.2347854879876370E-029  -2.9496496711187148E-017  -1.6784659100324140E-017  -1.0073609321916405E-017  -1.4876642852029785E-015   3.8624801944158561E-016   1.9299976485801582E-029  -1.7468690508696461E-029   1.5360472925675310E-029   2.1376288566027914E-029   1.2625325093657486E-029   1.2143562811368433E-029  -9.0862616773315862E-017   1.7682994366592763E-029   2.8230379501609458E-031   1.6752525908467350E-030   1.4997042231625322E-029  -4.5696169681967401E-030   8.8761474669855791E-030   4.1260365696079211E-030  -1.8518558058029731E-030   8.6578369722562021E-030   5.7590930541407254E-030   5.7712720770056334E-019   3.2840793038266652E-019   1.9709981412905072E-019   8.6893230213948334E-030   6.0105546404725786E-030  -9.4262414323284215E-030   6.0183323534238855E-030  -6.9708760639892611E-030   3.3878704318351291E-030  -4.4733124459248665E-015  -2.5454895606528289E-015  -1.5277204746193253E-015
   1.3768663259138888E-018  -1.9435958313518982E-019   3.2774668665948467E-019  -4.6850015716242786E-018  -6.3686451068863044E-018   8.9900318193149257E-019  -1.5159803773425080E-018  -6.4807203449444501E-016   3.5433297979389215E-029  -6.6503017145335512E-030   7.9562650648147540E-030   3.4096151083586103E-029   9.0718768733996123E-030   2.6815812308052447E-029  -1.0748664164268256E-015   1.4150677944195559E-029  -2.4690407289977746E-030   4.7881716565904069E-030   1.3886780795404848E-029  -4.2153689342984705E-030   7.4111235697898821E-030  -5.6426120841065016E-030  -1.4177850942362420E-030   2.0312116501907768E-030   3.5772476758398182E-030   2.1268290627527330E-017  -3.0022493995990851E-018   5.0626641475769110E-018  -6.1556730715063131E-016  -5.4912163499726308E-016   1.3661374594432438E-029   7.6451384880932909E-030  -1.1728158179746623E-029   2.9329257150423569E-030  -1.0650525862155575E-029   1.1811730196019001E-029  -5.3281152244861192E-016  -1.4194982677445473E-029  -4.7433020751381842E-031  -5.3141652474106541E-031  -9.4787265101257444E-030   2.1597341223677935E-030  -4.5094912076121025E-030   4.9542882152602803E-030   1.6573082580608600E-030  -4.5631013849459597E-030  -3.3983657575463616E-030  -4.1613447531732440E-019   5.8741884825699069E-020  -9.9055872688301664E-020  -3.3458104822515727E-029  -1.7076622102988330E-030   6.6116974583603508E-030  -2.4947485081927630E-029   5.2023789539759621E-030  -2.4214453010882116E-029   3.2254579280787566E-015  -4.5530829428842667E-016   7.6778197637148523E-016
   2.4136113805031380E-018   1.1964224490386501E-018   1.4450328103132734E-018  -9.2299433752179568E-017  -1.1164071645141353E-017  -5.5340085181456964E-018  -6.6839467011345854E-018  -9.4027077133581995E-015   6.1572836030645617E-028  -2.7499377620047309E-029   3.4096151083586103E-029   5.8454249227023199E-028   7.4002583994311586E-029   6.1892779722357655E-028  -1.5800730140542806E-014   1.7490557151217971E-029  -1.5096225653178884E-029   3.8537086315320839E-029   4.4963256285027158E-029  -3.5904268543962307E-029   2.0970142555548202E-029  -1.8418501217396335E-029  -2.9039913495902974E-030   5.9516079836101242E-029   3.6503575398225230E-029   3.7282768367308740E-017   1.8480995490321654E-017   2.2321250218355178E-017   1.5786496093662596E-014   3.8469583653121785E-016  -3.0500344673452751E-028   5.4997676573658433E-030  -5.0611714563218147E-029  -4.0221193587814451E-028  -6.2803286893250924E-029  -3.9015579219649086E-028  -7.2875116422686737E-015  -2.0303145935926739E-029   1.9443747908604199E-029  -6.3435264910250118E-030  -2.7773149083704598E-029   1.4122928329069236E-029   3.3136298520515388E-030   1.0881305158628318E-029   1.1682979376349784E-029  -4.5495752707614016E-029  -8.1997132823927883E-030  -7.2947306976936471E-019  -3.6159837649781112E-019  -4.3673663801333047E-019  -6.1459874271077781E-028   5.5722500447982753E-030   2.9077464153763643E-029  -5.0896582067626048E-028   1.7540102689476447E-029  -5.1669098395332555E-028   5.6541450799610002E-015   2.8027486772228644E-015   3.3851452729937242E-015
   1.2316490832708493E-018  -1.7759188281802080E-019   7.5311032825598351E-019  -1.0971858415111751E-017  -5.6969480333279987E-018   8.2144479403565096E-019  -3.4834844289200801E-018  -1.2958462563804595E-015   7.6710959725737677E-029  -7.0745390022351196E-030   9.0718768733996123E-030   7.4002583994311586E-029   1.4379083537453671E-029   7.1378094470036592E-029  -2.1628775894690972E-015   1.2768322533815511E-029  -1.6017407919675531E-030   1.0047111205155575E-029   1.5588941241175344E-029  -7.0598950197840512E-030   4.9520164349201267E-030  -5.0848563564801900E-030   1.2374702489232754E-031   8.3963453540492249E-030   1.3023466654078041E-029   1.9025137125571496E-017  -2.7432407240218523E-018   1.1633205805614187E-017   5.1865155528968843E-016   8.1599731628808220E-016  -9.9868981188093626E-030   5.3925472537073656E-030  -1.3011253548858879E-029  -2.8409517024487108E-029  -1.5001662500790670E-029  -1.8617039035394746E-029  -1.0348101255136831E-015  -1.3411096527211365E-029   7.2002107261164309E-031  -1.5103247781689668E-030  -1.0153205062419285E-029   3.4435855619067603E-030  -7.3630853069666111E-031   7.7322116031944039E-030   3.1083788755358581E-030  -8.4483347014749887E-030  -6.2636560230336474E-030  -3.7224502872406945E-019   5.3674132032251411E-020  -2.2761481298915543E-019  -7.5956451545715170E-029   1.2932991037357016E-031   7.3055387253310176E-030  -5.8923772745787402E-029   6.5099970689239112E-030  -6.0570321916445482E-029   2.8852708686905302E-015  -4.1602814710874039E-016   1.7642422022515917E-015
  -4.1110405165924735E-019   1.0512774054597665E-018   1.0565310362834414E-018  -1.0210717200041846E-016   1.9015468370681799E-018  -4.8626453986952267E-018  -4.8869458771265444E-018  -1.0615812944686242E-014   6.5753416045558726E-028  -1.1054437429476323E-029   2.6815812308052447E-029   6.1892779722357655E-028   7.1378094470036592E-029   6.8283039967834013E-028  -1.7821568220550412E-014   3.7245127657674811E-031  -1.5068722991332878E-029   3.3499332794179806E-029   1.6424462400517157E-029  -3.0146897778334153E-029  -2.9462537723508395E-030  -2.1507612983350383E-029  -9.7941696465286571E-031   5.9285931167482830E-029   3.0711137695996807E-029  -6.3502754661196841E-018   1.6238957238637341E-017   1.6320109451179646E-017   1.5773002340637994E-014   6.7035802820569660E-016  -3.1132743567578851E-028  -1.6724454396691628E-029  -3.3273187135895972E-029  -4.1388224662587298E-028  -5.2634989743583149E-029  -4.1590263272980320E-028  -8.2650073771579143E-015   5.9394816084885582E-030   2.0961294913961795E-029  -5.7110529577160954E-030  -6.4422805641991078E-030   9.5866733972612731E-030   1.7385826422770449E-029   5.9439728911334141E-030   9.5520115243366216E-030  -3.9702256402230028E-029  -4.1560470318563644E-030   1.2424922130680533E-019  -3.1773075084280251E-019  -3.1931857144186610E-019  -6.7186670851041899E-028   1.3769759082314877E-029   1.8313301326335362E-029  -5.6000872870709656E-028   9.9278619835760377E-030  -5.7176052603590349E-028  -9.6305559796518390E-016   2.4627307519185353E-015   2.4750379491878382E-015
  -7.4953373753537981E-016  -1.2306244322673387E-016   2.3390741350811087E-015   2.8173535545747974E-003   3.0595094709345103E-015   1.4679972638336193E-016  -7.9355407924741851E-015  0.34690315903965546       -1.7152819013986708E-014  -1.1871993334919979E-016  -1.0748664164268256E-015  -1.5800730140542806E-014  -2.1628775894690972E-015  -1.7821568220550412E-014  0.57798783820838984       -1.2485769964827406E-015   2.7038936000173368E-016  -4.9218859978390030E-016  -1.4399071750625783E-016   4.6525114190900307E-016   8.7017948175835702E-016   6.6463683113774329E-016   3.0469821772164499E-016  -1.2943539389002400E-015   6.3114572298604779E-017  -2.9770813714259182E-015  -5.1571331940636831E-016   6.2043876858463454E-015  -1.4673554469707023E-003   3.2510722864980275E-004   4.1961781812420478E-016   6.8734903148058453E-016   9.0102178255897137E-016   4.3432038774446761E-015   1.6770488520458251E-015   3.8154281466531528E-015  0.27938264804414703        2.8947602935704799E-016  -2.4730016944130974E-016   9.7372707996233949E-017  -1.0892175294102841E-016  -6.7410799695440155E-017  -6.1794679648257128E-016  -2.6813656138733051E-016  -1.7019099437846300E-016   7.1787946722949480E-016   7.5120983579349636E-017   1.6739911391798718E-015   1.8156609115837166E-016  -2.9341584578847194E-015   1.8434889251295819E-014  -4.9442928334626332E-016  -4.3699394047379721E-016   1.4891330727032216E-014  -4.1485497638560580E-016   1.5433354191161598E-014   2.0753620052021321E-015  -1.1862569500917872E-014  -1.0466244499554907E-014
   2.7892964291108132E-018  -3.3252648629967481E-020  -1.1617728907591336E-019  -1.9097801513544742E-018  -1.2901789171977379E-017   1.5380891665013002E-019   5.3737382465888445E-019  -7.7145149094256431E-016   1.8686744110640658E-029  -1.0811226360557279E-029   1.4150677944195559E-029   1.7490557151217971E-029   1.2768322533815511E-029   3.7245127657674811E-031  -1.2485769964827406E-015   3.3558373704253794E-029   1.5853000564089388E-030   9.2871108037180959E-031   2.4626161859954518E-029  -3.2749636579297884E-030   1.1231432417700515E-029   2.9076909492051194E-030  -6.8718136083862417E-030   3.3151560202107483E-030  -6.3484937573812984E-030   4.3085930699483477E-017  -5.1364971446420715E-019  -1.7945767877429201E-018  -4.2906820263871482E-015   4.1470554339227220E-018   8.4659909776806497E-029   1.6127954816476395E-029  -1.9360722445742467E-029   6.1671336642783172E-029  -1.8587955378123327E-029   8.3481604839653932E-029  -6.9909991489982115E-016  -3.0588605445264602E-029  -3.5510761437857723E-030  -3.4310731110493171E-031  -1.7037274533896744E-029   2.5455242236850845E-030  -9.3636563711760483E-030   6.2752041169337338E-030   1.6608373274155762E-030  -4.5858830133417000E-030  -2.3356114426033046E-030  -8.4301749864653423E-019   1.0050048599030859E-020   3.5112613542885702E-020  -1.8702780313769828E-029  -4.8999789045791412E-030   1.1130693409089825E-029  -4.7829649104916140E-030   1.0246506806595798E-029  -6.3280051308502633E-030   6.5342278416791339E-015  -7.7897917270833379E-017  -2.7215783482692334E-016
  -2.1455041357592454E-019   2.1776592695598449E-018   2.4207299603968915E-019   3.3752961858101705E-018   9.9239513368654155E-019  -1.0072683738817032E-017  -1.1196998377448847E-018   1.5150865602979144E-016  -1.7165816262678528E-029  -3.8926644635687987E-030  -2.4690407289977746E-030  -1.5096225653178884E-029  -1.6017407919675531E-030  -1.5068722991332878E-029   2.7038936000173368E-016   1.5853000564089388E-030   1.9439661295852520E-029   2.5733365608177278E-030  -3.6423164238176864E-030   2.0954422363297613E-030  -4.8432129371918844E-030   4.4614486885416395E-029   1.8503831307303160E-030   1.8358808488290217E-029   8.3420727781571156E-030  -3.3141347596315902E-018   3.3638044130353412E-017   3.7392728225470712E-018  -1.8603673926193534E-015   2.9049740117837774E-015   4.1810425365230901E-029   4.6298398208877271E-030   2.7999922931852695E-030   3.6404184635004897E-029  -4.1758297404210248E-030   4.1707869233783826E-029   8.6609036665812803E-017  -1.2375987938782180E-030  -3.5478516928670739E-030  -1.9413553637925683E-030   2.1062515769343191E-030   8.0640796145181125E-031   3.7513013456509256E-030  -1.5981417657200239E-029  -8.4444234234735363E-031  -2.1033001276903333E-030  -3.7066239810117929E-030   6.4844220598963914E-020  -6.5816054937019417E-019  -7.3162453972064695E-020   2.3834444294656632E-029  -2.2099550908288369E-030  -1.0998072193095294E-030   2.5741728294193821E-029   3.0924248969042162E-030   2.0412023352146183E-029  -5.0260749311651862E-016   5.1014018016627722E-015   5.6708211214272800E-016
   4.3136914945720022E-019   2.6665218228189931E-019   3.1215586307008998E-018  -3.4460872440431374E-018  -1.9952823097122360E-018  -1.2333899696709858E-018  -1.4438655899348639E-017  -2.8986567267940916E-016   3.5510092533092317E-029  -9.3389715873735116E-030   4.7881716565904069E-030   3.8537086315320839E-029   1.0047111205155575E-029   3.3499332794179806E-029  -4.9218859978390030E-016   9.2871108037180959E-031   2.5733365608177278E-030   2.8583242384926920E-029   9.2529847791263312E-030  -9.5706301589639853E-030   1.3535332849903010E-030  -1.2859120452960758E-030   1.4990635069968010E-029   9.9992219769440373E-030   5.2795362789767011E-029   6.6633080246464742E-018   4.1189445936733455E-018   4.8218345469846621E-017   1.1040217574330421E-015   2.9779631353650870E-016  -1.0754778584897163E-029   5.4806281585133237E-030  -9.4976944123165629E-030  -7.3910857041398838E-030  -1.1981756979382828E-029  -3.8352823735283746E-030  -2.1364195202275414E-016  -6.3304103728656653E-030  -2.5889338906295828E-030  -3.8361953159346051E-030  -5.9007146951640670E-030   5.1808541058134931E-030   4.0075232083008661E-030   2.4373003156141021E-030   4.0915269968699442E-030  -1.0316475548852063E-029  -2.3613295793854832E-029  -1.3037400311789208E-019  -8.0591095796809511E-020  -9.4343810901364593E-019  -1.9950895929708560E-029   1.6335585028197115E-030   4.5917403784174874E-030  -1.9692383287135920E-029   6.7205036367455720E-030  -1.6067962149111312E-029   1.0105287759955430E-015   6.2466150795259159E-016   7.3125878989831776E-015
   3.7372978023804458E-018  -4.3940684480327811E-019   4.2384565935302541E-019  -2.4198930030622533E-018  -1.7286735040390666E-017   2.0324603771187133E-018  -1.9604826799683620E-018  -7.7281491414673110E-017   4.0484299461477915E-029  -2.0138313056008954E-029   1.3886780795404848E-029   4.4963256285027158E-029   1.5588941241175344E-029   1.6424462400517157E-029  -1.4399071750625783E-016   2.4626161859954518E-029  -3.6423164238176864E-030   9.2529847791263312E-030   4.3269974434255723E-029  -1.2174698076237306E-029   2.7795762700300715E-029  -5.5806421423992666E-030  -5.4043206290152140E-030   7.8245272450424083E-030   9.4009075351519801E-030   5.7729595333026508E-017  -6.7874653500155079E-018   6.5470935667126460E-018   1.9379637647621586E-015   1.9427210680760069E-015  -3.7577756433840819E-029   2.3327588532177193E-029  -2.6732111388880563E-029  -5.2991932728120207E-029  -2.1989138481650784E-029  -3.1087690625620233E-029  -2.8279843595353543E-017  -3.5403508012425470E-029   1.8790600661521147E-030  -1.4437694624870311E-030  -3.0826051155191255E-029   7.4381841779012065E-030  -1.3237431092563415E-029   1.7437261382221530E-029   5.3658197968655979E-030  -1.3568048186165644E-029  -3.9459089645497641E-030  -1.1295348217901330E-018   1.3280326009221132E-019  -1.2810015595632906E-019  -3.0284821130202403E-029  -7.0553286934704905E-030   1.6411832914607201E-029  -1.6099005536477490E-029   1.1879334070896927E-029  -1.6543191431465099E-029   8.7550233449761253E-015  -1.0293579445657622E-015   9.9290418870483994E-016
  -8.4818195892700755E-019   1.3666683091087529E-019  -8.3704998673454112E-019   3.9948033596549816E-018   3.9232347983195929E-018  -6.3214745509088563E-019   3.8717442658973772E-018   2.7010105471841334E-016  -3.4915868093785116E-029   6.7487033178974040E-030  -4.2153689342984705E-030  -3.5904268543962307E-029  -7.0598950197840512E-030  -3.0146897778334153E-029   4.6525114190900307E-016  -3.2749636579297884E-030   2.0954422363297613E-030  -9.5706301589639853E-030  -1.2174698076237306E-029   6.0982451909103879E-030  -7.3023379730066114E-030   5.0653345799465619E-030  -2.4583671478809993E-030  -4.5736891215790910E-030  -1.5362621950371421E-029  -1.3101765994214320E-017   2.1110763072244992E-018  -1.2929811741868222E-017  -1.8137874412118764E-015  -4.1825657308854826E-016   3.3250079322220901E-029  -5.4742560690096109E-030   8.5664381165043890E-030   3.6384347701087644E-029   7.8798123576240575E-030   3.2269445838120086E-029   1.8493408161327189E-016   7.7788278901682523E-030  -1.0964166719472699E-030   1.2573818186161771E-030   8.4365858243163450E-030  -3.1786733779698690E-030   1.7045826443129144E-030  -5.5882431430447186E-030  -2.5049295395156906E-030   6.5218807344771645E-030   5.9747435039363600E-030   2.5634859956759447E-019  -4.1305229776028806E-020   2.5298414992547183E-019   2.9079170903973957E-029   6.8831034099770505E-031  -4.9845121329600647E-030   2.3984082324960865E-029  -3.7735656859577840E-030   2.3030215519804836E-029  -1.9869577549963593E-015   3.2015679732716875E-016  -1.9608799090569196E-015
   2.6736859409489408E-018   4.3704443905550576E-019  -3.5226157356585943E-019   7.7121985690194503E-019  -1.2367037064299192E-017  -2.0215331553669457E-018   1.6293730949329389E-018   5.4054814381990118E-016   1.7622911994945816E-029  -1.7850995822103656E-029   7.4111235697898821E-030   2.0970142555548202E-029   4.9520164349201267E-030  -2.9462537723508395E-030   8.7017948175835702E-016   1.1231432417700515E-029  -4.8432129371918844E-030   1.3535332849903010E-030   2.7795762700300715E-029  -7.3023379730066114E-030   2.9624357552049420E-029  -5.4564038817120331E-031  -4.8799199029025239E-030   2.2811195940640895E-030  -5.2176939021217499E-030   4.1300109217981760E-017   6.7509735493438509E-018  -5.4413426941067805E-018   3.3950122647157232E-015  -1.9441899442459738E-015  -5.8534471804613942E-029   2.1695938418454087E-029  -1.9043203104126794E-029  -5.5242503365271155E-029  -9.7452417282820341E-030  -4.7224048128426967E-029   4.9803867003399749E-016  -2.1448920662197445E-029   2.7504368835270756E-030  -3.7520933509018638E-033  -2.1053394188200760E-029   4.4927356843293279E-030  -1.6846677841529248E-029   7.8608282649712042E-031   1.5578772954487968E-030  -7.5520067719008245E-030   2.7788170795673402E-030  -8.0807619101176650E-019  -1.3208926308035201E-019   1.0646508111688095E-019  -1.2327439279971437E-030  -8.8072191998618195E-030   1.2082825505941144E-029  -1.9637135429358095E-030   5.3551372092208568E-030   3.6701387896235451E-030   6.2633977991286704E-015   1.0238237542598695E-015  -8.2521074398892449E-016
  -3.5875539964479511E-020   5.8708317809938680E-018  -5.1902788952382613E-019   5.8755432350923463E-018   1.6594100508878807E-019  -2.7155318851013459E-017   2.4007446233076590E-018   3.8514469140761715E-016  -2.1911502217725736E-029  -1.3858226927878705E-029  -5.6426120841065016E-030  -1.8418501217396335E-029  -5.0848563564801900E-030  -2.1507612983350383E-029   6.6463683113774329E-016   2.9076909492051194E-030   4.4614486885416395E-029  -1.2859120452960758E-030  -5.5806421423992666E-030   5.0653345799465619E-030  -5.4564038817120331E-031   1.1160709917406459E-028  -7.1571734928553620E-031   4.4804148086674433E-029   2.1800044368180722E-030  -5.5416520529160346E-019   9.0686041334197748E-017  -8.0173621726958858E-018  -2.2680838936807734E-015   5.0422611117414150E-015   6.0757959182265200E-029   1.6975432020388874E-029   3.3111300120398268E-030   4.9881853148901017E-029  -9.1178225894798554E-030   5.9996434869710391E-029   2.6613961001985054E-016  -4.2135592369769747E-030  -5.7803634426102875E-030  -3.6408264203262321E-030   1.9086131736811386E-030   1.8498487662963928E-030   1.4852687433760889E-030  -4.5668602349727365E-029  -3.4130752245679167E-030  -5.3010435165386198E-030  -1.6425069234611322E-031   1.0842772969142948E-020  -1.7743592509087117E-018   1.5686736933053790E-019   4.2528400872634892E-029  -9.1989460223124208E-030   5.8646194562760441E-033   4.6714247001177839E-029   6.1375612718749557E-030   3.6396537420278874E-029  -8.4042323202942866E-017   1.3753056891628394E-014  -1.2158788327264908E-015
  -6.6252728263625333E-019   2.1443354392237402E-019   1.8461098493476313E-018   1.1969758229431021E-018   3.0644958463578149E-018  -9.9185455737338406E-019  -8.5391139557398931E-018   1.8437866371335832E-016  -4.8438793011631225E-030  -8.4473605144017584E-031  -1.4177850942362420E-030  -2.9039913495902974E-030   1.2374702489232754E-031  -9.7941696465286571E-031   3.0469821772164499E-016  -6.8718136083862417E-030   1.8503831307303160E-030   1.4990635069968010E-029  -5.4043206290152140E-030  -2.4583671478809993E-030  -4.8799199029025239E-030  -7.1571734928553620E-031   1.1115907913551323E-029   1.9200094352186911E-030   3.0262161984349676E-029  -1.0233980256923631E-017   3.3123294880530316E-018   2.8516639609266070E-017   2.3684160346440551E-016  -6.6745364156776882E-016   2.7760799110704738E-030  -1.7486353706013515E-030   1.4742077799679545E-030   1.3497513938280692E-029   3.0159770214289398E-032   9.1823711435788949E-030   1.5319107952132468E-016   5.3598520999036917E-030  -2.2949197811430535E-030  -1.8298600730150192E-030   4.0607374285352043E-030   1.1999337970575854E-030   4.7796324020626374E-030  -3.0817276023728606E-030   9.5748333509711777E-031  -2.0757151300055046E-030  -1.3651438934130200E-029   2.0023762507310748E-019  -6.4808898738364789E-020  -5.5795536504263477E-019   1.3439622068081616E-029   2.2911885141039891E-030  -1.6232449089657030E-030   5.8560296685518739E-030   6.0848855431353431E-031   9.3978863448702871E-030  -1.5520416442287922E-015   5.0233371335457927E-016   4.3247115116538356E-015
   4.7078334253945618E-019   2.4243591673655420E-018   6.1879351866051735E-019  -7.1735884753219213E-018  -2.1775912261438847E-018  -1.1213785142410025E-017  -2.8622069119246372E-018  -7.7217078908289954E-016   5.9295054289564807E-029  -1.0758974129398191E-029   2.0312116501907768E-030   5.9516079836101242E-029   8.3963453540492249E-030   5.9285931167482830E-029  -1.2943539389002400E-015   3.3151560202107483E-030   1.8358808488290217E-029   9.9992219769440373E-030   7.8245272450424083E-030  -4.5736891215790910E-030   2.2811195940640895E-030   4.4804148086674433E-029   1.9200094352186911E-030   2.8591394300101473E-029   1.8063145889779571E-029   7.2721343846584863E-018   3.7448788155160617E-017   9.5584299984672532E-018   1.2240560049075445E-015   3.7701106149798248E-015  -1.7444481598034197E-029   8.7256276363924819E-030  -6.0218837066516669E-030  -3.3777362745164489E-029  -1.3999412981709157E-029  -2.5194227752557253E-029  -6.0198474751314026E-016  -6.9065817298454643E-030  -4.4237838145547513E-031  -3.2400543734401335E-030  -5.7216444994241242E-030   4.0674883935047116E-030   2.9519531856366246E-030  -1.2889100475167807E-029   1.5786431964478701E-030  -1.0402785675046907E-029  -5.9466129904754352E-030  -1.4228627394474758E-019  -7.3272140586068940E-019  -1.8701983725460753E-019  -4.8808904186285602E-029  -2.6470155918160558E-030   4.2919942595768964E-030  -3.3703828980090607E-029   6.5640328547087874E-030  -4.0185438124484067E-029   1.1028607759701875E-015   5.6793229304447697E-015   1.4495905834000896E-015
  -8.7315350001885782E-020   4.1980662247973069E-019   5.9866641545476502E-018  -1.0895491678994372E-018   4.0387397534999718E-019  -1.9418002618103057E-018  -2.7691097281429406E-017   4.5337184599453585E-017   2.8318411583479099E-029  -1.2347854879876370E-029   3.5772476758398182E-030   3.6503575398225230E-029   1.3023466654078041E-029   3.0711137695996807E-029   6.3114572298604779E-017  -6.3484937573812984E-030   8.3420727781571156E-030   5.2795362789767011E-029   9.4009075351519801E-030  -1.5362621950371421E-029  -5.2176939021217499E-030   2.1800044368180722E-030   3.0262161984349676E-029   1.8063145889779571E-029   1.0303862440584620E-028  -1.3487498424804771E-018   6.4847030436704067E-018   9.2475290252924261E-017   1.6378450213713182E-015   2.2869567068004857E-015  -1.4743935124558854E-029   4.4490147806032431E-030  -9.3029151164542946E-030  -2.5055975638061401E-030  -1.6346276778561450E-029   9.7561077367880808E-031   6.4841146716120850E-017  -3.9752535729711101E-030  -5.5912814741793827E-030  -7.2976075992596188E-030  -5.4300957941535436E-030   8.6982451685329205E-030   1.2820377832758764E-029   4.9998051316639300E-030   7.3407473674883244E-030  -1.6686492496479072E-029  -4.4921948289398134E-029   2.6389582413100388E-020  -1.2687942561340577E-019  -1.8093676196638879E-018  -1.8110830470191838E-030   5.0289385986065235E-030   3.7359698270398851E-030  -6.7412205361970673E-030   1.0224615902554346E-029  -2.1488205943402365E-030  -2.0454562844504813E-016   9.8344230901108381E-016   1.4024406724641311E-014
   5.6182568183791217E-006  -1.3446193501913389E-017  -1.4615167211535148E-017  -6.0434919025851437E-017  -2.5987042548856776E-005  -1.0394946320205233E-017   8.7390730089697176E-018  -1.8430820320250734E-015   3.2531525572356919E-017  -2.9496496711187148E-017   2.1268290627527330E-017   3.7282768367308740E-017   1.9025137125571496E-017  -6.3502754661196841E-018  -2.9770813714259182E-015   4.3085930699483477E-017  -3.3141347596315902E-018   6.6633080246464742E-018   5.7729595333026508E-017  -1.3101765994214320E-017   4.1300109217981760E-017  -5.5416520529160346E-019  -1.0233980256923631E-017   7.2721343846584863E-018  -1.3487498424804771E-018   8.6784545881141872E-005   2.2085378248033122E-017   8.3299734659874593E-019   5.7661837586538040E-016  -2.2231697524560173E-015   5.7459445523281154E-018   3.7680464474256112E-017  -3.9071057285160974E-017  -1.4105414068256401E-017  -2.9965035211933852E-017   1.7925600446701183E-017  -1.3577370645346326E-015  -5.3763992711964595E-017  -1.4497523667648877E-019  -1.0457156866072817E-018  -4.1653319800053296E-017   8.5902256431173963E-018  -2.4178714973505151E-017   1.4396959405081031E-017   5.0007234460957338E-018  -1.4790994690754377E-017  -2.5806200457050199E-018  -1.6980227559408219E-006  -9.7812219911627811E-018  -2.3087491688601432E-017  -1.6074223605231756E-017  -1.2894600055323411E-017   2.3757496883865056E-017  -1.5318075009413815E-018   1.6794891012808044E-017   8.2101836211376143E-019   1.3161372789631035E-002   2.0286841427390411E-015  -2.6889675009474535E-015
