   8.7449216506956945E-003  -2.1009858327637720E-017   1.3964608684908158E-016  -1.9627213335632063E-016  -2.6964823270874885E-017  -2.5153260875441099E-017   3.3982056211068916E-018  -2.4691715017699413E-017   3.1533303891566773E-017   7.6387769857230624E-017   3.6309764387530752E-002  -7.2382169118026954E-017   3.0216121624107482E-016   7.7657532324646460E-016  -1.0400917563685679E-015   8.5757762519235525E-018  -7.5688281897125655E-018  -5.3893627322258694E-016  -1.0087773600650993E-017  -5.0192098079593561E-016  -5.7123114932915505E-018  -2.1408349849492486E-017  -1.5146114831403459E-018   6.5996245152545141E-018   1.9545643906387647E-017   2.7413448962527552E-017  -1.3965598020375880E-017   2.3467656751834172E-017  -2.8198817209165434E-017  -2.4368984293844092E-017   1.1927730950819827E-015   4.1449744760442379E-002  -3.6499729263765692E-018   2.6774965572593478E-016  -2.4204699114771567E-015  -9.7603937209661863E-016  -1.0532648341015085E-017   6.3155639517347731E-018  -3.7855919620807286E-016   5.3451153315826351E-018  -4.0016856363578208E-016  -1.1498048419491417E-017   4.7446162005286001E-018  -6.4850071926321465E-018  -1.5946059599978543E-018   2.3461434569053855E-016   1.9114026671562412E-018  -4.8108171566727046E-018   5.9518827485459986E-018  -2.4396157889578971E-018   6.2246860712137499E-018   6.3701686568887980E-018   3.1145931881593831E-002  -4.8315111496968604E-017   2.3305264510754642E-016
  -2.1009858327637720E-017   8.7449216506951134E-003  -4.4347232704423543E-017   9.1277270237057928E-018  -4.6988197024495383E-017  -2.1013668887940141E-018  -1.7068451609753056E-017  -2.2436964414542579E-017   4.0434834610641997E-018  -1.8981267873477948E-017  -3.8936769007473476E-017   3.6309764387528656E-002  -1.1154162556642223E-016   1.5169350937890808E-016   1.2298127410932260E-019  -4.1845186144363516E-016   1.5458051912076329E-017  -7.6634245419677714E-018   2.9463205008635484E-018   9.4443802000080398E-018  -7.9021199895708497E-016   1.6229551762372512E-017  -4.1225772537373561E-016   3.4002337775322270E-017  -5.7007913353590918E-017   1.2220344185476246E-018   6.7749239266960663E-018  -6.6234319905890624E-017   9.9623832140359052E-019  -6.9694181248963748E-017   1.9090117192366905E-017  -4.6486962123571621E-017   4.1449744760442213E-002  -1.6902439162383562E-016  -2.3400750211540937E-015   3.0167828917598484E-018  -5.5973726167631976E-016   1.6942214024750512E-017   6.8492593268189526E-018   6.1329470345481267E-019  -5.1540463589248806E-018  -1.3586820172221577E-015   1.7426457318213710E-017  -5.8029948397020093E-016   3.0969920436557686E-017  -1.5215930854085965E-016  -1.7136076252872856E-017  -4.5306525554051154E-019  -1.6782979150443563E-018  -1.8859034949832435E-017  -5.5570801562103366E-019  -1.9477645519980525E-017  -3.0391769064585645E-017   3.1145931881592769E-002  -6.0052253753803491E-017
   1.3964608684908158E-016  -4.4347232704423543E-017   8.7449216506955783E-003   3.7259644182547025E-017  -8.2454583889608747E-017   3.3834605046709281E-019  -8.0765170225108291E-020  -4.4673138876842161E-017  -1.3612197643609386E-018  -8.8567082236055323E-017   2.1336082314977549E-016  -2.8281556390428129E-017   3.6309764387529760E-002   4.8950473778724013E-016   1.2702119375373509E-017  -1.9002867257869100E-017  -4.1672270723831808E-016  -9.5065199450094589E-018   5.3112545819986147E-018   2.9167158197336389E-017  -1.2733767018868450E-017  -4.4771491527193695E-016  -2.1028042376471239E-017  -9.6229391716024371E-016  -1.3185684399329083E-016  -7.8293706092984864E-018   5.9322457982898387E-018  -1.3057048256492881E-016   7.2577335774231858E-018  -1.2333866952646666E-016   1.7479180093627253E-016   2.6110637632061693E-016  -1.4960809675824657E-016   4.1449744760443247E-002  -8.8324733493643457E-016   1.1510529679221570E-017   1.0406590376065960E-017  -5.5420580516921012E-016   1.7323948851642766E-017  -3.5165528828293589E-018  -5.0594368012526131E-018  -1.4982747215736913E-017  -5.7302281954826489E-016   7.8700646634356606E-018  -1.3841930904855868E-015  -7.1772225878374911E-017  -2.3451756052502511E-017   1.8176303064020307E-018  -5.4061241784023142E-018  -2.7845272822595564E-017  -2.9167361010500234E-018  -3.0317778216024045E-017   2.3814161905464976E-016  -1.0265148869370259E-016   3.1145931881593612E-002
  -1.9627213335632063E-016   9.1277270237057928E-018   3.7259644182547025E-017   4.2615536496109227E-005  -1.2546387728575244E-016  -4.3953412544267903E-018  -7.2361385945703633E-019  -1.3897723455569090E-016   3.2946413951662578E-018  -1.3616111487530387E-016  -8.9305799648825190E-016   3.0923477337548716E-017   1.3867369733666338E-016   3.1403747041465107E-003   4.9279610416922507E-019   1.7239153033796987E-018   2.1558521085807684E-018   4.1896812825245792E-019   3.5027926561436753E-019  -1.9560988823790472E-018   1.5863725703148678E-018  -1.2647878555238784E-019  -1.1548590769505428E-018  -2.8218986457693634E-018  -3.0603966538835657E-016   1.1659391082114569E-018   8.9709630215043342E-019  -3.0312418758851544E-016   6.3741080831589976E-019  -2.9377205354476991E-016   5.4731410739808101E-003  -9.4439464622438302E-016   3.0257299121091384E-017   1.7845567907186692E-016  -1.5790709770509123E-003  -3.2967763485720633E-018   1.2264972386126684E-018  -2.2998268661964924E-019   6.4041944243594469E-019   1.2496976291684219E-020  -3.6352012778201614E-019   2.4145733019139283E-018   2.6509435523057318E-019   2.1919303692361257E-018  -1.1183298446171329E-018   1.4677779289600443E-003  -1.3241743987651505E-016  -2.5932407040551091E-019  -1.4906311581790080E-019  -1.3104424028033366E-016  -1.4469267733772114E-018  -1.3594533049974456E-016  -7.4464280937089565E-016   2.7552823857221844E-017   1.2162766404038295E-016
  -2.6964823270874885E-017  -4.6988197024495383E-017  -8.2454583889608747E-017  -1.2546387728575244E-016   5.0223989916110461E-028   4.1827379581117850E-030  -1.6283082059370412E-030   5.4502301620314653E-028  -5.3494296383077789E-030   5.3106711939398141E-028  -1.1196056623767710E-016  -1.9509955961917908E-016  -3.4235944394828873E-016  -1.0305258448384863E-014   6.7656063268261143E-030  -2.3083351626295333E-030   7.6840974727730241E-030  -1.4032618866104840E-029  -8.2407774925549200E-031   1.1622405082905121E-029   3.9153589375653618E-030   2.2822757810778193E-031  -1.7733911764792141E-030   1.1745101276641445E-029   1.0276460383495419E-027  -9.0588519077136879E-030   9.7656384821195938E-031   1.0250147363161535E-027   2.8569783011425251E-030   9.9311441407072152E-028  -1.7853369859181061E-014  -1.2780961187900529E-016  -2.2271769276107595E-016  -3.9082356515806047E-016  -1.0982251594712478E-014  -2.1498100077108935E-030   2.8449829856870363E-030   3.5485126683519411E-030   1.7531707275187546E-029  -4.6071359491957673E-031  -6.1166889582469460E-030   1.1191954331141107E-030   4.8867499684722836E-030   3.4203743218006402E-030   6.6232774130919918E-030  -5.4515826122711996E-015   3.8269340194634760E-028   2.5899401539461587E-030  -2.5622306029262883E-030   3.7752236431774067E-028  -5.7885090169478313E-031   3.9067872045119552E-028  -9.6037972933323722E-017  -1.6735326423970262E-016  -2.9367042447391105E-016
  -2.5153260875441099E-017  -2.1013668887940141E-018   3.3834605046709281E-019  -4.3953412544267903E-018   4.1827379581117850E-030   1.1197632230023144E-030   3.2674751085003348E-031   5.3310165063033433E-030  -7.3064998321875552E-031   5.1331497308192503E-030  -1.0443878315279760E-016  -8.7250795000250031E-018   1.4048456766885623E-018  -2.5276701508900418E-016   2.5969655922866285E-030  -1.2721066610170221E-031  -9.0247785476412884E-031   2.4878309011529550E-030  -2.3856256885379217E-032   1.3327525419632927E-030  -2.3984635227198394E-031   3.4499914005913887E-031   7.3126535551596122E-031   5.9133817035304766E-031   2.3117003546497486E-029   1.7677711188262245E-031  -2.9988512874935376E-031   2.2409478630821658E-029  -3.0142973675271821E-031   2.1883286610621183E-029  -4.4770864816794567E-016  -1.1922305136912294E-016  -9.9601945755075618E-018   1.6037144748403342E-018   1.2120433485823788E-015   4.1365644680033684E-030  -1.9716028839766075E-031   1.3063306416265962E-031  -2.1655041686937536E-031   1.2405418711588053E-032   1.7598271276357739E-030   5.9551259178483410E-032  -9.2351296332392034E-032  -5.2475046551729708E-031   7.0054537238801711E-031  -7.5517918385059039E-017   1.4156056283723644E-029  -8.1822214457685410E-032   2.0267930447006823E-031   1.4107213726564665E-029   4.5688970261005768E-031   1.4672824099795868E-029  -8.9585908384213458E-017  -7.4842328600355249E-018   1.2050540257784369E-018
   3.3982056211068916E-018  -1.7068451609753056E-017  -8.0765170225108291E-020  -7.2361385945703633E-019  -1.6283082059370412E-030   3.2674751085003348E-031   1.5888361411392248E-031  -1.5480837060544240E-030  -1.8147913479151661E-031  -1.3953827849813058E-030   1.4109679922975977E-017  -7.0869869527165012E-017  -3.3534483426128172E-019  -2.2431520285765993E-017  -5.6243542655193949E-031   7.8031013099068913E-031  -3.6209438787793693E-031   2.2387334279664220E-031  -2.2721528304136231E-032  -3.1583860488643011E-031   1.3908095903951922E-030   9.2930736630265013E-032   1.0451665812480104E-030   1.5138338195210513E-031   1.6683928916628348E-030   1.5205020419666157E-031  -1.4083466716700601E-031   1.4656354709853942E-030  -1.6139849035069154E-031   1.4250855441304024E-030  -4.2212061105224714E-017   1.6107034604155032E-017  -8.0902149949389286E-017  -3.8281597309725886E-019   4.8248149795770018E-016   1.0041334831085797E-031   9.6505089711242884E-031   4.3813361867282057E-032  -7.0934973262788865E-031   1.3448210763683421E-032   1.0845295974180931E-031   2.5846795320500164E-030  -4.2238221105849204E-032   8.9431119443015706E-031   2.4936456789893104E-031   8.0272107670906874E-018   2.5004005525560601E-030  -4.9838664046241848E-032   9.6868921173115363E-032   2.5135538408839093E-030   1.6948374140530496E-031   2.6385190361859110E-030   1.2103056496367296E-017  -6.0791034202045250E-017  -2.8765340510855235E-019
  -2.4691715017699413E-017  -2.2436964414542579E-017  -4.4673138876842161E-017  -1.3897723455569090E-016   5.4502301620314653E-028   5.3310165063033433E-030  -1.5480837060544240E-030   5.9241660642896109E-028  -6.2623148208963479E-030   5.7726161432102712E-028  -1.0252239990559115E-016  -9.3160456320301507E-017  -1.8548721324912814E-016  -1.1329170920760766E-014   6.5302403030118505E-030  -4.0999531701808908E-030   5.5109731544013904E-030  -1.4755094781054350E-029  -9.0013794163310756E-031   1.2387830336925806E-029   1.2487465255802812E-030  -1.7411733270305124E-030  -2.8571484077173150E-030   8.4355422566196685E-030   1.1272850883610656E-027  -9.6005788138280405E-030   8.3035642281191104E-031   1.1238671313186955E-027   2.8068555287911834E-030   1.0888919538409922E-027  -1.9635039720146358E-014  -1.1703538648620144E-016  -1.0634817386939834E-016  -2.1174463054744205E-016  -1.0896039210834495E-014  -1.6908068159304028E-030   1.0200143757638135E-030   1.2167671782814016E-030   1.7813566032326807E-029  -4.8835448052519689E-031  -6.3670677895506673E-030  -3.5087552179748640E-030   2.3870450155868068E-030   1.3090310466589688E-030   8.3069411726542367E-031  -5.9469878690503491E-015   4.2433605714650906E-028   2.7259331222594929E-030  -2.6221714725620528E-030   4.1867301095799563E-028  -2.6118866692441411E-031   4.3333962995607749E-028  -8.7942065658116211E-017  -7.9911541029072497E-017  -1.5910794812945693E-016
   3.1533303891566773E-017   4.0434834610641997E-018  -1.3612197643609386E-018   3.2946413951662578E-018  -5.3494296383077789E-030  -7.3064998321875552E-031  -1.8147913479151661E-031  -6.2623148208963479E-030   5.2123538143116506E-031  -5.8661308157405393E-030   1.3092934166791729E-016   1.6788936212413987E-017  -5.6519167235416136E-018   2.0694020358555909E-016  -3.5407750487654394E-030  -1.3950171848395465E-032   5.5510563327138266E-031  -2.4065841008725440E-030  -5.7464764635274604E-034  -1.8042774033661405E-030  -1.1921510540498617E-031  -1.5672712601407777E-031  -5.3887090352733577E-031  -2.1262725164217313E-031  -1.9362398452963417E-029   1.0525478371974132E-033   1.4523994821877505E-031  -1.8926853448177446E-029   1.0659381777713726E-031  -1.8530069939483478E-029   3.6427925607449335E-016   1.4946359155258070E-016   1.9165564209580394E-017  -6.4519974048195935E-018  -6.5079880648602784E-016  -4.2733710808052030E-030  -8.4731058813109397E-032   2.3204776128369509E-032  -6.9099826662638383E-031   6.2794672522245324E-033  -1.7600495200759975E-030  -4.5529158576882185E-031   1.4745735201857570E-031   1.0686906824399648E-031  -1.8575964918075242E-031   7.5242522116030859E-017  -1.0487094731003892E-029   2.3886982286649883E-032  -9.2915995724390575E-032  -1.0437063437023315E-029  -2.5327094521123365E-031  -1.0827141655318559E-029   1.1230908340158133E-016   1.4401279448011861E-017  -4.8481232594366856E-018
   7.6387769857230624E-017  -1.8981267873477948E-017  -8.8567082236055323E-017  -1.3616111487530387E-016   5.3106711939398141E-028   5.1331497308192503E-030  -1.3953827849813058E-030   5.7726161432102712E-028  -5.8661308157405393E-030   5.6393357244118367E-028   3.1716944260848483E-016  -7.8812068511600382E-017  -3.6773913099911220E-016  -1.1075410234972922E-014  -5.7467843271389265E-030  -3.9728484240876968E-030   7.2203630561824018E-030  -2.0275417802303330E-029  -1.0296449008314326E-030   6.1118457771893374E-030   8.5585044407635670E-031   4.4623175003529050E-031  -2.6770966013106169E-030   1.3405948773514380E-029   1.1024660115848592E-027  -8.9221535999495661E-030   5.4111619102916085E-031   1.0990173446494629E-027   2.2810369805986965E-030   1.0642643896780806E-027  -1.9197444343568872E-014   3.6206768795352709E-016  -8.9968640087603764E-017  -4.1979597982671957E-016  -1.0318356703117346E-014  -1.2603769365486610E-029   5.5257310694890096E-031   4.1609185170271668E-030   1.2590979791662414E-029  -3.8877247391364706E-031  -1.0622425804708901E-029  -3.9765544331128490E-030   5.3262462536158123E-030   8.1297473985084115E-031   8.1154553460298215E-030  -5.8006754298161294E-015   4.1604429048445179E-028   2.5641994864127982E-030  -2.4039917000920908E-030   4.1049509202584001E-028  -5.8815216548397290E-032   4.2500734868736808E-028   2.7206284648317605E-016  -6.7603724747731279E-017  -3.1544071181658053E-016
   3.6309764387530752E-002  -3.8936769007473476E-017   2.1336082314977549E-016  -8.9305799648825190E-016  -1.1196056623767710E-016  -1.0443878315279760E-016   1.4109679922975977E-017  -1.0252239990559115E-016   1.3092934166791729E-016   3.1716944260848483E-016  0.15076166974842048       -9.9998997346711686E-017  -2.6698478497454043E-016  -1.4487522949345018E-015  -4.3185620321882932E-015   3.5607456256936241E-017  -3.1426510063274588E-017  -2.2377157717644203E-015  -4.1885416160962447E-017  -2.0840246810454780E-015  -2.3718072352677522E-017  -8.8889548701543352E-017  -6.2888140440944027E-018   2.7402282235021250E-017   8.1155412637789024E-017   1.1382330369990483E-016  -5.7986519937605396E-017   9.7439991051547890E-017  -1.1708422896967230E-016  -1.0118239058195625E-016  -3.3013648043499538E-015  0.17210336767913967        2.1377186598457622E-016  -6.2525939287242098E-016   8.8241058176294601E-015  -4.0526103090886031E-015  -4.3732579308887437E-017   2.6222835174727589E-017  -1.5718145650801603E-015   2.2193438210908265E-017  -1.6615387582981774E-015  -4.7741014237108238E-017   1.9700107471740794E-017  -2.6926379974749101E-017  -6.6209588845494204E-018  -5.6087976939810100E-016   7.9363295943099545E-018  -1.9974980273996264E-017   2.4712795482250329E-017  -1.0129521798966240E-017   2.5845501384703971E-017   2.6449559216387352E-017  0.12932093544380543       -2.8590242985234271E-017  -3.3753924134904405E-016
  -7.2382169118026954E-017   3.6309764387528656E-002  -2.8281556390428129E-017   3.0923477337548716E-017  -1.9509955961917908E-016  -8.7250795000250031E-018  -7.0869869527165012E-017  -9.3160456320301507E-017   1.6788936212413987E-017  -7.8812068511600382E-017  -9.9998997346711686E-017  0.15076166974841310        1.8398301314869202E-016   8.5658871008703977E-016   5.1063019948121586E-019  -1.7374527872795133E-015   6.4183333509103912E-017  -3.1819283309217231E-017   1.2233408996637031E-017   3.9213984246645136E-017  -3.2810370000340862E-015   6.7386675849755794E-017  -1.7117341324686356E-015   1.4118101025511959E-016  -2.3670239537587471E-016   5.0740056438835704E-018   2.8130142424110564E-017  -2.7501133185799454E-016   4.1364783092238501E-018  -2.8937701232930019E-016   3.9967533202329197E-016  -1.2261813648428045E-016  0.17210336767914045        3.6913905419932352E-017   1.4691273837307803E-015   1.2525975690074091E-017  -2.3240834969370095E-015   7.0345718808447438E-017   2.8438790228154236E-017   2.5464591990707669E-018  -2.1400101271352283E-017  -5.6413797508394263E-015   7.2356344014045734E-017  -2.4094598418143232E-015   1.2859011882197682E-016  -8.1901040407000662E-017  -7.1150653616073162E-017  -1.8811709627557831E-018  -6.9684560138373839E-018  -7.8304545535855925E-017  -2.3073536758131612E-018  -8.0873076729947532E-017  -7.3289987813594600E-017  0.12932093544380216        3.0574171815146816E-016
   3.0216121624107482E-016  -1.1154162556642223E-016   3.6309764387529760E-002   1.3867369733666338E-016  -3.4235944394828873E-016   1.4048456766885623E-018  -3.3534483426128172E-019  -1.8548721324912814E-016  -5.6519167235416136E-018  -3.6773913099911220E-016  -2.6698478497454043E-016   1.8398301314869202E-016  0.15076166974841423        1.2238552486417667E-015   5.2740433838612502E-017  -7.8901751254213691E-017  -1.7302731710070113E-015  -3.9471994505633722E-017   2.2052845088579975E-017   1.2110487484070092E-016  -5.2871837929400779E-017  -1.8589558300975526E-015  -8.7310475121287471E-017  -3.9955378446257768E-015  -5.4748242803275774E-016  -3.2508307504808847E-017   2.4631260956771934E-017  -5.4214133039384554E-016   3.0134815005773036E-017  -5.1211413998438814E-016  -7.2115138254233988E-016  -2.3194472601255919E-016  -2.7710904873780185E-016  0.17210336767914086        2.4255230278513352E-015   4.7792837640264901E-017   4.3209174390073786E-017  -2.3011163520595554E-015   7.1930718900698082E-017  -1.4601069252766435E-017  -2.1007273195218317E-017  -6.2209822227299055E-017  -2.3792464241026707E-015   3.2677273171586895E-017  -5.7473042057936084E-015  -4.5255580289993943E-016  -9.7373969802462788E-017   7.5469776408846714E-018  -2.2446752870781225E-017  -1.1561627832469528E-016  -1.2110571694062778E-017  -1.2588236095736545E-016  -1.3891340334342078E-019  -1.6767375438610066E-016  0.12932093544380271     
   7.7657532324646460E-016   1.5169350937890808E-016   4.8950473778724013E-016   3.1403747041465107E-003  -1.0305258448384863E-014  -2.5276701508900418E-016  -2.2431520285765993E-017  -1.1329170920760766E-014   2.0694020358555909E-016  -1.1075410234972922E-014  -1.4487522949345018E-015   8.5658871008703977E-016   1.2238552486417667E-015  0.23994060716758392       -4.9461960733682122E-018   1.2409395998104982E-016   7.7132544217733916E-017   1.4824149231880446E-016   2.3866031675362819E-017  -1.8148061707702415E-016   8.3101659524481974E-017   2.5623302193973150E-017  -2.4041186239865859E-017  -1.6424751872269149E-016  -2.3558945140128326E-014   1.3103410067371140E-016   3.6612868424591012E-017  -2.3391772518151520E-014   9.0032022427169118E-018  -2.2666694305164538E-014  0.41731558820604098        2.5682416269428617E-015   5.1404800832920967E-016   2.3458058118536481E-015   9.3647965332517534E-003  -1.2437705363341161E-016   6.2117377152214834E-017   1.0985165535286374E-018  -1.0120796411686640E-016   4.4383058078930516E-018   4.1550557182397324E-017   1.7189359861316117E-016   1.6538627473649824E-017   1.0675157931176035E-016  -5.5233857273332342E-018  0.11725337530596272       -9.6979288578888721E-015  -3.3799776236287273E-017   1.3489276387407351E-017  -9.5871463335261241E-015  -6.7614545777362122E-017  -9.9380777226890284E-015   1.9444260100558097E-016   7.3138009508032808E-016   1.1598616940197149E-015
  -1.0400917563685679E-015   1.2298127410932260E-019   1.2702119375373509E-017   4.9279610416922507E-019   6.7656063268261143E-030   2.5969655922866285E-030  -5.6243542655193949E-031   6.5302403030118505E-030  -3.5407750487654394E-030  -5.7467843271389265E-030  -4.3185620321882932E-015   5.1063019948121586E-019   5.2740433838612502E-017  -4.9461960733682122E-018   1.2392891794305052E-028  -1.0192807144040076E-030   7.1571081821950224E-031   6.3522070312794776E-029   1.2210343461348650E-030   5.9897404818415434E-029   8.3175116609256254E-031   1.7255403039912509E-030  -1.6513118687199638E-031  -2.4263764291274255E-030  -1.1832431609399138E-030  -3.4767239519861023E-030   1.8228826826425448E-030  -1.3834998217139206E-030   3.5555914343095390E-030   4.2507954816819567E-030  -4.4562376412237339E-018  -4.9298941203764438E-015   5.8291459039063964E-019   6.0206326260733209E-017  -6.2686809624776123E-016   1.1549156377922670E-028   1.4109630187001539E-030  -1.6459203767156778E-030   4.5775592432418199E-029  -6.5771142625841429E-031   4.7252281141368542E-029   1.3838206455337324E-030  -1.3788171881296548E-030   1.0650639949717572E-030  -2.2055855882252949E-030  -2.7036398192006667E-017  -2.0834400117095817E-030   6.4292691448956072E-031  -8.3596693195219694E-031  -1.6028944457696386E-030  -9.5015794938377599E-031  -2.7605157053696610E-030  -3.7043930510098537E-015   4.3801037208435781E-019   4.5239895864138441E-017
   8.5757762519235525E-018  -4.1845186144363516E-016  -1.9002867257869100E-017   1.7239153033796987E-018  -2.3083351626295333E-030  -1.2721066610170221E-031   7.8031013099068913E-031  -4.0999531701808908E-030  -1.3950171848395465E-032  -3.9728484240876968E-030   3.5607456256936241E-017  -1.7374527872795133E-015  -7.8901751254213691E-017   1.2409395998104982E-016  -1.0192807144040076E-030   2.0143730337482320E-029   2.7387109950687898E-031  -1.6472536808459934E-031  -1.4757629229450017E-031  -1.0737551125850307E-030   3.7910220445119275E-029   1.5811971570331125E-031   1.9703289624938752E-029   3.4127189546159859E-031  -8.9990371443285493E-030   1.7010754715990375E-032  -3.0429910116446648E-031  -8.4220974459858178E-030  -5.2201986152555505E-032  -7.9532453357458881E-030   2.1657174443327941E-016   4.0648018468707095E-017  -1.9834051743610441E-015  -9.0071018245500960E-017  -1.0728501714691659E-016  -1.3008268793094579E-030   2.6810329806975866E-029   3.8425926833035246E-031  -6.5948327972966483E-031  -1.7172242811935080E-032  -1.7310790818686835E-031   6.5135121057359903E-029   4.2772906880269617E-031   2.7851937437278088E-029   1.4525905314188072E-030   5.6236791974607212E-017  -4.5045603643609739E-030   7.5933547442768254E-033   8.3412772027484938E-032  -4.3645963504843356E-030  -3.2967012556233829E-032  -4.5227789599289326E-030   3.0543503263167592E-017  -1.4903590555569121E-015  -6.7680653161887077E-017
  -7.5688281897125655E-018   1.5458051912076329E-017  -4.1672270723831808E-016   2.1558521085807684E-018   7.6840974727730241E-030  -9.0247785476412884E-031  -3.6209438787793693E-031   5.5109731544013904E-030   5.5510563327138266E-031   7.2203630561824018E-030  -3.1426510063274588E-017   6.4183333509103912E-017  -1.7302731710070113E-015   7.7132544217733916E-017   7.1571081821950224E-031   2.7387109950687898E-031   2.0784814037821020E-029  -1.9831265125408675E-031  -2.0277514203702502E-031  -6.7975405456238384E-031  -3.8072477225208185E-031   2.1040753626754740E-029  -3.6930688777943302E-031   4.5348891132099943E-029   3.3613514356112203E-031  -2.2096538268148137E-032   6.9581595764394918E-032   8.5974105286543725E-031   7.6634626268614832E-032   6.7916444401258429E-031   1.4267776858551431E-016  -3.5875220971716886E-017   7.3269073393951352E-017  -1.9752092175160057E-015  -1.2854829995028245E-015  -1.0021029198373421E-030  -1.1431443129677024E-030   2.6249433459909719E-029   9.6962455242800173E-031   1.3093655441408380E-031  -9.5349364569771046E-032  -1.4977114141677584E-030   2.7375159657118540E-029  -7.5908402420566325E-031   6.5223384979654928E-029  -1.2926368943160865E-017  -6.1887475543360041E-030   4.4490034375586576E-032   7.2806217667635914E-033  -6.0011555803140335E-030  -3.1464836400826301E-031  -6.2381239631432725E-030  -2.6957154865017963E-017   5.5055431152697894E-017  -1.4842004961960495E-015
  -5.3893627322258694E-016  -7.6634245419677714E-018  -9.5065199450094589E-018   4.1896812825245792E-019  -1.4032618866104840E-029   2.4878309011529550E-030   2.2387334279664220E-031  -1.4755094781054350E-029  -2.4065841008725440E-030  -2.0275417802303330E-029  -2.2377157717644203E-015  -3.1819283309217231E-017  -3.9471994505633722E-017   1.4824149231880446E-016   6.3522070312794776E-029  -1.6472536808459934E-031  -1.9831265125408675E-031   3.4851078793045433E-029   5.8998211768273973E-031   3.0359345786254373E-029   6.0856547456472779E-031   2.2717592279627124E-030   1.3069028472610976E-030   1.1835677760000695E-030  -1.7880718997042126E-029  -1.0493368330308074E-030   4.5098381651216485E-031  -1.8743485179760122E-029   1.2125540120598013E-030  -1.5213788343530090E-029   2.4651478122258867E-016  -2.5544849753391596E-015  -3.6323594875225270E-017  -4.5059617572349965E-017   1.7156784326513292E-015   6.1736835883524844E-029   7.5118730721504936E-031   4.4463039736259039E-031   2.1268091587480372E-029  -2.7757058632965418E-031   2.5609210540975911E-029   1.8561407075572644E-030   2.7660026101250213E-031   1.6698613118007436E-031   2.6235767174955723E-030   1.3961632171074391E-016  -5.5263619303917240E-031   9.0082283760355275E-032  -2.3931832227520795E-032  -1.3265009719812084E-031   1.4297024909604907E-031  -5.7962070368131188E-031  -1.9194765973661153E-015  -2.7294069437984072E-017  -3.3858442015264449E-017
  -1.0087773600650993E-017   2.9463205008635484E-018   5.3112545819986147E-018   3.5027926561436753E-019  -8.2407774925549200E-031  -2.3856256885379217E-032  -2.2721528304136231E-032  -9.0013794163310756E-031  -5.7464764635274604E-034  -1.0296449008314326E-030  -4.1885416160962447E-017   1.2233408996637031E-017   2.2052845088579975E-017   2.3866031675362819E-017   1.2210343461348650E-030  -1.4757629229450017E-031  -2.0277514203702502E-031   5.8998211768273973E-031   1.9178867168756123E-032   5.9233844520821290E-031  -2.4662386349632551E-031  -2.5077594466299319E-031  -1.7335658658362562E-031  -6.1378255176065991E-031  -2.4074809127817564E-030  -3.6684727553033125E-032   3.6104351110856296E-032  -2.3794831805043068E-030   5.1181603329338970E-032  -2.2524043841636031E-030   4.1790879825963700E-017  -4.7814681211563617E-017   1.3965160309188348E-017   2.5174627695386015E-017  -4.1688311534783133E-017   1.0797538355308157E-030  -1.5357983451955837E-031  -3.4418686360698075E-031   4.8866965402338768E-031  -8.7955128989831868E-033   4.3821562883773828E-031  -4.3237497504751079E-031  -3.4476588925437840E-031  -1.5272873631326985E-031  -8.5516888882090014E-031   9.9884283777153977E-018  -1.1243356684034777E-030   7.7236887578657148E-033  -1.7528383870644123E-032  -1.1134682641554374E-030  -2.9940126217536133E-032  -1.1679624558958997E-030  -3.5928636293479786E-017   1.0493621473891727E-017   1.8916575816728389E-017
  -5.0192098079593561E-016   9.4443802000080398E-018   2.9167158197336389E-017  -1.9560988823790472E-018   1.1622405082905121E-029   1.3327525419632927E-030  -3.1583860488643011E-031   1.2387830336925806E-029  -1.8042774033661405E-030   6.1118457771893374E-030  -2.0840246810454780E-015   3.9213984246645136E-017   1.2110487484070092E-016  -1.8148061707702415E-016   5.9897404818415434E-029  -1.0737551125850307E-030  -6.7975405456238384E-031   3.0359345786254373E-029   5.9233844520821290E-031   2.9168902589820047E-029  -4.9280037397595260E-031  -3.9424735733023894E-031  -6.4287454768802675E-031  -3.6135116302489861E-030   1.6833376947178281E-029  -1.8493299024308422E-030   9.1667820626525453E-031   1.6677573392884213E-029   1.7808165189571170E-030   1.8857009423696133E-029  -3.1252211919141822E-016  -2.3790375002670666E-015   4.4765083593369931E-017   1.3824838128436547E-016  -4.7820694127558857E-016   5.5694131684436936E-029   1.0223039519378483E-031  -2.2611311797123565E-030   2.2413452101418765E-029  -3.3383298967800095E-031   2.2662880042647717E-029  -9.4177285767375926E-031  -2.1637616918161827E-030  -8.8957217850885123E-032  -4.7771973401890289E-030  -1.0719372600455098E-016   5.6087671352620863E-030   3.5793865292634397E-031  -4.6180960208433460E-031   5.7369455387849334E-030  -4.7205006881504478E-031   5.4025270992244411E-030  -1.7876428517309066E-015   3.3637124964967664E-017   1.0388181377494390E-016
  -5.7123114932915505E-018  -7.9021199895708497E-016  -1.2733767018868450E-017   1.5863725703148678E-018   3.9153589375653618E-030  -2.3984635227198394E-031   1.3908095903951922E-030   1.2487465255802812E-030  -1.1921510540498617E-031   8.5585044407635670E-031  -2.3718072352677522E-017  -3.2810370000340862E-015  -5.2871837929400779E-017   8.3101659524481974E-017   8.3175116609256254E-031   3.7910220445119275E-029  -3.8072477225208185E-031   6.0856547456472779E-031  -2.4662386349632551E-031  -4.9280037397595260E-031   7.1620795256254842E-029  -9.4389551545204330E-031   3.6999083294668393E-029  -1.9539484491689487E-030  -2.0701920751916707E-030  -2.5242582175858968E-031  -4.6136236302169393E-031  -9.4334510240768510E-031   9.2112971902606265E-032  -4.0425261335400910E-031   1.4824324508574834E-016  -2.7075583160917032E-017  -3.7454978982923743E-015  -6.0356331806482318E-017  -5.5733320897722472E-016  -2.4467401856090781E-031   5.0728655575792934E-029  -8.0818704919020522E-031   2.1543716039816059E-031  -6.7272120964223836E-032   4.4997796531004067E-031   1.2291690549842757E-028  -7.2164834390569046E-031   5.2728813388393227E-029  -1.1284185992527249E-030   1.8587250067338578E-017  -3.5859238689959140E-030   9.0032957022859233E-032   5.3043436564793828E-032  -3.4079044947416563E-030  -1.5815611529307891E-031  -3.5771853125812535E-030  -2.0344980980181145E-017  -2.8144207660886596E-015  -4.5352612179698749E-017
  -2.1408349849492486E-017   1.6229551762372512E-017  -4.4771491527193695E-016  -1.2647878555238784E-019   2.2822757810778193E-031   3.4499914005913887E-031   9.2930736630265013E-032  -1.7411733270305124E-030  -1.5672712601407777E-031   4.4623175003529050E-031  -8.8889548701543352E-017   6.7386675849755794E-017  -1.8589558300975526E-015   2.5623302193973150E-017   1.7255403039912509E-030   1.5811971570331125E-031   2.1040753626754740E-029   2.2717592279627124E-030  -2.5077594466299319E-031  -3.9424735733023894E-031  -9.4389551545204330E-031   2.3147878501561061E-029   5.6893331533246169E-031   4.9501165500535101E-029   3.3786215750400910E-030   5.1749014725249664E-031  -3.8053007400584093E-031   3.0819545164375209E-030  -4.5823737061746676E-031   2.9418591336916063E-030   4.1130471439922414E-017  -1.0147268008203901E-016   7.6925878240801800E-017  -2.1221080879540147E-015   5.2011519522012359E-016   2.3015735884153095E-030  -1.6653206105545911E-030   2.8464393659466609E-029  -5.5775758567341067E-031   1.8247297529755818E-031   1.5103489565127151E-030  -1.7582536950394616E-030   2.9344780941463266E-029  -1.6950698718901506E-030   7.1246620750557851E-029   3.2915260980306462E-017   1.8032531471566192E-030  -1.4157371041144138E-031   3.5986701537914158E-031   2.0708831150937287E-030   2.9727959049125640E-031   2.2312542121306090E-030  -7.6248025167433143E-017   5.7803206689616602E-017  -1.5945824114186355E-015
  -1.5146114831403459E-018  -4.1225772537373561E-016  -2.1028042376471239E-017  -1.1548590769505428E-018  -1.7733911764792141E-030   7.3126535551596122E-031   1.0451665812480104E-030  -2.8571484077173150E-030  -5.3887090352733577E-031  -2.6770966013106169E-030  -6.2888140440944027E-018  -1.7117341324686356E-015  -8.7310475121287471E-017  -2.4041186239865859E-017  -1.6513118687199638E-031   1.9703289624938752E-029  -3.6930688777943302E-031   1.3069028472610976E-030  -1.7335658658362562E-031  -6.4287454768802675E-031   3.6999083294668393E-029   5.6893331533246169E-031   1.9954417560766335E-029   1.0993614195269008E-030   4.0835658190441119E-030   2.4806172187740452E-031  -5.6683548954444036E-031   4.0942395780120569E-030  -3.4879773744639731E-031   4.2520625333321894E-030  -4.8062186939930086E-017  -7.1790533860783943E-018  -1.9540458079351103E-015  -9.9670074144942497E-017   9.4346460349393763E-016   9.3785437142432716E-031   2.6128517803572339E-029   6.6835976095166910E-031  -1.3794330316075639E-030   3.4766451363406061E-033   8.2385613302194615E-031   6.3981035479108317E-029   5.2689275976175364E-031   2.6887204158107598E-029   2.4498081674305049E-030   2.5353072293211487E-017   4.8823324213031029E-030  -8.0385295789954249E-032   2.7045006163611052E-031   5.0063639559754187E-030   3.5080363555612012E-031   5.2460768471696469E-030  -5.3944435370863248E-018  -1.4682980071216623E-015  -7.4893521248273913E-017
   6.5996245152545141E-018   3.4002337775322270E-017  -9.6229391716024371E-016  -2.8218986457693634E-018   1.1745101276641445E-029   5.9133817035304766E-031   1.5138338195210513E-031   8.4355422566196685E-030  -2.1262725164217313E-031   1.3405948773514380E-029   2.7402282235021250E-017   1.4118101025511959E-016  -3.9955378446257768E-015  -1.6424751872269149E-016  -2.4263764291274255E-030   3.4127189546159859E-031   4.5348891132099943E-029   1.1835677760000695E-030  -6.1378255176065991E-031  -3.6135116302489861E-030  -1.9539484491689487E-030   4.9501165500535101E-029   1.0993614195269008E-030   1.0643922221901400E-028   2.9406991747225591E-029   1.0410817510603703E-030  -8.4760468870127666E-031   2.8795062467929684E-029  -1.0529179636576038E-030   2.7514557110816946E-029  -2.9066597479459880E-016   3.1281326763023421E-017   1.6116647791045733E-016  -4.5611428945903241E-015   7.4915827444588975E-016  -1.1653124307532595E-030  -3.5556090307582082E-030   6.1163371847521200E-029  -2.9686388665005584E-030   4.1058692550509979E-031   6.0914020386957487E-031  -3.8336956750762948E-030   6.3094033217594122E-029  -3.5532250553770758E-030   1.5290450379935727E-028  -5.0580953075773133E-017   1.1591553089173084E-029  -2.6354725106725236E-031   7.2820374534936321E-031   1.2023272766416481E-029   6.1931203837137405E-031   1.2676598939554297E-029   2.3505236960033150E-017   1.2110279982678754E-016  -3.4273080984734560E-015
   1.9545643906387647E-017  -5.7007913353590918E-017  -1.3185684399329083E-016  -3.0603966538835657E-016   1.0276460383495419E-027   2.3117003546497486E-029   1.6683928916628348E-030   1.1272850883610656E-027  -1.9362398452963417E-029   1.1024660115848592E-027   8.1155412637789024E-017  -2.3670239537587471E-016  -5.4748242803275774E-016  -2.3558945140128326E-014  -1.1832431609399138E-030  -8.9990371443285493E-030   3.3613514356112203E-031  -1.7880718997042126E-029  -2.4074809127817564E-030   1.6833376947178281E-029  -2.0701920751916707E-030   3.3786215750400910E-030   4.0835658190441119E-030   2.9406991747225591E-029   2.3190787633574749E-027  -1.3529658072521585E-029  -3.1240004547496333E-030   2.3038208568926171E-027  -2.7256215665873559E-031   2.2322249056327572E-027  -4.0957658831131135E-014   9.2643706079953696E-017  -2.7020979171881885E-016  -6.2498359010509550E-016  -3.5080526558492594E-015   7.2986294491669414E-030  -2.0016160718060817E-030   7.7804595296622191E-030   1.1774537592211007E-029  -4.4416573898388361E-031  -6.2444883732457083E-030  -7.5695117852417073E-030   6.9872125458009655E-030  -5.6227880917313441E-030   1.9616625929657727E-029  -1.1614399664453642E-014   9.4432502537577127E-028   3.5619396059908637E-030  -1.7140340937574875E-030   9.3339868910698009E-028   5.8454652315763311E-030   9.6744782757325748E-028   6.9613807648452742E-017  -2.0303950760746041E-016  -4.6962162100215601E-016
   2.7413448962527552E-017   1.2220344185476246E-018  -7.8293706092984864E-018   1.1659391082114569E-018  -9.0588519077136879E-030   1.7677711188262245E-031   1.5205020419666157E-031  -9.6005788138280405E-030   1.0525478371974132E-033  -8.9221535999495661E-030   1.1382330369990483E-016   5.0740056438835704E-018  -3.2508307504808847E-017   1.3103410067371140E-016  -3.4767239519861023E-030   1.7010754715990375E-032  -2.2096538268148137E-032  -1.0493368330308074E-030  -3.6684727553033125E-032  -1.8493299024308422E-030  -2.5242582175858968E-031   5.1749014725249664E-031   2.4806172187740452E-031   1.0410817510603703E-030  -1.3529658072521585E-029   3.6380306079212901E-031  -1.7971199872052447E-031  -1.3692356546757028E-029  -2.7827679338251195E-031  -1.3403327592705326E-029   2.2381710644316111E-016   1.2993603692375927E-016   5.7922777082036040E-018  -3.7110156769047861E-017   6.2225774747128752E-016  -2.5322063759405014E-030  -2.3659594668294400E-031   6.0757211317815155E-031  -1.9691993860662917E-030   3.8948866622652796E-032  -8.9887147610295193E-031  -1.7839358135574682E-031   5.2173198169992164E-031  -3.3840664512304251E-031   1.6149607066689434E-030   8.8278163382619292E-017  -3.2805826077345153E-030  -1.0161847604983771E-031   1.4872197626471974E-031  -3.2021992174480075E-030   1.8893789363388102E-031  -3.2523790196248773E-030   9.7635799167913116E-017   4.3524004304882015E-018  -2.7885103310624230E-017
  -1.3965598020375880E-017   6.7749239266960663E-018   5.9322457982898387E-018   8.9709630215043342E-019   9.7656384821195938E-031  -2.9988512874935376E-031  -1.4083466716700601E-031   8.3035642281191104E-031   1.4523994821877505E-031   5.4111619102916085E-031  -5.7986519937605396E-017   2.8130142424110564E-017   2.4631260956771934E-017   3.6612868424591012E-017   1.8228826826425448E-030  -3.0429910116446648E-031   6.9581595764394918E-032   4.5098381651216485E-031   3.6104351110856296E-032   9.1667820626525453E-031  -4.6136236302169393E-031  -3.8053007400584093E-031  -5.6683548954444036E-031  -8.4760468870127666E-031  -3.1240004547496333E-030  -1.7971199872052447E-031   1.5252243667964178E-031  -2.9102075175921575E-030   1.9552851910436722E-031  -2.7589818008862967E-030   6.6786731045994857E-017  -6.6195043991671496E-017   3.2112222241650038E-017   2.8118041992494795E-017  -4.6829939441069403E-016   1.0892022666193689E-030  -2.8614116377641575E-031  -4.4020069774155989E-031   1.1486117154067909E-030  -2.2354721831232082E-032   3.8751617164722231E-031  -9.7268505122202582E-031  -3.6684584406946263E-031  -1.9820186626070035E-031  -1.2020442515871789E-030  -5.6170868286602599E-019  -3.0274469665424209E-030   5.3937827047780244E-032  -1.0229795779889606E-031  -3.0290919905522685E-030  -1.7779854273578479E-031  -3.1839032930972293E-030  -4.9739904141254204E-017   2.4129583723263900E-017   2.1128299476954619E-017
