   1.5029419520855588E-006   9.6102489801647938E-019   3.3418156200750767E-018  -5.0039041285729173E-016  -3.7428269905955656E-006  -3.8497585414709926E-019  -5.2386026481155463E-018   5.2960230209375821E-019  -2.3636043118514699E-018   2.1021417335527919E-018  -1.3102336711110453E-018   4.4741705111512617E-019   1.0664175988936669E-019  -2.6768719124916776E-015   5.7717406876860518E-006   3.7514657032131266E-019   1.1234694391204701E-017  -1.7621807779423191E-018   3.4286663031346814E-019  -2.1624617376613315E-018   1.3688392106866161E-018  -4.6632414619909102E-019   1.4917134035348156E-019  -1.5398623121137442E-015   4.4806137700423622E-018  -8.5406223073015169E-020   1.2613445775674614E-018   2.1228453815804939E-018  -2.8577294453677474E-019   2.0164617852499832E-018  -2.0133083201695051E-019  -2.4892456131985608E-018   1.0091762912226627E-018   6.2025505180195457E-019   6.5705932963329086E-015  -2.8683899333506040E-006   4.1853953467627207E-019  -8.8907674901248391E-018   1.8280864302285045E-015   1.7323465568914948E-003   4.4023517023538605E-016   2.9353544298782522E-015  -3.4252280980114900E-018  -1.2167890051597443E-020  -1.4034297471940178E-018  -2.9102197160486070E-018   2.0224628576776204E-019  -2.8027660522258501E-018   5.8210428085505325E-019   2.3231173997595306E-018  -1.1551127802530347E-018  -5.5517442546891651E-019   5.7105366096748945E-019   1.8196126486623248E-018   1.0086391627928090E-018  -2.5300119941824987E-019   1.8927740831447952E-019  -4.1466607556248590E-019   2.5330843227791563E-015
   9.6102489801647938E-019   1.5029419520743659E-006  -1.5846909460432361E-018  -1.0685766678931795E-016  -1.2682838248882038E-018  -3.7428269905730409E-006   6.4929661218795272E-018   5.1071819663851793E-019  -7.8624971591198492E-019  -1.9051546634447846E-018   1.2026919172839465E-018  -4.3241655555782562E-019   9.1646889491925523E-019  -5.5895965927010475E-016   1.8797810735226389E-018   5.7717406876326413E-006  -1.9888731113512875E-017   1.4193980320052810E-018   6.7116910496146284E-019   1.5911281699484946E-018   2.4205438898978084E-019  -8.1321139841923539E-020   1.1259140760425734E-018  -3.2428572396413750E-016  -1.4987567732861439E-019   8.7436797207930284E-018   2.2175594535144778E-018  -6.7440122876791391E-019   3.7171584158538299E-019   6.4536147027599560E-019   1.7263346684289564E-017   4.3505674844648272E-019   7.5989801137836390E-018   5.6973625486401496E-018  -6.0427512615707960E-016  -3.8997928872241988E-019  -2.8683899333147051E-006   9.3374538613939996E-018   6.9297208501886888E-016   6.6804718279360199E-016   1.7323465568850611E-003  -2.1750806884397697E-015   3.7270383599114905E-020  -4.6955861085722412E-018  -2.6056961249553885E-019   2.9190988302692506E-019  -4.8404473374665889E-019  -4.6046021023554190E-019  -9.9992684900017007E-018  -5.6318536454224925E-019  -7.2856298772803725E-018  -1.4060455552185271E-018  -2.2874999239634045E-019  -3.6448387030260837E-019  -4.6971462116862910E-019   9.9047015427676751E-019  -9.9931584093615074E-020   9.5882713136745364E-020  -7.7347189477394518E-017
   3.3418156200750767E-018  -1.5846909460432361E-018   1.5029419520810314E-006  -4.0568015066824137E-018  -1.9228777004211630E-018   2.7955773253749056E-018  -3.7428269905883002E-006  -5.7179599997030981E-020   9.0553497472550516E-019  -1.1658665495798783E-018   2.1907855536432635E-018   7.6660025380373668E-019   6.5015014256870446E-019  -4.7140126548412660E-017   2.2151482179889872E-018  -7.2437756300188268E-018   5.7717406876758425E-006  -6.0553789688107007E-019  -6.7913595573084601E-019   4.6728020639007754E-019   2.5818098209175445E-018  -1.0757168500846270E-018   1.3170343194975172E-018  -1.4006096108534275E-017  -1.4937529275677981E-018   3.1552092465788867E-018   5.2541117131111142E-019  -1.4373230789982405E-018  -4.8901923413882868E-019   2.6064904151969149E-018   4.0152954092611954E-018   8.9503033056030793E-018   8.3811864929940905E-019   5.5751444677129203E-018   5.5539851789805024E-015  -2.7102762504853569E-018   1.0519109930006889E-018  -2.8683899333492860E-006  -4.0150234141141176E-015   9.1478716564473103E-016   3.5324566410214530E-016   1.7323465568888873E-003   1.0032328712655099E-018  -1.6163874787802368E-018  -9.0859517628831984E-019   1.2413499575453740E-018   5.8367397243172976E-019  -2.3949144619265164E-018  -1.5541520576083746E-018  -6.7847600420626657E-018   1.7060513041855934E-018  -2.5986458407801980E-018   1.7440356176645568E-018  -9.5296075869455175E-019   8.6577799185596305E-019  -1.2555223397933150E-018   4.6624611954818988E-019  -3.3147774731903883E-021   1.7131431318161756E-015
  -5.0039041285729173E-016  -1.0685766678931795E-016  -4.0568015066824137E-018   1.4180970946948377E-002   7.4563314776091069E-016   1.5188675298545428E-016   1.9660619648661049E-016  -6.3457891662472673E-016  -7.0013119484352548E-017  -2.6236275460260816E-017  -8.4132801452612511E-016  -3.2080467137017818E-017  -5.8097172267957495E-016   7.3744219630159452E-002  -4.6291842243867171E-016  -3.0325842415114882E-017  -1.6896326665286322E-016  -5.5358990125771507E-016   2.8257371550030236E-017   4.0240892414268003E-017  -4.9489056330218330E-017   6.3500676557777253E-018  -5.3480850883648842E-016   4.3152873335263089E-002  -1.9986159666315495E-017   3.8082568615172574E-019  -1.7749012421425809E-017  -1.9952773930002413E-017  -1.4133222375039194E-018  -2.9142013849021794E-018  -3.5380628831115793E-017  -7.5978726966533801E-019  -2.0714405242853675E-018   5.5346548714474726E-018  -3.6892836997941517E-003   1.5213110076144236E-016   8.1224678214422770E-018   5.6486885639766269E-017  -3.7355037811449512E-004   6.3032557677049265E-015   3.3614517410759876E-016  -2.1443205577612609E-015   2.3086490129947960E-017  -2.3419109488147161E-018   4.6948096028038908E-018   1.8398988976459589E-017   1.2435538137676509E-018   7.0057388091701827E-018   1.2848969050575647E-017  -1.6036704868886067E-018  -1.9739514813653053E-018  -1.3096570013698133E-017   7.5794480898061064E-016  -5.5289548531202170E-018  -1.2422614829089132E-017   3.0062543120890143E-016  -1.0512765899024081E-017   7.3961698565631080E-016  -1.5412780207713288E-002
  -3.7428269905955656E-006  -1.2682838248882038E-018  -1.9228777004211630E-018   7.4563314776091069E-016   9.3208881834001612E-006  -1.8428792022162842E-018  -2.8906690909300899E-018  -1.3188864598147998E-018   5.8861634684325942E-018  -5.2350343986626858E-018   3.2629190644761777E-018  -1.1142177597908797E-018  -2.6557356830821419E-019   4.0167123560297026E-015  -1.4373560335189965E-005   3.3860491550283224E-018  -3.4027131220688343E-018   4.3884181746275025E-018  -8.5385232370937962E-019   5.3852513375873924E-018  -3.4088664145572433E-018   1.1613027358278064E-018  -3.7148641580219546E-019   2.2969209028106018E-015  -1.1158223462773198E-017   2.1268999543083275E-019  -3.1411689072713639E-018  -5.2865933910677439E-018   7.1166999397269722E-019  -5.0216627361123373E-018   5.0138095562263991E-019   6.1990522351431671E-018  -2.5131857260293739E-018  -1.5446420573325721E-018  -7.6395809280882422E-015   7.1432481122771184E-006  -3.1893630795548270E-018   9.9276950498329544E-018  -5.8350643689772874E-015  -4.3141210086001186E-003   2.0037130820583968E-016   6.6125374032862344E-017   8.5299609584992641E-018   3.0302106627007286E-020   3.4950083932923954E-018   7.2474182297480343E-018  -5.0366074089311282E-019   6.9798227496605877E-018  -1.4496339068344468E-018  -5.7853375468853637E-018   2.8766162825621663E-018   1.3825695804498928E-018  -1.4221141758171091E-018  -4.5314426976754901E-018  -2.5118480969909060E-018   6.3005741261265370E-019  -4.7136390834332330E-019   1.0326569016241907E-018  -3.1138511639499213E-015
  -3.8497585414709926E-019  -3.7428269905730409E-006   2.7955773253749056E-018   1.5188675298545428E-016  -1.8428792022162842E-018   9.3208881833573895E-006  -1.3303696726300647E-017  -1.2718587356700430E-018   1.9580241631887790E-018   4.7444708597802907E-018  -2.9951042108670739E-018   1.0768615202188924E-018  -2.2823133729043097E-018   8.0574556314642925E-016   3.0311704742659947E-018  -1.4373560335077499E-005   4.5110043010026863E-017  -3.5347747510846832E-018  -1.6714350396637646E-018  -3.9624401007116249E-018  -6.0279620184374249E-019   2.0251677497221723E-019  -2.8039017654995395E-018   4.6243971334611320E-016   3.7324044988680257E-019  -2.1774680260104120E-017  -5.5224630361511711E-018   1.6794841065087595E-018  -9.2569648666670898E-019  -1.6071654173262330E-018  -4.2991494001751620E-017  -1.0834364815519502E-018  -1.8923996253777143E-017  -1.4188333949095261E-017   1.1700066620704939E-016  -2.8616896453586339E-018   7.1432481121979284E-006  -2.1056993938936694E-017  -7.1872744077652991E-017   6.5117690699247828E-016  -4.3141210085902637E-003   4.0901852402955858E-015  -9.2815692248793434E-020   1.1693576321739632E-017   6.4890528687597719E-019  -7.2695301871552987E-019   1.2054329121633101E-018   1.1466995784978778E-018   2.4901515283879988E-017   1.4025194919921922E-018   1.8143649600285877E-017   3.5015226281946118E-018   5.6966381466462381E-019   9.0768646488037996E-019   1.1697461499074758E-018  -2.4666012028240827E-018   2.4886299144186508E-019  -2.3877995165334620E-019  -1.2016031775935040E-016
  -5.2386026481155463E-018   6.4929661218795272E-018  -3.7428269905883002E-006   1.9660619648661049E-016  -2.8906690909300899E-018  -1.3303696726300647E-017   9.3208881833920551E-006   1.4239628477011229E-019  -2.2550842629625046E-018   2.9033967567377823E-018  -5.4557870910792070E-018  -1.9090904455388270E-018  -1.6190908093010250E-018   1.0379529740284670E-015   6.3256042065754208E-018   2.7818948403898026E-017  -1.4373560335179939E-005   1.5079914304331972E-018   1.6912751565686739E-018  -1.1636836447948231E-018  -6.4295680008668660E-018   2.6788939221149508E-018  -3.2798549483593399E-018   5.8683300910536021E-016   3.7199432531990735E-018  -7.8575239134585573E-018  -1.3084491456140009E-018   3.5794140996745026E-018   1.2178210781161955E-018  -6.4910309165304048E-018  -9.9994254682249431E-018  -2.2289241936309005E-017  -2.0871951159077735E-018  -1.3883970143554088E-017  -4.8405602507813319E-015   8.6432629533529753E-019  -7.4797558606675651E-018   7.1432481122814891E-006   6.5632264202227749E-015   1.2761847840190936E-015   2.0555561372592335E-015  -4.3141210085982477E-003  -2.4983846270552482E-018   4.0253442086948748E-018   2.2627051860498063E-018  -3.0913756312691043E-018  -1.4535429626373631E-018   5.9641361902463396E-018   3.8703572420893286E-018   1.6896316570934697E-017  -4.2486370546890583E-018   6.4714953085127463E-018  -4.3432306706194787E-018   2.3731902910267397E-018  -2.1560761087638162E-018   3.1266695922534052E-018  -1.1611084234411175E-018   8.2549019882722425E-021  -1.6814511888683411E-015
   5.2960230209375821E-019   5.1071819663851793E-019  -5.7179599997030981E-020  -6.3457891662472673E-016  -1.3188864598147998E-018  -1.2718587356700430E-018   1.4239628477011229E-019   3.6843911997793916E-029   1.2327452737896385E-029   1.4012019884705661E-029   3.2082152167288838E-029   4.6539452348957516E-030   3.5483794301480268E-029  -3.3169797446813055E-015   2.0338291514646315E-018   1.9613086129883574E-018  -2.1958654053120287E-019   6.8238278070077267E-030  -1.9612715796209098E-029  -1.9814281429590280E-029   1.0173612845948443E-029  -2.5374390918237315E-030   2.3452806859043370E-030  -1.9364122272227326E-015   5.4004753578040798E-030   4.8195464982677579E-030   1.2478192938041093E-029  -1.8880568504474153E-031   3.1508561638781637E-030  -8.9550892201423779E-031   1.3395162754915486E-029   1.1939484839801673E-030   4.5284468244619633E-030  -7.3590378593736598E-030   3.2907419279370940E-015  -1.0107548796534159E-018  -9.7471424758725994E-019   1.0912822603238281E-019   9.0159856785600381E-016   6.1043922768455643E-016   5.8867270838873539E-016  -6.5907324673058024E-017  -4.8422033701894231E-030  -2.0567273978444629E-030  -1.0237100561450620E-029  -9.5297781328395005E-031  -3.2262050717534631E-030   1.4716231989966654E-031  -5.8022274306664993E-030  -2.0556591869189104E-031  -2.5468016328993200E-030   8.1345545165811155E-030  -6.4681018011149927E-029   1.2787003737116232E-029   9.3188836920125746E-030  -5.7593072859346071E-029  -8.4141649641392884E-033  -5.9020616353407420E-029   1.6540197891091369E-015
  -2.3636043118514699E-018  -7.8624971591198492E-019   9.0553497472550516E-019  -7.0013119484352548E-017   5.8861634684325942E-018   1.9580241631887790E-018  -2.2550842629625046E-018   1.2327452737896385E-029   2.1412320565174562E-029   1.2058662679517332E-029   8.3134302978935570E-032   3.9837289328789380E-030   1.0617995470780888E-029  -3.8827774980540949E-016  -9.0769381728277622E-018  -3.0194309698376485E-018   3.4775215705376708E-018  -2.1933049104193695E-029  -2.5383502977665559E-029  -1.9459313156118534E-029   9.9033498979188360E-030  -1.5223567627983295E-030  -2.3010786087731429E-029  -2.2069601684286020E-016  -4.5166133859013052E-030   8.0199700656304567E-031   5.5866454644416832E-030  -4.9998750834239694E-030  -5.9381785015414306E-030  -4.4292310101737797E-030   1.4447466544196137E-030   1.1424087396454621E-029  -6.4622463228300212E-031  -7.7609325676805585E-030   4.4547247288824214E-015   4.5109784880244033E-018   1.5005707752501422E-018  -1.7282286931514033E-018  -1.3342217078523263E-015  -2.7243778682546085E-015  -9.0626054208201866E-016   1.0437531492153063E-015   3.2093344850048036E-030   9.3303955885628365E-031  -5.5167277437763659E-030   4.9393767673923793E-030   6.1340541439088660E-030   5.3874618602537359E-030   4.4439033419929065E-030  -8.5510895297540743E-030   6.1959875170579056E-030   5.1521620157310763E-030  -4.1170760697695014E-029   9.5725611305661778E-030   1.0304620092123503E-029  -6.1345882942401616E-029  -6.9198652383806852E-031  -3.6047356619824700E-029   1.4443114277009212E-015
   2.1021417335527919E-018  -1.9051546634447846E-018  -1.1658665495798783E-018  -2.6236275460260816E-017  -5.2350343986626858E-018   4.7444708597802907E-018   2.9033967567377823E-018   1.4012019884705661E-029   1.2058662679517332E-029   2.6774161356011091E-029  -1.2075450885281980E-029   5.8413902869264670E-030   1.5435896501831294E-029  -1.6220149533604060E-016   8.0728447016110117E-018  -7.3163562119414526E-018  -4.4772716546823640E-018  -2.9357547288616578E-029  -2.9297322070995589E-029  -3.3639097071886061E-029   1.1140664231981455E-029  -3.4573534091938221E-030  -3.6748472890036567E-029  -8.7979495291790115E-017   1.2434228366735077E-029  -1.0793763187524949E-029   1.7128554948428012E-029   2.0272081252102984E-030   8.2260331955993554E-030  -2.8770588634615318E-030  -1.5396144533885957E-029  -7.2679865029951683E-030  -7.4471832832051098E-030  -2.6691305147694715E-029   4.7386070341410224E-015  -4.0119727701849889E-018   3.6360196416781362E-018   2.2250758719223985E-018   2.3815658455060654E-015   2.4230064169292301E-015  -2.1959518243525690E-015  -1.3438209640691144E-015  -9.9649642285628044E-030   6.1278704675991386E-030  -1.7761869063521247E-029  -3.6218528536415886E-030  -8.2771155802651068E-030   7.7249317938932867E-031   9.8547983089427954E-030   7.2529982635577793E-030   7.1400379755426346E-030   1.7948263419878801E-029  -5.0754103456612569E-029   2.3597855692870970E-029   1.4836766656433651E-029  -7.0102474630194609E-029  -6.6690732542065222E-031  -4.2602397101383000E-029   1.4885651566011904E-015
  -1.3102336711110453E-018   1.2026919172839465E-018   2.1907855536432635E-018  -8.4132801452612511E-016   3.2629190644761777E-018  -2.9951042108670739E-018  -5.4557870910792070E-018   3.2082152167288838E-029   8.3134302978935570E-032  -1.2075450885281980E-029   5.8863013212013379E-029   1.0026611814745898E-031   2.9770189223891053E-029  -4.3637460847269854E-015  -5.0316840111740422E-018   4.6186919355483569E-018   8.4132631339971545E-018   4.6481639615996646E-029   1.0144876065478907E-029   1.3410622936185189E-029   6.9704181671495668E-031  -1.5316246124733207E-031   4.9263577799418067E-029  -2.5565859504581940E-015  -6.9968404262420635E-030   1.0322004369893128E-029  -4.7447645927052769E-030  -2.1589171880357310E-030  -2.4780049208817112E-030   3.9728824090764978E-030   1.7787523808665338E-029   1.4094108996905076E-029   5.6061878719087459E-030   1.8056285326251051E-029  -1.8643296935120274E-015   2.5006029457016528E-018  -2.2953577040319734E-018  -4.1811509882426982E-018  -6.6069315720042703E-016  -1.5102238551279063E-015   1.3862672467276322E-015   2.5251805670171079E-015   4.8621029528922583E-030  -5.5379047655799127E-030   5.9506877104349202E-030   2.8780167526343484E-030   2.6155323192119246E-030  -2.8380840802133622E-030  -9.9942496612165793E-030  -1.1476443042700204E-029  -2.4602944511229245E-030  -9.2989526753065693E-030  -2.2346915902466528E-029  -1.1079209225223814E-029  -5.0291505012102409E-030   1.1110127660523976E-029   1.3846803525145660E-030  -2.6113590214940820E-029   2.7168333903922214E-016
   4.4741705111512617E-019  -4.3241655555782562E-019   7.6660025380373668E-019  -3.2080467137017818E-017  -1.1142177597908797E-018   1.0768615202188924E-018  -1.9090904455388270E-018   4.6539452348957516E-030   3.9837289328789380E-030   5.8413902869264670E-030   1.0026611814745898E-031   2.0441536769464385E-030   5.4224874666836633E-030  -1.7341785951554073E-016   1.7182135309082597E-018  -1.6606072006165387E-018   2.9439712358255274E-018  -6.8022940335811868E-030  -7.9947691650591366E-030  -8.1251789812177770E-030   4.6917604642731973E-030  -1.6183344300740966E-030  -7.4196852978249958E-030  -9.9704370966456631E-017   1.8739698880724415E-030  -1.9636976281837516E-031   4.7207541939178038E-030  -6.0456698125278241E-031   1.6817709987933294E-030   1.0196711800311554E-030  -3.9972520013445443E-031   4.6402244891248699E-030  -1.0665042894476306E-030  -2.6559199489561144E-030   1.2188805874812972E-015  -8.5390294922895684E-019   8.2527425177661597E-019  -1.4630694471334509E-018   5.8218010614608859E-016   5.1570946363078542E-016  -4.9841933690462394E-016   8.8361184431695052E-016  -1.6616947375726968E-030   2.5886064985104655E-031  -5.0552984566458154E-030   9.1353922950738612E-032  -1.6269372371463548E-030  -1.3593310229813311E-030   1.0401474701969158E-030  -3.1032646074101297E-030   2.8320979944754424E-030   2.6864309127122411E-030  -1.3082604003288216E-029   5.2037727145066094E-030   4.3412463822534654E-030  -1.9266492663318766E-029   1.6265802482244688E-031  -1.2157027515312874E-029   4.0838694140766694E-016
   1.0664175988936669E-019   9.1646889491925523E-019   6.5015014256870446E-019  -5.8097172267957495E-016  -2.6557356830821419E-019  -2.2823133729043097E-018  -1.6190908093010250E-018   3.5483794301480268E-029   1.0617995470780888E-029   1.5435896501831294E-029   2.9770189223891053E-029   5.4224874666836633E-030   3.9312346722419781E-029  -3.0376539239428716E-015   4.0953583305669412E-019   3.5195110512581236E-018   2.4967684385422486E-018   7.0556692958065786E-030  -2.2205362906374853E-029  -2.1462291703553838E-029   1.0941618411811041E-029  -4.4250731738806601E-030  -4.5545279252523058E-030  -1.7731089251700367E-015   4.2643670059460849E-030   8.0704319231356325E-030   2.0197937805065229E-029  -2.9449788173461251E-030   1.4834695970473156E-029  -1.6603706403179331E-031   2.1056008562020582E-029   7.1062376945108287E-030   4.0550594065643749E-030  -9.6829757040325567E-030   3.1800222202304716E-015  -2.0352758802045409E-019  -1.7490962633205979E-018  -1.2408224559232942E-018   3.8723538667777990E-015   1.2291924198267887E-016   1.0563559906012428E-015   7.4938713326228079E-016  -4.3965395997160565E-030  -4.4233019020105834E-030  -1.7162108147645277E-029   2.1226185292139894E-030  -1.4831572035772040E-029  -4.1445971915188106E-031  -1.4027966212116552E-029  -4.7971492810690515E-030  -2.3459687496318668E-030   1.3891970664146286E-029  -6.7259850490168018E-029   1.6222261109114231E-029   1.0327164469258665E-029  -6.0062142271114394E-029   1.9711154353853886E-031  -5.9495845581344287E-029   1.5665080245848064E-015
  -2.6768719124916776E-015  -5.5895965927010475E-016  -4.7140126548412660E-017   7.3744219630159452E-002   4.0167123560297026E-015   8.0574556314642925E-016   1.0379529740284670E-015  -3.3169797446813055E-015  -3.8827774980540949E-016  -1.6220149533604060E-016  -4.3637460847269854E-015  -1.7341785951554073E-016  -3.0376539239428716E-015  0.38352415433059495       -2.5813908810371720E-015  -1.7143253347029272E-016  -8.6174280106017834E-016  -2.8385257789317115E-015   1.8639533031767812E-016   2.4623978407864229E-016  -2.7375290691453823E-016   3.6634724755710223E-017  -2.7367195927606535E-015  0.22441651042974675       -1.0971904440985213E-016  -2.8505288057043225E-018  -1.1053487424468948E-016  -1.0093547838338051E-016  -6.2827236812890204E-018  -1.1142589358128955E-017  -1.9673870179421416E-016  -8.2592437697192005E-018  -1.5861536667955848E-017   4.4467480315746775E-017  -2.6106341798095265E-002   8.6980986120530733E-016   5.1919390208825847E-017   2.7974170825976182E-016  -1.9231914971775366E-003  -1.2948319929391320E-014  -6.0109930001788455E-015  -6.2553496719319955E-015   1.2499024769461856E-016  -1.1030916435803218E-017   4.0696933038058011E-017   9.4832841813288346E-017   5.4529509924687506E-018   3.3027857204406474E-017   6.8323692675383113E-017  -6.1755715047201975E-018  -1.0259874752881581E-017  -8.1141445409243002E-017   4.0051153020557872E-015  -5.2069438190499088E-017  -8.2770031079492134E-017   1.6585953227369618E-015  -5.3515296382431375E-017   3.9005483669706110E-015  -8.2284828113118699E-002
   5.7717406876860518E-006   1.8797810735226389E-018   2.2151482179889872E-018  -4.6291842243867171E-016  -1.4373560335189965E-005   3.0311704742659947E-018   6.3256042065754208E-018   2.0338291514646315E-018  -9.0769381728277622E-018   8.0728447016110117E-018  -5.0316840111740422E-018   1.7182135309082597E-018   4.0953583305669412E-019  -2.5813908810371720E-015   2.2165187763681663E-005  -5.5134797287425662E-018   2.3667134522106236E-018  -6.7672942929671014E-018   1.3167090572420325E-018  -8.3044913207308873E-018   5.2567465803634517E-018  -1.7908223564475875E-018   5.7286197478607127E-019  -1.4389292781132262E-015   1.7206879325219578E-017  -3.2798510420091591E-019   4.8439354622685538E-018   8.1523528207855130E-018  -1.0974524525937307E-018   7.7438084118485548E-018  -7.7316981761215268E-019  -9.5594378528867304E-018   3.8755348155471416E-018   2.3819624665258434E-018   4.1419296976107272E-015  -1.1015463946225844E-005   5.0633304175362176E-018  -1.3877757408928736E-017   5.5804340565476298E-015   6.6527220786596827E-003  -3.9660613101376274E-016  -9.6654548446362046E-016  -1.3153886848689877E-017  -4.6728289117166390E-020  -5.3895844499244125E-018  -1.1176102657811419E-017   7.7668543011809865E-019  -1.0763448873881820E-017   2.2354522459580107E-018   8.9214564806979313E-018  -4.4359740064525383E-018  -2.1320336529505982E-018   2.1930146042399395E-018   6.9878496274858992E-018   3.8734720838110524E-018  -9.7159927846806171E-019   7.2688111294732340E-019  -1.5924401181590111E-018   1.7533638869855505E-015
   3.7514657032131266E-019   5.7717406876326413E-006  -7.2437756300188268E-018  -3.0325842415114882E-017   3.3860491550283224E-018  -1.4373560335077499E-005   2.7818948403898026E-017   1.9613086129883574E-018  -3.0194309698376485E-018  -7.3163562119414526E-018   4.6186919355483569E-018  -1.6606072006165387E-018   3.5195110512581236E-018  -1.7143253347029272E-016  -5.5134797287425662E-018   2.2165187763436508E-005  -8.0826022967767844E-017   5.4509073766585362E-018   2.5774874578779965E-018   6.1104017923416505E-018   9.2956029580186408E-019  -3.1229717883507578E-019   4.3238423642944988E-018  -8.9252781421734083E-017  -5.7556683659333167E-019   3.3578310815313455E-017   8.5160828117250602E-018  -2.5898997672543152E-018   1.4274985432028591E-018   2.4783785235826862E-018   6.6296346525488167E-017   1.6707463205541683E-018   2.9182326467565915E-017   2.1879553757078034E-017  -2.2121458856219902E-015   4.8299997239375058E-018  -1.1015463946068084E-005   3.8068821849565988E-017   4.9933456415614616E-016  -1.2560382641873268E-015   6.6527220786229578E-003  -9.6878146218544667E-015   1.4312927334149259E-019  -1.8032436554000645E-017  -1.0006642188093680E-018   1.1210201077097502E-018  -1.8588746428512783E-018  -1.7683031116216188E-018  -3.8400142274719547E-017  -2.1627980233838190E-018  -2.7978969074415597E-017  -5.3996299248431864E-018  -8.7846748609023816E-019  -1.3997256389824033E-018  -1.8038427810459051E-018   3.8036977286115049E-018  -3.8376677761797059E-019   3.6821791814474504E-019  -6.4657340268109757E-016
   1.1234694391204701E-017  -1.9888731113512875E-017   5.7717406876758425E-006  -1.6896326665286322E-016  -3.4027131220688343E-018   4.5110043010026863E-017  -1.4373560335179939E-005  -2.1958654053120287E-019   3.4775215705376708E-018  -4.4772716546823640E-018   8.4132631339971545E-018   2.9439712358255274E-018   2.4967684385422486E-018  -8.6174280106017834E-016   2.3667134522106236E-018  -8.0826022967767844E-017   2.2165187763670018E-005  -2.3254442477516077E-018  -2.6080825161430470E-018   1.7944939098704894E-018   9.9149117306349450E-018  -4.1310702009788365E-018   5.0578005082261837E-018  -4.8359015777720356E-016  -5.7364521214313519E-018   1.2116934763347493E-017   2.0177339723238667E-018  -5.5197448476910493E-018  -1.8779781925410805E-018   1.0009692497174841E-017   1.5419919481449789E-017   3.4371806365803936E-017   3.2186229830217399E-018   2.1410200253820539E-017  -6.1025389886118876E-017  -7.3568022997782772E-018   3.0383001559358382E-017  -1.1015463946234482E-005  -3.2876658359743730E-015   1.6701429312210599E-015  -1.4553339173125140E-014   6.6527220786579428E-003   3.8527103287654506E-018  -6.2074049934794742E-018  -3.4892736478009717E-018   4.7671502200697016E-018   2.2414803248304665E-018  -9.1971783902036564E-018  -5.9684026074312112E-018  -2.6055481076070627E-017   6.5517405473344491E-018  -9.9795670160897807E-018   6.6976115222122765E-018  -3.6596505787709832E-018   3.3248430221132453E-018  -4.8215763505972955E-018   1.7905227111055704E-018  -1.2729723707045711E-020   1.3787549611986286E-016
  -1.7621807779423191E-018   1.4193980320052810E-018  -6.0553789688107007E-019  -5.5358990125771507E-016   4.3884181746275025E-018  -3.5347747510846832E-018   1.5079914304331972E-018   6.8238278070077267E-030  -2.1933049104193695E-029  -2.9357547288616578E-029   4.6481639615996646E-029  -6.8022940335811868E-030   7.0556692958065786E-030  -2.8385257789317115E-015  -6.7672942929671014E-018   5.4509073766585362E-018  -2.3254442477516077E-018   6.8532175016365522E-029   4.0727051294416397E-029   4.0821145709273838E-029  -1.7910577952259728E-029   4.1083584896016421E-030   6.6980522449979166E-029  -1.6718572933450923E-015  -9.9245192301155374E-030   1.7740631354260194E-030  -1.6421395971960290E-029   9.1980808565791861E-031   5.0937775923816553E-030   1.5518737786944544E-030   3.0465651969487677E-030  -4.6013196247122969E-030  -3.5280874279383416E-031   1.7244934139569235E-029  -7.2421656887471286E-015   3.3631515822182830E-018  -2.7089449600728714E-018   1.1556792364291533E-018   8.0001503336822646E-016  -2.0311548287158415E-015   1.6360507404732281E-015  -6.9796540659174521E-016   7.7149907685885948E-030  -2.5427651242812700E-030   1.7140211101925845E-029   1.9618709522346541E-030  -5.0663528228963955E-030  -1.0944990781974107E-031  -9.6036507516017926E-030   1.6909869604048948E-030  -5.8616763113338001E-030  -1.1117343650235159E-029   3.4947028537333961E-029  -2.5516135197921892E-029  -2.0542574009701225E-029   9.0472676875721745E-029   1.1603081133156166E-030   2.8658915782131481E-029  -1.6765098383797737E-015
   3.4286663031346814E-019   6.7116910496146284E-019  -6.7913595573084601E-019   2.8257371550030236E-017  -8.5385232370937962E-019  -1.6714350396637646E-018   1.6912751565686739E-018  -1.9612715796209098E-029  -2.5383502977665559E-029  -2.9297322070995589E-029   1.0144876065478907E-029  -7.9947691650591366E-030  -2.2205362906374853E-029   1.8639533031767812E-016   1.3167090572420325E-018   2.5774874578779965E-018  -2.6080825161430470E-018   4.0727051294416397E-029   4.4099132977978293E-029   4.1242876547944274E-029  -1.8202449018753032E-029   5.2159604505995825E-030   4.9737919217931762E-029   9.8453715887316958E-017  -5.1709874092468263E-030  -2.2132728707200902E-030  -2.3283838094419373E-029   4.6191108689315723E-030  -6.6518573678029514E-030   3.8651079064424845E-030  -8.5057201974547672E-030  -9.5791192090055145E-030  -3.2101279015212197E-031   2.1109277545562642E-029  -7.2490783930564220E-015  -6.5436671696774836E-019  -1.2809374983284997E-018   1.2961423666521261E-018  -2.0305395863773039E-015   3.9520077654531200E-016   7.7361436777813004E-016  -7.8279725500609959E-016   4.7897285933965341E-030   6.7332860548375802E-032   2.1895421280688378E-029  -3.0024534345291335E-030   6.5670105862758571E-030  -3.2563234599683131E-030   1.2137536782158700E-030   6.0306896825433858E-030  -5.0088863118873519E-030  -1.8375512765878477E-029   7.2111486797487846E-029  -2.7064892490559582E-029  -2.0311998717232692E-029   1.0447055546192105E-028   9.1171684238963021E-031   6.1194158247774071E-029  -2.2649093780734270E-015
  -2.1624617376613315E-018   1.5911281699484946E-018   4.6728020639007754E-019   4.0240892414268003E-017   5.3852513375873924E-018  -3.9624401007116249E-018  -1.1636836447948231E-018  -1.9814281429590280E-029  -1.9459313156118534E-029  -3.3639097071886061E-029   1.3410622936185189E-029  -8.1251789812177770E-030  -2.1462291703553838E-029   2.4623978407864229E-016  -8.3044913207308873E-018   6.1104017923416505E-018   1.7944939098704894E-018   4.0821145709273838E-029   4.1242876547944274E-029   4.4242924069953850E-029  -1.7371782461253246E-029   5.0893527567734215E-030   4.8630000402649781E-029   1.3413839689884844E-016  -1.3638552836480669E-029   6.0740737202680063E-030  -2.3402383158518683E-029  -4.7087745222375803E-031  -7.8709928865632209E-030   2.6407570205704817E-030   6.0919929702954436E-030   1.8258303338345301E-030   3.9412593640672918E-030   2.7619953542455803E-029  -6.7992278530313150E-015   4.1270945101109509E-018  -3.0366948098055298E-018  -8.9181211441244029E-019  -2.4070433132822143E-015  -2.4925334876607064E-015   1.8339932576685976E-015   5.3860447209275253E-016   1.1129914270277233E-029  -4.0526067688118988E-030   2.3212223986565478E-029   2.8514544035670594E-030   7.9200809163307854E-030  -4.5441042790504883E-031  -6.5573778648740854E-030  -3.4270011650513579E-030  -6.3757069062606203E-030  -2.0388837654118323E-029   6.9700365398687971E-029  -3.0137461692969924E-029  -2.0607407880825695E-029   9.9150573444107949E-029   7.9495620012033417E-031   5.9534322407848062E-029  -2.1382873892847421E-015
   1.3688392106866161E-018   2.4205438898978084E-019   2.5818098209175445E-018  -4.9489056330218330E-017  -3.4088664145572433E-018  -6.0279620184374249E-019  -6.4295680008668660E-018   1.0173612845948443E-029   9.9033498979188360E-030   1.1140664231981455E-029   6.9704181671495668E-031   4.6917604642731973E-030   1.0941618411811041E-029  -2.7375290691453823E-016   5.2567465803634517E-018   9.2956029580186408E-019   9.9149117306349450E-018  -1.7910577952259728E-029  -1.8202449018753032E-029  -1.7371782461253246E-029   1.3042756808865194E-029  -3.9855829292550815E-030  -1.5295020539957437E-029  -1.5577775168407752E-016   4.1461712832045045E-030   8.8117431089653070E-030   1.0914644599141221E-029  -1.8885237771141924E-030  -6.9830293396411192E-031   4.6737825214997286E-030   1.5255202493429985E-029   1.5118338415841611E-029   5.6280178822431924E-030   3.7730917010284930E-030   3.0219350538268420E-015  -2.6124526012496126E-018  -4.6196486280604720E-019  -4.9274273632790584E-018   1.9595420084643621E-016   1.5777747705046210E-015   2.7900085347485453E-016   2.9758896194174657E-015  -3.6954934886143490E-030  -4.0585776910774713E-030  -1.0459377516095555E-029  -6.2555570091062019E-032   7.4704051036547297E-031  -5.2909658137057856E-030  -4.7708835326783402E-030  -1.0607295546518492E-029   7.8150969736753050E-031   1.0252754782922384E-030  -2.7304355264006526E-029   1.0449116827483886E-029   1.0362681266422045E-029  -4.5018837714056317E-029   4.9859852666183472E-031  -2.6873929316921388E-029   9.8200314586579398E-016
  -4.6632414619909102E-019  -8.1321139841923539E-020  -1.0757168500846270E-018   6.3500676557777253E-018   1.1613027358278064E-018   2.0251677497221723E-019   2.6788939221149508E-018  -2.5374390918237315E-030  -1.5223567627983295E-030  -3.4573534091938221E-030  -1.5316246124733207E-031  -1.6183344300740966E-030  -4.4250731738806601E-030   3.6634724755710223E-017  -1.7908223564475875E-018  -3.1229717883507578E-019  -4.1310702009788365E-018   4.1083584896016421E-030   5.2159604505995825E-030   5.0893527567734215E-030  -3.9855829292550815E-030   1.8245616082263507E-030   5.2409039981539245E-030   2.0464976248595567E-017  -1.2415176646629910E-030  -2.9725737810280440E-030  -5.3276444319553328E-030   1.1176839899518849E-030  -3.6418574937935676E-030  -2.0892045562536814E-030  -5.4710459043583719E-030  -6.4069662120371472E-030  -9.0634535532590708E-031  -6.5599828727775070E-031  -6.6641151394801892E-016   8.8998745744296447E-019   1.5520275986992473E-019   2.0530236577954015E-018  -1.0534251011369613E-015  -5.3750248167022611E-016  -9.3733757590958397E-017  -1.2399110816284961E-015   1.2377340430921782E-030   1.6477614994459486E-030   5.1750335833737757E-030  -6.1960605589275283E-031   3.5966934649977130E-030   2.3125550633463854E-030   3.2920792203584850E-030   4.5919120038992365E-030  -8.4063804415124079E-031  -1.7895214267528409E-030   7.4991186318160163E-030  -3.8235956631287464E-030  -3.1238784215733986E-030   1.1872496826841100E-029  -3.1289311179122414E-031   7.1608673315402685E-030  -2.1216720473455734E-016
   1.4917134035348156E-019   1.1259140760425734E-018   1.3170343194975172E-018  -5.3480850883648842E-016  -3.7148641580219546E-019  -2.8039017654995395E-018  -3.2798549483593399E-018   2.3452806859043370E-030  -2.3010786087731429E-029  -3.6748472890036567E-029   4.9263577799418067E-029  -7.4196852978249958E-030  -4.5545279252523058E-030  -2.7367195927606535E-015   5.7286197478607127E-019   4.3238423642944988E-018   5.0578005082261837E-018   6.6980522449979166E-029   4.9737919217931762E-029   4.8630000402649781E-029  -1.5295020539957437E-029   5.2409039981539245E-030   8.3767112928903412E-029  -1.6133976353762430E-015  -8.5290179389330212E-030   4.4030970552237454E-030  -2.9537310501847100E-029   4.3613944387717521E-030  -1.5897100585942450E-029   8.0209269060101177E-030   7.5773980654755166E-031   1.5019532131133348E-030   4.3220426145737634E-030   3.7004169834952452E-029  -8.0154797868538901E-015  -2.8469600604719281E-019  -2.1488259057774039E-018  -2.5135820972799924E-018  -4.2798849735687234E-015   1.7194041162440227E-016   1.2977702633691351E-015   1.5180625343334303E-015   7.1914837275981085E-030  -2.9883073613604624E-030   2.8142394892045134E-029  -2.9038963962394277E-030   1.5897488032402115E-029  -6.8830070176731589E-030  -6.7719042615001053E-031  -2.6308978520013362E-030  -5.5181193010113049E-030  -2.9051545287088643E-029   5.7870500620031234E-029  -3.5223818432638276E-029  -2.2338536037477227E-029   1.0733891848161589E-028   1.9772843739483963E-030   4.2259405558955828E-029  -1.9349822443123666E-015
  -1.5398623121137442E-015  -3.2428572396413750E-016  -1.4006096108534275E-017   4.3152873335263089E-002   2.2969209028106018E-015   4.6243971334611320E-016   5.8683300910536021E-016  -1.9364122272227326E-015  -2.2069601684286020E-016  -8.7979495291790115E-017  -2.5565859504581940E-015  -9.9704370966456631E-017  -1.7731089251700367E-015  0.22441651042974675       -1.4389292781132262E-015  -8.9252781421734083E-017  -4.8359015777720356E-016  -1.6718572933450923E-015   9.8453715887316958E-017   1.3413839689884844E-016  -1.5577775168407752E-016   2.0464976248595567E-017  -1.6133976353762430E-015  0.13131850433502498       -6.2646635322075459E-017  -3.6770270079286262E-019  -5.9772799164511496E-017  -5.9824388169979126E-017  -3.9633480526454745E-018  -7.6002084422101874E-018  -1.1169309415964576E-016  -3.6733863901500263E-018  -7.9117684530499191E-018   2.1798588781647022E-017  -1.3413620410438318E-002   4.7550094145318766E-016   2.4114181535628003E-017   1.5492898925509511E-016  -1.1305308649981096E-003   1.2161683831550453E-014   7.8258075677496558E-016   2.5931150657460316E-015   7.1811998515237472E-017  -6.7638537955287040E-018   1.9431514234035755E-017   5.5721055382407908E-017   3.4635086607642324E-018   2.0243041641599971E-017   3.9575407961253746E-017  -4.1962293579667822E-018  -6.0051178188850714E-018  -4.3972281236089429E-017   2.3265431486492677E-015  -2.4192838563966842E-017  -4.3543677694830393E-017   9.4491364022107072E-016  -3.1625995718258799E-017   2.2678458791961562E-015  -4.7575911827406642E-002
   4.4806137700423622E-018  -1.4987567732861439E-019  -1.4937529275677981E-018  -1.9986159666315495E-017  -1.1158223462773198E-017   3.7324044988680257E-019   3.7199432531990735E-018   5.4004753578040798E-030  -4.5166133859013052E-030   1.2434228366735077E-029  -6.9968404262420635E-030   1.8739698880724415E-030   4.2643670059460849E-030  -1.0971904440985213E-016   1.7206879325219578E-017  -5.7556683659333167E-019  -5.7364521214313519E-018  -9.9245192301155374E-030  -5.1709874092468263E-030  -1.3638552836480669E-029   4.1461712832045045E-030  -1.2415176646629910E-030  -8.5290179389330212E-030  -6.2646635322075459E-017   1.6012928742255030E-029  -3.6498771546823368E-030   7.6022396347706729E-030   7.1243664258702764E-030   2.1672810799329585E-030   2.7098813252063297E-030  -3.9860414527616547E-030  -1.5477035163245250E-029   1.6066022529929821E-030  -8.2036143949520721E-030   1.0681021486251747E-015  -8.5513265601348871E-018   2.8604024494738284E-019   2.8508525258819921E-018   6.9013675469555895E-016   5.1645213752370112E-015  -1.7275225648515082E-016  -1.7217549469169146E-015  -1.2272242918884745E-029   1.7842662998332223E-030  -7.4091354493992719E-030  -9.4769876584792970E-030  -2.4976049562159058E-030  -5.4348252354970790E-030   2.9323149316841644E-030   1.3251383773180395E-029  -4.1667157336989093E-030   4.8211441197417544E-030  -1.2463982665042209E-029   1.1125072351154559E-029   5.3070502525265407E-030  -1.5752384674179041E-029  -3.0505709168186635E-032  -1.1607610091073647E-029   3.4972540819751318E-016
  -8.5406223073015169E-020   8.7436797207930284E-018   3.1552092465788867E-018   3.8082568615172574E-019   2.1268999543083275E-019  -2.1774680260104120E-017  -7.8575239134585573E-018   4.8195464982677579E-030   8.0199700656304567E-031  -1.0793763187524949E-029   1.0322004369893128E-029  -1.9636976281837516E-031   8.0704319231356325E-030  -2.8505288057043225E-018  -3.2798510420091591E-019   3.3578310815313455E-017   1.2116934763347493E-017   1.7740631354260194E-030  -2.2132728707200902E-030   6.0740737202680063E-030   8.8117431089653070E-030  -2.9725737810280440E-030   4.4030970552237454E-030  -3.6770270079286262E-019  -3.6498771546823368E-030   5.8183801629425210E-029   1.5327224834974003E-029  -7.2662756018163265E-030  -4.4127838771831162E-031   8.6169507547001915E-030   1.1033516049479508E-028   2.1896177887389260E-029   4.6879719522681880E-029   4.3621609248094906E-029   8.8557253342113330E-016   1.6299920978605508E-019  -1.6687459456862621E-017  -6.0217697881783213E-018  -3.7179717318497997E-016  -9.8442375830028900E-017   1.0078289076915713E-014   3.6368110338497302E-015   2.0304338950752380E-030  -3.0813799522369210E-029  -4.5488794857324734E-030   4.3875551363554457E-030  -2.0603352407774913E-032  -7.1019354190694635E-030  -6.1076894347940376E-029  -1.7852372511894112E-029  -3.8869262874157809E-029  -1.2860060235241072E-029  -4.9628413751542147E-030  -1.8423892865731512E-030   1.1892283888965884E-030  -8.4607362522345796E-030   2.2762800053470021E-031  -5.8452311818426856E-030   2.7270530308433635E-016
