   8.2335520160431756E-004   3.7066306847439730E-017  -8.9129730089103397E-017  -5.9990082760674160E-018   1.3002050084347978E-002   5.0814879443352323E-016  -3.3892922241549397E-016  -6.1604533563006509E-019  -1.0375282247141408E-018  -1.0213513990097950E-017   1.0632904993944325E-017  -1.7104154727855481E-017   4.7266488576854497E-018  -1.2186386007826209E-016   1.5450059027450477E-016   4.5482628701462430E-018   5.8350885463294382E-018   2.3443425450983633E-017   4.4245419677209330E-019  -1.9594846015820768E-017  -2.8494692261488076E-018   4.4379805098671747E-018   7.8858527316442068E-018  -1.4096843792875187E-018   5.1374231852126580E-018   4.7336447103997396E-018   2.5421776690070734E-018  -2.8770433070125063E-018   1.3641965788054567E-017   3.2368077016494649E-018   1.9802459692320293E-002   8.2334745753694563E-016  -4.9596150753991597E-016  -2.3355458994191349E-016   9.7029345119075911E-016   1.9319309170610160E-016  -2.0656566232246214E-018   5.1572752017545440E-018   1.2024255304458972E-016   1.1843631289204538E-019   1.2176585464273570E-016  -6.0096443288125219E-019   8.0161397112592030E-018  -5.5528346981762857E-018   1.0318809830102987E-017  -1.3367469167631727E-017   1.6403066179135759E-002   6.6540560184741906E-016  -4.1217216136457333E-016  -3.8961494133636986E-018  -4.0879154871308106E-019  -1.2759921551640873E-018  -2.6831980604819293E-018  -2.4813426237901091E-018  -2.3254228709498731E-018
   3.7066306847439730E-017   8.2335520160421326E-004  -9.2337407829667547E-017   3.0954930915320941E-018   4.1082860410377679E-017   1.3002050084346751E-002  -1.1442525655570866E-015  -8.0388617131712901E-018  -8.0792578963410673E-018  -5.8068135150509090E-019  -8.8829733796708702E-018  -2.2056622773664962E-018  -5.2556082540015780E-018  -2.9393474118226969E-016  -8.4131974530414751E-018  -4.6851581546660197E-018   6.5153542948185179E-020  -7.1075989504937885E-018   2.7923292019775498E-018  -2.3399414799886591E-018  -5.5791126724615770E-017   4.4239782869054632E-019  -4.0949287973837287E-017   7.4437521709085170E-018  -2.6174192891377752E-018   4.2057084792082431E-018  -1.8217999086587168E-019  -5.0381764686682643E-018   1.1089568729784314E-019  -6.1371632546859761E-018   1.2044415304129585E-016   1.9802459692319977E-002  -1.7416623391528499E-015  -5.2855519081985548E-016  -5.8676644624675957E-016  -8.2259252790217573E-018  -2.1159956701403127E-017   3.6304490068105092E-018  -4.4216112111236734E-018  -7.2667909979860457E-019  -3.0003365218877644E-018  -9.9837908953552497E-017   4.5292173085465626E-018  -2.4366193076580442E-017   6.2120470538691364E-018  -1.8114193440904346E-016   5.7433013712973337E-017   1.6403066179134656E-002  -1.4270048652590698E-015  -2.1641500889425382E-019  -8.0963518809124535E-019   4.0551870104508801E-020  -7.1614746446413389E-019  -2.0025253390031194E-019  -5.5906310238675073E-019
  -8.9129730089103397E-017  -9.2337407829667547E-017   8.2335520160365186E-004  -2.0001731312799113E-017  -1.1060399524151412E-015  -2.8392020536541925E-016   1.3002050084342257E-002   1.9954766769474210E-017   1.2325931157282773E-017   4.2451530889795382E-018  -1.8763802743535550E-017   1.8775685583958051E-017  -7.3733770644676915E-018  -3.2112897480706167E-016   1.6747170212163332E-017   1.4067912664544558E-017  -3.0440440890910439E-016   1.9791669905197675E-018   1.5956091019645728E-018   1.3649088238457977E-017   1.8792770809404510E-017  -3.3110467654879225E-016  -4.7628265879215800E-018  -5.8184455031809748E-016  -2.6851625803790555E-017  -7.1745150298830713E-018  -3.4807353284292842E-018  -2.2454520476498721E-017  -1.3668438636640250E-017  -1.4885987837950475E-017  -1.6712773200956710E-015  -5.1963573754496022E-016   1.9802459692315432E-002  -6.5977792999552905E-016   4.4627273284760885E-016   2.2735067583116956E-017  -1.1113273790879670E-017  -3.3003449916758814E-016   8.8072247884818478E-018  -1.5194914990949462E-018   9.3420663358421694E-018  -1.1856797573954109E-017  -3.3482728745413070E-016   1.0964133908958240E-018  -9.0255490381390399E-016  -1.8533493759558839E-016  -1.3404842726550282E-015  -4.0872942513626861E-016   1.6403066179128761E-002   2.5311718221051517E-019   2.4020237903398014E-018   8.8514036026664646E-019  -2.9355273502251332E-018   4.2583819666775754E-018  -5.4857034804619082E-018
  -5.9990082760674160E-018   3.0954930915320941E-018  -2.0001731312799113E-017   7.6690811591454644E-005  -4.4381676352737429E-017   1.3138165623385468E-016  -1.8867329240737261E-016   6.0519199825309086E-017  -6.0218984508924475E-018  -3.1713838422633421E-019   4.7283010624411302E-017   1.0874023133013136E-018   6.7836913906333555E-017   4.3954029726266351E-003   3.2283961319463315E-018   2.9741019422529809E-018  -4.4766869613793812E-018  -5.8536242754404093E-018  -5.6508668188535842E-018   4.8557197279515768E-019  -8.8079745528746862E-018   6.3214301272907760E-018   3.6089176369754719E-018  -8.7383133379437237E-019   2.3166060590401211E-016   3.9247376048553397E-018  -9.3569090488040826E-019   2.4559764578233630E-016  -2.4702535472495606E-018   2.3675427417717298E-016  -7.7139356644021317E-017   1.9353867707731733E-016  -3.2064594198783106E-016   7.2613541361037674E-003  -1.4862083007984818E-003  -1.7745185205525709E-018  -5.8116808887817721E-019   3.3051902013324260E-018   4.2261481302467871E-018   3.8526511724243960E-018   1.8375020529839150E-018   6.7125008513018539E-018  -5.3491065518221212E-018  -3.3254283285423959E-019   8.0090578597710581E-019   2.1128727060760705E-003  -6.1115858724827351E-017   1.5540291949901279E-016  -2.5965954658437338E-016  -2.0247875746484516E-018  -3.8437159023182462E-019   6.5420961134176010E-019   2.6321579364858364E-019   9.1145307412938459E-019  -3.9255200460230896E-018
   1.3002050084347978E-002   4.1082860410377679E-017  -1.1060399524151412E-015  -4.4381676352737429E-017  0.20532244900680877       -5.7011591142311496E-016  -5.9175754574258832E-016  -9.7283071662634326E-018  -1.6384172851971744E-017  -1.6128715793340121E-016   1.6790998952085269E-016  -2.7010101592688105E-016   7.4641084502724339E-017   1.9458398578712980E-016   2.4398029051085676E-015   7.1824094290307934E-017   9.2145058873779899E-017   3.7020788994642914E-016   6.9870350187006270E-018  -3.0943287756773545E-016  -4.4997519320945292E-017   7.0082565519890784E-017   1.2452979221468044E-016  -2.2261093228156707E-017   8.1127845465158777E-017   7.4751559820352000E-017   4.0144911104389140E-017  -4.5432956638478075E-017   2.1542770614630248E-016   5.1114191989447494E-017  0.31271141812323777       -8.7824656619729112E-017  -5.8170157059278527E-016  -8.6706134044063841E-017  -1.1296686267142937E-015   3.0508172528919241E-015  -3.2619907932681552E-017   8.1441339462287019E-017   1.8988155949089043E-015   1.8702922736707436E-018   1.9228708794738951E-015  -9.4901564232967410E-018   1.2658722481585734E-016  -8.7687834746294552E-017   1.6294994184789472E-016   1.2364086432238432E-016  0.25902974509960169       -3.3491350997616162E-016  -5.0316467572336654E-016  -6.1526215793458672E-017  -6.4554498229521327E-018  -2.0149886557285882E-017  -4.2371840853810646E-017  -3.9184231797018356E-017  -3.6722018123380212E-017
   5.0814879443352323E-016   1.3002050084346751E-002  -2.8392020536541925E-016   1.3138165623385468E-016  -5.7011591142311496E-016  0.20532244900679605        4.7339061378792486E-016  -1.2694604031405459E-016  -1.2758395842753863E-016  -9.1698552466757894E-018  -1.4027586703197286E-016  -3.4830813412694828E-017  -8.2994170206220709E-017   6.9154046281518307E-016  -1.3285737970782742E-016  -7.3985882230847879E-017   1.0288750548866105E-018  -1.1223996320628658E-016   4.4095190101877042E-017  -3.6951289380274414E-017  -8.8102804539547194E-016   6.9861448791887439E-018  -6.4665249228621131E-016   1.1754834165420060E-016  -4.1333092476468731E-017   6.6414631474094646E-017  -2.8769033838561926E-018  -7.9560586550646167E-017   1.7512141510172634E-018  -9.6915284991854102E-017   4.5617269805497525E-017  0.31271141812324293        7.3778861217741866E-016   3.8443106299040241E-016   1.3441137653569473E-015  -1.2990006288844205E-016  -3.3414839218628546E-016   5.7330396070672234E-017  -6.9824069014844285E-017  -1.1475385146571624E-017  -4.7379946894701224E-017  -1.5765947552178812E-015   7.1523335461408828E-017  -3.8477981572144135E-016   9.8097815817883153E-017   2.4266002263147898E-016  -6.3075028989685958E-016  0.25902974509959270        8.5866308271692242E-016  -3.4175271853910326E-018  -1.2785389884098585E-017   6.4037665042665919E-019  -1.1309074361419874E-017  -3.1622967465443110E-018  -8.8284697096221694E-018
  -3.3892922241549397E-016  -1.1442525655570866E-015   1.3002050084342257E-002  -1.8867329240737261E-016  -5.9175754574258832E-016   4.7339061378792486E-016  0.20532244900679411        3.1511658206903962E-016   1.9464548706437867E-016   6.7037522774004343E-017  -2.9630942097524091E-016   2.9649706937539144E-016  -1.1643701004884163E-016   1.8806364673069846E-015   2.6446367915769356E-016   2.2215406508675338E-016  -4.8070156875453100E-015   3.1254103072284490E-017   2.5197131709806481E-017   2.1554018063693901E-016   2.9676687146870179E-016  -5.2286541449697246E-015  -7.5212386730021770E-017  -9.1882239521931620E-015  -4.2402863656731669E-016  -1.1329667143379455E-016  -5.4966185896959254E-017  -3.5459155330091206E-016  -2.1584575330574378E-016  -2.3507273537189042E-016  -6.9201914164318534E-016  -6.5631932088005313E-016  0.31271141812327630        1.1100170905396978E-015  -2.2314751083913196E-015   3.5902182534468930E-016  -1.7549575462522455E-016  -5.2117543915189157E-015   1.3907967980405579E-016  -2.3995117217298453E-017   1.4752565375602615E-016  -1.8723714333280480E-016  -5.2874399197379994E-015   1.7314060558299272E-017  -1.4252735684915391E-014   1.1388776515000631E-016   1.1991953654047482E-016  -2.0092841870736148E-016  0.25902974509958665        3.9971111786614829E-018   3.7931664930214730E-017   1.3977733150217177E-017  -4.6356509993758560E-017   6.7246427181319150E-017  -8.6627729152453936E-017
  -6.1604533563006509E-019  -8.0388617131712901E-018   1.9954766769474210E-017   6.0519199825309086E-017  -9.7283071662634326E-018  -1.2694604031405459E-016   3.1511658206903962E-016   1.6278702803422298E-028  -1.9152655245842012E-030   2.2891432222901761E-030   1.3124413530975324E-028   2.9287010826448196E-030   1.5013885574486498E-028   4.1941934158250663E-015  -1.5407367380778535E-029  -1.3214865978870077E-029   1.6221811881972021E-029   1.5499079519354360E-029   1.6166785362756461E-029   5.9526173430211138E-030   2.5409220210861882E-029  -2.7097206378440321E-029  -7.0868831415197137E-030  -1.2288847088142826E-029   2.4462342717562344E-028   3.8293367518310696E-030  -3.3712342599405141E-030   2.7184633994983696E-028  -5.7177370530507819E-030   2.5906159287953768E-028  -1.4816464271769528E-017  -1.9334211375216990E-016   4.7993073202486716E-016   6.8335472117158337E-015   1.3472130561371360E-014   1.5872161040067601E-029   3.5042902503839513E-030  -2.6437300063955093E-029  -1.0079665089267470E-029  -1.6838267303526025E-029  -9.1585107708138952E-030  -1.6346385285886677E-029   1.6699042616028099E-029   1.7258742702417020E-030  -2.0060285151081075E-029   2.6632860560855498E-015  -1.2272992737603608E-017  -1.6015199810355197E-016   3.9754331942190295E-016  -9.9026619495756768E-029  -1.8336080149800437E-030   8.4177430055093557E-031  -8.7689964074715880E-029   6.2737754274618534E-031  -1.0535629918209007E-028
  -1.0375282247141408E-018  -8.0792578963410673E-018   1.2325931157282773E-017  -6.0218984508924475E-018  -1.6384172851971744E-017  -1.2758395842753863E-016   1.9464548706437867E-016  -1.9152655245842012E-030   7.9075971012202423E-031   1.5906571065750793E-031  -1.8944227468902101E-030   2.7285085943808895E-031  -3.3137965350572966E-030  -3.2955017889802030E-016  -5.0854320110835361E-031  -3.2514331933667631E-031  -3.6306950666765394E-030   9.5940951471002335E-031   8.8239660857651462E-031   3.2556221432053410E-031   2.1974705262125598E-030  -5.9796607386761522E-030  -1.8214994564605763E-031  -8.6577994344835661E-030  -1.7232102301877316E-029  -4.4239841184981373E-031  -3.4783263490231778E-032  -1.7881247867452756E-029  -1.0250852075432219E-031  -1.7199238666633107E-029  -2.4953520436269208E-017  -1.9431367959346820E-016   2.9645012800906253E-016  -5.4647698572322778E-016   4.3123140511064026E-016   6.7747097008048528E-031   1.7592813931983237E-031  -5.6935726525136746E-030  -5.9981787118098499E-031  -7.4457646613731265E-031  -3.5980491511454773E-031  -2.0376365390624067E-031  -4.0223429323973755E-030   3.2555214662964944E-031  -1.3621574672556605E-029  -1.4451634486034741E-016  -2.0669868969725083E-017  -1.6095677988522559E-016   2.4555995285933349E-016  -1.9229201941863214E-030   4.0307611348161810E-032  -3.0390403376908835E-032  -1.9406625491700722E-030  -6.9993104482956824E-033  -1.9589893311461723E-030
  -1.0213513990097950E-017  -5.8068135150509090E-019   4.2451530889795382E-018  -3.1713838422633421E-019  -1.6128715793340121E-016  -9.1698552466757894E-018   6.7037522774004343E-017   2.2891432222901761E-030   1.5906571065750793E-031   2.0160301377485148E-031   1.5785418225555336E-030   3.3951118736426846E-031   1.6744211674526735E-030  -2.8147978198192674E-018  -2.2255940706176720E-030  -3.3043246959641427E-031  -1.0489221916178495E-030   1.7239732427587751E-031   4.6054701882650305E-031   4.2319064464222156E-031   8.7183745446288466E-031  -2.2978534009067595E-030  -3.2463313736532252E-031  -2.9296052338454100E-030   1.6355095758475994E-031  -9.4781360962821355E-032  -9.9431442001467397E-032   5.7030041865533643E-031  -3.0208466653213199E-031   4.4390014154640734E-031  -2.4564452706653598E-016  -1.3965927505950780E-017   1.0209988686349995E-016  -6.6697573838997288E-018   3.1617282681898018E-016  -1.9108057193047248E-030   7.0839972191951743E-032  -2.2265545082455988E-030  -1.7480374307095097E-030  -4.4491091893329437E-031  -1.6958530217919398E-030  -4.8376763322840993E-031  -1.1911330009639374E-030   1.2949883034671183E-031  -4.7627271956912337E-030   1.2346480708226947E-017  -2.0347590635811393E-016  -1.1568463549098114E-017   8.4572887768757869E-017  -2.0045986848559751E-030  -1.4185630163251293E-032   2.4083203262530948E-032  -1.8418731463206247E-030   4.4897854815416870E-032  -2.1449155312722816E-030
   1.0632904993944325E-017  -8.8829733796708702E-018  -1.8763802743535550E-017   4.7283010624411302E-017   1.6790998952085269E-016  -1.4027586703197286E-016  -2.9630942097524091E-016   1.3124413530975324E-028  -1.8944227468902101E-030   1.5785418225555336E-030   1.0751133204090219E-028   1.3481949647013268E-030   1.2181062904491159E-028   3.3077885068641382E-015  -1.1404919216478450E-029  -1.1514614612973920E-029   2.6609611928382120E-029   1.3218323189153706E-029   1.3439632411893239E-029   4.0456529100815000E-030   2.0541419206114053E-029  -8.3215942088381449E-030  -5.5373545420945469E-030   1.4743226835727595E-029   1.9497947756061084E-028   3.3822759271041973E-030  -2.5623363251938612E-030   2.1664976286264004E-028  -3.8590253417737963E-030   2.0617598615952476E-028   2.5573127144212952E-016  -2.1364378576348048E-016  -4.5128693761775696E-016   5.3859780096466711E-015   1.1149454243087768E-014   1.4801000009341142E-029   3.4119697045473711E-030  -7.7212938916274823E-030  -7.1840370922922747E-030  -1.3933746338487914E-029  -6.3509769620985066E-030  -1.2920332818470710E-029   2.8350172437615435E-029   1.3779671031501001E-030   2.2158861625271609E-029   2.1232210459674890E-015   2.1183110758541924E-016  -1.7696857921129576E-016  -3.7381666815830569E-016  -8.1581506385326508E-029  -1.6037756695781420E-030   6.1631296946019831E-031  -7.2164186036067816E-029   2.7114947633327039E-031  -8.6464979471588494E-029
  -1.7104154727855481E-017  -2.2056622773664962E-018   1.8775685583958051E-017   1.0874023133013136E-018  -2.7010101592688105E-016  -3.4830813412694828E-017   2.9649706937539144E-016   2.9287010826448196E-030   2.7285085943808895E-031   3.3951118736426846E-031   1.3481949647013268E-030   8.2664491288106518E-031   2.0459193576347122E-030   7.2346415712744221E-017  -3.0125099329261377E-030   6.0777172933044683E-032  -6.7516002390878255E-030  -2.2930149585959439E-031   2.2436122983710729E-031   8.0331057812669874E-031   9.4547684206706500E-031  -7.8864829108393370E-030  -2.5264441246114434E-031  -1.3235799479333924E-029   3.4352471573748338E-030  -2.0442713377299914E-031  -1.8016647845724256E-031   4.1283507593972574E-030  -6.7773420063218017E-031   3.9686648217205251E-030  -4.1137085659942265E-016  -5.3048232715703073E-017   4.5157273100081695E-016   1.1820086115743814E-016   1.8122891894320637E-016  -3.2661433278202140E-030  -1.0648179015371384E-031  -7.8862542945164551E-030  -2.4128883914071480E-030  -2.5472245557314644E-031  -2.4312213429990803E-030  -2.0374634276600130E-031  -7.4880845284481754E-030   2.2466936410546237E-031  -2.0784119166895413E-029   4.3716336668219939E-017  -3.4075278979534824E-016  -4.3941696407505548E-017   3.7405340075863132E-016  -1.2874334991021493E-030   3.7929808353197872E-032   6.0051723494626707E-032  -1.2188906922421324E-030   1.5936678585990304E-031  -1.5417890706115430E-030
   4.7266488576854497E-018  -5.2556082540015780E-018  -7.3733770644676915E-018   6.7836913906333555E-017   7.4641084502724339E-017  -8.2994170206220709E-017  -1.1643701004884163E-016   1.5013885574486498E-028  -3.3137965350572966E-030   1.6744211674526735E-030   1.2181062904491159E-028   2.0459193576347122E-030   1.4188608524322430E-028   4.5012043080066328E-015  -1.1842409429448905E-029  -1.0914659396641397E-029   2.1733133137352860E-029   1.1902346457523169E-029   1.2393962132001264E-029   4.6052775468448968E-030   1.8881084634903960E-029  -1.1748435632744734E-029  -5.0898005909998550E-030   6.5572469157044808E-030   2.5797249477331775E-028   4.3396449288322988E-030  -2.9343994932226895E-030   2.8382723113592810E-028  -4.8802636447787261E-030   2.7091206995229208E-028   1.1368030869497412E-016  -1.2640227499086687E-016  -1.7733658794028929E-016   7.3555160130380288E-015   1.1062019604680039E-014   1.3574169054435172E-029   3.1094878294663095E-030  -1.1868169802688288E-029  -7.0998794692192236E-030  -1.3347618983058344E-029  -6.8446549871043632E-030  -1.2194928762614227E-029   2.2864380011067694E-029   1.2730007382395722E-030   9.8673139926992477E-030   2.7106341287471604E-015   9.4165353989407460E-017  -1.0470340119778549E-016  -1.4689406433152964E-016  -8.4162135670346484E-029  -1.7080907795687323E-030   8.1966754110558905E-031  -7.3982738892752495E-029   5.8703435870103612E-031  -8.9746812662452425E-029
  -1.2186386007826209E-016  -2.9393474118226969E-016  -3.2112897480706167E-016   4.3954029726266351E-003   1.9458398578712980E-016   6.9154046281518307E-016   1.8806364673069846E-015   4.1941934158250663E-015  -3.2955017889802030E-016  -2.8147978198192674E-018   3.3077885068641382E-015   7.2346415712744221E-017   4.5012043080066328E-015  0.25651505740868419        6.8847064328318538E-017   6.9374791696210783E-017  -8.4544031750888344E-017  -2.0858704688888843E-016  -1.9318528990799303E-016   6.0801233464853021E-017  -3.0602917192781268E-016   2.0982047329269397E-016   1.4209399484525734E-016  -3.3765572558115525E-017   1.3673068018465465E-014   2.3096630756002665E-016  -6.9782383678016121E-017   1.4573835694628490E-014  -1.6329566818623688E-016   1.4028984167103163E-014  -2.2942988035634803E-016   4.8631086773382148E-016   1.1225304505954255E-015  0.42316675589677683        7.6591333348668342E-003   4.7061332838784985E-018  -7.7986538718276728E-018   5.6258351079848880E-017   1.5611854155422971E-016   9.4981374543201283E-017   3.7019161809369884E-017   2.4315085409092321E-016  -1.2219487696501941E-016  -8.1576491850925107E-018   5.3828634593456591E-017  0.12740931263545122       -2.1603937403202473E-017   3.1228453063052453E-016   1.2116765809956216E-015  -7.3374784198844287E-016  -3.2151642040456632E-017   3.9418917234754468E-017  -5.4172954711591547E-016   5.0977510051510901E-017  -8.7243434249759207E-016
   1.5450059027450477E-016  -8.4131974530414751E-018   1.6747170212163332E-017   3.2283961319463315E-018   2.4398029051085676E-015  -1.3285737970782742E-016   2.6446367915769356E-016  -1.5407367380778535E-029  -5.0854320110835361E-031  -2.2255940706176720E-030  -1.1404919216478450E-029  -3.0125099329261377E-030  -1.1842409429448905E-029   6.8847064328318538E-017   3.2488596457456195E-029   3.8656790581573305E-030  -9.6307542640084450E-030   1.0603747764525623E-030  -3.4516248952470048E-030  -4.1877094745366687E-030  -4.9738467692836589E-030  -1.7891368863727181E-030   3.5884942766649561E-030  -1.2624284376331481E-029   1.9904213523243995E-031   7.1235283530087089E-031   7.7672967498982388E-031  -3.1799395099167484E-030   2.7252547313853313E-030  -1.2798024401210076E-030   3.7158831393658018E-015  -2.0234523705294034E-016   4.0278504640651620E-016   1.2901260184654736E-016  -2.4073847420629636E-015   3.4036416177529157E-029  -1.0662146913664238E-030  -2.2796183785979735E-030   2.5139968086896944E-029   3.3389256730609724E-030   2.4871995672630786E-029   4.5242875762791302E-030  -1.0234564921342150E-029  -1.0600332032857476E-030  -1.6651754312875588E-029  -7.0518771733683048E-017   3.0779952589723043E-015  -1.6760959830154172E-016   3.3364086456054982E-016   1.4792256791378678E-029   2.1989310657599620E-031  -2.4290214017178786E-031   1.3518652450773354E-029  -3.0674109042831148E-031   1.5645134600460643E-029
   4.5482628701462430E-018  -4.6851581546660197E-018   1.4067912664544558E-017   2.9741019422529809E-018   7.1824094290307934E-017  -7.3985882230847879E-017   2.2215406508675338E-016  -1.3214865978870077E-029  -3.2514331933667631E-031  -3.3043246959641427E-031  -1.1514614612973920E-029   6.0777172933044683E-032  -1.0914659396641397E-029   6.9374791696210783E-017   3.8656790581573305E-030   2.6286266350946641E-030  -9.1229857016554994E-030  -2.8118061284909100E-030  -3.0769737686940912E-030  -5.6740058652772992E-031  -4.0868322103577263E-030  -2.0395212293095695E-030   1.7578533777892871E-030  -1.0384013409195740E-029  -1.2967665690845590E-031  -1.0059373792828076E-031   2.7430643173267445E-031  -1.7856793811521571E-030   2.2260436666621962E-031  -1.1240844707384846E-030   1.0938995949826380E-016  -1.1268241863188240E-016   3.3834640620728966E-016   1.2789889761320370E-016  -2.0976626646604149E-015  -9.0458002633974170E-031  -6.6397833541923188E-031  -2.5766583209317557E-030   2.8956235808642081E-030   2.8931393143922388E-030   2.4212816546417027E-030   3.7332460812021219E-030  -9.9613663090405986E-030  -1.2573335156415692E-031  -1.5542579526835673E-029  -5.6796769116780282E-017   9.0611508512697001E-017  -9.3338766939172113E-017   2.8026409742635613E-016   1.3478804139211716E-029   2.5090470216128963E-031  -9.0633131938138303E-033   1.2184709149162768E-029   1.2324417978513216E-031   1.3971372949568372E-029
   5.8350885463294382E-018   6.5153542948185179E-020  -3.0440440890910439E-016  -4.4766869613793812E-018   9.2145058873779899E-017   1.0288750548866105E-018  -4.8070156875453100E-015   1.6221811881972021E-029  -3.6306950666765394E-030  -1.0489221916178495E-030   2.6609611928382120E-029  -6.7516002390878255E-030   2.1733133137352860E-029  -8.4544031750888344E-017  -9.6307542640084450E-030  -9.1229857016554994E-030   1.1927814844560024E-028   4.5214165068252542E-030   4.6305652004691304E-030  -3.9805812178789120E-030   9.7566976716683791E-031   1.1637348364268108E-028  -8.1843857195722195E-031   2.1576679579606052E-028   1.1244050626523731E-029   2.6826678415423499E-030   7.5534098837702889E-031   1.2562013904277009E-029   4.4821015919180489E-030   8.9018620462445999E-030   1.4033931590457837E-016   1.5670034087693771E-018  -7.3212096381306416E-015  -1.6228685685404548E-016   3.5586815631216877E-015  -2.9538967366159405E-030   5.0803319411498354E-030   1.1688133274681887E-028  -5.8707940027218737E-030  -4.3679335241627647E-030  -5.2524489988384208E-030  -1.3145438239868117E-030   1.3105446512648380E-028  -1.9539354107940680E-032   3.3400878436867920E-028   1.1277809785271717E-016   1.1624793697774175E-016   1.2980034307015034E-018  -6.0644126068911865E-015  -2.3103436738149412E-029  -1.2471198965669625E-030  -3.0252208703134019E-031  -1.9772603794518169E-029  -1.6923341430990687E-030  -2.1972214980570636E-029
   2.3443425450983633E-017  -7.1075989504937885E-018   1.9791669905197675E-018  -5.8536242754404093E-018   3.7020788994642914E-016  -1.1223996320628658E-016   3.1254103072284490E-017   1.5499079519354360E-029   9.5940951471002335E-031   1.7239732427587751E-031   1.3218323189153706E-029  -2.2930149585959439E-031   1.1902346457523169E-029  -2.0858704688888843E-016   1.0603747764525623E-030  -2.8118061284909100E-030   4.5214165068252542E-030   4.6813578314096592E-030   4.0289012189216659E-030   3.6762217204804775E-031   6.6019204526379119E-030  -5.3624392424099538E-030  -1.4950306005400175E-030  -9.8619325767438454E-031  -6.6576565064041383E-030  -5.2075533691270093E-032  -3.0866343073114959E-031  -5.1045191549260920E-030  -5.5962100251479960E-032  -5.2763322024954188E-030   5.6383622358664022E-016  -1.7094437668224711E-016   4.7600810048702000E-017  -3.6127722704611644E-016   2.6746220430311358E-015   8.6974728357674816E-030   8.4524928462342920E-031  -4.6040113902137784E-030   7.8527018385621499E-031  -3.7593132933683908E-030   1.4910858530800132E-030  -3.6015245559812271E-030   4.8791576176995306E-030   3.8099656936782094E-031  -1.7718338487748848E-030   1.2906365090156495E-017   4.6704515668184529E-016  -1.4159917339749487E-016   3.9429406727283968E-017  -1.6994711885282869E-029  -2.4877982571324333E-031  -3.1409413647974437E-032  -1.5458492722888616E-029  -1.6303962112733053E-031  -1.7636454266036039E-029
   4.4245419677209330E-019   2.7923292019775498E-018   1.5956091019645728E-018  -5.6508668188535842E-018   6.9870350187006270E-018   4.4095190101877042E-017   2.5197131709806481E-017   1.6166785362756461E-029   8.8239660857651462E-031   4.6054701882650305E-031   1.3439632411893239E-029   2.2436122983710729E-031   1.2393962132001264E-029  -1.9318528990799303E-016  -3.4516248952470048E-030  -3.0769737686940912E-030   4.6305652004691304E-030   4.0289012189216659E-030   4.1418501485956181E-030   9.0890867047766047E-031   6.1420485504724685E-030  -5.4354748784901155E-030  -2.2491544524634847E-030  -5.7515784039159766E-031  -5.8823031497625417E-030  -1.1507180433016571E-031  -3.9600235852442753E-031  -4.0157525186646641E-030  -4.5374036062735643E-031  -4.4297220687189347E-030   1.0641435652769052E-017   6.7158118831489784E-017   3.8375885480273540E-017  -3.3633011183473488E-016   2.7470026439118399E-015   3.2737708137731990E-030   6.7313873333354438E-031  -4.6514103194589114E-030  -2.6906471224640734E-030  -3.8638906810018924E-030  -2.0022285651742000E-030  -4.8782664482455338E-030   5.0030700489051057E-030   2.5071303099876845E-031  -1.5563184063654829E-030   2.3682000581753737E-017   8.8146713067710194E-018   5.5629405880647571E-017   3.1788080824112488E-017  -1.7401670456846499E-029  -2.5755005293991981E-031   7.6226036860965734E-033  -1.5847764671717667E-029  -9.6739904964605717E-032  -1.8118216663616088E-029
  -1.9594846015820768E-017  -2.3399414799886591E-018   1.3649088238457977E-017   4.8557197279515768E-019  -3.0943287756773545E-016  -3.6951289380274414E-017   2.1554018063693901E-016   5.9526173430211138E-030   3.2556221432053410E-031   4.2319064464222156E-031   4.0456529100815000E-030   8.0331057812669874E-031   4.6052775468448968E-030   6.0801233464853021E-017  -4.1877094745366687E-030  -5.6740058652772992E-031  -3.9805812178789120E-030   3.6762217204804775E-031   9.0890867047766047E-031   9.3865269238814058E-031   1.9069591745166955E-030  -6.6486413245310681E-030  -5.9147249044790540E-031  -9.5216567563882894E-030   3.7440315840783997E-030  -1.7549539768147238E-031  -2.3940139227563555E-031   4.8338111806824854E-030  -7.2286718306282819E-031   4.4884726307730049E-030  -4.7127430257249630E-016  -5.6277772642417194E-017   3.2827328855450243E-016   9.6110826578310926E-017   6.5602562132373348E-016  -3.4460205427522280E-030   1.0423395383275374E-031  -6.5377797946367320E-030  -3.2934068345407420E-030  -9.0343267434273737E-031  -3.2123591226306564E-030  -8.7070423168859186E-031  -4.4665068190736324E-030   2.9560661657815718E-031  -1.5163360315654707E-029   5.8631640691892105E-017  -3.9037289779817793E-016  -4.6616836666297575E-017   2.7192018368755047E-016  -4.3427527745188491E-030  -2.3136008562664073E-032   6.2857940987321502E-032  -3.9721671449049541E-030   1.2694837359804873E-031  -4.6995622439141563E-030
  -2.8494692261488076E-018  -5.5791126724615770E-017   1.8792770809404510E-017  -8.8079745528746862E-018  -4.4997519320945292E-017  -8.8102804539547194E-016   2.9676687146870179E-016   2.5409220210861882E-029   2.1974705262125598E-030   8.7183745446288466E-031   2.0541419206114053E-029   9.4547684206706500E-031   1.8881084634903960E-029  -3.0602917192781268E-016  -4.9738467692836589E-030  -4.0868322103577263E-030   9.7566976716683791E-031   6.6019204526379119E-030   6.1420485504724685E-030   1.9069591745166955E-030   1.3821082709742492E-029  -1.4917990672862785E-029  -5.7360642348492225E-031  -1.2974436487161386E-029  -9.9540799153051711E-030  -6.5544247277261320E-031  -6.6654707581611332E-031  -6.8552537508124076E-030  -1.0214796123380038E-030  -7.2560318454986975E-030  -6.8532389648315087E-017  -1.3418285765374331E-015   4.5198364659052555E-016  -5.3170537739384009E-016   4.1825961427303617E-015   5.2098735225646175E-030   2.3564362143764508E-030  -1.3931268219779727E-029  -4.1214047755276066E-030  -5.8657749911981544E-030  -3.1671564391564044E-030  -3.9193345720897202E-031   6.0514735493423178E-031   2.2045990953484992E-030  -2.0806586596418310E-029   3.0170744087051275E-017  -5.6767762201354843E-017  -1.1114832846009327E-015   3.7439377643502059E-016  -2.6426681198547919E-029  -2.8216451431518586E-031   2.9878525637838078E-032  -2.4101493487859746E-029  -3.9814948147077250E-032  -2.7607162506403730E-029
   4.4379805098671747E-018   4.4239782869054632E-019  -3.3110467654879225E-016   6.3214301272907760E-018   7.0082565519890784E-017   6.9861448791887439E-018  -5.2286541449697246E-015  -2.7097206378440321E-029  -5.9796607386761522E-030  -2.2978534009067595E-030  -8.3215942088381449E-030  -7.8864829108393370E-030  -1.1748435632744734E-029   2.0982047329269397E-016  -1.7891368863727181E-030  -2.0395212293095695E-030   1.1637348364268108E-028  -5.3624392424099538E-030  -5.4354748784901155E-030  -6.6486413245310681E-030  -1.4917990672862785E-029   1.3875033930640688E-028   4.3794619196474634E-030   2.3336691615995657E-028   1.6798500274093762E-029   3.0366743859611750E-030   1.8717228513598807E-030   1.2753787480105628E-029   6.0864932602085251E-030   1.0273509547800065E-029   1.0673756598681340E-016   1.0640079947233038E-017  -7.9633759506517801E-015   3.6667771566065350E-016  -3.1999079798299570E-015  -1.1779306484754548E-029   3.5530898910709677E-030   1.3743690985051897E-028   3.0624973257481267E-031   5.0997517160978950E-030  -6.8683917854832663E-031   9.9570814953414252E-030   1.2814061674555373E-028  -8.7270662235999285E-031   3.6281634510179718E-028  -3.5124338016704651E-017   8.8414438705319823E-017   8.8135483287021859E-018  -6.5963413008997842E-015   2.0185661201085327E-029  -6.6474870821303425E-031  -3.7265896616761430E-031   1.9644590721277578E-029  -1.6090273794368898E-030   2.3331209531282464E-029
   7.8858527316442068E-018  -4.0949287973837287E-017  -4.7628265879215800E-018   3.6089176369754719E-018   1.2452979221468044E-016  -6.4665249228621131E-016  -7.5212386730021770E-017  -7.0868831415197137E-030  -1.8214994564605763E-031  -3.2463313736532252E-031  -5.5373545420945469E-030  -2.5264441246114434E-031  -5.0898005909998550E-030   1.4209399484525734E-016   3.5884942766649561E-030   1.7578533777892871E-030  -8.1843857195722195E-031  -1.4950306005400175E-030  -2.2491544524634847E-030  -5.9147249044790540E-031  -5.7360642348492225E-031   4.3794619196474634E-030   3.2207841784025086E-030   2.7112819785937087E-030   5.6648584932316143E-030  -2.2464172155736033E-032   2.3688956849358652E-031   4.9034107385267026E-030   3.9363365111771652E-031   5.0916610194436983E-030   1.8966210519314781E-016  -9.8486852691425208E-016  -1.1455041681294138E-016   2.4325629508522021E-016  -1.3766300726716994E-015   5.4673772113256208E-031   7.1048666426503603E-031   3.8079005771484940E-030   2.7312717287077776E-030   1.9983591609004004E-030   2.3091180104535729E-030   7.3366178349414911E-030  -1.0584664977347848E-030   9.8323273933057979E-031   4.9369764667315312E-030   1.0564194873228261E-017   1.5710371900738971E-016  -8.1580085886940446E-016  -9.4886094809657096E-017   8.5707592163399777E-030   1.4683545026578089E-031  -1.5652533055360126E-032   7.8763918377276026E-030   2.2198374816077388E-032   8.9653142157305404E-030
  -1.4096843792875187E-018   7.4437521709085170E-018  -5.8184455031809748E-016  -8.7383133379437237E-019  -2.2261093228156707E-017   1.1754834165420060E-016  -9.1882239521931620E-015  -1.2288847088142826E-029  -8.6577994344835661E-030  -2.9296052338454100E-030   1.4743226835727595E-029  -1.3235799479333924E-029   6.5572469157044808E-030  -3.3765572558115525E-017  -1.2624284376331481E-029  -1.0384013409195740E-029   2.1576679579606052E-028  -9.8619325767438454E-031  -5.7515784039159766E-031  -9.5216567563882894E-030  -1.2974436487161386E-029   2.3336691615995657E-028   2.7112819785937087E-030   4.1131255001892686E-028   1.7707374331590360E-029   5.0766263542552630E-030   2.4071084584892322E-030   1.4794848569144629E-029   9.5879041344957623E-030   9.3918964135501464E-030  -3.3904222680109472E-017   1.7902917481525052E-016  -1.3993903521136655E-014  -5.7927056460339652E-017   3.4623770446830178E-016  -1.6073783062917013E-029   7.7628149062130038E-030   2.3274109543475804E-028  -6.8232307584875400E-030   5.7680208443886618E-031  -7.1005879554068263E-030   6.8987004510718734E-030   2.3735625629808621E-028  -9.4313241249672195E-031   6.3787048424165109E-028  -1.6797745215160976E-018  -2.8084046982824581E-017   1.4829609291562153E-016  -1.1591637055603970E-014  -2.3421034133484943E-030  -1.7355938159056865E-030  -6.2358494215874220E-031   9.4530684122728460E-032  -3.0217118701507518E-030   1.6237258310501831E-030
   5.1374231852126580E-018  -2.6174192891377752E-018  -2.6851625803790555E-017   2.3166060590401211E-016   8.1127845465158777E-017  -4.1333092476468731E-017  -4.2402863656731669E-016   2.4462342717562344E-028  -1.7232102301877316E-029   1.6355095758475994E-031   1.9497947756061084E-028   3.4352471573748338E-030   2.5797249477331775E-028   1.3673068018465465E-014   1.9904213523243995E-031  -1.2967665690845590E-031   1.1244050626523731E-029  -6.6576565064041383E-030  -5.8823031497625417E-030   3.7440315840783997E-030  -9.9540799153051711E-030   1.6798500274093762E-029   5.6648584932316143E-030   1.7707374331590360E-029   7.3475717904807680E-028   1.2624232323824699E-029  -4.0866272840273019E-030   7.8544750256092717E-028  -8.8001729082249369E-030   7.5525838984937764E-028   1.2355981397750484E-016  -6.2951372469333123E-017  -6.4580661738295814E-016   2.2536328345361795E-014   3.4994120448315197E-015   4.2864587103958835E-030   8.5641911203919955E-031   9.3082790363698051E-030   5.8344600135997763E-030   8.6287976903861092E-031   1.3845408882463718E-031   8.7951031882386004E-030   1.0663065592315194E-029  -5.9382067677408849E-032   3.2580506436646231E-029   6.9256635032008757E-015   1.0234889186725027E-016  -5.2144811539865650E-017  -5.3494408515132632E-016  -5.9301644934955233E-029  -2.1103945023310608E-030   2.1047815979216046E-030  -4.7037894430948266E-029   2.4910136805138076E-030  -6.7405097521332381E-029
   4.7336447103997396E-018   4.2057084792082431E-018  -7.1745150298830713E-018   3.9247376048553397E-018   7.4751559820352000E-017   6.6414631474094646E-017  -1.1329667143379455E-016   3.8293367518310696E-030  -4.4239841184981373E-031  -9.4781360962821355E-032   3.3822759271041973E-030  -2.0442713377299914E-031   4.3396449288322988E-030   2.3096630756002665E-016   7.1235283530087089E-031  -1.0059373792828076E-031   2.6826678415423499E-030  -5.2075533691270093E-032  -1.1507180433016571E-031  -1.7549539768147238E-031  -6.5544247277261320E-031   3.0366743859611750E-030  -2.2464172155736033E-032   5.0766263542552630E-030   1.2624232323824699E-029   3.1996307058292214E-031  -2.5034847552115195E-032   1.3374339103958663E-029   4.3229876372468974E-032   1.2835558957905752E-029   1.1384856547065192E-016   1.0115120724918572E-016  -1.7255377073520446E-016   3.8077179469818571E-016   4.5572761386904144E-017   9.1918039409768495E-031  -1.9443258239697392E-032   2.9187064400242501E-030   6.9545100633592529E-031   4.2523194901918128E-032   6.0788933334336845E-031  -2.5206024022685266E-031   2.9546407950327077E-030  -1.6867696727741830E-031   8.0070695243219494E-030   1.1640030496867687E-016   9.4304726929402497E-017   8.3787063445014332E-017  -1.4293229047329595E-016  -9.3860272259660230E-031  -6.0348384003642916E-032   2.1158909901209904E-032  -7.0953772257569402E-031  -7.4024363278814803E-033  -1.0175635043769347E-030
   2.5421776690070734E-018  -1.8217999086587168E-019  -3.4807353284292842E-018  -9.3569090488040826E-019   4.0144911104389140E-017  -2.8769033838561926E-018  -5.4966185896959254E-017  -3.3712342599405141E-030  -3.4783263490231778E-032  -9.9431442001467397E-032  -2.5623363251938612E-030  -1.8016647845724256E-031  -2.9343994932226895E-030  -6.9782383678016121E-017   7.7672967498982388E-031   2.7430643173267445E-031   7.5534098837702889E-031  -3.0866343073114959E-031  -3.9600235852442753E-031  -2.3940139227563555E-031  -6.6654707581611332E-031   1.8717228513598807E-030   2.3688956849358652E-031   2.4071084584892322E-030  -4.0866272840273019E-030  -2.5034847552115195E-032   9.0754687630283997E-032  -4.6576474778709530E-030   2.0628754784654677E-031  -4.4291439846446885E-030   6.1141741405337215E-017  -4.3815985116132503E-018  -8.3714927538668762E-017  -1.1315892602234144E-016  -3.0790666511614273E-016   1.5015830341986819E-031  -3.7212298075963331E-032   1.8377052325283489E-030   5.8580216244455454E-031   4.0183512095380605E-031   5.5455535260249149E-031   4.8562221141580340E-031   8.5697111682826566E-031  -5.0616090249179721E-032   3.8084305566795324E-030  -4.7951560521549586E-017   5.0645831182693518E-017  -3.6294304582919608E-018  -6.9343986450866425E-017   2.1809526764985632E-030   2.8999612760688278E-032  -2.2429454980196468E-032   1.9565500016989344E-030  -3.2311800062091800E-032   2.3378059393778027E-030
