   3.3830330956274184E-003  -1.0202028299082798E-017  -3.4260965115740402E-017  -5.6619859435251060E-017   1.0509708692561283E-017  -5.6067108464977185E-018   1.5758756385074236E-019   4.7716266975976099E-018   5.2963945278260016E-018  -2.0906614300546907E-017   2.4029818853045934E-002   3.6983419371214817E-017  -8.6963249214781937E-017  -2.7196894606806329E-016   5.0993684011050399E-017  -1.1554846645606431E-017   7.3700288441817009E-018  -1.4296293034121006E-017   1.5267841049099039E-019   3.2854703251894427E-018  -8.3785618891792249E-018   9.7073159643412359E-019  -6.3341238811694475E-018   8.8610504733647818E-018   4.9589754401710648E-018   6.1920225409478780E-018   2.6339613214859136E-019   9.7842268535345714E-018  -2.6479755036618096E-018   5.9681864488142764E-018   3.1507713794899021E-002   1.6184452210759325E-017  -1.3297407890963712E-016  -5.6276209234145347E-016   4.0351672116480159E-016   7.4257550941321040E-016   4.2664127999333409E-018   3.1236575456979952E-018   3.3698494418728789E-016  -1.3852069042542462E-019   3.2916480895989467E-016  -1.7774888907052968E-018   1.9407201690575854E-018  -1.0352392530227869E-018   9.3224511615548372E-018  -1.2656755330461848E-016   1.0860376769564732E-017   1.1652101338714753E-018  -2.1920769451585017E-019   1.2511848751418107E-017  -1.6989947705839863E-018   1.2094635410369612E-017   2.4745023271902020E-002   2.7433280538180391E-017  -8.7009341924329497E-017
  -1.0202028299082798E-017   3.3830330956286948E-003  -7.3253641532808328E-017  -2.3976796454978577E-017   9.6460190068245737E-018  -1.1647951901289948E-017   7.8975670244979038E-018  -1.5362796800420571E-018  -1.5210198648301078E-017  -2.0984801508626787E-017  -7.8328481506936937E-017   2.4029818853049029E-002  -1.1488298150217402E-016  -8.5272101750671473E-017  -1.3246822581500188E-017   2.6288048140733723E-016  -5.3942111327415269E-018  -1.2393549484299168E-017   6.1065045349101740E-019  -4.2022941125953883E-018   7.6453055018396120E-016  -7.0653552817249643E-018   3.1011661898880340E-016  -2.5360245239345893E-017  -4.3344161430095350E-017   6.2958078799602579E-018  -3.2518380482385518E-018  -4.0411480298365639E-017   2.1507828189355790E-018  -2.2017170284500824E-017  -6.5285937580080526E-017   3.1507713794904441E-002  -2.6228392110067319E-016  -3.3535383742317320E-016  -1.3193776734098948E-015  -1.6470693975809404E-017   4.3098069532488726E-016   4.6982785120677564E-018  -5.6132356273346239E-018  -4.5834836117942154E-019  -1.1912817895353676E-017   1.0183712984862412E-015   5.3322027769208820E-018   4.5659611314523475E-016   1.1780230615824779E-017  -1.8449640896574798E-016   5.4739539712737145E-018   1.4822632795780676E-019   7.9812153988239958E-019   6.9186931615560929E-018   1.1472714556338652E-018   1.7408739651512160E-018  -8.8410125252531810E-017   2.4745023271906884E-002  -1.8153718993541135E-016
  -3.4260965115740402E-017  -7.3253641532808328E-017   3.3830330956286150E-003  -1.2435234122102614E-016   7.5035832789752746E-017   9.7272995851113233E-018  -1.4582707900279978E-018   8.0603244118766947E-017  -9.7501923804162061E-018   4.7977621332780773E-017  -1.3133316433257568E-016  -3.2634863717186262E-016   2.4029818853048921E-002   1.1446192335076503E-016  -4.9371167088250249E-018   1.7347555124052622E-021   3.2782579645656146E-016   7.1829546393981169E-018  -3.0873626511362562E-018  -7.2456037411803258E-018  -3.6729844732793026E-017   3.1730944762909045E-016   9.2538825498699589E-018   8.0369318987726248E-016   1.6409232533543953E-016  -4.3446099356727794E-018   4.1575445200063302E-018   1.5529620810225736E-016   5.7993916180195368E-018   1.7948579555802911E-016  -2.0893048790523211E-016  -4.3478519322722236E-016   3.1507713794903587E-002   6.5751524200147575E-016  -2.4285909421191349E-015  -1.2557344300820754E-018  -8.9533239284190917E-018   5.2443962063541668E-016  -5.2645399629867847E-018   2.0214481242279167E-018   1.2280582401453264E-018  -6.0508581371143371E-018   5.5937803056981404E-016  -1.1465804580041109E-017   1.2139281520608399E-015   2.4448770287082515E-016   5.0050278674209979E-017   7.2181075754640051E-019   1.8210497166561754E-019   5.0343334832239705E-017  -1.8361474883002461E-018   4.5326785540602454E-017  -1.6085692122559883E-016  -3.7737008588219621E-016   2.4745023271906641E-002
  -5.6619859435251060E-017  -2.3976796454978577E-017  -1.2435234122102614E-016   5.6246621442548682E-005  -1.0617220858702596E-016   1.7109799224609038E-018  -1.2197640801915306E-018  -1.1325784011918868E-016   2.9892062901544016E-018  -1.0707618184000039E-016  -3.6247701007348246E-016  -1.5815135255469887E-016  -9.5515785389639948E-016   3.6999410074674073E-003  -4.1896800174576127E-018   4.7695203150667784E-019   5.7734328747404418E-019  -5.3994680678244771E-018  -7.9215158874948988E-019  -6.6382835091013647E-018   1.4929150483582081E-018   1.3251110748124340E-018   1.7514950926048801E-018   2.6552071978991107E-019  -9.1170624560791235E-017  -1.1844080591930666E-018   4.5542113217268041E-019  -1.2926250592900138E-016  -2.0729897905142868E-018  -1.4264840856656896E-016  -4.6002391330385085E-016  -2.1267931383539800E-016  -1.2461838297068873E-015   6.2658299554387469E-003  -1.5050051528685128E-003  -8.7356723059947835E-018   2.1413154715795780E-018   3.1670161179923999E-020  -2.0226478567545792E-019   1.1908576309676691E-020   1.7619251565912343E-019   3.7776041220563612E-018  -5.9152924582415417E-019   2.2262501995778104E-018   4.9837208714178796E-019   1.7216228186970740E-003   4.5292825276512358E-017  -3.8163608360301874E-020  -7.8762347756930623E-020   4.0369911024105212E-017   5.5687606429064235E-019   4.7471672833620893E-017  -3.8727573417274946E-016  -1.5918719420306736E-016  -9.7786659763650772E-016
   1.0509708692561283E-017   9.6460190068245737E-018   7.5035832789752746E-017  -1.0617220858702596E-016   2.9561946070880889E-028  -3.3336260287792504E-030  -2.2765671720633547E-030   3.0997907223573085E-028  -9.3320886500169403E-030   2.9081463233357871E-028   7.4650879533690173E-017   6.8516057287834846E-017   5.3298250961697024E-016  -7.7448006152712623E-015   3.5786469624452597E-029   2.4219011755356378E-030   9.2905048535556730E-030   3.0693998594591095E-030  -9.5517368819292741E-030   3.5395308348731029E-030  -4.1027062189224013E-030   6.7155923966281791E-030  -6.9716338142213571E-031   2.4917421072339511E-029   4.0095096718342928E-028   3.8704407921462682E-030   3.8538450943068304E-030   4.8005735181684633E-028   5.7075402530258963E-030   5.2133489960859288E-028   9.7881659502779970E-017   8.9837727724151374E-017   6.9884257028311248E-016  -1.3029169362200206E-014  -1.0371893412475721E-014  -2.3924108539100948E-030  -3.0685235834361447E-030   1.2363518718912456E-029   1.5408762392949030E-029   3.3784884025627668E-030   1.4331282017249896E-029  -6.1507040908134442E-030   1.2964376986255632E-029   8.7734893963269961E-031   2.7515169967528570E-029  -4.1637488988622725E-015  -2.6788332042286816E-029   3.6032614736882125E-030  -2.7545915153599036E-030  -1.8983883894574770E-029  -2.2425295695052570E-031  -3.8491397201219098E-029   7.6872728946761367E-017   7.0555314730212282E-017   5.4884577718396793E-016
  -5.6067108464977185E-018  -1.1647951901289948E-017   9.7272995851113233E-018   1.7109799224609038E-018  -3.3336260287792504E-030   1.3018677370752953E-031  -5.5597292504377826E-032  -3.4877683019752212E-030   1.1640608430214782E-031  -3.2649139887969072E-030  -3.9824690505357194E-017  -8.2735866391223279E-017   6.9093396473592070E-017   1.1473900193440946E-016  -2.6075414582145167E-031  -8.7895530892547386E-031   9.5759695042465357E-031  -5.6499195158846851E-032  -3.7234754319150729E-033  -1.8833017687344179E-031  -2.6710754934163571E-030   9.6907136914624294E-031  -9.8179264702251978E-031   2.3695995930695874E-030  -2.8090561039005499E-030  -8.5335342979271163E-032   2.3241768140648698E-032  -4.0323962984527040E-030  -5.4201406583750406E-032  -4.4714613767234459E-030  -5.2217828111266786E-017  -1.0848263213175881E-016   9.0594730427255517E-017   1.9406059077921364E-016  -7.7508568003038989E-018  -1.3825337688136217E-030  -1.4513636104146368E-030   1.4853305397372844E-030  -6.0107047402260319E-031  -1.6826957330491673E-033  -5.3490171811296655E-031  -3.4007088776918358E-030   1.5704918048009568E-030  -1.5472292962091547E-030   3.4453544108982136E-030   5.5001177866757284E-017   1.3191985044202974E-030  -1.1633119085485810E-032   4.1157120336455661E-033   1.1669071267316188E-030   8.0227676054478226E-033   1.4042292795443876E-030  -4.1010000923351015E-017  -8.5198350923582877E-017   7.1149837380367296E-017
   1.5758756385074236E-019   7.8975670244979038E-018  -1.4582707900279978E-018  -1.2197640801915306E-018  -2.2765671720633547E-030  -5.5597292504377826E-032   2.6890331152410220E-031  -2.1962054813599440E-030   7.2589330117480561E-032  -2.0383620417290965E-030   1.1193507440772939E-018   5.6096733201849447E-017  -1.0358155516809058E-017  -4.3050726572805750E-017  -1.2977721600352671E-030   4.7529113602077261E-031  -3.1769539878908741E-031   4.3646768741146093E-031   5.5671262301009783E-031   5.6898804806772050E-031   1.8960969309327397E-030  -2.8931361141778313E-031   6.0644925542328213E-031  -7.8432364369088360E-031  -9.2090462718015527E-030  -4.0259325810039450E-032  -2.4556257104095040E-031  -8.7326420397668810E-030  -3.4183404138968947E-032  -9.1644253779994996E-030   1.4676840926693132E-018   7.3553605433388779E-017  -1.3581533904297506E-017  -7.7139832234270479E-017   6.7851533680114751E-016   1.2182405516968554E-030   9.6715476553860599E-031  -2.5318239100146813E-031  -6.8062772915966975E-031  -1.6634822681849918E-031  -6.8398097835921478E-031   2.3851604363368821E-030  -1.8738117896060517E-031   8.2526565666685559E-031  -5.7792008029225498E-031   7.3428558748619002E-018  -3.8036107716278187E-030  -1.7071923771315941E-031   1.4567775859877124E-031  -3.6200147646303280E-030  -5.1196767540583702E-032  -3.4919045620629222E-030   1.1526662094707419E-018   5.7766351758476546E-017  -1.0666447420388659E-017
   4.7716266975976099E-018  -1.5362796800420571E-018   8.0603244118766947E-017  -1.1325784011918868E-016   3.0997907223573085E-028  -3.4877683019752212E-030  -2.1962054813599440E-030   3.2529602353411847E-028  -9.7169861386425935E-030   3.0534233237764368E-028   3.3893054527149241E-017  -1.0912255770439957E-017   5.7252805408400895E-016  -8.2183104892125101E-015   3.6534955944007002E-029   1.5379086165522328E-030   9.7928233390637843E-030   3.7564524420423819E-030  -9.5662972475556471E-030   4.2861555730863498E-030  -6.8896598681014707E-030   7.1139595658593337E-030  -1.9018984027587158E-030   2.6349812392409147E-029   4.1503651586789705E-028   3.9976881158613263E-030   3.8587283562361694E-030   4.9898100799656781E-028   5.9918622146327728E-030   5.4208069004148583E-028   4.4440312605322483E-017  -1.4308065898201722E-017   7.5069438425436096E-016  -1.3830211872862023E-014  -1.0311042301330533E-014  -2.7048019140676847E-030  -4.7854940661604035E-030   1.3209248501648100E-029   1.5010071861950241E-029   3.4147828539561886E-030   1.3925157719902054E-029  -1.0017041531430566E-029   1.3932882559291728E-029  -8.9013167571566425E-031   2.9409689603232358E-029  -4.3895347409388755E-015  -3.1887486295019549E-029   3.6410023874044985E-030  -2.7749794639293663E-030  -2.3484624931075931E-029  -2.8986366833228719E-031  -4.3935427433962490E-029   3.4901820449002090E-017  -1.1237039473320879E-017   5.8956832378830584E-016
   5.2963945278260016E-018  -1.5210198648301078E-017  -9.7501923804162061E-018   2.9892062901544016E-018  -9.3320886500169403E-030   1.1640608430214782E-031   7.2589330117480561E-032  -9.7169861386425935E-030   3.9069873850854464E-031  -9.0025084152923249E-030   3.7620501331314677E-017  -1.0803864694963388E-016  -6.9256004910659710E-017   2.2467765722159749E-016  -1.0964084588668208E-030  -1.2708331320763956E-030  -9.9269599410470054E-031  -8.7859730802372327E-033   3.6912264160396119E-031   1.7614016988502703E-032  -3.1685320082043885E-030  -8.9176845885212946E-031  -1.3945417322918498E-030  -2.4558804466486858E-030  -1.3422587709651737E-029  -1.3148497607084610E-031  -1.4343226291438265E-031  -1.5699148359792077E-029  -2.0219224282893893E-031  -1.7137898616016942E-029   4.9327712206924847E-017  -1.4165944353117272E-016  -9.0807941360185433E-017   3.7729738334030915E-016   4.0713486462190216E-016   1.5543935392584862E-030  -1.7888337774772286E-030  -1.5543481079362056E-030   3.6934621532293929E-032  -1.2714443909449222E-031   7.1553047496463245E-032  -4.2974363041922792E-030  -1.6431473208884236E-030  -2.0518994496439626E-030  -3.5646635613458365E-030   1.2519091763279007E-016   1.3358656079368041E-031  -1.3239774757555312E-031   9.8600743704930705E-032  -7.7350423601895517E-032  -4.9927042326702721E-033   5.5742747693532516E-031   3.8740208015591372E-017  -1.1125422332073918E-016  -7.1317285565643235E-017
  -2.0906614300546907E-017  -2.0984801508626787E-017   4.7977621332780773E-017  -1.0707618184000039E-016   2.9081463233357871E-028  -3.2649139887969072E-030  -2.0383620417290965E-030   3.0534233237764368E-028  -9.0025084152923249E-030   2.8716057661179991E-028  -1.4850051426405811E-016  -1.4905588111785811E-016   3.4078695568086675E-016  -7.7576679566576027E-015   3.3832749361428758E-029  -1.8439818632971191E-032   6.4496221055098161E-030   3.7848681183022126E-030  -8.8486518253899834E-030   4.2524858296453049E-030  -1.0516649274045111E-029   4.0768270984721036E-030  -3.6426586920065540E-030   1.8164557571431170E-029   3.8764833312875502E-028   3.7059623104166745E-030   3.5566826048836706E-030   4.6691415305216181E-028   5.5974185735233314E-030   5.0713693272897927E-028  -1.9471273297726276E-016  -1.9544092572767590E-016   4.4683723711334385E-016  -1.3056265179199086E-014  -9.5383799538351303E-015  -7.6954137339729835E-030  -6.9688620559170811E-030   8.0498352018902289E-030   1.1511095121320658E-029   3.1618849123707478E-030   1.0533735757151053E-029  -1.5257825860112356E-029   8.4691146218700369E-030  -3.4384207167456761E-030   1.7514731030236917E-029  -4.1354338275366039E-015  -3.1591982562325772E-029   3.3708681428978764E-030  -2.5817933190345926E-030  -2.3647058356540155E-029  -2.6639593276641013E-031  -4.2811855320913446E-029  -1.5292036547694970E-016  -1.5349226182817878E-016   3.5092986762219134E-016
   2.4029818853045934E-002  -7.8328481506936937E-017  -1.3133316433257568E-016  -3.6247701007348246E-016   7.4650879533690173E-017  -3.9824690505357194E-017   1.1193507440772939E-018   3.3893054527149241E-017   3.7620501331314677E-017  -1.4850051426405811E-016  0.17068476062398996        2.2104836503297030E-016   1.7800679730866733E-016   9.5671733515210834E-016   3.6221016903995247E-016  -8.2074536050956495E-017   5.2349608490779166E-017  -1.0154713896355801E-016   1.0844808321924982E-018   2.3336826607873460E-017  -5.9513258887783121E-017   6.8951452019271426E-018  -4.4991534269641555E-017   6.2940394522875350E-017   3.5223800109303226E-017   4.3982182788949042E-017   1.8709132199446055E-018   6.9497753128945123E-017  -1.8808675493758893E-017   4.2392266109056942E-017  0.22380054630373736        6.0355077952382167E-017   9.8809216740360872E-017   8.6280822853411050E-016   6.6201613638500053E-015   5.2745434264214344E-015   3.0304500085212069E-017   2.2187463988793728E-017   2.3936174835211016E-015  -9.8391798254292946E-019   2.3380707514588393E-015  -1.2625574403085687E-017   1.3785012676123236E-017  -7.3533456565520683E-018   6.6217741992594787E-017   6.4917330133413335E-016   7.7141688854838491E-017   8.2765340010567526E-018  -1.5570409870404712E-018   8.8872160134028745E-017  -1.2068027540781056E-017   8.5908677151434306E-017  0.17576488610376223        1.5197631924563441E-016   2.0136231910761109E-016
   3.6983419371214817E-017   2.4029818853049029E-002  -3.2634863717186262E-016  -1.5815135255469887E-016   6.8516057287834846E-017  -8.2735866391223279E-017   5.6096733201849447E-017  -1.0912255770439957E-017  -1.0803864694963388E-016  -1.4905588111785811E-016   2.2104836503297030E-016  0.17068476062396956        5.6179287174820035E-016   8.2805515811535319E-016  -9.4092708529311697E-017   1.8672505321875066E-015  -3.8315296572862701E-017  -8.8031875726786777E-017   4.3374744985237111E-018  -2.9849062494647767E-017   5.4304909556695822E-015  -5.0185500038886348E-017   2.2027706992432181E-015  -1.8013483224792258E-016  -3.0787530540241899E-016   4.4719374186590099E-017  -2.3097935204832875E-017  -2.8704435449028387E-016   1.5277096046753896E-017  -1.5638883766099737E-016   5.5561689821520379E-016  0.22380054630372026       -5.6437488668728759E-017  -2.6178608711759942E-017   1.3160382212650496E-015  -1.1699199547707040E-016   3.0612730484960126E-015   3.3372059443385371E-017  -3.9871036283571861E-017  -3.2556666693488706E-018  -8.4617220098910452E-017   7.2335319034829072E-015   3.7874848751200870E-017   3.2432203817525052E-015   8.3675447370413047E-017  -1.7657727256519211E-016   3.8881713131769631E-017   1.0528575125887576E-018   5.6690890937130002E-018   4.9143753156517142E-017   8.1491148548843137E-018   1.2365497128162866E-017   1.7257815196011503E-016  0.17576488610375313        1.2935357967617824E-016
  -8.6963249214781937E-017  -1.1488298150217402E-016   2.4029818853048921E-002  -9.5515785389639948E-016   5.3298250961697024E-016   6.9093396473592070E-017  -1.0358155516809058E-017   5.7252805408400895E-016  -6.9256004910659710E-017   3.4078695568086675E-016   1.7800679730866733E-016   5.6179287174820035E-016  0.17068476062397209       -2.7506634466205248E-015  -3.5068536669903727E-017   1.2322037540955606E-020   2.3285596923029427E-015   5.1020812961448442E-017  -2.1929659906749220E-017  -5.1465812027213223E-017  -2.6089355039706228E-016   2.2538616476263664E-015   6.5730696412106918E-017   5.7086647455901010E-015   1.1655543240414878E-015  -3.0859937455614676E-017   2.9531204355731365E-017   1.1030751529105458E-015   4.1193309701572939E-017   1.2748947562845874E-015  -2.7476054743062651E-017   6.8775424830605453E-016  0.22380054630371843       -1.4973140130300003E-015   4.8989275312000418E-015  -8.9195316833119475E-018  -6.3595816550069945E-017   3.7251155182355951E-015  -3.7394237088219948E-017   1.4358426557748115E-017   8.7229466036831901E-018  -4.2979486404619848E-017   3.9732844358917612E-015  -8.1442066711882506E-017   8.6225800251055849E-015   9.3564043510996571E-016   3.5550912334835289E-016   5.1270505666694644E-018   1.2934988685255465E-018   3.5759071291375037E-016  -1.3042228758670733E-017   3.2195796344369624E-016   1.3608996019391334E-018   2.8509947041921857E-016  0.17576488610375476     
  -2.7196894606806329E-016  -8.5272101750671473E-017   1.1446192335076503E-016   3.6999410074674073E-003  -7.7448006152712623E-015   1.1473900193440946E-016  -4.3050726572805750E-017  -8.2183104892125101E-015   2.2467765722159749E-016  -7.7576679566576027E-015   9.5671733515210834E-016   8.2805515811535319E-016  -2.7506634466205248E-015  0.24957506665404997       -5.0236863501816724E-016   1.0147218216628287E-017   1.2738467853804307E-017  -2.9657125674555402E-016   3.7248603070821132E-017  -3.6482778793213387E-016   1.1955680620392687E-016   6.9295838172838334E-017   1.0268928163598834E-016  -4.4684314817526821E-017  -7.8308609649877981E-015  -9.1695475592655413E-017  -7.7170585459076338E-018  -1.0396586847950267E-014  -1.4993607578039524E-016  -1.1402707556017231E-014   1.2290555838587964E-015   6.3936992064427354E-016  -3.7549453215724562E-015  0.42194923388365974        8.5198324418811529E-003  -4.0282059619519211E-016   1.4142727737802868E-016  -4.1672335133128508E-018  -1.2814977876138483E-016  -2.6541601185260411E-017  -9.9471864099226974E-017   2.6301058646801818E-016  -3.4187580238103852E-017   1.1360663388899475E-016   2.0834235288124164E-017  0.12068711692382462        2.5110923721489718E-015  -3.1082893712806368E-017   1.8490381010004100E-017   2.1994977611154623E-015   2.9554833701461462E-017   2.7152766543961593E-015  -1.6666127393081579E-017   1.0014997327459917E-015  -2.7034329975012287E-015
   5.0993684011050399E-017  -1.3246822581500188E-017  -4.9371167088250249E-018  -4.1896800174576127E-018   3.5786469624452597E-029  -2.6075414582145167E-031  -1.2977721600352671E-030   3.6534955944007002E-029  -1.0964084588668208E-030   3.3832749361428758E-029   3.6221016903995247E-016  -9.4092708529311697E-017  -3.5068536669903727E-017  -5.0236863501816724E-016   9.4468175121346967E-030  -4.6146127137166294E-031   5.3536592820918826E-031  -1.9222406793500940E-030  -3.2099105379877433E-030  -2.0607399560986954E-030  -3.9597025487107755E-030   1.3516745729374935E-031  -9.9493212829652072E-031   1.3169024682630374E-030   7.3964572837803715E-029   6.6819501530017503E-031   1.3568268347537282E-030   7.9074549038320514E-029   5.9483543017049440E-031   8.4507301439013396E-029   4.7492718981804136E-016  -1.2337363625829680E-016  -4.5981595756421237E-017  -8.2494085390840238E-016  -3.8265849963214917E-015   5.6160827292179947E-030  -1.7905855547600212E-030  -5.1005664680765330E-031   9.3312287590395843E-030   9.9684079725446327E-031   9.0617848811090033E-030  -4.8187440720101000E-030  -9.3694314938258434E-031  -7.4966534351914972E-031  -1.2765887679989123E-030  -4.0069465339154931E-016   1.3850309395333001E-029   1.0654426273350355E-030  -8.6796274187505088E-031   1.3787509025699615E-029   1.9033746277461311E-031   1.1498762010580061E-029   3.7299070446705345E-016  -9.6893209079645901E-017  -3.6112288707418253E-017
  -1.1554846645606431E-017   2.6288048140733723E-016   1.7347555124052622E-021   4.7695203150667784E-019   2.4219011755356378E-030  -8.7895530892547386E-031   4.7529113602077261E-031   1.5379086165522328E-030  -1.2708331320763956E-030  -1.8439818632971191E-032  -8.2074536050956495E-017   1.8672505321875066E-015   1.2322037540955606E-020   1.0147218216628287E-017  -4.6146127137166294E-031   2.0543572834681921E-029  -3.5272240281887382E-031  -1.1609721846028697E-030  -2.6619433997289675E-031  -6.4040727515662758E-031   5.9376316844920105E-029  -4.7965447785772374E-031   2.4177225917525427E-029  -1.7851194767072493E-030   2.1293735527902214E-030   5.0529108733300680E-031  -1.2053397771969711E-031   2.2235629769406583E-030   2.0513998195195980E-031   3.9830795176117872E-030  -1.0761550087235518E-016   2.4483245467363139E-015   1.6156560913960343E-020   1.9600962020445591E-017  -3.8144872065899537E-016  -4.4793927046022706E-030   3.3491222440806484E-029   3.7638394561709294E-031  -1.1950764367422326E-030   5.8656293440102068E-032  -1.6676376069775149E-030   7.9121433253395494E-029   3.8678679569440003E-031   3.5615064852832629E-029   9.2937005281002656E-031  -1.0904777375257088E-017   2.3781600181011976E-030   1.0519004485033552E-031  -1.9069983791945280E-032   2.4010748939825018E-030   1.2394006542257236E-031   1.8936537403009627E-030  -8.4517337272979749E-017   1.9228258921143564E-015   1.2688780863315296E-020
   7.3700288441817009E-018  -5.3942111327415269E-018   3.2782579645656146E-016   5.7734328747404418E-019   9.2905048535556730E-030   9.5759695042465357E-031  -3.1769539878908741E-031   9.7928233390637843E-030  -9.9269599410470054E-031   6.4496221055098161E-030   5.2349608490779166E-017  -3.8315296572862701E-017   2.3285596923029427E-015   1.2738467853804307E-017   5.3536592820918826E-031  -3.5272240281887382E-031   3.1900767472110035E-029   3.9028122237511862E-031  -6.7227154840057206E-031  -1.0493184762740522E-030  -4.8682497603867374E-030   3.0848057989896983E-029   4.5749755500920812E-031   7.8196084835345649E-029   2.2521037492168135E-029  -3.7351062062207839E-031   5.6691975010316790E-031   2.1528206572267293E-029   5.8684304239361820E-031   2.4209247686579455E-029   6.8640404311388703E-017  -5.0238722387683395E-017   3.0531895720104861E-015   2.4446060131905419E-017  -4.5382801599712382E-016   7.3209734677096969E-031  -1.5258478453259183E-030   5.0844855560696914E-029   6.9909913354069033E-031   3.0784457369800787E-031   1.3097208610098668E-030  -2.2344148636082498E-030   5.4175761308592823E-029  -1.6846264786703490E-030   1.1768854628609480E-028  -1.2652906942236476E-017   7.2392080360210522E-030   1.8835132005671072E-031  -8.1424991124050252E-032   7.1684721463207833E-030  -1.4888894989296889E-031   6.5643632405347977E-030   5.3907700607365839E-017  -3.9455682590186768E-017   2.3978650912197452E-015
  -1.4296293034121006E-017  -1.2393549484299168E-017   7.1829546393981169E-018  -5.3994680678244771E-018   3.0693998594591095E-030  -5.6499195158846851E-032   4.3646768741146093E-031   3.7564524420423819E-030  -8.7859730802372327E-033   3.7848681183022126E-030  -1.0154713896355801E-016  -8.8031875726786777E-017   5.1020812961448442E-017  -2.9657125674555402E-016  -1.9222406793500940E-030  -1.1609721846028697E-030   3.9028122237511862E-031   1.1942966492505156E-030   9.1261427165510486E-031   1.3035688634164661E-030  -2.7845538633856825E-030   3.9909940498928222E-031  -1.3764022486305937E-030   1.1479713074520956E-030  -8.1217309630145051E-030  -7.5263196777428603E-032  -3.8078850283785445E-031  -5.0830781708090979E-030   8.6114093320783166E-032  -4.9870063106699728E-030  -1.3314782815141111E-016  -1.1542671886917954E-016   6.6898097826007046E-017  -5.0891451406715906E-016   1.1624477986479182E-015  -6.1504190828294511E-031  -1.8160735129564798E-030   1.0208749021189869E-030  -2.4825754406314288E-030  -2.5329239147966550E-031  -2.4131815727195666E-030  -3.9612720087915090E-030   1.2614589081636296E-030  -2.2172936486988788E-030   2.3339237730016658E-030  -9.4852161906664848E-017  -8.7413735794925699E-030  -2.7078774529354194E-031   2.3006500733159818E-031  -8.1645747899115382E-030  -1.2138166007283900E-031  -8.3759138574182896E-030  -1.0456950725326778E-016  -9.0651986469410423E-017   5.2539355864615056E-017
   1.5267841049099039E-019   6.1065045349101740E-019  -3.0873626511362562E-018  -7.9215158874948988E-019  -9.5517368819292741E-030  -3.7234754319150729E-033   5.5671262301009783E-031  -9.5662972475556471E-030   3.6912264160396119E-031  -8.8486518253899834E-030   1.0844808321924982E-018   4.3374744985237111E-018  -2.1929659906749220E-017   3.7248603070821132E-017  -3.2099105379877433E-030  -2.6619433997289675E-031  -6.7227154840057206E-031   9.1261427165510486E-031   1.3039285404508034E-030   1.1365233488261874E-030   4.5832366465425304E-031  -5.6743122127821425E-031  -1.5821901953023291E-031  -1.6384908128524577E-030  -2.5340701200622622E-029  -1.7691060637968855E-031  -5.5460923051171573E-031  -2.5661770056955756E-029  -1.7175638983308972E-031  -2.7304983345760210E-029   1.4219629321959257E-018   5.6872632260733599E-018  -2.8754001525648356E-017   5.2906992701356554E-017   1.5732136288644853E-015   2.6348504745019187E-030   6.4228790052605114E-032  -5.6828583779961264E-031  -1.6358974453135070E-030  -3.9652838013092185E-031  -1.5940400762364664E-030   3.4561104832144937E-031  -4.3292472683450073E-031  -4.1251954795977260E-031  -1.2847851915246453E-030   8.3112766663301907E-017  -7.4418471669581333E-030  -4.1247621381757993E-031   3.4276655952736991E-031  -7.1957951358656752E-030  -1.0818878390313117E-031  -6.5903719466133113E-030   1.1167584572578209E-018   4.4665716401611855E-018  -2.2582356864864323E-017
   3.2854703251894427E-018  -4.2022941125953883E-018  -7.2456037411803258E-018  -6.6382835091013647E-018   3.5395308348731029E-030  -1.8833017687344179E-031   5.6898804806772050E-031   4.2861555730863498E-030   1.7614016988502703E-032   4.2524858296453049E-030   2.3336826607873460E-017  -2.9849062494647767E-017  -5.1465812027213223E-017  -3.6482778793213387E-016  -2.0607399560986954E-030  -6.4040727515662758E-031  -1.0493184762740522E-030   1.3035688634164661E-030   1.1365233488261874E-030   1.6411596387110060E-030  -8.0754264926392138E-031  -1.0336689613037764E-030  -7.6326278725886729E-031  -2.4338246717087975E-030  -1.0812518054260592E-029  -1.2690606562716211E-032  -4.9559521599247516E-031  -6.9935088025984892E-030   6.9466292712268277E-032  -6.9495521944954898E-030   3.0599067689123642E-017  -3.9137861332993704E-017  -6.7481577180935138E-017  -6.2601322741484335E-016   1.4254461255029724E-015   3.7693336086642077E-030  -7.5813518160540156E-031  -1.2022979869935770E-030  -9.6344304985640720E-031  -3.2241969897505328E-031  -9.7788342564452876E-031  -1.5311118331837420E-030  -1.0781526307400557E-030  -1.1874585379128059E-030  -2.8030000488400057E-030  -1.1687068313770797E-016  -1.0883811458886661E-029  -3.2769194058678688E-031   2.8241986197457442E-031  -1.0161594060088037E-029  -1.4699598996273953E-031  -1.0418719348294426E-029   2.4031405356640544E-017  -3.0737466253557585E-017  -5.2997599528698133E-017
  -8.3785618891792249E-018   7.6453055018396120E-016  -3.6729844732793026E-017   1.4929150483582081E-018  -4.1027062189224013E-030  -2.6710754934163571E-030   1.8960969309327397E-030  -6.8896598681014707E-030  -3.1685320082043885E-030  -1.0516649274045111E-029  -5.9513258887783121E-017   5.4304909556695822E-015  -2.6089355039706228E-016   1.1955680620392687E-016  -3.9597025487107755E-030   5.9376316844920105E-029  -4.8682497603867374E-030  -2.7845538633856825E-030   4.5832366465425304E-031  -8.0754264926392138E-031   1.7330881153208835E-028  -5.0706221680185405E-030   7.0001658232001416E-029  -1.4686176461355096E-029  -2.0333434718030436E-029   1.3756405907746015E-030  -8.9853232324363130E-031  -2.0805181121756871E-029   3.2780950363043722E-031  -1.7689897370891489E-029  -7.8033327654493725E-017   7.1204180041225723E-015  -3.4208161813939610E-016   2.0003788553392892E-016   3.3090859961976317E-016  -5.1869030166779485E-030   9.7542629636874988E-029  -4.6605726380904925E-030  -2.4474540111486200E-030  -2.1911823551355334E-031  -3.8991250898756907E-030   2.3036183437229870E-028  -4.8724010448571833E-030   1.0325888362955560E-028  -1.0568573357534696E-029   7.1349364682029688E-017   2.5368903962293898E-031  -7.6789136326976823E-032   2.5848918345812576E-031   4.8445889176692812E-031   2.7378601613576864E-031  -2.7398015045748389E-031  -6.1284564197965449E-017   5.5921197699279840E-015  -2.6865857855798590E-016
   9.7073159643412359E-019  -7.0653552817249643E-018   3.1730944762909045E-016   1.3251110748124340E-018   6.7155923966281791E-030   9.6907136914624294E-031  -2.8931361141778313E-031   7.1139595658593337E-030  -8.9176845885212946E-031   4.0768270984721036E-030   6.8951452019271426E-018  -5.0185500038886348E-017   2.2538616476263664E-015   6.9295838172838334E-017   1.3516745729374935E-031  -4.7965447785772374E-031   3.0848057989896983E-029   3.9909940498928222E-031  -5.6743122127821425E-031  -1.0336689613037764E-030  -5.0706221680185405E-030   2.9859681887662021E-029   2.9589795988388164E-031   7.5623075276165527E-029   1.8628319286572578E-029  -4.0698190657515106E-031   5.1631256563900388E-031   1.7074405727695892E-029   5.2904557312370122E-031   1.9350935222915090E-029   9.0408613949684064E-018  -6.5802841941888969E-017   2.9552460699349438E-015   1.1938672998030266E-016  -3.4585112446810105E-016  -5.7212307775406193E-031  -1.6898350246172195E-030   4.9199356780300520E-029  -5.8591661293570610E-032   2.6968164955024250E-031   5.5928588118620468E-031  -2.6477947049328973E-030   5.2428356818158021E-029  -1.8820656523264230E-030   1.1388393112173827E-028   1.9088362341932592E-017   7.1050844971015160E-030   1.4931199949032487E-031  -5.4840821198791634E-032   6.9787200100455693E-030  -1.4155459131310263E-031   6.5458406280410823E-030   7.1003668204158661E-018  -5.1679181352506942E-017   2.3209437933443233E-015
  -6.3341238811694475E-018   3.1011661898880340E-016   9.2538825498699589E-018   1.7514950926048801E-018  -6.9716338142213571E-031  -9.8179264702251978E-031   6.0644925542328213E-031  -1.9018984027587158E-030  -1.3945417322918498E-030  -3.6426586920065540E-030  -4.4991534269641555E-017   2.2027706992432181E-015   6.5730696412106918E-017   1.0268928163598834E-016  -9.9493212829652072E-031   2.4177225917525427E-029   4.5749755500920812E-031  -1.3764022486305937E-030  -1.5821901953023291E-031  -7.6326278725886729E-031   7.0001658232001416E-029   2.9589795988388164E-031   2.8544894032418391E-029  -8.8938381534066711E-033  -2.6627652318760650E-030   5.4465607507505793E-031  -1.9680056003113617E-031  -3.4917592360494334E-030   1.8089124178041481E-031  -1.8950009228436233E-030  -5.8992553944343570E-017   2.8882560110830998E-015   8.6185583951223757E-017   1.7532974466440287E-016  -2.6441333936040270E-016  -3.5232822682284303E-030   3.9540280106843322E-029   1.8730092407330063E-030  -9.3383012856022569E-031   1.9430911305201358E-032  -1.4747687983305605E-030   9.3427319808935698E-029   1.9872942305232538E-030   4.1961693137473313E-029   4.4226693026334674E-030   3.8561899246847168E-017   2.9762829928826654E-030   7.0003420763336212E-032   2.3723319608860938E-032   2.9283702783059281E-030   1.3498648437241532E-031   2.5635591149782676E-030  -4.6330626516552492E-017   2.2683322146031003E-015   6.7687052588401858E-017
   8.8610504733647818E-018  -2.5360245239345893E-017   8.0369318987726248E-016   2.6552071978991107E-019   2.4917421072339511E-029   2.3695995930695874E-030  -7.8432364369088360E-031   2.6349812392409147E-029  -2.4558804466486858E-030   1.8164557571431170E-029   6.2940394522875350E-017  -1.8013483224792258E-016   5.7086647455901010E-015  -4.4684314817526821E-017   1.3169024682630374E-030  -1.7851194767072493E-030   7.8196084835345649E-029   1.1479713074520956E-030  -1.6384908128524577E-030  -2.4338246717087975E-030  -1.4686176461355096E-029   7.5623075276165527E-029  -8.8938381534066711E-033   1.9176861591573054E-028   5.7299118782683762E-029  -9.3030780807241429E-031   1.3931549159901991E-030   5.5622843905621343E-029   1.4811666363095774E-030   6.2419252221759226E-029   8.2526961559406370E-017  -2.3619140758693374E-016   7.4851573395147535E-015  -6.8596791841988741E-017  -1.0865806464245403E-015   3.9012233889293918E-033  -5.3422068651024053E-030   1.2462481824151620E-028   8.2611356333617036E-031   7.5769240724470361E-031   2.3590826845527449E-030  -9.2040707683739028E-030   1.3280402178186461E-028  -5.8091875465203805E-030   2.8844632140415475E-028  -6.6544515004934491E-017   1.6793086030729791E-029   4.6009900448005703E-031  -2.0132242286321605E-031   1.6710095283206315E-029  -3.7557765336576850E-031   1.5101446162967206E-029   6.4813702372695992E-017  -1.8549622214445109E-016   5.8785729033166141E-015
   4.9589754401710648E-018  -4.3344161430095350E-017   1.6409232533543953E-016  -9.1170624560791235E-017   4.0095096718342928E-028  -2.8090561039005499E-030  -9.2090462718015527E-030   4.1503651586789705E-028  -1.3422587709651737E-029   3.8764833312875502E-028   3.5223800109303226E-017  -3.0787530540241899E-016   1.1655543240414878E-015  -7.8308609649877981E-015   7.3964572837803715E-029   2.1293735527902214E-030   2.2521037492168135E-029  -8.1217309630145051E-030  -2.5340701200622622E-029  -1.0812518054260592E-029  -2.0333434718030436E-029   1.8628319286572578E-029  -2.6627652318760650E-030   5.7299118782683762E-029   6.9940889314173955E-028   5.7203859787396720E-030   1.0664775796295140E-029   7.7847183859571942E-028   7.6304030181640858E-030   8.3829983685124452E-028   4.6185175985155455E-017  -4.0368373421618554E-016   1.5282658716195735E-015  -1.3052764899867995E-014  -2.9407795520383705E-014  -3.5493826194897068E-029  -9.5895776639160366E-030   2.7182122996419248E-029   3.4655177918218346E-029   8.1780218314259685E-030   3.3305462041725730E-029  -2.3766821762403411E-029   2.6626566251118206E-029  -2.8977063024982882E-031   6.1475175045028571E-029  -4.9935967538624613E-015   6.7667738382736551E-029   8.5597959014110198E-030  -6.8854828581900648E-030   7.2020571042236309E-029   1.0872557162495983E-030   4.5930454686449330E-029   3.6272173284408265E-017  -3.1703866115749636E-016   1.2002449560463552E-015
   6.1920225409478780E-018   6.2958078799602579E-018  -4.3446099356727794E-018  -1.1844080591930666E-018   3.8704407921462682E-030  -8.5335342979271163E-032  -4.0259325810039450E-032   3.9976881158613263E-030  -1.3148497607084610E-031   3.7059623104166745E-030   4.3982182788949042E-017   4.4719374186590099E-017  -3.0859937455614676E-017  -9.1695475592655413E-017   6.6819501530017503E-031   5.0529108733300680E-031  -3.7351062062207839E-031  -7.5263196777428603E-032  -1.7691060637968855E-031  -1.2690606562716211E-032   1.3756405907746015E-030  -4.0698190657515106E-031   5.4465607507505793E-031  -9.3030780807241429E-031   5.7203859787396720E-030   8.4263580904808245E-032   6.3392503469658690E-032   6.6817264012059704E-030   6.5584020546636856E-032   7.2394267928074093E-030   5.7669100040408091E-017   5.8635699735187283E-017  -4.0463312812561713E-017  -1.5371644008382637E-016  -2.0772479050023260E-016   1.1314709453234339E-030   7.7500002662762999E-031  -6.4579181313970686E-031   8.7308910739253633E-031   5.6891510162145474E-032   8.2232187385375274E-031   1.7878290950233566E-030  -7.0295963983499444E-031   8.8879394763621459E-031  -1.5038705812324916E-030  -5.2814301946033748E-017   5.4809444470712017E-032   6.5907859577011181E-032  -5.0200695793573850E-032   1.3655769172086271E-031   5.4151595181423091E-033  -1.2520723071824965E-031   4.5291233501065301E-017   4.6050366077224048E-017  -3.1778428092972113E-017
   2.6339613214859136E-019  -3.2518380482385518E-018   4.1575445200063302E-018   4.5542113217268041E-019   3.8538450943068304E-030   2.3241768140648698E-032  -2.4556257104095040E-031   3.8587283562361694E-030  -1.4343226291438265E-031   3.5566826048836706E-030   1.8709132199446055E-018  -2.3097935204832875E-017   2.9531204355731365E-017  -7.7170585459076338E-018   1.3568268347537282E-030  -1.2053397771969711E-031   5.6691975010316790E-031  -3.8078850283785445E-031  -5.5460923051171573E-031  -4.9559521599247516E-031  -8.9853232324363130E-031   5.1631256563900388E-031  -1.9680056003113617E-031   1.3931549159901991E-030   1.0664775796295140E-029   6.3392503469658690E-032   2.4123300121221977E-031   1.0708355502282521E-029   7.0676563247145768E-032   1.1376043348843452E-029   2.4531270347794159E-018  -3.0285835117511370E-017   3.8721088184200842E-017  -8.7794870117832249E-018  -6.6655322743903403E-016  -1.0443110945058057E-030  -4.1106968616088261E-031   6.7852901394448234E-031   7.2246974863511907E-031   1.6931015601834356E-031   7.1593776575606710E-031  -1.0442181515775186E-030   6.4893022923125152E-031  -2.3518514598609912E-031   1.5580042339424587E-030  -3.1325481664267706E-017   3.2738996111377269E-030   1.7441835466594142E-031  -1.4526246659765624E-031   3.1586587698238321E-030   4.4087105031226461E-032   2.9190378381333006E-030   1.9265975931973600E-018  -2.3785403779856270E-017   3.0410147637768137E-017
