   9.1724072474038826E-003   1.3882407702135190E-017   9.0615208666131606E-017   4.4764347769416399E-016  -2.7030439820828390E-018   3.0714120262905185E-017  -1.2559722162285308E-017  -7.4540130475637893E-018  -3.2306169214951147E-018  -3.6926118549831586E-017   4.3455436131728579E-002   1.6591750488531998E-016   5.2992275909799962E-016   1.8437716877540346E-015  -2.3396900715994079E-015  -1.4349939966745106E-017   1.8128280392879194E-017  -7.9680354970775899E-016   1.7129787176458025E-018  -7.6489320097866459E-016  -2.3624656741886112E-017  -6.0361041998676570E-019  -2.0300648288462911E-018   2.2369307092413155E-017  -1.2655684896036148E-017  -2.5920324883631427E-018   8.8698596386392097E-019  -1.0300781296365725E-017   2.0551097923224611E-017  -7.8392637953439975E-018   4.8485812784890975E-002   1.7987758419061995E-016   8.0626956890754022E-016   3.5004383102347718E-015  -2.4997084648233623E-003   2.3355890238634003E-016   3.3936713844910839E-016   7.8447701573861984E-015   1.7557059114689160E-015  -7.9789424433734727E-015  -2.4271321878875125E-017   1.3428283406915885E-017  -3.9285591509648268E-015  -4.0850244086360978E-019  -3.9226730708946516E-015  -5.1147790763084925E-017  -2.6575185891081917E-017  -2.5688444438971453E-017  -3.1171159180588907E-017   7.0614507729523128E-018   1.9732921267170204E-018   1.0865820789326253E-019   5.4444332972692500E-018  -5.1954926917084098E-018   3.2636596081027224E-018   1.0360925364915419E-015   1.3608643695808333E-002   2.3054545217742584E-017   2.9306599813784712E-016
   1.3882407702135190E-017   9.1724072474067223E-003  -2.0561455633225087E-016   2.3043670733760426E-016  -1.3036388026696237E-016  -4.1936422262228856E-017  -3.0270885302800879E-017  -1.2672558238319967E-016  -1.7034869815760390E-017  -1.1320184989273573E-016  -1.2738450518711643E-017   4.3455436131733707E-002  -2.8671675158515115E-016   8.1189092377641214E-016   4.6529595730167462E-018  -4.0374255271462639E-016  -1.5468999205710983E-017  -5.0784248689833215E-018  -3.1462920137809132E-018  -5.3668076529743159E-018  -8.7730428320796430E-016  -2.3829304065507821E-017  -4.1524958661935766E-016  -1.4472051988404559E-017  -2.7164843553438145E-016   2.1758098362462557E-017   1.2845735741411265E-017  -2.7761141771562796E-016   1.3013032706722034E-017  -2.6474726574978287E-016  -4.8597883407568173E-017   4.8485812784892522E-002  -3.4659646602310319E-016   1.4240096093108294E-016  -5.2366596996585349E-016  -2.4997084648137389E-003   1.0682193549077768E-015   2.8128843526088869E-018  -1.7031929905950333E-015  -7.0675133374090690E-018  -2.8039687186728823E-015  -2.3620474373376725E-017  -1.9280391745497983E-020  -1.0730880127171440E-019  -9.4094160228470597E-019  -5.7605767920148628E-015  -2.1331981751873983E-017  -2.6772790964655692E-015  -4.6245332206705856E-017  -7.1240919719470099E-017   2.7228800268607694E-019   4.0364947742686763E-018  -6.1915822172980784E-017  -2.2343457221096275E-018  -8.1936320704274361E-017  -2.2550142637492658E-016  -5.4517076878794180E-017   1.3608643695813839E-002  -7.3637132818467324E-017
   9.0615208666131606E-017  -2.0561455633225087E-016   9.1724072474056676E-003   8.5831429906576967E-018   2.7427365671318913E-017   4.2140512755363605E-018   2.8487884828770629E-017   7.5187656422484213E-017   5.4932436985422465E-018   5.3059935592786130E-017  -2.6109534131765344E-016  -2.3412748050699625E-016   4.3455436131734845E-002  -4.6795214129097309E-016   6.3409615661074790E-018  -4.5512241174201026E-017  -8.9882150785147402E-016  -1.2099194408586932E-017   2.7322396129588211E-018   5.3662031584789920E-018  -1.2572546356812664E-016  -8.9341344996919895E-016  -5.3049786842922341E-017  -2.3966827812228090E-015   2.7541250195536280E-016  -7.4735958721936408E-018  -1.1007372518754004E-017   2.7237711482056380E-016   6.8812442185746423E-018   2.7506229416328384E-016  -3.5709939921095320E-016  -8.1566880462802942E-016   4.8485812784889996E-002   5.0900801468519808E-016  -3.0888693048100744E-015  -5.9221233293626955E-016  -2.4997084648226953E-003  -3.0581890726702754E-016  -1.1896263442127281E-015   9.7686602320333908E-017   2.7791912940939071E-017  -2.8021184406346092E-015   1.4572663614973726E-018  -4.2054473722017615E-018   1.1302576552765926E-017   5.0579471156269406E-017  -2.8740289357864400E-015   1.9092729811686010E-017  -6.7123757263431718E-015   7.6684476624780572E-017  -4.3348342368203838E-018  -2.1602058218650279E-018   8.6149939763391553E-017   1.9454405695075127E-018   6.5529298422326586E-017   2.6758695371629664E-016  -2.8550276485121832E-016  -1.9543813744934886E-016   1.3608643695811473E-002
   4.4764347769416399E-016   2.3043670733760426E-016   8.5831429906576967E-018   1.0054498415004605E-004   2.0984069740192274E-016   1.4802038050037597E-017   1.7422717337377784E-017   2.7180906612253654E-016   5.6756960511488361E-018   2.0532785059225593E-016   1.9099994069343516E-015   1.1213338751087503E-015   3.3076132387439976E-017   5.2239844335447462E-003  -2.5482746324227890E-019   2.2088515452627869E-018   8.4163057401104903E-018  -5.9456667986310726E-018  -3.6754640674642452E-018  -1.7844455000768307E-017   1.8851777692723968E-017   5.1063771914314712E-018  -4.4642936769042346E-018  -3.4493085101338577E-018  -7.6438258367280707E-018  -6.6359969395220703E-018  -1.2767016440993632E-018  -1.6373187856386554E-016   9.6451888962192648E-019   6.4126669081633490E-017   2.2363397017909856E-015   1.2362092423519970E-015   4.0410350504683420E-017   9.1459385370345290E-003  -2.3096897295115700E-015   8.3555093953771781E-015   8.2442528880591680E-015  -1.1662707322797660E-003   1.0687827853367585E-004  -1.2252518694655646E-017   6.3414310292726833E-018  -4.8347946616191339E-018  -8.3558467000763788E-020   1.1539389951454343E-018   4.9274889144438682E-019  -5.5254759918942259E-018  -2.3523727472253190E-018   5.7099805780290801E-018   1.1527232583363359E-017  -1.5942817157030765E-016  -6.5027638294900353E-018  -8.4359433745667814E-018  -1.2949625742531742E-016  -7.7782536230217608E-019  -2.0959184825038610E-016   1.1474900095157015E-003   4.1662684261122545E-016   1.0257356420294756E-015   6.4541383942231141E-016
  -2.7030439820828390E-018  -1.3036388026696237E-016   2.7427365671318913E-017   2.0984069740192274E-016   4.9427354147020989E-028   3.1384160394752029E-029   4.0218362743238847E-029   6.0970218943176887E-028   1.9349448604537302E-029   4.5234815457580162E-028  -2.0910956301008607E-017  -6.2576244550380354E-016   8.9120558854364367E-017   1.0755305013448470E-014  -1.3497747287329440E-029   5.8708512896975611E-030   4.5857232698166257E-030  -1.4759112210418450E-029  -8.0265547925399037E-030  -5.9011323148404952E-029   3.5441615451210918E-029  -4.2198052043153445E-030  -7.7101881007328660E-030  -5.8548781045220684E-030  -4.5524988385495594E-029  -1.1480434124692435E-029   2.2181046985642041E-030  -3.5926490066629417E-028  -1.0094046502310139E-030   1.2270205764554081E-028  -1.8840126441582754E-017  -6.9368550812867497E-016   1.2205811286771233E-016   1.8853144455808607E-014  -1.5087613309617426E-015  -1.4818258209009782E-015  -7.6099665738493477E-015  -6.6063287953495163E-015  -4.4729043174022217E-015  -1.2349596531025486E-028   5.7223899486706120E-029  -2.2229015641112670E-029  -4.1825023805642153E-029   1.0624748206146042E-030  -3.4890185969970415E-029   6.9130077531789706E-029  -1.1593428974638191E-029   5.1094893335790586E-029  -3.3550577891376224E-029  -4.3479938001800784E-028  -2.0321275806946890E-029  -2.2819748107633599E-029  -3.8838824668972872E-028  -1.5875446651081298E-030  -5.5002175427857143E-028   2.1072610696051913E-015  -1.2613034861899700E-016  -3.1616986850814263E-016  -5.7435699220424192E-016
   3.0714120262905185E-017  -4.1936422262228856E-017   4.2140512755363605E-018   1.4802038050037597E-017   3.1384160394752029E-029   1.0906282669239695E-029   8.0115069676006129E-030   3.6365798763755003E-029  -1.3608514233872320E-030   3.5495303380217306E-029   1.4688914374474903E-016  -1.8258419184241996E-016   2.1525821844955113E-017   6.7394345556760793E-016  -6.9852958012117811E-030   9.8416236526668116E-030   7.0808429684140410E-030   2.8663683840814706E-030  -1.4300542382412842E-030  -1.8542634167932155E-030   2.2587124344805678E-029   5.3632796709217476E-030   6.9878058012118162E-030  -1.2605666560223418E-030  -3.6033624088286828E-029  -3.6087025584498418E-030  -2.3537187266986998E-030  -5.9897643178304136E-029   1.4537116468810882E-030  -4.1222989040369550E-029   1.6312979411461372E-016  -2.1263925080090008E-016   2.3152465143108777E-017   1.1945888914821351E-015   2.4811110478216045E-016   3.0090081746053123E-015   2.8962001537626531E-016  -2.5824416737675818E-015   7.6612480161880316E-016  -7.3563339641957308E-030   1.4841473325877081E-029  -3.9209236676349330E-030  -8.1483004000517416E-030   8.6750568236151773E-031  -7.7786450622824764E-030   3.7333383696522586E-029  -3.2755049022633150E-030   1.7957234491811430E-029   1.0162643330245833E-029  -8.8898873152151826E-029  -3.1542830951432354E-030  -4.1312590911047301E-030  -8.3864527773418513E-029  -7.7184634878495617E-031  -8.9777161356184108E-029  -2.2619135365257500E-018   6.6318630878618163E-017   1.8028835619851116E-016   2.9775651840609184E-017
  -1.2559722162285308E-017  -3.0270885302800879E-017   2.8487884828770629E-017   1.7422717337377784E-017   4.0218362743238847E-029   8.0115069676006129E-030   7.2463192296239827E-030   4.9345023171845455E-029   5.9750989469308596E-031   3.6428280549559186E-029  -5.7326672269686494E-017  -1.3256418864603643E-016   1.3483058203772966E-016   8.4225999538956871E-016   7.0798336747514653E-030   5.3164170722744646E-030  -1.6732790469605272E-031   5.8114963912236158E-030  -1.0002821538496612E-030   1.2100805623930714E-030   1.1799089203135638E-029  -1.4215828796075417E-030   2.6690085342538620E-030  -4.4028813632943359E-030  -2.7819105848214413E-029  -2.4533600380861732E-030  -1.3328289596608004E-030  -5.6235307444585276E-029   5.8734201203862227E-031  -1.7724752152815479E-029  -6.5168966696481512E-017  -1.5392128875699617E-016   1.5051295414106657E-016   1.4843958019139458E-015   4.0880086701464406E-016   2.0286157425627245E-015  -3.2788369029909922E-017  -1.8792405516359110E-015  -5.7108978003629945E-016   3.8175639512716901E-029   1.0872400974909373E-029  -9.2439977112430576E-030   1.5330379118334422E-029   4.2138420778966919E-031   1.5794178695641350E-029   2.7299547213559329E-029  -8.3617773184404832E-030   1.3007267796012502E-029  -1.7426054968693403E-029  -7.4006093297635412E-029  -3.3161595259653062E-030  -3.6167324853039167E-030  -6.9715023737845222E-029  -5.7427779908317040E-031  -8.2614947470798733E-029   8.1354494207680578E-017   1.4161275777282369E-017   1.1853834790369217E-016   4.0241529833559843E-017
  -7.4540130475637893E-018  -1.2672558238319967E-016   7.5187656422484213E-017   2.7180906612253654E-016   6.0970218943176887E-028   3.6365798763755003E-029   4.9345023171845455E-029   7.7755178328850144E-028   2.4037863436642596E-029   5.5327618484217510E-028  -4.1427852880704668E-017  -6.1034367140761895E-016   3.3469702476055107E-016   1.4075297551939180E-014  -9.7958150344311712E-030   1.7518177181662782E-031  -3.7301156149800304E-030  -1.9396413515949310E-029  -8.2202546601734284E-030  -6.3051102761430931E-029   2.7326244296529093E-029  -1.2397137808965586E-029  -1.7856069604019776E-029  -7.7914360926961070E-030  -4.3472490311125902E-029  -1.3000855183822042E-029   1.1493384214925454E-030  -4.6416015228706304E-028  -4.5751392277320251E-031   2.0019388272692377E-028  -4.2835620254312106E-017  -6.7547432788000201E-016   3.8536364066370965E-016   2.4650325394668552E-014  -1.1365766493874087E-015  -1.8214316252362739E-015  -4.0273420146369718E-015  -4.9259354133419191E-015  -7.1131058278378980E-015  -1.0205124088468504E-028   5.5361702764299955E-029  -2.8653158706770135E-029  -2.8601839148242617E-029   7.1383532801986852E-031  -2.4303294212813730E-029   6.4841603702948691E-029  -1.9185642316401833E-029   4.9857395964987879E-029  -7.0084808232965473E-029  -4.7804251608703500E-028  -2.3918336056395889E-029  -2.5332918149963016E-029  -4.0972544831163844E-028  -2.0035575761021309E-030  -6.4020474337352556E-028   2.9877027581458849E-015  -1.0317373903655001E-016  -3.3816615906336211E-016  -2.1260632916487136E-016
  -3.2306169214951147E-018  -1.7034869815760390E-017   5.4932436985422465E-018   5.6756960511488361E-018   1.9349448604537302E-029  -1.3608514233872320E-030   5.9750989469308596E-031   2.4037863436642596E-029   4.3162053458613077E-030   4.6047681384878760E-030  -1.7408783584246013E-017  -7.9020344473213232E-017   1.8002948157666387E-017   3.5288046668159827E-016  -4.1946697913482668E-030  -1.0117944550235767E-030  -7.0060196145781928E-030  -1.5887436431234563E-030   2.6269451539556730E-031  -2.9435056813972175E-030  -6.3275367738495295E-030  -7.9316620076719373E-030  -1.7269011739720596E-030   3.3992670370625839E-031   2.1453816215530145E-029   1.0302951071597035E-030   4.1985740075281281E-031   1.4327806514680231E-029  -2.5303615090557111E-030   4.4305176786110695E-029  -1.8258425105018649E-017  -8.9101184207725686E-017   2.4532457248859628E-017   6.0896626886634189E-016  -3.9085206507661487E-016   3.1837052333395223E-016  -1.4955446082598074E-015   1.3051056350547787E-015  -1.7705683145369797E-015  -2.2175785336922963E-029   5.2432278735169294E-030  -3.5226740479272349E-031  -1.1172650881041537E-029  -6.3981285225832689E-031  -9.4373743706507408E-030   1.4252267644548475E-029   8.2301800831261499E-031   4.6880246320409013E-030  -1.9951982618146698E-029   3.0128969249448447E-029  -1.1556684498154916E-030   2.6198785620992304E-031   2.5968113115723766E-029   4.7682919818015046E-031   1.7979585407713367E-029   1.6408718583935701E-016  -3.6484676456773890E-017   1.0714603778375095E-019  -1.1271997009450723E-016
  -3.6926118549831586E-017  -1.1320184989273573E-016   5.3059935592786130E-017   2.0532785059225593E-016   4.5234815457580162E-028   3.5495303380217306E-029   3.6428280549559186E-029   5.5327618484217510E-028   4.6047681384878760E-030   4.8319677494011860E-028  -1.8230258955877230E-016  -5.5368943526441112E-016   2.2700004025515285E-016   1.0400194948348221E-014  -2.4924849950078683E-030   1.6941852495149241E-029   3.4981908279137203E-029  -1.4597939578525152E-029  -1.0909439511738060E-029  -5.4280450513453422E-029   8.1412723334131486E-029   2.7315142956166583E-029   6.3067334569079676E-030  -4.3024030427462129E-029  -5.1485610940366458E-029  -1.7796755719581563E-029  -3.5767234987312064E-031  -3.5291578243140867E-028   6.2057997459140213E-030   1.8428051084429944E-029  -1.9932693817896502E-016  -6.0815206329345538E-016   2.6678690512197560E-016   1.8249230806634252E-014  -1.3607762300610398E-015  -3.2063316391671008E-015  -4.5547363980172898E-015  -8.8439923694104124E-015   6.7249825528351284E-015  -8.7570556481912167E-029   5.6336123268728997E-029  -4.6599073555502188E-029  -1.9213945736380178E-029   4.3506845231986953E-030  -1.5859695546503436E-029   3.9302181441250872E-029  -3.9541387108921340E-029   4.8385733551414971E-029   1.9649934558195416E-029  -4.8346388857038332E-028  -1.2844796060351429E-029  -2.2517898964947499E-029  -4.1911026016679474E-028  -2.2660613365474989E-030  -5.4698685073223839E-028   1.8779209266862756E-015  -1.6568780361728829E-016  -4.2984337617013220E-016  -2.8859074944891132E-016
   4.3455436131728579E-002  -1.2738450518711643E-017  -2.6109534131765344E-016   1.9099994069343516E-015  -2.0910956301008607E-017   1.4688914374474903E-016  -5.7326672269686494E-017  -4.1427852880704668E-017  -1.7408783584246013E-017  -1.8230258955877230E-016  0.20592879448916124        4.1096790824699643E-016  -6.7337994940789138E-016  -3.7116220192735346E-015  -1.0949376057263626E-014  -7.2455649730414950E-017   8.3098298013135612E-017  -3.7254500323574862E-015   5.5739946768739288E-018  -3.5631336374526902E-015  -1.0895914326226274E-016  -5.2572001231050923E-018  -1.3363593612928249E-017   1.0686532566333364E-016  -6.9728914236003472E-017  -1.9112419350161589E-017   3.8414061578618712E-018  -6.0348330299855622E-017   9.7779512062377105E-017  -4.4792143451104331E-017  0.22973752159080418        4.3413794024256888E-016   2.4848612007538170E-016  -4.8539080533484191E-015  -1.9372286325324856E-003  -3.5911451331120319E-015  -5.8947214497160791E-016  -1.6744807338309517E-014  -2.9462457397853479E-015  -3.7170258182082822E-014  -1.1353581191256914E-016   6.3048212949333160E-017  -1.8327891640776142E-014   1.1840111186473744E-018  -1.8300269188533084E-014  -2.4813984936959315E-016  -1.2508910686801852E-016  -1.1966812665130584E-016  -1.5644058900636880E-016   2.6203309443406361E-017   1.3915629245438623E-017  -1.4817941587958414E-019   2.1384722124872390E-017  -2.5340907721763668E-017   1.2051681806016441E-017  -1.3751982559689043E-015   6.5274027576427973E-002  -3.8019878755044126E-016   1.9769951482732205E-016
   1.6591750488531998E-016   4.3455436131733707E-002  -2.3412748050699625E-016   1.1213338751087503E-015  -6.2576244550380354E-016  -1.8258419184241996E-016  -1.3256418864603643E-016  -6.1034367140761895E-016  -7.9020344473213232E-017  -5.5368943526441112E-016   4.1096790824699643E-016  0.20592879448914528        2.1294236923636836E-015   3.2826100540647398E-015   1.2492870582628467E-017  -1.8937999724582934E-015  -7.0218991759295534E-017  -1.1623511682982687E-017  -1.6005357498580409E-017  -1.3243341676778920E-017  -4.1280372521542865E-015  -1.1464466829581597E-016  -1.9546638880649350E-015  -7.0170477680844528E-017  -1.2953365461356945E-015   9.8887399115562978E-017   5.3821342266997751E-017  -1.3256412333922470E-015   5.8850304330086541E-017  -1.2642397390908337E-015   3.0917652978492093E-016  0.22973752159076827        2.2546155676380451E-015  -3.2936834731784656E-016   1.6177063236402263E-015  -1.9372286325631547E-003  -1.4171655420711043E-015   6.5058052195902940E-015  -1.1438961096404492E-014  -1.6482153736867104E-017  -1.3283639444800513E-014  -1.1254924510109037E-016  -1.0817749549340609E-017   1.2131814830583960E-019  -1.2031974079350629E-017  -2.7247246447505426E-014  -1.0021232909200667E-016  -1.2672699441526592E-014  -2.1492522132481231E-016  -3.3657301578816411E-016  -2.9781799574833814E-018   1.6522414699789792E-017  -2.9980892969410896E-016  -1.0677053579610516E-017  -3.8907897701666092E-016  -8.0811079230343232E-016   2.2821130887182722E-016   6.5274027576434718E-002   2.5936412961061094E-016
   5.2992275909799962E-016  -2.8671675158515115E-016   4.3455436131734845E-002   3.3076132387439976E-017   8.9120558854364367E-017   2.1525821844955113E-017   1.3483058203772966E-016   3.3469702476055107E-016   1.8002948157666387E-017   2.2700004025515285E-016  -6.7337994940789138E-016   2.1294236923636836E-015  0.20592879448918050       -4.5579258875173177E-015   2.3788486954339490E-017  -2.1844447948086569E-016  -4.2536682774988051E-015  -6.1685266437832945E-017   1.5420110671562676E-017   3.3346552342678000E-017  -5.9993604610368204E-016  -4.2231556613811161E-015  -2.5477738427769613E-016  -1.1337965601520229E-014   1.2523563963651606E-015  -3.4342302098647908E-017  -5.4724968821233219E-017   1.2154852808129967E-015   3.8969690192241140E-017   1.2523491638886889E-015  -1.1067193049954929E-015  -2.2765735849528896E-016  0.22973752159078908       -1.9308114452707714E-015   3.9110082978517029E-015  -8.1349649885669989E-017  -1.9372286325334007E-003   5.0519975486495479E-015   1.5450860302234501E-015   4.6480313923762284E-016   1.2443602277968403E-016  -1.3260762879295905E-014   9.9635572300506810E-018  -2.0248556018053111E-017   4.7504326115087830E-017   2.3869186752350194E-016  -1.3608114484571563E-014   8.7157929678883332E-017  -3.1769279119658244E-014   3.4231534874205859E-016  -1.9474124899346601E-017  -8.3341968344068607E-018   4.0675112230023645E-016   7.9642969348789345E-018   2.8648193702043210E-016   1.0208849206988328E-015   2.8647191612666559E-016   3.1757672438789129E-016   6.5274027576438715E-002
   1.8437716877540346E-015   8.1189092377641214E-016  -4.6795214129097309E-016   5.2239844335447462E-003   1.0755305013448470E-014   6.7394345556760793E-016   8.4225999538956871E-016   1.4075297551939180E-014   3.5288046668159827E-016   1.0400194948348221E-014  -3.7116220192735346E-015   3.2826100540647398E-015  -4.5579258875173177E-015  0.27414121008177061       -2.6896647141997421E-017   7.2668533487204743E-017   3.3047618342901353E-016  -3.5430730338909946E-016  -1.7919765378735016E-016  -8.6064563285592486E-016   8.3710023921418872E-016   1.5337029113093857E-016  -2.6999686554125820E-016  -2.3999252549860518E-016   5.9026661502279911E-016  -3.2270294788254351E-016  -7.4352031389237161E-017  -7.5136922185986789E-015  -2.0026647800945925E-018   4.6411185909864613E-015   2.3058777360454678E-015   3.8355374865906296E-015  -3.8176711075140005E-015  0.47953427091912476        5.8502727575264830E-015  -1.4283231127687875E-015   2.7767910359060970E-014   9.5251810829072546E-003  -1.6599961858968957E-004  -6.2451393570282403E-016   3.0399570616472334E-016  -2.1380519581216294E-016  -2.7510437606228078E-017   5.1956174819399388E-017   1.5072656452257499E-017  -2.6687200897010478E-016  -9.1579874586467082E-017   2.5621219459305548E-016   4.0680999589804137E-016  -6.3643788261620825E-015  -2.9622002271532018E-016  -3.7519473075134266E-016  -4.8602526813446374E-015  -2.3612177005486058E-017  -9.1082903393595525E-015   6.4575867836405565E-002  -1.1920955269558723E-015   1.2333039991417393E-015  -1.9089858431214846E-016
  -2.3396900715994079E-015   4.6529595730167462E-018   6.3409615661074790E-018  -2.5482746324227890E-019  -1.3497747287329440E-029  -6.9852958012117811E-030   7.0798336747514653E-030  -9.7958150344311712E-030  -4.1946697913482668E-030  -2.4924849950078683E-030  -1.0949376057263626E-014   1.2492870582628467E-017   2.3788486954339490E-017  -2.6896647141997421E-017   9.4302183453583490E-028  -1.0808986098501725E-029  -1.2908966991885579E-029   3.2761001461300408E-028  -7.0414116585729184E-030   3.4586419563043592E-028   9.1339967859258368E-030  -6.8180873866678159E-030  -1.0909096780502479E-029  -6.4736785414941982E-030  -1.8814925358904474E-029  -1.6168780751610644E-029   4.6472924460217811E-031  -2.0553579674460033E-029  -4.1590872346713490E-030  -1.6379583474478160E-029  -1.2291793031568001E-014   1.9231922895874138E-017   3.0007206020555347E-017  -4.4976401382700542E-017   2.5817960132639034E-014  -1.7801061997895977E-015  -1.1662412178199562E-015  -3.4887870706938385E-016   3.1029435270732507E-017   3.6360218619621991E-027   9.3513454045546043E-030  -8.6072656157214468E-030   1.7261133461053167E-027   7.9938890056583529E-030   1.7243874047440664E-027  -1.2557107457748609E-029   5.6094264788018883E-030   8.9356160701137876E-030  -2.2486827402536544E-029  -2.7140208565917814E-029   1.1554035887344627E-029  -1.7637867648986990E-030  -2.0280414293880643E-029  -4.4020356668504824E-031  -1.4912220477112542E-029  -2.7779477395840181E-017  -1.4341658441340683E-015  -1.3700651658632147E-016  -8.4802571958389362E-017
  -1.4349939966745106E-017  -4.0374255271462639E-016  -4.5512241174201026E-017   2.2088515452627869E-018   5.8708512896975611E-030   9.8416236526668116E-030   5.3164170722744646E-030   1.7518177181662782E-031  -1.0117944550235767E-030   1.6941852495149241E-029  -7.2455649730414950E-017  -1.8937999724582934E-015  -2.1844447948086569E-016   7.2668533487204743E-017  -1.0808986098501725E-029   2.9441757182377998E-029   1.4654920147184383E-029   2.0782450700150828E-030  -1.2707886463424969E-030  -5.0994661656628774E-031   6.3554251011881675E-029   1.2624593280118305E-029   2.7938972188624643E-029   2.6223316657593958E-030   8.1881494253795136E-030  -3.9617489825289948E-030  -3.5701754634814203E-030   8.4623626627253817E-030  -5.8392415239868906E-031  -1.5808684078209258E-029  -7.8365406772261682E-017  -2.1235439355188037E-015  -2.4216625337944953E-016   1.3353217030859546E-016  -8.2878647048481404E-016   3.6451828168132000E-015  -5.1364265315797125E-016  -9.1546429425053412E-016   2.6992505194625756E-015  -3.5376619526486242E-029   1.2564827764846901E-028   8.6024146439044824E-030  -2.1349878302269363E-029   9.0834211722101503E-031  -1.9832295351638036E-029   2.6673073600489350E-028   9.5136303388910764E-030   1.2340857894978804E-028   5.2285271383241086E-029  -1.9823230913676291E-029  -8.5842860407420024E-031  -1.8996222190653894E-030  -2.0472072406268564E-029   8.1635521620812312E-033  -8.6171616393947250E-030  -4.1491437241489367E-017  -8.8656370736808210E-017  -3.1301511319315309E-016  -1.1008190995125638E-016
   1.8128280392879194E-017  -1.5468999205710983E-017  -8.9882150785147402E-016   8.4163057401104903E-018   4.5857232698166257E-030   7.0808429684140410E-030  -1.6732790469605272E-031  -3.7301156149800304E-030  -7.0060196145781928E-030   3.4981908279137203E-029   8.3098298013135612E-017  -7.0218991759295534E-017  -4.2536682774988051E-015   3.3047618342901353E-016  -1.2908966991885579E-029   1.4654920147184383E-029   1.0657022276293549E-028  -2.3805900669079204E-030  -2.3308512417865164E-030  -6.6132863473510869E-030   4.4430921722147967E-029   1.0530220215944287E-028   1.5181090437407922E-029   2.2051268806537309E-028  -4.6479636390766069E-029  -3.5777682801726521E-030  -9.1034997826035314E-031  -5.5809355017665709E-029   3.0015925123693576E-030  -9.0764041614192452E-029   9.4262008549070260E-017  -8.0047314131673529E-017  -4.7486262963061185E-015   5.9471150483826298E-016  -5.2394989512115590E-016   5.7549015394108467E-016   1.1039037849258942E-015  -2.4729837537848741E-015   5.2803261989323441E-015  -5.9022508188840851E-029   5.4195901038935089E-030   2.6499142814954261E-028  -2.2185402535220481E-029   2.1242123552140656E-030  -2.4009571196525149E-029   1.2493938671849813E-030   2.7121034308903795E-028   6.5555665185488204E-030   6.9508405155401203E-028  -8.0872524703682064E-029   1.5047338231056693E-030  -2.1499305467570525E-030  -7.1767413338050521E-029  -8.1681892606764055E-031  -5.8881360670758882E-029  -7.9201733457634571E-017  -1.5092388011164654E-017   2.3266122896305999E-017  -1.2640465220770299E-015
  -7.9680354970775899E-016  -5.0784248689833215E-018  -1.2099194408586932E-017  -5.9456667986310726E-018  -1.4759112210418450E-029   2.8663683840814706E-030   5.8114963912236158E-030  -1.9396413515949310E-029  -1.5887436431234563E-030  -1.4597939578525152E-029  -3.7254500323574862E-015  -1.1623511682982687E-017  -6.1685266437832945E-017  -3.5430730338909946E-016   3.2761001461300408E-028   2.0782450700150828E-030  -2.3805900669079204E-030   1.1977798578885281E-028  -2.8280975672995256E-030   1.2493151241463642E-028   1.1895358713909577E-029  -1.5785191574920605E-030   5.1925132241805328E-031   2.9623431606532796E-030  -2.3814777554050134E-029  -6.9356051148903193E-030  -1.5043705332923506E-030  -1.5620229450286543E-029  -1.8723908688532058E-030  -2.9365963112672269E-029  -4.1841411769021842E-015  -1.9860721437074133E-017  -6.6407652182617155E-017  -6.1325044715025524E-016   9.4375858371565126E-015   2.3175464655652376E-015  -8.0943591273569146E-016  -1.1314145965723218E-015  -3.1639895438744405E-016   1.2847112267107171E-027   5.5314022355666405E-030   1.0504272177725014E-030   6.0340003955170584E-028   3.0667304465978000E-030   6.0385623871789954E-028   1.2947732802024839E-029   6.8224534210782578E-030   8.6883749360350214E-030   2.3096557908130971E-030  -2.9407833878876576E-029   2.3965212668237824E-030  -2.0068207898347101E-030  -3.1254135440034358E-029  -3.9387986392590528E-031  -2.2031468979473174E-029  -1.5210643315008871E-016  -4.3623465524778441E-016   1.7984537825294153E-016  -8.3701947754178408E-017
   1.7129787176458025E-018  -3.1462920137809132E-018   2.7322396129588211E-018  -3.6754640674642452E-018  -8.0265547925399037E-030  -1.4300542382412842E-030  -1.0002821538496612E-030  -8.2202546601734284E-030   2.6269451539556730E-031  -1.0909439511738060E-029   5.5739946768739288E-018  -1.6005357498580409E-017   1.5420110671562676E-017  -1.7919765378735016E-016  -7.0414116585729184E-030  -1.2707886463424969E-030  -2.3308512417865164E-030  -2.8280975672995256E-030   6.4339077108588192E-031  -2.1422795054227449E-030  -4.7476461172444161E-030  -1.8275884818945861E-030  -1.0516323643150267E-030   2.1288768675167631E-030  -5.0652212442321912E-032   1.1689554757585725E-030   2.4128835119880197E-031   4.0653058010059611E-030  -6.8621128755733752E-032   3.3853602337251953E-030   7.6276222625645032E-018  -1.7248879196118235E-017   1.5833144725360637E-017  -3.1550324246413075E-016  -4.7379835478290107E-016  -2.0389972927459992E-016   4.6035494916001112E-016   2.9916613137319877E-016  -6.5370837164278324E-016  -3.1333147316035467E-029  -1.1574433534945954E-031   1.3564578438024753E-030  -1.4052016817602928E-029  -4.3576473525275305E-031  -1.4511304193891473E-029   2.2016933672666968E-030   8.8037019118657206E-031  -1.5068778001532825E-031  -4.5880978254157352E-030   1.1473729657184284E-029  -1.1565850443189564E-031   6.5671578008020550E-031   1.0540157408995416E-029   5.7391327385191029E-032   9.9193707931404945E-030  -2.2903158514280465E-017  -3.5751557975929785E-017  -2.1233067679012860E-017   4.1357127432748105E-017
  -7.6489320097866459E-016  -5.3668076529743159E-018   5.3662031584789920E-018  -1.7844455000768307E-017  -5.9011323148404952E-029  -1.8542634167932155E-030   1.2100805623930714E-030  -6.3051102761430931E-029  -2.9435056813972175E-030  -5.4280450513453422E-029  -3.5631336374526902E-015  -1.3243341676778920E-017   3.3346552342678000E-017  -8.6064563285592486E-016   3.4586419563043592E-028  -5.0994661656628774E-031  -6.6132863473510869E-030   1.2493151241463642E-028  -2.1422795054227449E-030   1.4183746679221897E-028   7.0953569899800046E-030  -4.5903931477958085E-030  -8.7787422638577913E-031  -2.8300172335586775E-030   8.4466304381261580E-030  -6.9878771586609348E-030  -2.6243340088418184E-030   3.0825559405809048E-029  -2.2621145483753750E-030   1.6263181494002795E-030  -4.0092069068457398E-015  -2.1527536966239879E-017   3.2815816691721281E-017  -1.5171139040931208E-015   1.1503107236179178E-014   2.2703972476083229E-015   1.4742403680015631E-015   1.9595483907341190E-015   3.5637065421660939E-016   1.3915452428516357E-027   2.8954909388157393E-030  -5.1514777870788341E-031   6.4906365209045620E-028   3.4327908845239186E-030   6.4786845463838387E-028   1.1988294578525175E-029   3.0325541265501643E-030   6.2895504353160921E-030  -9.8047056841977301E-030   6.5212504189602742E-029   6.7652452959959624E-030   2.0380192497975377E-030   6.3700022846265327E-029  -3.3183660075173407E-032   7.6650692104251655E-029  -8.0535411817864036E-017  -2.2108445809872336E-016   1.7559673953726421E-016   1.2734747905988887E-016
  -2.3624656741886112E-017  -8.7730428320796430E-016  -1.2572546356812664E-016   1.8851777692723968E-017   3.5441615451210918E-029   2.2587124344805678E-029   1.1799089203135638E-029   2.7326244296529093E-029  -6.3275367738495295E-030   8.1412723334131486E-029  -1.0895914326226274E-016  -4.1280372521542865E-015  -5.9993604610368204E-016   8.3710023921418872E-016   9.1339967859258368E-030   6.3554251011881675E-029   4.4430921722147967E-029   1.1895358713909577E-029  -4.7476461172444161E-030   7.0953569899800046E-030   1.5144263157383379E-028   4.0576697813529801E-029   6.1584237185656724E-029   3.4113441515783876E-030   1.0346759383576273E-029  -1.2412899022409287E-029  -7.1967291874549396E-030  -8.1493089195934232E-030   1.5662133572515484E-030  -6.0386495135275705E-029  -1.2321564768317212E-016  -4.6215807000364236E-015  -6.6700372053562424E-016   1.4868920244995577E-015   5.5877261405008252E-016   5.5102478315304386E-015  -7.6580521000150257E-016  -3.2278819599667155E-015   9.1464767076008571E-015   6.0529566537390127E-029   2.7588730837095387E-028   2.0388111755356162E-029   2.1293250821770894E-029   3.7882267896835708E-030   2.3371680529423028E-029   5.6298388099481633E-028   2.2345233980243444E-029   2.6829617093119692E-028   1.5229676072014886E-028  -9.3786672810223275E-029   9.0957437142594534E-031  -5.4526545433006009E-030  -8.4160102305551258E-029  -4.9641760844281266E-031  -5.9907901199448406E-029  -1.0422288470058714E-017   9.6337012888043834E-018  -8.7517020955483449E-016  -2.5125899314316446E-016
  -6.0361041998676570E-019  -2.3829304065507821E-017  -8.9341344996919895E-016   5.1063771914314712E-018  -4.2198052043153445E-030   5.3632796709217476E-030  -1.4215828796075417E-030  -1.2397137808965586E-029  -7.9316620076719373E-030   2.7315142956166583E-029  -5.2572001231050923E-018  -1.1464466829581597E-016  -4.2231556613811161E-015   1.5337029113093857E-016  -6.8180873866678159E-030   1.2624593280118305E-029   1.0530220215944287E-028  -1.5785191574920605E-030  -1.8275884818945861E-030  -4.5903931477958085E-030   4.0576697813529801E-029   1.0513671849795925E-028   1.3811775820656035E-029   2.2204042830592469E-028  -5.3226463748410422E-029  -2.8095378644004327E-030  -3.8170558953357440E-031  -5.9661710714753919E-029   3.7914642756046834E-030  -9.7936558623492824E-029  -4.5371510200096418E-018  -1.2694589706885381E-016  -4.7172921182681215E-015   2.8546003008728613E-016  -4.4635935104427665E-016  -3.1949546444748980E-016   2.0133981697315371E-015  -2.5894812225301063E-015   4.9860014933507458E-015  -3.9004922810167889E-029   7.0237784787479665E-030   2.6536205148284919E-028  -1.0786428579116097E-029   1.9486005442863503E-030  -1.3793510879463621E-029   2.9388777203154379E-030   2.7084986072260188E-028   7.5428010737920192E-030   6.9214928135044008E-028  -8.2208797299081701E-029   1.9330982496390225E-030  -1.6375656958984547E-030  -7.1762235527312806E-029  -9.3214156724112044E-031  -5.9586041177549197E-029  -1.2748437413464395E-016  -3.7019796660470264E-017  -6.1727248692389312E-017  -1.1823245675613854E-015
  -2.0300648288462911E-018  -4.1524958661935766E-016  -5.3049786842922341E-017  -4.4642936769042346E-018  -7.7101881007328660E-030   6.9878058012118162E-030   2.6690085342538620E-030  -1.7856069604019776E-029  -1.7269011739720596E-030   6.3067334569079676E-030  -1.3363593612928249E-017  -1.9546638880649350E-015  -2.5477738427769613E-016  -2.6999686554125820E-016  -1.0909096780502479E-029   2.7938972188624643E-029   1.5181090437407922E-029   5.1925132241805328E-031  -1.0516323643150267E-030  -8.7787422638577913E-031   6.1584237185656724E-029   1.3811775820656035E-029   2.7763109309371928E-029   3.5093763101225454E-030   1.3465233272204476E-029  -3.3373172887014379E-030  -2.7505711805438117E-030   2.5009253828476661E-029  -3.7118760389781467E-031  -1.7318090805272190E-029  -1.2834708837891988E-017  -2.1879356492599887E-015  -2.8235988366090214E-016  -4.6704779446756678E-016  -6.9709949125624888E-016   2.4660615726810923E-015  -6.2758718227015386E-016  -7.0656619328083440E-016   3.0458888200150685E-015  -3.8804262845203659E-029   1.2888150662666640E-028   1.0577715704398846E-029  -2.1533882573097098E-029   8.9866831364439420E-031  -2.0295851569560911E-029   2.6854515869513078E-028   1.1188236688687552E-029   1.2511942089320054E-028   5.7602539756194799E-029  -5.1246661767735668E-030   4.6217868774157327E-031  -9.1383637127504788E-031  -6.8461632198713504E-030   1.0769626338572692E-031   1.0983344010825353E-029  -1.0888491382184384E-016  -5.9452747366808671E-017  -4.2573337906561891E-016  -1.3064940779979951E-016
   2.2369307092413155E-017  -1.4472051988404559E-017  -2.3966827812228090E-015  -3.4493085101338577E-018  -5.8548781045220684E-030  -1.2605666560223418E-030  -4.4028813632943359E-030  -7.7914360926961070E-030   3.3992670370625839E-031  -4.3024030427462129E-029   1.0686532566333364E-016  -7.0170477680844528E-017  -1.1337965601520229E-014  -2.3999252549860518E-016  -6.4736785414941982E-030   2.6223316657593958E-030   2.2051268806537309E-028   2.9623431606532796E-030   2.1288768675167631E-030  -2.8300172335586775E-030   3.4113441515783876E-030   2.2204042830592469E-028   3.5093763101225454E-030   6.5781157914586330E-028  -1.4303829095605156E-028   6.2385201667092092E-030   4.6609077939193053E-030  -1.5182966832625766E-028  -1.6977758076629970E-031  -9.9685641207282964E-029   1.1874394602901153E-016  -7.7402660798093671E-017  -1.2659653022846430E-014  -4.1020621931645435E-016   1.5927219688149052E-016  -2.9540728151245210E-016   3.7487812231402659E-015  -2.0519771301232378E-015  -6.8929633886659361E-015  -3.3780589785241786E-029  -8.4173174890665520E-030   7.4873460189450966E-028  -3.5015638825758973E-030  -8.5760771339606823E-031  -9.5400638817467358E-030   6.0944609823818058E-031   7.6629176528453889E-028  -3.7345713835235702E-030   1.7320624528986131E-027  -8.7080124211182942E-029  -4.1066558020905651E-030  -9.8474364214126734E-031  -8.9209514251731076E-029  -1.5184883603780824E-030  -1.0833280995762237E-028  -1.7698485983933441E-016   4.6566703397060611E-017  -4.5689296127105221E-017  -3.3053994652879513E-015
  -1.2655684896036148E-017  -2.7164843553438145E-016   2.7541250195536280E-016  -7.6438258367280707E-018  -4.5524988385495594E-029  -3.6033624088286828E-029  -2.7819105848214413E-029  -4.3472490311125902E-029   2.1453816215530145E-029  -5.1485610940366458E-029  -6.9728914236003472E-017  -1.2953365461356945E-015   1.2523563963651606E-015   5.9026661502279911E-016  -1.8814925358904474E-029   8.1881494253795136E-030  -4.6479636390766069E-029  -2.3814777554050134E-029  -5.0652212442321912E-032   8.4466304381261580E-030   1.0346759383576273E-029  -5.3226463748410422E-029   1.3465233272204476E-029  -1.4303829095605156E-028   4.7512986448370895E-028   2.7967365181024060E-030  -2.7477208295550436E-030   5.2258073136322476E-028  -2.2937784573695476E-029   5.1402688952144735E-028  -7.2385949114483758E-017  -1.4406468221270150E-015   1.4263916421671246E-015   8.7986176337522218E-016  -1.8163440026058106E-015  -1.4844266538672980E-015  -9.8426400326907873E-015   2.6249233142933418E-014   7.3724180136416024E-015  -1.0163373751609459E-028   8.5839949561340846E-029  -1.0068519371771066E-028  -5.6357535900000853E-029  -7.3484628519490654E-031  -4.2653024313076155E-029   1.6575603404638743E-028  -1.0063688309303642E-028   6.8957010526484036E-029  -2.5325144764153611E-028   7.6603466272584539E-028   2.1090929666400586E-029   2.3482250973091643E-029   7.3485059150055257E-028   8.0112995809853808E-030   7.6036948010515735E-028   1.7479729473677648E-015  -1.6599977965431731E-016  -5.2911211237718210E-016  -3.8159197150652144E-016
  -2.5920324883631427E-018   2.1758098362462557E-017  -7.4735958721936408E-018  -6.6359969395220703E-018  -1.1480434124692435E-029  -3.6087025584498418E-030  -2.4533600380861732E-030  -1.3000855183822042E-029   1.0302951071597035E-030  -1.7796755719581563E-029  -1.9112419350161589E-017   9.8887399115562978E-017  -3.4342302098647908E-017  -3.2270294788254351E-016  -1.6168780751610644E-029  -3.9617489825289948E-030  -3.5777682801726521E-030  -6.9356051148903193E-030   1.1689554757585725E-030  -6.9878771586609348E-030  -1.2412899022409287E-029  -2.8095378644004327E-030  -3.3373172887014379E-030   6.2385201667092092E-030   2.7967365181024060E-030   2.6336626648808824E-030   9.8163257577585526E-031   1.1731490974269715E-029  -4.4920880095567978E-031   9.5459921287637819E-030  -1.7538624589870317E-017   1.1265889930887905E-016  -3.8907822084159916E-017  -5.6829661541994754E-016  -1.2717762448032654E-015  -7.8709988077347105E-016   2.0034960822516570E-016   5.5608889912831839E-016  -1.2567682313217398E-015  -7.9226094142174540E-029  -8.2855331618672886E-030   5.4200763681172963E-030  -3.4684040289408274E-029  -9.4215656995055155E-031  -3.5068654253263740E-029  -1.4746057256383450E-029   5.0033459851755195E-030  -8.6696156458990814E-030  -1.5753092048588213E-030   2.2348976516320044E-029  -3.2802072920318928E-031   1.2228316582553925E-030   1.9532112530736777E-029   2.1465336814219194E-031   1.9291109123742025E-029  -4.0114972849580923E-017  -1.0679085568652827E-016  -3.0916090461832960E-017   4.9555180933372658E-018
