   2.2340373122928508E-003  -8.4306278619853386E-018   1.0548077650086675E-016   1.2666175958801823E-016   1.6250416211482284E-017   1.0913492740645057E-017   3.0109392076626847E-017   2.1176390150465831E-018  -9.4492964807397334E-019   4.0876022498987952E-018   2.1123178328235868E-002   7.3840935827744108E-016   4.9486762788847823E-016  -1.1479131550499252E-015   1.6220843935696519E-015  -3.6041363138876979E-020  -6.2455094118977927E-018   6.6297520971958169E-016   5.7012816250622235E-018   4.8659492742742833E-016  -2.5928683997302945E-017  -1.5765909580656077E-017  -1.0530653308511812E-017  -1.9114216827979711E-017   4.2855314712850255E-018   1.3237866103533072E-019  -9.2546229241598382E-018   1.2429693063733536E-017  -1.2956520669372281E-017   1.8739028481259996E-018   3.0109308151801528E-002   8.1881041378477418E-016   8.0988030136480431E-016  -1.1803018808554778E-015  -1.6076205270897745E-003  -4.2411425830641654E-016   4.2733760849336733E-015  -8.0649430175148532E-016   1.5232767148156937E-015   5.3220278989506829E-018  -4.7542606992624881E-019   5.1985317819118807E-016   1.1283443510842960E-018   4.7633032326424000E-016  -1.4139680708701645E-017  -2.3015940392736466E-018   1.6807378094317694E-018  -1.7388208026455012E-017  -5.8941975136655123E-015   9.6623618958351102E-018   9.9014093725006281E-019  -9.0511091853247010E-018  -1.4775992006416787E-018   4.5850096996976759E-018   4.5987232658243200E-018  -3.2596785598262150E-016   1.1784371488479318E-002   3.1853959034152271E-016   5.2285868695248677E-016
  -8.4306278619853386E-018   2.2340373122920259E-003   2.9323922163162431E-017  -8.0373504351663098E-018  -9.2955622090153114E-018  -2.1745737857797690E-018  -5.3159920225459645E-018  -4.2843632891604065E-018   4.6328535156716754E-018  -2.6641352608608557E-017  -7.4978973940596895E-016   2.1123178328229797E-002   9.8500614954706942E-018  -2.0252443287315108E-017   4.1522546642485804E-017   6.9053213512500883E-016   2.9845723353221435E-018  -3.4548331500583012E-019   2.2948241364608693E-018   4.1222604222431531E-018   1.3388914693647109E-015   6.5348280237498966E-018   5.2861845276840142E-016   1.5804332754883179E-017   1.0559225822551620E-017  -4.0369243333128187E-018  -2.6864098387720673E-018  -1.2358179768302437E-018   3.8913089463846916E-018   1.5504672228527493E-017  -1.0171748727573483E-015   3.0109308151803078E-002   1.3857597337188449E-017  -1.5201583514270816E-016   2.8361827006829770E-015  -1.6076205270774088E-003  -2.1347946720910917E-015   4.2124686938799807E-016   5.7996093175851866E-017  -4.8998316399685237E-016   4.0209946380062249E-018   3.0011907792985154E-017  -4.3255207151047034E-019   2.3601766472970617E-017  -1.0808961254811316E-015   8.3640548189792843E-018  -4.8996863255233599E-016   3.4895359735401399E-018   1.4492517455716563E-015   1.4690584866859821E-018   4.9119553260314466E-019   2.0450856675805784E-018  -4.6180613793064120E-018  -2.6738228283513923E-018  -3.3610731137980064E-018   2.9535347012436759E-017  -1.9343917291899045E-016   1.1784371488476716E-002  -1.2782878444043951E-016
   1.0548077650086675E-016   2.9323922163162431E-017   2.2340373122898454E-003  -6.3384112608052342E-017   3.8781221930088462E-017   1.0868911051452895E-017   1.4938796635366632E-017   5.4532862584655071E-017   1.2356892407372591E-017   4.0617786990497260E-017   4.1233900871752057E-016   1.5303913375537870E-016   2.1123178328224784E-002  -6.4923084205091228E-016   1.5335388052622898E-017   9.5617088623643094E-018  -5.1248293821279318E-016   2.0322223779939619E-017  -5.2111993064007017E-018   5.3864681645648821E-018   4.8207379834707967E-017  -5.4188414076571443E-016   3.4664283294241446E-017  -1.4615446946770055E-015   5.8057724565472811E-017   2.3010018160595144E-018  -3.0367412336316559E-018   5.8074792654641254E-017  -2.0384935037972282E-017   7.6166357605175956E-017   6.5664786325077867E-016   1.1895242559217456E-016   3.0109308151791837E-002  -9.2505254042788274E-016  -1.9358011065387988E-015  -2.6792869952096701E-015  -1.6076205270823794E-003  -1.1048500630087959E-015   3.2422131364784294E-017   2.9628819245246917E-017  -1.2961298619757578E-015   1.7833219075421848E-017   4.4160981435944271E-018   1.8047129455235916E-017   5.5250327119721109E-017  -1.2478664063967188E-015   3.1695936814458063E-017  -3.1368629027940575E-015  -4.9504073386602022E-015   3.4104522053880837E-017  -7.3244338742385327E-019  -1.9036777189793621E-018   2.0976784766501345E-017   6.2963891226368593E-018   2.8206770043137678E-017  -1.1159875726028320E-016   1.8195797867078663E-016   4.8450119146833330E-019   1.1784371488468618E-002
   1.2666175958801823E-016  -8.0373504351663098E-018  -6.3384112608052342E-017   6.8908051758409229E-005   2.3053450389915387E-016   3.5229850659089335E-018  -3.0556956796619073E-018   1.2665748830680989E-016   3.0331540653742204E-018   2.0025822889090010E-016   1.2063706767827568E-015  -4.6548802959628795E-017  -4.5746209691266550E-016   4.3424953174741937E-003  -1.5066293014923403E-017   1.7867423808342822E-018  -3.2105688621725096E-019  -7.1548818640296262E-018   4.7222374399321960E-018  -5.4641395298395959E-018   3.2448705929626706E-018   4.5979256913790766E-019   7.9061778341097457E-018  -9.0602617177016233E-019   4.3620063951732614E-016   6.1373650457543126E-018  -2.0072336274314572E-018   4.8723814468241371E-016  -4.5468503398666793E-018   4.3493939885509923E-016   1.7763645338872193E-015  -7.0858714411632572E-017  -7.2191674884899839E-016   7.5725832194554138E-003  -1.3284228714010938E-014   2.9150844619687894E-015   5.4803288369302549E-015  -1.2551274949928995E-003  -7.6419109858867085E-018   3.7937499502715077E-018  -3.1400944216971469E-018  -6.9068645371075958E-018  -8.9544111596244799E-019  -2.9681717691780145E-018   1.1892621139201428E-018   9.0232040578280417E-019   3.0935650037144463E-018   4.2903097138203772E-018   7.2737961102850116E-005   1.9339151989965026E-016  -4.5225069916330241E-019  -1.6136135098282709E-018   1.0623951352549705E-016   8.1602012025510347E-019   1.5243519242063669E-016   9.5292259652760176E-004  -1.6703471864660806E-016   1.5916692288093010E-016   8.0384848860168765E-017
   1.6250416211482284E-017  -9.2955622090153114E-018   3.8781221930088462E-017   2.3053450389915387E-016   8.2938860388888890E-028  -1.0953721624773856E-029  -2.2945745560420104E-029   4.7170678413454995E-028  -7.1464582434359883E-031   7.2089559126373101E-028   1.4690578828746107E-016  -9.4395688501026429E-017   3.6777850291238878E-016   1.4171920767414456E-014  -6.4834161042785963E-029   1.2210471781035717E-029  -1.0661799342000689E-029  -2.9162689927598809E-029   1.9739617582289557E-029  -2.0984271482618967E-029  -6.4172087514069829E-030  -4.3290690554014488E-030   1.8003519597972578E-029  -6.6019609244226380E-030   1.1274144185116135E-027   5.5666977122815262E-029  -1.9728970023533647E-030   1.3065499602858436E-027  -5.6087871299380201E-030   1.1330236207796510E-027   2.1260848225247041E-016  -1.3146043022702265E-016   5.2371618234510445E-016   2.4762078722881881E-014  -7.0369577268459596E-016  -6.6070717250838772E-016   8.4532868394112987E-017  -1.1755261720929988E-014  -6.1041282545498217E-029  -2.8977461808828599E-029  -1.0534720243639608E-029  -4.2260392716597692E-029  -2.9487306174234065E-030  -3.0701843654723742E-029  -1.3766193167652433E-029  -2.0166939896572538E-029   3.4352003806900584E-029  -3.1535167197845968E-029  -6.7971315306181938E-015   3.3714678642757497E-028  -1.8557043014527897E-029  -4.5504038481686460E-030   5.4074598849091362E-029  -3.5134811726536751E-030   1.9700086886365885E-028   2.5695966727150119E-015   3.9162413218674393E-017  -9.3935173660930983E-017   2.1213275992524126E-016
   1.0913492740645057E-017  -2.1745737857797690E-018   1.0868911051452895E-017   3.5229850659089335E-018  -1.0953721624773856E-029   2.0889324803788607E-029   2.5206779840075043E-030  -7.6476729793365829E-030   8.1702108597185617E-030  -6.2343234373388461E-030   9.8945917775224553E-017  -8.4755370548818264E-018   1.0346736759189449E-016   2.1508168867831981E-016  -3.0515217450291285E-030   2.2677248345480935E-030   8.3566615993681244E-030  -5.5081312432726234E-030   3.7898818026956498E-030  -1.2256910275915457E-029   3.9966646439227009E-029   1.7947747067751573E-030   1.9895815985545421E-029  -1.9120681022090707E-029   3.9250340112997532E-029  -2.7570947422646575E-029  -2.5307615110872675E-030   3.3530874648051789E-029  -6.6416062456231588E-030   3.1921720479487527E-029   1.4305634793810065E-016  -1.7827192763085169E-017   1.4715114475333143E-016   3.7562543466681492E-016  -4.4318548884981687E-016   1.2415594518018576E-015   6.4009161283730812E-017   9.7200996188254784E-017  -3.2464277591127499E-029   5.9703816618847715E-029  -2.4760691025421898E-029  -9.7044767614539767E-030  -2.7665084902436223E-030  -5.0456881285370778E-030   6.5571378037294391E-029   2.7412823123100757E-030  -9.7552716135126580E-032  -2.4009502285054509E-030   6.2757538653469871E-015   2.3489229953773903E-029   1.5150981487846965E-029   4.7428184416167463E-031   2.1241046939238141E-029   3.0576630432037140E-030   2.1495443716736696E-029   5.4899334113796061E-017   2.8279071492118213E-017   7.1954999100594663E-017   6.2165340831764433E-017
   3.0109392076626847E-017  -5.3159920225459645E-018   1.4938796635366632E-017  -3.0556956796619073E-018  -2.2945745560420104E-029   2.5206779840075043E-030   6.2886143532928246E-030  -1.6790490700040037E-029   4.0563697922422535E-032  -1.9206168661958050E-029   3.0530131257588725E-016  -4.9650843723839184E-017   1.3591581042740246E-016  -8.6046626780726319E-017   1.0017718722252990E-028  -3.6586770722713502E-030  -1.3614579007885225E-029   4.5483056503111766E-029  -1.9655394548283309E-030   4.0922195675273662E-029  -6.2731885905929876E-030  -1.3588550950823017E-029  -1.3636882138144271E-030  -3.0679264274368454E-029   7.6557452009774958E-029  -4.1485261420256842E-030  -3.5249941646768717E-031   7.2040599210633432E-029  -2.7811677195969353E-031   7.4446221272741720E-029   4.2538113594702433E-016  -7.1064400490263542E-017   1.9627205102341746E-016  -1.6452323016163616E-016   2.0932016588648933E-015   6.6690760585964183E-017  -5.5791862976094956E-016   2.2566399664466564E-015   1.7983916881236603E-028   5.2813201674230676E-030  -2.7649072269663119E-029   7.4062471907008389E-029   6.6845099622134871E-031   7.4439581228059155E-029   8.6373722860851308E-031  -2.5267292873656714E-029  -3.0465475542328519E-030  -6.1343946764888528E-029   8.6637824294166785E-016   7.8189099798564669E-029   7.6612703026480901E-031  -2.8939816778870819E-030   8.2389796897561305E-029   1.3727313997039907E-030   8.4761836973464090E-029   1.3924010493283885E-016   3.0111109881781302E-016  -2.3811917031855856E-017   4.1987974797123686E-017
   2.1176390150465831E-018  -4.2843632891604065E-018   5.4532862584655071E-017   1.2665748830680989E-016   4.7170678413454995E-028  -7.6476729793365829E-030  -1.6790490700040037E-029   2.9357264718655607E-028  -1.5302204629016641E-030   4.1295852132864931E-028   2.9829758535914148E-017  -7.3678272878844532E-017   5.6191110130781304E-016   7.6057961533971314E-015   3.1279133787137053E-029  -3.2880305682317454E-029   6.4057001618061865E-029  -1.0457702841077806E-030   1.8244941605904637E-029   1.2261493449026613E-030  -9.4888860975465351E-029   6.4965868299915146E-029  -2.9662550554589268E-029   1.2619945600708635E-028   4.8300393370567028E-028   3.1310138274573433E-029   7.3820473301370546E-031   5.7198429114792085E-028  -2.6520565505870368E-030   4.8792310777147846E-028   3.7856976689682931E-017  -8.9251922404793371E-017   7.7894618147643026E-016   1.3314351675092950E-014   1.0047152718466180E-015  -3.4001380536359747E-015   4.7106667629526175E-015  -1.0103642154630479E-014   6.3580035729653365E-029  -9.1002413547266969E-029   1.1562202748040672E-028   3.0168539823698490E-029  -7.4927575999400865E-030   3.6858874765636025E-029  -1.7392221607547658E-028   1.0946980349985232E-028  -6.1569195046681315E-029   2.6248909353347723E-028  -3.5089373078694980E-015   4.1049825539132434E-029  -7.1084911529248228E-030  -3.7250147410147993E-030  -9.9139630180163799E-029  -3.4232494745246470E-030  -3.9304437146742316E-029   1.1092542224199674E-015   7.8869228997206861E-017  -2.5156528589748619E-016   6.0722609356108351E-016
  -9.4492964807397334E-019   4.6328535156716754E-018   1.2356892407372591E-017   3.0331540653742204E-018  -7.1464582434359883E-031   8.1702108597185617E-030   4.0563697922422535E-032  -1.5302204629016641E-030   4.7404864176696849E-030  -1.0363712415773934E-030  -2.3674293445577306E-017   4.5940981009854276E-017   1.2255005251084280E-016   2.2380953198090331E-016  -5.5242912673587480E-029  -6.6549502344261890E-031   9.4654496302701440E-030  -2.7090050756861563E-029   7.8826917147605332E-031  -2.7393919916138985E-029   1.1428200676675654E-029   6.8385166960357555E-030   4.6998647156274435E-030   5.4876591946247693E-030   5.6477426697778372E-029  -1.1465683248098269E-029  -1.7421067631759481E-030   5.6727264674117683E-029  -4.3323988289420133E-030   5.4363964859480319E-029  -2.6737623848319507E-017   6.4469134210143859E-017   1.7196818287434099E-016   3.8572211000990030E-016  -1.5116661321692703E-015   2.1588843516640878E-016   5.7734550249270385E-016   7.2012097571575931E-016  -1.1679143333010915E-028   1.5150618425047385E-029   3.9011144522906215E-030  -4.7104375822939841E-029  -9.2562964487238884E-031  -4.6973766291443622E-029   9.5488245051223589E-030   1.3355848795871714E-029  -6.8335200399720759E-030   2.5558173856985622E-029   2.3565820448511405E-015   4.4659974877907581E-029   6.8921281032947616E-030   1.9621487098842527E-030   3.7853315148411993E-029   1.4886488361625180E-030   3.9748771447655482E-029   1.0353366978323751E-016  -1.0673369396468666E-016   3.9187011483882859E-017   1.0462316520807045E-016
   4.0876022498987952E-018  -2.6641352608608557E-017   4.0617786990497260E-017   2.0025822889090010E-016   7.2089559126373101E-028  -6.2343234373388461E-030  -1.9206168661958050E-029   4.1295852132864931E-028  -1.0363712415773934E-030   6.3430325344396655E-028   4.4118238240862589E-017  -2.7884394614835023E-016   3.6711998643511113E-016   1.2238403089790391E-014  -1.4179639387624443E-029  -3.4817727403397661E-029  -3.5749776979576596E-029  -1.1538302168595640E-029   1.9520473111841575E-029  -8.3054812969410634E-030  -9.5072949924190526E-029  -3.1389264457904647E-029  -1.9501586634393979E-029  -7.0007309225481448E-029   9.2843947216798439E-028   4.3000587989737808E-029  -1.5539521704975695E-030   1.0762440426880858E-027  -1.1531583215782916E-030   9.3426543096308064E-028   6.0286431743883395E-017  -3.8465711801191447E-016   5.3134684725182172E-016   2.1393650752296278E-014   5.5822414524241929E-016  -2.7455310856533804E-015  -1.7660510048409159E-015  -1.1597610201900953E-014   1.9869184305402189E-029  -7.5085002755595558E-029  -7.5258368528704588E-029  -2.7093420453709294E-031  -2.7874098524506999E-030   1.3148752078678453E-029  -1.4496741453878489E-028  -7.4668969649977161E-029  -3.8702034971676412E-029  -1.6121039931119355E-028  -4.2527467459973530E-015   2.3982939869999025E-028  -1.2912269477881236E-029  -5.8233665002315876E-030  -5.0929424275001574E-030  -3.4701587536354518E-030   1.2077838092237704E-028   2.1152982061748776E-015   5.9316489702833569E-017  -3.2653768808206462E-016   9.7403820275286046E-017
   2.1123178328235868E-002  -7.4978973940596895E-016   4.1233900871752057E-016   1.2063706767827568E-015   1.4690578828746107E-016   9.8945917775224553E-017   3.0530131257588725E-016   2.9829758535914148E-017  -2.3674293445577306E-017   4.4118238240862589E-017  0.19990175945770958        4.5378454514400184E-016  -1.1250261511049839E-015  -1.3140696462936305E-015   1.6029714468208401E-014   2.1714185605710615E-018  -6.2709702721282526E-017   6.5798913808172373E-015   5.7356706911093811E-017   4.8942327873845744E-015  -2.5813651184554998E-016  -1.4969553632768067E-016  -9.3631769125960711E-017  -1.8581265478768156E-016   5.4420525359499824E-017   1.0774370528707049E-017  -8.0501380269370225E-017   1.1297604477367833E-016  -1.1044528503331410E-016   2.2736702641523036E-017  0.28485810321271848       -1.5611225075841418E-015  -4.5538595983918906E-016   4.6506942595702198E-015   3.1395761978534843E-003   5.1849062517319015E-015  -8.6847442384955476E-015   5.3753643296009987E-015   1.5784504895111145E-014   5.0174621635932507E-017  -1.1387962157049056E-017   5.5006225642582130E-015   6.9645505325264278E-018   5.1026742311911403E-015  -1.4209690193455039E-016  -2.9438767899129602E-017   1.0986472121474556E-017  -1.6904165199733029E-016   1.3040783753556379E-014   6.5338440775018457E-017  -1.3763198302780373E-018  -1.0924045781291350E-016   3.9499667169007617E-018   4.3436038610378764E-017   5.2713123161112693E-017   2.0628408293692760E-016  0.11265699851903997       -7.3608678511281291E-017  -1.3654432829685086E-015
   7.3840935827744108E-016   2.1123178328229797E-002   1.5303913375537870E-016  -4.6548802959628795E-017  -9.4395688501026429E-017  -8.4755370548818264E-018  -4.9650843723839184E-017  -7.3678272878844532E-017   4.5940981009854276E-017  -2.7884394614835023E-016   4.5378454514400184E-016  0.19990175945766639       -6.3061872549496714E-016   3.8948723468101251E-017   3.5055367914466166E-016   6.8089590210072068E-015   2.8900392689957554E-017   2.1936731098792561E-017   1.7538855169419888E-017   6.7342772633823012E-017   1.3290248189416657E-014   5.9810715129889041E-017   5.2684848520620231E-015   1.3501227995901881E-016   5.0152415566517915E-017  -3.7943760798238318E-017  -2.4339540937976565E-017  -3.1508951183906038E-017   2.3122204924030862E-017   7.7929761638853290E-017   1.1034925612793887E-015  0.28485810321275495       -1.0482605800927486E-015  -1.4404564992100666E-015  -2.2720698133562212E-015   3.1395761978680681E-003  -1.2472546119336395E-015   2.6171728023387049E-015   5.7502599634212370E-016  -4.1365532237935934E-015   3.3157248547814175E-017   2.6043281813666080E-016  -3.1581003040321306E-018   2.0592159139262089E-016  -9.1055650833296354E-015   8.2359865378888742E-017  -4.1224915590048506E-015   4.0966386476313717E-017  -5.0870145624666913E-016  -5.8868875869821636E-018  -2.7370239987893604E-018   2.0320043728348632E-017  -4.7919722876368833E-017  -2.2134054933325204E-017  -4.2148669954900610E-017   1.9793272249290128E-016   6.7108334151162704E-016  0.11265699851901675       -4.5882465711873473E-016
   4.9486762788847823E-016   9.8500614954706942E-018   2.1123178328224784E-002  -4.5746209691266550E-016   3.6777850291238878E-016   1.0346736759189449E-016   1.3591581042740246E-016   5.6191110130781304E-016   1.2255005251084280E-016   3.6711998643511113E-016  -1.1250261511049839E-015  -6.3061872549496714E-016  0.19990175945776828       -2.0100354014337356E-016   1.7606821711061041E-016   1.1498112696718174E-016  -4.5583004129279431E-015   1.8361385607167874E-016  -4.0239605219085784E-017   4.8255555093488140E-017   4.9147686617596050E-016  -4.8416258093717840E-015   3.3313309312487199E-016  -1.3237907350927745E-014   5.7637459651571773E-016   1.7151515506717056E-017  -2.7587695230112992E-017   5.7273903758330627E-016  -2.1059898356375280E-016   7.4188801921682646E-016  -8.9764964777787819E-016  -2.0970183422970212E-015  0.28485810321286048        2.1820931344336623E-015   3.5914189596160043E-015   2.1431787067734142E-015   3.1395761978965271E-003   3.4318594939188565E-015   3.1950151943506953E-016   2.9957753253542136E-016  -1.1694906004292082E-014   1.9031474086503079E-016   2.6918210289369178E-017   1.8347253466306423E-016   5.8845167741618168E-016  -1.1255066185302492E-014   3.2141682914073891E-016  -2.8394637510540009E-014   8.3990490860901814E-015   3.2343875524929564E-016   2.4083327586154465E-018  -1.5253948792292302E-017   2.3099025377393008E-016   6.1231986420998690E-017   2.5194397906359413E-016   1.2809689997400027E-015   2.5839727213334866E-016   5.9142288501036122E-016  0.11265699851902899     
  -1.1479131550499252E-015  -2.0252443287315108E-017  -6.4923084205091228E-016   4.3424953174741937E-003   1.4171920767414456E-014   2.1508168867831981E-016  -8.6046626780726319E-017   7.6057961533971314E-015   2.2380953198090331E-016   1.2238403089790391E-014  -1.3140696462936305E-015   3.8948723468101251E-017  -2.0100354014337356E-016  0.27800392910129640       -1.0528520174887800E-015   1.1353073706742537E-016  -1.2661727255825254E-016  -4.3948687697535182E-016   1.9599440044733835E-016  -2.8177260452447629E-016   1.1614366125700085E-016  -4.2732453394507526E-017   4.3491160149108132E-016  -8.0844136880604418E-017   3.1191325595508439E-014   3.5481031046116122E-016  -1.5565259508353919E-016   3.4456938674645832E-014  -3.3727676127420454E-016   3.1097935762591907E-014  -2.6207740285829528E-015   3.0629712082743482E-016  -3.1407506537572284E-015  0.48420422318486622        2.8454631178945107E-014   1.9690778766081891E-014  -2.9014342555487137E-014   8.7617138499859262E-003  -4.3231244646950441E-016   1.9648504309112293E-016  -1.3277043200336873E-016  -4.5981922764193608E-016  -1.5615651238688784E-017  -2.7025003789485323E-016   3.8607627549293005E-017   2.7832586444915903E-017   2.2515832846563541E-016   1.5690509741722432E-016  -9.7193185169010377E-005   1.5712357174063785E-014  -3.3989989177406349E-017  -1.0228449046196501E-016   1.0060239778193312E-014   8.7683286542679317E-017   1.3140285594132284E-014   6.7342105968137819E-002  -5.8817212899600614E-016   1.4866102084450761E-015  -2.1111362858838813E-015
   1.6220843935696519E-015   4.1522546642485804E-017   1.5335388052622898E-017  -1.5066293014923403E-017  -6.4834161042785963E-029  -3.0515217450291285E-030   1.0017718722252990E-028   3.1279133787137053E-029  -5.5242912673587480E-029  -1.4179639387624443E-029   1.6029714468208401E-014   3.5055367914466166E-016   1.7606821711061041E-016  -1.0528520174887800E-015   3.8876141426019038E-027  -4.6562738955448200E-029   3.4428789198096309E-029   1.6806743710063863E-027   2.3102963158572525E-029   1.4788164882565077E-027  -1.8569578043232672E-028   3.5120771636316273E-029  -3.6725868034441620E-029   5.5935106062920736E-029  -9.7799431530092679E-029   2.3158380630366203E-029   2.0387164328002582E-029  -1.8839565460453796E-028   3.7328347905198182E-029  -1.3245868170186567E-028   2.2519684173433552E-014   5.1967678266098431E-016   2.3619824176939592E-016  -1.8221760629782669E-015   6.9900309099107333E-014  -4.3441787673418312E-015   3.1767966909768824E-015  -1.6817274426120631E-015   6.4540202179578392E-027  -1.0759507182313113E-028   5.2778594497852818E-029   2.6591653731194014E-027  -1.8321461326486144E-029   2.6795885984757893E-027  -3.1779836578493249E-028   5.7163924115308447E-029  -1.6015254129089816E-028   1.7079569702417753E-028   2.8849207285985241E-015  -2.0610330965079200E-028  -3.0454933795379522E-029  -9.7632431633461483E-029  -1.8544086879635294E-029   3.4090789168879876E-030  -6.9322841897155218E-029  -3.7387532446571795E-016   1.3337728797591000E-014  -7.1233920550461406E-017   2.9536739846584627E-016
  -3.6041363138876979E-020   6.9053213512500883E-016   9.5617088623643094E-018   1.7867423808342822E-018   1.2210471781035717E-029   2.2677248345480935E-030  -3.6586770722713502E-030  -3.2880305682317454E-029  -6.6549502344261890E-031  -3.4817727403397661E-029   2.1714185605710615E-018   6.8089590210072068E-015   1.1498112696718174E-016   1.1353073706742537E-016  -4.6562738955448200E-029   6.6840647081667177E-028   3.1431058692109763E-029   4.4702471023343579E-029  -7.4844071093149575E-030   5.6903415256567561E-029   1.4083652716692441E-027   3.2572984689259038E-029   5.8645219810110441E-028   6.6794238831391200E-029  -7.9685886557053062E-029   2.1538963124142808E-029   2.9241027270450340E-030  -2.7198169449196584E-029  -1.8560631033939342E-029  -1.0360233266934395E-028   1.9007455223695164E-018   9.5725327788083219E-015   1.5221230262192394E-016   1.9816359978209854E-016   2.5778386584801937E-016   2.8218270400268456E-014   2.5144410229544435E-015  -2.6134808420826143E-016   8.7858357667049588E-029   6.0786244763524974E-028   8.1536838243873095E-029  -1.8957442934999110E-029   1.5177528715998131E-030  -1.6035696096098517E-029   1.4296236396500101E-027   7.1934141198410238E-029   6.7978347459570921E-028   1.6834815804520090E-028  -5.1445157494649947E-015  -4.1030794465025044E-029  -2.2915052075576446E-029   2.1895197495671231E-030  -1.7575885777982689E-029   2.0916058097276021E-030  -3.0895432482502851E-029   1.1644999814639237E-017   1.7151602681123851E-017   5.5744338626316323E-015   2.2006948137266397E-016
  -6.2455094118977927E-018   2.9845723353221435E-018  -5.1248293821279318E-016  -3.2105688621725096E-019  -1.0661799342000689E-029   8.3566615993681244E-030  -1.3614579007885225E-029   6.4057001618061865E-029   9.4654496302701440E-030  -3.5749776979576596E-029  -6.2709702721282526E-017   2.8900392689957554E-017  -4.5583004129279431E-015  -1.2661727255825254E-016   3.4428789198096309E-029   3.1431058692109763E-029   5.8663013594851955E-028  -2.8077162259399831E-029   1.9869057867037609E-029  -1.8730779573814710E-029   5.1869423550581293E-029   5.8098208565105742E-028   4.6331956899163048E-030   1.2638090775634744E-027  -4.9785989443042250E-029  -2.0725519025770562E-029   1.9907266010954848E-030  -6.2058540436734447E-029  -2.5447477687317415E-029  -6.5659313357574023E-029  -8.7648462781648289E-017   4.0871389701396384E-017  -6.6340734221203038E-015  -2.0658715800706989E-016  -3.7076645443594212E-016   6.7702774928988062E-017   2.9847280646049570E-014  -1.9998302086201675E-015  -2.4290274055635742E-029   3.8801820420715582E-029   1.1865919879185317E-027   1.9577999252342292E-029  -2.7116857222471741E-029   8.7298397215646963E-030   9.1797921595962116E-029   1.1640675424888446E-027   1.1163915914902406E-029   2.7589994788220803E-027   3.1310339691270335E-015  -8.3522747735511049E-029   2.2899130384209762E-029   5.3746227737749167E-030  -2.5161086671200863E-029   1.7370185662232089E-030  -1.0795528865472686E-028  -1.7433597784703359E-016  -5.8191771921293825E-017   2.0442861498767023E-017  -7.2002098422668915E-016
   6.6297520971958169E-016  -3.4548331500583012E-019   2.0322223779939619E-017  -7.1548818640296262E-018  -2.9162689927598809E-029  -5.5081312432726234E-030   4.5483056503111766E-029  -1.0457702841077806E-030  -2.7090050756861563E-029  -1.1538302168595640E-029   6.5798913808172373E-015   2.1936731098792561E-017   1.8361385607167874E-016  -4.3948687697535182E-016   1.6806743710063863E-027   4.4702471023343579E-029  -2.8077162259399831E-029   7.4439005382093337E-028   5.3614741879534336E-030   6.6166316492575381E-028   5.6918916199423992E-029  -2.5153157822811240E-029   4.4093381365502353E-029  -5.5728658724532158E-029  -2.1524650638774050E-029   2.0043653280883849E-029   9.9761599143614375E-030  -5.0521701732018777E-029   1.6944394017070608E-029  -3.8983350187166166E-029   9.2310454044782877E-015   1.9285984198400255E-017   2.6578451733205568E-016  -7.6788164710378955E-016   3.1468799175235289E-014   2.5861774084817218E-015  -8.9044065838201099E-016   3.1886190902456370E-016   2.8643202168739935E-027   6.6710034639032822E-029  -4.8061772802341090E-029   1.1698534307677519E-027  -4.6500921842006471E-030   1.1806638954297613E-027   1.3722225522667912E-028  -5.1945596345482130E-029   6.7938603916099434E-029  -1.0275875235881016E-028  -8.9316633027850887E-016  -5.8562230052037823E-029  -2.2014613646304755E-029  -4.3740518163302534E-029   2.3590190482668316E-029   1.5473846844234946E-030   7.5817393273376211E-030  -8.2294746132042009E-017   5.6464317019929942E-015   1.7215652938013677E-016   4.8273986801080310E-017
   5.7012816250622235E-018   2.2948241364608693E-018  -5.2111993064007017E-018   4.7222374399321960E-018   1.9739617582289557E-029   3.7898818026956498E-030  -1.9655394548283309E-030   1.8244941605904637E-029   7.8826917147605332E-031   1.9520473111841575E-029   5.7356706911093811E-017   1.7538855169419888E-017  -4.0239605219085784E-017   1.9599440044733835E-016   2.3102963158572525E-029  -7.4844071093149575E-030   1.9869057867037609E-029   5.3614741879534336E-030   4.0489559728075563E-030   2.5233695062646424E-030  -1.0064844409974753E-029   1.7862499587482131E-029  -3.1377249599839105E-030   3.0966091649165651E-029  -4.9035598168560395E-029  -4.1300283547707210E-030   2.5280028224710764E-031  -4.9953268597454741E-029  -4.1059303096217525E-031  -5.0040834115215165E-029   8.0116749512153097E-017   2.6977597306615924E-017  -6.1652973649816670E-017   3.5545629617217003E-016   3.4989517164788222E-016  -4.2838324177552299E-016   9.3057148140018628E-016  -2.0831211081202951E-015   2.7276132954120903E-029  -5.1218769035387436E-030   2.5762950447561489E-029   1.4996045266619306E-029  -2.3905019026284788E-030   1.7043058851561213E-029  -2.5292219676689332E-029   3.2078255958039321E-029  -1.8647804294818835E-029   7.5182307388626890E-029   1.2972632959470168E-015  -6.5480878104146912E-029   3.4407431980009237E-030  -4.5922796097613245E-031  -6.5265818652812758E-029  -2.5446425769100841E-031  -6.8753884535816335E-029  -1.0177102453434600E-016   5.3890463842087162E-017  -1.6605113691542869E-017   3.4867035355883915E-017
   4.8659492742742833E-016   4.1222604222431531E-018   5.3864681645648821E-018  -5.4641395298395959E-018  -2.0984271482618967E-029  -1.2256910275915457E-029   4.0922195675273662E-029   1.2261493449026613E-030  -2.7393919916138985E-029  -8.3054812969410634E-030   4.8942327873845744E-015   6.7342772633823012E-017   4.8255555093488140E-017  -2.8177260452447629E-016   1.4788164882565077E-027   5.6903415256567561E-029  -1.8730779573814710E-029   6.6166316492575381E-028   2.5233695062646424E-030   5.9779966999718938E-028   7.4734612470496426E-029  -1.2947651764836489E-029   4.9024239794697711E-029  -2.1017455431307812E-029   2.2081009424226761E-029   2.7810774516148737E-029   1.0447892262129003E-029   4.5361524063875371E-032   1.7024443068078528E-029   6.9385747147501098E-030   6.8368180491655359E-015   8.2504698573576831E-017   7.0055750810492334E-017  -4.9965272852431710E-016   2.9753496955057074E-014   2.9074754825067456E-015  -2.7827243212970740E-016   1.2232304062432405E-015   2.6092853592527389E-027   6.5851621054360668E-029  -1.3026883364482110E-029   1.0686760317368465E-027  -3.4947501104081790E-030   1.0792824306070551E-027   1.6196266739486769E-028  -2.7109094907563665E-029   8.8986355626736051E-029  -4.1838961010209423E-029  -3.0096923159110339E-015  -1.7501619563241769E-029  -2.5971244578535981E-029  -4.0562492391330339E-029   5.7847134153346588E-029   7.6545556233225859E-031   4.4141725131904957E-029   2.1057529347433840E-017   4.5920962706143512E-015   2.1755647026535577E-016   9.9520636588738312E-018
  -2.5928683997302945E-017   1.3388914693647109E-015   4.8207379834707967E-017   3.2448705929626706E-018  -6.4172087514069829E-030   3.9966646439227009E-029  -6.2731885905929876E-030  -9.4888860975465351E-029   1.1428200676675654E-029  -9.5072949924190526E-029  -2.5813651184554998E-016   1.3290248189416657E-014   4.9147686617596050E-016   1.1614366125700085E-016  -1.8569578043232672E-028   1.4083652716692441E-027   5.1869423550581293E-029   5.6918916199423992E-029  -1.0064844409974753E-029   7.4734612470496426E-029   3.0402413903858888E-027   4.2834361907463526E-029   1.2737591692343673E-027   4.5575835904348774E-029  -2.2106661628177215E-028   9.1649627270020900E-031   2.6557230990794028E-030  -1.1963307765570792E-028  -4.9249038792008799E-029  -2.8423209930289527E-028  -3.6178202589559010E-016   1.8644204375374404E-014   6.8360017610241849E-016   2.1453181380407430E-016  -1.3127833406389809E-015   6.3759956542552939E-014   3.6249843739208785E-015  -1.8796241208419205E-015   1.3771467743525779E-029   1.4605381456263747E-027   7.0410601943282145E-029  -1.0838968215733615E-028  -1.3583187912304362E-031  -9.2093270374302614E-029   3.3025878740168777E-027   9.8652911350785637E-029   1.5159875937518621E-027   2.1719956786906448E-028  -6.1586451153072541E-016  -1.3101464631272801E-028  -2.4803262161098910E-029   6.9651649320122348E-030  -7.7981211920442541E-029   8.9023235066027591E-030  -1.0863367674199575E-028  -1.0536524775711026E-016  -2.2634995458217477E-016   1.1417080465690273E-014   5.0050970584442972E-016
  -1.5765909580656077E-017   6.5348280237498966E-018  -5.4188414076571443E-016   4.5979256913790766E-019  -4.3290690554014488E-030   1.7947747067751573E-030  -1.3588550950823017E-029   6.4965868299915146E-029   6.8385166960357555E-030  -3.1389264457904647E-029  -1.4969553632768067E-016   5.9810715129889041E-017  -4.8416258093717840E-015  -4.2732453394507526E-017   3.5120771636316273E-029   3.2572984689259038E-029   5.8098208565105742E-028  -2.5153157822811240E-029   1.7862499587482131E-029  -1.2947651764836489E-029   4.2834361907463526E-029   5.7818272627473105E-028   6.2635499663905465E-032   1.2698561298405731E-027  -2.3989657253908054E-029  -1.2082028482884828E-029   2.5993108394951595E-030  -3.2666287563596842E-029  -2.3074555930518424E-029  -3.7970322687726847E-029  -2.1308055404321987E-016   8.6195154613926639E-017  -7.0353945900323079E-015  -6.4880962802691259E-017  -5.2920196484720867E-017  -2.0756064912676475E-016   2.9321324838443448E-014  -1.4061803914672058E-015  -5.5057459185090798E-030   2.1573445860414864E-029   1.1936346931114910E-027   2.5475833330299058E-029  -2.5640810381874711E-029   1.3385217996877905E-029   7.4041116037037713E-029   1.1619744291407282E-027   1.2908232745226231E-029   2.7594265860577781E-027   1.1577521375799967E-015  -5.9965248276180690E-029   1.7753167806473947E-029   4.9292250492997938E-030  -4.6853223547059913E-030   9.6704118919345341E-031  -8.3903380842267165E-029  -1.1086959112519035E-016  -8.7487652832211350E-017   2.0822592921974727E-017  -9.1191928353378739E-016
  -1.0530653308511812E-017   5.2861845276840142E-016   3.4664283294241446E-017   7.9061778341097457E-018   1.8003519597972578E-029   1.9895815985545421E-029  -1.3636882138144271E-030  -2.9662550554589268E-029   4.6998647156274435E-030  -1.9501586634393979E-029  -9.3631769125960711E-017   5.2684848520620231E-015   3.3313309312487199E-016   4.3491160149108132E-016  -3.6725868034441620E-029   5.8645219810110441E-028   4.6331956899163048E-030   4.4093381365502353E-029  -3.1377249599839105E-030   4.9024239794697711E-029   1.2737591692343673E-027   6.2635499663905465E-032   5.3678017184152153E-028  -2.4202970383100537E-029  -7.2212767291570654E-029  -1.5300629454205612E-030   1.2332424957898785E-030  -2.6362121174101394E-029  -2.0345408920057078E-029  -1.0038524970219472E-028  -1.3628705530625918E-016   7.3812595720666401E-015   4.7229671167873003E-016   7.6694980111505647E-016   6.1675387960056255E-016   2.7354463386861802E-014   5.2672718226374769E-016  -1.3993083042033211E-015   9.1344108010297776E-029   6.3878024408204713E-028  -1.2873438023143653E-029  -1.0418216408570014E-029  -1.2715393382983262E-031  -6.4034175259007069E-031   1.4319673191812022E-027   4.7236500027554633E-030   6.5362492812119863E-028   4.9075790295440927E-030   5.9615550068230634E-016  -5.7455837217492514E-029  -9.8352208906150010E-030   1.1021958674558821E-030  -4.0670380752159938E-029   4.0544999103645051E-030  -4.8535540930201561E-029   4.5752309135157973E-018  -1.4563565908605395E-017   4.6543968196179411E-015   2.1996734264273549E-016
  -1.9114216827979711E-017   1.5804332754883179E-017  -1.4615446946770055E-015  -9.0602617177016233E-019  -6.6019609244226380E-030  -1.9120681022090707E-029  -3.0679264274368454E-029   1.2619945600708635E-028   5.4876591946247693E-030  -7.0007309225481448E-029  -1.8581265478768156E-016   1.3501227995901881E-016  -1.3237907350927745E-014  -8.0844136880604418E-017   5.5935106062920736E-029   6.6794238831391200E-029   1.2638090775634744E-027  -5.5728658724532158E-029   3.0966091649165651E-029  -2.1017455431307812E-029   4.5575835904348774E-029   1.2698561298405731E-027  -2.4202970383100537E-029   2.8568916253866836E-027   1.1194132660496420E-029   2.0630579193792158E-030   7.1819495127348027E-030   3.1314098725611127E-030  -4.0077458308093675E-029  -1.3037063982523502E-029  -2.6244273146963054E-016   1.9930472562246563E-016  -1.9145866943817637E-014  -1.3750889060415326E-016  -5.0794834706210982E-016  -1.4909238841289951E-015   6.0687511379906922E-014  -6.6774109938580619E-016  -2.7546027637301376E-029  -1.6591026340791382E-029   2.6835674749670362E-027   3.7811856043637742E-029  -4.9448243794653260E-029   5.5086953019062693E-030   8.9478297901058586E-029   2.5803325141164836E-027   2.9266019158548867E-029   6.1607878759197248E-027  -4.2161515466301884E-015  -5.2039959412107900E-029   2.1355327488833883E-029   1.0902153490928849E-029   5.7810777965931642E-029  -1.0150268699139755E-030  -1.0088367485002014E-028  -6.4424999147864630E-017  -1.3592569477461170E-016  -1.6176226852547614E-017  -3.6972928319802381E-015
   4.2855314712850255E-018   1.0559225822551620E-017   5.8057724565472811E-017   4.3620063951732614E-016   1.1274144185116135E-027   3.9250340112997532E-029   7.6557452009774958E-029   4.8300393370567028E-028   5.6477426697778372E-029   9.2843947216798439E-028   5.4420525359499824E-017   5.0152415566517915E-017   5.7637459651571773E-016   3.1191325595508439E-014  -9.7799431530092679E-029  -7.9685886557053062E-029  -4.9785989443042250E-029  -2.1524650638774050E-029  -4.9035598168560395E-029   2.2081009424226761E-029  -2.2106661628177215E-028  -2.3989657253908054E-029  -7.2212767291570654E-029   1.1194132660496420E-029   5.9713102658191455E-027  -2.5215844911288131E-029  -4.0331123147342252E-029   6.3117503431425266E-027  -7.7256392675518216E-029   5.9473513424771727E-027   7.0963015111538200E-017   9.5111699839767654E-017   8.0853190270158078E-016   5.3890956173409710E-014   1.4231077989229341E-015  -5.1055906904391203E-015   2.7725684379333555E-015   6.7313240092135246E-014   8.8241060794737988E-029  -1.1536130034749871E-028   6.1851020972844697E-029  -3.1911819013556251E-030   2.2707651771797999E-029  -2.4332116929755787E-029  -3.4287738139169179E-028   3.8759136127461736E-029  -1.4229885291713988E-028   4.9706875701980606E-029   4.7989489976937626E-015   4.2584268136506320E-027   1.5526747065228770E-029  -1.2508695210552034E-029   3.5766323182259712E-027   3.9333829184048179E-029   4.0048770704092016E-027   1.2267276082956416E-014   1.1855871538762528E-016  -2.8728917221531753E-016   4.9559663293829094E-016
   1.3237866103533072E-019  -4.0369243333128187E-018   2.3010018160595144E-018   6.1373650457543126E-018   5.5666977122815262E-029  -2.7570947422646575E-029  -4.1485261420256842E-030   3.1310138274573433E-029  -1.1465683248098269E-029   4.3000587989737808E-029   1.0774370528707049E-017  -3.7943760798238318E-017   1.7151515506717056E-017   3.5481031046116122E-016   2.3158380630366203E-029   2.1538963124142808E-029  -2.0725519025770562E-029   2.0043653280883849E-029  -4.1300283547707210E-030   2.7810774516148737E-029   9.1649627270020900E-031  -1.2082028482884828E-029  -1.5300629454205612E-030   2.0630579193792158E-030  -2.5215844911288131E-029   4.0491068811486326E-029   3.6623210328094461E-030  -6.7156307004977915E-030   8.1328899682132581E-030  -1.6739356434868592E-029   1.0830364536039952E-017  -5.4193081744788584E-017   2.6637410334615159E-017   6.2358791272559580E-016   9.7696004169198555E-016   2.6093312197856240E-017  -4.7412288539835915E-016  -1.1829061843659903E-015   8.4398128954002293E-029  -3.3772799010591980E-029   1.1583218010459850E-029   2.5364513577301075E-029   3.7239454047104193E-030   2.0752899890101092E-029   1.8005183560924700E-029  -2.4165407766182132E-029   5.0896581815049986E-029  -4.4633264014276150E-029  -8.7886371974397776E-015  -3.7910386023862743E-029  -2.2489526268839349E-029  -1.4366588802041035E-030  -4.5681544484936389E-029  -4.1651058154297071E-030  -3.9926049744784410E-029   6.1569980352908372E-018   6.6433675023400689E-017  -1.9734369487579416E-017  -1.9649549259804858E-017
