   1.4776211406500178E-003  -1.9803545791807324E-017   1.1083464941527764E-016  -3.0186735163571923E-017  -6.8252107538391998E-018   1.8457776676472243E-017   6.1712275893968929E-018   1.5472283569755175E-017  -1.1688852488815527E-017  -1.9674623618743721E-017   1.5760251116726090E-002  -3.2235703890520692E-016   6.3005371059455123E-016   1.1859981353388029E-016  -1.0399573874452583E-015   1.8702503420351430E-019   1.5393484366423637E-017  -3.3258308371505885E-016  -7.7106105583278781E-019  -3.1828119181931209E-016  -7.5334824379810060E-018  -6.8153539775479972E-018   3.6628913487708565E-018   1.1338363869104460E-017  -1.1338699407476918E-017   6.8996467199563400E-018  -8.1620315826013937E-018  -5.9781268483770572E-018   1.3210037473465100E-017   6.6671284594100246E-018   2.4812736840553632E-002  -5.3091240110853707E-016   1.0175557922776855E-015   1.7058885125264048E-016  -1.5172185031166281E-003  -3.1867539693219074E-015  -4.0288419545482168E-015   7.5152675120470380E-016   4.5268857710099390E-005  -2.2950283247377872E-016   1.1813064650003975E-015  -1.6510669455053374E-015  -2.2043188462279394E-015  -2.0254015807567244E-018   1.5699460637119792E-018  -1.1070132522237344E-015  -3.9902223085241685E-018  -1.0362456631474886E-015   2.0903214523055285E-018   5.6211562540755258E-018  -3.5213400896154020E-018   7.9172444382128074E-018   4.8428766294992026E-016   1.1260934625732262E-016   1.2479155645451948E-016   1.2439295886624013E-016  -3.4755649844412197E-017  -1.9849816508635768E-017   1.7257822648550351E-016  -1.1299759635349283E-016   1.1136786782514148E-002  -3.9001663021498850E-016   2.8448713167774428E-016   1.5822484390166493E-015   1.5632984787399332E-015  -4.4666980991856722E-016  -2.7283545627552132E-016   2.2012018829050963E-015  -1.3043168453707883E-015
  -1.9803545791807324E-017   1.4776211406494924E-003  -4.1087991984278193E-017   1.8215351701099806E-017   1.0661015036483237E-018  -2.7930208180501769E-018   1.0733721279412743E-017   6.3955082719461818E-018   3.8954175552803147E-018  -4.3278590111771151E-019   6.8566148832045097E-017   1.5760251116724817E-002   2.2121935894206849E-016  -1.0460040405982992E-015   2.5291965129778658E-017  -8.5916287128733340E-017  -5.9634915254551852E-020   1.3606312024227279E-017   3.3526891543875238E-019   1.3832344677396556E-017  -5.9113238984496316E-016   5.6479947376239050E-018  -2.1144952594436708E-016   2.1586931734408354E-017   3.8244280069105953E-017  -1.4895522023934040E-017  -3.0659497868592885E-018   2.2968940937089361E-017   5.7876679370087116E-018   2.9157799342602158E-017   1.8075321585880081E-016   2.4812736840546131E-002   1.1858137663556392E-016  -1.9865982365830418E-015   3.8342641727829819E-016  -1.5172185031183381E-003  -1.6729755263322003E-015   7.5643985361867154E-017  -5.2185749415470667E-016   4.5268857709991966E-005   9.7061158638520634E-016  -2.0700264278287539E-015   9.8358165421270726E-019  -8.2379032169085912E-016   9.9832641017022102E-018  -2.3554323635810073E-018   1.5398848618855727E-019   1.0455747919767388E-018  -1.5365329891611056E-015   4.5313668834949059E-018  -6.1769704706574548E-016   1.0919786667390532E-017  -9.7551402746095100E-016  -8.8298540500675543E-016   9.4694054810441459E-017  -2.5908083982388693E-017   5.7178971242395972E-017  -4.9960157945766129E-017  -1.0941385891733841E-017  -6.8751586344260317E-018   9.9730186099959678E-017   1.1136786782512544E-002   5.6775617027722234E-017   1.1081627524963089E-015  -3.5743623603561550E-016   6.9034757583447147E-016  -8.3111415967545833E-016  -1.4064647609702722E-016  -2.0753123821543367E-016
   1.1083464941527764E-016  -4.1087991984278193E-017   1.4776211406500933E-003  -4.7271148822376625E-017  -8.6495573440873634E-018   4.4432678396396398E-018   2.3735799615685619E-017   2.3515012736246338E-017   1.0373671167186038E-017   8.0238823004731931E-017   4.5053373898947723E-016  -4.9502715756046550E-016   1.5760251116727519E-002  -4.2286625285111222E-016  -1.1215164115905457E-017   2.7688061773881057E-018   1.6648952524266548E-016   1.2817573251484476E-017  -3.2709487153547988E-018   9.6763905751827429E-019  -3.6755558255501189E-017   2.0927631361248863E-017  -1.3111758298620621E-017   7.5559292377730916E-017   1.8393991295227033E-016  -1.2608045263427560E-017  -3.9733171304674129E-018   1.3221210270143193E-016  -1.5013315805702839E-017   1.2319493901836581E-016   7.9566572239902723E-016  -9.1217966530205763E-016   2.4812736840548529E-002  -4.4724975804964294E-016  -2.8346868581407708E-017   2.4661309526676767E-015  -1.5172185031201680E-003   4.1037557050552686E-015  -4.2828819596088235E-017   3.3061494275450436E-015   4.5268857711830949E-005  -1.2211080449488818E-015   4.6086091153956977E-018  -1.5018504224652923E-017  -4.0205186264742026E-016  -1.0731470614110459E-017   5.5359395574515163E-018   5.6761930802087147E-018  -4.5944212415865828E-018  -3.2430782613512611E-016  -6.4657606903853271E-018  -5.6498523209900643E-016   1.1925547904687997E-015   2.8250221322148030E-016  -2.7760492800804305E-016   1.2480853409300364E-016   7.6694607553636604E-017  -1.8546132905091863E-016  -3.2856043421186815E-017   5.9657597739170188E-016   3.3156083813959245E-016  -3.1105298963874849E-016   1.1136786782515798E-002  -3.9430707785433804E-015   1.4830885556679795E-015   9.4885725836749012E-016  -2.8999364501164704E-015  -4.4411293875882094E-016   6.8912911287544989E-015
  -3.0186735163571923E-017   1.8215351701099806E-017  -4.7271148822376625E-017   4.2861010350951245E-005   1.0820488258738219E-016   2.1343274167368970E-018   1.4778340669785209E-018   1.2664108969230714E-016  -7.4691097067021020E-018   1.2320961044481237E-016  -3.4521235099808414E-016   3.3573562498406857E-016  -5.1197178699612514E-016   2.5489351668734660E-003   1.9710980726225081E-017  -3.1766197777556306E-017   4.8106547357914267E-018  -1.3866402946433020E-017   1.0840571302558141E-017  -1.0538838251401260E-018   1.5053534718453298E-018  -1.9938622064138396E-017  -4.4921684046028641E-018   8.6036216815820559E-018   3.3727090488884170E-016   1.5415775164820831E-017   4.9538393158449235E-018   3.8318130204441050E-016   5.2190085242339551E-018   4.3890606628235043E-016  -5.1176028078065981E-016   5.0901233421027779E-016  -7.3529440184652997E-016   5.8889608816242063E-003  -2.9281950174581312E-016  -4.4012865421183361E-015  -4.7493845704918830E-015  -1.3851329803359477E-003  -2.3302454182834962E-015   2.9132312109572705E-015  -1.1157322859892790E-015   1.6291657159842169E-005  -1.0260245522539553E-017   1.8266825398839446E-017  -7.0212165863875303E-018   1.4169154914758642E-017  -1.0647410025880197E-017   6.2436683473392834E-018  -2.0709787605770772E-017   1.6791899878956995E-017  -5.2628257600312928E-018  -6.1121715297014957E-018   1.5709613409068094E-006   2.4390316561616714E-003  -2.7249235605779000E-015   8.1704360576681806E-016   4.9331364730077235E-016   1.0042412567711721E-015   1.6817824248645642E-017   2.7557604284575465E-015  -2.5318393681078523E-016   1.5033173510622466E-017  -5.6167678195871547E-016  -3.8111541442738800E-014   1.0275997050480654E-014   6.1676903008901638E-015   8.0847789207717961E-015   1.9721417768176565E-016   3.0809297759732359E-014
  -6.8252107538391998E-018   1.0661015036483237E-018  -8.6495573440873634E-018   1.0820488258738219E-016   3.0414355773958558E-006  -8.4269840455654146E-019   4.8564333143670556E-018  -1.5207177886934704E-006  -7.8614227922569453E-019  -1.5207177886969788E-006  -1.1518085375598637E-016   2.5837749693094706E-017   1.4154953275039438E-017   9.9956348741961848E-015  -3.1137924621313150E-020   6.3251128336245071E-019  -8.4014300411609012E-019  -3.1311554832911696E-018   6.6274113544230713E-019   2.1686160578307783E-018  -5.8430603178030513E-019  -3.1487097760068528E-019  -5.1094859435645553E-019   7.0727362716724209E-019   1.4272388242620861E-006   3.4843758046036309E-019  -1.2107623571042244E-019  -7.1361941213053312E-007  -4.5539509468010038E-018  -7.1361941212868013E-007  -1.6110008212261405E-016   3.3683851146999611E-017  -2.1039065583547678E-017   2.2474684562569573E-014  -1.7572194441017683E-015   3.3691272737184569E-015   4.5142365672417206E-015   5.5512742276724848E-015  -7.3809261396185949E-016   4.4472399409414740E-016  -8.7340054767674826E-017   1.6437685716623097E-015  -6.9053060012044195E-019  -8.0003089264904976E-019  -3.9816249342419974E-019   2.1472221048075349E-018  -7.4987330614481096E-019  -2.3252753923032026E-018   3.5158768921319039E-019  -6.3359636587745455E-019  -4.9727034961606765E-019   4.1269228153810110E-019   1.6717001145925489E-015   1.0013649902606474E-014   1.8946286944468020E-004   7.1838873478352807E-017   1.0063376761926002E-016  -9.4731434722355144E-005  -1.7000135464515432E-016  -9.4731434722330031E-005  -1.6018750301360254E-016   1.6649642006174049E-016   2.0465225761213790E-016   2.3927266409722739E-003   8.8494069581635785E-016   1.2943851133056368E-015  -1.1963633204862887E-003  -2.1952145954215231E-015  -1.1963633204859980E-003
   1.8457776676472243E-017  -2.7930208180501769E-018   4.4432678396396398E-018   2.1343274167368970E-018  -8.4269840455654146E-019   3.0414355773993947E-006  -2.4041646231238484E-018  -4.4711695917228812E-018  -1.2315399547773405E-018   2.0985129727882110E-018   1.5486333368674027E-016  -2.9003175160800136E-017   4.1090202147568434E-017  -6.5989003577361080E-016  -2.3921352684889593E-019   1.5899796503451866E-019  -9.6458079891431942E-019   1.0519684551458076E-020   3.4845305230860332E-019  -1.1931962741529813E-018   1.1327135113709089E-018   3.6474975035076495E-019   3.3963552492704036E-018  -6.3102528083638111E-019  -7.7524045297100199E-018   1.4272388242601300E-006   4.0360512475900592E-018  -9.8813650197898013E-019  -1.5928196369986664E-018  -1.3324107595950580E-018   2.7132007488960220E-016  -3.6826878109032938E-017   6.8205552349504780E-017  -1.4259445760036463E-015  -1.5054280970241954E-015   1.5712536710397548E-016   1.8343669314617672E-015   7.2416832730529552E-016   6.3420329978614477E-016  -4.0985746248734448E-016  -1.1704040616282961E-016   1.0183645131696970E-016  -1.7534450471950603E-018   2.1648507566523979E-018  -4.3135838738606052E-019   1.5503288057282944E-018  -6.0120498562884065E-019   8.5803128446822486E-019   1.9661872937257889E-018  -1.5811913075751791E-019  -9.6718831744405531E-019  -8.1366819248955811E-019  -4.8648258533800934E-016  -6.1625990215199499E-016  -1.2084340133179695E-016   1.8946286944480654E-004  -1.0080648623986629E-016   3.2826197320016894E-017  -8.7926564041691867E-017   8.5716547135172523E-017   4.2787574748029119E-017  -1.2686087951473328E-017   1.1073644432252123E-016  -1.5470749335110351E-015   2.3927266409736548E-003  -1.2509284849934555E-015   4.4155005653701726E-016  -1.0879357878378848E-015   1.1080663199226938E-015
   6.1712275893968929E-018   1.0733721279412743E-017   2.3735799615685619E-017   1.4778340669785209E-018   4.8564333143670556E-018  -2.4041646231238484E-018   3.0414355774058359E-006  -5.5370119573592918E-018  -1.1250238846809252E-018   1.0793833542673927E-018   6.8115502843561540E-017   1.0223704875137740E-016   2.5115620823185951E-016  -3.9926201056574988E-016  -4.1420097903912024E-019   3.9032106334470048E-019  -2.2980848933617240E-018  -5.3755141582475936E-020  -1.2945108969115708E-019   1.2817751740040015E-018  -8.3294077071462490E-019  -1.8029849195537537E-018   4.2815287806814984E-019  -1.7019802039431933E-018   3.0704833960766433E-018   2.2023932997369418E-018   1.4272388242637994E-006   6.7636009288315261E-019   2.3375458811961902E-018  -9.0632935072682049E-019   1.0390887059469771E-016   1.6597000341337176E-016   3.8958634544629136E-016  -8.4317815390900987E-016  -4.9337930231415213E-016  -1.3262340668361591E-016   7.1091203270841969E-016   3.0760151737826016E-016   1.2402672589328978E-015   8.4092892392813597E-017  -8.7875694469993424E-016  -9.1841252030843713E-016   1.0616027668320544E-018  -2.5376109260225613E-019  -4.5555750831432667E-019  -5.2168613731952878E-019  -2.1342948529256036E-019  -9.1257647381725567E-019   8.9583964390247103E-019  -8.9006898166843286E-019  -1.4754050492726235E-020  -2.8122808854212130E-018   4.6823942886239177E-016  -3.6643890522184213E-016   1.9929496424914276E-016  -5.0120570689205029E-017   1.8946286944500657E-004  -1.2583382415352185E-016   3.9830398374111317E-017  -7.1885691073871883E-017   2.7099103213769159E-017   6.6796155973356807E-017   2.0679925725776940E-016   2.5275782371609944E-015  -6.4137964746850497E-016   2.3927266409761879E-003  -1.6120554895761094E-015   5.3289719976810630E-016  -9.1862118087118417E-016
   1.5472283569755175E-017   6.3955082719461818E-018   2.3515012736246338E-017   1.2664108969230714E-016  -1.5207177886934704E-006  -4.4711695917228812E-018  -5.5370119573592918E-018   3.0414355773995264E-006  -2.6603797215581566E-018  -1.5207177887088904E-006   1.5158096045643683E-016   1.0579967682355972E-016   3.2139360441050276E-016   7.1232439219480402E-015  -1.4555078028103790E-019  -3.6285757867578009E-019   1.4775426064079690E-019   7.2160920401056597E-018   5.6774701499947043E-019  -6.1336325275721167E-018  -1.4530100067329948E-019  -9.5967883085258398E-019   5.6091741234143702E-019   1.0258601244207087E-018  -7.1361941212722217E-007  -2.9966575441825119E-018  -2.6594980883688143E-018   1.4272388242672356E-006   3.0866802137000304E-018  -7.1361941213881604E-007   2.4381603359258494E-016   1.4951355953098542E-016   4.7891911761272335E-016   1.6536055737914402E-014  -1.9805742076883143E-015   2.4417165384954888E-015   2.6055031025106663E-015   6.6640859164272984E-016  -1.6107928902507485E-015  -5.5233138563733590E-016   1.5295864978818090E-015   5.6765561092749516E-015   4.1897991835370639E-019   9.3236268432855437E-019   6.9923863549476033E-019  -5.5261678876291716E-018  -1.2134176061503122E-018   5.9382041578706639E-018  -2.3929244818055108E-018   1.2438743676728039E-018   7.2847673683117927E-019  -2.0632104303983049E-018   3.3540253190453014E-016   6.9366098545108484E-015  -9.4731434722056162E-005  -3.1519766789451264E-016  -2.1651261537570794E-016   1.8946286944478431E-004   7.7154220134234259E-017  -9.4731434722726090E-005   2.2476644192336962E-017   1.8199946721108151E-016   3.3915689378282346E-016  -1.1963633204824825E-003  -3.9542251893699751E-015  -2.7429091398321221E-015   2.3927266409737242E-003   9.9832073682134640E-016  -1.1963633204912429E-003
  -1.1688852488815527E-017   3.8954175552803147E-018   1.0373671167186038E-017  -7.4691097067021020E-018  -7.8614227922569453E-019  -1.2315399547773405E-018  -1.1250238846809252E-018  -2.6603797215581566E-018   3.0414355773949126E-006   4.0885457512992129E-018  -1.4601122919701871E-016   4.9175967265316621E-017   9.7681213242719218E-017  -4.4366903744406157E-016  -1.6717218078902646E-019   1.6403110596171151E-019   1.5237347474696838E-018   1.2755801159867078E-019   2.4113710533320189E-019   1.3958835122654180E-019  -2.2650576540203543E-018   5.3202386333379542E-018  -3.6582543737468056E-018   2.3914699382542025E-018   3.5384107169568108E-018   2.2190982089762166E-018  -2.8188903381901312E-018  -3.0425526301958814E-018   1.4272388242632630E-006   1.5236145367530963E-019  -2.2463049043133576E-016   7.7047271823489380E-017   1.5406434841840019E-016  -1.0210677508593686E-015   1.5268063152121771E-015   2.8255931040419973E-016  -1.6758216748790491E-015   6.4720730371538144E-016   1.5318301447733725E-015   1.7340461153875089E-015  -1.5208059237402202E-015   1.0818533608136804E-015   2.2747690898546340E-019  -2.8456398951871332E-018   3.1125235448664824E-018  -5.4193895553619155E-019   1.2287246110843927E-019   3.0866618843606949E-019  -3.8712681235886438E-018   4.1026499368976400E-019   5.9176885368038498E-019   6.6055861060109838E-018  -6.0725349718406201E-016  -4.0694179238749664E-016   1.2616443687055857E-016   7.5409552448021840E-018  -1.1116053261468006E-016  -2.4378465398232002E-016   1.8946286944465581E-004   1.1755476799664310E-016  -3.5945177693332222E-017   4.2527212206670596E-017   4.3633360311591521E-018   1.5746589253977356E-015   1.2338653503781131E-016  -1.4200261324116945E-015  -3.0890737896478269E-015   2.3927266409718975E-003   1.5161214346337703E-015
  -1.9674623618743721E-017  -4.3278590111771151E-019   8.0238823004731931E-017   1.2320961044481237E-016  -1.5207177886969788E-006   2.0985129727882110E-018   1.0793833542673927E-018  -1.5207177887088904E-006   4.0885457512992129E-018   3.0414355774032965E-006  -2.0590133544750764E-016   2.9456884179927470E-017   7.2211212222234031E-016   5.4373526473582470E-015   1.7668870495883257E-019  -2.6965370490674904E-019   6.9238874354659228E-019  -4.0849365569733654E-018  -1.2304881503502061E-018   3.9650164696825837E-018   7.2960703258603776E-019   1.2745498083203968E-018  -4.9968818004747823E-020  -1.7331337514647328E-018  -7.1361941213232671E-007   1.1393668507884707E-018   2.9677193752659162E-018  -7.1361941213803253E-007   1.7685498865285026E-018   1.4272388242662890E-006  -3.2450944647930128E-016   2.8810475322782599E-017   1.1863632825725874E-015   1.2840593374892710E-014  -1.7078709966166053E-015   3.2523887254404035E-015  -2.6364799122949615E-015   8.3549802150206988E-015   1.5029166750521307E-015   1.7584286084667393E-015  -1.3384029351395435E-016   2.6139442237641520E-015   2.7155068160071279E-019  -1.3233179150179691E-019  -3.0107614216112938E-019   3.3789457828871899E-018   1.9632909122016540E-018  -3.6129287655815826E-018   2.0413367925195495E-018  -6.1027800168328212E-019  -2.3120638720725123E-019   1.6505181487807651E-018   1.8684698760176915E-015   5.6683369908391467E-015  -9.4731434722287246E-005   4.3061802598112109E-017   1.4072195104100236E-016  -9.4731434722605730E-005   1.3284129298454319E-016   1.8946286944489588E-004  -2.2082131826145259E-016   1.6209926611440706E-016   4.0377115241419899E-016  -1.1963633204855380E-003   5.3973372179947053E-016   1.7622675580534143E-015  -1.1963633204896650E-003   1.7019800078849477E-015   2.3927266409752173E-003
   1.5760251116726090E-002   6.8566148832045097E-017   4.5053373898947723E-016  -3.4521235099808414E-016  -1.1518085375598637E-016   1.5486333368674027E-016   6.8115502843561540E-017   1.5158096045643683E-016  -1.4601122919701871E-016  -2.0590133544750764E-016  0.16827345788374989       -8.4806341109349413E-017  -5.9422929151297726E-016  -3.1172604013021220E-016  -1.0768675133983205E-014   2.9034785343516231E-017   1.5638353897492507E-016  -3.3989061881075765E-015  -1.9918309780864259E-017  -3.2256717539811813E-015  -9.1442861587156873E-017  -5.6291064623659660E-017   3.4586175157520685E-017   1.2353011410840910E-016  -1.4171904648390225E-016   7.3301411103185203E-017  -8.1458595095573509E-017  -7.8985143834774766E-017   1.1248890697259124E-016   6.3360889284455355E-017  0.26484298807488083       -5.9011028887332182E-016  -8.4908736831025564E-016  -2.1553744725345041E-015   2.0683678159531854E-003   9.3517899718179131E-015   1.1233594448606587E-014  -6.4581547255751845E-016  -4.2538528688740198E-004   9.1653063271908364E-016   6.4139594733820302E-016   3.9840567968170804E-015  -2.3131674549314841E-014  -3.1494665810504801E-017   2.3649083285284119E-017  -1.1639491379788145E-014  -3.1757341845588734E-017  -1.0898631490319525E-014   2.8928366104226819E-017   5.3024186366286523E-017  -3.1128074523890472E-017   8.9466839739937302E-017  -2.9514893574272180E-015  -7.6247617087011399E-016  -2.8737307988338058E-016  -3.8066141978282442E-016   9.3989627096782443E-017   6.8319264786104658E-017  -3.3713838730030621E-016   1.1889335400115821E-016  0.11970831650125031        1.2305694637249450E-016   2.1944347786187736E-016  -3.3857146877177835E-015  -4.8833909148087348E-015   1.1327839000394974E-015   7.2789319331568030E-016  -4.1339087119611717E-015   2.7077429335209733E-015
  -3.2235703890520692E-016   1.5760251116724817E-002  -4.9502715756046550E-016   3.3573562498406857E-016   2.5837749693094706E-017  -2.9003175160800136E-017   1.0223704875137740E-016   1.0579967682355972E-016   4.9175967265316621E-017   2.9456884179927470E-017  -8.4806341109349413E-017  0.16827345788378267        1.6412364091645236E-015  -5.1488271399231865E-017   2.7066772483906003E-016  -8.1240464486433140E-016   3.3449355742099405E-018   1.3141410253045568E-016  -1.5717621187626496E-018   1.5919895166617451E-016  -6.0789004848045638E-015   6.3018200125787584E-017  -2.1551564335643512E-015   2.5454315176322099E-016   4.5623243073264162E-016  -1.4784470934421940E-016  -3.5207838404776328E-017   3.0699980203550755E-016   5.6370790534923003E-017   3.7482588666380825E-016   3.9466566929586458E-016  0.26484298807487411        4.7488135268300511E-017   4.7865825388306195E-015  -4.8945450092871428E-016   2.0683678159428244E-003  -3.8202118448370232E-015   1.4031975713267059E-015   1.6217462025557317E-015  -4.2538528688740968E-004  -5.0414717446639641E-015   4.0386488047972041E-015   2.6324239557401481E-017  -8.6997302593969551E-015   1.2013576502436719E-016  -1.6083335001786173E-017   5.5111833192508678E-020  -7.2309786259243225E-018  -1.6174784646958042E-014   6.2702894096498275E-017  -6.4993706940953584E-015   1.2595816944015499E-016   3.3005758367999380E-016   1.7338082824510015E-015  -6.9478965412165499E-017  -3.3584631225111345E-016  -7.7831954431447428E-017   3.4381755804014601E-016   2.3838830527403798E-016   1.6759187835443717E-016   2.8760640051640428E-016  0.11970831650126647        7.5364875176143919E-016  -2.0429870255458147E-015  -4.4885552712674563E-015  -1.3106872879698622E-015   2.0077778193177632E-015   2.9869851192046915E-015   6.7722348412083676E-016
   6.3005371059455123E-016   2.2121935894206849E-016   1.5760251116727519E-002  -5.1197178699612514E-016   1.4154953275039438E-017   4.1090202147568434E-017   2.5115620823185951E-016   3.2139360441050276E-016   9.7681213242719218E-017   7.2211212222234031E-016  -5.9422929151297726E-016   1.6412364091645236E-015  0.16827345788377204       -4.9413919987678648E-015  -1.1546884394000979E-016   2.2546315020603063E-018   1.8224094832471121E-015   1.0843555809040399E-016  -2.5525469182557047E-017   7.2695684301174018E-018  -3.5116567908366591E-016   2.4104925443243926E-016  -1.4603877593630559E-016   8.3091564763069354E-016   2.0529850535590015E-015  -1.4933464244724274E-016  -6.1877122206046484E-017   1.4905319780383094E-015  -1.4255385235371456E-016   1.3655382392769153E-015  -2.8910613878313199E-016   1.3677632849139824E-015  0.26484298807483841       -5.2677532771053552E-015  -2.7890158540977988E-015  -2.9138181171025478E-015   2.0683678159294054E-003  -1.0710334830280994E-014  -2.9364293290261818E-016  -8.6017496304609865E-015  -4.2538528689569770E-004   1.2394863163298503E-015   5.1149788076822722E-017  -1.3587193343902824E-016  -4.3368895286625252E-015  -9.8433276845399504E-017   5.1217397100467772E-017   5.5012209339834869E-017  -6.6028786664186371E-017  -3.4786107725154098E-015  -5.7965014005947850E-017  -6.0764500335949657E-015   9.6068460825325036E-016   7.1225014577857797E-016   9.9921591631376623E-016  -1.6001406611845248E-016   2.3742941393738666E-016   9.4227419663391085E-016  -2.1155151967281666E-016  -4.1026028532064931E-016  -4.2147441533054368E-016   3.4227376291719713E-016  0.11970831650127302        7.6383185866985407E-015  -2.9981964746709870E-015   2.7070933128724746E-015   5.2966988629708562E-015  -3.0018914043179005E-015  -1.2347825339933705E-014
   1.1859981353388029E-016  -1.0460040405982992E-015  -4.2286625285111222E-016   2.5489351668734660E-003   9.9956348741961848E-015  -6.5989003577361080E-016  -3.9926201056574988E-016   7.1232439219480402E-015  -4.4366903744406157E-016   5.4373526473582470E-015  -3.1172604013021220E-016  -5.1488271399231865E-017  -4.9413919987678648E-015  0.15592929709726078        1.1081267682069899E-015  -1.8593984853347970E-015   3.0856260194577325E-016  -7.6455460725779508E-016   6.3417446781598050E-016  -9.9025393550019515E-017   5.1736304679291468E-017  -1.0993799975894816E-015  -3.3871077785476563E-016   5.9536298131146738E-016   2.0021151398317613E-014   5.6166585970728554E-016   7.8788289159271632E-017   2.1840795007775925E-014   2.6278744342994340E-016   2.3341053495926759E-014   1.4067564208082825E-015  -2.5241443260811426E-015  -4.1047730768979142E-015  0.35935321219583471        1.5620770210416212E-014  -1.8227805815485806E-014  -8.7054440485152074E-015   7.0888306457047544E-003   9.4607632808439026E-015  -6.7550293933948958E-015  -3.5517950768893218E-015  -3.3209430727661351E-004  -5.9933856535941859E-016   1.0095863777967619E-015  -4.2046454811166870E-016   7.7329046480992141E-016  -6.2999803098352135E-016   3.4305716028130560E-016  -1.1843459666149031E-015   9.7137885815122561E-016  -3.1841425611724245E-016  -3.6187775196480889E-016  -4.7395511307417151E-005  0.15275311757871526        2.6461768201848694E-014  -1.4974396151435674E-015  -1.2663318086408202E-015   1.9629407495989804E-014  -1.1806342713035609E-016   1.3087068373622621E-014   7.6225050710319628E-016  -2.7093021997998475E-015  -2.9851928173386340E-015   1.2469755107182389E-013  -2.0542836919097405E-014  -1.9845053874242795E-014  -6.2141100271715131E-016  -2.5081599390198026E-015  -6.9257038101956918E-014
  -1.0399573874452583E-015   2.5291965129778658E-017  -1.1215164115905457E-017   1.9710980726225081E-017  -3.1137924621313150E-020  -2.3921352684889593E-019  -4.1420097903912024E-019  -1.4555078028103790E-019  -1.6717218078902646E-019   1.7668870495883257E-019  -1.0768675133983205E-014   2.7066772483906003E-016  -1.1546884394000979E-016   1.1081267682069899E-015   1.3403455011504523E-027   3.3333651220360282E-029  -2.2347716194352374E-029   4.9856200592126776E-028  -1.5951790244918495E-029   5.3742087857146827E-028  -2.1454637662018275E-029   2.4644834096232118E-029  -1.4925292753515775E-029   3.9246061201622076E-032  -1.4611933514242945E-020  -1.1225450087320943E-019  -1.9436996222330930E-019  -6.8301865606752116E-020  -7.8448029168447817E-020   8.2913799630398373E-020  -1.7110228070300724E-014   4.2570004926282890E-016  -1.8380580336558740E-016   2.5734516903431566E-015   3.4799514556800992E-014   6.6055986326321507E-017   4.6531523177686660E-016  -1.9619719928438450E-015  -9.0347409266265121E-016  -5.0257180632657317E-017   4.2836269484062977E-016  -3.5665730403269975E-016   2.2457912018152445E-027  -2.0593176824962017E-029   9.4135455139760300E-030   1.0981624388356799E-027   1.7871530850017296E-029   1.0152234318530320E-027  -2.4732099069448314E-029  -6.4279519727445681E-030   1.9013347536542451E-030   3.4962007739180786E-030  -2.1237065253887915E-016   1.0078761031171774E-015  -1.9397026188537669E-018  -1.4901542395132528E-017  -2.5802192423702681E-017  -9.0669250690184583E-018  -1.0413806330474217E-017   1.1006627688348061E-017  -6.1313707317249729E-015   1.9531538755463893E-016  -6.1877251948594740E-017  -2.4496505017472038E-017  -1.8819158384394075E-016  -3.2585589666529837E-016  -1.1450619970210209E-016  -1.3151596359712786E-016   1.3900270471975028E-016
   1.8702503420351430E-019  -8.5916287128733340E-017   2.7688061773881057E-018  -3.1766197777556306E-017   6.3251128336245071E-019   1.5899796503451866E-019   3.9032106334470048E-019  -3.6285757867578009E-019   1.6403110596171151E-019  -2.6965370490674904E-019   2.9034785343516231E-017  -8.1240464486433140E-016   2.2546315020603063E-018  -1.8593984853347970E-015   3.3333651220360282E-029   1.0011060749056490E-028  -9.6715132685876192E-030   2.7627400069387667E-029  -1.4140559825705132E-029   3.4293433612173052E-029   1.6041194465824093E-028   1.5476154060632013E-029   7.5345619092531955E-029   2.5247379248793708E-030   2.9681531526114502E-019   7.4612156959215128E-020   1.8316395707161664E-019  -1.7027630915909638E-019   7.6974033084641943E-020  -1.2653900694183601E-019   3.2650440515588535E-017  -1.3292301587856193E-015   1.6707108404249958E-017  -4.3020305897369426E-015   2.8367740219875936E-015   1.0916326443127716E-014  -2.8202662456193563E-015   1.6328645516616403E-015   2.9036333381785726E-016  -5.8795685285620903E-016   6.4440076156207262E-016  -5.8498372627038388E-016   7.4143554583608402E-029   8.0366398397652807E-029   1.9782481664572429E-029   1.8833158117273238E-029   9.4291298623333788E-030   7.5928820536148325E-030   2.3813779000769347E-028  -3.0117686649242335E-030   9.2666436244858744E-029   1.6036511957388788E-029   1.1503892094457616E-015  -1.7551118102237516E-015   3.9401591673134531E-017   9.9046025878369793E-018   2.4314619456331006E-017  -2.2603812013166135E-017   1.0218136541385370E-017  -1.6797779660769028E-017   1.4469834371752311E-016  -9.9452258133781458E-017  -1.2209028076420974E-016   4.9760271429374372E-016   1.2508522936254053E-016   3.0706933716773095E-016  -2.8546354939762424E-016   1.2904484976568493E-016  -2.1213916489676489E-016
   1.5393484366423637E-017  -5.9634915254551852E-020   1.6648952524266548E-016   4.8106547357914267E-018  -8.4014300411609012E-019  -9.6458079891431942E-019  -2.2980848933617240E-018   1.4775426064079690E-019   1.5237347474696838E-018   6.9238874354659228E-019   1.5638353897492507E-016   3.3449355742099405E-018   1.8224094832471121E-015   3.0856260194577325E-016  -2.2347716194352374E-029  -9.6715132685876192E-030   3.7435965439008740E-029  -1.9945298531684503E-029   2.5524199033635824E-030  -1.0715117582083417E-029   1.0541992064883810E-029   9.0537377059302993E-030  -4.4414269510320180E-030   2.1048031439458307E-029  -3.9424958468364680E-019  -4.5264386843976748E-019  -1.0784104735469623E-018   6.9335881703843830E-020   7.1503516485202057E-019   3.2491370319758712E-019   2.4994416524175817E-016   3.3304346967040904E-018   2.8466535324145790E-015   7.0823790004442315E-016  -7.5588995871180015E-016   4.4801510758001921E-016   4.7127659124358441E-015   3.0607232157843197E-016   1.5733183258793977E-015   6.8119208682928733E-016   3.0607775960768241E-016  -4.3483024044210470E-018  -4.2078879086597165E-029   6.2204273757615184E-030  -5.8664370212037951E-029  -1.3366026986213183E-029  -1.4242446723899322E-030  -2.0173065735197353E-029  -5.9190291589543099E-030  -3.8389295158527700E-029   3.4821988960873837E-030  -7.2217282689945633E-029  -8.5701623672399295E-016   3.1356721627826779E-016  -5.2335780344003948E-017  -6.0087495304150968E-017  -1.4315665975628594E-016   9.2041884420427338E-018   9.4919372836331869E-017   4.3131591902099450E-017   7.7478932756219235E-017   2.1728106834309386E-017   1.5016322133816662E-015  -6.6094858729997956E-016  -7.5884499809870412E-016  -1.8079255034795367E-015   1.1623969888262701E-016   1.1987367909899108E-015   5.4470888841749191E-016
  -3.3258308371505885E-016   1.3606312024227279E-017   1.2817573251484476E-017  -1.3866402946433020E-017  -3.1311554832911696E-018   1.0519684551458076E-020  -5.3755141582475936E-020   7.2160920401056597E-018   1.2755801159867078E-019  -4.0849365569733654E-018  -3.3989061881075765E-015   1.3141410253045568E-016   1.0843555809040399E-016  -7.6455460725779508E-016   4.9856200592126776E-028   2.7627400069387667E-029  -1.9945298531684503E-029   2.3324030168390731E-028  -1.1967114034439086E-029   1.9730495945902720E-028  -3.9385527722830488E-029   1.8547282942191715E-029  -1.1935417424297158E-029  -4.4194030792601000E-030  -1.4693412229819416E-018   4.9365182551464946E-021  -2.5225398691491309E-020   3.3862583824757108E-018   5.9858491766017281E-020  -1.9169171599911320E-018  -5.4227815501112032E-015   2.1352188760625076E-016   1.8438559690719320E-016  -1.7788354648154621E-015   1.5669379837647679E-014  -1.4583576585874465E-015  -2.9972339000195129E-015   1.6823886083817311E-015  -3.5439924833409898E-015  -2.7198272757569218E-016  -6.7028760232213635E-016  -2.4623019417625613E-016   8.2511467863297736E-028  -3.0443408101052323E-029   1.5861548942410430E-029   3.6656349778398140E-028   1.0804208907244540E-029   3.8228505086839712E-028  -2.2058547405743641E-029  -1.0942168989990004E-029  -5.3403623754046767E-030   1.9449413304746163E-030   1.3031918671370845E-016  -6.8261787088382016E-016  -1.9505187186567479E-016   6.5531212905482878E-019  -3.3486171613744241E-018   4.4951848208316100E-016   7.9460854196940336E-018  -2.5446661021787627E-016  -1.7288976140227092E-015   2.9685414855940398E-017  -5.3855793885181344E-017  -2.4633101543965539E-015   8.2759370949919012E-018  -4.2289687240093221E-017   5.6769690591236968E-015   1.0035111539726864E-016  -3.2136589047273157E-015
  -7.7106105583278781E-019   3.3526891543875238E-019  -3.2709487153547988E-018   1.0840571302558141E-017   6.6274113544230713E-019   3.4845305230860332E-019  -1.2945108969115708E-019   5.6774701499947043E-019   2.4113710533320189E-019  -1.2304881503502061E-018  -1.9918309780864259E-017  -1.5717621187626496E-018  -2.5525469182557047E-017   6.3417446781598050E-016  -1.5951790244918495E-029  -1.4140559825705132E-029   2.5524199033635824E-030  -1.1967114034439086E-029   5.8899779542078152E-030  -1.4380900202807103E-029  -1.1681339703997099E-030  -5.8673311724080536E-030  -4.0371683516102761E-030   1.5605553305584202E-030   3.1100112269587332E-019   1.6351677095762833E-019  -6.0746846791505227E-020   2.6642372057645991E-019   1.1315716870231366E-019  -5.7742484295816648E-019  -2.5699821801516453E-017   3.3855582767950553E-020  -4.4716736293780447E-017   1.4673483932973583E-015  -1.2509396908485312E-015  -5.9213221405359856E-016   1.0029764683998647E-015  -5.6613733791881449E-016  -6.4865817723380087E-016  -1.1454657659666702E-015   4.6616506139619017E-016   2.3108604777589336E-017  -2.6524521114252216E-029   4.8252741219537064E-030  -3.6877588458578374E-030  -7.9785645106322761E-030  -5.9169321323602283E-030  -5.0332585842757330E-030  -1.4988410000746287E-029   3.8160906647350887E-030  -3.6336378553483066E-030  -4.4754180402993445E-030   3.0419701783118608E-016   5.9826817976114050E-016   4.1284726905157593E-017   2.1706497960397471E-017  -8.0640126286651909E-018   3.5367173111826220E-017   1.5021369594936037E-017  -7.6651900016709184E-017  -6.8666910986739641E-017  -2.6598707040651224E-017   2.5579009035146277E-017   5.2138482975892521E-016   2.7413136993162778E-016  -1.0184041815843399E-016   4.4665204094264441E-016   1.8970488158995620E-016  -9.6803687070138394E-016
  -3.1828119181931209E-016   1.3832344677396556E-017   9.6763905751827429E-019  -1.0538838251401260E-018   2.1686160578307783E-018  -1.1931962741529813E-018   1.2817751740040015E-018  -6.1336325275721167E-018   1.3958835122654180E-019   3.9650164696825837E-018  -3.2256717539811813E-015   1.5919895166617451E-016   7.2695684301174018E-018  -9.9025393550019515E-017   5.3742087857146827E-028   3.4293433612173052E-029  -1.0715117582083417E-029   1.9730495945902720E-028  -1.4380900202807103E-029   2.4846706968262190E-028  -2.0140868111930063E-030   1.7796376051602323E-029  -1.8704561162803975E-030  -2.5049753764281224E-030   1.0176552992539160E-018  -5.5992507617873369E-019   6.0149204076889828E-019  -2.8782981767558273E-018   6.5503907321161601E-020   1.8606428774664634E-018  -5.1601219414921450E-015   2.4500316192752380E-016   1.2921997587604422E-017  -2.2124979091343403E-016   1.8023919181634614E-014   1.2178721915721548E-015  -3.2821923855660584E-016  -7.1902096721618502E-016   8.6170547060055082E-016   3.0176015065672746E-016  -1.8240773398587891E-016  -3.3479368311007814E-016   8.3986041760400901E-028  -1.4989362835569978E-029   5.3281854426442932E-030   4.1298027509780721E-028   1.5631218956500914E-029   3.5528219175119545E-028   1.1823962696696759E-029  -9.0133129566495362E-030   5.9467976037426638E-030   8.8614208411833399E-030   5.4876288429506220E-017  -1.2456071991246927E-016   1.3509154167133518E-016  -7.4328843782925849E-017   7.9846768497916314E-017  -3.8208786252901293E-016   8.6955021359559911E-018   2.4699632085764824E-016  -1.5043729325306811E-015   1.6635986245604914E-016  -9.1294378232333827E-018   1.7060711245134542E-015  -9.3869899275433687E-016   1.0083848658076004E-015  -4.8253877424373819E-015   1.0981549935501990E-016   3.1193166179237932E-015
  -7.5334824379810060E-018  -5.9113238984496316E-016  -3.6755558255501189E-017   1.5053534718453298E-018  -5.8430603178030513E-019   1.1327135113709089E-018  -8.3294077071462490E-019  -1.4530100067329948E-019  -2.2650576540203543E-018   7.2960703258603776E-019  -9.1442861587156873E-017  -6.0789004848045638E-015  -3.5116567908366591E-016   5.1736304679291468E-017  -2.1454637662018275E-029   1.6041194465824093E-028   1.0541992064883810E-029  -3.9385527722830488E-029  -1.1681339703997099E-030  -2.0140868111930063E-030   5.5478027121885036E-028  -1.9337842886868062E-031   2.1780892073641500E-028   2.1599257543715367E-029  -2.7419428502869742E-019   5.3154264132707738E-019  -3.9086982971665081E-019  -6.8184652895178711E-020  -1.0629119508676153E-018   3.4237893823517068E-019  -1.3859359968917302E-016  -9.6796593772461506E-015  -5.7267602551695830E-016   1.2732410587095565E-016  -1.1923656559956555E-015   2.4096706526851143E-014   4.4777993956282469E-015  -8.0313245080810186E-016  -8.8812005144328395E-016  -2.4738495566493230E-015   3.6496539020142772E-015   1.5250243210089703E-015   7.4256844952044194E-030   4.5632324276376364E-028   7.9311577817988630E-030   1.4441736920226927E-029  -7.7639697287661018E-030  -2.9344932895705578E-029   8.8978795941034983E-028   1.8818541659601919E-029   3.6767835738780599E-028   2.6665875437634978E-030   2.2589692136610505E-015   1.9327431159515952E-017  -3.6398698775269517E-017   7.0561136890837343E-017  -5.1887125168178622E-017  -9.0513653266247559E-018  -1.4109926436590685E-016   4.5450064102041010E-017  -1.1685508308420143E-016  -3.2655105288380816E-015  -5.5019857487368420E-017  -4.5967917888976461E-016   8.9111662116622178E-016  -6.5528252093529164E-016  -1.1430969570880117E-016  -1.7819426564129531E-015   5.7398887459859966E-016
  -6.8153539775479972E-018   5.6479947376239050E-018   2.0927631361248863E-017  -1.9938622064138396E-017  -3.1487097760068528E-019   3.6474975035076495E-019  -1.8029849195537537E-018  -9.5967883085258398E-019   5.3202386333379542E-018   1.2745498083203968E-018  -5.6291064623659660E-017   6.3018200125787584E-017   2.4104925443243926E-016  -1.0993799975894816E-015   2.4644834096232118E-029   1.5476154060632013E-029   9.0537377059302993E-030   1.8547282942191715E-029  -5.8673311724080536E-030   1.7796376051602323E-029  -1.9337842886868062E-031   2.8101160112552380E-029  -6.3438025971334427E-030   9.6290469492454216E-030  -1.4775788369713604E-019   1.7116423859247141E-019  -8.4607745627501146E-019  -4.5034354726970742E-019   2.4966010091601236E-018   5.9810143039375212E-019  -9.6525109037997739E-017   9.7852678068597790E-017   3.7088542068570673E-016  -2.5578726818254405E-015   1.6771545411560453E-015   3.3527290078529919E-016   1.8589426911538827E-015   2.4379395283945454E-015  -8.9148477214712730E-016   1.0785505545028347E-015   3.8470008445079090E-016   1.2114829283796183E-015   5.2317317604903192E-029  -1.4989886183069834E-029  -4.5204588477515138E-031   1.5543140651967125E-029   6.9088002565488809E-030   1.4325702799636914E-029  -1.0571271297729936E-030  -1.5581478810885600E-029   3.8991530385551665E-030   4.8853532693731430E-030  -1.0552785816638324E-015  -9.8104790542344123E-016  -1.9614539710378943E-017   2.2721682761707251E-017  -1.1231495382081529E-016  -5.9782132616042640E-017   3.3141838843896784E-016   7.9396672325932468E-017   3.3736976047082964E-017   5.9060495162800062E-017   2.5257229211797711E-016  -2.4771202849750797E-016   2.8695213912372460E-016  -1.4184255890048100E-015  -7.5498857260712823E-016   4.1854829373706294E-015   1.0027006011045780E-015
