   2.1243285426047663E-002  -6.1512874871767814E-018  -5.9656593118468591E-017  -1.4667638613493111E-016  -3.8725424381554005E-018   2.5462859749652694E-017   3.8895459606603071E-017  -3.4450855623862601E-018  -1.7827239758674919E-018   3.3718731443591664E-017   6.1401664366627820E-002  -9.4723180495060097E-017  -2.6675069046117994E-016   3.4939948170129195E-016  -9.0722337212634002E-016   1.0612799398102412E-017  -1.7999504787095436E-017  -4.9372468963936998E-016  -3.2179854529844546E-018  -5.5023036557389394E-016   1.9914306576247104E-017  -1.5901943879016582E-017   1.4624361108268472E-017  -1.4138567991619992E-017   1.2176611152398705E-017  -5.4689854457987470E-018  -1.6036340521730795E-017   9.7446942777738623E-018   1.3897051945292612E-017   2.5082998748664878E-018   1.2258982887862823E-016   5.3946799396226215E-002  -4.9845161086276179E-018  -3.6214785823213108E-016   8.9154898944587437E-016  -1.3982063426660282E-015  -1.8270836992541208E-015  -6.1392886241971142E-018   2.3816807914678586E-017  -1.0197784368146328E-015  -1.2396501726904933E-019  -1.0440196226172129E-015  -4.0727382144773516E-018   3.1502717480448191E-017  -4.7709933950103361E-018   6.9761490876525860E-017  -1.4808858638710174E-003  -1.2408493220409936E-015   1.4723834948788511E-016  -5.6035192238292688E-018   1.2836598772517879E-017   1.0831744117312554E-017   3.5271956120941193E-018  -7.4888575577255271E-018   2.3865581318893282E-017   1.2257915767698288E-016   6.2958874823829643E-003  -1.8494627050609518E-016   3.6323765000734138E-017
  -6.1512874871767814E-018   2.1243285426044815E-002   1.6671499563767684E-017  -4.3935591685363696E-016   1.2462219871950778E-016   2.0285921045732477E-017  -1.6260376151739379E-017   1.4971138555284084E-016   4.6261799848862184E-018   1.2019313241295572E-016   6.9275047240529614E-017   6.1401664366633149E-002   1.1057411223757782E-016  -4.1966206900287215E-016  -2.0408539219307798E-017  -2.3045559304696650E-015  -2.1110205843121811E-017  -1.3184163425480624E-017  -1.3349841625790053E-018  -1.3708118804531230E-018  -5.4343756651435346E-015  -1.3921134803650963E-017  -2.3521633160971830E-015  -5.9423043941393501E-017   1.5523045371195216E-016   5.3865894692323865E-019   4.3112611637315392E-018   1.6063700250177958E-016   2.4924781489882191E-018   1.6799632406279692E-016  -3.5290917351062253E-016   7.3248724595479775E-018   5.3946799396221323E-002   4.1642913957092724E-018   1.3159175965325378E-015  -3.6865512466676272E-015  -8.2582722332674662E-019  -1.1321454135538445E-015  -2.9080180963718623E-018   1.3227093724192991E-018   7.9902691500286997E-019  -3.4292791934493074E-018  -2.4818624485263088E-015  -5.5756139599455212E-018  -1.2320273411601605E-015  -1.3835147672750468E-017   1.1804767358443782E-015  -1.4808858638685736E-003   5.2549193757466483E-016   3.6600050590795394E-017   1.5671145598323040E-019  -1.1307180085634768E-018   3.7204386397005257E-017  -2.0704581211529161E-018   3.2473073239968005E-017   1.5731623229548312E-016   1.7226118102491831E-016   6.2958874823826529E-003   6.6126781136014100E-017
  -5.9656593118468591E-017   1.6671499563767684E-017   2.1243285426044742E-002   1.0901096671119038E-016  -1.2582018142014568E-017   4.0082230508778714E-017  -4.7218696305832309E-017  -3.9912408821836394E-017   4.7317311098288940E-017  -1.5696391926425842E-016   4.0587233862161220E-016  -1.9826766332386707E-016   6.1401664366634565E-002  -5.2399529162645714E-016  -9.7971223441197139E-017   2.2565214328832407E-017  -2.6848327042913396E-015  -4.7770808384484517E-017   5.2567815786158881E-018  -4.0598111887231477E-017   7.1345699791095298E-017  -2.7109274130824773E-015   4.1283506502824583E-017  -6.1347947246126555E-015  -1.2397995447849500E-016  -1.1098845424826309E-017   2.5655262545127968E-017  -7.4585876002192386E-017  -3.7358943427656771E-018   3.5765869178532193E-018  -1.4545211959006368E-015   5.5114593983796175E-017   3.0020564802249515E-017   5.3946799396220074E-002   1.8215840706924601E-015  -5.0806125457586316E-015  -2.6956519261860040E-017   8.1060166052506789E-018  -1.1351558969345473E-015  -8.9890877490424373E-018  -2.1584930919035701E-018  -8.1803009917742321E-018   1.5649446044362994E-017  -1.2064387076606245E-015   4.1423467112479428E-018  -2.3320256215914639E-015  -1.5708663191085595E-015  -5.9632556575153938E-016  -1.4808858638796815E-003   3.2620991931058959E-017  -3.0094745658354813E-018   4.0970001892120481E-018   2.9824914363169933E-017  -1.5569441740990289E-017  -7.2301925979249157E-018  -1.8562165965732621E-016  -2.1361543437433925E-016  -8.2584803837254784E-017   6.2958874823812036E-003
  -1.4667638613493111E-016  -4.3935591685363696E-016   1.0901096671119038E-016   1.0643342110673202E-004   1.3689569932609339E-016  -1.3934763059887533E-017   7.5407590482792295E-019   1.6108540726979026E-016   1.4938777389502639E-017   1.5313321014194448E-016  -4.5546730519738757E-016  -1.2246619313104730E-015   4.0533228117437482E-016   5.1231911827794366E-003   5.7414398382245284E-018  -8.1723769003034169E-018  -4.9499459842969002E-018   2.3042295020195142E-018  -1.2038718634887681E-017   4.4305089258654012E-018  -1.5331908909813669E-017  -2.0694788798253199E-017   2.5302463351352729E-018   4.4453785155514043E-018   3.8525033766676119E-016  -1.7471953876969042E-018   7.5478253598946300E-018   4.7840098414115418E-016  -3.1047051528354860E-018   6.3947308608913869E-016   9.3068607453582076E-003  -3.6983667260424986E-016  -1.1107951886997757E-015   3.0510559360631189E-016  -1.4224257766966661E-003   1.6771319375817877E-004   9.3431475750546593E-018   5.8494262406950957E-018  -3.5903846991080700E-018   4.2618845530103576E-018   7.0225589416022079E-018  -8.9876299373673806E-019  -3.1440078008185166E-018   7.3368235226315082E-018  -1.9014056747676775E-018  -5.3070554503013404E-019   9.0504801489006011E-015  -5.0520739100472774E-015  -7.2929580534832006E-016   6.1347038148191556E-016   1.3395503255606659E-017  -3.0393173895293044E-018   6.0362849995258501E-016  -9.2690697511879629E-018   4.7024610587091300E-016   1.5329460336844115E-003   1.2561337654690025E-015  -8.5590684550729497E-016  -6.8687197897879710E-017
  -3.8725424381554005E-018   1.2462219871950778E-016  -1.2582018142014568E-017   1.3689569932609339E-016   5.5085704073456875E-028  -2.3181659262222618E-029   1.0295509055271573E-029   5.9468598878003143E-028   2.0967360896638208E-029   4.6830031780709434E-028  -1.0439195674965420E-017   3.6088257248208027E-016  -3.7858615604383431E-017   7.6861103430788686E-015   2.2559573163987736E-029  -6.9003693860345581E-030   1.1415333753560655E-029  -1.4916387515074636E-029  -7.8933203817768125E-030   4.1375985481029248E-030  -4.2882512659857694E-029   3.6483422303535966E-029   1.2681568507534353E-029   7.2153389481220678E-029   4.7215593647672576E-028   2.6835496202888557E-029   7.9959261030581120E-031   5.3745864368239799E-028  -6.1668442972447941E-030   9.8568695580826284E-028   1.3791674727487718E-014  -1.0277555280195006E-017   3.1607862993240340E-016  -3.1074779681212817E-017   2.4114363675129217E-014   2.0003414929894348E-015   3.4902053360217124E-029   5.8336971285050359E-030  -5.9777335327678785E-030   3.2282920369812458E-029   3.8398338860846554E-030   1.6007014734912408E-029   6.3763456089264062E-030  -1.9706266036292657E-029  -1.3195092169227959E-029  -3.8571052956885199E-029   1.7172328646314856E-015   1.5264077396725903E-015  -3.3954295555798125E-015   6.1762799768518885E-028  -6.2571348980005152E-030   3.3735154055248123E-030   6.1582539699460857E-028  -1.3345563768262040E-029   3.2655941435704637E-028   3.5348529747025467E-015   2.4505191844672081E-016   2.5705553503809019E-016  -4.9073388947612800E-016
   2.5462859749652694E-017   2.0285921045732477E-017   4.0082230508778714E-017  -1.3934763059887533E-017  -2.3181659262222618E-029   9.2618595656070724E-030  -4.7349482664209938E-030  -3.4355194676036357E-029  -5.0800854477685414E-031  -2.5825188662290669E-029   7.3472760240402967E-017   5.8037366667654464E-017   1.1467513455260309E-016  -7.1114446653645220E-016   5.7725337662725488E-031  -1.2154448904524551E-030   7.7981318460783048E-030  -4.6926121236061162E-030  -3.1041183545395497E-031  -1.7228047968880765E-030  -4.8774719867826484E-030   1.0153350390672066E-029  -3.3109398299022405E-030   1.4789690902067701E-029  -6.0483098418416516E-029  -5.1535743755370496E-030   2.5787224455758892E-030  -6.1797180156466312E-029   1.3412259631756494E-030  -8.6437454661905657E-029  -1.2857208773762707E-015   6.4735902704481267E-017   5.1866683101744514E-017   1.0248085150104158E-016  -5.8448293789144959E-016   1.7742280382820438E-015  -1.2154991704788788E-029  -9.9745818242251741E-030  -1.5003325058160569E-029  -2.5698994196081552E-031   3.0377477425356159E-032  -2.3012041656259222E-030  -2.0508309530119051E-029  -1.6700167601636291E-029  -1.0625041736346807E-029  -3.3880171665251235E-029  -2.8681305384451783E-016  -1.3611331815414736E-015  -2.6867637240035484E-015  -7.8102472919449479E-029  -1.5801223938010372E-030   2.3006712139019213E-030  -8.7663495203780509E-029  -2.7295470617084300E-030  -6.2165381764261442E-029  -2.5135002239559562E-016  -3.3325872138074907E-017  -1.8896137709769328E-016  -3.7298194223493026E-016
   3.8895459606603071E-017  -1.6260376151739379E-017  -4.7218696305832309E-017   7.5407590482792295E-019   1.0295509055271573E-029  -4.7349482664209938E-030   4.0047798905858249E-030   1.6553550184451365E-029  -1.0262715963388816E-030   1.1730605562685224E-029   1.1215813291581181E-016  -4.6324524082956629E-017  -1.3574020882957767E-016   7.6013692933517145E-017   8.2727778385507161E-031   2.4768928367643302E-030  -2.3247554781861815E-030   2.3907490837722087E-031   8.7894948861833151E-031  -1.9389040205284743E-030   2.6274436286567302E-030  -1.6353784908623558E-030   2.2175878077078250E-030  -3.0350208389838931E-030   7.7783654857919686E-030   3.9785800833198349E-030  -3.0676906566719310E-030  -6.4271589110406518E-031  -1.1335003048993852E-030   7.8177764708239987E-030   1.3193472514205291E-016   9.8930125602009242E-017  -4.1689415583313594E-017  -1.2034631654238984E-016   8.7724773197807012E-016  -4.6072052110472399E-016  -1.3808599990868157E-029   9.6777985202386822E-030   1.0610579376304396E-029  -6.7195743849066992E-030  -2.7079888834244571E-031  -5.1651311282980457E-030   2.5305936555270447E-029   1.0800750240240619E-029   1.0723971470781164E-029   2.3778559477636883E-029  -6.0713405257607679E-016   1.5370860366713259E-015   1.6903272429915034E-015  -2.4114288825664074E-030  -6.3256768619012923E-031  -2.5383045071426743E-031   3.5538935656936363E-030   2.7979499698462046E-030  -3.3050709266640247E-030   6.5515033588574527E-017  -7.5142203834608830E-017   2.1542499217004613E-016   2.2791403525975657E-016
  -3.4450855623862601E-018   1.4971138555284084E-016  -3.9912408821836394E-017   1.6108540726979026E-016   5.9468598878003143E-028  -3.4355194676036357E-029   1.6553550184451365E-029   6.9174225424722722E-028   1.3172788728736102E-029   5.3395099933244290E-028  -9.8593794202612865E-018   4.3219420427206604E-016  -1.1346073098455342E-016   8.9275370354077153E-015   3.3421303529858236E-029   1.6327670809936219E-030  -1.6706505655733220E-029  -1.8800982999859279E-029  -1.2125600803644264E-029   2.0486915781423032E-030  -3.6437390376459746E-029  -1.9039046722137882E-030   2.1946449727340035E-029   1.7813675367112261E-029   5.9046376190214127E-028   4.0754934578330009E-029  -1.0514027684965165E-029   6.1381046310427317E-028  -1.0318260559837157E-029   1.1482720920371183E-027   1.6034630477226783E-014  -8.8065106335265461E-018   3.8050122000375034E-016  -1.0247501135089367E-016   2.5895304765742530E-014   4.9969413417941072E-015   4.2463318028459352E-030  -1.2864172610812466E-029   2.7382069890752606E-029   2.7895936982543005E-029   8.8463756427150486E-030   1.1018062353716326E-029  -2.2068193141514414E-029   2.3212878529065162E-029  -2.4810630994675084E-029   5.1850175627842930E-029   2.2409602861774196E-016  -1.2220639104636503E-015   4.3343458788019339E-015   7.2363832664618335E-028  -1.0958741074931577E-029  -2.2718233980697688E-030   7.4681440688644583E-028   6.0513659904867251E-030   4.0367064018310215E-028   4.0036268559489986E-015   3.1078233259590581E-017  -1.2936823125825678E-016   6.0928491613020084E-016
  -1.7827239758674919E-018   4.6261799848862184E-018   4.7317311098288940E-017   1.4938777389502639E-017   2.0967360896638208E-029  -5.0800854477685414E-031  -1.0262715963388816E-030   1.3172788728736102E-029   6.0893205114584162E-030   1.7384653585326321E-029  -5.4286195939057690E-018   1.3498215578791745E-017   1.3592858527247402E-016   7.2573814287297647E-016  -4.1849826255039112E-031  -4.2458025668311123E-030   1.2613535634751105E-030   2.1891040835002891E-030  -6.9600895951264129E-031   1.5480320149533806E-030  -5.7726198919384905E-030   1.0373736564061705E-030  -2.1923260950805165E-030   3.3543922256642988E-030   4.7988897866884025E-029  -3.2474572724151916E-030   4.1161489977666252E-030   7.5345165547171118E-029  -2.6196470546038540E-031   8.5963030008048647E-029   1.3174820793660764E-015  -4.3650079683167532E-018   1.1673581918812024E-017   1.2065357852748681E-016  -2.1311900985342169E-016  -1.6873683804744718E-015  -7.4595554001111274E-030   2.3978149902697354E-030  -1.0216920462468267E-029  -5.6606456301002919E-030  -5.8638707393938888E-031  -5.8578739717702560E-030  -2.5335871228640863E-030  -1.1081912923433874E-029  -3.1793149556910226E-031  -2.7009672075441963E-029  -6.2796303375184889E-016   2.8816110529839776E-016  -1.9104384579855390E-015   9.3379658308891945E-029   3.8919469558268759E-030   2.6495161718141933E-031   8.8222094223462856E-029  -6.1945155479172683E-030   7.2224469215095813E-029   2.1824516842706130E-016  -9.0591364998480589E-017   4.2737452682152021E-017  -2.5944612331252472E-016
   3.3718731443591664E-017   1.2019313241295572E-016  -1.5696391926425842E-016   1.5313321014194448E-016   4.6830031780709434E-028  -2.5825188662290669E-029   1.1730605562685224E-029   5.3395099933244290E-028   1.7384653585326321E-029   4.3288398395339290E-028   9.6781325784580607E-017   3.4789693207699484E-016  -4.5342606022545928E-016   8.1701045796315514E-015   3.1682876511448761E-029  -5.8475382508353740E-030   1.1297474717002107E-029  -1.5031872795992244E-029  -1.3762372988863178E-029   7.3071322710280710E-032  -4.6247462520227130E-029   1.8668261365048401E-029   1.0552891077869992E-029   7.1998068297856132E-029   5.4802751689018621E-028   2.3846182135329236E-029  -2.3310510890673719E-030   6.1392712823388827E-028  -8.6324771678740788E-030   1.0407610174599632E-027   1.4717076562178385E-014   8.6027352048571917E-017   3.0493922275310486E-016  -3.9876062613808044E-016   1.7163352682437295E-014   4.6302396414828165E-015  -3.0660299733127249E-029   3.7980378065192777E-030   1.2968663803339231E-029   1.0204627837756019E-029   8.9338427146941229E-030  -4.1177506082567813E-030   1.0652910868702527E-029   1.3216570180027176E-029  -9.7842863570801769E-030   2.2593088200451473E-029  -1.5494329414915369E-015   1.1080675227487923E-015   6.0978491389507174E-016   7.4012261656260873E-028  -1.4246448545085003E-030   8.9170904634036006E-031   7.4148553105217074E-028  -4.4778057196295153E-030   4.5942660430440857E-028   3.3559963798182259E-015  -2.1184678704249217E-016   1.9571176141860342E-016   3.9350072168036423E-017
   6.1401664366627820E-002   6.9275047240529614E-017   4.0587233862161220E-016  -4.5546730519738757E-016  -1.0439195674965420E-017   7.3472760240402967E-017   1.1215813291581181E-016  -9.8593794202612865E-018  -5.4286195939057690E-018   9.6781325784580607E-017  0.17747590688136733       -2.2282346389238247E-017   9.0296135189573899E-016  -9.5607236621358435E-016  -2.6243147078856206E-015   3.0234293733314616E-017  -5.2024566683640688E-017  -1.4268452120280606E-015  -9.2362338314509056E-018  -1.5899028660921483E-015   5.7998463842008643E-017  -4.5831752159642834E-017   4.2226089294157546E-017  -4.1081786437852469E-017   3.4948832081379806E-017  -1.5778933435197511E-017  -4.6088281341234865E-017   2.8822064010981464E-017   4.0612740481058247E-017   8.5246116110929423E-018  -3.1592841423262605E-015  0.15592781964103242        2.0428252429474090E-016   4.2300985876717357E-016  -2.2272755256581973E-015   1.7743233865455704E-015  -5.2670311777562158E-015  -1.7436437281807616E-017   6.8897368778813860E-017  -2.9427695605313972E-015  -3.5111259888283631E-019  -3.0130604014248414E-015  -1.1964277640619470E-017   9.0926045787453937E-017  -1.3865454586866639E-017   2.0169878959095289E-016  -3.5343984086422401E-003   6.2745542973716780E-016  -1.4937509448752423E-015  -1.5618014652737758E-017   3.7103568868339076E-017   3.1195438016315708E-017   1.0349783011436242E-017  -2.2048425734817615E-017   6.8996351374056787E-017  -4.8995870342513487E-016   1.8304619522089501E-002   9.6233284357970232E-017   7.3765707445671147E-018
  -9.4723180495060097E-017   6.1401664366633149E-002  -1.9826766332386707E-016  -1.2246619313104730E-015   3.6088257248208027E-016   5.8037366667654464E-017  -4.6324524082956629E-017   4.3219420427206604E-016   1.3498215578791745E-017   3.4789693207699484E-016  -2.2282346389238247E-017  0.17747590688142195       -3.9225601051537478E-016   5.7988682953868284E-016  -5.8650806528828906E-017  -6.6617119597685588E-015  -6.1616136865026107E-017  -3.7903307326998261E-017  -3.6895073077296032E-018  -4.2953594399583659E-018  -1.5709548648363749E-014  -4.0298437075796803E-017  -6.7994718739474636E-015  -1.7274918539541633E-016   4.4769229682784186E-016   1.6690842371048773E-018   1.2366353724511553E-017   4.6475053655536659E-016   7.1575344925985171E-018   4.8520177844498688E-016   2.3058764022146309E-015  -1.7196606483977070E-016  0.15592781964105276       -6.1298353288100464E-016  -7.1434210595923114E-015   2.9713999837138871E-015  -2.4427995881133030E-018  -3.2678193380888804E-015  -8.4260627522738294E-018   3.6826853231594583E-018   2.2266130834967926E-018  -9.7713857011362121E-018  -7.1626317905636150E-015  -1.6406201242972418E-017  -3.5568715699213098E-015  -4.0159220967781419E-017  -1.0705732998676220E-015  -3.5343984086545904E-003  -5.3769032562081110E-015   1.0585701733766828E-016   6.5006247347424172E-019  -2.8077050713688208E-018   1.0684403606260245E-016  -6.5216347175064669E-018   9.3745166405760822E-017   4.8558307319938212E-016  -1.6806960377831077E-016   1.8304619522089966E-002  -8.7177456264654672E-016
  -2.6675069046117994E-016   1.1057411223757782E-016   6.1401664366634565E-002   4.0533228117437482E-016  -3.7858615604383431E-017   1.1467513455260309E-016  -1.3574020882957767E-016  -1.1346073098455342E-016   1.3592858527247402E-016  -4.5342606022545928E-016   9.0296135189573899E-016  -3.9225601051537478E-016  0.17747590688143075        2.2924483802028302E-015  -2.8315015734947972E-016   6.5814584326411669E-017  -7.7634084300780341E-015  -1.3782973471188296E-016   1.5239249848227363E-017  -1.1745867204226872E-016   2.0722660162418568E-016  -7.8395701874345104E-015   1.1986642373792130E-016  -1.7738966042426724E-014  -3.5548288546367990E-016  -3.0924805913804408E-017   7.3123474813456653E-017  -2.1694214515999501E-016  -1.1034409965001494E-017   1.0502205457432097E-017   2.7938585150729853E-015  -8.2076215785042003E-017   2.4144917810441409E-016  0.15592781964105323       -7.0888459937062531E-015   3.8504845813151362E-015  -7.7826917379292757E-017   2.3362853162304517E-017  -3.2778060402574426E-015  -2.6164872443187243E-017  -6.0848358018796316E-018  -2.3472031138831564E-017   4.6013038818599223E-017  -3.4832281104354559E-015   1.2597163210727618E-017  -6.7321167842315540E-015   2.9159803401257453E-015   6.3112263301913513E-015  -3.5343984086210439E-003   9.3440357326165914E-017  -8.9912124364788442E-018   1.1330727215033842E-017   8.7841634286162013E-017  -4.3399983624700708E-017  -2.0518358955227515E-017   5.4317683575217992E-017   4.2251000933717820E-016   9.3351363694624015E-016   1.8304619522095691E-002
   3.4939948170129195E-016  -4.1966206900287215E-016  -5.2399529162645714E-016   5.1231911827794366E-003   7.6861103430788686E-015  -7.1114446653645220E-016   7.6013692933517145E-017   8.9275370354077153E-015   7.2573814287297647E-016   8.1701045796315514E-015  -9.5607236621358435E-016   5.7988682953868284E-016   2.2924483802028302E-015  0.25000284941826911        3.1183504834178357E-016  -3.3613061083061772E-016  -2.2785605389304522E-016   7.8416096380522646E-017  -5.4844447912177770E-016   2.1506781348609207E-016  -6.7862239457723291E-016  -8.6179419929814471E-016   2.0144504779995753E-016   3.0896574207186665E-016   1.8531082964507711E-014   1.9318968460423540E-017   3.2556150911357680E-016   2.2803452980385401E-014  -1.6245206360196468E-016   3.1253684900449507E-014  0.45362995578262399        1.0542023876963270E-015  -8.4795527787935250E-016  -1.7449364624936530E-016   1.0523769174856460E-002  -2.7678446463804253E-004   4.4735327943768088E-016   2.6622885124177607E-016  -1.2448883052495872E-016   2.2918153196716354E-016   3.1563841472247240E-016  -3.4654452519592445E-017  -1.6385694477092864E-016   3.2241611836950170E-016  -1.1834002621764700E-016  -2.9625875266001965E-017  -1.9069307308977742E-014   7.5421153897473290E-015  -6.8730023030321053E-016   2.9034225130737836E-014   5.7752004873982927E-016  -1.4048197298061938E-016   2.8656063135637921E-014  -4.2928109136972862E-016   2.1850771458315195E-014   7.8579451313986054E-002  -2.5438857753580115E-015   9.6722023781140711E-016  -1.8386579360151082E-016
  -9.0722337212634002E-016  -2.0408539219307798E-017  -9.7971223441197139E-017   5.7414398382245284E-018   2.2559573163987736E-029   5.7725337662725488E-031   8.2727778385507161E-031   3.3421303529858236E-029  -4.1849826255039112E-031   3.1682876511448761E-029  -2.6243147078856206E-015  -5.8650806528828906E-017  -2.8315015734947972E-016   3.1183504834178357E-016   5.9394246886768857E-029   6.8254476409823207E-030   1.1979382134766446E-029   1.4379007997530086E-029  -2.5351276865836624E-030   1.8049771379334329E-029  -3.0011143194417208E-030   1.2498009509180324E-029   3.2435913418370675E-030   3.2633037903775105E-029   1.7866572681389787E-029   1.7986543103934830E-030  -2.6871791928813459E-030   7.8658456904373334E-030  -3.7567894212543056E-030   3.7071396050596040E-029   5.6069414627269335E-016  -2.3026524269081733E-015  -5.2025773555627219E-017  -2.4881090993388318E-016   1.0910552141229503E-015   3.3761499370269472E-015  -1.6312930751176337E-029   3.8483088346913441E-030   2.1770199786454769E-030   1.9115259413461507E-029   2.2657219996641775E-030   1.9073168843194349E-029   2.2854132519710987E-029   4.0516883618059552E-030   5.4763757120859429E-030   8.2168556893095621E-030  -4.6576123777734353E-015   7.7131939023484408E-016   6.6488958672154133E-017   1.1153545852244961E-029  -3.0443664915522515E-030   2.4145420429806302E-030   8.5913801436730691E-030   4.0826304559142077E-030  -1.9627221951226304E-030   1.4556646376318518E-016  -9.4580978338772166E-016   1.0434892900716649E-016  -2.0481102332800901E-017
   1.0612799398102412E-017  -2.3045559304696650E-015   2.2565214328832407E-017  -8.1723769003034169E-018  -6.9003693860345581E-030  -1.2154448904524551E-030   2.4768928367643302E-030   1.6327670809936219E-030  -4.2458025668311123E-030  -5.8475382508353740E-030   3.0234293733314616E-017  -6.6617119597685588E-015   6.5814584326411669E-017  -3.3613061083061772E-016   6.8254476409823207E-030   2.5575876264133389E-028  -4.6715104024040139E-030  -2.4203212521820682E-030   2.9772869060863849E-031  -1.8640941784274515E-030   5.9585452689297561E-028  -4.5248144544090028E-030   2.5946389757395942E-028  -7.9530378828497502E-030  -4.1004952705392390E-029   3.8765488223785757E-030  -4.3627384601905551E-030  -6.7584264941021747E-029  -1.1827994890423647E-030  -5.7103299465552939E-029  -6.1965496400307064E-016   2.7210219049804045E-017  -5.8520009580117174E-015   5.6955726462170573E-017   1.6002640335883054E-015   1.4564161989954324E-015  -2.3160085234902353E-029   1.1289302361638415E-028   5.0112529776309664E-030  -4.5092389687334342E-030   4.5597490022951357E-031  -4.5606233992107894E-030   2.5414123318926756E-028   5.4635092357162520E-030   1.2655110280692283E-028   1.4588825558676022E-029  -1.0048885722946036E-015  -1.2412851175137360E-015   1.3464957475149653E-015  -6.7963344417015704E-029  -4.3374365560896446E-030  -3.1135686324094686E-031  -6.1388067601605975E-029   6.5285889677424247E-030  -6.0325381028821314E-029  -3.0981346944294341E-017  -1.4084208963580792E-016  -8.8403020722810958E-016   1.9999063993270630E-016
  -1.7999504787095436E-017  -2.1110205843121811E-017  -2.6848327042913396E-015  -4.9499459842969002E-018   1.1415333753560655E-029   7.7981318460783048E-030  -2.3247554781861815E-030  -1.6706505655733220E-029   1.2613535634751105E-030   1.1297474717002107E-029  -5.2024566683640688E-017  -6.1616136865026107E-017  -7.7634084300780341E-015  -2.2785605389304522E-016   1.1979382134766446E-029  -4.6715104024040139E-030   3.7118043101015351E-028   3.6488560904280523E-030  -6.9504643321329521E-031   7.1694495928522281E-030  -8.7334574675462915E-030   3.8169946337286421E-028  -6.6008386336548966E-030   8.4411506766434582E-028  -2.8227526416244708E-029  -9.5533274257317588E-030   6.4486084010795844E-030  -1.0898329134647735E-030   2.9267547192399952E-030  -2.9970475439411921E-029  -4.1553982592048715E-016  -4.5710041121161788E-017  -5.3256585554531493E-017  -6.8162091542286011E-015   2.9943675201871309E-016  -1.2186604338513139E-016   3.9834040140337859E-030  -7.8578028394074211E-030   1.1249778026158106E-028   3.7690511394179540E-030  -1.5142097864307117E-030   6.3996760042310760E-033  -2.7157288820927979E-029   1.1529474797385961E-028  -1.2951040867221380E-029   2.1421515811683790E-028   4.1309688218732989E-018  -1.3627964616723128E-015  -7.0058675597146872E-015  -2.5816420786887384E-029   2.0706150973813726E-030   3.6731037534359363E-030  -4.7154684449373047E-029  -1.2055966763695085E-029  -2.6405459937217387E-029  -5.6941270080329829E-017  -4.9220990297111840E-018  -2.0188227414545585E-016  -1.8271323156482864E-015
  -4.9372468963936998E-016  -1.3184163425480624E-017  -4.7770808384484517E-017   2.3042295020195142E-018  -1.4916387515074636E-029  -4.6926121236061162E-030   2.3907490837722087E-031  -1.8800982999859279E-029   2.1891040835002891E-030  -1.5031872795992244E-029  -1.4268452120280606E-015  -3.7903307326998261E-017  -1.3782973471188296E-016   7.8416096380522646E-017   1.4379007997530086E-029  -2.4203212521820682E-030   3.6488560904280523E-030   1.7563864806748358E-029   1.6223020474052747E-030   1.5275762682059633E-029   3.5613735442423123E-030   1.6457907916157602E-030  -9.8774309308581019E-031   4.8922521178625779E-030   1.2943399528693246E-029  -3.7889167144944904E-031   1.4852349729684392E-030   2.2733492210915398E-029  -1.7575571456245063E-031   4.0046710056169479E-030   1.4775878256773772E-016  -1.2539300284135029E-015  -3.3600944572331715E-017  -1.2145811671536438E-016  -1.1036469509883321E-015  -3.1105586470638732E-015   5.8047592037326281E-029   4.4033386963662307E-030   6.0035459283550346E-030   2.1388731717641438E-029  -1.6145261079852178E-030   2.4479153938672217E-029   1.4638974655779896E-030   6.0821734746602341E-030   4.4392600869338498E-030   9.5591707600052822E-030   5.3152690525097447E-016   4.6600105939284471E-016   5.6616492842806903E-016   3.0014245913167152E-029   3.0467457583725238E-030  -2.2666828336279340E-030   3.4187557853672045E-029  -1.2949821760227446E-030   3.3937530324090174E-029  -2.4527134552176193E-017  -7.5043829072179430E-017   6.2781874396473461E-017   6.6548426762189024E-017
  -3.2179854529844546E-018  -1.3349841625790053E-018   5.2567815786158881E-018  -1.2038718634887681E-017  -7.8933203817768125E-030  -3.1041183545395497E-031   8.7894948861833151E-031  -1.2125600803644264E-029  -6.9600895951264129E-031  -1.3762372988863178E-029  -9.2362338314509056E-018  -3.6895073077296032E-018   1.5239249848227363E-017  -5.4844447912177770E-016  -2.5351276865836624E-030   2.9772869060863849E-031  -6.9504643321329521E-031   1.6223020474052747E-030   2.4789494161490434E-030   3.5544922376233354E-031   2.5379338543900276E-030   2.2830618703997252E-030  -1.8729996942026837E-031  -3.5791325915963863E-030  -4.2702685527776992E-029   1.1889372377157389E-030  -8.3728084550463443E-031  -5.2006407706219051E-029   2.5864969307960751E-031  -7.0150347153880795E-029  -1.0010495749126274E-015  -8.2102368571869391E-018  -3.4896040360762723E-018   1.3322991077686298E-017   7.6368667965426179E-016  -1.2935564674449240E-015   4.1826211522715395E-030   1.7867170384707758E-030   1.7853339563339345E-030  -1.1935798446800820E-030  -1.7915571513867083E-030   2.2671448462015199E-031   3.3204367946349840E-030  -6.8461671364791271E-031   2.4035739340069654E-030   3.7853755034230118E-031   1.4833181291509248E-016   3.8523079259534588E-016   1.0217236820265818E-016  -6.9308712149151012E-029  -1.1321509256861090E-030  -1.0051778752920986E-031  -6.5812534334998351E-029   4.0705904284986980E-031  -5.4148681134432856E-029  -1.3407442074127920E-016   2.0283787858346130E-017   5.4830216879905919E-017   1.6261255543273123E-017
  -5.5023036557389394E-016  -1.3708118804531230E-018  -4.0598111887231477E-017   4.4305089258654012E-018   4.1375985481029248E-030  -1.7228047968880765E-030  -1.9389040205284743E-030   2.0486915781423032E-030   1.5480320149533806E-030   7.3071322710280710E-032  -1.5899028660921483E-015  -4.2953594399583659E-018  -1.1745867204226872E-016   2.1506781348609207E-016   1.8049771379334329E-029  -1.8640941784274515E-030   7.1694495928522281E-030   1.5275762682059633E-029   3.5544922376233354E-031   1.6625888585805000E-029   2.2837458698049886E-030   6.3215603929792447E-030  -1.6215670810925212E-031   1.4335451597449546E-029   1.7000814328437415E-029  -5.3380892719620128E-031   2.0854516830808053E-030   2.5413697934174473E-029   2.9593537688289304E-031   2.6385543785377559E-029   3.9052492100436418E-016  -1.3975815154743551E-015  -3.2852585259988236E-018  -1.0303102261987786E-016  -1.5803075150259744E-016  -1.4151142088990944E-015   7.1118243247951710E-029  -3.5414739763143561E-030   1.3211542566385878E-030   3.1639777323724052E-029  -5.8398482454273353E-031   3.2277374887469310E-029  -1.4913480402891714E-029   9.8187927544868251E-031  -4.3363968255152181E-030  -1.7855207862607593E-031   1.1424114983333275E-015  -7.5854216289446852E-016  -2.5619304540846175E-016   3.1837962063524511E-029   1.2078410762361173E-030  -1.6288663031552604E-030   3.2479540291948694E-029  -1.5349588940055565E-030   2.5920443142857213E-029   6.1082251578646541E-017  -4.7590098158178486E-018  -1.0918923836904126E-016  -4.9174074592906640E-017
   1.9914306576247104E-017  -5.4343756651435346E-015   7.1345699791095298E-017  -1.5331908909813669E-017  -4.2882512659857694E-029  -4.8774719867826484E-030   2.6274436286567302E-030  -3.6437390376459746E-029  -5.7726198919384905E-030  -4.6247462520227130E-029   5.7998463842008643E-017  -1.5709548648363749E-014   2.0722660162418568E-016  -6.7862239457723291E-016  -3.0011143194417208E-030   5.9585452689297561E-028  -8.7334574675462915E-030   3.5613735442423123E-030   2.5379338543900276E-030   2.2837458698049886E-030   1.4104498830374821E-027  -1.1754506446824030E-029   6.0879189806872645E-028  -2.0858238980982401E-029  -8.0094057376183884E-029   4.6145691868866993E-030  -4.5317037195124951E-030  -1.1623978936340955E-028  -2.6516319100302659E-031  -1.2448941738068636E-028  -1.2419443600590011E-015   5.0314314761865404E-017  -1.3799280722477629E-014   1.8058754233468004E-016   1.4679645860235940E-015  -1.3555092487141736E-015   1.8535699664078582E-029   2.6100521032704396E-028   9.3004908629346871E-030   3.2839369818215514E-030  -1.3854677743082645E-030   4.8369077763576970E-030   5.6733021098478287E-028   9.6943343896578078E-030   2.9124579396580357E-028   2.2568130965795185E-029   9.9617230723240709E-016  -4.1998673154284665E-015   2.2920441679823436E-015  -1.0402406866773789E-028  -4.3251278778483246E-030  -4.3341332979254709E-030  -8.7719087463055120E-029   9.1435452374312979E-030  -8.1712094683969803E-029  -1.4149087716011684E-016   1.4894473145103060E-016  -2.2671413141765725E-015   3.5051992122833151E-016
  -1.5901943879016582E-017  -1.3921134803650963E-017  -2.7109274130824773E-015  -2.0694788798253199E-017   3.6483422303535966E-029   1.0153350390672066E-029  -1.6353784908623558E-030  -1.9039046722137882E-030   1.0373736564061705E-030   1.8668261365048401E-029  -4.5831752159642834E-017  -4.0298437075796803E-017  -7.8395701874345104E-015  -8.6179419929814471E-016   1.2498009509180324E-029  -4.5248144544090028E-030   3.8169946337286421E-028   1.6457907916157602E-030   2.2830618703997252E-030   6.3215603929792447E-030  -1.1754506446824030E-029   4.0172460647754093E-028  -7.3344747132440016E-030   8.6849854264687351E-028  -9.3880641522809764E-029  -7.8824229527417891E-030   6.1032185774223130E-030  -7.6574159419295562E-029   3.5500719532301900E-030  -1.0735953392321399E-028  -1.5864673655797006E-015  -4.0459781777040638E-017  -3.5316664839205671E-017  -6.8820423907937602E-015   3.4132481142046889E-015  -2.3572134960374384E-016   7.2222405563201933E-030  -1.9675297623493154E-030   1.0871519360470313E-028   6.3614154567930203E-030  -3.7085761800955654E-030   2.2196538425266649E-030  -1.1336984302791513E-029   1.0527041275038351E-028  -8.6507893051987166E-030   1.9791812403035062E-028   3.0004678588274260E-016  -1.3734435490855306E-016  -8.6834581212196086E-015  -1.3323816797395369E-028  -1.5463929072585408E-030   6.3092190523876499E-030  -1.5693213558733586E-028  -1.4582184192233550E-029  -1.2673081770923997E-028  -1.0812020507981192E-016   3.8152636559657273E-017  -2.3959124494463009E-017  -2.0756807927278172E-015
   1.4624361108268472E-017  -2.3521633160971830E-015   4.1283506502824583E-017   2.5302463351352729E-018   1.2681568507534353E-029  -3.3109398299022405E-030   2.2175878077078250E-030   2.1946449727340035E-029  -2.1923260950805165E-030   1.0552891077869992E-029   4.2226089294157546E-017  -6.7994718739474636E-015   1.1986642373792130E-016   2.0144504779995753E-016   3.2435913418370675E-030   2.5946389757395942E-028  -6.6008386336548966E-030  -9.8774309308581019E-031  -1.8729996942026837E-031  -1.6215670810925212E-031   6.0879189806872645E-028  -7.3344747132440016E-030   2.6545547404149630E-028  -1.1518455082302912E-029  -2.2256240132684515E-030   4.0450584710832911E-030  -2.9628898044789479E-030  -1.7693824734247298E-029  -9.9070966425307957E-031   1.0048575685075177E-029   3.5349310195831977E-016   3.7164200197123310E-017  -5.9728073913914006E-015   1.0452069226552211E-016   1.8924590212265010E-015   5.5522801653560563E-016  -4.0536389948829068E-030   1.1424160551097306E-028   4.1043161607996108E-030   3.8869494990618013E-031   4.7864295964845464E-031  -1.4378098025147088E-031   2.5174776395349898E-028   4.5949463920973909E-030   1.2686145785551398E-028   1.1236213975120562E-029  -1.0169841859755743E-016  -1.5917475033521423E-015   1.2277476269644474E-015  -5.5046990097944508E-030  -2.8052267974257603E-030  -1.3071806956305650E-030   1.3513921609013766E-030   4.7398709180196869E-030  -1.3793539636779805E-029   1.5155006035962254E-016  -1.0102374476910085E-017  -9.4886920760342116E-016   1.8869771002472461E-016
  -1.4138567991619992E-017  -5.9423043941393501E-017  -6.1347947246126555E-015   4.4453785155514043E-018   7.2153389481220678E-029   1.4789690902067701E-029  -3.0350208389838931E-030   1.7813675367112261E-029   3.3543922256642988E-030   7.1998068297856132E-029  -4.1081786437852469E-017  -1.7274918539541633E-016  -1.7738966042426724E-014   3.0896574207186665E-016   3.2633037903775105E-029  -7.9530378828497502E-030   8.4411506766434582E-028   4.8922521178625779E-030  -3.5791325915963863E-030   1.4335451597449546E-029  -2.0858238980982401E-029   8.6849854264687351E-028  -1.1518455082302912E-029   1.9257858317115477E-027  -8.0217529064875701E-030  -1.8567172418768258E-029   1.3153641398306419E-029   5.6663724315245175E-029   5.4202749445940259E-030   3.8047124789177166E-029   5.4636922262985152E-016  -3.5777768149390094E-017  -1.5031973637774850E-016  -1.5575082677822249E-014   2.3007862667141797E-015   1.2993086986154614E-015  -4.4159920351776311E-030  -1.2044682731448434E-029   2.5920421787574402E-028   7.7243378953350666E-030  -1.7439938262791763E-030  -2.3973029507762142E-030  -4.4049892399069119E-029   2.6649054386802523E-028  -2.4573422478094501E-029   4.9661438074553148E-028  -4.9000529071168705E-016  -2.2561428825659045E-015  -1.5362928179823103E-014   1.3792914276704705E-029   3.9397538423506295E-030   9.1670313011854075E-030  -3.5223914455933185E-029  -2.6591037173100364E-029  -1.5939703300485380E-029   2.0365770698180004E-016  -7.4594676741873748E-017  -3.4171924085245433E-016  -4.0824257502335300E-015
   1.2176611152398705E-017   1.5523045371195216E-016  -1.2397995447849500E-016   3.8525033766676119E-016   4.7215593647672576E-028  -6.0483098418416516E-029   7.7783654857919686E-030   5.9046376190214127E-028   4.7988897866884025E-029   5.4802751689018621E-028   3.4948832081379806E-017   4.4769229682784186E-016  -3.5548288546367990E-016   1.8531082964507711E-014   1.7866572681389787E-029  -4.1004952705392390E-029  -2.8227526416244708E-029   1.2943399528693246E-029  -4.2702685527776992E-029   1.7000814328437415E-029  -8.0094057376183884E-029  -9.3880641522809764E-029  -2.2256240132684515E-030  -8.0217529064875701E-030   1.4266447345524683E-027   2.8174340925676624E-030   1.9210605646300502E-029   1.7270072255117588E-027  -1.3406049577645803E-029   2.3120216317759300E-027   3.3666003456626768E-014   3.1067127412315773E-017   3.9478383235991480E-016  -3.1653100576946533E-016  -5.6477046034400455E-015  -1.3402609540031711E-015   2.7043785353373063E-029  -1.3741580381908213E-030   2.3220616383848042E-029   6.8186412647667430E-030   2.5841984333611797E-029  -8.0618478675833198E-030  -6.0193845593906765E-029   6.9145083590383605E-029  -2.2681866312956003E-029   8.5268837383584095E-029  -5.6212159646899248E-016  -2.2567987507636498E-015   6.5420790438018167E-015   2.2219905869834286E-027   4.7164393171866848E-029  -1.7889511384686679E-029   2.2131006949947509E-027  -1.8676308796206619E-029   1.7193568073033990E-027   5.5229981413345511E-015  -7.6873520268998548E-017  -2.7605060195087512E-016   9.0010182630832033E-016
  -5.4689854457987470E-018   5.3865894692323865E-019  -1.1098845424826309E-017  -1.7471953876969042E-018   2.6835496202888557E-029  -5.1535743755370496E-030   3.9785800833198349E-030   4.0754934578330009E-029  -3.2474572724151916E-030   2.3846182135329236E-029  -1.5778933435197511E-017   1.6690842371048773E-018  -3.0924805913804408E-017   1.9318968460423540E-017   1.7986543103934830E-030   3.8765488223785757E-030  -9.5533274257317588E-030  -3.7889167144944904E-031   1.1889372377157389E-030  -5.3380892719620128E-031   4.6145691868866993E-030  -7.8824229527417891E-030   4.0450584710832911E-030  -1.8567172418768258E-029   2.8174340925676624E-030   7.3416340440736596E-030  -5.0444904912740262E-030  -2.0192563642160854E-029  -1.1560618018953195E-030   4.9829886198568293E-030   1.8976801165308364E-017  -1.3905193191933948E-017   1.3019758866096553E-018  -2.8864533394133702E-017   2.4567097543001649E-015   3.0743932552737079E-017   1.2369400870154102E-030   7.2179778662964592E-031   1.3399793796881745E-029   1.1215897260261046E-030  -9.4877046550880006E-032   1.8736003964508322E-030   6.7562761330465309E-030   1.3001247688470060E-029   2.7800510353464225E-030   3.0610637515105227E-029   6.5598831254206499E-017   2.5532193242175158E-016   2.6315820061375927E-015  -2.9174481267046485E-029  -3.4595355681620823E-030  -1.2791410210182899E-030  -1.8039394900674529E-029   6.2644713318831533E-030  -3.1799389184058927E-029   1.2175432560127853E-016   7.7308662201189867E-018   3.6776280780594347E-017   3.7394884129942431E-016
