 4.6091206394979687E-007 -6.0156617942844070E-014 -5.7888804956044949E-015  4.8123555144028121E-011  6.1101716502485371E-009 -1.5031717385300104E-006  1.6963899403232112E-013  1.6457039579083754E-014  1.1826630455983137E-012  3.7228903414535545E-012  8.5623504615515502E-013  8.9153631697384426E-013  7.2734276603615591E-013 -2.0741992658325582E-012 -8.5597118810636894E-012 -1.7896490503311260E-008 -4.7171844250252387E-012 -2.5196998853712288E-011  1.6261453904024847E-011  1.0737927939955500E-007  4.1252404431521079E-013  6.1022688104400248E-014  1.6355422105590689E-006 -4.3154294832973421E-013  4.5809242912214220E-014 -1.4167028740978278E-006  7.0253814170667556E-013 -1.8161866571061736E-014  2.5088627011182890E-015 -9.5998173940382023E-004  6.2863085075616632E-011  6.2227154734870771E-012  2.7070301877028406E-011  8.5808799238264435E-011  1.9426973979238312E-011  2.0664502507972736E-011  1.6784743144579665E-011 -4.7734806391524173E-011 -6.2585908625869978E-007  5.0830058057729647E-013  1.7144018019247082E-013 -1.9844647525569055E-014  8.6679378701000646E-014 -7.1547055379914070E-015  4.8458465635881712E-014  3.2462734701914734E-014 -2.2084214842200721E-014 -3.9711798251528779E-014  3.5532139215051846E-014 -3.3400384663633789E-014 -2.1162385770724764E-014 -1.0241270582096475E-012  2.4663187740137075E-012  5.2942891800782560E-013  2.1938921524907544E-012  8.3454783171000943E-013 -1.1697657107157029E-012  2.5611952031080699E-010  8.2548516856103371E-010  1.8659713888805609E-010  2.0257458319522560E-010  1.6228202060373626E-010 -4.5869410093811655E-010  3.9651674550852292E-013 -3.6829740421775564E-013 -5.9339915117912717E-014 -5.4468138672157503E-013 -1.6587122228411632E-013  1.4816360932214507E-013  5.5880009264864387E-014  8.6569833061315611E-014  2.6028348249146689E-014 -2.1646010951074600E-014 -3.1337578959238857E-015 -5.3685776851687453E-014 -5.2340958866823491E-014 -2.2322202331134050E-014 -1.6347570860251094E-014 -2.7638654039937950E-015 -1.3366195621215342E-014  1.6361045745673634E-013  3.2700841636025001E-014  1.0773135174440428E-013  4.6273458208488039E-014 -8.4251757867647965E-014 -1.0572822165561431E-013  5.5069022396682083E-015 -7.7657292912030077E-014 -3.6805520990094654E-014 -6.0380109278003775E-014 -1.8149134866452111E-014 -1.6662738628027128E-015 -1.6341211024515862E-014  4.8911041295617917E-014  9.3318485611984720E-015 -9.3998901463915170E-014 -1.9481044525539846E-014 -6.5355614916346854E-014 -2.8106680746752445E-014  4.8963703599075407E-014  5.9671442251866568E-014 -4.1908844724020830E-015  4.6055181088260363E-014  2.2604738652245938E-014  3.6050210208181556E-014  1.0491329510763177E-014  2.0296989136324091E-015  1.0458180711438899E-014 -2.9028795519640380E-014  3.1944800835441590E-014 -1.0417089029352292E-014  1.3299346707104926E-014 -3.3384824089062278E-014 -1.8691490048684466E-014 -9.5433442290711686E-015  4.1676989115261797E-017 -2.6998244025498344E-014  1.0361607007647677E-014  1.0210020706811780E-014
-6.0156617942844070E-014  4.6091207272462108E-007 -1.4799706582247846E-015  4.3340424749586484E-011  5.5080372767578782E-009  1.6955020522161956E-013 -1.5031717636945471E-006  4.5554761486504897E-015  1.6234251244824068E-012  3.2097112449400465E-012  7.2432451023649949E-013  1.4403385255503120E-013  6.5506526466387706E-013 -1.7674566579910699E-012 -7.5881868023227974E-012 -1.6132472216819040E-008 -4.2111179121607246E-012 -1.8152981647522120E-011  1.4588277389829548E-011  4.1255760468322505E-013  1.0737919103863328E-007  4.5053029057718565E-014 -4.3222933857131207E-013  1.6355421619037162E-006  1.2189943857964861E-013  7.0280325466720106E-013 -1.4167028738416277E-006 -1.0644689761427302E-013  1.1923120050881056E-014  6.2902267095634287E-011 -9.5998174859483385E-004  1.7235373584246890E-012  3.7470423663620244E-011  7.3865779227492814E-011  1.6710243589758378E-011  3.2539283768318548E-012  1.4775788861359093E-011 -4.0724344889741849E-011  5.0417307090752152E-013 -6.2585930424448863E-007  2.0267836101529276E-013  1.6543874776718343E-014  5.3513422126366334E-014  2.6631396380455157E-014  9.3762478162896184E-015  4.4590375169654210E-014 -3.1573495871242880E-014 -1.1014378580763271E-014 -1.2081697203409119E-015 -3.8807816542243469E-014 -1.8947414029238643E-014  2.8597065950927468E-012  1.5805648387520795E-012  8.3484563386601758E-013 -1.8727519008013760E-012  3.0062805273153192E-013 -9.8696401045410887E-013  3.6463795562625408E-010  7.0922480712549472E-010  1.6157702599264616E-010  2.6719578700057003E-011  1.4165096606786192E-010 -3.9135752217662600E-010 -6.6219995830725788E-013 -1.5759086618822148E-013 -1.6783857215510919E-013  5.3740508005888902E-013 -1.2959373072027805E-014  1.2479345724045558E-013 -7.9051063704688354E-014  1.0232951951364658E-015 -1.7442147125346402E-014  1.2245337406993825E-013 -3.6774703272113082E-015 -1.6394232101112700E-014  2.8978239786328341E-014  1.8146507257689226E-014 -3.9947694022733199E-014 -5.2448320114518663E-016 -8.5654436613014573E-014 -6.2846534509499458E-014 -1.8783144360068929E-014  1.6052767520108172E-013  1.4907320019963046E-014 -1.0058432609757209E-014  1.2143740068831287E-013  4.7068797953464196E-014 -7.8608103132061563E-014 -1.6299854357697661E-014 -5.5062216951250749E-014  2.1431067062791628E-014 -6.3796143228393859E-014 -3.2542569815877489E-014  4.2047589805839691E-014  4.9722987031150773E-014  3.3596289450943611E-014  1.0512007820072055E-014 -9.4596352838471165E-014 -9.9589378913777389E-015  7.2538610052491922E-015 -6.8288315804419299E-014 -2.8124341430553307E-014  4.6542773883528369E-014  1.0450229051807033E-014  3.3245492724033302E-014 -1.2320225711463490E-014  3.6199775212309079E-014  1.9742765732965251E-014 -2.4735019697345023E-014 -3.9887333967187711E-014 -2.7397296862724195E-014 -2.0706981980475233E-014  4.3448666566137610E-014 -2.5050067456055378E-014  1.0065761125565358E-014  1.7504778133121482E-014  6.5625292626981290E-015  3.9141970493260250E-015  1.0543268360205814E-014
-5.7888804956044949E-015 -1.4799706582247846E-015  4.6091212924830211E-007  3.5802212744903677E-012  4.3806611878254855E-010  1.6244208912606488E-014  4.3602401411557167E-015 -1.5031719229840751E-006  2.8723545306814385E-013  7.2033687613242960E-013 -2.3212907215756428E-013  1.1052445280922568E-013 -2.0026632072754127E-013 -3.9775973701943024E-013 -1.0177609301493084E-012 -1.2843033959855875E-009 -4.7432594857159857E-013 -1.6071713047613992E-011  1.7187494144756900E-012  6.1003064939271811E-014  4.5048060582924705E-014  1.0737882479263585E-007  4.7080271139662378E-014  1.2328836428140114E-013  1.6355426622195213E-006 -1.6549258534258595E-014 -1.0522533752577879E-013 -1.4167036271601371E-006 -1.4282784377006466E-014  5.8756628226157905E-012  1.4006331083058207E-012 -9.5998180766705785E-004  6.8273952627290473E-012  1.6605612979367765E-011 -5.5414492388523995E-012  2.7390030837018452E-012 -4.6699772927765467E-012 -9.5663792504621818E-012  1.6997570124060935E-013  2.0644893960082629E-013 -6.2585965175855450E-007 -9.3721264397831873E-015  2.7579546884808041E-014  1.0315317967846586E-014  3.4484860112703394E-014  2.7427177302391536E-016 -2.1919342053970996E-014 -1.1852858888506243E-015 -7.5989688195730968E-015 -2.5989489007684706E-014 -1.9851617649159092E-015  5.8944786262357914E-013  8.3343278426287392E-013 -2.3024895144978055E-012  3.9183558588092699E-013 -1.9745756070126900E-012 -9.8129775835414269E-013  6.6693537016783001E-011  1.6057060333659118E-010 -5.8383784079048090E-011  2.7200565801761356E-011 -4.9233216313780150E-011 -9.3894055155631492E-011 -1.4787148196928413E-013 -1.7730125941502302E-013  6.3004232080999369E-013 -1.0818987846967844E-013  5.3703408978644537E-013  2.5605082487292153E-013 -9.1342832792628789E-015 -1.7496598554796220E-014  4.9890566597572809E-014 -2.2362692288225071E-014  9.2286404881268256E-014  3.4609039352008971E-014 -8.4442749360608737E-015  4.0929207313342929E-014  2.8823844834126255E-014 -6.7321449305397877E-014 -1.7171694585411578E-014 -1.8728325372075133E-014  2.8069324600490188E-014 -9.8599665208652067E-015  1.1941838632208952E-013  4.0038953153210134E-014 -1.8179462202086193E-014  9.3313122778430096E-014  4.9516056326526439E-014 -9.7620707569578750E-014 -1.0695484778157237E-014 -4.9570939720463970E-015  2.8661681659635936E-014 -8.4052907210368610E-014 -3.9101460639316443E-014  1.0304641624792906E-014  1.0501201271074029E-014 -1.5766251265544425E-014  4.9643983599209256E-015 -6.7270333511977477E-014 -2.3062389795216641E-014  1.0497056740263536E-014 -5.2591001463993762E-014 -2.8172379870643967E-014  5.4965249296210096E-014  6.5046757979385587E-015  3.2952803696397672E-015 -1.6386831366607262E-014  4.6845549647533486E-014  2.2459426818806171E-014  1.9075772826908383E-015 -2.0851838712730711E-014  1.3923997261144076E-014 -2.6824587445039465E-014  3.6598528215088293E-014  2.4261831300963399E-014 -2.1632667671623643E-015  2.0759471743004928E-014  2.3755563778564344E-014 -2.5689212256563620E-014
 4.8123555144028121E-011  4.3340424749586484E-011  3.5802212744903677E-012  1.0312271040764946E-005  1.0828298702832287E-003 -3.2093824026794318E-012  4.4532804749295241E-012 -2.2259970443905601E-011 -2.1884366804270585E-011 -5.0215889212212986E-011 -1.2077239986342765E-011 -5.9641692429055877E-012 -1.3556320904295195E-011  2.7847880827265118E-011 -1.9309539648736515E-006 -3.1924567376048858E-003 -1.1000202132310687E-006 -1.9015663477620975E-003  1.3184991327406495E-004  1.2477451846782002E-011  1.0682983799079509E-011  2.8379237935613395E-012 -9.2956991714564350E-011 -7.7460265397348306E-011 -2.6300457769335615E-011 -8.5449539967679539E-011 -7.2728204044032518E-011 -2.1016634970973817E-011 -1.4944598596277114E-005 -9.8469392612965476E-010 -8.1379775975724128E-010 -3.0702445217063051E-010  1.0592312374537230E-010  2.7564175220153730E-010  3.8781064027714364E-011  5.3395796306934020E-011  2.9685573253478823E-011 -1.5932260120328498E-010 -3.6452289929517470E-011 -2.8839795295861921E-011 -1.5146459162496011E-011 -1.2007426122650038E-012  1.1655676321542231E-011  2.1956737615494166E-012  8.4318841787135577E-012  3.5534164336604295E-012 -6.8209671892281372E-012 -4.2267278358173010E-012  1.4680616270440310E-012 -5.9850093866966374E-012 -2.7308219251853726E-012  4.7401342683430398E-013  6.7789537824019765E-013  5.9537721028114116E-013 -2.1324480879825888E-013  8.2502117324282071E-013 -2.5768365016416289E-013  7.9706910270477239E-010  2.0865747647836664E-009  2.7907857575576038E-010  4.1369313077981349E-010  2.0442501667625185E-010 -1.2107703944361215E-009 -5.2487442951071331E-013 -1.1250017154150474E-012 -3.9346417981057731E-013 -5.9278177641903686E-014 -4.6558570339694056E-013  5.8536487660391152E-013 -8.0238051452247907E-013  7.5875290413782609E-012  1.5931954864884732E-012  5.5032256964905107E-012  2.4702385483786183E-012 -4.4267473065971789E-012 -2.8506439324237791E-012  1.0038340186893449E-012 -3.7629661295147331E-012 -1.9357152838966658E-012  1.8029662708933248E-014 -3.8315615133632705E-014  1.1046457100385085E-014 -3.2118931904869202E-014 -2.8734431559324980E-014 -2.4551123934244146E-015  2.4758512623597754E-014 -4.0347319651649680E-014  1.8191341164960219E-014  1.9025115738628822E-014  6.7550275142550054E-015  1.2669040795237019E-015  1.7337037038826783E-014  2.0151637801525319E-014 -9.9646349370640958E-015  1.0920724159862236E-014 -1.9304866172867311E-014  3.3804152775406274E-015 -2.4104950538256770E-014 -1.3918912518303106E-014  3.7533413061594292E-015  8.8536573535629069E-015 -1.7532419901088889E-014  1.4023438879073534E-014  9.6878370197188332E-015  7.6781482787226786E-015  3.2114566998782146E-017  9.3629622426425537E-015  1.0342120010090443E-014 -7.8517472165955496E-015 -2.7392468404372395E-013  2.6011363073909204E-012  5.3479472454659041E-013  1.8867005132885357E-012  8.3476807526349296E-013 -1.5191944274505071E-012 -9.7041415214063889E-013  3.4005125683442932E-013 -1.2991859073771849E-012 -6.5207066240443534E-013
 6.1101716502485371E-009  5.5080372767578782E-009  4.3806611878254855E-010  1.0828298702832287E-003  1.3986134779593812E-001 -1.9851255106451192E-010  7.4670759673044565E-010 -2.7868096886201100E-009 -3.2621855613761439E-009 -7.6300596422784273E-009 -1.7104888088633697E-009 -9.9908066209994633E-010 -1.8588330820605453E-009  4.2612063782215923E-009 -1.6059803830329364E-004 -4.0946936057924443E-001 -9.0893102277557773E-005  7.2854591448489880E-003 -3.8320688675589606E-004  1.3940987057821339E-009  1.1923274175546290E-009  3.2067587684748029E-010 -1.3511440232025991E-008 -1.1269936884556931E-008 -3.8090651512746072E-009 -9.3760376911260175E-009 -7.9989503148357623E-009 -2.2568501386964869E-009  6.0237072863463214E-005  1.4316162994659765E-009  1.0866836389067380E-009  7.3693825119926920E-010  2.6826150472281530E-009  6.8492625791925082E-009  1.1225314361444335E-009  1.2244891072643203E-009  9.5779060175344138E-010 -3.9072299791768038E-009  5.6423928436423118E-011  3.8914428645599186E-011  4.0739527403026122E-011 -1.6817956213397066E-010  1.6290146869730903E-009  3.0950289600795762E-010  1.1787844747036110E-009  4.9904556835007470E-010 -9.5315585364916886E-010 -5.9232945110211848E-010  2.0588351574745049E-010 -8.3433199645104586E-010 -3.8415109548454005E-010  2.0127792513011480E-010  4.5915330499093177E-010  1.2357705796265894E-010  4.8281589552310427E-011  1.3791826236042644E-010 -2.4958357295001461E-010 -5.2326530868701537E-010 -9.9945318427635543E-010 -5.2051770250798046E-010  7.0265876342227862E-011 -6.6012756903561370E-010  4.5276710115491059E-010 -1.2155433903738072E-010 -2.8658170350167575E-010 -6.8442457069817341E-011 -3.6314308910284070E-011 -7.2531916002707002E-011  1.5794464429024045E-010 -9.6181279569407849E-011  9.0893142467940881E-010  1.9148042688475713E-010  6.5922810089739617E-010  2.9659411604431049E-010 -5.3019024373212988E-010 -3.4186702574190099E-010  1.2048224865422422E-010 -4.5026597885761179E-010 -2.3252355121851289E-010  3.1843630379309006E-012 -6.1647518823708645E-012  1.6823786390519679E-012 -5.4177098294656891E-012 -4.6123967057829963E-012 -9.8607288925675038E-014  3.8308214873183790E-012 -6.3923824479357874E-012  3.1315251662699440E-012  3.0820783717285168E-012  1.4834486061119750E-012  1.9461814268282538E-013  2.9193595432007377E-012  3.2434545334619228E-012 -1.5589418174294965E-012  1.5210366639711910E-013 -6.8978782489145364E-014 -1.0930412701580983E-013 -4.8672466477659394E-013 -3.1563563610249760E-014  2.6970646343471121E-013 -1.4705885288533272E-013  7.7506424531623414E-014  2.9000575551148984E-013  5.1596603046043591E-014  2.7611577239953815E-013 -1.8123057485123296E-014  6.7138387449566704E-014  4.1702455161514242E-014 -1.5251005242536050E-013 -2.6760705644622959E-011  2.5437394694314183E-010  5.2103235051342021E-011  1.8448745278210710E-010  8.1449654950821620E-011 -1.4858435334203662E-010 -9.4780825900678427E-011  3.3200450163090853E-011 -1.2721186740263858E-010 -6.3581379555916841E-011
-1.5031717385300104E-006  1.6955020522161956E-013  1.6244208912606488E-014 -3.2093824026794318E-012 -1.9851255106451192E-010  4.9022916694426702E-006 -4.6372404332422623E-013 -4.5268382991743024E-014 -1.4364640276713350E-012 -1.1833840756466279E-012 -9.0385368063963394E-013  6.7387314824608391E-013 -2.0955201952944184E-013  7.6259055799160213E-013  4.9077486002336381E-012  5.9533352306608868E-010  2.3587017547230275E-012  1.0102201541823711E-010 -3.5937442306093886E-011 -3.5019539004427834E-007 -1.3515858259446668E-012 -1.9959693774446532E-013 -5.3339901251355826E-006  1.3083914079163400E-012 -1.5952790124470470E-013  4.6202896456505087E-006 -2.2076936993122587E-012  6.7267537204873597E-014  1.0675021165177936E-012  3.1307872539531631E-003 -1.4791203162842943E-010 -1.4676687336657238E-011 -2.9701002599163528E-011 -1.4661484256284731E-011 -1.7651801420735219E-011  1.9272781166805725E-011 -2.4054373135780865E-012  1.0428227964249068E-011  1.4002610630964640E-006 -1.4306932068150777E-012 -4.2079912958610124E-013  6.4695704016586395E-014 -2.8245387134143795E-013  2.3378293125253774E-014 -1.5786966080309289E-013 -1.0579854410754852E-013  7.1887060672717087E-014  1.2942669546625085E-013 -1.1585114696765416E-013  1.0880965289050954E-013  6.8961380241196425E-014  2.8265396440734601E-012 -1.0367701014119117E-011 -2.1272038697455216E-012 -7.9145672958966719E-012 -3.1804023520549010E-012  5.0880296532114224E-012 -2.8342165768981792E-010 -1.9406223810580034E-010 -1.7799877412261038E-010  1.5574898476554427E-010 -3.6250915470888069E-011  1.2767266451769003E-010 -1.0223593540191609E-012  2.4273545851065642E-012  4.0483729928282530E-013  2.1771923777685070E-012  7.8295929721501064E-013 -1.1548296466599013E-012 -1.8225599886001500E-013 -2.8220339547198787E-013 -8.4859475649824995E-014  7.0687577761237622E-014  1.0262264831895367E-014  1.7501148504910732E-013  1.7065221848391187E-013  7.2816821417247463E-014  5.3251062388804781E-014  8.9808515138487606E-015  4.3591582016474186E-014 -5.3358135845236364E-013 -1.0664655208954916E-013 -3.5134381999203151E-013 -1.5091170863024933E-013  2.7476911596670834E-013  3.4481039393730864E-013 -1.7960595375292302E-014  2.5326323224665285E-013  1.2003383984744340E-013  1.9691713822207783E-013  5.9189522142866997E-014  5.4346983968875525E-015  5.3293901971135886E-014 -1.5951319393478492E-013 -3.0433958742645669E-014  3.0655938046112097E-013  6.3533680786225001E-014  2.1314462756412109E-013  9.1664522941126500E-014 -1.5968567788612512E-013 -1.9460702911607422E-013  1.3667740997615267E-014 -1.5020004163242832E-013 -7.3720991384269260E-014 -1.1757077005379870E-013 -3.4215466155234814E-014 -6.6194226817766166E-015 -3.4107324458467324E-014  9.4671797148433684E-014 -1.0418054882692484E-013  3.4011139234426605E-014 -4.3363407935959650E-014  1.0890086856181756E-013  6.0968063237520155E-014  3.1099410585993049E-014 -1.5082803285538350E-016  8.8050515208663494E-014 -3.3810195487839724E-014 -3.3306058303126671E-014
 1.6963899403232112E-013 -1.5031717636945471E-006  4.3602401411557167E-015  4.4532804749295241E-012  7.4670759673044565E-010 -4.6372404332422623E-013  4.9022917399702409E-006 -1.3516787533867442E-014  2.8861876116722799E-013 -1.4465132802554370E-012 -1.7982339331210367E-013 -9.1282280418262679E-013 -9.1917794064204813E-013  6.2419646642653154E-013  2.9270377223062329E-012 -2.1751670014356959E-009  1.3806657938706846E-012  7.6727936161868648E-011 -3.1795076196074541E-011 -1.3516654696466679E-012 -3.5019510107556700E-007 -1.4701147648229013E-013  1.3105855697076074E-012 -5.3339899533291320E-006 -3.9994303301748862E-013 -2.2088369685499780E-012  4.6202896339768666E-006  3.4852365486197044E-013  9.9890494999422200E-013 -1.4814047728674785E-010  3.1307872764753599E-003 -4.5271911460644024E-012  1.2906312987641968E-011 -2.2578108163216287E-011 -1.6820938327723283E-012 -2.1330157966058679E-011 -1.8729021678424917E-011  8.4238216275025833E-012 -1.4230583077085781E-012  1.4002615818632928E-006 -4.6742327358173332E-013 -5.3977609661569775E-014 -1.7430295644938321E-013 -8.6810552090971843E-014 -3.0418932244412258E-014 -1.4535421247673548E-013  1.0284177122212974E-013  3.5841246630471417E-014  3.9682619186097068E-015  1.2645080796421382E-013  6.1740669344991653E-014 -1.0510563456028310E-011 -7.0682061723067036E-012 -3.1855876378847006E-012  6.2015598584905526E-012 -1.2386163753399395E-012  4.3090339870604724E-012  8.3547735432452638E-011 -2.5639088253798531E-010 -2.9426602126178556E-011 -1.8810873105345340E-010 -1.8445671723571281E-010  1.0456095596157483E-010  2.7844502904059288E-012  1.5234321579678727E-012  7.9159850818775351E-013 -1.8022826151445127E-012  1.7844697372821847E-013 -9.8216303479358910E-013  2.5779769850738980E-013 -3.2154737290217149E-015  5.6910127285273639E-014 -3.9927101566938639E-013  1.2033234058381130E-014  5.3395813702407033E-014 -9.4553124911759594E-014 -5.9165309579661437E-014  1.3022187233846191E-013  1.6792316896101875E-015  2.7934409020770307E-013  2.0495947688995603E-013  6.1257367043701502E-014 -5.2352757904199202E-013 -4.8617751959336258E-014  3.2803522020138338E-014 -3.9604144460252824E-013 -1.5350569641104279E-013  2.5636403963045909E-013  5.3158984983610857E-014  1.7957393649790675E-013 -6.9892782864576782E-014  2.0805787568397675E-013  1.0613110692163932E-013 -1.3712949576350292E-013 -1.6216194844927082E-013 -1.0956794861333843E-013 -3.4282927678092632E-014  3.0850772993614443E-013  3.2479132331451139E-014 -2.3657002307174056E-014  2.2270927775813553E-013  9.1722141086037170E-014 -1.5179024698449480E-013 -3.4081384937312475E-014 -1.0842372974060367E-013  4.0180061553646288E-014 -1.1805860390324236E-013 -6.4387226978659045E-014  8.0668473871274393E-014  1.3007425704042684E-013  8.9383073499657141E-014  6.7536198013189538E-014 -1.4166547178143565E-013  8.1703737071457959E-014 -3.2847304105673181E-014 -5.7098867469273713E-014 -2.1396940898144590E-014 -1.2783483730531868E-014 -3.4392181951617196E-014
 1.6457039579083754E-014  4.5554761486504897E-015 -1.5031719229840751E-006 -2.2259970443905601E-011 -2.7868096886201100E-009 -4.5268382991743024E-014 -1.3516787533867442E-014  4.9022921752686803E-006  4.7328798351984554E-013  6.9935230283774564E-014 -1.1149490240904952E-012  4.4953502819686049E-013 -7.4818770686559075E-013 -9.2282355768084205E-013  4.9032470333401584E-012  8.1655073079321643E-009  2.4436828374749652E-012  5.1623717906221719E-011 -5.2923771933832572E-012 -1.9951464398701742E-013 -1.4697884417137682E-013 -3.5019390078998538E-007 -1.6182655415010605E-013 -4.0276975143110421E-013 -5.3339914918361823E-006  6.1407981740798492E-014  3.4399022112331563E-013  4.6202920122921322E-006 -8.0758024929517004E-014 -1.4240498831579156E-011 -4.1142816712918946E-012  3.1307874154054634E-003  1.1852846764312629E-011  4.3804525060339092E-012 -2.7225748459319662E-011  1.0666816077550196E-011 -1.8678707412901359E-011 -2.2519725112510580E-011 -4.1997312217828666E-013 -4.8039730692812989E-013  1.4002626296083759E-006  3.0566818466772495E-014 -8.9960201090677653E-014 -3.3643593551541933E-014 -1.1247633613548803E-013 -8.9825417585905768E-016  7.1494392580106346E-014  3.8709889158226561E-015  2.4780934132894246E-014  8.4767249962265367E-014  6.4770746857146024E-015 -2.2214302224076506E-012 -3.2311535310893329E-012  7.9061538241477394E-012 -1.4496913650151570E-012  6.7368968684940834E-012  3.6711682495966099E-012  1.0389945188389956E-010  2.7753471576966880E-011 -2.3630826357364533E-010  9.5921662357891744E-011 -1.5886312893904790E-010 -1.9982126967697430E-010  6.4005767072016415E-013  8.4893460557453608E-013 -2.2643157140992085E-012  4.4349812407026758E-013 -1.9083009185871219E-012 -1.0835214361927447E-012  2.9790805453871745E-014  5.7053060089968020E-014 -1.6271089371243417E-013  7.2925303901729626E-014 -3.0097814522527625E-013 -1.1286588036314059E-013  2.7542807616454927E-014 -1.3348425000555902E-013 -9.3999296003425061E-014  2.1955887890521573E-013  5.6001782377843190E-014  6.1078420806283091E-014 -9.1542089547575418E-014  3.2156133882810138E-014 -3.8945736154272664E-013 -1.3057838998107724E-013  5.9288367234995999E-014 -3.0432064681917039E-013 -1.6148593824409284E-013  3.1836894092534207E-013  3.4881040464376099E-014  1.6166482799208351E-014 -9.3473908956231840E-014  2.7412047604588478E-013  1.2752098111225467E-013 -3.3606610065253349E-014 -3.4247669577276006E-014  5.1418614598599753E-014 -1.6190457648885106E-014  2.1938933473965191E-013  7.5213584786794418E-014 -3.4234145847063291E-014  1.7151549906774123E-013  9.1878844401125902E-014 -1.7925865424195350E-013 -2.1213747174835024E-014 -1.0746925781208121E-014  5.3442524629664922E-014 -1.5277780724014787E-013 -7.3247134425494131E-014 -6.2205661123374287E-015  6.7999010539909823E-014 -4.5408238662729608E-014  8.7477570782277860E-014 -1.1935317117744466E-013 -7.9120480195270776E-014  7.0556760723502393E-015 -6.7699541253676846E-014 -7.7469750924704360E-014  8.3776207702058153E-014
 1.1826630455983137E-012  1.6234251244824068E-012  2.8723545306814385E-013 -2.1884366804270585E-011 -3.2621855613761439E-009 -1.4364640276713350E-012  2.8861876116722799E-013  4.7328798351984554E-013  3.5798390808454525E-005  6.0116481282856659E-013  8.3354570030605699E-013 -1.7899199647518545E-005 -2.0531357916179101E-012 -1.7899191160856824E-005 -1.9903960701867056E-011  9.5498863341286495E-009 -2.6457005238845637E-012 -2.4390880617088263E-011 -3.5755642343414571E-012 -1.4087107405805151E-011  7.8486095144236898E-012  2.5823479037538189E-012 -6.9316770729640518E-011 -1.7496624656208787E-010 -2.4226089856957720E-011  2.3679157993122275E-010  4.9392973397166646E-010  7.8489713304968322E-011 -7.3924623091732289E-014 -1.2681391152886319E-010 -4.9842534617827799E-011  1.1349020830520091E-011  8.6623532440309990E-004  3.4464879090763202E-012  9.3839559763561861E-012 -4.3311772251124740E-004 -2.6793528410207538E-011 -4.3311760189625062E-004  2.4422312959165391E-011  1.8377503962087727E-011  1.8341230954090446E-012 -8.5978163014234137E-013  4.4030957371977831E-012  4.1733269336652652E-012  8.3394390070032209E-013  9.6140004462196464E-014  3.1955381559583226E-013 -3.9546128654537253E-012 -2.5760286079246579E-012  9.0253095234161183E-013 -1.1905734655897100E-012 -7.5930664822251646E-006  4.0233733538768662E-012 -8.2927504578600455E-013  3.7965346117638148E-006  1.8687382798477099E-012  3.7965318730620717E-006  8.1600777163306215E-003  7.6021115293893152E-011  7.1180846441723795E-011 -4.0800393734872660E-003 -2.1160797057116667E-010 -4.0800383428568551E-003  4.0064068298609586E-006 -9.4832975405088533E-013  2.2922076089209109E-013 -2.0032035275219022E-006 -4.5325459406314758E-013 -2.0032032993849603E-006  7.0868496066030640E-013  1.5603296266643555E-013  9.2479370670048109E-013 -4.1198761164261889E-013  4.0848967742068391E-014 -5.3881245137599355E-013  1.3627294291703849E-014 -1.7115495155414546E-013 -1.7434017218586165E-013 -5.6172888294755388E-013 -2.3766292880174910E-013 -7.5499970646568477E-013 -2.0359634873217095E-013  2.2534835231084048E-014 -1.2734603667510190E-013  3.9462552528903934E-013  5.7236250674968487E-013  1.0891449774275012E-013  2.4503023903877935E-013  1.2245195271723865E-013  3.7177842032389906E-014  5.1277384146094643E-014 -9.0350630361450338E-014  4.3637947224584864E-014 -1.7359399000259685E-013 -9.6403342051729638E-014 -1.7879777254411061E-013 -4.5912610385643047E-014  3.6456982460129424E-014 -8.4904177225301633E-015  1.3431730381740075E-013  1.3308325197869030E-013  9.6143334121894712E-015  6.1323656021149937E-014  3.8784650204404660E-014 -1.8198903252811384E-014 -1.2590961346343972E-014 -5.5775733216080486E-015  1.8913736099345158E-014 -7.2678480570018970E-014  4.3056203546904665E-012  3.1938398526977518E-012  1.3716499843322901E-012 -2.8652235514613933E-012  8.2884551446806516E-015 -2.9113784826357087E-012 -1.7863496146693134E-012 -3.4832092194736437E-013 -7.9719899396691580E-013 -7.6274834919267729E-013
 3.7228903414535545E-012  3.2097112449400465E-012  7.2033687613242960E-013 -5.0215889212212986E-011 -7.6300596422784273E-009 -1.1833840756466279E-012 -1.4465132802554370E-012  6.9935230283774564E-014  6.0116481282856659E-013  3.5798385377707270E-005 -2.3007706276338360E-012  4.7810344316836133E-012 -2.5769316108801959E-012 -5.3822448621480846E-012 -5.6427661900123512E-011  2.2341658045666834E-008 -8.2597508410739933E-012 -6.0014929761933617E-011 -9.3090331636141495E-012 -7.4289485374396850E-012 -1.0149615391599518E-011  7.4174837154118387E-013 -3.1634034227818200E-010 -2.6701985307937187E-010 -6.6892596278106097E-011  9.5940032738012424E-010  8.1211085763812132E-010  1.9363311045491900E-010 -1.4709787404734000E-013 -2.1663554903543463E-010 -2.1007302841607603E-010 -3.3658936413970521E-011  2.0649569790409259E-012  8.6623524826919527E-004 -3.4138038744114014E-011  6.7660503811713099E-011 -3.5107689399837187E-011 -6.9725767442967077E-011  5.5460404309330428E-011  5.0229613346010781E-011  9.6913627239252516E-012  2.8336711278414480E-012  4.4613824798697770E-012  1.8541026569877919E-012  2.8665052337922814E-012  4.7299701026281951E-012 -6.6682794344344731E-012  1.3194286993843593E-012  1.7747873466999842E-012 -6.2316718080313313E-012 -2.7047958679099938E-012  4.0198642347853700E-012 -7.5930582284014901E-006  3.2951268065228705E-012 -1.2618933495297477E-012  4.1548481632371924E-012 -2.7578373891698252E-012  6.2268588344198404E-011  8.1600770997211445E-003 -2.8501031304136978E-010  5.6838886672848834E-010 -2.8199947917275716E-010 -6.3065791881176395E-010 -9.5037881861764440E-013  4.0064044165608682E-006 -9.1333555311995208E-013 -8.0727879593698040E-014 -1.1572680130647221E-012  1.0311587927827251E-012 -2.7913524613436431E-013  8.5168403474018375E-013  5.8691791612354041E-015  3.4349809718394955E-013  8.0011276921285541E-013  3.0998406701029312E-014 -5.7049147820242931E-013 -8.4806648081144749E-015 -8.6284691855413901E-014  1.9525742188726177E-015  4.6987344869288900E-013 -2.2737773693139037E-013  2.9734277677974296E-014 -9.4752259839017756E-013 -1.3749222112772024E-013  1.2219661599270401E-013  1.3460110139547777E-014 -1.8247958003589332E-013  2.8879872512051054E-013  1.0649500212500284E-013  4.4847482704260415E-013  1.7585328259594664E-014  1.5981774894145884E-013  8.4883763443579678E-014 -1.6050545257401856E-013  1.4520861381950146E-013 -5.0207757315670076E-014  2.2952983321458104E-014 -2.4957323720022666E-013  5.5433321662461759E-015 -5.4415445266062766E-015  1.4665173775164037E-014 -4.3834642110815998E-015  4.9029432930195120E-014 -1.9440319794954120E-014  1.2666027829221786E-013  2.8370788837197941E-014  2.7178487009943003E-014 -3.2503651884872768E-014 -1.2348257191102754E-014 -2.0174355089472950E-012  4.5601730156504483E-012  2.6120750339726641E-014  3.6974583666114788E-012  1.1680454189405333E-012 -9.9078375351325910E-013 -2.5109838420000839E-012  1.9749765822198094E-014 -1.1913241155675870E-012 -3.4195377040992382E-014
 8.5623504615515502E-013  7.2432451023649949E-013 -2.3212907215756428E-013 -1.2077239986342765E-011 -1.7104888088633697E-009 -9.0385368063963394E-013 -1.7982339331210367E-013 -1.1149490240904952E-012  8.3354570030605699E-013 -2.3007706276338360E-012  3.5798384141649065E-005 -2.9863582146635006E-012  7.4799141686444961E-012  2.1527763245295147E-012 -4.4522818766330754E-012  5.0030189549632562E-009 -1.3194267810728607E-013 -1.1029402943758295E-011 -1.4159037963571231E-012 -3.1088148262768497E-012  7.0854499578962502E-013 -1.3363438959118108E-011 -8.8702549885905996E-011 -7.1410563034011583E-011  5.8951328307659494E-011  2.4277846063167309E-010  2.0743211248622964E-010 -1.4445291917165734E-010 -5.7420848015438672E-014 -7.9944540169235771E-011 -3.2961565835745344E-011 -5.2102350908818149E-011  1.3972425236194033E-011 -2.9426368932757234E-011  8.6623523602660573E-004 -4.2760031823309034E-011  9.6111935934994743E-011  2.8787535117841950E-011  1.4992874119325052E-011  9.8086927449630317E-012  4.4526462920562363E-012 -1.4980975113385439E-012  1.8469907071668406E-012 -4.2323528155946227E-012 -9.2636337577714207E-013  2.0072135059223893E-012  2.9362512795730083E-012 -2.5634636796209942E-012  5.9540794667375567E-012  1.5922577509480767E-012 -1.2833800143977473E-012 -8.0530396233814208E-013  3.3152661287664454E-012 -7.5930639498644545E-006  2.7725167217600968E-012 -1.2757437572394990E-012 -1.9671665305836687E-012  1.1782323944159092E-010 -2.3766399712787404E-010  8.1600769596973446E-003 -3.5104576645939682E-010  8.1591848394753549E-010  2.3322241229325809E-010  2.3346746401702336E-013 -9.0881544603648610E-013  4.0064063350873275E-006 -7.0904896913759763E-013 -8.2186539797782227E-014  4.7561876830141673E-013 -6.1540497534447370E-013 -1.5031908514936387E-014  8.8487098281503835E-013 -2.3361352627113549E-013  1.2379562565964401E-013  1.0592663770456767E-012  5.4178571585051617E-014 -4.1430680269848050E-013 -5.7644151344169409E-014 -3.5075948235420157E-013  1.0955209919966146E-013  2.7203159694916618E-014 -3.3322871989228079E-013  2.8368919826070104E-014 -6.0940323319829888E-013 -2.2082227113573389E-013  4.6632725829204496E-014 -9.9570268172553365E-014 -9.9095437569291226E-014  4.0759100390384705E-013 -5.4539735412644021E-016  2.3967270550526333E-013 -2.7415966276508639E-014  2.1454646192700080E-013  1.4130085921924627E-013  1.8219436567577246E-014  2.3663735347026258E-014 -1.3136648780671868E-013  4.1007678634322740E-014 -1.6069614587559753E-013 -7.2986650855650019E-014 -1.8382874445164467E-014 -1.0849458895379617E-014 -7.1632947635516534E-015  1.3928417985856675E-013 -4.4388520250956845E-014  7.6281172739061033E-014  3.6985283227966664E-014  4.3490007199928622E-014  2.0487006414425823E-014 -8.7468856402091288E-013  2.7256923310803785E-014  4.4344654175441611E-012 -3.8263623772757062E-013  2.6313556911027962E-012  1.5561538713116115E-012 -2.2279938560011065E-014 -1.0778048926153824E-012  2.6364283434189236E-015 -2.5019025883758513E-012
 8.9153631697384426E-013  1.4403385255503120E-013  1.1052445280922568E-013 -5.9641692429055877E-012 -9.9908066209994633E-010  6.7387314824608391E-013 -9.1282280418262679E-013  4.4953502819686049E-013 -1.7899199647518545E-005  4.7810344316836133E-012 -2.9863582146635006E-012  3.5798389037117657E-005  3.6949711760712573E-013 -1.7899189391073183E-005 -1.3636360532595007E-011  2.9292837851724703E-009 -2.3967620541996052E-012 -9.5956934344101446E-012 -1.7810410557079187E-012  8.4514082411818645E-012 -1.2518307061407791E-011  2.3993959665534889E-012 -1.0424534779563438E-010  2.9639611249146441E-011 -7.4236251566663188E-012  2.8887508477709702E-010 -4.8230678241879309E-011  2.9921755875466231E-011 -1.1704033350200009E-014 -5.3007233750923974E-012 -5.8181624616873102E-011  1.8692585830104594E-011 -4.3311771573943669E-004  6.2333862389802918E-011 -4.0304488675524917E-011  8.6623530020956980E-004  3.6755465052785029E-012 -4.3311758447817539E-004  7.5490378700433240E-012  8.5192173407666633E-012 -4.8728179559316070E-013 -4.6358153540173530E-012  2.7327256038215414E-012 -2.9904093915894352E-012  3.7799643705735781E-012  4.0337421456718946E-014  2.4396765207560073E-012 -3.8901672855297978E-012  3.7124831645226918E-012  2.4865505367444606E-012 -5.3811928408960605E-013  3.7965346697202299E-006 -1.2936243730945172E-012  2.7969155586767183E-012 -7.5930656310190978E-006  8.4845163914620637E-014  3.7965309620701240E-006 -4.0800393052957780E-003  5.1504011931315474E-010 -3.2624177481905719E-010  8.1600775155286059E-003  3.0212962033722792E-011 -4.0800382102535518E-003 -2.0032035306497840E-006 -8.2609781454225020E-014 -7.1133815511729169E-013  4.0064066475549628E-006 -1.9227278422875952E-014 -2.0032031126749184E-006 -1.6924346674612952E-013 -1.9922046064543928E-013 -1.7000277589761639E-013  5.1551489360928407E-013  1.9435759051535882E-014 -2.8844471336932898E-013  3.4750025037937861E-013  9.1470390740534813E-013 -2.6695582904959059E-013 -5.5505325213515279E-013  1.0132584075721370E-013  5.3771548792957904E-013  8.3931340087515295E-014 -1.3940981207105109E-013  4.6894738033722676E-014 -3.6041914085588486E-014 -7.3990270968226989E-013 -1.6910005964257308E-013  2.7126995136712905E-013  4.2063130322258020E-014 -9.7901607483655328E-014 -1.2791886856094773E-013  3.1680452094547947E-013  9.2975985017806341E-014 -1.5756506685820008E-013  1.1631854289678819E-014  1.6347971529367394E-013 -7.9527848674320531E-017 -7.2768936140233207E-015 -4.6812831151614842E-015 -1.1817334474691071E-014 -2.3628774116353593E-013 -1.3019200686979027E-014  9.7701824612501637E-014  9.7474785124173923E-015 -5.0285354847815797E-014 -2.2360915889675699E-014  9.9967311541224480E-014  2.5860887480296275E-014 -4.8391401804588983E-014 -2.1846821647368224E-012 -2.3226762027142411E-012 -3.5260153575949528E-013  3.8901299335307658E-012  3.3372174751191230E-015 -9.5906966720374062E-013  3.4793359392090590E-012  1.3636316106769305E-012 -2.3453364661175922E-012 -7.5357834675618049E-013
 7.2734276603615591E-013  6.5506526466387706E-013 -2.0026632072754127E-013 -1.3556320904295195E-011 -1.8588330820605453E-009 -2.0955201952944184E-013 -9.1917794064204813E-013 -7.4818770686559075E-013 -2.0531357916179101E-012 -2.5769316108801959E-012  7.4799141686444961E-012  3.6949711760712573E-013  3.5798384608194453E-005  1.6836186129852388E-012 -3.7581624447133457E-013  5.4347340506237545E-009  7.9699247706003802E-013 -1.0773205488104042E-011 -1.0889321496987240E-012  7.0349557281765263E-013 -3.3200668472364132E-012 -1.1089603555239239E-011 -7.2181684495532827E-011 -6.9371103245456579E-011  5.4806859729710023E-011  2.0987236002679283E-010  1.8700782545897025E-010 -1.2956434729880871E-010 -6.5407440472045356E-014 -3.2853458323817391E-011 -7.1479105572894424E-011 -3.4479519984742654E-011 -3.0970116794951885E-011 -3.7206773566083984E-011  1.0256192859313578E-010  5.9615881647915520E-012  8.6623524328174764E-004  2.5008423258856790E-011  9.8276751146983520E-012  1.2309003957514971E-011  3.1658858810959055E-012 -2.5203952662004019E-012 -1.9970334352649873E-013  7.2673907282043230E-012  1.7937563848054510E-012  7.8760259269616158E-013  1.5876835772896590E-012 -1.7101868527952854E-012 -6.7181758409101470E-012  2.4941771096177911E-012 -4.0937877290787345E-013  1.8298997348535188E-012  4.1153294453590108E-012 -1.2222949622155335E-012  9.0145155333526094E-014 -7.5930661758179865E-006 -1.9199112349046230E-012 -2.5372884992324483E-010 -3.0322030711926085E-010  8.8074741211102130E-010  5.3605094643145135E-011  8.1600770128250205E-003  2.0012359327319007E-010 -4.5028074543624868E-013 -1.1486815039911743E-012 -8.4996553791447132E-014 -1.4328542779887352E-014  4.0064069973874872E-006  4.6461790970935969E-013  6.9014554241984460E-014 -2.3518545901988065E-013 -3.4686605468557453E-013 -3.1279088001074473E-014  5.0026620526538565E-013 -6.1309584587120412E-014 -6.2449002926702170E-013  5.0586959740911918E-013  1.0730398453420070E-012 -1.1852939056427185E-013 -2.6553918475087233E-017  1.2504125553956422E-013  1.5240933383436946E-013 -1.9617866362525773E-014 -2.3628652841052757E-013  1.9530338650803206E-014  2.0632729046860045E-014 -4.8569577729453452E-013 -1.9544300102015420E-013  2.0962586804182038E-013  1.2867244212733876E-013 -2.0259123707082077E-013 -2.0650648610740722E-013  3.7674839669018715E-013  1.0639563519778721E-013 -3.3161553882684391E-014 -1.5570856884831758E-014  9.9207013463847728E-014  2.1099311478769681E-014 -2.5105951324592628E-014  3.7080604464233595E-014  2.7409283677684642E-014 -1.9361819807753321E-013 -1.5877880808611863E-014  4.5120271079066755E-014  2.3481084880848595E-014 -9.8698660611829259E-014 -6.2362785863638061E-014  1.1547741516703510E-013  1.4381376934499076E-014 -1.8425360917538955E-014 -3.7500961053503964E-013 -8.6225687047652093E-013  2.1941350403918082E-014  3.2238798392450668E-012  2.7813820408344984E-015 -8.7945111628818629E-013  3.5858495063315573E-012  1.5549253222905065E-012 -2.0300427294993751E-012
