   2.3870377655839738E-002   2.9955913659846412E-017  -1.5936948198932976E-017   5.6388740932533241E-017  -1.4675529540866420E-017   2.1959078361227335E-017   4.0069740657952775E-019  -4.6387762203111480E-017   6.9556272773007884E-018   8.7687354685422060E-018   3.7570439184290975E-002   2.1121135345770947E-016   8.5879737204658652E-018   3.4404398953753068E-013  -3.8969457129289887E-017  -4.8155644164899216E-018  -2.8131856680411742E-013   6.2316309568128272E-019  -2.2072630259276001E-013  -9.0902927173972686E-017  -6.6404856129577453E-018  -4.1551424844385441E-017  -1.6048569895378791E-017   7.5724415989328674E-017  -5.7836304610474863E-017  -1.3307422797558119E-017  -4.4198562943616146E-018  -3.2296398723571351E-017  -9.2665877202750713E-020  -5.7841999505766444E-017   3.3852594496318382E-002  -1.5657879268824957E-016  -8.1045813312943739E-017  -3.3102633966022237E-016   1.7823878378127786E-017   8.1410019073996649E-019   8.8334861337847274E-019   6.1858624881872125E-018  -1.9152767485334501E-018   9.5594464241443662E-018   4.3128488497312160E-019  -1.0507450930708083E-018   1.1275915350216794E-019  -1.5632346089818894E-019   6.6647591230059802E-018  -2.5530580298015807E-018   6.4972034348521550E-018   1.3846123823105929E-018   1.7474943190763233E-017   6.7338860617853968E-013   1.6325164927896600E-017   9.0748835677038567E-018  -5.5250458395270131E-013  -3.8110633399678455E-018  -3.6937480200332084E-013   3.6292984629984058E-017   5.6086356110628239E-018   1.9372582240720977E-017   1.1389120527675461E-017   1.9006433948334310E-017   4.2089110532567385E-018  -2.7875839543670696E-018   2.8006664598124809E-017   1.1856207596871606E-018   2.0368682220548565E-017   4.3142480743498131E-017   1.5263507369956908E-002   4.4685111544386851E-017   6.9830089133067757E-018   3.7986632824346396E-018  -9.1714021673712152E-019   7.1424592047027477E-019  -2.5844777942822259E-020   5.0549769187665326E-019   2.1711975626208303E-018  -4.8470357291942497E-019   6.0953681500272723E-019  -7.2206899147244636E-019   4.4573466162945682E-019  -7.9575301974787972E-019   9.0899531327532796E-020   7.2318227558844886E-019  -1.1245197895260901E-018   3.2244320251294200E-018   1.4495182888285849E-014   4.2871764824610380E-018   2.1806844802896722E-018  -6.9941143245916733E-015  -1.6218475812549000E-018  -1.2132375161914104E-014   1.0193930732422818E-017   2.3724476190394759E-018   4.1399275405513134E-018   3.4732218842711302E-018  -3.6584415060695723E-018  -1.1487532137230525E-018  -7.0469877586004109E-019  -6.4058836500292828E-018  -1.0012801173825017E-018  -4.6703440611918239E-018  -1.1979467105795575E-003   5.3830715550327322E-016   7.2129589138018409E-016   1.2094618283830972E-002  -3.0565973858698137E-017  -1.6200101052830673E-017  -7.1037478121313951E-017   2.4492878399755189E-016   1.1346321793682290E-015
   2.9955913659846412E-017   2.3870377668683544E-002   1.3505862122979458E-016   1.0890896748249030E-016  -2.3442457004264286E-017   1.1387193262813460E-017   8.7951274424649799E-018  -2.6424338628626808E-017   1.8737471040204735E-017  -4.5483369975395920E-017   4.8687536398217923E-018   3.7570439186590018E-002   8.4819936977829121E-016  -1.0764132291499543E-018   3.4131011841795767E-013  -1.2422569093073910E-016  -1.1841310438682144E-017   1.8683089722527542E-018  -1.5637937322007123E-018  -2.0809617951953872E-013  -1.2921293747428012E-016  -3.2382657837117910E-014  -2.6643993979265019E-016   3.3804568105710638E-016  -1.6142949393282767E-016  -4.1235615377180283E-017  -1.7321898955552084E-017  -1.7058402895158420E-016  -5.9038482803654721E-017  -1.4139067104040135E-016  -6.9878850821684358E-017   3.3852594508793771E-002   7.9744115924190451E-019  -3.3566400124740864E-015   1.6734700399514961E-016   3.3363122040020309E-017   8.1588394153751390E-018   1.0426238242543473E-016   9.7513544555408489E-018   9.5060543386695816E-017   3.2964582368532840E-017   4.0226189094270943E-018   1.6391787332540470E-017   9.3004598798346227E-018   1.8827648410559107E-016   3.4897745696735236E-017   9.7307539334223358E-017   3.3234926717049087E-017   1.5231654694443061E-016   4.8563610160897159E-017   6.5096540948961528E-013  -1.7186696226308306E-017   2.0782517845472212E-017   9.0624371957901946E-019   2.0421272024857056E-017  -4.5360918566675371E-013  -1.9254964619620117E-017  -2.0007670140276923E-014  -4.4511231365816535E-017   5.9805857119033072E-016  -1.1110241286380224E-016  -2.9069727971920866E-017   5.3494018131055882E-016  -6.0191887655754488E-017   6.0513187720139533E-016   1.8005526191716242E-015   1.0215378888581730E-016   1.5263507374079577E-002   1.3037036444713321E-016  -1.5669187739538827E-017   3.7704636860401776E-017   1.0665336825096249E-017   2.0895836496325624E-019   1.1314431157150413E-017  -1.1807065843760163E-017   3.7586703888491477E-017   5.2963078089421258E-018   1.5001067412649952E-017   9.8750309742205037E-018   1.4108006569658433E-017   1.9185007334947933E-017  -9.6475302060803385E-019   1.8737048763443245E-017  -1.9054613195173409E-017  -3.1821896265599018E-017   1.2123727455994104E-014  -2.7480621347400093E-019  -1.6539132581311279E-017   1.1862007428556524E-018  -1.6499525587052613E-017  -2.7803816354419646E-015  -6.1186879910474172E-018  -6.3064650992562937E-015  -2.3185694253873107E-018  -2.1222872490973265E-017   1.9310064115177941E-017   3.8315244494200749E-018  -1.2918472225890387E-017   1.2448844582057008E-017  -2.3391370845362608E-017  -8.8770610478925570E-016  -1.1979467067807295E-003   1.0654743662523545E-015  -5.8125122172073135E-016   1.2094618288007446E-002  -7.6082056628983728E-016  -1.0207682291721094E-017   1.0626796437659220E-015   1.9938085637244800E-015
  -1.5936948198932976E-017   1.3505862122979458E-016   2.3870377670819669E-002  -1.4991493032229448E-016   1.3459884855433417E-017   1.0415813512301529E-017  -1.9741622220684453E-017   3.3381928888755731E-017  -2.2005113708097565E-018  -2.9925468906245380E-017  -1.5040117484538416E-017  -3.6818233085933451E-016   3.7570439188599890E-002   1.2447201856452741E-017   7.2441353637898011E-017   3.1075349209845662E-013  -2.0255738714885002E-018   7.9130065200164044E-019   6.5976602772254631E-018   1.6756177404041769E-016  -1.2366587409153701E-013   6.7909187208372238E-017  -1.3922105719874806E-013  -5.8921620557218826E-016  -1.3426966896939057E-016  -1.5320782208407747E-017   2.3200442635952816E-017  -1.9637965504384443E-016  -4.7974186348412435E-019  -2.2020834297354181E-019  -8.6659219986577712E-018  -1.6887416309115497E-016   3.3852594509319517E-002  -8.3344996906009488E-016  -3.8852766296501366E-017   9.2810958752609544E-018  -9.0142383041623712E-018  -1.5864763241379327E-017   8.1731594513670221E-018  -4.8013679999985005E-017   1.0338928143817104E-017   1.3692169559306495E-018   3.7737810752609010E-018  -3.6379165203613521E-018   1.0298767483396577E-017   1.0258966984832929E-017  -3.4363050047175816E-017   8.2227399666457198E-018  -1.1185951353494401E-016   3.1624853469114715E-018   8.1265427794572665E-017   5.7485481385254539E-013   6.5099834452126352E-018  -2.9616608589049887E-018   6.9374081190488617E-018   1.5931836081516026E-016  -2.7968818885405574E-013   6.7308498660326769E-017  -2.1754913804292073E-013  -4.7346932984071991E-016  -5.8169590431486914E-017  -1.3684838584096650E-017  -5.3613515432759859E-016  -5.2507955449241760E-017  -4.7417327185682689E-016  -2.3794320646100390E-015   3.2971338341296159E-017   4.3768901228829483E-017   1.5263507374536920E-002   3.0781975596467942E-017   2.3707196825433142E-017   5.2246096086163798E-018   2.9466038128052478E-017   4.8504452298251010E-018   1.8413625521851377E-017   2.1757404321255733E-017   4.3934751832842211E-020   1.1638721927354871E-017   3.1404338522843759E-018   6.3177502906967047E-017   1.5232838694692331E-017   2.7408177558679221E-017   1.7192038368283561E-017   2.9265691049543879E-017  -1.1519239835622513E-017   1.1659286971471934E-017   1.3405103328550701E-014  -6.3968047198645236E-018   8.9028338248206895E-019  -5.1658363499023453E-018   1.9179977061751537E-017   2.1205749759021738E-016   9.4896523572295888E-018  -1.0657846220753335E-014  -2.5418453889953856E-017   6.3403901713964684E-018   1.7798886772694105E-018  -8.3468806642110588E-018   1.0504320419082351E-017  -2.9136131297112250E-017   1.3015571096159057E-016   1.2952172946382570E-015  -1.1979467071661341E-003  -1.6001536951739620E-016   8.4802287055143566E-016   1.2094618288631400E-002  -1.7577677794638081E-015  -2.8168249512933088E-015  -3.8685728753201465E-015
   5.6388740932533241E-017   1.0890896748249030E-016  -1.4991493032229448E-016   7.6842998625213345E-005   2.5199490183773801E-013   1.8172705249790257E-018  -2.0982757300759559E-018  -3.3090094080287086E-013   7.7991707788440075E-019   7.9542395671208132E-014   1.0435531758444257E-016   2.3858580591000644E-016   1.6297234579891773E-016  -3.6920469013722075E-019  -1.7563110807263683E-017  -6.9977027663193305E-017   9.5134241992318841E-019  -2.8917654438766011E-019   4.0436540622665373E-018  -3.5540049022454195E-017  -8.1349269455053865E-017  -1.7431506122375029E-017  -1.6403233822548027E-016   2.9734372597318842E-003  -3.2050589402320943E-013  -1.0436770553294140E-017  -3.6096780596285723E-018   6.2678298342432925E-013  -1.4537210380216558E-017  -3.0325556935864391E-013   5.0612077282651188E-017   1.8332693651963196E-016  -1.9195542027527743E-016   7.6918346562619526E-003   5.4280372539423264E-013   1.9791671641722933E-018  -4.2958407605239287E-018  -1.1897317264754101E-013   2.8626828725578152E-018  -8.7194204169124761E-013   3.9518231378190202E-018  -3.6914067090991013E-019  -4.0166833976622372E-018   8.2832285137711925E-018   4.4738757270807234E-013   5.3503330597876209E-018  -7.0468208525933652E-013  -1.7232637057772678E-018   8.7611426572431633E-013   5.9481450621636972E-018  -7.5969666842019094E-018  -3.4722111052074413E-017   2.2624804457923382E-018   1.3235277844750335E-018  -8.1891050101041893E-019  -2.0073717355573026E-017  -2.7756086387028821E-017  -1.0080904093242852E-017  -6.1396371961941540E-017  -1.0567179400938619E-013   7.6211797955894329E-018  -2.0220340319342871E-018   7.4817525924549993E-013   1.3099875214921077E-017  -8.1372170247248886E-013   3.6695806079669710E-003   2.2685965439105417E-016  -1.4292639645391196E-016  -3.5128406391446748E-017  -8.6267193266588451E-015  -1.4980911518424603E-018   3.0307918498510554E-018  -1.2450229595270037E-013  -1.8563638000371444E-018   1.4412191465839128E-013  -3.9717426698104684E-018   1.1995234448401307E-018   2.1226829046127564E-018  -2.6567887621170249E-018   3.8850707321183959E-014  -2.4868348497971770E-018   6.0508676230884350E-014   4.8183713551108140E-019  -1.1410919153085117E-013  -2.0057059194312979E-018  -1.5854371947991305E-018   6.5366067627384080E-019  -5.2632613849526470E-019   2.4664570133142758E-019   1.8060190928862652E-018  -3.6711422998595139E-018  -2.1005465105667896E-018  -6.0025175140985848E-019  -2.6666974413837839E-018  -4.5800111899769798E-014   6.1073836829359666E-019   1.8968497499312288E-019  -1.1477426828168619E-013   1.0605349631482125E-018   1.6321406419801882E-013   7.6222635586217522E-015  -9.5852092584593589E-015   2.3968143915755430E-015  -2.8152755589041773E-016   1.0044449956140807E-016  -5.3619106494642978E-016   5.6902282112539383E-003  -1.4880653030286157E-003   1.1554498988648621E-004
  -1.4675529540866420E-017  -2.3442457004264286E-017   1.3459884855433417E-017   2.5199490183773801E-013   8.6715535060622520E-022   2.7815425859358029E-028  -7.6753136327962583E-027  -1.1238587455710098E-021  -9.8475065258324402E-027   2.5879095274507497E-022  -2.5067199412290834E-017  -3.3946181908471934E-017   2.1374080563398004E-017   5.3114833597224758E-027  -5.2642927731672756E-026  -2.6368927269960422E-025   3.5909883261060834E-027   9.6528461429909557E-028   5.5115216176324442E-027  -9.5218486255191570E-026  -3.0101366813168818E-025  -5.0269088436333007E-026  -5.8813321062547932E-025   1.0052609706562960E-011  -1.1114311814175666E-021  -2.4484594876407594E-026  -1.4227553211939536E-026   2.1143119119023434E-021  -2.3428823949810724E-026  -9.9333726578144580E-022  -1.8074111419709252E-017  -3.7349915213063019E-017   1.8825596844766709E-017   2.5825752644091157E-011   1.8634654309589277E-021   2.2052438001209584E-027  -1.8788016941130039E-026  -4.2244727507190818E-022   6.2449751113580559E-027  -2.9892925032913386E-021   1.0221341261783615E-026  -3.5402716546959262E-027  -9.7622884278213397E-027   3.2544909015248797E-026   1.5471823545199135E-021   1.9518681344184694E-026  -2.4348885541207736E-021  -7.9126310682915696E-027   3.0086492207023577E-021   5.1513202563447876E-027  -2.3690663262999033E-026  -1.1032779934250200E-025   1.6117972454493335E-027   3.2988634411479922E-027   8.6971772289902997E-027  -5.9685337185335725E-026  -9.6291621800345252E-026  -3.1886223705624251E-026  -2.3265397200148234E-025  -3.4092218217967962E-022   1.6871813821376874E-026   1.6528961367124518E-028   2.5692725108231750E-021   2.6967205183664666E-026  -2.8661802017660023E-021   1.2582528147703389E-011  -3.9768575408092286E-017   3.0547567975585226E-017   1.1524777282886272E-017  -3.1767620671919844E-023  -1.9475812898106639E-027   1.3701279666449629E-026  -4.2553239038354204E-022  -1.1459462897417797E-027   4.9767798007256180E-022  -1.2372556658100384E-026   3.9120397586011985E-027   3.2733451541307347E-027  -1.2421394826444967E-026   1.2696372172727463E-022  -8.9639718825315450E-027   2.1815454647856708E-022   8.4809772569484087E-028  -3.9871723180851323E-022  -5.9931739973877274E-027  -4.1792201031581112E-027  -4.1872121756387434E-027  -1.7121004215188752E-027   1.0910585657378610E-027   1.0270890927788454E-028  -9.9574802016800075E-027  -5.2453866622734194E-027  -3.5922555355508027E-027  -5.8731521458093539E-027  -1.8289523337635855E-022   3.6621674024271691E-027  -2.6235822434433733E-027  -3.9332314557892910E-022   8.3348450875144210E-027   5.8113652148434341E-022  -1.4180561625783606E-015   2.1275262831730099E-015   1.3558300614021546E-016  -7.9035308833796924E-018  -1.1176784576102152E-017   6.8647603749224626E-018   1.9195236792687202E-011   4.0081825497175051E-012   9.5753709949196357E-014
   2.1959078361227335E-017   1.1387193262813460E-017   1.0415813512301529E-017   1.8172705249790257E-018   2.7815425859358029E-028   1.3779409923752863E-030   2.1475028469504878E-031  -2.3619547772843595E-027   4.7166387660214472E-031   2.0983632998375411E-027   3.5184866159650699E-017   1.7952183918359907E-017   1.5770744284097040E-017   2.6586454557279235E-028   1.5868124135084336E-028   1.7562997856366433E-028  -2.1567810665444913E-028  -4.1297369245954455E-031  -1.7383477786774710E-028  -1.0097035984300695E-028  -7.6007861242966118E-029  -1.7309996460328755E-029  -7.5304335784896123E-029   2.7164228312134771E-017   7.4908431409177560E-028  -2.1228999261902550E-030   4.7043951783714223E-031   6.4544420386293979E-027  -6.0830123704824967E-031  -7.0737865481830264E-027   3.0275919357878221E-017   1.6108142903568660E-017   1.5638182029137517E-017   9.5619581052988352E-017   1.1190744028408078E-027   5.5070170713136985E-031   8.5459073737926141E-031   1.6232122105888020E-027   9.7249388618451129E-033  -2.4704154199182522E-027   2.6959415855730253E-031   1.9994111458480990E-031  -1.6362820258576274E-030  -2.3197056630115961E-030  -6.2092750612400013E-028  -4.2384586116336277E-031   5.8349863958256621E-028  -8.6874195028894241E-032   1.7145288809624981E-027   6.7659874552601088E-028   3.1244273123840880E-028   2.1636984385521861E-028  -5.2230483165064137E-028  -2.9010838321636117E-032  -3.5983742675153222E-028  -2.1945500197929584E-028  -1.2197982632262945E-028  -9.8681846169490681E-030  -9.2917340160224459E-029  -3.2899886011405097E-027   3.0367369792533044E-030   6.9759748355531719E-031   1.2602818690873425E-027   8.4730137573939792E-031   7.8115953640767298E-027   9.1348185454761282E-018   2.3651050279028862E-017   7.7362083498238856E-018  -2.9554503326893794E-018   2.8225893119958842E-028  -5.7550137953427830E-031  -1.4142107200960702E-030  -5.3208464188351270E-028  -6.8580750500827140E-031  -7.6654548683693591E-029  -4.7579973953058281E-031  -1.4678046286953591E-031   1.5177702803709709E-030   9.7257991137862099E-031   9.6464151388734659E-028  -1.0087609442619598E-031  -1.2829480869810126E-027   1.3565242954571876E-031   7.0537773297212542E-028  -5.8883262838330699E-029   2.9669563526033807E-030   5.9937969324406588E-029   2.9483953451201310E-029   2.7327449127643844E-032   2.2343454472187770E-029   7.3428918211884822E-031  -1.2080356302579228E-029  -2.4510788224544876E-030  -2.1989959214434919E-029   3.3947949829959265E-027  -1.5763723721695986E-030  -5.6530916689219228E-032  -3.6812166159327234E-028  -2.2996625230291311E-031  -2.4497272228932822E-027   4.4761797431974891E-016   2.0668054619860198E-017  -4.4952170197919112E-016   1.1274136689919325E-017   5.7766535406581251E-018   5.1294480838092392E-018   5.7994507831860097E-017  -1.2482207606687407E-015   8.2754108149383162E-016
   4.0069740657952775E-019   8.7951274424649799E-018  -1.9741622220684453E-017  -2.0982757300759559E-018  -7.6753136327962583E-027   2.1475028469504878E-031   1.1614623249568749E-030   9.8579868431616763E-027  -6.7788240377550798E-031  -2.2021376928145993E-027   9.8228497141691852E-019   1.2793935158876237E-017  -2.9805127109153361E-017  -2.1653255177891218E-029   2.0384797121195562E-028  -3.3101898448940131E-028   1.9001815323528105E-029   2.0141898505936161E-031   1.1875805563098230E-029  -1.3156836711395299E-028   1.5416938920747213E-028  -1.3560232521597136E-029   1.5347257164585949E-028  -8.8215659822590580E-017   9.8357642772943288E-027  -1.3350889333546481E-031  -9.7969494491939467E-031  -1.8431799429299590E-026   1.5110519876194182E-030   8.5157755650715537E-027   7.9202972533251114E-020   1.3932210721941131E-017  -2.9759417099142971E-017  -2.2427589129277245E-016  -1.6541496583472920E-026   4.9522022553180358E-031  -3.8125798760272319E-031   3.8161263549524557E-027  -1.6143531405009443E-030   2.6395376940480365E-026   4.7638876318164009E-031  -8.8284032805431217E-031  -2.1201848199487635E-031  -8.0474322193414384E-031  -1.3823570526876109E-026   1.1058772665557884E-030   2.1630387726179311E-026   3.6844079518634301E-031  -2.6679297700750152E-026   4.1794089505975478E-029   1.9934201318071757E-028  -4.1169198230119829E-028  -1.7292350662352316E-029   3.5834503478239840E-031  -1.6132389432585486E-029  -1.3769937915204180E-028   2.2762324990495243E-028   1.5559310030856062E-029   1.7342197872769697E-028   2.7745188148487905E-027  -3.2637276884842433E-030   3.2640852110741439E-030  -2.2993286954217557E-026  -2.8765905010411283E-030   2.5571095280645976E-026  -1.1211030519996380E-016   5.6825101005396661E-018  -1.0565325563636407E-017   6.9283275518054186E-018   3.0595661093032647E-028   1.0173240022411703E-030  -9.4838078566504970E-032   3.7447219421993016E-027   1.5975598401309948E-030  -4.4185528555418142E-027   1.1699303814486896E-030   4.6791063002301968E-031   1.0511884558284163E-030  -5.1830049282502625E-031  -1.0667826718148584E-027   1.8663867705013095E-031  -2.0005949447991765E-027   3.2089922035364274E-031   3.5828672184000139E-027  -3.9916394285737550E-029   8.6113013091888751E-029  -1.1993864497545434E-028   1.9542175740834269E-029  -7.1441604723577694E-032   1.8027454289086329E-029  -6.1983229585962007E-029   2.3531565780703799E-029  -2.6899941701827004E-029   4.0953643234366977E-029   1.8063601673423132E-027  -3.2491587888618240E-031  -1.2487839271666679E-030   3.4500998780674128E-027  -3.7623831738236060E-031  -5.2618807899841341E-027   2.5335800090266381E-016  -7.5638943670717621E-016   9.1395158275737761E-016   2.8655838765287328E-019   4.2070858613312995E-018  -9.7016807131660794E-018  -1.6787523309943422E-016  -1.0643150041899686E-016   8.0693609126051233E-016
  -4.6387762203111480E-017  -2.6424338628626808E-017   3.3381928888755731E-017  -3.3090094080287086E-013  -1.1238587455710098E-021  -2.3619547772843595E-027   9.8579868431616763E-027   1.4617059645517305E-021   8.1525890877190781E-027  -3.4058792367179690E-022  -7.6958809395891566E-017  -3.9454486985756002E-017   4.9499313190024015E-017  -4.8454659330268633E-027   6.9763562152290198E-026   3.3448927123256012E-025  -4.2269533067266367E-027  -5.7460415163950324E-028  -1.0029825875648518E-026   1.3365513460245077E-025   3.8241375262449827E-025   6.8506582312619190E-026   7.5349773539558344E-025  -1.3090911432878027E-011   1.4374771622212148E-021   3.5637595591352949E-026   1.7821034770757158E-026  -2.7549899069352641E-021   4.0185781866285346E-026   1.3048497594977139E-021  -6.0295866113790993E-017  -4.0445166226444654E-017   5.1572429771375364E-017  -3.3694305475419775E-011  -2.4166553931737706E-021  -4.4614636311887732E-027   2.2901903978447894E-026   5.4297167183511192E-022  -9.5228765109125235E-027   3.8781039028493195E-021  -1.4463097336069739E-026   3.7393597380463430E-027   1.3855012709218742E-026  -4.1025612109821933E-026  -2.0025547461529566E-021  -2.4913333768974473E-026   3.1522292155947203E-021   9.4972321931191231E-027  -3.9014729641302265E-021  -1.4513183846629316E-026   3.0651245584506742E-026   1.4678329895970162E-025  -2.7560833477254920E-027  -4.7348692887362072E-027  -5.7983207778686627E-027   8.1165243190126685E-026   1.2359321923294596E-025   4.2363102037865447E-026   2.9286848508701036E-025   4.4971183468378776E-022  -2.4919399775142041E-026   2.7244106635369197E-027  -3.3317653253600309E-021  -4.1582431720291635E-026   3.6916651639142391E-021  -1.6323219549301892E-011  -9.0581225384032426E-017   1.6063087141784335E-017  -2.5595634334426557E-017   4.0450968675543507E-023   3.6231134152343153E-027  -1.6712194111016783E-026   5.5250943484207835E-022   3.3860227481265765E-027  -6.4440434141268485E-022   1.6469057363176655E-026  -5.1595540128574043E-027  -5.4380173337839584E-027   1.4941885693460881E-026  -1.6688313764530981E-022   1.1430868063046850E-026  -2.7928497320176507E-022  -1.3686183893980063E-027   5.1465097497939878E-022   8.8647391964268320E-027   5.3788503973189849E-027   3.3890551344199949E-027   1.9462596943316942E-027  -1.3215037027880571E-027  -2.7624727050841204E-027   1.4266605571338923E-026   7.3897315727006172E-027   4.1528002378818995E-027   8.4600165637381241E-027   2.2825784522271345E-022  -4.4785104042719281E-027   2.0973776190694229E-027   5.1032138088981738E-022  -9.1560655155946017E-027  -7.4639782535025190E-022  -2.8422728880076062E-015   1.5403629733102251E-015  -2.1935698651509425E-015  -2.4441505722773894E-017  -1.2881270654696837E-017   1.6191301701860529E-017  -2.5011703634508842E-011  -2.0261447730452099E-012  -5.2258795504344126E-014
   6.9556272773007884E-018   1.8737471040204735E-017  -2.2005113708097565E-018   7.7991707788440075E-019  -9.8475065258324402E-027   4.7166387660214472E-031  -6.7788240377550798E-031   8.1525890877190781E-027   8.5258259444873490E-030   1.6961695058449871E-027   1.1027920504630325E-017   2.9204448098039833E-017  -2.7886796921770340E-018   8.9323053171648339E-029   2.8924447212782760E-028  -5.7756346084169077E-029  -7.6877091181724004E-029  -4.2483327693607509E-031  -5.3633705494626470E-029  -1.8826196988528530E-028   4.8118780110515214E-029  -2.6534951811065700E-029   4.7641349299219964E-029  -5.7257925683432144E-017   1.5437274194305959E-026  -2.0619161809525959E-030   1.4372153962988979E-031  -1.0909929730851064E-026  -1.8377584253535851E-029  -4.4156609152591208E-027   9.7527961996221610E-018   2.6972551811781356E-017  -4.0592896375636479E-018  -9.5387261402285304E-017  -1.9500141788703503E-026   1.6017415510849764E-030   1.9953868562570917E-030   8.8560251249635697E-027   3.7640021615253707E-030   3.0457701056885363E-026   1.8457809416956238E-030   1.5405344363862657E-030   2.6738157211562889E-030   3.2354847681074600E-030  -1.9616092797405613E-026  -9.9799998298658958E-032   3.0667262441705122E-026   2.0501328365436954E-030  -3.1894230885347716E-026   2.1292298324960253E-028   4.9507041780491205E-028  -1.4129717159495902E-029  -1.5975012502841007E-028   8.9479227207873516E-031  -1.1969239003603058E-028  -3.4595149369278373E-028   3.2290430155106383E-029  -1.2439563737199818E-029   4.0282927544525824E-029  -2.7398669696248590E-027  -2.0894123725091683E-030  -9.6947115010773958E-030  -2.6424312956225935E-026   1.0796373245670588E-029   5.3775696712619277E-026  -1.2504183092550709E-016   5.6855118751276496E-018   7.5502638101867923E-018   9.0065635582494750E-018   9.6301003443185444E-028  -3.8870345442444418E-031   8.4678173921985720E-031   3.9462057930915550E-027  -2.5333547106522830E-030  -6.1782438795474925E-027   4.1126942224027610E-031   4.7494913623096979E-031  -2.3084011569055873E-030   9.8125692333317063E-031   5.8748563926289978E-028   1.0686367040042424E-030  -5.5190061290469771E-027   1.2765005467579199E-031   6.3414761810275981E-027  -7.6441701101901761E-030   3.2674058693510128E-029  -5.5895661595408134E-029   2.1396007797874503E-030  -2.6675693869313579E-031   6.5109580773649658E-030  -2.2044835764517313E-029   1.2816641267333615E-029  -9.3784532273747494E-030   2.1010770758270512E-029   9.7842607580809989E-027   4.4928820923855651E-030   3.6291684469891339E-030   4.0395431003517789E-027  -2.0202465243818853E-030  -1.2636873059909010E-026   5.7451949841562016E-017  -2.0784818799231389E-016   4.8637061537415884E-016   3.5433258241724852E-018   9.4256692843643840E-018  -9.5464304745370060E-019  -9.7148214428775218E-017  -2.8163004165460009E-015  -2.9389319291479445E-015
   8.7687354685422060E-018  -4.5483369975395920E-017  -2.9925468906245380E-017   7.9542395671208132E-014   2.5879095274507497E-022   2.0983632998375411E-027  -2.2021376928145993E-027  -3.4058792367179690E-022   1.6961695058449871E-027   8.2455427818151144E-023   1.0192827592988299E-017  -6.9937587444531134E-017  -4.5282968190665646E-017  -4.5185765141924115E-028  -1.9129701450864587E-026  -7.1098842251936259E-026   6.0463994232466725E-028  -3.9315424982322442E-028   4.5832132509581115E-027  -3.7532424408349247E-026  -8.2199125942457968E-026  -1.8241720413080478E-026  -1.6685172850603481E-025   3.0629270118050027E-012  -3.2870148522086051E-022  -1.1237457509312838E-026  -3.6184013564478882E-027   6.4586903273396498E-022  -1.6865300263217914E-026  -3.1402292386613859E-022   1.7454894587187503E-017  -6.6799224596768608E-017  -4.4968206854238903E-017   7.9322530751995133E-012   5.5768617914411385E-022   2.2700530335044518E-027  -4.1550274630264501E-027  -1.2151043094191925E-022   3.3002807817558418E-027  -8.9603428272730591E-022   4.2692710302368759E-027  -2.0089538946118630E-028  -4.1312994374650894E-027   8.5493892973835842E-027   4.5907853840356492E-022   5.4341486296495719E-027  -7.2317858070540771E-022  -1.6030948546638977E-027   9.0008102708025297E-022   7.0690228708811508E-027  -9.3535961447025247E-027  -3.6393432613188728E-026   2.5940416340191104E-027   1.4446098240489503E-027  -1.7829553486005213E-027  -2.0030860862746401E-026  -2.7738463954048479E-026  -1.0621706241021272E-026  -6.0891441738371072E-026  -1.0966474858554130E-022   8.1283278907305850E-027  -2.9022585633893457E-027   7.6868956698578052E-022   1.4726454616921663E-026  -8.3222877064770211E-022   3.7710856862982000E-012  -5.0082906321461318E-017  -3.6150284487088929E-018   8.9179038155068742E-018  -8.7548439900640030E-024  -1.6939215598849356E-027   3.0384263948146096E-027  -1.2800834862112883E-022  -2.2581645152770772E-027   1.4792033044125426E-022  -4.1340322432242519E-027   1.2550168243445392E-027   2.1838029003877035E-027  -2.5462885723050299E-027   4.0241088739522652E-023  -2.4906376834874001E-027   6.1631975028933846E-023   5.2336330776740698E-028  -1.1687917803600262E-022  -1.8067050864065982E-027  -1.7885833697604096E-027   8.9891482886917055E-028  -7.6811468198578817E-028   2.3296487167624561E-028   2.1813966012952459E-027  -3.9309748426364875E-027  -2.1821482734377794E-027  -3.8780376039654921E-028  -2.6494544604529581E-027  -4.5742729482639717E-023   8.1301144486082843E-028   5.2593849471575245E-028  -1.1794904855111577E-022   8.2914162937058989E-028   1.6661401342593508E-022  -2.6008549932510543E-015   1.1915241124183668E-015   1.3114345355470071E-015   3.5856314164931857E-018  -2.2653399014354996E-017  -1.4730748714853712E-017   5.8635915807164426E-012  -1.9941204985402454E-012  -3.9899862828527045E-014
   3.7570439184290975E-002   4.8687536398217923E-018  -1.5040117484538416E-017   1.0435531758444257E-016  -2.5067199412290834E-017   3.5184866159650699E-017   9.8228497141691852E-019  -7.6958809395891566E-017   1.1027920504630325E-017   1.0192827592988299E-017   5.9137251726365449E-002   2.5678697309418643E-016   2.3284635566942278E-017   5.4119773700107404E-013  -6.2767911007709817E-017  -7.6004466321139174E-018  -4.4251506248864307E-013   7.9030254610491309E-019  -3.4723095924772210E-013  -1.4210063162037450E-016  -1.2456345673489651E-017  -6.4747896937645726E-017  -2.4388994086160382E-017   3.7664592264913116E-016  -9.4338375709100959E-017  -2.1682304512186711E-017  -7.8009339012134481E-018  -5.1195659390744737E-017   8.8884550052692516E-019  -9.2172444796640896E-017   5.3276525452978091E-002  -2.9331280986183546E-016  -1.0615889193089746E-016   1.2239419362940583E-016   2.8066503001618377E-017   1.0289657485503730E-018   1.3190323521535812E-018   9.1284363151762807E-018  -2.7710684177919582E-018   1.4881876236340195E-017   8.5214664057138303E-019  -1.8343039727300537E-018   3.2719021324670342E-019  -1.9724802856184729E-019   9.5469890171625681E-018  -4.0923448766046906E-018   1.0018617874242708E-017   2.0363468436350292E-018   2.6256649505808317E-017   1.0602142160759945E-012   2.6710456303647486E-017   1.4353732593208752E-017  -8.6969549693677485E-013  -6.0193363515928088E-018  -5.8149329732618862E-013   5.6312587573971536E-017   1.0427026017045919E-017   2.9930262269074500E-017   1.6515977894350804E-017   2.6806025344989778E-017   6.9610758639614654E-018  -4.1081530223867933E-018   4.0222502088050989E-017   8.0489538483228643E-019   2.9352904235496845E-017   4.2473261883062368E-016   2.4082373720932707E-002  -5.7447534784764863E-017  -8.6110750998263412E-017   6.3357542896005342E-018  -1.1497058943950919E-018   8.8938158794693710E-019   2.7142047708545877E-019   6.1489972302522704E-019   3.4750233980250475E-018  -7.8530449878654414E-019   1.2166174821745882E-018  -1.2131740566902664E-018   8.3738789692145079E-019  -1.4612688925677980E-018   2.6188504034430506E-019   7.8589130287590418E-019  -1.7590933785254230E-018   5.1696162275837485E-018   2.2371200168366459E-014   5.9992256169555336E-018   3.2378651431709258E-018  -1.0790299999992779E-014  -2.5964543336921393E-018  -1.8889917309176804E-014   1.6413119072772270E-017   3.1107788249157467E-018   6.6467413297961908E-018   6.1006114927213409E-018  -5.4399493418858966E-018  -1.5831473776126583E-018  -1.0132668670202945E-018  -1.0505896355143385E-017  -4.9786839639691653E-019  -7.9743228350799214E-018   8.5056597304678048E-004  -3.8150642166725604E-015  -3.8491878817385896E-015   1.9037053322420359E-002  -7.8551419298569404E-017  -5.1600623927830573E-017   3.7965670411413991E-016   2.6725510141462192E-015   6.8647130552797213E-016
   2.1121135345770947E-016   3.7570439186590018E-002  -3.6818233085933451E-016   2.3858580591000644E-016  -3.3946181908471934E-017   1.7952183918359907E-017   1.2793935158876237E-017  -3.9454486985756002E-017   2.9204448098039833E-017  -6.9937587444531134E-017   2.5678697309418643E-016   5.9137251701743762E-002   4.0712841727930656E-016  -4.1118859612635711E-020   5.3691699203057260E-013  -1.9560230388556552E-016  -1.7451863973460236E-017   2.7240017269434826E-018  -3.2900710755901236E-018  -3.2732303946530096E-013  -2.0427146991619164E-016  -5.0960401694121540E-014  -4.1787450793305027E-016   3.2038641125411955E-015  -2.4585677679862708E-016  -6.4449728253920966E-017  -2.6028353006122805E-017  -2.6053179989387995E-016  -9.0387571369217326E-017  -2.1160587174474199E-016   1.2767736055539453E-016   5.3276525447247619E-002  -7.9341366749367692E-016   2.1261465177063560E-015   2.5403864015543654E-016   5.0909232507750115E-017   9.6087027926237557E-018   1.5587801489778302E-016   1.6283694575109529E-017   1.3965484011037232E-016   4.9692800628035304E-017   7.1757912214297245E-018   2.4904496126125852E-017   1.7467421492917669E-017   2.8621196248752191E-016   5.2389351602316613E-017   1.4659650543355117E-016   5.0437281543050033E-017   2.2833690995438219E-016   7.6848533253011749E-017   1.0247295092493423E-012  -2.7016397460375009E-017   3.2199927057833151E-017   3.5124790280729119E-019   3.4681966807752117E-017  -7.1406193361611308E-013  -3.1066024991313051E-017  -3.1572480718299102E-014  -7.5752049905882767E-017   9.0009258673404794E-016  -1.6691562910991723E-016  -4.6727074893253154E-017   8.0111798988251589E-016  -9.1699516785484309E-017   9.1206671917234986E-016   5.7538585210675058E-015   2.2006995442411971E-016   2.4082373715626926E-002  -3.2682208407138615E-016  -2.4970027250530218E-017   5.6635465074930271E-017   1.9070964467876095E-017   1.2811077804253638E-018   1.5538010909970356E-017  -1.6713686398110663E-017   5.6904223602927523E-017   7.6000972508844613E-018   2.2677879620229962E-017   1.3263776953744234E-017   2.1670361900029144E-017   2.8993500536334828E-017  -1.9937646918167624E-018   2.8838624779891671E-017  -3.0808625582271691E-017  -5.0660972721740891E-017   1.8784121603315228E-014  -1.7540829452239050E-018  -2.5199125222517353E-017   1.9730152516920986E-018  -2.6231767777890086E-017  -4.1527916978706016E-015  -1.0918063127680952E-017  -9.8390340702664418E-015  -4.6124778600936540E-018  -3.3447155248785979E-017   2.8460034517808098E-017   6.3923404887426349E-018  -1.9035285972610876E-017   2.0294040445724465E-017  -3.6752105119446054E-017  -3.1952403475902281E-015   8.5056596521686039E-004  -5.6148866549122958E-015  -7.2205306977586125E-016   1.9037053320026250E-002  -1.5365450116399963E-015   5.1977495517813258E-015  -1.3510552213496519E-014  -6.7398248182958536E-015
   8.5879737204658652E-018   8.4819936977829121E-016   3.7570439188599890E-002   1.6297234579891773E-016   2.1374080563398004E-017   1.5770744284097040E-017  -2.9805127109153361E-017   4.9499313190024015E-017  -2.7886796921770340E-018  -4.5282968190665646E-017   2.3284635566942278E-017   4.0712841727930656E-016   5.9137251702786948E-002   2.1724672756934192E-017   1.1442055798471622E-016   4.8887794966764582E-013  -3.8663277021167600E-018   1.8424609343691895E-018   1.0415572365624567E-017   2.6664400690704994E-016  -1.9449451844170144E-013   1.0858855151342613E-016  -2.1902253380890259E-013   1.5545638418372829E-014  -2.1818621055933787E-016  -2.3438358634850739E-017   3.4439364578697946E-017  -3.0718701874101148E-016  -2.3742369429999691E-018  -6.7912045314809410E-018   3.4863196335525827E-017   6.3504779987731718E-016   5.3276525446148144E-002   4.0649447245183038E-014  -6.4352480658670381E-017   1.4813676234830477E-017  -1.7840692887081994E-017  -2.4044791432449807E-017   1.1279377717951479E-017  -7.4011520684422837E-017   1.6569518498281740E-017   9.7580506420198336E-019   7.1366475029101512E-018  -1.4617802018480076E-018   1.2630707608968206E-017   1.7861649215530305E-017  -5.3440574596848167E-017   1.3181218245975995E-017  -1.7835089129365617E-016   5.0258802765624477E-018   1.2847229945824689E-016   9.0497757129945451E-013   1.1069714240595314E-017  -4.1230288949751999E-018   1.2488680450103767E-017   2.5008677131811629E-016  -4.4022047687166854E-013   1.0481036902400405E-016  -3.4242747648829577E-013  -7.5511856650946423E-016  -9.7091364622077908E-017  -1.8892067988349577E-017  -8.6126402988100958E-016  -8.3415722756247439E-017  -7.5975670665858631E-016   1.7264021211202367E-014   8.0490012370401863E-017   4.2118358917336017E-016   2.4082373715549447E-002   5.0230513585916110E-017   3.8210134598808655E-017   1.1584847038181580E-017   4.6441576937804128E-017   9.5159411133864157E-018   2.7933555118813003E-017   3.5761844757910657E-017   1.0539068015322970E-018   1.7930373547716398E-017   1.3028046559946022E-018   1.0223691805014036E-016   2.3876599237964721E-017   4.3657243000420208E-017   2.7329105762377186E-017   4.8816655640420057E-017  -1.7995983729560733E-017   1.7545227827279130E-017   2.0772264733813345E-014  -1.1094604716132540E-017   1.2121339289347301E-018  -7.8706134084100710E-018   3.0294944909682839E-017   4.0442230425368320E-016   1.4473604123482673E-017  -1.6676740483675894E-014  -4.1420837361953613E-017   1.1162489914736381E-017   1.4685442210763936E-018  -1.1505560421869313E-017   1.5755111843617648E-017  -4.4892285018352161E-017   9.1586288014330342E-016  -6.9541079501142887E-016   8.5056596755235395E-004  -1.2358849801440518E-016   1.6207993173932694E-015   1.9037053320277088E-002   2.8580105504144927E-014   2.4478041322038072E-014   1.3704245033016391E-014
   3.4404398953753068E-013  -1.0764132291499543E-018   1.2447201856452741E-017  -3.6920469013722075E-019   5.3114833597224758E-027   2.6586454557279235E-028  -2.1653255177891218E-029  -4.8454659330268633E-027   8.9323053171648339E-029  -4.5185765141924115E-028   5.4119773700107404E-013  -4.1118859612635711E-020   2.1724672756934192E-017   4.9832750329312189E-024  -5.8493801591634052E-028  -4.0112369519261791E-029  -4.0757410042235045E-024   2.4832156669229549E-029  -3.1956546038686306E-024  -1.2820180359983186E-027   7.7892894880872278E-029  -6.4508024007423241E-028  -3.2494806939706105E-028   3.1770454734886685E-017  -8.9549224034182899E-027  -1.3088844670487477E-028   3.2530693142071766E-030   5.6682031563681382E-027  -7.4225361435748222E-029   1.4873538132003339E-027   4.8834252689428496E-013  -3.8258359268892336E-018   1.4684825480715306E-017   5.4349060152681256E-017   1.0872011264408704E-026   3.0693489439165683E-029   1.3664688048824948E-029  -4.6416008654410069E-027  -5.0040470846953118E-029  -1.6480151485585319E-026  -9.4001296670780783E-030  -1.9554412768917905E-030  -1.1617979350988216E-029  -4.2431106275938417E-030   1.0805560166656340E-026  -3.0646561271431766E-029  -1.6554955545317742E-026   2.9721495969695004E-029   1.7722225055626867E-026   9.6778952592400689E-024   1.9337488151753517E-028   5.3057604954372189E-028  -7.9561119774517113E-024  -5.3814649698074574E-029  -5.3140539894426825E-024   5.5913775648023897E-028  -2.0391000431341015E-028   2.9063561578620486E-028   1.3758038270078739E-028   1.8900207912921662E-027   3.4348495012995502E-029  -5.5643088085571818E-029   1.5042269574531370E-026   9.6958374682996127E-029  -2.8601494918424325E-026   6.8073065095245049E-017   2.1528036302166387E-013   2.4823068650821675E-017   4.0885727384734531E-017  -4.8769832469415177E-028  -3.7107681636961550E-029   3.1745286429101993E-029  -2.1854477286728168E-027   2.3602582350180075E-029   3.3848833230803142E-027  -5.2876079479906105E-030  -1.1809579566871974E-029  -3.4044724463418512E-030  -8.3265804715280887E-030  -2.8583043446184285E-028  -9.3874414360439932E-030   3.0070406537474705E-027  -1.7198134243919441E-029  -3.3885296431482436E-027   2.4457352880189710E-025  -9.1758214164234404E-030  -1.3181599690319978E-028  -1.1833875610614840E-025  -1.9786692448835812E-029  -1.9140835013302662E-025   2.1646580985171347E-028   1.2342784468695329E-028   8.5741494885840567E-029   4.6616077239727984E-029  -5.3102632900654650E-027  -3.7301324165268172E-029  -2.0707676975054118E-029  -2.2666805507869145E-027  -1.0025591035034432E-028   6.7954424973419730E-027  -2.3732426020343737E-013   1.1912951371006292E-015   1.5368663337765950E-015   1.7424730451625041E-013  -1.5266872196724601E-019   6.8136138950285949E-018   5.4242628115352936E-017   1.4979467558500771E-015   1.7533097558568179E-015
