   3.0371229398836401E-005  -4.8611855788640981E-017  -9.3157777484671397E-017  -6.1910222169899528E-017   1.3401779254611341E-017  -2.6999614377212003E-017   1.9338317897699040E-017  -1.8552222311232994E-017   1.1509780130874157E-017   9.5584672520740446E-018   1.5961310678535006E-003  -1.2704121488342055E-015  -3.9954287629575647E-015  -2.2349217644633692E-015   4.7030877505320657E-016   2.4234793544873634E-017  -2.9241918887421743E-018   2.7695621606655637E-016   3.3637410771099980E-017   2.7199291082117899E-016  -1.9894221891327916E-017  -2.4945852517689813E-017   9.5258655105527851E-018   2.1721051862073577E-017  -8.9253632485492726E-018   3.6342708035829593E-017  -3.0554876051322677E-017   3.1804136505037173E-017  -1.2256789679474348E-017   1.5756171571949432E-018   3.8377307781069978E-003  -3.1064255466483165E-015  -9.9891020044355686E-015  -4.1612466902831576E-018  -5.8678388810918133E-018  -2.4814839272271905E-018   3.8493834281714074E-018   7.0587658229006409E-019  -5.4950197554398650E-018   5.3886580328248476E-018   2.0827414517604649E-018   1.2911081972891383E-018   7.2921917961761393E-019  -2.5680823480128383E-018  -1.6653834998437418E-018  -4.6976457759857168E-018   1.6741096178948455E-018   2.2443407081771842E-018  -5.5081303240835966E-015   1.4466287648448741E-015  -2.8791002329116753E-017   9.3432210914983681E-018   4.7161785981736731E-016  -3.1600495748300194E-017   4.9943009366102063E-016   3.4783952516681455E-017   2.1238808152774011E-017  -6.9808014064407892E-018  -1.9220285345506599E-017   1.5406179691236897E-017  -2.5710901062487295E-017   2.0557701069208885E-017  -1.6023670427201440E-017   9.2277964163478512E-018  -1.5304920669308322E-018   3.1397918212205146E-003  -2.4663726882281377E-015  -7.9640834497269800E-015   1.7251114564437528E-019   3.4484377244556271E-018   1.6608408964100524E-018  -1.2398936034216033E-018  -1.0212155097819736E-018   2.2098295620855159E-018  -2.6390925830992994E-018  -5.5504591953023867E-019  -8.9954026480654701E-019  -1.3465510537422231E-018  -1.1009418351179976E-018   2.0295615313605487E-019   1.6291627149313503E-018   7.5173346932048057E-019  -2.1280697533612720E-018  -2.0230081187204330E-015   2.7642112563635822E-016   5.6983856638821374E-018   2.1300141403906771E-018   1.0894197635028160E-016   1.0759349532724898E-017   1.0353217681268087E-016  -6.6117034918805280E-018  -6.9944762867498700E-018   3.2257023098618375E-018   6.9924694666029872E-018  -6.7746151111588606E-018   9.5737340843022836E-018  -9.2086159770795158E-018   6.3511112468412849E-018  -3.2039996884417718E-018   1.1493951962285508E-018   1.9953208022774052E-003  -1.6057424121413516E-015  -5.2571668177192240E-015   1.7031936793226993E-004   3.6366716818566608E-016  -2.6960560284834782E-015  -4.8323320954541983E-015   3.5159647241486869E-015  -1.8266050083001283E-014
  -4.8611855788640981E-017   3.0371229398433884E-005   3.1831294341991624E-017   1.3534617816730416E-016   4.7424771032280667E-018  -2.9141243316650937E-018  -2.6189543174283658E-019   2.6808916978553581E-018   7.9201393590491468E-018  -1.6064750753862257E-017  -1.2515705341517239E-015   1.5961310678430985E-003   3.9381891074197901E-016   5.5475647609618089E-015  -6.3168822945291990E-017  -5.2073261854107320E-017   1.0551462383881256E-018  -3.0995299115084704E-017   5.2859820176436697E-018  -2.5106026739751896E-017  -3.5148159314220841E-016   1.0453810726581429E-018  -8.1720613706690291E-017  -4.1669277273715747E-018  -4.4653367145821957E-017  -3.4911151597491653E-018   3.0994212326134339E-018  -5.6768099186691672E-017   4.4801874586934382E-018  -2.0150557874396152E-017  -2.6579677337955961E-015   3.8377307780867150E-003   1.1148668180816458E-015   9.0933064818284996E-018   2.6857618534663263E-018   5.9576097303681526E-019   9.4134394009348316E-018  -1.2208533189861283E-018   5.6403538694823976E-018   1.9138856548750428E-018  -3.6204068318243928E-019   2.9734329957552811E-019  -1.2795343123331410E-019   2.0257910087118327E-017   1.6060845167978945E-018   7.4954829657385203E-018   1.8461526944886976E-018   8.5294433396940684E-018   1.3784651344273961E-014  -1.6428568274651395E-016  -2.6098271164699633E-016  -4.6202324973525965E-018  -7.9272738579292193E-017  -3.6587698685301664E-019  -7.5900608880834084E-017  -5.6250702085199432E-016   6.0124853832117541E-019  -3.0081669239124609E-016   3.0747543457427103E-018   1.0990600797462739E-017   4.4060444018365596E-018  -1.4912953289190408E-018   9.8630362820033830E-018  -6.1514959630850602E-018  -5.7361422801357674E-018  -2.6111217257975977E-015   3.1397918211980942E-003   8.2695338439248465E-016   4.6383642391500143E-019  -6.3108869873834866E-019  -1.2358154346840713E-018   5.8906334099602046E-019   1.2163824891185207E-018   1.0963015201164366E-018  -1.5558379792005565E-019  -4.2983328859623254E-020   4.9120361321141343E-019  -2.1882378477259076E-019   4.2772335317514570E-018  -9.3384859183868893E-019   2.7194422729360169E-018  -5.2233372401242760E-019   3.5172895506307502E-018   5.2129565963745034E-015  -2.9842592810183131E-017   9.3153729117207345E-017   2.2856938957041400E-018  -1.7914328719497024E-017   2.9160836953499410E-018  -1.2969671048435932E-017   7.3906547809185177E-017   2.0213698997750227E-018   4.5002492172457710E-017   1.6740936136086053E-018  -2.2771989578336773E-018   2.4639615636983080E-018  -1.1313327436979911E-020   2.4113314550480625E-019   8.2425963205700010E-019   4.7171804424278712E-018  -1.6940666309696940E-015   1.9953208022636189E-003   5.6613136518386952E-016   6.4485517325571058E-016   1.7031936794231035E-004  -9.5381547057904916E-016   1.2393715194501426E-014  -5.0472532444684217E-015  -1.5141808669369335E-015
  -9.3157777484671397E-017   3.1831294341991624E-017   3.0371229398480200E-005   3.0959853593061735E-017   4.6308718807780096E-018   7.6454646612756828E-018  -1.5857311141832305E-017   4.8097744255206565E-019   9.0137315464366901E-019  -5.0173082249599953E-018  -6.6347569299672902E-016   1.1889371908119213E-015   1.5961310678439171E-003  -9.6699806455190796E-016   3.1269594982146796E-017   1.5562243301047836E-017   5.2648243745543107E-017   1.5296035862703924E-017   2.1487951733288929E-017   2.5655758951499086E-017  -1.5529305992377659E-017   3.2344787296696998E-017   1.2056570658386666E-017  -1.0347894716149698E-018  -3.8951735861767189E-017  -1.2383829503221713E-017   8.2306726741691657E-018  -5.2833946326012090E-017   1.9496156588596032E-018  -2.8716875071989311E-017  -2.3583436482384508E-015   2.8826853062716209E-015   3.8377307780881591E-003   1.6080387625152751E-017   9.2034730006697025E-019   3.4251309032119399E-019   1.1519846028106978E-017   3.0037956235672624E-018   6.3447772673594338E-018   3.6709963587701537E-018   2.2640838011465182E-018   1.1481581238670775E-018   3.4515609327028947E-018   2.4946820559176469E-017   2.3200520286414348E-018   2.1692087202372171E-017  -3.2066493210602266E-019   6.6849922149967084E-018  -2.1103813936769260E-015   1.0987492842334553E-016  -1.4614852077531129E-017  -1.4886932163537202E-018   5.0010888191035206E-017  -2.2485215834543854E-017   4.3881978071258628E-017   1.3254654093178272E-017  -8.8628128742871090E-017  -1.2985350511418842E-017  -1.3172067526303162E-016   2.1462061281585941E-017  -5.6027514431484620E-020  -8.1470188168096080E-018   1.6878794280352889E-017   1.6944955735683544E-019   1.8073603341484890E-017  -1.4294579897826116E-015   2.4049379505190807E-015   3.1397918212016452E-003  -3.1258917408466646E-019   2.1940561168721105E-018   3.1198404907211253E-018   2.8764791507829600E-018  -1.8200074724389758E-018   1.0712006750106658E-018   4.5280470921289253E-019  -3.4344174089295356E-020   1.2727968123581120E-019   2.3966741754242617E-020   5.4447878673032013E-018  -1.1608018279752739E-018  -4.1774607622666652E-018   3.7752341032269905E-019   4.3419571195297419E-018  -1.1225738681872029E-015   2.4380408953298877E-017   6.0236071859575777E-018  -3.7474718268403298E-017   7.9102624367724972E-018   3.7324603722880694E-018   1.5315293427973502E-017  -5.5499645355409388E-018  -7.4699739478678999E-017   4.4079041036571109E-018  -1.6073858125201631E-016   2.1659781340507648E-018   1.3843771455771928E-018   2.5491829825291323E-018   7.9359735295254719E-018   6.0654048684822594E-019   5.5621537956703235E-018  -1.0925153508256286E-015   1.4500307602049738E-015   1.9953208022651815E-003   9.5005306529171437E-017   6.3765871207803028E-015   1.7031936794683654E-004  -2.1648774164523239E-015  -3.4255553340049869E-015  -5.8672756141486583E-015
  -6.1910222169899528E-017   1.3534617816730416E-016   3.0959853593061735E-017   1.1724821198810802E-005  -5.7358153361901200E-017  -1.2155184302908803E-017   1.8376622293844151E-017  -7.9688733321784040E-017  -2.9981110123068432E-018  -7.2740066416325196E-017  -1.9889525188990421E-015   4.3053393473785631E-015   1.9350050345087222E-015   1.3152390991150102E-003   9.0976330335966932E-018  -2.3004735778119953E-017  -5.2720303488593572E-018   9.6192581589754372E-018  -2.0544641316019639E-017  -1.9644468762202794E-018   5.4090950612108716E-018   1.7868214769569245E-018   6.2384057046316053E-018  -5.7656887223241276E-018  -7.4027378304489118E-016   3.2394338402356206E-017  -2.9185228841745166E-017  -6.3140281827373642E-016   3.1577031183222308E-018  -6.5291165685641255E-016  -4.9921418931038738E-015   1.0699147854369885E-014   4.6000139268164174E-015   2.3882178893730849E-016  -5.4048128579761209E-018  -6.4993803930473695E-019   1.1522961890066045E-016   1.4661081265891153E-018   1.1502269834228483E-016  -1.1000406553595004E-018   1.2526355180668684E-018   6.1018395669231924E-019   9.9509141647398709E-019   2.2703984688754197E-016  -5.2449630178996988E-019   1.3769032749331198E-016   1.9214961985856832E-019   2.4082639479916732E-016   3.2390408464994928E-003   1.5997313564518341E-017   2.2145690779251491E-017   1.8747437890451542E-018   3.1782583082472916E-018   2.2999584111033600E-017   1.2715697479658286E-017  -1.0428638131715580E-017  -9.7350396565529004E-018  -1.0747522229338427E-017  -6.6101805915237115E-018   4.6822162516286823E-017  -2.1719558863173690E-017   1.9334106571736761E-017  -5.0001082836992906E-017  -1.3642833563670617E-018  -2.9791432294243876E-017  -4.0424064080215384E-015   8.7348262542725652E-015   3.8356838779157815E-015   2.6777239239879743E-017   9.8952204877114699E-019   3.7608149930023771E-019   6.1289479175364180E-017  -1.4268102004232872E-018   4.5337519745672677E-017  -7.3626134003624906E-019  -9.9397708683362025E-019  -1.0217879025687486E-018  -1.0818289904254621E-018   5.2257275699073159E-017   4.4868087608031782E-019   3.7937849234223894E-017   8.2893287733424443E-019   5.3159373386845700E-017   1.2296509821876722E-003  -2.9968832425302903E-018  -6.9759486465162008E-018  -3.7585664424094149E-018  -4.0343738777551190E-019  -7.7968563752239595E-018  -3.3679328594126635E-018   3.8514556657681553E-018   2.5297698913541089E-018   3.9249371621537574E-018  -2.1932411723089543E-018  -3.8785899085011307E-017   6.7059345488062688E-018  -8.0141126702358294E-018   4.4945498104527872E-018   1.2390511811557214E-018   2.0132700279519245E-018  -2.6156448520994732E-015   5.4885329769446592E-015   2.3572127939096501E-015  -1.9245407446377448E-014   1.5090136081900078E-014   6.0685932046050533E-015   2.8586182890671164E-003  -1.0806322064038471E-003   1.0075078594254470E-004
   1.3401779254611341E-017   4.7424771032280667E-018   4.6308718807780096E-018  -5.7358153361901200E-017   2.9115277841710914E-028   5.0827410100498979E-029  -8.2933312870175188E-029   3.8575282838765057E-028   1.8618740721208515E-029   3.5987220349298636E-028   7.0489552981652416E-016   2.4703804604631131E-016   2.5044149520704479E-016  -6.5547543922352424E-015   1.7846129184559393E-028   1.1287311227262964E-028   1.8209607174674258E-029   8.2512296757359465E-029   1.1446772720998551E-028   1.3944808567101658E-028  -8.5857017343675272E-029  -2.6318059973407420E-029  -3.6790473908590942E-029   1.6443694791804266E-029   3.6847384107724600E-027  -1.4422544391249159E-028   1.3421514184756497E-028   3.1514608734283597E-027  -1.8650005699829299E-029   3.2503329016732027E-027   1.6946547004982128E-015   5.9471204299535207E-016   5.9979711186913870E-016  -1.1971274873983899E-027   2.3187245117283205E-029   3.3790659462853158E-030  -5.7791593547889486E-028  -5.4987762717082485E-030  -5.8373564949300563E-028   9.0927784124979487E-030  -5.2754679963571861E-030  -1.8448694596260186E-030  -7.5338276486786037E-030  -1.1377676886207773E-027   2.8853169163406445E-030  -6.8776149473564519E-028   3.9867175097960116E-031  -1.2076871964767581E-027  -1.6116531220243680E-014   6.0855335182261749E-028  -1.6466003382208358E-028  -1.4341292760071629E-029   2.1366379668055535E-028  -1.2437130773410636E-028   1.7685811862492659E-028  -4.3758347340905384E-029   2.8774797395439207E-029  -5.2835343356076569E-030  -3.3524632561154624E-029  -2.2792459248261781E-028   9.3006291399565564E-029  -8.8371566286319678E-029   2.2996739814506009E-028   7.7769426203702801E-030   1.2311239879989392E-028   1.3856874240803175E-015   4.8949853930715356E-016   4.8125343937929619E-016  -1.4585695402910114E-028  -2.0222273218693975E-030  -2.8861553244005849E-030  -3.0927890208520091E-028   5.6450680054715916E-030  -2.2705553949935463E-028   2.1025194102975583E-030   4.9006818332200079E-030   4.4402192454583464E-030   6.3389975791354091E-030  -2.6947928017013327E-028  -2.3759587214165724E-030  -1.9491237401619795E-028  -2.4806753747721248E-030  -2.7367663932027259E-028  -6.2065138855732345E-015   1.4513338720216530E-028   4.1208557162083698E-029   2.3816545893649920E-029   5.3685569656603979E-029   4.1491627532139036E-029   6.7897936548712906E-029  -2.5614882654199288E-029  -1.4937389615913868E-029  -1.8463803175738107E-029   1.7487607470879897E-029   1.7289738917996063E-028  -2.6052199284075785E-029   3.5751134570060657E-029  -3.3298679170918599E-029  -5.9712614866074822E-030  -2.1807065536560970E-029   8.8114241271938805E-016   3.0899809491302344E-016   3.1250965147272037E-016  -5.0655732304962730E-017   5.0528956562783265E-016  -1.5136438956983229E-015  -1.4236202809635330E-014   3.6636101490510188E-015   3.9694757294217958E-016
  -2.6999614377212003E-017  -2.9141243316650937E-018   7.6454646612756828E-018  -1.2155184302908803E-017   5.0827410100498979E-029   5.4138576575303724E-029  -4.6425685790915945E-029   1.0114820537713006E-028  -8.9167625509844772E-030   6.7670342444164903E-029  -1.4109619879778545E-015  -1.5291685316938302E-016   3.9886157410446913E-016  -1.4459637022066722E-015  -4.5164816342477647E-028   1.4042601452850388E-029   1.7364760545523956E-029  -2.6430360160125185E-028  -8.0374082025460191E-030  -2.4218726662027219E-028   6.0332585329924751E-029   3.3481513299490664E-029  -4.4424086435501240E-031  -1.9155054595131548E-029   7.7523267774952816E-028  -8.3021967363349625E-029   7.9386662786482576E-029   6.2672908429271033E-028   6.2407955468954352E-030   6.8345228196045839E-028  -3.3951774351876883E-015  -3.6775024195175687E-016   9.6000331675001496E-016  -2.3573505965823813E-028   5.8069608462761631E-030  -1.5652685659395557E-030  -1.2212697912256798E-028   2.0083783526239897E-030  -1.1285340756854859E-028  -2.3025256586185804E-030   6.2489009892848536E-031  -1.0024816437983127E-030  -7.5124207012991256E-030  -2.4135608590715852E-028   8.2564984246907841E-030  -1.1199627353262676E-028  -5.5222731735706956E-030  -2.6254654346442341E-028  -3.5444263003029125E-015  -1.3737324319880463E-027   4.2901637374996651E-029  -2.0822558264970289E-029  -4.5886399418147687E-028   3.8907496815149944E-030  -4.9885752447391909E-028   5.4456508774380951E-029  -5.3405054575542184E-029   6.0819015572470648E-029  -2.6534129416467017E-029   4.0784461441472800E-029   4.8775343235524675E-029  -4.9482409403493389E-029   1.8202708158565842E-028  -1.0253174753481458E-029   1.2798938342545778E-028  -2.7883988634858422E-015  -3.0118104792375587E-016   7.8934778164879700E-016  -6.1036498564066701E-029  -1.0700038375223895E-031  -2.9744816661909258E-030  -7.7225804010349666E-029   4.7746666687330405E-031  -6.8832335249252865E-029   1.8136378872921299E-031   6.3506684179861773E-031  -7.2377814555658328E-031   2.7098074673868936E-030  -7.4025480893641295E-029  -2.7848580862935513E-030  -8.5352134798299754E-029   4.0031967556112129E-030  -7.1125174656779426E-029  -1.3906574927017142E-015  -2.9576161709530851E-028  -7.0251013328248733E-030  -1.5421962622607477E-029  -1.1028522504293825E-028  -3.8137937478417983E-030  -1.0072679152916756E-028   4.3309491014150119E-030  -1.7780343530867708E-029  -9.5910639552748659E-030  -6.1463420626231559E-029   5.0503134160036259E-029  -9.4871911978142779E-030   1.6703354625074220E-029  -1.9169371524520346E-029   2.4302706048531998E-030   5.9043353661121892E-030  -1.7644807749381680E-015  -1.9117971879140308E-016   4.9885178030598897E-016  -1.8884474866186544E-015  -6.6900002413695806E-017   6.8275535836734391E-016  -3.1364464059304383E-015   4.0969504004799138E-016   5.0530609615383331E-015
   1.9338317897699040E-017  -2.6189543174283658E-019  -1.5857311141832305E-017   1.8376622293844151E-017  -8.2933312870175188E-029  -4.6425685790915945E-029   5.3434702923061287E-029  -1.3583113064299980E-028   1.4165031755082411E-030  -1.0334125652410765E-028   1.0116305743087450E-015  -1.4957897318675200E-017  -8.2526216310719613E-016   2.0434417368853109E-015   3.3172722977769601E-028  -3.2212295224681096E-029  -4.8602094071016096E-029   1.9778464379000446E-028  -2.2411820990395255E-029   1.6932238933466618E-028   1.9487224161049673E-030  -4.4076431273223496E-029   8.3579807712504515E-030  -1.0044152456237638E-029  -1.1035251371413417E-027   8.8042846552417142E-029  -7.7789176351425865E-029  -9.0989843670464231E-028  -3.5501448681404924E-030  -9.7845499063356534E-028   2.4339233738635197E-015  -3.5565521501629678E-017  -1.9869656008422846E-015   3.4316484683550398E-028  -1.0800902857709858E-029   1.0153311111699163E-030   1.6730515180193794E-028  -9.7935135369189131E-032   1.6227784868127753E-028   2.1241172940988103E-031  -1.5491324403991740E-031   1.1912055689080427E-030   3.0157640376308582E-031   3.3036753295513154E-028  -5.5458346153439191E-030   1.8232602814180742E-028   3.6862391943220498E-030   3.6354528107794802E-028   5.0367531855302493E-015   9.9068470182500113E-028   1.6946929585826514E-029   7.2754590009608744E-030   3.2791954762473240E-028   2.7702987366318711E-029   3.6405610016066143E-028  -1.8668185971919891E-029   4.4124528763721018E-029  -2.3240185277419938E-029   2.0987638539591880E-029   2.1135680503627561E-029  -5.4851335203350628E-029   5.1699747223644814E-029  -1.5548023195184330E-028   5.4619172616112127E-030  -1.1042885458582196E-028   1.9975430468961727E-015  -2.7499119204203034E-017  -1.6364573704710186E-015   4.9656904551634079E-029   1.7298589273153097E-030  -1.1547377929274850E-030   9.5982805356513116E-029  -1.4922744110903021E-030   7.7585839787900724E-029  -1.8313625871757314E-030  -9.1619896276060700E-031  -1.1058339505337213E-030  -9.5920920955289993E-031   8.0426497399460359E-029   2.2439939716785013E-030   7.7866482212678445E-029  -3.0718704453359519E-031   8.0948366692039305E-029   1.8921764901566222E-015   2.0159086631086092E-028  -1.6244112179692039E-029   2.8828192458510780E-029   7.8668996699915846E-029  -7.0208392030541614E-030   6.6619635021571055E-029  -8.6214831430869582E-030   5.0114670996319350E-029   6.2847483359548383E-031   1.2035709646583500E-028  -7.5091940758966324E-029   1.4097138053011296E-029  -1.9402193257386294E-029   4.3769624230557460E-030  -2.2895610293123441E-031  -1.0315556640040224E-029   1.2650126119469489E-015  -1.8603099325703779E-017  -1.0323085506778625E-015   1.1267358071128012E-015   2.5857999016389069E-016  -1.8535470770727845E-015   4.4432011308214384E-015  -2.1146165752152402E-015  -1.7501836898602291E-015
  -1.8552222311232994E-017   2.6808916978553581E-018   4.8097744255206565E-019  -7.9688733321784040E-017   3.8575282838765057E-028   1.0114820537713006E-028  -1.3583113064299980E-028   5.5799839235646385E-028   1.0602002744909800E-029   4.9058347625057848E-028  -9.7008919939445962E-016   1.3885644567907703E-016   3.2830320930207159E-017  -9.0972860587708994E-015  -3.4509577902349827E-028   1.3058285176522841E-028   2.4819166256571906E-029  -2.2996466348798123E-028   1.1283178174774067E-028  -1.4853090526907795E-028  -4.9037419310358470E-029  -7.1148786474861457E-030  -5.4762598848543485E-029   3.4019814461823481E-030   5.1421136829159603E-027  -2.4240539824787899E-028   2.2035127819736724E-028   4.3540738352152946E-027  -1.0296900063807303E-029   4.5192594302940255E-027  -2.3341179697110459E-015   3.3454615720164421E-016   7.6412419308415124E-017  -1.6628785928725515E-027   4.0217039856113748E-029   7.9473554595772588E-030  -8.1079544612111294E-028  -9.1613418650515990E-030  -8.0627107218146935E-028   4.1959211369271719E-030  -1.0520708910241452E-029  -4.3904939692209643E-030  -1.0345997632958845E-029  -1.5836261882683022E-027   4.8032053464452144E-030  -9.5840125752909551E-028  -1.7598458500345145E-030  -1.6812835332349331E-027  -2.2369755122449820E-014  -9.8688071835689436E-028  -1.5535635142208329E-028  -2.6584541767767707E-029  -3.1029579022898510E-028  -1.2923418645701959E-028  -3.9212542620045737E-028  -2.5836487272830710E-029   3.6355848562291304E-029   4.3436003618488060E-029   1.9578146017878334E-029  -3.5925181609841905E-028   1.6202120235110637E-028  -1.4629897356513032E-028   3.1641295727782926E-028  -5.8513914463230447E-031   1.5293152921576098E-028  -1.9161948144037793E-015   2.7642880762780514E-016   5.2406857406461141E-017  -1.9699268895904393E-028  -8.1986412977503909E-030  -5.7878319381211155E-030  -4.2640284808211559E-028   9.3466575836642367E-030  -3.1524833439770823E-028   7.0488925309741098E-030   7.4969870003807103E-030   7.5429380753867370E-030   1.0087849396560929E-029  -3.7071961959924235E-028  -2.7584119784068450E-030  -2.6547094777931416E-028  -5.2246202294865646E-030  -3.7550206179932889E-028  -8.6106841821889208E-015  -1.6809130837916921E-028   4.1350772770115912E-029   3.4751243124361677E-029  -6.8018212667174330E-029   4.3258722869095586E-029  -4.4356173533234696E-029  -2.9394653466602433E-029  -6.7786509088080019E-031  -3.2077322036614635E-029   3.7468275952685228E-029   2.4791681506166441E-028  -4.9911854898535210E-029   6.1050284561356558E-029  -5.4773980530868868E-029  -4.3862997087286608E-030  -3.4241626477351174E-029  -1.2131001567997971E-015   1.7374738290365413E-016   4.0435594069254389E-017  -1.1721646103722357E-015   4.5822155487753802E-016  -1.6419998352727582E-015  -1.9758950169212903E-014   5.1433033073327903E-015  -3.4409591849841017E-016
   1.1509780130874157E-017   7.9201393590491468E-018   9.0137315464366901E-019  -2.9981110123068432E-018   1.8618740721208515E-029  -8.9167625509844772E-030   1.4165031755082411E-030   1.0602002744909800E-029   1.0268334815362941E-029   1.5308858073563380E-029   6.0222036929909569E-016   4.1981644244884088E-016   4.5271561800209129E-017  -1.8745731751914275E-016   1.4259354511665476E-028   8.1110237604562843E-030   6.7633505133267995E-030   8.5091370369208639E-029   2.5798063001279508E-029   8.9003777614807995E-029  -1.0508005498940229E-028  -6.5082991071028097E-030  -1.9510299642035510E-029   1.5213786786140863E-029   8.0891507115080861E-029   2.1514938828905082E-030  -4.3980136440516085E-030   8.0154927728751192E-029  -8.5827972674790491E-030   9.0504016211603402E-029   1.4488669652778815E-015   1.0082078746753108E-015   1.0955244468191664E-016  -2.4692003917522249E-029   9.7322690769849558E-031  -8.9243884013813813E-032  -2.3149004357177806E-030  -1.6874239743207834E-030  -5.1150948817890919E-030   3.7136401865542887E-030  -1.8895212608470360E-032   4.4491815907103075E-031   3.4971073279419043E-033  -1.3117551511344086E-029   5.8691061834511660E-031  -1.0044010923465836E-029   6.1957822062549314E-031  -2.0181255095189532E-029  -4.9386138812712080E-016   4.5908441413148938E-028  -7.8491501732112974E-029   3.0615877652252566E-030   1.3900615118449176E-028  -2.5435528439180308E-029   1.4863188457029809E-028  -9.4688269308945122E-029   1.4838091146586362E-029  -6.5644745863408776E-029   3.1058527901229088E-030   3.1454873740558827E-029  -2.6341407844025270E-030   3.2683370522061129E-030   4.7307333517760796E-029   6.4333771934201718E-030   5.6260690866637112E-029   1.1889396268584930E-015   8.2005984996733799E-016   9.2438624296951525E-017   5.0456861726465836E-030   7.6728293775203747E-031  -1.5378436637553295E-031  -7.4266092665039081E-030   1.4348317013543509E-030  -6.6860951025204945E-030  -8.6282528244548737E-031   5.1796842645869116E-031  -1.3727393269725328E-032  -1.6001561732184923E-032   9.3389888009409730E-031  -1.0322090489922413E-030  -4.4460531780748109E-030  -6.0029388681091836E-031  -1.2727058254375661E-031  -7.5087029996499179E-017   9.9516870954525660E-029   4.3670478293265151E-029  -4.5466505279829450E-031   3.5320144437382455E-029   9.7818100454986986E-030   3.5400875986956227E-029   4.0560972595956406E-029  -9.1394682844344064E-030   2.4545816058913039E-029  -7.9171030576117315E-030   2.4449316812137090E-029   1.3212404585292412E-030  -1.6473932158232262E-030   1.9369660722310393E-029  -3.0787432507819973E-030   1.9715749343853176E-029   7.5304835647745954E-016   5.2452474061005979E-016   5.6762204036543747E-017   6.4489831702180267E-016  -7.3537276835923218E-016   4.6217399799465754E-016  -4.2030662672136474E-016   2.3744738011996845E-015  -4.7551348453951652E-017
   9.5584672520740446E-018  -1.6064750753862257E-017  -5.0173082249599953E-018  -7.2740066416325196E-017   3.5987220349298636E-028   6.7670342444164903E-029  -1.0334125652410765E-028   4.9058347625057848E-028   1.5308858073563380E-029   4.6859087858242820E-028   4.9886470671896284E-016  -8.3992838807296182E-016  -2.5745603848794841E-016  -8.3328935252867333E-015   1.7184993642707358E-028   1.7232603036801391E-028   9.1528509228738598E-030   6.2050465997527115E-029   1.2398959792422008E-028   1.2811747300395416E-028   1.5786363969696206E-028  -3.2918529792733298E-029   9.8990059085979443E-030   2.8496592553773415E-029   4.7400319986826914E-027  -1.8224215753626542E-028   1.6910370278477437E-028   4.0609370734038893E-027  -2.6197362755016497E-029   4.1554343405085442E-027   1.2006285516266984E-015  -2.0209707122356961E-015  -6.2110658020045673E-016  -1.5381357357086364E-027   2.9229951176088224E-029   5.7900787701348391E-030  -7.4842208508637882E-028  -5.5707929316595971E-030  -7.5118007469377188E-028   8.0588175297310189E-030  -8.5567111659585610E-030  -1.6319884883332799E-030  -1.0569101359612161E-029  -1.4720641502019721E-027   4.2060793283944468E-031  -8.9007768197960576E-028  -1.3129317414295343E-030  -1.5474714387490041E-027  -2.0483989848590073E-014   5.7259228647224541E-028   1.8708497357907053E-029  -9.2740704778322152E-030   2.3386851324385510E-028  -1.3988181265914518E-028   1.7768441534851288E-028   4.0629805303325904E-028   6.8873075017976967E-029   2.3966860198885652E-028   2.5724941086915826E-029  -3.3564551269223424E-028   1.1689971289858685E-028  -1.1171748372404040E-028   2.5210452522474148E-028   1.4092998371476337E-029   1.2660296139086928E-028   9.8692556844894352E-016  -1.6592398786750371E-015  -5.1648066219258075E-016  -1.8180328524892525E-028  -2.9386618847535254E-030  -4.3073050764138166E-030  -3.9281246214902382E-028   5.4946887568517996E-030  -2.8639375060675122E-028   4.7509898316484710E-030   6.5727759559844584E-030   5.0439833475524871E-030   8.9428789895847078E-030  -3.4478168287469776E-028  -8.7660267140871276E-031  -2.4282516743998455E-028  -3.0044059558939672E-030  -3.4913255587723204E-028  -7.9065973085316396E-015   1.6485262660064726E-028   7.0889890812572343E-030   3.7143966594730122E-029   6.2203189832643470E-029   4.5755925067148735E-029   7.6239722909902710E-029  -3.1771251128878922E-029   5.1576824084729514E-030  -3.0251709763455967E-029   6.8073565381186835E-029   2.1649325446388842E-028  -3.7666816423505301E-029   4.6893363800408989E-029  -4.9484855804482888E-029  -8.2734719564730708E-030  -3.9987149356983682E-029   6.2390825388675538E-016  -1.0503409740922667E-015  -3.2234433983614184E-016   8.0952407143027350E-016  -1.0349903277020389E-015  -1.3833981549835867E-015  -1.8096249225964211E-014   4.2790726945466675E-015  -4.1057918492921394E-016
   1.5961310678535006E-003  -1.2515705341517239E-015  -6.6347569299672902E-016  -1.9889525188990421E-015   7.0489552981652416E-016  -1.4109619879778545E-015   1.0116305743087450E-015  -9.7008919939445962E-016   6.0222036929909569E-016   4.9886470671896284E-016   8.3925084507930722E-002   2.0703203711551188E-015   1.1980500922970760E-014   2.9370741297852644E-015   2.4515506756907180E-014   1.2689788675078209E-015  -1.4407382236038801E-016   1.4486930343428683E-014   1.7626333803314933E-015   1.4221719863300576E-014  -1.0419878171044239E-015  -1.3027303059209789E-015   4.9685989587099313E-016   1.1287972881029848E-015  -4.5534195746137733E-016   1.8903270223913177E-015  -1.5927769468974635E-015   1.6706518177871056E-015  -6.3547499640714922E-016   9.7608417674911416E-017  0.20177510060174339        2.2053893374301628E-015   8.9291604472883688E-015  -2.2651349314564180E-016  -3.0281449159186043E-016  -1.2774737895080391E-016   1.9939376099740396E-016   3.5498724029036384E-017  -2.9031744206933452E-016   2.7865518574222577E-016   1.0857529449027902E-016   6.7174002047894863E-017   3.6274902259037383E-017  -1.3826762415307192E-016  -8.3438787782298241E-017  -2.5093156223971010E-016   8.5146977208822666E-017   1.1469538176327552E-016   1.0153476025702015E-014   7.5403842607423240E-014  -1.5078843877250835E-015   4.8316184426725887E-016   2.4474228335019010E-014  -1.6534633973260816E-015   2.5954094688362128E-014   1.8174649672626973E-015   1.1037434877994305E-015  -3.6484717277784600E-016  -9.9394109797029337E-016   8.0392772822701327E-016  -1.3339907813290591E-015   1.0687737150835214E-015  -8.2957322728024820E-016   4.7488112323491754E-016  -8.8956801141446198E-017  0.16502366935550578        5.5684077346833943E-015   1.8910813537501176E-014   9.9327845575959263E-018   1.7845251465908181E-016   8.4446612506715748E-017  -6.7183664637451627E-017  -5.1701803471287156E-017   1.1298624046072031E-016  -1.3592806629488747E-016  -2.8067216743650069E-017  -4.6400728559241167E-017  -6.8574624769715494E-017  -5.8948100142677609E-017   1.0160313028482235E-017   8.4472455230440257E-017   3.8695833921487246E-017  -1.1233160983750695E-016   1.7325492188644780E-015   1.4209354473856883E-014   2.9776099430431146E-016   1.1594226912704502E-016   5.6266087024949599E-015   5.6215243767405272E-016   5.3363132067922805E-015  -3.4510304199587890E-016  -3.6235490370182004E-016   1.6765810846717667E-016   3.5928953188439114E-016  -3.5461803440484990E-016   4.9851600490870630E-016  -4.7931209748249045E-016   3.2823329542466681E-016  -1.6501709172082418E-016   6.4522994062592225E-017  0.10491124706926176        1.6363946950999927E-015   1.2727838955917199E-015  -1.8047001730867073E-004  -2.3720830514883288E-015  -3.2540227547160999E-015   8.7765645058615031E-015   9.5614347084175123E-016   4.0759505524230108E-014
  -1.2704121488342055E-015   1.5961310678430985E-003   1.1889371908119213E-015   4.3053393473785631E-015   2.4703804604631131E-016  -1.5291685316938302E-016  -1.4957897318675200E-017   1.3885644567907703E-016   4.1981644244884088E-016  -8.3992838807296182E-016   2.0703203711551188E-015   8.3925084507955036E-002  -3.3653194975998577E-015  -1.3865588070712877E-014  -3.3221371352526790E-015  -2.7171708662735660E-015   5.5821760921577401E-017  -1.6375518405418556E-015   2.7017919525148307E-016  -1.3228016636076692E-015  -1.8451693774977778E-014   6.6802923958135563E-017  -4.2768769480504359E-015  -2.2229446938186698E-016  -2.3077204515970855E-015  -1.9287138857795527E-016   1.6664234381018575E-016  -2.9795622948089026E-015   2.2086273765210427E-016  -1.0457823801987059E-015   2.3383662994058420E-014  0.20177510060204670        5.2766920314199187E-016   4.5505851216822070E-016   1.4604066301308180E-016   4.4143043654586153E-017   4.9286169775100950E-016  -5.6130650631215626E-017   2.8661117427635055E-016   1.0505288361522873E-016  -2.5233947650524140E-017   2.4937557870699533E-017  -2.0284598552513718E-017   1.0607033311375817E-015   8.4178071110129436E-017   4.0189325379396368E-016   9.2634231001519147E-017   4.3538679882394703E-016  -2.8535668446523881E-014  -8.6539214093351170E-015  -1.3554416048604167E-014  -2.3640654554974845E-016  -4.1683733441462361E-015  -9.7011291128773978E-018  -3.9971921515324808E-015  -2.9177397257028948E-014   2.4108904804274758E-017  -1.5665444881820067E-014   1.8123833936283802E-016   5.5680952183560986E-016   2.1562632472861014E-016  -8.2683902065646573E-017   5.0690558869131032E-016  -3.1234599089044274E-016  -3.1509271890330014E-016  -4.1153714305706866E-015  0.16502366935544505       -3.6613810358534396E-015   2.3401000041881945E-017  -2.6837989471169050E-017  -7.5666306765785071E-017   2.6349502829223388E-017   5.7669857130434945E-017   5.7114868775384870E-017  -1.2975337366560431E-018   1.6230721104510749E-018   2.2286413075885954E-017  -1.6064603604664502E-018   2.2454771059232207E-016  -4.6861154300435204E-017   1.3574030342054963E-016  -2.3417537926453786E-017   1.8728056097985609E-016  -1.0040609786710762E-014  -1.5727984502731836E-015   5.0455794453930242E-015   1.2291853213894761E-016  -9.4393327227550610E-016   1.4834767095656473E-016  -6.8272790813460047E-016   4.1895981486796634E-015   1.1594651993110217E-016   2.5250148609004235E-015   9.6448365109788058E-017  -1.2723704849273504E-016   1.3053956531758441E-016   2.8918307204651736E-018   4.6694904907458778E-018   4.0164321732013137E-017   2.3896182777732534E-016  -4.2906774059476407E-015  0.10491124706925178       -3.7872196457265108E-016  -5.9814789926219643E-015  -1.8047001736578054E-004  -2.7037050159254151E-015  -1.2966670137508659E-014   2.2668294650350193E-014  -3.2399461626410490E-016
  -3.9954287629575647E-015   3.9381891074197901E-016   1.5961310678439171E-003   1.9350050345087222E-015   2.5044149520704479E-016   3.9886157410446913E-016  -8.2526216310719613E-016   3.2830320930207159E-017   4.5271561800209129E-017  -2.5745603848794841E-016   1.1980500922970760E-014  -3.3653194975998577E-015   8.3925084507915429E-002  -7.3087438267770796E-016   1.6530921962237572E-015   8.1012710990972437E-016   2.6986843611382832E-015   8.1146916076883627E-016   1.1266670097041706E-015   1.3540270644819242E-015  -8.1137524939682606E-016   1.6269739620644604E-015   6.2701576246401064E-016  -1.6204921821981221E-016  -1.9518169371432073E-015  -6.4791982669770313E-016   4.2985070056908253E-016  -2.7150983128777656E-015   9.5562609808836697E-017  -1.4338445039150926E-015  -1.1321615164313213E-014  -7.3957576353141383E-015  0.20177510060192455        7.9759650371867998E-016   5.3331859762191199E-017   3.4249082510795932E-017   5.8673842510786325E-016   1.5375594086632781E-016   3.1366120435402688E-016   1.9712111842947012E-016   1.1047888515250371E-016   6.1345110148776634E-017   1.6449624191466895E-016   1.2944745653835703E-015   1.2300860755852643E-016   1.1180920284600288E-015  -1.3351470342791978E-017   3.2564263911717947E-016   9.9323655654505430E-015   5.8058866406945510E-015  -7.6846492421385235E-016  -1.2109559060959765E-016   2.6380905690555790E-015  -1.1803723196896040E-015   2.3186730653391164E-015   6.5993316546920163E-016  -4.7055951841432243E-015  -6.8574056653353591E-016  -7.0991446571357395E-015   1.1059444991241255E-015  -1.4787866814686627E-017  -4.2658454499318527E-016   8.6619013262207835E-016   1.5322169027042954E-017   9.2438148214548864E-016   1.6967669134465705E-014  -5.7207742352197373E-015  0.16502366935546725       -2.2767033099874219E-017   1.1619471247102658E-016   1.4912020214079338E-016   1.4538823605659628E-016  -9.2475767803539303E-017   5.1535941934094333E-017   2.5490983777449202E-017   3.9575854894438861E-018   8.1672144453807121E-018   1.4181800353177116E-017   2.7508064459968431E-016  -6.2263818520555285E-017  -2.1683731047934813E-016   1.8997147017795404E-017   2.1914436168188490E-016  -2.5708792193659529E-015   1.2843066363745637E-015   3.0999529564691334E-016  -1.8990921961189939E-015   4.2084867089729567E-016   1.9577374397131137E-016   8.0763577623542196E-016  -2.9700119092250265E-016  -3.8615584090133029E-015   2.2527906762956385E-016  -8.2723420837420771E-015   1.0241316841532806E-016   7.0830105673808355E-017   1.3649581574940072E-016   4.0973361942306568E-016   3.2659395090304231E-017   2.7911847917371224E-016   1.2263986772822018E-015  -6.3918213708566244E-015  0.10491124706923000       -2.1888347778599869E-015  -2.0521632787152567E-014  -1.8047001738648430E-004  -5.6336744925053440E-015  -5.5717540522189434E-015   9.1575648228916505E-015
  -2.2349217644633692E-015   5.5475647609618089E-015  -9.6699806455190796E-016   1.3152390991150102E-003  -6.5547543922352424E-015  -1.4459637022066722E-015   2.0434417368853109E-015  -9.0972860587708994E-015  -1.8745731751914275E-016  -8.3328935252867333E-015   2.9370741297852644E-015  -1.3865588070712877E-014  -7.3087438267770796E-016  0.15657306344893049       -7.6017673452806796E-016  -2.3595497991175888E-015  -4.5987611028487542E-016   3.0753266520242733E-016  -1.9416375760942883E-015  -9.9065191577515571E-016   2.5501329519186411E-016   8.6660674539984886E-017   5.3319378365579542E-016  -5.8207045774151640E-016  -8.8415373956153814E-014   3.5143419527941610E-015  -3.3668558243229183E-015  -7.5278611636015002E-014   1.8825932863009018E-016  -7.7285082287686850E-014  -3.1696354706953757E-016   4.1698893176604797E-015  -1.0431366297193531E-014   2.8819493440988291E-014  -5.1890789263177514E-016  -4.0750070705840785E-017   1.4236587763541168E-014   1.8232008840070257E-017   1.4361692317608104E-014  -1.0776122868879649E-016   1.1029903413465825E-016   2.0156698603228599E-017   1.3235848275932182E-016   2.7829231906213424E-014  -1.3842708395215676E-017   1.6731849389308881E-014   2.3144191334424676E-017   2.9288812142508183E-014  0.38364021452438218       -3.0872775304849404E-015   2.0393515509297538E-015   1.1931948340269657E-016  -1.9626575663989611E-015   2.1489626084697811E-015  -7.2208319007385455E-016  -1.1752225151674439E-015  -7.9302812930204450E-016  -1.1928111283243225E-015  -5.3758537804540943E-016   7.1015464683304747E-015  -2.3007982407865505E-015   2.2281800708306518E-015  -3.5515166055316650E-015   2.5334781252418770E-017  -5.7530793288944283E-016   5.4623397003799923E-015  -1.1348347395292417E-014  -2.9648856282363401E-015   3.7593203001800761E-015   5.1815501806378863E-017   1.9460755869374033E-017   7.4100875558094400E-015  -3.7249239676928589E-017   5.3258628799764419E-015  -9.6356872774107124E-017  -7.9467959880232744E-017  -8.7578269172469677E-017  -1.1014760420346098E-016   6.6719670300537900E-015  -5.3469139322953855E-018   4.6243628993792307E-015   2.3131707863633292E-017   6.7489460247351384E-015  0.15243044627471614       -1.4416067681906414E-015  -6.5716702813995378E-016  -3.0520542684060509E-016  -4.9167902433801595E-016  -6.8932761982790184E-016  -8.7148935473959268E-016   3.3971832576729565E-016   1.9614198854388926E-016   3.4366259914778136E-016  -1.9628575442849639E-016  -3.2959396895766465E-015   6.3424732359675814E-016  -9.0593109897281486E-016   1.5840660066624865E-015   6.3582475869464593E-017   1.3306690188823036E-015  -1.1408642522090969E-014  -3.0951619761132993E-015  -9.7735143226792798E-015   4.0653454538946690E-014  -2.7491663496330574E-014   1.0671877764683593E-014  0.33952530336428410        5.2143231146463739E-003  -4.7895248486734369E-004
