   2.6187103724559509E-003   1.4983688111125240E-015   1.1962891186438920E-014   1.2841186364639968E-011   2.2633020730311731E-012   2.0739886427875551E-012  -1.8804586484516228E-012  -1.1316929474199727E-012  -7.1861420834887659E-018  -1.1316369199706139E-012   1.6365843282592257E-002   1.6908929956673337E-015   1.9448344194949741E-014  -5.6355162362123334E-011   1.9426611729005037E-013  -1.2772856293122534E-016  -6.9310124427430894E-016  -4.1045592033291203E-014  -6.3174905576550114E-017  -2.1084754867571997E-013   1.4926420708320679E-017   1.5733320689896675E-016   8.3693051498126389E-018   3.6633988405595554E-016  -2.5897233526057134E-012  -1.4361265258135195E-012   1.1076492544604519E-012   1.2948695357733146E-012   2.5078758302180173E-018   1.2947746173418088E-012   2.4167734469699709E-002   9.4262412194761132E-015   7.9248083330740891E-014  -8.2882296668492820E-011   1.6488504212318721E-017  -1.3080898765052560E-017  -9.3746920246001131E-019   2.4899756514970694E-018  -1.2018994643418181E-018   1.7275639755840625E-017  -1.8463838872069823E-017  -5.3941819519858705E-018  -7.3165851267699425E-018   1.2534868935560316E-018  -1.4967406077104408E-017  -4.1081223162058518E-018  -2.6573198389593914E-018  -5.1895716956744174E-018  -2.9728694103041890E-018   1.3857342511497636E-013  -1.4478934939647955E-016  -3.6203514063704832E-016  -6.1424041689076958E-014  -2.6638120122565737E-017  -1.1553497876872020E-013   1.5364916021481677E-017   7.1295481405070944E-017   7.9150467692541994E-018   1.4787609035572382E-016   7.9380366357240625E-013   1.7898097864063888E-012  -1.0406190787410212E-012  -3.9683827916488358E-013  -9.6403704845013265E-018  -3.9700422000607057E-013   1.6568160450750786E-002   2.5475377788409018E-015   1.5918607867320081E-014  -5.6267333469176671E-011   1.1912590787467126E-017  -1.5547699943209123E-017   2.1308524047100655E-018   2.9564604149462371E-018  -2.5517643090464000E-018  -7.3080607504302134E-018  -3.4940927725244523E-018   5.1571148208117211E-018  -3.7615847564641191E-018  -6.1534334472854290E-018  -8.1826908421990241E-018  -3.8381183565523534E-018  -2.6958755433774386E-018  -1.5741922029822592E-018   4.1174151160372096E-018  -1.2048549217158604E-015   1.4286614083138255E-016   7.9287565218460668E-016  -4.1468815157568874E-014   6.3864967951438185E-017   4.4351459443760800E-014  -8.0138023853436038E-017  -1.9234071161196203E-016  -3.5059084278427810E-017  -4.3622610111225340E-016  -5.6474486038946336E-013   7.4828868888357005E-012  -6.6282167968902512E-013   2.8273219888600926E-013  -9.7600998624018905E-017   2.8199042275730463E-013   1.4688618023906825E-003   4.7024901884928733E-014   1.9356726363408213E-013   1.4134322373894575E-002   1.8501487073367239E-014   1.7776739872965644E-013  -7.3072872516981411E-011   1.0799074700279493E-011  -1.4386100030931327E-012   5.5190364625243442E-011  -3.7605362896534370E-012   7.2293743884710673E-013  -7.6691231524574580E-016   7.1567736710602370E-013   1.2098098608410293E-004   2.5324501004362262E-015   1.0822795247313908E-014   5.0884166450021319E-012   7.0684917528643258E-014
   1.4983688111125240E-015   2.6187103734440012E-003   1.6508444883157313E-015   3.2245952198452682E-011  -1.1976056157983878E-012   1.9601032252378972E-012   1.8179059944178350E-017   2.3947109495430309E-012  -1.8804698840413409E-012  -1.1976866651170397E-012   2.6831198148783404E-015   1.6365843284376399E-002   3.2434753356256701E-015  -8.1598588952475399E-011  -9.2903222772345346E-018  -8.1224725228242206E-014  -5.7632944864326832E-017  -1.4717943787431091E-016  -4.9467196640254741E-016   7.1461593518082252E-018   1.7083238520262134E-013  -1.5763901630013908E-016  -1.4429962806258943E-013  -6.4606938694218462E-017   8.2802924559667549E-013  -2.2427540289115471E-012  -2.2077662789412683E-017  -1.6594859464073023E-012   1.1076601120799074E-012   8.2810934407124589E-013   1.0306409646097053E-014   2.4167734474624281E-002   1.2549217763780952E-014  -4.5005801946948786E-011   2.5745708278471447E-016  -4.9141604211083478E-018   1.3272512113679214E-018   1.7410873640690839E-016   2.5057196284908774E-018   1.4671856032618056E-016  -3.1072487913530058E-018   5.1800271914780698E-018   2.0947462051755882E-018   9.5701010350346231E-018   2.7005485609709453E-016  -6.1722659688580544E-019   1.5705285645912398E-016   4.9048536243983145E-018   2.6623884967500264E-016  -1.0937255983338895E-016   1.0613001264764396E-013  -4.8841230101133613E-018  -1.9976204940949296E-016  -2.3488938323764541E-016  -4.8660924173429483E-017  -2.3806779248874266E-014  -6.2599840591332342E-017  -6.6858073766811856E-014  -7.9578661659547897E-017  -1.0327145176605526E-012   6.8741918181649527E-013   1.3813072057526447E-016   2.0674081054607549E-012  -1.0403658847284378E-012  -1.0328316086534335E-012   3.7239242034884881E-015   1.6568160455032416E-002   7.3604191647657572E-016  -5.5928003473824414E-011   5.5162142133231413E-017  -6.7467514310767551E-018  -3.4428184638492044E-019   1.8051065338328379E-017  -1.1122243911867026E-018   3.4702883819986495E-017  -2.9615159024862903E-018  -3.3437136086241496E-018  -7.9652226414720302E-018  -5.0474951957732306E-018   6.9623917294218713E-017   1.1620849471037704E-017   3.7170831562111640E-017  -4.6661760474887917E-018   5.6484622574889402E-017  -1.0909896979950006E-016   4.8207129077164906E-014  -2.6087173354949508E-017   1.2794173486014694E-016   5.2327601908742965E-016  -4.9449370180607958E-017  -8.0122232328883652E-014   9.2718341749525987E-017   5.8330189964782024E-014  -4.3064145150864684E-017  -4.3202736436224316E-012  -4.8917167986522391E-013   4.4886268979013960E-016   8.6408882757024429E-012  -6.6201917991959426E-013  -4.3204501794411892E-012   3.5669567800871745E-014   1.4688617955960744E-003   3.9207139356183190E-014   1.4959613407356886E-014   1.4134322368131464E-002   3.4924634824607528E-014  -5.8686326973757397E-011   4.0081727815911515E-012  -3.1865083906324957E-011  -1.2470867850157238E-012   3.6159309104155382E-015   6.3731365938391507E-011  -3.7534299172054238E-012  -3.1866261987647928E-011   4.1346681917878737E-015   1.2098098534354201E-004  -1.2436718335421551E-015   9.9725172737394047E-012   6.0224046203905333E-013
   1.1962891186438920E-014   1.6508444883157313E-015   2.6187103777383443E-003  -1.5809502291316234E-011   1.0856511202984219E-012   4.5536032674415195E-018   1.9600648004405750E-012   1.0856384540705289E-012   2.0740779905499474E-012  -2.1713828300904800E-012   1.9246416086427460E-014   2.0556262707632779E-015   1.6365843294609765E-002   5.7410626602207640E-011   3.9774394594120775E-016   4.1788049250022693E-017   1.4974946006345289E-014   1.4818679578534013E-016  -8.2324084456583801E-017  -6.8561555058150980E-016   1.0483836597115573E-016   1.2232634878830355E-013  -5.4854202224465321E-017  -9.9014337751549256E-014  -6.3964276097064803E-013   2.7811088009803391E-017  -2.2426997939756921E-012  -6.3958837159620679E-013  -1.4362455326722451E-012   1.2788395174951332E-012   7.8970709807077125E-014   1.1392459012134145E-014   2.4167734498130197E-002   1.5161435008509636E-010   1.6536816867957814E-017  -1.4989308302737255E-017  -1.9427539644979362E-019   8.0721625559263063E-019   6.7914706641325032E-018   1.2852961210363115E-017  -9.2440204915335976E-018   1.5174548913950765E-019  -5.6522743446604215E-018   5.6428583807137807E-018  -2.5893956451191991E-017   1.0043025456743837E-017  -1.2399905455206000E-017   1.1708617398935638E-017  -5.6588296665380540E-018   1.8329687348680392E-016   1.6515235851377164E-017   1.2573358873114849E-013   1.1180398702205505E-016  -8.3383411727721555E-017  -3.1857210449892209E-016   5.9765993440885793E-017   6.2343551407319516E-015  -1.3937942549510992E-017  -9.9325068137755457E-014   6.0061602152776130E-013   6.1722273837162405E-017   6.8732377304883634E-013   6.0082741863452096E-013   1.7898985355175444E-012  -1.2016528953113037E-012   1.5678457144583685E-014   1.2751081354832207E-016   1.6568160464825215E-002   5.9049496232749908E-011   2.6325411316996389E-017   1.0069756584762142E-017   9.8759240046306064E-018   4.8689870695319854E-018  -1.3727757915702877E-018   1.0850606581043712E-017   9.5302538271218708E-018   4.0147656759748501E-018   3.8858353239579924E-018  -1.6409253755651037E-018  -7.3461312139449200E-018   1.5493052860362465E-018   1.3994852073431809E-017   2.9845516758812151E-018   1.6580151378892258E-017  -3.5986631148282356E-016  -9.3971620704878030E-018   9.3268485215925342E-015  -1.9231375306322206E-016   1.0081157523528586E-016   7.1555814243455065E-016  -2.4889349394995793E-017  -6.6202051927175158E-014   8.0820773588402813E-017   4.1396825347516967E-014   3.8244391468470978E-013   1.7698640385592888E-016  -4.8971525279151136E-013   3.8295035781796831E-013   7.4830989412300034E-012  -7.6528925014230883E-013   1.9049642649616856E-013   3.9302757386409690E-014   1.4688618267742308E-003   1.7821752980446917E-013   3.4471815647527770E-014   1.4134322402826442E-002   7.8960554950431352E-011  -4.6858063250602464E-011   2.1691111743339400E-012   1.4617774960334426E-015  -1.2505735867797135E-012   2.1729574178541731E-012   5.5192177663015339E-011  -4.3420577401416486E-012   9.7320095578961232E-015   5.6385248372641111E-016   1.2098098715913944E-004  -1.4896756661346160E-011  -1.1112399270282864E-012
   1.2841186364639968E-011   3.2245952198452682E-011  -1.5809502291316234E-011   5.6483903414996133E-005   4.0473568869217086E-013   9.1488196501174816E-017   1.2457798970746901E-016   1.8649364576591835E-013  -3.9455123607066141E-018  -5.9177749915928925E-013   8.6862817197538280E-011   2.0760068156033200E-010  -1.0887058567977370E-010   2.3796153981982438E-003  -3.6689222335700512E-018   9.5673812040832901E-018   2.0212508125476892E-017   9.1068901814318413E-018  -3.0782936436018450E-018   1.1757147113076418E-017  -1.5800336371701175E-018   1.4418516490611224E-017  -8.2142666228753301E-018   3.6901064432566088E-017  -1.4036233511761048E-012  -1.3006651888740475E-016  -1.6420129199642768E-016  -5.1552504086301748E-013  -2.1251767625375795E-017   1.9076704447770244E-012   1.2447152872523279E-010   3.0059749520577135E-010  -1.5264726236039093E-010   6.7650185858217169E-003  -3.6418038323460348E-013   1.3025491363807248E-018  -1.9434254948611523E-018   4.5218391539783728E-013   1.7359554038588518E-018   2.1620374679172589E-013   4.1704453936178906E-018   4.0391717596043387E-018  -6.2447643904627270E-019   3.0960375570037039E-018  -4.4593860307559143E-013  -4.0244794975835494E-019   3.5895120489731614E-013   2.8306707310433157E-018  -3.1085992306279138E-013   2.3997649991792934E-017  -8.1908259772301393E-018   1.2403547370075978E-017  -1.8428029197892406E-018   3.0079005829887925E-018  -6.5866898194968467E-018   7.0843767569934730E-018   1.8523097469635249E-017   8.1564887194279500E-018   2.9291827045424088E-017   2.7848537748374464E-012  -1.0082429150927533E-015  -8.9772781819355043E-016  -3.2379231839657366E-013   7.5332682367846278E-016  -2.3056066133441083E-012   8.6740986251516805E-011   2.1102706910286684E-010  -1.1126139710715529E-010   3.8191077460550745E-003  -5.9079045804245208E-014  -1.3601771503633481E-019   4.0790076919689652E-018  -1.5134684680743681E-014   1.6577156496130542E-019   1.1565237553390154E-013  -7.8943873917708585E-019  -1.3158520273369664E-018   4.8062644675912282E-019  -2.4314868768639995E-018  -9.8815948464856306E-014   6.4015217063299830E-019   1.8446914129530145E-013  -3.5146184604315467E-019  -1.7270348409320634E-013  -1.3385928997015564E-018   5.5990542170752470E-018   1.1226981619462063E-018   3.6471290476220562E-018  -1.2503756904016503E-018   8.6966084233481563E-018  -2.8546247641872451E-018  -3.1037529635798391E-018  -2.3965075095585996E-018   3.7562436003364600E-018   2.1085523408342921E-013  -5.9451798496095227E-015  -2.8882041287137295E-015  -5.5006651637618057E-013   4.7828622357252742E-015   3.4215134478319819E-013   2.0876912263464752E-011  -1.4506838141593819E-010  -1.2854529513190713E-011   7.5348424959085507E-011   1.5115372934889748E-010  -6.6848709572082149E-011   6.2728930474790839E-003  -1.1282023686878179E-003   5.1879181408693410E-012  -4.5186632034398168E-014  -2.7136016439651001E-014  -4.5505140036359573E-012   3.4841475606856841E-014  -6.3683972822701512E-013   1.4556536974872383E-011  -2.9378777721139100E-011   1.2150739536464816E-012   8.1698286863339509E-005  -1.1210485444721668E-005
   2.2633020730311731E-012  -1.1976056157983878E-012   1.0856511202984219E-012   4.0473568869217086E-013   2.3291967701160307E-007   3.3734734041754662E-018  -1.1556089299783504E-019  -1.1645983921270102E-007  -1.3888700090790391E-019  -1.1645983779534352E-007   1.4160849794495280E-011  -7.3815318073402410E-012   6.7879462028685147E-012   1.7597529138240283E-011   2.4881254112696721E-015   4.3666984070849807E-015  -5.3841242527082001E-015  -1.6679524743344508E-015  -4.1134054197565975E-019  -1.6698829651960084E-015  -2.4411200375534754E-015   1.3447941427727819E-015  -1.0917843434471001E-015   3.0092348794490368E-015   8.3829174003607168E-009   4.2727454036780465E-019  -1.3482743558524761E-018  -4.1914574986276540E-009  -3.1106082816974997E-018  -4.1914598568367672E-009   2.0853950822842978E-011  -1.0997757971430740E-011   9.9824062105902354E-012   4.9713841272589483E-011  -2.6185811204329857E-016   3.7011136330704708E-020   1.7366087524986156E-018   7.8310081593747958E-017   4.6207914822039607E-019   2.8568423175376891E-016  -3.1479731647325478E-019  -7.5357711008027137E-019  -5.2933559095876792E-020  -1.3927585483825627E-018  -4.9053717863188658E-017   6.1108954699808401E-019  -7.8530599783747755E-017  -4.9081451795830139E-020  -1.7214623759479937E-016  -3.1676035865811796E-015  -7.5174465805527451E-015   8.3417698247030458E-015   2.1247153039299725E-015   2.0103119885610813E-019   2.1263667298423289E-015   4.2028735890623155E-015  -2.0855238590211290E-015   1.8793468164482203E-015  -4.6655414358368444E-015   1.4573860510631166E-005   1.9488503737908466E-016  -1.7079742738666473E-017  -7.2869302802081281E-006  -5.2145806477248890E-017  -7.2869302309143892E-006   1.4392368274463326E-011  -7.4775523308617034E-012   6.9621595917187625E-012   2.8753248289780085E-011   4.6701471787299405E-016  -5.2015559720716972E-019  -2.0720737713112557E-018  -2.1845733759395298E-016  -1.6741869788455997E-019  -6.0993911564846602E-016   4.9020519757946940E-020   7.9126548670652863E-019  -6.1464019627887512E-020   1.6522566799251576E-018   4.6678885693533647E-016   2.8996669767353998E-019  -5.9539701771255040E-016   2.1873731442458374E-019   6.8207089313492061E-016   1.6294618988948103E-015   4.9828629955887160E-015  -5.6609288244003660E-015  -1.0926551308057528E-015   1.2896396385888847E-019  -1.0930914302716988E-015  -2.7859065983160365E-015   1.4151395060014927E-015  -1.2456165594410443E-015   3.1650286289822838E-015   8.4388008303887735E-005   1.1240711476000198E-015  -1.2621018947594311E-016  -4.2194004279336477E-005  -3.2697880995435114E-016  -4.2194004024555662E-005   3.2899730265223828E-013  -5.2068136494971451E-012   4.5980427273346115E-012   1.1551462974897641E-011  -6.7834485780970718E-012   5.3005976690368571E-012   4.6233547879117484E-011   1.4718306389233479E-011   6.3761182719016777E-004   8.5061065510065111E-015  -8.6363028785857331E-016  -3.1880591456859378E-004  -2.4458379715161302E-015  -3.1880591262173369E-004  -1.8667431532979345E-013  -2.6377579559977044E-013   9.5708782180828839E-014   8.2758435881643068E-014   1.3900026759088564E-014
   2.0739886427875551E-012   1.9601032252378972E-012   4.5536032674415195E-018   9.1488196501174816E-017   3.3734734041754662E-018   2.3291967944320435E-007  -1.4993819346830289E-018   2.0446015730632901E-018  -1.9826161917647471E-018   2.2766331766603071E-018   1.2783159699139558E-011   1.2263824412227300E-011   2.2683198406429360E-017   4.4848959180668623E-015  -2.8196961702110589E-015   2.5709535273593357E-015   9.1013675951905613E-019   5.0432423609887076E-015  -4.4855943617751622E-015  -1.2607954320907170E-015  -1.4387040409982096E-015   7.9390633791298994E-019  -6.4366904826451078E-016   1.1011026534532204E-018   1.5832959506193577E-017   8.3829134956784001E-009   1.2946587653440228E-018   1.5738833660867924E-017   3.5914547494125465E-018   1.6037397886871632E-017   1.9045686148063102E-011   1.8060305651880321E-011   3.4540815369244648E-017   1.2742939811119337E-014  -2.4103705707911470E-018  -1.1548528166925523E-016  -2.6417371044253564E-019  -5.1591633804436431E-019   1.0109619407725138E-018  -1.3471868131422426E-018  -2.4984700250583210E-017  -2.0344323087641603E-019   1.7165131407733130E-016   1.0346544555436810E-019  -1.6157110545983642E-018  -1.1164481579923363E-019  -6.9854676325050104E-019  -1.1296547589970903E-019  -1.2283709751653728E-018   4.8533319888404683E-015  -3.2764598914085549E-015   1.4979889046629656E-019  -8.6817472128404767E-015   6.9511938263404239E-015   2.1698515228283709E-015   1.8278233347288614E-015   3.5782462146060867E-019   8.1769368549493410E-016   1.8075526323711688E-018   2.9086016969263668E-017   1.4573860594690435E-005  -8.2598559540356969E-017  -2.7003171418323532E-017  -1.0991286005764428E-016   3.0889750602453175E-017   1.2949429654655645E-011   1.2464327940263920E-011   3.0883018748466881E-017   7.2364684451180232E-015  -2.5600834617642400E-018   1.1095222092887297E-016  -2.8491327723476804E-019  -2.1642089538948786E-018  -1.1329331394677284E-018  -1.1083960014748109E-018   1.7991360645744945E-017  -3.4048306868775390E-019  -1.9424805733360733E-016   5.7281129528218710E-020  -2.3200610952512040E-018   1.4037769553709774E-018  -1.2469306286914967E-018   9.5982346393688319E-019  -1.8996716153444906E-018  -3.2170481385265061E-015   1.6836781809193408E-015   2.9883580203893850E-019   5.7547250986671473E-015  -4.7173356238336836E-015  -1.4384892203700146E-015  -9.4185308003573850E-016   4.5426515037971216E-019  -4.2154035825316463E-016   2.0922170662296827E-019   9.3933498033950072E-017   8.4388008741336721E-005  -4.6868167087385579E-016  -2.1784562456836985E-016  -5.6823262963716489E-016   1.2297156975903989E-016   9.0175172871344962E-012   2.8608205487592568E-013   6.9846381098526826E-016   1.1747605299185132E-011   1.0004054367934687E-011   3.6276375171850742E-017   1.2007460050536055E-014  -3.9836214707658407E-015   7.2848307934732025E-016   6.3761183051834198E-004  -3.5514538283037126E-015  -1.6500309616987991E-015  -4.3316657990940552E-015   9.2427960994690826E-016   4.6035159897584243E-013  -1.6496728655515764E-013   1.2550235986848831E-015  -1.0377606643472555E-015   8.9791657071577024E-017
  -1.8804586484516228E-012   1.8179059944178350E-017   1.9600648004405750E-012   1.2457798970746901E-016  -1.1556089299783504E-019  -1.4993819346830289E-018   2.3291967916788087E-007  -5.3932242020242807E-019   1.6867828954471387E-019  -7.2701093995560952E-019  -1.1757402962786795E-011   1.0184857419976752E-016   1.2263591893356784E-011   5.0463770094978304E-015   3.4744669624397184E-015   6.2490238409102541E-019   2.5711343418716289E-015   1.5540934941895333E-015   3.6399591498566855E-015  -6.2160865252709850E-015   8.9561881419168644E-019  -6.4232151004732364E-016   1.0664929984006144E-018  -1.4364278088302103E-015  -2.7615633360983825E-018   1.9959641256914512E-018   8.3829140469432049E-009  -1.5068303058321015E-018  -8.7079200729792449E-019   3.5795682887219720E-018  -1.7290542457527315E-011   1.5338028869365397E-016   1.8059951112990856E-011   1.4004081543856912E-014   1.1795347793724397E-017   1.1010326385190886E-019  -2.2984925171168584E-016   7.5101455337221458E-018   1.0095904376679522E-019   9.3268605872781955E-018   6.2586807036858031E-019  -7.3840636548278432E-017  -2.9537417973039216E-019   2.7560475900137419E-016   1.2850035728243856E-017  -4.5449997872920585E-019   7.0200883237077041E-018   2.8964474701415762E-019   1.3170403442982176E-017  -5.3847630872431905E-015   1.1662079494176155E-018  -3.2737890700677640E-015  -2.4084129407096927E-015  -6.2657636787397209E-015   9.6323603704528505E-015   2.9448408260048782E-018   8.1891376658309626E-016  -1.9794638437588827E-019   1.8310470641370617E-015   9.5531324393197904E-017  -1.7154536900553148E-017   1.4573860585010142E-005   7.3058818568161769E-017  -1.5806353394226661E-017   6.6125489255901811E-017  -1.2059202343119440E-011   1.1363928210515489E-016   1.2464109847306335E-011   7.8690472180806147E-015  -1.9821700037876322E-018   6.9403943592225675E-019   2.4830101245827441E-016  -1.9776451829685938E-018  -2.7482507941364977E-019  -4.0134787785625389E-018   5.5926022860666640E-019   6.5791364181462918E-017  -2.7963075570382030E-019  -3.0386724294390441E-016  -3.8141822653194245E-018   9.4148228557733924E-019  -1.0264126213683871E-018   2.5866019062291308E-020  -1.1936794223700043E-018   3.6540989583381984E-015   7.7126199041029356E-020   1.6834067207662879E-015   1.6343370403714454E-015   4.1532364479684192E-015  -6.5368953430802441E-015  -9.7954958767304456E-020  -4.2081346974336767E-016   6.6407747637894292E-019  -9.4127711187339547E-016   6.2731578672415725E-017  -7.1029441855208744E-017   8.4388008691994247E-005  -6.8921973244837927E-017  -9.4097777300502694E-017   7.4370933695151598E-018  -7.9702270484490941E-012   9.5827044268779485E-016   2.8711945829371175E-013  -9.1812789028196156E-012   1.0731380711082639E-016   1.0003819160322413E-011   1.3919492753264566E-014  -2.6301725134440753E-014   5.6054150864226404E-016  -5.4944126152973893E-016   6.3761183014144425E-004  -5.3682531912451452E-016  -7.0433656600280378E-016  -2.3174947040357512E-017  -1.6952891530325364E-013   1.8745905924552525E-015  -1.6233666696361099E-013   1.5112204322544237E-015   1.1225372534464560E-015
  -1.1316929474199727E-012   2.3947109495430309E-012   1.0856384540705289E-012   1.8649364576591835E-013  -1.1645983921270102E-007   2.0446015730632901E-018  -5.3932242020242807E-019   2.3291967923741364E-007   5.7620689147835943E-019  -1.1645984003034267E-007  -7.0806983620318887E-012   1.4759930426143096E-011   6.7878519548358521E-012   8.1710080787514148E-012  -1.2443652661917146E-015  -3.2758799443767702E-015   1.3458451751574168E-015   2.2262917851520366E-015  -2.4954901811838337E-019  -5.5692975991610425E-016   4.8841461054261492E-015  -5.3828188635112029E-015  -3.2749975909700869E-015   3.0095806030529865E-015  -4.1914575041695622E-009   5.3445996226809381E-019  -1.3100992516363371E-018   8.3829140699325807E-009   3.3830449996884816E-019  -4.1914565851483080E-009  -1.0427377731893965E-011   2.1990898508492578E-011   9.9822811906991287E-012   2.3088064650730052E-011   1.9414011762133214E-017  -6.9598423520088637E-020  -7.3619611352742160E-019  -5.2118061783228077E-017  -2.0014421076446427E-019   6.9401888066740079E-017   3.0080314173199998E-019   1.1713930334687610E-018  -2.2333348164334830E-020  -7.3041673939937217E-019  -9.4210106567823874E-017  -2.1984190400981244E-019   2.4377346709826497E-016  -9.1088550896136778E-020  -1.4306396297979674E-016   1.5841798461583360E-015   5.6399013366095474E-015  -2.0850657771683634E-015  -2.8352160585330917E-015   7.3001956638774415E-019   7.0937041307313018E-016  -8.4048655519365214E-015   8.3421460186008944E-015   5.6389903551308701E-015  -4.6624408371650224E-015  -7.2869302797344190E-006   1.6414605085218059E-016  -1.4595996213570190E-017   1.4573860586821724E-005   3.7575066031696654E-017  -7.2869303067628964E-006  -7.1964808110964188E-012   1.4951898353252920E-011   6.9620707490573308E-012   1.3270448696253449E-011  -1.3610566623786034E-016   4.0724509842908708E-019  -1.0929133050173137E-019   1.8301478339049342E-016   5.3184834539822977E-020   3.2159772889295528E-017   3.5944892659414206E-020  -1.8104035326072241E-018   1.9145139685965414E-019   4.1472221428528853E-019  -8.7556615757646054E-017  -4.5839504896053502E-019  -8.2017754098235606E-017   1.4138684054375675E-019   1.8912657579735494E-017  -8.1490622710768394E-016  -3.7379643630535643E-015   1.4147838621435573E-015   1.4580856788291363E-015  -6.8368681243939816E-019  -3.6493302212554799E-016   5.5719851937664954E-015  -5.6612197134392901E-015  -3.7375034327729927E-015   3.1644032005944190E-015  -4.2194004277854556E-005   9.5958615600423352E-016  -1.2332199776248564E-016   8.4388008704342754E-005   2.1927507414392263E-016  -4.2194004426541622E-005  -1.6850711563679581E-013   1.0409982068554731E-011   4.5990862966857658E-012  -5.7760638413275938E-012   1.3564266170868825E-011   5.3005876800634977E-012   2.1415605083825289E-011   4.6182309720424633E-012  -3.1880591455730204E-004   7.2452893451582810E-015  -9.4877858329561244E-016   6.3761183023682141E-004   1.6601769060565181E-015  -3.1880591567966910E-004   9.5411894699060281E-014   5.3313545807938888E-013   9.6144855274533514E-014   6.0545376589611798E-014  -4.7232300287565754E-015
  -7.1861420834887659E-018  -1.8804698840413409E-012   2.0740779905499474E-012  -3.9455123607066141E-018  -1.3888700090790391E-019  -1.9826161917647471E-018   1.6867828954471387E-019   5.7620689147835943E-019   2.3291968014872808E-007  -5.2872778952042215E-019  -4.2818196526493698E-017  -1.1757496959867833E-011   1.2783710997688528E-011  -7.9296713553663759E-016   3.8388108407199621E-019   1.5551034316950167E-015  -1.2599508450077351E-015  -1.0432748602057627E-018   1.8553113288069977E-015   4.5454196992752651E-019   3.4767102505210848E-015   5.0433764711956033E-015  -6.2154916554511969E-015  -2.8184473162262902E-015  -6.7611515549033405E-018   4.5249956436389353E-018   1.4553922432908671E-018  -7.1343795877053932E-018   8.3829127830344297E-009  -5.9458197870528857E-018  -6.4670503932140791E-017  -1.7290674934647550E-011   1.9046502954847424E-011  -2.1724205096037972E-015   4.2726267716060354E-018  -1.2324019843794539E-018  -3.3789555926001975E-019   2.0260387950098069E-018  -1.7186470747545409E-016   2.0691736300299502E-018  -7.4027189447308458E-019   5.1730906316631249E-020   1.0206226474779618E-018  -4.7291578103952277E-019   3.7133709410338870E-018  -1.5145145665825988E-016   2.4984375637722447E-018   2.6355626488180997E-016   3.7259481564295267E-018  -4.5265648916862504E-019  -2.4071054389327073E-015   2.1700939297161870E-015   1.4332270824188696E-018  -2.3630607523230550E-015  -6.5717996296755805E-019  -5.3820450213082998E-015  -8.6805249613643594E-015   9.6343703732042326E-015   4.8546164685976402E-015   5.6681054009210448E-017  -3.0999297705645341E-017   2.6563747527523299E-017   5.4434419644413468E-018   1.4573860617677565E-005  -4.0756998900501386E-017  -5.3659959797014700E-017  -1.2059281368169670E-011   1.2949994308054580E-011  -1.2842747076587003E-015   1.1254315422037815E-018   4.4348175612179466E-019  -6.3124246629202746E-019   8.2364785530313122E-019   1.0405962106856265E-016   7.6344586275975962E-019  -2.5665172921699589E-019  -4.0379677447848299E-019  -2.0148853192763343E-018   3.8691348562182574E-019   9.7651981799787173E-019   1.8486879407816814E-016   1.4135564345784504E-020  -2.7494015971136833E-016   1.0362117715990636E-018   5.5130226010912796E-019   1.6343245061331723E-015  -1.4381156375215140E-015  -8.9966329884285657E-019   1.2148435629715885E-015   2.3491176874147595E-019   3.6540311520151402E-015   5.7540827564002590E-015  -6.5377056469418461E-015  -3.2167425735239780E-015   2.6917409811049353E-016  -1.4089680276252449E-016   1.5385251511798326E-016  -1.2187175861826739E-017   8.4388008868223382E-005  -2.5945548379742632E-016  -1.2642679230704743E-015  -7.9700001356486953E-012   9.0179421396961902E-012  -4.2907637480584596E-017  -9.1813999684657890E-012   1.1748088438657702E-011  -2.0647651496144686E-015  -2.1787778899039766E-015   2.0620308828592543E-015  -1.0929260751766754E-015   1.1620107643593562E-015  -8.0457620279769349E-017   6.3761183148433609E-004  -1.9834387620753273E-015   8.1510121274729148E-016  -1.7300466891589673E-013   4.6179232932813887E-013   3.7223691724971472E-016  -2.1495045055983410E-015
  -1.1316369199706139E-012  -1.1976866651170397E-012  -2.1713828300904800E-012  -5.9177749915928925E-013  -1.1645983779534352E-007   2.2766331766603071E-018  -7.2701093995560952E-019  -1.1645984003034267E-007  -5.2872778952042215E-019   2.3291967782775772E-007  -7.0803268682299138E-012  -7.3820332595659791E-012  -1.3576383044360304E-011  -2.5795389427710943E-011  -1.2437601451508638E-015  -1.0908184625156801E-015   4.0382790774846894E-015  -5.5833931071626178E-016   6.6088938970313985E-019   2.2268127251087511E-015  -2.4430260680732503E-015   4.0380247208639368E-015   4.3667819344930093E-015  -6.0188154825474648E-015  -4.1914598960630615E-009  -6.8479695213916122E-019   2.6086384643407336E-018  -4.1914565715075488E-009   2.7690137390300963E-018   8.3829164420596058E-009  -1.0426830468356463E-011  -1.0998506443687059E-011  -1.9965549007175765E-011  -7.2876107572943866E-011   2.4244410475350769E-016   3.2587283360994746E-020  -1.0004126376571129E-018  -2.6192025447030997E-017  -2.6193493737618025E-019  -3.5508612251335687E-016   1.3994173849287665E-020  -4.1781592302071329E-019   7.5266912896822915E-020   2.1231752861687488E-018   1.4326382982900319E-016  -3.9124764287014562E-019  -1.6524287162242187E-016   1.4017000257033969E-019   3.1521020428810777E-016   1.5834237405581730E-015   1.8775452436568247E-015  -6.2567040474441681E-015   7.1050075440221597E-016  -9.3105049734554554E-019  -2.8357371428950540E-015   4.2019919631370804E-015  -6.2566221597826506E-015  -7.5183371716474417E-015   9.3279822730843295E-015  -7.2869302306740885E-006   1.2242934965690979E-016  -5.4789835901731953E-017  -7.2869303069658684E-006   8.8512970865449977E-018   1.4573860537806902E-005  -7.1961119329684211E-012  -7.4780738877649107E-012  -1.3924873624337983E-011  -4.2069533351943875E-011  -3.3090905088066569E-016   1.1291050238260741E-019   2.1813651003133742E-018   3.5442554443304451E-017   1.1423386331835502E-019   5.7777934124896266E-016  -8.4965411821162665E-020   1.0191380455239595E-018  -1.2998738364760804E-019  -2.0669788924668576E-018  -3.7923223982910610E-016   1.6842835126894479E-019   6.7741476926903343E-016  -3.6012415480351281E-019  -7.0098354837684558E-016  -8.1455567188557079E-016  -1.2448986323891091E-015   4.2461449621948287E-015  -3.6543054787669252E-016   5.5472266737314926E-019   1.4580244523830326E-015  -2.7860785955920736E-015   4.2460802075790677E-015   4.9831199922579972E-015  -6.3294318296360058E-015  -4.2194004024743913E-005   7.0417557074504416E-016  -2.5113526308614790E-016  -4.2194004427046081E-005   7.4586054594850212E-017   8.4388008451847802E-005  -1.6617820606064782E-013  -5.2093769813463288E-012  -9.2033432056764256E-012  -5.7755548259810834E-012  -6.7839610830128375E-012  -1.0601694932381365E-011  -6.7719026626952737E-011  -1.9457325400150670E-011  -3.1880591262312434E-004   5.3126776265763080E-015  -1.9704922148772325E-015  -3.1880591568363972E-004   5.3543327387784734E-016   6.3761182830707349E-004   9.3567299645440729E-014  -2.6307718479236706E-013  -1.9262992693044256E-013  -1.3233974273131294E-013  -1.3151822582077963E-014
   1.6365843282592257E-002   2.6831198148783404E-015   1.9246416086427460E-014   8.6862817197538280E-011   1.4160849794495280E-011   1.2783159699139558E-011  -1.1757402962786795E-011  -7.0806983620318887E-012  -4.2818196526493698E-017  -7.0803268682299138E-012  0.10227989094500831       -3.1360485638889327E-014  -2.2562615235074039E-013  -6.9154619083343990E-011   1.2134860466277452E-012  -7.9745062931028319E-016  -4.3255009773261903E-015  -2.5645351218671230E-013  -3.9431469600658408E-016  -1.3169965708835458E-012   9.2491360719956039E-017   9.8177461725368502E-016   5.2422552765758678E-017   2.2853506544270687E-015  -1.6185086604339062E-011  -8.9851394066782926E-012   6.9274406340091704E-012   8.0925936815163254E-012   1.6538162697725975E-017   8.0920004079588306E-012  0.15103832309969559       -2.8200269959161964E-015  -1.7215541478961915E-014   2.8408100612883756E-010   1.0234314933047646E-016  -8.1471093378713329E-017  -5.7342203549277768E-018   1.5119179447609417E-017  -7.4196267812492878E-018   1.0754423429057858E-016  -1.1521373772909676E-016  -3.3639857584273176E-017  -4.5565767011731921E-017   7.8120847860411808E-018  -9.3908483104827442E-017  -2.5823002050623667E-017  -1.6926832981360273E-017  -3.2349116929414125E-017  -1.8847300582664870E-017   8.6689761447076175E-013  -9.0688413824387404E-016  -2.2754213396337717E-015  -3.8383163932312145E-013  -1.6775303997131651E-016  -7.2334215043260633E-013   9.7290950450915187E-017   4.4810502560414854E-016   4.9587982081852625E-017   9.3051677925237204E-016   5.9812300967947519E-012  -1.2173351203092693E-013  -6.6796361984453801E-012  -2.9908706151426778E-012   9.2811859184170057E-017  -2.9906021348314118E-012  0.10354974099430538       -2.9009950818420448E-014  -2.5483657477899969E-013   1.0602941655378202E-010   7.4029597911044507E-017  -9.7092703687439322E-017   1.3337493719710323E-017   1.8210986896686063E-017  -1.5915955723926029E-017  -4.5880506370945961E-017  -2.1648089178445226E-017   3.2199027723528484E-017  -2.3480396776882797E-017  -3.8381019597571356E-017  -5.1478048506642821E-017  -2.3956733892324018E-017  -1.6793197983981919E-017  -9.8622890613795887E-018   2.5357416621360145E-017  -8.0609636915743400E-015   8.9457864595974699E-016   4.9668812869476271E-015  -2.5944822684822174E-013   4.0058049621781167E-016   2.7814082833913162E-013  -5.0179261579324464E-016  -1.2051438414152460E-015  -2.1945470506640871E-016  -2.7334798144897238E-015   2.3571812174712781E-012  -1.8740247493709720E-011  -5.1163661589163658E-012  -1.1801211618178087E-012   2.8072125453385373E-016  -1.1771994813298712E-012   9.8357162231034537E-003  -3.0643793414620042E-015   8.3420946968155040E-013   8.8334261575917672E-002   7.9810332173421913E-014   8.1114131608543614E-013   2.8812177299445152E-010   1.0132014626313508E-010   3.5514621392787167E-011  -1.4998332744659504E-010  -3.0909314549839411E-011  -1.7763160742176667E-011   1.9347682551354604E-015  -1.7751431712730102E-011   8.7542690004331972E-004   7.0196563166946776E-016   8.1843068599786898E-014   2.0874159785498288E-011   5.4244487720048057E-012
   1.6908929956673337E-015   1.6365843284376399E-002   2.0556262707632779E-015   2.0760068156033200E-010  -7.3815318073402410E-012   1.2263824412227300E-011   1.0184857419976752E-016   1.4759930426143096E-011  -1.1757496959867833E-011  -7.3820332595659791E-012  -3.1360485638889327E-014  0.10227989092870732       -3.1397164495331023E-014  -2.4468086885307673E-010  -5.8742302539915263E-017  -5.0754299137199315E-013  -3.6040173810568285E-016  -9.1881203669229859E-016  -3.0874122883182529E-015   4.4344433982831014E-017   1.0671672403994920E-012  -9.8421763896092511E-016  -9.0126014176055472E-013  -4.0445713257170774E-016   5.1805811277680448E-012  -1.4016620642334401E-011  -1.3891545287365728E-016  -1.0382579223073728E-011   6.9275077889871094E-012   5.1810836578573899E-012  -6.4737450597398156E-015  0.15103832308994547        2.1622393760552000E-015   4.6848202759672647E-010   1.6009319647138249E-015  -3.0278548505678060E-017   7.3239265520005354E-018   1.0845907640585576E-015   1.5682234629638104E-017   9.1293420610775719E-016  -1.9140282610675977E-017   3.1877982636101802E-017   1.3522494183687761E-017   5.9579840283678588E-017   1.6794551487826247E-015  -4.2381545768650052E-018   9.7655085257099897E-016   3.0812724470423701E-017   1.6564430917853819E-015  -6.8292223785894892E-016   6.6319037158262723E-013  -3.0374166398071253E-017  -1.2499198145393319E-015  -1.4765442275886068E-015  -3.0385089281530936E-016  -1.4787599630190826E-013  -3.9359349009724847E-016  -4.1892033265156398E-013  -4.9812129180175482E-016   7.4321565305076615E-014   5.1800088994361080E-012   1.0341388131928553E-016  -1.3677047055264153E-013  -6.6795344969863016E-012   7.3960280256053819E-014  -2.7401288898055840E-014  0.10354974099313642       -4.8165831174564156E-014   8.1189733271093299E-011   3.4648493215788819E-016  -4.2364441039281886E-017  -2.7455293922580867E-018   1.1286530160015135E-016  -7.1368023002335713E-018   2.1786068768808964E-016  -1.8104430892224873E-017  -2.1118754349948062E-017  -4.9715825962528822E-017  -3.1593282422872064E-017   4.3668929140873778E-016   7.2709374978448903E-017   2.3309581750881226E-016  -2.9251452882685970E-017   3.5433670360620496E-016  -6.8270769400783399E-016   3.0148366912980105E-013  -1.6401505697119779E-016   8.0102663280221866E-016   3.2782903943074099E-015  -3.0937107428427448E-016  -5.0158892125439661E-013   5.8144506442721955E-016   3.6550387632026783E-013  -2.7018769959996620E-016   1.0820249267157979E-011   2.0427514074998826E-012  -1.6094943308294705E-015  -2.1640524383157295E-011  -5.1199264216857106E-012   1.0821301914682205E-011  -9.2139237575339511E-015   9.8357161618782447E-003   1.8491061421487997E-013   5.2439922806764094E-014   8.8334261516194390E-002   1.7366215630775610E-013   3.2974771036594151E-010   1.5170527575158771E-010   8.6592735577178084E-011   3.0763510122177991E-011  -1.0750189154588379E-014  -1.7319426823795425E-010  -3.0929694711973412E-011   8.6601657615419167E-011  -2.8606953256365999E-015   8.7542689562040456E-004   2.7803916599265546E-014   7.9785571706427351E-012   4.2539994387083658E-012
