   3.4167907214641306E-006   3.2680359194246367E-018  -5.7487684579285011E-005  -1.2151466685912441E-018   5.7147326202057797E-005   2.6185760399030423E-018  -9.6150678547952755E-004   2.6328987453027997E-017  -6.1373473514750526E-018  -1.4695271845848991E-019  -1.8299443531596598E-019  -5.3412296276053920E-018   9.1461775795012454E-019  -4.8490579034268895E-018   5.0298109280913571E-006   8.8869295443951781E-019  -3.7399574183934244E-005   2.2626745847927518E-006   3.5005735197943605E-019  -9.0108740742981058E-006   3.2207123397980875E-018  -3.8069619546485265E-005  -1.0993222996725965E-018   5.6251415796084331E-005  -1.0719020005697412E-017   6.5351899812344621E-005   1.2573019738332125E-017  -1.0995491703561480E-003  -1.5888135541147866E-018  -2.4665801692814069E-019   5.4647313653291914E-020  -1.5975531307993647E-018  -8.9890855715318449E-020  -1.5751799330972509E-018  -1.4363881222267548E-019   2.9995629855976244E-020   9.4323148030777013E-019   8.5283077682147077E-020  -2.9067517002635131E-018   6.7083714147366377E-020  -1.8059900837588047E-018   1.6736292715942727E-019  -3.0635574773269504E-018   1.0232314998147056E-018  -4.5590100038190296E-019  -5.1659030259776467E-019   3.3644975125696251E-018  -7.6440035978844617E-019   3.4604036376790286E-018   2.3128215954993232E-006   1.0120380062993606E-018  -1.7197175812713287E-005   1.0404292960762507E-006  -5.2012333370229024E-020  -4.1434050804914331E-006   1.1173800661757245E-018  -1.7505277927615081E-005   1.7515344619032542E-019   2.5865681849785398E-005   4.9570350278105306E-018   4.4737096268018705E-005   5.5273063512988371E-018  -7.5270401054730748E-004  -1.0799980383742179E-018  -1.6644686064203309E-020   4.5741396010275817E-020  -4.6799091966678960E-019   1.3719941201195111E-019  -6.0544928181273096E-019  -9.3433409307350902E-020   1.1116522327659084E-020  -6.5352977957231942E-019   1.3194467602483051E-020  -1.4176466389817072E-018   1.3141123625263254E-019  -7.1803175851840881E-019   6.5420783487460398E-020  -1.5573059817563805E-018  -6.8719028756678219E-019   8.1135422511611957E-019   1.3948506093246690E-019  -1.4390616697378168E-018   2.2561861921117703E-019  -1.3223995858397881E-018   1.0206279717895139E-006  -5.5121510697538816E-020  -7.5889635000032169E-006   4.5913236209292830E-007   1.0047819528391695E-019  -1.8284484768971030E-006   3.6549379308725429E-019  -7.7249262725903040E-006  -2.7857494321800773E-019   1.1414299510561746E-005   1.9637420473751474E-005   3.3925371227936096E-018  -3.3040063795925043E-004  -7.8454600525056567E-019  -2.6739068808140093E-019  -3.7376833584847481E-021  -8.0577676999197873E-019  -7.2070338401463631E-020  -7.2696327255958840E-019   4.4945954128397668E-018   5.6881074619759765E-017
   3.2680359194246367E-018   4.8721306063808357E-030  -5.4984877168349137E-017  -1.5314113945935465E-018   5.4659336773008457E-017  -2.2578652247705262E-030  -9.1964623176307745E-016   6.5292652401940345E-018  -1.6286300450092076E-019  -4.0391182326264165E-031  -3.3770371854220530E-020  -1.6460124569288594E-019   3.5408311934999643E-033   3.2746424959237632E-019   4.8108310168517608E-018  -7.1333486722869952E-031  -3.5771330985091369E-017   2.1641658561709436E-018  -9.8418499295131635E-032  -8.6185729653342014E-018   3.6316110246844024E-030  -3.6412204977959399E-017  -6.7492576520921341E-031   5.3802431089873642E-017  -1.3885978329424028E-017   6.2506712701989429E-017   1.7922715677526551E-029  -1.0516787467620052E-015  -6.8192062573181832E-021   1.4613473692672318E-031  -3.1379294579954223E-021  -4.0651507813433734E-021   1.7522049128855514E-031   1.6043905912609603E-020  -8.4845719653187641E-031  -1.4149464914382435E-021   1.0177109866943592E-030   4.1925683038443120E-021  -7.0669486788036599E-021  -4.5758107473991320E-031   1.6479095232787261E-020   5.9273956269051075E-031  -1.8514532784197009E-020  -1.4071122665523393E-019   8.0733285116792025E-033  -2.9177101767840601E-020  -1.4221304133075923E-019  -5.5657439360614730E-033   2.8292426822601791E-019   2.2121296460580532E-018   2.8775881076306748E-030  -1.6448472514149094E-017   9.9513273957003394E-019   3.4139515388905939E-031  -3.9630160977433108E-018  -3.8105580739508586E-031  -1.6743160969027984E-017  -5.0907805558992564E-031   2.4739582917529354E-017   3.3228196923540760E-017   4.2789403698682081E-017   2.6536028105609218E-030  -7.1993398006812782E-016  -1.6149839424979380E-020  -8.3433246178357089E-031  -7.4315183690230608E-021  -9.6274448873988782E-021  -9.3597825258359025E-032   3.7996577947588920E-020   5.0438658909185640E-031  -3.3509997508211807E-021   1.0396217000906793E-031   9.9292061136082170E-021  -1.6736564647672613E-020   7.2495699030106223E-031   3.9027231279071454E-020  -4.2675326818747209E-031  -4.3847732272919981E-020  -1.2538648234496980E-018   4.1157156500220673E-032  -2.5999447519497411E-019  -1.2672473561409116E-018  -1.3223271855208874E-030   2.5211121787279370E-018   9.7619349385738313E-019  -1.8551218381519064E-030  -7.2585672729133573E-018   4.3914338729399888E-019  -6.6770414460497349E-032  -1.7488443941772525E-018   1.2046662402132649E-030  -7.3886107144760017E-018  -4.9337333249853591E-031   1.0917361886186931E-017   1.8782477682907186E-017   3.9590577382740305E-030  -3.1601618029123591E-016   9.4475317402829164E-019   2.2549113113453225E-031   1.9589879320613272E-019   9.5483654985062663E-019   1.5799940214970686E-030  -1.8995897242249231E-018   4.6291668723966009E-018   1.8617472448656621E-015
  -5.7487684579285011E-005  -5.4984877168349137E-017   9.6723333317622908E-004   2.1228484166783286E-017  -9.6150678548015866E-004  -4.4057680349911747E-017   1.6177402513199143E-002  -4.4632743514095629E-016   1.0334452585780797E-016   2.4724872593866557E-018   3.0961703363274251E-018   8.9950692458290617E-017  -1.5388492145377086E-017   8.1418102039126711E-017  -8.4626834857375166E-005  -1.4952305955325538E-017   6.2924981345192791E-004  -3.8069619546494054E-005  -5.8897334591887072E-018   1.5160843282345713E-004  -5.4188655438511945E-017   6.4052336211095726E-004   1.8496155827615630E-017  -9.4643304552109199E-004   1.8745311642720685E-016  -1.0995491703569187E-003  -2.1154172199831054E-016   1.8499972938864215E-002   2.6735361252436222E-017   4.1500341788683021E-018  -9.1783835789848010E-019   2.6880995924875453E-017   1.5124184011215681E-018   2.6494276490138831E-017   2.4167306117195115E-018  -5.0395407297551253E-019  -1.5869919537228708E-017  -1.4370375032959009E-018   4.8909867020461441E-017  -1.1286870381271875E-018   3.0377446807684796E-017  -2.8158901001361102E-018   5.1553989896837729E-017  -1.7143926388376586E-017   7.6705584409055815E-018   8.7065882066221176E-018  -5.6535082433040230E-017   1.2861076477337952E-017  -5.8366238049982310E-017  -3.8913345653563929E-005  -1.7027592975743864E-017   2.8934339248970280E-004  -1.7505277927659856E-005   8.7511025952985099E-019   6.9713009595574404E-005  -1.8799978703981758E-017   2.9452722686633539E-004  -2.9469659948175785E-018  -4.3519146498133287E-004  -1.0040424667595196E-016  -7.5270401054791875E-004  -9.2997221661963998E-017   1.2664284782816391E-002   1.8179287497034243E-017   2.8004772325404377E-019  -7.6579892211558199E-019   7.8788980465668490E-018  -2.3083873626378380E-018   1.0167274477046090E-017   1.5720220526487315E-018  -1.8532147013122951E-019   1.0995673102016263E-017  -2.2707809167134808E-019   2.3860543267847363E-017  -2.2110009993907663E-018   1.2060953246986042E-017  -1.1007081418332771E-018   2.6224191065710221E-017   1.2203577893106981E-017  -1.3651077744544284E-017  -2.2138121638849483E-018   2.4860701099426488E-017  -3.7960451996502035E-018   2.0959465596862139E-017  -1.7172119599379134E-005   9.2742233248604676E-019   1.2768471221583761E-004  -7.7249262725783896E-006  -1.6905509492551386E-018   3.0763742317906034E-005  -6.1494523971560154E-018   1.2997229305475484E-004   4.6870381515631783E-018  -1.9204619288929706E-004  -3.3040063795949101E-004  -5.7079616499047199E-017   5.5590082062903796E-003   1.2716626208875786E-017   4.4988624674307819E-018  -3.7348807509095618E-020   1.3068675587896456E-017   1.2125872549101877E-018   1.3203158503056661E-017  -7.7990411137632371E-017  -1.9096272267644577E-015
  -1.2151466685912441E-018  -1.5314113945935465E-018   2.1228484166783286E-017   1.3429092975122108E-006  -1.9516791779630981E-017   4.1762273086394265E-018   3.2129377034785611E-016  -5.7255751314818207E-006   1.4281612617580826E-007   2.3094018300240930E-019   2.9613562040468775E-008   1.4434040650131324E-007   7.6401425582041877E-019  -2.8715653216341590E-007  -2.0280761140546876E-019   1.3709054474907638E-018   1.3073407139862681E-017  -1.4250479076130231E-018   3.7990845038109875E-019   2.4522548882510982E-018  -4.8327971359965464E-019   1.2925410919179360E-017  -3.3018800886811359E-019  -1.9888685567306039E-017   1.2176747195084222E-005  -2.3042740436435728E-017  -5.1712059209226885E-018   3.8942782522231978E-016   5.9798271809272805E-009  -3.3502693726202284E-019   2.7516803512300654E-009   3.5647695957337008E-009  -2.2904686793221895E-019  -1.4069054531367494E-008   6.2354575164878381E-019   1.2407801101538676E-009  -1.0132200595813767E-019  -3.6765032410357536E-009   6.1970748784976450E-009   4.5752248286789467E-019  -1.4450676208341245E-008  -3.7940633697915361E-019   1.6235570858917179E-008   1.2339102034125328E-007  -3.8945836833368511E-019   2.5585679573880077E-008   1.2470797599473217E-007  -6.3624644129706871E-019  -2.4809899653988293E-007  -4.4418178806974624E-018  -1.6745558002585501E-018   4.7871373175928669E-018   2.4029491175399899E-018  -3.4299708735085408E-019   3.9881422656421520E-018   1.2713339765865050E-018   5.6731055524638099E-018   5.9332222782761314E-019  -8.7464550926960845E-018  -2.9138123658835851E-005  -1.5115558037782834E-017   2.3089594103376014E-018   2.5233884025523662E-016   1.4161948639228652E-008   7.1767368286245129E-019   6.5167695288756409E-009   8.4423984930675664E-009   1.9715037480367863E-019  -3.3319562581564724E-008  -5.2066702036741355E-019   2.9385237286620372E-009  -6.3930180535511472E-019  -8.7070157985939020E-009   1.4676453597849320E-008  -5.2550289980886750E-019  -3.4223352344649800E-008   4.2909453120836868E-019   3.8450495764923584E-008   1.0995260549706223E-006   6.4441770386073901E-019   2.2799164174578362E-007   1.1112613258702553E-006   1.3487949263259624E-018  -2.2107873800872842E-006   2.7393765015472337E-018   1.5805419025429768E-018   2.8371434055278246E-018  -2.3438849174728194E-018   1.4282589962612667E-019  -1.3018710905028347E-018  -7.4983198150492798E-019   2.7168723809144773E-018   1.9899405510163133E-019  -4.7813447633438852E-018  -6.9293626516532837E-018  -6.2630591250684290E-019   1.1372702890956560E-016  -8.2846309341681956E-007  -4.2200447443892529E-019  -1.7178552523305786E-007  -8.3730530210742080E-007  -1.4459595717108596E-018   1.6657683958257117E-006  -4.0593607012606847E-006  -1.6325839637710375E-003
   5.7147326202057797E-005   5.4659336773008457E-017  -9.6150678548015866E-004  -1.9516791779630981E-017   9.5581414206280838E-004   4.3796834906270223E-017  -1.6081623486657377E-002   4.3692289177267614E-016  -1.0256400074209163E-016  -2.4578487892952943E-018  -3.0428649933534143E-018  -8.9247665913399618E-017   1.5297383897534908E-017  -8.1275201344973997E-017   8.4125797941508317E-005   1.4863780167099583E-017  -6.2552431212160994E-004   3.7844226681477346E-005   5.8548630319465077E-018  -1.5071082839657182E-004   5.3867829109113129E-017  -6.3673111523756762E-004  -1.8386648519598657E-017   9.4082964684735521E-004  -1.7196226039657127E-016   1.0930392408991048E-003   2.1028927988410006E-016  -1.8390443031471006E-002  -2.6570011044714394E-017  -4.1254637181014183E-018   9.1565405607303374E-019  -2.6717635721785317E-017  -1.5034640611364742E-018  -2.6354031847349338E-017  -2.4024222513243718E-018   5.0243578179375014E-019   1.5775960977235307E-017   1.4241874204148266E-018  -4.8612975096574235E-017   1.1220045966360283E-018  -3.0214662387800419E-017   2.7992184983491841E-018  -5.1229587621192285E-017   1.7188152779952362E-017  -7.6251445606553503E-018  -8.6248231628508399E-018   5.6347647100686460E-017  -1.2784931905657709E-017   5.7727667270660846E-017   3.8682957470841727E-005   1.6926780358992351E-017  -2.8763032214689936E-004   1.7401637156041156E-005  -8.6992913056310019E-019  -6.9300270641288450E-005   1.8688672599198880E-017  -2.9278346540300489E-004   2.9295183524044238E-018   4.3261489467956855E-004   6.5396973408005122E-017   7.4824759318761996E-004   9.2446627501092998E-017  -1.2589305325060045E-002  -1.8054930619706178E-017  -2.7838968833092574E-019   7.6896143744552609E-019  -7.8222800066176287E-018   2.2947204532380995E-018  -1.0146429884677106E-017  -1.5627148266109245E-018   1.8769473344014613E-019  -1.0930572733461356E-017   2.1545047053024162E-019  -2.3701942621902479E-017   2.1979106702577814E-018  -1.2029964443235544E-017   1.0941913506341232E-018  -2.6023518622400473E-017  -1.0832759330852935E-017   1.3570255935447348E-017   2.4699688085125426E-018  -2.3401085842408599E-017   3.7735705462805660E-018  -2.3446367271035749E-017   1.7070451306366997E-005  -9.2193148757714819E-019  -1.2692874923412160E-004   7.6791905051774871E-006   1.6805419676461274E-018  -3.0581604221905356E-005   6.1130442924619344E-018  -1.2920278634958210E-004  -4.6592883350423644E-018   1.9090917491678999E-004   3.2844448638035353E-004   5.6741674106922920E-017  -5.5260958525239611E-003  -1.3619771718452334E-017  -4.4722267533650553E-018  -1.6575515847899101E-019  -1.3980179634889248E-017  -1.2054080784787512E-018  -1.1157676043826163E-017   7.2734462751822013E-017  -2.9799768314614456E-017
   2.6185760399030423E-018  -2.2578652247705262E-030  -4.4057680349911747E-017   4.1762273086394265E-018   4.3796834906270223E-017   1.4994217421677361E-029  -7.3688406341205772E-016  -1.7805598089190359E-017   4.4413469126190021E-019   6.0556372031713955E-031   9.2093313173452276E-020   4.4887495267345580E-019   3.0769078584280009E-030  -8.9300964235032934E-019   3.8547700035650640E-018   4.9443713953208482E-030  -2.8662460432655183E-017   1.7340791218522026E-018   1.4497314604097119E-030  -6.9057957812053329E-018   9.6538405503516806E-031  -2.9175972928754596E-017  -1.8693342270934557E-030   4.3110222902716200E-017   3.7867683439764984E-017   5.0084694369990953E-017  -6.4458312921997548E-030  -8.4267763141083015E-016   1.8596280194475408E-020  -1.2309136619409822E-030   8.5572738596724484E-021   1.1085847838457149E-020  -7.8118910662768440E-031  -4.3752448397755024E-020   1.8290422704167677E-030   3.8586223132661919E-021   4.0778335579198142E-031  -1.1433321121444478E-020   1.9271884844511683E-020   1.4742316924788702E-030  -4.4939229122363091E-020  -1.0516269987636106E-030   5.0489958268090710E-020   3.8372580318404362E-019  -1.5605470863020972E-030   7.9567260383091148E-020   3.8782131892507338E-019  -2.5644466327622491E-030  -7.7154712273719005E-019   1.7725110222469842E-018  -4.4319830343441430E-030  -1.3179651962379636E-017   7.9736906589949734E-019  -1.1065260508679786E-030  -3.1754421478619040E-018   4.8099827752824911E-030  -1.3415776700968052E-017   1.9793695770374845E-030   1.9823062127312352E-017  -9.0614777909420496E-017   3.4285824895965275E-017   1.1416527332320976E-029  -5.7686081701652177E-016   4.4041333810975086E-020   2.2190910254651540E-030   2.0266082691564225E-020   2.6254472436825717E-020   7.1825280524830065E-031  -1.0361836605308028E-019  -1.6907948335339993E-030   9.1383260697291745E-021  -2.4889787996939783E-030  -2.7077388787314336E-020   4.5641359711648749E-020  -1.5335161340103951E-030  -1.0642900374616470E-019   1.3845509882536137E-030   1.1957472536686449E-019   3.4193454061535023E-018   2.6258426397268978E-030   7.0901655246897005E-019   3.4558401708374289E-018   4.3674412991039131E-030  -6.8751855746500226E-018   7.8219363446134338E-019   4.8729813922015869E-030  -5.8160653106345969E-018   3.5187200519623076E-019   5.2117003393162090E-031  -1.4012948881367337E-018  -2.0517454426087291E-030  -5.9202650956493957E-018   4.0534325481379535E-031   8.7477441983389896E-018   1.5049818069054208E-017   6.5227995221946260E-031  -2.5321398489342494E-016  -2.5763841246302317E-018  -1.5172887157164051E-030  -5.3422476338235645E-019  -2.6038819411028833E-018  -4.5519303355306920E-030   5.1802660666688658E-018  -1.2623944928840267E-017  -5.0770679343568053E-015
  -9.6150678547952755E-004  -9.1964623176307745E-016   1.6177402513199143E-002   3.2129377034785611E-016  -1.6081623486657377E-002  -7.3688406341205772E-016  0.27057416560971531       -7.3210763332450291E-015   1.7248920792998316E-015   4.1353435858647412E-017   5.1040297617594714E-017   1.5008360084682973E-015  -2.5737929304968378E-016   1.3689729080273613E-015  -1.4154209992020112E-003  -2.5008388735478698E-016   1.0524479631134249E-002  -6.3673111523729678E-004  -9.8508380136028333E-017   2.5357176578337708E-003  -9.0632907346063541E-016   1.0713034686211147E-002   3.0935633368590962E-016  -1.5829508562230261E-002   2.8291012940426013E-015  -1.8390443031471828E-002  -3.5381282548068435E-015  0.30942017654882586        4.4701032656920604E-016   6.9411145224522885E-017  -1.5420429581878519E-017   4.4950684719362886E-016   2.5295862336518948E-017   4.4348212501965415E-016   4.0420881426155346E-017  -8.4600476501782674E-018  -2.6543137772429589E-016  -2.3942653077255621E-017   8.1788321752297735E-016  -1.8877786673526862E-017   5.0843944921427663E-016  -4.7096999266179561E-017   8.6185495761837931E-016  -2.8984186407960384E-016   1.2829346047459603E-016   1.4497826640572063E-016  -9.4870936740769726E-016   2.1510715542000525E-016  -9.6996354495621372E-016  -6.5084280512306804E-004  -2.8479397468128936E-016   4.8393953809154362E-003  -2.9278346540356157E-004   1.4636603626307729E-017   1.1659807183554143E-003  -3.1443790479716924E-016   4.9260972887137941E-003  -4.9289301201329185E-017  -7.2787684810166689E-003  -9.4674633805472277E-016  -1.2589305325062005E-002  -1.5554193965736085E-015  0.21181572785609887        3.0370052741139484E-016   4.6839212282841894E-018  -1.2972160960504520E-017   1.3156578238584281E-016  -3.8608792977749148E-017   1.7088981723738338E-016   2.6292759598994481E-017  -3.1734601674788853E-018   1.8390746428347069E-016  -3.5790786051166541E-018   3.9870909148090066E-016  -3.6979963259496426E-017   2.0258514886632848E-016  -1.8409827338692949E-017   4.3764443857800233E-016   1.7646712229567838E-016  -2.2832027375161458E-016  -4.2758897488231457E-017   3.8786803430397455E-016  -6.3490523999427417E-017   4.0613746808227883E-016  -2.8721124596864709E-004   1.5511546033106744E-017   2.1355829182545852E-003  -1.2920278634929804E-004  -2.8275207477978671E-017   5.1453710828473634E-004  -1.0285229349762951E-016   2.1738437129804251E-003   7.8392772634872063E-017  -3.2120569638511244E-003  -5.5260958525243584E-003  -9.5468166752672450E-016   9.2976854956002039E-002   2.3351947335708543E-016   7.5245451630751280E-017   3.6941683993207880E-018   2.3962995504767759E-016   2.0281054666173680E-017   1.7894970217593146E-016  -1.2023678935083447E-015   9.1052842926298433E-015
   2.6328987453027997E-017   6.5292652401940345E-018  -4.4632743514095629E-016  -5.7255751314818207E-006   4.3692289177267614E-016  -1.7805598089190359E-017  -7.3210763332450291E-015   2.4411336377649124E-005  -6.0890520448522127E-007  -9.8462745854036627E-019  -1.2625921548656217E-007  -6.1540406598039902E-007  -3.2574210568942769E-018   1.2243092682754056E-006   3.1996564578387981E-017  -5.8449384126684217E-018  -2.8722294094722722E-016   2.0080542719535142E-017  -1.6197626896831622E-018  -6.6227904609769727E-017   2.0604923317521742E-018  -2.9073917819040778E-016   1.4077765756644055E-018   4.3296326964060611E-016  -5.1916299225623089E-005   5.0273797934935623E-016   2.2047749669736557E-017  -8.4659797025168138E-015  -2.5495355390794706E-008   1.4284076399764936E-018  -1.1731955849867638E-008  -1.5198611093546168E-008   9.7655519505690352E-019   5.9984266173067348E-008  -2.6585250810285249E-018  -5.2901411550988696E-009   4.3199250959712038E-019   1.5674994258125033E-008  -2.6421604108325276E-008  -1.9506748183623012E-018   6.1611333308102529E-008   1.6176218987835938E-018  -6.9221339763925403E-008  -5.2608508915891486E-007   1.6604793433227155E-018  -1.0908609461685414E-007  -5.3170000935701905E-007   2.7126752406335370E-018   1.0577850993852633E-006   3.3253107828746941E-017   7.1395700841517364E-018  -1.2685171591252904E-016  -3.8054094325412436E-018   1.4623888576424563E-018  -4.2649182550189931E-017  -5.4204094153098292E-018  -1.3253608505783168E-016  -2.5296652565418903E-018   1.9738599649084872E-016   1.2423215514862845E-004   3.4134517435672741E-016  -9.8443883022291368E-018  -5.7347035453118360E-015  -6.0380325828634812E-008  -3.0598452171927101E-018  -2.7784641614479253E-008  -3.5994677340840829E-008  -8.4056256459633156E-019   1.4205997327017876E-007   2.2198953787275559E-018  -1.2528573906864033E-008   2.7257019703625673E-018   3.7122889251122540E-008  -6.2573948883862640E-008   2.2405134436422860E-018   1.4591333566866249E-007  -1.8294705245486637E-018  -1.6393601768386873E-007  -4.6878959349068516E-006  -2.7475139135160915E-018  -9.7205617429534665E-007  -4.7379299732060977E-006  -5.7506688664270635E-018   9.4258259048999585E-006  -5.3623477363180825E-018  -6.7387361367071062E-018  -5.9068022129580824E-017   1.2835082959749202E-017  -6.0894687418202089E-019  -5.7665273594327518E-018   3.1969540713216726E-018  -5.9396777325145371E-017  -8.4842320722303207E-019   9.1034058698389644E-017   1.5108905333223709E-016   2.6702931940530411E-018  -2.5298881083451743E-015   3.5322025797313469E-006   1.7992416380581158E-018   7.3241799207514634E-007   3.5699018720663298E-006   6.1649362173992421E-018  -7.1021044530830187E-006   1.7307330229904408E-005   6.9606206169992467E-003
  -6.1373473514750526E-018  -1.6286300450092076E-019   1.0334452585780797E-016   1.4281612617580826E-007  -1.0256400074209163E-016   4.4413469126190021E-019   1.7248920792998316E-015  -6.0890520448522127E-007   1.5188252798345769E-008   2.4560096781058628E-020   3.1493520975107095E-009   1.5350357425737880E-008   8.1251620313704219E-020  -3.0538610169451933E-008  -8.8660374784673481E-018   1.4579346924215111E-019   6.7154115447653508E-017  -4.1302607742880533E-018   4.0402619361240088E-020   1.6105603152381838E-017  -5.1395977890036552E-020   6.8316590686477413E-017  -3.5114934732382926E-020  -1.0102817330576851E-016   1.2949764120672155E-006  -1.1736598270317949E-016  -5.4994897919124419E-019   1.9748731139720428E-015   6.3594447872461238E-010  -3.5629546561606208E-020   2.9263653842056451E-010   3.7910720054967820E-010  -2.4358745934046797E-020  -1.4962200878707052E-009   6.6313033135725511E-020   1.3195486031442622E-010  -1.0775423490132730E-020  -3.9098988422392386E-010   6.5904840290258237E-010   4.8656740080971677E-020  -1.5368049059750054E-009  -4.0349220453452511E-020   1.7266254248286696E-009   1.3122425738405400E-008  -4.1418236938363051E-020   2.7209936285989798E-009   1.3262481738556430E-008  -6.7663729937471731E-020  -2.6384907498645984E-008  -4.5392681434964176E-018  -1.7808616926220356E-019   3.0748787800229037E-017  -1.5739515909974563E-018  -3.6477158506281074E-020   7.7099365983582938E-018   1.3520421218729469E-019   3.1384778822422528E-017   6.3098812636790127E-020  -4.6412641195180728E-017  -3.0987900319818626E-006  -8.0273666063079841E-017   2.4555391721498168E-019   1.3503979769191684E-015   1.5060992186905345E-009   7.6323378976269383E-020   6.9304738675852636E-010   8.9783476117561679E-010   2.0966607987156374E-020  -3.5434789695677262E-009  -5.5372054548961746E-020   3.1250701471845913E-010  -6.7988662723250414E-020  -9.2597636281942243E-010   1.5608159484239365E-009  -5.5886342126158559E-020  -3.6395954780171644E-009   4.5633475636646242E-020   4.0891450114007237E-009   1.1693273111682009E-007   6.8532729852328087E-020   2.4246524418972859E-008   1.1818075727362314E-007   1.4344205281755028E-019  -2.3511348831029985E-007  -1.5033542650266387E-018   1.6808795068887181E-019   1.3646233790395592E-017  -1.0566110676316291E-018   1.5189292188034381E-020   3.0767100852839147E-018  -7.9743359496067125E-020   1.3872521453607456E-017   2.1162680260637430E-020  -2.0579504944543023E-017  -3.5267560154014935E-017  -6.6606571567377045E-020   5.9307442294845331E-016  -8.8105644886520036E-008  -4.4879460123810618E-020  -1.8269099255110940E-008  -8.9045998784113230E-008  -1.5377534806033905E-019   1.7715164370269422E-007  -4.3170612578106154E-007  -1.7362253563547587E-004
  -1.4695271845848991E-019  -4.0391182326264165E-031   2.4724872593866557E-018   2.3094018300240930E-019  -2.4578487892952943E-018   6.0556372031713955E-031   4.1353435858647412E-017  -9.8462745854036627E-019   2.4560096781058628E-020   4.6035083519162241E-032   5.0926458321924731E-021   2.4822227349314544E-020   9.2050785893416048E-032  -4.9382324041328960E-020  -2.1632708862472621E-019   1.9753289587945145E-031   1.6085179174110735E-018  -9.7315348913178957E-020   5.0277263128216647E-032   3.8754859423680814E-019  -2.2162922321221936E-031   1.6373358918040024E-018  -9.5017074190303157E-033  -2.4193165874763231E-018   2.0940358599172166E-018  -2.8107192148237692E-018  -1.4300454380314617E-030   4.7290499429058613E-017   1.0283511970137531E-021  -4.7006087922539213E-032   4.7320661570453297E-022   6.1303361620725076E-022  -3.5523087079342532E-032  -2.4194560526703243E-021   1.1340895618773909E-031   2.1337702124314985E-022  -5.7991784168391916E-032  -6.3224845704127776E-022   1.0657112951252229E-021   7.5794962804851330E-032  -2.4850835526570481E-021  -7.2444638344885889E-032   2.7920319804390347E-021   2.1219560301792002E-020  -4.7367334593423136E-032   4.3999706711447822E-021   2.1446037235154971E-020  -7.6539246661087439E-032  -4.2665597572348776E-020  -9.9472121202850243E-020  -3.3150018227757308E-031   7.3963316500786659E-019  -4.4747813338451153E-020  -5.6748229340761179E-032   1.7820366826373795E-019   1.7057398302120946E-031   7.5288432583069977E-019   9.4500482096253167E-032  -1.1124568557067897E-018  -5.0108846685201835E-018  -1.9240973323958558E-018   1.5934800768149062E-031   3.2373039369858541E-017   2.4354310574322948E-021   1.2413425238267773E-031   1.1206892009520831E-021   1.4518397159113785E-021   2.8003152235641810E-032  -5.7299669414494539E-021  -8.5520658482854779E-032   5.0533808121703530E-022  -8.1833109471539621E-032  -1.4973459679350892E-021   2.5239105024246688E-021  -9.6022626070942135E-032  -5.8853917148594569E-021   7.0977727421016897E-032   6.6123337927757632E-021   1.8908555389498005E-019   7.5925020785815129E-032   3.9207734703536287E-020   1.9110366905302347E-019   2.2224870593150359E-031  -3.8018922281825971E-019  -4.3896178377337490E-020   2.7417659518274974E-031   3.2639365636357355E-019  -1.9746819235739702E-020   2.0240311811065836E-032   7.8639722518629645E-020  -1.4466816450821594E-031   3.3224127790949168E-019   4.6202245179677230E-032  -4.9091749513359609E-019  -8.4458562358000377E-019  -2.5361545660983694E-031   1.4210197781069651E-017  -1.4247084204329454E-019  -6.1071928347192665E-032  -2.9541965870645451E-020  -1.4399143714002533E-019  -2.4556207163910260E-031   2.8646227923526360E-019  -6.9808847474559562E-019  -2.8075555069762403E-016
  -1.8299443531596598E-019  -3.3770371854220530E-020   3.0961703363274251E-018   2.9613562040468775E-008  -3.0428649933534143E-018   9.2093313173452276E-020   5.1040297617594714E-017  -1.2625921548656217E-007   3.1493520975107095E-009   5.0926458321924731E-021   6.5303223259329546E-010   3.1829652164831002E-009   1.6847886604403136E-020  -6.3323173026656791E-009  -2.3440960891748016E-019   3.0230927431985139E-020   1.9980101497674794E-018  -1.3486282324557716E-019   8.3776636932065268E-021   4.6600789157349661E-019  -1.0657185714846049E-020   2.0253776284521331E-018  -7.2812386537805895E-021  -3.0101094588031127E-018   2.6851914658774780E-007  -3.4956898106017760E-018  -1.1403437867899856E-019   5.8853370636890014E-017   1.3186592984479752E-010  -7.3879457162160267E-021   6.0679494101089506E-011   7.8609572350717044E-011  -5.0508948342571362E-021  -3.1024792216959184E-010   1.3750303788750790E-020   2.7361430022631243E-011  -2.2343322182090110E-021  -8.1073499917001539E-011   1.3665663177981819E-010   1.0089192513904980E-020  -3.1866336558634807E-010  -8.3665911908598433E-021   3.5802349852194617E-010   2.7209936239787058E-009  -8.5882565368838437E-021   5.6421018963253016E-010   2.7500348615523020E-009  -1.4030376807455211E-020  -5.4710284900273143E-009  -2.0368048555310350E-019  -3.6926963103995209E-020   8.9173226228870039E-019   5.4262159347765971E-021  -7.5637018410538279E-021   2.7736107643300316E-019   2.8035197655923159E-020   9.2535431258310288E-019   1.3083820803312036E-020  -1.3753222745413264E-018  -6.4254796233246013E-007  -2.3784773818070266E-018   5.0916702172877537E-020   3.9974318202620214E-017   3.1229640409717740E-010   1.5825993737351936E-020   1.4370647303157903E-010   1.8617005035855235E-010   4.3475198707445833E-021  -7.3475620095740457E-010  -1.1481642981126568E-020   6.4799726167158812E-011  -1.4097753072749963E-020  -1.9200533723064624E-010   3.2364216254897147E-010  -1.1588282808655371E-020  -7.5468638855104360E-010   9.4623051197136655E-021   8.4790249343775422E-010   2.4246524396178243E-008   1.4210567823574916E-020   5.0276252015342853E-009   2.4505308197505543E-008   2.9743350727115178E-020  -4.8751832577065698E-008   1.3750259707534423E-020   3.4853787798795686E-020   4.0949286558201030E-019  -7.2676065388386608E-020   3.1495676196399560E-021   5.4878755487185063E-020  -1.6535141982695485E-020   4.1305619891830530E-019   4.3881763328101014E-021  -6.2724087600217344E-019  -1.0505277353777442E-018  -1.3811170293408015E-020   1.7612119561735990E-017  -1.8269099231487436E-008  -9.3059566333239159E-021  -3.7881793793280491E-009  -1.8464085814809914E-008  -3.1886005677517040E-020   3.6733185052945334E-008  -8.9516194574065087E-008  -3.6001408722816920E-005
  -5.3412296276053920E-018  -1.6460124569288594E-019   8.9950692458290617E-017   1.4434040650131324E-007  -8.9247665913399618E-017   4.4887495267345580E-019   1.5008360084682973E-015  -6.1540406598039902E-007   1.5350357425737880E-008   2.4822227349314544E-020   3.1829652164831002E-009   1.5514192200143666E-008   8.2118821025618632E-020  -3.0864549570666740E-008  -7.6922832619812961E-018   1.4734952682987312E-019   5.8439696539672842E-017  -3.6037580975917650E-018   4.0833837595853169E-020   1.4005201041674956E-017  -5.1944528532668043E-020   5.9445611670442671E-017  -3.5489717368047360E-020  -8.7921370815034417E-017   1.3087977298676800E-006  -1.0213865925226036E-016  -5.5581859931753181E-019   1.7186745581288274E-015   6.4273193111524898E-010  -3.6009821662840557E-020   2.9575985600368704E-010   3.8315342181704258E-010  -2.4618727479399540E-020  -1.5121892847929010E-009   6.7020793907809066E-020   1.3336321805957634E-010  -1.0890429872330806E-020  -3.9516292969121470E-010   6.6608244409246342E-010   4.9176054766203727E-020  -1.5532072657437724E-009  -4.0779868759967435E-020   1.7450537440602330E-009   1.3262481738463324E-008  -4.1860294886503667E-020   2.7500348662025828E-009   1.3404032560041146E-008  -6.8385906732790593E-020  -2.6666514320420061E-008  -4.0044850996102748E-018  -1.7998688769844177E-019   2.6740309889027196E-017  -1.3283824152238998E-018  -3.6866480192369083E-020   6.7473707600858117E-018   1.3664725035196972E-019   2.7305393877210333E-017   6.3772267947802365E-020  -4.0385382284191249E-017  -3.1318635006796925E-006  -6.9848948737925296E-017   2.4817472072704290E-019   1.1749993078280286E-015   1.5221738558395799E-009   7.7137980436651907E-020   7.0044430001031291E-010   9.0741737553899579E-010   2.1190385153699859E-020  -3.5812986151622562E-009  -5.5963041964705229E-020   3.1584241042532247E-010  -6.8714307534834267E-020  -9.3585933324806160E-010   1.5774745786894589E-009  -5.6482818546879741E-020  -3.6784409776710976E-009   4.6120522939792388E-020   4.1327885652200034E-009   1.1818075727620156E-007   6.9264181506937982E-020   2.4505308221078093E-008   1.1944210364947783E-007   1.4497301367486136E-019  -2.3762286084468064E-007  -1.2620249581512766E-018   1.6988195787173092E-019   1.1878149982622179E-017  -9.5210759729058187E-019   1.5351407908885714E-020   2.6484628617516782E-018  -8.0594462499706446E-020   1.2072566702559086E-017   2.1388550111682822E-020  -1.7920774305933948E-017  -3.0691947811393055E-017  -6.7317465282154956E-020   5.1608625719860795E-016  -8.9045998785358660E-008  -4.5358459799319440E-020  -1.8464085838943796E-008  -8.9996389105192772E-008  -1.5541659645346592E-019   1.7904238792295457E-007  -4.3631373678094253E-007  -1.7547561359116594E-004
   9.1461775795012454E-019   3.5408311934999643E-033  -1.5388492145377086E-017   7.6401425582041877E-019   1.5297383897534908E-017   3.0769078584280009E-030  -2.5737929304968378E-016  -3.2574210568942769E-018   8.1251620313704219E-020   9.2050785893416048E-032   1.6847886604403136E-020   8.2118821025618632E-020   6.7949445788833262E-031  -1.6337044105143369E-019   1.3463963025501706E-018   1.0178302044719878E-030  -1.0011240803692527E-017   6.0568016141939029E-019   3.0984379861891420E-031  -2.4120603557116101E-018   5.8718109174785397E-031  -1.0190600746159077E-017  -4.8212231294545228E-031   1.5057563658709789E-017   6.9276521234906104E-018   1.7493611097882884E-017   4.2356047628042086E-031  -2.9433093183890520E-016   3.4020713248953685E-021  -2.5663132420393832E-031   1.5654988908900082E-021   2.0280854368407957E-021  -1.5437269771745139E-031  -8.0042324886448264E-021   3.1630086463925770E-031   7.0591043956827686E-022   1.9484270852944097E-031  -2.0916534667645989E-021   3.5256689035417536E-021   2.7825302559053501E-031  -8.2213464829862680E-021  -1.7105337485044523E-031   9.2368171174915163E-021   7.0200197999966209E-020  -3.4360955802839656E-031   1.4556324820546974E-020   7.0949446587526966E-020  -5.6659350729822031E-031  -1.4114964470139469E-019   6.1910367788072678E-019  -6.8179048345662084E-031  -4.6033964814094742E-018   2.7850552979742016E-019  -2.0906234375873434E-031  -1.1091202751128535E-018   1.0223972531220802E-030  -4.6858702670526615E-018   3.8444131407325866E-031   6.9238106368907097E-018  -1.6577397970553616E-017   1.1975372804899851E-017   2.7931915275663258E-030  -2.0148628073769551E-016   8.0570822394542708E-021   4.0384677335098802E-031   3.7075510842014957E-021   4.8030889456227825E-021   1.4888970491906738E-031  -1.8956321813694983E-020  -3.2123088492313976E-031   1.6717987014673315E-021  -5.3865357843758589E-031  -4.9536362642667237E-021   8.3497968134642123E-021  -2.6379498322681200E-031  -1.9470510124537354E-020   2.6163452326595925E-031   2.1875436384004803E-020   6.2554751999995970E-019   5.8381110514402878E-031   1.2971007410887392E-019   6.3222400535870818E-019   8.2775706808575660E-031  -1.2577715249308533E-018   2.7320504630302055E-019   8.8445420502568244E-031  -2.0314386649246434E-018   1.2290205805627898E-019   1.0815351386503371E-031  -4.8944509125631540E-019  -3.2876134916721102E-031  -2.0678336262687567E-018   3.8642775728766575E-032   3.0554171671498376E-018   5.2566091838162648E-018   5.5180457789728342E-031  -8.8442727503689789E-017  -4.7133310862071054E-019  -3.1166478206308674E-031  -9.7733026694245732E-020  -4.7636365945916561E-019  -8.4193412592301448E-031   9.4769676825077026E-019  -2.3094705286689992E-018  -9.2881732553054097E-016
  -4.8490579034268895E-018   3.2746424959237632E-019   8.1418102039126711E-017  -2.8715653216341590E-007  -8.1275201344973997E-017  -8.9300964235032934E-019   1.3689729080273613E-015   1.2243092682754056E-006  -3.0538610169451933E-008  -4.9382324041328960E-020  -6.3323173026656791E-009  -3.0864549570666740E-008  -1.6337044105143369E-019   6.1403159630272152E-008  -7.4773674402593353E-018  -2.9314299555185598E-019   5.3125530757364750E-017  -3.0785030210047446E-018  -8.1236456813438973E-020   1.2948977293924486E-017   1.0334050622244406E-019   5.4159050286793883E-017   7.0604651979376134E-020  -7.9856084790777504E-017  -2.6037741372769019E-006  -9.2788982676233164E-017   1.1057675764705430E-018   1.5608090773941258E-015  -1.2786764075523869E-009   7.1639368097466989E-020  -5.8839639337164618E-010  -7.6226062100308283E-010   4.8977473326258173E-020   3.0084093672817445E-009  -1.3333382680432206E-019  -2.6531807789936465E-010   2.1665853319197271E-020   7.8615281250875900E-010  -1.3251308446244671E-009  -9.7832794672479054E-020   3.0900121661909339E-009   8.1129089067485175E-020  -3.4716791626782799E-009  -2.6384907429667731E-008   8.3278531678065079E-020  -5.4710284850142251E-009  -2.6666514250892804E-008   1.3604963643053058E-019   5.3051421724160278E-008  -2.5084034860709542E-018   3.5807305631523825E-019   2.4690125613659695E-017  -2.0695097643252228E-018   7.3343638567691399E-020   5.3425606589002756E-018  -2.7185146205827824E-019   2.4961361683987462E-017  -1.2687108035846486E-019  -3.6804925503359616E-017   6.2306535215152948E-006  -6.3660151868926060E-017  -4.9372863708518711E-019   1.0715090699765064E-015  -3.0282730691127178E-009  -1.5346135913830870E-019  -1.3934916842759674E-009  -1.8052521334851263E-009  -4.2156993066095562E-020   7.1247775719841879E-009   1.1133509631494175E-019  -6.2834942401970270E-010   1.3670297001665438E-019   1.8618356927367733E-009  -3.1382905214991844E-009   1.1236916047138873E-019   7.3180364425967399E-009  -9.1753998412608924E-020  -8.2219335619121886E-009  -2.3511348797241790E-007  -1.3779691111663295E-019  -4.8751832552836889E-008  -2.3762286049800813E-007  -2.8841506597753278E-019   4.7273634830928394E-007  -2.1118410190549542E-018  -3.3796990795573174E-019   1.0740589784335912E-017  -1.8531257227169235E-019  -3.0540700042764790E-020   3.0123358919336799E-018   1.6033782170719240E-019   1.0969603422911239E-017  -4.2551230294867481E-020  -1.6044622688707975E-017  -2.7880781846729706E-017   1.3392403659373831E-019   4.6970715850989028E-016   1.7715164335496517E-007   9.0237919762977674E-020   3.6733185028341297E-008   1.7904238756901005E-007   3.0919194396102378E-019  -3.5619403098843935E-007   8.6801986100916928E-007   3.4909814860212642E-004
