   5.5355549262144218E-005  -4.9524412711513684E-016  -1.3725329432938928E-016  -3.4900622623915254E-017   5.3253501784941110E-018   2.5771600732836154E-017  -1.4143082165679303E-017  -2.3719890250632019E-017  -2.4550185722493245E-017   3.6368740637704351E-017   1.7655952684010943E-003  -8.2821193250869213E-015  -1.3557455303383062E-015  -1.2222260444684258E-014   1.2285379717393738E-015  -6.8745411826385456E-017  -9.9535242014348226E-018  -1.5375732378171491E-014  -3.1757959198859927E-017   1.4546140272941076E-014   3.4771590717237548E-017   7.9427197202308601E-018   2.8833541712431435E-017   8.3704326802348305E-018   5.3767766890429729E-017  -3.7582713586124085E-017   5.2045903270316832E-018   8.9501424461281725E-017   4.0494637783284742E-017   1.0780363320216246E-018   4.4584234542451757E-003  -2.2234025783351647E-014  -4.3060106691683503E-015  -5.4333532816146115E-018  -4.2897037969632498E-018  -1.2529993930014988E-018  -4.6032296680964025E-018   7.0961584430153262E-018  -5.5353363902372019E-018   3.7595963734809124E-018   3.0827436143838661E-018  -3.4758271191734838E-019   1.5618348488986218E-018  -1.3623962769565920E-017  -4.8272604218109433E-018  -3.2488988494880204E-018  -4.1539748244283762E-018  -6.1302529373468984E-018  -3.2259231598732729E-014  -1.1373998813773761E-015   1.2051386146316403E-016   3.2360305014767591E-017   3.1323031864807286E-014   3.8122827362351118E-017  -2.8637683398625160E-014  -5.8227014337878259E-017   1.9959766720719886E-018  -4.3045744454332050E-017   1.2538729532263739E-017   1.1708868697905875E-016  -2.8342838461107793E-017  -4.7681799999438665E-017  -5.4466443306510633E-017  -3.6568873833376806E-017  -8.3183424110353809E-017   4.0925566135693201E-003  -1.9073653700732548E-014  -3.1860135004933047E-015  -6.4997517287138118E-018   2.1515621224031592E-018   3.1209311345980692E-018  -6.3042476751713386E-018  -5.1001810393854207E-018  -3.8057631769171440E-018  -3.1417324800018714E-018  -6.5047232882284875E-019   4.0877738799543182E-019   8.6704819448627492E-019  -1.0893035229350015E-017   6.0480942005084327E-019  -7.8345941217969095E-018   1.1247234185619167E-018  -6.7564721707227619E-018  -1.6647722493823273E-014  -6.2343469940378908E-016  -5.4003713352517943E-017  -1.3480133264294322E-017  -6.1336939294029070E-015  -1.5664276319221033E-017   6.8403515729753496E-015   2.8867888230054295E-017   7.3362197873394216E-018   1.6347890076960171E-017   1.5503005086027590E-017   9.1070884044299487E-016  -3.3898759093451692E-016  -2.7917138456613642E-016  -2.1751603373639790E-016  -1.4678955817991810E-016  -7.1292579844579561E-016   2.6490597591194882E-003  -1.4080584505546909E-014  -2.9012059089545069E-015   2.6109544253765152E-004  -1.8615723806273963E-014  -2.7211688318669492E-015  -1.7544399658408601E-005   4.9992802960869519E-016   3.8257326670635009E-016  -3.1804160452299373E-014  -2.2192861437420900E-015   7.5916750080934404E-015  -2.7701575928352806E-015  -2.3397868964830832E-015  -1.8084488832989250E-015  -1.2419471118773100E-015  -5.7812749711359416E-015   7.4879377506561985E-015   9.1264598958482554E-016
  -4.9524412711513684E-016   5.5355549332949437E-005  -2.1859494922353036E-016   3.7105024742266129E-017   7.5700500061338304E-018   8.7010224186789662E-018   1.4496746598840284E-017   1.1673187516757519E-017  -2.5566602239208446E-017  -6.4776439446149358E-018  -6.6492659356086007E-015   1.7655952693951015E-003  -3.3848801976603978E-015  -3.0467333154604213E-015   4.9008047424205906E-017   7.1041330914828147E-015   6.8833041108692709E-018  -9.5294462633630204E-017  -1.4549245284712751E-017   1.5610437212308062E-017  -2.0320141519353051E-014  -2.0662006441897597E-017   2.0980323573653034E-014   2.4677322249683486E-017  -4.9720306548679295E-018  -4.6118842875624252E-018  -7.2610425409992045E-018   6.6790821689925446E-018   2.7592673440729206E-017   3.1589035576911397E-017  -1.8550817910740059E-014   4.4584234574377686E-003  -9.3656488058849667E-015   9.0192874703805103E-018  -4.9159890379405890E-019   1.2393218840403491E-019   4.4062289576921796E-018  -1.3575492129921038E-018   2.9469128736043993E-018  -6.9617482771199086E-020   1.9415728905061817E-018  -1.0286448430968481E-018   1.4076516674655481E-018   1.2711802375906405E-017  -2.6628693211223456E-018   4.4470151401563030E-018  -1.0844886637462801E-018   7.2008014082076562E-018  -8.0339506151909038E-015  -8.9447251654442792E-017  -1.3428559205672364E-014  -4.8901165257568967E-018   1.3080470008479857E-016   2.3232667729872811E-017  -3.0152079023003684E-017   4.2309562755226547E-014   3.9028031577848687E-017  -4.1284063499546675E-014  -1.6612464258101818E-017  -5.9771307321658586E-017   1.0559353122924405E-016   9.4539691732485077E-017   4.8220625372861389E-017  -1.3460410090584213E-016   1.1893553260803882E-016  -1.5488317390951528E-014   4.0925566159126766E-003  -7.8146295143754374E-015   1.1902459821100014E-018  -2.9570210252369970E-019   2.5826704117511812E-018   3.8185562913171246E-018  -1.1692145074012289E-018   2.3968105017197604E-018  -5.0457755459999625E-019   1.0040739154332656E-019   3.4277534105837213E-019   1.9345598507635497E-018   6.5436356017908949E-018  -2.2754569387899067E-018   4.0284286297837474E-018  -2.9284123777200160E-018   2.7412346456038677E-018  -3.9977788219577306E-015   2.9932814122193202E-017   2.4635662294355572E-015   4.2916299984267328E-018  -5.5370407889016816E-017  -1.0965983448350843E-017   1.1518641271325027E-017  -8.3685150908031494E-015  -1.8306381619677887E-017   9.3423593059405004E-015   1.4186733812803847E-017  -7.0243002131273205E-016   6.5070083488353312E-016   6.3623151915585198E-016   8.8878807094162958E-017  -8.4238251539929776E-016   6.2495678419597530E-016  -1.1940391986355546E-014   2.6490597611756581E-003  -5.9442416147979327E-015  -2.1759150140168796E-014   2.6109543902882694E-004  -9.8523441351591309E-015   3.2321381267232990E-016  -1.7544399657820513E-005   5.7480187405867422E-015  -7.7758546226677425E-015  -2.6031277057455080E-015  -5.8556662212459315E-015   5.4446673553302786E-015   5.2974986656653017E-015   6.9420825042163483E-016  -7.0376926026972690E-015   5.1627363050935919E-015   1.1326269257342131E-014   4.1537630868579947E-015
  -1.3725329432938928E-016  -2.1859494922353036E-016   5.5355549353023427E-005   1.2330890989835185E-016   8.8379193018191512E-018   2.2685156376308484E-017  -5.7384883344081060E-018  -3.3023199977250473E-017  -1.5799797966387163E-017  -4.2673380152166465E-018  -2.6781398798260808E-015  -3.1852792101946089E-015   1.7655952698155029E-003   2.1097047288775758E-015  -8.5489714671259279E-018   3.5822089637221015E-018  -5.3563383678578191E-015   7.7800554565342773E-018  -4.9761014387389624E-017  -2.1082780359958008E-017   2.8411003792992846E-017  -2.1288731367372512E-014  -1.2811994132180304E-017   1.9088515832713354E-014  -6.3488371468838416E-017  -3.4027357404091742E-017   1.0178232069032694E-017  -2.5101518663540584E-017   2.3908851961145827E-017  -6.5387252769576466E-017  -7.3625338799386387E-015  -8.8419117643024014E-015   4.4584234579056400E-003  -1.1513612500095256E-017   6.8807954799226683E-018  -2.8866030038225544E-018  -5.0644173002793281E-018  -1.1568414808218999E-018  -4.4273384758510395E-018  -1.2258097390902013E-018  -5.6318772692194127E-018  -6.4508636127341672E-019  -3.4914234739871135E-018   9.8687822359734237E-018  -1.6057519074348831E-018   4.0576240893500235E-018   2.5978267690914222E-019  -2.4032215899830280E-018   6.0683676232799102E-015  -2.0620943399620421E-017   1.8284444287716373E-018   1.0296049359694588E-014  -2.3641610597077997E-017   8.6375814503339201E-017   1.9952836333937975E-017  -8.5572881293742466E-018   4.2159634917808074E-014   4.0753542574170828E-017  -3.9779512657622542E-014   1.2655599303524357E-016  -4.3937975837145750E-017   4.0945673406405588E-017  -1.1307468810727681E-016  -6.3663991844697096E-017  -1.4611369260984713E-016  -6.1572790671274828E-015  -7.3409658794614634E-015   4.0925566167969120E-003  -1.4942190951747360E-017   5.6845936138733272E-018  -3.4275639142164637E-018   2.5614255369290345E-018   2.4423113595176145E-018  -2.0111367850550436E-018   8.2951549908766842E-018   9.8954592752738532E-020   4.4287874200645302E-018  -3.5408051355504419E-018   1.8781926500936505E-017   3.6126230209307679E-020   7.1892880337719524E-018  -1.7889820457405783E-018   9.9654909017242304E-018   2.7642687802882648E-015   1.3094659159733602E-017   3.3295627269611783E-018  -3.1105797678460545E-015   9.2076525493945071E-018  -3.7052466354076181E-017  -1.2614480536740044E-017   1.4060341512850032E-017  -9.1642751786132101E-015  -1.5365177078570453E-017   9.2119881532579683E-015   8.1295135877065985E-016  -2.8162089880395070E-016   2.0401172247645132E-016  -6.9924153469394499E-017  -3.3170491530828935E-016  -7.2929285124787209E-016  -4.7896026047006524E-015  -5.6320510757894473E-015   2.6490597614152326E-003  -2.2402330882172232E-015  -5.5701692754220647E-015   2.6109544722820069E-004   1.7597876870593983E-016  -4.2497931631653488E-016  -1.7544399887179990E-005   5.6374534700891747E-015   6.7295239765280451E-016   6.8533542009701309E-015  -2.3314265616809087E-015   1.7264680406130548E-015  -7.6858095975302065E-016  -2.8092103540123068E-015  -6.0799033227009732E-015   7.0545422204072550E-015  -8.4038022474661149E-016
  -3.4900622623915254E-017   3.7105024742266129E-017   1.2330890989835185E-016   1.1870063758716029E-005  -4.8566991299863171E-014   6.8207491079790242E-017   2.6084410583467900E-016   2.3499383013830674E-014   2.3026207229892536E-016   2.5865119014636045E-014   2.7383885838841753E-015   2.1716801765979606E-015   3.3517565783882752E-015   1.1635861436328587E-003  -2.5434889481891271E-017  -3.7000324442222576E-018  -2.2326356436214521E-017   2.7197616422136510E-017   4.5899293233261231E-018   8.3006460417937547E-018  -2.9261629880759801E-018   9.1013449441691281E-018  -1.2620463829870701E-018   1.6076812370286549E-017   4.5622428645704616E-014  -3.4649809202268438E-016  -4.2849779825149731E-016  -3.7193654762100171E-014  -4.1138162229556013E-016   2.3299511032435141E-015   6.0099840206999894E-015   5.0895664735560692E-015   8.3427256360278272E-015  -2.1638184819256525E-015   6.5400434038467185E-020  -3.3643372809563385E-019  -4.8302355030645434E-015   8.1473191215529296E-018   1.5653675420340278E-015  -1.1531212255225802E-019   1.4593349714419771E-018   1.1973033522931903E-018   2.1363736467205674E-018   1.6891213287545591E-015  -3.0922919771675056E-018  -4.6149996939622175E-015  -1.8871492683417321E-018  -2.0470153664903641E-015   3.2393566336212320E-003   3.0866037150524273E-017   1.6946100734246579E-017   1.9498962920883598E-017  -2.3592007827916435E-017  -1.5903823811100958E-017  -1.2519333363890350E-017  -5.6163197055599060E-018  -5.9823629916543371E-018  -1.5659012837525759E-017  -6.5353194470600045E-018  -7.0745605070048298E-013  -8.9311543148666596E-015  -3.1785996654177926E-015  -1.0128413309491498E-013  -4.0821209295819621E-015   7.6825331463814049E-013   5.9776931365591226E-015   4.9285416792972558E-015   7.8415639401001006E-015  -1.5612790868771646E-014   3.2586104237323231E-019   8.7016340065037063E-019   1.8271324421467394E-014  -2.1133431235179481E-018   6.0632876600230075E-015   1.5364074801985422E-019  -4.8400104755234044E-019  -4.0721434552132993E-019   3.5079489407634420E-018  -2.2879324571946438E-014   1.1764463920125185E-018   2.0301954769315953E-014   7.0487909214250923E-019  -1.6136023184464256E-014   1.5803880144638152E-003  -1.2929791399530563E-017  -7.2919640608360294E-019  -6.3966663355871572E-018   1.1652865482926999E-017   5.8017577011021598E-018   5.2421108287902406E-018  -2.3552326968255940E-018   4.2952004865239676E-018   9.0875430282022544E-019   2.9111842405794958E-018  -5.0995846558158914E-012  -6.0523449504897884E-014  -2.2381767130666657E-014   1.8813277653971819E-013  -2.8386205330034504E-014   4.9066227208740121E-012   3.5117731820327475E-015   2.9880945514483253E-015   4.8720771057005107E-015  -1.4262090646619419E-015  -1.4157180623282071E-014  -1.5005683999023057E-014  -9.1497922547701491E-015  -1.2150603607450969E-015  -7.1756260896818675E-015   3.1306069641360672E-003  -1.0488168596977734E-003  -4.2491706972414551E-011  -5.0432171178649098E-013  -1.8623506068301907E-013   1.6700605445827008E-012  -2.3640755153307460E-013   4.0822030066821553E-011   5.7433004299196399E-005  -9.5963142041384079E-006
   5.3253501784941110E-018   7.5700500061338304E-018   8.8379193018191512E-018  -4.8566991299863171E-014   2.4823880350692990E-007  -4.7968716710572546E-018   7.1595471241387989E-019  -1.2411940135328974E-007  -6.2359570464264310E-018  -1.2411940215423017E-007   8.3029625076439410E-017   3.6722825890624221E-016   2.1171066825408099E-016  -3.2395918439990120E-012  -2.1420305640008276E-018   2.8206078239498068E-018  -1.1175547255215301E-019   1.2792298372144350E-018   5.4322346854817812E-019   2.1751824002839543E-018   2.3082475915956128E-018   1.5487838516499017E-018   4.7147661714347637E-019   3.0809890120129195E-018  -1.1153757864063400E-007   6.2431552216363736E-018   2.7046535743020806E-018   5.5768788667929227E-008   6.3388710267859836E-018   5.5768789968234763E-008   2.1962951153637968E-016   8.5413588323914754E-016   5.3293824490687404E-016  -1.3116798639840367E-017  -7.6060870949481110E-019  -1.3251280046226070E-018  -1.4144334061886210E-017  -3.7744681492290319E-019   6.7005162078001323E-017  -3.6145735232834719E-019   3.7174748070084429E-019   5.0177078714404634E-019   1.7895841778835076E-019   2.0980327058174584E-017  -1.5906512838004195E-019   1.2783639502138163E-017   1.9583969510085406E-019  -2.3511821188415094E-017  -9.2060159125196876E-012   4.5237098436932950E-018   9.0025064241915790E-019   3.4050409188448516E-018  -1.8089474703314432E-018  -1.5530080270150411E-020  -2.4668835682394315E-018   5.2685050576185931E-018   1.4395996052556364E-018   2.6560894373149560E-018   3.4345607116666449E-018   1.1984933519315053E-005  -1.2925210031925568E-016   1.0172190099274389E-016  -5.9924667487932589E-006  -1.9356721210769781E-016  -5.9924667701316579E-006   2.0262593511663660E-016   8.4186800598373901E-016   4.9839165258176760E-016   3.3769251097976961E-017   6.2757310434627497E-020   6.7407150178708483E-019  -4.5094606244904697E-018   4.5094797998986021E-019  -8.0677084900004294E-017  -9.1640645934343389E-019  -3.5551609111817758E-019  -6.7469766614807775E-019  -6.0673123871207700E-019   4.3380958884043117E-017   3.7668647647847760E-020  -7.9261292952714510E-017   7.0151613830911436E-020   8.7040336323226045E-017  -4.4399676836384624E-012  -1.7386828996901410E-018   7.7564031534717350E-019  -4.3460052568884788E-019   1.5999806550781495E-018  -7.7463091496838218E-020   1.1213619887120902E-018  -4.1593852354692801E-019   5.9883243443987460E-019   3.8617831049144825E-019   9.2815207866384142E-019   7.9393431880763957E-005  -8.3381592881966091E-016   6.9342996122853886E-016  -3.9696715876632395E-005  -1.2499502811525878E-015  -3.9696716004099246E-005   1.2734000014949855E-016   5.1894619267008263E-016   3.3052443395028028E-016  -1.8848965067811940E-015  -1.0685264679118221E-014  -3.7443136942156865E-015   1.6337068404801343E-015  -2.6643260215001109E-015  -1.1651578337392556E-016  -8.6082962021998370E-012   1.6154315671667311E-012   6.6231899902789400E-004  -6.9906989425820159E-015   5.7728344147979376E-015  -3.3115949897548970E-004  -1.0442193138080441E-014  -3.3115950005237812E-004  -8.4942500823733650E-014   8.6581526129932120E-015
   2.5771600732836154E-017   8.7010224186789662E-018   2.2685156376308484E-017   6.8207491079790242E-017  -4.7968716710572546E-018   2.4823880329977740E-007  -2.5130501652510478E-019   9.8107231835797656E-019   5.6532679973399454E-020   2.6570360282412257E-018   8.6923592203877605E-016   1.9014881294525357E-016   7.7195318322559196E-016   2.6966306674604094E-014   8.6540852709690027E-019   3.7425073026370085E-020   2.3855995040727672E-018  -1.8664149615035899E-019   7.2442413671643395E-019  -3.0816958157754145E-019   6.8198813453728610E-019   6.7625057525470821E-019   3.1161868435902061E-019   6.4973591610577407E-019   3.6995528152206880E-018  -1.1153757841861771E-007   7.1246304260986147E-020  -4.7951768663958816E-019  -1.3544997147339483E-019  -6.6517867325789470E-018   2.1797784460341146E-015   5.1115174696656123E-016   1.9233790516393081E-015   1.1055258216425324E-018   7.3983597475495221E-018   7.3571836900710271E-019  -1.2667061730368658E-018  -6.4420913536982146E-019   8.3503632358660506E-020  -2.3302062417047285E-017  -2.5277052786841759E-019   4.8489607109370116E-017   4.4044138709661365E-019  -1.3781968690793357E-018  -6.0655038033077183E-019  -1.6354114292323156E-019  -2.0943796768689098E-019  -5.4148556061307504E-019   7.2188960561191790E-014  -9.8026531252784431E-019   6.8425615912903056E-019   5.4363457717682351E-019   7.3526194361515936E-019  -7.1516266313571073E-019   7.2979006644968028E-019   8.3181660512635514E-019   1.6475905392213108E-018  -1.3666427891113945E-019   5.2739852432850786E-018  -1.2013347022399763E-016   1.1984933514115275E-005  -2.5448876383077145E-017   4.6249835174315437E-017  -8.9651458868117082E-018   5.7690288898203549E-017   2.0084802563167112E-015   4.5005210066242327E-016   1.7842691066539730E-015   2.5873611700863552E-018   6.0009327026432801E-018   1.4920751365027355E-019   1.4163876607723047E-018   3.7491369835184843E-020   9.5529100022422889E-019   7.2552554089516735E-017   5.8094519027673975E-019  -4.8983672804793076E-017   3.5185293198590983E-019  -1.8624871466423899E-018  -1.0417296546227531E-018  -8.3362769576645831E-019  -1.2699991019290836E-018   1.5549075031821784E-019   3.7390340578258571E-014   2.6958580636649176E-019   8.1814242121018234E-020   6.8824663416700821E-019  -4.1609126401009555E-020  -3.2012354463245986E-020  -1.7151484291920964E-019  -1.4898046204841518E-019   9.5639837462019621E-019   2.5969147673004698E-019   5.8798056605080644E-019  -6.9058811215172549E-016   7.9393431848110877E-005  -1.5323906930373255E-016   3.1733962069296423E-016  -8.5564943332888602E-017   3.7561555051574813E-016   1.3004872177992022E-015   3.0630941630053221E-016   1.1556169693871399E-015  -2.4445885918892923E-015   3.4897395120366293E-015  -4.1519425251718878E-015   7.7663202823249405E-017  -1.4547483524485579E-015  -1.3961336621757817E-015   7.3888714259128494E-014  -5.3075402646780022E-016  -5.8099726919050008E-015   6.6231899875126643E-004  -1.2895469610992173E-015   2.6439733575098987E-015  -7.1055948019775574E-016   3.1677049725505735E-015  -3.5645117537062110E-015  -4.4177695667377791E-016
  -1.4143082165679303E-017   1.4496746598840284E-017  -5.7384883344081060E-018   2.6084410583467900E-016   7.1595471241387989E-019  -2.5130501652510478E-019   2.4823880413223927E-007  -1.5482985306001713E-018  -1.9580697560815538E-018   2.3740777822855901E-018  -4.2835882390421988E-016   3.9966568398258921E-016  -1.9161332496281770E-016   3.4301806192092799E-014   3.6997075869958825E-018  -3.9267095662275503E-019  -1.5565833784322580E-018  -1.7472096650336447E-018   1.8769004938882431E-019  -2.3209940696369765E-018   4.2188396918362002E-019  -6.9736034279187874E-019  -1.2944338548779029E-018  -2.3029039071965814E-018  -5.0680611595584200E-019   1.4337316624233394E-018  -1.1153757966074864E-007   2.0120876239633928E-018   2.9710867450733959E-018  -1.6648111777360359E-018  -1.0884838478655674E-015   1.0378761479146966E-015  -4.7663590657638532E-016  -1.7345967927068722E-019   7.1771898844664373E-019  -3.6040495379548622E-017  -8.0179807698901289E-020   5.8582072097436138E-020   1.2923073985217200E-019   4.0185893734616290E-019  -2.8620281094486810E-017  -4.7378137002005243E-019   6.3447009988968184E-017   3.1267939459757213E-019   3.1110929616879412E-019  -2.9220582934648245E-019   3.5778273386272725E-019   2.5655411862468766E-019   9.4149643319387140E-014  -3.0853997056738871E-018  -7.9660587202640736E-020  -1.1392784250702521E-018   2.5715321075717150E-018  -8.7874352957044009E-020   2.6368873908555218E-018  -1.2951261102505680E-018  -1.8413435187096001E-018   7.3024547404117655E-019  -3.4264767611938604E-018  -7.8176235217647631E-017   1.0257743248723486E-017   1.1984933535763650E-005   5.9091702796987160E-018  -5.5701417449659693E-017   4.5430098450726584E-017  -9.9209917504667931E-016   9.2485849219894985E-016  -4.5099842239400965E-016   4.6698030841468638E-019  -7.3535650258785657E-019   4.4765194043756401E-017   6.5682883613148622E-019   4.8758940425868159E-019   7.5899212309507623E-019  -5.0018750017339155E-019   4.8286699749061128E-017   2.1191638247672501E-019  -6.4824765501643272E-017   7.6357782495270275E-019  -2.3360956137347519E-019   1.0899421947936496E-018  -8.1341915739930168E-020   1.3138886245752145E-018   4.7531417052342547E-014   1.2920912488267873E-018   3.1724538551758324E-019  -2.6129232481885152E-019  -8.8530694572257706E-019  -9.8935465508035616E-020  -6.5588575431728959E-019   5.7776239807131328E-019  -7.7379126835626190E-021   3.6222027189375876E-019  -7.3100677871664000E-020  -4.6226575397076301E-016   7.5395099835700892E-017   7.9393431979642870E-005   9.7439369371271217E-017  -3.4641741925256685E-016   3.6534068845480338E-016  -6.5024042448628442E-016   6.2918619845331698E-016  -2.8601142525419053E-016   1.4532332637115116E-015  -1.5589374347086998E-015  -2.7697356937090326E-015  -8.7618653033521715E-016  -3.6099397399681188E-017   2.8471691577505030E-016   9.2475755054765161E-014  -9.2535821755681419E-017  -3.8631765673900060E-015   6.1731634465846505E-016   6.6231899986236202E-004   8.2211602971875300E-016  -2.9123527356709396E-015   3.0398690071653786E-015  -1.2685012845522717E-015   4.8283917715570641E-016
  -2.3719890250632019E-017   1.1673187516757519E-017  -3.3023199977250473E-017   2.3499383013830674E-014  -1.2411940135328974E-007   9.8107231835797656E-019  -1.5482985306001713E-018   2.4823880323875345E-007   1.4746278082499241E-018  -1.2411940188817186E-007  -7.4044432915562495E-016   3.6610358853434108E-016  -1.0627536408334468E-015   2.2785763367066684E-012   2.2577432457299298E-019  -2.1273277651526507E-018   1.6369429579659708E-019   2.4985206191781181E-019  -8.9664813416746475E-020  -4.2303604804886531E-019  -1.1275841419645348E-018  -9.0403035949098379E-019   5.9603233211604018E-020  -1.6700054221844482E-018   5.5768788655331319E-008  -3.1197086519454169E-019  -1.0656907325240234E-018  -1.1153757832735188E-007  -3.1152870026024722E-018   5.5768789685236059E-008  -1.8680355375801994E-015   9.3479364399085293E-016  -2.6741891515244216E-015   1.2755892935567006E-017   1.0894527683623887E-020   8.6476428778387004E-019  -2.1376821118187547E-017   6.6899161475136786E-019  -3.7656317847070284E-017  -2.9118310809626295E-019  -4.0594554833458356E-019  -1.8586373534117737E-019   6.8304433471285087E-020  -1.9852742353919028E-017   7.3401305974331582E-019   3.0836354837524639E-017   4.1867685306763060E-019  -2.5598188404038359E-017   6.3376208907401306E-012  -5.9508891640088811E-019  -2.6459129616214887E-019  -2.0341762948501729E-018  -1.8780762782445189E-019  -1.6352178085267901E-019   1.9572704423617566E-019  -4.1392200883409665E-018  -7.2115441891378636E-019  -2.7742426843648916E-018  -1.1554603823211727E-018  -5.9924667491179919E-006   1.3692535559992769E-018  -8.9229863596612995E-017   1.1984933512483706E-005  -1.1502454205692108E-017  -5.9924667636996878E-006  -1.7155327438659612E-015   8.4676439743536357E-016  -2.4617974012685175E-015  -4.2270774259976540E-017  -9.9392589723796681E-019   4.0163332090331591E-019  -1.9685183666783749E-018   5.3783726101254268E-019   7.0318362434780667E-017  -3.1855921360526835E-019   7.4910379968874260E-019  -2.1502126797797607E-019   8.2542608007769070E-019   5.5392660534636919E-018   2.3207129215621162E-018   6.1848395577380920E-018   1.9972454451017273E-018  -6.7937029114022865E-017   3.1272522040023704E-012   2.5344670022066339E-019  -1.0672431018150565E-018   5.7906368538631853E-019  -1.8808784208198024E-019   1.6443389393093601E-019  -3.8767829263328956E-019  -1.3998511949687656E-019  -1.1061975172040717E-019  -3.4940351091680236E-019  -1.6122637290677233E-019  -3.9696715877724390E-005  -3.3139560007917700E-018  -5.9555503900249866E-016   7.9393431838375826E-005  -4.3603980544823192E-017  -3.9696715960715160E-005  -1.1120427527680347E-015   5.4930604028206527E-016  -1.6005129814430949E-015   1.4223492983935586E-015  -6.6668215636080609E-016   4.2984272662522295E-015   3.0720497578808044E-015  -2.7453901126800191E-015   6.0988390694340602E-016   6.2158354738017389E-012  -1.3477631951934986E-012  -3.3115949898428979E-004  -2.6639032927102297E-017  -4.9524907344490485E-015   6.6231899866977997E-004  -3.7457358530722941E-016  -3.3115949968566603E-004  -4.0445231885978095E-013   6.0352305086299612E-016
  -2.4550185722493245E-017  -2.5566602239208446E-017  -1.5799797966387163E-017   2.3026207229892536E-016  -6.2359570464264310E-018   5.6532679973399454E-020  -1.9580697560815538E-018   1.4746278082499241E-018   2.4823880368749054E-007   2.1544317778667736E-018  -7.8490131234890568E-016  -7.3323193455055018E-016  -4.7738544148773476E-016   3.2969411867983606E-014   1.4242169701478431E-018  -2.4071503200624350E-020  -9.2641708070342683E-019  -4.2024088714080489E-019  -2.2737786344363206E-019  -1.2824574486520415E-018   2.0699347702550303E-018  -5.2378668248487959E-019   1.1748055585789337E-018   1.8790344546878518E-018   2.5324059538539326E-018  -1.4533665007381913E-018   3.2425497005287306E-018  -3.4934482180750959E-018  -1.1153757897612512E-007  -6.8735082288894727E-018  -1.9749364535524078E-015  -1.8764240511879865E-015  -1.2039629325506037E-015  -5.2293108776789347E-019   7.2255978730313903E-019  -3.0776130911588685E-020   7.8455918883298064E-019  -9.8481812175802697E-018   3.4295758066122061E-019   4.3803828315938495E-020   3.8977345763345767E-019   4.2149330422692499E-019   5.3964933960595780E-019   2.0892929696051721E-019  -5.2106907154724105E-017  -1.0132258730226289E-018   7.7429175860241289E-017   1.8806018886823335E-018   9.0086804281555014E-014  -1.6954590382916155E-018   1.4524368723553315E-018   1.0834064370745058E-018   7.6033362483078506E-019  -8.5972464303313479E-020   2.1663831285190756E-018   3.6106679637287011E-019   8.3815531487620779E-019   5.5716226121194855E-019  -1.5076631238158063E-018  -1.0352556970574917E-016   1.6387771402626488E-017  -4.6187718386890224E-017   8.6300624515252606E-017   1.1984933524101853E-005   4.2154743073949804E-017  -1.8152494498538877E-015  -1.6977011435168850E-015  -1.1065778969859215E-015  -2.1538843886771266E-018   5.0519784958946612E-020   3.3604278117314523E-019  -1.4547661566156537E-018   1.6279648848748623E-017  -5.9803817037580446E-019   1.2528570038856971E-019   2.4047623168766320E-019   4.4845485439395395E-020   3.3682213515116983E-019  -9.3481817079805559E-019   1.0076150668383400E-016   1.2467204618790297E-018  -7.3684061981859645E-017   3.4378494966995391E-019   4.5631024060884060E-014   9.7520538768482971E-019  -1.2103038949756135E-018  -5.9431362112333402E-019  -3.8932876528998724E-019   1.7199276682766792E-019  -7.8161761982164383E-019  -2.6073611805305732E-019  -4.5811801677635894E-019  -1.0067776716731932E-018   1.0528256968699722E-019  -7.4057986476319265E-016   1.0298493897159795E-016  -2.7449114897561810E-016   5.1890044663271245E-016   7.9393431909315052E-005   2.2647277000478755E-016  -1.1823851157435538E-015  -1.1206264694443197E-015  -7.1504386606927105E-016   3.7278150192560419E-015   1.3164847427150308E-015   1.5182816236397602E-015   6.8831151854065669E-016  -2.9440797764886392E-015  -1.4173158463672090E-015   8.9241584297918911E-014  -2.9254908388210545E-015  -6.1956892214747483E-015   8.6171985091864298E-016  -2.3125099411768718E-015   4.3095424074540364E-015   6.6231899926880329E-004   1.8890766215810939E-015  -7.3075279968963518E-016   1.4456482566325913E-015
   3.6368740637704351E-017  -6.4776439446149358E-018  -4.2673380152166465E-018   2.5865119014636045E-014  -1.2411940215423017E-007   2.6570360282412257E-018   2.3740777822855901E-018  -1.2411940188817186E-007   2.1544317778667736E-018   2.4823880404570019E-007   1.2348179490206712E-015  -2.7227199234847508E-016  -3.4385958741608205E-017   1.0499248799839397E-012   1.9162562391775973E-018  -6.9328005688002482E-019  -5.1938820891628148E-020  -1.5290819030621026E-018  -4.5355865469623748E-019  -1.7521463478527764E-018  -1.1806634501857447E-018  -6.4475347856151218E-019  -5.3107985174130154E-019  -1.4109836008663442E-018   5.5768789985567783E-008  -5.4105338898549250E-018  -2.3316880584679030E-018   5.5768789660639453E-008  -2.0522642179526274E-018  -1.1153757965495274E-007   3.1044029582029141E-015  -6.5513313473962451E-016  -1.0696538339774623E-016   3.6090551187239019E-019   7.4971418178470867E-019   4.6036371650528822E-019   3.5521154753483639E-017  -2.9154479917916170E-019  -2.9348844117549780E-017   6.5264046050484482E-019   3.4198067509857713E-020  -3.1590705195931999E-019  -2.4726285076513859E-019  -1.1275845735539512E-018  -5.7494793103421119E-019  -4.3619994748742398E-017  -6.1451654914182703E-019   4.9110009408601299E-017   3.1128919508889514E-012  -3.9286209272310603E-018  -6.3565934987285550E-019  -1.3708646300300836E-018   1.9967551077651154E-018   1.7905185982401738E-019   2.2711565148074457E-018  -1.1292849656265831E-018  -7.1844521105832816E-019   1.1815324444403678E-019  -2.2791003062719528E-018  -5.9924667702255447E-006   7.1937920256866641E-017   6.1942653853474779E-017  -5.9924667638211964E-006   7.9209032423821599E-017   1.1984933533990581E-005   2.8520618124622417E-015  -6.3324102297680925E-016  -9.3665022794939412E-017   8.5015218868677618E-018   9.3116858679226393E-019  -1.0757048223816496E-018   6.4779804999489783E-018  -9.8878524133740339E-019   1.0358722923769505E-017   1.2349656726052735E-018  -3.9358770827721551E-019   8.8971893432403143E-019  -2.1869484162283898E-019  -4.8920226832907360E-017  -2.3583815702248125E-018   7.3076455056437211E-017  -2.0673970581398393E-018  -1.9103308522059582E-017   1.4394322109716153E-012   1.4852361989721385E-018   2.9160278934476516E-019  -1.4446315723077998E-019  -1.4118928146490098E-018  -8.6970801939975034E-020  -7.3368369393451679E-019   5.5592364110029900E-019  -4.8821267716373563E-019  -3.6774800607095829E-020  -7.6692571196015493E-019  -3.9696716003228266E-005   4.6652626953444525E-016   3.9521296988941267E-016  -3.9696715962609580E-005   4.5979848144829525E-016   7.9393431965869247E-005   1.8505202895062298E-015  -3.8081922083214298E-016  -6.0339226893766324E-017   4.0117102790702406E-016  -9.3490208497638514E-016  -5.4059073826775974E-015   6.8527032849282157E-015  -5.2858680022661485E-015   4.5524517975262282E-016   2.6303884513263417E-012  -1.5551005895330868E-013  -3.3115950004517842E-004   3.9256739761962040E-015   3.2931134543261603E-015  -3.3115949970151577E-004   3.8613765418673792E-015   6.6231899974684386E-004   5.1824553666977631E-013  -5.4285871264441738E-015
   1.7655952684010943E-003  -6.6492659356086007E-015  -2.6781398798260808E-015   2.7383885838841753E-015   8.3029625076439410E-017   8.6923592203877605E-016  -4.2835882390421988E-016  -7.4044432915562495E-016  -7.8490131234890568E-016   1.2348179490206712E-015   5.6357449395665393E-002   2.1906798690808499E-014   1.0498462573097125E-014   1.2197559513460204E-014   4.0637462150020367E-014  -2.1639736217681281E-015  -2.9570450828127071E-016  -4.8852192878546093E-013  -1.0143937460508126E-015   4.6012233258916855E-013   1.0786409028451266E-015   2.4977749570854954E-016   9.2743433631632957E-016   2.4982427118164427E-016   1.7586470138514953E-015  -1.2490749839023412E-015   1.5945957467345422E-016   2.9098623660058054E-015   1.3240723313015854E-015   4.5057879014545933E-017  0.14228798826314989        1.5758552904312822E-014  -1.4637942279512323E-015  -1.7503204443752626E-016  -1.4377918363298732E-016  -4.0351075833186293E-017  -1.5996007201227311E-016   2.3263685558696911E-016  -1.9336390075453364E-016   1.3202925321443085E-016   9.6921694345693468E-017  -6.8949313519054130E-018   4.8471289528051068E-017  -4.1603381438556017E-016  -1.5852975680004865E-016  -1.3393830873724855E-016  -1.4561734951823887E-016  -1.7788300238929237E-016   8.4027627897166510E-014  -3.9011802573473864E-014   3.7739476678748759E-015   1.0019802267146613E-015   9.9717788317782195E-013   1.2200385318133998E-015  -9.0775762078517834E-013  -1.7991523875635656E-015   7.0204803478856930E-017  -1.3842845638085174E-015   4.1735214416857352E-016  -8.3839489434857968E-016   8.1716970379548077E-016  -6.6185110754685542E-017  -7.0678060991100683E-016  -4.1593881790475509E-016   9.0122041458121840E-016  0.13062431260493651        5.5434268598931849E-014   2.3021431385008059E-014  -2.1214206689037155E-016   7.8128348195366628E-017   9.7568210670284255E-017  -2.1347119362940511E-016  -1.6954984672718513E-016  -1.3167141239378034E-016  -1.0210946845746988E-016  -1.7203264059908541E-017   1.3292904296120587E-017   2.6790709321652402E-017  -3.6728889784666798E-016   1.4580995083713633E-017  -2.2114374471912035E-016   3.6901628225921874E-017  -2.3799700672046532E-016   2.8689390150275659E-014  -1.7255918837760853E-014  -1.6840937326767970E-015  -4.1065699155869286E-016  -1.9620686955931163E-013  -4.9716162598465942E-016   2.1530859735769244E-013   8.9141246112344184E-016   2.3145396870951114E-016   5.2259034127321797E-016   4.8610563457319965E-016  -1.7156838586356185E-015   4.7339400855852241E-016   6.9128974127342284E-016   2.1389039969719405E-016   3.5061693711451101E-016   8.5436668655902918E-016   8.4553889363104887E-002  -1.8615219469964796E-014  -1.1950558888703480E-014  -9.0114784225021861E-004   6.0601853482924581E-015  -1.6082413425701824E-014   3.3324381809099753E-005  -5.3554722488416033E-015  -2.5796745619683937E-015   6.4783779809334279E-014  -7.2327121598048448E-016  -1.4144719175210525E-014   5.9011499953751949E-015   5.5120217598430779E-015   1.7676407813635156E-015   2.3345624444692672E-015   1.2439099857889852E-014  -1.0536187973853846E-014  -9.4758012785273598E-017
  -8.2821193250869213E-015   1.7655952693951015E-003  -3.1852792101946089E-015   2.1716801765979606E-015   3.6722825890624221E-016   1.9014881294525357E-016   3.9966568398258921E-016   3.6610358853434108E-016  -7.3323193455055018E-016  -2.7227199234847508E-016   2.1906798690808499E-014   5.6357449385718891E-002   1.0639740660705557E-014   3.2647413481585557E-015   1.5511079283200421E-015   2.2665809477780314E-013   2.2746709613772898E-016  -3.0109894050644584E-015  -4.5451702208291226E-016   4.8919281165485254E-016  -6.4508767534817044E-013  -6.3920496931707711E-016   6.6476385979569181E-013   7.9724480806928949E-016  -1.0197502397025078E-016  -8.9637014639924103E-017  -2.0933789895107327E-016   4.0707448688845028E-016   8.4540768476841557E-016   1.2300652332302633E-015   1.8287592566878262E-015  0.14228798826046402        1.8318444658449949E-015   2.3386778066593636E-016  -1.8617834410309180E-017   2.9146195374342144E-018   1.0620617888754111E-016  -4.0247445691446991E-017   5.9164047689845473E-017  -1.4714819626997026E-018   6.6537877113941770E-017  -3.5213200622855574E-017   5.1567197494731424E-017   3.3932098129459582E-016  -8.8161764642271944E-017   1.0129259130659430E-016  -3.8091490560587285E-017   1.5520018740593184E-016   2.5006962316209214E-014  -2.8238562532745805E-015  -4.2950751616282172E-013  -1.3616147597090452E-016   4.1194563399648420E-015   7.2659393916361222E-016  -9.4238419474528409E-016   1.3451947967096851E-012   1.2427288924051381E-015  -1.3111439117081121E-012  -4.7069284443887776E-016   1.4959911687574927E-015  -6.9309793105032993E-017  -3.9365261286297514E-016   7.6065177531864697E-016   5.4910153254401056E-017   1.5523633534852329E-016   4.9148698804398781E-014  0.13062431258324456        2.5961713110960798E-014   1.9088293756211412E-017  -9.6797627525843630E-018   9.2198479028984063E-017   1.0860559711976370E-016  -4.1316051306545039E-017   5.7163205754696551E-017  -1.7829956956420300E-017   3.1219625211914662E-018   1.3284620786788895E-017   6.4870482012852057E-017   1.7850252963740159E-016  -7.2888789079095324E-017   1.0838792135361778E-016  -1.0166995931464757E-016   4.9529470751419666E-017   1.4281033921810303E-014   9.3469721887904728E-016   8.0226480604846470E-014   1.3988907159278914E-016  -1.7281453126639136E-015  -3.3458962180307511E-016   3.5722809261665886E-016  -2.6689517732969643E-013  -5.6320226802103035E-016   2.9569517131070049E-013   4.4983047349979942E-016   2.1756659323033441E-015  -1.9548646825213583E-015  -2.1796344704624538E-015  -2.4085600465297887E-018   1.8311291990941676E-015  -1.9703851538673604E-015  -2.8611611179720485E-014   8.4553889366625931E-002  -1.1082026432353940E-014   1.0709381987389222E-014  -9.0114781668462708E-004   6.5370191856670379E-015  -6.6064964773959530E-015   3.3324383129030754E-005  -2.2374881982674991E-014   2.2940384989693344E-014  -2.0704373530120353E-015   1.8828795720872593E-014  -1.5814954757515046E-014  -1.8565701095152145E-014  -1.1552786902108597E-015   1.5006642364432328E-014  -1.7628704456648925E-014  -3.3628111499380340E-014  -1.3473199544445346E-014
