   1.7058583222963068E-004  -6.9153890661421993E-017  -1.1867376435851567E-016   9.6329178782379925E-013  -2.9959971241227997E-013   1.2272526892482477E-013  -2.4014903007227781E-013   1.4978745194895910E-013  -2.9772361482764653E-017   1.4981722553972833E-013   4.0344714493372744E-003  -6.7491635604927542E-016  -2.1944225563069502E-015  -3.2403041205069005E-011  -9.2671086801047492E-016  -1.8870124685192115E-018   3.7654081799358714E-018   1.7705864675933971E-016   8.5711138272381782E-018  -3.4872964732410353E-017   3.1580580267059689E-017   2.2162805113583508E-017  -1.5556104598423021E-017   6.3346522301937485E-018   1.3939851142586825E-013  -1.0827516188729535E-013   1.9936595428926701E-013  -6.9596882052175634E-014   4.5162167769756491E-017  -6.9664282239664768E-014   8.4550593112219744E-003  -1.5655565010962366E-015  -5.0323418552086455E-015  -1.4018547249601396E-017  -8.7797816058044230E-019  -5.9457142005048641E-019  -1.4649342305357520E-017   4.1833743594978652E-018  -2.7090318882414473E-017   1.6720955564364598E-018   1.2825078027216121E-018  -9.4675492659455129E-019  -7.1310810915603394E-019  -7.8610029392802052E-018  -2.3963682469389384E-018  -9.8016368822803524E-018   2.1916572621703906E-019   3.9802176553983872E-020  -6.5280539869700165E-011  -2.6459818382551920E-015   1.8616061830961077E-017   3.2432350991666437E-017  -2.3344025519388645E-015  -1.1913860456074395E-017  -2.3065266132194509E-015  -6.7459229323669972E-018   1.9395536453007361E-017   3.0740203604360729E-017   5.4887453690143009E-017   3.3472365443460069E-013  -3.4172735475123944E-014   7.7781246195972298E-014  -1.6740247762087445E-013  -3.1943276514628706E-017  -1.6733594979651827E-013  -7.5746130598318991E-018   7.7790682486070299E-019  -3.4342322660452776E-019  -1.2182257786698892E-019  -2.3599455647753517E-018   1.0311727933409512E-017  -7.1761303703811935E-019  -1.4188965324293745E-019   2.4640994045676306E-019  -5.9702551952212884E-019  -5.6261826568601001E-018   2.0970550840767443E-018   1.9962548411542570E-018   5.1401070331747688E-019  -1.2335997801549857E-017   6.3540727557229544E-003  -1.0082289181205563E-015  -3.2650761443243167E-015  -3.2429280622162647E-011  -9.6268306295213202E-016  -6.7902844878532899E-018  -2.5794803538037217E-018  -1.1497625909264044E-017   2.3985336366146244E-018  -1.4861502970100672E-016   4.6726838414557914E-018  -7.9669048996682152E-020  -7.6097765349240764E-018  -6.4290545461395620E-018  -4.1443696642963310E-014  -2.2634958219919654E-014   3.9263574811701522E-014   2.0735993715133678E-014   1.2515492616953602E-017   2.0705591376366891E-014   4.1933218172360400E-003  -8.0467017193195496E-016  -2.7366534555652407E-015   6.6938468676220732E-005   2.1456274785593903E-015   8.0348895582986826E-015  -6.9343069632124132E-011  -3.4084926714533949E-012  -2.3105977075352100E-013
  -6.9153890661421993E-017   1.7058583223193322E-004   9.1969711141614634E-018  -8.7001624297336022E-013  -7.0850559621361693E-014  -2.5939384682988177E-013  -3.3072803427104626E-017   1.4171682445337325E-013  -2.4006731854532412E-013  -7.0905631282346756E-014  -9.1253886974904800E-016   4.0344714493663015E-003   2.6460969870520014E-015   2.7421987062386179E-011   2.8148111454304328E-018   5.6944599571105599E-016   3.0299779800911097E-017  -5.5540029313042833E-017  -1.2605597455663439E-017   8.7246888590690135E-018   8.4143573734187007E-016  -4.3240186968017145E-017   3.1363132988491189E-016   2.8182617882022430E-018   6.2379076360667443E-014   1.2060291129397859E-013   4.0412024170414199E-017  -1.2516075867511945E-013   1.9927578677520281E-013   6.2422430413011779E-014  -1.6912779552437260E-015   8.4550593112547173E-003   5.0270062748995176E-015   4.7431372618378298E-017  -8.6077453606458547E-018   2.2342969628748254E-019   1.3397043576097521E-017  -7.0877006261301275E-018   2.5252854507138397E-017  -3.3864477650738548E-018  -6.0662235010547614E-021   8.3405211913054134E-018  -1.4805234781457314E-017   4.9000442158071595E-017  -1.4354156689224636E-017   1.6543363070612060E-017   1.2540164456430593E-017   4.8115327076955587E-017   5.7071825888914753E-011  -1.3266838510280806E-016   1.7184327897052024E-015  -2.9993481447394862E-017  -1.1463350835018442E-017   1.8019610378045966E-017  -6.5950329146342399E-017   6.2218816796884849E-015   2.4682740973904101E-017   2.4889495251899084E-015  -1.9969183876832018E-017   1.9730265720958224E-014   2.8990263615826525E-013   4.3464293278754960E-019  -3.9437440512152658E-014   7.7813610672429547E-014   1.9720653049165168E-014   1.8035640669498182E-017   2.5243128939800359E-018  -3.7676051621544780E-018   1.6890092597342287E-017   3.8380502859612787E-018   1.1873471332027544E-017  -1.2073751785823257E-018  -8.7388649539634784E-019  -5.2950091949867275E-018   6.8552235402410855E-018   4.8733873877592454E-018   7.1994534390771841E-018   1.3590045370618999E-017  -1.1722302928859261E-017   1.6678428360376548E-017  -1.5742032833370264E-015   6.3540727557731365E-003   3.8361168337451482E-015   2.6018153191964397E-011  -3.0360126850779965E-018   2.6611944378027725E-016   3.8897726519673237E-018  -1.9706525953398155E-017  -1.9651790695792367E-018   1.2508358499423870E-018   6.1029298184115004E-016  -1.7396100577127757E-017   2.0074273060243220E-016  -8.0123939104693152E-018   1.3076432750548769E-014  -3.5887780623998462E-014  -9.1404897341873463E-018  -2.6142328220369663E-014   3.9263531406584429E-014   1.3070391152963246E-014  -9.8877707044173193E-016   4.1933218172631242E-003   2.5506874658908374E-015  -5.6755554335621465E-016   6.6938468689976019E-005  -2.2136877225631293E-015   5.4293307493616661E-011  -8.5477545338565521E-013  -9.0390773583464232E-014
  -1.1867376435851567E-016   9.1969711141614634E-018   1.7058583223009824E-004   1.5120171316382274E-012   1.3866520747186091E-013  -3.5254912451622861E-017  -2.5948715587243891E-013   1.3865175235341666E-013   1.2272727620822821E-013  -2.7726337655866465E-013  -3.7832817852775018E-016  -2.3766176210648750E-015   4.0344714493465335E-003  -5.2979071867308457E-011   2.7265869368495640E-017   7.7959072096324007E-018  -1.8181699634611729E-016  -2.0498123374555435E-017  -4.6793874412247495E-018   4.2065090325952012E-018  -3.0282147124688469E-018  -2.1123265397159998E-016   2.6900517554259387E-018  -3.1364465760038586E-016  -1.1498638635699541E-013   4.4630752442048501E-017   1.2079921482657772E-013  -1.1495203491790651E-013  -1.0828703680390714E-013   2.3032206454704902E-013  -1.6988765410070049E-015  -4.5188241006043767E-015   8.4550593112244759E-003  -2.5924132975388920E-017  -1.2978408689784252E-017  -4.2053130702970689E-017  -1.7406314078579287E-017  -1.3274326671307599E-017  -2.5313348673406139E-017  -4.7056129128844120E-018  -1.9247546003369559E-017  -3.8933307994554866E-018  -4.5701271314647503E-017  -3.8759729553480044E-017   8.2731061440189671E-018  -2.6151182300710005E-017   5.9447836961044459E-018  -4.9006478811660967E-017  -1.1137243309810724E-010   3.4403956597682178E-017   2.1095440429602147E-017  -9.6072914881225561E-016   4.9614984538549370E-017  -2.3860240884691432E-018   3.6903990111364328E-017   5.3841807366477445E-017  -3.5076661460095060E-018   2.4183854121503867E-017  -1.8031982751759563E-015  -4.4940578071861517E-014  -9.6982603289776770E-018   2.8984560959079141E-013  -4.4919328437775690E-014  -3.4161442569878396E-014   8.9821689093817885E-014  -6.3064620872099501E-018   1.8907570013202332E-018   4.6909422372384816E-018  -6.5173061575676790E-018   9.0825857943143277E-018  -4.3843645053070879E-018  -2.6074944119910002E-018   9.8600122212112420E-019  -1.4860314525005493E-018   5.6373629416417120E-018  -1.4202006530115060E-017  -3.3313508878918039E-018  -7.7175277087626189E-018  -2.1602013066804954E-018  -1.6813287775273875E-017  -5.6536126450234932E-016  -3.5044473997543503E-015   6.3540727557321120E-003  -5.0394891217700017E-011  -4.0785948445100322E-018  -4.3932345508961646E-018   3.8287271458348208E-016  -1.4902657807730416E-017  -8.9796196496018124E-019  -1.4605084397054173E-018  -3.3710786082979580E-018   4.0783480193157236E-016  -5.0018808675985351E-018   9.5483467830397540E-016  -2.2668563200756391E-014   1.0084178654147502E-018  -3.5880405960535653E-014  -2.2675836954490409E-014  -2.2634391744290834E-014   4.5321608745343290E-014  -1.1339384042213765E-015  -2.1024546150589161E-015   4.1933218172406726E-003   4.7421822510932828E-015   3.1114571252368413E-015   6.6938468685212333E-005  -1.0536295995940463E-010   1.2813436437197063E-012   1.8615223297283647E-013
   9.6329178782379925E-013  -8.7001624297336022E-013   1.5120171316382274E-012   1.8094602022841219E-005   2.7560298759690302E-016  -7.6650940912679534E-018   3.3228762665080044E-018   3.7104436666630568E-016  -8.9550216894473712E-019   3.9700885772585297E-016   3.0781105653616795E-011  -2.7416539737516780E-011   4.9031661374000667E-011   1.6238525364094419E-003   1.6787600656699653E-017  -1.3617012795619939E-017   4.2264925881257791E-018   2.3306931901851538E-017   2.4221105398051339E-019  -1.2325621948507148E-017   1.6981526265170100E-017  -7.8949425363100400E-019  -1.5671329218107797E-018   8.3756765442711686E-019   4.0978937564380502E-015   1.8971936676329269E-017  -9.0156940390234625E-018   3.7699745068770085E-015   8.5235533825247678E-018   3.5678881984091839E-015   6.2344913481128919E-011  -5.5516650340822469E-011   9.9060433380104564E-011  -1.2974748944478672E-015  -1.1459347935213402E-019  -4.1247460064011871E-019  -7.2471429639435909E-016  -3.4848796359985229E-018  -4.4166003205648490E-016  -2.5575248097050169E-018   1.0740423499224145E-018  -1.8212164551955055E-018   3.5995781285622653E-018  -1.2258622344989256E-015   4.0024737351625881E-018  -5.7056877063416030E-016  -2.1798323135338722E-018  -1.3426821599964103E-015   4.0188069640081734E-003   7.0887077294380472E-017   2.0421298639269284E-017  -9.3681476981571449E-019   1.6388426907746895E-017  -1.3062180627198265E-019   5.1897288054851953E-017  -9.1947260249004335E-018   3.0307173625645313E-018   2.4799611069815243E-018   8.1412182484335455E-019   5.2596777569070694E-016  -1.2931957074232091E-017   4.9689974941203600E-018  -7.2860672720771749E-016  -1.6318260967373968E-018  -4.9590303601808148E-016   3.0637599499977911E-016  -1.1822158768625754E-018   1.6812123711100856E-019  -3.9822727838835629E-016   2.2180900979748135E-018  -5.6847600181800662E-016   7.3849772643669212E-019  -1.8923623406513750E-018  -4.5095446066249504E-019  -3.1798299171373701E-018   7.9872666139867787E-017  -3.2498890174561867E-018  -3.7775061990041835E-016   1.9693674784553264E-018   1.6354630305699311E-016   4.7231722611031462E-011  -4.2465160855178467E-011   7.5881236454168766E-011   1.5666616334916990E-003  -5.8239186152166678E-018  -5.8858251019773689E-018  -4.7237657144188104E-019   3.8980411244396312E-018   4.6898330132038018E-019  -7.1017566820565251E-018   4.0121005896424341E-018  -3.9625968835325779E-019   1.1225646989820293E-018   7.3547596776409871E-020   2.6526151858556567E-017   5.0459572591501013E-018   2.0333326850539364E-018  -2.3515801897741526E-016   1.0783240550171865E-018  -2.5226730663923555E-016   3.1303381358046199E-011  -2.7464906048618131E-011   4.8991668479161027E-011  -6.5267696126185523E-011   2.2041872102995396E-011  -3.9858256600070278E-011   3.4860243815864537E-003  -1.1415123691026487E-003   1.0911204376341616E-004
  -2.9959971241227997E-013  -7.0850559621361693E-014   1.3866520747186091E-013   2.7560298759690302E-016   7.1357564360468172E-022  -1.1300495478730331E-022   2.2136475647558532E-022  -2.2769783925182337E-022   2.0567375511720825E-022  -4.8578471068450497E-022  -7.0915419810543044E-012  -1.6765114431296399E-012   3.2812581194380172E-012   2.5959857755368255E-014   1.6502827710322254E-024  -2.3545176284605235E-025  -1.6019607888701790E-025  -2.9924903797018088E-025  -2.0815833708956261E-026   4.2178238844415030E-026  -3.1522556276815110E-025  -1.7362346292276557E-025  -1.0481687336440699E-025  -2.6150159923451281E-025  -4.4226360798680423E-022   1.4673327930833120E-022  -2.6532314788449998E-022   1.1368327934984608E-022  -1.8019156359210718E-022   3.2904774263267751E-022  -1.4857386937649912E-011  -3.5128316717905815E-012   6.8752379231024587E-012  -2.2781759585936812E-026   7.5692897545546657E-028  -3.0469830391011719E-026  -1.2478606860831386E-026  -1.5657286937232446E-026  -4.4222100574255453E-027  -5.1898377449438676E-027  -1.5764285704852140E-026  -1.1792626841401564E-026  -2.2056939346921112E-026  -6.4362064365945848E-026   2.3674741800913548E-026  -2.1038353220659891E-026  -8.5067649457190363E-027  -8.4661027810761431E-026   6.3917551431635733E-014   4.6805529274310619E-024  -6.5542224012443632E-025  -8.3488144777374682E-025   4.0960934840208858E-024   1.8266530221229064E-026   4.0915717849149783E-024  -2.5040631138255750E-024  -4.3828877307550869E-026  -9.9772914984680704E-025  -1.5270483022473623E-024  -5.9699595575450284E-022  -5.8726038016205556E-023   9.5148443581027453E-023   2.5704962424563293E-022  -5.8463489361935411E-023   3.3990748099992975E-022   2.3464198986266389E-028  -2.1702154257431146E-027   7.5595473522975639E-027  -1.3391038194626306E-026   9.6679185082016316E-027  -3.0573495047236101E-026   2.2995160449849828E-027   3.8276894225433750E-027   2.0002633394642398E-027   1.3168680202180076E-027  -3.4445148993701370E-027  -1.3784362365133099E-026  -3.0843434636059940E-026   7.8966942733640949E-027   2.2504603654886423E-027  -1.1077055705880489E-011  -2.6270220868748569E-012   5.1404397796445874E-012   2.5927789949547735E-014   1.7149040505545379E-024  -1.8970405084026069E-025   2.8285259412328515E-025   2.9321712084741277E-026  -6.1863970602489020E-027   2.6036713719076730E-025  -3.7759206739441788E-025   3.0910523140446192E-025  -1.5649062697349930E-025   7.2542654085481545E-025   5.6132966720276430E-023   5.1237991248917933E-023  -9.1638792223090854E-023  -4.6108884326162452E-023  -3.2354439754210149E-023  -1.0064555479106472E-023  -7.3793368462948009E-012  -1.7437733915525108E-012   3.4130105210220696E-012   8.8657441912742411E-012   1.2836203905061027E-012  -2.6251106623198902E-012   5.5614917909211343E-014   3.2725880354496812E-015   1.2634495060626007E-015
   1.2272526892482477E-013  -2.5939384682988177E-013  -3.5254912451622861E-017  -7.6650940912679534E-018  -1.1300495478730331E-022   5.1584676489208615E-022  -1.7797739314705930E-022  -1.1289645694920035E-022   3.8316189953553709E-022   2.2599031002103588E-022   2.9040058443815480E-012  -6.1398638091074587E-012  -8.3430755507801853E-016  -6.3958121749235181E-016  -6.8109203323970757E-025  -7.6973629923860255E-025  -5.3461215250581223E-026   2.4299177371800807E-025   3.2462383372898698E-026  -5.4413033369755983E-026  -9.2124506873622617E-025   1.0627989871564672E-025  -3.3713377090858024E-025  -1.5178911819712032E-026   1.5747076221633600E-023  -3.1868534024202019E-022   1.5135677218649676E-022   1.4690740614095086E-022  -3.3040994016759310E-022  -1.6191553182662142E-022   6.0848266644500586E-012  -1.2863542104664160E-011  -1.7480803048954903E-015  -8.5617092888391062E-026   1.7951018473000882E-026  -1.6519846904415124E-027  -3.0105814610131312E-026   1.5285389311929398E-026  -6.6641851515933786E-026   2.1267587381133435E-027   6.8655172509765839E-027  -1.8873225181119308E-026   3.5294154100347262E-026  -9.8764375277218538E-026   2.4879444990201585E-026  -3.1595533892061511E-026  -3.2057513574787761E-026  -8.3983791422976699E-026  -1.5955650366818411E-015  -1.6879282975732231E-024  -2.3278093962924629E-024   8.3011824958867323E-026  -1.6971799888212035E-024  -4.6587708558055803E-026  -1.5301841309779218E-024  -9.0023999003716950E-024  -3.8670107747332519E-026  -3.5514551304964437E-024   9.4396041432108653E-026   2.0340488556042193E-022  -4.3886714415347061E-022   5.4615649568395524E-023  -5.8777083979710176E-023  -1.1397757831399621E-022  -1.4467471364721181E-022  -3.2523889201167074E-026  -6.5123237430253738E-027   1.0385441658414394E-026  -2.9331789514933956E-026  -1.0254184175469838E-026  -2.5237815149163285E-027   6.0357103190787062E-027  -1.7983708906058531E-028   9.0560230694661719E-027  -1.6158896090701019E-026  -1.0696123899008985E-026  -1.7275977588758375E-026  -2.6282438129245352E-026   2.8688670956008787E-026  -3.7160481379223564E-026   4.5504264827926961E-012  -9.5905740443850313E-012  -1.3060106168517981E-015  -5.8542983795775228E-016  -6.9793230756779314E-025  -8.3050313002538339E-025  -1.3991536104948095E-026   3.6955556170431327E-026   9.1266191652387858E-027  -1.2095697153101279E-025  -1.7528632078884984E-024   4.0298370890420582E-026  -6.9038352555342434E-025   1.3528821492086520E-026  -4.9025106569805388E-023   4.3439479782547298E-023   2.6280624815776692E-023   5.1249364442802667E-023  -5.2862199915247300E-023  -2.2378024700813019E-024   3.0205176280910047E-012  -6.3890323287432988E-012  -8.6790297292619691E-016  -2.2261042921578860E-012   7.6712054688431281E-012   7.6744418015527104E-016  -1.3773364856630735E-015   1.2026523300017792E-015  -1.1575477799759972E-015
  -2.4014903007227781E-013  -3.3072803427104626E-017  -2.5948715587243891E-013   3.3228762665080044E-018   2.2136475647558532E-022  -1.7797739314705930E-022   7.7423424361370367E-022  -4.4283907529749492E-022  -1.9552229720714034E-022   2.2136632536272342E-022  -5.6826848901049616E-012  -7.8421712697135766E-016  -6.1420763658938634E-012   3.5474133930069155E-016   1.2613644365401338E-024  -4.3809800085637914E-026   2.4749798423887016E-025  -2.1039953935831054E-025  -3.3024975354596300E-027   2.8578528243485514E-026   6.4708328459027357E-027   2.8378097723914167E-025   3.0635526784051084E-027   4.3643582656236666E-025  -4.2353813320748828E-023   1.6038911569586291E-022  -5.3434444517232807E-022   3.0709083005840650E-022   1.7814915951234244E-022  -2.6570903126933800E-022  -1.1906961953475028E-011  -1.6419579013332826E-015  -1.2868174634100667E-011   9.1722285316525124E-026   1.7570645620230877E-026   4.7327925910092349E-026   5.2742862841888651E-026   1.4119297117715380E-026   7.0263060430482721E-026   2.2331866205272125E-027   2.8635444283768333E-026   7.7348666141683033E-027   5.8489164019257400E-026   1.0020597278260010E-025  -3.8951421926661109E-027   6.8511106460434605E-026  -1.3775394225888209E-026   1.0979408740264740E-025   8.6351891190003665E-016   3.6462716308759435E-024  -1.2841237554195770E-026   1.4193248616870543E-024   3.1767129660805108E-024   2.1060459665443378E-026   3.1883234440655531E-024  -1.1394685264867102E-025  -3.2292890552293254E-026  -5.9379291609915830E-026   2.6494615447247664E-024  -3.8753866017893981E-022   4.6699233239684821E-023  -5.2186639722536701E-022   2.9258665508193063E-022   4.9679552461794189E-023   9.5082142746130869E-023   1.5744058095464501E-026  -4.8476758459308141E-027  -6.4383174416591637E-027   1.8894678537696797E-026  -1.2182538481466899E-026   9.1413317489040622E-027   3.1046456053607324E-027  -3.7269426424995869E-027  -3.4322428817757768E-027  -1.1590967060899420E-026   4.1410724244125864E-026  -6.2029988066354690E-028   1.0914273062249284E-026   3.1268680828739626E-027   5.3956002795228280E-026  -8.9025615702223527E-012  -1.2031291571753936E-015  -9.5939680703122365E-012   3.7545578334066023E-016   1.3789496760795848E-024  -5.7024455614293428E-028  -5.1609889452784537E-025   5.0489319761679365E-026  -2.3863198715724701E-027   2.1068776028677623E-025   1.7048740464225217E-026  -5.4253106509654799E-025   9.6067111828484888E-027  -1.2901481635174637E-024   9.1717597399282585E-023   2.9747090311500251E-023   7.4877588548211910E-024  -4.9373157159735425E-026   3.0834598860422047E-023  -9.1584475548551857E-023  -5.9108588790264829E-012  -8.1808361299944146E-016  -6.3913404753188862E-012   4.5432552209669701E-012   3.1176943766937924E-015   7.6800438441944982E-012   7.5678769058525910E-016   5.2113549027700057E-016  -2.3567813160908560E-015
   1.4978745194895910E-013   1.4171682445337325E-013   1.3865175235341666E-013   3.7104436666630568E-016  -2.2769783925182337E-022  -1.1289645694920035E-022  -4.4283907529749492E-022   3.7922556037758864E-022  -1.0277094418407163E-022  -1.5149607374122670E-022   3.5454762622841659E-012   3.3533934799898573E-012   3.2809377557831047E-012   3.5087472167003759E-014  -7.8571165213159900E-025   4.6879071124035003E-025  -1.0768610560385670E-025   7.9167735357890789E-026  -7.0947845707216069E-027  -2.8804820742559883E-027   5.7836317870578128E-025  -1.9855226353180496E-025   2.1474519709981537E-025  -2.3003346109814474E-025   1.1369574278590923E-022   1.5362528276909568E-023   3.0757395957653652E-022  -2.8698029579589583E-022   8.2185012051456411E-023   1.7370709891090428E-022   7.4280768332500355E-012   7.0264406373452337E-012   6.8745681543210736E-012  -4.0363252888548366E-026  -2.0506486096146111E-026  -2.7174764135104039E-026  -3.1734772730623819E-026  -1.3242929706425463E-026  -2.2130625959234171E-026  -2.9000773578570346E-027  -1.7421936053812153E-026   6.4924341744022334E-027  -5.0778238009964684E-026  -3.0211862508396118E-026  -1.3259962223301967E-026  -3.4478543886448994E-026   2.3700166530772215E-026  -4.0648138100165612E-026   8.6356249544305995E-014  -2.3787541406140873E-024   1.3395437782874190E-024  -7.7978712440894963E-025  -1.9764701975072239E-024   2.9817809145403037E-027  -2.0500523989159488E-024   5.0867604282326605E-024   4.2622486660376436E-026   2.0219551648011760E-024  -1.4423422038719434E-024   2.5695055742438480E-022   2.0344362307052300E-022   2.9243822077788678E-022  -2.0589944565250141E-022   3.6164445705790758E-023  -5.1111317726501095E-023   1.4913921904375559E-026   6.0316520854215122E-027  -1.6095035220183661E-027  -4.8633567233397582E-027   1.0155321271731889E-026  -9.4131461606292283E-027  -5.0878856238971202E-027   6.1784870723134734E-028  -3.6546140551285020E-027   1.3435777020110299E-026  -1.4950755634640510E-026   9.9780906402780079E-027   2.4590944431742032E-027  -1.6100025856678894E-026  -9.5082625349167480E-027   5.5380851566236228E-012   5.2546411919884918E-012   5.1399690635037746E-012   3.5136215629508297E-014  -8.6525265696064360E-025   3.6652099027533221E-025   2.9558483296899035E-025  -5.2509058500301602E-026  -6.2550338218833343E-028  -1.2739472075361046E-025   7.7022580387749800E-025   2.8728706970728812E-025   2.9413105159694492E-025   7.1355393094349048E-025  -4.6036431534294697E-023  -4.9017886864930699E-023  -5.6218171964852928E-026  -1.7822253602347828E-023   1.3161179007447652E-023   6.3817176352800849E-023   3.6893600815952520E-012   3.4879307198176929E-012   3.4126743795374475E-012  -4.4307730806838406E-012  -2.5659269985969700E-012  -2.6218022410697707E-012   7.5157257325064108E-014   6.6561474938624258E-015   8.4622933382533530E-016
  -2.9772361482764653E-017  -2.4006731854532412E-013   1.2272727620822821E-013  -8.9550216894473712E-019   2.0567375511720825E-022   3.8316189953553709E-022  -1.9552229720714034E-022  -1.0277094418407163E-022   4.3957165517527232E-022  -1.0278430315738110E-022  -7.0544198278219006E-016  -5.6807463247458046E-012   2.9040532952910637E-012  -5.3140722179199579E-017   1.0954098374411694E-026  -7.3671172103467603E-025  -1.7247616466799660E-025   8.0284487039375394E-026   1.6197916473918628E-026  -1.9849877130997793E-026  -9.8742179047084416E-025  -7.1498934849210394E-026  -3.5379466577822454E-025  -2.3021103893884801E-025  -1.7981125093108741E-022  -2.0148976795674297E-022   1.0243437433051329E-022   9.8159829737194378E-023  -3.7865601462598207E-022   8.2544094480344516E-023  -1.4774109252180081E-015  -1.1902903854149558E-011   6.0849261246878671E-012  -9.0890191479585374E-026   8.0534407757716769E-027  -2.6759667326052907E-026  -3.4018064553259713E-026   1.1836418135311419E-027  -6.0913350335227984E-026  -3.8077404104390989E-028  -1.0271037432873014E-026  -1.9371706919041675E-026  -3.0172041534208736E-028  -1.1539300164517866E-025   2.9363171824478313E-026  -4.5320375738510481E-026  -2.1643838309111922E-026  -1.1745843522001768E-025  -1.3875837983062205E-016   2.1254560462232530E-025  -2.2439251466707627E-024  -6.4436453637885950E-025   2.7663086752629258E-026  -3.1415818512461930E-026   1.3200297663667107E-025  -8.4462732532041481E-024  -4.2670182798854857E-026  -3.3553968393248799E-024  -1.2458333508166186E-024  -5.8632446443662135E-023  -3.9258740919223462E-022   2.0094083831601092E-022   2.2349272741837551E-023  -1.3080216692132173E-022   3.6212829202989998E-023  -3.0218943611158124E-026  -4.1171876273813747E-027   1.1737984768320902E-026  -3.1074159062506383E-026  -9.2073700400099409E-029  -1.7664741933421746E-026   3.4772607026087275E-027   2.2650209848130234E-027   8.3052435841980016E-027  -8.0840033498177989E-027  -1.9497647657004417E-026  -1.7383261811143442E-026  -3.1357760060989501E-026   2.2037201872620508E-026  -3.9966575113820698E-026  -1.0904019754960663E-015  -8.8996037717387398E-012   4.5505015743809613E-012  -3.2677177793831864E-017  -1.1348903686772475E-027  -6.2894453250010264E-025   2.4585805012476046E-025   2.6276183713875053E-026   4.1298115659260948E-027  -9.0664846136322369E-027  -1.3517948038595647E-024   3.0217935755713926E-025  -5.1493834614176119E-025   6.5373652755829591E-025  -3.2322374084542308E-023   5.2956721931761277E-023  -2.7000610620351039E-023   1.9162771851312252E-023  -6.6432031611167282E-023   1.3120371625137613E-023  -7.3514657207973559E-016  -5.9088350717980760E-012   3.0205669137273355E-012   2.0085805902387652E-015   4.5339514715148273E-012  -2.2260683499662329E-012  -1.1655947627354428E-016   4.8413222679543168E-016  -4.1258877109789942E-016
   1.4981722553972833E-013  -7.0905631282346756E-014  -2.7726337655866465E-013   3.9700885772585297E-016  -4.8578471068450497E-022   2.2599031002103588E-022   2.2136632536272342E-022  -1.5149607374122670E-022  -1.0278430315738110E-022   6.3722130281417204E-022   3.5461815401872834E-012  -1.6778178114113511E-012  -6.5609243884654801E-012   3.8287796945023191E-014  -8.6361956276395972E-025  -2.3399925872552489E-025   2.6814384727897383E-025   2.2131573861680943E-025   2.7926994654985512E-026  -3.9766131933416436E-026  -2.6220692745115218E-025   3.7200902761631897E-025  -1.0998249596738456E-025   4.9141435457898449E-025   3.2873250038814905E-022  -1.6217182109797381E-022  -4.2171791128039663E-023   1.7353067262306463E-022   9.7889700737349491E-023  -5.0245310967751422E-022   7.4295540463531851E-012  -3.5155664954795894E-012  -1.3747144596690698E-011  -1.5391190591918157E-026   1.9781191339075516E-026   5.7632210016589254E-026   6.5430256656418500E-028   2.8776332810201828E-026   1.4869245405208571E-027   7.9993288044948602E-027   3.3207658530954978E-026   5.1817264920797544E-027   7.2996941711710290E-026   2.0431739646468606E-026  -1.0207845961862519E-026   2.2263600328607004E-026  -1.5314690640763146E-026   4.3706753205938225E-026   9.4043273536459930E-014  -2.2970426072069658E-024  -6.8331121183960789E-025   1.6141666791327456E-024  -2.1182345511198800E-024  -2.1267100327770525E-026  -2.0384887215996147E-024  -2.5841673274697389E-024   1.3859361887680883E-027  -1.0244543586486374E-024   2.9688789545137969E-024   3.4008285050576228E-022  -1.4476251091299205E-022  -3.8751320812926386E-022  -5.1210916725807352E-023   2.2276433002652103E-023  -2.8881272110048575E-022   6.9795875440487560E-027  -3.9237576675538462E-027  -5.9165668002179996E-027  -6.4983275675486322E-027  -1.9763126039491001E-026   3.4107942470697403E-027   2.8324164148154102E-027  -4.5178079386292312E-027   1.6524972054898444E-027  -1.4897737707733289E-026   2.6023920118703284E-026   3.6612039217410069E-027   4.3576483199924402E-027   8.3209699087912460E-027   2.0698179274351418E-026   5.5391783531569454E-012  -2.6290181286122704E-012  -1.0278472783935485E-011   3.8845960153043738E-014  -8.4996139267532026E-025  -1.7756047447355792E-025  -5.7836053745265117E-025   2.3307521721914614E-026   6.8336654642345371E-027  -1.3331429876811655E-025  -3.9333382370090946E-025  -5.9638296900518132E-025  -1.3800891204058048E-025  -1.4388254601475455E-024  -1.0096293991183227E-023  -2.2095123411542316E-024   9.1683650468728655E-023   6.3913512784671774E-023   1.9186522344567231E-023  -5.3765229856867081E-023   3.6900947721664060E-012  -1.7451369384903327E-012  -6.8243571368523804E-012  -4.4324826981797839E-012   1.2896130543214580E-012   5.2404255290064400E-012   8.1946463126382579E-014   1.9563622502282148E-014  -4.5053076855425768E-016
   4.0344714493372744E-003  -9.1253886974904800E-016  -3.7832817852775018E-016   3.0781105653616795E-011  -7.0915419810543044E-012   2.9040058443815480E-012  -5.6826848901049616E-012   3.5454762622841659E-012  -7.0544198278219006E-016   3.5461815401872834E-012   9.5418832259071593E-002   1.1624424950767114E-015   5.7705537941529992E-015  -2.7116558767261493E-011  -2.1917641610831617E-014  -4.0338446702224407E-017   8.9026102241853109E-017   4.1872815146075174E-015   2.0362720708182908E-016  -8.2233229780694615E-016   7.4091404628692905E-016   5.2267692107067950E-016  -3.6387650919371251E-016   1.5011748360593205E-016   3.3070352247033686E-012  -2.5630093590066802E-012   4.7196677081210627E-012  -1.6510922745986347E-012   1.0714497250515948E-015  -1.6526922650508519E-012  0.19996903543501099       -1.1660211322883920E-015   1.6993111614690603E-015  -3.3457123940653980E-016  -2.1241419753596607E-017  -1.3700033664746982E-017  -3.4586396059770861E-016   9.9026400670495678E-017  -6.3895865378158942E-016   3.9543869869723994E-017   3.0154450738003752E-017  -2.1725889218113708E-017  -1.7012614465424816E-017  -1.8671233755617109E-016  -5.7580038448246538E-017  -2.3225382242854945E-016   6.0026601151902936E-018  -3.1374532307148704E-019   2.7932935686462912E-010  -6.2572001514839182E-014   4.3521131750457809E-016   7.6827171640054508E-016  -5.5203783415594948E-014  -2.8279671127734959E-016  -5.4548201050495391E-014  -1.5166471796434118E-016   4.5845115406944358E-016   7.2213022987511229E-016   1.2961221025507842E-015   7.9115267074486540E-012  -8.0782555571132030E-013   1.8388573275527062E-012  -3.9567287212162783E-012  -7.5950933011582875E-016  -3.9551477033252843E-012  -1.7824075139624747E-016   1.8518469032946834E-017  -8.2176048928488283E-018  -3.9142537831443121E-018  -5.5766789845972002E-017   2.4270339112875500E-016  -1.7112799156499785E-017  -3.5702297763154879E-018   5.8903335188576059E-018  -1.3903113955763276E-017  -1.3333366236197944E-016   5.0061621637071592E-017   4.8059377513754350E-017   1.1680469782953997E-017  -2.9199695953009456E-016  0.15026639543771655        2.5391823123310603E-015   1.1362500426554736E-014  -3.5861808181790649E-011  -2.2772078015327784E-014  -1.5801053784328976E-016  -5.9994152846991852E-017  -2.7361341786721209E-016   5.7070110569889623E-017  -3.5151904473271201E-015   1.0665703172157806E-016  -1.2588402442349446E-018  -1.7748958709989478E-016  -1.5046157350536950E-016  -9.8095462906266791E-013  -5.3474593658151407E-013   9.2748576887261610E-013   4.9081457277930806E-013   2.9698422145862297E-016   4.9009002528962287E-013   9.9177006354019506E-002  -1.1875580439387130E-015  -4.6345358621214707E-015   3.0351034126582988E-004  -6.7691437600923633E-015  -2.9113200812874014E-014  -5.6167941295403276E-011  -1.6192727936972649E-010  -2.6567164938539834E-011
  -6.7491635604927542E-016   4.0344714493663015E-003  -2.3766176210648750E-015  -2.7416539737516780E-011  -1.6765114431296399E-012  -6.1398638091074587E-012  -7.8421712697135766E-016   3.3533934799898573E-012  -5.6807463247458046E-012  -1.6778178114113511E-012   1.1624424950767114E-015   9.5418832259157205E-002   1.2348908410490078E-015   1.3815570830504773E-011   6.8146747966206936E-017   1.3452987706042293E-014   7.1826968916427335E-016  -1.3187705633398990E-015  -2.9903656716290105E-016   2.0970237823239518E-016   1.9843540897161193E-014  -1.0271358107394945E-015   7.3939228932729771E-015   6.9294619138077911E-017   1.4765880789569596E-012   2.8611387135260652E-012   9.6027501886063045E-016  -2.9627153941728873E-012   4.7175277815753269E-012   1.4776152352716001E-012   7.6593224915121386E-015  0.19996903543452602       -9.6448052556511265E-015   1.1215464924145371E-015  -2.0462251568054774E-016   5.5368927347993070E-018   3.1694144275752139E-016  -1.6784947951430953E-016   5.9923018238433173E-016  -7.9396388091126044E-017  -1.1718148072384763E-018   1.9836105297584994E-016  -3.5238460344507294E-016   1.1618050770610645E-015  -3.4053709485769589E-016   3.9107233360395230E-016   2.9898734042849498E-016   1.1394686709361130E-015  -2.1534775316163329E-010  -3.1378701456392757E-015   4.0595869040532245E-014  -7.1129220804663551E-016  -2.6344798456826751E-016   4.2762356693903429E-016  -1.5637385800252468E-015   1.4707775476277039E-013   5.8616933925687078E-016   5.8829163646268156E-014  -4.7685179634670638E-016   4.6641627389669183E-013   6.8521373447042617E-012   1.0475644589992465E-017  -9.3228088593138167E-013   1.8396256991959540E-012   4.6618592959427666E-013   4.2674604013650415E-016   6.0269326003861582E-017  -8.9941694054961600E-017   3.9977179177024475E-016   9.1233717192465573E-017   2.7917146523634282E-016  -2.9372848934178864E-017  -2.0499169949940818E-017  -1.2534840357521016E-016   1.6306762607552883E-016   1.1505280902987210E-016   1.7169858844184307E-016   3.2284661006305674E-016  -2.7910750887685975E-016   3.9486048747706760E-016  -1.2663466270334550E-015  0.15026639543795203       -5.3112976526752125E-015  -1.2842239469342510E-011  -7.1323484637029155E-017   6.3639630857378086E-015   9.3304257290587029E-017  -4.6907862915465012E-016  -4.7103853203464629E-017   3.1481203678498542E-017   1.4569062036844540E-014  -4.1354806422263989E-016   4.8109316464111009E-015  -1.9004616887054455E-016   3.0892708757915192E-013  -8.4944724493065513E-013  -2.1783571032817616E-016  -6.1760469148690836E-013   9.2748542532765087E-013   3.0878478572330976E-013   2.2659347567176640E-016   9.9177006354036243E-002  -3.4530811114079841E-015   8.1998222808657661E-016   3.0351034114161712E-004   4.8513670226365084E-015  -7.6320827351196739E-011   4.0268827052299562E-011   5.8730456900942588E-012
  -2.1944225563069502E-015   2.6460969870520014E-015   4.0344714493465335E-003   4.9031661374000667E-011   3.2812581194380172E-012  -8.3430755507801853E-016  -6.1420763658938634E-012   3.2809377557831047E-012   2.9040532952910637E-012  -6.5609243884654801E-012   5.7705537941529992E-015   1.2348908410490078E-015   9.5418832259248354E-002  -2.0383799486049519E-011   6.4532482698422048E-016   1.8749977832316337E-016  -4.2961719009383345E-015  -4.8588877799819782E-016  -1.1148543160002776E-016   1.0035413113262647E-016  -7.5671306763935883E-017  -4.9938648636548109E-015   6.3640118697236114E-017  -7.4128694177438872E-015  -2.7221099536186510E-012   1.0556472807325871E-015   2.8657845871564229E-012  -2.7212950668854043E-012  -2.5632910638465655E-012   5.4525095871528939E-012  -9.4543858768559674E-015   1.3497833886322090E-014  0.19996903543498148       -6.1672608561610153E-016  -3.0610314699669300E-016  -9.9192721479660014E-016  -4.1298617983340833E-016  -3.1396821393536997E-016  -5.9868681234970696E-016  -1.1086684104571003E-016  -4.5530257695781536E-016  -9.2556159355759333E-017  -1.0787986714993289E-015  -9.2123307317918303E-016   1.9533032451847462E-016  -6.2070897190667550E-016   1.4083599806967235E-016  -1.1641471050080394E-015   4.0509609490356693E-010   8.1368600008356940E-016   4.9443336688776793E-016  -2.2723216288908396E-014   1.1752120134551177E-015  -5.5929410981883137E-017   8.7161848398390961E-016   1.2753609331327330E-015  -8.1104960688676565E-017   5.7141695359049171E-016  -4.2643011588290934E-014  -1.0624653240556196E-012  -2.3104502990561090E-016   6.8507852135098346E-012  -1.0619580686798215E-012  -8.0755806851922917E-013   2.1235112584992174E-012  -1.4893457285481036E-016   4.4789756940948393E-017   1.1096626112826715E-016  -1.5498811782292460E-016   2.1505854418240977E-016  -1.0580882958554779E-016  -6.1276990708737665E-017   2.3846263334641489E-017  -3.4303626253037507E-017   1.3383168845984018E-016  -3.3767492428136322E-016  -7.8616714773621950E-017  -1.8337195192563124E-016  -5.0898182845114739E-017  -3.9930407544847108E-016   8.4085321256337367E-015   6.8068555902217870E-015  0.15026639543786433        2.8640410141264608E-011  -9.6974146820680893E-017  -1.0271527229736560E-016   9.0442907673238043E-015  -3.5336426362929344E-016  -2.1379772886003618E-017  -3.4214405833887250E-017  -8.0546432801036408E-017   9.6324175730506775E-015  -1.1837871071291756E-016   2.2556345091638768E-014  -5.3547839950767218E-013   2.3932904116844270E-017  -8.4927152057143125E-013  -5.3565349356834373E-013  -5.3473182861451849E-013   1.0705853110314381E-012  -1.1464432680240099E-014   1.0107100996728522E-014   9.9177006354085190E-002  -2.5355826452506259E-014  -6.7010646410956694E-016   3.0351034123962358E-004   1.4978959064077331E-010  -7.2147171810504619E-011  -1.0815293262227119E-011
  -3.2403041205069005E-011   2.7421987062386179E-011  -5.2979071867308457E-011   1.6238525364094419E-003   2.5959857755368255E-014  -6.3958121749235181E-016   3.5474133930069155E-016   3.5087472167003759E-014  -5.3140722179199579E-017   3.8287796945023191E-014  -2.7116558767261493E-011   1.3815570830504773E-011  -2.0383799486049519E-011  0.15220006572601133        1.5169301751072955E-015  -1.0399466456564655E-015   4.5576467400388323E-016   1.9224655451217483E-015   2.4920067344331123E-017  -8.0542641928210454E-016   1.3329039419637774E-015  -1.9182673537346070E-016  -1.6542142668331740E-016  -2.0532526966340021E-017   3.8498151240329106E-013   1.5465559907927989E-015  -9.6788678549535379E-016   3.5442660635362931E-013   6.0406520956644564E-016   3.3262253837834676E-013  -2.5589991911941637E-010   2.0830200052820356E-010  -3.8480578098492189E-010  -1.2066804002421844E-013   2.2692953288501092E-017  -2.4768833836015375E-017  -6.7049070263040739E-014  -2.2535426680715241E-016  -3.9173468510604016E-014  -1.5988246076411034E-016   4.8969024698179766E-017  -1.6344354782529602E-016   2.5393709563286911E-016  -1.1390135956505861E-013   3.1838971126479808E-016  -5.1606752869130864E-014  -1.7378230723619270E-016  -1.2520255085258983E-013  0.37493796998438345        7.1696561729213378E-015   1.5730139435417612E-015  -2.7418272521072511E-016   2.0871424428058786E-015  -1.5882789510751263E-017   4.7294261181025473E-015  -7.5955446255309258E-016   2.7485535820594595E-016   2.0279234873625270E-016  -1.5136128858535750E-017   5.0709514789837640E-014  -1.0315211485094631E-015   6.0506169659379357E-016  -6.9609890910400327E-014  -3.0828147608492546E-017  -4.3432088522933105E-014   3.2561634367932215E-014  -9.5194496920460652E-017   3.4959548687101667E-017  -3.7766366272520227E-014   1.2324875974815143E-016  -5.5321755520752830E-014   5.9857875113829018E-017  -1.3276847306524336E-016  -1.8869010885077627E-017  -2.3792676581052563E-016   1.0605740653281097E-014  -2.3086310777606814E-016  -3.6428300054468327E-014   1.6340304728471231E-016   1.9236136834843715E-014  -9.3508316451561263E-011   6.6495675383751763E-011  -1.1763053675411367E-010  0.15146979844628938       -4.6183897614536126E-016  -4.6119009280343228E-016   1.4048801620492190E-017   2.1132934420544164E-016   3.3990330828992793E-017  -5.4392408898356359E-016   3.3995926919721934E-016  -8.5645252574112312E-017   7.9525679966338168E-017  -1.4072523579246594E-017   6.1088122505560124E-015   3.8693693045127404E-016   5.1211477459035689E-017  -2.3623851389877692E-014   4.4456160229496962E-017  -2.7702900132196550E-014  -1.0079481885580896E-010   1.1216621029664714E-010  -2.0825266997064567E-010   1.7253445546483928E-010  -2.8120459235024998E-011   4.6258943860715866E-011  0.32613367420960482        5.8211823799985650E-003  -5.0955079051832853E-004
