   7.3546021304305422E-003  -7.6394451225722610E-016   5.0167113172062418E-016  -6.9130151039751536E-011  -4.4780528100864747E-012  -4.5934267096433130E-012   6.9730697859207670E-013   2.2390971469488902E-012  -1.7984009546335714E-017   2.2390428123335115E-012   2.5397785084307470E-002  -7.2812173597490871E-015  -1.3810259440205549E-015   9.9003890518968067E-011  -1.5380816909106311E-012  -9.2735640635674610E-016  -2.2152833209335224E-016   8.3976812139862656E-013   2.8759407337810426E-016   1.2233645278186865E-012   5.1514239703352415E-016   8.1370179161431363E-017   2.4491050347363784E-016   9.7192268231853496E-017   1.6458935038725048E-012   2.7556065341125579E-012  -1.9984756552973492E-013  -8.2292275758657359E-013   4.0770347925614457E-017  -8.2282811179089120E-013   3.1441771694714939E-002   1.2449879171022938E-014   5.0978321553481005E-015  -1.5302975010382015E-011   2.5160281468940324E-017   9.8776693677655650E-018  -4.6274754377642254E-018   2.4730662434129943E-017  -5.3512669105599098E-018   1.6187122575884790E-017   1.2798137933187424E-017  -1.2367426736528715E-018   3.0445685700384118E-018  -4.9600324144951201E-018   8.7902348977858755E-017  -6.0250733358257369E-018   4.3706243815321773E-017  -9.9210291846645397E-018   7.5071139542029831E-017   1.1525008467157089E-012   2.4539952576342410E-015   6.1900366326614638E-016  -1.1990028909720523E-012  -7.2067400040823059E-016  -3.4646322155243178E-013  -1.3872319066891320E-015  -1.8220327021322707E-016  -6.2401950937977677E-016  -3.4698780415252436E-016   1.3469878634354218E-012  -1.8194553735550590E-012  -3.7924506129878800E-013  -6.7299548350497511E-013  -9.9874727672783288E-018  -6.7314754484028363E-013   1.9274658737454629E-002  -1.3781671072973887E-014  -3.0776957372218089E-015   2.9478663521490061E-011  -2.5282195945283943E-017   8.1031357451060028E-018  -1.7236947723860600E-018  -1.3136296088244168E-018  -4.8352428635239163E-019  -2.1509184089539076E-018   7.3797433764273432E-018  -2.7497166050644078E-018   4.6412780136676269E-018  -2.7372637570652043E-018   5.5173311949758584E-018  -3.8123442653296579E-018   2.5610832486297042E-018  -2.1089177019110930E-018  -5.7176558382646279E-018  -6.6909242606885873E-013  -8.8360988410445660E-016  -2.2479558348786628E-016   8.1945045741214935E-013   2.5563324279744551E-016   7.6253601611384473E-014   4.9470274150449948E-016   6.2625353449989473E-017   2.2573582668141088E-016   1.0954006801544407E-016   4.3497551696084536E-014   7.6081160458602905E-012   3.4874786486014064E-013  -2.1461568524153428E-014  -6.6370212050028469E-017  -2.2059452675246791E-014   4.1635925632083016E-004   7.3476220517691325E-014   2.3687147865435066E-014   1.5136673602463062E-002   6.2944307928966207E-014   1.8526237531592664E-014   2.6060491829670084E-011   8.4499127826382305E-012   4.5831046001811326E-011   3.6026089387918602E-013  -4.2227031974668224E-012  -4.8162026235923297E-016  -4.2272052265331827E-012   4.0169624402137252E-012   4.6785145885766975E-005   1.3714639485146719E-014  -4.8570370506703785E-014  -3.7073977713393724E-012  -4.9935259412183654E-013
  -7.6394451225722610E-016   7.3546021417075485E-003   2.8348032673746719E-016  -3.1433820251966559E-011   2.6519011070931964E-012  -3.8780752015224469E-012   6.3496408384722715E-018  -5.3041204622857001E-012   6.9731240613770343E-013   2.6519264739992690E-012  -7.8104738348750312E-015   2.5397785121914349E-002   3.7876254481970620E-015   1.6289978415955328E-011   5.2830443630488728E-016  -3.0536999364300465E-012  -9.8556376000875315E-017  -9.2326285284325272E-016  -1.6873982610736625E-016   2.3408710858104774E-016   3.0024204093229122E-012   3.9556820004401895E-016  -9.7487961304225159E-013  -2.2619951266484757E-016  -1.5917330871128141E-012   1.4252607395074651E-012   7.8701868121777267E-018   3.1811027532317795E-012  -1.9980403110394789E-013  -1.5917694739565756E-012   1.1837309280878977E-014   3.1441771682580846E-002  -5.6825596636643298E-015   2.1158206077843880E-011  -1.2157323830935211E-015  -3.1944562897047154E-019  -7.3223599203460119E-018  -6.9610292837427785E-016  -3.9721739079892993E-018  -7.0642998967345283E-016  -3.4580837768186888E-018  -5.0632296055847816E-018  -6.7763817566916306E-019  -2.2328363440673722E-018  -1.1581777455653790E-015  -1.0010101276443342E-017  -6.8657826676793335E-016  -7.4495968749370127E-018  -1.2207161101420355E-015  -1.3348509112422818E-015  -6.6359182947006126E-013   2.6845092270086764E-016   2.4806337902909815E-015   4.6008655275436196E-016  -5.9585101322869993E-016   1.2679856389727337E-012  -9.8547918345762107E-016  -1.0356310072724506E-012   5.7411616333183317E-016   1.0452769205380214E-012   1.1663418220307941E-012   6.3982737776962772E-017  -2.1061693640606799E-012  -3.7922044181485208E-013   1.0451652238212841E-012  -1.4209295890693220E-014   1.9274658786319714E-002   6.3351335876258105E-015  -1.3834774631599106E-012   3.5699987835542148E-017  -6.9135767986447720E-018  -6.9474377301763016E-018   2.9596547118534028E-017  -2.8390429247045003E-018   1.9170877984807940E-017  -4.5980125937699866E-018  -2.2981718911028057E-018  -3.1375057634014047E-018  -9.1739751473658628E-018   6.4763704684103734E-017  -7.6272043234867571E-018   3.1383502023000754E-017  -6.9755776417081946E-018   4.5213390248809027E-017   5.3657609575051669E-016  -4.6057523658320057E-013  -9.2279774256336926E-017  -8.7405979161863636E-016  -1.6404883509664942E-016   2.4127895729038047E-016   3.9995028486244969E-013   3.4522208737620355E-016  -7.3640106400906037E-014  -1.9973744918276358E-016  -4.3923709368285720E-012   3.7882076459577177E-014   1.1068621377734657E-016   8.7850382961637380E-012   3.4876741088610646E-013  -4.3929855618652598E-012   7.4773707969629165E-014   4.1635898093887063E-004  -3.2469688275654700E-014   6.3355107122619654E-014   1.5136673307867256E-002  -3.1662875911600595E-014  -5.4232762446176587E-012  -2.6458571777960417E-011   7.3193859785435857E-012   8.8979001982392171E-016   5.2921432179620625E-011   3.6047740436282470E-013  -2.6462987703633518E-011   3.2250591397708746E-011   9.7223344949870930E-015   4.6785121637838785E-005   1.7581226685801103E-014  -5.7326380579505323E-012  -8.2357323782662946E-013
   5.0167113172062418E-016   2.8348032673746719E-016   7.3546021343983917E-003   1.5087853193570132E-011  -4.0266269266814910E-013  -1.8949038859247420E-017  -3.8781830551137171E-012  -4.0266125240097926E-013  -4.5934297139521366E-012   8.0511125298705259E-013  -1.2433036386500855E-015   3.2950028734684612E-015   2.5397785097585539E-002  -2.2850365560038502E-011   1.9599043431136550E-016  -7.1279310254843571E-017   2.7596435313069606E-013   9.3556771041337392E-017  -6.7004993779398866E-016  -2.1975406270209332E-016  -1.5886524399194002E-016   1.9709019347565532E-012   4.4122807540007867E-016  -1.6724495013184586E-012   1.1500101118156465E-013   3.3974152386324846E-017   1.4254188400704201E-012   1.1500805650430608E-013   2.7555799527406705E-012  -2.3104819757524396E-013   5.0116826231005678E-015  -5.7561243508439969E-015   3.1441771692526044E-002   4.7281078919625446E-012  -5.0795271241248634E-016  -9.7782039642042089E-018  -5.4038665417619446E-018  -2.7250117662963455E-016  -2.3217659075441918E-018  -3.0031963803751654E-016  -1.1073560311967555E-017  -3.1716328382829919E-018  -7.8035187242423992E-019  -1.0481054012046701E-017  -4.3331282228825802E-016  -1.5249987022550168E-017  -2.6796386185936898E-016  -3.7947796956513689E-018  -5.2299277071541868E-016  -2.7470736952995201E-016   2.6336212242506957E-016   1.7666094243665454E-012  -1.3278959428524452E-016   1.7780883101316751E-015   6.8841892921175130E-016   5.8351842882601538E-016   5.4285382233976164E-013  -9.9735692834183712E-016  -1.7147403436239040E-012   2.1692146372053318E-013   9.8352990769822280E-017   1.1662935919496528E-012   2.1675579056599954E-013  -1.8192596596271358E-012  -4.4008366341050368E-013  -2.8649892232045831E-015   6.0611244375250406E-015   1.9274658746680461E-002  -6.9754741392609382E-012  -3.0350283387255718E-017  -5.3319254116857166E-018  -8.3366893420833952E-018   5.6270535205491782E-018  -3.7550229203302316E-018  -5.0819367942548388E-018  -4.2713098617906683E-018  -4.3797490321103211E-018  -2.9328461779941868E-018  -5.6641217162092174E-018   6.3909889348500937E-017  -2.6753205854789647E-018   1.5164369395884841E-017  -3.9051281591397626E-018   1.4571932326700487E-017   1.3213067789998149E-016  -8.1893160214851046E-017  -9.2707795119364278E-013   5.9533024624803555E-017  -6.3983806099469396E-016  -2.2957568301075486E-016  -1.9077971633207180E-016   2.0244390300305864E-013   3.5366633864278548E-016   5.3836171648614240E-013  -2.0131240787414965E-013   5.2328762348270967E-016   3.7938505504011914E-014  -2.0110091629951871E-013   7.6086450432199607E-012   4.0238792330052818E-013   1.9568296350790187E-014  -2.4801715906349847E-014   4.1635932349992936E-004   1.8195912911605562E-014  -3.0474381838374481E-014   1.5136673636071799E-002  -6.3032228140017261E-012  -2.0759018641685024E-013   3.7573099640235112E-015   7.3197555166747653E-012  -2.0635365332287268E-013   4.5835016615059352E-011   4.1392504889253466E-013   7.5129025109494446E-013   2.9623238630085081E-015  -2.9770326277453193E-015   4.6785147435041721E-005   6.1515390964397768E-013   8.3177452797557380E-014
  -6.9130151039751536E-011  -3.1433820251966559E-011   1.5087853193570132E-011   8.0729246669715164E-005  -4.9043054162810481E-012  -1.9970601639073414E-016  -5.6439757825107161E-017   8.4386410392506937E-012   1.1825774189271297E-016  -3.5351091027609473E-012  -2.4028519923879586E-010  -1.0751073761431499E-010   5.2523084712042758E-011   2.6523667227084219E-003   9.4016970595232482E-018   7.7164863761777994E-018   6.7692815360618594E-019   3.2864991248714461E-019  -2.7066031273587948E-018  -4.1404198918879605E-018  -9.1058552518049192E-018   7.7188984955415659E-018  -4.5970603937734804E-018   2.7219958410783322E-018   1.4920105037234002E-011   6.8294577899602171E-016   1.9587965005020471E-016  -2.4891958533360153E-011  -3.1416599125832615E-016   9.9664576263989080E-012  -2.9882241844135886E-010  -1.3908222042966771E-010   6.5048855006731120E-011   7.8684137381421042E-003  -2.7652850487425849E-014   3.9733891504252459E-018  -1.6374630070501105E-018  -1.0118136611115595E-011   4.5981582670992890E-019   1.0154826648943961E-011  -1.0161026087700555E-018   6.2538636612544785E-018   1.6002325198416630E-018  -2.1646591846161367E-018   7.8597754986141628E-012   3.5951379910094033E-018  -3.7034431874834354E-012  -1.6639982627910326E-018  -3.6807223235083831E-012  -2.2602965831052726E-018  -1.9744206638755906E-018  -6.1537054801282004E-018   4.9665798193619445E-018   4.2428549422917527E-019   7.0783674579585337E-018   1.0629057278538818E-017  -6.5244232935639733E-018   2.3161011568579701E-018   6.9270366984488847E-018  -1.3316512769697384E-011   1.4043537374012277E-015   6.4505763624726355E-016   4.1006494490600325E-011   3.8894030390293618E-016  -2.7752602384625919E-011  -1.7484441828856611E-010  -7.8859245878860889E-011   3.8185173598372327E-011   4.7268265572665410E-003   1.6390327819391155E-012  -1.3952365825236845E-018   9.8789239014501737E-019   4.8411339737857981E-013   1.2535332645626809E-019  -3.3616036902312981E-012   9.9774379328997372E-019  -5.5381836990095281E-018   1.3149960151306487E-018  -1.0122902227488590E-019   2.8854422376800143E-013  -1.0234587461031382E-018  -9.9239911499763771E-013   1.2464840978991596E-018   2.4785306872162802E-012  -6.4562431544631681E-020  -9.3322909529188485E-019   4.2373576310539169E-018  -9.4445723524445666E-019  -4.1199799416075602E-020  -2.7268860532479513E-018  -7.1938463566965763E-018  -1.3945254449421987E-018  -1.4845881191214241E-018  -5.7958433414217826E-019  -1.9945490467230623E-012   9.7971950194210172E-015   4.2094486404437422E-015   2.6066315663034309E-011   1.1201728672808699E-015  -2.4072952406498966E-011   1.2250735951180072E-010  -3.8606878709975875E-010  -4.9401183166947288E-011  -1.9024975869979438E-010  -1.2702849820168607E-010   3.9469046477533532E-011   6.9509922171905273E-003  -2.6443375406410661E-011   6.9758344830125947E-014   2.9974194721089543E-014   2.3080407975440449E-010   8.4935261399750054E-015  -2.0436070532994758E-010  -1.1683255662790105E-003   4.1477236148314100E-011   1.2974792708093305E-011  -9.2944751464414086E-012   8.8106226083664308E-005  -1.1178299118727099E-005
  -4.4780528100864747E-012   2.6519011070931964E-012  -4.0266269266814910E-013  -4.9043054162810481E-012   2.3100945147993972E-007   2.5727767867152572E-018   1.3197930093924849E-020  -1.1550473305438947E-007  -5.2185554364303252E-018  -1.1550471845528002E-007  -1.5506168745610841E-011   9.2277978801593075E-012  -1.3922627149630778E-012  -1.6352885210389878E-010  -1.8388689053028512E-015  -9.1603824751644747E-016   3.6321809192154695E-016   1.2335459446034533E-015  -1.7142676581910082E-019   1.2336036188598107E-015   5.1136888513423619E-016  -9.0847060913565034E-017   2.2779547178189647E-016  -2.0449818250809169E-016   2.9813256242673939E-008  -2.7306400259861067E-018  -3.9846927525684171E-019  -1.4906615426681954E-008  -1.0591977170486788E-018  -1.4906641101496091E-008  -1.9104746816887452E-011   1.1318424767263805E-011  -1.7176784407287696E-012  -4.8341032008306668E-010   1.4845201203885101E-015   7.3042326131325540E-019  -1.0334928962250302E-019  -1.8576489241963554E-015  -1.2173487645675679E-019  -1.4471134832592882E-015  -5.6224785191638186E-019  -3.4299559187840748E-019  -8.4345614189630134E-020  -4.3375914763161816E-019  -3.4561000608578466E-016   4.9013252287493413E-019   1.7489122711648263E-015   4.2770336274421348E-019  -5.8483341123393490E-016   2.6697820286448137E-015   1.8942249853487603E-015  -4.9591101848580183E-016  -1.7907931568325766E-015   1.3704796246845313E-019  -1.7911161263278490E-015  -1.0598174182523686E-015   1.2256699882316735E-016  -4.7351594394218150E-016   2.7678740525601133E-016   1.6495805310431530E-005   1.2714270895093750E-016  -1.5263679957332289E-017  -8.2479029491944380E-006  -3.4163352237970507E-016  -8.2479023641994576E-006  -1.2024818564777766E-011   7.0642792261981374E-012  -1.0846736729194347E-012  -2.9343918102298785E-010  -4.1340424754504175E-015  -1.4808860583458601E-018  -7.0023732771836429E-019   7.0877440748857259E-015   5.2657878370262543E-019   1.7802606417606257E-016   9.0719402480412447E-019   5.4183653129835393E-020  -1.3678232952617170E-022   1.4977249917002379E-019  -5.7679925963620161E-015  -1.1201438402072494E-020   3.0260401025857927E-015  -2.2916435961085332E-019  -1.8401587800935149E-015  -4.5605154559235252E-015  -3.6774142858144121E-015   8.0110044706628680E-016   3.0590189012506837E-015   1.7231142301316426E-020   3.0594055406992279E-015   2.0553469341015469E-015  -1.9997320322200905E-016   9.1921137180487978E-016  -4.4807910592959856E-016   8.7823025684613727E-005   6.5525970084994840E-016  -9.1364181151901331E-017  -4.3911514220934144E-005  -1.8068513096493919E-015  -4.3911511463735527E-005  -1.8658274766943707E-011   1.9477050126860760E-012  -2.1541753346210211E-012  -8.2308620213059191E-012   4.9155759299966245E-012  -7.3541798763617043E-013  -4.2813156870797585E-010   6.3332579247052173E-004   4.7836078696259040E-015  -6.4119807433582802E-016  -3.1666290621643381E-004  -1.3050549703552751E-014  -3.1666288625426632E-004  -4.8218705212652618E-011  -8.0416336091279076E-013   4.9274410485190909E-013  -6.3081017732083589E-014  -2.2905108707598982E-012  -1.3404054891534366E-013
  -4.5934267096433130E-012  -3.8780752015224469E-012  -1.8949038859247420E-017  -1.9970601639073414E-016   2.5727767867152572E-018   2.3100944186930500E-007  -1.0985874026851276E-019  -1.6989789707959166E-019   2.5522572625739978E-019  -1.5349393327361919E-019  -1.5983701718205903E-011  -1.3428621016220152E-011  -7.1408451653942075E-017  -7.8239981620872436E-015   5.9152696624798971E-016  -1.8998425024821690E-015  -6.3228789898327140E-019  -1.0570742714353058E-015   3.0309140274971220E-016   2.6452097595374568E-016   1.0620821943922043E-015  -4.6523229766090011E-019   4.7472674176546067E-016  -6.7923934643928385E-019   1.2992574396113752E-017   2.9813272494112545E-008   3.8561255037617815E-019   1.7419642810906853E-017   8.1881044246035011E-020   1.7990731055754467E-017  -1.9604942843930398E-011  -1.6545066710001330E-011  -8.1893995840953082E-017  -2.3457157372565178E-014   6.1956767968652480E-017   2.0777967901541077E-015  -4.2287327864631429E-019   3.6853636471526085E-017   3.0593151405580909E-019   3.6398405114150343E-017  -2.8443251359034074E-015  -3.7769610703033424E-019   1.0364051690323936E-015   2.6158709164870331E-019   6.1944515324832955E-017  -1.5650441337199532E-019   3.6387952559973770E-017   1.4349844328992918E-019   6.2168366282043844E-017  -1.2224525701799489E-015   2.7576580285523088E-015   4.4154911263241648E-020   2.1877086531289151E-015  -4.1283024684903602E-016  -5.4649785649413223E-016  -1.5427550794056167E-015  -1.6109157225232034E-019  -6.8982711062584372E-016  -8.8524570814005087E-019   2.9898682199269557E-016   1.6495804926442160E-005  -2.6944262288136625E-017   2.2809140798389430E-016   3.4974725346232017E-017   1.8153903045436223E-016  -1.2236130573951553E-011  -1.0413654738594518E-011  -6.6037172801416258E-017  -1.3287021413483289E-014   2.3864640721552918E-018  -3.7263907984298276E-015   8.3526014356098034E-021  -2.9778115979089536E-019  -2.1060687826887437E-019   1.1880632348480392E-018   4.9692849501612416E-015   2.6980666462397454E-020  -1.6550943137539868E-015  -6.1203443988031300E-019   2.9480360369144805E-018   4.9487934034357274E-019   1.5929622271404981E-018   7.0930163909530862E-020   1.9299638290650681E-018   2.3741462516631046E-015  -4.7103141663658029E-015   8.4044607727976314E-020  -4.2462518167585496E-015   6.6748127406655826E-016   1.0616318181920836E-015   2.6335065749443454E-015   2.1570362155599841E-019   1.1775067746233841E-015   5.8997610443912096E-020   3.0536528739959475E-016   8.7823023872359563E-005  -1.5432599781715619E-016  -1.9365480164546393E-017   1.9265125334811689E-016  -2.8977956887716569E-016  -3.3645377869696064E-012  -1.6153533390238136E-011  -6.5397451890967997E-016  -8.5144002647354410E-012  -7.1281591213311156E-012   3.2425617316846433E-018  -2.1141646824401515E-014   2.2731362738807547E-015   6.3332577929894928E-004  -1.1039863239067036E-015  -1.7368814666095594E-016   1.3834088474305346E-015  -2.0990912903323425E-015  -7.8062636262324675E-015  -8.7015331046149111E-013  -6.9617145735359079E-013  -3.2837027140046902E-015  -1.8562134600592667E-015   7.6911761804322638E-016
   6.9730697859207670E-013   6.3496408384722715E-018  -3.8781830551137171E-012  -5.6439757825107161E-017   1.3197930093924849E-020  -1.0985874026851276E-019   2.3100944082945673E-007  -6.2929100573429339E-020  -5.1054016232025519E-019  -9.8092500756037536E-019   2.4110363159873107E-012   1.7094469565581738E-017  -1.3428994126463624E-011  -2.2916734959493249E-015  -2.3500757681934585E-016   9.5088307856861821E-019  -1.8998795479459933E-015  -1.0539274686520331E-016  -7.6344134302366006E-016   4.2027424314848197E-016   1.0275975778208303E-018   4.7514677559247776E-016   6.5175954023995896E-019   1.0619420199285285E-015   4.1266328629695170E-019   1.6055060041571092E-018   2.9813274168549556E-008   3.1859716567852659E-018   4.5700651059317800E-020   2.4218234178184552E-018   2.9745732438804897E-012   2.2425974274071761E-017  -1.6545533960141663E-011  -6.8771937150924026E-015   1.6575338510380823E-017   2.3445150341734566E-020   1.4265019692426397E-015   9.7722220235235529E-018   5.3901900913833713E-020   1.0449107802973413E-017   1.9642017873522637E-019  -2.2715956379918998E-015  -8.6098363904461723E-019   2.5319503907266611E-016   1.6006245109790806E-017  -8.5743884705335157E-020   9.4664857945613629E-018  -2.9683759936180479E-019   1.6582455588244075E-017   3.1970296121663479E-016  -2.7062979817072780E-020   2.7584245782872500E-015   1.4293244820223115E-016   1.5787898511221976E-015  -5.7226076743140274E-016   1.6747712110603454E-018  -6.8856774580771318E-016   5.9319690015589097E-019  -1.5395313408085530E-015   7.7823347163119121E-017   2.2370825585063485E-017   1.6495804890053293E-005   9.9206211646356006E-017  -3.1598766938646110E-017   1.7208143597483270E-018   1.8783410323280949E-012  -3.0359987826880371E-018  -1.0413954933514311E-011  -3.8866403776541378E-015   9.8622780005623710E-019  -1.1267313209787430E-018  -1.7503668179520353E-015   2.5317790873056910E-019  -7.2588293132683964E-019  -1.0035664582842563E-019  -7.3167195009495885E-019   3.4277721633425591E-015  -9.8064071897277560E-020  -8.2234606304954305E-016   5.8729087438323921E-019   5.2839293374198095E-019   5.4810470746362755E-019   5.9557289201825624E-019   9.6081925018443992E-019  -5.1724406919401180E-016   3.3446112666344229E-019  -4.7096746408930511E-015  -2.3113394708450351E-016  -3.0645138625925585E-015   9.2487304190244696E-016  -3.4583942415008266E-019   1.1778405597396912E-015  -2.1502721615254654E-019   2.6337056991016049E-015   8.8539510233990104E-017   1.1138336590005332E-016   8.7823023671129797E-005   2.0405799667939008E-016  -1.5367576859966529E-016  -3.0287035940061147E-016   3.7266143516984119E-012  -2.2808170108566769E-015  -1.6155228865311891E-011   1.2734559801886085E-012  -2.4041881619569876E-017  -7.1283772653433336E-012  -6.1975970418465294E-015   6.8013409922683380E-016   8.0415959943809350E-016   6.3332577787515850E-004   1.4892284332048751E-015  -1.1233279748727601E-015  -2.1702053752855324E-015  -3.6865125774533752E-016   1.2120886894117770E-013  -1.0955961943366678E-015  -6.8659395874799807E-013   1.8928647823256772E-015  -2.7239381792030562E-015
   2.2390971469488902E-012  -5.3041204622857001E-012  -4.0266125240097926E-013   8.4386410392506937E-012  -1.1550473305438947E-007  -1.6989789707959166E-019  -6.2929100573429339E-020   2.3100944055592806E-007  -3.4144443672036074E-018  -1.1550470747324891E-007   7.7533205078902737E-012  -1.8456689015292720E-011  -1.3922635306462452E-012   2.7986189918840801E-010   9.1975911855820478E-016   6.8743704200268830E-016  -9.0600259565716650E-017  -1.6454576318544492E-015  -6.0887657425568780E-021   4.1143721953284440E-016  -1.0233271197725784E-015   3.6386603587048184E-016   6.8729730131761666E-016  -2.0241325032389162E-016  -1.4906615279693246E-008   1.2555855799431907E-019  -4.0922743806403150E-019   2.9813275253808687E-008   1.7698661008395424E-020  -1.4906659751153221E-008   9.5526780712829518E-012  -2.2638219725015953E-011  -1.7176733630250390E-012   8.2767190023222422E-010  -2.1851473574126590E-015  -4.7924047532376575E-019   1.9666471625265622E-019   4.2892495911613375E-015   4.0823297192414027E-019   5.0809923354150111E-017   1.4543944036189184E-018   2.1832641064174137E-019  -2.7166963234819900E-019   8.3898473090047000E-020  -2.9107400899975731E-015  -2.4281604715168161E-019   1.3190015406305287E-015   2.9693305197951878E-020  -4.8654796692657864E-016  -1.3353930101491922E-015  -1.4206153865705744E-015   1.2390061447620263E-016   2.3885783131164922E-015   1.3216077678346812E-019  -5.9700480078680884E-016   2.1189188957014901E-015  -4.9483816474868923E-016  -1.4205764896412731E-015   2.7746814330511892E-016  -8.2479029497667137E-006  -1.2265190258025593E-017  -4.3369868431159335E-017   1.6495804875165032E-005  -2.5017131061259762E-016  -8.2479019232744375E-006   6.0125483667425748E-012  -1.4129226045223035E-011  -1.0846752965411642E-012   5.0304882610286210E-010   5.0875048266255897E-015   1.8627012899016114E-018   2.4884654398974962E-019  -5.8173353456629288E-015  -1.9591458717556475E-019  -3.1120174525329469E-015  -1.0251859736008022E-018  -2.8120564533330356E-019   8.7212405033243921E-019   5.5174653507994546E-020   8.7526180823344250E-015   5.5601296482405377E-019  -9.5552047420999803E-015   1.4109526209290779E-020   7.2231516583043485E-015   2.2804924344943095E-015   2.7581501453578202E-015  -2.0019178298767424E-016  -4.0792079935487332E-015   1.8886507732424239E-020   1.0197227627709625E-015  -4.1109502691132078E-015   8.0065093813099084E-016   2.7581804411724900E-015  -4.4756212904185165E-016  -4.3911514232096107E-005  -3.5910166903981611E-017  -2.2998732576911266E-016   8.7823023623559898E-005  -1.3282656948762425E-015  -4.3911509391412366E-005   9.3253419535761177E-012  -3.8780888655706692E-012  -2.1536750125709531E-012   4.1156236425392314E-012  -9.8317792944487404E-012  -7.3532023563798724E-013   7.3125749280620030E-010  -3.1666290629730917E-004  -2.9979623542930205E-016  -1.6647984483568264E-015   6.3332577749802095E-004  -9.5866449989952261E-015  -3.1666287120053516E-004   1.2412654613256988E-010   4.0487520599189339E-013  -1.0127040754171541E-012  -7.1581548310710925E-014   5.3022963152344564E-012   2.1319846254169132E-013
  -1.7984009546335714E-017   6.9731240613770343E-013  -4.5934297139521366E-012   1.1825774189271297E-016  -5.2185554364303252E-018   2.5522572625739978E-019  -5.1054016232025519E-019  -3.4144443672036074E-018   2.3100944342647804E-007  -2.2582669902840379E-018  -6.1324349072417864E-017   2.4110530806126645E-012  -1.5983718865049251E-011   3.8855537078309918E-015   2.9863845232532342E-020  -1.0462217065093806E-016   2.6363065025687982E-016   1.1728808104831746E-019  -1.3708895982717236E-015  -1.6978135704078687E-019  -2.3352070557016575E-016  -1.0568428716019666E-015   4.2104814483367277E-016   5.8956082779952280E-016  -1.3905500973079251E-017  -2.0855521310471809E-019   3.0559894643024289E-019  -1.6309332263821073E-017   2.9813270851764093E-008  -1.8278893365136486E-017  -7.5920233737483062E-017   2.9745896307930362E-012  -1.9604950418394662E-011   1.1629862476075701E-014  -2.1984687544608894E-017   2.3945704022499401E-019  -4.5732343176661025E-019  -1.2660989992215247E-017   1.0438028961609841E-015  -1.2831104221972522E-017   1.3266707814806851E-019   3.2397793853958613E-019  -3.0699524695037885E-019   1.0667952245240635E-019  -2.1815746012739733E-017  -2.2593922309808359E-015  -1.2185101836829951E-017   1.4880980723030536E-015  -2.0750672881689662E-017  -1.8199251716347008E-019   1.4384526208361639E-016  -5.4761465855125575E-016   2.5236307446687412E-019   1.9900251715225581E-015  -2.3007004566440604E-020   3.2175408431081804E-016   2.1865079368625614E-015  -5.7131504479006842E-016  -1.2238660107000802E-015  -1.2393906655078531E-016  -1.9354903434659938E-017  -1.0200134282791636E-017  -8.4339609964884672E-017   1.6495804985925168E-005  -6.4503344258175902E-017  -4.6222676205102167E-017   1.8783608720358304E-012  -1.2236136037030291E-011   6.5820301414061116E-015  -1.1175015291896298E-018   5.1087177252809996E-019   4.6706716198068872E-019  -4.0091723436469701E-019  -1.8100077362358942E-015   4.3257407579960607E-019   4.9415056542090799E-020  -9.9278995687973634E-019   5.7851256849845025E-020   1.9581056776423483E-019  -2.1252219679669811E-019   4.5619035449018479E-015   9.4895460146141838E-019  -3.2064622211114621E-015   1.2798346526516976E-018   1.5722951572859802E-019  -2.3130902383482211E-016   1.0613793816231068E-015  -2.1557928489273402E-019  -3.3992008448914586E-015   3.7968160900038368E-020  -5.1664561372901524E-016  -4.2463712123337071E-015   9.2494604761958667E-016   2.3731565707384120E-015  -1.7228983160381545E-016  -9.3862585016526970E-017  -3.6825793430351643E-017   3.1667693777467786E-017   8.7823024166456856E-005   1.3890360998532703E-016   1.1345366491428176E-016   3.7267638109653840E-012  -3.3628894548395641E-012  -3.0176164748083456E-017   1.2734323272118802E-012  -8.5143337575679876E-012   1.0282752237993532E-014  -1.2611884374086842E-015  -6.8287849670103225E-016  -2.8451886884670966E-016   2.2426830422173498E-016   6.3332578143362810E-004   1.0342006853131301E-015  -7.1697160026758152E-016  -6.6768144022432914E-016   1.2143600956787874E-013  -8.8428094855028690E-013   1.4825755853971817E-015   8.8268876979154043E-016
   2.2390428123335115E-012   2.6519264739992690E-012   8.0511125298705259E-013  -3.5351091027609473E-012  -1.1550471845528002E-007  -1.5349393327361919E-019  -9.8092500756037536E-019  -1.1550470747324891E-007  -2.2582669902840379E-018   2.3100942592996899E-007   7.7531430605556994E-012   9.2278910066521953E-012   2.7837890103424097E-012  -1.1635805701658966E-010   9.1910978697431916E-016   2.2860120575023718E-016  -2.7261783240830392E-016   4.1191168700848198E-016   1.7751560262702123E-019  -1.6450408384585643E-015   5.1195823442239364E-016  -2.7301897493284549E-016  -9.1509277304583430E-016   4.0691143285328251E-016  -1.4906640966817657E-008   2.8953794690814496E-018   6.7468372570226444E-019  -1.4906659823475521E-008  -3.6408988795806529E-019   2.9813300852835063E-008   9.5524440732163869E-012   1.1318537826848330E-011   3.4344437464331065E-012  -3.4433605016828039E-010   7.0062723692666764E-016  -2.5118276589792230E-019  -9.3315432960094924E-020  -2.4316005717527844E-015  -2.8649814461326118E-019   1.3963034650966402E-015  -8.9214657924413812E-019   1.2466919128341120E-019   3.5601525666845938E-019   3.4986067345001422E-019   3.2563500223480060E-015  -2.4731636929982623E-019  -3.0679137772202201E-015  -4.5739673808909340E-019   1.0713814125967244E-015  -1.3343890188547911E-015  -4.7360959900259187E-016   3.7201040402070145E-016  -5.9778515591352832E-016  -2.6920884423356229E-019   2.3881209272251317E-015  -1.0591014772758343E-015   3.7227116576467687E-016   1.8940924335759967E-015  -5.5425554844931252E-016  -8.2479023627877450E-006   4.5745420865676411E-017  -1.4963034406546258E-017  -8.2479019239504918E-006  -1.8591322354146581E-016   1.6495804287576725E-005   6.0124105085122379E-012   7.0643487114607077E-012   2.1687510491016078E-012  -2.0965393833885258E-010  -9.5346236565321419E-016  -3.8181526753901229E-019   4.5139079155179310E-019  -1.2704087350097124E-015  -3.3066411125616533E-019   2.9339914195606340E-015   1.1799199705396474E-019   2.2702197700907264E-019  -8.7198728408413433E-019  -2.0494714908280151E-019  -2.9846254873361293E-015  -5.4481174139144360E-019   6.5291646477116933E-015   2.1505498462067696E-019  -5.3829929006378759E-015   2.2800230220430470E-015   9.1926414097523789E-016  -6.0090866416372213E-016   1.0201890916649565E-015  -3.6117469566918100E-020  -4.0791283036611713E-015   2.0556033345504111E-015  -6.0067773464149195E-016  -3.6773918128763494E-015   8.9564123483560619E-016  -4.3911511463820027E-005   2.3580075167834962E-016  -7.0473837798584827E-017  -4.3911509391870807E-005  -1.0054236812521536E-015   8.7823020855695347E-005   9.3240992060902443E-012   1.9475420249133794E-012   4.3037481542182118E-012   4.1154033632948082E-012   4.9156288346616386E-012   1.4702937749567687E-012  -3.0319158914385149E-010  -3.1666288625471843E-004   1.6830076948671120E-015  -5.1960752139162265E-016  -3.1666287120402911E-004  -7.2218449995727992E-015   6.3332575745874938E-004  -7.5878666954063895E-011   4.0504624955702790E-013   4.9093136999747519E-013   1.4003017580339941E-013  -3.0008223207641497E-012  -8.0210301461829424E-014
   2.5397785084307470E-002  -7.8104738348750312E-015  -1.2433036386500855E-015  -2.4028519923879586E-010  -1.5506168745610841E-011  -1.5983701718205903E-011   2.4110363159873107E-012   7.7533205078902737E-012  -6.1324349072417864E-017   7.7531430605556994E-012   8.7707671280997782E-002  -4.3079800396751700E-014  -1.5062705772609474E-014   2.8453022552232978E-010  -5.3121762880093312E-012  -3.2017668334995323E-015  -7.6340053737523469E-016   2.9006455590240086E-012   9.9287336305777365E-016   4.2249799108900258E-012   1.7773307745366297E-015   2.8260045147361043E-016   8.4622771016070493E-016   3.3390625205686988E-016   5.7067458166708447E-012   9.5006487400226500E-012  -6.9568071018486639E-013  -2.8532953562512807E-012   1.4111782678924560E-016  -2.8529657502652480E-012  0.10857799544096390        2.0903479768367005E-014   4.8884893962439753E-015  -2.2024100252642250E-010   8.8023803501213551E-017   3.3403804204546914E-017  -1.6576283665401432E-017   8.4692117366702009E-017  -1.8473671018394755E-017   5.4788130102707875E-017   4.4223651170486250E-017  -3.9899331911461557E-018   1.0042795434792679E-017  -1.7066083988931623E-017   3.0382789484257002E-016  -2.1245985636858054E-017   1.5137569716976218E-016  -3.4096728109303978E-017   2.5996814925608001E-016   3.9824653505525852E-012   8.4714743928640751E-015   2.1349160478611578E-015  -4.1433694636384760E-012  -2.4873392846222248E-015  -1.1968202435695883E-012  -4.7887982695513988E-015  -6.3068385444453466E-016  -2.1549158221991216E-015  -1.1948615369422806E-015   2.6147520590796109E-012  -1.4719490995224100E-011  -1.2852146127022741E-012  -1.3060398282833951E-012   1.7313541781594427E-017  -1.3058003208229252E-012   6.6575854458472458E-002  -6.1677889966254989E-014  -1.8710825451091450E-014  -1.2559334121096550E-012  -8.8046872505556938E-017   2.7959842809703069E-017  -5.8611162402266071E-018  -3.5576391370406219E-018  -1.6341817582164412E-018  -6.2439157008547490E-018   2.5029340521793826E-017  -9.8286788867888584E-018   1.6169828283835664E-017  -9.3318559025193505E-018   1.8864126967423390E-017  -1.2776057488406671E-017   8.9050967939455337E-018  -7.8091690059257102E-018  -2.0018270304635165E-017  -2.3120596001198902E-012  -3.0479906788265362E-015  -7.7425326869616706E-016   2.8315999099298280E-012   8.8155838468992685E-016   2.6362087930579370E-013   1.7062172067749537E-015   2.1706182677270120E-016   7.7895492762868556E-016   3.7634868704733705E-016  -1.0495334859822307E-011  -1.8647559992729239E-011   1.2925592273167754E-012   5.2466185323865170E-012   4.7098076596414540E-017   5.2486344507326596E-012   2.8645909167499982E-003   2.0626456375970083E-013   5.0914460436702655E-014   5.2274061724948140E-002   2.0697189649984515E-013   5.7853402145094221E-014  -6.0111535171986295E-011  -4.7739604083887597E-011  -1.6566563811150453E-010   1.9122101479754727E-012   2.3862875694824245E-011   3.2759920096637318E-016   2.3876743742966575E-011  -3.1794139120211773E-011   2.3233645641732365E-004  -1.1415064393163702E-014   1.7463275456826208E-013   1.0835898581785455E-011   1.0802712973944313E-012
  -7.2812173597490871E-015   2.5397785121914349E-002   3.2950028734684612E-015  -1.0751073761431499E-010   9.2277978801593075E-012  -1.3428621016220152E-011   1.7094469565581738E-017  -1.8456689015292720E-011   2.4110530806126645E-012   9.2278910066521953E-012  -4.3079800396751700E-014   8.7707671405906365E-002   2.1042013729553766E-014   9.2030475640095145E-011   1.8239246954552207E-015  -1.0545915083640793E-011  -3.3900621398048795E-016  -3.1869338700201167E-015  -5.8223427686977174E-016   8.0791001120762362E-016   1.0368870204779693E-011   1.3668675309963204E-015  -3.3667910660150336E-012  -7.8863359744784200E-016  -5.4878862948706682E-012   4.9417549823612165E-012   2.8717851512856379E-017   1.0967664845297113E-011  -6.9553157047755334E-013  -5.4880092344949806E-012   2.1051076804246616E-014  0.10857799539345885       -9.7106242249781399E-015   1.8130897867357034E-010  -4.1395597291436739E-015  -1.2402130316338796E-018  -2.6135002899722826E-017  -2.3700850052215716E-015  -1.4012442937176064E-017  -2.4079227837150767E-015  -1.2176136270747029E-017  -1.7822475488338406E-017  -2.1985833989171917E-018  -8.0289545935228308E-018  -3.9412139449375128E-015  -3.4234575983750002E-017  -2.3374720387155571E-015  -2.5515254499383175E-017  -4.1574270219691924E-015  -4.6079159116729721E-015  -2.2909763282327591E-012   9.2112129931902966E-016   8.5631320532833807E-015   1.5879899104715627E-015  -2.0560361138304294E-015   4.3784600552218094E-012  -3.4055800966866753E-015  -3.5765090106798104E-012   1.9870326339314202E-015   8.4804299792471149E-012   2.2638055452870287E-012  -6.4655229125732448E-018  -1.7014509920947609E-011  -1.2852807086146793E-012   8.4804493363389719E-012  -6.1801040004883012E-014   6.6575854621030189E-002   2.7811695995152227E-014   5.3974349689629180E-011   1.2236243504103646E-016  -2.3952231246954422E-017  -2.3180025253465677E-017   1.0245557184893469E-016  -9.6362789980404706E-018   6.8949055922475849E-017  -1.5272383246649130E-017  -8.1239377391893500E-018  -1.0589034017974456E-017  -3.1400869321986378E-017   2.2409373942597139E-016  -2.6355852018443607E-017   1.0953895004360175E-016  -2.4026414980486497E-017   1.5548825949559990E-016   1.8509138416334998E-015  -1.5911417207669676E-012  -3.1629268254387705E-016  -3.0142704659414853E-015  -5.6606482061019731E-016   8.3201476555324887E-016   1.3817048160097998E-012   1.1931278953640273E-015  -2.5434585432730788E-013  -6.9226595312013928E-016   1.0765778649776853E-011  -9.0885160699579479E-012  -8.2879868893909145E-016  -2.1532690602030442E-011   1.2918212657806189E-012   1.0765820057826795E-011   2.0739149337932642E-013   2.8645897266821618E-003  -1.1902530002021348E-013   2.0951732172801390E-013   5.2274060706430342E-002  -1.0424636812517198E-013   7.5662473027036152E-011   9.5646714445107106E-011  -4.1338528964383303E-011  -5.6540212801844184E-015  -1.9129422018617897E-010   1.9071501345912594E-012   9.5647065624501438E-011  -1.8366700445638328E-010   3.3623408912317503E-015   2.3233637275270856E-004  -4.7608153955157198E-014  -1.9779929637658176E-012  -4.7966046398395885E-013
