   2.3824928422528216E-005   1.2287995431044509E-018   3.2707031297750190E-018   5.3880464173629273E-019   1.6245750495176418E-003   3.6406038336672755E-017  -3.2785536662990623E-020  -2.9173183187748232E-021   3.6789225572668231E-017   3.7975686808762606E-019   3.3807643444149697E-017   2.2249905949406207E-018   1.2016209936365911E-018  -1.9964121765721654E-018   3.1395704850145242E-003  -8.5320257320193222E-019  -3.2717038857773740E-019   7.2255464195962018E-019  -1.7482056269593434E-019  -2.4280290378191940E-022  -1.7471758832686018E-019  -2.1465366566414456E-018   7.2236528032204829E-019  -3.2721132336995279E-019   1.0178224695683858E-018   3.0610904395615274E-017   7.0981395972425483E-020  -4.7791013911030451E-020   3.0033059727662371E-017  -2.4243759736432378E-019   3.0628725969945627E-017   2.1258953369733577E-003   1.3971616171455995E-018   1.3228431129784903E-018   3.5423580561817983E-019  -8.9475695356044977E-019  -5.8723959271928526E-019   1.9108303495703103E-019  -5.2706670692601705E-019   6.5909503353042011E-022  -5.2734623476634079E-019  -1.0023837874988365E-018   1.9159709062168915E-019  -5.8712847988394512E-019   3.1273880742221998E-019  -8.4574640238393462E-018  -8.6679044015386587E-021   1.4262522925149800E-020  -8.6897525753473474E-018   8.9800601916700151E-020  -8.5662235724348030E-018   1.1050195738670297E-003  -3.5892323149639727E-019  -3.0457985362477705E-019  -3.4640976938670418E-021
   1.2287995431044509E-018   6.3376824910245713E-032   1.6869047580002573E-031   2.7789502064655352E-032   8.3789426065957981E-017   1.8776855267294612E-030  -1.6909537673079818E-033  -1.5046422610911422E-034   1.8974488725899034E-030   1.9586420480306881E-032   1.7436701626489488E-030   1.1475658511903330E-031   6.1975058299405923E-032  -1.0296737630910858E-031   1.6192715080235609E-016  -4.4004956217821126E-032  -1.6874209100308714E-032   3.7266630906997003E-032  -9.0165822854225080E-033  -1.2522853875587678E-035  -9.0112712576021631E-033  -1.1071022821809866E-031   3.7256864351160903E-032  -1.6876320361802529E-032   5.2495426780986601E-032   1.5787944739333889E-030   3.6609514787611213E-033  -2.4648794328734831E-033   1.5489914352264831E-030  -1.2504012754595680E-032   1.5797136432171814E-030   1.0964562715288682E-016   7.2060302819973993E-032   6.8227235943752118E-032   1.8270140769164402E-032  -4.6148173720638548E-032  -3.0287593332031846E-032   9.8553389914149070E-033  -2.7184103858370795E-032   3.3993624732101077E-035  -2.7198520845334329E-032  -5.1699158052000254E-032   9.8818520350077202E-033  -3.0281862552955509E-032   1.6129882820889287E-032  -4.3620395176042682E-031  -4.4705766915179270E-034   7.3560689640389103E-034  -4.4818451518119776E-031   4.6315748214968283E-033  -4.4181335722231159E-031   5.6992723059152479E-017  -1.8511900436825907E-032  -1.5709074895647919E-032  -1.7866503470658901E-034
   3.2707031297750190E-018   1.6869047580002573E-031   4.4900445337769978E-031   7.3967484678688266E-032   2.2302281898935116E-016   4.9978468526214892E-030  -4.5008218061885790E-033  -4.0049153502364572E-034   5.0504510690889421E-030   5.2133293119709345E-032   4.6411373525278584E-030   3.0544829237392647E-031   1.6495938518641366E-031  -2.7406888442364665E-031   4.3100247057936854E-016  -1.1712825646372012E-031  -4.4914183787392975E-032   9.9192815482130091E-032  -2.3999491264702255E-032  -3.3332155431244553E-035  -2.3985354870030069E-032  -2.9467807988944091E-031   9.9166819781757714E-032  -4.4919803344801132E-032   1.3972739299501316E-031   4.2022867408622617E-030   9.7443765557460620E-033  -6.5607844020268294E-033   4.1229598136002155E-030  -3.3282005906252613E-032   4.2047332992697444E-030   2.9184442483521358E-016   1.9180334114576615E-031   1.8160084400207198E-031   4.8629743500854123E-032  -1.2283287137311687E-031  -8.0616669220236745E-032   2.6232015030521996E-032  -7.2356092634179040E-032   9.0481035273488586E-035  -7.2394466415035464E-032  -1.3760795973297116E-031   2.6302584958013825E-032  -8.0601415571123505E-032   4.2933006055571518E-032  -1.1610466802735351E-030  -1.1899360850921179E-033   1.9579692976397722E-033  -1.1929354179416714E-030   1.2327890541190731E-032  -1.1759772685076521E-030   1.5169787353031752E-016  -4.9273236661403445E-032  -4.1812939071624017E-032  -4.7555379677296240E-034
   5.3880464173629273E-019   2.7789502064655352E-032   7.3967484678688266E-032   1.2185154843196294E-032   3.6740029686779068E-017   8.2332849422038888E-031  -7.4145025842475147E-034  -6.5975629546566828E-035   8.3199433605407251E-031   8.5882635040100147E-033   7.6456536996976286E-031   5.0318525164592530E-032   2.7174854736057485E-032  -4.5149186955743685E-032   7.1001898531814409E-017  -1.9295315336513715E-032  -7.3990116938888652E-033   1.6340691064902500E-032  -3.9535955357772471E-033  -5.4910272662580424E-036  -3.9512667536271793E-033  -4.8544276555387158E-032   1.6336408620586988E-032  -7.3999374408906208E-033   2.3018221139685918E-032   6.9227059505067699E-031   1.6052558458350325E-033  -1.0808015735400243E-033   6.7920254364779479E-031  -5.4827658020485439E-033   6.9267363286056882E-031   4.8077469744827677E-017   3.1597037826229489E-032   2.9916312734343266E-032   8.0111005141906163E-033  -2.0235074425169509E-032  -1.3280519158634473E-032   4.3213739981083748E-033  -1.1919699533194427E-032   1.4905541671039507E-035  -1.1926021100889822E-032  -2.2669072826883503E-032   4.3329994507987902E-033  -1.3278006323742547E-032   7.0726391324991660E-033  -1.9126692817483728E-031  -1.9602607163593214E-034   3.2254928193927080E-034  -1.9652017164969973E-031   2.0308552573731774E-033  -1.9372654310324838E-031   2.4990197873838365E-017  -8.1171074148699154E-033  -6.8881230617764775E-033  -7.8341134285157526E-035
   1.6245750495176418E-003   8.3789426065957981E-017   2.2302281898935116E-016   3.6740029686779068E-017  0.11077658008909901        2.4824562107651915E-015  -2.2355813164742518E-018  -1.9892620318224668E-019   2.5085849953664181E-015   2.5894874554785835E-017   2.3052767692859259E-015   1.5171773622345980E-016   8.1936174187735519E-017  -1.3613142306633544E-016  0.21408114163876063       -5.8178206793580846E-017  -2.2309105857451369E-017   4.9269581105259319E-017  -1.1920670621192636E-017  -1.6556252864187248E-020  -1.1913649001325795E-017  -1.4636811634478185E-016   4.9256668907317767E-017  -2.2311897120489433E-017   6.9403314023629814E-017   2.0872974156456814E-015   4.8400819021011642E-018  -3.2587753219689095E-018   2.0478953232907917E-015  -1.6531343337454175E-017   2.0885126337771591E-015  0.14496062531995318        9.5269705037695074E-017   9.0202072285724498E-017   2.4154643457770697E-017  -6.1011718329539100E-017  -4.0042713812250608E-017   1.3029576646440912E-017  -3.5939642978896780E-017   4.4942395114272080E-020  -3.5958703433013658E-017  -6.8350580632669908E-017   1.3064629092016243E-017  -4.0035137246362416E-017   2.1325044698712550E-017  -5.7669785158013343E-016  -5.9104736738804256E-019   9.7253341023523472E-019  -5.9253715142506656E-016   6.1233265728340896E-018  -5.8411395146977302E-016   7.5349113210158150E-002  -2.4474269816900267E-017  -2.0768701672852309E-017  -2.3621001426500018E-019
   3.6406038336672755E-017   1.8776855267294612E-030   4.9978468526214892E-030   8.2332849422038888E-031   2.4824562107651915E-015   5.5630791575349446E-029  -5.0098429824141612E-032  -4.4578519049470246E-033   5.6216326564431890E-029   5.8029316407682983E-031   5.1660275383512315E-029   3.3999301681658019E-030   1.8361549375787106E-030  -3.0506474960638666E-030   4.7974676528323434E-015  -1.3037489573133933E-030  -4.9993760728038647E-031   1.1041104312678292E-030  -2.6713717643444269E-031  -3.7101860985998333E-034  -2.6697982490911077E-031  -3.2800474539461032E-030   1.1038210743843719E-030  -5.0000015830208394E-031   1.5552988529441074E-030   4.6775450451856414E-029   1.0846418411562431E-031  -7.3027773839952028E-032   4.5892466261471896E-029  -3.7046039792298365E-031   4.6802682975152363E-029   3.2485061765987449E-015   2.1349537129452067E-030   2.0213902107239965E-030   5.4129532273277244E-031  -1.3672467499429977E-030  -8.9734024573752422E-031   2.9198729048669457E-031  -8.0539216731448352E-031   1.0071400271461055E-033  -8.0581930401309253E-031  -1.5317075438193234E-030   2.9277280093620474E-031  -8.9717045810704954E-031   4.7788521377519678E-031  -1.2923554439382123E-029  -1.3245121007064262E-032   2.1794061546883657E-032  -1.3278506435937716E-029   1.3722115332545246E-031  -1.3089746094837484E-029   1.6885416927816264E-015  -5.4845801397768429E-031  -4.6541780235347007E-031  -5.2933663097872354E-033
  -3.2785536662990623E-020  -1.6909537673079818E-033  -4.5008218061885790E-033  -7.4145025842475147E-034  -2.2355813164742518E-018  -5.0098429824141612E-032   4.5116249468515239E-035   4.0145281866771937E-036  -5.0625734626561941E-032  -5.2258426556012093E-034  -4.6522772869252754E-032  -3.0618144756421519E-033  -1.6535533053119299E-033   2.7472672088935472E-033  -4.3203698838883689E-018   1.1740939468350993E-033   4.5021989487354124E-034  -9.9430903987863322E-034   2.4057096273550906E-034   3.3412161256675756E-037   2.4042925947861965E-034   2.9538538377402373E-033  -9.9404845891062058E-034   4.5027622533158795E-034  -1.4006277500878587E-033  -4.2123733198743751E-032  -9.7677655889354401E-035   6.5765319876470581E-035  -4.1328559873951322E-032   3.3361891359805963E-034  -4.2148257506571161E-032  -2.9254492721210304E-018  -1.9226371895303045E-033  -1.8203673316781640E-033  -4.8746467508616500E-034   1.2312770214949921E-033   8.0810170152925702E-034  -2.6294978675929497E-034   7.2529766038772243E-034  -9.0698213245307934E-037   7.2568231926663827E-034   1.3793825455675024E-033  -2.6365717989565922E-034   8.0794879891095044E-034  -4.3036056414700080E-034   1.1638334936919188E-032   1.1927922405812085E-035  -1.9626689322058518E-035   1.1957987726081709E-032  -1.2357480678576473E-034   1.1787999192134955E-032  -1.5206198780468496E-018   4.9391505219789779E-034   4.1913300979242927E-034   4.7669524932997582E-036
  -2.9173183187748232E-021  -1.5046422610911422E-034  -4.0049153502364572E-034  -6.5975629546566828E-035  -1.9892620318224668E-019  -4.4578519049470246E-033   4.0145281866771937E-036   3.5722022002012089E-037  -4.5047724716435974E-033  -4.6500524505459239E-035  -4.1396832672523710E-033  -2.7244597367118397E-034  -1.4713626311026877E-034   2.4445697007978901E-034  -3.8443458576593253E-019   1.0447307342481760E-034   4.0061407574093631E-035  -8.8475476438845831E-035   2.1406453820407809E-035   2.9730765460975453E-038   2.1393844799808181E-035   2.6283943436406918E-034  -8.8452289457363052E-035   4.0066419963515643E-035  -1.2463047456313782E-034  -3.7482484968622965E-033  -8.6915403517754711E-036   5.8519210586017207E-036  -3.6774924884777621E-033   2.9686034367344551E-035  -3.7504307156014807E-033  -2.6031194303551350E-019  -1.7107984996646579E-034  -1.6197968690257006E-034  -4.3375517716926300E-035   1.0956133026636219E-034   7.1906399505902157E-035  -2.3397763401468468E-035   6.4538341188788500E-035  -8.0704965027876520E-038   6.4572568854648468E-035   1.2274003656389295E-034  -2.3460708564651375E-035   7.1892793945195323E-035  -3.8294287214812028E-035   1.0356007913037554E-033   1.0613688254394461E-036  -1.7464194923726057E-036   1.0640440938202567E-033  -1.0995917232677873E-035   1.0489181964112221E-033  -1.3530759833883890E-019   4.3949484326181351E-035   3.7295238447353369E-035   4.2417234088258977E-037
   3.6789225572668231E-017   1.8974488725899034E-030   5.0504510690889421E-030   8.3199433605407251E-031   2.5085849953664181E-015   5.6216326564431890E-029  -5.0625734626561941E-032  -4.5047724716435974E-033   5.6808024529336374E-029   5.8640096772064683E-031   5.2204019197434325E-029   3.4357157109834272E-030   1.8554811583798762E-030  -3.0827567074865141E-030   4.8479628029133882E-015  -1.3174714050778253E-030  -5.0519963848884653E-031   1.1157316085153715E-030  -2.6994889561473142E-031  -3.7492372016889385E-034  -2.6978988790545793E-031  -3.3145711861409776E-030   1.1154392060419667E-030  -5.0526284788355596E-031   1.5716689579001926E-030   4.7267779647506227E-029   1.0960581041759698E-031  -7.3796418605687108E-032   4.6375501716665463E-029  -3.7435963284146411E-031   4.7295298803344680E-029   3.2826979249953621E-015   2.1574249031548173E-030   2.0426661023920939E-030   5.4699265943986249E-031  -1.3816375358392679E-030  -9.0678508907180430E-031   2.9506056645681570E-031  -8.1386922256646272E-031   1.0177405544458249E-033  -8.1430085503935554E-031  -1.5478293413805351E-030   2.9585434469902580E-031  -9.0661351436270740E-031   4.8291513525405120E-031  -1.3059579706923401E-029  -1.3384530883584941E-032   2.2023452235539097E-032  -1.3418267706644552E-029   1.3866545753610658E-031  -1.3227520592012334E-029   1.7063142287037332E-015  -5.5423074070208530E-031  -4.7031649964147651E-031  -5.3490809796066027E-033
   3.7975686808762606E-019   1.9586420480306881E-032   5.2133293119709345E-032   8.5882635040100147E-033   2.5894874554785835E-017   5.8029316407682983E-031  -5.2258426556012093E-034  -4.6500524505459239E-035   5.8640096772064683E-031   6.0531253778440121E-033   5.3887611178019483E-031   3.5465183562109115E-032   1.9153208650997896E-032  -3.1821763412735323E-032   5.0043107512637185E-017  -1.3599601698576126E-032  -5.2149244645709092E-033   1.1517142170857510E-032  -2.7865481141990986E-033  -3.8701509892308990E-036  -2.7849067567436058E-033  -3.4214668917562997E-032   1.1514123845633404E-032  -5.2155769436974715E-033   1.6223556539503203E-032   4.8792176733746642E-031   1.1314062375728849E-033  -7.6176370580085008E-034   4.7871122628352441E-031  -3.8643281964577954E-033   4.8820583388877186E-031   3.3885657103914209E-017   2.2270023671414346E-032   2.1085425678802049E-032   5.6463330223000913E-033  -1.4261956735301059E-032  -9.3602912291336929E-033   3.0457633959288152E-033  -8.4011669771154333E-033   1.0505629283190130E-035  -8.4056225043389390E-033  -1.5977472041528854E-032   3.0539571737136280E-033  -9.3585201487927669E-033   4.9848926271619253E-033  -1.3480754244869119E-031  -1.3816185173923671E-034   2.2733713785101476E-034  -1.3851010017515546E-031   1.4313745137644741E-033  -1.3654111263269145E-031   1.7613432666201307E-017  -5.7210481332685483E-033  -4.8548431812186251E-033  -5.5215901078158124E-035
   3.3807643444149697E-017   1.7436701626489488E-030   4.6411373525278584E-030   7.6456536996976286E-031   2.3052767692859259E-015   5.1660275383512315E-029  -4.6522772869252754E-032  -4.1396832672523710E-033   5.2204019197434325E-029   5.3887611178019483E-031   4.7973145395308253E-029   3.1572681926385727E-030   1.7051037210864316E-030  -2.8329147452669819E-030   4.4550597442627625E-015  -1.2106969586178114E-030  -4.6425574282360493E-031   1.0253071602594091E-030  -2.4807089219798754E-031  -3.4453803397375543E-034  -2.4792477126566803E-031  -3.0459418236451678E-030   1.0250384555392313E-030  -4.6431382941405069E-031   1.4442930753183105E-030   4.3436963291413655E-029   1.0072280947273106E-031  -6.7815589179724530E-032   4.2617000009518446E-029  -3.4401966309368792E-031   4.3462252157759393E-029   3.0166517303790081E-015   1.9825764404667053E-030   1.8771182646592010E-030   5.0266164913916282E-031  -1.2696627464593790E-030  -8.3329470774689269E-031   2.7114738812582672E-031  -7.4790920598056753E-031   9.3525778941424423E-034  -7.4830585680741494E-031  -1.4223855400930893E-030   2.7187683462459454E-031  -8.3313703830702581E-031   4.4377728675488903E-031  -1.2001166303161665E-029  -1.2299781817522802E-032   2.0238561943025054E-032  -1.2330784440360969E-029   1.2742731801028686E-031  -1.2155496422222384E-029   1.5680260225578666E-015  -5.0931312023495043E-031  -4.3219970734019418E-031  -4.9155648072889605E-033
   2.2249905949406207E-018   1.1475658511903330E-031   3.0544829237392647E-031   5.0318525164592530E-032   1.5171773622345980E-016   3.3999301681658019E-030  -3.0618144756421519E-033  -2.7244597367118397E-034   3.4357157109834272E-030   3.5465183562109115E-032   3.1572681926385727E-030   2.0779005333309115E-031   1.1221840259534792E-031  -1.8644330164273512E-031   2.9320192184523678E-016  -7.9679891048838993E-032  -3.0554175215913887E-032   6.7478787519490123E-032  -1.6326349481615966E-032  -2.2675164758447382E-035  -1.6316732789441843E-032  -2.0046330415022026E-031   6.7461103190909247E-032  -3.0557998082705757E-032   9.5053608638232319E-032   2.8587273453660605E-030   6.6288945617593362E-033  -4.4631637329148076E-033   2.8047629040577681E-030  -2.2641049090647382E-032   2.8603916876284525E-030   1.9853562817511716E-016   1.3047978162324763E-031   1.2353923725437073E-031   3.3081792394657957E-032  -8.3560620671046823E-032  -5.4841825654413380E-032   1.7845088475904335E-032  -4.9222329025249925E-032   6.1552346549364376E-035  -4.9248433901819301E-032  -9.3611802736706741E-032   1.7893095714325196E-032  -5.4831448917525673E-032   2.9206421645716967E-032  -7.8983565349550498E-031  -8.0948850839071530E-034   1.3319653602222996E-033  -8.1152889148773215E-031   8.3864048252809765E-033  -7.9999261885730067E-031   1.0319687494861862E-016  -3.3519547266720996E-032  -2.8444463618313199E-032  -3.2350925266669739E-034
   1.2016209936365911E-018   6.1975058299405923E-032   1.6495938518641366E-031   2.7174854736057485E-032   8.1936174187735519E-017   1.8361549375787106E-030  -1.6535533053119299E-033  -1.4713626311026877E-034   1.8554811583798762E-030   1.9153208650997896E-032   1.7051037210864316E-030   1.1221840259534792E-031   6.0604295918172904E-032  -1.0068994713337606E-031   1.5834565119734091E-016  -4.3031655986625156E-032  -1.6500985876604466E-032   3.6442368742114186E-032  -8.8171538033315484E-033  -1.2245873789253524E-035  -8.8119602446567213E-033  -1.0826154288849492E-031   3.6432818202651471E-032  -1.6503050441283271E-032   5.1334334590148945E-032   1.5438747476442856E-030   3.5799786696293995E-033  -2.4103613074602741E-033   1.5147308916058091E-030  -1.2227449395580300E-032   1.5447735867709023E-030   1.0722048863600511E-016   7.0466475319099711E-032   6.6718188094932240E-032   1.7866042372915822E-032  -4.5127469872434764E-032  -2.9617693299714632E-032   9.6373589150031023E-033  -2.6582846708170694E-032   3.3241754814377040E-035  -2.6596944820672105E-032  -5.0555677707750521E-032   9.6632855439354657E-033  -2.9612089273828831E-032   1.5773122582314672E-032  -4.2655600653817747E-031  -4.3716966175122742E-034   7.1933676631228783E-034  -4.3827158423575907E-031   4.5291337959393783E-033  -4.3204134334729740E-031   5.5732159811335953E-017  -1.8102454807886897E-032  -1.5361622073467476E-032  -1.7471332711424890E-034
  -1.9964121765721654E-018  -1.0296737630910858E-031  -2.7406888442364665E-031  -4.5149186955743685E-032  -1.3613142306633544E-016  -3.0506474960638666E-030   2.7472672088935472E-033   2.4445697007978901E-034  -3.0827567074865141E-030  -3.1821763412735323E-032  -2.8329147452669819E-030  -1.8644330164273512E-031  -1.0068994713337606E-031   1.6728955101484693E-031  -2.6308061179998501E-016   7.1494191966277027E-032   2.7415274286944957E-032  -6.0546535958652515E-032   1.4649105923497456E-032   2.0345692755951854E-035   1.4640477176302559E-032   1.7986924631116011E-031  -6.0530668381956393E-032   2.7418704421809371E-032  -8.5288532070202543E-032  -2.5650436881693585E-030  -5.9478929261103372E-033   4.0046526231110631E-033  -2.5166231384489389E-030   2.0315081869432750E-032  -2.5665370487103778E-030  -1.7813960493742471E-016  -1.1707529255245255E-031  -1.1084776632309562E-031  -2.9683223520003312E-032   7.4976245278941370E-032   4.9207798347947870E-032  -1.6011821356149962E-032   4.4165605575457720E-032  -5.5228931945674226E-035   4.4189028637815615E-032   8.3994846216156910E-032  -1.6054896700182852E-032   4.9198487637186753E-032  -2.6205978551188574E-032   7.0869401412968283E-031   7.2632788588915021E-034  -1.1951294850264728E-033   7.2815865572207399E-031  -7.5248501045018242E-033   7.1780753100090881E-031  -9.2595221840528949E-017   3.0076006823864319E-032   2.5522298230289786E-032   2.9027440058675494E-034
   3.1395704850145242E-003   1.6192715080235609E-016   4.3100247057936854E-016   7.1001898531814409E-017  0.21408114163876063        4.7974676528323434E-015  -4.3203698838883689E-018  -3.8443458576593253E-019   4.8479628029133882E-015   5.0043107512637185E-017   4.4550597442627625E-015   2.9320192184523678E-016   1.5834565119734091E-016  -2.6308061179998501E-016  0.41372224317173223       -1.1243222095183016E-016  -4.3113434690453406E-017   9.5215867492874270E-017  -2.3037277135942949E-017  -3.1995765815973155E-020  -2.3023707513229937E-017  -2.8286352062324886E-016   9.5190914040852456E-017  -4.3118828942355048E-017   1.3412528792405078E-016   4.0338040163512377E-015   9.3536942410888345E-018  -6.2977421826003411E-018   3.9576575519315379E-015  -3.1947626941163985E-017   4.0361524846350361E-015  0.28014347559929820        1.8411334960560644E-016   1.7431990225351046E-016   4.6680026077331755E-017  -1.1790812013536374E-016  -7.7384496617840137E-017   2.5180292091489606E-017  -6.9455112198113622E-017   8.6853369604884679E-020  -6.9491947454936065E-017  -1.3209082932281329E-016   2.5248032651452386E-017  -7.7369854534885948E-017   4.1211688525914612E-017  -1.1144967135435573E-015  -1.1422278524146959E-018   1.8794682285509937E-018  -1.1451069326966904E-015   1.1833627128450048E-017  -1.1288286881324474E-015  0.14561583472359096       -4.7297719598879930E-017  -4.0136528505419963E-017  -4.5648736835607849E-019
  -8.5320257320193222E-019  -4.4004956217821126E-032  -1.1712825646372012E-031  -1.9295315336513715E-032  -5.8178206793580846E-017  -1.3037489573133933E-030   1.1740939468350993E-033   1.0447307342481760E-034  -1.3174714050778253E-030  -1.3599601698576126E-032  -1.2106969586178114E-030  -7.9679891048838993E-032  -4.3031655986625156E-032   7.1494191966277027E-032  -1.1243222095183016E-016   3.0554326040705508E-032   1.1716409487553878E-032  -2.5875648768624070E-032   6.2605583234299114E-033   8.6950969427362389E-036   6.2568706734563303E-033   7.6870350518535123E-032  -2.5868867474948102E-032   1.1717875417248704E-032  -3.6449584850687243E-032  -1.0962174548940708E-030  -2.5419387886124075E-033   1.7114601698557207E-033  -1.0755240639690326E-030   8.6820148310097240E-033  -1.0968556693225680E-030  -7.6131157235652321E-017  -5.0034227418724026E-032  -4.7372782319399460E-032  -1.2685658295111826E-032   3.2042444016169152E-032   2.1029835754737639E-032  -6.8429392201831105E-033   1.8874964181345753E-032  -2.3603075258813081E-035   1.8884974447417330E-032   3.5896704983223265E-032  -6.8613482415273517E-033   2.1025856655394856E-032  -1.1199595251687503E-032   3.0287310584653457E-031   3.1040925741746076E-034  -5.1076003437571082E-034   3.1119166976232684E-031  -3.2158797403967396E-033   3.0676793084144125E-031  -3.9572229856957757E-017   1.2853521289285894E-032   1.0907412196563123E-032   1.2405397463589124E-034
  -3.2717038857773740E-019  -1.6874209100308714E-032  -4.4914183787392975E-032  -7.3990116938888652E-033  -2.2309105857451369E-017  -4.9993760728038647E-031   4.5021989487354124E-034   4.0061407574093631E-035  -5.0519963848884653E-031  -5.2149244645709092E-033  -4.6425574282360493E-031  -3.0554175215913887E-032  -1.6500985876604466E-032   2.7415274286944957E-032  -4.3113434690453406E-017   1.1716409487553878E-032   4.4927926440649062E-033  -9.9223166083069851E-033   2.4006834528209717E-033   3.3342354264124120E-036   2.3992693808142880E-033   2.9476824425028648E-032  -9.9197162428642281E-033   4.4933547717505792E-033  -1.3977014619568129E-032  -4.2035725389040497E-031  -9.7473580991452754E-034   6.5627918432741597E-034  -4.1242213395220787E-031   3.3292189394591213E-033  -4.2060198458991955E-031  -2.9193372216619077E-017  -1.9186202832626135E-032  -1.8165640946535520E-032  -4.8644623025461053E-033   1.2287045525903854E-032   8.0641335969987755E-033  -2.6240041392271758E-033   7.2378231847411630E-033  -9.0508720280521142E-036   7.2416617369716302E-033   1.3765006443835420E-032  -2.6310632912453515E-033   8.0626077653627052E-033  -4.2946142516388804E-033   1.1614019324588284E-031   1.1903001767361236E-034  -1.9585683888593946E-034   1.1933004273089413E-031  -1.2331662577345022E-033   1.1763370890916050E-031  -1.5174428940832792E-017   4.9288313079344121E-033   4.1825732819051316E-033   4.7569930472574195E-035
   7.2255464195962018E-019   3.7266630906997003E-032   9.9192815482130091E-032   1.6340691064902500E-032   4.9269581105259319E-017   1.1041104312678292E-030  -9.9430903987863322E-034  -8.8475476438845831E-035   1.1157316085153715E-030   1.1517142170857510E-032   1.0253071602594091E-030   6.7478787519490123E-032   3.6442368742114186E-032  -6.0546535958652515E-032   9.5215867492874270E-017  -2.5875648768624070E-032  -9.9223166083069851E-033   2.1913401012517842E-032  -5.3019008848940677E-033  -7.3636471051476928E-036  -5.2987779118862225E-033  -6.5099462121623215E-032   2.1907658114666900E-032  -9.9235580653056523E-033   3.0868187179191536E-032   9.2835750325779444E-031   2.1527005766008270E-033  -1.4493902492785523E-033   9.1083281903812711E-031  -7.3525682115161912E-033   9.2889799013905835E-031   6.4473458925397586E-017   4.2372660858942276E-032   4.0118753555755430E-032   1.0743147729908712E-032  -2.7135896433981640E-032  -1.7809610427227040E-032   5.7951038281979394E-033  -1.5984706814550485E-032   1.9988818750012453E-035  -1.5993184243527435E-032  -3.0399967875558983E-032   5.8106939403752816E-033  -1.7806240633474358E-032   9.4846403320216800E-033  -2.5649520457124344E-031  -2.6287737156313230E-034   4.3254913353183169E-034  -2.6353997583727073E-031   2.7234433033731738E-033  -2.5979362861270977E-031   3.3512672457764160E-017  -1.0885306449846148E-032  -9.2371982480277551E-033  -1.0505802261040484E-034
  -1.7482056269593434E-019  -9.0165822854225080E-033  -2.3999491264702255E-032  -3.9535955357772471E-033  -1.1920670621192636E-017  -2.6713717643444269E-031   2.4057096273550906E-034   2.1406453820407809E-035  -2.6994889561473142E-031  -2.7865481141990986E-033  -2.4807089219798754E-031  -1.6326349481615966E-032  -8.8171538033315484E-033   1.4649105923497456E-032  -2.3037277135942949E-017   6.2605583234299114E-033   2.4006834528209717E-033  -5.3019008848940677E-033   1.2827836709227751E-033   1.7816187948428528E-036   1.2820280742290290E-033   1.5750676749428237E-032  -5.3005114029428003E-033   2.4009838207080027E-033  -7.4684924000132119E-033  -2.2461412836870294E-031  -5.2084133747527755E-034   3.5067689587832903E-034  -2.2037406820101531E-031   1.7789382800329906E-033  -2.2474489802296199E-031  -1.5599216604190207E-017  -1.0251975399665696E-032  -9.7066473094067168E-033  -2.5992818012691546E-033   6.5654725724014950E-033   4.3089974591253223E-033  -1.4021130767069987E-033   3.8674659016382315E-033  -4.8362522895528040E-036   3.8695169975940270E-033   7.3552077328437548E-033  -1.4058850712733114E-033   4.3081821446760021E-033  -2.2947886063200279E-033   6.2058470582020669E-032   6.3602622345706630E-035  -1.0465434518916229E-034   6.3762938044095129E-032  -6.5893132936620170E-034   6.2856517281125768E-032  -8.1083200027912669E-018   2.6336768019630748E-033   2.2349205190551619E-033   2.5418565686136110E-035
  -2.4280290378191940E-022  -1.2522853875587678E-035  -3.3332155431244553E-035  -5.4910272662580424E-036  -1.6556252864187248E-020  -3.7101860985998333E-034   3.3412161256675756E-037   2.9730765460975453E-038  -3.7492372016889385E-034  -3.8701509892308990E-036  -3.4453803397375543E-034  -2.2675164758447382E-035  -1.2245873789253524E-035   2.0345692755951854E-035  -3.1995765815973155E-020   8.6950969427362389E-036   3.3342354264124120E-036  -7.3636471051476928E-036   1.7816187948428528E-036   2.4744355592349817E-039   1.7805693698295686E-036   2.1875630602694990E-035  -7.3617172963922611E-036   3.3346525981343725E-036  -1.0372759437632083E-035  -3.1195965598864987E-034  -7.2338051770609614E-037   4.8704435734245728E-037  -3.0607076680394212E-034   2.4707126746416112E-036  -3.1214127794027279E-034  -2.1665272264385623E-020  -1.4238653383521710E-035  -1.3481263967843962E-035  -3.6100625656567918E-036   9.1185829669950146E-036   5.9846340689582527E-036  -1.9473517371476672E-036   5.3714044658955899E-036  -6.7169220898102372E-039   5.3742531699972281E-036   1.0215421846913115E-035  -1.9525905444116806E-036   5.9835017037905778E-036  -3.1871613303823591E-036   8.6191101488371231E-035   8.8335726390162842E-038  -1.4535120190363568E-037   8.8558383933933923E-035  -9.1516946116496443E-037   8.7299484008757650E-035  -1.1261396320379911E-020   3.6578327244715197E-036   3.1040123849287196E-036   3.5303064258520634E-038
  -1.7471758832686018E-019  -9.0112712576021631E-033  -2.3985354870030069E-032  -3.9512667536271793E-033  -1.1913649001325795E-017  -2.6697982490911077E-031   2.4042925947861965E-034   2.1393844799808181E-035  -2.6978988790545793E-031  -2.7849067567436058E-033  -2.4792477126566803E-031  -1.6316732789441843E-032  -8.8119602446567213E-033   1.4640477176302559E-032  -2.3023707513229937E-017   6.2568706734563303E-033   2.3992693808142880E-033  -5.2987779118862225E-033   1.2820280742290290E-033   1.7805693698295686E-036   1.2812729226035953E-033   1.5741399145147873E-032  -5.2973892483800232E-033   2.3995695717759438E-033  -7.4640932419223857E-033  -2.2448182414889480E-031  -5.2053454685930441E-034   3.5047033704139885E-034  -2.2024426149931296E-031   1.7778904339204776E-033  -2.2461251677604422E-031  -1.5590028214317207E-017  -1.0245936689560521E-032  -9.7009298133233182E-033  -2.5977507490896856E-033   6.5616053191139475E-033   4.3064593349604480E-033  -1.4012871915409863E-033   3.8651878523344453E-033  -4.8334035970390615E-036   3.8672377401353836E-033   7.3508753026992743E-033  -1.4050569642933738E-033   4.3056445007549257E-033  -2.2934369094415240E-033   6.2021916347465301E-032   6.3565158561089361E-035  -1.0459270075214336E-034   6.3725379828893494E-032  -6.5854319974999231E-034   6.2819492973976720E-032  -8.1035439677318729E-018   2.6321254901331325E-033   2.2336040862120710E-033   2.5403593415575171E-035
  -2.1465366566414456E-018  -1.1071022821809866E-031  -2.9467807988944091E-031  -4.8544276555387158E-032  -1.4636811634478185E-016  -3.2800474539461032E-030   2.9538538377402373E-033   2.6283943436406918E-034  -3.3145711861409776E-030  -3.4214668917562997E-032  -3.0459418236451678E-030  -2.0046330415022026E-031  -1.0826154288849492E-031   1.7986924631116011E-031  -2.8286352062324886E-016   7.6870350518535123E-032   2.9476824425028648E-032  -6.5099462121623215E-032   1.5750676749428237E-032   2.1875630602694990E-035   1.5741399145147873E-032   1.9339489867883897E-031  -6.5082401348587470E-032   2.9480512496214596E-032  -9.1701985505903157E-032  -2.7579276299526570E-030  -6.3951574456912646E-033   4.3057910352874905E-033  -2.7058659935184069E-030   2.1842717865146789E-032  -2.7595332869309588E-030  -1.9153519322565873E-016  -1.2587901937281964E-031  -1.1918320100005111E-031  -3.1915316947409657E-032   8.0614244271400955E-032   5.2908083904722836E-032  -1.7215864481243233E-032   4.7486732671238497E-032  -5.9381989510851969E-035   4.7511917080826873E-032   9.0311018179378702E-032  -1.7262178967825256E-032   5.2898073055168499E-032  -2.8176593112084931E-032   7.6198577504355634E-031   7.8094566347461303E-034  -1.2849998007160546E-033   7.8291410195758775E-031  -8.0906972891634775E-033   7.7178460229204353E-031  -9.9558117428341247E-017   3.2337636431205851E-032   2.7441501988390517E-032   3.1210220447258912E-034
   7.2236528032204829E-019   3.7256864351160903E-032   9.9166819781757714E-032   1.6336408620586988E-032   4.9256668907317767E-017   1.1038210743843719E-030  -9.9404845891062058E-034  -8.8452289457363052E-035   1.1154392060419667E-030   1.1514123845633404E-032   1.0250384555392313E-030   6.7461103190909247E-032   3.6432818202651471E-032  -6.0530668381956393E-032   9.5190914040852456E-017  -2.5868867474948102E-032  -9.9197162428642281E-033   2.1907658114666900E-032  -5.3005114029428003E-033  -7.3617172963922611E-036  -5.2973892483800232E-033  -6.5082401348587470E-032   2.1901916721871046E-032  -9.9209573745112666E-033   3.0860097478934029E-032   9.2811420636803637E-031   2.1521364131691430E-033  -1.4490104040804926E-033   9.1059411488462602E-031  -7.3506413062331311E-033   9.2865455160259992E-031   6.4456562210529186E-017   4.2361556153522675E-032   4.0108239537258428E-032   1.0740332247274355E-032  -2.7128784864160728E-032  -1.7804943019671716E-032   5.7935850913618845E-033  -1.5980517663885978E-032   1.9983580232076473E-035  -1.5988992871162670E-032  -3.0392000882663560E-032   5.8091711178009302E-033  -1.7801574109049009E-032   9.4821546694561734E-033  -2.5642798425440316E-031  -2.6280847865639688E-034   4.3243577433724711E-034  -2.6347090928023518E-031   2.7227295640186494E-033  -2.5972554386992626E-031   3.3503889710872104E-017  -1.0882453711333219E-032  -9.2347774332059467E-033  -1.0503048980105548E-034
  -3.2721132336995279E-019  -1.6876320361802529E-032  -4.4919803344801132E-032  -7.3999374408906208E-033  -2.2311897120489433E-017  -5.0000015830208394E-031   4.5027622533158795E-034   4.0066419963515643E-035  -5.0526284788355596E-031  -5.2155769436974715E-033  -4.6431382941405069E-031  -3.0557998082705757E-032  -1.6503050441283271E-032   2.7418704421809371E-032  -4.3118828942355048E-017   1.1717875417248704E-032   4.4933547717505792E-033  -9.9235580653056523E-033   2.4009838207080027E-033   3.3346525981343725E-036   2.3995695717759438E-033   2.9480512496214596E-032  -9.9209573745112666E-033   4.4939169697683498E-033  -1.3978763390878795E-032  -4.2040984800480221E-031  -9.7485776657453359E-034   6.5636129644080900E-034  -4.1247373524299626E-031   3.3296354835299914E-033  -4.2065460932444836E-031  -2.9197024822929050E-017  -1.9188603365357018E-032  -1.8167913788955150E-032  -4.8650709326683490E-033   1.2288582852242374E-032   8.0651425624941717E-033  -2.6243324484750835E-033   7.2387287642144389E-033  -9.0520044519473428E-036   7.2425677967155634E-033   1.3766728689180030E-032  -2.6313924837178151E-033   8.0636165399496229E-033  -4.2951515837085715E-033   1.1615472443465895E-031   1.1904491043044787E-034  -1.9588134403458269E-034   1.1934497302616162E-031  -1.2333205486064448E-033   1.1764842696311599E-031  -1.5176327529816902E-017   4.9294479917557453E-033   4.1830965956712850E-033   4.7575882310783214E-035
   1.0178224695683858E-018   5.2495426780986601E-032   1.3972739299501316E-031   2.3018221139685918E-032   6.9403314023629814E-017   1.5552988529441074E-030  -1.4006277500878587E-033  -1.2463047456313782E-034   1.5716689579001926E-030   1.6223556539503203E-032   1.4442930753183105E-030   9.5053608638232319E-032   5.1334334590148945E-032  -8.5288532070202543E-032   1.3412528792405078E-016  -3.6449584850687243E-032  -1.3977014619568129E-032   3.0868187179191536E-032  -7.4684924000132119E-033  -1.0372759437632083E-035  -7.4640932419223857E-033  -9.1701985505903157E-032   3.0860097478934029E-032  -1.3978763390878795E-032   4.3482295568145730E-032   1.3077254947052086E-030   3.0323893722069386E-033  -2.0416752965396865E-033   1.2830394483703701E-030  -1.0357153217394512E-032   1.3084868484635423E-030   9.0820169678920111E-017   5.9688006710006716E-032   5.6513053060430614E-032   1.5133273690884078E-032  -3.8224825526663298E-032  -2.5087406009778465E-032   8.1632399091988182E-033  -2.2516765958610514E-032   2.8157135367250898E-035  -2.2528707640520557E-032  -4.2822741120290551E-032   8.1852008316754278E-033  -2.5082659169055129E-032   1.3360484432740957E-032  -3.6131050496211612E-031  -3.7030070804387160E-034   6.0930786647086296E-034  -3.7123408177021163E-031   3.8363628545115323E-033  -3.6595681114937410E-031   4.7207434651986043E-017  -1.5333524759792840E-032  -1.3011926554373722E-032  -1.4798938351747434E-034
   3.0610904395615274E-017   1.5787944739333889E-030   4.2022867408622617E-030   6.9227059505067699E-031   2.0872974156456814E-015   4.6775450451856414E-029  -4.2123733198743751E-032  -3.7482484968622965E-033   4.7267779647506227E-029   4.8792176733746642E-031   4.3436963291413655E-029   2.8587273453660605E-030   1.5438747476442856E-030  -2.5650436881693585E-030   4.0338040163512377E-015  -1.0962174548940708E-030  -4.2035725389040497E-031   9.2835750325779444E-031  -2.2461412836870294E-031  -3.1195965598864987E-034  -2.2448182414889480E-031  -2.7579276299526570E-030   9.2811420636803637E-031  -4.2040984800480221E-031   1.3077254947052086E-030   3.9329707577692882E-029   9.1198793442110886E-032  -6.1403171159866692E-032   3.8587277314209000E-029  -3.1149030054607278E-031   3.9352605212402669E-029   2.7314071111182033E-015   1.7951105635736785E-030   1.6996241643896468E-030   4.5513162461502116E-031  -1.1496076326866230E-030  -7.5450111376001150E-031   2.4550858709664866E-031  -6.7718938288889949E-031   8.4682290335643263E-034  -6.7754852772427161E-031  -1.2878894636186094E-030   2.4616905954490980E-031  -7.5435835302136822E-031   4.0181517295758726E-031  -1.0866375674745022E-029  -1.1136755092827119E-032   1.8324870402934980E-032  -1.1164826210096214E-029   1.1537821189597148E-031  -1.1006112847722960E-029   1.4197586633226796E-015  -4.6115415458342053E-031  -3.9133233119485578E-031  -4.4507652423319583E-033
   7.0981395972425483E-020   3.6609514787611213E-033   9.7443765557460620E-033   1.6052558458350325E-033   4.8400819021011642E-018   1.0846418411562431E-031  -9.7677655889354401E-035  -8.6915403517754711E-036   1.0960581041759698E-031   1.1314062375728849E-033   1.0072280947273106E-031   6.6288945617593362E-033   3.5799786696293995E-033  -5.9478929261103372E-033   9.3536942410888345E-018  -2.5419387886124075E-033  -9.7473580991452754E-034   2.1527005766008270E-033  -5.2084133747527755E-034  -7.2338051770609614E-037  -5.2053454685930441E-034  -6.3951574456912646E-033   2.1521364131691430E-033  -9.7485776657453359E-034   3.0323893722069386E-033   9.1198793442110886E-032   2.1147423760694798E-034  -1.4238333992789269E-034   8.9477225995648560E-032  -7.2229216356631614E-034   9.1251889098977530E-032   6.3336609467818050E-018   4.1625510988025166E-033   3.9411346446243871E-033   1.0553715646179876E-033  -2.6657413820266086E-033  -1.7495576617170041E-033   5.6929197550380498E-034  -1.5702851217308264E-033   1.9636359332876144E-036  -1.5711179165232160E-033  -2.9863930449216550E-033   5.7082349694377974E-034  -1.7492266242413390E-033   9.3173992936701859E-034  -2.5197246856407530E-032  -2.5824209989859692E-035   4.2492206875156049E-035  -2.5889302058506683E-032   2.6754212941031115E-034  -2.5521273205940517E-032   3.2921749244698539E-018  -1.0693367705759007E-033  -9.0743203135589977E-034  -1.0320555249309321E-035
