   3.0123409392070737E-007  -2.2344256183968614E-017   3.7784355714328969E-017   6.5929524727080238E-017  -4.1320488978961082E-017   6.4714076168684120E-017   1.2018090286239688E-016  -1.9832830418087368E-006   3.2029882770856632E-008   2.0024821581243741E-008   3.6034131418161765E-008   1.5073892981611238E-008  -5.7725662028175487E-008  -4.7103775459989170E-008  -3.6523659487377088E-017   6.3793483912931194E-017   1.1003119474665453E-016  -4.3350905024494687E-018   1.4398786347244559E-018   2.8079568825256707E-018  -4.6189316553787375E-019   3.5575186977301329E-018   3.8357317714629429E-018   3.4029860137130151E-018  -2.9988482915617939E-019  -6.7091684746646755E-018  -1.5145638691558797E-018   5.2463911501206088E-006  -2.7226166102997765E-008  -1.7021576944317509E-008  -3.0629872932269882E-008  -1.2813169550867402E-008   4.9068192385077220E-008   4.0039334706086201E-008   3.7757539406609160E-010   1.2852287628648656E-009   2.3127348204690008E-009   1.2434398618917018E-010  -8.4664801775357105E-010  -7.8760051291724625E-010   7.9301659552988740E-010  -6.5981792573936729E-010  -2.7882587372028927E-009  -1.8209355755681998E-009  -9.6645690595939526E-010  -2.2860332508566465E-009   1.5733536851060894E-009   2.9170874244345372E-009  -4.4730966250632972E-010  -8.2698972857945207E-006  -5.0638894521550205E-020  -3.2322036131587476E-020  -1.7661577183365279E-019   5.8661482694106158E-020  -7.4527268570704670E-020  -3.9151561389571746E-019  -2.2066521640719173E-019   1.9211188776309633E-020   2.1444209422874170E-020   1.4381516196059575E-019  -2.0599516176392787E-017   3.1330538107996353E-017   5.8209067155062319E-017   1.6160141635686868E-007   1.0103188834076532E-007   1.8180418373119093E-007   7.6052805577552387E-008  -2.9124517373895957E-007  -2.3765422204333079E-007   1.2134559398557950E-010   4.1304818766068493E-010   7.4326917802327473E-010   3.9961809221456672E-011  -2.7209664101327903E-010  -2.5311988329721103E-010   2.5486051747309002E-010  -2.1205298720486561E-010  -8.9609356045660038E-010  -5.8521421327783752E-010  -3.1060093772829723E-010  -7.3468779918158481E-010   5.0564609422700290E-010   9.3749666109237754E-010  -1.4375684490811296E-010  -2.0165895018033308E-019   1.4470060426710561E-020   2.7069702693416793E-019   3.9173179466680815E-020   3.7907665988721900E-019   4.8778195011136693E-019   4.0917972206388784E-019  -9.2711156918679184E-020  -5.8156030603893748E-019  -1.0895055532666103E-019  -1.2019677447635646E-007  -7.5146043703497524E-008  -1.3522329791695092E-007  -5.6566966599761751E-008   2.1662390868634217E-007   1.7676374111191838E-007  -7.3144237373601531E-018   1.1805935972151134E-017   2.0972033407355384E-017  -1.2671726459790211E-006  -7.7541454740424063E-004
  -2.2344256183968614E-017   3.7506587052073960E-003  -6.0084494416736984E-003  -1.0812044238548179E-002   7.0591339091675993E-003  -1.1308533388109892E-002  -2.0349403694287695E-002  -4.9039404309432785E-015   8.3753334271439929E-016  -2.8567023435777479E-018  -1.0073443888996973E-018   8.0020757961495796E-016   5.0778004444736823E-018   8.6076593362690252E-016   6.4122117555544421E-003  -1.0272182347348910E-002  -1.8484517685320990E-002   5.3799006192040860E-004  -2.5959054698722979E-004  -4.6712625365003761E-004  -2.2511387472689095E-005  -6.2830921463462872E-004  -6.9927802233023663E-004  -6.4147805223961597E-004   6.4893699043151913E-005   1.1202236655157543E-003   2.9980644495473198E-004   1.5838218051866106E-014  -2.4426684903991634E-015   5.4903895344491900E-017  -3.2969375842625096E-017  -2.4143558686710096E-015  -2.8465033030117848E-017  -2.6270287682808420E-015  -3.8347478104375732E-017  -1.0660160286765087E-017   1.5865332714300556E-017  -1.5710643182847267E-017   6.4349073005393764E-018   1.0913099729634276E-017  -1.1241798945109541E-017   7.2535265686695708E-018  -3.7287429657495067E-018   9.7841280384874439E-018  -1.2613233962423791E-017   1.2765987491427475E-017   1.8713001043775127E-017   1.2704004464030970E-017   7.8312887541917783E-017  -7.8470709735910729E-015  -2.7613254658320420E-005   1.3323926199235669E-005   2.3976049211675790E-005   1.1554352374498990E-006   3.2249038738709400E-005   3.5891633460181912E-005   3.2924951719263855E-005  -3.3307794404322988E-006  -5.7497384319467765E-005  -1.5388075540945870E-005   3.3538118644669589E-003  -5.3727119976428404E-003  -9.6680516934344006E-003  -2.7868066888818842E-016  -1.2390903457084101E-016  -1.5854817987901050E-019  -3.7132461966063326E-016  -6.9310502313782913E-018  -3.3631436510013952E-016   8.5909543847104804E-017   3.9819996888399591E-017   2.2466296681299797E-018   5.7702856609369736E-017   5.1863946430244913E-019   6.3933416176248900E-017   4.0519654615281766E-017   1.7724367862073501E-018   1.7739267812425895E-017   4.8830455082448794E-018   1.1726766429437369E-016   2.0879042649124942E-018   7.2170261520053527E-017   1.2651332290316600E-018   1.3647935558549140E-016   5.4005775697206821E-005  -2.6058824960032259E-005  -4.6892159284786706E-005  -2.2597907072683089E-006  -6.3072403964295346E-005  -7.0196560675175914E-005  -6.4394348996766931E-005   6.5143109561471601E-006   1.1245290999411878E-004   3.0095871215844834E-005   5.3415715060543721E-017   2.1963109648237152E-017   2.0382395685151489E-018   7.9880040264502247E-017   4.3924958298327033E-018   7.7553869255170418E-017   1.2166573562778166E-003  -1.9490507635065233E-003  -3.5072647748431787E-003  -1.7477930795102760E-017  -1.5109926233014039E-016
   3.7784355714328969E-017  -6.0084494416736984E-003   9.6253665104281232E-003   1.7320589868190610E-002  -1.1308533388108581E-002   1.8115951480096103E-002   3.2599170672495154E-002   7.8428757252306804E-015  -1.3414932486782920E-015   4.7086096418933714E-018   1.8517231666758410E-018  -1.2818104142385671E-015  -8.5157397239964886E-018  -1.3792338387860427E-015  -1.0272182347346958E-002   1.6455746347703509E-002   2.9611675893563651E-002  -8.6184490278566530E-004   4.1585673336357162E-004   7.4832308096651936E-004   3.6062607697092457E-005   1.0065336375790351E-003   1.1202236655154334E-003   1.0276297439363858E-003  -1.0395787525071723E-004  -1.7945667112480212E-003  -4.8028146743861813E-004  -2.5337728966585491E-014   3.9129062012087595E-015  -8.8066909805851232E-017   5.2613716372099234E-017   3.8676453699004147E-015   4.5924248698739037E-017   4.2086904177799499E-015   6.1434071841902220E-017   1.7085764300127562E-017  -2.5400541098064075E-017   2.5168828414624142E-017  -1.0314131620630322E-017  -1.7487679587928029E-017   1.8014282228975846E-017  -1.1624302684051552E-017   5.9549261102952741E-018  -1.5685923403407499E-017   2.0199662072144453E-017  -2.0465849847970878E-017  -2.9967308641619449E-017  -2.0332190999705521E-017  -1.2545799091507854E-016   1.2516168156826911E-014   4.4235655007539451E-005  -2.1344553910370351E-005  -3.8408954485627785E-005  -1.8509746561869801E-006  -5.1662050331342387E-005  -5.7497384319499770E-005  -5.2744843859048301E-005   5.3358147040726413E-006   9.2109187709442914E-005   2.4651262927245289E-005  -5.3727119976438500E-003   8.6069330589026924E-003   1.5487946082333889E-002   4.4750585973595958E-016   1.9916603873961471E-016   1.4547076296137809E-018   5.9535385331405347E-016   9.1798307164230272E-018   5.3719654854697547E-016  -1.3762386435918972E-016  -6.3787783755477384E-017  -3.5941284627848011E-018  -9.2438084595551326E-017  -8.3264284184326833E-019  -1.0242120090639361E-016  -6.4909660440643025E-017  -2.8407942268544983E-018  -2.8423724831692929E-017  -7.8263661782366395E-018  -1.8786154149227600E-016  -3.3496159477262093E-018  -1.1561138355289449E-016  -2.0205160877723645E-018  -2.1863702707450840E-016  -8.6515729192985664E-005   4.1745502480509120E-005   7.5119916371588715E-005   3.6201209655611373E-006   1.0104021191214545E-004   1.1245290999433988E-004   1.0315793056280524E-004  -1.0435742386532856E-005  -1.8014638957435718E-004  -4.8212736699413257E-005  -8.6364303129646010E-017  -3.5680580905012090E-017  -4.1582787506826833E-018  -1.2833916523049476E-016  -5.6059711144262168E-018  -1.2307168226241370E-016  -1.9490507635061985E-003   3.1223243414617509E-003   5.6185392312423331E-003   1.9630164809951981E-017  -4.8791352973134655E-015
   6.5929524727080238E-017  -1.0812044238548179E-002   1.7320589868190610E-002   3.1167938702078943E-002  -2.0349403694286613E-002   3.2599170672497207E-002   5.8661336651410462E-002   1.4126623968000560E-014  -2.4142005535782056E-015   8.3359163328968017E-018   3.0854169318543181E-018  -2.3066867975813890E-015  -1.4928624560747581E-017  -2.4815719446978034E-015  -1.8484517685316743E-002   2.9611675893562475E-002   5.3285419615610043E-002  -1.5508668760787949E-003   7.4832308096656034E-004   1.3465873907533286E-003   6.4893699042220665E-005   1.8112303885942154E-003   2.0158125563336025E-003   1.8491922683455501E-003  -1.8706941900190641E-004  -3.2292748502573219E-003  -8.6425366865609788E-004  -4.5630485982505057E-014   7.0413565706253643E-015  -1.5835751219917556E-016   9.4886685810267526E-017   6.9598122346680538E-015   8.2303510779626695E-017   7.5731518291594278E-015   1.1054638581621364E-016   3.0736576985123307E-017  -4.5723429314201786E-017   4.5289782952624679E-017  -1.8554207664983000E-017  -3.1463219843291607E-017   3.2410790144790864E-017  -2.0913104630206298E-017   1.0734820382770204E-017  -2.8213932949215592E-017   3.6355369105204291E-017  -3.6812098563881987E-017  -5.3936143286566533E-017  -3.6607206456177983E-017  -2.2575524017966737E-016   2.2579130449291338E-014   7.9600879312624121E-005  -3.8408954485055259E-005  -6.9115887399280839E-005  -3.3307794400863621E-006  -9.2964479281859778E-005  -1.0346500688704618E-004  -9.4912937305251062E-005   9.6016559994651457E-006   1.6574802234065614E-004   4.4359289013375589E-005  -9.6680516934369784E-003   1.5487946082335108E-002   2.7870145173393812E-002   8.0416842632818785E-016   3.5770224572424789E-016   1.3729763292352797E-018   1.0708026533420683E-015   1.8512884353904296E-017   9.6829794765926387E-016  -2.4765129772446924E-016  -1.1478724056179919E-016  -6.4726269706260983E-018  -1.6634013710032109E-016  -1.4964556247408788E-018  -1.8430248157805893E-016  -1.1680494464325298E-016  -5.1104814807465081E-018  -5.1141598270920199E-017  -1.4079330137935185E-017  -3.3804969814906188E-016  -6.0225143282739996E-018  -2.0804305776770556E-016  -3.6422833329474603E-018  -3.9343050451134723E-016  -1.5568274318444614E-004   7.5119916371295831E-005   1.3517628248185985E-004   6.5143109563454657E-006   1.8181916177730022E-004   2.0235600705555685E-004   1.8562993990866355E-004  -1.8778839605889315E-005  -3.2416861494803960E-004  -8.6757531558811869E-005  -1.5458732296838294E-016  -6.3691760994660131E-017  -6.5568986281399725E-018  -2.3055561042205429E-016  -1.1570921365770963E-017  -2.2267442559153393E-016  -3.5072647748426457E-003   5.6185392312424155E-003   1.0110411232367599E-002   4.3999716238330715E-017  -3.4709602062747470E-015
  -4.1320488978961082E-017   7.0591339091675993E-003  -1.1308533388108581E-002  -2.0349403694286613E-002   1.3286031991760329E-002  -2.1283848458972573E-002  -3.8299716647170509E-002  -9.2345622420202691E-015   1.5764038016142566E-015  -5.3278373662588545E-018  -1.8081556375855821E-018   1.5061114905980331E-015   9.4163452751518034E-018   1.6199372249105560E-015   1.2068456501667888E-002  -1.9333326870996613E-002  -3.4789805162995312E-002   1.0125538438420867E-003  -4.8857669459306081E-004  -8.7918070829136319E-004  -4.2368797360911345E-005  -1.1825439825574628E-003  -1.3161147380628103E-003  -1.2073291190863133E-003   1.2213676247609949E-004   2.1083786834870154E-003   5.6426724159907562E-004   2.9821970328765789E-014  -4.5974251618909125E-015   1.0329344053478828E-016  -6.2126439319320507E-017  -4.5441027245472405E-015  -5.3454663168952849E-017  -4.9442467365510887E-015  -7.2173064734060728E-017  -2.0060411556634393E-017   2.9865857137095836E-017  -2.9568778913038922E-017   1.2109109627115907E-017   2.0537682303232614E-017  -2.1156315583265020E-017   1.3650292216596637E-017  -7.0246778590772200E-018   1.8410321905697259E-017  -2.3741786182580176E-017   2.4021361924124074E-017   3.5223667253495488E-017   2.3917377177282236E-017   1.4739199613863340E-016  -1.4789156283894906E-014  -5.1971047653681749E-005   2.5077029564349606E-005   4.5125444702026768E-005   2.1746505629012398E-006   6.0696080553107773E-005   6.7551826686447220E-005   6.1968219826684959E-005  -6.2688769999971995E-006  -1.0821612075086227E-004  -2.8961975585010457E-005   6.3122264429330928E-003  -1.0112008697057648E-002  -1.8196289481085745E-002  -5.2411267981642207E-016  -2.3296373222782870E-016   1.4443653881020435E-019  -6.9868671319696711E-016  -1.3754383641891789E-017  -6.3355786569586966E-016   1.6169108691535770E-016   7.4946425670471636E-017   4.2302036394610183E-018   1.0860293853680301E-016   9.7547120885184393E-019   1.2032879263419234E-016   7.6262869736928897E-017   3.3353958084589685E-018   3.3384983854367354E-017   9.1889794239043795E-018   2.2070931346022180E-016   3.9278657213479447E-018   1.3583324954492440E-016   2.3833972792011903E-018   2.5686814218232942E-016   1.0164454632615565E-004  -4.9045447577788846E-005  -8.8255972536701970E-005  -4.2531636342042122E-006  -1.1870889370416722E-004  -1.3211730544319803E-004  -1.2119693320288771E-004   1.2260617928673311E-005   2.1164819636132715E-004   5.6643592958950319E-005   1.0024121339851252E-016   4.1153839204486131E-017   3.5068025235476883E-018   1.5020484532946073E-016   8.7947940347915811E-018   1.4639509681179414E-016   2.2898770254981193E-003  -3.6683183986470197E-003  -6.6010409494605083E-003  -3.5981897629986187E-017  -2.1731490333405191E-015
   6.4714076168684120E-017  -1.1308533388109892E-002   1.8115951480096103E-002   3.2599170672497207E-002  -2.1283848458972573E-002   3.4096124825339129E-002   6.1355065654328682E-002   1.4803253517459838E-014  -2.5255118067222652E-015   8.4366486956569630E-018   2.7195525060894271E-018  -2.4128221903089542E-015  -1.4801071462776225E-017  -2.5948622817408722E-015  -1.9333326870995184E-002   3.0971444264568146E-002   5.5732286469398061E-002  -1.6220826942348614E-003   7.8268608225190992E-004   1.4084226934671306E-003   6.7873618171159801E-005   1.8944021011263704E-003   2.1083786834866563E-003   1.9341071906701982E-003  -1.9565964807423321E-004  -3.3775631747158031E-003  -9.0394020336586277E-004  -4.7799734529116707E-014   7.3650792003518181E-015  -1.6538953853332500E-016   9.9675310013383758E-017   7.2795873384207653E-015   8.5391754857768105E-017   7.9203470551232240E-015   1.1561735843885415E-016   3.2129898159380953E-017  -4.7855624777115876E-017   4.7367738707140965E-017  -1.9394291835492280E-017  -3.2896917640332700E-017   3.3887924090490602E-017  -2.1864140899631283E-017   1.1267036504965613E-017  -2.9483868770677782E-017   3.8038420625071656E-017  -3.8470311233622291E-017  -5.6435052326953255E-017  -3.8329297307516166E-017  -2.3611562200829011E-016   2.3732447175019560E-014   8.3256152265853928E-005  -4.0172693952551213E-005  -7.2289689448085616E-005  -3.4837288560432625E-006  -9.7233408842241944E-005  -1.0821612075093507E-004  -9.9271340072146880E-005   1.0042564112341928E-005   1.7335917272423042E-004   4.6396267885408986E-005  -1.0112008697060722E-002   1.6199152678351474E-002   2.9149942441145077E-002   8.3881966318298429E-016   3.7270488431534770E-016  -1.1247190527675013E-018   1.1189027023802075E-015   2.3465233328908940E-017   1.0161095960482296E-015  -2.5902515627857271E-016  -1.2006408933094860E-016  -6.7803191191054743E-018  -1.7397904026673295E-016  -1.5613403509503973E-018  -1.9276208762781681E-016  -1.2217221829849774E-016  -5.3421680253279180E-018  -5.3477399204755653E-017  -1.4717610239115371E-017  -3.5356856786442747E-016  -6.2887200286920912E-018  -2.1760351859388199E-016  -3.8227418078554761E-018  -4.1149481128212106E-016  -1.6283169587643579E-004   7.8569423473880514E-005   1.4138357835020751E-004   6.8134481625331088E-006   1.9016829899993486E-004   2.1164819636176782E-004   1.9415406809062701E-004  -1.9641164056287212E-005  -3.3905444008888844E-004  -9.0741438034900416E-005  -1.5999298219854094E-016  -6.5558042472148681E-017  -4.9533485963083500E-018  -2.4034597049268154E-016  -1.5153442298019779E-017  -2.3538938380777911E-016  -3.6683183986468337E-003   5.8765425933405011E-003   1.0574681389215515E-002   6.3868523087774416E-017   7.2914974202382596E-015
   1.2018090286239688E-016  -2.0349403694287695E-002   3.2599170672495154E-002   5.8661336651410462E-002  -3.8299716647170509E-002   6.1355065654328682E-002  0.11040680138082352        2.6613503691689783E-014  -4.5441944507299545E-015   1.5429456055051681E-017   5.3399093269672558E-018  -4.3416224329875907E-015  -2.7348847959879158E-017  -4.6699685505084279E-015  -3.4789805162989171E-002   5.5732286469392343E-002  0.10028876046507615       -2.9188944700122648E-003   1.4084226934671189E-003   2.5344190071272341E-003   1.2213676247435328E-004   3.4089259669746238E-003   3.7939711099771356E-003   3.4803742147814275E-003  -3.5208430914048959E-004  -6.0778346922968759E-003  -1.6266162447845889E-003  -8.5949388356488678E-014   1.3252926149593999E-014  -2.9782480400852239E-016   1.7898382144990204E-016   1.3099264278970728E-014   1.5426770649588988E-016   1.4252948649146465E-014   2.0805502233658528E-016   5.7832806028514871E-017  -8.6086283669479723E-017   8.5238519780901588E-017  -3.4909992540605633E-017  -5.9206875836405330E-017   6.0990232523907466E-017  -3.9352106754593742E-017   2.0240209059376545E-017  -5.3077979554233251E-017   6.8437155681484379E-017  -6.9254601155774227E-017  -1.0153388877889568E-016  -6.8936429274147628E-017  -4.2488929159420493E-016   4.2603513027488383E-014   1.4981722159234986E-004  -7.2289689447003515E-005  -1.3008336475006465E-004  -6.2688769993464436E-006  -1.7496892136188973E-004  -1.9473201800915635E-004  -1.7863612416133806E-004   1.8071325806287297E-005   3.1195519956480776E-004   8.3488844459812486E-005  -1.8196289481091563E-002   2.9149942441145538E-002   5.2454542604419549E-002   1.5114343986180667E-015   6.7192338164281335E-016   2.2705946261162488E-019   2.0143771465519181E-015   3.8619083857705334E-017   1.8255196158998436E-015  -4.6610734576672565E-016  -2.1604700686981797E-016  -1.2191800505976214E-017  -3.1307013986935083E-016  -2.8129591401553181E-018  -3.4687336047140093E-016  -2.1984248718224827E-016  -9.6157141103805853E-018  -9.6242245827684832E-017  -2.6491192083096719E-017  -6.3624103697014725E-016  -1.1325480018148412E-017  -3.9156545732562659E-016  -6.8673143767372521E-018  -7.4047569860940994E-016  -2.9301128624680976E-004   1.4138357834964739E-004   2.5441597180199865E-004   1.2260617929047194E-005   3.4220277319731927E-004   3.8085527460721792E-004   3.4937505818557308E-004  -3.5343749953231132E-005  -6.1011940619672730E-004  -1.6328679334438523E-004  -2.8939128201622747E-016  -1.1890034712102403E-016  -1.0587650648836356E-017  -4.3319652164402449E-016  -2.4586141808779546E-017  -4.2138835269200685E-016  -6.6010409494598552E-003   1.0574681389215005E-002   1.9028856629089735E-002   9.9240531415853422E-017   3.5202606884844846E-015
  -1.9832830418087368E-006  -4.9039404309432785E-015   7.8428757252306804E-015   1.4126623968000560E-014  -9.2345622420202691E-015   1.4803253517459838E-014   2.6613503691689783E-014   1.3057657493980383E-005  -2.1088025762211047E-007  -1.3184061784115415E-007  -2.3724366932635223E-007  -9.9244398053889122E-008   3.8005766574283834E-007   3.1012465375036083E-007  -8.3949269653491734E-015   1.3413649623253044E-014   2.4168866168139049E-014  -6.9597529754913280E-016   3.4011338539121259E-016   6.1059668858256250E-016   3.3357364249899961E-017   8.2272848274178955E-016   9.1647121332794725E-016   8.4148051762102943E-016  -8.5418633494292330E-017  -1.4644448737610988E-015  -3.9378084485029388E-016  -3.4541503796275212E-005   1.7925326055475244E-007   1.1206767620199602E-007   2.0166278912412108E-007   8.4360111935883727E-008  -3.2305809937685329E-007  -2.6361336625059231E-007  -2.4859034590309169E-009  -8.4617659875700064E-009  -1.5226721816037562E-008  -8.1866337223035238E-010   5.5742118501155907E-009   5.1854513566442626E-009  -5.2211100852392866E-009   4.3441487175909190E-009   1.8357504616078269E-008   1.1988784537122362E-008   6.3630167730374838E-009   1.5050922425229570E-008  -1.0358740080927101E-008  -1.9205694631223953E-008   2.9450241058022860E-009   5.4447844302556555E-005   3.7520462467659896E-017  -1.7730669054235280E-017  -3.1125986431405519E-017  -1.9422558737854915E-018  -4.2939445614876008E-017  -4.5757959757879212E-017  -4.2887553038473855E-017   4.3591122457903701E-018   7.7291151968136034E-017   1.9776425768583215E-017  -4.3809897027016998E-015   7.0292123930886690E-015   1.2636827477480568E-014  -1.0639610690190165E-006  -6.6517978831737928E-007  -1.1969732570140682E-006  -5.0072100943407835E-007   1.9175173917636387E-006   1.5646820791701411E-006  -7.9892237833197171E-010  -2.7194513588256099E-009  -4.8935800628885807E-009  -2.6310294932874739E-010   1.7914461368931380E-009   1.6665058246033290E-009  -1.6779659159830327E-009   1.3961271382481610E-009   5.8997543710818958E-009   3.8529683340720670E-009   2.0449530282205477E-009   4.8370814676912526E-009  -3.3291029935715404E-009  -6.1723465810156485E-009   9.4647491238238635E-010  -7.1402456995590172E-017   3.4998427265860686E-017   6.1367937263580323E-017   2.7853734052317910E-018   8.2444488172698075E-017   9.1322965227669011E-017   8.4026571235699845E-017  -8.1624944365987220E-018  -1.4761261574030101E-016  -3.9813113968090471E-017   7.9135871174600796E-007   4.9475101638194694E-007   8.9029123538298070E-007   3.7242897748951209E-007  -1.4262214444459119E-006  -1.1637876894712234E-006  -1.5903282326898678E-015   2.5470787196564142E-015   4.5851937643553894E-015   8.3428870454339330E-006   5.1052206681606021E-003
   3.2029882770856632E-008   8.3753334271439929E-016  -1.3414932486782920E-015  -2.4142005535782056E-015   1.5764038016142566E-015  -2.5255118067222652E-015  -4.5441944507299545E-015  -2.1088025762211047E-007   3.4057014495340148E-009   2.1292167808979425E-009   3.8314687094388804E-009   1.6027901052546064E-009  -6.1379047888226148E-009  -5.0084915236896888E-009   1.4320443948811911E-015  -2.2935329228977069E-015  -4.1276577118687138E-015   1.2001463740065919E-016  -5.7978683952326463E-017  -1.0430802639524583E-016  -5.0902326971279975E-018  -1.4032306584417462E-016  -1.5618598636627454E-016  -1.4328847982826733E-016   1.4500177945135970E-017   2.5014552856245517E-016   6.6976548037752143E-017   5.5784287668531845E-007  -2.8949276532039415E-009  -1.8098851527912258E-009  -3.2568399763045495E-009  -1.3624099227805923E-009   5.2173657683169233E-009   4.2573374752082610E-009   4.0147167446060362E-011   1.3665693040420131E-010   2.4591049510882772E-010   1.3221356351344789E-011  -9.0023132520860007E-011  -8.3744677671333871E-011   8.4320563650581075E-011  -7.0157698740119073E-011  -2.9647241892524122E-010  -1.9361803393371625E-010  -1.0276227699880658E-010  -2.4307134721109107E-010   1.6729292967849922E-010   3.1017062849988215E-010  -4.7561933863039079E-011  -8.7932888719013419E-007  -6.1889985004526744E-018   2.9802759203143111E-018   5.3503319042915675E-018   2.6498147075107191E-019   7.2138107365253866E-018   7.9958154397641786E-018   7.3496336037067218E-018  -7.4384020775115237E-019  -1.2873479787199836E-017  -3.4306592500757730E-018   7.4885038765042538E-016  -1.1998146917485199E-015  -2.1588398358155061E-015   1.7182897042448903E-008   1.0742607178206063E-008   1.9331034599603242E-008   8.0866093719290728E-009  -3.0967772110457606E-008  -2.5269506425958223E-008   1.2902540677022947E-011   4.3918949735380809E-011   7.9030976638198980E-011   4.2490942775272860E-012  -2.8931730139063415E-011  -2.6913952811452543E-011   2.7099032487775721E-011  -2.2547355888505923E-011  -9.5280621524532658E-011  -6.2225169811164287E-011  -3.3025848749292661E-011  -7.8118528267119213E-011   5.3764781107066792E-011   9.9682966698857426E-011  -1.5285503808632976E-011   1.2072419328948290E-017  -5.8339820754986912E-018  -1.0472080606854001E-017  -5.0188426059276606E-019  -1.4083903218811384E-017  -1.5667703045371103E-017  -1.4376734067032904E-017   1.4489337735741222E-018   2.5120468405478334E-017   6.7279778633914362E-018  -1.2780387989303033E-008  -7.9901944006054597E-009  -1.4378141344480882E-008  -6.0147020057107248E-009   2.3033376834212762E-008   1.8795089998820347E-008   2.7167619047974231E-016  -4.3520819006381101E-016  -7.8317447776210618E-016  -1.3473704378173049E-007  -8.2448957649236990E-005
   2.0024821581243741E-008  -2.8567023435777479E-018   4.7086096418933714E-018   8.3359163328968017E-018  -5.3278373662588545E-018   8.4366486956569630E-018   1.5429456055051681E-017  -1.3184061784115415E-007   2.1292167808979425E-009   1.3311689727464810E-009   2.3954030006766651E-009   1.0020513068848793E-009  -3.8373680340368971E-009  -3.1312680683400226E-009  -4.7724305728605328E-018   7.9965322417325519E-018   1.4072889600546128E-017  -4.8488360745001665E-019   1.9063093151854985E-019   3.5745614443251678E-019  -2.2473986375352923E-020   4.6621701887028659E-019   5.1065969694264177E-019   4.6075921138059615E-019  -4.3662097217078212E-020  -8.5558373889228026E-019  -2.1029977137657578E-019   3.4875881862906036E-007  -1.8098851675711945E-009  -1.1315254422399204E-009  -2.0361498014441984E-009  -8.5176757652765421E-010   3.2618545432110186E-009   2.6616526810943448E-009   2.5099681783136740E-011   8.5436798778248722E-011   1.5374123673003646E-010   8.2658842023180556E-012  -5.6281728528682641E-011  -5.2356489742543534E-011   5.2716528961795933E-011  -4.3862021284068512E-011  -1.8535213928848626E-010  -1.2104841632332236E-010  -6.4246137799036772E-011  -1.5196622461083293E-010   1.0459017576123045E-010   1.9391614823841141E-010  -2.9735333297343816E-011  -5.4974925144707632E-007   6.7299173828815282E-021  -7.0202417040052582E-021  -2.0507021434116931E-020   3.4771178407715668E-021  -1.6745430170420482E-020  -3.9149366043833852E-020  -2.6707221483086707E-020   2.4949090028153344E-021   2.2448191840343481E-020   1.5186564098656701E-020  -2.5956206858857938E-018   4.0471424405786431E-018   7.4044156201070401E-018   1.0742607145505875E-008   6.7161904275434028E-009   1.2085605233314173E-008   5.0556822523694270E-009  -1.9360798655334706E-008  -1.5798289405115179E-008   8.0665632419114283E-012   2.7457769320555380E-011   4.9409522285586894E-011   2.6564991011077630E-012  -1.8087881813872224E-011  -1.6826383878798580E-011   1.6942094183553684E-011  -1.4096423081727719E-011  -5.9568667791529032E-011  -3.8902668868489080E-011  -2.0647491391241205E-011  -4.8839067002822205E-011   3.3613302824924530E-011   6.2320978103920012E-011  -9.5563723644284405E-012  -3.3151506614647724E-020   1.0489753401319528E-020   3.5139939043384767E-020   3.4303175017558100E-021   4.8260532215150336E-020   5.8091612212381208E-020   5.0745002214989842E-020  -8.5448780106130127E-021  -7.9775732044428060E-020  -1.8246491884704645E-020  -7.9901943774119836E-009  -4.9954043983314229E-009  -8.9890967492115253E-009  -3.7603426584594052E-009   1.4400279414645123E-008   1.1750537038251239E-008  -9.3107753660018239E-019   1.4974387807514601E-018   2.6764908397888345E-018  -8.4236501313964043E-008  -5.1546416148226682E-005
   3.6034131418161765E-008  -1.0073443888996973E-018   1.8517231666758410E-018   3.0854169318543181E-018  -1.8081556375855821E-018   2.7195525060894271E-018   5.3399093269672558E-018  -2.3724366932635223E-007   3.8314687094388804E-009   2.3954030006766651E-009   4.3104637000456554E-009   1.8031645542275944E-009  -6.9052412515802430E-009  -5.6346332286796780E-009  -1.5216223130028781E-018   3.0696305856775966E-018   4.9539032785603830E-018  -2.7967158882540276E-019   5.6967228555062443E-020   1.2846098750367686E-019  -6.5248822566898847E-020   1.4655011372534301E-019   1.4831610263536384E-019   1.2221691363351918E-019  -7.0561068563608185E-021  -3.0511680705257889E-019  -4.8042975963741818E-020   6.2758217608757618E-007  -3.2568400030654099E-009  -2.0361498015471687E-009  -3.6639971664480205E-009  -1.5327329966862221E-009   5.8696201012390531E-009   4.7895728863767106E-009   4.5166206762847724E-011   1.5374123672622719E-010   2.7665324788260946E-010   1.4874237776611258E-011  -1.0127746676871473E-010  -9.4214104446431439E-011   9.4861985402054288E-011  -7.8928535408112568E-011  -3.3353622246575368E-010  -2.1782339103787611E-010  -1.1560920845997536E-010  -2.7345916099835384E-010   1.8820722687281664E-010   3.4894692776047471E-010  -5.3507937808691254E-011  -9.8925908994039687E-007  -1.8319421045590557E-020   2.0501911394072207E-021  -1.0480299589750662E-020   7.5302669771572964E-021   5.4053941588330017E-021  -3.0895760910431522E-020  -1.1775728982881021E-020   8.1901268602294142E-022  -2.2967031434645203E-020   1.0370201160107779E-020  -9.7485900358593778E-019   1.3620114538039182E-018   2.6698827958599051E-018   1.9331034540523458E-008   1.2085605233166210E-008   2.1747723717707049E-008   9.0975651369090985E-009  -3.4839239904157457E-008  -2.8428599690460522E-008   1.4515565033758259E-011   4.9409522283744123E-011   8.8911115243846703E-011   4.7802991568826888E-012  -3.2548660057363058E-011  -3.0278628227528397E-011   3.0486845829421352E-011  -2.5366136711488073E-011  -1.0719222615273148E-010  -7.0004313238794848E-011  -3.7154609104943571E-011  -8.7884596203767906E-011   6.0486240363124835E-011   1.1214493502446260E-010  -1.7196436745446189E-011  -1.4104023787331027E-022  -9.8407195079049709E-021   1.1558356185024790E-020   3.6824818052704612E-021   1.7337929737725233E-020   2.7177895232127204E-020   2.0351887482454545E-020  -8.1975276593872704E-021  -1.9631513563559330E-020   3.3148926389489323E-022  -1.4378141302492342E-008  -8.9890967490536645E-009  -1.6175639432166195E-008  -6.7666361461698495E-009   2.5912918064228912E-008   2.1144777452944668E-008  -3.3469622790674090E-019   5.4675271718803930E-019   9.5127801701830320E-019  -1.5158133350844111E-007  -9.2756398656766010E-005
   1.5073892981611238E-008   8.0020757961495796E-016  -1.2818104142385671E-015  -2.3066867975813890E-015   1.5061114905980331E-015  -2.4128221903089542E-015  -4.3416224329875907E-015  -9.9244398053889122E-008   1.6027901052546064E-009   1.0020513068848793E-009   1.8031645542275944E-009   7.5430455651171858E-010  -2.8886187495576878E-009  -2.3570946471305555E-009   1.3681370454308998E-015  -2.1914525580016541E-015  -3.9436986941201495E-015   1.1472428305932298E-016  -5.5389292660399682E-017  -9.9660696804907058E-017  -4.8326560603191610E-018  -1.3405981902248206E-016  -1.4920833489321150E-016  -1.3688106515994224E-016   1.3849488549955334E-017   2.3899929885525349E-016   6.3977654787097347E-017   2.6253183265970948E-007  -1.3624099078379518E-009  -8.5176756022989307E-010  -1.5327329672813244E-009  -6.4117691344677459E-010   2.4553949760031489E-009   2.0035867738574298E-009   1.8894046847632442E-011   6.4313440009925215E-011   1.1573031699317595E-010   6.2222304133205923E-012  -4.2366657261810432E-011  -3.9411892888531277E-011   3.9682916160233081E-011  -3.3017593295936762E-011  -1.3952575308657547E-010  -9.1120455972519790E-011  -4.8361949280567782E-011  -1.1439415813566090E-010   7.8731343995064765E-011   1.4597240000829624E-010  -2.2383581800126211E-011  -4.1382947405613885E-007  -5.9020871817092552E-018   2.8450304143948830E-018   5.1136287688862288E-018   2.4979340492382309E-019   6.8862559436464740E-018   7.6486316000966346E-018   7.0233514846434872E-018  -7.1065743871949651E-019  -1.2283204207005089E-017  -3.2804553582189872E-018   7.1550882799862091E-016  -1.1463084911609908E-015  -2.0626598990432757E-015   8.0866094011305601E-009   5.0556822860153111E-009   9.0975651975653496E-009   3.8057174648002369E-009  -1.4574042809070152E-008  -1.1892326871380691E-008   6.0721894846675412E-012   2.0669121798293354E-011   3.7193532445906236E-011   1.9997073628537048E-012  -1.3615841400640710E-011  -1.2666235692910723E-011   1.2753337829809748E-011  -1.0611229273398626E-011  -4.4840935021748666E-011  -2.9284389118948716E-011  -1.5542614165503007E-011  -3.6764116291145386E-011   2.5302763746768574E-011   4.6912765271663428E-011  -7.1936588163535808E-012   1.1528206356842334E-017  -5.5667262455076025E-018  -1.0004932322736772E-017  -4.8084251276812063E-019  -1.3456407292027505E-017  -1.4973038893718225E-017  -1.3737333583316923E-017   1.3871388223231869E-018   2.3996386643470876E-017   6.4245106010262317E-018  -6.0147020266184741E-009  -3.7603426824460655E-009  -6.7666361894520353E-009  -2.8306370959577854E-009   1.0839960292329248E-008   8.8453391243677165E-009   2.5957200443403675E-016  -4.1582260336425441E-016  -7.4827529761498314E-016  -6.3409903593916714E-008  -3.8802101554390316E-005
  -5.7725662028175487E-008   5.0778004444736823E-018  -8.5157397239964886E-018  -1.4928624560747581E-017   9.4163452751518034E-018  -1.4801071462776225E-017  -2.7348847959879158E-017   3.8005766574283834E-007  -6.1379047888226148E-009  -3.8373680340368971E-009  -6.9052412515802430E-009  -2.8886187495576878E-009   1.1062001691841285E-008   9.0265234823324419E-009   8.3598374724234891E-018  -1.4404725347099196E-017  -2.5008090930548182E-017   9.4490712935979932E-019  -3.3101459186752911E-019  -6.3722305285701107E-019   8.3735527117546476E-020  -8.1506796180387172E-019  -8.8344296117923393E-019  -7.8824944128946949E-019   7.1238722003649847E-020   1.5234135861605248E-018   3.5386110935504052E-019  -1.0053689423322431E-006   5.2173658111830969E-009   3.2618545433734922E-009   5.8696201012345880E-009   2.4553950231070973E-009  -9.4029658233176215E-009  -7.6727606526667683E-009  -7.2354989119364416E-011  -2.4628912427673691E-010  -4.4319069886667081E-010  -2.3828109323779107E-011   1.6224364477990361E-010   1.5092833759330750E-010  -1.5196622460783745E-010   1.2644128719170935E-010   5.3431561951034951E-010   3.4894692776044142E-010   1.8520269067847758E-010   4.3807386178158874E-010  -3.0150266822428636E-010  -5.5900313466467653E-010   8.5718206939000905E-011   1.5847651556107075E-006   3.8439267258118686E-021   9.0214691909151610E-021   3.8933134218516893E-020  -1.0996129220912081E-020   2.1125534321632226E-020   8.2643217264175682E-020   4.9273474002150360E-020  -4.3883029436731073E-021  -1.6311354313252567E-020  -3.0825010722034611E-020   4.6592368171524532E-018  -7.1440759376746542E-018  -1.3206372877873915E-017  -3.0967772015695497E-008  -1.9360798655023928E-008  -3.4839239904024750E-008  -1.4574042711845037E-008   5.5811479529995933E-008   4.5541814748410968E-008  -2.3253525707696289E-011  -7.9152660882162045E-011  -1.4243309848527720E-010  -7.6579043996243320E-012   5.2142035231472897E-011   4.8505508276470703E-011  -4.8839067000995196E-011   4.0635835446552123E-011   1.7171892246087589E-010   1.1214493502403259E-010   5.9520635674319176E-011   1.4078864394062821E-010  -9.6897250776992681E-011  -1.7965302236010085E-010   2.7548206563852424E-011   5.0105025648751837E-020  -8.3030614337632298E-021  -6.1825193385828291E-020  -7.9863474171034632E-021  -8.6027786043398113E-020  -1.0837091841161492E-019  -9.2076993818669654E-020   1.9148747104015769E-020   1.3530928251030553E-019   2.7265147272564894E-020   2.3033376766858800E-008   1.4400279414336277E-008   2.5912918064128218E-008   1.0839960222950284E-008  -4.1511763749231236E-008  -3.3873336996669486E-008   1.6598639778217715E-018  -2.6760022104717981E-018  -4.7631879993791140E-018   2.4282902025156683E-007   1.4859313403937005E-004
  -4.7103775459989170E-008   8.6076593362690252E-016  -1.3792338387860427E-015  -2.4815719446978034E-015   1.6199372249105560E-015  -2.5948622817408722E-015  -4.6699685505084279E-015   3.1012465375036083E-007  -5.0084915236896888E-009  -3.1312680683400226E-009  -5.6346332286796780E-009  -2.3570946471305555E-009   9.0265234823324419E-009   7.3655861250855441E-009   1.4713229252700899E-015  -2.3578440159144477E-015  -4.2421324491016670E-015   1.2364395673279380E-016  -5.9558651045748895E-017  -1.0720812307521451E-016  -5.0731053759785002E-018  -1.4416622978518772E-016  -1.6043076983373909E-016  -1.4715201035417332E-016   1.4879367312458902E-017   2.5709382783756009E-016   6.8762304875586317E-017  -8.2037470425112351E-007   4.2573375346070569E-009   2.6616526964942752E-009   4.7895729138462604E-009   2.0035868237866128E-009  -7.6727606966780494E-009  -6.2609242101901021E-009  -5.9041213927091668E-011  -2.0097036916625302E-010  -3.6164080985648866E-010  -1.9443586643935461E-011   1.3238978896063031E-010   1.2315656979515628E-010  -1.2400347904084665E-010   1.0317529139541556E-010   4.3599816930459883E-010   2.8473848813822606E-010   1.5112422534100758E-010   3.5746550312716243E-010  -2.4602427214593992E-010  -4.5614302567587627E-010   6.9945515228856710E-011   1.2931583532167409E-006  -6.3035248389380453E-018   3.0504468525902374E-018   5.5077200480839794E-018   2.5492002048097405E-019   7.3826782774601174E-018   8.2648177904959168E-018   7.5600203030244963E-018  -7.6430601488258590E-019  -1.3145283797068095E-017  -3.5396747225116604E-018   7.6978752911389373E-016  -1.2329168781213892E-015  -2.2188872313681118E-015  -2.5269506286675001E-008  -1.5798289366125984E-008  -2.8428599620648556E-008  -1.1892326762886983E-008   4.5541814636747640E-008   3.7161833066592124E-008  -1.8974730043871812E-011  -6.4588071132631249E-011  -1.1622450836243921E-010  -6.2488016015806742E-012   4.2547571275515992E-011   3.9580188258600330E-011  -3.9852370070132490E-011   3.3158584956014893E-011   1.4012155567623279E-010   9.1509558361908080E-011   4.8568462613222370E-011   1.1488264384493054E-010  -7.9067544362885914E-011  -1.4659573106027261E-010   2.2479162485408015E-011   1.2375401846067461E-017  -5.9584165524250105E-018  -1.0760268484737651E-017  -5.2263615587697369E-019  -1.4475464880195707E-017  -1.6120801004745392E-017  -1.4782323383521297E-017   1.5034453034441518E-018   2.5793817629098051E-017   6.8959207562403257E-018   1.8795089899218259E-008   1.1750537010089605E-008   2.1144777402639894E-008   8.8453390467456668E-009  -3.3873336916214287E-008  -2.7640428951561973E-008   2.7922990638320663E-016  -4.4733226169770006E-016  -8.0491985309187386E-016   1.9814694614530500E-007   1.2125105845075023E-004
