   4.7035780460892027E-003  -1.2969260247389767E-016   7.4284447507993374E-010  -7.7478006590696577E-009   1.6230379859256176E-009  -1.4949887746739865E-017  -2.5660132621455071E-009  -1.4619550759798015E-009   2.7447153666261311E-017  -1.6108318798643370E-010   2.1915217822367675E-002  -2.3787182751905895E-016  -9.3218456325948621E-010   7.6175325109687762E-009   1.4978450923143990E-010   1.4386538199531731E-017  -1.6477860634424753E-010  -1.3611552783942040E-010  -2.9767936763193655E-018  -6.4836906279423178E-011   3.6745146979816008E-017   4.6921060353475707E-011   2.1790312597660898E-017   8.7845420249775165E-011  -1.4658237806779213E-009   2.4696740734846397E-018   1.6085000177720135E-009   1.0888223748150502E-009  -1.1158968842276533E-017   3.7700026108057800E-010   2.8582151469716679E-002  -4.2796791665113549E-016   3.2899296153793124E-009   5.5218858816387954E-009   2.7516044076841114E-011   1.5113026960523844E-018  -3.8825573361056195E-011  -3.3143163701466903E-011   8.2774451589412742E-019  -1.5191899064585201E-011   1.7729445601727158E-018   1.4008203900332994E-011   8.0953767898443161E-019   2.8384468414875642E-011   1.5379339247233227E-011   2.7495548333064627E-018   6.1277927461144641E-012   2.6481191018816723E-018   5.1602075655427198E-012  -9.2138508925181052E-011   1.7590283306421372E-017   1.1470930462904296E-010   8.9735982958831137E-011   7.9755627299679867E-020   3.3887066914239522E-011   2.9457055555473894E-017  -3.3885421627376982E-011   1.3133676466195630E-017  -6.0243023354940445E-011   1.9956537776279156E-010   3.4162620350132155E-018  -1.5426442943702078E-010  -1.2710108894991391E-010  -1.2919115717274557E-018  -7.2464428555178719E-011   3.3007253814775436E-009   2.1337820222623042E-002  -2.2808801635927083E-016   2.5148543853927026E-009  -5.4367618943244273E-012   7.4627565887367416E-019   8.5325710914139457E-012   7.0505670185749419E-012   1.3444290718843306E-019   2.4997079236264085E-012   4.0210079414588450E-019  -3.2380514008533902E-012  -8.9604701494332213E-020  -6.1190771318625474E-012  -3.3465989017446363E-012   3.0131675868962050E-019  -1.1720833926305006E-012   6.0301321341446140E-019  -7.5562102262585033E-013   2.8786476543987878E-011   1.2333984241523961E-018  -1.1693353169662321E-011  -1.7175567275071952E-011   3.2058876834039709E-020  -2.1441401025167562E-011   5.1628552501759425E-018   1.5013015660925623E-012   2.1788641540451444E-018   7.5966341929986210E-012  -5.4284733030441000E-011  -1.6386329170888732E-018   2.5824417242147329E-011   2.9303281942484703E-011   5.2588164777286063E-019   2.4981294010298691E-011   1.1097598693712055E-002  -1.2823752071013941E-016   1.3649692710784174E-009   3.9168827271669500E-009   7.4875311965784798E-011
  -1.2969260247389767E-016   4.7035798643088027E-003   7.8034095116296017E-017   1.4126548701076431E-019  -4.7629826404060582E-017  -2.7184480876294954E-009   3.0719306476647711E-017   1.4601268901509820E-017   1.1106378996175977E-009  -1.1265630894404150E-017  -3.0366404521625014E-016   2.1915215540710443E-002   2.2447241845685119E-016  -6.0876479755926355E-016  -1.2687230592967938E-017   6.9867434927422720E-011   8.5207218112124117E-018  -7.6292102778983015E-019  -4.2995100122064628E-011   8.1611379688222004E-019  -4.7561822536310144E-011   1.4131012620420404E-017  -6.0577797406431727E-012   3.1240765141752476E-017  -1.0677017164804003E-016   9.8718681392523550E-010  -1.1644786461617866E-016  -1.0168497960429589E-016  -4.0332096490678684E-010  -1.4927370735743615E-016  -4.8149333051527847E-016   2.8582159522309452E-002   2.3004764446689366E-016  -2.0824550999268343E-015   6.8807202844204407E-017   3.2144387439518739E-011   4.3974875824164791E-017   3.5652166324574197E-017  -2.9370856161751079E-011   4.7771039940031369E-017  -3.2158261410346782E-011   2.1361772907624520E-017   1.8573766611250337E-014   4.7048723332217974E-017   5.0494105477154637E-017   1.3138445581036772E-011   3.8757459259059481E-017   8.7533061379903272E-012   8.5122937564198898E-017   3.1916987105559971E-018  -2.2324047371606480E-011   2.2550730892149304E-017   2.0568962520004690E-019   1.3736514082073692E-011  -2.7640183066639829E-018   1.5190889932513977E-011   1.9670464943677550E-017   1.9333152437556024E-012   4.8591843042124343E-017   6.7705078384513809E-017  -3.8249973324819026E-013  -1.8459768837153587E-017   1.2438721689638084E-017   1.5628663786908460E-013   1.2406370001377429E-017  -8.9043106929417692E-016  -3.2334956084719988E-016   2.1337826378095042E-002   2.4673318424657077E-016   6.1637599147178851E-018  -5.5394708683009753E-012   1.4804050318229206E-017   1.2372894855349965E-017   5.0614861547904177E-012   1.4378084006669062E-017   5.5418220570554066E-012   5.0918543988863973E-018  -3.2099637025618162E-015   1.3689376104589776E-017   3.4864321548866437E-017  -2.2641550127674644E-012   2.3449131507703685E-017  -1.5084624941155002E-012   4.2551597333796010E-017   9.0911873322694278E-019   4.4349953277842574E-011   3.5797097345365249E-018  -5.0376467691012501E-019  -2.7292277675737248E-011   9.1230075480614597E-020  -3.0191706561296443E-011   5.9997831809864416E-018  -3.8455901794322467E-012   8.1490866390658920E-018   2.3484074770386892E-017  -3.3310092925930928E-011   8.0117410333375087E-018   3.1610488831165457E-017   1.3609026402045767E-011   3.4014215956325089E-017  -1.7473735476540259E-016   1.1097602034671403E-002   1.2751685825879559E-016  -1.2046035213985317E-015   2.4202738882413599E-015
   7.4284447507993374E-010   7.8034095116296017E-017   4.7035795608157465E-003   3.1654091714537016E-009  -2.5867830115634276E-009   3.2387920522915463E-017  -1.2163306271804862E-009   5.9729032470452293E-010   3.2702551506917369E-017   1.9894928053241174E-009  -9.3218546934460179E-010   1.5048336049553096E-016   2.1915215921560090E-002  -3.1121871811912692E-009   2.6337748013712861E-012  -1.1109373102812562E-017   1.0676436169034722E-010   4.6921168934257999E-011  -7.7788475025068564E-018  -5.0454652387466529E-011  -3.7732845290919180E-017  -4.0439375904132138E-011  -1.2893471848223793E-017  -4.9433732837437523E-011   1.2974433255815994E-009  -2.0325389848883417E-017   1.6524546457744609E-010  -4.4484471796976286E-010  -2.5137115415247385E-017  -8.5259804390798357E-010   3.2899286060226541E-009   1.7604066265533640E-016   2.8582158178179787E-002  -2.2559989172127845E-009   2.3504227506020421E-011  -4.7076690342897867E-019   2.1174819709177388E-011   3.3638292251421504E-012   6.0984485103501248E-018  -4.4651939582060718E-011  -1.1056750851045708E-018  -1.7704186114677034E-011   9.0314054180880818E-020  -7.9788782944031278E-012  -6.2833393466642991E-012  -4.1884360982065946E-018   7.6734424244421477E-012  -6.2477853437312747E-018   2.1050827399113709E-011   1.7252413317162039E-011  -1.3432742657153972E-017  -5.9466354571040030E-011  -3.3885285420020483E-011   1.3792734114026757E-018   1.0738801188397079E-011  -2.2254743918812475E-017   2.0639926632444617E-011  -6.6555787404314032E-018   2.8940633173495963E-011  -8.1804245686999910E-011   5.3313764183233255E-018   6.2706964521847415E-011   5.1927923827113558E-011   1.2983328477384444E-017   2.9876479184902811E-011  -1.3485307123206914E-009   2.5148539758958981E-009   8.2491298748183301E-017   2.1337825350642596E-002  -3.7666038174065792E-012   3.1352875845911691E-019  -4.4015217255791858E-012  -1.1267566565311653E-012  -4.4170352945724513E-018   7.7432082079381949E-012  -1.0240636049566747E-018   3.3876193926967304E-012  -8.9643619672651662E-019   1.8765344764136202E-012   1.3672651316172473E-012   1.3657610094771340E-018  -1.2749511500349591E-012   8.3814819014761592E-019  -3.6822996170286252E-012   2.8756557087913291E-011  -1.9978795500889987E-019   2.9813829604655662E-011   1.5013328995320122E-012   5.0393613231162948E-019  -4.0082226162189856E-011   8.3770936733294167E-019  -1.4115874597831708E-011  -4.0998261165161865E-019  -1.1703502069399201E-011  -1.3931857879079427E-012  -1.3864659068178618E-019  -3.8300756517727120E-011  -1.1972024045668094E-011  -3.9578365480762039E-018   1.3365278539922901E-011   1.3649690833140778E-009   5.3523799900036136E-017   1.1097601477005165E-002  -1.6002652606768687E-009  -3.0602165048977874E-011
  -7.7478006590696577E-009   1.4126548701076431E-019   3.1654091714537016E-009   2.0629272308816828E-005   6.1357753484092794E-011  -2.8204869611126914E-018  -4.7372838903510588E-011  -3.9059582351700107E-011  -2.9405283912991491E-018  -2.2298142448303345E-011  -3.6225460111234421E-008   7.2443151695878037E-017   1.4800123096956711E-008   1.5866616084074915E-003   3.7180442388101186E-011  -5.6697506398742323E-019  -5.2104744217946386E-011  -3.8825581927929885E-011   1.1291055144912529E-019  -1.1057195421824472E-011  -3.6136187357586620E-018   1.5862420704295645E-011  -3.0630287194787671E-018   2.7013433467555654E-011   9.5164276115765323E-012   2.1575323637243578E-018  -7.3471835587064235E-012  -6.0576027243897939E-012   3.9362089260315106E-018  -3.4579255300411293E-012  -4.7294262121478769E-008   6.2569077452783081E-017   1.9322346766606435E-008   3.8221263735941763E-003   1.0489448312695475E-012  -5.3119460281729474E-019  -2.7810779061236808E-012  -2.0222014037282371E-012  -1.7657208259462571E-018   1.7870460126287378E-013  -1.9424281035578146E-019   1.2442703935081639E-012  -7.4286254068334850E-019   1.8536517443393398E-012   1.0510211607772501E-012  -5.3307721506969490E-019   1.7515150045312996E-013  -4.9140796374077471E-019  -2.0185451670274833E-013  -2.8975678712833665E-011  -4.1958324196324056E-018   4.0606600316772743E-011   3.0257799799328062E-011  -3.5968991101781548E-019   8.6171705053582062E-012  -6.0239070101595220E-018  -1.2362003393714212E-011  -7.3380505882040148E-019  -2.1052275732922127E-011  -4.0224879497417408E-013   8.0696048628515121E-019   3.1113290764501422E-013   2.5598992405582514E-013  -1.1996936552645172E-018   1.4636937300118157E-013   1.9475420173170280E-003  -3.5404001044426813E-008   5.2647839742282960E-017   1.4464511202478201E-008  -4.7231228917659609E-013  -2.9470159652620563E-019   1.2501546429751779E-012   9.0881512111772299E-013   6.1257906339196849E-019  -8.0565421067164212E-014  -3.4511143846476709E-020  -5.5932746178624022E-013  -1.5462071714097449E-019  -8.3325875055071126E-013  -4.7239564330560872E-013  -6.1129229724163847E-019  -7.8766490185407988E-014  -7.1493336090475162E-019   9.0522900466928130E-014   2.8026087036680209E-012   4.0851085494900099E-019  -3.9275696906537636E-012  -2.9266071269313388E-012   3.6326519559900503E-019  -8.3347515504221465E-013  -8.8395173450523718E-019   1.1956841604344290E-012  -1.3677601357760056E-018   2.0362267966478153E-012   3.1472168542848741E-012  -4.9946398646055223E-019  -2.4299828094506351E-012  -2.0034416194013253E-012   1.5409834018242976E-020  -1.1437478929343190E-012  -1.8401435502155072E-008   2.3493049196819593E-017   7.5180138505576886E-009   2.3112675375147277E-003  -5.0750633200463756E-004
   1.6230379859256176E-009  -4.7629826404060582E-017  -2.5867830115634276E-009   6.1357753484092794E-011   2.1663876744880925E-015  -2.3236449249391269E-024  -3.5834151794312570E-016  -9.4990008148864788E-016  -2.9363473193760496E-023  -1.2164876685948571E-015   7.5621665532989049E-009  -2.2191944051320650E-016  -1.2052504674639802E-008   4.7525985224515130E-009   1.6159570536109636E-016   6.9047386224282457E-024  -2.7163395140648734E-016  -1.8905963240870377E-016   4.4399427993954391E-024  -2.7742170566728730E-017   2.3135625849546063E-023   8.5940266006839874E-017   5.9018339429321974E-024   1.3840666425816824E-016  -1.1907586274971720E-015   6.8259421518739464E-024   4.4208655518134722E-016   6.0216372034067809E-016   2.5543134849451554E-023   5.8859693209891669E-016   9.8626869293576903E-009  -2.8943084755775152E-016  -1.5719058434591190E-008   1.1440030436603290E-008  -2.8870274782794782E-019  -1.4329947344551849E-024  -3.3375405686767945E-017  -1.9345498311523754E-017  -6.7993211528143002E-024   1.9850059281762687E-017   1.3649234971652050E-024   1.8298464714298001E-017  -1.5135757695820803E-024   1.9736517290006493E-017   1.1911557890216089E-017   1.6757818930903850E-024  -1.5808126803679031E-018   2.3048631585314540E-024  -1.0401326002842877E-017  -1.2811372413940121E-016   3.0392666895602633E-024   1.9397265793424650E-016   1.4027427293927340E-016  -2.2136234403854284E-024   3.1610510619464561E-017   3.6904423760844800E-024  -6.0089198161290390E-017   4.2254570353106605E-024  -9.9791604829998352E-017   1.1234454854039109E-016   1.0380892713877558E-024  -8.6551919264436037E-017  -7.1456905016874348E-017  -1.0857979294348556E-023  -4.0887336689452885E-017   5.8553852972034435E-009   7.3629247832165818E-009  -2.1607265760975697E-016  -1.1734961282607002E-008  -1.2260674896169851E-018  -5.2175843794248838E-025   9.1275921349023561E-018   5.7878796665259361E-018   3.0962558801303720E-024  -3.6383691524211275E-018   4.1505643874928435E-025  -4.6638245631777993E-018  -8.7882320737168806E-026  -5.6513887691778614E-018  -3.3285187051056787E-018  -2.1353710307550173E-024   5.9664938352856653E-020  -1.4933378496805469E-024   2.0368418914682194E-018   2.5340858702183512E-018  -3.3541867561978281E-026  -3.2225365707280649E-017  -1.5540570016831039E-017   1.1110238977761343E-024   1.2142158561337870E-017  -1.2330425612595748E-024   1.1871699508533786E-017  -1.9449384487570989E-024   1.5172315872917703E-017  -8.6585775145130782E-018  -1.5608109561377110E-024   2.2789078435596284E-017   1.0771162742865353E-017   2.3510046396944359E-024  -2.1124429815002983E-018   3.8293876174134409E-009  -1.1237736741105820E-016  -6.1032425475176993E-009   6.9210280528509022E-009   1.3654348007997244E-011
  -1.4949887746739865E-017  -2.7184480876294954E-009   3.2387920522915463E-017  -2.8204869611126914E-018  -2.3236449249391269E-024   1.5711352243026998E-015  -1.2661485172432415E-023   4.7008242263930550E-024  -6.4189650465475352E-016   2.3222777716312375E-023  -6.9655682321306446E-017  -1.2665964540901270E-008   1.5090393996906103E-016  -1.7479306605763273E-016   2.7659001851173119E-024  -4.0380093534130300E-017   2.0923746328314453E-024   5.4872384207068155E-024   2.4849147048860234E-017   6.0890348521350276E-025   2.7488497962818392E-017  -1.0347599521499633E-023   3.5011119671198285E-018  -2.1660530318186472E-023   7.4371544279260196E-023  -5.7054757947486951E-016   6.4044422680786038E-023   5.2837005985690251E-023   2.3310056114309256E-016   7.9541870820837503E-023  -9.0845886589103151E-017  -1.6519144807836974E-008   1.9681123534434332E-016  -4.3196447442881412E-016  -3.9807422638929968E-023  -1.8577945114964867E-017  -2.4842680047515287E-023  -2.0256077471430092E-023   1.6974974395740367E-017  -2.7888098227388808E-023   1.8585963618010262E-017  -1.2648328829861614E-023  -1.0734764111118571E-020  -2.7539413534560791E-023  -2.9390075817160748E-023  -7.5934040230102756E-018  -2.2385745885152543E-023  -5.0589995317864114E-018  -4.9046480138934845E-023   1.7089983919196353E-024   1.2902250123571553E-017  -1.8210541862079699E-023  -3.9184503135472524E-024  -7.9390595066674155E-018   6.2930130683532366E-025  -8.7796203907983106E-018  -9.7782930405909392E-024  -1.1173653427388367E-018  -2.5410226995244275E-023  -4.0671174500582352E-023   2.2106686786789812E-019   1.1855953802918207E-023  -6.2088681772984351E-024  -9.0326331026737875E-020  -6.6094752429410176E-024  -1.8670492656474200E-016  -6.7820418001416727E-017  -1.2332260742898365E-008   1.4692810687757203E-016  -3.5276104169361273E-024   3.2015538000493724E-018  -8.7283032251943121E-024  -7.2645847482424405E-024  -2.9253011015010325E-018  -8.2570705082453969E-024  -3.2029126766405735E-018  -2.8578589115293938E-024   1.8552081478057086E-021  -7.8029081664551617E-024  -2.0086491594959265E-023   1.3085751793567576E-018  -1.3550310527735163E-023   8.7182042203877904E-019  -2.4624079202289370E-023  -7.0086499822711380E-025  -2.5632188493164624E-017  -1.4313157751945578E-024   6.5050851385902894E-025   1.5773653726524680E-017  -1.7672510727371151E-025   1.7449387345714246E-017  -3.6898574215970800E-024   2.2225703763250699E-018  -5.0193730568193403E-024  -1.3909205640969554E-023   1.9251668096543572E-017  -4.5905377596797573E-024  -1.8126900677241979E-023  -7.8653776196860204E-018  -1.9464387771347739E-023  -3.5272755820697157E-017  -6.4138923753256895E-009   7.6415921832523735E-017  -2.5718343446587697E-016   2.0123658037212600E-015
  -2.5660132621455071E-009   3.0719306476647711E-017  -1.2163306271804862E-009  -4.7372838903510588E-011  -3.5834151794312570E-016  -1.2661485172432415E-023   1.8239219524885117E-015   7.3339522846690693E-016  -8.7627375682504598E-024  -3.7505365548560989E-016  -1.1955735039729645E-008   1.4312902609746053E-016  -5.6672024508024897E-009  -3.6693664716992382E-009  -1.6837273338676906E-016  -1.8466024487126051E-024   1.8277420975886636E-016   1.5190522786306831E-016   2.7728511792075679E-024   7.3987931756984077E-017  -2.2784852479028411E-024  -5.1820920224388469E-017  -1.8222477168022262E-024  -9.7607111708917872E-017   4.4208604376098964E-016   6.6562447540845040E-024  -9.0320013121637376E-016  -4.6491633857960233E-016   1.0865910907171839E-024   2.2828665824315574E-017  -1.5592847658597895E-008   1.8667120325221836E-016  -7.3912542012610590E-009  -8.8325710527312596E-009  -2.3515897125023646E-017   9.6478729898738719E-025   2.2138876258982885E-017   2.1889210081465053E-017   8.8984257039393426E-025   1.9421307553655929E-017  -7.5190367343384167E-025  -5.9422551451543894E-018   8.8090294369171476E-025  -1.7709778891919795E-017  -9.1966157719815325E-018   7.8335022386482855E-025  -5.7324935627541448E-018   1.7385736224484997E-024  -7.7918435502831650E-018   1.1284504045879621E-016   1.9495935075754252E-024  -1.4115239069190319E-016  -1.1019958111744337E-016   7.2681053716867423E-025  -4.1201404129770683E-017   4.1134489125448575E-024   4.1750454206550629E-017  -2.3837060914709135E-024   7.4089781204730356E-017  -8.6553653136081035E-017  -5.3970073396141173E-024   6.7042400384230247E-017   5.5170159137428468E-017  -1.2672140253528414E-025   3.1383188619930466E-017  -4.5208014831561477E-009  -1.1640739308856895E-008   1.3935813350821413E-016  -5.5178931489903831E-009   5.0375479630770541E-018  -1.2544767661842370E-026  -6.4217253449010630E-018  -5.6668895727562345E-018   5.8316684992736003E-025  -3.1788653157627655E-018   2.5982188324045498E-025   2.1902112249758395E-018   7.0531953256409576E-025   4.7892483586879935E-018   2.5698747258688174E-018   6.3437792790637832E-025   1.1521532309708457E-018   4.1396420093212577E-025   1.1540956957501095E-018  -2.9638351818277684E-017  -2.3897189270584651E-025   7.7753321925222577E-018   1.5766972348171034E-017  -1.1759054361689869E-024   2.3994743093210957E-017  -1.0225661121916053E-024   5.9169227286564874E-020   1.1785100419368163E-024  -5.8386922654009876E-018   2.2789349346232578E-017   1.8000558605899496E-024   1.3641456536173189E-018  -8.3161636060894202E-018   7.2456518835543824E-025  -1.4473298661260314E-017  -6.0542385725610434E-009   7.2478859000066890E-017  -2.8698041426033760E-009  -5.3435585123506582E-009  -1.0541611300889926E-011
  -1.4619550759798015E-009   1.4601268901509820E-017   5.9729032470452293E-010  -3.9059582351700107E-011  -9.4990008148864788E-016   4.7008242263930550E-024   7.3339522846690693E-016   6.0469492670651595E-016   5.1824561705238019E-024   3.4520520181872495E-016  -6.8116368250320405E-009   6.8030881611919788E-017   2.7829341939703829E-009  -3.0254450985610641E-009  -1.1711087229621140E-016  -3.4617226012757285E-024   1.6411861915086006E-016   1.2229180042066262E-016  -6.7582594289985791E-025   3.4827474313396412E-017  -9.4997233293602522E-024  -4.9963041557042559E-017  -2.8463755506125515E-024  -8.5086163853839727E-017   6.0216282233877497E-016  -3.3347582880856507E-024  -4.6491591840853960E-016  -3.8333020691408522E-016  -8.2869837293364459E-024  -2.1883392589549210E-016  -8.8838369072152513E-009   8.8727006578687609E-017   3.6295436967354049E-009  -7.2825810607169175E-009  -7.5684754880219482E-018   7.7207338971861757E-025   2.0061118104214318E-017   1.4585720078063115E-017   2.9904323189976941E-024  -1.2891322999520370E-018  -6.7634286516694454E-025  -8.9754658008580173E-018   8.6951858698388191E-025  -1.3371193321789602E-017  -7.5827487987101342E-018  -4.2683390380063488E-025  -1.2642806042314769E-018  -3.4393268722004143E-025   1.4542968294620457E-018   8.6105165647532028E-017  -4.6657379244224559E-025  -1.2066913499281471E-016  -8.9916432432514099E-017   1.0482560840942887E-024  -2.5607745400024334E-017  -1.1988721955306155E-025   3.6735813264081911E-017  -2.4085810220306258E-024   6.2560483116686823E-017  -7.1456807002646164E-017  -2.1604542619242818E-024   5.5169011798825690E-017   4.5488600988865402E-017   4.1325626293776302E-024   2.5967988323967349E-017  -3.7274654534028121E-009  -6.6321707634390918E-009   6.6238530968453101E-017   2.7096122814420934E-009   2.1164542151737492E-018   2.1267981599900751E-025  -5.6062572241648512E-018  -4.0757857783823625E-018  -1.0147155763677053E-024   3.6068249078285819E-019  -9.0912847307103458E-026   2.5082760453772392E-018   2.6412875752936160E-025   3.7367043245592533E-018   2.1188960803862728E-018   1.0347338247433826E-024   3.5331440577779402E-019   7.1371344954377551E-025  -4.0618644708958420E-019  -1.0653088422692193E-017  -1.9471761784512217E-025   1.4928347459766619E-017   1.1123587285167554E-017  -7.3141001322833758E-025   3.1677310154392012E-018   2.2832309598850302E-025  -4.5448092439276989E-018   1.1438349823545009E-024  -7.7397819001007432E-018   1.0771039733180872E-017   1.2852158558305150E-024  -8.3158924669470905E-018  -6.8567961310480234E-018  -7.0699807851677774E-025  -3.9143351657547546E-018  -3.4493293672798712E-009   3.4450044693933921E-017   1.4092437528658931E-009  -4.4058403618914429E-009  -8.6930563490580122E-012
   2.7447153666261311E-017   1.1106378996175977E-009   3.2702551506917369E-017  -2.9405283912991491E-018  -2.9363473193760496E-023  -6.4189650465475352E-016  -8.7627375682504598E-024   5.1824561705238019E-024   2.6225057927197808E-016   1.3721998705332091E-023   1.2788362985468517E-016   5.1747540511631890E-009   1.5236973359156586E-016  -2.5007329848648209E-016  -7.9561986457078359E-024   1.6497523889896031E-017   9.9948051061449642E-024   5.4635412386566153E-024  -1.0152264673077307E-017   1.2041351905119006E-024  -1.1230586958784991E-017   8.3235267242059983E-025  -1.4303998149463949E-018   3.2933449709656449E-024  -2.6310710195138936E-023   2.3310055769813822E-016  -1.5751798349711119E-023  -1.9752476068349766E-023  -9.5234600508190894E-017  -3.8406099307734019E-023   1.6678774200348447E-016   6.7489934335488898E-009   1.9872293404600008E-016  -5.9621805170467537E-016   1.6405219605190621E-023   7.5901283661033553E-018   1.0744236299965531E-023   8.5683027306314896E-024  -6.9352252834031906E-018   1.0852616514871188E-023  -7.5934043725206186E-018   4.8058816966202473E-024   4.3857507964463851E-021   1.0926346285861081E-023   1.1802765179114549E-023   3.1023297201964107E-018   9.2130484580746327E-024   2.0668839106100538E-018   2.0308152829098317E-023   4.9312292307163511E-024  -5.2712899108840091E-018  -8.5912467526246582E-025  -4.4620143440208825E-024   3.2435492940067319E-018  -1.7468597763893513E-024   3.5869653699300025E-018   6.5509860302881784E-024   4.5650615989818718E-019   1.4662190392030420E-023   1.6865903368938451E-023  -9.0318164588681784E-020  -5.0417925777842534E-024   2.3761565446726107E-024   3.6903351963579754E-020   2.6113522596996611E-024  -3.2274903399272880E-016   1.2451433336507218E-016   5.0384174085784313E-009   1.4835533324509407E-016   1.4768455713315994E-024  -1.3080135700145616E-018   3.3047824957747948E-024   2.8021824270227841E-024   1.1951489108454689E-018   3.4769913434503272E-024   1.3085687470106150E-018   1.3009457466225686E-024  -7.5795616252544841E-022   3.3497473837651943E-024   8.3017136275652530E-024  -5.3462605937038263E-019   5.5344782953410237E-024  -3.5618734335342232E-019   1.0002315606275119E-023   1.2565642838350122E-025   1.0472180844724384E-017   1.6246487066604803E-024   2.6840304030130218E-025  -6.4444186827931591E-018  -2.4636960894802133E-025  -7.1290494747526016E-018   1.1323850149895804E-024  -9.0804415421680824E-019   1.5551911945234154E-024   4.8093950775972882E-024  -7.8653818390642827E-018   2.0922161993124164E-024   7.8123400380318872E-024   3.2134461272146921E-018   8.4190571621301100E-024   6.4758725370674398E-017   2.6204333231600526E-009   7.7158208824130758E-017  -3.6282303344001597E-016  -1.0300144114859433E-015
  -1.6108318798643370E-010  -1.1265630894404150E-017   1.9894928053241174E-009  -2.2298142448303345E-011  -1.2164876685948571E-015   2.3222777716312375E-023  -3.7505365548560989E-016   3.4520520181872495E-016   1.3721998705332091E-023   8.7128249533501125E-016  -7.5053102373214192E-010  -5.2489713377165576E-017   9.2695710326303778E-009  -1.7271512127792127E-009  -4.4484790040604968E-017  -4.1009684095446161E-024   1.0751527207553486E-016   6.6767787111300156E-017  -3.3592265261207051E-024  -7.0853165932945248E-018  -1.3188015155803994E-023  -3.5977206137163769E-017  -2.9984173579347728E-024  -5.3320469198092881E-017   5.8859593775580420E-016  -1.2787641054882917E-023   2.2829262060505187E-017  -2.1883359744125690E-016  -1.3458022667101431E-023  -3.6976305478482375E-016  -9.7885171170738511E-010  -6.8457860362383149E-017   1.2089515457731432E-008  -4.1574440508016717E-009   7.8571786632250670E-018   3.5821282015861366E-025   1.3314286534894247E-017   4.7597774589712720E-018   4.0854756217846809E-024  -1.8560926959326414E-017  -3.8574268360089627E-025  -9.3229984532341011E-018   6.4388126288054324E-025  -6.3653232635772447E-018  -4.3288086940402285E-018  -1.3726753303619070E-024   2.8450933597466398E-018  -2.0433625002231856E-024   8.9470291172073262E-018   4.2008523987386888E-017  -2.3624715411592055E-024  -7.3303474623499684E-017  -5.0357804492188943E-017   1.0360084073678920E-024  -6.0027549417338235E-018  -3.7136204039687341E-024   2.3353370190264718E-017  -1.8350845097528653E-024   3.7231096661219585E-017  -4.0887756000634450E-017   1.1259681500266961E-024   3.1382918632388853E-017   2.5968313234649375E-017   6.7239436746713159E-024   1.4919353621916584E-017  -2.1279171264957524E-009  -7.3075528111140146E-010  -5.1106801085782896E-017   9.0253495385834661E-009  -8.9038715826485057E-019   3.6124408459779167E-025  -3.5213337810851995E-018  -1.7120930648274890E-018  -2.1292043800731042E-024   3.2776865964489345E-018  -3.7633172618432394E-025   2.1555480138549019E-018  -1.7621645399176476E-025   1.9146836905821821E-018   1.2096221976399429E-018   1.1219582442622436E-024  -4.1297941689430683E-019   7.9382889884315000E-025  -1.6306553661073845E-018   8.1190054839084417E-018  -1.8938917416597294E-025   1.7297014211838254E-017   4.4169797030178472E-018  -1.2259863980742704E-025  -1.5309890481290291E-017   1.2890369206665471E-024  -7.3268890412520480E-018   8.3731598639876277E-025  -7.4325318767065865E-018  -2.1124546771440133E-018   5.8927974075552016E-025  -1.4473191832167872E-017  -3.9143714259003259E-018  -1.7721645282962989E-024   6.0267754198854649E-018  -3.8005890614140110E-010  -2.6580156577120925E-017   4.6939990741581153E-009  -2.5151844703670091E-009  -4.9617681496550466E-012
   2.1915217822367675E-002  -3.0366404521625014E-016  -9.3218546934460179E-010  -3.6225460111234421E-008   7.5621665532989049E-009  -6.9655682321306446E-017  -1.1955735039729645E-008  -6.8116368250320405E-009   1.2788362985468517E-016  -7.5053102373214192E-010  0.10210881322595924        2.9230446073969931E-016  -2.4812813590912655E-008   2.5707225730096249E-008   6.9788552971494560E-010   6.7030719460306982E-017  -7.6774701575866255E-010  -6.3419815561637021E-010  -1.3869668356956653E-017  -3.0209223015920186E-010   1.7120544146552117E-016   2.1861760676801147E-010   1.0152687642110273E-016   4.0929499505942720E-010  -6.8296631000528766E-009   1.1506938596802966E-017   7.4944281564082186E-009   5.0731127262352695E-009  -5.1992621934746985E-017   1.7565450399670870E-009  0.13317182560871227       -1.6731571506056759E-016  -1.1368002841446592E-008   2.1733692879242195E-009   1.2820452003752717E-010   7.0415664975193850E-018  -1.8089864806813612E-010  -1.5442278215162909E-010   3.8566821790461334E-018  -7.0783047052583000E-011   8.2606184183437350E-018   6.5267946751419775E-011   3.7718543666462215E-018   1.3225076383529966E-010   7.1656420574711987E-011   1.2810913081606188E-017   2.8551003659738201E-011   1.2338299706821974E-017   2.4042757465430378E-011  -4.2929759176592434E-010   8.1957829369293504E-017   5.3446088391635250E-010   4.1810359360250397E-010   3.7160494074597890E-019   1.5788877069077394E-010   1.3724829572077104E-016  -1.5788111106751056E-010   6.1193296801309113E-017  -2.8068812346485314E-010   9.2982811264076443E-010   1.5917260355241093E-017  -7.1875895899773547E-010  -5.9219773963487291E-010  -6.0193640509699520E-018  -3.3763102410338121E-010   3.3268029412863163E-009   9.9418564644020935E-002   3.0098877140881566E-016  -8.2128436631882776E-009  -2.5331309417198601E-011   3.4770970075528267E-018   3.9755508494423254E-011   3.2850457447459359E-011   6.2640806280461404E-019   1.1646795573684808E-011   1.8734960312300631E-018  -1.5086940125252610E-011  -4.1749011675996092E-019  -2.8510400139790640E-011  -1.5592690377443056E-011   1.4039164461003770E-018  -5.4610457629518575E-012   2.8096003572492303E-018  -3.5206359073692300E-012   1.3412378614704102E-010   5.7467335090061879E-018  -5.4482437851526800E-011  -8.0025507363504279E-011   1.4936633198843470E-019  -9.9901132489582426E-011   2.4055115291766823E-017   6.9949680364366897E-012   1.0151912475872047E-017   3.5394732188932871E-011  -2.5292698903354803E-010  -7.6348245222922816E-018   1.2032286088811136E-010   1.3653178716484081E-010   2.4502264060403237E-018   1.1639447000170882E-010   5.1706656144494531E-002   1.1176077727910455E-016  -4.0057639038375362E-009   4.0001429144529648E-009   5.4607435418325543E-010
  -2.3787182751905895E-016   2.1915215540710443E-002   1.5048336049553096E-016   7.2443151695878037E-017  -2.2191944051320650E-016  -1.2665964540901270E-008   1.4312902609746053E-016   6.8030881611919788E-017   5.1747540511631890E-009  -5.2489713377165576E-017   2.9230446073969931E-016  0.10210875249300648        5.2996107353794840E-017   2.3859272569467480E-015  -5.9113009819745186E-017   3.2553075314604781E-010   3.9700094409392707E-017  -3.5547903170307802E-018  -2.0032547837006627E-010   3.8024496166518623E-018  -2.2160303906000065E-010   6.5840161724342355E-017  -2.8224788893608597E-011   1.4555903858904639E-016  -4.9747045074706932E-016   4.5995629776125754E-009  -5.4256113055422880E-016  -4.7377697563561859E-016  -1.8791784413165119E-009  -6.9550540182844614E-016  -1.6907453819857614E-017  0.13317179778394792       -2.2307621859147353E-016   2.9547501909253860E-015   3.2059085757278419E-016   1.4976915444906103E-010   2.0489049791136318E-016   1.6611280937887411E-016  -1.3684654283946474E-010   2.2257783939063227E-016  -1.4983379692774185E-010   9.9530123700186579E-017   8.6540063192531422E-014   2.1921238359302329E-016   2.3526532135101737E-016   6.1215473125728985E-011   1.8058119587454417E-016   4.0783955251511712E-011   3.9661015062594296E-016   1.4870860674684568E-017  -1.0401360750822083E-010   1.0506993042858806E-016   9.5846980139122544E-019   6.4002031552809031E-011  -1.2878257765346186E-017   7.0778351113460666E-011   9.1649825022799352E-017   9.0078241461456217E-012   2.2640210043518587E-016   3.1545578603161714E-016  -1.7821668474274258E-012  -8.6008933541023325E-017   5.7955262339327546E-017   7.2818054627361248E-013   5.7804532961511259E-017   2.0638546735185415E-015   1.5560566245548472E-016   9.9418544541908724E-002   1.8287428679376258E-016   2.8718576649133843E-017  -2.5809851551897060E-011   6.8975968435461275E-017   5.7648574442768386E-017   2.3582795070676249E-011   6.6991274141413550E-017   2.5820806358622304E-011   2.3724286532152560E-017  -1.4956065050218243E-014   6.3782400123254571E-017   1.6244204093977496E-016  -1.0549293634598598E-011   1.0925567009163780E-016  -7.0283234573028356E-012   1.9825908264071152E-016   4.2358332332752719E-018   2.0663809552369220E-010   1.6678794126897534E-017  -2.3471829505064434E-018  -1.2716189904614186E-010   4.2506237236908916E-019  -1.4067110071913806E-010   2.7954572281068930E-017  -1.7917615963746721E-011   3.7968745393638506E-017   1.0941848750096356E-016  -1.5520048286883818E-010   3.7328803323393138E-017   1.4728157596805903E-016   6.3408032924700766E-011   1.5848117442016897E-016   5.0334938233653296E-017   5.1706646339806553E-002   9.1352359392607698E-017   2.0129135902240637E-015  -4.2719242104832470E-015
  -9.3218456325948621E-010   2.2447241845685119E-016   2.1915215921560090E-002   1.4800123096956711E-008  -1.2052504674639802E-008   1.5090393996906103E-016  -5.6672024508024897E-009   2.7829341939703829E-009   1.5236973359156586E-016   9.2695710326303778E-009  -2.4812813590912655E-008   5.2996107353794840E-017  0.10210876263041797       -1.0502836641851880E-008   1.2271404204964041E-011  -5.1761513391171210E-017   4.9744330151107587E-010   2.1861811267439685E-010  -3.6243694511909182E-017  -2.3508148064722484E-010  -1.7580730561932568E-016  -1.8841770642594351E-010  -6.0074108575759369E-017  -2.3032479428824448E-010   6.0451315453145275E-009  -9.4701371628693223E-017   7.6992061801709094E-010  -2.0726497288545018E-009  -1.1712040886966455E-016  -3.9724791900119518E-009  -1.1368002038313650E-008  -2.5101436256110172E-017  0.13317180242835447       -8.8794503904930380E-010   1.0951236303163734E-010  -2.1934309180408796E-018   9.8659090939451953E-011   1.5672992127625879E-011   2.8414274345339486E-017  -2.0804513153100739E-010  -5.1516322960088968E-018  -8.2488475679933102E-011   4.2079471200840177E-019  -3.7175717153414730E-011  -2.9275744529696382E-011  -1.9515031039739096E-017   3.5752583872362411E-011  -2.9110081699284984E-017   9.8081343528062441E-011   8.0383550311546338E-011  -6.2586710562263160E-017  -2.7706941195837048E-010  -1.5788047644217805E-010   6.4263964780987670E-018   5.0034893006136201E-011  -1.0369075653226957E-016   9.6166854458857554E-011  -3.1010109723074690E-017   1.3484203504460100E-010  -3.8114771249838562E-010   2.4840285961874423E-017   2.9216840744120382E-010   2.4194599250411286E-010   6.0492745133286662E-017   1.3920245301345338E-010  -1.3591846778143097E-009  -8.2128414606721970E-009  -2.4672049957349205E-016   9.9418547897332843E-002  -1.7549595285695881E-011   1.4608119534322857E-018  -2.0507853722212925E-011  -5.2498602939483165E-012  -2.0580130360373054E-017   3.6077643774816296E-011  -4.7713827616648764E-018   1.5783812532284061E-011  -4.1767327021022356E-018   8.7432719415249583E-012   6.3704502652267168E-012   6.3634387289715516E-018  -5.9403322872495276E-012   3.9051515269079912E-018  -1.7156802761469146E-011   1.3398435306928238E-010  -9.3086718307983124E-019   1.3891048498386993E-010   6.9951140256949347E-012   2.3479728608160480E-018  -1.8675362993349330E-010   3.9031022418640666E-018  -6.5769575729717788E-011  -1.9102214421767429E-018  -5.4529700361152748E-011  -6.4911609596576993E-012  -6.4598965500753845E-019  -1.7845334178009878E-010  -5.5780845372337358E-011  -1.8440603613078087E-017   6.2272326453294401E-011  -4.0057626408707385E-009  -7.8831644008697668E-017   5.1706647976379735E-002  -1.6342822242126549E-009  -2.2308468339530105E-010
   7.6175325109687762E-009  -6.0876479755926355E-016  -3.1121871811912692E-009   1.5866616084074915E-003   4.7525985224515130E-009  -1.7479306605763273E-016  -3.6693664716992382E-009  -3.0254450985610641E-009  -2.5007329848648209E-016  -1.7271512127792127E-009   2.5707225730096249E-008   2.3859272569467480E-015  -1.0502836641851880E-008  0.12295771989065805        2.8810228672461447E-009  -9.3184391973803944E-017  -4.0374709630799064E-009  -3.0085007666733972E-009   2.0352688668911807E-017  -8.5679543308317624E-010  -2.7872393213066415E-016   1.2291406936228676E-009  -2.2604891082664413E-016   2.0932057862952811E-009   7.3980703869105854E-010   1.2054846558829858E-016  -5.7116982433204664E-010  -4.7091752598992829E-010   2.9651339304185652E-016  -2.6881880926720274E-010   2.9761188931706667E-008   8.7180936313150137E-016  -1.2159105658252809E-008  0.29595546433747799        8.1313485363154458E-011  -4.9452636985295550E-017  -2.1558735243779433E-010  -1.5675986566616828E-010  -1.0163388033253006E-016   1.3853056183653999E-011  -3.8476703933496114E-018   9.6455050145651366E-011  -4.4105756802710238E-017   1.4369387935281946E-010   8.1474438462517659E-011  -3.7028917508123053E-017   1.3577596828500735E-011  -5.1607981134119761E-017  -1.5647714148871382E-011  -2.2465686169301848E-009  -2.7142817050150026E-016   3.1483476749301068E-009   2.3459752182221465E-009  -3.5305207989481000E-017   6.6811427678977772E-010  -4.8122724411164987E-016  -9.5846198405836020E-010  -1.0571508165627948E-016  -1.6322441813018970E-009  -3.9625569980311012E-011   7.2876258127500377E-017   3.0638537729240036E-011   2.5220896011148467E-011  -8.3943891052879737E-017   1.4416325469673281E-011  0.15153359814394124        1.4730757506089651E-008   9.4138492952151743E-016  -6.0183367080558734E-009  -3.6790959757469592E-011  -1.6699845254411197E-017   9.7382809837923908E-011   7.0793884219404864E-011   1.4994923571563006E-017  -6.2754888152364020E-012  -6.2321357972595375E-018  -4.3569722491082265E-011  -1.4407856535698719E-017  -6.4908022620994026E-011  -3.6797904765407950E-011  -3.8439166774508677E-017  -6.1355518759802715E-012  -3.0668829495448690E-017   7.0517068584465406E-012   2.1777592693224502E-010  -5.8623539372610739E-018  -3.0519070637976812E-010  -2.2741122004020157E-010   2.8503911849832458E-017  -6.4764965915012739E-011  -7.4417501255855483E-017   9.2910236949942125E-011  -7.4278523200722096E-017   1.5822448008852937E-010   2.4054100927073077E-010  -3.6272530036219553E-017  -1.8572192894922427E-010  -1.5312021001961958E-010   3.5549655531805332E-018  -8.7414426285166168E-011   8.5779270251619018E-009   2.5895826417357624E-016  -3.5045615236975589E-009  0.17905461522588545        3.5038848550731205E-003
