   1.2623186265287199E-003  -1.2504642931932291E-015  -3.7400615852603015E-016   7.7082309706714680E-016   1.9933904079604776E-015   6.2071361588896195E-016  -1.0448529429510374E-015   1.3833626404696547E-002   6.2212188629308912E-015   1.7091902600013114E-017  -6.6427255583050389E-017   5.3365897488627389E-015  -1.2926953941380869E-017   5.3865365499628107E-015  -1.3868048993294170E-015  -3.1607903572926200E-016   6.3292485986966277E-016   1.4662876459343612E-002   2.5000244707210958E-017   1.0329559797768197E-018  -2.4723295702908223E-017   2.0558124193884217E-017   1.2524080118421123E-018   5.7282392787735118E-018  -2.1356586804622808E-017  -1.4131154371220185E-017  -1.0855396230043424E-017  -1.9108960307899283E-017   7.2802241016210798E-015  -4.5422552832959887E-017   1.5897107668500265E-016   1.5452395810270481E-014   2.9132687625885352E-017   1.1967828667392328E-014   9.9592455243929772E-003   6.7319581027209720E-016   1.4518983152369813E-016  -2.3035499934242273E-016  -2.5993177690338913E-015  -1.0099940246076002E-019  -1.8293032315096750E-018  -1.4661976410452824E-015  -3.9622082178335669E-019  -9.2401220068098989E-016  -2.4906803469502277E-018  -9.5695523411528234E-019   3.9050492916820087E-019  -1.7398371364171230E-018  -2.2880659644728655E-015  -4.6556622885451031E-019  -1.2350217564525838E-015  -5.6774142662875482E-019  -3.3908218826333666E-015   6.5833733626926486E-015   5.0078675467725094E-017  -1.4693790362221044E-016  -1.1790537650494429E-015  -3.0308531729393754E-017   2.0364227485447358E-015  -7.3077921778811266E-018  -4.5238261475457490E-018   7.7409161971783009E-018   1.7607617538546688E-018  -2.2474994999127600E-018   1.0590398193753862E-017  -1.2988764783435487E-018   1.2078141959009183E-018  -3.9681967740271580E-020  -1.0881176099214654E-017  -2.6683152118008590E-015  -1.4798163069347859E-017   5.9409831955591774E-017  -4.3177243440186936E-016   1.4713093000708152E-017  -1.4932329512540755E-015  -1.3723650312172655E-016  -7.2204186339129053E-019  -3.4384921748278088E-020  -1.8488144680850923E-016  -1.2146777338195615E-019  -4.8794786717980862E-016  -8.1493607478282238E-019   1.2905622699251748E-019  -2.3451466509006900E-019   9.9799888089429145E-022  -2.4793381811028214E-016  -1.3722372316645071E-019  -4.0951945168251468E-016  -1.1660461721912790E-019  -3.4389677052488602E-016   1.9491179833775155E-018   1.0399800616868058E-018  -3.4906248387108042E-018   3.9108916439415643E-018   4.9286052966993226E-019  -3.2361094521112813E-018  -2.6076654229590862E-018  -1.7668238785641912E-018   2.9963913472489625E-018   1.0760573485377135E-018  -1.0230135369209159E-015  -1.9470328063073092E-016   2.6252585279007698E-016  -8.2992378337012659E-015   5.4998773104791701E-016   5.2184434755496268E-015   8.8912155075369422E-003  -4.0629458169334532E-004  -2.7703133795490433E-005
  -1.2504642931932291E-015   5.7963700028266791E-007   1.2469774737023746E-017   2.8713271466343000E-017  -1.3961715332096157E-006  -2.7561608086812444E-017  -5.2857679327095068E-017  -1.3664321514362300E-014  -4.7017747682837756E-019   1.0707323114507201E-019  -1.9109366640959858E-018   1.5551866882737199E-018  -9.4815061977783645E-019   6.9468557834636637E-018   2.1687232150362442E-006   3.5448859972829736E-017   2.1650506367568356E-017  -1.4528617636643689E-014  -1.1354032937916432E-017   2.0239217818989353E-019   6.2328846126674873E-018  -4.2027189538366841E-018  -1.2537771751600270E-019  -4.7798064900432955E-018  -1.5260106967351654E-018   5.1818321363034319E-018   3.3875186957019410E-019   1.1877046345925542E-017  -5.3171546265163368E-018   8.7769314619041480E-019   6.0833309199939305E-018  -8.4651677036469494E-018   3.7658189440031974E-018  -2.2696231296685412E-017  -9.7009335569683064E-015  -5.9878286808000526E-006  -7.3009009186217581E-017  -2.2391885293319705E-017   4.5877294732710723E-018  -2.4799559031915002E-019  -1.8913000739983716E-018   2.1865510085834565E-018  -6.7626069917596518E-021   1.7781853776937531E-018   2.4362260497373880E-019   2.0557823588152966E-019  -2.1283627431561450E-019   1.0088451817619991E-018   6.2522207628908246E-018  -1.4023503568209492E-018   1.7906326869240080E-018  -1.1599216447305604E-018   2.2090207824973201E-018  -1.6630217769345431E-017  -1.1169324879991137E-018  -6.1777325347224163E-018  -1.8382100405261753E-017  -3.5314136649156487E-019   8.3140587070142875E-018   3.2659786072904183E-017  -5.9099815126760234E-019  -1.2598235789679719E-018   1.3136955160339624E-017   3.1855185630946270E-019   1.5130093548046928E-017   1.1430018188999653E-018   6.3267056422457237E-019  -1.1901557363584821E-018   2.1316063586311105E-018   1.2520793270167769E-018   6.4569556848344940E-019   3.0937177136710611E-018   3.3017739736523254E-018   4.0012167765483108E-020  -9.3101734238514692E-018   2.9722248713379330E-018   1.5694928465816205E-019   8.1215813059902591E-019   2.1955206677129971E-018  -3.6498974118548330E-019   9.1794994632210164E-019  -2.3960490291097589E-019  -3.6864773686794908E-019   8.5642973988667591E-020  -1.2288802033511746E-018   2.5792368475105070E-018  -1.6067033463380607E-019   1.7308151128206026E-018  -2.2581202742608009E-019   2.2589676944528366E-018  -9.0329650847511479E-018  -2.2639114521883990E-020   1.4289925202149194E-018  -4.5826525913451651E-018  -2.9444350980410296E-019  -5.5464302241035441E-018  -8.8869099407183635E-019   2.6960474329559773E-019   6.5209004050803806E-019  -5.5602304373690126E-019   4.4182989099814315E-006   4.8529820012860600E-017   8.3269846635837093E-017  -1.0713701531136833E-003  -1.2508646547329287E-014   2.1577490873932862E-015  -8.8024394858774496E-015   5.9766030235214141E-014   1.5402561082596487E-014
  -3.7400615852603015E-016   1.2469774737023746E-017   5.7963700029282913E-007  -5.8094057869923689E-020  -2.3519920342050976E-017  -1.3961715332324543E-006  -3.9749267008221926E-019  -4.0657462651408118E-015  -3.1371669157092856E-018   1.3096452245795234E-018  -9.9364684055353932E-019  -3.1891765710710911E-018  -3.1727440895558759E-018   3.6087382130418764E-019   2.6464075797177036E-017   2.1687232150456891E-006  -6.3427017844634329E-018  -4.3512157093140552E-015  -8.6281614723979953E-020  -1.1087968338516147E-018   2.6154409831604605E-018  -7.6932678338470826E-019   6.7751516852165633E-019  -4.6642287518755503E-019   1.7257068857361145E-018   3.5643400844370251E-019  -4.4279129559946647E-019   1.8476423202445791E-018  -4.2721454604258171E-019  -4.3814801145419863E-018   2.3314131441190422E-018   2.5781540813261417E-018   9.6967467502019192E-018  -5.4845519066335059E-018  -2.9094731256024643E-015  -5.8586963601343290E-017  -5.9878286808632328E-006   1.3637118626390931E-017   1.6209973418796634E-018   2.1088582162832209E-018   2.5057329843797492E-019   1.4392731769537696E-018  -1.5755329612868497E-019  -1.1599905674377348E-019   2.0360506412678009E-018   8.3829451536947658E-019   1.1624211239437574E-018   3.1419552561955639E-018   2.0843277461179027E-018  -1.4108139544409733E-018  -1.5498395368226923E-019  -1.1199116059541926E-018  -1.8767640321318278E-018  -3.4279152987625328E-018  -4.1966408126089937E-018  -9.2127467392499985E-018  -1.1205235726982876E-017  -6.8740728612578183E-018   9.8005649007470110E-018   1.6620750251136082E-019   1.7912854543625214E-017  -1.7824561331939491E-018   7.5240792953641836E-019  -2.5325550565107938E-019  -6.4354954020179925E-019   2.9871720246860613E-017   1.2886007857967977E-018   1.7819152153588873E-017   2.0963440484054005E-019   2.0513205938105585E-019   1.6990232504800153E-018   3.4202606659490497E-018   3.2078695544902958E-018   2.9612761123424688E-018  -6.0550445357324327E-018   1.1448247519700755E-019   9.1452823819480162E-019   1.6105361601002627E-018   5.9265380157860648E-019  -4.6777763053144709E-019   3.5380008148315736E-019   8.6791132456571189E-019   4.4757958922231206E-019   7.1295051417010687E-019   8.1250006502251879E-020   1.6989333619834035E-018  -3.2008954338141634E-019   5.0630531090211973E-019  -2.3017463346398630E-019  -3.0020051894599229E-019  -6.5662579800676284E-019  -7.2044675201629444E-018   7.9248759698129633E-019  -1.4977655407313272E-019  -1.0351976195748737E-019   3.9988175179808853E-019  -9.5776229607578602E-018  -7.4461621965311227E-019  -7.2413938563893718E-018   2.7528191109470370E-019   3.3114156413458260E-017   4.4182989100754734E-006  -4.3059079882252398E-018  -1.0550672189974017E-014  -1.0713701531230196E-003   2.7757665636338167E-015  -2.6233224017966293E-015   9.4179302849722861E-015  -9.9615066894064569E-016
   7.7082309706714680E-016   2.8713271466343000E-017  -5.8094057869923689E-020   5.7963700026308080E-007  -7.2941493103833960E-017   3.6771833046969135E-019  -1.3961715331710069E-006   8.4582480879451886E-015   8.7694902841390765E-019   2.5888180846441740E-018  -2.2513701275456002E-018  -9.7733132446843243E-019   1.2086345440026189E-018  -8.0414447257543250E-018   1.1180018820204105E-016  -6.8401506983545613E-018   2.1687232149976505E-006   8.9387926488848826E-015   1.9071593426968929E-018   1.1583119711778162E-018  -7.4793217743853451E-018   1.0989909520702393E-018   7.4424671736620992E-019   6.8768287297173951E-019   4.1254514275945242E-018  -5.3628641376676133E-018   1.5702100249560630E-018  -9.3823886770881557E-018  -4.4790241049988188E-019  -8.2756434273848472E-018   6.4792458298581688E-018   4.4350094045193458E-018  -3.1052112227614847E-018   2.6744027063086392E-017   6.0319562567609207E-015  -3.1345750187987213E-016  -1.0567495834002535E-017  -5.9878286807126405E-006  -3.8991540286784298E-018  -1.4320265162374142E-018  -4.4662951419141715E-019  -1.4640499276962744E-018  -6.0066939842300074E-019  -2.8504407420144820E-018  -1.6520858236126729E-018  -5.2416138033307446E-019  -1.4459175707778911E-018  -1.4351091005738245E-018  -2.1281608977021026E-018  -1.5953398888868937E-018  -1.4846790554474878E-018  -1.4617537719677860E-018  -5.9260623129966939E-018   2.2210454345641617E-017   1.7370310856131767E-017  -3.6516809565447084E-018   1.0416545180465496E-017   8.6231997855306775E-018  -6.6275125069414032E-018  -6.7076105038305862E-019   8.0401442474907554E-019   2.0751552327057727E-017   5.3989903705806560E-019  -7.0288907183218433E-019   1.3741369574249725E-018  -4.4568352164646104E-019   1.6338480332637875E-017   6.5184713801345575E-019   3.0630991224403600E-017  -4.7060964356925591E-018  -7.1264560246175074E-018   1.8017620365258627E-018   1.0732249409035639E-018  -3.2103061586158230E-018   8.8326688187611889E-018  -3.0488963533517601E-018  -7.7439991471381711E-019  -6.8040919760345254E-020  -1.2082485571573222E-018   1.5786726552834914E-019  -1.2767363481565322E-018  -8.0458526247971752E-019  -2.4003713420410043E-019  -4.6754280437227029E-019  -8.6777307114943311E-019  -2.1211742644612288E-018  -6.6609251022388218E-019  -1.9527256156603511E-018  -6.0088857760100813E-019  -3.2251302372062702E-018   9.0658542809678739E-019  -1.1724556189149725E-019  -9.2616892982969027E-018  -7.7329729415127361E-019   2.4778004307594770E-019  -6.9053594905805775E-019   6.6172632607855690E-019  -6.3257193473042620E-018  -4.9217322700745034E-019  -9.8835079608381796E-018   2.4795504396191101E-016   5.3870690826881244E-018   4.4182989099423113E-006  -5.5115826535362470E-014  -2.6653747878652352E-015  -1.0713701530955337E-003   5.4296011157315323E-015  -2.4084851847291101E-014   4.7925105150322314E-015
   1.9933904079604776E-015  -1.3961715332096157E-006  -2.3519920342050976E-017  -7.2941493103833960E-017   3.3629581085995006E-006   5.0692494985002224E-017   1.3642278581396002E-016   2.1816905656121519E-014   1.1325163963566618E-018  -2.5790727167726175E-019   4.6028727823484650E-018  -3.7459778857601396E-018   2.2838102189358286E-018  -1.6732890217401551E-017  -5.2238031988431356E-006  -6.1005831595214508E-017  -6.6291921910953396E-017   2.3146561053542528E-014   2.7348456995246549E-017  -4.8750200136831939E-019  -1.5013147990361661E-017   1.0123088351075714E-017   3.0199728452978844E-019   1.1513118990702401E-017   3.6757016774751751E-018  -1.2481478088913301E-017  -8.1595156426324316E-019  -2.8608239292310134E-017   1.2807429343803514E-017  -2.1140993155040989E-018  -1.4652918039492932E-017   2.0390047843551276E-017  -9.0707273797946851E-018   5.4668408035916427E-017   1.5459087883303192E-014   1.4422881813604435E-005   1.0854425513681882E-016   9.2982256893432275E-017  -1.1050463116416815E-017   5.9734693163909454E-019   4.5555741313802411E-018  -5.2667450015999219E-018   1.6289090188624935E-020  -4.2831147839190561E-018  -5.8681372259515835E-019  -4.9517625796404630E-019   5.1265869380526614E-019  -2.4300051989049976E-018  -1.5059722971922234E-017   3.3778410398617034E-018  -4.3130966150628356E-018   2.7939030467956714E-018  -5.3208679411334060E-018   4.0057202403373539E-017   2.6903550727939877E-018   1.4880303191040029E-017   4.4276961782648171E-017   8.5061154278745400E-019  -2.0026071634674549E-017  -7.8667620551204899E-017   1.4235371356593583E-018   3.0345368167619479E-018  -3.1642981415909109E-017  -7.6729579618356848E-019  -3.6443853474348688E-017  -2.7531482651754670E-018  -1.5239134687888030E-018   2.8667278978194580E-018  -5.1343998339820764E-018  -3.0158832340147109E-018  -1.5552867938603563E-018  -7.4518372733285797E-018  -7.9529823438589761E-018  -9.6377300933124791E-020   2.2425412972844652E-017  -7.1591974882803805E-018  -3.7804371232635338E-019  -1.9562451359103667E-018  -5.2883502190233832E-018   8.7915072071736637E-019  -2.2110658632419215E-018   5.7713628444728065E-019   8.8796173424043844E-019  -2.0628821527773684E-019   2.9600035139413957E-018  -6.2126073093258224E-018   3.8700660471673169E-019  -4.1690140364493020E-018   5.4391338785460330E-019  -5.4411750606838653E-018   2.1757701295185631E-017   5.4530830789973987E-020  -3.4420140137226060E-018   1.1038234432066700E-017   7.0922602650664091E-019   1.3359685434287210E-017   2.1405898296399819E-018  -6.4939689425302320E-019  -1.5706891576257262E-018   1.3392926005767595E-018  -1.0642355750786952E-005  -6.7225199065709480E-017  -2.2938400949643174E-016   2.5806090856489430E-003   1.8085703423448530E-014   1.7890879298864060E-015   1.4041167492401841E-014  -1.0846643124602293E-013  -2.3496561294213552E-014
   6.2071361588896195E-016  -2.7561608086812444E-017  -1.3961715332324543E-006   3.6771833046969135E-019   5.0692494985002224E-017   3.3629581086505691E-006   4.0876958762626140E-019   6.7412858486949049E-015   7.5564933570142284E-018  -3.1545422053299757E-018   2.3933969573702192E-018   7.6817690041287346E-018   7.6421880898453720E-018  -8.6923670595674100E-019  -5.4486237754116988E-017  -5.2238031988597620E-006   1.6129934832639654E-017   7.2217090173332428E-015   2.0782650907289614E-019   2.6707587244983535E-018  -6.2998122025988735E-018   1.8530772779492734E-018  -1.6319306585756972E-018   1.1234726914422865E-018  -4.1567098499944967E-018  -8.5854252886130413E-019   1.0665513101802058E-018  -4.4504157080965425E-018   1.0290315959219954E-018   1.0553670325179278E-017  -5.6156744003912764E-018  -6.2099992511587659E-018  -2.3356552067517810E-017   1.3210639140966773E-017   4.8339951807105926E-015   1.1555775578194253E-016   1.4422881813739709E-005  -3.5200836765333852E-017  -3.9044959914693783E-018  -5.0796063876387281E-018  -6.0355585667386713E-019  -3.4667770297060542E-018   3.7949859465623853E-019   2.7940690603125137E-019  -4.9042347954341596E-018  -2.0191998409901024E-018  -2.7999235419055548E-018  -7.5680270327319182E-018  -5.0205198487941267E-018   3.3982273058462306E-018   3.7330981999800027E-019   2.6975308739381638E-018   4.5205611702873640E-018   8.2568189334302490E-018   1.0108447933421102E-017   2.2190741332548127E-017   2.6990049182654627E-017   1.6557578003855478E-017  -2.3606618825941370E-017  -4.0034397978786891E-019  -4.3146689359214943E-017   4.2934017516874368E-018  -1.8123248378458577E-018   6.1001648867573604E-019   1.5501176561073404E-018  -7.1952006922053038E-017  -3.1038524695956808E-018  -4.2920988430015020E-017  -5.0494635135535451E-019  -4.9410155138687341E-019  -4.0924369828261918E-018  -8.2383812207353061E-018  -7.7267947895920786E-018  -7.1328252130427678E-018   1.4584784631691985E-017  -2.7575391683860344E-019  -2.2028239947753081E-018  -3.8792981449348904E-018  -1.4275251003037656E-018   1.1267358903936081E-018  -8.5219818972422654E-019  -2.0905378437145191E-018  -1.0780848721068098E-018  -1.7172837689538667E-018  -1.9570687533655326E-019  -4.0922204688430508E-018   7.7099962274356995E-019  -1.2195375070568283E-018   5.5442159619145451E-019   7.2309293296303561E-019   1.5816144357169720E-018   1.7353399556389572E-017  -1.9088647253086446E-018   3.6076675751078603E-019   2.4934803109314672E-019  -9.6319510011835048E-019   2.3069618618357082E-017   1.7935569477773534E-018   1.7442344015489193E-017  -6.6307148732017164E-019  -6.0901368110001450E-017  -1.0642355751000994E-005   1.2107953823695028E-017   2.0839971303227253E-014   2.5806090856684057E-003  -7.1070180788583554E-015   4.3489472088713060E-015  -1.2404339533945949E-014   1.0370252445996895E-016
  -1.0448529429510374E-015  -5.2857679327095068E-017  -3.9749267008221926E-019  -1.3961715331710069E-006   1.3642278581396002E-016   4.0876958762626140E-019   3.3629581085271479E-006  -1.1514337226351274E-014  -2.1123069562857089E-018  -6.2356856320209654E-018   5.4228748013140609E-018   2.3540977796347644E-018  -2.9112377981417182E-018   1.9369426396360112E-017  -2.0829146002533322E-016   1.4465087904145741E-017  -5.2238031987822424E-006  -1.2090960531927032E-014  -4.5937743492716083E-018  -2.7900258264656156E-018   1.8015440946966706E-017  -2.6471392990028011E-018  -1.7926669277055638E-018  -1.6564216065305032E-018  -9.9369740754427781E-018   1.2917529836705548E-017  -3.7821645908840049E-018   2.2599357836627436E-017   1.0788624538887317E-018   1.9933540762095047E-017  -1.5606558207509895E-017  -1.0682606309324097E-017   7.4795216865354676E-018  -6.4418332936133916E-017  -8.1985154534499520E-015   5.8659997246592852E-016   3.1005678825940680E-017   1.4422881813482425E-005   9.3918915727866276E-018   3.4493219994662634E-018   1.0757964265100099E-018   3.5264567843249677E-018   1.4468322666496025E-018   6.8658560774957029E-018   3.9793788116326276E-018   1.2625474179168836E-018   3.4827813799187874E-018   3.4567470198075678E-018   5.1261007525955943E-018   3.8426948893233355E-018   3.5761461605496090E-018   3.5209260347110946E-018   1.4274105174204088E-017  -5.3498317191399809E-017  -4.1839864481768822E-017   8.7958032306201398E-018  -2.5090330414612150E-017  -2.0770699696490186E-017   1.5963688123256349E-017   1.6156620163978266E-018  -1.9366293932397020E-018  -4.9984260174918927E-017  -1.3004547083249351E-018   1.6930487747134487E-018  -3.3098834296375458E-018   1.0735178145054631E-018  -3.9354494494543833E-017  -1.5701040784111460E-018  -7.3780862782893846E-017   1.1335573593541824E-017   1.7165493281903736E-017  -4.3399038772288677E-018  -2.5850767146843393E-018   7.7326638385800687E-018  -2.1275247719928895E-017   7.3438760720353243E-018   1.8652969284652479E-018   1.6389015061084324E-019   2.9103080722584816E-018  -3.8025485270231923E-019   3.0752746012975651E-018   1.9380043699218828E-018   5.7817739985790519E-019   1.1261702646810501E-018   2.0902048327168621E-018   5.1092720514746201E-018   1.6044169036972885E-018   4.7035298224526981E-018   1.4473602034889271E-018   7.7683705946430532E-018  -2.1836921498522947E-018   2.8240936281572032E-019   2.2308629265398389E-017   1.8626410464001887E-018  -5.9682774301675454E-019   1.6632938100373543E-018  -1.5939000768002476E-018   1.5236758998350614E-017   1.1854975590685141E-018   2.3806403760498727E-017  -4.7297179268305295E-016  -1.7072360082968639E-017  -1.0642355750758054E-005   1.0262208724067837E-013   7.4134333195539832E-015   2.5806090856210682E-003  -7.3672900246493425E-015   3.6967490354208041E-014  -9.2155533882088422E-015
   1.3833626404696547E-002  -1.3664321514362300E-014  -4.0657462651408118E-015   8.4582480879451886E-015   2.1816905656121519E-014   6.7412858486949049E-015  -1.1514337226351274E-014  0.15160809471851880        6.8353129178887380E-014   1.8654924469625841E-016  -7.2208654029839225E-016   5.8605117620435282E-014  -1.4005815669376800E-016   5.9208430131821042E-014  -1.5301694136148475E-014  -3.4295115008157647E-015   7.0990263111375559E-015  0.16068730061116468        2.8319890669565464E-016   1.8508017116079008E-017  -2.7164647690980585E-016   2.2550681133176910E-016   1.4186719276084014E-017   6.6980971074904819E-017  -2.1546801263709618E-016  -1.5556583470106034E-016  -1.1298726981391985E-016  -2.1366954906055478E-016   8.0196066279062275E-014  -4.9012368854132479E-016   1.7193328639089736E-015   1.6990097393264198E-013   3.1424573678209576E-016   1.3155891147728892E-013  0.10915559699333215        7.9921072435110607E-015   1.4296986051732999E-015  -3.0589273922782026E-015  -2.8684991712398758E-014  -1.2792891658022989E-018  -1.9930419191558466E-017  -1.6172697421845820E-014  -4.2285158200562825E-018  -1.0224375081535525E-014  -2.7250465785979065E-017  -1.0502574286863575E-017   4.1783104996370838E-018  -1.8971355981943141E-017  -2.5274941717149403E-014  -5.0524312069209022E-018  -1.3632678179219903E-014  -6.1802166763019730E-018  -3.7355051545723617E-014   7.2742222550909247E-014   5.3874632225870096E-016  -1.5803630007054654E-015  -1.2481656343111170E-014  -3.2569872846042033E-016   2.2899519673296071E-014  -7.6590790843653578E-017  -4.8120566727409014E-017   8.3242205912718903E-017   1.8937719634234087E-017  -2.4779335455158015E-017   1.1334119636663746E-016  -1.4472760964301651E-017   1.1069638942877859E-017   2.2359646993120516E-018  -1.1692710873921234E-016  -2.8977345837639897E-014  -1.5876016998908930E-016   6.3658528485381827E-016  -4.4100112822995522E-015   1.5826169683377948E-016  -1.6107691518982173E-014  -1.6747923107832737E-015  -7.9908646533166199E-018  -4.3658980686555744E-019  -2.1426602221301685E-015  -1.3656269608502796E-018  -5.4656585998197035E-015  -8.8672662128233357E-018   1.4068420338660045E-018  -2.8099750545999009E-018  -6.5955324434333464E-020  -2.8869812645769390E-015  -1.4913266406916643E-018  -4.6041772854050859E-015  -1.2557663573350791E-018  -3.9342374599257322E-015   1.9919578153832697E-017   1.0915356951697832E-017  -3.7497448187917897E-017   4.1864215929982134E-017   5.6946021069866035E-018  -3.2805921493060012E-017  -2.7108320677446023E-017  -1.7926385174013145E-017   3.1213755370341952E-017   9.9671911209322075E-018  -1.1476482825394718E-014  -1.9913554563897829E-015   3.2603834422030157E-015   4.1665593134837210E-014  -2.3679287028147935E-014  -4.2248052240100091E-014   9.7439270506150477E-002  -7.9861957258581576E-004  -3.8053542586686054E-006
   6.2212188629308912E-015  -4.7017747682837756E-019  -3.1371669157092856E-018   8.7694902841390765E-019   1.1325163963566618E-018   7.5564933570142284E-018  -2.1123069562857089E-018   6.8353129178887380E-014   3.5264009465832917E-026   6.0248250094842408E-029  -1.6980769929404249E-028   2.9507103502186425E-026  -2.0968829534062885E-030   3.1178511279138024E-026  -1.7591782493995194E-018  -1.1737771595663279E-017   3.2811219969155811E-018   7.2219345293359516E-014   3.6866050955837746E-028   2.0072533236157253E-028  -1.7147486236867962E-028   1.1207873576176907E-028   1.5696488140392083E-029   1.4196921733331029E-028   3.7773616374210633E-028  -1.0306044108354259E-028   1.0706340319711708E-028  -2.3602500733514123E-028   4.6630774208000328E-026  -1.2130834863231735E-029   1.7781514885473125E-028   9.0723236234724678E-026  -4.7373166766383665E-029   6.9593562081323426E-026   4.9427636101756992E-014   4.8570780669157527E-018   3.2407900146339326E-017  -9.0591534461069526E-018  -1.8030794670011171E-026  -1.8380364443294982E-029  -6.4290364201399628E-030  -9.9778661107094813E-027   9.4572779110583219E-031  -7.1238874704660210E-027  -2.4838875817955320E-029  -1.0579840059584647E-029  -9.0006569694341109E-030  -2.6036196569843033E-029  -1.6520406381205614E-026   5.3296517298485284E-030  -8.6586088073620560E-027   3.0453025024633980E-030  -2.1811773933895918E-026   4.8069725478996863E-026   3.2679229267245343E-029   1.0870483838075691E-028   5.7760750436221856E-027   6.9864356955761463E-029   2.5201406061853212E-026   2.4596287712530548E-029  -8.0699111064091433E-029   4.1998246617837887E-029  -1.4179078909089142E-029  -1.4726009420329446E-029  -2.4267525855092429E-029  -1.7554026864754765E-028  -3.0618904323600679E-029  -2.5074941975314786E-029   4.6229793009254652E-029  -6.2305878969152113E-027  -3.9306485035693495E-030  -1.0469263419263630E-028   6.2770614929394876E-027  -2.6352787642784878E-029  -5.8986780824362345E-028  -5.1530486297209194E-027  -1.1830534601924360E-029  -1.1229298996792035E-029  -3.9597666354250837E-027   1.5440557285787530E-030  -5.4991671785718628E-027  -8.1832711818582467E-030  -2.0671003464672543E-030  -1.2026429278093902E-029  -2.7753926660119280E-030  -5.6832475000546152E-027   4.7014964750513831E-031  -5.0611897664175891E-027   4.9091954436929149E-031  -6.0311954137265169E-027  -1.4365737150591001E-029   3.2136927465965504E-029  -1.9182897849118128E-029  -3.4376109343039418E-030   1.1191444403863946E-029   5.3084693178923654E-029   7.8440700481115266E-029   2.1226773420947252E-029   1.0271968260874687E-029  -5.5237477102802866E-029  -3.5839406667150312E-018  -2.3913140726783458E-017   6.6845679679214105E-018   8.6905099483870004E-016   5.7985722023503159E-015  -1.6209058627561521E-015   4.3853386119302584E-014   9.3625845479512141E-014   1.8516615261063679E-015
   1.7091902600013114E-017   1.0707323114507201E-019   1.3096452245795234E-018   2.5888180846441740E-018  -2.5790727167726175E-019  -3.1545422053299757E-018  -6.2356856320209654E-018   1.8654924469625841E-016   6.0248250094842408E-029   1.4912030289939081E-029  -1.4263404775118303E-029   4.6331736891027734E-029  -2.3014302697602723E-030   1.8026244891380596E-029   4.0061659625536291E-019   4.9000633164913990E-018   9.6861136831862980E-018   1.9874521342729966E-016   5.9350012338127202E-030   1.8606875931778229E-030  -2.6559262676892023E-029   2.8733267998123311E-030   4.7999204906788861E-030   9.1936102250872426E-031   1.9597923746202203E-029  -2.2254250557702501E-029   5.2294358987914552E-030  -3.5473148746475215E-029   4.8367431409917139E-029  -4.8280196653081779E-029   4.0265523108342529E-029   1.7058228567389717E-028   9.7004532809843095E-030   2.2012199301534256E-028   1.3332114616525194E-016  -1.1060994453220025E-018  -1.3529038404375005E-017  -2.6743287901226672E-017  -2.4993448952982087E-029  -1.6580432942374570E-030  -1.8184084193670254E-030  -1.0279457208402879E-029  -3.0575948738172075E-030  -1.3698856793485514E-029  -2.7715686923250188E-030  -4.2215577712011783E-031  -3.8550006953005479E-030   8.3864741707415514E-031  -1.1509295498387555E-029  -1.0582185432701678E-029  -1.1632123754556443E-029  -9.2838634473076499E-030  -5.3498297609676791E-029   1.0776012594775341E-028   6.9818541496893162E-029  -4.3881023725177612E-029  -5.0568566040333678E-029   2.1737465715057107E-029  -4.7635529001371069E-029   3.0314221014250634E-030   4.3788470490033720E-029   8.8527302282154386E-029   6.5806486400943573E-030  -3.6767972919525790E-030   7.8701499349764273E-030   6.5703193249500447E-029   7.6113878436474411E-029   4.2647488657532977E-029   1.3749003734749564E-028  -8.8647060549762680E-029  -2.8492872775109372E-029   1.8900545839575877E-029  -3.1990624937904526E-029  -7.0821929450373915E-030  -2.7114104940503399E-029   5.7376932589129622E-030  -1.3649125019557685E-030   3.4926937469015058E-030   7.3425007397008165E-030  -4.1553594954296240E-031   2.5269829573368064E-030  -1.6892884505501503E-030  -1.2507289377801849E-031  -4.3838137366360405E-031  -3.9092134414227584E-030   1.1900195819745130E-029  -3.7292092442014269E-030   7.2278270729940785E-031  -3.2479167760118305E-030   5.3143195080938787E-031   1.0131000343122585E-030  -1.6777931709268603E-029  -3.9319257134047596E-029  -4.4644487636357189E-030   7.9487917930515504E-031  -3.4654258205872211E-030  -1.9020471613502889E-029  -2.9975082078007591E-029  -1.8207695993041853E-029  -4.3570448639333885E-029   8.1616863712308058E-019   9.9828065935427468E-018   1.9733336754111025E-017  -1.9790845651509585E-016  -2.4206784661772258E-015  -4.7850334371267971E-015   1.2025291098496095E-016  -4.4415817866020311E-016   2.9283893081448166E-016
  -6.6427255583050389E-017  -1.9109366640959858E-018  -9.9364684055353932E-019  -2.2513701275456002E-018   4.6028727823484650E-018   2.3933969573702192E-018   5.4228748013140609E-018  -7.2208654029839225E-016  -1.6980769929404249E-028  -1.4263404775118303E-029   2.5424213289592818E-029  -1.6938066710840378E-028   5.9539254823248896E-030  -1.1943635041516090E-028  -7.1498070414452158E-018  -3.7177491595929050E-018  -8.4235455270151796E-018  -7.7312979454984938E-016   3.6550698055134543E-029   3.0014232185876053E-030   4.6674104303415286E-030   9.8106926377964552E-030  -3.3044161167653742E-030   1.7098684594854224E-029   3.4532026637583131E-030   3.2226621676531594E-030  -6.4343061802828303E-031  -8.4535462602274430E-030  -2.7790948116372155E-030   4.5930898990923812E-029  -7.7699181865836299E-029  -3.1836236892881482E-028  -2.2895684553484255E-029  -2.9672044195222463E-028  -5.1252316889740548E-016   1.9740564111221715E-017   1.0264677802890263E-017   2.3257346604006546E-017  -4.0638825341029220E-029   2.6186570798183800E-030   7.7408394563563210E-030  -1.8924817699324469E-029   2.7450498410625921E-030  -3.2113615344933787E-029   2.2929711564615379E-030  -4.0294674403932053E-032   4.2169472033387632E-030  -2.9606203975295146E-030  -7.0901726043161300E-029   1.3304658266012942E-029  -2.1243345787707522E-029   1.1486121042467766E-029   2.6132315284493978E-029   1.5060718776178272E-028  -6.8115597214337169E-029   8.4428837608653153E-029   4.8780366486401645E-028  -1.3279775148977311E-029   3.8641094768960843E-028  -1.0201322010147539E-028  -3.0424578388574518E-029  -7.5030385521450385E-029  -4.7083034994094652E-029   2.1112704706396399E-030  -5.6995075430979398E-029  -5.3367671158832440E-029  -6.9581294773507956E-029  -2.6816801006968564E-029  -1.2396134827528091E-028   3.8731437871366652E-028   2.6430071627282330E-029  -3.8939475329870227E-029   2.8542871289244313E-028   3.8655413227674835E-030   3.1118296933301902E-028  -1.4115973778883545E-028   8.9297068897801064E-031  -5.2257379656563296E-030  -9.5961689917203827E-029   1.3669893953337133E-030  -7.6785827860786814E-029   2.5205577354577308E-030   1.3660048815653107E-030   1.1487684570105933E-031   7.2142731154493404E-030  -1.3964627858588367E-028   3.6820353388216632E-030  -7.9385332459642267E-029   3.4969123905987477E-030  -1.2192929326625471E-028   2.6087175145524011E-029   1.2440648681712208E-029   3.0638395659144458E-029   1.7285471162409586E-029   4.1353626891381915E-031   2.2700762107429600E-029   1.8172703205783284E-029   2.6220251558071647E-029   1.0592882508406129E-029   3.8246723413947647E-029  -1.4566167060495873E-017  -7.5741002566453973E-018  -1.7161130458038376E-017   3.5320735314860569E-015   1.8366038869145311E-015   4.1613126093321433E-015  -4.6675199537399114E-016   3.2365864991911216E-015  -2.5238813432286387E-017
   5.3365897488627389E-015   1.5551866882737199E-018  -3.1891765710710911E-018  -9.7733132446843243E-019  -3.7459778857601396E-018   7.6817690041287346E-018   2.3540977796347644E-018   5.8605117620435282E-014   2.9507103502186425E-026   4.6331736891027734E-029  -1.6938066710840378E-028   2.4807343106034452E-026  -1.2684432936694172E-029   2.6040729198487862E-026   5.8187615326101113E-018  -1.1932366742234937E-017  -3.6567043433756247E-018   6.1957379780771112E-014   2.3265406531000823E-028   1.4000929250766593E-028  -1.0302767428133388E-028   7.8113399635270373E-029   8.2792226782592457E-030   8.5930045868782487E-029   2.2653819058490139E-028  -5.2287271224495256E-029   6.3422070391260644E-029  -1.1769131466264548E-028   3.8236365755228225E-026  -1.1247839865395768E-029   2.4801739489275771E-028   7.5409528347597716E-026  -5.7548512131877793E-030   5.7832182327199298E-026   4.2343443916324928E-014  -1.6065557359453885E-017   3.2945175901197802E-017   1.0096133523831375E-017  -1.4598452487571759E-026  -1.3415030178010777E-029  -1.1278516446423022E-029  -8.1059706599618688E-027   2.2344457909847252E-030  -5.6811760696769088E-027  -1.7493476373991177E-029  -7.4693274532192388E-030  -4.6948232393567830E-030  -1.7742626503905169E-029  -1.3298828493621058E-026   5.5937442419643730E-030  -7.0021198982897078E-027   3.8387076537120134E-030  -1.7857594962449664E-026   3.8597460826758572E-026   1.8456381229322928E-029  -3.5071523476072507E-029   3.0151666908200689E-027   1.1675187696614158E-029   1.9196777263334133E-026   1.1836595403711219E-028  -9.5255583725561707E-029  -2.1644170660924391E-029   3.1513671608524766E-029  -8.5946853468302746E-030   3.8341084413593581E-029  -1.7002063294921882E-028  -6.4613786644755418E-029  -5.4087348991312438E-029  -5.4845467882432553E-029  -6.4424975574721573E-027   4.2280780838386576E-030  -2.6541735800303248E-029   4.0314935904961041E-027  -2.8652536059770836E-030  -1.6413798328540231E-027  -3.6798539218725970E-027  -7.7619125355263599E-030  -7.8183218294321813E-030  -2.8933640485618342E-027   1.6603060962081822E-031  -4.2107255862901797E-027  -6.4510264150183766E-030  -2.6572270347969701E-030  -8.2279251288468358E-030  -3.6897073464253216E-030  -4.1442232019686963E-027   2.0675199664703622E-030  -3.8386626481013828E-027   1.5531241577392392E-030  -4.4572609486857731E-027  -3.8787658793388250E-029   3.6126207258719157E-029   1.1957463596611906E-029  -1.1798871117995907E-029   6.7090663339785442E-030   1.7147042392234606E-029   6.4283295148863115E-029   3.2424534993491966E-029   2.5565853631878291E-029  -1.2050443842883597E-029   1.1854453151671616E-017  -2.4309585750418131E-017  -7.4497348069725570E-018  -2.8745242334776519E-015   5.8947040789626220E-015   1.8064471608518354E-015   3.7612075522152248E-014   6.4885336332039818E-014  -1.3230177284528230E-016
  -1.2926953941380869E-017  -9.4815061977783645E-019  -3.1727440895558759E-018   1.2086345440026189E-018   2.2838102189358286E-018   7.6421880898453720E-018  -2.9112377981417182E-018  -1.4005815669376800E-016  -2.0968829534062885E-030  -2.3014302697602723E-030   5.9539254823248896E-030  -1.2684432936694172E-029   2.1953535708203521E-029  -4.2828527065287486E-029  -3.5475241564037327E-018  -1.1870884293029582E-017   4.5221298726063224E-018  -1.5056967490945638E-016   2.4969140715384651E-029   9.8574828631491110E-030  -4.0022235943681447E-029   1.3218995431572764E-029  -1.8541786750624998E-030   1.2751707352176927E-029   6.3030525160445555E-030  -2.1632589270485115E-029   6.6805376285630809E-030  -4.9926187131067514E-029   3.4042549455919755E-029   7.5825778381849562E-030  -1.6272234602566753E-029  -1.5720217583810716E-029  -6.7206915319391021E-029   9.6906427861541890E-029  -9.8840121169413653E-017   9.7946878339828039E-018   3.2775423319879130E-017  -1.2485566974157658E-017  -4.5441861607465340E-029  -1.4163646701601789E-029   8.3744361392147510E-031  -2.4488460708429977E-029  -3.4785999339884573E-031  -2.2185862295616354E-029  -1.4951881990981646E-029  -6.0116750700044836E-030  -9.0576803253293704E-030  -2.1800155941651177E-029  -5.0417453471460653E-029   6.7063465980294781E-030  -1.5953373880295266E-029   4.9951579866837990E-030  -1.7581813979295659E-029   1.6696832293075912E-028   5.8105381116495569E-029   6.1559137982544719E-029   2.3003440163772026E-028   5.8033729314319860E-029   3.7052505173464140E-029  -5.4822770000552103E-029  -9.5011854472791282E-029   5.4627787267375467E-029  -2.4585319874202401E-029  -6.1313127089551946E-031  -1.9118769717125153E-029  -1.6635080960334604E-028   2.5449662977505821E-029  -9.3592581072995064E-029   5.9902393037442643E-029   7.7423488452245635E-029  -2.4250654084515726E-029  -2.4087764845449817E-029   6.0447771744501034E-029  -2.3829470234158570E-029   1.4326780390205092E-028  -5.1191936073475013E-029  -6.8885467609539370E-030  -1.0299825669720280E-029  -3.5270200058472192E-029   3.4797074192440622E-030  -2.9322092328418719E-029  -6.0128679062281199E-030  -2.3504944578898592E-030  -5.0723063070714787E-030  -2.6236665688270551E-031  -5.5930602401529373E-029   6.3037690424421821E-031  -3.3224761878524224E-029   3.8280608473966997E-031  -4.4735774321864846E-029   1.9896154260790762E-029   3.9101602534274841E-029  -2.5770411567496865E-029   6.4261739951897508E-030   1.6299098141756596E-030   6.1119437253727112E-030   5.5635646162789819E-029  -9.1939415466289072E-030   3.7126138281050880E-029  -2.1653637476368171E-029  -7.2273040674022352E-018  -2.4184328719061929E-017   9.2128499148214105E-018   1.7525110960668584E-015   5.8643311578202481E-015  -2.2339757053763048E-015  -9.0739326594499841E-017   8.7578177924509253E-016   7.4110138456099316E-017
   5.3865365499628107E-015   6.9468557834636637E-018   3.6087382130418764E-019  -8.0414447257543250E-018  -1.6732890217401551E-017  -8.6923670595674100E-019   1.9369426396360112E-017   5.9208430131821042E-014   3.1178511279138024E-026   1.8026244891380596E-029  -1.1943635041516090E-028   2.6040729198487862E-026  -4.2828527065287486E-029   2.7899216726719922E-026   2.5991797290510401E-017   1.3502164886803123E-018  -3.0087223305648876E-017   6.2523156057958779E-014   1.7979684275284766E-028   1.8086163458402152E-028   5.5169326348383485E-029   2.2899927760777289E-029   6.0682122464279001E-030   6.4917275295119575E-029   3.2626454842953363E-028   5.6923553093282042E-029   9.4002034358268930E-029   8.2751961143178830E-029   4.1906136140827195E-026   1.3302220140433727E-028   5.6127981606775506E-029   8.0552068606062161E-026   8.5976062479620804E-029   6.1094204835253944E-026   4.2847253175949181E-014  -7.1763159177208824E-017  -3.7279376958891082E-018   8.3070599971765093E-017  -1.6258580793539071E-026   1.3208039759281812E-029  -2.0989343625338678E-029  -8.9890736669552664E-027   9.4537616072907740E-030  -6.4840897363668075E-027   1.7647798150664435E-029   5.8044825062292118E-030   1.7243641316444589E-029   2.9105192217273484E-029  -1.4957353288202121E-026   3.7411577132054516E-030  -7.8346394895542805E-027   4.3235107478926131E-030  -1.9535163211121497E-026   4.3366606588289366E-026  -3.1122315548738506E-028   1.3889364919410599E-028   6.2601594441841833E-027  -8.6316842507327915E-029   2.4344209858343447E-026   4.5979949823032105E-028   1.0913884471951902E-029  -3.0961018751394882E-028   1.4888978941438431E-028   8.2868392767909440E-032   1.3638371729440382E-028   2.7014491747983083E-029  -2.6751862056066636E-028   5.8226583629894912E-029  -3.8879994466754033E-028  -4.2747451207683372E-027   1.3534196805717209E-028  -1.1702538476987165E-028   6.7309631815761487E-027   3.0555339715468356E-029   2.0425164230765502E-028  -5.0418523840778543E-027   8.0611503375104573E-030   9.9278031203113281E-030  -3.8311012418999345E-027  -8.3129869377140536E-030  -5.1877413083698184E-027   6.9220006636036019E-030  -4.7991986424428797E-031   6.3275207560592602E-031  -4.6891803565144618E-030  -5.5084209294356335E-027   6.8236724251621568E-030  -4.7789863632949559E-027   5.5405739494304168E-030  -5.7903597787445860E-027  -1.4957954892652084E-028  -1.0633405821335570E-029   1.4879207445917754E-028  -5.4052268478389756E-029   2.7654379604973579E-030  -1.8453871587642509E-030   1.3147482601784515E-030   1.1907140692432813E-028  -2.0108342783713038E-029   9.0237217746954897E-029   5.2952598493855228E-017   2.7507705944363175E-018  -6.1296132683329769E-017  -1.2840198164308669E-014  -6.6701994890391056E-016   1.4863378055083522E-014   3.7974719803928051E-014   9.5291974331088104E-014   1.4960935471440872E-015
