   1.9611131050591442E-004   2.7429497514604472E-018   2.5611646984201434E-017   1.2159583428389608E-017  -2.4454181656112553E-018  -5.4203746970953928E-018  -2.6098780937960849E-018  -4.5540907012602396E-018  -1.1355901096204046E-017  -1.3040490007411604E-018   4.6486957223133554E-003  -1.4182444683639154E-016  -1.2834053539271127E-018  -7.5731097329109062E-017  -4.9032952743320824E-016   1.7089611743014647E-018   1.9547665754783516E-018  -2.3489471964058570E-016  -1.0234562077906131E-019  -2.1752223632168638E-016   2.7982691633016701E-018   4.6065883284250111E-018   1.9032832482651123E-019   2.8822907252903103E-018   7.2661255600528523E-018   2.0113807571948129E-018   1.7852714090213475E-018   2.6949350288782095E-018   7.1257442731163772E-018  -1.9724514163748718E-018   8.7239559135695310E-003  -2.6763739859276136E-016   1.4886443582836238E-017  -1.2682453235418503E-016  -4.6566994635522545E-018   3.6000441041731824E-019  -8.9974904570014667E-020  -3.7703573754899706E-018   8.1807507527472254E-019  -1.4499530081029163E-018   4.5601545723321934E-020  -7.9654450250654438E-019   3.8238432618017625E-019  -2.0556271470371372E-019  -1.4086434374427516E-018  -2.8473664406097295E-019  -7.6938644714060547E-019  -2.1636462577229898E-018  -1.6552120079098665E-018  -8.7129784364992695E-016   1.4348733340242766E-018   1.5996654254920264E-018  -4.0349443629817338E-016  -6.2211985894169032E-020  -4.1524612547256072E-016   1.9747236136344821E-018  -1.3205931646364630E-018   1.5428622899810376E-018   6.8632879411596711E-019  -2.1629520598708575E-018  -3.6338913238718683E-019  -1.0280361986260412E-019  -2.1273916139106652E-018  -1.6797092068341147E-018  -4.5995119105929361E-019   7.2065205216202159E-003  -2.1544671756729541E-016   1.2319146665098955E-017  -5.9478356421640499E-017  -2.2195447479136009E-018  -3.2073112318063534E-020  -2.3127717133819048E-019   5.2020757715503458E-019  -5.7397764185093872E-019  -1.3072144837455316E-018   5.4722025049370976E-020   4.9548545412082488E-019   3.5023266638329188E-019  -1.9442181444896375E-019  -1.5547655349476826E-018  -5.0044612723587434E-019  -5.6521737086410895E-019   7.9556732603592166E-019  -9.6180765557964226E-019   7.6742652750752301E-017   3.2034432213584513E-019   5.6646623248588615E-019   4.0128648338945069E-017  -1.4864236204864718E-019   4.2815583926754269E-017   1.8992302723523657E-019   3.0889438591214809E-019   5.0947422554389504E-021  -2.1809314878563931E-019  -1.1907576859857871E-018   1.2043952704997185E-019  -9.8775749537581058E-021  -8.5654139457322646E-019  -2.5595102900236638E-019  -1.2831805292591642E-018   4.1330848614845143E-003  -1.2468299448612261E-016   9.7377631966735010E-018  -8.5322374967031040E-017   8.4991876671881455E-016
   2.7429497514604472E-018   1.9611131050566248E-004  -1.4358972392057544E-017   2.1419926114363234E-017   7.7731416151713150E-019  -7.8553754980198184E-019   4.3999622209462421E-018   4.2088091598411488E-018   4.1694642629848751E-019  -2.5024601378913799E-017   2.1005397417002946E-016   4.6486957223103361E-003  -2.9360775472288728E-016  -1.8860631761894844E-016   9.4554394070028809E-018  -2.3585490466214575E-016  -7.7496343876465688E-018   4.3414867037160018E-018   1.6634274676916982E-018   1.3467843288868719E-018  -5.8610741714389117E-016  -3.9050389510555541E-018  -2.4654976622306348E-016  -9.5646673485839803E-018  -4.6300527868303126E-018   1.1165996387189381E-017  -4.4942559241189689E-017  -1.6131171338776935E-017  -6.8911571860050508E-018   5.1617802269286420E-017   3.3361124932189032E-016   8.7239559135644622E-003  -4.5785041632826591E-016  -2.1598404380328898E-016  -1.9569583730363872E-017  -3.8284350941435574E-018   1.8928690607967549E-017  -8.8579211243553492E-018   9.1285021754838550E-019  -1.8110532913529357E-017  -4.0796660595302831E-018   8.3471479083047841E-018  -2.5156555976053089E-018   1.9877224086824165E-017  -1.6251083739208862E-017   3.1979663718796479E-018  -1.3223235251231400E-017   2.5753587406127708E-018  -4.6604603383977980E-017   1.9904598109794822E-017  -5.2886249206324294E-016  -1.2734367738509610E-017   7.6667364875370170E-018  -3.2891012880641998E-019   7.4617626712423605E-018  -1.1314954194749135E-015  -1.5180560732119800E-017  -5.3535327044358439E-016  -3.1228591199276625E-017  -2.6773865644594299E-017   1.0286315586211004E-017   1.6260972330858474E-017  -1.5890626624826019E-017  -5.9371740902288524E-020  -3.6571533606103959E-017   3.2022424207117578E-016   7.2065205216156648E-003  -4.6305489165448942E-016  -2.2208082158907663E-016  -1.3493790856633086E-017  -5.5360761533110296E-018  -4.6827042182071910E-018  -9.9342887966784483E-018   3.8393569380039679E-019  -8.8089631707694713E-018  -5.4983657610116340E-018  -1.8280552915096623E-018  -2.0912410927440240E-018  -4.4650366413929369E-018  -1.9639815276775984E-017   5.1830584925122683E-019  -1.1384183073447256E-017   8.1271442223166439E-019  -1.2925659780989986E-017   1.8254249683301506E-018  -3.8714377789351027E-018  -2.9478982267122982E-019   2.5130092497974736E-018   3.0757343091937550E-019   2.7126426852780326E-018  -3.5678211902323279E-017  -8.3436513943143955E-019  -6.3858326780015289E-018  -1.0592089835943049E-018  -1.6298528404858194E-017  -2.5171367677444350E-018  -2.0529463410585777E-018  -1.8867647766888932E-017   3.4213642886434956E-019  -1.6191450714719131E-017   1.8320891577026104E-016   4.1330848614817986E-003  -2.5608089841379024E-016  -1.9043986634678997E-016   1.0671887385919256E-015
   2.5611646984201434E-017  -1.4358972392057544E-017   1.9611131050566792E-004   6.0315887278124520E-018   8.4209319490365127E-018  -3.5032024556906755E-018   4.9291941374117702E-018   1.5805906789976352E-017  -2.5738535823064826E-018   5.3269532441383856E-018   6.0159986518025775E-016  -5.5018803848007196E-017   4.6486957223103318E-003  -1.2523811767120294E-016   1.6275278143630694E-017  -8.4612096436973079E-019  -2.2428411004940248E-016   3.9236631992860083E-018  -9.9743667226550326E-019   4.6513233111576156E-018  -2.8415995362744867E-018  -2.3037201839619319E-016  -6.1876538841138023E-018  -5.3700343628853045E-016   3.8645573438515793E-017   4.8232628232178719E-018  -1.2670478163684404E-017   3.6449948454156573E-017  -6.5642024085284240E-019   4.7990851275616574E-017   1.0463599678696503E-015  -1.0004680685399898E-016   8.7239559135643928E-003   9.7733665321652567E-017  -2.0397473612090185E-017  -1.3881253258044398E-018   2.9464795063934304E-018  -1.2622446023830530E-017   2.7487538057809041E-019  -1.1415114834931437E-017  -2.0773312710065257E-018   1.7553245883371640E-018  -9.7817111577225638E-019   5.9074694558981485E-018  -1.8357129008735669E-017   2.3893899200994371E-019  -1.5305788391859873E-017  -5.9386814290919242E-020  -2.2212223720392921E-017   2.6834745888619142E-017  -2.7039664973670313E-018  -4.8793025168660668E-016   1.2639377701820119E-017   8.1247904625664669E-019   1.1536419440621460E-017  -3.0357852229525965E-018  -4.8617780479521520E-016  -9.6280199513585090E-019  -1.0362148279751221E-015  -1.2211895006673087E-017   4.2903715482282355E-018   8.5665978776315002E-018  -1.6397274232149958E-017  -2.1278310432134266E-018  -1.1502731264178154E-017   9.3990598595592573E-016  -8.3989061985011590E-017   7.2065205216158166E-003  -4.8755058273355602E-017  -6.2329067487615434E-018  -1.9887230894319209E-018  -2.7867508010590019E-018  -1.6907692415250873E-018   7.9858689247912463E-019  -5.0339538687678305E-018  -1.7040050580132289E-018  -1.4222224552246826E-018  -4.7568826795063819E-019  -4.1378782538680758E-018  -3.2576149976294009E-018   1.1037468726956410E-018  -2.7457435986219420E-018   1.3863737019282228E-018  -8.5581526492014882E-018   7.3265555998341150E-019  -7.0187977297641700E-019  -3.6341049978585085E-019   1.2545088613657894E-018  -2.0796253589317596E-019   2.2988111740149181E-018  -1.9485670781048656E-018  -1.1628242353845910E-018  -4.3454623267068172E-019  -2.1358659135644654E-017  -6.4039105312437272E-018  -8.3578460976277982E-019  -1.9193437839588554E-018  -5.3876592956388833E-018   9.5678338209730127E-019  -6.8936477828711193E-018   5.3247339982897844E-016  -4.9691217332008732E-017   4.1330848614818732E-003   7.9686330860893691E-018  -9.7726037527566346E-016
   1.2159583428389608E-017   2.1419926114363234E-017   6.0315887278124520E-018   2.1855090961742926E-005  -6.5832024317936126E-017   8.8565419152877789E-019   5.7127455429627625E-019  -6.4262619643890479E-017  -3.0658020920726614E-018  -7.0905606712635901E-017   3.1159014086396000E-016   5.7576167048643580E-016   1.4166435518076846E-016   1.7648275608950351E-003   2.2875949181994276E-018  -3.2051143016006117E-018  -1.9004726538211746E-018   2.1855846210750050E-018   3.3966476809114371E-019   2.5723419421548752E-018  -2.7667226575574875E-018  -7.3681330624715819E-020  -2.1972260202935467E-018   3.9559220501297677E-019  -3.9517075455028990E-016   4.0605847687648238E-018  -4.4399244990270920E-018  -4.0951419483127286E-016  -2.8204977384490580E-018  -3.8117373925209286E-016   5.6957504536779011E-016   1.0732517458914617E-015   2.6545040700622783E-016   3.8759779154140094E-003   2.2772387872804065E-016  -1.8006862225600140E-018   9.8278866691522599E-019   1.3971250837291233E-016   6.3735793882870937E-019   1.2840731562649947E-016  -2.1184015879559150E-018   2.6046126766361095E-019  -5.1955901935696701E-019   7.4581118669702081E-019   2.3235051146249317E-016   2.5362943290430267E-018   1.3541969526446177E-016   2.4148226863707823E-018   2.3211787597986198E-016   1.1960618353182880E-017  -6.4785622416311344E-019   1.0694656174796555E-018   2.9776985631419074E-018  -1.9464764265994892E-019   2.8426927703217175E-018  -3.2842595714507549E-018  -2.7347872110391459E-019  -6.7714833666220375E-020  -2.1091622613261947E-019   1.7417396037170638E-016   2.8774337331548266E-019   6.3775281948634449E-019   3.4621367263457961E-016  -1.2862632105642161E-018   3.3400272135491456E-016   4.8053074696918585E-016   8.8271184764893385E-016   2.1599262040480802E-016   1.9480955804249591E-003   1.4905715974394610E-016   2.0657374264837193E-019   4.4728034262000455E-019   5.4753205941780191E-017   7.6735478532180930E-019   5.7017900777427398E-017   2.1269555817738687E-019   1.1675942023834379E-019   1.5536025834134746E-020   6.0232676342405804E-020   4.0699459871400862E-017   7.1180673009239509E-019   2.3708906287144552E-017   3.0531881975692583E-019   4.1589921257348267E-017   3.2833561932667465E-018  -3.9537122040236486E-019  -1.5358810680668197E-019   3.1844736610456827E-018   3.2494629416508220E-020   2.7086008563262069E-018  -1.1033885729136896E-018   7.6901859811791001E-020  -6.1039447004393565E-019   4.9247656887554924E-019   2.3653231652047092E-016  -4.6862368616035717E-019  -1.4473610605456435E-019   1.9958095562657171E-016   3.0083131220790788E-019   2.0133402644700739E-016   2.8103146375820389E-016   5.0517165457479015E-016   1.2564431455172052E-016   2.4017044351029308E-003  -5.8251528334254195E-004
  -2.4454181656112553E-018   7.7731416151713150E-019   8.4209319490365127E-018  -6.5832024317936126E-017   2.1350175478400235E-028  -1.1165436182130425E-031  -2.0787162902664023E-030   2.1183496080779639E-028   1.0935105173007627E-029   2.3504616668851256E-028  -5.7967105193580796E-017   1.8425745094423338E-017   1.9961291487168349E-016  -5.4529724690826016E-015  -3.7286994617804145E-030   6.9493156541824416E-030  -1.2136950380531949E-029  -6.1003878903360734E-030  -3.6261300163893733E-031  -6.8758711436833130E-030   8.7501619435606996E-030  -1.0356369857335423E-029  -1.4223256167016317E-030  -2.4970179533223005E-029   1.2454077421260881E-027  -7.8863459028702021E-030   1.1417672797722967E-029   1.2955464950233377E-027   7.5455900300700673E-030   1.1980787615533690E-027  -1.0878373211617997E-016   3.4578599564397182E-017   3.7460276454773644E-016  -1.1945465531137364E-014  -6.7549528086698749E-028   2.9388160538802134E-030  -1.9125166024679432E-030  -4.1275504512342882E-028  -1.8606239424888936E-030  -3.7497047442141812E-028   5.0721869154010834E-030  -7.2635412066353056E-031   1.5856323673785311E-030  -2.5129536255922483E-030  -6.8017399220899838E-028  -6.1916342122137029E-030  -4.0318123976462644E-028  -6.6226345790256536E-030  -6.8495290895691369E-028  -2.7235339480328531E-029  -3.6793456237880364E-031  -1.9923272988559578E-029  -8.2009496580927696E-030  -5.2760951023969092E-031  -8.8781832339995985E-030   1.6906349421246175E-031  -2.4730576247804408E-029   2.9362498025060218E-030  -5.1098490240150885E-029  -3.3566839890210177E-028   4.0139336137228407E-031  -6.5533574043800635E-031  -8.6412323448774002E-028   3.0064701787685835E-030  -8.2192812880704839E-028  -8.9862008208315178E-017   2.8564035609354013E-017   3.0944476759332253E-016  -6.1135644885469851E-015  -4.8338071622159516E-028   1.6591620986747065E-030  -1.7430678874559718E-030  -1.7870139271546554E-028  -1.8159705039998791E-030  -1.9154948069357623E-028   6.0859858947085229E-032   5.7944258753962871E-032   6.7089554096453106E-031  -3.3965476177667756E-031  -1.4513268865632314E-028  -2.4919190788132577E-030  -8.4076173105173783E-029  -6.9176087719507270E-031  -1.4457374802528235E-028  -1.4676942541110839E-029   1.6948699468908987E-030  -1.6830598351246329E-030  -5.5036803182917184E-030   3.5256915505584420E-031  -5.3322787756666739E-030   4.4167293145534162E-030  -6.2795603002988959E-031   9.2262391863642476E-031  -2.1950783249011113E-030  -6.6234708037472620E-028   3.7802688526169421E-031   5.1568034184754482E-031  -5.5078641595894916E-028  -4.4130686218653818E-031  -5.5312556918071607E-028  -5.1537674059789161E-017   1.6382050506318476E-017   1.7747281514962028E-016  -7.4109656310319387E-015  -3.6178952061586481E-015
  -5.4203746970953928E-018  -7.8553754980198184E-019  -3.5032024556906755E-018   8.8565419152877789E-019  -1.1165436182130425E-031   7.2286462644156089E-031  -1.2094133534988249E-031   3.4696913823831456E-031   5.3148397735074784E-031   9.7161605471996310E-031  -1.2848658551471440E-016  -1.8620675360641053E-017  -8.3041218929005190E-017   4.7081396503923738E-017   1.2658296328548524E-029   4.7713309303930341E-031   2.4476213280262838E-030   6.0238291973221865E-030   1.5184617864843261E-031   5.6630341502994219E-030   2.7257828690508400E-030   3.8911091213633990E-030  -2.0874556407314859E-031   9.4520774326738253E-030  -7.3364114621721776E-030   7.1298375364091617E-031  -3.9140419210487402E-032  -6.4540987612593506E-030  -4.1573197442461981E-031  -7.9600148463994706E-030  -2.4112382794493260E-016  -3.4944414655361592E-017  -1.5583896564115165E-016   1.0885286481605492E-016   1.1825162527703647E-029  -4.7209223984492749E-031   6.4666952460562679E-032   7.5645811687279248E-030   4.2875748758817278E-033   7.7260045899342794E-030  -2.4830101273101696E-031  -4.2958656520152460E-032   9.7294377455228500E-033  -2.5655736628336446E-031   1.3514262546561717E-029   3.4725515862015919E-031   6.8044107120650457E-030   2.5843947477708750E-031   1.2774798100391416E-029   2.3418216820373339E-029   2.0848701092332681E-030   9.5370484561069407E-030   1.0153562900607350E-029  -2.2425766714594726E-031   1.0282468015336263E-029   3.4916883609715608E-030   7.9440516156101602E-030   2.9931728386015982E-030   1.7339720792272909E-029   4.1271347993408289E-029   8.9183704656423473E-032  -4.0997481619721044E-032   4.6471287171990231E-029  -1.0972647217093309E-031   4.6872504762891315E-029  -1.9918301187584089E-016  -2.8866221221749699E-017  -1.2873250565310269E-016   3.5138971417881997E-017   1.8316063828945747E-031   4.9311867850040102E-031   4.6586140642913307E-032  -1.6208320646632747E-031   1.1189664776612730E-031  -1.0191398837591202E-030   2.0181518355511638E-031   1.1015185097811542E-031   1.4178695161865765E-031   1.0581296493000020E-031  -2.1569321140807310E-030  -5.1113521007091773E-032  -1.1601035176402030E-030  -6.3947212460806639E-033  -1.4539241343526476E-030  -2.6987356135117242E-030   1.0191584274772099E-031  -3.9281974637404118E-031  -2.0511338114606993E-031   8.9328567293126219E-032  -5.4546876699987453E-031   3.6338714344140765E-031  -4.1835798154767842E-032  -1.4712485777851925E-031   4.4869551677489162E-031   1.8801855752275097E-029  -1.7327755949698316E-031   6.7274677190633680E-032   1.7327718156020777E-029   7.5607625920227328E-032   1.7960285170761519E-029  -1.1423547446775728E-016  -1.6555360049545807E-017  -7.3830688291189002E-017   6.5826112343270359E-017  -9.8224959730451357E-016
  -2.6098780937960849E-018   4.3999622209462421E-018   4.9291941374117702E-018   5.7127455429627625E-019  -2.0787162902664023E-030  -1.2094133534988249E-031   2.9820069350820285E-031  -1.8601467165079231E-030  -5.4124055429324435E-032  -3.1556243375876616E-030  -6.1865524732307669E-017   1.0429834720956131E-016   1.1684345814599670E-016   5.1861467555693137E-017   7.3607258896474676E-030  -5.3477785577663326E-030  -5.5447746783997045E-030   3.4892843400298063E-030  -6.6097921452064939E-033   3.1947470372659042E-030  -1.3452101105695521E-029  -5.9155077987164234E-030  -5.4627519304658391E-030  -1.3712986171990496E-029  -1.1798162650540261E-029   2.7878886144069829E-031  -1.4159104563377359E-030  -1.2719056621242273E-029  -3.0594133235303714E-031  -9.5653302871347103E-030  -1.1609968528246435E-016   1.9573106894198795E-016   2.1927380033974207E-016   1.1262177197453334E-016   4.5877823546148987E-030  -7.1973631771236035E-032   4.9026625542386230E-031   2.8255605244252160E-030   3.0902750349084560E-032   2.1652349918970056E-030  -1.4939106974890342E-031   2.5132343139454333E-031  -1.0293379671396039E-031   6.4184450935413461E-031   4.4063892819850424E-030   8.8353190439426820E-032   2.6413825376269166E-030   1.2240087031383308E-031   3.8431308169895768E-030   1.3167283850052949E-029  -1.1965844016182710E-029  -1.2723774693221578E-029   6.1396464736245045E-030   5.6829102538142613E-032   6.3096582364267298E-030  -2.5361987368273502E-029  -1.2356172786346160E-029  -1.2263359978108516E-029  -2.6462847453792610E-029  -4.2586982592090749E-030   3.0752093616707128E-031   5.6337084640072239E-031   7.9934781370905118E-031  -3.2718971738651821E-032  -1.0501005234638910E-031  -9.5905432447256894E-017   1.6168581994494385E-016   1.8113355427943625E-016   6.1193988483453180E-017   4.8930429867839092E-030  -2.6830112588644620E-031  -1.4943903097444410E-031   1.7302582265742291E-030   3.7449564387746660E-032   2.0022841952935074E-030  -1.9471602708200752E-031  -1.0056108278750126E-031  -9.4544562038280413E-032  -2.0147337191482826E-031   1.4967505476769404E-030   8.1520545491742103E-032   8.2602637120206043E-031   4.3147182405663235E-032   1.3852084103457480E-030  -7.1423831765189423E-031  -1.4225510879679076E-031   6.1482465286205503E-032  -5.5222864005280590E-031  -1.4591791293418462E-032  -5.1638484212221222E-031  -9.3607884174220276E-031  -3.5853857464045291E-032  -1.3373244430811057E-031  -5.5349229431645896E-031   3.5605414315990399E-030  -5.0069165529639550E-032  -1.0507278360224515E-031   2.5486485710187604E-030   2.5452860143734398E-032   2.4972239103225578E-030  -5.5003699745625391E-017   9.2730078645622969E-017   1.0388374651167841E-016   7.0165425393865850E-017   2.0957412517979757E-016
  -4.5540907012602396E-018   4.2088091598411488E-018   1.5805906789976352E-017  -6.4262619643890479E-017   2.1183496080779639E-028   3.4696913823831456E-031  -1.8601467165079231E-030   2.1113531631089240E-028   1.1051899070527415E-029   2.3362362817601230E-028  -1.0795186625065760E-016   9.9767183682093504E-017   3.7466911567889487E-016  -5.3512461667245693E-015   1.8126563819137798E-030   2.2292933480153194E-030  -2.2368721563543262E-029  -3.6745448867960101E-030  -2.1858857862740170E-031  -4.5269153641147029E-030  -1.3123166924372554E-030  -1.9266639097871372E-029  -7.3699903589340907E-030  -4.5480050484411288E-029   1.2280992349837226E-027  -6.4873555473421142E-030   9.5948589935343714E-030   1.2782542939738395E-027   6.9739734897843047E-030   1.1821323777378421E-027  -2.0258743058566229E-016   1.8722767934372195E-016   7.0312127155795931E-016  -1.1716472660532147E-014  -6.5813040402579702E-028   2.2470807319761409E-030  -1.2444929647148618E-030  -4.0173861944863360E-028  -1.7874667223772983E-030  -3.6422350617756328E-028   4.5503233673334133E-030  -4.9791797924902154E-031   1.4774824069905187E-030  -1.9967371498322554E-030  -6.6069757585103083E-028  -5.6818996249107032E-030  -3.9326469804258201E-028  -6.2705400842213681E-030  -6.6711572151402395E-028  -1.6252234360245433E-029  -9.8018661303303041E-030  -3.7671718121167615E-029  -3.9214618299344556E-030  -7.2574059140331501E-031  -4.7430181405708418E-030  -2.0929157471600212E-029  -4.4155846301308311E-029  -5.5915227898390255E-030  -9.1985870697358811E-029  -2.8945068906342045E-028   9.5714934759691590E-031   1.5062450351576041E-031  -8.0736290946344046E-028   2.7054104092147222E-030  -7.6527137681049582E-028  -1.6734959351038389E-016   1.5466150067390943E-016   5.8082112322330492E-016  -6.0184978473896678E-015  -4.7934953014067858E-028   1.9386641364519256E-030  -1.9428905046123243E-030  -1.7750591344003003E-028  -1.6352860915437670E-030  -1.9135703067024808E-028   6.0724930458422628E-032   6.3855689222004651E-032   7.5082249806624258E-031  -5.6084576678926731E-031  -1.4673854271539396E-028  -2.4584645377374043E-030  -8.4953253705202129E-029  -5.7999357165756258E-031  -1.4557430531524285E-028  -1.5913153678495090E-029   1.6699074948829199E-030  -2.1064481569483688E-030  -4.7890338783442224E-030   4.3736728674635299E-031  -4.8705214878460411E-030   3.8789055806456790E-030  -7.4608072189925448E-031   5.9142415184705307E-031  -2.9424161850605131E-030  -6.3666168287329133E-028   8.7495833350120925E-032   4.2825899072805793E-031  -5.2772344096179695E-028  -2.9839034166228368E-031  -5.2939603143348664E-028  -9.5978367013363757E-017   8.8701489876028272E-017   3.3311262826804767E-016  -7.2707339561261256E-015  -4.6406853546705521E-015
  -1.1355901096204046E-017   4.1694642629848751E-019  -2.5738535823064826E-018  -3.0658020920726614E-018   1.0935105173007627E-029   5.3148397735074784E-031  -5.4124055429324435E-032   1.1051899070527415E-029   1.3100976406084638E-030   1.2299749270704105E-029  -2.6918451930565513E-016   9.8834537557765592E-018  -6.1011586262230958E-017  -2.6299061233982761E-016   2.7462923954325695E-029  -3.3256578692657742E-031   2.1597856002277452E-030   1.2956437343163874E-029   5.3230800326438387E-032   1.1946386273721139E-029  -6.5656210111423217E-031   2.6897224714757579E-030  -9.1107148476171267E-031   6.7323920629530850E-030   6.0523761853902273E-029  -2.6180568572568302E-031   4.5371717109860398E-031   6.3595058335536501E-029  -1.1376693986686285E-031   5.8426994119114415E-029  -5.0516403294928791E-016   1.8547743278905937E-017  -1.1449714512693623E-016  -5.7414905706261730E-016  -3.0170690409715321E-029  -2.9124403285279507E-032  -3.5898912413488424E-032  -1.8262996296120593E-029  -1.3236304640244299E-031  -1.6425269523015151E-029   1.7764320394352041E-031  -2.4815641031373885E-033   6.6942065885238129E-032  -1.9572236180041119E-031  -2.9991713642966324E-029  -1.7552492485844013E-031  -1.8167567294204061E-029  -1.3775791329030237E-031  -3.0544006364760712E-029   4.8093127244428924E-029  -1.0911619347565744E-030   6.6206149750388732E-030   2.2252583205339350E-029  -1.0977384962482407E-031   2.2832902777498497E-029  -2.5919825307877624E-030   5.9414568627371112E-030  -6.5190503214381933E-031   1.2722836879801169E-029  -2.8537315822644178E-030   6.3204965767076256E-032  -6.7657252667053669E-032  -2.8048533696002538E-029   2.1570221079568758E-031  -2.5942826978784314E-029  -4.1729635113939604E-016   1.5321569009908541E-017  -9.4581636381351937E-017  -3.0092406727863979E-016  -2.4567791985732646E-029   2.5618188410617486E-031  -5.2062016247919661E-032  -9.2475670837107037E-030  -3.3113062628363159E-032  -1.0078749713677666E-029   6.7447023459124442E-032   2.4232510072467530E-032   6.3888532253409603E-032   5.1534419060893112E-032  -8.1340467486407701E-030  -1.2969846476823874E-031  -4.6894848025679287E-030  -8.5646353851560816E-032  -7.8209669804088365E-030  -5.3458027639907416E-030   1.0021738864917631E-031  -2.4607458363015133E-031  -2.2718826269521864E-030   5.8820837841902934E-032  -2.5174906914549038E-030   2.4222228259844107E-031  -5.3389497511133741E-032  -2.0743933102753058E-032   2.4492251903047890E-031  -2.7379168309976742E-029  -4.6682694422015764E-032   6.0861356934071939E-032  -2.2208350959547610E-029   8.0036716318759510E-033  -2.2067358025345416E-029  -2.3932787348244439E-016   8.7872288352011223E-018  -5.4244476003282916E-017  -3.5678929937574341E-016  -5.2333459531916911E-016
  -1.3040490007411604E-018  -2.5024601378913799E-017   5.3269532441383856E-018  -7.0905606712635901E-017   2.3504616668851256E-028   9.7161605471996310E-031  -3.1556243375876616E-030   2.3362362817601230E-028   1.2299749270704105E-029   2.6408167551646774E-028  -3.0911664379768426E-017  -5.9319249401142123E-016   1.2627208851495554E-016  -5.9228917621670529E-015  -1.0236228224630211E-029   3.7994445939703157E-029  -1.0721489025753756E-029  -9.7651828883087482E-030  -3.3935073251375575E-031  -9.8887997500088360E-030   8.7839944012201024E-029  -6.4338761401866506E-030   2.8636269838360468E-029  -1.5598807119657005E-029   1.3607221632867385E-027  -8.5513578035474297E-030   1.8038784296562989E-029   1.4187971573944560E-027   8.8044291270931943E-030   1.2999449381168027E-027  -5.8010249190838508E-017  -1.1132122804202142E-015   2.3696800116026825E-016  -1.2964085804384961E-014  -7.2049968450097531E-028   2.8265618254343737E-030  -4.3064314136583955E-030  -4.4005667369469865E-028  -2.1045119879990347E-030  -3.9678914841632771E-028   5.6047898486329857E-030  -1.9438271859927029E-030   2.0888984803276249E-030  -5.6601557848966962E-030  -7.2265796944086070E-028  -6.5814282984303888E-030  -4.3025363177298365E-028  -7.2625479577362851E-030  -7.2561518464626465E-028  -3.9577663733324089E-029   6.9375478664901105E-029  -8.8892182682318176E-030  -1.4575199679566401E-029  -9.5726643425539013E-031  -1.5764995880437441E-029   1.4762355472069716E-028  -1.7045131781802693E-029   7.5572532459474629E-029  -3.3713974830604435E-029  -2.8903420918121558E-028  -6.3184771565387754E-031  -2.7126456500450641E-030  -8.6323387716713699E-028   2.9860532251195045E-030  -8.1321749188401269E-028  -4.7920009614960945E-017  -9.1958134855878347E-016   1.9575004507675867E-016  -6.6737620529434753E-015  -5.3111631579737963E-028   3.4209918351070355E-030  -1.3027089256671161E-030  -1.9607995558803933E-028  -1.8615886840117357E-030  -2.1215856471760468E-028   1.1126405704623940E-030   5.0956549471751919E-031   1.2821107438668690E-030   3.1323944527953134E-031  -1.6177785241277561E-028  -2.9231122037244437E-030  -9.3540728971733323E-029  -8.0981580485593984E-031  -1.6070503451083127E-028  -1.6945364733137236E-029   2.5522986045473655E-030  -2.5326377146984872E-030  -4.3699641892136874E-030   5.0762689353491684E-031  -4.6754777290602284E-030   9.9795114613299156E-030  -6.6505601282189900E-031   1.5279450407736495E-030  -1.7433365337098554E-030  -6.9282925309232138E-028   3.9821593860468239E-031   9.2441874416389839E-031  -5.7226702997418678E-028  -3.8839525125062864E-031  -5.7402909648313829E-028  -2.7483091973114948E-017  -5.2739844967195321E-016   1.1226659877180911E-016  -8.0461422180043632E-015  -5.8451418658222911E-015
   4.6486957223133554E-003   2.1005397417002946E-016   6.0159986518025775E-016   3.1159014086396000E-016  -5.7967105193580796E-017  -1.2848658551471440E-016  -6.1865524732307669E-017  -1.0795186625065760E-016  -2.6918451930565513E-016  -3.0911664379768426E-017  0.11019441899044755        7.6082086398607752E-017  -1.6099026971248360E-016  -4.1946901757419293E-016  -1.1622954182614277E-014   4.0509853715444471E-017   4.6336516716444181E-017  -5.5680321322122558E-015  -2.4260388056401900E-018  -5.1562283016112067E-015   6.6331216979176121E-017   1.0919628960494038E-016   4.5116136704835092E-018   6.8322895454403766E-017   1.7223895308040454E-016   4.7678520416793538E-017   4.2318740009782962E-017   6.3881746077244228E-017   1.6891130264377996E-016  -4.6755724787908761E-017  0.20679590806078421        1.0762253073706394E-016   1.0784382262540438E-016   1.2886214905081004E-016  -1.1038414266069632E-016   8.5336789520244123E-018  -2.1327987300049824E-018  -8.9373958889892181E-017   1.9391957012323318E-017  -3.4370227443290429E-017   1.0809560651351988E-018  -1.8881588276987765E-017   9.0641808308115856E-018  -4.8727353360829645E-018  -3.3391009957306671E-017  -6.7495037171257559E-018  -1.8237823592994769E-017  -5.1287878689543984E-017  -3.9235763407980562E-017  -2.0653569384587381E-014   3.4012773218718065E-017   3.7919066480346167E-017  -9.5645827625020656E-015  -1.4746961404607636E-018  -9.8431491901803099E-015   4.6809585799022257E-017  -3.1303833417499934E-017   3.6572583748366058E-017   1.6268993976291336E-017  -5.1271423163612315E-017  -8.6139116652848191E-018  -2.4368953868989131E-018  -5.0428485075938927E-017  -3.9816454157576323E-017  -1.0902854754448294E-017  0.17082605299610687        2.2255096578668075E-016   8.9609627521161905E-017  -2.4280272217959090E-016  -5.2612917370686048E-017  -7.6027302886625073E-019  -5.4822804166459076E-018   1.2331194628178970E-017  -1.3605780316760226E-017  -3.0986700170739219E-017   1.2971513122161417E-018   1.1745172193781368E-017   8.3020458831799953E-018  -4.6086472770096960E-018  -3.6854742711559090E-017  -1.1862761841365645E-017  -1.3398123582677023E-017   1.8858424921107389E-017  -2.2799047758407544E-017   1.8191364926432454E-015   7.5935614123343857E-018   1.3427727064783757E-017   9.5122446224155584E-016  -3.5234740455669634E-018   1.0149165865813318E-015   4.5020063452494762E-018   7.3221478492580936E-018   1.2076767253434400E-019  -5.1697614238055741E-018  -2.8226164757095052E-017   2.8549435152368897E-018  -2.3414172449361726E-019  -2.0303777005970462E-017  -6.0671587506866657E-018  -3.0416990340105148E-017   9.7972186642247244E-002   1.0108959331741304E-016   1.1474058559124596E-016  -1.1374455061414616E-016  -4.9271582724795648E-016
  -1.4182444683639154E-016   4.6486957223103361E-003  -5.5018803848007196E-017   5.7576167048643580E-016   1.8425745094423338E-017  -1.8620675360641053E-017   1.0429834720956131E-016   9.9767183682093504E-017   9.8834537557765592E-018  -5.9319249401142123E-016   7.6082086398607752E-017  0.11019441899044595       -1.9570605780288662E-016   4.5667845489150110E-016   2.2413526588887993E-016  -5.5907927164515851E-015  -1.8370022684822995E-016   1.0291222171756358E-016   3.9430505734186831E-017   3.1924678553593478E-017  -1.3893309038962833E-014  -9.2566501240989219E-017  -5.8443077078141494E-015  -2.2672444579658238E-016  -1.0975249988845501E-016   2.6468294718252851E-016  -1.0653352035408106E-015  -3.8237930798210301E-016  -1.6335056274803118E-016   1.2235676564773356E-015  -1.2933665987550514E-015  0.20679590806079540        1.8407293423026498E-015   5.8281368715854383E-015  -4.6388471904054940E-016  -9.0750654816401155E-017   4.4869274919080206E-016  -2.0997146943278773E-016   2.1638542369054503E-017  -4.2929883374252481E-016  -9.6705927416911343E-017   1.9786391042299669E-016  -5.9632039504711792E-017   4.7117714090823510E-016  -3.8522175628943388E-016   7.5805788838593282E-017  -3.1344850528468079E-016   6.1047265096715814E-017  -1.1047329184242265E-015   4.7182602496978568E-016  -1.2536353962479877E-014  -3.0186020724573411E-016   1.8173518407419854E-016  -7.7966084917045162E-018   1.7687640820585815E-016  -2.6821389866623227E-014  -3.5984567925154086E-016  -1.2690213796537134E-014  -7.4025418497198556E-016  -6.3465770725083617E-016   2.4383066504761775E-016   3.8545615915859889E-016  -3.7667734627256120E-016  -1.4073699127736280E-018  -8.6690528656563733E-016  -1.0213597060366600E-017  0.17082605299610751       -4.9058289382229392E-016  -2.1421266839518178E-016  -3.1986185636706183E-016  -1.3122921603002937E-016  -1.1100056907424767E-016  -2.3548609059934552E-016   9.1009550280976924E-018  -2.0881095182291966E-016  -1.3033531481180990E-016  -4.3332905133701687E-017  -4.9571559626478712E-017  -1.0584089556733653E-016  -4.6554951383832287E-016   1.2286115359947894E-017  -2.6985492585344922E-016   1.9264886091206487E-017  -3.0639466523877058E-016   4.3270554970938528E-017  -9.1770006511718530E-017  -6.9878080162787517E-018   5.9569309488246851E-017   7.2908354389396161E-018   6.4301494975938110E-017  -8.4572965537968398E-016  -1.9778102774997418E-017  -1.5137216194758601E-016  -2.5107885202424021E-017  -3.8634640235728024E-016  -5.9667149714687696E-017  -4.8663806535200356E-017  -4.4724576689471856E-016   8.1101296463120704E-018  -3.8380819281290537E-016  -1.6433300907902182E-017   9.7972186642245079E-002  -5.6394703031349447E-017   2.2319574435168628E-015   1.3234738863501367E-015
  -1.2834053539271127E-018  -2.9360775472288728E-016   4.6486957223103318E-003   1.4166435518076846E-016   1.9961291487168349E-016  -8.3041218929005190E-017   1.1684345814599670E-016   3.7466911567889487E-016  -6.1011586262230958E-017   1.2627208851495554E-016  -1.6099026971248360E-016  -1.9570605780288662E-016  0.11019441899044270       -2.4820859458406126E-015   3.8579526948713159E-016  -2.0056767238417686E-017  -5.3165142809990964E-015   9.3007977374795499E-017  -2.3643611271990053E-017   1.1025670433817186E-016  -6.7358336318128792E-017  -5.4608243333697537E-015  -1.4667445782731260E-016  -1.2729329943814195E-014   9.1606910109664769E-016   1.1433242272489484E-016  -3.0034574491024032E-016   8.6402318673161694E-016  -1.5560030463445777E-017   1.1375930560033152E-015  -2.2608160550762484E-015  -2.9132198623992896E-016  0.20679590806078782        3.2532589083856854E-015  -4.8350932989013610E-016  -3.2904640978927984E-017   6.9844450286565882E-017  -2.9920717313438809E-016   6.5157486458403649E-018  -2.7058814387610387E-016  -4.9241836018782788E-017   4.1608869391723352E-017  -2.3186933328085635E-017   1.4003286153411598E-016  -4.3514423965038018E-016   5.6638990743818019E-018  -3.6281412245101526E-016  -1.4077272179922037E-018  -5.2652684399364755E-016   6.3610083528882897E-016  -6.4095831378592519E-017  -1.1566080854555208E-014   2.9960852795212712E-016   1.9259306651218825E-017   2.7346359353966390E-016  -7.1961386334392696E-017  -1.1524540199166229E-014  -2.2822617954616485E-017  -2.4562823152738363E-014  -2.8947531854541442E-016   1.0170056898780420E-016   2.0306583442747160E-016  -3.8868711031584121E-016  -5.0438901473241615E-017  -2.7266503642729462E-016  -7.6735784631676071E-017  -2.7251525642983830E-016  0.17082605299610620       -2.1050055112379142E-016  -1.4774714862589057E-016  -4.7141434600922892E-017  -6.6058181420664783E-017  -4.0078625349118939E-017   1.8930001851440832E-017  -1.1932672192997210E-016  -4.0392372084797705E-017  -3.3712892064868423E-017  -1.1275892301542597E-017  -9.8085811004978457E-017  -7.7219722133046486E-017   2.6163627953860426E-017  -6.5086131384022113E-017   3.2863119832603462E-017  -2.0286564557966407E-016   1.7367140930303301E-017  -1.6637620185186396E-017  -8.6144181660897901E-018   2.9737346420082325E-017  -4.9296215935478029E-018   5.4491878328989976E-017  -4.6189561516197831E-017  -2.7564019815546745E-017  -1.0300646136896014E-017  -5.0629363039867228E-016  -1.5180068613042098E-016  -1.9811750429683156E-017  -4.5496841641241379E-017  -1.2771108742462780E-016   2.2679950503949136E-017  -1.6340960078622680E-016  -2.0002193998582766E-016  -1.9236622519997809E-016   9.7972186642244052E-002   8.0856549652988574E-016   1.1130326755054272E-016
  -7.5731097329109062E-017  -1.8860631761894844E-016  -1.2523811767120294E-016   1.7648275608950351E-003  -5.4529724690826016E-015   4.7081396503923738E-017   5.1861467555693137E-017  -5.3512461667245693E-015  -2.6299061233982761E-016  -5.9228917621670529E-015  -4.1946901757419293E-016   4.5667845489150110E-016  -2.4820859458406126E-015  0.14377880130441686        2.1884115638865025E-016  -2.4297690562618336E-016  -7.7848000880094605E-017   2.0082909221850632E-016   2.0995854899363593E-017   2.2663333857520098E-016  -2.5020381352884196E-016  -2.7728516022930665E-019  -1.1457749641686423E-016   3.7919744303353469E-017  -3.2405582330306529E-014   2.8980410153022706E-016  -3.4732163494832344E-016  -3.3628726886601453E-014  -2.2030452279648410E-016  -3.1220675654960662E-014  -2.1784427261022618E-015   1.3811857511237937E-016  -4.7538709499740874E-015  0.31548963899917670        1.8284018455881387E-014  -1.2315527308276464E-016   7.1544498561837930E-017   1.1202264321707597E-014   5.0967972617007770E-017   1.0254719803002251E-014  -1.5993784810775694E-016   2.1589210394028226E-017  -4.2670535482272149E-017   6.5787842837688389E-017   1.8572558948506846E-014   1.9165971794931919E-016   1.0885091161442822E-014   1.8929658200488276E-016   1.8601839105739621E-014   9.9638831042120569E-016  -5.1490316049785165E-017   4.6404328936717500E-017   2.8518119064557134E-016  -5.0975995847119015E-018   2.8521399364696429E-016  -2.1818680018817262E-016   2.0779468354032941E-017  -5.0924857178802504E-017   4.8699363459611351E-017   1.2311335661806226E-014   1.3629640950435332E-017   4.3803090476781241E-017   2.6297174198846748E-014  -9.6492710625222849E-017   2.5262050568159060E-014  -7.3097399245840592E-016  -1.8109638192562147E-017  -4.1510094162580104E-015  0.15958192033033289        1.2351919822790202E-014  -5.4085565656194310E-018   3.8527176458617660E-017   4.5476885680780223E-015   5.7779860752002106E-017   4.7852274729770927E-015   9.8022995937355467E-018   4.9506781727868211E-018  -5.6893276687435521E-018   4.5426476911294263E-018   3.4931495972210206E-015   6.1211288599574803E-017   2.0301753982372089E-015   2.3035492213066451E-017   3.5331505668685462E-015   3.0091537491133821E-016  -3.7045197554431903E-017   7.2225519551824800E-018   2.1529743892838769E-016  -1.5963747290506168E-018   1.8865465980562220E-016  -1.0131379531414307E-016   9.3473722435044994E-018  -4.1225302671579664E-017   3.7853858803679146E-017   1.8633581358161317E-014  -2.8720698609159558E-017  -1.3261204105998853E-017   1.5647617079049850E-014   2.0415114933841812E-017   1.5761523706121138E-014  -5.7519077636522291E-017  -1.7112858973915142E-016  -2.1987564028224206E-015  0.19557361116533997        2.6515710136080462E-003
