   1.4267326140580366E-003  -2.3248597776300139E-016   9.6736816323270162E-011  -2.5922145307223468E-008  -1.4150426883616297E-009  -5.3159097860267337E-016   1.7905603881479870E-010   7.1040336878239838E-010   3.7348129900359518E-017   7.0463916998526821E-010   1.2190454649759767E-002  -6.7908212898192727E-016   2.0839029724686311E-010  -2.4711729090256121E-008   4.6749230955861380E-010   5.7080585986926426E-017  -1.7036236672760421E-011  -3.1369475780603152E-010   9.2927733443081420E-019  -3.1351318038992129E-010  -3.3013771151157791E-017   4.2584936234005958E-012   1.6131640382860562E-018   9.5239743336838026E-012   3.8137940934386809E-009   6.2193891486864579E-016  -2.0974957138576921E-010  -1.9095010491981787E-009  -1.5213411050814690E-017  -1.9042941478084072E-009   1.8883955459462153E-002  -2.0488403086664278E-015   7.0695159276851113E-010  -3.1302360157565764E-008  -8.4882385341306762E-011  -1.7791881348173569E-017   5.4179433337802542E-012   7.4626093831340069E-011   1.6049161822764654E-019   7.4480600824716682E-011   1.0569551287473097E-017  -1.8178610257042925E-012   1.8255882660055310E-018  -4.0629889274589301E-012  -3.1872226023952341E-011  -5.0372892748761888E-019  -1.8638192059687340E-011   3.5974749289064293E-019  -3.1789406088633237E-011   5.5685445008754115E-011   1.2467729323576658E-017  -3.7138780611509363E-012  -3.7413986797162652E-011  -9.2072029544204777E-019  -3.7300315302365065E-011  -5.0635766663587268E-018   9.2915670672974554E-013  -3.1647941502687997E-018   2.0756027477389245E-012   1.0914833678799942E-009   2.0581360437402098E-016  -6.6343628625255667E-011  -5.4660647050293112E-010  -5.3052254870808126E-018  -5.4487690673234476E-010  -1.7181075292259141E-008   1.4757840967514953E-002  -1.6748805351351859E-015   5.5867321970575993E-010  -5.0289888118403979E-011  -9.1455335152501537E-018   3.1382347661751501E-012   4.4210665549358689E-011   3.9432369269389639E-019   4.4129875664165427E-011   7.8150122039416498E-018  -1.0529040286067728E-012   5.7588304104881960E-018  -2.3534461997839876E-012  -1.8881481157033718E-011  -2.0231185876248298E-019  -1.1042494449171162E-011  -6.6829132018877152E-019  -1.8835761288654897E-011   1.0767629544660622E-010   1.4611541550206775E-017  -4.4836337979727170E-012  -7.2268481514982159E-011   3.1686906241588926E-019  -7.2196093850885690E-011  -3.8827586631114167E-018   1.1210302988710787E-012  -2.7834444183070322E-018   2.5063341599297122E-012   1.3025734370571668E-010   3.8374358827779330E-017  -1.3203962217023304E-011  -6.5331729245639288E-011  -1.1885944381779442E-018  -6.4925308252829675E-011   8.0383452826613116E-003  -9.0221858013960664E-016   3.0450697971501504E-010  -2.2916438661939806E-008  -2.3215100787917955E-010
  -2.3248597776300139E-016   1.4267370390773832E-003  -1.0625191092440973E-017  -1.6457075629198634E-015  -7.2562352360131796E-016   5.7362949786931987E-009   2.4013228537375900E-017   7.4996455479865305E-016  -1.2540283104542358E-010   6.6246030352501859E-017  -1.4070102981077343E-016   1.2190464182127339E-002  -6.9642950446582165E-017  -2.0778250713546096E-015  -4.4058643129387650E-017   4.7530873567647393E-010   2.0274229316468188E-018   6.4837359485258538E-017  -1.4999730088897736E-011  -1.4409551124829860E-017  -2.6586594612302968E-010  -2.4993927836015049E-018  -1.1861488740640376E-010  -5.3330780729517021E-019   7.0042379388346625E-016  -2.9858697552119568E-009  -1.7053358293171753E-017  -3.3820592330282406E-016   6.5274980691235499E-011   1.7461812338313446E-017  -1.3492606535147767E-015   1.8883987797464068E-002  -1.0892040570408442E-016  -1.7629065863042485E-015  -1.4560407935621315E-017  -7.3181359187971665E-011   8.4957823091358764E-019  -3.2102251384053477E-017   3.2205106696317573E-012  -1.5588311652483160E-017   5.4931929715789389E-011   5.0129376291439749E-020   2.4484160086537425E-011  -6.1064256119007581E-020  -3.7410898522532906E-017  -1.2008874687620475E-012  -2.3563065662365938E-017  -1.1995481605006489E-012  -4.7764603116733362E-017  -1.8524057226643611E-017  -2.0346206752937207E-011  -6.5087640230499188E-018  -1.5722357768725979E-017   6.4204990300382250E-013  -1.5177388726036766E-017   1.1377791304489663E-011  -3.7827190857846798E-018   5.0761544422157450E-012  -9.5524358040744437E-018   2.0065869078656210E-016  -1.1432502329166105E-009  -1.9570090685238795E-017  -1.6768313560515980E-016   2.4992934649343023E-011  -5.1299942695877313E-017  -1.1916622165695886E-015  -1.1040733812722372E-015   1.4757866522841123E-002  -1.1547946952411404E-016  -3.5617103964225814E-019  -4.6630392757218366E-011   5.0137096666936668E-018  -1.4300512466080722E-017   2.0520760321986281E-012  -8.9512472345737528E-019   3.5002056687010948E-011   2.3908738565653387E-018   1.5601053946338019E-011   5.4298265306401799E-018  -5.1647588484938016E-018  -7.6519141072836522E-013  -2.7941040709857283E-018  -7.6433881411188711E-013  -4.0479048204902534E-018  -1.1043696778934089E-017   8.3905552971559885E-011   1.6221556032764097E-018   7.8565346251261176E-018  -2.6478802657126435E-012  -5.5935591524426545E-018  -4.6932911890914704E-011  -1.7095371330279829E-019  -2.0938897874144478E-011   6.9332295961785400E-019   4.6595554083598560E-017  -3.7814111644164584E-010   1.5611555766141166E-018  -5.3936886005972098E-017   8.2666529271360778E-012  -9.2980413581343917E-018  -6.0524545440793687E-016   8.0383592116894022E-003  -5.6782920526947695E-017  -1.5140473117914291E-015  -3.2539699848252826E-015
   9.6736816323270162E-011  -1.0625191092440973E-017   1.4267370369634329E-003   5.6669163926576275E-010   2.4813877776109699E-010   3.1705309168670276E-017   5.7296391186542932E-009  -1.5530333486515100E-011   3.8763972946957301E-016  -2.3260837186113302E-010   2.0839062202059685E-010   5.0671876389535844E-017   1.2190464177572906E-002   5.4023037614165164E-010   1.3014704043792672E-011  -8.4805412193805265E-018   4.7511397890550106E-010   4.2584969369830593E-012   4.3727778479420959E-017  -2.1719555942466518E-011  -2.1071847826256776E-017  -1.1899119377222630E-010  -2.4974858405020645E-017  -2.6543729719046082E-010  -1.9643408567075123E-010  -5.3234445072064063E-017  -2.9798574428310743E-009   4.1744202410859924E-011  -2.3948209239477248E-016   1.5468995564016499E-010   7.0695187398432706E-010   8.4351190228676355E-017   1.8883987782006124E-002   6.8431019631003833E-010  -2.3771073957436681E-012   1.2727810052514269E-017  -7.3142338398853293E-011  -7.0121253024892319E-013  -3.7838916499121218E-018   4.8769394857484537E-012   1.4672450379663441E-017   2.4594319975016023E-011   1.8400394955136111E-018   5.4810875490027563E-011   6.9676449297983287E-013   1.7061784188834748E-017  -5.2275016681933214E-013   1.6838866685475712E-017  -2.4787468533161048E-012  -2.2119455158585152E-012  -2.9199016849882296E-017  -2.0238652234165955E-011   9.2915401368482801E-013  -1.6403585568359454E-018   2.0384666041387957E-012  -6.7745511534167640E-017   5.0700355991484551E-012  -2.5124123785415154E-017   1.1309690412251647E-011  -6.7150258972573776E-011  -2.1947610970410787E-017  -1.1412534833333054E-009   1.1949471498804173E-011  -7.9408450276381992E-017   5.5200755971978207E-011   3.7560065952312879E-010   5.5867352325111559E-010  -3.8096653454775367E-017   1.4757866510632857E-002  -1.5976611837293761E-012   9.5971974636669115E-018  -4.6598688280073447E-011  -3.7376846573992894E-013  -4.0831680811450255E-018   3.1803069519389300E-012   8.4394788110223735E-018   1.5668932192336462E-011   6.1337520037033337E-018   3.4919756282289597E-011   4.1282093162256291E-013   6.4087608533272883E-018  -3.5129470973398427E-013   6.5045008495114971E-018  -1.6104686131355788E-012   1.7476253846710276E-012  -4.3011689764112505E-018   8.3903767934336897E-011   1.1210276743910280E-012   8.0437934434823004E-018  -3.4657221874586591E-012  -8.6991875204396278E-018  -2.1013064853843560E-011  -5.2962057954618154E-018  -4.6874561410173881E-011  -1.7165850444129807E-011   2.8738821418734276E-018  -3.7767174061287709E-010   1.4282554642438482E-012  -2.3814047666504554E-017   1.5737623163062075E-011   3.0450712046388440E-010  -1.6449965511432809E-017   8.0383592050351452E-003   5.0098310130765583E-010   5.0749371248826964E-012
  -2.5922145307223468E-008  -1.6457075629198634E-015   5.6669163926576275E-010   1.8797967084990549E-005   1.0912488720533982E-010   1.6012184297894518E-017  -4.1329932045458894E-012  -5.4601950483437100E-011   2.5054848260734728E-018  -5.4523620838499886E-011  -2.1955855714403956E-007  -1.3952771994543731E-014   4.7998341565934534E-009   1.5641396237166473E-003  -4.6075124127544885E-011  -7.6624722367750912E-018   2.7043808165769494E-012   3.0945078375361750E-011   9.6626278873721919E-019   3.0871162274432553E-011   7.3803319217741419E-018  -6.7650033325250105E-013   1.8479266314440602E-018  -1.5114941843729255E-012  -5.9447391346136543E-011  -1.0303980304579307E-017   2.2514669669849452E-012   2.9743830064185512E-011   1.1874689753714025E-018   2.9700902534482373E-011  -3.3978277978137451E-007  -2.1575477792923278E-014   7.4280912432832402E-009   3.6245817662723359E-003   7.5137083867044808E-013   1.8968064452123033E-019  -6.2122400504259077E-014  -6.6063863309542169E-013  -3.9769449279457320E-020  -6.5823647190130339E-013   8.2307797832447240E-019   2.0854480939265762E-014  -2.2959414529261762E-019   4.6579240512304567E-014   2.8257986055120808E-013  -9.6438371430237646E-019   1.6499644485187154E-013   3.8403502344690568E-019   2.8129988116707676E-013   1.1552379473424786E-010   2.0759444767742989E-017  -6.7806804391884012E-012  -7.7588395265237646E-011  -9.2783669129177789E-019  -7.7403076171703635E-011  -1.1536882285154189E-017   1.6961805108143370E-012  -4.5522206715694834E-018   3.7897544511600144E-012  -7.7046589496998866E-011  -1.0666868097643451E-017   2.9180505268655285E-012   3.8550636832575663E-011   7.3821743008829840E-019   3.8495895921426184E-011   1.8395943210304463E-003  -2.6530581726057174E-007  -1.6847002017887868E-014   5.7999284495822889E-009   1.1004850945102084E-012   1.0755192853035678E-018  -9.1005627284455916E-014  -9.6790830437093049E-013   5.3411030174284437E-020  -9.6452531238789244E-013   3.3975289172649545E-019   3.0549815429400330E-014   2.6959705266917932E-019   6.8234626047408385E-014   4.1381733615199810E-013   1.7192278340374093E-019   2.4166084301098428E-013  -3.2486840774182415E-019   4.1154228174544689E-013   1.2381678189388899E-011   1.5944210523326037E-018  -7.2674338161157236E-013  -8.3158132433765889E-012  -3.6983801937038254E-020  -8.2959505250540744E-012  -9.4791931381390551E-019   1.8179470001946097E-013  -8.9548956594159421E-019   4.0618149060625590E-013  -1.2941670671124850E-011  -1.5378538197125873E-018   4.9016026776268265E-013   6.4758282095825090E-012  -4.0127480554159451E-019   6.4664388314012412E-012  -1.4445085304937551E-007  -9.1730547662850356E-015   3.1578825604419337E-009   2.2172811073716426E-003  -5.3557009798518439E-004
  -1.4150426883616297E-009  -7.2562352360131796E-016   2.4813877776109699E-010   1.0912488720533982E-010   2.0844955939841505E-015  -2.2908041150817306E-021   7.9475351948337095E-016  -1.0264600084925980E-015   1.0840074114127965E-022  -1.0580394882699308E-015  -1.2090561046714227E-008  -6.1999430599120102E-015   2.1201716403399121E-009   9.1518857635897757E-009  -7.3122992855387218E-016  -3.4368460460111844E-022   1.1536649970695077E-016   4.9309000877545042E-016   2.0030095991441717E-023   4.8795892306202606E-016   2.0657148337083569E-022  -2.8880428604461225E-017   6.5955840263555126E-023  -6.4462760394725326E-017  -4.1632264157673331E-015   8.3461058461795809E-022  -2.9710370354419744E-016   2.0744912705852639E-015  -5.2413294292375560E-023   2.0887203796152418E-015  -1.8729210567554356E-008  -9.6041982459828517E-015   3.2843121978161833E-009   2.1190575827483921E-008   8.8153090680063167E-017   5.7571378071485454E-023  -1.8456600254537663E-017  -7.7987234229896226E-017  -2.8118751255338707E-024  -7.6858776324271924E-017  -3.1553707445039333E-023   6.2019784719749455E-018  -1.5118134990342238E-023   1.3833933617266357E-017   3.3379422150241408E-017  -1.0827134364847356E-024   1.9356324981010711E-017   5.7652832835007541E-024   3.2737538763271219E-017   6.2102008281079558E-016   1.1494570750930313E-022  -3.9551566409427826E-017  -4.1717365102847076E-016  -5.5171067806875913E-024  -4.1600802931633684E-016  -7.7251950070151269E-023   9.8949312419507840E-018  -3.1537156749035386E-023   2.2105347275783038E-017  -1.5464699979291948E-015   3.1215677994537042E-022  -1.1555889083596256E-016   7.7049237321369557E-016  -1.8549024707968090E-023   7.7597793263383106E-016   1.0810835545317079E-008  -1.4636906196913702E-008  -7.5056960560920190E-015   2.5666951738875099E-009   5.6061257935243762E-017   3.9860377664430842E-023  -1.1751311551925951E-017  -4.9596298259760235E-017  -1.7821409304519467E-024  -4.8878177146218638E-017  -2.2540657065780514E-023   3.9487924074564068E-018  -1.1145297770641518E-023   8.8080514434861018E-018   2.1228229192821760E-017   2.8539369124250020E-024   1.2309795210378782E-017   5.0068513366912151E-025   2.0817645089843227E-017  -3.3126701873065230E-017  -4.8982280857107269E-023   1.4733417114982814E-017   2.2598810977794927E-017   2.2466855841006773E-024   2.1846976252758063E-017   2.0048049615406785E-023  -3.6892866983024720E-018   7.8900017806610375E-024  -8.2315577055974898E-018  -2.0678794561811039E-016   1.4612619244370429E-022  -4.9763177317278196E-017   1.0238007779396264E-016  -8.4760518544217285E-024   1.0441153375426808E-016  -7.9724738720205056E-009  -4.0882251447703128E-015   1.3980352555934948E-009   1.2968953792192757E-008  -7.5466052079307125E-011
  -5.3159097860267337E-016   5.7362949786931987E-009   3.1705309168670276E-017   1.6012184297894518E-017  -2.2908041150817306E-021   2.3063170844614485E-014   1.5360257647031237E-022   2.7032808254270438E-021  -5.0419075858923111E-016  -4.8265706026874343E-023  -4.5420723644809434E-015   4.9012604678081522E-008   2.7089983907028034E-016   1.3470752996299744E-015  -3.9076891909298752E-022   1.9110116574481462E-015   2.7389235916048794E-023   4.0434372858574824E-022  -6.0307452623740614E-017   8.5017352659410538E-023  -1.0689324311207626E-015  -1.4863307216319604E-023  -4.7689936154430215E-016  -1.2894837740032523E-023   1.3397916501336733E-021  -1.2004895937187203E-014  -5.4702579215448804E-023  -6.2189248031113624E-022   2.6244257611449244E-016   8.0862732356442156E-022  -7.0360250370680787E-015   7.5924379485056247E-008   4.1964500332204891E-016   3.1181216936489696E-015  -2.6323186255423957E-023  -2.9423071788712897E-016  -2.8155060953585142E-025  -1.5745643628773109E-022   1.2948285967947207E-017  -9.0880770446969441E-023   2.2085762405269371E-016   1.4432925884662196E-024   9.8440259637996445E-017   2.5262861677699342E-024  -1.3827997598969777E-022  -4.8282511551604359E-018  -8.7662628823963817E-023  -4.8228663736306161E-018  -1.8001028333641780E-022   4.3586582487994337E-024  -8.1803331963528704E-017  -3.1082893884064434E-023  -1.1616781590836997E-022   2.5814060571751294E-018  -1.1383460453900168E-022   4.5745197146319014E-017  -1.3979348641773251E-023   2.0409030143899566E-017  -3.5659796780233324E-023   3.3193713002105502E-022  -4.5965166606386892E-015  -7.6800592103866871E-023  -4.3690377744488600E-022   1.0048582296885225E-016   3.1292262433107691E-023   1.5938818159342204E-015  -5.4986646542022069E-015   5.9335023422355012E-008   3.2795310921030874E-016   1.8222705270016386E-023  -1.8748072034401658E-016   1.7874379029737144E-023  -7.4814889367758219E-023   8.2505136664913771E-018  -2.0805589864477344E-023   1.4072819063243087E-016   1.0379621491317293E-023   6.2725116796974115E-017   2.3542931034962159E-023  -1.3362794989946059E-023  -3.0765050088964941E-018  -6.9181601711552655E-024  -3.0730770852107257E-018  -8.9363702554326806E-024  -7.3633780626644906E-023   3.3734808097957010E-016   9.4203266476225934E-024   5.1253109369583060E-023  -1.0645985809838065E-017  -2.9354189529613908E-024  -1.8869701945174067E-016  -1.4126906876934827E-024  -8.4186287623468401E-017   1.1679433222875883E-024   1.2750477506035003E-022  -1.5203425214813014E-015   3.2173437943069271E-024  -1.8701811236371926E-022   3.3236650046734953E-017  -7.3859177388729828E-024  -2.9950292051148872E-015   3.2318779368596173E-008   1.7863051144740279E-016   1.9086670666053119E-015   1.5853462025756078E-016
   1.7905603881479870E-010   2.4013228537375900E-017   5.7296391186542932E-009  -4.1329932045458894E-012   7.9475351948337095E-016   1.5360257647031237E-022   2.3033067824876414E-014   3.8876120408470647E-017   1.5587609962479339E-021  -8.3362921395042790E-016   1.5299085109732584E-009   2.0517684873386847E-016   4.8955735022960592E-008  -3.4661832686914831E-010   1.2115591374774369E-016  -1.7232375207629366E-023   1.9052742770492416E-015  -2.9130839056685825E-017   1.7525417068208366E-022  -1.3341702503599121E-016  -9.4841707083041124E-023  -4.7717272937566237E-016  -1.0252890160587961E-022  -1.0644402109892862E-015  -2.9710343535492884E-016  -1.8379394613241162E-022  -1.1993642424001060E-014  -7.8569035116004118E-017  -9.6282602722117891E-022   3.7567322380659743E-016   2.3699478753676018E-009   3.1783496707749756E-016   7.5836283932534279E-008  -8.0257140974056837E-010  -2.0364890218711921E-017   4.7630417399288486E-023  -2.9303894764531850E-016   6.6954482784305322E-018  -1.5107890935848286E-023   2.9077982043403427E-017   6.1010758395219181E-023   9.8535684035227225E-017   8.0751322812335332E-024   2.1959502940268290E-016  -1.2642252500505551E-018   6.8630505923465453E-023  -4.4748426155704533E-018   6.7550389558550619E-023  -1.4006097955022383E-017  -2.7521231155267061E-017  -1.2066039631597763E-022  -8.0238411101386569E-017   1.6247472381068354E-017  -6.4718991096308372E-024   2.0675521644437904E-017  -2.7005282250294997E-022   2.0101120038480765E-017  -1.0015777167823144E-022   4.4838434134550324E-017  -1.1555875545125050E-016  -7.9228403071180833E-023  -4.5921394172134820E-015  -2.9181812714839754E-017  -3.1924455514037558E-022   1.4474042896532245E-016  -4.0944937973336841E-010   1.8521179736160071E-009   2.4838810170987083E-016   5.9266176609246777E-008  -1.2972174569559672E-017   3.6404118788609054E-023  -1.8672177611842242E-016   4.2626748903897874E-018  -1.6327324576945759E-023   1.8524609314527121E-017   3.5403557174178789E-023   6.2785995635860642E-017   2.5563561070790481E-023   1.3992386024242813E-016  -8.0380668651329180E-019   2.5655163649433809E-023  -2.8503428201131461E-018   2.6088425074033530E-023  -8.9229000718589766E-018   1.7753160010513288E-017  -1.4365374714084634E-023   3.3654987478736584E-016  -2.7016443329320332E-018   3.2305299547937977E-023  -2.1116964572569227E-017  -3.5979029126886922E-023  -8.4286559714763218E-017  -2.1796623670155132E-023  -1.8802034778353654E-016  -4.9763181125641786E-017   1.0319714328831811E-023  -1.5184576215675363E-015  -3.8774612476818587E-018  -9.5595395561719796E-023   5.3640643823195318E-017   1.0088171878322180E-009   1.3529279788197475E-016   3.2281279679208929E-008  -4.9118587795357252E-010   2.8566403660414066E-012
   7.1040336878239838E-010   7.4996455479865305E-016  -1.5530333486515100E-011  -5.4601950483437100E-011  -1.0264600084925980E-015   2.7032808254270438E-021   3.8876120408470647E-017   5.1359912666364598E-016  -5.8669115168067884E-023   5.1286283989671286E-016   6.0699054018612527E-009   6.4079197681742014E-015  -1.3269595734660701E-010  -4.5792567030838368E-009   3.6764710416344496E-016   3.0030591304744008E-022  -2.1579090466227119E-017  -2.4692032774772132E-016  -1.0758907571470977E-023  -2.4633054236933974E-016  -1.7711493194238462E-022   5.3979930867054066E-018  -6.7065610108103821E-023   1.2060675063951990E-017   2.0744988548820183E-015  -1.2303097120569689E-021  -7.8569324958106295E-017  -1.0379899340611610E-015   2.5667364949668122E-023  -1.0365015290106470E-015   9.4027511503583007E-009   9.9263711123050186E-015  -2.0555626208022356E-010  -1.0602960724338281E-008  -4.4430433063312745E-017  -4.7711691058869311E-023   3.6750703516902998E-018   3.9092412205901735E-017   1.9924350780220893E-024   3.8952242337587474E-017   3.1818927931181481E-023  -1.2336918524456547E-018   1.4347069540667878E-023  -2.7555336976162079E-018  -1.6701683386185638E-017   1.5143127156550673E-024  -9.7559283312783369E-018  -1.9273393968612681E-024  -1.6622148799832776E-017  -3.1081083830544120E-016  -6.5234232034512592E-023   1.8243005949253398E-017   2.0874648738298600E-016   2.8082364580601281E-024   2.0824790409457263E-016   3.6572839690875428E-023  -4.5634829703011829E-018   1.5238355554567762E-023  -1.0196133410406641E-017   7.7049511827872788E-016  -4.6753722396508451E-022  -2.9181658847036058E-017  -3.8552322384444855E-016   1.0003793210857130E-023  -3.8497205092342973E-016  -5.4093326174172647E-009   7.3482641533043761E-009   7.7574747362992943E-015  -1.6064252770045560E-010  -2.8256097038761825E-017  -3.1873915426044790E-023   2.3371921798545635E-018   2.4861078655766838E-017   1.1379500903001782E-024   2.4772224083204696E-017   2.1425589440448403E-023  -7.8457363291718159E-019   1.0283819035491894E-023  -1.7524034682698564E-018  -1.0621729886343887E-017  -1.1478865389699404E-024  -6.2044421373301058E-018   3.6337627899244232E-026  -1.0570262448834473E-017   1.6887238375039781E-017   4.6958437870206646E-023  -9.9122477723229275E-019  -1.1342261058843844E-017  -1.2292208681254676E-024  -1.1315177205692628E-017  -2.3426923215766174E-023   2.4794829340132586E-019  -1.0033754695828848E-023   5.5398661460610611E-019   1.0237821055804457E-016  -1.7537445815058795E-022  -3.8774934178091821E-018  -5.1226870147415996E-017   4.6676381910916799E-024  -5.1153172052044508E-017   4.0024745110925523E-009   4.2253647164475468E-015  -8.7499252762909186E-011  -6.4891728143001594E-009   3.7738893781861537E-011
   3.7348129900359518E-017  -1.2540283104542358E-010   3.8763972946957301E-016   2.5054848260734728E-018   1.0840074114127965E-022  -5.0419075858923111E-016   1.5587609962479339E-021  -5.8669115168067884E-023   1.1022262409706934E-017  -5.7693831252155851E-023   3.1911415377967159E-016  -1.0714789609619770E-009   3.3121087347629342E-015   2.0382775441129151E-016   1.3661757872978850E-023  -4.1777187696057683E-017   1.2881399269733901E-022  -8.7342033048415819E-024   1.3183989526889521E-018  -8.8318066659104282E-024   2.3368246151337021E-017  -3.2086221535803934E-023   1.0425637154907476E-017  -7.2018569281869192E-023  -2.2894243935282359E-023   2.6244255961744685E-016  -8.1331395306784736E-022  -5.0171399216726738E-024  -5.7373343167027256E-018  -5.4608387535979562E-024   4.9433271013521588E-016  -1.6598051822924503E-009   5.1307169342272907E-015   4.7341055620448986E-016  -1.4898651467987336E-024   6.4322642298979931E-018  -1.9813496498279467E-023   4.4982713917149562E-024  -2.8306628644507185E-019   4.5588519957104355E-024  -4.8282334533044342E-018   6.6329280268079391E-024  -2.1520314581626985E-018   1.4797030052431559E-023   2.6801313549537403E-024   1.0555181805155173E-019   1.4627062016450995E-024   1.0543409975952448E-019   2.7293931566023990E-024   1.7495484081521253E-023   1.7883266908783245E-018  -5.9049558130280723E-024  -9.4264929902110738E-024  -5.6432876770334958E-020  -9.1459411945428403E-024  -1.0000492042868085E-018   1.9547096742873217E-024  -4.4616780840000108E-019   4.4591711858491640E-024  -1.7247886781043005E-023   1.0048580213056628E-016  -3.0971496583273967E-022   8.6492432488007319E-024  -2.1967501195723716E-018   1.0209206283026342E-023   2.3673281792616607E-016   3.8632182796715815E-016  -1.2971403920035057E-009   4.0096634532135274E-015  -1.5776896051410996E-024   4.0985711482616772E-018  -1.3030942626550343E-023   2.1882180773212696E-024  -1.8036690498071040E-019   1.9739040740757719E-024  -3.0765003506170526E-018   4.0234185047073094E-024  -1.3712522199785670E-018   8.9574974717318868E-024   1.2507381020837727E-025   6.7256380518112918E-020  -1.0784065083621012E-025   6.7181441670520733E-020  -5.2190953033945914E-025   5.8206013724105977E-024  -7.3748655813059474E-018   2.2445073173294310E-023  -3.3230887837432934E-024   2.3273502579530659E-019  -3.3827079026028855E-024   4.1251610206520133E-018  -5.6419564024014459E-024   1.8404211851711241E-018  -1.2679935175165974E-023  -7.1051437771229433E-024   3.3236654854861325E-017  -1.0302853377787662E-022   4.2970362751927983E-024  -7.2659617851697171E-019   4.2706859509919397E-024   2.1042294731781688E-016  -7.0653033775429780E-010   2.1839955723970142E-015   2.8922511722159389E-016  -2.6330889479422552E-016
   7.0463916998526821E-010   6.6246030352501859E-017  -2.3260837186113302E-010  -5.4523620838499886E-011  -1.0580394882699308E-015  -4.8265706026874343E-023  -8.3362921395042790E-016   5.1286283989671286E-016  -5.7693831252155851E-023   5.4517859311060681E-016   6.0206543666027205E-009   5.6602599786649924E-016  -1.9874750642696914E-009  -4.5726874507939406E-009   3.6358450154421865E-016   7.3557478607181263E-023  -9.3787484619115855E-017  -2.4617080681152013E-016  -1.0223593587297093E-023  -2.4162950504584646E-016  -4.6337292799408673E-023   2.3482454366775392E-017  -6.4214680882551780E-024   5.2402127465386057E-017   2.0887293496691171E-015   2.0611914492574494E-022   3.7567281598388338E-016  -1.0365022342504338E-015   3.0890336420637040E-023  -1.0522197415564029E-015   9.3264574370756401E-009   8.7681820074153985E-016  -3.0787549772841963E-009  -1.0587750072603838E-008  -4.3722676676844560E-017  -1.4506144774588153E-023   1.4781527924051905E-017   3.8894838639163853E-017   1.0239219656269422E-024   3.7906550811228552E-017   3.2225223806043275E-024  -4.9682859532902530E-018   2.3256304415877948E-024  -1.1078398437476641E-017  -1.6677745857808245E-017  -5.0781923417998094E-025  -9.6004008358950944E-018  -3.9141263527168522E-024  -1.6115397179717826E-017  -3.1021357679499547E-016  -5.1004095615057533E-023   2.1308813757252629E-017   2.0843007328242716E-016   2.7496780313827293E-024   2.0776302796297728E-016   4.1401886775945234E-023  -5.3315116332882884E-018   1.6621289377648868E-023  -1.1909355434391566E-017   7.7597766825127727E-016   8.2793015100378936E-023   1.4474038863667204E-016  -3.8497054571448347E-016   1.0132095549349044E-023  -3.9100727397646985E-016  -5.4015725379680777E-009   7.2886404961329773E-009   6.8523474723006040E-016  -2.4060518971552764E-009  -2.7805197300160909E-017  -1.0947162262523922E-023   9.4141201176891255E-018   2.4735251533584082E-017   7.7447898239598477E-025   2.4105985053510815E-017   3.3374304668232982E-024  -3.1642190235541626E-018   1.8520207107265790E-024  -7.0556485351919754E-018  -1.0606512947148086E-017  -1.7546431860389207E-024  -6.1053610674187289E-018  -5.8554433137460671E-025  -1.0247396303396969E-017   1.6238972044168984E-017   7.3511606089341534E-024  -1.3742159420696454E-017  -1.1256219736186295E-017  -1.1855840522604270E-024  -1.0531469875114246E-017   3.9903450393617415E-025   3.4413301695208848E-018   8.1431127151499030E-025   7.6775526943886275E-018   1.0441018183245096E-016   5.2391977491750447E-024   5.3640635479218188E-017  -5.1153431557900067E-017   4.3332771892931527E-024  -5.3258584594972974E-017   3.9699985180424797E-009   3.7323572574536066E-016  -1.3105355948456692E-009  -6.4798636612488105E-009   3.7686522835407321E-011
   1.2190454649759767E-002  -1.4070102981077343E-016   2.0839062202059685E-010  -2.1955855714403956E-007  -1.2090561046714227E-008  -4.5420723644809434E-015   1.5299085109732584E-009   6.0699054018612527E-009   3.1911415377967159E-016   6.0206543666027205E-009  0.10415909968263329        9.9682070406870632E-015  -3.5011883172885772E-009  -4.9169373904646062E-008   3.9943973522831940E-009   4.8771442302679459E-016  -1.4556291923231347E-010  -2.6803040085642678E-009   7.9401024494929796E-018  -2.6787525501055185E-009  -2.8207969018248236E-016   3.6385897664718715E-011   1.3783447998983382E-017   8.1375806917885429E-011   3.2586256777563243E-008   5.3140379155703885E-015  -1.7921651466539969E-009  -1.6315377782919755E-008  -1.2998787582433978E-016  -1.6270888424158493E-008  0.16135048737855720        6.9238078025693811E-015  -2.1414148537265552E-009   1.0753932213588274E-007  -7.2526186535659153E-010  -1.5201955398157311E-016   4.6292646517873966E-011   6.3762887790128673E-010   1.3712902909768810E-018   6.3638573747235459E-010   9.0309728448195827E-017  -1.5532387995946436E-011   1.5598414018244289E-017  -3.4715481234973997E-011  -2.7232634969765060E-010  -4.3041182047950754E-018  -1.5925058992563071E-010   3.0738341508555940E-018  -2.7161870873505316E-010   4.7580603069635665E-010   1.0653037007385382E-016  -3.1733242891647735E-011  -3.1968497983605847E-010  -7.8670278893785483E-018  -3.1871371590355532E-010  -4.3265893754811859E-017   7.9391824041592793E-012  -2.7041478311923879E-017   1.7734994291480955E-011   9.3259710904943954E-009   1.7585339707545447E-015  -5.6686014594810239E-010  -4.6703745429058171E-009  -4.5329414025565233E-017  -4.6555966275159109E-009   4.4666702348579869E-008  0.12609566030146008        4.7811794455575419E-015  -1.6206352550907915E-009  -4.2969259282113774E-010  -7.8142301844236943E-017   2.6814081015933937E-011   3.7774980731553462E-010   3.3692373156126165E-018   3.7705951179913771E-010   6.6774003445974898E-017  -8.9963486069092895E-012   4.9205310730165657E-017  -2.0108596627923863E-011  -1.6132930330435303E-010  -1.7285995265746663E-018  -9.4350539412251641E-011  -5.7101253568731172E-018  -1.6093865765002917E-010   9.2002162042673697E-010   1.2484589918689417E-016  -3.8309697802190078E-011  -6.1748563474093789E-010   2.7074193849772238E-018  -6.1686712757249714E-010  -3.3175685569164269E-017   9.5784655976853729E-012  -2.3782733772597974E-017   2.1414974661369356E-011   1.1129586276176491E-009   3.2788201526306805E-016  -1.1281861531922736E-010  -5.5821429677466729E-010  -1.0155726047926305E-017  -5.5474171443995042E-010   6.8682164171542687E-002   2.6901866210775038E-015  -8.8096250810045018E-010   3.3714670371120890E-008   5.1263529170272497E-009
  -6.7908212898192727E-016   1.2190464182127339E-002   5.0671876389535844E-017  -1.3952771994543731E-014  -6.1999430599120102E-015   4.9012604678081522E-008   2.0517684873386847E-016   6.4079197681742014E-015  -1.0714789609619770E-009   5.6602599786649924E-016   9.9682070406870632E-015  0.10415893952807750        6.1359677468836478E-016  -7.7699339583632324E-015  -3.7644997507906688E-016   4.0611787309196075E-009   1.7322951479508168E-017   5.5398953181002610E-016  -1.2816214017162552E-010  -1.2311956607965857E-016  -2.2716374529366957E-009  -2.1355565092595357E-017  -1.0134807583953147E-009  -4.5567673498347538E-018   5.9846316256702368E-015  -2.5512156274394206E-008  -1.4570942202080160E-016  -2.8897332230588282E-015   5.5772878414941117E-010   1.4919735470253938E-016   5.7753285086792269E-015  0.16135038942395441        9.4164100865683481E-016   7.8548874005766776E-015  -1.2440851479507583E-016  -6.2528322567223782E-010   7.2590455662009096E-018  -2.7429108753764752E-016   2.7516997800584543E-011  -1.3319109089500579E-016   4.6935469067831958E-010   4.2832115342130483E-019   2.0919992149178210E-010  -5.2174910334148044E-019  -3.1964983386722503E-016  -1.0260738505938018E-011  -2.0132983379701363E-016  -1.0249295059148435E-011  -4.0811495526183036E-016  -1.5827423893426268E-016  -1.7384402161748723E-010  -5.5612858379679931E-017  -1.3433702062453834E-016   5.4858646907826684E-012  -1.2968064217032465E-016   9.7215221565141028E-011  -3.2320660850634716E-017   4.3372168252387629E-011  -8.1618815586839173E-017   1.7144878162255684E-015  -9.7682688777681428E-009  -1.6721281044404319E-016  -1.4327346597681247E-015   2.1354704216979427E-010  -4.3832215517640680E-016   2.1617522752293657E-015   4.0894274430230479E-015  0.12609558616887712        4.7650617200314722E-016  -3.0432698104765132E-018  -3.9842389812280542E-010   4.2838619226182369E-017  -1.2218778354482987E-016   1.7533545905345042E-011  -7.6481766813361563E-018   2.9906794781168826E-010   2.0428335738128629E-017   1.3330002945690314E-010   4.6394049175714160E-017  -4.4129245053217428E-017  -6.5380222349787124E-012  -2.3873661958968808E-017  -6.5307373967567369E-012  -3.4586513348513412E-017  -9.4360429482624173E-017   7.1691391627627860E-010   1.3860177215147700E-017   6.7128433761300042E-017  -2.2624273887643185E-011  -4.7793154658805026E-017  -4.0100871127528253E-010  -1.4606789275530046E-018  -1.7890815024543287E-010   5.9239575058163802E-018   3.9812627519463344E-016  -3.2309497892845442E-009   1.3338929067168313E-017  -4.6085276764466109E-016   7.0632733050441732E-011  -7.9445245171487225E-017   2.1943286622112376E-015   6.8682123873744991E-002   3.1180844388432686E-016   1.1588043309140362E-015   7.7267353974041394E-015
   2.0839029724686311E-010  -6.9642950446582165E-017   1.2190464177572906E-002   4.7998341565934534E-009   2.1201716403399121E-009   2.7089983907028034E-016   4.8955735022960592E-008  -1.3269595734660701E-010   3.3121087347629342E-015  -1.9874750642696914E-009  -3.5011883172885772E-009   6.1359677468836478E-016  0.10415893960457802        1.0749055675991350E-009   1.1120139122460927E-010  -7.2460258877696712E-017   4.0595146770882299E-009   3.6385925977428655E-011   3.7362309889930921E-016  -1.8557825852098289E-010  -1.8004412018425812E-016  -1.0166960329699330E-009  -2.1339260059688628E-016  -2.2679749526086641E-009  -1.6783925761439960E-009  -4.5485117067372949E-016  -2.5460785237623519E-008   3.5667560008241862E-010  -2.0462059834291114E-015   1.3217175945067301E-009  -2.1414167495719076E-009   1.0005494259226008E-015  0.16135038947066377       -2.3509492659070680E-009  -2.0310675162584166E-011   1.0875018851867679E-016  -6.2494982338312706E-010  -5.9913985655265101E-012  -3.2330691808341301E-017   4.1669985872218265E-011   1.2536576005625338E-016   2.1014116120651983E-010   1.5721842916824754E-017   4.6832036966421067E-010   5.9533755449758735E-012   1.4578094397501022E-016  -4.4665246830561072E-012   1.4387626738442181E-016  -2.1179134761176022E-011  -1.8899804152412798E-011  -2.4948510851266916E-016  -1.7292502714095964E-010   7.9391593951342182E-012  -1.4015707084906868E-017   1.7417454536958724E-011  -5.7883770541050869E-016   4.3319882844374862E-011  -2.1466794903467147E-016   9.6633337973139592E-011  -5.7375201612775250E-010  -1.8752697659741460E-016  -9.7512080461335197E-009   1.0209997594501194E-010  -6.7848933683065599E-016   4.7165177102194457E-010  -9.7647151178715344E-010  -1.6206360208940242E-009  -1.0682319887551685E-016  0.12609558620428812       -1.3650871467949215E-011   8.2001301301616477E-017  -3.9815300726608761E-010  -3.1936055238839197E-012  -3.4887798760096095E-017   2.7173468421841178E-011   7.2109405274192888E-017   1.3388000184660150E-010   5.2408592563845852E-017   2.9836474995303698E-010   3.5272716541018052E-012   5.4758352130085313E-017  -3.0015619007496432E-012   5.5576384331068785E-017  -1.3760314003320511E-011   1.4932154249871310E-011  -3.6750471267167796E-017   7.1689866879539584E-010   9.5784431736701597E-012   6.8728555530206971E-017  -2.9612107392824728E-011  -7.4328433504968614E-017  -1.7954185600713861E-010  -4.5252349656996836E-017  -4.0051014993398834E-010  -1.4667014237492712E-010   2.4555282025569564E-017  -3.2269393020145932E-009   1.2203451964052491E-011  -2.0347428148139063E-016   1.3446693121459042E-010  -8.8096313530067926E-010  -2.1438894145722513E-017   6.8682123892993274E-002  -7.3704631064519173E-010  -1.1206698198932331E-010
  -2.4711729090256121E-008  -2.0778250713546096E-015   5.4023037614165164E-010   1.5641396237166473E-003   9.1518857635897757E-009   1.3470752996299744E-015  -3.4661832686914831E-010  -4.5792567030838368E-009   2.0382775441129151E-016  -4.5726874507939406E-009  -4.9169373904646062E-008  -7.7699339583632324E-015   1.0749055675991350E-009  0.13131132013534103       -3.8719654312277303E-009  -6.2797897474577428E-016   2.2726512937380181E-010   2.6004981648969344E-009   8.2128845928404607E-017   2.5942865356862486E-009   6.0534825579852660E-016  -5.6850316463804949E-011   1.6709595076674525E-016  -1.2701981976215524E-010  -4.9706587104659431E-009  -8.2707908670646656E-016   1.8825504823265764E-010   2.4870100675711725E-009   1.0596302596413660E-016   2.4834204674594197E-009  -4.8615694607585890E-008  -9.3695243827715721E-015   1.0628023173560628E-009  0.30401948914035659        6.2829864608807752E-011   6.2213340243669478E-018  -5.1945809776067991E-012  -5.5240934461223855E-011  -5.2878308790500202E-018  -5.5040065704702406E-011   6.1226021944947939E-017   1.7438173562806604E-012  -1.6630705091298242E-017   3.8948941037852836E-012   2.3630169113340556E-011  -7.3381188436286009E-017   1.3797444191495691E-011   3.7527791671240063E-017   2.3523220375173610E-011   9.7093236359078459E-009   1.7518497553958330E-015  -5.6988970610112702E-010  -6.5210014336290350E-009  -8.4017621430344516E-017  -6.5054261215936346E-009  -9.2455385435068474E-016   1.4255733400467173E-010  -3.9928958359868238E-016   3.1851405594953592E-010  -6.4910792615868487E-009  -8.7872408342347032E-016   2.4584223818145361E-010   3.2478482897884578E-009   3.6694111155718695E-017   3.2432362077148705E-009  0.15517892590549093       -1.7989281024037501E-008  -5.7723298042611975E-015   3.9326762905452906E-010   9.2745581868596103E-011   7.6333768651598612E-017  -7.6696652618041000E-012  -8.1572092359419439E-011   5.2737634711452273E-018  -8.1286922209477252E-011   2.1546256687657493E-017   2.5746291931828284E-012   2.0378845084169501E-017   5.7505931610538975E-012   3.4875387494796837E-011   1.6690027474211599E-017   2.0366603824650180E-011  -2.3835240551206721E-017   3.4683817064048449E-011   1.0538622596799500E-009   1.2759481649867772E-016  -6.1856497823138899E-011  -7.0779758389062411E-010  -2.6067237467343941E-018  -7.0610697407127544E-010  -8.9216987341569932E-017   1.5473387697975152E-011  -6.5104768634272224E-017   3.4572000784619179E-011  -1.0690406598382052E-009  -1.2335830615884390E-016   4.0489580381167570E-011   5.3493700812808483E-010  -1.7353994560222926E-017   5.3416118963769114E-010  -5.6102947859510619E-009  -2.9920568618762569E-015   1.2264794971678841E-010  0.18607264748854452        3.1113294782927525E-003
