   3.8321057982618179E-004  -4.7443392423493714E-016  -5.9932043222441831E-016   2.2430214488894000E-013   3.6926916119236705E-014  -6.3733050546128416E-013  -6.4784515250641334E-013  -1.8948774563013200E-014   1.1636822397453270E-016  -1.7999023335361133E-014   5.3559905380751944E-003  -3.1357348933611451E-015  -2.4374546075791959E-015  -9.8177042426555390E-013  -4.1076060773191543E-014  -4.8361016419289098E-019   5.8694051132652930E-017   1.0671053863732942E-013   1.1427909062611145E-017  -4.8319966617747044E-014   5.6409657803078238E-018  -1.6401965415945111E-017  -1.0637926523409069E-017  -1.6024843690706792E-017  -5.7641554117150267E-014   1.8280282010379101E-012   8.2376079662806131E-013   2.9526505782846339E-014  -1.7441069425331518E-016   2.8038245028964234E-014   1.0796773936978137E-002  -9.1247617286179308E-015  -6.9002312231991405E-015   1.2861991372542296E-018   1.2081053451396138E-017   1.1590892594624122E-017   2.5780085801893921E-018  -7.2121466403079746E-018   1.2264320481503576E-018   7.6581375659805282E-018  -8.9333851067216687E-018  -4.7732120956869064E-019   1.5341638749214449E-017   5.3439847411499039E-019   8.7220832063781044E-018   4.5387157732458411E-018  -4.0943530194201471E-018   4.7228600716755552E-018  -1.1432721721703204E-012  -3.9952164420252689E-014   2.5740931099439298E-017  -1.5873110811797110E-017   9.0002043675995016E-014  -1.8328245999125052E-017  -2.9074159179245478E-014  -1.8384236969417095E-017   9.2597136842292558E-018   3.2424617047040383E-018   6.0993830131252941E-018   5.5194293163742135E-014  -2.8118070469071008E-012  -5.7271645255513575E-013  -2.8320367955269261E-014   1.8763301712162810E-016  -2.6800435502212938E-014   8.7717818329319016E-003  -5.5934132191975136E-015  -4.0851076673023358E-015  -3.4089329314793805E-018   4.5567615506249027E-018   2.2768210484522765E-018  -2.2241460067750027E-018   4.1365406264405932E-018  -2.7478179800296956E-018   5.6374724868808986E-018   1.2646865511018842E-017   4.1753835348979743E-018   4.0660116962467019E-018  -2.9339154854270832E-018  -5.3657088016597303E-018  -1.6312407008592447E-018   2.0646960768031829E-018   5.3614125031748154E-020  -1.0571730191464975E-012  -9.9414023974539078E-016  -7.8041806602306946E-017   1.0303025710967507E-016   2.2488437140341764E-014   1.3903404791972663E-016  -2.2355403012263048E-014   4.5925136899567491E-017  -2.5925706446484935E-017   1.7120793048178294E-017  -6.1332166451636638E-017   9.8829180649554724E-014  -8.1742880096121194E-013  -1.7768933788091187E-012  -5.0429447861583617E-014   2.6147879633484168E-016  -4.8408309931443078E-014   5.9889284232123837E-003  -5.5257418502893843E-015  -5.2438310088325841E-015   2.7682235768565597E-004   1.2458338062305554E-014  -2.6750242605057165E-015  -7.7665848650860932E-006  -8.5208420024889002E-016  -2.9408833534928875E-015  -1.6052816671430043E-012  -3.7890334373392187E-013   9.0712122594020838E-013  -1.2545354608957707E-011  -1.5190190631968606E-011  -4.6332546957750960E-013   2.4640713249171842E-015  -4.4379846847937347E-013  -8.1849829342459841E-014   1.9405244991618110E-015
  -4.7443392423493714E-016   3.8321058020658686E-004   7.9571895777040212E-016   1.6391348484214065E-012   3.6778623318505756E-013   3.2303770626689943E-014   1.8594539198054348E-017  -7.3529602007248068E-013  -6.4832681338630333E-013   3.6776612993138479E-013  -1.9488193288997438E-015   5.3559905406378901E-003   3.0078369976951781E-015  -9.2133788344464307E-011   3.8708508015817881E-017  -6.9580919198610245E-014   1.1686363291534069E-017   2.2563469532028339E-017   3.4662487037628847E-017   1.6466824991589881E-017   1.2514224470345482E-013   1.8187395706312442E-017  -9.9284824951755302E-014  -1.6369849931658501E-018  -1.0543544167194656E-012  -5.0388753141963690E-014  -1.2240487010084322E-017   2.1105548031775457E-012   8.2455922112812500E-013  -1.0543052342588077E-012  -7.2057106797553860E-015   1.0796773942880410E-002   1.1807715322974820E-014  -1.3305860171978315E-016   5.1922171781504121E-018   1.8625903301173546E-018  -8.5275184050429177E-017  -4.0794131777291708E-018  -7.4402743789822830E-017   3.1780741032751237E-018  -6.7111904181315678E-018  -1.1504461731215220E-018   5.6797199441143392E-019  -1.3778168404875778E-016  -1.6881823773403733E-018  -8.2933691708891531E-017  -4.5690967129571059E-018  -1.3899127047133511E-016  -2.7590109314644419E-010   5.3468403359126355E-017  -6.1480382867117927E-014   2.0744853907902504E-017   4.8686604200126846E-017  -1.5893125315130822E-017   2.0803052828449457E-017   1.0078998776190537E-013   1.6704849410605809E-018  -7.3754600062394966E-014   7.3765125853828547E-017   1.6223794473842155E-012   4.7703964974256213E-014  -2.3630436882110809E-016  -3.2460232814778075E-012  -5.7365143997042267E-013   1.6226429176160290E-012  -3.5730200288310089E-015   8.7717818363385307E-003   6.2468274214725227E-015  -5.2562220814085267E-017  -1.4379421800796434E-018   2.6349999670493022E-018  -2.7353704280434835E-017  -7.2487869126826663E-019  -3.1799079308411844E-017   4.5153459076347226E-019   4.5822958502407109E-018   1.4014716284843039E-018   1.2861638248502657E-018  -5.3362673195063525E-017  -1.3846486093097531E-018  -3.2647890030392076E-017  -1.9758415175528852E-019  -4.1130274539173531E-017  -1.2217000760362643E-010   2.4639324147508563E-017  -9.0253164120146525E-015  -4.2711129779950223E-017  -9.0134442329944600E-017   8.2121033187359334E-017   1.8989597562617159E-017   3.0259475829320447E-014   1.9179648370586148E-016  -3.1367326377704448E-014  -9.9066582140140674E-017   4.7029815227998226E-013   8.3395278917368336E-014  -1.2235522833608777E-015  -9.4219951897131654E-013  -1.7788299761902543E-012   4.7186229404664773E-013  -4.4509379257012982E-015   5.9889284280342106E-003   7.0624154475257639E-015   1.3346872341349710E-014   2.7682235865004556E-004   1.7242205385575033E-016  -3.8433538180322405E-016  -7.7665845447196453E-006  -3.1869860990797311E-015  -2.2200308600454781E-010   4.5020233097238146E-011   7.2288722746436126E-012   7.6900081485968660E-013  -9.8954485878513840E-015  -1.4470326890685613E-011  -1.5207430592754794E-011   7.2414771284709996E-012   7.9639393072254130E-012   8.8838615343271595E-013
  -5.9932043222441831E-016   7.9571895777040212E-016   3.8321057955534912E-004  -6.5422821983662350E-012   3.7433984875424824E-013   4.4034541765421926E-017   3.2164751156881451E-014   3.7430294401140706E-013  -6.3694652563963472E-013  -7.4869421033827890E-013  -5.2157733701599480E-015   4.7331504220391470E-015   5.3559905364856360E-003   4.0125305087280627E-011   7.4129798867660824E-018   1.9745097771749312E-017  -7.6788284389624346E-015   4.8114815197619748E-018   1.0012178700553473E-017   4.2732133631967153E-017  -7.7488443047377288E-018   1.1745772080313534E-013  -8.4463334119095183E-018  -8.3852099040211545E-014  -4.7613947834493738E-013  -6.2494805068312289E-017  -5.0197304742754740E-014  -4.7617986796880255E-013   1.8273604178967988E-012   9.5211552525204798E-013  -1.1231141542514210E-014   1.5047822708847299E-014   1.0796773932620910E-002  -5.2317516381637585E-017   1.3470969829310082E-018  -7.5359776804760124E-018  -5.6718761120275351E-017  -1.0741885806820368E-017  -3.9554056183505164E-017   3.9302535424755556E-019  -4.4420944079077913E-020   2.7574362598722989E-018   9.3381477125180528E-018  -6.1841769771869721E-017   5.1754428351251340E-019  -4.7116200591403445E-017  -1.1887381823202310E-017  -7.1558594699423255E-017   6.8978758403083740E-011   7.9096370356924018E-017   4.5212292351359687E-018  -1.6165976978595651E-014   4.1954168751834463E-017  -2.1078742203051062E-018   8.4907351761295418E-018   2.4810302473047647E-017   9.1306410376082299E-014  -1.8712617436763992E-017  -6.1560494561055235E-014   3.3019155489770174E-013  -1.4328745549496069E-016   4.8156400485500176E-014   3.3016933708834559E-013  -2.8109519351231710E-012  -6.6250174909887755E-013  -8.1536172659504700E-015   8.8255965374428454E-015   8.7717818302905232E-003   6.9809617586358540E-017  -1.7358007219744102E-018   5.5804120118048708E-018   4.3463084003951989E-017   8.2586716808284152E-019   2.8514475840200258E-017   3.6114523181943931E-018   7.4667909408744645E-018   1.6383426100382125E-018   1.8652842604097030E-018   4.9396494798685410E-017  -9.2679967101852533E-018   3.3693447189308384E-017  -6.6110441423711546E-018   5.2556413851807137E-017   4.4713541607998962E-011  -4.4198640675223847E-017  -4.0858611720786146E-017   7.1786061412940798E-015  -1.7676378815509099E-017  -4.7236889705113604E-017   1.2252025681569888E-016  -1.0357415140503728E-016   2.9474869062168664E-014   1.8950856686975334E-016  -2.8247146837112093E-014   1.0256363999563089E-012  -1.1368261214813227E-015   8.6620177929022177E-014   1.0249065397730868E-012  -8.1603906488492719E-013  -2.0505249468489056E-012  -7.3024298203419466E-015   8.8306630527502634E-015   5.9889284208923281E-003   3.3100564907627561E-015  -4.9010565144735283E-015   2.7682236081360678E-004  -8.2686372172631259E-015   4.3890105791824192E-016  -7.7665846698051324E-006   7.1738879934729843E-011  -3.0255358105381599E-012   8.7688269293845271E-012  -8.9413243027065415E-015   7.9440522987542799E-013   8.7632072309789598E-012  -1.2532440737428085E-011  -1.7532039113429381E-011  -2.7691620045814105E-013  -1.7823288994341922E-013
   2.2430214488894000E-013   1.6391348484214065E-012  -6.5422821983662350E-012   2.5111615416795019E-005   1.3870065104799849E-014   3.6199236110405320E-016  -7.5274205817353410E-017  -4.5158804494030466E-014  -5.2896617599145063E-016   2.9138818529628067E-014   3.2785444716684732E-012   4.5589435682799466E-011  -9.8278245796091815E-011   1.6490967148792544E-003  -9.3305956564034659E-018  -1.0386241942140414E-017  -8.7497511400233044E-019   1.9644846637238982E-018   8.7721123827573851E-018   1.9958226689635684E-017  -3.4014489579336238E-018  -1.5916915119525384E-017   2.0367180868586878E-017  -1.2820407961352153E-017  -1.5624982316129146E-013  -6.7064876452792955E-016   2.0682623645667533E-016   6.0601540503124898E-014   1.0412299498166202E-015   7.2142864028690718E-014   6.5199107717070666E-012   8.1065311016911874E-011  -1.9497111433200738E-010  -1.6578126144873217E-014   6.5590314774350078E-018  -5.9944623989564727E-018   1.5345433972163299E-014   1.2433102429881669E-017   3.0145371646920238E-014  -1.0769689199092661E-017   6.4835596813796876E-018   7.0007063306780733E-018  -1.4692772960607246E-018  -4.5195076053745159E-014   1.3300274024531445E-017   7.9883887570296487E-014  -2.3203303687688746E-017  -5.3522440688697164E-014   4.6288155405257480E-003   2.3579756245073317E-017  -7.7387795126598310E-019  -1.1549556415880322E-017   3.0846502508040879E-018  -5.8000588562135883E-018  -1.8917455441982640E-018   7.3959859414739184E-018  -7.2638003630057407E-018  -1.0889115130521430E-017  -1.3182276717365997E-017   3.9421042687840675E-013   1.5175622565355416E-015   4.4311489086292782E-016   1.1229037647238373E-012  -3.6531038223252324E-015  -1.4127135043186168E-012   5.3410896973732371E-012   7.3192283709518075E-011  -1.5988558012899229E-010   2.0640625404809010E-013  -2.2758193967664387E-018  -9.1427781258501090E-019  -2.1704311010043392E-013  -6.9050869497841167E-018  -1.4899248258225389E-013   8.4071419548949950E-018  -6.7261714261376867E-018  -8.3486305363488679E-018   8.0935184500563927E-019   2.0776778670424911E-013  -3.2101590799837925E-018  -1.5226595380229603E-013   5.8244377356137533E-018   1.6925478872268179E-013   2.4358249893916169E-003   4.2460807787629701E-018  -3.2703828935567468E-018   2.7260793885380217E-018   1.8624547649945946E-018   3.1424353967372858E-018   5.8294057246772751E-018  -1.2122704944255894E-018   1.4895022783755523E-019   5.0898410817717211E-018  -3.5892255269505377E-018  -2.3572499673045734E-012   5.6712007581465439E-015   3.3172775249273074E-015   7.1793377121696971E-012  -1.5422040978959042E-014  -4.8217494660853221E-012   3.5900729531219666E-012   4.1326462635005367E-011  -1.0807076207253793E-010  -3.0118743857448898E-012   1.3056134522649377E-010   3.0639464611629253E-011   3.5631409014445432E-013  -2.5136138389471862E-011  -4.9788253070269466E-013   4.3999027354501528E-003  -1.0896269868713481E-003  -1.8502243054917267E-011   4.6950757820226830E-014   2.6780612576540098E-014   5.7563816064522057E-011  -1.2678860358383584E-013  -3.9061265157256229E-011   6.8338266190843045E-005  -1.0798817582691551E-005
   3.6926916119236705E-014   3.6778623318505756E-013   3.7433984875424824E-013   1.3870065104799849E-014   1.8211712089166923E-007  -1.9425338911174110E-018  -3.8129360414767881E-018  -9.1058561197504556E-008   1.2185436923207868E-018  -9.1058559695867566E-008   5.1112929913165894E-013   5.1273681811394399E-012   5.1799853802718763E-012   1.4748286058117174E-012   3.0438578833862846E-017  -4.8838931507016223E-015   2.4920006290605429E-016  -1.9868387556815251E-017  -2.9856955513380774E-020  -1.9901768130756213E-017   2.7297445651443154E-015  -6.1740846336568106E-017   1.2203152012836747E-015  -1.3917574062272180E-016  -7.0497159625152111E-009   1.4333305392658099E-019   1.0446739606378108E-018   3.5248591142110989E-009  -1.9674685383799286E-018   3.5248568519876708E-009   1.0328901488267933E-012   1.0319476965718422E-011   1.0466696174389859E-011  -8.1757248801597961E-017   2.2744593040129320E-019   2.2261942877480176E-019   1.2480469163805535E-017  -1.6550518375007809E-020   1.1371834222547939E-016  -1.0797092662623143E-019  -2.7186332335177969E-019  -2.0295970342790449E-019   1.4022579727228789E-019  -4.0155396576624473E-017  -6.0194809209932109E-019   3.5316423642863115E-017  -3.2294075784634724E-019  -1.0236919283462790E-016   3.9674917637404328E-012  -4.9968792446694983E-017   8.8351644723407962E-015  -5.4079801676076426E-016   3.3987101590389151E-017  -3.4912036787478357E-021   3.4451486481820885E-017  -4.9420683032023333E-015   1.3488729584974586E-016  -2.2100276840862535E-015   3.0302885423752735E-016   1.1362386472046892E-005  -1.0053085913872791E-016  -2.1677441364964012E-016  -5.6811932611423226E-006   2.6304608515447235E-017  -5.6811932111411436E-006   8.3788419396644865E-013   8.3510850888279727E-012   8.5073822610355160E-012   1.3749871618090128E-016  -2.5096857974739920E-019   9.3163353033864549E-020   3.4229803748381777E-017   7.9784306649817762E-020  -2.4965414548637117E-016   7.5581364300084068E-020   4.0045892262261419E-019  -9.5959829288138391E-020   1.7748351524910792E-019   1.2427524712528004E-016  -1.4301166206846812E-019  -2.3706202402754171E-016  -2.7000825364561814E-019   2.7872961708292240E-016   2.2937006769243668E-012   2.9485711231351619E-017  -6.3243710210010894E-015   6.6249888032225187E-016  -1.9322968938707242E-017   1.3388497957811985E-019  -2.0120144784937846E-017   3.5348498763351469E-015  -1.6524933751253669E-016   1.5807548748257815E-015  -3.7022239490834944E-016   7.1045542758534942E-005  -6.2740522449064656E-016  -1.3398388859867219E-015  -3.5522771524599738E-005   1.2656634904214023E-016  -3.5522771233926531E-005   5.7309562173428463E-013   5.8105158843846090E-012   5.7711719536351375E-012   1.5393668806624550E-013  -1.2473322448600821E-011   3.9437706680161378E-012  -2.8273604737676519E-015   2.6594705235678672E-014  -3.3142336503233172E-014   3.9184362968005509E-012   2.9477461642367990E-012   5.6568977808861423E-004  -5.0069999668338361E-015  -1.0680651255464082E-014  -2.8284489020754519E-004   1.0673758664154328E-015  -2.8284488788114825E-004   1.1536205615923003E-013   1.7765478843285149E-015
  -6.3733050546128416E-013   3.2303770626689943E-014   4.4034541765421926E-017   3.6199236110405320E-016  -1.9425338911174110E-018   1.8211712157076408E-007  -1.7179139206495574E-018   1.1311488057849526E-018  -2.4542411010428518E-018  -3.0697862494810329E-019  -8.8850336007431348E-012   4.4730886826391612E-013   6.6923236667388060E-016   2.3418230809772617E-014   3.1529176703314206E-015   3.1615085492385814E-017  -6.4721030384727139E-019  -5.6402699443144756E-015   2.0753662744061392E-016   1.4112020576044637E-015  -2.0592481938903954E-017   4.2196841437796956E-019  -8.1335256357340387E-018   3.1714370213591927E-019   2.0946143242295336E-018  -7.0497171388919217E-009   4.3358615872549041E-019  -1.0630047163736078E-018   3.2485792316830313E-019   3.4231922629338525E-019  -1.7882305580679242E-011   9.0381963231251710E-013   1.3158589312384444E-015  -2.5959834164965281E-018   5.4757556225928642E-018  -4.5879189998172855E-019  -1.3348399920994228E-018   5.4387034725061797E-019  -4.4200311905453211E-019  -5.2447791496171562E-017   5.8276346289657328E-019   5.7359217826448419E-017   7.8680982172251947E-020  -1.7150414288564613E-018  -1.3369950728854731E-019  -5.8699050052374081E-019   3.2295271338677354E-020  -3.0182082889753359E-018   6.5810695454921008E-014  -5.7039721735648134E-015  -5.5478448796046445E-017   5.7985638758972490E-019   1.0204808544337245E-014  -4.5047144285753547E-016  -2.5511799932893091E-015   2.8398619534509671E-017  -8.4274432885326730E-019   1.1546604643669425E-017  -6.7084013183048300E-019  -3.1180365612324599E-017   1.1362386495607597E-005  -9.8518454090742642E-017   1.3167970371098308E-017  -1.1723243568847743E-016  -1.5241918545584075E-017  -1.4471296041810957E-011   7.3318693666076799E-013   1.0868574232571479E-015  -7.0129280008210130E-020  -1.4860746218177435E-017   3.9199451437494216E-019   3.6044271918375555E-019  -5.7970897788788902E-019  -1.0106263411764806E-018   8.3649515334944685E-017  -3.9080919239729555E-019  -9.8930440018511639E-017  -2.1346888109749826E-019   8.9744448918773451E-019   4.2257441559772949E-019  -4.7592176186310985E-020  -1.7554004734130332E-019   3.9081440924667436E-019   3.4982887625978140E-014   4.0827849127551026E-015   3.0837526019163917E-017   4.7292318629209795E-020  -7.3032257401460143E-015   5.5183155359043144E-016   1.8256900333493877E-015  -1.7708641054443684E-017   3.6805583572099251E-019  -7.6769276145355183E-018  -2.8457149593382902E-020  -1.2844890182169413E-016   7.1045542892097469E-005  -6.0379208153296896E-016   1.5841501581581350E-016  -7.2938773439659597E-016  -3.2845616116869924E-017  -1.0068881393830487E-011   5.0148704727243093E-013   7.1734884874821365E-016   2.1616934012148113E-011   1.1284344132747677E-013  -2.9630300839509049E-015  -4.6358451277581042E-014  -1.3252645919177214E-015   1.7121285713855651E-015   6.2253547163537869E-014   1.7526052466460689E-015  -1.0281008240199099E-015   5.6568977914221285E-004  -4.8284390900327987E-015   1.2822868999310318E-015  -5.8115124001337466E-015  -2.5342251126297886E-016   7.6572991040200060E-016  -3.7748617047195833E-015
  -6.4784515250641334E-013   1.8594539198054348E-017   3.2164751156881451E-014  -7.5274205817353410E-017  -3.8129360414767881E-018  -1.7179139206495574E-018   1.8211712083521702E-007   3.8905801877238642E-019   7.1521732666314560E-019  -2.6509365704078012E-018  -8.9645226750992550E-012   3.1208078765274511E-016   4.4521370495245937E-013  -5.9634139100591627E-015  -1.5995657970178027E-016  -9.2163835549920735E-019   3.2116724700348821E-017  -7.1873394193822294E-017  -4.0702393578877545E-015   2.8656330753880304E-016  -1.4782212932420767E-018  -8.0800539151230578E-018  -5.1387189993752840E-019  -1.8415874390998425E-017  -2.0127664957849474E-017   3.2722119130668601E-018  -7.0497162411473187E-009  -2.3649370516748540E-017  -9.4297913151078499E-019  -2.4378643961373565E-017  -1.8113819551736283E-011   6.0563666325140956E-016   8.9968157638235165E-013   1.1467163416165636E-017  -1.5189975816411029E-019  -4.2921994440561738E-017   5.2281546213154707E-018   1.6952986852121079E-019   6.5838113078439075E-018   4.8685191610411778E-020  -4.0951972665653174E-017  -3.4239031568863015E-019   7.1238927348238627E-017   1.0048904235156025E-017  -2.2970319737340519E-019   6.2472400628317017E-018  -1.7178562204655268E-020   1.0626309490111779E-017  -1.6971995084968930E-014   3.4789712138237719E-016  -7.8493490643108394E-019  -5.4014366944487834E-017   1.5650226016051775E-016   7.3643037777451069E-015  -6.2334849569111062E-016  -2.8358594049926900E-018   1.3300096471479390E-017  -1.4074906642457104E-018   3.1427051976433554E-017   2.3514274661689297E-017  -1.4792262613042903E-017   1.1362386472082566E-005   1.5540319837426046E-016   4.6537156574758400E-017  -2.2473419543081156E-017  -1.4723069363271749E-011   5.0798066133213916E-016   7.2978711619607079E-013   1.2267984353595700E-018   1.1439369890805309E-019   6.0939531113036055E-017   4.7628510180132774E-021  -1.3786463457577936E-019   1.4174194171193998E-019   5.4523454449221909E-020   5.4913857382802513E-017   2.9589870080316582E-019  -1.0641373314133013E-016  -1.3817879174606227E-018  -3.6312250620894253E-019  -2.6677403063121085E-019  -3.1249177796401648E-020   1.9399426783703372E-019  -9.0563788640904111E-015  -4.2707591815856887E-016  -4.3576556175216851E-019   3.0987917307657091E-017  -1.9164892735248958E-016  -5.2703549769080566E-015   7.6458007002156083E-016  -4.5979612062292796E-019  -7.7937329788815492E-018   1.1290454470797424E-019  -1.7301266464769081E-017  -1.4122278470675949E-016  -6.0745978508345858E-017   7.1045542748119310E-005   6.1684536477500445E-016   2.7855397405713913E-016  -4.6725387473817464E-016  -9.9875508249020258E-012   3.2064360906734248E-016   4.9922417094758872E-013  -6.8603426483341650E-012   1.6951111519180859E-015   1.2059476488631998E-013   6.7375197090823348E-014   1.4459443782921583E-015  -1.9340319571330097E-015  -1.5683251227630365E-014  -8.4540366553558136E-015  -1.1634454796399030E-015  -5.1286876514673603E-016   5.6568977800020058E-004   4.9054810025261062E-015   2.2302924042574032E-015  -3.7422602670300682E-015   3.9270607990386935E-016  -2.6127184072396355E-016
  -1.8948774563013200E-014  -7.3529602007248068E-013   3.7430294401140706E-013  -4.5158804494030466E-014  -9.1058561197504556E-008   1.1311488057849526E-018   3.8905801877238642E-019   1.8211712140420034E-007  -2.0935965740313580E-018  -9.1058560207806723E-008  -2.6234618762137266E-013  -1.0250801279821130E-011   5.1795010450140207E-012  -4.2197098143476528E-012  -1.5143621128517491E-017   3.6629992306702059E-015  -6.2852204758871609E-017   2.7184468057678224E-017  -2.6139162654145039E-019  -7.2195349407092366E-018  -5.4625615373983066E-015   2.4682209180060465E-016   3.6625361503288592E-015  -1.3875475034961422E-016   3.5248591019307250E-009  -1.1249145548254157E-018  -1.5151363803836774E-018  -7.0497167448189345E-009  -2.0123610748051181E-018   3.5248576292682973E-009  -5.3010074913355664E-013  -2.0631048935813107E-011   1.0465703427124661E-011  -6.8173222521598606E-018   3.4592993804413303E-019  -7.6010304839628738E-019   6.0882128185769211E-017   2.3843694908602943E-019  -1.0219248014320761E-017   4.7207514876387113E-019  -5.1331680524584896E-019   4.7350326036110626E-020  -1.0218010455675145E-018  -7.5741080243155492E-017   4.9308895573922709E-019   1.0285725900252071E-016   1.0636027579180373E-018  -2.5320501612446608E-017  -1.1555310550406484E-011   2.5375446161361514E-017  -6.6287525842163517E-015   1.3494596013178041E-016  -4.6326115618632705E-017   3.7136351107554717E-019   1.1826357067154969E-017   9.8787297634673446E-015  -5.3997324323013848E-016  -6.6283167978212034E-015   2.9769464230104964E-016  -5.6811932611127824E-006   4.3920888022055569E-017  -6.5371483340160364E-017   1.1362386489462772E-005  -1.1929456221154611E-016  -5.6811932279703356E-006  -4.2996738933786440E-013  -1.6695733935034172E-011   8.5065934547846336E-012  -1.2280942341867430E-017   8.3286639246854143E-019  -1.8620081251075704E-018   1.0183979264269756E-017   9.2378923823592407E-020  -2.4987386122504818E-017   3.6564290276405298E-019  -7.0133958916556947E-019   5.4807813648374863E-019  -1.7145143478265902E-018   5.6417263045847336E-017   1.0809971049729489E-018  -1.5726489355669557E-016  -1.7666251506367305E-019   9.0241159966406360E-017  -6.2116884754460904E-012  -1.4949532166206101E-017   4.7433383767771559E-015  -1.6666064359942049E-016   2.6495053255070193E-017  -1.4725966952131959E-019  -6.4610109997034797E-018  -7.0704968389718442E-015   6.6108722441614074E-016   4.7433524607418239E-015  -3.7065784645855459E-016  -3.5522771525660304E-005   2.7888917059203886E-016  -4.6749135570854449E-016   7.1045542859835001E-005  -7.4093925960063010E-016  -3.5522771334207250E-005  -2.9418187256768044E-013  -1.1616689248935811E-011   5.7705878602200918E-012  -4.7528549949108061E-014   2.4945140909236381E-011   3.9434869111332941E-012  -2.9170864187530634E-015  -5.0427910883330366E-014  -3.4132999618614812E-014  -1.1311271085410926E-011   3.2840970223618945E-012  -2.8284489021610128E-004   2.2332865569907957E-015  -3.6967307592942979E-015   5.6568977888364267E-004  -5.8919276106745730E-015  -2.8284488866756329E-004   5.9782427594265856E-014  -2.4170812176883547E-014
   1.1636822397453270E-016  -6.4832681338630333E-013  -6.3694652563963472E-013  -5.2896617599145063E-016   1.2185436923207868E-018  -2.4542411010428518E-018   7.1521732666314560E-019  -2.0935965740313580E-018   1.8211712145360378E-007  -1.2626202462649684E-018   1.6221290232255499E-015  -8.9712003640100636E-012  -8.8796902242330556E-012  -3.3058312525902328E-014  -1.3410495072920000E-019  -7.2497764142033058E-017   1.4095271687303281E-015   7.6261632946119791E-019   2.3220943353726683E-017  -7.4170696805351352E-019  -1.6114812871216057E-016  -5.6402597721632403E-015   2.8598377304662576E-016   3.1521938024299450E-015  -1.1162743845681487E-017   2.6300344853578834E-018  -1.6770110748028937E-018  -8.8854333872426739E-018  -7.0497169752031992E-009  -5.7296697490134757E-018   3.2689070055436043E-015  -1.8127300286675224E-011  -1.7871543104652953E-011   4.4939504734914953E-018   3.3660528895096972E-019  -4.2620890485901874E-019   2.2735230712472602E-018  -6.3425564487512346E-018   2.2447631768967472E-018   7.5152613287414213E-020   2.5529730926005193E-019  -9.1591687687891363E-020   1.4169072597478331E-019   3.8794468151058579E-018  -7.8040153774195699E-017   1.5244805877891007E-018   9.2389991853490497E-017   3.3845946306684596E-018  -9.3319651753291388E-014   1.4279673374548228E-019   1.5466975191583820E-016  -2.5511641678419584E-015  -1.4301970125916449E-018  -3.9045243844832686E-017   6.7216339376462727E-019   3.4574757502819289E-016   1.0203746684482053E-014  -6.2409911336559951E-016  -5.7052923762733087E-015   7.3268770776300975E-017  -3.8607988963853281E-017   2.5373921064050885E-018   7.5542807349881200E-018   1.1362386491861905E-005  -2.6123215290651884E-017   2.6421933528420586E-015  -1.4733941081844579E-011  -1.4462615305336536E-011   1.2768516128598571E-018  -1.1759199427706666E-019  -5.2950177784824313E-019   3.9545746137746482E-019   1.0509305967973762E-017  -1.4310140819189200E-019  -3.7117439872636105E-019  -3.1154751128852402E-019  -1.1543560888601640E-019  -8.1641803410580937E-020  -8.9567116773189999E-019   1.3729044987064745E-016   2.0417268516699384E-019  -1.2778674238690739E-016  -1.0037722003839660E-018  -4.9521950015837471E-014  -4.1717254680415108E-019  -1.9132701259046148E-016   1.8254034638050242E-015   4.7102419684044647E-019   2.2498926501145370E-017  -5.1793988619136446E-020  -4.2756735380717131E-016  -7.3028364585090103E-015   7.6435135231634375E-016   4.0822848082473282E-015   3.3713342693707260E-016  -2.2624528261310450E-016  -2.9603267224723428E-018  -7.7607823959696340E-017   7.1045542868839246E-005  -2.5694960454966977E-016   1.8238292964650311E-015  -9.9951100752065317E-012  -1.0062854760414893E-011  -5.1634112998283279E-015  -6.8370339648895849E-012   2.1592630104308958E-011  -2.2927048781806011E-015   6.6684745165717548E-014  -4.6760543105626870E-014  -8.7787537056206963E-014  -7.3186398718927118E-015   2.7280100521037385E-015  -1.8119213750727371E-015  -7.5997429083647327E-018  -6.1138835956516642E-016   5.6568977896048235E-004  -2.1156010377314432E-015  -1.7036821666188429E-015  -7.4407758760204418E-016
  -1.7999023335361133E-014   3.6776612993138479E-013  -7.4869421033827890E-013   2.9138818529628067E-014  -9.1058559695867566E-008  -3.0697862494810329E-019  -2.6509365704078012E-018  -9.1058560207806723E-008  -1.2626202462649684E-018   1.8211711990648815E-007  -2.4908431076228276E-013   5.1269999037020042E-012  -1.0360190958639207E-011   2.5910031793565955E-012  -1.5294957717599024E-017   1.2208939200136992E-015  -1.8634785816607212E-016  -7.3160804692756691E-018   2.9124871573637968E-019   2.7121303055204388E-017   2.7328169723737068E-015  -1.8508124541452359E-016  -4.8828513517565548E-015   2.7793049095263269E-016   3.5248568606504206E-009   1.0248729036837906E-018   7.0561723456624442E-019   3.5248576306508379E-009   4.0625790133417076E-018  -7.0497144813649015E-009  -5.0338676789883215E-013   1.0318778988061684E-011  -2.0933834398518089E-011   8.8574572934478362E-017  -5.7337586909089593E-019   5.3748362157724224E-019  -7.3362599343768835E-017  -2.2188643182942324E-019  -1.0349909734480114E-016  -3.6410422082831011E-019   7.8518012952352164E-019   1.5560937645723962E-019   8.8157524609475655E-019   1.1589648150364576E-016   1.0885913596725523E-019  -1.3817369065062936E-016  -7.4066199906149925E-019   1.2768969976903638E-016   7.1609444393937740E-012   2.4593346309127517E-017  -2.2064118882184073E-015   4.0585205667046434E-016   1.2339013955579869E-017  -3.6787254952392190E-019  -4.6277843513010965E-017  -4.9366614602606694E-015   4.0508594725263036E-016   8.8383444819959395E-015  -6.0072349647089998E-016  -5.6811932110403543E-006  -1.3165355091434223E-017  -9.6865099880616001E-017  -5.6811932283897651E-006  -4.0380612401416530E-017   1.1362386439287036E-005  -4.0839645664034098E-013   8.3505156914135690E-012  -1.7015147355665607E-011  -1.2521779469883849E-016  -5.8189781243691132E-019   1.7688447702532325E-018  -4.4413760799669530E-017  -1.7216322996888653E-019   2.7464154641838550E-016  -4.4122426827805943E-019   3.0088066522444015E-019  -4.5211830590245590E-019   1.5370308361094146E-018  -1.8069253135084524E-016  -9.3798544422527805E-019   3.9432693304116208E-016   4.4667076954073051E-019  -3.6897079403769172E-016   3.6825163012682244E-012  -1.4536179075795858E-017   1.5810326442592015E-015  -4.9583823675595646E-016  -7.1720842683675686E-018   1.3374861966270848E-020   2.6581155749126900E-017   3.5356469627023755E-015  -4.9583788682594732E-016  -6.3241073356906286E-015   7.4088024133379564E-016  -3.5522771233538963E-005  -8.7767818809747936E-017  -5.6251010946679050E-016  -3.5522771335668666E-005  -2.1955262790923721E-016   7.1045542569231481E-005  -2.7924853369863420E-013   5.8101651532509140E-012  -1.1542550581847948E-011  -1.0094603004625735E-013  -1.2461716345706789E-011  -7.8947947876722851E-012   4.9422358123108990E-015   2.9082627420357977E-014   7.8066273306463586E-014   6.9844128007332521E-012  -6.4495026355222760E-012  -2.8284488787780245E-004  -7.0013331983989949E-016  -4.4921263607028535E-015  -2.8284488867954838E-004  -1.8154587558772799E-015   5.6568977655745189E-004  -2.2825553962956122E-013  -1.5028596372091430E-014
   5.3559905380751944E-003  -1.9488193288997438E-015  -5.2157733701599480E-015   3.2785444716684732E-012   5.1112929913165894E-013  -8.8850336007431348E-012  -8.9645226750992550E-012  -2.6234618762137266E-013   1.6221290232255499E-015  -2.4908431076228276E-013   7.4864380040799761E-002   2.2425326383183130E-014   1.0238589269707655E-014  -4.2070703800906169E-012  -5.7382507919606649E-013  -2.2062677944242188E-018   8.1889668568661887E-016   1.4912526431127224E-012   1.5700331274431994E-016  -6.7559232782501201E-013   7.9281711016149128E-017  -2.2689087092301885E-016  -1.5273829150869585E-016  -2.2034099982157984E-016  -8.0483034476105504E-013   2.5647591760940469E-011   1.1478869009994985E-011   4.1237311364514534E-013  -2.4525842298249878E-015   3.9139338317457549E-013  0.15090797532813752        5.3187628409531254E-015  -7.1575890011877198E-015   1.3273701159303808E-017   1.6739572655410253E-016   1.6215689915390302E-016   3.5057045927829303E-017  -1.0243498029339128E-016   1.8285950743441677E-017   1.0696123363349967E-016  -1.2752569983892114E-016  -7.2767085758594042E-018   2.1695710579106041E-016   6.6465651756331512E-018   1.2351415944883331E-016   6.2544885102867656E-017  -6.0223918814888720E-017   6.3829643367348063E-017   1.0619218661971421E-011  -5.5833783712532736E-013   3.5447165125057594E-016  -2.1491626744563600E-016   1.2573619390702648E-012  -2.4829480058368480E-016  -4.0585375195688691E-013  -2.5590862402910451E-016   1.2785728010984002E-016   4.9373749824167346E-017   8.1367858077614772E-017   4.7279473216634532E-013  -3.5681506657071569E-011  -3.0133504339383987E-012  -2.4331996022262248E-013   1.8437339156754004E-015  -2.2844478374425102E-013  0.12260085671208856        2.9825169907942554E-014   1.5515101741836618E-014  -4.9557492563661556E-017   6.3428182320773141E-017   3.1025396722025325E-017  -3.1178846622201178E-017   5.8251253642444738E-017  -4.0110393557764159E-017   7.7481742210415791E-017   1.7934566054217051E-016   5.8458485634698829E-017   5.6238588258344645E-017  -4.1419428937015885E-017  -7.8551459264151458E-017  -2.4262078548006018E-017   2.8457996482407021E-017   1.6457360250489815E-018  -4.2205435880993951E-013  -1.4580833502113072E-014  -1.0842021040670613E-015   1.4331369014676331E-015   3.1539016823499306E-013   1.9339266753124836E-015  -3.1245368821747271E-013   6.3961837150161362E-016  -3.6186628063565128E-016   2.3602245094157396E-016  -8.5500598361985885E-016  -4.7895935437949699E-013   1.2116017562960294E-011   6.0700187760451008E-012   2.4579722417501758E-013  -1.3729386119301559E-015   2.3303971355687689E-013   8.3710161389089752E-002  -3.8044108572375050E-015  -2.3827140184102094E-014   5.0425170502879819E-004  -5.5223264905109426E-014  -1.9934182308536218E-014   1.6322232662156416E-004  -1.0022076412010232E-016   6.2162953721569766E-015   2.8981556162191787E-012  -2.3642924978309996E-013  -2.1402300400201775E-012   1.1516754705382600E-011   3.3977370869639137E-011   1.0965386948213656E-012  -5.4955369521711668E-015   1.0436550950461317E-012  -1.0577265338843050E-013  -4.9662551993022438E-014
  -3.1357348933611451E-015   5.3559905406378901E-003   4.7331504220391470E-015   4.5589435682799466E-011   5.1273681811394399E-012   4.4730886826391612E-013   3.1208078765274511E-016  -1.0250801279821130E-011  -8.9712003640100636E-012   5.1269999037020042E-012   2.2425326383183130E-014   7.4864380038082129E-002  -4.7535812102306849E-014   2.4159644286457882E-010   5.4277607138725562E-016  -9.7220237600722083E-013   1.6079364906630160E-016   3.1636374334328984E-016   4.8308747421784302E-016   2.3300021040226537E-016   1.7489292340392557E-012   2.4681014809596147E-016  -1.3877802415136798E-012  -2.1695856671374555E-017  -1.4792897056222862E-011  -7.0363713588637195E-013  -1.6900232481182197E-016   2.9611377444413675E-011   1.1490109121315800E-011  -1.4792163232023764E-011  -1.3373112342413481E-015  0.15090797533290934       -1.5260839499596021E-014  -1.8292303491052506E-015   7.4934522653438454E-017   2.9797013655590914E-017  -1.1738438288883698E-015  -5.9871973428889412E-017  -1.0248464898735049E-015   4.5456878321888100E-017  -9.8528767021226359E-017  -1.6698609838439388E-017   1.2947199473201069E-017  -1.8993264424825885E-015  -2.1718395045911638E-017  -1.1434502649195782E-015  -6.5389595153673864E-017  -1.9165549991953093E-015   4.2349239847936906E-010   7.5279892258597196E-016  -8.5912639411380683E-013   2.8922860772041264E-016   6.8070061212482937E-016  -2.1922818720657256E-016   2.9160985239157378E-016   1.4079688043568146E-012   3.5550438872266964E-017  -1.0300928311693193E-012   1.0223415894129791E-015   2.0591224787834913E-011   4.1394927965056955E-013   1.0714868316749664E-016  -4.1195390003658980E-011  -3.0206118627551798E-012   2.0590631090700315E-011   3.0867688954477253E-014  0.12260085669670451       -5.9347905326855440E-014  -7.3492428421218871E-016  -1.9967300408080187E-017   3.7302563369326558E-017  -3.8455232468137369E-016  -8.1812779054579846E-018  -4.4472492932650108E-016   8.0877898161490694E-018   6.9649971283629609E-017   2.1218784076187744E-017   1.7225905975431689E-017  -7.4838739621201822E-016  -2.1187889142475902E-017  -4.5964604263183631E-016  -2.5049920630927048E-018  -5.7957742942681447E-016   5.6686351003748583E-010   3.4257223870362662E-016  -1.2700561444352865E-013  -5.9467179515802612E-016  -1.2564586226022004E-015   1.1437996082885119E-015   2.6667007208349065E-016   4.2398626856179936E-013   2.6661970427711354E-015  -4.3902186229142315E-013  -1.3718362311607770E-015  -6.9893317412032891E-012  -4.0930768995661088E-013   4.3043352635597673E-015   1.3982831953102677E-011   6.0798264330493292E-012  -6.9940417339509498E-012  -7.3438618399657893E-015   8.3710161413077022E-002  -1.0728453792331965E-015  -5.9275068645489682E-014   5.0425172866027431E-004   4.0454285389749591E-014  -2.1844239192594921E-015   1.6322232878700595E-004   1.1251748939800944E-014   9.7600258415015358E-010   2.1623882188213537E-010  -6.6180889932118230E-012  -1.7973266509305805E-012   3.2099829486428834E-014   1.3271985329894784E-011   3.4029677493116884E-011  -6.6535834262402684E-012   7.0572387731815796E-011   1.0981910932440206E-011
