   8.7607226569112340E-003  -2.7146602495112349E-016  -3.1915732400138180E-016  -5.0818652579024862E-016   9.2360768481661970E-017   1.2158378821969069E-017  -6.4296006968225113E-017   7.3092332874543905E-017  -8.8643044819078126E-018   2.9933766133667035E-018   2.9184167503745334E-002  -8.3191604717677730E-016  -1.1811367354228372E-015  -3.4217572231135582E-015  -8.3242825798695287E-015  -2.3593589310421085E-017  -3.2165030276933240E-017  -4.2507655061865922E-015  -5.0465561889151543E-017  -3.7926258247709182E-015   3.6566874998990126E-017  -1.8538578258364164E-017   2.7709052939088546E-017  -6.2499795258112594E-017   1.7480808717636644E-016  -3.7597533325928928E-017   3.7663450634022664E-017   7.2691411686834767E-017   2.7152014196315300E-017   1.9558861020318404E-016   3.4535233121895666E-002  -8.6996002703920597E-016  -2.0393752069441016E-015  -8.8562943476140596E-015  -6.9897192813079664E-017  -7.4611033622765326E-018  -7.5923800437954808E-018  -4.4348663654166722E-018  -2.0515974912362415E-017   6.1270184480885292E-019   2.1893763377850548E-017   3.2330390629420515E-017  -2.2950617851677943E-017  -1.3730105148762016E-017  -2.4891432368744500E-017   1.6205885043319692E-019  -3.9430353886843154E-018   1.2640086857426378E-017  -2.9221644047387215E-017  -6.3569969434327151E-015   4.8313002542469553E-018   2.3605294228759979E-017  -2.8988366898104235E-015   3.2655973550139028E-017  -2.5225687739509098E-015  -2.0090645739925985E-017   1.2008718468037358E-017  -7.7876377866128832E-018   3.3681128098931530E-017   6.8763319673458191E-017   4.5472377888837884E-017  -1.1377016760610039E-017   1.3701454397123017E-017  -1.9489581596666403E-017  -6.3080106840286003E-017  -3.7637098695203952E-015   1.8811667896906050E-002  -4.7824182166996452E-016  -6.2944631933065485E-016  -3.0160342334533195E-017   3.3541266133112022E-018  -7.4414881420223598E-019  -1.0632551926498251E-017   5.2747494718724648E-018  -2.4520041556575711E-017  -1.0258831208839774E-017  -1.6064264266215057E-017   9.3411084872804345E-018   1.1111649532396784E-017   1.0937564143477394E-017   1.2925439529266448E-018   1.3168982301341957E-018  -2.6239486544980899E-018   1.5189039415771383E-017   1.6103931239593662E-015  -7.3354421328118514E-018  -2.7240886087195518E-018   6.1139233702494040E-016  -1.3181381346480900E-017   7.3159715420713643E-016   3.2319749926082840E-018  -5.4968114121371368E-019   5.1855054364544587E-018   1.4263420322810517E-017  -2.4570659403582479E-017  -1.8663983856507249E-017   1.0158720575871129E-017  -1.5974051741626869E-017   3.7051603130322503E-018   7.9229828180618162E-018  -3.2429703409523946E-004   2.3817587538898010E-015   5.2833747858684803E-015   1.4742682157629965E-002  -2.4370676758814826E-016  -2.1589653111308038E-015  -6.8185333859717577E-015   1.6146145329849964E-015  -6.3872303862603120E-015
  -2.7146602495112349E-016   8.7607226569024980E-003  -4.2376223972751028E-016   2.1730685972835276E-016   4.6901004161918482E-017  -1.2457191748455210E-016   2.0439253689057498E-017   1.0600552786148121E-016  -6.9973403484576504E-017  -1.2489122963488130E-016   1.2895681645123296E-017   2.9184167503712440E-002   3.9069810667787358E-016   3.8561910343932982E-017   8.3273406006618684E-018   8.9297010991747129E-017   8.5438265633256692E-017  -4.3402191755679673E-018   9.7094371576834917E-018   3.5095570342907059E-017   1.7761710290531476E-016   1.1363178909055461E-017   1.8227373904264407E-016   1.6599513891025438E-016   1.7033622461816113E-017  -3.6591208962242187E-017  -1.7408109317095629E-017   2.3127857959615662E-017   4.8092183938484080E-017   1.7522066889659419E-016   1.3162694085563018E-016   3.4535233121921104E-002   7.2876764941078503E-016   1.0788073044233630E-015  -1.8503387480313883E-017  -9.9819522465834946E-018   7.6156969090964411E-018  -1.2762374544832615E-017  -6.3030038054570145E-018  -6.6775978190825990E-019  -5.8553596243815287E-018   2.2472469516583742E-018   1.7287594541822275E-018   1.0103045447454595E-017  -4.8409916347917616E-017  -4.2510605646660712E-018  -1.0198768186890963E-017  -3.0426490811607585E-018  -2.1189457385939191E-017  -1.0083276500998125E-016  -5.5744076858797095E-015  -5.0276824047087968E-017  -5.4630167016278363E-017  -5.3576717146425046E-018  -6.1089154235187472E-017  -1.4268675445558668E-014  -3.9784070514967084E-019  -6.1225448509728140E-015  -7.4656283151140391E-017  -8.6872691075116911E-017  -4.6749646101563911E-017  -2.9928286335993173E-017  -1.5955477932402925E-017   5.7625029384866265E-017  -1.3296825056092553E-016   3.1937160513532140E-016  -1.1068134100263744E-016   1.8811667896895964E-002   3.2963676410675727E-016   2.7136239216020838E-017  -3.9930272818395525E-019   8.8830235032218679E-018   2.6071474498439568E-018  -9.2193506350572833E-018   7.9726418830828834E-018  -2.0848578580053900E-018   6.3106960760344865E-018  -2.2222051714251958E-018   1.0053883031339378E-017   6.5367906965522682E-019  -2.6988766324461828E-017   3.0056615479575827E-018  -2.6281543205372586E-017   3.7789664881719982E-017  -1.0989733250157250E-017  -9.5358582976875799E-016   2.0401455961562196E-018  -5.2121471741307060E-018   2.3704938300874870E-018   3.1235493710865588E-018  -2.3248156944315352E-015  -2.5844975782828818E-017  -8.2530926332355829E-016  -6.4628822264822402E-018   6.7820774721967797E-018  -2.5983853019100309E-017   1.2907376527883270E-017  -2.3416126809776393E-017  -2.0302276538551765E-017   1.2083347994247168E-017   7.9392199992999365E-016  -3.2429703423242470E-004   8.6852681336815195E-015   1.4725381496088917E-016   1.4742682157645381E-002   1.4980623879301770E-015   6.8989847478342367E-016   8.2346936255388607E-016  -1.2106493040166697E-015
  -3.1915732400138180E-016  -4.2376223972751028E-016   8.7607226569109686E-003  -2.3496356798709720E-015   2.8750133934788522E-016   1.6079622841732530E-017  -1.4456661079862876E-017   2.4848004939470006E-016  -5.1555001521509170E-018   7.5714797798877840E-017   8.2497206645112748E-016  -1.3428644697801935E-015   2.9184167503725194E-002  -5.6376323747493462E-015  -4.6444903594512404E-017  -3.9936596282656535E-017  -7.6414095133626315E-017   1.4774295115263204E-017  -3.0684196990013950E-017  -5.0565713306318036E-017  -1.1017022217532129E-016  -6.5549164230375983E-016  -3.8952357598323424E-017   5.2095865427468410E-018   8.0503310663224898E-016   4.2677085026706626E-017   2.8442946350781990E-017   8.8966686384683415E-016  -4.5621743957973511E-017   8.0494417716200037E-016  -1.8942900362909916E-016  -1.8333264350432509E-015   3.4535233121904249E-002  -2.0647378902233528E-014  -1.5634042583907389E-016  -1.5687738549515388E-017   8.3922011153996733E-018  -1.2545933275754558E-016   1.6500030436699876E-017  -6.5393442903563684E-017  -1.7949774357247694E-017   1.8961849559866432E-018  -3.3397113443721438E-018   1.0736666081829331E-017  -2.5749016128822632E-016   2.2061584488382229E-017  -1.1441986945476413E-016   1.0917219642123085E-017  -9.8828484524252789E-017  -1.0990387534963426E-016   1.4516841302679369E-017  -1.6778571740565487E-015  -6.3173969033639733E-017   1.4241215985511216E-017  -3.6731623102171837E-017   7.9047243995798015E-017  -1.2495266870058497E-015   7.7485182509042387E-018  -2.1599661866351637E-015   7.2333952000984649E-016  -9.3795086851531884E-018  -3.7502779359176330E-017   8.0381674433579234E-016  -3.7147553203595155E-017   5.1549621465524450E-016  -4.6943567431376278E-015   1.8119231906462740E-016  -9.7034294158925098E-016   1.8811667896918235E-002  -2.8823536935854261E-016   1.7472572499934743E-017   4.9287540557800415E-018  -1.8856969630075842E-016   2.5986915646758959E-018  -1.4953468609704616E-016  -8.2735266890755346E-018   3.8634223263004665E-018  -1.0011078815625495E-018   5.3487494521769427E-018  -3.6313249331867723E-016   1.4201252589246639E-017  -1.6458899480385243E-016   1.9349329946513884E-017  -2.0491253199785742E-016   2.6988402540831967E-017   1.4711936957749055E-017  -1.1065838354882128E-015   1.1904119150799479E-017  -5.5547650631339904E-018   3.0954265549359286E-018  -7.8702789594629078E-018  -1.3851643554808833E-015  -9.4667158061409648E-019  -2.8547762215415207E-015  -1.5072091617926188E-016  -3.1613461483245349E-018   1.2837120063218282E-017  -1.8356717147348995E-016   7.0460442823158546E-018  -1.1008929994450819E-016  -1.2502346580258895E-015   3.9225917952486633E-015  -3.2429703422206065E-004  -1.5228884869094834E-015   1.8160303814381549E-016   1.4742682157604763E-002  -1.1244181628778526E-014   1.5427824673008822E-014  -5.7550027936744227E-015
  -5.0818652579024862E-016   2.1730685972835276E-016  -2.3496356798709720E-015   8.2757715349523832E-005   1.1614120795979492E-015  -1.0869396998028889E-017  -1.4201770558237402E-018  -1.2344670434231584E-015   8.4855876722524622E-018  -7.9983313763866148E-016  -1.3342832452367031E-015   5.8715650301156594E-016  -6.9889447966413271E-015   3.2431344263108013E-003   7.3046723533256743E-019   6.2627438708668285E-018   1.7774030736662246E-019   7.5940029021885400E-018   7.9030649408032195E-019  -7.0005115598389781E-018   2.8506189573613645E-017  -3.0997729667192292E-017   1.6819916013619412E-017  -9.9912930212291596E-018  -5.3660143841405059E-015   3.8173831579648781E-018  -7.2597182328760000E-019   7.3046002119630888E-016  -1.2493463011600078E-017  -9.1496164275867260E-017  -1.7305469725470739E-015   8.3370375092993599E-016  -9.3322378620444568E-015   8.2727746103978608E-003   4.6298089783714842E-016  -6.5792294045795024E-019  -1.0089896400504162E-017   1.5795398766453901E-018  -1.1285803611077364E-018   2.9863263947456993E-015   4.5836187004686692E-018   9.9838282925713572E-019  -2.3902477812001479E-018   5.5319465592862800E-019   5.4718635205103535E-015  -7.8149537108418316E-018  -5.5528243627479877E-015   6.6119185568309337E-018   3.5773514371018230E-015  -2.7500266358640960E-018   1.2452706173669443E-017  -3.5535661119959476E-018  -6.3106615521970812E-018  -1.1907951486447002E-018   3.9982476598291528E-018   1.9803672496502811E-017   1.5132513695079013E-017   9.8055695102906642E-018  -1.8879582659907682E-017  -3.0429028213152955E-015   2.1438298439148717E-018   1.4781126283529298E-017   1.3425878598641211E-014   1.0630264657926526E-017   7.8585718115778471E-015   3.6518166129648920E-003  -7.8329767997397484E-016   4.8956072820412657E-016  -3.2659377642623559E-015  -6.8879339903362121E-016  -4.0886120893737639E-018   2.0597393797262026E-018  -6.5561133024891202E-016   2.1786241581836978E-019  -1.3477022277450454E-015   2.9509282913457253E-018  -3.2654572063734352E-018   1.5508608613085034E-018  -4.0365415234444637E-018  -1.6253522215851368E-015   3.1182994680055328E-018   5.9491341247173385E-016  -6.0127208699187613E-018  -1.5039920568237190E-015  -1.0334233959320990E-018   1.0350607525466815E-018  -1.9569907726688448E-018   1.5600270757010543E-018   7.9256516246063714E-019  -2.7479949750954806E-018   2.1647720191940135E-018  -7.1177372205428655E-018   1.6200657370971102E-018   2.9547364799513263E-018  -8.3478604616751850E-016  -3.0318087784723018E-018  -7.3645886071437741E-018  -6.8964734483173021E-016  -4.2960372755974910E-018  -1.2346129921414799E-015   4.6642428979674089E-015   2.9875457361719528E-015   3.9478990162820611E-014  -8.7793825048335346E-016   3.0505108202444842E-016  -8.5525118858308522E-015   6.5475770735425702E-003  -1.4750370477088787E-003   1.3095115875776903E-004
   9.2360768481661970E-017   4.6901004161918482E-017   2.8750133934788522E-016   1.1614120795979492E-015   1.6458932799355604E-026  -1.3998469749982031E-028  -1.2972393812508246E-029  -1.7491656773472058E-026   1.1185233699960947E-028  -1.1497733559020478E-026   3.0234580582843903E-016   1.5741412325693647E-016   9.6283251230768562E-016   4.6069887390293705E-014  -5.3688858444815004E-029   8.6814118743101370E-029   7.3373716213154850E-030   6.5636431751884547E-029   2.1396464724273854E-029  -1.2894821691838116E-028   4.0016284752821637E-028  -4.4464425381981917E-028   2.1806022095881243E-028  -1.5410839647205721E-028  -7.6741147693155533E-026   5.0880883334019257E-029  -2.4246427354256488E-029   9.1578017854207630E-027  -1.7147175978122339E-028  -1.7833633106940592E-027   3.6720218928012191E-016   1.8420047741106464E-016   1.1303731341304139E-015   1.1721265978513488E-013   7.5644270995388873E-027  -1.1563969256127807E-029  -1.3255386451815485E-028   5.5713715381543781E-028  -1.1008643689262693E-029   4.3239818525310414E-026   5.8569175105003574E-029   2.3091689224659246E-029  -4.0129490065694306E-029   1.0581688298203442E-029   7.9356877026900347E-026  -1.0412654229169439E-028  -7.9107662099883079E-026   9.9751905106938047E-029   5.2250834980914324E-026  -5.3066655634345424E-029   1.4760965798810168E-028  -9.2777058467648559E-029  -9.5986788624935492E-029  -2.4113056270357856E-029   5.5502459458952824E-029   1.8594321967722718E-028   1.8830971386815988E-028   1.0667799336194824E-028  -2.5783728081128334E-028  -4.1537202093474828E-026   3.9004765722770553E-029   1.8051882516824006E-028   1.9500886947604083E-025   1.2431314827647819E-028   1.1425945492444495E-025   5.2291675235397172E-014   1.3576574196389364E-016   1.1449851853590077E-016   6.7711200304151703E-016  -8.8680921469945904E-027  -6.0966360974559756E-029   3.3529495714146711E-029  -8.9205746250819079E-027   3.8732692341183598E-032  -1.8747182357525609E-026   3.5973770079563833E-029  -4.4424679387714512E-029   2.1561108836170274E-029  -4.6432742358708357E-029  -2.2221170437785021E-026   4.6931307629495461E-029   9.1566483178873520E-027  -7.8166737605393727E-029  -2.0578009987627929E-026   4.0081981871772884E-029  -1.2668168312271531E-029   1.0880387745083560E-029   4.9611580886301946E-029   1.3855438316107097E-029  -1.7739666613681451E-030  -7.1266661383571658E-030  -7.6907214547835611E-029   1.9953739682107687E-030   8.8860842141371023E-029  -9.3686657669347948E-027  -3.7109110037947152E-029  -8.9436180475739997E-029  -7.4745679805908555E-027  -4.9533900074272561E-029  -1.5154587362733137E-026  -2.9527454268391481E-015   6.4836284370097745E-016   2.8071433573206346E-015   1.6252841606513815E-016   7.7360248662741870E-017   4.7702628804797184E-016   9.2941374747394449E-014  -4.7748275231173968E-015  -2.3294532673186947E-015
   1.2158378821969069E-017  -1.2457191748455210E-016   1.6079622841732530E-017  -1.0869396998028889E-017  -1.3998469749982031E-028   6.9160520561865254E-030  -1.5966789093515504E-032   1.4450526832768470E-028   6.7987673308415082E-031   7.6841486365568295E-029   3.9860091053619078E-017  -4.1235903788593697E-016   5.0928061826499932E-017  -3.6916477984432046E-016  -9.3962375951920175E-030  -5.7901505276890761E-030  -5.1077233855243952E-030  -5.8339091641389266E-030  -7.9708342672866805E-031  -6.2090461940466270E-030  -1.1398419732854191E-029   3.9064721507056817E-030  -8.9867538894155958E-030  -1.0218741975911751E-029   5.5254415650568258E-028  -9.7581349107296635E-031   9.2342824198583269E-031  -2.2345255025007994E-028   5.5048670248062738E-031  -4.9021594624799772E-029   4.8303938791723738E-017  -4.9259885129112171E-016   6.4925749945613763E-017  -9.7300972295467956E-016   5.7315514796491917E-029   3.9673836531352077E-031   1.2683913205760718E-030   5.9881543282156085E-029   1.2639578469256424E-030  -2.5049720010519526E-028  -1.8241222023322055E-031   8.1272952790546013E-031   2.2906622404801903E-031   9.1786937020439620E-031  -4.4436418474443582E-028  -1.3733287062718977E-031   6.1107092063001094E-028   4.7570089026414643E-031  -2.5180512540117021E-028  -3.9597298605540969E-030   5.6597267167356675E-029  -1.6655924084829913E-029  -9.9919245260473100E-031   1.0983877347317569E-030   4.4941532435650231E-031   1.5559930302606897E-028  -2.5753123895101241E-029   6.6312670168822466E-029  -3.5134886839590562E-029   5.4262280686761541E-028  -1.9977235007712338E-031  -5.0488969140011342E-030  -1.0469181407969282E-027  -4.7511503886170589E-030  -5.9065730567275959E-028  -3.7234393675276949E-016   1.8567664781444182E-017  -2.3673017694596851E-016   3.5810377880000686E-018   1.6968188259088735E-028   2.9255427820069907E-030   6.4953956218894152E-031   1.1170952506492915E-028  -5.2525890465569223E-031   1.9111043986452898E-028  -7.9100765299159796E-031   2.6055711440642542E-031   4.6877883146416271E-031   8.8623061845751542E-031   2.6831594472013896E-028   1.8933838042373131E-030   1.6210698752465604E-030   1.2365399439874308E-030   2.4513168127721731E-028   6.1070545555663708E-030  -2.0034024201183229E-029  -3.7346535775952277E-029   2.7094213746878122E-030  -6.0065633967810506E-031   2.7390850305737176E-030  -4.6165771597817600E-029  -3.3637612631412636E-029  -2.4802834625533011E-029  -8.5460348819238391E-029   3.4706221656726965E-028   1.9358158374575208E-030   2.0872906689713214E-030   3.0920743834876658E-028   1.7809361194575917E-030   3.7981533587830679E-028  -3.5591228230132738E-016   1.4547947009846182E-015  -1.4595715380382050E-015   2.1316298382554453E-017  -2.1312376585333003E-016   3.0572396739744784E-017  -7.5244169559589887E-016   1.8617215546792866E-015   5.3124564874531246E-017
  -6.4296006968225113E-017   2.0439253689057498E-017  -1.4456661079862876E-017  -1.4201770558237402E-018  -1.2972393812508246E-029  -1.5966789093515504E-032   4.4784777629968060E-030   1.0515263980419533E-029  -1.1430474943471303E-030  -7.8058488847961730E-030  -2.1110699021965040E-016   6.5669952785319390E-017  -4.9399752381191250E-017  -1.2118738317029020E-017   5.3981676534811342E-029   3.5619813595668838E-030   4.4550230012376857E-031   2.5539033287718916E-029   2.7868455195809407E-030   2.3365072724690290E-029   8.6079996573311695E-031  -1.4610709816386988E-030   7.7632517222834337E-031  -7.1677873814210320E-030  -8.3423945814834851E-030   1.5352252956323642E-030  -6.4947747857629267E-030  -9.3686753869842112E-029  -6.3934432288067990E-031  -3.4506442463302867E-029  -2.5525521062251135E-016   8.1983919663856741E-017  -5.6264707981834334E-017  -5.4549308146241936E-017   6.9511330665653410E-029  -1.0010982211580552E-030   2.9167765697763208E-030   3.8640714276291141E-029   2.4298433287544704E-030   4.8033996719681246E-029  -2.3896852249958398E-030  -1.7360654281458344E-030   2.8799572516730468E-030   1.7688558114377783E-030   9.7605653114918587E-029   7.3466778322094575E-031   2.4745769423786516E-030  -1.8304567487588300E-030   9.0874815120392416E-029   7.4716787282595028E-030   3.3297614362520686E-030  -9.6794832461334701E-030   8.6324259632210690E-030  -3.5532142670078021E-030   2.8626487538269964E-030   7.5251311156000632E-030  -7.2250457574116123E-030   9.4359156692804952E-031  -1.6236483485711007E-029   1.1656156748794295E-028  -5.4746430726274277E-030  -1.2226553854912621E-030   2.5663886492505633E-028   1.3391558124479193E-030   1.5622686008150574E-028   1.7747603205672819E-017  -1.0192864377868242E-016   1.5510643509955780E-017  -4.5604764393601448E-017   7.9861535880918699E-029   1.6806956517658634E-030   3.4788535591678922E-031   3.5257660382493392E-029  -1.3307110562225435E-030   3.9129816382643289E-029   1.3082334431211269E-030   2.3463326382480605E-030  -1.1725236431830100E-030   6.8404749011807364E-031   7.7113445925948148E-029  -6.4084619365465826E-031   5.4168443256546741E-029   1.0650133299267946E-030   7.0687445913939930E-029  -3.6549710817196119E-029   2.9474466792638295E-029  -1.2881599700761235E-029  -2.1273986067191353E-029   1.6096992278736251E-030  -1.6960954713765391E-029   6.4213820611836160E-029  -1.4781609018869768E-029   3.1009943720647132E-029  -3.2138247622873549E-029   2.0414859824849504E-028   2.5478947530782460E-030   4.3690584342327737E-031   1.8690402484312858E-028  -4.2132332926319501E-031   1.9268802185376751E-028   1.7058599566082701E-015  -1.3386500487603431E-015  -6.8601313477291929E-016  -1.1230047577370263E-016   3.7617273150122255E-017  -2.2674623422198779E-017  -2.9810830116455421E-017   1.2117893756665072E-015  -1.0445106333467887E-015
   7.3092332874543905E-017   1.0600552786148121E-016   2.4848004939470006E-016  -1.2344670434231584E-015  -1.7491656773472058E-026   1.4450526832768470E-028   1.0515263980419533E-029   1.8658600782709569E-026  -1.2637627139313602E-028   1.2290250273285012E-026   2.4274165521120023E-016   3.4902802274259370E-016   8.2057241698298746E-016  -4.9085926589549654E-014  -9.0778410878000310E-029  -9.6329339948760428E-029  -1.4802140906345273E-029  -1.4497543336116560E-028  -2.7992126196435074E-029   7.4424740664360243E-029  -4.3288643500789029E-028   4.2511487229625636E-028  -2.2919663344605889E-028   1.6858311462192869E-028   8.2008369484845225E-026  -4.6071360306783658E-029   2.5747408653302375E-029  -9.3397202642125384E-027   1.9041238948165069E-028   2.1346200744285389E-027   2.8856994075324160E-016   4.2027385833890384E-016   9.8370991990146415E-016  -1.2482012952366434E-013  -8.3636493645180342E-027   9.6455935649594464E-030   1.4241593629138419E-028  -7.5585632454582817E-028   9.5637100492998887E-030  -4.6291654640594963E-026  -6.0659594495286241E-029  -1.8614801737023020E-029   3.7831234409851014E-029  -1.2284673249876637E-029  -8.5018861563827072E-026   1.1414516920083019E-028   8.4317276939013610E-026  -1.0250649061625524E-028  -5.6072443023340688E-026   1.4296275247746233E-029  -2.3644650221435349E-028  -2.3609310185084781E-029   7.6999528788647815E-029   2.9263472117251762E-029  -8.2441031792450077E-029  -4.0619697269785874E-028  -2.8971149733658319E-028  -2.0502406175016854E-028   9.4828027826628899E-029   4.3726858421265859E-026  -4.8729065761103304E-029  -1.9714474774984068E-028  -2.0896594030402059E-025  -1.4775236939599538E-028  -1.2254277470540221E-025  -5.5812194380052756E-014   1.4818044633480456E-016   1.7947590860324466E-016   4.4933548539120672E-016   9.2680552705148308E-027   6.5233164879335326E-029  -3.5621064145769006E-029   9.4310143106157347E-027   8.3055491414176608E-031   1.9895462853114924E-026  -4.0213218456460891E-029   4.4716848153573385E-029  -2.1607156562800786E-029   5.2943299590115296E-029   2.3503292321358151E-026  -4.9638094912802485E-029  -9.9044338697915886E-027   8.4486650535503248E-029   2.1792408866385183E-026   3.9684199039713824E-029   3.1800806171908456E-029  -1.0485773085504452E-028  -5.9849263267413517E-030  -1.5479623982279055E-029   4.8156296185574103E-029   4.9584275109316380E-029  -3.2098885835246051E-029   2.3276863753722353E-029  -3.2854122149335839E-028   9.4632499291389101E-027   3.9131434317546497E-029   1.0051949685169191E-028   7.4906013548234220E-027   5.8806708880440640E-029   1.5661356289498052E-026  -4.1611360580451192E-016  -2.2738316938269305E-015  -3.9797437756355619E-015   1.2399645541736034E-016   1.8385392693973585E-016   4.2770759581379659E-016  -9.9010720058536908E-014   1.1994786081967909E-015  -2.4845742074071366E-015
  -8.8643044819078126E-018  -6.9973403484576504E-017  -5.1555001521509170E-018   8.4855876722524622E-018   1.1185233699960947E-028   6.7987673308415082E-031  -1.1430474943471303E-030  -1.2637627139313602E-028   3.8852305592991697E-030  -7.9839927837634040E-029  -2.8548607279797633E-017  -2.3178136116063615E-016  -1.8234418800584367E-017   3.2221879671630634E-016   5.0699863033636407E-030  -4.3068202884501154E-031  -2.6117545210452921E-030   5.2609563900746752E-030  -1.1536038593399895E-030  -4.8509109144527112E-031   5.7139833431548769E-031  -2.6397296092350709E-030   3.4783051687568055E-031  -4.1902872548269241E-030  -5.4823451113284928E-028  -1.7435549128083506E-030   2.9779177886176515E-030   6.0637259954834816E-029  -4.2443375793480722E-030  -2.3720100598794427E-029  -3.5515829378933989E-017  -2.7660780614718009E-016  -1.9704568061827577E-017   8.2696159237654637E-016   5.4913552159478126E-029   6.0861241756586393E-031  -2.5336144184723242E-030   3.9579416045047484E-030  -1.0345209250514300E-031   2.9729083174071207E-028   1.3768573449647698E-030  -1.2987731713356148E-030   7.4276044121314109E-031   1.9427734776823790E-031   5.4826182736172885E-028  -2.1989955847706891E-030  -5.4349625039607792E-028  -2.2412607537007094E-031   3.5821715088025668E-028  -7.7291539862328349E-030   3.4809315495701670E-029  -1.0000405746909216E-030  -4.3856906799002239E-030   1.1227156556064583E-030  -3.4093435122566380E-031   9.5203930449169943E-029  -4.1278210854932669E-030   4.0225616843074457E-029  -1.0437725034676305E-029  -2.5985127043735590E-028   1.4653360583640366E-030   3.5544734494923782E-030   1.3698185641653290E-027   6.0432591183874575E-030   8.2649288512481303E-028   3.5817512396885173E-016  -7.5270019739812741E-018  -1.3479038075628410E-016  -2.3510666989215838E-017  -9.5141700998119729E-029   1.2554177582222763E-030   1.3741182814764120E-031  -7.9783090891718752E-029   1.7367930530051879E-031  -1.4747075616166276E-028   6.9306989345514604E-031  -2.9598133597290119E-031   6.0794666592040689E-031  -1.8758794713192676E-030  -1.8943352268327893E-028   6.7927431441035610E-031   4.1475234588429830E-029  -1.2846291663829836E-030  -1.7889236956961242E-028  -9.0632541482998104E-030  -7.8675931767664185E-030  -1.4658617673197347E-029  -5.3296863656999932E-030  -6.4484392515337577E-031  -7.5593946821142399E-030  -2.1470498356440584E-029  -1.2191066390445757E-029  -1.1651049791403406E-029  -2.8177072126525014E-029  -1.3420459634490838E-028  -1.2898586503950292E-030  -2.6765325322229685E-030  -1.2208749044172596E-028  -2.8669573698770207E-030  -1.7470808916785525E-028   5.4283427308550007E-016   7.3153625982611014E-016  -5.8631674278293406E-016  -1.6223397771293549E-017  -1.1950771771748149E-016  -7.2633907530736260E-018   6.5160577076923782E-016  -2.9190966110822341E-016   1.9299563856979733E-015
   2.9933766133667035E-018  -1.2489122963488130E-016   7.5714797798877840E-017  -7.9983313763866148E-016  -1.1497733559020478E-026   7.6841486365568295E-029  -7.8058488847961730E-030   1.2290250273285012E-026  -7.9839927837634040E-029   8.3415830869540113E-027   1.2944827289250901E-017  -4.1186326703921767E-016   2.5722143105550433E-016  -3.2499583549389581E-014  -4.3162735283641999E-029  -7.7466045820241696E-029   8.5124412181314524E-030  -8.3580721871282706E-029  -2.6676400324575182E-029   6.4067925817112187E-029  -2.7965058677908051E-028   2.9294150292077547E-028  -1.3561768124069004E-028   1.6855966859197890E-028   5.5034990460320811E-026  -1.0678393879730992E-029   3.8570928148154130E-029  -4.4781944143893873E-027   1.2360416001098742E-028   2.1215212150403585E-027   1.0064977635667239E-017  -4.9476768203095393E-016   2.9555592087527693E-016  -8.2264333730957761E-014  -6.8773114990688373E-027   1.1298650401202353E-029   8.0917384183964731E-029  -1.2244762263304848E-027   3.6534992580760037E-031  -3.1738451623412375E-026  -4.1063368771925868E-029  -1.7948455931974904E-029   2.5950805552617711E-029  -1.5153407494357086E-029  -5.8450098077522512E-026   7.1633086016045352E-029   5.6075219134105586E-026  -6.2308170259626971E-029  -3.9015209881715695E-026   1.3172363219612227E-029  -7.4833797804513986E-029   6.9365683134078714E-029   5.7539208272878972E-029   2.5472064397564456E-029  -6.6298080084328846E-029  -7.1206744925945100E-029  -9.9425963345874994E-029  -4.6533054875078506E-029   2.0491553947969147E-028   2.6591466752046269E-026  -2.2147251412597853E-029  -9.7648346878843805E-029  -1.4416062591033065E-025  -1.0192275727987843E-028  -8.4793931152150742E-026  -3.7477603696169122E-014   4.1315979225564743E-017  -2.1911606267928012E-016   2.2121106548774055E-016   5.0219945575555846E-027   2.4363088647132557E-029  -2.9991899172589344E-029   5.7876740901636389E-027   7.0831600086179135E-030   1.2713805199561345E-026  -2.2852754230786265E-029   2.3559826894748208E-029  -1.9485461711920177E-029   2.2426072564655916E-029   1.4537876534663694E-026  -2.9909999412283090E-029  -7.4049773062041194E-027   4.9853300924116559E-029   1.3510894326314153E-026  -2.4671405843902666E-030  -4.7123629098272919E-029   6.1615761640903889E-029  -1.7305290752469728E-029  -1.1853353796672586E-029   1.1445360898879502E-029  -1.1319590090305278E-028   1.1191073723997925E-028  -5.7870532806446133E-029   9.9176278348825876E-029   3.1919840013381420E-027   2.6201344805580590E-029   5.2348002224766056E-029   2.1481959094597799E-027   4.4180473757905258E-029   7.4639228449620987E-027   1.6447159954201088E-015   2.3175563209688107E-015   2.7613645268875981E-015   1.0764016721899992E-018  -2.1573869310960878E-016   1.2075767683733151E-016  -6.5468344447784554E-014  -1.9719922963022923E-014  -3.1365200641533577E-015
   2.9184167503745334E-002   1.2895681645123296E-017   8.2497206645112748E-016  -1.3342832452367031E-015   3.0234580582843903E-016   3.9860091053619078E-017  -2.1110699021965040E-016   2.4274165521120023E-016  -2.8548607279797633E-017   1.2944827289250901E-017   9.7226194027205504E-002   2.6088553410215239E-016   2.2859403729863337E-015   2.4789873754411552E-015  -2.7748941921062131E-014  -7.7225405462866233E-017  -1.0385746613190888E-016  -1.4171385363179265E-014  -1.6575628837408935E-016  -1.2645766784800015E-014   1.2374015581624738E-016  -6.1202360793954316E-017   9.4146479260076122E-017  -2.1149702991344818E-016   5.9127100615798357E-016  -1.2265731916366290E-016   1.2218569258306674E-016   2.4784372185416374E-016   8.6278093265710369E-017   6.5224271186969159E-016  0.11504179914303722        7.2196475479570843E-016   7.1252368500979185E-016   5.9114966393446291E-015  -2.3233774201919826E-016  -2.4899977545182085E-017  -2.4017482670324872E-017  -1.5248271515138583E-017  -6.5138810691032257E-017  -1.7399853474491276E-018   6.8994818928626319E-017   1.0353517733214238E-016  -7.1537774715951520E-017  -4.3881757732694617E-017  -8.3617951063691185E-017  -6.7748624307440390E-020  -1.5915185410080984E-017   4.0491083436122299E-017  -9.6238191661463838E-017  -2.1260955180956024E-014   1.6064370945830101E-017   7.5915267516527312E-017  -9.6859358435878519E-015   1.0513032592307952E-016  -8.4361682667552466E-015  -6.5439494617440981E-017   3.9313204069228331E-017  -2.7281292610980432E-017   1.1335657506428618E-016   2.2824887093671061E-016   1.4888309666036019E-016  -3.4932910900959798E-017   4.6013226962337107E-017  -6.1001470665388790E-017  -2.0589579715335294E-016   3.2994093783689384E-015   6.2741517398563346E-002   2.1773391745458000E-016   1.1682941642637318E-015  -1.0226690424384628E-016   1.1017072882488636E-017  -2.6374424020865713E-018  -3.6365913005495045E-017   1.6580310599932610E-017  -7.8505340177264472E-017  -3.1827936303795093E-017  -5.0843375278257077E-017   2.8534748961682837E-017   3.5197286455290560E-017   3.5426642125522013E-017   4.7536309230489215E-018   5.3245994779447499E-018  -8.4754476687206439E-018   4.7397971211768280E-017   5.3147612437768272E-015  -2.3160939185816333E-017  -8.6297465252071035E-018   2.0030183167451369E-015  -4.2336072976323748E-017   2.4097359944195864E-015   9.3745337526926725E-018  -2.7016087362367891E-018   1.7103968722261879E-017   4.7020354559801996E-017  -8.0495710509220152E-017  -5.8782714741028164E-017   3.1366930922365441E-017  -5.2186258502117661E-017   1.1357050089971944E-017   2.5771569690527825E-017   2.4615739136182231E-003   3.8497400297919591E-016  -1.7986558437694846E-014   4.9103047817374866E-002   7.1388582700333624E-016  -3.6122521267550198E-015   5.2624311693057665E-015   7.3469116786046760E-015   8.0088727353654878E-015
  -8.3191604717677730E-016   2.9184167503712440E-002  -1.3428644697801935E-015   5.8715650301156594E-016   1.5741412325693647E-016  -4.1235903788593697E-016   6.5669952785319390E-017   3.4902802274259370E-016  -2.3178136116063615E-016  -4.1186326703921767E-016   2.6088553410215239E-016   9.7226194027086155E-002   1.4326498302838260E-015  -5.5502744065032125E-015   2.5705267684753570E-017   2.8897693776419452E-016   2.8606538040822854E-016  -1.6190351045084890E-017   3.1444651028536773E-017   1.1396787714422520E-016   5.8669218177776409E-016   4.5716090557976585E-017   6.0262841284943016E-016   5.5462663354736679E-016   5.6895152492937693E-017  -1.2028098767995717E-016  -5.2969417322337537E-017   8.5875412429618214E-017   1.5911645432049877E-016   5.8576054093184261E-016   7.2893698095450495E-016  0.11504179914310574        2.6870971559250025E-015  -1.0703088042927294E-014  -6.5263253360189406E-017  -3.1675029306006976E-017   2.3455709362860930E-017  -4.4113972271288531E-017  -2.0145193108727807E-017  -6.5524919032056488E-018  -2.0588509009231865E-017   7.9043156659370560E-018   5.5932641342106514E-018   3.3964808215264008E-017  -1.6484086547312002E-016  -1.6210586760050762E-017  -3.7161878695308967E-017  -6.5452157377916650E-018  -7.3504635329452093E-017  -3.4291325857585870E-016  -1.8615695046657051E-014  -1.6507521042321151E-016  -1.8334716500501344E-016  -1.6308394344984779E-017  -2.0487518640664181E-016  -4.7641746615152769E-014  -6.5158007427125473E-018  -2.0440213600511357E-014  -2.4511578201094893E-016  -2.9505655566832265E-016  -1.5138492732186227E-016  -1.0043134393051715E-016  -7.1608854143155053E-017   1.8570243041277031E-016  -4.5955231712412239E-016  -5.3784726286248217E-015  -3.4185604462625616E-016   6.2741517398541044E-002   4.1401909259358906E-016   8.7987814461406523E-017  -3.3358945337686830E-018   3.0036154480973651E-017   9.0287128456760950E-018  -3.0438397178910951E-017   2.9062797545049294E-017  -7.4087765418907005E-018   1.9996816123666337E-017  -8.1101747378562396E-018   3.2103238204035607E-017   2.9988745112764635E-018  -8.6236075242743521E-017   1.1310764786809564E-017  -8.8206804086539221E-017   1.2479569097309426E-016  -3.7436397978077207E-017  -3.2596450475152078E-015   4.5334490076668737E-018  -1.8420715281251543E-017   7.1505465551568789E-018   8.2694196057169638E-018  -7.9326269299080908E-015  -8.4251636264440890E-017  -2.8371403482183235E-015  -2.5815056583390617E-017   1.6853050286644084E-017  -8.4249260095000594E-017   4.2855678249294752E-017  -7.7565644682744048E-017  -6.4195517475975531E-017   4.0517022658773994E-017  -2.7431203596145277E-015   2.4615739139275993E-003  -1.3117159607212328E-014   6.2731700000034045E-016   4.9103047817397293E-002   4.4385361707805775E-015  -9.0847253307867993E-015   3.9190462084700519E-015   7.5761506712133751E-015
  -1.1811367354228372E-015   3.9069810667787358E-016   2.9184167503725194E-002  -6.9889447966413271E-015   9.6283251230768562E-016   5.0928061826499932E-017  -4.9399752381191250E-017   8.2057241698298746E-016  -1.8234418800584367E-017   2.5722143105550433E-016   2.2859403729863337E-015   1.4326498302838260E-015   9.7226194027076135E-002   8.6503685604517330E-015  -1.5551694637846096E-016  -1.3177630924807486E-016  -2.4521730211589338E-016   4.7963251104567465E-017  -1.0014611060525656E-016  -1.6591971579700793E-016  -3.5992515023032702E-016  -2.1775921066482842E-015  -1.2837879330386373E-016   3.4539911507055300E-017   2.6757276109541291E-015   1.4303360531194513E-016   9.5936109057146430E-017   2.9804881975422762E-015  -1.5189974277027290E-016   2.6836892466089920E-015  -1.0803346291646656E-015   1.0071930239030745E-015  0.11504179914298858        3.4285150032557268E-015  -5.2661184024814059E-016  -5.1601196363338447E-017   2.7518789109948832E-017  -4.2218186175307637E-016   5.4004790424868388E-017  -2.2402385516498576E-016  -6.1638696593947671E-017   6.3061943369086993E-018  -1.2664507676670970E-017   3.4005233222952900E-017  -8.6468511494920293E-016   7.5146316149483105E-017  -3.8514919506812322E-016   3.7411080429963068E-017  -3.3309583356798404E-016  -3.6413027269334420E-016   5.4946350657589276E-017  -5.5528908516700115E-015  -2.0968069717003788E-016   4.6049908168668303E-017  -1.2344381957407937E-016   2.6487340836410752E-016  -4.1185736156861697E-015   3.0742745607363708E-017  -7.1037444093963720E-015   2.3968826237470415E-015  -2.3667523867222567E-017  -1.2315747479983860E-016   2.6348545005533715E-015  -1.2585766441923990E-016   1.6836192682997490E-015   1.3645327952722104E-014   2.0277621431032002E-016   2.6786257822611664E-016   6.2741517398574864E-002  -9.6226149015899483E-016   5.1568206898715853E-017   1.5517346606845937E-017  -6.2499265078532409E-016   9.7020267437454779E-018  -4.9373345057373016E-016  -2.8265111472648096E-017   1.2321647867177556E-017  -4.7485817018563231E-018   1.7477398418526557E-017  -1.2031254193557506E-015   4.6550252351925061E-017  -5.4365521606356369E-016   6.4693478566709117E-017  -6.7810289312150109E-016   9.1570420225572915E-017   4.6898991152849060E-017  -3.6008063278821649E-015   4.0452835681577059E-017  -1.7989452560205967E-017   1.1788940860866738E-017  -2.0444242968244380E-017  -4.5324730261710762E-015  -2.5635675733991077E-018  -9.3210329112422589E-015  -5.0434812808470976E-016  -1.1197596642703028E-017   4.2228451398581433E-017  -6.0211257669185348E-016   2.5084636129899091E-017  -3.6199165158486814E-016  -6.0686293310698629E-015   6.3800770774841655E-016   2.4615739136994172E-003  -4.6794579483434924E-015   4.2102237527686913E-015   4.9103047817245428E-002   1.7969423881390409E-014  -1.9944993582832337E-014   1.4861570668974095E-014
  -3.4217572231135582E-015   3.8561910343932982E-017  -5.6376323747493462E-015   3.2431344263108013E-003   4.6069887390293705E-014  -3.6916477984432046E-016  -1.2118738317029020E-017  -4.9085926589549654E-014   3.2221879671630634E-016  -3.2499583549389581E-014   2.4789873754411552E-015  -5.5502744065032125E-015   8.6503685604517330E-015  0.12935763550653620        7.2195703252396110E-017   2.6078846661540991E-016   8.6284166586879144E-018   2.9124134382777008E-016   7.5837615242511559E-017  -2.7926333224674515E-016   1.1198967561482142E-015  -1.1915347310631212E-015   5.9518441998523857E-016  -5.1454621614537016E-016  -2.1635838677688009E-013   1.2124262542368646E-016  -9.5531261773516055E-017   2.3796968157878747E-014  -4.9387898760233797E-016  -5.8820774181650512E-015  -3.3891424736880612E-015  -5.7645550196268704E-016  -2.2102111139632066E-014  0.32872669377070662        2.2701286356338258E-014  -3.4114164272365064E-017  -3.5923484422610042E-016   2.3533231628991529E-015  -1.6886597272009536E-017   1.2256463978888296E-013   1.5895984727968821E-016   5.5680106097124974E-017  -9.7395798453233899E-017   4.1844566349544086E-017   2.2514971659043223E-013  -2.9589738225627661E-016  -2.2236276618861164E-013   2.6685620705030427E-016   1.4873734760658692E-013  -1.6567804045710584E-016   5.0769880605814110E-016  -1.9674240586464877E-016  -2.5772931831529881E-016  -8.2495317780929653E-017   1.7013764512044365E-016   7.9545391711957629E-016   5.3131510608767019E-016   4.0737428864070571E-016  -6.9293862095612252E-016  -1.1410463917483459E-013   9.4314948900332046E-017   4.8868224574055350E-016   5.5372010775337203E-013   3.7776500360956564E-016   3.2477704739943444E-013  0.14737285055685020        1.6311636537147937E-015  -2.1615007249739112E-015   1.4395572825396026E-014  -2.3755604387288214E-014  -1.4839135170649626E-016   1.0000250968377056E-016  -2.4581270171910890E-014  -9.4578683171950733E-018  -5.2161047773126900E-014   1.0525352609691820E-016  -1.1144831835624415E-016   6.0541519030042531E-017  -1.2629114269488791E-016  -6.1340998882570428E-014   1.3043695888145863E-016   2.6586044804386760E-014  -2.1544362599508775E-016  -5.6865243346362942E-014  -6.1050086163093411E-017   2.7496047892093606E-017  -4.8859394451534415E-017   3.3119657092795075E-017   4.3672915629842363E-017  -9.5263217532451907E-017   9.8932235812689649E-017  -2.6381949953133681E-016   5.8725507150870417E-017   9.0803151933694053E-017  -2.3147209255095329E-014  -9.6153565836952473E-017  -2.4868283171521850E-016  -1.8111222120094751E-014  -1.5309773621650832E-016  -3.9584450770186088E-014  -4.0988809098434825E-014  -1.1021296110234109E-014  -2.9158613867010621E-013  -2.0899563171198169E-014   1.6089726463333987E-015  -1.5707658411531203E-013  0.26087712994470441        8.0022738204681646E-003  -5.2800754413820936E-004
