  0.30126912892052221        7.3956405388463488E-017  -3.5180242914786483E-017   2.7508233586318994E-016  0.58407614302776489        1.2051468306503938E-016  -6.4372979332021768E-016  -9.0559046595991780E-016   4.3540253708381028E-017   3.9422125127666865E-017   7.2826903547379395E-017  -5.4034749908809037E-017  -2.0430799623334449E-017   4.2809446905866815E-018 -0.24053981855617967       -5.2688981711305328E-016  -1.7565409271157097E-016  -5.7862000239211748E-016   7.7451238311409992E-016
   7.3956405388463488E-017  0.30126912892052338        1.9159885266892274E-016   2.2568227445466567E-016  -1.5547115046307312E-016  0.58407614302776423        6.6309127242855648E-017  -4.3365666731702281E-016  -5.1182327626128592E-017   4.3841166772970315E-017   5.5087481828400739E-018  -1.0657680735635685E-016  -8.4843378347306285E-018  -7.6551003063210237E-017  -1.1413746464939036E-016 -0.24053981855617496       -2.3396405255879382E-016  -1.6921648052824407E-016  -1.7274236312423859E-016
  -3.5180242914786483E-017   1.9159885266892274E-016  0.30126912892052177       -2.3687803431474880E-016   5.6273142070607796E-016   1.3070904222260010E-016  0.58407614302776389        1.7410433394997236E-016  -5.1461503585561361E-017   1.0083291382098126E-016  -6.8987850955586020E-019   9.8276181995457176E-017   1.2472748923171692E-016  -1.1397797422452577E-016   3.5481066666003848E-016   6.5606809874639745E-016 -0.24053981855617865        6.7688918046993557E-016   1.7109266974601085E-015
   2.7508233586318994E-016   2.2568227445466567E-016  -2.3687803431474880E-016  0.24064025930766797        9.3577970143383639E-016   8.9806291705243770E-016  -1.0083417751451041E-015  0.52521603031797304       -3.0188799673337948E-015   1.3505532281104869E-016   1.5674775165852897E-018  -3.5094057468642928E-015  -1.3069634427394249E-017  -3.2715218906723931E-015   7.2732119346702370E-016  -3.4867173442965479E-016   2.6619191272260121E-016 -0.28330672077724617        6.8185303026836536E-002
  0.58407614302776489       -1.5547115046307312E-016   5.6273142070607796E-016   9.3577970143383639E-016   1.1341387089096531       -3.1520224137612492E-016  -3.5563525323419054E-017  -8.8748245043337842E-016   1.0229322217471130E-016   9.9794157966629351E-017   1.2798590419034054E-016  -1.1261313435182275E-016  -3.1048214385136581E-017  -1.2971134782778724E-018 -0.40731030566000170        4.5118792828320489E-016  -5.9454936633673849E-017   1.1650642208630322E-015  -5.6220311974622727E-016
   1.2051468306503938E-016  0.58407614302776423        1.3070904222260010E-016   8.9806291705243770E-016  -3.1520224137612492E-016   1.1341387089096457       -3.7705841053614630E-016   1.9454410789124523E-016  -1.0532324482089667E-016   7.1852460387012041E-017   2.0029612934370990E-017  -2.0380492859453995E-016  -2.8777356476418339E-018  -1.4791378346185313E-016  -4.3488691156219389E-016 -0.40731030566000176        2.0320320404630665E-018  -9.8969271458844393E-018   1.0874652422171665E-016
  -6.4372979332021768E-016   6.6309127242855648E-017  0.58407614302776389       -1.0083417751451041E-015  -3.5563525323419054E-017  -3.7705841053614630E-016   1.1341387089096511       -8.8094023536643065E-016  -1.1332349018288719E-016   1.9700907528933962E-016   1.4250476171479011E-017   1.9529170547929784E-016   2.5674863743770087E-016  -2.2390957651596648E-016   3.2657355281389550E-018  -4.6105697384946076E-017 -0.40731030566000054        5.1954644587458244E-017   1.2330134631002362E-016
  -9.0559046595991780E-016  -4.3365666731702281E-016   1.7410433394997236E-016  0.52521603031797304       -8.8748245043337842E-016   1.9454410789124523E-016  -8.8094023536643065E-016   1.1493195817658353       -6.8079331049239605E-015   2.4675941533941593E-016   1.7561613399581898E-019  -7.8102640572092358E-015  -4.8294042066960665E-017  -7.2956263697810529E-015  -1.3061092934612118E-015   5.6569162289460349E-017   7.2369309541819466E-016 -0.54093155031101092       0.11132359255816791     
   4.3540253708381028E-017  -5.1182327626128592E-017  -5.1461503585561361E-017  -3.0188799673337948E-015   1.0229322217471130E-016  -1.0532324482089667E-016  -1.1332349018288719E-016  -6.8079331049239605E-015   5.7298281839684522E-029   1.6792668090018702E-030  -1.6368991306743692E-031   5.5887272218475606E-029   1.3752443911509696E-030   5.3535087504719101E-029   5.5844973806503028E-016  -1.6134465893505301E-016  -4.0857997891025047E-016  -2.6561808580807179E-015  -3.9123972993524514E-016
   3.9422125127666865E-017   4.3841166772970315E-017   1.0083291382098126E-016   1.3505532281104869E-016   9.9794157966629351E-017   7.1852460387012041E-017   1.9700907528933962E-016   2.4675941533941593E-016   1.6792668090018702E-030   1.3443081263223561E-030  -1.5265830147631539E-031   2.1516285415866622E-031   3.8954750829460491E-031   3.2417170023183534E-031   7.4370124940681063E-016  -4.7104090484353564E-016  -3.0000268874736432E-017  -1.3310032696773635E-015   9.2457895832624001E-016
   7.2826903547379395E-017   5.5087481828400739E-018  -6.8987850955586020E-019   1.5674775165852897E-018   1.2798590419034054E-016   2.0029612934370990E-017   1.4250476171479011E-017   1.7561613399581898E-019  -1.6368991306743692E-031  -1.5265830147631539E-031   3.0868222199375208E-031   2.0616272140401810E-031   1.5937901440684027E-031   1.5374395846690700E-031  -4.9623237916805915E-016   3.0578527772740296E-016   5.1769348030909799E-016  -6.6549062735260497E-017   1.2051020100354518E-016
  -5.4034749908809037E-017  -1.0657680735635685E-016   9.8276181995457176E-017  -3.5094057468642928E-015  -1.1261313435182275E-016  -2.0380492859453995E-016   1.9529170547929784E-016  -7.8102640572092358E-015   5.5887272218475606E-029   2.1516285415866622E-031   2.0616272140401810E-031   5.9201849870773481E-029   1.2132403884118838E-030   5.5921420933636464E-029  -2.1745144701273506E-016   1.7856727339123105E-016   7.9511190593927772E-017   6.2895995945180722E-017   1.7505011184197097E-016
  -2.0430799623334449E-017  -8.4843378347306285E-018   1.2472748923171692E-016  -1.3069634427394249E-017  -3.1048214385136581E-017  -2.8777356476418339E-018   2.5674863743770087E-016  -4.8294042066960665E-017   1.3752443911509696E-030   3.8954750829460491E-031   1.5937901440684027E-031   1.2132403884118838E-030   4.6066591578377516E-031   1.0377056163524232E-030   3.0034228926184352E-016   4.5700296671628384E-016   3.9596489463206165E-016  -4.7110101148013421E-016   3.4510578360481002E-016
   4.2809446905866815E-018  -7.6551003063210237E-017  -1.1397797422452577E-016  -3.2715218906723931E-015  -1.2971134782778724E-018  -1.4791378346185313E-016  -2.2390957651596648E-016  -7.2956263697810529E-015   5.3535087504719101E-029   3.2417170023183534E-031   1.5374395846690700E-031   5.5921420933636464E-029   1.0377056163524232E-030   5.3099248496560176E-029  -3.2179476477835472E-016   7.7611338932156030E-017  -6.4788387642352605E-018  -3.7249970600272789E-016   1.4465000954631687E-016
 -0.24053981855617967       -1.1413746464939036E-016   3.5481066666003848E-016   7.2732119346702370E-016 -0.40731030566000170       -4.3488691156219389E-016   3.2657355281389550E-018  -1.3061092934612118E-015   5.5844973806503028E-016   7.4370124940681063E-016  -4.9623237916805915E-016  -2.1745144701273506E-016   3.0034228926184352E-016  -3.2179476477835472E-016   2.1503781383185170        9.5887047922387885E-017  -2.0178929429910241E-016   1.9892805950713851E-016   7.8633748972082097E-016
  -5.2688981711305328E-016 -0.24053981855617496        6.5606809874639745E-016  -3.4867173442965479E-016   4.5118792828320489E-016 -0.40731030566000176       -4.6105697384946076E-017   5.6569162289460349E-017  -1.6134465893505301E-016  -4.7104090484353564E-016   3.0578527772740296E-016   1.7856727339123105E-016   4.5700296671628384E-016   7.7611338932156030E-017   9.5887047922387885E-017   2.1503781383185134       -7.5161913266907649E-016  -2.2587759784253437E-016   1.9260194801283429E-016
  -1.7565409271157097E-016  -2.3396405255879382E-016 -0.24053981855617865        2.6619191272260121E-016  -5.9454936633673849E-017   2.0320320404630665E-018 -0.40731030566000054        7.2369309541819466E-016  -4.0857997891025047E-016  -3.0000268874736432E-017   5.1769348030909799E-016   7.9511190593927772E-017   3.9596489463206165E-016  -6.4788387642352605E-018  -2.0178929429910241E-016  -7.5161913266907649E-016   2.1503781383185148        1.6498966911382971E-016   6.7244854610290700E-016
  -5.7862000239211748E-016  -1.6921648052824407E-016   6.7688918046993557E-016 -0.28330672077724617        1.1650642208630322E-015  -9.8969271458844393E-018   5.1954644587458244E-017 -0.54093155031101092       -2.6561808580807179E-015  -1.3310032696773635E-015  -6.6549062735260497E-017   6.2895995945180722E-017  -4.7110101148013421E-016  -3.7249970600272789E-016   1.9892805950713851E-016  -2.2587759784253437E-016   1.6498966911382971E-016   2.4323479732966264      -0.64328523663584358     
   7.7451238311409992E-016  -1.7274236312423859E-016   1.7109266974601085E-015   6.8185303026836536E-002  -5.6220311974622727E-016   1.0874652422171665E-016   1.2330134631002362E-016  0.11132359255816791       -3.9123972993524514E-016   9.2457895832624001E-016   1.2051020100354518E-016   1.7505011184197097E-016   3.4510578360481002E-016   1.4465000954631687E-016   7.8633748972082097E-016   1.9260194801283429E-016   6.7244854610290700E-016 -0.64328523663584358        2.1705380514330175     
