  0.22674546827313138       -3.0791341698588381E-017   7.7339754970632124E-017   8.6756548337232990E-017  0.21204387049603773       -4.6489685654367984E-017   9.9746599868666950E-017   3.6153331901889887E-017   1.0265017200514951E-018  -6.0495317670289019E-018   1.0968112200744985E-018   1.5975599335009624E-018   2.9977915581227329E-018  -2.6240616535511332E-018  -8.5786956362478554E-016
  -3.0791341698588381E-017  0.22674546827313136       -1.2035942898441564E-016   3.8275516320542172E-016  -2.9935273733229846E-017  0.21204387049603762       -1.0914979496045182E-016   3.9648737611417510E-016  -5.5847472253659394E-017   2.0087873398981074E-018   1.1428221642892220E-018  -4.0963875722224699E-017   2.5040654102872515E-019  -4.4391781319924759E-017   8.3917449764824054E-017
   7.7339754970632124E-017  -1.2035942898441564E-016  0.22674546827313141       -3.7892523175310610E-016   1.8743596807748329E-016  -1.0749469258151745E-016  0.21204387049603762       -3.4221642893788346E-016  -4.1602871425927496E-018  -4.3543913358182910E-018   1.2491310712406949E-018  -8.7726889500199797E-018   2.1583300151993724E-018  -6.6247905509274476E-018   1.2961110157129132E-015
   8.6756548337232990E-017   3.8275516320542172E-016  -3.7892523175310610E-016  0.66490340955178651        2.8669101915359247E-016   3.7214368111911540E-016   8.1516626504216035E-016  0.57366150835108576       -4.8657609204800040E-015  -2.7610712146157860E-017   1.3857754493190051E-017  -5.2583576495920352E-015  -1.3593916151906379E-017  -5.0080150287655050E-015 -0.27199258057314718     
  0.21204387049603773       -2.9935273733229846E-017   1.8743596807748329E-016   2.8669101915359247E-016  0.19829548681775505       -4.4540380498419975E-017   2.0092525010682455E-016   2.2336890931484888E-016   9.5994596693801639E-019  -5.6572955584909768E-018   1.0256967783273993E-018   1.4939782224908767E-018   2.8034224003056526E-018  -2.4539241894321840E-018  -3.4585688385920806E-016
  -4.6489685654367984E-017  0.21204387049603762       -1.0749469258151745E-016   3.7214368111911540E-016  -4.4540380498419975E-017  0.19829548681775491       -9.7343849741621286E-017   3.7843725664917919E-016  -5.2226464609300886E-017   1.8785426928239394E-018   1.0687244902845849E-018  -3.8307882511663388E-017   2.3417081964917721E-019  -4.1513531454361543E-017  -1.3093755480788225E-016
   9.9746599868666950E-017  -1.0914979496045182E-016  0.21204387049603762        8.1516626504216035E-016   2.0092525010682455E-016  -9.7343849741621286E-017  0.19829548681775483        6.4116750140047392E-016  -3.8905447363991478E-018  -4.0720637088505527E-018   1.1681405988835572E-018  -8.2038901760160595E-018   2.0183894025143482E-018  -6.1952560302291017E-018  -1.3842512404862696E-015
   3.6153331901889887E-017   3.9648737611417510E-016  -3.4221642893788346E-016  0.57366150835108576        2.2336890931484888E-016   3.7843725664917919E-016   6.4116750140047392E-016  0.49595025190815034       -4.1810050538953697E-015  -2.2920085206863822E-017   1.5295641768575320E-017  -4.5414518559586649E-015  -1.1783324721007626E-017  -4.3200506528767544E-015 -0.18995798308263773     
   1.0265017200514951E-018  -5.5847472253659394E-017  -4.1602871425927496E-018  -4.8657609204800040E-015   9.5994596693801639E-019  -5.2226464609300886E-017  -3.8905447363991478E-018  -4.1810050538953697E-015   3.5909240937667408E-029   2.1683466594158104E-031  -4.5336563213900263E-032   3.8411957696161820E-029   9.8466708890657314E-032   3.6672096637151267E-029   2.7451840745418357E-015
  -6.0495317670289019E-018   2.0087873398981074E-018  -4.3543913358182910E-018  -2.7610712146157860E-017  -5.6572955584909768E-018   1.8785426928239394E-018  -4.0720637088505527E-018  -2.2920085206863822E-017   2.1683466594158104E-031   2.2145129996718116E-033   2.3632281943045876E-033   2.1394537094089720E-031   3.9631930764303484E-034   2.0842301303716373E-031   5.1215738134504739E-017
   1.0968112200744985E-018   1.1428221642892220E-018   1.2491310712406949E-018   1.3857754493190051E-017   1.0256967783273993E-018   1.0687244902845849E-018   1.1681405988835572E-018   1.5295641768575320E-017  -4.5336563213900263E-032   2.3632281943045876E-033   1.1349869657350207E-032  -1.2530475705346387E-031  -4.3702714379202441E-034  -1.0221656327653302E-031   1.4217820360421345E-016
   1.5975599335009624E-018  -4.0963875722224699E-017  -8.7726889500199797E-018  -5.2583576495920352E-015   1.4939782224908767E-018  -3.8307882511663388E-017  -8.2038901760160595E-018  -4.5414518559586649E-015   3.8411957696161820E-029   2.1394537094089720E-031  -1.2530475705346387E-031   4.1614883322022657E-029   1.0765319830931081E-031   3.9610505342373767E-029   1.9440020463551515E-015
   2.9977915581227329E-018   2.5040654102872515E-019   2.1583300151993724E-018  -1.3593916151906379E-017   2.8034224003056526E-018   2.3417081964917721E-019   2.0183894025143482E-018  -1.1783324721007626E-017   9.8466708890657314E-032   3.9631930764303484E-034  -4.3702714379202441E-034   1.0765319830931081E-031   3.4136012765234449E-034   1.0220189092475537E-031   3.1328057494438487E-018
  -2.6240616535511332E-018  -4.4391781319924759E-017  -6.6247905509274476E-018  -5.0080150287655050E-015  -2.4539241894321840E-018  -4.1513531454361543E-017  -6.1952560302291017E-018  -4.3200506528767544E-015   3.6672096637151267E-029   2.0842301303716373E-031  -1.0221656327653302E-031   3.9610505342373767E-029   1.0220189092475537E-031   3.7729537647749498E-029   2.0811954012480237E-015
  -8.5786956362478554E-016   8.3917449764824054E-017   1.2961110157129132E-015 -0.27199258057314718       -3.4585688385920806E-016  -1.3093755480788225E-016  -1.3842512404862696E-015 -0.18995798308263773        2.7451840745418357E-015   5.1215738134504739E-017   1.4217820360421345E-016   1.9440020463551515E-015   3.1328057494438487E-018   2.0811954012480237E-015   2.0906659937161436     
