   7.5066649307758289E-006   1.2516219895716346E-011  -8.4963705815609502E-012   1.4912542875455291E-016  -7.0477953893566845E-006  -2.1643830433182509E-011   1.4843374278647570E-011   1.7158952490031444E-016  -6.1591207145044724E-019  -6.6024668227976187E-019   1.3713358115428440E-019   8.4297906289129463E-019  -1.9184467012992418E-018   3.2857055962711654E-020   3.1346971631077843E-003   4.4839493928171170E-009  -3.0447756054552972E-009  -1.2456125518884362E-015   1.4951791787403612E-003  -1.4789228975449013E-009   1.0053420571685807E-009  -3.2485813589003134E-016   1.4412849139299955E-015
   1.2516219895716346E-011   7.5066326525350662E-006  -2.1639129660772951E-011  -6.4624586294081316E-016  -2.1643830355622022E-011  -7.0477409266203490E-006   3.5808195427324104E-011  -7.6051324222180496E-016   1.5473387260221489E-018  -5.8944198705920107E-020  -1.5859244274503961E-018   9.9647521306354197E-019  -1.6388242344911453E-019  -1.2094660259626882E-018   4.4839477180624090E-009   3.1346856078370805E-003  -7.7421976952204736E-009   7.2715632140867073E-016  -1.4789232311068729E-009   1.4951829801413501E-003   2.5418858579920567E-009   5.3364340740617822E-017  -1.3550524602986832E-016
  -8.4963705815609502E-012  -2.1639129660772951E-011   7.5066268729631268E-006   4.5409071897102543E-016   1.4843374428855436E-011   3.5808195117224445E-011  -7.0477312753603231E-006   5.6628569099523960E-016  -6.4627181589784449E-018   2.8330826317788452E-019  -1.1678816849133549E-018  -3.6375296523784428E-018  -5.3564401890024819E-019  -6.8085622760172332E-018  -3.0447737031690414E-009  -7.7421965579510583E-009   3.1346835394339238E-003   1.9568580518141752E-016   1.0053414859905331E-009   2.5418859602716804E-009   1.4951836598695557E-003  -1.6348959482223909E-016   3.4383222516869386E-016
   1.4912542875455291E-016  -6.4624586294081316E-016   4.5409071897102543E-016  0.48594274054426739       -2.1591633760738888E-016   4.2684294976205023E-016   5.4654445957513246E-017  0.57244120118768871       -2.4683970966474554E-009   1.7638276564674601E-009  -2.1100143098498454E-009   6.8830201120681407E-010   6.6965799369193525E-009   1.7800872074662147E-009   1.2827797221261675E-015  -4.6445372020920710E-016  -3.0081939543454629E-015  0.30163070395498287       -2.5454926002968363E-015   2.0861036800828397E-015  -3.2060876248692704E-015 -0.10338824244538272       -2.5034355368107390E-002
  -7.0477953893566845E-006  -2.1643830355622022E-011   1.4843374428855436E-011  -2.1591633760738888E-016   1.1516592117949508E-005   1.0003441876639389E-011  -6.8596946459288659E-012  -2.5577843727953169E-016   2.1274155878897884E-018   2.2772873329612210E-018  -4.8288183897219960E-019  -1.1312503253468519E-018   3.0370399077952767E-018  -4.6778950766336976E-019  -8.3402432534550287E-004  -1.4379438865614944E-008   9.8721463345434670E-009   1.3381787088398205E-015  -4.4702330809608106E-003   4.6850160235889151E-009  -3.2182061582339864E-009   6.3462024382299113E-016  -1.2032108153694625E-015
  -2.1643830433182509E-011  -7.0477409266203490E-006   3.5808195117224445E-011   4.2684294976205023E-016   1.0003441876639389E-011   1.1516566940001936E-005  -1.6557278313052750E-011   5.0923744204245391E-016  -1.8361103602410876E-018   5.5669906816075999E-019   1.6173201033434615E-018  -8.2431679988515491E-019   1.6777656002346473E-019   1.6304591357883427E-018  -1.4379437380302953E-008  -8.3398823819489255E-004   2.3675486841754547E-008  -4.7742262794514079E-016   4.6850159517270832E-009  -4.4702448231453114E-003  -7.6953561299769540E-009  -6.4447969498580435E-017   1.0890045731850015E-016
   1.4843374278647570E-011   3.5808195427324104E-011  -7.0477312753603231E-006   5.4654445957513246E-017  -6.8596946459288659E-012  -1.6557278313052750E-011   1.1516562477785651E-005   2.3750570004686342E-017   7.0573992568457102E-018   1.4015178642105110E-019   1.1952300237660154E-018   4.3168885131329317E-018   1.4102443256557750E-018   8.4675638015394984E-018   9.8721454886728524E-009   2.3675486318874150E-008  -8.3398185054640731E-004  -2.4806201678570747E-016  -3.2182056726148591E-009  -7.6953563403886285E-009  -4.4702469004023974E-003  -1.2175524053293791E-016  -4.4817924116782767E-016
   1.7158952490031444E-016  -7.6051324222180496E-016   5.6628569099523960E-016  0.57244120118768871       -2.5577843727953169E-016   5.0923744204245391E-016   2.3750570004686342E-017  0.67438967308063325       -2.9120044861987004E-009   2.0731582728361304E-009  -2.4818918194922950E-009   8.1256309481880450E-010   7.8905803584644122E-009   2.0994321089335232E-009  -1.5759008228074752E-015   5.2515151524573677E-016   5.7127274324192728E-015  0.36230760881076851        1.6850023308930497E-015  -1.9948054460123714E-015   8.0489435405020945E-015 -0.11685717243792175       -2.4770590048721397E-002
  -6.1591207145044724E-019   1.5473387260221489E-018  -6.4627181589784449E-018  -2.4683970966474554E-009   2.1274155878897884E-018  -1.8361103602410876E-018   7.0573992568457102E-018  -2.9120044861987004E-009   1.3414763790279966E-017  -7.9842058169760390E-018   9.9350585403739796E-018  -3.8584435810853983E-018  -3.4411314088476991E-017  -9.5562811282386822E-018   4.0964186089672678E-016   4.8113509148481900E-016  -2.2727142712543123E-015  -2.9566437496624712E-009  -1.0922298981181573E-015   5.4811629408919480E-016  -1.9066962709698464E-015   1.0872559846102842E-009   2.5496013461044384E-010
  -6.6024668227976187E-019  -5.8944198705920107E-020   2.8330826317788452E-019   1.7638276564674601E-009   2.2772873329612210E-018   5.5669906816075999E-019   1.4015178642105110E-019   2.0731582728361304E-009  -7.9842058169760390E-018   7.4879420085646686E-018  -8.5303822330839628E-018   2.0952391389389470E-018   2.3866782364407780E-017   5.8889370253954432E-018   4.3772096981050197E-016   1.9119774904447385E-016   2.9312804644778271E-016  -4.9044756913200178E-010  -1.1688016953568776E-015  -3.2551641091103507E-016  -1.9775095320088727E-016   2.6666464983817258E-010   6.5559444483350396E-011
   1.3713358115428440E-019  -1.5859244274503961E-018  -1.1678816849133549E-018  -2.1100143098498454E-009  -4.8288183897219960E-019   1.6173201033434615E-018   1.1952300237660154E-018  -2.4818918194922950E-009   9.9350585403739796E-018  -8.5303822330839628E-018   9.8616740367941683E-018  -2.6650847556836141E-018  -2.8724214778211708E-017  -7.2699387259410852E-018  -9.5171266430297914E-017  -6.0701884435253942E-016  -4.4518716243941239E-016  -3.7126173056950874E-011   2.4895064978557081E-016  -3.9621440550086088E-016  -2.9442389350025383E-016  -6.8913986963318500E-011  -1.9055202936243813E-011
   8.4297906289129463E-019   9.9647521306354197E-019  -3.6375296523784428E-018   6.8830201120681407E-010  -1.1312503253468519E-018  -8.2431679988515491E-019   4.3168885131329317E-018   8.1256309481880450E-010  -3.8584435810853983E-018   2.0952391389389470E-018  -2.6650847556836141E-018   1.1245921973575200E-018   9.6485752290795334E-018   2.7338406131953557E-018   2.0575147766646710E-016   4.6400384789953561E-016  -1.1308427854339231E-015   1.0159154248709068E-009   3.8056712191529010E-016   1.2885169258207926E-016  -1.2888746158894221E-015  -3.7993548093693089E-010  -8.9318047268905404E-011
  -1.9184467012992418E-018  -1.6388242344911453E-019  -5.3564401890024819E-019   6.6965799369193525E-009   3.0370399077952767E-018   1.6777656002346473E-019   1.4102443256557750E-018   7.8905803584644122E-009  -3.4411314088476991E-017   2.3866782364407780E-017  -2.8724214778211708E-017   9.6485752290795334E-018   9.2461472659650677E-017   2.4762630698650296E-017  -2.6914029353489308E-016  -6.2442773743697362E-017   1.6688408936056825E-016   4.7995913711679129E-009  -1.1555896082085803E-015  -4.1347532480063035E-017  -6.7455188120096810E-016  -1.6581538580570674E-009  -3.8508952480647486E-010
   3.2857055962711654E-020  -1.2094660259626882E-018  -6.8085622760172332E-018   1.7800872074662147E-009  -4.6778950766336976E-019   1.6304591357883427E-018   8.4675638015394984E-018   2.0994321089335232E-009  -9.5562811282386822E-018   5.8889370253954432E-018  -7.2699387259410852E-018   2.7338406131953557E-018   2.4762630698650296E-017   6.8224122047919390E-018  -1.7436052425412017E-016  -2.9201197200810906E-016  -1.9498973963717673E-015   1.9407249387765527E-009   2.8000283057520187E-016  -5.5066552569161659E-016  -2.6549240454731050E-015  -7.0732071964758941E-010  -1.6564343452701051E-010
   3.1346971631077843E-003   4.4839477180624090E-009  -3.0447737031690414E-009   1.2827797221261675E-015  -8.3402432534550287E-004  -1.4379437380302953E-008   9.8721454886728524E-009  -1.5759008228074752E-015   4.0964186089672678E-016   4.3772096981050197E-016  -9.5171266430297914E-017   2.0575147766646710E-016  -2.6914029353489308E-016  -1.7436052425412017E-016   2.2168621113741707       -3.6138333140865384E-009   2.4722950837003633E-009  -4.3460707051852854E-016 -0.69559339560813349       -8.0029769267874135E-010   5.5180016230030697E-010   1.0331266516127938E-016   2.9394894062222535E-016
   4.4839493928171170E-009   3.1346856078370805E-003  -7.7421965579510583E-009  -4.6445372020920710E-016  -1.4379438865614944E-008  -8.3398823819489255E-004   2.3675486318874150E-008   5.2515151524573677E-016   4.8113509148481900E-016   1.9119774904447385E-016  -6.0701884435253942E-016   4.6400384789953561E-016  -6.2442773743697362E-017  -2.9201197200810906E-016  -3.6138333140865384E-009   2.2168621205223045        6.0437425954422332E-009  -8.7807011973000004E-017  -8.0029668369309458E-010 -0.69559339362086847        1.2924755534651037E-009  -1.7529622651587467E-016   2.5517802841068525E-017
  -3.0447756054552972E-009  -7.7421976952204736E-009   3.1346835394339238E-003  -3.0081939543454629E-015   9.8721463345434670E-009   2.3675486841754547E-008  -8.3398185054640731E-004   5.7127274324192728E-015  -2.2727142712543123E-015   2.9312804644778271E-016  -4.4518716243941239E-016  -1.1308427854339231E-015   1.6688408936056825E-016  -1.9498973963717673E-015   2.4722950837003633E-009   6.0437425954422332E-009   2.2168621221475804       -7.0591352869349845E-016   5.5180145538292183E-010   1.2924758885767487E-009 -0.69559339327071801        8.0180880377497645E-016   3.9589586093703229E-017
  -1.2456125518884362E-015   7.2715632140867073E-016   1.9568580518141752E-016  0.30163070395498287        1.3381787088398205E-015  -4.7742262794514079E-016  -2.4806201678570747E-016  0.36230760881076851       -2.9566437496624712E-009  -4.9044756913200178E-010  -3.7126173056950874E-011   1.0159154248709068E-009   4.7995913711679129E-009   1.9407249387765527E-009  -4.3460707051852854E-016  -8.7807011973000004E-017  -7.0591352869349845E-016   2.5033429644036564       -3.9859392623900374E-016   8.3900803549575782E-017   2.2477304951868080E-016 -0.94564178753633932      -0.21743522893307565     
   1.4951791787403612E-003  -1.4789232311068729E-009   1.0053414859905331E-009  -2.5454926002968363E-015  -4.4702330809608106E-003   4.6850159517270832E-009  -3.2182056726148591E-009   1.6850023308930497E-015  -1.0922298981181573E-015  -1.1688016953568776E-015   2.4895064978557081E-016   3.8056712191529010E-016  -1.1555896082085803E-015   2.8000283057520187E-016 -0.69559339560813349       -8.0029668369309458E-010   5.5180145538292183E-010  -3.9859392623900374E-016   2.2169656115095679        9.0513696165202707E-010  -6.2250637559201093E-010   5.1329845017023417E-016   2.0399002120889466E-016
  -1.4789228975449013E-009   1.4951829801413501E-003   2.5418859602716804E-009   2.0861036800828397E-015   4.6850160235889151E-009  -4.4702448231453114E-003  -7.6953563403886285E-009  -1.9948054460123714E-015   5.4811629408919480E-016  -3.2551641091103507E-016  -3.9621440550086088E-016   1.2885169258207926E-016  -4.1347532480063035E-017  -5.5066552569161659E-016  -8.0029769267874135E-010 -0.69559339362086847        1.2924758885767487E-009   8.3900803549575782E-017   9.0513696165202707E-010   2.2169656092477736       -1.4786715545060233E-009   2.0049721609253983E-016   3.5915069802413930E-016
   1.0053420571685807E-009   2.5418858579920567E-009   1.4951836598695557E-003  -3.2060876248692704E-015  -3.2182061582339864E-009  -7.6953561299769540E-009  -4.4702469004023974E-003   8.0489435405020945E-015  -1.9066962709698464E-015  -1.9775095320088727E-016  -2.9442389350025383E-016  -1.2888746158894221E-015  -6.7455188120096810E-016  -2.6549240454731050E-015   5.5180016230030697E-010   1.2924755534651037E-009 -0.69559339327071801        2.2477304951868080E-016  -6.2250637559201093E-010  -1.4786715545060233E-009   2.2169656088481591       -8.1135930210445761E-016  -1.0788313031822814E-015
  -3.2485813589003134E-016   5.3364340740617822E-017  -1.6348959482223909E-016 -0.10338824244538272        6.3462024382299113E-016  -6.4447969498580435E-017  -1.2175524053293791E-016 -0.11685717243792175        1.0872559846102842E-009   2.6666464983817258E-010  -6.8913986963318500E-011  -3.7993548093693089E-010  -1.6581538580570674E-009  -7.0732071964758941E-010   1.0331266516127938E-016  -1.7529622651587467E-016   8.0180880377497645E-016 -0.94564178753633932        5.1329845017023417E-016   2.0049721609253983E-016  -8.1135930210445761E-016   2.5146694254561504       0.66513015934714537     
   1.4412849139299955E-015  -1.3550524602986832E-016   3.4383222516869386E-016  -2.5034355368107390E-002  -1.2032108153694625E-015   1.0890045731850015E-016  -4.4817924116782767E-016  -2.4770590048721397E-002   2.5496013461044384E-010   6.5559444483350396E-011  -1.9055202936243813E-011  -8.9318047268905404E-011  -3.8508952480647486E-010  -1.6564343452701051E-010   2.9394894062222535E-016   2.5517802841068525E-017   3.9589586093703229E-017 -0.21743522893307565        2.0399002120889466E-016   3.5915069802413930E-016  -1.0788313031822814E-015  0.66513015934714537        2.1764646110217374     
