  0.27769079649045825       -7.9013761614656884E-017  -1.7531798787924488E-016   6.5384007771361700E-016  0.49616999813955726       -5.3811818257305462E-016   3.2248905206410003E-016   5.6043866128177289E-016   3.4584386741671494E-018  -6.5543779447741625E-018   8.8102798710279848E-018   4.9438210082408118E-017   1.6883446135246575E-018   1.1242051618221217E-018 -0.20030021037363649       -1.2126755241833852E-015   2.2776867766883329E-016  -6.7398867151059179E-016  -2.4100169552706616E-017
  -7.9013761614656884E-017  0.27769079649045608        2.5705303229362763E-016  -9.5987754231718521E-016   8.2846267115815782E-016  0.49616999813955814       -4.9530575294041900E-016  -5.6220932089715429E-016   4.5747836593669896E-017   1.6012012593906368E-018  -1.1503278144646194E-017   1.0428173814968193E-017  -2.8982370539210601E-018   5.5076915909479525E-017   2.9259777310358496E-016 -0.20030021037363008        9.9606424739155577E-016   8.2161613983614667E-017   2.8896862289785477E-017
  -1.7531798787924488E-016   2.5705303229362763E-016  0.27769079649045825       -2.1747349331437259E-016   2.1046456210248662E-016   3.5594125712127714E-016  0.49616999813955825       -8.5920258391253352E-016   4.6254927992757806E-016  -5.3819975757919762E-017   3.8874030321928058E-017   5.3153234460731505E-016   3.8489429942261738E-017   4.7398762864934684E-016   2.7249610603762711E-016  -6.3329487680563614E-016 -0.20030021037363449       -5.9793892308306377E-016  -1.7487780103669467E-016
   6.5384007771361700E-016  -9.5987754231718521E-016  -2.1747349331437259E-016  0.21450906414420867        4.2095770238859890E-017  -1.6662018588407119E-016   9.1065036378510278E-016  0.50611938052625749       -8.0490588357773239E-015  -2.9733310053437801E-017   3.7148584782956443E-018  -7.6772685331052086E-015   8.5753923830925428E-017  -8.8157602586307854E-015   6.6445151339931228E-016  -2.4904730527252504E-015  -7.4981647629415320E-016 -0.25965609422347791        6.1377527257658812E-002
  0.49616999813955726        8.2846267115815782E-016   2.1046456210248662E-016   4.2095770238859890E-017  0.88818098695664593        8.2603540718899834E-016   1.5000575724211157E-015  -1.6772964669995176E-015  -1.0387133418831726E-017  -2.2425181579787875E-017   2.2126500786751947E-017   9.2781434587434351E-017  -6.9741277702208412E-018   8.2333387174229010E-018 -0.30119915544151188        3.9651948660186532E-016   4.7544971577871982E-016   1.3562172018976113E-015  -1.2456815650789530E-016
  -5.3811818257305462E-016  0.49616999813955814        3.5594125712127714E-016  -1.6662018588407119E-016   8.2603540718899834E-016  0.88818098695665526       -1.0711770446589154E-015   2.8904368765840113E-015   8.5167977881422117E-017   1.8582116734139986E-018  -2.4476938669686563E-017   2.2136301039446622E-017  -3.9843106475533847E-018   9.5684892116664731E-017  -5.6507817842600540E-016 -0.30119915544151776       -4.2026196128555908E-016  -9.3462613671183671E-016   9.9026560315387768E-017
   3.2248905206410003E-016  -4.9530575294041900E-016  0.49616999813955825        9.1065036378510278E-016   1.5000575724211157E-015  -1.0711770446589154E-015  0.88818098695664915        1.7112107009677492E-015   8.0870296563164612E-016  -9.2628239448552156E-017   9.0687067806542262E-017   9.5535511848316336E-016   5.7881082849751423E-017   8.4913628566690982E-016  -8.3509526414820768E-016   1.7671891900538845E-015 -0.30119915544151715        3.1654568793765221E-016   2.0019137354820056E-016
   5.6043866128177289E-016  -5.6220932089715429E-016  -8.5920258391253352E-016  0.50611938052625749       -1.6772964669995176E-015   2.8904368765840113E-015   1.7112107009677492E-015   1.1965977917345421       -1.9033235727814983E-014  -6.6140769768672466E-017   9.4996653464659691E-018  -1.8182428963719740E-014   1.5845728315613265E-016  -2.0880434639300033E-014   3.2697459327457580E-016   1.8193308432505891E-016   1.5196099960997284E-015 -0.54303430792373553       0.10977334482188270     
   3.4584386741671494E-018   4.5747836593669896E-017   4.6254927992757806E-016  -8.0490588357773239E-015  -1.0387133418831726E-017   8.5167977881422117E-017   8.0870296563164612E-016  -1.9033235727814983E-014   3.0548198788548121E-028   1.3526884483987368E-030  -2.7663978894959489E-031   2.9015469314406263E-028  -1.6643191926812101E-030   3.3389990099719801E-028  -5.7566440311445083E-016   8.5570679674122427E-017  -9.4833855621460303E-016   8.9803287695819581E-015  -8.4460446513828862E-017
  -6.5543779447741625E-018   1.6012012593906368E-018  -5.3819975757919762E-017  -2.9733310053437801E-017  -2.2425181579787875E-017   1.8582116734139986E-018  -9.2628239448552156E-017  -6.6140769768672466E-017   1.3526884483987368E-030   1.6720853345151395E-031   2.3148662556107689E-032   8.5190227353300454E-031   5.5637021630699091E-032   1.1745692243461128E-030  -3.6595514702384432E-016  -3.5848732519626175E-017   1.6115078475510491E-016   2.3993516155721921E-016   2.6741549952376392E-016
   8.8102798710279848E-018  -1.1503278144646194E-017   3.8874030321928058E-017   3.7148584782956443E-018   2.2126500786751947E-017  -2.4476938669686563E-017   9.0687067806542262E-017   9.4996653464659691E-018  -2.7663978894959489E-031   2.3148662556107689E-032   3.2414767658836210E-031   1.2082760887233762E-032  -1.5170283414038662E-031   2.0968864346149780E-032   2.1453734934019352E-016  -1.2743768763889238E-016   7.0640765828628952E-016   4.7995606508686133E-017   1.0794362149884489E-016
   4.9438210082408118E-017   1.0428173814968193E-017   5.3153234460731505E-016  -7.6772685331052086E-015   9.2781434587434351E-017   2.2136301039446622E-017   9.5535511848316336E-016  -1.8182428963719740E-014   2.9015469314406263E-028   8.5190227353300454E-031   1.2082760887233762E-032   2.7775931025384157E-028  -1.7919939491733129E-030   3.1876392369997435E-028   1.1818496865237775E-016   1.1369337261591622E-016  -1.8867075946251438E-016   7.3746952979683122E-015  -1.1002620836393870E-015
   1.6883446135246575E-018  -2.8982370539210601E-018   3.8489429942261738E-017   8.5753923830925428E-017  -6.9741277702208412E-018  -3.9843106475533847E-018   5.7881082849751423E-017   1.5845728315613265E-016  -1.6643191926812101E-030   5.5637021630699091E-032  -1.5170283414038662E-031  -1.7919939491733129E-030   1.1275878972767058E-030  -1.7436539937500230E-030  -3.4687969677967477E-016   4.3406607724312161E-017  -4.0455994965225007E-016  -1.2128249056031658E-015   1.1763895769578540E-015
   1.1242051618221217E-018   5.5076915909479525E-017   4.7398762864934684E-016  -8.8157602586307854E-015   8.2333387174229010E-018   9.5684892116664731E-017   8.4913628566690982E-016  -2.0880434639300033E-014   3.3389990099719801E-028   1.1745692243461128E-030   2.0968864346149780E-032   3.1876392369997435E-028  -1.7436539937500230E-030   3.6644471603692505E-028   2.1454904970648416E-016  -1.3400581005538355E-016  -2.6478176944090762E-016   8.6641437296980553E-015  -3.3497802850337007E-016
 -0.20030021037363649        2.9259777310358496E-016   2.7249610603762711E-016   6.6445151339931228E-016 -0.30119915544151188       -5.6507817842600540E-016  -8.3509526414820768E-016   3.2697459327457580E-016  -5.7566440311445083E-016  -3.6595514702384432E-016   2.1453734934019352E-016   1.1818496865237775E-016  -3.4687969677967477E-016   2.1454904970648416E-016   2.1058904477760860        2.0603836449292454E-016  -4.3654567559397386E-016  -6.8405131163588532E-016   9.2174989005052169E-017
  -1.2126755241833852E-015 -0.20030021037363008       -6.3329487680563614E-016  -2.4904730527252504E-015   3.9651948660186532E-016 -0.30119915544151776        1.7671891900538845E-015   1.8193308432505891E-016   8.5570679674122427E-017  -3.5848732519626175E-017  -1.2743768763889238E-016   1.1369337261591622E-016   4.3406607724312161E-017  -1.3400581005538355E-016   2.0603836449292454E-016   2.1058904477760798       -7.8938247314259245E-016   5.6480221683650410E-016  -1.0937204638413053E-016
   2.2776867766883329E-016   9.9606424739155577E-016 -0.20030021037363449       -7.4981647629415320E-016   4.7544971577871982E-016  -4.2026196128555908E-016 -0.30119915544151715        1.5196099960997284E-015  -9.4833855621460303E-016   1.6115078475510491E-016   7.0640765828628952E-016  -1.8867075946251438E-016  -4.0455994965225007E-016  -2.6478176944090762E-016  -4.3654567559397386E-016  -7.8938247314259245E-016   2.1058904477760865       -1.5583309534075088E-015   2.1197470024394632E-016
  -6.7398867151059179E-016   8.2161613983614667E-017  -5.9793892308306377E-016 -0.25965609422347791        1.3562172018976113E-015  -9.3462613671183671E-016   3.1654568793765221E-016 -0.54303430792373553        8.9803287695819581E-015   2.3993516155721921E-016   4.7995606508686133E-017   7.3746952979683122E-015  -1.2128249056031658E-015   8.6641437296980553E-015  -6.8405131163588532E-016   5.6480221683650410E-016  -1.5583309534075088E-015   2.4156717627830933      -0.63015812061165966     
  -2.4100169552706616E-017   2.8896862289785477E-017  -1.7487780103669467E-016   6.1377527257658812E-002  -1.2456815650789530E-016   9.9026560315387768E-017   2.0019137354820056E-016  0.10977334482188270       -8.4460446513828862E-017   2.6741549952376392E-016   1.0794362149884489E-016  -1.1002620836393870E-015   1.1763895769578540E-015  -3.3497802850337007E-016   9.2174989005052169E-017  -1.0937204638413053E-016   2.1197470024394632E-016 -0.63015812061165966        2.1648347360057816     
