  0.37791929038784233       -1.8659694665018897E-017   9.0303941299558400E-017   2.1894566130209527E-016   1.5938595401919911E-017  -1.8863993391915958E-017   9.0547398728090695E-018  -6.0432008997651651E-017  -6.4010187374525332E-017   4.4493413595740677E-017  0.53418853184478166        3.3501035389893938E-018   1.5320101489687638E-017  -1.2726742352214511E-016  -2.5200990681253330E-016
  -1.8659694665018897E-017  0.37791929038783978        8.4628297016558734E-018  -7.9260529482348854E-017  -2.1955264770694879E-017  -1.4284092314102251E-017   4.0931668304441197E-019   1.7163738098253529E-017  -2.2254617953805959E-017   4.7915266724395994E-018   8.9112012983290003E-017  0.53418853184477966        5.3393604156161611E-017  -1.4547341307322819E-017   1.0480688411632789E-016
   9.0303941299558400E-017   8.4628297016558734E-018  0.37791929038784039       -2.4685330547791142E-017   1.3112248876006237E-017  -8.3741513894062348E-019  -1.4438436709999796E-017   7.7032799167749236E-017   1.2113517532271813E-016  -9.0145048043751875E-017  -4.2200642439966179E-016   1.6442850623376786E-017  0.53418853184478021       -2.9554938869931825E-016  -2.4409441832189656E-016
   2.1894566130209527E-016  -7.9260529482348854E-017  -2.4685330547791142E-017  0.59124908650971830        2.6923854002616762E-015  -1.8868689323461827E-016   1.0213992895354706E-016   1.9732640157182568E-015  -2.3559861260164722E-016   2.5321643988803059E-015   3.5860576830959217E-016  -1.2686851207359906E-016  -2.1195328930599787E-016  0.59604425532116823      -0.27101127502383549     
   1.5938595401919911E-017  -2.1955264770694879E-017   1.3112248876006237E-017   2.6923854002616762E-015   1.2704202441798649E-029  -6.1074769992441079E-031   5.9424014729575740E-031   8.5598811115729990E-030  -1.4609986489936461E-030   1.1889909059868007E-029   2.2529188358397938E-017  -3.1033744379877539E-017   1.8534150424204597E-017   2.7369791141163716E-015  -3.0033552948031888E-016
  -1.8863993391915958E-017  -1.4284092314102251E-017  -8.3741513894062348E-019  -1.8868689323461827E-016  -6.1074769992441079E-031   2.0156655917488394E-031   3.9732334925397319E-032  -8.6673882624885051E-031  -1.4110772137505148E-031  -6.0728272179692191E-031  -2.6664235436131517E-017  -2.0190549929787596E-017  -1.1836854455250155E-018  -1.7740676891228111E-016   6.1211192750121381E-016
   9.0547398728090695E-018   4.0931668304441197E-019  -1.4438436709999796E-017   1.0213992895354706E-016   5.9424014729575740E-031   3.9732334925397319E-032   5.6268453566153670E-032   2.1207237680637359E-031  -1.6137076266530768E-031   5.4757000081659866E-031   1.2798865582988339E-017   5.7856871436935337E-019  -2.0408715576104200E-017   1.0963275739273152E-016   2.2663059320680284E-016
  -6.0432008997651651E-017   1.7163738098253529E-017   7.7032799167749236E-017   1.9732640157182568E-015   8.5598811115729990E-030  -8.6673882624885051E-031   2.1207237680637359E-031   7.0209027362986090E-030  -3.7602718504102043E-031   8.0784981247137938E-030  -8.5420583134977177E-017   2.4260926311184016E-017   1.0888578312338382E-016   1.9673590645019920E-015  -1.8034160318426078E-015
  -6.4010187374525332E-017  -2.2254617953805959E-017   1.2113517532271813E-016  -2.3559861260164722E-016  -1.4609986489936461E-030  -1.4110772137505148E-031  -1.6137076266530768E-031  -3.7602718504102043E-031   4.9110069148582173E-031  -1.3651388302430474E-030  -9.0478334624347774E-017  -3.1456879799149325E-017   1.7122444687593235E-016  -2.5766491354920017E-016  -7.1900901977319470E-016
   4.4493413595740677E-017   4.7915266724395994E-018  -9.0145048043751875E-017   2.5321643988803059E-015   1.1889909059868007E-029  -6.0728272179692191E-031   5.4757000081659866E-031   8.0784981247137938E-030  -1.3651388302430474E-030   1.1166071706588718E-029   6.2891394776592760E-017   6.7728180686908741E-018  -1.2741993354758536E-016   2.5712950657005096E-015  -3.9773198228428869E-016
  0.53418853184478166        8.9112012983290003E-017  -4.2200642439966179E-016   3.5860576830959217E-016   2.2529188358397938E-017  -2.6664235436131517E-017   1.2798865582988339E-017  -8.5420583134977177E-017  -9.0478334624347774E-017   6.2891394776592760E-017  0.75507494539808551        1.6797651549157907E-016  -7.5525137083353227E-016  -1.1279545233297294E-016   3.4226969232145415E-016
   3.3501035389893938E-018  0.53418853184477966        1.6442850623376786E-017  -1.2686851207359906E-016  -3.1033744379877539E-017  -2.0190549929787596E-017   5.7856871436935337E-019   2.4260926311184016E-017  -3.1456879799149325E-017   6.7728180686908741E-018   1.6797651549157907E-016  0.75507494539808495        8.1805206789439017E-017  -3.4533820318138056E-017   1.9527607558059271E-016
   1.5320101489687638E-017   5.3393604156161611E-017  0.53418853184478021       -2.1195328930599787E-016   1.8534150424204597E-017  -1.1836854455250155E-018  -2.0408715576104200E-017   1.0888578312338382E-016   1.7122444687593235E-016  -1.2741993354758536E-016  -7.5525137083353227E-016   8.1805206789439017E-017  0.75507494539808528       -5.8829394469184275E-016   6.2796536764047243E-017
  -1.2726742352214511E-016  -1.4547341307322819E-017  -2.9554938869931825E-016  0.59604425532116823        2.7369791141163716E-015  -1.7740676891228111E-016   1.0963275739273152E-016   1.9673590645019920E-015  -2.5766491354920017E-016   2.5712950657005096E-015  -1.1279545233297294E-016  -3.4533820318138056E-017  -5.8829394469184275E-016  0.60205161995885592      -0.22506741208491224     
  -2.5200990681253330E-016   1.0480688411632789E-016  -2.4409441832189656E-016 -0.27101127502383549       -3.0033552948031888E-016   6.1211192750121381E-016   2.2663059320680284E-016  -1.8034160318426078E-015  -7.1900901977319470E-016  -3.9773198228428869E-016   3.4226969232145415E-016   1.9527607558059271E-016   6.2796536764047243E-017 -0.22506741208491224        2.0995274632752543     
