   7.8413568048236205E-006  -3.2822435994417571E-011   4.7692402127079056E-012   5.0534654699798987E-016  -8.3129220769836175E-006   4.1708260878554973E-011  -1.7329645331886189E-011   1.9494874558525566E-016   3.7144358731030654E-003  -9.7272935301268155E-009   1.4300342321982580E-009  -1.0065659113051461E-016   1.4051416135316523E-018   9.6533242999752029E-019   1.9575189776237137E-018  -1.9114939574218921E-018   1.1340356583941496E-018   1.0276777360824073E-018   6.6356872486623563E-004   2.9424253086513454E-009  -4.5869406966415798E-010  -9.8612241624286583E-016  -6.0245800168856564E-016
  -3.2822435994417571E-011   7.8411980605090640E-006   1.9085174236987030E-010   5.0022316927595289E-016   4.1708262108575387E-011  -8.3126588852888305E-006  -2.7043102935648937E-010   1.9272467334142258E-016  -9.7272942013394001E-009   3.7143887368234693E-003   5.6602190953821164E-008  -1.0593259011503388E-015   8.3545936648755879E-020   2.7904589803236370E-020   2.8040046935847039E-019  -1.1380442774279828E-018  -5.0093846393073243E-020  -7.9654762461256695E-019   2.9424247210186582E-009   6.6358312567097702E-004  -1.7186377508232683E-008   7.1157772881426814E-016  -4.9444320445022185E-016
   4.7692402127079056E-012   1.9085174236987030E-010   7.8412537645382253E-006   1.5557393687283272E-016  -1.7329646371011322E-011  -2.7043103082228526E-010  -8.3127397542580986E-006   6.3286613002340666E-017   1.4300337138105143E-009   5.6602187486588674E-008   3.7144052601983737E-003   2.0791233892484967E-015  -6.9852287053205839E-020   2.1432857660320662E-019   2.0104208538649489E-018   1.2388904237090986E-018  -6.1334240501281341E-019   2.2305653357555043E-018  -4.5869317388301291E-010  -1.7186379483864637E-008   6.6357810412022043E-004  -2.1192953962063269E-015  -6.2130374474130635E-016
   5.0534654699798987E-016   5.0022316927595289E-016   1.5557393687283272E-016  0.57488343721207691       -2.1821610859746831E-016  -3.8112540629538335E-016   2.2239467831702325E-017  0.22233413853182077        1.1348183409131310E-015  -1.9015936214655548E-015   1.5931178645615311E-015  0.19225874167839621        1.3122555659747337E-008   4.7056384485483483E-009   7.6029589742444417E-009  -6.3142105841244449E-009  -6.8376633737851864E-009  -6.8083426558379708E-009  -2.1519994333290163E-015   1.0301452047396535E-015  -8.9472161749840628E-016   5.0227571180492189E-002  -1.3981479313315859E-002
  -8.3129220769836175E-006   4.1708262108575387E-011  -1.7329646371011322E-011  -2.1821610859746831E-016   1.0176865880031201E-005  -4.7171315209145994E-011   2.5941344724611525E-011  -8.9836279125523146E-017  -3.1702166255043970E-003   1.6455547383157679E-008  -9.1103746377609046E-009  -6.6216221507458856E-016  -8.3014605220396269E-019  -1.3532636142828830E-018  -2.3880797335863806E-018   2.6161299777482483E-018  -1.5742461145705898E-018  -1.7749092040180160E-018  -2.4096950707937922E-003  -4.9759490471981313E-009   2.8063556294113915E-009   1.4292122856851131E-015   6.6562792738348318E-016
   4.1708260878554973E-011  -8.3126588852888305E-006  -2.7043103082228526E-010  -3.8112540629538335E-016  -4.7171315209145994E-011   1.0176533621524747E-005   3.2155985563922341E-010  -1.4639502287289431E-016   1.6455547836364597E-008  -3.1701003864920878E-003  -1.1232568162835504E-007   1.0616279516189970E-015   7.7100932678211923E-020   2.7535551176363350E-019  -3.6657110374700997E-019   1.6238241840327670E-018  -1.9025885584563568E-019   1.6661279961271166E-018  -4.9759488556310109E-009  -2.4097305008843723E-003   3.4093396395335946E-008  -6.0142874120930870E-016   7.3461129778919974E-016
  -1.7329645331886189E-011  -2.7043102935648937E-010  -8.3127397542580986E-006   2.2239467831702325E-017   2.5941344724611525E-011   3.2155985563922341E-010   1.0176630758013459E-005   5.9784913803546819E-018  -9.1103744734387297E-009  -1.1232567691220815E-007  -3.1701343266433172E-003  -1.1765230437662011E-015   2.4517079773575605E-020  -3.4902143371612078E-019  -3.6066747663702603E-018  -1.9888283716897532E-018   1.0825021795554768E-018  -1.8936698681791728E-018   2.8063558868648026E-009   3.4093398986065042E-008  -2.4097201917363279E-003   2.8614256337670357E-015   3.2460574484167038E-016
   1.9494874558525566E-016   1.9272467334142258E-016   6.3286613002340666E-017  0.22233413853182077       -8.9836279125523146E-017  -1.4639502287289431E-016   5.9784913803546819E-018   8.6005434459670752E-002  -1.7508982405262444E-015   1.5399657105569934E-015  -2.3275150412032398E-015   7.8954904607640070E-002   5.0185152089788258E-009   1.8187192008175936E-009   2.9200823777955835E-009  -2.4066193771413761E-009  -2.6884259199347367E-009  -2.6118948812075315E-009   2.8640235111812049E-015   9.8997018201883999E-018  -9.1648607485585847E-018   1.6984361315843865E-002  -3.0465986054563133E-003
   3.7144358731030654E-003  -9.7272942013394001E-009   1.4300337138105143E-009   1.1348183409131310E-015  -3.1702166255043970E-003   1.6455547836364597E-008  -9.1103744734387297E-009  -1.7508982405262444E-015   2.1914857281729070       -6.2326234791202782E-009   4.2839583508433169E-009  -3.1714446995388950E-016   1.0367268096736587E-015   2.7163473604977376E-016   7.5121550693544856E-016  -5.7361919949756777E-016   3.2784070076098980E-016   1.0109558358421215E-016 -0.64584044616738601        1.6391462411752999E-009  -1.1533778471149522E-009  -5.8591371707555301E-016  -1.8740437273542886E-016
  -9.7272935301268155E-009   3.7143887368234693E-003   5.6602187486588674E-008  -1.9015936214655548E-015   1.6455547383157679E-008  -3.1701003864920878E-003  -1.1232567691220815E-007   1.5399657105569934E-015  -6.2326234791202782E-009   2.1914856796009503        4.4607942007921213E-008  -9.8412066024936602E-016   1.3279089391664472E-016   1.8481773399829962E-016   9.3815111591250165E-017  -3.0422182970981984E-016  -1.6068368467410288E-016   8.5081794207449054E-017   1.6391460946089538E-009 -0.64584043324747931       -1.1797826904893756E-008  -5.9572040512559846E-016   1.5451094718564720E-015
   1.4300342321982580E-009   5.6602190953821164E-008   3.7144052601983737E-003   1.5931178645615311E-015  -9.1103746377609046E-009  -1.1232568162835504E-007  -3.1701343266433172E-003  -2.3275150412032398E-015   4.2839583508433169E-009   4.4607942007921213E-008   2.1914856932017099        2.4235087532745471E-015  -6.0948428569248679E-017   3.2981795324342330E-017   1.2208727463456297E-016   2.0674935070322675E-016  -4.7260578061175505E-017   1.3216771947014563E-015  -1.1533774448471470E-009  -1.1797827019507478E-008 -0.64584043684831571        1.3699687256961819E-015  -1.2219837194953575E-015
  -1.0065659113051461E-016  -1.0593259011503388E-015   2.0791233892484967E-015  0.19225874167839621       -6.6216221507458856E-016   1.0616279516189970E-015  -1.1765230437662011E-015   7.8954904607640070E-002  -3.1714446995388950E-016  -9.8412066024936602E-016   2.4235087532745471E-015   2.3509930415105429       -2.4112072575600138E-008   9.7172286812628391E-010  -7.7077046654031647E-009   1.5702085501585543E-008  -2.4390587849744257E-008   8.4099922914861771E-009  -1.5847086800197802E-015  -5.5893480335712865E-016   6.4138834492905533E-016  0.85333301322885258      -0.19583741699064164     
   1.4051416135316523E-018   8.3545936648755879E-020  -6.9852287053205839E-020   1.3122555659747337E-008  -8.3014605220396269E-019   7.7100932678211923E-020   2.4517079773575605E-020   5.0185152089788258E-009   1.0367268096736587E-015   1.3279089391664472E-016  -6.0948428569248679E-017  -2.4112072575600138E-008   6.5482604815709683E-016   1.1491937389051789E-016   3.0132937315659844E-016  -3.6619352834144676E-016   1.1945569458577997E-016  -2.8863251904119933E-016  -7.0602014217644313E-016  -2.0014914989343588E-016   5.6033557668826201E-017  -9.6348017850392537E-009   2.2322381218870426E-009
   9.6533242999752029E-019   2.7904589803236370E-020   2.1432857660320662E-019   4.7056384485483483E-009  -1.3532636142828830E-018   2.7535551176363350E-019  -3.4902143371612078E-019   1.8187192008175936E-009   2.7163473604977376E-016   1.8481773399829962E-016   3.2981795324342330E-017   9.7172286812628391E-010   1.1491937389051789E-016   3.8676090548430981E-017   6.4932834493356694E-017  -5.6375807662574452E-017  -5.0147743589942383E-017  -5.8543547555226562E-017   4.9433081033028387E-016  -3.7907011442495890E-016   1.7049386161064059E-016   1.7234641106326012E-010  -5.2477522581668056E-011
   1.9575189776237137E-018   2.8040046935847039E-019   2.0104208538649489E-018   7.6029589742444417E-009  -2.3880797335863806E-018  -3.6657110374700997E-019  -3.6066747663702603E-018   2.9200823777955835E-009   7.5121550693544856E-016   9.3815111591250165E-017   1.2208727463456297E-016  -7.7077046654031647E-009   3.0132937315659844E-016   6.4932834493356694E-017   1.4650810159505199E-016  -1.6337319443147011E-016   8.6685715885677599E-018  -1.3795616629940128E-016   5.5698602034064259E-016   1.1042961203809954E-016   2.0156075800491264E-015  -3.2204734900868537E-009   7.3796514979450599E-010
  -1.9114939574218921E-018  -1.1380442774279828E-018   1.2388904237090986E-018  -6.3142105841244449E-009   2.6161299777482483E-018   1.6238241840327670E-018  -1.9888283716897532E-018  -2.4066193771413761E-009  -5.7361919949756777E-016  -3.0422182970981984E-016   2.0674935070322675E-016   1.5702085501585543E-008  -3.6619352834144676E-016  -5.6375807662574452E-017  -1.6337319443147011E-016   2.0814693458006844E-016  -9.7115954358091718E-017   1.5804660123019116E-016  -8.9939268756795575E-016  -6.1836919168279431E-016   9.4974759183058855E-016   6.1822515382984097E-009  -1.4376829239297812E-009
   1.1340356583941496E-018  -5.0093846393073243E-020  -6.1334240501281341E-019  -6.8376633737851864E-009  -1.5742461145705898E-018  -1.9025885584563568E-019   1.0825021795554768E-018  -2.6884259199347367E-009   3.2784070076098980E-016  -1.6068368467410288E-016  -4.7260578061175505E-017  -2.4390587849744257E-008   1.1945569458577997E-016  -5.0147743589942383E-017   8.6685715885677599E-018  -9.7115954358091718E-017   2.9501535560194303E-016  -2.2339811308070621E-017   5.6131321474216945E-016   3.0017556335505431E-016  -5.9263586443695828E-016  -8.9164161717126487E-009   2.1140107284990423E-009
   1.0276777360824073E-018  -7.9654762461256695E-019   2.2305653357555043E-018  -6.8083426558379708E-009  -1.7749092040180160E-018   1.6661279961271166E-018  -1.8936698681791728E-018  -2.6118948812075315E-009   1.0109558358421215E-016   8.5081794207449054E-017   1.3216771947014563E-015   8.4099922914861771E-009  -2.8863251904119933E-016  -5.8543547555226562E-017  -1.3795616629940128E-016   1.5804660123019116E-016  -2.2339811308070621E-017   1.3058590956777070E-016   9.4433890749184641E-016  -1.0952646530975605E-015  -4.0041235898092971E-016   3.4525493291654510E-009  -7.9455407266945488E-010
   6.6356872486623563E-004   2.9424247210186582E-009  -4.5869317388301291E-010  -2.1519994333290163E-015  -2.4096950707937922E-003  -4.9759488556310109E-009   2.8063558868648026E-009   2.8640235111812049E-015 -0.64584044616738601        1.6391460946089538E-009  -1.1533774448471470E-009  -1.5847086800197802E-015  -7.0602014217644313E-016   4.9433081033028387E-016   5.5698602034064259E-016  -8.9939268756795575E-016   5.6131321474216945E-016   9.4433890749184641E-016   2.1904259260234995       -4.2141442163605441E-010   3.0424075473764098E-010  -1.4874955847454450E-016  -9.6506435656769231E-017
   2.9424253086513454E-009   6.6358312567097702E-004  -1.7186379483864637E-008   1.0301452047396535E-015  -4.9759490471981313E-009  -2.4097305008843723E-003   3.4093398986065042E-008   9.8997018201883999E-018   1.6391462411752999E-009 -0.64584043324747931       -1.1797827019507478E-008  -5.5893480335712865E-016  -2.0014914989343588E-016  -3.7907011442495890E-016   1.1042961203809954E-016  -6.1836919168279431E-016   3.0017556335505431E-016  -1.0952646530975605E-015  -4.2141442163605441E-010   2.1904259226597915        3.0522557964203381E-009   4.9218335727799860E-017   2.9371545328891962E-016
  -4.5869406966415798E-010  -1.7186377508232683E-008   6.6357810412022043E-004  -8.9472161749840628E-016   2.8063556294113915E-009   3.4093396395335946E-008  -2.4097201917363279E-003  -9.1648607485585847E-018  -1.1533778471149522E-009  -1.1797826904893756E-008 -0.64584043684831571        6.4138834492905533E-016   5.6033557668826201E-017   1.7049386161064059E-016   2.0156075800491264E-015   9.4974759183058855E-016  -5.9263586443695828E-016  -4.0041235898092971E-016   3.0424075473764098E-010   3.0522557964203381E-009   2.1904259235924504        7.6481161860631256E-017  -3.0708762487211925E-016
  -9.8612241624286583E-016   7.1157772881426814E-016  -2.1192953962063269E-015   5.0227571180492189E-002   1.4292122856851131E-015  -6.0142874120930870E-016   2.8614256337670357E-015   1.6984361315843865E-002  -5.8591371707555301E-016  -5.9572040512559846E-016   1.3699687256961819E-015  0.85333301322885258       -9.6348017850392537E-009   1.7234641106326012E-010  -3.2204734900868537E-009   6.1822515382984097E-009  -8.9164161717126487E-009   3.4525493291654510E-009  -1.4874955847454450E-016   4.9218335727799860E-017   7.6481161860631256E-017   2.4646550477917923      -0.64785632691277006     
  -6.0245800168856564E-016  -4.9444320445022185E-016  -6.2130374474130635E-016  -1.3981479313315859E-002   6.6562792738348318E-016   7.3461129778919974E-016   3.2460574484167038E-016  -3.0465986054563133E-003  -1.8740437273542886E-016   1.5451094718564720E-015  -1.2219837194953575E-015 -0.19583741699064164        2.2322381218870426E-009  -5.2477522581668056E-011   7.3796514979450599E-010  -1.4376829239297812E-009   2.1140107284990423E-009  -7.9455407266945488E-010  -9.6506435656769231E-017   2.9371545328891962E-016  -3.0708762487211925E-016 -0.64785632691277006        2.1707194530156064     
