   2.9609830792092633E-030   1.4086521574369973E-031  -1.6993716773619171E-031  -1.0765215297562469E-016  -1.9976315652756030E-030  -6.6104468671071415E-031  -7.9880575524084866E-032   2.2062608243255769E-017  -2.6497479650269316E-031  -8.7242143407533075E-031  -2.0575310546165237E-031   4.2323160809565717E-031   1.5794588489371711E-031  -2.7199480582495712E-032   2.4466032761088605E-015
   1.4086521574369973E-031   2.0563590258533892E-032  -6.4333233630781862E-032  -1.0784796198797657E-016  -7.8538446073392143E-032  -2.8583575472208687E-032   1.1001448323259994E-032  -1.7292736716144362E-017   3.6513248462010317E-031  -3.8163801265829555E-032  -7.6266649165239151E-033   4.0018751639610931E-031   5.8255545189864902E-033   3.7417336220360086E-031   1.2906070285711969E-016
  -1.6993716773619171E-031  -6.4333233630781862E-032   2.3799512852728175E-031   4.2301518225756554E-016   4.7710068941096259E-032   2.6314050737073962E-032  -5.5476699520999112E-032   7.3162079370801680E-017  -1.5175535825409582E-030   3.6514871330585230E-032   3.0366383780589351E-033  -1.5664425941420038E-030  -2.2132448303949329E-033  -1.5219849173260003E-030  -1.9181302803401515E-016
  -1.0765215297562469E-016  -1.0784796198797657E-016   4.2301518225756554E-016  0.76517983417032986       -4.9621218198250452E-017   2.8033908595363476E-018  -1.0678514401546690E-016  0.13512572212429014       -2.7896364477753108E-015   6.9626547755405344E-018  -8.5396457615760446E-018  -2.8318088861614726E-015   6.7706189486631548E-018  -2.7814517507971964E-015 -0.18281726078865362     
  -1.9976315652756030E-030  -7.8538446073392143E-032   4.7710068941096259E-032  -4.9621218198250452E-017   1.3673365593081413E-030   4.4938403527494723E-031   7.1506157564229906E-032  -3.6712725121975767E-017   6.2829013951093264E-031   5.9255585244179867E-031   1.4138425701025116E-031   1.6674496075441008E-031  -1.0856784556096469E-031   4.6517209217385166E-031  -1.6355308246531631E-015
  -6.6104468671071415E-031  -2.8583575472208687E-032   2.6314050737073962E-032   2.8033908595363476E-018   4.4938403527494723E-031   1.4817145541428212E-031   2.0892489720854323E-032  -8.7162644262933791E-018   1.3722197824213974E-031   1.9546001209342754E-031   4.6381513286472367E-032  -1.5942996509557311E-032  -3.5610659932684521E-032   8.3668880941666522E-032  -5.4359075002947814E-016
  -7.9880575524084866E-032   1.1001448323259994E-032  -5.5476699520999112E-032  -1.0678514401546690E-016   7.1506157564229906E-032   2.0892489720854323E-032   1.7959925225201748E-032  -2.0180783016889201E-017   4.1048989605031411E-031   2.7102969559681179E-032   7.8590684353123139E-033   3.9439496663950879E-031  -6.0640001865380193E-033   4.0165033383461217E-031  -5.2478756178812742E-017
   2.2062608243255769E-017  -1.7292736716144362E-017   7.3162079370801680E-017  0.13512572212429014       -3.6712725121975767E-017  -8.7162644262933791E-018  -2.0180783016889201E-017   2.4434990110855211E-002  -5.0179807033878020E-016  -1.0920793929481275E-017  -4.3935741018172816E-018  -4.9973263594134334E-016   3.4111382512902661E-018  -4.9702139435858832E-016   1.4695987965987548E-003
  -2.6497479650269316E-031   3.6513248462010317E-031  -1.5175535825409582E-030  -2.7896364477753108E-015   6.2829013951093264E-031   1.3722197824213974E-031   4.1048989605031411E-031  -5.0179807033878020E-016   1.0316978754179727E-029   1.6910240929504553E-031   7.7320839866614699E-032   1.0318459801917368E-029  -6.0146403946835513E-032   1.0233816463849349E-029   1.2621478452489251E-016
  -8.7242143407533075E-031  -3.8163801265829555E-032   3.6514871330585230E-032   6.9626547755405344E-018   5.9255585244179867E-031   1.9546001209342754E-031   2.7102969559681179E-032  -1.0920793929481275E-017   1.6910240929504553E-031   2.5785452462901915E-031   6.1143879217032743E-032  -3.3112364506527177E-032  -4.6943951821101577E-032   9.8497217080418451E-032  -7.1781255021561122E-016
  -2.0575310546165237E-031  -7.6266649165239151E-033   3.0366383780589351E-033  -8.5396457615760446E-018   1.4138425701025116E-031   4.6381513286472367E-032   7.8590684353123139E-033  -4.3935741018172816E-018   7.7320839866614699E-032   6.1143879217032743E-032   1.4634524743550722E-032   2.9859616734557835E-032  -1.1238686595710640E-032   6.0444121783140850E-032  -1.6803449007809599E-016
   4.2323160809565717E-031   4.0018751639610931E-031  -1.5664425941420038E-030  -2.8318088861614726E-015   1.6674496075441008E-031  -1.5942996509557311E-032   3.9439496663950879E-031  -4.9973263594134334E-016   1.0318459801917368E-029  -3.3112364506527177E-032   2.9859616734557835E-032   1.0480283625241702E-029  -2.3717756260397219E-032   1.0290183262900477E-029   6.9698129613980984E-016
   1.5794588489371711E-031   5.8255545189864902E-033  -2.2132448303949329E-033   6.7706189486631548E-018  -1.0856784556096469E-031  -3.5610659932684521E-032  -6.0640001865380193E-033   3.4111382512902661E-018  -6.0146403946835513E-032  -4.6943951821101577E-032  -1.1238686595710640E-032  -2.3717756260397219E-032   8.6308881374753424E-033  -4.7186274183922215E-032   1.2896474663740169E-016
  -2.7199480582495712E-032   3.7417336220360086E-031  -1.5219849173260003E-030  -2.7814517507971964E-015   4.6517209217385166E-031   8.3668880941666522E-032   4.0165033383461217E-031  -4.9702139435858832E-016   1.0233816463849349E-029   9.8497217080418451E-032   6.0444121783140850E-032   1.0290183262900477E-029  -4.7186274183922215E-032   1.0170120256584777E-029   3.2060882364707654E-016
   2.4466032761088605E-015   1.2906070285711969E-016  -1.9181302803401515E-016 -0.18281726078865362       -1.6355308246531631E-015  -5.4359075002947814E-016  -5.2478756178812742E-017   1.4695987965987548E-003   1.2621478452489251E-016  -7.1781255021561122E-016  -1.6803449007809599E-016   6.9698129613980984E-016   1.2896474663740169E-016   3.2060882364707654E-016   2.0331551564028740     
