  0.42194418005506473       -6.3503065907279761E-017  -3.1204693776848424E-018  -1.6367727447881479E-016  -3.9399109318694224E-017  -1.3710417032339009E-017  -4.3066174053726360E-018   4.9770657080265581E-017  -1.4617221254209487E-018  -1.0371547761592525E-017  0.63408177449683989       -2.1382388547413231E-016   7.9859113300082690E-017  -7.2544894030125122E-017   4.3059854482640261E-017
  -6.3503065907279761E-017  0.42194418005506618       -6.5268970783627367E-017   2.8377752720446905E-017  -2.8290460174777709E-019  -5.4240005899848937E-019   1.9707273521400942E-018  -1.2443681606598396E-018   1.8748952939219836E-018   1.5272727623944785E-018   4.1613018750841506E-016  0.63408177449684056        1.1175413892894337E-016   4.3609570592694222E-017  -7.6816309731429588E-018
  -3.1204693776848424E-018  -6.5268970783627367E-017  0.42194418005506656       -2.4327352487746413E-016  -9.2282746651911804E-018  -2.3048233696119399E-017   3.0277438375419366E-017   9.6362315072499575E-017  -3.3916801772634100E-017  -8.7134040407277050E-017  -1.1617310981476905E-016  -7.8170976636204870E-017  0.63408177449684089       -7.0114645146637766E-016   1.0869362398015914E-016
  -1.6367727447881479E-016   2.8377752720446905E-017  -2.4327352487746413E-016  0.60174889926149167        2.2560886639686955E-015  -1.3086226377243529E-016  -5.5743436949854732E-017   1.2934982794360926E-015  -4.9892468661283151E-017   2.5561052169513757E-015  -1.0148705970852448E-016   1.0403255305397943E-017  -4.7169617157437956E-016  0.59832761656350097      -0.27610773059123428     
  -3.9399109318694224E-017  -2.8290460174777709E-019  -9.2282746651911804E-018   2.2560886639686955E-015   8.4656166778254186E-030  -4.6369837749427732E-031  -2.0155494647698043E-031   4.8706666076917382E-030  -1.7286523994171750E-031   9.6566374344032300E-030  -5.9207493150236449E-017  -4.2513834855166817E-019  -1.3867902561152013E-017   2.2413646505401782E-015  -1.1142475076762465E-015
  -1.3710417032339009E-017  -5.4240005899848937E-019  -2.3048233696119399E-017  -1.3086226377243529E-016  -4.6369837749427732E-031   2.3002959508632771E-031   7.1808165630934565E-032  -6.7142610779765011E-032   1.1857304083005817E-031   8.4434808927175684E-033  -2.0603496793871416E-017  -8.1509831905267933E-019  -3.4636014932463446E-017  -1.4519361793938932E-016  -5.6827556344725199E-016
  -4.3066174053726360E-018   1.9707273521400942E-018   3.0277438375419366E-017  -5.5743436949854732E-017  -2.0155494647698043E-031   7.1808165630934565E-032   2.6130679033370067E-032  -4.5739230267811021E-032   3.4617098385677791E-032  -7.1682529318138392E-032  -6.4718219507644281E-018   2.9615346189426621E-018   4.5499790635337413E-017  -6.0042826965869400E-017  -1.6682442489887913E-016
   4.9770657080265581E-017  -1.2443681606598396E-018   9.6362315072499575E-017   1.2934982794360926E-015   4.8706666076917382E-030  -6.7142610779765011E-032  -4.5739230267811021E-032   3.0527830546393058E-030   1.8622702206619344E-033   6.0918388997944319E-030   7.4793463332543519E-017  -1.8699894648046023E-018   1.4480964692490812E-016   1.2694719957378594E-015  -1.2883776381437179E-015
  -1.4617221254209487E-018   1.8748952939219836E-018  -3.3916801772634100E-017  -4.9892468661283151E-017  -1.7286523994171750E-031   1.1857304083005817E-031   3.4617098385677791E-032   1.8622702206619344E-033   6.2908843077037090E-032   9.1212775891074220E-032  -2.1966207923219918E-018   2.8175218219876363E-018  -5.0968888468713515E-017  -5.7590931117017768E-017  -3.0979118018826144E-016
  -1.0371547761592525E-017   1.5272727623944785E-018  -8.7134040407277050E-017   2.5561052169513757E-015   9.6566374344032300E-030   8.4434808927175684E-033  -7.1682529318138392E-032   6.0918388997944319E-030   9.1212775891074220E-032   1.2440773337468913E-029  -1.5585970182337432E-017   2.2951278133362336E-018  -1.3094174436371071E-016   2.4993913852345429E-015  -2.9308905752498225E-015
  0.63408177449683989        4.1613018750841506E-016  -1.1617310981476905E-016  -1.0148705970852448E-016  -5.9207493150236449E-017  -2.0603496793871416E-017  -6.4718219507644281E-018   7.4793463332543519E-017  -2.1966207923219918E-018  -1.5585970182337432E-017  0.95287413775109187        4.4742704905783659E-016  -4.7524477571597029E-017   3.5225923698811576E-017   2.2760934580839766E-017
  -2.1382388547413231E-016  0.63408177449684056       -7.8170976636204870E-017   1.0403255305397943E-017  -4.2513834855166817E-019  -8.1509831905267933E-019   2.9615346189426621E-018  -1.8699894648046023E-018   2.8175218219876363E-018   2.2951278133362336E-018   4.4742704905783659E-016  0.95287413775109076        1.9786689647860456E-016   3.2842819806346522E-017  -2.3155205759567943E-017
   7.9859113300082690E-017   1.1175413892894337E-016  0.63408177449684089       -4.7169617157437956E-016  -1.3867902561152013E-017  -3.4636014932463446E-017   4.5499790635337413E-017   1.4480964692490812E-016  -5.0968888468713515E-017  -1.3094174436371071E-016  -4.7524477571597029E-017   1.9786689647860456E-016  0.95287413775109087       -1.1469097022816153E-015   7.2289681077257976E-016
  -7.2544894030125122E-017   4.3609570592694222E-017  -7.0114645146637766E-016  0.59832761656350097        2.2413646505401782E-015  -1.4519361793938932E-016  -6.0042826965869400E-017   1.2694719957378594E-015  -5.7590931117017768E-017   2.4993913852345429E-015   3.5225923698811576E-017   3.2842819806346522E-017  -1.1469097022816153E-015  0.59606288413660680      -0.22714523935613673     
   4.3059854482640261E-017  -7.6816309731429588E-018   1.0869362398015914E-016 -0.27610773059123428       -1.1142475076762465E-015  -5.6827556344725199E-016  -1.6682442489887913E-016  -1.2883776381437179E-015  -3.0979118018826144E-016  -2.9308905752498225E-015   2.2760934580839766E-017  -2.3155205759567943E-017   7.2289681077257976E-016 -0.22714523935613673        2.1019495001751278     
