  0.32062518369699949        8.8564353243330922E-018  -2.0611293868532405E-017   7.9322198362406924E-017  -1.0857229989174065E-018  -3.5670986595110940E-017   3.8479487664688832E-017  -1.8631346157868246E-017   6.9326623274096142E-017   1.9717069156779572E-017  0.43127790799257926        1.7380692561184588E-017   4.9964011869028497E-017   2.3143411034857990E-017   4.8345021958819327E-016
   8.8564353243330922E-018  0.32062518369699888        1.2261931288769001E-016   7.5355375001832660E-018  -2.3629131897560042E-017  -4.5594605954551697E-018  -1.7343371429095987E-017  -2.8311777185185978E-018   1.4709237414241462E-017   2.6460309616078496E-017   1.1691031082319596E-017  0.43127790799257792       -1.0843151102118040E-017   6.4022941112948793E-018   1.5704403358100540E-017
  -2.0611293868532405E-017   1.2261931288769001E-016  0.32062518369699816        4.7317305363228371E-016  -9.8262258248242956E-017  -1.7387255125841848E-017  -9.5839330554673521E-018  -1.2797449193165108E-016  -6.9736807796900342E-018  -1.2549083644729405E-016  -3.0388956932342973E-017   2.1091572137537282E-016  0.43127790799258003       -2.2869423316820680E-016  -6.3154270031498753E-016
   7.9322198362406924E-017   7.5355375001832660E-018   4.7317305363228371E-016  0.54267434727457242       -2.8243397701401858E-015   1.8478861081913423E-016  -1.0936559726784696E-016  -2.4244648061087786E-015  -6.6320955425685922E-017  -1.9459486013435538E-015   1.5276054174061258E-017   1.5003312378979689E-017   6.3256982026995873E-016  0.59289426648440513      -0.25218284197305335     
  -1.0857229989174065E-018  -2.3629131897560042E-017  -9.8262258248242956E-017  -2.8243397701401858E-015   1.6325767897629112E-029  -1.2510392154911571E-031  -5.0734713886416738E-031   8.9301358990539466E-030  -2.8406939803745249E-031   9.4295604996617186E-030  -1.4604228471163494E-018  -3.1783911840471398E-017  -1.3217408777215202E-016  -3.1284867297291721E-015  -4.6291414724374179E-016
  -3.5670986595110940E-017  -4.5594605954551697E-018  -1.7387255125841848E-017   1.8478861081913423E-016  -1.2510392154911571E-031   5.0077366927764990E-031  -6.0376869483097430E-031  -2.7585405305402911E-030  -3.5839034630144526E-031  -1.0410897417345706E-030  -4.7981597382284963E-017  -6.1330011713639578E-018  -2.3387866573491598E-017   1.7960144801270568E-016  -1.0108670943768621E-015
   3.8479487664688832E-017  -1.7343371429095987E-017  -9.5839330554673521E-018  -1.0936559726784696E-016  -5.0734713886416738E-031  -6.0376869483097430E-031   7.6016107895268585E-031   3.0162256977184425E-030   4.4805093232338917E-031   8.9461089663383589E-031   5.1759355735250369E-017  -2.3328837932292480E-017  -1.2891497014809234E-017  -9.0498071325633413E-017   1.2539083334158249E-015
  -1.8631346157868246E-017  -2.8311777185185978E-018  -1.2797449193165108E-016  -2.4244648061087786E-015   8.9301358990539466E-030  -2.7585405305402911E-030   3.0162256977184425E-030   1.9596411657071695E-029   1.7676277658918171E-030   1.0459408091627383E-029  -2.5061312718483753E-017  -3.8082610652066452E-018  -1.7214047418325497E-016  -2.5488375650902199E-015   5.2765157246937871E-015
   6.9326623274096142E-017   1.4709237414241462E-017  -6.9736807796900342E-018  -6.6320955425685922E-017  -2.8406939803745249E-031  -3.5839034630144526E-031   4.4805093232338917E-031   1.7676277658918171E-030   2.7285484482020119E-031   5.3623879192193523E-031   9.3252316331137562E-017   1.9785623409342870E-017  -9.3804061895363833E-018  -5.5556812432350239E-017   7.3227489097813277E-016
   1.9717069156779572E-017   2.6460309616078496E-017  -1.2549083644729405E-016  -1.9459486013435538E-015   9.4295604996617186E-030  -1.0410897417345706E-030   8.9461089663383589E-031   1.0459408091627383E-029   5.3623879192193523E-031   7.3687348437426213E-030   2.6521735565590888E-017   3.5592172905677501E-017  -1.6879967066584001E-016  -2.1063252066332881E-015   1.7220713751313682E-015
  0.43127790799257926        1.1691031082319596E-017  -3.0388956932342973E-017   1.5276054174061258E-017  -1.4604228471163494E-018  -4.7981597382284963E-017   5.1759355735250369E-017  -2.5061312718483753E-017   9.3252316331137562E-017   2.6521735565590888E-017  0.58011860384065117        2.3080800779732473E-017   6.3622479906322480E-017  -1.0231012967126365E-016  -6.9999416937943429E-016
   1.7380692561184588E-017  0.43127790799257792        2.1091572137537282E-016   1.5003312378979689E-017  -3.1783911840471398E-017  -6.1330011713639578E-018  -2.3328837932292480E-017  -3.8082610652066452E-018   1.9785623409342870E-017   3.5592172905677501E-017   2.3080800779732473E-017  0.58011860384064873        4.7258791570474858E-017   1.0497987432060330E-017  -1.2354843429819262E-016
   4.9964011869028497E-017  -1.0843151102118040E-017  0.43127790799258003        6.3256982026995873E-016  -1.3217408777215202E-016  -2.3387866573491598E-017  -1.2891497014809234E-017  -1.7214047418325497E-016  -9.3804061895363833E-018  -1.6879967066584001E-016   6.3622479906322480E-017   4.7258791570474858E-017  0.58011860384065572       -2.6568384764181718E-016   1.0697259642394362E-015
   2.3143411034857990E-017   6.4022941112948793E-018  -2.2869423316820680E-016  0.59289426648440513       -3.1284867297291721E-015   1.7960144801270568E-016  -9.0498071325633413E-017  -2.5488375650902199E-015  -5.5556812432350239E-017  -2.1063252066332881E-015  -1.0231012967126365E-016   1.0497987432060330E-017  -2.6568384764181718E-016  0.64890916582363345      -0.22789416289500591     
   4.8345021958819327E-016   1.5704403358100540E-017  -6.3154270031498753E-016 -0.25218284197305335       -4.6291414724374179E-016  -1.0108670943768621E-015   1.2539083334158249E-015   5.2765157246937871E-015   7.3227489097813277E-016   1.7220713751313682E-015  -6.9999416937943429E-016  -1.2354843429819262E-016   1.0697259642394362E-015 -0.22789416289500591        2.0937833159653159     
