  0.24878623888871307        1.0037265592690713E-016   5.8727428631063819E-018  -5.8201945734315201E-017  0.20501931533087178        9.3017329386275133E-017   3.7212092286197097E-018  -1.4201668072331149E-016   1.1175255261406265E-017   8.2366887168228638E-018  -4.0688698345086994E-018  -1.2834331893537741E-017   1.2297573358259158E-017   3.1767229184514944E-018  -9.0575483161062564E-002   6.4100094433173994E-016  -9.5340030515747125E-016  -6.6444950533172804E-017   3.2892609593136799E-017
   1.0037265592690713E-016  0.24878623888871729        2.1897857836945002E-016  -2.2414094610084751E-016   3.2472009059398220E-017  0.20501931533087439        1.1360391771358877E-016   2.5647189282872954E-016  -1.8132925124804357E-016  -2.9636080168413746E-018  -3.5505854333891995E-018  -2.0924257968919196E-016  -1.5443083457111799E-018  -1.7033950936481969E-016   3.2597088004866433E-016  -9.0575483161060802E-002   6.8270862607304475E-016  -3.1351488795433122E-016  -1.7634333203674702E-016
   5.8727428631063819E-018   2.1897857836945002E-016  0.24878623888871496       -9.9150023236851877E-016  -1.4032757414132448E-016  -2.2499760441881011E-017  0.20501931533087409        3.6466937927818101E-016  -3.9941232222411837E-016   4.9656006499879710E-018   2.5462516446729048E-018  -4.3761859817809858E-016  -3.2335269230632746E-018  -4.2469994791422449E-016  -1.5574345126211763E-015  -4.2354611978030387E-016  -9.0575483161064813E-002  -2.6100667013967855E-016   2.4999563136977366E-017
  -5.8201945734315201E-017  -2.2414094610084751E-016  -9.9150023236851877E-016  0.29227269641185327        4.6198319734578798E-017   9.9177463500870840E-017  -5.5666877581724260E-017  0.53581945695797151        1.5002401573914357E-015  -9.9603298415480949E-017   6.1861130771730176E-017   2.1345766818065931E-015   5.8389668279748732E-017   1.6436235071862194E-015   4.9587599679497254E-016  -2.2386422450742488E-016   1.1717035742984560E-015 -0.24632085641861468        5.5625681672855004E-002
  0.20501931533087178        3.2472009059398220E-017  -1.4032757414132448E-016   4.6198319734578798E-017  0.17022460853263774       -1.2683640097030808E-018  -3.7816558241133478E-017   2.5541316143539679E-017   3.0859043066515349E-018   7.6224404838773716E-018  -3.0957906296521028E-017   4.0012844220349334E-018   1.4546098441659544E-019  -6.4779499528970047E-018  -2.4564909849428329E-002  -7.7973949714065622E-016   2.1123060587351542E-018  -2.3858205832973223E-016  -3.1756399910968127E-016
   9.3017329386275133E-017  0.20501931533087439       -2.2499760441881011E-017   9.9177463500870840E-017  -1.2683640097030808E-018  0.17022460853263907       -7.8486196418221471E-017   7.1118538147196147E-016  -1.3176430314623366E-016   5.1698314218476126E-018   1.5738730655286253E-018  -1.2560378806466890E-016   9.3043050268334851E-019  -1.5301162309803417E-016   1.7077218302703116E-016  -2.4564909849428773E-002   2.2783022817821267E-016   2.5860404956825175E-016  -1.1671686280431122E-018
   3.7212092286197097E-018   1.1360391771358877E-016  0.20501931533087409       -5.5666877581724260E-017  -3.7816558241133478E-017  -7.8486196418221471E-017  0.17022460853264049        1.5249084277514230E-015  -3.0681653207935270E-016   1.3154789760186438E-017   2.0915160215209416E-018  -3.4329326382119638E-016  -2.0395572979606145E-019  -3.5978478201029278E-016   1.0608895493760201E-015  -4.4764932462041257E-017  -2.4564909849426469E-002  -2.1653325913632668E-015   1.4572326554340198E-015
  -1.4201668072331149E-016   2.5647189282872954E-016   3.6466937927818101E-016  0.53581945695797151        2.5541316143539679E-017   7.1118538147196147E-016   1.5249084277514230E-015  0.98294294150901851        2.7166870669593271E-015  -1.8352894719779043E-016   1.0554182559241328E-016   3.8344957986230002E-015   1.0613416225396979E-016   2.9956009682024304E-015  -2.7654360023486312E-016  -1.9111206528875445E-015  -4.3184532296728846E-015 -0.41702034572192842        8.1665147015090422E-002
   1.1175255261406265E-017  -1.8132925124804357E-016  -3.9941232222411837E-016   1.5002401573914357E-015   3.0859043066515349E-018  -1.3176430314623366E-016  -3.0681653207935270E-016   2.7166870669593271E-015   1.1733438592658265E-029   2.0235868044666920E-032   8.7240707796245527E-031   1.6151991701244421E-029   8.8519001071539698E-031   1.0940154547725992E-029  -2.4500996807155681E-016   7.6110202317120429E-016   1.0240676330034945E-015  -3.5300902745118218E-015   2.7943971249673186E-016
   8.2366887168228638E-018  -2.9636080168413746E-018   4.9656006499879710E-018  -9.9603298415480949E-017   7.6224404838773716E-018   5.1698314218476126E-018   1.3154789760186438E-017  -1.8352894719779043E-016   2.0235868044666920E-032   2.1076132617822865E-031  -1.7154510747415617E-032  -4.1522996652467922E-031   1.2189980572756150E-031  -3.9031539054750350E-031   2.9847417167152267E-017   3.0059724924058604E-016   3.5479112234624528E-016  -8.7657947503351540E-017  -2.9804642131377461E-016
  -4.0688698345086994E-018  -3.5505854333891995E-018   2.5462516446729048E-018   6.1861130771730176E-017  -3.0957906296521028E-017   1.5738730655286253E-018   2.0915160215209416E-018   1.0554182559241328E-016   8.7240707796245527E-031  -1.7154510747415617E-032   7.2989175837798558E-031   1.3328577008468697E-030   2.1853076170716834E-031   6.4141034349140291E-031  -1.0847077636358580E-015   1.7835109796736523E-016  -1.1943588769429452E-018  -4.5124787557752830E-016   3.4265201149025226E-016
  -1.2834331893537741E-017  -2.0924257968919196E-016  -4.3761859817809858E-016   2.1345766818065931E-015   4.0012844220349334E-018  -1.2560378806466890E-016  -3.4329326382119638E-016   3.8344957986230002E-015   1.6151991701244421E-029  -4.1522996652467922E-031   1.3328577008468697E-030   2.9159438554643197E-029   1.6890154304259954E-031   1.3405397275923932E-029   5.7827575474696801E-016   1.9187747255157783E-015   8.4156220408718292E-016  -5.7093928745113643E-015   3.9418830521101843E-015
   1.2297573358259158E-017  -1.5443083457111799E-018  -3.2335269230632746E-018   5.8389668279748732E-017   1.4546098441659544E-019   9.3043050268334851E-019  -2.0395572979606145E-019   1.0613416225396979E-016   8.8519001071539698E-031   1.2189980572756150E-031   2.1853076170716834E-031   1.6890154304259954E-031   3.0926399378512020E-031   9.3384841456213350E-031  -3.9751037350570206E-016   8.7247806011569652E-017   9.8001225124370840E-017  -3.1657687077422722E-016  -5.1546267355470398E-016
   3.1767229184514944E-018  -1.7033950936481969E-016  -4.2469994791422449E-016   1.6436235071862194E-015  -6.4779499528970047E-018  -1.5301162309803417E-016  -3.5978478201029278E-016   2.9956009682024304E-015   1.0940154547725992E-029  -3.9031539054750350E-031   6.4141034349140291E-031   1.3405397275923932E-029   9.3384841456213350E-031   1.2254145432263031E-029  -3.5905678505134084E-016  -4.3528334077274436E-016  -2.3094128217471733E-016  -2.9144125526663292E-015  -5.6697023547483774E-016
  -9.0575483161062564E-002   3.2597088004866433E-016  -1.5574345126211763E-015   4.9587599679497254E-016  -2.4564909849428329E-002   1.7077218302703116E-016   1.0608895493760201E-015  -2.7654360023486312E-016  -2.4500996807155681E-016   2.9847417167152267E-017  -1.0847077636358580E-015   5.7827575474696801E-016  -3.9751037350570206E-016  -3.5905678505134084E-016   2.0033697456663133        2.8318047844253142E-016   1.4314757988087112E-016   5.6555237588033409E-017   1.7257331239600511E-016
   6.4100094433173994E-016  -9.0575483161060802E-002  -4.2354611978030387E-016  -2.2386422450742488E-016  -7.7973949714065622E-016  -2.4564909849428773E-002  -4.4764932462041257E-017  -1.9111206528875445E-015   7.6110202317120429E-016   3.0059724924058604E-016   1.7835109796736523E-016   1.9187747255157783E-015   8.7247806011569652E-017  -4.3528334077274436E-016   2.8318047844253142E-016   2.0033697456663164        2.3241666100701414E-015  -9.0044395045236319E-016   9.5854137290578053E-016
  -9.5340030515747125E-016   6.8270862607304475E-016  -9.0575483161064813E-002   1.1717035742984560E-015   2.1123060587351542E-018   2.2783022817821267E-016  -2.4564909849426469E-002  -4.3184532296728846E-015   1.0240676330034945E-015   3.5479112234624528E-016  -1.1943588769429452E-018   8.4156220408718292E-016   9.8001225124370840E-017  -2.3094128217471733E-016   1.4314757988087112E-016   2.3241666100701414E-015   2.0033697456663178        1.5496584488628261E-016  -2.1614327169180029E-016
  -6.6444950533172804E-017  -3.1351488795433122E-016  -2.6100667013967855E-016 -0.24632085641861468       -2.3858205832973223E-016   2.5860404956825175E-016  -2.1653325913632668E-015 -0.41702034572192842       -3.5300902745118218E-015  -8.7657947503351540E-017  -4.5124787557752830E-016  -5.7093928745113643E-015  -3.1657687077422722E-016  -2.9144125526663292E-015   5.6555237588033409E-017  -9.0044395045236319E-016   1.5496584488628261E-016   2.3221910793511045      -0.57678473532895225     
   3.2892609593136799E-017  -1.7634333203674702E-016   2.4999563136977366E-017   5.5625681672855004E-002  -3.1756399910968127E-016  -1.1671686280431122E-018   1.4572326554340198E-015   8.1665147015090422E-002   2.7943971249673186E-016  -2.9804642131377461E-016   3.4265201149025226E-016   3.9418830521101843E-015  -5.1546267355470398E-016  -5.6697023547483774E-016   1.7257331239600511E-016   9.5854137290578053E-016  -2.1614327169180029E-016 -0.57678473532895225        2.1433996217591660     
