   4.8783531301162690E-032  -8.0930118410316101E-032   8.2194151272055529E-032   3.5884532755437821E-017   1.2024253398617392E-031   2.4035985553697458E-032   1.3894823694683591E-031   1.9351288785962659E-016  -7.5973581958825331E-032  -3.1138532401783337E-032   1.1964392371895865E-031   1.0083505773699717E-016  -6.9800841027218239E-032   2.8925869479286974E-033  -1.9905967994442682E-033  -1.1635956996873445E-031   3.0152412450089947E-033  -8.2886818197211687E-032   1.0721552602958145E-017
  -8.0930118410316101E-032   1.4173435797382626E-031  -1.2156707497065291E-031  -5.6224135558355391E-017  -2.2706137441359423E-031  -1.0885928259421407E-031  -3.2218037917502958E-031  -3.0113412112091373E-016   1.9204288611663489E-031   1.4040533291961988E-031  -1.2326544946149577E-031  -1.5957705050254289E-016   8.8359036841927528E-032   3.3378575420422408E-033   1.1397888860938050E-033   1.9703411964019706E-031  -5.4159142832004280E-033   1.2671137646111701E-031  -1.4252730664792344E-016
   8.2194151272055529E-032  -1.2156707497065291E-031   1.6775360536827419E-031   6.7004900612422448E-017   1.4801138484680181E-031  -9.6009603152614934E-032   5.2712214021264989E-032   3.6541699975079606E-016   2.6063762473688902E-033   1.2315031346756200E-031   3.5043028429975263E-031   1.8514056128224687E-016  -1.7190040443222943E-031   2.0974357176639747E-032  -7.6331649048677675E-033  -1.8814045234133617E-031   4.2615952613132206E-033  -1.6101492990509418E-031  -2.2877375319369853E-016
   3.5884532755437821E-017  -5.6224135558355391E-017   6.7004900612422448E-017   2.7859403012937933E-002   7.6244430035877208E-017  -1.2842024394542653E-017   6.1648461022239569E-017  0.15114901874197731       -2.6680671984576908E-017   1.6361821201459196E-017   1.2128983861172363E-016   7.7581938826572716E-002  -6.3484718562760856E-017   5.7278169643578867E-018  -2.4210857042361414E-018  -8.3823743484663236E-017   2.0349115532918952E-018  -6.5746720730412889E-017  -4.7305608328870832E-002
   1.2024253398617392E-031  -2.2706137441359423E-031   1.4801138484680181E-031   7.6244430035877208E-017   3.9817148741101032E-031   3.1382933847721893E-031   6.8078845880072023E-031   4.0354562825014427E-016  -4.3085217897980670E-031  -4.0427124209167829E-031   1.7305236160203389E-032   2.2010622377858226E-016  -7.0787131644264992E-032  -2.2898006603963197E-032   3.0743264116178345E-033  -3.0155890738767302E-031   8.9589082541729217E-033  -1.6446281710511364E-031   4.8677819100007005E-016
   2.4035985553697458E-032  -1.0885928259421407E-031  -9.6009603152614934E-032  -1.2842024394542653E-017   3.1382933847721893E-031   6.4854590128735788E-031   9.1454641020360198E-031  -8.8295405196122249E-017  -6.4664079664343322E-031  -8.3445287368220158E-031  -6.3530125246034006E-031  -2.1429392017828683E-017   2.1885249572827623E-031  -7.3672459957002221E-032   1.8978728254758466E-032  -9.4229433783765943E-032   5.3042910918644497E-033   5.8794046203580964E-032   1.1565965967773008E-015
   1.3894823694683591E-031  -3.2218037917502958E-031   5.2712214021264989E-032   6.1648461022239569E-017   6.8078845880072023E-031   9.1454641020360198E-031   1.5200852232265153E-030   3.0714374412426856E-016  -1.0259412459740265E-030  -1.1771692654439220E-030  -5.8178066061342320E-031   1.9270773499951936E-016   1.3771310622401600E-031  -9.1554985340604345E-032   2.0853535531942028E-032  -3.8045485023085284E-031   1.3662637370148909E-032  -1.0368564104894584E-031   1.5604660985850232E-015
   1.9351288785962659E-016  -3.0113412112091373E-016   3.6541699975079606E-016  0.15114901874197731        4.0354562825014427E-016  -8.8295405196122249E-017   3.0714374412426856E-016  0.82058684332430920       -1.2565917853377915E-016   1.1273197842349579E-016   6.7483815568246819E-016  0.42049942866053369       -3.4992528522502958E-016   3.3134192400939074E-017  -1.3653036702106596E-017  -4.5092891964429444E-016   1.0859364777581142E-017  -3.5752921800249370E-016 -0.28953681727662200     
  -7.5973581958825331E-032   1.9204288611663489E-031   2.6063762473688902E-033  -2.6680671984576908E-017  -4.3085217897980670E-031  -6.4664079664343322E-031  -1.0259412459740265E-030  -1.2565917853377915E-016   7.0121861493817048E-031   8.3223251836008240E-031   4.7794161020872404E-031  -8.8995935772487403E-017  -1.3360275528555567E-031   6.7349869550838660E-032  -1.5997507866770198E-032   2.1651875148668983E-031  -8.3495772319936625E-033   3.3754268526875722E-032  -1.1182934897706026E-015
  -3.1138532401783337E-032   1.4040533291961988E-031   1.2315031346756200E-031   1.6361821201459196E-017  -4.0427124209167829E-031  -8.3445287368220158E-031  -1.1771692654439220E-030   1.1273197842349579E-016   8.3223251836008240E-031   1.0736513930412129E-030   8.1677603969561394E-031   2.7121063078691428E-017  -2.8124116790090811E-031   9.4765858088272823E-032  -2.4407060578057406E-032   1.2174147799457853E-031  -6.8372879935252152E-033  -7.5269890715584985E-032  -1.4879946345902129E-015
   1.1964392371895865E-031  -1.2326544946149577E-031   3.5043028429975263E-031   1.2128983861172363E-016   1.7305236160203389E-032  -6.3530125246034006E-031  -5.8178066061342320E-031   6.7483815568246819E-016   4.7794161020872404E-031   8.1677603969561394E-031   1.0504318232425001E-030   3.2484159390084749E-016  -4.4732278621934956E-031   8.8979450991478759E-032  -2.6645551833055096E-032  -2.4514410643656061E-031   3.2312175979944288E-033  -3.1192198282226660E-031  -1.2290786489519226E-015
   1.0083505773699717E-016  -1.5957705050254289E-016   1.8514056128224687E-016   7.7581938826572716E-002   2.2010622377858226E-016  -2.1429392017828683E-017   1.9270773499951936E-016  0.42049942866053369       -8.8995935772487403E-017   2.7121063078691428E-017   3.2484159390084749E-016  0.21636726724409033       -1.7256168987117813E-016   1.4366386228656376E-017  -6.3437625884632162E-018  -2.3639297541058528E-016   5.8059775592136198E-018  -1.8245391626591285E-016 -0.10642557107241372     
  -6.9800841027218239E-032   8.8359036841927528E-032  -1.7190040443222943E-031  -6.3484718562760856E-017  -7.0787131644264992E-032   2.1885249572827623E-031   1.3771310622401600E-031  -3.4992528522502958E-016  -1.3360275528555567E-031  -2.8124116790090811E-031  -4.4732278621934956E-031  -1.7256168987117813E-016   2.0059881305205850E-031  -3.4008316409826021E-032   1.0786944518362935E-032   1.5181452359624306E-031  -2.7954482474781659E-033   1.5822502919935910E-031   4.4258569371270453E-016
   2.8925869479286974E-033   3.3378575420422408E-033   2.0974357176639747E-032   5.7278169643578867E-018  -2.2898006603963197E-032  -7.3672459957002221E-032  -9.1554985340604345E-032   3.3134192400939074E-017   6.7349869550838660E-032   9.4765858088272823E-032   8.8979450991478759E-032   1.4366386228656376E-017  -3.4008316409826021E-032   9.0291075612952365E-033  -2.4722086561067081E-033  -2.5473989823044928E-033  -2.7161540778321622E-034  -1.6666193662892060E-032  -1.3515907492924697E-016
  -1.9905967994442682E-033   1.1397888860938050E-033  -7.6331649048677675E-033  -2.4210857042361414E-018   3.0743264116178345E-033   1.8978728254758466E-032   2.0853535531942028E-032  -1.3653036702106596E-017  -1.5997507866770198E-032  -2.4407060578057406E-032  -2.6645551833055096E-032  -6.3437625884632162E-018   1.0786944518362935E-032  -2.4722086561067081E-033   7.0692067406676954E-034   3.5913212993205011E-033  -3.3277806643964912E-036   6.5054862446810928E-033   3.5654150024276229E-017
  -1.1635956996873445E-031   1.9703411964019706E-031  -1.8814045234133617E-031  -8.3823743484663236E-017  -3.0155890738767302E-031  -9.4229433783765943E-032  -3.8045485023085284E-031  -4.5092891964429444E-016   2.1651875148668983E-031   1.2174147799457853E-031  -2.4514410643656061E-031  -2.3639297541058528E-016   1.5181452359624306E-031  -2.5473989823044928E-033   3.5913212993205011E-033   2.7968177927246217E-031  -7.4133201205959284E-033   1.9192955725646776E-031  -9.2294307960362725E-017
   3.0152412450089947E-033  -5.4159142832004280E-033   4.2615952613132206E-033   2.0349115532918952E-018   8.9589082541729217E-033   5.3042910918644497E-033   1.3662637370148909E-032   1.0859364777581142E-017  -8.3495772319936625E-033  -6.8372879935252152E-033   3.2312175979944288E-033   5.8059775592136198E-018  -2.7954482474781659E-033  -2.7161540778321622E-034  -3.3277806643964912E-036  -7.4133201205959284E-033   2.0927042469438968E-034  -4.5255634186548522E-033   7.5677499946632131E-018
  -8.2886818197211687E-032   1.2671137646111701E-031  -1.6101492990509418E-031  -6.5746720730412889E-017  -1.6446281710511364E-031   5.8794046203580964E-032  -1.0368564104894584E-031  -3.5752921800249370E-016   3.3754268526875722E-032  -7.5269890715584985E-032  -3.1192198282226660E-031  -1.8245391626591285E-016   1.5822502919935910E-031  -1.6666193662892060E-032   6.5054862446810928E-033   1.9192955725646776E-031  -4.5255634186548522E-033   1.5642164047586813E-031   1.6194387596561598E-016
   1.0721552602958145E-017  -1.4252730664792344E-016  -2.2877375319369853E-016  -4.7305608328870832E-002   4.8677819100007005E-016   1.1565965967773008E-015   1.5604660985850232E-015 -0.28953681727662200       -1.1182934897706026E-015  -1.4879946345902129E-015  -1.2290786489519226E-015 -0.10642557107241372        4.4258569371270453E-016  -1.3515907492924697E-016   3.5654150024276229E-017  -9.2294307960362725E-017   7.5677499946632131E-018   1.6194387596561598E-016   2.0842116900280256     
