   3.8580241820084168E-002  -8.6750291014628029E-017   9.7521726660544948E-017   3.8490154663471661E-017   7.1443489764750776E-002  -2.7979192313703815E-017   5.0668381527489337E-017  -6.5725806823931192E-017   8.7465935055563174E-002  -4.7325424828992429E-017   7.2225934723742621E-017  -5.6868231314904195E-017   4.6885377370067658E-018  -2.0125443415370647E-018  -9.9699559575936465E-019   4.1447605332343391E-018  -2.1157737519278016E-019   3.3326400146528236E-018  -3.2221744495611686E-016
  -8.6750291014628029E-017   3.8580241820084182E-002   1.0382703991990703E-016   8.1471937107100657E-017  -9.2943231236320546E-017   7.1443489764750762E-002   2.5235934941862495E-017  -4.2343024045154129E-016  -1.2947068005371427E-016   8.7465935055563174E-002  -1.3021719842455472E-017  -2.7875624763965363E-016  -6.0199886634766258E-017  -1.2037544484772275E-019   1.8021163842712281E-018  -6.2719399836570894E-017   4.9698854377093674E-019  -6.1295725864922330E-017   9.5022721880217227E-016
   9.7521726660544948E-017   1.0382703991990703E-016   3.8580241820084238E-002  -3.2350173921141485E-017   1.1418230004440463E-016   1.4663947320592611E-016   7.1443489764750692E-002  -6.6675690160667594E-016   1.0839085343971235E-016   1.2102406750369505E-016   8.7465935055563451E-002  -7.6417129228033746E-016   7.6813753091440907E-017   3.4261619446034092E-019   1.6572843700972423E-018   8.4755785369665301E-017  -1.1846332533423572E-018   8.5978695020594133E-017   1.4726596151761026E-015
   3.8490154663471661E-017   8.1471937107100657E-017  -3.2350173921141485E-017   1.0288503317643720E-003   9.7079083502684214E-017   1.9406715126598904E-016   4.8804260901155335E-018   2.4281804502792992E-002   9.2489053718707759E-017   2.1840669629642758E-016  -4.0625860777660276E-017   2.3679068690036550E-002  -5.2764704328384123E-016   8.2039056894910003E-019   2.3592888773758269E-018  -5.3891381857676419E-016   4.9800380043620020E-019  -5.2717088133527161E-016  -6.4081212694200853E-003
   7.1443489764750776E-002  -9.2943231236320546E-017   1.1418230004440463E-016   9.7079083502684214E-017  0.13230016166225558        7.3560858648616434E-017  -2.9146968403651236E-017   4.9881434827164985E-016  0.16197077418663133        6.5851729451337906E-017  -1.6800616164474083E-017   4.9411444571603509E-016   8.6823068498912268E-018  -3.7268608044560914E-018  -1.8462518968466089E-018   7.6753317958414134E-018  -3.9180226265891678E-019   6.1714344323260214E-018  -9.7842957243241580E-016
  -2.7979192313703815E-017   7.1443489764750762E-002   1.4663947320592611E-016   1.9406715126598904E-016   7.3560858648616434E-017  0.13230016166225544       -3.7761858165858799E-017   4.0172196094784723E-016   6.1013477256621688E-017  0.16197077418663119       -1.2755638559292046E-016   5.5821255424108937E-016  -1.1147908311948128E-016  -2.2291311449025415E-019   3.3371870517302476E-018  -1.1614475671698661E-016   9.2033108827278178E-019  -1.1350837519050041E-016  -1.6888421018290709E-015
   5.0668381527489337E-017   2.5235934941862495E-017   7.1443489764750692E-002   4.8804260901155335E-018  -2.9146968403651236E-017  -3.7761858165858799E-017  0.13230016166225503        4.6366276200595744E-016  -9.3833180519568415E-017  -1.5456657221496512E-016  0.16197077418663136        1.5766244361526111E-016   1.4224489852529583E-016   6.3446197917368329E-019   3.0689848831046863E-018   1.5695207699314049E-016  -2.1937222193895230E-018   1.5921668003883472E-016  -9.1270215933102882E-016
  -6.5725806823931192E-017  -4.2343024045154129E-016  -6.6675690160667594E-016   2.4281804502792992E-002   4.9881434827164985E-016   4.0172196094784723E-016   4.6366276200595744E-016  0.57868812834153394       -7.1870572677391625E-017  -1.1244998944914051E-016  -6.2087138129627332E-016  0.56155642921472815       -1.2380180708697935E-014   2.1493971179617262E-017   8.3683521377315253E-017  -1.2675247334472949E-014   1.7904468879455176E-017  -1.2393824295996197E-014 -0.25855353489035243     
   8.7465935055563174E-002  -1.2947068005371427E-016   1.0839085343971235E-016   9.2489053718707759E-017  0.16197077418663133        6.1013477256621688E-017  -9.3833180519568415E-017  -7.1870572677391625E-017  0.19829553766978705        4.5064411548454837E-017  -9.1759643864689826E-017  -3.0921364710633062E-017   1.0629465183833237E-017  -4.5626741660723613E-018  -2.2603059990148437E-018   9.3966584582649961E-018  -4.7967073519498090E-019   7.5554859517059048E-018   1.2048820609546697E-016
  -4.7325424828992429E-017   8.7465935055563174E-002   1.2102406750369505E-016   2.1840669629642758E-016   6.5851729451337906E-017  0.16197077418663119       -1.5456657221496512E-016  -1.1244998944914051E-016   4.5064411548454837E-017  0.19829553766978694       -2.8880435369582590E-016   1.6880215473986940E-016  -1.3648020661208727E-016  -2.7290525783726173E-019   4.0856092961861656E-018  -1.4219223867006114E-016   1.1267313433530924E-018  -1.3896460272819150E-016   9.4756487962119596E-016
   7.2225934723742621E-017  -1.3021719842455472E-017   8.7465935055563451E-002  -4.0625860777660276E-017  -1.6800616164474083E-017  -1.2755638559292046E-016  0.16197077418663136       -6.2087138129627332E-016  -9.1759643864689826E-017  -2.8880435369582590E-016  0.19829553766978794       -9.2228705770245798E-016   1.7414579127318733E-016   7.7675111403928757E-019   3.7572581260517009E-018   1.9215131033384545E-016  -2.6857025853984568E-018   1.9492379000377063E-016   8.6793994964674727E-016
  -5.6868231314904195E-017  -2.7875624763965363E-016  -7.6417129228033746E-016   2.3679068690036550E-002   4.9411444571603509E-016   5.5821255424108937E-016   1.5766244361526111E-016  0.56155642921472815       -3.0921364710633062E-017   1.6880215473986940E-016  -9.2228705770245798E-016  0.54628230036988112       -1.2108733128672409E-014   1.9909817949711925E-017   6.7807275218811991E-017  -1.2382105645744073E-014   1.4428859380295928E-017  -1.2109776875121005E-014 -0.19925197416012178     
   4.6885377370067658E-018  -6.0199886634766258E-017   7.6813753091440907E-017  -5.2764704328384123E-016   8.6823068498912268E-018  -1.1147908311948128E-016   1.4224489852529583E-016  -1.2380180708697935E-014   1.0629465183833237E-017  -1.3648020661208727E-016   1.7414579127318733E-016  -1.2108733128672409E-014   2.7179483587292191E-028  -3.9248434429299977E-031  -8.4672019431514993E-031   2.7721480446755125E-028  -1.7884978762013791E-031   2.7124799214810730E-028   1.8957140272782089E-015
  -2.0125443415370647E-018  -1.2037544484772275E-019   3.4261619446034092E-019   8.2039056894910003E-019  -3.7268608044560914E-018  -2.2291311449025415E-019   6.3446197917368329E-019   2.1493971179617262E-017  -4.5626741660723613E-018  -2.7290525783726173E-019   7.7675111403928757E-019   1.9909817949711925E-017  -3.9248434429299977E-031   1.5720275591302950E-033   1.2573917075970746E-032  -4.1243287955495880E-031   2.7314589233003201E-033  -4.0139583193618445E-031  -4.5854317463541956E-017
  -9.9699559575936465E-019   1.8021163842712281E-018   1.6572843700972423E-018   2.3592888773758269E-018  -1.8462518968466089E-018   3.3371870517302476E-018   3.0689848831046863E-018   8.3683521377315253E-017  -2.2603059990148437E-018   4.0856092961861656E-018   3.7572581260517009E-018   6.7807275218811991E-017  -8.4672019431514993E-031   1.2573917075970746E-032   1.4522796214917273E-031  -1.0177316320110238E-030   3.1793231812979329E-032  -9.6932553966063696E-031  -5.4984110606070117E-016
   4.1447605332343391E-018  -6.2719399836570894E-017   8.4755785369665301E-017  -5.3891381857676419E-016   7.6753317958414134E-018  -1.1614475671698661E-016   1.5695207699314049E-016  -1.2675247334472949E-014   9.3966584582649961E-018  -1.4219223867006114E-016   1.9215131033384545E-016  -1.2382105645744073E-014   2.7721480446755125E-028  -4.1243287955495880E-031  -1.0177316320110238E-030   2.8291138864837707E-028  -2.1651895090524308E-031   2.7679393089490564E-028   2.5231712345460671E-015
  -2.1157737519278016E-019   4.9698854377093674E-019  -1.1846332533423572E-018   4.9800380043620020E-019  -3.9180226265891678E-019   9.2033108827278178E-019  -2.1937222193895230E-018   1.7904468879455176E-017  -4.7967073519498090E-019   1.1267313433530924E-018  -2.6857025853984568E-018   1.4428859380295928E-017  -1.7884978762013791E-031   2.7314589233003201E-033   3.1793231812979329E-032  -2.1651895090524308E-031   7.0229093501550507E-033  -2.0616243595212228E-031  -1.2065534031714126E-016
   3.3326400146528236E-018  -6.1295725864922330E-017   8.5978695020594133E-017  -5.2717088133527161E-016   6.1714344323260214E-018  -1.1350837519050041E-016   1.5921668003883472E-016  -1.2393824295996197E-014   7.5554859517059048E-018  -1.3896460272819150E-016   1.9492379000377063E-016  -1.2109776875121005E-014   2.7124799214810730E-028  -4.0139583193618445E-031  -9.6932553966063696E-031   2.7679393089490564E-028  -2.0616243595212228E-031   2.7081387197855360E-028   2.3682550872688887E-015
  -3.2221744495611686E-016   9.5022721880217227E-016   1.4726596151761026E-015  -6.4081212694200853E-003  -9.7842957243241580E-016  -1.6888421018290709E-015  -9.1270215933102882E-016 -0.25855353489035243        1.2048820609546697E-016   9.4756487962119596E-016   8.6793994964674727E-016 -0.19925197416012178        1.8957140272782089E-015  -4.5854317463541956E-017  -5.4984110606070117E-016   2.5231712345460671E-015  -1.2065534031714126E-016   2.3682550872688887E-015   2.0908187719699360     
