   2.1522370327736035E-005   1.4780226553265533E-018   1.0202040356729314E-018  -3.6357641272737524E-018  -6.2782678715186818E-005  -3.1902128008394076E-018  -2.3706268436830492E-018  -1.4443046654160483E-016   1.5776578721135408E-004   6.6692861705691893E-018   8.2446679839936355E-018  -1.3938975933896770E-016   1.4802443240284538E-019  -4.3132022507857736E-019  -1.7783001756692702E-018  -1.1540790095188542E-018  -1.3877014959309104E-018   6.5032187451433644E-019   6.5279398833779151E-003   3.6691316605463663E-016   3.5005351787002122E-016  -2.8227359046247528E-015  -3.0994385628841997E-015
   1.4780226553265533E-018   2.1522370327787040E-005  -4.5854306572691066E-018   3.4057194039385154E-017  -2.7152738172523098E-018  -6.2782678715270288E-005  -8.2305908175345264E-019   5.1048159405578761E-016   4.1807614809741337E-018   1.5776578721153687E-004  -1.9834948398772542E-018   5.3755467384655527E-016   1.9504460881125144E-018  -6.2908518415865570E-019  -9.2888183221828721E-020   1.3912364573803708E-018  -8.7138894528970268E-020   2.3050070517513463E-018   8.0924323405704273E-017   6.5279398833856511E-003  -1.5938180893631697E-016   5.8360014266716498E-016   5.5177215466456175E-016
   1.0202040356729314E-018  -4.5854306572691066E-018   2.1522370327793060E-005   7.3238703737637182E-018  -4.1552872132397191E-018   1.2798415801419623E-017  -6.2782678715285996E-005  -1.6721282373703795E-016   1.9088383774743279E-018  -3.0465682035594725E-017   1.5776578721156468E-004  -1.2140706941279151E-016   1.0725458335180251E-018   7.6053774683978925E-020  -1.0559969716473013E-018  -1.9825119310232304E-018   3.1434013310464234E-018   2.2483470590612460E-018  -3.8353651851674762E-017  -1.2300116813403908E-015   6.5279398833865574E-003   1.0469969194483997E-015  -3.0900095341212685E-015
  -3.6357641272737524E-018   3.4057194039385154E-017   7.3238703737637182E-018   9.2906126157878111E-004  -9.2247569700038135E-018  -4.3819565671405132E-017  -3.6003755904359067E-017   2.2749666021524322E-002   6.6051553233341337E-018   1.0007157311803043E-016   8.4943752594957784E-017   2.2531769884568929E-002   2.2862072536153443E-017   2.2064295339536140E-018   3.9099030844339372E-019   2.9109091399946370E-017  -1.4479707331634532E-018   1.4997476402328130E-017  -4.1640288820472255E-017   3.8492622486747730E-015   3.5045881431167693E-015  -1.0668293361345067E-002   8.8995441047736443E-004
  -6.2782678715186818E-005  -2.7152738172523098E-018  -4.1552872132397191E-018  -9.2247569700038135E-018   1.8314268766088089E-004   4.6497298748998746E-018   1.0355341739653337E-017  -1.3015085211678301E-016  -4.6021690826378813E-004  -7.7538785655087419E-018  -3.2694783549746349E-017  -1.3590290172389785E-016  -4.3180050524827810E-019   1.2581996639825142E-018   5.1874606229743266E-018   3.3665516652253177E-018   4.0480493479539100E-018  -1.8970470578968516E-018  -1.9042584349643121E-002  -5.8616059025514832E-016  -1.3788184427489161E-015   4.5403443204752460E-015   5.7058864126685531E-015
  -3.1902128008394076E-018  -6.2782678715270288E-005   1.2798415801419623E-017  -4.3819565671405132E-017   4.6497298748998746E-018   1.8314268766093391E-004   4.0861243674774813E-018  -1.0408227423306610E-016  -3.9760876325168068E-018  -4.6021690826384272E-004   1.5513453923896191E-018  -1.9787409609230634E-016  -5.6896256423604721E-018   1.8350977331981520E-018   2.7096313625512933E-019  -4.0583611465801196E-018   2.5419194705271296E-019  -6.7239116771279571E-018   1.0404105691124560E-016  -1.9042584349645880E-002   2.8971050689582069E-016  -8.6787465074393655E-016  -2.7272563396316954E-016
  -2.3706268436830492E-018  -8.2305908175345264E-019  -6.2782678715285996E-005  -3.6003755904359067E-017   1.0355341739653337E-017   4.0861243674774813E-018   1.8314268766097427E-004   6.7296750522353774E-017  -1.1304845821190664E-018  -1.5213286209622671E-017  -4.6021690826391021E-004  -3.5644966672342167E-017  -3.1287121003752429E-018  -2.2185566126480537E-019   3.0804375905400813E-018   5.7831645733642019E-018  -9.1695827566648574E-018  -6.5586294120858388E-018   2.9550438430860776E-016  -7.1868954893937329E-016  -1.9042584349647961E-002  -6.6747726974425105E-016   4.4797431098468379E-015
  -1.4443046654160483E-016   5.1048159405578761E-016  -1.6721282373703795E-016   2.2749666021524322E-002  -1.3015085211678301E-016  -1.0408227423306610E-016   6.7296750522353774E-017  0.55754594548373582        1.0341615716715900E-016  -6.0415310313192032E-018  -2.0569652506072395E-016  0.55206553077174925        5.9702259562186242E-016   5.3902349498818283E-017   7.5735821852748233E-018   7.5146511256788706E-016  -3.6409047253221920E-017   4.0925328120925947E-016  -2.1267604677997935E-017  -7.2881922755173170E-015  -5.8347393893180794E-015 -0.26149046795842529        5.2853858051983345E-002
   1.5776578721135408E-004   4.1807614809741337E-018   1.9088383774743279E-018   6.6051553233341337E-018  -4.6021690826378813E-004  -3.9760876325168068E-018  -1.1304845821190664E-018   1.0341615716715900E-016   1.1564731595730545E-003   1.1488876963869232E-019   1.9609262715190282E-017   9.7552225035938539E-017   1.0850659453154727E-018  -3.1617137802886705E-018  -1.3035503192275333E-017  -8.4597644528750779E-018  -1.0172291229363760E-017   4.7670651936432695E-018   4.7851865704693811E-002   6.7148568657320181E-016   8.7669604106714584E-016  -3.5065367115697198E-015  -4.4378422198943983E-015
   6.6692861705691893E-018   1.5776578721153687E-004  -3.0465682035594725E-017   1.0007157311803043E-016  -7.7538785655087419E-018  -4.6021690826384272E-004  -1.5213286209622671E-017  -6.0415310313192032E-018   1.1488876963869232E-019   1.1564731595729940E-003   8.5286730026882076E-018   2.3244457585620266E-016   1.4297387221668720E-017  -4.6113935310265697E-018  -6.8089978591823197E-019   1.0198203615722095E-017  -6.3875567991375799E-019   1.6896431318162759E-017  -6.7011021094597914E-016   4.7851865704692562E-002  -2.1381260934802176E-016   7.5696557435763575E-016  -3.5755211475682862E-016
   8.2446679839936355E-018  -1.9834948398772542E-018   1.5776578721156468E-004   8.4943752594957784E-017  -3.2694783549746349E-017   1.5513453923896191E-018  -4.6021690826391021E-004  -2.0569652506072395E-016   1.9609262715190282E-017   8.5286730026882076E-018   1.1564731595730784E-003   2.0674503216581243E-017   7.8621004642530867E-018   5.5749824255685345E-019  -7.7407920683283803E-018  -1.4532440000337753E-017   2.3042126771417593E-017   1.6481095636577928E-017  -4.8733193587328916E-017   5.7705090972610593E-016   4.7851865704694262E-002   7.0440025208789839E-016  -4.6507083768717292E-015
  -1.3938975933896770E-016   5.3755467384655527E-016  -1.2140706941279151E-016   2.2531769884568929E-002  -1.3590290172389785E-016  -1.9787409609230634E-016  -3.5644966672342167E-017  0.55206553077174925        9.7552225035938539E-017   2.3244457585620266E-016   2.0674503216581243E-017  0.54671244193778945        5.7977223302311846E-016   5.3806765102039913E-017   8.9746041982037949E-018   7.3345603382853289E-016  -3.5815497737624003E-017   3.9082929279664539E-016  -6.4834429055199991E-016   2.4842340151521833E-015   2.5482514963299521E-015 -0.25060113813628959        4.1327708728328139E-002
   1.4802443240284538E-019   1.9504460881125144E-018   1.0725458335180251E-018   2.2862072536153443E-017  -4.3180050524827810E-019  -5.6896256423604721E-018  -3.1287121003752429E-018   5.9702259562186242E-016   1.0850659453154727E-018   1.4297387221668720E-017   7.8621004642530867E-018   5.7977223302311846E-016   3.6851467535978333E-030  -1.9725782394191279E-032  -2.3712085679959993E-031   3.7166669963671332E-030   3.0583006810352606E-032   3.9907644399928449E-030   4.4897220023166923E-017   5.9158887311478743E-016   3.2531336543201084E-016  -4.5783449531903967E-016   2.4651709248285817E-015
  -4.3132022507857736E-019  -6.2908518415865570E-019   7.6053774683978925E-020   2.2064295339536140E-018   1.2581996639825142E-018   1.8350977331981520E-018  -2.2185566126480537E-019   5.3902349498818283E-017  -3.1617137802886705E-018  -4.6113935310265697E-018   5.5749824255685345E-019   5.3806765102039913E-017  -1.9725782394191279E-032   3.7094532031627150E-032   4.6557900759614812E-032   3.9909162381813498E-032   3.7887901107222250E-032  -7.4426657767473486E-032  -1.3082353183786753E-016  -1.9080752729242071E-016   2.3067834140899419E-017   7.2563115446520721E-017  -2.9165701838530601E-017
  -1.7783001756692702E-018  -9.2888183221828721E-020  -1.0559969716473013E-018   3.9099030844339372E-019   5.1874606229743266E-018   2.7096313625512933E-019   3.0804375905400813E-018   7.5735821852748233E-018  -1.3035503192275333E-017  -6.8089978591823197E-019  -7.7407920683283803E-018   8.9746041982037949E-018  -2.3712085679959993E-031   4.6557900759614812E-032   2.3194139425561547E-031   5.0677828687117579E-032  -3.6741995396385707E-032  -4.0402572623373161E-031  -5.3937537848275004E-016  -2.8173870568823961E-017  -3.2029393802651718E-016   2.2345518721281003E-016  -1.8245810416299233E-016
  -1.1540790095188542E-018   1.3912364573803708E-018  -1.9825119310232304E-018   2.9109091399946370E-017   3.3665516652253177E-018  -4.0583611465801196E-018   5.7831645733642019E-018   7.5146511256788706E-016  -8.4597644528750779E-018   1.0198203615722095E-017  -1.4532440000337753E-017   7.3345603382853289E-016   3.7166669963671332E-030   3.9909162381813498E-032   5.0677828687117579E-032   4.3622199228965330E-030  -3.4321246043246581E-031   3.7222511117419835E-030  -3.5004315417181782E-016   4.2197526661908625E-016  -6.0131474863985592E-016  -2.3737671667400591E-016   2.4969376831844586E-015
  -1.3877014959309104E-018  -8.7138894528970268E-020   3.1434013310464234E-018  -1.4479707331634532E-018   4.0480493479539100E-018   2.5419194705271296E-019  -9.1695827566648574E-018  -3.6409047253221920E-017  -1.0172291229363760E-017  -6.3875567991375799E-019   2.3042126771417593E-017  -3.5815497737624003E-017   3.0583006810352606E-032   3.7887901107222250E-032  -3.6741995396385707E-032  -3.4321246043246581E-031   5.5310770250747866E-031   1.7280869005893598E-031  -4.2090307914822619E-016  -2.6430056556288504E-017   9.5342355911091389E-016   8.7480140227886856E-018  -6.0921067875289253E-017
   6.5032187451433644E-019   2.3050070517513463E-018   2.2483470590612460E-018   1.4997476402328130E-017  -1.8970470578968516E-018  -6.7239116771279571E-018  -6.5586294120858388E-018   4.0925328120925947E-016   4.7670651936432695E-018   1.6896431318162759E-017   1.6481095636577928E-017   3.9082929279664539E-016   3.9907644399928449E-030  -7.4426657767473486E-032  -4.0402572623373161E-031   3.7222511117419835E-030   1.7280869005893598E-031   4.5684368304767144E-030   1.9724881772113060E-016   6.9913058996011704E-016   6.8194507459142514E-016  -7.7021767229234799E-016   2.8627632909389943E-015
   6.5279398833779151E-003   8.0924323405704273E-017  -3.8353651851674762E-017  -4.1640288820472255E-017  -1.9042584349643121E-002   1.0404105691124560E-016   2.9550438430860776E-016  -2.1267604677997935E-017   4.7851865704693811E-002  -6.7011021094597914E-016  -4.8733193587328916E-017  -6.4834429055199991E-016   4.4897220023166923E-017  -1.3082353183786753E-016  -5.3937537848275004E-016  -3.5004315417181782E-016  -4.2090307914822619E-016   1.9724881772113060E-016   1.9799863338509278       -1.3979092948306078E-016   6.8619155496607605E-016   1.5831728854065311E-015   2.0161383687075725E-015
   3.6691316605463663E-016   6.5279398833856511E-003  -1.2300116813403908E-015   3.8492622486747730E-015  -5.8616059025514832E-016  -1.9042584349645880E-002  -7.1868954893937329E-016  -7.2881922755173170E-015   6.7148568657320181E-016   4.7851865704692562E-002   5.7705090972610593E-016   2.4842340151521833E-015   5.9158887311478743E-016  -1.9080752729242071E-016  -2.8173870568823961E-017   4.2197526661908625E-016  -2.6430056556288504E-017   6.9913058996011704E-016  -1.3979092948306078E-016   1.9799863338509283        4.2803115923601544E-016   4.0008054021654862E-016  -6.3634584676354336E-016
   3.5005351787002122E-016  -1.5938180893631697E-016   6.5279398833865574E-003   3.5045881431167693E-015  -1.3788184427489161E-015   2.8971050689582069E-016  -1.9042584349647961E-002  -5.8347393893180794E-015   8.7669604106714584E-016  -2.1381260934802176E-016   4.7851865704694262E-002   2.5482514963299521E-015   3.2531336543201084E-016   2.3067834140899419E-017  -3.2029393802651718E-016  -6.0131474863985592E-016   9.5342355911091389E-016   6.8194507459142514E-016   6.8619155496607605E-016   4.2803115923601544E-016   1.9799863338509247        8.3955889955680974E-016   2.7554109729952589E-015
  -2.8227359046247528E-015   5.8360014266716498E-016   1.0469969194483997E-015  -1.0668293361345067E-002   4.5403443204752460E-015  -8.6787465074393655E-016  -6.6747726974425105E-016 -0.26149046795842529       -3.5065367115697198E-015   7.5696557435763575E-016   7.0440025208789839E-016 -0.25060113813628959       -4.5783449531903967E-016   7.2563115446520721E-017   2.2345518721281003E-016  -2.3737671667400591E-016   8.7480140227886856E-018  -7.7021767229234799E-016   1.5831728854065311E-015   4.0008054021654862E-016   8.3955889955680974E-016   2.2395884984382692      -0.52793654817298674     
  -3.0994385628841997E-015   5.5177215466456175E-016  -3.0900095341212685E-015   8.8995441047736443E-004   5.7058864126685531E-015  -2.7272563396316954E-016   4.4797431098468379E-015   5.2853858051983345E-002  -4.4378422198943983E-015  -3.5755211475682862E-016  -4.6507083768717292E-015   4.1327708728328139E-002   2.4651709248285817E-015  -2.9165701838530601E-017  -1.8245810416299233E-016   2.4969376831844586E-015  -6.0921067875289253E-017   2.8627632909389943E-015   2.0161383687075725E-015  -6.3634584676354336E-016   2.7554109729952589E-015 -0.52793654817298674        2.1246106871233827     
