   2.8720719581704198E-007  -3.0603782249301028E-019  -6.3460578143391841E-019  -1.1772720457254320E-016  -1.1330836802007986E-006   1.9379978996275053E-018   1.3056837194896656E-018  -4.2255184395790138E-016  -2.1335407974266113E-016   7.0188394492268700E-006  -1.2127820969961191E-017  -7.4624656339031629E-018  -1.0008485449003896E-019  -1.5953342703823785E-019   1.3938532927293352E-019   2.6764822590517918E-019   1.5368276065122545E-019  -1.1408250387786970E-019   7.5662533321837848E-004  -1.3091511028397993E-015  -7.9482032678092736E-016   5.5929964199537505E-016   5.5567644874972630E-016
  -3.0603782249301028E-019   2.8720719581515373E-007   2.5634337522801026E-019  -3.8224157364690848E-017  -4.8073498644050374E-019  -1.1330836801945741E-006  -1.1075227720978122E-018  -1.3162318640037074E-016  -7.4473411970773687E-017   4.6415234677415952E-018   7.0188394492011414E-006   1.3289021120519403E-017  -6.5550928354519951E-020  -5.3795119258560633E-020  -5.1312047773392536E-020  -4.2301741550145934E-019   1.0335714005311251E-019  -1.9031485432757858E-019   5.0290770544863204E-016   7.5662533321589219E-004   1.5269901147354578E-015   1.4610092891022315E-015  -2.3159866488821945E-016
  -6.3460578143391841E-019   2.5634337522801026E-019   2.8720719581569382E-007  -1.9115359022298714E-016   1.9389390421409534E-018   2.7583474898904330E-019  -1.1330836801966174E-006  -6.9349886145991129E-016  -3.3598734039536037E-016  -8.4337367858516699E-018  -7.2103050977754357E-018   7.0188394492087850E-006   5.8991323458630764E-019  -1.1320416149401139E-019  -1.7318206913844890E-020  -2.6733189692848433E-019   6.9065642691657201E-020  -1.1600007570524506E-019  -8.7697970694178946E-016  -8.5224107491428131E-016   7.5662533321660429E-004  -9.3992592070365329E-016  -3.5847212216937339E-017
  -1.1772720457254320E-016  -3.8224157364690848E-017  -1.9115359022298714E-016   2.8578398889859205E-002   6.7936169741158066E-018   2.0335200503408677E-017   1.4625995130664215E-016  0.10376057017913708        5.1181494987473465E-002  -2.1560577618527011E-017   1.4363237671985233E-017  -9.5498198666772404E-017  -6.0842265276633399E-016  -7.0551191169695297E-018   1.2507408387413639E-018  -5.0478899721217064E-016  -6.6100949275120045E-018  -5.1253275210423506E-016   5.3693113273221080E-016   5.2324067550218948E-015  -7.6597234131218901E-015  -3.4999753684900263E-002   5.8017633845584612E-003
  -1.1330836802007986E-006  -4.8073498644050374E-019   1.9389390421409534E-018   6.7936169741158066E-018   4.4702174772642097E-006  -9.8585691170026482E-019  -2.9233363823412835E-018   3.6786423057207321E-017   1.0859523757280932E-017  -2.7690575130766360E-005   6.5920041335045297E-018   1.5640627618101030E-017   3.9485262525657608E-019   6.2938786094613795E-019  -5.4990001698666904E-019  -1.0559200508248157E-018  -6.0630593717174950E-019   4.5007585195012043E-019  -2.9850220662380944E-003   7.1764157727771761E-016   1.6480648321624201E-015   5.6572118431064161E-016  -8.6277913000341838E-016
   1.9379978996275053E-018  -1.1330836801945741E-006   2.7583474898904330E-019   2.0335200503408677E-017  -9.8585691170026482E-019   4.4702174772444882E-006  -7.0868171652826980E-019   1.1856096670517284E-016   3.6861225456944343E-017  -4.5647093564098348E-019  -2.7690575130694799E-005  -2.0971751193205491E-017   2.5861011918876180E-019   2.1223135281269348E-019   2.0243519235109192E-019   1.6688792513808530E-018  -4.0776237619401376E-019   7.5082608889926994E-019  -5.9287733653374818E-017  -2.9850220662315137E-003  -2.6333372886475461E-015  -2.1168936187561066E-016   1.3611340447525361E-015
   1.3056837194896656E-018  -1.1075227720978122E-018  -1.1330836801966174E-006   1.4625995130664215E-016  -2.9233363823412835E-018  -7.0868171652826980E-019   4.4702174772522030E-006   4.6454925871444659E-016   2.5769635784120127E-016   3.9968178384924399E-018   2.6094924922735139E-017  -2.7690575130722815E-005  -2.3273130637957878E-018   4.4661063437302448E-019   6.8323419155488184E-020   1.0546720765411692E-018  -2.7247629494121273E-019   4.5764101527158868E-019   3.0393567416496076E-016   3.1088055222429139E-015  -2.9850220662340924E-003  -2.8270307006763277E-016  -6.6378969485165544E-016
  -4.2255184395790138E-016  -1.3162318640037074E-016  -6.9349886145991129E-016  0.10376057017913708        3.6786423057207321E-017   1.1856096670517284E-016   4.6454925871444659E-016  0.37709385663058465       0.18571563562365956       -1.1912490065501323E-016  -2.4656267689493177E-016   5.9273011554786851E-017  -2.2160146773288233E-015  -3.2866998005582991E-017   4.1620488967485251E-018  -1.8409118978113755E-015  -2.4713434190715341E-017  -1.8676065312048531E-015  -1.6701476515779766E-015  -1.1380733475471372E-014   1.4974441315458695E-014  -9.9401501848654053E-002   1.7048215303443526E-002
  -2.1335407974266113E-016  -7.4473411970773687E-017  -3.3598734039536037E-016   5.1181494987473465E-002   1.0859523757280932E-017   3.6861225456944343E-017   2.5769635784120127E-016  0.18571563562365956        9.1697205712264779E-002  -3.7255857043448502E-017   2.2915983609829210E-017  -1.4009827623538543E-016  -1.0899429310946650E-015  -1.0790723819817042E-017   2.3170104499647398E-018  -9.0352944459177238E-016  -1.1573228637075083E-017  -9.1798099239243842E-016   1.0067065558959428E-015   8.3390498472461068E-015  -9.9257992221827598E-015  -7.0857021133507031E-002   9.5555277168929698E-003
   7.0188394492268700E-006   4.6415234677415952E-018  -8.4337367858516699E-018  -2.1560577618527011E-017  -2.7690575130766360E-005  -4.5647093564098348E-019   3.9968178384924399E-018  -1.1912490065501323E-016  -3.7255857043448502E-017   1.7152810908472430E-004  -1.7768129070849923E-019  -9.4710821493165319E-018  -2.4458980666712335E-018  -3.8987167712925050E-018   3.4063326476221744E-018   6.5408525755429670E-018   3.7557367602091560E-018  -2.7879760339151120E-018   1.8490594297158845E-002  -6.2693302409704662E-017  -7.8569454021817795E-016  -6.2462695094005321E-016   1.3395419479568336E-015
  -1.2127820969961191E-017   7.0188394492011414E-006  -7.2103050977754357E-018   1.4363237671985233E-017   6.5920041335045297E-018  -2.7690575130694799E-005   2.6094924922735139E-017  -2.4656267689493177E-016   2.2915983609829210E-017  -1.7768129070849923E-019   1.7152810908459449E-004  -4.5422373407083078E-018  -1.6019495631776590E-018  -1.3146582353202773E-018  -1.2539763292116209E-018  -1.0337802697434576E-017   2.5258669787189303E-018  -4.6509607934187868E-018   4.3289524593562329E-017   1.8490594297151872E-002   1.8183997432536913E-015  -1.0834981652361813E-015  -1.5000903280779426E-015
  -7.4624656339031629E-018   1.3289021120519403E-017   7.0188394492087850E-006  -9.5498198666772404E-017   1.5640627618101030E-017  -2.0971751193205491E-017  -2.7690575130722815E-005   5.9273011554786851E-017  -1.4009827623538543E-016  -9.4710821493165319E-018  -4.5422373407083078E-018   1.7152810908464553E-004   1.4416443399810566E-017  -2.7665108886150522E-018  -4.2322656133492700E-019  -6.5331220511011926E-018   1.6878430087164024E-018  -2.8348381216042933E-018  -2.3478615097366332E-016  -2.3219286431443772E-015   1.8490594297154640E-002   5.7848186865786888E-016   1.4189184771366643E-015
  -1.0008485449003896E-019  -6.5550928354519951E-020   5.8991323458630764E-019  -6.0842265276633399E-016   3.9485262525657608E-019   2.5861011918876180E-019  -2.3273130637957878E-018  -2.2160146773288233E-015  -1.0899429310946650E-015  -2.4458980666712335E-018  -1.6019495631776590E-018   1.4416443399810566E-017   1.7239657171527103E-029   5.3641891723895604E-031  -4.7133211608266198E-032   1.2695246338319133E-029   1.6018020529507928E-031   1.3407741641998508E-029  -2.6366587426620292E-016  -1.7268889405536641E-016   1.5540811796753390E-015   8.6667577003834819E-019   2.3986622698293069E-015
  -1.5953342703823785E-019  -5.3795119258560633E-020  -1.1320416149401139E-019  -7.0551191169695297E-018   6.2938786094613795E-019   2.1223135281269348E-019   4.4661063437302448E-019  -3.2866998005582991E-017  -1.0790723819817042E-017  -3.8987167712925050E-018  -1.3146582353202773E-018  -2.7665108886150522E-018   5.3641891723895604E-031   3.4728951531105697E-031  -4.7423607505493621E-032   6.5551861275640561E-031  -1.2460080271616356E-031   7.6439395821229109E-031  -4.2027857989094906E-016  -1.4171911646693475E-016  -2.9822768252405507E-016  -5.6936818575630053E-016   4.2691496690640728E-016
   1.3938532927293352E-019  -5.1312047773392536E-020  -1.7318206913844890E-020   1.2507408387413639E-018  -5.4990001698666904E-019   2.0243519235109192E-019   6.8323419155488184E-020   4.1620488967485251E-018   2.3170104499647398E-018   3.4063326476221744E-018  -1.2539763292116209E-018  -4.2322656133492700E-019  -4.7133211608266198E-032  -4.7423607505493621E-032   7.8994496252667772E-032   2.4407792928522110E-031   5.1492467434976795E-032   9.1563652225011309E-033   3.6719996136164979E-016  -1.3517765505272171E-016  -4.5623488087101547E-017  -3.3478015738368819E-017   4.2207689123949315E-017
   2.6764822590517918E-019  -4.2301741550145934E-019  -2.6733189692848433E-019  -5.0478899721217064E-016  -1.0559200508248157E-018   1.6688792513808530E-018   1.0546720765411692E-018  -1.8409118978113755E-015  -9.0352944459177238E-016   6.5408525755429670E-018  -1.0337802697434576E-017  -6.5331220511011926E-018   1.2695246338319133E-029   6.5551861275640561E-031   2.4407792928522110E-031   1.2110493807459594E-029   1.1718118861415614E-032   1.1525142942038271E-029   7.0509872683381987E-016  -1.1144069425260739E-015  -7.0426538242281513E-016  -1.7240587031042508E-016   1.9647873313118712E-015
   1.5368276065122545E-019   1.0335714005311251E-019   6.9065642691657201E-020  -6.6100949275120045E-018  -6.0630593717174950E-019  -4.0776237619401376E-019  -2.7247629494121273E-019  -2.4713434190715341E-017  -1.1573228637075083E-017   3.7557367602091560E-018   2.5258669787189303E-018   1.6878430087164024E-018   1.6018020529507928E-031  -1.2460080271616356E-031   5.1492467434976795E-032   1.1718118861415614E-032   1.4015524469679567E-031  -7.7129848132463263E-032   4.0486544794621970E-016   2.7228645964391635E-016   1.8194813945083691E-016  -4.1356577000438044E-017  -4.3313861543840971E-017
  -1.1408250387786970E-019  -1.9031485432757858E-019  -1.1600007570524506E-019  -5.1253275210423506E-016   4.5007585195012043E-019   7.5082608889926994E-019   4.5764101527158868E-019  -1.8676065312048531E-015  -9.1798099239243842E-016  -2.7879760339151120E-018  -4.6509607934187868E-018  -2.8348381216042933E-018   1.3407741641998508E-029   7.6439395821229109E-031   9.1563652225011309E-033   1.1525142942038271E-029  -7.7129848132463263E-032   1.1734742605418592E-029  -3.0054160818563624E-016  -5.0136988964667632E-016  -3.0559330412061523E-016  -6.9507789058100003E-017   2.1032542478513263E-015
   7.5662533321837848E-004   5.0290770544863204E-016  -8.7697970694178946E-016   5.3693113273221080E-016  -2.9850220662380944E-003  -5.9287733653374818E-017   3.0393567416496076E-016  -1.6701476515779766E-015   1.0067065558959428E-015   1.8490594297158845E-002   4.3289524593562329E-017  -2.3478615097366332E-016  -2.6366587426620292E-016  -4.2027857989094906E-016   3.6719996136164979E-016   7.0509872683381987E-016   4.0486544794621970E-016  -3.0054160818563624E-016   1.9932714193989316       -2.6935647722686748E-017   5.3302089304818612E-017   3.7127872736469652E-016  -3.0102808151866609E-016
  -1.3091511028397993E-015   7.5662533321589219E-004  -8.5224107491428131E-016   5.2324067550218948E-015   7.1764157727771761E-016  -2.9850220662315137E-003   3.1088055222429139E-015  -1.1380733475471372E-014   8.3390498472461068E-015  -6.2693302409704662E-017   1.8490594297151872E-002  -2.3219286431443772E-015  -1.7268889405536641E-016  -1.4171911646693475E-016  -1.3517765505272171E-016  -1.1144069425260739E-015   2.7228645964391635E-016  -5.0136988964667632E-016  -2.6935647722686748E-017   1.9932714193989369       -1.4961447879213718E-015   2.1088249407644298E-016  -4.3170224154468075E-016
  -7.9482032678092736E-016   1.5269901147354578E-015   7.5662533321660429E-004  -7.6597234131218901E-015   1.6480648321624201E-015  -2.6333372886475461E-015  -2.9850220662340924E-003   1.4974441315458695E-014  -9.9257992221827598E-015  -7.8569454021817795E-016   1.8183997432536913E-015   1.8490594297154640E-002   1.5540811796753390E-015  -2.9822768252405507E-016  -4.5623488087101547E-017  -7.0426538242281513E-016   1.8194813945083691E-016  -3.0559330412061523E-016   5.3302089304818612E-017  -1.4961447879213718E-015   1.9932714193989407       -5.0591273216727590E-016   1.3246691903940155E-015
   5.5929964199537505E-016   1.4610092891022315E-015  -9.3992592070365329E-016  -3.4999753684900263E-002   5.6572118431064161E-016  -2.1168936187561066E-016  -2.8270307006763277E-016  -9.9401501848654053E-002  -7.0857021133507031E-002  -6.2462695094005321E-016  -1.0834981652361813E-015   5.7848186865786888E-016   8.6667577003834819E-019  -5.6936818575630053E-016  -3.3478015738368819E-017  -1.7240587031042508E-016  -4.1356577000438044E-017  -6.9507789058100003E-017   3.7127872736469652E-016   2.1088249407644298E-016  -5.0591273216727590E-016   2.1468755218455509      -0.49332872410858086     
   5.5567644874972630E-016  -2.3159866488821945E-016  -3.5847212216937339E-017   5.8017633845584612E-003  -8.6277913000341838E-016   1.3611340447525361E-015  -6.6378969485165544E-016   1.7048215303443526E-002   9.5555277168929698E-003   1.3395419479568336E-015  -1.5000903280779426E-015   1.4189184771366643E-015   2.3986622698293069E-015   4.2691496690640728E-016   4.2207689123949315E-017   1.9647873313118712E-015  -4.3313861543840971E-017   2.1032542478513263E-015  -3.0102808151866609E-016  -4.3170224154468075E-016   1.3246691903940155E-015 -0.49332872410858086        2.1134491000297664     
