   8.5719497822888367E-003   6.2424069458115057E-017  -4.3522529240135221E-017  -7.3679015501317091E-018   4.7248914464024544E-002   1.8457638484755398E-016  -6.1624752700224248E-017   3.2545782724160212E-016   4.9919390392243186E-019  -1.2000746196274887E-018  -8.5421058516720297E-018  -8.2270007777064704E-019   1.2997394583072343E-018  -1.1457331804378771E-018   7.0843241674769575E-002   2.4423912689761981E-016  -1.1561660916842357E-016   3.0567724381517990E-016  -1.0651909683589738E-015
   6.2424069458115057E-017   8.5719497822890935E-003  -2.4485146113240673E-016   9.7375078273565598E-017   1.9254527081532271E-016   4.7248914464025182E-002  -1.7021155309506677E-016  -7.9247133459703840E-016  -1.3172134670357828E-018  -1.2674534088584846E-018   1.1117314354513563E-018   2.2947591589840277E-018  -7.3561604497939257E-019   2.2722024323475165E-018   2.2417235168853401E-016   7.0843241674770588E-002  -4.0827948028330696E-016  -7.4617992245679847E-016   1.3318269995644128E-015
  -4.3522529240135221E-017  -2.4485146113240673E-016   8.5719497822894092E-003  -3.2207634009748795E-017  -1.4680662104085328E-016  -1.0518299849630233E-015   4.7248914464025960E-002  -2.6006405110043403E-016  -4.2301824034571210E-018  -1.6253450796508223E-018   3.1920232232465376E-018  -3.0440977555221442E-021  -2.7363387909215769E-018   5.8596795934599783E-020  -2.2232299642036174E-016  -1.6011469448834357E-015   7.0843241674772003E-002  -4.2476137611368757E-016  -2.3638683352089817E-015
  -7.3679015501317091E-018   9.7375078273565598E-017  -3.2207634009748795E-017   4.2848714052716902E-004   3.4524248246238767E-017   3.8648247743250542E-016  -1.9464741144562221E-016  -1.5302169610970582E-002  -2.5867115742004143E-017  -3.4033328708252516E-018  -1.2997055300148059E-018  -2.0710225753946409E-017   3.2924909302377724E-018  -6.0630839765730735E-018   2.7345402004982632E-017   6.2460705144773128E-016  -2.6381421488394024E-016  -1.6370935388494146E-002   1.1689915114129042E-002
   4.7248914464024544E-002   1.9254527081532271E-016  -1.4680662104085328E-016   3.4524248246238767E-017  0.26043782041763291        1.8210982490514721E-016   1.7343846627979120E-016  -4.4688426506553629E-016   2.7515758568877395E-018  -6.6148571204171562E-018  -4.7084413579069255E-017  -4.5347542381176604E-018   7.1642135162718596E-018  -6.3153250329314938E-018  0.39049065279890582        9.3873838101036732E-017   1.3206937713589149E-016  -5.6046822479470480E-016   1.2415505084449808E-015
   1.8457638484755398E-016   4.7248914464025182E-002  -1.0518299849630233E-015   3.8648247743250542E-016   1.8210982490514721E-016  0.26043782041763214        7.0327677420082607E-016   6.0959555227549176E-016  -7.2605309195102842E-018  -6.9862515790764580E-018   6.1279061164297557E-018   1.2648800094753396E-017  -4.0547437246327280E-018   1.2524466556346593E-017  -8.2598135507187301E-017  0.39049065279890499        2.1073276225876399E-016   1.0791302921305433E-015  -1.1992344314163336E-015
  -6.1624752700224248E-017  -1.7021155309506677E-016   4.7248914464025960E-002  -1.9464741144562221E-016   1.7343846627979120E-016   7.0327677420082607E-016  0.26043782041763119        4.8204162384929091E-016  -2.3316926909789855E-017  -8.9589641322465239E-018   1.7594553873141088E-017  -1.6779183047357510E-020  -1.5082803884827644E-017   3.2298777632652161E-019   2.4788475670260217E-016   9.2178191078359803E-016  0.39049065279890482        1.5592503331942898E-016   1.4274773369440891E-015
   3.2545782724160212E-016  -7.9247133459703840E-016  -2.6006405110043403E-016  -1.5302169610970582E-002  -4.4688426506553629E-016   6.0959555227549176E-016   4.8204162384929091E-016  0.56003297884848191        1.0871091912693290E-015   1.1970550707900049E-016   3.5125617836818330E-017   7.2912165612232977E-016  -1.3044823654340414E-016   1.9205490936235871E-016   6.8376625948548507E-017  -6.2104386743245322E-016  -4.9255688581521569E-016  0.60380513877730835      -0.26229677063046847     
   4.9919390392243186E-019  -1.3172134670357828E-018  -4.2301824034571210E-018  -2.5867115742004143E-017   2.7515758568877395E-018  -7.2605309195102842E-018  -2.3316926909789855E-017   1.0871091912693290E-015   3.5313540916299311E-030   1.8428267390055596E-031  -5.9768014557529141E-032   1.1235669173719216E-030  -3.5220392375317008E-031   7.0821571909729001E-032   4.1256091410179195E-018  -1.0886166432664266E-017  -3.4960521462162049E-017   1.2191341741580979E-015   1.1634123023238707E-015
  -1.2000746196274887E-018  -1.2674534088584846E-018  -1.6253450796508223E-018  -3.4033328708252516E-018  -6.6148571204171562E-018  -6.9862515790764580E-018  -8.9589641322465239E-018   1.1970550707900049E-016   1.8428267390055596E-031   2.7943363242212390E-032   1.2276769299398844E-032   1.6568932310000874E-031  -2.3964819083435933E-032   5.1281017021674839E-032  -9.9180674718480465E-018  -1.0474922326397818E-017  -1.3432733182888087E-017   1.2743615771047705E-016  -1.1384269565425020E-016
  -8.5421058516720297E-018   1.1117314354513563E-018   3.1920232232465376E-018  -1.2997055300148059E-018  -4.7084413579069255E-017   6.1279061164297557E-018   1.7594553873141088E-017   3.5125617836818330E-017  -5.9768014557529141E-032   1.2276769299398844E-032   2.3186420233457218E-032   7.2663452248554581E-032  -1.6847527670763385E-033   4.0221435415820498E-032  -7.0596595247421860E-017   9.1879514882202118E-018   2.6380610990412313E-017   3.3701697745003570E-017  -1.6464561088274827E-016
  -8.2270007777064704E-019   2.2947591589840277E-018  -3.0440977555221442E-021  -2.0710225753946409E-017  -4.5347542381176604E-018   1.2648800094753396E-017  -1.6779183047357510E-020   7.2912165612232977E-016   1.1235669173719216E-030   1.6568932310000874E-031   7.2663452248554581E-032   1.0097931702573261E-030  -1.4951074462459996E-031   3.1268563608424405E-031  -6.7992396030855035E-018   1.8965134166005815E-017  -2.5158074704388139E-020   7.7644600688089058E-016  -6.8497858089049252E-016
   1.2997394583072343E-018  -7.3561604497939257E-019  -2.7363387909215769E-018   3.2924909302377724E-018   7.1642135162718596E-018  -4.0547437246327280E-018  -1.5082803884827644E-017  -1.3044823654340414E-016  -3.5220392375317008E-031  -2.3964819083435933E-032  -1.6847527670763385E-033  -1.4951074462459996E-031   3.8641142529186565E-032  -2.3758091904857164E-032   1.0741751748166300E-017  -6.0795299293513436E-018  -2.2614587718402562E-017  -1.4397808441524766E-016  -5.7407073761018059E-017
  -1.1457331804378771E-018   2.2722024323475165E-018   5.8596795934599783E-020  -6.0630839765730735E-018  -6.3153250329314938E-018   1.2524466556346593E-017   3.2298777632652161E-019   1.9205490936235871E-016   7.0821571909729001E-032   5.1281017021674839E-032   4.0221435415820498E-032   3.1268563608424405E-031  -2.3758091904857164E-032   1.3070602683205200E-031  -9.4689603483549057E-018   1.8778713144285413E-017   4.8427569936481990E-019   1.9706479075038196E-016  -4.4542895198827255E-016
   7.0843241674769575E-002   2.2417235168853401E-016  -2.2232299642036174E-016   2.7345402004982632E-017  0.39049065279890582       -8.2598135507187301E-017   2.4788475670260217E-016   6.8376625948548507E-017   4.1256091410179195E-018  -9.9180674718480465E-018  -7.0596595247421860E-017  -6.7992396030855035E-018   1.0741751748166300E-017  -9.4689603483549057E-018  0.58548696836272474       -3.9251732651216881E-016   1.7978782525240887E-016  -9.6247271655764766E-017  -3.3383828604189468E-016
   2.4423912689761981E-016   7.0843241674770588E-002  -1.6011469448834357E-015   6.2460705144773128E-016   9.3873838101036732E-017  0.39049065279890499        9.2178191078359803E-016  -6.2104386743245322E-016  -1.0886166432664266E-017  -1.0474922326397818E-017   9.1879514882202118E-018   1.8965134166005815E-017  -6.0795299293513436E-018   1.8778713144285413E-017  -3.9251732651216881E-016  0.58548696836272385        1.1701251946549812E-016   2.0623863045275958E-018   3.1002337424607561E-016
  -1.1561660916842357E-016  -4.0827948028330696E-016   7.0843241674772003E-002  -2.6381421488394024E-016   1.3206937713589149E-016   2.1073276225876399E-016  0.39049065279890482       -4.9255688581521569E-016  -3.4960521462162049E-017  -1.3432733182888087E-017   2.6380610990412313E-017  -2.5158074704388139E-020  -2.2614587718402562E-017   4.8427569936481990E-019   1.7978782525240887E-016   1.1701251946549812E-016  0.58548696836272573       -1.1399709288991674E-015   4.5395523177206041E-016
   3.0567724381517990E-016  -7.4617992245679847E-016  -4.2476137611368757E-016  -1.6370935388494146E-002  -5.6046822479470480E-016   1.0791302921305433E-015   1.5592503331942898E-016  0.60380513877730835        1.2191341741580979E-015   1.2743615771047705E-016   3.3701697745003570E-017   7.7644600688089058E-016  -1.4397808441524766E-016   1.9706479075038196E-016  -9.6247271655764766E-017   2.0623863045275958E-018  -1.1399709288991674E-015  0.65255923875875588      -0.22732429579665517     
  -1.0651909683589738E-015   1.3318269995644128E-015  -2.3638683352089817E-015   1.1689915114129042E-002   1.2415505084449808E-015  -1.1992344314163336E-015   1.4274773369440891E-015 -0.26229677063046847        1.1634123023238707E-015  -1.1384269565425020E-016  -1.6464561088274827E-016  -6.8497858089049252E-016  -5.7407073761018059E-017  -4.4542895198827255E-016  -3.3383828604189468E-016   3.1002337424607561E-016   4.5395523177206041E-016 -0.22732429579665517        2.0945924744736035     
