   1.2794658648426891E-002   1.4461903722360170E-016   3.2524688823566512E-018   4.2940166014173073E-017   4.9239166059444978E-002   2.1446577181012917E-016  -1.1013617763159482E-016   5.0286726873624416E-016   7.0004039042592531E-002   3.9771800304982254E-016  -7.1672860914347614E-017   1.0677072699454432E-015   6.5862686133418090E-019   6.2320501578373698E-018  -1.8832609862029441E-018   7.0878428064810188E-019  -8.1693674013240382E-018  -1.5510119050041774E-018  -2.1769313648040221E-002  -9.0988991644718455E-016   3.9099844864813910E-016  -7.2857898961774037E-016   2.5358681564001779E-015
   1.4461903722360170E-016   1.2794658648425583E-002   8.9575009064261753E-017  -3.1190948131948493E-017   2.6125011528239730E-016   4.9239166059442653E-002   2.5465282009456528E-016  -1.8791114708895157E-016   4.7626875549509716E-016   7.0004039042589367E-002   2.9569299100084818E-016  -6.1695088825849108E-016   5.8807130997655944E-018  -3.8208472124982638E-018  -1.5272959536298017E-018   4.1531058910488720E-018  -9.3110147654331347E-019   9.1190151060780082E-018  -2.8609947102482636E-016  -2.1769313648040231E-002  -2.6333691317924069E-015   1.8054983591496407E-016  -6.8872034458014724E-016
   3.2524688823566512E-018   8.9575009064261753E-017   1.2794658648426998E-002  -1.3843866396500239E-016   1.1021332985300489E-016   1.3150559978169539E-016   4.9239166059444679E-002  -1.8069250905533741E-016   1.5929774680996414E-016   1.4629928663148185E-016   7.0004039042593058E-002  -9.4844266361534618E-016   1.8581097781222871E-017   2.2569270513710753E-018   4.3832735444640666E-018   6.6885549171523652E-018   2.8076379289137042E-018   6.4392810636640403E-018  -1.9712419416765045E-016  -2.6192417339629489E-015  -2.1769313648035915E-002   9.1400908598654235E-016  -5.3928291131248136E-016
   4.2940166014173073E-017  -3.1190948131948493E-017  -1.3843866396500239E-016   1.2258149257579098E-005   1.8124979038678597E-016  -5.3497063263911089E-017  -5.2875149736688602E-016   1.1175157347893989E-003   2.2885425838948370E-016  -1.9814172457770692E-016  -7.6029021676357531E-016   2.4265921859886706E-003   2.8151000957103524E-017   6.0888782213932711E-019   1.2120989913374129E-019   2.7298694513138283E-017   6.5156484736144313E-020   2.9873833305916897E-017  -1.0345236376826949E-015  -4.0674505622765099E-015   4.0581354086338256E-016   2.0824152132622145E-003  -2.7127213847318145E-003
   4.9239166059444978E-002   2.6125011528239730E-016   1.1021332985300489E-016   1.8124979038678597E-016  0.18992330350858802       -3.7923118538035750E-016  -6.3310226842041301E-017  -9.4093727844618596E-016  0.26918859280139035       -6.3515154014559300E-017   2.5580374038051732E-016  -1.6285275196106941E-015   1.3316728520104180E-018   1.6888426332417514E-017   7.6673286348358206E-019   7.3410266549786149E-018  -2.2139940572233491E-017  -8.6093114068385276E-018 -0.11308090808255432        8.2250058842896275E-016   1.2272776310402211E-015   1.1356107245224370E-015  -3.1836530334863095E-015
   2.1446577181012917E-016   4.9239166059442653E-002   1.3150559978169539E-016  -5.3497063263911089E-017  -3.7923118538035750E-016  0.18992330350858930       -1.5626349229617608E-016   4.1425577406360990E-016  -8.0281794321290903E-017  0.26918859280139296       -1.8478131608704579E-016   3.0567087167132793E-016   6.9585651232244732E-018  -1.5617472896609389E-017  -3.8403482951245981E-018   4.2063550117378757E-020  -2.1201672541666596E-018   3.7628534075398030E-017   3.1544977517443146E-016 -0.11308090808255244        2.1786646668193370E-015   1.0363038400317694E-015  -9.4842314937268692E-016
  -1.1013617763159482E-016   2.5465282009456528E-016   4.9239166059444679E-002  -5.2875149736688602E-016  -6.3310226842041301E-017  -1.5626349229617608E-016  0.18992330350858461        1.5904025924616751E-015  -2.7109053730392248E-018  -8.8799661863637193E-017  0.26918859280138874        1.0471903981611237E-015   8.9917333345593343E-017   6.2091674394406903E-018   1.5644165044106528E-017   4.3220664929876607E-017   1.7173521108444723E-017   6.4081964933779036E-017   6.0192527630186994E-016  -2.3997396307779871E-016 -0.11308090808255221       -3.1830353871524376E-017   4.9968705555472283E-016
   5.0286726873624416E-016  -1.8791114708895157E-016  -1.8069250905533741E-016   1.1175157347893989E-003  -9.4093727844618596E-016   4.1425577406360990E-016   1.5904025924616751E-015  0.24855640571470425        1.6782565047086193E-016   5.8117645754002952E-016   5.6830766048508200E-017  0.51822228524535918        3.8705616985212802E-015   1.5660157126297747E-017  -2.5120244314988810E-018   4.0947591578801166E-015   7.1838681316080441E-017   4.7658497238038620E-015   2.3426251257966581E-015   6.4125850541645952E-015  -3.4610678799663794E-016 -0.24998352442877875        6.0824316870222835E-002
   7.0004039042592531E-002   4.7626875549509716E-016   1.5929774680996414E-016   2.2885425838948370E-016  0.26918859280139035       -8.0281794321290903E-017  -2.7109053730392248E-018   1.6782565047086193E-016  0.38312493448630297        4.7973449256785317E-016   3.5963897118070735E-016   5.3076531628369452E-016   4.2072956778629151E-018   3.7658358954727806E-017  -1.4325918350567397E-017   1.5628279929709659E-018  -4.9364208323751758E-017  -7.1610683543328760E-018 -0.10440166339242785       -1.2099727082231462E-015  -1.2840490084783159E-015  -1.0702855668374804E-015   1.8888610528392756E-015
   3.9771800304982254E-016   7.0004039042589367E-002   1.4629928663148185E-016  -1.9814172457770692E-016  -6.3515154014559300E-017  0.26918859280139296       -8.8799661863637193E-017   5.8117645754002952E-016   4.7973449256785317E-016  0.38312493448630747       -2.5509039098719249E-017  -2.0305318935561570E-016   4.0040784946652936E-017  -2.0446870091625813E-017  -9.3787889568773212E-018   3.0722913304573784E-017  -5.8286298750954905E-018   4.8621247822881187E-017  -4.5848258925984873E-016 -0.10440166339243209        1.7883482848345296E-015   4.0498840342303268E-018   1.0800604012869944E-015
  -7.1672860914347614E-017   2.9569299100084818E-016   7.0004039042593058E-002  -7.6029021676357531E-016   2.5580374038051732E-016  -1.8478131608704579E-016  0.26918859280138874        5.6830766048508200E-017   3.5963897118070735E-016  -2.5509039098719249E-017  0.38312493448630491       -3.1220378368654716E-015   9.2424922489902378E-017   1.3591217733118223E-017   2.4596924569128732E-017   2.7822997637952492E-017   1.2165532778573571E-017   1.5508563371956541E-017  -7.7972786808415154E-016   2.5519016882139436E-015 -0.10440166339243337       -6.8785951841011493E-016   9.8925436505576532E-017
   1.0677072699454432E-015  -6.1695088825849108E-016  -9.4844266361534618E-016   2.4265921859886706E-003  -1.6285275196106941E-015   3.0567087167132793E-016   1.0471903981611237E-015  0.51822228524535918        5.3076531628369452E-016  -2.0305318935561570E-016  -3.1220378368654716E-015   1.0817890326902322        8.2140216603895669E-015   4.0408625333424962E-017  -4.3199235173845851E-018   8.6592615639973475E-015   1.4471757003649195E-016   1.0046314050391985E-014  -2.3559054191080788E-015  -6.0820007197604605E-015   1.7531458060078555E-015 -0.47302634229751478        9.3025809150139999E-002
   6.5862686133418090E-019   5.8807130997655944E-018   1.8581097781222871E-017   2.8151000957103524E-017   1.3316728520104180E-018   6.9585651232244732E-018   8.9917333345593343E-017   3.8705616985212802E-015   4.2072956778629151E-018   4.0040784946652936E-017   9.2424922489902378E-017   8.2140216603895669E-015   7.7643507214004033E-029   1.0006615001032944E-030   2.8589932838946049E-033   7.8342226024219754E-029   9.0997295698880580E-031   8.8333942987301198E-029   8.0761825848089848E-017   1.0567735162324036E-015  -1.2846668691417274E-015   9.4385455753250769E-016  -3.4072855312701984E-015
   6.2320501578373698E-018  -3.8208472124982638E-018   2.2569270513710753E-018   6.0888782213932711E-019   1.6888426332417514E-017  -1.5617472896609389E-017   6.2091674394406903E-018   1.5660157126297747E-017   3.7658358954727806E-017  -2.0446870091625813E-017   1.3591217733118223E-017   4.0408625333424962E-017   1.0006615001032944E-030   1.8644093145279868E-031  -1.3096858566255519E-031   8.2107900601932549E-031  -2.3289574264572432E-031   6.9790170394331282E-031   4.7232669284054961E-016   6.8662596385293174E-017   1.6471883022306081E-016   2.9561147949698429E-016  -1.3514244970509028E-016
  -1.8832609862029441E-018  -1.5272959536298017E-018   4.3832735444640666E-018   1.2120989913374129E-019   7.6673286348358206E-019  -3.8403482951245981E-018   1.5644165044106528E-017  -2.5120244314988810E-018  -1.4325918350567397E-017  -9.3787889568773212E-018   2.4596924569128732E-017  -4.3199235173845851E-018   2.8589932838946049E-033  -1.3096858566255519E-031   1.8432774361419554E-031   1.7395465535928476E-032   1.9209098596846137E-031   2.0781443473754828E-032  -5.4229227574784060E-016  -1.3607243252942243E-016   7.5887761047448384E-017  -4.8742219649387164E-017  -1.8140871987175484E-016
   7.0878428064810188E-019   4.1531058910488720E-018   6.6885549171523652E-018   2.7298694513138283E-017   7.3410266549786149E-018   4.2063550117378757E-020   4.3220664929876607E-017   4.0947591578801166E-015   1.5628279929709659E-018   3.0722913304573784E-017   2.7822997637952492E-017   8.6592615639973475E-015   7.8342226024219754E-029   8.2107900601932549E-031   1.7395465535928476E-032   7.9984828309055558E-029   1.0455354567179546E-030   9.0138455644157268E-029  -3.1521394098083038E-016   1.0779510977153769E-015  -1.2011848224025142E-015   2.3686944107579155E-016  -2.1911976887537108E-015
  -8.1693674013240382E-018  -9.3110147654331347E-019   2.8076379289137042E-018   6.5156484736144313E-020  -2.2139940572233491E-017  -2.1201672541666596E-018   1.7173521108444723E-017   7.1838681316080441E-017  -4.9364208323751758E-017  -5.8286298750954905E-018   1.2165532778573571E-017   1.4471757003649195E-016   9.0997295698880580E-031  -2.3289574264572432E-031   1.9209098596846137E-031   1.0455354567179546E-030   3.9907196589500761E-031   1.7282023171442000E-030  -6.1905251891637640E-016  -9.8002110290855794E-017  -4.3825558121388551E-016  -3.9493972270825047E-016  -1.1488092801708431E-016
  -1.5510119050041774E-018   9.1190151060780082E-018   6.4392810636640403E-018   2.9873833305916897E-017  -8.6093114068385276E-018   3.7628534075398030E-017   6.4081964933779036E-017   4.7658497238038620E-015  -7.1610683543328760E-018   4.8621247822881187E-017   1.5508563371956541E-017   1.0046314050391985E-014   8.8333942987301198E-029   6.9790170394331282E-031   2.0781443473754828E-032   9.0138455644157268E-029   1.7282023171442000E-030   1.0508924794028687E-028   1.8235688117497567E-016  -1.8804565290510858E-016  -2.6859884188391959E-015  -1.4357108386125842E-015  -2.7634390367085066E-015
  -2.1769313648040221E-002  -2.8609947102482636E-016  -1.9712419416765045E-016  -1.0345236376826949E-015 -0.11308090808255432        3.1544977517443146E-016   6.0192527630186994E-016   2.3426251257966581E-015 -0.10440166339242785       -4.5848258925984873E-016  -7.7972786808415154E-016  -2.3559054191080788E-015   8.0761825848089848E-017   4.7232669284054961E-016  -5.4229227574784060E-016  -3.1521394098083038E-016  -6.1905251891637640E-016   1.8235688117497567E-016   2.0315951210688885        3.5051324500214388E-016   3.4201125767319715E-016   5.8674146196337113E-016  -5.7435583327490713E-016
  -9.0988991644718455E-016  -2.1769313648040231E-002  -2.6192417339629489E-015  -4.0674505622765099E-015   8.2250058842896275E-016 -0.11308090808255244       -2.3997396307779871E-016   6.4125850541645952E-015  -1.2099727082231462E-015 -0.10440166339243209        2.5519016882139436E-015  -6.0820007197604605E-015   1.0567735162324036E-015   6.8662596385293174E-017  -1.3607243252942243E-016   1.0779510977153769E-015  -9.8002110290855794E-017  -1.8804565290510858E-016   3.5051324500214388E-016   2.0315951210688916       -1.3089054020737302E-015   4.6567563480148799E-016  -8.1484172404189612E-016
   3.9099844864813910E-016  -2.6333691317924069E-015  -2.1769313648035915E-002   4.0581354086338256E-016   1.2272776310402211E-015   2.1786646668193370E-015 -0.11308090808255221       -3.4610678799663794E-016  -1.2840490084783159E-015   1.7883482848345296E-015 -0.10440166339243337        1.7531458060078555E-015  -1.2846668691417274E-015   1.6471883022306081E-016   7.5887761047448384E-017  -1.2011848224025142E-015  -4.3825558121388551E-016  -2.6859884188391959E-015   3.4201125767319715E-016  -1.3089054020737302E-015   2.0315951210688836        1.8225125550624461E-016   4.5612111030944394E-017
  -7.2857898961774037E-016   1.8054983591496407E-016   9.1400908598654235E-016   2.0824152132622145E-003   1.1356107245224370E-015   1.0363038400317694E-015  -3.1830353871524376E-017 -0.24998352442877875       -1.0702855668374804E-015   4.0498840342303268E-018  -6.8785951841011493E-016 -0.47302634229751478        9.4385455753250769E-016   2.9561147949698429E-016  -4.8742219649387164E-017   2.3686944107579155E-016  -3.9493972270825047E-016  -1.4357108386125842E-015   5.8674146196337113E-016   4.6567563480148799E-016   1.8225125550624461E-016   2.3600944140687754      -0.59673814174341400     
   2.5358681564001779E-015  -6.8872034458014724E-016  -5.3928291131248136E-016  -2.7127213847318145E-003  -3.1836530334863095E-015  -9.4842314937268692E-016   4.9968705555472283E-016   6.0824316870222835E-002   1.8888610528392756E-015   1.0800604012869944E-015   9.8925436505576532E-017   9.3025809150139999E-002  -3.4072855312701984E-015  -1.3514244970509028E-016  -1.8140871987175484E-016  -2.1911976887537108E-015  -1.1488092801708431E-016  -2.7634390367085066E-015  -5.7435583327490713E-016  -8.1484172404189612E-016   4.5612111030944394E-017 -0.59673814174341400        2.1509735645270314     
