   2.9853244541746111E-002   6.6718352781995294E-017   1.7683840882926738E-017  -1.2207340720099202E-016   6.0843629881194732E-002   9.4407307195697097E-017  -2.0479340914309871E-016  -7.1628208852079527E-016   7.4784991318451149E-002   7.2654150048537711E-017  -8.2951646031216401E-017  -1.7059375486506052E-015   1.7833666277323496E-017   7.4404802928797430E-018   1.1068782136406641E-018  -6.1155190617564843E-019  -3.3602349669824162E-019   1.1913801754001683E-017  -2.0522464595675846E-002  -2.7602981858145765E-016   1.8143871011312695E-015  -1.3545774804241568E-015  -3.5273591040852451E-015
   6.6718352781995294E-017   2.9853244541747200E-002   5.3505533411433166E-017  -1.6349018672381394E-017   2.1723392267737000E-017   6.0843629881195495E-002   2.1367532817880620E-017   3.1276970799091613E-016   2.8533940112632942E-017   7.4784991318452759E-002   6.1733654267657726E-017   3.7656820606711350E-016   3.7727590363859887E-017   1.2226026774530387E-018   5.1833461855178087E-019   3.6997430135804233E-017  -1.0890240204175930E-018   3.9009644360295960E-017  -9.7813507452724789E-017  -2.0522464595676738E-002  -9.0870661169559750E-016  -1.2638547106651383E-015   1.8048786811806768E-015
   1.7683840882926738E-017   5.3505533411433166E-017   2.9853244541745698E-002   2.6392005445674473E-017   2.1329504685038191E-016   2.3709039250619649E-017   6.0843629881194551E-002   1.5522282747334328E-015   2.5589057904198720E-016   8.5377829219968053E-017   7.4784991318451191E-002   3.4293476520273828E-015  -5.8851026894754036E-017   1.0630194783361313E-017  -4.9957518581688649E-020  -6.7079684549558641E-017  -1.7456496102103503E-018  -5.7447531005015674E-017   8.5482070934351244E-016  -2.7580063330350734E-017  -2.0522464595673792E-002  -4.0366629331068591E-015  -8.0641773608078935E-016
  -1.2207340720099202E-016  -1.6349018672381394E-017   2.6392005445674473E-017   1.1943167781429127E-005  -2.4158699810661801E-016  -9.2411501646998079E-017   5.0605059560490806E-017   4.3724598526999347E-004  -3.0960067002507199E-016   2.6902678124770283E-017   6.6901057308631620E-017   9.5860689407786413E-004   5.8526955078691134E-019  -1.8869653831147988E-019  -8.5792000366521199E-019   3.3911245144824755E-018   1.0815366944290099E-018   6.6581957003624942E-019  -2.6307589941429146E-016   4.3588000039763604E-015   3.5685819627037743E-016   3.7038638611748475E-003  -3.4886663994263684E-003
   6.0843629881194732E-002   2.1723392267737000E-017   2.1329504685038191E-016  -2.4158699810661801E-016  0.12453755384761508       -5.0859873356774298E-017   5.4591315361020370E-017   9.6337606816325749E-016  0.15198948701060025       -1.4093219919066439E-016   2.5857406323986341E-016   1.1905598896924537E-015   3.1315280616493524E-017   2.3135375997699251E-017   3.3025267317774375E-019   7.1597771895375219E-018   8.5407560919943610E-018   1.9128571507466934E-017  -7.4372201390900117E-002   1.2701102210634054E-016  -1.1302190019970661E-015   2.0188700244297313E-015   3.9386843237076261E-015
   9.4407307195697097E-017   6.0843629881195495E-002   2.3709039250619649E-017  -9.2411501646998079E-017  -5.0859873356774298E-017  0.12453755384761352       -2.1024824652270346E-016  -2.9119885608529973E-016  -6.5254048583239635E-017  0.15198948701059986       -1.8597750417668607E-017  -9.0518599482391042E-016   1.7103716902737076E-017   2.9140215887953340E-019   1.9132205654348551E-019   1.0300031358789585E-017   2.8721227170690882E-019   7.2901112276989597E-018  -1.4204623632027863E-016  -7.4372201390897119E-002   2.0371756745050471E-015   1.4322158155814230E-015  -3.2869964748989089E-015
  -2.0479340914309871E-016   2.1367532817880620E-017   6.0843629881194551E-002   5.0605059560490806E-017   5.4591315361020370E-017  -2.1024824652270346E-016  0.12453755384761618       -1.7624395620197328E-015  -3.0943331173058823E-017  -3.7591384237692505E-017  0.15198948701060194       -2.2055510211299899E-015  -1.1679500586026370E-016   2.8680855886500788E-017  -8.4826046503746336E-019  -1.1310631031159343E-016   1.0055167188075888E-017  -1.1547951877751302E-016  -1.9778014618758851E-016   1.0584288569014281E-015  -7.4372201390900325E-002   4.0470706680923414E-015  -1.0228474643577366E-015
  -7.1628208852079527E-016   3.1276970799091613E-016   1.5522282747334328E-015   4.3724598526999347E-004   9.6337606816325749E-016  -2.9119885608529973E-016  -1.7624395620197328E-015  0.27414089579271556       -1.1538067379927555E-016   1.7786398683479456E-016   8.0713319468547700E-016  0.52701619459511728       -2.8115888415465825E-015  -6.5172954268244913E-017  -2.8250419216141060E-017  -2.6708419231174086E-015  -1.4347846920377522E-016  -2.3529014486082933E-015  -5.8420298376910065E-016  -4.1078942828640153E-015   2.5025183770158348E-015 -0.24445850577512260        5.9098578496712101E-002
   7.4784991318451149E-002   2.8533940112632942E-017   2.5589057904198720E-016  -3.0960067002507199E-016  0.15198948701060025       -6.5254048583239635E-017  -3.0943331173058823E-017  -1.1538067379927555E-016  0.18768865365020282       -1.4067480078103190E-016   2.2267682678755603E-016  -1.0123663070163155E-015   4.8728076091952882E-017   1.2217741630787203E-017   4.3241131825360561E-018  -8.3038748163776784E-018  -8.2737695524995978E-018   3.3996164650135570E-017  -2.5192383743397148E-002   6.0127591525705124E-016  -3.6400902095074764E-016  -1.0468599811093126E-015  -2.1009362017146098E-015
   7.2654150048537711E-017   7.4784991318452759E-002   8.5377829219968053E-017   2.6902678124770283E-017  -1.4093219919066439E-016  0.15198948701059986       -3.7591384237692505E-017   1.7786398683479456E-016  -1.4067480078103190E-016  0.18768865365020407        2.2224163162659464E-017  -9.5119065494780414E-017   1.4267563591056479E-016   4.8353131706673164E-018   1.9953774574219903E-018   1.4512864667490114E-016  -4.7474929930923409E-018   1.5589792665944828E-016   4.7953535934746771E-016  -2.5192383743396461E-002  -1.8895326172520414E-015   4.5710818896539579E-016  -4.9062600684049747E-016
  -8.2951646031216401E-017   6.1733654267657726E-017   7.4784991318451191E-002   6.6901057308631620E-017   2.5857406323986341E-016  -1.8597750417668607E-017  0.15198948701060194        8.0713319468547700E-016   2.2267682678755603E-016   2.2224163162659464E-017  0.18768865365020551        2.5990577303349772E-015  -1.4996355399405219E-016   2.0977950160375499E-017   4.7617445219825964E-019  -1.8705887420477600E-016  -1.5339392976795813E-017  -1.4520307400575163E-016  -5.2177427191886039E-016  -1.1755793809745096E-015  -2.5192383743396322E-002  -2.9856072086107399E-015   2.1816817321752501E-015
  -1.7059375486506052E-015   3.7656820606711350E-016   3.4293476520273828E-015   9.5860689407786413E-004   1.1905598896924537E-015  -9.0518599482391042E-016  -2.2055510211299899E-015  0.52701619459511728       -1.0123663070163155E-015  -9.5119065494780414E-017   2.5990577303349772E-015   1.0144235949156406       -5.3500607833912119E-015  -1.2590737512512753E-016  -6.1276037255087574E-017  -5.0512737979208347E-015  -2.6454555399717166E-016  -4.4718136542712958E-015   5.9857445730564229E-016  -6.7171285880192600E-015  -3.6123857155647521E-015 -0.42241853133711804        8.1801854295831949E-002
   1.7833666277323496E-017   3.7727590363859887E-017  -5.8851026894754036E-017   5.8526955078691134E-019   3.1315280616493524E-017   1.7103716902737076E-017  -1.1679500586026370E-016  -2.8115888415465825E-015   4.8728076091952882E-017   1.4267563591056479E-016  -1.4996355399405219E-016  -5.3500607833912119E-015   3.8168267248920378E-029   8.4289187455367236E-031   1.1888604897317621E-031   3.8542863063051397E-029   1.6444993924317934E-030   3.4727490493926477E-029   2.9513461920816778E-016   3.6268892554881891E-015  -1.5191797291490064E-016   4.5958396390200251E-015  -1.9128598881407196E-015
   7.4404802928797430E-018   1.2226026774530387E-018   1.0630194783361313E-017  -1.8869653831147988E-019   2.3135375997699251E-017   2.9140215887953340E-019   2.8680855886500788E-017  -6.5172954268244913E-017   1.2217741630787203E-017   4.8353131706673164E-018   2.0977950160375499E-017  -1.2590737512512753E-016   8.4289187455367236E-031   2.4476533096137448E-031  -9.3905196419951815E-033   1.2838683890248755E-030   3.1061890129910919E-031   7.9337205318311449E-031  -4.9210897697951442E-016   1.3359294648133854E-016  -4.3592790069923354E-016   6.3929890532189472E-017   5.9457621626437527E-017
   1.1068782136406641E-018   5.1833461855178087E-019  -4.9957518581688649E-020  -8.5792000366521199E-019   3.3025267317774375E-019   1.9132205654348551E-019  -8.4826046503746336E-019  -2.8250419216141060E-017   4.3241131825360561E-018   1.9953774574219903E-018   4.7617445219825964E-019  -6.1276037255087574E-017   1.1888604897317621E-031  -9.3905196419951815E-033   1.4327589557449088E-031  -9.9968440361015603E-032  -2.5041566201336159E-031   2.9278515531731548E-031   1.1688904507381863E-016   5.2497044493673922E-017   4.5638792189357782E-017  -6.0107818562525113E-017   5.2003132991336616E-016
  -6.1155190617564843E-019   3.6997430135804233E-017  -6.7079684549558641E-017   3.3911245144824755E-018   7.1597771895375219E-018   1.0300031358789585E-017  -1.1310631031159343E-016  -2.6708419231174086E-015  -8.3038748163776784E-018   1.4512864667490114E-016  -1.8705887420477600E-016  -5.0512737979208347E-015   3.8542863063051397E-029   1.2838683890248755E-030  -9.9968440361015603E-032   4.0810536805806020E-029   2.5214865316758313E-030   3.5361198918305791E-029  -5.1316102946020452E-016   3.9521487631210930E-015  -1.3962461895358242E-015   5.5604391180415710E-015  -2.5141473280332101E-015
  -3.3602349669824162E-019  -1.0890240204175930E-018  -1.7456496102103503E-018   1.0815366944290099E-018   8.5407560919943610E-018   2.8721227170690882E-019   1.0055167188075888E-017  -1.4347846920377522E-016  -8.2737695524995978E-018  -4.7474929930923409E-018  -1.5339392976795813E-017  -2.6454555399717166E-016   1.6444993924317934E-030   3.1061890129910919E-031  -2.5041566201336159E-031   2.5214865316758313E-030   9.2737952691935620E-031   9.8911069864772325E-031  -5.6341392616690386E-016  -1.5240261022993133E-016  -8.3049369096206226E-016   2.7229865570615234E-016  -8.7038356514133725E-016
   1.1913801754001683E-017   3.9009644360295960E-017  -5.7447531005015674E-017   6.6581957003624942E-019   1.9128571507466934E-017   7.2901112276989597E-018  -1.1547951877751302E-016  -2.3529014486082933E-015   3.3996164650135570E-017   1.5589792665944828E-016  -1.4520307400575163E-016  -4.4718136542712958E-015   3.4727490493926477E-029   7.9337205318311449E-031   2.9278515531731548E-031   3.5361198918305791E-029   9.8911069864772325E-031   3.2705785097699157E-029   3.0662649681769266E-016   4.3852169616792668E-015  -5.8492016352719128E-017   4.3921284703746862E-015  -1.0455044837382475E-015
  -2.0522464595675846E-002  -9.7813507452724789E-017   8.5482070934351244E-016  -2.6307589941429146E-016  -7.4372201390900117E-002  -1.4204623632027863E-016  -1.9778014618758851E-016  -5.8420298376910065E-016  -2.5192383743397148E-002   4.7953535934746771E-016  -5.2177427191886039E-016   5.9857445730564229E-016   2.9513461920816778E-016  -4.9210897697951442E-016   1.1688904507381863E-016  -5.1316102946020452E-016  -5.6341392616690386E-016   3.0662649681769266E-016   2.0025022281732738       -8.8010958384456505E-018   1.0580017493610338E-015   3.8874891020954651E-016   1.8489227620223976E-016
  -2.7602981858145765E-016  -2.0522464595676738E-002  -2.7580063330350734E-017   4.3588000039763604E-015   1.2701102210634054E-016  -7.4372201390897119E-002   1.0584288569014281E-015  -4.1078942828640153E-015   6.0127591525705124E-016  -2.5192383743396461E-002  -1.1755793809745096E-015  -6.7171285880192600E-015   3.6268892554881891E-015   1.3359294648133854E-016   5.2497044493673922E-017   3.9521487631210930E-015  -1.5240261022993133E-016   4.3852169616792668E-015  -8.8010958384456505E-018   2.0025022281732703        3.0121666862577206E-016  -6.0910271850479223E-016   5.3935145818242051E-016
   1.8143871011312695E-015  -9.0870661169559750E-016  -2.0522464595673792E-002   3.5685819627037743E-016  -1.1302190019970661E-015   2.0371756745050471E-015  -7.4372201390900325E-002   2.5025183770158348E-015  -3.6400902095074764E-016  -1.8895326172520414E-015  -2.5192383743396322E-002  -3.6123857155647521E-015  -1.5191797291490064E-016  -4.3592790069923354E-016   4.5638792189357782E-017  -1.3962461895358242E-015  -8.3049369096206226E-016  -5.8492016352719128E-017   1.0580017493610338E-015   3.0121666862577206E-016   2.0025022281732681        6.4688326257085103E-016  -3.0943772068428869E-016
  -1.3545774804241568E-015  -1.2638547106651383E-015  -4.0366629331068591E-015   3.7038638611748475E-003   2.0188700244297313E-015   1.4322158155814230E-015   4.0470706680923414E-015 -0.24445850577512260       -1.0468599811093126E-015   4.5710818896539579E-016  -2.9856072086107399E-015 -0.42241853133711804        4.5958396390200251E-015   6.3929890532189472E-017  -6.0107818562525113E-017   5.5604391180415710E-015   2.7229865570615234E-016   4.3921284703746862E-015   3.8874891020954651E-016  -6.0910271850479223E-016   6.4688326257085103E-016   2.3230010458738937      -0.57717564218841799     
  -3.5273591040852451E-015   1.8048786811806768E-015  -8.0641773608078935E-016  -3.4886663994263684E-003   3.9386843237076261E-015  -3.2869964748989089E-015  -1.0228474643577366E-015   5.9098578496712101E-002  -2.1009362017146098E-015  -4.9062600684049747E-016   2.1816817321752501E-015   8.1801854295831949E-002  -1.9128598881407196E-015   5.9457621626437527E-017   5.2003132991336616E-016  -2.5141473280332101E-015  -8.7038356514133725E-016  -1.0455044837382475E-015   1.8489227620223976E-016   5.3935145818242051E-016  -3.0943772068428869E-016 -0.57717564218841799        2.1434185406192454     
