   6.9528308674926074E-003   1.0177453808671170E-016  -2.6157380271412903E-016   1.4805755537450252E-016   1.4126090509948577E-017  -7.0157903650197439E-018   3.9201133265073428E-017  -5.2379785126661948E-018   5.2113836274021958E-017  -1.8701798312243211E-017   7.0951602457509741E-002   7.0286418808260719E-016  -2.1209567163944744E-015   8.8084120193056472E-003   1.9240690292873964E-016  -9.6520259489364965E-017  -1.2723557446201270E-015  -2.3969126378279031E-003  -1.5278904990546125E-015   2.5766728358841553E-015   1.6688362673688554E-015   1.6993805452214451E-017   1.4785462226104969E-017   7.9748302405852946E-016   2.2401541406921996E-018   7.5411195776437035E-016   8.0997087017153849E-018   7.3776415136932929E-019  -9.8519150659508990E-018   3.5239451317223074E-018  -2.6430736459699020E-017   3.0035553674929657E-017  -4.1624343874315191E-017   9.8097967188572548E-018  -3.4024948813624503E-017   4.5279735711275885E-017  -2.7724176355020747E-015  -1.3858020596278059E-015   9.0367944426413026E-018   1.1928103423188442E-017  -1.0227632085852374E-015   5.2697166309548679E-018  -9.9581495033145293E-016  -9.9256434489185155E-018   8.7583945545347601E-018   1.6875107319758738E-018   1.8699052694719627E-017  -1.5001308101644738E-015  -5.4124954889135722E-016   8.4512076854016990E-017   2.0334127881569781E-017   2.6303652960717529E-016   9.6790126854348070E-017   2.9678751939916620E-016   1.6236670419001265E-003   2.8315794036517488E-017   2.7240049095948892E-017  -7.3241353941214014E-015   1.2988563629775455E-015   9.0226029975576473E-017   3.3308367843690076E-015   1.0829592534794640E-015   3.9987744531137508E-015  -2.6871308743413372E-015   4.2522781394839083E-015
   1.0177453808671170E-016   6.9528308674960959E-003   1.3785920348154223E-016  -2.1822789343265931E-017   1.5974092418551079E-017  -4.1991460178681674E-017  -6.5041379239790021E-018   1.4492874559033150E-017  -2.0968830711448850E-018   1.8605516030752769E-017  -5.5899463870128714E-016   7.0951602457527463E-002   9.3676449528665553E-016  -1.5979390684730916E-017   8.8084120193041779E-003  -3.7470859611661786E-017  -1.6404892191955367E-015  -4.6644486444695965E-016  -2.3969126378264299E-003   1.0461093971842101E-014   2.3480122460308509E-016   1.4597554027949994E-015   6.7173837606275799E-017   1.2160527156067002E-016  -1.4911325665766709E-018   1.1700315345690771E-016   2.7955589046443383E-015   4.8087420576770078E-017   1.4565003841581032E-015   1.2420498241607054E-016   4.8060907990149320E-017   4.3481224609897597E-017   3.1849192939025011E-018   5.8066802640329982E-017  -5.0424363547119951E-018   5.1281071516972818E-017  -3.8873475895360930E-015   1.8164159218896517E-016  -3.0858976648761708E-016   1.3386910050366198E-017   1.0652898527108994E-016   5.9411371246690533E-018   8.8147931318698041E-017  -1.2759591062348927E-016   2.9365418429956970E-017  -3.2933615466540085E-016   4.4309179853770332E-017  -2.0081739526420929E-015   1.4088320141205966E-016  -3.2379819191690206E-016  -1.2049267771326085E-016  -4.7449075619971959E-016   1.2305487706984162E-016   3.0365689475095272E-016   3.4106537437980701E-016   1.6236670418991273E-003   9.7746229478745451E-017   2.0437543302359985E-015  -4.0777590696185159E-015  -1.5617639526269816E-015  -6.0201583532584348E-015   1.5910458456994262E-015   4.0746860859050868E-015  -3.6400972261838095E-015   8.1907578672247670E-015
  -2.6157380271412903E-016   1.3785920348154223E-016   6.9528308674930385E-003   1.7573298918129580E-016  -7.8165942655158894E-017   9.3830870501599987E-018   5.5995665677212998E-018  -7.9721938352271431E-017  -4.6219035495863701E-017  -8.2847463570369266E-017  -1.1449701202800014E-015   2.0310995696563656E-017   7.0951602457509366E-002   2.3841174309079168E-016   1.0189212521292448E-016   8.8084120193064625E-003  -1.1287938315549609E-015  -6.1950323489540239E-016   1.9689358002716521E-015  -2.3969126378277374E-003   5.3837602611968782E-017   5.3645141660323159E-017   1.1066519688394897E-015   1.7052371811761421E-017   3.1339202994876546E-017   3.9375694362692910E-017   8.3265111270758937E-017   1.1987420237087835E-015   3.2725023082525954E-017   2.2134498921522142E-015  -9.8652080206674007E-017  -1.3665299740136766E-017   6.9217438478354063E-019  -6.8763426182127893E-017   1.3890999944474812E-017  -6.8331674853391347E-017  -4.5979749504632356E-015   4.0971567210054739E-017   5.2010643977246270E-018  -4.4509547900928665E-016   2.4663724434600153E-017   7.2041293160014744E-018   2.0040099304882732E-017   3.7037408564687937E-017  -5.5433307916484984E-016   2.4704637315461962E-017  -5.6477634415330883E-016  -2.3175391536237260E-015  -4.5940247732012520E-016   1.9644938877547066E-017   1.7354005677963068E-016   1.6183764944480175E-016   6.0421876554028828E-017   2.4135804759405465E-016   1.8071861133528601E-016   1.8770356304740480E-016   1.6236670419002355E-003  -5.8033617351664490E-015   1.9159828072596745E-016   2.4035070625282483E-015   2.3856928507442096E-015   8.2056010347353704E-016   3.4225029269104828E-015  -3.8747542680896338E-015  -3.2301957530425114E-015
   1.4805755537450252E-016  -2.1822789343265931E-017   1.7573298918129580E-016   5.9788387692690062E-005  -2.6097605387026635E-016   7.4148789476219347E-018   1.0566053288816660E-017  -2.5731989165121503E-016   3.7793544835239531E-017  -2.4454898449256511E-016   1.7684031035710336E-015   6.0726001266785883E-017   2.0618074262998451E-015   2.6626205291096585E-016   1.0517099039552940E-016   4.3107474788193179E-016   2.4623770612339077E-003  -1.2319847511617236E-014   1.8826155556465238E-015   1.3704839723727125E-014  -1.8241762450269850E-017   6.3883730482628629E-018  -9.2184553080278361E-018  -4.0265080167924436E-018  -3.5831809593958897E-018  -1.5032090850493878E-017   1.0884658970069236E-017  -8.4027769911120455E-019   8.3424823310327073E-018  -6.0863936220960686E-018  -4.8352436117954547E-016   4.7895016701777343E-018  -4.0675283849910974E-018  -4.9615441965817057E-016  -3.2140034240991209E-017  -5.5697414062958190E-016   6.9091056353082622E-003  -1.0913074122868921E-017   5.1473306609117004E-018   2.5086179558249533E-018  -1.0299252489827669E-017  -2.9219802918285136E-018  -2.9854668077197854E-018   1.6594182449661655E-017  -3.4011467987772425E-018   4.4302749178564217E-018  -4.4267936517446862E-018   3.8768326922227095E-003   2.0958171779387833E-016   6.3481456206809818E-016   1.5755247893521573E-016   1.0427655030642028E-015  -3.9132175369038277E-016  -1.3799108438590184E-015   2.8132648404901616E-017   4.4112547146648321E-017   1.2771115843838170E-016   2.9273704498296774E-015   8.3058845449112137E-015   2.0181040740336172E-015   1.4809306215816984E-014  -5.2494043111108263E-015  -1.7388012306521517E-014   6.5586947152579339E-003  -1.3439253723388465E-003
   1.4126090509948577E-017   1.5974092418551079E-017  -7.8165942655158894E-017  -2.6097605387026635E-016   2.8991633959443270E-006  -9.0384392368739532E-018   2.4576915322232827E-018  -1.4495816979714712E-006   5.5010897390899889E-018  -1.4495816979686976E-006   2.3029015314314189E-016   1.3354777485586937E-016  -7.1668950165800577E-016   5.6657159755408350E-017   1.7011342343993403E-017  -8.4692636616307014E-017  -1.1389748894795039E-014   4.0981746553408897E-015  -1.9478226737007888E-015  -2.5418896983393776E-016  -2.6669110729730184E-018  -6.1710635639940590E-019  -4.8611348320748364E-018   3.2725166814822966E-019  -7.6207606616607921E-019  -8.4690960458583498E-019  -2.4619710943996657E-018   2.9693219672868590E-018  -1.2476592200258147E-018  -3.3147224184832798E-018   1.0270294865163378E-006   1.2210915424125364E-018  -8.0254362220227954E-018  -5.1351474323533831E-007  -5.1953441004457736E-018  -5.1351474324085313E-007  -3.1661554498433412E-014  -6.4164028978823297E-019   8.9798550816024636E-019   3.0843571843364046E-018   6.2906382963573378E-019   1.9144498728106953E-019  -2.4265366746434064E-018  -1.0986135686405268E-019  -4.1209536547877441E-018   5.5142180585633301E-019   3.9375856979967035E-019  -1.8134916180267404E-014   1.7891741900912677E-004  -3.0929528506487950E-016  -1.7520606191332803E-016  -8.9458709504493361E-005   8.3258541067494675E-017  -8.9458709504603001E-005   1.6390583761394852E-017   1.4033632258568540E-018  -2.1669656392009772E-017   2.3419721919042016E-003  -4.0190471914553460E-015  -2.3370777215269268E-015  -1.1709860959515121E-003   1.0562103276171740E-015  -1.1709860959529695E-003  -3.0398058037304309E-014  -8.2802198382201723E-015
  -7.0157903650197439E-018  -4.1991460178681674E-017   9.3830870501599987E-018   7.4148789476219347E-018  -9.0384392368739532E-018   2.8991633959365766E-006   2.9029441410374579E-018   1.1838035070526775E-018  -1.9480839487160337E-018   1.4826290044563987E-018  -9.0173885348317733E-017  -3.6988211749986266E-016   9.8285320207826720E-017  -1.6708464032420503E-017  -3.4586180792548561E-017   1.8359516854878890E-017  -1.6482448354165105E-016  -1.8935195609937905E-015   3.5953658003224286E-015   3.2365480920824280E-015   5.2620947949842107E-019  -8.8083158689195827E-019  -1.9116289018916690E-020   2.8321866252346108E-019   4.0484905825637313E-021  -3.5133867875721280E-019  -1.8848061960909092E-018  -1.1030989714137957E-018   3.4253636837950227E-020  -1.1856499140048908E-018  -2.8209583410279950E-019   1.0270294864923450E-006   5.2515136579258869E-018  -5.9218045909412962E-018   7.1109062480236441E-019   2.2826190723140815E-018  -3.9533430634540515E-016   1.0768261338891289E-019  -9.5820866530182634E-019  -3.4328762080736704E-019  -9.6057721110242661E-020  -5.3907674329509809E-019   4.7140187791342886E-019  -1.6185087568059314E-018  -9.0828296840670657E-020  -8.0838174395190390E-019   6.2876359738083977E-019  -2.7880440900521959E-016  -2.5171470992074950E-016   1.7891741900889324E-004   3.8592938328401785E-016  -7.4998050772788214E-017  -1.1913737109685780E-016   3.2556587146551979E-016  -4.3067815092006340E-018  -6.3508198248990867E-018   3.5032897991287616E-018  -3.2819934785285583E-015   2.3419721919011489E-003   5.0919962665387574E-015  -9.9429364854096760E-016  -1.5454655841460784E-015   4.2741302503135563E-015  -4.0497238124403998E-016  -1.0349267462839978E-015
   3.9201133265073428E-017  -6.5041379239790021E-018   5.5995665677212998E-018   1.0566053288816660E-017   2.4576915322232827E-018   2.9029441410374579E-018   2.8991633959205317E-006   3.8826890151512610E-018   3.5355372482624284E-018  -5.4263399347839113E-018   4.0077655020108435E-016  -4.5449182431284783E-017   4.7563194332715571E-017   5.9171361927238366E-017  -6.4898046397543453E-018  -1.9136524598361391E-017   3.3622110873183994E-016   4.1047070636425062E-015  -2.2259606114453429E-015  -2.7001214154496076E-015  -9.2005273018047352E-021  -1.8064485929695619E-018   6.6352300624056358E-020   3.9035079634882281E-020   1.4156886628389580E-019  -2.0298792797590808E-019  -2.7856895921836051E-018   3.3950869021703099E-019  -1.9766739079637958E-018  -1.2451227058735021E-018   6.5976640133746257E-018  -7.3352796289239474E-018   1.0270294865011692E-006  -1.4702686901897271E-018   7.4500439272630492E-018  -2.1292153129021986E-018   9.7702748556475527E-016   2.1990874930609138E-019  -4.8609449572093625E-019   7.7749811990428900E-019  -7.4122978357308733E-019  -1.7386088963621993E-019   9.1052426202236172E-019   1.2243856860614557E-018  -1.6040079925919800E-018   4.7168721287009437E-019   2.1524939244737867E-019   5.5397700699941345E-016   3.2664697998251184E-016  -2.0852831489723730E-016   1.7891741900839215E-004   1.1712404657311600E-016   3.7919163323530584E-016  -4.4763391203979198E-016   1.4065970306357936E-017  -7.6883455714442644E-018  -1.5060006381383459E-017   4.3226965916451769E-015  -2.7448216475827882E-015   2.3419721918946689E-003   1.5221038595954476E-015   5.0074707031484630E-015  -5.8441580164547741E-015   9.2057044096079177E-016   2.6466544145668679E-016
  -5.2379785126661948E-018   1.4492874559033150E-017  -7.9721938352271431E-017  -2.5731989165121503E-016  -1.4495816979714712E-006   1.1838035070526775E-018   3.8826890151512610E-018   2.8991633959275032E-006   1.9876848325612960E-018  -1.4495816979611967E-006  -9.4011110309708747E-017   2.1167104994139358E-016  -8.5433847790798483E-016  -2.6437414888959580E-017   2.9397432934957535E-017  -1.0825485534517947E-016  -1.1907055557461174E-014  -2.9467674365202403E-015  -4.0529126599749609E-015  -2.9230659301893546E-015   1.0355285045217395E-018  -4.1871609643228007E-019   1.2991010954975178E-018   5.7127103038373417E-019  -1.8250942956274056E-018   2.1671806631088408E-019  -9.1446689376041890E-019  -1.0188829722877140E-018   2.0389504844559958E-018  -4.2782279970266254E-019  -5.1351474326366065E-007   4.7529995486542200E-018  -2.3065781454326151E-018   1.0270294864945238E-006  -1.2551176490699898E-018  -5.1351474325675808E-007  -3.2845690127425308E-014   6.3241269557209246E-019  -3.4342720386980181E-019  -1.5480968457631763E-018  -3.1249065479493360E-019   1.5606146876597018E-018   8.4722717701808287E-019  -7.3141848046653686E-019   2.3091640706837581E-018   6.9219052034603448E-019  -1.3190798760334513E-018  -1.9187370382770339E-014  -8.9458709504572806E-005   1.4602292476164772E-016   1.2494278602480889E-016   1.7891741900857820E-004   1.1331117242876250E-016  -8.9458709504021760E-005  -7.4711606561482361E-018   3.6335691154480649E-018  -1.9038943018724612E-017  -1.1709860959522671E-003   1.9484346001898125E-015   1.6110621713918104E-015   2.3419721918975715E-003   1.4610697491456368E-015  -1.1709860959451678E-003  -3.1348760197651336E-014  -9.4719628003600374E-015
   5.2113836274021958E-017  -2.0968830711448850E-018  -4.6219035495863701E-017   3.7793544835239531E-017   5.5010897390899889E-018  -1.9480839487160337E-018   3.5355372482624284E-018   1.9876848325612960E-018   2.8991633959262754E-006  -3.8755325589210081E-018   5.2398299387285704E-016  -6.3147596919002096E-017  -4.8346236597593822E-016   6.5582007653865933E-017  -1.2347904376654621E-018  -5.9811698096452105E-017   1.9603328495734147E-015   2.7450601187871722E-015  -8.9276596119848171E-016  -9.1948727619102473E-016   4.9899543945880173E-019   2.2926529500634048E-018  -1.8797748524002802E-018   1.1202058599338963E-018   7.2775877408010740E-019  -9.4382446573837200E-019   2.1806065100760418E-018  -1.0799298053598166E-019   1.0064376823324192E-018  -1.1070770618613863E-018   3.1538577665909729E-018   4.2071309778537955E-018  -8.3085573756404607E-018   1.3982800204596430E-018   1.0270294864974761E-006   1.9983826153991247E-018   5.3948278765025652E-015   2.3086766446585754E-019   8.9962252684379723E-019   7.3561916873341076E-019  -3.5180901986308273E-019  -1.9607717068668556E-019   6.5839673423903823E-019   3.6719706673288957E-018  -1.1734441167317977E-019   1.4928578212901334E-018   2.3500275086628137E-019   3.1851979849547637E-015   2.6008132831527748E-016  -4.9878759326378034E-018  -1.5913552831663576E-016   1.1724084116623989E-017   1.7891741900857202E-004  -2.7079255768927484E-016   1.2264384584564625E-017   7.9935136076917596E-018  -1.2306493030801138E-017   3.3864826158689442E-015  -2.9523697336014150E-017  -2.1520653573511549E-015   1.4539260982624003E-016   2.3419721918969891E-003  -3.5292183893963132E-015   5.1778963939323145E-015   2.9840309028538246E-015
  -1.8701798312243211E-017   1.8605516030752769E-017  -8.2847463570369266E-017  -2.4454898449256511E-016  -1.4495816979686976E-006   1.4826290044563987E-018  -5.4263399347839113E-018  -1.4495816979611967E-006  -3.8755325589210081E-018   2.8991633959309011E-006  -2.3628499406985130E-016   1.3838990591725330E-016  -8.9940039790817902E-016  -4.2562218998508506E-017   4.6783028829022415E-018  -1.2094343730003399E-016  -9.6459253150732656E-015  -1.0815145214246140E-015  -2.1782510829942952E-015  -3.3005290500694479E-015   1.6313825687760375E-018   1.0358224528352241E-018   3.5620337366304949E-018  -8.9852269843131478E-019   2.5871703618621495E-018   6.3019153852669669E-019   3.3764379881308180E-018  -1.9504389949504361E-018  -7.9129126449573813E-019   3.7425452182260954E-018  -5.1351474325120419E-007  -8.2313763289337662E-018   1.0655813523600461E-017  -5.1351474326101505E-007   7.7304538309403826E-018   1.0270294864979678E-006  -2.7025365350417849E-014   9.2275944179475822E-021  -5.5455830431839090E-019  -1.5362603385178129E-018  -3.1657317466692987E-019  -1.7520596748999967E-018   1.5793094976817186E-018   8.4127983729266666E-019   1.8117895841290993E-018  -1.2436123261949692E-018   9.2532130636732396E-019  -1.5670741562494558E-014  -8.9458709504297351E-005  -2.2996624978083605E-016   1.0667189161456525E-016  -8.9458709504403576E-005   2.6415975225119292E-017   1.7891741900868691E-004  -1.1174641295103468E-017   1.9394191839766972E-018  -1.9113146123271386E-017  -1.1709860959485759E-003  -3.0767559064837542E-015   1.4643864389994628E-015  -1.1709860959502314E-003   4.0153179138382795E-016   2.3419721918989502E-003  -2.5578549635746332E-014  -1.1282952080981599E-014
   7.0951602457509741E-002  -5.5899463870128714E-016  -1.1449701202800014E-015   1.7684031035710336E-015   2.3029015314314189E-016  -9.0173885348317733E-017   4.0077655020108435E-016  -9.4011110309708747E-017   5.2398299387285704E-016  -2.3628499406985130E-016  0.72404915525702751       -9.1125768008240662E-015  -6.0963312958686510E-015   8.9892969410517803E-002  -4.7100426687854991E-017   9.1866875802543700E-016  -1.3665653099246603E-015  -2.0258080792547265E-002  -7.1204223346076184E-015   1.0487061345121691E-014   1.6983244227172213E-014   1.7516764848232771E-016   1.5327935929228575E-016   8.1106353101010078E-015   2.2946501733200345E-017   7.6747718572570024E-015   8.2125580710272903E-017   6.9279843905480095E-018  -1.0219332067099707E-016   3.5719988528318974E-017  -2.5053187198661303E-016   3.0870966820890478E-016  -4.3921290457531714E-016   9.1221299285154555E-017  -3.6099180731255511E-016   4.4135612608369194E-016   4.2000903872405542E-015  -1.4202237912857502E-014   9.3403136110789964E-017   1.1950408740637932E-016  -1.0455077914258187E-014   5.5009058584017172E-017  -1.0183979006457977E-014  -1.0196206816879106E-016   9.0129896085157953E-017   1.6869232375553239E-017   1.9282401540915209E-016   2.8320604659229503E-015  -7.3599830623993891E-016  -4.1908994273241537E-017  -2.7474045609086765E-016   5.5814671921158934E-016   1.5121671507174776E-016   3.6649631512563558E-016   1.6571354537972965E-002  -7.6325982062529613E-017   6.1727386036024848E-016  -1.2137972676041286E-014   1.4681212455719396E-015  -5.4817189346162867E-015   6.2404512796591739E-015   3.8335459331195092E-017   5.9534527275807766E-015   3.4164816040937037E-015   3.3974005526363612E-014
   7.0286418808260719E-016   7.0951602457527463E-002   2.0310995696563656E-017   6.0726001266785883E-017   1.3354777485586937E-016  -3.6988211749986266E-016  -4.5449182431284783E-017   2.1167104994139358E-016  -6.3147596919002096E-017   1.3838990591725330E-016  -9.1125768008240662E-015  0.72404915525702562       -4.8321502180086226E-015  -5.7076382023300312E-016   8.9892969410480097E-002  -2.2404842823433978E-015  -6.5804132172108018E-015  -4.1679257586727627E-015  -2.0258080792601392E-002   2.9526463990698870E-014   2.3956010905768438E-015   1.4882386312699949E-014   6.8126489429097917E-016   1.2434959831806017E-015  -1.5971862485159293E-017   1.1913144294975110E-015   2.8510998822600669E-014   4.9724158696973833E-016   1.4851460578021007E-014   1.2737488783203160E-015   4.7717018490618313E-016   4.4988821904757976E-016   5.0813843181609779E-017   6.1617876032242156E-016  -6.2656618663659565E-017   5.0311970027453191E-016  -1.0479739385331611E-014   1.8531191233610943E-015  -3.1635061284550154E-015   1.4417577583190801E-016   1.0855292896737579E-015   5.9603792670525330E-017   9.0219681389801785E-016  -1.3432853842602672E-015   2.9701697265332478E-016  -3.3751542212385547E-015   4.5720882311152330E-016  -5.5481885923839749E-015  -1.2635420713412710E-016  -1.4432879073662736E-016   3.4504276543457157E-016  -3.7640502220208298E-016  -1.2068899432829405E-015   2.0791420791894353E-016   3.4119460926079308E-015   1.6571354537958629E-002   6.3925792749254777E-016   3.4845356897867517E-016  -3.3688222505701596E-016   4.7561661753473055E-015  -3.0501099677981261E-015  -1.5982328414636319E-014   3.6842483316955297E-015  -9.8186539548311991E-015   3.5526334104338762E-014
  -2.1209567163944744E-015   9.3676449528665553E-016   7.0951602457509366E-002   2.0618074262998451E-015  -7.1668950165800577E-016   9.8285320207826720E-017   4.7563194332715571E-017  -8.5433847790798483E-016  -4.8346236597593822E-016  -8.9940039790817902E-016  -6.0963312958686510E-015  -4.8321502180086226E-015  0.72404915525697522        3.1057562071483295E-015   3.1002197765176273E-016   8.9892969410520079E-002  -1.5545376565774527E-015   5.0844344328419594E-015  -1.7469995279480483E-014  -2.0258080792558558E-002   5.5495089210273380E-016   5.4881805240393298E-016   1.1273568264243551E-014   1.7448725196924618E-016   3.1867437835848036E-016   4.0424738322822555E-016   8.4941502791920632E-016   1.2206007407344584E-014   3.3285964343336584E-016   2.2543511215697925E-014  -9.8434144168131628E-016  -1.5013266770651949E-016   1.4955270824901459E-017  -7.1254247114851776E-016   1.3943787813850169E-016  -7.1771866181957158E-016  -1.8854697326994542E-014   4.2037978408155871E-016   5.4078442586162727E-017  -4.5647226751067677E-015   2.5520879403795329E-016   7.3455485325743201E-017   2.0412754884874009E-016   3.7231638722997820E-016  -5.6756712114541096E-015   2.5120842569735805E-016  -5.8121540178000701E-015  -7.8233289463953950E-015   3.4407210716485900E-016  -5.9444897516991168E-017   1.5239879911705555E-015  -4.8353396157798693E-016   9.4573782535185204E-018  -4.3027998793136350E-016   1.9631642719974465E-015   1.7507169391037770E-015   1.6571354537972986E-002   6.6645889025014652E-015  -1.5026846033458308E-015   2.1391015823379541E-014  -3.6068496888389016E-015   4.2406997362079682E-016  -3.0156723616844112E-015  -1.2976731141967353E-014  -3.3815132367758542E-014
   8.8084120193056472E-003  -1.5979390684730916E-017   2.3841174309079168E-016   2.6626205291096585E-016   5.6657159755408350E-017  -1.6708464032420503E-017   5.9171361927238366E-017  -2.6437414888959580E-017   6.5582007653865933E-017  -4.2562218998508506E-017   8.9892969410517803E-002  -5.7076382023300312E-016   3.1057562071483295E-015   1.1162897076562246E-002   7.2809805816613468E-017   5.7097307630519357E-016   1.7017374923478177E-015  -3.2338759575173642E-004   6.1778388362719132E-015  -1.4794290347526307E-014   2.0840349891999404E-015   2.2659725800952203E-017   2.0279944639457462E-017   9.9259380828646112E-016   2.8937918430097419E-018   9.4199079047444699E-016   9.9194025327781653E-018   5.4677429564404251E-019  -1.3551467293483582E-017   4.3089006813878262E-018  -2.7068564207686985E-017   4.0955618098989923E-017  -5.8864312951418340E-017   8.9539214406637032E-018  -5.0368299428445706E-017   4.7700378857338020E-017   6.0600719192020076E-015  -1.7947359927208708E-015   1.2213940657788210E-017   1.3678777712408813E-017  -1.3073939888124705E-015   7.4723973871220665E-018  -1.2757722440827924E-015  -1.3009702891899191E-017   1.1582119053643834E-017   1.9110140118695827E-018   2.4984618393711014E-017   2.7905698080351967E-015   1.3650744326495275E-015  -2.1909136444672129E-016   2.7163024198838499E-016  -6.4535472022000814E-016  -1.3292474987190041E-016  -6.9677087287792908E-016   2.0584839008422348E-003   8.6843535290178819E-018   1.5241618399298426E-016   1.7525458561321871E-014  -2.5908349115446814E-015   3.2745242530860513E-015  -8.5381761138534476E-015  -2.0140126910808701E-015  -8.9803116548520963E-015   5.5131650480873433E-015  -1.6302391553674426E-014
   1.9240690292873964E-016   8.8084120193041779E-003   1.0189212521292448E-016   1.0517099039552940E-016   1.7011342343993403E-017  -3.4586180792548561E-017  -6.4898046397543453E-018   2.9397432934957535E-017  -1.2347904376654621E-018   4.6783028829022415E-018  -4.7100426687854991E-017   8.9892969410480097E-002   3.1002197765176273E-016   7.2809805816613468E-017   1.1162897076552965E-002  -1.9071780674475465E-016   2.2333332572356951E-015   6.3080905974110774E-016  -3.2338759573290058E-004  -2.6204175726571152E-014   2.9715752107328390E-016   1.8403030369372458E-015   8.2373389174155916E-017   1.5570596935214806E-016  -2.3768106550181704E-018   1.4650597056598398E-016   3.5307537363837308E-015   6.5133578123339861E-017   1.8376585628827165E-015   1.6140398022900296E-016   5.7910794997714084E-017   5.2254871454287657E-017   1.1693790801370588E-017   7.8139615502342489E-017  -3.5664805666604595E-018   5.7012547904589168E-017   7.7202196462535788E-015   2.2980831896154265E-016  -4.0026980665728965E-016   2.1845483637031328E-017   1.3394719499402778E-016   6.8656249251295250E-018   1.1339903520122974E-016  -1.8825760077000783E-016   3.5492243681405655E-017  -4.2651251769256015E-016   5.9393285054612214E-017   3.4305166691312016E-015   1.4357659506230259E-016   4.4250240233941593E-016   1.3833923998574413E-016   4.2211885966282182E-016   3.1717075022911809E-016  -5.9667010611768956E-016   4.5380041886135267E-016   2.0584839008396497E-003   9.0483515929622239E-017   2.1097810846086441E-015   5.9394942039216601E-015   1.8833592116405791E-015   5.7219600448510808E-015   4.1373864195899270E-015  -7.7203687756055548E-015   7.0938319751536093E-015  -2.5034806625476671E-014
  -9.6520259489364965E-017  -3.7470859611661786E-017   8.8084120193064625E-003   4.3107474788193179E-016  -8.4692636616307014E-017   1.8359516854878890E-017  -1.9136524598361391E-017  -1.0825485534517947E-016  -5.9811698096452105E-017  -1.2094343730003399E-016   9.1866875802543700E-016  -2.2404842823433978E-015   8.9892969410520079E-002   5.7097307630519357E-016  -1.9071780674475465E-016   1.1162897076563630E-002   7.4919199384506895E-015  -4.0666078002764804E-015   4.4487950427727239E-015  -3.2338759574837865E-004   7.1792254547732280E-017   6.8856443954067504E-017   1.3894106916077643E-015   2.1908633874015375E-017   3.8971422935846610E-017   5.1453456150037885E-017   1.0530553843604657E-016   1.5013556340689546E-015   4.0755102914742754E-017   2.7757034963209005E-015  -1.2397708516997631E-016  -2.2497089644081767E-017  -1.1280087385880493E-018  -8.7347297374276240E-017   1.8359106572988881E-017  -9.3068116097055705E-017   1.8661926964639773E-014   5.3376430288572265E-017   7.2368768692621107E-018  -5.7851158877741382E-016   3.3520771654374109E-017   9.0876814855322097E-018   2.5145762851950525E-017   4.3280335717236852E-017  -7.1445584494807267E-016   3.0719802551652284E-017  -7.4700184846782019E-016   1.1971455443489222E-014   3.2530211353924614E-016   1.5550621525706687E-016  -1.1766571022854093E-015   4.4108018553950201E-018   7.7548871720644527E-017  -3.9844583304273271E-016   2.7207099681038763E-016   1.6717669521645455E-016   2.0584839008424534E-003   4.5352675863241642E-015   1.9165345408799834E-015  -1.5172776137837759E-014   3.9303188845918687E-016   1.0511351380320623E-015  -4.9268654201464027E-015   1.8583045255083272E-014   2.6173413926284900E-014
  -1.2723557446201270E-015  -1.6404892191955367E-015  -1.1287938315549609E-015   2.4623770612339077E-003  -1.1389748894795039E-014  -1.6482448354165105E-016   3.3622110873183994E-016  -1.1907055557461174E-014   1.9603328495734147E-015  -9.6459253150732656E-015  -1.3665653099246603E-015  -6.5804132172108018E-015  -1.5545376565774527E-015   1.7017374923478177E-015   2.2333332572356951E-015   7.4919199384506895E-015  0.10349211879257315        2.4539501091977477E-014   1.4796115423608956E-014  -2.5293980953550770E-014  -8.9717863702014455E-016   1.9872721641533219E-016  -3.0110631114507691E-016  -2.4225029284872216E-016  -1.7188016200844525E-016  -7.0346867057877168E-016   3.7452304500976197E-016  -9.4586167733124914E-017   3.2917877827941428E-016  -2.2688783611491627E-016  -2.1113252871416012E-014   7.4715142606808792E-017  -2.0762301030773889E-016  -2.1795490085785755E-014  -1.3338011480002862E-015  -2.3688047807234715E-014  0.28915761372202287       -5.3885876529789229E-016   1.9919050332219511E-016   4.2032751966205996E-017  -4.8338063762092258E-016  -1.2415275126976703E-016  -1.5678834704748481E-016   5.7754817433431856E-016  -5.0673874806617113E-017   1.3530117862087134E-016  -1.6826285046383429E-016  0.16447760103965969       -1.9538166293578448E-015  -6.5144347417714467E-016  -5.2204894257521016E-016  -5.9567022765732698E-015   7.3988995601592809E-016   2.6617456774416203E-015  -8.6924214906934185E-016   1.0531558382869758E-015   3.7331871322030360E-015  -2.2469248702149710E-014  -8.4926187790437513E-015  -8.7220156760121658E-015  -2.9282835907399963E-014   3.9248501784275610E-015   6.3394853768737946E-014  0.27508551505342832        7.6208256931348537E-003
  -2.3969126378279031E-003  -4.6644486444695965E-016  -6.1950323489540239E-016  -1.2319847511617236E-014   4.0981746553408897E-015  -1.8935195609937905E-015   4.1047070636425062E-015  -2.9467674365202403E-015   2.7450601187871722E-015  -1.0815145214246140E-015  -2.0258080792547265E-002  -4.1679257586727627E-015   5.0844344328419594E-015  -3.2338759575173642E-004   6.3080905974110774E-016  -4.0666078002764804E-015   2.4539501091977477E-014   1.9991646613712069       -3.3130665307763210E-015   5.5344743072265065E-015  -2.2805416687211578E-014   8.2684377391610852E-016   1.1354172677279261E-015  -1.3327968386489662E-014   4.0312482652970667E-017  -1.0114325583268792E-014  -2.5465833879409149E-016  -2.8593970221634541E-016  -7.8487123648141042E-016  -1.1575830966377909E-016  -3.9250865615056056E-015   3.4973730190202976E-015  -5.5233274480912377E-015   1.5599304455355084E-015  -4.2437980295903481E-015  -2.5952869100478604E-015  -9.9823121682256017E-015  -2.8312207930875897E-014   5.6061268806001163E-016  -1.0593350778175466E-015  -8.2457813294287986E-015   5.8466797290939639E-016  -1.0109998790633145E-014  -3.1703071969153109E-016   3.5512973144751086E-016  -1.6767011358030875E-016   9.4744778186256928E-016   2.6340157947601115E-015   2.0201816477443411E-015  -1.7988257896560409E-015   3.0533048909179375E-015  -2.7666710216707781E-015   2.2688049852572609E-015   3.1080607795936665E-016   5.3792771738905495E-004   1.5252946914410155E-015  -4.1077485875710775E-015  -2.7162142437881957E-015   6.7401161010460837E-016  -2.7884234540324596E-015   1.7484321723638480E-015  -4.1601109702301232E-016   9.9060353712169694E-016   1.4458745661624656E-015   9.8925217968039219E-015
  -1.5278904990546125E-015  -2.3969126378264299E-003   1.9689358002716521E-015   1.8826155556465238E-015  -1.9478226737007888E-015   3.5953658003224286E-015  -2.2259606114453429E-015  -4.0529126599749609E-015  -8.9276596119848171E-016  -2.1782510829942952E-015  -7.1204223346076184E-015  -2.0258080792601392E-002  -1.7469995279480483E-014   6.1778388362719132E-015  -3.2338759573290058E-004   4.4487950427727239E-015   1.4796115423608956E-014  -3.3130665307763210E-015   1.9991646613711649        5.0804851983851212E-015  -3.0763148304919442E-016  -7.1568935865387012E-015  -2.0323072003676374E-015   1.1707686238470292E-015  -3.5870340360371316E-016  -1.3094678243326443E-015  -8.9828281238850015E-015   3.0860279266822819E-015  -6.0662752599406663E-015   2.9408242974893779E-015  -2.0553277639706440E-015  -5.6874205107574157E-015   4.3938360350652368E-015  -9.6338502064553372E-016   1.3925073551686883E-015  -1.7163567182011151E-015  -2.2278286940464106E-014  -2.9096481981483765E-016  -6.7603225735223599E-015   3.5939163612682025E-015  -7.8237300210213601E-016  -4.8895502325944445E-016   1.2408910007189597E-015  -1.9553866475624719E-014  -1.2697630321743543E-015  -6.7233399364790938E-015   2.3849037143597478E-015   7.7957406463357023E-015   1.0048636696260500E-015   3.1675026214381000E-015  -2.6998989171596690E-015   2.3386884937010530E-015  -1.0219286299552082E-015   1.7997893578280337E-015   4.1023838476995265E-015   5.3792771742496633E-004   4.3672531359795408E-015  -3.4934910001177490E-015  -2.6234512804170533E-017   3.6695822435433158E-015  -2.6929654723302731E-015  -5.5010082357355522E-015  -3.5248293402823253E-015  -1.5450806965878430E-014   2.4958765267526179E-015
   2.5766728358841553E-015   1.0461093971842101E-014  -2.3969126378277374E-003   1.3704839723727125E-014  -2.5418896983393776E-016   3.2365480920824280E-015  -2.7001214154496076E-015  -2.9230659301893546E-015  -9.1948727619102473E-016  -3.3005290500694479E-015   1.0487061345121691E-014   2.9526463990698870E-014  -2.0258080792558558E-002  -1.4794290347526307E-014  -2.6204175726571152E-014  -3.2338759574837865E-004  -2.5293980953550770E-014   5.5344743072265065E-015   5.0804851983851212E-015   1.9991646613711966        2.6228940655087356E-015   6.4025913296334961E-016  -9.6514145783375099E-015   2.1898199466491772E-016  -5.4966406680092350E-016   1.1421153810183659E-015  -1.6236935597400001E-016  -1.3161181800004015E-014  -5.2951166285819748E-016  -2.1735453478505016E-014  -3.0665677720580025E-015  -4.3549792766069283E-015   4.4111358204767371E-015   7.0079936082473326E-016   5.5236454854257715E-016  -1.7723236009812135E-015   2.3286046348042484E-014   1.0687915367742098E-015   4.7528432197507590E-016  -1.0620676217944116E-014   1.6669025348169124E-015  -3.1278431443051605E-017  -1.8563696316794956E-016  -2.6949297145126404E-015  -8.7808810410394258E-015  -4.3425667548042851E-016  -2.3003626731880523E-014  -2.7434492734112786E-014  -4.8081630525703895E-016   1.9496319633891884E-015  -2.8726676935915609E-015  -6.7379689304019421E-017   1.5353407975548133E-016   2.3900224791752002E-015  -6.8187213295087071E-015  -1.3896453031615836E-014   5.3792771740062805E-004   1.7587392912291340E-015  -9.3614239117037615E-016   8.1350739695303145E-015  -3.4253332586917142E-015   8.7498791950404455E-016  -1.7894281238894691E-015  -3.6211680875779498E-014  -3.5117828264146943E-014
   1.6688362673688554E-015   2.3480122460308509E-016   5.3837602611968782E-017  -1.8241762450269850E-017  -2.6669110729730184E-018   5.2620947949842107E-019  -9.2005273018047352E-021   1.0355285045217395E-018   4.9899543945880173E-019   1.6313825687760375E-018   1.6983244227172213E-014   2.3956010905768438E-015   5.5495089210273380E-016   2.0840349891999404E-015   2.9715752107328390E-016   7.1792254547732280E-017  -8.9717863702014455E-016  -2.2805416687211578E-014  -3.0763148304919442E-016   2.6228940655087356E-015   6.7819322178362270E-028   4.9628772457278423E-029  -8.7255602342316407E-030   3.4745067082486131E-028   3.5289377251045620E-030   3.0764225718742871E-028   1.0498619879122321E-028  -1.4918383103892986E-030   5.5395565229880612E-029  -1.4847437069319784E-030  -9.4475403249103413E-019   1.8640986297141304E-019  -3.2592894228990065E-021   3.6683627772546958E-019   1.7676928140746203E-019   5.7791775549130027E-019  -2.4312335736437548E-015   5.7612867647634260E-030  -1.4603832028369630E-029  -2.2827727135937397E-030  -1.3710599379680843E-028  -4.3609633691646263E-030  -1.1421813808136907E-028  -1.2531463385265534E-030  -1.8408710102008747E-029  -7.0281400327732035E-030  -3.9626438041483471E-029  -1.5203663804516423E-015  -1.6458432338919587E-016   3.2474210338301194E-017  -5.6779641744648025E-019   6.3906052198351394E-017   3.0794737633208760E-017   1.0067827119086484E-016   3.7750592541795240E-016   5.4707682830979403E-017   1.4023408853510597E-017  -2.1543565223300253E-015   4.2507709974520791E-016  -7.4322747756380023E-018   8.3650992715903733E-016   4.0309333542507336E-016   1.3178465951713311E-015  -2.3495460533393875E-015  -4.0079746916789321E-015
   1.6993805452214451E-017   1.4597554027949994E-015   5.3645141660323159E-017   6.3883730482628629E-018  -6.1710635639940590E-019  -8.8083158689195827E-019  -1.8064485929695619E-018  -4.1871609643228007E-019   2.2926529500634048E-018   1.0358224528352241E-018   1.7516764848232771E-016   1.4882386312699949E-014   5.4881805240393298E-016   2.2659725800952203E-017   1.8403030369372458E-015   6.8856443954067504E-017   1.9872721641533219E-016   8.2684377391610852E-016  -7.1568935865387012E-015   6.4025913296334961E-016   4.9628772457278423E-029   3.3590749728903865E-028   2.3261068031901122E-029   2.0604751824700796E-029   2.7255849556253571E-030   2.7954538623383043E-029   6.2286559670740502E-028   5.7124710297190606E-030   3.2719632128563622E-028   2.6545112417027135E-029  -2.1861010843206839E-019  -3.1203484892354765E-019  -6.3993494588941203E-019  -1.4833030043328536E-019   8.1217298248930396E-019   3.6694040884497077E-019   5.9560872180766625E-016   2.5832485820813604E-029  -3.9445766435420225E-029  -1.4855104815542400E-029   2.0319248853656926E-029   2.5000006971908418E-030   8.7572826175620537E-030   4.5677877266322456E-029   1.8924652538811462E-030  -4.3771229453408795E-029  -1.1006464718090240E-029   2.6530302861775096E-016  -3.8083771578970417E-017  -5.4359169381484528E-017  -1.1148220216983601E-016  -2.5840421197655319E-017   1.4148755778426288E-016   6.3924192776586092E-017   4.4258918569991613E-018   3.3723610016994193E-016   1.2889384283907626E-017  -4.9850447482808995E-016  -7.1154426311012686E-016  -1.4592666204329726E-015  -3.3824290673942919E-016   1.8520271959337679E-015   8.3674738156775536E-016   5.4703674645810289E-016  -2.0930883941366301E-015
   1.4785462226104969E-017   6.7173837606275799E-017   1.1066519688394897E-015  -9.2184553080278361E-018  -4.8611348320748364E-018  -1.9116289018916690E-020   6.6352300624056358E-020   1.2991010954975178E-018  -1.8797748524002802E-018   3.5620337366304949E-018   1.5327935929228575E-016   6.8126489429097917E-016   1.1273568264243551E-014   2.0279944639457462E-017   8.2373389174155916E-017   1.3894106916077643E-015  -3.0110631114507691E-016   1.1354172677279261E-015  -2.0323072003676374E-015  -9.6514145783375099E-015  -8.7255602342316407E-030   2.3261068031901122E-029   2.3684268102875298E-028  -8.0516915920223907E-030   9.4541179655556255E-030   5.5969485104682018E-031   4.8132474122197960E-029   2.3984512950983566E-028   2.5635001639219061E-029   4.5691130580865490E-028  -1.7220584453356167E-018  -6.7719509925949191E-021   2.3505322021749670E-020   4.6020694551024794E-019  -6.6591079484146956E-019   1.2618514998543323E-018  -8.9124093708469697E-016  -1.6822441655588947E-029  -5.4780067222187577E-031  -3.3257804344778538E-029  -1.0642407681367804E-029   1.4234461671627412E-030  -1.4591970338728419E-030   2.8297061947601903E-029  -3.4116247313641043E-029   4.6626322379990261E-030   1.7304286289342016E-029  -4.1601344318674592E-016  -2.9999747473004825E-016  -1.1797324343198565E-018   4.0948303877489294E-018   8.0172030096048002E-017  -1.1600741971954561E-016   2.1982544463394598E-016   4.0792646737133712E-018   1.4583232287334293E-017   2.5334017213589273E-016  -3.9268716671094302E-015  -1.5442322890370856E-017   5.3600029285934971E-017   1.0494264118796090E-015  -1.5185002809808618E-015   2.8774452552301611E-015  -8.2363101140480769E-016   2.5860305270200032E-015
