   3.7303384306943695E-004   3.8399744678804733E-017  -6.5397998438123166E-017   2.8642041083629590E-017   2.4412137716119324E-002   2.5543213544231668E-017  -1.5927387651543502E-016  -2.0161068327500236E-017  -5.8813007596937359E-018  -3.3058513997626299E-018   1.0346020362309012E-017  -1.6810218201722116E-017   6.3441237014642069E-018   1.9352649854151549E-004  -1.3751299504235232E-015   5.8978267317837198E-015  -2.2893772964698429E-015   3.4878380508817226E-004  -2.4091270299951827E-017   7.5860979135214028E-017   1.0053705526889310E-016  -3.7690916178185783E-015   7.2736147756670357E-017  -1.5859075048526830E-018   1.1818262655294984E-017   1.1771650534777229E-016  -3.8969932220924261E-018  -4.8773003389274212E-017  -1.6395275090485072E-017  -3.1737645270061497E-018   2.0781675921176800E-017  -2.0638820174664621E-017  -9.0159185185353205E-017   5.7129734882611028E-018   1.3666305415391299E-017   2.2043442138547972E-017   3.8826549071180841E-017   6.4823725103830297E-017  -1.8414360986740460E-015   2.6954595525407484E-016  -6.8149963478942890E-018  -6.6336161987692220E-018   2.1756641765192675E-017  -1.0464428027370329E-018   1.9806078986952222E-016   2.9450923752333768E-017  -9.9561534961735391E-018  -1.3594281810974308E-017  -1.1964056564859613E-017  -9.3556871976233649E-016   3.8744975899332148E-017   8.5425591004703166E-017   3.4568898627409007E-016   1.0535942269485592E-016   6.0176852113542021E-016  -1.6971515390108373E-015  -1.6250447505329382E-005   9.2035517076863232E-018  -2.9818593150116998E-018  -7.1536270198668797E-015   3.2723035860420926E-016   6.5688888941472606E-016   2.5742245057826457E-015   8.8659040008174601E-016   4.5922805896116852E-015
   3.8399744678804733E-017   3.7303384307008785E-004   1.9396654628207889E-016  -1.1574324180697637E-016   2.5803411980193365E-015   2.4412137716141053E-002   1.0681276416297087E-014   1.4178047430770247E-018  -6.6636288662864444E-019   9.9534572526121140E-018  -1.1689431360815901E-017  -1.8814251217796337E-017  -1.2563736861556340E-017  -1.3878353393256538E-015   1.9352649854929870E-004   2.5078941252031557E-016  -1.4187795927366273E-014   1.9885523727265780E-017   3.4878380508776910E-004   1.3329207249204038E-016   4.2925511513018452E-016   3.1187546872215845E-015  -1.2343044676933967E-017   1.5487968297947106E-016  -2.4120354777970872E-018  -9.6956988588664890E-018   3.0630943516971064E-018  -9.3433188353618588E-018  -7.8876778688920941E-018  -7.2293076933286696E-018   7.8505262738429728E-017  -4.8122527829120140E-018  -5.3567198319632952E-017   4.2334106163585720E-017  -1.2158704265053880E-016  -1.0653756342718199E-019   8.6756252618791902E-017   6.8251285502729114E-018  -1.0554311795613618E-014  -1.1796335002573439E-017   1.5199905615333431E-018   2.4499243420229138E-018  -1.4389284717242306E-017   7.0646447341070869E-018  -8.6807266693217616E-018   4.2799822867548003E-016  -2.6906146137969354E-018   1.2603648278209791E-016   8.3371836228948210E-018  -2.9875772950083669E-016   3.9904582634765990E-016  -1.2220608442205315E-015   1.2166172607240798E-016   6.9806254548368482E-016   1.6727633749799878E-016  -1.0216083325161023E-014  -3.8344454782679812E-017  -1.6250447505707385E-005  -2.7023955796961212E-017  -2.2365266169461312E-015   2.9979128330658291E-015  -9.1264875330807726E-015   9.4542919512238330E-016   5.2555115521318151E-015   1.2867151929116172E-015
  -6.5397998438123166E-017   1.9396654628207889E-016   3.7303384307014033E-004   2.3636402242027266E-016  -4.1178225212103318E-015   2.1741582238717835E-015   2.4412137716141789E-002  -4.6634361603778678E-017   7.0743938988448412E-019  -4.3947430555904618E-018  -1.6995186076798423E-017  -3.5824323601053688E-019  -2.8682252697346996E-017   1.8966912431381654E-015  -6.2713077517016433E-015   1.9352649854768671E-004   2.9460011445926830E-015  -9.7964269352505078E-017  -2.3302196671977523E-016   3.4878380508854609E-004  -4.0974767736009116E-016   1.5747006752084630E-015  -9.9069969727321443E-018   4.6644667243925818E-019   2.7553725054182255E-017  -6.8618989733768313E-018   2.6120162274292984E-018  -7.9817160867123252E-018   1.4634660022183159E-017   2.2559234675636634E-017  -8.9580537017910437E-019   1.8414219108323231E-016  -3.8381247449684527E-017  -2.7027159113006633E-017   3.2050340411658089E-017  -1.0863545316415921E-016   2.4951108622767273E-018  -4.5638101588490493E-017   2.8431724739231121E-015  -1.3178938224719982E-017   1.0325320796985744E-017   1.4095305820798215E-016  -7.8704603575943300E-018  -1.1969352719371061E-017   1.1132959197077847E-018   6.8167023675950346E-018   1.3794288404598451E-016   6.0055720239083803E-019   3.9340726260211352E-016   1.0216412589289784E-016  -2.3392079594970784E-016   4.6091591714614880E-016  -3.3635528702988018E-016   1.6323229242485263E-017   1.6204286122062237E-016   1.8823832096013711E-015  -2.2708529180632635E-017  -3.4249804789589029E-017  -1.6250447505187060E-005   8.8941577334995674E-016  -1.7480789991245212E-015   3.3722429537848541E-015  -2.4056461982794264E-015   1.6943900922460498E-016   1.4749079249432193E-015
   2.8642041083629590E-017  -1.1574324180697637E-016   2.3636402242027266E-016   2.7327583534478394E-006   1.7983580362493122E-015  -6.3954090544419461E-015   1.5582738455435336E-014  -4.4417598185150309E-017   1.8773447988179034E-018   1.9097130253931872E-020  -5.1455847464683441E-017  -5.1929349743075547E-018  -5.9198176097992421E-017   1.3588259587715512E-014   3.5855631029397478E-015  -2.9685528632623338E-014   1.7375944736030045E-003   2.6433823574190592E-017  -4.7907768573454581E-017   1.9489115474467638E-016  -9.3024860583780862E-006  -1.0949668963592719E-003  -6.5595544869165229E-019  -1.0982579675890676E-018  -1.0299074709244124E-018   8.1517571101936471E-020   1.0687052993955052E-018   1.0708272280221697E-019   1.5519362254093272E-018   6.7374977891371124E-019  -9.6849046078221392E-019   1.7479979468222208E-018  -7.1587910061284008E-016   6.8968604840711277E-017   8.1203919881467772E-017  -6.2772877986430860E-016   1.8763254880644249E-017   6.0173793599444414E-016   1.2591140638097721E-003  -8.2660280408798912E-019  -3.1990180916724907E-019   1.6967956645161356E-018  -3.0260458025440091E-019  -9.8536840919717398E-019   6.3836147502228197E-019  -2.4145580426864503E-018   7.4051520569990896E-019   3.4941385569257736E-019  -1.1999784102818272E-018  -4.4701905639213014E-015   6.6821594905871103E-016   7.7699716832348965E-016  -3.8749004011451585E-015   1.2728120778684619E-016   7.9526949087045951E-015   1.2386869513015019E-003  -4.7619738993316192E-019   1.6367200600851748E-017  -2.7287521456705311E-017  -3.2893079095924994E-014   5.0400257551689511E-015   5.8461868876759821E-015  -2.8036966216016811E-014   9.7914143510745539E-016   6.0769622600918071E-014
   2.4412137716119324E-002   2.5803411980193365E-015  -4.1178225212103318E-015   1.7983580362493122E-015   1.5977440055140766        4.4594803780304774E-015   4.3262552121743273E-015  -1.3284201696525343E-015  -4.0510351483103706E-016  -2.1583208356098424E-016   6.8991873213155868E-016  -1.1175999363263439E-015   4.2437977420174006E-016  -5.2899765903439023E-003  -5.8502888559921481E-015   2.9817723921355060E-014  -6.0129940967936269E-016   2.2830192959358373E-002  -1.5517971094364672E-015   5.3591043149544708E-015   6.6858136466585444E-015  -9.3220056582850970E-015   5.0314546625936375E-015  -1.2540343870716904E-016   7.9335030001223919E-016   7.8518853215474886E-015  -2.5246079958887850E-016  -3.0490906181807111E-015  -1.0456189918413650E-015  -2.3118260503633017E-016   1.3510596507270678E-015  -1.3458505525269608E-015   6.4903468611836038E-017   7.1661695175536718E-017   3.4808161075357652E-016  -7.2435126138085289E-016   1.7820704777505833E-015   4.5624340792517243E-016  -1.5620399491699260E-014   1.8192036866404155E-014  -4.2296228459835153E-016  -4.4323557504653598E-016   1.6624399520164161E-015  -6.6156170791736006E-017   1.3209214845736712E-014   1.9076399846167958E-015  -6.3273178936776664E-016  -8.7835110906776300E-016  -7.8870808904171820E-016  -3.7510423304644843E-015  -6.0399146112726420E-016   1.6576189358577007E-016   1.8107705422740252E-015  -7.7654884976203614E-016   2.7088451207429266E-015   5.3644621634822040E-015  -1.0617647517727142E-003   5.9461897318428198E-016  -8.0843431582742919E-017  -3.5439077866559256E-014  -2.1181045762315249E-015   2.2974083465141115E-015   1.1775964048301559E-014   4.4658552255073701E-016   2.4501301308395555E-014
   2.5543213544231668E-017   2.4412137716141053E-002   2.1741582238717835E-015  -6.3954090544419461E-015   4.4594803780304774E-015   1.5977440055141405        7.2499286360393669E-015   1.8565655980179931E-017  -3.8817691849765675E-017   5.6092502058792870E-016  -8.1050305803549120E-016  -1.1923202791217438E-015  -8.4150144240562926E-016   4.4565911874972890E-015  -5.2899765902970873E-003   8.8793515805109175E-015  -2.2373200949293834E-014  -1.0968378952888949E-015   2.2830192959312972E-002  -1.4436926375697263E-015   2.4554762554371977E-014   7.1440553876342586E-015  -8.1561297591422876E-016   1.0272332619038219E-014  -1.6248775325116160E-016  -6.3738230725578641E-016   2.0015077536214656E-016  -6.0545517669672489E-016  -2.1918174113712535E-016  -4.8198922398859849E-016   5.2579744938172495E-015  -3.0444381247061870E-016  -1.6544591509497130E-015   2.3170500244934466E-016  -2.5222782853587441E-016  -7.3670734527817452E-016   1.0457637591117952E-015  -8.5934052513292087E-016  -3.7951947256994274E-014  -7.7964193543568495E-016   3.1452574979001832E-016   1.5057004027636656E-016  -9.3612038172989450E-016   4.5785202533577654E-016  -5.7776040611210906E-016   2.8503167810227956E-014  -1.8037906128803072E-016   8.4376421323183738E-015   5.0085189585854582E-016  -1.4142715522240611E-015   1.6500067200261247E-015  -6.2699043065513103E-015   1.3022924845934843E-015   1.0242163350763692E-015  -6.2199233449362875E-016  -1.1284050631948172E-014  -2.4412335508538609E-015  -1.0617647517961878E-003  -1.5109278801551990E-015  -9.5403998327644702E-015   1.2049751551920466E-014  -4.2388562433708768E-014   1.2058476162200109E-014   8.0274516919987712E-015  -2.8658466978010475E-015
  -1.5927387651543502E-016   1.0681276416297087E-014   2.4412137716141789E-002   1.5582738455435336E-014   4.3262552121743273E-015   7.2499286360393669E-015   1.5977440055140104       -3.0780423859113463E-015   4.2277590646698762E-017  -2.6585639918389633E-016  -1.1606204340371545E-015  -6.2068979331211467E-017  -1.8665019434658425E-015   1.9898143619489010E-014  -3.6952081513747369E-014  -5.2899765902670913E-003   2.5691041641491311E-014  -2.2600026918098141E-015  -1.7172227843664897E-014   2.2830192959361464E-002  -2.6901836368846300E-014   1.6348275566941088E-014  -6.4502822934373939E-016   3.3009317514235530E-017   1.9568640044704165E-015  -4.5338299487515185E-016   1.6981321474274522E-016  -5.1232236376268457E-016   9.5823714817947359E-016   1.6258624091888557E-015  -5.0856864108178522E-017   1.2433753192125341E-014  -3.5533690482165083E-015  -2.4004301769649855E-016  -5.6555227168264453E-016  -5.0088203282365795E-015   9.3381663994149119E-017  -4.2651972399079191E-015   6.8027531547198376E-014  -8.5727259112046426E-016   6.7532418945982634E-016   9.4762467657231163E-015  -5.0510674361050142E-016  -7.8457499570688675E-016   6.9715644340366095E-017   4.4769738222005322E-016   9.2834567703115261E-015   2.2488107730634759E-017   2.6295302410054435E-014  -2.6460556976842624E-015  -5.3552404287725669E-016   4.3838701732328363E-015  -1.3656385960049568E-015  -1.3003010286277247E-016  -7.6697399648101534E-016  -2.3005683691101212E-015  -1.4904197719978708E-015  -2.1809346928823247E-015  -1.0617647517616197E-003  -1.1893666162963176E-014  -3.2090553576521639E-015   2.6837210572687827E-014  -1.7795928336708046E-015   2.1892025407325304E-015   1.0943040911395027E-014
  -2.0161068327500236E-017   1.4178047430770247E-018  -4.6634361603778678E-017  -4.4417598185150309E-017  -1.3284201696525343E-015   1.8565655980179931E-017  -3.0780423859113463E-015   8.7896528965648610E-009   2.4798980645234960E-019   3.0293733790640670E-020  -4.3948264490847502E-009  -1.2159275005994664E-018  -4.3948264483290976E-009  -2.4741931300114412E-015   7.1716057773629853E-015   3.4562856873753576E-015  -3.9588545679067883E-014  -2.0946514418958410E-017  -1.4572400822211739E-018  -4.4783999730429285E-017   1.6375729238628224E-016  -2.2245552956430878E-015  -2.9426981712176051E-020  -2.1579152186501965E-020  -9.3575724718266711E-020   6.5514490526894874E-021  -3.4664632267190217E-020   2.8182592605742887E-020   3.7403631388523971E-020  -1.5616338885393111E-020  -1.3518527582321867E-019  -1.2199943528488962E-019  -1.6869481031742762E-006  -4.2186129375220655E-017  -3.5826098144160761E-017   8.4347405161968798E-007   7.8358210415310696E-017   8.4347405155185398E-007  -2.8450207505225489E-014   2.0842885652465552E-020   2.6753123755001092E-020   1.6624265157887150E-020   1.0061370480148215E-020   5.2041728207861332E-020  -4.2649412820271375E-020  -7.0403278759251715E-020  -4.2142407165907248E-020   2.4136757629327023E-020   1.3859398409179333E-020  -1.6212567289102876E-005  -4.0427965766807347E-016  -3.4919722629016297E-016   8.1062836448735410E-006   7.4276684117500380E-016   8.1062836442271007E-006  -2.9037181094596758E-014  -2.7617801576369353E-019  -1.0335698369218252E-018   1.2673539766851928E-018  -1.2204768914427003E-004  -3.0430152572740844E-015  -2.6246902403088221E-015   6.1023844574569754E-005   5.5950299168529890E-015   6.1023844569699531E-005
  -5.8813007596937359E-018  -6.6636288662864444E-019   7.0743938988448412E-019   1.8773447988179034E-018  -4.0510351483103706E-016  -3.8817691849765675E-017   4.2277590646698762E-017   2.4798980645234960E-019   8.7896528970726457E-009   1.7479928722958968E-019   1.1283841451865220E-019   4.2106060800903240E-020   7.1419650561093275E-020   2.4384682351493013E-015   9.4302863870380599E-016  -4.4376409118055760E-016   5.7652844795655602E-016  -6.3206911617174535E-018  -1.5340952255839387E-019   1.7263300374313553E-019  -7.2722872014037584E-018  -2.7049169358085954E-015  -6.9086994778302018E-021   1.7335416083647875E-021   6.7649942469682883E-020   9.4174903326354777E-020  -4.3509241807022105E-020  -5.7597116405094195E-020   2.5607675154765271E-019   5.1282422840516353E-020  -9.3672154849242006E-020   5.7191986720529800E-021  -5.4468572839312537E-018  -1.6869481032216372E-006  -4.2644830506067817E-017   4.8764046467384358E-018  -1.5403182579834118E-017   9.5210020077660100E-019   4.3701014285274714E-016  -4.8629080590406571E-021   5.8272282308844229E-020   4.0510335399117442E-020  -1.0435815078650562E-019   1.6149198017821129E-020   9.2983867719407542E-020   4.4100090783047797E-020   4.8931284843991544E-021   1.3386108778846204E-019   1.6033930738715495E-019  -5.3513920540337663E-017  -1.6212567289571411E-005  -4.1133594504459907E-016   4.5089473432163922E-017  -1.4830855083577742E-016   7.8306686368849687E-018   3.4154298108231379E-016  -1.3212382529506189E-019   3.4018342023338095E-019  -2.5900477543944413E-019  -4.0033486269181247E-016  -1.2204768914779472E-004  -3.0956560322228675E-015   3.4020157509010985E-016  -1.1164492726528467E-015   5.9644411451957501E-017
  -3.3058513997626299E-018   9.9534572526121140E-018  -4.3947430555904618E-018   1.9097130253931872E-020  -2.1583208356098424E-016   5.6092502058792870E-016  -2.6585639918389633E-016   3.0293733790640670E-020   1.7479928722958968E-019   8.7896528971841364E-009   3.4584031446361131E-020   3.8824718241355133E-019  -7.5265647099642639E-020   2.6800377069926556E-016   5.6316444611306295E-015  -8.7051348664162988E-016   1.2031964405458404E-016  -2.9768339636187517E-018   4.6843917818759711E-018  -1.7415158247760759E-018  -6.2211746918878225E-019  -5.1526642263719173E-016   2.2901579658302396E-020  -2.7080726210148529E-019  -2.6814491794922238E-019  -5.2382530814823954E-020  -2.5818637089050964E-020   3.5961197623113489E-020   7.5179166214179188E-020  -8.5050714321002528E-020  -3.1335359311726613E-019   1.1370550616854812E-019   3.0597759049665643E-017   9.1429865428166438E-018  -1.6869481032328705E-006  -3.8108341618333234E-018  -5.4557610249837017E-017  -2.5790647749337777E-017   8.8699431222435359E-017   3.1847259865565347E-020   1.3095538201211375E-019   2.2335980013836778E-019  -1.4384265273761077E-020  -1.2401946913789458E-020  -3.7750174316904140E-020  -4.3723192091241816E-019   5.1942484945790519E-020   1.2885299244056326E-019  -5.1839904924050718E-020   2.9315724567200459E-016   8.8711436020273551E-017  -1.6212567289673597E-005  -3.9480502215778197E-017  -5.2785137362970575E-016  -2.5238929349467331E-016   7.3631057892228823E-017   2.1375193827823534E-019  -2.6229877160504377E-018   1.2342980858662645E-018   2.2047049874818842E-015   6.6852638589324722E-016  -1.2204768914856876E-004  -2.9978054411603749E-016  -3.9724694220947931E-015  -1.9041415417314877E-015
   1.0346020362309012E-017  -1.1689431360815901E-017  -1.6995186076798423E-017  -5.1455847464683441E-017   6.8991873213155868E-016  -8.1050305803549120E-016  -1.1606204340371545E-015  -4.3948264490847502E-009   1.1283841451865220E-019   3.4584031446361131E-020   8.7896528972406279E-009   3.0798738726813077E-019  -4.3948264487266306E-009  -1.6983446820333305E-016   5.4645279999807668E-015   4.1365767627714274E-015  -4.7678680670790045E-014   1.0664893081349288E-017  -1.1886177330976359E-017  -1.7574921188224857E-017   1.9510284695509301E-016  -7.7256234557747802E-015   3.5689380448739200E-020  -8.1322838768507109E-021   1.2088387317842560E-019  -4.7101861579486009E-020   8.2742412681234141E-020  -3.0987876896682169E-022   1.1242158187954827E-019  -3.4044428491098263E-020   4.8185236026523407E-020   1.3640780529718655E-019   8.4347405170632166E-007  -2.6244446626693460E-017  -2.5290840433907229E-018  -1.6869481032387288E-006  -1.8491167204980325E-017   8.4347405153099929E-007  -3.4247113343521101E-014  -2.4758645863335870E-020   3.6156936073743327E-020  -4.2108695786130168E-020   2.4729988197512770E-020  -5.3184020892100770E-020   1.0308700863307969E-020   1.0450033206281512E-019   5.1703947085740955E-020   7.3354581827043768E-020  -1.1664695175796904E-020   8.1062836457075229E-006  -2.5345878891274842E-016  -2.3856617612137921E-017  -1.6212567289724686E-005  -1.7408279799749387E-016   8.1062836440174075E-006  -3.5109027944865489E-014  -3.7901332405497706E-022   3.8415057669725375E-019   3.2132579005592877E-019   6.1023844580840528E-005  -1.9073125146213627E-015  -1.8030719210655605E-016  -1.2204768914896171E-004  -1.3111905662710153E-015   6.1023844568121326E-005
  -1.6810218201722116E-017  -1.8814251217796337E-017  -3.5824323601053688E-019  -5.1929349743075547E-018  -1.1175999363263439E-015  -1.1923202791217438E-015  -6.2068979331211467E-017  -1.2159275005994664E-018   4.2106060800903240E-020   3.8824718241355133E-019   3.0798738726813077E-019   8.7896528971191514E-009   8.2853530930467322E-019   2.4034175697481869E-015  -1.6513187150123473E-015   4.3743527772813345E-015  -4.1246717170818636E-015  -1.6216011248662127E-017  -1.5248872009298929E-017  -1.6903258390342101E-018   1.9377022770414419E-017   2.0251936932908933E-016   3.6698808971942795E-021  -9.1204764015336608E-020   1.0655525667417266E-019   5.7996158358829890E-021   7.9269753104198676E-021   2.8410123642037973E-021  -6.2251815196040763E-019   4.4347481925377876E-020   1.6148425961603956E-019  -3.7431080868895469E-020   1.5600738141109294E-016   7.2533000202312960E-018  -1.9451198219506206E-017  -4.1601574458301567E-017  -1.6869481032261089E-006  -1.1556458571111766E-016  -2.9694113115508272E-015   3.5415935853874734E-020  -2.1567279555263423E-019   3.5297284420800055E-020   3.6462430705310220E-021  -6.1570372203117440E-021  -3.5655814209958370E-020   2.4410815300024405E-020   4.1436740729628413E-020  -2.7271804667619129E-019   2.7390509563248492E-019   1.4992165706892409E-015   7.0680257931168050E-017  -1.8846806338591420E-016  -3.9418203500808884E-016  -1.6212567289614027E-005  -1.1060562343278039E-015  -3.0119229108143211E-015   3.9422217659052813E-019   1.3182161863820178E-018  -5.0054962114640032E-019   1.1288456810650629E-014   5.3172798617612735E-016  -1.4187359887364515E-015  -2.9654877328559297E-015  -1.2204768914811770E-004  -8.3234196629264128E-015
   6.3441237014642069E-018  -1.2563736861556340E-017  -2.8682252697346996E-017  -5.9198176097992421E-017   4.2437977420174006E-016  -8.4150144240562926E-016  -1.8665019434658425E-015  -4.3948264483290976E-009   7.1419650561093275E-020  -7.5265647099642639E-020  -4.3948264487266306E-009   8.2853530930467322E-019   8.7896528984754679E-009   1.1913445186760154E-015   2.8426389265574419E-015  -5.0149646962520243E-016  -4.6319331630826235E-014   7.4427904606902732E-018  -1.2347087463278138E-017  -2.5951934407613758E-017   2.0856491729736787E-016  -2.4699261402230632E-015  -6.2623986269799365E-021   2.9711435973245820E-020  -2.7308148494387653E-020   4.0550412596047101E-020  -4.8077780503727994E-020  -2.7872713813751767E-020  -1.4982521358845433E-019   4.9660767296524310E-020   8.7000039749259671E-020  -1.4408370253172070E-020   8.4347405163089581E-007  -1.4528300225632193E-017   4.0348869288374197E-017   8.4347405172858201E-007  -4.4627330609688515E-017  -1.6869481033553358E-006  -3.3331440080838415E-014   3.9157604386497995E-021  -6.2910059972787401E-020   2.5484430463063897E-020  -3.4791358674761350E-020   1.1422927720988998E-021   3.2340711988083770E-020  -3.4097053689911279E-020  -9.5615400785320064E-021  -9.7491339577730790E-020  -2.1947034313180813E-021   8.1062836449613140E-006  -1.3954533490620404E-016   3.9221435389738005E-016   8.1062836459038990E-006  -4.2222140667625298E-016  -1.6212567290863224E-005  -3.3950265321112066E-014   5.6509447156190243E-019   1.7792431015776186E-019   1.7569238505838686E-018   6.1023844575218012E-005  -1.0515990939006755E-015   2.9492371427195695E-015   6.1023844582317069E-005  -3.1812732978323853E-015  -1.2204768915753447E-004
   1.9352649854151549E-004  -1.3878353393256538E-015   1.8966912431381654E-015   1.3588259587715512E-014  -5.2899765903439023E-003   4.4565911874972890E-015   1.9898143619489010E-014  -2.4741931300114412E-015   2.4384682351493013E-015   2.6800377069926556E-016  -1.6983446820333305E-016   2.4034175697481869E-015   1.1913445186760154E-015   2.0004130045691753       -3.6873345409616805E-015   2.8495397961700564E-014  -1.7597381029995471E-014  -3.7943101751492035E-004   3.0398798412133212E-016  -1.4134750117213516E-014  -4.4282972213978814E-014  -9.1002544805598312E-015  -3.0203481734035601E-014   2.4076313680972231E-015  -2.2151025030939527E-015  -1.6456768901918959E-014  -2.8798778982815397E-016  -1.5925483929556280E-014  -3.0525301005293062E-015   2.6147386033434609E-015   1.0065452986353888E-015  -5.4527485145675196E-016   1.4569590885720928E-015  -2.6030694719848837E-015  -1.8030404308120500E-015   2.2998991562650212E-016  -4.1382267929123088E-015  -3.0514445805082080E-015   5.3461468625402868E-014  -6.1398764574638927E-014  -2.5687980995076402E-015   1.0123195194343687E-015  -2.6575053517579282E-014  -2.5960080537605430E-016  -2.7492048160221060E-014   2.2091187529919689E-015  -2.1019085270820111E-015  -1.2646262524259186E-015   6.3488996767020744E-016  -2.3343420462819258E-015   1.1725812269863640E-015   2.1095492142777938E-015   7.7188316615223820E-016   2.2878076937780111E-015   2.6219404284786984E-015  -3.7945124805055443E-014  -1.9777090998504150E-004  -2.9187391088971296E-016  -9.8509199390776326E-015  -2.2399064461318817E-014  -2.4778516463058870E-015  -3.7207107923961900E-016   7.5568935865946600E-015  -2.4460794486357059E-015   1.5359269094777923E-014
  -1.3751299504235232E-015   1.9352649854929870E-004  -6.2713077517016433E-015   3.5855631029397478E-015  -5.8502888559921481E-015  -5.2899765902970873E-003  -3.6952081513747369E-014   7.1716057773629853E-015   9.4302863870380599E-016   5.6316444611306295E-015   5.4645279999807668E-015  -1.6513187150123473E-015   2.8426389265574419E-015  -3.6873345409616805E-015   2.0004130045692516       -1.8461550277507919E-014  -3.0567650543183937E-014   3.7665554528972363E-015  -3.7943101755001548E-004   3.1059551831823855E-014  -8.2385178730582979E-014  -7.6117758555979644E-015   8.6899521189805751E-016  -1.5146148477439209E-014   5.1556786716805128E-016   3.1525831981940516E-016   3.5536693819942532E-017  -6.7237553078296931E-016  -3.3092942121999903E-014   9.8642165451939267E-016  -1.3375199368814749E-014  -1.1700981016696738E-015   4.4203331798230569E-015  -6.2961379064552833E-016  -4.2742976500966383E-015   4.6992404984461595E-015  -1.1738921294640988E-015   1.1425830302487179E-014   7.3480631856208825E-014   8.4775667936129285E-016  -2.3958074935582643E-014   1.0884260347077412E-015  -6.2526780842952694E-016   5.0205451970982266E-016   1.0733693820459743E-015  -5.4818449049144818E-014   4.7759902776151822E-016  -2.1051345855697114E-014   4.9900030819794047E-015   3.9381811428467989E-015   1.2663707617652861E-015  -2.9787975573313584E-015   5.8238224688070723E-015   4.7603833002773221E-015   4.1021058745698377E-016  -4.9377175111165999E-014   3.5068160064916381E-015  -1.9777091002034342E-004   2.2644255513921570E-014  -2.3631960849322208E-015   6.5009800171138224E-015  -2.5076539490868304E-014   8.1890278159677147E-015   4.2831694232165999E-015   9.6645876901417764E-016
   5.8978267317837198E-015   2.5078941252031557E-016   1.9352649854768671E-004  -2.9685528632623338E-014   2.9817723921355060E-014   8.8793515805109175E-015  -5.2899765902670913E-003   3.4562856873753576E-015  -4.4376409118055760E-016  -8.7051348664162988E-016   4.1365767627714274E-015   4.3743527772813345E-015  -5.0149646962520243E-016   2.8495397961700564E-014  -1.8461550277507919E-014   2.0004130045693338        5.0233576274490479E-014  -2.4429815354591429E-014  -7.0664317515692475E-015  -3.7943101757343989E-004   7.6246391648540274E-014   1.6342088331793915E-014  -3.7356505382886334E-016  -2.7650138429160789E-016  -1.7107948415649785E-014   4.7834339126066656E-016   1.2643891956559583E-016  -1.1202661392513653E-015  -4.9615069096562681E-017  -1.6648039257793780E-014  -8.6572592561741866E-016  -4.2584129193966799E-014   8.0173786518239304E-015   8.4772926924724033E-016  -1.6204082424715211E-015   5.6181646991253707E-015  -5.9167630955076862E-015   1.0734440918625198E-014  -1.3254463464430889E-013  -5.8454517890144846E-016   4.8475165857552302E-017  -2.7999039683908831E-014  -1.1129452298650542E-015   1.3581249313885242E-016   3.5049334246906733E-016  -1.7446138600173724E-016  -2.8468770983490635E-014   1.8734938971240262E-015  -6.1057651602406392E-014   1.6872074985580101E-015  -8.9821414583608024E-016   5.2839345288046428E-015   3.2288675750909166E-015   1.7824046419681404E-015   1.4110621210746282E-015   1.1157865548494941E-013  -1.8667032686027836E-014  -9.4002972387773104E-016  -1.9777091006596936E-004  -4.0886892669918169E-015  -4.5445596980474382E-015   1.5515213225322672E-014  -9.5330722055277161E-016  -5.9796601354886516E-017   7.9154771700103194E-015
  -2.2893772964698429E-015  -1.4187795927366273E-014   2.9460011445926830E-015   1.7375944736030045E-003  -6.0129940967936269E-016  -2.2373200949293834E-014   2.5691041641491311E-014  -3.9588545679067883E-014   5.7652844795655602E-016   1.2031964405458404E-016  -4.7678680670790045E-014  -4.1246717170818636E-015  -4.6319331630826235E-014  -1.7597381029995471E-014  -3.0567650543183937E-014   5.0233576274490479E-014   1.4322979091384105        8.4659609252969492E-015   3.2076736854174475E-014  -3.1651993893827593E-014  -6.2850821440087520E-003   1.6049859396896464E-003  -8.2101794331165342E-016  -4.3280666870873788E-016  -3.6538398473391377E-016  -3.7755119119365657E-016   8.7094902256702247E-016  -2.2603342573802150E-016   7.0420620324440628E-016   3.6272264600368417E-016  -6.1390075284620151E-016   5.1714295827670753E-016  -2.3971543627383510E-013   1.2477388317456313E-015   8.8189679109686936E-016  -2.1359372866666730E-013   3.9205030887565185E-015  -2.1900084737424236E-013   1.0306596186413475       -1.7485339985780061E-015  -4.7781293599019165E-016   5.7646045463970979E-016  -3.4908397487494856E-017  -8.5971150322710014E-016   1.3821716199734508E-016  -9.2182234241633403E-016   3.3435754779904339E-016  -4.1871623861555026E-016  -8.3205489627590529E-016  -8.9312004611860150E-014  -2.9107618589225809E-015   1.7068723504325398E-015  -1.4209134564102424E-013  -3.5333632573700163E-015  -1.1535370949810711E-013   1.0478745599202663        4.6607301576026512E-015   9.2881080580845342E-015  -2.1713975890043866E-014  -7.6093274380971506E-015  -4.3374398933253538E-015   1.1039150915058343E-014  -2.9183354236974772E-014  -9.2661140715600248E-015  -6.9516705140207439E-014
   3.4878380508817226E-004   1.9885523727265780E-017  -9.7964269352505078E-017   2.6433823574190592E-017   2.2830192959358373E-002  -1.0968378952888949E-015  -2.2600026918098141E-015  -2.0946514418958410E-017  -6.3206911617174535E-018  -2.9768339636187517E-018   1.0664893081349288E-017  -1.6216011248662127E-017   7.4427904606902732E-018  -3.7943101751492035E-004   3.7665554528972363E-015  -2.4429815354591429E-014   8.4659609252969492E-015   3.2626719063260647E-004  -3.9376735730817784E-017   4.9363162963583220E-017   8.5155376545826901E-017   1.3002487661906672E-014   7.6479658974567499E-017  -2.1575269237769176E-018   1.1672252345708746E-017   1.1469142069101394E-016  -3.5635471570424305E-018  -4.1148036883071017E-017  -1.4476690403873695E-017  -3.7004119100700011E-018   1.9151750952600437E-017  -1.9147383589391309E-017   4.5003367618605451E-016   3.2507531772612373E-017  -2.3117720643094171E-017  -1.6031274394003098E-016   3.4656780776382142E-018  -2.9241716633200228E-016   5.7600145201048131E-015   2.6926312597815034E-016  -5.6533252255579609E-018  -6.4869406509839320E-018   2.7790314908256114E-017  -9.0584237527573514E-019   1.9291586653226017E-016   2.6921797185833379E-017  -8.7215363875657268E-018  -1.2358247562252715E-017  -1.1365901684372072E-017   4.2650612832321490E-015   2.8996780017422659E-016  -2.7055782699789639E-016  -1.4151397227647843E-015  -2.2889266937192218E-016  -2.8391007146592016E-015   6.6698655716639574E-015  -1.5141002102953914E-005   8.9243705341511874E-018   4.3834834633444504E-018   3.2005081672263644E-014   2.2192883342350910E-015  -2.0192854197771458E-015  -1.0679903651077923E-014  -1.6301998741946022E-015  -2.1313280109181387E-014
  -2.4091270299951827E-017   3.4878380508776910E-004  -2.3302196671977523E-016  -4.7907768573454581E-017  -1.5517971094364672E-015   2.2830192959312972E-002  -1.7172227843664897E-014  -1.4572400822211739E-018  -1.5340952255839387E-019   4.6843917818759711E-018  -1.1886177330976359E-017  -1.5248872009298929E-017  -1.2347087463278138E-017   3.0398798412133212E-016  -3.7943101755001548E-004  -7.0664317515692475E-015   3.2076736854174475E-014  -3.9376735730817784E-017   3.2626719063130695E-004  -2.7117886349318654E-016   2.0854723941683296E-016  -8.1499441587578510E-015  -1.1785891092843637E-017   1.4907694692371286E-016  -2.4000189425146403E-018  -9.1551317260494936E-018   2.8544596791922351E-018  -8.5489275583736583E-018   1.8947446444504453E-018  -7.0367390945244829E-018   7.7160223227113141E-017  -4.1723224423095253E-018   9.7217608341439697E-017  -1.0109171369347341E-016   4.7205731451659473E-016  -1.1194705205590677E-016  -2.7982734702501491E-016  -3.4836140989902404E-017   2.2821444187282164E-014  -1.1268692389433097E-017   8.1331263994285073E-018   1.9860999814629753E-018  -1.3280797604134182E-017   6.4657679518183805E-018  -8.4183736766938045E-018   4.1559438493667830E-016  -2.6498920368054157E-018   1.2375889151654877E-016   6.3984924173771987E-018   1.1471573397089906E-015  -9.8090432598210011E-016   4.4760110663662524E-015  -9.5012880717701169E-016  -2.8207135525909393E-015  -2.0906096374709279E-016   2.3298275806107207E-014  -3.4363677192573487E-017  -1.5141002103249569E-005  -1.2814323734368257E-017   8.6564316648434243E-015  -7.3890633113132171E-015   3.3764414460956469E-014  -7.1149054342191243E-015  -2.1224916918990007E-014  -1.5475270418808628E-015
   7.5860979135214028E-017   1.3329207249204038E-016   3.4878380508854609E-004   1.9489115474467638E-016   5.3591043149544708E-015  -1.4436926375697263E-015   2.2830192959361464E-002  -4.4783999730429285E-017   1.7263300374313553E-019  -1.7415158247760759E-018  -1.7574921188224857E-017  -1.6903258390342101E-018  -2.5951934407613758E-017  -1.4134750117213516E-014   3.1059551831823855E-014  -3.7943101757343989E-004  -3.1651993893827593E-014   4.9363162963583220E-017  -2.7117886349318654E-016   3.2626719063272655E-004  -2.7312126857165675E-016  -1.1326582722030942E-014  -9.1597543993153387E-018   5.1365225730782409E-019   3.0559227612092372E-017  -6.5508259451151746E-018   2.4071737370344357E-018  -7.1501673115459665E-018   1.3699322118256566E-017   2.5759850148903900E-017  -5.9517293559083021E-019   1.8412802504328377E-016   1.4348889766718846E-018   9.2183753303452469E-017  -3.7728026029189963E-016  -2.7401946461141857E-018   2.8915583633549731E-017  -1.8568058840782708E-016  -2.1950709607307047E-014  -1.2160365159995685E-017   9.6420169740755279E-018   1.3965430304210411E-016  -7.0481787950970347E-018  -1.1231040448003371E-017   9.4289619189490380E-019   6.4234299829548667E-018   1.3697096831317338E-016   3.6754455256761188E-020   3.8499494656236769E-016   4.7538156138038851E-016   9.1262533231031845E-016  -3.4887528171781132E-015   6.4967947401087703E-016   2.5430681510414026E-016  -1.1943021461152153E-015  -2.3811352254276635E-014  -2.0535106106089445E-017  -3.3169845045913771E-017  -1.5141002102779793E-005   3.6958836117594049E-015   6.8816278046885602E-015  -2.6347615140349392E-014   5.0160682450219270E-015   1.9617276741391402E-015  -8.7513990756970252E-015
   1.0053705526889310E-016   4.2925511513018452E-016  -4.0974767736009116E-016  -9.3024860583780862E-006   6.6858136466585444E-015   2.4554762554371977E-014  -2.6901836368846300E-014   1.6375729238628224E-016  -7.2722872014037584E-018  -6.2211746918878225E-019   1.9510284695509301E-016   1.9377022770414419E-017   2.0856491729736787E-016  -4.4282972213978814E-014  -8.2385178730582979E-014   7.6246391648540274E-014  -6.2850821440087520E-003   8.5155376545826901E-017   2.0854723941683296E-016  -2.7312126857165675E-016   3.2084768668050861E-005   2.9384518579011836E-003   2.6895596051049274E-018   3.4383866323368882E-018   3.1786274872020259E-018   2.0792176662291733E-019  -3.8543450745505918E-018  -3.2016307170441709E-020  -4.9634429001938405E-018  -2.2192443442109189E-018   3.2946524643265516E-018  -5.2784459293987049E-018   2.2450802110575242E-015   1.1651199293639956E-016  -1.3559835860504030E-016   1.3454456537809872E-015  -2.0255370885347556E-016  -8.3837647113112938E-016  -4.5461923268730912E-003   4.1963377054688584E-018   1.3991802664604932E-018  -5.2080124519205498E-018   8.5203426686091703E-019   3.6178603146541119E-018  -1.8704168124723298E-018   7.5258157499064076E-018  -2.3664601786460884E-018  -4.6491168587593464E-019   4.1628776003672905E-018   1.2602074417044591E-014   1.1221305874452217E-015  -1.2863436012662652E-015   4.9759047417907918E-015  -1.7576326396562298E-015  -1.6132290459770401E-014  -4.5108015974474648E-003  -1.0859300734153357E-017  -5.2016608491615007E-017   8.8210795867714665E-017   9.2080120933073174E-014   8.4014015245562501E-015  -9.6733897229892149E-015   3.3239380706158530E-014  -1.3307313802209564E-014  -1.2476854406867933E-013
  -3.7690916178185783E-015   3.1187546872215845E-015   1.5747006752084630E-015  -1.0949668963592719E-003  -9.3220056582850970E-015   7.1440553876342586E-015   1.6348275566941088E-014  -2.2245552956430878E-015  -2.7049169358085954E-015  -5.1526642263719173E-016  -7.7256234557747802E-015   2.0251936932908933E-016  -2.4699261402230632E-015  -9.1002544805598312E-015  -7.6117758555979644E-015   1.6342088331793915E-014   1.6049859396896464E-003   1.3002487661906672E-014  -8.1499441587578510E-015  -1.1326582722030942E-014   2.9384518579011836E-003   1.9257924952792345       -5.9795099249339102E-016   1.0058465407954161E-015   1.0295239889730686E-015  -9.4767106893359602E-016  -2.0288608269073122E-017  -6.6967257849347794E-016  -1.2239963220227025E-015  -4.0990906429683459E-016   3.9211253115150245E-016  -1.9668395656992506E-015  -5.1727839292229201E-014   3.9339656794279270E-015   9.8070348621743257E-016  -3.2254856974350583E-014  -6.3087776500547077E-016  -4.6238917124837856E-014  -1.4238069232079587E-002  -2.2748760107624364E-015  -4.5657754201660868E-016  -1.7505419917561313E-015   4.5687677463601497E-016  -1.0207435683450964E-016  -8.2619719155737345E-016   2.2747170051657820E-015  -5.8757094474594412E-016  -1.5057236524357199E-015   3.3364021479944513E-016  -8.8884447846486891E-015  -3.4062927609132286E-015   1.0062914563470490E-015  -2.6963184288137243E-014  -7.5686372119726786E-016  -1.4173946715508212E-014   5.8309422006183831E-002   6.2707868597434349E-015  -2.1526005667496996E-015  -1.1275503534678343E-014   1.8180651975925341E-014  -5.2514367970407064E-015   9.0252837949616439E-015   2.4831900008259688E-014  -5.5818231843704313E-015   1.2089143458133797E-014
   7.2736147756670357E-017  -1.2343044676933967E-017  -9.9069969727321443E-018  -6.5595544869165229E-019   5.0314546625936375E-015  -8.1561297591422876E-016  -6.4502822934373939E-016  -2.9426981712176051E-020  -6.9086994778302018E-021   2.2901579658302396E-020   3.5689380448739200E-020   3.6698808971942795E-021  -6.2623986269799365E-021  -3.0203481734035601E-014   8.6899521189805751E-016  -3.7356505382886334E-016  -8.2101794331165342E-016   7.6479658974567499E-017  -1.1785891092843637E-017  -9.1597543993153387E-018   2.6895596051049274E-018  -5.9795099249339102E-016   4.7338670144562028E-028  -4.9267419692175456E-029   3.8345259166703873E-029   2.7336881753623344E-028   3.1863138559913469E-030   2.3173413797032759E-028   2.8228353446710117E-029  -3.7437119322912060E-029  -1.9342189629156189E-029   7.9142067135500931E-030   5.6477532921755541E-018   1.3259474014476635E-018  -4.3953699674102190E-018  -6.8496598549403357E-018  -7.0433938075889542E-019   1.2019065632235573E-018  -5.8601981160889034E-016   9.8582674538786708E-028   2.7324521206828052E-029  -1.4214116268119861E-029   4.0678548912641400E-028   4.2044451935785224E-030   4.5656720223579898E-028  -6.6706504948847404E-029   3.2027589214836360E-029   3.6033163660454230E-030  -9.1186724184919944E-030   5.4278243715600025E-017   1.2743137401033956E-017  -4.2242100526714638E-017  -6.5829275422721565E-017  -6.7691173098517321E-018   1.1551031707335693E-017  -6.1837280698133896E-016  -3.0610624836950952E-019   4.5483801718800148E-019   4.6645126602910056E-019   4.0860488645404753E-016   9.5929931670481820E-017  -3.1799718464989175E-016  -4.9556068450661492E-016  -5.0957699078571964E-017   8.6955798052613597E-017
