   2.9753984038552093E-002   1.5019164704236348E-017  -4.6555330707785222E-017  -2.2019850577722063E-017  -1.2022198177599527E-017   1.9840845467168196E-017  -1.4477696352505602E-017   1.9912290928219286E-017  -6.3294426172960489E-018   4.0061388603971986E-017   4.0999030191427172E-002   7.2808128702829234E-017  -5.3902776836578145E-017  -3.5850842026915409E-016  -1.2948838378230543E-015   5.5504482429064685E-019   1.8356734447880730E-017  -6.0186559154975222E-016  -2.9095680903917186E-018  -6.1727546864225557E-016  -1.2541798254260307E-017   1.6421149322862322E-017  -6.1804753140982971E-018   4.3703048100646409E-017   1.0731134684988760E-017  -1.2014861145242567E-017   6.1635403901158527E-018  -3.5572027320520413E-019   5.8518625297920092E-020   5.1226273192380368E-018   3.5688226368444653E-002  -4.7912418661440084E-018  -5.2815045360138040E-017  -5.9546458406019991E-016  -3.0413996237905367E-015  -3.1022497018797947E-015   4.4928595839750252E-018   1.3737358096744340E-017  -1.3934578755981141E-015   4.4657715998177163E-019  -1.3645504466649365E-015   1.2914227607216788E-017   1.5188767825435898E-017   6.8124193486670291E-018   2.6227773738324843E-017  -2.4089325332322182E-016   8.1286827627568385E-018   1.6641763435915814E-018  -4.4176764979540967E-019   1.4094744114956733E-017   5.4438156999477700E-019   7.5803829766973793E-018   2.3749252532041513E-002   2.0623558199747732E-017   1.1934835398969682E-017
   1.5019164704236348E-017   2.9753984038548939E-002  -1.2014767074759940E-016  -3.5388698072790465E-018  -6.8513265978928189E-018   3.4420064937230863E-018  -2.7484500959310726E-018  -9.0149380825787403E-018  -2.2080906306569793E-018  -1.0831827240636539E-017  -2.2757234193875657E-017   4.0999030191428719E-002  -7.6281528475196877E-017   5.6272612587156605E-016  -7.2349241167614941E-018  -1.3802968318642589E-015  -1.1435398283960714E-017   9.7279836524701003E-019   2.2638715295093852E-018  -7.7746106082092326E-018  -3.1714049158539239E-015  -1.4521866631203822E-017  -1.4185104841209478E-015  -1.4060664600057864E-017  -1.8047759585921566E-017  -9.7051579620397221E-020  -1.3733794959334052E-018  -1.6700022832347692E-017   1.9468857266141434E-018  -1.7828393085991846E-017  -1.3670405907901623E-017   3.5688226368443786E-002  -7.2660744970005014E-017   9.2064374918499015E-016   1.6599391555060098E-015  -9.5219724382665723E-018  -1.7153478659835854E-015  -1.1844088970851056E-017  -5.6327862010343474E-018  -1.5559427756533338E-019  -1.6222108049563078E-018  -3.7438894400680364E-015  -1.1263394246461809E-017  -1.6844392948412890E-015  -2.3727553840096983E-017   2.5120744182556022E-016  -1.8380977428363270E-018  -9.5711262534008383E-020   1.2798600114694139E-018  -9.4743754137382937E-019   8.3134772492961251E-022  -1.9356825887308902E-020  -2.3427378427316708E-017   2.3749252532039900E-002  -6.9327952666869370E-017
  -4.6555330707785222E-017  -1.2014767074759940E-016   2.9753984038551159E-002   8.7246326190590783E-017  -3.5724658608184704E-017   4.4200306986825439E-018   1.3700335086635482E-018  -4.9104175774730329E-017   1.3375688503187915E-018  -6.1429407589041679E-017  -1.2030211308830637E-016   7.4894653196219677E-017   4.0999030191428816E-002   7.0424332706938716E-017   4.0246794816482251E-017  -3.2168756619233480E-017  -9.3571148878316381E-016   1.6240060614139843E-017   2.3939732547308236E-018   1.5284252769380287E-017  -9.2359399235001196E-017  -9.4457025658825196E-016  -3.5489304390004659E-017  -2.0414962228840676E-015  -4.7319326038412365E-017  -1.4566663905742774E-018  -1.5211273769007562E-018  -4.5735824433305984E-017   6.8134322009414130E-019  -4.4985521912756631E-017  -4.7655908850590733E-017   1.6043933398259433E-016   3.5688226368441378E-002  -2.4154007311972860E-016   3.2430270017531218E-015  -4.0133486914681877E-018  -4.2807163949270996E-017  -8.9101989764373701E-016  -1.0311036630041418E-018  -7.9185640123429164E-019   3.2364528661630077E-018  -9.7683302204391596E-017  -9.2375179512006497E-016  -4.3466013860604250E-017  -1.9416452435677204E-015   4.1833225591918260E-017  -6.6698461111371013E-018  -4.2324085489944349E-019   4.0881712283513920E-019  -5.4589606744991014E-018  -2.7534893044126442E-019  -3.2507375548327591E-018  -3.1191211835771098E-017  -4.3385027558365282E-017   2.3749252532041340E-002
  -2.2019850577722063E-017  -3.5388698072790465E-018   8.7246326190590783E-017   1.6146186879045022E-005   2.6777599657581099E-017  -2.8881983999705653E-018   2.9810489268017874E-019   1.6539965021401134E-017   8.9446623374378910E-019   2.1825678846346347E-017  -3.7433472728876401E-017  -1.3578713353958831E-017   1.2816441985147018E-016   1.9210911337845667E-003   1.6925321360148234E-018  -5.2028255599949376E-019  -2.7646790986817995E-020  -1.7612445775086363E-018   1.5518165586849312E-018   2.0830640675669661E-018   3.2285503434083210E-018  -5.5961531855947975E-019  -1.3976409534824657E-018  -1.0424199712225277E-018   5.2048970700750236E-017   5.6672448234443588E-018  -3.8359704555425165E-019   5.5409487821234776E-017  -1.0184461232431110E-018   5.1453046996314342E-017  -2.3329416192044567E-017  -6.1464284867926001E-018   1.1411023372066821E-016   3.2685870710583132E-003  -1.7028128550231835E-003  -1.7969181645390154E-018   6.0910666124464294E-019  -4.1748071061114685E-019   2.4788117678945018E-018   4.8785414083744983E-020   1.0775587530228249E-018  -5.2454075745817038E-019  -3.4213432824115636E-019   1.3371866970616927E-018  -1.3564217616063882E-019   6.9464580824529006E-004   1.6326692337298566E-017  -2.8612541622096824E-018  -1.9866124448290474E-019   1.9455916270326507E-017   1.9473767709998360E-019   2.3307778475555913E-017  -1.6186416172012027E-017  -4.8574002267118211E-018   7.1389204049396781E-017
  -1.2022198177599527E-017  -6.8513265978928189E-018  -3.5724658608184704E-017   2.6777599657581099E-017   4.4622609763659716E-029  -4.4799591012056887E-030   5.0382009634282069E-031   2.8682438282316921E-029   1.4003807730663479E-030   3.6473664525428412E-029  -1.6565797219368386E-017  -9.4406767737362033E-018  -4.9226226476339345E-017   3.2516805862487916E-015   3.2392979495336452E-030   1.8036406722502644E-031   1.1072081337461450E-030  -2.3220957616820669E-030   2.2711035658422382E-030   3.5747396386843590E-030   6.0674083719229648E-030   2.8313167547923728E-031  -1.2655979208135946E-030   9.4535246631450803E-031   9.2526685319183698E-029   8.7025305934081696E-030  -6.2164077910013459E-031   9.6472735687049678E-029  -1.6817257007665192E-030   9.1681814105882351E-029  -1.4419948920199377E-017  -8.2177799864743158E-018  -4.2849713896864754E-017   5.5284910717418702E-015  -2.2890011167314449E-015  -1.0813078941790809E-030   1.5310645255056877E-030   4.6652866637640855E-031   4.2004443302295036E-030   4.0828398897668111E-032   2.0565828080187956E-030   5.1979236390028259E-031   6.3983098068980692E-031   2.6169445320501199E-030   2.0238241653426491E-030   1.1966217684907412E-015   2.9479913748057396E-029  -4.0695938313954983E-030  -3.9305712291299575E-031   3.6238112469769825E-029   2.5019859859018957E-031   4.1574791499552879E-029  -9.5959660440773998E-018  -5.4686419587422093E-018  -2.8514969215799357E-017
   1.9840845467168196E-017   3.4420064937230863E-018   4.4200306986825439E-018  -2.8881983999705653E-018  -4.4799591012056887E-030   1.1711709745720861E-030  -5.4022779938994151E-032  -5.8538789284108368E-031  -3.3122275614144063E-031  -3.4593681240292459E-030   2.7339378191441590E-017   4.7428582327778595E-018   6.0905111674255729E-018  -2.1393970149625214E-016  -1.2484473853781574E-030   1.2861880911921069E-030  -5.5250323756898702E-032   6.5781027594014527E-031  -8.7214084898888826E-031  -1.0056344266224740E-030  -1.2296207796384402E-030   1.2789143233915941E-031   1.4210455255128984E-030   3.7973998624530071E-031   2.8366113811397792E-030  -2.4106651733509951E-030   1.0174384295102016E-031  -9.9064085488008819E-031   1.9954005172535798E-031   3.2243710422684624E-030   2.3797975540220016E-017   4.1284927339634378E-018   5.3015776282413754E-018  -3.7188513558881619E-016   1.3615798504761550E-015  -4.8792687777503108E-031  -1.5996720433672530E-031   1.3166627576458774E-031  -2.3139849736561931E-030  -8.9337678618392394E-032  -1.6522459861275541E-030   4.7579757886618411E-031   1.3365130191743659E-031  -5.1106629742188222E-031  -4.0225562734459429E-031  -3.6169023276484086E-017   1.8207958723308681E-030   1.8479247746194224E-030  -8.8973485905283998E-032   4.3721376559993794E-030  -1.7848067296995666E-031   1.6024871731840687E-030   1.5836711105258787E-017   2.7473659100719481E-018   3.5280124210035769E-018
  -1.4477696352505602E-017  -2.7484500959310726E-018   1.3700335086635482E-018   2.9810489268017874E-019   5.0382009634282069E-031  -5.4022779938994151E-032   1.2993889680317549E-032   3.2780903044586976E-031   1.7494690022972932E-032   3.8771299227189028E-031  -1.9949311967419415E-017  -3.7871831992894883E-018   1.8878159345716931E-018   3.7306287155005974E-017   6.6259750724465762E-031   1.3537137723385844E-031  -5.0509578021198071E-032   2.7150183229498965E-031   2.1563696564088705E-032   3.3707925809393663E-031   3.5068088377707225E-031  -5.8223793315008493E-032   1.2564759506261457E-031  -1.2656917955362388E-031   1.1273508622751427E-030   9.0748675575258226E-032  -9.6080127849074866E-033   1.1491343335724315E-030  -1.8739584504067544E-032   1.1231954329223286E-030  -1.7365180543632755E-017  -3.2966109365011147E-018   1.6432779531704777E-018   6.3362063148654518E-017  -1.6464845841771754E-017   1.4948758590130876E-030   1.6767578105385955E-031  -5.1753378277146745E-032   7.1094282945446209E-031  -4.8295419933001770E-034   6.7636702181037229E-031   3.3699667554416257E-031  -5.2356009451780518E-032   1.7390407862040237E-031  -1.0464333167127424E-031   1.4073065914447656E-017   3.6445348263490805E-031  -3.4733789726103309E-032  -5.3149736936010402E-033   4.6331192770956018E-031   1.2782174989711370E-033   5.0819369518562121E-031  -1.1555913531188485E-017  -2.1937779934078775E-018   1.0935433632165586E-018
   1.9912290928219286E-017  -9.0149380825787403E-018  -4.9104175774730329E-017   1.6539965021401134E-017   2.8682438282316921E-029  -5.8538789284108368E-031   3.2780903044586976E-031   2.5800894659614614E-029   2.9297129656568926E-031   2.4074223044380835E-029   2.7437825330860891E-017  -1.2421990888459822E-017  -6.7662319859586519E-017   2.4477129238443037E-015   4.7983823188219330E-031   4.9590441133724431E-030   1.7827927167380827E-030   5.0904480017422340E-031  -6.1130752376784894E-031   8.7385153681335179E-031   3.4388167784944642E-030   1.5885299320340433E-030   4.0259449194554861E-030   4.0697753420758433E-030   9.8348630329547147E-029   6.6307753208754172E-031  -2.7714363097883693E-031   8.9873001125105970E-029  -9.8208719997039893E-031   9.8782987190005962E-029   2.3883670342759947E-017  -1.0812909981129652E-017  -5.8897690420685755E-017   4.1354321705146069E-015   2.1654781893383391E-015   7.5717963150439697E-031   1.7751014663282090E-030   1.7272057026205197E-030  -1.8690931952657515E-030  -2.4715475905107999E-031  -1.8481781890223427E-030   3.8036476185751326E-030   1.9305589963831459E-030   1.6786530169396689E-030   2.5248518796823221E-030   1.0374270418778030E-015   3.4264444231495244E-029   2.0092879082550514E-030  -6.6511232102731823E-031   4.8963978781625481E-029  -3.3223918386562105E-031   4.5219607652146066E-029   1.5893737965754353E-017  -7.1956091932646794E-018  -3.9194330054787954E-017
  -6.3294426172960489E-018  -2.2080906306569793E-018   1.3375688503187915E-018   8.9446623374378910E-019   1.4003807730663479E-030  -3.3122275614144063E-031   1.7494690022972932E-032   2.9297129656568926E-031   9.4652881399696866E-032   1.0869056821531222E-030  -8.7215550235307057E-018  -3.0426034481436091E-018   1.8430817737321395E-018   7.2605021422697104E-017   3.9434477708389375E-031  -2.8184340299346215E-031  -6.4354060630641085E-032  -1.6224555488864159E-031   2.4121108651975365E-031   3.0606013740783401E-031   4.8134125602268342E-031  -1.1729613363853918E-031  -3.2302223246582631E-031  -2.8007395148352754E-031  -2.8750591965566972E-031   6.7854916264092670E-031  -3.0194551635155698E-032   7.4037551911687473E-031  -6.0978108207681197E-032  -3.9342819909913746E-031  -7.5918095747931896E-018  -2.6484802225753021E-018   1.6043384257973877E-018   1.2558738192219569E-016  -3.6994046164400808E-016   2.3210050883631967E-031   1.1884424322080900E-031  -1.1256803715112343E-031   6.7937209088901100E-031   2.3645136290238788E-032   4.9361256307301570E-031   2.7575603237234368E-032  -1.1524720224190392E-031   2.1526125268291650E-031  -5.8768396831258894E-032   1.5513111826761873E-017  -3.3261429436916614E-031  -5.0699339472295666E-031   2.1455391347280315E-032  -9.7064677695861292E-031   4.8199567327374667E-032  -2.1433931668252234E-031  -5.0520807872475791E-018  -1.7624699244698991E-018   1.0676304848474946E-018
   4.0061388603971986E-017  -1.0831827240636539E-017  -6.1429407589041679E-017   2.1825678846346347E-017   3.6473664525428412E-029  -3.4593681240292459E-030   3.8771299227189028E-031   2.4074223044380835E-029   1.0869056821531222E-030   2.9974355298994952E-029   5.5201954761971898E-017  -1.4925544474725738E-017  -8.4645677470326585E-017   2.6836345329626229E-015   4.0550876616043922E-031   7.7454991889705650E-031   1.9687846767814080E-030  -2.7287810693606258E-030   1.6910222576307965E-030   1.8068816757230637E-030   5.5164549821532156E-030   1.3273599431668907E-030  -4.0820812422427546E-031   3.1835482447415110E-030   7.8605778198116638E-029   6.7183370789091593E-030  -4.8691540515123829E-031   8.0975567238066438E-029  -1.3673519577573614E-030   7.7978182631728842E-029   4.8051377028380110E-017  -1.2992166092681965E-017  -7.3681111103514896E-017   4.5607200682621801E-015  -1.5944914092461647E-015  -5.7503511282036600E-030   1.6431574817182232E-030   1.4195501206871554E-030   8.4934570197872705E-031   1.4188331527639004E-032  -7.5470426378301621E-031   1.4223230346598805E-030   1.6036285564752467E-030   2.4694197722008453E-030   3.7670076710963907E-030   9.9793554791957462E-016   2.5264925547818048E-029  -2.9711833596020989E-030  -3.5370564733305556E-031   3.1579048292710142E-029   1.6820037699125340E-031   3.5382484650193739E-029   3.1976492072702238E-017  -8.6458270659862531E-018  -4.9032173702706410E-017
   4.0999030191427172E-002  -2.2757234193875657E-017  -1.2030211308830637E-016  -3.7433472728876401E-017  -1.6565797219368386E-017   2.7339378191441590E-017  -1.9949311967419415E-017   2.7437825330860891E-017  -8.7215550235307057E-018   5.5201954761971898E-017   5.6493963109598901E-002   4.0449493707485348E-017  -1.5164741433441508E-016  -7.8146120990065592E-017  -1.7842646380569199E-015   7.6481520860074247E-019   2.5294370961199519E-017  -8.2933114191218148E-016  -4.0091931832595024E-018  -8.5056493753912835E-016  -1.7281771900359079E-017   2.2627262150633162E-017  -8.5162878917759471E-018   6.0219921682234427E-017   1.4786796765464996E-017  -1.6555687272058227E-017   8.4929526820016172E-018  -4.9015910609102473E-019   8.0634811199054790E-020   7.0586430325319821E-018   4.9176025249677853E-002  -5.8721406101351946E-017  -1.4012677804666797E-016  -1.8952714151309492E-016   6.8221327454358431E-015  -4.2746957524718970E-015   6.1908645743264748E-018   1.8929174615043712E-017  -1.9200931693082087E-015   6.1535391163574420E-019  -1.8802606362917098E-015   1.7794955017843085E-017   2.0929121620784544E-017   9.3870651470004010E-018   3.6140144659561904E-017   2.1845045019338074E-016   1.1200789432976212E-017   2.2931253867310183E-018  -6.0872672339017083E-019   1.9421629008163063E-017   7.5012194652351377E-019   1.0445268442803207E-017   3.2724905690726475E-002  -6.2656438829979764E-018  -2.8374192011437188E-017
   7.2808128702829234E-017   4.0999030191428719E-002   7.4894653196219677E-017  -1.3578713353958831E-017  -9.4406767737362033E-018   4.7428582327778595E-018  -3.7871831992894883E-018  -1.2421990888459822E-017  -3.0426034481436091E-018  -1.4925544474725738E-017   4.0449493707485348E-017   5.6493963109609170E-002   2.2621426578004978E-016  -1.0911835097712346E-015  -9.9692488882014785E-018  -1.9019581179252483E-015  -1.5757225616842762E-017   1.3404520717333532E-018   3.1194658526302811E-018  -1.0712901325739128E-017  -4.3699870822637440E-015  -2.0010175702101046E-017  -1.9546140137060248E-015  -1.9374669681311043E-017  -2.4868623952857821E-017  -1.3373068418852464E-019  -1.8924264846385380E-018  -2.3011531478154464E-017   2.6826802952274792E-018  -2.4566351365028571E-017   4.3669065940025512E-017   4.9176025249683730E-002   1.8828751853380108E-016  -1.8567403558929785E-015  -3.5684009732432052E-015  -1.3120650833617121E-017  -2.3636363740448411E-015  -1.6320374464038117E-017  -7.7616083687751440E-018  -2.1439866591429739E-019  -2.2352996386325907E-018  -5.1588330486382341E-015  -1.5520215382606191E-017  -2.3210463988739476E-015  -3.2695006322479806E-017  -5.9274172324823282E-016  -2.5327776191878667E-018  -1.3188381553933350E-019   1.7635627949211882E-018  -1.3055065269498343E-018   1.1455424071645445E-021  -2.6672431140973128E-020   9.3142566323227443E-018   3.2724905690728959E-002   9.6394608152064051E-017
  -5.3902776836578145E-017  -7.6281528475196877E-017   4.0999030191428816E-002   1.2816441985147018E-016  -4.9226226476339345E-017   6.0905111674255729E-018   1.8878159345716931E-018  -6.7662319859586519E-017   1.8430817737321395E-018  -8.4645677470326585E-017  -1.5164741433441508E-016   2.2621426578004978E-016   5.6493963109605222E-002   4.4329136308863233E-016   5.5457432310620029E-017  -4.4326427753142617E-017  -1.2893487987821011E-015   2.2377733837825959E-017   3.2987374605402906E-018   2.1060693584206800E-017  -1.2726516868436919E-016  -1.3015555973146642E-015  -4.8901923865849840E-017  -2.8130473273517130E-015  -6.5202914486147245E-017  -2.0071903395639813E-018  -2.0960133328622144E-018  -6.3020953575221605E-017   9.3884607907143975E-019  -6.1987086122301297E-017  -5.3375639999067832E-017   3.2815637504799815E-016   4.9176025249676861E-002   2.9270242275995803E-016  -1.2508373108450699E-015  -5.5301301485298531E-018  -5.8985452331083190E-017  -1.2277667299050638E-015  -1.4207929316314645E-018  -1.0911259634812239E-018   4.4596188732610474E-018  -1.3460115630524439E-016  -1.2728691286667210E-015  -5.9893304112254044E-017  -2.6754592547651790E-015  -7.3871115001682087E-018  -9.1906086166073597E-018  -5.8319802033942116E-019   5.6332306759956853E-019  -7.5220882426507663E-018  -3.7941268966500737E-019  -4.4793022333670902E-018  -3.4799783949311342E-017   1.1477861123927275E-017   3.2724905690728584E-002
  -3.5850842026915409E-016   5.6272612587156605E-016   7.0424332706938716E-017   1.9210911337845667E-003   3.2516805862487916E-015  -2.1393970149625214E-016   3.7306287155005974E-017   2.4477129238443037E-015   7.2605021422697104E-017   2.6836345329626229E-015  -7.8146120990065592E-017  -1.0911835097712346E-015   4.4329136308863233E-016  0.25484831742887720        1.8368099638338632E-016   2.1303760058639977E-016   1.0463377198738688E-017  -5.9326403606277371E-017   6.4460410357454155E-017   2.0271603532323457E-016   3.3082873266861500E-016  -3.4406662205276461E-017   1.0608036205503895E-016  -2.9013124988945742E-017   8.6539752004136695E-015   3.9297755188218551E-016  -3.9684658915969467E-017   8.4016853855991646E-015  -1.1773261964374163E-016   8.6407113293317888E-015  -4.1498054143603523E-016   1.7230947728459500E-016   1.2865433384053112E-016  0.43200757258127820        1.1520277654958739E-002   4.1655810444861478E-017   1.0301846623849695E-016  -1.2891837495226637E-017   1.0439078855222990E-016  -1.0558416391724576E-017   1.6818094947946322E-017   1.0390082457899333E-016  -1.9245462496506943E-020   1.4388645682350104E-016  -4.7098458518970286E-017  0.10049448168935297        2.9021982126776432E-015  -6.9977251993529131E-017  -4.8842596124453043E-017   3.9038954384962349E-015  -5.9949162247071154E-018   3.9414925779018047E-015   2.1577758106755256E-016   1.8052041477057543E-017   7.4050159910003751E-017
  -1.2948838378230543E-015  -7.2349241167614941E-018   4.0246794816482251E-017   1.6925321360148234E-018   3.2392979495336452E-030  -1.2484473853781574E-030   6.6259750724465762E-031   4.7983823188219330E-031   3.9434477708389375E-031   4.0550876616043922E-031  -1.7842646380569199E-015  -9.9692488882014785E-018   5.5457432310620029E-017   1.8368099638338632E-016   5.6598470170804953E-029   2.8226113177466516E-032  -2.0739526865662475E-030   2.5928912778233178E-029   3.7293043243936120E-031   2.7134951755351306E-029   1.5663796909350129E-030  -2.0691231191366341E-030   2.3591455381621374E-031  -4.8332313807444612E-030   3.2716399039392852E-030   1.3044997090906832E-030  -3.1418163944615950E-031   4.5474831903455727E-030  -1.1117692883688270E-031   3.4175304187904650E-030  -1.5531401598250742E-015  -8.6778835836885850E-018   4.8273761327352650E-017   3.1359464567299428E-016  -3.2272855570534404E-016   1.3464536416728324E-028   2.0694415418629280E-031  -1.8687430144123238E-030   6.1031003141173710E-029  -4.3323360529483590E-033   5.9577557011578794E-029   4.9192352002758956E-032  -1.9710579952827250E-030   2.0473533382350812E-031  -3.7553904195814380E-030   6.0796599853399081E-017   7.0272653714609686E-031  -5.5508297703268659E-031   1.5620805810432855E-032   3.4858797995708661E-031   1.5994686747785662E-032   1.3220047205889871E-030  -1.0335598494733647E-015  -5.7748246310985689E-018   3.2124480959033899E-017
   5.5504482429064685E-019  -1.3802968318642589E-015  -3.2168756619233480E-017  -5.2028255599949376E-019   1.8036406722502644E-031   1.2861880911921069E-030   1.3537137723385844E-031   4.9590441133724431E-030  -2.8184340299346215E-031   7.7454991889705650E-031   7.6481520860074247E-019  -1.9019581179252483E-015  -4.4326427753142617E-017   2.1303760058639977E-016   2.8226113177466516E-032   6.6960975662347694E-029   1.6872876763619924E-030   1.5548415483609396E-030  -1.4152049217041443E-030  -2.0673198039577130E-031   1.4656025803497846E-028   2.0499452568534316E-030   6.8738581409972474E-029   3.8881103891958776E-030   2.4964893465732864E-029  -3.1204933304822888E-030   1.4015735960142594E-031   1.7968246586128636E-029  -2.2204380010078312E-032   2.5574439226118142E-029   6.6574497412458600E-019  -1.6555882307188302E-015  -3.8584609937662959E-017   3.4575567617782979E-016   2.2954690239731184E-015   3.1192014216801255E-030   7.9921912438363838E-029   1.9113671152815285E-030  -1.8372843994075115E-030  -1.6471284709476902E-031  -1.1540265729879867E-030   1.7554327713550836E-028   1.9583075242328267E-030   7.7986514383963235E-029   2.8808502881041350E-030   1.6434525654022690E-016   9.6081843269153980E-030   2.9272215361527150E-030  -3.1717595718975889E-031   1.6050705148085695E-029  -3.1119095764427407E-031   1.1478765858726286E-029   4.4302973617763651E-019  -1.1017354175712480E-015  -2.5676693366581894E-017
   1.8356734447880730E-017  -1.1435398283960714E-017  -9.3571148878316381E-016  -2.7646790986817995E-020   1.1072081337461450E-030  -5.5250323756898702E-032  -5.0509578021198071E-032   1.7827927167380827E-030  -6.4354060630641085E-032   1.9687846767814080E-030   2.5294370961199519E-017  -1.5757225616842762E-017  -1.2893487987821011E-015   1.0463377198738688E-017  -2.0739526865662475E-030   1.6872876763619924E-030   2.9449478800871355E-029  -8.0076827423265013E-031  -1.4351173066316266E-031  -8.8569222108582105E-031   4.0822468185086976E-030   2.9738618350174173E-029   1.8024024566786363E-030   6.4285420366084180E-029   2.7007585565845927E-030  -1.1851760170287191E-031   5.5941672312194416E-032   2.2965092381520934E-030  -1.8593088369460152E-032   2.6550103438749440E-030   2.2017868044580028E-017  -1.3716115530708475E-017  -1.1223331767597113E-015   1.6966711223637293E-017   1.1499252074699705E-016  -1.6472739942326466E-030   2.0231915322930152E-030   2.8054033184996984E-029  -9.2908116059166903E-031   1.6589549739622252E-032  -1.0031671536350211E-030   4.6067834244313977E-030   2.9085983601313966E-029   2.0082647377960154E-030   6.1070722416762732E-029   8.1509292950043269E-018   6.8981338108821614E-031   1.6083687924508923E-031  -2.6474094280070621E-032   9.7914480445387299E-031  -6.6043036083068641E-033   6.7852383833258330E-031   1.4652112520510713E-017  -9.1275898144743127E-018  -7.4687303775692380E-016
  -6.0186559154975222E-016   9.7279836524701003E-019   1.6240060614139843E-017  -1.7612445775086363E-018  -2.3220957616820669E-030   6.5781027594014527E-031   2.7150183229498965E-031   5.0904480017422340E-031  -1.6224555488864159E-031  -2.7287810693606258E-030  -8.2933114191218148E-016   1.3404520717333532E-018   2.2377733837825959E-017  -5.9326403606277371E-017   2.5928912778233178E-029   1.5548415483609396E-030  -8.0076827423265013E-031   1.3234536786484540E-029  -7.9615806067456254E-031   1.2009124363238520E-029  -5.5736858110335695E-031  -6.0318168371989943E-031   1.7690458497769542E-030  -1.3417934293262057E-030   8.1506934254405054E-030  -1.9844088180594560E-030  -4.9653675757890779E-032   4.2806978590630575E-030   1.3003203771062433E-031   8.6599884741691252E-030  -7.2190384476830303E-016   1.1668167941740380E-018   1.9479037115953144E-017  -1.1007029847727168E-016   1.4100116062761591E-015   6.4406611740517054E-029  -6.2120217710925973E-032  -5.0876115327465128E-031   2.6826385710573360E-029  -1.0834896356779781E-031   2.6849501970251112E-029   5.7116537737514023E-031  -5.4184250839645590E-031  -4.4944498812368214E-031  -1.7533031969007414E-030   2.6256264720141300E-017   3.5377116297450643E-030   1.8245795532915443E-030  -1.1324438956777750E-031   6.6749106568255154E-030  -1.9915792128937377E-031   3.9823534251534892E-030  -4.8040147852271074E-016   7.7647531197988777E-019   1.2962610323413305E-017
  -2.9095680903917186E-018   2.2638715295093852E-018   2.3939732547308236E-018   1.5518165586849312E-018   2.2711035658422382E-030  -8.7214084898888826E-031   2.1563696564088705E-032  -6.1130752376784894E-031   2.4121108651975365E-031   1.6910222576307965E-030  -4.0091931832595024E-018   3.1194658526302811E-018   3.2987374605402906E-018   6.4460410357454155E-017   3.7293043243936120E-031  -1.4152049217041443E-030  -1.4351173066316266E-031  -7.9615806067456254E-031   6.9946208593049792E-031   4.6761773300483660E-031   3.0661276667907527E-031  -2.7966682011933830E-031  -1.4902978742010576E-030  -7.0437088247121206E-031  -6.2605860420344596E-030   1.8324308133608773E-030  -6.4939663714329387E-032  -2.9535672173641392E-030  -1.1343477287294525E-031  -6.5807423865223710E-030  -3.4898628872592232E-018   2.7153862659052216E-018   2.8714359503690428E-018   1.1697882069246217E-016  -1.1430201575948895E-015  -1.0387977630656216E-030  -2.1557021164783758E-031  -2.8228702385182767E-031   1.2454934755054348E-030   7.9411011017028542E-032   7.4662159552159087E-031  -1.1050749711497816E-030  -2.9565038102907864E-031   6.5775324729521754E-032  -3.2025323461141412E-032  -1.4856252445662909E-017  -2.8214955486557713E-030  -1.5122298261957567E-030   9.6366554965954219E-032  -5.3998360577874379E-030   1.5203693075379777E-031  -3.1045273889147254E-030  -2.3223803322738900E-018   1.8069935301698145E-018   1.9108390764719455E-018
  -6.1727546864225557E-016  -7.7746106082092326E-018   1.5284252769380287E-017   2.0830640675669661E-018   3.5747396386843590E-030  -1.0056344266224740E-030   3.3707925809393663E-031   8.7385153681335179E-031   3.0606013740783401E-031   1.8068816757230637E-030  -8.5056493753912835E-016  -1.0712901325739128E-017   2.1060693584206800E-017   2.0271603532323457E-016   2.7134951755351306E-029  -2.0673198039577130E-031  -8.8569222108582105E-031   1.2009124363238520E-029   4.6761773300483660E-031   1.3162120722553233E-029   1.5495097557637177E-030  -9.4955661238374812E-031  -1.6749703785378214E-031  -2.2493620549992111E-030   2.2455532796450512E-030   1.4628714284747132E-030  -1.8801029804140101E-031   4.0296584666271822E-030  -1.3867932292205954E-031   2.1871656250368894E-030  -7.4038712355458260E-016  -9.3252071034511929E-018   1.8332599493212974E-017   3.4764856062610140E-016  -5.8745929694496231E-016   6.3689035521469388E-029   3.5913266007485379E-031  -8.5664000316994401E-031   2.9556656351670997E-029   2.4767965725994232E-032   2.8641361275009700E-029   3.0684146443012258E-031  -9.0070795751165616E-031   4.7512441833607601E-031  -1.4996436993867586E-030   5.8968237169012869E-017   2.8651900975798465E-031  -8.6839083268365090E-031   2.6703580695007084E-032  -5.1416673176376245E-031   6.3781732859935236E-032   8.4140322775349990E-031  -4.9270144689277721E-016  -6.2055955408667614E-018   1.2199696629306452E-017
  -1.2541798254260307E-017  -3.1714049158539239E-015  -9.2359399235001196E-017   3.2285503434083210E-018   6.0674083719229648E-030  -1.2296207796384402E-030   3.5068088377707225E-031   3.4388167784944642E-030   4.8134125602268342E-031   5.5164549821532156E-030  -1.7281771900359079E-017  -4.3699870822637440E-015  -1.2726516868436919E-016   3.3082873266861500E-016   1.5663796909350129E-030   1.4656025803497846E-028   4.0822468185086976E-030  -5.5736858110335695E-031   3.0661276667907527E-031   1.5495097557637177E-030   3.3907805583467711E-028   4.2957893296503527E-030   1.5047628099615993E-028   7.4160711384620991E-030   7.4803245154914785E-030   1.7238912773813226E-030   5.9721642918149713E-032   9.3314648234078085E-030  -4.2028514492658367E-031   7.2159602334019284E-030  -1.5043179917866475E-017  -3.8039213974287657E-015  -1.1077989229547837E-016   5.6611944501924458E-016  -7.7491464186049961E-016   1.4574425364803086E-030   1.8302556953181688E-028   3.8643580485071426E-030   2.0731884781354024E-030   6.1807284177188800E-032   1.1795042395645863E-030   3.9890755305866544E-028   3.9105922724802492E-030   1.7997059243573776E-028   8.5807615882404318E-030   1.0269515054147617E-016   1.5308872466223727E-030  -1.1100355076803949E-030  -1.2608508962922051E-031   7.7847289384960475E-031   9.8647527613728414E-032   2.2991943183971511E-030  -1.0010704232425216E-017  -2.5313751640918328E-015  -7.3720100585445540E-017
   1.6421149322862322E-017  -1.4521866631203822E-017  -9.4457025658825196E-016  -5.5961531855947975E-019   2.8313167547923728E-031   1.2789143233915941E-031  -5.8223793315008493E-032   1.5885299320340433E-030  -1.1729613363853918E-031   1.3273599431668907E-030   2.2627262150633162E-017  -2.0010175702101046E-017  -1.3015555973146642E-015  -3.4406662205276461E-017  -2.0691231191366341E-030   2.0499452568534316E-030   2.9738618350174173E-029  -6.0318168371989943E-031  -2.7966682011933830E-031  -9.4955661238374812E-031   4.2957893296503527E-030   3.0061287536556978E-029   2.1975563618679552E-030   6.4992828705967961E-029   2.7269358995241526E-030  -5.0127393131642981E-031   7.2950957966077370E-032   1.7547982858121678E-030   1.6967467862241944E-032   2.7408864904645599E-030   1.9696242812558733E-017  -1.7418160302687421E-017  -1.1329587692976334E-015  -6.0496008941674736E-017   3.2124041074680751E-016  -1.2049497398425445E-030   2.2149336344275898E-030   2.8359200542331315E-029  -1.0528201530822016E-030   3.7311797119414309E-033  -1.0288053792761601E-030   5.1572929616610213E-030   2.9400999448697325E-029   2.1407705505375484E-030   6.1632330824597898E-029  -2.2226294270918164E-018   8.2644889171069421E-031   4.4478241847525472E-031  -3.7829034713293781E-032   1.4531680616348565E-030  -3.3424681803713879E-032   7.3030912727055530E-031   1.3107153033009540E-017  -1.1591169687201893E-017  -7.5394399381622561E-016
  -6.1804753140982971E-018  -1.4185104841209478E-015  -3.5489304390004659E-017  -1.3976409534824657E-018  -1.2655979208135946E-030   1.4210455255128984E-030   1.2564759506261457E-031   4.0259449194554861E-030  -3.2302223246582631E-031  -4.0820812422427546E-031  -8.5162878917759471E-018  -1.9546140137060248E-015  -4.8901923865849840E-017   1.0608036205503895E-016   2.3591455381621374E-031   6.8738581409972474E-029   1.8024024566786363E-030   1.7690458497769542E-030  -1.4902978742010576E-030  -1.6749703785378214E-031   1.5047628099615993E-028   2.1975563618679552E-030   7.0615086348614605E-029   4.1714631833998722E-030   2.1922107288946325E-029  -3.3979387019940990E-030   1.6095760406083303E-031   1.4807198078775596E-029   3.0210119877260365E-032   2.2559128164772134E-029  -7.4131316931676830E-018  -1.7014233521712989E-015  -4.2567419781110417E-017   1.6393235380805876E-016   2.3670682461632168E-015   3.9068192170442938E-030   8.2092645545525651E-029   2.0419970806645312E-030  -1.6305635159693834E-030  -1.6557729865595756E-031  -8.9107114203255830E-031   1.8037185619653635E-028   2.0870398510903734E-030   8.0082009380767000E-029   3.1324712670454681E-030   1.2485510074272474E-016   8.6284856000673311E-030   3.0560557226460540E-030  -3.0550671737358353E-031   1.4836822534421953E-029  -3.1901560047604265E-031   1.0096735931002213E-029  -4.9331769759718397E-018  -1.1322370699361833E-015  -2.8327112465099202E-017
   4.3703048100646409E-017  -1.4060664600057864E-017  -2.0414962228840676E-015  -1.0424199712225277E-018   9.4535246631450803E-031   3.7973998624530071E-031  -1.2656917955362388E-031   4.0697753420758433E-030  -2.8007395148352754E-031   3.1835482447415110E-030   6.0219921682234427E-017  -1.9374669681311043E-017  -2.8130473273517130E-015  -2.9013124988945742E-017  -4.8332313807444612E-030   3.8881103891958776E-030   6.4285420366084180E-029  -1.3417934293262057E-030  -7.0437088247121206E-031  -2.2493620549992111E-030   7.4160711384620991E-030   6.4992828705967961E-029   4.1714631833998722E-030   1.4055395891300068E-028   8.8106089040947222E-030  -1.3008449392183121E-030   1.6037472254310922E-031   6.1098472875482828E-030   3.0620946962583530E-032   8.8890505232390840E-030   5.2419342283237057E-017  -1.6864974468230915E-017  -2.4486596227989553E-015  -5.5138694141139536E-017   8.8424948037338711E-016  -3.2369685651618542E-030   3.8254560276253672E-030   6.1320866304202077E-029  -2.8223930352113968E-030  -7.2608405663609494E-033  -2.6979467710358188E-030   9.1257770084083902E-030   6.3577809100759905E-029   3.6469792134650416E-030   1.3316773632856153E-028   1.9683137412861237E-017   2.8865962682191423E-030   1.1942889094909396E-030  -1.0762684338387429E-031   4.8857963321765356E-030  -9.8347836730936603E-032   2.9542496362931700E-030   3.4883218476470566E-017  -1.1223044077814082E-017  -1.6294963819857984E-015
   1.0731134684988760E-017  -1.8047759585921566E-017  -4.7319326038412365E-017   5.2048970700750236E-017   9.2526685319183698E-029   2.8366113811397792E-030   1.1273508622751427E-030   9.8348630329547147E-029  -2.8750591965566972E-031   7.8605778198116638E-029   1.4786796765464996E-017  -2.4868623952857821E-017  -6.5202914486147245E-017   8.6539752004136695E-015   3.2716399039392852E-030   2.4964893465732864E-029   2.7007585565845927E-030   8.1506934254405054E-030  -6.2605860420344596E-030   2.2455532796450512E-030   7.4803245154914785E-030   2.7269358995241526E-030   2.1922107288946325E-029   8.8106089040947222E-030   3.9840717375600028E-028  -8.0837060367128005E-030  -6.7318559481885536E-031   3.4814867914020531E-028  -2.9627907711124584E-030   4.0187934223810055E-028   1.2871391049052234E-017  -2.1647270117242390E-017  -5.6756863789232673E-017   1.4574475268250154E-014   1.4567466043682431E-014   1.7028954860091268E-029   5.9349308315626283E-030   3.5285703629662376E-030  -1.0354572408338222E-029  -1.3739218094508033E-030  -7.4565624638579412E-030   1.6318217474724017E-029   4.1897233136481866E-030   3.9788400820883853E-030  -2.2545920022585109E-031   3.9107656232329786E-015   1.4253309590673931E-028   1.6111287982211318E-029  -3.0029802878340180E-030   2.1157343159276400E-028  -2.1034659965757373E-030   1.8457720385244951E-028   8.5654555457179551E-018  -1.4405492706086134E-017  -3.7769685641981664E-017
  -1.2014861145242567E-017  -9.7051579620397221E-020  -1.4566663905742774E-018   5.6672448234443588E-018   8.7025305934081696E-030  -2.4106651733509951E-030   9.0748675575258226E-032   6.6307753208754172E-031   6.7854916264092670E-031   6.7183370789091593E-030  -1.6555687272058227E-017  -1.3373068418852464E-019  -2.0071903395639813E-018   3.9297755188218551E-016   1.3044997090906832E-030  -3.1204933304822888E-030  -1.1851760170287191E-031  -1.9844088180594560E-030   1.8324308133608773E-030   1.4628714284747132E-030   1.7238912773813226E-030  -5.0127393131642981E-031  -3.3979387019940990E-030  -1.3008449392183121E-030  -8.0837060367128005E-030   5.0060994274225273E-030  -2.0082183018823466E-031   8.2387775124588441E-032  -3.9439946074297741E-031  -8.9078579366126154E-030  -1.4411148563537665E-017  -1.1640789812726814E-019  -1.7471892107731085E-018   6.8571949348938542E-016  -2.8902403140443389E-015  -2.1128683566722914E-030  -1.0738097512162413E-031  -5.0222038824534962E-031   3.4728842269170480E-030   1.9217656410691300E-031   2.1217164467184150E-030  -1.9529858299162461E-030  -5.1659945263850548E-031   6.3710545932243429E-031   3.6841055157833656E-031   5.2758420219674498E-017  -4.5468724647408780E-030  -3.9006652923414248E-030   2.0029569674487808E-031  -1.0189600881675492E-029   3.8040840788200140E-031  -4.3307452474407313E-030  -9.5901097179508191E-018  -7.7465339431959876E-020  -1.1626926303309228E-018
   6.1635403901158527E-018  -1.3733794959334052E-018  -1.5211273769007562E-018  -3.8359704555425165E-019  -6.2164077910013459E-031   1.0174384295102016E-031  -9.6080127849074866E-033  -2.7714363097883693E-031  -3.0194551635155698E-032  -4.8691540515123829E-031   8.4929526820016172E-018  -1.8924264846385380E-018  -2.0960133328622144E-018  -3.9684658915969467E-017  -3.1418163944615950E-031   1.4015735960142594E-031   5.5941672312194416E-032  -4.9653675757890779E-032  -6.4939663714329387E-032  -1.8801029804140101E-031   5.9721642918149713E-032   7.2950957966077370E-032   1.6095760406083303E-031   1.6037472254310922E-031  -6.7318559481885536E-031  -2.0082183018823466E-031   1.1881515292990457E-032  -9.0329240737686024E-031   2.4863945198993750E-032  -6.4725285841792008E-031   7.3928192066142479E-018  -1.6472912762590174E-018  -1.8245065296716183E-018  -6.7882379441780634E-017   8.8993789383389770E-017  -5.4138760871446312E-031   7.4749324309414979E-032   6.7200480981839232E-032  -3.9042629304567712E-031  -4.7281232765711457E-033  -3.3360855685860639E-031   2.3064137918552818E-031   6.8243490624996678E-032   4.6166158125169402E-032   1.0199639459943416E-031  -1.2458051959021810E-017  -1.6824036305238582E-031   1.2965695099217490E-031  -1.1655314902724067E-033  -9.8779063866401343E-032  -1.1111042688884008E-032  -2.8716327717819288E-031   4.9196597345295749E-018  -1.0962140878004802E-018  -1.2141445717189760E-018
