 2.0073552654003980E-008 -2.4927223138157592E-015 -3.5825841796600364E-015  6.5483077297768893E-011 -7.4419398311817948E-008 -8.6431082711080140E-015  1.2571009437179278E-014  1.4156475570736703E-008  2.5764608586490132E-012 -5.3054738224329881E-012  3.1079127185818356E-013 -2.8584405899570895E-012  1.9441784995302806E-013  2.8198120606590068E-013  5.6790378149764330E-009 -1.0425479808509019E-013  1.1078444924072827E-014  4.9932070445813381E-008 -3.0119645655019395E-013 -3.5670496838364224E-014 -3.8155067323958939E-008  2.5676056993800699E-013  5.1083800125942179E-014 -1.8807803968753113E-012  3.5976078307638180E-008  1.6778564433966570E-012 -2.9248727633211828E-010 -2.0036118602224055E-004 -1.2799810395916330E-011  1.9627283573853632E-011  1.5596340387991682E-010 -3.2223022307359076E-010  1.8807482657100199E-011 -1.7252401361221237E-010  1.1698784232338031E-011  1.6560611723346429E-011 -2.2291038314169950E-014  6.7581694515271977E-015  3.6458632591137809E-015  2.0683400739866250E-014  1.0741897699609478E-014  9.2922729983022752E-015  3.4678717322149161E-015 -7.7885447996007315E-015 -1.1409764401594014E-014  3.0874578951970210E-015  1.7621418141892186E-013  6.5816322214043717E-013 -9.5878317430657013E-014 -4.5057789079166455E-013  4.7367407884644508E-014  2.7436307580389295E-013 -1.3418684906253295E-013  2.7179808255588995E-013 -3.3093624204902592E-014  1.8745701863056498E-013 -1.4482078263191706E-014 -5.3272457080298078E-014  2.3929437488073170E-009 -4.9409250262797881E-009  2.8813654403486418E-010 -2.6480126411051319E-009  1.7962317793224797E-010  2.5506889064961807E-010  1.8681103868283790E-014 -2.8788112982220547E-014  1.4672154339858493E-015 -3.7662469161195602E-014  2.6093474624089234E-015  4.8476325579586991E-015  4.2916095930149413E-014 -4.9581856032020789E-015 -1.8954681093592001E-014  2.2284214947521231E-015  1.9778623302178058E-014 -1.1927595774922176E-015  2.9196577724344139E-015 -7.5212382578170622E-016 -4.4212988025795686E-015 -8.3713864822916942E-014 -9.4253261262489669E-014  2.9995200651181925E-015  1.7631789323098856E-013 -2.3432513912788375E-014 -6.3894832299877768E-014  4.9837190562584851E-014  5.0364566918938069E-015  2.7390116055406253E-014 -5.9898374312456445E-015  2.2828643559765100E-014 -3.5464403581624341E-014  1.7648130950555587E-015 -4.6014971730712011E-014  3.2642333385239430E-015  5.9136749885682920E-015  5.2658139739220786E-014 -6.0392959249551226E-015 -2.3067804736713612E-014  2.7365834964820706E-015  2.4124541802460506E-014 -1.4586763738703531E-015  3.6372891029235759E-015 -9.7436143072983524E-016 -5.4371418581077060E-015  4.0244547658121488E-014  2.3042421534677286E-014 -6.8192556533512195E-015 -4.8754075139193843E-014 -7.4751270489254217E-015 -5.1439157475662546E-015 -2.0970618474722306E-014  1.1375602596350852E-014  5.0926402391809287E-015 -3.3961110852737234E-015
-2.4927223138157592E-015  2.0073531481565859E-008 -1.1985633014630030E-015 -2.7626207390164257E-010 -5.9061164911425172E-015 -7.4419268702086597E-008 -6.9552886364818497E-016 -5.9757671585770157E-008 -4.2738968384638492E-013 -2.2265280239199718E-012  2.0367838333257272E-013  1.4923430666948747E-012 -4.2619539058954211E-013 -1.0649532947583080E-012 -1.0402377534442495E-013  5.6795482345196624E-009 -2.3917824145343552E-014 -2.9862397159975269E-013  4.9932772744868169E-008 -7.1180219663760917E-014  2.5893202501036954E-013 -3.8155390435271933E-008  6.4699451217905883E-014  8.1281421985375146E-012 -1.5186144668052669E-007 -7.1839070344967739E-012  1.0758165779286938E-009 -1.0666938378543960E-011 -2.0036098405065732E-004 -1.1791557343733772E-012 -2.4289022309137136E-011 -1.3327845496263705E-010  1.2318906752633885E-011  8.6714710366692676E-011 -2.5524775333415311E-011 -6.2425686081032386E-011 -3.3549574355055584E-014  9.7553403599545507E-014  2.6951888480580242E-015  5.6441678200199409E-014 -9.2032309044252289E-015 -1.1430750392480236E-014 -1.2037041089583568E-013  8.3370703526379512E-016  6.3888683775204672E-014 -2.6312022549315752E-015 -1.1845848018436989E-012 -8.7438643125608635E-013  4.3520229663735768E-014  2.5307616927005263E-012 -2.6506825688262899E-013 -1.3461790649509750E-012  1.1182425689106947E-013  2.2564864596299630E-013 -1.6466622457376492E-014 -2.6883915768149382E-013  2.3298547070038582E-014  1.5701428074264687E-013 -3.7659053244053304E-010 -2.0476625732137580E-009  1.8912311953640405E-010  1.3387635574192802E-009 -3.9251147196688956E-010 -9.6217302292914251E-010  1.4402691185051425E-014  2.2999787641011557E-014 -7.7954138299859775E-016 -3.4987538261381954E-014  2.1103970695576185E-015  9.6858062474096366E-015 -3.0837025011104849E-014  2.0524520805224469E-015  1.0513825080069186E-014 -7.5064359014421566E-016  4.4049622709536995E-014 -6.7404677967404441E-015 -4.2391500176761310E-014  5.1682094115548043E-015  1.8619181910076035E-014  6.8871731537803876E-014 -2.1749219288076161E-013  2.2358969142535751E-015 -1.1986275203055779E-013  1.0408285264103416E-014  2.7461347630885552E-014  3.0891776739562825E-013 -1.7590514380819364E-014 -1.9702191788265614E-013  1.1444530149329345E-014  1.8011653052704532E-014  2.8436941925276891E-014 -9.9565707256808148E-016 -4.3635901828989670E-014  2.5279805140122188E-015  1.1994541600488564E-014 -3.8108805110191507E-014  2.6363000506288064E-015  1.2975522522163820E-014 -9.6967254528641072E-016  5.4564336099366193E-014 -8.1686106993293601E-015 -5.2213635038341664E-014  6.2851691862849089E-015  2.2896397366953513E-014  2.4677352465506592E-014 -1.1792883804570436E-013 -6.2053578300425858E-015 -3.8375324078707851E-014  1.0493555912268527E-014  5.2674545984891736E-015  1.3908961831364367E-013  1.0164956963856205E-014 -6.8715564101104099E-014 -2.9514405979205536E-015
-3.5825841796600364E-015 -1.1985633014630030E-015  2.0073534912723501E-008  1.4483950868275350E-011  1.2245991679535822E-014  8.9361934820075010E-017 -7.4419345159924340E-008  3.1359710980818325E-009 -7.5653260280133044E-015  1.9306956419918367E-013  1.4051973668906339E-012 -6.4405708394986361E-013 -6.0919806547381249E-012  6.5162411249744147E-013  1.1133830602263656E-014 -2.4204648917892488E-014  5.6790367352163693E-009 -3.4764446841468779E-014 -7.5569321839986730E-014  4.9931772008987761E-008  5.0531020346254420E-014  6.6552056998818431E-014 -3.8154722342783200E-008 -4.0288214020908963E-013  7.9692385618147721E-009  3.9001402672102012E-013 -4.2168478697433690E-011  1.8666497544398670E-011  2.4307599336213772E-012 -2.0036110293296028E-004 -5.1061286631798906E-013  1.1618458815180367E-011  8.5298215848414380E-011 -3.8842693928792618E-011 -3.6957140041883316E-010  3.9353310392261263E-011  1.2146525777214946E-015  1.7738282610326741E-015 -7.4924289823579632E-015 -7.9985841361606155E-015  1.7723428031353934E-014  6.3680569243973333E-015 -8.7374767451460528E-015 -2.3789109432556805E-014  9.9509667231043923E-015  2.3350599105908226E-014  9.4739537536661187E-014  4.7805235251503908E-014 -3.8719849865693553E-014 -5.1940281556771688E-014  4.9201677938511698E-013 -4.2801505813658734E-014  5.9319984903277729E-015 -1.4266090985701990E-014 -5.3027888902326301E-014  5.4727945870983643E-014  3.3449772260650371E-013 -6.0661165649563192E-014 -7.4806655648208157E-012  1.7839267174485168E-010  1.3082112536477138E-009 -5.9600824192182492E-010 -5.6677237517484657E-009  6.0348890881110153E-010 -7.4559250181599981E-016 -7.7657444272133031E-016  8.4276272894511782E-015  8.1791011123547105E-016 -1.1434795174959404E-014  4.9155325341939488E-016 -1.1959890800524286E-015 -2.3784505244434932E-014  2.6456492705639011E-015  9.2999755019440421E-015  4.2800408441506223E-015  4.7757022396348466E-014 -8.3360265652620475E-015 -3.9234005970011533E-014  4.4658648711100001E-015 -4.0919789053125381E-015  2.1719770558480913E-015 -3.7043738748264881E-014  5.0555182132698601E-015 -7.6374023067413726E-014  4.3439727017513818E-016  2.0456251352347215E-014  2.2493111857377748E-013 -2.9615633496597818E-014 -1.3998303332783656E-013 -8.8568778108144824E-016 -9.9747172715516296E-016  1.0331982697052861E-014  9.7828622371650818E-016 -1.4199787855466376E-014  5.7718480037989023E-016 -1.4611629075993447E-015 -2.9149071462061225E-014  3.2980365470500642E-015  1.1394188379792325E-014  5.2151515575831543E-015  5.8538692221045254E-014 -1.0139197748836783E-014 -4.7954605369138850E-014  5.4436093361814709E-015 -1.1119571825481449E-015 -5.9407652031889085E-015  1.1630436014548405E-014  1.1448433640126389E-014 -2.3108961514448110E-016 -9.9571324162625377E-015  7.8535435516199467E-015  1.5491164435769766E-014 -4.5962372470946841E-015 -2.0140911491973006E-014
 6.5483077297768893E-011 -2.7626207390164257E-010  1.4483950868275350E-011  4.8201524911225569E-006 -5.3439925932545380E-012 -2.1651050081300839E-011  1.0761714913188181E-012  8.0037981315796169E-004  5.7045785471722145E-011  1.0455580169603852E-010  7.0960804169285154E-012 -1.8274921178778878E-010  2.4627871920476778E-011  1.2570297856708384E-010  1.2146918271178132E-012 -3.0752473857453972E-012 -2.1325328434698259E-014 -1.5250100117295053E-010  5.8758174814600441E-010 -3.6997444615147725E-011  5.4082511234886870E-011 -2.5651799209196769E-010  1.8157527343417026E-011  1.6605058516562103E-007  2.0467646165173679E-003  4.0042828967225779E-009 -1.4869021485947507E-003  2.5309821232038262E-010 -1.4231524736818091E-009  1.0308307959755977E-010 -1.1207831901281727E-010 -3.4977544357194162E-011  1.2371603973914343E-011  1.8343191796936003E-010  7.5184100822210712E-012 -7.1356407576341349E-011  1.1187496277449121E-011 -1.6811346760505234E-011  8.8256071874566370E-013 -2.0331192177930549E-011  1.5707402553681051E-012  5.3215919910411304E-012  2.9296572668272448E-011 -4.4466573008730132E-012 -2.2494248850125563E-011  2.6565118621406743E-012 -2.3873428240464847E-012 -6.9738195808023247E-012 -1.0788464373805931E-012  1.1988868993593966E-011 -1.7840050517359316E-012 -9.5977847617761247E-012 -2.1759087097103954E-012 -3.7114337048110018E-012 -2.3163346414643624E-013  6.8225261917196893E-012 -9.7947466148819285E-013 -4.6430963018378695E-012 -5.4694906997528286E-010  4.9854278711747909E-010  1.2581107302666752E-010  3.0392105115735414E-010  3.4507760098401971E-010  2.4302927550989058E-010 -1.2055840748044861E-013 -5.5536609658362195E-013  3.3840067445358667E-014  3.5333487817571273E-013 -5.6925143063318533E-014 -1.4176038262229638E-013  7.5232291637140109E-013 -8.4341124620029623E-014 -2.6424662443479031E-013  2.9025175146392618E-014 -6.2483272043678922E-013  2.0872574757947910E-013  7.4338383135929215E-013 -1.6629727879593418E-013 -3.4263646810599458E-013  1.5452166984877538E-011 -2.3672969503349386E-011  1.1712837738704536E-012 -2.8153707859387289E-011  2.2392690747796152E-012  7.4224380027736292E-012  4.0887939151551056E-011 -6.0550872106199100E-012 -3.1184014585584937E-011  3.6401632775390636E-012  2.0567238581452255E-013  2.5059128462000957E-013 -2.1431795101927419E-014 -4.5760205659130991E-013 -1.3937892987982988E-014  9.6480716816720879E-014 -3.1742846551111132E-013  7.6549544959752606E-014  8.9671795124531662E-014 -3.5624943580180719E-014  4.3766607283227743E-013 -2.2704145240710545E-014 -3.1124424902857782E-013  3.3093489132239932E-014  1.2247686736047125E-013  8.1758782487266894E-012 -1.2504421567402354E-011  6.2206013551685029E-013 -1.4892199800164732E-011  1.1817403575231778E-012  3.9230998960693561E-012  2.1613767035650254E-011 -3.2081435928963665E-012 -1.6493492562263609E-011  1.9275471570636553E-012
-7.4419398311817948E-008 -5.9061164911425172E-015  1.2245991679535822E-014 -5.3439925932545380E-012  2.7589770708599097E-007  2.1417115123461951E-014 -3.9266454798679801E-014 -1.0366948131965615E-009 -6.1842568954124725E-012  1.0613823360436242E-011 -6.2707017929715196E-013  7.4997255187949101E-012 -5.3598001725487954E-013 -1.3154741185135176E-012 -2.1054101005222345E-008  3.8760352202211688E-013 -4.1659768877783913E-014 -1.8511496751295337E-007  1.1621232670375871E-012  1.2491459531431183E-013  1.4145365667186578E-007 -9.7403005565564819E-013 -1.8445636303814205E-013 -5.0805588967993212E-013 -2.6408370285217116E-009  5.5782241535547626E-013  8.7006539719746541E-010  7.4280621906852899E-004  2.2936672316398308E-011 -5.3205421751478157E-011 -3.7398715023869097E-010  6.4444000951782995E-010 -3.7870228250546077E-011  4.5227204881065977E-010 -3.2247279504438407E-011 -7.8284906087705174E-011  8.3437228473914578E-014 -2.6218630526253838E-014 -1.3454490123500556E-014 -7.8129947295255359E-014 -3.9714865010494024E-014 -3.4069045766702397E-014 -1.0814892147828488E-014  2.8563409454582660E-014  4.0724455181485581E-014 -1.1260357655365511E-014 -1.7320248820981894E-012  4.6503152817598375E-013  1.8716483442162556E-013  2.6606184594483384E-012 -2.3446062055299372E-013 -9.2859104671491519E-013 -2.8567613698367193E-014  4.0890093233608147E-013  4.0645216622501884E-014 -2.1213098016699499E-013  2.4987426374054944E-014  2.4070713687128887E-013 -5.7426645560047674E-009  9.8889563548774624E-009 -5.8019290933853911E-010  6.9469495671655401E-009 -4.9548654818676359E-010 -1.2042850051730364E-009 -6.9252444235410379E-014  1.0668356288843217E-013 -5.4369342114431830E-015  1.3962401139136344E-013 -9.6763277754701441E-015 -1.7976567731838261E-014 -1.5904299136390057E-013  1.8375216643699880E-014  7.0247550048121086E-014 -8.2592306072169356E-015 -7.3347773260292015E-014  4.4340088081941963E-015 -1.0782481615510697E-014  2.7782653084055900E-015  1.6370226968001224E-014  3.1128552994070822E-013  3.4798387577907031E-013 -1.1047011328777000E-014 -6.5536508597451755E-013  8.7002351442037761E-014  2.3732715706920066E-013 -1.8227300745813223E-013 -1.9041860719644296E-014 -1.0344069257575249E-013  2.2427565709722324E-014 -8.4626829529084022E-014  1.3149185768306483E-013 -6.5437384149998671E-015  1.7057698058008957E-013 -1.2101886599485997E-014 -2.1919607946539099E-014 -1.9523830236021557E-013  2.2392754850982230E-014  8.5524776162836791E-014 -1.0146728393987672E-014 -8.9418993410372862E-014  5.4052236091102770E-015 -1.3501669810580987E-014  3.6150713624808827E-015  2.0164499390166909E-014 -1.4879312985554346E-013 -8.6124043070106221E-014  2.5317366594197099E-014  1.8000855523553844E-013  2.7768192802999229E-014  1.9263451635663923E-014  7.8920906151115262E-014 -4.2347119182231197E-014 -1.9759555229572152E-014  1.2693267029333063E-014
-8.6431082711080140E-015 -7.4419268702086597E-008  8.9361934820075010E-017 -2.1651050081300839E-011  2.1417115123461951E-014  2.7589731613286276E-007  3.3084081453909744E-015 -5.1059351626044867E-009  3.7908343386355651E-012  7.1203741434643489E-012 -5.9965639825796857E-013 -9.2291744268022917E-012  1.4098504429608040E-012  5.4383398858483913E-012  3.8605062186841831E-013 -2.1056001302643860E-008  8.8740933697527939E-014  1.1532690140673554E-012 -1.8511778979591597E-007  2.7398685163436311E-013 -9.7734749633187670E-013  1.4145497010745358E-007 -2.4464800337431587E-013  2.8557310015079258E-012 -1.2952917243608277E-008 -3.2402468739664454E-012 -3.2176469675804912E-009  3.4675293540793799E-011  7.4280569256866943E-004  7.2072692998291006E-012  2.2500756504344295E-010  4.2705096744474931E-010 -3.6115333603530479E-011 -5.4908216350922114E-010  8.4714816107286720E-011  3.2407459173591924E-010  1.2092941099688725E-013 -3.5645887637776436E-013 -1.0262804134923663E-014 -2.0297700971850046E-013  3.3633660351678604E-014  4.0735213599713538E-014  4.3719611144588743E-013 -1.7225921971652929E-015 -2.2990931107373982E-013  8.9367942845147983E-015  3.6798844386198713E-012  3.5977619476537060E-012 -2.1156127250050221E-013 -8.1841336516492571E-012  1.0355375055793577E-012  4.5042564670343246E-012 -7.6147343396295667E-013 -6.6288688519295211E-013  3.6493158826707072E-014  1.5808946912140838E-012 -6.0593789254866106E-014 -8.1941924016110074E-013  3.4634253845342596E-009  6.5637567945797091E-009 -5.5474081792166737E-010 -8.4494310603638958E-009  1.3032214500844721E-009  4.9860056687663343E-009 -5.3374652137140344E-014 -8.5124722842713766E-014  2.8820350840230611E-015  1.2963828099916486E-013 -7.8055812643911018E-015 -3.5873284257175867E-014  1.1412777447423801E-013 -7.5909792503724460E-015 -3.8908221129657929E-014  2.7773461078761178E-015 -1.6315336347200819E-013  2.4928817734624553E-014  1.5696231590196570E-013 -1.9113619471893885E-014 -6.8935343211858788E-014 -2.5946892753459791E-013  8.1265147666401357E-013 -8.6018111311994912E-015  4.5191139778268541E-013 -3.9187611769736849E-014 -1.0379625874351536E-013 -1.1562039458592632E-012  6.6832577993270127E-014  7.3877183980598037E-013 -4.3402182183882248E-014 -6.6805056660370851E-014 -1.0548243568940427E-013  3.6956999351968552E-015  1.6184305900507689E-013 -9.3734367571015958E-015 -4.4485646389934213E-014  1.4135675461399186E-013 -9.7870091440125100E-015 -4.8128063831537233E-014  3.6003946143125977E-015 -2.0236942568593205E-013  3.0297052334317556E-014  1.9364580015611972E-013 -2.3313485531602700E-014 -8.4915593606934672E-014 -9.3406008896727097E-014  4.4011403799677359E-013  2.2860112865463709E-014  1.4576542409064788E-013 -3.9181488397852008E-014 -2.0449122820109312E-014 -5.2069526810869156E-013 -3.6933647358194853E-014  2.5860579597942905E-013  1.0490275390927308E-014
 1.2571009437179278E-014 -6.9552886364818497E-016 -7.4419345159924340E-008  1.0761714913188181E-012 -3.9266454798679801E-014  3.3084081453909744E-015  2.7589754247276271E-007  2.4653494272544148E-010 -1.3036829372810860E-013 -5.4213075656762551E-013 -3.0131749028875641E-012  1.6892424619739509E-012  1.2819201615663305E-011 -1.5588804865132745E-012 -4.1763675753441528E-014  8.9522632376911517E-014 -2.1054099400260906E-008  1.2236532017441394E-013  2.8657237193186515E-013 -1.8511387301970076E-007 -1.8329321850649306E-013 -2.4873499692268789E-013  1.4145239069912871E-007 -2.3756724951311716E-013  6.2580397720295410E-010  1.2006953702377383E-013  1.3209913699801446E-010 -5.2501842387233892E-011  1.7297034008830478E-012  7.4280599750437362E-004 -7.7775499837627020E-012 -3.2625419726939783E-011 -1.8288983179871613E-010  1.0176249672286209E-010  7.7720215251414147E-010 -9.3984960106065960E-011 -4.3229694344678252E-015 -6.8470005784957986E-015  2.7797524719031389E-014  2.9325549251683635E-014 -6.5671902577429318E-014 -2.3522341202737466E-014  3.2866316401903866E-014  8.8092394863682700E-014 -3.7256095563649359E-014 -8.6507953734940658E-014 -3.0021347723246927E-013 -2.3250934892584137E-013 -5.6064591149836163E-013  4.1583550053453296E-013  1.3071864355051305E-012 -1.1561364077291031E-013  2.8770852543662903E-015  2.5932435013525740E-014 -1.4677781851418187E-013 -9.4020596535389603E-014  2.8674666608210565E-013  9.1148054824520326E-014 -1.2040395075030869E-010 -5.0127951308043636E-010 -2.8072002943447242E-009  1.5624359185327911E-009  1.1928482428827148E-008 -1.4420319727180951E-009  2.7628018512946654E-015  2.8718751628047631E-015 -3.1240012321774791E-014 -3.0284850260743293E-015  4.2387008117711968E-014 -1.8237365328118779E-015  4.4428172061271848E-015  8.8165787257117360E-014 -9.8106406450447713E-015 -3.4473695250481829E-014 -1.5872686473199017E-014 -1.7702706386920419E-013  3.0909694481332193E-014  1.4543356591588092E-013 -1.6558660366798494E-014  1.5386247166682474E-014 -8.3824220161052902E-015  1.3734557572922699E-013 -1.9138080406311114E-014  2.8317304972738354E-013 -1.5045500230089600E-015 -7.5259159077018679E-014 -8.3396388418316502E-013  1.0934841568084850E-013  5.1900637154455291E-013  3.2852482695570994E-015  3.7009228787836424E-015 -3.8304691023144087E-014 -3.6308335110451082E-015  5.2643435059505422E-014 -2.1388120232518883E-015  5.4134231962584601E-015  1.0806628939494162E-013 -1.2226072779187611E-014 -4.2242185315505155E-014 -1.9329916056650671E-014 -2.1702177605673960E-013  3.7585677597803530E-014  1.7778297158848595E-013 -2.0179738114902518E-014  4.2222769064678337E-015  2.1872558476752922E-014 -4.3123295460948899E-014 -4.2628210047121613E-014  8.5222565560495025E-016  3.6965454775260739E-014 -2.8841830549451426E-014 -5.7409354326965384E-014  1.6824182426404906E-014  7.4657024597545059E-014
 1.4156475570736703E-008 -5.9757671585770157E-008  3.1359710980818325E-009  8.0037981315796169E-004 -1.0366948131965615E-009 -5.1059351626044867E-009  2.4653494272544148E-010  1.7459662779829702E-001  1.2522530073826202E-008  2.2572097797942206E-008  1.5055232953113043E-009 -3.9740761299336962E-008  5.2648276853719139E-009  2.7218135749753926E-008 -2.3852713699031873E-010  1.5020336919786393E-009 -1.2269790023069090E-010 -3.4601953211796455E-008  1.3349287649862592E-007 -8.3180674315273277E-009  1.3128587654644893E-008 -6.0995262728790108E-008  4.1853975010317391E-009 -2.6737670240647052E-005  4.4362255078979640E-001  2.3488512790009432E-005  6.3632609237468706E-003 -2.1914116684479401E-009  1.0479676822508499E-008 -7.0055235779618343E-010 -1.6176297495734335E-008 -1.3953457553213559E-008  9.3782351122413931E-010  3.4301937823532410E-008 -3.0973607656862060E-009 -1.8126096740104028E-008  2.6608764022263377E-009 -4.0062271658937312E-009  2.0910487200429839E-010 -4.8368345970065342E-009  3.7479503620901628E-010  1.2668968601316017E-009  6.9752315303103326E-009 -1.0561608181373217E-009 -5.3520554830421539E-009  6.3135677489680972E-010 -6.6802201240341131E-010 -1.4557518465926026E-009 -1.9137223624199976E-010  2.7045771485820438E-009 -3.5435117532378339E-010 -2.0359395661637798E-009 -4.4931735679181523E-010 -7.2426538048755278E-010 -4.1658962255283909E-011  1.3640047362050118E-009 -1.8532424741342240E-010 -9.1448196797001049E-010  6.7620454882212633E-009  1.0901002705544782E-008  4.1619068437350089E-010 -1.9336730192748286E-008  2.5119739575636506E-009  1.2574259646968428E-008 -1.3322408458678695E-011 -1.0937400871951863E-010  6.2626705063506815E-012  4.9240902269660524E-011 -1.3838446548670431E-011 -2.5679153900216290E-011  1.4957852612616200E-010 -1.4300561861221083E-011 -5.3940380388622353E-011  4.3966019920130700E-012 -1.1166028592603876E-010  4.6043371506086047E-011  1.4694794831509597E-010 -3.5728946497901822E-011 -6.9049043074813181E-011  3.1827195357950397E-009 -4.8769064921280451E-009  2.4114535607405719E-010 -5.7990362767255375E-009  4.6139354068467342E-010  1.5289670484184489E-009  8.4225704385839777E-009 -1.2469848497621693E-009 -6.4231704071347202E-009  7.4970715319776838E-010  2.2624133608795328E-011  4.3775451225282589E-011 -3.4079060276397352E-012 -5.3398592621851759E-011  1.0262872910928106E-012  1.3735881172987249E-011 -5.7152217647760153E-011  1.0117945262496189E-011  1.7946599063000390E-011 -4.1335372814123318E-012  6.2262044034080659E-011 -1.0154595071355731E-011 -5.5943119161209243E-011  9.3896924793147425E-012  2.3988482840154694E-011  1.4703242789766415E-009 -2.2471268797868641E-009  1.1203302781183398E-010 -2.6779692350713923E-009  2.1226386961252841E-010  7.0532031041196804E-010  3.8854653310248233E-009 -5.7723680125068104E-010 -2.9657721156526395E-009  3.4674130928994695E-010
 2.5764608586490132E-012 -4.2738968384638492E-013 -7.5653260280133044E-015  5.7045785471722145E-011 -6.1842568954124725E-012  3.7908343386355651E-012 -1.3036829372810860E-013  1.2522530073826202E-008  2.2018393140288689E-006  2.4812609342494019E-012  1.3528947001300202E-013 -1.1009213538961627E-006 -2.2866092004491963E-013 -1.1009179598307372E-006 -1.2190609850293578E-011 -4.0210347242786442E-012  2.0552788467621983E-013  2.3833509637378825E-011  5.0684863420611327E-012  1.1156191800678819E-013  1.8170000728365630E-010 -7.0726259387272718E-011  1.6559783145654563E-012 -4.4524429012135576E-012  3.1813611964882959E-008  1.1643281438353249E-012  1.1070338311473557E-010 -2.4812003871663377E-011  1.8132114918975250E-010 -2.4597662421730906E-012  1.3367773244013021E-004  7.0855582348001860E-011  5.8503126446322399E-012 -6.6838936567707122E-005 -5.2072948972187471E-012 -6.6838795871689881E-005  2.6555786827334779E-012 -6.5308087129914414E-013  9.3912871571525056E-013 -1.7076712986563774E-012 -9.7871717895069443E-015 -1.8551723859648976E-012 -6.5452892690589197E-012  1.1929271979478072E-012  9.4344680597207268E-012 -1.5891438199143979E-012 -7.0597075698845812E-007 -2.0140276771787880E-012  1.5246558343544816E-013  3.5298834353250374E-007  3.6144631074569788E-013  3.5298241329610249E-007 -3.4423866549623022E-007 -4.7808100098325773E-013 -2.3119581704250562E-014  1.7212036398816606E-007  4.4117502785035928E-014  1.7211829989337270E-007  2.0479640800207333E-003  1.1059284232745369E-009  9.6034107740963580E-011 -1.0239829080460328E-003 -9.1295083700535457E-011 -1.0239811719774915E-003  2.0544080792245144E-012  2.1567017175498101E-012 -8.5185283387180542E-014 -4.3529350067187020E-012  3.5918358131844151E-013  7.4568024099805436E-013 -1.5835337011943663E-012 -4.0145981782937417E-015 -7.6899112639502413E-013  8.8172875594728078E-014  2.0566368557817083E-012 -1.4326550198485667E-013  7.4029585566389297E-013 -1.2445757688042382E-013 -8.4518461624889914E-013 -1.1056874300452815E-013 -3.1993991101199269E-012  1.5391288739906061E-012  1.9217943129896741E-013 -1.8206937348679181E-014 -4.3838577490478688E-014  1.5564324359425650E-012 -3.4246427844148669E-013  1.1112100498267461E-012 -8.9194369855295864E-013 -3.6352989775533330E-014 -8.5169601920683369E-014  8.8251791512623692E-014 -2.1415193605541480E-013 -5.0626143311032710E-014  2.7922714502783408E-013  4.7498801466836247E-014 -3.4278683281675792E-015  5.0536004151799922E-014 -8.5701376875163432E-014  1.8668364765840313E-013  4.9717271540940452E-014 -1.1407482304390205E-013 -1.1985228709741997E-014 -9.3466256833465067E-014  2.7691458180370079E-012 -1.2263033593487171E-011  1.5164934337495824E-012 -1.7851086321128526E-012 -1.0785692794437308E-014 -1.9300911843080883E-012  6.5456653325720772E-012 -3.1693420224487619E-013  3.4811037842759565E-012 -8.9409871513805261E-013
-5.3054738224329881E-012 -2.2265280239199718E-012  1.9306956419918367E-013  1.0455580169603852E-010  1.0613823360436242E-011  7.1203741434643489E-012 -5.4213075656762551E-013  2.2572097797942206E-008  2.4812609342494019E-012  2.2018351952672987E-006  1.0963575591823363E-013 -2.6048310101404068E-012  5.7391929610639547E-013  1.2357041688459956E-013  2.7396408989304602E-011  4.4512647074092260E-012 -6.5311389241604005E-013 -5.8544517544893107E-011 -1.5947792795452277E-011  1.5735953991525973E-012 -3.2824722173362819E-010 -1.7362721049700170E-010  1.4485672399693524E-011  7.5655742604868234E-012  5.7332815177770608E-008 -1.1292972075143624E-012  3.1625023327520924E-011 -5.2564911251457085E-011  1.7084352615584479E-010 -8.5084834627445721E-012  7.7044221777612331E-011  1.3367760672028335E-004  7.9989544259351775E-013 -8.4159206577781177E-011  1.9501270719099081E-011  7.1149982823308487E-012 -3.3302793617190493E-012 -2.0751023054414748E-012  3.3108547379384073E-013  6.9980032045929907E-012 -1.5953367845894606E-013 -2.5299620459910948E-012 -1.7640401084237546E-012  3.5806072033104013E-013  4.4418311532532877E-012 -5.1364914211317986E-013 -2.0227631532509494E-012 -7.0596126938319337E-007  4.0611383285851244E-013  2.3970298050125245E-012 -5.1891723281548979E-013 -3.7429600718207912E-013 -4.8655351026714326E-013 -3.4423698078151259E-007  1.3182250193370499E-013  7.2028640805241494E-013 -9.6578133276172963E-014 -2.3367353016304870E-013  1.2016855815446299E-009  2.0479621626707011E-003  4.0581801875959430E-011 -1.2173577771531674E-009  2.8154580584523833E-010  1.5672311225216161E-011 -1.2617806565313330E-012  3.6239730176108025E-012 -1.3672119127396305E-013  2.5228173844896588E-012 -9.1812870237972630E-014 -3.0637447281562304E-013 -5.0150350784396157E-012  3.6137031703765524E-013  1.8676532356663101E-012 -1.3263962787348725E-013 -1.3318783087037089E-012  7.5993200698134433E-014 -1.8324143342067228E-013 -7.5532671407769036E-015  2.7870911144003380E-013  2.0211974614063219E-012  1.0258684875430225E-013  4.8659242599745979E-015 -3.6400450229437703E-012  1.2745663703047841E-012  9.2832239027131798E-013 -2.4750934184928430E-013  3.8227467026175680E-014  2.2949077093464903E-013 -3.2108367065085769E-014  6.0799992384082622E-014 -1.3069579297689620E-013  5.0046307662106594E-015 -1.4007843942409380E-013  1.0783186563273981E-013  3.3276960591449659E-014  9.5797537045426970E-015 -1.9664269051821153E-014  1.6392517608159571E-013  9.6385680477991486E-015  8.5621867031307419E-014 -6.6242992080246107E-014 -1.0330280647702276E-014 -1.4123110148668814E-014 -1.3064301868146365E-014  7.8012833565796232E-012  2.8703304262780362E-012  9.7531061679964672E-015 -1.3938668579500899E-011  1.2346175072119806E-012  3.4721455722583763E-012 -1.7908696426115955E-012  3.1522361834862526E-014 -4.6762165600003043E-013 -3.0757588864271866E-014
 3.1079127185818356E-013  2.0367838333257272E-013  1.4051973668906339E-012  7.0960804169285154E-012 -6.2707017929715196E-013 -5.9965639825796857E-013 -3.0131749028875641E-012  1.5055232953113043E-009  1.3528947001300202E-013  1.0963575591823363E-013  2.2018387718136607E-006  8.6445425177844725E-014  9.8233585226973439E-013 -2.2172238976202328E-013 -1.3651787657423850E-012 -6.9620660304771170E-013 -7.7668322626700979E-012  2.2758256115701350E-012  1.7277456647615713E-012  1.3860210046357786E-011  1.9298887494029299E-011  1.5277726208086108E-011  9.5880952447627395E-011  2.1051107056781600E-012  3.8231720677535392E-009 -4.3241625869788749E-013 -2.5964566043556222E-011 -8.6644389121250194E-012 -8.4235629983737922E-012  1.4544233813847085E-011  1.5706778830213500E-012  2.4021654167200366E-012  1.3367770432083390E-004  5.7962194396994516E-012  2.4829353927621999E-011 -7.3668571041378752E-012 -4.2201216734251384E-013  3.2917672692755211E-013  3.8766479247410012E-012 -1.2147506360233328E-012 -6.7073801655403441E-012  1.7809426762438028E-012 -4.8866538206592415E-013 -4.7535585518090260E-012  3.2645855194485442E-013  6.5360848220867679E-013  1.5395357243960399E-013  3.8924739479192662E-013 -7.0596781863054227E-007 -7.7073169362956046E-013 -8.8200976091925261E-014  6.1674080301255182E-013 -1.7757868440244310E-014  1.3014802916126902E-013 -3.4423786667178263E-007 -1.8035289369271531E-013  1.4537939153011831E-013  1.9804109803091560E-013  2.9962271507384618E-011  6.2391497627348726E-011  2.0479638324475392E-003  7.8383505414900656E-011  4.5368359541767008E-010 -1.0834580738538764E-010  6.7587867144297949E-014 -1.3897746118792068E-013  1.0548399106262979E-012  1.2962583803066444E-014  1.7178557727645489E-012 -1.3165551258636273E-013 -1.5799547666039973E-013 -3.6032879285965523E-012  3.9846717839586339E-013  1.6322309363689944E-012 -3.0362945215939082E-014 -6.9900258225673730E-013  4.0388184822488996E-014 -5.8142206451134412E-013  5.1957429554183851E-014 -9.9397770627166791E-013 -4.4455156018654917E-015 -3.3265689102621360E-016 -4.5815553788261777E-013 -2.8486888713424430E-012  1.7917175485236421E-012  8.3467801490253224E-015 -2.7951828055234232E-014 -6.7362449151401268E-015  2.1080179901136467E-014 -7.3742918854857868E-014  7.0960721237969538E-015 -2.1646573538869643E-013  2.6758049096481768E-015 -7.2034305759766009E-014  1.2688194165017432E-013  1.5326872229714264E-014 -6.1555304862828307E-014 -3.0042328257138219E-014  2.6370147551625271E-013  1.1979964511892772E-014  2.7722624039630711E-014 -2.3726047933247640E-014  2.5951400033197819E-014 -5.8733253817096592E-014 -9.7409699381708235E-013  4.9970924209053020E-015  2.9558092457633147E-012 -4.7063577302983954E-013 -1.0479530696220656E-011  1.7775228148772283E-012 -6.3177924520153298E-015 -8.4943784692830552E-013  3.4787313904583106E-015 -1.5699965273425545E-012
-2.8584405899570895E-012  1.4923430666948747E-012 -6.4405708394986361E-013 -1.8274921178778878E-010  7.4997255187949101E-012 -9.2291744268022917E-012  1.6892424619739509E-012 -3.9740761299336962E-008 -1.1009213538961627E-006 -2.6048310101404068E-012  8.6445425177844725E-014  2.2018434397875746E-006 -1.7985927499820346E-013 -1.1009220860147362E-006  1.1383678429096706E-011  5.9430619026615968E-012  2.3626881256144365E-012 -2.4821578704996702E-011 -5.1205160954529864E-012 -5.1664425705311784E-012 -2.0751270213093272E-010  1.8807071459050494E-010 -4.5813503964812442E-011 -1.9825322143242710E-012 -1.0095115402743287E-007 -2.5635762208732356E-013 -1.3767508559745375E-010  7.9910134623233570E-011 -3.9161635347593247E-010  2.5013015802918567E-011 -6.6838925809480836E-005 -8.2763051954557034E-011  9.5987705004265883E-013  1.3367787826127871E-004 -1.0493094035676219E-011 -6.6838952452349655E-005  2.6816112462026661E-012 -7.6846802585420681E-012  1.2306913429453920E-013 -4.6746439150577525E-012  2.1092225022399830E-014  1.0768878451719619E-012  1.1497465809507846E-011 -1.5984725893004615E-013 -7.7407941109873530E-012  2.7412855879463458E-014  3.5298836085580839E-007  2.3844683534662504E-012 -7.7924647120709752E-013 -7.0597304264075950E-007 -5.1762221124417629E-013  3.5298468273011801E-007  1.7212034971360141E-007  7.1637123922885394E-013 -1.7393238732772440E-013 -3.4423975001681663E-007 -8.3917948245389511E-014  1.7211939983491908E-007 -1.0239827380592666E-003 -1.1973823417626370E-009  2.0250103908673900E-012  2.0479659866244199E-003 -1.6630530110086259E-010 -1.0239832485671742E-003 -1.4184126245228825E-012 -1.4468456492040884E-012 -2.6915036969990262E-015  3.4173922924090802E-012 -1.9311952186173892E-013 -9.2606015353404160E-013  1.9213178209189789E-012 -1.9098131543133833E-014 -6.3656820753438123E-013  1.6937241870161361E-014 -4.1893856857858549E-012  5.3976096431614841E-013  3.9427771731402293E-012 -3.9581679621378844E-013 -1.7167850083268649E-012  2.5331917644870895E-013  2.0954057548193528E-012 -3.6757553248673021E-013 -4.5906594596886490E-013  3.9067309074046703E-014  1.1920282815966000E-013 -3.0627117442310116E-012  1.4595050580255691E-012  2.0136494860443157E-012 -8.1387667049563448E-013 -1.4302589014733614E-013  1.9734234444019779E-014 -3.7319946542571826E-015  3.3903392920705591E-013  4.4473713184606622E-014 -8.8353565484473288E-014 -2.3487355592808721E-014  3.2352115928849606E-014  5.0367767835846474E-015 -2.0371523428391312E-014 -4.3256003955884159E-013 -9.4018434772301659E-014  4.2163147842761587E-013  6.0870474537405597E-014 -1.8931632471256112E-013 -1.1667198903757847E-012  8.8183587663852161E-012 -3.5993994165887600E-013  2.0856860190865867E-012  2.3155408838961741E-014 -5.2036595804256534E-013 -1.3105558268127011E-011  1.4399392416773451E-012  8.7645893341804329E-012 -8.0498593892912108E-013
 1.9441784995302806E-013 -4.2619539058954211E-013 -6.0919806547381249E-012  2.4627871920476778E-011 -5.3598001725487954E-013  1.4098504429608040E-012  1.2819201615663305E-011  5.2648276853719139E-009 -2.2866092004491963E-013  5.7391929610639547E-013  9.8233585226973439E-013 -1.7985927499820346E-013  2.2018365338853143E-006  4.0850596961546411E-013 -6.5352186085073039E-013  1.1077326814866408E-012  3.0037429531687189E-011  1.5794911360282446E-012 -3.7714637931456070E-012 -6.5107993629460309E-011  1.4495140752858014E-011 -3.5192290496716116E-011 -3.8606305444914380E-010  1.9565549207648674E-012  1.3372328513500537E-008 -2.9330940026531550E-013  1.4428116692767324E-011 -8.5480566573924872E-012  2.3415215501963173E-011 -1.9646222275441510E-011 -7.1637450338273843E-012  1.7505144137877684E-011  2.5506824664623511E-011  3.9434865350203660E-013  1.3367765177643549E-004  6.7693832861839987E-012 -5.1234075701367173E-013  6.3923397290283630E-013 -6.3761822334983390E-013  3.5867433650510322E-013 -3.6240978988798895E-012  3.2870117276729036E-013 -9.1267926354983142E-013  5.6657864488723410E-012  5.8525165206729964E-013 -3.7477681874470141E-012  3.5819430744394673E-013 -5.1735447464030000E-013 -1.0483874563270574E-013 -5.3193475528764307E-013 -7.0596409030259423E-007  1.7375474228500563E-013  4.6339684838955126E-014 -9.4442166568034050E-014  1.4006102137154240E-013 -9.5659202245352653E-014 -3.4423744241742700E-007  4.9224714400194982E-014 -1.2241938069968830E-010  2.5078278691662022E-010  4.6340286547116401E-010  6.1782738437838365E-014  2.0479627850593812E-003  1.2235743025751901E-010  9.8753196913498329E-014 -3.2333714107116380E-014 -5.7273025131967192E-013 -1.0115493211081019E-013  1.4363439676776445E-012 -7.2259581502318799E-014  7.6806367376097698E-014  1.5420643052014067E-012 -5.9649744285143517E-014 -5.7663935690396088E-013 -2.9181030257419512E-013 -4.9714355669644557E-012  6.1380425025640458E-013  3.9010678558394194E-012 -3.0826243844271911E-013 -3.0275597174462303E-014 -4.1347702677468750E-013  9.3347770500054557E-013  3.8529299175389901E-014 -4.5006401670731326E-014  2.0906944274462979E-015 -1.0578463264149569E-012 -3.8163199627136848E-012  1.8327271878619771E-012  2.1487469638126084E-012 -2.9296415343369058E-014  1.0658956344662584E-014  1.8413298467757191E-014  4.6589389343015379E-014 -1.1398197957971266E-014  4.9022664226634624E-015 -6.6239324841900453E-014 -5.7977834823535023E-014  7.4589978195120004E-014  2.4820149586590264E-014  7.7552692972001146E-015 -3.3281137506559906E-013 -6.0184077158653629E-014  3.4146783111721617E-013  3.1481078727356270E-014 -2.9631554934936513E-014 -3.9548232477537591E-013  3.5310031685153641E-012  3.1710979125623977E-014  1.9466237399131720E-012  8.0445889637026640E-015 -1.0249529048339379E-012 -1.4079529325735104E-011  1.7705980468187044E-012  7.8624062054714496E-012
 2.8198120606590068E-013 -1.0649532947583080E-012  6.5162411249744147E-013  1.2570297856708384E-010 -1.3154741185135176E-012  5.4383398858483913E-012 -1.5588804865132745E-012  2.7218135749753926E-008 -1.1009179598307372E-006  1.2357041688459956E-013 -2.2172238976202328E-013 -1.1009220860147362E-006  4.0850596961546411E-013  2.2018400456668294E-006  8.0693183905037752E-013 -1.9220271639410767E-012 -2.5682155282582438E-012  9.8807277638055095E-013  5.2029819129645031E-014  5.0548848965903441E-012  2.5812692045816351E-011 -1.1734445528226354E-010  4.4157522411231462E-011  6.4349872106620808E-012  6.9137299358827500E-008 -9.0798245896900643E-013  2.6981488840454974E-011 -5.5112924893137706E-011  2.1029465109211864E-010 -2.2570259788899554E-011 -6.6838806612315880E-005  1.1907491056114841E-011 -6.8094304175539304E-012 -6.6838941701060148E-005  1.5699525458160412E-011  1.3367774831319463E-004 -5.3371899299523434E-012  8.3377611317930783E-012 -1.0621978499589241E-012  6.3823152160092046E-012 -1.1305053450072200E-014  7.7828453986123672E-013 -4.9521765449978587E-012 -1.0330799383388725E-012 -1.6936739445821962E-012  1.5617309634910110E-012  3.5298239603582853E-007 -3.7044078899925096E-013  6.2677687809121888E-013  3.5298469914780278E-007  1.5618046071473352E-013 -7.0596709596894636E-007  1.7211831573541784E-007 -2.3829029313612471E-013  1.9705001382435187E-013  1.7211938604793410E-007  3.9802669079225374E-014 -3.4423769970036425E-007 -1.0239813416805948E-003  9.1454246979861675E-011 -9.8047485877204724E-011 -1.0239830786931128E-003  2.5758715620122877E-010  2.0479644203785200E-003 -6.3599545441771923E-013 -7.0985606799794855E-013  8.7876787078759448E-014  9.3554271370368150E-013 -1.6606405940046503E-013  1.8037991264334409E-013 -3.3778412000447832E-013  2.3112729695760112E-014  1.4055593338382978E-012 -1.0511011744033112E-013  2.1327488302987897E-012 -3.9649546233616157E-013 -4.6830730287157433E-012  5.2027437305716334E-013  2.5619696244644624E-012 -1.4275043521550539E-013  1.1039933575438227E-012 -1.1715533414274549E-012  2.6688651788479674E-013 -2.0860372004632464E-014 -7.5364251507590093E-014  1.5062793038509722E-012 -1.1170407788806927E-012 -3.1248595321608083E-012  1.7058203684673618E-012  1.7937887990336157E-013  6.5435367437550730E-014 -8.4519796844015385E-014 -1.2488199314980876E-013  6.1524301181297485E-015 -1.9087357951079927E-013 -2.4011445831594821E-014 -2.8924247609327899E-014 -5.5572780939838868E-014  1.0607290029565492E-013  2.4587639188738984E-013  4.4301163249502565E-014 -3.0755665536266824E-013 -4.8885245839622733E-014  2.8278258151561374E-013 -1.6024259280955495E-012  3.4446748267171285E-012 -1.1565534919438220E-012 -3.0057738571909743E-013 -1.2369716236048817E-014  2.4504571416787351E-012  6.5598929341358293E-012 -1.1230050390456005E-012 -1.2245693116167634E-011  1.6990846536693453E-012
