   1.5782476672612103E-003   2.6086342786016788E-017  -6.3159960901767344E-017   5.9545684069417868E-017   1.7231033834146991E-002   4.1132166969945079E-016   5.2423217900060350E-016  -6.2003910551934632E-018  -6.1937154149809648E-018  -8.0310712867876248E-018  -1.8985987728946192E-018  -6.5579469693130586E-018  -1.1137559341971865E-017   5.7385413345395962E-016  -9.3685711167328534E-016  -6.3862388326196204E-019  -1.4575772040893832E-017  -3.9791343979819613E-016   7.5289922944266637E-019  -3.9626755523511627E-016   4.9682660054082490E-018  -1.0865299190417654E-018   1.8228505192549080E-018  -1.3159434271596281E-017  -1.5652763356807628E-018  -2.2263472745498212E-018   4.4228700770595075E-018  -8.2427846896402677E-018   1.6067156573140333E-018   1.0940458443818017E-018   2.4693978396980055E-002   6.0889598688085811E-016   6.9941677667992567E-016   1.0070505242622383E-015   1.2742679198146864E-015  -1.6627905539553179E-015   2.8782451015533273E-019  -5.4694213544204491E-018  -7.4454071760278743E-016  -1.4874084661464209E-018  -7.3483049405173600E-016   8.9281589938606210E-019  -9.4259526781816072E-018  -8.3611756085532672E-019  -2.8778266944581310E-017   3.4466515134804271E-016  -3.2221250377508636E-018   2.0182470712427000E-019  -1.5854304744284407E-018   9.3776417383756389E-019   2.2919855379960563E-019  -9.2053732181409344E-019   1.9995374386233389E-002   4.8831458232470278E-016   5.3938377862963768E-016
   2.6086342786016788E-017   1.5782476672612095E-003  -4.9875737359867493E-018   5.9436052266656876E-018  -1.5117486700570110E-016   1.7231033834147081E-002  -2.0100797699133946E-016  -1.2365007161108423E-017   5.3519798838865005E-018  -3.6689138999948010E-018  -4.0381877769967207E-018  -3.6351009316394204E-018  -6.6488204760811785E-018   2.1907881539209811E-016  -1.2968112206545835E-018  -4.8282589980399671E-016  -1.0635428455028604E-017  -1.0764785312444419E-018  -1.3767108731958176E-018  -1.8020010452577791E-018  -1.1367568336700974E-015  -1.4229159309855838E-017  -4.8686104065525143E-016  -2.4096871974514839E-017  -1.5129833018138826E-017   7.7806382161122036E-019   1.1531348868991343E-018  -1.7420055506679114E-017   1.1591243582560780E-018  -1.8284267481789146E-017  -1.9462399554700277E-016   2.4693978396980669E-002  -3.2306771873824899E-016   3.1922576228882168E-016  -3.8942897243089715E-016  -3.0741739916337179E-019  -8.6608330708826762E-016  -5.1200978757119388E-018  -7.7114573466887310E-019   8.8035395728230421E-019  -9.4986050899959818E-019  -1.9928985562312896E-015  -2.8997448385997876E-018  -8.7343477582663463E-016  -1.1174388359833245E-017   5.9663770029487575E-017  -6.4206670998630752E-018  -1.3687034332763303E-018  -1.8593341225996175E-019  -6.4553871130485784E-018  -5.2630256297831640E-019  -6.4928724722356112E-018  -1.6551262017365444E-016   1.9995374386233188E-002  -2.8430493232653112E-016
  -6.3159960901767344E-017  -4.9875737359867493E-018   1.5782476672616351E-003   7.1861567630532740E-018  -1.1572129494093301E-015   2.3299573508140400E-016   1.7231033834149156E-002  -6.7410134609194765E-017   9.1424286427548370E-018   7.3928824520407470E-018  -3.2197466073850236E-017  -3.0231773375738193E-018  -3.7717580993944098E-017   9.9664425183626622E-016   7.8483265760806857E-018  -1.0333211961480335E-017  -4.1620446947908376E-016   1.1362799238995806E-017  -7.5711539101673022E-018   8.7023199393809881E-018  -3.7878500452605361E-017  -3.8655023481154561E-016  -1.9560586497546013E-017  -9.2443354652123372E-016  -5.8422615447418430E-017  -6.1299130401291831E-018  -1.3552054126755679E-018  -6.2803032202889839E-017   3.9253268785664047E-018  -5.4312290507174794E-017  -1.7019090335825547E-015   2.7851343278227843E-016   2.4693978396983573E-002   1.3974916903799508E-015   8.3134753550408541E-016   2.0682770054022232E-017  -1.4482375465062812E-017  -7.8155331715650161E-016   6.2736191977536958E-018   4.5453410708687662E-018   8.8914155323298045E-018  -2.1916259737047363E-017  -8.2125082402343470E-016  -9.2100833321700623E-018  -1.7289451828961037E-015   3.6559529497104345E-016  -1.0749830085546485E-018  -2.0100637802357749E-018  -8.5711154098007777E-019  -2.5566192017042800E-018  -1.3726256709731666E-018  -5.4962107635522727E-018  -1.3037985301439857E-015   1.7117080026131294E-016   1.9995374386236057E-002
   5.9545684069417868E-017   5.9436052266656876E-018   7.1861567630532740E-018   6.5736964687267577E-005   5.5093213701559520E-016   2.7321640809817587E-017  -5.8544574534223883E-017   8.2173498589481583E-017   4.4236776960309959E-018   2.2100876635507892E-018   9.0064233753672880E-017  -1.1693685632970513E-018   1.0041567617232900E-016   4.0259524257744350E-003  -5.6042230427138555E-019   2.0312866401388300E-018   4.8244435667442629E-019   2.9837046038837852E-018  -2.7799485010688653E-018   2.5200210508670526E-019  -3.5880652548685766E-018  -2.6181905770517421E-018   8.5669163421191444E-019   3.4539955345345996E-018   3.2086510503030224E-016   5.7713989599122207E-019   2.5804323450880716E-019   2.9148206454038472E-016   3.0700073219899842E-018   2.8077654016997490E-016   7.9622704166979930E-016   4.3746415373006199E-017  -7.4357601432792620E-017   6.7472817265250909E-003  -1.4788680512020111E-003   2.3525987464813618E-018  -8.8436498935914291E-019   1.4853711876372326E-018  -1.4806817509359773E-018   7.8360734597668003E-019  -6.6415616397919413E-019   5.7613534543667455E-019   2.6314266762756657E-018   1.1859050569481161E-018  -1.8969790426271647E-018   1.9315816166250968E-003   1.4302325590614969E-016   1.1483195373559204E-018  -8.3471742628430020E-019   1.4575302953845328E-016  -1.5201979289508986E-018   1.3805827135287336E-016   6.4627862834846957E-016   3.4361293706467272E-017  -5.7520172315435257E-017
   1.7231033834146991E-002  -1.5117486700570110E-016  -1.1572129494093301E-015   5.5093213701559520E-016  0.18812543376588942       -2.6922659884162186E-016   6.1783008895017129E-016  -6.7694792315192985E-017  -6.7621908835002589E-017  -8.7681841030213038E-017  -2.0728571549361323E-017  -7.1598525665419016E-017  -1.2159793791087127E-016  -7.9592411449959641E-016  -1.0228443180288163E-014  -6.9723846059210477E-018  -1.5913574681920775E-016  -4.3443498041867985E-015   8.2200229820248464E-018  -4.3263803224750099E-015   5.4242665085200135E-017  -1.1862544887618876E-017   1.9901565276252340E-017  -1.4367241712139208E-016  -1.7089415090313962E-017  -2.4306872748880109E-017   4.8288127093591282E-017  -8.9993291181250916E-017   1.7541842403657991E-017   1.1944602454091380E-017  0.26960456592750642       -1.7373563367211883E-016   3.1915438240563470E-016  -7.1702369136778836E-016  -2.6124793493568412E-015  -1.8154058383006657E-014   3.1424179968934862E-018  -5.9714192116855149E-017  -8.1287662019337620E-015  -1.6239267218329306E-017  -8.0227516682100085E-015   9.7476088765944278E-018  -1.0291091372131765E-016  -9.1285862662060922E-018  -3.1419611870546793E-016  -4.3467695572654163E-016  -3.5178601366326186E-017   2.2034870883438907E-018  -1.7309454474901904E-017   1.0238346327038080E-017   2.5023499905471676E-018  -1.0050266550288638E-017  0.21830602365059590       -1.9226377353251729E-016  -3.5841802116376223E-017
   4.1132166969945079E-016   1.7231033834147081E-002   2.3299573508140400E-016   2.7321640809817587E-017  -2.6922659884162186E-016  0.18812543376589150        9.4375069847574351E-016  -1.3499899994932302E-016   5.8431986545524756E-017  -4.0056564541031857E-017  -4.4088232574361674E-017  -3.9687400427025776E-017  -7.2590666824445827E-017   2.9131335413667869E-016  -1.4158359605554394E-017  -5.2714092902557372E-015  -1.1611576012488679E-016  -1.1752805582060693E-017  -1.5030690130551851E-017  -1.9673934341331433E-017  -1.2410913615451910E-014  -1.5535148924070410E-016  -5.3154642570241475E-015  -2.6308546174555348E-016  -1.6518488830916829E-016   8.4947656273574789E-018   1.2589726355160607E-017  -1.9018913954700813E-016   1.2655118362854782E-017  -1.9962445574730629E-016  -1.4535155960962678E-016  0.26960456592751469        9.7036235609610490E-016  -5.9980568313713758E-017   3.9965841776168820E-016  -3.3563297550100634E-018  -9.4557470777227562E-015  -5.5900339066473906E-017  -8.4192351560912869E-018   9.6115515572273847E-018  -1.0370412013205484E-017  -2.1758120200510202E-014  -3.1658910360540993E-017  -9.5360091362001172E-015  -1.2200003072952822E-016  -1.9206433113506126E-016  -7.0099727901137824E-017  -1.4943266292688252E-017  -2.0299886918926414E-018  -7.0478794973013693E-017  -5.7460799453686447E-018  -7.0888053612090668E-017  -2.0416811574538719E-016  0.21830602365059498        5.3780309989622586E-016
   5.2423217900060350E-016  -2.0100797699133946E-016   1.7231033834149156E-002  -5.8544574534223883E-017   6.1783008895017129E-016   9.4375069847574351E-016  0.18812543376588606       -7.3597213815702737E-016   9.9815447560859528E-017   8.0714206208208002E-017  -3.5152634076456511E-016  -3.3006524939629192E-017  -4.1179399642448144E-016   1.9182157528789765E-015   8.5686666027132781E-017  -1.1281621295379763E-016  -4.5440480884483024E-015   1.2405706797401409E-016  -8.2660543016042060E-017   9.5010417199453992E-017  -4.1355088711643657E-016  -4.2202883063294768E-015  -2.1355908501974788E-016  -1.0092804854365884E-014  -6.3784796539694196E-016  -6.6925325591092430E-017  -1.4795897248834487E-017  -6.8567259450099448E-016   4.2856036893137663E-017  -5.9297215180697254E-016   4.1054156117829168E-016   7.4770280525136736E-016  0.26960456592750615        3.0703749290124203E-016   1.2813305002321718E-015   2.2581089012545995E-016  -1.5811605923055522E-016  -8.5328633334724093E-015   6.8494284452651126E-017   4.9625244126469062E-017   9.7074930030457715E-017  -2.3927791618536335E-016  -8.9662738165953368E-015  -1.0055408970582019E-016  -1.8876323128398646E-014  -7.7843467296878223E-016  -1.1736477725509958E-017  -2.1945527133989977E-017  -9.3577948940682591E-018  -2.7912724270111004E-017  -1.4986088602429966E-017  -6.0006674232126710E-017   1.1434306425081661E-015   1.2062455029690648E-017  0.21830602365059368     
  -6.2003910551934632E-018  -1.2365007161108423E-017  -6.7410134609194765E-017   8.2173498589481583E-017  -6.7694792315192985E-017  -1.3499899994932302E-016  -7.3597213815702737E-016   1.1019616533344039E-028   1.3231987194074076E-030   3.5758540812023212E-030   1.1613192127142783E-028   7.0054411684611378E-031   1.3215797198665872E-028   5.1849415258288561E-015   5.0229261718831335E-030   4.0433953139012111E-030   2.1257830593954687E-029   1.8709141484942914E-030  -5.7308229239493939E-031  -1.6478689824461934E-031   6.5558413489270782E-030   1.7015004589634448E-029   5.8248502764780462E-030   3.8394717914183920E-029   4.5374065200456467E-028   1.7053237461181232E-030  -2.1000106212007287E-030   4.1911700352502690E-028   2.2043271901613003E-030   4.0070055630218945E-028  -9.7014128990119380E-017  -1.9346850690734893E-016  -1.0547295220564860E-015   8.6708094175200330E-015   1.0460338890927497E-015   4.7777038434091304E-030   7.5693141307325063E-030   3.0780238431652310E-029   2.7286247961056288E-030  -2.2859211707012140E-031   3.0725799451746045E-030   1.7611303635410419E-029   3.3792311361617913E-029   7.9572227581064338E-030   7.7018534227705864E-029   2.6126314529670145E-015   2.0253873594470810E-028   2.0166666946130649E-030   5.9935064634176773E-031   2.0608435489010482E-028  -7.7489834426571820E-031   1.9725387587733444E-028  -7.8554933463015843E-017  -1.5665662151996352E-016  -8.5404268727760865E-016
  -6.1937154149809648E-018   5.3519798838865005E-018   9.1424286427548370E-018   4.4236776960309959E-018  -6.7621908835002589E-017   5.8431986545524756E-017   9.9815447560859528E-017   1.3231987194074076E-030   3.6166094130569383E-030  -6.9625628953346277E-031   4.0568586837840965E-030  -1.7621799619082731E-030   2.3779044214678032E-030   1.4162237590153123E-016   1.6704603417311201E-030   7.5236993769811155E-031  -4.6802933067213758E-030   4.3239295051034927E-030  -2.4201760326571639E-030   3.0412565151034982E-030  -4.7906084101802791E-030  -5.5668589327725274E-030  -1.8082247973766787E-030  -3.5974910109044168E-031  -2.1246965050172230E-029  -5.9580970450376528E-031   2.0786571540338924E-030  -2.4822300385681249E-029   1.4576772166963787E-030  -2.1594076485412053E-029  -9.6909678897217754E-017   8.3739503232150826E-017   1.4304658266460133E-016   2.5337062370172827E-016  -2.5560366875129364E-015   1.0039836896559798E-029  -4.1608857999644743E-030  -5.8760502482894008E-031   1.2296552093534216E-030   9.4749576251583737E-031   1.7092777022545366E-030  -7.1424696624853487E-030  -6.2043259513830798E-031  -2.2830286398933114E-030  -1.4601816382999382E-029  -3.8120486365038448E-017  -1.0457454782939880E-029  -3.5176652439713102E-031  -1.4120725727357063E-030  -1.0371846341398449E-029  -1.0155020298968825E-030  -1.1455446721340523E-029  -7.8470357430797627E-017   6.7806114151649118E-017   1.1582864166592450E-016
  -8.0310712867876248E-018  -3.6689138999948010E-018   7.3928824520407470E-018   2.2100876635507892E-018  -8.7681841030213038E-017  -4.0056564541031857E-017   8.0714206208208002E-017   3.5758540812023212E-030  -6.9625628953346277E-031   4.1346609743273491E-031   3.4057358125645126E-030   4.6081360292855843E-031   4.4480114035636832E-030   1.7172923552816890E-016   5.3535734784303346E-030   4.9557679637514552E-031  -1.1809701166167703E-030   1.4776999083019215E-030   4.8420598130640829E-031   1.6690063652819678E-030   2.4473630922671444E-030  -9.8586792775951625E-031   1.0862579193365439E-030  -5.4395708665380838E-030   2.2501192226907648E-029   1.7196808778238431E-031  -6.0876255053234258E-031   2.1979746597946370E-029  -2.3551287051167884E-031   2.0505914284168236E-029  -1.2565778171224043E-016  -5.7405489940671944E-017   1.1567238992271335E-016   2.8330234092074702E-016   6.4138201175896755E-016   7.7272187566477295E-030   2.2179942414714397E-030  -4.6504180494121671E-030   4.2276094619715863E-030  -1.8867902623124214E-031   4.0922268849522168E-030   4.6273497126112457E-030  -4.8101442690939325E-030   1.8488119388530775E-030  -6.7146262242486564E-030   1.1223332706577262E-016   1.0480180715937598E-029   1.4724524122847897E-031   3.5805880862464720E-031   1.0564483394730662E-029   1.9644081395949584E-031   1.0457959726279312E-029  -1.0174846472640999E-016  -4.6482759672667062E-017   9.3663026081609024E-017
  -1.8985987728946192E-018  -4.0381877769967207E-018  -3.2197466073850236E-017   9.0064233753672880E-017  -2.0728571549361323E-017  -4.4088232574361674E-017  -3.5152634076456511E-016   1.1613192127142783E-028   4.0568586837840965E-030   3.4057358125645126E-030   1.2508134922903129E-028  -5.7968600578775507E-031   1.4072608922455193E-028   5.5884826265605846E-015   1.3314591766269798E-030   2.9318967111896773E-030   1.0501755028937311E-029   2.9332224321407546E-030  -2.4259016840131981E-030  -1.5153016839604489E-031  -9.8469820940579217E-031   6.0824783961881427E-030   2.8693447106990888E-030   2.0975945016794016E-029   4.6469378389983579E-028   1.2594826025885077E-030  -7.9719293155686236E-031   4.2543418945436492E-028   3.4296633094622649E-030   4.0837148753037776E-028  -2.9706337006055391E-017  -6.3183316406395648E-017  -5.0377614880002855E-016   9.3569987383253554E-015  -6.4595384039008548E-016   2.9835113259356265E-030   1.9059239384892130E-030   1.5843938470973064E-029  -3.4523056413175194E-031   4.9743119122977800E-031   4.5700199825776854E-031   6.4989593635471491E-030   1.8168579931743480E-029   3.6837706845193775E-030   3.5283363364783649E-029   2.7408510137896659E-015   2.0726856602274881E-028   1.8490065929851653E-030  -3.6158520643903972E-031   2.1107490779088676E-028  -1.5465951934504634E-030   2.0090720280481476E-028  -2.4054015134004411E-017  -5.1161220205173198E-017  -4.0792101378622158E-016
  -6.5579469693130586E-018  -3.6351009316394204E-018  -3.0231773375738193E-018  -1.1693685632970513E-018  -7.1598525665419016E-017  -3.9687400427025776E-017  -3.3006524939629192E-017   7.0054411684611378E-031  -1.7621799619082731E-030   4.6081360292855843E-031  -5.7968600578775507E-031   9.3714203196147055E-031   5.2638160650330313E-031  -4.2540371452482657E-018   4.9376787092941426E-030  -1.0525717298146341E-031   2.0839255608649985E-030   2.7891582434982254E-031   1.2005795451519383E-030   8.8723927830401839E-031   2.9712261765253680E-030   2.4432498164788328E-030   1.1852102162944189E-030  -6.7750257387576274E-031   1.6564039115587212E-029   3.2700034734364121E-031  -1.1080172125463825E-030   1.7957071380175780E-029  -7.1265835192247287E-031   1.6042281687576010E-029  -1.0260861089678867E-016  -5.6876436910891371E-017  -4.7302002982745905E-017  -1.5475164832469375E-017   1.3061055773468518E-015   5.1419324541168836E-030   2.5994230323535704E-030  -4.9314033306010188E-031   3.9571036874547446E-030  -4.6633406414256964E-031   3.6641117917603605E-030   4.7706504285825912E-030  -4.7666946670553451E-031   1.6735742510063910E-030   5.8529378199005248E-030   5.3218588813801677E-017   7.9403901177245100E-030   2.0036236614696297E-031   7.3023107503712434E-031   7.9155281352739190E-030   5.0015125461427968E-031   8.3554745207440575E-030  -8.3084935005191516E-017  -4.6054371292691087E-017  -3.8301696213290097E-017
  -1.1137559341971865E-017  -6.6488204760811785E-018  -3.7717580993944098E-017   1.0041567617232900E-016  -1.2159793791087127E-016  -7.2590666824445827E-017  -4.1179399642448144E-016   1.3215797198665872E-028   2.3779044214678032E-030   4.4480114035636832E-030   1.4072608922455193E-028   5.2638160650330313E-031   1.5982246024125052E-028   6.3175418795081272E-015   8.1802563520444041E-030   2.3909900896672380E-030   1.3844930173699113E-029   3.8560937919927549E-030  -1.2346669929523383E-030   1.1323894332113728E-030   7.6899721495028756E-031   9.3377332397268679E-030   3.9367730849568886E-030   2.1344740559127511E-029   5.4668525034794733E-028   1.8325971833128429E-030  -2.3114131069730359E-030   5.0402727681750716E-028   2.9828123459713387E-030   4.8229862883694355E-028  -1.7426330194636321E-016  -1.0403045897529487E-016  -5.9014636902171604E-016   1.0567080784003986E-014   9.2800083196594466E-016   1.0634926521656076E-029   4.0421651044430868E-030   1.6030653957048025E-029   4.9556381322416252E-030  -2.0087793705262562E-032   5.4910637458619224E-030   1.0172905612964841E-029   1.8622786706395559E-029   4.8749444275690339E-030   4.4553533855933111E-029   3.1686567894693012E-015   2.4458284408510422E-028   2.3409520346911265E-030   5.1731915039581270E-031   2.4885366368346883E-028  -1.1177876023040530E-030   2.3790440513909505E-028  -1.4110565370159259E-016  -8.4236243400821740E-017  -4.7785728980423177E-016
   5.7385413345395962E-016   2.1907881539209811E-016   9.9664425183626622E-016   4.0259524257744350E-003  -7.9592411449959641E-016   2.9131335413667869E-016   1.9182157528789765E-015   5.1849415258288561E-015   1.4162237590153123E-016   1.7172923552816890E-016   5.5884826265605846E-015  -4.2540371452482657E-018   6.3175418795081272E-015  0.25174914979286905        4.6281883830566996E-017   3.1732707427403269E-017   1.2272129336768905E-016   8.2478702622925469E-017  -8.2746097429694166E-017  -4.1719906164811325E-017  -2.0147893593750736E-016  -3.5702077352891809E-017   5.6254019470101674E-017   1.9284815465606480E-017   2.1353795312987165E-014   5.9834377779001765E-017  -6.7731552051866174E-017   1.9618100399110664E-014   1.3865194776725689E-016   1.8804459490678161E-014  -3.2280900840342959E-016   6.8016111506061744E-016   3.2522060422358270E-015  0.42127561696038118        7.9628322229825400E-003   1.4231103061891461E-017  -1.0866166472072230E-017  -6.2884962801835086E-017  -2.5448197224832424E-017   1.3510781691560770E-017   6.5797957435152171E-018   4.7024256466152993E-017   3.4144592162101851E-018   4.6591318189324389E-017   6.5679254420208904E-017  0.12503936489710374        9.5641200281923620E-015   8.6851269612092615E-017   3.2909367016146430E-018   9.7342311359569808E-015  -5.6899064639342525E-017   9.2852772628258818E-015  -3.2508454722020161E-016   4.8920170626649008E-016   2.9317376965555191E-015
  -9.3685711167328534E-016  -1.2968112206545835E-018   7.8483265760806857E-018  -5.6042230427138555E-019  -1.0228443180288163E-014  -1.4158359605554394E-017   8.5686666027132781E-017   5.0229261718831335E-030   1.6704603417311201E-030   5.3535734784303346E-030   1.3314591766269798E-030   4.9376787092941426E-030   8.1802563520444041E-030   4.6281883830566996E-017   5.5742149517984952E-028  -7.3313518727806951E-031   8.0352788164802214E-030   2.3467760628651462E-028   9.0026766849409426E-031   2.3438110170141665E-028  -1.8890292939514287E-030   6.9393278389213191E-031  -7.2772460180029170E-031   2.1695469385488745E-031   2.4382188203719668E-029   1.6661216997908356E-030  -3.9336041522624948E-030   2.9568481423902748E-029  -1.7285864655272971E-030   2.1704715782687156E-029  -1.4658491031932769E-014  -2.0290496182741614E-017   1.2279847513215412E-016   6.7579764961931063E-017   1.5439887243095360E-015   9.8510722574623407E-028   1.1491913631307577E-030  -3.0394461467072381E-030   4.4302205295613450E-028   3.6225644002106967E-031   4.3698478987802521E-028   1.1760991974559938E-030  -9.6026838503154332E-031   7.5342935561682422E-031   1.1336947320679986E-029   8.8327758002992918E-017   1.3202745477700421E-029   1.1835109786084491E-031   1.7897800608265864E-030   1.0748346038099263E-029   4.3316868309280005E-031   1.2249020733800276E-029  -1.1869372014862750E-014  -1.6429757130827355E-017   9.9433207758321302E-017
  -6.3862388326196204E-019  -4.8282589980399671E-016  -1.0333211961480335E-017   2.0312866401388300E-018  -6.9723846059210477E-018  -5.2714092902557372E-015  -1.1281621295379763E-016   4.0433953139012111E-030   7.5236993769811155E-031   4.9557679637514552E-031   2.9318967111896773E-030  -1.0525717298146341E-031   2.3909900896672380E-030   3.1732707427403269E-017  -7.3313518727806951E-031   1.4949519148305642E-028   4.3345866162471663E-030   2.2994863722876067E-030  -1.1790647124337228E-030   1.6836636701364040E-030   3.4757141489395778E-028   4.5762652019661745E-030   1.4902924220129279E-028   1.6971569469159948E-029  -1.5501960120782812E-029  -6.1672480041123393E-031   1.1549058880526440E-030  -1.6818254418039875E-029   5.9598407645051750E-031  -1.4120886364584510E-029  -9.9921987555430715E-018  -7.5545128857708946E-015  -1.6167811823276625E-016   6.4663425103577202E-017  -1.8063196004884727E-015   3.0243487811523139E-030   2.6425056622667393E-028   9.4806186094199181E-030  -7.1525478368740099E-031   3.4182924078220008E-031  -3.3517029696682002E-031   6.0962926347095169E-028   9.1677681332366446E-030   2.6776832840423492E-028   1.1441969462780319E-029  -6.0795979493005561E-017  -7.9900227158092896E-030   1.7202267570666004E-031  -9.3490103551200637E-031  -7.9393977000546908E-030  -5.2395374161359017E-031  -8.5441442409081107E-030  -8.0909504271314281E-018  -6.1170910182330683E-015  -1.3091509404256542E-016
  -1.4575772040893832E-017  -1.0635428455028604E-017  -4.1620446947908376E-016   4.8244435667442629E-019  -1.5913574681920775E-016  -1.1611576012488679E-016  -4.5440480884483024E-015   2.1257830593954687E-029  -4.6802933067213758E-030  -1.1809701166167703E-030   1.0501755028937311E-029   2.0839255608649985E-030   1.3844930173699113E-029   1.2272129336768905E-016   8.0352788164802214E-030   4.3345866162471663E-030   1.1164229901803031E-028  -1.0935768511034386E-030   3.5506491942946180E-030   3.5198199247030388E-031   1.7905328491486976E-029   1.0426434805340517E-028   8.4967142310586400E-030   2.4064056837884089E-028   4.8472264307009930E-029   2.0760387582264753E-030  -1.1900895666172577E-030   5.0635478652416920E-029  -1.9221584434883267E-030   4.5398854964474910E-029  -2.2805913632140563E-016  -1.6640673448103829E-016  -6.5121237884527494E-015   1.9413072427744042E-016   1.7593570470863134E-015   7.5887581122290056E-030   1.0424191593918241E-029   2.0343763627182421E-028   6.3879960916444803E-030  -1.8045614794143391E-030   5.2921695938245263E-030   1.9416157916887547E-029   2.1386650913789036E-028   7.8633319569669951E-030   4.5953967819117161E-028   1.3531431361803603E-016   1.5866544308907620E-029   8.4273535509480519E-031   1.2133384031295293E-030   1.6291770484268145E-029   1.0026580499126299E-030   1.7428534618682791E-029  -1.8466557877550324E-016  -1.3474398101625213E-016  -5.2730407027298714E-015
  -3.9791343979819613E-016  -1.0764785312444419E-018   1.1362799238995806E-017   2.9837046038837852E-018  -4.3443498041867985E-015  -1.1752805582060693E-017   1.2405706797401409E-016   1.8709141484942914E-030   4.3239295051034927E-030   1.4776999083019215E-030   2.9332224321407546E-030   2.7891582434982254E-031   3.8560937919927549E-030   8.2478702622925469E-017   2.3467760628651462E-028   2.2994863722876067E-030  -1.0935768511034386E-030   1.0247926427867960E-028  -2.0611228536241167E-030   1.0108850962050361E-028  -1.2659286995313156E-030  -5.0276415953246528E-030  -3.0266525920102738E-031   5.5169114753734643E-031  -1.8370556035328719E-029   6.9475889180629559E-032   5.0082374722146058E-031  -1.9284315490911846E-029   7.1597957971427772E-031  -1.9008361546543233E-029  -6.2259340470283671E-015  -1.6843071050807203E-017   1.7778750747226750E-016   1.5065051751519043E-016  -1.9718192201446908E-015   4.2199464495574162E-028  -4.6315978211205431E-031  -1.2029523427766180E-030   1.8643375905486766E-028   1.1092133756898458E-030   1.8438914972062717E-028   7.7562640791810201E-031  -3.6554825000924479E-031   1.2973827727523152E-030  -8.7859270231878742E-030  -4.2669786831706870E-017  -8.2583264018414183E-030  -3.3172423988910070E-031  -6.9600889437943344E-031  -9.2505254324173804E-030  -8.3612711022913975E-031  -9.5834437543979053E-030  -5.0413052191522829E-015  -1.3638284850689655E-017   1.4395929711909359E-016
   7.5289922944266637E-019  -1.3767108731958176E-018  -7.5711539101673022E-018  -2.7799485010688653E-018   8.2200229820248464E-018  -1.5030690130551851E-017  -8.2660543016042060E-017  -5.7308229239493939E-031  -2.4201760326571639E-030   4.8420598130640829E-031  -2.4259016840131981E-030   1.2005795451519383E-030  -1.2346669929523383E-030  -8.2746097429694166E-017   9.0026766849409426E-031  -1.1790647124337228E-030   3.5506491942946180E-030  -2.0611228536241167E-030   1.6319305431075183E-030  -1.2042049088792851E-030   1.6356145398432277E-030   4.0800690239780188E-030   5.4707038251445304E-031   1.0595811463105272E-030   1.5456935335123370E-029   4.1644560754114350E-031  -1.4127726265019498E-030   1.7796178311561329E-029  -9.8183648404190366E-031   1.5547507418603038E-029   1.1780202621311083E-017  -2.1540642363548257E-017  -1.1846170596425488E-016  -1.4951951493668898E-016   1.7250745175690900E-015  -3.1825966359924991E-030   1.5930096378611296E-030   1.0923596256214380E-030   7.7868482041920356E-031  -6.3819232470641811E-031   4.3303336540630420E-031   2.0176931535859079E-030   1.1648904740999098E-030   3.1620890371015858E-031   1.1438741086912191E-029   3.2085387491847060E-017   7.5417224314058436E-030   2.4118253246724675E-031   9.5689454973275731E-031   7.4848529504977922E-030   6.8228451208934746E-031   8.1997491215399619E-030   9.5387449511794011E-018  -1.7442033910249013E-017  -9.5921609839780866E-017
  -3.9626755523511627E-016  -1.8020010452577791E-018   8.7023199393809881E-018   2.5200210508670526E-019  -4.3263803224750099E-015  -1.9673934341331433E-017   9.5010417199453992E-017  -1.6478689824461934E-031   3.0412565151034982E-030   1.6690063652819678E-030  -1.5153016839604489E-031   8.8723927830401839E-031   1.1323894332113728E-030  -4.1719906164811325E-017   2.3438110170141665E-028   1.6836636701364040E-030   3.5198199247030388E-031   1.0108850962050361E-028  -1.2042049088792851E-030   1.0017598204910033E-028  -3.7342551064340844E-031  -3.2259789158966370E-030  -4.8105688589298104E-032   3.6618726993587213E-031  -1.7448292855382269E-029   2.5665380909334133E-031  -1.9773746117304496E-031  -1.6609189439111760E-029   1.7268550925126239E-031  -1.7205569892822210E-029  -6.2001817911006615E-015  -2.8194925173077299E-017   1.3616044239679870E-016  -6.2839486882821958E-017  -1.0915153923755758E-015   4.1904900948480093E-028   3.5624226526854965E-031  -1.2291305665792691E-030   1.8625073439547444E-028   7.8049194378059231E-031   1.8402858003006455E-028   1.8032606425969774E-030  -4.0989670211037684E-031   1.4478945257742185E-030  -4.3061677042017065E-030  -6.6901536296271260E-017  -7.5112956966457246E-030  -2.3789170147644658E-031  -2.0926380800648312E-031  -8.5857244888184713E-030  -4.6930110150003741E-031  -8.4105400630248153E-030  -5.0204529291613155E-015  -2.2830184572301320E-017   1.1025274982228942E-016
   4.9682660054082490E-018  -1.1367568336700974E-015  -3.7878500452605361E-017  -3.5880652548685766E-018   5.4242665085200135E-017  -1.2410913615451910E-014  -4.1355088711643657E-016   6.5558413489270782E-030  -4.7906084101802791E-030   2.4473630922671444E-030  -9.8469820940579217E-031   2.9712261765253680E-030   7.6899721495028756E-031  -2.0147893593750736E-016  -1.8890292939514287E-030   3.4757141489395778E-028   1.7905328491486976E-029  -1.2659286995313156E-030   1.6356145398432277E-030  -3.7342551064340844E-031   8.1995127622822655E-028   2.0104595980368740E-029   3.5111083132706781E-028   3.8635812125085749E-029   7.7898816306111050E-031  -3.6555381615808573E-031  -1.0924101424862385E-030   4.3412350955121588E-030  -1.2654620807624377E-030   4.8171657275358679E-030   7.7735741958435374E-017  -1.7786212693716347E-014  -5.9266418781369220E-016  -3.3993100210124861E-016   4.2775648333420558E-016  -6.0951184670502090E-030   6.2435889081501960E-028   2.1805215318162648E-029  -1.6283539502667242E-030  -9.1207017529245989E-031  -1.6397816963888188E-030   1.4359541386335720E-027   2.1070020691896578E-029   6.2916663205234052E-028   5.0197266013601278E-029  -8.1681598558041285E-017  -3.3142672268769872E-031   1.0302280934227100E-030   3.8670121039947911E-031  -3.9643944181723691E-031   6.2322531605049334E-031   1.9379497006043330E-031   6.2944708165806008E-017  -1.4401971849441471E-014  -4.7989603498221483E-016
  -1.0865299190417654E-018  -1.4229159309855838E-017  -3.8655023481154561E-016  -2.6181905770517421E-018  -1.1862544887618876E-017  -1.5535148924070410E-016  -4.2202883063294768E-015   1.7015004589634448E-029  -5.5668589327725274E-030  -9.8586792775951625E-031   6.0824783961881427E-030   2.4432498164788328E-030   9.3377332397268679E-030  -3.5702077352891809E-017   6.9393278389213191E-031   4.5762652019661745E-030   1.0426434805340517E-028  -5.0276415953246528E-030   4.0800690239780188E-030  -3.2259789158966370E-030   2.0104595980368740E-029   9.7904260421856934E-029   9.2359382950889509E-030   2.2188400302171558E-028   4.2594517056758585E-029   2.0614321953467714E-030  -1.6994286528432698E-030   4.6396746762454402E-029  -2.2816598476814182E-030   4.0947660625741962E-029  -1.7000339620203838E-017  -2.2263587641770715E-016  -6.0481401910431901E-015  -7.5277279137012470E-017   2.4270025134057860E-015  -7.1326348056800319E-030   1.2431066641706918E-029   1.8771404542816926E-028   6.0972952890010746E-031  -1.9800561292011781E-030  -5.0111681825358690E-031   2.3593964631147034E-029   1.9728050254527871E-028   9.4580504877280851E-030   4.2802637469006605E-028   8.5121511721028097E-017   1.3971422536116709E-029   8.5591378051097714E-031   1.5536428355195394E-030   1.4293469807895408E-029   1.2714037981056565E-030   1.5857451932542029E-029  -1.3765629415194077E-017  -1.8027422026590797E-016  -4.8973407814725484E-015
   1.8228505192549080E-018  -4.8686104065525143E-016  -1.9560586497546013E-017   8.5669163421191444E-019   1.9901565276252340E-017  -5.3154642570241475E-015  -2.1355908501974788E-016   5.8248502764780462E-030  -1.8082247973766787E-030   1.0862579193365439E-030   2.8693447106990888E-030   1.1852102162944189E-030   3.9367730849568886E-030   5.6254019470101674E-017  -7.2772460180029170E-031   1.4902924220129279E-028   8.4967142310586400E-030  -3.0266525920102738E-031   5.4707038251445304E-031  -4.8105688589298104E-032   3.5111083132706781E-028   9.2359382950889509E-030   1.5044634789797788E-028   1.8780177321823363E-029   1.0814693073755742E-029  -1.4121256837440688E-031  -3.9145615020749240E-031   1.1231446252421583E-029  -4.0040426756703964E-031   1.1148695333661174E-029   2.8521145494117205E-017  -7.6176485285959291E-015  -3.0605380284876282E-016   9.3809516296695700E-017   5.2682338890634293E-017  -2.1461676456605205E-030   2.6737105142611471E-028   1.1166610561801500E-029  -6.7146115483581072E-031  -3.4459289143414945E-031  -6.4004842878210824E-031   6.1506212736159409E-028   1.0981202962647995E-029   2.6954855428764781E-028   2.4950251323673250E-029   3.0096599222277898E-017   4.4419398935495400E-030   4.7439804226538426E-031   9.5005498626353483E-032   4.5135330186196768E-030   1.8625788698056658E-031   4.4753882132134395E-030   2.3094333886227335E-017  -6.1682136358650832E-015  -2.4781994508586944E-016
  -1.3159434271596281E-017  -2.4096871974514839E-017  -9.2443354652123372E-016   3.4539955345345996E-018  -1.4367241712139208E-016  -2.6308546174555348E-016  -1.0092804854365884E-014   3.8394717914183920E-029  -3.5974910109044168E-031  -5.4395708665380838E-030   2.0975945016794016E-029  -6.7750257387576274E-031   2.1344740559127511E-029   1.9284815465606480E-017   2.1695469385488745E-031   1.6971569469159948E-029   2.4064056837884089E-028   5.5169114753734643E-031   1.0595811463105272E-030   3.6618726993587213E-031   3.8635812125085749E-029   2.2188400302171558E-028   1.8780177321823363E-029   5.4925784327547695E-028  -1.1802395550025405E-029   2.7197554520513050E-030   3.8493949326713303E-030  -1.3055619340440555E-029  -3.3906871148348551E-031  -1.2799289488888407E-029  -2.0589847357890808E-016  -3.7703058164910083E-016  -1.4464106300153914E-014   5.6138522406301992E-017  -3.7302158401341908E-015   6.6914184642517558E-030   2.0052517695069853E-029   4.6368745283230067E-028   4.9157686449088085E-032  -1.3441016639354404E-030  -8.5305855464322771E-031   4.2852561283468447E-029   4.8714309881714602E-028   1.9764822907279805E-029   1.0062719369922489E-027  -1.4845696051459912E-016  -2.1567034126800958E-029   6.4437872526355702E-031  -1.5427348390446124E-030  -2.0698548330398914E-029  -6.1175246946612529E-031  -2.0191557939433099E-029  -1.6672149779108354E-016  -3.0529174011321013E-016  -1.1711973501573223E-014
  -1.5652763356807628E-018  -1.5129833018138826E-017  -5.8422615447418430E-017   3.2086510503030224E-016  -1.7089415090313962E-017  -1.6518488830916829E-016  -6.3784796539694196E-016   4.5374065200456467E-028  -2.1246965050172230E-029   2.2501192226907648E-029   4.6469378389983579E-028   1.6564039115587212E-029   5.4668525034794733E-028   2.1353795312987165E-014   2.4382188203719668E-029  -1.5501960120782812E-029   4.8472264307009930E-029  -1.8370556035328719E-029   1.5456935335123370E-029  -1.7448292855382269E-029   7.7898816306111050E-031   4.2594517056758585E-029   1.0814693073755742E-029  -1.1802395550025405E-029   2.1276314190319508E-027   1.1079544656419979E-029  -2.6134713458522358E-029   2.0053580546396487E-027  -1.3825090253178785E-030   1.9009093001871912E-027  -2.4491023064329705E-017  -2.3672822551891071E-016  -9.1410672335026641E-016   3.5576842253144454E-014   2.5135401742238773E-014  -3.0267021828975486E-029   1.8738019779391429E-029  -1.4282702698813235E-029   1.4705992310312385E-029  -7.6719956967798823E-030   1.2683285555830967E-029   2.6582209681282636E-029  -8.5135369532620414E-030   5.9538937604129598E-030   1.1459062690839860E-028   1.1642162798504198E-014   9.6249739795494903E-028   1.1118139065906129E-029   1.3827075768159560E-029   9.7683487322429954E-028   4.5228230632987567E-030   9.4670935507758821E-028  -1.9831036028370556E-017  -1.9168517202631358E-016  -7.4017664827127891E-016
  -2.2263472745498212E-018   7.7806382161122036E-019  -6.1299130401291831E-018   5.7713989599122207E-019  -2.4306872748880109E-017   8.4947656273574789E-018  -6.6925325591092430E-017   1.7053237461181232E-030  -5.9580970450376528E-031   1.7196808778238431E-031   1.2594826025885077E-030   3.2700034734364121E-031   1.8325971833128429E-030   5.9834377779001765E-017   1.6661216997908356E-030  -6.1672480041123393E-031   2.0760387582264753E-030   6.9475889180629559E-032   4.1644560754114350E-031   2.5665380909334133E-031  -3.6555381615808573E-031   2.0614321953467714E-030  -1.4121256837440688E-031   2.7197554520513050E-030   1.1079544656419979E-029   1.4802760044792414E-031  -3.9257202784016620E-031   1.1148226184664936E-029  -2.2307939380916745E-031   1.0261632988300146E-029  -3.4834438626048079E-017   1.2173939237103546E-017  -9.5911398019673076E-017   9.7245309071732751E-017   4.5226668547222541E-016   1.6726608381744372E-030  -1.7446388209231308E-031   2.3273256943339492E-030   1.3205528093425841E-030  -1.7104762174966261E-031   1.2188771070409977E-030  -8.3812973104522528E-031   2.4798862928121104E-030  -5.0617570052166400E-031   7.5923343232895111E-030   4.8796239607480604E-017   5.0617410581773804E-030   9.4952912229714285E-032   2.5506397160480485E-031   5.0994141866070106E-030   1.6234285405085467E-031   5.1511679636789660E-030  -2.8206376091561976E-017   9.8575640136993181E-018  -7.7662022719875201E-017
   4.4228700770595075E-018   1.1531348868991343E-018  -1.3552054126755679E-018   2.5804323450880716E-019   4.8288127093591282E-017   1.2589726355160607E-017  -1.4795897248834487E-017  -2.1000106212007287E-030   2.0786571540338924E-030  -6.0876255053234258E-031  -7.9719293155686236E-031  -1.1080172125463825E-030  -2.3114131069730359E-030  -6.7731552051866174E-017  -3.9336041522624948E-030   1.1549058880526440E-030  -1.1900895666172577E-030   5.0082374722146058E-031  -1.4127726265019498E-030  -1.9773746117304496E-031  -1.0924101424862385E-030  -1.6994286528432698E-030  -3.9145615020749240E-031   3.8493949326713303E-030  -2.6134713458522358E-029  -3.9257202784016620E-031   1.3608980873208281E-030  -2.7294634936103777E-029   8.0915370131101774E-031  -2.4773556653823997E-029   6.9202230043597890E-017   1.8042471138449261E-017  -2.1204158180142574E-017  -1.0316514309359083E-016  -1.5928709229170775E-015  -2.5770702784605181E-030  -1.3203770418124952E-030   3.1359667878490563E-030  -3.1489672418544030E-030   5.5101102052616050E-031  -2.8313474277545108E-030  -1.6216048264570720E-030   3.2277246730739389E-030  -2.0856653432808697E-031  -1.5407877129610439E-030  -1.0102330981364243E-016  -1.2415697975017411E-029  -2.6035544938607943E-031  -8.8352196061897902E-031  -1.2439280806856699E-029  -5.8764611518760643E-031  -1.2831362234272279E-029   5.6034895464769323E-017   1.4609471162014545E-017  -1.7169573672615124E-017
