   3.1008224852292397E-002  -2.4132566646688909E-017  -1.3308449261600263E-016  -7.1827670544274090E-017   1.6591467323104447E-017   1.8261849522925446E-017   1.7866894916608857E-017   7.6380693358018898E-019   1.2143615960255683E-017   2.9713625385104607E-017   6.7173357956599816E-002   1.1693748373646427E-016   2.1305739918726401E-017   1.7064846422233340E-002  -5.3173292698296023E-017   2.2140974821975223E-016  -2.6043522459140850E-003  -2.3555471121600332E-015   1.2698341103807704E-015  -4.4964888292792423E-016  -2.9955860590870877E-015  -1.4673841941825142E-018  -6.9389894005448386E-018  -1.6163772859687113E-015   3.5359629600527092E-018  -1.6206596304558502E-015   1.1384873739990862E-017  -1.3996709665941529E-017   7.7652068921712921E-018  -3.0423414908382383E-017   2.5055934804538931E-017  -9.8377374513059096E-018  -3.1519210821753581E-018   1.6594783897097430E-017  -8.4491900174618783E-018   1.0614696834684245E-017  -1.0330074538085531E-015  -7.1320541078588892E-016  -5.3602320715872053E-016  -5.7790347327720076E-018  -1.0779294963822978E-017  -6.0276872879546397E-017   8.9709421840542716E-019  -4.9071978576361598E-017  -1.5796125781797901E-017  -5.1922471040571068E-018  -7.6216683954467322E-018  -1.5152351492830488E-017  -2.0451426021189377E-016   3.0145621764749210E-016  -5.0034501256697102E-017   1.4201339625350722E-016   2.7946220050122878E-017   6.9431963960852048E-017   1.7696169378310321E-003  -2.0886863472404996E-017   4.4297085444993880E-017  -2.3167222812553789E-015   3.3081352473500740E-015  -5.6318534185467819E-016   1.5623268309309427E-015   2.8877321216713661E-016   7.3367305200655842E-016  -9.5256623950540068E-016   7.6116691420322047E-016
  -2.4132566646688909E-017   3.1008224852298000E-002  -2.4865735862860270E-016  -3.3802125869865057E-016   4.6651216725578608E-017  -8.2279175063553060E-018  -6.1028975117629466E-018   3.9122472091192409E-017  -5.0343851853152822E-018   6.0915049010126764E-017  -2.8703882233150778E-016   6.7173357956603674E-002  -1.7982662913307970E-016   3.5126978979506377E-017   1.7064846422233819E-002  -1.1878870647164385E-016   1.2102608898862937E-015  -2.6043522459083530E-003   1.6970273558171222E-014  -1.2742881137851570E-015   4.9271744479167570E-017  -1.0563594539280749E-015  -7.5787240490800060E-018   2.4609841633560247E-017   2.1324666059730428E-018   2.9658376157071471E-017  -2.2111876443612782E-015   4.9054239561675017E-019  -1.2699419502165933E-015  -2.6024887526709520E-018   9.3961960469490612E-017   1.9427963732720768E-017  -5.1454666569879588E-018   9.5645520292615582E-017   1.0981168272000958E-017   9.4657838771301390E-017  -4.8899823925106273E-015  -2.4022309776783940E-015   5.0843643022704408E-017   1.3616187558773119E-016   3.8673110832867128E-018   1.6792557463988733E-017  -1.1152839826738839E-019   2.2222569902262420E-017  -4.9562603069970518E-016   4.5689854737020932E-018   3.1088308967793556E-017   9.4087951011725852E-019   2.1923104692492530E-016   4.4790775887797885E-017  -2.2547576505324953E-016  -1.7154747020557608E-016   1.1411787527231570E-016   1.2928951379846815E-017   7.0050588630087871E-017   1.7696169378315701E-003  -2.3516051570165682E-017   2.1776926206830577E-015   5.8483645243672902E-016  -2.5493226378703853E-015  -2.1894455126342686E-015   1.3237088669877192E-015  -1.2213440942534273E-016  -3.7553892828349001E-015   3.8621596770183421E-015
  -1.3308449261600263E-016  -2.4865735862860270E-016   3.1008224852303718E-002   2.5673733447789447E-016  -6.2666569883793928E-017   1.2427263200045442E-017   6.7505839837134923E-018  -5.4858007403826824E-017  -5.2738562890976408E-018  -8.3975097197933875E-017  -2.0019433695921382E-016  -3.5534304126418512E-016   6.7173357956608476E-002   1.4952589918123850E-017   2.6769695695251056E-016   1.7064846422233115E-002   7.3588585081003232E-016   6.9875171694164702E-015  -2.6043522459049733E-003   4.8569689306727195E-017  -3.2426342183414437E-017   1.7430761364505883E-017  -7.3166125288890785E-016  -1.2569842531419858E-017   1.8454270791405337E-018  -1.2410367462229754E-017   3.3145549411143006E-017  -8.9847531208286378E-016   2.1597856007118596E-017  -8.1321942646970716E-016  -6.3137924360543266E-017  -2.5214515654381274E-018   4.4276176451663819E-018  -5.3090570389917175E-017   6.4298890426531675E-018  -4.9288493861741607E-017   4.2529421528339799E-017  -1.0168466071325361E-016  -2.2230721260204377E-017   2.1754277114570582E-017   2.4570341665785322E-016  -7.2190670444987603E-018   1.4139045499413508E-018  -1.2225421654462779E-017   4.6240711727673837E-017   1.0491752041782477E-016   2.1588985347920620E-017  -4.0791676222712500E-016  -2.2501604715611401E-016   9.5367196543284781E-018   1.9925497892802503E-016   1.6718420434357722E-016   1.6781886200946969E-016   3.4493658898789855E-017   3.9648793782910232E-020   1.4394975146042657E-016   1.7696169378323549E-003  -2.4447018149763832E-015   1.0220580268020666E-016   2.2490153462306132E-015   1.9589316668341014E-015   1.8849008267867816E-015   4.8303277441288285E-016   1.0055356264959084E-017  -2.7689600984792035E-015
  -7.1827670544274090E-017  -3.3802125869865057E-016   2.5673733447789447E-016   7.2664140042083758E-005  -4.5917057765528837E-016   3.1318802368371342E-018   5.7466704520556413E-018  -5.2433568640356040E-016  -3.9030745774474422E-018  -4.5706149259706115E-016  -2.0379599318502005E-016  -9.7000516070094023E-016   5.9290851109016650E-016   1.2755024958244636E-017   1.8475978176237291E-016   1.2461556864772095E-016   2.3409029456043378E-015   1.8737715744858098E-014   4.6011356195954702E-015   2.4177983470991525E-003   5.0033277398232276E-018  -1.6942733608880430E-018  -1.9570822184046639E-018   1.6271882580467998E-018   2.3136744074328142E-018  -6.0298386556806053E-019   5.6172705247133095E-019   1.1282608000839716E-018  -4.2931734866283193E-019   3.6457076175365940E-018  -7.7071758042534391E-016  -7.6076538310791907E-018   4.9362035364394279E-018  -8.2234089741681857E-016   2.1574184058081036E-018  -8.2757102541694431E-016   7.0358578073831477E-003   4.5215464588976573E-003   4.0681274336025587E-018   4.4098187096329181E-018  -3.4421739917226171E-019  -1.1802173709323858E-018  -4.6473598254964554E-019   3.3828385019920551E-018   8.4369678366460989E-019   2.6334203584494608E-019   2.8349887717717371E-018  -2.7545040021288173E-018   1.9572565882500505E-015  -1.3206912128118858E-016   2.6911712930766288E-016  -2.2723580751300229E-015   1.4411067993395831E-016   4.4494978339041906E-016   1.7609986596883122E-017   1.6725548231033238E-016   1.8118685990015409E-020   2.1778362500170259E-014  -1.4482586372210914E-015   2.9927721678939429E-015  -2.5599451027651355E-014   1.6003701491567025E-015   4.5325739099800445E-015   5.8981167148142661E-003  -1.5836916215387620E-003
   1.6591467323104447E-017   4.6651216725578608E-017  -6.2666569883793928E-017  -4.5917057765528837E-016   2.2070617358034389E-006  -3.7098441978628235E-018   3.7965573843648524E-020  -1.1035308678955702E-006  -6.9652389660525575E-019  -1.1035308679035135E-006   3.6745928951782508E-017   9.9058917710529213E-017  -1.3618618993638006E-016   1.6830276196061445E-017   1.6866985618799200E-017  -2.4631537314763269E-017  -1.5340096634663113E-015  -5.5565190191509790E-015   2.8582493663887423E-015  -1.6891541931195383E-014   4.6127474026840754E-019   2.0721894316998217E-018  -2.3100088015676540E-018  -2.3406731907995587E-018   6.8953721535639497E-019  -3.3745575367887164E-020   4.7557647120323548E-019   1.1835432576730900E-019  -7.2266663159690781E-019  -1.3118684657410627E-018   2.2528983546020111E-006  -2.8209807269460277E-018   2.7413053979187001E-018  -1.1264491773002991E-006  -1.3318029918246100E-018  -1.1264491773061426E-006  -4.8281309631714639E-014  -3.1832139584193501E-014  -1.0014488583382719E-018  -7.4649239932641400E-019   1.2875324660574268E-018  -3.3164170348867192E-019   1.6428470689758264E-019   9.9381880819121857E-020  -6.6431017917136568E-019   4.8410083438582163E-019   1.5197814501855883E-018   5.7245547594729097E-019   1.8198458746811747E-004  -1.7758515246900844E-016   5.5057272266046707E-017  -9.0992293733848672E-005  -1.3735053905370287E-016  -9.0992293734307235E-005   2.5354190503618651E-018  -2.5654171309591067E-019  -1.9503204546039873E-018   2.0367254585521464E-003  -2.0171690739282526E-015   6.4704693316029609E-016  -1.0183627292735618E-003  -1.5517011644254830E-015  -1.0183627292787291E-003  -4.0947978493504304E-014  -1.3674925922142876E-014
   1.8261849522925446E-017  -8.2279175063553060E-018   1.2427263200045442E-017   3.1318802368371342E-018  -3.7098441978628235E-018   2.2070617357978464E-006  -3.2644035379391551E-018   6.4505563521182510E-018  -5.4144913196846390E-018  -1.3458903365017717E-018   5.6358440648244159E-017  -2.3335063166158675E-017   2.0039714416338509E-017  -1.3143046565527090E-017   2.8690572974587866E-018   6.1938677244153478E-018   1.4695294257889847E-015   2.1418757435607142E-015  -3.0914658717470785E-015   1.7339034063296573E-016  -1.0600509444002426E-018  -1.8237379634982169E-018   1.3415865168680953E-018   2.8029176618060177E-019   4.0140300798957980E-019   1.6769125799463546E-018   1.3672149507284466E-019   7.2723147852321891E-019  -2.0732397165108788E-019   1.7549758627349438E-019   1.5394909113254008E-019   2.2528983546096861E-006  -4.1203285863056766E-018   3.3624089534477312E-018  -1.4902903347118433E-018   2.1052566143879200E-018   4.7178921257239610E-016   3.2949192601183323E-016  -3.1767767500032847E-020   1.0698419600501960E-019   9.2969045535117608E-019   4.3086301267273441E-019  -3.5785605458531348E-019  -1.7152654544277440E-019  -2.1982129778536345E-019   2.2230794831787607E-019  -7.4003141185258119E-019   2.2728711319573561E-018  -1.2549928005372584E-016   1.8198458746787781E-004  -2.1305494499414772E-016   2.1766360328368584E-016  -2.4669932501116620E-016  -9.2854510325354288E-017  -9.8923746300275308E-018   2.6020928431277022E-018   1.5917042635150483E-018  -1.4067568716020193E-015   2.0367254585496064E-003  -2.3990581100538712E-015   2.4472684758632453E-015  -2.7679594245631137E-015  -1.0372264796194785E-015   4.1309620298645723E-016   3.1709237044428455E-016
   1.7866894916608857E-017  -6.1028975117629466E-018   6.7505839837134923E-018   5.7466704520556413E-018   3.7965573843648524E-020  -3.2644035379391551E-018   2.2070617357980039E-006   9.8300314502897337E-019   4.3325688119319033E-018  -3.8920528613039071E-018   3.0619275694550932E-017  -2.2786880097813363E-017   1.3553932115232211E-017   1.6279625860646104E-017   1.4438303236986910E-017  -2.1709717227707596E-018  -1.1000798877603885E-015   7.2635344268124694E-016   1.3466304975944117E-015   9.3881138319886079E-017   4.0021719583822359E-020  -8.0133922100762784E-019  -1.3046240037504622E-020   8.0236323588388915E-019   3.4236545290049680E-019  -1.3468108415969937E-019  -1.6321575508986316E-018  -4.3528115498830696E-021  -5.3340207157833181E-019  -8.4560236399723965E-020  -6.4435763695355019E-018   2.6773788930140346E-018   2.2528983546051316E-006  -5.3772667085344784E-019   2.1121191154455808E-018  -4.7777205521660239E-018   2.7407680572023360E-016   1.6533853214188154E-016   6.3563592849254871E-019   1.8848532320230275E-019  -7.0077335570713656E-019   8.4518745424236437E-020  -1.7223571207584032E-019  -2.9354310842989850E-019   9.8085060346795122E-019   2.3431388580237605E-019   3.8976903615744634E-019   5.6696530957545037E-019  -5.4430904636459924E-017  -5.7456846088490592E-017   1.8198458746788475E-004   1.4825364144934424E-016   9.9427990304807694E-017  -9.7473366924663830E-017   4.1872979165976965E-018   6.0554522836054350E-018  -1.7373231884858066E-018  -6.1199942295536167E-016  -6.1359669879204190E-016   2.0367254585496809E-003   1.6886727695589916E-015   1.1177778512752414E-015  -1.0777877706469485E-015   2.1870495682757674E-016   2.0174692593446467E-016
   7.6380693358018898E-019   3.9122472091192409E-017  -5.4858007403826824E-017  -5.2433568640356040E-016  -1.1035308678955702E-006   6.4505563521182510E-018   9.8300314502897337E-019   2.2070617357925757E-006  -2.0257152320336565E-018  -1.1035308678972272E-006   4.4446744293419753E-018   7.9063665072163297E-017  -1.1389732371135659E-016  -7.5327532616778413E-018   3.2677102419086241E-017  -4.1444482395822155E-017  -6.9166402021664423E-016   3.1300772650106445E-016   1.5829153217939926E-017  -1.7215354608572307E-014  -3.2044698614809517E-019  -9.8055692440783960E-019   6.3445458923436849E-019   1.5502830949441675E-018   5.0358623561560868E-019  -2.1709361908106942E-019   8.6251616945099839E-019  -1.0730489420789186E-018  -3.2493194878118266E-019   2.1341313948122050E-018  -1.1264491772946223E-006   2.6869852743295823E-018  -2.4640296550779144E-018   2.2528983545916316E-006  -9.0082765128432425E-019  -1.1264491772919878E-006  -4.9844027681830744E-014  -3.2655470390262659E-014   4.7517250261217328E-019   8.6227175824333477E-019  -1.6390562932680630E-019   1.7303395903254269E-020  -5.0252523932532107E-019   1.3120518214444786E-019  -3.4213920808628865E-019   3.9196670222843037E-019  -1.5364577342496309E-019   2.9777752360817413E-019  -9.0992293733786452E-005   3.1229126541474930E-016  -6.9017547351765303E-017   1.8198458746769675E-004  -5.0628314518520082E-017  -9.0992293733890603E-005  -2.0167305108107674E-018   7.4492495258365737E-018  -8.1664675856399002E-018  -1.0183627292729802E-003   3.5088322105257098E-015  -7.8272987858072191E-016   2.0367254585472224E-003  -5.4011888356243303E-016  -1.0183627292741689E-003  -4.1857365161546854E-014  -1.3518735129810207E-014
   1.2143615960255683E-017  -5.0343851853152822E-018  -5.2738562890976408E-018  -3.9030745774474422E-018  -6.9652389660525575E-019  -5.4144913196846390E-018   4.3325688119319033E-018  -2.0257152320336565E-018   2.2070617357908609E-006   2.8575883534810711E-018   2.5420036674273851E-017  -6.5082483859958257E-018   1.0527907842006445E-018   5.9700891501684905E-018  -1.1361396565107810E-017  -1.7900067921892696E-017  -2.5955401201080109E-016   2.2769572382902065E-016  -1.4777270622001913E-016  -2.5028933360048590E-016  -2.4491453358624564E-019   6.2552520024955550E-019   5.7902403875196718E-019   6.1246019868409108E-019   4.9293921720988540E-019   2.1716816792559527E-019   1.3208764968068241E-018   1.3885292777951307E-018  -1.1550059465215230E-018  -2.4509821454227246E-019   4.3400508996634849E-019  -5.8227199510816497E-019   3.7041406986455726E-018  -4.1164589440202450E-018   2.2528983546059727E-006  -1.4121603626946876E-018  -6.5875650410597133E-016  -4.9596856586576381E-016   4.1066837678450303E-019  -1.7017884194598758E-019   7.3857077770087591E-020  -2.8144001111503742E-019  -7.7526760508400167E-020   7.0139203325355953E-020   7.1069987556386998E-019  -8.6384496819518285E-019   1.5537128037193957E-019   5.3978672006782093E-019   8.1249898696270272E-017  -1.9889419467370442E-016   2.5772535865967725E-016  -1.1907590190967542E-016   1.8198458746759334E-004   3.6076519009572478E-017   3.7020517187844647E-019  -4.1626902586874416E-018  -8.0604193435370488E-018   9.0562680045081199E-016  -2.2301991722779597E-015   2.8760805550156556E-015  -1.3248497484407999E-015   2.0367254585463828E-003   4.1877326531196220E-016  -5.8361439823427639E-016  -1.7186496717011814E-015
   2.9713625385104607E-017   6.0915049010126764E-017  -8.3975097197933875E-017  -4.5706149259706115E-016  -1.1035308679035135E-006  -1.3458903365017717E-018  -3.8920528613039071E-018  -1.1035308678972272E-006   2.8575883534810711E-018   2.2070617357966076E-006   6.2242484438146465E-017   1.4312895750867381E-016  -1.8789357199177336E-016   1.3572973924035265E-017   2.3993251328702994E-017  -4.1784027820437235E-017  -8.0293219690791681E-016  -1.9391603094611040E-015   1.6628729971047671E-016  -1.6054318466540613E-014  -1.4082775427331570E-019  -1.0916325073034011E-018   1.6755542123682631E-018   7.9039009579569084E-019  -1.1931234510240219E-018   2.5083919442620913E-019  -1.3380926406892171E-018   9.5469461627973948E-019   1.0475985803337555E-018  -8.2226292909943720E-019  -1.1264491773029431E-006   1.5577851873758423E-018  -3.2079870381278296E-018  -1.1264491772915590E-006   2.3707908192996229E-018   2.2528983545939114E-006  -4.6234617549483914E-014  -3.0346117240592255E-014   5.2627635560358399E-019  -1.1577935898642958E-019  -1.1236268367271100E-018   3.1433830755601675E-019   3.3824053243178847E-019  -2.3058706301510991E-019   1.0064493871827665E-018  -8.7606753657980275E-019  -1.3661356768151290E-018  -8.7023299951902063E-019  -9.0992293733971932E-005  -1.9695245658311455E-017  -2.2277667465641045E-016  -9.0992293733866358E-005   1.9913915475122699E-016   1.8198458746785705E-004   4.6253334549967354E-019  -2.8631424237753928E-018   3.2163128455048875E-019  -1.0183627292751473E-003  -2.0449064118657039E-016  -2.5138170752021874E-015  -1.0183627292738653E-003   2.2167232856803500E-015   2.0367254585490838E-003  -3.8880795162278302E-014  -1.1699657305460265E-014
   6.7173357956599816E-002  -2.8703882233150778E-016  -2.0019433695921382E-016  -2.0379599318502005E-016   3.6745928951782508E-017   5.6358440648244159E-017   3.0619275694550932E-017   4.4446744293419753E-018   2.5420036674273851E-017   6.2242484438146465E-017  0.14551863669483850       -2.5319866611831130E-016   2.2109278020541778E-016   3.6966736719709438E-002  -2.5171948877489371E-016   5.5443889941894024E-016  -6.6115479714310751E-003  -1.7319899423768194E-014   2.2746452876184459E-014  -2.5454700150972953E-015  -6.4892601534211407E-015  -3.3524553948447649E-018  -1.4912165041965074E-017  -3.5008921478008187E-015   7.7047917294242194E-018  -3.5107296153569625E-015   2.4830498120537837E-017  -3.0227680238644320E-017   1.6666949776602849E-017  -6.6283029129764184E-017   5.4539148349382684E-017  -3.0099848008044722E-018  -1.6361567137015238E-017   3.8770219102709310E-017  -1.9456248135562367E-017   2.0816640481293578E-017  -6.8080030068152380E-015  -4.4849847106574908E-015  -1.1643121980656310E-015  -1.2207293630469074E-017  -2.3593554102903471E-017  -1.3174757279068542E-016   1.9597671205160027E-018  -1.0679328560395616E-016  -3.4334281166838099E-017  -1.1195857051284146E-017  -1.6636269692507209E-017  -3.2711938421741235E-017  -4.3728428852041514E-016   2.0957329771002223E-015  -8.1829115841251063E-016   5.0966757835928094E-016  -2.2954327291243356E-017  -5.7183717358523536E-017   3.8329882741558190E-003  -6.2675830552260037E-017   1.1621515020530305E-016  -4.9625219518764174E-015   2.3323584693575804E-014  -9.1724170910356235E-015   5.6489219108186853E-015  -3.0857388984934255E-016  -7.3150519378011566E-016  -5.8943956686254806E-015   2.4913439569584971E-015
   1.1693748373646427E-016   6.7173357956603674E-002  -3.5534304126418512E-016  -9.7000516070094023E-016   9.9058917710529213E-017  -2.3335063166158675E-017  -2.2786880097813363E-017   7.9063665072163297E-017  -6.5082483859958257E-018   1.4312895750867381E-016  -2.5319866611831130E-016  0.14551863669482892        8.9907535771086331E-018   1.7048021453129040E-016   3.6966736719705920E-002  -1.3289760316621819E-016   1.0636364792585678E-014  -6.6115479714267070E-003   5.7396661955267543E-014  -1.0128788853559519E-014   1.0570639873886925E-016  -2.2918963249081860E-015  -1.7167895666580085E-017   5.2970221402606040E-017   4.7062220270489478E-018   6.5351125185483076E-017  -4.7950576389853323E-015  -7.2901928222253820E-020  -2.7543745147048510E-015  -6.7773351461333997E-018   1.9986219497290993E-016   3.8607075111272605E-017  -2.0533575368178507E-017   2.0494127009402638E-016   2.9263384187504730E-017   2.1781024287272412E-016  -3.2252705824121000E-014  -1.8886944948225270E-014   1.1040676558687219E-016   2.9566876671320187E-016   8.3834443679192701E-018   3.6268762907786031E-017  -3.3113062839012352E-019   4.7744967482582727E-017  -1.0793201532505597E-015   1.0905559824125595E-017   6.7346975692867271E-017   2.0521213803182901E-018   8.8885972541132932E-017  -2.7306531349196278E-016  -1.2480626884176368E-015  -8.2771987747121465E-016   6.1792498999646490E-016   8.7177424827059995E-016   1.6165987366872980E-016   3.8329882741565025E-003  -2.9302747555178393E-017   3.8238759502861655E-016  -2.8599299033901234E-015  -1.4022931002139341E-014  -9.8497646133990597E-015   7.0267638513571838E-015   9.1735403419592421E-015  -2.6205467320734298E-014   2.0516818619542346E-014
   2.1305739918726401E-017  -1.7982662913307970E-016   6.7173357956608476E-002   5.9290851109016650E-016  -1.3618618993638006E-016   2.0039714416338509E-017   1.3553932115232211E-017  -1.1389732371135659E-016   1.0527907842006445E-018  -1.8789357199177336E-016   2.2109278020541778E-016   8.9907535771086331E-018  0.14551863669482290        2.2425614843646528E-016   7.8777423424096692E-016   3.6966736719700237E-002   1.4395666945785744E-014  -8.4619992013865106E-015  -6.6115479714114198E-003   9.8663304564932429E-016  -6.9967479806177742E-017   3.7363756643809872E-017  -1.5863787733199463E-015  -2.6884685208022802E-017   3.4597179470872856E-018  -2.7120727621976698E-017   7.0054468548789830E-017  -1.9471412039128058E-015   4.5707946273150295E-017  -1.7654436690645542E-015  -1.3480141585677587E-016  -1.4564681643077659E-017   9.7653708797879402E-018  -1.0904861116070507E-016   2.6916842498832890E-017  -1.1201190803507666E-016   2.9146760949479795E-015   1.2246552778242918E-015  -4.7763373104142402E-017   4.7907232933554266E-017   5.3107473127499891E-016  -1.5891724294388494E-017   3.2780081087802208E-018  -2.6481012838054194E-017   9.9746264947243190E-017   2.2748336942488997E-016   4.6647794225232471E-017  -8.8706182021169746E-016  -4.0856077623325967E-016  -6.6975097245985715E-016   3.9681092546938695E-016   7.7023088515585854E-016   1.3858497516632320E-015  -4.1199807969257099E-016   3.1056028995488349E-017   3.3649487823455649E-016   3.8329882741577784E-003  -4.4170785532771442E-015  -7.5112028293895074E-015   4.4865890083799656E-015   8.8068312040705240E-015   1.5530053718561302E-014  -4.3986011123196825E-015   2.2751751690008143E-015  -2.0293219727548047E-014
   1.7064846422233340E-002   3.5126978979506377E-017   1.4952589918123850E-017   1.2755024958244636E-017   1.6830276196061445E-017  -1.3143046565527090E-017   1.6279625860646104E-017  -7.5327532616778413E-018   5.9700891501684905E-018   1.3572973924035265E-017   3.6966736719709438E-002   1.7048021453129040E-016   2.2425614843646528E-016   9.3933564848439986E-003   1.2097207332838045E-018   1.3967181403589426E-016   5.7116456841334946E-004   1.2698473987223999E-014  -1.7052683737511504E-014   1.2620759016341411E-015  -1.6487786657100722E-015  -4.4861330579867275E-019  -4.0664271028001309E-018  -8.9094807802560162E-016   1.8533384495230641E-018  -8.9214604178093872E-016   5.9195393414611463E-018  -7.8961167592954545E-018   4.5935843623400987E-018  -1.5964672614814155E-017   2.2806218069545190E-017  -3.1476403161557888E-017   7.4913070444642243E-018   1.0705383060584828E-018  -4.8660030710366944E-018   3.0200383569309315E-018   3.9370876503679238E-015   2.3578029800051328E-015  -2.8854011926090520E-016  -3.8250416346595725E-018  -5.4313962462652368E-018  -3.0755352854133833E-017   4.5983250201625835E-019  -2.5996646495638871E-017  -8.4553974333108401E-018  -2.9652553894678257E-018  -3.9352711080590809E-018  -8.5718277004403737E-018   6.4739360097597121E-016  -1.8656158495607122E-015   5.9328317266805525E-016  -5.1968250501839213E-016  -2.1960932095941289E-017  -1.2427841337868399E-016   9.7500830217516876E-004  -6.7670029409156829E-018   1.1243704951439091E-017   7.2471173399234495E-015  -2.0938322186311259E-014   6.6533034379790831E-015  -5.8381785938495876E-015  -2.5961232159964531E-016  -1.4199003274911870E-015   3.2029451662677111E-015  -5.4488129216099663E-015
  -5.3173292698296023E-017   1.7064846422233819E-002   2.6769695695251056E-016   1.8475978176237291E-016   1.6866985618799200E-017   2.8690572974587866E-018   1.4438303236986910E-017   3.2677102419086241E-017  -1.1361396565107810E-017   2.3993251328702994E-017  -2.5171948877489371E-016   3.6966736719705920E-002   7.8777423424096692E-016   1.2097207332838045E-018   9.3933564848427461E-003   8.1108607744938062E-017  -9.5090073319398949E-015   5.7116456837772475E-004  -6.0782563532740861E-014   1.0536721158870299E-014   2.9247706429836757E-017  -5.7412173958185780E-016  -2.6204624196544897E-018   1.4251081718038651E-017   9.9447394117963524E-019   1.4044222298165485E-017  -1.2066685494383009E-015   2.6171977710470745E-018  -6.9209155881716370E-016   9.2321911378984851E-019   4.6120523833659503E-017   1.3807968670151051E-017   1.4553722818517454E-017   5.6678408052323053E-017  -4.7633440638751214E-018   3.9570331950573328E-017   3.0445718073888221E-014   1.9504811254207316E-014   2.7435676978685564E-017   7.3486953943672076E-017   2.1166125818321694E-018   9.4669763666353468E-018   1.2367346234086382E-019   1.3048262821246895E-017  -2.6109795598351580E-016   4.3146705591920944E-019   1.7108648782305129E-017   4.8909271838008962E-019  -1.4878105263912034E-016   4.6032563394682634E-016   1.2830792794351025E-015   7.9807119124773888E-016  -6.6227760633090224E-016  -6.1931254472442400E-016   3.9371558075895371E-017   9.7500830217530287E-004  -2.8408178111158021E-017  -1.7864641703278300E-015   5.1665039791392130E-015   1.4343436326108208E-014   8.7881286297807382E-015  -7.4077354360905970E-015  -7.0675015297057433E-015   2.5538669625158867E-014  -1.9670164224208474E-014
   2.2140974821975223E-016  -1.1878870647164385E-016   1.7064846422233115E-002   1.2461556864772095E-016  -2.4631537314763269E-017   6.1938677244153478E-018  -2.1709717227707596E-018  -4.1444482395822155E-017  -1.7900067921892696E-017  -4.1784027820437235E-017   5.5443889941894024E-016  -1.3289760316621819E-016   3.6966736719700237E-002   1.3967181403589426E-016   8.1108607744938062E-017   9.3933564848402273E-003  -1.2492313018412316E-014  -1.9861765860451864E-015   5.7116456837332983E-004  -1.3939928254734621E-016  -1.8419823919035685E-017   1.0412576096434119E-017  -3.9981443874787897E-016  -7.6316735632933817E-018   2.1277467212760704E-018  -6.3419096821820097E-018   2.1856280483435121E-017  -4.9287477932756894E-016   1.4117677962400102E-017  -4.3976918336753765E-016  -2.9677733145531914E-017   2.2488768073081438E-018  -6.1882926921667455E-018  -4.2601533486593045E-017  -1.2289409009948381E-017  -2.4388641791462944E-017  -7.6410723234357146E-016  -9.1799819348351468E-017  -1.3051204159585273E-017   1.0358223062394814E-017   1.3768769502707028E-016  -3.4499282183844395E-018   3.3359468233020337E-019  -6.7342795018978750E-018   2.6326984952121765E-017   5.7326715873467185E-017   1.2130394844482463E-017  -2.1748577913517478E-016   4.5229224628461452E-016   2.0625906194869390E-016  -4.8602471371670523E-016  -8.3713732502774317E-016  -1.1307599979927088E-015   3.7152647749587720E-016  -2.9662434653420633E-018   4.0869749645399425E-017   9.7500830217550215E-004   5.1108384025705194E-015   2.3177170110127434E-015  -5.4381286905611642E-015  -9.3130259353156380E-015  -1.2662704472994572E-014   4.2067135838176515E-015  -5.1664250948647945E-016   1.6764303477811571E-014
  -2.6043522459140850E-003   1.2102608898862937E-015   7.3588585081003232E-016   2.3409029456043378E-015  -1.5340096634663113E-015   1.4695294257889847E-015  -1.1000798877603885E-015  -6.9166402021664423E-016  -2.5955401201080109E-016  -8.0293219690791681E-016  -6.6115479714310751E-003   1.0636364792585678E-014   1.4395666945785744E-014   5.7116456841334946E-004  -9.5090073319398949E-015  -1.2492313018412316E-014   1.9990830897397063       -1.0575593090796848E-015   1.0882325734036430E-014  -6.9720109574748729E-016   4.3085141163922642E-017   3.5806393233032581E-016  -2.4640298979610103E-016  -1.2628237574660230E-015  -9.2658341658711831E-017  -1.0692753195511214E-016  -3.4592775779719116E-016  -1.9155512820690710E-016   3.1859514925614871E-016   7.7872952830777150E-016  -4.1199867713657605E-016  -8.7848568114300511E-016   1.5166687390018216E-015  -6.5135734702659430E-016   2.4699988454051075E-016  -8.0243833310385348E-016   1.2425465413118547E-015  -4.1804796848391770E-015   6.4782114036916913E-015  -6.4237482153618547E-016   5.0032039443331924E-016   2.4153506711582430E-015  -3.3849349119721188E-017   1.0105993995854331E-015   2.3839749385568123E-016  -1.0705582341752664E-016   2.5910486514061675E-016  -2.3107108015814534E-016  -1.6204731774670924E-015   2.4898206308039654E-015  -1.5903653172874403E-015   7.4159744824812090E-016   6.5997921999919975E-017   4.9762282802080920E-016   9.7811115471194815E-004  -5.8394069739756851E-015  -8.0988778995453147E-015  -1.2017298748674403E-015   5.2616623305607255E-015  -2.6449833837510399E-015   1.1855059590590524E-015   1.1584369441211739E-016   4.5937257049146916E-016  -3.2114330087441867E-015  -1.4698401078821696E-016
  -2.3555471121600332E-015  -2.6043522459083530E-003   6.9875171694164702E-015   1.8737715744858098E-014  -5.5565190191509790E-015   2.1418757435607142E-015   7.2635344268124694E-016   3.1300772650106445E-016   2.2769572382902065E-016  -1.9391603094611040E-015  -1.7319899423768194E-014  -6.6115479714267070E-003  -8.4619992013865106E-015   1.2698473987223999E-014   5.7116456837772475E-004  -1.9861765860451864E-015  -1.0575593090796848E-015   1.9990830897397025        1.9094414070702912E-014  -2.7072716054806691E-014   2.1217914781868744E-015   7.2962968660133388E-015   1.5466941064975987E-015   7.0344637716228498E-016  -1.7877483898756409E-016  -2.2739296854120042E-015   1.0378127326359068E-014   2.3406829278154610E-015   6.8870799644495769E-015   2.3491380647863781E-015  -2.2854635462088453E-015  -2.2383306462589444E-015  -3.7581208820976709E-017  -7.0015008124340080E-015  -1.8006951018531825E-015  -4.7691672008590544E-015   3.1304652078437246E-014  -3.3784711370030448E-014  -5.4801031823319104E-016  -1.4548269434086837E-015  -1.1988319519747615E-017   2.2344350935714270E-016   1.8454718250425139E-016   8.1431428626665880E-016   1.1670631302184715E-014  -2.0776008007198540E-015  -2.8808915591282704E-018  -2.8703622624796413E-017  -2.3968202138756974E-015   2.7716627314532100E-015  -2.5446794562664645E-016  -4.6144852109311214E-016   2.0565383607785710E-015  -5.1692096371774580E-016   8.6689164235677563E-015   9.7811115472096850E-004   1.3632389740334618E-015   3.5987453231318618E-015  -2.2440924812380268E-016  -5.0730917441753882E-015  -5.0587171366510305E-016   1.7721554436524408E-015   4.7421224417975247E-015  -1.2046643947802460E-014   1.7664194780849906E-015
   1.2698341103807704E-015   1.6970273558171222E-014  -2.6043522459049733E-003   4.6011356195954702E-015   2.8582493663887423E-015  -3.0914658717470785E-015   1.3466304975944117E-015   1.5829153217939926E-017  -1.4777270622001913E-016   1.6628729971047671E-016   2.2746452876184459E-014   5.7396661955267543E-014  -6.6115479714114198E-003  -1.7052683737511504E-014  -6.0782563532740861E-014   5.7116456837332983E-004   1.0882325734036430E-014   1.9094414070702912E-014   1.9990830897397160       -2.2123026763060836E-014  -5.7022344001514987E-016   8.1611603483887354E-016   2.8963877032187226E-015  -7.1103880831264499E-016   1.1089070115299295E-015   4.8761255003165096E-016   3.6023804029077601E-015   1.6568108092083766E-015   2.2236617729414556E-015   7.8189637506253573E-015  -2.0600953955555306E-015   1.1288706306610968E-015  -1.2346099623948862E-015  -1.8748244648549466E-015  -6.6921720875376293E-016  -1.6141654520391841E-015   3.9725716189971811E-014  -2.6969699924788636E-014  -8.1277326476768835E-016  -1.6112211302803558E-015   2.4415339874301765E-015   5.2211736103772638E-016  -4.4340900911277965E-016  -5.1836239081380772E-018   8.7287688632703332E-016  -4.2051433674910555E-016   2.4676106329929571E-016   7.0190655430941482E-015  -6.3141750036706099E-016  -1.3123476395657454E-015   1.0290251856762411E-015  -2.4851150082747086E-016   1.2544763331550911E-015   4.0837576740659380E-016  -1.2434571267677394E-014  -3.5027341779749406E-014   9.7811115471202296E-004   1.2859371805187317E-015  -2.9108489446381268E-015   2.4186884322371943E-015   4.8474614927138943E-015   2.8504174394480849E-015  -1.1738709004176659E-016   1.4411164711624854E-015  -2.9661928597268444E-015
  -4.4964888292792423E-016  -1.2742881137851570E-015   4.8569689306727195E-017   2.4177983470991525E-003  -1.6891541931195383E-014   1.7339034063296573E-016   9.3881138319886079E-017  -1.7215354608572307E-014  -2.5028933360048590E-016  -1.6054318466540613E-014  -2.5454700150972953E-015  -1.0128788853559519E-014   9.8663304564932429E-016   1.2620759016341411E-015   1.0536721158870299E-014  -1.3939928254734621E-016  -6.9720109574748729E-016  -2.7072716054806691E-014  -2.2123026763060836E-014   8.2388353892014640E-002   2.0268517762255790E-016  -3.9995919868618480E-017  -6.2183801450534494E-017   7.0414280353120211E-017   8.6395098588665376E-017   1.7031503594347309E-017   7.4893585879977335E-018   4.5544139820517156E-017   6.1910144444830251E-018   8.8868143529723292E-017  -2.8073136751404241E-014  -2.2106146240143971E-016   4.2977416815541705E-017  -2.7906051254922991E-014   4.4478171700067228E-017  -2.9288243466616029E-014  0.23835055808237507       0.15496888999869071        1.6111645623023947E-016   1.3385861791825242E-016  -3.3236792158659513E-018   2.9288357801492539E-018  -1.2248080263296814E-017   9.5859246779744978E-017   3.7877852432613298E-017  -1.8967531798709937E-017   9.5227795104416500E-017  -6.1740472734816523E-017  -4.5855516867021475E-015   2.3386741509600626E-016   2.6590556814957856E-016   7.2749727791329877E-015  -3.3030343862757996E-016   2.1007843559115862E-015   6.2464707801910788E-016   5.5528229336087858E-015  -2.8569078370911213E-016  -5.8257882042627543E-014   3.4387466311930574E-015   2.2189979189325004E-015   7.4562822796405618E-014  -3.9935682553207850E-015   7.6187620617730205E-015  0.20039102932877464        8.4833742712115516E-003
  -2.9955860590870877E-015   4.9271744479167570E-017  -3.2426342183414437E-017   5.0033277398232276E-018   4.6127474026840754E-019  -1.0600509444002426E-018   4.0021719583822359E-020  -3.2044698614809517E-019  -2.4491453358624564E-019  -1.4082775427331570E-019  -6.4892601534211407E-015   1.0570639873886925E-016  -6.9967479806177742E-017  -1.6487786657100722E-015   2.9247706429836757E-017  -1.8419823919035685E-017   4.3085141163922642E-017   2.1217914781868744E-015  -5.7022344001514987E-016   2.0268517762255790E-016   2.9361010805995586E-028   7.2502198671127574E-030   1.0375782170661688E-030   1.5702260131829789E-028  -6.4655864309346526E-031   1.5392054518485881E-028   4.8223087024838598E-030   4.1522465869732676E-030   4.2065199828966132E-030   3.2134826924836450E-030   4.7085456942068536E-019  -1.0820662556537466E-018   4.0852897198869237E-020  -3.2710208156493241E-019  -2.5000095864459337E-019  -1.4375248813160775E-019   5.6365110189819063E-016   3.9572689124590068E-016   5.1405525067636555E-029  -4.0316089532547425E-031  -7.6007266668744800E-032   6.1666631061361073E-030   5.0106115438824698E-031   5.5550085553309858E-030   1.2965687769385717E-029  -2.1203157409052669E-030   1.5065873100739716E-030  -8.0101130364202660E-031   3.8034682929524779E-017  -8.7407130794296636E-017   3.3000146802706905E-018  -2.6422646736451941E-017  -2.0194573462343042E-017  -1.1612036193066689E-017  -1.7107346290512502E-016   4.0102679197723563E-018  -2.1735122482562667E-018   4.2567454809373862E-016  -9.7823849274570352E-016   3.6932929356354582E-017  -2.9571557701219416E-016  -2.2601255670932307E-016  -1.2995897108151426E-016   4.8339273612137707E-016   1.0330452681707394E-015
  -1.4673841941825142E-018  -1.0563594539280749E-015   1.7430761364505883E-017  -1.6942733608880430E-018   2.0721894316998217E-018  -1.8237379634982169E-018  -8.0133922100762784E-019  -9.8055692440783960E-019   6.2552520024955550E-019  -1.0916325073034011E-018  -3.3524553948447649E-018  -2.2918963249081860E-015   3.7363756643809872E-017  -4.4861330579867275E-019  -5.7412173958185780E-016   1.0412576096434119E-017   3.5806393233032581E-016   7.2962968660133388E-015   8.1611603483887354E-016  -3.9995919868618480E-017   7.2502198671127574E-030   6.6485238080372281E-029   3.4817491492992863E-030  -1.2014683209053584E-030   1.0643414839957770E-031  -9.9630194093761225E-030   1.1474148196737755E-028   8.4440187509229684E-030   6.8210513283406969E-029   9.6871360109481814E-030   2.1152250004551472E-018  -1.8616136515789779E-018  -8.1798156490507680E-019  -1.0009212908843142E-018   6.3851620982360980E-019  -1.1143037096231607E-018  -1.2822688617129292E-016  -6.7249614303604739E-017  -3.7676698530832308E-030  -1.1705220830354789E-029   1.8701177242361313E-030   4.8347530675200968E-031   9.9699747926839424E-031   2.5067626090029874E-030   5.8688336091934846E-029  -8.0523034299993311E-030   1.0031386995764519E-030   1.3943900162359951E-030   1.7086361145628034E-016  -1.5037739794703548E-016  -6.6074901844471082E-017  -8.0852404118770825E-017   5.1578052245468751E-017  -9.0011207337557749E-017   1.1802499813734696E-019  -5.6222832276206903E-017   1.4556225349340272E-018   1.9122623087746699E-015  -1.6829857904492170E-015  -7.3949358366157841E-016  -9.0487965022131127E-016   5.7724851083486317E-016  -1.0073826585534755E-015  -1.0256666416432596E-016   5.5357349995863509E-016
  -6.9389894005448386E-018  -7.5787240490800060E-018  -7.3166125288890785E-016  -1.9570822184046639E-018  -2.3100088015676540E-018   1.3415865168680953E-018  -1.3046240037504622E-020   6.3445458923436849E-019   5.7902403875196718E-019   1.6755542123682631E-018  -1.4912165041965074E-017  -1.7167895666580085E-017  -1.5863787733199463E-015  -4.0664271028001309E-018  -2.6204624196544897E-018  -3.9981443874787897E-016  -2.4640298979610103E-016   1.5466941064975987E-015   2.8963877032187226E-015  -6.2183801450534494E-017   1.0375782170661688E-030   3.4817491492992863E-030   2.6120628373424324E-029   2.9983365988870547E-030   7.3610874721170306E-031   8.6986790630514304E-031   1.2358462406477889E-029   2.6263304641144231E-029   8.7492088669645335E-030   3.2713198330172124E-029  -2.3579834418461856E-018   1.3694488049002388E-018  -1.3317186490025768E-020   6.4763104582579397E-019   5.9104930461520282E-019   1.7103523960696529E-018  -1.8307807907483143E-016  -1.1493789035281258E-016  -6.6849907188929394E-031  -3.3562934834438719E-030  -3.2630572738625683E-030   1.4725038659460896E-030  -7.7454715924659797E-031   4.3071629702609808E-031   1.0188939254253694E-029  -5.5008532080000689E-030  -2.4625946869287405E-030   2.0397678973638227E-029  -1.9047314897600517E-016   1.1062131378803623E-016  -1.0757354781614990E-018   5.2314330321428417E-017   4.7743771330757927E-017   1.3815881865461047E-016  -5.3522649558768854E-019   4.3898475065441084E-019  -4.0157352992324440E-017  -2.1317272912355153E-015   1.2380457553311826E-015  -1.2039359297031087E-017   5.8548874877334457E-016   5.3433620895880933E-016   1.5462385424623194E-015  -1.5259055018354373E-016   1.3524769576873004E-016
