   1.3732644648774720E-002  -1.0412860066080265E-016  -1.9279364358480183E-017  -7.9287979486918942E-016  -3.7629810218033535E-017  -1.1380837675015421E-017  -5.1970020809711910E-017  -2.1874140298434319E-017  -1.5372712722618436E-017   3.2255158044641805E-017   7.6468541462616724E-002  -8.3742905690366531E-017   2.7772040767858433E-016   1.2043738493790625E-002  -1.2092215064511419E-017  -6.7317439083792818E-017   1.1448783736793471E-015  -2.5103088021366919E-003   1.3871789126325077E-016  -3.2770173783391053E-015   2.3094829980453152E-015  -1.2944860440321577E-017   9.1968562079005012E-019   1.1865128472479577E-015  -2.8527134680712337E-018   1.1129067717627471E-015  -3.7779339803195899E-018  -2.6112849842827978E-017  -6.0679970375971865E-018   3.9910571966565499E-018  -2.3857020775160460E-017  -3.2094673682567089E-017   3.4818877339382037E-017  -2.3965000587874029E-017  -3.5715933606436362E-018  -4.6489238300534370E-017  -2.6502369347402328E-015   4.2973914417637968E-016   6.7954460167160927E-018  -3.7555750078271697E-018   3.4430142616214629E-017   9.0751953195648628E-018  -6.6383405079197650E-017  -8.3189122544158002E-018   1.0072507777872605E-017  -3.2086952672414793E-018  -1.5097252267326145E-017  -4.5141236156828481E-016   1.5691211120155830E-016  -4.4084085907388531E-016   1.0197734047948444E-016  -1.8608968849107242E-016   6.1712737510194051E-017  -3.1074338524928227E-018   1.4797288211656756E-003  -1.9696932218273250E-017  -8.9876426652738066E-017   2.0566695938824567E-015  -5.5080666838520096E-015   1.4588972488678047E-015  -2.1154120467113417E-015   6.7723580920956946E-016   4.6314203832538747E-017  -1.1667720285674689E-015  -4.4962462289985730E-015
  -1.0412860066080265E-016   1.3732644648774300E-002   9.1762552568161836E-018   6.3483657409031154E-017   3.7077095564361823E-017   1.4698452209945156E-017  -1.7219335472645372E-017   2.9844910414634892E-017   2.2950624271592483E-017  -9.5596362398885589E-017  -5.1053749318718370E-016   7.6468541462612435E-002   5.8345409586745334E-016  -7.8735505283675380E-018   1.2043738493793128E-002  -1.1764431190466710E-016   3.6452712797611291E-016  -5.9643704639042604E-016  -2.5103088021301585E-003  -2.1037039706336636E-014   1.5021076982215841E-017   9.3088216274129032E-016  -4.1317471131183338E-019  -1.0004352868144505E-017  -4.0675510656856912E-017  -2.6008999589521033E-018   2.5214686988382727E-015  -9.7704300315822975E-019   9.4854959146416595E-016  -8.0408612930301246E-018  -8.8278135867657563E-017  -1.3225663076029836E-017   9.6752110408071937E-018  -6.7667262383048916E-017  -2.0345062849892120E-017   1.7414426256665256E-017  -6.6877657804865790E-017  -4.3087526450045742E-018   2.7273122659031782E-016   3.5310537850968688E-018   1.3044718940405028E-017   2.3944505694523350E-017   3.6668133497779381E-018   3.9920771815933078E-016   1.6827209285231049E-018   1.6065078476363717E-016   3.7247750182397925E-018   3.8816508727861551E-016   3.0098048448487065E-016   1.7039065781225871E-016   2.3110524192265493E-016  -3.6302113194743348E-016  -7.4585325263699337E-017   3.6870548206384310E-017   4.1690452520901767E-017   1.4797288211674702E-003  -9.4684549522256294E-017   3.5253939510080183E-015   1.9638770134380124E-015   2.8973149827524742E-015  -4.3228062692105092E-015  -1.0673300347540047E-015   8.6973691342251127E-016   2.5880180480110377E-016   1.1178145565272952E-014
  -1.9279364358480183E-017   9.1762552568161836E-018   1.3732644648770317E-002   1.8383124272040840E-016   5.7979841186181139E-017  -3.9663361906554731E-018   2.5859241171569496E-017   1.2108308726998731E-018   2.2843819928148735E-017  -1.2077026796564365E-016  -4.8513928360756610E-016  -5.2628943569317811E-016   7.6468541462609688E-002  -8.8574620085216314E-017   1.1066199760468460E-016   1.2043738493792052E-002  -1.9434140546063428E-016  -1.0840950986977148E-014   2.9001413637552414E-015  -2.5103088021367300E-003   2.8291715061512044E-017   3.3249420407881502E-017  -1.9530558865176342E-016   1.2303105709267326E-017   4.8412018140132086E-018   1.9451660404020919E-017   1.4856154507166765E-017  -2.0113560286460673E-016   1.8989827180298333E-017  -6.2911642442295545E-016   2.2327486573519093E-017   6.1602042595528933E-018  -2.2943794497423577E-017   6.8429311860016731E-017  -1.2774298697740930E-017   1.0803823394302449E-016   1.2978819668518762E-015   3.3199021981278903E-017   7.6446622586532011E-018  -6.1835710216871114E-016   1.4514934442795464E-017  -3.3061963814772084E-018   5.1381386616719127E-018   3.1521943027209937E-017  -6.2557221491803994E-016   1.1380890452661415E-017  -1.2165040301638874E-015   4.9444161899936348E-016   2.0256514110290623E-016  -1.6950436624975942E-017   3.3933847617138074E-017   8.8782687621829811E-017  -1.2501728434553588E-016  -2.5176335717167191E-016  -1.3190034511478275E-017   7.0409054652463191E-017   1.4797288211642219E-003   2.1635804610407654E-015  -2.1290822609883122E-016   3.1409924699445100E-016   9.7516309071893419E-016  -1.5672932836464355E-015  -3.1415143437361944E-015   8.6663614906956777E-016  -2.4989075234403619E-015
  -7.9287979486918942E-016   6.3483657409031154E-017   1.8383124272040840E-016   8.2088688149908168E-005   3.3649893966010265E-017   1.6774087890490394E-017  -9.7786809055675690E-018   9.3961437120936264E-017   2.4488647149668454E-017   6.5807548100728218E-017  -4.6315858701778755E-015   3.0578931995522969E-016   1.0235386884961378E-015  -5.6443647930811870E-016   1.2425251578985668E-016   6.6552476767746436E-017   2.6543017527970881E-003  -2.7804601557187295E-014  -3.1647853963805499E-015  -1.0010492896166961E-014   1.3727515760421513E-017   9.9009638971338898E-018  -6.0746671639018872E-018   1.2075843302304538E-018  -1.8051970459162288E-018   4.9112695226257993E-018  -8.6909343560117240E-018   1.8708089877300701E-018   6.1091795812096139E-018  -9.5964904084788004E-019   1.2152227877133522E-016  -7.4826754640550535E-018   4.0129576137544429E-018   1.1098972124111157E-017  -1.8229421504261473E-017   1.3423634449949660E-016   7.7086978626294649E-003   1.5178200474853347E-017   2.9043869180658441E-018   1.9951210826924989E-018   7.3651899217740969E-018   2.7499229642680857E-019   6.0999399273498541E-018   4.0480726668257863E-018  -3.8330133821043509E-018  -2.7038713424639468E-018  -3.3283966690045817E-018   4.8491088511510624E-003  -1.3196719100350568E-015   1.4805803830852979E-016  -1.3835660311774237E-016   5.1811422605503774E-017   8.3808975526287899E-017   1.8826550696863740E-015   1.3703096932854088E-017   5.2187303982331711E-017  -2.7080635092199055E-017  -1.8150036602177250E-014   1.7536489957572974E-015  -1.6585835055583244E-015  -2.3650563290285005E-015   9.7108124556354425E-016   2.0880190410240505E-014   7.0431277182150826E-003  -1.5955569542400320E-003
  -3.7629810218033535E-017   3.7077095564361823E-017   5.7979841186181139E-017   3.3649893966010265E-017   3.0845792368254003E-006   1.1047121157844975E-018   5.2325913197957800E-018  -1.5422896184061018E-006   1.9329267041091246E-018  -1.5422896184106088E-006  -2.1167760846239409E-016   2.0617803142514198E-016   3.4150053172809944E-016  -4.2377607804181268E-017   5.9618924234033722E-018   2.7571701993936401E-017   2.0722107554675417E-015   2.8639513153226517E-015  -1.6368350987122474E-015   2.1711412097877079E-015   7.5903456676104031E-019  -1.1303066741035052E-018  -3.8838339071006634E-019  -2.5515909267398707E-019   5.3774500770745822E-019  -6.9418775729948465E-019   5.9089776401757460E-019  -8.5560360998341007E-019  -6.7850963961119917E-019  -6.6378459432261715E-020   1.2989814237606913E-006   2.2725411818943015E-018  -1.3176914262635271E-018  -6.4949071187461262E-007  -1.4271733298454975E-018  -6.4949071187677181E-007   5.7879279743582496E-015  -6.2325847402263737E-019  -1.5313992067861883E-019   4.5041090609657324E-019  -2.4572404173562561E-019  -3.5192566967734960E-019   1.5325246766481235E-018  -5.3610625673279225E-019   2.0321267315428592E-019  -8.9317574548735575E-020  -2.2621824904430445E-019   3.8265781293267264E-015   1.9628636596674118E-004   7.9689281539801021E-017   1.8034272447708532E-016  -9.8143182983282550E-005   4.3074219406284511E-017  -9.8143182983480743E-005  -6.3354499668463591E-018  -1.1289353752066346E-017  -9.2454775565024104E-018   2.4128249242992119E-003   9.8086543670479619E-016   2.2019732135827609E-015  -1.2064124621483736E-003   5.2037927041754863E-016  -1.2064124621507983E-003   5.3671375433080877E-015   5.2173495319011654E-015
  -1.1380837675015421E-017   1.4698452209945156E-017  -3.9663361906554731E-018   1.6774087890490394E-017   1.1047121157844975E-018   3.0845792368289117E-006   1.9021710949291235E-019   6.1209261244958910E-018  -1.9206417730607069E-018   2.6303158026047710E-018  -4.2441246320433073E-017   7.8853145411396154E-017  -1.6496156456860911E-017   1.4672582571852074E-017   2.5890331810018066E-018  -8.2395377450010512E-018   4.2222983141054482E-016  -7.8447521680868554E-016  -5.8775088943650243E-016  -2.0108045623731076E-015  -1.3144676167719687E-018  -1.4874183651257683E-018  -1.1266861104242876E-019   9.6269293752469540E-019   7.6400663470236425E-019   2.3329714174791641E-019  -1.0107859306308451E-018  -2.2592324564273300E-019  -9.8184004934107175E-019   2.5109323863418888E-019   6.8738849330256380E-018   1.2989814237431421E-006  -1.6191358679665606E-018   4.9336111166054451E-018   2.2650200841839191E-018   1.7879221301462829E-018   1.3700609997173918E-015   5.5996754364857145E-019   2.3787063872102697E-019  -4.7924806380557072E-019  -3.7708277448651626E-019  -4.9230569628384262E-019  -4.9066696081654048E-019  -8.1706300572387297E-019  -2.5307897084191645E-019   3.0952955223849059E-019  -3.5533087367009038E-019   8.1856002034852933E-016  -1.0920880161341998E-017   1.9628636596690351E-004  -1.4880171891551853E-017   9.3930759466491870E-017  -3.1129558893858227E-017  -8.5152501774487504E-017   4.6215141954602917E-018  -4.8986018628536898E-018  -4.1997731515473334E-018  -1.1617655088610428E-016   2.4128249243005502E-003  -2.0144389014508019E-016   1.1552732370669478E-015  -3.7755111239620774E-016  -1.0424837881299690E-015   1.2122464090997525E-015  -6.6205475450833239E-016
  -5.1970020809711910E-017  -1.7219335472645372E-017   2.5859241171569496E-017  -9.7786809055675690E-018   5.2325913197957800E-018   1.9021710949291235E-019   3.0845792368224281E-006   3.1502003136100894E-018   4.9564023307135362E-018  -3.4383131144728569E-018  -2.8385997088465297E-016  -1.0218848322400830E-016   1.1075992477818946E-016  -5.8264626680591678E-017  -3.2289357415555252E-017   3.4966293314222198E-017  -2.6487725557289734E-016   1.0249442608655645E-015   9.3214603641791426E-016  -9.4689320223980834E-016   1.3125920061554560E-019   1.0652023667278005E-018   1.8191953351799744E-018  -5.2304933816938992E-019   1.3436574820564165E-018   3.7698165689868185E-019   2.3680083282262733E-018  -9.2740261762208937E-020   4.0084715015455225E-019   2.8375478984084498E-018   4.2209637770476913E-018   2.1145882328216467E-019   1.2989814237472392E-006   2.3835197136834390E-018   1.2927024550605117E-018  -1.9155905495703250E-019  -7.3877886282169940E-016  -8.6692100314277683E-021   7.6163911523944147E-019   2.1410486191448671E-018   1.5784566759140491E-019  -6.7628813953313259E-019  -8.3020991556837515E-020   1.2390192076542844E-018   8.4108099280666083E-019   3.0280172539255518E-018   3.4231701204413028E-018  -4.7486010321514794E-016   1.5423639480164011E-016   2.8439830171680217E-017   1.9628636596669431E-004   6.0550007545791740E-017   1.3320047548602377E-016  -2.1309879880152348E-016  -1.3063734221993221E-017  -1.1400899898608548E-017   1.7436288006729067E-017   1.8905492156074167E-015   3.5064003524643522E-016   2.4128249242980166E-003   7.3477298738077793E-016   1.6434399528610730E-015  -2.6211596018439961E-015  -6.7471359685575990E-016  -1.5743231665078310E-016
  -2.1874140298434319E-017   2.9844910414634892E-017   1.2108308726998731E-018   9.3961437120936264E-017  -1.5422896184061018E-006   6.1209261244958910E-018   3.1502003136100894E-018   3.0845792368126609E-006   3.1935262796047498E-018  -1.5422896184065479E-006  -1.1699197842938449E-016   1.3811438275829139E-016  -1.1397818147067151E-017  -1.4217291935720467E-018   6.6899999837523619E-017   1.8637106409016863E-018   3.3876588520610961E-015   2.2751819052176448E-015  -2.5112893616983018E-016   3.1789457846666626E-015   6.5210507507108101E-020   1.7956074451126942E-018  -4.8703611004602188E-019  -3.4765228661931254E-019  -9.2638867365121071E-019   1.9546462363212532E-019   3.0654736568662450E-018   3.6096320144717652E-018   1.1747830256379377E-018   5.9223312774419327E-018  -6.4949071187403388E-007  -1.1831949359669608E-018   4.4867323890865971E-018   1.2989814237494569E-006   2.0196797693188330E-018  -6.4949071187452580E-007   9.5658509052636535E-015  -9.8772442006806207E-020   3.2508721740075297E-018   1.7498522265214195E-018   6.5709783227591413E-019   5.7055366695318967E-019  -7.2944102942745358E-019   3.1893393796003409E-018   2.5344269587295624E-018  -1.0424094122456969E-018   1.7727630986982700E-018   6.3304211123147489E-015  -9.8143182983049989E-005   2.9680334557407932E-016   1.3895533851162361E-016   1.9628636596635463E-004   2.2947253793325103E-016  -9.8143182983292783E-005   5.1551646093887692E-018   3.3376633503555368E-017   5.2920011914764269E-018  -1.2064124621456584E-003   3.6304977474954579E-015   1.7277338626664580E-015   2.4128249242942102E-003   2.8188703034618841E-015  -1.2064124621485681E-003   8.8568421558502700E-015   5.4062069985287299E-015
  -1.5372712722618436E-017   2.2950624271592483E-017   2.2843819928148735E-017   2.4488647149668454E-017   1.9329267041091246E-018  -1.9206417730607069E-018   4.9564023307135362E-018   3.1935262796047498E-018   3.0845792368236215E-006  -1.5686545602861452E-018  -9.0215643867117690E-017   1.1726379684841784E-016   1.1780897617813948E-016  -1.8846652781109323E-017   3.1442152775237908E-017   3.6308674864182172E-017   7.0511257700228612E-016  -1.8370930698785646E-015  -7.8419342982687836E-016   3.6334560050483674E-016  -3.0137422122475085E-019  -3.1465625215693805E-019   2.9517255852147889E-018  -2.5621300420641227E-019  -2.7516261718991230E-019   2.6881276525047733E-019   2.0213185493979715E-018  -2.5627711193532836E-018   1.0494760760151985E-018   2.7304925409539565E-019   3.0980172143591746E-018   8.1079584805813600E-019   3.6373668910498629E-018   1.1477677124287251E-018   1.2989814237468489E-006   6.5798498004832334E-019   2.1200626128482721E-015  -4.8106848801532955E-019   7.2113068630158701E-019   7.7734562723794231E-019   7.5787650279231727E-019   6.7711214331674025E-020  -9.2920360265321344E-020   3.4606058822993295E-018   1.9145584991837898E-018   1.6723405802148722E-018   9.7935016220531790E-019   1.2892561083203906E-015   8.0678283495630125E-017  -9.1812783050146504E-017   1.7915274906531395E-016  -2.6025592401482273E-017   1.9628636596672367E-004  -5.4293716731816920E-017  -4.0478369027837755E-018   8.7305244734957691E-018   1.2872533410838463E-017   9.9139168719390700E-016  -1.1269114067183019E-015   2.2275621318588737E-015  -3.2421321940574769E-016   2.4128249242984894E-003  -6.6730187320934015E-016   1.9162816687382585E-015  -1.5174414355446609E-015
   3.2255158044641805E-017  -9.5596362398885589E-017  -1.2077026796564365E-016   6.5807548100728218E-017  -1.5422896184106088E-006   2.6303158026047710E-018  -3.4383131144728569E-018  -1.5422896184065479E-006  -1.5686545602861452E-018   3.0845792368084562E-006   1.8078062112332608E-016  -5.0330292141670867E-016  -6.6773092189782829E-016   3.0696370282771307E-017  -9.6158137337413718E-017  -6.8636550166295672E-017   1.3917011690000631E-015   2.7526210417384644E-015   3.2460222117866333E-015   5.4780677466280605E-015  -8.2424507420000329E-019  -6.6530077101652125E-019   8.7541950075189393E-019   6.0281137930842114E-019   3.8864366591119156E-019   4.9872313367195859E-019  -3.6563714209117116E-018  -2.7540284045030623E-018  -4.9627338602376599E-019  -5.8559528179735672E-018  -6.4949071188299803E-007   3.0612040064409078E-018  -1.0868167353019790E-018  -6.4949071187483962E-007   9.0575756208361379E-019   1.2989814237476334E-006   4.1276515497219498E-015   7.2203091604797588E-019  -3.0977322533077286E-018  -2.2002631326151423E-018  -4.1137379052245209E-019  -2.1862799725077992E-019  -8.0308364717876935E-019  -2.6532331228736736E-018  -2.7376396318544837E-018   1.1317269867952841E-018  -1.5465448496549030E-018   2.7091633392908561E-015  -9.8143182983138216E-005   2.5068834587105719E-016  -4.6575099221540201E-018  -9.8143182983071375E-005  -4.6147218542972173E-017   1.9628636596621986E-004   3.3250905956757825E-018  -2.4305485909709272E-017   4.2867354074881547E-018  -1.2064124621467562E-003   3.0981782366050816E-015  -6.2028540364788719E-017  -1.2064124621458279E-003  -5.5626225951098362E-016   2.4128249242925605E-003   3.7636492928454620E-015   4.7929879955921854E-015
   7.6468541462616724E-002  -5.1053749318718370E-016  -4.8513928360756610E-016  -4.6315858701778755E-015  -2.1167760846239409E-016  -4.2441246320433073E-017  -2.8385997088465297E-016  -1.1699197842938449E-016  -9.0215643867117690E-017   1.8078062112332608E-016  0.42580613548450524       -7.6864085684201617E-017  -5.3384552941710526E-016   6.7065408043846017E-002  -2.0737238002484852E-018  -6.6613596214437534E-016  -9.3422669970620453E-016  -1.3004701294513740E-002   3.4759461474052932E-015  -2.4923590395537961E-015   1.2861504345493781E-014  -7.2262873209471512E-017   6.0402760007731664E-018   6.6071287260389763E-015  -1.6906534017076710E-017   6.1963158213091727E-015  -2.1143164739221986E-017  -1.4717050040134454E-016  -3.4216540903467991E-017   2.2901443125496833E-017  -1.3155037203340977E-016  -1.6970020053938065E-016   1.9527597925063815E-016  -1.3092393289150072E-016  -2.0379325907326023E-017  -2.5742368232243572E-016  -3.5565528252062072E-014   2.3890503576206484E-015   3.8026244893039345E-017  -2.1651912520518166E-017   1.9113874931292778E-016   5.1323317774799673E-017  -3.6925722111195488E-016  -4.6966970856908218E-017   5.7931066918503329E-017  -1.7612814468847216E-017  -8.4915807262581622E-017  -1.6345371763265049E-014   6.4959326363075951E-016  -1.0987760698257858E-015   8.8899464358791080E-016  -8.0000944557359068E-016   1.0635961716968524E-016  -2.7957181195523532E-017   8.2403150658905445E-003  -1.0085042205230741E-016  -5.2543441185460670E-016   8.6906776584476336E-015  -1.4000051770604446E-014   1.2063338158509909E-014  -8.8830992671832030E-015   8.6350871793819028E-016   1.2339245427394189E-016  -2.5710414493563860E-014  -4.5947168750816619E-014
  -8.3742905690366531E-017   7.6468541462612435E-002  -5.2628943569317811E-016   3.0578931995522969E-016   2.0617803142514198E-016   7.8853145411396154E-017  -1.0218848322400830E-016   1.3811438275829139E-016   1.1726379684841784E-016  -5.0330292141670867E-016  -7.6864085684201617E-017  0.42580613548447044        4.5664264340534761E-017   3.9679296582609927E-016   6.7065408043858202E-002  -1.1119193700957597E-015   4.5279564041089120E-016   1.2950948426937721E-015  -1.3004701294496504E-002  -7.8142098184051697E-014   8.3564335179289784E-017   5.1811546613536042E-015  -2.0411667369317511E-018  -5.5569253605705749E-017  -2.2621066056013153E-016  -1.4264976747495543E-017   1.4036387106925009E-014  -5.5042390985541645E-018   5.2788257393968809E-015  -4.4873725501125354E-017  -4.8920489033351358E-016  -7.4100231378516442E-017   5.0817542089738426E-017  -3.8770998654100161E-016  -1.1666280194595818E-016   1.0661903795035424E-016  -4.8995377442645138E-015  -2.3856152661899351E-017   1.5164360070599215E-015   2.0117792321420347E-017   7.2429455324286063E-017   1.3308651722981343E-016   2.0363975592936168E-017   2.2160161606356732E-015   9.7808372939254041E-018   8.9232796133019759E-016   2.1962964348639122E-017  -7.6756092308210778E-016   1.7071287756380003E-015   7.7632815032304542E-016   8.5708380241183801E-016  -3.8012566749448172E-015  -1.0618667272484281E-015   1.9529846829445101E-015   2.8734599867139938E-016   8.2403150659003041E-003  -5.6514374274047997E-016   2.0034857679350045E-014   8.8187055292144966E-015   1.0850037474569916E-014  -4.5944857913087616E-014  -1.3887765208909885E-014   2.6310102776511188E-014  -2.7214391418218270E-015   6.0419313657769464E-014
   2.7772040767858433E-016   5.8345409586745334E-016   7.6468541462609688E-002   1.0235386884961378E-015   3.4150053172809944E-016  -1.6496156456860911E-017   1.1075992477818946E-016  -1.1397818147067151E-017   1.1780897617813948E-016  -6.6773092189782829E-016  -5.3384552941710526E-016   4.5664264340534761E-017  0.42580613548456331       -1.0838950899103218E-016   1.1097494068886486E-015   6.7065408043869235E-002  -1.1664390607740771E-015  -2.8199449908515249E-014   1.5178314651818732E-015  -1.3004701294575689E-002   1.5827318008729261E-016   1.8419454869625166E-016  -1.0873287987225231E-015   6.8714924539034935E-017   2.4718188964595056E-017   1.0786260907897131E-016   8.2218363259576522E-017  -1.1204657466717793E-015   1.0548588400533739E-016  -3.5029099049066284E-015   1.3499735482945856E-016   3.8396129945554582E-017  -1.4095067642056073E-016   3.7566081260599862E-016  -7.5460007729773410E-017   6.0422082175062408E-016   7.1536322380012638E-015   1.8444130386810417E-016   4.3359582590683381E-017  -3.4443696972561951E-015   8.0895106634366374E-017  -1.6045821911336989E-017   2.9319706806836703E-017   1.7516896435138792E-016  -3.4832518924343687E-015   6.3380396823023961E-017  -6.7739870510657306E-015   2.4721561305068528E-015   2.2476323158681519E-015   3.2337306709621638E-016  -1.8969069489803808E-015  -7.5834398929576088E-016  -1.3056354933717521E-015  -1.2677016655729139E-015  -1.0240313693354894E-017   4.6183335357114802E-016   8.2403150658843013E-003   2.5805811973977848E-014   3.9543199917699111E-015  -2.3891979812426285E-014  -9.9723587360403084E-015  -1.6218082269944779E-014  -1.5848804083808678E-014   4.6854518110720526E-015  -2.1545014553293532E-014
   1.2043738493790625E-002  -7.8735505283675380E-018  -8.8574620085216314E-017  -5.6443647930811870E-016  -4.2377607804181268E-017   1.4672582571852074E-017  -5.8264626680591678E-017  -1.4217291935720467E-018  -1.8846652781109323E-017   3.0696370282771307E-017   6.7065408043846017E-002   3.9679296582609927E-016  -1.0838950899103218E-016   1.0566285716087500E-002   6.2287494197610751E-017  -6.1360268730537816E-017   7.7490963239717856E-015   5.3359771588184189E-004  -1.6974178317292776E-015   3.2573518783712594E-015   2.0294760478327939E-015  -1.1861339092780585E-017   3.3885840601075270E-018   1.0410898109430869E-015  -5.3716279252150658E-018   9.7387714621624807E-016  -3.6116566168081537E-018  -2.7857694547610347E-017  -6.5230764013204290E-018   5.4041142811909932E-018  -1.8702287214084303E-017  -1.7202552140765218E-017   2.2562327193378706E-017  -1.2144230277593556E-017  -1.3126224237119074E-018  -3.7081963588182202E-017   1.6087572059296320E-014   3.6593415666224402E-016   6.4840220930137646E-018  -5.3709859742456336E-018   2.8562868958565551E-017   1.0176144577041731E-017  -5.7121979392327310E-017  -9.1053181122474921E-018   1.4012664099966874E-017  -2.0993815358068799E-018  -1.5624466155345053E-017   1.2555463628157552E-014  -7.0602899529251578E-016   1.2496841086156375E-015  -8.0400271521442921E-016   7.7053256102401891E-016  -1.2889958455883174E-016  -8.8880200762500344E-017   1.2995068076130233E-003  -1.0530514522286459E-017  -6.6779117879163266E-017  -8.5842541289868161E-015   1.5290704824518784E-014  -9.7254812773802838E-015   9.6022287074961674E-015  -1.6301582229253218E-015  -1.0283798630055819E-015   1.6295296305385502E-014   3.1312082186944174E-014
  -1.2092215064511419E-017   1.2043738493793128E-002   1.1066199760468460E-016   1.2425251578985668E-016   5.9618924234033722E-018   2.5890331810018066E-018  -3.2289357415555252E-017   6.6899999837523619E-017   3.1442152775237908E-017  -9.6158137337413718E-017  -2.0737238002484852E-018   6.7065408043858202E-002   1.1097494068886486E-015   6.2287494197610751E-017   1.0566285716092210E-002   1.0715955892717347E-016   8.0489475806275964E-016   1.0545614502578335E-015   5.3359771588631292E-004   7.7028466310647302E-014   1.2952675344847835E-017   8.0980155481837353E-016   3.6675957049471339E-019  -8.3841800069945348E-018  -3.4869848104113240E-017  -1.6691408471841225E-018   2.1998458808139763E-015  -1.0358156882554139E-018   8.2330772798181383E-016  -7.3305732579989923E-018  -8.1638900876837934E-017  -1.3673664069831871E-017   1.1613177901681012E-019  -3.9640952237817619E-017  -1.0094269912099144E-017   2.8673065569616962E-018   2.6411343186822366E-015  -3.3950856834839235E-018   2.3291292261241809E-016   4.3765371773655956E-018   1.0854817902395620E-017   2.0309990020145063E-017   3.0635264315758526E-018   3.3066338012748447E-016   2.6298339541888747E-018   1.3461132879476876E-016   6.6995827707452050E-018   1.3621458404167347E-016  -1.2880795858653635E-015  -4.5551475049408726E-016  -9.7139024681428497E-016   2.2917830615432113E-015   7.2135017164406664E-016  -1.0285496550505531E-015   4.2505180462812692E-017   1.2995068076148810E-003  -1.2558210099299632E-017  -1.5927050776638884E-014  -5.7049894371677982E-015  -1.1891367561237389E-014   2.8306066687532567E-014   8.7439153218668736E-015  -1.2322968937160088E-014   2.1044579550823277E-015  -5.1765344081377410E-014
  -6.7317439083792818E-017  -1.1764431190466710E-016   1.2043738493792052E-002   6.6552476767746436E-017   2.7571701993936401E-017  -8.2395377450010512E-018   3.4966293314222198E-017   1.8637106409016863E-018   3.6308674864182172E-017  -6.8636550166295672E-017  -6.6613596214437534E-016  -1.1119193700957597E-015   6.7065408043869235E-002  -6.1360268730537816E-017   1.0715955892717347E-016   1.0566285716093552E-002  -2.2742629231552309E-015   2.8595175103205767E-014  -5.0500969213894628E-015   5.3359771594138974E-004   2.6874923160003953E-017   2.6489368360184765E-017  -1.7070634237668192E-016   1.1370380156699479E-017  -2.0452831038761783E-018   1.5790851367033987E-017   1.1606755054287564E-017  -1.7771060575674665E-016   1.5933434946271505E-017  -5.5104948701832729E-016   1.7692125614061482E-017   8.2850144800729530E-018  -1.2687328736797118E-017   6.6699536740981889E-017  -5.3944850233109773E-018   1.1218483025063265E-016  -5.3175967413219716E-015   2.7926727729032855E-017   8.9271976926007261E-018  -5.4546695039760406E-016   1.2927814155662481E-017   3.7423161384622878E-018   6.4968756349605702E-018   2.6642065659385530E-017  -5.4815882473262125E-016   1.0001747195946128E-017  -1.0669883293748641E-015  -3.0746691563011362E-015  -1.4915936208748294E-015  -1.4352508906183633E-016   8.9306809156606628E-016  -1.4746796578643361E-016   8.9308376080771727E-016   1.6770516403823262E-015   1.0197943826484853E-017   1.0445472235070131E-016   1.2995068076123789E-003  -1.8636277103412440E-014  -1.7552774356188681E-015   1.0885333993229367E-014  -1.9245772420294420E-015   1.0954993506816492E-014   2.0558643348194985E-014  -4.9707601088756187E-015   1.6232082423467960E-014
   1.1448783736793471E-015   3.6452712797611291E-016  -1.9434140546063428E-016   2.6543017527970881E-003   2.0722107554675417E-015   4.2222983141054482E-016  -2.6487725557289734E-016   3.3876588520610961E-015   7.0511257700228612E-016   1.3917011690000631E-015  -9.3422669970620453E-016   4.5279564041089120E-016  -1.1664390607740771E-015   7.7490963239717856E-015   8.0489475806275964E-016  -2.2742629231552309E-015   8.7691620589463573E-002   5.3153604526260035E-014   2.2408610275693489E-015  -7.0037144375773635E-015   5.1336485057533040E-016   2.9195005935834570E-016  -2.1028153210214489E-016   7.1548225156467958E-017  -5.8912530828751832E-017   1.8016053293839915E-016  -2.8350940499582067E-016   5.9684827959618623E-017   2.0633041697640934E-016   2.9060991653329429E-018   4.9239538607659169E-015  -2.8985474834077624E-016   1.6924742426776196E-016   1.0048726683172520E-015  -5.7601683057505605E-016   4.7097189381031332E-015  0.25337383058209517        5.5689014434567660E-016   9.2039376989707896E-017   8.1498914573543092E-017   2.5258578932402045E-016  -6.8046635611598095E-018   2.4061005506628287E-016   1.2071766298791589E-016  -9.2900487491787565E-017  -7.7764498572136231E-017  -1.1070217717459713E-016  0.16129300874785321        7.8418311348093075E-015  -2.1222061762003033E-015  -6.1492173128719738E-016   9.9722425030054284E-015  -7.2237985213400112E-016   3.4686678731095942E-015   4.7800864473574372E-015   5.4616795953184707E-016  -9.9221760862160146E-016   2.7849200386630125E-014  -2.8076618357822471E-014  -5.9627021466118756E-015   1.7967888582533691E-014  -1.0476223603349809E-014  -3.6876542903118813E-014  0.23208535795102975        8.2977042370322648E-003
  -2.5103088021366919E-003  -5.9643704639042604E-016  -1.0840950986977148E-014  -2.7804601557187295E-014   2.8639513153226517E-015  -7.8447521680868554E-016   1.0249442608655645E-015   2.2751819052176448E-015  -1.8370930698785646E-015   2.7526210417384644E-015  -1.3004701294513740E-002   1.2950948426937721E-015  -2.8199449908515249E-014   5.3359771588184189E-004   1.0545614502578335E-015   2.8595175103205767E-014   5.3153604526260035E-014   1.9988321798399022        2.0034225357615325E-015  -6.9069501738838083E-015   2.5180519541755362E-015  -3.6915320200245774E-016   1.8862954718078810E-015   1.4839800015133379E-016  -2.0961771316542372E-015  -1.7808753561717175E-015  -2.1729042370240477E-016  -3.6164158394761306E-015  -8.7662086501048177E-016   1.3902941049617290E-015   5.7147147858258420E-015   8.5788309785364019E-017  -1.5017029197299490E-015   1.9788635472934270E-015   2.2059138154260552E-015   3.1250881444131869E-015  -9.1827219371353735E-014  -8.0814814369334155E-015   3.8183066492633120E-016  -1.5170215623093915E-015  -1.1993152850816607E-015   1.6181682419795712E-015   8.1382730029027936E-016  -1.3205391061358413E-015   3.7819793661394142E-015   5.2275519790609811E-016  -1.7389975175145532E-015   4.4177978660428713E-014   1.3000218166042221E-015  -6.7421548328990029E-016   1.6486074416024921E-015   9.5081698549942654E-016  -1.4001153753078228E-015   6.3210439743119846E-016   1.0169294572845192E-003  -8.5475471536209019E-016   1.0403505550634991E-014   3.0923974797266084E-015  -2.9713064154495012E-015   3.8036231077875326E-015  -3.2140382711411094E-015   1.5645310786621728E-015   4.8518873258319814E-016   1.9935739154231078E-015  -1.2038401946522995E-014
   1.3871789126325077E-016  -2.5103088021301585E-003   2.9001413637552414E-015  -3.1647853963805499E-015  -1.6368350987122474E-015  -5.8775088943650243E-016   9.3214603641791426E-016  -2.5112893616983018E-016  -7.8419342982687836E-016   3.2460222117866333E-015   3.4759461474052932E-015  -1.3004701294496504E-002   1.5178314651818732E-015  -1.6974178317292776E-015   5.3359771588631292E-004  -5.0500969213894628E-015   2.2408610275693489E-015   2.0034225357615325E-015   1.9988321798399418       -2.8157824983640164E-014  -1.6424043761257713E-016  -4.9895332355901270E-015   5.3278483094699465E-016   2.8661679696780233E-016   5.9426471703898284E-016   4.4753272422102589E-016  -8.8780718847686129E-015  -1.3055412493015573E-016  -6.4455490657201671E-015  -2.0209200253871695E-016   4.4187126975660098E-015   1.4099535047624234E-015  -4.3691958407590899E-016   1.7748219174367726E-015   1.8554512592376267E-015  -3.9170080431682315E-015  -6.6108669857200934E-015   2.8116722913280160E-016  -4.6355998849479863E-015   9.3436418775551609E-016  -4.3023476282527464E-016  -5.0828972456596288E-016  -1.1196168821504859E-016  -1.4281965150502572E-014   8.4287257920869053E-016  -4.6190128331897255E-015   2.5074613672527375E-015   7.7707274187920942E-015  -3.1080682788433946E-015  -2.9361380339495393E-016   3.7926862661414569E-016  -1.9787962375349647E-015  -8.2137977707149775E-016   3.0664668692539128E-015  -2.6390231905631657E-015   1.0169294572665015E-003  -1.2230555003697328E-015   5.2449310704830018E-015   2.9391340738712893E-015   4.4949224451736374E-015  -1.5435774678875522E-014  -3.6387076891024521E-015   4.7836072818847695E-015  -5.0154465395307300E-015   1.6161437457010319E-014
  -3.2770173783391053E-015  -2.1037039706336636E-014  -2.5103088021367300E-003  -1.0010492896166961E-014   2.1711412097877079E-015  -2.0108045623731076E-015  -9.4689320223980834E-016   3.1789457846666626E-015   3.6334560050483674E-016   5.4780677466280605E-015  -2.4923590395537961E-015  -7.8142098184051697E-014  -1.3004701294575689E-002   3.2573518783712594E-015   7.7028466310647302E-014   5.3359771594138974E-004  -7.0037144375773635E-015  -6.9069501738838083E-015  -2.8157824983640164E-014   1.9988321798398776        1.5018464723181196E-015  -1.9574745613079951E-015   4.5919288654673155E-016   4.2177994000570591E-016  -4.5972781777121519E-015  -9.3038377929864374E-016  -1.0418893643987817E-015  -9.2152695380690583E-016  -5.3019874834626182E-016   6.2292688757601682E-016   6.6962528071274089E-015   2.7225906684945728E-015   1.2588238506793267E-015   5.9645232021641700E-015  -6.0615768847101608E-016   3.5447165332840224E-015  -5.4045768629050810E-015  -8.7500914458325785E-016   1.6225594916727073E-015  -2.1945205034352032E-015   1.4200612199166784E-016   4.8533061063817095E-015   1.4534681690896909E-015  -7.3868921122652993E-016   4.6324988222236692E-016   1.2921359034416300E-017   1.5240490655721759E-016   7.6048619399083335E-015   1.4491224750672101E-015  -6.4892541401311727E-016  -4.8409646534346142E-016   3.7986455998896683E-016  -6.1619307195437933E-016   5.5572953264739446E-016   1.5835473273925569E-015   4.2381561060860544E-014   1.0169294573006127E-003   7.0785743889366725E-015   1.5032050929625850E-015  -7.5636411504122987E-015  -2.5780638549972599E-015  -4.8982676319304667E-015  -4.3399768168745470E-015  -3.3302150397103745E-015  -9.8851187975188362E-015
   2.3094829980453152E-015   1.5021076982215841E-017   2.8291715061512044E-017   1.3727515760421513E-017   7.5903456676104031E-019  -1.3144676167719687E-018   1.3125920061554560E-019   6.5210507507108101E-020  -3.0137422122475085E-019  -8.2424507420000329E-019   1.2861504345493781E-014   8.3564335179289784E-017   1.5827318008729261E-016   2.0294760478327939E-015   1.2952675344847835E-017   2.6874923160003953E-017   5.1336485057533040E-016   2.5180519541755362E-015  -1.6424043761257713E-016   1.5018464723181196E-015   3.9969785829338092E-028  -1.4449631210719295E-030   8.8221321468760299E-031   2.0124077944808183E-028  -7.6704903084276836E-030   1.8545105869336952E-028   1.3084716773548328E-030  -9.8203116872051988E-030   5.5009402157806752E-031   4.0186338393428866E-030   3.1964547727843901E-019  -5.5355005827844091E-019   5.5276019915733826E-020   2.7461521144040702E-020  -1.2691504575284733E-019  -3.4710699829329006E-019   1.4424153478054908E-015   6.4458244698959015E-029   4.4648315819247133E-030  -4.2742183942082881E-030   6.1276876944881613E-030   7.2541860907345686E-030  -5.6299281880321545E-030  -1.4565646993402188E-030   7.1974029501906949E-030   3.2038405296850260E-031  -8.0657568392770603E-030   9.7846631737888419E-016   4.8300959486128072E-017  -8.3645791489661768E-017   8.3526437521140128E-018   4.1496530171049490E-018  -1.9177867105442266E-017  -5.2450612503081452E-017   2.5074710182199349E-016   1.5145203512838250E-018   4.0193809412810341E-018   5.9373333619784513E-016  -1.0282051406114195E-015   1.0267379972946302E-016   5.1009076343120989E-017  -2.3574146639781167E-016  -6.4474241254100051E-016   1.3397702935520338E-015   1.9635909292551026E-015
  -1.2944860440321577E-017   9.3088216274129032E-016   3.3249420407881502E-017   9.9009638971338898E-018  -1.1303066741035052E-018  -1.4874183651257683E-018   1.0652023667278005E-018   1.7956074451126942E-018  -3.1465625215693805E-019  -6.6530077101652125E-019  -7.2262873209471512E-017   5.1811546613536042E-015   1.8419454869625166E-016  -1.1861339092780585E-017   8.0980155481837353E-016   2.6489368360184765E-017   2.9195005935834570E-016  -3.6915320200245774E-016  -4.9895332355901270E-015  -1.9574745613079951E-015  -1.4449631210719295E-030   8.0596764430550118E-029  -2.9125306347403526E-030  -4.0589989680140212E-030   8.7457162374231572E-032  -6.2444620611142555E-031   1.9397390700453951E-028   3.9776996836247570E-030   8.1955744316678771E-029   1.0233559692791882E-030  -4.7599599820728079E-019  -6.2638326894106243E-019   4.4857920017392868E-019   7.5616819552897997E-019  -1.3250838933779684E-019  -2.8017219735729715E-019   8.6757178127786640E-016   1.6613589940650878E-030   3.0099476824254469E-029   7.8686128069290688E-031   3.2027432695743289E-030  -1.6118593160288971E-030  -1.2214502888057374E-030   6.5234476804982846E-029  -3.8741886945981933E-030   2.1585566998513668E-029  -6.4710107896084641E-030   5.1688521725948526E-016  -7.1926759682694083E-017  -9.4651465612693230E-017   6.7783864680435611E-017   1.1426299441296039E-016  -2.0023065554248994E-017  -4.2336234730202829E-017  -1.6341888281887402E-018   9.7200211762189531E-017   2.3255552290764710E-018  -8.8415044841137297E-016  -1.1634909751724725E-015   8.3322444409590697E-016   1.4045631722138442E-015  -2.4613095969362195E-016  -5.2041272380237564E-016   7.8378322749980929E-016  -1.0973396000459530E-015
   9.1968562079005012E-019  -4.1317471131183338E-019  -1.9530558865176342E-016  -6.0746671639018872E-018  -3.8838339071006634E-019  -1.1266861104242876E-019   1.8191953351799744E-018  -4.8703611004602188E-019   2.9517255852147889E-018   8.7541950075189393E-019   6.0402760007731664E-018  -2.0411667369317511E-018  -1.0873287987225231E-015   3.3885840601075270E-018   3.6675957049471339E-019  -1.7070634237668192E-016  -2.1028153210214489E-016   1.8862954718078810E-015   5.3278483094699465E-016   4.5919288654673155E-016   8.8221321468760299E-031  -2.9125306347403526E-030   9.4938799315632802E-030  -3.3213364572828477E-031  -2.0999727038867280E-030  -1.6873425506668893E-030   8.1672788984702585E-033  -4.2579948864500952E-030  -2.3126509922446875E-030   1.0333071604981003E-029  -1.6355644355530351E-019  -4.7447130234462661E-020   7.6610155393500418E-019  -2.0510118595559947E-019   1.2430339468784289E-018   3.6865762949280754E-019  -6.0102975975451415E-016  -1.0008255389240305E-029  -6.1902016551294770E-031   8.2334094223539450E-030  -1.3606589007844364E-030   2.1783504502112230E-030  -1.3960566844316773E-031  -2.5964924057152040E-030   1.4356817634037691E-029   2.9402315091107707E-030   1.9087531927867867E-029  -3.9225943006864179E-016  -2.4714672086829296E-017  -7.1696366088999221E-018   1.1576400342155835E-016  -3.0992411215790372E-017   1.8783225975736625E-016   5.5707083302569833E-017   1.3144242942907217E-018   2.9866927020638896E-019  -2.0771866412032975E-017  -3.0380192996721758E-016  -8.8131836477345501E-017   1.4230141325223378E-015  -3.8097023131093700E-016   2.3089039103547265E-015   6.8477216127814418E-016  -5.5350329167438155E-016  -3.2677364965031706E-016
