   1.2959620554615950E-002  -1.7319111419985363E-017   5.0792187831171069E-018  -6.8283005896815032E-018   5.6738595146705671E-002  -7.3840335378142468E-017   5.1270348512521489E-019   9.1121649962986693E-019  -8.8649518717450363E-017  -1.3420586530018417E-019  -8.3415102072112491E-017   4.1198249759966436E-002   6.2393086758510658E-018  -8.5815252817198063E-018   2.1572538528455468E-018  -3.5945874236405740E-018   1.8488039812171571E-019   1.0602762345556543E-019   1.6678700506793896E-017   6.0625708408152523E-021   1.6448626854966910E-017   2.1780943528058400E-002   1.0673858964301510E-020   6.0189622195910255E-019   1.5385624425582820E-019
  -1.7319111419985363E-017   2.3145092799112146E-032  -6.7878187992128680E-033   9.1252747889847652E-033  -7.5824909148997584E-017   9.8679509196558754E-032  -6.8517197296611322E-034  -1.2177409067117853E-033   1.1847035841251906E-031   1.7935141885937082E-034   1.1147513469302962E-031  -5.5056942052759701E-017  -8.3381516986048982E-033   1.1468267290788051E-032  -2.8829331600543859E-033   4.8037718262310738E-033  -2.4707237383588154E-034  -1.4169428931074200E-034  -2.2289253855881121E-032  -8.1019609672318255E-036  -2.1981785655403967E-032  -2.9107842024008350E-017  -1.4264441763929845E-035  -8.0436828280940779E-034  -2.0561199501925824E-034
   5.0792187831171069E-018  -6.7878187992128680E-033   1.9906804630619175E-033  -2.6761919815257814E-033   2.2237359263900518E-017  -2.8939984533014920E-032   2.0094208475031740E-034   3.5712989750751220E-034  -3.4744095993118287E-032  -5.2598835665322486E-035  -3.2692589374416302E-032   1.6146686018352527E-017   2.4453504395821716E-033  -3.3633272066118180E-033   8.4548496178170381E-034  -1.4088140839284618E-033   7.2459528179281264E-035   4.1555035837292312E-035   6.5368247885867853E-033   2.3760821976905045E-036   6.4466528264575579E-033   8.5365290608237000E-018   4.1833682329929731E-036   2.3589908232097108E-034   6.0300340000750460E-035
  -6.8283005896815032E-018   9.1252747889847652E-033  -2.6761919815257814E-033   3.5977665199802199E-033  -2.9895025171856317E-017   3.8905769152729021E-032  -2.7013858122299116E-034  -4.8011129149409902E-034   4.6708586750847672E-032   7.0711791699916844E-035   4.3950622494458342E-032  -2.1706965257530351E-017  -3.2874322925561369E-033   4.5215239053170383E-033  -1.1366365005363745E-033   1.8939538639319380E-033  -9.7411720211624147E-035  -5.5864944557060819E-035  -8.7878483807226644E-033  -3.1943108112513290E-036  -8.6666247657395204E-033  -1.1476171613951093E-017  -5.6239545867071931E-036  -3.1713338442355369E-034  -8.1065389140892640E-035
   5.6738595146705671E-002  -7.5824909148997584E-017   2.2237359263900518E-017  -2.9895025171856317E-017  0.24840759539638951       -3.2328083039631474E-016   2.2446703088435188E-018   3.9894026098690379E-018  -3.8811700784466204E-016  -5.8756753143272257E-019  -3.6520017585738449E-016  0.18037031285233265        2.7316356020034162E-017  -3.7570829072406316E-017   9.4446864759229590E-018  -1.5737485498889769E-017   8.0942601794413805E-019   4.6420019600573537E-019   7.3021122157089051E-017   2.6542579008049764E-020   7.2013835274736166E-017   9.5359283980856288E-002   4.6731288148157173E-020   2.6351655832936728E-018   6.7359897744188169E-019
  -7.3840335378142468E-017   9.8679509196558754E-032  -2.8939984533014920E-032   3.8905769152729021E-032  -3.2328083039631474E-016   4.2072181865035608E-031  -2.9212427271031512E-033  -5.1918597192879268E-033   5.0510045148474155E-031   7.6466792077100931E-034   4.7527619243550479E-031  -2.3473623833723039E-016  -3.5549856047945816E-032   4.8895158788619118E-032  -1.2291436104830132E-032   2.0480965456441081E-032  -1.0533974003806430E-033  -6.0411608829996086E-034  -9.5030624847623289E-032  -3.4542852721108204E-035  -9.3719728780799200E-032  -1.2410179512480914E-016  -6.0816697709740360E-035  -3.4294382852487834E-033  -8.7663034793293219E-034
   5.1270348512521489E-019  -6.8517197296611322E-034   2.0094208475031740E-034  -2.7013858122299116E-034   2.2446703088435188E-018  -2.9212427271031512E-033   2.0283376550397104E-035   3.6049193963277778E-035  -3.5071178982104605E-033  -5.3094004236984891E-036  -3.3000359357909446E-033   1.6298691882202096E-018   2.4683711142618631E-034  -3.3949897692496686E-034   8.5344440756775374E-035  -1.4220767436214528E-034   7.3141666493143616E-036   4.1946237419621217E-036   6.5983628464701824E-034   2.3984507770155132E-037   6.5073420001189624E-034   8.6168924538253718E-019   4.2227507106936094E-037   2.3811985033174202E-035   6.0868010992916813E-036
   9.1121649962986693E-019  -1.2177409067117853E-033   3.5712989750751220E-034  -4.8011129149409902E-034   3.9894026098690379E-018  -5.1918597192879268E-033   3.6049193963277778E-035   6.4069430559212329E-035  -6.2331226287960809E-033  -9.4362792717008879E-036  -5.8650804632814262E-033   2.8967302537096627E-018   4.3869810753789855E-034  -6.0338397993517949E-034   1.5168077617078168E-034  -2.5274253640216792E-034   1.2999305690832272E-035   7.4550114721408222E-036   1.1727123514247058E-033   4.2627132152863277E-037   1.1565354188678205E-033   1.5314611285593568E-018   7.5050009080161133E-037   4.2320511329991487E-035   1.0817936200073275E-035
  -8.8649518717450363E-017   1.1847035841251906E-031  -3.4744095993118287E-032   4.6708586750847672E-032  -3.8811700784466204E-016   5.0510045148474155E-031  -3.5071178982104605E-033  -6.2331226287960809E-033   6.0640179515413829E-031   9.1802729237182260E-034   5.7059607735397204E-031  -2.8181419338867131E-016  -4.2679622363387985E-032   5.8701416671889411E-032  -1.4756567524502686E-032   2.4588562894307669E-032  -1.2646634401609149E-033  -7.2527569387385266E-034  -1.1408966539789176E-031  -4.1470657644933433E-035  -1.1251586017588902E-031  -1.4899125733172845E-016  -7.3013901607346322E-035  -4.1172355447954190E-033  -1.0524445486249692E-033
  -1.3420586530018417E-019   1.7935141885937082E-034  -5.2598835665322486E-035   7.0711791699916844E-035  -5.8756753143272257E-019   7.6466792077100931E-034  -5.3094004236984891E-036  -9.4362792717008879E-036   9.1802729237182260E-034   1.3897948790295372E-036   8.6382127513013386E-034  -4.2663646937718926E-019  -6.4612371649977912E-035   8.8867650188909638E-035  -2.2339860860368565E-035   3.7224447548737586E-035  -1.9145648364010061E-036  -1.0979896279839765E-036  -1.7271951938435653E-034  -6.2782128705572083E-038  -1.7033694704004387E-034  -2.2555678701537022E-019  -1.1053521762919105E-037  -6.2330531166795317E-036  -1.5932881912067536E-036
  -8.3415102072112491E-017   1.1147513469302962E-031  -3.2692589374416302E-032   4.3950622494458342E-032  -3.6520017585738449E-016   4.7527619243550479E-031  -3.3000359357909446E-033  -5.8650804632814262E-033   5.7059607735397204E-031   8.6382127513013386E-034   5.3690455089926390E-031  -2.6517413796470713E-016  -4.0159553118255398E-032   5.5235321458089150E-032  -1.3885248381479473E-032   2.3136701849138052E-032  -1.1899898778257652E-033  -6.8245092483509018E-034  -1.0735310492627583E-031  -3.9021973164630473E-035  -1.0587222691211082E-031  -1.4019389070560261E-016  -6.8702708637053041E-035  -3.8741284576927392E-033  -9.9030170404646579E-034
   4.1198249759966436E-002  -5.5056942052759701E-017   1.6146686018352527E-017  -2.1706965257530351E-017  0.18037031285233265       -2.3473623833723039E-016   1.6298691882202096E-018   2.8967302537096627E-018  -2.8181419338867131E-016  -4.2663646937718926E-019  -2.6517413796470713E-016  0.13096801531585217        1.9834577414821165E-017  -2.7280414606879357E-017   6.8578460804954081E-018  -1.1427086915012476E-017   5.8772930777109396E-019   3.3705867345184070E-019   5.3021094734585490E-017   1.9272733073842543E-020   5.2289697412325180E-017   6.9240974123818896E-002   3.3931881389638556E-020   1.9134102559059179E-018   4.8910444185222141E-019
   6.2393086758510658E-018  -8.3381516986048982E-033   2.4453504395821716E-033  -3.2874322925561369E-033   2.7316356020034162E-017  -3.5549856047945816E-032   2.4683711142618631E-034   4.3869810753789855E-034  -4.2679622363387985E-032  -6.4612371649977912E-035  -4.0159553118255398E-032   1.9834577414821165E-017   3.0038667095607736E-033  -4.1315087055692239E-033   1.0385931149255960E-033  -1.7305862007230964E-033   8.9009231955078943E-035   5.1046175936883643E-035   8.0298308376702759E-033   2.9187776513709239E-036   7.9190636646748010E-033   1.0486266117909820E-017   5.1388465086700724E-036   2.8977826193327899E-034   7.4072893999765507E-035
  -8.5815252817198063E-018   1.1468267290788051E-032  -3.3633272066118180E-033   4.5215239053170383E-033  -3.7570829072406316E-017   4.8895158788619118E-032  -3.3949897692496686E-034  -6.0338397993517949E-034   5.8701416671889411E-032   8.8867650188909638E-035   5.5235321458089150E-032  -2.7280414606879357E-017  -4.1315087055692239E-033   5.6824639155477614E-033  -1.4284776625414189E-033   2.3802427488771319E-033  -1.2242301415305156E-034  -7.0208747810947490E-035  -1.1044203760603567E-032  -4.0144774859278393E-036  -1.0891854943638579E-032  -1.4422777021752365E-017  -7.0679531217478175E-036  -3.9856009857278887E-034  -1.0187962249879115E-034
   2.1572538528455468E-018  -2.8829331600543859E-033   8.4548496178170381E-034  -1.1366365005363745E-033   9.4446864759229590E-018  -1.2291436104830132E-032   8.5344440756775374E-035   1.5168077617078168E-034  -1.4756567524502686E-032  -2.2339860860368565E-035  -1.3885248381479473E-032   6.8578460804954081E-018   1.0385931149255960E-033  -1.4284776625414189E-033   3.5909571318115396E-034  -5.9835375089564679E-034   3.0775125666903370E-035   1.7649320691423102E-035   2.7763305860002746E-033   1.0091733974294082E-036   2.7380326073094378E-033   3.6256481543187967E-018   1.7767667871470160E-036   1.0019143217676799E-034   2.5610855989685014E-035
  -3.5945874236405740E-018   4.8037718262310738E-033  -1.4088140839284618E-033   1.8939538639319380E-033  -1.5737485498889769E-017   2.0480965456441081E-032  -1.4220767436214528E-034  -2.5274253640216792E-034   2.4588562894307669E-032   3.7224447548737586E-035   2.3136701849138052E-032  -1.1427086915012476E-017  -1.7305862007230964E-033   2.3802427488771319E-033  -5.9835375089564679E-034   9.9702446470107217E-034  -5.1279954622535304E-035  -2.9408697594631717E-035  -4.6261421645585882E-033  -1.6815647346682961E-036  -4.5623270357218277E-033  -6.0413424413956124E-018  -2.9605897050068705E-036  -1.6694690872105409E-034  -4.2674838998552885E-035
   1.8488039812171571E-019  -2.4707237383588154E-034   7.2459528179281264E-035  -9.7411720211624147E-035   8.0942601794413805E-019  -1.0533974003806430E-033   7.3141666493143616E-036   1.2999305690832272E-035  -1.2646634401609149E-033  -1.9145648364010061E-036  -1.1899898778257652E-033   5.8772930777109396E-019   8.9009231955078943E-035  -1.2242301415305156E-034   3.0775125666903370E-035  -5.1279954622535304E-035   2.6374816658863993E-036   1.5125774056233704E-036   2.3793634827916428E-034   8.6487911121117250E-038   2.3465414505663705E-034   3.1072433748839631E-019   1.5227199642911050E-037   8.5865795742083053E-036   2.1948947943076872E-036
   1.0602762345556543E-019  -1.4169428931074200E-034   4.1555035837292312E-035  -5.5864944557060819E-035   4.6420019600573537E-019  -6.0411608829996086E-034   4.1946237419621217E-036   7.4550114721408222E-036  -7.2527569387385266E-034  -1.0979896279839765E-036  -6.8245092483509018E-034   3.3705867345184070E-019   5.1046175936883643E-035  -7.0208747810947490E-035   1.7649320691423102E-035  -2.9408697594631717E-035   1.5125774056233704E-036   8.6745263013360759E-037   1.3645484214679593E-034   4.9600215961083688E-038   1.3457252140907418E-034   1.7819824810205240E-019   8.7326931704159759E-038   4.9243437114736073E-036   1.2587569106283821E-036
   1.6678700506793896E-017  -2.2289253855881121E-032   6.5368247885867853E-033  -8.7878483807226644E-033   7.3021122157089051E-017  -9.5030624847623289E-032   6.5983628464701824E-034   1.1727123514247058E-033  -1.1408966539789176E-031  -1.7271951938435653E-034  -1.0735310492627583E-031   5.3021094734585490E-017   8.0298308376702759E-033  -1.1044203760603567E-032   2.7763305860002746E-033  -4.6261421645585882E-033   2.3793634827916428E-034   1.3645484214679593E-034   2.1465061374520357E-032   7.8023737600221535E-036   2.1168962463510196E-032   2.8031517769282589E-017   1.3736983746328354E-035   7.7462505788033907E-034   1.9800905498958353E-034
   6.0625708408152523E-021  -8.1019609672318255E-036   2.3760821976905045E-036  -3.1943108112513290E-036   2.6542579008049764E-020  -3.4542852721108204E-035   2.3984507770155132E-037   4.2627132152863277E-037  -4.1470657644933433E-035  -6.2782128705572083E-038  -3.9021973164630473E-035   1.9272733073842543E-020   2.9187776513709239E-036  -4.0144774859278393E-036   1.0091733974294082E-036  -1.6815647346682961E-036   8.6487911121117250E-038   4.9600215961083688E-038   7.8023737600221535E-036   2.8360988691765410E-039   7.6947442343791858E-036   1.0189226803528409E-020   4.9932809254125951E-039   2.8156985531080285E-037   7.1974667481333137E-038
   1.6448626854966910E-017  -2.1981785655403967E-032   6.4466528264575579E-033  -8.6666247657395204E-033   7.2013835274736166E-017  -9.3719728780799200E-032   6.5073420001189624E-034   1.1565354188678205E-033  -1.1251586017588902E-031  -1.7033694704004387E-034  -1.0587222691211082E-031   5.2289697412325180E-017   7.9190636646748010E-033  -1.0891854943638579E-032   2.7380326073094378E-033  -4.5623270357218277E-033   2.3465414505663705E-034   1.3457252140907418E-034   2.1168962463510196E-032   7.6947442343791858E-036   2.0876948076814765E-032   2.7644838144164019E-017   1.3547489486010033E-035   7.6393952420877860E-034   1.9527762718094179E-034
   2.1780943528058400E-002  -2.9107842024008350E-017   8.5365290608237000E-018  -1.1476171613951093E-017   9.5359283980856288E-002  -1.2410179512480914E-016   8.6168924538253718E-019   1.5314611285593568E-018  -1.4899125733172845E-016  -2.2555678701537022E-019  -1.4019389070560261E-016   6.9240974123818896E-002   1.0486266117909820E-017  -1.4422777021752365E-017   3.6256481543187967E-018  -6.0413424413956124E-018   3.1072433748839631E-019   1.7819824810205240E-019   2.8031517769282589E-017   1.0189226803528409E-020   2.7644838144164019E-017   3.6606743150631386E-002   1.7939315302337624E-020   1.0115934772159244E-018   2.5858273808655213E-019
   1.0673858964301510E-020  -1.4264441763929845E-035   4.1833682329929731E-036  -5.6239545867071931E-036   4.6731288148157173E-020  -6.0816697709740360E-035   4.2227507106936094E-037   7.5050009080161133E-037  -7.3013901607346322E-035  -1.1053521762919105E-037  -6.8702708637053041E-035   3.3931881389638556E-020   5.1388465086700724E-036  -7.0679531217478175E-036   1.7767667871470160E-036  -2.9605897050068705E-036   1.5227199642911050E-037   8.7326931704159759E-038   1.3736983746328354E-035   4.9932809254125951E-039   1.3547489486010033E-035   1.7939315302337624E-020   8.7912500763164495E-039   4.9573638034094159E-037   1.2671974808544084E-037
   6.0189622195910255E-019  -8.0436828280940779E-034   2.3589908232097108E-034  -3.1713338442355369E-034   2.6351655832936728E-018  -3.4294382852487834E-033   2.3811985033174202E-035   4.2320511329991487E-035  -4.1172355447954190E-033  -6.2330531166795317E-036  -3.8741284576927392E-033   1.9134102559059179E-018   2.8977826193327899E-034  -3.9856009857278887E-034   1.0019143217676799E-034  -1.6694690872105409E-034   8.5865795742083053E-036   4.9243437114736073E-036   7.7462505788033907E-034   2.8156985531080285E-037   7.6393952420877860E-034   1.0115934772159244E-018   4.9573638034094159E-037   2.7954449783609201E-035   7.1456947178453983E-036
   1.5385624425582820E-019  -2.0561199501925824E-034   6.0300340000750460E-035  -8.1065389140892640E-035   6.7359897744188169E-019  -8.7663034793293219E-034   6.0868010992916813E-036   1.0817936200073275E-035  -1.0524445486249692E-033  -1.5932881912067536E-036  -9.9030170404646579E-034   4.8910444185222141E-019   7.4072893999765507E-035  -1.0187962249879115E-034   2.5610855989685014E-035  -4.2674838998552885E-035   2.1948947943076872E-036   1.2587569106283821E-036   1.9800905498958353E-034   7.1974667481333137E-038   1.9527762718094179E-034   2.5858273808655213E-019   1.2671974808544084E-037   7.1456947178453983E-036   1.8265769276769201E-036
