   8.0733788757108186E-005  -2.6712143048566667E-018  -2.6641239223810184E-019   2.9852911622733470E-018   3.8403586239054927E-003   1.5742011423673000E-017  -5.3317977481874881E-020  -3.9911746455057288E-020   1.6589896308595770E-017  -9.2213722548142223E-020   1.6915936332639645E-017   6.0997483691901657E-003   1.1679333354490370E-018  -3.3606483040885237E-019  -2.8202608893015322E-019   1.8893487689355273E-017   4.9044590308540840E-021  -3.8990287656055728E-021   1.7033653873342403E-017   1.5129934032623978E-020   1.8250653263235486E-017   4.5044729556355072E-003  -5.7798117692164278E-021   2.4851567172049049E-019   4.6421687074417106E-019
  -2.6712143048566667E-018   8.8381654971477496E-032   8.8147057643798028E-033  -9.8773420393015419E-032  -1.2706477733652523E-016  -5.2085114237166366E-031   1.7641156986215411E-033   1.3205478115651383E-033  -5.4890485158493328E-031   3.0510473813604322E-033  -5.5969243866079858E-031  -2.0182051840558910E-016  -3.8643054919130689E-032   1.1119274793954449E-032   9.3313113962668437E-033  -6.2512307871833455E-031  -1.6227234374216620E-034   1.2900597846420577E-034  -5.6358732311374782E-031  -5.0059952396232034E-034  -6.0385381164762110E-031  -1.4903812616962269E-016   1.9123487346492836E-034  -8.2225624178004408E-033  -1.5359402361485859E-032
  -2.6641239223810184E-019   8.8147057643798028E-033   8.7913083023468539E-034  -9.8511239508561059E-033  -1.2672750081443526E-017  -5.1946861240932453E-032   1.7594330885397590E-034   1.3170425933412191E-034  -5.4744785678919572E-032   3.0429487825898887E-034  -5.5820680965244159E-032  -2.0128481272883846E-017  -3.8540482078417030E-033   1.1089760160479467E-033   9.3065426734134906E-034  -6.2346377279353138E-032  -1.6184161342589770E-035   1.2866354928235639E-035  -5.6209135565354149E-032  -4.9927074922284442E-035  -6.0225096215846735E-032  -1.4864252432065266E-017   1.9072726597230478E-035  -8.2007367213873533E-034  -1.5318632874312064E-033
   2.9852911622733470E-018  -9.8773420393015419E-032  -9.8511239508561059E-033   1.1038703200662931E-031   1.4200483882153867E-016   5.8209193824511870E-031  -1.9715374370178602E-033  -1.4758155884600019E-033   6.1344415511184212E-031  -3.4097843691134589E-033   6.2550012842004240E-031   2.2555023341489607E-016   4.3186639920122215E-032  -1.2426660306860765E-032  -1.0428471198678581E-032   6.9862399240598780E-031   1.8135205130269965E-034  -1.4417428309267917E-034   6.2985296679558009E-031   5.5945916881541574E-034   6.7485392090749775E-031   1.6656177682450249E-016  -2.1371994625640702E-034   9.1893573916817439E-033   1.7165334898131460E-032
   3.8403586239054927E-003  -1.2706477733652523E-016  -1.2672750081443526E-017   1.4200483882153867E-016  0.18267883357458278        7.4881868247758466E-016  -2.5362386404005970E-018  -1.8985287579522104E-018   7.8915101519751512E-016  -4.3864380711230613E-018   8.0466014263165923E-016  0.29015387006980331        5.5556451963782136E-017  -1.5985989131946214E-017  -1.3415465066897304E-017   8.9872864262275125E-016   2.3329614309811941E-019  -1.8546966487474053E-019   8.1025975067164448E-016   7.1970328081738789E-019   8.6815018507606392E-016  0.21426953729829526       -2.7493507135209831E-019   1.1821435829535784E-017   2.2081947228914560E-017
   1.5742011423673000E-017  -5.2085114237166366E-031  -5.1946861240932453E-032   5.8209193824511870E-031   7.4881868247758466E-016   3.0694821521210074E-030  -1.0396294086135222E-032  -7.7822579406560365E-033   3.2348083897458795E-030  -1.7980445314409439E-032   3.2983818434644312E-030   1.1893695314883643E-015   2.2773141446441152E-031  -6.5528157179729740E-032  -5.4991323732733901E-032   3.6839779678080512E-030   9.5630406152397501E-034  -7.6025857716219845E-034   3.3213351929732058E-030   2.9501352289751850E-033   3.5586338332728439E-030   8.7831211462867250E-016  -1.1269861640139343E-033   4.8457239569860854E-032   9.0516094869548252E-032
  -5.3317977481874881E-020   1.7641156986215411E-033   1.7594330885397590E-034  -1.9715374370178602E-033  -2.5362386404005970E-018  -1.0396294086135222E-032   3.5212105941298621E-035   2.6358401253226008E-035  -1.0956251792784459E-032   6.0899522468017704E-035  -1.1171574211412198E-032  -4.0283783431995790E-018  -7.7132318745935309E-034   2.2194297252786466E-034   1.8625486169265426E-034  -1.2477583013053276E-032  -3.2389887826840358E-036   2.5749854073018081E-036  -1.1249316892401620E-032  -9.9920676890402008E-036  -1.2053044142970692E-032  -2.9748311247828404E-018   3.8170867304109318E-036  -1.6412400796091089E-034  -3.0657677587148948E-034
  -3.9911746455057288E-020   1.3205478115651383E-033   1.3170425933412191E-034  -1.4758155884600019E-033  -1.8985287579522104E-018  -7.7822579406560365E-033   2.6358401253226008E-035   1.9730865225280627E-035  -8.2014203145652310E-033   4.5586993632754671E-035  -8.3626022307637857E-033  -3.0154860077631676E-018  -5.7738228167505879E-034   1.6613780314576162E-034   1.3942308330105055E-034  -9.3402291892674458E-033  -2.4245799479022940E-036   1.9275330677469706E-036  -8.4207973521642751E-033  -7.4796699162550300E-036  -9.0224360443790701E-033  -2.2268418872285128E-018   2.8573213947005772E-036  -1.2285679431764779E-034  -2.2949134842467291E-034
   1.6589896308595770E-017  -5.4890485158493328E-031  -5.4744785678919572E-032   6.1344415511184212E-031   7.8915101519751512E-016   3.2348083897458795E-030  -1.0956251792784459E-032  -8.2014203145652310E-033   3.4090393101454369E-030  -1.8948895113864042E-032   3.4760369114547620E-030   1.2534304968374393E-015   2.3999731994178184E-031  -6.9057587600926366E-032  -5.7953226817416129E-032   3.8824017366153626E-030   1.0078118223389044E-033  -8.0120707725281237E-034   3.5002265577481757E-030   3.1090332885563541E-033   3.7503064065546390E-030   9.2561912935477706E-016  -1.1876870813406449E-033   5.1067208517957326E-032   9.5391407599070994E-032
  -9.2213722548142223E-020   3.0510473813604322E-033   3.0429487825898887E-034  -3.4097843691134589E-033  -4.3864380711230613E-018  -1.7980445314409439E-032   6.0899522468017704E-035   4.5586993632754671E-035  -1.8948895113864042E-032   1.0532604448638707E-034  -1.9321296369640912E-032  -6.9671015369071415E-018  -1.3340075104593853E-033   3.8385153857630508E-034   3.2212876314011808E-034  -2.1580045462681854E-032  -5.6018481392041691E-036   4.4534508083162611E-036  -1.9455752745397933E-032  -1.7281333634094351E-035  -2.0845803253475671E-032  -5.1449860801932360E-018   6.6016715810340899E-036  -2.8385333518589290E-034  -5.3022614669747971E-034
   1.6915936332639645E-017  -5.5969243866079858E-031  -5.5820680965244159E-032   6.2550012842004240E-031   8.0466014263165923E-016   3.2983818434644312E-030  -1.1171574211412198E-032  -8.3626022307637857E-033   3.4760369114547620E-030  -1.9321296369640912E-032   3.5443512117437218E-030   1.2780640751145057E-015   2.4471396979351969E-031  -7.0414771341137700E-032  -5.9092177363790578E-032   3.9587022952209160E-030   1.0276182746924871E-033  -8.1695314159658298E-034   3.5690162553942022E-030   3.1701348933704185E-033   3.8240109052579513E-030   9.4381025469857684E-016  -1.2110286090605180E-033   5.2070828648145950E-032   9.7266127986025180E-032
   6.0997483691901657E-003  -2.0182051840558910E-016  -2.0128481272883846E-017   2.2555023341489607E-016  0.29015387006980331        1.1893695314883643E-015  -4.0283783431995790E-018  -3.0154860077631676E-018   1.2534304968374393E-015  -6.9671015369071415E-018   1.2780640751145057E-015  0.46085945847750409        8.8241857193910706E-017  -2.5390990969045572E-017  -2.1308156132698781E-017   1.4274756888739788E-015   3.7055075001144714E-019  -2.9458662501249407E-019   1.2869580882406207E-015   1.1431247295863761E-018   1.3789070746326680E-015  0.34033026305581082       -4.3668701737226447E-019   1.8776315178962721E-017   3.5073370689827947E-017
   1.1679333354490370E-018  -3.8643054919130689E-032  -3.8540482078417030E-033   4.3186639920122215E-032   5.5556451963782136E-017   2.2773141446441152E-031  -7.7132318745935309E-034  -5.7738228167505879E-034   2.3999731994178184E-031  -1.3340075104593853E-033   2.4471396979351969E-031   8.8241857193910706E-017   1.6895878380698611E-032  -4.8616734622400365E-033  -4.0799233604509821E-033   2.7332216702577580E-031   7.0950233881773988E-035  -5.6405202101016464E-035   2.4641692765131901E-031   2.1887681219829543E-034   2.6402261888121471E-031   6.5163845330523567E-017  -8.3613502373802583E-035   3.5951457481712125E-033   6.7155817479483592E-033
  -3.3606483040885237E-019   1.1119274793954449E-032   1.1089760160479467E-033  -1.2426660306860765E-032  -1.5985989131946214E-017  -6.5528157179729740E-032   2.2194297252786466E-034   1.6613780314576162E-034  -6.9057587600926366E-032   3.8385153857630508E-034  -7.0414771341137700E-032  -2.5390990969045572E-017  -4.8616734622400365E-033   1.3989132923950254E-033   1.1739700465728366E-033  -7.8646584458677288E-032  -2.0415444609070516E-035   1.6230211179790649E-035  -7.0904785819108503E-032  -6.2980305929507429E-035  -7.5970703074677487E-032  -1.8750450873440857E-017   2.4059213520383564E-035  -1.0344786037721460E-033  -1.9323627237280176E-033
  -2.8202608893015322E-019   9.3313113962668437E-033   9.3065426734134906E-034  -1.0428471198678581E-032  -1.3415465066897304E-017  -5.4991323732733901E-032   1.8625486169265426E-034   1.3942308330105055E-034  -5.7953226817416129E-032   3.2212876314011808E-034  -5.9092177363790578E-032  -2.1308156132698781E-017  -4.0799233604509821E-033   1.1739700465728366E-033   9.8519735121728336E-034  -6.6000326769127654E-032  -1.7132670472722793E-035   1.3620416560632259E-035  -5.9503398218329642E-032  -5.2853163299814439E-035  -6.3754723263838665E-032  -1.5735405335571836E-017   2.0190526582725999E-035  -8.6813593183447528E-034  -1.6216415764316038E-033
   1.8893487689355273E-017  -6.2512307871833455E-031  -6.2346377279353138E-032   6.9862399240598780E-031   8.9872864262275125E-016   3.6839779678080512E-030  -1.2477583013053276E-032  -9.3402291892674458E-033   3.8824017366153626E-030  -2.1580045462681854E-032   3.9587022952209160E-030   1.4274756888739788E-015   2.7332216702577580E-031  -7.8646584458677288E-032  -6.6000326769127654E-032   4.4214929407284937E-030   1.1477516136542086E-033  -9.1245875014041191E-034   3.9862507967879614E-030   3.5407383548684293E-033   4.2710555030315216E-030   1.0541460477022412E-015  -1.3526034661524138E-033   5.8158149847136273E-032   1.0863698914196954E-031
   4.9044590308540840E-021  -1.6227234374216620E-034  -1.6184161342589770E-035   1.8135205130269965E-034   2.3329614309811941E-019   9.5630406152397501E-034  -3.2389887826840358E-036  -2.4245799479022940E-036   1.0078118223389044E-033  -5.6018481392041691E-036   1.0276182746924871E-033   3.7055075001144714E-019   7.0950233881773988E-035  -2.0415444609070516E-035  -1.7132670472722793E-035   1.1477516136542086E-033   2.9793867915319874E-037  -2.3686026799219745E-037   1.0347694423074064E-033   9.1912125944907958E-037   1.1087003668954033E-033   2.7364011285249466E-019  -3.5111507170130718E-037   1.5096961869896343E-035   2.8200492743450225E-035
  -3.8990287656055728E-021   1.2900597846420577E-034   1.2866354928235639E-035  -1.4417428309267917E-034  -1.8546966487474053E-019  -7.6025857716219845E-034   2.5749854073018081E-036   1.9275330677469706E-036  -8.0120707725281237E-034   4.4534508083162611E-036  -8.1695314159658298E-034  -2.9458662501249407E-019  -5.6405202101016464E-035   1.6230211179790649E-035   1.3620416560632259E-035  -9.1245875014041191E-034  -2.3686026799219745E-037   1.8830313241902972E-037  -8.2263829628190648E-034  -7.3069837205827501E-037  -8.8141313767072679E-034  -2.1754298786539806E-019   2.7913532481127789E-037  -1.2002034930593679E-035  -2.2419298788966677E-035
   1.7033653873342403E-017  -5.6358732311374782E-031  -5.6209135565354149E-032   6.2985296679558009E-031   8.1025975067164448E-016   3.3213351929732058E-030  -1.1249316892401620E-032  -8.4207973521642751E-033   3.5002265577481757E-030  -1.9455752745397933E-032   3.5690162553942022E-030   1.2869580882406207E-015   2.4641692765131901E-031  -7.0904785819108503E-032  -5.9503398218329642E-032   3.9862507967879614E-030   1.0347694423074064E-033  -8.2263829628190648E-034   3.5938529424123784E-030   3.1921957758427356E-033   3.8506220931068265E-030   9.5037820458254408E-016  -1.2194561242022137E-033   5.2433188128004414E-032   9.7943000324336222E-032
   1.5129934032623978E-020  -5.0059952396232034E-034  -4.9927074922284442E-035   5.5945916881541574E-034   7.1970328081738789E-019   2.9501352289751850E-033  -9.9920676890402008E-036  -7.4796699162550300E-036   3.1090332885563541E-033  -1.7281333634094351E-035   3.1701348933704185E-033   1.1431247295863761E-018   2.1887681219829543E-034  -6.2980305929507429E-035  -5.2853163299814439E-035   3.5407383548684293E-033   9.1912125944907958E-037  -7.3069837205827501E-037   3.1921957758427356E-033   2.8354287263819084E-036   3.4202678231267150E-033   8.4416177810685896E-019  -1.0831669383474697E-036   4.6573135945799481E-035   8.6996668177201725E-035
   1.8250653263235486E-017  -6.0385381164762110E-031  -6.0225096215846735E-032   6.7485392090749775E-031   8.6815018507606392E-016   3.5586338332728439E-030  -1.2053044142970692E-032  -9.0224360443790701E-033   3.7503064065546390E-030  -2.0845803253475671E-032   3.8240109052579513E-030   1.3789070746326680E-015   2.6402261888121471E-031  -7.5970703074677487E-032  -6.3754723263838665E-032   4.2710555030315216E-030   1.1087003668954033E-033  -8.8141313767072679E-034   3.8506220931068265E-030   3.4202678231267150E-033   4.1257365678322831E-030   1.0182796486147450E-015  -1.3065823139317146E-033   5.6179369566021938E-032   1.0494071041785628E-031
   4.5044729556355072E-003  -1.4903812616962269E-016  -1.4864252432065266E-017   1.6656177682450249E-016  0.21426953729829526        8.7831211462867250E-016  -2.9748311247828404E-018  -2.2268418872285128E-018   9.2561912935477706E-016  -5.1449860801932360E-018   9.4381025469857684E-016  0.34033026305581082        6.5163845330523567E-017  -1.8750450873440857E-017  -1.5735405335571836E-017   1.0541460477022412E-015   2.7364011285249466E-019  -2.1754298786539806E-019   9.5037820458254408E-016   8.4416177810685896E-019   1.0182796486147450E-015  0.25132323058807554       -3.2247967305766962E-019   1.3865720159429295E-017   2.5900584773841130E-017
  -5.7798117692164278E-021   1.9123487346492836E-034   1.9072726597230478E-035  -2.1371994625640702E-034  -2.7493507135209831E-019  -1.1269861640139343E-033   3.8170867304109318E-036   2.8573213947005772E-036  -1.1876870813406449E-033   6.6016715810340899E-036  -1.2110286090605180E-033  -4.3668701737226447E-019  -8.3613502373802583E-035   2.4059213520383564E-035   2.0190526582725999E-035  -1.3526034661524138E-033  -3.5111507170130718E-037   2.7913532481127789E-037  -1.2194561242022137E-033  -1.0831669383474697E-036  -1.3065823139317146E-033  -3.2247967305766962E-019   4.1378243981682936E-037  -1.7791482678537761E-035  -3.3233744808734115E-035
   2.4851567172049049E-019  -8.2225624178004408E-033  -8.2007367213873533E-034   9.1893573916817439E-033   1.1821435829535784E-017   4.8457239569860854E-032  -1.6412400796091089E-034  -1.2285679431764779E-034   5.1067208517957326E-032  -2.8385333518589290E-034   5.2070828648145950E-032   1.8776315178962721E-017   3.5951457481712125E-033  -1.0344786037721460E-033  -8.6813593183447528E-034   5.8158149847136273E-032   1.5096961869896343E-035  -1.2002034930593679E-035   5.2433188128004414E-032   4.6573135945799481E-035   5.6179369566021938E-032   1.3865720159429295E-017  -1.7791482678537761E-035   7.6498378239741582E-034   1.4289576797151673E-033
   4.6421687074417106E-019  -1.5359402361485859E-032  -1.5318632874312064E-033   1.7165334898131460E-032   2.2081947228914560E-017   9.0516094869548252E-032  -3.0657677587148948E-034  -2.2949134842467291E-034   9.5391407599070994E-032  -5.3022614669747971E-034   9.7266127986025180E-032   3.5073370689827947E-017   6.7155817479483592E-033  -1.9323627237280176E-033  -1.6216415764316038E-033   1.0863698914196954E-031   2.8200492743450225E-035  -2.2419298788966677E-035   9.7943000324336222E-032   8.6996668177201725E-035   1.0494071041785628E-031   2.5900584773841130E-017  -3.3233744808734115E-035   1.4289576797151673E-033   2.6692331228482945E-033
