 3.3495909466916760E-013 -1.8052404263098018E-021 -2.6610226575337627E-021  1.0346196639672899E-017  1.7821360835747256E-011 -2.0710370415693547E-020 -4.9659168547904020E-020 -1.3937755764832409E-019  9.9292999635549759E-019  1.9607509988201596E-018  3.5060751138871776E-019 -1.6878811432241035E-018 -2.1068800827133635E-019  2.5207813699723035E-015 -5.1301864098151433E-013 -7.8538261771660634E-021 -8.7185493389937324E-021  1.2408168433822010E-012 -3.8975919903943516E-021 -4.9710431429446416E-021 -9.0856930352490612E-013  8.3642735379843026E-021  1.4722896419286436E-020 -1.4593263774358975E-017  1.0100248185825288E-016  1.9940901258556668E-016  3.5828022703966815E-017 -1.7175045627750824E-016 -2.1235193896960858E-017  8.1848376030731725E-007 -1.0934089706358968E-015 -2.4253258582356647E-015 -4.6684797911915571E-019  6.5989495870603688E-015 -4.6279691286986512E-019 -2.3940545064870055E-017 -6.3603908271617655E-020  2.5653968574889596E-022  2.3481807709026829E-022 -2.9505578255773817E-020 -5.9844485691864153E-022 -2.7979623251345468E-020 -5.2500915149828415E-022  3.0941819945291011E-023  5.0550041997142339E-022 -1.4346519827730595E-021 -1.4832804830139182E-020  1.1123821055471764E-019  2.2082630201256128E-019  3.7722654496462393E-020 -1.8965949547039053E-019 -2.5124505165129665E-020  3.5491961121930235E-020 -2.5769799420729408E-019 -5.1092935077112127E-019 -8.7588601695857888E-020  4.3876860547732678E-019  5.8550173504642468E-020 -3.1112365881200027E-016  2.1543382019882893E-015  4.2533657462589880E-015  7.6412818134218055E-016 -3.6633781489001586E-015 -4.5300811051082706E-016 -1.2673273214000353E-019 -3.0376088916129552E-022 -2.0510901197522900E-021 -7.1806884476704200E-020 -2.6585186758059941E-022 -7.6919005329232738E-020  1.8881344526188198E-021 -2.0850746936749472E-021 -4.3395494503978416E-022 -1.2233702678848340E-021 -7.1451507579376339E-022  4.9912215739266447E-024  4.3880452209731984E-023 -7.3225372499270295E-022  1.7142338374041926E-022  9.5150858992056315E-023  5.7697359375465488E-023 -5.9863207733896177E-023 -2.1824987556861212E-022 -2.5805628105754524E-022 -7.2950197997179253E-022 -1.3581512099089295E-022 -5.1201538631618056E-022 -9.8266912295782864E-023 -5.9344484158887400E-022 -1.4299649518030184E-022  6.4550801837388564E-023  1.2487888174369833E-024  1.2500614175545215E-023 -7.2188911896696117E-023 -3.8727155033654792E-022 -5.9951899473840457E-023  9.5171664913878791E-023  1.5834663808765390E-024  1.2231727819728192E-022 -1.2797265856605516E-022  2.2775488852219471E-022 -8.1029550087417068E-023 -1.0303471358256295E-022 -2.9973149874855305E-022 -7.5172417836831798E-020 -2.1354989069181021E-022 -7.0544748013478179E-022 -2.5248038195013347E-020  4.2019538731065895E-025 -4.4945576372498203E-020  5.6257114578604702E-022 -1.5222284481645288E-022  3.3895653084783807E-022  5.8846766146791395E-022
-1.8052404263098018E-021  3.3495909673016418E-013 -4.0625967837443962E-021 -3.5628676431979159E-018 -7.2150495423244548E-020  1.7821360883446067E-011  5.6920330756430360E-020  2.5529776386926743E-019 -4.0176971183831164E-019 -9.2616477336383973E-020 -2.4218062278489463E-019 -3.4297738104564528E-019 -1.5066334353746360E-020  5.9234519196415945E-017  1.0006685468072456E-020 -5.1301859445745891E-013 -2.1232389954256141E-020 -2.8535330836333906E-021  1.2408168582188861E-012  4.4080240110085324E-022 -3.6245056588280508E-021 -9.0856940149861034E-013  1.5063188704838085E-021  2.6165954728414058E-017 -4.0860108065298673E-017 -9.4549146909376610E-018 -2.4496807483081697E-017 -3.4967588201273119E-017 -1.6699221877272258E-018 -3.3177591734111271E-015  8.1848376282534821E-007  2.1446212612337720E-015 -7.7455263490411845E-019  1.0840317241285431E-016 -1.5742651814603959E-019  8.1748918070617198E-015  1.0081539876247236E-021 -2.0462280367207550E-020  2.0419474513628413E-021  1.6089556531017468E-022 -5.2424245444939442E-023 -2.0542724242347768E-022 -5.9687578310736882E-020  1.6275659595838898E-021 -2.2996758805786265E-020  3.1750869674974178E-021  3.0435589821011134E-020 -4.5973024396674964E-020 -1.1729186179844865E-020 -2.4093537485392056E-020 -3.7565333092034347E-020  1.4497426183641741E-021 -7.4064134234167668E-020  1.0446723902930390E-019  2.3427380512947428E-020  5.7243646791085282E-020  8.9654305704004689E-020 -5.8625404362577723E-021  5.5808699179043205E-016 -8.7154195032873175E-016 -2.0164295178877195E-016 -5.2256021474828180E-016 -7.4582685205524969E-016 -3.5532278236390603E-017  5.4983993552869783E-022 -6.7667431378239817E-020  1.3929691633083598E-021  6.0355980156496014E-022  1.9625240697779174E-022  7.1911901769085705E-022 -1.1432279825612691E-019  1.1295175347047254E-021 -6.4665346695740039E-020  3.0043521444642447E-021  2.9815413632429765E-021 -8.1615746278139811E-022 -8.1059134809347031E-022  2.7277967567255925E-021  5.5642310115807845E-022  1.3434073312759637E-021 -2.7405982535198300E-022 -6.6002810683315738E-022 -6.2971102238810935E-022 -1.2412469966862576E-021  5.9599518830220553E-021  1.1907926726943696E-021  2.5996414130344849E-021  7.4692616868695279E-022  2.7381606328599867E-021 -4.4417549934335022E-022 -4.1902907213390322E-022 -1.9483439531106576E-021  7.4880508383694327E-022  3.5798967735461532E-022  4.1934565303159761E-024 -8.2373359981314336E-022 -6.3726481102469923E-022 -6.1527294959186558E-023 -1.5505191471960372E-021  3.0478739902418413E-021  9.1579624764575902E-022  7.0049162321714408E-022  1.2912056582567231E-021  4.1504965563327654E-022  5.0650705291225195E-022 -3.3588757707608187E-020  7.0401890064572586E-022 -3.1579618407479030E-022 -5.3703141789170921E-022 -1.2204110830563418E-022 -5.8643751343867443E-020  7.4659777778792451E-022 -4.3409153764832552E-020 -9.1061973742720177E-022
-2.6610226575337627E-021 -4.0625967837443962E-021  3.3495907605225027E-013 -1.2185570839645746E-017 -8.5272257950740247E-020 -2.6190072878966833E-019  1.7821360364257235E-011  3.9677422861180511E-018  2.6136800032331923E-019 -7.0407420797189764E-019  1.5282638833869187E-018 -2.3975845577349903E-018 -5.5003105262646811E-018 -9.5350050587779444E-016 -8.0361316983719687E-021  2.5073179612255261E-021 -5.1301869780467460E-013 -9.4334605558985485E-021 -1.9403943101255376E-020  1.2408167996069615E-012  1.0946908632569170E-020  1.4961612011911676E-020 -9.0856923386301266E-013  4.0414093688676465E-016  2.6541517187858519E-017 -7.1482850177262565E-017  1.5550484235395237E-016 -2.4404504748395575E-016 -5.5965163040893172E-016 -4.0769714766874731E-015 -1.2071717158503712E-014  8.1848373756176798E-007 -1.4869042979706276E-018 -2.5974976175212970E-015 -1.5885367900402398E-019  1.7779773395654807E-014  2.9683386992878572E-022  1.5945719410615454E-021 -2.2593848623790474E-020  3.6292308535806580E-022  2.3969608949022200E-022 -3.3523639228598091E-023  3.1464122009671899E-022 -2.9113826810149474E-020  8.5482245338819473E-022 -5.5724931526126295E-020  4.4680992240730282E-019  2.8944643386717899E-020 -8.0317712631052078E-020  1.7657962937354288E-019 -2.6842144829448830E-019 -6.1730788736387213E-019 -1.0356145744669036E-018 -6.8374817233366055E-020  1.8305293348928161E-019 -4.0098835987545097E-019  6.2348704614950829E-019  1.4232556492924279E-018  8.6201414082498744E-015  5.6613267116557641E-016 -1.5247310431698609E-015  3.3169349994718970E-015 -5.2053775953160262E-015 -1.1937086927088718E-014  1.5793986258435154E-021 -4.2492963762844593E-022 -7.7517194926179089E-020  5.8324152752078508E-022 -3.5799227537110587E-022  8.5117616340978101E-022  2.7641605936205447E-022 -6.6595034734135960E-020 -1.9756559529434030E-023 -1.2047120142652361E-019  3.0113485784618441E-021 -4.7393117715027569E-022 -1.3119335921805233E-022  2.7890808057625379E-021  6.0984240827086008E-022  7.7724134141540975E-022 -8.7925477518462023E-023 -4.2688031981490616E-022 -4.7201804438053763E-022 -9.6594882059473021E-022  8.0306130017280763E-021  1.2837769739911516E-021  2.5561662319069428E-021  3.7255331668488180E-022  1.1059399063661236E-021 -7.3650092021459662E-022 -3.4597629065290307E-022 -1.5963322088485576E-021  1.3720022617885780E-021  2.7406785337153831E-022 -5.0660433740914813E-022 -6.9571025010436564E-022 -2.8695649752103733E-022  1.9691846091799254E-023 -6.6838728441057037E-022  4.4933948977229050E-021  5.7839598242209423E-022  8.4561356842385803E-022  1.5848363234225986E-021 -1.9846395001768188E-021  1.4331419539649965E-021 -7.5953282302339831E-023 -3.2084280026340080E-020  8.7583409804905171E-022 -3.1715580251835437E-022 -2.9583331705287097E-022 -4.8915275860181570E-022 -2.0155873286738857E-020 -3.0841098441315880E-022 -8.9302831165554131E-020
 1.0346196639672899E-017 -3.5628676431979159E-018 -1.2185570839645746E-017  3.2544475734067853E-006 -9.9254070162160628E-018  1.4371829170069600E-017  2.8562762691834330E-017 -5.4378043120327484E-016 -8.1397942520004358E-019 -1.6138717937639319E-018 -4.7509095782188465E-016 -1.8900449320021540E-018 -4.2983532598556056E-016  6.9042088788706093E-004  8.5979146566426610E-018 -5.6401222973435048E-017 -6.1997346460100536E-017  4.3160285985839673E-018 -1.5522752678278785E-017 -1.0908612526432117E-017 -2.1812846133137165E-017  6.6283896645148615E-017  3.0014973283590554E-017 -1.3846136095702325E-015 -2.0796315171581973E-016 -2.3507623791814652E-016  1.5421320467533113E-015  2.1937917395369962E-017 -5.7961832534003759E-015  1.2451244648857448E-014  1.6068849335844334E-015  3.0590294427893199E-016 -4.3292780504589384E-008  1.8125572228479448E-003 -1.0894779190027058E-007 -9.1316822247343031E-004  7.0535795616809887E-018 -2.6747384059088696E-018  3.0687840541568645E-018  3.5678756360342195E-018  6.2211770367483073E-020  2.7807308774119968E-018 -6.7707421899922618E-018  2.5342048379007488E-018 -4.1433291733168329E-018  6.7109178906497005E-018 -1.3155264526315829E-015 -1.0836025248894890E-018 -2.4682684012161481E-019 -1.3575694037777626E-015 -1.7276094297988243E-019 -1.3969467638099826E-015  5.1810304350219875E-015  6.5379623896674347E-018  4.3940780446611101E-018  4.9392412994956141E-015 -7.7174209929008127E-019  5.0735285383764230E-015  4.4264976678810384E-015 -4.1725421096359921E-015 -5.0142124731389030E-015  6.5414727337479160E-014  3.8943794800602858E-016 -8.4661567956821829E-014  5.0743658520230719E-018 -4.1469404025596361E-018  2.2109540829276288E-018  1.9501290954802548E-018 -1.8576901632993975E-019  2.2585422002559464E-018 -1.0458336225176488E-017  3.4445571073176763E-018 -3.0207006123715791E-018  6.0949304659519247E-018 -1.2708998716727867E-015 -5.1287572920991758E-019  1.8979986942472467E-019 -7.7514425370757923E-016  1.6231524328951230E-019 -7.9364548921308838E-016 -8.6160365532189503E-021 -1.7736684604670283E-019 -4.9812885631352271E-019  1.8833664828321674E-020 -1.4317903166054691E-015  7.5999910170516362E-019 -8.0713618881103736E-016  2.9791087931503955E-019 -1.4831628400259477E-015 -9.5279171290179618E-016  4.1351504994533707E-019 -1.1892818210236966E-019 -5.8768204827017865E-016  2.4988748484781468E-019 -5.7850226469458286E-016 -3.4395160544187729E-020  1.6148488334146770E-019  2.5955808143781495E-019  5.4475749067804200E-020 -1.0004208059765481E-015  1.0032820662480153E-019 -6.2523447239896337E-016  4.2313014164066085E-019 -1.0613748298763126E-015 -2.2595135185894461E-018 -1.0424259193222539E-019  3.5317309748105147E-019 -5.7766156563763359E-019  9.7001828221128091E-020 -1.1532507306608704E-018  3.3645467826082533E-019 -3.3630954990919475E-020 -6.0279853961596492E-019  7.6261802581953815E-019
 1.7821360835747256E-011 -7.2150495423244548E-020 -8.5272257950740247E-020 -9.9254070162160628E-018  9.4817817187974586E-010  1.6952089548788604E-019  3.5366102204370906E-019 -5.3699950480246113E-019 -2.1124173837386982E-018 -2.5075127677177969E-018 -2.4394001853663523E-019  2.8285930872931392E-018  8.0977366628687502E-019 -3.1086984769331306E-015 -2.7294945746812150E-011 -4.5445925033623562E-019 -5.5010486627318347E-019  6.6017149702496380E-011 -1.1884769323372874E-019 -5.5901978015032813E-020 -4.8340056025030096E-011  3.8019877046698260E-019  6.3059587902344487E-019 -7.6440763614982932E-017 -2.1721713658551446E-016 -2.6184063892043159E-016 -1.6911619959671250E-017  2.8867158898396010E-016  9.3329242019130551E-017  4.3547091757704796E-005  2.1771563128985430E-016  8.5480035320068813E-015  1.1710825460840898E-018 -8.1042872897949130E-015  5.9760618400284428E-019 -5.4549916012399036E-015 -3.3840197746200278E-018  1.3649087429014267E-020  1.2493394427564808E-020 -1.5698321532957110E-018 -3.1840012543938722E-020 -1.4886443451060297E-018 -2.7932899862257499E-020  1.6462407725387190E-021  2.6894940558456997E-020 -7.6330080153193015E-020 -1.6496666933597402E-020 -2.5321517772782721E-019 -2.5124914527488063E-019 -1.1581100016330327E-019  3.1471032749322404E-019  1.3414267699915825E-020  1.0101163122491785E-019  5.6516706324031869E-019  5.7462407568950715E-019  2.5032396289812747E-019 -7.2498426145747701E-019 -7.9802920227904048E-021 -1.6227515666125424E-015 -4.6333393579568406E-015 -5.5821389225465935E-015 -3.6438467809977929E-016  6.1566604448439397E-015  1.9869453497838723E-015 -6.7427628780227720E-018 -1.6161477843489256E-020 -1.0912742010344322E-019 -3.8204557486117791E-018 -1.4144539251447323E-020 -4.0924440354753730E-018  1.0045740936280302E-019 -1.1093555362484630E-019 -2.3088398709678568E-020 -6.5088934636052932E-020 -3.8015323412498565E-020  2.6550898518643742E-022  2.3345495067444043E-021 -3.8959167159517181E-020  9.1205421335040493E-021  5.0625706405972731E-021  3.0697134724214273E-021 -3.1850432101782930E-021 -1.1611915116651414E-020 -1.3729867743743234E-020 -3.8812702094033382E-020 -7.2259130834609921E-021 -2.7241466231557156E-020 -5.2281830278093106E-021 -3.1573770127008791E-020 -7.6079825110406389E-021  3.4343500063912333E-021  6.6340601106967420E-023  6.6513559235445911E-022 -3.8407464253169293E-021 -2.0604564602324987E-020 -3.1897671719115445E-021  5.0635219775526743E-021  8.4226803785156709E-023  6.5077458232029502E-021 -6.8086700115506526E-021  1.2117685492137419E-020 -4.3110849691702626E-021 -5.4818473022481776E-021 -1.5946963491987515E-020 -3.9995175658453701E-018 -1.1361836450636946E-020 -3.7533048435870834E-020 -1.3433114853207751E-018  2.2356180654392195E-023 -2.3913109010333297E-018  2.9931362086093842E-020 -8.0989573013259549E-021  1.8034039651993429E-020  3.1309164427246674E-020
-2.0710370415693547E-020  1.7821360883446067E-011 -2.6190072878966833E-019  1.4371829170069600E-017  1.6952089548788604E-019  9.4817817112121648E-010  5.9420987175022027E-019 -4.8436744440320999E-019  7.4277475938844906E-019 -8.4504013367486811E-019  1.1711627036523602E-018 -1.8336832057871600E-019 -7.9050161161984768E-019  6.6823964869581536E-016  4.1701694111095127E-019 -2.7294943176628526E-011 -1.0595875639000306E-018  1.2725496388178219E-019  6.6017150262368602E-011 -1.4602999358875308E-019 -3.9718950887303853E-019 -4.8340061069627296E-011  2.0424422261380768E-019 -3.9407067445049133E-017  7.6953810628685265E-017 -8.7584134169827108E-017  1.2708412080923512E-016 -2.2106014514185983E-017 -8.7718284919021283E-017  7.5677451399924522E-015  4.3547091740284865E-005  2.3073050428264970E-015  2.3584937420322061E-018  1.8904694395651777E-015  9.1169945377282740E-019 -2.4911571256930570E-014  5.3638404618582109E-020 -1.0886872058603366E-018  1.0864097759043574E-019  8.5603762221010902E-021 -2.7892105461227792E-021 -1.0929677870178946E-020 -3.1756530400866027E-018  8.6593981275237539E-020 -1.2235330886191649E-018  1.6892920397411484E-019  3.9100261416960789E-020  3.8662606760524777E-020 -1.6544325548449588E-019  2.9707901842775949E-019  3.0579175824593751E-020  7.8379258369055397E-020 -2.8526970231052405E-019 -1.8922509018133362E-019  1.8562227623680214E-019 -6.0677275967786743E-019  7.6096956217260545E-020 -3.1479674915681540E-019 -8.4171467219255425E-016  1.6407269820054168E-015 -1.8667228993724832E-015  2.7078160328225019E-015 -4.7057958776563365E-016 -1.8663940515452495E-015  2.9253979628826423E-020 -3.6002178378666954E-018  7.4112361491464374E-020  3.2112134969784307E-020  1.0441528402074058E-020  3.8260414324703838E-020 -6.0824974319215553E-018  6.0095524859950874E-020 -3.4404931574185875E-018  1.5984533644350678E-019  1.5863142030810352E-019 -4.3423303188097371E-020 -4.3127175393386122E-020  1.4513115235138749E-019  2.9604268081079767E-020  7.1475298984988169E-020 -1.4581219772254921E-020 -3.5116522135981583E-020 -3.3503507966669466E-020 -6.6040032128968516E-020  3.1709651063449424E-019  6.3355648712908700E-020  1.3831271142214225E-019  3.9739912427472255E-020  1.4568250260313137E-019 -2.3632449937146919E-020 -2.2294249788042023E-020 -1.0366083413167617E-019  3.9839699093711950E-020  1.9046700167461353E-020  2.2296013655393463E-022 -4.3826386995722218E-020 -3.3905410137853705E-020 -3.2735261059548561E-021 -8.2494729276214199E-020  1.6216060197474601E-019  4.8724577994342541E-020  3.7269216453762679E-020  6.8698079647183196E-020  2.2082322860955268E-020  2.6948482060613938E-020 -1.7870760298287160E-018  3.7457040258176066E-020 -1.6801811729366301E-020 -2.8572535476662177E-020 -6.4931571452498628E-021 -3.1201166540430361E-018  3.9722430147729744E-020 -2.3095661603249712E-018 -4.8449135841731958E-020
-4.9659168547904020E-020  5.6920330756430360E-020  1.7821360364257235E-011  2.8562762691834330E-017  3.5366102204370906E-019  5.9420987175022027E-019  9.4817817440831664E-010 -6.0809830483657940E-018  1.6883143844851599E-018  1.9821175621405972E-018 -2.9764341015284833E-018  2.7870884188396730E-018  8.8284048770308712E-018  2.4897520527869922E-015 -5.6834163864936759E-019 -2.8482802902694780E-019 -2.7294949564981953E-011 -1.6139853767626950E-019 -2.0826141968772289E-020  6.6017149296084813E-011  3.3309626062497560E-019  5.5332298007660377E-020 -4.8340053726515766E-011 -5.9931413475179183E-016  1.6880961419295632E-016  2.1057847852830498E-016 -3.0383822748433386E-016  2.8060772824479326E-016  9.0284105069303373E-016  7.6946587599271413E-015  2.4982800557297850E-014  4.3547091815768803E-005  3.3205687825341592E-018  6.7405647978641306E-015  7.2480115173762429E-019 -3.9422307300904182E-014  1.5792911342319360E-020  8.4838527907026331E-020 -1.2020964541059930E-018  1.9309168089907471E-020  1.2752931882582321E-020 -1.7836182724372967E-021  1.6740303121424609E-020 -1.5489892224761770E-018  4.5480456011150295E-020 -2.9648221397961455E-018 -6.2420445240667877E-019  1.6755717113448421E-019  1.5732642294141544E-019 -7.3264697544830328E-020  3.6113670561457599E-019  1.0210397834637830E-018  1.3336133043185272E-018 -4.6320490385006753E-019 -5.0941596098906471E-019  5.6681778120338978E-019 -6.9778993070685610E-019 -2.6105627328625945E-018 -1.2784179263314874E-014  3.6013288492376037E-015  4.4899020913987429E-015 -6.4764788013493688E-015  5.9854422244482211E-015  1.9260098380952928E-014  8.4031225797437946E-020 -2.2608265870008596E-020 -4.1242705858250653E-018  3.1031108220957118E-020 -1.9046832594575568E-020  4.5286459938472279E-020  1.4706501919532925E-020 -3.5431615285970545E-018 -1.0511949498227557E-021 -6.4096208956375494E-018  1.6021681999222977E-019 -2.5215325653362817E-020 -6.9800537674138777E-021  1.4839146301108062E-019  3.2446460111262705E-020  4.1352465347042699E-020 -4.6780510255309583E-021 -2.2711976177952136E-020 -2.5113533068563484E-020 -5.1392877849642150E-020  4.2726469359559127E-019  6.8302935265018078E-020  1.3599944436254395E-019  1.9821643491043375E-020  5.8840600134593830E-020 -3.9185958195120180E-020 -1.8407538279688723E-020 -8.4932163758781470E-020  7.2996392807418839E-020  1.4581717551846282E-020 -2.6954010728601211E-020 -3.7014991654576033E-020 -1.5267385306637403E-020  1.0476914790898636E-021 -3.5561237313199432E-020  2.3906851029532190E-019  3.0773436070707236E-020  4.4990186534881021E-020  8.4320671327047991E-020 -1.0559235441677388E-019  7.6249709625953637E-020 -4.0410906927290000E-021 -1.7070309687029005E-018  4.6598387200051538E-020 -1.6874144762954325E-020 -1.5739703062764483E-020 -2.6025219658145795E-020 -1.0723849770331198E-018 -1.6408915910772810E-020 -4.7513205325665705E-018
-1.3937755764832409E-019  2.5529776386926743E-019  3.9677422861180511E-018 -5.4378043120327484E-016 -5.3699950480246113E-019 -4.8436744440320999E-019 -6.0809830483657940E-018  4.1034378107813356E-007  3.9698560880452431E-018  2.1061772534792945E-018 -2.0517189054218648E-007 -1.5941393861800017E-018 -2.0517189048789408E-007 -8.0320085430734307E-014  2.9309960357144493E-020  7.3510900437306264E-019  7.5871683571724482E-018 -2.0157733038006482E-019  2.2323667581200658E-019  2.8393811511194140E-018  6.8388685113743256E-018 -2.8975784834199715E-018 -4.1524122884488311E-018  4.1758314446153586E-005  3.8721369466426707E-016  1.8924318455952400E-016 -2.0879157225901113E-005 -4.9589040247663993E-017 -2.0879157219966254E-005  9.6779953813453588E-015 -4.4370180331633646E-015 -8.7802451788014441E-015 -9.3475792506906981E-017 -2.1306463181227703E-013  1.3872731011538555E-016  4.7225627074976781E-013 -1.5980640423887043E-018  5.2980388306832056E-019  4.6288344921781245E-019 -1.1764169150714729E-018 -1.1630193129138036E-019 -1.1257144714630850E-018  8.3579600462676718E-019  6.2404467459343918E-019  5.0237863848840835E-019  1.6510802165929027E-019  4.6094609874041970E-008 -2.1558421506114260E-019 -2.8697487173650067E-019 -2.3047304903847668E-008  5.9192565244838295E-019 -2.3047304781807856E-008 -1.0662412077422830E-007 -1.1137605318166789E-018 -3.5317877312302812E-019  5.3312060000994920E-008  7.7140495895908939E-019  5.3312060081473195E-008  8.9068780081779926E-004  8.2334737872241951E-015  4.0411023941548701E-015 -4.4534390047121556E-004 -1.0787834545681741E-015 -4.4534390034622228E-004 -3.7170582029688308E-018  2.9030721259922644E-019 -7.4815732079306882E-019 -8.2130563215964463E-019  1.6048715758293647E-019 -1.3582714469256141E-018  9.5421740380012902E-019 -9.6819874146236624E-019  4.8645753563421538E-019 -1.4534046947531383E-018  3.0529156147979966E-016 -1.7478639738722705E-018 -4.9778197286287227E-019  6.7674333368481901E-017  5.0217690314067592E-019  8.3280171105306468E-017  1.8465501769658651E-019  2.5066176761238719E-019  2.3688399762441474E-019 -1.2823491813567736E-019 -1.6092039047313352E-016  5.1623747230166196E-019 -4.5185276524988956E-017  8.3112654697630263E-019  3.2360044710863196E-017  2.8515008143814623E-016 -8.5686748126260525E-019 -1.3730787306377080E-018  2.0354312248994950E-017  4.6551852203071097E-019  5.9544315997965648E-017 -3.7410235533557513E-020  2.6838037742847101E-020 -7.7732714251820764E-020  3.2829713552774304E-019 -1.9129753929687656E-016  7.3884649769114231E-019 -6.2293737160318814E-017  5.3220051122261834E-019 -2.2563637637264890E-017 -4.0953498140278763E-019  5.7321328535687384E-020 -9.8844751602941612E-019 -2.6460887365846208E-019 -1.2190724660259831E-019 -4.8661723302473948E-019  2.6414201186952330E-019 -9.0968392071115320E-019  1.5640263904504539E-019 -2.2614266784220550E-018
 9.9292999635549759E-019 -4.0176971183831164E-019  2.6136800032331923E-019 -8.1397942520004358E-019 -2.1124173837386982E-018  7.4277475938844906E-019  1.6883143844851599E-018  3.9698560880452431E-018  4.1034378100524277E-007  1.4717755805452450E-018  3.2102117703344264E-018 -2.1808652069683759E-019  2.2662265008872178E-018 -1.2382190654099993E-016  1.3383925561369282E-018  5.3175978581135695E-019 -2.3062507555434396E-018 -6.6789577345514783E-019  3.8572036809736825E-019  1.8421452401292877E-018  1.5757646740704417E-018 -2.4436572688882768E-018 -1.3284186636641191E-017  2.9404675506134910E-017  4.1758314442474563E-005  6.0733162290640359E-017  5.9199940839710045E-017  3.6142773023018374E-017 -4.9158514632110800E-017  1.0188980106293659E-015 -6.0173538174123378E-016  1.3346536060072871E-015 -1.6973128581327287E-018 -2.9638060498266807E-016  3.0802973237324452E-018 -3.2585745109093065E-015 -1.2727564413405453E-018  2.3897742114466840E-019  2.6883453949604552E-018 -5.0906386107526666E-019 -3.0992854206281240E-020 -3.6417735139774310E-019  8.7628373890016118E-019  2.6319529802164302E-018  2.9393936174939001E-019  5.9266050424504815E-018  4.9944786268187001E-018  4.6094610023956022E-008 -6.3403342253356316E-020  3.7419116433991599E-018 -2.4500843524302064E-018  1.9791908919781451E-018 -1.9067416140002990E-017 -1.0662412043225926E-007  2.2089703161720095E-019 -1.8039310896969994E-017 -1.5564892037192854E-018 -1.8490208156175887E-017  4.0783914362506868E-016  8.9068780073788022E-004  1.3294004230237338E-015  9.6327356246106806E-016  7.9719366760419736E-016 -1.2985928396216297E-015 -7.9782891818847794E-019  3.5027732365059206E-019  2.6366208412132923E-018  6.5651110106077808E-020  6.1051372373092651E-020 -3.1156344583195791E-019  7.6936666325801502E-019  2.5667465746866519E-018  5.1646808127246807E-019  5.7977079427969905E-018  2.8211485227875798E-018  3.4822982823833734E-016  1.1213868466450780E-019 -3.5418355197878155E-019 -1.1428275844936696E-018  4.1499591123278519E-019  3.7814307305720693E-016  1.7381813553418660E-019  1.4920798197888212E-016  3.5614196285469666E-020  2.2086539316101273E-018 -1.5831031556604514E-018  3.4664222825396666E-019 -2.1108670798238501E-018 -8.7426446406586817E-019  2.6051388349239576E-018  3.6268470939774646E-016 -2.8896914192716041E-019  6.6629934626133971E-019 -1.7830291993555340E-018  6.5892595994759150E-019  3.7849189624887831E-016  1.4024690481495770E-019  1.5337850325088444E-016 -2.0825800008973430E-019  1.8696702626686528E-018 -1.8135298868563412E-018  4.3766476626571999E-019 -1.5646997253880749E-018 -6.2738622798939639E-019  6.3974990524100935E-019  1.6049816709897036E-019 -8.6238917215125630E-020  2.7676259753893033E-019 -4.3857910679813136E-020  2.6791009691023916E-019  3.7403705824993470E-019 -2.6699585259953123E-020  2.0664811831427407E-019 -1.6783714202474860E-019
 1.9607509988201596E-018 -9.2616477336383973E-020 -7.0407420797189764E-019 -1.6138717937639319E-018 -2.5075127677177969E-018 -8.4504013367486811E-019  1.9821175621405972E-018  2.1061772534792945E-018  1.4717755805452450E-018  4.1034378103696183E-007  4.0499093662221808E-018  9.6420142666049939E-019 -1.1473020428802338E-018  2.3506649328140255E-016  2.8714977608730887E-018  4.0475485435856162E-018 -4.3815847955200699E-018  2.1776854517258167E-019  1.2791822914655399E-018 -2.8689940731176556E-019 -4.2171608242541784E-019 -1.8817256803711783E-018  1.1273277729819765E-018  2.2769588964084294E-017  8.5879982307841328E-017  4.1758314444105481E-005  1.3333220399796808E-016  1.8820712098988126E-016 -1.6221894579398534E-016  2.9505692188138891E-015  6.9487904585204022E-016 -3.9662773559107611E-015  1.1069463120127505E-017  6.2190793193476544E-016 -9.3246068066190646E-018  5.6084312417835126E-016 -4.2311647405006848E-019  2.8548693348354516E-020  1.6114353321699463E-019 -2.1907367485753418E-019 -4.9120310148252453E-020 -2.5347868115854579E-019 -6.8374691299681030E-021  5.5676224610247779E-019 -2.1576254225807658E-019  9.7342172215878786E-019 -2.2645242186972323E-018 -1.5762397548165029E-018  4.6094610045298526E-008  1.4375768706664480E-018  3.0551494062533263E-018 -4.1316142802103605E-018  8.1088870243197330E-018 -1.6728807650428554E-018 -1.0662412047714692E-007  9.5862618291495340E-018  2.6554493236176375E-018  6.5691599393578917E-018  5.3996359861743917E-016  1.8721122200214767E-015  8.9068780077221138E-004  2.8930520427666172E-015  3.9320133385150845E-015 -3.4156169493757892E-015 -7.0993342807727655E-019 -4.5611299634228515E-019  3.9414756178636286E-019 -1.2845508419831418E-019 -7.2501694962930633E-020 -1.2242234708215862E-019 -1.1646629420021137E-018  1.2680398295704650E-019 -4.7190333332439552E-019  6.0606619779101535E-019 -4.5173112351002750E-019 -1.8095170589526660E-018  3.5416213497270214E-016  8.2673552930238816E-019  8.6493331788296767E-019 -1.9415407607035311E-018 -1.7299946432935867E-018  1.7549357152099067E-016 -7.0786391134441168E-019  3.4417936354885972E-016  3.8327859084066977E-018  3.9748008559751317E-018 -6.0722630075670944E-020  3.8398958187328136E-018 -3.4462285847767932E-018  2.2763390339515043E-018 -1.8957063205868927E-018  3.8629685316395061E-016  2.8020933044714273E-018  8.1935089600473023E-019 -7.1537723911037022E-019 -1.8140717628221314E-018  1.8132984642312101E-016 -5.3876921049862426E-019  3.6385369694094681E-016  6.6726323425811182E-018  2.8082932572588505E-018  2.1526789677375746E-018  2.9157759260928614E-018 -1.2777763623189062E-019 -4.9267147652549019E-020 -1.3038683153107969E-019 -6.1376157962764676E-020 -9.5673433175181794E-020  1.0029990094278042E-019  7.8731147628698365E-021 -2.7782531421202542E-019 -1.0518848445811701E-022 -9.4731075838532897E-020  1.3375791783944799E-019
 3.5060751138871776E-019 -2.4218062278489463E-019  1.5282638833869187E-018 -4.7509095782188465E-016 -2.4394001853663523E-019  1.1711627036523602E-018 -2.9764341015284833E-018 -2.0517189054218648E-007  3.2102117703344264E-018  4.0499093662221808E-018  4.1034378097207513E-007 -1.6904819203341275E-018 -2.0517189054049472E-007 -6.8169265766450580E-014  1.1955948961795914E-018 -1.4568239226287208E-018  4.9162264509480853E-018  1.6979098726947121E-019  4.3707940917757988E-019 -4.0727338068063711E-019 -5.5916933917270806E-018 -3.3004705435465145E-018 -4.2871576445210864E-018 -2.0879157220538761E-005  2.8145032772475343E-016  2.7407633009750333E-016  4.1758314440571273E-005 -1.7635858445039423E-017 -2.0879157220446102E-005 -3.4994586127092037E-015 -3.5166944009155184E-015  3.1968547217953951E-016  2.8838997427026477E-017 -1.8123261056189164E-013 -3.6190393839805909E-017  4.8759604991600280E-013  6.7027161445376439E-019  8.7134284104850747E-019  9.0220517563288393E-020  6.5324928831259328E-019  1.1734543203553582E-019  1.1508656897472893E-018  1.3285436102411838E-018 -4.0089020782905939E-019  8.4736570121551117E-019 -2.7958519217106098E-019 -2.3047304974952325E-008  8.6994900979056276E-019 -3.0694577437827273E-019  4.6094609847706135E-008 -2.5851511146006968E-018 -2.3047304947468574E-008  5.3312060475590915E-008 -1.2627086987058571E-018 -2.8967522807610132E-018 -1.0662412026390930E-007  2.5355851569578788E-018  5.3312060515764344E-008 -4.4534390035311933E-004  6.0254105792182240E-015  5.8971511637272106E-015  8.9068780070203672E-004 -4.4482933135789792E-016 -4.4534390034992570E-004  2.6510912736354523E-018  6.0873519782507216E-019  2.8498687084089268E-019  8.4567617687469084E-019  4.5764858395673459E-020  8.4392551312398726E-019  1.6812153721146659E-018  6.2755836346562024E-019  8.3697355711805672E-019  1.0307999776457910E-018 -1.7250246884652570E-016  1.3222273885255856E-018 -1.1350842363592576E-018  3.4411358805640797E-017 -4.2730738646284194E-019 -8.5493369043785317E-017 -5.3400355821170465E-019 -8.5642598929740714E-019  4.6610929544438595E-019 -1.2796910192762661E-018  3.7067215674498850E-016 -4.3501553896103280E-019  4.0213873421869063E-017 -1.1787064961776283E-018 -1.1486376507147119E-016 -1.8480366059722102E-016  2.8795393332285062E-019 -5.6818963688794890E-019  4.4687937743682006E-017 -8.2420456811185624E-019 -8.9623705790863158E-017 -6.1033290313984896E-019 -9.6832191168027776E-019  2.0896758853500412E-019 -4.8550815519713276E-019  3.6317336859415193E-016 -1.5045629832642362E-018  5.1101282097919980E-017 -1.6240301788775902E-018 -1.3284703432751449E-016  4.4677961295049146E-019 -7.6604640414443460E-020  7.7267872442231972E-019  2.0288691635426250E-019  1.2222287687203194E-020  3.5870385478243755E-019  1.6064970511693026E-020  6.3447804660068082E-019  5.0447802718346875E-020  1.6434463126506105E-018
-1.6878811432241035E-018 -3.4297738104564528E-019 -2.3975845577349903E-018 -1.8900449320021540E-018  2.8285930872931392E-018 -1.8336832057871600E-019  2.7870884188396730E-018 -1.5941393861800017E-018 -2.1808652069683759E-019  9.6420142666049939E-019 -1.6904819203341275E-018  4.1034378102912143E-007  1.7152091047849263E-018 -4.7289548864892648E-016 -6.1904428886737046E-018  1.8438997278495685E-018 -1.5669802046049060E-018 -1.1556078201412314E-018  4.6367697056473610E-020 -5.3404742474555741E-019  3.5812546299780324E-018  3.4234759987697060E-018  8.8931717716393214E-018 -1.1463147309390328E-016 -6.1450487113986869E-017 -8.7805658773866428E-017 -1.5290194846916295E-016  4.1758314443664217E-005  2.6006564528247625E-016 -3.6022927168438879E-016  1.5344206827097970E-015  1.3590234528532264E-015 -1.0234399402818694E-018 -1.2493871919134033E-015  4.2116396169605083E-018  2.4122964778442409E-016  3.9234107658306031E-019 -5.3285363448486590E-019 -1.5435570966945866E-018  2.1205210507380278E-019 -7.9602432599013134E-019  2.9987742612299721E-019 -1.5316295041487700E-018 -1.5600736439491514E-018 -9.1159337841564310E-019 -2.4505933977320618E-018 -2.8666660086438889E-020 -2.7696893869577489E-018  1.5956893042577404E-018  3.1840043382060705E-019  4.6094609992060256E-008  2.2412568494280039E-018 -1.4723599420145546E-018 -3.3754154049475544E-018 -4.2117348454437195E-019  7.1221324311299184E-019 -1.0662412048437227E-007 -1.0289429152126850E-018 -2.3830856577730104E-015 -1.2535689315355465E-015 -1.8517715708260871E-015 -3.2276602870686024E-015  8.9068780076390281E-004  5.5991148407940361E-015  5.8716652227768679E-019 -1.0796274519584520E-018 -1.4271854795045154E-018  1.9438157573358258E-019  2.4407083868430678E-019  2.3622072475332277E-019 -2.1919856355572757E-018 -1.5115720426401528E-018 -7.5187410154735628E-019 -3.8765981079743165E-018 -3.1484106008675045E-019 -2.8554836344327885E-018  1.5437421463134919E-018  3.4131870373660376E-019  1.3944743156233823E-016  3.5035630582340011E-019 -3.0658544078894263E-018 -2.9875487732542032E-019 -1.5777648211898846E-018  1.5748283923723585E-018  7.5337479899768297E-019  3.3267604844642910E-016  1.4709414134345026E-018  3.0236815304328186E-016  2.2136604877830329E-018 -2.1840526792916612E-018 -2.7585279314375197E-018  9.4706060301573031E-019 -1.1580533165631816E-018  1.5419503851916468E-016 -3.5693939427591843E-019 -2.7141887536435739E-018 -7.5555519142784481E-021 -2.0628735463816164E-018  1.0843751917021267E-018 -1.1825215792021289E-018  3.5717323438836839E-016 -9.0159570901905250E-020  3.2046900407017659E-016  2.7678971121513931E-019  1.3423092692620715E-019 -4.4202206759766790E-021 -5.0247712994742516E-019  9.8241870318562128E-020 -1.3752798632607111E-019  8.6458287808361543E-020 -2.4350035637328159E-019 -3.6840698159212135E-019 -1.3693536479244323E-019 -7.2682152399398333E-019
-2.1068800827133635E-019 -1.5066334353746360E-020 -5.5003105262646811E-018 -4.2983532598556056E-016  8.0977366628687502E-019 -7.9050161161984768E-019  8.8284048770308712E-018 -2.0517189048789408E-007  2.2662265008872178E-018 -1.1473020428802338E-018 -2.0517189054049472E-007  1.7152091047849263E-018  4.1034378109094186E-007 -4.4096423488032778E-014 -1.2257348837648901E-018  7.2470035535235758E-019 -1.2496802220239864E-017  3.3793929513938737E-020 -6.6753664618771407E-019 -2.4480527914449328E-018 -1.2486451428054016E-018  6.2033361137832818E-018  8.4512453971846369E-018 -2.0879157220724749E-005  2.9263074477285169E-016  4.6395521619285750E-017 -2.0879157225925897E-005 -9.2485109765269722E-017  4.1758314446778019E-005 -4.8542676371157616E-015  3.1907793082382325E-015 -2.0573128180104334E-015 -3.2184124775270307E-017 -1.1792496827494474E-013 -9.4461104852113783E-017  4.5661205590094168E-013  9.2779242314747771E-019 -1.4011467225991956E-018 -5.5310396893218595E-019  5.2316762411895528E-019 -1.0435009345583722E-021 -2.5151220093797278E-020 -2.1643396096165285E-018 -2.2315446748216959E-019 -1.3497443360191158E-018  1.1447716667430871E-019 -2.3047304893691773E-008  4.0675341030833055E-019  1.1565658711790640E-018 -2.3047304956283034E-008  1.8169307358896026E-018  4.6094609736303124E-008  5.3312060286151229E-008 -7.8064963078859864E-020  1.9484437204885165E-018  5.3312060291654362E-008 -2.8991925267571559E-018 -1.0662412061349139E-007 -4.4534390036037665E-004  6.2451406881233404E-015  9.3376001544906559E-016 -4.4534390047090152E-004 -1.8829367319872838E-015  8.9068780083192500E-004  1.0659669250666342E-018 -8.9904240642606923E-019  4.6317044974646847E-019 -2.4370546410408101E-020 -2.0625201558804240E-019  5.1434593197467044E-019 -2.6354327663941783E-018  3.4064037635545936E-019 -1.3234310905099915E-018  4.2260471501334026E-019 -1.3278909160020629E-016  4.2563659329794743E-019  1.6328662136780815E-018 -1.0208569158568561E-016 -7.4869517099248888E-020  2.2131985183093263E-018  3.4934854885474270E-019  6.0576422442727264E-019 -7.0299328917999314E-019  1.4079259421594435E-018 -2.0975176523903741E-016 -8.1221935438221291E-020  4.9714036804453448E-018  3.4757994847111882E-019  8.2503721329120178E-017 -1.0034641985720074E-016  5.6891355600585074E-019  1.9412683727060368E-018 -6.5042249416077486E-017  3.5868604534406559E-019  3.0079390353501494E-017  6.4774314800214387E-019  9.4148387637082448E-019 -1.3123487119403581E-019  1.5721102410431522E-019 -1.7187582837582930E-016  7.6571648462751110E-019  1.1192455617253865E-017  1.0918296660878393E-018  1.5541067286246529E-016 -3.7244630679701610E-020  1.9283312085238676E-020  2.1576879130709576E-019  6.1721957268045243E-020  1.0968495877232487E-019  1.2791337886196830E-019 -2.8020698259885083E-019  2.7520587442150063E-019 -2.0685044094839187E-019  6.1798036597753335E-019
 2.5207813699723035E-015  5.9234519196415945E-017 -9.5350050587779444E-016  6.9042088788706093E-004 -3.1086984769331306E-015  6.6823964869581536E-016  2.4897520527869922E-015 -8.0320085430734307E-014 -1.2382190654099993E-016  2.3506649328140255E-016 -6.8169265766450580E-014 -4.7289548864892648E-016 -4.4096423488032778E-014  1.6895343771714191E-001  5.2265424327619183E-015 -2.9710627341295978E-015 -3.7227267805711056E-015  1.6320525782893619E-015 -8.9049366093252010E-016 -2.8504836497291433E-016 -6.7502148044646439E-015  5.1645823099297042E-015 -2.5231805702618971E-016 -2.9707400387570877E-013 -5.3334913021750839E-015 -3.2503781110550524E-016 -2.2398290312379430E-013  1.4972786180552192E-015 -3.3273093360447659E-013 -2.8985858903030863E-014  5.8301431270368388E-015  2.2204873077071962E-014 -3.1929715794593044E-005  4.4225370006346332E-001 -3.1032551628750454E-005  4.1514083306909561E-003  1.2322673886950427E-015 -4.7384360028347102E-016  4.3603883817878601E-016  5.9486657157781743E-016 -1.2355383993785671E-017  5.4716402675758611E-016 -9.9311436666899862E-016  5.1297027435891550E-016 -4.9510966949559941E-016  1.0753747843962742E-015 -2.0144951671985658E-013 -3.2262386284984132E-016 -1.6622708759242429E-017 -2.0294124499868594E-013 -3.3481232190162995E-017 -2.4098546099210697E-013  9.4036364064367318E-013  1.5787446814644270E-015  8.9127782664845005E-016  8.9497011209246889E-013 -2.1515423210370666E-016  9.1291732216283369E-013 -1.3628605432549100E-012 -5.8974846214027921E-014 -2.9089777101710343E-015 -2.2026106721705350E-013  1.2387223777926895E-014 -9.7903128908574366E-013  8.6259430830738089E-016 -5.0261559918600705E-016  4.2699574185554118E-016  3.1952933339206384E-016  2.3660150149426079E-017  3.8764413451050098E-016 -1.3010129001427131E-015  5.6099191466403856E-016 -4.9199133316162552E-016  1.1344291984871986E-015 -1.8615583274534032E-013 -1.0142432215456370E-016  1.7385987245395071E-017 -1.1454042613295736E-013  5.4485538297938193E-017 -1.2830584929471555E-013 -1.0146208343996132E-016  1.5617871308668038E-017 -3.4718688182214568E-017  3.8807202116274397E-017 -2.0657305508750235E-013  4.6505267402377944E-017 -1.2649669331602687E-013  1.1371966384198420E-016 -2.6040937395308499E-013 -1.0138541259773354E-013  8.1345107200099254E-017  1.3642615853785836E-017 -6.0409185179561207E-014  9.8626958381094977E-018 -6.8013520194345694E-014  7.6150976704875045E-017  3.6084984947569335E-017  2.0443034729639570E-018 -1.1925822763496393E-017 -9.9830503538243323E-014  3.6788115187898991E-017 -7.5937132502526385E-014 -2.1708545462912580E-017 -1.4928447806164960E-013 -4.5826614614072586E-016 -3.3543329854979001E-017  5.3822690449413480E-018 -1.6114910274628968E-016 -4.3724926767854902E-019 -1.9410548735393223E-016 -9.2894779620063985E-018  3.1640017772693023E-017 -6.8458194265913910E-017  1.2265166392042482E-016
