   3.1528260059885321E-004  -6.7420129562126751E-017  -5.9227747580828909E-017   2.1584048102231819E-016   6.8185623746925674E-018   7.1198317294157447E-018  -3.9659029284506686E-017   3.5603954063715368E-017   1.7564808472062344E-021  -2.6209759344852875E-017   2.2441690409568608E-002   5.9359320497903677E-016  -4.3400857152231876E-015  -2.0268875033142241E-015   3.5595490633847943E-004   1.0609659159164425E-016  -1.8817767185867120E-016  -2.6798669599163803E-004  -3.0207470891751384E-015   5.0946216134501664E-015  -6.4324488614828406E-016  -3.6266214236424732E-015   1.0483173323900461E-015   2.9019122257235311E-018   1.2003376007455782E-018   2.6609226583880994E-016   1.7785011666134765E-018   2.6607339580154498E-016  -1.7557195704013553E-018  -3.6468739101067089E-018   1.2484499259141261E-017   2.9815019277415826E-018   1.5615684018960402E-017  -3.6099032147619327E-017   3.4128195451621911E-017  -1.6604478890533822E-017  -4.2355465730086268E-018   2.0952340681343075E-017  -9.5506984453707668E-016   7.9420557283743047E-016   5.9865099390018130E-018   8.3953529394650770E-019   3.6192356722998945E-016   4.6340489113267296E-018   3.2484430084587118E-016   8.9378958598997111E-018  -4.9720195082247107E-018   8.3302594363381297E-019  -3.9614360114244952E-018  -1.7619470989903552E-015   5.3912017964401032E-017  -2.9777960493840165E-016  -2.1857248681301734E-016   2.7824700568793124E-017  -1.4689376279898060E-016  -6.9586310409842526E-017  -1.8518036945891686E-006   3.6525768276148661E-017  -3.9595034177889704E-017   5.9804479456901647E-016  -3.3812530122686248E-015  -2.1291650136588279E-015   1.7016968260263906E-016  -1.6810160684615845E-015  -7.5844002352538019E-016
  -6.7420129562126751E-017   3.1528260059871362E-004  -7.0330921447139713E-017   1.1385081954717792E-015  -1.9106395653942813E-017  -3.3695968008707538E-018  -3.4819158815333850E-018  -1.5884259159873332E-018   1.0008068889334589E-017   2.6652275271633452E-017  -5.3292124810847556E-015   2.2441690409564150E-002  -1.7523922531308135E-015   2.9735694666130065E-014  -1.5490588526915997E-016   3.5595490633853007E-004   9.5373590975613806E-017   6.6076158094140060E-016  -2.6798669599795920E-004   9.5187580463082079E-015  -3.5363915758044026E-015  -6.9019021906130688E-015  -1.8274312780577408E-017   2.6958494820435929E-016  -8.8955192986125830E-018  -4.8063335793566316E-018   3.3265211512373345E-018  -6.7451716239916258E-018   8.5989848476267416E-016  -1.3729839711513417E-017   3.2486254730459704E-016  -1.2665006798469552E-017  -6.4277665819998208E-018   7.7495522957073356E-019  -5.3599081596283417E-018   2.3271855263298985E-017  -1.8534541809694829E-018  -8.6970902614735091E-018   2.7441735935312990E-014  -4.4341944412384572E-017   4.2715105777721648E-016  -1.2476668865081282E-017  -1.4558214936370588E-017  -7.3388801109988412E-019  -1.7197258520023086E-017   5.5905782284091783E-016  -6.5949820321963774E-018   2.7870737385519177E-016  -2.5637090629873452E-017   2.0864785362937963E-014  -2.8673854832830569E-016  -9.2115370128614552E-017  -7.7214806116954687E-017   1.7541010462942441E-016   7.9184027689644246E-017   1.5066339110520275E-016  -7.2018446396947968E-017  -1.8518036952119784E-006   2.7756665706916644E-017  -3.2832182699736458E-015  -1.0486428026604438E-015  -8.9664546505145554E-016   1.9103411808503475E-015   8.6211441395691409E-016   1.4250447548066949E-015
  -5.9227747580828909E-017  -7.0330921447139713E-017   3.1528260059909287E-004  -1.8216269201742412E-016   1.5287546326767453E-017   6.0715316607440678E-018   1.1543875995555915E-017   2.6309063856279699E-018  -5.1153210774557276E-018  -3.5177560709771191E-017   2.6020414086342543E-016  -3.3611810594848227E-015   2.2441690409578736E-002  -1.5502918523447532E-015   1.8101764665643712E-017   9.9468585507246511E-017   3.5595490633778565E-004  -2.9880083669248333E-015   4.5113031340395366E-015  -2.6798669600311918E-004   6.5818007676308801E-016   2.0425826797745306E-015   5.0678474140285134E-018  -1.4987270395350410E-018   1.9729620734964276E-016   2.4324747121174360E-018  -1.4320428913666661E-018  -6.2129957582406623E-019  -5.1372571124420053E-018   2.4666491717802549E-016   4.4414792557117516E-018   8.6207687524222208E-016   3.7684205753246631E-017  -2.2103611183402206E-017   6.2681161718222772E-018   9.8755746056493871E-018  -9.4091354983709359E-019   2.6801251541081735E-017  -2.0272872162231379E-015  -6.5585042174986295E-018   1.0548147173968890E-017   4.1746887955280610E-016  -4.8997954216791227E-018   3.0959966611216518E-018   6.5685467507931034E-019   1.1396063913066026E-017   3.0611000347146791E-016   1.0489843217641755E-017   3.5789494035268919E-016  -8.7330179187508134E-016   2.0969409387265245E-016  -1.0389729292688608E-016   2.3857247478106955E-016   8.2823387038447322E-017  -1.9328969115708063E-017  -2.2448922127927790E-016   5.0310992194113138E-018   1.0101209800667467E-016  -1.8518036955840775E-006   2.1163119521842177E-015  -1.2745653276939395E-015   2.6140327381738283E-015   5.9564616816839931E-016  -1.9221857516102994E-016  -2.6295151450823995E-015
   2.1584048102231819E-016   1.1385081954717792E-015  -1.8216269201742412E-016   1.5108111396567210E-006  -3.4848458168818372E-017   2.7940765813885136E-019  -2.3261732028694729E-019  -4.1057349737698724E-017  -1.4280754994823084E-018  -1.6279675978515753E-017   1.5210813979108042E-014   7.8421503174065765E-014  -1.2868436701207951E-014   1.1348850847961740E-003   2.2818514586642827E-016   1.0723131905966533E-015  -1.8895496852707625E-016  -2.6161835019513311E-014  -7.3889281968036660E-014  -8.8886361506081154E-015  -6.4959531077634202E-006  -9.0700484172207409E-004   1.3209722044392362E-018   4.5394859174040271E-019  -9.2082277205305528E-020  -5.8364452973610678E-019   7.9323585477604901E-019  -1.0838761478442504E-019  -3.5023851901212160E-019   8.9680989882219949E-019  -1.9004006075703093E-019  -1.1269052745953461E-018   2.7067065285433551E-016  -7.1328083798963276E-019   1.4475099039151660E-017  -3.2503008268598073E-016   2.9333983068156240E-017  -1.1320883413740987E-016   9.0370029816668276E-004   9.0000498494881077E-019   3.3016351482289205E-020  -7.6604231205087271E-020   1.7846575325364619E-018  -8.2450668154053338E-019   1.0799826711858148E-018  -4.7348089683905489E-019  -2.0217033251986920E-019  -6.2742182639469438E-020   8.0299519804702832E-020   8.2602072585760103E-004   3.5627317073120692E-015  -8.7594580931170650E-018   1.5607047895895777E-016  -3.2478186249726855E-015   3.0813199192385270E-016  -9.1517733953864160E-017  -6.0628700563844429E-018  -9.9544332042917889E-017   1.0689435015518668E-017   3.9420422756262456E-014  -1.0681020079454581E-016   1.7618129689883293E-015  -3.7282760648214120E-014   3.4852419107990047E-015  -1.8798366324942721E-015
   6.8185623746925674E-018  -1.9106395653942813E-017   1.5287546326767453E-017  -3.4848458168818372E-017   5.9278977629213419E-010   4.6978452225729564E-020  -9.0263523643951269E-020  -2.9639488847888833E-010  -5.8363480034731948E-021  -2.9639488826447030E-010   4.6317437567769117E-016  -1.3552679783171086E-015   1.0849460292102918E-015  -5.6822727939638161E-014   5.9569538715305550E-018  -2.1324758288315458E-017   1.7083618498200878E-017  -3.3315399668865539E-015   1.0004497655984675E-016  -9.3292364496171896E-017   2.0795108852826250E-016  -4.0336064723570653E-014   9.7639651353227456E-021   7.6248110879476660E-021  -1.5413734777997485E-020   2.5639026966577348E-020  -1.0071890878583755E-020  -1.1528269801303589E-020  -2.3567524005052572E-020  -1.2588922205501469E-020  -1.7413070487732107E-020   6.2209532580347821E-020   2.5807590542007150E-007   1.7422820511182448E-017  -1.9449524636071606E-017  -1.2903795274067894E-007   1.4415563729705166E-017  -1.2903795268065863E-007  -4.4746932366451616E-014  -1.1088372093733329E-020  -5.8614658464996198E-021   1.0304238716977816E-020  -2.8359635765816419E-020   1.2140266099071666E-020   3.1275657234981152E-020  -1.1685736027982040E-020   6.3675201885347903E-021   1.2861590087678206E-020   8.1802051422301869E-021  -4.3332364155155662E-014   2.9011598605062813E-006   1.9601534978059481E-016  -2.1898952239113586E-016  -1.4505799305921755E-006   1.6123756308844816E-016  -1.4505799299158750E-006  -4.4445767182421434E-019   1.1569933479383659E-019  -1.1705321720171890E-019   3.2806072939288545E-005   2.2162191341931421E-015  -2.4765904432863825E-015  -1.6403036473468941E-005   1.8237107655643898E-015  -1.6403036465822246E-005
   7.1198317294157447E-018  -3.3695968008707538E-018   6.0715316607440678E-018   2.7940765813885136E-019   4.6978452225729564E-020   5.9278977639894771E-010   7.7619269723443894E-020  -9.3764128730487070E-020  -2.2564197741209354E-020  -4.7307605048561378E-020   5.1277578933220557E-016  -2.3624934628144233E-016   4.2697135354428802E-016   1.0399482521365100E-015   8.4538372131170406E-018  -3.6890497917672561E-018   6.1315960806874192E-018   2.7645194060822180E-016   3.3590314316032354E-016  -1.1162294458127806E-015  -2.4799587996224475E-018   1.5284141420017422E-015  -1.2228648795254865E-020   2.2839475888956020E-020  -2.3685196401025058E-021  -7.5253204888661475E-023  -1.7560493364107173E-020  -3.0163511949169176E-021   7.9029810195837568E-021  -2.6280862006512927E-020  -1.5274994076427326E-020  -4.2479885536515858E-021   2.8859671377265550E-018   2.5807590544376809E-007   1.3232772347729099E-017   5.6884067406404410E-018   8.1492120780364926E-019  -8.7828182716310482E-018   8.1427085515300861E-016   6.4117037974414095E-021   1.2515807642107533E-020  -1.9857503471538270E-020   1.9461765845002137E-020   1.2438338174741302E-020  -1.3243185122264914E-020   1.2832590118602511E-020  -2.0951345262303959E-020  -1.0995308899869764E-020  -3.4725808444819125E-020   8.1121593221850834E-016   3.3870552974682186E-017   2.9011598607683588E-006   1.4906078040623076E-016   6.3952316200030812E-017   9.0636226472464183E-018  -9.7983376621325875E-017   1.0198269841080185E-019  -1.0459650834996919E-020  -3.1597814112415179E-019   3.8354795366842332E-016   3.2806072942244757E-005   1.6856751505643293E-015   7.2379810764127857E-016   1.0270890280065478E-016  -1.1074999948521796E-015
  -3.9659029284506686E-017  -3.4819158815333850E-018   1.1543875995555915E-017  -2.3261732028694729E-019  -9.0263523643951269E-020   7.7619269723443894E-020   5.9278977653629702E-010   1.1840225698494557E-019  -7.0563248622792936E-021  -1.0749956204308998E-019  -2.7671907500411424E-015  -2.3880379233946948E-016   8.1068358245571772E-016  -6.7654145733688267E-016  -4.0229499617219310E-017  -3.2101108729788180E-018   1.2167261859238375E-017   8.3048821740849188E-015   1.2466825350515244E-015  -1.2228997774168606E-015   2.1982205381931206E-018  -8.2029558966413906E-016   1.8945305136464600E-020   6.0046429728708448E-021   1.2095588823001129E-021  -8.3000165072000965E-021   2.3963261105300663E-020  -2.1014000108431822E-020   8.5570300154377860E-021   1.6806245828907823E-020   2.1087460457957401E-020   2.6346522867468361E-020  -1.9824689821063507E-017   2.0535466941255749E-017   2.5807590547364713E-007   6.8542479134491395E-017  -3.8621797375281657E-018  -4.8883686168511563E-017  -5.3086955458668941E-016  -1.3627777200718125E-020  -8.5932927102102993E-021  -2.1074040055502225E-020   2.8587514993807049E-020   1.0373950215922457E-021   1.4893286378142817E-022   3.5664213184674667E-020  -4.5187531052806385E-021   2.0215300701000479E-020  -1.9546279674844599E-020  -5.2380288157935271E-016  -2.2279815891509195E-016   2.3077306262176822E-016   2.9011598611044441E-006   7.7128063576579685E-016  -4.3858289278164426E-017  -5.4851643173932070E-016   1.4516257316413457E-018   2.1293745467961836E-019  -3.1120986027572350E-019  -2.5187654342354346E-015   2.6098858894466948E-015   3.2806072946045347E-005   8.7211654328914321E-015  -4.9589838373301072E-016  -6.2023958218464598E-015
   3.5603954063715368E-017  -1.5884259159873332E-018   2.6309063856279699E-018  -4.1057349737698724E-017  -2.9639488847888833E-010  -9.3764128730487070E-020   1.1840225698494557E-019   5.9278977694525977E-010   5.4150435052657843E-020  -2.9639488819503153E-010   2.5185680763498993E-015  -1.0893778497523006E-016   1.9117224381271715E-016  -6.0408858972886335E-014   3.8804513488625956E-017  -1.3961054974492058E-018   3.3000203885865495E-018  -2.4640206220306440E-015   9.9711973932494645E-016   7.1582032138101521E-016   2.3114742275695999E-016  -3.7365805627270297E-014  -1.4366428227151488E-021  -2.6020826865974649E-020   6.1620661299081468E-021  -9.3922577339512345E-022   3.1671621237256775E-021  -1.9077915908165341E-020   1.5761866282512633E-021   3.0923716463693408E-023  -2.4971510467364080E-020  -8.1640060084057078E-021  -1.2903795282459590E-007  -4.6547399413774707E-017  -1.7299559328248918E-017   2.5807590556275298E-007   9.3678052720430491E-018  -1.2903795273716362E-007  -4.7608536561902054E-014  -4.3318469915559599E-021   2.1262872772898045E-021   1.8780428436376109E-022   2.1423126954418172E-021  -7.5855821067907753E-021  -2.5645338091364012E-021  -3.4771925189983568E-020   6.4091287166669057E-021  -1.7620758431209989E-020   2.0034577949017538E-020  -4.5938282468772784E-014  -1.4505799315439053E-006  -5.2289987095477709E-016  -1.9160548694337106E-016   2.9011598621056442E-006   1.0581480660049570E-016  -1.4505799305606375E-006  -6.6187807859897488E-019   1.0010387078358707E-019   4.8528205904316170E-020  -1.6403036484239775E-005  -5.9128747012346282E-015  -2.1685924719111977E-015   3.2806072957362540E-005   1.1966061254655491E-015  -1.6403036473121376E-005
   1.7564808472062344E-021   1.0008068889334589E-017  -5.1153210774557276E-018  -1.4280754994823084E-018  -5.8363480034731948E-021  -2.2564197741209354E-020  -7.0563248622792936E-021   5.4150435052657843E-020   5.9278977674693567E-010  -1.0528571808523251E-020   8.0297285728437735E-019   7.1885686142533665E-016  -3.6900498473077264E-016  -1.5945717016231429E-015   9.1834188617594332E-020   1.1797344035949601E-017  -6.1239739345678678E-018  -1.9177830285313858E-016   1.1383418953600682E-015  -7.6377002237706538E-016   6.9297527356682134E-018  -7.6916390670311502E-017   1.6395180623318219E-020  -2.7486856424506402E-020   8.3870646886223592E-021   3.3280852063207822E-020  -1.7829218861102966E-020  -1.5575908178870099E-020  -2.8471367872621626E-020   2.3408046775009192E-020  -1.4919609121586951E-020   2.9335884282777158E-020  -1.6894212252703611E-017  -1.0627933420420219E-017   8.6224318313102352E-019   1.4142118359622503E-017   2.5807590551943545E-007   2.7571051666266058E-018  -1.2614659162027842E-015   3.3658218083482031E-020   7.8125002111697870E-021   1.8880324292837776E-020   4.6988222120480368E-021   3.7682630039287448E-021   2.2879153629861822E-020  -5.4623763634045421E-020   2.6524425436149170E-020  -2.6919356302465346E-020   5.7797552213009025E-020  -1.1918092782895741E-015  -1.8987911954105303E-016  -1.1951977390230728E-016   9.2851569181299721E-018   1.5916546146263192E-016   2.9011598616198742E-006   3.0610415507498014E-017   1.1289798369104189E-019  -7.0712856325311112E-022   1.9394850110434015E-020  -2.1467166478646538E-015  -1.3514453922580675E-015   1.0537038578646054E-016   1.8001444545749177E-015   3.2806072951873862E-005   3.4646951674284556E-016
  -2.6209759344852875E-017   2.6652275271633452E-017  -3.5177560709771191E-017  -1.6279675978515753E-017  -2.9639488826447030E-010  -4.7307605048561378E-020  -1.0749956204308998E-019  -2.9639488819503153E-010  -1.0528571808523251E-020   5.9278977663938647E-010  -1.8522523538778805E-015   1.8843132001580947E-015  -2.4855107986872785E-015  -3.6642082545416814E-014  -2.8468274324300754E-017   2.9123653908918150E-017  -3.8302854009494315E-017   1.9641777899165641E-015  -1.7157454361828770E-015   2.3655866429359577E-015   1.1536379922969865E-016  -4.0313192056593140E-014  -8.3273226974268761E-021   1.8396015689227619E-020   9.2516687747329895E-021  -2.4699801309374967E-020   6.9047288458606477E-021   3.0606185608734898E-020   2.1991337441396926E-020   1.2557998536287978E-020   4.2384580943444994E-020  -5.4045526791546108E-020  -1.2903795279191988E-007  -1.1839705123687242E-017   2.1986942966376595E-018  -1.2903795270394399E-007  -7.3331342246018780E-018   2.5807590549613649E-007  -2.8773165737061280E-014   1.5420218537721010E-020   3.7351785927961659E-021  -1.0492043093569340E-020   2.6217322731804633E-020  -4.5546840393851329E-021  -2.8711123718851738E-020   4.6457661021438409E-020  -1.2776648934663802E-020   4.7591682944167063E-021  -2.8214783050917781E-020  -2.8271689963006321E-014  -1.4505799311707041E-006  -1.3361540934045145E-016   2.2196861489257026E-017  -1.4505799301855099E-006  -8.2127082816300237E-017   2.9011598613568819E-006   4.9260228517724693E-019  -3.3412226177534463E-019   5.7375035924221900E-019  -1.6403036480020358E-005  -1.5106391133511486E-015   2.5320916017638529E-016  -1.6403036468877155E-005  -9.2919722246325851E-016   3.2806072948898770E-005
   2.2441690409568608E-002  -5.3292124810847556E-015   2.6020414086342543E-016   1.5210813979108042E-014   4.6317437567769117E-016   5.1277578933220557E-016  -2.7671907500411424E-015   2.5185680763498993E-015   8.0297285728437735E-019  -1.8522523538778805E-015   1.5974731410478471        5.6245237110513530E-015   8.7314367214015608E-015  -1.4514215801235739E-014   2.5343495142206140E-002   7.0536337763623481E-015  -8.4469725986658205E-015  -6.2309418371150165E-003  -2.0174501417482610E-015   8.5405794029264315E-015  -4.5505498072457704E-014  -2.2919644808913023E-014   7.4895090511379589E-014   2.0113076873024873E-016   8.7708754837291573E-017   1.9097832330474890E-014   1.2706204151762307E-016   1.9095766088719675E-014  -1.1450939895327528E-016  -2.5674108331816665E-016   8.9155230585141288E-016   2.0651419697445040E-016   7.7285113011544202E-016  -7.5353547405904182E-016   3.4628634702571681E-015  -1.2103229456087626E-015   5.2302428935858803E-016   1.8420988233013753E-015   3.2815000578016394E-014   5.6985284467443122E-014   4.2989642992864861E-016   5.3391331703655835E-017   2.5916701268560535E-014   3.2646128907552661E-016   2.3279733453276223E-014   6.3461365419893700E-016  -3.5327762917532163E-016   6.7148562056202895E-017  -2.9018674622766383E-016  -2.3024254399515371E-014  -9.0852962936642384E-017  -7.7082318713001377E-016  -2.8558080457285120E-015   1.6486762323290161E-015  -1.1106645163387393E-015  -6.8056433655591313E-016  -1.3006614162394019E-004   2.6414891214088531E-015  -2.8580778353691128E-015  -1.7510836893431514E-015  -9.7390155246242224E-015  -8.7167573442872253E-015   8.2398627818155989E-015  -1.4009482421135550E-014  -5.7773144836000243E-015
   5.9359320497903677E-016   2.2441690409564150E-002  -3.3611810594848227E-015   7.8421503174065765E-014  -1.3552679783171086E-015  -2.3624934628144233E-016  -2.3880379233946948E-016  -1.0893778497523006E-016   7.1885686142533665E-016   1.8843132001580947E-015   5.6245237110513530E-015   1.5974731410479259       -1.3897306364018734E-014   8.3124323958271664E-014  -4.9229055747498808E-015   2.5343495142216267E-002   8.2281104715806227E-015   3.8346965621221822E-015  -6.2309418370688971E-003   3.5027662647655928E-014  -2.4004930713308990E-013  -6.2789707796254576E-014  -1.2991431224938302E-015   1.9320255368036090E-014  -6.1818137461452831E-016  -3.4314630472396237E-016   2.4751613163601230E-016  -4.7335579643155016E-016   6.1479403968192182E-014  -9.7181791079177068E-016   2.3264064936851079E-014  -9.0396266335013855E-016   1.3633773666484447E-015   6.8069336330202750E-016   6.0184979994028202E-017   6.5683012474435182E-016  -5.2415816247321044E-016  -1.4402977646568062E-015   3.3882617909833101E-013  -3.1628279687413236E-015   3.0550478019690993E-014  -8.8339047057577021E-016  -1.0363805279607052E-015  -6.1069386817121126E-017  -1.2309543513757200E-015   4.0174525306641202E-014  -4.6134449872879778E-016   1.9982709466092286E-014  -1.7814653276296641E-015  -2.1711443878358262E-014   3.0514909473611292E-017   5.8547667190479982E-016  -3.6557725468438594E-016   1.3660900234328163E-015   1.3274213216405906E-015   1.3687901846952043E-015  -5.1816764558192400E-015  -1.3006614166809823E-004   1.8834575995431210E-015  -2.4467798076929328E-015   6.0259679857313750E-015  -5.9104781495902965E-015   1.0269321553723524E-014   1.2602450902906784E-014  -4.1304370873030217E-015
  -4.3400857152231876E-015  -1.7523922531308135E-015   2.2441690409578736E-002  -1.2868436701207951E-014   1.0849460292102918E-015   4.2697135354428802E-016   8.1068358245571772E-016   1.9117224381271715E-016  -3.6900498473077264E-016  -2.4855107986872785E-015   8.7314367214015608E-015  -1.3897306364018734E-014   1.5974731410480858       -2.4084373789601467E-014   1.1487398680274508E-015   1.0289687604497432E-014   2.5343495142149761E-002  -9.1894066052301078E-015  -1.3013452214111030E-014  -6.2309418370624352E-003   4.6312766321471264E-014  -1.1306764567406380E-014   3.6011232598531604E-016  -9.5891801246260355E-017   1.4160922724168822E-014   1.6912626854127133E-016  -9.6787750135659364E-017  -3.8154509285651404E-017  -3.7819279934919037E-016   1.7676881634958431E-014   3.2017943698369617E-016   6.1578688899418673E-014   1.5357208875867831E-015  -7.1269668027495247E-016  -9.4428011431454023E-016   4.2118530541871150E-016  -4.7098359202411449E-017   3.3753352086606974E-015  -7.5213480442013880E-014  -4.6342508857612363E-016   7.4453361675135604E-016   2.9836795936750059E-014  -3.4235064873287823E-016   2.2260397341085626E-016   4.2969721897408444E-017   8.1825921180961058E-016   2.1905710770608621E-014   7.3924649216431353E-016   2.5786749703777206E-014  -1.3650867077225279E-015   1.7089225492090645E-015   2.0992235816774689E-015   1.2707467567703595E-015   2.4148107686619276E-015  -1.2000305416112285E-015   7.1661651055891154E-016   3.9825509805616694E-016   6.9938569769802272E-015  -1.3006614169435164E-004   1.2588444376109029E-015   1.6710205383829481E-014   8.4032570202316172E-015   3.2376710536780595E-015  -1.1693913604187669E-014   1.3849341861365611E-015
  -2.0268875033142241E-015   2.9735694666130065E-014  -1.5502918523447532E-015   1.1348850847961740E-003  -5.6822727939638161E-014   1.0399482521365100E-015  -6.7654145733688267E-016  -6.0408858972886335E-014  -1.5945717016231429E-015  -3.6642082545416814E-014  -1.4514215801235739E-014   8.3124323958271664E-014  -2.4084373789601467E-014   1.1857330387089762        5.2336395589281886E-015  -1.2594926099200578E-013   1.9714869547323446E-014  -1.5839652161552474E-015   1.1809751628553664E-013  -9.5516687766471474E-015  -5.5021482595294475E-003   1.3159349842340991E-003   2.0497121881000774E-015   5.3786035160845501E-016  -4.3856336701547474E-016  -3.4706283394638825E-017   7.3264449316692844E-017   2.4912601991308236E-016  -3.9351126887446039E-016   3.7029817673132161E-016  -1.8381278567492142E-017   1.2619870665124027E-016  -1.0171512970350570E-013  -8.8808664989374449E-016   9.5367003915387723E-016  -9.9303972767989850E-014   2.0440170494788739E-015  -1.6233077408703100E-013  0.93867814681909612        2.2887219500979141E-015  -6.6990709886863603E-017   3.5017061634375766E-016   2.1966382292322191E-015  -2.7226231244716761E-016   1.5089697892565765E-015   4.8761325193263423E-016   5.6504185656596299E-017   8.3248853953826922E-017   1.1993347512307739E-016  0.88486925464017496        8.3282645532900883E-014   1.7797586039719030E-015   2.5794785068742402E-016   4.6057271017179207E-014   1.4346459067293782E-016   6.6482198815430592E-014   3.2003614650936235E-015  -7.1307576607596316E-014   1.2466341260911322E-014   1.4599389618217539E-013   7.0727023754605144E-015   3.4681177459197026E-015   7.9666149916608001E-014   1.3945834171655398E-015   6.9075420830706226E-014
   3.5595490633847943E-004  -1.5490588526915997E-016   1.8101764665643712E-017   2.2818514586642827E-016   5.9569538715305550E-018   8.4538372131170406E-018  -4.0229499617219310E-017   3.8804513488625956E-017   9.1834188617594332E-020  -2.8468274324300754E-017   2.5343495142206140E-002  -4.9229055747498808E-015   1.1487398680274508E-015   5.2336395589281886E-015   4.0242881735509298E-004   3.2784590693685465E-017  -1.1882078514630925E-016   7.5056402485449596E-004   2.1650002159959707E-015  -1.0908599094087054E-014  -6.8876355636181268E-016   1.5192190142345608E-014   1.2062056656343147E-015   2.8313639096967526E-018   1.5412400565691953E-018   3.1333179704894568E-016   2.0463895317474482E-018   3.1325120615389465E-016  -1.1244128356411056E-018  -3.8843137371137569E-018   1.4333678621837941E-017   2.8981209467330573E-018   2.3117735001116489E-017   7.5261214512645706E-017   1.1318365947085785E-016  -6.6607782015389043E-017   7.7738526338700002E-017   6.4686718167652337E-017   4.7185075286041152E-015   9.3388832198482747E-016   7.0686348596328370E-018   4.2584081811911982E-019   4.2133167860159340E-016   4.9540269323033366E-018   3.7965927921707416E-016   9.9611790457936344E-018  -5.5618714207951593E-018   1.5844601905955453E-018  -5.1458947632306144E-018   4.0798001471194363E-015   1.1262107045624670E-016   9.6888815484836732E-016   6.8119861171685208E-016  -5.0763183347174716E-016   7.6807942050164459E-016   4.0974511561051365E-016  -1.9476559422206195E-006   4.3237095592635213E-017  -4.4655218607508997E-017   1.2687154144856123E-015   1.0938095246525406E-014   8.0241281539892223E-015  -5.9131985706997001E-015   8.6603997034067007E-015   4.6568076864467808E-015
   1.0609659159164425E-016   3.5595490633853007E-004   9.9468585507246511E-017   1.0723131905966533E-015  -2.1324758288315458E-017  -3.6890497917672561E-018  -3.2101108729788180E-018  -1.3961054974492058E-018   1.1797344035949601E-017   2.9123653908918150E-017   7.0536337763623481E-015   2.5343495142216267E-002   1.0289687604497432E-014  -1.2594926099200578E-013   3.2784590693685465E-017   4.0242881735539813E-004   2.7935133180956581E-016  -1.2092188827199742E-015   7.5056402485946475E-004  -3.4427238623525293E-014  -3.0536199495965553E-015   3.8866575984627897E-014  -2.0499314553633377E-017   3.1512811566433014E-016  -8.8133403911675803E-018  -5.5110928041262773E-018   4.6358878932370132E-018  -7.0608197961812326E-018   9.9314347853078420E-016  -1.5052807500256860E-017   3.7828870205309740E-016  -1.4501551750669829E-017   8.0919025553522121E-017  -2.6073922491239697E-017   2.1445694966326139E-017  -3.0022594377709170E-017  -4.8893753771608010E-017  -4.1697659899799147E-017  -9.5754000198410440E-014  -5.0602169006222278E-017   4.9422837476234159E-016  -1.3701334434287861E-017  -1.6447133185234177E-017  -1.5526738283696897E-018  -1.9978240161208055E-017   6.6241756194814286E-016  -6.7829555819267050E-018   3.2650337387688913E-016  -2.5388149494420869E-017  -9.4351483780830908E-014   6.6510506814344976E-016  -3.9790097656927270E-016   2.3547399296938706E-016  -4.2514058941658331E-016  -4.2848572756616415E-016  -1.9837989991835418E-016  -8.4141808528316803E-017  -1.9476559429120542E-006   2.4539774366592947E-017   7.4841088167499059E-015  -4.5151828160453011E-015   2.6277070594091384E-015  -4.8875570432868164E-015  -4.8860004239293486E-015  -2.5393900279063845E-015
  -1.8817767185867120E-016   9.5373590975613806E-017   3.5595490633778565E-004  -1.8895496852707625E-016   1.7083618498200878E-017   6.1315960806874192E-018   1.2167261859238375E-017   3.3000203885865495E-018  -6.1239739345678678E-018  -3.8302854009494315E-017  -8.4469725986658205E-015   8.2281104715806227E-015   2.5343495142149761E-002   1.9714869547323446E-014  -1.1882078514630925E-016   2.7935133180956581E-016   4.0242881735328242E-004   8.9521806334787892E-015  -7.4843667831985481E-015   7.5056402490065565E-004   6.4707654474311167E-016   3.6057440250062316E-016   5.6711850396919624E-018  -8.0762261634341480E-019   2.3237844918673497E-016   2.4169658295141633E-018  -1.1949743213093271E-018  -2.0381261529071074E-019  -6.8269133011836185E-018   2.8827276608269477E-016   5.3454185173612103E-018   9.9103004187215886E-016  -1.3340485465378242E-017  -8.3691049312152678E-017  -9.1034007089255968E-017  -7.8108827037835278E-018   2.3584952065704361E-017   1.0832356655855893E-016   1.4706059343927247E-014  -7.1252527354961572E-018   1.1394034876063969E-017   4.8128767711082326E-016  -5.0059180543343650E-018   3.6784071792288179E-018   4.3125751290391543E-019   1.3447664324982399E-017   3.5518567049677381E-016   1.1234979054116245E-017   4.2964001847301295E-016   1.4989699841507332E-014  -4.1832765809913410E-016  -7.9235392725958836E-016  -8.4012968409001124E-016  -1.4531450424480777E-016   2.5134404421218810E-016   6.4029254111725486E-016   9.0192993287655599E-018   1.0050306932877953E-016  -1.9476559433099810E-006  -5.0118283583765948E-015  -9.0667625741088437E-015  -9.5951943524478563E-015  -2.0119199058531872E-015   2.8719468130540287E-015   7.1179081920640593E-015
  -2.6798669599163803E-004   6.6076158094140060E-016  -2.9880083669248333E-015  -2.6161835019513311E-014  -3.3315399668865539E-015   2.7645194060822180E-016   8.3048821740849188E-015  -2.4640206220306440E-015  -1.9177830285313858E-016   1.9641777899165641E-015  -6.2309418371150165E-003   3.8346965621221822E-015  -9.1894066052301078E-015  -1.5839652161552474E-015   7.5056402485449596E-004  -1.2092188827199742E-015   8.9521806334787892E-015   1.9993789116818113        1.4711269816895048E-015  -4.1586161442292691E-015   8.8367347280360091E-014  -1.0140070098795976E-014   4.2110534379256544E-014  -8.4702990289980703E-016   3.5217099497243186E-016   2.4286528550991114E-014   7.1491432632723892E-017   2.4174000319104380E-014   1.6298610106990957E-015   4.4543773043188597E-016   4.4241096863643943E-016  -8.9094841326620216E-016   1.5369978589430024E-015  -1.5349474575611580E-016  -1.4121434496839223E-014   3.8235756240086248E-016  -1.0955891692945366E-015  -4.4842845718634862E-015  -8.9020829194430514E-014   6.9995373196915596E-014   5.8310086511836946E-016  -9.9162513888423670E-016   2.3836960100481985E-014  -5.3134015539461114E-016   2.4229521052868706E-014  -2.5386384184285485E-016   1.0208784381690637E-016   1.2217495346538889E-015  -1.2749978590319525E-015   2.1472451759572449E-014  -1.4770759255023100E-015  -1.5464122079252786E-016   1.0255629307073834E-014   2.1920455762002560E-015  -3.3088783197381566E-016   1.2043515767770075E-015   2.7309953461706889E-004   1.4621122780486961E-015   5.3660027729796881E-015  -9.5880708432586139E-016  -5.9520251931079493E-015  -8.5050423182612727E-015   6.2430649955931445E-015  -8.3761990729229766E-015  -2.8453683723276546E-015
  -3.0207470891751384E-015  -2.6798669599795920E-004   4.5113031340395366E-015  -7.3889281968036660E-014   1.0004497655984675E-016   3.3590314316032354E-016   1.2466825350515244E-015   9.9711973932494645E-016   1.1383418953600682E-015  -1.7157454361828770E-015  -2.0174501417482610E-015  -6.2309418370688971E-003  -1.3013452214111030E-014   1.1809751628553664E-013   2.1650002159959707E-015   7.5056402485946475E-004  -7.4843667831985481E-015   1.4711269816895048E-015   1.9993789116817877        1.9945749250255218E-014   2.5922920111487855E-013  -1.2166351050147291E-014   2.6693343123477484E-016   2.0208023425592947E-014   2.3419596982591831E-015  -1.5675698663358939E-016   1.6681340072449997E-015   1.0583406200327123E-015   4.1631337612568126E-014   8.6252782615976568E-016   2.1588619951508826E-014  -3.7406955443535280E-016   2.2840009836399301E-016  -1.4012398197517063E-015  -2.1839127554742789E-015  -1.6616289676386416E-015  -1.2923672296868759E-015   1.4277999741706114E-015  -2.5140503972339050E-013  -9.8738600260668928E-016   2.2366675822824721E-014   7.4118536769482534E-016  -8.2589024409913935E-018  -1.3739655331315105E-015  -1.0531606493287689E-015   5.8827567916184762E-014   1.2637994396388873E-015   2.2242879208451339E-014   6.7725504238273905E-015   2.0064969657515512E-013  -1.7996179965038148E-015   1.5000167027114416E-015   1.1703497372544736E-015  -2.3245819553901413E-016   1.0116223434472575E-015  -3.3634807823948983E-015  -2.8024875635707619E-015   2.7309953463903357E-004   6.5300759734569592E-016  -2.8075444293251925E-015   2.0897036345871395E-015  -2.8316932258214329E-015   2.2161784656730931E-015   5.5202809201454467E-015  -2.7478523590754829E-015
   5.0946216134501664E-015   9.5187580463082079E-015  -2.6798669600311918E-004  -8.8886361506081154E-015  -9.3292364496171896E-017  -1.1162294458127806E-015  -1.2228997774168606E-015   7.1582032138101521E-016  -7.6377002237706538E-016   2.3655866429359577E-015   8.5405794029264315E-015   3.5027662647655928E-014  -6.2309418370624352E-003  -9.5516687766471474E-015  -1.0908599094087054E-014  -3.4427238623525293E-014   7.5056402490065565E-004  -4.1586161442292691E-015   1.9945749250255218E-014   1.9993789116817533        1.1377486553271375E-014  -1.0575875718976141E-016  -1.0003625130822838E-016   1.6802229518958343E-015   1.8113969531841480E-014  -6.2718982541596741E-016   8.0193554960431643E-016   9.4519584712377706E-016  -1.9450762133056774E-015   1.8369871129547185E-014   6.2452059588222292E-016   3.2948809538640898E-014   4.4264329388478875E-015   2.4746541323264496E-015   1.1626550077185178E-015   4.1153244938165485E-015   6.1546339594913656E-016  -2.4954573280002437E-015  -2.4585284449340971E-014   5.3580331495529658E-016  -9.8631380899766007E-016   1.8560266918705319E-014   1.0026076641649357E-015   3.4479440881735237E-016  -5.8966679875281787E-016   1.0941376904973516E-015   1.7938242007143610E-014  -1.1632446041530934E-015   4.8246325885396933E-014  -2.9239130934655626E-015  -9.8979737705438540E-016  -3.4744812162692888E-016   4.6074985635249736E-016  -2.4596610237953242E-015  -4.8762623816595399E-016   3.0998463145820173E-015   1.8006695040449322E-015  -2.0686654254419312E-014   2.7309953465652636E-004   1.0950348342689294E-015   6.9283177154585279E-015   4.2322588648263805E-015   3.1849068674247132E-015  -5.5019794241693315E-015  -2.2968313965046161E-015
  -6.4324488614828406E-016  -3.5363915758044026E-015   6.5818007676308801E-016  -6.4959531077634202E-006   2.0795108852826250E-016  -2.4799587996224475E-018   2.1982205381931206E-018   2.3114742275695999E-016   6.9297527356682134E-018   1.1536379922969865E-016  -4.5505498072457704E-014  -2.4004930713308990E-013   4.6312766321471264E-014  -5.5021482595294475E-003  -6.8876355636181268E-016  -3.0536199495965553E-015   6.4707654474311167E-016   8.8367347280360091E-014   2.5922920111487855E-013   1.1377486553271375E-014   2.9093327012244809E-005   2.6245084941281544E-003  -7.6551877454522771E-018  -2.3195987609313925E-018   1.0860166362328599E-018   1.7552530878288959E-018  -2.4343282889441496E-018  -1.5148958912811781E-019   1.7495513704235825E-018  -3.2892249808903071E-018   5.8475451154337257E-019   3.0281040292295788E-018  -2.1788282980369109E-016   1.2218981530018680E-016   6.9741216736327217E-017   8.5596170270752258E-016  -1.6947356710723988E-016   5.2605578448227619E-016  -4.3710210880519296E-003  -6.8824509497623348E-018   2.9525513290054205E-020  -4.3231418887284900E-019  -9.2726491914914321E-018   2.8966632651290572E-018  -5.9470001676828586E-018   4.6039516441665997E-019   4.7998757553886683E-019   2.6196466456825320E-020  -4.5663028937375628E-019  -4.0455119835199945E-003  -6.2471037689968602E-015   1.3537672854276113E-015   8.2280638985993904E-016   6.2748246168255255E-015  -1.7998426248233882E-015  -1.0405750494102341E-015   1.3417324101016459E-017   4.2875501445891365E-016  -5.6938287390973846E-017  -6.6645015819517813E-014   1.5355144388626311E-014   9.3119397468399191E-015   7.3391707555421961E-014  -2.0354683318915666E-014  -8.0440547648619250E-015
  -3.6266214236424732E-015  -6.9019021906130688E-015   2.0425826797745306E-015  -9.0700484172207409E-004  -4.0336064723570653E-014   1.5284141420017422E-015  -8.2029558966413906E-016  -3.7365805627270297E-014  -7.6916390670311502E-017  -4.0313192056593140E-014  -2.2919644808913023E-014  -6.2789707796254576E-014  -1.1306764567406380E-014   1.3159349842340991E-003   1.5192190142345608E-014   3.8866575984627897E-014   3.6057440250062316E-016  -1.0140070098795976E-014  -1.2166351050147291E-014  -1.0575875718976141E-016   2.6245084941281544E-003   1.9429048313484083        1.3731244498146825E-015   1.3075627870008572E-016  -7.0142709018418972E-016   1.1774002157591872E-015  -1.5467581215809773E-015   7.4219464553238091E-016  -5.6905169608757363E-017  -1.1598391735407782E-015   3.6886770712815181E-016   2.6691266379954605E-015  -1.2540952926165940E-013  -2.1412143936107275E-015   5.9779839257456675E-016  -1.3709749391357404E-013   9.6572675506418486E-017  -1.2336907419623528E-013  -1.0243522755476176E-002   2.7632468990497640E-015  -2.0785805883926076E-016   8.8119700112473663E-016   6.8221751003665030E-016   1.2060005519679322E-015   7.8091529866300130E-016   2.0117245858516115E-015   5.4822007194675129E-016   3.0475079497225076E-016   7.3913772398463939E-017   4.5695504334675355E-002  -9.1766831583790116E-015   1.6119478030981576E-015  -4.8481789200807565E-016  -2.8526473305041730E-014   5.6996518041622574E-016  -3.9025833358847662E-014   9.2617681109041988E-015   3.1729481119640601E-014   2.3051499163421451E-015   1.1998855594219821E-013   8.0867344006851174E-015   2.1049419194877255E-015  -3.5411376255979459E-014   4.0296337437766709E-015  -3.2331453186031876E-014
   1.0483173323900461E-015  -1.8274312780577408E-017   5.0678474140285134E-018   1.3209722044392362E-018   9.7639651353227456E-021  -1.2228648795254865E-020   1.8945305136464600E-020  -1.4366428227151488E-021   1.6395180623318219E-020  -8.3273226974268761E-021   7.4895090511379589E-014  -1.2991431224938302E-015   3.6011232598531604E-016   2.0497121881000774E-015   1.2062056656343147E-015  -2.0499314553633377E-017   5.6711850396919624E-018   4.2110534379256544E-014   2.6693343123477484E-016  -1.0003625130822838E-016  -7.6551877454522771E-018   1.3731244498146825E-015   4.4178111690242748E-027  -2.1742027920391870E-029   1.3494282061292163E-029   1.4142947825232525E-027   6.9296477593234536E-030   1.4095416024347281E-027  -1.7179262270122040E-029   2.6590512985433971E-030   3.5473957764138084E-029   8.7784320492124300E-030   4.2508226168694908E-018  -5.3238428609271049E-018   8.2479944149451419E-018  -6.2545424244176416E-019   7.1377767521961079E-018  -3.6253683753347280E-018   1.6146793147918235E-015   4.1691747973784859E-027   1.0191467544131408E-029  -1.0207081219751251E-029   1.7278205267233647E-027   4.4161863327970893E-030   1.6128112095622959E-027   7.2436418204929383E-031  -8.1524999556689268E-030   1.6573603812864258E-029  -3.2635188586420349E-029   1.5611737103396271E-015   4.7785615362673066E-017  -5.9847970644473102E-017   9.2719815465724684E-017  -7.0310428197680889E-018   8.0239305459217306E-017  -4.0754572542568782E-017  -3.1676921764612540E-019   1.4147898860941131E-019  -4.2767765227778272E-020   5.4035573991447431E-016  -6.7675584408795455E-016   1.0484679146739551E-015  -7.9506443863551556E-017   9.0733935186616445E-016  -4.6084929605033636E-016
