   1.8418090218511222E-005   1.7658091301917030E-017  -3.3194660374440719E-017   5.7823513854252583E-017  -2.2618368171843455E-020   1.2631294508589931E-018  -3.8016043662781434E-018   2.7735107384306427E-018   8.9258026281109589E-019   3.6487876663316833E-018   6.0745707232764965E-003   2.7223031178613558E-015  -6.0099962810919840E-015  -1.8832597321416130E-005  -2.1845330847858435E-017   1.1121304410791579E-016   1.0446411734629179E-015  -2.3464585107633659E-004   5.1375467867663383E-016   1.7698186714897333E-015   1.1388292829507846E-016  -2.9226265369814095E-019   3.3374032863652636E-018   1.6464948051414100E-016  -1.0597585186777531E-018   1.6155738293156412E-016   2.1550558862774811E-018   1.5529700527542123E-018   2.0479095173107572E-018   9.9258597162292187E-018   3.6595794316482765E-018  -2.3577032199078370E-019   8.8657505866346626E-018   1.9202113721216985E-018  -7.4758836686731396E-019   2.4937900433066460E-018   3.4824452467967823E-015   3.8996163463757598E-016   5.7424536491990322E-018   8.6097369820325914E-018   1.3939136072138654E-016   4.8215380349448499E-019   1.4483048033280147E-016   2.8156993230295829E-018   8.5898951612707608E-018   3.9057478577526960E-018   2.0565847204238574E-017   1.5719514550539196E-015  -5.8406867555095703E-017   6.9063757944428823E-017   1.9807446277637130E-016   1.9835820516641696E-017  -4.3489481641271034E-017   4.0237769360848843E-017  -4.0033584774236754E-006  -2.1861731151068370E-018   7.6655826185878732E-017  -8.9115621144073213E-016   1.0288081595470284E-015   3.0194082012739218E-015   2.8793571701544069E-016  -6.6853404277651685E-016   6.0188027729949609E-016   3.4769490311638112E-015  -4.4556789146973591E-015
   1.7658091301917030E-017   1.8418090218677634E-005   9.9110373900521247E-018  -2.1288839109960263E-017   9.0028171345193940E-018   2.0568941486443116E-018  -9.3860018697581518E-019   8.4430860296854168E-018  -8.5461946438577274E-018   1.1912359852002209E-019   3.2073777109302122E-015   6.0745707233044463E-003   2.2239262958723442E-015  -4.1019118125715581E-017  -1.8832597321427636E-005  -1.0136078079551770E-017  -8.5611765397380805E-016   1.1776904694233824E-015  -2.3464585105916353E-004   3.6234690408021720E-015  -2.1148697145549453E-018   1.5059550135953054E-016   2.8447987235630754E-018  -7.8226315693520533E-019  -1.6017100913083493E-019  -1.4472817724672497E-018   1.4705721394083356E-016   1.7196839077192066E-018   1.1843460097175988E-016   3.1753150429670737E-018   9.9815225804141089E-018   3.0305245980427639E-018  -2.4784994764634253E-018   8.1304725492541672E-018   1.4968392131754240E-018   7.0781610139963419E-018  -2.4213331601652794E-015  -3.5416488340531443E-018   1.4314554787805891E-016   5.5378131856476478E-018   2.2380522383840296E-018  -4.6348331951543675E-019  -2.6579135106984487E-018   3.8738373157169956E-016   7.3789060410762480E-018   1.7854805716801222E-016   7.8668769462351447E-018  -1.3235526305146697E-015   2.9164875575564897E-016   3.1199084683322011E-016  -8.9448050036815779E-017  -9.3237180744150194E-017  -5.4916557549956452E-016  -1.8947236416757809E-016  -3.6417265464670241E-017  -4.0033584772736879E-006   1.3038562825157198E-017   4.3145075647358417E-015   4.7320120494250503E-015  -1.3468397367389710E-015  -1.4227061708278011E-015  -8.2135220731303127E-015  -2.8998891097292890E-015  -2.5272332062567529E-015  -1.1368718269675971E-015
  -3.3194660374440719E-017   9.9110373900521247E-018   1.8418090218678843E-005   1.8273678216409525E-017   1.1326335433822922E-017   5.7984224626188676E-020  -6.5644989955763728E-018   4.0686935662411131E-018   8.7998350873269764E-019   1.6462914014637165E-018  -5.0861829735426335E-015   1.1722603529567719E-015   6.0745707233042911E-003   7.8869706025795763E-017  -1.2853986363657574E-017  -1.8832597321271460E-005  -8.1222671590222117E-017  -5.1605312904878797E-016   1.2975324495096243E-016  -2.3464585106296019E-004  -4.4026994405422824E-018   2.2973139559424273E-019   1.5032454328957415E-016  -3.3006272249734800E-018  -1.6180020769633612E-018  -3.0401813459414525E-018   1.7143531843821162E-018   1.3933060526207816E-016  -1.6924428096324057E-019   1.6144472811710905E-016   1.0777181763257962E-017  -7.4803987515028895E-019   5.6831273581373506E-018   1.1879457692757141E-017  -1.0126265203823929E-018   1.2191601088418211E-017   1.0903088107347198E-016  -8.3881368055358211E-018   1.2593519386654974E-018   1.6837785892208826E-016  -4.7035728280186821E-020   1.2063519251915127E-018  -1.6164221231272663E-018   5.7931921838884445E-018   1.7440937676620089E-016   1.6418575776168172E-018   4.1475559609235070E-016  -1.5426099621485625E-017   1.2512135344222784E-016  -1.3686680798148604E-016  -9.2173541300920952E-017  -1.3009447528742643E-017  -8.3825777286103688E-017  -1.0727624515111848E-016   1.4849917657249413E-017   2.9205686715546384E-018  -4.0033584772412982E-006   1.8560532903232839E-015  -2.0439517417405381E-015  -1.3565498305868062E-015  -2.2410878902668195E-016  -1.2827533670829150E-015  -1.6310218858057895E-015   3.9850416440217336E-017  -5.8391590299861924E-016
   5.7823513854252583E-017  -2.1288839109960263E-017   1.8273678216409525E-017   5.1660236481856675E-006  -4.7348436449170154E-018   4.1189985602725032E-018  -1.1219226899170006E-018  -3.7348279842753220E-017   9.9174893454791210E-018   4.7942224852153123E-018   1.6287257685273261E-014  -5.0725974541889959E-015   5.7721179386537678E-015  -1.1914860847732091E-016   1.7682944045519385E-017  -3.6822794121265043E-017   7.1116845089608293E-004   1.0271703247259684E-014   8.8720379851451939E-015  -3.3545574302711661E-015   1.8958012311302412E-018  -4.7827144986840758E-018   1.8480290710525802E-018   1.5500244380976580E-018   8.0611607158039978E-019   2.5653999027275562E-019  -1.1433818147511879E-017   2.9997377854623630E-018  -3.3904978295664574E-018   1.9466777922447313E-018  -1.3761070003495439E-017  -6.5058189882512787E-019   4.9049059950612140E-018  -5.3918024785513092E-019  -3.0032336674512264E-018  -3.5639435553788406E-017   2.0674739874382603E-003   4.1642313042898723E-018  -6.0905609139501399E-018   1.7858006169740837E-018   1.4793887602318328E-018  -2.6103498498671443E-019   2.9984033763124140E-018  -1.2835114929601140E-017   9.5203011315328670E-019  -7.1429928599634413E-018   4.7118731663578939E-018   1.0513561833401220E-003   4.8307894028831253E-016   1.8016655790961347E-016   1.0837495080673286E-016  -7.6052842034024571E-016   3.5945703096441334E-016   1.9929921876063781E-016  -5.6312699257385120E-017  -9.3157299928269491E-018  -1.3924116051601302E-017   7.5954737567754439E-015   2.6982551784264574E-015   1.6766677390457780E-015  -1.0799021973164897E-014   5.3695970729691920E-015   3.2100768652531467E-015   2.1391304559295180E-003  -1.0549051423981281E-003
  -2.2618368171843455E-020   9.0028171345193940E-018   1.1326335433822922E-017  -4.7348436449170154E-018   2.7314816442182846E-006  -2.4330373624077482E-018  -5.8453263183066969E-018  -1.3657408221094082E-006   1.5646423530538429E-018  -1.3657408221158919E-006   2.9885732108960183E-016   1.1507638667726930E-015   3.0553475158435131E-015   2.5394343835313947E-019   2.4482240976758021E-018  -1.9835989605963784E-017  -2.5450222613883448E-015  -1.1652706812193910E-015  -2.5690456573799403E-015   9.0452437613566443E-016  -1.7235271890073397E-018  -8.7917155621623739E-019  -2.5607192440599926E-018  -8.6828349125864175E-019  -5.0464101082946480E-019   4.2610202201599546E-018  -5.5798889407016212E-019  -4.9223700875820822E-019  -8.8809612095578659E-019   2.7402345672554869E-019   5.1583007004051255E-007  -1.5094253846252857E-019  -6.9626111221213670E-019  -2.5791503502304037E-007  -2.7456268850960426E-018  -2.5791503501946234E-007  -7.2404530812786329E-015   2.0560701471979611E-018   6.9590561449450086E-020  -6.0341481562828656E-019  -2.5235879933667366E-018   3.7375831495912883E-020   3.6447019521583039E-019   1.2477133774544711E-018   8.5904064920359516E-019   1.1836221661237049E-018  -1.1823217338370648E-018  -4.0511454786789321E-015   1.5179006693442700E-004  -9.8831347681938035E-017  -2.1048583375202097E-016  -7.5895033467118648E-005  -7.5011791897133830E-017  -7.5895033467296227E-005  -2.4715379238577405E-018   1.2528564804439807E-017  -9.4428923705462051E-018   2.2793040325517775E-003  -1.4921485658855637E-015  -3.2049272936242596E-015  -1.1396520162745907E-003  -1.1297904915583711E-015  -1.1396520162771651E-003  -7.5445672149207044E-015  -4.2219021249176869E-015
   1.2631294508589931E-018   2.0568941486443116E-018   5.7984224626188676E-020   4.1189985602725032E-018  -2.4330373624077482E-018   2.7314816442334287E-006  -7.3643513261522520E-019  -4.0759391892011008E-018  -1.1001075114962876E-018   6.1811787301179496E-019   4.4885160700563023E-017  -1.2127234131080712E-015   7.3080572894608816E-016  -1.2629751602807996E-018  -1.1281283891008194E-017  -5.3412058282140793E-018   9.4900000227452855E-017   9.2866527305034055E-016  -4.8304871374400985E-016  -2.8891307944066030E-015   1.0313693852780409E-018   1.7127846051374080E-018   1.3822410033959470E-019  -6.3246040332436039E-019  -6.3168968726796541E-019   9.7176494698450758E-019   4.7772408826750051E-018  -1.1101475578067671E-018   1.5288840657905559E-018  -1.0493982916321640E-018  -8.8560696868111837E-018   5.1583007004773393E-007   9.6874739644492961E-020  -2.5999230737057691E-018  -1.0133437098658420E-018  -8.8603279964491575E-018   2.5811981069346309E-016  -7.7587727233529776E-019   2.6494814461554783E-018  -1.8595067339839456E-018   1.1614139640979154E-018  -1.9304886667243822E-019   2.8583116414089625E-019   5.4492944228445212E-018  -1.9343785258462945E-018   1.9417757420892060E-018  -5.3434910481660256E-018   8.3580004552227296E-017  -3.7168272255386305E-017   1.5179006693483052E-004  -3.4542353434730893E-017   1.1949419034332918E-016  -8.1350582810242070E-017  -8.9853266625266568E-017   1.4180170372081217E-018  -1.6821167517143773E-018  -6.4908798681559293E-018  -5.4136396905528972E-016   2.2793040325580619E-003  -5.2744731120331325E-016   1.8288639353445082E-015  -1.1835105916226424E-015  -1.2901986264940586E-015   2.4051508025358512E-016  -6.5197286418430984E-016
  -3.8016043662781434E-018  -9.3860018697581518E-019  -6.5644989955763728E-018  -1.1219226899170006E-018  -5.8453263183066969E-018  -7.3643513261522520E-019   2.7314816442211251E-006  -7.8905321582023701E-019  -2.0466233792428898E-018  -6.2784991658314112E-018  -2.4719190297476737E-015   2.4138300710284614E-016  -1.5563781837302668E-015  -4.5225166631645415E-018   1.6496951710605816E-018   6.6083393204673086E-018  -2.8751738372007275E-016  -8.2501922983523189E-016   4.6237153206249151E-016   1.8206580978668931E-015   1.0128792418905559E-018   3.1245581812476230E-019   5.4593632087537851E-019  -9.5262981172711586E-019  -3.9969678745701338E-019  -1.5943063936123784E-019  -9.0543443404267924E-019   2.0573528269465110E-018   1.1354778814937434E-019  -1.0950552076512348E-018  -5.6200934267199587E-018   6.7254110645821003E-019   5.1583007004464258E-007  -4.0647723487717596E-018   2.3530197748428543E-019  -6.7738915477735814E-018  -9.3884148544116653E-016  -1.2047136911318311E-018  -1.4133872232520380E-018  -3.8098982476061962E-019   4.5750468299335272E-019  -5.2753471561016136E-019   1.0047224427908763E-018  -8.9303022703820571E-020  -5.7640582854556267E-019   2.6028272159469409E-019  -4.4475505463074513E-018  -4.1488463535949255E-016  -1.1406153385708574E-016  -5.1492962483703312E-018   1.5179006693449092E-004   2.5526690790487238E-016  -1.0610253694340747E-016  -1.4531910335805986E-016  -3.1769282019992511E-018  -6.4656091382416561E-019   9.7381592090934438E-019  -1.6740047454029234E-015  -8.6896748580885674E-017   2.2793040325529350E-003   3.8299642390183648E-015  -1.5650478443773545E-015  -2.1549248551746872E-015  -9.5479867506501466E-016   1.9506054781571444E-015
   2.7735107384306427E-018   8.4430860296854168E-018   4.0686935662411131E-018  -3.7348279842753220E-017  -1.3657408221094082E-006  -4.0759391892011008E-018  -7.8905321582023701E-019   2.7314816442105160E-006  -1.8170798395783236E-018  -1.3657408220978570E-006   6.2415785259418187E-016   3.2999310251248867E-015   1.6088202012869912E-015   6.2455776277288863E-021  -2.4092108507448164E-017  -1.8960084022115028E-017  -3.8735807346319419E-015  -4.3971751726012951E-015  -1.5755998537123727E-015   3.6174275447302921E-015   7.1881619772158359E-019   2.3854394778476094E-018  -1.6721508188990082E-019   1.5585100884316501E-018  -1.1664387572595498E-019  -2.1909662838286903E-018   1.4087651253044611E-019  -1.0124489798168796E-018   2.1078005577916955E-018  -2.4459537753902811E-018  -2.5791503502245004E-007  -2.7007662971480314E-018  -5.5374206448658361E-018   5.1583007004255771E-007   1.8955268829974836E-018  -2.5791503502093369E-007  -1.1291458245731628E-014   8.1987340083014434E-019   5.2025396408208953E-019  -3.6468208365211324E-018  -1.0420578521684391E-019  -1.9639683980273097E-020  -1.3342533514727471E-019   4.1261499527840504E-018  -2.3228827069496407E-018   6.4529288268359319E-019  -5.0021477135853224E-018  -5.9771779048653314E-015  -7.5895033467313953E-005  -3.4834015550618914E-016  -2.9642883673414635E-016   1.5179006693419976E-004   2.5306572581719389E-017  -7.5895033466894882E-005   2.2224005363277576E-018  -1.7611547870388151E-017  -1.7461612932704668E-017  -1.1396520162773992E-003  -5.2307729799465892E-015  -4.4889118330932043E-015   2.2793040325485244E-003   3.4484165797109156E-016  -1.1396520162711341E-003  -1.1647091434798479E-014  -1.0765773601572382E-015
   8.9258026281109589E-019  -8.5461946438577274E-018   8.7998350873269764E-019   9.9174893454791210E-018   1.5646423530538429E-018  -1.1001075114962876E-018  -2.0466233792428898E-018  -1.8170798395783236E-018   2.7314816442066857E-006  -4.9073330849727550E-018   6.1501208835366941E-016   2.7895775879754278E-016   9.0370579398229667E-016   4.8710783483931058E-018   4.0339487040675488E-017   6.6631408924225450E-018   9.3387630551013187E-017   1.6228334770640328E-015  -1.7207238311857092E-015   3.0853980231304793E-015  -1.0579201610945441E-018   1.9906379730321906E-018  -3.5018346312251682E-019   1.4856752572030064E-018   4.3688800819417914E-020   4.1970060972598353E-019   1.0753727206586069E-017   2.0680910155560316E-018   2.2956606455910138E-019   1.2396034936115671E-018  -5.0665484021417032E-018   3.3101387385256043E-019   8.5301179347695411E-019  -6.9221344750585482E-018   5.1583007005326654E-007  -1.3662359906861897E-018   3.4789178651661141E-016   6.3006560700824629E-019   6.2851036718707236E-018   1.5250705148180390E-018  -9.9403961230691387E-020  -3.2410327798970409E-019   1.6247196319731429E-019   1.0695440682062087E-017  -6.2405364360334179E-019   5.0903158784830947E-018   1.1971995752512715E-018  -6.6453017168085454E-017   1.6253140003465411E-016   1.7766535920992887E-017  -1.0583159145222779E-017  -1.2258182395941203E-016   1.5179006693407654E-004  -4.2690818710818398E-017   2.9185953898915913E-018   3.5447760577792121E-017   6.3132474129997852E-018   2.4350194199164210E-015   2.7305938763490523E-016  -1.4037522877465567E-016  -1.8696311149351566E-015   2.2793040325469176E-003  -5.7236824689589218E-016   2.9016301534751094E-016  -5.0933604496029280E-015
   3.6487876663316833E-018   1.1912359852002209E-019   1.6462914014637165E-018   4.7942224852153123E-018  -1.3657408221158919E-006   6.1811787301179496E-019  -6.2784991658314112E-018  -1.3657408220978570E-006  -4.9073330849727550E-018   2.7314816442175142E-006   1.0414483479976007E-015   1.1973717478318845E-015   1.1743026331168108E-015  -7.5906472493274891E-018   2.9027119349688441E-018   2.2543851576182736E-017  -7.5521466179115769E-017   1.7372823581091165E-015   2.0537412520168545E-016   8.4067716283254264E-016   1.0047109912623002E-018  -1.5062679215036049E-018   2.7279343261248352E-018  -6.9022659715129056E-019   6.2128488654918701E-019  -2.0700539363190297E-018   4.1711238165645878E-019   1.5046859887077382E-018  -1.2197044367378818E-018   2.1719303188674063E-018  -2.5791503501938748E-007   1.7392422893472535E-018   3.7951330507512870E-018  -2.5791503501890346E-007  -1.2430331931789408E-019   5.1583007004110706E-007  -5.4085784105150303E-017  -2.8759435480199010E-018  -5.8984452541574008E-019   4.2502356523422992E-018   2.6277937785906815E-018  -1.7736147510284494E-020  -2.3104486008547984E-019  -5.3738633299136837E-018   1.4638420579611923E-018  -1.8289150486602166E-018   6.1844694479458298E-018  -2.0628133566089199E-016  -7.5895033467502916E-005   1.1981297251651996E-016  -2.1066171226721419E-016  -7.5895033466900466E-005  -2.3702631447754452E-016   1.5179006693440033E-004  -1.7976550799633726E-018   6.1421825315324019E-019   2.4177781809209282E-017  -1.1396520162802327E-003   1.8072532661238583E-015  -3.0814030460425367E-015  -1.1396520162712212E-003  -3.5206579419047909E-015   2.2793040325514409E-003  -1.9155310972789827E-016  -2.2400387584510308E-015
   6.0745707232764965E-003   3.2073777109302122E-015  -5.0861829735426335E-015   1.6287257685273261E-014   2.9885732108960183E-016   4.4885160700563023E-017  -2.4719190297476737E-015   6.2415785259418187E-016   6.1501208835366941E-016   1.0414483479976007E-015   2.0065341161711507        1.0327079903033054E-014  -6.0640620129503997E-014  -6.1948911215528781E-003  -4.6401978921983790E-015   3.0746817199957667E-014  -2.9224371367948275E-014   6.0160062833670177E-004  -1.0439904691607327E-014  -1.6539653219065087E-014   3.8182247173263327E-014  -1.2112635751281785E-016   1.0588526256460778E-015   5.4594582764625962E-014  -3.4109513190028940E-016   5.3636676973339958E-014   7.2647676383609955E-016   4.4726172917952626E-016   6.3087343997356271E-016   3.3527077106895926E-015   1.1889807307233439E-015  -1.4192170962512391E-016   2.7614022908431107E-015   6.8374284237480484E-016  -1.4468922614918218E-016   6.8648005775576818E-016   4.8802030862199465E-014   1.2986661560091914E-013   1.9000511506428518E-015   2.9111154532469944E-015   4.6521797828864160E-014   1.5488193324629445E-016   4.8277542386345788E-014   8.5668021027702489E-016   2.8989183715910730E-015   1.3078043451672412E-015   6.7010620495425448E-015  -1.8270070613676302E-015   2.7264510174495184E-016   6.4098528279499705E-017  -4.4230951056916800E-016  -1.3338946018579115E-016  -2.1149105143421191E-016   3.9002061029567425E-016  -1.3067080296842199E-003  -2.5447932289019099E-016   2.4081689876786965E-014  -7.3567436973854702E-016  -1.2169280075497643E-015   9.5107502483577298E-015  -5.3095587613858027E-015  -6.6615800623456894E-015   5.6233507425222218E-015   1.6179871551218809E-014  -5.5409917259526576E-014
   2.7223031178613558E-015   6.0745707233044463E-003   1.1722603529567719E-015  -5.0725974541889959E-015   1.1507638667726930E-015  -1.2127234131080712E-015   2.4138300710284614E-016   3.2999310251248867E-015   2.7895775879754278E-016   1.1973717478318845E-015   1.0327079903033054E-014   2.0065341161710175       -5.0550384191050401E-015  -1.0291993469017176E-014  -6.1948911215324188E-003  -2.4482002915145488E-015  -2.7801268479206840E-015   1.3346610058459496E-014   6.0160062837618419E-004   1.7688771996628161E-014  -6.3324971765219566E-016   5.0098341261293108E-014   8.0503338858001839E-016  -3.3281564679220022E-016  -4.9725963617347920E-017  -4.7019632538385538E-016   4.9092054638376851E-014   4.2461950238086201E-016   3.9480857655375470E-014   8.3903092299808390E-016   3.0753693233685061E-015   6.3243045447819230E-016  -7.0485593585834153E-016   2.6801976713655700E-015   1.0943980784180276E-015   2.4628411247037502E-015   5.8874633268504206E-015  -1.2371977375090864E-015   4.7700212501852243E-014   1.7169355457610838E-015   7.2952809670865782E-016  -1.0852757150715228E-016  -8.1434717037762478E-016   1.2889599648510892E-013   2.3427924239079723E-015   5.9403462672577607E-014   2.2221074671834705E-015   4.7380468616968117E-015   5.2036210740160198E-016  -9.8508268728512685E-016   7.8223144760287326E-017   1.0475258490810893E-015  -5.2756809355829299E-015   1.2955175953390193E-015  -1.1129182755223858E-014  -1.3067080296319620E-003   3.5149485295587107E-015  -1.2589411554205148E-014  -1.0770870277135654E-016   1.9508998417157635E-016   8.3571373422348805E-015  -6.9530916627909495E-014   1.7922041514766532E-015   3.9455240400005565E-015  -4.9290179080134917E-014
  -6.0099962810919840E-015   2.2239262958723442E-015   6.0745707233042911E-003   5.7721179386537678E-015   3.0553475158435131E-015   7.3080572894608816E-016  -1.5563781837302668E-015   1.6088202012869912E-015   9.0370579398229667E-016   1.1743026331168108E-015  -6.0640620129503997E-014  -5.0550384191050401E-015   2.0065341161708763        2.0938311831299140E-014  -3.5684401160156979E-015  -6.1948911214787126E-003  -3.0972906157463882E-014  -9.4180305915125828E-015   5.8482420837481508E-014   6.0160062830452959E-004  -1.4395333900987393E-015   1.0559586530246154E-017   5.0003457570562309E-014  -1.1147779857753173E-015  -5.1474017468807752E-016  -9.7166936530220787E-016   4.6686479022916891E-016   4.6288020609186980E-014  -9.2958721702915793E-017   5.3913313289756320E-014   3.6197619897343329E-015   5.8754365089632418E-017   1.9399771316005843E-015   3.9906323215486439E-015  -3.4669565995761474E-016   4.3675801575861746E-015   2.0257315509794135E-014  -2.7540127701527852E-015   3.8475115411946220E-016   5.5997858302931160E-014  -3.0011331969785724E-017   3.8735362392576946E-016  -5.1605217174635294E-016   1.8237221141660711E-015   5.8054401399507598E-014   4.8904973187720218E-016   1.3818124900004172E-013  -3.4753918259197869E-015   1.3915995755976050E-015   5.8569389374012676E-016  -3.9053396314538869E-016   2.7490018015965547E-015  -3.1471647341827872E-016  -2.2044708665881142E-015   3.8122635526711930E-015   1.0794317623359070E-015  -1.3067080296195834E-003   1.1414863282680427E-014   1.3021579648892626E-014   3.2687281139729628E-015   2.9513479020582552E-014  -1.2930075999604275E-014  -4.0688613855143559E-014  -3.6282553070947279E-016  -7.2008683926923934E-015
  -1.8832597321416130E-005  -4.1019118125715581E-017   7.8869706025795763E-017  -1.1914860847732091E-016   2.5394343835313947E-019  -1.2629751602807996E-018  -4.5225166631645415E-018   6.2455776277288863E-021   4.8710783483931058E-018  -7.5906472493274891E-018  -6.1948911215528781E-003  -1.0291993469017176E-014   2.0938311831299140E-014   1.9344605465244669E-005   4.6284066062743642E-017  -1.5911971924077202E-016  -8.0943211745996160E-015   6.5948135555642096E-004   3.6741910677496540E-015  -4.2207053809360584E-015  -1.1310041485627596E-016   1.6578570901363860E-019  -3.6377769962307298E-018  -1.6679149033913064E-016   1.1289558638442319E-018  -1.6329672804602953E-016  -2.1190657711047312E-018  -1.9372207165303735E-018  -2.3337023514941421E-018  -9.7242338910224942E-018  -4.1063965728269078E-018   2.7894388134400753E-019  -1.0290982893104840E-017  -8.6020936577443070E-019   2.0789763068559390E-018  -3.8459261375068522E-018  -2.4313529904604784E-014  -3.9200682945875998E-016  -5.8388685956068184E-018  -8.4189162585179961E-018  -1.3957845035895671E-016  -5.1527514677587048E-019  -1.4534526740893777E-016  -3.2662890991385390E-018  -8.4290378801089723E-018  -3.8880577131030614E-018  -2.1469121336284171E-017  -1.1268336317468233E-014   8.6071454932651785E-017  -8.0099713621228651E-017  -6.5953586891126478E-016   1.8861722582401649E-016   3.4604926206575007E-016  -2.7650284084781207E-016   4.1669475333951962E-006   7.5623779818966228E-018  -8.7577639923969750E-017   1.3059412820227830E-015  -1.1914012434180518E-015  -9.9429100167400351E-015   2.8422686733507291E-015   5.2208982935676641E-015  -4.1467312226349469E-015  -2.4854494499260179E-014   3.4567586642404161E-014
  -2.1845330847858435E-017  -1.8832597321427636E-005  -1.2853986363657574E-017   1.7682944045519385E-017   2.4482240976758021E-018  -1.1281283891008194E-017   1.6496951710605816E-018  -2.4092108507448164E-017   4.0339487040675488E-017   2.9027119349688441E-018  -4.6401978921983790E-015  -6.1948911215324188E-003  -3.5684401160156979E-015   4.6284066062743642E-017   1.9344605465072372E-005   5.6510315928050430E-018   1.4621601092177206E-015  -2.8380197563268936E-015   6.5948135548492032E-004  -1.3839353529014115E-014   2.5081898926306191E-018  -1.5167358867093612E-016  -3.6255067092367204E-018   3.9741105352452459E-019   1.8045706456659049E-019   1.5182607459065824E-018  -1.4719121092364919E-016  -2.5252809709470760E-018  -1.1884441913873036E-016  -4.3669875318695683E-018  -7.3236864053863960E-018  -4.8855177134888774E-018   2.7105565205582934E-018  -1.1763594728947207E-017   4.5218829666541450E-018  -7.1523021572984661E-018   3.9023603725438836E-015   3.2495929895325095E-018  -1.4373868258587782E-016  -6.2516109785422037E-018  -2.3347709201197163E-018   7.1242170692013777E-019   3.0527326109679729E-018  -3.9001853035641859E-016  -8.0338860633043258E-018  -1.7979293300049775E-016  -1.0047841592856710E-017   2.8781893843163645E-015   3.7835916440082677E-016  -8.2255642090458606E-016   1.2422508104370777E-016  -7.4670633991669799E-016   2.3375707940539839E-015   3.5875014896991813E-016   3.9273566648725301E-017   4.1669475331873885E-006  -2.0063814281617385E-017   5.7533551315197730E-015  -1.2404391783982417E-014   1.8703881420209752E-015  -1.1189000619205984E-014   3.5061628341640949E-014   5.4451384304622491E-015   4.2099327918706224E-015   1.8007672876257148E-014
   1.1121304410791579E-016  -1.0136078079551770E-017  -1.8832597321271460E-005  -3.6822794121265043E-017  -1.9835989605963784E-017  -5.3412058282140793E-018   6.6083393204673086E-018  -1.8960084022115028E-017   6.6631408924225450E-018   2.2543851576182736E-017   3.0746817199957667E-014  -2.4482002915145488E-015  -6.1948911214787126E-003  -1.5911971924077202E-016   5.6510315928050430E-018   1.9344605464766614E-005  -2.1591670818624210E-015   3.9309163514390490E-015  -2.5607768332608271E-014   6.5948135552220170E-004   4.5692694098890146E-018  -5.8569528824718856E-019  -1.5142621412519267E-016   3.2340733222432376E-018   1.7560986904546111E-018   3.2755246085149496E-018  -2.2831138629699565E-018  -1.4066613670675173E-016  -2.6737809251221244E-020  -1.6149349664442629E-016  -1.1536359370169953E-017   6.8768105566905304E-019  -6.0961587536776099E-018  -1.4822275430310253E-017   1.7720157122510049E-018  -6.6675875403139506E-018  -6.6680608424982511E-015   8.6442901685049940E-018  -1.4523206672804332E-018  -1.6966990354269452E-016  -2.9898862552192001E-020  -1.2900930660585983E-018   1.7446220748941300E-018  -6.3913833014110064E-018  -1.7547536346977490E-016  -1.9610181623540796E-018  -4.1662071282809506E-016  -3.2158327349518857E-015  -5.9781194574854981E-016  -1.2033816691788796E-016   6.7947150867870423E-017  -8.5105086167806476E-016   4.6962996350536182E-016   1.4457540978174815E-015  -3.1487238718364261E-017  -8.0472478891229030E-018   4.1669475331336298E-006  -8.9641113548747661E-015  -1.8157773188197266E-015   9.9240610025309261E-016  -1.2762385913702465E-014   7.0750598428653616E-015   2.1725206565213627E-014  -6.7998713790763618E-015   6.0034697037175407E-015
   1.0446411734629179E-015  -8.5611765397380805E-016  -8.1222671590222117E-017   7.1116845089608293E-004  -2.5450222613883448E-015   9.4900000227452855E-017  -2.8751738372007275E-016  -3.8735807346319419E-015   9.3387630551013187E-017  -7.5521466179115769E-017  -2.9224371367948275E-014  -2.7801268479206840E-015  -3.0972906157463882E-014  -8.0943211745996160E-015   1.4621601092177206E-015  -2.1591670818624210E-015  0.11144818531976824       -5.1411095443841786E-015  -2.4211298687053901E-014  -2.7587531601358804E-015   3.6716859728285530E-016  -4.6305087899600158E-016   2.3368756704046673E-016   3.4672019369398782E-016   1.4788334558825790E-016   1.3229167735257153E-016  -1.1006006844077292E-015   4.2116676235011400E-016  -2.9491428722195080E-016   2.4422910452428526E-016  -3.8313332366725872E-015  -1.5132455073929136E-016   5.6185812692939478E-016  -1.1397494852684258E-015  -2.7579464499083989E-016  -7.1381949281804103E-015  0.32107592434603577        8.8076935768853226E-016  -5.3057546655607533E-016   2.2861526818247771E-016   2.8299291016369545E-016  -5.4539601319972004E-017   4.9960763320588179E-016  -1.2531299556572861E-015   7.8061693545966362E-017  -6.8322298829530643E-016   6.0867881429164874E-016  0.17107095001585318       -4.3848735101280676E-015   9.5995691621333817E-016   1.0713498466995361E-015  -4.8846758136838379E-015   5.7252154306095958E-016  -4.0115730935298465E-015  -4.7212888468301660E-015  -3.0290200514525393E-016  -1.0039856370424180E-015  -5.2883963653738684E-015   1.2522023763533471E-014   2.1584815659457550E-014   2.8208257210680207E-014   5.5956681309290470E-015  -2.0704794570803640E-014  0.33372759672841013        5.6235129826422278E-003
  -2.3464585107633659E-004   1.1776904694233824E-015  -5.1605312904878797E-016   1.0271703247259684E-014  -1.1652706812193910E-015   9.2866527305034055E-016  -8.2501922983523189E-016  -4.3971751726012951E-015   1.6228334770640328E-015   1.7372823581091165E-015   6.0160062833670177E-004   1.3346610058459496E-014  -9.4180305915125828E-015   6.5948135555642096E-004  -2.8380197563268936E-015   3.9309163514390490E-015  -5.1411095443841786E-015   1.9993758528221175       -4.0304233203929812E-015  -2.4299105208427235E-015   1.4468173238993036E-014  -6.2939567400532373E-016  -1.1144025013396991E-015   5.3420362498882636E-015   2.2927810694603909E-016   6.9663190049019944E-015   3.7458009338832882E-016  -1.6818769922194014E-015  -1.1666836753420751E-015   1.8958971806252070E-015  -2.2083558851863721E-015   3.3592075764817993E-016   1.4466765405758928E-015   1.8473416261580023E-015   1.3760336454707643E-015  -2.3934398017651529E-015   1.9317218981209581E-014   2.7060618864133608E-014   8.3017209055998024E-017   1.7203083299488671E-015   1.2261153007624604E-014  -1.1211224287177718E-016   1.1215028900705302E-014  -1.8784046142341587E-015   1.5758598504308523E-015   4.5267796882052196E-016  -2.3577305294062663E-015   2.9999593985405297E-015   3.2293998173238680E-016  -1.0537401754008551E-015  -1.9214632557569752E-015  -1.6663863055594155E-016  -2.9674545587689124E-015  -7.0060824685685983E-016   4.0070178128546384E-004  -1.9328726660374189E-015   3.4685420759204853E-015   5.1647300809529006E-016  -1.7349332260727234E-015   3.3650528753920615E-015  -3.2482932975797065E-015  -2.8249845359020451E-015   3.2644778081531620E-015   1.1876228729400707E-014  -2.5490520433810349E-014
   5.1375467867663383E-016  -2.3464585105916353E-004   1.2975324495096243E-016   8.8720379851451939E-015  -2.5690456573799403E-015  -4.8304871374400985E-016   4.6237153206249151E-016  -1.5755998537123727E-015  -1.7207238311857092E-015   2.0537412520168545E-016  -1.0439904691607327E-014   6.0160062837618419E-004   5.8482420837481508E-014   3.6741910677496540E-015   6.5948135548492032E-004  -2.5607768332608271E-014  -2.4211298687053901E-014  -4.0304233203929812E-015   1.9993758528222072        2.7807634260567163E-014   1.6720183908067442E-015   9.0785735000420215E-015  -3.4464758297545490E-015  -1.9050650092749163E-015   8.1416150788287579E-017   2.0119340533014539E-016   1.3237049328727219E-014  -3.6710597684985123E-015   9.2240910433088638E-015  -5.3708034060207606E-015   2.6532286226436955E-015  -3.7964559738467778E-016   3.3541814650329320E-016  -2.9063871051423859E-015   3.8386860553468501E-017  -2.3637212548175868E-015   4.1466274661837444E-014  -1.7238526734517144E-015   1.0683252600596450E-014  -2.8740116255815305E-015  -2.4906370033024047E-016   1.1408059748588294E-015   1.6279153184562247E-015   2.4011857374121346E-014  -2.4204316416736992E-015   1.0922222602698489E-014  -9.6355552634319622E-015  -2.2472894939979780E-014  -2.2507150933330956E-015   1.5118733487205302E-015  -3.7347733464144600E-016   6.1623534374289639E-016   3.1024102072297056E-016  -6.5223234631678814E-016   7.4806571695878139E-015   4.0070178122775506E-004  -2.6577788961643903E-014  -7.0145281288601831E-015   2.8597800519733284E-016   3.7819856414762191E-016   1.1971104790275402E-014  -2.4951352810157865E-014   9.6691430362677774E-016   4.1582158497801515E-015  -1.6438919824179713E-014
   1.7698186714897333E-015   3.6234690408021720E-015  -2.3464585106296019E-004  -3.3545574302711661E-015   9.0452437613566443E-016  -2.8891307944066030E-015   1.8206580978668931E-015   3.6174275447302921E-015   3.0853980231304793E-015   8.4067716283254264E-016  -1.6539653219065087E-014   1.7688771996628161E-014   6.0160062830452959E-004  -4.2207053809360584E-015  -1.3839353529014115E-014   6.5948135552220170E-004  -2.7587531601358804E-015  -2.4299105208427235E-015   2.7807634260567163E-014   1.9993758528221528        3.7720870601208720E-016  -1.6721245570665904E-015   8.9407903866784134E-015  -6.2809631559920835E-016   5.0445513343073676E-016   8.3300761615762363E-016  -2.5446132204919608E-015   6.7907371723426835E-015  -9.4851859338173935E-016   1.5000038718130247E-014   5.0201330166417624E-015   3.8430615299204310E-015  -1.0077588166440118E-015   1.1098512020062725E-015  -2.6933366475605959E-015   5.8276943827302743E-015  -2.4310914010711165E-014   4.2745675816730769E-016  -7.9939381497031759E-016   9.7382324405409338E-015  -3.7051917412872419E-016  -2.8465162717875657E-016   4.5751245510425119E-016  -2.2998203776666357E-015   1.1382959974504528E-014  -1.3637694445484631E-015   3.0256770115048897E-014   2.4207506612248744E-014   3.6183917747410230E-015  -6.2692024930543193E-016   2.6364244291179688E-017   4.6080230591549893E-015   1.4048965007391874E-016   4.4725468736023580E-016  -1.7937600378915414E-015  -3.6890030667238410E-015   4.0070178126321856E-004   4.3143912859453378E-015   3.5548164838140899E-015   1.2988428618337471E-015   1.1159805733954470E-014  -4.8722177823157262E-015  -1.7138638974134739E-014   4.8996285487155662E-015  -4.7279952364704403E-015
   1.1388292829507846E-016  -2.1148697145549453E-018  -4.4026994405422824E-018   1.8958012311302412E-018  -1.7235271890073397E-018   1.0313693852780409E-018   1.0128792418905559E-018   7.1881619772158359E-019  -1.0579201610945441E-018   1.0047109912623002E-018   3.8182247173263327E-014  -6.3324971765219566E-016  -1.4395333900987393E-015  -1.1310041485627596E-016   2.5081898926306191E-018   4.5692694098890146E-018   3.6716859728285530E-016   1.4468173238993036E-014   1.6720183908067442E-015   3.7720870601208720E-016   8.3760217959860235E-028  -1.5222564477486869E-029  -2.2612922232918559E-029   1.0774946718492319E-027  -3.7580562527708702E-030   1.0703908209089832E-027   8.4606372066865557E-030  -3.7677219251879469E-029  -2.2248094854459239E-031   3.6128280101671162E-029  -3.2548164932290899E-019   1.9477024250622447E-019   1.9127844830828885E-019   1.3574574460471903E-019  -1.9978425699863136E-019   1.8973590466927105E-019   1.0445199728733612E-015   2.6691437461631211E-027   2.8331887503547033E-029   2.6286634293182610E-029   9.7682802680399525E-028   2.3848604950354400E-030   1.0036987561485499E-027  -2.3572964268344458E-029   2.3105971693044063E-029   1.5676763029228251E-029   6.6854191727181790E-030   5.9227662139290585E-016  -9.5777435639604250E-017   5.7313812946650165E-017   5.6286304634658865E-017   3.9945045577183984E-017  -5.8789255423657109E-017   5.5832390062364632E-017  -2.1965133095982365E-017   7.4784964542499466E-019   1.0132203735931084E-018  -1.4382093617173388E-015   8.6063342357355422E-016   8.4520419367583390E-016   5.9982122218794638E-016  -8.8278890486116422E-016   8.3838813952939432E-016   1.0926641011649921E-015   7.9527717524506397E-016
  -2.9226265369814095E-019   1.5059550135953054E-016   2.2973139559424273E-019  -4.7827144986840758E-018  -8.7917155621623739E-019   1.7127846051374080E-018   3.1245581812476230E-019   2.3854394778476094E-018   1.9906379730321906E-018  -1.5062679215036049E-018  -1.2112635751281785E-016   5.0098341261293108E-014   1.0559586530246154E-017   1.6578570901363860E-019  -1.5167358867093612E-016  -5.8569528824718856E-019  -4.6305087899600158E-016  -6.2939567400532373E-016   9.0785735000420215E-015  -1.6721245570665904E-015  -1.5222564477486869E-029   1.3054626526479982E-027  -5.1061187688560046E-030  -1.8985695454204817E-029  -2.1607816336792520E-030  -1.6325626127088984E-029   1.3158087853360487E-027  -1.3611374265783049E-029   1.0372470682636275E-027  -2.0751983742570194E-029  -1.6602825291468526E-019   3.2345295263326972E-019   5.9006110041374817E-020   4.5048130400853761E-019   3.7592451970908848E-019  -2.8445305096444645E-019  -1.3882771830663793E-015  -5.3913321645945075E-029   1.2565173796628515E-027   1.5728352336989509E-029   1.0728117795439915E-029   2.2709680102066788E-030  -2.0959071629958338E-029   3.3639751963035669E-027   3.2193685105173925E-029   1.5502073161236617E-027  -2.5264285336170179E-029  -5.9353785556186960E-016  -4.8856088654407434E-017   9.5180463838101826E-017   1.7363356493876558E-017   1.3256029699664664E-016   1.1062094149918584E-016  -8.3704208342163192E-017  -4.7374720839323224E-020  -3.0807129492191266E-017  -3.4232122558685817E-019  -7.3363087673499513E-016   1.4292451372336025E-015   2.6073095080859867E-016   1.9905467176003906E-015   1.6611018305483494E-015  -1.2569158408654270E-015  -1.4144237495373833E-015   3.1518616796294622E-015
   3.3374032863652636E-018   2.8447987235630754E-018   1.5032454328957415E-016   1.8480290710525802E-018  -2.5607192440599926E-018   1.3822410033959470E-019   5.4593632087537851E-019  -1.6721508188990082E-019  -3.5018346312251682E-019   2.7279343261248352E-018   1.0588526256460778E-015   8.0503338858001839E-016   5.0003457570562309E-014  -3.6377769962307298E-018  -3.6255067092367204E-018  -1.5142621412519267E-016   2.3368756704046673E-016  -1.1144025013396991E-015  -3.4464758297545490E-015   8.9407903866784134E-015  -2.2612922232918559E-029  -5.1061187688560046E-030   1.2976714807094226E-027  -1.6350415317009273E-030  -1.0194698933817936E-029  -6.4568254607326370E-031  -8.1607161743424321E-030   1.1939399324942044E-027  -7.3565101271526631E-030   1.4224140130386223E-027  -4.8358223074931329E-019   2.6103103259848171E-020   1.0309802790825050E-019  -3.1577941335851330E-020  -6.6130834440915411E-020   5.1516017243841254E-019   6.8383169562323838E-016  -1.3353466247877622E-029   3.6598013647062917E-030   1.4487604716262914E-027   1.9943798095174694E-029   6.3427713221671855E-030   6.0390398695459030E-030   3.6047597698615325E-029   1.5040594433375824E-027   6.0709869589153876E-030   3.6062598228348213E-027   3.3582007403849323E-016  -1.4230069833744449E-016   7.6811958396758671E-018   3.0338007530847375E-017  -9.2922420090099009E-018  -1.9459904270333061E-017   1.5159294034651287E-016  -9.1317611185549152E-019  -1.2157028897676575E-018  -3.0772973606567486E-017  -2.1368101490834005E-015   1.1534207083385345E-016   4.5556039536218426E-016  -1.3953379895260063E-016  -2.9221304906360047E-016   2.2763439480359670E-015   7.0520268763554377E-016  -6.0805276279682537E-016
