   1.8521000564206982E-002   6.4434954474063170E-017   7.9666878760142462E-017   4.1356953727738791E-016  -6.7552678430279661E-017  -2.3501631530627886E-017  -4.4275820957417510E-016   8.6773077571932880E-002  -9.2456416334033785E-015  -8.9781658318999027E-018   8.5696010905587008E-019  -1.2886784139231425E-014   1.0721288307977619E-017   9.0178040080855797E-015  -1.6377223479339489E-017   1.7882871447988598E-018   1.8688108578239389E-016  -7.7291368670791165E-018  -7.6437252686926593E-018   3.1990997129811454E-018   1.3073957348173363E-017  -7.2802311813643887E-020   8.9690429588109941E-019  -5.6541673543159385E-019   3.0607927410280553E-018  -7.0878911009227246E-018   9.3538138591992241E-018  -1.3090954578276435E-015   1.1800240144922368E-017   1.1844001398999556E-018   3.7953501281111432E-015  -2.1771744672104707E-018  -7.5412937747351479E-015   4.6389881104272973E-002   1.7332820610706022E-017   7.6937088017289230E-019  -3.9394597821945665E-018  -1.5083552426751273E-018  -9.3586413251836920E-021  -8.8773647349894107E-019  -5.7398811182806235E-019  -3.9633991999515111E-018   8.2431919851883743E-019  -8.9724351255431794E-018  -3.3083977657491118E-018  -7.9175778029542556E-018  -1.5812586400221055E-017   8.9300100020010594E-016  -2.6495087152671635E-018  -1.4283767988286129E-018  -1.4718691022352592E-015  -3.7039494799895849E-019   1.6144852739429266E-015   2.9684688425469084E-002   2.8222933972510032E-004
   6.4434954474063170E-017   3.5845705029826547E-030   4.1235546412791115E-030   8.3407143633274748E-031  -4.6759877686207982E-030  -3.4700320884956299E-030   1.3174709974086179E-030   3.1390274697853995E-016  -2.0797395876592177E-029   4.7630817247173882E-031   2.1372647669786122E-032  -2.3364525857859219E-029   2.0712532923569764E-031   4.3215106672066402E-029   2.9384274406237657E-030   1.8587892311853536E-030  -2.2077275384710721E-030  -6.1536510353233169E-032  -5.0757850415974254E-032   4.0977766851921000E-031  -1.9289373842321541E-031  -2.8427005347543778E-033  -2.2465502760855827E-031  -7.9865852829166503E-031   4.0404423034231099E-031  -2.9970849721201125E-032   1.6324122102555966E-031   5.4404110998782214E-030  -4.0684289429151683E-031  -1.9527002150766069E-032   1.7613660622230512E-029  -3.1572123044211716E-031  -1.4307374782631661E-029   1.5131111035641691E-016  -2.7830146694791035E-031  -1.8566042823722265E-031  -1.4565545425015438E-031  -7.0553215586652844E-032  -1.6638955281255344E-033  -2.7169831655841163E-031   6.1778872497291841E-031  -1.4879735455920302E-031  -1.7282290783527391E-031  -1.0839448525277250E-031  -1.0096938300851149E-030  -9.0028934039459431E-031   7.3940150323379465E-031   1.0992337971481695E-029   2.4795120545306557E-031   2.4508903019697115E-032   6.0234686993714688E-030   2.6294794591064877E-031   1.1617036668111178E-029   1.0348297197721251E-016  -2.5900483061584539E-015
   7.9666878760142462E-017   4.1235546412791115E-030   4.7453514565597555E-030   1.0867363854061624E-030  -5.3738116004426866E-030  -3.9793826774447995E-030   1.3666501416827436E-030   3.8700410384871266E-016  -2.6757004901360701E-029   5.4232698106362249E-031   2.4737227892548493E-032  -3.0857895770816669E-029   2.4050341336722918E-031   5.2344096948469942E-029   3.3581636632796630E-030   2.1281843059220675E-030  -2.4673514256109253E-030  -7.2903773495191141E-032  -6.0538999707347423E-032   4.7006241048772417E-031  -2.1661658286516908E-031  -3.2770644445823127E-033  -2.5685901590243894E-031  -9.1434363674968625E-031   4.6345562710318805E-031  -3.6568256332053738E-032   1.8983605436620645E-031   5.8092709147154416E-030  -4.6191441545513230E-031  -2.1972921525101879E-032   2.1372732935922876E-029  -3.6207695857115481E-031  -1.8784234990988538E-029   1.8800494170807545E-016  -3.1301654278847706E-031  -2.1226560806459641E-031  -1.6797835592282536E-031  -8.1238417786147792E-032  -1.9075214018411808E-033  -3.1127563378210179E-031   7.0695208151040616E-031  -1.7158229110770514E-031  -1.9755394062539529E-031  -1.2693544416673112E-031  -1.1567752906995004E-030  -1.0330199244351697E-030   8.4128772330222473E-031   1.2867190739722128E-029   2.8296481505376031E-031   2.7597427542855102E-032   6.4246840532021423E-030   3.0085807711055876E-031   1.3812581028510978E-029   1.2792633703953211E-016  -2.9645393968090899E-015
   4.1356953727738791E-016   8.3407143633274748E-031   1.0867363854061624E-030   9.3437409222330512E-030  -7.0922734196242403E-031   8.4975389438121813E-032  -1.0400988686307151E-029   1.9354595081374033E-015  -2.0849886135777043E-028  -2.9181905666441057E-031   1.5825978431684292E-032  -2.9162241486344919E-028   2.0884156333058217E-031   1.9923430786189552E-028  -9.0475974484045017E-031  -2.9346058487750030E-031   4.6873231981103718E-030  -1.6635468693253459E-031  -1.6633374458330788E-031  -3.0651906001174048E-034   3.3483750091020998E-031  -1.1596600104129922E-033   6.1018672196603395E-032   1.3074891285175626E-031  -2.4496703699287317E-033  -1.5731497522740385E-031   1.8534750895954120E-031  -3.1030475557552561E-029   3.4410104526459805E-031   3.0703045182109486E-032   8.3955710998355363E-029   6.8390610168252687E-033  -1.7054205857040816E-028   1.0376890812531658E-015   4.4797353293130779E-031   5.1073470303734936E-032  -6.4221157739576766E-032  -2.1928655849325098E-032   8.4603083385611164E-035   2.8516742009697506E-032  -1.2435515449259227E-031  -6.4205283503127476E-032   5.0024584451271732E-032  -1.8646298634116404E-031   1.0575986510855851E-031  -1.9736503795758530E-032  -4.9605594406911268E-031   1.8521393776600262E-029  -1.0544364265328318E-031  -3.7200293097494061E-032  -3.4872012253183153E-029  -5.5823486812677921E-032   3.4971260062241220E-029   6.6281436389326958E-016   4.7259022921514859E-016
  -6.7552678430279661E-017  -4.6759877686207982E-030  -5.3738116004426866E-030  -7.0922734196242403E-031   6.1153982896970746E-030   4.5635205778437199E-030  -2.1619056868170685E-030  -3.3237395827590489E-016   1.8698136369364923E-029  -6.3800255955000507E-031  -2.7430801292202390E-032   1.8630284012222444E-029  -2.6353927914067295E-031  -4.8541021485068599E-029  -3.8988731361955497E-030  -2.4548021858318003E-030   3.0952527379155949E-030   7.3978581585612004E-032   5.9815107831118778E-032  -5.3850546854921547E-031   2.6734590153486741E-031   3.6876098278972452E-033   2.9774752740782778E-031   1.0549379077852833E-030  -5.3105982942538273E-031   3.2872090161430776E-032  -2.0684341174308108E-031  -8.4339685328581162E-030   5.4888206044792463E-031   2.6931737699071505E-032  -1.9670486794993794E-029   4.1517544731712529E-031   1.1740961354162428E-029  -1.5587871580703620E-016   3.8426488879130394E-031   2.4609261438351759E-031   1.8874845730550517E-031   9.1806806123292116E-032   2.1900437251115793E-033   3.5822197558989933E-031  -8.1699045455462156E-031   1.9287791594294902E-031   2.2917928103362213E-031   1.3472260719896744E-031   1.3312268743824977E-030   1.1822617902644103E-030  -9.9219151254671120E-031  -1.3678345315171890E-029  -3.3020046740616031E-031  -3.3747489794858969E-032  -9.3592110249172703E-030  -3.4785353754992421E-031  -1.3818237986937417E-029  -1.0854723592990952E-016   3.4231728015171758E-015
  -2.3501631530627886E-017  -3.4700320884956299E-030  -3.9793826774447995E-030   8.4975389438121813E-032   4.5635205778437199E-030   3.4461916784143105E-030  -2.3197138133410333E-030  -1.2222495508093680E-016   2.6928979767861920E-031  -5.0036015822205893E-031  -1.9631205382451767E-032  -5.2946493652210677E-030  -1.8483862566899103E-031  -2.3383040467062010E-029  -2.9994651872096244E-030  -1.8702012075088316E-030   2.6444559525045182E-030   4.4741662416851485E-032   3.4064842487246071E-032  -4.0601351563907503E-031   2.2376552480706443E-031   2.7032752706955944E-033   2.2852633437138561E-031   8.0401626145069256E-031  -4.0054219046983982E-031   1.4349933264080657E-032  -1.4365228028235936E-031  -8.4165389347953258E-030   4.3663727117019388E-031   2.2340769774709228E-032  -9.2621157632691214E-030   3.1346506640371672E-031  -2.4585956045430705E-030  -4.8701084095839903E-017   3.1941699209596465E-031   1.8892279141770824E-031   1.3804316910189865E-031   6.7761207108318970E-032   1.6567414593826072E-033   2.7196404393078643E-031  -6.2419749181435512E-031   1.4115752745476802E-031   1.7610182990012858E-031   8.9204563351356847E-032   1.0106603699017005E-030   8.9002878022831470E-031  -7.8093742450748145E-031  -9.0841125709370669E-030  -2.5593972416752891E-031  -2.7910241175598418E-032  -9.3688752315455879E-030  -2.6595800357189574E-031  -8.0986203109262124E-030  -3.7878482484370485E-017   2.6121607778849713E-015
  -4.4275820957417510E-016   1.3174709974086179E-030   1.3666501416827436E-030  -1.0400988686307151E-029  -2.1619056868170685E-030  -2.3197138133410333E-030   1.3014895580845039E-029  -2.0641544512823311E-015   2.3069208941672916E-028   6.4626757555210003E-031  -4.8455003964565534E-033   3.2632619987581788E-028  -1.1187282597008632E-031  -2.0550631941268807E-028   2.9389369169871437E-030   1.5327571432775025E-030  -6.8980102137296205E-030   1.5530562616336461E-031   1.6217775034009771E-031   2.6255140431183575E-031  -5.1527032383525468E-031  -4.6176668747577465E-034  -2.1515165141816862E-031  -6.6402575265041913E-031   2.6139097056118962E-031   1.6492377395828587E-031  -1.1245740045028872E-031   3.9794909691680778E-029  -6.6300465072541474E-031  -4.8424912459926080E-032  -8.6980563622093802E-029  -2.1001501783846707E-031   1.9042511844608824E-028  -1.1175571194204271E-015  -7.0231696870548479E-031  -1.7856276303531746E-031  -1.8040546317919885E-032  -1.9480504699928497E-032  -1.1636372661881805E-033  -2.0721598978724545E-031   5.4081537616558871E-031  -2.0069441123278301E-032  -1.6912131126189852E-031   1.4885601498294799E-031  -7.6981103214626002E-031  -5.5294538559241211E-031   1.0536170468617010E-030  -1.4641604604232588E-029   2.8204654058824068E-031   5.9216046788249183E-032   4.4663593737147634E-029   2.3357329516637305E-031  -3.3492615351211264E-029  -7.0945641341013146E-016  -2.2102762628043760E-015
   8.6773077571932880E-002   3.1390274697853995E-016   3.8700410384871266E-016   1.9354595081374033E-015  -3.3237395827590489E-016  -1.2222495508093680E-016  -2.0641544512823311E-015  0.40658510466251790       -4.3276268955407014E-014  -4.0248706252040419E-017   4.0807297568134647E-018  -6.0299331068520717E-014   5.0837829381013296E-017   4.2291826978994478E-014  -6.6017149490137362E-017   1.5003436688360493E-017   8.6533967610432868E-016  -3.6335822583735313E-017  -3.5898175464639483E-017   1.6413793794345602E-017   6.0400554311960970E-017  -3.5034764811624546E-019   3.3875388651217847E-018  -5.4981494545228118E-018   1.5747026275856080E-017  -3.3226604240517292E-017   4.4291126338837597E-017  -6.0975239531488635E-015   5.3683766785891490E-017   5.4644869855081235E-018   1.7797433445213476E-014  -1.1302305592891863E-017  -3.5289193060964244E-014  0.21730602934669535        7.9995412607601052E-017   2.9310678247545044E-018  -1.8928710676442108E-017  -7.3003667419888900E-018  -4.9680280695630260E-020  -5.1197452803272865E-018  -4.7274242213459250E-019  -1.9051807809487486E-017   3.2337327242294205E-018  -4.2312925496556319E-017  -1.9069911336173552E-017  -4.0215870116263788E-017  -7.1242876879105195E-017   4.2120154200634822E-015  -1.1493581508867947E-017  -6.5866948942418665E-018  -6.8560274488586129E-015  -7.9038887887130070E-019   7.5855121788535320E-015  0.13907702372904521       -7.9436904947542443E-003
  -9.2456416334033785E-015  -2.0797395876592177E-029  -2.6757004901360701E-029  -2.0849886135777043E-028   1.8698136369364923E-029   2.6928979767861920E-031   2.3069208941672916E-028  -4.3276268955407014E-014   4.6538631926617401E-027   6.1989228148773473E-030  -3.6557405232663892E-031   6.5056837009877861E-027  -4.7775145963088076E-030  -4.4616054382063855E-027   1.8309063225063620E-029   5.3746131386742917E-030  -1.0295899205819600E-028   3.7411563485079923E-030   3.7339785068773606E-030  -2.4833902196803087E-031  -7.3329347880025496E-030   2.7582623238603186E-032  -1.2183071935524141E-030  -2.4129890684598679E-030  -1.9706514955750103E-031   3.5202887320796602E-030  -4.2272416523590090E-030   6.8731030276152412E-028  -7.4059066358684776E-030  -6.7125064331943940E-031  -1.8797124742004039E-027   4.4365770059893568E-032   3.8049529884447534E-027  -2.3191825852666638E-014  -9.7980134839754259E-030  -1.0212212453312375E-030   1.5201765255602138E-030   5.3203562189728992E-031  -8.4707434284109709E-034  -4.6556350103199131E-031   2.3832969552931706E-030   1.5217795947913314E-030  -1.0058681232324441E-030   4.2179185756137693E-030  -1.7253572524589446E-030   9.9990405427371702E-031   1.0581145987776711E-029  -4.1910683988644298E-028   2.1926430121621318E-030   8.1276876984962019E-031   7.7245484419343526E-028   1.0788247725607564E-030  -7.8564842032719577E-028  -1.4817821283170941E-014  -8.9064627729435898E-015
  -8.9781658318999027E-018   4.7630817247173882E-031   5.4232698106362249E-031  -2.9181905666441057E-031  -6.3800255955000507E-031  -5.0036015822205893E-031   6.4626757555210003E-031  -4.0248706252040419E-017   6.1989228148773473E-030   8.1009852813680873E-032   2.3623377551376414E-033   9.4895309802541519E-030   2.0452694760000335E-032  -2.5828627352997268E-030   4.6035463541570416E-031   2.7893866256138505E-031  -5.2223785413314879E-031  -1.4861714867742420E-033   5.5516610305416573E-035   5.8659648286845494E-032  -4.2341530672286884E-032  -3.5580581539445879E-034  -3.4837199710139681E-032  -1.2005548124363399E-031   5.7933409093186192E-032   2.6336023409813278E-033   1.5206031915869562E-032   2.1441698149941213E-030  -7.3368956258924608E-032  -4.1457915784444978E-033  -1.1738141722857179E-030  -4.5486047812713311E-032   5.4573948746775456E-030  -2.4010262432110208E-017  -5.9543594052618145E-032  -2.8818751502461075E-032  -1.8019602039268688E-032  -9.1323543576177570E-033  -2.4185488949916714E-034  -4.0139586590548804E-032   9.3888564387581833E-032  -1.8469960028522848E-032  -2.6935325628042461E-032  -7.3074417824014741E-033  -1.4915853503828047E-031  -1.2797818682782592E-031   1.2765081464565502E-031   7.5812193333089592E-031   4.0126283592167050E-032   5.1447099944232108E-033   2.3966693224820062E-030   4.0088944222233415E-032   1.2361967473011884E-031  -1.4358216804689266E-017  -3.9147721980131780E-016
   8.5696010905587008E-019   2.1372647669786122E-032   2.4737227892548493E-032   1.5825978431684292E-032  -2.7430801292202390E-032  -1.9631205382451767E-032  -4.8455003964565534E-033   4.0807297568134647E-018  -3.6557405232663892E-031   2.3623377551376414E-033   1.4030552007014507E-034  -4.7876909407852101E-031   1.4255161814335423E-033   4.8206099569109044E-031   1.5635897152527541E-032   1.0221734442195965E-032  -6.9941418902308079E-033  -5.4724358921444472E-034  -4.8592694921886639E-034   2.3297971928369984E-033  -6.9970271480997387E-034  -1.7540274483761035E-035  -1.2051013962334154E-033  -4.3864055752450324E-033   2.2946524487018606E-033  -3.5702604955812964E-034   1.1481059188129034E-033  -5.8705447436972057E-033  -1.9053157492590369E-033  -7.4619865004253171E-035   1.9974273833279079E-031  -1.7872058267098906E-033  -2.8364657935349985E-031   2.0912745839303760E-018  -1.0511687198833729E-033  -9.9515894529805682E-034  -9.0443170513084458E-034  -4.2720473912637932E-034  -9.3612274858575448E-036  -1.5111607570884578E-033   3.3654910477025953E-033  -9.2227898571766101E-034  -9.2340377658281063E-034  -8.3754842926066239E-034  -5.6160781000313915E-033  -5.1428181103698931E-033   3.6161360053933282E-033   8.4476077505921225E-032   1.2848779995394635E-033   9.5242224313095917E-035  -7.1116973504487362E-033   1.4290126319617997E-033   1.0754043487779090E-031   1.3746455182704855E-018  -1.4167492613694630E-017
  -1.2886784139231425E-014  -2.3364525857859219E-029  -3.0857895770816669E-029  -2.9162241486344919E-028   1.8630284012222444E-029  -5.2946493652210677E-030   3.2632619987581788E-028  -6.0299331068520717E-014   6.5056837009877861E-027   9.4895309802541519E-030  -4.7876909407852101E-031   9.1036952826916191E-027  -6.3748182772654938E-030  -6.1988698578104590E-027   3.0532149568841706E-029   1.0591377691573296E-029  -1.4828901503317505E-028   5.1565298379732506E-030   5.1640651513248187E-030   3.2096415200553128E-031  -1.0619716735301040E-029   3.4112101250511159E-032  -2.0792675360290606E-030  -4.6964765751326189E-030   3.8364159738345958E-031   4.8977688738509010E-030  -5.6733106414920910E-030   9.7471407393988764E-028  -1.1072037548025221E-029  -9.7517655680060208E-031  -2.6126066708865987E-027  -4.5382042906346909E-031   5.3233915331588982E-027  -3.2342159215049251E-014  -1.4223316438549780E-029  -1.7385679377419381E-030   1.8980488679795207E-030   6.3227966365325653E-031  -3.9105796707448955E-033  -1.0984095453249263E-030   4.3590536760992555E-030   1.8951649209222344E-030  -1.6960057708777938E-030   5.7498771176400399E-030  -4.0752208807502451E-030  -6.6776667693918647E-032   1.6077626798627083E-029  -5.7096472620493984E-028   3.4865064672176596E-030   1.1821849187051752E-030   1.0953138030518475E-027   1.9458685897594773E-030  -1.0850136564366331E-027  -2.0653063729909500E-014  -1.6749905952923093E-014
   1.0721288307977619E-017   2.0712532923569764E-031   2.4050341336722918E-031   2.0884156333058217E-031  -2.6353927914067295E-031  -1.8483862566899103E-031  -1.1187282597008632E-031   5.0837829381013296E-017  -4.7775145963088076E-030   2.0452694760000335E-032   1.4255161814335423E-033  -6.3748182772654938E-030   1.4788797870962434E-032   5.8186162257615600E-030   1.4189950071525323E-031   9.4659071436308149E-032  -3.6250030742244271E-032  -6.2251324516654725E-033  -5.6459821715070614E-033   2.1998483105143383E-032  -4.4788629538836919E-033  -1.7300565527704115E-034  -1.0991973345967428E-032  -4.0589985242536614E-032   2.1652985454995967E-032  -4.3714322844170775E-033   1.2019848376866316E-032  -2.5268879016658394E-031  -1.5804661919113895E-032  -5.0946895361906939E-034   2.4198692135740402E-030  -1.6833230638148782E-032  -3.7625862174302918E-030   2.6344372114062447E-017  -7.0786030930953857E-033  -9.0726917824739541E-033  -8.9488469806661684E-033  -4.1735179690057909E-033  -8.7860900399002839E-035  -1.4088718976972144E-032   3.0990064199124557E-032  -9.1172791429780915E-033  -8.4017703994299458E-033  -9.0943239243193223E-033  -5.2360714609752347E-032  -4.8689437201584077E-032   3.0994114002898572E-032   9.1544907065883886E-031   1.1462910936984328E-032   6.6290592680874277E-034  -2.8882874948244994E-031   1.3139406675023680E-032   1.2378149647821161E-030   1.7194212415258671E-017  -1.3078044960636821E-016
   9.0178040080855797E-015   4.3215106672066402E-029   5.2344096948469942E-029   1.9923430786189552E-028  -4.8541021485068599E-029  -2.3383040467062010E-029  -2.0550631941268807E-028   4.2291826978994478E-014  -4.4616054382063855E-027  -2.5828627352997268E-030   4.8206099569109044E-031  -6.1988698578104590E-027   5.8186162257615600E-030   4.4324649781919446E-027   2.5817307060895704E-030   7.3991178383296581E-030   8.0920538665043636E-029  -3.8853811709673914E-030  -3.8068579786463638E-030   2.9624558444720330E-030   5.5256196972967634E-030  -4.4572223720367351E-032  -3.6597612818274142E-031  -3.0828221978295332E-030   2.8766058447231762E-030  -3.4697860514843784E-030   5.0149167739236323E-030  -6.0217215776176420E-028   4.1671153628869695E-030   4.9334641551112592E-031   1.8634805746333278E-027  -2.1459603613146684E-030  -3.6297896183669999E-027   2.2551532203314365E-014   7.2460552738944753E-030  -2.8909199469558476E-031  -2.3830966732943243E-030  -9.6454791520530840E-031  -1.0305480610529152E-032  -1.3788106850174535E-030   1.9046382706550888E-030  -2.4055311738119710E-030  -2.1777239806155677E-031  -4.6406219525714869E-030  -5.1284239213267240E-030  -6.9305684529825386E-030  -4.8995908233801953E-030   4.6258732449168968E-028  -3.8377809505590187E-031  -5.9159045259445137E-031  -6.7737573382352802E-028   7.5081990131718454E-031   8.0723127671355336E-028   1.4454098336111592E-014  -8.9933166239548474E-015
  -1.6377223479339489E-017   2.9384274406237657E-030   3.3581636632796630E-030  -9.0475974484045017E-031  -3.8988731361955497E-030  -2.9994651872096244E-030   2.9389369169871437E-030  -6.6017149490137362E-017   1.8309063225063620E-029   4.6035463541570416E-031   1.5635897152527541E-032   3.0532149568841706E-029   1.4189950071525323E-031   2.5817307060895704E-030   2.6845346177318644E-030   1.6497665264401608E-030  -2.7127258347007237E-030  -2.4048967427745592E-032  -1.4781449458371889E-032   3.5251927387190345E-031  -2.2404709894776352E-031  -2.2437897850695602E-033  -2.0382824054688627E-031  -7.0965741269708668E-031   3.4795979082159406E-031   1.5325169454520903E-033   1.0823186525338820E-031   1.0066750785087781E-029  -4.0968152574072215E-031  -2.2126342031511198E-032   5.7456083329228155E-031  -2.7275171555053957E-031   1.7301663596862569E-029  -5.0005709444963297E-017  -3.1715135885700034E-031  -1.6856083776570433E-031  -1.1413453513638085E-031  -5.6878565302512764E-032  -1.4458707127438137E-033  -2.3864934511602407E-031   5.5297407861184379E-031  -1.1683976440734956E-031  -1.5733667796486584E-031  -6.0862348680935916E-032  -8.8683888541411971E-031  -7.7094816503610014E-031   7.2210946920941452E-031   6.2394260348382750E-030   2.3157887981048889E-031   2.7539467740082071E-032   1.1235195455943121E-029   2.3586355929675829E-031   3.9208737805232103E-030  -2.6062156148405246E-017  -2.3098504257410332E-015
   1.7882871447988598E-018   1.8587892311853536E-030   2.1281843059220675E-030  -2.9346058487750030E-031  -2.4548021858318003E-030  -1.8702012075088316E-030   1.5327571432775025E-030   1.5003436688360493E-017   5.3746131386742917E-030   2.7893866256138505E-031   1.0221734442195965E-032   1.0591377691573296E-029   9.4659071436308149E-032   7.3991178383296581E-030   1.6497665264401608E-030   1.0214818309885619E-030  -1.5574933431363051E-030  -1.9846783750952589E-032  -1.4060144445855956E-032   2.2008103280905218E-031  -1.3015414306616870E-031  -1.4345605211662529E-033  -1.2548455932746095E-031  -4.3926566318003280E-031   2.1717213720195588E-031  -3.6128002542405335E-033   7.2956762817088218E-032   5.3836625012655864E-030  -2.4578303318520827E-031  -1.2922392119445049E-032   2.7974198788658169E-030  -1.7008964214432765E-031   5.8482082459833535E-030  -1.0780367773211522E-018  -1.8499602596443449E-031  -1.0375478690583885E-031  -7.3123588002000980E-032  -3.6148221476848379E-032  -9.0024942868497867E-034  -1.4816867456074166E-031   3.4162857833140241E-031  -7.4812094796969227E-032  -9.6777624458696295E-032  -4.3414742277202526E-032  -5.5061203408401211E-031  -4.8190281493532707E-031   4.3642866309574079E-031   4.4334885834502523E-030   1.4151980678214418E-031   1.6113264454997173E-032   6.0015758375024860E-030   1.4563622033599441E-031   3.4637636182386483E-030   2.9815836097222211E-018  -1.4283917023434257E-015
   1.8688108578239389E-016  -2.2077275384710721E-030  -2.4673514256109253E-030   4.6873231981103718E-030   3.0952527379155949E-030   2.6444559525045182E-030  -6.8980102137296205E-030   8.6533967610432868E-016  -1.0295899205819600E-028  -5.2223785413314879E-031  -6.9941418902308079E-033  -1.4828901503317505E-028  -3.6250030742244271E-032   8.0920538665043636E-029  -2.7127258347007237E-030  -1.5574933431363051E-030   4.3161985738355455E-030  -4.8523072565641710E-032  -5.6575372064650279E-032  -3.0675508410747081E-031   3.3465076886119768E-031   1.4676100376806587E-033   2.0276415875996956E-031   6.7185021742218437E-031  -3.0368378326505361E-031  -6.7000836122506049E-032  -1.6772459632745178E-032  -2.1709246763942044E-029   4.9998555600072982E-031   3.2062201110113562E-032   3.4545783009445460E-029   2.4009880590979509E-031  -8.6238470166572553E-029   4.7665727840467864E-016   4.6286066120546033E-031   1.6793656924951237E-031   7.2468347665252897E-032   4.0320267053030987E-032   1.2929581985534959E-033   2.1948488822216421E-031  -5.3289550458044621E-031   7.4828027495714814E-032   1.5773577282618267E-031  -2.4895967196012513E-032   8.1553446027255365E-031   6.6234496255940760E-031  -8.3517095964245694E-031   2.3042095865396029E-030  -2.4544639632403234E-031  -3.9482767460652196E-032  -2.4329148083052206E-029  -2.2846039156481756E-031   1.1187575609398314E-029   2.9934721160920380E-016   2.2064192118572596E-015
  -7.7291368670791165E-018  -6.1536510353233169E-032  -7.2903773495191141E-032  -1.6635468693253459E-031   7.3978581585612004E-032   4.4741662416851485E-032   1.5530562616336461E-031  -3.6335822583735313E-017   3.7411563485079923E-030  -1.4861714867742420E-033  -5.4724358921444472E-034   5.1565298379732506E-030  -6.2251324516654725E-033  -3.8853811709673914E-030  -2.4048967427745592E-032  -1.9846783750952589E-032  -4.8523072565641710E-032   3.5827208605593339E-033   3.4390097482732232E-033  -5.4452137227636775E-033  -2.9982424288803467E-033   5.7079329693849595E-035   1.9741350944567761E-033   8.4500735177833509E-033  -5.3333434600141588E-033   3.0126681614303288E-033  -5.2510547510004306E-033   4.4325934304407072E-031  -3.0650921029503794E-034  -2.5045783338985658E-034  -1.6293296516680373E-030   4.0856540009165246E-033   3.0241227138799757E-030  -1.9255376771827758E-017  -3.7421983048107955E-033   1.6207370202103235E-033   3.0044472646199774E-033   1.3027824457354561E-033   2.0725068880544544E-035   3.1399120051894755E-033  -6.1506309792044627E-033   3.0459727876425825E-033   1.4674186208829230E-033   4.5400932430585686E-033   1.1672211466430030E-032   1.2302381458541363E-032  -1.5917641424092504E-033  -4.5396736114884518E-031  -1.5457982853556727E-033   2.9215736835149399E-034   4.9933749525984932E-031  -2.5697817838135752E-033  -7.3561674179257989E-031  -1.2390096750549973E-017   2.6596478916344720E-017
  -7.6437252686926593E-018  -5.0757850415974254E-032  -6.0538999707347423E-032  -1.6633374458330788E-031   5.9815107831118778E-032   3.4064842487246071E-032   1.6217775034009771E-031  -3.5898175464639483E-017   3.7339785068773606E-030   5.5516610305416573E-035  -4.8592694921886639E-034   5.1640651513248187E-030  -5.6459821715070614E-033  -3.8068579786463638E-030  -1.4781449458371889E-032  -1.4060144445855956E-032  -5.6575372064650279E-032   3.4390097482732232E-033   3.3283856760413991E-033  -4.1870275506445268E-033  -3.6814824837327464E-033   4.8666867203510705E-035   1.2678111397206238E-033   5.9624849874992014E-033  -4.0921775832725588E-033   2.9634130175214867E-033  -4.8002516379957840E-033   4.6839729326514357E-031  -1.6491357994106360E-033  -3.1875555159435646E-034  -1.5980730197854565E-030   3.1144650120280299E-033   3.0265531100623962E-030  -1.9072886453470751E-017  -4.7184107077127264E-033   1.0368379342167987E-033   2.5747113598764929E-033   1.0921300510447914E-033   1.5593565850873727E-035   2.2979900753612285E-033  -4.2200884061395488E-033   2.6065862791133945E-033   9.2321850814161322E-034   4.2579842516258534E-033   8.5434931363612542E-033   9.5436703418361615E-033   8.1319131939292834E-034  -4.2525310769758981E-031  -7.5587454143561312E-034   3.7751665308071137E-034   5.2730976657361120E-031  -1.7473027520908777E-033  -7.0945596246215654E-031  -1.2252549732451003E-017   1.8516030522051035E-017
   3.1990997129811454E-018   4.0977766851921000E-031   4.7006241048772417E-031  -3.0651906001174048E-034  -5.3850546854921547E-031  -4.0601351563907503E-031   2.6255140431183575E-031   1.6413793794345602E-017  -2.4833902196803087E-031   5.8659648286845494E-032   2.3297971928369984E-033   3.2096415200553128E-031   2.1998483105143383E-032   2.9624558444720330E-030   3.5251927387190345E-031   2.2008103280905218E-031  -3.0675508410747081E-031  -5.4452137227636775E-033  -4.1870275506445268E-033   4.7844616754527946E-032  -2.6020839515806164E-032  -3.1976072192675074E-034  -2.6866322311113382E-032  -9.4610042607755862E-032   4.7197645238768242E-032  -1.8544385217494969E-033   1.7120645928136358E-032   9.5957421685851208E-031  -5.1096180982351327E-032  -2.6007561150888935E-033   1.1786746984146627E-030  -3.6931852001326697E-032   1.1254966503250699E-031   6.8170085311929574E-018  -3.7174944702376857E-032  -2.2209743193127849E-032  -1.6333828102900032E-032  -8.0078124181117243E-033  -1.9514375534361195E-034  -3.2018820039599531E-032   7.3426707176518717E-032  -1.6700809920160811E-032  -2.0700001203993789E-032  -1.0705645246951465E-032  -1.1898709898367676E-031  -1.0490215849471529E-031   9.1510904372206154E-032   1.0897201360507583E-030   3.0050584287980764E-032   3.2503169007888492E-033   1.0678073323462925E-030   3.1282695283458549E-032   9.9067846365783158E-031   5.1522145020970681E-018  -3.0732800683346033E-016
   1.3073957348173363E-017  -1.9289373842321541E-031  -2.1661658286516908E-031   3.3483750091020998E-031   2.6734590153486741E-031   2.2376552480706443E-031  -5.1527032383525468E-031   6.0400554311960970E-017  -7.3329347880025496E-030  -4.2341530672286884E-032  -6.9970271480997387E-034  -1.0619716735301040E-029  -4.4788629538836919E-033   5.5256196972967634E-030  -2.2404709894776352E-031  -1.3015414306616870E-031   3.3465076886119768E-031  -2.9982424288803467E-033  -3.6814824837327464E-033  -2.6020839515806164E-032   2.6138852188864279E-032   1.3229583471531617E-034   1.6790935909275130E-032   5.6116157979441880E-032  -2.5745887799797935E-032  -4.6265211803323746E-033  -2.6686168589349373E-033  -1.6330939679286748E-030   4.0102406553343801E-032   2.5135650418722576E-033   2.3663313137981396E-030   2.0322292612793989E-032  -6.1696018165016018E-030   3.3461643717668898E-017   3.6254846877367534E-032   1.3903257089349523E-032   6.5793391583446755E-033   3.5678694359171858E-033   1.0911665765948049E-034   1.8427855278709579E-032  -4.4371211314893007E-032   6.7794107650404480E-033   1.3044944528482781E-032  -8.5873604014969758E-034   6.8473254833346210E-032   5.6321246277241587E-032  -6.7515807896234575E-032   7.0986203484821497E-032  -2.0113200515343463E-032  -3.0994031863904238E-033  -1.8295277712173833E-030  -1.9005737868403103E-032   7.1402401545415343E-031   2.0939546450845619E-017   1.8400038619514827E-016
  -7.2802311813643887E-020  -2.8427005347543778E-033  -3.2770644445823127E-033  -1.1596600104129922E-033   3.6876098278972452E-033   2.7032752706955944E-033  -4.6176668747577465E-034  -3.5034764811624546E-019   2.7582623238603186E-032  -3.5580581539445879E-034  -1.7540274483761035E-035   3.4112101250511159E-032  -1.7300565527704115E-034  -4.4572223720367351E-032  -2.2437897850695602E-033  -1.4345605211662529E-033   1.4676100376806587E-033   5.7079329693849595E-035   4.8666867203510705E-035  -3.1976072192675074E-034   1.3229583471531617E-034   2.2814975593004984E-036   1.7199107659013167E-034   6.1612819543947773E-034  -3.1516983276892333E-034   3.1954273175874943E-035  -1.3748062013533329E-034  -2.5558785914516032E-033   2.9875051611661316E-034   1.3566433552782076E-035  -1.8316622151357437E-032   2.4600637565748063E-034   2.0451227000947747E-032  -1.7458170742086864E-019   1.9278491460928888E-034   1.4210246348182219E-034   1.1716178195443621E-034   5.6251517525162625E-035   1.2938442241072444E-036   2.1047192458836340E-034  -4.7533132176035230E-034   1.1961275629466989E-034   1.3214158536288450E-034   9.4740717277050083E-035   7.8217409060113274E-034   7.0363173863518889E-034  -5.4999452262656161E-034  -9.5865805601419675E-033  -1.8775168015407286E-034  -1.7100367452164128E-035  -2.8017021027563376E-033  -2.0215653144053077E-034  -1.0969789349395963E-032  -1.1684580160059613E-019   1.9954579489803173E-018
   8.9690429588109941E-019  -2.2465502760855827E-031  -2.5685901590243894E-031   6.1018672196603395E-032   2.9774752740782778E-031   2.2852633437138561E-031  -2.1515165141816862E-031   3.3875388651217847E-018  -1.2183071935524141E-030  -3.4837199710139681E-032  -1.2051013962334154E-033  -2.0792675360290606E-030  -1.0991973345967428E-032  -3.6597612818274142E-031  -2.0382824054688627E-031  -1.2548455932746095E-031   2.0276415875996956E-031   1.9741350944567761E-033   1.2678111397206238E-033  -2.6866322311113382E-032   1.6790935909275130E-032   1.7199107659013167E-034   1.5482555135532834E-032   5.3974135078802954E-032  -2.6517009795924511E-032   1.6813516862231401E-035  -8.4061048006693334E-033  -7.4086324509609815E-031   3.0930841172066786E-032   1.6602400354148685E-033  -1.1509464665822524E-031   2.0781442079171088E-032  -1.1737677758158748E-030   2.9297554371742884E-018   2.3790609982019542E-032   1.2803164141001927E-032   8.7530899996186299E-033   4.3535156668621152E-033   1.1012241728295938E-034   1.8163983728196003E-032  -4.2038244631173803E-032   8.9592503953026964E-033   1.1948627099697731E-032   4.7968750398210071E-033   6.7498906148591782E-032   5.8773103475151740E-032  -5.4612880776288011E-032  -4.9125659126323713E-031  -1.7559785875146336E-032  -2.0672727966584432E-033  -8.2665131340811854E-031  -1.7928478116098142E-032  -3.2852382734110548E-031   1.4233333417824421E-018   1.7563945292764949E-016
  -5.6541673543159385E-019  -7.9865852829166503E-031  -9.1434363674968625E-031   1.3074891285175626E-031   1.0549379077852833E-030   8.0401626145069256E-031  -6.6402575265041913E-031  -5.4981494545228118E-018  -2.4129890684598679E-030  -1.2005548124363399E-031  -4.3864055752450324E-033  -4.6964765751326189E-030  -4.0589985242536614E-032  -3.0828221978295332E-030  -7.0965741269708668E-031  -4.3926566318003280E-031   6.7185021742218437E-031   8.4500735177833509E-033   5.9624849874992014E-033  -9.4610042607755862E-032   5.6116157979441880E-032   6.1612819543947773E-034   5.3974135078802954E-032   1.8889871904210933E-031  -9.3360601044883231E-032   1.4757458285861478E-033  -3.1272004650239008E-032  -2.3296215629125681E-030   1.0582802573281077E-031   5.5702595863057695E-033  -1.1612940163741598E-030   7.3122624436561141E-032  -2.5979186582435610E-030   9.7364484639947523E-019   7.9747576552846088E-032   4.4627906742392177E-032   3.1403276003729069E-032   1.5528854956998642E-032   3.8704678408624567E-034   6.3709752205595671E-032  -1.4692269870856489E-031   3.2129150292148433E-032   4.1628002225986677E-032   1.8571736756562066E-032   2.3675274774974018E-031   2.0715386949693176E-031  -1.8785874492056304E-031  -1.8967908295293153E-030  -6.0889316331947687E-032  -6.9451674865364573E-033  -2.5971430479379936E-030  -6.2634510199870618E-032  -1.4718309645110252E-030  -9.5585015660489513E-019   6.1427884800358435E-016
   3.0607927410280553E-018   4.0404423034231099E-031   4.6345562710318805E-031  -2.4496703699287317E-033  -5.3105982942538273E-031  -4.0054219046983982E-031   2.6139097056118962E-031   1.5747026275856080E-017  -1.9706514955750103E-031   5.7933409093186192E-032   2.2946524487018606E-033   3.8364159738345958E-031   2.1652985454995967E-032   2.8766058447231762E-030   3.4795979082159406E-031   2.1717213720195588E-031  -3.0368378326505361E-031  -5.3333434600141588E-033  -4.0921775832725588E-033   4.7197645238768242E-032  -2.5745887799797935E-032  -3.1516983276892333E-034  -2.6517009795924511E-032  -9.3360601044883231E-032   4.6559915769202727E-032  -1.7932066816911726E-033   1.6846514464732160E-032   9.5372826026383276E-031  -5.0484243742961424E-032  -2.5726398636864212E-033   1.1434405492090768E-030  -3.6433963996998454E-032   1.5022004437503808E-031   6.4863439320144734E-018  -3.6775146812985218E-032  -2.1921119893947546E-032  -1.6098173617754917E-032  -7.8944767575775727E-033  -1.9252410917397062E-034  -3.1592356766922763E-032   7.2462275859275391E-032  -1.6460196087265906E-032  -2.0431554337097107E-032  -1.0518012745116898E-032  -1.1740224374848352E-031  -1.0347894497603500E-031   9.0387326654311207E-032   1.0707265333776805E-030   2.9668417746044152E-032   3.2149092471691074E-033   1.0613804789253821E-030   3.0872462625736757E-032   9.6924391863037353E-031   4.9302146976052533E-018  -3.0328036490893760E-016
  -7.0878911009227246E-018  -2.9970849721201125E-032  -3.6568256332053738E-032  -1.5731497522740385E-031   3.2872090161430776E-032   1.4349933264080657E-032   1.6492377395828587E-031  -3.3226604240517292E-017   3.5202887320796602E-030   2.6336023409813278E-033  -3.5702604955812964E-034   4.8977688738509010E-030  -4.3714322844170775E-033  -3.4697860514843784E-030   1.5325169454520903E-033  -3.6128002542405335E-033  -6.7000836122506049E-032   3.0126681614303288E-033   2.9634130175214867E-033  -1.8544385217494969E-033  -4.6265211803323746E-033   3.1954273175874943E-035   1.6813516862231401E-035   1.4757458285861478E-033  -1.7932066816911726E-033   2.7208960420081258E-033  -3.7862577631482100E-033   4.8518488560289090E-031  -3.8078824617416741E-033  -4.1588311742469755E-034  -1.4594312321522527E-030   1.3202940479310090E-033   2.8671575249324154E-030  -1.7737233198258513E-017  -6.0979371727362402E-033   3.2781245201262279E-036   1.7161897964901211E-033   6.8047109096773013E-034   6.1602262574418593E-036   7.6433510185477184E-034  -7.6005904027150629E-034   1.7301861689488572E-033  -3.7740938191604623E-035   3.5557049126283414E-033   2.8439780387554864E-033   4.4095992108191315E-033   4.7956315478669645E-033  -3.5421191395680059E-031   6.0743554082251384E-034   5.0003488771903579E-034   5.4566069029032344E-031  -2.7594164824897125E-034  -6.2733994426511396E-031  -1.1360507557668890E-017   3.9877430609857501E-018
   9.3538138591992241E-018   1.6324122102555966E-031   1.8983605436620645E-031   1.8534750895954120E-031  -2.0684341174308108E-031  -1.4365228028235936E-031  -1.1245740045028872E-031   4.4291126338837597E-017  -4.2272416523590090E-030   1.5206031915869562E-032   1.1481059188129034E-033  -5.6733106414920910E-030   1.2019848376866316E-032   5.0149167739236323E-030   1.0823186525338820E-031   7.2956762817088218E-032  -1.6772459632745178E-032  -5.2510547510004306E-033  -4.8002516379957840E-033   1.7120645928136358E-032  -2.6686168589349373E-033  -1.3748062013533329E-034  -8.4061048006693334E-033  -3.1272004650239008E-032   1.6846514464732160E-032  -3.7862577631482100E-033   9.8074334876422555E-033  -2.7240710308772303E-031  -1.1460862544506529E-032  -3.2157858940178351E-034   2.0883019406202957E-030  -1.3084591138542375E-032  -3.3446784581472003E-030   2.3036603523773513E-017  -4.4158472809793420E-033  -6.9366045851399914E-033  -7.1216293925591245E-033  -3.3017680657449967E-033  -6.8175537036916639E-035  -1.0895629621356034E-032   2.3816003142994892E-032  -7.2526812045516721E-033  -6.4169873831009771E-033  -7.5332238489189556E-033  -4.0494143460582605E-032  -3.7943106134117363E-032   2.2911901539603859E-032   7.5770028874749425E-031   8.6642017680816558E-033   4.2513981668442590E-034  -3.0991127944031644E-031   1.0090130185595296E-032   1.0487484044488255E-030   1.5000044222621549E-017  -1.0063276721924823E-016
