   8.7449107256248586E-003  -2.6396352433082530E-017   1.2444099841291739E-016   3.6132957056836690E-017   7.6100714227405731E-018   3.1334137738449687E-018  -1.0483719594743826E-017  -3.4263465183650584E-017  -1.6219243039783365E-017  -3.0401909997990044E-017   3.6309745060186534E-002   4.5852011017279474E-018  -2.5557609820798606E-016   3.7005029976044534E-016  -2.6456541269444323E-016  -9.8172764587678067E-018   1.2170865405299467E-017  -4.3932742420386079E-017  -1.3473369920089099E-018  -8.7023470256462413E-017  -1.4187576928807726E-017   3.6837658581578411E-018  -9.4306420576838706E-018   3.5276907619891117E-017  -3.6950253969294209E-017  -1.5799402276955864E-017   3.6765577603330644E-018  -3.1491763289033873E-017   5.0272623523298593E-018  -2.7703074233622022E-017   6.1788874525290387E-016   4.1449718252757818E-002  -8.7053811154076572E-018  -1.6634117721474838E-016  -1.2178716905199381E-015  -5.2262000837374293E-016  -3.0087592147306772E-018   3.9795243912687067E-018  -2.0198628939786874E-016   5.4002974173068365E-019  -1.7600565991189170E-016  -1.2611610865671935E-017   8.5035573747096643E-018  -3.6750138242053627E-018  -3.5432743636147236E-018   7.9511015966246657E-017  -7.3693828454518573E-018   1.3614406836866102E-018  -1.2424971986955081E-018  -7.4765122798767317E-018   1.0048091546006554E-018  -8.0485417483520965E-018   3.1145912876437760E-002  -2.2693494964599430E-017  -1.4136725779789897E-016
  -2.6396352433082530E-017   8.7449107256258787E-003  -4.2092137643499913E-017  -1.2018142652619315E-016   8.7195737701731265E-018   1.0042700827836251E-017   1.2950132043188044E-017   4.8649414233373953E-017  -7.9086580640607011E-019   3.5681230794696758E-017  -5.5138880250938804E-017   3.6309745060186367E-002  -1.8175548278888049E-016  -5.0430493591875073E-016  -7.7438049220508091E-018   4.5879357121300908E-016  -1.7008080694494774E-017  -1.3021965107940682E-018  -1.2450042896670265E-018  -6.8308178895124131E-018   1.0324653731699609E-015  -1.8890163314310013E-017   4.5633877491589654E-016  -3.1563898494315928E-017   3.6164361090618600E-017  -4.5104593468848868E-018  -1.1503887870423468E-017   2.6380411904241049E-017  -1.3681473200281306E-018   3.0525042996322931E-017  -8.9044953630914306E-016  -9.7813247166558147E-017   4.1449718252758568E-002  -1.6847485320888014E-016   1.2790822723718159E-016   2.2765372232018952E-018   1.8360808709774976E-016  -9.5014803899461131E-018  -2.4091585384649164E-018   4.6858503418714321E-019   2.9336494272587061E-018   4.9625233605754742E-016  -1.3335941168218906E-017   2.2416273174074113E-016  -2.7763083860482293E-017  -1.9813922053619336E-016   1.9060896771011311E-017   3.7856326136292247E-019   2.7196944806472147E-019   1.6996222450090950E-017   8.6656407684883993E-019   1.4488675587883894E-017  -6.6717185365195653E-017   3.1145912876440023E-002  -1.8085254566710753E-016
   1.2444099841291739E-016  -4.2092137643499913E-017   8.7449107256266315E-003  -6.1981755214792911E-017  -2.0223140385955705E-017  -4.5260765456848726E-017   6.1081773853416373E-017   1.3131868583856243E-017   1.3103727896252074E-017   8.9975023225523442E-018   6.5893996395406295E-016   6.6734761298848136E-017   3.6309745060187741E-002   1.7725593305900351E-016  -8.1139790907429807E-018  -2.0006100573711179E-017   4.7208079106967678E-016   4.6853472392188287E-018  -3.2780517549576645E-018   5.4517849160056593E-018  -3.1682441033756058E-017   5.4100248812325727E-016  -1.3578715439849888E-017   1.1965312607109060E-015  -1.3466014618235909E-017   2.2315861307014186E-017  -2.4474644594776783E-017  -4.4863584784265221E-017  -1.3026089578957307E-018  -5.3243195420850490E-017   4.5633288687457524E-017   7.5164179080041801E-016   7.4200086179483058E-018   4.1449718252760052E-002   1.4158506569208720E-015   1.4571824627481056E-017  -9.1405293370649773E-018   2.3979907036360280E-016   2.5006752373140964E-020  -3.0803632131913819E-019   1.8875037713480709E-018  -2.3146747773293380E-017   2.6655738645355704E-016  -9.7299930205544937E-018   6.0726383334732687E-016   4.1998451939881806E-017  -7.0272956980723493E-018   3.6452239355696997E-019  -1.2135467287528734E-018  -3.9397866688769445E-018  -2.4942271828258781E-018  -2.8915747168275405E-019   5.4226879876630739E-016  -7.7469633355886013E-018   3.1145912876441258E-002
   3.6132957056836690E-017  -1.2018142652619315E-016  -6.1981755214792911E-017   4.2614729499343280E-005   1.4827872002994102E-016   8.2258738676507911E-019  -5.7832949075994387E-018   1.4456302212380747E-016   3.2249219898838992E-019   1.3905562419406727E-016   1.2303369880152773E-016  -4.5878261384336026E-016  -2.5330247984880080E-016   3.1403443229876980E-003   3.8396952591680506E-018   1.0892367207090050E-018   2.9924000387300601E-019  -2.9728415111398571E-018  -6.6350202480982912E-019   2.7793619654295711E-018   1.8086322861046759E-018  -8.1762332607763255E-019  -1.9561297078768569E-018   2.5518679106135273E-018   3.1439295209786447E-016   5.8351952475376373E-019  -5.8641513866345457E-019   3.0724634710372591E-016   1.0004851489489898E-018   3.1071801519715168E-016   5.4730874329531765E-003   1.4299417376658358E-016  -5.4937971082064738E-016  -2.9163470247454465E-016  -1.5790713492238320E-003   2.6066530978389348E-018  -1.2421855182460544E-018  -2.9179981702040208E-019   1.7017192680465982E-018   1.3499894210074809E-019  -3.7650496108001627E-018   1.4051605753413963E-018   7.4036526256819650E-019  -4.9330460744446288E-020  -1.1041263264668237E-018   1.4677629378283621E-003   1.1859778448293833E-016  -1.3220976755697072E-020   1.5217688674122576E-018   1.2737044302963621E-016  -2.4995739434438190E-019   1.2324376866260426E-016   1.1188565929252644E-016  -4.0167259842930324E-016  -2.1610747087586101E-016
   7.6100714227405731E-018   8.7195737701731265E-018  -2.0223140385955705E-017   1.4827872002994102E-016   7.8162933209159047E-028  -1.4371205944969591E-030  -2.2401081466806175E-029   6.9799185690672216E-028  -9.2935538953267516E-030   6.6734278636351991E-028   3.1597778630194281E-017   3.6204543483972002E-017  -8.3968504055656863E-017   1.2431609180799938E-014   1.3454091233731236E-030   1.8974846625554558E-029  -3.8610211989620586E-030   1.4154891629174546E-029  -7.3374209330602128E-030  -2.4477878717023047E-030  -1.7255177763721374E-030   2.0505968954630044E-031   1.8503955194555053E-029  -9.6242437154136285E-030   1.3044377859531425E-027  -3.1647301328964730E-031   1.5755210903197947E-029   1.3429282812086968E-027   2.1293536549031366E-030   1.3886871215624065E-027   2.1514326537143906E-014   3.6070730308502723E-017   4.1329624440810571E-017  -9.5855006126912609E-017   1.6700506561738909E-014  -1.9028483541795899E-029   7.3765451290925325E-030  -3.1376264678248221E-030  -6.3780076140757735E-030   2.7396515005023301E-030   2.1719740503677240E-029   1.5425928916223501E-029  -3.0673121335555606E-030   3.6070308555790854E-030   7.4588131091399338E-031   6.7120646448397804E-015   4.4950238238186240E-028  -1.2836726965358448E-030  -1.2794569627942659E-029   4.7417238325838169E-028   7.6117953959437307E-030   4.4332209633154695E-028   2.7104064175443611E-017   3.1055672663462083E-017  -7.2026826609438655E-017
   3.1334137738449687E-018   1.0042700827836251E-017  -4.5260765456848726E-017   8.2258738676507911E-019  -1.4371205944969591E-030   3.3622809995487679E-031  -3.8106608136022603E-031  -4.7614701051625816E-031   1.0411937031832569E-031  -3.8358392500144455E-031   1.3010247773368893E-017   4.1698299527049805E-017  -1.8792723065212950E-016   3.5597942043510836E-017   2.0855487093982607E-031   4.0368192021664013E-031  -2.3894756111325753E-030  -5.0706454454067364E-031   8.5947478657115489E-032   1.8632705973590226E-031   1.5309557299031498E-030  -2.9079823210372935E-030   1.4030690438661510E-031  -5.9055547457306579E-030   2.6671471245939763E-030  -7.7216322068870833E-032  -1.9163389263893068E-031   1.6300732653613996E-030   4.8862319435766771E-032   1.1870208895372401E-030   6.4566213144318302E-017   1.4851966151533036E-017   4.7601071396959065E-017  -2.1453003180386356E-016  -3.9952611688521197E-016   2.4937042979016233E-031   4.1940258710951499E-032  -1.2302710385472075E-030   1.5911832171916557E-031  -3.2783836473325872E-032  -7.2368599584394859E-031   5.4604060583052942E-031  -1.2941015877405570E-030   2.4672739184346955E-031  -3.2976065855524635E-030   1.6456745283530543E-018   1.7328355839164188E-030   1.9372008549595978E-032   3.3634009489818495E-031   1.9809769619954514E-030  -1.3146199979254537E-031   2.1533621395353195E-030   1.1159980412381076E-017   3.5768127867943762E-017  -1.6120094325365753E-016
  -1.0483719594743826E-017   1.2950132043188044E-017   6.1081773853416373E-017  -5.7832949075994387E-018  -2.2401081466806175E-029  -3.8106608136022603E-031   1.2604990135995450E-030  -2.0985307352243716E-029   1.4960376462298559E-031  -2.0198045170511025E-029  -4.3529453611476692E-017   5.3770245087347408E-017   2.5361764185221853E-016  -4.3830544612649337E-016  -1.7700715729339632E-031   2.8525029239387398E-031   3.2476745689110241E-030   2.8908638636433112E-031   1.0748474622862141E-031  -1.4800959565454215E-031   1.1526183275458374E-030   3.8225986518386100E-030   6.5760400731527682E-031   8.0490291617970179E-030  -4.4358862417908428E-029   1.0729281280973985E-031  -2.5582636198100402E-031  -4.4139339511599514E-029  -1.4198617526887801E-031  -4.4938601105271837E-029  -7.6266829918900320E-016  -4.9691441922863179E-017   6.1381910160979258E-017   2.8951951552615781E-016   3.5442657382366034E-017   6.0044628271985578E-031   2.8759283363480340E-031   1.7083016495876713E-030   1.0548831920265936E-031  -3.8704518008323311E-032   4.5764868044442292E-031   3.1705744084446327E-031   1.7719026395489794E-030   2.4660202942186155E-031   4.3060810664602900E-030  -2.1212517691756606E-016  -1.6403699506801429E-029   1.3248231190801291E-032  -6.7316333743428167E-032  -1.7528506759491648E-029  -5.1707929257584802E-032  -1.6813197379853566E-029  -3.7338862266720107E-017   4.6123247796407736E-017   2.1754911701979413E-016
  -3.4263465183650584E-017   4.8649414233373953E-017   1.3131868583856243E-017   1.4456302212380747E-016   6.9799185690672216E-028  -4.7614701051625816E-031  -2.0985307352243716E-029   6.3397134097010618E-028  -6.4399702715038879E-030   6.0676330326560289E-028  -1.4226533863312034E-016   2.0199723971633144E-016   5.4524833403498124E-017   1.1757663788930358E-014   5.3477950896865631E-030   1.7039248286729364E-029  -1.2108479586509706E-030   8.1083424595098519E-030  -5.9527060049979646E-030   9.1340598041022688E-031   5.2004270680985548E-030   1.0880745264177385E-030   1.4148298042638444E-029  -1.4115880149374305E-030   1.2213492406005567E-027   3.7831019451317157E-031   1.0923564857492637E-029   1.2434425888889314E-027   2.3679113614768901E-030   1.2799188690282586E-027   2.0380135851736125E-014  -1.6240428550792614E-016   2.3059177805287932E-016   6.2243317285996207E-017   1.0936212770924251E-014  -9.3448051210879313E-030   5.2454893140507618E-030  -1.8446849540667206E-030  -2.3469648404672102E-030   2.1230904542063984E-030   1.3611015709272698E-029   1.4882465742303085E-029  -8.8157957295528224E-031   3.6751177209141637E-030   1.4470290192772903E-030   6.1573029004459119E-015   4.2946855750278888E-028  -9.5661279744269416E-031  -8.1138558545954666E-030   4.5493087322834140E-028   5.3698462451386371E-030   4.2882791045274289E-028  -1.2203290976179919E-016   1.7326996978517378E-016   4.6770521466688552E-017
  -1.6219243039783365E-017  -7.9086580640607011E-019   1.3103727896252074E-017   3.2249219898838992E-019  -9.2935538953267516E-030   1.0411937031832569E-031   1.4960376462298559E-031  -6.4399702715038879E-030   4.5710449102530100E-031  -6.0454064706488049E-030  -6.7343921318496297E-017  -3.2837540265857268E-018   5.4407990450575345E-017  -3.4981303343013264E-017   9.6880844466757604E-031  -6.1852007854147121E-031   8.3713280350719343E-031  -8.9231106967226098E-031   1.8920869414247488E-031   6.6063411601946337E-031   2.5478269471508490E-031   6.3081846767368601E-031  -1.0284052883743384E-030   2.3640087884862231E-030  -5.7925850611768538E-030   1.5646229046159111E-031  -7.3976693852196721E-031  -8.3738573785368466E-030   4.9432133541199762E-032  -9.6813692972544808E-030  -5.5037705120605933E-017  -7.6877063170249742E-017  -3.7485991429521316E-018   6.2109934155055632E-017  -8.7846582775848400E-016   2.0886735481171297E-030  -4.8298432337668255E-031   4.1156714433037535E-031   8.6097447355142426E-031  -8.9039932072039888E-032  -1.0649527402425907E-030  -4.3592301093288112E-031   5.8648734964596388E-031  -1.6645395813874851E-031   6.7553792824314571E-031  -5.1551967772037436E-017  -5.3820487063274479E-031   4.6235056495052767E-032   7.1829488234780274E-031  -2.3859611984595490E-031  -3.3840692303625694E-031   3.8033200874086440E-031  -5.7766528039973228E-017  -2.8167511683214927E-018   4.6670295468803413E-017
  -3.0401909997990044E-017   3.5681230794696758E-017   8.9975023225523442E-018   1.3905562419406727E-016   6.6734278636351991E-028  -3.8358392500144455E-031  -2.0198045170511025E-029   6.0676330326560289E-028  -6.0454064706488049E-030   5.8078657704413709E-028  -1.2623177480080708E-016   1.4815204342721419E-016   3.7358530665444576E-017   1.1286749924820290E-014   5.2601118960327596E-030   1.5588048078092567E-029  -1.2776179574614106E-030   7.4113305274417301E-030  -5.6464857417175509E-030   1.0432378530102762E-030   3.8381967664189805E-030   7.8095123573831483E-031   1.2652875771129709E-029  -1.5642655955425544E-030   1.1715537436914301E-027   3.9051809562726728E-031   1.0262198848829461E-029   1.1918657734385825E-027   2.3021918254408282E-030   1.2264377255163093E-027   1.9565979376199701E-014  -1.4410102553363263E-016   1.6912430666885143E-016   4.2646968957069040E-017   1.0180563780375375E-014  -8.7287548676081021E-030   4.6395935448915913E-030  -1.8369661573684928E-030  -2.1284039937350949E-030   2.0072512259228076E-030   1.2502297417690575E-029   1.3537952754413627E-029  -8.6263635827067436E-031   3.1991572468131259E-030   1.0818003427880179E-030   5.8982142383440035E-015   4.1252143540295557E-028  -9.0148789326175836E-031  -7.5286101329762061E-030   4.3710431036165935E-028   5.0360653522190456E-030   4.1224901337431940E-028  -1.0827957766342559E-016   1.2708243005842012E-016   3.2045544229758263E-017
   3.6309745060186534E-002  -5.5138880250938804E-017   6.5893996395406295E-016   1.2303369880152773E-016   3.1597778630194281E-017   1.3010247773368893E-017  -4.3529453611476692E-017  -1.4226533863312034E-016  -6.7343921318496297E-017  -1.2623177480080708E-016  0.15076169759772312        2.4516775735212566E-016  -4.7054374285870853E-016  -1.8814475693501586E-016  -1.0985020874517738E-015  -4.0762314972371599E-017   5.0534651970017586E-017  -1.8241314601470943E-016  -5.5942781150016907E-018  -3.6133016315488217E-016  -5.8908240171880738E-017   1.5295364740462814E-017  -3.9156970220966412E-017   1.4647325311586908E-016  -1.5342115472994375E-016  -6.5600700427803478E-017   1.5265435996458575E-017  -1.3075695480472072E-016   2.0873696723841608E-017  -1.1502593844211228E-016  -4.6690613018249936E-016  0.17210338101726663        2.2199462998114434E-016  -1.6418886649577709E-017  -1.5365634527359785E-016  -2.1699706106544938E-015  -1.2492669560845461E-017   1.6523383787599363E-017  -8.3866730076488601E-016   2.2422575669874696E-018  -7.3079312540311415E-016  -5.2364671258330598E-017   3.5307621777732912E-017  -1.5259025419039557E-017  -1.4712029986086805E-017  -3.1738455728082152E-016  -3.0598415554522380E-017   5.6528380552098653E-018  -5.1589727943669323E-018  -3.1043227694349966E-017   4.1720682328747850E-018  -3.3418351331277951E-017  0.12932094925753845        9.9744905802771714E-017  -8.0332604717597265E-017
   4.5852011017279474E-018   3.6309745060186367E-002   6.6734761298848136E-017  -4.5878261384336026E-016   3.6204543483972002E-017   4.1698299527049805E-017   5.3770245087347408E-017   2.0199723971633144E-016  -3.2837540265857268E-018   1.4815204342721419E-016   2.4516775735212566E-016  0.15076169759770414        2.4808747992131592E-016   6.6360759802451784E-016  -3.2153053511629032E-017   1.9049568518956527E-015  -7.0619254256121768E-017  -5.4068503165732091E-018  -5.1693824871394684E-018  -2.8362239924750734E-017   4.2868996219041899E-015  -7.8433849767937160E-017   1.8947642918433601E-015  -1.3105646740056951E-016   1.5015804879737508E-016  -1.8727878891867409E-017  -4.7765294453155520E-017   1.0953411199739101E-016  -5.6806846809099999E-018   1.2674303534077148E-016   1.1295195735230531E-015   1.3509497882347612E-016  0.17210338101724887        4.4517849422022652E-016  -4.0058464818193121E-015   9.4524105263027528E-018   7.6235916439622833E-016  -3.9451098070364121E-017  -1.0003067508155270E-017   1.9456119866946434E-018   1.2180806201656101E-017   2.0604893947024087E-015  -5.5372163209926724E-017   9.3074611015182367E-016  -1.1527510442211044E-016   3.4238325808259903E-016   7.9142752177764360E-017   1.5718325710247040E-018   1.1292443837631864E-018   7.0570017637985962E-017   3.5980608259934466E-018   6.0158431956909091E-017   1.2966803873042807E-016  0.12932094925753215        1.0922828668023738E-016
  -2.5557609820798606E-016  -1.8175548278888049E-016   3.6309745060187741E-002  -2.5330247984880080E-016  -8.3968504055656863E-017  -1.8792723065212950E-016   2.5361764185221853E-016   5.4524833403498124E-017   5.4407990450575345E-017   3.7358530665444576E-017  -4.7054374285870853E-016   2.4808747992131592E-016  0.15076169759770255        5.0587953083724848E-016  -3.3690053729761368E-017  -8.3067333020476977E-017   1.9601267193409161E-015   1.9454030934347322E-017  -1.3610799155193078E-017   2.2636356920506399E-017  -1.3154866789536580E-016   2.2462965074209034E-015  -5.6380186297502622E-017   4.9681176167575872E-015  -5.5912241200178500E-017   9.2657690887764953E-017  -1.0162117528208676E-016  -1.8627809672540963E-016  -5.4085628382353209E-018  -2.2107107923425613E-016  -1.5820231911267253E-016  -5.3954982300562581E-016  -2.2971533529544067E-018  0.17210338101724676       -2.0698110722435131E-015   6.0503675095914653E-017  -3.7952393152675594E-017   9.9566975395835425E-016   1.0383054008611300E-019  -1.2789976532987189E-018   7.8371046758634207E-018  -9.6107614701869935E-017   1.1067729619784161E-015  -4.0399905396225006E-017   2.5214202482934732E-015  -2.4997642406791205E-016  -2.9178035461452479E-017   1.5135334818226305E-018  -5.0387675440135923E-018  -1.6358388784830165E-017  -1.0356281038436259E-017  -1.2006107790463269E-018  -4.9895322790961638E-016  -5.7040892733998009E-017  0.12932094925753104     
   3.7005029976044534E-016  -5.0430493591875073E-016   1.7725593305900351E-016   3.1403443229876980E-003   1.2431609180799938E-014   3.5597942043510836E-017  -4.3830544612649337E-016   1.1757663788930358E-014  -3.4981303343013264E-017   1.1286749924820290E-014  -1.8814475693501586E-016   6.6360759802451784E-016   5.0587953083724848E-016  0.23994066618556120        2.1613318300420606E-016   1.6348087523440300E-016   5.0184187687951125E-019  -8.0007140784340167E-017  -7.7410449752892763E-017   1.3670523690552532E-016   8.1680064280434243E-017  -3.5798672172481582E-017  -3.4819907131899736E-018   9.8912057506166884E-017   2.4360340343628815E-014   3.0101850086111241E-017   5.7320595055985166E-017   2.4192217014581201E-014   6.6035229180013299E-017   2.4638681888214257E-014  0.41731563037132124        2.2117249394692164E-016  -8.3178147276829772E-016   7.2173637439659934E-016   9.3647912702338205E-003   3.5671888452177097E-017  -2.6409858243831463E-017  -3.0350078893958525E-017   5.6740033033938019E-017   2.2797497526202927E-017  -7.9327641782373067E-017   1.6019198864787550E-016   2.6115300006361887E-017   1.6394582206475859E-017  -4.7246951490221036E-017  0.11725339031637701        8.9481736745433290E-015  -7.9894580093341638E-018   9.6568756991115511E-018   9.5615318208030283E-015   2.9583588981515483E-017   9.1640755303063530E-015   2.2713812719074993E-016   1.0292991166340160E-016   4.2347593676187278E-016
  -2.6456541269444323E-016  -7.7438049220508091E-018  -8.1139790907429807E-018   3.8396952591680506E-018   1.3454091233731236E-030   2.0855487093982607E-031  -1.7700715729339632E-031   5.3477950896865631E-030   9.6880844466757604E-031   5.2601118960327596E-030  -1.0985020874517738E-015  -3.2153053511629032E-017  -3.3690053729761368E-017   2.1613318300420606E-016   8.8882272394478338E-030  -6.4487554562504399E-031  -5.9528101116241242E-031  -3.2082532327806538E-032   2.0866232704867164E-031   3.4181177268129504E-030   1.1181877033816640E-031  -8.6205107536125553E-031  -1.3851520632456412E-030  -1.2208084979194168E-030   2.0079822415722251E-029   6.1496777252172423E-031  -9.1927066249020919E-031   1.6498070010149695E-029   7.7213394619472918E-034   1.5205972592886436E-029   3.8342704403803273E-016  -1.2540050047024069E-015  -3.6704609377287764E-017  -3.8459185893605849E-017  -1.1278806419099955E-015   1.7256653010238416E-029  -6.8555643021500638E-031  -2.9141938820015677E-031   6.8045110681431000E-030  -1.0502960892366488E-031   3.4281037102251627E-030  -3.5384431409414068E-031  -2.0310092956998338E-031  -2.3975094611996814E-031  -7.9860646225827239E-031   6.0978361273019214E-017   9.2639256489626498E-030   1.1939517751374968E-032   9.7897772253508871E-031   1.0316140763904122E-029  -4.2767707351072363E-031   1.0692278527096369E-029  -9.4227734878461707E-016  -2.7580370000526926E-017  -2.8898783963656957E-017
  -9.8172764587678067E-018   4.5879357121300908E-016  -2.0006100573711179E-017   1.0892367207090050E-018   1.8974846625554558E-029   4.0368192021664013E-031   2.8525029239387398E-031   1.7039248286729364E-029  -6.1852007854147121E-031   1.5588048078092567E-029  -4.0762314972371599E-017   1.9049568518956527E-015  -8.3067333020476977E-017   1.6348087523440300E-016  -6.4487554562504399E-031   2.4967164693599983E-029  -2.1887016709009272E-030   1.2519078180372004E-030  -3.5164809661426474E-031  -8.6702422432342874E-031   5.3798223731288366E-029  -2.0150420156400247E-030   2.5306291886190685E-029  -5.2379077907667573E-030   2.1644639948696367E-029  -3.8095884038669252E-031   4.1478654637861465E-031   2.4514372967477939E-029  -1.2396219101893033E-031   2.6696489629207988E-029   2.7652139675122171E-016  -4.6532589753365526E-017   2.1746207433804422E-015  -9.4826266171778437E-017   1.1870484832433380E-015  -7.8755690275442834E-031   1.0261174037752752E-029  -1.1453772407459592E-030  -5.2650469087652503E-031   1.5357145362197897E-031   2.1851077580383322E-030   2.6691417268172534E-029  -1.5777685468132638E-030   1.1981150821436926E-029  -2.5370013307958012E-030   1.2627252957236831E-016   6.0913999467013298E-030  -5.1323942934914822E-032  -9.4315374111950047E-031   5.8771106530137760E-030   5.1227779929303429E-031   4.7209993466149699E-030  -3.4965255433961877E-017   1.6340412207293800E-015  -7.1253816650201922E-017
   1.2170865405299467E-017  -1.7008080694494774E-017   4.7208079106967678E-016   2.9924000387300601E-019  -3.8610211989620586E-030  -2.3894756111325753E-030   3.2476745689110241E-030  -1.2108479586509706E-030   8.3713280350719343E-031  -1.2776179574614106E-030   5.0534651970017586E-017  -7.0619254256121768E-017   1.9601267193409161E-015   5.0184187687951125E-019  -5.9528101116241242E-031  -2.1887016709009272E-030   2.5591167971281177E-029  -1.7813333575000051E-031  -1.0898124233735671E-031   3.7818392643624411E-031  -3.5949745714411050E-030   2.9179505989851858E-029  -2.0030546995266686E-030   6.4946692909449285E-029  -1.6552003354458919E-030   1.2281783040227165E-030  -1.5520183062934700E-030  -4.2800980066265698E-030  -3.4189745679303902E-032  -5.1928132758811889E-030   3.0494490867842241E-018   5.7688289540075881E-017  -8.0616049142849983E-017   2.2376004051174612E-015  -3.2894822569096911E-016   4.6859154296321007E-031  -1.0281035267944922E-030   1.2989525733300482E-029  -8.9544997532518811E-032  -4.8325261030791731E-032  -6.7609445745405324E-031  -2.3655973280123519E-030   1.4504577396468479E-029  -1.0173350046598702E-030   3.2737278130314089E-029  -1.2678460616496497E-017  -1.2106714172907112E-031   3.8479231586658098E-032   2.0201118515074622E-031   1.9478809131745629E-031  -2.5804819568648492E-031   6.0298031304996356E-031   4.3347808278198660E-017  -6.0576055734200978E-017   1.6813650419792055E-015
  -4.3932742420386079E-017  -1.3021965107940682E-018   4.6853472392188287E-018  -2.9728415111398571E-018   1.4154891629174546E-029  -5.0706454454067364E-031   2.8908638636433112E-031   8.1083424595098519E-030  -8.9231106967226098E-031   7.4113305274417301E-030  -1.8241314601470943E-016  -5.4068503165732091E-018   1.9454030934347322E-017  -8.0007140784340167E-017  -3.2082532327806538E-032   1.2519078180372004E-030  -1.7813333575000051E-031   2.6996402827278629E-030  -4.1374873705001356E-031  -8.6396902101623492E-031  -1.0674723748077670E-030   7.3015297426167684E-031   2.4035873845028171E-030  -1.1637539812416960E-030  -2.3080385163728185E-030  -1.5914390454375568E-031   1.6512397470102050E-030   3.9969318160308256E-030  -2.2103926588428433E-031   6.8407378887539763E-030  -1.5347366284315342E-016  -2.0823537855679712E-016  -6.1722389370971578E-018   2.2207925166445176E-017   2.1614031507135450E-015  -1.0073712565826635E-031   1.1320960982872587E-030  -1.4077471976714993E-032  -2.2381365036807433E-031   1.9726727293179556E-031   4.3798137453978137E-030   8.0316472492217187E-031  -4.1361494736007774E-031   3.1009383908688579E-031   9.8094531909037164E-031   4.5937084029783906E-017  -4.8410639046889460E-030  -1.2022985864624752E-031  -1.7726264682198353E-030  -5.9907758245171649E-030   7.9408969491534009E-031  -7.2207685512743131E-030  -1.5647105050926887E-016  -4.6379088758871556E-018   1.6687353534769423E-017
  -1.3473369920089099E-018  -1.2450042896670265E-018  -3.2780517549576645E-018  -6.6350202480982912E-019  -7.3374209330602128E-030   8.5947478657115489E-032   1.0748474622862141E-031  -5.9527060049979646E-030   1.8920869414247488E-031  -5.6464857417175509E-030  -5.5942781150016907E-018  -5.1693824871394684E-018  -1.3610799155193078E-017  -7.7410449752892763E-017   2.0866232704867164E-031  -3.5164809661426474E-031  -1.0898124233735671E-031  -4.1374873705001356E-031   1.0734183502986692E-031   1.9691910053913382E-031   1.1536905192631283E-032  -2.6975021685739384E-031  -4.9856176361583715E-031  -1.9098976823303983E-031  -8.8779855382128223E-030   2.8777032984301866E-032  -3.1695278424859028E-031  -9.9537924490084457E-030   1.0064223978726040E-032  -1.0643621683845981E-029  -1.3203540072821470E-016  -6.3861988375312859E-018  -5.9011553861787590E-018  -1.5537531019359347E-017  -3.9602915635179594E-016   5.5742600539701116E-031  -2.2079179400496740E-031  -5.5009908555650936E-032   2.3466183831305718E-031  -4.5122261259319443E-032  -5.7819487404064426E-031  -2.7140525674059106E-031  -1.5703906908708260E-032  -9.3940196268026565E-032  -3.2008288099982268E-031  -5.3268226603556118E-017  -2.5430782784683394E-030   2.3274219457577128E-032   3.1976699217656058E-031  -2.5697389261428656E-030  -1.5604226201048162E-031  -2.1940988198634819E-030  -4.7986814142479557E-018  -4.4342128071285581E-018  -1.1675123688246057E-017
  -8.7023470256462413E-017  -6.8308178895124131E-018   5.4517849160056593E-018   2.7793619654295711E-018  -2.4477878717023047E-030   1.8632705973590226E-031  -1.4800959565454215E-031   9.1340598041022688E-031   6.6063411601946337E-031   1.0432378530102762E-030  -3.6133016315488217E-016  -2.8362239924750734E-017   2.2636356920506399E-017   1.3670523690552532E-016   3.4181177268129504E-030  -8.6702422432342874E-031   3.7818392643624411E-031  -8.6396902101623492E-031   1.9691910053913382E-031   1.6002388086941686E-030  -1.5476919727712724E-031   6.6651716996863822E-032  -1.5226601147244781E-030   1.2982473730108887E-030   1.1309369648804568E-029   3.1578403110577281E-031  -8.8442402329676836E-031   7.9122564758469831E-030   7.6944181004629973E-032   6.5692719217084231E-030   2.4512783443188086E-016  -4.1247971953995323E-016  -3.2377171801937434E-017   2.5840738211421281E-017  -1.1076235892862943E-015   6.6279192952321712E-030  -7.2060308776324799E-031   1.6897636026659528E-031   2.6715611691757866E-030  -9.9798852491541208E-032  -7.8295724129723350E-032  -6.3752425612990680E-031   3.6753673710849566E-031  -3.0785780762445896E-031   9.0899590161609523E-032   2.3081379731700917E-017   6.1228999648849425E-030   4.1575852718595033E-032   9.2954794862093982E-031   6.9642467941031606E-030  -4.1210334347593313E-031   7.4509840315047756E-030  -3.0994317813569211E-016  -2.4328671330871941E-017   1.9417101368171340E-017
  -1.4187576928807726E-017   1.0324653731699609E-015  -3.1682441033756058E-017   1.8086322861046759E-018  -1.7255177763721374E-030   1.5309557299031498E-030   1.1526183275458374E-030   5.2004270680985548E-030   2.5478269471508490E-031   3.8381967664189805E-030  -5.8908240171880738E-017   4.2868996219041899E-015  -1.3154866789536580E-016   8.1680064280434243E-017   1.1181877033816640E-031   5.3798223731288366E-029  -3.5949745714411050E-030  -1.0674723748077670E-030   1.1536905192631283E-032  -1.5476919727712724E-031   1.2242466399960190E-028  -4.3789998511193044E-030   5.3007423993385673E-029  -7.4708756631944258E-030   1.0504333914631517E-029  -4.8489380534941543E-031  -1.9089863357924058E-030   6.9804171475984769E-030  -7.5939703218513939E-032   6.4872844301111243E-030   1.4756213818478953E-016  -6.7247234973505552E-017   4.8937490806186836E-015  -1.5017057298943583E-016  -8.2813780138623498E-016   2.1213950852154131E-030   2.1268646442686609E-029  -1.9558560369306322E-030   5.3105252432124110E-031  -1.6491952714446678E-032  -7.3410172876897671E-031   5.8410946588609254E-029  -2.3504178232496219E-030   2.6383574909601543E-029  -5.7255812359634458E-030   7.2560031603520295E-018   6.0589787073652161E-030   8.3071918939888599E-032   7.2351482277633589E-031   6.3769772117884090E-030  -1.9148718860405535E-031   6.4586253448347728E-030  -5.0530536996513287E-017   3.6772332582493285E-015  -1.1284032268718640E-016
   3.6837658581578411E-018  -1.8890163314310013E-017   5.4100248812325727E-016  -8.1762332607763255E-019   2.0505968954630044E-031  -2.9079823210372935E-030   3.8225986518386100E-030   1.0880745264177385E-030   6.3081846767368601E-031   7.8095123573831483E-031   1.5295364740462814E-017  -7.8433849767937160E-017   2.2462965074209034E-015  -3.5798672172481582E-017  -8.6205107536125553E-031  -2.0150420156400247E-030   2.9179505989851858E-029   7.3015297426167684E-031  -2.6975021685739384E-031   6.6651716996863822E-032  -4.3789998511193044E-030   3.3597226723874932E-029  -1.3886923534630935E-030   7.3801574046964799E-029  -3.5385372353930846E-030   1.3354560074847594E-030  -1.1880587846506021E-030  -4.2918731123549211E-030  -1.1677510319720443E-031  -4.3373595501179610E-030  -6.4858875581077655E-017   1.7460562116712323E-017  -8.9536871409352903E-017   2.5642801179247384E-015   3.9098563479554975E-016   1.7767730047877436E-031  -7.5268950067168775E-031   1.4837550279719678E-029  -3.0796181629343344E-031   1.4430124403446767E-032   6.7690517555515268E-031  -2.3737150211377420E-030   1.6427116420695739E-029  -1.0293060195841588E-030   3.7745818928978266E-029  -2.0789768585881562E-018  -2.1562807163899200E-030   2.4355068064779812E-033  -3.9938993392397073E-031  -2.2241656915837579E-030  -1.3246729143044239E-032  -2.1817845763627083E-030   1.3120116839985403E-017  -6.7279289551242704E-017   1.9268368642857110E-015
  -9.4306420576838706E-018   4.5633877491589654E-016  -1.3578715439849888E-017  -1.9561297078768569E-018   1.8503955194555053E-029   1.4030690438661510E-031   6.5760400731527682E-031   1.4148298042638444E-029  -1.0284052883743384E-030   1.2652875771129709E-029  -3.9156970220966412E-017   1.8947642918433601E-015  -5.6380186297502622E-017  -3.4819907131899736E-018  -1.3851520632456412E-030   2.5306291886190685E-029  -2.0030546995266686E-030   2.4035873845028171E-030  -4.9856176361583715E-031  -1.5226601147244781E-030   5.3007423993385673E-029  -1.3886923534630935E-030   2.6255749869534016E-029  -5.1312529132440295E-030   7.1918111526245760E-030  -4.9263138063439535E-031   1.1197419897463026E-030   1.2968756492312339E-029  -2.4765840153695186E-031   1.6180567557174949E-029  -2.0264995429947647E-017  -4.4699993916241200E-017   2.1629853341606470E-015  -6.4361312182048537E-017   2.1473606579565033E-015  -2.0411844044233695E-030   1.0730547364423833E-029  -1.0050643467847359E-030  -1.1191630670153825E-030   2.3019926845736711E-031   3.7823958706856492E-030   2.6815928817029782E-029  -1.6223620777407794E-030   1.2049446792733969E-029  -1.7741617018415200E-030   8.2664130658094149E-017  -9.8923701245676588E-031  -9.7442653141411458E-032  -1.7437170475221541E-030  -2.0507926283707409E-030   8.5167151477393251E-031  -3.5378940136576909E-030  -3.3588216634019949E-017   1.6252982073358591E-015  -4.8362013213501053E-017
   3.5276907619891117E-017  -3.1563898494315928E-017   1.1965312607109060E-015   2.5518679106135273E-018  -9.6242437154136285E-030  -5.9055547457306579E-030   8.0490291617970179E-030  -1.4115880149374305E-030   2.3640087884862231E-030  -1.5642655955425544E-030   1.4647325311586908E-016  -1.3105646740056951E-016   4.9681176167575872E-015   9.8912057506166884E-017  -1.2208084979194168E-030  -5.2379077907667573E-030   6.4946692909449285E-029  -1.1637539812416960E-030  -1.9098976823303983E-031   1.2982473730108887E-030  -7.4708756631944258E-030   7.3801574046964799E-029  -5.1312529132440295E-030   1.6505781884734561E-028   4.2365557426324187E-030   3.1757654969269903E-030  -4.3788714377925429E-030  -4.1793099202231766E-030  -1.2661573317585281E-032  -7.1111853869251816E-030   1.8138299630322795E-016   1.6720786838778142E-016  -1.4960869705781612E-016   5.6713996509704739E-015  -1.4093718180742917E-015   1.6691620904236281E-030  -2.6809844617183273E-030   3.2936141606820497E-029   1.7245804043181213E-032  -1.6794716866456667E-031  -2.7596868389153638E-030  -5.5173336125452945E-030   3.6896203910390993E-029  -2.3676508330297587E-030   8.2752497939670660E-029  -7.1836757780645021E-018   3.8612379628918180E-030   1.2657153944292016E-031   9.9082323049446192E-031   5.1623104359204800E-030  -8.5731344344325421E-031   6.3977057497848232E-030   1.2564239084337351E-016  -1.1241812105225459E-016   4.2615710519297369E-015
  -3.6950253969294209E-017   3.6164361090618600E-017  -1.3466014618235909E-017   3.1439295209786447E-016   1.3044377859531425E-027   2.6671471245939763E-030  -4.4358862417908428E-029   1.2213492406005567E-027  -5.7925850611768538E-030   1.1715537436914301E-027  -1.5342115472994375E-016   1.5015804879737508E-016  -5.5912241200178500E-017   2.4360340343628815E-014   2.0079822415722251E-029   2.1644639948696367E-029  -1.6552003354458919E-030  -2.3080385163728185E-030  -8.8779855382128223E-030   1.1309369648804568E-029   1.0504333914631517E-029  -3.5385372353930846E-030   7.1918111526245760E-030   4.2365557426324187E-030   2.4865410383814809E-027   2.5145604028870983E-030   9.7100778815405578E-030   2.4839478650153542E-027   6.2803591783377152E-030   2.5362382314863965E-027   4.2335617368111427E-014  -1.7513930838748563E-016   1.7141428026313678E-016  -6.3827125219005752E-017   5.9360901861369337E-015  -4.5207810887829027E-031   7.3138171342013193E-031  -3.8155618157635573E-030   3.7941711429708274E-030   2.7933226343463138E-030   6.8782728364252850E-031   2.0430607038537635E-029   9.8215975325112392E-031   3.3951756761560958E-030  -4.4086338768420474E-030   1.2100179561275916E-014   9.0424984178866130E-028  -1.0835053310796200E-030  -3.0993938057018819E-030   9.6432640716695202E-028   4.8733588700734835E-030   9.2081034625784045E-028  -1.3160218863281275E-016   1.2880314906605886E-016  -4.7960617466767700E-017
  -1.5799402276955864E-017  -4.5104593468848868E-018   2.2315861307014186E-017   5.8351952475376373E-019  -3.1647301328964730E-031  -7.7216322068870833E-032   1.0729281280973985E-031   3.7831019451317157E-031   1.5646229046159111E-031   3.9051809562726728E-031  -6.5600700427803478E-017  -1.8727878891867409E-017   9.2657690887764953E-017   3.0101850086111241E-017   6.1496777252172423E-031  -3.8095884038669252E-031   1.2281783040227165E-030  -1.5914390454375568E-031   2.8777032984301866E-032   3.1578403110577281E-031  -4.8489380534941543E-031   1.3354560074847594E-030  -4.9263138063439535E-031   3.1757654969269903E-030   2.5145604028870983E-030   1.1532682955874930E-031  -2.2332592029931199E-031   1.7892419738064481E-030   1.3638183128566678E-032   1.5179431723117968E-030   5.3764166500478621E-017  -7.4887073577873969E-017  -2.1378979727150387E-017   1.0577422603443924E-016  -2.1187827028407561E-016   1.2526128481984286E-030  -2.2815456140806289E-031   6.1903832891983818E-031   4.9343730555856711E-031  -1.9598656354750420E-032  -3.0069136574180844E-032  -3.5871337267093252E-031   7.2491337363547738E-031  -1.6479401525503231E-031   1.5036320790350895E-030   6.3401490105538317E-018   1.2939575539167692E-030   8.7097642027351350E-033   1.7492739557303920E-031   1.4733246803241130E-030  -8.4689757828380767E-032   1.5697289343293700E-030  -5.6271221314577795E-017  -1.6064472040764151E-017   7.9480270735550893E-017
   3.6765577603330644E-018  -1.1503887870423468E-017  -2.4474644594776783E-017  -5.8641513866345457E-019   1.5755210903197947E-029  -1.9163389263893068E-031  -2.5582636198100402E-031   1.0923564857492637E-029  -7.3976693852196721E-031   1.0262198848829461E-029   1.5265435996458575E-017  -4.7765294453155520E-017  -1.0162117528208676E-016   5.7320595055985166E-017  -9.1927066249020919E-031   4.1478654637861465E-031  -1.5520183062934700E-030   1.6512397470102050E-030  -3.1695278424859028E-031  -8.8442402329676836E-031  -1.9089863357924058E-030  -1.1880587846506021E-030   1.1197419897463026E-030  -4.3788714377925429E-030   9.7100778815405578E-030  -2.2332592029931199E-031   1.2789898618485825E-030   1.4139999522596143E-029  -9.6931588177094038E-032   1.6360213985124099E-029   8.9753966196428042E-017   1.7426396687996226E-017  -5.4526904390582282E-017  -1.1600657280778277E-016   1.5046272998105618E-015  -2.1442056674338996E-030   5.6802878477877079E-031  -7.5728918387549490E-031  -9.1506764570202066E-031   1.5016389153550815E-031   2.3054328712496645E-030   5.5402503436634428E-032  -1.0705640056101518E-030  -3.2279863201951599E-032  -1.2469422625214773E-030   8.7033535383167760E-017   8.1888355439659475E-031  -8.3503785905135674E-032  -1.2271690378965911E-030   3.0165296156767453E-031   5.7587334512496913E-031  -7.4979018426417936E-031   1.3094444446756441E-017  -4.0972298127939058E-017  -8.7169002880383072E-017
