   1.5029419520999867E-006   6.0735561023949972E-018   3.5019024172628270E-018  -7.7263825622813338E-017  -3.7428269906284695E-006  -1.1299150372481290E-017   2.0832791881428565E-019   1.1009926019119382E-018  -4.7522399929456799E-019  -1.1000923892377997E-018  -2.9886553184339469E-019  -6.8750259881905083E-019  -8.3116052547926717E-019  -4.0191254995348086E-016   5.7717406877208463E-006   1.1331154979120268E-017  -5.9606554290473491E-018  -8.1483228730554463E-019   1.0240231394521697E-019   1.8209140615893443E-018   9.9401502833174977E-019   1.5133930393096701E-018   9.5333174611000351E-020  -2.3027261925235088E-016   6.6537006324211020E-018   2.2347787581389970E-019  -2.8331509883491397E-019   4.4726439838757598E-018  -2.2662931990311471E-019   4.9309783652016794E-018  -2.5626021107706087E-019   1.3145246802443675E-018   1.2559469198414238E-018  -3.5896774242600102E-019   1.5788753179318366E-015  -2.8683899333638376E-006  -5.9542474094749965E-018   1.4872393343568243E-018   4.7549871971628129E-015   1.7323465568998108E-003   2.7210197339060900E-015  -1.9767898618972309E-015  -5.4272766068229527E-018   2.6603426304348046E-020   1.3331901804057802E-019  -5.1914555735293820E-018   5.8924781243541772E-020  -4.8818214471240933E-018   9.2602771367006339E-019  -9.2245255482804367E-019  -8.0190043823919408E-019   6.7463008190822411E-019   5.1429449291010676E-019   1.8515038589499801E-020  -1.2586108994569769E-018  -1.4341564064890229E-018  -1.1989124968301784E-018   7.1089778644601877E-019   5.6237200557400846E-016
   6.0735561023949972E-018   1.5029419520837088E-006  -4.8370563813468688E-018  -1.2260141643091063E-016  -1.2304437633987002E-017  -3.7428269905872105E-006   1.0582842954223079E-017  -3.5420839225988519E-021   4.3126784590426522E-020  -6.5785702089564045E-020   5.6315067497884863E-019   1.0574707650167833E-019   6.9177910522325771E-019  -6.4659990256964263E-016   1.5998515556080570E-017   5.7717406876512422E-006  -1.1461072353869987E-017   8.7545369853590451E-019  -2.3892118237841494E-019  -3.2103587488083961E-019   1.2375705680450545E-019  -2.1892396006304445E-019  -7.7949883210245247E-019  -3.7125324646572962E-016   1.4324147807863403E-019   6.8952357008196471E-018  -1.4612070281399383E-018   4.5467221666837471E-019   1.9664438508766288E-019  -7.4159708939992706E-019   1.6476880667663073E-017  -5.1156466091108876E-019   9.3013398421334319E-018   9.7397195706167844E-019   1.5927446604898401E-015  -7.0381358834072107E-018  -2.8683899333280890E-006   5.1434642041922683E-018   3.9002581615543648E-015   4.2789561890976775E-015   1.7323465568904451E-003  -2.3697045759707693E-015  -1.6899354579143026E-019  -7.1561475083177085E-018  -1.0748897219706006E-018   5.8145851983788095E-020   4.9400186477142119E-019  -2.2304269135704369E-020  -8.6665031928891279E-018   1.9229579762379074E-019  -4.7437467648966910E-018   1.0088199876456128E-018  -1.4748521949244820E-018   5.8954142681426584E-020   5.0426432285088880E-019  -4.8967266873299784E-019   1.6516168746280065E-021  -4.1903393864834805E-019   6.1421287184941778E-016
   3.5019024172628270E-018  -4.8370563813468688E-018   1.5029419520906319E-006   1.1772645167169810E-017  -1.0924334312513626E-017   1.4876494970734764E-017  -3.7428269906021738E-006   4.8574543463389799E-019  -2.4931954642561435E-019   2.2065375501709080E-019   1.8537600563210328E-019   8.3660015048739173E-020  -7.6044397619240130E-019   7.7416272586912247E-017   1.6915630889593017E-017  -2.1800522734993882E-017   5.7717406876891215E-006   2.3441022607787782E-019   6.7059470954589157E-019   5.8070595131050554E-019  -3.3353916038732595E-020  -7.9727434558885080E-019   6.4154148577781604E-019   4.0170356709572261E-017  -3.5317621868981308E-019   1.5802604847426322E-018   5.7725779517253599E-018   8.4193530376366498E-019  -1.3781171377173739E-018  -3.7645719180014807E-020  -1.5179519555995836E-019   2.4708250453916232E-018   2.4705597116798784E-018   7.9298314518087153E-018  -3.5738361143049564E-015  -7.6482515045441849E-018   9.6897595811058461E-018  -2.8683899333553051E-006   3.4651995611292047E-015   6.0125185334506705E-015  -3.2044097345731982E-015   1.7323465568944254E-003   9.3461481940039611E-019  -5.5247032726566745E-021  -2.6081215351137596E-018  -1.3955872786800530E-018   9.5600360480982188E-019   1.8900494113143445E-019   3.1396488700394331E-019  -3.4756929034742611E-018  -1.6291294653623823E-018  -2.2380831309307507E-018   2.3756193559651156E-019  -6.0889450918442728E-019  -1.0038489623580786E-018  -4.7106570271296949E-019   2.9715359324093236E-020   2.0557161278899039E-018  -1.1144568803100897E-015
  -7.7263825622813338E-017  -1.2260141643091063E-016   1.1772645167169810E-017   1.4180970946958365E-002   2.2422030255857693E-016   1.3473056746675315E-016  -1.7517976316004057E-016  -3.0265043008451409E-016   2.2366803504995695E-018   3.9114726912972752E-017  -7.7262320090561837E-016   3.7755491168137205E-017  -6.5105922118188523E-016   7.3744219630180935E-002  -2.0436400478552686E-016  -1.2974901846623538E-016   2.1603988415654793E-016  -5.7172261577001243E-016  -2.3669281493932162E-017  -1.5187223423824656E-017   4.6551873235700926E-017  -6.5157747405530573E-017  -1.1304006897325241E-016   4.3152873335279028E-002   4.4203822134184889E-017   6.4369182358251394E-018  -1.9358345672146248E-017   1.2556700624170183E-017   1.1723828918496322E-017   1.5563740412944493E-017   5.6957223142617002E-017  -2.6257283039593675E-017  -2.4391416558068483E-018  -5.9828605727234717E-017  -3.6892836998031978E-003   9.2527687919184335E-017   5.2192009281558550E-017  -6.5069827686992929E-017  -3.7355037810999291E-004  -1.7696855387031645E-015  -2.7433302899617293E-016   7.0902673802502421E-016  -2.3405807197528743E-017  -5.1125717920041505E-019   7.7013285060448331E-018  -1.7806100373041191E-018  -1.3095123049940354E-017   1.7626809358977201E-018  -2.4667603726913310E-017   8.9100572543674095E-018  -5.9090614727364193E-018   1.3887383318327290E-017   6.2232896224064402E-016   2.9669255262705462E-017   9.0506830687035384E-018   5.1192310024035732E-016   3.1182976439422405E-017   5.8680545673743764E-016  -1.5412780207723631E-002
  -3.7428269906284695E-006  -1.2304437633987002E-017  -1.0924334312513626E-017   2.2422030255857693E-016   9.3208881834745680E-006   2.1114061620537897E-017   4.9684666565491342E-018  -2.7418389786539217E-018   1.1834663399160400E-018   2.7395971486905196E-018   7.4427490535857546E-019   1.7121108898372973E-018   2.0698670657045487E-018   1.1546441776208724E-015  -1.4373560335264993E-005  -1.7385868398300471E-017   6.3822044535898168E-018   2.0292043039326303E-018  -2.5501593325549486E-019  -4.5346836501628201E-018  -2.4754291221677407E-018  -3.7688536852902991E-018  -2.3741141735997889E-019   6.6656253709625415E-016  -1.6569934906529258E-017  -5.5653448506031625E-019   7.0554913799402142E-019  -1.1138376035701113E-017   5.6438263248728172E-019  -1.2279781590829786E-017   6.3817343932696013E-019  -3.2736051090960773E-018  -3.1277269383492101E-018   8.9394946573425947E-019  -1.7964931486866566E-015   7.1432481123042997E-006   9.4446261086686645E-018   5.0155843117985218E-019  -9.2442783005282464E-015  -4.3141210086173410E-003  -3.5249533650943229E-015   2.3831128504794291E-015   1.3515729826585883E-017  -6.6251409042585295E-020  -3.3200884331374900E-019   1.2928456760492145E-017  -1.4674236842308622E-019   1.2157364461210257E-017  -2.3061180213718417E-018   2.2972146828212398E-018   1.9969996844089613E-018  -1.6800540271865199E-018  -1.2807649068261217E-018  -4.6108624530629643E-020   3.1343611365747507E-018   3.5715280283863493E-018   2.9856921927453489E-018  -1.7703727140050442E-018  -7.7328857446726275E-016
  -1.1299150372481290E-017  -3.7428269905872105E-006   1.4876494970734764E-017   1.3473056746675315E-016   2.1114061620537897E-017   9.3208881833700204E-006  -3.3403975079336854E-017   8.8209709626158723E-021  -1.0740008498823524E-019   1.6382835080616587E-019  -1.4024331033787920E-018  -2.6334550816437194E-019  -1.7227608178466170E-018   7.1979738934430735E-016  -2.5148553878242783E-017  -1.4373560335088885E-005   3.9412274119647536E-017  -2.1801718471813308E-018   5.9499347183102210E-019   7.9948645774293373E-019  -3.0819636903321867E-019   5.4519371522342316E-019   1.9412122097469389E-018   4.0438271950712373E-016  -3.5671907990903118E-019  -1.7171437826792074E-017   3.6388931030852534E-018  -1.1322855430541428E-018  -4.8971013886546247E-019   1.8468242226641891E-018  -4.1032931177496171E-017   1.2739667141820057E-018  -2.3163440052679096E-017  -2.4255151863232931E-018  -3.3006632361817745E-015   1.0225262502461947E-017   7.1432481122138958E-006  -1.8211209815957554E-017  -6.6356603389707907E-015  -6.2460036881394655E-015  -4.3141210085931849E-003   9.1640216510815747E-015   4.2085032195202279E-019   1.7821195293419214E-017   2.6768340970922397E-018  -1.4480257465775445E-019  -1.2302294910976113E-018   5.5545073041933661E-020   2.1582484951860195E-017  -4.7888070496612915E-019   1.1813512427103731E-017  -2.5122984112437089E-018   3.6728741217204121E-018  -1.4681548820157694E-019  -1.2557864362960986E-018   1.2194483483008179E-018  -4.1130771660919363E-021   1.0435343383323261E-018  -1.1518818654929177E-015
   2.0832791881428565E-019   1.0582842954223079E-017  -3.7428269906021738E-006  -1.7517976316004057E-016   4.9684666565491342E-018  -3.3403975079336854E-017   9.3208881834016130E-006  -1.2096682248891121E-018   6.2088886822522600E-019  -5.4950148189119986E-019  -4.6164811376057253E-019  -2.0834135472371838E-019   1.8937592599486189E-018  -9.5702769713083608E-016  -7.8346734318373659E-018   4.8672065022457849E-017  -1.4373560335174471E-005  -5.8375968533977583E-019  -1.6700046034061511E-018  -1.4461515996163885E-018   8.3062381087530335E-020   1.9854791700079766E-018  -1.5976523812000383E-018  -5.4570490726883721E-016   8.7952663904767035E-019  -3.9353759380108918E-018  -1.4375645402017267E-017  -2.0966998591273147E-018   3.4319715489204771E-018   9.3750403119330664E-020   3.7802069079262472E-019  -6.1531788743196289E-018  -6.1525181048461831E-018  -1.9747926490088529E-017   9.9934701822306338E-015   2.0051064326439272E-018  -2.1338495472890378E-017   7.1432481122773259E-006  -5.3219200394750110E-015  -4.6810122541711670E-015   6.2936937486581319E-015  -4.3141210086004725E-003  -2.3275027801611899E-018   1.3758354743545034E-020   6.4950929494096751E-018   3.4754780296528158E-018  -2.3807679932116342E-018  -4.7068537416612486E-019  -7.8187733832138867E-019   8.6556351641277593E-018   4.0570760072668225E-018   5.5735738416289315E-018  -5.9160849378780664E-019   1.5163505152265375E-018   2.4999188994363601E-018   1.1731107937820557E-018  -7.4001160706207066E-020  -5.1194191484319900E-018   3.2601448289472538E-015
   1.1009926019119382E-018  -3.5420839225988519E-021   4.8574543463389799E-019  -3.0265043008451409E-016  -2.7418389786539217E-018   8.8209709626158723E-021  -1.2096682248891121E-018   7.6665986684229025E-030  -2.0528088783521150E-031  -9.7254675721595107E-031   1.5494499008374068E-029  -7.2678155339434751E-031   1.3209042028373543E-029  -1.5733252075257586E-015   4.2281365480949787E-018  -1.3602647718811301E-020   1.8654058362102010E-018   1.1498436126436715E-029   8.6564124897551297E-031   1.0690548575048588E-030   2.4175157499760896E-030   1.2614501889227730E-030   2.8332961386923978E-030  -9.2080329576805183E-016   4.3131048759776456E-030   5.1285005319602590E-031   1.9176440173144290E-030   2.7845099447519630E-030  -4.0199567655294984E-031   3.1250115580128931E-030  -6.5558328335601768E-031   2.1776493579671530E-030   1.4463918151408338E-030   3.3838418989536074E-030  -1.8760359811071368E-017  -2.1012628542448465E-018   6.7601266054456808E-021  -9.2705331229392302E-019  -6.7961674805185611E-016   1.2690448492907806E-015  -4.0827371174105068E-018   5.5988817800984824E-016  -3.7763914777621039E-030  -2.0139661221419014E-031  -7.0988745866792226E-031  -3.7036221559965244E-030   2.5835836499805896E-031  -3.2656140683122670E-030   5.3175850374262180E-031  -1.8927832690222966E-030  -6.3477579966482869E-031  -3.1710440052934511E-032  -9.5148740504674564E-030  -1.3144773192774772E-030  -9.9191624662677116E-031  -1.0951485396458668E-029  -1.0138746152978193E-030  -8.1775576111235249E-030   2.9872629623159691E-016
  -4.7522399929456799E-019   4.3126784590426522E-020  -2.4931954642561435E-019   2.2366803504995695E-018   1.1834663399160400E-018  -1.0740008498823524E-019   6.2088886822522600E-019  -2.0528088783521150E-031   5.1235749124659595E-030   1.6435357583910216E-030   1.4710394310500508E-030   7.7059657588104273E-031   8.2492581960348510E-030  -7.9999354217695797E-019  -1.8250004191298046E-018   1.6561958165747911E-019  -9.5746064465491942E-019  -1.6348402890675558E-030  -3.7417659114059358E-030  -4.2472930009076711E-030  -5.2043799729201696E-030  -7.6873465672956352E-031  -1.5306798855358193E-029   2.8779823767776695E-018  -9.9111902972968302E-031   8.0499334209902001E-031   1.8576363682026352E-030  -2.8268933239761114E-030   8.0255125887421474E-031  -2.0054426459989826E-030  -2.6398151714852403E-030   1.3523401881967649E-030  -2.5933491179466441E-030   4.2042505210929995E-030   2.2778807821299746E-015   9.0697297641205202E-019  -8.2308192014323226E-020   4.7583053766434586E-019  -1.2978014265857850E-015  -5.4776078196759611E-016   4.9709529162060129E-017  -2.8737494298971432E-016   1.1088264715370475E-030  -2.4834782479007582E-030   1.0227343310697342E-030   2.5092745573859469E-030  -6.0738628805861481E-031   1.5551062355692884E-030  -7.7172076840919633E-031   9.0614611022629294E-031   2.8419886589249233E-030  -8.6979136475392611E-031  -2.1122013354216085E-029  -6.8856879003933988E-031   3.3889119297175806E-030  -1.7264169986590933E-029   9.3102593769542354E-031  -1.4291284479492544E-029   7.0012133536734618E-016
  -1.1000923892377997E-018  -6.5785702089564045E-020   2.2065375501709080E-019   3.9114726912972752E-017   2.7395971486905196E-018   1.6382835080616587E-019  -5.4950148189119986E-019  -9.7254675721595107E-031   1.6435357583910216E-030   2.5034064484855583E-030  -3.6008543969651150E-030   1.9662036853665902E-030   2.0048835169462321E-031   2.0282082140776780E-016  -4.2246794657168388E-018  -2.5263651258385211E-019   8.4737554500242109E-019  -1.6529142926658709E-030  -3.9037375759867469E-031  -3.5647356278619862E-030   4.8465872087853766E-030  -3.6956712537895562E-030  -2.1008032605700480E-030   1.1884184293829212E-016  -3.5207359793582358E-030  -9.9078075840275805E-032   1.1039326263524113E-030  -4.4523150420920955E-030   1.1104428387137179E-030  -3.9324163528059367E-030   1.0487096054791288E-030  -6.6679675150009911E-031  -1.9563448811928918E-030   1.5566737213289011E-030   9.3919160559665982E-017   2.0995447832456080E-018   1.2555311624467326E-019  -4.2112139380227933E-019  -1.7596558422075109E-015  -1.2680072308161949E-015  -7.5827036658296835E-017   2.5433369016687712E-016   2.6109501731649116E-030  -5.9891877635578110E-031   1.3377764205552813E-031   4.8509171416798599E-030  -8.7489583945624547E-031   4.2695791525685609E-030  -2.1633185390584586E-030   4.0713046341254224E-031   1.6733841736768371E-030   1.5442955264029750E-031   5.9975654434779296E-030  -1.2756949110928547E-030   2.2063708131896371E-030   2.5385691524142405E-030   2.2368886499620087E-030   6.6625646808973566E-030  -1.0759759303778551E-017
  -2.9886553184339469E-019   5.6315067497884863E-019   1.8537600563210328E-019  -7.7262320090561837E-016   7.4427490535857546E-019  -1.4024331033787920E-018  -4.6164811376057253E-019   1.5494499008374068E-029   1.4710394310500508E-030  -3.6008543969651150E-030   4.6530900589439879E-029  -3.8039477043501525E-030   3.9308597747454865E-029  -4.0264726782247526E-015  -1.1477318521323315E-018   2.1626648051879628E-018   7.1189857513310538E-019   3.1446623265035716E-029  -9.0293902534332581E-031   1.6533405601041879E-030  -1.6077054743810251E-029   6.7851542928090265E-030  -2.6209457691017702E-030  -2.3538383620752575E-015  -5.1623462866405172E-030   2.9105324971673251E-030   3.3663493003793643E-030   5.4849079091398349E-033  -2.2731842838954944E-030  -1.7600316805835873E-030  -1.9487246221173701E-030   3.0238390697881471E-030   3.8019306399817422E-030   8.2796895264876080E-030   1.7934447203956380E-015   5.7038988218430802E-019  -1.0747825122552033E-018  -3.5379321715682374E-019   2.0918919677863575E-015  -3.4448348079029776E-016   6.4910832480081392E-016   2.1367124967608370E-016   4.5876720490284903E-030  -2.8674856715530819E-030  -1.6119487214094348E-030  -7.4077628712682246E-031   2.2629295793386604E-030  -2.3820940795834724E-031   1.0456607837588545E-030  -1.0307572704781836E-030  -1.5725195127466589E-030  -3.3360746875949617E-030  -5.8861107588834639E-029  -9.4167513880969207E-032  -4.9566598892550964E-031  -4.1980498394942601E-029  -3.2506526217320137E-030  -5.1962404462894265E-029   1.3313610454834972E-015
  -6.8750259881905083E-019   1.0574707650167833E-019   8.3660015048739173E-020   3.7755491168137205E-017   1.7121108898372973E-018  -2.6334550816437194E-019  -2.0834135472371838E-019  -7.2678155339434751E-031   7.7059657588104273E-031   1.9662036853665902E-030  -3.8039477043501525E-030   1.6946985379382984E-030  -1.0591975480471616E-030   1.9770190704670252E-016  -2.6402128950891985E-018   4.0609998491230675E-019   3.2127914996765759E-019  -1.4645115665746008E-030   1.1363524265526281E-031  -2.6004273517309413E-030   5.9184262164907208E-030  -3.1693853899376613E-030   1.5802695700435335E-031   1.1532168573981125E-016  -1.8097590517154360E-030   4.5755100166522785E-031  -9.9681782039081263E-032  -3.0522700109527851E-030   1.1208301501503715E-030  -2.5945480205431194E-030   3.3781741285927787E-030  -9.3184987078161211E-031  -4.5565020954712191E-031   7.5895867465099306E-033  -2.6303551183368420E-016   1.3121102454103602E-018  -2.0182006983383298E-019  -1.5966654245850978E-019  -1.5611402925956489E-015  -7.9244095771799327E-016   1.2188799682811884E-016   9.6429631780315972E-017   1.0841797214905008E-030  -1.0540647988656198E-030   1.8242498899209833E-031   3.4638630392669962E-030  -8.2151385027046040E-031   2.9046523838955299E-030  -2.9025841159122540E-030   4.8760925729790674E-031   6.7889470687155853E-031   8.2654637080335049E-031   9.1948812930151879E-030  -1.0909245691603303E-030   1.5724626714072330E-030   4.8868234764913634E-030   1.8193870821817204E-030   8.7487268224966826E-030  -1.1945765744557673E-016
  -8.3116052547926717E-019   6.9177910522325771E-019  -7.6044397619240130E-019  -6.5105922118188523E-016   2.0698670657045487E-018  -1.7227608178466170E-018   1.8937592599486189E-018   1.3209042028373543E-029   8.2492581960348510E-030   2.0048835169462321E-031   3.9308597747454865E-029  -1.0591975480471616E-030   4.4160837422120469E-029  -3.4070884767944611E-015  -3.1919017339641683E-018   2.6566359418870364E-018  -2.9203293127749502E-018   2.4196810022026926E-029  -5.5082509619437022E-030  -5.8155326574468157E-030  -1.3969106298868017E-029   2.9190931437584587E-030  -2.1056271980537837E-029  -1.9879548230441675E-015  -4.2956021423595024E-030   3.5371933767750135E-030   2.2762068768097491E-030  -4.8478610990717591E-030   6.6794922978183700E-031  -4.3218763257480221E-030  -1.1924453134344220E-030   2.8420361745545261E-030  -6.3826730048910732E-031   8.6284547987291410E-030   4.0996374940321483E-015   1.5862838088825738E-018  -1.3202720296332764E-018   1.4513200880033391E-018  -1.3560748214667284E-015  -9.5802640450971266E-016   7.9737021738535380E-016  -8.7651589071963337E-016   3.4837814993874434E-030  -6.7983095589002656E-030   1.2766396526914511E-030   4.1521972334868154E-030   4.7115390141874319E-033   2.2510176566686663E-030  -2.8937116292600813E-030   1.8872128714281918E-030   3.0702947059840533E-030  -1.7654796080972697E-030  -6.8646560199018435E-029  -1.7808803197393070E-030   5.2024865382108863E-030  -5.3987762996119110E-029  -4.6425347115586502E-031  -5.5373296608814836E-029   1.9196634468086051E-015
  -4.0191254995348086E-016  -6.4659990256964263E-016   7.7416272586912247E-017   7.3744219630180935E-002   1.1546441776208724E-015   7.1979738934430735E-016  -9.5702769713083608E-016  -1.5733252075257586E-015  -7.9999354217695797E-019   2.0282082140776780E-016  -4.0264726782247526E-015   1.9770190704670252E-016  -3.4070884767944611E-015  0.38352415433054732       -1.0448790048162602E-015  -7.0157628023218241E-016   1.2004095879111645E-015  -2.9690068919055261E-015  -1.1263817958793624E-016  -7.3060784325662265E-017   2.7009688792032950E-016  -3.4287009649594471E-016  -5.4454263826618233E-016  0.22441651042973673        2.2955912175946332E-016   3.0791277281569205E-017  -1.0928736859537674E-016   6.6306224786245418E-017   6.2004056062059664E-017   8.1390920531898731E-017   3.0967728117651591E-016  -1.4348827330740030E-016  -8.5073668595483300E-018  -3.2727765627275952E-016  -2.6106341798055405E-002   4.6953323282692769E-016   2.8058026263021591E-016  -3.6522092344917216E-016  -1.9231914971723624E-003   3.9747632015972685E-016  -2.0906140562426322E-015  -1.3770087698222260E-016  -1.2364882320216128E-016   2.4224885488207358E-018   3.9228648175166600E-017  -8.3387309716974214E-018  -6.8818196485058345E-017   1.0560300106275607E-017  -1.3198352650756662E-016   4.6758769333711329E-017  -3.5827235631842290E-017   7.7814129401496578E-017   3.3127016135990080E-015   1.5387999703953839E-016   4.1538115405679079E-017   2.7185464111328053E-015   1.6335320700621192E-016   3.1070196642831710E-015  -8.2284828113115119E-002
   5.7717406877208463E-006   1.5998515556080570E-017   1.6915630889593017E-017  -2.0436400478552686E-016  -1.4373560335264993E-005  -2.5148553878242783E-017  -7.8346734318373659E-018   4.2281365480949787E-018  -1.8250004191298046E-018  -4.2246794657168388E-018  -1.1477318521323315E-018  -2.6402128950891985E-018  -3.1919017339641683E-018  -1.0448790048162602E-015   2.2165187763736124E-005   1.5382004610655114E-017  -9.5752512786051839E-018  -3.1291964801117339E-018   3.9325510948596615E-019   6.9928474372697987E-018   3.8173110912787985E-018   5.8118759472160388E-018   3.6610752800618634E-019  -5.9749396535594454E-016   2.5552174260894540E-017   8.5822100234275939E-019  -1.0880135996489450E-018   1.7176272994006700E-017  -8.7032347781834106E-019   1.8936412295193419E-017  -9.8411484551827780E-019   5.0481627526495449E-018   4.8232068634940879E-018  -1.3785420798426681E-018   2.6574827270116452E-015  -1.1015463946237326E-005  -8.8847840791627981E-018  -9.0594702522606316E-019   8.0900279570344571E-015   6.6527220786678594E-003   2.0056083182778762E-015  -3.5949273127323719E-015  -2.0842344024901885E-017   1.0216500901321782E-019   5.1198437823868055E-019  -1.9936721654726146E-017   2.2628855155329649E-019  -1.8747635221158609E-017   3.5562197365797769E-018  -3.5424900713995784E-018  -3.0795343628440548E-018   2.5907786308499274E-018   1.9750426463084466E-018   7.1103212867885955E-020  -4.8334373315310301E-018  -5.5075838905591033E-018  -4.6041778455186174E-018   2.7300573207219802E-018   1.0140755043779297E-015
   1.1331154979120268E-017   5.7717406876512422E-006  -2.1800522734993882E-017  -1.2974901846623538E-016  -1.7385868398300471E-017  -1.4373560335088885E-005   4.8672065022457849E-017  -1.3602647718811301E-020   1.6561958165747911E-019  -2.5263651258385211E-019   2.1626648051879628E-018   4.0609998491230675E-019   2.6566359418870364E-018  -7.0157628023218241E-016   1.5382004610655114E-017   2.2165187763441587E-005  -5.6398078776340192E-017   3.3620005915557637E-018  -9.1752785765668885E-019  -1.2328725129509313E-018   4.7526362491668536E-019  -8.4073262183094337E-019  -2.9935055834907925E-018  -3.8533077668370651E-016   5.5008955334053753E-019   2.6479740212309804E-017  -5.6114662617035424E-018   1.7460755079632307E-018   7.5517247811984268E-019  -2.8479517048947109E-018   6.3276084896890954E-017  -1.9645592856592364E-018   3.5719890273908683E-017   3.7403397818409332E-018   4.5653184667957220E-015  -4.1394997733163232E-018  -1.1015463946086505E-005   2.5907002940557950E-017   5.9430145394729347E-015   2.6087714670577091E-015   6.6527220786237176E-003  -1.2817387292579661E-014  -6.4898509406387360E-019  -2.7481718560941402E-017  -4.1278937848687835E-018   2.2329723335258444E-019   1.8971129648168613E-018  -8.5654976518997749E-020  -3.3281930169516242E-017   7.3847261878300929E-019  -1.8217387688784157E-017   3.8741665046657409E-018  -5.6638677294433251E-018   2.2640130814181216E-019   1.9365238328210354E-018  -1.8804875742379569E-018   6.3426962885751462E-021  -1.6092140017647970E-018   1.5350835977449741E-015
  -5.9606554290473491E-018  -1.1461072353869987E-017   5.7717406876891215E-006   2.1603988415654793E-016   6.3822044535898168E-018   3.9412274119647536E-017  -1.4373560335174471E-005   1.8654058362102010E-018  -9.5746064465491942E-019   8.4737554500242109E-019   7.1189857513310538E-019   3.2127914996765759E-019  -2.9203293127749502E-018   1.2004095879111645E-015  -9.5752512786051839E-018  -5.6398078776340192E-017   2.2165187763630421E-005   9.0020445406444667E-019   2.5752816099459035E-018   2.2300822477168882E-018  -1.2808888192294567E-019  -3.0617688017440095E-018   2.4637086556524813E-018   6.7876491438341617E-016  -1.3563009194172250E-018   6.0686666735817872E-018   2.2168403104639656E-017   3.2332800626661910E-018  -5.2923765585776203E-018  -1.4457067281311049E-019  -5.8293835303696882E-019   9.4886974355701845E-018   9.4876784758508304E-018   3.0452893255963499E-017  -1.6496825860038313E-014   7.6708480367784939E-018   2.3633104271261559E-017  -1.1015463946212574E-005   1.9414767277017728E-015   7.1832009699058320E-016  -4.1052680127073881E-015   6.6527220786520196E-003   3.5891967570903663E-018  -2.1216491214571426E-020  -1.0015956479037672E-017  -5.3594670561030155E-018   3.6713360058754260E-018   7.2583475861275149E-019   1.2057178324185706E-018  -1.3347686596257219E-017  -6.2563379827654842E-018  -8.5948997905387377E-018   9.1230794889504111E-019  -2.3383346298195545E-018  -3.8550763003448611E-018  -1.8090313328899963E-018   1.1411575028473829E-019   7.8945566735043062E-018  -5.3092330899365676E-015
  -8.1483228730554463E-019   8.7545369853590451E-019   2.3441022607787782E-019  -5.7172261577001243E-016   2.0292043039326303E-018  -2.1801718471813308E-018  -5.8375968533977583E-019   1.1498436126436715E-029  -1.6348402890675558E-030  -1.6529142926658709E-030   3.1446623265035716E-029  -1.4645115665746008E-030   2.4196810022026926E-029  -2.9690068919055261E-015  -3.1291964801117339E-018   3.3620005915557637E-018   9.0020445406444667E-019   2.4715885049148899E-029   2.0708795628926970E-030   1.0287030876279668E-030  -1.6259231961506055E-030   2.0435449244804719E-030   9.2928351989044626E-030  -1.7384702992727130E-015  -5.8962172353384917E-030   3.5628829891306383E-030   8.8547873327687349E-032  -1.9164521792891168E-030  -7.8405371898415253E-031  -3.5382838762921927E-030   8.2262253313651622E-030  -2.6859689846207025E-031   6.0329446666220071E-030   2.6300612176800341E-030  -5.9832551607162713E-016   1.5551210923543579E-018  -1.6708180728381172E-018  -4.4737584962919700E-019   7.0558036292006030E-016  -9.3920587245615243E-016   1.0090803562092373E-015   2.7018990818957312E-016   4.3005468940078457E-030  -3.2959183249830352E-030  -1.7131100237972920E-030   2.3019262127493596E-030   1.2173189813931581E-030   2.4749321795734413E-030  -4.1634628357785765E-030  -3.3437731313295130E-031  -3.3087252855305999E-030  -5.0068626484773829E-031  -2.0173523183704000E-029  -8.1813659854233654E-031  -6.6915945425539224E-031  -1.4509880725626311E-029  -9.7651503713578684E-031  -2.0356126925194755E-029   3.9108504279209233E-016
   1.0240231394521697E-019  -2.3892118237841494E-019   6.7059470954589157E-019  -2.3669281493932162E-017  -2.5501593325549486E-019   5.9499347183102210E-019  -1.6700046034061511E-018   8.6564124897551297E-031  -3.7417659114059358E-030  -3.9037375759867469E-031  -9.0293902534332581E-031   1.1363524265526281E-031  -5.5082509619437022E-030  -1.1263817958793624E-016   3.9325510948596615E-019  -9.1752785765668885E-019   2.5752816099459035E-018   2.0708795628926970E-030   3.3021539319414494E-030   2.3782849143315092E-030   6.9632974623320486E-030  -9.2519024969740207E-031   1.2744571289756281E-029  -6.8724586152036934E-017  -5.0177895249451545E-032  -1.1389172708093893E-030   4.4591995251571733E-031   1.0324416726439806E-030  -5.3912968003666691E-031   5.8659225125547989E-031   7.2429364988955793E-031  -5.9014133438067132E-031   9.8755375878570218E-031  -1.0265027222087936E-030  -1.9102331606803516E-015  -1.9543653437104737E-019   4.5598508541301898E-019  -1.2798412550411767E-018   2.3023766114523961E-016   1.1803269962528500E-016  -2.7538940348528232E-016   7.7295229834133056E-016  -2.3459408944530495E-031   2.6485214016466349E-030  -1.2917107330730587E-030  -8.9060614758284650E-031   2.9236718298011736E-031   5.1089827886094030E-032   8.3794239751775618E-031  -1.5712171080952338E-030  -1.5642277176029931E-030   2.7737173217830837E-031   1.9777206661056459E-029  -2.8148060179483981E-031  -2.3311294833705477E-030   1.4416520357987975E-029   4.5930204128146367E-032   1.4644724361049844E-029  -5.6535882287757545E-016
   1.8209140615893443E-018  -3.2103587488083961E-019   5.8070595131050554E-019  -1.5187223423824656E-017  -4.5346836501628201E-018   7.9948645774293373E-019  -1.4461515996163885E-018   1.0690548575048588E-030  -4.2472930009076711E-030  -3.5647356278619862E-030   1.6533405601041879E-030  -2.6004273517309413E-030  -5.8155326574468157E-030  -7.3060784325662265E-017   6.9928474372697987E-018  -1.2328725129509313E-018   2.2300822477168882E-018   1.0287030876279668E-030   2.3782849143315092E-030   6.5672476174033741E-030  -2.8641730353331006E-030   4.3687041848643004E-030   9.1130363715847872E-030  -4.4345336238512704E-017   5.9774551647022362E-030  -1.1256543710333982E-030   1.0033307055035709E-030   7.6415774764350776E-030  -2.3183659427038934E-030   6.7215421838614631E-030  -4.1893193833326651E-030   1.7732103546864153E-030   2.4565627691750846E-030  -1.7234433304843083E-031  -1.0770258788510819E-015  -3.4752450395575597E-018   6.1270235386317137E-019  -1.1082870516910650E-018   2.5029678938039324E-015   2.0988529866978965E-015  -3.7003783927241898E-016   6.6934318647288117E-016  -4.3644891281527634E-030   3.5100081298335980E-030  -1.5115152852370823E-030  -8.5112799069701336E-030   1.5519577256537475E-030  -6.5928887211664961E-030   5.2410006317207089E-030  -2.7752934791446898E-030  -2.8811361723564069E-030  -9.2021325583345845E-031   4.1899169471275619E-030   1.4677415246286200E-030  -4.8075246962634706E-030   5.0668862378125083E-030  -3.1177550192905483E-030   1.1433542416894725E-030  -3.1642464541386308E-016
   9.9401502833174977E-019   1.2375705680450545E-019  -3.3353916038732595E-020   4.6551873235700926E-017  -2.4754291221677407E-018  -3.0819636903321867E-019   8.3062381087530335E-020   2.4175157499760896E-030  -5.2043799729201696E-030   4.8465872087853766E-030  -1.6077054743810251E-029   5.9184262164907208E-030  -1.3969106298868017E-029   2.7009688792032950E-016   3.8173110912787985E-018   4.7526362491668536E-019  -1.2808888192294567E-019  -1.6259231961506055E-030   6.9632974623320486E-030  -2.8641730353331006E-030   4.4070397943007546E-029  -1.1214299338021756E-029   2.7281322956009741E-029   1.5051086979338539E-016   9.2148753951761343E-030  -1.0045962769777548E-030  -7.2631654034975792E-030  -1.1906170416396336E-030   5.0464385179864462E-030   2.1203268069644987E-030   1.7705466995674140E-029  -4.9473344890502470E-030   1.1259477437628006E-030  -1.2196325714120646E-029  -5.1643541195419483E-015  -1.8970943601212001E-018  -2.3619241943947723E-019   6.3656508383058980E-020  -6.6861344304874802E-015   1.1457385359891367E-015   1.4264696715588659E-016  -3.8444958928034933E-017  -1.0743737860052227E-029   1.0771677895532866E-031   1.5056405035113258E-030   2.1479789026748166E-030  -4.0461026400035978E-030   4.1347909332054019E-031  -1.0182167149398953E-029   7.1371742908972874E-031  -6.7040237127578445E-031   8.8553997854109622E-030   8.0915064233259399E-029  -4.9682748651149952E-030   2.7650639293480327E-031   4.6418721041497981E-029   5.1018154292614200E-030   6.6792092459816343E-029  -1.6412140335628358E-015
   1.5133930393096701E-018  -2.1892396006304445E-019  -7.9727434558885080E-019  -6.5157747405530573E-017  -3.7688536852902991E-018   5.4519371522342316E-019   1.9854791700079766E-018   1.2614501889227730E-030  -7.6873465672956352E-031  -3.6956712537895562E-030   6.7851542928090265E-030  -3.1693853899376613E-030   2.9190931437584587E-030  -3.4287009649594471E-016   5.8118759472160388E-018  -8.4073262183094337E-019  -3.0617688017440095E-018   2.0435449244804719E-030  -9.2519024969740207E-031   4.3687041848643004E-030  -1.1214299338021756E-029   6.3224006169156088E-030  -2.4432426196937467E-030  -1.9955086965184137E-016   4.7385339448879271E-030  -1.4749577574621927E-030  -1.9783678598420201E-030   5.8144645691902379E-030  -1.4321467507348769E-030   5.5629434963044124E-030  -6.8142210795390078E-030   1.1419459980246118E-030  -4.2814587720802279E-031  -2.8399648927262940E-030   7.6210845034025075E-016  -2.8883360086533361E-018   4.1782005110503806E-019   1.5216114660040514E-018   2.6875376551033028E-015   1.7443928670743512E-015  -2.5233986444402025E-016  -9.1896793856477289E-016  -3.3722449174540591E-030   1.7718035883372868E-030   9.1149032171585071E-031  -6.5390411189507443E-030   1.0323384651151117E-030  -6.2160501340828078E-030   5.4430967223684647E-030   4.4493068544676952E-031  -2.9285682406465157E-031  -5.7757478776455783E-031  -1.9209155697326162E-029   2.1637765592416345E-030  -2.3130925335634093E-030  -1.1038447305906589E-029  -3.4625559222451434E-030  -1.8277749662842866E-029   3.0121368186698990E-016
   9.5333174611000351E-020  -7.7949883210245247E-019   6.4154148577781604E-019  -1.1304006897325241E-016  -2.3741141735997889E-019   1.9412122097469389E-018  -1.5976523812000383E-018   2.8332961386923978E-030  -1.5306798855358193E-029  -2.1008032605700480E-030  -2.6209457691017702E-030   1.5802695700435335E-031  -2.1056271980537837E-029  -5.4454263826618233E-016   3.6610752800618634E-019  -2.9935055834907925E-018   2.4637086556524813E-018   9.2928351989044626E-030   1.2744571289756281E-029   9.1130363715847872E-030   2.7281322956009741E-029  -2.4432426196937467E-030   5.2160688406782062E-029  -3.3030253129757477E-016  -1.4868343525878295E-030  -6.0738337695335758E-030  -6.4610742705336691E-030   2.4550872203442851E-030  -4.7461406295884494E-031   1.3743298471527765E-030   5.1356347816047937E-030  -6.2615742344635593E-030   1.8238498949099037E-030  -1.5272054030754610E-029  -7.9108459626085629E-015  -1.8194496334768070E-019   1.4876866002287231E-018  -1.2243926899871777E-018   1.3636102672087106E-015   1.0988454782206868E-016  -8.9847922337180283E-016   7.3946447658904450E-016  -7.6962975125810697E-031   1.0163805143530425E-029  -1.9556537551965689E-030  -8.5674453109188053E-031   1.3752554517030560E-031   8.4733643553622154E-031   2.0773191935477847E-030  -1.4028506020975506E-030  -4.8933392080253249E-030   4.0620798421814457E-030   7.9301290194826190E-029  -3.4795188566035175E-032  -8.2082074249720762E-030   5.9880681666769169E-029   7.8218545023568057E-032   5.5506473127044110E-029  -2.3261187720751773E-015
  -2.3027261925235088E-016  -3.7125324646572962E-016   4.0170356709572261E-017   4.3152873335279028E-002   6.6656253709625415E-016   4.0438271950712373E-016  -5.4570490726883721E-016  -9.2080329576805183E-016   2.8779823767776695E-018   1.1884184293829212E-016  -2.3538383620752575E-015   1.1532168573981125E-016  -1.9879548230441675E-015  0.22441651042973673       -5.9749396535594454E-016  -3.8533077668370651E-016   6.7876491438341617E-016  -1.7384702992727130E-015  -6.8724586152036934E-017  -4.4345336238512704E-017   1.5051086979338539E-016  -1.9955086965184137E-016  -3.3030253129757477E-016  0.13131850433502951        1.3441457562118008E-016   1.8740076137168118E-017  -6.1631457462528859E-017   3.8528956664532980E-017   3.6003566019890684E-017   4.7504765136593300E-017   1.7758331197125036E-016  -8.2095681106245403E-017  -6.1024764550436409E-018  -1.8716428538133766E-016  -1.3413620410451002E-002   2.6857184071815654E-016   1.5278192584903217E-016  -2.0501739977246145E-016  -1.1305308649993755E-003   3.2744730094060753E-015   4.3525856161513867E-015   5.9227192027546092E-017  -7.1835050207233702E-017   4.9890416784641106E-020   2.3176107004176984E-017  -5.1274895784905503E-018  -4.0076302360108833E-017   5.8043195511183266E-018  -7.6234981130061698E-017   2.7247540765369137E-017  -1.9592589727399069E-017   4.4027951045920885E-017   1.9179131143504573E-015   9.0155433403174151E-017   2.5794633176707688E-017   1.5756206304485142E-015   9.5267676110750820E-017   1.8031939493821504E-015  -4.7575911827419021E-002
   6.6537006324211020E-018   1.4324147807863403E-019  -3.5317621868981308E-019   4.4203822134184889E-017  -1.6569934906529258E-017  -3.5671907990903118E-019   8.7952663904767035E-019   4.3131048759776456E-030  -9.9111902972968302E-031  -3.5207359793582358E-030  -5.1623462866405172E-030  -1.8097590517154360E-030  -4.2956021423595024E-030   2.2955912175946332E-016   2.5552174260894540E-017   5.5008955334053753E-019  -1.3563009194172250E-018  -5.8962172353384917E-030  -5.0177895249451545E-032   5.9774551647022362E-030   9.2148753951761343E-030   4.7385339448879271E-030  -1.4868343525878295E-030   1.3441457562118008E-016   3.0754964020345294E-029   1.3794705393023415E-030  -2.8181550515466769E-030   1.8599124289113358E-029   3.1116591475980320E-031   2.1493183528306087E-029   1.9105020972155600E-030   5.0620012837354598E-030   5.0609264624310102E-030  -3.3411364671522437E-030   4.2887616436779844E-017  -1.2698699299058781E-017  -2.7337876433197870E-019   6.7404273932560971E-019  -1.4581578609202859E-015   7.6693017751727297E-015   1.6510543270519603E-016  -4.0708398990939096E-016  -2.5539237076177616E-029  -1.2789399088051648E-030   1.5732516812883968E-030  -2.1604290439848683E-029  -7.1843231481549611E-031  -2.1097958246831951E-029   1.5790106617054157E-030  -3.0317030335915028E-030  -2.7215043262898803E-030   4.4919657597510274E-030   8.1487302862401541E-030  -7.1604665711834659E-031  -4.1008160087723627E-030  -4.3264837813818388E-030  -4.1604135186963462E-030   9.0538385155504047E-030  -3.1562564520103256E-017
   2.2347787581389970E-019   6.8952357008196471E-018   1.5802604847426322E-018   6.4369182358251394E-018  -5.5653448506031625E-019  -1.7171437826792074E-017  -3.9353759380108918E-018   5.1285005319602590E-031   8.0499334209902001E-031  -9.9078075840275805E-032   2.9105324971673251E-030   4.5755100166522785E-031   3.5371933767750135E-030   3.0791277281569205E-017   8.5822100234275939E-019   2.6479740212309804E-017   6.0686666735817872E-018   3.5628829891306383E-030  -1.1389172708093893E-030  -1.1256543710333982E-030  -1.0045962769777548E-030  -1.4749577574621927E-030  -6.0738337695335758E-030   1.8740076137168118E-017   1.3794705393023415E-030   3.3526183381657420E-029  -7.6891996065729652E-032   3.5071272263664077E-030  -5.9372392216077839E-031  -2.7527732919023978E-030   7.4542644443111053E-029   9.2219926923300995E-031   4.5114579799463151E-029   1.3878527955069220E-029   4.9026751205378766E-016  -4.2651127569344168E-019  -1.3159673029774780E-017  -3.0159536502637806E-018  -8.6841522654284892E-017   2.5758887637162955E-016   7.9477040405349126E-015   1.8214667612116408E-015  -5.4416716219285762E-031  -3.3233884369586845E-029  -7.5662139644601566E-030  -1.9768594034946802E-030   3.2807354075302344E-030  -6.9461019817665665E-031  -3.9132449257561551E-029  -2.9242931997021928E-030  -2.3184631984445189E-029   2.0356457994072466E-030  -1.1314719894626965E-029  -3.8564679017090019E-031   1.5331390672774276E-030  -6.6865146469905568E-030  -1.4778274584497889E-031  -3.0388194045372672E-030   1.4473102687185809E-016
