   8.2335521305487019E-004  -1.4056273531668699E-017  -6.4214044187381339E-017   4.7963985658849674E-017   1.3002050178525537E-002  -6.9830560841946995E-017  -6.6799432264373799E-016  -1.8341406526226794E-017  -3.0162787081032894E-018   1.8432126972729207E-019   1.6677800121215331E-018   6.7204410722205272E-018  -5.7302946030625170E-018   9.5062955891018955E-016   6.4758053067231831E-016   6.1937412105492116E-018  -4.9473177164108189E-018   2.5983069368493805E-016  -2.7911490530815595E-018   2.3119146043781677E-016  -3.7953440011318677E-018   3.3594618193455975E-019   2.7782278259798856E-018  -9.8923468814174976E-018   2.3894894406596979E-018  -2.0789246345479809E-018  -1.4976420336953650E-018  -8.4733446537444068E-018  -3.6413998521626343E-018  -8.9898419709036598E-018   1.9802459829017627E-002  -1.6122530997156759E-016  -9.9736435473299356E-016   1.5186543722273341E-015  -1.1348207573599461E-015   1.1768037890373962E-015  -1.8995123064955779E-018  -5.6866220908824796E-018   5.5347919723547040E-016   2.2183643631490862E-018   5.2945259792205181E-016   5.1250062866583452E-018  -1.0644598031479481E-017   2.3591612945891297E-019  -9.8003791486480187E-018   4.0869963906641722E-016   1.6403066288313662E-002  -1.1137625635534954E-016  -8.5320442930799517E-016  -3.2588250673369551E-018   9.2814554076672808E-019   1.8053529664911820E-018  -4.4623514049282471E-018  -3.3548012717577149E-019   1.2548720524034854E-018
  -1.4056273531668699E-017   8.2335521305481349E-004   2.2405940513897367E-017  -3.1446939904169202E-018  -1.3047483761268429E-016   1.3002050178525034E-002  -1.6280926158293314E-016   4.6265124439892765E-018  -1.4483480110334174E-018   9.7791217895888623E-020  -5.1203370648981970E-018   4.2107469244522260E-018   1.0248254574973263E-017   1.2411933218528168E-016  -5.0554725661267246E-018   2.2561032497015441E-016   4.0700709527088487E-018  -3.9184957965927248E-018  -9.6417266411551114E-019  -5.1269883871392919E-018   6.1309449903762524E-016   5.7128011398626839E-018   1.9451692486450539E-016   1.2047149073224526E-017   1.3480823544863019E-017   5.7748041773904721E-018  -2.8147420887440428E-019   1.6367304570517003E-017  -1.0876427200792268E-018   8.2530649537408958E-018  -1.6025842186227681E-016   1.9802459829017117E-002  -2.8247405296452123E-016   2.2759592763267184E-016  -2.2830899892929106E-015  -2.6778761718890087E-018   5.3756419274275068E-016   6.9484875489504235E-018  -7.1041691852981866E-019  -8.4645400229360774E-020  -8.2390585431709399E-019   1.1489110072988101E-015   6.1544494899403277E-018   5.1550130805132321E-016   1.5021404429418591E-017  -2.0187988042703269E-017  -1.5667780183599607E-016   1.6403066288313079E-002  -2.0149092694343208E-016   5.0810802082817611E-018  -4.8239205768755210E-021   6.2058191775776992E-019   3.6895936279494441E-018  -1.6215947869907335E-019   5.2509603453702241E-018
  -6.4214044187381339E-017   2.2405940513897367E-017   8.2335521305383597E-004  -4.4814147949964866E-018  -3.2443648868797290E-016   5.1456489216046217E-016   1.3002050178517376E-002   1.6682695801032643E-017   1.7695002856944945E-018   6.6308836890009489E-018  -5.3260289319799520E-018  -5.5275168609164941E-018  -1.1374801113359972E-017  -3.0956496672525866E-016  -1.9681273411938104E-017  -5.1196694145535535E-018  -7.4236730685899664E-017  -2.2104635848248627E-017   3.5537149981347109E-018   2.2685320989117418E-018   4.1371444135248195E-018  -1.0680411949477242E-016  -9.8906584521333126E-019  -1.2454766320610883E-016  -1.1032936914738565E-017  -7.6058278109196252E-019   1.9263578279083416E-018   1.3798328466476537E-018   2.3195519378881529E-018   1.5288479557440364E-017  -4.5353066259663267E-016   7.4477912986176120E-016   1.9802459829008155E-002  -4.0774324998159312E-016  -3.9558422682393449E-015  -2.2118427711080004E-017   6.9971969899080438E-018   9.3217414546247588E-017  -2.2592503027017383E-018  -1.9416258794501812E-018  -2.0846182135472934E-017   1.0828699361189713E-017   1.0369116627208219E-016   5.7465514026823791E-018   1.1138163988793925E-016  -3.1876104720680400E-016  -4.4619705133930494E-016   6.3441370144984126E-016   1.6403066288302948E-002   8.2946018627387351E-018  -1.2358305980039783E-018  -2.5634702433657289E-018   1.4753302272011285E-017  -9.5280943334417000E-020   1.8575214125188799E-018
   4.7963985658849674E-017  -3.1446939904169202E-018  -4.4814147949964866E-018   7.6690811200132348E-005   4.8371689263624591E-016  -1.2490907341181490E-016  -4.5945407290885492E-017  -2.6269848014168813E-016   1.4659568783337919E-018   2.6820442418957924E-018  -2.5794049598010610E-016   1.9712981925821525E-018  -2.6177924093061125E-016   4.3954029634829051E-003   2.0205048697403180E-018   3.0591613489821621E-018  -4.2458902002534710E-019   1.5821065503463812E-018  -5.1984544546083728E-019  -2.5438705189111997E-018   3.1828320586472669E-018  -3.8141839053591717E-019   2.4848049618489675E-018   3.2400219631389972E-018  -3.1461044835307548E-016  -4.9458791071128665E-019  -1.1967387046846650E-018  -3.2110552893627853E-016  -8.6340166177400530E-019  -2.9545984377959989E-016   7.4223398920022353E-016  -1.8995198514623178E-016  -6.9694171587567392E-017   7.2613541156309764E-003  -1.4862083011711689E-003  -3.3626809542211840E-018   3.8826481085674180E-019   2.7575200654899674E-019   2.0938114152591049E-018   3.9053219151679877E-020   3.6510786461092865E-018   1.8308712987130582E-018  -8.0624462214904539E-019  -6.3194434439745119E-019  -1.0873546593873055E-018   2.1128726999574796E-003   6.1485509502376551E-016  -1.5255420886340387E-016  -5.6189040433495591E-017  -1.1406638432910561E-016  -6.6402389777613781E-020  -4.6806833185477656E-019  -1.2022425096228880E-016  -2.5732783135131412E-019  -1.1118549840386737E-016
   1.3002050178525537E-002  -1.3047483761268429E-016  -3.2443648868797290E-016   4.8371689263624591E-016  0.20532244912576983        3.4212168959369543E-016   3.4122552873550038E-016  -2.8963913049535733E-016  -4.7631698316046672E-017   2.9107174642959588E-018   2.6336821655105715E-017   1.0612614173974406E-016  -9.0490200079793582E-017   5.9927653568839176E-017   1.0226296525405649E-014   9.7808737632912387E-017  -7.8125786025287603E-017   4.1031278646771528E-015  -4.4076553434650521E-017   3.6508701491136494E-015  -5.9934342268098574E-017   5.3051089559717190E-018   4.3872507306719535E-017  -1.5621543229009756E-016   3.7733727942018942E-017  -3.2829430101596477E-017  -2.3650080260405078E-017  -1.3380719599576597E-016  -5.7503326446702198E-017  -1.4196348617081351E-016  0.31271141819802251       -3.4544714094461582E-016   8.3565560070678058E-016  -8.1593296293695054E-016   2.2206851000559392E-015   1.8583548962510228E-014  -2.9996232406308748E-017  -8.9800543677343236E-017   8.7402911660996954E-015   3.5031398728746873E-017   8.3608740628383095E-015   8.0931762923147769E-017  -1.6809463952010297E-016   3.7254799685049160E-018  -1.5476311977965412E-016  -7.7805944674140300E-017  0.25902974509754134        6.3988256967378865E-017   2.6499256348261335E-016  -5.1461879850359652E-017   1.4656851262589167E-017   2.8509311033783334E-017  -7.0467419117486204E-017  -5.2977492317666590E-018   1.9816367388478865E-017
  -6.9830560841946995E-017   1.3002050178525034E-002   5.1456489216046217E-016  -1.2490907341181490E-016   3.4212168959369543E-016  0.20532244912576808       -3.2671754841492873E-017   7.3059775409862163E-017  -2.2871651526367734E-017   1.5442743325522979E-018  -8.0858028701539504E-017   6.6494195861891595E-017   1.6183576433761648E-016  -4.3860935666730994E-016  -7.9833718106912397E-017   3.5627354021016075E-015   6.4272705046620386E-017  -6.1879099280375317E-017  -1.5225775170708150E-017  -8.0963063350089174E-017   9.6817088351077540E-015   9.0213951284551066E-017   3.0717226022983929E-015   1.9024308618516899E-016   2.1288301986587799E-016   9.1193074987640199E-017  -4.4449123898350794E-018   2.5846501235201733E-016  -1.7175558007708865E-017   1.3032863939288704E-016   1.1283732466189217E-015  0.31271141819802389       -5.9474587798050149E-016  -6.2021116078480376E-016   4.0364376139631561E-015  -4.2287799732712023E-017   8.4889686703838374E-015   1.0972734773989719E-016  -1.1218580116881301E-017  -1.3366815727998971E-018  -1.3010745654300718E-017   1.8143078868882293E-014   9.7188260693128431E-017   8.1405616532270394E-015   2.3721117088529195E-016   2.3523756459060293E-016   5.5677677908688022E-016  0.25902974509753995        2.0454151610296845E-017   8.0238102317570869E-017  -7.6177154652527870E-020   9.7999467382198412E-018   5.8264380583217301E-017  -2.5607485633506949E-018   8.2920771998549974E-017
  -6.6799432264373799E-016  -1.6280926158293314E-016   1.3002050178517376E-002  -4.5945407290885492E-017   3.4122552873550038E-016  -3.2671754841492873E-017  0.20532244912576994        2.6344552688626818E-016   2.7943141842992202E-017   1.0471189237087449E-016  -8.4106220897526251E-017  -8.7288026417794247E-017  -1.7962567370950941E-016  -9.1991527171085839E-017  -3.1079769754519834E-016  -8.0847485471849083E-017  -1.1723126084148961E-015  -3.4906633239225130E-016   5.6118647205134034E-017   3.5823624742048551E-017   6.5331898562342461E-017  -1.6866019658669582E-015  -1.5618876938577259E-017  -1.9667999193406018E-015  -1.7422711013343346E-016  -1.2010776549315751E-017   3.0420164642364440E-017   2.1789691282400227E-017   3.6629306780297512E-017   2.4142869955248877E-016   1.1607536221265591E-015  -6.6431777613618070E-016  0.31271141819806941        1.0415457804290953E-015   5.1411389127943180E-015  -3.4928412720217575E-016   1.1049654502579897E-016   1.4720469151419706E-015  -3.5677050847105799E-017  -3.0661270751995532E-017  -3.2919340505606672E-016   1.7100188379138288E-016   1.6374436276878717E-015   9.0746920048890192E-017   1.7588880811444439E-015   2.8078547471690627E-016  -1.5216777490834055E-016  -2.7412696678580373E-016  0.25902974509753490        1.3098457132403112E-016  -1.9515673420951325E-017  -4.0481153464436120E-017   2.3297742383533386E-016  -1.5046332210321767E-018   2.9333131350129188E-017
  -1.8341406526226794E-017   4.6265124439892765E-018   1.6682695801032643E-017  -2.6269848014168813E-016  -2.8963913049535733E-016   7.3059775409862163E-017   2.6344552688626818E-016   9.8021479912708625E-028  -1.1386803384862508E-029  -6.4958448121351456E-030   9.5560112507976882E-028   7.2541576098120103E-031   9.8231317966015917E-028  -1.5661186341827264E-014  -9.4469269744135824E-030  -1.3452538466362299E-029  -1.4599677072596766E-030  -1.4628086405276476E-031   6.3728389769965390E-030  -2.6973524792064747E-029   1.3676024362032759E-029   9.7820190249462071E-031  -6.7115308424531784E-030  -6.6383653356365774E-030   1.4542536337391516E-027   7.4337364773943094E-030   3.4215226993112105E-030   1.4888971718669336E-027   1.3101216639853424E-030   1.3700023257452345E-027  -4.4112791196717604E-016   1.1127193387246085E-016   4.0123437393879016E-016  -2.5793258104251610E-014  -7.1207427526772923E-015  -3.5442965483054483E-029   1.2190512479060709E-029   1.5256264055981474E-030  -2.2770819040856207E-029  -1.9072789891652181E-030  -1.0728852752650232E-030   3.5637630668276738E-030   5.1864429401279616E-030   6.4543521540458139E-030   4.2390505009285168E-030  -8.0679522668111703E-015  -3.6540159374648133E-016   9.2170413327334084E-017   3.3235638853421765E-016   5.7734993568688174E-028   5.9742689016624599E-031   1.2227342315037840E-030   5.8965025377023170E-028  -3.4341680610265195E-030   5.7416037098060176E-028
  -3.0162787081032894E-018  -1.4483480110334174E-018   1.7695002856944945E-018   1.4659568783337919E-018  -4.7631698316046672E-017  -2.2871651526367734E-017   2.7943141842992202E-017  -1.1386803384862508E-029   5.6979341156831703E-031  -1.4316324020009960E-031  -1.0801160488284534E-029  -6.3252838157601481E-031  -1.1977913773744425E-029   1.3313221822394310E-016  -3.3677158382433830E-030  -4.7434583434407075E-032  -3.1429662655177740E-032  -1.8982091255238838E-030  -3.5266956501208599E-031   1.5984095656457642E-030  -2.6965810575154733E-030  -3.9511458582425392E-031  -3.7101136796817258E-031  -7.3416646488108022E-031  -3.6653154520687107E-029  -4.7436724996241218E-031   4.8011415523790926E-032  -3.7680650612646492E-029   1.4735551824956109E-031  -3.4604148827920425E-029  -7.2544312592279313E-017  -3.4834118800915864E-017   4.2558130159835267E-017   2.1348183135233364E-016   9.6280459731717512E-016  -2.7718101606471165E-030  -1.7535272253431380E-030   1.8047369719117962E-031  -1.7298859837253732E-030   1.2530749974923645E-031  -3.8332181775827519E-030  -2.2472965884580875E-030   2.3138035927842597E-031  -1.0114488384608526E-030   3.9406957943874245E-031   1.0779675750976167E-016  -6.0090977513185147E-017  -2.8854312278372909E-017   3.5252379560212125E-017  -1.7285941104600459E-029  -4.1060257795710115E-032   1.5338244963823679E-033  -1.6657025690521869E-029   3.4706415177149600E-031  -1.7822318309056703E-029
   1.8432126972729207E-019   9.7791217895888623E-020   6.6308836890009489E-018   2.6820442418957924E-018   2.9107174642959588E-018   1.5442743325522979E-018   1.0471189237087449E-016  -6.4958448121351456E-030  -1.4316324020009960E-031   2.2962665024447806E-031  -6.7404494028021123E-030   2.7466484210967668E-031  -6.4910463313078342E-030   1.3425070051905939E-016   4.5311200886511504E-031  -3.4737506757119393E-032  -6.6298717590530147E-031   3.0598559101329809E-031   1.5329437865517801E-031  -1.0025307238639595E-030   8.9107954877640351E-031  -8.1446494045989246E-031   1.2803869591776613E-031  -6.7510909701577157E-031   1.0322968881754293E-030   1.5941100051367777E-031  -5.0791810441134690E-032   1.2853997583117406E-030  -6.9383223581855889E-032   1.2864018389511361E-030   4.4330982321210542E-018   2.3519698828626338E-018   1.5947892938605364E-016   2.2434595645562323E-016  -4.4484330817154678E-016  -6.8515073615885505E-031   4.6522682665847825E-031   7.7329568869542339E-031   7.5280371856933183E-032  -6.7970169901718273E-032   8.3924607424502806E-031   3.9417941910232689E-031   8.0690174743975062E-031   1.2669796650598523E-031   7.9277927431573621E-031   4.7174255929349171E-017   3.6720894672639923E-018   1.9482184652729990E-018   1.3210194455109928E-016   2.0728596462109719E-030   1.3063795823603172E-033  -4.5928150675196323E-032   1.6213810138303363E-030  -1.4885041400399357E-031   2.3450641553400009E-030
   1.6677800121215331E-018  -5.1203370648981970E-018  -5.3260289319799520E-018  -2.5794049598010610E-016   2.6336821655105715E-017  -8.0858028701539504E-017  -8.4106220897526251E-017   9.5560112507976882E-028  -1.0801160488284534E-029  -6.7404494028021123E-030   9.3315490077095649E-028   3.9452035846557010E-031   9.5818489467458597E-028  -1.5332467017908632E-014   5.8605047184524904E-030  -1.5275813392211513E-029   4.7255814510569929E-031   5.8358734375361018E-030   5.7759127796270259E-030  -1.8683845090153764E-029   4.4717121875689658E-030   3.5823145475024160E-030  -8.8391444168809829E-030  -4.1110874674363840E-030   1.4000420983399800E-027   6.7789375195230024E-030   3.3320347836605148E-030   1.4325522431612828E-027   1.2827632395437309E-030   1.3178578315029109E-027   4.0111662829221752E-017  -1.2314887600264499E-016  -1.2809595700868186E-016  -2.5257568272334005E-014  -6.0822728401784628E-015  -4.5519147012888032E-030   4.6625969024620505E-030  -1.2079602989719249E-030  -8.8233813257334683E-030  -1.6420958635242408E-030   1.0397166278391563E-029  -1.0391481114431326E-029   2.0283432701057978E-030   4.6098503825354940E-032   9.6766515322382474E-031  -7.8599740803946346E-015   3.3225885571925230E-017  -1.0200849762325794E-016  -1.0610633690061418E-016   5.5265743618292271E-028   6.1046357886827622E-031   1.3257745408337340E-030   5.6521831083655871E-028  -3.0538064982184964E-030   5.4928667450707527E-028
   6.7204410722205272E-018   4.2107469244522260E-018  -5.5275168609164941E-018   1.9712981925821525E-018   1.0612614173974406E-016   6.6494195861891595E-017  -8.7288026417794247E-017   7.2541576098120103E-031  -6.3252838157601481E-031   2.7466484210967668E-031   3.9452035846557010E-031   9.1221990680867911E-031   1.6570826074397878E-030   5.4320980923507225E-017   6.6390249181873729E-030   9.2960282708464765E-031   3.1828357909141205E-031   3.4077513186889471E-030   3.6778450229314083E-031  -1.1819889031013064E-030   5.1910421160098597E-030   9.1475757988954299E-031   1.1644546656610219E-030   1.5494142451059945E-030   2.8603853899007850E-029   5.5525647774851005E-031  -1.2993559437996445E-031   2.9431937458641611E-029  -2.4458992114837574E-031   2.6918039205976859E-029   1.6163286787501886E-016   1.0127238584210106E-016  -1.3294192938492283E-016   9.7452384093007791E-017  -1.2220990720236990E-015   7.6873006686506746E-030   3.6967706866226407E-030  -5.8929553887217321E-031   4.2708887239808862E-030  -1.3157444615648002E-031   6.8444191829886096E-030   6.2093047174294614E-030  -7.6720964903033498E-031   2.7077169050255308E-030  -9.7714268918503073E-031  -2.6202234182909788E-017   1.3388612672447183E-016   8.3887439867921596E-017  -1.1012042438290630E-016   1.5078485708633351E-029   5.4443609098735724E-032  -5.2142113620401188E-033   1.3992908695546693E-029  -4.2838376079505836E-031   1.5903250382187433E-029
  -5.7302946030625170E-018   1.0248254574973263E-017  -1.1374801113359972E-017  -2.6177924093061125E-016  -9.0490200079793582E-017   1.6183576433761648E-016  -1.7962567370950941E-016   9.8231317966015917E-028  -1.1977913773744425E-029  -6.4910463313078342E-030   9.5818489467458597E-028   1.6570826074397878E-030   9.8607241894833326E-028  -1.5654610727377693E-014   2.0716498040198960E-030  -1.1910896210939572E-029   8.9911932711407991E-031   5.4576644885388057E-030   6.5363023469511183E-030  -2.5903604903744014E-029   1.9298810071892145E-029   4.7953631813745725E-030  -5.2172405733915823E-030  -1.9143456435429880E-030   1.4796995319979313E-027   7.8938654712760647E-030   3.2596243573531594E-030   1.5146012735338778E-027   1.0226929157828269E-030   1.3930917137733419E-027  -1.3781892296946657E-016   2.4648006877312092E-016  -2.7357456239994906E-016  -2.5776332874732687E-014  -8.0691355792677604E-015  -1.8268716786207990E-029   1.6384139112035468E-029  -1.6556186063513916E-030  -1.4441417341882644E-029  -1.9355945681725971E-030   9.5877182269075700E-030   1.1389290753563846E-029   1.5262388384978736E-030   9.8720107466973325E-030   2.2706921075935356E-031  -8.1059120329868219E-015  -1.1416020781116488E-016   2.0416801456699690E-016  -2.2661132609732362E-016   5.8988587746459606E-028   6.8460677862867492E-031   1.3141224878548523E-030   6.0118287489429933E-028  -3.7694731985866250E-030   5.8754696868132021E-028
   9.5062955891018955E-016   1.2411933218528168E-016  -3.0956496672525866E-016   4.3954029634829051E-003   5.9927653568839176E-017  -4.3860935666730994E-016  -9.1991527171085839E-017  -1.5661186341827264E-014   1.3313221822394310E-016   1.3425070051905939E-016  -1.5332467017908632E-014   5.4320980923507225E-017  -1.5654610727377693E-014  0.25651505767112537        2.2085198028301859E-017   2.0573772313531101E-016  -1.2601924501068442E-017   3.0108583197898728E-018  -6.3726814619819958E-017   8.6491367290005870E-017   2.3031518037715523E-017  -3.5629288931774085E-017   1.3641478400743577E-016   1.3479331621359812E-016  -2.0895826385501672E-014  -7.1499727350194035E-017  -6.2897629077243100E-017  -2.1358439494776106E-014  -3.6032588002519588E-017  -1.9650679537024089E-014  -1.3993837303877244E-017  -9.1722444108948330E-016  -6.8642447301649297E-016  0.42316675601722009        7.6591333073100232E-003  -3.8522412231877591E-017  -5.6172613936912167E-017   1.2643792896300911E-017   1.4447806243385819E-016   1.5042896561373820E-017   2.9419419534172402E-017   8.0041342097452213E-017  -4.6604118720318911E-017  -4.5963991235592874E-017  -4.6771899913679761E-017  0.12740931267033814        2.5931762577002850E-016  -4.8534115929991849E-016  -2.6993870489642004E-016  -7.9542797051163037E-015  -6.9661916766896243E-018  -2.4607166396673955E-017  -8.2392196425449456E-015   1.8096326381019230E-017  -7.8416899274978356E-015
   6.4758053067231831E-016  -5.0554725661267246E-018  -1.9681273411938104E-017   2.0205048697403180E-018   1.0226296525405649E-014  -7.9833718106912397E-017  -3.1079769754519834E-016  -9.4469269744135824E-030  -3.3677158382433830E-030   4.5311200886511504E-031   5.8605047184524904E-030   6.6390249181873729E-030   2.0716498040198960E-030   2.2085198028301859E-017   5.1179527273681259E-028   3.0696902455367378E-030  -2.3918061061718027E-030   2.0674064153575733E-028  -1.5966889051604097E-030   1.7701316518305016E-028  -3.5173899586736489E-030   3.0526336837351681E-030   1.2020605751535049E-030  -3.7548765139260262E-030   5.2129324195812585E-029  -7.8624952215350833E-031  -1.3697160294470472E-030   4.4940873430561687E-029  -3.2095812344974676E-030   4.0080487450397676E-029   1.5574914983671648E-014  -1.2158882438592674E-016  -4.7335295865536070E-016   4.8806698763023639E-017  -1.9305574591506907E-015   9.2288780450936581E-028  -3.3539542210782975E-030  -6.6718653273693315E-030   4.3493412827626900E-028   1.5318670067856376E-030   4.2068531360575669E-028  -2.7270103601168560E-030  -1.0901705311718709E-029  -2.9351462597431151E-030  -1.0808214584815260E-029  -7.2961410686245187E-017   1.2901243841315720E-014  -1.0071625260401131E-016  -3.9209472083941670E-016   2.3065858947254998E-029   8.2220866141007774E-031   1.4198547386372419E-030   2.0426076071610716E-029  -9.3651001264021014E-031   2.7914730052924011E-029
   6.1937412105492116E-018   2.2561032497015441E-016  -5.1196694145535535E-018   3.0591613489821621E-018   9.7808737632912387E-017   3.5627354021016075E-015  -8.0847485471849083E-017  -1.3452538466362299E-029  -4.7434583434407075E-032  -3.4737506757119393E-032  -1.5275813392211513E-029   9.2960282708464765E-031  -1.1910896210939572E-029   2.0573772313531101E-016   3.0696902455367378E-030   6.2221694691550728E-029   1.6002639787841677E-030   5.0194865001986785E-031  -5.5232826688569846E-031   1.7541827521628358E-030   1.6701518879861700E-028   2.1257951564264729E-030   5.3386757470049993E-029   3.7938729398742562E-030  -2.7703814669485460E-029   1.2664839416843859E-030  -1.1048809286472218E-031  -2.7928153334293650E-029  -2.8536614870259456E-031  -2.7646234721610962E-029   1.4896524558117158E-016   5.4261384714589349E-015  -1.2313281839028719E-016   3.3588795016932524E-016   5.5439650277573088E-016   9.1415209392822861E-030   1.4673905174782103E-028   1.2716776208252685E-030   4.2282707942655320E-030   9.1765754207791462E-032   2.8435926882577741E-030   3.1469667273678388E-028   9.2679353487334590E-031   1.4113066023615503E-028   3.4091650692224453E-030   1.2601573119624976E-016   1.2339309454587154E-016   4.4946592395801585E-015  -1.0199519654434828E-016  -1.2598908528249615E-029  -1.0195260552379087E-032   1.9556784541080148E-031  -1.2825631812184078E-029   1.6047939646589146E-031  -1.2710649897485236E-029
  -4.9473177164108189E-018   4.0700709527088487E-018  -7.4236730685899664E-017  -4.2458902002534710E-019  -7.8125786025287603E-017   6.4272705046620386E-017  -1.1723126084148961E-015  -1.4599677072596766E-030  -3.1429662655177740E-032  -6.6298717590530147E-031   4.7255814510569929E-031   3.1828357909141205E-031   8.9911932711407991E-031  -1.2601924501068442E-017  -2.3918061061718027E-030   1.6002639787841677E-030   6.7755784787306487E-030   1.8005932377855614E-031  -3.9208037756878979E-031  -1.0124993143237452E-030   2.2563319961450732E-030   9.6230662670216217E-030   1.0049808042550910E-030   1.1200898506703625E-029  -4.5171366522847814E-030   2.2883273821064244E-033  -1.4493811241619377E-031  -5.7512830034911690E-030  -1.5354591557754378E-031  -6.5774968382201771E-030  -1.1898759950422579E-016   9.7888997682086323E-017  -1.7854625244818844E-015  -2.2361334778342521E-017   2.4501864262659037E-016  -4.6781296356196624E-030   1.8356700175505904E-030  -8.3458945043596759E-030  -3.0746831612459742E-030   1.9375890005896804E-031  -1.7847371598065230E-030   4.5986078571485771E-030  -9.2513381290107915E-030   2.0073598272704746E-030  -9.8637590395090370E-030   4.4056089412548304E-018  -9.8561567553086167E-017   8.1084861766663146E-017  -1.4789607148428671E-015  -3.6851885477388985E-030   9.8132913949331906E-032   2.3160376557150629E-031  -4.0596766664605397E-030   9.5001940482549613E-032  -3.2809929612772011E-030
   2.5983069368493805E-016  -3.9184957965927248E-018  -2.2104635848248627E-017   1.5821065503463812E-018   4.1031278646771528E-015  -6.1879099280375317E-017  -3.4906633239225130E-016  -1.4628086405276476E-031  -1.8982091255238838E-030   3.0598559101329809E-031   5.8358734375361018E-030   3.4077513186889471E-030   5.4576644885388057E-030   3.0108583197898728E-018   2.0674064153575733E-028   5.0194865001986785E-031   1.8005932377855614E-031   8.4311586316705697E-029  -3.3568933752172538E-031   6.8442537894515735E-029  -1.1234466948001955E-030   3.2007328000089000E-030   1.4311187950298581E-031   1.2015384600688230E-030   4.9085131625936162E-029   1.4906538975642192E-031  -6.5614834774714780E-031   4.6898116431718076E-029  -1.4804016344460822E-030   4.2395229190762925E-029   6.2491702153088017E-015  -9.4243473985311570E-017  -5.3163708261005648E-016   1.6499608478934512E-017  -1.7999251265723530E-015   3.6896884589985698E-028  -1.8430632315496165E-030  -4.2643185024374951E-030   1.7430525043102049E-028   5.0937347371458914E-031   1.7114835218191576E-028  -3.6291204221654293E-030  -6.1813567848281342E-030  -2.3605108327809778E-030  -6.4732502039306202E-030  -7.6733454626050803E-017   5.1764050614792090E-015  -7.8065147682138865E-017  -4.4037348807538421E-016   2.3371363858798207E-029   3.8496149562245448E-031   5.8364156231490247E-031   2.1402081066302068E-029  -7.3378222997766709E-031   2.6028174074737027E-029
  -2.7911490530815595E-018  -9.6417266411551114E-019   3.5537149981347109E-018  -5.1984544546083728E-019  -4.4076553434650521E-017  -1.5225775170708150E-017   5.6118647205134034E-017   6.3728389769965390E-030  -3.5266956501208599E-031   1.5329437865517801E-031   5.7759127796270259E-030   3.6778450229314083E-031   6.5363023469511183E-030  -6.3726814619819958E-017  -1.5966889051604097E-030  -5.5232826688569846E-031  -3.9208037756878979E-031  -3.3568933752172538E-031   2.7976234119059873E-031  -2.4642021505278406E-030   4.6693538633076555E-031  -3.6465627128933193E-031  -2.1407327481000823E-031  -1.6460760923177235E-031   2.3191157704676573E-029   3.1868029185033795E-031  -2.0150338979365663E-032   2.3988746061050474E-029  -6.9746998733006399E-032   2.2131136117485865E-029  -6.7129734680823591E-017  -2.3189250698444238E-017   8.5470155989255015E-017  -1.0081760619666073E-016  -6.7476162183346198E-016  -5.1963700343372076E-030  -1.6980357430371326E-032   4.3492423121359841E-031  -2.0799314247140218E-030  -1.1052106358165136E-031  -5.8200468296940197E-031  -1.1448354105012887E-030   4.8480641430065814E-031  -5.0349356022590121E-031   3.8905003320045124E-031  -6.0895230295817672E-017  -5.5605894287584984E-017  -1.9208462972136301E-017   7.0797903213498602E-017   1.1264997460119816E-029   1.5288826554958968E-032  -3.1109793049117237E-032   1.0838804646663090E-029  -2.3962236523273598E-031   1.1589630549741527E-029
   2.3119146043781677E-016  -5.1269883871392919E-018   2.2685320989117418E-018  -2.5438705189111997E-018   3.6508701491136494E-015  -8.0963063350089174E-017   3.5823624742048551E-017  -2.6973524792064747E-029   1.5984095656457642E-030  -1.0025307238639595E-030  -1.8683845090153764E-029  -1.1819889031013064E-030  -2.5903604903744014E-029   8.6491367290005870E-017   1.7701316518305016E-028   1.7541827521628358E-030  -1.0124993143237452E-030   6.8442537894515735E-029  -2.4642021505278406E-030   7.6769181184678869E-029  -1.3026183489919736E-029  -9.1815324992740513E-031  -8.1915029640622744E-031  -5.8737968498634994E-030  -1.3365505420561149E-028  -2.7845127890216369E-030  -8.6369008480927836E-032  -1.4103643624583907E-028  -3.0139423219785548E-031  -1.2992894098697615E-028   5.5603699782814492E-015  -1.2330884649812677E-016   5.4560310115991111E-017   1.1234692091599097E-016   4.7373873779893789E-015   3.3829108999463489E-028  -7.8346101024126425E-030  -1.5519311561141657E-030   1.5657712232326117E-028   1.2633784018885324E-030   1.3941137058817088E-028  -7.0030138216806261E-030  -2.7347796148688260E-030  -3.5990646023778911E-030  -1.7173253635890743E-030   2.4873502635415506E-016   4.6058478658115636E-015  -1.0214100674908259E-016   4.5194202703647076E-017  -6.8682569243031487E-029   9.9849447722340306E-032   6.2359922656242730E-031  -6.5356604054035220E-029   1.5736442390707701E-030  -7.0181791403058148E-029
  -3.7953440011318677E-018   6.1309449903762524E-016   4.1371444135248195E-018   3.1828320586472669E-018  -5.9934342268098574E-017   9.6817088351077540E-015   6.5331898562342461E-017   1.3676024362032759E-029  -2.6965810575154733E-030   8.9107954877640351E-031   4.4717121875689658E-030   5.1910421160098597E-030   1.9298810071892145E-029   2.3031518037715523E-017  -3.5173899586736489E-030   1.6701518879861700E-028   2.2563319961450732E-030  -1.1234466948001955E-030   4.6693538633076555E-031  -1.3026183489919736E-029   4.6222118173867962E-028   4.1769599166151700E-030   1.4513617991972749E-028   1.0288652045091348E-029   9.6165844453541999E-029   5.7805446169435693E-030  -4.3988020465810235E-031   1.0128893151888380E-028  -1.2833758061374750E-030   8.8139696201204127E-029  -9.1281558588527030E-017   1.4745493799133345E-014   9.9502176892926351E-017   5.9003949493670948E-017  -3.2784534703312305E-015  -1.3012349140169545E-029   4.0306349762882247E-028   5.7896057327170347E-030  -3.8528038605067592E-030  -5.2505914718131862E-031   3.2238566310912672E-030   8.5648216935166772E-028   5.1331181734068115E-030   3.8419665205995908E-028   1.1206368289903462E-029  -1.3107237426745205E-016  -7.5611690131276945E-017   1.2214205423443036E-014   8.2421114220091532E-017   4.8195634192228055E-029   9.2670759389439222E-032   3.4457580974502869E-031   4.4586218527354013E-029  -1.2683968666663373E-030   5.0208427073809062E-029
   3.3594618193455975E-019   5.7128011398626839E-018  -1.0680411949477242E-016  -3.8141839053591717E-019   5.3051089559717190E-018   9.0213951284551066E-017  -1.6866019658669582E-015   9.7820190249462071E-031  -3.9511458582425392E-031  -8.1446494045989246E-031   3.5823145475024160E-030   9.1475757988954299E-031   4.7953631813745725E-030  -3.5629288931774085E-017   3.0526336837351681E-030   2.1257951564264729E-030   9.6230662670216217E-030   3.2007328000089000E-030  -3.6465627128933193E-031  -9.1815324992740513E-031   4.1769599166151700E-030   1.3937318881760417E-029   1.4846714858626837E-030   1.6371895295696682E-029   1.1664371499248083E-029   2.6950849235755180E-031  -2.6353137606674593E-031   1.0372572006494650E-029  -3.4589048688955771E-031   7.6721576904663444E-030   8.0798186091184623E-018   1.3739818888562102E-016  -2.5687385618454122E-015  -5.7050543259282786E-017  -2.7049522362449290E-016   2.8858992542364930E-030   3.0542322577064630E-030  -1.2038011128988794E-029   4.3029556342034268E-031   2.1366060872998757E-031   3.4345701715287379E-030   6.6344641874821168E-030  -1.3407073865707338E-029   2.8637518084901805E-030  -1.4389125182125452E-029  -2.9406358714875058E-017   6.6927948036472379E-018   1.1381169913459287E-016  -2.1277755021902605E-015   3.7659477086915149E-030   1.7044508861217369E-031   3.3325596577769845E-031   2.7451147105491505E-030  -8.5933884862311567E-032   4.7468602947909115E-030
   2.7782278259798856E-018   1.9451692486450539E-016  -9.8906584521333126E-019   2.4848049618489675E-018   4.3872507306719535E-017   3.0717226022983929E-015  -1.5618876938577259E-017  -6.7115308424531784E-030  -3.7101136796817258E-031   1.2803869591776613E-031  -8.8391444168809829E-030   1.1644546656610219E-030  -5.2172405733915823E-030   1.3641478400743577E-016   1.2020605751535049E-030   5.3386757470049993E-029   1.0049808042550910E-030   1.4311187950298581E-031  -2.1407327481000823E-031  -8.1915029640622744E-031   1.4513617991972749E-028   1.4846714858626837E-030   4.6053338418427631E-029   3.1337085084473817E-030  -3.2526065622486992E-030   1.3984298902660123E-030  -1.2006074404728841E-031  -2.7148753204158921E-030  -3.1754114488877564E-031  -4.1295840050133249E-030   6.6818967132939109E-017   4.6783132354283991E-015  -2.3787954892030890E-017   2.2615034856264428E-016  -1.6919744157293775E-016   3.0547807985910636E-030   1.2709907127335020E-028   1.5234621604931610E-030   1.7383998260655166E-030  -2.5609078527324363E-032   1.9696817342418125E-030   2.7152524715145689E-028   1.2678981956121720E-030   1.2177284167223278E-028   3.3264232249802283E-030   6.0225944931352471E-017   5.5348474717875871E-017   3.8752095841031355E-015  -1.9704390481096157E-017  -6.6916002770588794E-031   5.4458988829907538E-033   1.3772388853755394E-031  -1.2978767613712649E-030  -9.0488206025768050E-032  -4.4424101996726353E-031
  -9.8923468814174976E-018   1.2047149073224526E-017  -1.2454766320610883E-016   3.2400219631389972E-018  -1.5621543229009756E-016   1.9024308618516899E-016  -1.9667999193406018E-015  -6.6383653356365774E-030  -7.3416646488108022E-031  -6.7510909701577157E-031  -4.1110874674363840E-030   1.5494142451059945E-030  -1.9143456435429880E-030   1.3479331621359812E-016  -3.7548765139260262E-030   3.7938729398742562E-030   1.1200898506703625E-029   1.2015384600688230E-030  -1.6460760923177235E-031  -5.8737968498634994E-030   1.0288652045091348E-029   1.6371895295696682E-029   3.1337085084473817E-030   1.9835421508863758E-029   2.0243406691350134E-029   6.8115473110434321E-031  -3.9106144320936827E-031   1.9263979927891823E-029  -5.0837050814640961E-031   1.5498210678889229E-029  -2.3792015721539797E-016   2.8974515712548479E-016  -2.9954873162072248E-015   2.2937548430250602E-016  -1.0901210072295028E-015  -1.2680731956852532E-029   7.7141268766802153E-030  -1.3884238836430819E-029  -6.5008892462351931E-030   1.2577199082871351E-031  -1.0756123948969781E-030   1.5463791659877509E-029  -1.5496944260529331E-029   6.7517330631548244E-030  -1.6728978215864256E-029   1.9399198084299549E-017  -1.9707754207440997E-016   2.4000599218904514E-016  -2.4812663395251973E-015   9.7172787586576774E-030   2.0788773390725028E-031   3.3082768468900858E-031   7.7218878423264621E-030  -3.5825204683238944E-031   1.1342183330203675E-029
   2.3894894406596979E-018   1.3480823544863019E-017  -1.1032936914738565E-017  -3.1461044835307548E-016   3.7733727942018942E-017   2.1288301986587799E-016  -1.7422711013343346E-016   1.4542536337391516E-027  -3.6653154520687107E-029   1.0322968881754293E-030   1.4000420983399800E-027   2.8603853899007850E-029   1.4796995319979313E-027  -2.0895826385501672E-014   5.2129324195812585E-029  -2.7703814669485460E-029  -4.5171366522847814E-030   4.9085131625936162E-029   2.3191157704676573E-029  -1.3365505420561149E-028   9.6165844453541999E-029   1.1664371499248083E-029  -3.2526065622486992E-030   2.0243406691350134E-029   3.0747252534518928E-027   2.8999411365106162E-029   1.3305737917555934E-030   3.1574863329484352E-027  -4.8940081571230347E-030   2.9038040221816601E-027   5.7469446857554539E-017   3.2422636363446684E-016  -2.6535240997896086E-016  -3.4144010773711265E-014  -5.1714145976236044E-014  -7.8560914706786271E-029   5.5945331014649985E-029  -3.1503484628215726E-031  -2.2205170681532655E-029  -8.1026415405382923E-030   9.8809170157142805E-029   2.6670421972124278E-029   2.2342238515608383E-030   1.7024810943765261E-029  -6.4961260627452685E-030  -1.2599206322611206E-014   4.7603941858401157E-017   2.6856797494023448E-016  -2.1980063124645427E-016   1.3501225773172082E-027   2.2596071881774856E-030   5.8790493832668724E-031   1.3329350606655912E-027  -1.9399217920444275E-029   1.3711128882299873E-027
  -2.0789246345479809E-018   5.7748041773904721E-018  -7.6058278109196252E-019  -4.9458791071128665E-019  -3.2829430101596477E-017   9.1193074987640199E-017  -1.2010776549315751E-017   7.4337364773943094E-030  -4.7436724996241218E-031   1.5941100051367777E-031   6.7789375195230024E-030   5.5525647774851005E-031   7.8938654712760647E-030  -7.1499727350194035E-017  -7.8624952215350833E-031   1.2664839416843859E-030   2.2883273821064244E-033   1.4906538975642192E-031   3.1868029185033795E-031  -2.7845127890216369E-030   5.7805446169435693E-030   2.6950849235755180E-031   1.3984298902660123E-030   6.8115473110434321E-031   2.8999411365106162E-029   4.5446810296580970E-031  -4.5645789901028455E-032   2.9925166106513667E-029  -1.2120093998847101E-031   2.7459363278896675E-029  -5.0000073978338973E-017   1.3888941969397801E-016  -1.8292724367879251E-017  -1.1244647256119840E-016  -8.6134064996405318E-016  -4.3946227045297809E-030   4.5018805306669005E-030   4.8529383482422200E-033  -1.6435021663058982E-030  -1.2477426022906362E-031   3.4014742710435589E-031   8.2569315863397981E-030  -1.6832463804543590E-032   3.7051866964518558E-030  -1.1163235672267228E-031  -7.2854650550079012E-017  -4.1416800486852435E-017   1.1504693748436872E-016  -1.5152499890971390E-017   1.4062547289103751E-029   2.8840912479733715E-032  -1.5639220695475025E-032   1.3451776108477203E-029  -3.0666041977726692E-031   1.4532433551448095E-029
  -1.4976420336953650E-018  -2.8147420887440428E-019   1.9263578279083416E-018  -1.1967387046846650E-018  -2.3650080260405078E-017  -4.4449123898350794E-018   3.0420164642364440E-017   3.4215226993112105E-030   4.8011415523790926E-032  -5.0791810441134690E-032   3.3320347836605148E-030  -1.2993559437996445E-031   3.2596243573531594E-030  -6.2897629077243100E-017  -1.3697160294470472E-030  -1.1048809286472218E-031  -1.4493811241619377E-031  -6.5614834774714780E-031  -2.0150338979365663E-032  -8.6369008480927836E-032  -4.3988020465810235E-031  -2.6353137606674593E-031  -1.2006074404728841E-031  -3.9106144320936827E-031   1.3305737917555934E-030  -4.5645789901028455E-032   3.3043832685693357E-032   1.3679448992989833E-030   4.2538691615808131E-032   1.2983744955690366E-030  -3.6019685963312501E-017  -6.7697169165362317E-018   4.6330700162773685E-017  -1.0465727379235673E-016   1.3805666536761660E-016  -1.9481182935643673E-030  -2.6703763645024252E-031   2.1785046776783774E-031  -1.0141858064676462E-030   6.6842706092028998E-033  -1.2910152879305763E-030  -4.3612415650424456E-031   2.7195018515806314E-031  -1.6541069403230838E-031   3.0948913289058849E-031  -2.5159248539395248E-017  -2.9836358797944498E-017  -5.6075920008858471E-018   3.8377330519323405E-017   5.0682154053618861E-032  -7.4520902107217274E-033   5.5639022189487204E-034   2.4866776357116188E-031   4.5095358435548611E-032  -8.2586557062456361E-032
