   3.3830323232020153E-003   5.4100125147800088E-017   3.0437705443110019E-017   1.0635864526315493E-016   1.5682890144637182E-017  -3.8431168096558109E-018  -5.5934863297178747E-018  -3.3782995887152298E-018  -6.9626840651911979E-018  -7.7140658457675003E-018   2.4029816191764732E-002  -1.1943207503793876E-016   2.3427237255159424E-016  -2.8554314530853980E-016   1.1525578525292326E-015  -1.2428119144470578E-018  -1.0638341415382874E-017   6.2217750953356187E-016   2.2818737438368191E-018   5.8755486614802263E-016   2.1583135780707383E-018  -4.1876097037700094E-018  -3.7266314378063918E-018   9.0940080277000937E-019  -1.4741323494956098E-017   9.6121699375418138E-019   5.9983822349689651E-018  -3.7642270929893643E-019  -3.2543215089024690E-019  -4.3368349961616984E-018   3.1507709715786272E-002  -4.3436398198297237E-017   2.8101842684466703E-016  -3.3989635042491039E-016   9.7118857313792674E-016   1.4092139562013838E-015  -9.3099215768862599E-018  -7.9164126400071758E-019   5.8692888854455021E-016  -1.0616041914358560E-018   6.1035591321898683E-016  -1.9920147372114535E-017  -1.6657925528157961E-018  -7.8788990622158829E-018  -2.3558853737785365E-017  -7.0979869006871349E-017  -3.5774105141127156E-018   8.6806322623439097E-020  -2.9374372013436308E-018  -9.2616045113176628E-018   3.2624321542362411E-019  -6.1544943600995840E-018   2.4745021186633978E-002  -8.6821420235632656E-017   1.9834575243811932E-016
   5.4100125147800088E-017   3.3830323232015881E-003  -2.1297676283682948E-017  -1.1264045914577266E-017   1.4037739858960141E-017  -3.9980747729130928E-018  -1.1705673463216911E-020   7.3261543654822939E-018  -7.3249924893573798E-019   1.1117423538584916E-017   4.5463805723841479E-016   2.4029816191764086E-002  -3.6290047759420654E-017   1.1759422120240367E-016   4.5178196571071995E-018   3.7840724618767311E-016  -1.8259689794261067E-017  -7.1676244466378344E-019  -9.7680697497482657E-019   4.5208292228870369E-018   6.4730303811855267E-016  -1.5495620084401050E-017   3.6082129203217164E-016  -4.3085482502071661E-017   9.1970328045330302E-018   8.9376761470012668E-019   4.9707577283452899E-019   1.2718204996561888E-017   6.1935178900194810E-019   1.4842099080617120E-017   5.9308400750285650E-016   3.1507709715784954E-002   1.5456644472673727E-016   3.0064147003710316E-016   9.0157493080593982E-016   2.1521723670904098E-017   4.6651490812559634E-016  -4.8204627081551603E-017   3.4197267595057601E-018   1.2081097792229151E-019   1.5992263673487997E-018   1.0932526742134450E-015  -4.7081156484137128E-017   4.5092072089195024E-016  -9.1253856773566391E-017   1.2845023990553662E-016  -2.2566270707995601E-018   4.3233143664575133E-019   1.2961213659249957E-018   1.3122060049403658E-018  -1.6799789740099769E-018   2.5454386675130900E-019   5.0380259273224839E-016   2.4745021186632306E-002  -8.4126926002798612E-017
   3.0437705443110019E-017  -2.1297676283682948E-017   3.3830323232022083E-003  -5.2178826798196089E-017  -2.7003929229679100E-017   1.1506412653924791E-017   1.6178770833181171E-018  -3.5053123132237080E-017  -1.7880412925234987E-017  -5.5385870466771028E-017  -2.1559811950809843E-018  -1.6931706836545264E-016   2.4029816191765745E-002   7.7249229034840075E-016  -6.3640436609261653E-018   7.8322300051298991E-018   5.2792550605432059E-016  -1.3416311643389007E-018   4.7636045680404502E-018  -1.0788558057398102E-018   1.3461689562941351E-017   5.3786351056171786E-016   1.9913775332642224E-018   9.7784543264554872E-016  -4.5977543056521366E-017  -1.8748500829716243E-018  -3.4421041422356618E-018  -7.7008990439055454E-017   1.5174296474766768E-017  -6.6465648876614128E-017  -1.7629579075515011E-017  -2.3431475793610848E-016   3.1507709715787292E-002   6.3549574057846613E-016   1.4282602278053951E-015  -1.6226828826243787E-017   1.0076679476140821E-017   5.6881396974409287E-016  -3.6610733634484611E-018  -3.1389411869905605E-018  -2.6715783068638785E-019   2.2821303029356079E-017   5.6566549015446183E-016   1.3350702479976725E-017   1.2951006287218467E-015   2.4604680264616869E-016  -1.9505796554541325E-017  -8.0807363415083371E-019  -2.1887637097576143E-018  -2.1613461115415585E-017   2.2716030737271547E-018  -2.2193673531240148E-017  -2.5395177135948528E-017  -1.1639452414571889E-016   2.4745021186634564E-002
   1.0635864526315493E-016  -1.1264045914577266E-017  -5.2178826798196089E-017   5.6245834192734984E-005   7.8737152479980281E-017   4.2023493672984418E-018   2.3884265987067655E-018   6.5034276956072123E-017  -7.9552206293131371E-018   8.9821300456102019E-017   7.8898319928374267E-016  -9.6126280245831331E-017  -4.1135064446723120E-016   3.6999151459280824E-003  -8.2329953898977910E-020  -1.0524773928767690E-018  -9.3905454646855935E-019   5.2675005938197496E-019   1.1941520187191709E-019   3.0533734293153390E-018  -1.2991666970025352E-018   1.5429939158287575E-018   2.7714490488802027E-019   3.7126634326210663E-018   2.7866469397314924E-016  -2.2010527709977830E-018  -1.7328257972253319E-018   3.0557519284356934E-016   2.0459240556059161E-018   2.7892939591925112E-016   1.0200934042772385E-015  -1.1694841721178454E-016  -5.3461283958260483E-016   6.2657848959522785E-003  -1.5050051873467015E-003  -6.3603864358739077E-019  -1.5432015517569518E-018   2.1901772810307633E-019  -1.4521254321709724E-018   2.0414008411114998E-019  -2.5838707298658906E-018  -3.4564396078205832E-018   1.9278134306486781E-019  -1.4369787719052430E-018  -2.2592759928037610E-018   1.7216098959787448E-003   1.6475311077179718E-016   8.3196162185350496E-019   1.1869518903435835E-018   1.6460770320411892E-016   2.4099029313152432E-018   1.7034187161237722E-016   8.0421385868074294E-016  -9.7229052589174552E-017  -4.2352071769308854E-016
   1.5682890144637182E-017   1.4037739858960141E-017  -2.7003929229679100E-017   7.8737152479980281E-017   1.4535582801878376E-028   6.2004851008847612E-031   3.7860102455313451E-030   1.3271902364215633E-028  -1.2640302623083824E-029   1.5177530500033226E-028   1.1139620657676654E-016   9.9710637183377369E-017  -1.9181000766519396E-016   5.6434781172472851E-015   1.1648751344416129E-029   4.4163673467661042E-030  -4.4118298384187467E-030   1.5659531196636657E-030   7.1640655394686388E-031   3.6965407571970805E-031   6.3668072175473587E-030  -4.9629186875528361E-030  -4.9621715714134067E-030  -8.6535558302210691E-030   4.2897881280824389E-028   2.6723391993878401E-031   1.5225618258223764E-030   4.5701104111299785E-028   7.2429129550364269E-030   4.2906660778729980E-028   1.4606184717567970E-016   1.3073981868522955E-016  -2.5149980315571251E-016   9.5043646192947383E-015   5.9532436808333525E-015  -3.4979085846046174E-030   1.0469218442756120E-030  -5.1348767054180922E-030   1.9510108063694617E-030  -1.2263684674426911E-030   5.2061398304432249E-030  -4.8097086031150049E-030  -9.0971400713999810E-030  -6.1047432905786203E-031  -1.5888138998021969E-029   2.9675876469198391E-015   2.2813927195078259E-028  -2.1932323522941857E-030  -5.0014495959298684E-030   2.3447014787496317E-028  -3.0242793206807569E-030   2.4203112551283160E-028   1.1471171771998102E-016   1.0267834801338359E-016  -1.9751889342832656E-016
  -3.8431168096558109E-018  -3.9980747729130928E-018   1.1506412653924791E-017   4.2023493672984418E-018   6.2004851008847612E-031   1.1206209984606556E-030   1.1923834326764768E-031  -1.3756839606160255E-030  -4.0847694689849403E-031   2.7405351581920412E-030  -2.7297815012324571E-017  -2.8398487728042879E-017   8.1730517087911960E-017   2.0791518801573499E-016  -2.2802624637578284E-030  -1.1456632433627698E-030   1.5757335087713809E-030  -3.6647940927016252E-031  -6.2062329626449278E-032   5.3441534238779747E-031  -1.6451318987071985E-030   2.3731833835506982E-030   6.1143577431484883E-031   4.5200008443043639E-030   1.4978139881467427E-029  -6.6396917712612547E-031  -7.2309112788531474E-031   1.8334524383142251E-029  -4.6017885353272002E-031   1.4986219161265490E-029  -3.5792684572365475E-017  -3.7235878150794579E-017   1.0716442384646495E-016   3.5990416884370773E-016  -1.3025466980086999E-015  -3.4709634994373766E-031  -8.2775870658571106E-031   2.1118646069166951E-030  -9.7180708636815206E-031   2.3195965234555489E-031  -1.7729244799450984E-030  -8.2498052675520623E-031   2.6822834727835822E-030  -5.3763929024782396E-031   4.6512420323071917E-030   4.6303950104177044E-017   1.2637232367593748E-029   5.5588203652989273E-031   1.0682304021011785E-030   1.1657383779818121E-029   1.1305791562124055E-030   1.2152543639308383E-029  -2.8110286214354815E-017  -2.9243718507493993E-017   8.4163081431641814E-017
  -5.5934863297178747E-018  -1.1705673463216911E-020   1.6178770833181171E-018   2.3884265987067655E-018   3.7860102455313451E-030   1.1923834326764768E-031   1.1810622681250303E-031   3.3231194936531163E-030  -3.5714674585049678E-031   4.1544544508477340E-030  -3.9730760907140348E-017  -8.3145874721391190E-020   1.1491846727670821E-017   1.6353532395812628E-016  -1.8242923494894625E-030   2.0519501252223720E-032   2.4743254996127201E-031  -1.0355307492635991E-030   1.1616098637194971E-032  -9.3443967459034001E-031   2.2915640606483051E-032   2.9172400787501588E-031  -7.6664254437900297E-032   5.4269284120025783E-031   1.2369011608056783E-029  -4.9937229652576851E-032  -3.1303143958627020E-032   1.3335194504701503E-029   1.5692979961481905E-031   1.2346063899159906E-029  -5.2094667369053752E-017  -1.0902022986230398E-019   1.5068020824806027E-017   2.7621499378257936E-016   4.7630988596451014E-017  -2.4943465273803907E-030  -2.7627754277007622E-032   2.7315038733621467E-031  -1.0169740709889115E-030  -1.2289080292885237E-032  -1.0361900261507530E-030  -1.6528634754824095E-031   2.1729204809798094E-031  -4.7691878779365222E-032   5.3639812134176800E-031   8.0822215128458167E-017   6.9563643948477878E-030  -1.1790787206826849E-032  -3.8126201222697201E-032   7.0489216571746890E-030   1.4676596192515569E-032   7.2803532162553735E-030  -4.0913276762608513E-017  -8.5620564682572822E-020   1.1833881228239198E-017
  -3.3782995887152298E-018   7.3261543654822939E-018  -3.5053123132237080E-017   6.5034276956072123E-017   1.3271902364215633E-028  -1.3756839606160255E-030   3.3231194936531163E-030   1.2481167125727166E-028  -1.0924593445516761E-029   1.3489791894197237E-028  -2.3996199386217857E-017   5.2037972438939539E-017  -2.4898375934465476E-016   4.8300972661379711E-015   6.3856500699561778E-030   4.7425816623588463E-030  -5.1074606563459867E-030  -2.4546624531420842E-030   7.7519984249728612E-031  -4.9534086604267259E-030   6.4164252474510116E-030  -7.0849894432407208E-030  -7.0215916745394982E-030  -1.2917708839330829E-029   3.6857379690984474E-028   1.4313894089960606E-030   2.6560581523467463E-030   3.8814541149746816E-028   7.5622117951559384E-030   3.6847779843926945E-028  -3.1463631619504084E-017   6.8231788238435462E-017  -3.2646558553635986E-016   8.1168889454806169E-015   7.8485130325604615E-015  -1.3062031326736224E-029   7.9041630263155791E-031  -6.5737776415677152E-030  -7.6896379488189876E-031  -1.5535867078021037E-030   3.5292120435019123E-030  -6.8813992131396603E-030  -1.1268832008997127E-029  -1.2043344691323151E-030  -1.8465671645294197E-029   2.6539015128107695E-015   1.8757468211334491E-028  -3.0338128557778080E-030  -6.5368469654851152E-030   1.9520921455233621E-028  -4.8241954880315999E-030   2.0126799625550923E-028  -2.4710403836299383E-017   5.3586790686839587E-017  -2.5639432074484545E-016
  -6.9626840651911979E-018  -7.3249924893573798E-019  -1.7880412925234987E-017  -7.9552206293131371E-018  -1.2640302623083824E-029  -4.0847694689849403E-031  -3.5714674585049678E-031  -1.0924593445516761E-029   1.3087941139142622E-030  -1.3582920023720687E-029  -4.9456228112393443E-017  -5.2029719585579864E-018  -1.2700530026847155E-016  -5.4479938944363781E-016  -2.6220099884522095E-030  -1.7516212685356606E-031  -2.6891129000237200E-030  -1.2521900941865787E-030  -7.3452461027588346E-032  -1.3280859348689976E-030  -2.9125706892813796E-031  -2.9218497291659445E-030   1.9546410883002469E-031  -5.4139260690228150E-030  -4.0927556171321424E-029   1.6501365442428931E-031   7.0589519953505252E-032  -4.4138268255829126E-029  -5.7743163006537458E-031  -4.0855352175762658E-029  -6.4846624983217033E-017  -6.8220967160730312E-018  -1.6652837047487224E-016  -9.2016731187343935E-016  -1.6049170693840266E-016  -2.2957380664209773E-030   1.8537608340928945E-032  -2.9929698495004719E-030  -1.0404672690620644E-030   6.0876663554884471E-032  -1.1669005257526428E-030   3.6861448445730432E-031  -2.7880332520630174E-030   6.6401298962151761E-032  -6.3692289205509886E-030  -2.6932519022191620E-016  -2.3069616320584523E-029   4.2271282651272266E-032   1.5852447231563910E-031  -2.3329424788205190E-029  -5.7897197296028296E-032  -2.4121274465756462E-029  -5.0928205304856541E-017  -5.3578292201887508E-018  -1.3078538848895300E-016
  -7.7140658457675003E-018   1.1117423538584916E-017  -5.5385870466771028E-017   8.9821300456102019E-017   1.5177530500033226E-028   2.7405351581920412E-030   4.1544544508477340E-030   1.3489791894197237E-028  -1.3582920023720687E-029   1.6321616227690087E-028  -5.4793323461192160E-017   7.8967511580020190E-017  -3.9340809066761571E-016   6.2498396291969631E-015   2.0306779188772259E-030   2.6644060155472679E-030  -9.2650971093425956E-030  -2.0754520430782645E-030   5.3140262727600399E-031  -1.3262014862904301E-030   3.9434782315709687E-030  -8.4024901416356279E-030  -3.4072712717947434E-030  -1.4541493078977278E-029   4.7417655282011303E-028  -1.0379163425816044E-030   1.3869393799556457E-031   5.1030691275743239E-028   6.3303153427521320E-030   4.7454858997215262E-028  -7.1844583254438985E-017   1.0354159232789468E-016  -5.1583365522555227E-016   1.0545211252836128E-014   3.5243729416010003E-015  -1.0775825949651556E-029  -4.9101177008930338E-032  -9.6321924345278315E-030  -2.6892027107383536E-030  -7.4707282310207832E-031  -1.1067282927726074E-030  -5.3684275832967972E-030  -1.2522828068383296E-029  -1.2539430995608378E-030  -2.6454297905368969E-029   3.1593594690308641E-015   2.6149111339443746E-028  -1.1328637777318381E-030  -2.9648382812448437E-030   2.6611996564608928E-028  -8.8292803722376310E-031   2.7492243812516268E-028  -5.6424149860874141E-017   8.1317839949736830E-017  -4.0511718695124077E-016
   2.4029816191764732E-002   4.5463805723841479E-016  -2.1559811950809843E-018   7.8898319928374267E-016   1.1139620657676654E-016  -2.7297815012324571E-017  -3.9730760907140348E-017  -2.3996199386217857E-017  -4.9456228112393443E-017  -5.4793323461192160E-017  0.17068476178893360       -3.4854350150716792E-016   1.1306421655403218E-016  -3.9794520377032018E-016   8.1866653051776619E-015  -8.8277435779351456E-018  -7.5564571773010298E-017   4.4193521564081955E-015   1.6208242014463069E-017   4.1734261122136048E-015   1.5330589131397268E-017  -2.9744762051018309E-017  -2.6470414678192265E-017   6.4595108906138616E-018  -1.0470822036706099E-016   6.8275634027740535E-018   4.2606752990702942E-017  -2.6737458144603624E-018  -2.3115578042717655E-018  -3.0804715372249993E-017  0.22380054364281426        3.4679256400429793E-016  -3.7567605276632916E-017   4.1195172598063492E-016  -3.9726603697984477E-015   1.0009704048685432E-014  -6.6128751628525493E-017  -5.6230600971239476E-018   4.1689797678353745E-015  -7.5406177510175088E-018   4.3353828769590265E-015  -1.4149361700795994E-016  -1.1832192256441182E-017  -5.5964140502000852E-017  -1.6733949632267008E-016  -1.6833720008000346E-016  -2.5410492387759145E-017   6.1658884032355961E-019  -2.0864735917243367E-017  -6.5785553546475086E-017   2.3173188286450755E-018  -4.3715623765052807E-017  0.17576489195744271       -1.0203135723628080E-016  -1.8830784732452414E-016
  -1.1943207503793876E-016   2.4029816191764086E-002  -1.6931706836545264E-016  -9.6126280245831331E-017   9.9710637183377369E-017  -2.8398487728042879E-017  -8.3145874721391190E-020   5.2037972438939539E-017  -5.2029719585579864E-018   7.8967511580020190E-017  -3.4854350150716792E-016  0.17068476178894590       -3.8589844423448460E-016  -7.6526406874949630E-016   3.2090256780189283E-017   2.6878420608514980E-015  -1.2969931929574008E-016  -5.0911927978376643E-018  -6.9382996734918105E-018   3.2111633848431655E-017   4.5978198078932139E-015  -1.1006601972196863E-016   2.5629283132011296E-015  -3.0603793465338242E-016   6.5326898086799753E-017   6.3484677199474337E-018   3.5307494322939834E-018   9.0337927385489970E-017   4.3992809485345283E-018   1.0542403345092458E-016  -4.7855239276058513E-016  0.22380054364282712        9.2988254079744763E-016  -5.1352169794062556E-016  -2.5495429193191960E-015   1.5286967859995670E-016   3.3136743672513215E-015  -3.4239942681540911E-016   2.4290458265238632E-017   8.5812528999989033E-019   1.1359369933455947E-017   7.7654182114470575E-015  -3.3441936946638903E-016   3.2029082210591867E-015  -6.4817985628442445E-016  -2.3012298796993463E-016  -1.6028913869052740E-017   3.0708677789692168E-018   9.2064027800796734E-018   9.3206526251677302E-018  -1.1932958983158981E-017   1.8080354386951707E-018  -1.0581273739999104E-016  0.17576489195744829       -7.2950261709993022E-016
   2.3427237255159424E-016  -3.6290047759420654E-017   2.4029816191765745E-002  -4.1135064446723120E-016  -1.9181000766519396E-016   8.1730517087911960E-017   1.1491846727670821E-017  -2.4898375934465476E-016  -1.2700530026847155E-016  -3.9340809066761571E-016   1.1306421655403218E-016  -3.8589844423448460E-016  0.17068476178893821        2.0806963465846050E-015  -4.5204060972047414E-017   5.5632648291335089E-017   3.7498763421279838E-015  -9.5296607292453143E-018   3.3836076999676449E-017  -7.6631566690941268E-018   9.5618928500791922E-017   3.8204663923583243E-015   1.4144835615266398E-017   6.9456758805628850E-015  -3.2658035840234344E-016  -1.3317136396229511E-017  -2.4449405725027946E-017  -5.4699799132077017E-016   1.0778364505333186E-016  -4.7210820736722162E-016   4.3115106392503733E-017  -5.9341045090077890E-016  0.22380054364281815       -1.1718425829346198E-015  -1.4025813216751001E-015  -1.1525982515612470E-016   7.1575064173745126E-017   4.0403087627969330E-015  -2.6004753009558999E-017  -2.2296026923190022E-017  -1.8976329376369535E-018   1.6210064364182293E-016   4.0179449842118308E-015   9.4830582736254028E-017   9.1991524421997315E-015  -3.7294392520756142E-016  -1.3855046629774084E-016  -5.7397798906221658E-018  -1.5546877655270481E-017  -1.5352129339991923E-016   1.6135289026938048E-017  -1.5764256578884487E-016  -4.8174716530771247E-017   1.4318381190553232E-017  0.17576489195744419     
  -2.8554314530853980E-016   1.1759422120240367E-016   7.7249229034840075E-016   3.6999151459280824E-003   5.6434781172472851E-015   2.0791518801573499E-016   1.6353532395812628E-016   4.8300972661379711E-015  -5.4479938944363781E-016   6.2498396291969631E-015  -3.9794520377032018E-016  -7.6526406874949630E-016   2.0806963465846050E-015  0.24957515220871831        7.9312733601720357E-017  -1.0700159087927701E-017  -4.5206492284981263E-017   7.1242445561180472E-018   1.5602294427610927E-017   1.1206618655509290E-016  -1.0797381277022607E-017   6.4869880914588932E-017  -7.2669869195691070E-017   1.6590535861847388E-016   1.8845085252077405E-014  -1.0042840587911259E-016  -6.2082116119778050E-017   2.0482315819909074E-014   1.9459878054513101E-016   1.8855588214402556E-014  -8.1774461148472725E-016  -1.2691248784169976E-016   3.4026258302716464E-015  0.42194928827983524        8.5198263791655231E-003  -1.6668954621113841E-016  -8.2904055420598668E-017   5.1037824269496280E-018  -7.9253917092685702E-017  -7.0185588822376382E-018  -9.0130257421490443E-017  -2.8383676820763306E-016  -4.9331884984021177E-017  -9.8886481064703570E-017  -1.7396175142576834E-016  0.12068712877930715        1.0802639790317466E-014   9.8181810251273883E-018  -1.0928602423041986E-017   1.0880173156502365E-014   7.3494006630933874E-017   1.1250959594245749E-014  -8.0165270303284066E-016  -5.2777064001805424E-016   2.2114769119023191E-015
   1.1525578525292326E-015   4.5178196571071995E-018  -6.3640436609261653E-018  -8.2329953898977910E-020   1.1648751344416129E-029  -2.2802624637578284E-030  -1.8242923494894625E-030   6.3856500699561778E-030  -2.6220099884522095E-030   2.0306779188772259E-030   8.1866653051776619E-015   3.2090256780189283E-017  -4.5204060972047414E-017   7.9312733601720357E-017   3.9384019361775290E-028   8.6986552535298326E-031  -4.4137481295382882E-030   2.1159234159366719E-028   8.7299839883837917E-031   1.9896114538217003E-028   2.5982239104689007E-030  -2.9627786227934409E-030  -2.0360597621375166E-030  -2.6645630669037616E-030   1.7065074218821299E-030   9.4255613984041929E-031   2.7636679214952599E-030   4.8041657956007286E-030   6.7983903397646844E-031   5.2023141939506425E-030   1.0734292427265280E-014   4.2076497267705300E-017  -5.9271216213886924E-017   1.2466933916020351E-016   1.4738216382153080E-015   4.7845340167976675E-028  -2.3107683470744399E-030  -1.5317652529265966E-030   2.0019575839457681E-028  -6.3576454926592814E-031   2.0903998850198161E-028  -6.1373257065446201E-030  -2.5435465726516625E-030  -2.1647607716720030E-030  -1.0927948323087120E-029   9.9278053168517513E-017  -1.9054036970460488E-030  -5.8421108792727560E-031  -2.2148707064897325E-030  -2.6408940628649412E-030  -1.0627178528207705E-030  -1.6788371472961522E-030   8.4303269241788293E-015   3.3045366538540345E-017  -4.6549479927310721E-017
  -1.2428119144470578E-018   3.7840724618767311E-016   7.8322300051298991E-018  -1.0524773928767690E-018   4.4163673467661042E-030  -1.1456632433627698E-030   2.0519501252223720E-032   4.7425816623588463E-030  -1.7516212685356606E-031   2.6644060155472679E-030  -8.8277435779351456E-018   2.6878420608514980E-015   5.5632648291335089E-017  -1.0700159087927701E-017   8.6986552535298326E-031   4.2918266475018786E-029  -6.4208849718813105E-031  -5.8196846498707588E-031  -2.8054272877294097E-032  -6.0932260348881628E-031   7.3164375410385481E-029  -8.6170024723711531E-031   3.9500771459308460E-029  -3.3657665866814299E-030   5.7523772308433237E-031   5.5589448029335895E-031   5.6862978936451071E-031  -8.6886899939528320E-031   6.3370777128681678E-031   1.0851245075305826E-030  -1.1574869315652671E-017   3.5242777863699147E-015   7.2945099500392709E-017  -2.4784624599529903E-017   1.0448004924702115E-015   6.8344405547764895E-031   5.2413355805467970E-029  -4.1667864849705554E-030   3.3941382270463112E-031  -1.9051699105214492E-031   7.5729402157403352E-031   1.2187609240034550E-028  -4.5459842059405653E-030   5.0456956377934017E-029  -7.3975013970997676E-030   3.8110252735334738E-017  -3.7101427895186570E-030  -3.9374116302348133E-031  -7.2281352018443790E-031  -2.4874835959555953E-030  -1.0318707349017452E-030  -2.7762141783365012E-030  -9.0904857583100163E-018   2.7678409277590527E-015   5.7288455710672190E-017
  -1.0638341415382874E-017  -1.8259689794261067E-017   5.2792550605432059E-016  -9.3905454646855935E-019  -4.4118298384187467E-030   1.5757335087713809E-030   2.4743254996127201E-031  -5.1074606563459867E-030  -2.6891129000237200E-030  -9.2650971093425956E-030  -7.5564571773010298E-017  -1.2969931929574008E-016   3.7498763421279838E-015  -4.5206492284981263E-017  -4.4137481295382882E-030  -6.4208849718813105E-031   8.2575307956803771E-029  -2.2444571262107610E-030   7.6019884729141358E-031  -2.3289642020335505E-030  -1.1783653799505637E-030   8.3907150674727093E-029  -1.8729077202316953E-030   1.5255186764389663E-028  -1.0454591979982998E-029  -1.4496710727419999E-031  -3.9086253039651893E-031  -1.6166372685619663E-029   2.4920859326024479E-030  -1.3737876686121715E-029  -9.9079683890285447E-017  -1.7006074745198143E-016   4.9168089474755557E-015  -7.8442920884999609E-017   3.1284859565134796E-016  -7.4032885349483272E-030  -8.4066811506294928E-031   8.8998095175168855E-029  -2.3676603995090733E-030  -5.4527257386947061E-031  -1.7128703437372083E-030  -2.3702297855425195E-030   8.8362845361852182E-029  -3.1332507576376493E-031   2.0263824137563138E-028  -8.8402825554901192E-018  -5.8647907642950072E-030  -2.6277258338945187E-031  -5.9731538466964713E-031  -5.9595818746456227E-030   9.4749946154248161E-032  -6.1670844720427600E-030  -7.7813617655675528E-017  -1.3355959022960149E-016   3.8614847817692893E-015
   6.2217750953356187E-016  -7.1676244466378344E-019  -1.3416311643389007E-018   5.2675005938197496E-019   1.5659531196636657E-030  -3.6647940927016252E-031  -1.0355307492635991E-030  -2.4546624531420842E-030  -1.2521900941865787E-030  -2.0754520430782645E-030   4.4193521564081955E-015  -5.0911927978376643E-018  -9.5296607292453143E-018   7.1242445561180472E-018   2.1159234159366719E-028  -5.8196846498707588E-031  -2.2444571262107610E-030   1.1455341849484037E-028   3.8465130564326443E-031   1.0848077625104425E-028  -8.9700048897368125E-032  -8.0284436424992277E-031  -3.5582233837621951E-031   1.7159526523861998E-031  -2.3714711600464066E-030  -4.0523327602878206E-032   8.5740616886577746E-031   1.1252361110588254E-030  -3.1369709424073801E-031  -4.1783857567462122E-031   5.7946204733627415E-015  -6.6755327423549227E-018  -1.2495217672536435E-017   1.5198691949008962E-017  -4.9218334243617024E-016   2.5972128186231676E-028  -1.9122344213148938E-030  -3.1753811503709990E-031   1.0785758218415378E-028  -1.0119216875231437E-031   1.1187184732033645E-028  -3.6855010314398225E-030  -2.4316646472974515E-031  -1.5439179733514765E-030  -4.7354763544573199E-030  -1.6948297214059312E-017   1.0488850482129308E-030   2.2367272332173171E-031  -1.3274767654207325E-031  -3.8506515911802798E-031   4.6011751104083533E-031   2.6904102879435683E-031   4.5508863600461120E-015  -5.2427231503650546E-018  -9.8132942326714947E-018
   2.2818737438368191E-018  -9.7680697497482657E-019   4.7636045680404502E-018   1.1941520187191709E-019   7.1640655394686388E-031  -6.2062329626449278E-032   1.1616098637194971E-032   7.7519984249728612E-031  -7.3452461027588346E-032   5.3140262727600399E-031   1.6208242014463069E-017  -6.9382996734918105E-018   3.3836076999676449E-017   1.5602294427610927E-017   8.7299839883837917E-031  -2.8054272877294097E-032   7.6019884729141358E-031   3.8465130564326443E-031   1.8477179514171324E-032   2.8885441198902697E-031  -7.5811358932696541E-032   7.1644414910161748E-031  -2.1706013759771415E-031   1.2998180007597571E-030   1.1577851047748861E-030   4.8590154235289517E-032   6.0332611154615827E-032   1.0134893538604406E-030   1.0041768200833995E-031   1.1262392865889227E-030   2.1252121960464627E-017  -9.0974450361555832E-018   4.4365603278819905E-017   2.5540398472482481E-017   1.3136004241625381E-016   7.6386726391992353E-031  -1.0677868748464297E-031   8.0314650242772229E-031   4.0702026241605662E-031  -3.0325691570219019E-032   5.0527888372192766E-031  -3.7496916231224873E-031   7.3178054202823072E-031  -1.2522052483187000E-031   1.7975594075755960E-030   1.2962897488100387E-017   2.7674908408965236E-031  -5.5638748806521319E-032  -1.1430483686461921E-031   3.7760618875065852E-031  -9.7392056322904985E-032   3.8333819361274271E-031   1.6690651682281062E-017  -7.1448058965426434E-018   3.4843148010283197E-017
   5.8755486614802263E-016   4.5208292228870369E-018  -1.0788558057398102E-018   3.0533734293153390E-018   3.6965407571970805E-031   5.3441534238779747E-031  -9.3443967459034001E-031  -4.9534086604267259E-030  -1.3280859348689976E-030  -1.3262014862904301E-030   4.1734261122136048E-015   3.2111633848431655E-017  -7.6631566690941268E-018   1.1206618655509290E-016   1.9896114538217003E-028  -6.0932260348881628E-031  -2.3289642020335505E-030   1.0848077625104425E-028   2.8885441198902697E-031   1.0349035709860352E-028   9.4169024946479960E-032  -3.1039043796090041E-031   1.1531101044321750E-030   1.1133593429721677E-030   5.2193436934305393E-030  -5.8698291955740984E-031   2.0501836287934877E-031   1.1096845269154128E-029  -8.1024677225874963E-031   7.1539103469417587E-030   5.4721641403554814E-015   4.2104526714736856E-017  -1.0047871940001577E-017   1.9989195185781543E-016  -1.6238313503015529E-015   2.4653812242125982E-028  -1.3474009837470448E-030  -2.3797722478881157E-031   1.0162961514221606E-028   1.2113370276153679E-031   1.0472161969268354E-028  -1.3837429584440752E-030   3.6728093675765208E-031  -7.8553346012822622E-031  -4.3857337993655350E-030  -1.3215965338360980E-017   8.8278175818747521E-030   7.0519161533918661E-031   8.3330330984025409E-031   6.5889312104223651E-030   1.4041003987705961E-030   7.5306120232242674E-030   4.2976407619368011E-015   3.3067379857414954E-017  -7.8912369790999535E-018
   2.1583135780707383E-018   6.4730303811855267E-016   1.3461689562941351E-017  -1.2991666970025352E-018   6.3668072175473587E-030  -1.6451318987071985E-030   2.2915640606483051E-032   6.4164252474510116E-030  -2.9125706892813796E-031   3.9434782315709687E-030   1.5330589131397268E-017   4.5978198078932139E-015   9.5618928500791922E-017  -1.0797381277022607E-017   2.5982239104689007E-030   7.3164375410385481E-029  -1.1783653799505637E-030  -8.9700048897368125E-032  -7.5811358932696541E-032   9.4169024946479960E-032   1.2483920477237092E-028  -1.3047513499560530E-030   6.7941664864138280E-029  -5.3826343220238405E-030   1.3325572520949223E-030   7.5001934349145855E-031   7.5128832321668668E-031  -3.3337623033579252E-031   8.5526543579709948E-031   2.2483374297126837E-030   2.0101350267080895E-017   6.0286258819672892E-015   1.2537480180855363E-016  -2.6785698115610963E-017   1.3315623711993323E-015   3.4612925062983114E-030   8.9556334561651330E-029  -7.0777424466674505E-030   1.2439609750856980E-030  -2.4137836478632776E-031   1.7169486652540988E-030   2.0865778862067739E-028  -7.5109886041467688E-030   8.6307021540928531E-029  -1.2575421948557253E-029   4.9939342934032317E-017  -4.7393731588062478E-030  -4.8130164333344730E-031  -8.6351662289976830E-031  -3.0146864406952317E-030  -1.3934269038955831E-030  -3.4271870391305537E-030   1.5786877012826469E-017   4.7346657856513120E-015   9.8464856855874723E-017
  -4.1876097037700094E-018  -1.5495620084401050E-017   5.3786351056171786E-016   1.5429939158287575E-018  -4.9629186875528361E-030   2.3731833835506982E-030   2.9172400787501588E-031  -7.0849894432407208E-030  -2.9218497291659445E-030  -8.4024901416356279E-030  -2.9744762051018309E-017  -1.1006601972196863E-016   3.8204663923583243E-015   6.4869880914588932E-017  -2.9627786227934409E-030  -8.6170024723711531E-031   8.3907150674727093E-029  -8.0284436424992277E-031   7.1644414910161748E-031  -3.1039043796090041E-031  -1.3047513499560530E-030   8.5849389521990990E-029  -7.8601043909681667E-031   1.5622774722948926E-028  -2.7317713801696041E-030  -6.2622467487694718E-031  -9.1162275696039112E-031  -6.1742741409612587E-030   2.1111123181456768E-030  -5.9797363088426301E-030  -3.9001102663030904E-017  -1.4431771642765713E-016   5.0093660770736790E-015   1.1402708606685197E-016  -6.7750048258576760E-016  -3.7015165351513098E-030  -6.7567032111472981E-031   9.0717760322320342E-029  -1.4603483561440293E-030  -3.7170675777894799E-031  -1.3486200517007118E-030  -1.1152346332643580E-030   9.0524294761119734E-029   5.3347719256800956E-032   2.0644133711441921E-028   3.2194076629244668E-018   1.6403888002085508E-030   1.5799429806247373E-031   2.0894170280209256E-031   7.7662249517557298E-031   9.3770670259421389E-031   8.8063009110052811E-031  -3.0630062305520277E-017  -1.1334194020517215E-016   3.9341758200433948E-015
  -3.7266314378063918E-018   3.6082129203217164E-016   1.9913775332642224E-018   2.7714490488802027E-019  -4.9621715714134067E-030   6.1143577431484883E-031  -7.6664254437900297E-032  -7.0215916745394982E-030   1.9546410883002469E-031  -3.4072712717947434E-030  -2.6470414678192265E-017   2.5629283132011296E-015   1.4144835615266398E-017  -7.2669869195691070E-017  -2.0360597621375166E-030   3.9500771459308460E-029  -1.8729077202316953E-030  -3.5582233837621951E-031  -2.1706013759771415E-031   1.1531101044321750E-030   6.7941664864138280E-029  -7.8601043909681667E-031   3.9825238877725352E-029  -2.8524342447414466E-030  -5.2073257218609571E-030  -5.6904976019549771E-031  -7.2632501670294560E-031  -2.7807060477222205E-030  -7.9583225131226915E-031  -4.5260041953196423E-030  -3.4707803633680631E-017   3.3604918435615918E-015   1.8546599399143645E-017  -1.1271697366481018E-016  -1.5862386272393562E-015   2.5636836821366450E-030   4.9492019535354442E-029  -4.6679342592679132E-030  -5.3000134824421654E-031   3.1345610757125913E-031  -1.6870257026433906E-030   1.1744966858279002E-028  -3.7751440502529933E-030   4.8166964503971578E-029  -8.5834757964467127E-030  -1.0073079387264149E-016   1.0776284367443971E-030   7.0908053129523486E-031   1.4530134771671936E-030   1.8362736615441625E-031   1.0822746219350226E-030   1.8948947723962809E-031  -2.7258259772095009E-017   2.6392093432540704E-015   1.4565831639653891E-017
   9.0940080277000937E-019  -4.3085482502071661E-017   9.7784543264554872E-016   3.7126634326210663E-018  -8.6535558302210691E-030   4.5200008443043639E-030   5.4269284120025783E-031  -1.2917708839330829E-029  -5.4139260690228150E-030  -1.4541493078977278E-029   6.4595108906138616E-018  -3.0603793465338242E-016   6.9456758805628850E-015   1.6590535861847388E-016  -2.6645630669037616E-030  -3.3657665866814299E-030   1.5255186764389663E-028   1.7159526523861998E-031   1.2998180007597571E-030   1.1133593429721677E-030  -5.3826343220238405E-030   1.5622774722948926E-028  -2.8524342447414466E-030   2.8442528047754772E-028  -1.5219214087158969E-030  -1.2595277865586571E-030  -1.7706842310297363E-030  -7.0737830747835807E-030   3.7538385662057218E-030  -7.4080987147686342E-030   8.4696608755937320E-018  -4.0127458030170693E-016   9.1071166619955595E-015   2.8987623474006508E-016  -1.4596171081545153E-015  -3.0480193268812896E-030  -3.3686166327186499E-030   1.6515817216952154E-028  -1.2456601453020342E-030  -6.3695926775177100E-031  -1.1141462656911413E-030  -6.8461513205730529E-030   1.6489869406200631E-028  -1.9256813984060877E-030   3.7566851541835107E-028   1.9543717220472249E-017   5.7076261786400597E-030   3.8402301900043327E-031   5.5446249557923920E-031   3.9399340681344739E-030   1.9129145065209645E-030   4.2461737902200158E-030   6.6517668120191920E-018  -3.1514661271134907E-016   7.1524016433766967E-015
  -1.4741323494956098E-017   9.1970328045330302E-018  -4.5977543056521366E-017   2.7866469397314924E-016   4.2897881280824389E-028   1.4978139881467427E-029   1.2369011608056783E-029   3.6857379690984474E-028  -4.0927556171321424E-029   4.7417655282011303E-028  -1.0470822036706099E-016   6.5326898086799753E-017  -3.2658035840234344E-016   1.8845085252077405E-014   1.7065074218821299E-030   5.7523772308433237E-031  -1.0454591979982998E-029  -2.3714711600464066E-030   1.1577851047748861E-030   5.2193436934305393E-030   1.3325572520949223E-030  -2.7317713801696041E-030  -5.2073257218609571E-030  -1.5219214087158969E-030   1.4240435161672016E-027  -7.1965573018829413E-030  -4.2517213468174481E-030   1.5466926252004579E-027   1.4918296055412984E-029   1.4250294934305001E-027  -1.3729261122325972E-016   8.5656125087575212E-017  -4.2820964793494751E-016   3.1855500897024772E-014   1.4746131795846347E-015  -1.9383158483751220E-029  -4.9280066740287957E-030  -7.5458109148433853E-030  -8.3415489987555889E-030  -6.3939630477309697E-031  -8.8214075162867835E-030  -1.9066300208797244E-029  -1.2004388508820731E-029  -6.4028132196816618E-030  -3.1045182832598597E-029   9.1473505212374164E-015   8.1362047675034102E-028   4.0335299613243872E-031  -1.4665484260825539E-030   8.2019785851438273E-028   4.8397334936552214E-030   8.4806598492417520E-028  -1.0782467542495393E-016   6.7271237712144671E-017  -3.3630044538475259E-016
   9.6121699375418138E-019   8.9376761470012668E-019  -1.8748500829716243E-018  -2.2010527709977830E-018   2.6723391993878401E-031  -6.6396917712612547E-031  -4.9937229652576851E-032   1.4313894089960606E-030   1.6501365442428931E-031  -1.0379163425816044E-030   6.8275634027740535E-018   6.3484677199474337E-018  -1.3317136396229511E-017  -1.0042840587911259E-016   9.4255613984041929E-031   5.5589448029335895E-031  -1.4496710727419999E-031  -4.0523327602878206E-032   4.8590154235289517E-032  -5.8698291955740984E-031   7.5001934349145855E-031  -6.2622467487694718E-031  -5.6904976019549771E-031  -1.2595277865586571E-030  -7.1965573018829413E-030   4.0554730346437144E-031   4.4349010135002764E-031  -9.1802721866377656E-030   3.4165262245826149E-031  -7.2406247998706138E-030   8.9522484917958306E-018   8.3240619263967372E-018  -1.7461326564856003E-017  -1.7512522540059263E-016   8.2935665599757126E-016  -4.5467222260626707E-031   3.0875933599149800E-031  -4.0342894732430156E-031   3.4309699557292131E-031  -1.5303667358902999E-031   8.4721156991587475E-031   1.1460569978471577E-033  -7.7831162258554573E-031   1.3447957622101869E-031  -8.4173274232129373E-031  -1.4075205637038390E-017  -6.6888963283030999E-030  -3.5377610189150372E-031  -6.8352999703392006E-031  -6.0585889546188317E-030  -7.0523105863366386E-031  -6.3280163158874923E-030   7.0307737565077709E-018   6.5374186377095521E-018  -1.3713497416718132E-017
   5.9983822349689651E-018   4.9707577283452899E-019  -3.4421041422356618E-018  -1.7328257972253319E-018   1.5225618258223764E-030  -7.2309112788531474E-031  -3.1303143958627020E-032   2.6560581523467463E-030   7.0589519953505252E-032   1.3869393799556457E-031   4.2606752990702942E-017   3.5307494322939834E-018  -2.4449405725027946E-017  -6.2082116119778050E-017   2.7636679214952599E-030   5.6862978936451071E-031  -3.9086253039651893E-031   8.5740616886577746E-031   6.0332611154615827E-032   2.0501836287934877E-031   7.5128832321668668E-031  -9.1162275696039112E-031  -7.2632501670294560E-031  -1.7706842310297363E-030  -4.2517213468174481E-030   4.4349010135002764E-031   5.0280115193600804E-031  -6.1381481960743697E-030   4.2425188040455380E-031  -4.2776860619153240E-030   5.5865646014532875E-017   4.6294914328172829E-018  -3.2057872276675689E-017  -1.1104509117181801E-016   9.4788803987120412E-016   1.4910922317965873E-030   2.4536294518169427E-031  -6.7198609955229658E-031   1.2260414470300241E-030  -1.7640150808016039E-031   1.8317460969091311E-030  -2.6488475968453304E-031  -1.1113113231406089E-030   4.6411365948853072E-032  -1.5157905083406798E-030   9.3225711147107112E-018  -5.3560815997203843E-030  -4.0113845805429359E-031  -7.8565459185581013E-031  -4.6287235607868335E-030  -7.8918709150627484E-031  -4.8532146592206359E-030   4.3874867665861848E-017   3.6358359468757413E-018  -2.5177099060530672E-017
