   9.1724133037988827E-003   7.9171556480725813E-009   2.8369962378056150E-009   3.5288574377276286E-008   1.2246535445093177E-008  -7.9027715280719255E-009   1.4286217066466455E-009  -5.0493783505547413E-009  -3.4673490985685157E-009  -7.1971574277982635E-009   4.3455445816401692E-002   1.7335221765591719E-008   5.9607882982987822E-009  -3.3060358095604259E-009  -7.0089763206385876E-010  -2.0271925998906171E-010   2.9163584468155243E-011   5.0231514541921561E-010   6.9853365950065282E-012   4.3802048395020864E-010  -8.1996968532341656E-011  -5.8917637398196425E-011   3.1272981948177320E-010   2.2177274456661848E-011   1.7963469716728232E-008  -1.2668134756536208E-008   2.6893148525927720E-009  -8.2038122078906544E-009  -2.4814350797256693E-009  -9.7596576652747290E-009   4.8485830044061283E-002   1.8861527255678981E-008   6.3247002184280620E-009  -2.7911269363984954E-009  -2.4997077076855576E-003  -7.0099890103526795E-010  -2.4151006352648021E-010  -3.6444194773187266E-009   2.7313206460899055E-010  -1.3538630960367108E-010   3.3581144820051404E-011   2.5340383379985652E-010   1.2566200912502297E-010   1.0659734583999160E-010   5.5962358222756764E-011  -2.5436503034601901E-011  -5.2364062420887693E-011   5.4564796054918403E-013  -1.4984623892630820E-010   1.0374394440754012E-008  -5.7283560623413017E-009   5.1839601658035743E-010  -4.8185707427671225E-009  -1.3289601335650881E-009  -5.5558236271355039E-009  -5.7162117125646694E-009   1.3608650967486579E-002   5.3081735281389765E-009   1.6934307787878402E-009   1.1009586420087653E-009  -4.6607052539373051E-010  -6.5746439436334584E-012  -4.8209073102128731E-010  -2.6084134600201800E-010  -6.1886790332944757E-010
   7.9171556480725813E-009   9.1724282441317077E-003   1.4841786799347397E-008   6.4720884327159783E-008   3.4229019089399836E-009   7.2493516547431269E-009  -9.4941341301199277E-009  -6.3801332069749120E-009   5.0569466426602632E-009   2.9572316332032658E-009   1.8674574261334678E-008   4.3455480015411961E-002   3.4507037199158074E-008   1.2987480513111503E-008   6.6998812014548686E-011   4.3884118791870417E-010  -1.4819196159682652E-010  -1.8595919340703662E-010  -9.2235471789456678E-011   9.6070771399322601E-011  -4.9521551342678266E-010   2.0877037890207405E-010   2.2556862861922026E-010  -4.5152253717341460E-011   6.2139916056972214E-009   1.3922535802135374E-008  -4.5005818275285955E-009  -1.3386038612296117E-008   3.2681481390343201E-009   7.1720473056054687E-009   2.0213656915479897E-008   4.8485866750900206E-002   3.6613259156919456E-008   5.6916533689841598E-008  -7.4228272489028399E-010  -2.4997091158371499E-003  -1.4105489191741228E-009  -1.3692905987141582E-009  -2.4408291934705545E-010  -6.6360745491415169E-011  -7.6469662249870332E-011  -1.0313368281807488E-010   1.0243213487947511E-010   1.0038350306965590E-010  -1.3399952476622034E-011   7.9951410373143916E-012   2.2020905104564389E-010   6.5754644156739816E-011  -8.7262723675168319E-011   2.7904340564965449E-009   8.1774289877163551E-009  -2.7813637979666800E-009  -5.9170604159953532E-009   1.1047824060744901E-009   3.1266266432087998E-009   5.4308757374849559E-009   5.6941382209566231E-009   1.3608661246680313E-002   1.0203582902801064E-008   1.7238705641205784E-010   7.9588475761645224E-010  -5.6177084043068579E-010  -4.0212612281445109E-010   1.1950604802499151E-010   2.2973917889075960E-010
   2.8369962378056150E-009   1.4841786799347397E-008   9.1723873596492294E-003  -4.5219768567680610E-008   5.4687051974952123E-009   7.5027780172401939E-010   1.1955926696529083E-009  -4.1120160829486147E-009  -2.5089126233004596E-009  -1.3566894308864402E-009   6.9252669962613445E-009   3.3852299503002241E-008   4.3455385755665536E-002  -7.7302342282631508E-009  -1.5651490884233273E-010  -2.6056990871824732E-010  -2.1571521625617162E-011  -5.8052138750899818E-010   3.1673102214902732E-010   7.9050806791713407E-010  -5.5048614230577443E-011   6.2144778196329945E-011   3.3442530716013923E-010  -3.0236500942895910E-011   1.3740686131590609E-009  -9.4978003109910976E-010   1.1102230305827988E-008  -2.3034441111455669E-009  -9.3931391931236540E-009   9.2937516188701311E-010   7.7959419428327510E-009   3.6020811721622736E-008   4.8485767014768373E-002  -3.6952155584062647E-008  -2.3085053538307718E-010  -1.3851053311369939E-009  -2.4997051415337132E-003   1.0478257790128872E-009  -3.2955445825694475E-011  -4.1230343575245807E-011  -9.2731256570071191E-011  -1.1433986052278726E-010  -8.1498584682292884E-011   9.1031271973596749E-011   1.3681466184866307E-010  -1.4774929855517279E-010   8.6849390835218804E-011   2.9095791534070180E-010   2.0475766964900910E-011   1.4499736354826777E-009  -4.8080121953835514E-010   6.5012436211649956E-009  -1.0141243300364913E-009  -3.7601408475869087E-009  -4.3584959166810078E-010  -2.1673956955290239E-009   2.0807234460455474E-009   1.0031119022278157E-008   1.3608633044499998E-002   3.5454689417901937E-010  -8.3801099120340477E-011   4.6567342866427607E-010  -1.5140196604205658E-010  -7.2486992668058097E-011  -2.0314506383283120E-010
   3.5288574377276286E-008   6.4720884327159783E-008  -4.5219768567680610E-008   1.0054473256102739E-004   4.3377108818130585E-011   1.0651811783048574E-010  -1.7080380338858606E-011   1.5781024303713316E-010   9.1280997794654017E-011  -2.0118651004744495E-010   1.6675440098489493E-007   3.0333752041891774E-007  -2.1195078642781404E-007   5.2239776662727543E-003   1.1443678081137652E-010  -3.6050279041353286E-011   6.7736539876535484E-011  -3.9075763683281406E-012  -1.2636275287157398E-010  -1.4962547368057872E-010  -2.2633140764750479E-012   4.1171199116492937E-011   3.9086820929258911E-011  -8.1175017321246341E-011  -8.0983124121716805E-011   2.7547592338093642E-011  -9.6785832457931036E-012  -9.0893627550933917E-011  -1.3178313406399002E-010   1.7187941524092011E-010   1.8674755698410255E-007   3.3334516105912054E-007  -2.3415733104758981E-007   9.1459273147460347E-003  -9.2648595424392942E-009  -1.0709135560184294E-008   8.3445978901374152E-009  -1.1662658849814018E-003   1.0687787164694324E-004   5.9076205580889557E-012  -1.2380917907456473E-011   1.0303113208778354E-011   1.3288384542452940E-012  -3.5395100428490476E-011  -9.2547509782768587E-012  -1.0242994653877249E-011  -7.7652503799573710E-012   2.6123336848476312E-011  -1.8915970055163157E-012  -7.5167863357931880E-011   5.4721890775890489E-011  -8.7772231228654231E-013  -2.1229937921789834E-011  -7.4384649873973930E-011   9.6399791641848974E-011   1.1474894816016581E-003   5.2251146723576733E-008   9.4030722971265722E-008  -6.5964199672784640E-008  -1.7827367079209765E-011   1.4803087487951056E-011  -4.0962893532259197E-012  -3.2272296334495635E-012  -2.2308631810023209E-011   2.1054757073481553E-011
   1.2246535445093177E-008   3.4229019089399836E-009   5.4687051974952123E-009   4.3377108818130585E-011   2.0915857818478491E-014  -7.3540547566622005E-015  -9.3016030336146496E-016  -1.1509695143350689E-014  -4.1994532203541018E-015  -9.4061627951090159E-015   5.8039387576898724E-008   1.6220291986314697E-008   2.5913708324975611E-008   2.2734552848301423E-009  -9.5452435284006490E-016  -2.7794062366654865E-016   5.2490555603083856E-021   2.5354101977502859E-016   1.0850060870210877E-016   1.0270647379984251E-015  -3.2814702789297925E-016   5.4132261138056438E-017   7.1819931675547627E-016  -4.0348728641087268E-017   2.7078953015015761E-014  -1.2275540411982419E-014   8.5271978135426077E-015  -1.7357889307342745E-014  -7.7518215582679174E-015  -9.7210628705559841E-015   6.4746965134488843E-008   1.8095762025417340E-008   2.8910686507030063E-008   3.9768666741096376E-009   3.7211331899057741E-010  -2.0025057905921725E-010  -5.5467274228859815E-010   6.5308918975723795E-011   1.5686752390439439E-012  -2.2792235714523637E-016  -4.4301685293019122E-017   2.3652960376910645E-016   1.5836902657441133E-016   2.1897628554579747E-016   1.4740036170427147E-016  -1.2371468551031265E-016   6.0637964999552131E-017   2.1028702506455996E-016  -2.2150419387145912E-016   1.5758692638366180E-014  -4.8674182460432299E-015   3.5351452613453797E-015  -9.2740050563270221E-015  -3.6403817761444170E-015  -6.4846867353562636E-015   5.3467832115917278E-010   1.8469678704557617E-008   5.1376327669900323E-009   8.1893474302452152E-009   1.8203746511650343E-015  -3.8737775412251995E-016   7.3900259927749714E-017  -9.3183690202619391E-016  -3.6387124255609137E-016  -8.8853770029374149E-016
  -7.9027715280719255E-009   7.2493516547431269E-009   7.5027780172401939E-010   1.0651811783048574E-010  -7.3540547566622005E-015   1.2719123453376522E-014  -8.6561930868565094E-015  -8.6040879808749561E-016   6.8769024299663619E-015   8.2144650079008913E-015  -3.7447773256219389E-008   3.4360291189734674E-008   3.5549600072292602E-009   5.5851961362176503E-009   7.6643976885807900E-016   4.6187089162261222E-016  -7.1489392757745389E-017  -6.3155152730052735E-016  -1.8819054995020168E-016  -3.9672057382215243E-016  -3.2787052981396948E-016   2.6465645270640279E-016  -2.1979687880895765E-017  -1.4397754284784937E-016  -1.0537171357635381E-014   2.1864455384292909E-014  -4.9792493108386640E-015  -3.7992076095926694E-015   3.8146315759821381E-015   1.4336382092132785E-014  -4.1778612454596920E-008   3.8329169229019626E-008   3.9662383870378156E-009   9.7703505368243389E-009   7.7605467901386959E-010   9.3100759898223711E-010  -1.2249926111602358E-010   9.8232509597967405E-011   4.6629529041633786E-012   6.7180277224919951E-017  -1.1030289962873830E-016  -2.9853757391839336E-016  -3.2589455572579123E-017  -4.2929670370858629E-017  -5.7529245027001410E-017   5.2558477690641168E-018   2.1851259887459289E-016   1.0326069918692792E-016   5.9646044320583194E-017  -6.7008501620828271E-015   1.1444389960030770E-014  -2.1117001483391784E-015  -6.3656419995191012E-016   1.6289724413108270E-015   7.3374165196626861E-015   1.3097330461096554E-009  -1.1836404993648903E-008   1.0990642620905988E-008   1.1197770548477876E-009  -8.1636687387907881E-016   1.1052867396041907E-015  -4.0060171191067631E-016   6.7587710180306065E-017   2.8800819973744983E-016   7.4877942442207657E-016
   1.4286217066466455E-009  -9.4941341301199277E-009   1.1955926696529083E-009  -1.7080380338858606E-011  -9.3016030336146496E-016  -8.6561930868565094E-015   1.0211742241342555E-014   5.2554351361650996E-015  -6.1178554270228267E-015  -4.3252754105458105E-015   6.7662363265632155E-009  -4.4985552386681968E-008   5.6761239741909835E-009  -8.9016384987831133E-010  -2.1836335389472630E-016  -5.1370747806554058E-016   1.4363654985939268E-016   1.9562643100357665E-016   1.5954511141894777E-016   9.7336136575618844E-017   4.9322605717857009E-016  -2.2411989156820016E-016  -1.4803354168920436E-016   5.9989188925060808E-017  -3.4409025335152923E-015  -1.6510821660786290E-014   6.5211569557040515E-015   1.2291681308493754E-014  -4.9717827327046017E-015  -8.8507795964041542E-015   7.5506323235031653E-009  -5.0189764664862616E-008   6.3266461375588172E-009  -1.5575399719429392E-009  -7.7205676962807975E-010   1.4801997768830759E-009   1.8740286740453211E-009   3.7626960292016495E-011  -3.6480472221581277E-013   4.1217144403137914E-017   7.4258877542689038E-017   1.2951232331798941E-016  -9.7501390527194760E-017  -6.9345527565074035E-017   4.2200435506027168E-017  -2.9916238947402113E-017  -2.2343168331031265E-016  -3.4134067232065496E-017   7.0001463177815987E-017  -1.0757643809062712E-015  -9.4357491494728316E-015   3.8240535525144031E-015   5.2530619998510108E-015  -1.8352325945370731E-015  -4.1772982685515999E-015  -2.0546674928516306E-010   2.0886180783575389E-009  -1.4175534118498949E-008   1.9518263160732111E-009   2.8385111230298719E-017  -9.2631834976669827E-016   6.8269037898037459E-016   3.3790893915139229E-016  -1.8985935470153476E-016  -3.6629421272829892E-016
  -5.0493783505547413E-009  -6.3801332069749120E-009  -4.1120160829486147E-009   1.5781024303713316E-010  -1.1509695143350689E-014  -8.6040879808749561E-016   5.2554351361650996E-015   9.3137706900261726E-015  -3.3891538213526487E-016   2.1959259079098717E-015  -2.3931528370149034E-008  -3.0233624624649407E-008  -1.9482431864410447E-008   8.2814211156692642E-009   5.9086711302295424E-016  -1.3406298509714054E-016   2.0417134294422474E-016   1.0685395802864385E-016  -2.8178000138301311E-016  -8.9957580551982293E-016   4.1080108974299078E-016  -7.5302750492678798E-017  -4.1709049633092949E-016  -9.6055318791778918E-017  -1.4951878265636198E-014  -2.2380520176666581E-015  -3.3429986263842240E-015   1.4714158396156203E-014   3.0938993366922318E-015   2.3772400444883266E-016  -2.6696573017126315E-008  -3.3729583336999669E-008  -2.1737013883420360E-008   1.4486406976998804E-008  -3.9090586098949352E-010   4.3507089430539916E-010   8.8780220270597202E-010   2.2709268007627152E-010   7.1515543873077809E-012   1.4876571892472367E-016   5.6608534152589360E-017  -2.7430099172108011E-019  -1.0200791034150977E-016  -2.2563539187165202E-016  -9.7573703050747629E-017   5.8501166231677462E-017  -1.7570263817322770E-016  -1.3510440135845453E-016   1.3117189093185023E-016  -8.4391860776543549E-015  -2.2360958522154691E-015  -1.2672779821267342E-015   7.2026639794736707E-015   1.5336420341655643E-015   1.2365249692278128E-015   1.9470053882051006E-009  -7.6344560402726750E-009  -9.5713395753195999E-009  -6.1196256062474472E-009  -9.5694482483927318E-016  -2.4467480167652641E-016   1.7546118952906464E-016   6.4076622984868814E-016   6.1473507851113263E-017   3.1617885462014809E-016
  -3.4673490985685157E-009   5.0569466426602632E-009  -2.5089126233004596E-009   9.1280997794654017E-011  -4.1994532203541018E-015   6.8769024299663619E-015  -6.1178554270228267E-015  -3.3891538213526487E-016   4.8691038746450704E-015   4.5383697894906038E-015  -1.6428812985739146E-008   2.3958517831078365E-008  -1.1890409228932674E-008   4.7909762501477927E-009   4.4963425826252083E-016   3.5679745909154863E-016  -2.4703155895204087E-017  -1.3718369753825021E-016  -2.5601106023639952E-016  -4.6605747044469744E-016  -2.2908951723071235E-016   1.5811394623251756E-016  -4.9436957465745251E-017  -9.9439746357398670E-017  -3.8139080736727179E-015   1.2749617860197692E-014  -6.5421769456777663E-015  -3.7321126068581226E-015   5.1881976461821355E-015   7.5460233677393925E-015  -1.8329603577578977E-008   2.6731602197887738E-008  -1.3264570016037102E-008   8.3801154510748906E-009   6.0829356937099993E-010  -1.2642649454505685E-009  -7.8454813335241856E-011   2.3411941818821872E-010   4.4796348576138521E-012   3.1351329388433988E-017  -4.0810893272641892E-017  -1.1194221284919154E-016   3.2492094517723689E-017  -4.2395106074645338E-017  -7.4548504413160539E-017   4.5111180641640926E-017   1.1030929916048841E-016  -1.9705811007244949E-017   1.2210949134585594E-018  -2.8516191049466763E-015   6.8575256369638006E-015  -3.5138656896850197E-015  -1.1820309850064383E-015   2.0749571083016841E-015   4.0336520143467900E-015   1.1327108209408189E-009  -5.1715702454232066E-009   7.5119484514724202E-009  -3.7840206507733313E-009  -4.4074827140559347E-016   6.5631507215130335E-016  -4.5208629529046587E-016   1.7612571148781684E-018   1.7174689599688525E-016   4.3898727470965171E-016
  -7.1971574277982635E-009   2.9572316332032658E-009  -1.3566894308864402E-009  -2.0118651004744495E-010  -9.4061627951090159E-015   8.2144650079008913E-015  -4.3252754105458105E-015   2.1959259079098717E-015   4.5383697894906038E-015   7.2102355526032396E-015  -3.4107860769368707E-008   1.4013334247521530E-008  -6.4312779077111695E-009  -1.0554831038209937E-008   3.6365826590023208E-016   4.1200332834604699E-016  -2.0417600994666186E-016  -3.6039501711410306E-016   1.7327828113245355E-016  -1.2749026980243913E-016  -8.2654094749686952E-017   2.1170853638322331E-017  -3.0110849586694749E-016   1.3640334207514500E-016  -1.2127075932210417E-014   1.4513593655142342E-014  -5.1841999405901446E-015   2.6437300054305126E-015   4.6579216085568826E-015   9.4833409547149102E-015  -3.8050393869866464E-008   1.5633823095192838E-008  -7.1736742668163848E-009  -1.8463194485315753E-008   1.8795658263236365E-011  -2.3481643707912949E-010  -3.3311977581033282E-010  -2.9236833260256477E-010  -8.7074213734027579E-012   7.9156693043558794E-017  -1.2306957867144838E-017  -2.3625522232979087E-016  -5.6361102586109324E-017   6.6587957909893888E-018  -4.9826745852449191E-017   6.5213435760167546E-017   1.1506461411209319E-016  -7.5182402646070435E-017   9.0332287000382933E-017  -7.3195074967849305E-015   7.1035151101734145E-015  -2.2678675525497558E-015   2.0713408670948001E-015   2.1067392913581725E-015   5.2481629119736928E-015  -2.4816710830486714E-009  -1.0835222913964965E-008   4.4337076267176332E-009  -2.0697215168038840E-009  -8.6342993448208671E-016   6.3205278357120258E-016  -2.4936132827456155E-016   2.9107060205596046E-016   3.0239750407903393E-016   5.7235902395349177E-016
   4.3455445816401692E-002   1.8674574261334678E-008   6.9252669962613445E-009   1.6675440098489493E-007   5.8039387576898724E-008  -3.7447773256219389E-008   6.7662363265632155E-009  -2.3931528370149034E-008  -1.6428812985739146E-008  -3.4107860769368707E-008  0.20592875014244130       -7.1229802722010584E-009  -2.6330677163887979E-009  -3.7389190040040471E-008  -3.3211606317222321E-009  -9.6054700946550740E-010   1.3746210570395787E-010   2.3801735501138490E-009   3.2446279005485990E-011   2.0755495285123365E-009  -3.8860945156066508E-010  -2.7917673881195054E-010   1.4819216885894350E-009   1.0562743788793097E-010   8.5083856029064549E-008  -6.0019824507607986E-008   1.2750382790437037E-008  -3.8855186670193021E-008  -1.1759673505407046E-008  -4.6228670092384670E-008  0.22973750281813979       -1.0219702625899777E-008  -4.4849701440777861E-009  -5.1627692366539564E-008  -1.9372361015998485E-003  -2.2135369479452310E-010   1.5687536195599810E-010   3.0105357510700381E-009  -2.8224547342597325E-011  -6.4230732960123207E-010   1.5949670627966058E-010   1.2017355762916970E-009   5.9639890965935082E-010   5.0571474585070713E-010   2.6527434003209182E-010  -1.2083192234373684E-010  -2.4865697923044388E-010   2.6170117647447272E-012  -7.1038303457841371E-010   4.9236818643692472E-008  -2.7174331538475106E-008   2.4499855580584067E-009  -2.2871527490982402E-008  -6.2967342392189652E-009  -2.6365290818585231E-008  -3.0646818595947419E-008   6.5274032384544434E-002  -2.9569554469327778E-009  -1.6781191633208286E-009   5.4258759094431512E-009  -2.2945392692851332E-009  -3.5526489885273903E-011  -2.3896547258136051E-009  -1.2326941798359707E-009  -3.0362211472094161E-009
   1.7335221765591719E-008   4.3455480015411961E-002   3.3852299503002241E-008   3.0333752041891774E-007   1.6220291986314697E-008   3.4360291189734674E-008  -4.4985552386681968E-008  -3.0233624624649407E-008   2.3958517831078365E-008   1.4013334247521530E-008  -7.1229802722010584E-009  0.20592873881088347       -9.3004770001300762E-009  -1.1279557531136277E-007   3.1744430724722007E-010   2.0798052015760837E-009  -7.0202191131842007E-010  -8.8125315279484746E-010  -4.3762641748885145E-010   4.5535653330265396E-010  -2.3469153835026162E-009   9.8840590487179958E-010   1.0689527773433356E-009  -2.1345694295195441E-010   2.9439658043583009E-008   6.5940206652321367E-008  -2.1326982235476321E-008  -6.3420362313928831E-008   1.5492355578348860E-008   3.3980705709706401E-008  -1.0893252059198806E-008  0.22973748330396943       -1.9326249902295356E-008  -3.5384497193104200E-008  -2.3199916376704082E-010  -1.9372364501499930E-003  -1.5166590402532648E-010  -1.1477713125759867E-008  -5.0778265181572948E-010  -3.1471729641373105E-010  -3.6244087553834544E-010  -4.8928619511961154E-010   4.8568148598588599E-010   4.7587365049493748E-010  -6.3444396447481454E-011   3.7954540889323156E-011   1.0448397489307857E-009   3.1157514276366252E-010  -4.1408469409849758E-010   1.3239899312985408E-008   3.8816717711267709E-008  -1.3174917306704534E-008  -2.8074423947797303E-008   5.2260431866024721E-009   1.4834525990198371E-008  -1.5177449797338667E-008  -3.1297881687381526E-009   6.5274026521386960E-002  -6.0234147795280527E-009   8.6767986759249464E-010   3.9534910672231685E-009  -2.6564137469543167E-009  -2.0054710620139121E-009   5.6167130515354427E-010   1.1377917287875872E-009
   5.9607882982987822E-009   3.4507037199158074E-008   4.3455385755665536E-002  -2.1195078642781404E-007   2.5913708324975611E-008   3.5549600072292602E-009   5.6761239741909835E-009  -1.9482431864410447E-008  -1.1890409228932674E-008  -6.4312779077111695E-009  -2.6330677163887979E-009  -9.3004770001300762E-009  0.20592876343982036        8.4065132597566188E-008  -7.4136605553932062E-010  -1.2344935036669157E-009  -1.0203195682382589E-010  -2.7507496654381116E-009   1.5008830596338438E-009   3.7453961082321555E-009  -2.6029899741952189E-010   2.9435547502941538E-010   1.5837209114310610E-009  -1.4332548929139255E-010   6.5075074367691208E-009  -4.5028793313154775E-009   5.2575159869982829E-008  -1.0917977906605176E-008  -4.4500097028938830E-008   4.4104688969403202E-009  -2.6123609159821731E-009  -1.8672314401509841E-008  0.22973753653134069        3.6208984203167561E-008   3.4030338382436122E-010  -1.2655521687578787E-010  -1.9372346730343595E-003   2.3126659453232747E-009  -1.9008676548802539E-010  -1.9566244779162919E-010  -4.3999264214251454E-010  -5.4204059885634733E-010  -3.8662211676281300E-010   4.3179382538979144E-010   6.4912973073784329E-010  -7.0074627465861629E-010   4.1221218901387591E-010   1.3801432271847998E-009   9.6700515889095824E-011   6.8715820930990185E-009  -2.2792374547453421E-009   3.0876414245686715E-008  -4.7988553099905351E-009  -1.7850738748039593E-008  -2.0727281521405990E-009   1.7609999188515768E-008  -1.2844227669387633E-009  -5.8625101066126004E-009   6.5274041236255326E-002   1.6793909021052532E-009  -3.9421954131702873E-010   2.3920814342161981E-009  -7.1403143035611451E-010  -4.3410541503772880E-010  -9.6536011384951591E-010
  -3.3060358095604259E-009   1.2987480513111503E-008  -7.7302342282631508E-009   5.2239776662727543E-003   2.2734552848301423E-009   5.5851961362176503E-009  -8.9016384987831133E-010   8.2814211156692642E-009   4.7909762501477927E-009  -1.0554831038209937E-008  -3.7389190040040471E-008  -1.1279557531136277E-007   8.4065132597566188E-008  0.27414117190609982        6.0038215527542754E-009  -1.8919495583049601E-009   3.5540072145035952E-009  -2.0508426807721246E-010  -6.6303327914364595E-009  -7.8498874425412649E-009  -1.1889274033141800E-010   2.1596608844221267E-009   2.0514603110089852E-009  -4.2587159235006800E-009  -4.2509680483086845E-009   1.4374643290533718E-009  -5.0960868080727541E-010  -4.7691887429292007E-009  -6.9273191579233172E-009   9.0202927696761259E-009  -6.6049112006713365E-009  -3.9243604441227500E-007   2.1555114083145863E-007  0.47953424015866281        1.6244443506392012E-008  -3.4216691446942791E-009  -2.4853779849635498E-009   9.5251514909849948E-003  -1.6600213588211803E-004   3.1061574241978562E-010  -6.4988761922478470E-010   5.4107080968905791E-010   6.9888971716508665E-011  -1.8586027006380931E-009  -4.8662411197692964E-010  -5.3767686615178173E-010  -4.0714913847053594E-010   1.3712567219315233E-009  -9.9818691125189906E-011  -3.9383677127705387E-009   2.8623616038926906E-009  -3.3796789240037238E-011  -1.1038181940398562E-009  -3.8786238996195255E-009   5.0422843850406151E-009   6.4575895248831214E-002  -9.4101158571668327E-009  -1.1450902215003238E-007   6.3674989879982958E-008  -9.2206339851239939E-010   7.7785995960584851E-010  -1.9467339028964964E-010  -1.3782801728701809E-010  -1.1127731018784616E-009   1.0599007595005817E-009
  -7.0089763206385876E-010   6.6998812014548686E-011  -1.5651490884233273E-010   1.1443678081137652E-010  -9.5452435284006490E-016   7.6643976885807900E-016  -2.1836335389472630E-016   5.9086711302295424E-016   4.4963425826252083E-016   3.6365826590023208E-016  -3.3211606317222321E-009   3.1744430724722007E-010  -7.4136605553932062E-010   6.0038215527542754E-009   1.8821224634696661E-016  -1.8290446254716372E-017   7.4899997926574878E-017  -3.4333324862250132E-017  -1.5181252520299958E-016  -2.1817858187220836E-016   9.8648920286255064E-019   5.2264676446188968E-017   1.6966976026062792E-017  -9.4783010463058871E-017  -1.4436001870715375E-015   1.1174174552439609E-015  -4.3914193288989107E-016   4.6382960038849788E-016   2.2210891375920716E-016   9.7977358674156259E-016  -3.7052997971598327E-009   3.5416854049020702E-010  -8.2726172931468918E-010   1.0502273599632214E-008   8.4730951413443883E-011  -1.2476856474797782E-011   6.8888316640990998E-011   1.6754104610786791E-010   4.4038580918359486E-012   1.7375052630105586E-017  -1.5781201983586753E-017  -6.3305431998370696E-018  -5.9454491322834742E-018  -4.9675114654695224E-017  -1.7364463343235566E-017  -7.2505785924847378E-018  -4.7800469840019549E-018   2.5508942660124176E-017   8.2816098770112266E-018  -8.8427648461087137E-016   5.6877302381889252E-016  -1.7134321233755712E-016   3.1856176180418378E-016   8.8728662107465016E-017   5.6571688451037792E-016   1.4117088936559802E-009  -1.0484851356106211E-009   9.9868244818748263E-011  -2.3008956836698526E-010  -1.1134426145466086E-016   6.0934330817438324E-017  -1.5279898902860168E-017   3.4531844446781231E-017  -2.6380529544066820E-018   7.6812623670422515E-017
  -2.0271925998906171E-010   4.3884118791870417E-010  -2.6056990871824732E-010  -3.6050279041353286E-011  -2.7794062366654865E-016   4.6187089162261222E-016  -5.1370747806554058E-016  -1.3406298509714054E-016   3.5679745909154863E-016   4.1200332834604699E-016  -9.6054700946550740E-010   2.0798052015760837E-009  -1.2344935036669157E-009  -1.8919495583049601E-009  -1.8290446254716372E-017   4.5946052635891696E-017  -3.1646706705486322E-017  -2.0961649588061741E-018   3.2185993531969630E-017   2.6635751955430567E-017  -1.9506775852521629E-017  -5.3887541538747578E-018  -1.9774551098210111E-017   2.7604467115480566E-017  -1.0935264937092099E-016   9.6288026338470369E-016  -5.8672701738587304E-016  -3.6083587089847945E-016   5.2598698075137724E-016   4.7018760935346813E-016  -1.0716628840734435E-009   2.3201544953575885E-009  -1.3773950727783437E-009  -3.3094507616125258E-009   2.9394671317737324E-011   1.8170671529850444E-011   6.9694805096717442E-011  -6.4215823910219321E-011  -1.4607496943427105E-012  -1.1572850478857003E-018   2.7155278234154960E-018  -1.1033219624210103E-017   3.9591866552935140E-018   1.2689854289320686E-017  -2.4061819256149394E-018   8.8546773393560084E-018   1.2058833706288351E-017  -1.4594766929258881E-017  -7.6403672679234706E-019  -1.0974096826886526E-016   5.1288237806620869E-016  -3.2894690886860994E-016  -1.4063868786608357E-016   2.1571015533967491E-016   2.5037899668097189E-016  -4.4556624217745545E-010  -3.0285602021023729E-010   6.6223294858913542E-010  -3.8670271662396075E-010  -1.9631767341074899E-017   4.8159928574770675E-017  -3.8559930909604878E-017  -4.4518357010062199E-018   2.1163980211022979E-017   2.4083547655874980E-017
   2.9163584468155243E-011  -1.4819196159682652E-010  -2.1571521625617162E-011   6.7736539876535484E-011   5.2490555603083856E-021  -7.1489392757745389E-017   1.4363654985939268E-016   2.0417134294422474E-016  -2.4703155895204087E-017  -2.0417600994666186E-016   1.3746210570395787E-010  -7.0202191131842007E-010  -1.0203195682382589E-010   3.5540072145035952E-009   7.4899997926574878E-017  -3.1646706705486322E-017   4.8622428936826251E-017   3.3011170586176572E-018  -8.5180422419069646E-017  -1.0379006163981190E-016   6.3308611146140367E-018   2.4291651361629508E-017   2.3152821137633696E-017  -5.4346951039471370E-017  -1.0136077113746862E-016  -2.4433593433677420E-016   4.8347095347061948E-017   1.3360519871154475E-016  -1.2834464353091578E-016  -3.2242668355236964E-017   1.5376527533306892E-010  -7.8332298877315314E-010  -1.1393232402938825E-010   6.2168569518133274E-009  -1.3906944807443427E-010   5.1101742573126170E-011   3.6391279722168966E-011   1.0627124510614419E-010   2.7277633876724155E-012   4.7758953277255896E-018  -6.8724213506986890E-018   9.7375579970351543E-018  -1.7289295399215849E-019  -2.5599200367836419E-017  -6.2347032885151391E-018  -6.8310642709516864E-018  -9.1953008810813819E-018   1.6037067830879829E-017  -4.0413296312774294E-019  -6.7688668768680438E-017  -1.1154210477062213E-016   3.1170200741491137E-017   6.8891113354957914E-017  -6.3634160457553587E-017  -1.2011701494197451E-018   8.3610800874734461E-010   3.2660703529962811E-011  -2.1899961532247627E-010  -2.9534978072391065E-011  -1.4800525078309392E-017  -2.7082028004454599E-018   6.0674671600966801E-018   4.8261753523827455E-018  -1.7354839260896446E-017   9.9744691737205173E-018
   5.0231514541921561E-010  -1.8595919340703662E-010  -5.8052138750899818E-010  -3.9075763683281406E-012   2.5354101977502859E-016  -6.3155152730052735E-016   1.9562643100357665E-016   1.0685395802864385E-016  -1.3718369753825021E-016  -3.6039501711410306E-016   2.3801735501138490E-009  -8.8125315279484746E-010  -2.7507496654381116E-009  -2.0508426807721246E-010  -3.4333324862250132E-017  -2.0961649588061741E-018   3.3011170586176572E-018   6.8181352076186213E-017  -1.2837796633525189E-017  -2.2119297257115187E-017   9.1206794281885369E-018  -1.3004579125775214E-017  -1.0140674941390932E-017   7.2322040433048602E-018   7.7385047543535750E-016  -9.1688203060145147E-016  -4.6347030244604878E-016  -2.8395251711988483E-017   3.9744576190043702E-016  -7.4545531924152330E-016   2.6554839568053783E-009  -9.8312752761712887E-010  -3.0689241231193005E-009  -3.5876156587495624E-010  -6.3805656691572349E-011   4.0274404807744617E-012   7.3683421838024358E-011  -3.0402138718726816E-012  -2.5216553514766647E-014  -3.6940367859018694E-018   9.7538765830662091E-018   2.2815044052463020E-017   9.9211418290704925E-018  -5.6920345460611957E-019  -4.9658945533943503E-018   8.2019862806445862E-018  -1.2542265984206833E-017  -2.0758237131985088E-017  -7.6559726205187905E-018   4.2327453382261351E-016  -4.5180875744858566E-016  -3.2736278418477536E-016  -7.9081356286906337E-017   1.4605122928304929E-016  -3.4419323526246175E-016  -4.8057707606726822E-011   7.5117298925215468E-010  -2.7967171264710379E-010  -8.6812982296544519E-010   3.6360697863472184E-017  -3.8460593315326318E-017  -1.9938903346199439E-017  -8.8963376287734542E-018  -1.0466211490957183E-017  -2.7464360455735124E-017
   6.9853365950065282E-012  -9.2235471789456678E-011   3.1673102214902732E-010  -1.2636275287157398E-010   1.0850060870210877E-016  -1.8819054995020168E-016   1.5954511141894777E-016  -2.8178000138301311E-016  -2.5601106023639952E-016   1.7327828113245355E-016   3.2446279005485990E-011  -4.3762641748885145E-010   1.5008830596338438E-009  -6.6303327914364595E-009  -1.5181252520299958E-016   3.2185993531969630E-017  -8.5180422419069646E-017  -1.2837796633525189E-017   1.7224815314289169E-016   2.1651565129646707E-016   5.9061756408227979E-018  -5.2223368423538073E-017  -4.0110037593928213E-017   1.0241489122340512E-016   1.0168699731067139E-016  -2.1695771099891528E-016   4.4280012602720674E-016   1.6402367095820119E-016  -1.9162706105154935E-016  -2.6571397302129122E-016   3.6560564751613221E-011  -4.8791774308654429E-010   1.6744384677438168E-009  -1.1598051022612789E-008  -1.2261086411815470E-010  -9.6432386176714424E-011  -2.4679989477090693E-011  -2.1162885517679832E-010  -5.5693785422365519E-012  -8.3589682238552719E-018   1.3303356367281692E-017  -1.5812790886400550E-017  -5.4597829189495123E-018   4.7157837810372238E-017   1.6674498575681017E-017   7.8007019335403956E-018   1.0584484806084099E-017  -2.3769213106838467E-017   3.8964379824303045E-018   1.2387556637027140E-016  -1.7292367904007018E-016   2.5419617663604478E-016   4.8580989779208814E-017  -4.8269619262328156E-017  -1.7245895237095371E-016  -1.5606605181967404E-009   5.9858374391014265E-013  -1.4667727011286928E-010   4.7490349144423328E-010   3.0466227730242491E-017  -3.1238188389074433E-017   2.7585947535769586E-017   4.3301071423170657E-018   2.2478831550941300E-017  -3.4796566466180708E-017
   4.3802048395020864E-010   9.6070771399322601E-011   7.9050806791713407E-010  -1.4962547368057872E-010   1.0270647379984251E-015  -3.9672057382215243E-016   9.7336136575618844E-017  -8.9957580551982293E-016  -4.6605747044469744E-016  -1.2749026980243913E-016   2.0755495285123365E-009   4.5535653330265396E-010   3.7453961082321555E-009  -7.8498874425412649E-009  -2.1817858187220836E-016   2.6635751955430567E-017  -1.0379006163981190E-016  -2.2119297257115187E-017   2.1651565129646707E-016   3.1483574534964207E-016  -1.0444034897645676E-017  -5.7115733375152189E-017  -1.2623503309244079E-017   1.1993250643064718E-016   1.1629085750773084E-015  -5.8226714082843442E-016   1.0526359117553313E-015  -5.9388188923526942E-016  -6.9543141312158885E-016  -5.6903061532439951E-016   2.3156064042637208E-009   5.0796013137553791E-010   4.1788116466289645E-009  -1.3731516770804857E-008  -4.9848955231297133E-011   1.2712880645816204E-011  -1.6610633168603583E-010  -2.2173911841610677E-010  -5.8830678562126146E-012  -1.9616788829914522E-017   1.1418766721280021E-017  -1.4322200033178333E-017  -1.9447185948648287E-018   6.7215161572319846E-017   2.8262660335249606E-017   1.5257340920389716E-018   1.8955466119280723E-017  -1.3465604769986685E-017  -3.4546921191796063E-018   7.6308751278019432E-016  -3.1126970426667626E-016   5.5724279587061938E-016  -3.4830507150009063E-016  -2.6509069873137618E-016  -4.1478528378331393E-016  -1.8459484506491334E-009   6.5549343574649874E-010   1.4568434662159668E-010   1.1768272520132887E-009   1.1302164272857983E-016  -4.3290672918920281E-017   4.0439051219063151E-017  -3.7432295823373729E-017   1.4006021790425298E-017  -7.5589623951066303E-017
  -8.1996968532341656E-011  -4.9521551342678266E-010  -5.5048614230577443E-011  -2.2633140764750479E-012  -3.2814702789297925E-016  -3.2787052981396948E-016   4.9322605717857009E-016   4.1080108974299078E-016  -2.2908951723071235E-016  -8.2654094749686952E-017  -3.8860945156066508E-010  -2.3469153835026162E-009  -2.6029899741952189E-010  -1.1889274033141800E-010   9.8648920286255064E-019  -1.9506775852521629E-017   6.3308611146140367E-018   9.1206794281885369E-018   5.9061756408227979E-018  -1.0444034897645676E-017   2.7867728035590961E-017  -1.2044993935949952E-017  -1.7882168608671117E-017   4.2590232344242481E-018  -5.0244845261575547E-016  -6.3308600173390949E-016   1.5236460725239380E-016   8.1189399833634820E-016  -9.4996886849814601E-017  -3.0944561716685012E-016  -4.3351728031125912E-010  -2.6181647992150158E-009  -2.9070763830002902E-010  -2.0792494361087183E-010  -3.6735918448160568E-012  -8.9919009065447643E-012   1.0795093408207057E-010  -1.2057053497369773E-011  -3.4727212054406049E-013   4.9097447147975377E-018   4.6617379741272400E-018   3.7578344670007098E-018  -6.2081946982099046E-018  -6.1139271700985674E-018  -3.7877587468891786E-019   9.0822316727009663E-019  -1.1779856996348430E-017  -5.8808858829200162E-018   5.9793480061727256E-018  -2.5088800278280884E-016  -3.8965390942536395E-016   1.0722370335575507E-016   3.6987043544607752E-016  -2.3746014688485312E-017  -1.1898248921635458E-016  -2.8493728828906628E-011  -1.2375948087605781E-010  -7.4637137914377121E-010  -7.4152704931600527E-011  -2.2173869408068166E-017  -4.1042017955128749E-017   2.9358516617562127E-017   2.8751667370247006E-017  -4.0027534227421858E-018  -6.5778074636967944E-018
  -5.8917637398196425E-011   2.0877037890207405E-010   6.2144778196329945E-011   4.1171199116492937E-011   5.4132261138056438E-017   2.6465645270640279E-016  -2.2411989156820016E-016  -7.5302750492678798E-017   1.5811394623251756E-016   2.1170853638322331E-017  -2.7917673881195054E-010   9.8840590487179958E-010   2.9435547502941538E-010   2.1596608844221267E-009   5.2264676446188968E-017  -5.3887541538747578E-018   2.4291651361629508E-017  -1.3004579125775214E-017  -5.2223368423538073E-017  -5.7115733375152189E-017  -1.2044993935949952E-017   2.2573613891478286E-017   2.1548992029416098E-017  -3.4931259850853085E-017   1.8861098424473897E-018   4.0339983240131472E-016  -4.8423113004528466E-017  -3.0512765342032627E-016  -2.7998051340846804E-017   3.0324262119403657E-016  -3.1146810097962449E-010   1.1031910319773906E-009   3.2846620408170586E-010   3.7778609079209561E-009   7.4001825081147067E-012  -1.8118310636970280E-010  -2.8805402794690232E-011   5.3217473382987622E-011   1.5451447594069242E-012   1.5319762127898520E-018  -7.7017573943309663E-018  -4.7953272298739215E-019   1.5172905732255336E-018  -1.2429661140915675E-017  -3.5725607992509537E-018  -4.8911517421894588E-018   2.7091246117987392E-018   1.4264180216891484E-017  -1.6619301133666506E-018  -2.4659926083633836E-017   2.4130263962531652E-016  -2.2970378957368562E-017  -1.1874004377174742E-016  -2.2212194397170739E-017   1.4340075143527704E-016   5.0737798085340891E-010  -8.8113658550132479E-011   2.9968576876162496E-010   9.1241330470516106E-011  -8.8370138556846914E-018   2.4445735765956371E-017  -1.1411005640344479E-017  -6.8296027022459107E-018  -4.7173058003069104E-018   1.5666691456780209E-017
   3.1272981948177320E-010   2.2556862861922026E-010   3.3442530716013923E-010   3.9086820929258911E-011   7.1819931675547627E-016  -2.1979687880895765E-017  -1.4803354168920436E-016  -4.1709049633092949E-016  -4.9436957465745251E-017  -3.0110849586694749E-016   1.4819216885894350E-009   1.0689527773433356E-009   1.5837209114310610E-009   2.0514603110089852E-009   1.6966976026062792E-017  -1.9774551098210111E-017   2.3152821137633696E-017  -1.0140674941390932E-017  -4.0110037593928213E-017  -1.2623503309244079E-017  -1.7882168608671117E-017   2.1548992029416098E-017   4.3766204813637176E-017  -3.3318575209318031E-017   7.8346389758813756E-016  -1.1349362841728952E-016   3.8230420093139831E-016  -7.2844667653873595E-016  -3.9853213381548566E-016  -5.5016214278229825E-017   1.6532877830335898E-009   1.1925272517394256E-009   1.7674199265279441E-009   3.5884102916408280E-009  -2.4466098128665689E-011  -6.0389958847289676E-012  -2.1453050670383299E-010   8.0394177188105505E-011   1.9320910304158858E-012  -5.4298938337674380E-018  -8.9699747953719794E-018   5.9914575165996688E-018   4.3700799341439257E-018  -4.4870612129130271E-018   2.9143510850115366E-018  -1.0073176286192133E-017   3.7457172075629962E-018   2.2484858660579024E-017  -7.2581870384678443E-018   4.4634535769302144E-016   9.9012429003123083E-018   1.8508858110367658E-016  -3.5560037808949286E-016  -1.8385052705416143E-016  -9.0744244275684849E-017   4.8379457780260894E-010   4.6889690568472136E-010   3.3914759534702967E-010   4.8618855817980545E-010   4.9381663960394026E-017   6.9057409823060843E-018  -8.2922039803290269E-019  -3.4123658907560755E-017  -1.5793602164775754E-017  -1.5257936918860299E-017
