   2.4034561945310076E-003  -3.2694016400119967E-018   8.4814445630934858E-018   9.8403438346684265E-017  -1.4036185694178037E-017   1.9973842096993713E-017  -2.1767376818627493E-018   6.7742726461831532E-017   1.8054573055124079E-018  -5.2711122873513077E-017   5.3404661057187316E-002   8.9627114011797342E-016  -8.4021318066267611E-016  -2.6139049765032532E-004  -2.6988430035026063E-016  -2.2216435085118621E-015   1.9956558125314829E-003   1.2503730524318656E-017  -9.5290327074468269E-017   2.6069833337325086E-015  -2.2827867590659655E-016   2.1991772320483374E-015  -1.0007370824746706E-015  -2.2929158145361518E-017   1.5895295096515018E-017  -6.9747924407207296E-016   2.3592056286892138E-018  -6.2717534364704765E-016  -1.4730371527557744E-017   2.4664463347659948E-017  -1.9563044023294795E-018   4.6641996855092401E-017   8.2843328752201684E-017  -2.4864505460752998E-017  -1.7669809246842927E-017  -8.1062694553177215E-017   1.8419469305526403E-017   1.6849857694918920E-017  -1.7724352624481818E-015  -1.5169921315268090E-015   1.1502811455564243E-017   2.0937045681968040E-017  -3.5158129068257186E-016   1.4278811978561419E-017  -3.2900378759077844E-016  -4.3896026535300820E-018   2.2631589880040243E-017  -4.6530852644354267E-018   4.8674296520849531E-017   3.0483431512109092E-016  -3.8243776978010053E-017  -1.2438663214850747E-016   6.1998589046645687E-017   1.7509838590697406E-016  -3.6322949498088953E-016  -1.8892552206266442E-015   2.7347283889691741E-005   9.9556018707600799E-018   5.3207680988894107E-017   2.4521462256365288E-015  -3.1678702684145523E-016  -9.1832005077634927E-016   1.0255437006972056E-016   1.3027182364659723E-015  -2.5592109501874939E-015
  -3.2694016400119967E-018   2.4034561945295075E-003  -1.2923181552163607E-016  -8.3013920120067232E-017   7.6244783052400203E-017  -7.9885806685434730E-018  -6.1341406243736144E-017   5.9344446444889597E-017  -7.4829560275960548E-017  -1.3050612308797406E-016  -8.6769402832572642E-016   5.3404661057169706E-002  -1.3175719907203594E-015   2.3801809659419467E-017  -2.6139049763053358E-004   3.9366752449629424E-015  -3.0045537742354413E-017   1.9956558125323984E-003  -2.4261626150259787E-016  -5.4505283712698903E-015   8.0434791516702330E-017   3.0917202344588202E-015   2.0405200939322213E-017  -7.3189343511773159E-016   3.6252769670340689E-018  -2.8596046869754262E-017   1.1174076402210725E-017  -3.5756064954462253E-017  -7.1898283934513114E-016   1.1045225561798330E-017  -6.6529953774706312E-016  -8.7550924939717656E-018  -4.6399127125341775E-017   3.9267430006075537E-018   7.0253787092354134E-017  -2.5264207958016044E-017   1.2229067355379497E-016   2.7710175562900641E-016   3.7491173785234229E-015  -1.3586860265914803E-017  -4.8580086949148297E-016  -2.3351812956905263E-017   2.1540519411504942E-017   3.6665750178398198E-018   2.6021079297971870E-017  -1.7722328088613285E-015  -4.1114885610777184E-018  -4.2948343308167813E-016  -4.8649512477533365E-017  -3.0685720208821631E-016  -8.1853105861337029E-017   8.0615319103995670E-017   4.9013011316344472E-017   5.1241601337618426E-017   3.4053079504393846E-016   4.2388791404401190E-015   4.8556822683105191E-017   2.7347283890064046E-005  -7.6649785845090195E-017  -2.7291903332124455E-015  -5.5419429050496501E-016   8.7560065065324334E-016  -2.4970953073813607E-016   7.9527273945013368E-016   2.9991077938604576E-015
   8.4814445630934858E-018  -1.2923181552163607E-016   2.4034561945300969E-003   5.3158551656345081E-017  -4.7086017809998054E-017   1.4958135284024883E-017  -7.4747054094346393E-018   2.0058350064695048E-017   2.6421430277141132E-017   4.3456653175723806E-017   8.7803255622419895E-016  -9.7509571255383738E-016   5.3404661057174306E-002   8.7921180971757348E-017  -1.5660787931075377E-015  -2.6139049762409494E-004   9.2865456205637678E-017   5.2250601294423600E-017   1.9956558125341041E-003  -6.6625980918468600E-015  -4.4724820880432545E-016   1.3569019690974957E-015   1.1402856020556699E-017  -4.6013882109385734E-017  -8.4863411805987834E-016   8.3849081980165949E-018   1.8600865982119106E-019  -6.6407371776923811E-018  -9.1536786347946243E-017  -1.0207641015453794E-015  -3.1774509715624535E-017  -8.2011745222610776E-016   1.9612581278387952E-016   3.8195255896380145E-017   2.3816620672590687E-017   1.0950900008957106E-016  -1.5964887363959957E-017   9.4305620041207577E-017   4.8375387745796921E-015  -4.7000387138658383E-018  -4.5882632052375036E-017  -3.2598151853451096E-016   7.9888637169747645E-018   5.8134640530003508E-018   8.2560265624716495E-020  -1.3294422271183896E-016  -2.5588704651273411E-016  -2.6014391850753818E-017  -1.4731583512729615E-015   2.7328981234089271E-016   2.6842394246499510E-016   9.1079824617625289E-017   1.4937106695511825E-016   9.3311385267310248E-019  -2.5973697783453186E-016   5.1282973845136710E-015   4.0067630043329777E-018  -1.1498055428909689E-016   2.7347283890834886E-005   1.6876410488156545E-015   2.0783034208216062E-015   7.3586251023902942E-016   6.5146146509302413E-016  -1.0684871485720679E-017  -2.2917865146253155E-015
   9.8403438346684265E-017  -8.3013920120067232E-017   5.3158551656345081E-017   1.1266563189205041E-005  -9.7194446198647554E-017  -6.7438327792006739E-019   1.6581312462885150E-018  -5.9809613632187149E-017  -1.0622945010514524E-017  -7.3767643170690929E-017   2.4433768166900154E-015  -2.1651879234587720E-015   7.9842897024744883E-016  -2.6520380040974929E-014   3.3179133604917626E-015   1.7632572985453099E-014   1.1236261344564858E-016  -8.9548121189799511E-017  -4.1026681708500390E-017  -3.7374157873477577E-003  -4.9268623781008085E-005  -1.1083555315923872E-003  -2.8660875967534611E-019  -1.6182571160877713E-018   2.7024552237955968E-018  -6.3590734774415486E-019  -2.8552468798992073E-019   1.1914804080208877E-018   1.2882076866207978E-018   3.2039895789050931E-019   4.2500282009676502E-019  -2.5732598012264894E-018  -4.7556059500681474E-016   9.0629286130243936E-017  -1.0007150642725382E-017  -4.5573060123975161E-016   1.8230298866805912E-016   5.7253750830650613E-016   2.8141418591903860E-003  -1.9124953746699073E-018   2.2144582812612515E-018  -1.0567539148088198E-018  -2.1766234006192829E-018  -2.1829706216409458E-019  -4.5780242077631784E-018  -2.5493668808488724E-019   7.3193431927706873E-019   1.3334423020228787E-018  -2.0306610453100788E-019  -4.0378892921879396E-015   8.6884495292984067E-016  -5.6491078445628001E-017  -2.6559231891763766E-015   1.7127055469014626E-015   7.2771801068600966E-015   2.7085959746015317E-003   1.4045106426132834E-017  -9.3356150313587550E-019  -2.5851598419151242E-017  -3.0367065692597275E-014   6.3538873372437895E-015  -4.2484325977105898E-016  -2.0980967898411290E-014   1.2498309764369387E-014   5.1866571068466055E-014
  -1.4036185694178037E-017   7.6244783052400203E-017  -4.7086017809998054E-017  -9.7194446198647554E-017   2.3890481896093339E-008   1.6289758518544843E-019   4.8244104778956507E-020  -1.1945240948657880E-008   3.7482363837270718E-019  -1.1945240948891889E-008  -3.3288803292383764E-016   1.6969299172488194E-015  -1.0474536999664409E-015   9.0477903489623893E-015  -2.8004200946975076E-015   1.6936260315984854E-015  -1.1404990158727423E-017   6.1736605681232903E-017  -3.8109280135957809E-017   4.3637828474545756E-014   4.8605708385456971E-016  -4.0136283327825204E-014  -1.5002949988851385E-019  -2.5391696684011825E-019  -2.4815823988533787E-019   1.9525508253448342E-019  -5.6429047908797094E-020   6.7504791613749051E-020   3.7559375616980740E-019   4.5329399675290893E-021  -1.6187164739349271E-019  -8.9581641728888910E-020  -2.8349103420439540E-006   1.6947765046916586E-017   4.3951679882639073E-018   1.4174551710098314E-006  -3.2027275420334448E-017   1.4174551710286944E-006  -3.2411373016502828E-014   2.5057090636968739E-019   7.8229213423012970E-020   9.4386900269869973E-020  -1.0549424932972472E-019  -3.5305919814951083E-020  -5.5917382784684037E-020  -1.8750990835702669E-019   7.4674405628220174E-020   1.0482195164303582E-019  -3.3490940890940797E-020  -2.7482844539356714E-005   1.6881342154231002E-016   4.2618846139291958E-017   1.3741422269588348E-005  -3.0944208687621891E-016   1.3741422269766140E-005  -3.3153834012283252E-014   1.3997955562605261E-019   2.3508155442613589E-019  -2.3225958519837747E-019  -2.0095822253710419E-004   1.2336678858222313E-015   3.1181399874486245E-016   1.0047911126789956E-004  -2.2631393586020904E-015   1.0047911126920195E-004
   1.9973842096993713E-017  -7.9885806685434730E-018   1.4958135284024883E-017  -6.7438327792006739E-019   1.6289758518544843E-019   2.3890481895087478E-008   1.7723984768015543E-019  -1.8483130158549710E-019  -1.0277052560044615E-019  -7.0002346720799869E-019   4.3827226061668921E-016  -1.8382153042470828E-016   3.3982228442955432E-016   1.2800724816000397E-015   1.4639238110754218E-015  -7.2895755810269827E-016   1.6323282854758123E-017  -7.0297504393507108E-018   1.2807872575882806E-017   5.7878834548307740E-017   5.1379931772381831E-018  -4.2478982945483063E-016   4.5708338605019927E-019   1.2439201970309680E-019   2.8527114288118802E-020   1.9125500102932665E-020  -6.4046964129257300E-021   2.1320396076463739E-019   2.4675583473430279E-019   1.6070749587375748E-019   5.9394466449745639E-020   1.0146249226608277E-019  -3.7331905124153237E-017  -2.8349103419808014E-006  -8.8209998460860231E-018   9.8366098757411203E-018   2.4891276525622822E-018   2.6695251355701790E-017  -4.5356807952395909E-017   2.5261441557768736E-019  -5.5447410866643542E-020   4.8067285787762493E-021   1.0495701376570561E-019  -5.9855272463792446E-020   8.6051006783740596E-020   2.7869744381749463E-019  -4.4544183570206521E-020   5.8713166182799296E-020  -6.5530904624896794E-021  -3.5577994697566289E-016  -2.7482844538778458E-005  -8.4740555903303061E-017   9.7338815037887595E-017   2.5298575399563685E-017   2.5890760203944618E-016  -5.3217047992205263E-017   6.3654675554491268E-019   9.6466982591671460E-020   2.6739324107418984E-019  -2.6038583980309534E-015  -2.0095822253287336E-004  -6.1975550347566885E-016   7.1108574244367500E-016   1.8498276765342526E-016   1.8933860182832810E-015
  -2.1767376818627493E-018  -6.1341406243736144E-017  -7.4747054094346393E-018   1.6581312462885150E-018   4.8244104778956507E-020   1.7723984768015543E-019   2.3890481896849653E-008  -2.9075698007615686E-019  -5.7733632683618878E-019  -3.0482242226559498E-019  -4.3562621569081253E-017  -1.3685955400789107E-015  -1.7044102156420661E-016  -2.2393374616592982E-015   2.4616727262750859E-015   1.7537969141232018E-015  -2.5324299122147909E-018  -5.0745110746882095E-017  -5.9722535928428624E-018  -6.6891286509795122E-016  -5.5365893439494855E-018   5.0663629629358670E-016   1.2338282497505906E-019  -9.3897409666300963E-020  -3.7801323051651982E-020  -3.8989408474161475E-020  -3.4406053936925858E-020   8.0329124352458179E-020   1.9735763541189129E-019   2.5009375154080009E-019   5.7210078927990830E-021   2.5263727483265641E-019  -1.0382278669537713E-017  -1.2285161863557861E-017  -2.8349103420858601E-006   9.6940568065487365E-018   1.1344243541960409E-017  -1.7033224339155224E-019   4.9543481922403418E-016   6.8743589518797977E-020   1.5198832701038135E-020   1.8304875948625487E-019   5.3607710167693549E-020  -4.5795836182176992E-020  -4.6729686844710510E-021   2.2721060650789482E-020   1.2103600542497357E-019   1.7887315977196054E-019   3.5158872567056799E-019  -9.7997168294206764E-017  -1.1916634165024514E-016  -2.7482844539791703E-005   9.7739798284480951E-017   1.0980040304897869E-016   4.1155968129889354E-019   5.0564084674924878E-016  -4.1340741022747881E-019  -6.0647310885358944E-019   3.6811884926643169E-019  -7.1795029431718153E-016  -8.7125304208967415E-016  -2.0095822254028511E-004   7.1528903012070095E-016   8.0231404215453925E-016   2.6985981663249257E-018
   6.7742726461831532E-017   5.9344446444889597E-017   2.0058350064695048E-017  -5.9809613632187149E-017  -1.1945240948657880E-008  -1.8483130158549710E-019  -2.9075698007615686E-019   2.3890481897320058E-008  -3.8836501287314136E-019  -1.1945240947914033E-008   1.5221346983848632E-015   1.3171244325024865E-015   4.5201577988010908E-016  -5.6961935178966437E-015  -6.5186412907694617E-017  -1.5976169410813986E-015   5.6981819983329652E-017   5.0289009131043310E-017   1.7084585698271295E-017   3.0189636684404688E-014   3.0780309295632199E-016  -4.0600172705400292E-014   1.6203688738902290E-019   2.1061224975977522E-019   1.7880201654851812E-019  -1.4027847006945759E-019   9.0376608495441372E-020  -1.1856869849725646E-019  -5.2014098519398286E-019  -9.4192068761498161E-020   1.7919910713878325E-019  -6.9206778838263650E-021   1.4174551711030448E-006   1.2068837279557684E-017   2.4525435498126441E-017  -2.8349103421134217E-006   3.1184004904023098E-017   1.4174551710120098E-006  -2.2314020921928478E-014  -1.2960883468818671E-019  -1.4405438468121705E-019  -1.5115896724417322E-019   4.1319902637438346E-020   3.4009678256903591E-020   3.8534740062943756E-020   3.0487880045178907E-019  -5.4637876717335692E-020  -2.2976554076643253E-019  -3.2710284899104288E-020   1.3741422270470306E-005   1.1535903546542369E-016   2.3670716033155821E-016  -2.7482844540062353E-005   3.0152880192114034E-016   1.3741422269592561E-005  -2.3305035439538783E-014   1.0026347474991133E-018   1.5471774096732899E-018   3.1471250366371070E-019   1.0047911127434449E-004   8.4395015760781146E-016   1.7308663058970713E-015  -2.0095822254226185E-004   2.2062286483798499E-015   1.0047911126791827E-004
   1.8054573055124079E-018  -7.4829560275960548E-017   2.6421430277141132E-017  -1.0622945010514524E-017   3.7482363837270718E-019  -1.0277052560044615E-019  -5.7733632683618878E-019  -3.8836501287314136E-019   2.3890481896256403E-008   1.2660872951508318E-019   4.3086859239190285E-017  -1.6750367802313251E-015   5.8980623652036492E-016  -3.6966179918338415E-016   4.6533616666096849E-015  -8.3275373276807425E-016   2.7942609122944966E-018  -6.2448969543373803E-017   2.2373936378997133E-017   2.8231853860450869E-015   4.2282660369537252E-017   1.9217538541402219E-015  -1.7936629773323132E-020   2.5765901748739567E-019  -1.6059516413560666E-019   1.6990830668306643E-019  -2.8262288797611766E-020  -2.8764872578499645E-020   7.5353340852834324E-020  -2.4218715904653980E-019   1.2777084713706617E-020  -3.9895702754090182E-019  -1.2082910310012526E-017   9.3131158296276134E-018   5.6869865646030181E-017   1.5982546950870023E-017  -2.8349103420506049E-006  -1.3895424537352412E-018  -2.1419428180771517E-015   1.2292228093081138E-019  -9.4287771532405788E-020   3.2129404759727469E-021   6.1468068392684541E-020   4.3128420208272777E-020   7.3543512518467884E-020   2.8403368346831070E-019   4.8368884078219854E-020   2.1540576778712352E-019   2.8088371634648895E-020  -1.2089260079385686E-016   9.3029399054319293E-017   5.5441484901336238E-016   1.4591742542242674E-016  -2.7482844539449806E-005  -2.2761140761212979E-017  -2.0117167397218146E-015   8.4506134225311186E-019  -9.9954868279368682E-019  -2.9837997029565969E-019  -8.8925222255806036E-016   6.7973354085691008E-016   4.0541311588186122E-015   1.0607895167701194E-015  -2.0095822253779098E-004  -1.7036948227789694E-016
  -5.2711122873513077E-017  -1.3050612308797406E-016   4.3456653175723806E-017  -7.3767643170690929E-017  -1.1945240948891889E-008  -7.0002346720799869E-019  -3.0482242226559498E-019  -1.1945240947914033E-008   1.2660872951508318E-019   2.3890481897514207E-008  -1.1885116045915412E-015  -2.9216206243371583E-015   9.5808207004890248E-016   3.8684728333390453E-015   9.7913145117038545E-015   7.1494159223546511E-016  -4.5292586061516892E-017  -1.0832517584186370E-016   3.4605091603472510E-017   3.0988069564166501E-014   3.5115098375317494E-016  -3.5377950495711944E-014  -1.2007387301238499E-020   4.3304717160214339E-020   6.9356223314163551E-020  -5.4976612315579755E-020  -3.3947560544007914E-020   5.1063907076860650E-020   1.4454722912818389E-019   8.9659128769843057E-020  -1.7327459737301592E-020   9.6502319650621037E-020   1.4174551711137329E-006   5.6652824310028654E-017   3.6027709563205322E-017   1.4174551710148134E-006  -1.2573612952235451E-017  -2.8349103421247512E-006  -2.2990228490457997E-014  -1.2096207114983877E-019   6.5825171328691381E-020   5.6772066996732936E-020   6.4174346899609204E-020   1.2962415689030906E-021   1.7382642952414724E-020  -1.1736889191827931E-019  -2.0036528921879580E-020   1.2494358919476472E-019   6.6201225740654016E-020   1.3741422270561838E-005   5.4634394293153206E-016   3.5031097463034041E-016   1.3741422269613364E-005  -1.2215577610637692E-016  -2.7482844540173487E-005  -2.3727115829094524E-014  -1.0278539999711810E-018  -1.6251982199186808E-018   1.1612430462488977E-019   1.0047911127501067E-004   3.9952285753476284E-015   2.5613092149748404E-015   1.0047911126806915E-004  -8.9417160793596319E-016  -2.0095822254307806E-004
   5.3404661057187316E-002  -8.6769402832572642E-016   8.7803255622419895E-016   2.4433768166900154E-015  -3.3288803292383764E-016   4.3827226061668921E-016  -4.3562621569081253E-017   1.5221346983848632E-015   4.3086859239190285E-017  -1.1885116045915412E-015   1.1866660976492915        2.2161421711206280E-015  -3.4299384775620689E-015  -1.1731173915726922E-002  -4.2624589895550837E-015  -1.5758131097017026E-014   4.4343804434330149E-002  -3.5973512872113424E-016  -1.5593479596741584E-015   1.2504171288387942E-015  -5.9832266416937717E-015   1.9170598060939330E-014  -2.2400342980615103E-014  -5.0471798017839598E-016   3.5019646926759417E-016  -1.5568851496205770E-014   5.0095802472038752E-017  -1.4004064617432157E-014  -3.3599447874180551E-016   5.5062134580559848E-016  -3.5694028595372591E-017   1.0374442461610210E-015   1.1784918578534809E-015  -3.4012646556838164E-016  -1.8441211099815193E-016  -1.8494691514661570E-015   1.8673224526425711E-016   1.0695721158236335E-015   3.5886878465489196E-015  -3.3957049582356592E-014   2.5313996498962368E-016   4.6778875424835448E-016  -7.9247189715487045E-015   3.1562998513186842E-016  -7.4243946564691934E-015  -9.0412705399440871E-017   5.0465868411962466E-016  -1.0882589461806871E-016   1.0806534658369866E-015   9.0848005868041883E-017   1.1534147016191255E-015  -6.5409870080019137E-016   1.3481599979502856E-015   1.7289061732150565E-015  -1.3665043742384152E-015  -1.3450810579727335E-015   6.0757025284364596E-004   2.2535969918854719E-016   1.1748440235160633E-015   5.8157789848879748E-015   7.6551107300485644E-015  -5.0175900517813366E-015   1.8603291061279032E-015   1.3150893171190825E-014  -7.7797160405577547E-015
   8.9627114011797342E-016   5.3404661057169706E-002  -9.7509571255383738E-016  -2.1651879234587720E-015   1.6969299172488194E-015  -1.8382153042470828E-016  -1.3685955400789107E-015   1.3171244325024865E-015  -1.6750367802313251E-015  -2.9216206243371583E-015   2.2161421711206280E-015   1.1866660976492522        1.3122568949206147E-014   9.9143945283313112E-015  -1.1731173915661567E-002  -2.1507636748836316E-014   1.3366166708296657E-016   4.4343804434363879E-002  -3.8418962099606574E-015   3.5380156482551287E-015   3.3305739890614347E-015  -6.4693951312230687E-015   4.7162488411532362E-016  -1.6338809641442422E-014   7.3107646074227466E-017  -6.4844689614360907E-016   2.5065625259724367E-016  -8.1027970240750032E-016  -1.6152817212369592E-014   2.4095914756256370E-016  -1.4860656746369381E-014  -1.9581042141082992E-016  -4.0330042767311862E-016   3.2982623317826060E-016   1.3759149022115907E-015  -3.7886056015778634E-016   2.5649161430527937E-015   5.3366181986309570E-015  -9.6885608661859755E-015  -3.2583911755561094E-016  -1.0922153454844830E-014  -5.1778270687197976E-016   4.9037960660085236E-016   8.3547892315054895E-017   5.9099212408480793E-016  -3.9650548632403083E-014  -9.2957130929674127E-017  -9.6620171063940297E-015  -1.0954944378259681E-015  -4.8071051647553334E-016   4.5419774888816275E-016  -1.4752371462630328E-016   3.0296090120143762E-015  -5.2086337330371410E-016  -7.0789697862860848E-016   6.4754499083373659E-016   1.0949999832857558E-015   6.0757025285227838E-004  -1.7096694278926858E-015  -1.4415108754926142E-014   4.3639911475639233E-015   5.3474560738729326E-015   8.5592092072252155E-015   5.6601810419794226E-015   6.3158997686723297E-015
  -8.4021318066267611E-016  -1.3175719907203594E-015   5.3404661057174306E-002   7.9842897024744883E-016  -1.0474536999664409E-015   3.3982228442955432E-016  -1.7044102156420661E-016   4.5201577988010908E-016   5.8980623652036492E-016   9.5808207004890248E-016  -3.4299384775620689E-015   1.3122568949206147E-014   1.1866660976491659       -3.6243404866638307E-015  -1.4067445835817604E-014  -1.1731173915590094E-002   1.1742092069807023E-015   2.4395943989649639E-015   4.4343804434394951E-002  -2.8437717380015140E-014  -8.2658679676438696E-015   1.3893055144131595E-014   2.4821839746343981E-016  -1.0319347136770346E-015  -1.8935989756346901E-014   1.8688838574979628E-016   6.7964500183188645E-018  -1.4617463806672580E-016  -2.0237892485813948E-015  -2.2753251466530931E-014  -7.1670722235252321E-016  -1.8385109213131007E-014   3.9168960523103741E-015   2.1823522304425838E-016   4.3886561587962623E-016   2.2367395065678033E-015  -3.8316041912035143E-016   2.7315990734996554E-015   1.7673292733298730E-014  -1.0569181746951344E-016  -1.0214780100906046E-015  -7.3554812662452563E-015   1.7437364072845748E-016   1.2950987248553173E-016   3.4774567941849622E-018  -2.9859539219836641E-015  -5.7990274393750348E-015  -5.7327389677945182E-016  -3.2988959893965083E-014   1.6940186438475201E-015  -1.2976425861598364E-016   1.0513420788737380E-015   1.4895234452966426E-015  -2.8357175166998439E-016   4.3416414501424632E-016   2.5848347041594167E-014   3.4977221988879354E-017  -2.5591681107843203E-015   6.0757025286950234E-004   5.5644151792047965E-015   1.6020989076993983E-015   9.2883218321581719E-015   1.0499110183190813E-015  -2.4596557082077871E-015  -5.5655411869679396E-015
  -2.6139049765032532E-004   2.3801809659419467E-017   8.7921180971757348E-017  -2.6520380040974929E-014   9.0477903489623893E-015   1.2800724816000397E-015  -2.2393374616592982E-015  -5.6961935178966437E-015  -3.6966179918338415E-016   3.8684728333390453E-015  -1.1731173915726922E-002   9.9143945283313112E-015  -3.6243404866638307E-015   2.0000115691108000        4.5403301479274417E-015  -1.4102814996992609E-014  -3.6725057336871948E-004  -7.6493685866666629E-015   4.1526275327300964E-015  -7.3063142643437129E-015   4.8250340450768820E-014   1.3780944571228765E-014   5.5492100629499289E-014  -1.6069968628043114E-015   1.0099273390745968E-015   2.4016541586817534E-014   7.8500692361491316E-016   2.3118092222684250E-014   2.9346584163677907E-015  -8.7328849248478170E-016  -2.6250645727803182E-015  -3.6356722658630064E-016  -8.2292041228835924E-015  -1.6679693086791854E-015   2.9530449571949564E-015   1.4410196482590141E-014  -3.6463879099739368E-018  -9.9197048748534113E-016  -5.9133486032060342E-014   8.4434448793103242E-014   8.2663958847034795E-016  -8.6964790453087667E-016   3.8059452813979784E-014   5.5369685691944667E-016   3.8511664853444911E-014  -2.4050088322833053E-015  -6.0553103620337212E-016   1.8355465691291507E-015   2.9409377741737212E-016   8.7782245291278851E-015   2.5595408828410794E-015  -2.2008928196852844E-015  -8.4279673666182385E-015   1.4170496952791304E-015   2.2033736666336713E-015   2.9755012454181939E-014   2.5676980487994482E-005  -4.4475429557071814E-015   5.3152920095916936E-015  -9.8745058459225535E-016   3.0140068280016584E-015  -2.7699297909737376E-015   6.9957127695753378E-015   6.4023874031068971E-015  -4.8637411500346486E-015
  -2.6988430035026063E-016  -2.6139049763053358E-004  -1.5660787931075377E-015   3.3179133604917626E-015  -2.8004200946975076E-015   1.4639238110754218E-015   2.4616727262750859E-015  -6.5186412907694617E-017   4.6533616666096849E-015   9.7913145117038545E-015  -4.2624589895550837E-015  -1.1731173915661567E-002  -1.4067445835817604E-014   4.5403301479274417E-015   2.0000115691109124       -2.0360630949090837E-014   6.3411791438929388E-016  -3.6725057345004804E-004   1.0129559976872683E-014  -2.8841687777749306E-015  -2.7224341762220758E-014  -1.2293072483257433E-015  -6.1551938031582897E-015   2.5802028497158427E-014   2.5137456758170980E-015   4.4076467976043110E-015  -8.0109659767924622E-016   5.3328026095452104E-015   5.9863723075674444E-014   1.5064923264627975E-015   2.6321448319627673E-014   4.3071061422460198E-016   8.1902945858361397E-015  -2.4627633294641193E-015  -4.7217115195127463E-015   5.6808820541768707E-015  -5.8182354315840458E-015  -1.0391018481028791E-014   2.1508478959239220E-014   8.0849745544160963E-015   4.3166959994247379E-014  -3.6660893347693895E-016  -3.9699939415025013E-015  -7.0164899530255286E-016  -4.3266197839647716E-015   9.1912847800099543E-014   5.4073036816507004E-016   4.0200889602695960E-014   4.9030346187224676E-015  -5.9026188727834151E-015   2.6948382010252077E-015   2.9663844831226896E-015  -2.7744425376950716E-015   5.2581150980275200E-015   7.4154110356982320E-015  -2.3662402288183092E-015  -1.6660310111003541E-015   2.5676980425332658E-005   8.9499764759482496E-015  -4.5081160749470496E-015   1.4852045092604874E-016  -1.4233055120699610E-015   7.3879487136431434E-015  -3.2569875587241154E-015  -6.5899134072647715E-015
  -2.2216435085118621E-015   3.9366752449629424E-015  -2.6139049762409494E-004   1.7632572985453099E-014   1.6936260315984854E-015  -7.2895755810269827E-016   1.7537969141232018E-015  -1.5976169410813986E-015  -8.3275373276807425E-016   7.1494159223546511E-016  -1.5758131097017026E-014  -2.1507636748836316E-014  -1.1731173915590094E-002  -1.4102814996992609E-014  -2.0360630949090837E-014   2.0000115691110421        1.0150813589042511E-014   6.6734162530361404E-015  -3.6725057351670733E-004  -1.3685746779095535E-014  -6.0370360660709060E-014   1.2612226664122978E-014   1.7385190320495400E-015   3.2157493303188055E-015   2.6898178682872672E-014  -1.9547034867954435E-016  -8.9932273174979554E-016  -4.6597854811185984E-016  -3.4182863475690226E-015   2.4399041656686675E-014   3.6094504078104837E-015   5.4839086312413484E-014  -3.1907206472863380E-015   5.4597156759456548E-016  -3.0795315061809389E-015   2.4301660173265067E-015  -1.0513181411791047E-015   1.1962723666322317E-015   7.1775410913689691E-014   4.2502316395291270E-016   6.6967586506927522E-016   3.7917481625693531E-014   1.0588594390127415E-015  -1.1375774815329238E-016  -5.5477279298038595E-016   1.0799543336645530E-014   3.8261491827405857E-014  -1.6059192478864937E-015   8.6419988879718144E-014   4.0707305059347596E-015  -7.1783338258771350E-016   2.8015170459574811E-015  -1.9673061301900184E-015  -4.9274437405698058E-016  -1.2926420339188273E-015  -1.0769287672915101E-014   1.4245833891118923E-014   7.5823954410766787E-015   2.5676980360017182E-005   2.4322332644851652E-015   3.4416217909716122E-016   4.2169431846860291E-015   1.8796599275147003E-015  -4.5748584213883737E-015  -3.4479650789464912E-015
   1.9956558125314829E-003  -3.0045537742354413E-017   9.2865456205637678E-017   1.1236261344564858E-016  -1.1404990158727423E-017   1.6323282854758123E-017  -2.5324299122147909E-018   5.6981819983329652E-017   2.7942609122944966E-018  -4.5292586061516892E-017   4.4343804434330149E-002   1.3366166708296657E-016   1.1742092069807023E-015  -3.6725057336871948E-004   6.3411791438929388E-016   1.0150813589042511E-014   1.6570592159461316E-003  -1.1799761626052610E-017  -9.0680401608653327E-018  -5.0122301226092740E-015  -3.0731176303885327E-016  -1.2445835735355583E-014  -8.3509915484705945E-016  -1.8917828442389653E-017   1.3122319400063106E-017  -5.8093429899545315E-016   1.8999353036634740E-018  -5.2249213123840310E-016  -1.2451323109858021E-017   2.0544970383579177E-017  -1.4271991427188498E-018   3.8755058522316318E-017  -4.0841553357145339E-017  -9.1195742792413738E-019   9.1099791151008364E-017  -1.0468973050658207E-016  -1.3509778176564536E-016   1.6061081476894268E-016   4.0366336393913729E-015  -1.2659294562983516E-015   9.4889212673723407E-018   1.7449749947385089E-017  -2.9478324355474651E-016   1.1814387864551338E-017  -2.7607066977073286E-016  -3.4641412794939063E-018   1.8836926004250292E-017  -4.0014073910705236E-018   4.0393121930236460E-017  -8.1632212041391328E-016   1.5814403435600621E-016   9.2442818777529988E-016  -2.9979153551016577E-016  -1.3126847598161901E-015   1.1189138431472024E-015   3.2823168402774024E-015   2.2705050433564209E-005   8.3016638520424844E-018   4.4928716726398765E-017  -5.7788694748761702E-015   1.1267086410574595E-015   6.7512442763029084E-015  -2.4885353179257684E-015  -9.5796497600861454E-015   8.2635737977475382E-015
   1.2503730524318656E-017   1.9956558125323984E-003   5.2250601294423600E-017  -8.9548121189799511E-017   6.1736605681232903E-017  -7.0297504393507108E-018  -5.0745110746882095E-017   5.0289009131043310E-017  -6.2448969543373803E-017  -1.0832517584186370E-016  -3.5973512872113424E-016   4.4343804434363879E-002   2.4395943989649639E-015  -7.6493685866666629E-015  -3.6725057345004804E-004   6.6734162530361404E-015  -1.1799761626052610E-017   1.6570592159487008E-003  -7.0082027196271962E-017   3.2964107250038233E-015   1.6302876745248667E-016  -6.5642109323080708E-016   1.7405125486413238E-017  -6.0964316855444257E-016   2.8213400780573227E-018  -2.4074891972113988E-017   9.3382190413236651E-018  -3.0089478326780039E-017  -6.0148149071453659E-016   9.0579177868082502E-018  -5.5438797868070024E-016  -7.3018716682894554E-018   1.7222577274306349E-016   3.7469329046930603E-017   1.4458275457610379E-017  -1.4116692248488140E-016   9.8066432174097461E-017   1.3925926419502260E-016  -2.7327995624631683E-015  -1.1888663530151760E-017  -4.0661196146283517E-016  -1.9361927558257840E-017   1.8183680631545127E-017   3.0971262688851611E-018   2.1930760956774905E-017  -1.4784224021786972E-015  -3.4544606281797779E-018  -3.5962773452259578E-016  -4.0762879088325163E-017   1.7947368473520064E-015   2.6167585287178743E-016  -3.6206554329446044E-016  -1.1201283525253915E-015   4.2383643067716552E-018  -6.0585744988804527E-016  -2.3079555549494945E-015   4.0505890113260678E-017   2.2705050433901254E-005  -6.2452875541446635E-017   1.2717407049966172E-014   1.9516827024909625E-015  -2.4081556694788829E-015  -8.6975229154870495E-015   3.8334557449750607E-016  -4.0028264497481761E-015
  -9.5290327074468269E-017  -2.4261626150259787E-016   1.9956558125341041E-003  -4.1026681708500390E-017  -3.8109280135957809E-017   1.2807872575882806E-017  -5.9722535928428624E-018   1.7084585698271295E-017   2.2373936378997133E-017   3.4605091603472510E-017  -1.5593479596741584E-015  -3.8418962099606574E-015   4.4343804434394951E-002   4.1526275327300964E-015   1.0129559976872683E-014  -3.6725057351670733E-004  -9.0680401608653327E-018  -7.0082027196271962E-017   1.6570592159511381E-003   2.6866836528964257E-014   2.1852909612792869E-017  -1.3149665667267469E-014   9.3374386649469154E-018  -3.8447738851792653E-017  -7.0665754382794003E-016   6.9768325160617273E-018   2.2199117487374130E-019  -5.4789347517723222E-018  -7.5748030748772062E-017  -8.4939269916481983E-016  -2.6654081785258358E-017  -6.8507813588748156E-016   3.0854499323049986E-017  -7.8526334493438893E-018  -2.3407227023701496E-017   5.3988085139709623E-017  -5.7457990116393819E-017   2.4720297002239183E-016  -2.0187355427706685E-014  -3.9344548950135841E-018  -3.8147533847293717E-017  -2.7351659454170946E-016   6.5537813542912443E-018   4.8355755785218266E-018   1.1021818388360819E-019  -1.1119727146312060E-016  -2.1534163548058458E-016  -2.1479638616350924E-017  -1.2296825465543445E-015  -1.0553039436255738E-015  -1.6024950962108277E-016  -3.4545834495965637E-016  -2.3216319291885509E-016  -4.2846729467971560E-016   1.4226851095204256E-015  -1.9905897233569200E-014   1.1489414174058382E-018  -9.7412818678684139E-017   2.2705050434559029E-005  -7.9724425117183112E-015  -1.0762409727117866E-015  -2.4667973218690133E-015  -2.0648010977706934E-015  -3.1474741471257595E-015   1.0076466112928040E-014
   2.6069833337325086E-015  -5.4505283712698903E-015  -6.6625980918468600E-015  -3.7374157873477577E-003   4.3637828474545756E-014   5.7878834548307740E-017  -6.6891286509795122E-016   3.0189636684404688E-014   2.8231853860450869E-015   3.0988069564166501E-014   1.2504171288387942E-015   3.5380156482551287E-015  -2.8437717380015140E-014  -7.3063142643437129E-015  -2.8841687777749306E-015  -1.3685746779095535E-014  -5.0122301226092740E-015   3.2964107250038233E-015   2.6866836528964257E-014   1.3152765927071079        1.6706492909120296E-002  -3.0509716018357414E-003   1.5339136401395546E-016   4.0018446423006994E-016  -8.9434151281930247E-016   3.3363631865825129E-016   1.8205894041356601E-016  -4.9965934973364660E-017  -5.5767482680299038E-016  -1.3421050484328233E-016  -3.3509684471345716E-016   7.8337864656752201E-016   4.2532940876970620E-014  -4.0018430607042360E-016   1.3480083661877816E-015   8.3146815245046050E-014  -1.6228043640384964E-015   8.4339423251647380E-014 -0.98713396811389387        1.1276690390592173E-015  -8.1840579911159973E-016   3.5659478082350459E-016   8.1958391167099138E-016   7.6602880786443837E-017   1.5507129090073858E-015  -2.9328559287540065E-016  -2.5272579898739510E-016  -5.3266282333174284E-016  -1.7501073353919043E-016  -3.2446527700270990E-014   9.5930640784100939E-017  -1.3873505740290351E-016  -6.8902194403583345E-014  -2.1504417524188668E-015  -5.6640750646592204E-014 -0.96449242166490701       -2.0890517511839390E-015  -1.3761878960935028E-015   1.1632665624708933E-014  -5.5229160048558518E-014   3.5451649256904779E-016   2.4448740997360494E-015  -5.8571508403747635E-014  -4.9878311695801629E-015  -4.4227647577339755E-014
  -2.2827867590659655E-016   8.0434791516702330E-017  -4.4724820880432545E-016  -4.9268623781008085E-005   4.8605708385456971E-016   5.1379931772381831E-018  -5.5365893439494855E-018   3.0780309295632199E-016   4.2282660369537252E-017   3.5115098375317494E-016  -5.9832266416937717E-015   3.3305739890614347E-015  -8.2658679676438696E-015   4.8250340450768820E-014  -2.7224341762220758E-014  -6.0370360660709060E-014  -3.0731176303885327E-016   1.6302876745248667E-016   2.1852909612792869E-017   1.6706492909120296E-002   2.1719525695641645E-004   3.0649061380109521E-003   1.5336413732564085E-018   6.4198790310910423E-018  -1.1807565290103207E-017   3.3705423647975242E-018   1.6684240918025996E-018  -3.5507023621994153E-018  -6.2598351437886041E-018  -1.5353320492564951E-018  -2.7915633687272830E-018   1.0915236272938735E-017   7.8410101907460184E-016  -6.0806598085134823E-016  -2.3695046835797809E-016   2.0799231592348612E-015  -4.1900961816228043E-016  -8.5773806746383424E-016  -1.2563907373585599E-002   1.0734180331854625E-017  -1.0086667589256136E-017   4.6502196759669418E-018   9.9872059611070146E-018   9.7474214599139123E-019   2.0173785778493112E-017  -7.0137646317714833E-019  -3.2484457450120048E-018  -6.2652959551051244E-018  -2.7699405454398702E-019   3.8731014788479983E-015  -5.8486424940826311E-015  -2.4731731485674335E-015   1.1061960966174141E-014  -3.8450203498611402E-015  -1.7315351195731795E-014  -1.2161817796342261E-002  -4.9058576449582191E-017  -5.6900259899606659E-018   1.2453643652903558E-016   3.1533618399916921E-014  -4.2769880660010126E-014  -1.8034832748042712E-014   8.7362559931469848E-014  -2.7993616837030129E-014  -1.2109652291588709E-013
   2.1991772320483374E-015   3.0917202344588202E-015   1.3569019690974957E-015  -1.1083555315923872E-003  -4.0136283327825204E-014  -4.2478982945483063E-016   5.0663629629358670E-016  -4.0600172705400292E-014   1.9217538541402219E-015  -3.5377950495711944E-014   1.9170598060939330E-014  -6.4693951312230687E-015   1.3893055144131595E-014   1.3780944571228765E-014  -1.2293072483257433E-015   1.2612226664122978E-014  -1.2445835735355583E-014  -6.5642109323080708E-016  -1.3149665667267469E-014  -3.0509716018357414E-003   3.0649061380109521E-003   1.9299075337278067       -2.5823362084070228E-016   8.3030203314814827E-016  -2.7633771262668987E-016  -5.4005378238905369E-016  -4.0091301066695487E-016  -1.8131206651008504E-015   5.1347400876805526E-016   1.0564324723047596E-016   9.1161028420581742E-016   5.9814077261812763E-016  -1.3190865264945594E-013   3.1587729214731277E-016   4.7332227926844851E-016  -1.3698930596479529E-013  -2.6227009683408662E-015  -1.4282843414755465E-013  -1.3532003601821904E-002  -2.2345214048577609E-015   1.9380860077754972E-016   7.4284007434587126E-017  -2.6496301003104446E-016   9.0495746456672176E-019   2.9288886109213470E-016   1.8809875686149790E-015  -2.3261310983983264E-017   3.1247013990371149E-016   1.2104398309497038E-015  -8.3103594818830593E-014   3.8878682059019441E-016  -5.5449997364774621E-016  -7.4930393774178488E-014   2.2299667281290113E-015  -7.3862518656950830E-014   5.7612770817553297E-002  -1.2556394471373921E-014   6.5526226108513993E-015  -1.1348098503324566E-014  -4.7873011134817007E-014   3.2040977467893785E-015  -7.0539988769133861E-016  -3.8731500258820887E-014   7.1469897998445114E-015  -3.3093213007322828E-014
  -1.0007370824746706E-015   2.0405200939322213E-017   1.1402856020556699E-017  -2.8660875967534611E-019  -1.5002949988851385E-019   4.5708338605019927E-019   1.2338282497505906E-019   1.6203688738902290E-019  -1.7936629773323132E-020  -1.2007387301238499E-020  -2.2400342980615103E-014   4.7162488411532362E-016   2.4821839746343981E-016   5.5492100629499289E-014  -6.1551938031582897E-015   1.7385190320495400E-015  -8.3509915484705945E-016   1.7405125486413238E-017   9.3374386649469154E-018   1.5339136401395546E-016   1.5336413732564085E-018  -2.5823362084070228E-016   1.9818303891988782E-027  -1.1415914340537494E-028   3.5212332271750926E-029   9.3816639506837305E-028   2.2989412521395394E-029   8.8621453588475470E-028  -1.0451895069208957E-028  -1.8594529398379305E-029  -1.5281294958992322E-028   1.6859002538966948E-029   1.7802913455942271E-017  -5.4238772741920159E-017  -1.4640945639103303E-017  -1.9227743095906424E-017   2.1284098570166956E-018   1.4248296401800844E-018  -1.1300827505865854E-016   2.9445087918812773E-027  -1.2030230415416299E-028  -4.2402874045003446E-031   1.2155934529509430E-027   1.0444157505865455E-029   1.2176093725651246E-027  -3.4610417363284033E-028   3.3817936177062456E-030  -7.5688832532544570E-029   4.2047279100052783E-029   1.7258912763806463E-016  -5.2581407502217075E-016  -1.4193564676256273E-016  -1.8640204119471459E-016   2.0633723877815318E-017   1.3812913556756946E-017  -1.1988130121414859E-016  -1.0593298493450629E-017   1.4403113701698793E-019   1.5466857098404411E-019   1.2619947061756329E-015  -3.8448226037932727E-015  -1.0378523681273484E-015  -1.3629965712640002E-015   1.5087653932146078E-016   1.0100186508843700E-016
