 4.0714853767465339E-008 -5.1929483271944159E-013 -2.3094755007565118E-014 -8.0982230675419591E-011  1.5711945206382595E-013  5.4581232287494235E-012 -3.3767031701180777E-013  5.6413946148750846E-013  5.3418212097747911E-013 -7.2125916506002405E-013 -1.7471640208218061E-007  1.8835841698216271E-012  8.3060375607438450E-014 -1.0227509575464063E-010  2.2226666128638754E-012  6.2421024086691668E-011 -5.9127296392064136E-012  1.0474135169068595E-011  6.4545631598421787E-012 -1.2696798661482550E-011  3.0049999723053316E-011  1.0824292791753803E-006 -8.6412266218061086E-012 -3.7832004272170315E-013 -2.7256175029335513E-010  4.5866511041795051E-006 -5.9472346061248821E-011 -2.5566708594521140E-012 -3.4797343893683522E-006  5.5276668335495194E-011  2.3536657788686393E-012 -1.0333681646994490E-011 -1.1210114300564487E-009 -2.8531883426287494E-004  1.8193794645792965E-009  8.0912230324252851E-011  7.5802907490210312E-012  3.5981241213462863E-011  7.2857597039130260E-012 -1.3870349268450295E-011  2.4637666376028606E-012  6.2900624715244114E-012  1.3637709526538520E-012  4.3524849488270850E-012  7.7801424314776996E-013 -1.3334395767198660E-012  3.5072303662629329E-013 -3.0330585585856523E-014 -2.6268006505502695E-010  7.1124976060327623E-010 -3.8970134982410017E-010  7.0045006174006929E-010  1.0477728353445817E-010 -4.3776999056489414E-010 -3.4884974639701575E-009 -6.6544748835507525E-010 -1.7895306806105071E-010 -9.2151870540848340E-009 -6.5810961514217266E-010  1.3895497518178680E-008  9.9861023780016399E-010  6.6685750312301608E-011 -6.7432873710478385E-010  8.3679119852563390E-011  4.9053390957135156E-013 -2.2793726050297024E-013 -1.1023035252043256E-013 -7.5475922182589000E-014  5.5774309434097603E-014 -7.8620546519114079E-013  6.9140723096588607E-014  3.1923690342499887E-013  2.1304802004347837E-013 -1.2771481077809695E-013  6.4889038559834842E-014 -9.0667563764103292E-015 -3.8509129232348520E-014 -3.2504920619227883E-014  4.6948959979696192E-013  4.7922010892440675E-007  9.1509496755521614E-008  2.4580955255686695E-008  1.2655417512927591E-006  9.0401026066046287E-008 -1.9084829952182811E-006 -1.3720701818578930E-007 -9.1586947628747012E-009  9.2573035035598160E-008 -1.1495074274734017E-008  8.6572647263704536E-013 -2.2232680344225567E-013 -1.1257451470228466E-013  1.1372987718684627E-012  1.4972927940309577E-013 -2.6580511551555973E-012 -5.2116960279787192E-014  3.4420200651902851E-013  3.6820483062938942E-013 -1.4397848194303611E-013 -1.2880609665053251E-012 -1.3483486614418228E-013  1.1253351536056776E-012  2.3233228958804126E-014  8.7253700396146117E-013  4.7910198547664132E-007  9.1483817711030887E-008  2.4575030528401192E-008  1.2652485611487723E-006  9.0378965876013224E-008 -1.9080313258120926E-006 -1.3717261551639566E-007 -9.1565140427591954E-009  9.2552558056314171E-008 -1.1492283657492751E-008
-5.1929483271944159E-013  4.0715825780683076E-008 -1.6669507583451305E-013 -8.4997867423737276E-010 -2.5959259116434527E-013 -4.3851498708820630E-013 -1.8157809264115887E-014  2.7222729788647210E-013 -4.0924492529317906E-012 -1.2632358785078264E-014  1.8838423860796262E-012 -1.7471992420899099E-007  6.0345064383564630E-013 -1.0075998677628439E-009 -2.9140176068945702E-012 -2.2406591323461403E-012  5.7583677348946890E-013  2.9919583264677084E-012 -4.5782637046250731E-011 -7.7933906295083853E-014  2.9196438787779675E-010 -8.6415686248959307E-012  1.0824454383684014E-006 -2.7649615926918016E-012 -2.8915235856296732E-009 -5.9474170840532735E-011  4.5867621808688943E-006 -1.8916077985710250E-011  5.5279485638479966E-011 -3.4798375598732987E-006  1.7534918355622774E-011 -1.3750347771949925E-010  7.8605464690024961E-011  1.8193700030619543E-009 -2.8532223969113404E-004  5.8401040604798663E-010 -1.3779269432069842E-012 -5.5473629720886813E-012 -2.8767077587871236E-012  1.1183944741695274E-012 -2.8573614662747127E-011  2.5953759305271845E-013 -1.0484097852555364E-013  2.2760922173133607E-014 -2.3396928371138340E-013  7.5393904522649959E-015 -3.2297532768066347E-012  9.7301850218293142E-014 -5.1310941017107441E-011 -1.8439238415475208E-011  9.0093327424047921E-011  7.1101122250010746E-011 -4.9307075967584530E-010 -1.9790168997794314E-011 -4.9697014328190546E-010 -9.2141100894052203E-009 -5.7018158609824472E-010  1.3412612286221480E-009  7.7048624603450929E-011 -6.7450581564050833E-010  1.3744510460029770E-008  1.1492607723291402E-009 -9.2260858114330144E-009 -4.3162014240317827E-010 -8.3851499163224131E-013 -1.8184848332768278E-013 -2.5185444588672069E-014 -2.9838472406771370E-012 -3.3297704093327479E-013  4.4567991450755624E-012  3.6784023271471170E-013 -5.6109354725424103E-014 -2.4953440485540420E-013  6.7006318625739216E-014  3.4187570747490858E-012  2.6245345118597134E-013 -3.0216106084125868E-012 -1.4266454110908144E-014 -8.1701736606360755E-013  6.8214522531129725E-008  1.2655504552617545E-006  7.8295038650827247E-008 -1.8411391692066808E-007 -1.0577353439972603E-008  9.2594531259985430E-008 -1.8876009140608653E-006 -1.5780197962569228E-007  1.2669319195801866E-006  5.9260974901158838E-008  6.0163411258363095E-013  1.5094381425529833E-013  5.6874683039967995E-014  1.9672599455894821E-012 -3.1611174686323080E-014 -3.0241024270949070E-012 -2.4911661671515788E-013 -9.8756015726285711E-014  1.3171251984320197E-013  1.6733212515197425E-014 -2.2173164250662423E-012 -2.8450157591459503E-013  1.9277232749549579E-012  3.0806362661623395E-013  6.2414097219747943E-013  6.8200929478244659E-008  1.2652502941076772E-006  7.8277120383594863E-008 -1.8407518046253018E-007 -1.0575025909781790E-008  9.2574031797177871E-008 -1.8871603238689041E-006 -1.5776652755633517E-007  1.2666409670131211E-006  5.9247905976595962E-008
-2.3094755007565118E-014 -1.6669507583451305E-013  4.0716682017404196E-008  7.3152288389662420E-010  4.4705979129524217E-012  4.3742466955665684E-013 -1.3948958872062310E-012  1.1447381406743385E-013  4.7038182387818325E-012 -4.5850714874641825E-012  8.2772096074789465E-014  6.0324208328298260E-013 -1.7472302861559381E-007  8.6562492055496039E-010  4.9535649878066819E-011  5.3789436966582996E-012 -2.3576606256153670E-011  2.8697005842707920E-012  5.3814791803750605E-011 -5.2405350252152097E-011 -2.5072134100986367E-010 -3.7815750834864441E-013 -2.7644855076284635E-012  1.0824596909879008E-006  2.4892790276256317E-009 -2.5560394175236425E-012 -1.8913088419787134E-011  4.5868602689945289E-006  2.3516804547950866E-012  1.7530965520288286E-011 -3.4799287375823291E-006  1.1902742452745959E-010 -3.4698211123179928E-010  8.0912188427979479E-011  5.8391392278550579E-010 -2.8532523953170470E-004  3.4254633059364695E-011  1.6940279716358737E-012  2.3553025628896234E-011 -6.0943159744577358E-012  3.0771418349756796E-011 -2.8160317829541717E-011  3.9111438669734283E-012  2.6112043262633509E-013  2.1416913828133250E-012 -6.2206341717541529E-013  3.7133704674304038E-012 -3.2890801979641870E-012  4.2469499985814581E-010  9.6720242191074328E-011 -1.3424580503994835E-009  2.5996740616731304E-010  6.2230028524032734E-010 -6.8466240866201372E-010 -1.3342686677656565E-010 -5.7013619265378136E-010  1.3898078387620258E-008  6.6692750980273471E-011 -7.7801373590648818E-010  1.1231817337451333E-010  8.5626733956316377E-010 -9.2251585697107379E-009 -5.7866699320971985E-010 -3.4829887937948172E-009  1.0474991785179851E-012  1.2060938359845964E-013 -3.6304724883821936E-013  2.3815215946050386E-012  4.0631165772030895E-013 -4.2215809978240740E-012 -3.6074915335270132E-013  1.0622033016847459E-012  3.2218125511741906E-013 -4.2867216550795331E-013 -2.9338495958785793E-012 -2.9534513716916680E-013  2.7721372784180690E-012 -7.5018233627451849E-015  8.2513230186636357E-013  1.8321832813579023E-008  7.8289473239098332E-008 -1.9085341221700401E-006 -9.1595328965590484E-009  1.0690314169088303E-007 -1.5421785291932064E-008 -1.1761291188855108E-007  1.2669423885944413E-006  7.9504806369885597E-008  4.7821424334366512E-007 -7.7201327246517603E-014 -1.4756723938982335E-013 -4.5091557227174991E-013 -1.7789362750627209E-012  1.6263317447402213E-013  1.9145491483226777E-012  1.5370116754438268E-013  1.1961899269193116E-012 -8.2296734763305808E-015 -4.4067146248162877E-013  1.7246110779440504E-012  1.5938623618287041E-013 -1.2505503146374599E-012 -2.8060587636003295E-013 -3.7799753937661936E-013  1.8317664906629952E-008  7.8271560833031287E-008 -1.9080954906025584E-006 -9.1573513330560746E-009  1.0687518487019988E-007 -1.5418375020039231E-008 -1.1758471603435786E-007  1.2666452949947918E-006  7.9484890066834008E-008  4.7810874720294295E-007
-8.0982230675419591E-011 -8.4997867423737276E-010  7.3152288389662420E-010  4.1326645949962687E-002 -2.5237069171266583E-010  4.3791520507520997E-010 -3.4143774439121880E-010  2.8368484770328835E-010 -7.3013616201801234E-010 -3.1105758093266007E-011 -1.2072462097614852E-008  3.0347735925456094E-009 -5.6809584117628248E-009  4.8999510815847372E-002 -3.3948338777652519E-009 -1.7309526516489716E-009 -3.7072800084087604E-010  3.6884992151462858E-010 -1.4273139709017774E-009  3.0271251953024891E-009 -1.4198879244710822E-002 -6.2690481716116149E-009  9.4211995798927725E-010 -2.4460936264482742E-009  1.4057205636045195E-001 -1.2589238454868689E-007  1.9604587747365856E-008 -4.9145632143165738E-008  8.9618717148512440E-008 -1.3398876115992500E-008  3.4653259201005364E-008  6.6710603703182400E-003 -2.7197636103441702E-003  1.5890358081305926E-009 -2.0910021675096290E-010  5.8008236587443373E-010  1.0028451280944671E-008  6.4716234561333944E-009  2.6481199296002199E-010 -3.9307715877370465E-010  1.8903223270718025E-009 -9.6335357594148032E-009 -4.8463252546553289E-010 -3.0668866117943504E-010 -2.0623232328835449E-011  2.6088643904253437E-011 -1.2745826410369647E-010  4.5874429600860486E-010 -1.2154431137278527E-007 -7.7834811985679467E-008 -4.0120271934126564E-009  5.4738079580301783E-009 -2.7436093488063585E-008  1.1607291557755654E-007 -9.0930157745238828E-012  5.6894486038262016E-012  1.5557973720044207E-011 -4.2107881522377354E-012 -1.1790509894322860E-011  1.6410980321035515E-011 -1.1719946423017075E-011 -2.3532028941204493E-011  1.0033195439646105E-011  5.9413055303959860E-012  4.1731487743860082E-005  8.9808009015906194E-006  2.4121220439296820E-006  1.4429172811105369E-004  1.0307241903522082E-005 -2.1759809954417694E-004 -1.8065688202155078E-005 -1.2058736174137416E-006  1.2188655343254192E-005 -1.5133169170308975E-006 -1.6437268646462029E-004 -1.5484488720348065E-005  1.4444864195452907E-004  7.8019242011438108E-006  4.1642160622881327E-005  1.1503510839480683E-011 -1.8950991264851731E-012 -2.1046907482153503E-011  2.6363128974008076E-011  3.0407388592605648E-012 -4.1795650079478353E-011  6.5714189403282267E-012  1.0988191608014768E-011 -6.9222737043311252E-012  7.4947803002516195E-012 -2.8257689348215829E-005 -6.0811844443401390E-006 -1.6333233114966265E-006 -9.7704435087017614E-005 -6.9793555706634166E-006  1.4734246110680046E-004  1.2232842746488907E-005  8.1653488385390508E-007 -8.2533156826756809E-006  1.0247141427719303E-006  1.1130187318141210E-004  1.0485029744395092E-005 -9.7810675982063525E-005 -5.2829252462538195E-006 -2.8197209050255999E-005  1.1538261339255558E-011 -2.7139481875980782E-012 -2.0497834495157860E-011  3.2068224287679207E-011  2.4091095502990195E-012 -4.7548222650550191E-011  4.8821549855002713E-012  1.1926314891089730E-011 -3.8361255893960559E-012  6.3886171895427099E-012
 1.5711945206382595E-013 -2.5959259116434527E-013  4.4705979129524217E-012 -2.5237069171266583E-010  4.7159618330483610E-005  1.4937196410930531E-006  4.0126707856479864E-007 -1.1436991577662056E-006  1.2780937808371411E-006 -4.6015919173579311E-005 -1.4363607840735347E-011  1.4173550996792142E-012  1.5692672774577381E-011  1.0501102249049093E-009  5.4382688924045825E-004  1.6750564422001267E-005  4.4994512094075408E-006 -2.0336173830070977E-005  1.4330986845804040E-005 -5.2349071541320312E-004  2.9042875311766215E-010 -1.2092387949341058E-010 -5.2104911220728863E-012  7.5218418476421580E-011  2.8001429767564261E-009 -1.2034485197194531E-009 -4.3229870078095639E-011  8.2424656110738918E-010  7.6535501277836044E-010  2.4921472368555498E-011 -6.4429222375543030E-010  1.0821545435185836E-011 -2.8590529887813640E-010  1.8567900140119296E-009  1.4266802790894066E-010 -4.1917348609176103E-010  3.0454199705191160E-004  1.1364771228049903E-005  3.0527016514516437E-006  1.8414271178170475E-005  9.7229753552854641E-006 -3.2295626823544514E-004  3.8256622547672255E-005  1.3441368272773817E-006  3.6105932330839968E-007  1.0596461531368119E-006  1.1500051319505419E-006 -3.9316268701522283E-005  6.2687848464299811E-003  1.4166522887326631E-004  3.8053329502391087E-005 -1.0067193173416010E-003  1.2120191678906663E-004 -5.2620655290963282E-003 -2.0706639592219472E-010  1.7800072883546505E-011 -8.3032180128319625E-011  7.2129000254563029E-011 -5.3329161480086532E-012  2.0567972439401030E-010  2.7155262673166344E-012 -1.6395386803362682E-011 -2.1443303602380710E-011  7.4108931915337709E-011  4.9013987624516669E-007 -2.5052727618262801E-007 -1.2788658791694268E-008 -1.4710559970415528E-006 -6.1357370270190014E-008  6.1006642216320604E-007  1.3824857152501999E-007 -8.3188157010677800E-009  1.5063768955876944E-007  1.8989137931532993E-008 -4.6136036689633132E-007 -1.6394559188360974E-007  2.2814909053959596E-006  2.0967867552904475E-007 -1.6460914209718822E-006 -2.8811996445976874E-010  2.8825527398795569E-011 -1.2091172433499262E-010  1.0022860582193538E-010 -6.9289705219128505E-012  2.8632488755234420E-010  1.8094208095373471E-012 -1.3651017764446734E-011 -3.1253107728872910E-011  1.0029714356108787E-010  8.0052090066035123E-007 -3.4386245385591426E-007 -1.3807230276606510E-008 -2.0395243449548707E-006 -7.9134949563979074E-008  6.3331321414563758E-007  1.9528263631011186E-007 -1.3228528095595808E-008  1.9934074321325214E-007  2.3667192983312195E-008 -4.7931538779915094E-007 -2.0297535750329279E-007  2.8814994047572485E-006  2.6195906640276877E-007 -2.0008951030688099E-006 -1.6703543162738897E-010  1.6694809298798763E-011 -7.1378325672777489E-011  5.4600609592311641E-011 -4.1113377705550925E-012  1.6950093420101155E-010  1.3664509374317013E-012 -6.3562998424679335E-012 -1.8528107257062020E-011  5.7939963812550405E-011
 5.4581232287494235E-012 -4.3851498708820630E-013  4.3742466955665684E-013  4.3791520507520997E-010  1.4937196410930531E-006  6.1924664360773641E-005  1.4757626593397298E-006 -3.0052636316789492E-006 -1.7266526829900738E-007  1.5115439905937347E-006  1.4631654062882445E-011 -2.1451513408754061E-011 -8.9042818811717856E-013  1.3820474994530411E-009  1.6750589247470669E-005  7.0939036630817548E-004  1.6547848748342342E-005 -3.3698337821032041E-005 -1.9360381456893497E-006  1.6947748573609792E-005 -1.9542429937706933E-011  5.9296765481509426E-011 -1.3882087516459438E-010 -4.4873206404888712E-012  3.8287278137961170E-009  6.5847171810052439E-010 -1.4354193152615737E-009 -5.1226375128833925E-011 -5.6426560658855624E-010  9.3984857217040721E-010  3.5232112911774773E-011  1.0377981030835734E-010 -1.9314478893989159E-010 -2.6603337094064873E-010  1.6879721638723216E-009  1.2575587754321772E-011  1.1364794336340278E-005  4.1687058459752388E-004  1.1227050130554917E-005 -2.2863042692985836E-005 -1.3135176181269804E-006  1.1498248356471530E-005  1.3441455922589966E-006  5.1542325485000235E-005  1.3278768235869819E-006 -2.7041595008323106E-006 -1.5535970509618440E-007  1.3600139085976084E-006  1.4166578271422608E-004  7.6690104075698966E-003  1.3995031769444553E-004 -2.8499868669446373E-004 -1.6373739876200146E-005  1.4333290397995250E-004 -2.7427300464819619E-011 -2.7245392886896747E-010 -7.0228072061231952E-012  5.2515543766847153E-011 -7.4276616902002963E-011 -1.5717966243311856E-011  1.5289478246662694E-010  5.6288259867495570E-012  6.7324065452800639E-011  1.0389996597579263E-012 -1.5836930105867684E-007 -2.3366104384261615E-006 -7.4287516278637630E-008  2.4536273475020516E-007 -2.3234390532661698E-008  3.2831967587534317E-008  9.3022138839762308E-007 -2.0676965278294150E-008  1.8868689092005165E-006  8.9699216266287085E-008 -2.5908121199303410E-008  8.4822790685239355E-009 -1.9985200734640456E-007  8.8356131557255957E-009  9.5080340213342749E-008 -3.9515541861362288E-011 -3.7160315418560474E-010 -8.6969213717995999E-012  7.8167857589857361E-011 -1.0280784838966434E-010 -2.5152209518883723E-011  2.1921034395104226E-010  8.1747041450997229E-012  7.7501626645473200E-011  3.8922116543820076E-013 -2.2358629768555850E-007 -3.0629512657511618E-006 -9.3553720051556707E-008  3.3295349962392597E-007 -3.1418703454905489E-008  5.9802691899460833E-008  1.2191736711312448E-006 -3.8084373726794048E-008  2.4736872202369163E-006  1.2194013624718310E-007 -4.6649906065642017E-008  1.0646763318812620E-008 -2.5100733535443902E-007  1.2771355591147252E-008  1.0884803152141167E-007 -2.2911147555137341E-011 -2.1550661288180697E-010 -5.0416054399658603E-012  4.6419959103493693E-011 -5.9257427716953011E-011 -1.5681433038787162E-011  1.3091838076007263E-010  5.0826448042709364E-012  3.9861175022766523E-011 -3.0591613889754857E-014
-3.3767031701180777E-013 -1.8157809264115887E-014 -1.3948958872062310E-012 -3.4143774439121880E-010  4.0126707856479864E-007  1.4757626593397298E-006  2.0953014595431141E-006 -1.4952565044744286E-007  1.7452247313377665E-006 -2.5174142811410656E-007  1.6955236314842407E-012 -1.2477070592896735E-012  5.7772046407455012E-012 -3.6400223603957672E-010  4.4994525882851945E-006  1.6547871666028503E-005  3.8518538100538919E-005 -1.6766400579460180E-006  1.9569232595239390E-005 -2.8228125303282149E-006  1.2379202393515920E-010 -9.5103182223659807E-012 -5.1664534196774478E-012 -2.0901242226191621E-011 -1.0493882245699131E-009 -5.4325013030584588E-011 -5.9632546555018754E-011 -8.5220826349733090E-011  2.7184776011899414E-011  4.2694801555264951E-011  3.1839867356801111E-011 -5.3764960292855332E-011 -1.5322745399217248E-012  5.4203038223785906E-010  1.2270224859272724E-011  1.3651018189897695E-009  3.0527028627782742E-006  1.1227072470925285E-005 -3.8289603983718337E-005 -1.1375319807786629E-006  1.3276897918699776E-005 -1.9151708820190844E-006  3.6105983784918094E-007  1.3278858646804129E-006 -2.2919940970611044E-006 -1.3454222747676114E-007  1.5703295342445960E-006 -2.2651761036727193E-007  3.8053363466000227E-005  1.3995084950408824E-004  1.9952264444934422E-003 -1.4179922025688056E-005  1.6550368372855801E-004 -2.3873441440325659E-005  3.6580864497990668E-012 -5.1986167910701572E-012 -2.8910410441055156E-011  4.4872606817205064E-012 -4.1166603835118296E-012 -9.3951019217558511E-012  4.8989651265563194E-012  8.3474075698186869E-012 -1.3740330883722845E-012  1.5326759238703154E-011 -8.6841286032566413E-010 -7.4277907471883767E-008  6.0103743149403343E-007  3.3404065025021843E-009 -6.2906216110723575E-008 -1.8149349893803509E-009  1.1321595151501666E-007 -1.6120263290478661E-006 -5.2240868060602106E-008  6.0049605316810363E-007 -9.3216652415910480E-009  1.3142417345663831E-007  1.3034218318323944E-008 -8.4536648289639242E-008 -6.3868579951246891E-009  1.2446593738171205E-011 -6.8118256890934742E-012 -6.4720643692753178E-011  7.0592814396133586E-012 -2.9087070723431641E-013 -2.3758142812178177E-011  6.9748742999799528E-012  1.3534410879088784E-011 -2.5459452672230484E-012  3.8151964267990629E-011 -3.8844223523606627E-012 -9.3543063945735469E-008  6.2319670249638420E-007  5.8460929169388025E-010 -5.0362102030522922E-008 -5.7778583701788155E-010  1.2397708741958359E-007 -1.6708905431844478E-006 -4.0831527219509074E-008  6.2221157707991874E-007 -1.0648593880652066E-008  1.4339826203191379E-007  1.8120925097099509E-008 -1.0586056747026064E-007 -9.9868713445698338E-009  7.4647516235986589E-012 -4.1022581361497271E-012 -3.5798730131359854E-011  3.3818940695411073E-012  1.9771301753057977E-013 -1.3396910452619295E-011  4.3533970599615902E-012  5.8896729839038501E-012 -1.7384334180113021E-012  2.2292895861221430E-011
 5.6413946148750846E-013  2.7222729788647210E-013  1.1447381406743385E-013  2.8368484770328835E-010 -1.1436991577662056E-006 -3.0052636316789492E-006 -1.4952565044744286E-007  2.2676955570852710E-006 -2.5759495778956665E-006 -1.1239963993499130E-006 -3.7091115810033354E-012  2.0228696860649928E-012 -1.4891546096451152E-012  2.7845778691100192E-010 -2.0336355503755309E-005 -3.3698271097087976E-005 -1.6766333119073281E-006  4.0451606663986024E-005 -2.8884136314370294E-005 -2.0115251160743177E-005 -1.0627119369161735E-010  1.0563179707164383E-011  1.5197563355139897E-011  3.7339237344225133E-012  8.0721895235582756E-010  3.2597132556605499E-011  1.5236078859328870E-010  1.0480626630053807E-011 -2.9527341771873201E-012 -1.0644779054862217E-010  1.2306186117452767E-012  4.3733263005540899E-011  6.5454449414802999E-012 -7.8852350075938485E-010 -2.8471160876815734E-010 -3.1087288921378963E-010  1.8414101073121525E-005 -2.2862980221413846E-005 -1.1375256524098691E-006 -3.6978089652159405E-005 -1.9596733272720721E-005  1.8563988577435551E-005  1.0595851334765680E-006 -2.7041360157571631E-006 -1.3453990184997133E-007 -2.1368708733825314E-006 -2.3178215882824817E-006  1.0772857394782474E-006 -1.0067229861914103E-003 -2.8499722808255246E-004 -1.4179781330712123E-005  2.0115752147477481E-003 -2.4428260649443493E-004 -1.0048522285569686E-003  1.4619736085072269E-011  8.8188698058217087E-012  3.4297644052477132E-012 -2.6669097029580504E-011  1.0985478120844280E-011  7.0546680821884919E-012 -5.4818880408053869E-012 -1.0940704248408951E-011 -1.4641505424408278E-012  5.5983246351389832E-012  1.1544988894251426E-006  7.5259616216568971E-009  1.2775981624467138E-008 -8.0891215516283260E-007 -6.8939114240281670E-008 -1.2191038357073739E-006  5.3580391014514640E-008  6.9421934320924933E-009 -8.1982774935068299E-008 -1.7950387099011673E-008  9.1917379325071226E-007  4.5724482411205208E-008 -8.0572703545713542E-007  5.6596994773059170E-009  1.1526856801868484E-006  3.8550478296401286E-011  7.3591646488222226E-012  5.6171886798839367E-012 -6.3215287909553186E-011  1.3522573726243870E-011  1.1494400939000465E-011 -2.1665001862017160E-012 -2.6299383034512613E-011 -4.4525082718023106E-012  1.5415591896983574E-011  1.1984759813558053E-006  4.0437275797024319E-008  1.2618316394851554E-008 -8.4015731836826672E-007 -9.3433552295332136E-008 -1.2651097172399292E-006  4.2579828763126167E-008  8.9190464149727105E-009 -1.1137913338108186E-007 -1.9266181087150608E-008  9.5387512062437577E-007  3.6205779881448477E-008 -8.3543892225942208E-007  3.3435478202999501E-008  1.1957899161232658E-006  2.3843261161144665E-011  4.2558905124569743E-012  2.6948121977775821E-012 -3.6974328570941915E-011  7.7880506006523503E-012  4.9852400162706474E-012 -1.4397324813976477E-012 -1.5708191044605791E-011 -2.3242934660804056E-012  9.6995989685418776E-012
 5.3418212097747911E-013 -4.0924492529317906E-012  4.7038182387818325E-012 -7.3013616201801234E-010  1.2780937808371411E-006 -1.7266526829900738E-007  1.7452247313377665E-006 -2.5759495778956665E-006  6.1951492634577490E-005  1.2978557970327848E-006 -1.3894973336970583E-012 -2.0644189372618216E-011  1.4458266691089338E-011 -5.5563560133164581E-010  1.4330983736620967E-005 -1.9360332231176936E-006  1.9569116677328144E-005 -2.8884145171043816E-005  7.0968629921108089E-004  1.4553161434422580E-005  2.9354775132979105E-010 -4.8572160919063660E-012 -9.3615491564870561E-011  5.8117862549127083E-011 -1.6457960178718720E-009 -5.6890958071805423E-011 -1.0194966595753330E-009  6.4608602975897103E-010  3.9912974893407955E-011  7.9318248594088357E-010 -5.5263979434421719E-010 -1.0710318637785449E-010 -4.8161250130207278E-011  1.2647161252893328E-011  6.6776513058541658E-010 -2.6775814267007481E-010  9.7229730398360012E-006 -1.3135131968279514E-006  1.3276790107146865E-005 -1.9596742507245907E-005  4.1707082657374496E-004  9.8737694673684658E-006  1.1500045142309224E-006 -1.5535818230270298E-007  1.5702917017792291E-006 -2.3178252139971741E-006  5.1566164978390426E-005  1.1678206998263443E-006  1.2120186073046618E-004 -1.6373642200543612E-005  1.6550139878478045E-004 -2.4428279454330926E-004  7.6715127737831471E-003  1.2308093381262650E-004 -3.5275068868090602E-012  2.6846163022614521E-011 -1.8542757036953554E-011  9.7680473032775637E-012 -1.9699721056147071E-010 -5.0354070662520248E-012  5.7128928151244006E-011  4.6527296268574652E-011 -1.0349266137803735E-010 -2.0858432384226796E-011  7.8532621228372160E-008 -3.2376184038094391E-008  1.0520420547565002E-007 -1.6860624185533164E-007  1.8887409887304188E-006  3.0654258463230785E-008  8.4804051541332608E-009 -2.7683634392790758E-008  3.2059551646369442E-008 -8.4570042691622018E-008 -2.2287268254427686E-008  9.3324633159756994E-007  2.0775650614345835E-007 -2.3410307447008332E-006 -1.3572129818714298E-007 -4.4630465676130906E-012  3.2255996118127811E-011 -2.7943452273908037E-011  1.2115545982346441E-011 -2.6155878875842476E-010 -6.1277461071220721E-012  8.5551493181752952E-011  7.0260446313391758E-011 -1.4703541639652940E-010 -3.1541198826318815E-011  8.9352032344929023E-008 -4.1255070917253974E-008  1.4261484087615533E-007 -2.1148960659177411E-007  2.4759318180583647E-006  5.4532027803838714E-008  1.0643480094829119E-008 -4.9261502978045315E-008  4.1069758845290196E-008 -1.0589748441553617E-007 -4.0123350128471830E-008  1.2237306860920134E-006  2.8197109134139993E-007 -3.0691813028633069E-006 -1.9156282748939667E-007 -2.6154853385400398E-012  1.6893590890942813E-011 -1.7065432572124901E-011  7.0152475210265275E-012 -1.4970064745753301E-010 -3.5062051987655690E-012  5.1469476233735087E-011  4.1646684721994592E-011 -8.5947157405673753E-011 -1.8321784851538710E-011
-7.2125916506002405E-013 -1.2632358785078264E-014 -4.5850714874641825E-012 -3.1105758093266007E-011 -4.6015919173579311E-005  1.5115439905937347E-006 -2.5174142811410656E-007 -1.1239963993499130E-006  1.2978557970327848E-006  4.7139915573821976E-005  1.8072720437211307E-011 -3.4402348643431726E-012 -1.4203519206758745E-011 -1.3283138991929885E-009 -5.2349053374646189E-004  1.6947706675163115E-005 -2.8228178973899133E-006 -2.0115432834497573E-005  1.4553149468259416E-005  5.4360596658428772E-004 -1.8423114449861220E-010  1.1036069309716442E-010 -9.9870096944000698E-012 -7.8952335947213547E-011 -3.6066541651349479E-009  1.1708513582816917E-009 -1.0913065343034963E-010 -8.3472716141763706E-010 -7.6240225669877275E-010  8.1526117073957110E-011  6.4306158516847764E-010 -5.4522262705600155E-011  2.8059314834619995E-010 -1.0682647588237207E-009  1.4202709743485831E-010  7.3004472043057504E-010 -3.2295609813124955E-004  1.1498208993464828E-005 -1.9151759992836084E-006  1.8563818474608297E-005  9.8737579173052952E-006  3.0439227966360673E-004 -3.9316207681898129E-005  1.3599991884900212E-006 -2.2651942147603634E-007  1.0772247202837483E-006  1.1678164563138565E-006  3.8238982962755302E-005 -5.2620618603315900E-003  1.4333199920866160E-004 -2.3873548162539916E-005 -1.0048558974373662E-003  1.2308068970074670E-004  6.2669177577775338E-003  1.9244665983262608E-010 -2.6618943221272609E-011  7.9602415773285602E-011 -4.5459903091185721E-011 -5.6525619688114347E-012 -2.1273439260396308E-010  2.7663625662182691E-012  2.7336091064692928E-011  2.2907453613167670E-011 -7.9707256597534732E-011 -1.6446387656649274E-006  2.4300131457636314E-007  1.2677172555056697E-011  2.2799681524036051E-006  1.3029648452157176E-007  6.0903741333549460E-007 -1.9182896256256666E-007  1.3766222598205257E-009 -6.8654914613450967E-008 -1.0387508310256789E-009 -4.5781342654089563E-007  1.1822110945764376E-007 -1.4757638698104083E-006 -2.1533837499986337E-007  4.9340574083072246E-007  2.4956948726856757E-010 -3.6184619044316119E-011  1.1529452895905243E-010 -3.7013336383496749E-011 -6.5936037509758730E-012 -2.9781927150301159E-010  3.5697048892884517E-013  3.9950399088329053E-011  3.5705689085600661E-011 -1.1571272919209733E-010 -1.9989968825884683E-006  3.0342517795285154E-007  1.1889138541932198E-009  2.8796816615603407E-006  1.7256850172974475E-007  6.3179650586242285E-007 -2.3786246485015144E-007  4.3094816877542582E-009 -8.7961609989206900E-008 -4.4010118739151039E-009 -4.7455973076408905E-007  1.6676957781954856E-007 -2.0460604843556619E-006 -2.9539454470689936E-007  8.0510518642733585E-007  1.4319217156939837E-010 -2.0950626825016891E-011  6.8683506779783781E-011 -1.7626299488214629E-011 -3.6767133767148859E-012 -1.7448615723047372E-010  7.3172681699255516E-014  2.2064489176339383E-011  2.0852473790960662E-011 -6.7639556515666760E-011
-1.7471640208218061E-007  1.8838423860796262E-012  8.2772096074789465E-014 -1.2072462097614852E-008 -1.4363607840735347E-011  1.4631654062882445E-011  1.6955236314842407E-012 -3.7091115810033354E-012 -1.3894973336970583E-012  1.8072720437211307E-011  7.4974655402735873E-007 -6.6041022952317535E-012 -2.8558748660241580E-013 -1.4299799170203582E-008 -1.6870124279203343E-010  1.6839183785143688E-010  2.3745316958811524E-011 -5.4945760629401757E-011 -1.7023499716698460E-011  2.2364698968565235E-010  4.1418728033931825E-009 -4.6449423642611878E-006  2.7913836011101408E-011  1.1958039685627961E-012 -4.1074764066396444E-008 -1.9682329737969811E-005  2.1635697398929782E-010  9.1706759755336970E-012  1.4932306404844329E-005 -2.0772908209432425E-010 -8.7332946207773671E-012 -1.9585323035473816E-009  3.3605321882878306E-009  1.2243659393279527E-003 -5.3909704759320648E-009 -2.3429756691762667E-010 -1.1622751040807824E-010  1.0060898178815311E-010 -1.3542174787331520E-011  3.3673486427675881E-011 -5.7038428940860210E-012  8.2554006470156834E-011 -1.6594688060508013E-011  1.2906902362554060E-011 -1.8961324320855190E-012  3.3268127972551122E-012 -8.4670778294287204E-013  1.3267871811264138E-011 -8.4832149408273545E-010  1.6990488863055865E-009  1.1706453445926004E-009 -2.5963385644534527E-009 -2.9785534853073735E-010  3.4446600315436595E-009  1.4969915026601365E-008  2.8556597738707107E-009  7.6792636999487201E-010  3.9544385272023996E-008  2.8240928700460943E-009 -5.9628633768470115E-008 -4.2853730454465674E-009 -2.8616930621152622E-010  2.8937714918897949E-009 -3.5908052217210629E-010 -1.4425413427529557E-011 -3.0433749498653834E-012 -4.4764865792395744E-013 -4.1509679734159386E-011 -3.1800673979588788E-012  6.6849649833827466E-011  5.5255608738286257E-012 -5.5580702936603359E-013 -3.3302023429875673E-012  8.6192286217839614E-013  4.8184515256013450E-011  4.6379724174925294E-012 -4.3132211235727586E-011 -2.2676902921313525E-012 -1.3501746582651898E-011 -2.0564395870120343E-006 -3.9269814828361042E-007 -1.0548219894108600E-007 -5.4307167389961691E-006 -3.8793066015464907E-007  8.1897199642547440E-006  5.8880155801364095E-007  3.9302810807280391E-008 -3.9726203709801958E-007  4.9327203519167713E-008  5.2647682404749419E-012  1.1210365515287787E-012  7.8402856422711002E-013  2.7607169232473999E-011  1.7244299003308956E-012 -3.6855367839962288E-011 -3.0695483924902165E-012 -1.2750598488941505E-012  2.6142034570034396E-012  1.6634479946004995E-013 -3.0421741923537396E-011 -2.7548261669344233E-012  2.5832274620774664E-011  1.4695120995563415E-012  6.2751716923656734E-012 -2.0559326931994771E-006 -3.9258795119914319E-007 -1.0545677467513018E-007 -5.4294585958658889E-006 -3.8783599500046771E-007  8.1877817515959454E-006  5.8865392478612314E-007  3.9293452672696691E-008 -3.9717416342578866E-007  4.9315228535901210E-008
 1.8835841698216271E-012 -1.7471992420899099E-007  6.0324208328298260E-013  3.0347735925456094E-009  1.4173550996792142E-012 -2.1451513408754061E-011 -1.2477070592896735E-012  2.0228696860649928E-012 -2.0644189372618216E-011 -3.4402348643431726E-012 -6.6041022952317535E-012  7.4975887955365284E-007 -2.1085537319105323E-012  3.5973634774325872E-009  1.4623931225430742E-011 -2.5759483063621288E-010 -1.5098989113233164E-011  2.6398663553843953E-011 -2.4113849121024310E-010 -4.1022624033654444E-011 -1.0423706560057938E-009  2.7915688900587203E-011 -4.6449944546231198E-006  8.8857058651720326E-012  1.0324174138372604E-008  2.1637297728864636E-010 -1.9682733317418042E-005  6.8548473848887217E-011 -2.0774672968464992E-010  1.4932693690610456E-005 -6.5668139049906918E-011  4.9116560345555385E-010 -3.0513138123347943E-010 -5.3909167042820113E-009  1.2243760047388353E-003 -1.7207914671770538E-009  1.2849141368296269E-011 -1.3359321045546685E-010 -5.8124416893077903E-012  7.0013151571538286E-012 -1.3482973476091456E-010 -1.9850478541455297E-011  1.0793933156130567E-012 -1.9543570166916098E-011 -8.1055912510658395E-013  1.8779538109603385E-012 -1.7959683165784692E-011 -2.9573482546510871E-012  9.5621370621176481E-011 -2.7999340732878382E-009 -2.4490377530138048E-010  4.1080306507152204E-010 -2.6073795230710897E-009 -5.0642448823211417E-010  2.1326303059280742E-009  3.9539635575955717E-008  2.4467289099735602E-009 -5.7555480398115124E-009 -3.3062351939855336E-010  2.8943242427923995E-009 -5.8980512470210820E-008 -4.9316879054017356E-009  3.9591025893973678E-008  1.8521790818520553E-009  3.2990159682410243E-012  1.5147956990756021E-012  1.2766054381119414E-013  1.0421405775671295E-011  9.9353110403593289E-014 -1.6216521879039423E-011 -1.6256179872486923E-012  4.4694937840886210E-014  1.4868493812370181E-013 -1.6097173864715584E-013 -1.2004823533142544E-011 -1.4472193852468883E-012  1.0666510406535915E-011  1.3731635270279108E-012  3.1594845218280927E-012 -2.9272655725890553E-007 -5.4307364700341531E-006 -3.3597495703909046E-007  7.9005972821162768E-007  4.5388524287976277E-008 -3.9732583969579100E-007  8.1000825316203525E-006  6.7715711450194825E-007 -5.4366646279885083E-006 -2.5430216559987520E-007 -1.8010018382424624E-012  5.8680054899535320E-013 -1.7696544354756736E-013 -7.2692849841531488E-012 -1.2987401574460029E-012  1.0432960586978652E-011  4.6470258610254511E-013  2.0888433844696998E-013 -1.4107389944388459E-012  2.1274363872625372E-014  8.1146786935010725E-012  3.3353257204190521E-013 -6.9851253321124473E-012  6.3448916010519578E-013 -1.9627652046501087E-012 -2.9266822568778234E-007 -5.4294484169996136E-006 -3.3589806725435194E-007  7.8989350465426614E-007  4.5378536558439323E-008 -3.9723787615839569E-007  8.0981918688049129E-006  6.7700498325129330E-007 -5.4354160908931490E-006 -2.5424608392203583E-007
 8.3060375607438450E-014  6.0345064383564630E-013 -1.7472302861559381E-007 -5.6809584117628248E-009  1.5692672774577381E-011 -8.9042818811717856E-013  5.7772046407455012E-012 -1.4891546096451152E-012  1.4458266691089338E-011 -1.4203519206758745E-011 -2.8558748660241580E-013 -2.1085537319105323E-012  7.4976975589051844E-007 -6.7314642184253703E-009  1.8502002676474567E-010 -1.1312118179403565E-011  8.7982102820189891E-011 -1.9776794889343917E-011  1.6639048015093761E-010 -1.6524323285071591E-010  1.9500968805723749E-009  1.1963381276210846E-012  8.8874000848807390E-012 -4.6450404635554498E-006 -1.9327564408355688E-008  9.1672852447044082E-012  6.8549820009836959E-011 -1.9683090025683727E-005 -8.7247901181664736E-012 -6.5662091769789692E-011  1.4933036240147225E-005 -9.2059632908145098E-010  1.1024075208925887E-009 -2.3472876241072689E-010 -1.7213922094384648E-009  1.2243848838021101E-003  9.4832662456340004E-011 -2.3081189733639283E-012 -6.3490746300653653E-011  5.1069615238522372E-012  9.9502972729787193E-011 -9.9939620902835902E-011  1.2788121402507242E-011 -4.2870594172529499E-013 -6.3610952200455332E-012  7.3521620233405125E-013  1.2771837391735022E-011 -1.3523338698688719E-011  2.2636131606334754E-009 -2.3713831703199721E-010  4.4434496733365856E-009 -7.6451802653718836E-010  1.6750230633971111E-009 -1.4990951229388103E-009  5.7256265989326816E-010  2.4465884820375607E-009 -5.9639296778940575E-008 -2.8619129374144765E-010  3.3386048864917443E-009 -4.8198211446856855E-010 -3.6744441903860070E-009  3.9586907258265490E-008  2.4831957070299501E-009  1.4946168714824069E-008 -5.8684360445921017E-012 -1.3106691175801305E-012  1.0367418078314368E-012 -2.0523386119462733E-011 -1.2886490281069681E-012  3.0832004412304071E-011  2.7299922702305411E-012 -3.3410137480090371E-012 -1.9042215972213697E-012  1.4535020298918348E-012  2.2627047164336339E-011  2.5549779509431617E-012 -1.9223738770243152E-011 -1.5944751101067053E-012 -6.6082966359661936E-012 -7.8622846836104885E-008 -3.3595853844064739E-007  8.1898827774905903E-006  3.9305305389823291E-008 -4.5874172523303634E-007  6.6178312686362436E-008  5.0470462266944830E-007 -5.4366903783110309E-006 -3.4117376846894850E-007 -2.0521084531679750E-006  3.6200407525117267E-012  7.1296354188029944E-013  1.6725276480125287E-012  1.2087690573269371E-011  1.1528249012053142E-012 -1.8446724754642276E-011 -1.3404086827008400E-012 -4.0166232476902591E-012  8.4180661561436519E-013  1.3212852911946200E-012 -1.4702505227784509E-011 -9.0158799451076448E-013  1.3739026310486145E-011  4.2323171057997817E-014  2.6799734066266900E-012 -7.8604961384188733E-008 -3.3588167207789457E-007  8.1880005260604254E-006  3.9295943875080890E-008 -4.5862175712833124E-007  6.6163678343155658E-008  5.0458362764826725E-007 -5.4354154932530044E-006 -3.4108830297150341E-007 -2.0516557491391841E-006
-1.0227509575464063E-010 -1.0075998677628439E-009  8.6562492055496039E-010  4.8999510815847372E-002  1.0501102249049093E-009  1.3820474994530411E-009 -3.6400223603957672E-010  2.7845778691100192E-010 -5.5563560133164581E-010 -1.3283138991929885E-009 -1.4299799170203582E-008  3.5973634774325872E-009 -6.7314642184253703E-009  5.8160177951135747E-002  1.1428498197311825E-008  7.8250626581117614E-009  3.5789199069835495E-011 -2.3286579318911938E-010  1.8596651282108957E-009 -1.1194264311797668E-008 -1.6852964032162531E-002 -7.4613373055781220E-009  1.1164983916614083E-009 -2.9068348808356640E-009  1.6666131560457906E-001 -1.4981711211137841E-007  2.3285495328773068E-008 -5.8443492201800148E-008  1.0683922866149358E-007 -1.5932593458622287E-008  4.1272399985463329E-008  7.8997817778092977E-003  8.0025109467452872E-003  1.2612677670244185E-009 -6.7461840309918106E-010  9.0631268146582597E-010  2.0738190050669896E-008  1.3338126095092877E-008  5.5807324384562913E-010 -8.2370483271843816E-010  4.2857199043238066E-009 -1.9912306986944213E-008  7.2369651874742428E-010  4.6784136758204210E-010  1.2686566198459168E-011 -2.2763060167491559E-011  1.4341068907039222E-010 -7.0069400028661097E-010  2.3776080499526007E-008  1.4744777087963143E-008  1.1511966750681904E-009 -1.4829451796006241E-009  5.9128404099613425E-009 -2.2290241896414952E-008 -1.0780616591164200E-011  6.7417842050799407E-012  1.8409461383843273E-011 -4.9794204303286935E-012 -1.3989712569246816E-011  1.9443903040362485E-011 -1.3874042433701552E-011 -2.7910369021350088E-011  1.1870636464122166E-011  7.0789172800134326E-012  4.7978214625013353E-005  1.0325075601987856E-005  2.7731874336085047E-006  1.6589039870418666E-004  1.1850117869042321E-005 -2.5016989632419315E-004 -2.0769883961842337E-005 -1.3863807816680484E-006  1.4013180902825669E-005 -1.7398402101484372E-006 -1.8897728808587122E-004 -1.7802328229442845E-005  1.6607090988561969E-004  8.9697718635995149E-006  4.7875454130161974E-005  1.5053028992693739E-011 -3.3452202307492133E-013 -2.3850251483941051E-011  3.4550757366455252E-011  3.8005351628705332E-012 -5.4745236725428939E-011  4.9201290804814806E-012  1.2197047644692718E-011 -6.2675642560703991E-012  8.6827394754518877E-012 -3.6966652605112580E-005 -7.9554529983074182E-006 -2.1367124373900658E-006 -1.2781693398196642E-004 -9.1303792572882998E-006  1.9275330019219428E-004  1.6003018932029327E-005  1.0681873725967673E-006 -1.0796942688611057E-005  1.3405325781595386E-006  1.4560502494693152E-004  1.3716509215028675E-005 -1.2795578404380380E-004 -6.9111263220958326E-006 -3.6887608721546240E-005  1.5016265219903503E-011 -1.2347746593173053E-012 -2.2955441494095067E-011  4.1089498822613869E-011  3.0323839310065283E-012 -6.1235687989231600E-011  2.7921577437255543E-012  1.3171280673113540E-011 -2.5112641076704360E-012  7.2924222292349319E-012
