   2.1243201083309425E-002  -4.2082336667785880E-008   2.3894551358015567E-009  -6.9542694309963096E-008  -6.9136087132652888E-009   5.9170595316902174E-009  -7.1170712656109038E-009   8.8349086050099819E-010  -4.1941461553386023E-010   6.0301167373126228E-009   6.1401550125825106E-002  -6.1157422363082412E-008   5.5671498810245149E-009  -3.0467283158631912E-008  -4.1933626310140567E-010  -5.7103076068046247E-010   9.9433334916104323E-011   2.6847221171484237E-010   1.2450622471424569E-011   2.9411598489471771E-010   2.8747134450740721E-010  -7.3243301626504938E-011   1.8534712704257942E-010  -1.9521001626066417E-011  -1.2595596981029800E-008  -7.2767160161695935E-010  -4.7927832912642141E-009   5.3474953816039389E-009  -6.4113583992240611E-010   7.2481001897556463E-009  -6.3312143793435635E-008   5.3946712833808870E-002  -5.0988321176674065E-008   4.4654982351633227E-009   2.9091529040137886E-009  -1.9053343578991619E-010  -5.8700751040760007E-010  -6.6676009802867424E-010   6.9798859189763816E-011   3.7308205064217303E-010  -1.9365055437633156E-013   4.1447441284733234E-010   3.6462777243423693E-010  -3.7749343023908067E-011   1.7756075743060856E-010  -2.3888356245628538E-011  -1.4808804899570380E-003   2.0227746686745568E-009  -1.7357535509020738E-010  -6.6246197754812079E-009   1.4150665008935559E-010  -2.9089143998239162E-009   2.8098339551714997E-009  -2.3826501806095168E-010   3.8147852400362811E-009  -8.1187139575801396E-010   6.2958797068049122E-003  -5.6717664307956921E-009   5.0030698288373276E-010  -8.8143919161736166E-010   6.3216441761888633E-011  -3.9998814249516418E-010   3.4484177593115729E-010  -4.9897526312462995E-011   5.3659745029594703E-010
  -4.2082336667785880E-008   2.1243280869987086E-002  -5.5532049628451597E-009   9.8142668120368395E-009   5.9693862865332931E-009  -1.3744777687400173E-008  -1.5007943865314769E-009  -5.3485733861606704E-009  -3.6133266763982993E-009  -6.2081329651327176E-010  -4.7439716755611783E-008   6.1401652296060288E-002  -4.0708959113809990E-009  -5.6294106509236974E-009   2.5239304276119107E-010  -2.3030515724974890E-010   9.3688764271279309E-011  -5.1415139385792211E-010  -7.2183028565192886E-011   1.7553071536616227E-010   8.1324323747692088E-011  -6.9371210543249358E-011   1.2120810760921515E-010  -1.8125285362654116E-011   2.6278306536396863E-009  -1.3436089410364810E-008  -7.8078174530698160E-010  -3.4583080192590708E-009  -2.6439645673840611E-009   8.3047655505639032E-010   3.6002114614756193E-009  -4.0461977236813337E-008   5.3946800341426272E-002  -3.7342820619457730E-009   4.1537791862047579E-010   4.5476426864678460E-011   4.0576817212627356E-010  -5.2023796494609335E-010  -9.7165879886756078E-012  -7.0612547830626554E-010   5.2451112361026487E-011   1.6173023501567275E-010   2.5605763643842961E-010   1.3506780370457149E-011   1.7669807108675811E-010  -2.8250321830442121E-012   1.6648485168258577E-009  -1.4808838472342642E-003   1.6324964562636324E-010   1.3064629547024413E-009  -7.0871926441094908E-009  -3.6192362315998299E-010  -1.5938378037853053E-009  -1.9771540569526590E-009   2.8737458031740139E-010   9.9201423286406261E-010  -4.3859202569131948E-009   6.2958893594895725E-003  -3.9987380212250643E-010   2.0239231596480484E-010  -1.0054357303827288E-009  -7.2158545204862103E-011  -2.2812077528573659E-010  -2.1389840519647278E-010   2.5728521748113724E-011
   2.3894551358015567E-009  -5.5532049628451597E-009   2.1243291780560475E-002  -3.3806096582101240E-008   1.2528278757427104E-009  -1.0672346361892838E-009  -1.3106777601127669E-008   3.9995748604719084E-009  -3.6017581358875497E-009  -5.2524031314823129E-009   7.0421637336277254E-010  -1.0063041182841950E-008   6.1401666446354294E-002  -1.1310847561021619E-008  -2.2993440275113846E-010  -1.6880154417733066E-010  -2.8321310417474462E-010  -4.9170655422531909E-011  -1.5862220439932211E-010   3.5766001189389420E-010   7.0740600612057434E-011   8.3639116928779073E-011   7.3892983907530365E-011   1.4876319699732352E-010   2.1310624428276396E-009   1.7077664167658532E-010  -1.2484313780885706E-008   2.8368401950417499E-009  -3.9385734799545148E-009  -4.9679040281091815E-009  -2.9581629885563590E-008   6.2604902272296536E-010  -8.5296938736451995E-009   5.3946812107534277E-002   1.1263028863969907E-009  -1.1108434631904561E-010  -3.4111580558858609E-011   1.2289888832570809E-011  -5.6392128478812677E-010  -1.3658581247108144E-011  -5.1643363046037438E-010   5.9424045807369730E-011  -1.3572531415810034E-011   7.4854843490557358E-011   5.9196320755276668E-012   3.6452899827387643E-010  -5.4963416800387158E-011   3.0206744262418608E-010  -1.4808843442097202E-003   1.2092696099056770E-009  -5.5464311324712091E-011  -6.7293081833213009E-009   1.6711932607646866E-009  -1.5560375333266784E-009  -2.8804634604193668E-009  -8.9423420985129243E-010   3.3227171546926993E-011  -9.7770245491732611E-010   6.2958906823378782E-003   1.5483405648334954E-010   1.8546608132459898E-012  -9.3688988114787992E-010   2.2938570554553853E-010  -2.5207360007871818E-010  -3.8421979156700458E-010
  -6.9542694309963096E-008   9.8142668120368395E-009  -3.3806096582101240E-008   1.0643321559657534E-004  -1.1493901071668226E-010   2.1037036651075205E-011  -2.2920102155837145E-011   2.6014118283126709E-011  -6.6604949283561497E-011   8.8926227705645741E-011  -1.9637365624611001E-007   2.8637297178977333E-008  -9.6002758921452334E-008   5.1231845936039510E-003   1.2935786491343295E-010   1.7294435087318593E-010  -4.1307432538791493E-011  -1.2696762329821482E-010  -2.7844620964166687E-011  -4.6584136676724103E-011  -6.4081901287450179E-011   6.5843973564715275E-011  -8.6969465102069621E-011  -1.8288443438760060E-011   4.2756124848901880E-010   5.2978967469936874E-010  -4.8746160836622019E-011  -1.7599513317145809E-010  -2.6691268130657031E-011  -2.5156097092832933E-010   9.3068533225215220E-003  -1.7032739631566217E-007   2.4479336785776575E-008  -8.2859838116510517E-008  -1.4224182601189324E-003   1.6771271044476816E-004   1.1322837464754106E-011   1.1812694736115714E-011   2.3537498934158258E-012  -3.9150630087743153E-012   2.8035230189224818E-012  -1.1276120089251594E-011  -8.3367556728433197E-012  -3.9082906159913719E-012  -6.2775410765110539E-013   1.1586934267161511E-012   1.2644961190925123E-008  -5.9348617843562602E-010   5.9987709672278877E-009   1.3462151510890869E-010   1.8054702108108835E-010  -2.4642489245537993E-011  -5.3405389393840697E-011  -1.1620547909443237E-011  -8.1211553879124926E-011   1.5329460434039609E-003  -1.8446699253010832E-008   2.8868167107805237E-009  -9.0196121261043307E-009   4.1326658813233647E-011   5.6930611663897662E-011  -7.2997589809449961E-012  -1.6782178762019986E-011  -4.5912408241648604E-012  -2.4544215710837824E-011
  -6.9136087132652888E-009   5.9693862865332931E-009   1.2528278757427104E-009  -1.1493901071668226E-010   4.1304102095921786E-015  -5.8736290425694029E-015   1.1471774679622329E-015  -1.5845041871181087E-015  -1.0184126881805418E-015  -2.5459073011567336E-015  -1.9984111378392144E-008   1.7253952302146798E-008   3.6213783336872903E-009  -5.6148663629847319E-009   5.1702740920677276E-017  -7.8810771068885032E-017   2.2660991539930666E-017  -9.5395183021446068E-017  -3.0855971738446164E-018   2.6032030180148451E-017   3.9821971279157373E-018  -6.2855254434804301E-017   7.3471294462704621E-017   2.9959599796871246E-017   4.4854456085653661E-015  -4.1101599351071050E-015   6.5638440211418383E-016  -2.3476936007925408E-015  -7.3708300095896031E-016  -2.1377574819340115E-015  -1.0187414321345616E-008  -1.7556400602104500E-008   1.5159073507814424E-008   3.1814082005340865E-009  -3.5283892048314636E-010  -8.2030856063312313E-012   2.9129288131043308E-016   5.9280277600672369E-017  -6.1447630109279706E-017  -3.1676409844094323E-016  -1.8807047567900382E-017  -7.4047239151752469E-017  -3.8782684034752942E-017   2.4787368564303019E-017  -7.2486089803292699E-018   2.7325017521218632E-017  -1.7189547341881614E-009  -3.3138653430909760E-010   3.6674523872883127E-010   2.4643556045808069E-015  -2.2360244788081826E-015   4.7740173098898783E-016  -1.2131533232415805E-015  -5.5768349785704987E-016  -1.2512070703175719E-015  -1.7703103647216210E-009  -2.3645891904684265E-009   1.7813015482842900E-009   4.3641324877366116E-010   3.4536332707916435E-016  -3.6060317839031596E-016   6.9066201717431665E-017  -1.6099145523914640E-016  -5.4618584467873836E-017  -1.8437213396842660E-016
   5.9170595316902174E-009  -1.3744777687400173E-008  -1.0672346361892838E-009   2.1037036651075205E-011  -5.8736290425694029E-015   1.0601164869347516E-014  -3.5733922264629415E-016   3.5110211962203633E-015   2.3896876144262520E-015   2.3626080761683561E-015   1.7102616605107097E-008  -3.9728773024501919E-008  -3.0847452518058253E-009   1.0150858142537988E-009  -2.4266802816706962E-016   3.2312643016685712E-017  -2.6877916168090456E-017   3.8426761518968714E-016   5.2665997341678168E-017  -5.8697271327592699E-017   1.1397826580052447E-017   3.3348942807419398E-017  -4.7611652514285664E-017  -4.8236970315516042E-018  -5.2314454285290468E-015   8.5808558139742027E-015  -2.1237890122635228E-016   3.5493994826379723E-015   1.7221189260230393E-015   1.6820471724031278E-015   1.8438075224796463E-009   1.5026257102616027E-008  -3.4904024836013122E-008  -2.7102226226698953E-009  -2.5402516504514661E-010  -8.2142728350350496E-013  -4.2238393249564746E-016   1.5310684082875334E-016   5.4524107920291208E-017   5.6127695947462128E-016  -7.5352103712618585E-018   5.4115405176117930E-018  -6.5321245636003271E-017  -2.3785556131724990E-017  -6.5467576793034073E-017  -2.2911204861858355E-017  -5.5292179825804939E-010  -9.4731070459742014E-010   7.5158511740024923E-011  -2.7242511846390238E-015   4.6750628603295468E-015  -2.4268621941414559E-016   1.7201848612810693E-015   1.2934248719753514E-015   1.0040672737669341E-015   3.0507461175296366E-010   1.7335049238767551E-009  -4.3467795724803429E-009  -3.1618883624031623E-010  -3.7436269477992284E-016   7.0348600946026812E-016  -1.8455051495271630E-017   2.2910517089504382E-016   1.4751367072531938E-016   1.4525754745501554E-016
  -7.1170712656109038E-009  -1.5007943865314769E-009  -1.3106777601127669E-008  -2.2920102155837145E-011   1.1471774679622329E-015  -3.5733922264629415E-016   1.0584634220001489E-014  -2.3925110165592291E-015   2.6327169638254698E-015   1.2453338984059803E-015  -2.0571599293678329E-008  -4.3379287724313591E-009  -3.7884702079785616E-008  -1.1183950951221456E-009   2.3610928140058831E-016   2.7377837248476510E-016   1.4347594449436529E-016   4.5042444063713026E-018   1.0451116209301778E-016  -3.2127460847432639E-016  -1.3161371903081439E-016  -3.6475704950243523E-017  -9.7200642136401993E-017  -7.9759076879842725E-017   2.6243624115552624E-015   9.7164429451945903E-016   9.3668674965251982E-015  -3.2561868138034289E-015   2.8370232371518736E-015   6.3182467958883941E-016  -2.0296540798943660E-009  -1.8073468674147937E-008  -3.8112512265058480E-009  -3.3283845147966136E-008   3.5819966039092248E-012  -1.0456119761029278E-012   1.8683237106255572E-016   2.5022566970427820E-016   3.2518440700297645E-016  -6.5937077730951887E-017   3.1481850737534462E-016  -1.8472585765051025E-016  -1.3020431713426295E-016  -3.3710233851191032E-017  -7.5538158455082196E-017  -2.1725238466518300E-016  -2.9289580672789191E-010   9.6682659450263242E-011  -9.9193171205696872E-010   1.3548879616739942E-015   4.4913622722293127E-016   5.1706159141520261E-015  -1.8538138038511505E-015   1.1831484075917313E-015   4.9892544884018389E-016  -3.4914334407736627E-010  -2.2224389198505340E-009  -4.4593280747258928E-010  -4.1577166269334769E-009   1.8240096611784151E-016   3.7783711089051327E-017   7.4736830404781813E-016  -2.4973485465194957E-016   1.8940970395118316E-016   6.7333838064034032E-017
   8.8349086050099819E-010  -5.3485733861606704E-009   3.9995748604719084E-009   2.6014118283126709E-011  -1.5845041871181087E-015   3.5110211962203633E-015  -2.3925110165592291E-015   2.1437344029829117E-015   1.9769088521334743E-016  -5.5922989475366944E-016   2.5541102383299023E-009  -1.5459603079078900E-008   1.1560579840285766E-008   1.2731488555951857E-009  -9.1898212449105407E-017   4.5664203887475844E-017  -8.2978508106885157E-017   9.9652419459448482E-017  -1.8006357466174071E-017   2.3641532459737657E-017  -1.1261560359589275E-017   4.6509311956931849E-017  -3.0558034135130405E-017   2.7184328727510564E-017  -6.7393833646451432E-016   3.5164449509677713E-015  -2.3624770043078166E-015   1.5808931939431340E-015  -1.0927707998382251E-016  -9.0695370133379714E-016   2.3096411594261043E-009   2.2433109935503025E-009  -1.3582527853344027E-008   1.0156701075709081E-008   1.2746730546321694E-010   2.2309285111707987E-012  -1.3053339100589636E-016   1.0819889301491915E-016  -1.0032701761981795E-016   1.8998989300345096E-016  -1.0986419742329096E-016  -1.4860892318538075E-017  -5.3752610585671546E-017   8.1674504566585468E-018  -3.6081548002842877E-017   6.8691789047544761E-017   1.0281691418351311E-009   2.0929753376461997E-010   1.7841240387899312E-010  -3.5079919028537866E-016   1.8244213270137784E-015  -1.3081793343086729E-015   8.2435273266317595E-016   1.9224773767144487E-016  -4.7355251062933816E-016   4.0364648094827074E-010   4.1810267983501937E-010  -1.6086134686573740E-009   1.2509195605650115E-009  -6.3854377675041313E-017   2.7030742000950574E-016  -1.8860723837953273E-016   1.2101469741767513E-016   3.9685527580084930E-018  -5.7160280033969164E-017
  -4.1941461553386023E-010  -3.6133266763982993E-009  -3.6017581358875497E-009  -6.6604949283561497E-011  -1.0184126881805418E-015   2.3896876144262520E-015   2.6327169638254698E-015   1.9769088521334743E-016   1.2761016611564964E-015   8.2072109195377866E-016  -1.2122958209368179E-009  -1.0444316600091024E-008  -1.0410597802412956E-008  -3.2471552097308914E-009  -7.7487381859392294E-017  -3.0624000929920969E-017   5.6256852114547870E-017   1.7070136429437851E-016   5.6553030896498719E-017  -6.6740959451197111E-017   9.1616297929558317E-018  -4.2624838927797231E-017   1.8330531705533884E-017  -1.0162313608795370E-017  -8.3053118558601094E-016   1.9324415521972407E-015   2.3745856823919751E-015   1.1311534117928523E-016   1.1459666295039564E-015   7.1741299845398972E-016  -5.8924728292695073E-009  -1.0651091554131969E-009  -9.1757565929233945E-009  -9.1465416510988361E-009  -5.9680746453986704E-011  -3.7516422363023031E-012  -5.8937183001825450E-017   9.2287278960670470E-017   9.4439272567220867E-017   1.1778051229154705E-016   7.6888097418999245E-017  -3.8708022335849142E-017  -4.3273705464326016E-017  -1.1784337954440797E-017  -3.4229124164148691E-017  -6.1607432071994072E-017   2.6189958355818006E-011  -5.2764320498636637E-010   1.0643753674585162E-010  -3.8158593528043758E-016   1.1031009774093975E-015   1.2763025844993305E-015  -3.3801876590490489E-017   6.1416175223127649E-016   4.1538514627414108E-016  -1.0169939143775311E-009  -1.2474150175737710E-010  -1.1826638110440206E-009  -1.0881971186302952E-009  -6.8454291250630398E-017   1.4502242872471422E-016   1.8525555941444067E-016   3.1381491519072462E-018   8.7697471890762439E-017   6.5315980367311033E-017
   6.0301167373126228E-009  -6.2081329651327176E-010  -5.2524031314823129E-009   8.8926227705645741E-011  -2.5459073011567336E-015   2.3626080761683561E-015   1.2453338984059803E-015  -5.5922989475366944E-016   8.2072109195377866E-016   3.1051381535010063E-015   1.7429997916292271E-008  -1.7943503678627188E-009  -1.5181959317512454E-008   4.3417844219031636E-009   4.0197179291784254E-017   3.3148859374202870E-017   6.0316975766467451E-017  -4.2588949590530614E-018   2.1091594760411699E-017  -4.9674195322960737E-017   7.2785095639218593E-018   1.6346804235522168E-017  -4.2914407205011404E-017  -5.7144167751916744E-017  -3.8115011049777970E-015   5.9372219464788159E-016   1.7060924558905613E-015   7.6679783737907536E-016   8.4635989011473630E-016   3.0447075856817752E-015   7.8778943072552993E-009   1.5313086775799664E-008  -1.5765466605930588E-009  -1.3338110279342568E-008   2.2541711229977795E-010   5.9871996676346263E-012  -1.6075931972278853E-016  -1.6747897327082957E-016   1.6177468570359124E-016   1.2677414826332607E-016   1.2867129033365241E-016   8.8907959784763785E-017   9.2535163303354823E-017  -3.2954868976681014E-017   4.3330135818997093E-017  -9.6016797638674884E-017   6.9078631549433314E-010   1.2208950920095467E-010  -5.4516007108634324E-010  -2.1135544038847694E-015   4.1160558287502763E-016   8.3077758483989930E-016   3.8879975975222985E-016   3.6543568862001245E-016   1.7247584014169925E-015   1.3666869124216507E-009   1.9464862726004764E-009  -1.7268812805462805E-010  -1.6873332786555130E-009  -2.8150849472883231E-016   9.0296390614318322E-017   1.1954102085898670E-016   3.9976560467464010E-017   5.0649982312947241E-017   2.4153215668371046E-016
   6.1401550125825106E-002  -4.7439716755611783E-008   7.0421637336277254E-010  -1.9637365624611001E-007  -1.9984111378392144E-008   1.7102616605107097E-008  -2.0571599293678329E-008   2.5541102383299023E-009  -1.2122958209368179E-009   1.7429997916292271E-008  0.17747595110642408        3.7684408219266151E-008  -1.8355864223965040E-009   1.3721981078491108E-007  -1.2118907303064431E-009  -1.6503052420849637E-009   2.8737915170308070E-010   7.7589147154206539E-010   3.5978519300334358E-011   8.5000040948612410E-010   8.3079469387924359E-010  -2.1169638834755114E-010   5.3567617463461279E-010  -5.6410900360757213E-011  -3.6403417171314401E-008  -2.1029378689346886E-009  -1.3852181607618910E-008   1.5454909854747865E-008  -1.8531750857480417E-009   2.0948503242949330E-008   2.2591750606828357E-007  0.15592789841875543        4.1041340767955334E-008  -2.8433516316321660E-009   3.2094767917585065E-009  -7.5822522007396751E-011  -1.6968967851801800E-009  -1.9274407019477294E-009   2.0176836788164083E-010   1.0784833392470038E-009  -5.6162456368791849E-013   1.1981519251498591E-009   1.0540532634552825E-009  -1.0911688645021470E-010   5.1328028799732332E-010  -6.9058502470853519E-011  -3.5344008268727912E-003   2.0742358628942681E-010  -9.4240957739984731E-012  -1.9153142445743583E-008   4.0840491761920029E-010  -8.4096875645211037E-009   8.1242644238826419E-009  -6.8865621708739552E-010   1.1028876345166713E-008   6.7736702750067498E-008   1.8304634146178372E-002   5.5258066759198366E-009  -3.8323806468512690E-010  -2.5589189303229790E-009   1.8195023253255114E-010  -1.1603798974897174E-009   1.0023970808297490E-009  -1.4417658465578606E-010   1.5565219495535633E-009
  -6.1157422363082412E-008   6.1401652296060288E-002  -1.0063041182841950E-008   2.8637297178977333E-008   1.7253952302146798E-008  -3.9728773024501919E-008  -4.3379287724313591E-009  -1.5459603079078900E-008  -1.0444316600091024E-008  -1.7943503678627188E-009   3.7684408219266151E-008  0.17747587516002655        5.5410750909220863E-009  -3.1022666029829283E-009   7.2940526778748479E-010  -6.6553835861524743E-010   2.7080008506982439E-010  -1.4859048442019159E-009  -2.0865403202329832E-010   5.0730533838510201E-010   2.3499297968230497E-010  -2.0051989182389825E-010   3.5029393753545498E-010  -5.2383907825543381E-011   7.5954289442672345E-009  -3.8833306275791492E-008  -2.2568119900739236E-009  -9.9956693700242231E-009  -7.6411191629293701E-009   2.4002380805429689E-009   3.4304514402202854E-008   3.6631017128859845E-008  0.15592782516459852        4.4127012694615368E-009   1.3194821840473388E-009   1.3142544459682977E-010   1.1729637744086099E-009  -1.5038781075986678E-009  -2.8085992391885959E-011  -2.0412202623945332E-009   1.5162231679023452E-010   4.6752389285140388E-010   7.4019567214429165E-010   3.9039289766242086E-011   5.1079412794325247E-010  -8.1640757314911904E-012   5.0392293037874706E-011  -3.5344008406149596E-003   2.4131661124047902E-011   3.7764362481667852E-009  -2.0489332870892991E-008  -1.0460665072845936E-009  -4.6073497988224573E-009  -5.7166036655032376E-009   8.3091277214257120E-010   6.9847258797666267E-009   5.1656007768816542E-009   1.8304624089160192E-002   6.1429633839592574E-010   5.8513840042995009E-010  -2.9155351966332944E-009  -2.0851064927625402E-010  -6.5988842699411139E-010  -6.2266537175158652E-010   7.4750206734249433E-011
   5.5671498810245149E-009  -4.0708959113809990E-009   6.1401666446354294E-002  -9.6002758921452334E-008   3.6213783336872903E-009  -3.0847452518058253E-009  -3.7884702079785616E-008   1.1560579840285766E-008  -1.0410597802412956E-008  -1.5181959317512454E-008  -1.8355864223965040E-009   5.5410750909220863E-009  0.17747586580846847        5.0420143188820803E-008  -6.6458945080507846E-010  -4.8789955245777363E-010  -8.1845689065084513E-010  -1.4212089084217412E-010  -4.5833847970543736E-010   1.0337611556963525E-009   2.0447306460827856E-010   2.4172921323250665E-010   2.1356990285045148E-010   4.2989496086016079E-010   6.1590569991955022E-009   4.9359603301121219E-010  -3.6082224926293080E-008   8.1990951016401751E-009  -1.1383893513117192E-008  -1.4358156123253526E-008   6.5367238746092040E-008  -1.5916511699464473E-009   5.7689042964463299E-009  0.15592781502263789        4.0528842631636599E-010  -8.5257252902919300E-011  -9.8610542244492112E-011   3.5523062262237690E-011  -1.6301496555665792E-009  -3.9486723568380155E-011  -1.4928713403916700E-009   1.7178658150976718E-010  -3.9228267145907317E-011   2.1638950851705805E-010   1.7107352234927038E-011   1.0537557941103349E-009   1.5102957944074399E-011   3.6994911608951462E-011  -3.5344009571939934E-003   3.4962774796405691E-009  -1.6036524486974772E-010  -1.9454877312019517E-008   4.8314627654138562E-009  -4.4979975539082473E-009  -8.3277419513872810E-009   2.3225097800606108E-008  -2.8909327430184797E-010   7.2424221088722823E-010   1.8304622776198178E-002   4.5004466904951855E-010   5.3562069444291584E-012  -2.7174568739330885E-009   6.6546741767285997E-010  -7.2900968197784444E-010  -1.1155121726021898E-009
  -3.0467283158631912E-008  -5.6294106509236974E-009  -1.1310847561021619E-008   5.1231845936039510E-003  -5.6148663629847319E-009   1.0150858142537988E-009  -1.1183950951221456E-009   1.2731488555951857E-009  -3.2471552097308914E-009   4.3417844219031636E-009   1.3721981078491108E-007  -3.1022666029829283E-009   5.0420143188820803E-008  0.25000266293973378        6.3079566508194560E-009   8.4336961645263813E-009  -2.0145470889041196E-009  -6.1913831067264643E-009  -1.3579282031558240E-009  -2.2716275604667522E-009  -3.1252259500543444E-009   3.2106200935595666E-009  -4.2407656880184918E-009  -8.9149975609308115E-010   2.0869211758981865E-008   2.5856374364161130E-008  -2.3807818998457448E-009  -8.5899798628653772E-009  -1.3008555543663790E-009  -1.2278981686268970E-008  0.45362984400919087        2.2888029854851306E-007  -3.5913244937275557E-008   1.1719736833299605E-007   1.0523753656307358E-002  -2.7678403701304185E-004   5.5102582873204683E-010   5.7499608140920453E-010   1.1430328848213033E-010  -1.9082748265218219E-010   1.3616492831345001E-010  -5.4845138535747600E-010  -4.0543500010151161E-010  -1.8963724238638790E-010  -3.1047471905966095E-011   5.6150854029348455E-011  -2.0069538131176434E-008  -2.2168923553720365E-009  -7.5067336465076891E-009   6.5173271873631086E-009   8.7486139778724939E-009  -1.1963542038558325E-009  -2.5844330666862898E-009  -5.6504941379656637E-010  -3.9326770814552873E-009   7.8579474216830369E-002   3.7168196580251690E-008  -3.7920883215820382E-009   1.8028737174782613E-008   1.8830828950504008E-009   2.6282243092464118E-009  -3.4103029603354742E-010  -7.6458312964921074E-010  -2.2318762534774469E-010  -1.1184878413033734E-009
  -4.1933626310140567E-010   2.5239304276119107E-010  -2.2993440275113846E-010   1.2935786491343295E-010   5.1702740920677276E-017  -2.4266802816706962E-016   2.3610928140058831E-016  -9.1898212449105407E-017  -7.7487381859392294E-017   4.0197179291784254E-017  -1.2118907303064431E-009   7.2940526778748479E-010  -6.6458945080507846E-010   6.3079566508194560E-009   1.7304301529562417E-016   2.2321406739703180E-016  -4.8622236558967536E-017  -1.6721331081183030E-016  -3.3643390234685376E-017  -6.4948008805568830E-017  -8.4361138575514663E-017   8.0732653144646973E-017  -1.1003159143526763E-016  -2.3933783631008490E-017   7.8475677300392271E-016   5.0461999245768314E-016   1.6092297264577027E-016  -3.9490447373086899E-016  -9.2990318683641391E-018  -3.8984595079775507E-016   1.1446462777632029E-008  -1.0649798538330986E-009   6.4100992130136893E-010  -5.8391550650484204E-010   1.6380085505733833E-010   6.9658918254403474E-012   3.0538718010924195E-017   2.1308779124370123E-017   7.4990475511675543E-018  -2.0281830062846918E-017   9.6402380879253507E-018  -2.0690254054603019E-017  -1.4207204121627986E-017  -4.6922885747676452E-018  -2.2478441259189778E-018  -2.0920295667539479E-018   3.8481048638219567E-010  -2.7155526849535259E-010   4.1727292801419192E-011   2.9513706309827436E-016   1.3566846851473964E-016   9.4766312124599949E-017  -1.5622428133310223E-016  -1.5580155519009754E-017  -1.3890728255677291E-016   1.9778759194583305E-009  -7.3290721724738813E-011   3.8385682608202386E-011  -6.4460286383085203E-011   6.0508791565208398E-017   5.6131474473565402E-017   6.1829972385627791E-018  -2.8396392574783483E-017  -2.9493791040573448E-018  -3.2112096438394576E-017
  -5.7103076068046247E-010  -2.3030515724974890E-010  -1.6880154417733066E-010   1.7294435087318593E-010  -7.8810771068885032E-017   3.2312643016685712E-017   2.7377837248476510E-016   4.5664203887475844E-017  -3.0624000929920969E-017   3.3148859374202870E-017  -1.6503052420849637E-009  -6.6553835861524743E-010  -4.8789955245777363E-010   8.4336961645263813E-009   2.2321406739703180E-016   3.0388353437384306E-016  -6.9411760987429700E-017  -2.1009642280841864E-016  -4.4112280918977903E-017  -8.9376342702957643E-017  -1.1469928700831007E-016   1.1036724657458128E-016  -1.4999840327200067E-016  -3.0526473403219982E-017   9.9896929415859728E-016   1.0373449859917562E-015   1.5676029585950427E-016  -4.1940862988567985E-016   3.3719952180237184E-017  -5.7955216511790387E-016   1.5303800778323552E-008  -1.4502302802371701E-009  -5.8493763509630177E-010  -4.2866375034026147E-010   2.2564033091583422E-010   9.2710961969170027E-012   3.0170604030457352E-017   4.2648933821568230E-017   6.5778986402564316E-018  -8.7235656827547613E-018   8.1394363997653026E-018  -3.1754670945358671E-017  -2.6034100643347606E-017  -6.1291311040663244E-018  -7.7204743437312130E-018  -3.3448461415487357E-019   4.9670017089782875E-010   3.2959461463441758E-010   1.6695902552727107E-011   3.7111391286218124E-016   3.6645326308142369E-016   9.4148379482485671E-017  -1.5730682220397868E-016   2.0388253972690097E-017  -2.1379973655984779E-016   2.6447197875338955E-009  -1.0372061971169114E-010  -2.3296721891245751E-011  -4.9320359979528674E-011   7.7226841221933785E-017   9.3659187202532534E-017   4.8082649111295121E-018  -3.1236040850589457E-017  -3.6949501000367338E-018  -4.5990398039855979E-017
   9.9433334916104323E-011   9.3688764271279309E-011  -2.8321310417474462E-010  -4.1307432538791493E-011   2.2660991539930666E-017  -2.6877916168090456E-017   1.4347594449436529E-016  -8.2978508106885157E-017   5.6256852114547870E-017   6.0316975766467451E-017   2.8737915170308070E-010   2.7080008506982439E-010  -8.1845689065084513E-010  -2.0145470889041196E-009  -4.8622236558967536E-017  -6.9411760987429700E-017   2.0952751195438572E-017   4.9546492336995867E-017   1.2860875504521792E-017   1.5687023558626404E-017   2.5954847479072565E-017  -2.7646413643987770E-017   3.4589728073977473E-017   4.9890240013395806E-018  -2.4440191450808003E-016  -2.7331208566314243E-016   1.6076587642234560E-016   4.1057413134084330E-017   4.8411867665481636E-017   2.0334249135338728E-016  -3.6555787275301014E-009   2.5252022453248077E-010   2.3791974638981381E-010  -7.1929823659851980E-010  -5.7254680202438493E-011  -2.2317400799022330E-012  -4.9356223758052773E-018  -1.0197955670741759E-017   6.7959442594914956E-018   3.3882438274879648E-019   5.9435984817936446E-018   6.2830275620544066E-018   6.2768085377335422E-018   4.2647785413349682E-019   1.7767185179294874E-018  -5.3832596919472234E-018  -5.8162268938978182E-011  -2.7498226204185838E-012   3.4681495735387567E-010  -9.3100666400747870E-017  -1.0037740180513305E-016   8.2305968557860341E-017   4.9446896927973488E-018   1.5267481241511986E-017   8.8154228865800186E-017  -6.3189928062017790E-010   2.2122758866566856E-011   2.8308864992888687E-011  -3.7036593643521255E-011  -1.8646428067280364E-017  -2.5390244201587167E-017   9.1942973590181372E-018   4.4125389905899506E-018   3.7746864601699862E-018   1.4233793267280694E-017
   2.6847221171484237E-010  -5.1415139385792211E-010  -4.9170655422531909E-011  -1.2696762329821482E-010  -9.5395183021446068E-017   3.8426761518968714E-016   4.5042444063713026E-018   9.9652419459448482E-017   1.7070136429437851E-016  -4.2588949590530614E-018   7.7589147154206539E-010  -1.4859048442019159E-009  -1.4212089084217412E-010  -6.1913831067264643E-009  -1.6721331081183030E-016  -2.1009642280841864E-016   4.9546492336995867E-017   1.6943737091933288E-016   3.5896553077066864E-017   5.4902655505253366E-017   7.8892061035748087E-017  -7.8962280049492987E-017   1.0425135465782360E-016   2.1925202183905334E-017  -7.4543834653080583E-016  -3.2336656478695775E-016   4.5934010487779328E-017   3.5801822287966117E-016   9.7847192121587334E-017   3.8741392940562368E-016  -1.1234935973147051E-008   6.8182731934005190E-010  -1.3057912709025454E-009  -1.2487416989858181E-010  -1.5950158725024854E-010  -6.9115762897442446E-012  -3.0667989259252170E-017  -1.0146971613141649E-017  -4.1824913249563683E-019   2.6383548040555043E-017  -3.4403907794323481E-018   1.4761940251243777E-017   8.4985339694773617E-018   3.7221985597013354E-018  -1.2549431363038973E-018  -2.4626257892292709E-018  -2.3685637311565261E-010   4.9056844075685906E-010   1.3598683767127316E-011  -2.7789659922061160E-016  -4.5855793785875114E-017   1.7685953199896885E-017   1.3315344633499496E-016   6.1308799659201968E-017   1.4473776962823921E-016  -1.9412641090729558E-009   4.8286314900426758E-011  -8.7174976856244028E-011  -1.3114898551911187E-011  -5.9801974384097090E-017  -4.5666792549453027E-017   8.4742770409336104E-018   2.6406917419811905E-017   7.9485875488146020E-018   3.3394759257590681E-017
   1.2450622471424569E-011  -7.2183028565192886E-011  -1.5862220439932211E-010  -2.7844620964166687E-011  -3.0855971738446164E-018   5.2665997341678168E-017   1.0451116209301778E-016  -1.8006357466174071E-017   5.6553030896498719E-017   2.1091594760411699E-017   3.5978519300334358E-011  -2.0865403202329832E-010  -4.5833847970543736E-010  -1.3579282031558240E-009  -3.3643390234685376E-017  -4.4112280918977903E-017   1.2860875504521792E-017   3.5896553077066864E-017   8.8772822801240722E-018   9.2407774502279602E-018   1.6347691634233994E-017  -1.7880889958193830E-017   2.2179514504128816E-017   3.7416181163559811E-018  -1.4589844955949546E-016  -9.6622034429279432E-017   1.0706093879574650E-016   4.0159355731438840E-017   4.5110625509574470E-017   1.0573774515356697E-016  -2.4640912486460794E-009   3.1620654387110542E-011  -1.8329761989191965E-010  -4.0290267547470086E-010  -3.7517418742210668E-011  -1.5392310296230982E-012  -4.4696130755023991E-018  -1.8242750354779128E-018   3.5796845051881288E-018   3.7617448929130567E-018   2.8624077348751983E-018   2.2348745805222990E-018   1.6412522927839187E-018   4.1623522931413736E-019  -3.7769132549539529E-019  -2.9783636219797387E-018  -1.7829032502364911E-011  -3.1120760012348137E-011   3.3907739693738744E-010  -5.2216738093329807E-017  -2.2746898305473987E-017   5.4344989568016034E-017   9.0494995203305268E-018   2.1169728022546018E-017   4.3166062480725898E-017  -4.2588816252404236E-010   1.2576256095044523E-012  -2.6576962038545942E-011   2.4458263750110512E-014  -1.1269651158933925E-017  -1.0400902863477243E-017   4.7931098220613226E-018   4.4052255175307127E-018   3.8224058666584028E-018   6.8643604563204830E-018
   2.9411598489471771E-010   1.7553071536616227E-010   3.5766001189389420E-010  -4.6584136676724103E-011   2.6032030180148451E-017  -5.8697271327592699E-017  -3.2127460847432639E-016   2.3641532459737657E-017  -6.6740959451197111E-017  -4.9674195322960737E-017   8.5000040948612410E-010   5.0730533838510201E-010   1.0337611556963525E-009  -2.2716275604667522E-009  -6.4948008805568830E-017  -8.9376342702957643E-017   1.5687023558626404E-017   5.4902655505253366E-017   9.2407774502279602E-018   3.2234081436665753E-017   3.4290121283066875E-017  -2.9351888204845238E-017   4.3371402118305771E-017   1.0185343921483772E-017  -3.0741689038978637E-016  -3.5365177836439938E-016  -2.6183244730630685E-016   1.7179895852887819E-016  -8.5370939991105222E-017   1.3561560873505725E-016  -4.1221030590060391E-009   7.4696657462787688E-010   4.4578652606501086E-010   9.0827898803279280E-010  -6.0262460890494095E-011  -2.4343938379668609E-012  -1.0303717472944072E-017  -1.8441438953361245E-017  -9.6428106270384571E-018   8.2720110269347758E-019  -9.4933439882983642E-018   1.2996750185858299E-017   1.0562256974270407E-017   2.5731843905623776E-018   4.2706587457354007E-018   5.2693887816331616E-018  -2.7938317405243974E-010  -1.2624108315940381E-010  -6.9583982913052305E-011  -1.1806829405360123E-016  -1.3616263722756950E-016  -1.4482694955144041E-016   7.6442149879315361E-017  -4.0405715001012596E-017   4.1624149470956909E-017  -7.1233460373249398E-010   5.0045743075171159E-011   3.5674891810223259E-011   9.9597118583509400E-011  -2.1379207279368470E-017  -2.9641512377996293E-017  -1.6769626848078882E-017   1.1690941231711953E-017  -3.9915408730041986E-018   9.6881578382818037E-018
   2.8747134450740721E-010   8.1324323747692088E-011   7.0740600612057434E-011  -6.4081901287450179E-011   3.9821971279157373E-018   1.1397826580052447E-017  -1.3161371903081439E-016  -1.1261560359589275E-017   9.1616297929558317E-018   7.2785095639218593E-018   8.3079469387924359E-010   2.3499297968230497E-010   2.0447306460827856E-010  -3.1252259500543444E-009  -8.4361138575514663E-017  -1.1469928700831007E-016   2.5954847479072565E-017   7.8892061035748087E-017   1.6347691634233994E-017   3.4290121283066875E-017   4.3558613158111903E-017  -4.1114615270880086E-017   5.6259312252597839E-017   1.1299447797541398E-017  -4.1520098394234809E-016  -3.8456000813421018E-016  -7.9932886419194662E-017   1.7642086612792497E-016  -1.5849434785841827E-017   2.3877696294173135E-016  -5.6710007776881350E-009   7.3009076170963228E-010   2.0656207098761873E-010   1.7963910153437985E-010  -8.9721684766865334E-011  -3.3143650383449893E-012  -1.3349233062368663E-017  -1.8046167642995585E-017  -2.4096496464706257E-018   4.6904506734631669E-018  -3.2295995470399618E-018   1.3219488632379596E-017   1.0876354068032441E-017   2.1638695301608302E-018   3.4539894736756172E-018   1.8319203560130919E-019  -2.7657318407947483E-010  -1.6005791102201180E-010   7.0415992371350326E-012  -1.6033362569626399E-016  -1.3366718279847038E-016  -4.7685415592527192E-017   6.9001549124933217E-017  -8.5501686698169732E-018   9.1329349642440798E-017  -9.8032633552582318E-010   4.8412776643270533E-011   1.9640916946054856E-012   2.2682000386288500E-011  -3.0385100018600169E-017  -3.3706208026400955E-017  -3.2401037469945643E-018   1.2343964719299182E-017   1.3468491939954947E-018   1.8040986389467318E-017
  -7.3243301626504938E-011  -6.9371210543249358E-011   8.3639116928779073E-011   6.5843973564715275E-011  -6.2855254434804301E-017   3.3348942807419398E-017  -3.6475704950243523E-017   4.6509311956931849E-017  -4.2624838927797231E-017   1.6346804235522168E-017  -2.1169638834755114E-010  -2.0051989182389825E-010   2.4172921323250665E-010   3.2106200935595666E-009   8.0732653144646973E-017   1.1036724657458128E-016  -2.7646413643987770E-017  -7.8962280049492987E-017  -1.7880889958193830E-017  -2.9351888204845238E-017  -4.1114615270880086E-017   4.2043855679338062E-017  -5.5206238768710086E-017  -1.0731175104193496E-017   3.1131970068022811E-016   3.7905051796355017E-016  -6.0811218703365623E-017  -1.0627832275751560E-016  -2.1409896145354710E-017  -2.0503816165921174E-016   5.8260462672654210E-009  -1.8599872526915109E-010  -1.7616162294541086E-010   2.1241456148056346E-010   7.8410894189510325E-011   3.7119790374040341E-012   7.6367644300906093E-018   1.1433433357316729E-017  -9.4752763229966561E-019  -1.4763964480268523E-018  -4.4361568664675183E-019  -8.7694115540094762E-018  -7.3553231683469162E-018  -2.0574331601425132E-018  -1.5652183789091529E-018   2.2397667465053796E-018   1.4485619598520324E-011  -1.5862683146435501E-011  -5.7164745306187345E-011   1.0692724163690524E-016   1.3495462134948962E-016  -3.0368156953821145E-017  -3.1131633618107715E-017  -6.0263041931574564E-018  -7.5792815717516750E-017   1.0064643238916969E-009  -2.0361633965321798E-011  -2.3527672551434710E-011   1.7427536099548548E-011   2.6947996467473698E-017   3.7183693986141748E-017  -5.8680098799069046E-018  -9.4812136901450362E-018  -2.8371784324082305E-018  -1.7466629353267985E-017
   1.8534712704257942E-010   1.2120810760921515E-010   7.3892983907530365E-011  -8.6969465102069621E-011   7.3471294462704621E-017  -4.7611652514285664E-017  -9.7200642136401993E-017  -3.0558034135130405E-017   1.8330531705533884E-017  -4.2914407205011404E-017   5.3567617463461279E-010   3.5029393753545498E-010   2.1356990285045148E-010  -4.2407656880184918E-009  -1.1003159143526763E-016  -1.4999840327200067E-016   3.4589728073977473E-017   1.0425135465782360E-016   2.2179514504128816E-017   4.3371402118305771E-017   5.6259312252597839E-017  -5.5206238768710086E-017   7.4518675880035285E-017   1.5366664347542680E-017  -4.4191717997441064E-016  -5.2141048036550809E-016  -4.9519351571652563E-017   1.8271332682561773E-016  -1.2457017897565522E-017   2.5919958669903375E-016  -7.6953550924938433E-009   4.7070984090241334E-010   3.0783341438002092E-010   1.8765238847607706E-010  -1.0526146632077121E-010  -4.8255342463586411E-012  -1.2260505291584251E-017  -1.8437721349288093E-017  -3.3450184598228732E-018   2.4302884640954118E-018  -3.8064443619887529E-018   1.4018943661556031E-017   1.1442068808012447E-017   3.2260029464788819E-018   3.0865510122818681E-018   8.8704177462018015E-020  -1.2564045962999314E-010  -1.1483631221685851E-010  -2.6143315321063686E-011  -1.5600298533383849E-016  -1.8712370370423832E-016  -3.0171784714829388E-017   6.4730633589181574E-017  -8.9180565362198790E-018   9.1268656204706710E-017  -1.3294738133122706E-009   3.8767647151143331E-011   2.0667572933044220E-011   1.8889220393936874E-011  -3.6460805769939862E-017  -4.8438330198766555E-017  -4.6121999128579539E-019   1.4674722980393898E-017   1.8877421791498431E-018   2.1785880241529267E-017
