 5.3827913981171106E-007  1.5653383932109574E-018  3.6988142096582976E-018 -1.0049898738987934E-017 -1.7404753349521859E-006 -2.3263759896339359E-018  1.4134332911714103E-018  2.0548381853812092E-015 -5.2853720547528619E-018  9.2779756372007423E-018  1.6475703725167043E-017  1.0579827166090584E-017 -2.2780159532518986E-018 -1.6897355324443306E-018 -1.2539456041939419E-017  4.0962325982327538E-015  5.3153086208571240E-018 -1.2045501863411866E-007  9.3374728348320560E-018 -7.3266827925551231E-018  1.5463061790540877E-006 -6.8013489881452468E-017  8.4147237448253092E-017  1.2774708027116955E-006 -6.2944871194873516E-017  7.8179678576614441E-017  1.1293093560357583E-014 -1.0374494195190466E-003 -5.5716065441857280E-015  1.1759195776405582E-014 -1.6795400168167171E-016  2.8676880335997503E-016  4.2378554448126064E-016  2.4331667477770776E-016 -3.6770156942525742E-017 -7.5227350199984893E-017 -1.4236944198581202E-017  5.6553843646793874E-019 -4.5386932042629768E-019 -4.8180093121424452E-018  4.6664956339409666E-019 -5.1453149481251589E-018 -7.1250589910240176E-019 -2.5567849591091616E-019  1.0388303226798588E-018  6.1993107179763820E-019  1.9608922206121587E-018  4.5293525710936185E-019 -4.3768333559272116E-018 -3.5778839819160750E-018  6.3514771626107784E-019  2.5111233912882991E-018 -1.7452524233059124E-015  2.9374667835220310E-015  4.3889248280197645E-015  2.5218820842802349E-015 -3.8621478125920699E-016 -7.7840735968175452E-016 -7.5878691278628195E-019 -7.7968794294068468E-019  2.3295349298351251E-018  2.3747437941252818E-018 -9.9841831658251960E-020 -1.9598058093989089E-018 -1.9530323916557127E-017  5.1550781152024372E-019  5.1770209472295567E-019 -1.4742495236065037E-017 -1.8461700095392995E-019 -1.3661351698187898E-017  1.1397769108376969E-018  5.5864416201791465E-019 -7.6254127022915539E-020  6.1959319707109964E-019 -4.9261526974285794E-019  1.8457835558033218E-019 -1.0986870974082934E-019  5.2449165016974062E-019  5.8029675168644003E-020  1.3306407635305258E-019 -4.9727982639525876E-019  5.9867191983629850E-020  2.3320534189612519E-019  2.6448479901077850E-020 -5.3408413791395997E-019  7.1907050854082650E-020  2.4204163502397520E-019 -5.0253817302123768E-020 -2.9004686457049437E-019  2.0405027199035228E-019  8.6961218748678918E-020  5.0029865462852450E-020 -2.8323341858630417E-019 -1.2356176007631113E-020 -1.1270563161156656E-019  2.5017992965595918E-019 -1.0879575104672268E-019 -6.6127353067849588E-020  8.6980382504145707E-021  1.5298036480460689E-019 -3.4609728483050894E-020 -2.1461780336483238E-019 -3.7036047244339372E-021  1.4588630627117805E-019 -5.3873126755853150E-018 -1.0456831759535058E-020  7.1759039116210374E-020 -6.0763841048767012E-018  4.8718633061728727E-020 -7.8534749877055694E-018 -8.4401304309745980E-020  1.1866741238226202E-019 -2.3256290995281869E-019  5.3681575275474338E-020
 1.5653383932109574E-018  5.3827913982203131E-007 -5.6363160497110642E-018 -8.6937791482671330E-018  6.1277539777928290E-019 -1.7404753349889728E-006  1.7224646592987712E-017 -6.4315653580015070E-016 -9.1808348909549601E-018  1.0611587787970454E-018 -1.7605131147271863E-018  2.6232132414520986E-018 -4.5133192360923383E-018  2.3249429427798106E-018 -3.9058825588944227E-019 -1.3350975978353238E-015  2.1599500081466272E-018  1.2194759811612460E-018 -1.2045501867092039E-007  1.3771941776640501E-017 -8.4884877415390864E-018  1.5463061793645926E-006 -1.1083606109326181E-016 -9.1581202258910722E-018  1.2774708030177929E-006 -1.0947736730629323E-016 -1.8800976712020638E-015  2.5529979606058699E-015 -1.0374494195289814E-003  5.2396780490793294E-015 -1.8193123871284973E-016  2.0526929532898312E-017 -3.0553769396429213E-017  8.5845675453256470E-017 -1.0758862651190511E-016  8.1007560088040234E-017 -4.9322098905559606E-019 -2.6900577248016136E-018 -1.0653150114200422E-018 -9.9090424742143136E-020  1.5895024961149927E-020 -9.6678505454677056E-020 -1.0499485354617334E-017 -1.6630039720041726E-018 -3.8051613527502234E-018 -3.2918703642976017E-018  6.2620075200349905E-018 -8.9325145127110632E-019  1.3359132858495832E-019  1.7636561903749965E-018  8.0746310054420234E-019  3.2321304396531858E-018 -1.8498596799040442E-015  2.1906200579151576E-016 -3.1445744979070850E-016  9.4959180617738100E-016 -1.1128987438305327E-015  8.9379553424540846E-016 -2.3879053740277036E-018  6.3168142884145460E-019  2.0018327609783768E-019 -3.3433429150862406E-019 -5.8538369738199611E-020 -1.4304842058358641E-018 -1.2977994017858117E-019 -1.5277298776794149E-017  2.0502292146031464E-019 -1.2815353149667629E-019  1.5060732334781390E-020 -1.8579575631738755E-019 -2.5652939067988570E-017  5.5320970140831144E-019 -1.4804853608121320E-017  5.8708887990891933E-019  1.3814703106477759E-018  5.5344226154672343E-020  1.7756243549868631E-019  4.7209959006442580E-019  1.7195075879171571E-019  7.2927501119491377E-019 -1.9215229829547299E-019  7.3384465726834067E-020 -2.9565809169190720E-019  1.8526105376726939E-019  1.2030143122281006E-018  2.3295957884926613E-019  4.7227231550847024E-019  2.7877232476569835E-019  1.0501901874741036E-018  7.5496532197789243E-019  4.8420771816438058E-019  1.7480708564751328E-019  3.5389729966437499E-019 -2.3182251201631403E-020  2.6883479706757099E-019  4.7149380308414188E-019  1.0361636817069602E-019  3.9519747531654728E-019  1.8201507792085608E-019  4.3710416561643096E-019  2.7432515820896010E-020  1.3629055696619943E-019  2.9291915286326830E-020  3.6409060962601202E-019 -5.8116032559218745E-020 -7.3260412736070598E-018  7.4827586084225346E-019 -3.3671157477609091E-020 -8.4670794389314274E-020 -1.7496296552482376E-019 -1.2448027300920504E-017  7.2906118740765186E-019 -9.5974160007872502E-018  1.2508070508416709E-018
 3.6988142096582976E-018 -5.6363160497110642E-018  5.3827913976370124E-007 -2.8098295618628539E-017 -1.9083546422520980E-017  1.5778764660747072E-017 -1.7404753348134301E-006 -4.7697129556366745E-016  1.9366239658212431E-020  1.6563961065672782E-018 -4.5386285620231369E-018 -3.5115488362854431E-018 -1.0179678761060203E-017 -6.1732270774070075E-018 -1.5563123933657409E-017 -1.1893097068729229E-015 -1.0484377523893884E-018  6.9723641130122170E-018  8.5870016435817065E-018 -1.2045501856569150E-007 -5.1413761697631307E-017 -7.1432723661684913E-017  1.5463061784619244E-006 -4.6201570926492560E-017 -6.4798920437466042E-017  1.2774708021736092E-006  1.3239645648359857E-014 -1.8889166760686177E-014  5.6197451206440883E-015 -1.0374494194727803E-003  7.2202407845627060E-017  4.6175911820906201E-017 -1.0744032303005282E-016 -4.0144112957186245E-017 -2.3696722437532066E-016 -5.3116232306173438E-017  8.6015886779700179E-019  4.2912398031521837E-021 -4.1930811819271371E-018  3.9028587421972298E-019 -1.4969228720856949E-019  5.3807673446063341E-019  5.5992753075227913E-019 -3.5041541922821358E-018 -3.4662458219514856E-019 -9.5420124701428379E-018  2.1463160984284452E-018  1.5444351369485154E-018  6.1127278611129825E-019  2.0434081963137253E-018  2.8414086233105353E-018  4.6583993452389357E-018  8.1040223690466413E-016  4.6183906905359755E-016 -1.1080301455050398E-015 -3.4591430579742566E-016 -2.4622673552282476E-015 -4.9088752281411507E-016  3.1704674844644425E-018 -7.7127149070016408E-019 -2.6213959229392702E-019  2.9170718044725126E-018 -1.0979674632417950E-018  1.3070290262156453E-018  4.6035123067615955E-019 -3.7807796797318459E-019 -1.5977953855989119E-017  3.9837696981078744E-019 -3.4140269881668607E-021  1.6562776941453651E-019 -1.5827434368505710E-019 -1.6325762057604503E-017  4.5502947649522193E-019 -2.8996764642339648E-017 -2.9441514960264390E-019  1.8145896797572660E-019 -1.0821701075843080E-022  2.5310574431826011E-019  5.2091186545991735E-020 -3.1266461771000735E-019  3.0098935911294256E-019  3.2452721574107575E-020  2.1226941578595164E-019  7.9248054097767449E-020 -4.0103382577688064E-019  3.2255777354441031E-019 -4.4901514559121772E-019  5.1200417844345313E-019 -3.4329379296496214E-020  6.7669855319808015E-019  3.6220711196997049E-020  2.2561093873874382E-019  2.0328397381026110E-019  5.6487015573445190E-021  4.5897778976421161E-019 -5.0612195388012775E-020 -3.6190281118689164E-020 -1.0050796801487644E-019  2.0585130400895992E-019  8.0642714543463377E-019  6.4235472570736037E-020  3.9254656530287265E-019 -4.6020989436955639E-020 -1.5169949316774411E-020  2.1913287648578676E-019  1.6163677415670971E-019 -8.4377092728485440E-018  5.8764703380400925E-020 -5.0546173526352720E-020  1.5880115510942711E-019  2.8558890861112263E-019 -1.1445168858842086E-017  1.5434600016722676E-019 -1.4789229781194722E-017
-1.0049898738987934E-017 -8.6937791482671330E-018 -2.8098295618628539E-017  1.7006884646037478E-005  4.2887947036212532E-017  1.5865571522768720E-017  7.3250070366038653E-017  1.7632834631164176E-003  5.1998893118073485E-016 -2.2758177629379583E-019 -3.0667760191679263E-017  5.3197671674028594E-016  1.0704429556807293E-017  6.8119234538461555E-016  5.8533969247258543E-007  3.7166761094806506E-003 -1.6820709766908027E-007  3.0858322889879660E-017 -5.6662834630786072E-018  5.4263014666523713E-017 -2.0396602150107240E-016  4.7899678243242874E-017 -4.8348935772200667E-016 -1.9688348594792151E-016  3.5802650603814919E-017 -4.5708317514381777E-016 -2.5522465732699699E-003  2.0947113882930161E-014  1.1781424625895396E-014  1.3091740491275358E-014 -4.4758607164989899E-016  1.4434986290292808E-016 -7.8389042153179505E-016  1.0620268469236969E-015  3.8566538116031535E-016  3.7946261030603526E-015  1.7136438126092727E-019 -8.1640789696059834E-020 -2.6229705291190789E-018 -1.6594510466304274E-019 -6.0217672706223979E-019 -1.9517920135446015E-018 -4.1111699543202105E-018 -2.5574975257189622E-018 -1.4042054274163897E-018 -5.7105947782050038E-018 -6.2454686205225087E-016 -6.2509472425664093E-019  5.8907223001354078E-018 -5.0389127734982954E-016  2.2768180032849040E-018 -6.4468367014618557E-016 -1.7269706624432001E-014  1.5040747129178404E-015 -8.1614927680198924E-015 -2.2345788620425876E-015  3.9916219294268661E-015  2.6046038758805927E-014 -6.2694227064885927E-016 -3.2439137622116969E-020 -3.1678977002619492E-018 -8.2335580824087745E-016 -1.6882756693552793E-019 -6.5588750891562011E-016  9.3845842138700509E-020 -1.2789763965475079E-018 -9.5750700853857551E-019 -4.3686775150114906E-019  6.1405007812251949E-021  7.2085328958730035E-019 -4.1856799809041239E-019 -9.6879459320958723E-019 -1.0784158094138289E-018  1.5457632462580750E-020  4.4976626139723676E-017 -1.3399408009255622E-019  8.5788489826410739E-020  1.1195675472386554E-017  9.1704122794498261E-019  3.2525438984031356E-017 -3.3634375534906359E-019  1.2586597198253349E-019 -4.1468195774605952E-019  1.6343113943371100E-019 -2.1679693345827036E-017  1.2259614076837715E-018  1.0967010726625017E-017  9.5630869035055077E-019  1.9758965220545678E-017 -1.1523185428108814E-016 -1.0960181059485321E-019 -2.6574097174799576E-019 -1.1418648865704337E-016 -1.7631988607314849E-019 -8.1257940506538448E-017 -2.5936046691671396E-019 -1.3699165615419885E-019  3.5588144984657299E-019 -2.4998385008308066E-019 -2.2979344685289947E-016 -2.8154163361536398E-020 -1.0930329939333294E-016  2.3969056440429708E-019 -1.1400961525008646E-016  1.4739300453641789E-018  1.7891468200263158E-018 -3.7168729725459442E-019  4.7777618695268330E-019 -1.3259438697142415E-019  9.2403828925762064E-019  1.7392325723725664E-018  1.6044377217037255E-019  1.0286155964276517E-018 -1.2711779672923583E-019
-1.7404753349521859E-006  6.1277539777928290E-019 -1.9083546422520980E-017  4.2887947036212532E-017  5.6276644728171168E-006 -1.0824498730765654E-017  1.8463835942560865E-017 -4.8715479912920654E-015  1.4055454948521762E-017 -1.4990991689320106E-017 -4.6261521386737743E-017 -2.7186939813437410E-017  5.5570191913827190E-018  1.4759607107282853E-018  3.9022753214992211E-017 -9.5696345565769148E-015 -1.6355607272491684E-017  3.8948005486005698E-007 -3.1461582987832979E-017  2.5284292472020156E-017 -4.9998366384200056E-006  2.3621536025301779E-016 -2.9254662466702803E-016 -4.1305825524262728E-006  2.1699258278983364E-016 -2.6969317282430927E-016 -3.3998994114269416E-014  3.3544958226785051E-003  7.0793522953526229E-015 -2.4292308616058464E-014  4.6345803468980934E-016 -5.3348964849461248E-016 -1.1863325784019960E-015 -6.0251959933481873E-016  7.1440390355443307E-017  1.3862401069929871E-016  4.6033829643445151E-017 -1.8286157252876615E-018  1.4675440660707784E-018  1.5578583212948002E-017 -1.5088677882560159E-018  1.6636895423630640E-017  2.3038212920015096E-018  8.2671254171977146E-019 -3.3589608441336843E-018 -2.0044892324009160E-018 -5.7229045536447131E-018 -4.5186343524313589E-018  1.2725370824580016E-017  1.0139841803530075E-017 -1.6856275196796028E-018 -7.3080283845204354E-018  4.8212274923199588E-015 -5.4327683685200839E-015 -1.2292116254113439E-014 -6.2522784170961070E-015  7.5886882852523021E-016  1.4367989475484455E-015  2.1353769635629218E-018  4.0944054160981053E-018 -6.7973483688180847E-018 -6.9423932317544746E-018  1.3321753936906523E-019  5.9188196700697215E-018  6.3149478674355840E-017 -1.6668463714256198E-018 -1.6739413808927758E-018  4.7668481715626600E-017  5.9694183334998265E-019  4.4172705041322893E-017 -3.6853622109479085E-018 -1.8063237323787865E-018  2.4656059908279672E-019 -2.0033967457340791E-018  1.5928254753055621E-018 -5.9681687713336331E-019  3.5525021359669717E-019 -1.6958947745296330E-018 -1.8763353594258986E-019 -4.3025026548119103E-019  1.6079078834723553E-018 -1.9357497497409806E-019 -7.5404769669259335E-019 -8.5518690032005110E-020  1.7269111883096446E-018 -2.3250473438242036E-019 -7.8261902528609319E-019  1.6249102561664962E-019  9.3783945262835058E-019 -6.5977750045885151E-019 -2.8118098046288215E-019 -1.6176689823664110E-019  9.1580881123648789E-019  3.9952541316802044E-020  3.6442313561723332E-019 -8.0893344107376681E-019  3.5178090185728853E-019  2.1381662131343099E-019 -2.8124294443535275E-020 -4.9464772429972700E-019  1.1190732523768610E-019  6.9394662661536381E-019  1.1975260030471688E-020 -4.7170974859641059E-019  1.7419372478024046E-017  3.3811188971857817E-020 -2.3202615212072877E-019  1.9647420600272214E-017 -1.5752715073867356E-019  2.5393478028045294E-017  2.7290373609324251E-019 -3.8369999681007109E-019  7.5197045288278689E-019 -1.7357436074771199E-019
-2.3263759896339359E-018 -1.7404753349889728E-006  1.5778764660747072E-017  1.5865571522768720E-017 -1.0824498730765654E-017  5.6276644729471126E-006 -4.7786634268776987E-017 -1.0063942390510864E-016  2.6691155863503587E-017 -1.8410851297042664E-018  2.6029360365445268E-018 -4.5453556513544670E-018 -6.9045616039548205E-019 -8.4598288560046522E-018  3.3047195935929106E-018 -1.9852450678273685E-016 -8.0862329983571635E-018 -4.5550917274246686E-018  3.8948005497981669E-007 -4.3982979879567195E-017  3.5303380329467680E-017 -4.9998366394338134E-006  3.5135244289456242E-016  3.6102661794332525E-017 -4.1305825534241200E-006  3.4818051626530447E-016  2.5767810685527943E-015 -1.3526072623060159E-014  3.3544958227172137E-003 -1.2228282622595006E-014  5.0970377918380288E-016 -2.4656021521959567E-017  1.7738592844172692E-017 -1.7429751909578724E-016 -5.3097276197788286E-017 -2.8665294479453674E-016  1.5947840118656146E-018  8.6980504599639627E-018  3.4445966120692159E-018  3.2039963547479399E-019 -5.1395078957837432E-020  3.1260091967635042E-019  3.3949105469393522E-017  5.3771680549007751E-018  1.2303633914386322E-017  1.0643955433538127E-017 -1.9638316353524375E-017  2.5646774854016353E-018  1.9673842325516240E-019 -6.5036774364996443E-018  4.9929093323783740E-019 -1.0259032358122008E-017  5.1703230316938084E-015 -2.7762305958396413E-016  1.7992934035878086E-016 -2.0041441286495118E-015 -5.4139154207807471E-016 -3.1452511977079632E-015  7.4071816047368258E-018 -1.8757936131183264E-018 -9.7115202826486256E-019  1.4937131401997280E-018 -1.4129469461825460E-018  4.5265501172037417E-018  4.1963131782890096E-019  4.9397719025603203E-017 -6.6292247175895981E-019  4.1437247725064387E-019 -4.8697471658988444E-020  6.0075322868046734E-019  8.2946383046866786E-017 -1.7887519116062713E-018  4.7870111688849664E-017 -1.8982970716450551E-018 -4.4668552503778617E-018 -1.7895038731441776E-019 -5.7413155469805596E-019 -1.5264899407329489E-018 -5.5598672209122195E-019 -2.3580426503370266E-018  6.2130651367004257E-019 -2.3728181740683544E-019  9.5598283141712175E-019 -5.9902431798536811E-019 -3.8898344432876240E-018 -7.5325304487205611E-019 -1.5270484322971657E-018 -9.0138428087673349E-019 -3.3956919063661637E-018 -2.4411098714524683E-018 -1.5656404421524714E-018 -5.6522238825158424E-019 -1.1442938722376657E-018  7.4957644503824856E-020 -8.6925221310285143E-019 -1.5245311849432203E-018 -3.3503385095837723E-019 -1.2778341335387257E-018 -5.8852875819738532E-019 -1.4133355035906680E-018 -8.8700478393437606E-020 -4.4068278945616396E-019 -9.4712672927399131E-020 -1.1772529882209430E-018  1.8791276447146080E-019  2.3688070364458788E-017 -2.4194801232189235E-018  1.0887254351462366E-019  2.7377510723792567E-019  5.6572641122840725E-019  4.0249533901099039E-017 -2.3573512708880385E-018  3.1032348447537236E-017 -4.0443678005106126E-018
 1.4134332911714103E-018  1.7224646592987712E-017 -1.7404753348134301E-006  7.3250070366038653E-017  1.8463835942560865E-017 -4.7786634268776987E-017  5.6276644724217481E-006  1.0099673546947213E-015  7.2748473565689419E-018 -1.0202374087958750E-017  6.6634947993849343E-018  5.7827246601706922E-018  2.2324779955112237E-017  1.8194627622954509E-017  4.6219097507665384E-017  2.6099041006234700E-015  5.3008620298629968E-018 -2.5537123534809692E-017 -2.7541514507987606E-017  3.8948005464249191E-007  2.0465859193754998E-016  2.2809898467373224E-016 -4.9998366365526444E-006  1.8112642847609154E-016  2.0714825999810009E-016 -4.1305825507255323E-006 -3.2586518830992696E-014  3.5301568526019255E-014 -1.6243842208829519E-014  3.3544958225606688E-003 -4.0959786991497443E-017 -2.7645632383858310E-016  1.3720866661862068E-016 -1.6368287713362462E-017  4.8837369510824859E-016  1.2541694898444599E-016 -2.7812433791635274E-018 -1.3875323184017462E-020  1.3557936458790642E-017 -1.2619529301610512E-018  4.8401603268585156E-019 -1.7398208762868157E-018 -1.8104733855812280E-018  1.1330355368637708E-017  1.1207782193285005E-018  3.0853206304939300E-017 -8.4330311404612848E-018 -4.0075463517616653E-018 -3.4616609865838478E-019 -5.4734035518656427E-018 -7.0323921217532209E-018 -1.4703146873268368E-017 -6.3290434929829540E-016 -2.8060754621748146E-015  1.4126207652725086E-015 -3.9064827373380943E-016  5.0929909759790440E-015  1.1089132376526733E-015 -9.4822148224905198E-018  1.9857621685442700E-018  7.7235368038629471E-021 -1.0016150829654106E-017  2.4399850346460820E-018 -4.4112804961251738E-018 -1.4885027180456891E-018  1.2224798051893469E-018  5.1663221798545743E-017 -1.2881147324686457E-018  1.1038937465260586E-020 -5.3554192669833091E-019  5.1176531097504610E-019  5.2787827140717294E-017 -1.4712953223248382E-018  9.3758330801262217E-017  9.5196389462367627E-019 -5.8673062860938906E-019  3.4990958630681797E-022 -8.1839378945535107E-019 -1.6843198752329612E-019  1.0109718454053330E-018 -9.7322098681662984E-019 -1.0493284483170164E-019 -6.8635333456963282E-019 -2.5624118288569560E-019  1.2967054281027730E-018 -1.0429604408796595E-018  1.4518485451333571E-018 -1.6555177009325674E-018  1.1100084257013215E-019 -2.1880415821576223E-018 -1.1711628744111819E-019 -7.2949190326738914E-019 -6.5729974658644516E-019 -1.8264549043481196E-020 -1.4840618242637019E-018  1.6364980769029016E-019  1.1701789458932328E-019  3.2498312929659410E-019 -6.6560096949247383E-019 -2.6075068712514147E-018 -2.0769940241780567E-019 -1.2692626632107814E-018  1.4880457192405595E-019  4.9050615053577948E-020 -7.0854569398906009E-019 -5.2263741585349232E-019  2.7282545034472184E-017 -1.9001018118132269E-019  1.6343633218166289E-019 -5.1346870665479808E-019 -9.2342506815589448E-019  3.7006884774197942E-017 -4.9906337895704963E-019  4.7819593503766460E-017
 2.0548381853812092E-015 -6.4315653580015070E-016 -4.7697129556366745E-016  1.7632834631164176E-003 -4.8715479912920654E-015 -1.0063942390510864E-016  1.0099673546947213E-015  2.2972250717870663E-001  6.5194351836500055E-014 -5.3281092627971768E-016  3.7953815715264885E-016  6.1226427206265519E-014 -5.2796709712403077E-016  6.4790794843891428E-014 -6.6182115207456704E-005  4.8008827189936837E-001  4.5569408834477411E-005 -3.1827634596302118E-015 -1.2700372393196539E-015  9.0111274408231659E-016  3.2287098891977116E-014  9.5765501163840428E-015 -1.1027977727651237E-014  2.9163490803813052E-014  7.6773138657941922E-015 -1.1046207339281631E-014  1.0419597304126393E-002 -4.1946996610464756E-014 -2.0632477465102404E-014 -4.2841726955048701E-014  1.3112149549887439E-013 -1.5194795607555927E-015  3.6827124274993951E-015  1.5575401452522608E-013 -1.8886161998301257E-015  1.3919799694911067E-013  3.0721559853608530E-017 -2.2232775775399508E-016 -1.6795598608359147E-016 -1.6585144741520715E-017 -5.1625974093290928E-018 -4.4991339309543512E-017 -4.5583688893963950E-016 -2.1696458287914084E-016 -2.5380612046499898E-016 -4.7985554467359873E-016 -7.3083201300945577E-014  1.2228247113899131E-017 -3.5461616361023370E-016 -6.2760217056834558E-014  5.8209025955563141E-016 -7.4581159551063918E-014  8.0334999225958553E-014 -1.2654984234211920E-014  3.1405333762496634E-014  2.5756242765729404E-013 -1.8333533028004762E-014  9.0260453253374776E-014 -1.4250614787947325E-014 -1.8171708250947904E-017  1.4985815637706749E-016 -3.1827482419552480E-014 -2.1970385087432481E-016 -1.9090960809280704E-014 -9.3765253696938094E-017 -1.6644317156715930E-016 -8.0528794366768428E-017 -4.2284910467851577E-017  2.3802457961515368E-018 -5.9660054816601642E-017 -2.8124029337767541E-016 -8.1992747751465955E-017 -1.3813050080628016E-016 -1.8928460358774731E-016  1.8031402824809057E-014 -4.2855892823357803E-017 -9.0637854762280430E-018  8.2186576020340184E-015  3.7993625046218235E-017  9.0076057176361795E-015 -4.4364816879340870E-017 -1.5137652623182225E-018 -2.9758989667792059E-017 -2.9495122346628755E-018  1.1065061436940712E-014  7.8121514262309813E-017  7.1009228553824742E-015  8.7688614300105094E-017  1.1513684144405462E-014  4.2061700558726816E-015  5.2185397517790838E-018 -3.6071183290678634E-018 -9.8674551351997756E-016  8.1435211693957233E-019  9.5230800922471406E-016  3.8630657701703799E-018 -4.9832938784530175E-019  1.8118902750970081E-019 -2.0137759639375413E-018 -4.9690926111587617E-015 -7.0717050744899364E-018 -1.6705665882439645E-015 -9.9027114884643655E-018  1.3702843162294491E-015  1.1212571007616831E-016  4.3607353602588216E-017 -1.9455648868558232E-017  5.7109920273926262E-017  1.0727262229796269E-018  6.1766208200007442E-017  9.3479411085850051E-017 -2.2289625019269910E-017  4.3745331017673091E-017 -4.4001797825684901E-017
-5.2853720547528619E-018 -9.1808348909549601E-018  1.9366239658212431E-020  5.1998893118073485E-016  1.4055454948521762E-017  2.6691155863503587E-017  7.2748473565689419E-018  6.5194351836500055E-014  2.5569317358876041E-005  3.2631944283784098E-019 -1.8625513356194064E-017 -1.2784658679421378E-005  3.2253744082022875E-017 -1.2784658679420487E-005  1.6994236268902480E-016  1.3751164840822249E-013  2.2747125736173053E-016  1.3599728737372652E-017 -9.9774085920202246E-019  3.0377641335685129E-018 -1.2155601518684353E-016 -1.4119629869351419E-016 -1.3472182764139189E-016 -9.8417005306855233E-017 -1.4573774365096876E-016 -1.7163850917481090E-016 -6.5307944203206119E-014 -2.2342210737869316E-015  4.5616292005785120E-015  5.8233440851612145E-015  6.7081636793104812E-004  2.6314264352524824E-016 -2.8139112134148412E-016 -3.3540818396520476E-004  8.9748222959223655E-016 -3.3540818396581831E-004  9.7214095680322678E-018 -3.8411798105629281E-018 -9.0534021459349092E-018  4.8772928463291975E-018  1.1995080302778416E-018  3.5240633750931314E-018 -8.7898480234958250E-018 -1.0427180536401861E-017 -3.8108096777464371E-018 -2.5515653664611282E-017 -5.2031611700969107E-006  9.7840775737302293E-018  1.2630531792868380E-017  2.6015805852278658E-006 -1.5445936960641678E-017  2.6015805850225311E-006  6.9258080719680256E-003  2.5813227423571663E-015 -2.8835983080525419E-015 -3.4629040359812884E-003  9.3177418905524482E-015 -3.4629040359864540E-003  2.6804633996074470E-006  6.0300804911037612E-019 -1.1094583126875345E-017 -1.3402317000901958E-006  9.7965183700986534E-018 -1.3402316998249792E-006  2.4706572348004668E-018 -4.9144093103554254E-018 -7.2416077785971189E-018  3.4876970274377368E-019 -5.1597109940083272E-019  1.5093282090708652E-018 -1.1128874059430232E-017 -7.4642243050307611E-018 -4.7827277570351262E-018 -1.3681624268793508E-017  2.7004469948264844E-016  4.8251385907545725E-018  1.7113285539376147E-019  5.1943319622074384E-017 -1.5446848857714460E-018  6.9516883279265670E-017  5.5675268082116604E-018 -4.8019781850531338E-019  2.5808088374225217E-018 -1.9811108622604900E-018 -9.4465635091102520E-017 -1.5240397043699063E-018 -1.5666114396813200E-017 -6.6226751634672821E-019 -6.2280376795301301E-018  1.9552131282068032E-016  1.3482416949953562E-018 -2.7359587456325494E-018  2.8134106680567666E-017  7.0642054439034161E-019  4.5958159982116317E-017  1.2924658657343240E-018 -2.1059304932162876E-018  1.5616358516691452E-019 -3.9875110489288517E-018 -1.7567100537997933E-016  2.5961226997388002E-018 -7.1829995912069098E-017  2.5284653146423272E-018 -4.2900030606891210E-017  2.4890341081128847E-018  2.5618272097143784E-018 -8.0761504003027809E-019  1.1195300660072322E-018 -8.0038409290144105E-020  1.2622231157903619E-018  5.4943344439106664E-018 -9.0247946363416401E-019  2.6193397855507268E-018 -1.9856426119847016E-018
 9.2779756372007423E-018  1.0611587787970454E-018  1.6563961065672782E-018 -2.2758177629379583E-019 -1.4990991689320106E-017 -1.8410851297042664E-018 -1.0202374087958750E-017 -5.3281092627971768E-016  3.2631944283784098E-019  2.5569317358977597E-005 -6.3189981354158016E-018  1.6967975757538486E-017 -9.0750547486009202E-018  1.8854529889407098E-017 -1.5101891212923295E-018 -1.1021656969227361E-015 -1.1942713525769211E-017 -8.3556148495951073E-018  5.6030236215602148E-018 -1.5397966295273323E-017  1.0329319117565861E-016  4.5217212941627114E-017  1.3455303892590978E-016  9.9097140372650306E-017  7.9195306624222589E-017  1.3300237692301011E-016  1.5282753246549831E-015  3.0285068161900635E-015 -5.0804311017662290E-016  1.0705044699031351E-016 -2.0925101928979934E-016  6.7081636793216311E-004 -5.5125327723783296E-017  3.2907568813968450E-016 -2.0625209913994468E-016 -2.0240699307638783E-017  3.2307001456331275E-018  9.1005999254210091E-018  2.8841354985782580E-018  2.4256370613656621E-018  7.5540891972480302E-019  2.7688706545726588E-018  2.3133329512954674E-017  3.2204210869768452E-018  1.2303155632206236E-017  4.9033293461777050E-018 -2.0703338115359006E-017 -5.2031611704406418E-006  7.1890068513644835E-018 -2.9514995395874060E-017 -1.6304970644422480E-019 -2.1106578737806280E-017 -2.4994112682301325E-015  6.9258080719820135E-003 -5.8201666684915332E-016  3.0327303168741539E-015 -2.0698706962827731E-015 -4.9656459499704561E-016  1.1345821039972923E-017  2.6804633997678099E-006 -3.3704731373007737E-018  1.7565557501900662E-017 -4.2386715684780713E-018  1.4142538543356431E-017  2.5248516172736862E-018  4.4958679312236399E-018 -9.0482061511091705E-019  1.2216506413328601E-018 -3.8127464382443492E-019 -6.2491205303521415E-019  1.0517972583514224E-017 -4.5308704822092850E-019  4.8673231105534238E-018 -1.8121999347142797E-018 -1.2482997467081798E-018  2.2518581419436519E-017  3.7773247440715603E-020 -1.6873168570187362E-018  1.4569642399011764E-020 -2.2693992907719200E-020  1.9641520778720007E-017 -1.2630657389799563E-019  1.8723405578056571E-018  9.9593875270475501E-019 -2.2941659935404346E-018 -3.1445410271783499E-018 -8.7124345269288452E-019 -2.7251856937169861E-018  1.4487407394648200E-018 -1.2819056349381608E-018  1.0360531952191579E-016  6.2389114892203160E-019  4.1551662785769258E-019 -2.8814839817478340E-019  2.2817286623121561E-019  1.1956716518063414E-016 -5.1477869687783462E-019  4.9267554067820879E-017 -3.8311921375899296E-019  1.5535630573975868E-018 -1.8727431069024408E-018  9.5903462235726330E-019 -1.4429341689248939E-018 -3.4598609927844713E-019  1.5482198789495921E-018  3.2438105375014149E-019 -2.1518326992751175E-019  7.3829333210281538E-019 -7.1639702068629872E-020  8.9840437727370951E-019  1.0868917544963704E-018 -4.0570427075952962E-019  4.4996872573019578E-019 -1.0192257633642165E-018
 1.6475703725167043E-017 -1.7605131147271863E-018 -4.5386285620231369E-018 -3.0667760191679263E-017 -4.6261521386737743E-017  2.6029360365445268E-018  6.6634947993849343E-018  3.7953815715264885E-016 -1.8625513356194064E-017 -6.3189981354158016E-018  2.5569317358949082E-005 -1.8953950381486961E-017 -5.6981494548572886E-018 -1.4298352901016018E-017 -2.2457825501670844E-017  5.8044355561578341E-016 -7.4514861302826494E-018 -3.2423650344413905E-017 -8.9749161026694701E-018  5.5796354443778570E-018  3.2046495605815847E-016  1.9526278430876614E-017  1.3140870427603037E-017  2.8867120361689791E-016  1.0189416995557139E-017  3.0230860482738346E-017  2.0270256380401576E-015 -5.2939711725299504E-016  1.1707733447125027E-015  8.6076523335462770E-016 -2.5037616294468847E-016 -1.0774724957196127E-016  6.7081636793183839E-004  2.1778911140234432E-017  2.0099668321866809E-017  1.3725321877314081E-016 -3.5023593564530369E-018 -1.3568861627131135E-018  3.9942690580285544E-018 -2.2257095559406567E-018 -2.9358370499329130E-019 -2.7965665021623771E-018 -3.0719234410631620E-018  2.1101712247470181E-018 -1.7368720317796700E-018  8.1603501910763676E-018  1.7820858526064454E-017  2.8757099431528194E-018 -5.2031611704078506E-006  1.3815676469871109E-017 -5.3869078601322854E-018  1.6822630197719890E-017 -2.2001443635712785E-015 -1.1175447774212612E-015  6.9258080719781330E-003  4.2976418864857891E-016  2.3826528586491063E-016  1.6183343727590686E-015  1.1396245970199855E-017 -9.1512612440741732E-018  2.6804633997425844E-006  1.9081508249515611E-017  1.1037733898555632E-017  1.1899621769209909E-018 -3.5997814016346752E-019 -4.0152404533960555E-018  2.9225651912020577E-018 -7.3143842432651308E-020  2.1792776189709162E-019 -1.6817565178900681E-019 -6.2292435337481755E-018  2.5110396174837715E-018 -3.3694517039074452E-018  6.5226890022291938E-018  5.7663533146188089E-018 -2.2046387862607744E-018  3.1830138564038722E-017  5.5992987391505981E-018  8.0950555431645325E-019  3.2589112207963881E-018 -2.7868369389908004E-018  1.2869064205719193E-017 -3.4004013401339846E-018  3.8176448816826882E-017  1.1160659135897595E-017  2.6239117621363862E-018  1.8915744153590518E-018  2.1339252568439992E-018 -4.1776027680275361E-018  5.6518336738988977E-018 -3.7758151285123070E-018  1.0743630883492578E-016  4.5682093129482350E-018  1.8813103979107681E-018  2.1844751868735877E-018 -4.1290787201882005E-018  5.6540096383035066E-017 -2.6906295740410055E-018  1.0993144117114987E-016  1.0126712037846023E-017  3.9117647916939521E-018  2.6415883857983548E-018  3.8477423500139739E-018 -1.4291354938916535E-018  1.0075635817620598E-018 -2.6952403619261104E-019 -1.3145850375842441E-018  4.1200075845039393E-019 -9.3901497579981036E-020  4.9875408290599051E-019 -2.3675802853899330E-018 -1.0817200736450168E-018 -9.9630569257798880E-019 -3.5017893816676539E-018
 1.0579827166090584E-017  2.6232132414520986E-018 -3.5115488362854431E-018  5.3197671674028594E-016 -2.7186939813437410E-017 -4.5453556513544670E-018  5.7827246601706922E-018  6.1226427206265519E-014 -1.2784658679421378E-005  1.6967975757538486E-017 -1.8953950381486961E-017  2.5569317358942957E-005  1.0334543110331312E-017 -1.2784658679498634E-005 -2.4151588969021489E-016  1.2732815372762490E-013 -1.5416070902906711E-016 -1.4329528561518251E-017  1.2390030881117299E-017 -3.6318178210247037E-018  1.2919943201905711E-016  2.0723698337315165E-017  1.4625523069391783E-016  1.1076829125059265E-016  2.9538503833533670E-017  1.9389268313482631E-016 -5.8890686875784950E-014 -2.4434069912709580E-015  1.7034990867940937E-015  4.3298226579859365E-015 -3.3540818396531199E-004  1.4334507972914993E-016 -5.4357322950510908E-016  6.7081636793189954E-004  2.6727616430785445E-016 -3.3540818396639543E-004 -3.8749105651419946E-018  1.8384649272639084E-018  1.2151901274154524E-017 -6.7544167429372345E-019 -3.8662826866313318E-019 -1.8442387746467948E-019  5.7104141294096580E-018  1.0929400692756204E-017  5.5835083883797242E-019  3.2600253662916054E-017  2.6015805849577093E-006 -8.9691789389209863E-018 -3.5300362775817243E-018 -5.2031611704977343E-006  3.1301242299164735E-018  2.6015805850704799E-006 -3.4629040359820760E-003  1.5900909061620464E-015 -5.6315222667442819E-015  6.9258080719768354E-003  2.8008940110756762E-015 -3.4629040359952087E-003 -1.3402316997397861E-006 -1.5171683574261351E-018  5.4523312291929844E-018  2.6804634001191566E-006 -6.5948694871974205E-018 -1.3402316997562052E-006 -8.3803292911479568E-019  4.9297017440137979E-018  7.9899832576614887E-018 -1.4435607517520330E-018  4.5869562690423091E-019 -1.5095167675903606E-018  1.1018489026869466E-017  8.7846370846477540E-018  5.2314195185235444E-018  1.5933662677335917E-017 -1.6576609688612673E-016 -3.6507112594053602E-018  9.1651484013561009E-019  1.3448853044257201E-017 -1.4221319666654826E-019 -6.1543181560246993E-017 -5.4974460733992136E-018  1.4732301691759262E-018 -1.8823919083882493E-018  1.1077462714883683E-018  2.4278627758820715E-016 -2.2047255842545649E-018  1.6414976438734724E-017 -6.1685189248068452E-019 -6.8843032715110668E-017 -1.1482900891520785E-016 -2.2627903393150317E-018  3.3899681322540953E-018  6.4130678346954787E-017 -1.2113120422558496E-018 -6.3775695370034531E-017 -1.6882550699695560E-018  2.2123166566463257E-018 -1.0546093471570973E-018  3.2513980268676415E-018  3.6838542031627997E-016 -3.9772776266265056E-018  8.1923913157377162E-017 -2.7223219070081029E-018 -7.7651848290471256E-017  8.2810086511000712E-019 -1.8331226710188629E-018  1.1224163593070429E-018  5.7514529852500055E-019  1.0864585205365983E-020  3.9701029885505892E-019 -3.8780181634781808E-018  8.6099053987219387E-019 -2.1772729851431053E-018  2.2939880150131462E-018
-2.2780159532518986E-018 -4.5133192360923383E-018 -1.0179678761060203E-017  1.0704429556807293E-017  5.5570191913827190E-018 -6.9045616039548205E-019  2.2324779955112237E-017 -5.2796709712403077E-016  3.2253744082022875E-017 -9.0750547486009202E-018 -5.6981494548572886E-018  1.0334543110331312E-017  2.5569317358985159E-005  9.3082038759451830E-018  8.5527282819798368E-018 -1.0132288616026170E-015  2.0977574760640533E-017  5.1050824321445607E-018 -7.3089523075411021E-018 -4.2576887954742310E-018 -4.7119582876132963E-017  6.7812475124839207E-017 -8.9913210313307462E-018 -4.4223322573636086E-017  5.6819319958942394E-017  4.8715272268637381E-018  3.0770177787102473E-016  1.6408113067205982E-015  7.8857308153408779E-016  2.1129932354423406E-015 -5.4127099395565039E-017 -3.5008083468252018E-017 -1.8858892109085433E-016  1.6227457202999689E-017  6.7081636793228823E-004  9.0522411073004807E-017 -8.4801936713796590E-019  5.2336343304486574E-019  4.5109253505896200E-018  1.8099038926781246E-018 -4.5006714123839135E-019  1.1955567208603920E-018 -9.1564340115192447E-018  2.6031052399024261E-018  1.0411441424012877E-019  2.7110708463453170E-018 -1.0808299225507766E-017  4.2739992116696790E-018 -2.3003934194120112E-018  2.4922819508570210E-018 -5.2031611704333081E-006  5.0570910977145051E-018 -5.5989555439779778E-016 -3.7583698902616133E-016 -1.7740198754987626E-015  4.2399081204899166E-017  6.9258080719829277E-003  5.7710726388851552E-016  6.6335319089258397E-018 -6.0021867200363976E-018 -6.1203581559364338E-018 -2.5894339828073437E-017  2.6804633998500767E-006 -1.2866357676941493E-017  1.0025022090207276E-018 -1.8062901369548995E-018 -2.3246699027418452E-018  2.4002759690203558E-019  1.6253427995768697E-019 -6.0735688142317089E-019  2.8510911439676201E-018 -3.3118371989001851E-018 -2.0454857834766773E-018 -1.2273291841858458E-018  1.1186337919116529E-017 -2.8304613672681758E-018 -1.9760077228125624E-018  2.7879004012821267E-018  3.2227574426887117E-017  5.3556957815132815E-018 -3.0641321634414242E-018 -8.6221839813444460E-019  1.7395503735105202E-019 -2.0171110412882328E-018 -4.4326983604809705E-018  7.6305192453426137E-017 -1.6090865678217954E-018  7.8635112879226896E-017  5.5625027993171387E-018  8.7480163232564372E-018 -1.3699526120971344E-018 -5.6027780445518209E-018 -1.4544317383527638E-018  5.8863198374109184E-017  2.3744157829921235E-018 -9.0922376950917605E-019 -2.7245394881717433E-018  4.6713159158979458E-019 -5.5540051959024644E-018 -1.0849830822659251E-017  1.4792862408537282E-016 -4.2464226541588936E-018  1.3358875488733301E-016  2.4258926292856194E-019  4.2553462889435223E-020 -4.4870323316154406E-019  4.8772690797188462E-019 -5.7618807470718395E-021 -9.5255568067452513E-020 -9.6651358772470330E-020 -2.2274117050671379E-018 -8.1159189729356282E-021 -2.2006708091568169E-019 -1.1091370769512957E-018
-1.6897355324443306E-018  2.3249429427798106E-018 -6.1732270774070075E-018  6.8119234538461555E-016  1.4759607107282853E-018 -8.4598288560046522E-018  1.8194627622954509E-017  6.4790794843891428E-014 -1.2784658679420487E-005  1.8854529889407098E-017 -1.4298352901016018E-017 -1.2784658679498634E-005  9.3082038759451830E-018  2.5569317358862007E-005  1.0007354254768277E-016  1.3718621592885554E-013 -7.4981260383617618E-017 -7.6857040597003033E-020 -1.0445109731229757E-017  2.7569595437377074E-018  2.7118054734036028E-018  1.0831344955408520E-016 -3.9299076305211030E-017 -3.7963863204390907E-018  1.0615403638562067E-016 -4.5192604514229697E-017 -6.8366579778165750E-014 -2.2699089234720281E-015  1.8927023661620487E-015  8.4754088653502633E-015 -3.3540818396483960E-004  5.4189102207129327E-016 -5.3606343539474999E-016 -3.3540818396609272E-004  1.9675220111950852E-016  6.7081636793071527E-004 -5.8464990029515363E-018  2.0027148832744275E-018 -3.0984991283718099E-018 -4.2018511720689098E-018 -8.1287976165352735E-019 -3.3396394978120576E-018  3.0794338937390239E-018 -5.0222015652530451E-019  3.2524588387951167E-018 -7.0845999986546008E-018  2.6015805851322477E-006 -8.1710092048110456E-018  1.4562613944572738E-018  2.6015805852652005E-006  1.7552772599491162E-018 -5.2031611700813880E-006 -3.4629040359766936E-003  5.6200703812911063E-015 -5.5368036544503869E-015 -3.4629040359893323E-003  1.9382553288016269E-015  6.9258080719661920E-003 -1.3402316998640784E-006  4.7037063050050972E-018  2.0377759831103663E-019 -1.3402317000265550E-006  2.2387080795464366E-018  2.6804633995751971E-006 -1.6326243058290889E-018 -1.5292433657219097E-020 -7.4837547888107193E-019  1.0947910488597849E-018  5.7275472495440234E-020  1.8855846562408230E-022  1.1038503270170963E-019 -1.3204127794305369E-018 -4.4869176148794269E-019 -2.2520384080850948E-018 -1.0427860258835870E-016 -1.1744273313380084E-018 -1.0876476955933861E-018 -6.5392172663318790E-017  1.6868980825753484E-018 -7.9737017142783534E-018 -7.0080734827296434E-020 -9.9303235068822732E-019 -6.9841692906109440E-019  8.7336459069864424E-019 -1.4832064249580395E-016  3.7287652888671099E-018 -7.4886203934492220E-019  1.2791194090588868E-018  7.5071070398832133E-017 -8.0692303913035944E-017  9.1454864445854284E-019 -6.5400938687574317E-019 -9.2264785036313630E-017  5.0489149796662514E-019  1.7817535381905599E-017  3.9578920439035267E-019 -1.0638616356289463E-019  8.9844576208992005E-019  7.3611302179897452E-019 -1.9271441495479524E-016  1.3811549271697501E-018 -1.0093917254096825E-017  1.9385659264386509E-019  1.2055187888871977E-016 -3.3171349731143478E-018 -7.2870453849102529E-019 -3.1480131916007918E-019 -1.6946753645191045E-018  6.9173824076532182E-020 -1.6592334146097841E-018 -1.6163162801775758E-018  4.1488923970590106E-020 -4.4206680024320153E-019 -3.0834540278941108E-019
