  0.38289076805596384       -1.2193238926249902E-008   5.0238350636675652E-009   2.0077417672316049E-008  0.58485033439016998        5.1364839637562634E-010   2.0811895816196214E-009   1.6248416597640429E-008  -3.2464474430449595E-008   5.4935042044074203E-008   7.4073231140603252E-009   1.7532277478608883E-008   3.3225885293207743E-008   1.4932197539762691E-008   4.1031904683581834E-003   1.4501317276861259E-009  -2.1737728512457519E-010   1.5305123534068607E-009  -3.3282031644171620E-010  -2.0714007829794378E-009   1.0736358355399943E-008   3.1664283599772678E-009   1.4255072059061412E-009   6.4429362860889998E-009   6.4589386251926899E-010
  -1.2193238926249902E-008  0.38289073352654074        1.7845277118038155E-008  -3.9865841163568309E-009  -8.0870104080514203E-009  0.58485032366767109        9.9948149629044519E-009  -1.0710274529236730E-010   3.3296876339706617E-008  -5.5252086958434864E-008   4.6715730139643916E-008  -8.9749217515666486E-009  -5.6236385003242477E-008  -2.4321954388514398E-008   9.7109573927056001E-010   4.1031936347314200E-003  -1.3380050577130763E-009   1.2095747379443007E-009   1.9182308480307172E-010   6.5836959142792908E-009  -7.1134667188053834E-009   9.2406735576635711E-009  -1.9509242275246469E-009  -9.7649714619746471E-009  -4.6327711882382972E-009
   5.0238350636675652E-009   1.7845277118038155E-008  0.38289079232884071       -1.4357742212061096E-009   1.0376160428820446E-009   1.0879446584209163E-009  0.58485034192672369        1.0775366526736511E-008  -3.4068925198209612E-008   4.7651689735919515E-008  -2.0360517511903876E-008   4.2396168705578543E-008  -4.0736833778590950E-008  -8.3272428017398176E-009  -2.8377241007699183E-010  -1.8362755350254319E-009   4.1031885451711754E-003   5.3610819798116154E-009   5.0265391557430807E-010  -7.9584538661201329E-009   9.6109663595734253E-009  -2.6776361719814799E-010   7.9231998652312795E-009  -8.3738003550577705E-009   3.5254016778999642E-011
   2.0077417672316049E-008  -3.9865841163568309E-009  -1.4357742212061096E-009  0.64436588613385082       -1.4489564177171631E-008  -9.9075038320975417E-010  -1.3768002987290964E-008  0.61686142548424794       -3.2582658089641336E-009  -1.1962950708734361E-010   2.1458843052014848E-010   6.5538457238026151E-009  -1.9671109209657323E-009  -3.2955525185551797E-009   4.1229623602570995E-010   2.3836793491220499E-010   6.8110589252209233E-010  -1.8040097006256348E-002  -8.2273092608797619E-004  -1.1234591490635258E-009  -1.9858453208676965E-010  -6.0811713241168732E-013   1.7852372413207684E-009  -6.0160169537525046E-010  -6.6177219995811649E-010
  0.58485033439016998       -8.0870104080514203E-009   1.0376160428820446E-009  -1.4489564177171631E-008  0.89335513881595419        1.6886817071594330E-008  -6.9562626793679075E-009  -1.8456798358449202E-008  -4.9584130346171550E-008   8.3910871422116684E-008   1.1318257406187410E-008   2.6778992400084540E-008   5.0749518299587288E-008   2.2805138843686835E-008   5.9432675024420989E-007   1.3823074313701439E-009  -5.9084693952040264E-010  -3.9340919782398065E-009  -5.7707074418146370E-011  -3.1194493968994374E-009   1.6404327744013697E-008   4.8558442025403334E-009   2.1550129309094595E-009   9.8457213578945016E-009   9.6443690199701281E-010
   5.1364839637562634E-010  0.58485032366767109        1.0879446584209163E-009  -9.9075038320975417E-010   1.6886817071594330E-008  0.89335518663537550       -2.4713446082068831E-008   4.7202129787823378E-009   5.0858312765682869E-008  -8.4392550628108576E-008   7.1356135571815327E-008  -1.3709162228922629E-008  -8.5900619580559192E-008  -3.7149150234508078E-008   6.0475822286569094E-010   5.9737759943261461E-007  -1.2197511050369761E-009   2.0626709325810025E-009   2.7199749612953084E-010   1.0061853512641890E-008  -1.0829912779771361E-008   1.4120239028492268E-008  -2.9830878212951532E-009  -1.4902055431627996E-008  -7.0787649265409622E-009
   2.0811895816196214E-009   9.9948149629044519E-009  0.58485034192672369       -1.3768002987290964E-008  -6.9562626793679075E-009  -2.4713446082068831E-008  0.89335510520240924        5.3608203080994992E-009  -5.2043908854453151E-008   7.2786231031945800E-008  -3.1095915296464561E-008   6.4762408633018577E-008  -6.2223966636979640E-008  -1.2718498699314269E-008  -6.7769442825246437E-010  -2.0230065436508716E-009   5.9190787628559228E-007   5.4785801433471484E-009   1.0035346923991755E-009  -1.2169464536221113E-008   1.4686549589619657E-008  -3.7029516369196640E-010   1.2094586355522387E-008  -1.2797547436068004E-008   7.4878207157380310E-011
   1.6248416597640429E-008  -1.0710274529236730E-010   1.0775366526736511E-008  0.61686142548424794       -1.8456798358449202E-008   4.7202129787823378E-009   5.3608203080994992E-009  0.59067955389343552       -3.1197247869406209E-009  -1.1374962041691919E-010   2.0567766973348558E-010   6.2758257078032448E-009  -1.8841131321009603E-009  -3.1560745339234562E-009  -5.5434233960816435E-009   3.3971148494528713E-010  -1.9989431434336694E-009   2.1019825584909657E-007  -3.2815200812227322E-008  -1.0711230533092066E-009  -1.9144603687186316E-010  -1.1195143591641402E-012   1.7038535609707552E-009  -5.7171138399133167E-010  -6.3272468472557016E-010
  -3.2464474430449595E-008   3.3296876339706617E-008  -3.4068925198209612E-008  -3.2582658089641336E-009  -4.9584130346171550E-008   5.0858312765682869E-008  -5.2043908854453151E-008  -3.1197247869406209E-009   8.6982129624670158E-015  -1.3702283525538446E-014   5.2448009289165897E-015  -6.0736400674419740E-015  -4.0731343786873962E-015  -2.6245731296802232E-015  -1.6412562738192959E-009   7.8381365385110098E-010   1.2267610162951354E-009   2.8856570566146498E-011   2.4792413642615589E-012   1.4741322845398479E-015  -2.3860419475758739E-015   5.5271008085344845E-016  -1.0069527938022153E-015  -6.4561266111186530E-016  -4.6717950424068255E-016
   5.4935042044074203E-008  -5.5252086958434864E-008   4.7651689735919515E-008  -1.1962950708734361E-010   8.3910871422116684E-008  -8.4392550628108576E-008   7.2786231031945800E-008  -1.1374962041691919E-010  -1.3702283525538446E-014   2.1785589072317880E-014  -8.2124330692803690E-015   9.0856353368517846E-015   7.8124390468870253E-015   4.6166483274553186E-015   6.5436325619846707E-010  -1.4882062031354980E-009   4.5233943994497703E-010   9.3598065552202351E-011  -4.3274085845202321E-012  -2.2372547801737779E-015   3.7681214438836458E-015  -9.1153539928765787E-016   1.4714649035145835E-015   1.2933272588843651E-015   7.6578984803263020E-016
   7.4073231140603252E-009   4.6715730139643916E-008  -2.0360517511903876E-008   2.1458843052014848E-010   1.1318257406187410E-008   7.1356135571815327E-008  -3.1095915296464561E-008   2.0567766973348558E-010   5.2448009289165897E-015  -8.2124330692803690E-015   6.9273153595478856E-015  -3.0074664711148567E-015  -4.0532761548215788E-015  -2.2373344499500754E-015  -1.1539363646821348E-009   5.9017040488835914E-010  -1.4819862797345180E-009   2.3102984373263778E-011  -2.3580662692171958E-012   1.1920349672130407E-015  -1.1696195246869754E-015   1.2144459905812508E-015  -6.3711918202801834E-016  -6.2239172249319472E-016  -5.5491571701313333E-016
   1.7532277478608883E-008  -8.9749217515666486E-009   4.2396168705578543E-008   6.5538457238026151E-009   2.6778992400084540E-008  -1.3709162228922629E-008   6.4762408633018577E-008   6.2758257078032448E-009  -6.0736400674419740E-015   9.0856353368517846E-015  -3.0074664711148567E-015   5.7750619939401638E-015  -1.6910174523191064E-015   2.9857845475123596E-016   4.6185362952442388E-010   7.5825301743499706E-012  -8.0892004289969912E-010   1.7520262077715529E-011  -5.4980593701543159E-012  -1.1464648558514174E-015   1.7209415731919452E-015  -9.4403775532404248E-017   1.0058697775260903E-015  -4.1117252132337311E-016   1.4059514392272447E-016
   3.3225885293207743E-008  -5.6236385003242477E-008  -4.0736833778590950E-008  -1.9671109209657323E-009   5.0749518299587288E-008  -8.5900619580559192E-008  -6.2223966636979640E-008  -1.8841131321009603E-009  -4.0731343786873962E-015   7.8124390468870253E-015  -4.0532761548215788E-015  -1.6910174523191064E-015   1.5483267066287319E-014   5.7641516932135591E-015   8.9580683861925577E-010  -3.1947838726182612E-011  -4.0861994875514303E-010  -5.7397513990094683E-011   3.0279659718695384E-012  -3.0087269282033541E-016   9.5081744883830056E-016  -1.0562718804380248E-015  -4.3590079232915560E-016   2.8844472488120432E-015   7.3677341550700299E-016
   1.4932197539762691E-008  -2.4321954388514398E-008  -8.3272428017398176E-009  -3.2955525185551797E-009   2.2805138843686835E-008  -3.7149150234508078E-008  -1.2718498699314269E-008  -3.1560745339234562E-009  -2.6245731296802232E-015   4.6166483274553186E-015  -2.2373344499500754E-015   2.9857845475123596E-016   5.7641516932135591E-015   2.3259945283360976E-015   1.1794027863349363E-009  -7.9139533070616094E-010  -4.1784142250812023E-010  -4.6358744345502156E-011   3.0141688360414459E-012  -3.2766748876145028E-016   6.6510039047651570E-016  -4.5830629508568876E-016   1.0831026254084086E-018   1.0567851483861792E-015   3.2658433404215866E-016
   4.1031904683581834E-003   9.7109573927056001E-010  -2.8377241007699183E-010   4.1229623602570995E-010   5.9432675024420989E-007   6.0475822286569094E-010  -6.7769442825246437E-010  -5.5434233960816435E-009  -1.6412562738192959E-009   6.5436325619846707E-010  -1.1539363646821348E-009   4.6185362952442388E-010   8.9580683861925577E-010   1.1794027863349363E-009   1.9992827437767307       -9.9081761683641212E-011  -2.9124726063941313E-011  -2.4393114787839402E-009  -2.6695673555699562E-010  -1.4228697234628734E-008  -1.4704942892619777E-009  -6.1075548418630652E-009   7.1587124654775757E-009  -1.3327013983484319E-009   7.0699847721434082E-009
   1.4501317276861259E-009   4.1031936347314200E-003  -1.8362755350254319E-009   2.3836793491220499E-010   1.3823074313701439E-009   5.9737759943261461E-007  -2.0230065436508716E-009   3.3971148494528713E-010   7.8381365385110098E-010  -1.4882062031354980E-009   5.9017040488835914E-010   7.5825301743499706E-012  -3.1947838726182612E-011  -7.9139533070616094E-010  -9.9081761683641212E-011   1.9992827435699703        9.2978882000260755E-011   5.1403810877788621E-011   4.2830649689633455E-012  -1.6904717470893067E-009  -1.1440910963100405E-008  -1.6487304286122666E-009   9.7711267294998317E-010  -4.4267237474919133E-009   7.1335801336559797E-010
  -2.1737728512457519E-010  -1.3380050577130763E-009   4.1031885451711754E-003   6.8110589252209233E-010  -5.9084693952040264E-010  -1.2197511050369761E-009   5.9190787628559228E-007  -1.9989431434336694E-009   1.2267610162951354E-009   4.5233943994497703E-010  -1.4819862797345180E-009  -8.0892004289969912E-010  -4.0861994875514303E-010  -4.1784142250812023E-010  -2.9124726063941313E-011   9.2978882000260755E-011   1.9992827438367764       -1.0838630826486773E-009  -1.1718677313397752E-010   4.1400756179213919E-009  -1.8696330052756211E-009  -1.2349958098410584E-008   2.5681305428461298E-009   2.1125384256111311E-009  -6.7082068583712524E-009
   1.5305123534068607E-009   1.2095747379443007E-009   5.3610819798116154E-009  -1.8040097006256348E-002  -3.9340919782398065E-009   2.0626709325810025E-009   5.4785801433471484E-009   2.1019825584909657E-007   2.8856570566146498E-011   9.3598065552202351E-011   2.3102984373263778E-011   1.7520262077715529E-011  -5.7397513990094683E-011  -4.6358744345502156E-011  -2.4393114787839402E-009   5.1403810877788621E-011  -1.0838630826486773E-009   2.0122088211313054        6.7232136761511078E-007   5.4192010733038531E-010  -1.5025440456772118E-010  -6.2546132766698442E-011  -6.5377634630340953E-010   5.0741868564185599E-010   1.1187753390386759E-010
  -3.3282031644171620E-010   1.9182308480307172E-010   5.0265391557430807E-010  -8.2273092608797619E-004  -5.7707074418146370E-011   2.7199749612953084E-010   1.0035346923991755E-009  -3.2815200812227322E-008   2.4792413642615589E-012  -4.3274085845202321E-012  -2.3580662692171958E-012  -5.4980593701543159E-012   3.0279659718695384E-012   3.0141688360414459E-012  -2.6695673555699562E-010   4.2830649689633455E-012  -1.1718677313397752E-010   6.7232136761511078E-007   2.0000783490302365        3.8359273548613146E-013  -1.0237287117487542E-012  -8.8017462307779999E-013   1.9842079938985592E-012   9.7794949708543638E-013  -2.3730998738810896E-012
  -2.0714007829794378E-009   6.5836959142792908E-009  -7.9584538661201329E-009  -1.1234591490635258E-009  -3.1194493968994374E-009   1.0061853512641890E-008  -1.2169464536221113E-008  -1.0711230533092066E-009   1.4741322845398479E-015  -2.2372547801737779E-015   1.1920349672130407E-015  -1.1464648558514174E-015  -3.0087269282033541E-016  -3.2766748876145028E-016  -1.4228697234628734E-008  -1.6904717470893067E-009   4.1400756179213919E-009   5.4192010733038531E-010   3.8359273548613146E-013   4.0334919096566833E-016  -3.6274733205143097E-016   1.6639662088463312E-016  -2.5560014582594222E-016  -9.1148710857704945E-018  -1.4774904380267321E-016
   1.0736358355399943E-008  -7.1134667188053834E-009   9.6109663595734253E-009  -1.9858453208676965E-010   1.6404327744013697E-008  -1.0829912779771361E-008   1.4686549589619657E-008  -1.9144603687186316E-010  -2.3860419475758739E-015   3.7681214438836458E-015  -1.1696195246869754E-015   1.7209415731919452E-015   9.5081744883830056E-016   6.6510039047651570E-016  -1.4704942892619777E-009  -1.1440910963100405E-008  -1.8696330052756211E-009  -1.5025440456772118E-010  -1.0237287117487542E-012  -3.6274733205143097E-016   7.4233174287702104E-016  -6.2616291385360147E-017   2.6080511804373582E-016   1.7554211085005366E-016   1.0194221642311987E-016
   3.1664283599772678E-009   9.2406735576635711E-009  -2.6776361719814799E-010  -6.0811713241168732E-013   4.8558442025403334E-009   1.4120239028492268E-008  -3.7029516369196640E-010  -1.1195143591641402E-012   5.5271008085344845E-016  -9.1153539928765787E-016   1.2144459905812508E-015  -9.4403775532404248E-017  -1.0562718804380248E-015  -4.5830629508568876E-016  -6.1075548418630652E-009  -1.6487304286122666E-009  -1.2349958098410584E-008  -6.2546132766698442E-011  -8.8017462307779999E-013   1.6639662088463312E-016  -6.2616291385360147E-017   3.4603740543199716E-016  -7.8971290471929017E-017  -1.8206103271019157E-016  -8.7425311461086696E-017
   1.4255072059061412E-009  -1.9509242275246469E-009   7.9231998652312795E-009   1.7852372413207684E-009   2.1550129309094595E-009  -2.9830878212951532E-009   1.2094586355522387E-008   1.7038535609707552E-009  -1.0069527938022153E-015   1.4714649035145835E-015  -6.3711918202801834E-016   1.0058697775260903E-015  -4.3590079232915560E-016   1.0831026254084086E-018   7.1587124654775757E-009   9.7711267294998317E-010   2.5681305428461298E-009  -6.5377634630340953E-010   1.9842079938985592E-012  -2.5560014582594222E-016   2.6080511804373582E-016  -7.8971290471929017E-017   2.1343717949034844E-016  -1.0578254563061440E-016   4.2162973660470048E-017
   6.4429362860889998E-009  -9.7649714619746471E-009  -8.3738003550577705E-009  -6.0160169537525046E-010   9.8457213578945016E-009  -1.4902055431627996E-008  -1.2797547436068004E-008  -5.7171138399133167E-010  -6.4561266111186530E-016   1.2933272588843651E-015  -6.2239172249319472E-016  -4.1117252132337311E-016   2.8844472488120432E-015   1.0567851483861792E-015  -1.3327013983484319E-009  -4.4267237474919133E-009   2.1125384256111311E-009   5.0741868564185599E-010   9.7794949708543638E-013  -9.1148710857704945E-018   1.7554211085005366E-016  -1.8206103271019157E-016  -1.0578254563061440E-016   5.5402301989573510E-016   1.1489740972590116E-016
   6.4589386251926899E-010  -4.6327711882382972E-009   3.5254016778999642E-011  -6.6177219995811649E-010   9.6443690199701281E-010  -7.0787649265409622E-009   7.4878207157380310E-011  -6.3272468472557016E-010  -4.6717950424068255E-016   7.6578984803263020E-016  -5.5491571701313333E-016   1.4059514392272447E-016   7.3677341550700299E-016   3.2658433404215866E-016   7.0699847721434082E-009   7.1335801336559797E-010  -6.7082068583712524E-009   1.1187753390386759E-010  -2.3730998738810896E-012  -1.4774904380267321E-016   1.0194221642311987E-016  -8.7425311461086696E-017   4.2162973660470048E-017   1.1489740972590116E-016   1.0558606148057246E-016
