  0.37450795994040309       -4.4149638239992430E-016   8.3312654044566551E-016   2.5489830658793477E-016   1.1242656109926329E-016  -4.6626857812031014E-017  -2.2765715962701671E-017   1.2510223563241130E-017   7.0648634643379020E-017   3.5666978906788130E-017  0.29797470830254558       -9.8729149278600220E-017   3.8833193049045809E-016  -1.9365088643001773E-016  -1.0129762631523872E-002   8.7747963050218755E-016   2.6233699566537280E-016   2.5930373021076816E-016   2.1703158993580717E-016   3.5623944782657177E-017  -1.8178352390390728E-016   2.6145864080111725E-016  -4.9369428314222395E-017  -3.6122881702553633E-017  -1.3296164227596236E-016
  -4.4149638239992430E-016  0.37450795994040209        4.1465771100135300E-016   5.1625976745491677E-016   8.2480999634735199E-018  -1.9407797037921813E-017  -4.1935201368715429E-019  -1.3603556750870428E-017   4.6491769015737451E-019  -3.4706182185397752E-017  -1.2743732096927307E-016  0.29797470830254513        6.7283049307528405E-017   7.6677367793558401E-016   4.1427802837369299E-016  -1.0129762631524420E-002  -2.8706346937864745E-017  -3.1421846816784159E-016  -1.1603249475966401E-016  -6.7336824476967168E-017  -4.2890378947200365E-016  -3.3249633535261957E-017  -3.8479933836639798E-016  -7.6865835915061754E-016  -2.3507338538247371E-016
   8.3312654044566551E-016   4.1465771100135300E-016  0.37450795994040831       -2.7061268824450551E-016   2.5610303592419143E-016  -1.7742904831175906E-017   4.8108926357107919E-017   4.9962284990318320E-017  -8.4285176994236674E-017  -1.0794958104137664E-017   4.4597694956116600E-016   3.0512102118293660E-016  0.29797470830254674        1.9799683111335770E-015  -7.4763373056927299E-016   6.6008181730651898E-016  -1.0129762631525221E-002  -5.3516417965631977E-016   3.5562433150268803E-017   2.7448436321952307E-016  -8.5740880462802712E-016  -7.9663933271238994E-016  -3.1469919041903746E-015  -4.4321352238997255E-015  -2.0900248869908509E-015
   2.5489830658793477E-016   5.1625976745491677E-016  -2.7061268824450551E-016  0.53175674004780882        9.8646403739561903E-015   1.5231831289169612E-018  -2.2418041494796348E-016   5.1454348637984911E-015  -1.8628772540633634E-016   3.2770870710166945E-015  -2.6244174585368946E-016  -1.5843216876457499E-016   8.6634640076936177E-016  0.72089810282447508        1.5985811331656180E-016   7.4958444932269964E-016   1.7058975748001123E-015   1.4083241330898096E-014  -5.2397005174844205E-017   6.4361315841084596E-016   2.2949648303890816E-014   4.9536741324518619E-016  -3.5389004108458884E-015  0.60875182016807261       -5.4807710941257165E-003
   1.1242656109926329E-016   8.2480999634735199E-018   2.5610303592419143E-016   9.8646403739561903E-015   1.0117659044697785E-004  -4.9318079763502753E-019  -1.1886386879082568E-018  -5.0588295223515425E-005   1.6869834913855174E-017  -5.0588295223469177E-005   8.3843220392527717E-017   6.8681226063073357E-018   1.9989222391872919E-016   1.3372526249563157E-014  -2.5927167920553174E-016   6.7502542355657099E-016   2.1711606357571581E-016   1.4199014073352776E-002  -6.1790767628582172E-016  -8.5948644916131034E-016  -7.0995070366787543E-003   1.2592716007052256E-015  -7.0995070366741790E-003   1.1262188371688919E-014   1.4318856996548294E-015
  -4.6626857812031014E-017  -1.9407797037921813E-017  -1.7742904831175906E-017   1.5231831289169612E-018  -4.9318079763502753E-019   1.0117659044675176E-004   1.8093748718984758E-018  -7.6260526910893399E-018  -9.1232652128447903E-018  -4.4211769764931663E-020  -3.8434747347884129E-017  -1.4464865137260039E-017  -2.0138678089389996E-017   3.3784153133766829E-017   2.4427342816257398E-016   1.9760956554819243E-016   4.7925742906252558E-016   5.4168836943920345E-016   1.4199014073337089E-002  -2.0192196083446614E-016  -4.6433922652007009E-016  -9.6807824352123533E-016  -1.1265675841336027E-016  -2.8413684462955505E-017   5.6256662619962295E-016
  -2.2765715962701671E-017  -4.1935201368715429E-019   4.8108926357107919E-017  -2.2418041494796348E-016  -1.1886386879082568E-018   1.8093748718984758E-018   1.0117659044673412E-004  -3.7696208700839860E-018  -1.5482030159605856E-017  -1.4084677259557642E-018  -1.9877662260491738E-017   1.0187103467685929E-018   3.6578231253885915E-017  -3.1154336353513965E-016   2.5354999084957519E-016  -4.7611531224878329E-016  -3.8538617839482681E-017   7.0830207950472375E-016   4.4697102769485876E-016   1.4199014073335830E-002   1.0616583905942732E-016  -1.2969389441113949E-015  -8.1685665735454217E-016  -2.7184456488722648E-016  -5.3736314622136406E-017
   1.2510223563241130E-017  -1.3603556750870428E-017   4.9962284990318320E-017   5.1454348637984911E-015  -5.0588295223515425E-005  -7.6260526910893399E-018  -3.7696208700839860E-018   1.0117659044693681E-004   2.8524107468372907E-018  -5.0588295223436549E-005   1.3917374086531496E-017  -1.0383005074610190E-017   2.8024633470387680E-017   6.8310557085233362E-015  -5.4583685262243938E-016  -1.3911337505924092E-015  -9.3494704160114235E-017  -7.0995070366778670E-003  -6.2856155081726475E-016  -6.3708439633253594E-016   1.4199014073349902E-002   3.3735405877095230E-016  -7.0995070366722040E-003   5.3820375796948479E-015   1.2373999450508965E-015
   7.0648634643379020E-017   4.6491769015737451E-019  -8.4285176994236674E-017  -1.8628772540633634E-016   1.6869834913855174E-017  -9.1232652128447903E-018  -1.5482030159605856E-017   2.8524107468372907E-018   1.0117659044673393E-004  -2.1706321491558863E-017   5.6395158148974529E-017   6.1082157256615888E-020  -6.3725337973233272E-017  -2.5114254890212015E-016   4.7811780830539895E-016   6.6716579988969902E-017   5.8362822219277862E-016   1.0885072174399213E-015  -2.8346141544833378E-016  -8.7794509702699071E-016   6.8836567678339919E-017   1.4199014073335832E-002  -1.1674006073010223E-015  -2.2333680416983220E-016   1.0663692774162783E-016
   3.5666978906788130E-017  -3.4706182185397752E-017  -1.0794958104137664E-017   3.2770870710166945E-015  -5.0588295223469177E-005  -4.4211769764931663E-020  -1.4084677259557642E-018  -5.0588295223436549E-005  -2.1706321491558863E-017   1.0117659044692765E-004   3.0080159453485851E-017  -2.8215127931750114E-017   7.0772960692322177E-018   4.6942193105860149E-015   3.6215124575407998E-016  -3.8775554968200058E-016  -6.2240608961249457E-016  -7.0995070366758582E-003   1.0082032000842730E-016   6.0307157657729954E-016  -7.0995070366732752E-003  -1.8750688414634077E-015   1.4199014073349460E-002   4.3086780687593206E-015   1.8487290234157158E-015
  0.29797470830254558       -1.2743732096927307E-016   4.4597694956116600E-016  -2.6244174585368946E-016   8.3843220392527717E-017  -3.8434747347884129E-017  -1.9877662260491738E-017   1.3917374086531496E-017   5.6395158148974529E-017   3.0080159453485851E-017  0.23708158207831539        9.9751663752710627E-017   1.3624100587687492E-016  -7.9412486853898837E-016  -8.3216909386193850E-003  -2.8191411900164424E-016  -6.0650172293757965E-017  -5.8543906519925194E-016  -1.0365839480802989E-017  -2.1449189234183249E-016   4.0140284592871653E-016   2.4279150961738996E-016   2.0647206635721199E-016  -5.6286885649584340E-016  -5.1603789781674647E-016
  -9.8729149278600220E-017  0.29797470830254513        3.0512102118293660E-016  -1.5843216876457499E-016   6.8681226063073357E-018  -1.4464865137260039E-017   1.0187103467685929E-018  -1.0383005074610190E-017   6.1082157256615888E-020  -2.8215127931750114E-017   9.9751663752710627E-017  0.23708158207831542        3.4003877557994733E-017  -1.7300398746709402E-016  -2.9545503398947946E-016  -8.3216909386206028E-003  -3.7714669717728546E-016  -1.9430327308226398E-016   4.8398113938700874E-017   1.2737906222213201E-016  -3.0458357702623150E-016  -6.8621191057141148E-017  -3.9720269078071171E-016  -1.2635616776372344E-015  -6.8546284960816054E-016
   3.8833193049045809E-016   6.7283049307528405E-017  0.29797470830254674        8.6634640076936177E-016   1.9989222391872919E-016  -2.0138678089389996E-017   3.6578231253885915E-017   2.8024633470387680E-017  -6.3725337973233272E-017   7.0772960692322177E-018   1.3624100587687492E-016   3.4003877557994733E-017  0.23708158207831403        3.0174869001368380E-015   8.8366607377162183E-016  -6.5178821662621143E-016  -8.3216909386206531E-003  -9.6524914096984513E-016  -8.0785441099739895E-016  -2.0760102902149719E-017  -2.3295109385114949E-015  -1.5501060457716049E-016  -3.1668135496613943E-016  -2.2918805753296058E-015  -2.7590739657081618E-015
  -1.9365088643001773E-016   7.6677367793558401E-016   1.9799683111335770E-015  0.72089810282447508        1.3372526249563157E-014   3.3784153133766829E-017  -3.1154336353513965E-016   6.8310557085233362E-015  -2.5114254890212015E-016   4.6942193105860149E-015  -7.9412486853898837E-016  -1.7300398746709402E-016   3.0174869001368380E-015  0.97831162087980938       -6.4457148076532299E-017   1.4601317832211088E-015   7.7356172817792377E-016   1.4493119672470973E-014   2.5335575626715482E-015  -5.6184179332295047E-017   5.9777770744716592E-015   5.4022102975850586E-016   2.5355624088203454E-014  0.82544757760786391        3.6779908203635282E-002
  -1.0129762631523872E-002   4.1427802837369299E-016  -7.4763373056927299E-016   1.5985811331656180E-016  -2.5927167920553174E-016   2.4427342816257398E-016   2.5354999084957519E-016  -5.4583685262243938E-016   4.7811780830539895E-016   3.6215124575407998E-016  -8.3216909386193850E-003  -2.9545503398947946E-016   8.8366607377162183E-016  -6.4457148076532299E-017   2.0002206061444059       -9.3380091787596723E-017   8.9551390615005243E-016  -7.2108399786309593E-017  -2.8185843041936082E-016  -8.4248354603828106E-016   1.4875606690273380E-015  -8.3265324885618998E-016  -1.7052914169358941E-015  -2.9131918767001596E-016   2.5067857665040733E-016
   8.7747963050218755E-016  -1.0129762631524420E-002   6.6008181730651898E-016   7.4958444932269964E-016   6.7502542355657099E-016   1.9760956554819243E-016  -4.7611531224878329E-016  -1.3911337505924092E-015   6.6716579988969902E-017  -3.8775554968200058E-016  -2.8191411900164424E-016  -8.3216909386206028E-003  -6.5178821662621143E-016   1.4601317832211088E-015  -9.3380091787596723E-017   2.0002206061444072        1.8146351690125346E-015  -3.0673775269152318E-015  -7.0390465172914291E-017   6.1459434274505856E-016  -3.2352263938680550E-015   4.0430874590969037E-016  -3.8461909553516648E-015  -1.0856883794542733E-014  -4.6203043593570781E-015
   2.6233699566537280E-016  -2.8706346937864745E-017  -1.0129762631525221E-002   1.7058975748001123E-015   2.1711606357571581E-016   4.7925742906252558E-016  -3.8538617839482681E-017  -9.3494704160114235E-017   5.8362822219277862E-016  -6.2240608961249457E-016  -6.0650172293757965E-017  -3.7714669717728546E-016  -8.3216909386206531E-003   7.7356172817792377E-016   8.9551390615005243E-016   1.8146351690125346E-015   2.0002206061443948       -1.2243148678539365E-015  -9.2196893365873517E-016  -9.9362479502086945E-017  -1.5187832917818431E-015  -1.9552366926892178E-016  -4.3506196166966597E-016  -7.0954786409228128E-016  -9.1669962380072608E-017
   2.5930373021076816E-016  -3.1421846816784159E-016  -5.3516417965631977E-016   1.4083241330898096E-014   1.4199014073352776E-002   5.4168836943920345E-016   7.0830207950472375E-016  -7.0995070366778670E-003   1.0885072174399213E-015  -7.0995070366758582E-003  -5.8543906519925194E-016  -1.9430327308226398E-016  -9.6524914096984513E-016   1.4493119672470973E-014  -7.2108399786309593E-017  -3.0673775269152318E-015  -1.2243148678539365E-015   1.9926743900401163       -9.8333071286289141E-016   2.1931783646122987E-015 -0.99633719502007567       -2.7668297340743909E-015 -0.99633719502006257        1.1046953937008356E-014   1.6451707853421721E-014
   2.1703158993580717E-016  -1.1603249475966401E-016   3.5562433150268803E-017  -5.2397005174844205E-017  -6.1790767628582172E-016   1.4199014073337089E-002   4.4697102769485876E-016  -6.2856155081726475E-016  -2.8346141544833378E-016   1.0082032000842730E-016  -1.0365839480802989E-017   4.8398113938700874E-017  -8.0785441099739895E-016   2.5335575626715482E-015  -2.8185843041936082E-016  -7.0390465172914291E-017  -9.2196893365873517E-016  -9.8333071286289141E-016   1.9926743900401658       -1.2456669810229080E-015  -3.1813473296699122E-015   4.0430864629544330E-015  -7.9037321934657347E-016  -4.6035140211798904E-015  -3.0099133076293647E-015
   3.5623944782657177E-017  -6.7336824476967168E-017   2.7448436321952307E-016   6.4361315841084596E-016  -8.5948644916131034E-016  -2.0192196083446614E-016   1.4199014073335830E-002  -6.3708439633253594E-016  -8.7794509702699071E-016   6.0307157657729954E-016  -2.1449189234183249E-016   1.2737906222213201E-016  -2.0760102902149719E-017  -5.6184179332295047E-017  -8.4248354603828106E-016   6.1459434274505856E-016  -9.9362479502086945E-017   2.1931783646122987E-015  -1.2456669810229080E-015   1.9926743900401600       -2.6590058280207460E-016  -3.0203162020014925E-016  -2.2625944087056914E-015  -1.3731405081794151E-015  -1.6056998564501867E-015
  -1.8178352390390728E-016  -4.2890378947200365E-016  -8.5740880462802712E-016   2.2949648303890816E-014  -7.0995070366787543E-003  -4.6433922652007009E-016   1.0616583905942732E-016   1.4199014073349902E-002   6.8836567678339919E-017  -7.0995070366732752E-003   4.0140284592871653E-016  -3.0458357702623150E-016  -2.3295109385114949E-015   5.9777770744716592E-015   1.4875606690273380E-015  -3.2352263938680550E-015  -1.5187832917818431E-015 -0.99633719502007567       -3.1813473296699122E-015  -2.6590058280207460E-016   1.9926743900401174        8.2604008268953980E-016 -0.99633719502006546       -4.5895958034516465E-014  -3.4226692923428855E-014
   2.6145864080111725E-016  -3.3249633535261957E-017  -7.9663933271238994E-016   4.9536741324518619E-016   1.2592716007052256E-015  -9.6807824352123533E-016  -1.2969389441113949E-015   3.3735405877095230E-016   1.4199014073335832E-002  -1.8750688414634077E-015   2.4279150961738996E-016  -6.8621191057141148E-017  -1.5501060457716049E-016   5.4022102975850586E-016  -8.3265324885618998E-016   4.0430874590969037E-016  -1.9552366926892178E-016  -2.7668297340743909E-015   4.0430864629544330E-015  -3.0203162020014925E-016   8.2604008268953980E-016   1.9926743900401636        5.2941592082466304E-016  -9.0232580757894149E-016   1.0395918559979961E-016
  -4.9369428314222395E-017  -3.8479933836639798E-016  -3.1469919041903746E-015  -3.5389004108458884E-015  -7.0995070366741790E-003  -1.1265675841336027E-016  -8.1685665735454217E-016  -7.0995070366722040E-003  -1.1674006073010223E-015   1.4199014073349460E-002   2.0647206635721199E-016  -3.9720269078071171E-016  -3.1668135496613943E-016   2.5355624088203454E-014  -1.7052914169358941E-015  -3.8461909553516648E-015  -4.3506196166966597E-016 -0.99633719502006257       -7.9037321934657347E-016  -2.2625944087056914E-015 -0.99633719502006546        5.2941592082466304E-016   1.9926743900401738        7.3263335102746212E-014   3.6025076323382587E-014
  -3.6122881702553633E-017  -7.6865835915061754E-016  -4.4321352238997255E-015  0.60875182016807261        1.1262188371688919E-014  -2.8413684462955505E-017  -2.7184456488722648E-016   5.3820375796948479E-015  -2.2333680416983220E-016   4.3086780687593206E-015  -5.6286885649584340E-016  -1.2635616776372344E-015  -2.2918805753296058E-015  0.82544757760786391       -2.9131918767001596E-016  -1.0856883794542733E-014  -7.0954786409228128E-016   1.1046953937008356E-014  -4.6035140211798904E-015  -1.3731405081794151E-015  -4.5895958034516465E-014  -9.0232580757894149E-016   7.3263335102746212E-014  0.69692360848279000        1.1769149663773393E-003
  -1.3296164227596236E-016  -2.3507338538247371E-016  -2.0900248869908509E-015  -5.4807710941257165E-003   1.4318856996548294E-015   5.6256662619962295E-016  -5.3736314622136406E-017   1.2373999450508965E-015   1.0663692774162783E-016   1.8487290234157158E-015  -5.1603789781674647E-016  -6.8546284960816054E-016  -2.7590739657081618E-015   3.6779908203635282E-002   2.5067857665040733E-016  -4.6203043593570781E-015  -9.1669962380072608E-017   1.6451707853421721E-014  -3.0099133076293647E-015  -1.6056998564501867E-015  -3.4226692923428855E-014   1.0395918559979961E-016   3.6025076323382587E-014   1.1769149663773393E-003   1.9620949271125869     
