   1.6811457939239597E-006   1.7383675034360878E-018  -4.4229241952290306E-018  -1.4677757025676667E-016  -1.0955711530370230E-005  -5.6166463684276517E-018   2.8236257235986608E-017   2.5061313894532435E-016   7.2996653672000911E-018   1.1123352907792799E-016   1.2498361428393387E-016  -1.3933649899585296E-016  -3.7841264226204646E-016   1.5948176573035104E-005   5.4831988340125606E-018  -4.4425615258180994E-017   1.8325957764264750E-003   2.8735575654321578E-016  -5.6147538373477550E-015  -1.1983397216275116E-016  -1.2616700213865700E-018  -6.2774081344863537E-015   1.0997112342897219E-017   4.1572349532487956E-019   4.5558320055963917E-018   4.3925684067742802E-018  -5.5667412129579262E-018  -1.6126487151951404E-017   1.7421973174225324E-015   5.6616097449907489E-017   7.6494623304817671E-016   8.6286832542467515E-016  -9.5615927790466698E-016  -2.6079635346935075E-015  -2.3607881409090133E-018  -1.0923792972397998E-019  -2.7507980479392911E-019  -3.6717362609187046E-018   1.1302810561091429E-019  -4.3867467397680494E-018   3.8642907027600977E-020  -3.7443472536687625E-019  -3.1845346583119613E-019   3.7420944882262863E-019
   1.7383675034360878E-018   1.6811457939178446E-006   3.4435239904326172E-018  -6.3646230326836785E-016  -1.6405091752033922E-017  -1.0955711530334597E-005  -3.1042661088947880E-017   2.4148253093049129E-017   4.4768530327334247E-016  -1.9120339015461036E-016  -3.7583668809516332E-016  -5.8491076643450989E-017   3.4992877639894741E-016   2.0885161067190377E-017   1.5948176572991949E-005   4.9505521371903583E-017   1.6072441418443650E-015   1.8325957764231365E-003   5.9688069217516000E-015  -4.6179038729733856E-016  -9.8723236742334785E-017   2.8537212208134741E-015  -4.8164642453791077E-019   1.7815117142214528E-017  -7.4759545266109384E-018  -1.5633290012927344E-017  -2.4403261191096135E-018   1.3681471919447771E-017   1.6214772836503292E-016   3.0782550905690809E-015  -1.3137489105009526E-015  -2.5854962083723277E-015  -4.0522632504192239E-016   2.4202868688322037E-015  -2.7370966446281032E-019  -6.7349154843174479E-018  -1.1539234133787622E-019  -3.8176853618006699E-019   4.3532959742893911E-021   1.6934232261006378E-020   2.7628056466999806E-018   3.5042788088039755E-019  -4.9527992242189736E-018  -5.7556665459112371E-020
  -4.4229241952290306E-018   3.4435239904326172E-018   1.6811457938734016E-006   2.9849135713912813E-016   2.4997973535002508E-018  -3.7409483084958425E-018  -1.0955711530109626E-005   1.8469994007673532E-016  -1.6547221388827186E-016   1.8203865364439745E-016  -1.0180570742580804E-016  -1.4510646528819767E-017  -7.6793637202650231E-017   3.3404834295424561E-018  -4.0671494646218951E-018   1.5948176572717606E-005   7.9394090702434673E-016  -2.2180984444974402E-015   1.8325957763989354E-003   2.2356386144692756E-016   4.3972885425739067E-017   9.9177114377714976E-016   8.6842471333131964E-018  -7.3161717089629403E-018   7.3368937333555166E-018  -2.8410782187186388E-018  -6.7552312538447846E-019  -2.1867506546865887E-018   1.2591182652696622E-015  -1.1420044711746780E-015   1.2638978793215639E-015  -7.1838207821307205E-016  -1.0627427544894226E-016  -5.2874322127947283E-016   1.6512372631550613E-019  -1.1510246383674079E-018  -8.4024740728013215E-018  -1.4789889683253068E-019  -7.3885439850506851E-020  -3.6165454162637491E-019  -1.1309907134015562E-018  -4.8195121930348605E-018  -1.2031297914817999E-018  -1.0895185038619333E-017
  -1.4677757025676667E-016  -6.3646230326836785E-016   2.9849135713912813E-016  0.48671811361604278        1.0568749063840697E-015   4.2235443525612760E-015  -1.3335777797688408E-015  -1.0966563665867512E-014  -1.3783315033631747E-017   1.3451784559277124E-016  -3.3947391059711357E-015   9.4722570121658481E-017  -1.5067580431759293E-014  -1.0145863562226798E-015  -4.1736293995751503E-015   1.0116454753580358E-015   1.9085501590312269E-015  -1.2416182579741789E-015  -4.9162548239999706E-015  0.36020299805649680        6.8756125051190858E-002  -1.2014691425451130E-002  -5.4904526312527303E-015  -1.7161187254516579E-016   8.0205773462502722E-017  -4.0980474106469425E-015   4.7949701806144275E-017  -4.0002084863963302E-015   1.6437189058426597E-015   6.2726325555358478E-017   2.4969930330531149E-016  -5.3883129676616944E-015   1.5589182478033283E-016  -2.9183983056870148E-014   2.1983591992617932E-016   4.4074487823791651E-016  -3.0933670643565185E-017   9.1605507624804371E-017  -1.1320245447113235E-019   8.2301637428920270E-017   9.6711066019883528E-016  -3.2600644066515632E-017   4.2165125313516633E-016  -8.3633753514807733E-017
  -1.0955711530370230E-005  -1.6405091752033922E-017   2.4997973535002508E-018   1.0568749063840697E-015   7.1396315281217182E-005   6.9685078073554464E-017  -1.2464628222944839E-017   7.5912533745374154E-017   4.1286521716171467E-016  -2.4840588750728570E-016  -1.1057451615950401E-016   1.2994070741157820E-016   5.3012602602797990E-017  -1.0393127270762099E-004  -8.3890938016625041E-017   3.9795057909613853E-017  -1.1942682633991375E-002  -7.4064470083484732E-015   7.8953065731052333E-015   8.2135790646507591E-016   7.4757488964081013E-017   2.3821980537079163E-014  -1.5229380389189049E-018   1.6187428703457504E-017  -1.0134326323117203E-017   2.6385771762925291E-019   4.3440615940809492E-018   6.0607093215435636E-018   4.2203638373831289E-016   2.8034007691967207E-015  -1.7020958099470897E-015  -7.7320954342888833E-016   8.7015297242372583E-016   3.7005817682152438E-016   1.5384813113518705E-017   7.1188308034892171E-019   1.7926434460683166E-018   2.3928015901786468E-017  -7.3658294502028096E-019   2.8587604960505358E-017  -2.5182857048994051E-019   2.4401208110598518E-018   2.0753014522426648E-018  -2.4386527258691065E-018
  -5.6166463684276517E-018  -1.0955711530334597E-005  -3.7409483084958425E-018   4.2235443525612760E-015   6.9685078073554464E-017   7.1396315281012471E-005   8.0435770683512997E-017   6.9010079563402722E-017  -1.5096453281198278E-015   8.4653186255808189E-016   1.3860197695400728E-015   1.6890645977111232E-016  -1.4435624843348300E-015  -8.1918130712165777E-017  -1.0393127270737980E-004  -1.4522219407628815E-016  -4.2475639056471831E-015  -1.1942682633974216E-002  -1.8513122672104497E-014   3.0722593632866695E-015   6.4365922845451995E-016  -1.5200744704382983E-014   1.2429588300878538E-017  -5.8319164899920083E-017   3.2323425539529836E-017   5.8243176637428381E-017   7.1914759958893752E-018  -5.4814333518919702E-017   5.0304769390235535E-016  -1.0360560374454774E-014   5.8089065865728583E-015   9.5235922584315538E-015   1.1782719522997900E-015  -1.0006688007075148E-014   1.7837144986242002E-018   4.3890179837043309E-017   7.5199022531171240E-019   2.4879138792435086E-018  -2.8369612601498385E-020  -1.1035721253110121E-019  -1.8004685726339109E-017  -2.2836727124370763E-018   3.2276462734219520E-017   3.7508598332079117E-019
   2.8236257235986608E-017  -3.1042661088947880E-017  -1.0955711530109626E-005  -1.3335777797688408E-015  -1.2464628222944839E-017   8.0435770683512997E-017   7.1396315279967720E-005  -4.4582591127158406E-016   7.1600568482861569E-016  -4.2925193159521349E-016  -4.1086895088600242E-016  -9.0335701183358154E-017   8.1693842691165107E-016  -2.7338912268752429E-017  -5.5096644408796186E-017  -1.0393127270620531E-004  -5.8139643838862778E-015   5.0781501365873765E-015  -1.1942682633886982E-002  -1.0041138718997547E-015  -2.0040927694357254E-016  -6.3971598118871399E-015  -2.5491754802103460E-017   3.2807186223268553E-017  -1.6742871066505040E-017  -2.5576008246364998E-017  -3.1861271110313934E-018   2.7239571683563562E-017  -2.9840704323307924E-015   4.9457026458008415E-015  -3.0205174713779882E-015  -2.7203819410474782E-015  -5.8136550374298578E-016   5.6262964668989292E-015  -1.0760803250251691E-018   7.5010114815855877E-018   5.4757346100684271E-017   9.6382934497994403E-019   4.8149754068200155E-019   2.3568347528544335E-018   7.3704541535888212E-018   3.1407856174732007E-017   7.8405709825026460E-018   7.1001875497814843E-017
   2.5061313894532435E-016   2.4148253093049129E-017   1.8469994007673532E-016  -1.0966563665867512E-014   7.5912533745374154E-017   6.9010079563402722E-017  -4.4582591127158406E-016   3.7178232926297419E-002   1.5934849671869738E-016  -3.4417029171619572E-016  -1.8589116463147592E-002   2.1546400595780792E-016  -1.8589116463143852E-002  -1.1842591289010797E-016  -1.0707054841366143E-016   3.9404985043188867E-016  -2.5396107574030381E-015   3.9875494546605056E-016   2.9338797519755861E-015  -1.4148575640243252E-014   4.9190237343361981E-015  -2.7308720581108573E-014   1.5258218778453109E-003   7.2104745043657324E-017  -5.5925949221231380E-017  -7.6291093891802211E-004   3.8376965110057003E-017  -7.6291093891933117E-004  0.25615437677025382        1.6347236132569659E-015  -1.4090776359984146E-015 -0.12807718838512358        1.4506718241480054E-015 -0.12807718838511115       -2.5053750056947084E-017   2.6916149953558848E-017  -5.2552779780961630E-017   1.9243943834774119E-018  -2.1346689174705895E-017   1.0232295923647886E-017   1.9734589741689748E-017  -4.1504005970200271E-017  -2.6407074716297518E-019  -1.3994671456216924E-016
   7.2996653672000911E-018   4.4768530327334247E-016  -1.6547221388827186E-016  -1.3783315033631747E-017   4.1286521716171467E-016  -1.5096453281198278E-015   7.1600568482861569E-016   1.5934849671869738E-016   3.7178232926294318E-002   8.8792050726667294E-016   7.5007811504023439E-017   1.8599312575826715E-016   1.5636649075810665E-016  -2.1518356662941012E-016   1.1221303654244491E-015  -5.8044154615651065E-016  -1.0216273898401354E-015   6.8956504283066957E-016   2.6379005915845071E-016  -1.8421546796003899E-016   2.8203573126004025E-016   4.1160928591084728E-016   3.5898877578667720E-018   1.5258218778430258E-003   1.1185625751626438E-016   1.1212264954619909E-016  -6.1265690829243799E-017   1.2895113452841671E-016   2.3882093947852837E-017  0.25615437677023917        3.4183469994191461E-015   3.4820995066031937E-016   2.1975343374226458E-017   6.8837118249760084E-016  -2.2105443071361672E-018  -1.4735925947446997E-017   2.0276542489969948E-017  -3.7883958150204267E-017   1.1661355831473095E-017  -1.4400486337969524E-017  -2.4877063203697539E-017   3.1836963837459783E-017  -1.6364472531983005E-017   8.2251841080603640E-017
   1.1123352907792799E-016  -1.9120339015461036E-016   1.8203865364439745E-016   1.3451784559277124E-016  -2.4840588750728570E-016   8.4653186255808189E-016  -4.2925193159521349E-016  -3.4417029171619572E-016   8.8792050726667294E-016   3.7178232926293742E-002   2.5997589173849081E-016   2.3198721828060647E-016  -1.9041095513485234E-016   5.1971241971528572E-017  -7.0969343673592666E-016   3.4219536427635779E-016   3.7895077137649413E-016  -5.1761375332220897E-016  -1.2967448742548786E-015   1.3410429093667630E-016  -9.1964748213747175E-017   2.0666650464871972E-016  -1.1629673857478309E-017   1.0023101397352570E-016   1.5258218778434107E-003  -8.5280421120351758E-017  -2.5021349979018976E-016   5.1511174209058581E-017  -1.0149913221236062E-015   2.2791326872961571E-015  0.25615437677023734        3.1368377599949644E-016  -1.6018299424006829E-015   2.8039273419443754E-016  -1.6279597990053926E-017   4.1526944231801631E-017   1.8573861288337626E-017   1.4545717753975595E-018   2.2498699317829419E-017   1.6565787507254039E-017   7.0372201219977688E-017  -1.7568741512421199E-017   3.5712699158853763E-017  -3.1927724585276820E-017
   1.2498361428393387E-016  -3.7583668809516332E-016  -1.0180570742580804E-016  -3.3947391059711357E-015  -1.1057451615950401E-016   1.3860197695400728E-015  -4.1086895088600242E-016  -1.8589116463147592E-002   7.5007811504023439E-017   2.5997589173849081E-016   3.7178232926293756E-002  -5.2935324038658030E-017  -1.8589116463148616E-002   3.2223100243193317E-018  -1.0294569835193587E-015   4.7409521077719999E-016  -6.0002832869098582E-016  -4.2991603323495520E-016   3.4876033225917018E-015  -2.7230129919438506E-015   1.4444231455554222E-016  -2.1794886233609509E-014  -7.6291093892214359E-004  -5.2352239461784517E-017   2.7846961702522857E-017   1.5258218778397004E-003  -5.4787411208665996E-017  -7.6291093892145014E-004 -0.12807718838511151        4.2981204600762382E-016   1.1869660095914065E-015  0.25615437677023195       -1.0145633587269943E-015 -0.12807718838512741        7.3396710853042161E-019  -1.4773558377718784E-017   4.0670342574171417E-017   6.5059197164001601E-018  -3.4952501758356682E-018   4.3823004089079214E-020  -2.0844679253975159E-017   8.5506802293814881E-019   6.5382502236301558E-018   2.3348181257020783E-017
  -1.3933649899585296E-016  -5.8491076643450989E-017  -1.4510646528819767E-017   9.4722570121658481E-017   1.2994070741157820E-016   1.6890645977111232E-016  -9.0335701183358154E-017   2.1546400595780792E-016   1.8599312575826715E-016   2.3198721828060647E-016  -5.2935324038658030E-017   3.7178232926295650E-002  -3.8119923697792076E-016  -5.7405194588083553E-017  -1.3471525756382909E-016   9.0392118156602878E-017  -5.1928394244999047E-016   3.4298168724435276E-016   8.7297106517143177E-016   1.7449195041169038E-016  -1.3898121175694060E-016  -2.8966489095338404E-015  -9.8754261066290257E-017   2.0067224437090160E-017   6.5138929616130354E-017  -1.7713252254656615E-017   1.5258218778430273E-003  -8.5079761165826554E-018   1.7625908599404804E-017   8.4804975736791943E-016   3.1687167912594765E-015   4.1362397583616897E-016  0.25615437677024366       -9.6854363518619394E-016  -1.0121915946778684E-017  -5.1248067135218469E-018   2.1602523484774031E-017  -1.0970727167614542E-017  -2.1206962487498470E-017   2.1492459474722877E-017  -6.2210536809303850E-018  -3.2234188232296907E-018   2.5783770067256446E-017   3.5369043512221176E-018
  -3.7841264226204646E-016   3.4992877639894741E-016  -7.6793637202650231E-017  -1.5067580431759293E-014   5.3012602602797990E-017  -1.4435624843348300E-015   8.1693842691165107E-016  -1.8589116463143852E-002   1.5636649075810665E-016  -1.9041095513485234E-016  -1.8589116463148616E-002  -3.8119923697792076E-016   3.7178232926288947E-002   8.8490693331095355E-017   1.1198345442024270E-015  -8.1027180966690488E-016   7.0074050466474144E-017  -1.8870205093968081E-015   2.2869889823932458E-016  -5.0392625914646947E-015  -9.0171947197933414E-015  -1.6581632713581995E-014  -7.6291093892292205E-004  -3.7169567620179703E-018   1.6808979649781418E-017  -7.6291093892177887E-004   7.4360459956624670E-018   1.5258218778406367E-003 -0.12807718838510118        6.2750572424854806E-016  -1.6698930035620780E-015 -0.12807718838512525       -1.9427268157352181E-015  0.25615437677021430        2.4319782948371605E-017  -1.2142591575868862E-017   1.1882437206733488E-017  -8.4303140998721863E-018   2.4841939350537518E-017  -1.0276118927705806E-017   1.1100895122278102E-018   4.0648937947208617E-017  -6.2741794764645900E-018   1.1659853330516220E-016
   1.5948176573035104E-005   2.0885161067190377E-017   3.3404834295424561E-018  -1.0145863562226798E-015  -1.0393127270762099E-004  -8.1918130712165777E-017  -2.7338912268752429E-017  -1.1842591289010797E-016  -2.1518356662941012E-016   5.1971241971528572E-017   3.2223100243193317E-018  -5.7405194588083553E-017   8.8490693331095355E-017   1.5129225372597873E-004   9.3701404590618518E-017   8.2808003188236876E-018   1.7384905660817265E-002   7.5160068190920529E-015  -3.8849753093181153E-015  -7.7868859211713858E-016  -8.0045442642153040E-017  -1.9932342843591906E-014   1.8918744565822961E-018  -7.7295308433393523E-018   2.0449657246074927E-018  -6.8578811587711682E-018  -9.1655963427155065E-019  -2.0237015356130766E-018  -6.6892713097292940E-016  -1.4226189230410320E-015   3.4439849193673977E-016   3.8740975359998688E-017  -3.5894072257760078E-016   6.0269532701943497E-016  -2.2395598441715680E-017  -1.0362847755883091E-018  -2.6095424410791631E-018  -3.4831897644095947E-017   1.0722402497821653E-018  -4.1614839022235107E-017   3.6658563864688861E-019  -3.5520721266332854E-018  -3.0210063409316175E-018   3.5499350420106185E-018
   5.4831988340125606E-018   1.5948176572991949E-005  -4.0671494646218951E-018  -4.1736293995751503E-015  -8.3890938016625041E-017  -1.0393127270737980E-004  -5.5096644408796186E-017  -1.0707054841366143E-016   1.1221303654244491E-015  -7.0969343673592666E-016  -1.0294569835193587E-015  -1.3471525756382909E-016   1.1198345442024270E-015   9.3701404590618518E-017   1.5129225372571031E-004   1.2115586053627259E-016   3.2476334679091980E-015   1.7384905660801791E-002   1.6579647997252133E-014  -3.0277594586940662E-015  -6.3205846985001668E-016   1.3602923249860879E-014  -1.8365090462060635E-017   4.0757546766591172E-017  -2.5605212933020099E-017  -4.4229284095816917E-017  -5.9064656483916781E-018   3.9509332226548119E-017  -7.7784639234775622E-016   7.6720517282346510E-015  -4.8553420721648380E-015  -7.0550852936568871E-015  -9.4931599367057960E-016   7.8038877352694515E-015  -2.5965446152092046E-018  -6.3890723658006857E-017  -1.0946685535421686E-018  -3.6216442660627361E-018   4.1297508593540420E-020   1.6064646342952255E-019   2.6209334401510020E-017   3.3243313820619302E-018  -4.6984691538428582E-017  -5.4601086152874270E-019
  -4.4425615258180994E-017   4.9505521371903583E-017   1.5948176572717606E-005   1.0116454753580358E-015   3.9795057909613853E-017  -1.4522219407628815E-016  -1.0393127270620531E-004   3.9404985043188867E-016  -5.8044154615651065E-016   3.4219536427635779E-016   4.7409521077719999E-016   9.0392118156602878E-017  -8.1027180966690488E-016   8.2808003188236876E-018   1.2115586053627259E-016   1.5129225372450479E-004   4.8418375081656296E-015  -2.6864746829837106E-015   1.7384905660732738E-002   7.6584451331816532E-016   1.7254964020104784E-016   5.3741626397667465E-015   2.6645432719516955E-017  -2.8802827633649829E-017   1.2771754583251696E-017   3.2141626737075350E-017   2.9508812419031599E-018  -2.4100475910518036E-017   2.5874075474976831E-015  -4.0173723674224211E-015   2.4494213426128359E-015   3.1056663831713290E-015   5.6305311249725820E-016  -5.5793027535701841E-015   1.5664449527340576E-018  -1.0919186330686600E-017  -7.9710005312488442E-017  -1.4030417410496695E-018  -7.0091365376141202E-019  -3.4308330123361698E-018  -1.0729134656334586E-017  -4.5720265148321592E-017  -1.1413481462737686E-017  -1.0335708861274343E-016
   1.8325957764264750E-003   1.6072441418443650E-015   7.9394090702434673E-016   1.9085501590312269E-015  -1.1942682633991375E-002  -4.2475639056471831E-015  -5.8139643838862778E-015  -2.5396107574030381E-015  -1.0216273898401354E-015   3.7895077137649413E-016  -6.0002832869098582E-016  -5.1928394244999047E-016   7.0074050466474144E-017   1.7384905660817265E-002   3.2476334679091980E-015   4.8418375081656296E-015   1.9976894876781042       -4.0610147623161305E-016   6.1134137099958443E-016   2.7690200056191191E-015   4.9542195517968784E-016   5.5823501681863256E-015   6.7165939401780493E-016   8.4674288623375346E-017   5.4435974263183366E-018  -8.2785707930872606E-016   1.4408786009032924E-016  -6.4698565899344384E-016  -6.0416942885880208E-016  -1.4725009728773844E-016   1.0391720154262230E-015  -2.2335832232522259E-015   6.2504677494289747E-016  -3.2120261421050524E-016  -2.5734653066359567E-015  -1.1907888617664255E-016  -2.9986101759330082E-016  -4.0025132788796225E-015   1.2321050899242967E-016  -4.7819371625078025E-015   4.2124144411205789E-017  -4.0816656042299196E-016  -3.4714209712792756E-016   4.0792098925560920E-016
   2.8735575654321578E-016   1.8325957764231365E-003  -2.2180984444974402E-015  -1.2416182579741789E-015  -7.4064470083484732E-015  -1.1942682633974216E-002   5.0781501365873765E-015   3.9875494546605056E-016   6.8956504283066957E-016  -5.1761375332220897E-016  -4.2991603323495520E-016   3.4298168724435276E-016  -1.8870205093968081E-015   7.5160068190920529E-015   1.7384905660801791E-002  -2.6864746829837106E-015  -4.0610147623161305E-016   1.9976894876780922       -3.3067624159721264E-015   3.0194939374499714E-015  -3.0526029162625786E-016   1.2466125124374182E-015  -1.5890156112192138E-015  -5.8020309828671054E-016   3.8336718561364427E-016  -2.4512064447595138E-016  -2.9319660444149879E-017  -8.1855265086809811E-016  -1.8651760409545099E-015  -2.0649756840947350E-015   3.8382626790546242E-016   1.3783148470181975E-015  -6.6200054413647305E-017  -2.8505624421127268E-015  -2.9836744491468437E-016  -7.3416462247188432E-015  -1.2578773244015404E-016  -4.1616105485771454E-016   4.7454729058637036E-018   1.8459792507629110E-017   3.0116995072933951E-015   3.8199700275324954E-016  -5.3989838196075402E-015  -6.2741793329405639E-017
  -5.6147538373477550E-015   5.9688069217516000E-015   1.8325957763989354E-003  -4.9162548239999706E-015   7.8953065731052333E-015  -1.8513122672104497E-014  -1.1942682633886982E-002   2.9338797519755861E-015   2.6379005915845071E-016  -1.2967448742548786E-015   3.4876033225917018E-015   8.7297106517143177E-016   2.2869889823932458E-016  -3.8849753093181153E-015   1.6579647997252133E-014   1.7384905660732738E-002   6.1134137099958443E-016  -3.3067624159721264E-015   1.9976894876781406       -2.9074672994235395E-015   4.6313920162820774E-015  -5.9425536161446692E-015   1.3238938703035229E-015  -5.6154711783524917E-016  -1.9940638083137714E-016   1.6006923145368925E-015  -5.1374795201437940E-017   1.0612291348204040E-015   5.5566128430144257E-015  -2.7237809285404501E-016   1.6060655361811294E-015   5.5514532909538032E-015  -8.4997088063001392E-016   1.9653142413403185E-015   1.7999928651773303E-016  -1.2547174067274242E-015  -9.1594307603977505E-015  -1.6122271765801013E-016  -8.0541583901221945E-017  -3.9423504368950248E-016  -1.2328786783843193E-015  -5.2536893120424750E-015  -1.3115165754066577E-015  -1.1876703470703513E-014
  -1.1983397216275116E-016  -4.6179038729733856E-016   2.2356386144692756E-016  0.36020299805649680        8.2135790646507591E-016   3.0722593632866695E-015  -1.0041138718997547E-015  -1.4148575640243252E-014  -1.8421546796003899E-016   1.3410429093667630E-016  -2.7230129919438506E-015   1.7449195041169038E-016  -5.0392625914646947E-015  -7.7868859211713858E-016  -3.0277594586940662E-015   7.6584451331816532E-016   2.7690200056191191E-015   3.0194939374499714E-015  -2.9074672994235395E-015  0.26658144548298807        5.0871858865239650E-002  -4.9315407836840637E-003  -4.3028155844804933E-015  -1.3427794241697319E-016   6.0263574111392307E-017  -3.0449685204292548E-015   4.3456438263721247E-017  -2.7237285664632420E-015  -4.0192767246009862E-014  -1.1656816660612614E-015   4.2314232273066282E-016  -5.1971158993567213E-015   8.8285443759423163E-016   2.0722451810630329E-014   1.6463128209302660E-016   3.2672094099048201E-016  -2.1672858842640752E-017   6.7507583941487421E-017  -8.5650945092231523E-020   5.9192680787851538E-017   7.1538362980894986E-016  -2.2237326301312271E-017   3.1042489797277517E-016  -6.6133817247138505E-017
  -1.2616700213865700E-018  -9.8723236742334785E-017   4.3972885425739067E-017   6.8756125051190858E-002   7.4757488964081013E-017   6.4365922845451995E-016  -2.0040927694357254E-016   4.9190237343361981E-015   2.8203573126004025E-016  -9.1964748213747175E-017   1.4444231455554222E-016  -1.3898121175694060E-016  -9.0171947197933414E-015  -8.0045442642153040E-017  -6.3205846985001668E-016   1.7254964020104784E-016   4.9542195517968784E-016  -3.0526029162625786E-016   4.6313920162820774E-015   5.0871858865239650E-002   9.7315942937457670E-003  -7.8235803651175075E-003  -5.2261371256107484E-016  -1.2383153411028217E-017   7.5680724804412117E-018  -5.4788469842391111E-016  -5.1821281704611887E-018  -8.2592352605074239E-016   4.4558009658600047E-014   1.9858296047319544E-015  -7.2972357119412419E-016   3.1634466828562294E-015  -1.1023660263000230E-015  -5.1911868565128436E-014   2.8056300882225639E-017   6.1424606599736063E-017  -6.2572904137588329E-018   1.3383753717067818E-017  -1.3092763614385129E-020   1.4280794058106236E-017   1.3714625625786403E-016  -7.5280352494445823E-018   6.2077430828680517E-017  -5.2560960491397849E-018
  -6.2774081344863537E-015   2.8537212208134741E-015   9.9177114377714976E-016  -1.2014691425451130E-002   2.3821980537079163E-014  -1.5200744704382983E-014  -6.3971598118871399E-015  -2.7308720581108573E-014   4.1160928591084728E-016   2.0666650464871972E-016  -2.1794886233609509E-014  -2.8966489095338404E-015  -1.6581632713581995E-014  -1.9932342843591906E-014   1.3602923249860879E-014   5.3741626397667465E-015   5.5823501681863256E-015   1.2466125124374182E-015  -5.9425536161446692E-015  -4.9315407836840637E-003  -7.8235803651175075E-003   1.9992549401992248        3.0712932564240005E-015  -4.5675250475849442E-017  -2.5178484267887794E-016  -2.5638306758481434E-015   1.7407571591523861E-015  -7.7367016936940946E-015  -1.1190002379966074E-013  -3.8094973485062901E-015   1.5851460753652016E-015  -2.8358325639185845E-014   4.4048676562591283E-015  -9.4253610974780980E-015   9.7304177339916497E-016   2.6226379183964740E-016   6.1662009705732216E-016  -1.4684757086138151E-016  -9.4304006325254740E-019  -8.6815872639609864E-016  -1.9601916427201232E-016   9.5445611397779645E-016  -8.3036217172953873E-016  -2.1378770509556936E-015
   1.0997112342897219E-017  -4.8164642453791077E-019   8.6842471333131964E-018  -5.4904526312527303E-015  -1.5229380389189049E-018   1.2429588300878538E-017  -2.5491754802103460E-017   1.5258218778453109E-003   3.5898877578667720E-018  -1.1629673857478309E-017  -7.6291093892214359E-004  -9.8754261066290257E-017  -7.6291093892292205E-004   1.8918744565822961E-018  -1.8365090462060635E-017   2.6645432719516955E-017   6.7165939401780493E-016  -1.5890156112192138E-015   1.3238938703035229E-015  -4.3028155844804933E-015  -5.2261371256107484E-016   3.0712932564240005E-015   6.2620846115163902E-005   2.8381659729099962E-018  -2.1928318673400559E-018  -3.1310423057372673E-005  -2.8408432463586477E-018  -3.1310423057464647E-005   1.0512763017992323E-002   4.6765827218451851E-017  -4.0636987979684296E-017  -5.2563815089928132E-003  -6.8179651276101681E-016  -5.2563815089987243E-003  -1.0282242309574514E-018   1.1046584851937880E-018  -2.1568045283507862E-018   7.8978553328345438E-020  -8.7608374036781801E-019   4.1994091036186143E-019   8.0992200025635800E-019  -1.7033547681827172E-018  -1.0837656652888782E-020  -5.7435155467248890E-018
   4.1572349532487956E-019   1.7815117142214528E-017  -7.3161717089629403E-018  -1.7161187254516579E-016   1.6187428703457504E-017  -5.8319164899920083E-017   3.2807186223268553E-017   7.2104745043657324E-017   1.5258218778430258E-003   1.0023101397352570E-016  -5.2352239461784517E-017   2.0067224437090160E-017  -3.7169567620179703E-018  -7.7295308433393523E-018   4.0757546766591172E-017  -2.8802827633649829E-017   8.4674288623375346E-017  -5.8020309828671054E-016  -5.6154711783524917E-016  -1.3427794241697319E-016  -1.2383153411028217E-017  -4.5675250475849442E-017   2.8381659729099962E-018   6.2620846114981579E-005   7.2086568297374162E-018   2.3266825117511842E-018  -2.0040914432593924E-018   4.8763278870005042E-018   4.5271633306208899E-016   1.0512763017976856E-002   5.7979871386851275E-016  -3.6762072973317176E-016   8.6570496139590662E-017  -4.1573468929647535E-017  -9.0722355537112556E-020  -6.0477318126899826E-019   8.3216413753823571E-019  -1.5547853573210960E-018   4.7859057444311941E-019  -5.9100649430056227E-019  -1.0209728732391392E-018   1.3066122869165079E-018  -6.7160992449776202E-019   3.3756757310811803E-018
   4.5558320055963917E-018  -7.4759545266109384E-018   7.3368937333555166E-018   8.0205773462502722E-017  -1.0134326323117203E-017   3.2323425539529836E-017  -1.6742871066505040E-017  -5.5925949221231380E-017   1.1185625751626438E-016   1.5258218778434107E-003   2.7846961702522857E-017   6.5138929616130354E-017   1.6808979649781418E-017   2.0449657246074927E-018  -2.5605212933020099E-017   1.2771754583251696E-017   5.4435974263183366E-018   3.8336718561364427E-016  -1.9940638083137714E-016   6.0263574111392307E-017   7.5680724804412117E-018  -2.5178484267887794E-016  -2.1928318673400559E-018   7.2086568297374162E-018   6.2620846115014133E-005  -2.7949994233954994E-018  -7.9863432413957521E-018   3.1246263092290887E-018  -3.2966041880638170E-016   6.1314226396147845E-016   1.0512763017979593E-002   1.3122414082492768E-016   3.1746202725849690E-016   1.8116162666607061E-016  -6.6812661120743242E-019   1.7042961712147613E-018   7.6228485538797019E-019   5.9696689785951865E-020   9.2336307941862882E-019   6.7987203836154598E-019   2.8881266203894920E-018  -7.2103400446589760E-019   1.4656752998836170E-018  -1.3103371744025681E-018
   4.3925684067742802E-018  -1.5633290012927344E-017  -2.8410782187186388E-018  -4.0980474106469425E-015   2.6385771762925291E-019   5.8243176637428381E-017  -2.5576008246364998E-017  -7.6291093891802211E-004   1.1212264954619909E-016  -8.5280421120351758E-017   1.5258218778397004E-003  -1.7713252254656615E-017  -7.6291093892177887E-004  -6.8578811587711682E-018  -4.4229284095816917E-017   3.2141626737075350E-017  -8.2785707930872606E-016  -2.4512064447595138E-016   1.6006923145368925E-015  -3.0449685204292548E-015  -5.4788469842391111E-016  -2.5638306758481434E-015  -3.1310423057372673E-005   2.3266825117511842E-018  -2.7949994233954994E-018   6.2620846114709567E-005  -2.8863193616899342E-018  -3.1310423057496678E-005  -5.2563815089639206E-003   7.6894415928377225E-016  -6.1237227296212213E-016   1.0512763017953803E-002  -1.4871267457693588E-016  -5.2563815089901695E-003   3.0122547080626564E-020  -6.0631764374211336E-019   1.6691406125083514E-018   2.6700770470923543E-019  -1.4344762424421415E-019   1.7985281498055533E-021  -8.5548088597004649E-019   3.5092617198097553E-020   2.6833457237402556E-019   9.5822643964328109E-019
  -5.5667412129579262E-018  -2.4403261191096135E-018  -6.7552312538447846E-019   4.7949701806144275E-017   4.3440615940809492E-018   7.1914759958893752E-018  -3.1861271110313934E-018   3.8376965110057003E-017  -6.1265690829243799E-017  -2.5021349979018976E-016  -5.4787411208665996E-017   1.5258218778430273E-003   7.4360459956624670E-018  -9.1655963427155065E-019  -5.9064656483916781E-018   2.9508812419031599E-018   1.4408786009032924E-016  -2.9319660444149879E-017  -5.1374795201437940E-017   4.3456438263721247E-017  -5.1821281704611887E-018   1.7407571591523861E-015  -2.8408432463586477E-018  -2.0040914432593924E-018  -7.9863432413957521E-018  -2.8863193616899342E-018   6.2620846114979465E-005   5.9807691528163892E-019   2.0421090855573923E-016  -4.3990244841451546E-016  -1.6594987351163717E-015  -3.4553610587385643E-016   1.0512763017976672E-002   1.1927429595801340E-016  -4.1541083536352725E-019  -2.1032581668689742E-019   8.8658336761345873E-019  -4.5024666883422840E-019  -8.7034925490343164E-019   8.8206626011924463E-019  -2.5531659421349727E-019  -1.3229146666662029E-019   1.0581847862392192E-018   1.4515714207231705E-019
  -1.6126487151951404E-017   1.3681471919447771E-017  -2.1867506546865887E-018  -4.0002084863963302E-015   6.0607093215435636E-018  -5.4814333518919702E-017   2.7239571683563562E-017  -7.6291093891933117E-004   1.2895113452841671E-016   5.1511174209058581E-017  -7.6291093892145014E-004  -8.5079761165826554E-018   1.5258218778406367E-003  -2.0237015356130766E-018   3.9509332226548119E-017  -2.4100475910518036E-017  -6.4698565899344384E-016  -8.1855265086809811E-016   1.0612291348204040E-015  -2.7237285664632420E-015  -8.2592352605074239E-016  -7.7367016936940946E-015  -3.1310423057464647E-005   4.8763278870005042E-018   3.1246263092290887E-018  -3.1310423057496678E-005   5.9807691528163892E-019   6.2620846114794527E-005  -5.2563815089735743E-003   8.6999871037189681E-016   3.4021515243267976E-016  -5.2563815089878155E-003  -3.0559612013069930E-017   1.0512763017960891E-002   9.9810168386341512E-019  -4.9834084145209346E-019   4.8766391581181391E-019  -3.4598625803753052E-019   1.0195313646073305E-018  -4.2173943850755689E-019   4.5558885684824749E-020   1.6682621509623929E-018  -2.5749691572538880E-019   4.7852891070387353E-018
   1.7421973174225324E-015   1.6214772836503292E-016   1.2591182652696622E-015   1.6437189058426597E-015   4.2203638373831289E-016   5.0304769390235535E-016  -2.9840704323307924E-015  0.25615437677025382        2.3882093947852837E-017  -1.0149913221236062E-015 -0.12807718838511151        1.7625908599404804E-017 -0.12807718838510118       -6.6892713097292940E-016  -7.7784639234775622E-016   2.5874075474976831E-015  -6.0416942885880208E-016  -1.8651760409545099E-015   5.5566128430144257E-015  -4.0192767246009862E-014   4.4558009658600047E-014  -1.1190002379966074E-013   1.0512763017992323E-002   4.5271633306208899E-016  -3.2966041880638170E-016  -5.2563815089639206E-003   2.0421090855573923E-016  -5.2563815089735743E-003   1.7648785209515812        3.8632393453958300E-015  -3.6357618711474738E-016 -0.88243926047571430       -1.1180834903760835E-016 -0.88243926047573507       -1.7261787950803404E-016   1.8544963204896471E-016  -3.6208349598056108E-016   1.3258888472088887E-017  -1.4707659378257908E-016   7.0499514875941454E-017   1.3596938687554190E-016  -2.8595852857878478E-016  -1.8194215361117993E-018  -9.6421913114545687E-016
   5.6616097449907489E-017   3.0782550905690809E-015  -1.1420044711746780E-015   6.2726325555358478E-017   2.8034007691967207E-015  -1.0360560374454774E-014   4.9457026458008415E-015   1.6347236132569659E-015  0.25615437677023917        2.2791326872961571E-015   4.2981204600762382E-016   8.4804975736791943E-016   6.2750572424854806E-016  -1.4226189230410320E-015   7.6720517282346510E-015  -4.0173723674224211E-015  -1.4725009728773844E-016  -2.0649756840947350E-015  -2.7237809285404501E-016  -1.1656816660612614E-015   1.9858296047319544E-015  -3.8094973485062901E-015   4.6765827218451851E-017   1.0512763017976856E-002   6.1314226396147845E-016   7.6894415928377225E-016  -4.3990244841451546E-016   8.6999871037189681E-016   3.8632393453958300E-015   1.7648785209515263       -2.8951526977194599E-015   1.7998196520391745E-015  -2.8347842228172821E-015   1.6434234886581793E-015  -1.5230433367836537E-017  -1.0152908382394504E-016   1.3970338813226037E-016  -2.6101675431412374E-016   8.0345597415262810E-017  -9.9217937829493188E-017  -1.7140052442650356E-016   2.1935355685701321E-016  -1.1274960999123980E-016   5.6670711413253928E-016
   7.6494623304817671E-016  -1.3137489105009526E-015   1.2638978793215639E-015   2.4969930330531149E-016  -1.7020958099470897E-015   5.8089065865728583E-015  -3.0205174713779882E-015  -1.4090776359984146E-015   3.4183469994191461E-015  0.25615437677023734        1.1869660095914065E-015   3.1687167912594765E-015  -1.6698930035620780E-015   3.4439849193673977E-016  -4.8553420721648380E-015   2.4494213426128359E-015   1.0391720154262230E-015   3.8382626790546242E-016   1.6060655361811294E-015   4.2314232273066282E-016  -7.2972357119412419E-016   1.5851460753652016E-015  -4.0636987979684296E-017   5.7979871386851275E-016   1.0512763017979593E-002  -6.1237227296212213E-016  -1.6594987351163717E-015   3.4021515243267976E-016  -3.6357618711474738E-016  -2.8951526977194599E-015   1.7648785209515285       -2.0019157840234312E-015  -2.1699999432853910E-016  -5.3456672817693310E-016  -1.1216483272562938E-016   2.8611657095046412E-016   1.2797208172753767E-016   1.0021856803505118E-017   1.5501383062839341E-016   1.1413665041696755E-016   4.8485756117538352E-016  -1.2104690509833208E-016   2.4605699291718682E-016  -2.1997888950370182E-016
   8.6286832542467515E-016  -2.5854962083723277E-015  -7.1838207821307205E-016  -5.3883129676616944E-015  -7.7320954342888833E-016   9.5235922584315538E-015  -2.7203819410474782E-015 -0.12807718838512358        3.4820995066031937E-016   3.1368377599949644E-016  0.25615437677023195        4.1362397583616897E-016 -0.12807718838512525        3.8740975359998688E-017  -7.0550852936568871E-015   3.1056663831713290E-015  -2.2335832232522259E-015   1.3783148470181975E-015   5.5514532909538032E-015  -5.1971158993567213E-015   3.1634466828562294E-015  -2.8358325639185845E-014  -5.2563815089928132E-003  -3.6762072973317176E-016   1.3122414082492768E-016   1.0512763017953803E-002  -3.4553610587385643E-016  -5.2563815089878155E-003 -0.88243926047571430        1.7998196520391745E-015  -2.0019157840234312E-015   1.7648785209514533       -1.6275365386994516E-015 -0.88243926047578702        5.0569613577558607E-018  -1.0178836757585289E-016   2.8021466958305602E-016   4.4825148456495904E-017  -2.4081930742167250E-017   3.0193619801569899E-019  -1.4361779468812972E-016   5.8913347751146619E-018   4.5047902478872556E-017   1.6086667783450214E-016
  -9.5615927790466698E-016  -4.0522632504192239E-016  -1.0627427544894226E-016   1.5589182478033283E-016   8.7015297242372583E-016   1.1782719522997900E-015  -5.8136550374298578E-016   1.4506718241480054E-015   2.1975343374226458E-017  -1.6018299424006829E-015  -1.0145633587269943E-015  0.25615437677024366       -1.9427268157352181E-015  -3.5894072257760078E-016  -9.4931599367057960E-016   5.6305311249725820E-016   6.2504677494289747E-016  -6.6200054413647305E-017  -8.4997088063001392E-016   8.8285443759423163E-016  -1.1023660263000230E-015   4.4048676562591283E-015  -6.8179651276101681E-016   8.6570496139590662E-017   3.1746202725849690E-016  -1.4871267457693588E-016   1.0512763017976672E-002  -3.0559612013069930E-017  -1.1180834903760835E-016  -2.8347842228172821E-015  -2.1699999432853910E-016  -1.6275365386994516E-015   1.7648785209515250       -1.9625550099974865E-015  -6.9739007666331599E-017  -3.5309415387550324E-017   1.4883926707539552E-016  -7.5587233688811885E-017  -1.4611389061831935E-016   1.4808093684605202E-016  -4.2862449424435446E-017  -2.2209039395973610E-017   1.7764764574633336E-016   2.4368923923307254E-017
  -2.6079635346935075E-015   2.4202868688322037E-015  -5.2874322127947283E-016  -2.9183983056870148E-014   3.7005817682152438E-016  -1.0006688007075148E-014   5.6262964668989292E-015 -0.12807718838511115        6.8837118249760084E-016   2.8039273419443754E-016 -0.12807718838512741       -9.6854363518619394E-016  0.25615437677021430        6.0269532701943497E-016   7.8038877352694515E-015  -5.5793027535701841E-015  -3.2120261421050524E-016  -2.8505624421127268E-015   1.9653142413403185E-015   2.0722451810630329E-014  -5.1911868565128436E-014  -9.4253610974780980E-015  -5.2563815089987243E-003  -4.1573468929647535E-017   1.8116162666607061E-016  -5.2563815089901695E-003   1.1927429595801340E-016   1.0512763017960891E-002 -0.88243926047573507        1.6434234886581793E-015  -5.3456672817693310E-016 -0.88243926047578702       -1.9625550099974865E-015   1.7648785209514384        1.6756091815018166E-016  -8.3661264473145052E-017   8.1868826397375883E-017  -5.8084036928573392E-017   1.7115852452473376E-016  -7.0801451073887736E-017   7.6484078125299014E-018   2.8006719380354413E-016  -4.3228480942727348E-017   8.0335245331096970E-016
