  0.42121024544798152        1.8352582900473197E-016  -5.0567472566875301E-016   1.1004631235754287E-016  -6.3884828508741630E-017  -7.7882127665251341E-017  -5.2497603475541415E-017   1.0773367803714045E-016  -5.9043572506015500E-017  -5.9099299828350589E-018  0.29164022195087780        2.1365480246739834E-017  -5.3551860949799852E-017  -2.7573988028508051E-002   1.1331691471662805E-016   7.1968464059883027E-016  -1.4432761640612505E-016   1.1163963268001541E-016  -1.0325146325503985E-016  -7.0841066131545789E-016   5.6325023742288637E-016  -2.4224425724440526E-016  -6.0526703054606393E-016  -5.7421569406253178E-016   7.0682783798527716E-017
   1.8352582900473197E-016  0.42121024544798497        8.5831601802407929E-016   5.7394821166672811E-016  -5.5657033400315950E-017   6.2724363056533644E-018   2.3736659212298960E-017   6.3844693566159687E-017  -5.4770349299543118E-017  -1.3858699308749577E-017  -2.9498057972080705E-016  0.29164022195087674        1.2641857700926489E-016  -1.6300344388609133E-016  -2.7573988028505872E-002  -3.2094530012079785E-016  -2.8677780080903277E-016   3.8648970494260465E-017   6.8332416597393144E-017   6.3178855666854427E-017   1.4648715113242517E-016  -1.4111690793378466E-017   4.2249314497583198E-016  -1.2726255813431520E-015  -3.2230985805836357E-017
  -5.0567472566875301E-016   8.5831601802407929E-016  0.42121024544799140       -9.4741214943573505E-016   2.4864436067428116E-016   4.3574593538690304E-017   1.4745360158207906E-017   1.9851790458218902E-016  -7.0262101696436956E-017   1.6343435750545234E-016  -3.6127489668899742E-017   5.9557504128823531E-016  0.29164022195087641        1.2927107276922698E-015  -1.7883774123454402E-015  -2.7573988028508051E-002  -1.0390940171030706E-015   6.6399473650912474E-016  -1.8083649655485834E-016   4.1889463632090932E-016   3.3331412485576303E-016  -4.9447820480836284E-016   1.4412697337812337E-016   2.2727379005717233E-015   1.0496795055346665E-015
   1.1004631235754287E-016   5.7394821166672811E-016  -9.4741214943573505E-016  0.46410396040282742       -1.5802560924874693E-014   2.2478611965257985E-016  -2.0883623220578431E-016  -1.1300737857028239E-014   4.9105171602129063E-016  -1.7864153697374124E-014  -4.3251660482706142E-016   4.7238328438774513E-016   2.0711315473549603E-015  -5.1298043424115311E-016  -3.2090576747454580E-015   1.5215733754774827E-015  0.78756460419045871       -8.6518761218850080E-015   3.1643237385107894E-015  -6.9123705767454189E-016   6.1928598429244449E-015   1.1485317189899828E-015  -3.9267196199629847E-014  -1.4587939959030769E-003 -0.75466308355925016     
  -6.3884828508741630E-017  -5.5657033400315950E-017   2.4864436067428116E-016  -1.5802560924874693E-014   7.2326028695059059E-003   8.4324459239765149E-017   3.1488238055948353E-017  -3.6163014347534638E-003  -4.4827101151209184E-018  -3.6163014347531733E-003  -5.3000465662559382E-017  -4.3044674272177406E-017   2.0941629418941720E-016  -9.8680399015731208E-017   3.6724842678991538E-015   1.8736208542932581E-016  -2.7237605375653472E-014  0.11701550653741061        1.0576485366219722E-015  -5.2876878765293033E-017  -5.8507753268706005E-002  -3.3843116704247763E-016  -5.8507753268704908E-002  -1.8992541373507507E-014   2.6082118567774506E-014
  -7.7882127665251341E-017   6.2724363056533644E-018   4.3574593538690304E-017   2.2478611965257985E-016   8.4324459239765149E-017   7.2326028695044696E-003   2.4952849472282785E-017   3.8177574877759948E-017   2.3945303781523973E-017   8.1973731052849341E-018   3.5266214139115436E-018  -1.7648654104564852E-017   4.9040912621822810E-017  -9.0758908634479681E-016   2.5392918166422141E-016  -4.1210155936228706E-016  -4.4160873860435332E-016   3.8370677213913939E-016  0.11701550653740125        5.7098999194180738E-016  -7.4786232978981788E-017   5.2101335398790886E-016   1.5798858532183275E-017   1.1806829601393633E-016   2.5149975052689680E-016
  -5.2497603475541415E-017   2.3736659212298960E-017   1.4745360158207906E-017  -2.0883623220578431E-016   3.1488238055948353E-017   2.4952849472282785E-017   7.2326028695048616E-003   1.4377325488462854E-017  -9.6263388631320059E-017   6.1569554386500694E-017   3.4465022061489638E-017   1.4005010383995025E-017  -1.1466394655903249E-017  -1.0651079855495679E-016  -4.7909190040850236E-016  -4.9153394449056014E-016  -3.4766168290275053E-016   6.7473797545331031E-016  -1.4056681166274624E-016  0.11701550653740446       -1.1145005410087844E-015  -1.1611246225574561E-015   5.5919082298655981E-016  -1.9024427397244503E-016   3.3589135099747781E-016
   1.0773367803714045E-016   6.3844693566159687E-017   1.9851790458218902E-016  -1.1300737857028239E-014  -3.6163014347534638E-003   3.8177574877759948E-017   1.4377325488462854E-017   7.2326028695066120E-003  -7.7123196880462665E-017  -3.6163014347528801E-003   2.0622567252345941E-018   7.4620003015340425E-017   9.3691336376701766E-017   4.3544971510126532E-017   1.6209499958687968E-015  -6.3781073360405656E-016  -2.3432471871077416E-014  -5.8507753268713047E-002   7.8927207651508983E-016   1.4254005961666958E-015  0.11701550653741630       -1.1211328089857677E-015  -5.8507753268703423E-002  -2.0408747910405482E-014   2.1135577162836251E-014
  -5.9043572506015500E-017  -5.4770349299543118E-017  -7.0262101696436956E-017   4.9105171602129063E-016  -4.4827101151209184E-018   2.3945303781523973E-017  -9.6263388631320059E-017  -7.7123196880462665E-017   7.2326028695052632E-003  -3.3985079426224902E-017  -2.0584840418812323E-017  -5.3708283279261870E-017   1.7484749723476992E-018   6.0839207813535206E-016   1.8872980038572530E-016   7.9424140561923481E-016   7.5834380580081808E-016   2.3093590977234392E-016  -1.1611127640961821E-016  -2.7576512850579364E-016  -6.1503062300148392E-017  0.11701550653740762       -2.0959152653450914E-016   3.9004841706445657E-016  -7.5882773149381379E-016
  -5.9099299828350589E-018  -1.3858699308749577E-017   1.6343435750545234E-016  -1.7864153697374124E-014  -3.6163014347531733E-003   8.1973731052849341E-018   6.1569554386500694E-017  -3.6163014347528801E-003  -3.3985079426224902E-017   7.2326028695065166E-003   7.8721351152992521E-017  -1.2383913053250882E-017   1.1824840112666918E-016   5.8549903390651880E-016   2.8391861195789556E-015  -8.6482482694860377E-017  -2.6495452651594210E-014  -5.8507753268709377E-002   2.6765563506872407E-016   3.6566412332968535E-016  -5.8507753268705956E-002  -4.1057042206128492E-016  0.11701550653741583       -2.0362213527571967E-014   2.6042550709241054E-014
  0.29164022195087780       -2.9498057972080705E-016  -3.6127489668899742E-017  -4.3251660482706142E-016  -5.3000465662559382E-017   3.5266214139115436E-018   3.4465022061489638E-017   2.0622567252345941E-018  -2.0584840418812323E-017   7.8721351152992521E-017  0.20194388620914849       -2.7704399823797753E-016   1.7268453152042499E-016  -1.3400488913560051E-002   2.8112520262685472E-016  -3.6441157418611105E-016  -9.4831013901613465E-016  -6.0728445461966399E-017   9.0172077241773290E-016   6.5994686542160501E-016  -7.8588174302215556E-016   1.3274276147130411E-016   8.9493836686233888E-016   5.5912331187796611E-016   8.7278774237238157E-016
   2.1365480246739834E-017  0.29164022195087674        5.9557504128823531E-016   4.7238328438774513E-016  -4.3044674272177406E-017  -1.7648654104564852E-017   1.4005010383995025E-017   7.4620003015340425E-017  -5.3708283279261870E-017  -1.2383913053250882E-017  -2.7704399823797753E-016  0.20194388620914530        9.8304321132524708E-017  -1.4455584053594590E-016  -1.3400488913565574E-002   2.1762403096319070E-017  -5.4782635523699604E-017  -2.0925807505149908E-016  -3.2103841620870774E-016   2.7767380842043698E-017   5.2486941310078837E-016  -2.7368607630146413E-016   1.2146558674408950E-016   4.6588145196694926E-016  -1.4405884728327415E-016
  -5.3551860949799852E-017   1.2641857700926489E-016  0.29164022195087641        2.0711315473549603E-015   2.0941629418941720E-016   4.9040912621822810E-017  -1.1466394655903249E-017   9.3691336376701766E-017   1.7484749723476992E-018   1.1824840112666918E-016   1.7268453152042499E-016   9.8304321132524708E-017  0.20194388620914169       -9.6746664520146850E-016   2.0235874503696463E-015  -1.3400488913564337E-002   3.8115029027136894E-015   1.0530662437009463E-015   1.9748154255996953E-016  -3.7496591892184401E-017  -4.4944542476173716E-016   4.3777485976416557E-016   1.8713581340684643E-016  -4.2805440816852562E-015  -3.6830230358690233E-015
  -2.7573988028508051E-002  -1.6300344388609133E-016   1.2927107276922698E-015  -5.1298043424115311E-016  -9.8680399015731208E-017  -9.0758908634479681E-016  -1.0651079855495679E-016   4.3544971510126532E-017   6.0839207813535206E-016   5.8549903390651880E-016  -1.3400488913560051E-002  -1.4455584053594590E-016  -9.6746664520146850E-016   2.0038665770794588       -9.6165415705209422E-017  -2.5067926673665179E-016  -4.1755776318712953E-016  -3.2705176782524551E-016   6.1811720550742490E-016  -6.0007497039052458E-017  -6.1138417499268585E-017  -1.7796307035583139E-017   4.2664532678390889E-016   5.1004146612068926E-016   4.2513119574116825E-016
   1.1331691471662805E-016  -2.7573988028505872E-002  -1.7883774123454402E-015  -3.2090576747454580E-015   3.6724842678991538E-015   2.5392918166422141E-016  -4.7909190040850236E-016   1.6209499958687968E-015   1.8872980038572530E-016   2.8391861195789556E-015   2.8112520262685472E-016  -1.3400488913565574E-002   2.0235874503696463E-015  -9.6165415705209422E-017   2.0038665770794539       -1.0377797377178004E-016  -6.4018247974097731E-015   1.9898891643576446E-015  -3.0464459621890391E-016   4.7904032980040629E-016   2.1396194352003138E-015   1.1353800300029622E-018   1.5866571077141293E-015  -4.5277593862834366E-015   6.3482091002524576E-015
   7.1968464059883027E-016  -3.2094530012079785E-016  -2.7573988028508051E-002   1.5215733754774827E-015   1.8736208542932581E-016  -4.1210155936228706E-016  -4.9153394449056014E-016  -6.3781073360405656E-016   7.9424140561923481E-016  -8.6482482694860377E-017  -3.6441157418611105E-016   2.1762403096319070E-017  -1.3400488913564337E-002  -2.5067926673665179E-016  -1.0377797377178004E-016   2.0038665770794624       -2.1009461906305683E-015  -8.1229152243534413E-017  -4.9305561929481443E-016   1.8213357147065624E-016  -3.6659993162889452E-016   4.1752589396496726E-016   5.2860637480739457E-016  -1.9745563531288978E-015   1.4172413657945579E-015
  -1.4432761640612505E-016  -2.8677780080903277E-016  -1.0390940171030706E-015  0.78756460419045871       -2.7237605375653472E-014  -4.4160873860435332E-016  -3.4766168290275053E-016  -2.3432471871077416E-014   7.5834380580081808E-016  -2.6495452651594210E-014  -9.4831013901613465E-016  -5.4782635523699604E-017   3.8115029027136894E-015  -4.1755776318712953E-016  -6.4018247974097731E-015  -2.1009461906305683E-015   1.3368672694799444       -1.7638813324944123E-014  -8.0349117190926229E-015  -1.0458598758315732E-015  -5.4120979583857547E-014   6.5974212040456540E-016  -6.9338506737856641E-016   2.5725379947896754E-002  -1.2806970576302765     
   1.1163963268001541E-016   3.8648970494260465E-017   6.6399473650912474E-016  -8.6518761218850080E-015  0.11701550653741061        3.8370677213913939E-016   6.7473797545331031E-016  -5.8507753268713047E-002   2.3093590977234392E-016  -5.8507753268709377E-002  -6.0728445461966399E-017  -2.0925807505149908E-016   1.0530662437009463E-015  -3.2705176782524551E-016   1.9898891643576446E-015  -8.1229152243534413E-017  -1.7638813324944123E-014   1.8931813369620545        1.2470628913199206E-015   1.8187898019259062E-015 -0.94659066848103035       -5.6581800876583890E-016 -0.94659066848102924       -3.8469047207632678E-014   1.9684498892496196E-014
  -1.0325146325503985E-016   6.8332416597393144E-017  -1.8083649655485834E-016   3.1643237385107894E-015   1.0576485366219722E-015  0.11701550653740125       -1.4056681166274624E-016   7.8927207651508983E-016  -1.1611127640961821E-016   2.6765563506872407E-016   9.0172077241773290E-016  -3.2103841620870774E-016   1.9748154255996953E-016   6.1811720550742490E-016  -3.0464459621890391E-016  -4.9305561929481443E-016  -8.0349117190926229E-015   1.2470628913199206E-015   1.8931813369621280        4.3221719606134600E-016   1.5663468785897540E-015   2.8313939734458672E-016   2.4402138296130830E-015  -4.2636640081403184E-015   4.8517077364514012E-015
  -7.0841066131545789E-016   6.3178855666854427E-017   4.1889463632090932E-016  -6.9123705767454189E-016  -5.2876878765293033E-017   5.7098999194180738E-016  0.11701550653740446        1.4254005961666958E-015  -2.7576512850579364E-016   3.6566412332968535E-016   6.5994686542160501E-016   2.7767380842043698E-017  -3.7496591892184401E-017  -6.0007497039052458E-017   4.7904032980040629E-016   1.8213357147065624E-016  -1.0458598758315732E-015   1.8187898019259062E-015   4.3221719606134600E-016   1.8931813369621291        1.2666191880061943E-015   1.9502899729212375E-015  -1.1531032205469553E-015  -1.8050723993753534E-015   1.0612980027744655E-015
   5.6325023742288637E-016   1.4648715113242517E-016   3.3331412485576303E-016   6.1928598429244449E-015  -5.8507753268706005E-002  -7.4786232978981788E-017  -1.1145005410087844E-015  0.11701550653741630       -6.1503062300148392E-017  -5.8507753268705956E-002  -7.8588174302215556E-016   5.2486941310078837E-016  -4.4944542476173716E-016  -6.1138417499268585E-017   2.1396194352003138E-015  -3.6659993162889452E-016  -5.4120979583857547E-014 -0.94659066848103035        1.5663468785897540E-015   1.2666191880061943E-015   1.8931813369620540        1.0537631964930031E-015 -0.94659066848102658       -3.5974080945631695E-014   3.3891005789289670E-014
  -2.4224425724440526E-016  -1.4111690793378466E-017  -4.9447820480836284E-016   1.1485317189899828E-015  -3.3843116704247763E-016   5.2101335398790886E-016  -1.1611246225574561E-015  -1.1211328089857677E-015  0.11701550653740762       -4.1057042206128492E-016   1.3274276147130411E-016  -2.7368607630146413E-016   4.3777485976416557E-016  -1.7796307035583139E-017   1.1353800300029622E-018   4.1752589396496726E-016   6.5974212040456540E-016  -5.6581800876583890E-016   2.8313939734458672E-016   1.9502899729212375E-015   1.0537631964930031E-015   1.8931813369621264       -1.1377075496976416E-015   9.7764533750522608E-016  -1.2134905572327604E-015
  -6.0526703054606393E-016   4.2249314497583198E-016   1.4412697337812337E-016  -3.9267196199629847E-014  -5.8507753268704908E-002   1.5798858532183275E-017   5.5919082298655981E-016  -5.8507753268703423E-002  -2.0959152653450914E-016  0.11701550653741583        8.9493836686233888E-016   1.2146558674408950E-016   1.8713581340684643E-016   4.2664532678390889E-016   1.5866571077141293E-015   5.2860637480739457E-016  -6.9338506737856641E-016 -0.94659066848102924        2.4402138296130830E-015  -1.1531032205469553E-015 -0.94659066848102658       -1.1377075496976416E-015   1.8931813369620638       -4.0360990049913876E-014   1.4543120735823190E-014
  -5.7421569406253178E-016  -1.2726255813431520E-015   2.2727379005717233E-015  -1.4587939959030769E-003  -1.8992541373507507E-014   1.1806829601393633E-016  -1.9024427397244503E-016  -2.0408747910405482E-014   3.9004841706445657E-016  -2.0362213527571967E-014   5.5912331187796611E-016   4.6588145196694926E-016  -4.2805440816852562E-015   5.1004146612068926E-016  -4.5277593862834366E-015  -1.9745563531288978E-015   2.5725379947896754E-002  -3.8469047207632678E-014  -4.2636640081403184E-015  -1.8050723993753534E-015  -3.5974080945631695E-014   9.7764533750522608E-016  -4.0360990049913876E-014   1.9696948758964239       -2.2396248050756294E-003
   7.0682783798527716E-017  -3.2230985805836357E-017   1.0496795055346665E-015 -0.75466308355925016        2.6082118567774506E-014   2.5149975052689680E-016   3.3589135099747781E-016   2.1135577162836251E-014  -7.5882773149381379E-016   2.6042550709241054E-014   8.7278774237238157E-016  -1.4405884728327415E-016  -3.6830230358690233E-015   4.2513119574116825E-016   6.3482091002524576E-015   1.4172413657945579E-015  -1.2806970576302765        1.9684498892496196E-014   4.8517077364514012E-015   1.0612980027744655E-015   3.3891005789289670E-014  -1.2134905572327604E-015   1.4543120735823190E-014  -2.2396248050756294E-003   1.2271418248745345     
