  0.22713514235243848       -2.9786195934513206E-017  -1.2869829188493682E-016   1.7885420248966892E-016  -1.8833712588893262E-017  -6.4644812444315904E-019  -1.6962379920145513E-018   5.6112846754367198E-018  -1.2781818275292064E-018   1.3222427913446920E-017  0.21762681878988394       -2.8259842563560988E-017  -1.4350534542196810E-016   1.7601270567147582E-016   1.1407309648632389E-015
  -2.9786195934513206E-017  0.22713514235243809        1.3270182840317365E-018  -2.2447388448539942E-018   1.0630323946224072E-018   6.5200408488275310E-018  -1.8664591785341881E-018  -1.3165645855115927E-018   3.2539270243585969E-018   2.5353219088870491E-019  -4.1278738962860108E-019  0.21762681878988382        2.4280481777360270E-017   3.3769264381036880E-018   2.1666150422380459E-017
  -1.2869829188493682E-016   1.3270182840317365E-018  0.22713514235243781        8.3373560539078292E-017  -3.1735566732559696E-017   8.6867566587365446E-018  -5.1045439874426627E-019  -1.7391160853521977E-017  -2.2426230973068653E-018  -2.3701040461301377E-017  -1.5895017947524254E-016  -7.9395221589303175E-019  0.21762681878988349       -3.8334924029245815E-018  -6.2697636382835420E-017
   1.7885420248966892E-016  -2.2447388448539942E-018   8.3373560539078292E-017  0.60336657316989095       -3.0104242324024299E-015  -7.5292829147036992E-017  -9.1629633127822201E-017  -3.0688352255620997E-015   1.1839818436166869E-016  -3.0647730938171052E-015  -2.2723779886166407E-016  -3.6261698657700407E-017   4.4665448606675230E-016  0.58179023472350055        9.3693078516163472E-003
  -1.8833712588893262E-017   1.0630323946224072E-018  -3.1735566732559696E-017  -3.0104242324024299E-015   1.5275887260053821E-029   5.1230546813024240E-031   2.6437051640153670E-031   1.5367730179799044E-029  -5.5478387942153962E-031   1.5433924956508345E-029  -1.8045296356490933E-017   1.0185317688679531E-018  -3.0407053523161338E-017  -2.9017960812883631E-015   6.6020237553160471E-016
  -6.4644812444315904E-019   6.5200408488275310E-018   8.6867566587365446E-018  -7.5292829147036992E-017   5.1230546813024240E-031   8.5918773738920534E-032  -9.5107707920119283E-032   4.1212932885307372E-031   4.8286166186751693E-033   4.5895964429556319E-031  -6.1938653516247500E-019   6.2470991217585924E-018   8.3231119485212873E-018  -7.2062151723342638E-017   3.8882325208309671E-016
  -1.6962379920145513E-018  -1.8664591785341881E-018  -5.1045439874426627E-019  -9.1629633127822201E-017   2.6437051640153670E-031  -9.5107707920119283E-032   1.6310706618692557E-031   4.2417278545625932E-031  -4.5439675819661593E-032   3.5687871035282401E-031  -1.6252301351930793E-018  -1.7883255282236253E-018  -4.8908577415842417E-019  -8.9106964962614352E-017  -5.4777668158470018E-016
   5.6112846754367198E-018  -1.3165645855115927E-018  -1.7391160853521977E-017  -3.0688352255620997E-015   1.5367730179799044E-029   4.1212932885307372E-031   4.2417278545625932E-031   1.5621906612947281E-029  -5.9436766176435357E-031   1.5620613380110889E-029   5.3763852682263816E-018  -1.2614506038510224E-018  -1.6663132672542812E-017  -2.9588822314226267E-015   1.0574665434746969E-016
  -1.2781818275292064E-018   3.2539270243585969E-018  -2.2426230973068653E-018   1.1839818436166869E-016  -5.5478387942153962E-031   4.8286166186751693E-033  -4.5439675819661593E-032  -5.9436766176435357E-031   2.8359624233908247E-032  -5.8126968700453216E-031  -1.2246746235711732E-018   3.1177112425288731E-018  -2.1487424858910413E-018   1.1430301705445587E-016   1.0237193474228955E-016
   1.3222427913446920E-017   2.5353219088870491E-019  -2.3701040461301377E-017  -3.0647730938171052E-015   1.5433924956508345E-029   4.5895964429556319E-031   3.5687871035282401E-031   1.5620613380110889E-029  -5.8126968700453216E-031   1.5649544388252276E-029   1.2668911088260362E-017   2.4291883498310697E-019  -2.2708868315939832E-017  -2.9546285966570160E-015   3.4983175629105443E-016
  0.21762681878988394       -4.1278738962860108E-019  -1.5895017947524254E-016  -2.2723779886166407E-016  -1.8045296356490933E-017  -6.1938653516247500E-019  -1.6252301351930793E-018   5.3763852682263816E-018  -1.2246746235711732E-018   1.2668911088260362E-017  0.20851653234317974       -1.2818431935113486E-019  -1.7163940359286199E-016  -2.1794704396509684E-016  -5.3689305455317121E-016
  -2.8259842563560988E-017  0.21762681878988382       -7.9395221589303175E-019  -3.6261698657700407E-017   1.0185317688679531E-018   6.2470991217585924E-018  -1.7883255282236253E-018  -1.2614506038510224E-018   3.1177112425288731E-018   2.4291883498310697E-019  -1.2818431935113486E-019  0.20851653234317991        2.1284243898606037E-017  -2.9698145922538700E-017  -1.0626165835895473E-017
  -1.4350534542196810E-016   2.4280481777360270E-017  0.21762681878988349        4.4665448606675230E-016  -3.0407053523161338E-017   8.3231119485212873E-018  -4.8908577415842417E-019  -1.6663132672542812E-017  -2.1487424858910413E-018  -2.2708868315939832E-017  -1.7163940359286199E-016   2.1284243898606037E-017  0.20851653234317957        3.4988997606562620E-016  -1.2133965608329415E-016
   1.7601270567147582E-016   3.3769264381036880E-018  -3.8334924029245815E-018  0.58179023472350055       -2.9017960812883631E-015  -7.2062151723342638E-017  -8.9106964962614352E-017  -2.9588822314226267E-015   1.1430301705445587E-016  -2.9546285966570160E-015  -2.1794704396509684E-016  -2.9698145922538700E-017   3.4988997606562620E-016  0.56098927572575141        1.1796016885948023E-002
   1.1407309648632389E-015   2.1666150422380459E-017  -6.2697636382835420E-017   9.3693078516163472E-003   6.6020237553160471E-016   3.8882325208309671E-016  -5.4777668158470018E-016   1.0574665434746969E-016   1.0237193474228955E-016   3.4983175629105443E-016  -5.3689305455317121E-016  -1.0626165835895473E-017  -1.2133965608329415E-016   1.1796016885948023E-002   2.0013330971151415     
