   2.8750614715866630E-006  -6.8780393041068886E-013  -2.5019136312157387E-012  -1.4955143294728135E-017   3.0796755314799221E-019  -2.3455341797910712E-019   3.2424401001248422E-019   7.8823372749973685E-019   1.1926109855086579E-018  -3.6121073143292533E-019   2.2197238437609646E-017  -1.7566930465802973E-011   1.3337253859533162E-012   5.0257440055272401E-012   6.2487563971954016E-017  -1.1603470008016120E-017  -2.3048341718872795E-003   2.9975703673290438E-010   1.0901472715189216E-009  -1.1930028131789238E-015   6.6294039877100980E-004   3.5478148708621611E-012   1.2015591851952057E-011  -4.4830652939088345E-019   3.1301260769247117E-019  -5.9641582998222486E-019   1.1149673648663885E-018  -3.9468039870836133E-019   1.6006438480044837E-018
  -6.8780393041068886E-013   2.8750599290280427E-006   1.4178288397793771E-012   5.8561808356351406E-016  -2.8677691222208380E-019   7.9955787010237674E-019   3.2298194332325415E-019   3.3136804375085221E-019   2.4289284028247524E-020  -9.9320739363598007E-021  -7.2230859912065355E-016   1.3337243985094842E-012  -1.4767336233367876E-011  -2.7954072303014657E-012   2.9240547215537497E-015  -3.2698868346292170E-015   2.9975793278027081E-010  -2.3048334993571100E-003  -6.1785461007620045E-010  -8.1822731578525303E-015   3.5469355985577194E-012   6.6294040770369957E-004  -7.0780953279171514E-012   2.7435366321868231E-019   5.3404034119729195E-019   2.1362250513077673E-019   2.8050048688481311E-019   2.5198002784405497E-019  -6.2732876865744388E-019
  -2.5019136312157387E-012   1.4178288397793771E-012   2.8750660440941912E-006  -1.1517111696273972E-016   1.7053306737333405E-019  -3.4207631853505648E-020   5.6134094178032576E-019  -7.8440468763699300E-019  -9.9537002840680414E-020  -1.0728880982090768E-019   1.1730248922914004E-016   5.0257422999687946E-012  -2.7954075624739712E-012  -2.6739372815212555E-011   1.8324930376610331E-015  -8.9897063930497782E-016   1.0901481427519178E-009  -6.1785452481232118E-010  -2.3048361642625352E-003  -3.6873870787967196E-015   1.2015530026613572E-011  -7.0788146362927453E-012   6.6294037674669124E-004  -3.2163788095455420E-020   7.1429930825516458E-019   2.0220427817264097E-019  -4.0090493315172812E-019   2.3760847277537298E-019  -1.2323936590114205E-018
  -1.4955143294728135E-017   5.8561808356351406E-016  -1.1517111696273972E-016  0.48084072864938859        4.7084644749341823E-009   1.8595349850722191E-009   9.6085501792373571E-009   5.6120286974928620E-009  -4.5854712418275108E-009  -1.0320491119341773E-008 -0.56875094401281312        1.3897445052871800E-016  -1.1899972997656140E-016  -1.0778212573862909E-016  -2.0056888692294744E-002  -3.5858441579420088E-003  -1.7466345494440058E-017   3.0965254979575503E-016  -4.1754454527169045E-016  -2.4790367800022720E-004   4.5609757123978344E-015  -2.7764327093132906E-015   1.1289130882247806E-015  -1.4582986888734964E-008  -1.1661146734106890E-008  -4.2118756505303093E-008  -3.7516777336165337E-008   2.3958988843584434E-008   5.2099776855109279E-008
   3.0796755314799221E-019  -2.8677691222208380E-019   1.7053306737333405E-019   4.7084644749341823E-009   4.6116253316909225E-017   1.8222895822907273E-017   9.4130241972864328E-017   5.5000168013171750E-017  -4.4928143965572604E-017  -1.0111639729649685E-016  -5.5677566088693878E-009  -4.1276330037280238E-024   1.2603054112017460E-024  -2.8361991106304955E-024  -3.3410097505921281E-010   5.6536459297916569E-012  -1.5757423835990223E-018   1.8043790074820966E-016  -8.9460657493045151E-017   2.3910287091808968E-014   9.2361572096538174E-016  -2.3804914147020811E-016   2.0354668837715646E-016  -1.4282101134144077E-016  -1.1421241100585647E-016  -4.1251189909833590E-016  -3.6745076745062243E-016   2.3465799962269716E-016   5.1027190914599738E-016
  -2.3455341797910712E-019   7.9955787010237674E-019  -3.4207631853505648E-020   1.8595349850722191E-009   1.8222895822907273E-017   7.2113218284332929E-018   3.7217716241420117E-017   2.1769283505016525E-017  -1.7770806714843040E-017  -3.9992166311444094E-017  -2.1971866566368763E-009   3.7580326826992620E-024  -5.7776411315973770E-024   1.1880346224730937E-024  -2.7740288429217852E-010   4.0080706274814896E-012   1.1490954751738581E-016  -5.6512453879083615E-016  -1.5991548345071435E-016   1.2573455565906913E-014  -3.0823172696793986E-016   4.4799202316478515E-016  -6.5900123953488754E-016  -5.6425716962648887E-017  -4.5130417801232303E-017  -1.6299064450106172E-016  -1.4519762126789798E-016   9.2720878407132240E-017   2.0162339552171914E-016
   3.2424401001248422E-019   3.2298194332325415E-019   5.6134094178032576E-019   9.6085501792373571E-009   9.4130241972864328E-017   3.7217716241420117E-017   1.9218018384987565E-016   1.1233882406782063E-016  -9.1741553972360122E-017  -2.0646900961466081E-016  -1.1358519363124391E-008  -1.1837255802702682E-024  -9.0487664371120525E-024  -4.2310683577744950E-024  -9.8638244657373520E-010   1.5243263535840367E-011  -3.1663913918825728E-017   5.4526314157190278E-017  -6.8057671099272880E-016   5.2586128665658398E-014   8.6814640561746458E-016   1.1638667637407401E-015  -6.7192623074444137E-016  -2.9149793663806191E-016  -2.3312319706567512E-016  -8.4196990353741113E-016  -7.5002042065974492E-016   4.7896295863572320E-016   1.0415186354763533E-015
   7.8823372749973685E-019   3.3136804375085221E-019  -7.8440468763699300E-019   5.6120286974928620E-009   5.5000168013171750E-017   2.1769283505016525E-017   1.1233882406782063E-016   6.5717971717815465E-017  -5.3642523921201308E-017  -1.2071809905911972E-016  -6.6303783317680909E-009  -7.1482971690665825E-024  -3.2185806006821195E-024   8.8856857866682891E-024  -8.9448277073936374E-010   1.2809398089199209E-011  -4.3419715844796247E-016  -1.4773718609739510E-016   4.8693167266367069E-016   4.1168521074434306E-014   8.6888577203724253E-016   4.8619514951282344E-016  -6.7404200107201339E-016  -1.7029954378492776E-016  -1.3621189123877683E-016  -4.9193129477572128E-016  -4.3823365767555449E-016   2.7984747693060835E-016   6.0853337665244985E-016
   1.1926109855086579E-018   2.4289284028247524E-020  -9.9537002840680414E-020  -4.5854712418275108E-009  -4.4928143965572604E-017  -1.7770806714843040E-017  -9.1741553972360122E-017  -5.3642523921201308E-017   4.3799399181787825E-017   9.8570638653947459E-017   5.4194862510860368E-009  -6.5453788594082402E-024   4.0783126096555038E-025   5.1781240722758072E-025   5.6583510747831190E-010  -8.4388611537606495E-012  -1.1579644070688755E-015   5.6027598818156814E-017   4.2128232874198999E-016  -2.8262308830528111E-014  -4.2669740399617039E-016   2.6802264912299363E-016   1.1639206467776904E-015   1.3912462342047353E-016   1.1126865842607288E-016   4.0186114052665939E-016   3.5798232664124787E-016  -2.2860493878103325E-016  -4.9710708661528750E-016
  -3.6121073143292533E-019  -9.9320739363598007E-021  -1.0728880982090768E-019  -1.0320491119341773E-008  -1.0111639729649685E-016  -3.9992166311444094E-017  -2.0646900961466081E-016  -1.2071809905911972E-016   9.8570638653947459E-017   2.2183443165179820E-016   1.2198133018395855E-008  -3.2242368434540556E-024   2.6161098131142167E-024  -1.8823113213981563E-026   1.2285353038166541E-009  -1.8432757925498605E-011   4.1991613883047509E-016  -6.4471181393529433E-017   2.3817196797262311E-016  -6.4602171024907814E-014   3.6974165908518706E-016  -2.5400574134590570E-016   5.0410703516359522E-016   3.1312048401970007E-016   2.5042424296305939E-016   9.0444298343034569E-016   8.0568423393296271E-016  -5.1450535572525071E-016  -1.1188050234956794E-015
   2.2197238437609646E-017  -7.2230859912065355E-016   1.1730248922914004E-016 -0.56875094401281312       -5.5677566088693878E-009  -2.1971866566368763E-009  -1.1358519363124391E-008  -6.6303783317680909E-009   5.4194862510860368E-009   1.2198133018395855E-008  0.67302238965570071       -1.6512225793005975E-016   1.6393819419145572E-016   1.4490689703415928E-016  -2.9203453702689006E-008  -9.8709685052209401E-009  -5.0935149835704147E-016   4.6759921164098795E-016   1.0698129797019153E-015   1.3984372504960041E-008   8.0534898195035878E-015  -2.8190526601361269E-015   1.1533202588152298E-015   1.7246044316078959E-008   1.3789425466068999E-008   4.9807696958410177E-008   4.4363738580750685E-008  -2.8332235289007096E-008  -6.1609797025002161E-008
  -1.7566930465802973E-011   1.3337243985094842E-012   5.0257422999687946E-012   1.3897445052871800E-016  -4.1276330037280238E-024   3.7580326826992620E-024  -1.1837255802702682E-024  -7.1482971690665825E-024  -6.5453788594082402E-024  -3.2242368434540556E-024  -1.6512225793005975E-016   1.5227421743844835E-016  -1.7441879595241546E-017  -6.9891776342712358E-017   2.9015527513695617E-017   8.2201749033170499E-017   1.1779234434991959E-008  -1.1608480803063934E-009  -4.3737411973977992E-009   1.0380764148049517E-015  -1.2056841721993890E-008  -1.1008845668787909E-011  -3.9510993053291291E-011  -1.0737572814090855E-023  -3.8963232433497129E-024  -9.3364816173519713E-024  -2.4597492756396398E-023   1.0077843840717537E-023  -5.3337269205407855E-024
   1.3337253859533162E-012  -1.4767336233367876E-011  -2.7954075624739712E-012  -1.1899972997656140E-016   1.2603054112017460E-024  -5.7776411315973770E-024  -9.0487664371120525E-024  -3.2185806006821195E-024   4.0783126096555038E-025   2.6161098131142167E-024   1.6393819419145572E-016  -1.7441879595241546E-017   1.2024377452288508E-016   3.7659226582155069E-017  -2.6340160745877244E-015   3.1765055669560722E-015  -1.1608488021837043E-009   9.3418965445805073E-009   2.4329188664378630E-009   8.3080891235525324E-015  -1.1008375625760019E-011  -1.2082119130370280E-008   2.2552742832902808E-011   8.8896460686416928E-025   1.0608967956935123E-024   6.5713296412404552E-024   1.5056276381469251E-024  -5.2869180139867705E-024  -2.7416139957528533E-025
   5.0257440055272401E-012  -2.7954072303014657E-012  -2.6739372815212555E-011  -1.0778212573862909E-016  -2.8361991106304955E-024   1.1880346224730937E-024  -4.2310683577744950E-024   8.8856857866682891E-024   5.1781240722758072E-025  -1.8823113213981563E-026   1.4490689703415928E-016  -6.9891776342712358E-017   3.7659226582155069E-017   2.7954065599410199E-016  -1.5834954851850516E-015   3.4863454761209627E-016  -4.3737426769033172E-009   2.4329187752674299E-009   1.9761754808588196E-008   3.9487094766099203E-015  -3.9510989854318428E-011   2.2553428128340052E-011  -1.1984591483524609E-008   8.4562986045055685E-025  -6.0189008304785436E-024   2.9319097763772459E-024   8.2005828587822688E-024  -8.5910148489615547E-024   5.5278536524753451E-024
   6.2487563971954016E-017   2.9240547215537497E-015   1.8324930376610331E-015  -2.0056888692294744E-002  -3.3410097505921281E-010  -2.7740288429217852E-010  -9.8638244657373520E-010  -8.9448277073936374E-010   5.6583510747831190E-010   1.2285353038166541E-009  -2.9203453702689006E-008   2.9015527513695617E-017  -2.6340160745877244E-015  -1.5834954851850516E-015   2.0115672497104744       -5.4230884583377168E-010   2.7793151973392387E-017  -1.3888385087191851E-015  -2.3557040947191916E-015  -3.4143308204539619E-008  -7.5688869438602131E-015   1.4979045855982998E-015  -5.5856240266104074E-016   8.9388412230685729E-010   8.1691610909448792E-010   2.7956265709900550E-009   2.6480480776790680E-009  -1.6374470820940904E-009  -3.5420123089221216E-009
  -1.1603470008016120E-017  -3.2698868346292170E-015  -8.9897063930497782E-016  -3.5858441579420088E-003   5.6536459297916569E-012   4.0080706274814896E-012   1.5243263535840367E-011   1.2809398089199209E-011  -8.4388611537606495E-012  -1.8432757925498605E-011  -9.8709685052209401E-009   8.2201749033170499E-017   3.1765055669560722E-015   3.4863454761209627E-016  -5.4230884583377168E-010   2.0004347315070587       -5.3267171877351531E-017   1.1804282480936751E-015  -1.1217666990438482E-016  -1.6231690792264280E-008  -1.8705910032533441E-015   4.8377241562617878E-016  -2.2843339491213623E-015  -2.1359890104737175E-011  -1.4820580474638105E-011  -5.6985544977586839E-011  -4.7218482795835387E-011   3.1364264109568526E-011   6.8638364563165028E-011
  -2.3048341718872795E-003   2.9975793278027081E-010   1.0901481427519178E-009  -1.7466345494440058E-017  -1.5757423835990223E-018   1.1490954751738581E-016  -3.1663913918825728E-017  -4.3419715844796247E-016  -1.1579644070688755E-015   4.1991613883047509E-016  -5.0935149835704147E-016   1.1779234434991959E-008  -1.1608488021837043E-009  -4.3737426769033172E-009   2.7793151973392387E-017  -5.3267171877351531E-017   2.0006136573359452       -4.0188635461934305E-010  -1.5037842030093083E-009  -2.3635999070684635E-016   1.9085291573141944E-010  -1.2381252656207329E-011  -4.5939072912479922E-011   9.7789834565218274E-016  -2.6105033573916840E-016   5.2752069889279991E-016  -5.4339756393292773E-016   2.9707865105533090E-016  -6.8754187877499780E-016
   2.9975703673290438E-010  -2.3048334993571100E-003  -6.1785452481232118E-010   3.0965254979575503E-016   1.8043790074820966E-016  -5.6512453879083615E-016   5.4526314157190278E-017  -1.4773718609739510E-016   5.6027598818156814E-017  -6.4471181393529433E-017   4.6759921164098795E-016  -1.1608480803063934E-009   9.3418965445805073E-009   2.4329187752674299E-009  -1.3888385087191851E-015   1.1804282480936751E-015  -4.0188635461934305E-010   2.0006136564806822        8.3952447646899077E-010   2.7674746590230154E-015  -1.2381077631313344E-011   1.6407451370017874E-010   2.5761379241172609E-011  -2.1054583126669883E-016  -5.4437208398491935E-016  -1.4180890716670396E-016   1.1235957796032284E-016  -2.6614522025582031E-016   1.6545176523581215E-016
   1.0901472715189216E-009  -6.1785461007620045E-010  -2.3048361642625352E-003  -4.1754454527169045E-016  -8.9460657493045151E-017  -1.5991548345071435E-016  -6.8057671099272880E-016   4.8693167266367069E-016   4.2128232874198999E-016   2.3817196797262311E-016   1.0698129797019153E-015  -4.3737411973977992E-009   2.4329188664378630E-009   1.9761754808588196E-008  -2.3557040947191916E-015  -1.1217666990438482E-016  -1.5037842030093083E-009   8.3952447646899077E-010   2.0006136600812146        1.6136852312060426E-015  -4.5938940897312895E-011   2.5761287324541260E-011   2.7474604538603627E-010   2.8162360523110034E-017  -4.2615759625597133E-016   5.4914531324898515E-017   7.1379735789196937E-016  -1.3535188432871349E-016   7.2405466023162302E-016
  -1.1930028131789238E-015  -8.1822731578525303E-015  -3.6873870787967196E-015  -2.4790367800022720E-004   2.3910287091808968E-014   1.2573455565906913E-014   5.2586128665658398E-014   4.1168521074434306E-014  -2.8262308830528111E-014  -6.4602171024907814E-014   1.3984372504960041E-008   1.0380764148049517E-015   8.3080891235525324E-015   3.9487094766099203E-015  -3.4143308204539619E-008  -1.6231690792264280E-008  -2.3635999070684635E-016   2.7674746590230154E-015   1.6136852312060426E-015   2.0000039402162098       -1.3186886677217427E-016   6.5559284722008972E-016  -2.1570012073712195E-016  -5.3883638438129139E-014  -3.3284827892663489E-014  -1.3235806844824457E-013  -1.0336297737905862E-013   7.1202337715212540E-014   1.5963502711673491E-013
   6.6294039877100980E-004   3.5469355985577194E-012   1.2015530026613572E-011   4.5609757123978344E-015   9.2361572096538174E-016  -3.0823172696793986E-016   8.6814640561746458E-016   8.6888577203724253E-016  -4.2669740399617039E-016   3.6974165908518706E-016   8.0534898195035878E-015  -1.2056841721993890E-008  -1.1008375625760019E-011  -3.9510989854318428E-011  -7.5688869438602131E-015  -1.8705910032533441E-015   1.9085291573141944E-010  -1.2381077631313344E-011  -4.5938940897312895E-011  -1.3186886677217427E-016   1.9999915150783865       -2.0606260401532889E-013  -7.3013441089493192E-013   2.0463112037488943E-015   3.7004416421458693E-017   3.4150916532430889E-017   1.4750496070797547E-015  -1.5816116630015317E-016   2.4392837932047665E-015
   3.5478148708621611E-012   6.6294040770369957E-004  -7.0788146362927453E-012  -2.7764327093132906E-015  -2.3804914147020811E-016   4.4799202316478515E-016   1.1638667637407401E-015   4.8619514951282344E-016   2.6802264912299363E-016  -2.5400574134590570E-016  -2.8190526601361269E-015  -1.1008845668787909E-011  -1.2082119130370280E-008   2.2553428128340052E-011   1.4979045855982998E-015   4.8377241562617878E-016  -1.2381252656207329E-011   1.6407451370017874E-010   2.5761287324541260E-011   6.5559284722008972E-016  -2.0606260401532889E-013   1.9999915150779262        4.1885310641736791E-013   9.5961587879143766E-017  -2.8086046559037094E-016   1.5174393071963620E-016   1.2368773404576809E-015  -1.6491337917008062E-016  -1.3176943839271339E-015
   1.2015591851952057E-011  -7.0780953279171514E-012   6.6294037674669124E-004   1.1289130882247806E-015   2.0354668837715646E-016  -6.5900123953488754E-016  -6.7192623074444137E-016  -6.7404200107201339E-016   1.1639206467776904E-015   5.0410703516359522E-016   1.1533202588152298E-015  -3.9510993053291291E-011   2.2552742832902808E-011  -1.1984591483524609E-008  -5.5856240266104074E-016  -2.2843339491213623E-015  -4.5939072912479922E-011   2.5761379241172609E-011   2.7474604538603627E-010  -2.1570012073712195E-016  -7.3013441089493192E-013   4.1885310641736791E-013   1.9999915150797924        8.3449379631167781E-019   6.7376823793016834E-016   8.0084606377247603E-016   1.2713784349710352E-015   2.4641807853071217E-016  -1.2013742711561852E-015
  -4.4830652939088345E-019   2.7435366321868231E-019  -3.2163788095455420E-020  -1.4582986888734964E-008  -1.4282101134144077E-016  -5.6425716962648887E-017  -2.9149793663806191E-016  -1.7029954378492776E-016   1.3912462342047353E-016   3.1312048401970007E-016   1.7246044316078959E-008  -1.0737572814090855E-023   8.8896460686416928E-025   8.4562986045055685E-025   8.9388412230685729E-010  -2.1359890104737175E-011   9.7789834565218274E-016  -2.1054583126669883E-016   2.8162360523110034E-017  -5.3883638438129139E-014   2.0463112037488943E-015   9.5961587879143766E-017   8.3449379631167781E-019   4.4232337444359184E-016   3.5371403715453197E-016   1.2775537152123347E-015   1.1379878466564882E-015  -7.2673500035520746E-016  -1.5803116193700754E-015
   3.1301260769247117E-019   5.3404034119729195E-019   7.1429930825516458E-019  -1.1661146734106890E-008  -1.1421241100585647E-016  -4.5130417801232303E-017  -2.3312319706567512E-016  -1.3621189123877683E-016   1.1126865842607288E-016   2.5042424296305939E-016   1.3789425466068999E-008  -3.8963232433497129E-024   1.0608967956935123E-024  -6.0189008304785436E-024   8.1691610909448792E-010  -1.4820580474638105E-011  -2.6105033573916840E-016  -5.4437208398491935E-016  -4.2615759625597133E-016  -3.3284827892663489E-014   3.7004416421458693E-017  -2.8086046559037094E-016   6.7376823793016834E-016   3.5371403715453197E-016   2.8286073667292543E-016   1.0216360155617677E-015   9.1003580064385709E-016  -5.8115890041248734E-016  -1.2637501602452800E-015
  -5.9641582998222486E-019   2.1362250513077673E-019   2.0220427817264097E-019  -4.2118756505303093E-008  -4.1251189909833590E-016  -1.6299064450106172E-016  -8.4196990353741113E-016  -4.9193129477572128E-016   4.0186114052665939E-016   9.0444298343034569E-016   4.9807696958410177E-008  -9.3364816173519713E-024   6.5713296412404552E-024   2.9319097763772459E-024   2.7956265709900550E-009  -5.6985544977586839E-011   5.2752069889279991E-016  -1.4180890716670396E-016   5.4914531324898515E-017  -1.3235806844824457E-013   3.4150916532430889E-017   1.5174393071963620E-016   8.0084606377247603E-016   1.2775537152123347E-015   1.0216360155617677E-015   3.6899554905262796E-015   3.2868645110712994E-015  -2.0990320690478352E-015  -4.5644193848958170E-015
   1.1149673648663885E-018   2.8050048688481311E-019  -4.0090493315172812E-019  -3.7516777336165337E-008  -3.6745076745062243E-016  -1.4519762126789798E-016  -7.5002042065974492E-016  -4.3823365767555449E-016   3.5798232664124787E-016   8.0568423393296271E-016   4.4363738580750685E-008  -2.4597492756396398E-023   1.5056276381469251E-024   8.2005828587822688E-024   2.6480480776790680E-009  -4.7218482795835387E-011  -5.4339756393292773E-016   1.1235957796032284E-016   7.1379735789196937E-016  -1.0336297737905862E-013   1.4750496070797547E-015   1.2368773404576809E-015   1.2713784349710352E-015   1.1379878466564882E-015   9.1003580064385709E-016   3.2868645110712994E-015   2.9278196172479451E-015  -1.8697373735581393E-015  -4.0658085020662010E-015
  -3.9468039870836133E-019   2.5198002784405497E-019   2.3760847277537298E-019   2.3958988843584434E-008   2.3465799962269716E-016   9.2720878407132240E-017   4.7896295863572320E-016   2.7984747693060835E-016  -2.2860493878103325E-016  -5.1450535572525071E-016  -2.8332235289007096E-008   1.0077843840717537E-023  -5.2869180139867705E-024  -8.5910148489615547E-024  -1.6374470820940904E-009   3.1364264109568526E-011   2.9707865105533090E-016  -2.6614522025582031E-016  -1.3535188432871349E-016   7.1202337715212540E-014  -1.5816116630015317E-016  -1.6491337917008062E-016   2.4641807853071217E-016  -7.2673500035520746E-016  -5.8115890041248734E-016  -2.0990320690478352E-015  -1.8697373735581393E-015   1.1940360048510217E-015   2.5964730348179088E-015
   1.6006438480044837E-018  -6.2732876865744388E-019  -1.2323936590114205E-018   5.2099776855109279E-008   5.1027190914599738E-016   2.0162339552171914E-016   1.0415186354763533E-015   6.0853337665244985E-016  -4.9710708661528750E-016  -1.1188050234956794E-015  -6.1609797025002161E-008  -5.3337269205407855E-024  -2.7416139957528533E-025   5.5278536524753451E-024  -3.5420123089221216E-009   6.8638364563165028E-011  -6.8754187877499780E-016   1.6545176523581215E-016   7.2405466023162302E-016   1.5963502711673491E-013   2.4392837932047665E-015  -1.3176943839271339E-015  -1.2013742711561852E-015  -1.5803116193700754E-015  -1.2637501602452800E-015  -4.5644193848958170E-015  -4.0658085020662010E-015   2.5964730348179088E-015   5.6461215578733486E-015
