  0.37341872796971587       -1.7575086622579483E-016  -1.0359777633551593E-016   1.6914071373753732E-016  0.53554015907422770       -5.8504565666854586E-017  -2.8935774855469918E-016  -1.3913987804407212E-016   9.5504219590240267E-018  -3.1607435202220842E-017   3.2227052313233035E-017  -1.6202347660970793E-017   7.0380881328978013E-018   6.6519257019669722E-018   3.1177526735413368E-016
  -1.7575086622579483E-016  0.37341872796971348        1.1528294877328371E-016   3.6247899679874516E-016  -1.3259736100634545E-016  0.53554015907422758       -1.0261521811670095E-016   2.6284315968634562E-016  -2.5292780846220599E-016  -1.2364601846947850E-017   1.7382515682573009E-017  -1.5231397868171036E-016  -8.4520847705335833E-018  -1.3559685175845938E-016  -3.3794290096613072E-016
  -1.0359777633551593E-016   1.1528294877328371E-016  0.37341872796971637       -1.1582689687175989E-016  -3.8449648919030215E-016   9.6450935843057768E-017  0.53554015907422936       -3.0292368746487309E-016   2.2269665760363385E-016  -2.6446275616333619E-018   1.7880394584857323E-018   2.1501856932354914E-016   3.2741937050045382E-018   2.3981429192946243E-016   8.8892112048229297E-017
   1.6914071373753732E-016   3.6247899679874516E-016  -1.1582689687175989E-016  0.63138055256579362        4.7151839074105733E-016   4.2807914568979990E-016  -4.1651380341265714E-016  0.58515749649678106        6.9344482175174200E-015  -4.3464321129007171E-017  -1.2167755306022552E-017   6.7425552977898473E-015   5.7828007351266637E-018   6.4462028081231981E-015  -1.0281673378435827E-003
  0.53554015907422770       -1.3259736100634545E-016  -3.8449648919030215E-016   4.7151839074105733E-016  0.76804734336867209        8.7413800156644042E-017  -7.5332851574271454E-016   1.0126163469903773E-017   1.3696780884479161E-017  -4.5329946272803102E-017   4.6218572957385011E-017  -2.3236670241229697E-017   1.0093705955144790E-017   9.5398893567828197E-018  -1.0058555743187714E-015
  -5.8504565666854586E-017  0.53554015907422758        9.6450935843057768E-017   4.2807914568979990E-016   8.7413800156644042E-017  0.76804734336867664       -2.4595366275502055E-016   2.9210745323674145E-016  -3.6273756143567592E-016  -1.7732749709706593E-017   2.4929213551684623E-017  -2.1844178200684110E-016  -1.2121595633756030E-017  -1.9446683875635677E-016  -3.6703839445729070E-016
  -2.8935774855469918E-016  -1.0261521811670095E-016  0.53554015907422936       -4.1651380341265714E-016  -7.5332851574271454E-016  -2.4595366275502055E-016  0.76804734336867575       -6.6769989318975769E-016   3.1938141958434422E-016  -3.7928045889655139E-018   2.5643248833145576E-018   3.0836985452101953E-016   4.6956997233415952E-018   3.4393075233921399E-016  -5.6217393216311577E-016
  -1.3913987804407212E-016   2.6284315968634562E-016  -3.0292368746487309E-016  0.58515749649678106        1.0126163469903773E-017   2.9210745323674145E-016  -6.6769989318975769E-016  0.54232437983024218        6.4296640621419077E-015  -4.0317903471164901E-017  -1.0911793485091444E-017   6.2511638251535617E-015   5.4100056200258601E-018   5.9772426905736237E-015   2.5045116203432386E-003
   9.5504219590240267E-018  -2.5292780846220599E-016   2.2269665760363385E-016   6.9344482175174200E-015   1.3696780884479161E-017  -3.6273756143567592E-016   3.1938141958434422E-016   6.4296640621419077E-015   7.7857369738682973E-029  -4.8855782008666661E-031   3.2771093639482010E-032   7.5359869140746799E-029   9.5779378722107093E-032   7.2464178240300191E-029   1.6578512516615743E-015
  -3.1607435202220842E-017  -1.2364601846947850E-017  -2.6446275616333619E-018  -4.3464321129007171E-017  -4.5329946272803102E-017  -1.7732749709706593E-017  -3.7928045889655139E-018  -4.0317903471164901E-017  -4.8855782008666661E-031   6.3076016341687055E-033  -4.6540524022018338E-033  -4.7253857911822663E-031  -1.0383794695431738E-033  -4.5918353259132891E-031  -2.0528276365835103E-017
   3.2227052313233035E-017   1.7382515682573009E-017   1.7880394584857323E-018  -1.2167755306022552E-017   4.6218572957385011E-017   2.4929213551684623E-017   2.5643248833145576E-018  -1.0911793485091444E-017   3.2771093639482010E-032  -4.6540524022018338E-033   2.6160364207412288E-032  -1.1972869868259205E-033   3.2095709980492670E-033   5.2355132194601155E-032   2.1141134852561879E-016
  -1.6202347660970793E-017  -1.5231397868171036E-016   2.1501856932354914E-016   6.7425552977898473E-015  -2.3236670241229697E-017  -2.1844178200684110E-016   3.0836985452101953E-016   6.2511638251535617E-015   7.5359869140746799E-029  -4.7253857911822663E-031  -1.1972869868259205E-033   7.3021720975374779E-029   8.5640855891848101E-032   7.0137764812120171E-029   1.2785836350222606E-015
   7.0380881328978013E-018  -8.4520847705335833E-018   3.2741937050045382E-018   5.7828007351266637E-018   1.0093705955144790E-017  -1.2121595633756030E-017   4.6956997233415952E-018   5.4100056200258601E-018   9.5779378722107093E-032  -1.0383794695431738E-033   3.2095709980492670E-033   8.5640855891848101E-032   8.3366295841955239E-034   8.9423151482659427E-032   2.9259793568814772E-017
   6.6519257019669722E-018  -1.3559685175845938E-016   2.3981429192946243E-016   6.4462028081231981E-015   9.5398893567828197E-018  -1.9446683875635677E-016   3.4393075233921399E-016   5.9772426905736237E-015   7.2464178240300191E-029  -4.5918353259132891E-031   5.2355132194601155E-032   7.0137764812120171E-029   8.9423151482659427E-032   6.7487286601754109E-029   1.7048617096639657E-015
   3.1177526735413368E-016  -3.3794290096613072E-016   8.8892112048229297E-017  -1.0281673378435827E-003  -1.0058555743187714E-015  -3.6703839445729070E-016  -5.6217393216311577E-016   2.5045116203432386E-003   1.6578512516615743E-015  -2.0528276365835103E-017   2.1141134852561879E-016   1.2785836350222606E-015   2.9259793568814772E-017   1.7048617096639657E-015   2.0014629843538261     
