  0.19019058106152106        5.5552096917148582E-017   2.3965738520685038E-016  -3.7200153025511126E-016  -1.3545857934105136E-017   1.1408983690635562E-018  -2.0269143452718185E-018  -8.1253978855684959E-018   2.2298650453166394E-018  -1.1714113854894769E-017   8.5479943813019377E-002  -8.7383438086411142E-017   7.3768199918067235E-017  -4.7498933498334446E-016  -8.2368006545275319E-003   1.3469888669588292E-016  -7.6325048377298703E-018  -3.6866145202560932E-016   2.3186661946584397E-016  -1.6905691169540407E-016   2.3405729113504635E-016   4.6121041920245957E-017  -6.5469857258980063E-018  -5.1912828966471866E-016   1.2561461337128859E-015
   5.5552096917148582E-017  0.19019058106152029        6.1509010322172115E-018   8.1366177207670214E-017  -6.3072127191821916E-017   2.3469156835888624E-018  -9.6203972875882737E-019  -5.9178651432775649E-017   3.9636921682978123E-019  -5.8016887010542571E-017  -7.3899149222372383E-017   8.5479943813020764E-002   3.3581955017383605E-017  -1.8685718638877129E-016   1.0333590198265503E-017  -8.2368006545261458E-003  -4.9554679724831623E-017  -2.4673932014134200E-016   1.4685521363183081E-016  -4.4480759604804231E-017   6.7591658536136483E-017   2.6312904645620515E-017   1.3581871211083733E-016  -1.2730552972150171E-016  -3.2545093635588305E-016
   2.3965738520685038E-016   6.1509010322172115E-018  0.19019058106151807        5.3811939459407404E-017  -4.2118733985768104E-017  -1.9030121031443221E-017  -3.2886375135796879E-018  -4.4172582649442459E-017  -3.8439287687422264E-019  -3.3983439006031811E-017   8.2487880173863252E-017   3.4324741976579498E-017   8.5479943813021791E-002  -4.7449464552144110E-016  -6.5456663947937943E-016  -1.3389395684846703E-015  -8.2368006545258318E-003   2.2735819932345483E-016  -1.6469215405656577E-015  -3.3248729227939145E-016  -2.4475953796704534E-016  -1.7822074651385813E-016   8.4927821544094484E-016   7.1195860569694332E-016   1.6191952669005759E-016
  -3.7200153025511126E-016   8.1366177207670214E-017   5.3811939459407404E-017  0.52262566052623105       -4.4798989677200613E-015   2.3164023775990251E-016  -3.2881752714903204E-017  -4.4423656110628895E-015   4.5179406784140927E-017  -7.1885880010854473E-016  -5.3239386200500265E-016   1.3302165067380316E-016  -5.0280686787870215E-017  0.67161081512210052        5.2577683045591685E-016   8.0403848599278216E-016   4.3227921384855795E-016   1.1853443283877732E-014   3.1857246950063755E-015  -1.4451658536251810E-015   5.2770147881771326E-015   3.2138977271733036E-016  -1.5011301932440264E-015  0.49288059701663561       -5.4572785397319582E-003
  -1.3545857934105136E-017  -6.3072127191821916E-017  -4.2118733985768104E-017  -4.4798989677200613E-015   2.5171279719250436E-004  -2.2798407367366874E-017  -1.9162996706766333E-017  -1.2585639859615257E-004   5.1670186188444582E-018  -1.2585639859623185E-004  -2.4757878488412498E-018  -2.6227249890261238E-017  -3.5666002884776022E-017  -6.3410298187258938E-015  -2.0773634783910553E-016   2.6053573642868437E-017  -8.4668668029016209E-017   2.2381193739588596E-002  -1.9491884413149265E-015  -4.1152526311216471E-016  -1.1190596869789756E-002   6.6196579063478252E-016  -1.1190596869798012E-002  -3.5974476111171364E-015  -9.6266217543053030E-015
   1.1408983690635562E-018   2.3469156835888624E-018  -1.9030121031443221E-017   2.3164023775990251E-016  -2.2798407367366874E-017   2.5171279719196741E-004  -4.1092823227016529E-018   3.2916314098314807E-017   1.2143540581075309E-017   2.6039233747223865E-017   8.8319807602550241E-019  -1.2043162112401535E-018   1.2852963949922137E-017   1.6506517658245894E-016   4.6534169237016225E-016  -5.9770139492299946E-016  -1.5449586486293549E-016  -2.5854626886835769E-017   2.2381193739564445E-002  -4.9093050241013985E-016   8.1124622874928007E-016  -1.3736256543262146E-016  -6.8911667737029998E-016   2.7590345463144091E-016  -2.1137394217848312E-016
  -2.0269143452718185E-018  -9.6203972875882737E-019  -3.2886375135796879E-018  -3.2881752714903204E-017  -1.9162996706766333E-017  -4.1092823227016529E-018   2.5171279719199500E-004   5.6966075901955498E-018  -4.2581855863091587E-017   1.2061477853660332E-017   3.3204886080569242E-018  -1.2281637334796325E-019  -3.7107813570422622E-019  -1.5631506932485139E-017  -4.4467222314649358E-017   2.9936531627264369E-016  -5.9855252556529356E-016  -1.2763743638893224E-015   1.0627285637836277E-016   2.2381193739565677E-002   3.2003954065877582E-016  -2.4224400872946346E-015   9.9039687346711650E-016   1.7957363694613373E-017   1.8464367927437089E-016
  -8.1253978855684959E-018  -5.9178651432775649E-017  -4.4172582649442459E-017  -4.4423656110628895E-015  -1.2585639859615257E-004   3.2916314098314807E-017   5.6966075901955498E-018   2.5171279719254041E-004  -1.7886582988931763E-017  -1.2585639859628311E-004  -4.6207592513791303E-018  -2.7518491172975352E-017  -9.0618895978955329E-018  -6.1106878530699109E-015  -3.4619593847524983E-017   1.4289927574272309E-016  -8.0699471931976491E-016  -1.1190596869789271E-002   2.1297841953782968E-015   1.9309915977674721E-016   2.2381193739590188E-002  -7.3642293807886032E-016  -1.1190596869800047E-002  -3.4581023133209450E-015  -1.0933735886751616E-014
   2.2298650453166394E-018   3.9636921682978123E-019  -3.8439287687422264E-019   4.5179406784140927E-017   5.1670186188444582E-018   1.2143540581075309E-017  -4.2581855863091587E-017  -1.7886582988931763E-017   2.5171279719185942E-004   2.8552928095293384E-017  -2.5321911012716142E-018  -7.2328856057479587E-020   3.0939106639327772E-018   2.0430864886502922E-017  -8.2050545179980097E-016  -4.9425453884907117E-017  -4.1224200618792040E-016  -2.0036933951598200E-016   1.2314021785675373E-015  -1.3305978629133536E-015  -8.6764485875102340E-016   2.2381193739559671E-002   1.0515820866537941E-015   1.4471848061561160E-017  -1.5227806564927717E-015
  -1.1714113854894769E-017  -5.8016887010542571E-017  -3.3983439006031811E-017  -7.1885880010854473E-016  -1.2585639859623185E-004   2.6039233747223865E-017   1.2061477853660332E-017  -1.2585639859628311E-004   2.8552928095293384E-017   2.5171279719229023E-004  -7.9988325225424658E-018  -2.7221308889200315E-017  -9.5676506118425473E-018  -4.2276468824008833E-016  -4.2209528506720287E-017   6.6067790003983066E-018   1.4243250396604716E-016  -1.1190596869788657E-002   3.0343381971685769E-015   9.3507990453901734E-017  -1.1190596869791120E-002   1.4822896582448964E-015   2.2381193739578080E-002  -2.1230810553918410E-015  -8.2419926472549746E-015
   8.5479943813019377E-002  -7.3899149222372383E-017   8.2487880173863252E-017  -5.3239386200500265E-016  -2.4757878488412498E-018   8.8319807602550241E-019   3.3204886080569242E-018  -4.6207592513791303E-018  -2.5321911012716142E-018  -7.9988325225424658E-018   3.8418616064095162E-002  -8.3917744702833918E-017   2.1705380766471710E-017  -7.1564610794250868E-016  -3.0688387279311368E-003  -7.5129178952120659E-016  -7.0909734185408100E-016   1.6118533974366474E-016   1.2386390268111171E-016   3.0161890107274434E-016   1.9972138297277421E-017  -2.7043538009436591E-016  -2.4452943123949440E-016  -5.8323906616062113E-016  -1.3776433921076309E-015
  -8.7383438086411142E-017   8.5479943813020764E-002   3.4324741976579498E-017   1.3302165067380316E-016  -2.6227249890261238E-017  -1.2043162112401535E-018  -1.2281637334796325E-019  -2.7518491172975352E-017  -7.2328856057479587E-020  -2.7221308889200315E-017  -8.3917744702833918E-017   3.8418616064096564E-002   2.9949308631633455E-017   4.4046396662073910E-017   1.6601418706620363E-016  -3.0688387279315878E-003   1.3124626373648180E-016   7.6034945285597449E-017  -1.1781415847888429E-016  -1.0093406085535431E-018  -5.6092524991457232E-017  -9.0071953098163247E-018  -4.1616335168367390E-017   3.1683364238310394E-017   1.1088816964625881E-016
   7.3768199918067235E-017   3.3581955017383605E-017   8.5479943813021791E-002  -5.0280686787870215E-017  -3.5666002884776022E-017   1.2852963949922137E-017  -3.7107813570422622E-019  -9.0618895978955329E-018   3.0939106639327772E-018  -9.5676506118425473E-018   2.1705380766471710E-017   2.9949308631633455E-017   3.8418616064097931E-002  -3.1555825498532592E-016   5.9571357186708972E-017   1.3635542151791802E-015  -3.0688387279343829E-003  -1.3838535394621108E-015   1.1674022888926753E-015  -3.3936400091762079E-017   8.7199389660185798E-016   2.2201462019768025E-016   8.8464580104895649E-016   2.4698472562217633E-016  -3.1326575349737704E-016
  -4.7498933498334446E-016  -1.8685718638877129E-016  -4.7449464552144110E-016  0.67161081512210052       -6.3410298187258938E-015   1.6506517658245894E-016  -1.5631506932485139E-017  -6.1106878530699109E-015   2.0430864886502922E-017  -4.2276468824008833E-016  -7.1564610794250868E-016   4.4046396662073910E-017  -3.1555825498532592E-016  0.86362392360780105        4.5939156533357640E-017   1.9491820230286639E-016   1.7418343630780575E-016  -2.2763410451382367E-014  -7.2783495133633169E-015   2.4270071271488196E-016  -1.3103203043254562E-014  -6.6705865056277444E-016   5.2918415484753390E-014  0.63348529345295013        2.6164661521685454E-002
  -8.2368006545275319E-003   1.0333590198265503E-017  -6.5456663947937943E-016   5.2577683045591685E-016  -2.0773634783910553E-016   4.6534169237016225E-016  -4.4467222314649358E-017  -3.4619593847524983E-017  -8.2050545179980097E-016  -4.2209528506720287E-017  -3.0688387279311368E-003   1.6601418706620363E-016   5.9571357186708972E-017   4.5939156533357640E-017   2.0004520099819967        5.4550968592673092E-017  -9.2176533422846252E-017  -5.4177239066410540E-016  -5.9371558682992648E-016   3.3108507117253605E-016  -2.0531122150920210E-016   1.8383782378329014E-017   9.6652343030574311E-016   1.4556842098115351E-015   1.0567191768284191E-015
   1.3469888669588292E-016  -8.2368006545261458E-003  -1.3389395684846703E-015   8.0403848599278216E-016   2.6053573642868437E-017  -5.9770139492299946E-016   2.9936531627264369E-016   1.4289927574272309E-016  -4.9425453884907117E-017   6.6067790003983066E-018  -7.5129178952120659E-016  -3.0688387279315878E-003   1.3635542151791802E-015   1.9491820230286639E-016   5.4550968592673092E-017   2.0004520099820118        3.5681113638344683E-016  -2.9099424425406678E-015   7.3132662842132900E-016  -3.7104827812258707E-016  -1.9861620170650721E-015   1.4748823365435562E-016  -2.0518368412514537E-015  -8.1918198060147992E-015  -3.3819066882729701E-015
  -7.6325048377298703E-018  -4.9554679724831623E-017  -8.2368006545258318E-003   4.3227921384855795E-016  -8.4668668029016209E-017  -1.5449586486293549E-016  -5.9855252556529356E-016  -8.0699471931976491E-016  -4.1224200618792040E-016   1.4243250396604716E-016  -7.0909734185408100E-016   1.3124626373648180E-016  -3.0688387279343829E-003   1.7418343630780575E-016  -9.2176533422846252E-017   3.5681113638344683E-016   2.0004520099820060       -1.2124695598487531E-015  -2.1980412386166397E-016   7.0608145256715076E-016  -8.5542465799452985E-016   1.7476129903534819E-016  -1.4291477210137127E-015  -4.7414722973045795E-015  -2.4694922293987482E-015
  -3.6866145202560932E-016  -2.4673932014134200E-016   2.2735819932345483E-016   1.1853443283877732E-014   2.2381193739588596E-002  -2.5854626886835769E-017  -1.2763743638893224E-015  -1.1190596869789271E-002  -2.0036933951598200E-016  -1.1190596869788657E-002   1.6118533974366474E-016   7.6034945285597449E-017  -1.3838535394621108E-015  -2.2763410451382367E-014  -5.4177239066410540E-016  -2.9099424425406678E-015  -1.2124695598487531E-015   1.9900372122356131        4.6316972812979771E-015   1.4216620044957488E-015 -0.99501860611774362        1.9280206297049717E-016 -0.99501860611779624        6.9449193375453675E-014  -2.9748320042260584E-014
   2.3186661946584397E-016   1.4685521363183081E-016  -1.6469215405656577E-015   3.1857246950063755E-015  -1.9491884413149265E-015   2.2381193739564445E-002   1.0627285637836277E-016   2.1297841953782968E-015   1.2314021785675373E-015   3.0343381971685769E-015   1.2386390268111171E-016  -1.1781415847888429E-016   1.1674022888926753E-015  -7.2783495133633169E-015  -5.9371558682992648E-016   7.3132662842132900E-016  -2.1980412386166397E-016   4.6316972812979771E-015   1.9900372122355638       -1.7140728127227473E-015   1.2676356275428969E-015   1.2704969048387207E-015   2.6610116020397982E-015   8.1867987300645587E-015   6.3453170983095327E-015
  -1.6905691169540407E-016  -4.4480759604804231E-017  -3.3248729227939145E-016  -1.4451658536251810E-015  -4.1152526311216471E-016  -4.9093050241013985E-016   2.2381193739565677E-002   1.9309915977674721E-016  -1.3305978629133536E-015   9.3507990453901734E-017   3.0161890107274434E-016  -1.0093406085535431E-018  -3.3936400091762079E-017   2.4270071271488196E-016   3.3108507117253605E-016  -3.7104827812258707E-016   7.0608145256715076E-016   1.4216620044957488E-015  -1.7140728127227473E-015   1.9900372122355650        5.8872177965962891E-016   2.9478576155615721E-015   1.0182013652354494E-015   2.9435223854385220E-015   4.6337892015404121E-016
   2.3405729113504635E-016   6.7591658536136483E-017  -2.4475953796704534E-016   5.2770147881771326E-015  -1.1190596869789756E-002   8.1124622874928007E-016   3.2003954065877582E-016   2.2381193739590188E-002  -8.6764485875102340E-016  -1.1190596869791120E-002   1.9972138297277421E-017  -5.6092524991457232E-017   8.7199389660185798E-016  -1.3103203043254562E-014  -2.0531122150920210E-016  -1.9861620170650721E-015  -8.5542465799452985E-016 -0.99501860611774362        1.2676356275428969E-015   5.8872177965962891E-016   1.9900372122356120       -1.2155939232635915E-015 -0.99501860611779092        7.2830891445970006E-014  -3.1494113313042996E-014
   4.6121041920245957E-017   2.6312904645620515E-017  -1.7822074651385813E-016   3.2138977271733036E-016   6.6196579063478252E-016  -1.3736256543262146E-016  -2.4224400872946346E-015  -7.3642293807886032E-016   2.2381193739559671E-002   1.4822896582448964E-015  -2.7043538009436591E-016  -9.0071953098163247E-018   2.2201462019768025E-016  -6.6705865056277444E-016   1.8383782378329014E-017   1.4748823365435562E-016   1.7476129903534819E-016   1.9280206297049717E-016   1.2704969048387207E-015   2.9478576155615721E-015  -1.2155939232635915E-015   1.9900372122355687       -4.3822096559148482E-016  -1.7958031438800009E-015  -3.3098130460189752E-016
  -6.5469857258980063E-018   1.3581871211083733E-016   8.4927821544094484E-016  -1.5011301932440264E-015  -1.1190596869798012E-002  -6.8911667737029998E-016   9.9039687346711650E-016  -1.1190596869800047E-002   1.0515820866537941E-015   2.2381193739578080E-002  -2.4452943123949440E-016  -4.1616335168367390E-017   8.8464580104895649E-016   5.2918415484753390E-014   9.6652343030574311E-016  -2.0518368412514537E-015  -1.4291477210137127E-015 -0.99501860611779624        2.6610116020397982E-015   1.0182013652354494E-015 -0.99501860611779092       -4.3822096559148482E-016   1.9900372122354364       -1.2807957949347980E-013  -1.1968333531961134E-013
  -5.1912828966471866E-016  -1.2730552972150171E-016   7.1195860569694332E-016  0.49288059701663561       -3.5974476111171364E-015   2.7590345463144091E-016   1.7957363694613373E-017  -3.4581023133209450E-015   1.4471848061561160E-017  -2.1230810553918410E-015  -5.8323906616062113E-016   3.1683364238310394E-017   2.4698472562217633E-016  0.63348529345295013        1.4556842098115351E-015  -8.1918198060147992E-015  -4.7414722973045795E-015   6.9449193375453675E-014   8.1867987300645587E-015   2.9435223854385220E-015   7.2830891445970006E-014  -1.7958031438800009E-015  -1.2807957949347980E-013  0.46484606338038398        7.5252203782752295E-004
   1.2561461337128859E-015  -3.2545093635588305E-016   1.6191952669005759E-016  -5.4572785397319582E-003  -9.6266217543053030E-015  -2.1137394217848312E-016   1.8464367927437089E-016  -1.0933735886751616E-014  -1.5227806564927717E-015  -8.2419926472549746E-015  -1.3776433921076309E-015   1.1088816964625881E-016  -3.1326575349737704E-016   2.6164661521685454E-002   1.0567191768284191E-015  -3.3819066882729701E-015  -2.4694922293987482E-015  -2.9748320042260584E-014   6.3453170983095327E-015   4.6337892015404121E-016  -3.1494113313042996E-014  -3.3098130460189752E-016  -1.1968333531961134E-013   7.5252203782752295E-004   1.9774076344159510     
