  0.30119832625742637        6.2075999227739250E-017   1.5158795180930417E-016   9.9635242697660412E-017  -8.9363084978213645E-017  -2.8578167986239081E-017  -1.1935178140868551E-018  -2.4511578117265501E-017  -3.4737344242232675E-018  -2.3044796960380431E-017  0.19138428472257210       -3.4236251505194545E-019   5.8234699809948694E-017   6.6536959742317930E-018  -1.0258326881387317E-002   4.7047316560302939E-016  -2.1373304449925917E-016   3.9612136640164196E-016   5.6451288929737939E-017   5.2445468659517814E-016  -3.1868152155144930E-016  -2.9280385802944118E-016  -4.5054446678684643E-017   7.0078805426963239E-017  -2.5460567948165291E-016
   6.2075999227739250E-017  0.30119832625743026       -2.9098544566661222E-016  -1.0374027863733063E-016  -1.5127650774722992E-016   8.8551342845252515E-018  -1.8175855398861263E-018  -1.2281420219529851E-016  -3.1297290694068125E-018  -1.2969805413810586E-016   1.6470065078787877E-017  0.19138428472257235       -2.7549815732772483E-016  -6.0242752956054419E-016  -8.7659395595048432E-017  -1.0258326881388780E-002  -4.9552887939611297E-016   3.6233657740331150E-016  -2.7752170403375446E-016  -2.7786384731128282E-018  -1.7607112431612530E-016   2.7641763399817203E-018  -2.2600345100539567E-016  -4.1239914428915715E-016  -3.3400948336033242E-016
   1.5158795180930417E-016  -2.9098544566661222E-016  0.30119832625743331        3.6618634045833776E-016  -9.7086526059667573E-017  -3.7289597056979459E-020  -2.4937696437240690E-019  -1.1804380930341373E-016  -1.2535521931577389E-017  -8.9159064413106357E-017   1.5012417042343214E-017  -5.2803879420203023E-016  0.19138428472257224       -1.7437201169651753E-016   5.1743279020990119E-017  -1.2057966571221749E-015  -1.0258326881385069E-002   1.3605875313478794E-015   3.8705919363224537E-016   1.7267830030303858E-017  -1.0668050102915628E-015   3.5787399610656271E-016  -5.2847297893771866E-016  -2.7363004127457204E-016   1.3492610521923860E-015
   9.9635242697660412E-017  -1.0374027863733063E-016   3.6618634045833776E-016  0.51615971269803163       -4.4764477046492551E-015   6.7436665847156445E-017  -6.1749694123768720E-016  -5.2980952711563312E-015  -2.3229634198436251E-016  -6.7478715751230886E-015  -5.3709315377321651E-016   7.3713089362025382E-016   5.2142657449390047E-016  0.69609212678086130        6.7450747900388221E-016  -1.9239923313463788E-015   1.0093684912503153E-015  -1.0849432117664903E-014  -1.4285753551668576E-015  -9.7800092230203826E-016   6.9547115269556895E-017   2.8619156173906816E-016  -2.1661401909179772E-014  0.55021015335715717       -5.3321412268990320E-003
  -8.9363084978213645E-017  -1.5127650774722992E-016  -9.7086526059667573E-017  -4.4764477046492551E-015   1.4385147568796882E-004   1.1609456736124148E-017   6.7650869203977159E-018  -7.1925737844007328E-005  -1.0176157875360119E-017  -7.1925737843950990E-005  -5.6018399933487194E-017  -9.4701515640269292E-017  -6.7927148526441747E-017  -6.0190526516849337E-015  -1.8664788626759276E-017   6.2681917989101802E-016   2.7576922773050494E-016   1.6926632726366912E-002   1.4387261184928977E-015   9.0072914510761157E-016  -8.4633163631850569E-003  -8.8789953410224215E-016  -8.4633163631819292E-003  -4.9729969481848901E-015   6.5748882653372839E-016
  -2.8578167986239081E-017   8.8551342845252515E-018  -3.7289597056979459E-020   6.7436665847156445E-017   1.1609456736124148E-017   1.4385147568807486E-004  -4.5829309045332488E-018  -6.0513830801733511E-018  -5.3840292716015253E-018   2.8572042584881329E-018  -2.2540584347654227E-017   8.3301698385021704E-018  -3.0186641744375158E-018   9.1766659826958413E-017  -1.2125853314173175E-016  -2.4440874270621139E-016  -4.3424775679722814E-016  -4.6236987491771121E-017   1.6926632726373073E-002   3.9908105540652125E-016  -2.7410364690997557E-016  -1.4491772345125945E-015   3.3741388047285509E-016   1.0703722447969100E-016  -3.8632567820654287E-016
  -1.1935178140868551E-018  -1.8175855398861263E-018  -2.4937696437240690E-019  -6.1749694123768720E-016   6.7650869203977159E-018  -4.5829309045332488E-018   1.4385147568803778E-004  -1.1925115307292554E-017   1.9702255186836767E-018   1.1430220139076856E-017  -2.9098171576186801E-018  -5.6646114893567097E-019  -1.8443137311826721E-019  -8.1512368498120948E-016   3.5676916750629677E-016   4.2073375311942246E-016   1.1589747636982810E-016  -8.3937232833970373E-017  -9.3758034579931142E-016   1.6926632726370891E-002  -6.7882981460482699E-016   4.6641784537263313E-016   7.8072022012142902E-016  -6.3598919683626708E-016   3.1335189187625060E-016
  -2.4511578117265501E-017  -1.2281420219529851E-016  -1.1804380930341373E-016  -5.2980952711563312E-015  -7.1925737844007328E-005  -6.0513830801733511E-018  -1.1925115307292554E-017   1.4385147568803057E-004  -1.5173931437594804E-018  -7.1925737844018875E-005  -9.7278987251416577E-018  -7.8954143556469937E-017  -7.3206681799743992E-017  -7.3942879509645166E-015   1.3436156278970825E-016  -4.1501449439116040E-016   5.4683462758459419E-018  -8.4633163631845729E-003  -4.4060597214293598E-016  -7.0876307387754544E-016   1.6926632726370575E-002  -7.1600771027946866E-016  -8.4633163631859503E-003  -5.8210912207508448E-015  -2.4223466611308184E-016
  -3.4737344242232675E-018  -3.1297290694068125E-018  -1.2535521931577389E-017  -2.3229634198436251E-016  -1.0176157875360119E-017  -5.3840292716015253E-018   1.9702255186836767E-018  -1.5173931437594804E-018   1.4385147568806101E-004   1.1671495282069083E-017   9.2956915668930590E-018  -2.4028563492045335E-018  -1.7108999776765753E-017  -3.2321573700851065E-016  -1.1569940470197042E-016   4.8129114156624835E-017  -5.6597268752644653E-017  -3.1229278908142204E-016   8.3814926570349724E-016  -2.4365945637086241E-016   5.3701298579837948E-016   1.6926632726372275E-002  -2.1371149478993946E-016  -2.3626693815138513E-016  -5.4983617765052162E-018
  -2.3044796960380431E-017  -1.2969805413810586E-016  -8.9159064413106357E-017  -6.7478715751230886E-015  -7.1925737843950990E-005   2.8572042584881329E-018   1.1430220139076856E-017  -7.1925737844018875E-005   1.1671495282069083E-017   1.4385147568795500E-004  -2.1300282117162808E-017  -8.2956491894824554E-017  -5.2200212687659922E-017  -8.8667336161326636E-015  -4.5689696922039948E-016  -5.0145922121037641E-016  -1.6456719549486198E-016  -8.4633163631811035E-003  -7.9155228920907433E-018   5.4583184285893832E-016  -8.4633163631850049E-003   1.6013117633777547E-015   1.6926632726366131E-002  -6.8179320724289622E-015  -1.4003297282654026E-016
  0.19138428472257210        1.6470065078787877E-017   1.5012417042343214E-017  -5.3709315377321651E-016  -5.6018399933487194E-017  -2.2540584347654227E-017  -2.9098171576186801E-018  -9.7278987251416577E-018   9.2956915668930590E-018  -2.1300282117162808E-017  0.12160743339529970       -1.5011440641391314E-017  -1.4730712268809033E-017  -7.8734258036187823E-016  -6.2484607054263527E-003  -1.3169232152232766E-015  -3.4713844405587972E-016   3.4200946145214764E-016  -4.7793113772752538E-016   7.4407734934654533E-017   4.8339620464934622E-016   1.1694531297098535E-015  -8.0480137612451070E-016  -5.9231130646659430E-016   7.9072677507044412E-016
  -3.4236251505194545E-019  0.19138428472257235       -5.2803879420203023E-016   7.3713089362025382E-016  -9.4701515640269292E-017   8.3301698385021704E-018  -5.6646114893567097E-019  -7.8954143556469937E-017  -2.4028563492045335E-018  -8.2956491894824554E-017  -1.5011440641391314E-017  0.12160743339529845       -3.9275882958812188E-016   7.2524219403435549E-016   1.0676776625920539E-016  -6.2484607054271073E-003   5.5027043998342799E-016   3.8750680335087281E-016   1.4572569606079508E-016   6.0822478926454767E-017  -2.1335927391182058E-016  -4.7749405704092644E-017  -1.9990398010201969E-016   5.9753044039431744E-016   1.0358419026346589E-015
   5.8234699809948694E-017  -2.7549815732772483E-016  0.19138428472257224        5.2142657449390047E-016  -6.7927148526441747E-017  -3.0186641744375158E-018  -1.8443137311826721E-019  -7.3206681799743992E-017  -1.7108999776765753E-017  -5.2200212687659922E-017  -1.4730712268809033E-017  -3.9275882958812188E-016  0.12160743339529710        2.6007052793563543E-016  -2.6391447362339977E-016   8.4883489183848238E-016  -6.2484607054299982E-003   1.2617409571443438E-016  -9.9624973022374247E-017   5.9690180486497069E-018  -4.6608349435337824E-016  -8.4746456842218228E-016   1.9082702185724043E-016   1.3065624895408098E-016  -8.2563544202251105E-017
   6.6536959742317930E-018  -6.0242752956054419E-016  -1.7437201169651753E-016  0.69609212678086130       -6.0190526516849337E-015   9.1766659826958413E-017  -8.1512368498120948E-016  -7.3942879509645166E-015  -3.2321573700851065E-016  -8.8667336161326636E-015  -7.8734258036187823E-016   7.2524219403435549E-016   2.6007052793563543E-016  0.93948916501096358       -6.4739753416772559E-016   2.3926176801546276E-015  -1.3774334120709789E-015  -1.3507321618672641E-014  -9.2877246157351842E-016   4.1633156594152979E-017  -2.7917372478960539E-014  -7.3376041448984330E-016   2.1012124741689239E-017  0.74214341719930210        3.1008089489522425E-002
  -1.0258326881387317E-002  -8.7659395595048432E-017   5.1743279020990119E-017   6.7450747900388221E-016  -1.8664788626759276E-017  -1.2125853314173175E-016   3.5676916750629677E-016   1.3436156278970825E-016  -1.1569940470197042E-016  -4.5689696922039948E-016  -6.2484607054263527E-003   1.0676776625920539E-016  -2.6391447362339977E-016  -6.4739753416772559E-016   2.0003982491566266       -1.4410655628333245E-016   1.2391904876988669E-015   7.0203014246631205E-016  -1.1308798117254543E-015  -1.5839044388624608E-016   7.2700015142821147E-017   1.0810384346140040E-015  -5.8085626950424886E-016   1.8019101222044031E-016   8.5325097826423398E-016
   4.7047316560302939E-016  -1.0258326881388780E-002  -1.2057966571221749E-015  -1.9239923313463788E-015   6.2681917989101802E-016  -2.4440874270621139E-016   4.2073375311942246E-016  -4.1501449439116040E-016   4.8129114156624835E-017  -5.0145922121037641E-016  -1.3169232152232766E-015  -6.2484607054271073E-003   8.4883489183848238E-016   2.3926176801546276E-015  -1.4410655628333245E-016   2.0003982491566243        8.8885026847706654E-016  -5.0129094395205216E-016   5.5404911725285763E-016   1.7364599894686064E-016  -1.8795741146447688E-015  -4.5574510644734226E-017  -1.3731727895462469E-015  -7.6795296131942284E-015  -5.8328565908765157E-015
  -2.1373304449925917E-016  -4.9552887939611297E-016  -1.0258326881385069E-002   1.0093684912503153E-015   2.7576922773050494E-016  -4.3424775679722814E-016   1.1589747636982810E-016   5.4683462758459419E-018  -5.6597268752644653E-017  -1.6456719549486198E-016  -3.4713844405587972E-016   5.5027043998342799E-016  -6.2484607054299982E-003  -1.3774334120709789E-015   1.2391904876988669E-015   8.8885026847706654E-016   2.0003982491566310       -6.9589479693500508E-016  -3.6836211293018345E-016  -7.9666935320441759E-016   4.6278054840308086E-016   1.1915621861544989E-015   5.5377999217883974E-016   6.4176942837254532E-016   1.0165077268041876E-015
   3.9612136640164196E-016   3.6233657740331150E-016   1.3605875313478794E-015  -1.0849432117664903E-014   1.6926632726366912E-002  -4.6236987491771121E-017  -8.3937232833970373E-017  -8.4633163631845729E-003  -3.1229278908142204E-016  -8.4633163631811035E-003   3.4200946145214764E-016   3.8750680335087281E-016   1.2617409571443438E-016  -1.3507321618672641E-014   7.0203014246631205E-016  -5.0129094395205216E-016  -6.9589479693500508E-016   1.9917132867986145        3.1104134025350402E-015   2.4429107825171869E-015 -0.99585664339930990       -3.2829641782861128E-016 -0.99585664339931335       -3.5418099073807685E-014   2.1513733980505251E-014
   5.6451288929737939E-017  -2.7752170403375446E-016   3.8705919363224537E-016  -1.4285753551668576E-015   1.4387261184928977E-015   1.6926632726373073E-002  -9.3758034579931142E-016  -4.4060597214293598E-016   8.3814926570349724E-016  -7.9155228920907433E-018  -4.7793113772752538E-016   1.4572569606079508E-016  -9.9624973022374247E-017  -9.2877246157351842E-016  -1.1308798117254543E-015   5.5404911725285763E-016  -3.6836211293018345E-016   3.1104134025350402E-015   1.9917132867985963        8.9710953509597494E-017  -3.1290413511110461E-016   2.6470796041233591E-015  -7.8870287037457931E-016   2.7727337415694255E-015   1.1241919960271806E-015
   5.2445468659517814E-016  -2.7786384731128282E-018   1.7267830030303858E-017  -9.7800092230203826E-016   9.0072914510761157E-016   3.9908105540652125E-016   1.6926632726370891E-002  -7.0876307387754544E-016  -2.4365945637086241E-016   5.4583184285893832E-016   7.4407734934654533E-017   6.0822478926454767E-017   5.9690180486497069E-018   4.1633156594152979E-017  -1.5839044388624608E-016   1.7364599894686064E-016  -7.9666935320441759E-016   2.4429107825171869E-015   8.9710953509597494E-017   1.9917132867985958        1.8361736708606450E-015  -1.0675969385875311E-015  -2.1666662333632371E-015   1.4485317272025245E-015  -7.0751421011069658E-016
  -3.1868152155144930E-016  -1.7607112431612530E-016  -1.0668050102915628E-015   6.9547115269556895E-017  -8.4633163631850569E-003  -2.7410364690997557E-016  -6.7882981460482699E-016   1.6926632726370575E-002   5.3701298579837948E-016  -8.4633163631850049E-003   4.8339620464934622E-016  -2.1335927391182058E-016  -4.6608349435337824E-016  -2.7917372478960539E-014   7.2700015142821147E-017  -1.8795741146447688E-015   4.6278054840308086E-016 -0.99585664339930990       -3.1290413511110461E-016   1.8361736708606450E-015   1.9917132867986218       -5.2595663826809370E-017 -0.99585664339930580       -2.0105952533759005E-014   3.3233792490407397E-014
  -2.9280385802944118E-016   2.7641763399817203E-018   3.5787399610656271E-016   2.8619156173906816E-016  -8.8789953410224215E-016  -1.4491772345125945E-015   4.6641784537263313E-016  -7.1600771027946866E-016   1.6926632726372275E-002   1.6013117633777547E-015   1.1694531297098535E-015  -4.7749405704092644E-017  -8.4746456842218228E-016  -7.3376041448984330E-016   1.0810384346140040E-015  -4.5574510644734226E-017   1.1915621861544989E-015  -3.2829641782861128E-016   2.6470796041233591E-015  -1.0675969385875311E-015  -5.2595663826809370E-017   1.9917132867986003        1.6762307687712133E-015   1.6498824721043893E-015   1.6494301053711254E-015
  -4.5054446678684643E-017  -2.2600345100539567E-016  -5.2847297893771866E-016  -2.1661401909179772E-014  -8.4633163631819292E-003   3.3741388047285509E-016   7.8072022012142902E-016  -8.4633163631859503E-003  -2.1371149478993946E-016   1.6926632726366131E-002  -8.0480137612451070E-016  -1.9990398010201969E-016   1.9082702185724043E-016   2.1012124741689239E-017  -5.8085626950424886E-016  -1.3731727895462469E-015   5.5377999217883974E-016 -0.99585664339931335       -7.8870287037457931E-016  -2.1666662333632371E-015 -0.99585664339930580        1.6762307687712133E-015   1.9917132867986218        2.1357544256515251E-014   6.6639554769522111E-014
   7.0078805426963239E-017  -4.1239914428915715E-016  -2.7363004127457204E-016  0.55021015335715717       -4.9729969481848901E-015   1.0703722447969100E-016  -6.3598919683626708E-016  -5.8210912207508448E-015  -2.3626693815138513E-016  -6.8179320724289622E-015  -5.9231130646659430E-016   5.9753044039431744E-016   1.3065624895408098E-016  0.74214341719930210        1.8019101222044031E-016  -7.6795296131942284E-015   6.4176942837254532E-016  -3.5418099073807685E-014   2.7727337415694255E-015   1.4485317272025245E-015  -2.0105952533759005E-014   1.6498824721043893E-015   2.1357544256515251E-014  0.58653000909000375        1.0699586902103533E-003
  -2.5460567948165291E-016  -3.3400948336033242E-016   1.3492610521923860E-015  -5.3321412268990320E-003   6.5748882653372839E-016  -3.8632567820654287E-016   3.1335189187625060E-016  -2.4223466611308184E-016  -5.4983617765052162E-018  -1.4003297282654026E-016   7.9072677507044412E-016   1.0358419026346589E-015  -8.2563544202251105E-017   3.1008089489522425E-002   8.5325097826423398E-016  -5.8328565908765157E-015   1.0165077268041876E-015   2.1513733980505251E-014   1.1241919960271806E-015  -7.0751421011069658E-016   3.3233792490407397E-014   1.6494301053711254E-015   6.6639554769522111E-014   1.0699586902103533E-003   1.9706069020875889     
