  0.52673522830335440       -1.6015698211882012E-016   2.1155499943318327E-016   1.0202593519787971E-015  -2.0527492800850783E-016  -7.7186489230989146E-017  -1.5649800567970057E-016  -1.8180156909648470E-016  -9.3770683812399150E-017  -8.8626034149675019E-017   3.7802607380916986E-016  0.50790673468322234       -2.9386206691938504E-016   2.0129037903740480E-016  -1.0838566956042156E-002  -7.7081454038018389E-017   5.8383650610726486E-016   5.0231557842713831E-016   9.2936132457615040E-018   2.7683695224193543E-016   1.4177554039874212E-016  -2.5892966689935481E-016  -7.6647152267667647E-016  -6.1675974809251326E-016   5.7007257285919484E-016
  -1.6015698211882012E-016  0.52673522830335207       -4.2362493692887631E-016   1.3801553319020044E-015  -5.0375743598190029E-016   3.5620237495394495E-017  -1.0704199957837616E-017  -3.4449390942377644E-016  -2.1635230158120822E-017  -3.2884029640229145E-016  -6.2431391264391048E-016   3.5185526932476433E-016  0.50790673468322267       -4.9865628565204972E-016  -2.7951012365758510E-016  -1.0838566956037167E-002   7.7607001144680719E-016  -1.6774074301292984E-016   3.1310464904989415E-016  -1.4532858174434925E-016   1.9315395530687308E-016  -4.5954077764719809E-017   2.0872725565561430E-016  -7.7972618872637300E-017   2.9925894696989343E-017
   2.1155499943318327E-016  -4.2362493692887631E-016  0.52673522830335306        1.5328533779941638E-015   5.4471380767398766E-017  -2.9746432149989197E-016  -2.6369307861345497E-016  -6.9824151386031838E-017   4.0717474691996067E-017   1.9588181498070156E-016  -1.4808185315521080E-015  -9.0812193181473470E-017  -6.6278541258560433E-016  0.50790673468322178        7.4912925726247116E-016   5.6456570143473878E-017  -1.0838566956035941E-002   2.8667366860807950E-016  -3.8881684080825791E-016  -1.3540105716896029E-016   1.3250471968964185E-015   2.9913714158133601E-016   2.5682728575352937E-015  -1.1569042097148204E-016  -3.6515830736989920E-015
   1.0202593519787971E-015   1.3801553319020044E-015   1.5328533779941638E-015  0.47169834903982416       -2.4820974141555239E-015  -1.0634005408590470E-016   1.5815141423200240E-016  -8.3764278438548973E-015  -1.4563407390100584E-016   7.9505501313533463E-016  0.79599099865975442        4.9469829981738604E-016   1.3903599452470659E-015   7.2056646251543588E-016   8.5370917581599020E-016  -2.7926347444263689E-017   2.7011191738726923E-015  -5.0432071387606016E-015   5.4786502900323142E-016   7.5586389511502184E-016  -2.7221658739739705E-014  -6.8220822961359743E-017   2.7767042556304257E-016 -0.76113931881086749       -2.0392528651049747E-003
  -2.0527492800850783E-016  -5.0375743598190029E-016   5.4471380767398766E-017  -2.4820974141555239E-015   3.1209178265342000E-003  -4.9370334417231505E-017  -8.1696380702237765E-017  -1.5604589132671817E-003  -2.7476395541446500E-017  -1.5604589132674094E-003  -4.4297016646889260E-015  -2.6546218561797172E-016  -4.7176303748780978E-016   1.6107662268191193E-016  -6.0910825719187149E-016   9.6468370379356174E-016   4.2408670905732468E-016   7.7841965836108834E-002  -1.1929866139013774E-015  -9.2861577260204770E-016  -3.8920982918053848E-002  -1.1786012415999194E-015  -3.8920982918055638E-002   4.3569326378828660E-015  -7.9400521774529359E-015
  -7.7186489230989146E-017   3.5620237495394495E-017  -2.9746432149989197E-016  -1.0634005408590470E-016  -4.9370334417231505E-017   3.1209178265350431E-003  -1.1562264634612213E-017   1.3984848967316612E-016  -6.2155833560741589E-017  -6.3833387250013086E-017  -2.5019092237736256E-016  -1.0264672432135056E-016   1.3205970288725139E-017  -2.4552312662696066E-016  -1.6235611222325973E-015   1.2061632562519420E-016  -2.1305598830464992E-015  -1.8419684350110755E-017   7.7841965836119811E-002  -6.2117399414910540E-016   1.7325580627169305E-015  -1.0729869334857104E-015  -1.6116324892631350E-015   1.9251315802592979E-016   1.4203813172356022E-015
  -1.5649800567970057E-016  -1.0704199957837616E-017  -2.6369307861345497E-016   1.5815141423200240E-016  -8.1696380702237765E-017  -1.1562264634612213E-017   3.1209178265347620E-003   4.4414516696410862E-017  -2.6937945216838151E-017   3.0694091728331464E-017   1.8231902657444816E-016  -1.8132190502647714E-016   3.8337241108591289E-018  -2.2561361065219078E-016  -4.7151411567097214E-017   1.0039739972991693E-015   1.4301749356534616E-016  -1.1215838540302106E-015   3.9098811219920474E-016   7.7841965836116286E-002   9.8687342816477109E-016  -1.9809530089806505E-016   1.4621398032208423E-016  -1.6911784934456924E-016   7.6416041384273464E-016
  -1.8180156909648470E-016  -3.4449390942377644E-016  -6.9824151386031838E-017  -8.3764278438548973E-015  -1.5604589132671817E-003   1.3984848967316612E-016   4.4414516696410862E-017   3.1209178265350071E-003   4.0063717900773986E-017  -1.5604589132677269E-003  -1.2272266703271493E-014  -2.0371864860823808E-016  -3.2921247156803379E-016  -6.3198683287248867E-017  -3.4034412047650859E-016   7.7487013777920823E-016   7.0130627598040968E-017  -3.8920982918057546E-002   1.7667918786620508E-015   1.5473068484848972E-016   7.7841965836119117E-002   1.5188263185455879E-015  -3.8920982918061620E-002   1.2155777015583714E-014  -8.7854582067166727E-015
  -9.3770683812399150E-017  -2.1635230158120822E-017   4.0717474691996067E-017  -1.4563407390100584E-016  -2.7476395541446500E-017  -6.2155833560741589E-017  -2.6937945216838151E-017   4.0063717900773986E-017   3.1209178265345096E-003   4.4354450149054304E-018  -2.6337032050861444E-016  -4.3832408780463262E-017  -1.8289654774716552E-017   1.1358356849471288E-017  -4.7455380258268443E-017  -6.2160881039856746E-017   3.2226140401352493E-016   5.1621676522628892E-016  -4.0260024321024966E-016  -4.9492628438586105E-016  -5.2351315997349114E-016   7.7841965836113233E-002   7.5490223237266719E-017   2.2849409618708267E-016   1.9411537480557409E-016
  -8.8626034149675019E-017  -3.2884029640229145E-016   1.9588181498070156E-016   7.9505501313533463E-016  -1.5604589132674094E-003  -6.3833387250013086E-017   3.0694091728331464E-017  -1.5604589132677269E-003   4.4354450149054304E-018   3.1209178265354286E-003  -6.9628067642580083E-016   8.2739718006534062E-018  -3.2869241966182221E-016   7.5890270045252747E-017   8.2972803600649435E-017   4.0639690673227191E-016  -6.2001399777043874E-016  -3.8920982918061044E-002   9.0766621259671926E-017   6.0957361323866135E-016  -3.8920982918062820E-002   8.4356275914851541E-017   7.7841965836124558E-002  -2.1817539739946803E-016  -1.1742157358231729E-014
   3.7802607380916986E-016  -6.2431391264391048E-016  -1.4808185315521080E-015  0.79599099865975442       -4.4297016646889260E-015  -2.5019092237736256E-016   1.8231902657444816E-016  -1.2272266703271493E-014  -2.6337032050861444E-016  -6.9628067642580083E-016   1.3436540246829174       -4.6847637214968860E-016  -5.1424461146396748E-016  -2.7145479462332561E-015  -3.9021901532945843E-016  -3.8868816588658928E-015  -2.9982104922076183E-015  -1.1751257829916773E-014  -1.3836329436800513E-015  -1.1361625293288715E-015   3.5489105013249004E-015  -6.3606866608086205E-016  -4.6313166455000920E-014  -1.2844790340178442        2.5276412503928807E-002
  0.50790673468322234        3.5185526932476433E-016  -9.0812193181473470E-017   4.9469829981738604E-016  -2.6546218561797172E-016  -1.0264672432135056E-016  -1.8132190502647714E-016  -2.0371864860823808E-016  -4.3832408780463262E-017   8.2739718006534062E-018  -4.6847637214968860E-016  0.48976399460109721        2.0706868277613989E-016  -9.7022177797887053E-017  -5.4057830865766382E-003  -2.2814259804729520E-016   3.4276063257442386E-016  -1.1626068252794989E-015  -5.9378451942643209E-016  -4.8964966000618698E-016  -5.5189481102560753E-016   9.1533496107742437E-016   1.5945353651345403E-015   1.9691704543546879E-016   3.4992091010015024E-016
  -2.9386206691938504E-016  0.50790673468322267       -6.6278541258560433E-016   1.3903599452470659E-015  -4.7176303748780978E-016   1.3205970288725139E-017   3.8337241108591289E-018  -3.2921247156803379E-016  -1.8289654774716552E-017  -3.2869241966182221E-016  -5.1424461146396748E-016   2.0706868277613989E-016  0.48976399460109998       -7.2957147413472428E-016   7.6642294586392132E-016  -5.4057830865809967E-003  -9.3931938081636785E-016   1.3118243990553393E-016  -2.3379383215257762E-016   1.4776186013528005E-016   2.1898008740198511E-016   2.3170310077079663E-017  -1.0643539629072888E-016  -1.5873871306057711E-016  -1.8927297614106933E-016
   2.0129037903740480E-016  -4.9865628565204972E-016  0.50790673468322178        7.2056646251543588E-016   1.6107662268191193E-016  -2.4552312662696066E-016  -2.2561361065219078E-016  -6.3198683287248867E-017   1.1358356849471288E-017   7.5890270045252747E-017  -2.7145479462332561E-015  -9.7022177797887053E-017  -7.2957147413472428E-016  0.48976399460109721       -1.7707131206355118E-015   3.5401866686612253E-016  -5.4057830865831312E-003   2.9556955954735243E-015   7.9281563106693293E-016   5.7509251632474396E-016   1.3776545121493673E-015  -4.2766594630488913E-016  -3.0359367606345648E-016   1.1244190399897896E-015  -2.7749717664759657E-015
  -1.0838566956042156E-002  -2.7951012365758510E-016   7.4912925726247116E-016   8.5370917581599020E-016  -6.0910825719187149E-016  -1.6235611222325973E-015  -4.7151411567097214E-017  -3.4034412047650859E-016  -4.7455380258268443E-017   8.2972803600649435E-017  -3.9021901532945843E-016  -5.4057830865766382E-003   7.6642294586392132E-016  -1.7707131206355118E-015   2.0019550154404073        8.7885626724973529E-016  -1.4829414829610061E-015  -5.3276888437733126E-016  -4.2326585172387390E-016  -4.3058429356226866E-016  -5.9376745667263149E-016  -1.5950198037851365E-017   3.5125662374350396E-016  -5.9454883681435511E-016   4.5026411494189930E-016
  -7.7081454038018389E-017  -1.0838566956037167E-002   5.6456570143473878E-017  -2.7926347444263689E-017   9.6468370379356174E-016   1.2061632562519420E-016   1.0039739972991693E-015   7.7487013777920823E-016  -6.2160881039856746E-017   4.0639690673227191E-016  -3.8868816588658928E-015  -2.2814259804729520E-016  -5.4057830865809967E-003   3.5401866686612253E-016   8.7885626724973529E-016   2.0019550154404122        2.0672088762209927E-016   1.6107099089031673E-015  -3.1533970846207614E-016  -8.1581674281717317E-016   2.7685510935430897E-015  -2.4113545822926275E-016   2.7399892209161412E-015   4.8139867183360720E-015  -7.9298425695355382E-015
   5.8383650610726486E-016   7.7607001144680719E-016  -1.0838566956035941E-002   2.7011191738726923E-015   4.2408670905732468E-016  -2.1305598830464992E-015   1.4301749356534616E-016   7.0130627598040968E-017   3.2226140401352493E-016  -6.2001399777043874E-016  -2.9982104922076183E-015   3.4276063257442386E-016  -9.3931938081636785E-016  -5.4057830865831312E-003  -1.4829414829610061E-015   2.0672088762209927E-016   2.0019550154404100       -6.0642074612592329E-016   1.2383039369963743E-015  -1.4585640974035587E-016   4.8494451575449736E-016   6.3193886026873553E-017  -2.9014379748313112E-016   1.5965246974964575E-015  -5.8637316685423681E-016
   5.0231557842713831E-016  -1.6774074301292984E-016   2.8667366860807950E-016  -5.0432071387606016E-015   7.7841965836108834E-002  -1.8419684350110755E-017  -1.1215838540302106E-015  -3.8920982918057546E-002   5.1621676522628892E-016  -3.8920982918061044E-002  -1.1751257829916773E-014  -1.1626068252794989E-015   1.3118243990553393E-016   2.9556955954735243E-015  -5.3276888437733126E-016   1.6107099089031673E-015  -6.0642074612592329E-016   1.9415351451143166        4.9857714528102522E-016  -3.1248061863748668E-016 -0.97076757255717117        5.7196746796293204E-016 -0.97076757255716151        1.6538855806770057E-014  -8.2162963147367339E-015
   9.2936132457615040E-018   3.1310464904989415E-016  -3.8881684080825791E-016   5.4786502900323142E-016  -1.1929866139013774E-015   7.7841965836119811E-002   3.9098811219920474E-016   1.7667918786620508E-015  -4.0260024321024966E-016   9.0766621259671926E-017  -1.3836329436800513E-015  -5.9378451942643209E-016  -2.3379383215257762E-016   7.9281563106693293E-016  -4.2326585172387390E-016  -3.1533970846207614E-016   1.2383039369963743E-015   4.9857714528102522E-016   1.9415351451143397        1.4515459621495916E-015   2.8057373454734787E-016   1.8633034479469247E-015   1.7775638613500756E-015  -2.8909382805710361E-016  -1.8376007902323641E-015
   2.7683695224193543E-016  -1.4532858174434925E-016  -1.3540105716896029E-016   7.5586389511502184E-016  -9.2861577260204770E-016  -6.2117399414910540E-016   7.7841965836116286E-002   1.5473068484848972E-016  -4.9492628438586105E-016   6.0957361323866135E-016  -1.1361625293288715E-015  -4.8964966000618698E-016   1.4776186013528005E-016   5.7509251632474396E-016  -4.3058429356226866E-016  -8.1581674281717317E-016  -1.4585640974035587E-016  -3.1248061863748668E-016   1.4515459621495916E-015   1.9415351451143383        8.4348557327119371E-016  -5.2719595334903650E-016  -2.4406746155365160E-016   9.6796845963082011E-016  -1.6550813411810885E-015
   1.4177554039874212E-016   1.9315395530687308E-016   1.3250471968964185E-015  -2.7221658739739705E-014  -3.8920982918053848E-002   1.7325580627169305E-015   9.8687342816477109E-016   7.7841965836119117E-002  -5.2351315997349114E-016  -3.8920982918062820E-002   3.5489105013249004E-015  -5.5189481102560753E-016   2.1898008740198511E-016   1.3776545121493673E-015  -5.9376745667263149E-016   2.7685510935430897E-015   4.8494451575449736E-016 -0.97076757255717117        2.8057373454734787E-016   8.4348557327119371E-016   1.9415351451143275       -9.8670868025658155E-017 -0.97076757255715740        9.5842975491710078E-015  -1.3030838464823444E-014
  -2.5892966689935481E-016  -4.5954077764719809E-017   2.9913714158133601E-016  -6.8220822961359743E-017  -1.1786012415999194E-015  -1.0729869334857104E-015  -1.9809530089806505E-016   1.5188263185455879E-015   7.7841965836113233E-002   8.4356275914851541E-017  -6.3606866608086205E-016   9.1533496107742437E-016   2.3170310077079663E-017  -4.2766594630488913E-016  -1.5950198037851365E-017  -2.4113545822926275E-016   6.3193886026873553E-017   5.7196746796293204E-016   1.8633034479469247E-015  -5.2719595334903650E-016  -9.8670868025658155E-017   1.9415351451143434        1.2275929919943890E-015  -4.1138123487603921E-017  -7.6767416259179821E-016
  -7.6647152267667647E-016   2.0872725565561430E-016   2.5682728575352937E-015   2.7767042556304257E-016  -3.8920982918055638E-002  -1.6116324892631350E-015   1.4621398032208423E-016  -3.8920982918061620E-002   7.5490223237266719E-017   7.7841965836124558E-002  -4.6313166455000920E-014   1.5945353651345403E-015  -1.0643539629072888E-016  -3.0359367606345648E-016   3.5125662374350396E-016   2.7399892209161412E-015  -2.9014379748313112E-016 -0.97076757255716151        1.7775638613500756E-015  -2.4406746155365160E-016 -0.97076757255715740        1.2275929919943890E-015   1.9415351451143361        2.5564094577329483E-014  -1.5414243808097626E-014
  -6.1675974809251326E-016  -7.7972618872637300E-017  -1.1569042097148204E-016 -0.76113931881086749        4.3569326378828660E-015   1.9251315802592979E-016  -1.6911784934456924E-016   1.2155777015583714E-014   2.2849409618708267E-016  -2.1817539739946803E-016  -1.2844790340178442        1.9691704543546879E-016  -1.5873871306057711E-016   1.1244190399897896E-015  -5.9454883681435511E-016   4.8139867183360720E-015   1.5965246974964575E-015   1.6538855806770057E-014  -2.8909382805710361E-016   9.6796845963082011E-016   9.5842975491710078E-015  -4.1138123487603921E-017   2.5564094577329483E-014   1.2281930616869401       -5.7203332672623656E-004
   5.7007257285919484E-016   2.9925894696989343E-017  -3.6515830736989920E-015  -2.0392528651049747E-003  -7.9400521774529359E-015   1.4203813172356022E-015   7.6416041384273464E-016  -8.7854582067166727E-015   1.9411537480557409E-016  -1.1742157358231729E-014   2.5276412503928807E-002   3.4992091010015024E-016  -1.8927297614106933E-016  -2.7749717664759657E-015   4.5026411494189930E-016  -7.9298425695355382E-015  -5.8637316685423681E-016  -8.2162963147367339E-015  -1.8376007902323641E-015  -1.6550813411810885E-015  -1.3030838464823444E-014  -7.6767416259179821E-016  -1.5414243808097626E-014  -5.7203332672623656E-004   1.9675426198566377     
