  0.21408153365218247        5.2789274492156178E-017  -8.6824172265547975E-017   1.5208067720603019E-016  -8.6558347979462180E-018   2.4004705830932113E-017   8.2402756391501791E-018   3.2314615001707241E-018  -2.2030435281146899E-019   4.4619683971067033E-018   2.3747194437157066E-016   7.6359870562915405E-002  -5.5372437220171771E-017  -1.2729804206542173E-017  -2.0186589284155329E-002   7.4774933691809717E-017   1.0481010999808417E-015  -2.2130864713259428E-016   4.5825853788644091E-016   1.6859766701084433E-016   6.6014867960965432E-017  -2.5704616608387720E-017   1.3080284735396418E-016   1.8601400818491937E-016   5.9658193342053586E-016
   5.2789274492156178E-017  0.21408153365218188       -7.8215011733977372E-017  -1.7208697777829882E-016   3.0268359106218619E-017  -1.0322396045318230E-017  -6.7817027054293177E-018  -2.7125376751630971E-017  -1.5612146030015432E-018  -1.0771090646366867E-017   4.2096993015582658E-016  -6.8067575147777210E-017   7.6359870562915239E-002  -2.9616106098185062E-017   3.4936238310136246E-016  -2.0186589284151235E-002  -8.6599413270898357E-018   3.8736554984349890E-016  -1.5133569353269196E-016  -1.3089308059510183E-016  -6.0745161221588114E-016   2.7278955521822568E-017  -4.0862177117221575E-016   9.6383386787374139E-017   1.1738575364100882E-015
  -8.6824172265547975E-017  -7.8215011733977372E-017  0.21408153365218385        1.1059777987379033E-015  -1.7619767938699725E-016   9.5961602295753122E-018   2.0749318292254601E-018  -2.1275164003676472E-016   2.1639209952450900E-017  -1.7920094617372098E-016   6.8620757875404163E-016  -4.0189390796995807E-018   1.3164060746221957E-017   7.6359870562913212E-002  -1.8712210569885126E-017   8.3749126227563770E-016  -2.0186589284152248E-002   2.4410874530309808E-016   5.5776499940617354E-017   1.0706779390274042E-017  -5.3148011942466292E-016   4.6911606511342177E-016   1.3727234528895399E-016   7.2255768431311226E-016   6.0168374544283551E-016
   1.5208067720603019E-016  -1.7208697777829882E-016   1.1059777987379033E-015  0.52714323773684679       -1.0953462818807435E-014   5.5128120873684882E-017   4.6077565263328200E-017  -1.0863510447843582E-014   1.3810683401516326E-016  -1.8566979183376496E-014  0.71317182362945086       -3.3716650581909109E-016  -1.2239496849657996E-016  -9.7530808215079496E-016  -1.4440714513718287E-015  -1.1907989482395669E-016  -3.3585356008894304E-015  -1.5613318460764067E-014   4.3943193087903621E-016  -1.1929792931678523E-017   2.0815904312059939E-015   1.3295352745559080E-015  -2.8264668175647766E-014  0.60253858249958359       -3.9324842115437200E-003
  -8.6558347979462180E-018   3.0268359106218619E-017  -1.7619767938699725E-016  -1.0953462818807435E-014   5.2044746470783672E-003   1.5259393835992656E-016  -8.6612506988542866E-017  -2.6022373235397300E-003   5.8983351040287996E-017  -2.6022373235389286E-003  -1.3984098583840356E-014   2.4482857467290267E-017  -1.4889587979911676E-017  -1.1386054608679411E-016   3.6560484748558153E-016  -6.5056081591647850E-016  -2.1362660147907488E-016  0.10038923260599286        9.1832093416111006E-016  -5.9539978741580005E-016  -5.0194616303002357E-002   9.3049449167905478E-016  -5.0194616302991678E-002  -1.2242668762772004E-014   1.3603611609863385E-014
   2.4004705830932113E-017  -1.0322396045318230E-017   9.5961602295753122E-018   5.5128120873684882E-017   1.5259393835992656E-016   5.2044746470782674E-003  -4.6961624178146439E-018   1.2003703589212538E-016   1.2694906296973829E-016  -1.4331437478540398E-016  -2.4059466105166965E-016  -3.7914990001294219E-019  -3.1916186667328069E-018   5.2827445177114606E-018  -6.6655354328686315E-017   6.1169933075271065E-016  -1.3291576616523722E-015   2.0682062765414539E-015  0.10038923260599364       -6.5300893337827004E-016   1.3137845236081502E-015   1.2528119156912350E-015  -2.9819083400411962E-015  -8.4785414015570276E-017   2.2306519055535893E-017
   8.2402756391501791E-018  -6.7817027054293177E-018   2.0749318292254601E-018   4.6077565263328200E-017  -8.6612506988542866E-017  -4.6961624178146439E-018   5.2044746470784123E-003  -2.4439746029595507E-017   6.8270379092663789E-017   9.4683089849536618E-017   1.8218958634311493E-017  -1.1727924597114409E-017  -9.2530397486238355E-018   1.5798113107594688E-018  -1.1187933025856282E-016  -1.5622392198422076E-016  -1.4863300239243284E-016  -1.0305282357168434E-015   4.6256162200113972E-016  0.10038923260599507       -3.7435934004972250E-016   1.2929788533247444E-016   1.3708546389788295E-015  -8.1327715492531974E-018  -1.9107651373618406E-016
   3.2314615001707241E-018  -2.7125376751630971E-017  -2.1275164003676472E-016  -1.0863510447843582E-014  -2.6022373235397300E-003   1.2003703589212538E-016  -2.4439746029595507E-017   5.2044746470781634E-003  -1.4357330216946775E-016  -2.6022373235389858E-003  -1.5827570763954758E-014   4.3004783403222500E-018   2.0529086292506583E-017  -2.5252368569811944E-017   6.5037118559488330E-016   8.8152450125949025E-016  -3.4909984430698892E-019  -5.0194616303002010E-002   1.1628877216371592E-015  -4.0272393235462004E-017  0.10038923260599088       -2.3573835364923117E-015  -5.0194616302990429E-002  -1.3618570379428350E-014   1.4359755391660874E-014
  -2.2030435281146899E-019  -1.5612146030015432E-018   2.1639209952450900E-017   1.3810683401516326E-016   5.8983351040287996E-017   1.2694906296973829E-016   6.8270379092663789E-017  -1.4357330216946775E-016   5.2044746470778641E-003   4.1084247845602742E-017   7.4340877956771646E-017   9.7511712040605988E-019   2.4475275650341436E-018  -4.0948004083269269E-018  -2.2586454288162631E-016   3.0163827319581695E-016   6.3724942489497190E-016   1.8270924188748607E-016   1.1619992899546149E-015   1.1629887303161266E-015  -4.7106403284656234E-016  0.10038923260598974        2.2240120579582335E-016   7.8100785246254810E-017   6.1454092474354502E-016
   4.4619683971067033E-018  -1.0771090646366867E-017  -1.7920094617372098E-016  -1.8566979183376496E-014  -2.6022373235389286E-003  -1.4331437478540398E-016   9.4683089849536618E-017  -2.6022373235389858E-003   4.1084247845602742E-017   5.2044746470787584E-003  -2.4294099055325097E-014  -2.5822798026003255E-017  -7.6770787265788905E-018  -6.2499589774661468E-017   1.1578667696795069E-015   2.1930708080613996E-016   9.5096418169792470E-016  -5.0194616302996480E-002   4.1318267167063641E-016   3.1992476769439210E-016  -5.0194616302999179E-002   5.8770279902408080E-016  0.10038923260599840       -2.0199926432483152E-014   7.8208709695879443E-015
   2.3747194437157066E-016   4.2096993015582658E-016   6.8620757875404163E-016  0.71317182362945086       -1.3984098583840356E-014  -2.4059466105166965E-016   1.8218958634311493E-017  -1.5827570763954758E-014   7.4340877956771646E-017  -2.4294099055325097E-014  0.96529006153145480       -4.5670088750772053E-016   6.2050739016201514E-017  -1.5904298563159737E-015  -2.9268220315187142E-016  -1.5561306373600083E-015   1.5317306233422972E-015  -8.3483658330744414E-015  -5.5692361224883502E-015  -8.1893459757623763E-016  -2.2508892400619705E-014  -5.4181910953694226E-016  -2.4382773222289140E-014  0.81525623283306581        2.4173376193587032E-002
   7.6359870562915405E-002  -6.8067575147777210E-017  -4.0189390796995807E-018  -3.3716650581909109E-016   2.4482857467290267E-017  -3.7914990001294219E-019  -1.1727924597114409E-017   4.3004783403222500E-018   9.7511712040605988E-019  -2.5822798026003255E-017  -4.5670088750772053E-016   2.7241113239860643E-002  -4.9712786094425396E-017   1.6897494600750821E-018  -4.1592673837956467E-003   2.7433598719265320E-016  -1.5965065470792601E-015   4.4243315664326412E-016  -8.0050941215277223E-018  -2.2021896882206246E-016   6.6644665753191026E-017   1.9184930315776818E-017  -5.1770513696265248E-016  -3.8214572170326024E-016  -7.4968743153730238E-016
  -5.5372437220171771E-017   7.6359870562915239E-002   1.3164060746221957E-017  -1.2239496849657996E-016  -1.4889587979911676E-017  -3.1916186667328069E-018  -9.2530397486238355E-018   2.0529086292506583E-017   2.4475275650341436E-018  -7.6770787265788905E-018   6.2050739016201514E-017  -4.9712786094425396E-017   2.7241113239860594E-002   2.2131991324732993E-018   5.7205890643793800E-016  -4.1592673837980770E-003  -5.3172649656169837E-016  -3.3554983550391949E-016  -6.3283840950408921E-017  -1.7403599524948132E-016   3.4192682142573351E-016   5.8924049418004557E-017  -2.2421970552197607E-016  -3.4270687893075097E-017   1.8106240691386450E-016
  -1.2729804206542173E-017  -2.9616106098185062E-017   7.6359870562913212E-002  -9.7530808215079496E-016  -1.1386054608679411E-016   5.2827445177114606E-018   1.5798113107594688E-018  -2.5252368569811944E-017  -4.0948004083269269E-018  -6.2499589774661468E-017  -1.5904298563159737E-015   1.6897494600750821E-018   2.2131991324732993E-018   2.7241113239858894E-002  -2.6388815380475229E-016  -4.0605336409845159E-016  -4.1592673837985636E-003  -8.9000862064326015E-016   9.5470898050534427E-017   2.5093686114400178E-017   7.8861122149899121E-016  -7.9840690837042033E-017   4.9626903177827668E-017  -1.2988137936827476E-015   8.2256085950062939E-016
  -2.0186589284155329E-002   3.4936238310136246E-016  -1.8712210569885126E-017  -1.4440714513718287E-015   3.6560484748558153E-016  -6.6655354328686315E-017  -1.1187933025856282E-016   6.5037118559488330E-016  -2.2586454288162631E-016   1.1578667696795069E-015  -2.9268220315187142E-016  -4.1592673837956467E-003   5.7205890643793800E-016  -2.6388815380475229E-016   2.0027396673049225        2.3504412544565683E-016   1.3275761798560479E-015   1.9301319696296321E-016  -6.2119708268968501E-016  -4.7529406678057191E-016   9.5084602754224546E-016   9.2777052967492816E-016  -1.0703224732473624E-015  -6.1034906532927845E-016  -8.5404855428869567E-016
   7.4774933691809717E-017  -2.0186589284151235E-002   8.3749126227563770E-016  -1.1907989482395669E-016  -6.5056081591647850E-016   6.1169933075271065E-016  -1.5622392198422076E-016   8.8152450125949025E-016   3.0163827319581695E-016   2.1930708080613996E-016  -1.5561306373600083E-015   2.7433598719265320E-016  -4.1592673837980770E-003  -4.0605336409845159E-016   2.3504412544565683E-016   2.0027396673049180        3.4454919778792944E-016   1.7723927514534826E-015  -5.4905334594561053E-016  -6.9145729229583086E-017   1.2105086768757792E-015   5.0723915951322900E-017   1.2928808040275190E-015   9.8742268567800631E-016  -1.1252932545387333E-015
   1.0481010999808417E-015  -8.6599413270898357E-018  -2.0186589284152248E-002  -3.3585356008894304E-015  -2.1362660147907488E-016  -1.3291576616523722E-015  -1.4863300239243284E-016  -3.4909984430698892E-019   6.3724942489497190E-016   9.5096418169792470E-016   1.5317306233422972E-015  -1.5965065470792601E-015  -5.3172649656169837E-016  -4.1592673837985636E-003   1.3275761798560479E-015   3.4454919778792944E-016   2.0027396673049220        8.7711741583067656E-017   4.9473955860652169E-016   4.7653039893456052E-016   6.5567774126554041E-016  -4.1318692897254015E-016   4.3383639808633553E-016   1.1564720371291473E-015   1.5548110238952858E-015
  -2.2130864713259428E-016   3.8736554984349890E-016   2.4410874530309808E-016  -1.5613318460764067E-014  0.10038923260599286        2.0682062765414539E-015  -1.0305282357168434E-015  -5.0194616303002010E-002   1.8270924188748607E-016  -5.0194616302996480E-002  -8.3483658330744414E-015   4.4243315664326412E-016  -3.3554983550391949E-016  -8.9000862064326015E-016   1.9301319696296321E-016   1.7723927514534826E-015   8.7711741583067656E-017   1.9364102443803086        8.3207095727399121E-016   8.6306558687990459E-016 -0.96820512219017274       -4.7307806543689478E-016 -0.96820512219015842       -1.3115682968900979E-014   3.7972773104919580E-014
   4.5825853788644091E-016  -1.5133569353269196E-016   5.5776499940617354E-017   4.3943193087903621E-016   9.1832093416111006E-016  0.10038923260599364        4.6256162200113972E-016   1.1628877216371592E-015   1.1619992899546149E-015   4.1318267167063641E-016  -5.5692361224883502E-015  -8.0050941215277223E-018  -6.3283840950408921E-017   9.5470898050534427E-017  -6.2119708268968501E-016  -5.4905334594561053E-016   4.9473955860652169E-016   8.3207095727399121E-016   1.9364102443803755       -1.9262850591960499E-015   3.1109080697762276E-015  -6.5414321637376205E-016   3.7742568402207514E-015  -2.3643161161367794E-015  -5.2110062919833944E-015
   1.6859766701084433E-016  -1.3089308059510183E-016   1.0706779390274042E-017  -1.1929792931678523E-017  -5.9539978741580005E-016  -6.5300893337827004E-016  0.10038923260599507       -4.0272393235462004E-017   1.1629887303161266E-015   3.1992476769439210E-016  -8.1893459757623763E-016  -2.2021896882206246E-016  -1.7403599524948132E-016   2.5093686114400178E-017  -4.7529406678057191E-016  -6.9145729229583086E-017   4.7653039893456052E-016   8.6306558687990459E-016  -1.9262850591960499E-015   1.9364102443803770        1.0953965599163952E-015  -4.7420970145442544E-016  -2.6149194571820259E-015  -1.1774296859149384E-015  -4.4830910400575329E-016
   6.6014867960965432E-017  -6.0745161221588114E-016  -5.3148011942466292E-016   2.0815904312059939E-015  -5.0194616303002357E-002   1.3137845236081502E-015  -3.7435934004972250E-016  0.10038923260599088       -4.7106403284656234E-016  -5.0194616302999179E-002  -2.2508892400619705E-014   6.6644665753191026E-017   3.4192682142573351E-016   7.8861122149899121E-016   9.5084602754224546E-016   1.2105086768757792E-015   6.5567774126554041E-016 -0.96820512219017274        3.1109080697762276E-015   1.0953965599163952E-015   1.9364102443803077       -1.1391746107623093E-015 -0.96820512219016497       -2.1449121406302345E-014   3.9457618941751378E-014
  -2.5704616608387720E-017   2.7278955521822568E-017   4.6911606511342177E-016   1.3295352745559080E-015   9.3049449167905478E-016   1.2528119156912350E-015   1.2929788533247444E-016  -2.3573835364923117E-015  0.10038923260598974        5.8770279902408080E-016  -5.4181910953694226E-016   1.9184930315776818E-017   5.8924049418004557E-017  -7.9840690837042033E-017   9.2777052967492816E-016   5.0723915951322900E-017  -4.1318692897254015E-016  -4.7307806543689478E-016  -6.5414321637376205E-016  -4.7420970145442544E-016  -1.1391746107623093E-015   1.9364102443803748        3.4007356392723379E-016  -5.0560204785583793E-017   4.4451075791180143E-016
   1.3080284735396418E-016  -4.0862177117221575E-016   1.3727234528895399E-016  -2.8264668175647766E-014  -5.0194616302991678E-002  -2.9819083400411962E-015   1.3708546389788295E-015  -5.0194616302990429E-002   2.2240120579582335E-016  0.10038923260599840       -2.4382773222289140E-014  -5.1770513696265248E-016  -2.2421970552197607E-016   4.9626903177827668E-017  -1.0703224732473624E-015   1.2928808040275190E-015   4.3383639808633553E-016 -0.96820512219015842        3.7742568402207514E-015  -2.6149194571820259E-015 -0.96820512219016497        3.4007356392723379E-016   1.9364102443803761       -1.2966020435939893E-014   1.0392387924009417E-014
   1.8601400818491937E-016   9.6383386787374139E-017   7.2255768431311226E-016  0.60253858249958359       -1.2242668762772004E-014  -8.4785414015570276E-017  -8.1327715492531974E-018  -1.3618570379428350E-014   7.8100785246254810E-017  -2.0199926432483152E-014  0.81525623283306581       -3.8214572170326024E-016  -3.4270687893075097E-017  -1.2988137936827476E-015  -6.1034906532927845E-016   9.8742268567800631E-016   1.1564720371291473E-015  -1.3115682968900979E-014  -2.3643161161367794E-015  -1.1774296859149384E-015  -2.1449121406302345E-014  -5.0560204785583793E-017  -1.2966020435939893E-014  0.68873274868936296        1.0040862196000412E-003
   5.9658193342053586E-016   1.1738575364100882E-015   6.0168374544283551E-016  -3.9324842115437200E-003   1.3603611609863385E-014   2.2306519055535893E-017  -1.9107651373618406E-016   1.4359755391660874E-014   6.1454092474354502E-016   7.8208709695879443E-015   2.4173376193587032E-002  -7.4968743153730238E-016   1.8106240691386450E-016   8.2256085950062939E-016  -8.5404855428869567E-016  -1.1252932545387333E-015   1.5548110238952858E-015   3.7972773104919580E-014  -5.2110062919833944E-015  -4.4830910400575329E-016   3.9457618941751378E-014   4.4451075791180143E-016   1.0392387924009417E-014   1.0040862196000412E-003   1.9758634909342776     
