   1.9288961866183750E-031   1.3352391258363698E-031  -3.4267855457183045E-031  -1.1933762278889030E-016  -8.4311616821483423E-033  -9.7127940795244201E-032   1.9492012299857793E-031  -4.6611735000231700E-017   5.9212356671906320E-016   9.7153098577511650E-031   2.0830097057439577E-032  -8.0562916081423203E-033   8.7490864731431378E-031   5.6097188828459757E-033   8.0114133727872538E-031
   1.3352391258363698E-031   1.5239267473877215E-031  -3.2940785705252271E-031   8.8193258562847288E-017  -1.4874495707506113E-032  -5.9998011617645986E-032   1.1898665944712457E-031   3.5247504462832308E-017   5.1655931371170463E-016   4.2460316181972705E-031   2.7309210681415440E-032  -6.0034666253870131E-033   3.3713329763332040E-031  -3.4827366043666616E-034   2.9945715375362787E-031
  -3.4267855457183045E-031  -3.2940785705252271E-031   7.5053994888639127E-031  -5.0604030420456749E-017   2.8874895814485696E-032   1.6142605800446954E-031  -3.2177328128401076E-031  -2.0995852286508364E-017  -1.2159528334790711E-015  -1.3447924978694507E-030  -5.6824520016521211E-032   1.4968432436075865E-032  -1.1414877572870781E-030  -3.4599234823150685E-033  -1.0310203512897865E-030
  -1.1933762278889030E-016   8.8193258562847288E-017  -5.0604030420456749E-017  0.56035223209736351       -2.0528532890098583E-017   8.0705121770575289E-017  -1.6600604453307992E-016  0.22114611453153613       -6.2483135514912955E-002  -1.3072535632973988E-015   2.3829147821069223E-017   3.7689716454113421E-018  -1.3061100929635791E-015  -1.5523776258118323E-017  -1.2223372086673713E-015
  -8.4311616821483423E-033  -1.4874495707506113E-032   2.8874895814485696E-032  -2.0528532890098583E-017   1.7308367388965655E-033   3.1546449397127338E-033  -6.1168779022251196E-033  -8.1388163329946479E-018  -4.1960360195936993E-017  -5.0969127010289847E-033  -2.8533676210268075E-033   4.1644886863577225E-034   2.2291741105819916E-033   3.9260568232586310E-034   3.4356089577726576E-033
  -9.7127940795244201E-032  -5.9998011617645986E-032   1.6142605800446954E-031   8.0705121770575289E-017   3.1546449397127338E-033   4.9781348777211201E-032  -1.0007448104052331E-031   3.1618971604219491E-017  -2.8528465248609877E-016  -5.1912695632563279E-031  -8.9331604234431105E-033   4.0051849258804180E-033  -4.7295794273961535E-031  -3.3354134202623702E-033  -4.3419730144630337E-031
   1.9492012299857793E-031   1.1898665944712457E-031  -3.2177328128401076E-031  -1.6600604453307992E-016  -6.1168779022251196E-033  -1.0007448104052331E-031   2.0121081278674822E-031  -6.5052613363721047E-017   5.6999473522853345E-016   1.0476738106419781E-030   1.7622232796676691E-032  -8.0276590678755238E-033   9.5550740717120256E-031   6.7938207986735993E-033   8.7740408156608122E-031
  -4.6611735000231700E-017   3.5247504462832308E-017  -2.0995852286508364E-017  0.22114611453153613       -8.1388163329946479E-018   3.1618971604219491E-017  -6.5052613363721047E-017   8.7277947505534942E-002  -2.2981288359385496E-002  -5.1390544552585846E-016   9.4794054772494366E-018   1.4664168367174446E-018  -5.1373357714916616E-016  -6.1198659570594395E-018  -4.8083427798227187E-016
   5.9212356671906320E-016   5.1655931371170463E-016  -1.2159528334790711E-015  -6.2483135514912955E-002  -4.1960360195936993E-017  -2.8528465248609877E-016   5.6999473522853345E-016  -2.2981288359385496E-002   2.0074439894087370        2.5413168355877655E-015   8.6874318822266259E-017  -2.5489853354755166E-017   2.2080897400933917E-015   9.6927206656009546E-018   2.0054588770934916E-015
   9.7153098577511650E-031   4.2460316181972705E-031  -1.3447924978694507E-030  -1.3072535632973988E-015  -5.0969127010289847E-033  -5.1912695632563279E-031   1.0476738106419781E-030  -5.1390544552585846E-016   2.5413168355877655E-015   5.9183540405525234E-030   5.1621563843734698E-032  -3.8813244220503020E-032   5.5168032895206687E-030   4.5749699047905192E-032   5.0899061531381916E-030
   2.0830097057439577E-032   2.7309210681415440E-032  -5.6824520016521211E-032   2.3829147821069223E-017  -2.8533676210268075E-033  -8.9331604234431105E-033   1.7622232796676691E-032   9.4794054772494366E-018   8.6874318822266259E-017   5.1621563843734698E-032   5.0203254108120138E-033  -9.6171394924626557E-034   3.6762301633727639E-032  -3.0382642944512445E-034   3.1674082826113461E-032
  -8.0562916081423203E-033  -6.0034666253870131E-033   1.4968432436075865E-032   3.7689716454113421E-018   4.1644886863577225E-034   4.0051849258804180E-033  -8.0276590678755238E-033   1.4664168367174446E-018  -2.5489853354755166E-017  -3.8813244220503020E-032  -9.6171394924626557E-034   3.3951760654711488E-034  -3.4631213492452428E-032  -2.0418874057635137E-034  -3.1645482708881849E-032
   8.7490864731431378E-031   3.3713329763332040E-031  -1.1414877572870781E-030  -1.3061100929635791E-015   2.2291741105819916E-033  -4.7295794273961535E-031   9.5550740717120256E-031  -5.1373357714916616E-016   2.2080897400933917E-015   5.5168032895206687E-030   3.6762301633727639E-032  -3.4631213492452428E-032   5.1707193208871671E-030   4.4392315164219929E-032   4.7761778075703955E-030
   5.6097188828459757E-033  -3.4827366043666616E-034  -3.4599234823150685E-033  -1.5523776258118323E-017   3.9260568232586310E-034  -3.3354134202623702E-033   6.7938207986735993E-033  -6.1198659570594395E-018   9.6927206656009546E-018   4.5749699047905192E-032  -3.0382642944512445E-034  -2.0418874057635137E-034   4.4392315164219929E-032   4.6175142942835204E-034   4.1302229555157713E-032
   8.0114133727872538E-031   2.9945715375362787E-031  -1.0310203512897865E-030  -1.2223372086673713E-015   3.4356089577726576E-033  -4.3419730144630337E-031   8.7740408156608122E-031  -4.8083427798227187E-016   2.0054588770934916E-015   5.0899061531381916E-030   3.1674082826113461E-032  -3.1645482708881849E-032   4.7761778075703955E-030   4.1302229555157713E-032   4.4128363593526971E-030
