   3.2207635354911059E-008  -1.1669554134031369E-019  -1.9335593522839575E-019   1.0491627575096116E-016   1.0842834290018500E-016  -4.9124229946568868E-009   4.8619059293551036E-020   1.1671432863780457E-019  -6.3616891796651404E-016  -2.5380433944782954E-004   6.6081212472958656E-016   7.7766786464693136E-016  -3.4514158892758668E-020   1.3762066587103654E-020   3.3684068775502303E-020  -3.1512705753355116E-020   6.4509999713068798E-020   3.9617795988589629E-020   2.6586552749589845E-015
  -1.1669554134031369E-019   3.2207635355093456E-008  -8.1098978192819260E-020  -4.4421207617057844E-017  -4.7689082453686885E-017   8.0390291266140058E-020  -4.9124229945957367E-009   7.8316556929931945E-020  -3.8407733778413746E-018   2.5878110751222659E-016  -2.5380433944854788E-004   2.6482197898797022E-016   1.3552600936670775E-019   1.1833657229669640E-019  -1.5131717535106229E-020   1.3712953964885661E-019  -2.8231843980813839E-021   1.0732474211529092E-019   2.0203393453771605E-016
  -1.9335593522839575E-019  -8.1098978192819260E-020   3.2207635355117953E-008   6.2871559181695751E-017   9.1154043668211898E-017   1.5223903827287690E-019   1.0152953879948571E-020  -4.9124229944938536E-009   2.5436425064939101E-015   7.4599254834757657E-016   3.7422224809807966E-016  -2.5380433944864470E-004  -1.4762660423454066E-019   4.9655205792243514E-020  -3.8308634573197832E-021  -6.3435355160984245E-020  -2.6627524221451410E-020  -7.6135573818753870E-020  -6.9081249920482655E-016
   1.0491627575096116E-016  -4.4421207617057844E-017   6.2871559181695751E-017  0.51830591396542247       0.56391146803125425       -4.6002033289817879E-016   1.6510593214681258E-017  -1.7720362649762892E-016  -1.6409975680311741E-002  -3.4328739310079625E-016   4.0132539228628389E-015  -1.4786053413325307E-015  -3.1021083948133205E-015  -1.1778849553314002E-016  -1.4026404566837164E-017  -2.9425351611125814E-015  -1.9340515807844224E-018  -3.6768571641241933E-015  -3.5850369415468085E-006
   1.0842834290018500E-016  -4.7689082453686885E-017   9.1154043668211898E-017  0.56391146803125425       0.61369244990259686       -4.9441190491253478E-016   1.7175917845054254E-017  -2.1685139178036867E-016   2.1004780672469935E-004   1.0549387163730713E-016  -1.0583574662377925E-015  -3.8789056774379211E-016  -3.3566013818812324E-015  -1.3249527186330802E-016  -1.5863652999364569E-017  -3.1871663764072252E-015  -2.3808082273305310E-018  -3.9836345116144752E-015   2.4672226730195599E-005
  -4.9124229946568868E-009   8.0390291266140058E-020   1.5223903827287690E-019  -4.6002033289817879E-016  -4.9441190491253478E-016   7.4926021151546825E-010  -1.6962225515959047E-020  -3.6523600140052367E-020   6.9333221931862106E-016   3.8711139750193028E-005  -5.9402610061833277E-016  -1.0858957210011583E-015   5.2642221642355475E-021  -2.0990392984989977E-021  -5.1376138664502521E-021   4.8064298648215139E-021  -9.8392943944039921E-021  -6.0426470233258595E-021  -2.3823860984087725E-015
   4.8619059293551036E-020  -4.9124229945957367E-009   1.0152953879948571E-020   1.6510593214681258E-017   1.7175917845054254E-017  -1.6962225515959047E-020   7.4926021149257148E-010  -1.1607043408775896E-020  -7.6092200929701906E-017  -2.8234153121161412E-016   3.8711139749601488E-005  -2.2924608814157405E-017  -2.0670908542117535E-020  -1.8049114517107341E-020   2.3079433292450917E-021  -2.0915484678971971E-020   4.3060211661972308E-022  -1.6369551047364797E-020  -1.8709800073641920E-016
   1.1671432863780457E-019   7.8316556929931945E-020  -4.9124229944938536E-009  -1.7720362649762892E-016  -2.1685139178036867E-016  -3.6523600140052367E-020  -1.1607043408775896E-020   7.4926021146092252E-010  -2.6699542005574678E-015  -8.0112076277013916E-016  -5.7675721573410147E-016   3.8711139748783938E-005   2.2516534269152346E-020  -7.5735884369117476E-021   5.8429690764522207E-022   9.6753857867060813E-021   4.0613246157390169E-021   1.1612468266749399E-020   4.1657976275612894E-016
  -6.3616891796651404E-016  -3.8407733778413746E-018   2.5436425064939101E-015  -1.6409975680311741E-002   2.1004780672469935E-004   6.9333221931862106E-016  -7.6092200929701906E-017  -2.6699542005574678E-015   2.0071855969886454        1.8531496704390431E-016  -3.0296513658092234E-015  -3.6254027024243842E-016   2.1495148660742353E-015  -4.7755380010527245E-016  -6.6395986719190356E-017   1.6787280264026826E-015  -3.1914381376156082E-017   1.9764012573451842E-015   9.7064614146853570E-007
  -2.5380433944782954E-004   2.5878110751222659E-016   7.4599254834757657E-016  -3.4328739310079625E-016   1.0549387163730713E-016   3.8711139750193028E-005  -2.8234153121161412E-016  -8.0112076277013916E-016   1.8531496704390431E-016   2.0000425989897068       -2.1706066306338737E-017   2.6337113066333171E-016   2.7198033020499845E-016  -1.0844857691074177E-016  -2.6543900945503552E-016   2.4832811784176361E-016  -5.0835516747017083E-016  -3.1219828561470624E-016  -4.7002213381528820E-016
   6.6081212472958656E-016  -2.5380433944854788E-004   3.7422224809807966E-016   4.0132539228628389E-015  -1.0583574662377925E-015  -5.9402610061833277E-016   3.8711139749601488E-005  -5.7675721573410147E-016  -3.0296513658092234E-015  -2.1706066306338737E-017   2.0000425989897015        2.8608029573745646E-016  -1.0679793442169445E-015  -9.3252221820285240E-016   1.1924177392620864E-016  -1.0806155697442590E-015   2.2247409454535476E-017  -8.4574620206179534E-016   3.0089458459580168E-016
   7.7766786464693136E-016   2.6482197898797022E-016  -2.5380433944864470E-004  -1.4786053413325307E-015  -3.8789056774379211E-016  -1.0858957210011583E-015  -2.2924608814157405E-017   3.8711139748783938E-005  -3.6254027024243842E-016   2.6337113066333171E-016   2.8608029573745646E-016   2.0000425989897059        1.1633351023831961E-015  -3.9129562190709813E-016   3.0188176143627967E-017   4.9988669572127774E-016   2.0983164773000960E-016   5.9996764149065740E-016   6.9326522210410897E-016
  -3.4514158892758668E-020   1.3552600936670775E-019  -1.4762660423454066E-019  -3.1021083948133205E-015  -3.3566013818812324E-015   5.2642221642355475E-021  -2.0670908542117535E-020   2.2516534269152346E-020   2.1495148660742353E-015   2.7198033020499845E-016  -1.0679793442169445E-015   1.1633351023831961E-015   2.2015793649696267E-029   5.9970950208966393E-031  -4.8722936943529003E-032   2.0027229886942973E-029  -1.2605871054284906E-031   2.4607965123148783E-029  -3.7022378614980814E-016
   1.3762066587103654E-020   1.1833657229669640E-019   4.9655205792243514E-020  -1.1778849553314002E-016  -1.3249527186330802E-016  -2.0990392984989977E-021  -1.8049114517107341E-020  -7.5735884369117476E-021  -4.7755380010527245E-016  -1.0844857691074177E-016  -9.3252221820285240E-016  -3.9129562190709813E-016   5.9970950208966393E-031   9.1026973279725268E-031   6.2841568014456081E-033   4.7725612621665134E-031  -2.9503402480335177E-031   5.7269221676548139E-031  -7.0830045147618270E-016
   3.3684068775502303E-020  -1.5131717535106229E-020  -3.8308634573197832E-021  -1.4026404566837164E-017  -1.5863652999364569E-017  -5.1376138664502521E-021   2.3079433292450917E-021   5.8429690764522207E-022  -6.6395986719190356E-017  -2.6543900945503552E-016   1.1924177392620864E-016   3.0188176143627967E-017  -4.8722936943529003E-032   6.2841568014456081E-033   5.0055012966078473E-032  -9.0778743722574270E-032   3.5028560880729180E-032   2.2537209028951118E-032  -9.6499363495368907E-017
  -3.1512705753355116E-020   1.3712953964885661E-019  -6.3435355160984245E-020  -2.9425351611125814E-015  -3.1871663764072252E-015   4.8064298648215139E-021  -2.0915484678971971E-020   9.6753857867060813E-021   1.6787280264026826E-015   2.4832811784176361E-016  -1.0806155697442590E-015   4.9988669572127774E-016   2.0027229886942973E-029   4.7725612621665134E-031  -9.0778743722574270E-032   1.8863354614136406E-029   1.8986143605933812E-031   2.3002021380141591E-029   5.7532171961533233E-016
   6.4509999713068798E-020  -2.8231843980813839E-021  -2.6627524221451410E-020  -1.9340515807844224E-018  -2.3808082273305310E-018  -9.8392943944039921E-021   4.3060211661972308E-022   4.0613246157390169E-021  -3.1914381376156082E-017  -5.0835516747017083E-016   2.2247409454535476E-017   2.0983164773000960E-016  -1.2605871054284906E-031  -2.9503402480335177E-031   3.5028560880729180E-032   1.8986143605933812E-031   4.6293118084393443E-031   2.4019067854276736E-031   7.8859779615060129E-016
   3.9617795988589629E-020   1.0732474211529092E-019  -7.6135573818753870E-020  -3.6768571641241933E-015  -3.9836345116144752E-015  -6.0426470233258595E-021  -1.6369551047364797E-020   1.1612468266749399E-020   1.9764012573451842E-015  -3.1219828561470624E-016  -8.4574620206179534E-016   5.9996764149065740E-016   2.4607965123148783E-029   5.7269221676548139E-031   2.2537209028951118E-032   2.3002021380141591E-029   2.4019067854276736E-031   2.8442797158953653E-029   3.1252958672866822E-016
   2.6586552749589845E-015   2.0203393453771605E-016  -6.9081249920482655E-016  -3.5850369415468085E-006   2.4672226730195599E-005  -2.3823860984087725E-015  -1.8709800073641920E-016   4.1657976275612894E-016   9.7064614146853570E-007  -4.7002213381528820E-016   3.0089458459580168E-016   6.9326522210410897E-016  -3.7022378614980814E-016  -7.0830045147618270E-016  -9.6499363495368907E-017   5.7532171961533233E-016   7.8859779615060129E-016   3.1252958672866822E-016   2.0000012589839753     
