  0.29232378382082785        1.1159870838312225E-017  -2.9002738986232339E-017   8.1516877285269529E-016  -3.7669803482617342E-017   1.1679795098265627E-017   4.5072340245199345E-018   3.0297274757891376E-017  -2.8483457174030387E-017   7.3725287247371433E-018   7.7464462768154436E-016  0.32712069436849434        1.4434500212397355E-017  -3.9354315399737552E-017  -5.8221611602742618E-016
   1.1159870838312225E-017  0.29232378382082685        9.6429618847218568E-017   5.3588659198408456E-018   6.1457625158982897E-018   2.5155635667809787E-018   2.8864649884867307E-017  -6.1949407642594934E-018   6.2470058403991236E-019   4.9178248362049688E-020   3.2495998509432683E-018  -1.6439215440311464E-017  0.32712069436849400       -2.4870581397280770E-017   8.0370405671901683E-018
  -2.9002738986232339E-017   9.6429618847218568E-017  0.29232378382082808       -9.3448086854674599E-018   9.9435769437675476E-019   1.5837498602421251E-017   1.0301128109897778E-018  -2.1224816874978014E-019  -1.3264538854590542E-017  -7.8210952562493447E-019  -4.2923566518921791E-017  -7.3620795052893034E-018   9.6541427196256135E-017  0.32712069436849472        4.6317216526730485E-017
   8.1516877285269529E-016   5.3588659198408456E-018  -9.3448086854674599E-018  0.60839249712296195        4.3616245673887071E-015   5.3655617769946944E-017  -1.2515119422550574E-016   3.3489348249989608E-015  -2.7183169918051898E-017   3.1124263595445849E-015  0.58396550933253166       -5.7793192789506130E-016   1.0460723216600483E-017  -1.8130385732972603E-016   8.3169643750310805E-003
  -3.7669803482617342E-017   6.1457625158982897E-018   9.9435769437675476E-019   4.3616245673887071E-015   3.2526734204347728E-029   9.5627955463902179E-031  -1.8004540426996022E-030   2.4896702404564490E-029   9.6965711685415755E-032   2.3632049841107093E-029   4.1882865803591225E-015  -4.2153847733149691E-017   6.8773264882776500E-018   1.1127215691562358E-018   1.6429437300248769E-015
   1.1679795098265627E-017   2.5155635667809787E-018   1.5837498602421251E-017   5.3655617769946944E-017   9.5627955463902179E-031   2.6816049719776269E-031  -4.2368143024707045E-031   7.0442801275058233E-031   1.2756909765604373E-031   8.7834832616187343E-031   5.2316128950295272E-017   1.3070105458706987E-017   2.8150049576460510E-018   1.7722723317851905E-017   7.2490140206981093E-016
   4.5072340245199345E-018   2.8864649884867307E-017   1.0301128109897778E-018  -1.2515119422550574E-016  -1.8004540426996022E-030  -4.2368143024707045E-031   6.7989512011473878E-031  -1.3320833577454055E-030  -2.0262096130591740E-031  -1.5916140348991542E-030  -1.2141074197656969E-016   5.0437549230884457E-018   3.2300568190608315E-017   1.1527328142940870E-018  -1.1432396244177196E-015
   3.0297274757891376E-017  -6.1949407642594934E-018  -2.1224816874978014E-019   3.3489348249989608E-015   2.4896702404564490E-029   7.0442801275058233E-031  -1.3320833577454055E-030   1.9072640881572725E-029   5.2587553432699944E-032   1.8072820748333674E-029   3.2157431499346731E-015   3.3903726295315388E-017  -6.9323586944890475E-018  -2.3751323765949302E-019   1.1729506635414326E-015
  -2.8483457174030387E-017   6.2470058403991236E-019  -1.3264538854590542E-017  -2.7183169918051898E-017   9.6965711685415755E-032   1.2756909765604373E-031  -2.0262096130591740E-031   5.2587553432699944E-032   7.0892699388915445E-032   1.6384350374555915E-031  -2.5681956229191690E-017  -3.1874000011216802E-017   6.9906213634944421E-019  -1.4843489995501273E-017   3.6385851182999532E-016
   7.3725287247371433E-018   4.9178248362049688E-020  -7.8210952562493447E-019   3.1124263595445849E-015   2.3632049841107093E-029   8.7834832616187343E-031  -1.5916140348991542E-030   1.8072820748333674E-029   1.6384350374555915E-031   1.7312963316529310E-029   2.9893388340777214E-015   8.2501214378230497E-018   5.5032206212440294E-020  -8.7520833149769543E-019   1.7103844631690702E-015
   7.7464462768154436E-016   3.2495998509432683E-018  -4.2923566518921791E-017  0.58396550933253166        4.1882865803591225E-015   5.2316128950295272E-017  -1.2141074197656969E-016   3.2157431499346731E-015  -2.5681956229191690E-017   2.9893388340777214E-015  0.56052179935717661       -5.6203545526662965E-016   7.9299897710048855E-018  -2.1212119218795452E-016   1.0234402608978694E-002
  0.32712069436849434       -1.6439215440311464E-017  -7.3620795052893034E-018  -5.7793192789506130E-016  -4.2153847733149691E-017   1.3070105458706987E-017   5.0437549230884457E-018   3.3903726295315388E-017  -3.1874000011216802E-017   8.2501214378230497E-018  -5.6203545526662965E-016  0.36605967289241709       -1.6218351599314905E-017  -1.5958669826532261E-017   5.8613494035474811E-016
   1.4434500212397355E-017  0.32712069436849400        9.6541427196256135E-017   1.0460723216600483E-017   6.8773264882776500E-018   2.8150049576460510E-018   3.2300568190608315E-017  -6.9323586944890475E-018   6.9906213634944421E-019   5.5032206212440294E-020   7.9299897710048855E-018  -1.6218351599314905E-017  0.36605967289241753       -4.0549161250957872E-017   1.6910231960834724E-017
  -3.9354315399737552E-017  -2.4870581397280770E-017  0.32712069436849472       -1.8130385732972603E-016   1.1127215691562358E-018   1.7722723317851905E-017   1.1527328142940870E-018  -2.3751323765949302E-019  -1.4843489995501273E-017  -8.7520833149769543E-019  -2.1212119218795452E-016  -1.5958669826532261E-017  -4.0549161250957872E-017  0.36605967289241764       -4.0285268022507110E-017
  -5.8221611602742618E-016   8.0370405671901683E-018   4.6317216526730485E-017   8.3169643750310805E-003   1.6429437300248769E-015   7.2490140206981093E-016  -1.1432396244177196E-015   1.1729506635414326E-015   3.6385851182999532E-016   1.7103844631690702E-015   1.0234402608978694E-002   5.8613494035474811E-016   1.6910231960834724E-017  -4.0285268022507110E-017   2.0010863614561298     
