   5.3606535526059592E-006  -4.4476135719611591E-019   6.8013436942067476E-019  -3.7265205896081881E-017  -1.7629266771216796E-017   2.7014272169364200E-006   2.7101213544532442E-018  -2.4883052799376244E-018  -9.4628689311398524E-016  -3.2744177544676519E-003  -8.7037143464717774E-016   1.3467985856394538E-015  -9.2588823187254622E-016   9.5442471987940858E-019  -3.9605225699304466E-019   2.4306201524663827E-019  -1.9638250163594337E-018   2.0143698824369547E-018   8.4716803343333449E-019
  -4.4476135719611591E-019   5.3606535525940770E-006   2.5828610260038103E-018  -2.1135060067192535E-016  -9.7685604095029943E-017  -2.1585388784601352E-018   2.7014272169366534E-006  -1.8075891505147122E-018   1.0075812246379323E-016   1.1423043809588009E-015  -3.2744177544640220E-003  -7.0082139553448872E-016  -2.6014829824202516E-016   1.3908083678860611E-018  -1.2483528871327786E-019  -1.7013668667365888E-019  -2.0978903187440232E-018   1.9316569631499455E-019   2.1597900337014626E-019
   6.8013436942067476E-019   2.5828610260038103E-018   5.3606535525976396E-006   3.2506733630830004E-016   1.4616121040545966E-016   4.8431258394881009E-018  -6.6132018516225429E-019   2.7014272169375199E-006  -5.2786179638859824E-017  -1.7621655435228335E-015  -8.7745325874348923E-016  -3.2744177544651101E-003   4.8358812312106307E-016   4.8346383993601010E-019  -9.1312243755959884E-020   1.2339032851184051E-019   4.2962205218454100E-019   1.3119837473105127E-019   2.0536265802809199E-019
  -3.7265205896081881E-017  -2.1135060067192535E-016   3.2506733630830004E-016  0.50027401999072330       0.23744807681447158       -7.8992075706624164E-017   3.1038339750961011E-017   2.0915484222738011E-017  -6.9510450271931354E-002   8.8127452707739567E-016   9.5606005445032664E-016  -3.1070756323127725E-015  -5.5743677975906517E-003  -1.1418654891418729E-015  -7.4680952764967939E-018  -9.4834896159111324E-018  -1.6845418326006417E-015   1.5721872821187064E-017  -1.1947507563055816E-015
  -1.7629266771216796E-017  -9.7685604095029943E-017   1.4616121040545966E-016  0.23744807681447158       0.11271319810373785       -3.5513705770646527E-017   1.5273864337904559E-017   6.2139163938595442E-018  -2.8141437779977525E-002  -9.6196892673838312E-016  -1.0310598589996237E-015   3.4451976137616127E-015  -2.8728834052135139E-003  -5.4481062155432130E-016  -3.7654339985040358E-018  -4.6995754032901154E-018  -8.0536395240434619E-016   7.8103858833654996E-018  -5.7019929664868883E-016
   2.7014272169364200E-006  -2.1585388784601352E-018   4.8431258394881009E-018  -7.8992075706624164E-017  -3.5513705770646527E-017   1.3613468836942910E-006   3.9091023364859129E-019   1.0139579948674984E-018   4.4482522389139429E-016  -1.6500975402968664E-003   7.4297160539289299E-016  -2.0702420672906224E-015   1.8659653279956798E-015   4.8096913734350932E-019  -1.9958505728262764E-019   1.2248774089724131E-019  -9.8964245617196063E-019   1.0151138423683283E-018   4.2691861363032431E-019
   2.7101213544532442E-018   2.7014272169366534E-006  -6.6132018516225429E-019   3.1038339750961011E-017   1.5273864337904559E-017   3.9091023364859129E-019   1.3613468836975436E-006  -1.9000945646429238E-018  -2.7425673207067462E-016  -1.2166645001170270E-015  -1.6500975402988370E-003   8.4582842835299655E-016   2.3144599581040438E-016   7.0087864132412039E-019  -6.2909017204017718E-020  -8.5738030161769317E-020  -1.0572028111137593E-018   9.7343181067291379E-020   1.0883963163589446E-019
  -2.4883052799376244E-018  -1.8075891505147122E-018   2.7014272169375199E-006   2.0915484222738011E-017   6.2139163938595442E-018   1.0139579948674984E-018  -1.9000945646429238E-018   1.3613468836975123E-006   1.8123272076657250E-016   8.4125507082328274E-016   1.4569862479746524E-015  -1.6500975402988182E-003   8.9130749930269541E-016   2.4363491555407671E-019  -4.6015542340096578E-020   6.2180849494940070E-020   2.1650209128330497E-019   6.6115606396167179E-020   1.0348967123016792E-019
  -9.4628689311398524E-016   1.0075812246379323E-016  -5.2786179638859824E-017  -6.9510450271931354E-002  -2.8141437779977525E-002   4.4482522389139429E-016  -2.7425673207067462E-016   1.8123272076657250E-016   2.0106613691230057       -1.6754356655441721E-016  -1.2489932183814777E-015   6.5365187345260786E-016   6.9827314331204812E-004  -1.0291260549011496E-015  -8.0385562768094609E-017  -7.9771491458471658E-017  -2.1308255754649633E-015   1.3042636544890894E-016  -1.1419829326350155E-015
  -3.2744177544676519E-003   1.1423043809588009E-015  -1.7621655435228335E-015   8.8127452707739567E-016  -9.6196892673838312E-016  -1.6500975402968664E-003  -1.2166645001170270E-015   8.4125507082328274E-016  -1.6754356655441721E-016   2.0000941164274302       -1.5996132505602736E-016  -4.6241222656506764E-017  -3.3515374315419752E-016  -5.8298586495176716E-016   2.4191836485392918E-016  -1.4846819895189594E-016   1.1995521510823216E-015  -1.2304261863574269E-015  -5.1747086851756001E-016
  -8.7037143464717774E-016  -3.2744177544640220E-003  -8.7745325874348923E-016   9.5606005445032664E-016  -1.0310598589996237E-015   7.4297160539289299E-016  -1.6500975402988370E-003   1.4569862479746524E-015  -1.2489932183814777E-015  -1.5996132505602736E-016   2.0000941164274288        3.6664329341670743E-016   1.5458956442425862E-015  -8.4953962575302923E-016   7.6252434845168458E-017   1.0392363208402658E-016   1.2814425030869077E-015  -1.1799031206992707E-016  -1.3192523566153563E-016
   1.3467985856394538E-015  -7.0082139553448872E-016  -3.2744177544651101E-003  -3.1070756323127725E-015   3.4451976137616127E-015  -2.0702420672906224E-015   8.4582842835299655E-016  -1.6500975402988182E-003   6.5365187345260786E-016  -4.6241222656506764E-017   3.6664329341670743E-016   2.0000941164274293        1.7044461140420396E-016  -2.9531148871968959E-016   5.5775742494871436E-017  -7.5369817960423241E-017  -2.6242361338745799E-016  -8.0139162763948061E-017  -1.2544051335430742E-016
  -9.2588823187254622E-016  -2.6014829824202516E-016   4.8358812312106307E-016  -5.5743677975906517E-003  -2.8728834052135139E-003   1.8659653279956798E-015   2.3144599581040438E-016   8.9130749930269541E-016   6.9827314331204812E-004  -3.3515374315419752E-016   1.5458956442425862E-015   1.7044461140420396E-016   2.0000559472660160       -3.3314855894658321E-016   2.0656187241070650E-016   1.5951649172671967E-017   7.8456872743889856E-016  -2.3596613793025077E-016  -3.6757419646262632E-016
   9.5442471987940858E-019   1.3908083678860611E-018   4.8346383993601010E-019  -1.1418654891418729E-015  -5.4481062155432130E-016   4.8096913734350932E-019   7.0087864132412039E-019   2.4363491555407671E-019  -1.0291260549011496E-015  -5.8298586495176716E-016  -8.4953962575302923E-016  -2.9531148871968959E-016  -3.3314855894658321E-016   3.9455469265380526E-030  -8.1471378916482330E-032   7.7301812083889330E-032   4.2610858282330250E-030   3.4677202562338544E-031   3.7946822430848994E-030
  -3.9605225699304466E-019  -1.2483528871327786E-019  -9.1312243755959884E-020  -7.4680952764967939E-018  -3.7654339985040358E-018  -1.9958505728262764E-019  -6.2909017204017718E-020  -4.6015542340096578E-020  -8.0385562768094609E-017   2.4191836485392918E-016   7.6252434845168458E-017   5.5775742494871436E-017   2.0656187241070650E-016  -8.1471378916482330E-032   5.8464179308481013E-032  -1.1020748614969887E-032   3.8705326717702939E-031  -1.8553033756431170E-031  -3.9385948768731273E-032
   2.4306201524663827E-019  -1.7013668667365888E-019   1.2339032851184051E-019  -9.4834896159111324E-018  -4.6995754032901154E-018   1.2248774089724131E-019  -8.5738030161769317E-020   6.2180849494940070E-020  -7.9771491458471658E-017  -1.4846819895189594E-016   1.0392363208402658E-016  -7.5369817960423241E-017   1.5951649172671967E-017   7.7301812083889330E-032  -1.1020748614969887E-032   2.2852214178815667E-032   1.2126227418936935E-031   8.0684714921831117E-032   1.0892045270676228E-031
  -1.9638250163594337E-018  -2.0978903187440232E-018   4.2962205218454100E-019  -1.6845418326006417E-015  -8.0536395240434619E-016  -9.8964245617196063E-019  -1.0572028111137593E-018   2.1650209128330497E-019  -2.1308255754649633E-015   1.1995521510823216E-015   1.2814425030869077E-015  -2.6242361338745799E-016   7.8456872743889856E-016   4.2610858282330250E-030   3.8705326717702939E-031   1.2126227418936935E-031   1.0335214140346925E-029  -1.1029632808340906E-030   5.0445935012651514E-030
   2.0143698824369547E-018   1.9316569631499455E-019   1.3119837473105127E-019   1.5721872821187064E-017   7.8103858833654996E-018   1.0151138423683283E-018   9.7343181067291379E-020   6.6115606396167179E-020   1.3042636544890894E-016  -1.2304261863574269E-015  -1.1799031206992707E-016  -8.0139162763948061E-017  -2.3596613793025077E-016   3.4677202562338544E-031  -1.8553033756431170E-031   8.0684714921831117E-032  -1.1029632808340906E-030   8.0419027448384792E-031   2.5182843680500416E-031
   8.4716803343333449E-019   2.1597900337014626E-019   2.0536265802809199E-019  -1.1947507563055816E-015  -5.7019929664868883E-016   4.2691861363032431E-019   1.0883963163589446E-019   1.0348967123016792E-019  -1.1419829326350155E-015  -5.1747086851756001E-016  -1.3192523566153563E-016  -1.2544051335430742E-016  -3.6757419646262632E-016   3.7946822430848994E-030  -3.9385948768731273E-032   1.0892045270676228E-031   5.0445935012651514E-030   2.5182843680500416E-031   3.9312888748021074E-030
