  0.41525346171694055        1.4407691619616747E-016   9.4949005255418051E-017  -8.1868372655402206E-017  0.63471083471973444       -2.1409265961620794E-016  -2.6519585138995438E-016   4.6635283679976284E-016   3.3748207046737936E-016  -1.0060089076255409E-017   4.0648574579455083E-018   4.7257896442017409E-018  -1.0143657970546019E-018  -3.6838475491879867E-019  -1.5958713389298630E-018
   1.4407691619616747E-016  0.41525346171693989        4.5438235422509687E-017   1.6871818669242541E-016   3.4542003589030368E-016  0.63471083471973477        9.0052307787340941E-017  -5.9395984334063145E-017  -8.6306146738257268E-017  -5.5273014570338025E-018   1.1355555647099050E-018   2.0294289007341817E-018  -1.5991943380346237E-018   9.9387092754153597E-021  -2.5984120197265234E-018
   9.4949005255418051E-017   4.5438235422509687E-017  0.41525346171693955       -3.6785227787006963E-016  -4.0462425077159025E-016  -1.7390179330193864E-016  0.63471083471973511       -4.0243265860702101E-016  -3.3585064964668582E-016   2.7726506421073562E-017  -2.3428868079550080E-018  -2.0536500340174574E-018   2.3352319657141534E-017   1.7953351085042386E-018   2.2943229734842354E-017
  -8.1868372655402206E-017   1.6871818669242541E-016  -3.6785227787006963E-016  0.63894601448398991       -8.8955075012170299E-016   1.9611797997390634E-016   5.2686546673229955E-016  0.58538266957611196       -4.2006071627309896E-003   6.5536959540392894E-016   8.7211575667234418E-018  -6.9574579831768146E-018   4.9505643317729187E-016   9.7011814874200253E-018   5.3330081159630783E-016
  0.63471083471973444        3.4542003589030368E-016  -4.0462425077159025E-016  -8.8955075012170299E-016  0.97014927231415093       -1.3587763726674584E-016  -1.2456127709142839E-015   1.1329265361656227E-017  -7.8318267920741429E-017  -1.5376747272725324E-017   6.2130946710999599E-018   7.2233230215087612E-018  -1.5504481506264383E-018  -5.6307247704998906E-019  -2.4392736557811813E-018
  -2.1409265961620794E-016  0.63471083471973477       -1.7390179330193864E-016   1.9611797997390634E-016  -1.3587763726674584E-016  0.97014927231415349       -2.3431133606716809E-016  -1.4714613496428394E-016  -1.2822346531055190E-017  -8.4484259493853147E-018   1.7356855193153433E-018   3.1019621275725416E-018  -2.4443528272496127E-018   1.5191219440176180E-020  -3.9716472324331663E-018
  -2.6519585138995438E-016   9.0052307787340941E-017  0.63471083471973511        5.2686546673229955E-016  -1.2456127709142839E-015  -2.3431133606716809E-016  0.97014927231415549        3.8405051255583395E-016   1.7781675174645099E-016   4.2379692541560728E-017  -3.5810794577906331E-018  -3.1389838917272632E-018   3.5693791066648852E-017   2.7441520670504089E-018   3.5068501141347963E-017
   4.6635283679976284E-016  -5.9395984334063145E-017  -4.0243265860702101E-016  0.58538266957611196        1.1329265361656227E-017  -1.4714613496428394E-016   3.8405051255583395E-016  0.53631698440235887        8.2719287306347345E-007   6.0695340423979221E-016   7.8950504741876445E-018  -6.6049634477734183E-018   4.5855068767451142E-016   8.8759115361756978E-018   4.9355933935242595E-016
   3.3748207046737936E-016  -8.6306146738257268E-017  -3.3585064964668582E-016  -4.2006071627309896E-003  -7.8318267920741429E-017  -1.2822346531055190E-017   1.7781675174645099E-016   8.2719287306347345E-007   2.0016380690177784        3.3881100693937775E-015  -4.9459703100729250E-017  -1.1994531117466212E-016   2.5942321531919067E-015  -6.3101080415048249E-018   2.5785522169592596E-015
  -1.0060089076255409E-017  -5.5273014570338025E-018   2.7726506421073562E-017   6.5536959540392894E-016  -1.5376747272725324E-017  -8.4484259493853147E-018   4.2379692541560728E-017   6.0695340423979221E-016   3.3881100693937775E-015   6.4240063225161055E-030  -7.5054034657046905E-032  -2.1078110239706859E-031   4.9117229852157159E-030  -5.0734890592252003E-034   4.9248015550486935E-030
   4.0648574579455083E-018   1.1355555647099050E-018  -2.3428868079550080E-018   8.7211575667234418E-018   6.2130946710999599E-018   1.7356855193153433E-018  -3.5810794577906331E-018   7.8950504741876445E-018  -4.9459703100729250E-017  -7.5054034657046905E-032   1.3944670640898862E-033   2.9299685851959106E-033  -5.7498266911711563E-032   2.7287352794682089E-034  -5.6601579279480679E-032
   4.7257896442017409E-018   2.0294289007341817E-018  -2.0536500340174574E-018  -6.9574579831768146E-018   7.2233230215087612E-018   3.1019621275725416E-018  -3.1389838917272632E-018  -6.6049634477734183E-018  -1.1994531117466212E-016  -2.1078110239706859E-031   2.9299685851959106E-033   7.3427500472404675E-033  -1.6123770119248165E-031   2.5579182120880554E-034  -1.6073872411086611E-031
  -1.0143657970546019E-018  -1.5991943380346237E-018   2.3352319657141534E-017   4.9505643317729187E-016  -1.5504481506264383E-018  -2.4443528272496127E-018   3.5693791066648852E-017   4.5855068767451142E-016   2.5942321531919067E-015   4.9117229852157159E-030  -5.7498266911711563E-032  -1.6123770119248165E-031   3.7556470239277555E-030  -4.8753638731387128E-034   3.7652395448554762E-030
  -3.6838475491879867E-019   9.9387092754153597E-021   1.7953351085042386E-018   9.7011814874200253E-018  -5.6307247704998906E-019   1.5191219440176180E-020   2.7441520670504089E-018   8.8759115361756978E-018  -6.3101080415048249E-018  -5.0734890592252003E-034   2.7287352794682089E-034   2.5579182120880554E-034  -4.8753638731387128E-034   1.7487575254195536E-034   1.4000212242102266E-034
  -1.5958713389298630E-018  -2.5984120197265234E-018   2.2943229734842354E-017   5.3330081159630783E-016  -2.4392736557811813E-018  -3.9716472324331663E-018   3.5068501141347963E-017   4.9355933935242595E-016   2.5785522169592596E-015   4.9248015550486935E-030  -5.6601579279480679E-032  -1.6073872411086611E-031   3.7652395448554762E-030   1.4000212242102266E-034   3.7772437442924647E-030
