  0.40777267431807990       -3.5890086065544185E-009  -1.9176239285823752E-009  -5.4753069651339960E-008  -6.7005863379214630E-010   4.3221643982111009E-008  -1.8622871787825711E-008  -3.1089985501634293E-008   7.6750958015768875E-009   3.1760043481434408E-008   5.0363984312992546E-008  0.29753055766619674        1.3031065853306033E-010   8.6999631040110536E-010   3.2021268743971337E-008  -1.2549320579077809E-002   4.3028813897496053E-010   3.0449941664707083E-010   4.1801853510404579E-009  -2.0368947835408403E-009   4.4276547520475921E-009  -1.3447494550358060E-009  -3.2237383493966637E-009   1.0023644841824884E-009   5.2606331120883244E-009
  -3.5890086065544185E-009  0.40777274930287727       -2.8915963673367940E-009   1.1026579125395097E-007  -3.2796113019240746E-009  -8.7854586931624138E-009  -6.1431235380775204E-009   7.6926897080509871E-009  -2.3200634954930518E-008  -4.4130788753841322E-009  -8.2472829954799694E-008   1.0896513962134625E-009  0.29753054492436598        3.2602398659471318E-009  -6.2360306683599114E-008   5.3746656467190337E-010  -1.2549331549326654E-002   6.5446334788427017E-010  -7.5435490245064579E-009   1.6222547705234048E-010  -2.8046787786182372E-009  -8.5626522880211036E-010  -2.4274321614124499E-010  -1.8920776737879310E-009   8.0517617076402212E-011
  -1.9176239285823752E-009  -2.8915963673367940E-009  0.40777270553071437       -2.0189734997770923E-008   1.9073271257085771E-008   3.9951284127523116E-008   3.9029944509694408E-008   1.3448930994865306E-008   3.6762395381070017E-008  -3.2522201278983476E-008   1.5731868639268572E-008  -2.1856738174090214E-010  -2.2769973903796090E-009  0.29753055236191195        1.1733575080048421E-008   1.8840893364780649E-010   9.8379262252603654E-011  -1.2549325122272532E-002   1.3212882569395959E-009   1.9777437725380506E-009   5.3381175580968382E-009   3.6060499516960842E-009   1.0212872659001179E-009   3.5306860455336808E-009  -2.9990309107822836E-009
  -5.4753069651339960E-008   1.1026579125395097E-007  -2.0189734997770923E-008  0.56524202483957209        1.6282263572921102E-008  -3.0991361855480597E-009   4.9104699246290553E-009  -2.8625059040342196E-008  -7.2818568151663509E-009   1.2342830832457074E-008  0.59669234442211061        6.5242285453726523E-008  -2.2899886058300944E-008  -3.4662455268688988E-008  -5.2045017634386667E-003   1.3179749054201962E-008  -2.3530384042533398E-008   6.9247606432281589E-010   9.9918194303894275E-004   3.4721683931384557E-009  -6.5954610795813227E-010   1.0407801852695896E-009  -6.0500171229744370E-009  -1.6825804866597499E-009   2.5778536300701743E-009
  -6.7005863379214630E-010  -3.2796113019240746E-009   1.9073271257085771E-008   1.6282263572921102E-008   1.3893721451659136E-015   1.7797206559963727E-015   2.0470151648070825E-015  -2.0724403948583748E-016   1.6843837635270236E-015  -1.1821270260593549E-015   1.7192305386947025E-008  -4.8843172327061284E-010  -2.3933207565292455E-009   1.3916929007822543E-008   3.1155424777688679E-010   8.8453710422293129E-010  -5.5062186524532899E-010  -3.0382544383538228E-010   4.3789351581850028E-011   1.9854278306779598E-016   2.4918648195301983E-016   2.0477092954174464E-016  -1.2230910357574812E-016   1.3401735499338899E-016  -7.6233524703360790E-017
   4.3221643982111009E-008  -8.7854586931624138E-009   3.9951284127523116E-008  -3.0991361855480597E-009   1.7797206559963727E-015   8.7036657323557245E-015   1.9551985098528883E-015  -1.9868403404359081E-015   4.9552748482843542E-015   2.0711952552294732E-016  -3.2721509821753944E-009   3.1537633650905975E-008  -6.4100375590479782E-009   2.9150401000256633E-008  -3.8772217991675855E-011   5.7925302699803654E-010   7.3395776334051066E-010  -1.1839590984008277E-009  -9.8294924986818354E-012  -4.2109313113112355E-017   1.0677061002527069E-015   2.1641630067415777E-016  -2.0003587103966074E-016   4.9986264058648250E-016   2.4214516934206553E-016
  -1.8622871787825711E-008  -6.1431235380775204E-009   3.9029944509694408E-008   4.9104699246290553E-009   2.0470151648070825E-015   1.9551985098528883E-015   4.7230652120679173E-015   2.3434877351148749E-015   3.4557888746834138E-015  -4.3905024588681252E-015   5.1848357299523733E-009  -1.3588358965716035E-008  -4.4820852489673882E-009   2.8479046528326198E-008   8.3853896379544186E-011   1.7633418732591153E-010   6.1568088863044587E-010   4.9044511507051906E-010   1.4489318030541391E-011   3.1032529219961219E-016   3.4311995231094618E-016   4.2946377580022439E-016   2.0272975053126404E-016   3.1445583774573870E-016  -5.1305498267566869E-016
  -3.1089985501634293E-008   7.6926897080509871E-009   1.3448930994865306E-008  -2.8625059040342196E-008  -2.0724403948583748E-016  -1.9868403404359081E-015   2.3434877351148749E-015   4.4107713377496436E-015   5.5821353510135581E-016  -4.2035290324410284E-015  -3.0224376251551170E-008  -2.2685180639282111E-008   5.6138440676890479E-009   9.8132896470381926E-009  -4.8103106976705338E-010   1.7650709407845786E-010   1.3802563949069471E-009   1.3981389898405678E-010  -8.0542292999698091E-011   4.2308394732862469E-017  -1.8220650429838960E-016   1.5478221297998352E-016   5.9219381842532257E-016   8.6946783825597021E-017  -6.3450246810610245E-016
   7.6750958015768875E-009  -2.3200634954930518E-008   3.6762395381070017E-008  -7.2818568151663509E-009   1.6843837635270236E-015   4.9552748482843542E-015   3.4557888746834138E-015   5.5821353510135581E-016   4.8747008299708918E-015  -2.2425976552186819E-015  -7.6886025260990249E-009   5.6003071985792305E-009  -1.6928715008272009E-008   2.6824632842652505E-008  -1.1311448866256264E-010   1.1061713767051413E-010  -5.6118113928236336E-011   7.4083635639338150E-010  -2.2138133606680597E-011   9.2503868803240524E-017   7.3193404872608953E-016   3.3390340710656040E-016   1.2164057875244462E-016   4.7987223347145710E-016  -2.1414449488455294E-016
   3.1760043481434408E-008  -4.4130788753841322E-009  -3.2522201278983476E-008   1.2342830832457074E-008  -1.1821270260593549E-015   2.0711952552294732E-016  -4.3905024588681252E-015  -4.2035290324410284E-015  -2.2425976552186819E-015   5.3856567130601183E-015   1.3032108595523243E-008   2.3173611885543407E-008  -3.2205236534270592E-009  -2.3730217944369882E-008   1.6952163303115426E-010  -1.0610438706645910E-009  -8.2963427440523923E-010   1.6401255453464271E-010   3.6750417188441363E-011  -2.4085099885647258E-016  -6.6980004977206756E-017  -3.5955307540544929E-016  -4.6988501144229337E-016  -2.2096421542668912E-016   7.1073611045897101E-016
   5.0363984312992546E-008  -8.2472829954799694E-008   1.5731868639268572E-008  0.59669234442211061        1.7192305386947025E-008  -3.2721509821753944E-009   5.1848357299523733E-009  -3.0224376251551170E-008  -7.6886025260990249E-009   1.3032108595523243E-008  0.63005004928506525        1.4781545154820975E-007  -1.6921595586908904E-007  -9.5858598661390148E-009   1.2283056089048913E-002   9.4567195936514648E-009   7.1644518551804223E-010  -4.8489804029521270E-009   1.8026174165745559E-003   3.6466264751956063E-009  -6.9488804652203326E-010   1.0953956430990601E-009  -6.3589975335073778E-009  -1.7704120310293111E-009   2.7123764899486788E-009
  0.29753055766619674        1.0896513962134625E-009  -2.1856738174090214E-010   6.5242285453726523E-008  -4.8843172327061284E-010   3.1537633650905975E-008  -1.3588358965716035E-008  -2.2685180639282111E-008   5.6003071985792305E-009   2.3173611885543407E-008   1.4781545154820975E-007  0.21709320418486586        2.8006543501223235E-009   1.4962490371194061E-009   2.4922358859666309E-008  -8.0632425129714708E-003   2.8903001963271358E-011   1.9044908340828014E-010   3.2640442524275455E-009  -1.4839354444308321E-009   3.2365879703771738E-009  -9.8514391518831422E-010  -2.3521523267406733E-009   7.3089017773392240E-010   3.8360877559503017E-009
   1.3031065853306033E-010  0.29753054492436598       -2.2769973903796090E-009  -2.2899886058300944E-008  -2.3933207565292455E-009  -6.4100375590479782E-009  -4.4820852489673882E-009   5.6138440676890479E-009  -1.6928715008272009E-008  -3.2205236534270592E-009  -1.6921595586908904E-007   2.8006543501223235E-009  0.21709314567428489        2.2566280354140121E-009  -3.8276583946451767E-008   9.7929479109692196E-011  -8.0632444196300033E-003   2.6599636779526105E-010  -5.8773849630706197E-009   1.1466101715768280E-010  -2.0441144927683442E-009  -6.2523586996115199E-010  -1.6972480328135744E-010  -1.3845279420132167E-009   5.5063697356963186E-011
   8.6999631040110536E-010   3.2602398659471318E-009  0.29753055236191195       -3.4662455268688988E-008   1.3916929007822543E-008   2.9150401000256633E-008   2.8479046528326198E-008   9.8132896470381926E-009   2.6824632842652505E-008  -2.3730217944369882E-008  -9.5858598661390148E-009   1.4962490371194061E-009   2.2566280354140121E-009  0.21709317982920232        6.2338839810220167E-009   1.0345131181100980E-010  -3.1989661775001268E-010  -8.0632430824287993E-003   1.1055428288291898E-009   1.4447958082310126E-009   3.8943775410864990E-009   2.6309703406807154E-009   7.4749614859199949E-010   2.5824547265796397E-009  -2.1922918633604784E-009
   3.2021268743971337E-008  -6.2360306683599114E-008   1.1733575080048421E-008  -5.2045017634386667E-003   3.1155424777688679E-010  -3.8772217991675855E-011   8.3853896379544186E-011  -4.8103106976705338E-010  -1.1311448866256264E-010   1.6952163303115426E-010   1.2283056089048913E-002   2.4922358859666309E-008  -3.8276583946451767E-008   6.2338839810220167E-009   2.0104533646950840       -1.1521606805369134E-009   8.3371042354212426E-009  -1.8979656668881359E-009  -5.3685746299735232E-005  -2.1507611836174577E-009   1.5904640455378680E-010  -3.8217975337396683E-010   3.1823718988402169E-009   6.6995266515225162E-010  -1.0315813062437010E-009
  -1.2549320579077809E-002   5.3746656467190337E-010   1.8840893364780649E-010   1.3179749054201962E-008   8.8453710422293129E-010   5.7925302699803654E-010   1.7633418732591153E-010   1.7650709407845786E-010   1.1061713767051413E-010  -1.0610438706645910E-009   9.4567195936514648E-009  -8.0632425129714708E-003   9.7929479109692196E-011   1.0345131181100980E-010  -1.1521606805369134E-009   2.0005914506140283       -6.5038540395810627E-011  -8.8337164768402661E-012  -1.4925564993604756E-010   4.2343778984387816E-009   1.0763917325757648E-008  -7.1852965406994638E-009   1.7853946509156787E-010  -9.1418481128167052E-010  -4.4129173804293862E-009
   4.3028813897496053E-010  -1.2549331549326654E-002   9.8379262252603654E-011  -2.3530384042533398E-008  -5.5062186524532899E-010   7.3395776334051066E-010   6.1568088863044587E-010   1.3802563949069471E-009  -5.6118113928236336E-011  -8.2963427440523923E-010   7.1644518551804223E-010   2.8903001963271358E-011  -8.0632444196300033E-003  -3.1989661775001268E-010   8.3371042354212426E-009  -6.5038540395810627E-011   2.0005914520195986       -6.6043306029760686E-011   9.3786505207499235E-010  -6.7845101308315520E-009   4.3185924359636421E-009  -8.2161015835067693E-010   1.3529128441414787E-008  -7.2186654899010694E-009  -6.7446178306957634E-009
   3.0449941664707083E-010   6.5446334788427017E-010  -1.2549325122272532E-002   6.9247606432281589E-010  -3.0382544383538228E-010  -1.1839590984008277E-009   4.9044511507051906E-010   1.3981389898405678E-010   7.4083635639338150E-010   1.6401255453464271E-010  -4.8489804029521270E-009   1.9044908340828014E-010   2.6599636779526105E-010  -8.0632430824287993E-003  -1.8979656668881359E-009  -8.8337164768402661E-012  -6.6043306029760686E-011   2.0005914512413314       -1.9673131733507050E-010   3.1206707243498505E-009  -1.2060411376403976E-009  -4.3452560720758728E-010   4.2050187337837201E-009   1.1410473626132075E-008  -7.3256888786922590E-009
   4.1801853510404579E-009  -7.5435490245064579E-009   1.3212882569395959E-009   9.9918194303894275E-004   4.3789351581850028E-011  -9.8294924986818354E-012   1.4489318030541391E-011  -8.0542292999698091E-011  -2.2138133606680597E-011   3.6750417188441363E-011   1.8026174165745559E-003   3.2640442524275455E-009  -5.8773849630706197E-009   1.1055428288291898E-009  -5.3685746299735232E-005  -1.4925564993604756E-010   9.3786505207499235E-010  -1.9673131733507050E-010   2.0000607987213903        9.2182935737971157E-012  -1.7910270484411501E-012   2.6716206708600118E-012  -1.6028507399496609E-011  -4.4000887098274608E-012   6.8056821383323151E-012
  -2.0368947835408403E-009   1.6222547705234048E-010   1.9777437725380506E-009   3.4721683931384557E-009   1.9854278306779598E-016  -4.2109313113112355E-017   3.1032529219961219E-016   4.2308394732862469E-017   9.2503868803240524E-017  -2.4085099885647258E-016   3.6466264751956063E-009  -1.4839354444308321E-009   1.1466101715768280E-010   1.4447958082310126E-009  -2.1507611836174577E-009   4.2343778984387816E-009  -6.7845101308315520E-009   3.1206707243498505E-009   9.2182935737971157E-012   8.0133067014389649E-017   5.1769193495171266E-018   1.7939601830954943E-017  -5.8425852796926754E-017   4.1483477626285649E-017  -2.1707215212959545E-017
   4.4276547520475921E-009  -2.8046787786182372E-009   5.3381175580968382E-009  -6.5954610795813227E-010   2.4918648195301983E-016   1.0677061002527069E-015   3.4311995231094618E-016  -1.8220650429838960E-016   7.3193404872608953E-016  -6.6980004977206756E-017  -6.9488804652203326E-010   3.2365879703771738E-009  -2.0441144927683442E-009   3.8943775410864990E-009   1.5904640455378680E-010   1.0763917325757648E-008   4.3185924359636421E-009  -1.2060411376403976E-009  -1.7910270484411501E-012   5.1769193495171266E-018   2.0692748440509125E-016  -3.7560659630272349E-018   1.4169267318723930E-017   4.5920038681140641E-017  -1.9346187251429031E-017
  -1.3447494550358060E-009  -8.5626522880211036E-010   3.6060499516960842E-009   1.0407801852695896E-009   2.0477092954174464E-016   2.1641630067415777E-016   4.2946377580022439E-016   1.5478221297998352E-016   3.3390340710656040E-016  -3.5955307540544929E-016   1.0953956430990601E-009  -9.8514391518831422E-010  -6.2523586996115199E-010   2.6309703406807154E-009  -3.8217975337396683E-010  -7.1852965406994638E-009  -8.2161015835067693E-010  -4.3452560720758728E-010   2.6716206708600118E-012   1.7939601830954943E-017  -3.7560659630272349E-018   6.6629112880196810E-017   1.7488729615396821E-018   3.3084048325457930E-017  -1.9688470009389328E-017
  -3.2237383493966637E-009  -2.4274321614124499E-010   1.0212872659001179E-009  -6.0500171229744370E-009  -1.2230910357574812E-016  -2.0003587103966074E-016   2.0272975053126404E-016   5.9219381842532257E-016   1.2164057875244462E-016  -4.6988501144229337E-016  -6.3589975335073778E-009  -2.3521523267406733E-009  -1.6972480328135744E-010   7.4749614859199949E-010   3.1823718988402169E-009   1.7853946509156787E-010   1.3529128441414787E-008   4.2050187337837201E-009  -1.6028507399496609E-011  -5.8425852796926754E-017   1.4169267318723930E-017   1.7488729615396821E-018   1.9819111961438933E-016  -3.7583346701147330E-018  -1.3976526843570481E-016
   1.0023644841824884E-009  -1.8920776737879310E-009   3.5306860455336808E-009  -1.6825804866597499E-009   1.3401735499338899E-016   4.9986264058648250E-016   3.1445583774573870E-016   8.6946783825597021E-017   4.7987223347145710E-016  -2.2096421542668912E-016  -1.7704120310293111E-009   7.3089017773392240E-010  -1.3845279420132167E-009   2.5824547265796397E-009   6.6995266515225162E-010  -9.1418481128167052E-010  -7.2186654899010694E-009   1.1410473626132075E-008  -4.4000887098274608E-012   4.1483477626285649E-017   4.5920038681140641E-017   3.3084048325457930E-017  -3.7583346701147330E-018   1.4023760747321196E-016  -3.7725144695976111E-017
   5.2606331120883244E-009   8.0517617076402212E-011  -2.9990309107822836E-009   2.5778536300701743E-009  -7.6233524703360790E-017   2.4214516934206553E-016  -5.1305498267566869E-016  -6.3450246810610245E-016  -2.1414449488455294E-016   7.1073611045897101E-016   2.7123764899486788E-009   3.8360877559503017E-009   5.5063697356963186E-011  -2.1922918633604784E-009  -1.0315813062437010E-009  -4.4129173804293862E-009  -6.7446178306957634E-009  -7.3256888786922590E-009   6.8056821383323151E-012  -2.1707215212959545E-017  -1.9346187251429031E-017  -1.9688470009389328E-017  -1.3976526843570481E-016  -3.7725144695976111E-017   1.6147248626288790E-016
