  0.33294539318863586        3.2684351664848708E-016  -5.5991202259963029E-017   4.5629652176708459E-016   5.4416654642972151E-017  -1.8390463402374101E-018  -8.5414570110312258E-018  -2.0600603707641143E-017   5.0020590903401200E-017  -7.3956376958352211E-017  0.18399321466292687        1.4248437466741568E-016  -3.4388937827641196E-017  -2.5766953778417638E-002   5.1193453722187557E-017   7.5626821417223946E-016   6.7448673327534046E-016   5.6693318374275495E-016   5.7073568545821098E-017  -1.9300943610053755E-017  -1.7657998708387371E-016   1.2188806359856129E-016  -3.3620499444063210E-016   9.1558088866295829E-016  -6.5465738939112436E-016
   3.2684351664848708E-016  0.33294539318864341       -1.4109034333479741E-016   2.9784237655029005E-016  -1.0450276120619494E-016  -1.2628717943534762E-017  -3.0997664934400554E-018  -1.5507124766920267E-016  -1.1801290952088435E-017  -1.5310495216512905E-016  -5.2875487199783650E-017  0.18399321466292509       -1.7067089534075106E-016  -3.5759391986885793E-016  -2.5766953778415962E-002   2.9646868858139218E-016  -4.6886086022100740E-016   4.3424394256899660E-016  -1.5607054973706018E-016  -1.7933718436591890E-017  -2.2175776810455316E-016  -8.4694900329079731E-017  -2.4883793163726015E-016  -1.3862600473633281E-016   2.4048093322299318E-016
  -5.5991202259963029E-017  -1.4109034333479741E-016  0.33294539318863942       -1.2842289174588991E-015  -1.3469622267891399E-016   1.7949773764336180E-017   4.9536545279183525E-017   6.4403137531449171E-017   2.5143023412774605E-017  -2.6465120958576526E-018   1.6198589590151699E-016   2.6968680343036485E-018  0.18399321466292715        4.2593981503691111E-016   7.0221728404914266E-016  -2.5766953778415973E-002   9.9086757370230755E-016  -1.8982048052728527E-015  -8.6088693037886964E-017   4.9794129499527327E-016   7.2539056060238556E-016   6.0920840161628339E-016  -3.5592269297581090E-016   1.4867947439628729E-015  -2.3300277005645112E-016
   4.5629652176708459E-016   2.9784237655029005E-016  -1.2842289174588991E-015  0.49980108636719917        9.7623157344157913E-015  -7.2716748768555162E-017  -1.7028959563942213E-017   3.5421066624230294E-015  -7.1849496885149106E-017   4.6400585276712181E-015  -1.3089597623679299E-016   3.6576532106452320E-016   1.3710112821242619E-016   1.2746198397399919E-016  -1.1944845084176308E-015   4.3729672652839507E-015  0.77788802060881512        2.6430651684915775E-015   1.7074956434929929E-015  -6.8716987848738436E-016   1.5500900344088479E-014   8.2499194913808581E-016   1.7007312168510316E-014  -2.6256493822740829E-003 -0.73784965395723123     
   5.4416654642972151E-017  -1.0450276120619494E-016  -1.3469622267891399E-016   9.7623157344157913E-015   7.2904982294187837E-003   1.3114521662754508E-016   1.3505283893435744E-016  -3.6452491147085930E-003  -6.0668595880748461E-017  -3.6452491147088667E-003  -6.8294176175697311E-017  -8.4299689550666607E-017  -2.9218753900757654E-017  -7.7276879447505098E-016  -3.0615729382869151E-016  -7.3305414699221743E-016   1.5420255426590744E-014  0.11759978397180489        2.3010875430609583E-015   5.6942128692348788E-016  -5.8799891985900715E-002  -8.0382860241150277E-016  -5.8799891985903713E-002   3.7554679939423511E-015  -1.4871536997558158E-014
  -1.8390463402374101E-018  -1.2628717943534762E-017   1.7949773764336180E-017  -7.2716748768555162E-017   1.3114521662754508E-016   7.2904982294182824E-003  -3.3872658963519821E-017   3.1053782945872934E-018  -1.4397472506251609E-018  -1.6369173756507675E-016   7.2053189411194343E-017   1.4701227858501123E-018   8.0135766040413085E-017   3.7057039825112999E-016   1.3774199845481561E-015   2.2242353361263790E-016  -3.3884397834760030E-016  -2.5657807862758971E-016  0.11759978397180081       -3.0489570329261206E-016   7.5789747322301509E-016   4.0249569833417102E-016  -3.8306212712673362E-016  -1.0624409539008004E-015   2.4882255734445571E-016
  -8.5414570110312258E-018  -3.0997664934400554E-018   4.9536545279183525E-017  -1.7028959563942213E-017   1.3505283893435744E-016  -3.3872658963519821E-017   7.2904982294181827E-003  -1.6510821488089954E-016  -1.9515529255153733E-016   7.3558670480168613E-017   5.6861362434253635E-017  -2.0956596601572535E-018  -1.5820938813370794E-017  -4.5170076270338604E-017  -2.8015723376818665E-016  -6.9162658517789265E-017   9.8730180614762319E-017   1.5378670898042773E-015  -1.4324068291899069E-016  0.11759978397179972       -1.5662215177136140E-015  -1.5909093517525253E-015  -5.2709166241739973E-017   2.3732349664788763E-016  -5.7659544591924329E-017
  -2.0600603707641143E-017  -1.5507124766920267E-016   6.4403137531449171E-017   3.5421066624230294E-015  -3.6452491147085930E-003   3.1053782945872934E-018  -1.6510821488089954E-016   7.2904982294164037E-003  -3.4733363551939162E-017  -3.6452491147084412E-003   9.3376313040930898E-018  -7.5868842697695618E-017  -4.8994931237367830E-017   1.4458766062588703E-016  -1.1889155791944544E-017  -6.6095127518463900E-016   5.6049406127259221E-015  -5.8799891985891029E-002  -6.8703306896428843E-016  -1.1476161411146467E-015  0.11759978397178568        7.1859787085769878E-017  -5.8799891985894623E-002   5.6733979811676457E-015  -4.9410113576534945E-015
   5.0020590903401200E-017  -1.1801290952088435E-017   2.5143023412774605E-017  -7.1849496885149106E-017  -6.0668595880748461E-017  -1.4397472506251609E-018  -1.9515529255153733E-016  -3.4733363551939162E-017   7.2904982294169588E-003   8.9152910998588622E-017   3.2306828577875831E-017  -1.5237223995730762E-018  -2.7029567162447327E-017   5.0783806080804801E-016   1.2575228421286143E-016   4.2341605052936024E-016  -2.6661596238518521E-016  -1.1852383800163823E-016  -3.4343581819796848E-016  -1.4323629952348862E-015  -6.9282932865723714E-016  0.11759978397179023        8.7350039751538932E-016   6.1024620295648698E-016   2.1851026812194065E-016
  -7.3956376958352211E-017  -1.5310495216512905E-016  -2.6465120958576526E-018   4.6400585276712181E-015  -3.6452491147088667E-003  -1.6369173756507675E-016   7.3558670480168613E-017  -3.6452491147084412E-003   8.9152910998588622E-017   7.2904982294166153E-003   3.6775982791634326E-017  -6.8117447800997460E-017   3.4532637646508600E-017   6.3213831010910327E-016   2.4677460709455766E-016  -1.1275144477484312E-016   7.1535576320944382E-015  -5.8799891985892506E-002  -2.0889594572519198E-015   1.2799277696734480E-015  -5.8799891985895136E-002   6.3117231811893291E-016  0.11759978397178716        5.1522746794893375E-015  -6.7233394725548272E-015
  0.18399321466292687       -5.2875487199783650E-017   1.6198589590151699E-016  -1.3089597623679299E-016  -6.8294176175697311E-017   7.2053189411194343E-017   5.6861362434253635E-017   9.3376313040930898E-018   3.2306828577875831E-017   3.6775982791634326E-017  0.10168880021252681       -5.0554679503670139E-017   7.9971991175881336E-017  -9.7756115340971329E-003  -4.3648212330751047E-016  -1.5814381943987068E-015  -2.3052472757044201E-016  -1.2446793001193900E-015   1.1974847902520387E-015   9.8434964480926090E-016   2.3147979440831232E-016   1.2479181013064256E-016   1.0431317113432346E-015   1.2846999272094061E-016   2.0676095266701234E-016
   1.4248437466741568E-016  0.18399321466292509        2.6968680343036485E-018   3.6576532106452320E-016  -8.4299689550666607E-017   1.4701227858501123E-018  -2.0956596601572535E-018  -7.5868842697695618E-017  -1.5237223995730762E-018  -6.8117447800997460E-017  -5.0554679503670139E-017  0.10168880021252252       -5.1185915107966654E-017   1.7121183669150209E-016  -9.7756115341009527E-003   5.0565223316309775E-017   6.8172013217179446E-017  -1.7635163757772705E-016   5.8710988376602512E-020  -5.7095932451011374E-018   3.5536882625956670E-017   2.9215619088541405E-017   1.1886358764150734E-016   2.9910039787725369E-016  -1.7037293752973841E-016
  -3.4388937827641196E-017  -1.7067089534075106E-016  0.18399321466292715        1.3710112821242619E-016  -2.9218753900757654E-017   8.0135766040413085E-017  -1.5820938813370794E-017  -4.8994931237367830E-017  -2.7029567162447327E-017   3.4532637646508600E-017   7.9971991175881336E-017  -5.1185915107966654E-017  0.10168880021252596       -1.2098560261259400E-015  -1.4272250753221151E-016  -9.7756115341034022E-003   1.8497301209729351E-015  -2.9295869341126334E-016   1.0793053633369570E-015  -4.1897777064864903E-016  -9.4019554289419871E-016  -3.4018146996690735E-016   3.8875884500309721E-016   9.6279125331182088E-016  -1.3654883651641169E-015
  -2.5766953778417638E-002  -3.5759391986885793E-016   4.2593981503691111E-016   1.2746198397399919E-016  -7.7276879447505098E-016   3.7057039825112999E-016  -4.5170076270338604E-017   1.4458766062588703E-016   5.0783806080804801E-016   6.3213831010910327E-016  -9.7756115340971329E-003   1.7121183669150209E-016  -1.2098560261259400E-015   2.0035133272726910       -3.2808387928475011E-016  -1.3636888883103896E-015  -8.7676353382344342E-017   4.3646325648505240E-016   2.7320573967883154E-016   1.1441537877951136E-017  -9.3156789821541004E-018   2.6149396358850179E-016  -4.2744854206701795E-016  -1.0013009380768162E-015   6.5778815775260117E-016
   5.1193453722187557E-017  -2.5766953778415962E-002   7.0221728404914266E-016  -1.1944845084176308E-015  -3.0615729382869151E-016   1.3774199845481561E-015  -2.8015723376818665E-016  -1.1889155791944544E-017   1.2575228421286143E-016   2.4677460709455766E-016  -4.3648212330751047E-016  -9.7756115341009527E-003  -1.4272250753221151E-016  -3.2808387928475011E-016   2.0035133272726973        1.5915832017551058E-015   1.6879678022031089E-015   2.4524935643935680E-016  -1.9603476727868276E-016   1.2978514620108234E-016  -5.6133055593116105E-016  -4.2134385676898992E-017  -5.1616732648168682E-016  -1.0390388553003157E-016  -5.9135891069989939E-016
   7.5626821417223946E-016   2.9646868858139218E-016  -2.5766953778415973E-002   4.3729672652839507E-015  -7.3305414699221743E-016   2.2242353361263790E-016  -6.9162658517789265E-017  -6.6095127518463900E-016   4.2341605052936024E-016  -1.1275144477484312E-016  -1.5814381943987068E-015   5.0565223316309775E-017  -9.7756115341034022E-003  -1.3636888883103896E-015   1.5915832017551058E-015   2.0035133272726964       -1.6611159555934461E-015   1.0376449299435672E-016   1.0394722387948380E-015   8.3969061327435470E-017  -1.6764353496389374E-016  -6.8032309822535752E-016   3.7028533199210413E-016  -2.5742489840280371E-015  -8.2232187403434607E-017
   6.7448673327534046E-016  -4.6886086022100740E-016   9.9086757370230755E-016  0.77788802060881512        1.5420255426590744E-014  -3.3884397834760030E-016   9.8730180614762319E-017   5.6049406127259221E-015  -2.6661596238518521E-016   7.1535576320944382E-015  -2.3052472757044201E-016   6.8172013217179446E-017   1.8497301209729351E-015  -8.7676353382344342E-017   1.6879678022031089E-015  -1.6611159555934461E-015   1.2112720226426796        6.9138634145871545E-015  -7.0034956085410711E-016   8.9555371273679617E-016   2.4178606162985734E-014  -1.3950294887586629E-015   2.4229913371618253E-014   2.9415344380637320E-002  -1.1484876956363481     
   5.6693318374275495E-016   4.3424394256899660E-016  -1.8982048052728527E-015   2.6430651684915775E-015  0.11759978397180489       -2.5657807862758971E-016   1.5378670898042773E-015  -5.8799891985891029E-002  -1.1852383800163823E-016  -5.8799891985892506E-002  -1.2446793001193900E-015  -1.7635163757772705E-016  -2.9295869341126334E-016   4.3646325648505240E-016   2.4524935643935680E-016   1.0376449299435672E-016   6.9138634145871545E-015   1.8969498043918620       -1.1441793049311722E-015  -1.1483056259337136E-015 -0.94847490219592678        9.0760173221360827E-016 -0.94847490219592778        1.1559254670417719E-014  -1.1163142537904147E-014
   5.7073568545821098E-017  -1.5607054973706018E-016  -8.6088693037886964E-017   1.7074956434929929E-015   2.3010875430609583E-015  0.11759978397180081       -1.4324068291899069E-016  -6.8703306896428843E-016  -3.4343581819796848E-016  -2.0889594572519198E-015   1.1974847902520387E-015   5.8710988376602512E-020   1.0793053633369570E-015   2.7320573967883154E-016  -1.9603476727868276E-016   1.0394722387948380E-015  -7.0034956085410711E-016  -1.1441793049311722E-015   1.8969498043918609        1.5847766214561677E-015   3.3510889206511951E-016   1.3272833700511887E-015   2.7166265148070742E-015  -5.8691470425750089E-016  -2.8918252982476982E-016
  -1.9300943610053755E-017  -1.7933718436591890E-017   4.9794129499527327E-016  -6.8716987848738436E-016   5.6942128692348788E-016  -3.0489570329261206E-016  0.11759978397179972       -1.1476161411146467E-015  -1.4323629952348862E-015   1.2799277696734480E-015   9.8434964480926090E-016  -5.7095932451011374E-018  -4.1897777064864903E-016   1.1441537877951136E-017   1.2978514620108234E-016   8.3969061327435470E-017   8.9555371273679617E-016  -1.1483056259337136E-015   1.5847766214561677E-015   1.8969498043918518       -8.1542845392635439E-016   2.0113339433639604E-015   6.5621336489684525E-016   6.0050372205603669E-016  -3.1130114530130980E-016
  -1.7657998708387371E-016  -2.2175776810455316E-016   7.2539056060238556E-016   1.5500900344088479E-014  -5.8799891985900715E-002   7.5789747322301509E-016  -1.5662215177136140E-015  0.11759978397178568       -6.9282932865723714E-016  -5.8799891985895136E-002   2.3147979440831232E-016   3.5536882625956670E-017  -9.4019554289419871E-016  -9.3156789821541004E-018  -5.6133055593116105E-016  -1.6764353496389374E-016   2.4178606162985734E-014 -0.94847490219592678        3.3510889206511951E-016  -8.1542845392635439E-016   1.8969498043918616       -9.7917008702598046E-016 -0.94847490219593433        7.7307819046028395E-015  -1.7979885840230841E-014
   1.2188806359856129E-016  -8.4694900329079731E-017   6.0920840161628339E-016   8.2499194913808581E-016  -8.0382860241150277E-016   4.0249569833417102E-016  -1.5909093517525253E-015   7.1859787085769878E-017  0.11759978397179023        6.3117231811893291E-016   1.2479181013064256E-016   2.9215619088541405E-017  -3.4018146996690735E-016   2.6149396358850179E-016  -4.2134385676898992E-017  -6.8032309822535752E-016  -1.3950294887586629E-015   9.0760173221360827E-016   1.3272833700511887E-015   2.0113339433639604E-015  -9.7917008702598046E-016   1.8969498043918640        1.0740818228317010E-015  -8.6004683257060800E-016   6.2835607064756974E-016
  -3.3620499444063210E-016  -2.4883793163726015E-016  -3.5592269297581090E-016   1.7007312168510316E-014  -5.8799891985903713E-002  -3.8306212712673362E-016  -5.2709166241739973E-017  -5.8799891985894623E-002   8.7350039751538932E-016  0.11759978397178716        1.0431317113432346E-015   1.1886358764150734E-016   3.8875884500309721E-016  -4.2744854206701795E-016  -5.1616732648168682E-016   3.7028533199210413E-016   2.4229913371618253E-014 -0.94847490219592778        2.7166265148070742E-015   6.5621336489684525E-016 -0.94847490219593433        1.0740818228317010E-015   1.8969498043918545        1.6508313704081006E-014  -2.2859910943106519E-014
   9.1558088866295829E-016  -1.3862600473633281E-016   1.4867947439628729E-015  -2.6256493822740829E-003   3.7554679939423511E-015  -1.0624409539008004E-015   2.3732349664788763E-016   5.6733979811676457E-015   6.1024620295648698E-016   5.1522746794893375E-015   1.2846999272094061E-016   2.9910039787725369E-016   9.6279125331182088E-016  -1.0013009380768162E-015  -1.0390388553003157E-016  -2.5742489840280371E-015   2.9415344380637320E-002   1.1559254670417719E-014  -5.8691470425750089E-016   6.0050372205603669E-016   7.7307819046028395E-015  -8.6004683257060800E-016   1.6508313704081006E-014   1.9662414811327948       -2.1115153528468173E-003
  -6.5465738939112436E-016   2.4048093322299318E-016  -2.3300277005645112E-016 -0.73784965395723123       -1.4871536997558158E-014   2.4882255734445571E-016  -5.7659544591924329E-017  -4.9410113576534945E-015   2.1851026812194065E-016  -6.7233394725548272E-015   2.0676095266701234E-016  -1.7037293752973841E-016  -1.3654883651641169E-015   6.5778815775260117E-016  -5.9135891069989939E-016  -8.2232187403434607E-017  -1.1484876956363481       -1.1163142537904147E-014  -2.8918252982476982E-016  -3.1130114530130980E-016  -1.7979885840230841E-014   6.2835607064756974E-016  -2.2859910943106519E-014  -2.1115153528468173E-003   1.0892958023475836     
