 1.1569799288584001E-007 -8.0196913014789964E-013 -3.8071908790706126E-013 -1.8230328792405060E-008 -4.1761355980694174E-009 -2.0136739116708606E-009 -1.3369682532560828E-009  1.0943758274651287E-009 -1.9605574154880521E-009  3.0817597701691749E-009  8.1516366152810383E-006 -6.0248863217872945E-011 -2.7177442815667742E-011 -1.3156108345051775E-008 -9.7831812815409186E-006  7.6867826170966446E-011  3.4620377033776076E-011 -2.7878125029616156E-009  5.7223913670450466E-010  4.8152724599146677E-004 -1.6835451798709171E-009 -7.8350167339194130E-010 -6.4981521589741551E-010 -3.2868759795768377E-010 -2.0101986042680870E-010  1.4743003549102201E-010 -3.4133423971804015E-010  5.0238518060364559E-010 -2.3110700157219239E-008 -1.0575928390729339E-008 -7.9853991105768688E-009  6.6002553444797728E-009 -9.9992352396061535E-009  1.6510444810887341E-008 -1.1673707969503919E-006  1.0788040321748298E-007 -3.7909617106116947E-007 -1.6904402685080321E-006 -3.5556730382284307E-006  3.2566325426915947E-006  2.4236311130891038E-008  1.5367256152103792E-007 -1.4039682674492523E-007  1.6802083822199306E-007
-8.0196913014789964E-013  1.1569719463285498E-007  2.0099072522694824E-013 -6.7535780894668888E-008  1.2780298102876837E-009 -3.0666344083418550E-009 -1.2688995442062246E-009 -2.6813070803427542E-009  2.8115349392226113E-009  1.4032772662705728E-009 -6.0003497944553285E-011  8.1515748700781393E-006  1.6264457443533034E-011 -4.8737896275263238E-008  7.6573551673651653E-011 -9.7831024000062882E-006 -2.0800819186049117E-011 -1.0336062976335401E-008  1.8348811884597458E-009 -1.6690029592307519E-009  4.8152556465656078E-004  4.5421663268303010E-010  1.9064062773755873E-010 -4.7682079953858248E-010 -2.2868992773086458E-010 -4.0571249794823139E-010  4.5568269595022666E-010  2.1507186813883661E-010  7.2043583686377395E-009 -1.6963450906036596E-008 -6.2758855305497919E-009 -1.4978993337617191E-008  1.4896714493612961E-008  7.7746349580518757E-009  8.0437172502714461E-008 -1.6904143754153734E-006 -3.0792938002191290E-006  3.2490096127817086E-008  1.7746499736448778E-007 -1.4040788750821552E-007  9.2349457476715513E-007  4.4403570980708881E-006  4.5141638779229405E-007 -1.0144766852252515E-006
-3.8071908790706126E-013  2.0099072522694824E-013  1.1569630596475225E-007  1.0659263689365491E-007 -3.3594321485763491E-009 -1.6075855142695315E-009 -1.1622858006522743E-009  8.2426229011696445E-010 -1.6041633597594803E-009  2.5351698593008023E-009 -2.7283359810313300E-011  1.6111244716352483E-011  8.1515079442770414E-006  7.6923690185793853E-008  3.4743085568408084E-011 -2.0616767076107583E-011 -9.7830169754034634E-006  1.6315252371892269E-008 -2.8383275339916238E-009 -7.8950050756790806E-010  4.4508601636216727E-010  4.8152368438988209E-004 -5.3175699564584989E-010 -2.8310522786090004E-010 -1.3209537261058676E-010  1.3447423994266648E-010 -2.5649054527382404E-010  3.9728275701855682E-010 -1.8332154225306762E-008 -8.1182906947201181E-009 -7.5829135926889027E-009  4.6333452920743194E-009 -8.5133418987186059E-009  1.3698808935311481E-008 -2.8254780320455912E-007 -3.0792879820233431E-006  3.2566533592312103E-006  1.5369023158091228E-007 -1.6213505401103189E-007  2.2538742533372848E-007  3.3096262071942928E-006  4.5144314614783007E-007 -1.3610415256179950E-006 -2.7638519510537834E-006
-1.8230328792405060E-008 -6.7535780894668888E-008  1.0659263689365491E-007  4.8633620526359450E-001  3.0639120527688793E-008 -3.4388988246292604E-008 -1.8051031253573303E-008  1.8481497624869779E-009  9.6435706199174262E-009 -3.2487327942435433E-008 -4.8752811264280072E-008 -1.2839240331235712E-007  1.9077041288187654E-007  3.5096685256251958E-001 -1.6302471539088187E-008 -1.5885057470767559E-008  1.6461546237757102E-008  7.4470724492126508E-002 -1.4651727168480830E-002  5.9672216853964763E-009  1.2458609894643151E-008 -1.7789613470923308E-008  5.2352548410748531E-008 -5.6091205448061720E-008 -2.3737295482414414E-008  5.3145780079951666E-010  1.5143387433304634E-008 -5.2884055574994340E-008 -1.5644474030630488E-007  1.6933243731917519E-007  6.8908695090457379E-008 -1.1383356436930707E-009 -4.4352974926735186E-008  1.5758286984031914E-007 -1.3756893477632181E-010 -2.2275693396529048E-010  1.3385347018604647E-010  1.0642211277997482E-010 -1.0956209580044157E-010  7.8146802833105344E-011  2.6172389737832297E-010 -5.9915110269618725E-011 -1.2838262497302516E-010 -5.5110777285293178E-011
-4.1761355980694174E-009  1.2780298102876837E-009 -3.3594321485763491E-009  3.0639120527688793E-008  2.4740798229820084E-002 -2.3983021447500765E-004  8.4272605542028774E-004 -7.6084290857518595E-003  6.8452544452363793E-003 -1.7132369144076162E-002  1.2086387147166504E-009 -2.3495407754066176E-009  8.7584847224717100E-010  4.5291861588802689E-008 -9.1775083764718434E-009  9.8718178804971645E-009 -1.5671757584942158E-008 -1.6502692959544751E-008  5.9044553041059846E-009  5.3240189331619467E-009 -4.2753295199121169E-009  4.7633789452009994E-009  3.1737296653737844E-003 -7.6655440600972120E-005  2.6931818489603842E-004 -6.5012330670513358E-005  2.1876413919995419E-003 -3.1087173347053203E-003  1.5502809480286694E-001 -3.3113485148190090E-004  1.1638217369551529E-003 -7.0937832669371453E-002  9.4531789937271002E-003 -8.4090262133530158E-002 -6.8740502496241783E-009 -1.1192873794721937E-008  1.6020016909679834E-008  3.9082735926907737E-009 -1.0253750095786035E-009  5.3142329851819637E-009  3.8023396643849387E-009 -3.8831563427182597E-009  6.0915000337721271E-009 -9.0462817147769158E-009
-2.0136739116708606E-009 -3.0666344083418550E-009 -1.6075855142695315E-009 -3.4388988246292604E-008 -2.3983021447500765E-004  2.6064665627313147E-002  7.9042314929524456E-003 -7.2297386351787831E-005 -3.9449442451998016E-004  3.1212760082741954E-004  5.6748261071095309E-009  1.8212213518915388E-009 -1.0561426779988991E-009 -4.9867030745096048E-008 -1.3004927673402460E-008 -8.7620854372983878E-009 -8.4250038408969507E-010  1.7637501860907008E-008 -6.3524664428828224E-009  8.9837118870609071E-009  4.4783586826508965E-009 -3.2475293327930890E-010 -7.6655154579286319E-005  3.5968282334194524E-003  2.5260783280204426E-003 -2.3104253793745420E-005 -1.2607879407249800E-004  9.9759408374105031E-005 -3.3113858176839141E-004  1.5685626212003026E-001  1.0915577679428010E-002 -9.9846108730852236E-005 -5.4475741126811536E-004  4.3098469049938351E-004  5.6721890276464855E-009 -6.9824538668207111E-009 -1.2718030578154492E-009 -1.3604463715421139E-008  1.1188579143454387E-008  5.9944236631414920E-009  4.0529309226926565E-009  5.1077552478646166E-010  1.5448762744800698E-009  5.6723614462966451E-010
-1.3369682532560828E-009 -1.2688995442062246E-009 -1.1622858006522743E-009 -1.8051031253573303E-008  8.4272605542028774E-004  7.9042314929524456E-003  1.3366027971520575E-002 -3.4162475022077863E-004  3.6036762992238498E-004 -5.0110130519831974E-004 -1.2024222732544810E-008 -7.0873711265747791E-010  2.5640409763439245E-009 -2.2801257343790450E-008  1.5517914445329021E-008 -9.4090036673411281E-010 -7.0111208081261391E-009  6.2430661912130155E-009 -2.5745559929376633E-009 -1.3376006398070494E-008 -3.5381632191683687E-010  4.9931040989767343E-009  2.6931836588948337E-004  2.5260785504895560E-003 -4.6147501999955066E-004 -1.0917786838472214E-004  1.1516607118969604E-004 -1.6014049750377762E-004  1.1638194165702409E-003  1.0915575357241192E-002  1.3931972585090799E-001 -4.7177833646139516E-004  4.9767749235554064E-004 -6.9204108010620206E-004 -6.3963175634849921E-009 -1.3425188766265995E-009 -4.9353614638090907E-009 -5.1622156329679221E-009 -4.9721902953426531E-009  1.3743776219385092E-008  6.8319128015155532E-010  1.2470238987486084E-009  4.2592157107102072E-010  2.7491243636210932E-009
 1.0943758274651287E-009 -2.6813070803427542E-009  8.2426229011696445E-010  1.8481497624869779E-009 -7.6084290857518595E-003 -7.2297386351787831E-005 -3.4162475022077863E-004  1.9340258238358728E-002 -9.8709081724159976E-003 -1.1731829152589045E-002 -1.1014479514601580E-009  4.6708695338008637E-009  6.4116145946108225E-009  1.4078954555038504E-009  3.8638989458969136E-009 -1.9566952278987560E-008 -9.5879937870874237E-009  1.9402130796093523E-010  3.3602257698469315E-011 -2.8742849495396918E-009  8.5915522890849379E-009  7.3733311729910233E-009 -6.5011697866460168E-005 -2.3104189796105465E-005 -1.0917694636981632E-004  1.4477929597877925E-003 -3.1545899842373919E-003 -1.3827812619144875E-003 -7.0937840969927835E-002 -9.9846913291181619E-005 -4.7179013973023664E-004  1.4757007958600959E-001 -1.3631586982343208E-002 -7.6632238616039031E-002  2.7468489570897050E-009  7.3980660197521373E-009 -3.4144858471781418E-009 -5.1233431251871938E-009  1.0619342280076543E-009  1.4380583864435504E-009 -8.7447355003016562E-009  1.6202550592089032E-008  4.3342279540809915E-009 -9.5316607674098928E-009
-1.9605574154880521E-009  2.8115349392226113E-009 -1.6041633597594803E-009  9.6435706199174262E-009  6.8452544452363793E-003 -3.9449442451998016E-004  3.6036762992238498E-004 -9.8709081724159976E-003  2.0566698592323365E-002  3.0256537271756783E-003 -1.3177346473839745E-009 -6.1856278422194949E-009  5.9749496599899928E-009  1.3497025724094760E-008 -7.8748707503619994E-010  2.2700921939122548E-008 -1.3290186372714668E-008 -4.5153343136827222E-009  1.6831250325751991E-009 -2.8968219771814706E-010 -1.0290516047002319E-008  8.9107665983572338E-009  2.1876425082955489E-003 -1.2607814670075664E-004  1.1516565988988712E-004 -3.1545906427062056E-003  1.8397459385929014E-003  9.6694813440863952E-004  9.4531646377548212E-003 -5.4476574371569537E-004  4.9768269930554028E-004 -1.3631578836846542E-002  1.4926376917134671E-001  4.1784141990817703E-003 -1.0538136646798912E-009 -5.6588111786379968E-009  4.6966610382605106E-009  1.2917374976052025E-009 -4.7329663812021909E-009  1.2210193256455214E-010 -6.4417944979953962E-009 -1.4519166231285864E-008  1.4301385337329336E-008  7.3212631719219011E-009
 3.0817597701691749E-009  1.4032772662705728E-009  2.5351698593008023E-009 -3.2487327942435433E-008 -1.7132369144076162E-002  3.1212760082741954E-004 -5.0110130519831974E-004 -1.1731829152589045E-002  3.0256537271756783E-003  2.8864198296655316E-002 -1.0719079411132535E-010 -2.3213290254279626E-009 -7.2874630067377133E-009 -4.6699798856938385E-008  5.3136094676168717E-009  9.6951347189804301E-009  2.5259751299843919E-008  1.6308662124878473E-008 -5.9382046948324644E-009 -2.4497358066081811E-009 -4.3162385445791996E-009 -1.2136706565615969E-008 -3.1087179675068975E-003  9.9759630397293575E-005 -1.6014123852638526E-004 -1.3827806291168438E-003  9.6694859223494145E-004  4.4914985966189452E-003 -8.4090253833025749E-002  4.3098176477351230E-004 -6.9203159720940006E-004 -7.6632246916479185E-002  4.1784079886528006E-003  1.6072250074949687E-001  4.1272012922367081E-009  3.7948078072301708E-009 -1.2605530936161969E-008  1.2150695389598457E-009 -3.6559211978752171E-011 -6.7522913776894434E-009  4.9423958299758311E-009 -1.2319394392081206E-008 -1.0425728012142948E-008  1.8577942494388820E-008
 8.1516366152810383E-006 -6.0003497944553285E-011 -2.7283359810313300E-011 -4.8752811264280072E-008  1.2086387147166504E-009  5.6748261071095309E-009 -1.2024222732544810E-008 -1.1014479514601580E-009 -1.3177346473839745E-009 -1.0719079411132535E-010  5.7433304382191669E-004 -4.4797951789039996E-009 -1.9618992630825816E-009 -3.5235102181915093E-008 -6.8928542223032794E-004  5.6973544814467576E-009  2.4961265844574590E-009 -7.3551044656111478E-009 -2.9321222985478891E-008  3.3926562478446422E-002 -1.3247038717770261E-007 -5.8015255503915265E-008  1.3606248294948590E-010 -2.7268509531028939E-010  1.0144324652131739E-009  8.7218685667542684E-011  6.5528271208433729E-011 -2.2328115484942010E-010  1.8179384132090884E-008  7.8359897743203429E-008 -1.6610861009594510E-007 -1.8184870431607109E-008 -1.4824795454482319E-008  5.4861681882300762E-012 -8.2248468716411010E-005  7.6009058016137394E-006 -2.6709592142507402E-005 -1.1910193819098186E-004 -2.5051908585156483E-004  2.2944983844991343E-004  1.7075516184671308E-006  1.0827048704332796E-005 -9.8918266979987370E-006  1.1838148927804436E-005
-6.0248863217872945E-011  8.1515748700781393E-006  1.6111244716352483E-011 -1.2839240331235712E-007 -2.3495407754066176E-009  1.8212213518915388E-009 -7.0873711265747791E-010  4.6708695338008637E-009 -6.1856278422194949E-009 -2.3213290254279626E-009 -4.4797951789039996E-009  5.7432834646484567E-004  1.2136112089142253E-009 -9.2741725032892902E-008  5.6970065065006653E-009 -6.8927944961095599E-004 -1.5444359832460933E-009 -1.9479729100508806E-008 -5.3197302855597264E-008 -1.3246149305011582E-007  3.3926423579093069E-002  3.5892840224992330E-008 -9.0385757064102408E-010  4.9147783912367280E-010  2.3048701370530770E-010  1.7013895031497043E-009 -1.7216639540121716E-009 -7.9753207888063810E-010 -7.9409221033143388E-009  1.3401396777376080E-008 -1.3218733003324910E-008  1.8406405698821461E-008 -3.5783275882702406E-008 -1.0465484367013179E-008  5.6673249967943360E-006 -1.1910006841723421E-004 -2.1695505947096227E-004  2.2891794405418004E-006  1.2503603977610484E-005 -9.8926938065934956E-006  6.5065871765227377E-005  3.1285033730413052E-004  3.1805041047545304E-005 -7.1476119985378341E-005
-2.7177442815667742E-011  1.6264457443533034E-011  8.1515079442770414E-006  1.9077041288187654E-007  8.7584847224717100E-010 -1.0561426779988991E-009  2.5640409763439245E-009  6.4116145946108225E-009  5.9749496599899928E-009 -7.2874630067377133E-009 -1.9618992630825816E-009  1.2136112089142253E-009  5.7432339201667385E-004  1.3778568492714313E-007  2.4964478323170376E-009 -1.5441448370308506E-009 -6.8927314596711482E-004  2.8973530119766966E-008  7.2648431911339720E-008 -5.8007487351870196E-008  3.5882157570596198E-008  3.3926277076738010E-002  1.9504809159857024E-009  1.3640755302008485E-010  4.1339914157339057E-011 -2.8006931411652416E-010 -7.6111608858081709E-011 -1.6704115084504580E-009 -3.1313469978117660E-008 -1.4134304667128381E-008  3.2871795831162404E-008  8.2582985378501335E-008  7.6113378778176881E-008 -5.1269515251034376E-008 -1.9907207588922649E-005 -2.1695461433833877E-004  2.2945104223825560E-004  1.0828421745270464E-005 -1.1423383052525848E-005  1.5879899901310240E-005  2.3318333755972058E-004  3.1806960815848670E-005 -9.5893662063992061E-005 -1.9473021816504500E-004
-1.3156108345051775E-008 -4.8737896275263238E-008  7.6923690185793853E-008  3.5096685256251958E-001  4.5291861588802689E-008 -4.9867030745096048E-008 -2.2801257343790450E-008  1.4078954555038504E-009  1.3497025724094760E-008 -4.6699798856938385E-008 -3.5235102181915093E-008 -9.2741725032892902E-008  1.3778568492714313E-007  2.5328081560111004E-001 -1.1702692637941107E-008 -1.1361362763798344E-008  1.1743983047331890E-008  5.3755294794372112E-002 -7.7735375489165403E-003  3.7508796289645245E-009  8.5749261882247915E-009 -1.2493979081131690E-008  4.1355281895753927E-008 -4.4267736200004104E-008 -1.8874052891555141E-008  4.5450638499810311E-010  1.2011671674613355E-008 -4.1809824011185373E-008  1.3818416263396408E-008 -1.6618263231261116E-008  2.4695991772136089E-009 -1.9749369349153375E-009  1.7833885369660695E-009 -1.1843628948289447E-008 -9.8094199763765736E-011 -1.6196274880772441E-010  1.0342030255140622E-010  7.8945925559412725E-011 -7.4916574198247286E-011  5.2661847588296470E-011  1.9091437382065181E-010 -4.7610830171713317E-011 -9.4175835601563583E-011 -4.1598196215998710E-011
-9.7831812815409186E-006  7.6573551673651653E-011  3.4743085568408084E-011 -1.6302471539088187E-008 -9.1775083764718434E-009 -1.3004927673402460E-008  1.5517914445329021E-008  3.8638989458969136E-009 -7.8748707503619994E-010  5.3136094676168717E-009 -6.8928542223032794E-004  5.6970065065006653E-009  2.4964478323170376E-009 -1.1702692637941107E-008  8.2724544307449864E-004 -7.2223986317281442E-009 -3.1660300241573471E-009 -2.6313839351007799E-009  3.6852589391738250E-008 -4.0716941492996733E-002  1.7792039369518680E-007  7.8009491544992541E-008 -1.1193606184325316E-009 -8.4407239928823104E-011 -2.2803041498551757E-009 -4.5071696343761893E-011 -7.3783624572607922E-010  1.1644322982612967E-009 -7.1133326045244500E-008 -1.4263569560420021E-007  2.3686770037092351E-007  4.4557727926457873E-008  1.2020668692394970E-008  2.6575598276443109E-008  9.8710443509447641E-005 -9.1223421401535551E-006  3.2055434915463415E-005  1.4294011620744971E-004  3.0066031914685229E-004 -2.7537407327541942E-004 -2.0492230148287396E-006 -1.2993892854023169E-005  1.1871663317476777E-005 -1.4207634601808624E-005
 7.6867826170966446E-011 -9.7831024000062882E-006 -2.0616767076107583E-011 -1.5885057470767559E-008  9.8718178804971645E-009 -8.7620854372983878E-009 -9.4090036673411281E-010 -1.9566952278987560E-008  2.2700921939122548E-008  9.6951347189804301E-009  5.6973544814467576E-009 -6.8927944961095599E-004 -1.5441448370308506E-009 -1.1361362763798344E-008 -7.2223986317281442E-009  8.2723787294110979E-004  1.9586355251155129E-009 -2.6555499905532856E-009  6.7577449583761169E-008  1.7793051589025002E-007 -4.0716755001030627E-002 -4.8249293902080614E-008  2.2588689776616275E-009 -1.5534980094999444E-009 -7.6645304759822744E-010 -4.3350663834155350E-009  4.4934668640117870E-009  2.0761975814348716E-009  4.6837363310793188E-008 -5.4226065168560909E-008  1.1278718564467511E-008 -9.6748294666936426E-008  1.2673684811030173E-007  4.9910932282113079E-008 -6.8016759614265217E-006  1.4293783608452506E-004  2.6037829448977493E-004 -2.7474240489771479E-006 -1.5006322985133928E-005  1.1872829935385291E-005 -7.8088759553623057E-005 -3.7546694145531575E-004 -3.8170771299855428E-005  8.5782012684451565E-005
 3.4620377033776076E-011 -2.0800819186049117E-011 -9.7830169754034634E-006  1.6461546237757102E-008 -1.5671757584942158E-008 -8.4250038408969507E-010 -7.0111208081261391E-009 -9.5879937870874237E-009 -1.3290186372714668E-008  2.5259751299843919E-008  2.4961265844574590E-009 -1.5444359832460933E-009 -6.8927314596711482E-004  1.1743983047331890E-008 -3.1660300241573471E-009  1.9586355251155129E-009  8.2722987855693073E-004  2.8163007666054181E-009 -9.2557632575326022E-008  7.7980772423913092E-008 -4.8253834204252033E-008 -4.0716558057247818E-002 -5.1668509821410545E-009 -7.5002021192858314E-010 -1.3918308871096365E-010  6.8048381052542918E-010 -3.0656153744591903E-010  4.4863670594724927E-009 -2.9762107062484446E-008  1.1801275482373566E-008 -7.4700283675978212E-008 -1.2596879625308914E-007 -1.3957601790725925E-007  1.5573090313623048E-007  2.3891576862844536E-005  2.6037769521184637E-004 -2.7537521311740194E-004 -1.2995739837877663E-005  1.3709688165805016E-005 -1.9058174135065972E-005 -2.7985455649943259E-004 -3.8173109796718648E-005  1.1508659207567579E-004  2.3370512142246693E-004
-2.7878125029616156E-009 -1.0336062976335401E-008  1.6315252371892269E-008  7.4470724492126508E-002 -1.6502692959544751E-008  1.7637501860907008E-008  6.2430661912130155E-009  1.9402130796093523E-010 -4.5153343136827222E-009  1.6308662124878473E-008 -7.3551044656111478E-009 -1.9479729100508806E-008  2.8973530119766966E-008  5.3755294794372112E-002 -2.6313839351007799E-009 -2.6555499905532856E-009  2.8163007666054181E-009  1.1447618363356872E-002  7.1778855522733435E-003  1.5971296623267720E-008  2.8408951701001966E-008 -3.8565376405626220E-008  4.2106640781712902E-009 -4.5371917976064514E-009 -1.8008370404567239E-009  1.0195925257714499E-011  1.1763792775778536E-009 -4.2208679225275306E-009 -1.3972108398456828E-007  1.5259027743608921E-007  5.4634366356136500E-008  6.3084066513823618E-010 -3.7907980702299400E-008  1.3909020879885257E-007 -3.1709870557440868E-011  1.0428099694833506E-010 -3.9859707095291768E-010 -4.5895147733136033E-011 -1.0501953823728813E-010  8.8438531923172640E-011 -1.5297481966097879E-010  2.0410848555675496E-010  1.0095624749516109E-010  1.4496317810213540E-010
 5.7223913670450466E-010  1.8348811884597458E-009 -2.8383275339916238E-009 -1.4651727168480830E-002  5.9044553041059846E-009 -6.3524664428828224E-009 -2.5745559929376633E-009  3.3602257698469315E-011  1.6831250325751991E-009 -5.9382046948324644E-009 -2.9321222985478891E-008 -5.3197302855597264E-008  7.2648431911339720E-008 -7.7735375489165403E-003  3.6852589391738250E-008  6.7577449583761169E-008 -9.2557632575326022E-008  7.1778855522733435E-003  2.0080702938292858E+000  2.2647362161419960E-009  3.9672809007857664E-009 -5.3469336373017471E-009 -9.0041529020670322E-008  9.7333607222682785E-008  4.1693047898722749E-008 -1.3579676979413750E-009 -2.6158326819796900E-008  9.1399421434953961E-008  4.4777047581324048E-008 -4.8622903990768102E-008 -1.9248508360320991E-008  2.8461567754293690E-010  1.2633245567974442E-008 -4.5062287760673590E-008  8.6281680574728139E-011 -2.1589176450925930E-010  9.1801797528018787E-010  5.7992576279458691E-011  2.2340701121804392E-010 -1.7375105135461436E-010  3.2362100892227441E-010 -4.5291484994270966E-010 -2.1829075619634753E-010 -3.4666668023784529E-010
 4.8152724599146677E-004 -1.6690029592307519E-009 -7.8950050756790806E-010  5.9672216853964763E-009  5.3240189331619467E-009  8.9837118870609071E-009 -1.3376006398070494E-008 -2.8742849495396918E-009 -2.8968219771814706E-010 -2.4497358066081811E-009  3.3926562478446422E-002 -1.3246149305011582E-007 -5.8007487351870196E-008  3.7508796289645245E-009 -4.0716941492996733E-002  1.7793051589025002E-007  7.7980772423913092E-008  1.5971296623267720E-008  2.2647362161419960E-009  2.0040839614806543E+000 -1.7924478775856424E-008 -7.8016037087816227E-009  2.6009998729409421E-008  4.3231971689878312E-008 -6.2398309499024322E-008 -1.3622198573689706E-008 -1.0048221928671156E-009 -1.2387799342766806E-008 -1.5502590159772945E-008  6.7285955097477564E-010 -3.8917356845192230E-008 -1.3847933239262885E-009 -1.1248481557568457E-008  1.6887375724578759E-008 -4.8585193669684196E-003  4.4894562351359337E-004 -1.5777954091229112E-003 -7.0354970199744274E-003 -1.4798470189677110E-002  1.3553884764807242E-002  1.0090565786989158E-004  6.3964234355162936E-004 -5.8432476970018358E-004  6.9925800930694879E-004
-1.6835451798709171E-009  4.8152556465656078E-004  4.4508601636216727E-010  1.2458609894643151E-008 -4.2753295199121169E-009  4.4783586826508965E-009 -3.5381632191683687E-010  8.5915522890849379E-009 -1.0290516047002319E-008 -4.3162385445791996E-009 -1.3247038717770261E-007  3.3926423579093069E-002  3.5882157570596198E-008  8.5749261882247915E-009  1.7792039369518680E-007 -4.0716755001030627E-002 -4.8253834204252033E-008  2.8408951701001966E-008  3.9672809007857664E-009 -1.7924478775856424E-008  2.0040839426562753E+000  4.8490629917691785E-009 -2.2875742727808970E-008  2.2378722936635542E-008 -9.9053932058333567E-010  4.5834363532501230E-008 -5.4538673147359693E-008 -2.2958629452076828E-008  3.5191807516921493E-008 -2.2258242457721051E-008 -1.1793484075685680E-008 -6.7438033471673406E-008  7.0225083555070780E-008  3.2246180376030213E-008  3.3475957209724594E-004 -7.0354016494867128E-003 -1.2815876210717293E-002  1.3519712879884397E-004  7.3854941773586578E-004 -5.8432422439588067E-004  3.8435229865289265E-003  1.8480531943594593E-002  1.8787744468926081E-003 -4.2221850959480384E-003
-7.8350167339194130E-010  4.5421663268303010E-010  4.8152368438988209E-004 -1.7789613470923308E-008  4.7633789452009994E-009 -3.2475293327930890E-010  4.9931040989767343E-009  7.3733311729910233E-009  8.9107665983572338E-009 -1.2136706565615969E-008 -5.8015255503915265E-008  3.5892840224992330E-008  3.3926277076738010E-002 -1.2493979081131690E-008  7.8009491544992541E-008 -4.8249293902080614E-008 -4.0716558057247818E-002 -3.8565376405626220E-008 -5.3469336373017471E-009 -7.8016037087816227E-009  4.8490629917691785E-009  2.0040839228634550E+000  2.8444591342655499E-008 -9.9694805357528590E-010  2.3789319654114779E-008  3.5261908300592345E-008  4.3136872903684082E-008 -6.3706494123701029E-008 -8.2157005926973605E-008 -1.1503985310681486E-008 -8.9435658158160187E-010  1.1873154008787974E-008 -2.9411681224806898E-009  7.0283860745587865E-008 -1.1759618586534744E-003 -1.2815876488735506E-002  1.3554081141486077E-002  6.3964147502792469E-004 -6.7482503804507446E-004  9.3807691790754732E-004  1.3774539572556149E-002  1.8788738320143880E-003 -5.6646076170648258E-003 -1.1503045471486275E-002
-6.4981521589741551E-010  1.9064062773755873E-010 -5.3175699564584989E-010  5.2352548410748531E-008  3.1737296653737844E-003 -7.6655154579286319E-005  2.6931836588948337E-004 -6.5011697866460168E-005  2.1876425082955489E-003 -3.1087179675068975E-003  1.3606248294948590E-010 -9.0385757064102408E-010  1.9504809159857024E-009  4.1355281895753927E-008 -1.1193606184325316E-009  2.2588689776616275E-009 -5.1668509821410545E-009  4.2106640781712902E-009 -9.0041529020670322E-008  2.6009998729409421E-008 -2.2875742727808970E-008  2.8444591342655499E-008  6.5497780595889039E-004 -5.6061978383731525E-006  1.9700340914153750E-005 -2.1616949985811947E-004  1.6001979250343014E-004 -4.3880830610053192E-004  1.3557771998321574E-002 -5.8829612916158581E-004  2.0667026516865581E-003  4.8996846416633384E-003  1.6787798173150209E-002 -1.8457456639985957E-002 -9.0878363957764625E-010 -1.3777396534925275E-009  2.4686551678989966E-009  6.8393676536540453E-012 -8.8130322462642946E-010  1.2124218695194656E-009 -1.0372297721240908E-009 -5.9705700524263854E-010  2.7693294570047865E-009 -1.3950069027011239E-009
-3.2868759795768377E-010 -4.7682079953858248E-010 -2.8310522786090004E-010 -5.6091205448061720E-008 -7.6655440600972120E-005  3.5968282334194524E-003  2.5260785504895560E-003 -2.3104189796105465E-005 -1.2607814670075664E-004  9.9759630397293575E-005 -2.7268509531028939E-010  4.9147783912367280E-010  1.3640755302008485E-010 -4.4267736200004104E-008 -8.4407239928823104E-011 -1.5534980094999444E-009 -7.5002021192858314E-010 -4.5371917976064514E-009  9.7333607222682785E-008  4.3231971689878312E-008  2.2378722936635542E-008 -9.9694805357528590E-010 -5.6061978383731525E-006  6.8592513572307784E-004  1.8477522862516129E-004 -1.6902269010073408E-006 -9.2219115850005444E-006  7.2964247396115453E-006 -5.8829844109680287E-004  1.6804656404235622E-002  1.9384944729748221E-002 -1.7729125720686604E-004 -9.6753473324200567E-004  7.6558969830412384E-004 -3.5087306127342897E-010 -8.4380245159145742E-010 -1.0732180044068536E-009 -2.1759124552608614E-009  1.5741358306471492E-010  2.6466580803776921E-009  5.7706265855384544E-010  4.7893338636072638E-010  6.9591632671584761E-011  4.4295355402098658E-010
-2.0101986042680870E-010 -2.2868992773086458E-010 -1.3209537261058676E-010 -2.3737295482414414E-008  2.6931818489603842E-004  2.5260783280204426E-003 -4.6147501999955066E-004 -1.0917694636981632E-004  1.1516565988988712E-004 -1.6014123852638526E-004  1.0144324652131739E-009  2.3048701370530770E-010  4.1339914157339057E-011 -1.8874052891555141E-008 -2.2803041498551757E-009 -7.6645304759822744E-010 -1.3918308871096365E-010 -1.8008370404567239E-009  4.1693047898722749E-008 -6.2398309499024322E-008 -9.9053932058333567E-010  2.3789319654114779E-008  1.9700340914153750E-005  1.8477522862516129E-004  3.8907222290698987E-004 -7.9860320191979292E-006  8.4241315904809461E-006 -1.1714308894956729E-005  2.0667012001719855E-003  1.9384942932382136E-002 -1.4338477029584427E-002 -8.3781247318466447E-004  8.8376370918124463E-004 -1.2288887269881021E-003  1.5107173208478533E-009 -1.1183251951889450E-009  8.7818087947928769E-010 -9.1077882694851086E-010  2.4659589612973769E-009 -1.1160611358956358E-009  6.1877716843391551E-010 -2.0244551941429818E-010  2.8814849222515382E-010 -5.0366342076370715E-010
 1.4743003549102201E-010 -4.0571249794823139E-010  1.3447423994266648E-010  5.3145780079951666E-010 -6.5012330670513358E-005 -2.3104253793745420E-005 -1.0917786838472214E-004  1.4477929597877925E-003 -3.1545906427062056E-003 -1.3827806291168438E-003  8.7218685667542684E-011  1.7013895031497043E-009 -2.8006931411652416E-010  4.5450638499810311E-010 -4.5071696343761893E-011 -4.3350663834155350E-009  6.8048381052542918E-010  1.0195925257714499E-011 -1.3579676979413750E-009 -1.3622198573689706E-008  4.5834363532501230E-008  3.5261908300592345E-008 -2.1616949985811947E-004 -1.6902269010073408E-006 -7.9860320191979292E-006  5.2873066070696509E-004 -2.3075002041591304E-004 -3.1256116084855387E-004  4.8996793697920968E-003 -1.7729176296042270E-004 -8.3781987330349382E-004  3.1305076468634598E-004 -2.4208047400685235E-002 -5.2127301344780256E-003 -6.7485236351527547E-011  1.0774873517585531E-010 -6.4955889111694146E-011  3.0229422402901269E-011  8.6183152257164296E-010  6.0311533526082316E-011  1.4801090038105010E-009  2.7818966695745822E-009 -2.0935233186837703E-009 -2.0250881004019208E-009
-3.4133423971804015E-010  4.5568269595022666E-010 -2.5649054527382404E-010  1.5143387433304634E-008  2.1876413919995419E-003 -1.2607879407249800E-004  1.1516607118969604E-004 -3.1545899842373919E-003  1.8397459385929014E-003  9.6694859223494145E-004  6.5528271208433729E-011 -1.7216639540121716E-009 -7.6111608858081709E-011  1.2011671674613355E-008 -7.3783624572607922E-010  4.4934668640117870E-009 -3.0656153744591903E-010  1.1763792775778536E-009 -2.6158326819796900E-008 -1.0048221928671156E-009 -5.4538673147359693E-008  4.3136872903684082E-008  1.6001979250343014E-004 -9.2219115850005444E-006  8.4241315904809461E-006 -2.3075002041591304E-004  5.5740062170165326E-004  7.0730227911402745E-005  1.6787788915715262E-002 -9.6753991754740644E-004  8.8376698896218625E-004 -2.4208041966226182E-002  3.3208770597210925E-003  7.4202530505032890E-003 -7.9762115161764013E-010 -1.6263210724388209E-009  1.8135856651288036E-009  9.8096947511426964E-010 -3.5243655746369483E-010  8.9151631288957053E-011  1.5480396355176146E-009 -3.0204924718321809E-009 -4.5059205487148358E-010  8.9957523492653600E-010
 5.0238518060364559E-010  2.1507186813883661E-010  3.9728275701855682E-010 -5.2884055574994340E-008 -3.1087173347053203E-003  9.9759408374105031E-005 -1.6014049750377762E-004 -1.3827812619144875E-003  9.6694813440863952E-004  4.4914985966189452E-003 -2.2328115484942010E-010 -7.9753207888063810E-010 -1.6704115084504580E-009 -4.1809824011185373E-008  1.1644322982612967E-009  2.0761975814348716E-009  4.4863670594724927E-009 -4.2208679225275306E-009  9.1399421434953961E-008 -1.2387799342766806E-008 -2.2958629452076828E-008 -6.3706494123701029E-008 -4.3880830610053192E-004  7.2964247396115453E-006 -1.1714308894956729E-005 -3.1256116084855387E-004  7.0730227911402745E-005  7.5136946694855490E-004 -1.8457451368139328E-002  7.6558789212634825E-004 -1.2288827783736582E-003 -5.2127354062918236E-003  7.4202492275433594E-003  2.3670186774431785E-002  9.7626886927573814E-010  1.2699909135610202E-009 -2.4036991867995425E-009 -3.7068791734785715E-011  1.9471691006394816E-011 -1.2727333924407964E-009 -4.4287921029672977E-010 -2.1848397386337584E-009 -6.7580616226263213E-010  3.4200949899207193E-009
-2.3110700157219239E-008  7.2043583686377395E-009 -1.8332154225306762E-008 -1.5644474030630488E-007  1.5502809480286694E-001 -3.3113858176839141E-004  1.1638194165702409E-003 -7.0937840969927835E-002  9.4531646377548212E-003 -8.4090253833025749E-002  1.8179384132090884E-008 -7.9409221033143388E-009 -3.1313469978117660E-008  1.3818416263396408E-008 -7.1133326045244500E-008  4.6837363310793188E-008 -2.9762107062484446E-008 -1.3972108398456828E-007  4.4777047581324048E-008 -1.5502590159772945E-008  3.5191807516921493E-008 -8.2157005926973605E-008  1.3557771998321574E-002 -5.8829844109680287E-004  2.0667012001719855E-003  4.8996793697920968E-003  1.6787788915715262E-002 -1.8457451368139328E-002  1.1330376643355753E+000  1.1861969353138879E-002 -4.1669987061816946E-002 -8.0198942181116251E-001 -3.3848612013444562E-001 -3.3104824252471710E-001 -4.4269989683823699E-008 -7.3529499435618384E-008  9.6649206666562255E-008  3.5175241889908335E-008  7.9169462004908093E-009  2.4219184625525347E-008  6.5938151894856781E-008 -2.5739842145654757E-008 -1.4935813389070164E-008 -5.2852719484906765E-008
-1.0575928390729339E-008 -1.6963450906036596E-008 -8.1182906947201181E-009  1.6933243731917519E-007 -3.3113485148190090E-004  1.5685626212003026E-001  1.0915575357241192E-002 -9.9846913291181619E-005 -5.4476574371569537E-004  4.3098176477351230E-004  7.8359897743203429E-008  1.3401396777376080E-008 -1.4134304667128381E-008 -1.6618263231261116E-008 -1.4263569560420021E-007 -5.4226065168560909E-008  1.1801275482373566E-008  1.5259027743608921E-007 -4.8622903990768102E-008  6.7285955097477564E-010 -2.2258242457721051E-008 -1.1503985310681486E-008 -5.8829612916158581E-004  1.6804656404235622E-002  1.9384942932382136E-002 -1.7729176296042270E-004 -9.6753991754740644E-004  7.6558789212634825E-004  1.1861969353138879E-002  1.0675715665008783E+000 -3.9085164000693956E-001  3.5746387785607348E-003  1.9508254080196963E-002 -1.5436608131710022E-002  6.0716901121729764E-008 -4.6411153701208692E-008  1.0999886867052547E-008 -7.7801247622808681E-008  9.5413628416985860E-008 -3.6590228252819355E-009  2.4726438329096169E-008 -2.3923389477555948E-009  1.3237154498736157E-008 -6.4156889587316378E-009
-7.9853991105768688E-009 -6.2758855305497919E-009 -7.5829135926889027E-009  6.8908695090457379E-008  1.1638217369551529E-003  1.0915577679428010E-002  1.3931972585090799E-001 -4.7179013973023664E-004  4.9768269930554028E-004 -6.9203159720940006E-004 -1.6610861009594510E-007 -1.3218733003324910E-008  3.2871795831162404E-008  2.4695991772136089E-009  2.3686770037092351E-007  1.1278718564467511E-008 -7.4700283675978212E-008  5.4634366356136500E-008 -1.9248508360320991E-008 -3.8917356845192230E-008 -1.1793484075685680E-008 -8.9435658158160187E-010  2.0667026516865581E-003  1.9384944729748221E-002 -1.4338477029584427E-002 -8.3781987330349382E-004  8.8376698896218625E-004 -1.2288827783736582E-003 -4.1669987061816946E-002 -3.9085164000693956E-001  1.6954994304946647E+000  1.6892540727468743E-002 -1.7818924944976861E-002  2.4777446334393313E-002 -9.6295103869949125E-008  1.1954043038688289E-008 -6.4336643620225599E-008 -2.0541114647522412E-008 -9.9503178930605663E-008  1.4973455381240370E-007 -5.5806761712514716E-009  1.6801314043546970E-008 -4.4667800440214940E-009  3.5430741923318662E-008
 6.6002553444797728E-009 -1.4978993337617191E-008  4.6333452920743194E-009 -1.1383356436930707E-009 -7.0937832669371453E-002 -9.9846108730852236E-005 -4.7177833646139516E-004  1.4757007958600959E-001 -1.3631578836846542E-002 -7.6632246916479185E-002 -1.8184870431607109E-008  1.8406405698821461E-008  8.2582985378501335E-008 -1.9749369349153375E-009  4.4557727926457873E-008 -9.6748294666936426E-008 -1.2596879625308914E-007  6.3084066513823618E-010  2.8461567754293690E-010 -1.3847933239262885E-009 -6.7438033471673406E-008  1.1873154008787974E-008  4.8996846416633384E-003 -1.7729125720686604E-004 -8.3781247318466447E-004  3.1305076468634598E-004 -2.4208041966226182E-002 -5.2127354062918236E-003 -8.0198942181116251E-001  3.5746387785607348E-003  1.6892540727468743E-002  1.4000863058784572E+000  4.8809772768681564E-001 -5.9809688406689765E-001  2.8389773850456540E-008  5.8798752693856829E-008 -3.1503041985475060E-008 -4.8190375964911022E-008 -9.4056013031485458E-009  1.0101495813444012E-008 -1.1350692520613650E-007  9.3665275236867209E-008  9.3486768609695454E-008 -4.6332993583893867E-008
-9.9992352396061535E-009  1.4896714493612961E-008 -8.5133418987186059E-009 -4.4352974926735186E-008  9.4531789937271002E-003 -5.4475741126811536E-004  4.9767749235554064E-004 -1.3631586982343208E-002  1.4926376917134671E-001  4.1784079886528006E-003 -1.4824795454482319E-008 -3.5783275882702406E-008  7.6113378778176881E-008  1.7833885369660695E-009  1.2020668692394970E-008  1.2673684811030173E-007 -1.3957601790725925E-007 -3.7907980702299400E-008  1.2633245567974442E-008 -1.1248481557568457E-008  7.0225083555070780E-008 -2.9411681224806898E-009  1.6787798173150209E-002 -9.6753473324200567E-004  8.8376370918124463E-004 -2.4208047400685235E-002  3.3208770597210925E-003  7.4202492275433594E-003 -3.3848612013444562E-001  1.9508254080196963E-002 -1.7818924944976861E-002  4.8809772768681564E-001  1.3394406138582349E+000 -1.4961160755227007E-001  9.5959997704230838E-009 -1.4657431212601999E-008  1.3214358146926107E-008 -1.2363371837966156E-008 -3.6701582870919467E-008 -5.1101344563745828E-010 -9.6379529990711472E-008 -7.1758604992721284E-008  1.4396413922351162E-007  4.3636305470920940E-008
 1.6510444810887341E-008  7.7746349580518757E-009  1.3698808935311481E-008  1.5758286984031914E-007 -8.4090262133530158E-002  4.3098469049938351E-004 -6.9204108010620206E-004 -7.6632238616039031E-002  4.1784141990817703E-003  1.6072250074949687E-001  5.4861681882300762E-012 -1.0465484367013179E-008 -5.1269515251034376E-008 -1.1843628948289447E-008  2.6575598276443109E-008  4.9910932282113079E-008  1.5573090313623048E-007  1.3909020879885257E-007 -4.5062287760673590E-008  1.6887375724578759E-008  3.2246180376030213E-008  7.0283860745587865E-008 -1.8457456639985957E-002  7.6558969830412384E-004 -1.2288887269881021E-003 -5.2127301344780256E-003  7.4202530505032890E-003  2.3670186774431785E-002 -3.3104824252471710E-001 -1.5436608131710022E-002  2.4777446334393313E-002 -5.9809688406689765E-001 -1.4961160755227007E-001  9.2914512659152182E-001  1.5880215839393805E-008  1.4730746843601961E-008 -6.5146164323827372E-008  1.3015134101969220E-008  1.4886551401793513E-009 -3.4320680474021499E-008  4.7568773284118367E-008 -6.7925433505686137E-008 -7.8550955286024890E-008  9.9185713111445346E-008
-1.1673707969503919E-006  8.0437172502714461E-008 -2.8254780320455912E-007 -1.3756893477632181E-010 -6.8740502496241783E-009  5.6721890276464855E-009 -6.3963175634849921E-009  2.7468489570897050E-009 -1.0538136646798912E-009  4.1272012922367081E-009 -8.2248468716411010E-005  5.6673249967943360E-006 -1.9907207588922649E-005 -9.8094199763765736E-011  9.8710443509447641E-005 -6.8016759614265217E-006  2.3891576862844536E-005 -3.1709870557440868E-011  8.6281680574728139E-011 -4.8585193669684196E-003  3.3475957209724594E-004 -1.1759618586534744E-003 -9.0878363957764625E-010 -3.5087306127342897E-010  1.5107173208478533E-009 -6.7485236351527547E-011 -7.9762115161764013E-010  9.7626886927573814E-010 -4.4269989683823699E-008  6.0716901121729764E-008 -9.6295103869949125E-008  2.8389773850456540E-008  9.5959997704230838E-009  1.5880215839393805E-008  1.2524505583966275E-005  5.2565680349488239E-006 -6.2689839698976307E-006  1.6703473356623208E-005  3.6395410798358878E-005 -3.3506860879079382E-005 -7.6852717582613530E-006  4.3378198316656279E-007  5.0543060112681731E-006  4.3493027682583280E-006
 1.0788040321748298E-007 -1.6904143754153734E-006 -3.0792879820233431E-006 -2.2275693396529048E-010 -1.1192873794721937E-008 -6.9824538668207111E-009 -1.3425188766265995E-009  7.3980660197521373E-009 -5.6588111786379968E-009  3.7948078072301708E-009  7.6009058016137394E-006 -1.1910006841723421E-004 -2.1695461433833877E-004 -1.6196274880772441E-010 -9.1223421401535551E-006  1.4293783608452506E-004  2.6037769521184637E-004  1.0428099694833506E-010 -2.1589176450925930E-010  4.4894562351359337E-004 -7.0354016494867128E-003 -1.2815876488735506E-002 -1.3777396534925275E-009 -8.4380245159145742E-010 -1.1183251951889450E-009  1.0774873517585531E-010 -1.6263210724388209E-009  1.2699909135610202E-009 -7.3529499435618384E-008 -4.6411153701208692E-008  1.1954043038688289E-008  5.8798752693856829E-008 -1.4657431212601999E-008  1.4730746843601961E-008  5.2565680349488239E-006  1.0675457013656029E-004 -4.2039625928522922E-005 -6.1411035822376470E-006 -1.5923604730006449E-006 -9.1132249042220020E-007 -1.0155673706831392E-004 -7.6748389427531852E-005  2.9498090458209138E-005  8.8539359082844446E-005
