  0.43463259701732954        1.6556287395256829E-008   1.9682451194241573E-009  -4.7760657482675921E-008  -1.7744565515579421E-008  -1.9441741358605487E-008   3.7767064305522750E-008  -7.8729694901011464E-010  -4.0148856165580546E-008   1.8531862565564143E-008   3.0908258681628526E-008  0.41143343441045582        7.0968118138871843E-010   7.4962531527295523E-009   2.6144522350054620E-008  -4.9053647688010902E-003  -1.8189537114902587E-009   4.3032633899543969E-010   3.3021518681692546E-009  -2.2514455354236928E-009  -2.2191051917295926E-009   4.9378907422544934E-009  -4.7700562337296473E-010  -6.7120692437788157E-009   2.7284512737093724E-009
   1.6556287395256829E-008  0.43463258752379619        1.1221986277594353E-009   1.6646294305431548E-008  -1.6850789142391475E-008  -1.0403631547987646E-008  -5.4055168705829325E-009  -8.0810634449200614E-009  -1.6886725960864344E-008   2.4931851886157657E-008  -1.3192045628673823E-008  -1.7851626257987650E-009  0.41143343471883403       -8.2184066215180234E-009  -9.3456736901364254E-009  -2.0312435464057935E-009  -4.9053636387975073E-003  -8.6311690735758653E-010  -1.2618229348241272E-009  -3.1889052093181785E-009  -1.0623213146525038E-009  -6.7355712963694581E-010  -2.5890938318799970E-010  -4.2503127558771154E-009   3.4478141491627915E-009
   1.9682451194241573E-009   1.1221986277594353E-009  0.43463259926745951        3.5314953835731526E-008  -3.9732538110879016E-008  -1.1390214160758944E-008  -1.7056488571945406E-008   7.1771337475936687E-009   4.0325719119653197E-008   3.2555407398587186E-008  -2.0444989630264873E-008  -7.6241336680982070E-009   8.1455161307394429E-009  0.41143343433729823       -1.9183242408344553E-008  -9.0135521010383778E-010   5.7692270290754682E-010  -4.9053650048435397E-003  -2.3149594945919886E-009  -5.9892970096675107E-009  -1.6949499290694244E-009  -2.2751400443541979E-009   2.3163023834920639E-009   7.3925038990337193E-009   3.6729958585386686E-009
  -4.7760657482675921E-008   1.6646294305431548E-008   3.5314953835731526E-008  0.59367911048016875       -1.4954663367319062E-009   1.1058964476952220E-008   6.2266284436540142E-009  -1.6229909706356846E-008   4.1978873368715454E-009   1.7725384696818832E-008  0.60460103941409904       -2.0984886692731545E-008  -1.8820551014515292E-008   2.9510016791353477E-008  -9.6187121362267345E-003   5.3220083365325473E-009  -3.3660736372788589E-009  -3.7809778987001672E-009   3.7886877730543717E-004  -4.2291637265637901E-010   2.8569673884023785E-009   1.6190386411680259E-009  -4.2478604692777126E-009   1.1353455057919602E-009   4.6707736759849475E-009
  -1.7744565515579421E-008  -1.6850789142391475E-008  -3.9732538110879016E-008  -1.4954663367319062E-009   5.0138773991332168E-015   2.2104883081187703E-015   2.1117251230843551E-016  -2.7013549456837343E-016  -1.4032395936438372E-015  -4.7437421814662073E-015  -1.5232442177324872E-009  -1.6797225978937276E-008  -1.5951348224185875E-008  -3.7612063030360159E-008  -6.7439881783559985E-012  -8.9543569402834781E-011   1.8240408978194677E-010   9.0622621062263834E-010  -2.5155661978019741E-012   7.6426094439551033E-016   2.7964696711618088E-016   2.6533093018375595E-017  -1.7285807695724251E-016  -2.4067370740177321E-016  -5.9140295992495701E-016
  -1.9441741358605487E-008  -1.0403631547987646E-008  -1.1390214160758944E-008   1.1058964476952220E-008   2.2104883081187703E-015   1.6237759596067448E-015  -9.9693836215326179E-016  -2.6136570538547997E-016   1.2212463980193641E-015  -1.9491225061876715E-015   1.1263508482345024E-008  -1.8403434705410000E-008  -9.8480511989427768E-009  -1.0781890723654737E-008  -5.3689288012940530E-011  -6.3124647450437962E-010  -2.8505793655966859E-010  -3.9617036100014996E-010   2.4081856512852446E-011   3.2886687869773370E-016   2.2320116802323551E-016  -1.1633332393266863E-016  -1.1219640692211448E-016   2.2791439077550622E-016  -2.1667055545749922E-016
   3.7767064305522750E-008  -5.4055168705829325E-009  -1.7056488571945406E-008   6.2266284436540142E-009   2.1117251230843551E-016  -9.9693836215326179E-016   4.0838876389888829E-015  -4.1941789613805226E-016  -4.8174274178782564E-015   2.0824537495118307E-016   6.3420848661468613E-009   3.5751032068170248E-008  -5.1165458631315365E-009  -1.6146000422860418E-008   2.1519122918684616E-012  -1.8935663472550883E-010  -5.9973331171603903E-010   8.5725491938848573E-011   1.2374078481338370E-011   7.3760052120274659E-017  -8.1431987950156042E-017   5.4453554240418070E-016  -1.7299233501690963E-016  -8.1080441524629458E-016   9.9232218991235817E-017
  -7.8729694901011464E-010  -8.0810634449200614E-009   7.1771337475936687E-009  -1.6229909706356846E-008  -2.7013549456837343E-016  -2.6136570538547997E-016  -4.1941789613805226E-016   7.1530067093491937E-016   9.3758379284609226E-016  -4.4516535655596122E-016  -1.6530791070761940E-008  -7.4546525138000025E-010  -7.6491675532146348E-009   6.7949980692138257E-009  -1.5123497835446430E-012   2.9207213084899965E-010  -7.3359290194511629E-010  -1.4962243583621706E-009  -3.2481027691337522E-011  -2.3284708981131798E-017  -8.0319619397423826E-017  -7.4211726991955790E-017   1.6321550946946889E-016   1.8118530398599829E-016  -1.3993068885354099E-016
  -4.0148856165580546E-008  -1.6886725960864344E-008   4.0325719119653197E-008   4.1978873368715454E-009  -1.4032395936438372E-015   1.2212463980193641E-015  -4.8174274178782564E-015   9.3758379284609226E-016   8.1364334976070509E-015   4.6565616371214302E-016   4.2757455235112627E-009  -3.8006063301879015E-008  -1.5985978432451098E-008   3.8173350201291205E-008   5.7515474060982358E-012   7.6772967893136580E-010   1.0923527883290793E-009  -5.6906340698649778E-010   8.2112428669036540E-012  -2.2692844635230491E-016   1.0678004311814679E-016  -6.2832536622029667E-016   2.3955897943502677E-016   1.4828724236713316E-015  -1.2630434479453273E-017
   1.8531862565564143E-008   2.4931851886157657E-008   3.2555407398587186E-008   1.7725384696818832E-008  -4.7437421814662073E-015  -1.9491225061876715E-015   2.0824537495118307E-016  -4.4516535655596122E-016   4.6565616371214302E-016   5.1889079951141416E-015   1.8054044498076607E-008   1.7542691325889188E-008   2.3600515112911462E-008   3.0817067834359854E-008   8.3017713301038163E-012  -2.0252854287287365E-010   5.5118994685529777E-010   5.8999822409158258E-010   3.5001719983193971E-011  -7.4097627345975987E-016  -1.9932733608494467E-016   4.7678631671056393E-017   9.6425535458329652E-018   5.9488472869512245E-017   7.3133370076643854E-016
   3.0908258681628526E-008  -1.3192045628673823E-008  -2.0444989630264873E-008  0.60460103941409904       -1.5232442177324872E-009   1.1263508482345024E-008   6.3420848661468613E-009  -1.6530791070761940E-008   4.2757455235112627E-009   1.8054044498076607E-008  0.61587498604855384        5.3917169785691175E-008  -4.7713747898119240E-008  -2.3321722481967133E-008   7.6165175014540655E-003  -7.4540281550615560E-010  -2.9549650559273271E-009   2.9143585105735071E-009   1.1719558051413537E-003  -4.2884420161450775E-010   2.9032548495363940E-009   1.6441619361385325E-009  -4.3138368289279940E-009   1.1531034633143057E-009   4.7426780548581366E-009
  0.41143343441045582       -1.7851626257987650E-009  -7.6241336680982070E-009  -2.0984886692731545E-008  -1.6797225978937276E-008  -1.8403434705410000E-008   3.5751032068170248E-008  -7.4546525138000025E-010  -3.8006063301879015E-008   1.7542691325889188E-008   5.3917169785691175E-008  0.38947347096218426       -1.5855179049775788E-008  -1.8849988545621542E-009   2.2383273812941284E-008  -5.9919925841911432E-003  -7.1016254587347752E-010   6.8597345975644067E-010   3.2910830607596890E-009  -2.1277087804969195E-009  -2.1007226558342974E-009   4.6703941486938708E-009  -4.5329745097844567E-010  -6.3547753239251082E-009   2.5810063402755217E-009
   7.0968118138871843E-010  0.41143343471883403        8.1455161307394429E-009  -1.8820551014515292E-008  -1.5951348224185875E-008  -9.8480511989427768E-009  -5.1165458631315365E-009  -7.6491675532146348E-009  -1.5985978432451098E-008   2.3600515112911462E-008  -4.7713747898119240E-008  -1.5855179049775788E-008  0.38947348005397459       -1.0747317887333021E-009  -9.5871484582350150E-009  -9.7147071105211316E-010  -5.9919922387221877E-003  -8.1912031414609796E-010  -1.2887484555758628E-009  -3.0195112852345718E-009  -1.0020452319777801E-009  -6.3778745467222096E-010  -2.4489947482275814E-010  -4.0285851196513068E-009   3.2644103418450207E-009
   7.4962531527295523E-009  -8.2184066215180234E-009  0.41143343433729823        2.9510016791353477E-008  -3.7612063030360159E-008  -1.0781890723654737E-008  -1.6146000422860418E-008   6.7949980692138257E-009   3.8173350201291205E-008   3.0817067834359854E-008  -2.3321722481967133E-008  -1.8849988545621542E-009  -1.0747317887333021E-009  0.38947346880702327       -1.4836518659925723E-008  -7.8036751765491999E-010   7.7164698317146176E-010  -5.9919925443978565E-003  -2.3362334615661168E-009  -5.6677385764901382E-009  -1.6047589652136117E-009  -2.1505990578581498E-009   2.1953928248839717E-009   6.9996882418897196E-009   3.4723469178105830E-009
   2.6144522350054620E-008  -9.3456736901364254E-009  -1.9183242408344553E-008  -9.6187121362267345E-003  -6.7439881783559985E-012  -5.3689288012940530E-011   2.1519122918684616E-012  -1.5123497835446430E-012   5.7515474060982358E-012   8.3017713301038163E-012   7.6165175014540655E-003   2.2383273812941284E-008  -9.5871484582350150E-009  -1.4836518659925723E-008   2.0109624781993110       -2.1644634377692066E-009   8.1185545882402596E-011   2.4422575093482574E-009  -5.4632937357110654E-005   2.2075248025223689E-010  -7.7079559910793080E-010  -5.6486644556070926E-010   1.4747123265937046E-009  -3.7958576235417227E-010  -1.6954362373713214E-009
  -4.9053647688010902E-003  -2.0312435464057935E-009  -9.0135521010383778E-010   5.3220083365325473E-009  -8.9543569402834781E-011  -6.3124647450437962E-010  -1.8935663472550883E-010   2.9207213084899965E-010   7.6772967893136580E-010  -2.0252854287287365E-010  -7.4540281550615560E-010  -5.9919925841911432E-003  -9.7147071105211316E-010  -7.8036751765491999E-010  -2.1644634377692066E-009   1.9998144785097209        1.8422208084962148E-010   3.2667093265159419E-011  -2.4569845531783462E-010  -5.2573954515154601E-009   1.2248669488837652E-010   5.7716416798035766E-009   2.6043313337183702E-009   1.5184688595068427E-009   2.6530640849914943E-009
  -1.8189537114902587E-009  -4.9053636387975073E-003   5.7692270290754682E-010  -3.3660736372788589E-009   1.8240408978194677E-010  -2.8505793655966859E-010  -5.9973331171603903E-010  -7.3359290194511629E-010   1.0923527883290793E-009   5.5118994685529777E-010  -2.9549650559273271E-009  -7.1016254587347752E-010  -5.9919922387221877E-003   7.7164698317146176E-010   8.1185545882402596E-011   1.8422208084962148E-010   1.9998144783744849        2.0869537493687661E-011   1.1449211745754559E-011   1.2499379329583649E-009  -5.2871069306981687E-009   2.7769583016941886E-010  -2.7875527775347221E-010   7.6695816976225233E-009  -9.7118482544461127E-010
   4.3032633899543969E-010  -8.6311690735758653E-010  -4.9053650048435397E-003  -3.7809778987001672E-009   9.0622621062263834E-010  -3.9617036100014996E-010   8.5725491938848573E-011  -1.4962243583621706E-009  -5.6906340698649778E-010   5.8999822409158258E-010   2.9143585105735071E-009   6.8597345975644067E-010  -8.1912031414609796E-010  -5.9919925443978565E-003   2.4422575093482574E-009   3.2667093265159419E-011   2.0869537493687661E-011   1.9998144785576017        2.7283844695391006E-010  -2.7066549748412263E-009   4.3362224327837190E-010  -4.5744534960109496E-009  -4.0695536369079918E-009  -2.7087770049407205E-009   6.7762091608639505E-009
   3.3021518681692546E-009  -1.2618229348241272E-009  -2.3149594945919886E-009   3.7886877730543717E-004  -2.5155661978019741E-012   2.4081856512852446E-011   1.2374078481338370E-011  -3.2481027691337522E-011   8.2112428669036540E-012   3.5001719983193971E-011   1.1719558051413537E-003   3.2910830607596890E-009  -1.2887484555758628E-009  -2.3362334615661168E-009  -5.4632937357110654E-005  -2.4569845531783462E-010   1.1449211745754559E-011   2.7283844695391006E-010   2.0000679084600015       -8.9904060657740976E-013   5.9196478326013222E-012   3.0627780510292341E-012  -7.8306321873946643E-012   2.1083792856370842E-012   8.7336403936651647E-012
  -2.2514455354236928E-009  -3.1889052093181785E-009  -5.9892970096675107E-009  -4.2291637265637901E-010   7.6426094439551033E-016   3.2886687869773370E-016   7.3760052120274659E-017  -2.3284708981131798E-017  -2.2692844635230491E-016  -7.4097627345975987E-016  -4.2884420161450775E-010  -2.1277087804969195E-009  -3.0195112852345718E-009  -5.6677385764901382E-009   2.2075248025223689E-010  -5.2573954515154601E-009   1.2499379329583649E-009  -2.7066549748412263E-009  -8.9904060657740976E-013   1.3645846189456805E-016   3.6484613313020743E-017   6.5556827440513956E-019  -2.5800112784309618E-017  -3.2305507615653686E-017  -1.1065836016545037E-016
  -2.2191051917295926E-009  -1.0623213146525038E-009  -1.6949499290694244E-009   2.8569673884023785E-009   2.7964696711618088E-016   2.2320116802323551E-016  -8.1431987950156042E-017  -8.0319619397423826E-017   1.0678004311814679E-016  -1.9932733608494467E-016   2.9032548495363940E-009  -2.1007226558342974E-009  -1.0020452319777801E-009  -1.6047589652136117E-009  -7.7079559910793080E-010   1.2248669488837652E-010  -5.2871069306981687E-009   4.3362224327837190E-010   5.9196478326013222E-012   3.6484613313020743E-017   4.8678673861810440E-017  -8.0925215385436947E-018  -2.6878301296856291E-017   7.5325190660933895E-019  -9.6063359486006911E-018
   4.9378907422544934E-009  -6.7355712963694581E-010  -2.2751400443541979E-009   1.6190386411680259E-009   2.6533093018375595E-017  -1.1633332393266863E-016   5.4453554240418070E-016  -7.4211726991955790E-017  -6.2832536622029667E-016   4.7678631671056393E-017   1.6441619361385325E-009   4.6703941486938708E-009  -6.3778745467222096E-010  -2.1505990578581498E-009  -5.6486644556070926E-010   5.7716416798035766E-009   2.7769583016941886E-010  -4.5744534960109496E-009   3.0627780510292341E-012   6.5556827440513956E-019  -8.0925215385436947E-018   1.0121220067218716E-016  -1.2267486454357993E-017  -9.3900811661782049E-017   1.1611895771695884E-017
  -4.7700562337296473E-010  -2.5890938318799970E-010   2.3163023834920639E-009  -4.2478604692777126E-009  -1.7285807695724251E-016  -1.1219640692211448E-016  -1.7299233501690963E-016   1.6321550946946889E-016   2.3955897943502677E-016   9.6425535458329652E-018  -4.3138368289279940E-009  -4.5329745097844567E-010  -2.4489947482275814E-010   2.1953928248839717E-009   1.4747123265937046E-009   2.6043313337183702E-009  -2.7875527775347221E-010  -4.0695536369079918E-009  -7.8306321873946643E-012  -2.5800112784309618E-017  -2.6878301296856291E-017  -1.2267486454357993E-017   5.5992037845525318E-017   4.7029132373379498E-017  -3.0191876646819781E-017
  -6.7120692437788157E-009  -4.2503127558771154E-009   7.3925038990337193E-009   1.1353455057919602E-009  -2.4067370740177321E-016   2.2791439077550622E-016  -8.1080441524629458E-016   1.8118530398599829E-016   1.4828724236713316E-015   5.9488472869512245E-017   1.1531034633143057E-009  -6.3547753239251082E-009  -4.0285851196513068E-009   6.9996882418897196E-009  -3.7958576235417227E-010   1.5184688595068427E-009   7.6695816976225233E-009  -2.7087770049407205E-009   2.1083792856370842E-012  -3.2305507615653686E-017   7.5325190660933895E-019  -9.3900811661782049E-017   4.7029132373379498E-017   3.0672716542969517E-016  -1.4723621462703013E-017
   2.7284512737093724E-009   3.4478141491627915E-009   3.6729958585386686E-009   4.6707736759849475E-009  -5.9140295992495701E-016  -2.1667055545749922E-016   9.9232218991235817E-017  -1.3993068885354099E-016  -1.2630434479453273E-017   7.3133370076643854E-016   4.7426780548581366E-009   2.5810063402755217E-009   3.2644103418450207E-009   3.4723469178105830E-009  -1.6954362373713214E-009   2.6530640849914943E-009  -9.7118482544461127E-010   6.7762091608639505E-009   8.7336403936651647E-012  -1.1065836016545037E-016  -9.6063359486006911E-018   1.1611895771695884E-017  -3.0191876646819781E-017  -1.4723621462703013E-017   1.4085019945350189E-016
