  0.42823592304880331        4.6279391768499663E-017  -2.7996375626081862E-016   1.5080253623541814E-016   3.7938030209508105E-018  -4.9874211436937888E-017   4.4543397188919186E-018   3.7792519776659490E-017  -1.0344732023243324E-016  -1.0327621038821124E-016  0.28916735975890728        3.2566529557661474E-018  -2.9549454737336531E-016  -2.9761383688206121E-016  -2.3839604841073836E-002  -2.5116970046747256E-016   4.4946401771219469E-016   4.1096524406550656E-016   2.2807487862369951E-016  -8.0067839142211234E-017  -1.9963287327238878E-017   2.2667497400762510E-016  -3.8114501468978785E-016   1.4574681778747066E-016   4.6401219840882044E-016
   4.6279391768499663E-017  0.42823592304879687       -1.7029493593380833E-016  -7.3493319402135199E-016   3.4995919235501695E-016   1.7957931310186195E-020   3.4538247842010013E-018   3.0717831238160253E-016   4.0749659270461812E-018   3.2146797162449204E-016  -2.9937107433243403E-016  0.28916735975891056       -1.5320901042467790E-016   2.3650637725103681E-016  -2.9609876320956386E-016  -2.3839604841067841E-002  -7.5241883765040222E-017   6.2006272352096741E-017  -2.7466970630192935E-017  -4.2585546356964961E-018   2.1916241774154036E-017  -1.6024465357188862E-017   1.5830727789536979E-016   3.8862414335260011E-017  -2.2691571457900547E-016
  -2.7996375626081862E-016  -1.7029493593380833E-016  0.42823592304880181       -6.0361761351232856E-017   4.6026863903304076E-016  -3.2362527784399546E-017  -9.1410652044630828E-017   3.3476691543336496E-016   1.3996153437919472E-016   4.6567453293992692E-016  -8.1089955776815244E-017   2.5545499358963706E-017  0.28916735975891289       -2.8054691323207388E-015  -1.0005558392206285E-015   2.5073085799145648E-016  -2.3839604841071248E-002   6.6102496703643233E-016  -9.4198008537208376E-016  -5.9778446939928736E-016   2.0278611350676412E-015   1.1978410676873634E-017   2.5815449698165630E-015   1.0009548300962325E-015  -3.2933396565768786E-015
   1.5080253623541814E-016  -7.3493319402135199E-016  -6.0361761351232856E-017  0.50005064721621206       -1.3080753157351387E-014   1.8995604757855157E-016   2.8126585662295232E-016  -1.1487451039099204E-014   3.9656302240351099E-017  -1.1694594482905184E-014   6.1909876698250564E-016  -9.5147698255782546E-016   1.2545094622607530E-016  0.76650179733519608        5.5693312519144470E-015  -1.0679933452107160E-015  -1.6995265251415014E-015  -1.6297524332892456E-014   5.8235338016068082E-015   4.9438448613433717E-017  -7.7113989633120830E-015  -4.3152548311515483E-016  -5.0629520784015773E-015 -0.70596287496420163       -9.8587286750696318E-005
   3.7938030209508105E-018   3.4995919235501695E-016   4.6026863903304076E-016  -1.3080753157351387E-014   4.4520338489600318E-003  -8.9572391451214413E-017  -5.5116169180128512E-018  -2.2260169244801412E-003  -4.1014288218121232E-017  -2.2260169244797379E-003  -5.0073299277956683E-017   2.3325946947753734E-016   4.2031024427077104E-016  -1.9433776698667545E-014   4.5871256872744069E-017   2.0208468904415570E-016  -3.9916600020124006E-016   9.2776873682380689E-002  -4.4803076517356968E-016  -3.8495201645073316E-016  -4.6388436841192662E-002  -5.5235865523394713E-017  -4.6388436841187777E-002   1.7764153611900432E-014  -5.4322679748069071E-015
  -4.9874211436937888E-017   1.7957931310186195E-020  -3.2362527784399546E-017   1.8995604757855157E-016  -8.9572391451214413E-017   4.4520338489599832E-003   1.0617337591558444E-016   7.6074939066001107E-017  -6.4600074490008774E-017   1.9392260980472359E-017   2.2163679617781683E-017   2.3907273374805638E-018   4.3612128675367824E-017  -4.0158662798807963E-016   4.2162819219506722E-017   5.4584366943048201E-016  -7.5320141538730748E-018  -1.3974093468683812E-015   9.2776873682380384E-002   8.1857375195729912E-016   7.6187023765742819E-016  -9.3142080161621695E-016   5.8527006415128490E-016   2.3949696545166606E-016   1.5939828516092987E-015
   4.4543397188919186E-018   3.4538247842010013E-018  -9.1410652044630828E-017   2.8126585662295232E-016  -5.5116169180128512E-018   1.0617337591558444E-016   4.4520338489604065E-003   3.4097197967970027E-017  -1.5162858549785393E-016  -4.7194968520233447E-017   8.5977855812213368E-018   2.3534715830188337E-018   1.6239977279217207E-018   4.5808736377749594E-016  -1.0345812292249089E-016   9.4376606807764546E-017   4.1290669021265313E-016   2.6405458037264032E-016   1.3246740784397271E-015   9.2776873682384867E-002   1.5539188670804861E-016  -1.2474677730687710E-015  -4.9620121786399594E-016  -4.0456002013108769E-016   7.7083825288291805E-016
   3.7792519776659490E-017   3.0717831238160253E-016   3.3476691543336496E-016  -1.1487451039099204E-014  -2.2260169244801412E-003   7.6074939066001107E-017   3.4097197967970027E-017   4.4520338489599538E-003   1.0206972007538741E-017  -2.2260169244799040E-003   3.8910795983396025E-017   2.1279341734119168E-016   1.8237099393932061E-016  -1.7867492432185775E-014  -4.6137646009464059E-016   4.4596397053117808E-018   4.2994901784315419E-016  -4.6388436841190428E-002   7.6088102932005915E-016   4.6437289607971941E-016   9.2776873682379857E-002  -4.1570407699638196E-016  -4.6388436841189463E-002   1.6449454542548581E-014  -5.5699109121705528E-015
  -1.0344732023243324E-016   4.0749659270461812E-018   1.3996153437919472E-016   3.9656302240351099E-017  -4.1014288218121232E-017  -6.4600074490008774E-017  -1.5162858549785393E-016   1.0206972007538741E-017   4.4520338489600969E-003   3.9285017516737832E-017  -8.7289223773184414E-017   4.1388569783895559E-018   9.5775558061395586E-017   1.4306225859563593E-016  -2.1116644528018442E-017   4.0339425395819019E-017   5.7930406829935071E-016  -7.9637614184375839E-016  -4.0197152886924685E-016  -1.7876240716646272E-015   6.1197569279795496E-016   9.2776873682381619E-002   7.9902311980391230E-017  -8.5350301151709587E-017   8.1560349264398520E-016
  -1.0327621038821124E-016   3.2146797162449204E-016   4.6567453293992692E-016  -1.1694594482905184E-014  -2.2260169244797379E-003   1.9392260980472359E-017  -4.7194968520233447E-017  -2.2260169244799040E-003   3.9285017516737832E-017   4.4520338489595817E-003  -3.0811716223241555E-017   2.1514779361801389E-016   2.4598903237240609E-016  -1.8511472766864306E-014   2.6045921963067538E-016  -6.4186951655607633E-017  -1.4104473124459245E-015  -4.6388436841187090E-002  -1.9000824721673087E-016  -4.6722655007902950E-016  -4.6388436841189110E-002   6.4760920421864740E-016   9.2776873682375985E-002   1.7000581043431153E-014  -5.5956741101840875E-015
  0.28916735975890728       -2.9937107433243403E-016  -8.1089955776815244E-017   6.1909876698250564E-016  -5.0073299277956683E-017   2.2163679617781683E-017   8.5977855812213368E-018   3.8910795983396025E-017  -8.7289223773184414E-017  -3.0811716223241555E-017  0.19526902714069269       -2.1991328543921629E-016  -1.2499333309335630E-016   5.5230731020625743E-016  -1.2082252028314162E-002   8.8795741027533359E-017  -5.7255099590861909E-016  -8.2190463549657705E-016   1.3154929981912972E-015   6.7066982807126353E-017   2.8416829182742425E-016  -2.0901023154360057E-016   5.4390523617070909E-016  -6.0719328679364982E-016  -3.1397891369217095E-016
   3.2566529557661474E-018  0.28916735975891056        2.5545499358963706E-017  -9.5147698255782546E-016   2.3325946947753734E-016   2.3907273374805638E-018   2.3534715830188337E-018   2.1279341734119168E-016   4.1388569783895559E-018   2.1514779361801389E-016  -2.1991328543921629E-016  0.19526902714069999       -9.0787759498335778E-018  -5.4654835276133678E-016   1.3015739216336594E-016  -1.2082252028323755E-002   1.7366994450240715E-016  -3.1203390586873095E-017   8.2656007559541736E-018  -6.4689376899767447E-018   1.2547568983825384E-016   1.6355806332145349E-017   6.8572998838360594E-017   6.6639331139606387E-016  -1.1411784187352759E-015
  -2.9549454737336531E-016  -1.5320901042467790E-016  0.28916735975891289        1.2545094622607530E-016   4.2031024427077104E-016   4.3612128675367824E-017   1.6239977279217207E-018   1.8237099393932061E-016   9.5775558061395586E-017   2.4598903237240609E-016  -1.2499333309335630E-016  -9.0787759498335778E-018  0.19526902714070082       -1.6287547919961417E-015   1.0219174178890626E-015  -3.2228213979597103E-016  -1.2082252028318592E-002   2.7430737886932459E-015   7.2892299556720822E-016   9.0038659763705615E-016   4.3524985349729053E-016   9.6681863554090225E-018   3.7079560244363119E-016   4.2460407827847712E-016  -2.5255284978171277E-015
  -2.9761383688206121E-016   2.3650637725103681E-016  -2.8054691323207388E-015  0.76650179733519608       -1.9433776698667545E-014  -4.0158662798807963E-016   4.5808736377749594E-016  -1.7867492432185775E-014   1.4306225859563593E-016  -1.8511472766864306E-014   5.5230731020625743E-016  -5.4654835276133678E-016  -1.6287547919961417E-015   1.1753001597844770       -6.9369403966375090E-015   8.0566122462014714E-016   5.1203815582626083E-015  -1.0741999827275650E-014  -5.9931386290175420E-015   4.2869177088035753E-016  -1.5817885426756560E-014   8.3612003721748027E-016  -1.8557277380703310E-014  -1.0821648526076153        2.6808944551278871E-002
  -2.3839604841073836E-002  -2.9609876320956386E-016  -1.0005558392206285E-015   5.5693312519144470E-015   4.5871256872744069E-017   4.2162819219506722E-017  -1.0345812292249089E-016  -4.6137646009464059E-016  -2.1116644528018442E-017   2.6045921963067538E-016  -1.2082252028314162E-002   1.3015739216336594E-016   1.0219174178890626E-015  -6.9369403966375090E-015   2.0026943384595741        1.2016313792214811E-016   6.6531665938476890E-016  -3.2677476832187672E-016  -2.9095731496083990E-016   1.6734935581383140E-016  -3.0713872813165609E-016   6.6723568612711468E-017   3.9062298427273836E-016   4.0545984767109126E-015  -2.5990781102043911E-015
  -2.5116970046747256E-016  -2.3839604841067841E-002   2.5073085799145648E-016  -1.0679933452107160E-015   2.0208468904415570E-016   5.4584366943048201E-016   9.4376606807764546E-017   4.4596397053117808E-018   4.0339425395819019E-017  -6.4186951655607633E-017   8.8795741027533359E-017  -1.2082252028323755E-002  -3.2228213979597103E-016   8.0566122462014714E-016   1.2016313792214811E-016   2.0026943384595652       -4.2025709415483689E-016  -1.1402634709663894E-016   3.4955057407817722E-017  -4.0878273589634840E-017  -1.7016963623506916E-016  -1.7152280889119834E-017  -8.8625026793484038E-017  -2.5035858023070602E-016   1.4688884069833689E-016
   4.4946401771219469E-016  -7.5241883765040222E-017  -2.3839604841071248E-002  -1.6995265251415014E-015  -3.9916600020124006E-016  -7.5320141538730748E-018   4.1290669021265313E-016   4.2994901784315419E-016   5.7930406829935071E-016  -1.4104473124459245E-015  -5.7255099590861909E-016   1.7366994450240715E-016  -1.2082252028318592E-002   5.1203815582626083E-015   6.6531665938476890E-016  -4.2025709415483689E-016   2.0026943384595657       -5.6604539280439711E-016   2.3587666870027066E-016   5.0413978702677840E-016  -2.6203405761138379E-015  -1.2993769930708038E-016  -1.9676604409925133E-015  -6.1254553546270266E-015   7.3466666548460835E-015
   4.1096524406550656E-016   6.2006272352096741E-017   6.6102496703643233E-016  -1.6297524332892456E-014   9.2776873682380689E-002  -1.3974093468683812E-015   2.6405458037264032E-016  -4.6388436841190428E-002  -7.9637614184375839E-016  -4.6388436841187090E-002  -8.2190463549657705E-016  -3.1203390586873095E-017   2.7430737886932459E-015  -1.0741999827275650E-014  -3.2677476832187672E-016  -1.1402634709663894E-016  -5.6604539280439711E-016   1.9333968658587568        4.4138807472080956E-016  -1.2585893156662649E-016 -0.96669843292937396        6.4482924208579653E-017 -0.96669843292937752        8.2426283073870701E-015  -1.2390205134668420E-014
   2.2807487862369951E-016  -2.7466970630192935E-017  -9.4198008537208376E-016   5.8235338016068082E-015  -4.4803076517356968E-016   9.2776873682380384E-002   1.3246740784397271E-015   7.6088102932005915E-016  -4.0197152886924685E-016  -1.9000824721673087E-016   1.3154929981912972E-015   8.2656007559541736E-018   7.2892299556720822E-016  -5.9931386290175420E-015  -2.9095731496083990E-016   3.4955057407817722E-017   2.3587666870027066E-016   4.4138807472080956E-016   1.9333968658587648       -1.4445927745646986E-015  -1.3042948627755003E-015   2.6720670760673575E-016  -1.8454931508629821E-016   2.3983184869040501E-015  -2.0676899164422609E-015
  -8.0067839142211234E-017  -4.2585546356964961E-018  -5.9778446939928736E-016   4.9438448613433717E-017  -3.8495201645073316E-016   8.1857375195729912E-016   9.2776873682384867E-002   4.6437289607971941E-016  -1.7876240716646272E-015  -4.6722655007902950E-016   6.7066982807126353E-017  -6.4689376899767447E-018   9.0038659763705615E-016   4.2869177088035753E-016   1.6734935581383140E-016  -4.0878273589634840E-017   5.0413978702677840E-016  -1.2585893156662649E-016  -1.4445927745646986E-015   1.9333968658587681       -1.8920996564778191E-015   2.5992391832624362E-015   4.1841733528467489E-016  -2.0810767115948069E-016   8.2372899231709546E-016
  -1.9963287327238878E-017   2.1916241774154036E-017   2.0278611350676412E-015  -7.7113989633120830E-015  -4.6388436841192662E-002   7.6187023765742819E-016   1.5539188670804861E-016   9.2776873682379857E-002   6.1197569279795496E-016  -4.6388436841189110E-002   2.8416829182742425E-016   1.2547568983825384E-016   4.3524985349729053E-016  -1.5817885426756560E-014  -3.0713872813165609E-016  -1.7016963623506916E-016  -2.6203405761138379E-015 -0.96669843292937396       -1.3042948627755003E-015  -1.8920996564778191E-015   1.9333968658587561       -3.4246389090438193E-016 -0.96669843292938284        1.5597722924552214E-014  -1.3927121112638258E-014
   2.2667497400762510E-016  -1.6024465357188862E-017   1.1978410676873634E-017  -4.3152548311515483E-016  -5.5235865523394713E-017  -9.3142080161621695E-016  -1.2474677730687710E-015  -4.1570407699638196E-016   9.2776873682381619E-002   6.4760920421864740E-016  -2.0901023154360057E-016   1.6355806332145349E-017   9.6681863554090225E-018   8.3612003721748027E-016   6.6723568612711468E-017  -1.7152280889119834E-017  -1.2993769930708038E-016   6.4482924208579653E-017   2.6720670760673575E-016   2.5992391832624362E-015  -3.4246389090438193E-016   1.9333968658587675       -1.8996848365204726E-015   1.5419543746746286E-017   1.1516825684815762E-015
  -3.8114501468978785E-016   1.5830727789536979E-016   2.5815449698165630E-015  -5.0629520784015773E-015  -4.6388436841187777E-002   5.8527006415128490E-016  -4.9620121786399594E-016  -4.6388436841189463E-002   7.9902311980391230E-017   9.2776873682375985E-002   5.4390523617070909E-016   6.8572998838360594E-017   3.7079560244363119E-016  -1.8557277380703310E-014   3.9062298427273836E-016  -8.8625026793484038E-017  -1.9676604409925133E-015 -0.96669843292937752       -1.8454931508629821E-016   4.1841733528467489E-016 -0.96669843292938284       -1.8996848365204726E-015   1.9333968658587557        1.7249137039452527E-014  -1.4163957510953127E-014
   1.4574681778747066E-016   3.8862414335260011E-017   1.0009548300962325E-015 -0.70596287496420163        1.7764153611900432E-014   2.3949696545166606E-016  -4.0456002013108769E-016   1.6449454542548581E-014  -8.5350301151709587E-017   1.7000581043431153E-014  -6.0719328679364982E-016   6.6639331139606387E-016   4.2460407827847712E-016  -1.0821648526076153        4.0545984767109126E-015  -2.5035858023070602E-016  -6.1254553546270266E-015   8.2426283073870701E-015   2.3983184869040501E-015  -2.0810767115948069E-016   1.5597722924552214E-014   1.5419543746746286E-017   1.7249137039452527E-014  0.99666878159069827       -2.1131948184798335E-003
   4.6401219840882044E-016  -2.2691571457900547E-016  -3.2933396565768786E-015  -9.8587286750696318E-005  -5.4322679748069071E-015   1.5939828516092987E-015   7.7083825288291805E-016  -5.5699109121705528E-015   8.1560349264398520E-016  -5.5956741101840875E-015  -3.1397891369217095E-016  -1.1411784187352759E-015  -2.5255284978171277E-015   2.6808944551278871E-002  -2.5990781102043911E-015   1.4688884069833689E-016   7.3466666548460835E-015  -1.2390205134668420E-014  -2.0676899164422609E-015   8.2372899231709546E-016  -1.3927121112638258E-014   1.1516825684815762E-015  -1.4163957510953127E-014  -2.1131948184798335E-003   1.9688994381028293     
