  0.48381088165840103       -2.8327245127620691E-016  -2.8796267812169179E-017  -1.6313214298481420E-016  -7.3937450934369494E-017  -2.0659503367721632E-017   8.3058723408097981E-019   7.8959521827653301E-017   1.3330497419661070E-016   1.7151466918239534E-017  -5.4596965652097445E-016  0.40155604618949808       -2.2529950059590146E-016  -4.6011810351935867E-017  -1.8079995907172054E-002   4.7348592944751857E-016  -2.3789649786646525E-016  -3.0989642250291708E-016   2.3376601042431953E-016   5.6120948075998268E-017  -2.4043056341460234E-017   1.7729688913634513E-016   2.6993096414709651E-016   4.7220814308461917E-016  -3.5970318079115652E-016
  -2.8327245127620691E-016  0.48381088165840030        2.1207828271194447E-016  -1.8103337634006710E-016   2.1840067654903154E-016  -1.8428754861700238E-017  -2.0799815429515309E-017   3.1100711856814717E-016   5.7868077187895668E-017   3.2313869005743460E-016  -3.9879836447660010E-016   2.9759534890074382E-016  0.40155604618949930        1.3435818966483631E-016  -5.8697269191658890E-016  -1.8079995907173570E-002   3.5502564668262001E-015   8.6558372366804541E-016  -2.6565908514400437E-016  -2.9634372358030221E-017  -8.9642187979948954E-017   1.8373508146859614E-016   8.6705457385239609E-017   1.6781258654925723E-016  -1.6243042191431425E-015
  -2.8796267812169179E-017   2.1207828271194447E-016  0.48381088165839414        3.0676485266457196E-016   2.2222127469499631E-016  -1.4127667739303414E-016   5.0013794363236924E-017   6.9305061486773655E-017  -6.9322589315592156E-018  -5.2145750853401543E-018   5.5303755267433429E-015   2.9885520480638914E-016   7.6065562813493059E-016  0.40155604618950075       -3.8592685652298168E-016   2.2972474695638663E-016  -1.8079995907173955E-002  -1.3528820250256487E-015  -1.2234245860792432E-015   1.6653249806139647E-016   2.5649923297795452E-016   1.6318911776995420E-018   2.4303878225520120E-016  -3.9490846877631484E-015  -7.1048495208833911E-016
  -1.6313214298481420E-016  -1.8103337634006710E-016   3.0676485266457196E-016  0.48034710621923915       -1.7449733161091432E-014   1.2888983699923700E-016   3.2821689710892970E-016  -2.2304651858509490E-014  -4.4000209647466430E-017  -1.4694438232711800E-014  0.78027860646744873       -5.0590706925245983E-016  -1.7913801267356636E-016  -1.3796546151631601E-015   7.5587961243709834E-016   6.4661592921119821E-015  -2.4638794504257764E-015  -1.2159568681572857E-014   1.0043143126303640E-015  -8.5579839851494609E-016  -4.1908944367959792E-014   4.2516270570097514E-016  -1.2226977289099296E-014 -0.73063049412496162       -2.0186657928913244E-003
  -7.3937450934369494E-017   2.1840067654903154E-016   2.2222127469499631E-016  -1.7449733161091432E-014   3.8303919736379813E-003  -1.0440227014117427E-017   3.7580681347732002E-017  -1.9151959868184104E-003  -2.9807501349820522E-017  -1.9151959868189872E-003  -3.0815585066842697E-014  -2.0052237856917563E-017   1.4370942090371533E-016   2.2618688487850675E-016  -2.1550908524061864E-017  -9.7777597052832600E-016   1.3038961217191770E-015   8.6146724154809159E-002  -8.3384617951277932E-016   1.2551626438780934E-015  -4.3073362077396850E-002  -3.4838438650789761E-016  -4.3073362077410353E-002   2.7840168974265962E-014  -1.0908775685486495E-014
  -2.0659503367721632E-017  -1.8428754861700238E-017  -1.4127667739303414E-016   1.2888983699923700E-016  -1.0440227014117427E-017   3.8303919736386144E-003  -2.8749886416586988E-017   1.5827954113924942E-016  -1.1676206241090683E-016  -2.2560314915512744E-016   2.4110443797735492E-016  -3.1143419300289350E-017  -2.0634780449242798E-018  -1.7463001148416015E-017   8.6941037456610589E-016   8.4084619848370836E-017   2.1809176930275300E-016   3.8671156857996630E-016   8.6146724154815141E-002  -4.4175986924511324E-016   1.9248603497787646E-015  -1.6855879417395324E-015  -2.6731148558231200E-015  -1.2296051503957640E-016   2.2728554206207743E-016
   8.3058723408097981E-019  -2.0799815429515309E-017   5.0013794363236924E-017   3.2821689710892970E-016   3.7580681347732002E-017  -2.8749886416586988E-017   3.8303919736381764E-003  -1.9102075268258564E-017   9.8020664359517303E-017  -8.7044811429113699E-018   5.9069465585592738E-016  -2.2346604658559907E-017  -2.0774027154854750E-017   2.4503542344971016E-017  -4.0618659816378153E-018  -4.7973049281435813E-016   5.4511103972089135E-016  -3.8858345845385985E-016  -1.1337535998998788E-016   8.6146724154810173E-002   1.0518455138988496E-017   1.1418817280617333E-015   3.9552372878627058E-016  -5.4401991529208741E-016  -1.2769701272224068E-016
   7.8959521827653301E-017   3.1100711856814717E-016   6.9305061486773655E-017  -2.2304651858509490E-014  -1.9151959868184104E-003   1.5827954113924942E-016  -1.9102075268258564E-017   3.8303919736383959E-003   2.4921112206544393E-017  -1.9151959868190793E-003  -3.4995977107293168E-014   5.1180029147337209E-017   2.6857264031194672E-016   3.4968718937437524E-017   5.0655938279907394E-016  -2.9188112206432261E-015   1.6519099795160092E-015  -4.3073362077397384E-002   1.3485924955426064E-015  -3.3246551399500716E-016   8.6146724154813933E-002   2.7935316007036291E-016  -4.3073362077413926E-002   3.2331843002289908E-014  -6.4268405849014855E-015
   1.3330497419661070E-016   5.7868077187895668E-017  -6.9322589315592156E-018  -4.4000209647466430E-017  -2.9807501349820522E-017  -1.1676206241090683E-016   9.8020664359517303E-017   2.4921112206544393E-017   3.8303919736383920E-003  -3.8929660725584392E-017  -7.2600669718877708E-017   6.0298002972909470E-017   4.0764241677462255E-017   2.1870825278609168E-017   1.7100719935531669E-016  -7.1330806125886986E-016   9.3341851063412265E-016  -3.5061541835140239E-016  -9.7858478725941847E-016   1.0926538672332078E-015   1.6037891229902746E-016   8.6146724154812726E-002   1.7926774702279932E-016   5.7123291649450385E-017  -3.3379392465014441E-016
   1.7151466918239534E-017   3.2313869005743460E-016  -5.2145750853401543E-018  -1.4694438232711800E-014  -1.9151959868189872E-003  -2.2560314915512744E-016  -8.7044811429113699E-018  -1.9151959868190793E-003  -3.8929660725584392E-017   3.8303919736365766E-003  -2.2920085837150842E-014  -1.3912438464476109E-017   2.7581527743566497E-016  -1.1202070352198902E-017  -9.0938744933124320E-016  -3.0867640883678643E-015   1.4241352394322126E-015  -4.3073362077398647E-002  -2.2636819990099714E-015  -7.0287471589520415E-016  -4.3073362077396704E-002  -9.1640494563442734E-016   8.6146724154790771E-002   2.2688802402493460E-014  -1.8208412224906402E-015
  -5.4596965652097445E-016  -3.9879836447660010E-016   5.5303755267433429E-015  0.78027860646744873       -3.0815585066842697E-014   2.4110443797735492E-016   5.9069465585592738E-016  -3.4995977107293168E-014  -7.2600669718877708E-017  -2.2920085837150842E-014   1.2679136689165416       -1.0656622041995238E-015  -3.6085341825929796E-016   1.9714149727866390E-015   7.4133176767122708E-017   1.6820240663987235E-015  -3.4359283894884968E-015  -7.2055421717666520E-014   2.3257468530488190E-015  -5.5453679175810178E-017  -3.8608595151809907E-014   7.9989742388441185E-016   2.6948956225739483E-015  -1.1869024317737893        2.5635817268450614E-002
  0.40155604618949808        2.9759534890074382E-016   2.9885520480638914E-016  -5.0590706925245983E-016  -2.0052237856917563E-017  -3.1143419300289350E-017  -2.2346604658559907E-017   5.1180029147337209E-017   6.0298002972909470E-017  -1.3912438464476109E-017  -1.0656622041995238E-015  0.33330147945519661        2.5497501263863813E-016   2.3099420088854893E-016  -9.3893747669639583E-003  -6.6521540165551911E-016  -3.2593987731930322E-016   6.7425615376031637E-016  -1.8383742201221258E-016  -4.7105364165258557E-016  -3.7478365750599690E-016  -1.0003639090474757E-015  -3.5171125862710737E-016   9.5562863575074961E-016  -7.9793669900958258E-016
  -2.2529950059590146E-016  0.40155604618949930        7.6065562813493059E-016  -1.7913801267356636E-016   1.4370942090371533E-016  -2.0634780449242798E-018  -2.0774027154854750E-017   2.6857264031194672E-016   4.0764241677462255E-017   2.7581527743566497E-016  -3.6085341825929796E-016   2.5497501263863813E-016  0.33330147945519917        5.7733497041577925E-016   4.9072683951425472E-016  -9.3893747669604472E-003  -3.8144341021712197E-015  -7.0379356613543185E-017   7.3310772735781920E-017  -7.3059351771882066E-017   3.2759337587789406E-016   3.4446821254773320E-017   4.2163276883538542E-016   2.0244173789794308E-016   1.5238214714290445E-015
  -4.6011810351935867E-017   1.3435818966483631E-016  0.40155604618950075       -1.3796546151631601E-015   2.2618688487850675E-016  -1.7463001148416015E-017   2.4503542344971016E-017   3.4968718937437524E-017   2.1870825278609168E-017  -1.1202070352198902E-017   1.9714149727866390E-015   2.3099420088854893E-016   5.7733497041577925E-016  0.33330147945520577        2.5216527740622857E-016   6.0090660365314716E-018  -9.3893747669610682E-003  -2.6604552596046006E-016   1.2142324714311155E-015  -2.7967659868253347E-016  -3.9066630334373966E-016   5.6312817892723878E-016  -3.3249791802618004E-017  -7.9384504197463360E-016   1.7075107633063617E-015
  -1.8079995907172054E-002  -5.8697269191658890E-016  -3.8592685652298168E-016   7.5587961243709834E-016  -2.1550908524061864E-017   8.6941037456610589E-016  -4.0618659816378153E-018   5.0655938279907394E-016   1.7100719935531669E-016  -9.0938744933124320E-016   7.4133176767122708E-017  -9.3893747669639583E-003   4.9072683951425472E-016   2.5216527740622857E-016   2.0025725415150997        1.4031831557764501E-016  -3.0130189179661604E-015   2.7855324993882745E-016  -2.9547072739829338E-015   6.8790532095544045E-017   6.3745179360249847E-017  -1.4957746901006531E-015  -2.3630809412013804E-017  -1.4931395073041266E-015   8.4580900650072791E-016
   4.7348592944751857E-016  -1.8079995907173570E-002   2.2972474695638663E-016   6.4661592921119821E-015  -9.7777597052832600E-016   8.4084619848370836E-017  -4.7973049281435813E-016  -2.9188112206432261E-015  -7.1330806125886986E-016  -3.0867640883678643E-015   1.6820240663987235E-015  -6.6521540165551911E-016  -9.3893747669604472E-003   6.0090660365314716E-018   1.4031831557764501E-016   2.0025725415151006       -3.1612483162586510E-015  -1.9033525734402808E-015   5.3449164515771946E-016   6.0913663260098747E-017  -5.7988366152111299E-015   1.6305103777714734E-016  -5.5664969031851417E-015  -8.0008343774372937E-016   8.5038490486948972E-015
  -2.3789649786646525E-016   3.5502564668262001E-015  -1.8079995907173955E-002  -2.4638794504257764E-015   1.3038961217191770E-015   2.1809176930275300E-016   5.4511103972089135E-016   1.6519099795160092E-015   9.3341851063412265E-016   1.4241352394322126E-015  -3.4359283894884968E-015  -3.2593987731930322E-016  -3.8144341021712197E-015  -9.3893747669610682E-003  -3.0130189179661604E-015  -3.1612483162586510E-015   2.0025725415151063        3.1371697978324355E-016  -4.2691620084124505E-016  -3.2127443645308320E-016   2.8700318887784054E-015  -2.2325441098471029E-016   3.3710973534551571E-015   4.9451931278987258E-015  -5.8632840704931573E-015
  -3.0989642250291708E-016   8.6558372366804541E-016  -1.3528820250256487E-015  -1.2159568681572857E-014   8.6146724154809159E-002   3.8671156857996630E-016  -3.8858345845385985E-016  -4.3073362077397384E-002  -3.5061541835140239E-016  -4.3073362077398647E-002  -7.2055421717666520E-014   6.7425615376031637E-016  -7.0379356613543185E-017  -2.6604552596046006E-016   2.7855324993882745E-016  -1.9033525734402808E-015   3.1371697978324355E-016   1.9374670095594189       -4.7753599983829451E-015   4.8079114745458080E-016 -0.96873350477966724       -6.4368235947517134E-016 -0.96873350477970754        4.7219533330636794E-014  -2.5563455453106144E-014
   2.3376601042431953E-016  -2.6565908514400437E-016  -1.2234245860792432E-015   1.0043143126303640E-015  -8.3384617951277932E-016   8.6146724154815141E-002  -1.1337535998998788E-016   1.3485924955426064E-015  -9.7858478725941847E-016  -2.2636819990099714E-015   2.3257468530488190E-015  -1.8383742201221258E-016   7.3310772735781920E-017   1.2142324714311155E-015  -2.9547072739829338E-015   5.3449164515771946E-016  -4.2691620084124505E-016  -4.7753599983829451E-015   1.9374670095593678        2.0569483616394990E-015  -6.4390224922827992E-015  -8.5809180941365248E-016   3.0831999280056371E-015   1.1897465217295367E-016   3.7986951762028836E-015
   5.6120948075998268E-017  -2.9634372358030221E-017   1.6653249806139647E-016  -8.5579839851494609E-016   1.2551626438780934E-015  -4.4175986924511324E-016   8.6146724154810173E-002  -3.3246551399500716E-016   1.0926538672332078E-015  -7.0287471589520415E-016  -5.5453679175810178E-017  -4.7105364165258557E-016  -7.3059351771882066E-017  -2.7967659868253347E-016   6.8790532095544045E-017   6.0913663260098747E-017  -3.2127443645308320E-016   4.8079114745458080E-016   2.0569483616394990E-015   1.9374670095593653        2.4214300269748032E-015   6.7502427258947506E-016  -2.5095485585435855E-015   2.8849999340715613E-016  -6.7117490047908708E-017
  -2.4043056341460234E-017  -8.9642187979948954E-017   2.5649923297795452E-016  -4.1908944367959792E-014  -4.3073362077396850E-002   1.9248603497787646E-015   1.0518455138988496E-017   8.6146724154813933E-002   1.6037891229902746E-016  -4.3073362077396704E-002  -3.8608595151809907E-014  -3.7478365750599690E-016   3.2759337587789406E-016  -3.9066630334373966E-016   6.3745179360249847E-017  -5.7988366152111299E-015   2.8700318887784054E-015 -0.96873350477966724       -6.4390224922827992E-015   2.4214300269748032E-015   1.9374670095594237       -2.7157909168046279E-015 -0.96873350477969766        2.7638199386690763E-014  -3.2451362149867307E-014
   1.7729688913634513E-016   1.8373508146859614E-016   1.6318911776995420E-018   4.2516270570097514E-016  -3.4838438650789761E-016  -1.6855879417395324E-015   1.1418817280617333E-015   2.7935316007036291E-016   8.6146724154812726E-002  -9.1640494563442734E-016   7.9989742388441185E-016  -1.0003639090474757E-015   3.4446821254773320E-017   5.6312817892723878E-016  -1.4957746901006531E-015   1.6305103777714734E-016  -2.2325441098471029E-016  -6.4368235947517134E-016  -8.5809180941365248E-016   6.7502427258947506E-016  -2.7157909168046279E-015   1.9374670095593716        3.1127444372058832E-015  -8.8683568877950253E-016   1.6526552220171292E-015
   2.6993096414709651E-016   8.6705457385239609E-017   2.4303878225520120E-016  -1.2226977289099296E-014  -4.3073362077410353E-002  -2.6731148558231200E-015   3.9552372878627058E-016  -4.3073362077413926E-002   1.7926774702279932E-016   8.6146724154790771E-002   2.6948956225739483E-015  -3.5171125862710737E-016   4.2163276883538542E-016  -3.3249791802618004E-017  -2.3630809412013804E-017  -5.5664969031851417E-015   3.3710973534551571E-015 -0.96873350477970754        3.0831999280056371E-015  -2.5095485585435855E-015 -0.96873350477969766        3.1127444372058832E-015   1.9374670095593023        2.6021494635288965E-014   3.9338597317844068E-014
   4.7220814308461917E-016   1.6781258654925723E-016  -3.9490846877631484E-015 -0.73063049412496162        2.7840168974265962E-014  -1.2296051503957640E-016  -5.4401991529208741E-016   3.2331843002289908E-014   5.7123291649450385E-017   2.2688802402493460E-014  -1.1869024317737893        9.5562863575074961E-016   2.0244173789794308E-016  -7.9384504197463360E-016  -1.4931395073041266E-015  -8.0008343774372937E-016   4.9451931278987258E-015   4.7219533330636794E-014   1.1897465217295367E-016   2.8849999340715613E-016   2.7638199386690763E-014  -8.8683568877950253E-016   2.6021494635288965E-014   1.1113323416125265       -1.1548948861266185E-003
  -3.5970318079115652E-016  -1.6243042191431425E-015  -7.1048495208833911E-016  -2.0186657928913244E-003  -1.0908775685486495E-014   2.2728554206207743E-016  -1.2769701272224068E-016  -6.4268405849014855E-015  -3.3379392465014441E-016  -1.8208412224906402E-015   2.5635817268450614E-002  -7.9793669900958258E-016   1.5238214714290445E-015   1.7075107633063617E-015   8.4580900650072791E-016   8.5038490486948972E-015  -5.8632840704931573E-015  -2.5563455453106144E-014   3.7986951762028836E-015  -6.7117490047908708E-017  -3.2451362149867307E-014   1.6526552220171292E-015   3.9338597317844068E-014  -1.1548948861266185E-003   1.9690692727056758     
