 6.1411129095634498E-001 -8.9221026917791179E-016 -7.5778034144722528E-016  1.8338097024692175E-016  5.8051381306757044E-001  2.7788567091977231E-006 -7.1268510833543686E-003  3.8255211541231772E-014  1.1144796185952531E-014 -9.2844401709207772E-015 -3.6537010983709369E-014 -1.0528450714567580E-014  8.5271868573514005E-015  6.2264681761090011E-015 -4.0317140652184477E-016  4.9666576985897515E-016 -2.6598496657634008E-014  8.4377284451567646E-016 -5.8116875621750195E-016 -2.4292539832970978E-014 -1.3565927410396655E-015 -2.9803242592340892E-014  1.3148291529235453E-014 -9.1261779647997756E-017  8.3698421518647343E-017  1.2963142689548866E-014  9.2913605969122162E-017  1.4115431404382280E-014  4.0552996290420359E-014  1.3935955054364886E-015 -1.1234387243878765E-015  3.6161668617227735E-014 -1.2719576849747370E-015  1.4108972911113491E-014  1.5621062756963102E-016  6.6639251019998108E-017 -2.8604001392646765E-017  7.0629730284308466E-017  7.2477417048165574E-021  7.0625417520276437E-017  1.5598927643244438E-016  3.0819797164701811E-019  6.6655506907453494E-017 -3.5384806949008741E-017
-8.9221026917791179E-016  7.4669555638093049E-006  4.7462644166450775E-017 -4.3118635696458513E-017 -8.3883536294446227E-016  4.8309409922744581E-018 -2.6359780502943108E-015  2.3931267391023056E-008 -1.4941877844711898E-015  9.3334939141235781E-016 -2.4653483211670434E-008  1.4664658916501040E-015 -9.1401755928452294E-016 -3.8650998209516442E-003 -8.9581120299442681E-015  8.9083471502271030E-015  4.8558394691486013E-016  8.9982289156233973E-017  3.7944929394584829E-016  2.1930841507424184E-017  4.0047557528466412E-016 -5.0970835759968564E-016  2.8281553622733926E-018  3.8360325504830563E-018 -7.4122700479218658E-019  1.9402625818014625E-018 -5.7631705070006321E-018 -4.2136258586185814E-018  2.2091847026046109E-015  4.1855888802485105E-016  1.7129980313406788E-015  1.4302424886472284E-016  1.7921130634875747E-015 -2.3509241905876418E-015  2.3533979198114399E-017  6.4521962928643596E-019 -1.3135412972978545E-018 -1.4007462712300392E-018 -1.4767590356151024E-018 -8.6388541613532427E-019  3.3895848352280386E-018  1.4738884725352405E-018  3.1560654507631079E-019 -2.8219253804969928E-018
-7.5778034144722528E-016  4.7462644166450775E-017  7.4669555636466636E-006 -1.1963705105256776E-016 -7.2659867010225615E-016 -3.2276890650970975E-018 -2.2957358227433648E-015 -1.3728473551247795E-015  2.3931271003780283E-008  2.3474899385511132E-015  1.3572822718957702E-015 -2.4653486759343000E-008 -2.2954091400619628E-015 -1.5848433676523968E-014 -3.8650998209092580E-003  3.0499908154624153E-014 -2.0452316238214656E-016  1.2112047937486453E-016 -3.3479199726762549E-016  6.7211118309948447E-016  3.5080422795124281E-016 -4.6770486002188300E-016 -7.4033295610496481E-018  1.4571359392899961E-018  1.6829529365052774E-019  2.4428491692968042E-018 -1.2359019692900902E-019  5.8047052817913777E-018 -9.6801732076976888E-016  5.6636918653688723E-016 -1.5186185687713658E-015  3.0020775283239066E-015  1.5759992862096676E-015 -2.0316152178306054E-015  6.2927154524088595E-018  7.0877562652981857E-018  2.6099849356405693E-018  3.2473992166585879E-018  3.4345989772902728E-019  2.5806374851643261E-018  2.4415012724889307E-017  1.5159993035049934E-018 -4.9757500927014594E-019  5.3721393160781909E-018
 1.8338097024692175E-016 -4.3118635696458513E-017 -1.1963705105256776E-016  7.4669555638168503E-006  1.8580295479650691E-016  7.3869119494682196E-018  6.9385732359088724E-016  1.1497467300707324E-015  2.1857424129152286E-015  2.3931267193816140E-008 -1.1338304946096239E-015 -2.1342852101731860E-015 -2.4653483003548063E-008  1.3587980567108971E-014  3.1770376260342736E-014 -3.8650998209535919E-003 -2.3908768089916637E-016  3.3925981976871611E-017 -1.4622767213644455E-017 -6.3437253526957914E-016 -4.8726795283311348E-016  8.7458121269732930E-016 -2.4218222152629222E-018 -1.2851473889023640E-018  5.3589638470970804E-019 -3.4969098776404100E-020  1.0180080203118953E-018  3.5377740882076887E-018 -1.0906365721989771E-015  1.2403191138717058E-016 -5.6296720481274396E-017 -2.8359569187189406E-015 -2.2078113514475263E-015  3.9290599959419394E-015 -2.6209628504505238E-018  2.8413535624806762E-018  8.9122229836261478E-018 -1.0983199372789194E-018  3.2136230524553890E-019 -1.9475300707924711E-018  3.1294304784126983E-018  1.5190868652586239E-018  1.7536547837612552E-018  2.2275110753597975E-018
 5.8051381306757044E-001 -8.3883536294446227E-016 -7.2659867010225615E-016  1.8580295479650691E-016  5.4877711532901374E-001  2.6274813557195660E-006  5.3051694723915688E-006  3.6161364611164036E-014  1.0979636682238926E-014 -9.1734377307085310E-015 -3.4530440076543548E-014 -1.0390774463103177E-014  8.4496447418868722E-015 -1.0954019886550798E-015  9.6258451305103939E-016 -4.8022852851237859E-015 -2.5207546039579178E-014  7.1168610820016666E-016 -6.5649560138809121E-016 -3.0656352148412119E-014 -1.4323339220871187E-015 -2.0069056038398861E-014  1.2378123935752469E-014 -8.8519063689021350E-017  8.0761695542991519E-017  1.2179409547385092E-014  9.1075611822460477E-017  1.3255911659350712E-014  3.7449728142158080E-014  9.2838674940513249E-016 -1.5442425408632800E-015 -1.2364282212914495E-015 -1.8742222187908572E-015  4.9333301384941486E-014  1.4817116818228105E-016  6.2927845014715152E-017 -2.7681104058131925E-017  6.7016638637452738E-017  7.0348995304814895E-021  6.7012412187673550E-017  1.4790859243288714E-016  3.2585664131393176E-019  6.2943604131713285E-017 -3.3630157694497890E-017
 2.7788567091977231E-006  4.8309409922744581E-018 -3.2276890650970975E-018  7.3869119494682196E-018  2.6274813557195660E-006  1.2593154940978745E-011  1.6188836034214097E-007  1.8857347488815697E-019  5.2898386133628864E-020 -2.9770793439826473E-020 -1.8107259667293018E-019 -4.9618019352830110E-020  2.5400418293475470E-020 -2.5028214249023694E-015  1.6688486639052527E-015 -3.8232014541719209E-015  7.0930704989822186E-015  6.9005191458340866E-016 -6.7151373534763459E-016 -6.0913213139320010E-015 -9.6895245829673812E-016 -1.0021043466412204E-015  6.7334351153713297E-020  4.2718563656118309E-022 -4.5459398744132197E-022  4.8524463861561274E-020 -7.5679816306551861E-022  6.0045033263829389E-020  3.2031746180303751E-014  3.1161399220167377E-015 -3.0324289523520736E-015 -2.7506675895742290E-014 -4.3755936814041747E-015 -4.5246681802480863E-015  7.2144342403934848E-022  2.9965312368045493E-022 -1.4791913877356158E-022  3.2682714364513967E-022  3.8084628905441061E-026  3.2680331936180911E-022  7.1890607400307873E-022  2.3885734822471077E-024  2.9973798735895344E-022 -1.6533455407878421E-022
-7.1268510833543686E-003 -2.6359780502943108E-015 -2.2957358227433648E-015  6.9385732359088724E-016  5.3051694723915688E-006  1.6188836034214097E-007  2.0033185551775889E+000 -7.3566347964513878E-016  1.3195994525996314E-013 -1.1783966803879599E-013  2.7142763845118066E-015 -1.3011421532448037E-013  1.1548122430518081E-013 -2.7454730407111820E-015  1.1751908806010237E-014 -1.1137469035254628E-014  2.9001908488019232E-014  6.2492894336975822E-017 -3.4462806448761958E-017  3.9765679873801471E-014 -4.5284283399042376E-016  3.5153458934888010E-014 -1.5256855957874270E-014 -6.6745975044197170E-016  4.8703687145409685E-016 -2.2291863956850635E-014  9.6319034711954058E-016 -2.6098423465817932E-014 -4.7563378057817161E-014  2.9203706707802493E-017  2.6607022880761664E-016 -2.4233866946440875E-014 -5.1573151783044262E-016 -2.0815294253807488E-014  1.4873141010404291E-016 -2.0273827044509059E-017 -1.9041753940545846E-016  7.3755893630070415E-017  5.4488880710080739E-020  7.3711485158004843E-017  1.3288739810861980E-016  1.0252863337377494E-017 -2.0157375237866697E-017 -5.3433375647543447E-017
 3.8255211541231772E-014  2.3931267391023056E-008 -1.3728473551247795E-015  1.1497467300707324E-015  3.6161364611164036E-014  1.8857347488815697E-019 -7.3566347964513878E-016  7.6698669765282227E-011 -9.1892106095597257E-018  6.6766747933698659E-018 -7.9013340017467608E-011  9.2331618424735657E-018 -6.7259358154603794E-018 -1.2387476598427948E-005  7.1067325633749212E-013 -5.9518324323105680E-013 -7.3631876213782332E-015 -2.3587956413851916E-015 -7.6495574002133286E-015 -5.9696966833004242E-015 -4.7000888637127640E-015  1.3332877274379539E-014 -5.9405192984235200E-022  9.2006002305590899E-021 -1.2408869238985670E-020 -1.6103300346850844E-021 -2.4636117437423620E-020  3.9824684012031964E-021 -3.3250784359783493E-014 -1.0651859600064769E-014 -3.4544033172238196E-014 -2.6957940301591039E-014 -2.1224812149082346E-014  6.0208728778982554E-014  7.5425376903624604E-020  2.0678999358756107E-021 -4.2098417686970002E-021 -4.4893315337895847E-021 -4.7329484106277506E-021 -2.7687158816256510E-021  1.0863467755874789E-020  4.7237483129004870E-021  1.0115055887872872E-021 -9.0441486057239550E-021
 1.1144796185952531E-014 -1.4941877844711898E-015  2.3931271003780283E-008  2.1857424129152286E-015  1.0979636682238926E-014  5.2898386133628864E-020  1.3195994525996314E-013 -9.1892106095597257E-018  7.6698692924414257E-011  1.4530042021430408E-017  9.2838601236719118E-018 -7.9013363317488130E-011 -1.4574570879714492E-017  7.7346028929555423E-013 -1.2387478468623580E-005 -1.1315006015274342E-012  8.2018728914424996E-015 -4.2464267827963172E-016  8.3236999388957974E-015 -9.1112039714457039E-015 -7.3313064414775714E-015  9.0933070554433256E-016 -1.2970510434530326E-020  4.1126687883999411E-021  1.1456535304559131E-020 -4.1220859999417378E-021 -1.0011892238583731E-020  1.9798298395633689E-020  3.7038046955694174E-014 -1.9175480874984015E-015  3.7588316816631221E-014 -4.1144671618913351E-014 -3.3106893323582017E-014  4.1066324993036904E-015  2.0167876547473821E-020  2.2715954280633690E-020  8.3648921721674207E-021  1.0407774592562850E-020  1.1007745727928517E-021  8.2708316042552692E-021  7.8249064553505034E-020  4.8587126263984060E-021 -1.5947060248682661E-021  1.7217476355175497E-020
-9.2844401709207772E-015  9.3334939141235781E-016  2.3474899385511132E-015  2.3931267193816140E-008 -9.1734377307085310E-015 -2.9770793439826473E-020 -1.1783966803879599E-013  6.6766747933698659E-018  1.4530042021430408E-017  7.6698668501126020E-011 -6.7159523531590688E-018 -1.4592213956767089E-017 -7.9013338699251297E-011 -4.8315508109686003E-013 -1.2152214583127271E-012 -1.2387476496341997E-005  6.9593860070638804E-016 -1.3224118978032801E-015 -1.1652282790629789E-015  2.1249181155161200E-014  7.7776137216011351E-015 -2.1945116163126776E-014 -6.8481730629282618E-021 -5.8532016947101299E-021  1.8949876625553610E-022  2.7756894222099778E-020  1.3464326531849864E-020 -1.7444215171125238E-020  3.1426989809749100E-015 -5.9718688324565893E-015 -5.2619310545749678E-015  9.5957589361552157E-014  3.5122287195077329E-014 -9.9100280437482785E-014 -8.4000668563492452E-021  9.1064166854210357E-021  2.8563286964565460E-020 -3.5200667202086913E-021  1.0299521070058169E-021 -6.2417483363148906E-021  1.0029696448896105E-020  4.8686078709314992E-021  5.6203870649572732E-021  7.1390772724250056E-021
-3.6537010983709369E-014 -2.4653483211670434E-008  1.3572822718957702E-015 -1.1338304946096239E-015 -3.4530440076543548E-014 -1.8107259667293018E-019  2.7142763845118066E-015 -7.9013340017467608E-011  9.2838601236719118E-018 -6.7159523531590688E-018  8.1397864132734939E-011 -9.3236250093030801E-018  6.7618045351696184E-018  1.2761315201754061E-005 -7.0261785484800769E-013  5.8694586264208531E-013  6.8854174115802078E-015  2.2058114101964260E-015  7.3466205620980980E-015  5.8522868873047448E-015  4.3588496147339459E-015 -1.2737697056420483E-014 -3.0598079746241718E-022 -9.7722404079089106E-021  1.2083336888468988E-020  1.2686956367537601E-021  2.4746088116410385E-020 -2.7944616383229133E-021  3.1093258058503436E-014  9.9610090240500915E-015  3.3176024706413259E-014  2.6427734431735475E-014  1.9683838385932036E-014 -5.7520996732110922E-014 -7.7701620825875510E-020 -2.1303066141460288E-021  4.3368895853213816E-021  4.6248139336596226E-021  4.8757828937023491E-021  2.8522722451741575E-021 -1.1191313838074330E-020 -4.8663051511412245E-021 -1.0420315513161270E-021  9.3170897101620888E-021
-1.0528450714567580E-014  1.4664658916501040E-015 -2.4653486759343000E-008 -2.1342852101731860E-015 -1.0390774463103177E-014 -4.9618019352830110E-020 -1.3011421532448037E-013  9.2331618424735657E-018 -7.9013363317488130E-011 -1.4592213956767089E-017 -9.3236250093030801E-018  8.1397887561055296E-011  1.4626729574156006E-017 -7.5911152533456160E-013  1.2761317038264142E-005  1.1048679891589900E-012 -8.0144370181688107E-015  5.1558293373751593E-016 -8.0473083081722690E-015  8.6333315775037821E-015  7.0213881441577244E-015 -6.1889417357519752E-016  1.3932350719872304E-020 -4.1343303604034344E-021 -1.1110393952450592E-020  3.2592103568730175E-021  9.6174619397528424E-021 -1.9978917797344557E-020 -3.6191615817334266E-014  2.3282161198642651E-015 -3.6340181049573305E-014  3.8986688653359047E-014  3.1707358577314456E-014 -2.7950809085924937E-015 -2.0776518046761208E-020 -2.3401493263388802E-020 -8.6173339783946679E-021 -1.0721868184745577E-020 -1.1339945496915707E-021 -8.5204349546583371E-021 -8.0610523202621233E-020 -5.0053424726250640E-021  1.6428322776813427E-021 -1.7737078143540167E-020
 8.5271868573514005E-015 -9.1401755928452294E-016 -2.2954091400619628E-015 -2.4653483003548063E-008  8.4496447418868722E-015  2.5400418293475470E-020  1.1548122430518081E-013 -6.7259358154603794E-018 -1.4574570879714492E-017 -7.9013338699251297E-011  6.7618045351696184E-018  1.4626729574156006E-017  8.1397862758346963E-011  4.7314924203896471E-013  1.1882659349619338E-012  1.2761315094017781E-005 -6.0341351976134062E-016  1.2395709351708444E-015  1.1355977090668945E-015 -2.0457427883752909E-014 -7.3413277110887363E-015  2.1060837702348879E-014  7.2037231244029218E-021  5.8688693942768541E-021 -2.8019107576106428E-022 -2.6715282521339773E-020 -1.2990703688479277E-020  1.5942499069610567E-020 -2.7248712230348270E-015  5.5977767003196944E-015  5.1281237643619696E-015 -9.2382176141198434E-014 -3.3152096977943352E-014  9.5107039220624662E-014  8.6535706515855461E-021 -9.3812368657312836E-021 -2.9425291320866818E-020  3.6262979881050189E-021 -1.0610347813982190E-021  6.4301165546746790E-021 -1.0332379757967685E-020 -5.0155363521731672E-021 -5.7900033447820120E-021 -7.3545256532093368E-021
 6.2264681761090011E-015 -3.8650998209516442E-003 -1.5848433676523968E-014  1.3587980567108971E-014 -1.0954019886550798E-015 -2.5028214249023694E-015 -2.7454730407111820E-015 -1.2387476598427948E-005  7.7346028929555423E-013 -4.8315508109686003E-013  1.2761315201754061E-005 -7.5911152533456160E-013  4.7314924203896471E-013  2.0006810671709996E+000  1.2345680033832046E-013 -9.1482377229113353E-014  1.1974997344235325E-015  1.1308810366348777E-015 -4.3255809273202531E-016  4.2342568217222381E-015 -2.2140266856598261E-015 -4.2963053321006307E-015 -1.4635991440362444E-015 -1.9855724905493891E-015  3.8393632095752095E-016 -1.0043123826596652E-015  2.9834431610655413E-015  2.1807360143225652E-015 -3.0682178926375986E-015 -1.2159517753235892E-015 -1.6805468909779854E-015 -3.6484992410455272E-015 -1.5282518754171504E-015  6.0516898663850547E-015 -1.2181829395866699E-014 -3.3398327501467982E-016  6.7992479526111605E-016  7.2506446782729166E-016  7.6441074750861051E-016  4.4717064923297310E-016 -1.7545415434170735E-015 -7.6292486577890301E-016 -1.6336655420808991E-016  1.4607055298137354E-015
-4.0317140652184477E-016 -8.9581120299442681E-015 -3.8650998209092580E-003  3.1770376260342736E-014  9.6258451305103939E-016  1.6688486639052527E-015  1.1751908806010237E-014  7.1067325633749212E-013 -1.2387478468623580E-005 -1.2152214583127271E-012 -7.0261785484800769E-013  1.2761317038264142E-005  1.1882659349619338E-012  1.2345680033832046E-013  2.0006810671706967E+000 -1.7752466163756248E-013 -3.9256245355297194E-015  1.6988599101861205E-015  1.6582514109283846E-016 -4.7717893865879016E-015 -1.7110370640489525E-015  8.7578931323071273E-015  3.8320212845360039E-015 -7.5416885090229377E-016 -8.7341279195009425E-017 -1.2640353612575807E-015  6.4209545033073556E-017 -3.0049797480725448E-015  5.2693860235117557E-015 -2.3758068751525689E-015  4.2468878413955591E-015 -4.4377425477738666E-015 -3.4978299190330682E-015 -2.0972368306730489E-015 -3.2572811181721637E-015 -3.6688159234667742E-015 -1.3509993760671779E-015 -1.6809423899382054E-015 -1.7778420909561227E-016 -1.3358083353620751E-015 -1.2637876374935842E-014 -7.8472258024744248E-016  2.5755839348168472E-016 -2.7807658063044194E-015
 4.9666576985897515E-016  8.9083471502271030E-015  3.0499908154624153E-014 -3.8650998209535919E-003 -4.8022852851237859E-015 -3.8232014541719209E-015 -1.1137469035254628E-014 -5.9518324323105680E-013 -1.1315006015274342E-012 -1.2387476496341997E-005  5.8694586264208531E-013  1.1048679891589900E-012  1.2761315094017781E-005 -9.1482377229113353E-014 -1.7752466163756248E-013  2.0006810671709943E+000 -1.2366084324245921E-015 -3.0627758870123708E-015  7.4331525111650293E-016  4.5996324607583735E-015 -2.8005675824085108E-016 -3.9432824006999689E-015  1.2534373017798962E-015  6.6524634705129461E-016 -2.7740353385167094E-016  1.7676366687758502E-017 -5.2727984622313395E-016 -1.8306598303953129E-015  8.8590587999987554E-017  1.2691449947615461E-015 -1.6834984671789531E-015  5.8862996572654558E-015  2.5639579374193405E-015 -7.2516205063802699E-015  1.3566818440148960E-015 -1.4707620866344077E-015 -4.6132096493648076E-015  5.6852035030419714E-016 -1.6634589262530965E-016  1.0080946730595770E-015 -1.6198785541501559E-015 -7.8632078640523726E-016 -9.0773953759228462E-016 -1.1530204760289658E-015
-2.6598496657634008E-014  4.8558394691486013E-016 -2.0452316238214656E-016 -2.3908768089916637E-016 -2.5207546039579178E-014  7.0930704989822186E-015  2.9001908488019232E-014 -7.3631876213782332E-015  8.2018728914424996E-015  6.9593860070638804E-016  6.8854174115802078E-015 -8.0144370181688107E-015 -6.0341351976134062E-016  1.1974997344235325E-015 -3.9256245355297194E-015 -1.2366084324245921E-015  8.1816421226910491E-002  2.9631245374028447E-016 -1.9775847626134839E-016 -4.0908210613454662E-002  2.8102520310824275E-016 -4.0908210613453969E-002  1.0729453641924509E-007 -7.4447761012077644E-017 -5.4783344788774470E-018 -5.3647264042089420E-008 -1.1013101328453824E-016 -5.3647264978213147E-008  3.6946830814282333E-001  1.4571677198205180E-016 -1.3877787807814457E-016 -1.8473415407140165E-001  1.4571677198205180E-016 -1.8473415407140903E-001 -4.9263072053951956E-017  5.4294638300892575E-017  2.8875921533243277E-017 -4.1769764478286031E-017  5.8988089255455621E-018 -4.5012289676285132E-017  9.9380655261901678E-017  4.1877329469088398E-017  4.6112668452218806E-017  6.6970743926077744E-017
 8.4377284451567646E-016  8.9982289156233973E-017  1.2112047937486453E-016  3.3925981976871611E-017  7.1168610820016666E-016  6.9005191458340866E-016  6.2492894336975822E-017 -2.3587956413851916E-015 -4.2464267827963172E-016 -1.3224118978032801E-015  2.2058114101964260E-015  5.1558293373751593E-016  1.2395709351708444E-015  1.1308810366348777E-015  1.6988599101861205E-015 -3.0627758870123708E-015  2.9631245374028447E-016  8.1816421226907299E-002  1.1411227865409902E-017 -3.6097156080192154E-017 -1.4484941024406339E-016 -3.2049016218671511E-016 -4.1584721894702802E-017  1.0729453225937675E-007  1.8053632113637331E-016 -3.2784833119565862E-019  5.0896208023428529E-017  6.0450470834757957E-017  9.3328123007552222E-016  3.6946830814281023E-001  5.5511151231257827E-017  3.3111534347707305E-016 -2.0122792321330962E-016 -1.2004286453759505E-015 -2.0667920843379631E-016  3.1324227258871668E-020  2.9449277336314472E-017 -7.4067215799140869E-017  1.3533058470116593E-017 -8.3051976108263121E-017 -3.1389437733880384E-017  2.1248274962770458E-017 -3.6571663223385997E-017  3.4915214395947413E-017
-5.8116875621750195E-016  3.7944929394584829E-016 -3.3479199726762549E-016 -1.4622767213644455E-017 -6.5649560138809121E-016 -6.7151373534763459E-016 -3.4462806448761958E-017 -7.6495574002133286E-015  8.3236999388957974E-015 -1.1652282790629789E-015  7.3466205620980980E-015 -8.0473083081722690E-015  1.1355977090668945E-015 -4.3255809273202531E-016  1.6582514109283846E-016  7.4331525111650293E-016 -1.9775847626134839E-016  1.1411227865409902E-017  8.1816421226909478E-002  1.9786689647861018E-016  8.0838113980519211E-016  5.2041704279304213E-017  6.7358706943622133E-018  1.1178241857972533E-016  1.0729453214064114E-007 -3.9403459492398751E-017 -1.4016452726108151E-016 -9.2135823549129308E-017 -6.8001160258290838E-016 -6.9388939039072284E-017  3.6946830814281451E-001  5.4166740537375802E-016  2.4008572907519010E-015 -1.5265566588595902E-016 -1.3920138415604505E-016 -2.3015369835544994E-017  1.3204644024693120E-017 -7.4953367903563059E-017  1.1626246007952278E-017 -6.3685920840532318E-017 -3.6075845251802560E-017  1.2814194696664606E-018 -1.7614784149766603E-017 -1.7514186750845741E-018
-2.4292539832970978E-014  2.1930841507424184E-017  6.7211118309948447E-016 -6.3437253526957914E-016 -3.0656352148412119E-014 -6.0913213139320010E-015  3.9765679873801471E-014 -5.9696966833004242E-015 -9.1112039714457039E-015  2.1249181155161200E-014  5.8522868873047448E-015  8.6333315775037821E-015 -2.0457427883752909E-014  4.2342568217222381E-015 -4.7717893865879016E-015  4.5996324607583735E-015 -4.0908210613454662E-002 -3.6097156080192154E-017  1.9786689647861018E-016  8.1816421226912503E-002 -1.2359904766334751E-016 -4.0908210613456147E-002 -5.3647268127535001E-008 -4.9522418991625554E-017 -4.1433860591187804E-017  1.0729453144382619E-007  8.1062938093454974E-017 -5.3647267607599397E-008 -1.8473415407141375E-001 -4.5991856156835098E-016  1.0711917464156784E-016  3.6946830814281884E-001  5.1174342541315809E-017 -1.8473415407141686E-001 -1.1272877724961366E-016  3.4052324049181674E-017 -2.6895525241715818E-017 -5.5686404368185812E-017 -3.3032330591672990E-019 -5.6356991630042620E-017  7.9549785476606680E-017 -2.9955544626886663E-017  3.4777311971936342E-017 -6.2356231996703542E-017
-1.3565927410396655E-015  4.0047557528466412E-016  3.5080422795124281E-016 -4.8726795283311348E-016 -1.4323339220871187E-015 -9.6895245829673812E-016 -4.5284283399042376E-016 -4.7000888637127640E-015 -7.3313064414775714E-015  7.7776137216011351E-015  4.3588496147339459E-015  7.0213881441577244E-015 -7.3413277110887363E-015 -2.2140266856598261E-015 -1.7110370640489525E-015 -2.8005675824085108E-016  2.8102520310824275E-016 -1.4484941024406339E-016  8.0838113980519211E-016 -1.2359904766334751E-016  8.1816421226908326E-002 -1.0191500421361267E-016 -7.9976907541635312E-017  9.4786267350829375E-017 -1.8222418317628776E-017  4.0389493058858593E-017  1.0729453212792991E-007  4.1009456656160961E-017  7.5807415900186470E-016 -3.8510861166685117E-016  4.0245584642661925E-016 -5.8546917314217239E-016  3.6946830814281295E-001 -2.2898349882893854E-016 -7.3092820563684793E-018  4.0216923249181691E-017  7.8829876796814813E-017  1.7902131353517992E-017 -1.2970027547436669E-017  8.2252149822578977E-018 -7.3038310779216417E-018  8.4264347321599260E-017 -2.6781442400563220E-017  1.5120109561822551E-016
-2.9803242592340892E-014 -5.0970835759968564E-016 -4.6770486002188300E-016  8.7458121269732930E-016 -2.0069056038398861E-014 -1.0021043466412204E-015  3.5153458934888010E-014  1.3332877274379539E-014  9.0933070554433256E-016 -2.1945116163126776E-014 -1.2737697056420483E-014 -6.1889417357519752E-016  2.1060837702348879E-014 -4.2963053321006307E-015  8.7578931323071273E-015 -3.9432824006999689E-015 -4.0908210613453969E-002 -3.2049016218671511E-016  5.2041704279304213E-017 -4.0908210613456147E-002 -1.0191500421361267E-016  8.1816421226906549E-002 -5.3647268291707648E-008  1.2397010062022022E-016  4.6912263002273057E-017 -5.3647267401734564E-008  2.9068147465989283E-017  1.0729453258580787E-007 -1.8473415407140117E-001  3.9898639947466563E-017  2.6367796834847468E-016 -1.8473415407140961E-001  5.2041704279304213E-017  3.6946830814280984E-001  1.6199184930353848E-016 -8.8346962350080005E-017 -1.9803962915316591E-018  9.7456168846462389E-017 -5.5684856196281187E-018  1.0136928130631785E-016 -1.7893044073851506E-016 -1.1921784842200876E-017 -8.0889980424161200E-017 -4.6145119293708857E-018
 1.3148291529235453E-014  2.8281553622733926E-018 -7.4033295610496481E-018 -2.4218222152629222E-018  1.2378123935752469E-014  6.7334351153713297E-020 -1.5256855957874270E-014 -5.9405192984235200E-022 -1.2970510434530326E-020 -6.8481730629282618E-021 -3.0598079746241718E-022  1.3932350719872304E-020  7.2037231244029218E-021 -1.4635991440362444E-015  3.8320212845360039E-015  1.2534373017798962E-015  1.0729453641924509E-007 -4.1584721894702802E-017  6.7358706943622133E-018 -5.3647268127535001E-008 -7.9976907541635312E-017 -5.3647268291707648E-008  1.4070668666248455E-013 -1.5216618583152337E-022  1.6494797538245477E-024 -7.0353337758265064E-014 -2.4930913253470659E-022 -7.0353339201201356E-014  4.8452291421845126E-007 -1.8779071992388174E-016  3.0418978074041455E-017 -2.4226145673852330E-007 -3.6116286451651900E-016 -2.4226145747991139E-007 -6.4603877035455104E-023  7.1202302189980204E-023  3.7868048223267220E-023 -5.4777117552001768E-023  7.7357317550750223E-024 -5.9029383032298520E-023  1.3032835490648327E-022  5.4918174768330947E-023  6.0472426594126128E-023  8.7825820142995973E-023
-9.1261779647997756E-017  3.8360325504830563E-018  1.4571359392899961E-018 -1.2851473889023640E-018 -8.8519063689021350E-017  4.2718563656118309E-022 -6.6745975044197170E-016  9.2006002305590899E-021  4.1126687883999411E-021 -5.8532016947101299E-021 -9.7722404079089106E-021 -4.1343303604034344E-021  5.8688693942768541E-021 -1.9855724905493891E-015 -7.5416885090229377E-016  6.6524634705129461E-016 -7.4447761012077644E-017  1.0729453225937675E-007  1.1178241857972533E-016 -4.9522418991625554E-017  9.4786267350829375E-017  1.2397010062022022E-016 -1.5216618583152337E-022  1.4070667575193821E-013  3.8334847781597595E-022 -6.5373864393374454E-023  1.9104909188414929E-022  2.4185076861463446E-022 -3.3619329110661156E-016  4.8452289543323238E-007  5.0478936432553909E-016 -2.2363372837977926E-016  4.2803839872073665E-016  5.5982710189425935E-016 -2.7104030633818973E-022  4.1079875660813454E-026  3.8619952627407334E-023 -9.7132178906467602E-023  1.7747331098461077E-023 -1.0891484570666283E-022 -4.1164286258393094E-023  2.7865112648432467E-023 -4.7960292994266889E-023  4.5788015307299849E-023
 8.3698421518647343E-017 -7.4122700479218658E-019  1.6829529365052774E-019  5.3589638470970804E-019  8.0761695542991519E-017 -4.5459398744132197E-022  4.8703687145409685E-016 -1.2408869238985670E-020  1.1456535304559131E-020  1.8949876625553610E-022  1.2083336888468988E-020 -1.1110393952450592E-020 -2.8019107576106428E-022  3.8393632095752095E-016 -8.7341279195009425E-017 -2.7740353385167094E-016 -5.4783344788774470E-018  1.8053632113637331E-016  1.0729453214064114E-007 -4.1433860591187804E-017 -1.8222418317628776E-017  4.6912263002273057E-017  1.6494797538245477E-024  3.8334847781597595E-022  1.4070667544051330E-013 -1.0601087975073028E-022 -2.0771095748015004E-022 -5.9306532032820853E-023 -2.4738887626317424E-017  8.1526955583939890E-016  4.8452289489703628E-007 -1.8710836354054056E-016 -8.2290825777641579E-017  2.1184686425312647E-016 -1.8254951000641738E-022 -3.0182490033750430E-023  1.7316648047375804E-023 -9.8294283919129648E-023  1.5246727054141464E-023 -8.3518088247871828E-023 -4.7310073615089063E-023  1.6804609999623925E-024 -2.3100130736220360E-023 -2.2968200655448777E-024
 1.2963142689548866E-014  1.9402625818014625E-018  2.4428491692968042E-018 -3.4969098776404100E-020  1.2179409547385092E-014  4.8524463861561274E-020 -2.2291863956850635E-014 -1.6103300346850844E-021 -4.1220859999417378E-021  2.7756894222099778E-020  1.2686956367537601E-021  3.2592103568730175E-021 -2.6715282521339773E-020 -1.0043123826596652E-015 -1.2640353612575807E-015  1.7676366687758502E-017 -5.3647264042089420E-008 -3.2784833119565862E-019 -3.9403459492398751E-017  1.0729453144382619E-007  4.0389493058858593E-017 -5.3647267401734564E-008 -7.0353337758265064E-014 -6.5373864393374454E-023 -1.0601087975073028E-022  1.4070667361289431E-013  1.5927362638968911E-022 -7.0353341482274124E-014 -2.4226143828939847E-007 -1.4808936958354428E-018 -1.7794000612756611E-016  4.8452289175033271E-007  1.8239251732607444E-016 -2.4226145346094959E-007 -1.4783316823027797E-022  4.4656422218648718E-023 -3.5270946059360352E-023 -7.3027475597551173E-023 -4.3318803619533498E-025 -7.3906887821849059E-023  1.0432206659424232E-022 -3.9283874196736505E-023  4.5607172792297960E-023 -8.1774323999152785E-023
 9.2913605969122162E-017 -5.7631705070006321E-018 -1.2359019692900902E-019  1.0180080203118953E-018  9.1075611822460477E-017 -7.5679816306551861E-022  9.6319034711954058E-016 -2.4636117437423620E-020 -1.0011892238583731E-020  1.3464326531849864E-020  2.4746088116410385E-020  9.6174619397528424E-021 -1.2990703688479277E-020  2.9834431610655413E-015  6.4209545033073556E-017 -5.2727984622313395E-016 -1.1013101328453824E-016  5.0896208023428529E-017 -1.4016452726108151E-016  8.1062938093454974E-017  1.0729453212792991E-007  2.9068147465989283E-017 -2.4930913253470659E-022  1.9104909188414929E-022 -2.0771095748015004E-022  1.5927362638968911E-022  1.4070667540717608E-013  9.1900345941352155E-023 -4.9733260241861447E-016  2.2983850579729785E-016 -6.3296219138071281E-016  3.6606567733086471E-016  4.8452289483963942E-007  1.3126684981431401E-016 -9.5854535460242425E-024  5.2740707546185734E-023  1.0337796238006538E-022  2.3476960531236755E-023 -1.7008968635329277E-023  1.0786595404492019E-023 -9.5782892307783825E-024  1.1050475569030626E-022 -3.5121339837104839E-023  1.9828600121065855E-022
 1.4115431404382280E-014 -4.2136258586185814E-018  5.8047052817913777E-018  3.5377740882076887E-018  1.3255911659350712E-014  6.0045033263829389E-020 -2.6098423465817932E-014  3.9824684012031964E-021  1.9798298395633689E-020 -1.7444215171125238E-020 -2.7944616383229133E-021 -1.9978917797344557E-020  1.5942499069610567E-020  2.1807360143225652E-015 -3.0049797480725448E-015 -1.8306598303953129E-015 -5.3647264978213147E-008  6.0450470834757957E-017 -9.2135823549129308E-017 -5.3647267607599397E-008  4.1009456656160961E-017  1.0729453258580787E-007 -7.0353339201201356E-014  2.4185076861463446E-022 -5.9306532032820853E-023 -7.0353341482274124E-014  9.1900345941352155E-023  1.4070667660810753E-013 -2.4226144251675314E-007  2.7298544761431320E-016 -4.1606882394185343E-016 -2.4226145439058884E-007  1.8519204103967902E-016  4.8452289690734087E-007  2.1243704986593292E-022 -1.1585871381222122E-022 -2.5970938144087590E-024  1.2780459258713259E-022 -7.3025432511985165E-024  1.3293626984389181E-022 -2.3465040427712153E-022 -1.5634296495654556E-023 -1.0607959055734905E-022 -6.0514896952496045E-024
 4.0552996290420359E-014  2.2091847026046109E-015 -9.6801732076976888E-016 -1.0906365721989771E-015  3.7449728142158080E-014  3.2031746180303751E-014 -4.7563378057817161E-014 -3.3250784359783493E-014  3.7038046955694174E-014  3.1426989809749100E-015  3.1093258058503436E-014 -3.6191615817334266E-014 -2.7248712230348270E-015 -3.0682178926375986E-015  5.2693860235117557E-015  8.8590587999987554E-017  3.6946830814282333E-001  9.3328123007552222E-016 -6.8001160258290838E-016 -1.8473415407141375E-001  7.5807415900186470E-016 -1.8473415407140117E-001  4.8452291421845126E-007 -3.3619329110661156E-016 -2.4738887626317424E-017 -2.4226143828939847E-007 -4.9733260241861447E-016 -2.4226144251675314E-007  1.6684527222637962E+000 -1.1518563880486642E-015  3.8857805861882545E-016 -8.3422636113187421E-001 -1.6514567491299204E-015 -8.3422636113186477E-001 -2.2246321230804932E-016  2.4518486452273164E-016  1.3039849109705918E-016 -1.8862477705442333E-016  2.6637964862019411E-017 -2.0326744023926335E-016  4.4878524397804964E-016  1.8911052129219645E-016  2.0823655375664116E-016  3.0242788773180969E-016
 1.3935955054364886E-015  4.1855888802485105E-016  5.6636918653688723E-016  1.2403191138717058E-016  9.2838674940513249E-016  3.1161399220167377E-015  2.9203706707802493E-017 -1.0651859600064769E-014 -1.9175480874984015E-015 -5.9718688324565893E-015  9.9610090240500915E-015  2.3282161198642651E-015  5.5977767003196944E-015 -1.2159517753235892E-015 -2.3758068751525689E-015  1.2691449947615461E-015  1.4571677198205180E-016  3.6946830814281023E-001 -6.9388939039072284E-017 -4.5991856156835098E-016 -3.8510861166685117E-016  3.9898639947466563E-017 -1.8779071992388174E-016  4.8452289543323238E-007  8.1526955583939890E-016 -1.4808936958354428E-018  2.2983850579729785E-016  2.7298544761431320E-016 -1.1518563880486642E-015  1.6684527222637426E+000 -3.0834709785487933E-016  1.5308934675485864E-016  2.9143354396410359E-016  1.2906342661267445E-015 -9.3332629713228235E-016  1.4145460136491953E-019  1.3298766323814365E-016 -3.3447428401031326E-016  6.1112868810095064E-017 -3.7504785274749169E-016 -1.4174908018675913E-016  9.5953404997702408E-017 -1.6515108256372944E-016  1.5767085626414255E-016
-1.1234387243878765E-015  1.7129980313406788E-015 -1.5186185687713658E-015 -5.6296720481274396E-017 -1.5442425408632800E-015 -3.0324289523520736E-015  2.6607022880761664E-016 -3.4544033172238196E-014  3.7588316816631221E-014 -5.2619310545749678E-015  3.3176024706413259E-014 -3.6340181049573305E-014  5.1281237643619696E-015 -1.6805468909779854E-015  4.2468878413955591E-015 -1.6834984671789531E-015 -1.3877787807814457E-016  5.5511151231257827E-017  3.6946830814281451E-001  1.0711917464156784E-016  4.0245584642661925E-016  2.6367796834847468E-016  3.0418978074041455E-017  5.0478936432553909E-016  4.8452289489703628E-007 -1.7794000612756611E-016 -6.3296219138071281E-016 -4.1606882394185343E-016  3.8857805861882545E-016 -3.0834709785487933E-016  1.6684527222637369E+000 -1.1327744298128247E-015 -3.9412917374193057E-015 -5.2735593669694936E-016 -6.2860852533057516E-016 -1.0393328902564514E-016  5.9629807980740814E-017 -3.3847598823874665E-016  5.2502045166423623E-017 -2.8759421486074567E-016 -1.6291205738565145E-016  5.7866608729521970E-018 -7.9545211102123924E-017 -7.9090931261727699E-018
 3.6161668617227735E-014  1.4302424886472284E-016  3.0020775283239066E-015 -2.8359569187189406E-015 -1.2364282212914495E-015 -2.7506675895742290E-014 -2.4233866946440875E-014 -2.6957940301591039E-014 -4.1144671618913351E-014  9.5957589361552157E-014  2.6427734431735475E-014  3.8986688653359047E-014 -9.2382176141198434E-014 -3.6484992410455272E-015 -4.4377425477738666E-015  5.8862996572654558E-015 -1.8473415407140165E-001  3.3111534347707305E-016  5.4166740537375802E-016  3.6946830814281884E-001 -5.8546917314217239E-016 -1.8473415407140961E-001 -2.4226145673852330E-007 -2.2363372837977926E-016 -1.8710836354054056E-016  4.8452289175033271E-007  3.6606567733086471E-016 -2.4226145439058884E-007 -8.3422636113187421E-001  1.5308934675485864E-016 -1.1327744298128247E-015  1.6684527222637149E+000  1.0581813203458523E-016 -8.3422636113189397E-001 -5.0906297274847560E-016  1.5377419796802224E-016 -1.2145537605595353E-016 -2.5146983087185336E-016 -1.4916809015569546E-018 -2.5449808287047102E-016  3.5923258696011040E-016 -1.3527387566973378E-016  1.5704811361025586E-016 -2.8158957813725163E-016
-1.2719576849747370E-015  1.7921130634875747E-015  1.5759992862096676E-015 -2.2078113514475263E-015 -1.8742222187908572E-015 -4.3755936814041747E-015 -5.1573151783044262E-016 -2.1224812149082346E-014 -3.3106893323582017E-014  3.5122287195077329E-014  1.9683838385932036E-014  3.1707358577314456E-014 -3.3152096977943352E-014 -1.5282518754171504E-015 -3.4978299190330682E-015  2.5639579374193405E-015  1.4571677198205180E-016 -2.0122792321330962E-016  2.4008572907519010E-015  5.1174342541315809E-017  3.6946830814281295E-001  5.2041704279304213E-017 -3.6116286451651900E-016  4.2803839872073665E-016 -8.2290825777641579E-017  1.8239251732607444E-016  4.8452289483963942E-007  1.8519204103967902E-016 -1.6514567491299204E-015  2.9143354396410359E-016 -3.9412917374193057E-015  1.0581813203458523E-016  1.6684527222637466E+000  1.2836953722228940E-015 -3.3007408960357172E-017  1.8161242411684301E-016  3.5598160826968436E-016  8.0842819621637962E-017 -5.8570321980068260E-017  3.7143598045895559E-017 -3.2982793317731968E-017  3.8052270405870388E-016 -1.2094019837311269E-016  6.8279707361524511E-016
 1.4108972911113491E-014 -2.3509241905876418E-015 -2.0316152178306054E-015  3.9290599959419394E-015  4.9333301384941486E-014 -4.5246681802480863E-015 -2.0815294253807488E-014  6.0208728778982554E-014  4.1066324993036904E-015 -9.9100280437482785E-014 -5.7520996732110922E-014 -2.7950809085924937E-015  9.5107039220624662E-014  6.0516898663850547E-015 -2.0972368306730489E-015 -7.2516205063802699E-015 -1.8473415407140903E-001 -1.2004286453759505E-015 -1.5265566588595902E-016 -1.8473415407141686E-001 -2.2898349882893854E-016  3.6946830814280984E-001 -2.4226145747991139E-007  5.5982710189425935E-016  2.1184686425312647E-016 -2.4226145346094959E-007  1.3126684981431401E-016  4.8452289690734087E-007 -8.3422636113186477E-001  1.2906342661267445E-015 -5.2735593669694936E-016 -8.3422636113189397E-001  1.2836953722228940E-015  1.6684527222637546E+000  7.3152618505655114E-016 -3.9895906249073670E-016 -8.9431150410921438E-018  4.4009460792628463E-016 -2.5146283960461831E-017  4.5776552310974152E-016 -8.0801783093812942E-016 -5.3836645622454614E-017 -3.6528466736688371E-016 -2.0838309594546072E-017
 1.5621062756963102E-016  2.3533979198114399E-017  6.2927154524088595E-018 -2.6209628504505238E-018  1.4817116818228105E-016  7.2144342403934848E-022  1.4873141010404291E-016  7.5425376903624604E-020  2.0167876547473821E-020 -8.4000668563492452E-021 -7.7701620825875510E-020 -2.0776518046761208E-020  8.6535706515855461E-021 -1.2181829395866699E-014 -3.2572811181721637E-015  1.3566818440148960E-015 -4.9263072053951956E-017 -2.0667920843379631E-016 -1.3920138415604505E-016 -1.1272877724961366E-016 -7.3092820563684793E-018  1.6199184930353848E-016 -6.4603877035455104E-023 -2.7104030633818973E-022 -1.8254951000641738E-022 -1.4783316823027797E-022 -9.5854535460242425E-024  2.1243704986593292E-022 -2.2246321230804932E-016 -9.3332629713228235E-016 -6.2860852533057516E-016 -5.0906297274847560E-016 -3.3007408960357172E-017  7.3152618505655114E-016  8.1544120187676724E-029  6.8906646111517308E-030 -5.1836870314877958E-030 -7.5940861126881068E-031 -4.5399455126650333E-030  6.8028371400327967E-031  3.0002202792852082E-029  5.3221467224507629E-030 -5.7142648879394427E-032 -5.2360247613551633E-030
 6.6639251019998108E-017  6.4521962928643596E-019  7.0877562652981857E-018  2.8413535624806762E-018  6.2927845014715152E-017  2.9965312368045493E-022 -2.0273827044509059E-017  2.0678999358756107E-021  2.2715954280633690E-020  9.1064166854210357E-021 -2.1303066141460288E-021 -2.3401493263388802E-020 -9.3812368657312836E-021 -3.3398327501467982E-016 -3.6688159234667742E-015 -1.4707620866344077E-015  5.4294638300892575E-017  3.1324227258871668E-020 -2.3015369835544994E-017  3.4052324049181674E-017  4.0216923249181691E-017 -8.8346962350080005E-017  7.1202302189980204E-023  4.1079875660813454E-026 -3.0182490033750430E-023  4.4656422218648718E-023  5.2740707546185734E-023 -1.1585871381222122E-022  2.4518486452273164E-016  1.4145460136491953E-019 -1.0393328902564514E-016  1.5377419796802224E-016  1.8161242411684301E-016 -3.9895906249073670E-016  6.8906646111517308E-030  7.9955021369960122E-030  5.7957858540150315E-030  2.4762163263330452E-030  3.1758314099995869E-031  1.5541934329201871E-030  2.4875855448494581E-029  2.2042175116972358E-030  3.0975223215524797E-031  5.7902626086460113E-030
