   4.7432766556984300E-002  -3.2373739727861793E-011  -1.9608201742718498E-009   3.0666818500507316E-009  0.13214481761957383        1.4459189122506912E-010  -2.2961023113502620E-009   7.3217463052124211E-009   5.6443226249156282E-009  -7.9173099063275845E-009  -1.1919683274631237E-009  -3.7509250046685867E-009  -6.1297785214994836E-009  -1.0644694851058978E-010  -1.1686259659618189E-010   1.3536271641831002E-010   1.5865553050990855E-011   8.9327724683014740E-012   1.2691013803233500E-010  -5.0518901324211996E-011   8.2527119138421989E-011   1.8464499293068775E-010  -1.6240516810625315E-010   8.5068969710488721E-009  -4.2888935922062918E-010  -7.7298957774774449E-011   4.5878435022821642E-010   2.4450234089567439E-010   1.2310944379493470E-011   5.0889468189010610E-010   4.5536015760442930E-011  -5.1567892117899787E-010   4.2614291282384505E-011  -7.4419686076544476E-011  -8.7380879743772343E-011  -6.6299542187036184E-012  -9.1005701117572438E-011  -2.5460715890307963E-012  -2.3789283335123905E-010  0.13288164089929846        6.3836608091630276E-011  -2.2522181847811466E-009   5.9465957440590995E-010   3.4280402059710195E-009  -4.2204517758196735E-009   3.8307759735139885E-010  -1.5958718879256754E-009  -9.7774148606678058E-010   6.1275400497287944E-011   3.1426361313364116E-011   1.4526068407691165E-011   2.6171618453619898E-011   5.0828182465350789E-011  -1.0883275489839429E-010  -6.2569329011379462E-013  -1.4645223798370818E-011  -3.0583643960609772E-011   8.8494419113878171E-014   5.0498232940873532E-009   7.2305084008000371E-013  -1.4157723363359649E-012   3.2822221338355399E-012   1.1692129593640764E-012  -1.4840973224027823E-012  -2.9144015738183049E-012  -1.1298784836121855E-012   3.9488013354283979E-012   4.0037698879969614E-012  -7.2409024266197107E-012   3.0325177816534454E-012   3.8431849098669397E-012  -6.9667533440647823E-012  -2.3590918293160088E-012   6.1672160776439142E-012   1.0237859850966559E-012   1.1810576822099341E-012  -1.1018542398161251E-012  -4.4895288266744105E-012  -1.4371129034039437E-012   5.3754822479862439E-012  -1.8430405134087502E-010  -3.2451018825150874E-011   2.0198386121443694E-010   9.4781314816429802E-011   3.9882275660978347E-012   2.2896939622792507E-010   1.2935372068849595E-011  -2.0473915813577544E-010   2.6182832864311545E-011  -4.9379872404410843E-011  -2.9437261865041858E-011  -6.1043216990323487E-013  -4.3072760118150100E-011  -2.3621665531718538E-012  -1.0582701886915268E-010   5.0473731073420396E-002   2.1638570255543780E-011  -8.0258226127102140E-010  -4.9553314370602195E-012  -2.0086115279053866E-011   1.9596088311966001E-011   1.3259763597702241E-011   5.1975301883297083E-012  -6.7794737286886202E-012  -8.0344111116737073E-013   9.9390263878537496E-012   2.1166302001689133E-011  -2.2014114021972777E-011   1.6777388602263476E-009   1.8323662494547016E-009  -2.2347019013975617E-009  -2.9823794173288431E-010  -1.0765547858328529E-009  -1.3795040873953942E-009  -3.1792366134154245E-010  -4.8679108477575893E-004  -2.5582007538363735E-011   7.1153846430230613E-012   9.0608642969991035E-002   2.7626242781717035E-011  -1.5780584113292987E-009   7.8305879475446791E-009   1.3433315317531598E-009   1.3451340491052110E-009   5.5081805435717053E-010  -4.8136948680966536E-010  -5.1408251035906779E-010  -4.4595194518657263E-010  -8.3105158380280027E-010  -6.1958140623529105E-011
  -3.2373739727861793E-011   4.7432766265535158E-002  -8.3193434863882982E-010  -1.1409522599395699E-009  -2.1585248401910983E-010  0.13214481701367861       -1.7016688647198796E-009  -3.4397480044061405E-009  -7.1626760460862862E-009   7.2188070312676229E-009   1.9380818397006172E-009   6.8224063045041551E-009   1.5016687432370038E-009   8.3759833433549571E-011  -1.2125046404057851E-010  -6.8346754245190204E-011  -7.0836452350074046E-011   1.2455061540546980E-010  -4.1536700683716831E-011  -4.2799517237752086E-011   2.4268171361245376E-010   1.7853825780981011E-010  -1.2994012297826802E-010  -2.0590218445120206E-009   3.6030512967113008E-011  -3.4761093064787770E-010  -5.0322009999517134E-012  -7.6290573998978481E-011   4.1323993153859700E-010   1.2999813913183318E-011   1.6221883189759861E-010   1.4384171679417057E-011   2.4872929788094986E-010  -5.6889674635703756E-012   2.1023358323464599E-011  -6.9357005306868232E-010   3.9361931299653664E-011   3.8555837887773933E-010  -2.9808343546607758E-011  -1.3801984489520856E-010  0.13288164075827844       -1.2492444148398901E-009  -1.9616281586606189E-009  -6.2642444338058278E-009   3.0173441913924755E-009   1.3873162906976714E-009   2.8877706546219850E-009   5.7431165709695402E-010  -3.0327448919605897E-011   3.8575831014893117E-011  -6.4672632394730765E-012   2.1709222990141993E-011   8.1985394796255496E-012   1.8997577118414074E-011   7.2559504254227567E-011   4.0939681839024217E-011  -1.3644376928725361E-010  -2.5691076683712334E-011  -1.1500971990910856E-009  -9.6756486260874532E-013   4.2226209041016943E-013  -4.0218634383850174E-012  -2.0740198724980933E-012   1.8966313556328549E-012   4.1883081619011957E-012   1.8194074719124542E-012  -4.3031221760253227E-012  -3.2525647229783568E-012   8.4739250700832910E-012  -6.0118077747065362E-012   8.2895596629300195E-012   1.3344991467203189E-011  -1.0186193504343759E-011  -1.0795120060700096E-011   1.2999692530742658E-011   1.5250602717575134E-011  -3.0368598406807909E-011  -1.6759633320078656E-011   2.4995871056822153E-011   3.7976684384397210E-012   1.7619000860271505E-011  -1.4737181685604076E-010  -2.8388688460166162E-012  -3.1288622160195373E-011   1.7639549343089302E-010   3.3730601370379944E-013   6.1154472021775491E-011   7.3928604542994311E-012   1.1567269581847625E-010  -2.6716038763938541E-012   3.5349307400158567E-012  -2.7461164746249800E-010   2.5077888303113684E-011   1.4313351916803096E-010  -1.4469272694578181E-011  -7.3731258777784956E-011   5.0473730993644689E-002  -5.1250408877484983E-010   1.2224787608429743E-011  -1.3766450703037481E-011  -6.6864000499789048E-012  -1.4078257669752313E-011   1.4495274264949773E-011  -2.3178284365222644E-012   1.0219212206196049E-011   2.9753399613224355E-011  -1.3181748939491728E-013  -1.7192008278285456E-011  -1.1030057077643846E-009  -2.6776882086645775E-009   2.0635863510071912E-009   5.8997955701627657E-010   2.0521143275369567E-009   5.1302405958934096E-010   2.8836037772289922E-011  -2.5821103932132660E-011  -4.8679104266704176E-004  -6.0921104918954594E-011  -1.3866028172597358E-010   9.0608642816968843E-002  -1.0138971458806549E-009  -1.9667596606178895E-009  -3.4775562968709434E-010  -3.6745268176022458E-010  -4.1920522942462526E-010   8.5218899120635719E-010  -3.4269512083003478E-012   9.9912336424363241E-010   3.7087976947312004E-010   1.8812166767695038E-011
  -1.9608201742718498E-009  -8.3193434863882982E-010   4.7432759902102210E-002   1.4686518702278090E-009  -2.6057248101410576E-009  -7.6907195591330649E-010  0.13214480945249268       -1.8774852634997165E-008  -3.3776463460368589E-009  -1.7525084173613064E-008   2.3763359391702152E-008  -3.2954274841572737E-009  -4.9885067898924203E-009   9.0860128861243089E-011   4.8037997983911981E-011   2.9011461353865137E-010   9.0392852250649234E-011   2.7738001887611297E-010  -2.1229334567405222E-010   6.0153399791624084E-011   5.3168941226427765E-013  -1.2874076232397467E-010  -2.1675503691593954E-010   6.1874657570758715E-009  -2.4281458846252357E-010  -3.4968275908508981E-012  -4.5717236406018947E-010   3.4816015067536437E-011  -5.7318766124142013E-011   3.9171472347154905E-010  -7.3481983657361495E-012   2.3367703734802434E-011   1.4551012775599630E-011   4.3975516120223008E-010   3.6883775215561773E-010   9.4354666556998961E-013  -6.8272650446657492E-010   4.1779151194623072E-011   1.6566419143080864E-010  -2.5809183091392941E-009  -4.2335813714506807E-010  0.13288163247837950       -8.2446292086018806E-009  -1.5291068101920374E-009  -9.9765924679714523E-009   1.2754864193848601E-008  -4.0104467224372748E-010  -4.5102262821732318E-009  -2.4126036116540020E-011  -2.4619816044728902E-011   1.5187516993780952E-011  -1.9374683500938491E-011  -3.2103678072049565E-011   5.1743613562073529E-011  -4.1618756716235827E-011   6.8415778702691003E-011   8.0463610075025258E-011  -6.2451118778986072E-011   5.1682761030153321E-009   2.6743776762143993E-012   1.3023107332432942E-012   7.8709875187203305E-013   1.3239115347916671E-012   1.2748161691540996E-012  -7.1567861997707907E-012   2.0718170625245899E-012   1.2950238519537809E-012  -5.0664514052662551E-012  -2.0157023192050094E-012   7.7095607069949187E-013   2.2335585953924392E-012  -3.1300816664243767E-012  -3.5082873281188432E-012   7.2483950635103951E-012   4.0784867352699950E-012   6.8771213727182971E-012  -1.0969335526278578E-011  -1.0006909079354668E-011   1.1262647957792635E-011   5.4393069568924421E-012  -1.0637220616545884E-010  -5.6746615148101731E-013  -2.0269939346260380E-010   1.0462143082247802E-011  -2.5763503760595920E-011   1.7639818124270354E-010  -5.7008956618740729E-013  -2.7671500318853755E-012   1.5266091912336558E-012   2.0476216914081207E-010   1.4011809448607770E-010  -1.9906382334471861E-011  -2.5659167251882389E-010   3.9109100886201118E-011   4.5654807717134922E-011  -9.2609882603741185E-010  -1.8061998473648422E-010   5.0473728236549123E-002   1.5035371072318657E-011   1.0197976122286898E-011   4.9191548136980433E-011   1.0600496675487149E-011   2.7097943288968158E-011  -3.0771796729239653E-011   8.2849732629777298E-012   2.9007582709783290E-011  -2.1311413383856847E-011  -5.8348548788538792E-011  -5.5560886594395854E-009  -1.0015428693010210E-009  -5.3292204489383642E-009   7.5469300357008792E-009  -7.1901751997529375E-010  -1.9908332942990651E-009  -9.9663939972411851E-010   3.8327261568017638E-012  -5.4005203691081749E-011  -4.8679098151573015E-004  -1.7966106951149553E-009  -4.3457836701248868E-010   9.0608637275261764E-002   5.8068493573497291E-009   6.2345233750658112E-010  -2.3973337188326422E-009  -4.2086230962362681E-010  -1.3772011380019937E-009   2.9165621405520381E-009  -4.6134969557155466E-010  -5.1922834596555764E-010  -3.4298743744153385E-011
   3.0666818500507316E-009  -1.1409522599395699E-009   1.4686518702278090E-009   7.0762748095185804E-002   4.4357299826830739E-009  -2.2330468904395467E-009  -1.2751876884342665E-010   7.7847816767077386E-011  -9.5143066944829160E-011  -9.4583808824358556E-011   2.3517726327377971E-010  -5.3599286389794724E-010  -3.1295258811547127E-010   2.0757431871156022E-009   3.3465586614251395E-010  -2.1919397475186378E-009  -5.1024749007070922E-010  -3.2207049345938663E-012  -2.2746549115893262E-009   8.6721940261638372E-011   2.6393997365796494E-009  -4.5100571925155715E-010  -3.3351665303258528E-010  0.22943729153011569       -3.0622399829789400E-011  -1.7505202898277073E-011   3.0032029845667854E-011  -2.0650906834990135E-011  -1.3701938475450515E-011   7.4625669346912537E-011  -2.9413845498008490E-011   3.4114386038366114E-011   6.2948305617830903E-011  -5.5459351600255052E-011  -1.8805605056569053E-011   4.9453269151185295E-011   5.3871361308846507E-011  -3.9240357502210835E-011  -7.3055021674867794E-011  -3.8737496639180178E-009   2.1551366423218645E-010  -3.9305574772399800E-009  -7.2662816112302894E-011  -4.8069300502399472E-011   9.8087785710002661E-011   1.6919216784207139E-010  -1.6860676506350151E-010  -9.7023372820971872E-011  -2.7460075384600339E-010  -3.6335966470849679E-011   3.2277978640147399E-010   6.8454152711351357E-012   7.6947266550528549E-012   3.6157362942158937E-010  -3.8775407415208503E-011  -2.6420649523810964E-010   8.8360289037450380E-011  -4.3657020794817468E-011  0.17055187229558325       -1.9385785472147140E-012   5.0652277612779109E-014   3.1672131980637022E-013  -8.6716598679252092E-014  -1.3680864031461742E-012   4.3174413752685532E-012  -1.0141444666080373E-012  -8.9920754000779114E-013   1.2714602668260311E-012   2.5563463020762706E-013  -2.7872657616951550E-012  -3.4019294294257530E-012   5.0122035145577572E-012   4.7699888728309678E-012  -6.1509981076858251E-012  -4.5446490334610244E-012   4.0413970957428690E-012   1.0931509981123498E-011  -4.6209116155288487E-012  -9.0726830413713917E-012   2.0006160771290928E-012   2.5597370135666830E-012   1.4965227649504429E-012  -3.7523211460576368E-012   1.6883470291007793E-012   2.4672183979571704E-013  -6.5086276427429948E-012   2.3318400056154980E-012  -3.8959967668637862E-012  -5.1363875551612749E-012   6.6563116300590306E-012   1.7343470474978611E-012  -3.7179564344945132E-012  -5.0548973606743145E-012   3.5340915543111898E-012   6.3973263922009346E-012   4.5779313131737737E-010  -4.4172465757478800E-010  -4.6868725504339910E-010   5.4008863862921488E-010   9.5174833233293546E-011  -5.4090476450659896E-010  -1.9664761956799175E-010  -5.0881705757832835E-012  -5.2795593269948229E-010  -1.5900687051772983E-011   7.9685686899311625E-010  -7.3841462209323060E-011  -1.9077496778298457E-010  -4.0716095499682441E-011  -6.0042579500447698E-011  -6.9818498502220153E-012   1.0756454024314717E-010  -1.7384348354690780E-010  -6.7393162478863480E-011  -4.7962473081351369E-002  -8.8574777615482574E-009   2.4625964095518878E-009  -4.5479343876743407E-009  -9.4505857051436787E-009   2.0399212658812218E-009  -6.0985119688068839E-009  0.18824185795345852        3.8381956393435129E-004  -2.5488446759121211E-011  -2.2519958963437618E-011  -1.0018372662799974E-011   5.8938509031172318E-011  -8.4171723724623165E-011  -3.3459186726805213E-011   4.1156880163037719E-005
  0.13214481761957383       -2.1585248401910983E-010  -2.6057248101410576E-009   4.4357299826830739E-009  0.36815425437220278        5.2833832699995288E-011   1.5625482909314655E-009   2.0399061659679668E-008   1.5724712735073427E-008  -2.2057129699941899E-008  -3.3211823563730025E-009  -1.0449892976893843E-008  -1.7077880827124289E-008  -2.9652683293520160E-010  -3.2558184128680523E-010   3.7712617666764537E-010   4.4199897192764876E-011   2.4912923269139040E-011   3.5352657222426855E-010  -1.4073302617743558E-010   2.2991098611395219E-010   5.1440665247743918E-010  -4.5245787107163521E-010   1.0375877191539974E-008  -1.1944744147258964E-009  -2.1528086302662166E-010   1.2777282744634296E-009   6.8096012695131920E-010   3.4292348927537444E-011   1.4172813779013669E-009   1.2683024810785037E-010  -1.4362143184806512E-009   1.1866848608051795E-010  -2.0723651794964977E-010  -2.4336652363821094E-010  -1.8469057904254107E-011  -2.5345308672435888E-010  -7.0909212888048546E-012  -6.6253581413302708E-010  0.37020336107031665       -1.7420150180214380E-010   1.7294055034265828E-009   1.6555554563188999E-009   9.5507619500719482E-009  -1.1760301407437332E-008   1.0680739387165902E-009  -4.4458102368093979E-009  -2.7236413802237228E-009   1.7060792672656146E-010   8.7566217128193823E-011   4.0436380947198906E-011   7.2904784319675978E-011   1.4153160926291912E-010  -3.0306143735175101E-010  -1.7515347397701463E-012  -4.0792629762590539E-011  -8.5207198090203781E-011   2.6465157251593617E-013   4.1282119071160052E-009   2.0133516847366790E-012  -3.9448832906074857E-012   9.1451374010424896E-012   3.2563254788399650E-012  -4.1358589011685076E-012  -8.1169745437279257E-012  -3.1487467987280107E-012   1.1002105300496923E-011   1.1156668878151765E-011  -2.0174842101995770E-011   8.4480196285199205E-012   1.0708589201669815E-011  -1.9407263978928538E-011  -6.5727422396048489E-012   1.7178507197917230E-011   2.8528499864139574E-012   3.2901028641996739E-012  -3.0701295977340265E-012  -1.2507955971903355E-011  -4.0047517622616089E-012   1.4976928771970297E-011  -5.1392922327542051E-010  -9.0491360030229470E-011   5.6321961427574184E-010   2.6431076637589835E-010   1.1118785536177080E-011   6.3846350358497055E-010   3.6074577693240145E-011  -5.7092332399270335E-010   7.3007342898245876E-011  -1.3767729435830301E-010  -8.2095987387972390E-011  -1.7028755762557650E-012  -1.2010355006518506E-010  -6.5844371826670536E-012  -2.9509133268283871E-010  0.14086004376470679       -7.1873930079595881E-011   8.0237296921891463E-010  -1.3689755052883478E-011  -5.5960937594312020E-011   5.4650673392579267E-011   3.6962632480156007E-011   1.4601943102319874E-011  -1.9065363477840323E-011  -2.2166676406945355E-012   2.7661433325253451E-011   5.8941198616739466E-011  -6.1351651113031481E-011   4.6710775211012302E-009   5.1053985981735444E-009  -6.2262809492134646E-009  -8.2931452980628032E-010  -2.9988680698668064E-009  -3.8417717729478238E-009   1.0581035629020830E-009   2.1949762867211728E-003  -4.8249720807731640E-011  -3.0775416387731670E-011  0.25243197791112498       -1.6346274462182781E-010   1.0628924329968300E-009   1.0883073915084506E-008  -7.1455003996552802E-010   3.7298781094953537E-009   1.5377704263454935E-009  -1.3464626583247194E-009  -1.4237254758161791E-009  -1.2421141872950396E-009  -2.3061527581499583E-009   1.8851315624551226E-010
   1.4459189122506912E-010  0.13214481701367861       -7.6907195591330649E-010  -2.2330468904395467E-009   5.2833832699995288E-011  0.36815425325793510       -4.2617161323088137E-010  -9.5828287377216036E-009  -1.9954386825663645E-008   2.0111214680720922E-008   5.3992398432115053E-009   1.9007836381688377E-008   4.1835960703223378E-009   2.3335773941757445E-010  -3.3778249901730692E-010  -1.9040888553471368E-010  -1.9735148914348934E-010   3.4699623360999383E-010  -1.1572401809840202E-010  -1.1924375189627963E-010   6.7611192503404029E-010   4.9739164880719892E-010  -3.6201753272723094E-010  -2.6690515553758481E-009   1.0034228674581247E-010  -9.6811520397010265E-010  -1.4017335498285003E-011  -2.1247539590122611E-010   1.1508975173381908E-009   3.6215354889677002E-011   4.5179874360310585E-010   4.0068299779469808E-011   6.9271038149451893E-010  -1.5847367863151053E-011   5.8566219336054085E-011  -1.9316685217187413E-009   1.0960073516060086E-010   1.0738378867293274E-009  -8.3009764832864725E-011   2.7321814262241690E-010  0.37020336125480696        8.5819947974246844E-010  -5.4648590006065428E-009  -1.7453950635976341E-008   8.4057167194453420E-009   3.8654613855354409E-009   8.0455437860004130E-009   1.5993969152392218E-009  -8.4504129284426381E-011   1.0740829282460633E-010  -1.7988028064685181E-011   6.0493371367612044E-011   2.2812965004400833E-011   5.2931359627961349E-011   2.0209699005012362E-010   1.1395279122472798E-010  -3.7999696967901854E-010  -7.1519140407629304E-011  -9.1378699974821851E-010  -2.6953894875877546E-012   1.1762634806705283E-012  -1.1204032467808062E-011  -5.7783840045182675E-012   5.2841621432431029E-012   1.1668135840172335E-011   5.0679610596569063E-012  -1.1989130770401774E-011  -9.0604177504190730E-012   2.3607675838290306E-011  -1.6749576647373236E-011   2.3095368044625058E-011   3.7180502876475879E-011  -2.8379534887250035E-011  -3.0075628841603887E-011   3.6215289399727993E-011   4.2489288753205498E-011  -8.4602581105378682E-011  -4.6693320415235859E-011   6.9634329183189481E-011   1.0581065288613004E-011   4.9130191964654821E-011  -4.1094545155039451E-010  -7.9111067643523599E-012  -8.7247536056156124E-011   4.9187017522723482E-010   9.4042621474794561E-013   1.7053785443589273E-010   2.0603829739075640E-011   3.2254060903462287E-010  -7.4465282314168382E-012   9.8536427563164929E-012  -7.6576019866895960E-010   6.9935024101572225E-011   3.9913988803053699E-010  -4.0350544700739644E-011   4.6310002090965783E-011  0.14086004375510752        2.2310169209564974E-010   3.4064688075079211E-011  -3.8291359697457677E-011  -1.8646642966809361E-011  -3.9214767754003180E-011   4.0411673758509030E-011  -6.4734712405893465E-012   2.8517200660949652E-011   8.3005664312762570E-011  -4.9188166182572670E-013  -4.7967263728796623E-011  -3.0729738216706112E-009  -7.4622844947897603E-009   5.7483380331204919E-009   1.6445881669418838E-009   5.7173328216480613E-009   1.4283797397917404E-009  -3.2308268833825606E-010  -4.7692897268614423E-011   2.1949763081694040E-003  -1.4200155980349833E-010   6.1823126215013614E-011  0.25243197787952554        1.3372061370388799E-010  -2.9621739829327290E-009   2.8951830224587635E-010  -1.0258077377062127E-009  -1.1806588922497035E-009   2.3736667891442842E-009  -5.1273563462295621E-012   2.7745728801498627E-009   1.0309354761511614E-009  -3.4600226177019317E-011
  -2.2961023113502620E-009  -1.7016688647198796E-009  0.13214480945249268       -1.2751876884342665E-010   1.5625482909314655E-009  -4.2617161323088137E-010  0.36815426051658479       -5.2306330385803733E-008  -9.4099555113750886E-009  -4.8823768578528737E-008   6.6203632468602281E-008  -9.1810783641519326E-009  -1.3897302235246595E-008   2.5313138696500472E-010   1.3383564926962246E-010   8.0829962351678428E-010   2.5182462208065126E-010   7.7275348333303219E-010  -5.9143287348959827E-010   1.6756482870898233E-010   1.5418983037199315E-012  -3.5864329722455565E-010  -6.0395496252618574E-010   3.5563127267934199E-009  -6.7624691110212832E-010  -9.7396503710224223E-012  -1.2732332452599966E-009   9.6970015058403195E-011  -1.5963211720157773E-010   1.0909325320686110E-009  -2.0469489932181220E-011   6.5091337676316577E-011   4.0532276203319027E-011   1.2247171837444069E-009   1.0272529426725680E-009   2.6532567812569409E-012  -1.9014707493338515E-009   1.1632897505833595E-010   4.6141479656369010E-010   1.6810589886670458E-009   5.4643249756421543E-010  0.37020336667030324       -2.2968393271800687E-008  -4.2598176200545997E-009  -2.7796692460338781E-008   3.5535394446331015E-008  -1.1167785758183344E-009  -1.2566976800344663E-008  -6.7193182489359253E-011  -6.8565139810077756E-011   4.2209376187733432E-011  -5.3969328943448404E-011  -8.9432372204945921E-011   1.4411934775423893E-010  -1.1588741478764005E-010   1.9056445064616936E-010   2.2406217132811873E-010  -1.7388142631497798E-010   4.2131620881691333E-009   7.4505989691381587E-012   3.6286732774428404E-012   2.1914001978584672E-012   3.6881988805463015E-012   3.5511520284825292E-012  -1.9938239424873278E-011   5.7722070173127456E-012   3.6066836619131443E-012  -1.4116069228705847E-011  -5.6130144245076990E-012   2.1477898012799675E-012   6.2215132402412302E-012  -8.7200042106232294E-012  -9.7724237877103812E-012   2.0193334184392348E-011   1.1361620417969487E-011   1.9157266615434389E-011  -3.0558418950496873E-011  -2.7875297460252616E-011   3.1376626465389962E-011   1.5150682271205129E-011  -2.9661468980253764E-010  -1.5830687939489959E-012  -5.6521977710530346E-010   2.9177704099473104E-011  -7.1843112952904615E-011   4.9187498707975680E-010  -1.5902950917019794E-012  -7.6979150340735081E-012   4.2586785806141537E-012   5.7095820131238098E-010   3.9073171612003563E-010  -5.5485385070030861E-011  -7.1553162297840234E-010   1.0903334711549839E-010   1.2732958560912099E-010   7.8788931132745064E-010   1.5432580357404614E-010  0.14086004687575451        4.1852558978374151E-011   2.8390669149688659E-011   1.3717202919065774E-010   2.9503666359069325E-011   7.5449080281184017E-011  -8.5652760548174492E-011   2.2982233939891242E-011   8.0973384084129019E-011  -5.9218941458668295E-011  -1.6276994879691469E-010  -1.5477535871653428E-008  -2.7899021062474477E-009  -1.4848945981903795E-008   2.1023999782050776E-008  -2.0020068543670653E-009  -5.5464412090089031E-009  -2.7469219414700760E-010  -4.0884399556157759E-011  -1.2796253504038571E-010   2.1949761566546363E-003   1.0454604724891871E-009  -3.3832137009178875E-011  0.25243198186945903        4.9536959395391207E-009  -1.7634150388965046E-010  -6.6726011157534329E-009  -1.1722222460148731E-009  -3.8484898540049667E-009   8.1259833475566457E-009  -1.2811654908775392E-009  -1.4533820178384506E-009   1.6799695021010057E-010
   7.3217463052124211E-009  -3.4397480044061405E-009  -1.8774852634997165E-008   7.7847816767077386E-011   2.0399061659679668E-008  -9.5828287377216036E-009  -5.2306330385803733E-008   8.8114518050301713E-015   2.7275279860296934E-015   5.1910622881075763E-015  -9.7304126312866146E-015   2.3009443422216717E-016   9.1896065293169282E-016  -5.6182307644086688E-017  -2.7894404549912055E-017  -9.1396596641655228E-017  -2.8754001080178406E-017  -1.1744391770616081E-016   1.0412391710677288E-016  -2.8405351912400759E-017  -2.1752150142254276E-018   6.6013933233198060E-017   6.9791805109427325E-017   2.5241436988449993E-010   2.7300437788061834E-017   1.4656942452162137E-017   2.5206057391221075E-016   2.9439589931894159E-017  -5.4064336272732197E-018  -7.7394869740384776E-017  -1.8659264203670177E-018  -8.9782518865238605E-017  -1.7161302606702778E-017  -1.8514062453512513E-016  -1.6098253882061719E-016   4.8960408049276908E-017   2.5334699112286275E-016  -4.4930555293134145E-017  -1.0016427877785042E-016   2.0512197417323295E-008  -9.6363166547863932E-009  -5.2597592302643583E-008   3.4971045672199090E-015   1.5886484694671177E-015   3.0786308247595926E-015  -5.0898951996128588E-015  -2.9721640080726718E-016   1.5927860201953422E-015   2.0891415859990225E-017   1.1758365999808439E-017  -2.9445365582702353E-018   1.0138193725976930E-017   1.9953890162338116E-017  -3.8238812514371367E-017   1.1063749718973963E-017  -3.2588920805425912E-017  -2.6566324460173733E-017   2.6539058987803878E-017   1.8774552921571963E-010  -8.7909048535632843E-019  -7.6474682572383533E-019   4.8743781122402821E-019  -1.9340160685624576E-019  -8.7288925993760577E-019   2.0843296957915373E-018  -1.1277316467980633E-018   4.0828174867460292E-019   2.8612435782260780E-018  -9.3471724167830956E-019   5.9576559050938428E-019  -8.9532991307735314E-019  -7.9839548289051832E-019   1.7681842972292791E-018  -1.1414935963066293E-018  -2.4038591309775520E-018  -3.6411012550428453E-018   6.3859238205697089E-018   4.4777807222862478E-018  -6.5026297612658244E-018  -1.5959130860726096E-018   1.2331921511504651E-017   5.8848744839235458E-018   1.1175042530059798E-016   1.2797979041185930E-017  -1.9631625984182568E-018  -3.4462833837573882E-017  -2.2010087586990508E-018  -3.1137729417471730E-017  -4.9426132411272734E-018  -8.8541758629754311E-017  -6.0313583992130362E-017   2.7687346747348759E-017   9.3147717771198447E-017  -2.6223929827280121E-017  -3.3409118403487401E-017   7.8313121147947963E-009  -3.6566305494204808E-009  -2.0004451778822998E-008  -6.9892338638253515E-018  -6.0319521061000972E-018  -1.6557116731859611E-017  -1.3365554898444441E-018  -1.0955087189871859E-017   1.0686757952312779E-017  -4.1470531323510928E-018  -1.1253729107191326E-017   1.1608967639106181E-017   2.0753617048431705E-017   2.5374886197289513E-015   8.7340859970248819E-016   1.6149293177865402E-015  -3.0755217026473178E-015  -3.0641607789644639E-017   5.3802895896948238E-016  -5.0476807544328117E-011   5.1108578993747507E-010   8.8486142917677537E-011  -1.8569719576221843E-010   1.3986690086650309E-008  -6.5707669703079779E-009  -3.5864933936300293E-008   2.0708005338567011E-010   1.2663625106552119E-011   1.1795711861137714E-015   2.8229756818840146E-016   4.0935710748729238E-016  -1.2320753264525459E-015   4.0700485971757603E-017   5.2504080474679197E-017   2.9427703315970501E-013
   5.6443226249156282E-009  -7.1626760460862862E-009  -3.3776463460368589E-009  -9.5143066944829160E-011   1.5724712735073427E-008  -1.9954386825663645E-008  -9.4099555113750886E-009   2.7275279860296934E-015   1.9939376176661162E-015  -7.8414396814001344E-016  -2.1269964630115127E-015  -1.2411303531046152E-015  -6.0053207232733614E-016  -3.4576045446371412E-017   5.3351702228757649E-019   8.7167967575772179E-018   6.8338239457959555E-018  -3.7492419981566480E-017   3.9549846543407501E-017  -3.9489315097058294E-018  -3.0412711946030622E-017   4.7850997640881981E-018   1.6179546497610493E-017  -3.0848552940072515E-010  -3.9150237531377946E-017   4.3583534025853660E-017   8.7867592908186536E-017   3.8168639777827425E-017  -5.6858561700187857E-017   3.0603353451762267E-017  -1.8522385558077739E-017  -6.5247907007594706E-017  -3.3623095421472588E-017  -3.9234668201840194E-017  -3.9810863453704946E-017   1.0384465682273325E-016   3.1763844555030035E-017  -6.1464649790019370E-017  -3.5503979361654904E-017   1.5812407178996839E-008  -2.0065864259873453E-008  -9.4624044286802002E-009   9.5418049512531348E-016   1.4626915474581200E-015  -2.4756617014978541E-016  -1.0723815442364377E-015  -5.9717227425066436E-016   1.1820061584498039E-016   1.3959519631745770E-017  -2.8708767377491787E-019   1.1904608770591426E-018   1.2066973326497163E-018   7.0846897129710915E-018  -1.9991885923576755E-017  -8.0188832982739000E-018  -1.2444955150892787E-017   1.1123829170522790E-017   8.3978426875629925E-018  -2.2927811735894487E-010   4.4330899177798516E-020  -3.2504858445037019E-019   9.4146684621090717E-019   3.5815344160962852E-019  -5.5192287870374753E-019  -4.7546654350108536E-019  -5.5540701395826423E-019   1.0286353483128407E-018   1.3267183506772546E-018  -1.9980833793571908E-018   1.2174723684257843E-018  -9.4886629005431166E-019  -2.6279343914542392E-018   1.5007829906801101E-018   1.8560822590367378E-018  -2.1255930517438088E-018  -2.6574232474266784E-018   5.2213115984185491E-018   2.7152480496187085E-018  -4.7355145292983447E-018  -3.2376229567174046E-019  -1.7014830698493025E-017   1.8409451900419067E-017   3.8903639189659120E-017   1.5250297126106700E-017  -2.4301951780923491E-017   1.4638433447907936E-017  -7.6485461207205288E-018  -2.5274669193547265E-017  -1.4437316517539858E-017  -2.0064956698205175E-017  -1.4018074735594322E-017   4.2777007736134442E-017   9.3742310532686901E-018  -2.4663273687564348E-017  -1.3669675383861583E-017   6.0051682167994622E-009  -7.6077132843316364E-009  -3.5955067738427631E-009  -4.2334756900760593E-018  -1.1620047764374636E-018   5.6501045828614954E-019   3.2141303669965374E-018  -3.4917655291513295E-018   2.4448439512440226E-018  -2.2041616041442277E-018  -6.4429025304618894E-018   4.1476557226408389E-018   4.3854017555878439E-018   7.6190647736807488E-016   6.9364972859347825E-016  -1.9806508557240655E-016  -6.6207995790786121E-016  -3.8654699442220616E-016  -9.9826422546932543E-017   6.5176163584144508E-011  -7.2782772726014747E-011   2.8033823762064723E-010   1.5458024440916083E-011   1.0782083613813033E-008  -1.3682428622227795E-008  -6.4521731701514344E-009  -2.5310086966696016E-010   3.1692583912042542E-012   3.8621761114120166E-016   1.5808852346971170E-016  -8.7826969287727017E-017  -2.6820287010576364E-016  -1.7151874722374215E-016  -1.1801476093548190E-016   1.5699795999456166E-013
  -7.9173099063275845E-009   7.2188070312676229E-009  -1.7525084173613064E-008  -9.4583808824358556E-011  -2.2057129699941899E-008   2.0111214680720922E-008  -4.8823768578528737E-008   5.1910622881075763E-015  -7.8414396814001344E-016   8.8953201172749434E-015  -8.2862969283860106E-015   2.8826867392552917E-015   3.0952350382448199E-015  -5.8291297950353385E-018  -1.7142672251369851E-017  -1.3725521038348874E-016  -4.6144699025637948E-017  -8.5015500839366685E-017   5.3971562273688219E-017  -2.0422372273765023E-017   1.9435486952220895E-017   4.4520548167324126E-017   8.7862169665491684E-017  -3.0667529046952966E-010   1.6682901161096480E-016  -3.8682432863548607E-017   9.1530431564528446E-017  -6.5258325904173306E-017   8.2029694416813330E-017  -2.2779633174666361E-016   1.9840543555049723E-017   7.9586134679407626E-017   2.5278702774073196E-017  -1.5085047843217404E-016  -1.1846782393576716E-016  -1.0485776439613288E-016   2.7336197101839493E-016   4.3716383651235153E-017  -2.5939107122317005E-017  -2.2180127133317574E-008   2.0223322153351955E-008  -4.9096036162336660E-008   2.6484626115009806E-015  -9.6054180196119567E-016   4.8495837814512133E-015  -4.5655832857400901E-015   8.5427635085552775E-016   1.9171187956310040E-015  -5.5643851175352080E-018   9.7696401157385086E-018  -9.4507209412536415E-018   6.0854763139942272E-018   4.6144748428142502E-018   1.4578914957780521E-018   2.6576240693331844E-017  -1.6253093975992305E-017  -4.5507325527236043E-017   1.9209598858370355E-017  -2.2800325577195678E-010  -1.2534613413911715E-018  -1.8065353012861909E-019  -1.4511840814535259E-018  -9.9984539919784014E-019   6.7183937063040799E-020   3.7623486820038647E-018  -2.9863854981125842E-019  -1.7913016644926287E-018   7.0691308088371791E-019   3.2426948037137582E-018  -1.7022471905496013E-018  -2.0058612308593711E-019   4.3436465794574486E-018   1.3337024603014251E-019  -5.3421993385330913E-018   3.0671392315268633E-019  -4.2245189488740082E-019  -3.9960429876747271E-019   1.9021847677846260E-018  -1.0512862479516567E-019  -2.3316485824511931E-018   7.2739746967121755E-017  -1.6807617375388317E-017   4.0747107001523558E-017  -2.4449829973189007E-017   3.5701601507820132E-017  -1.0332757617761432E-016   7.3569344417512294E-018   3.6325830603079721E-017   1.2679291600005501E-017  -6.7822976278260651E-017  -4.6317412232339640E-017  -3.4337565817072267E-017   1.0581067202068309E-016   7.7271469331031173E-018  -1.4143418075013243E-018  -8.4242624430194675E-009   7.6836069303138169E-009  -1.8646494165336539E-008  -3.5882201577342874E-018  -2.6369822793553679E-018  -2.1740490960061876E-017  -8.0101287869641913E-018  -8.6664978016724970E-018   1.2852769040209853E-017  -1.3508882557331360E-018  -8.9094682945535242E-018   4.4196878385435051E-018   2.2868327739961089E-017   1.6049692688234213E-015  -3.4326324303734226E-016   2.6560491017471411E-015  -2.6489539943295825E-015   7.5790882111016527E-016   1.0439826711421879E-015   6.3372315705464070E-011   9.0521735728673200E-011  -4.4966786652163419E-011   2.1114093093442483E-010  -1.5124070804225338E-008   1.3789770887346935E-008  -3.3477353343364412E-008  -2.5160798986514352E-010  -4.4493395736536301E-012   6.0532579951443342E-016  -3.0656235340454762E-019   7.1877323457594481E-016  -9.9231626144759467E-016   3.9702568230462992E-016   3.8699047540235753E-016  -1.2445665434241702E-013
  -1.1919683274631237E-009   1.9380818397006172E-009   2.3763359391702152E-008   2.3517726327377971E-010  -3.3211823563730025E-009   5.3992398432115053E-009   6.6203632468602281E-008  -9.7304126312866146E-015  -2.1269964630115127E-015  -8.2862969283860106E-015   1.2015188451712520E-014  -1.2797685591456770E-015  -2.2847754794154234E-015   5.8514430197098911E-017   2.3161887289242518E-017   1.3186737478166974E-016   4.0296924717193176E-017   1.4381628191160809E-016  -1.1880061015305271E-016   2.9943795028507289E-017   1.6883813079057801E-017  -6.3340520471920101E-017  -1.1093270274133792E-016   7.6252497849904327E-010  -1.0951211088526026E-016  -1.4081421138289776E-017  -2.4062588644282367E-016   8.1230553273222356E-018  -1.2175658914416026E-017   1.8424761251838290E-016   1.7095400251795428E-018   2.5338775444297861E-017   1.6599054057913642E-017   2.2173950557943818E-016   1.8775645152918435E-016  -2.7546001557755261E-017  -3.3794052183677148E-016   3.6621074577724374E-017   8.7493046678087646E-017  -3.3394668392580767E-009   5.4294211903036090E-009   6.6572588357023617E-008  -4.2257143081893013E-015  -1.1083025452090176E-015  -4.7684735372828776E-015   6.4376790952513124E-015  -4.3377592202211496E-017  -2.2119619733657360E-015  -1.5772383049453461E-017  -1.1667290839014118E-017   8.0501700621656426E-018  -9.4532360969096633E-018  -1.6994815227249730E-017   3.0626689759753061E-017  -1.7994342467423362E-017   3.5435627009709679E-017   3.5791154680342351E-017  -3.2480880207746003E-017   5.6678669504408038E-010   1.2757494385668022E-018   7.0551371486288819E-019   1.4841656539677148E-019   5.4891799273762296E-019   7.4896781603052814E-019  -3.3269024263058699E-018   1.1374148811889546E-018   3.7064667082776480E-019  -2.7677675304362568E-018  -4.8052476967127514E-019   5.5176507934605415E-020   1.3496296918250156E-018  -8.3128217987318702E-019  -2.0985539330423310E-018   3.0150701493611202E-018   2.5335542907305561E-018   4.0521308493809112E-018  -6.6723099307916397E-018  -5.6004580677111248E-018   6.6698609413754482E-018   2.7515356832409586E-018  -4.7916271120888174E-017  -5.4723554754406396E-018  -1.0681285958260235E-016   1.5737048775456898E-018  -5.8122895057739703E-018   8.2598269384728126E-017   1.8899334112580871E-018   4.0821303931954223E-018   4.8065361131137883E-018   1.0377033447850136E-016   7.1112023075444994E-017  -2.1177100164771554E-017  -1.2648922045786323E-016   2.5509163837581615E-017   2.4986710110343254E-017  -1.2838733894379505E-009   2.0573287536879868E-009   2.5299253040956685E-008   9.9433847248090134E-018   5.3657049907526587E-018   2.2083287408615727E-017   3.7453988601347895E-018   1.4009941607838002E-017  -1.7080937876973059E-017   4.5281711154150210E-018   1.8155966003749218E-017  -1.1447592151713370E-017  -3.0023775732102108E-017  -2.8706486426995740E-015  -6.5738638478529235E-016  -2.5294939268843371E-015   3.8127137909942926E-015  -2.4986689167654416E-016  -9.4206291478380797E-016  -1.6011350720433503E-010  -2.1383161602278172E-010  -9.2960270014414419E-011  -6.2912686267992113E-011  -2.2770749979259544E-009   3.7021929921087260E-009   4.5394152020640226E-008   6.2561819067202124E-010  -2.5336217745232411E-012  -1.2484628908203227E-015  -2.4182162121614796E-016  -6.4332355670727113E-016   1.4735451039163610E-015  -1.7900533709190534E-016  -2.2508219784784925E-016   2.7746511056773424E-013
