   2.9828271004804453E-028   6.1090165949558741E-015  -6.6170830835680786E-027   3.4097113366972295E-019   5.4567800250988297E-028   9.0433291798352609E-015  -9.8515245674387219E-027  -7.9309857588081426E-019  -1.2909526638938604E-019  -6.1147754229652374E-030   6.0317049067795372E-031   2.5819053271113810E-019   3.7437405198064607E-030  -1.2909526638400018E-019  -1.5712263593426761E-027   7.9653388582513080E-015  -9.0385334501393327E-027   9.0497433231033626E-028   4.8563908358999722E-016  -4.6218343842149121E-028   2.6537482362567546E-028   4.6081942525172223E-030   3.8284156641065414E-028  -7.2394800230306721E-016   2.1671313969790952E-027   4.8563908358979547E-016  -1.0502141239120786E-027   4.2246135343181073E-018  -3.8915379932825746E-021  -1.3732335415043319E-030  -3.9117129319333057E-030   9.1146050822553521E-021   9.3269980948679072E-030  -2.2786513318137841E-021  -2.0153351644816300E-030  -2.8955536034117977E-031   7.8254405653597453E-032  -4.6112395106571711E-030  -1.0377434496185697E-020   2.0357481296199563E-029   9.1146050772680046E-021   2.3038518184134958E-029  -3.8915379817646754E-021  -7.4368658696751974E-020   1.6864564275259584E-029   1.2220137847629568E-029   1.4873731588845424E-019  -1.0290548648749668E-028  -7.4368658757195395E-020  -5.8305956913272487E-028  -1.9061021954181555E-016   1.9437550873273340E-028  -1.3248185113054149E-028  -8.2377314203399813E-030  -1.5453850084640009E-028   2.8414493873924350E-016  -8.0881008508343635E-028  -1.9061021954158491E-016   4.5545930308571730E-028   4.1918187459811792E-028   3.9883537098243088E-018   7.5380295776899106E-030   1.6260278280220464E-028   9.7331743807377878E-031   1.6016271804750394E-028  -6.9626410595245599E-018   1.9371408266783949E-029   2.3353408058299950E-018   8.5679410379012414E-030   1.1155572072546997E-028   9.6014363334160246E-031   6.1870978385636471E-029   1.0837885036502207E-030   1.0176018259185021E-028   6.3813659345392376E-018  -3.1116104887442087E-029  -6.9626410595801407E-018   4.2394687982959361E-029   3.9883537098151514E-018   1.7831030620715676E-029   8.9074847648130383E-028   4.5847196972953921E-015  -4.8912797435252249E-027  -1.8647271345781181E-021  -4.7087933860209303E-030  -3.3002412628311793E-030   4.3674891054899649E-021   1.0588445846532526E-029  -1.0918723675847632E-021  -5.0262781365190320E-030  -1.1087168775454624E-030  -2.8214690426778340E-030  -2.3119528146563863E-030  -4.9726053570174589E-021   2.3458541065883255E-029   4.3674891122634680E-021   2.2251207838083779E-029  -1.8647271179984601E-021   2.5954443162198744E-028   1.1065492382993349E-016  -1.0881410327555238E-028   6.3412130027701129E-029   2.9725129056252453E-030   8.3799170698533151E-029  -1.6495462115605091E-016   4.8186462633477920E-028   1.1065492382981726E-016  -2.5068599167748911E-028  -2.0134135981398641E-019  -9.5832437979921283E-031  -2.2695079806669065E-030   4.0268271838083485E-019   2.1870134672001444E-029  -2.0134135985267287E-019   7.3559391186213661E-017   1.1758368642104120E-028   2.1726359375210690E-015  -2.3670393496917278E-027   2.8282686678054866E-019  -1.2154751937075000E-030  -3.6826723663753815E-031  -5.6565373359590956E-019   2.0968179230961466E-030   2.8282686679547736E-019   4.9893303078853756E-018   4.5345699479539090E-016
   6.1090165949558741E-015  0.12516978372894461       -1.3558796564548905E-013  -9.2451197173582152E-016   1.1164974962529495E-014  0.18529194347978517       -2.0183396545104602E-013  -4.9835098650895870E-016   6.2181177398567764E-016  -1.3733412069207381E-016  -2.4180716710425566E-018   4.0874971879145413E-016   8.9285478726688870E-017   6.7872489071785427E-016  -3.1418545002591386E-014  0.16320462167974673       -1.8508408918824447E-013   1.8188121181934514E-014   9.9504295197814785E-003  -9.5170167576465463E-015   5.3228157035681811E-015   9.0072334744223574E-017   7.6971791029891450E-015  -1.4833224541261526E-002   4.4374986207032729E-014   9.9504295197773308E-003  -2.1553810576252935E-014  -5.1346365529529757E-014   9.9484286291368387E-016  -2.7605105346423423E-017  -8.2416408434385377E-017   7.5997090843398896E-016   1.9277386200021978E-016   5.8322550817832151E-016  -3.9689675608835248E-017  -4.4961279436014347E-018  -1.2836307923095415E-018  -9.6336669300109144E-017   1.3720713934521066E-015   4.1313627744681300E-016   6.7325025169615646E-016   4.7161930129549054E-016   1.0752090713700898E-015   8.1512134850970428E-015   3.6190962107000898E-016   2.7429078911657718E-016   7.2649918501236455E-015  -2.1016260408336076E-015   7.6797287106645113E-015  -1.1490309918784838E-014  -3.9054796440192376E-003   4.0394797901859258E-015  -2.7220024460620592E-015  -1.5709936126966834E-016  -3.1315447815444776E-015   5.8219453126106355E-003  -1.6563689491052351E-014  -3.9054796440145000E-003   9.3179121244439063E-015   8.2962120383341391E-015   8.1718778060897279E-005   1.4182792788776624E-016   3.2549662479401414E-015   2.0004951354511159E-017   3.2035909476563845E-015  -1.4265999478903430E-004   3.8899265450496286E-016   4.7849616882798623E-005   1.6926296126924953E-016   2.2569351729080876E-015   2.0908454576705338E-017   1.2596868474235224E-015   2.0530257098679572E-017   2.0603953201432920E-015   1.3075004487334254E-004  -6.4754430633742421E-016  -1.4265999479016965E-004   8.6302767349417711E-016   8.1718778060714360E-005   3.4627207186506999E-016   1.7992951653047639E-014   9.3937929951300736E-002  -1.0024441567557103E-013   2.0017760285889186E-015  -9.5663926480242570E-017  -6.9242479678611573E-017   1.2598897507583512E-015   2.1644364553889715E-016   1.2762507620701397E-015  -1.0435652674171172E-016  -2.4213512076868084E-017  -5.4807916170734026E-017  -4.7924159905307375E-017   2.4001203491226383E-015   4.8015980780503144E-016   1.4005330475069342E-015   4.5523716326533884E-016   2.3374472386166380E-015   5.1499789592812825E-015   2.2672475461553081E-003  -2.2571974696432993E-015   1.2934343344208641E-015   5.2598355211115721E-017   1.6858141104704525E-015  -3.3798130900872512E-003   9.8679914265779153E-015   2.2672475461529180E-003  -5.1328904688872987E-015   6.2885064322782097E-015  -2.9453547510782464E-017  -5.7669731285281737E-017   6.4118580610272298E-015   4.6877615087696740E-016   6.1908325417446968E-015   1.9971323651195126E-014   2.4082425746309959E-015   4.4515899767859322E-002  -4.8496065559445112E-014  -1.1308285255522638E-017  -2.1963357566425690E-017  -4.8534287100859772E-018   4.2046179508726213E-017   1.6364454318013365E-017   7.7649254194934919E-017  -5.6021929168235690E-016  -7.4334953926070798E-016
  -6.6170830835680786E-027  -1.3558796564548905E-013   1.4687454794289932E-025   1.0782044471196738E-018  -1.2091853075422785E-026  -2.0071423724217409E-013   2.1863040966540932E-025  -2.5079026520455176E-018  -4.0821957254787822E-019   1.5062390281470376E-028   4.8998389666972362E-030   8.1643914283696909E-019  -9.8658211372970895E-029  -4.0821957260128089E-019   3.3914000043896156E-026  -1.7678853456692073E-013   2.0047216907274766E-025  -1.9647295543844333E-026  -1.0778627682281530E-014   1.0316422025680433E-026  -5.7481689571976442E-027  -9.6898457280776859E-029  -8.3151476619407106E-027   1.6067829468073979E-014  -4.8064081740777174E-026  -1.0778627682277035E-014   2.3353281017489877E-026   1.3358893663148428E-017  -1.2305657492700608E-020   2.9820708272669723E-029   8.9626140915102159E-029   2.8821816370620899E-020  -2.0907658567015511E-028  -7.2054552432443825E-021   4.2745712855745508E-029   4.6486271447444273E-030   1.8360282268841576E-030   1.0464134364537041E-028  -3.2815084579632808E-020  -4.4690908809384629E-028   2.8821816462172495E-020  -5.1080772149822819E-028  -1.2305657555737538E-020  -2.3516542595462611E-019  -3.9455796792070174E-028  -3.0081044961354789E-028   4.7033081798385498E-019   2.2754937104726361E-027  -2.3516542556226511E-019   1.2376269554944101E-026   4.2305421007129724E-015  -4.3844694417714352E-027   2.9497241922054895E-027   1.6837153488056860E-028   3.3868125082672746E-027  -6.3065198126856137E-015   1.7941043598947944E-026   4.2305421007078385E-015  -1.0091280042311520E-026  -8.9415755750616513E-027  -8.8520428351199816E-017  -1.5168472367856445E-028  -3.5140539619051904E-027  -2.1679627787312553E-029  -3.4581896006130037E-027   1.5453392900579843E-016  -4.2014792385764883E-028  -5.1832255491506539E-017  -1.8238059549507567E-028  -2.4403453229571469E-027  -2.2839428642288943E-029  -1.3632975171507931E-027  -2.1980400436354387E-029  -2.2280896795018502E-027  -1.4163268533583318E-016   7.0298360128107871E-028   1.5453392900702775E-016  -9.3399343743782016E-028  -8.8520428351002391E-017  -3.7214937857465569E-028  -1.9450745126678346E-026  -1.0175660961935514E-013   1.0859189917950396E-025  -5.8965634717852310E-021   1.0350030051678398E-028   7.5256128560097775E-029   1.3810687107050077E-020  -2.3438056498393118E-028  -3.4526740344309009E-021   1.1325401428056007E-028   2.6459837354274028E-029   5.8906383248530891E-029   5.1998463777714560E-029  -1.5724164562267181E-020  -5.2004896775893112E-028   1.3810686954413855E-020  -4.9302337391882210E-028  -5.8965638347723992E-021  -5.5527090145564857E-027  -2.4559560082297966E-015   2.4493393583256837E-027  -1.4001888333392273E-027  -5.5694285297038813E-029  -1.8213169477574205E-027   3.6611230561785512E-015  -1.0688540680998279E-026  -2.4559560082272064E-015   5.5595726940330006E-027  -6.3667310961889742E-019   3.3420282192271567E-029   6.4193450916733575E-029   1.2733461917942022E-018  -5.1098375317927724E-028  -6.3667310962035255E-019   2.3260638447073360E-016  -2.6085365636486197E-027  -4.8221065089264060E-014   5.2532041416944133E-026   8.9434311323336120E-019   2.3337540155331565E-029   4.8419104145059584E-030  -1.7886862266008496E-018  -1.3621593574432033E-029   8.9434311317047747E-019   1.5777048522382163E-017   1.4339024614353202E-015
   3.4097113366972295E-019  -9.2451197173582152E-016   1.0782044471196738E-018   9.1532901597068478E-007   2.0455895019449765E-018  -1.3698470503005328E-015  -2.2766755496192704E-018  -2.1290545363690102E-006  -3.4655321666399522E-007   1.5782893258821359E-018   1.9360082887520676E-018   6.9310643292993759E-007  -1.6480333979715940E-018  -3.4655321665699365E-007  -1.0152110338692846E-016  -1.0619072192985339E-015  -1.4358658053369740E-017   4.6408632463047369E-017  -9.6300114794466727E-017   6.1811970728079710E-018   1.5007097369411261E-017   5.6947997501100512E-019   1.9259146162869460E-017   4.5039733326140752E-017   3.6854221367691551E-018  -9.4485088903623727E-017   4.6649050479719871E-018   1.1340876013133591E-005  -1.0446742654250121E-008  -6.9643783588563291E-020   2.9714260349827887E-019   2.4467943594101649E-008  -2.1876447136064109E-019  -6.1169861642550690E-009  -2.1005265920236499E-019  -1.8823027143278255E-019   3.7825103245169099E-019   2.4308654288711796E-019  -2.7857979833955229E-008   5.2083602489014092E-019   2.4467943592075212E-008   5.5679885230395984E-020  -1.0446742633860023E-008  -1.9964092211110408E-007  -2.1441967680564551E-018  -3.1323945322195727E-018   3.9928183709417821E-007  -8.9623815007949456E-019  -1.9964092221158998E-007  -5.9770749049215209E-017   3.2760433899903100E-017  -7.4486189124830137E-018   9.8726499278023529E-019  -1.5311312917370709E-018  -4.5658204056123320E-018  -1.3320860312363012E-017  -1.0879784544372268E-018   3.1177959270981269E-017   1.8543373109343486E-018   3.8329672573338157E-017  -6.9279012572254564E-018   1.6536328448300510E-018   1.0043745714276118E-017  -8.1636062499272564E-021   1.0224545198550653E-017  -8.1630280933685974E-018   1.0369985855036310E-018  -4.1679594990604353E-018   8.2391906075493350E-019   3.7692760801903270E-018  -1.6190368504662242E-019   1.0493674592313468E-018   2.1956879994113865E-019   3.2236688935640480E-018  -2.1211142358446733E-017   1.3095943337274313E-018  -8.6187912174230082E-018   7.3526832935250920E-019  -7.5455237219812576E-018   2.4990620434203187E-018   3.3790403989997585E-017  -7.4009749673126372E-016   3.3107513150627423E-018  -5.0058165451648056E-009  -1.0693605965352002E-019   2.1260036577100374E-019   1.1724421963093618E-008   6.6391510780547153E-020  -2.9311059441097095E-009   1.7967186005879426E-019   1.9608476937983362E-019  -3.9333644858012446E-019   7.2551002009526011E-020  -1.3348842835702874E-008   6.4260215329455598E-020   1.1724421962850105E-008   8.8520918100383619E-020  -5.0058165446361189E-009   2.2000294914268898E-017  -1.9958488142394228E-017   3.6248973291519236E-018   7.6502004811002028E-019   1.0883027182814528E-018   4.0846856614953762E-018   8.4708259962480089E-018   6.6844334827684741E-019  -1.8835396134325999E-017  -4.5892270096206120E-019  -5.4049616173018962E-007   1.2863495838004836E-018   1.4633397684814993E-018   1.0809923176245802E-006  -2.7083139951967498E-018  -5.4049616182124556E-007   1.9746846137801401E-004   1.2719482990638653E-019  -3.2747818389945372E-016  -3.9749679676893264E-019   7.5924209430971589E-007  -3.8531647944170040E-019  -3.5271757760269052E-019  -1.5184841887154300E-006   3.4848182493921412E-018   7.5924209433813660E-007   1.3393740259882994E-005   1.2172946733322021E-003
   5.4567800250988297E-028   1.1164974962529495E-014  -1.2091853075422785E-026   2.0455895019449765E-018   1.0004721362585393E-027   1.6527790079035195E-014  -1.8008403950702129E-026  -4.7580394949705399E-018  -7.7448175408179749E-019  -8.7228352719376240E-030   4.1109284502675541E-030   1.5489635074214107E-018   4.2810965854753805E-030  -7.7448175406107371E-019  -3.0293723235801262E-027   1.4557630927680082E-014  -1.6541338678776030E-026   1.7260703752877331E-027   8.8756481912078296E-016  -8.3509116678082899E-028   5.0832600385041368E-028   9.3070115588363938E-030   7.2961853453790551E-028  -1.3231035133480410E-015   3.9664248221436459E-027   8.8756481912041693E-016  -1.9121454816380517E-027   2.5344741079213921E-017  -2.3346519830390366E-020  -2.6179788179970944E-030  -6.6873736089140626E-030   5.4681286991939502E-020   1.6706269304127811E-029  -1.3670322272871043E-020  -4.0096937264911675E-030  -8.2170803820665775E-031   7.3082233003068162E-031  -8.0498472062529107E-030  -6.2257385038290752E-020   3.8015166983263472E-029   5.4681286979675433E-020   4.2192236250700797E-029  -2.3346519777653749E-020  -4.4616019666650350E-019   2.7489967847723004E-029   1.7466049306631350E-029   8.9232037950537234E-019  -1.8946511775121708E-028  -4.4616019693312655E-019  -1.1584965301901492E-027  -3.4836348792107933E-016   3.4366984627375531E-028  -2.4059257382529245E-028  -1.7434842625794786E-029  -2.8953330412582655E-028   5.1930962658914306E-016  -1.4798900689112082E-027  -3.4836348792066024E-016   8.3528922300343966E-028   8.2567052696752650E-028   7.2892041819967660E-018   1.6346419584040744E-029   3.1278447214827526E-028   1.7661703953638757E-030   3.0860591813501727E-028  -1.2725078070166964E-017   3.7015115538478963E-029   4.2681209357915443E-018   1.6939331917228472E-029   2.0973918522679587E-028   1.5031812774147608E-030   1.1470749889923757E-028   2.3219663763224098E-030   1.9098876667009069E-028   1.1662726689023122E-017  -5.4833375076638757E-029  -1.2725078070269252E-017   7.8624085577034357E-029   7.2892041819790690E-018   3.6471936431821016E-029   1.6804621325752673E-027   8.3791359599160090E-015  -8.9342670229003022E-027  -1.1187065450523350E-020  -8.7720746430465212E-030  -5.7012131506963560E-030   2.6201894804433342E-020   1.9454852291492254E-029  -6.5504745722954086E-021  -8.9069275936978838E-030  -1.7215995808606897E-030  -5.7678253412004724E-030  -4.1126321246707356E-030  -2.9832171925643488E-020   4.2973213285571920E-029   2.6201894816434326E-020   4.0804365333262366E-029  -1.1187065419400417E-020   5.0853769186183964E-028   2.0223540644199365E-016  -1.9323798431270157E-028   1.1708226558389773E-028   7.1238553954725960E-030   1.5950084251205607E-028  -3.0147474418086861E-016   8.8170529912036004E-028   2.0223540644178298E-016  -4.5887247555221897E-028  -1.2079080358175602E-018   2.4753472390365147E-031  -1.8737705770009773E-030   2.4158160602869808E-018   3.5761620673311874E-029  -1.2079080360297655E-018   4.4130515315264992E-016   2.1509622847851929E-028   3.9707578900904526E-015  -4.3266716122383049E-027   1.6967643661654679E-018  -2.8202121210050563E-030  -1.2211772093156314E-030  -3.3935287325437411E-018   9.2476054694163804E-030   1.6967643662369180E-018   2.9932509502496413E-017   2.7204263835136265E-015
   9.0433291798352609E-015  0.18529194347978517       -2.0071423724217409E-013  -1.3698470503005328E-015   1.6527790079035195E-014  0.27429227163054232       -2.9877983810886837E-013  -7.3476969176134700E-016   9.2096388418927342E-016  -2.0329911397967526E-016  -3.5795316253919108E-018   6.0412146835742473E-016   1.3217151444167456E-016   1.0052137861594809E-015  -4.6509653459527628E-014  0.24159585991942925       -2.7398457975401405E-013   2.6924328073814287E-014   1.4729868257754172E-002  -1.4088276568190905E-014   7.8794964496754731E-015   1.3333631697135784E-016   1.1394325633679599E-014  -2.1957991149638999E-002   6.5689395565268541E-014   1.4729868257748031E-002  -3.1906641779596925E-014  -7.6025024432616601E-014   1.4727051120516145E-015  -4.0864523906820370E-017  -1.2200305887322345E-016   1.1249699124018320E-015   2.8536794167093230E-016   8.6337170339085476E-016  -5.8753613776059215E-017  -6.6557300011616115E-018  -1.9001905821987676E-018  -1.4260956719108596E-016   2.0311500249255294E-015   6.1157590505943980E-016   9.9659516773028560E-016   6.9814977957345576E-016   1.5916732089146115E-015   1.2066720797105470E-014   5.3574381175980295E-016   4.0603947598147356E-016   1.0753994541944758E-014  -3.1110892898645806E-015   1.1368770160992703E-014  -1.7009391504959156E-014  -5.7813786355031017E-003   5.9797423840861456E-015  -4.0294479095671516E-015  -2.3255809111347192E-016  -4.6357036129653085E-015   8.6183704219119361E-003  -2.4519641446684650E-014  -5.7813786354960891E-003   1.3793537028480275E-014   1.2281088984160678E-014   1.2097033928321353E-004   2.0995140851999240E-016   4.8184074788208208E-015   2.9613826957813734E-017   4.7423553442493555E-015  -2.1118313784514100E-004   5.7583549963358824E-016   7.0832977759045728E-005   2.5056417066789442E-016   3.3409972601823718E-015   3.0951305245250626E-017   1.8647457651638777E-015   3.0391450113804800E-017   3.0500544287328795E-015   1.9355254281747602E-004  -9.5857593930463374E-016  -2.1118313784682165E-004   1.2775613261812718E-015   1.2097033928294274E-004   5.1259515880918919E-016   2.6635413766877453E-014  0.13905865368304091       -1.4839430132551060E-013   2.9632857736801928E-015  -1.4161368926558640E-016  -1.0250136453693213E-016   1.8650298735805184E-015   3.2040691084519245E-016   1.8892698035234623E-015  -1.5448156159353148E-016  -3.5843864050367327E-017  -8.1133521228606295E-017  -7.0943325648944041E-017   3.5529763436421782E-015   7.1079250373827072E-016   2.0732276431666853E-015   6.7389889326902428E-016   3.4601882130974823E-015   7.6236419191364567E-015   3.3562629227403972E-003  -3.3413855445621089E-015   1.9147030093725716E-015   7.7862653194421288E-017   2.4955525492569972E-015  -5.0032213638463675E-003   1.4607833098377893E-014   3.3562629227368592E-003  -7.5983454018628478E-015   9.3097817793462852E-015  -4.3600818808359785E-017  -8.5369937308089142E-017   9.4901342730819078E-015   6.9394099330764379E-016   9.1651926903105300E-015   2.9290281861755781E-014   3.5649813695487900E-015   6.5897993413490105E-002  -7.1789931810473595E-014  -1.7792529483843255E-017  -3.2512904373448407E-017  -7.1846512108688702E-018   6.4347192327646712E-017   2.4224708665603289E-017   1.1389352829224292E-016  -8.4787528386908481E-016  -2.7880246780040883E-015
  -9.8515245674387219E-027  -2.0183396545104602E-013   2.1863040966540932E-025  -2.2766755496192704E-018  -1.8008403950702129E-026  -2.9877983810886837E-013   3.2545920586792701E-025   5.2955454553425905E-018   8.6197336788562992E-019   2.1752309366227060E-028  -9.1629029964759075E-031  -1.7239467374456144E-018  -1.3987207280865912E-028   8.6197336777644375E-019   5.0914334751711643E-026  -2.6316443946961852E-013   2.9848039084124451E-025  -2.9443440687693038E-026  -1.6044883901594725E-014   1.5330639483249037E-026  -8.6202688427731080E-027  -1.4665643057319901E-028  -1.2459462007545005E-026   2.3918300730404643E-014  -7.1563012694260570E-026  -1.6044883901588038E-014   3.4743518735647933E-026  -2.8207884401114210E-017   2.5983926769881625E-020   4.4685946027095946E-029   1.3215586152146401E-028  -6.0858520943134266E-020  -3.1030016605880685E-028   1.5214629649926336E-020   6.4521328050890331E-029   7.7181038703463900E-030   1.1290163814611712E-030   1.5473647750166020E-028   6.9290472015587250E-020  -6.6747008305069855E-028  -6.0858520798258497E-020  -7.6061590779864242E-028   2.5983926589576804E-020   4.9656198635701964E-019  -5.7823937425174938E-028  -4.3449770508246607E-028  -9.9312399298669180E-019   3.3910623831501113E-027   4.9656198736721631E-019   1.8676578943862358E-026   6.2975138252832343E-015  -6.4950598188765062E-027   4.3867230920934250E-027   2.5712816531214509E-028   5.0609146012860093E-027  -9.3877793352104206E-015   2.6711349617394485E-026   6.2975138252755990E-015  -1.5029573526777746E-026  -1.3472825212304537E-026  -1.3177002097854420E-016  -2.3280795604330862E-028  -5.2735545474143445E-027  -3.2237309600507061E-029  -5.1911625223181653E-027   2.3003660789134133E-016  -6.2982277533853447E-028  -7.7156623851656545E-017  -2.7498271400968288E-028  -3.6486415286090582E-027  -3.3311797915627096E-029  -2.0338318519671815E-027  -3.3650788678237334E-029  -3.3303675689738618E-027  -2.1083203352679584E-016   1.0408959173159636E-027   2.3003660789317316E-016  -1.3934450057876182E-027  -1.3177002097824771E-016  -5.6457317931670735E-028  -2.9097348413346326E-026  -1.5147317781894729E-013   1.6163403487160762E-025   1.2450842252727377E-020   1.5452229481222883E-028   1.1112342445946155E-028  -2.9161871008209454E-020  -3.4917651656108442E-028   7.2904663138066719E-021   1.6782607936321607E-028   3.8556124340657744E-029   8.9355089154715682E-029   7.7096368760358785E-029   3.3202247549167573E-020  -7.7440865852132216E-028  -2.9161871234388488E-020  -7.3428169736313101E-028   1.2450841710148756E-020  -8.3589667932225924E-027  -3.6558948115675292E-015   3.6306731299574242E-027  -2.0875418013389114E-027  -8.7520785562418908E-029  -2.7285038696975967E-027   5.4498862116186887E-015  -1.5913616601075898E-026  -3.6558948115636788E-015   8.2778325878853171E-027   1.3443629188281044E-018   4.4293795640659467E-029   8.9351647693854744E-029  -2.6887258537601721E-018  -7.4915656562842157E-028   1.3443629192120830E-018  -4.9115849090324766E-016  -3.8835630606164376E-027  -7.1781066548976327E-014   7.8199999092493206E-026  -1.8884443553214911E-018   3.6373896888681677E-029   8.7033700274310508E-030   3.7768887108504264E-018  -3.5055083969173629E-029  -1.8884443555356237E-018  -3.3313923687243238E-017  -3.0277473705253498E-015
  -7.9309857588081426E-019  -4.9835098650895870E-016  -2.5079026520455176E-018  -2.1290545363690102E-006  -4.7580394949705399E-018  -7.3476969176134700E-016   5.2955454553425905E-018   4.9521790959794461E-006   8.0608249619323990E-007  -3.6710996705441572E-018  -4.5031536832080045E-018  -1.6121649914606093E-006   3.8333243247144064E-018   8.0608249617695421E-007   2.3613800276452547E-016  -9.8363932570033737E-016   3.3398226795928814E-017  -1.0794644084095099E-016   1.3429190233845739E-017  -1.4377459294144999E-017  -3.4906496106535401E-017  -1.3246099522852524E-018  -4.4796758093936963E-017   2.0912908448517256E-016  -8.5722888520710537E-018   9.2074415085000916E-018  -1.0850565294453696E-017  -2.6378868254881008E-005   2.4299114799418957E-008   1.6199138319943289E-019  -6.9115345071195004E-019  -5.6912416623654352E-008   5.0884597998794826E-019   1.4228104774000552E-008   4.8858231209646328E-019   4.3782345613837492E-019  -8.7981158957742617E-019  -5.6541909830463390E-019   6.4797638122135473E-008  -1.2114641644226801E-018  -5.6912416618940865E-008  -1.2951136714233929E-019   2.4299114751991604E-008   4.6436462020685179E-007   4.9873999143905244E-018   7.2859470989695378E-018  -9.2872922383391179E-007   2.0846491980928718E-018   4.6436462044058190E-007   1.3902671300185629E-016   6.4445876191357987E-018   1.7325481448231094E-017  -2.2963775590521353E-018   3.5614101220154041E-018   1.0620094498552549E-017  -9.2216073620651194E-017   2.5306369882262547E-018   1.0125422301001745E-017  -4.3131870563469752E-018  -8.9154786799175089E-017   1.4385010683645494E-017  -3.8463486334947736E-018  -2.3361744249418918E-017   1.8988541405211166E-020  -2.3782283700753441E-017   2.2006078646708414E-017  -2.4120578547823478E-018   8.6821065421501695E-018  -1.9164350559172535E-018  -8.7673330544315985E-018   3.7658783791248862E-019  -2.4408278448920872E-018  -5.1071684760745136E-019  -7.4982511882415041E-018   4.6570248550903922E-017  -3.0461153403469662E-018   2.3066183297461481E-017  -1.7102335277911433E-018   1.5821600027380890E-017  -5.8128162522805350E-018  -7.8596451817603524E-017  -2.6638984916695998E-016  -7.7008048266745346E-018   1.1643525156265241E-008   2.4873318657681289E-019  -4.9450827547197713E-019  -2.7270995818216670E-008  -1.5442659933380222E-019   6.8177500090140394E-009  -4.1791659833742660E-019  -4.5609301188580200E-019   9.1490025505394015E-019  -1.6875357084770632E-019   3.1049397428411020E-008  -1.4946920787760660E-019  -2.7270995817650259E-008  -2.0589958251692212E-019   1.1643525155035515E-008  -5.1172667829291399E-017  -1.5546547075507006E-018  -8.4315081984752276E-018  -1.7794360010970036E-018  -2.5313912253111392E-018  -9.5009754804488337E-018   5.1818367080595057E-017  -1.5547986771034808E-018  -4.1669657921670032E-018   1.0674538241194682E-018   1.2571936264921742E-006  -2.9920480711975486E-018  -3.4037270948191785E-018  -2.5143872394102850E-006   6.2995361195464495E-018   1.2571936267039703E-006  -4.5931147833309184E-004  -2.9585506952856908E-019  -1.8030378303751971E-016   9.2457722253557552E-019  -1.7659964852946158E-006   8.9624581345052401E-019   8.2042079465362596E-019   3.5319929708125239E-006  -8.1056843745110646E-018  -1.7659964853607225E-006  -3.1153828800031634E-005  -2.8314264063915152E-003
  -1.2909526638938604E-019   6.2181177398567764E-016  -4.0821957254787822E-019  -3.4655321666399522E-007  -7.7448175408179749E-019   9.2096388418927342E-016   8.6197336788562992E-019   8.0608249619323990E-007   1.3120870188169411E-007  -5.9755698024183829E-019  -7.3299315136829288E-019  -2.6241740361268126E-007   6.2396282131541119E-019   1.3120870187904324E-007   3.8436960179444835E-017   7.5641630214133418E-016   5.4363393361116649E-018  -1.7570797582500235E-017   5.8065657503409746E-017  -2.3402663862490227E-018  -5.6818452986911967E-018  -2.1561112312857907E-019  -7.2917158054376722E-018  -4.9259974466152048E-017  -1.3953396799285521E-018   5.7378469563517677E-017  -1.7661822379084445E-018  -4.2937752366247120E-006   3.9552469192206746E-009   2.6367870789737846E-020  -1.1250132275245655E-019  -9.2638214344127091E-009   8.2826535507358857E-020   2.3159554592112274E-009   7.9528151566494267E-020   7.1265965462027878E-020  -1.4320982916028473E-019  -9.2035128238686191E-020   1.0547324899320239E-008  -1.9719401071092747E-019  -9.2638214336454792E-009  -2.1080991635205055E-020   3.9552469115007683E-009   7.5586158122605693E-008   8.1181550477039051E-019   1.1859575978270039E-018  -1.5117231354646407E-007   3.3932521353918036E-019   7.5586158160650707E-008   2.2629835812025136E-017  -2.0883433683537203E-017   2.8201256584178460E-018  -3.7378893598202520E-019   5.7970245128016554E-019   1.7286677475102718E-018   1.7684637889017962E-017   4.1192011444494493E-019  -2.0284292103424765E-017  -7.0207165800851648E-019  -1.4512018183827562E-017   2.8004128656519919E-018  -6.2608283093601755E-019  -3.8026680285448441E-018   3.0908274032262878E-021  -3.8711206196387560E-018   2.7808501285823208E-018  -3.9261859857071658E-019   1.6819295318288507E-018  -3.1194444379353998E-019  -1.4270876671541708E-018   6.1298442269091036E-020  -3.9730158457938642E-019  -8.3131062788302388E-020  -1.2205150334226572E-018   8.3146603900126794E-018  -4.9582622309659754E-019   2.9534068529074361E-018  -2.7838034215089215E-019   3.0342512430115483E-018  -9.4617123971655830E-019  -1.2793403236163597E-017   4.8417662498012813E-016  -1.2534853566201417E-018   1.8952549252653330E-009   4.0487119717066857E-020  -8.0492740136603038E-020  -4.4389897773831923E-009  -2.5136526012289816E-020   1.1097476159837031E-009  -6.8025660676291678E-020  -7.4239761202570123E-020   1.4892132676682351E-019  -2.7468574337752355E-020   5.0540126476260620E-009  -2.4329595081581840E-020  -4.4389897772909955E-009  -3.3514952955250520E-020   1.8952549250651665E-009  -8.3295436253605764E-018   1.2479380279115321E-017  -1.3724243496931199E-018  -2.8964465657329526E-019  -4.1204288419125329E-019  -1.5465050603121133E-018  -1.0545749537042818E-017  -2.5307969969434421E-019   1.2054165802987663E-017   1.7375297344820902E-019   2.0463754581569956E-007  -4.8702551568056575E-019  -5.5403586578311415E-019  -4.0927508942190409E-007   1.0253962350108008E-018   2.0463754585017430E-007  -7.4763641582659466E-005  -4.8157303737996490E-020   2.2064429485149500E-016   1.5049647835258389E-019  -2.8745706234463710E-007   1.4588488188863497E-019   1.3354259393001690E-019   5.7491412472562018E-007  -1.3193889330990954E-018  -2.8745706235539749E-007  -5.0710112858185248E-006  -4.6088059846311348E-004
  -6.1147754229652374E-030  -1.3733412069207381E-016   1.5062390281470376E-028   1.5782893258821359E-018  -8.7228352719376240E-030  -2.0329911397967526E-016   2.1752309366227060E-028  -3.6710996705441572E-018  -5.9755698024183829E-019   2.8721033580276340E-030   3.3408857277000051E-030   1.1951139597955066E-018  -2.9396439708632665E-030  -5.9755698022982800E-019  -1.4057956868180671E-028  -1.7906528671309538E-016   1.7831262179292800E-028   6.0066079548818618E-029  -1.0917439080759271E-017   2.1100059823039706E-029   2.0036431831909823E-029   8.8312073918044349E-031   2.4763071081811631E-029   1.6274757283272753E-017  -4.2332743897695973E-029  -1.0917439080751591E-017   3.1692100071006142E-029   1.9554917680327114E-017  -1.8013175737626944E-020  -8.9797981353176489E-032   6.0278479167728100E-031   4.2189741094480468E-020  -5.8872073683247356E-031  -1.0547435732662500E-020  -3.1864410729541548E-031  -3.1962981347730565E-031   6.5362146874798000E-031   5.2484973369254520E-031  -4.8035134303367462E-020   4.4478447265844484E-031   4.2189741091081461E-020  -4.2144447023981892E-031  -1.8013175702556752E-020  -3.4423811644500247E-019  -4.0942901874424670E-030  -5.7020922347971782E-030   6.8847622057338240E-019   7.6049651768012613E-031  -3.4423811661775160E-019  -9.0454917369341311E-029   4.2850246825903232E-018  -1.7275599224011393E-029   4.6888615291728563E-030  -2.4677420822218174E-030  -4.4369050473097889E-030  -6.3877376504040889E-018   1.6297407085483178E-029   4.2850246825823968E-018  -7.0260434306560218E-030   5.6988870843993338E-029  -8.9660429187063008E-020   2.6957253902307474E-030   1.3747000973528007E-029  -3.6025481252520099E-032   1.4115119146372379E-029   1.5652407758988640E-019   1.3612864944073787E-030  -5.2499771631030308E-020   1.2349599959882764E-030   4.0230410694554323E-030  -3.0210870831477048E-031   4.2730337308382705E-031   3.5607404129663786E-031   3.2978981717590819E-030  -1.4345668669032726E-019   2.9685900380541793E-030   1.5652407759034621E-019   3.2091411320765045E-031  -8.9660429187927269E-020   3.9291748383554886E-030   3.8522777090486419E-029  -1.0306707118262969E-016   1.1569512147976805E-028  -8.6314611300556750E-021  -7.9427583030959501E-032   4.4255555870027142E-031   2.0216260724115622E-020  -1.2300024676657104E-031  -5.0540659644563688E-021   4.2430391065294246E-031   3.6467293727608352E-031  -6.1809037114310350E-031   1.7768026121432514E-031  -2.3017227461671209E-020  -4.1602002014330700E-031   2.0216260723541424E-020  -3.4684292725829098E-031  -8.6314611295123597E-021   3.2284340370149951E-029  -2.4875847737938725E-018   8.7269189801514111E-030  -1.0002014465883288E-031   1.8188355141421522E-030   5.1935216510971153E-030   3.7082724360400045E-018  -9.6744016916543008E-030  -2.4875847737893138E-018   4.8404044517746017E-030  -9.3197015265613606E-019   2.2503509483476250E-030   2.5864910160346450E-030   1.8639402952288494E-018  -5.1842419279145285E-030  -9.3197015281303560E-019   3.4049217205308125E-016  -2.4229617704319396E-030  -4.8842074894641313E-017   5.2523645625385818E-029   1.3091507778084486E-018  -6.4029812918651874E-031  -6.0286100565605727E-031  -2.6183015557824467E-018   5.9908697355046634E-030   1.3091507778573565E-018   2.3094643474598596E-017   2.0989645863402779E-015
   6.0317049067795372E-031  -2.4180716710425566E-018   4.8998389666972362E-030   1.9360082887520676E-018   4.1109284502675541E-030  -3.5795316253919108E-018  -9.1629029964759075E-031  -4.5031536832080045E-018  -7.3299315136829288E-019   3.3408857277000051E-030   4.0948891454207246E-030   1.4659863018946343E-018  -3.4874728814831351E-030  -7.3299315135348498E-019  -2.1411987565887116E-028  -3.1528413685175686E-018  -2.6794416905774256E-029   9.7807325793680387E-029  -1.9222571954450844E-019   1.3257675061095507E-029   3.1638616282600409E-029   1.2027644888192576E-030   4.0586236834729103E-029   2.8655318374623260E-019   6.9377690036422237E-030  -1.9222571954058934E-019   1.0283103414034760E-029   2.3987035896434453E-017  -2.2095858446765508E-020  -1.4676996909085152E-031   6.3007713317473056E-031   5.1752037551928867E-020  -4.6643182020370547E-031  -1.2938009950040758E-020  -4.4351469722750621E-031  -3.9803814361540086E-031   8.0006185671845786E-031   5.1601231851744746E-031  -5.8922287970139420E-020   1.0936368313970642E-030   5.1752037547644431E-020   1.0865737595047524E-031  -2.2095858403640054E-020  -4.2225961729341995E-019  -4.5421724402909159E-030  -6.6306124410707119E-030   8.4451921950992046E-019  -1.8550293706190279E-030  -4.2225961750594810E-019  -1.2619886909791892E-028   7.5447359648100058E-020  -1.5832576411402491E-029   2.1407443020392601E-030  -3.2354540172800891E-030  -9.5966499963793055E-030  -1.1247028319079537E-019  -1.9811954570178622E-030   7.5447359644661443E-020   3.7420939769655692E-030   8.0910649236027334E-029  -1.5786706504464043E-021   3.4948515204284871E-030   2.1180600905204265E-029  -1.7653269225750817E-032   2.1564001567193420E-029   2.7559533880586343E-021   2.1858363586006540E-030  -9.2437488200008380E-022   1.7393976248225298E-030   7.9287786732627979E-030  -3.4284567325183610E-031   2.1951773467503581E-030   4.6401237178739286E-031   6.7785641869429162E-030  -2.5258730616673234E-021   2.7824265678404001E-030   2.7559533871165845E-021   1.5384904828563042E-030  -1.5786706517492011E-021   5.2790654993006242E-030   7.1122337799032127E-029  -1.8147242928513798E-018   8.9391103178834433E-030  -1.0587780081645520E-020  -2.2433191159961137E-031   4.5100772768504371E-031   2.4798272211749171E-020   1.3624305552654160E-031  -6.1995690118176136E-021   3.8203913809740186E-031   4.1520577934032674E-031  -8.3088535735711161E-031   1.5437811327079457E-031  -2.8234077500323999E-020   1.2664060523231556E-031   2.4798272211231400E-020   1.7843577261783705E-031  -1.0587780080533782E-020   4.6433235904511934E-029  -4.3799445042754587E-020   7.7106093470898597E-030   1.5931034699504495E-030   2.3008480766862193E-030   8.6069331687725136E-030   6.5292357617955610E-020   1.2231883696307090E-030  -4.3799445040332970E-020  -8.7150645103185174E-031  -1.1432010030171926E-018   2.7213212180935066E-030   3.0962174520848405E-030   2.2864019936907461E-018  -5.7373987359177258E-030  -1.1432010032097827E-018   4.1766465535841019E-016   2.2250597916861009E-031  -8.5997301371377015E-019   9.6119495793031650E-032   1.6058695421058870E-018  -8.1455685881728862E-031  -7.4593760333475283E-031  -3.2117390844148201E-018   7.3704072866604616E-030   1.6058695421659979E-018   2.8329039840419512E-017   2.5746944937888216E-015
   2.5819053271113810E-019   4.0874971879145413E-016   8.1643914283696909E-019   6.9310643292993759E-007   1.5489635074214107E-018   6.0412146835742473E-016  -1.7239467374456144E-018  -1.6121649914606093E-006  -2.6241740361268126E-007   1.1951139597955066E-018   1.4659863018946343E-018   5.2483480692394850E-007  -1.2479256419129568E-018  -2.6241740360737953E-007  -7.6873920315155541E-017   6.4164067060866041E-016  -1.0872678668422428E-017   3.5141595145058670E-017   1.5224857726853971E-017   4.6805327696843688E-018   1.1363690590926464E-017   4.3122224601069514E-019   1.4583431602601654E-017  -9.7294272025647652E-017   2.7906793588402067E-018   1.6599233605794011E-017   3.5323644735037100E-018   8.5875504683175713E-006  -7.9104938338983326E-009  -5.2735741549553843E-020   2.2500264537460550E-019   1.8527642858184947E-008  -1.6565307091703792E-019  -4.6319109157623363E-009  -1.5905630304216603E-019  -1.4253193084225867E-019   2.8641965815606100E-019   1.8407025637038863E-019  -2.1094649786525766E-008   3.9438802120081077E-019   1.8527642856650484E-008   4.2161983252422250E-020  -7.9104938184585201E-009  -1.5117231615839273E-007  -1.6236310086035480E-018  -2.3719151942881899E-018   3.0234462691929088E-007  -6.7865042671635369E-019  -1.5117231623448279E-007  -4.5259671598209211E-017  -9.7895863202743334E-018  -5.6402513135431560E-018   7.4757787149878126E-019  -1.1594049018965559E-018  -3.4573354930763266E-018   4.1486547623636256E-017  -8.2384022863541453E-019  -1.0987869479748489E-017   1.4041433153336362E-018   2.9024036351096064E-017  -4.5220516008236619E-018   1.2521656611547857E-018   7.6053360527648922E-018  -6.1816548026383488E-021   7.7422412348734124E-018  -7.4449627675057627E-018   7.8523719669560454E-019  -2.7321936120273594E-018   6.2388888723101346E-019   2.8541753326989757E-018  -1.2259688446749837E-019   7.9460316871905945E-019   1.6626212548139104E-019   2.4410300654706241E-018  -1.4903282167171144E-017   9.9165244561513838E-019  -7.7900762159727802E-018   5.5676068399342817E-019  -4.9897283552766011E-018   1.8923424783509104E-018   2.5586806457870154E-017   2.7172658052994803E-016   2.5069707104771918E-018  -3.7905098483537666E-009  -8.0974239388892873E-020   1.6098548017983764E-019   8.8779795496677392E-009   5.0273051998564971E-020  -2.2194952306927444E-009   1.3605132127307112E-019   1.4847952231954845E-019  -2.9784265336331874E-019   5.4937148643321506E-020  -1.0108025289447060E-008   4.8659190141557202E-020   8.8779795494833457E-009   6.7029905878015212E-020  -3.7905098479534335E-009   1.6659087241221779E-017   4.9713002197617383E-018   2.7448486977800685E-018   5.7928931283097779E-019   8.2408576790992642E-019   3.0930101188701574E-018  -2.3525601231137667E-017   5.0615939922826760E-019   5.8217291714971029E-018  -3.4750594676460407E-019  -4.0927509139635139E-007   9.7405103080134283E-019   1.1080717309290985E-018   8.1855017837371273E-007  -2.0507924688376382E-018  -4.0927509146530088E-007   1.4952728307944505E-004   9.6314607452470587E-020   1.4636827548357340E-016  -3.0099295717250604E-019   5.7491412435909960E-007  -2.9176976360999571E-019  -2.6708518770671017E-019  -1.1498282487908911E-006   2.6387778646829500E-018   5.7491412438062038E-007   1.0142022565812460E-005   9.2176119639685722E-004
