   7.3845382069127330E-002  -1.6509766889469460E-016   1.1428527954867078E-008   2.0891657760682376E-009   4.1094039625083542E-009  -2.0736801762552141E-017   2.5375311001204825E-009  -2.4056990008579734E-009  -1.7232902349994875E-017  -1.7037054407505246E-009   6.5562396021146122E-002  -3.1370501056708364E-016   1.8883156891208476E-009   3.5305970527651557E-010   3.9483819781644072E-010   6.6443548005322199E-017   2.4171943679541991E-010  -2.9627844586098959E-010   7.3616947468473980E-018  -2.3344800868758793E-010   1.5317816281938428E-016  -6.3443487326190241E-011   5.9718186954594814E-017  -1.3288016176487840E-010   7.2613667168279425E-002  -8.2409842677148647E-016   5.1353777919856264E-009  -1.3399618891466620E-009   2.1482064649692758E-018  -2.3216809536396710E-010   6.5493109122778452E-010   7.5334617358084191E-018   6.8503155594437066E-010  -3.6434840456169525E-011   1.6134958588914029E-018  -3.6324932842601367E-011   3.9432470586690707E-011  -2.2643138642190913E-018   2.4568671819322801E-011   3.3748348256635732E-018   1.3310044648374718E-011   9.2776827036061086E-018   2.6404144749871791E-011  -1.7954636184266195E-011  -1.4732608627957462E-020  -7.8945477911631549E-012   2.1418544726858641E-018  -9.4928171401748233E-012   2.5129582644559881E-009   1.9452282711009459E-010   2.5206446168334485E-016   1.1693832445905060E-010  -1.4531032805563609E-010  -7.4623594444900169E-018  -1.1568663576393687E-010   5.1472748768910134E-016  -3.0595108400443895E-011   2.5555995565332431E-016  -6.4359258201118028E-011  -1.7497099512709050E-012  -6.5033406094643185E-017  -2.3995974714898083E-012   2.5456137243764070E-012   4.5824994194222115E-019   1.2912738397314554E-012  -7.9700051766639203E-017   1.1731643243083372E-012  -3.8116720301267769E-017   2.2678870264158891E-012  -1.5842115564061613E-012   6.1861333520366431E-019  -6.2895478527616531E-013   7.8676455868577662E-019  -6.2465137879508673E-013  -1.5147048281857456E-016  -3.5129104494994368E-013  -7.7702539791214547E-017  -4.1381280428894504E-013  -6.2331339282795595E-017  -8.4881979372772327E-013   4.3842066475755323E-002   1.3074439939906748E-016   2.3975056005616480E-009   3.2024545607343678E-012   3.0296296714550205E-017   1.4207327417121871E-010  -3.2352093676351714E-011   1.6582494202024682E-018   2.9149876477115655E-011  -1.4181772438594159E-011  -7.9562235719300701E-018  -1.1981986304111155E-011   1.4444075621186001E-011  -5.6156210633917584E-019   1.0467847229501817E-011  -7.9631505420593252E-018   4.2311475146106604E-012  -5.7207005784745409E-019   8.8282285131381745E-012  -6.4561764269062911E-012  -6.7851947503443948E-019  -3.1057226946779500E-012  -2.3600863838562746E-018  -4.1907212387554894E-012  -8.2609931740892936E-011   7.6019702045054830E-011  -1.8105229302958534E-017   4.2858176897404086E-011  -5.5902784292328110E-011   1.6394708025868726E-018  -4.6075414086947267E-011  -4.1726820355587855E-017  -1.1080926903125054E-011  -2.1358952391267333E-017  -2.3684725835588454E-011   2.5036471265463142E-002  -5.5699579536298500E-017   1.5566958617419121E-009  -9.8458028094130285E-011  -8.2876785676375025E-018  -2.2146987038673051E-011   4.9229550813189169E-011  -1.4749603157967124E-018   4.9228209751897452E-011   1.5035331509394557E-009   6.0432666991091407E-013
  -1.6509766889469460E-016   7.3845338059629215E-002  -5.0083568439323103E-016  -2.5924246706361279E-016   6.3159170418411776E-017  -2.2486534942524525E-009   3.5562378319528444E-018   8.9963073847500385E-017  -5.8393721324146505E-010   6.8412636644291285E-017   4.2330651063474747E-016   6.5562388749571876E-002   7.2870010472164527E-016  -6.6138110954838661E-016  -2.3002847843082795E-016   1.9144629154556127E-010  -2.3008764431752605E-016  -4.5786527203518705E-017   7.2992928791360779E-011  -1.0365572303533797E-016  -1.1623046527913158E-010  -2.0725580124969920E-016  -3.5565550501912784E-011  -5.4228738344437306E-016   5.0116885093376482E-016   7.2613647392818184E-002   4.9824768083753597E-016   4.9527659562966143E-016  -1.4094591791374856E-009   8.7093265531185560E-017   3.7053655518938759E-016  -3.6601284737062004E-010   5.4680557060721288E-016  -1.9240764691100357E-016  -1.7017052460906007E-011  -3.6238773438197973E-017  -8.1898586269951086E-017  -9.2615893304994501E-012  -1.1947652063937197E-016   1.4349224231040688E-011  -1.0415413042030744E-017   3.5793365950600083E-012  -4.2740100253935502E-017  -9.1174586340384821E-017   3.7263246231040763E-012  -9.3723582741267887E-017   3.1770425302580356E-012  -2.2221269977474824E-016  -1.9184102241368056E-016  -3.0365081385288966E-016   1.0126605132124861E-010  -1.9488994861720597E-016  -3.8618265924518950E-016   3.8619845683832629E-011  -2.3660979390861824E-016  -6.1546548861170208E-011  -2.0375926379347488E-016  -1.8837489301147107E-011  -1.3763770598409348E-016   1.2260412046097366E-016  -1.4504284721012361E-012   2.2537270509074117E-017   1.2815991988028502E-016  -1.0764744967332209E-012   8.2305173884873380E-017   1.6900784337729363E-012   1.6523246293682765E-017   3.1129890779314605E-013  -4.4779290399957659E-018   1.4931325794036029E-016   5.9457548444317686E-013   6.9537605013172749E-017   4.8188757010927352E-013   8.9569008388860809E-017  -6.7343583680144024E-013   3.0044215314891755E-017  -1.6071718814742813E-013  -3.2156417396467592E-018  -4.0414323992350447E-014  -9.9713723766166378E-017  -9.1822957208544927E-016   4.3842057243291696E-002  -3.3102855182334454E-016   2.8978916340906958E-016  -5.0604521770910999E-010   4.9446787462599988E-017  -3.2290347050146062E-017  -1.3141138004866168E-010   7.9361746595033699E-017  -1.6145981625005756E-016  -1.2595496034975988E-011  -3.1450881916507457E-017  -2.9192611741011578E-017  -6.8551315369865468E-012  -5.8242837236238075E-017   1.0620733734119421E-011  -1.0716213423021867E-017   2.6492735549932634E-012  -2.7416192804716431E-017   5.9711679332226279E-017   2.7580469135305016E-012   9.4353226505248958E-018   2.3514906913645621E-012  -3.7214532360215625E-017  -1.9212645329929002E-016   3.5999657207605196E-016   4.8759119900998724E-011  -1.3782763063738336E-017   1.9641597333698401E-016   1.8586960285648662E-011   1.7180194697067329E-016  -2.9578149710691042E-011  -5.9378579705234499E-018  -9.0479180801831103E-012  -5.3662144793339053E-017   1.6895921594655423E-016   2.5036465270868388E-002  -7.7503762133089924E-017  -9.0196151238465011E-017  -8.5250858710735432E-011  -1.5362030042940866E-017  -5.4921926655857810E-018  -2.2138194688746022E-011  -4.5329406620889072E-017   2.0212495288589854E-017  -6.6424883900093928E-015
   1.1428527954867078E-008  -5.0083568439323103E-016   7.3845341027374806E-002   5.4252223130594325E-010   2.0785519881583345E-009   2.3095971030907587E-017  -1.4380610198116724E-009  -6.2471895820626330E-010   1.8294073107687631E-017  -1.4538321292910755E-009   1.8883150305830167E-009  -5.8235109174295510E-017   6.5562389239890065E-002   9.1683998380954911E-011  -8.6418897306920446E-012   1.2672695117532319E-016   2.2140878779154949E-010  -6.3443280300965216E-011   1.3995091031140904E-017   7.5037232619819860E-011   2.9547200029575730E-016  -6.8434878671496873E-011   1.0961295671867074E-016  -1.1398634750448097E-010   5.1353758261586770E-009  -2.1213626595708902E-015   7.2613648726181104E-002   2.8598903944878687E-010   2.8891836852907942E-016  -1.3747021279186709E-009   1.7007652411566583E-010  -3.4831827577866880E-016  -4.5605932188531470E-010   2.2297239156697021E-012  -1.3251089209495022E-016  -2.1072046602677135E-011   7.3533166717445129E-012   6.7003390514483937E-017  -1.1271751442577484E-011  -1.2912984854532145E-016   9.4408500419898913E-012  -4.5519184035944560E-017   1.4035404562967516E-011  -4.6630488025356597E-012   1.4258693168616139E-016   8.3594220047422009E-013   1.5429961788018043E-016   5.9398080455477391E-012   6.5257446664602840E-010  -8.3046788833425239E-012   5.9929731555034584E-016   1.1432205159234242E-010  -3.0594608787688107E-011   4.6548274942388299E-018   4.1735139672139463E-011   9.8424293434526188E-016  -3.5409349410883599E-011   5.6110752240673348E-016  -5.8705333858440670E-011   6.8037903498360482E-013  -1.3600510221708069E-016  -1.3473313021333917E-012   2.2440822721842980E-013  -2.3760424800062660E-018  -1.7079989388707203E-012  -1.2908259382894823E-016   9.3270152613267373E-013  -7.1544172564495912E-017   1.0502562884896029E-012  -3.5137342024285148E-013  -3.1093961849454107E-018   3.1672594127066065E-013  -3.0061890016533340E-018   1.1244277496619031E-012  -1.6035883021361591E-016  -3.2993870315684450E-013  -1.0971631285602424E-016  -2.8635533176127419E-013  -1.1049260865656173E-016  -3.8269917219126421E-013   2.3975059882731323E-009   3.0005204454151315E-016   4.3842057865971208E-002   2.2844334476906547E-010   1.3532600130126689E-016  -4.3502603065363480E-010  -8.4006582435889610E-012  -3.1244620290047580E-017  -2.2004118193616822E-010   4.9709666668431872E-012  -8.2057450005367384E-017  -1.1726377002654969E-011   1.6144503075362863E-012   2.1631668027769906E-017  -1.0346750508593956E-011  -8.3926317895868041E-017   5.5282242875715565E-012  -3.5838857858601940E-017   7.6059228890129869E-012  -1.6767279035051963E-012   5.0868741797544965E-017   1.3298166498818632E-012   4.5613039441269399E-017   5.1331696196234724E-012  -2.1450762034245990E-011  -8.5695704053397562E-012  -2.5184746036790791E-017   5.1516478370603833E-011  -1.1080943018204136E-011  -6.5283498200424230E-019   2.2579013878594127E-011  -8.0500007757594851E-019  -1.6117353505309807E-011  -1.7423914029494105E-017  -2.6408605164875154E-011   1.5566958358743421E-009  -4.6461957909172112E-017   2.5036465675101562E-002   1.2776551323502489E-011  -4.6991286221901751E-017  -8.5253099571488954E-011   1.2783997158973925E-011   2.4871906653628022E-017  -2.5560757249378037E-011   3.9044474699329123E-010   1.5937298737961095E-013
   2.0891657760682376E-009  -2.5924246706361279E-016   5.4252223130594325E-010   7.6222678771235230E-002  -1.1662794360592570E-009  -7.4148812427109485E-017  -5.4287908288515855E-010   6.4418822977402098E-010   1.6632654556230155E-016   5.2209581406018929E-010  -6.3295206528462794E-009  -8.0696673249452094E-017  -1.6436714735634026E-009  0.21779440836046685        1.7008723813118239E-009   5.0761400977815974E-017   1.2963182911672544E-009  -1.3549811718820206E-009   1.0013317878940969E-016  -9.2697561785690239E-010   3.5477404087754742E-016  -3.5186602848207337E-010  -1.4696085992035001E-016  -7.0395271779552453E-010  -4.4929554894705888E-009  -8.9085257410315449E-016  -1.1667438400348723E-009  -2.2596131183823619E-009   1.1306235604413137E-016  -1.0518625117256248E-009   1.2482683274604952E-009   7.9408168395388401E-017   1.0117533849114619E-009   7.6870912432243447E-012   4.0192599791044798E-017   9.0130772085379747E-012  -8.9350781457886935E-012  -3.5888869652999892E-017  -4.6946365017902287E-012   4.9474176063110673E-017  -3.3988277587328542E-012  -2.9290048203428472E-017  -6.4797866378268501E-012   4.0989096420412112E-012  -5.1684826606998734E-017   1.6279771557637992E-012  -5.9898753747155540E-017   1.6580016420514932E-012  0.15022171418971900       -1.4604526844485379E-010   1.9716359838823749E-016  -1.1130971374223597E-010   1.1634890228137947E-010  -4.2271996427154622E-017   7.9597632289288588E-011  -5.2729862746305389E-017   3.0213934344726953E-011   2.3568432256979109E-016   6.0447106904520195E-011  -3.1792060807536635E-012  -9.4755669546976378E-018  -5.5302383272636932E-012   5.2359626967980123E-012  -6.6041448278238272E-018   1.7009312662322488E-012  -3.0161895919149059E-017   2.8498133099667560E-012  -2.9780495358294519E-017   5.1163189147550025E-012  -3.3726957018294298E-012   1.0452500181890484E-017  -1.1015422196763137E-012   6.6703666769194341E-019  -6.7270193318246269E-013   1.0586547101276662E-017  -8.7578970431316859E-013  -1.6420684821882009E-017  -9.7775421980379757E-013  -4.3422584378372860E-018  -1.8971645177339334E-012  -7.0685115643671777E-010   1.9213675288694125E-016  -1.8355795586199657E-010  -5.0034697990789098E-010   8.9086026189716319E-017  -2.3291305641970941E-010   2.7635130002316993E-010   4.3644931643738250E-017   2.2405634581600791E-010   5.7865735791204909E-012  -3.2395069434008121E-017   6.7516063375500481E-012  -6.6725944382112639E-012  -9.1823248222364991E-018  -3.5068427417578439E-012  -3.5578531172328166E-017  -2.5460202806059713E-012  -4.0409684671495349E-018  -4.8538202353842289E-012   3.1184945448108522E-012  -2.5332252944061400E-017   1.2394612390774800E-012  -1.7160086025345549E-017   1.2535534814378516E-012  -9.3084364250620444E-003   9.8209358021033672E-011  -5.0565612130858797E-017   7.4849994427851483E-011  -7.8237432024063650E-011   9.5854549875880170E-018  -5.3523893203483036E-011   5.5960633021868674E-017  -2.0317036223588437E-011  -4.5293050088246250E-017  -4.0646818636092025E-011  -1.2716725423723025E-010  -9.3035517156970304E-017  -3.3023462627539642E-011  -1.9141684952441274E-010  -1.2591347025287058E-017  -8.9097488539450146E-011   1.0573027170868748E-010  -1.9280797467251568E-017   8.5671796784934563E-011  0.12819301981526596        1.4407975649661912E-003
   4.1094039625083542E-009   6.3159170418411776E-017   2.0785519881583345E-009  -1.1662794360592570E-009   3.0503415588811153E-016  -1.2927614518893755E-024   1.0903939636100178E-016  -1.6131504000597410E-016  -3.4884170298625894E-024  -1.4371918767848875E-016   3.6484659505294753E-009   5.6074846980668763E-017   1.8454082691169250E-009  -3.3324617593898710E-009  -4.2959507188247269E-018   6.6514198988315033E-024  -1.5143932751762054E-019   2.4592079102868975E-018  -6.6646233340199578E-025   3.3046138689197222E-018   1.1313738084701245E-023  -7.2928671668692124E-020   8.6268214248706480E-024   1.6811313098721299E-019   4.0408604837011983E-009   6.2105644908516277E-017   2.0438827781243483E-009  -3.1943146685153482E-017   5.3171357842618023E-024  -3.5519604014142955E-017   2.2133613376741937E-017  -1.0913516535452241E-023   9.8034995815489503E-018  -2.0824116275320402E-018  -4.2701105571423078E-024  -2.7524673771726402E-018   2.5380584966569025E-018   2.3013507393401888E-024   1.1217778125726045E-018  -4.1921556372546502E-024   1.0584273202455228E-018  -3.1396329553435549E-025   1.9635635142766096E-018  -1.1931224364782315E-018   4.8067160585690673E-024  -4.4070161886474406E-019   5.3817898142806745E-024  -3.8644238395969635E-019  -2.2985341485109045E-009   1.2825844295291653E-017   2.7966105590738033E-023   1.1428491485992000E-017  -1.0727756633731153E-017   3.9586828279385411E-025  -6.4810106207095065E-018   5.7102172129744229E-023  -3.1615642800102790E-018   2.6393341195283657E-023  -6.1588169005377663E-018  -2.9573740377596532E-020  -7.3035235433665206E-024  -8.6841063166589042E-020   6.7862034793176076E-020   5.8705968510136065E-026  -2.2435780972685005E-021  -7.6056378288987772E-024   4.7933642642976254E-020  -3.6789629336806937E-024   7.7482984008343742E-020  -4.6444512019883762E-020  -2.1252594061880164E-025  -9.2310157736174562E-021  -5.0623304591698033E-026   7.1815136573883143E-021  -1.3105506910246830E-023  -1.5435482450247173E-020  -7.1612862008248646E-024  -1.6127839684088202E-020  -6.5123692382053275E-024  -2.8979499334370407E-020   2.4397565525712301E-009   3.7497692186314535E-017   1.2340382997124165E-009   1.4264026973361752E-017   3.6992264027512863E-024  -7.7486377254873231E-019  -6.2652217472116627E-018  -1.5672334320250368E-024  -7.9996778852462382E-018  -7.3781678430982801E-019  -2.2676776013523005E-024  -1.1001531744760095E-018   9.5133240459344652E-019   7.1225746388348125E-025   3.4494595303303369E-019  -2.2520797052940364E-024   4.3001878778170864E-019  -9.7640367090325194E-025   7.7963320472632328E-019  -4.5418867644575790E-019   1.7841362372762936E-024  -1.5436335318736392E-019   1.4170753699893803E-024  -1.0790345040281391E-019   1.4246877553036218E-010   2.4864888851695808E-018  -9.0104105391451455E-025   2.6897766862228086E-018  -2.2257081037597773E-018  -5.8005857523762749E-026  -1.1095303311876554E-018  -3.2263026335780350E-024  -7.5942960272868745E-019  -9.9372863044754671E-025  -1.4394207267519160E-018   1.3932485345533888E-009   2.1413438973698140E-017   7.0471048682125373E-010  -2.1904865887752574E-018  -1.6642009580829453E-024  -2.2687817522958674E-018   1.4815732513406639E-018   8.9392919758185076E-025   7.0911863037659850E-019  -1.9614760435709303E-009  -2.1540975618664334E-011
  -2.0736801762552141E-017  -2.2486534942524525E-009   2.3095971030907587E-017  -7.4148812427109485E-017  -1.2927614518893755E-024   6.8473415791404053E-017  -7.4260307254169299E-025  -2.8858615522155873E-024   1.7781385927425176E-017  -2.5673275536791585E-024  -1.8410837219951377E-017  -1.9964306268625499E-009   2.0505352173476763E-017  -2.1193966501168176E-016   5.2266970103817617E-024  -5.8297027782304680E-018   5.7392999718827809E-024   2.7834312863204538E-024  -2.2226969053869297E-018   4.1524653584223960E-024   3.5393167497911106E-018   6.6518256550032302E-024   1.0830013310598962E-018   1.7203587813388814E-023  -2.0390934856178363E-017  -2.2111474634786977E-009   2.2710718472450680E-017  -1.2414448343255269E-023   4.2919233514976814E-017  -1.9919939551682121E-024  -1.2630180766890885E-023   1.1145403214440802E-017  -1.7971547387081356E-023   5.8613397417209493E-024   5.1818375382391157E-019   1.0970303175304101E-024   2.4951236206135291E-024   2.8202329026553530E-019   3.6330098727607258E-024  -4.3694611000146203E-019   3.2017465933424334E-025  -1.0899385056733409E-019   1.3056954370187805E-024   2.7753767733555572E-024  -1.1346976132326138E-019   2.8546384771593134E-024  -9.6743653354239361E-020   6.7692659706624236E-024  -1.4729621441869588E-016   9.3144768927378695E-024  -3.0836375881826873E-018   6.0329607582361413E-024   1.1691025463274419E-023  -1.1760072230197973E-018   7.1822324379055845E-024   1.8741448789102034E-018   6.1762426999602546E-024   5.7361760746118071E-019   4.1390477938710243E-024  -3.7292293722743827E-024   4.4166783410536633E-020  -6.7999597276253204E-025  -3.9089328852543195E-024   3.2779566079074149E-020  -2.5090144641109384E-024  -5.1464329035781783E-020  -5.0629214492673416E-025  -9.4793171127747423E-021   1.3046916308342600E-025  -4.5427026910247962E-024  -1.8105330354243572E-020  -2.1160024371759132E-024  -1.4673887300625465E-020  -2.7261916826506625E-024   2.0506695309124961E-020  -9.1392150020270750E-025   4.8939753845233105E-021   9.9011987971351419E-026   1.2306506172718410E-021   3.0385553578799988E-024  -1.2311431704418423E-017  -1.3350280167413850E-009   1.3712105358106635E-017  -8.2096232528204332E-024   1.5409508263506919E-017  -1.4283432068062140E-024   6.8917518075489752E-025   4.0015885456754476E-018  -2.7373358547714397E-024   4.9144386853828914E-024   3.8354359144558329E-019   9.4841425433847587E-025   8.9428323252289574E-025   2.0874459903967181E-019   1.7720451213080529E-024  -3.2341039597459374E-019   3.3024819076906717E-025  -8.0672638154429119E-020   8.4120868286867073E-025  -1.8211108699067129E-024  -8.3984879646987904E-020  -2.8766612532524123E-025  -7.1604896108164972E-020   1.1343376727740846E-024  -3.9971933357466649E-017  -1.1075147302762105E-023  -1.4847567662770292E-018   3.5600613585807911E-025  -5.8979663873289614E-024  -5.6598878537326536E-019  -5.1630561573062032E-024   9.0067987293608117E-019   1.9727863560613929E-025   2.7551681854698002E-019   1.6692503270305360E-024  -7.0305923486068625E-018  -7.6238171013054541E-010   7.8304379162220716E-018   2.8515944132116176E-024   2.5959613208504528E-018   4.8148604094749465E-025   1.1692966178310429E-025   6.7412690023989617E-019   1.3257294911333520E-024  -1.2366751254028875E-016  -6.0716311334660367E-016
   2.5375311001204825E-009   3.5562378319528444E-018  -1.4380610198116724E-009  -5.4287908288515855E-010   1.0903939636100178E-016  -7.4260307254169299E-025   1.1906786147230245E-016  -7.5088798168903534E-017  -2.1611584413749450E-024  -3.3950665004866069E-017   2.2529050621858683E-009   3.1573338967466279E-018  -1.2767594388190963E-009  -1.5511923889393460E-009   1.6219400246471327E-018  -5.3707903901312452E-025  -5.2382958887607567E-018   7.0509647223942274E-019  -7.2939282180901144E-025  -2.8810142796894403E-018  -3.0225119412713110E-024   1.6586918539820987E-018   9.6248524881835230E-025   2.6673821822457029E-018   2.4952061427504523E-009   3.4969356817962618E-018  -1.4140752940911593E-009  -3.5520539595062041E-017  -6.4253615579071453E-024   2.6284617780343379E-017   1.0302663895851484E-017   6.4586165525935778E-024   2.5214870203455232E-017  -1.3501725297676280E-018   2.3486349462643779E-024  -9.0206194950278156E-019   1.2754480301758115E-018  -1.1273855069042035E-024   1.0971893471011225E-018   2.2787039485069222E-024   2.9772635594489645E-019   1.4139227541272816E-024   6.8014490487842928E-019  -5.5535622757673270E-019  -2.4089112068552684E-024  -2.9915240325196821E-019  -2.5043449726321691E-024  -4.5367969202886831E-019  -1.0699203696303939E-009   7.8862481473882864E-018  -4.4081799839792580E-024   2.5848041356615638E-018  -5.2261403723158665E-018  -4.4013415160546293E-026  -5.3549809090279715E-018  -1.1069633499712833E-024  -5.7696546611801455E-019  -3.8245952049688704E-024  -1.4988601871888484E-018  -5.0731493469218097E-020   4.8122343104622887E-025  -1.6831266908595412E-020   4.5812450505306001E-020   1.0898216818849369E-025   6.5518813261762164E-020  -1.0082416040263776E-026   1.8527349346546549E-021   2.9558559328373157E-025   2.1038590777972151E-020  -2.3574124630481806E-020   7.3902648760632783E-027  -1.9935091564537984E-020   8.0852305790574230E-026  -3.8570670464016398E-020  -2.1576117245404215E-024   5.9146248566985809E-022  -4.1657490416445286E-025  -1.6794837252840831E-021   4.0759242523542812E-026  -8.2030738740428884E-021   1.5065344831642273E-009   2.1113360192247901E-018  -8.5377851108827666E-010  -7.7506307812254267E-019  -2.2530793384404180E-024   1.5012572421575968E-017  -2.9163521748268824E-018   3.4832411197747082E-025   3.6909620421907194E-018  -6.2534211209421816E-019   1.5546491526967979E-024  -2.3146103261162601E-019   5.1242176757003792E-019  -3.7548299960828005E-025   5.8617261604368590E-019   1.6146061867161620E-024   5.5870606339800866E-020   7.0722218797841383E-025   1.8981446671695937E-019  -2.1140989600203655E-019  -8.3332686917746216E-025  -1.4144563578873081E-019  -8.4705718973974291E-025  -2.5289590384948976E-019   6.6315748473556091E-011   2.0796535813165272E-018   2.3077863956963891E-025  -6.3609017077885003E-020  -1.1479534736922121E-018   1.6316829227232958E-027  -1.6417679582480502E-018  -1.8181862958322616E-024   7.7801583680577764E-020  -7.2477163323131386E-026  -1.0093429648277056E-020   8.6032229052273487E-010   1.2057017185686344E-018  -4.8755914223240663E-010  -2.2687333184580131E-018   7.1586242483820217E-025   1.5337809314339628E-018   6.8964434853306131E-019  -3.9884887270104789E-025   1.5791890686168514E-018  -9.1302673226947973E-010  -1.0033496633393493E-011
  -2.4056990008579734E-009   8.9963073847500385E-017  -6.2471895820626330E-010   6.4418822977402098E-010  -1.6131504000597410E-016  -2.8858615522155873E-024  -7.5088798168903534E-017   8.9100995885531361E-017   1.1009266465046959E-024   7.2214091042440955E-017  -2.1358599025594987E-009   7.9872263157618958E-017  -5.5464635132064743E-010   1.8406674923369147E-009   1.5850099722531983E-018  -2.5743387040713001E-024   1.2080029754262403E-018  -1.2627498193271550E-018   5.7714638265376297E-025  -8.6388513368873532E-019  -4.6333684163675875E-024  -3.2798141672117555E-019  -4.1581501650049846E-024  -6.5617421322944165E-019  -2.3655727945940093E-009   8.8462580132169605E-017  -6.1429886751036345E-010   2.2136317815926868E-017  -3.2761216839511823E-024   1.0303487779386630E-017  -1.2225230480462263E-017   2.9267199504175843E-024  -9.9077117836961521E-018   1.2330596522565857E-018   1.3876736426853106E-024   1.4378143561074042E-018  -1.4223329620418604E-018  -8.0775399716409845E-025  -7.4470515319347533E-019   1.4183649787828353E-024  -5.4220073083723501E-019  -1.6022154368017851E-025  -1.0336813002926282E-018   6.5900725898471235E-019  -1.6380882047644790E-024   2.6387140555689551E-019  -1.8776057000803358E-024   2.7301499219703504E-019   1.2695831320446837E-009  -7.5011078214490517E-018  -1.1492195080344826E-023  -5.7174324874089437E-018   5.9759908189563770E-018  -1.0662592000016910E-025   4.0884262088260156E-018  -2.5615790892540826E-023   1.5516209023391981E-018  -1.1103645941292777E-023   3.1041669486652063E-018   2.4376728809032966E-020   3.1873850461586342E-024   4.2833124531406410E-020  -4.0577265561110867E-020  -5.1930900628918909E-026  -1.3241954833510767E-020   3.4356174927468155E-024  -2.2024497323676381E-020   1.5956771059724338E-024  -3.9527301214797290E-020   2.6078398691542703E-020   9.5217201456416221E-026   8.5008183218313340E-021   6.0231141339105486E-027   5.1518883711367613E-021   6.3798528471968788E-024   6.8338067186707956E-021   3.3206264433804752E-024   7.6401647503517554E-021   2.9286201430251989E-024   1.4856404392744669E-020  -1.4282655331345586E-009   5.3411164866369805E-017  -3.7089617428645095E-010  -6.2655265887711213E-018  -1.9954683790348400E-024  -2.9165803758882455E-018   3.4605607642504689E-018   4.1899667836910598E-025   2.8054580610618638E-018   4.6885715912633432E-019   6.6432057090733475E-025   5.4660591123644602E-019  -5.4060178476276341E-019  -2.5065973794518466E-025  -2.8312194248720295E-019   6.8172499897176049E-025  -2.0612512083743914E-019   2.9085037117217493E-025  -3.9296734496947814E-019   2.5086618085174828E-019  -6.1902332851194890E-025   1.0040170736504269E-019  -4.5112824184720350E-025   1.0369166235009181E-019  -7.8689876121183932E-011  -1.5740265149496385E-018   4.3494756919730219E-025  -1.1994438574336530E-018   1.2536985317732789E-018   5.5815368060568941E-026   8.5765462130097948E-019   1.8031028068231014E-024   3.2563105653190617E-019   4.4940259234172119E-025   6.5147797678973878E-019  -8.1562599168667786E-010   3.0501008625604622E-017  -2.1180414492029362E-010   1.4816427831670374E-018   4.5729106565274521E-025   6.8969949063247371E-019  -8.1833179976236088E-019  -3.5220596628300206E-025  -6.6342536835305773E-019   1.0834107950450187E-009   1.1922663266582186E-011
  -1.7232902349994875E-017  -5.8393721324146505E-010   1.8294073107687631E-017   1.6632654556230155E-016  -3.4884170298625894E-024   1.7781385927425176E-017  -2.1611584413749450E-024   1.1009266465046959E-024   4.6175246531188853E-018   6.3570204900987618E-025  -1.5299970513736124E-017  -5.1843920802372729E-010   1.6242084342878574E-017   4.7526582992255771E-016   5.4380488681973749E-024  -1.5138750381269864E-018   4.6480135300590850E-024  -2.5427268682697883E-024  -5.7719672689875010E-019  -1.1310511717851516E-024   9.1910059283796454E-019   8.6854349260920052E-025   2.8123709624964530E-019   2.7540690137990420E-024  -1.6945484691394128E-017  -5.7419753251886640E-010   1.7988929730202254E-017  -8.4642510500549789E-024   1.1145397757927403E-017  -3.2706668235569666E-024  -3.1649896014836634E-025   2.8942723768369665E-018  -2.3886742324636072E-024   1.5475157996087485E-024   1.3456354121605275E-019   3.0973801892953095E-025   6.2048598559393933E-025   7.3236670126287154E-020   9.2586290560885835E-025  -1.1346750153528945E-019   7.4081314020952941E-026  -2.8303856296176198E-020   3.2096397700808745E-025   7.3305707644692536E-025  -2.9466174483429416E-020   7.4676990785718784E-025  -2.5122687636328562E-020   1.7645079274389428E-024   3.2802474246024071E-016   2.0382383007891440E-024  -8.0076843519491657E-019   1.3017153545775586E-024   3.3314051339449724E-024  -3.0538915058150662E-019   2.0802717238934220E-024   4.8668367118321100E-019   1.6748690383759694E-024   1.4895877378400547E-019   1.2194181818440260E-024  -9.7593326965480067E-025   1.1469365328345029E-020  -1.9018190984688608E-025  -1.0024278895549841E-024   8.5122979224286803E-021  -6.4780820102996227E-025  -1.3364414284170454E-020  -1.2441822680574358E-025  -2.4616180450013095E-021   4.6420910752811727E-026  -1.1878586485584121E-024  -4.7016475321103753E-021  -5.5207695065960587E-025  -3.8105599104708708E-021  -7.0933214435419971E-025   5.3252413242454554E-021  -2.3950744105593189E-025   1.2708824880123597E-021   2.3297777296825319E-026   3.1957911419901541E-022   7.8441371677401673E-025  -1.0231187659134292E-017  -3.4668415640196587E-010   1.0861210949963768E-017  -3.3385627862655822E-024   4.0015882108175195E-018  -1.0453249453615514E-024   8.6994987055155674E-025   1.0391447458995457E-018  -1.9499646578430655E-025   1.2943195496519921E-024   9.9599772271473832E-020   2.6379059997287383E-025   2.1284828455241809E-025   5.4207435584872709E-020   4.4765708678623221E-025  -8.3984200252185616E-020   7.9389726721553012E-026  -2.0949317282120159E-020   2.0569245668846620E-025  -4.6406724871854722E-025  -2.1809450278053351E-020  -7.0767824308523357E-026  -1.8594578308689856E-020   2.9934624610871139E-025  -1.0863185615266021E-017  -2.6535334602050650E-024  -3.8556617578368221E-019   2.7410778655080740E-025  -1.7125790798654093E-024  -1.4697769794306347E-019  -1.4582897690059071E-024   2.3389130267047993E-019   1.4769077549579840E-027   7.1547049660819231E-020   3.3515414352217868E-025  -5.8426319001735935E-018  -1.9797761299274380E-010   6.2024072879949140E-018   3.4342225153949836E-025   6.7412717132917936E-019  -7.8772461607510488E-026   2.5380406474104108E-025   1.7505933417624173E-019   5.1782447965659410E-025   2.7953174840498582E-016   1.1989104864254898E-016
  -1.7037054407505246E-009   6.8412636644291285E-017  -1.4538321292910755E-009   5.2209581406018929E-010  -1.4371918767848875E-016  -2.5673275536791585E-024  -3.3950665004866069E-017   7.2214091042440955E-017   6.3570204900987618E-025   7.1505121512743837E-017  -1.5126064733316569E-009   6.0739049956704762E-017  -1.2907611181590792E-009   1.4918074401438147E-009   2.7110418679845296E-018  -3.5027595813869465E-024  -1.0564834134527652E-018  -1.1965396244641900E-018   3.0825740101680731E-025  -2.4407828701091940E-018  -7.0289634330120480E-024   4.0088819418320244E-019  -4.5753703762052004E-024   4.8801759843396125E-019  -1.6752881602165931E-009   6.7271602770991915E-017  -1.4295830249754961E-009   9.8067041255656927E-018  -6.2692685410991499E-024   2.5216037229449276E-017  -9.9083094114827335E-018   6.8887117791861358E-024   1.0426351940043275E-019   8.4935281223397621E-019   2.8313234647101775E-024   1.3146536757870199E-018  -1.1157263730870953E-018  -1.5213616070103612E-024  -3.7707331054472594E-019   2.8167714517618343E-024  -5.1622681553012770E-019   4.8489199084886894E-025  -9.2988270015973363E-019   5.3411554115464015E-019  -3.1574411922946467E-024   1.7683039503074837E-019  -3.4946252633933312E-024   1.1342764707543302E-019   1.0289602136444098E-009  -5.3247449877016726E-018  -1.6170027512162066E-023  -5.7110638127918651E-018   4.7517720811217680E-018  -1.7335166304047744E-025   2.3925895687320863E-018  -3.1670989165580399E-023   1.6099446236917820E-018  -1.5346145015526038E-023   3.0546526130114160E-018   5.1968016939011248E-021   4.1117787650421644E-024   4.4007538436878962E-020  -2.7284404961631683E-020  -1.0010273242363920E-026   1.5485626554670686E-020   4.1750821325280900E-024  -2.5908935793787943E-020   2.0842207122178823E-024  -3.7955315261198529E-020   2.0365875739173673E-020   1.1909244205758589E-025   7.3012585291028619E-022   4.6046402113337918E-026  -1.2333432867904962E-020   6.7236184370166589E-024   8.6016107495489088E-021   3.8401605931502697E-024   8.4876035152036692E-021   3.5836220093204188E-024   1.4122958792302488E-020  -1.0114913038789810E-009   4.0616641854746238E-017  -8.6314159070256557E-010  -7.9985336019889615E-018  -3.2218644311921496E-024   3.6914211703945996E-018   2.8046809647896005E-018   7.5402420346168403E-025   5.1942330668371790E-018   2.6896033325233281E-019   1.5655527517744458E-024   5.5354784796245491E-019  -4.1073133731179085E-019  -4.8216352202588994E-025  -6.1824543039679286E-020   1.6022009992366862E-024  -2.2389387206129695E-019   6.9351287030444476E-025  -3.8666629157933740E-019   2.0332281485945335E-019  -1.1568267991534331E-024   5.3961800554426257E-020  -9.5889942263154114E-025   4.2119975203117403E-021  -6.3774564531002560E-011  -9.1245769236149025E-019   6.1236341139937749E-025  -1.4903284577563901E-018   9.7200559679792687E-019   5.7940200184501116E-026   2.5187340907892865E-019   1.3344635421164153E-024   4.3379733009838248E-019   5.1718194652907876E-025   7.8794039808792048E-019  -5.7762270530055201E-010   2.3194563990787332E-017  -4.9290603654159285E-010   7.0884429784445204E-019   9.5114934437118499E-025   1.5790812269389989E-018  -6.6324145371025494E-019  -6.0815626562152982E-025  -4.5693765855332710E-020   8.7807289432962318E-010   9.6789123097592123E-012
   6.5562396021146122E-002   4.2330651063474747E-016   1.8883150305830167E-009  -6.3295206528462794E-009   3.6484659505294753E-009  -1.8410837219951377E-017   2.2529050621858683E-009  -2.1358599025594987E-009  -1.5299970513736124E-017  -1.5126064733316569E-009   5.8208484425064412E-002   2.2744599196042088E-016  -5.6555000319631859E-009  -2.3071978963511544E-008   3.5055035467202886E-010   5.8990782250408076E-017   2.1460642345660409E-010  -2.6304574488824651E-010   6.5359462402107864E-018  -2.0726284619383596E-010   1.3599661650504867E-016  -5.6327201099195196E-011   5.3019803763944800E-017  -1.1797535637477304E-010   6.4468838403164794E-002  -1.7128143036033607E-016  -3.5612103341692607E-009  -1.1896626981033328E-009   1.9071950106818953E-018  -2.0612632086531448E-010   5.8146953898092308E-010   6.6884859650183216E-018   6.0819383207851809E-010  -3.2348069050602955E-011   1.4325252425648320E-018  -3.2250486937535038E-011   3.5009464238409225E-011  -2.0103369590481339E-018   2.1812888993956419E-011   2.9962996119278722E-018   1.1817101392024174E-011   8.2370444819501283E-018   2.3442480512470739E-011  -1.5940725457644741E-011  -1.3090378538047722E-020  -7.0090434091514212E-012   1.9015994150547087E-018  -8.4280408800874994E-012  -1.3897698693096110E-008   1.7270387797612766E-010   2.2379115920904504E-016   1.0382174839956066E-010  -1.2901137048612462E-010  -6.6253272387062635E-018  -1.0271047142365978E-010   4.5699214654575615E-016  -2.7163358147222720E-011   2.2689457442691542E-016  -5.7140298425873053E-011  -1.5534506555600516E-012  -5.7738813354676428E-017  -2.1304420179071321E-012   2.2600802800876951E-012   4.0685051331300025E-019   1.1464360412683803E-012  -7.0760349643511860E-017   1.0415740510599458E-012  -3.3841285829142622E-017   2.0135051643580330E-012  -1.4065155181965223E-012   5.4922479950065432E-019  -5.5840697748684602E-013   6.9851612041441233E-019  -5.5458640583893598E-013  -1.3448053585555051E-016  -3.1188778906633180E-013  -6.8986895563065105E-017  -3.6739668865078305E-013  -5.5339831585930324E-017  -7.5361031009377586E-013   3.8924450576722489E-002   4.5442092124980380E-016  -2.7743840864401839E-009   2.8432742142072740E-012   2.6898035407895411E-017   1.2613747050459164E-010  -2.8723297758121053E-011   1.4722471730298117E-018   2.5880234274729453E-011  -1.2591052299161352E-011  -7.0637885508079698E-018  -1.0638006950400557E-011   1.2823933181734934E-011  -4.9857507776328729E-019   9.2937058415785578E-012  -7.0699377917912385E-018   3.7565537027612835E-012  -5.0789831339040736E-019   7.8379957320585077E-012  -5.7320091605261971E-012  -6.0241506577838934E-019  -2.7573645949542404E-012  -2.0953668014510741E-018  -3.7206629591402708E-012   9.7486794564115329E-010   6.7492820306560881E-011  -1.6074418550898081E-017   3.8050906752157315E-011  -4.9632348936575332E-011   1.4555759965403064E-018  -4.0907287935527264E-011  -3.7046470645647590E-017  -9.8380129298489821E-012  -1.8963184378645456E-017  -2.1028083148753217E-011   2.2228215198910994E-002   1.4376165072833897E-016  -1.4178055182396174E-009  -8.7414305782830531E-011  -7.3580719020769108E-018  -1.9662815464627353E-011   4.3707626224204788E-011  -1.3095200802753509E-018   4.3706442038890308E-011  -1.2430771647524104E-008   4.4786797602843877E-010
  -3.1370501056708364E-016   6.5562388749571876E-002  -5.8235109174295510E-017  -8.0696673249452094E-017   5.6074846980668763E-017  -1.9964306268625499E-009   3.1573338967466279E-018   7.9872263157618958E-017  -5.1843920802372729E-010   6.0739049956704762E-017   2.2744599196042088E-016   5.8208506203588119E-002   9.9004467971629580E-016  -1.5828350511816307E-016  -2.0422706059972500E-016   1.6997249279079255E-010  -2.0427958937751224E-016  -4.0650829975379346E-017   6.4805590970748969E-011  -9.2029057820283171E-017  -1.0319333825814032E-010  -1.8400871117660632E-016  -3.1576298644825316E-011  -4.8146108221591614E-016   2.8061649052291406E-016   6.4468852116948194E-002   8.2233960641939737E-016   4.3972331301404742E-016  -1.2513655304096022E-009   7.7324338062651972E-017   3.2897488800814131E-016  -3.2495858529719616E-010   4.8547247790393901E-016  -1.7082601646221217E-016  -1.5108314730889056E-011  -3.2174008714098601E-017  -7.2712334992628330E-017  -8.2227522560026162E-012  -1.0607529613807394E-016   1.2739726596289751E-011  -9.2471559722508696E-018   3.1778560905415602E-012  -3.7946106597942711E-017  -8.0947881449699720E-017   3.3083570333143661E-012  -8.3210966675078881E-017   2.8206858132940701E-012  -1.9728795054653656E-016   1.5423840598714926E-016  -2.6959146304832567E-016   8.9907425415219706E-011  -1.7302988756566374E-016  -3.4286602641763611E-016   3.4288005210665335E-011  -2.1007017732289397E-016  -5.4643107725666263E-011  -1.8090436615219344E-016  -1.6724560129042069E-011  -1.2219941082089827E-016   1.0885208489198683E-016  -1.2877394543791231E-012   2.0009350991337030E-017   1.1378471155638577E-016  -9.5573046705851246E-013   7.3073317123095304E-017   1.5005087958675829E-012   1.4669896930427210E-017   2.7638169918825405E-013  -3.9756568296939968E-018   1.3256536050426573E-016   5.2788422500755921E-013   6.1737837651000723E-017   4.2783608329586401E-013   7.9522395082710189E-017  -5.9789911307084843E-013   2.6674270516145184E-017  -1.4269015546453681E-013  -2.8549555023557628E-018  -3.5881203746376806E-014  -8.8529216518071710E-017  -9.1445797125318428E-016   3.8924461260433779E-002  -6.4478140000499772E-017   2.5728461933958633E-016  -4.4928405990254858E-010   4.3900526569338814E-017  -2.8668460855493766E-017  -1.1667146784419975E-010   7.0460042711268680E-017  -1.4334948568886516E-016  -1.1182707388677277E-011  -2.7923156665598794E-017  -2.5918188164723307E-017  -6.0862176349500329E-012  -5.1709960923247614E-017   9.4294466269456205E-012  -9.5142167332975225E-018   2.3521146666858490E-012  -2.4341023285746343E-017   5.3014048538533634E-017   2.4486873333619286E-012   8.3769986012257879E-018   2.0877329686506829E-012  -3.3040320460864005E-017   1.0766695978369523E-015   3.1961713241113682E-016   4.3289995794384695E-011  -1.2236803023808607E-017   1.7438474442260321E-016   1.6502131995611449E-011   1.5253157947062764E-016  -2.6260481714627282E-011  -5.2718312020881983E-018  -8.0330476931155861E-012  -4.7643067219022535E-017   9.3345519844841361E-017   2.2228220658674178E-002   6.2202338831306085E-017  -8.0079190885914940E-017  -7.5688595744728137E-011  -1.3638929066337758E-017  -4.8761558542009689E-018  -1.9655038009647403E-011  -4.0244981725950474E-017   2.4253929854283810E-016   9.7414611619728971E-015
