  0.18158382123518266       0.13279213205244833       -9.9639578502592496E-018  -1.4867991244223265E-016  -3.2873145304722317E-017  -7.3365750456694186E-015  -1.0403589503867505E-017   8.9976783531144553E-018  -7.5065071100034460E-015  -4.1449507501553868E-018  -7.2980840615135532E-015  0.11294605788186615       -3.7670331209993164E-016  -1.2735704408519866E-016   1.1953846994381069E-016   1.8634102364564376E-016   3.4064020851109589E-017  -1.5908363498384717E-017   8.7894331291217039E-017  -2.2120167248826063E-020   8.8273879801364695E-017   1.0453585615320597E-016  -1.4490440388294008E-017   4.5535404360921764E-017  -4.4744135078880842E-017  -8.6786918484244612E-015   6.0388775415579703E-018  -5.9771221365482285E-018  -8.7277570249268176E-015  -3.8903221392892918E-018  -8.7410974860521097E-015   4.5669350024063658E-002   1.9650440337594193E-017  -2.1158503235569058E-017   2.4545707810459484E-018   1.5458923464438193E-015  -1.8358934487717867E-019   1.4797535252809719E-018   9.5830747705059861E-016   1.2071439078293541E-018   9.6166677552714259E-016  -2.8284088340335430E-019   7.0666488934648488E-019  -9.3382121312846489E-020   1.5180997029586538E-018   1.5755669316969150E-015   2.6815089325888626E-018   9.6749023331381457E-016   2.8459325457654653E-018   1.5591598970402307E-015   6.8626332395186763E-017   1.8474235009329294E-017  -1.2544127454998312E-017   3.0977937542176228E-017  -2.6776540058315947E-021   3.0828667979253954E-017   3.2788291805434102E-017  -1.2578097596970260E-017   1.5694152404275535E-017  -2.5398056113406244E-017  -6.1556699192400997E-016  -8.4550926474332716E-019  -3.5993448721459571E-020  -6.1429647181683954E-016   5.5587788229028625E-019  -6.3821690038001857E-016   1.9674781141674810E-002   2.7442055801536472E-017   2.3842638162121726E-017  -1.0016986812940088E-017
  0.13279213205244833        9.7110801034394456E-002  -7.2866359878117388E-018  -1.0872952464748560E-016  -2.4040110085744870E-017  -5.3652326272802728E-015  -7.6081383342392426E-018   6.5799964110499108E-018  -5.4895038369810694E-015  -3.0311998261818890E-018  -5.3370841952443918E-015   8.2597379717143246E-002  -2.7548289062702329E-016  -9.3136124688483035E-017   8.7418406431522554E-017   1.3627107112528560E-016   2.4910996609324922E-017  -1.1633776027214395E-017   6.4277068122539855E-017  -1.6176464127406643E-020   6.4554631704675070E-017   7.6447004584914321E-017  -1.0596849765862530E-017   3.3300012015528456E-017  -3.2721357296869716E-017  -6.3467217846784323E-015   4.4162272745021182E-018  -4.3710655864110583E-018  -6.3826031167979886E-015  -2.8449900863027579E-018  -6.3923589874660902E-015   3.3397966393109012E-002   1.4370354420611664E-017  -1.5473199851052885E-017   1.7950260385068990E-018   1.1305100818533854E-015  -1.3425877020606067E-019   1.0821428043398510E-018   7.0080964357795625E-016   8.8278356587269263E-019   7.0326629640014278E-016  -2.0684135669820422E-019   5.1678358052278602E-019  -6.8290285447030922E-020   1.1101853394910762E-018   1.1522110870240333E-015   1.9609857632358675E-018   7.0752498734600636E-016   2.0812286461368121E-018   1.1402126330984622E-015   5.0186392882953393E-017   1.3510196218139147E-017  -9.1735123655616179E-018   2.2654145864048648E-017  -1.9581666577697443E-021   2.2544985128383141E-017   2.3978056776116586E-017  -9.1983547086068001E-018   1.1477123591427157E-017  -1.8573582152557247E-017  -4.5016374654232446E-016  -6.1832038323472754E-019  -2.6321985973918967E-020  -4.4923461600250531E-016   4.0651313893500550E-019  -4.6672761007491657E-016   1.4388154835030469E-002   2.0068357814039815E-017   1.7436106001990906E-017  -7.3254160342223602E-018
  -9.9639578502592496E-018  -7.2866359878117388E-018   5.4674725626110408E-034   8.1584381839608867E-033   1.8038315968550471E-033   4.0257619882134191E-031   5.7087094325257315E-034  -4.9372508657864904E-034   4.1190079566545618E-031   2.2744380135308364E-034   4.0046410237389854E-031  -6.1976323244694803E-018   2.0670651703905906E-032   6.9883991347168435E-033  -6.5593744415256059E-033  -1.0224997429559621E-032  -1.8691779127789691E-033   8.7293164273269533E-034  -4.8229815096143812E-033   1.2137888310133416E-036  -4.8438082844421998E-033  -5.7361435477352732E-033   7.9512665984518396E-034  -2.4986413803854171E-033   2.4552224583645545E-033   4.7622150026841222E-031  -3.3136829524602160E-034   3.2797962191401917E-034   4.7891382906323272E-031   2.1347169343685114E-034   4.7964585348837835E-031  -2.5059913135055177E-018  -1.0782687462515317E-033   1.1610199244608488E-033  -1.3468843003993937E-034  -8.4826974541166592E-032   1.0074005942102548E-035  -8.1197772215487357E-035  -5.2584725026539849E-032  -6.6239001553065994E-035  -5.2769058125155348E-032   1.5520185781920708E-035  -3.8776467660006665E-035   5.1241102560778056E-036  -8.3301922769760123E-035  -8.6455293158290616E-032  -1.4714109328497975E-034  -5.3088605800352751E-032  -1.5616342765449995E-034  -8.5554998183468989E-032  -3.7656982805637449E-033  -1.0137274218407914E-033   6.8832760749097959E-034  -1.6998368128757211E-033   1.4692956382456869E-037  -1.6916460190970292E-033  -1.7991754733931458E-033   6.9019163403515842E-034  -8.6117734492002088E-034   1.3936547808669343E-033   3.3777698474567194E-032   4.6395205358052539E-035   1.9750504395520636E-036   3.3707981862648570E-032  -3.0502407931255873E-035   3.5020555528861703E-032  -1.0796043869724447E-018  -1.5058141494711156E-033  -1.3083051125941052E-033   5.4965708790469798E-034
  -1.4867991244223265E-016  -1.0872952464748560E-016   8.1584381839608867E-033   1.2173835870101674E-031   2.6916364752984482E-032   6.0071504608509164E-030   8.5184063535956193E-033  -7.3672534294328952E-033   6.1462899738011802E-030   3.3938646649157761E-033   5.9756342381214858E-030  -9.2479659709449476E-017   3.0844276256955998E-031   1.0427930216846917E-031  -9.7877493291129397E-032  -1.5257508566331635E-031  -2.7891447614233080E-032   1.3025687398524529E-032  -7.1967432955501281E-032   1.8111880823916578E-035  -7.2278205351811001E-032  -8.5593429162405387E-032   1.1864699142940568E-032  -3.7284158287620340E-032   3.6636271010153582E-032   7.1060688962242010E-030  -4.9446023220610574E-033   4.8940373094557162E-033   7.1462432140500438E-030   3.1853760489623460E-033   7.1571663160012815E-030  -3.7393832317677015E-017  -1.6089680947185305E-032   1.7324475204201633E-032  -2.0097901141561859E-033  -1.2657688176784084E-030   1.5032202503499826E-034  -1.2116146861449139E-033  -7.8465730488225641E-031  -9.8840331313871629E-034  -7.8740788144773691E-031   2.3158868170875649E-034  -5.7861362955874519E-034   7.6460807609515531E-035  -1.2430123420639832E-033  -1.2900662176735075E-030  -2.1956059223690880E-033  -7.9217609916638489E-031  -2.3302351434320722E-033  -1.2766322208581579E-030  -5.6190893122206065E-032  -1.5126609986177085E-032   1.0271067978340309E-032  -2.5364578243159693E-032   2.1924495278795177E-036  -2.5242357081634348E-032  -2.6846887137860118E-032   1.0298882558404124E-032  -1.2850292440429348E-032   2.0795799611758035E-032   5.0402313289273076E-031   6.9229870037990742E-034   2.9471253374877887E-035   5.0298283746880341E-031  -4.5514999246794167E-034   5.2256876313201478E-031  -1.6109611074191461E-017  -2.2469416196076674E-032  -1.9522231277118035E-032   8.2018580298186168E-033
  -3.2873145304722317E-017  -2.4040110085744870E-017   1.8038315968550471E-033   2.6916364752984482E-032   5.9512112636167364E-033   1.3281816401634441E-030   1.8834205995057928E-033  -1.6289005589545166E-033   1.3589454020712234E-030   7.5038385779038400E-034   1.3212133997856923E-030  -2.0447263126692998E-017   6.8196729373772370E-032   2.3056165396862375E-032  -2.1640724736580726E-032  -3.3734368540467083E-032  -6.1668021935241220E-033   2.8799809437065426E-033  -1.5912007492426053E-032   4.0045388801110244E-036  -1.5980719304080876E-032  -1.8924716780946719E-032   2.6232863102757068E-033  -8.2435315761261110E-033   8.1002836264643120E-033   1.5711526293890388E-030  -1.0932521275887542E-033   1.0820721976344886E-033   1.5800351755629891E-030   7.0428700143609692E-034   1.5824502746286470E-030  -8.2677805164636869E-018  -3.5574302607216566E-033   3.8304434093412159E-033  -4.4436481949315472E-034  -2.7986162745351197E-031   3.3236216583027460E-035  -2.6788814290197052E-034  -1.7348781805227485E-031  -2.1853608331321977E-034  -1.7409597083918168E-031   5.1204283481798353E-035  -1.2793153834528703E-034   1.6905493132036968E-035  -2.7483016814466264E-034  -2.8523378531563200E-031  -4.8544871551488834E-034  -1.7515022431118698E-031  -5.1521525138088565E-034  -2.8226352711410289E-031  -1.2423812767081716E-032  -3.3444951633036883E-033   2.2709342811716233E-033  -5.6081110923733742E-033   4.8475083633948208E-037  -5.5810879798618191E-033  -5.9358497551258288E-033   2.2770840879411350E-033  -2.8412010988137848E-033   4.5979536249109742E-033   1.1143957117247882E-031   1.5306732024543940E-034   6.5160974242641313E-036   1.1120956173765428E-031  -1.0063371434695497E-034   1.1554001209694134E-031  -3.5618368140364457E-018  -4.9679904392793968E-033  -4.3163675233831000E-033   1.8134317296406002E-033
  -7.3365750456694186E-015  -5.3652326272802728E-015   4.0257619882134191E-031   6.0071504608509164E-030   1.3281816401634441E-030   2.9642141593124667E-028   4.2033874284761426E-031  -3.6353537460213593E-031   3.0328722222484481E-028   1.6746944762073727E-031   2.9486625538929828E-028  -4.5633868927650955E-015   1.5220035025003073E-029   5.1456374536557621E-030  -4.8297417116880341E-030  -7.5287814451954177E-030  -1.3762968728790665E-030   6.4274945788547992E-031  -3.5512159245275445E-030   8.9372646714809602E-034  -3.5665509147773855E-030  -4.2235874783028395E-030   5.8546076754177276E-031  -1.8397779551963557E-030   1.8078081110244598E-030   3.5064728570580816E-028  -2.4399022982265260E-031   2.4149511125841184E-031   3.5262967789851533E-028   1.5718162627362427E-031   3.5316867577576990E-028  -1.8451897942192261E-015  -7.9394149344664357E-031   8.5487212344066980E-031  -9.9172616908019113E-032  -6.2459062349622980E-029   7.4176047024157147E-033  -5.9786839562412883E-032  -3.8718728763295852E-029  -4.8772527257493115E-032  -3.8854455312094760E-029   1.1427688617613947E-032  -2.8551552432170327E-032   3.7729404320012281E-033  -6.1336149453201655E-032  -6.3658011794444266E-029  -1.0834165393012084E-031  -3.9089741885461178E-029  -1.1498490093937882E-031  -6.2995114405145688E-029  -2.7727263051384118E-030  -7.4641898510183246E-031   5.0682341537928732E-031  -1.2516091025746130E-030   1.0818590239202744E-034  -1.2455781283228091E-030  -1.3247532837097633E-030   5.0819591924110689E-031  -6.3409463524293021E-031   1.0261638037057933E-030   2.4870902050454565E-029   3.4161315311037776E-032   1.4542520137596798E-033   2.4819568919287467E-029  -2.2459268518027524E-032   2.5786031779715119E-029  -7.9492494084077072E-016  -1.1087480174495382E-030  -9.6331987604001049E-031   4.0471874082566553E-031
  -1.0403589503867505E-017  -7.6081383342392426E-018   5.7087094325257315E-034   8.5184063535956193E-033   1.8834205995057928E-033   4.2033874284761426E-031   5.9605902017448652E-034  -5.1550931926032404E-034   4.3007476133676310E-031   2.3747912024889787E-034   4.1813345607683512E-031  -6.4710854430203175E-018   2.1582686151092172E-032   7.2967426176823123E-033  -6.8487884149386498E-033  -1.0676146721402569E-032  -1.9516501380766365E-033   9.1144729959806037E-034  -5.0357820220471631E-033   1.2673438539198007E-036  -5.0575277198164954E-033  -5.9892347702317194E-033   8.3020939037747451E-034  -2.6088869131687854E-033   2.5635522531678164E-033   4.9723343636781663E-031  -3.4598899053414615E-034   3.4245080150939640E-034   5.0004455660855772E-031   2.2289053231539534E-034   5.0080887955536953E-031  -2.6165611414434877E-018  -1.1258443260635565E-033   1.2122466675817637E-033  -1.4063117870570350E-034  -8.8569726532750739E-032   1.0518493158662853E-035  -8.4780395848070504E-035  -5.4904878319576067E-032  -6.9161611446018968E-035  -5.5097344598417437E-032   1.6204970386808973E-035  -4.0487370381058641E-035   5.3501972286448250E-036  -8.6977386135461115E-035  -9.0269890135271684E-032  -1.5363328073967868E-034  -5.5430991417244796E-032  -1.6305370027152980E-034  -8.9329872173413764E-032  -3.9318491401873556E-033  -1.0584552969953721E-033   7.1869812981284985E-034  -1.7748373377815239E-033   1.5341241813596607E-037  -1.7662851482334594E-033  -1.8785590376741472E-033   7.2064440129265592E-034  -8.9917437640960153E-034   1.4551458836073618E-033   3.5268044545738961E-032   4.8442263480696488E-035   2.0621939927212885E-036   3.5195251884137841E-032  -3.1848241006764384E-035   3.6565739176646061E-032  -1.1272388981797630E-018  -1.5722539693205613E-033  -1.3660304009501690E-033   5.7390916304437282E-034
   8.9976783531144553E-018   6.5799964110499108E-018  -4.9372508657864904E-034  -7.3672534294328952E-033  -1.6289005589545166E-033  -3.6353537460213593E-031  -5.1550931926032404E-034   4.4584487315777687E-034  -3.7195569556662327E-031  -2.0538687524972398E-034  -3.6162810394017132E-031   5.5966015758477488E-018  -1.8666064045640601E-032  -6.3106818156330816E-033   5.9232628549258225E-033   9.2334029725151625E-033   1.6879097540033650E-033  -7.8827693408601215E-034   4.3552609293102834E-033  -1.0960786520967354E-036   4.3740679760531169E-033   5.1798668165253167E-033  -7.1801728216735346E-034   2.2563294424117758E-033  -2.2171211779195172E-033  -4.3003874049319624E-031   2.9923303388582600E-034  -2.9617298554526212E-034  -4.3246997403318882E-031  -1.9276974711303752E-034  -4.3313100857619543E-031   2.2629665975588988E-018   9.7370096329089128E-034  -1.0484271409863656E-033   1.2162668586096050E-034   7.6600668535484310E-032  -9.0970542586191368E-036   7.3323417096289696E-035   4.7485191044185618E-032   5.9815310277575040E-035   4.7651647983897791E-032  -1.4015077316155977E-035   3.5016023644219530E-035  -4.6271869695718793E-036   7.5223512437758964E-035   7.8071076920731433E-032   1.3287172123770174E-034   4.7940206731648499E-032   1.4101909237989101E-034   7.7258090281475472E-032   3.4005103607004062E-033   9.1541869370895548E-034  -6.2157533249817053E-034   1.5349909267872902E-033  -1.3268070537075516E-037   1.5275944555270829E-033   1.6246959746003701E-033  -6.2325859045030583E-034   7.7766253842370906E-034  -1.2585016558650554E-033  -3.0502022484442034E-032  -4.1895915379407953E-035  -1.7835150302050321E-036  -3.0439066813679503E-032   2.7544361355742461E-035  -3.1624350396853908E-032   9.7490707694399005E-019   1.3597840918362765E-033   1.1814289831174532E-033  -4.9635273008981579E-034
  -7.5065071100034460E-015  -5.4895038369810694E-015   4.1190079566545618E-031   6.1462899738011802E-030   1.3589454020712234E-030   3.0328722222484481E-028   4.3007476133676310E-031  -3.7195569556662327E-031   3.1031205648851427E-028   1.7134842776745703E-031   3.0169604056410201E-028  -4.6690854987515704E-015   1.5572566274930331E-029   5.2648223307095792E-030  -4.9416097119685956E-030  -7.7031654547554316E-030  -1.4081750949771092E-030   6.5763702347952756E-031  -3.6334703074234229E-030   9.1442724136045553E-034  -3.6491604915523521E-030  -4.3214155431172251E-030   5.9902139442770408E-031  -1.8823914722525595E-030   1.8496811324702803E-030   3.5876908869183277E-028  -2.4964160845273575E-031   2.4708869716563175E-031   3.6079739767752978E-028   1.6082231665868657E-031   3.6134887999355630E-028  -1.8879286619971597E-015  -8.1233101663723194E-031   8.7467294109381103E-031  -1.0146968432867271E-031  -6.3905758844291048E-029   7.5894136012068927E-033  -6.1171641190366670E-032  -3.9615544166420486E-029  -4.9902211911171619E-032  -3.9754414456335481E-029   1.1692380344375997E-032  -2.9212872491535608E-032   3.8603304678460510E-033  -6.2756836685323050E-032  -6.5132478734166377E-029  -1.1085109747715790E-031  -3.9995150811496989E-029  -1.1764821746817328E-031  -6.4454227106533980E-029  -2.8369490660223960E-030  -7.6370777697091238E-031   5.1856261912110170E-031  -1.2805992672244393E-030   1.1069173837283275E-034  -1.2744286016455277E-030  -1.3554376369444463E-030   5.1996691335010132E-031  -6.4878173510617866E-031   1.0499321332632635E-030   2.5446969725217577E-029   3.4952570466888303E-032   1.4879358574090363E-033   2.5394447599881725E-029  -2.2979477176555929E-032   2.6383295977795711E-029  -8.1333724294996993E-016  -1.1344291886034646E-030  -9.8563259473101686E-031   4.1409296390319945E-031
  -4.1449507501553868E-018  -3.0311998261818890E-018   2.2744380135308364E-034   3.3938646649157761E-033   7.5038385779038400E-034   1.6746944762073727E-031   2.3747912024889787E-034  -2.0538687524972398E-034   1.7134842776745703E-031   9.4615349563339209E-035   1.6659082730882947E-031  -2.5781803916230592E-018   8.5988755245563649E-033   2.9071349629480987E-033  -2.7286630895617676E-033  -4.2535417554869852E-033  -7.7756755981715478E-034   3.6313468219710681E-034  -2.0063333392906264E-033   5.0492936654765941E-037  -2.0149971611617354E-033  -2.3862036410125603E-033   3.3076824437872256E-034  -1.0394208425649209E-033   1.0213588137902176E-033   1.9810548121962603E-031  -1.3784735790727699E-034   1.3643768874963904E-034   1.9922547494355231E-031   8.8803030798147630E-035   1.9952999301114531E-031  -1.0424783736441958E-018  -4.4855376907561967E-034   4.8297779649019031E-034  -5.6029633758112735E-035  -3.5287547081371092E-032   4.1907301410052975E-036  -3.3777819207331721E-035  -2.1874951572562104E-032  -2.7555054256856484E-035  -2.1951633110849113E-032   6.4563105009170033E-036  -1.6130793719840837E-035   2.1316012139950989E-036  -3.4653134072111667E-035  -3.5964918521010877E-032  -6.1209872036380793E-035  -2.2084563156913630E-032  -6.4963112683833202E-035  -3.5590400845672561E-032  -1.5665094280256742E-033  -4.2170493901705418E-034   2.8634043578859227E-034  -7.0712260916355045E-034   6.1121876963660984E-038  -7.0371528475214971E-034  -7.4844693646592036E-034   2.8711586040787674E-034  -3.5824496003364668E-034   5.7975259592870921E-034   1.4051333690360499E-032   1.9300146000464016E-035   8.2160993894640471E-037   1.4022331969637356E-032  -1.2688831138814490E-035   1.4568355275252080E-032  -4.4910938814700527E-019  -6.2641026610550147E-034  -5.4424761117771776E-034   2.2865427504588702E-034
  -7.2980840615135532E-015  -5.3370841952443918E-015   4.0046410237389854E-031   5.9756342381214858E-030   1.3212133997856923E-030   2.9486625538929828E-028   4.1813345607683512E-031  -3.6162810394017132E-031   3.0169604056410201E-028   1.6659082730882947E-031   2.9331925392149651E-028  -4.5394453053768255E-015   1.5140183851485141E-029   5.1186411170180836E-030  -4.8044027066967024E-030  -7.4892820595125792E-030  -1.3690761982730019E-030   6.3937730411540930E-031  -3.5325846428962437E-030   8.8903757470543249E-034  -3.5478391788655699E-030  -4.2014286320160810E-030   5.8238917609930096E-031  -1.8301256496337527E-030   1.7983235336944211E-030   3.4880763177541380E-028  -2.4271014694858283E-031   2.4022811890253688E-031   3.5077962344389745E-028   1.5635698051605622E-031   3.5131579349500367E-028  -1.8355090957063992E-015  -7.8977611801536845E-031   8.5038707842254972E-031  -9.8652312596764883E-032  -6.2131373916761037E-029   7.3786886001066863E-033  -5.9473170816437966E-032  -3.8515592835961079E-029  -4.8516644565334500E-032  -3.8650607302022902E-029   1.1367733805078040E-032  -2.8401758100966604E-032   3.7531458835252465E-033  -6.1014352328236855E-032  -6.3324033131632104E-029  -1.0777324471207487E-031  -3.8884659455825538E-029  -1.1438163824899937E-031  -6.2664613601245842E-029  -2.7581793314326600E-030  -7.4250293419928646E-031   5.0416439098033433E-031  -1.2450425962911434E-030   1.0761831031685098E-034  -1.2390432632524295E-030  -1.3178030300374043E-030   5.0552969406739585E-031  -6.3076788857891830E-031   1.0207800852180945E-030   2.4740418072466612E-029   3.3982089631726175E-032   1.4466223512984067E-033   2.4689354258075548E-029  -2.2341437058075381E-032   2.5650746618110798E-029  -7.9075440580057320E-016  -1.1029310249009940E-030  -9.5826586516233651E-031   4.0259540363580103E-031
  0.11294605788186615        8.2597379717143246E-002  -6.1976323244694803E-018  -9.2479659709449476E-017  -2.0447263126692998E-017  -4.5633868927650955E-015  -6.4710854430203175E-018   5.5966015758477488E-018  -4.6690854987515704E-015  -2.5781803916230592E-018  -4.5394453053768255E-015   7.0253020914961162E-002  -2.3431137093223515E-016  -7.9216727432340059E-017   7.4353534657125066E-017   1.1590506191181098E-016   2.1187993757194208E-017  -9.8950827902623276E-018   5.4670719902122301E-017  -1.3758856232057279E-020   5.4906801000672324E-017   6.5021832779465670E-017  -9.0131274234517557E-018   2.8323252488236337E-017  -2.7831078981138554E-017  -5.3981903518897110E-015   3.7562124627111576E-018  -3.7178002875443262E-018  -5.4287091405544879E-015  -2.4198001040752339E-018  -5.4370069750431477E-015   2.8406567370142334E-002   1.2222673565722081E-017  -1.3160696337825535E-017   1.5267554764809507E-018   9.6155288093886349E-016  -1.1419350376009201E-019   9.2041419869017224E-019   5.9607211168552395E-016   7.5084963383852087E-019   5.9816161237778439E-016  -1.7592846417114487E-019   4.3954914569088328E-019  -5.8084153132077886E-020   9.4426571571449076E-019   9.8001062348893123E-016   1.6679121578714809E-018   6.0178383266025195E-016   1.7701844792967333E-018   9.6980536470872566E-016   4.2685926852965380E-017   1.1491067885306833E-017  -7.8025109063804213E-018   1.9268434285055985E-017  -1.6655143738745642E-021   1.9175587859756978E-017   2.0394483819721185E-017  -7.8236405069985829E-018   9.7618424031528517E-018  -1.5797719732730572E-017  -3.8288579140521205E-016  -5.2591105146789899E-019  -2.2388107679464785E-020  -3.8209552145391118E-016   3.4575886244342963E-019  -3.9697414935521893E-016   1.2237813669327566E-002   1.7069097906819481E-017   1.4830241877262707E-017  -6.2306166082433521E-018
  -3.7670331209993164E-016  -2.7548289062702329E-016   2.0670651703905906E-032   3.0844276256955998E-031   6.8196729373772370E-032   1.5220035025003073E-029   2.1582686151092172E-032  -1.8666064045640601E-032   1.5572566274930331E-029   8.5988755245563649E-033   1.5140183851485141E-029  -2.3431137093223515E-016   7.8148694295438529E-031   2.6420757091577175E-031  -2.4798760839419289E-031  -3.8657232957164484E-031  -7.0667251029123362E-032   3.3002572471308142E-032  -1.8234050526630781E-031   4.5889221903998048E-035  -1.8312789469286931E-031  -2.1686405197471883E-031   3.0061031048504809E-032  -9.4465120977668707E-032   9.2823599407739332E-032   1.8004313059156684E-029  -1.2527906703342438E-032   1.2399792505453012E-032   1.8106100841633557E-029   8.0706377090054388E-033   1.8133776192095140E-029  -9.4742996917296727E-017  -4.0765669039459481E-032   4.3894209262139208E-032  -5.0921108318683783E-033  -3.2070190124542344E-030   3.8086385566210354E-034  -3.0698112324826869E-033  -1.9880493656289727E-030  -2.5042710587724175E-033  -1.9950183723049994E-030   5.8676536736891943E-034  -1.4660061813369006E-033   1.9372515761691174E-034  -3.1493619988411412E-033  -3.2685801938083523E-030  -5.5629036191692339E-033  -2.0070993816217500E-030  -5.9040073543464035E-033  -3.2345431069419717E-030  -1.4236822716190749E-031  -3.8325581371664958E-032   2.6023322604172513E-032  -6.4265040766206681E-032   5.5549064106762775E-036  -6.3955374748793697E-032  -6.8020697203022199E-032   2.6093795099498869E-032  -3.2558182502584187E-032   5.2689340899090504E-032   1.2770197427271536E-030   1.7540447065901778E-033   7.4669930696699003E-035   1.2743839950641457E-030  -1.1531921619307479E-033   1.3240079351558606E-030  -4.0816165066330004E-017  -5.6929704645223068E-032  -4.9462560616778425E-032   2.0780662528346167E-032
  -1.2735704408519866E-016  -9.3136124688483035E-017   6.9883991347168435E-033   1.0427930216846917E-031   2.3056165396862375E-032   5.1456374536557621E-030   7.2967426176823123E-033  -6.3106818156330816E-033   5.2648223307095792E-030   2.9071349629480987E-033   5.1186411170180836E-030  -7.9216727432340059E-017   2.6420757091577175E-031   8.9324129031912763E-032  -8.3840432935890677E-032  -1.3069359264437129E-031  -2.3891407151494219E-032   1.1157613809454260E-032  -6.1646253223168244E-032   1.5514372901272944E-035  -6.1912456324361612E-032  -7.3318082800695652E-032   1.0163128205985444E-032  -3.1937066095333549E-032   3.1382095304705516E-032   6.0869549545942317E-030  -4.2354742182080445E-033   4.1921609660425968E-033   6.1213676891889372E-030   2.7285466559126091E-033   6.1307242589763415E-030  -3.2031011269577287E-017  -1.3782185986312174E-032   1.4839892733940772E-032  -1.7215568933700820E-033  -1.0842391044410420E-030   1.2876365377735171E-034  -1.0378514653590873E-033  -6.7212600093835570E-031  -8.4665185940483225E-034  -6.7448210469948561E-031   1.9837548638236363E-034  -4.9563199438015053E-034   6.5495212403346340E-035  -1.0647462393966389E-033  -1.1050519028312338E-030  -1.8807240040414179E-033  -6.7856649043947335E-031  -1.9960454308598275E-033  -1.0935445371316631E-030  -4.8132299346974393E-032  -1.2957233450199039E-032   8.7980469979614703E-033  -2.1726927709697617E-032   1.8780202825665035E-036  -2.1622234845672860E-032  -2.2996651885272395E-032   8.8218725614906038E-033  -1.1007373046976486E-032   1.7813378582467603E-032   4.3173886304728532E-031   5.9301296763048872E-034   2.5244645720172179E-035   4.3084776116277073E-031  -3.8987484391100602E-034   4.4762477937031233E-031  -1.3799257842368941E-017  -1.9246974134211042E-032  -1.6722458525575053E-032   7.0255919412785517E-033
   1.1953846994381069E-016   8.7418406431522554E-017  -6.5593744415256059E-033  -9.7877493291129397E-032  -2.1640724736580726E-032  -4.8297417116880341E-030  -6.8487884149386498E-033   5.9232628549258225E-033  -4.9416097119685956E-030  -2.7286630895617676E-033  -4.8044027066967024E-030   7.4353534657125066E-017  -2.4798760839419289E-031  -8.3840432935890677E-032   7.8693386334237391E-032   1.2267018450676727E-031   2.2424690178767665E-032  -1.0472636928616529E-032   5.7861729133227195E-032  -1.4561930296648763E-035   5.8111589764333425E-032   6.8817013618388174E-032  -9.5392037740257062E-033   2.9976418210339225E-032  -2.9455517622140880E-032  -5.7132708058325303E-030   3.9754542920479839E-033  -3.9348000830143293E-033  -5.7455709088192293E-030  -2.5610384942657549E-033  -5.7543530695889201E-030   3.0064595997978428E-017   1.2936084039314304E-032  -1.3928857129872090E-032   1.6158688232196231E-033   1.0176765999014943E-030  -1.2085872648412127E-034   9.7413674358657359E-034   6.3086352497216066E-031   7.9467506941061466E-034   6.3307498520710392E-031  -1.8619702024996170E-034   4.6520465898822017E-034  -6.1474396925413683E-035   9.9938042100564688E-034   1.0372116801374032E-030   1.7652645084893000E-033   6.3690862649114495E-031   1.8735062395425718E-033   1.0264107629310463E-030   4.5177410171091452E-032   1.2161776150405855E-032  -8.2579262433767429E-033   2.0393090257807583E-032  -1.7627267711337652E-036   2.0294824591629098E-032   2.1584864817975123E-032  -8.2802891321378589E-033   1.0331619594249299E-032  -1.6719797758917205E-032  -4.0523398980136129E-031  -5.5660731855526542E-034  -2.3694852101342593E-035  -4.0439759353758121E-031   3.6594004395646984E-034  -4.2014465410383738E-031   1.2952107837344365E-017   1.8065383470368090E-032   1.5695850356803259E-032  -6.5942839451281588E-033
   1.8634102364564376E-016   1.3627107112528560E-016  -1.0224997429559621E-032  -1.5257508566331635E-031  -3.3734368540467083E-032  -7.5287814451954177E-030  -1.0676146721402569E-032   9.2334029725151625E-033  -7.7031654547554316E-030  -4.2535417554869852E-033  -7.4892820595125792E-030   1.1590506191181098E-016  -3.8657232957164484E-031  -1.3069359264437129E-031   1.2267018450676727E-031   1.9122285706463936E-031   3.4956443099967393E-032  -1.6325136890783972E-032   9.0197020604836508E-032  -2.2699679852097177E-035   9.0586512672042711E-032   1.0727452650108657E-031  -1.4870066488653212E-032   4.6728358303148450E-032  -4.5916359045770275E-032  -8.9060595373525447E-030   6.1970863654595825E-033  -6.1337130687259363E-033  -8.9564101421179427E-030  -3.9922422868696605E-033  -8.9701001017469568E-030   4.6865813126011923E-017   2.0165250090493656E-032  -2.1712821797152978E-032   2.5188765653212750E-033   1.5863922254902625E-030  -1.8839908876319106E-034   1.5185206741903318E-033   9.8341358291827647E-031   1.2387691256986351E-033   9.8686088958135029E-031  -2.9025085706263027E-034   7.2517836643998247E-034  -9.5828581848711497E-035   1.5578714596994791E-033   1.6168442368793169E-030   2.7517601293695647E-033   9.9283691254278026E-031   2.9204913752615700E-033   1.6000073644524702E-030   7.0424231303089197E-032   1.8958230085101923E-032  -1.2872763304602775E-032   3.1789509399978947E-032  -2.7478042097664748E-036   3.1636329215946745E-032   3.3647292016745276E-032  -1.2907623409348793E-032   1.6105313812488579E-032  -2.6063444103051170E-032  -6.3169385145291269E-031  -8.6766023989597912E-034  -3.6936418859733977E-035  -6.3039004577395914E-031   5.7044098369197091E-034  -6.5493715087498151E-031   2.0190228584270730E-017   2.8160993276907667E-032   2.4467276717280737E-032  -1.0279415665290082E-032
   3.4064020851109589E-017   2.4910996609324922E-017  -1.8691779127789691E-033  -2.7891447614233080E-032  -6.1668021935241220E-033  -1.3762968728790665E-030  -1.9516501380766365E-033   1.6879097540033650E-033  -1.4081750949771092E-030  -7.7756755981715478E-034  -1.3690761982730019E-030   2.1187993757194208E-017  -7.0667251029123362E-032  -2.3891407151494219E-032   2.2424690178767665E-032   3.4956443099967393E-032   6.3902032056146901E-033  -2.9843122709382199E-033   1.6488442160937651E-032  -4.1496088873365342E-036   1.6559643153821990E-032   1.9610291046135660E-032  -2.7183185163247905E-033   8.5421650071190886E-033  -8.3937277006512700E-033  -1.6280698251315676E-030   1.1328567109869324E-033  -1.1212717724741781E-033  -1.6372741539317361E-030  -7.2980078053675944E-034  -1.6397767433300879E-030   8.5672923991474324E-018   3.6863031344975329E-033  -3.9692065652765704E-033   4.6046255496397297E-034   2.9000000531231259E-031  -3.4440244892952306E-035   2.7759276457999495E-034   1.7977265627506761E-031   2.2645285778699000E-034   1.8040284024504744E-031  -5.3059230080412877E-035   1.3256603678511909E-034  -1.7517918203746452E-035   2.8478627437116254E-034   2.9556677708709681E-031   5.0303477243073647E-034   1.8149528551974967E-031   5.3387964258251275E-034   2.9248891713873551E-031   1.2873882715669395E-032   3.4656541661331714E-033  -2.3532020434386965E-033   5.8112727399560066E-033  -5.0231161160866630E-037   5.7832706774967368E-033   6.1508841929589727E-033  -2.3595746355373551E-033   2.9441275720667086E-033  -4.7645209090747629E-033  -1.1547662509533921E-031  -1.5861239744878015E-034  -6.7521521433517668E-036  -1.1523828324787719E-031   1.0427931103224370E-034  -1.1972561021236632E-031   3.6908693213532502E-018   5.1479628232415029E-033   4.4727339582091192E-033  -1.8791258237667723E-033
  -1.5908363498384717E-017  -1.1633776027214395E-017   8.7293164273269533E-034   1.3025687398524529E-032   2.8799809437065426E-033   6.4274945788547992E-031   9.1144729959806037E-034  -7.8827693408601215E-034   6.5763702347952756E-031   3.6313468219710681E-034   6.3937730411540930E-031  -9.8950827902623276E-018   3.3002572471308142E-032   1.1157613809454260E-032  -1.0472636928616529E-032  -1.6325136890783972E-032  -2.9843122709382199E-033   1.3937146353416679E-033  -7.7003279373504711E-033   1.9379240884220815E-036  -7.7335797745660738E-033  -9.1582740521039597E-033   1.2694919149767951E-033  -3.9893078562393505E-033   3.9199856045200771E-033   7.6033086910528249E-031  -5.2905957369908202E-034   5.2364924901155084E-034   7.6462941650671071E-031   3.4082694315299777E-034   7.6579815997390721E-031  -4.0010426918860439E-018  -1.7215539670182975E-033   1.8536737373602784E-033  -2.1504230912080437E-034  -1.3543396768122549E-031   1.6084065270075900E-035  -1.2963961661373416E-034  -8.3956288530770747E-032  -1.0575658090011153E-034  -8.4250593061322602E-032   2.4779385931950005E-035  -6.1910151767923758E-035   8.1811073254756869E-036  -1.3299908404382046E-034  -1.3803372621510189E-031  -2.3492411677216081E-034  -8.4760779941726937E-032  -2.4932909287817301E-034  -1.3659632353531646E-031  -6.0122792541612051E-033  -1.6185078818357400E-033   1.0989775298633034E-033  -2.7139438276988639E-033   2.3458639078040058E-037  -2.7008664816552589E-033  -2.8725470197941330E-033   1.1019536175064949E-033  -1.3749478315190856E-033   2.2250964103301614E-033   5.3929162843484806E-032   7.4074158332464475E-035   3.1533473738270818E-036   5.3817853941847048E-032  -4.8699864073973982E-035   5.5913496989953949E-032  -1.7236864387138675E-018  -2.4041690270873884E-033  -2.0888279146424372E-033   8.7757745318282600E-034
   8.7894331291217039E-017   6.4277068122539855E-017  -4.8229815096143812E-033  -7.1967432955501281E-032  -1.5912007492426053E-032  -3.5512159245275445E-030  -5.0357820220471631E-033   4.3552609293102834E-033  -3.6334703074234229E-030  -2.0063333392906264E-033  -3.5325846428962437E-030   5.4670719902122301E-017  -1.8234050526630781E-031  -6.1646253223168244E-032   5.7861729133227195E-032   9.0197020604836508E-032   1.6488442160937651E-032  -7.7003279373504711E-033   4.2544613394408414E-032  -1.0707106476558400E-035   4.2728331097148015E-032   5.0599822770778099E-032  -7.0139925428421066E-033   2.2041082124792968E-032  -2.1658073969423272E-032  -4.2008578259394347E-030   2.9230748623652435E-033  -2.8931826066013373E-033  -4.2246074686610442E-030  -1.8830822075133054E-033  -4.2310648220846469E-030   2.2105917551270568E-017   9.5116530828692217E-033  -1.0241619987745181E-032   1.1881171788293264E-033   7.4827797495740504E-031  -8.8865090460194211E-035   7.1626395840595946E-034   4.6386178181393939E-031   5.8430925084183697E-034   4.6548782587003968E-031  -1.3690707762095581E-034   3.4205601288479072E-034  -4.5200938340852908E-035   7.3482514751205712E-034   7.6264174266216620E-031   1.2979649446635691E-033   4.6830662836290730E-031   1.3775530017401160E-033   7.5470003656846458E-031   3.3218078316742818E-032   8.9423194270083711E-033  -6.0718938878418510E-033   1.4994645924562776E-032  -1.2960989953339322E-036   1.4922393075570280E-032   1.5870934771701676E-032  -6.0883368886124153E-033   7.5966406113331336E-033  -1.2293744800608492E-032  -2.9796073654619075E-031  -4.0926262548959066E-034  -1.7422367723718960E-035  -2.9734575050584765E-031   2.6906865606822035E-034  -3.0892426041085117E-031   9.5234350724936467E-018   1.3283128020575962E-032   1.1540856025735530E-032  -4.8486497942786989E-033
  -2.2120167248826063E-020  -1.6176464127406643E-020   1.2137888310133416E-036   1.8111880823916578E-035   4.0045388801110244E-036   8.9372646714809602E-034   1.2673438539198007E-036  -1.0960786520967354E-036   9.1442724136045553E-034   5.0492936654765941E-037   8.8903757470543249E-034  -1.3758856232057279E-020   4.5889221903998048E-035   1.5514372901272944E-035  -1.4561930296648763E-035  -2.2699679852097177E-035  -4.1496088873365342E-036   1.9379240884220815E-036  -1.0707106476558400E-035   2.6946332321220737E-039  -1.0753342294630732E-035  -1.2734342772824690E-035   1.7651956144433382E-036  -5.5470292086316867E-036   5.4506384137990662E-036   1.0572203728411056E-033  -7.3564362896312901E-037   7.2812071267002363E-037   1.0631973916247318E-033   4.7391103341433850E-037   1.0648224991329920E-033  -5.5633461935414611E-021  -2.3937761845956911E-036   2.5774853019500845E-036  -2.9901075895134868E-037  -1.8831742288168091E-034   2.2364476009819527E-038  -1.8026052785760528E-037  -1.1673904384193338E-034  -1.4705178552225067E-037  -1.1714826666605073E-034   3.4455094088942363E-038  -8.6084461902428156E-038   1.1375617758450962E-038  -1.8493178027323171E-037  -1.9193231976166154E-034  -3.2665589734045131E-037  -1.1785766830399083E-034  -3.4668564337389381E-037  -1.8993364857942505E-034  -8.3599185209840537E-036  -2.2504932731380549E-036   1.5280997800777134E-036  -3.7736685724281820E-036   3.2618629809960098E-040  -3.7554848615967887E-036  -3.9942022015284511E-036   1.5322379528332734E-036  -1.9118293339664407E-036   3.0939389049202490E-036   7.4987103595425469E-035   1.0299819785338122E-037   4.3846478180979413E-039   7.4832331451781638E-035  -6.7715899150832231E-038   7.7746268810748272E-035  -2.3967413312347015E-021  -3.3429347386373372E-036  -2.9044610924686757E-036   1.2202487100683850E-036
   8.8273879801364695E-017   6.4554631704675070E-017  -4.8438082844421998E-033  -7.2278205351811001E-032  -1.5980719304080876E-032  -3.5665509147773855E-030  -5.0575277198164954E-033   4.3740679760531169E-033  -3.6491604915523521E-030  -2.0149971611617354E-033  -3.5478391788655699E-030   5.4906801000672324E-017  -1.8312789469286931E-031  -6.1912456324361612E-032   5.8111589764333425E-032   9.0586512672042711E-032   1.6559643153821990E-032  -7.7335797745660738E-033   4.2728331097148015E-032  -1.0753342294630732E-035   4.2912842136378585E-032   5.0818324772718965E-032  -7.0442806215010370E-033   2.2136260730279934E-032  -2.1751598655111208E-032  -4.2189981235644847E-030   2.9356973909488551E-033  -2.9056760533548296E-033  -4.2428503228603251E-030  -1.8912138018476337E-033  -4.2493355606632213E-030   2.2201376131463102E-017   9.5527266504544058E-033  -1.0285845725067966E-032   1.1932477498056435E-033   7.5150921622631455E-031  -8.9248830938024938E-035   7.1935695557985813E-034   4.6586484669441042E-031   5.8683243638025031E-034   4.6749791239331584E-031  -1.3749827476161710E-034   3.4353309164709814E-034  -4.5396126682950930E-035   7.3799829629036858E-034   7.6593501007715782E-031   1.3035698642725333E-033   4.7032888714201441E-031   1.3835016014026764E-033   7.5795900981827378E-031   3.3361521835225422E-032   8.9809344772161049E-033  -6.0981137616954830E-033   1.5059396352005053E-032  -1.3016958573323810E-036   1.4986831498122299E-032   1.5939469221634422E-032  -6.1146277672322606E-033   7.6294447021522060E-033  -1.2346832098215280E-032  -2.9924740147642276E-031  -4.1102991829996570E-034  -1.7497601628063402E-035  -2.9862975978090892E-031   2.7023055816176674E-034  -3.1025826843008190E-031   9.5645595174965540E-018   1.3340487708922711E-032   1.1590692171548886E-032  -4.8695874108304289E-033
