   6.9286581101271047E-002  -4.0075448664759845E-016  -2.9920624288728649E-017   9.2161554829735522E-017  0.15620438196616340        6.6060290371836381E-016  -7.0138363720630502E-018   8.8459310869163189E-018   4.5380141506669379E-016   2.4464446769180779E-017   7.4225345793284625E-016   4.6119268079783886E-017   2.1734582561762608E-016   2.8798747519519560E-017  0.12366082151491931        9.3443764341724820E-017  -7.4094375367345185E-017  -1.5527510796246087E-017   3.2031823634376538E-017   4.6520839334492144E-019   2.9154239596778571E-017  -8.8569566570887595E-017  -1.6746530560775632E-017  -3.9227209146724277E-017  -3.4000210968696481E-017   2.4255277243806629E-016  -2.8756555679443238E-018  -2.5994847055150508E-018   8.3794168196115027E-016  -1.6774644006997428E-017   4.9073574775563840E-016   4.3706625501798337E-016  -1.4720139664028831E-018   7.6030635442977366E-019   2.0034280469768499E-016   1.4936718980970275E-018   1.5088256337915866E-016  -2.4880924047647230E-018   2.1758854890404499E-019  -1.1381911988587997E-018   8.8459721832874583E-019   1.1375131863274020E-016   3.7573840709130609E-018   7.2431790684682189E-018   3.9511584197768970E-018   2.8800493110074367E-016   5.9661325015981361E-017  -1.3296142115898833E-017   7.7634642168458445E-018   6.0339841399214951E-002  -5.5782640930009047E-017  -1.3821078054551948E-017  -3.1808368611811125E-018  -2.0469169542088368E-017   2.9617185717051463E-020  -1.9009314939140943E-017  -4.4204762266069463E-017  -2.5839923379128000E-018  -2.1552566795010962E-017  -7.2535528744938889E-018   1.5895334064979080E-015  -1.1513537062834228E-018   8.1177164670239731E-019   1.4208442544530721E-015   3.8047736978864327E-018   1.4510586675761551E-015  -1.5943191639127056E-017  -1.8226031528644992E-017  -3.6627911349658741E-018   2.5399494651121825E-002
  -4.0075448664759845E-016   2.3179691653920259E-030   1.7306128021353830E-031  -5.3306363234247690E-031  -9.0348817782563128E-016  -3.8209357908801366E-030   4.0568120840137943E-032  -5.1164980510088249E-032  -2.6247932896153590E-030  -1.4150267844462433E-031  -4.2932036588947193E-030  -2.6675444667795432E-031  -1.2571310834789093E-030  -1.6657233038255858E-031  -7.1525580071842596E-016  -5.4047994884394896E-031   4.2856283124164948E-031   8.9811324489649104E-032  -1.8527248469971755E-031  -2.6907714004043698E-033  -1.6862850118309200E-031   5.1228752551430501E-031   9.6862150669588183E-032   2.2689068812958183E-031   1.9665766265410434E-031  -1.4029283918814379E-030   1.6632829223055640E-032   1.5035453361226061E-032  -4.8466655917707804E-030   9.7024759208347561E-032  -2.8384219504782072E-030  -2.5279969061355095E-030   8.5141479355381383E-033  -4.3976218471374597E-033  -1.1587853892344523E-030  -8.6394176942703428E-033  -8.7270670987082691E-031   1.4391158844248175E-032  -1.2585349981258746E-033   6.5833127043571957E-033  -5.1165218212033669E-033  -6.5793910710532849E-031  -2.1732758357288958E-032  -4.1894641980355429E-032  -2.2853551712511600E-032  -1.6658242690104125E-030  -3.4508188020633219E-031   7.6905059007923831E-032  -4.4903978048528381E-032  -3.4900642779581877E-016   3.2264752098358323E-031   7.9941295307566345E-032   1.8398001794159972E-032   1.1839394297652532E-031  -1.7130618756661101E-034   1.0995012495743135E-031   2.5568092013985687E-031   1.4945845305427763E-032   1.2466032678460801E-031   4.1954644209392002E-032  -9.1938819062121645E-030   6.6594448185719249E-033  -4.6952977673093316E-033  -8.2181816557995089E-030  -2.2006860576337351E-032  -8.3929422144537358E-030   9.2215627893716886E-032   1.0541960351902936E-031   2.1185631584925978E-032  -1.4691100756062588E-016
  -2.9920624288728649E-017   1.7306128021353830E-031   1.2920882277605062E-032  -3.9798922274648009E-032  -6.7455090881615133E-017  -2.8527387225688576E-031   3.0288456953069130E-033  -3.8200150206394417E-033  -1.9596899466085595E-031  -1.0564693892780796E-032  -3.2053373811817270E-031  -1.9916082894456101E-032  -9.3858329934383599E-032  -1.2436412517714684E-032  -5.3401523368217649E-017  -4.0352629911218951E-032   3.1996815718674521E-032   6.7053794441754336E-033  -1.3832579772498216E-032  -2.0089496886693896E-034  -1.2589927739742165E-032   3.8247762880804836E-032   7.2317993049232448E-033   1.6939825405138741E-032   1.4682605519890717E-032  -1.0474366405381411E-031   1.2418192450063654E-033   1.1225579900432618E-033  -3.6185561249124756E-031   7.2439397778473492E-033  -2.1191866737057709E-031  -1.8874210558261827E-031   6.3567253768989816E-034  -3.2832967673749020E-034  -8.6515768176640607E-032  -6.4502526987543173E-034  -6.5156923878082323E-032   1.0744544882333496E-033  -9.3963147232966272E-035   4.9151496131719284E-034  -3.8200327676412556E-034  -4.9122216929466046E-032  -1.6225836995755748E-033  -3.1278847378377201E-033  -1.7062629545913992E-033  -1.2437166331199522E-031  -2.5764066605649835E-032   5.7417881848993773E-033  -3.3525639787553647E-033  -2.6057076210883575E-017   2.4089100870200672E-032   5.9684758168541716E-033   1.3736083255144635E-033   8.8393787315893220E-033  -1.2789845771638757E-035   8.2089570771117037E-033   1.9089325270681748E-032   1.1158677867888641E-033   9.3072315487568721E-033   3.1323645483234559E-033  -6.8642197513963391E-031   4.9719904087617874E-034  -3.5055437955184991E-034  -6.1357547788585079E-031  -1.6430483725514397E-033  -6.2662322953979421E-031   6.8848865020526973E-033   7.8707050192884380E-033   1.5817348129389727E-033  -1.0968483716478942E-017
   9.2161554829735522E-017  -5.3306363234247690E-031  -3.9798922274648009E-032   1.2258870409870074E-031   2.0777527891263532E-016   8.7870103797928077E-031  -9.3294553591247110E-033   1.1766416381482340E-032   6.0362401105274666E-031   3.2541387040031606E-032   9.8730853324762885E-031   6.1345550412276019E-032   2.8910257810809372E-031   3.8306657744716206E-032   1.6448745776154775E-016   1.2429423524721693E-031  -9.8556642995728925E-032  -2.0653920497619877E-032   4.2607134357822363E-032   6.1879700468760218E-034   3.8779515577345533E-032  -1.1781082045075861E-031  -2.2275399795364587E-032  -5.2178077329421179E-032  -4.5225385025623848E-032   3.2263160168751824E-031  -3.8250536263171634E-033  -3.4577049178717433E-033   1.1145882368377774E-030  -2.2312794899499339E-032   6.5275221846475054E-031   5.8136373574547907E-031  -1.9579995681485150E-033   1.0113215958622395E-033   2.6648600762825017E-031   1.9868078687978298E-033   2.0069646122955088E-031  -3.3095364345949225E-033   2.8942543651897490E-034  -1.5139651706443249E-033   1.1766471045825736E-033   1.5130633121878322E-031   4.9978849087919046E-033   9.6345155764653603E-033   5.2556338840416464E-033   3.8308979642218869E-031   7.9358519200685021E-032  -1.7685865158324091E-032   1.0326572933996343E-032   8.0261047855762629E-017  -7.4199287061144479E-032  -1.8384108765142645E-032  -4.2309905630602567E-033  -2.7227068518722490E-032   3.9395303419213234E-035  -2.5285242729449817E-032  -5.8798970256089724E-032  -3.4370977430981696E-033  -2.8668149515079788E-032  -9.6483142958946030E-033   2.1143180666186145E-030  -1.5314732816007328E-033   1.0797781610473377E-033   1.8899361691681060E-030   5.0609202272510953E-033   1.9301258746988382E-030  -2.1206838424640272E-032  -2.4243358199483871E-032  -4.8720621027847767E-033   3.3785141101355275E-017
  0.15620438196616340       -9.0348817782563128E-016  -6.7455090881615133E-017   2.0777527891263532E-016  0.35215778521049673        1.4893081266278124E-015  -1.5812469864959293E-017   1.9942868826611612E-017   1.0230807820096481E-015   5.5154313100518719E-017   1.6733866906953063E-015   1.0397441542980525E-016   4.8999921520018540E-016   6.4925855572394671E-017  0.27878936860707154        2.1066597926453580E-016  -1.6704340043144021E-016  -3.5006276667850407E-017   7.2214722310279279E-017   1.0487974498511116E-018   6.5727301095315608E-017  -1.9967725622072387E-016  -3.7754517754310689E-017  -8.8436488907793583E-017  -7.6652388625175999E-017   5.4682747092817050E-016  -6.4830735417836838E-018  -5.8604551617574895E-018   1.8891127325667364E-015  -3.7817898620016794E-017   1.1063480542477847E-015   9.8535189871126750E-016  -3.3186084262325516E-018   1.7140863686874989E-018   4.5166644813126124E-016   3.3674355408220915E-018   3.4015991534729656E-016  -5.6093247809834439E-018   4.9054642708943188E-019  -2.5660156692852587E-018   1.9942961477066474E-018   2.5644871117096229E-016   8.4709022624254569E-018   1.6329515641804031E-017   8.9077603368761231E-018   6.4929790950493082E-016   1.3450454984612902E-016  -2.9975727315980279E-017   1.7502481875044972E-017  0.13603424333962100       -1.2576018057777463E-016  -3.1159178607209216E-017  -7.1710950105874390E-018  -4.6147088323050108E-017   6.6770998322851820E-020  -4.2855892792986960E-017  -9.9658223280494506E-017  -5.8255281142969554E-018  -4.8589572793012043E-017  -1.6352903055833139E-017   3.5835522467715071E-015  -2.5956901214621260E-018   1.8301132247449941E-018   3.2032479465629872E-015   8.5777406613668473E-018   3.2713653749790776E-015  -3.5943415838601106E-017  -4.1090005385986231E-017  -8.2576455125159963E-018   5.7262348656406344E-002
   6.6060290371836381E-016  -3.8209357908801366E-030  -2.8527387225688576E-031   8.7870103797928077E-031   1.4893081266278124E-015   6.2984230057951049E-030  -6.6872410211987322E-032   8.4340252747761325E-032   4.3267040708270842E-030   2.3325273547503260E-031   7.0769084260161246E-030   4.3971750267689255E-031   2.0722523933488620E-030   2.7457750018058909E-031   1.1790262482363331E-015   8.9092607944232250E-031  -7.0644212398537186E-031  -1.4804480978107083E-031   3.0540279759705840E-031   4.4354622582491980E-033   2.7796688806426791E-031  -8.4445374454667574E-031  -1.5966737772047115E-031  -3.7400616187451398E-031  -3.2417010243482520E-031   2.3125843883583791E-030  -2.7417522817315806E-032  -2.4784411603810777E-032   7.9892339822787265E-030  -1.5993542131437434E-031   4.6788491331668590E-030   4.1671451036121926E-030  -1.4034704629146319E-032   7.2490311611380429E-033   1.9101395453317280E-030   1.4241199051850968E-032   1.4385680156891707E-030  -2.3722357795440862E-032   2.0745666034781508E-033  -1.0851919650268549E-032   8.4340644575178341E-033   1.0845455237681298E-030   3.5824235922426846E-032   6.9059045037718011E-032   3.7671749473982891E-032   2.7459414326170061E-030   5.6883228929474972E-031  -1.2677014726959400E-031   7.4019628664689541E-032   5.7530150578458402E-016  -5.3185153589237817E-031  -1.3177507318495299E-031  -3.0327229794747397E-032  -1.9516034160269759E-031   2.8238078100654515E-034  -1.8124156866881421E-031  -4.2146392341777343E-031  -2.4636701861738781E-032  -2.0548983628674160E-031  -6.9157952593470443E-032   1.5155176762944615E-029  -1.0977415676868728E-032   7.7397195596075369E-033   1.3546834398587963E-029   3.6276065478556653E-032   1.3834909358067940E-029  -1.5200805876034870E-031  -1.7377346608410523E-031  -3.4922353232232869E-032   2.4216781450055298E-016
  -7.0138363720630502E-018   4.0568120840137943E-032   3.0288456953069130E-033  -9.3294553591247110E-033  -1.5812469864959293E-017  -6.6872410211987322E-032   7.1000617828395221E-034  -8.9546795665226907E-034  -4.5938027538640785E-032  -2.4765203282476978E-033  -7.5137843689092985E-032  -4.6686240649992270E-033  -2.2001779172865172E-032  -2.9152788261703013E-033  -1.2518106016413428E-017  -9.4592526094559261E-033   7.5005263163034705E-033   1.5718400050816567E-033  -3.2425610572691046E-033  -4.7092748667487175E-035  -2.9512650622037283E-033   8.9658406808205903E-033   1.6952405976180983E-033   3.9709453391224095E-033   3.4418196504963024E-033  -2.4553462307286986E-032   2.9110077731348076E-034   2.6314417721830125E-034  -8.4824301519749668E-032   1.6980865038313989E-033  -4.9676866457723279E-032  -4.4243937970700074E-032   1.4901103407961255E-034  -7.6965326876438714E-035  -2.0280574219933182E-032  -1.5120345267850427E-034  -1.5273745566866162E-032   2.5186800572661680E-034  -2.2026349896193880E-035   1.1521836843485772E-034  -8.9547211681168351E-035  -1.1514973365915013E-032  -3.8035759077015432E-034  -7.3322239302779212E-034  -3.9997324439935433E-034  -2.9154555311877728E-032  -6.0394778433495078E-033   1.3459599780844118E-033  -7.8589052644602873E-034  -6.1081636236567869E-018   5.6468411294932992E-033   1.3990989080331539E-033   3.2199408479893493E-034   2.0720809651494098E-033  -2.9981288024123772E-036   1.9243008156698091E-033   4.4748198637047562E-033   2.6157589473631220E-034   2.1817525774178101E-033   7.3427252678909329E-034  -1.6090745197557148E-031   1.1655080065845720E-034  -8.2175125557556794E-035  -1.4383115680587317E-031  -3.8515481245494948E-034  -1.4688974255732584E-031   1.6139191114342559E-033   1.8450095360764317E-033   3.7078200825271293E-034  -2.5711746283984425E-018
   8.8459310869163189E-018  -5.1164980510088249E-032  -3.8200150206394417E-033   1.1766416381482340E-032   1.9942868826611612E-017   8.4340252747761325E-032  -8.9546795665226907E-034   1.1293744842179412E-033   5.7937568588608579E-032   3.1234159163286490E-033   9.4764712496094694E-032   5.8881223568600027E-033   2.7748896898698062E-032   3.6767831793406091E-033   1.5787979257824398E-017   1.1930118166182435E-032  -9.4597500412041804E-033  -1.9824226895274282E-033   4.0895552927311960E-033   5.9393916154837417E-035   3.7221694340438342E-033  -1.1307821367877340E-032  -2.1380569358594281E-033  -5.0082019249411462E-033  -4.3408625218511178E-033   3.0967109010495969E-032  -3.6713964781379649E-034  -3.3188046229138108E-034   1.0698138449996502E-031  -2.1416462255016790E-033   6.2653035227525362E-032   5.5800963344614349E-032  -1.8793442970935371E-034   9.7069555306820767E-035   2.5578093419343873E-032   1.9069953325763699E-034   1.9263423546884129E-032  -3.1765882513756891E-034   2.7779885777507263E-035  -1.4531473120492748E-034   1.1293797310588335E-034   1.4522816823655065E-032   4.7971136733955989E-034   9.2474851365828475E-034   5.0445085526372489E-034   3.6770060417406347E-032   7.6170589060254012E-033  -1.6975402020078770E-033   9.9117416917399736E-034   7.7036862019898986E-018  -7.1218609674479300E-033  -1.7645596315217114E-033  -4.0610264246701521E-034  -2.6133323408044234E-033   3.7812745220969396E-036  -2.4269503169069619E-033  -5.6436942695675305E-033  -3.2990252639088716E-034  -2.7516514393481945E-033  -9.2607295443388016E-034   2.0293832876065950E-031  -1.4699521004741875E-034   1.0364021331267932E-034   1.8140150892655752E-031   4.8576167849329386E-034   1.8525903244799895E-031  -2.0354933423411648E-033  -2.3269472432866231E-033  -4.6763453255570934E-034   3.2427950081404952E-018
   4.5380141506669379E-016  -2.6247932896153590E-030  -1.9596899466085595E-031   6.0362401105274666E-031   1.0230807820096481E-015   4.3267040708270842E-030  -4.5938027538640785E-032   5.7937568588608579E-032   2.9722310012025664E-030   1.6023305503342808E-031   4.8614849252807639E-030   3.0206410510941186E-031   1.4235345669597225E-030   1.8862111780929926E-031   8.0993252805702037E-016   6.1202200791886778E-031  -4.8529068480140656E-031  -1.0169943818559368E-031   2.0979656755181092E-031   3.0469424792697067E-033   1.9094945910051327E-031  -5.8009781985007185E-031  -1.0968356563632206E-031  -2.5692367464172755E-031  -2.2268877472260696E-031   1.5886307220132849E-030  -1.8834477690134022E-032  -1.7025660944111982E-032   5.4882073119113636E-030  -1.0986769828473786E-031   3.2141371852339167E-030   2.8626219082041380E-030  -9.6411456639085138E-033   4.9797247034043805E-033   1.3121710845763160E-030   9.7829970858433775E-033   9.8822484357070161E-031  -1.6296082677951780E-032   1.4251243144850844E-033  -7.4547303164465795E-033   5.7937837754601195E-033   7.4502895857698640E-031   2.4609472443692589E-032   4.7440137160874222E-032   2.5878622578110506E-032   1.8863255078017627E-030   3.9075955670887629E-031  -8.7084800710596257E-032   5.0847811963399881E-032   3.9520358742829199E-016  -3.6535561414403506E-031  -9.0522936464934645E-032  -2.0833302001010543E-032  -1.3406547062645246E-031   1.9398158453000166E-034  -1.2450396428454098E-031  -2.8952480191956117E-031  -1.6924191680816122E-032  -1.4116132091436084E-031  -4.7508081743782650E-032   1.0410854420861302E-029  -7.5409398594804509E-033   5.3168032846956300E-033   9.3060030241318584E-030   2.4919856928511750E-032   9.5038962267221817E-030  -1.0442199357391318E-031  -1.1937374838369016E-031  -2.3989923787865505E-032   1.6635727194867397E-016
   2.4464446769180779E-017  -1.4150267844462433E-031  -1.0564693892780796E-032   3.2541387040031606E-032   5.5154313100518719E-017   2.3325273547503260E-031  -2.4765203282476978E-033   3.1234159163286490E-033   1.6023305503342808E-031   8.6381684044603604E-033   2.6208278604910642E-031   1.6284284215472034E-032   7.6742787662653455E-032   1.0168569649591768E-032   4.3663484866760301E-017   3.2994123282091960E-032  -2.6162034166769746E-032  -5.4826195100810593E-033   1.1310138727693923E-032   1.6426075287115243E-034   1.0294090592647927E-032  -3.1273089425149070E-032  -5.9130440405730866E-033  -1.3850762367259489E-032  -1.2005157970903725E-032   8.5643125922970893E-032  -1.0153672103642252E-033  -9.1785384983017880E-034   2.9586940715191830E-031  -5.9229706367142076E-033   1.7327422406878873E-031   1.5432402581481239E-031  -5.1975442794497140E-034   2.6845709574022946E-034   7.0739179264034759E-032   5.2740164200345564E-034   5.3275228500475939E-032  -8.7852226543261950E-034   7.6828490995475667E-035  -4.0188471642051259E-034   3.1234304270747151E-034   4.0164531650757747E-032   1.3266973363841454E-033   2.5574990993015594E-033   1.3951172550417426E-033   1.0169186001366240E-031   2.1065858450987907E-032  -4.6947440017920360E-033   2.7412069416422789E-033   2.1305436269315713E-017  -1.9696331208518764E-032  -4.8800939948828840E-033  -1.1231238839462068E-033  -7.2274732092758854E-033   1.0457552557957788E-035  -6.7120121393704519E-033  -1.5608290035582497E-032  -9.1238363905473483E-034  -7.6100106934860171E-033  -2.5611619936351375E-033   5.6124944820504781E-031  -4.0653227525687620E-034   2.8662901132982451E-034   5.0168687901568091E-031   1.3434301724986426E-033   5.1235530701086944E-031  -5.6293925459560122E-033  -6.4354420590362510E-033  -1.2932974513062823E-033   8.9683251068230668E-018
   7.4225345793284625E-016  -4.2932036588947193E-030  -3.2053373811817270E-031   9.8730853324762885E-031   1.6733866906953063E-015   7.0769084260161246E-030  -7.5137843689092985E-032   9.4764712496094694E-032   4.8614849252807639E-030   2.6208278604910642E-031   7.9516146857931868E-030   4.9406660951442945E-031   2.3283828999464499E-030   3.0851529388143290E-031   1.3247539555474118E-015   1.0010445904890358E-030  -7.9375840827535607E-031  -1.6634315618427636E-031   3.4315059970645446E-031   4.9836856304823084E-033   3.1232361028872630E-031  -9.4882827251594221E-031  -1.7940227414231254E-031  -4.2023334347604194E-031  -3.6423754442544268E-031   2.5984199423869503E-030  -3.0806330103237855E-032  -2.7847766202981218E-032   8.9767037295814743E-030  -1.7970344793875139E-031   5.2571551361509095E-030   4.6822044611883159E-030  -1.5769394871584173E-032   8.1450118001776113E-033   2.1462328952480756E-030   1.6001412015974013E-032   1.6163750993321543E-030  -2.6654442487120898E-032   2.3309831465714334E-033  -1.2193217499169948E-032   9.4765152753401408E-033   1.2185954084841333E-030   4.0252113397551553E-032   7.7594746696178383E-032   4.2327979722845376E-032   3.0853399404825955E-030   6.3913999066054677E-031  -1.4243894424906778E-031   8.3168458724629347E-032   6.4640880265435977E-016  -5.9758841416070358E-031  -1.4806247927512134E-031  -3.4075677018628787E-032  -2.1928217025778559E-031   3.1728306063462947E-034  -2.0364303624519638E-031  -4.7355688688307270E-031  -2.7681799528892770E-032  -2.3088839103697754E-031  -7.7705879231109269E-032   1.7028357421018786E-029  -1.2334224841366749E-032   8.6963493109294387E-033   1.5221223854447954E-029   4.0759789110973173E-032   1.5544904894319734E-029  -1.7079626294926264E-031  -1.9525187578178322E-031  -3.9238757958636236E-032   2.7209976931876863E-016
   4.6119268079783886E-017  -2.6675444667795432E-031  -1.9916082894456101E-032   6.1345550412276019E-032   1.0397441542980525E-016   4.3971750267689255E-031  -4.6686240649992270E-033   5.8881223568600027E-033   3.0206410510941186E-031   1.6284284215472034E-032   4.9406660951442945E-031   3.0698395770259098E-032   1.4467203083711361E-031   1.9169327395061334E-032   8.2312425981547634E-017   6.2199028290358224E-032  -4.9319483029132185E-032  -1.0335586222346808E-032   2.1321361767279761E-032   3.0965693882745779E-034   1.9405953797327947E-032  -5.8954613136743385E-032  -1.1147003071342722E-032  -2.6110830494223066E-032  -2.2631580596285991E-032   1.6145054580216234E-031  -1.9141243215522801E-033  -1.7302965465667555E-033   5.5775961883739656E-031  -1.1165716241228454E-032   3.2664872688689075E-031   2.9092467059876023E-031  -9.7981752966701314E-034   5.0608316971879945E-034   1.3335429993584748E-031   9.9423371158824190E-034   1.0043205016679266E-031  -1.6561504233395258E-033   1.4483359488223797E-034  -7.5761488288035375E-034   5.8881497118619027E-034   7.5716357699687719E-032   2.5010297880316431E-033   4.8212815800552907E-033   2.6300119228143460E-033   1.9170489313537827E-031   3.9712403161954902E-032  -8.8503189639818157E-033   5.1675992920071319E-033   4.0164044424627931E-017  -3.7130632372943247E-032  -9.1997323842236160E-033  -2.1172623268054268E-033  -1.3624905464772640E-032   1.9714104897988469E-035  -1.2653181579415515E-032  -2.9424042129776457E-032  -1.7199843527294747E-033  -1.4346047820915276E-032  -4.8281867027139812E-033   1.0580420642909207E-030  -7.6637625050550858E-034   5.4034004274384198E-034   9.4575740394758488E-031   2.5325737735458280E-033   9.6586904167813007E-031  -1.0612276108378815E-032  -1.2131804178237213E-032  -2.4380658359638433E-033   1.6906680691806211E-017
   2.1734582561762608E-016  -1.2571310834789093E-030  -9.3858329934383599E-032   2.8910257810809372E-031   4.8999921520018540E-016   2.0722523933488620E-030  -2.2001779172865172E-032   2.7748896898698062E-032   1.4235345669597225E-030   7.6742787662653455E-032   2.3283828999464499E-030   1.4467203083711361E-031   6.8179447105871039E-031   9.0339102563522441E-032   3.8791296844954269E-016   2.9312475499384246E-031  -2.3242744744901997E-031  -4.8708416552751481E-032   1.0048097399518016E-031   1.4593172404915566E-033   9.1454249505459909E-032  -2.7783483129017779E-031  -5.2532372836272273E-032  -1.2305225662972822E-031  -1.0665562951307522E-031   7.6086641516258340E-031  -9.0206750524066025E-033  -8.1543516871580180E-033   2.6285483248058182E-030  -5.2620562209783169E-032   1.5393942746307005E-030   1.3710378624057243E-030  -4.6175765316069553E-033   2.3850132262166872E-033   6.2845751084072997E-031   4.6855155317771856E-033   4.7330514491709338E-031  -7.8049239741836977E-033   6.8255587236102350E-034  -3.5704042816761715E-033   2.7749025814349164E-033   3.5682774168334642E-031   1.1786578729602448E-032   2.2721206757648099E-032   1.2394431580297599E-032   9.0344578325413051E-031   1.8715225570283074E-031  -4.1708812006258859E-032   2.4353294866678059E-032   1.8928070108381207E-016  -1.7498516964408257E-031  -4.3355489229604084E-032  -9.9780015518142620E-033  -6.4209959318525934E-032   9.2906470197084459E-035  -5.9630525625650614E-032  -1.3866639684395540E-031  -8.1057535116705973E-033  -6.7608479878577201E-032  -2.2753748461966734E-032   4.9862245342590265E-030  -3.6116938935740576E-033   2.5464552581636294E-033   4.4570617087714585E-030   1.1935235762992278E-032   4.5518416280777671E-030  -5.0012370284533149E-032  -5.7173435423754211E-032  -1.1489849125770696E-032   7.9675949476417138E-017
   2.8798747519519560E-017  -1.6657233038255858E-031  -1.2436412517714684E-032   3.8306657744716206E-032   6.4925855572394671E-017   2.7457750018058909E-031  -2.9152788261703013E-033   3.6767831793406091E-033   1.8862111780929926E-031   1.0168569649591768E-032   3.0851529388143290E-031   1.9169327395061334E-032   9.0339102563522441E-032   1.1970107999423564E-032   5.1399227963915267E-017   3.8839604058648688E-032  -3.0797091946300970E-032  -6.4539605782266241E-033   1.3313925824798226E-032   1.9336239212495889E-034   1.2117867153006394E-032  -3.6813659225876858E-032  -6.9606422741913652E-033  -1.6304664974891897E-032  -1.4132079772657840E-032   1.0081629000272916E-031  -1.1952571095012507E-033  -1.0804675670973076E-033   3.4828780048490567E-031  -6.9723275388815336E-033   2.0397275596209222E-031   1.8166520165235788E-031  -6.1183793297120135E-034   3.1601892301058759E-034   8.3271850885642927E-032   6.2083998353771754E-034   6.2713858568128808E-032  -1.0341677108489779E-033   9.0439989727120087E-035  -4.7308555919311398E-034   3.6768002609168339E-034   4.7280374543644657E-032   1.5617447631588333E-033   3.0106043899986646E-033   1.6422864562253793E-033   1.1970833548597175E-031   2.4798040378178281E-032  -5.5264992685920921E-033   3.2268592605396527E-033   2.5080063559262089E-017  -2.3185877648765645E-032  -5.7446872253495042E-033  -1.3221047453913914E-033  -8.5079453511385455E-033   1.2310289238509404E-035  -7.9011614189938527E-033  -1.8373569130221757E-032  -1.0740282136761207E-033  -8.9582559806189550E-033  -3.0149162295468318E-033   6.6068451524064813E-031  -4.7855651362643308E-034   3.3741030839315163E-034   5.9056940461164410E-031   1.5814421111959023E-033   6.0312792952587395E-031  -6.6267370012014125E-033  -7.5755921555584056E-033  -1.5224275095698383E-033   1.0557219333883777E-017
  0.12366082151491931       -7.1525580071842596E-016  -5.3401523368217649E-017   1.6448745776154775E-016  0.27878936860707154        1.1790262482363331E-015  -1.2518106016413428E-017   1.5787979257824398E-017   8.0993252805702037E-016   4.3663484866760301E-017   1.3247539555474118E-015   8.2312425981547634E-017   3.8791296844954269E-016   5.1399227963915267E-017  0.22070649950808729        1.6677591072150961E-016  -1.3224164307037257E-016  -2.7713082542477264E-017   5.7169535028123148E-017   8.3029139527875136E-019   5.2033700636937491E-017  -1.5807657398144259E-016  -2.9888756145195724E-017  -7.0011665054324535E-017  -6.0682659661387825E-017   4.3290164738496987E-016  -5.1323925105524286E-018  -4.6394902027221296E-018   1.4955357173917216E-015  -2.9938932265883821E-017   8.7585192904094992E-016   7.8006406569513285E-016  -2.6272108317879758E-018   1.3569742783869941E-018   3.5756643522802247E-016   2.6658653242314308E-018   2.6929113030519207E-016  -4.4406802282324254E-018   3.8834617442568241E-019  -2.0314129583938735E-018   1.5788052605519369E-018   2.0302028599116364E-016   6.7060777652897820E-018   1.2927430676327836E-017   7.0519209976755250E-018   5.1402343446864567E-016   1.0648192401586861E-016  -2.3730595894577982E-017   1.3856021578747305E-017  0.10769292175927520       -9.9559353254769507E-017  -2.4667487402064396E-017  -5.6770718529706448E-018  -3.6532821811529351E-017   5.2859954388243452E-020  -3.3927312683738038E-017  -7.8895467633249639E-017  -4.6118398428045973E-018  -3.8466440012831494E-017  -1.2945945565574513E-017   2.8369563593509968E-015  -2.0549050466951572E-018   1.4488281441829688E-018   2.5358845097813136E-015   6.7906574935671416E-018   2.5898103795385535E-015  -2.8454978501285545E-017  -3.2529329575300892E-017  -6.5372508440762779E-018   4.5332333111236509E-002
   9.3443764341724820E-017  -5.4047994884394896E-031  -4.0352629911218951E-032   1.2429423524721693E-031   2.1066597926453580E-016   8.9092607944232250E-031  -9.4592526094559261E-033   1.1930118166182435E-032   6.1202200791886778E-031   3.2994123282091960E-032   1.0010445904890358E-030   6.2199028290358224E-032   2.9312475499384246E-031   3.8839604058648688E-032   1.6677591072150961E-016   1.2602349481769452E-031  -9.9927824996209708E-032  -2.0941270829011794E-032   4.3199911607003272E-032   6.2740609778359813E-034   3.9319040586829930E-032  -1.1944987867711231E-031  -2.2585309166509070E-032  -5.2904011556471679E-032  -4.5854589024735670E-032   3.2712025543599655E-031  -3.8782701779757583E-033  -3.5058106832696692E-033   1.1300950893628357E-030  -2.2623224534850648E-032   6.6183371784954151E-031   5.8945203366184600E-031  -1.9852404895434408E-033   1.0253917379327635E-033   2.7019352856172679E-031   2.0144495893891782E-033   2.0348867661791468E-031  -3.3555807868690622E-033   2.9345210521398425E-034  -1.5350284062441037E-033   1.1930173591050554E-033   1.5341140005655779E-031   5.0674186268560138E-033   9.7685570163952255E-033   5.3287535679499871E-033   3.8841958259849667E-031   8.0462604829063253E-032  -1.7931922037200082E-032   1.0470242711125029E-032   8.1377690030398373E-017  -7.5231594207311760E-032  -1.8639880048208133E-032  -4.2898547646800676E-033  -2.7605868619293564E-032   3.9943395656427987E-035  -2.5637026928409513E-032  -5.9617018509472804E-032  -3.4849168085206153E-033  -2.9066998840780474E-032  -9.7825477122873017E-033   2.1437337892743105E-030  -1.5527801010511393E-033   1.0948007139056420E-033   1.9162301497507567E-030   5.1313309323090643E-033   1.9569789997404857E-030  -2.1501881297967759E-032  -2.4580647045612501E-032  -4.9398452948406652E-033   3.4255181232124436E-017
  -7.4094375367345185E-017   4.2856283124164948E-031   3.1996815718674521E-032  -9.8556642995728925E-032  -1.6704340043144021E-016  -7.0644212398537186E-031   7.5005263163034705E-033  -9.4597500412041804E-033  -4.8529068480140656E-031  -2.6162034166769746E-032  -7.9375840827535607E-031  -4.9319483029132185E-032  -2.3242744744901997E-031  -3.0797091946300970E-032  -1.3224164307037257E-016  -9.9927824996209708E-032   7.9235782366758132E-032   1.6604964412603365E-032  -3.4254511138269387E-032  -4.9748919303951402E-034  -3.1177251610609526E-032   9.4715406754368286E-032   1.7908571930504229E-032   4.1949184285518539E-032   3.6359484824361028E-032  -2.5938350372849694E-031   3.0751972415413961E-033   2.7798628893318511E-033  -8.9608643596407856E-031   1.7938636168111550E-032  -5.2478788998457410E-031  -4.6739427238253779E-031   1.5741569816125484E-033  -8.1306399484421960E-034  -2.1424458729923802E-031  -1.5973177566878944E-033  -1.6135230097531176E-031   2.6607410793992262E-033  -2.3268701329869050E-034   1.2171702599207260E-033  -9.4597939892515660E-034  -1.2164452001153979E-031  -4.0181088650138160E-033  -7.7457830971275414E-033  -4.2253292114802484E-033  -3.0798958663344152E-031  -6.3801222984088192E-032   1.4218761110943354E-032  -8.3021708199623682E-033  -6.4526821603519575E-017   5.9653397098765232E-032   1.4780122342283720E-032   3.4015550576837147E-033   2.1889524744950972E-032  -3.1672321551500668E-035   2.0328370864743872E-032   4.7272129701119317E-032   2.7632955066986644E-033   2.3048098908289571E-032   7.7568767413142944E-033  -1.6998310929478136E-030   1.2312461134322454E-033  -8.6810046256174636E-034  -1.5194366045296234E-030  -4.0687868571108898E-033  -1.5517475950830982E-030   1.7049489339593479E-032   1.9490735436442491E-032   3.9169521274209206E-033  -2.7161964999692743E-017
  -1.5527510796246087E-017   8.9811324489649104E-032   6.7053794441754336E-033  -2.0653920497619877E-032  -3.5006276667850407E-017  -1.4804480978107083E-031   1.5718400050816567E-033  -1.9824226895274282E-033  -1.0169943818559368E-031  -5.4826195100810593E-033  -1.6634315618427636E-031  -1.0335586222346808E-032  -4.8708416552751481E-032  -6.4539605782266241E-033  -2.7713082542477264E-017  -2.0941270829011794E-032   1.6604964412603365E-032   3.4798021160134248E-033  -7.1785110392336562E-033  -1.0425580589132359E-034  -6.5336283433246194E-033   1.9848935815409497E-032   3.7529912711674905E-033   8.7910372232407730E-033   7.6196376628748721E-033  -5.4357434481962104E-032   6.4445051506115569E-034   5.8255907836706746E-034  -1.8778742299694275E-031   3.7592916518875411E-033  -1.0997662895564329E-031  -9.7948995109849402E-032   3.2988657243944299E-034  -1.7038891137675493E-034  -4.4897944355872649E-032  -3.3474023620607697E-034  -3.3813627322884201E-032   5.5759544002573681E-034  -4.8762812200371332E-035   2.5507502098625091E-034  -1.9824318994543205E-034  -2.5492307458142142E-032  -8.4205080983098682E-034  -1.6232369875545891E-033  -8.8547672645430788E-034  -6.4543517748444223E-032  -1.3370437010738907E-032   2.9797399001587340E-033  -1.7398358026520177E-033  -1.3522496331586188E-017   1.2501202188311536E-032   3.0973809833990830E-033   7.1284335174363479E-034   4.5872555118632938E-033  -6.6373771611528622E-036   4.2600939208607924E-033   9.9065347491838292E-033   5.7908715203761332E-034   4.8300509027455589E-033   1.6255618155732544E-033  -3.5622333701694672E-031   2.5802481260380494E-034  -1.8192257155587528E-034  -3.1841915346577224E-031  -8.5267109059478402E-034  -3.2519037263280228E-031   3.5729585205153722E-033   4.0845557225591692E-033   8.2085200321038397E-034  -5.6921689762414017E-018
   3.2031823634376538E-017  -1.8527248469971755E-031  -1.3832579772498216E-032   4.2607134357822363E-032   7.2214722310279279E-017   3.0540279759705840E-031  -3.2425610572691046E-033   4.0895552927311960E-033   2.0979656755181092E-031   1.1310138727693923E-032   3.4315059970645446E-031   2.1321361767279761E-032   1.0048097399518016E-031   1.3313925824798226E-032   5.7169535028123148E-017   4.3199911607003272E-032  -3.4254511138269387E-032  -7.1785110392336562E-033   1.4808606645551180E-032   2.1507011851365295E-034   1.3478273081383673E-032  -4.0946525152181283E-032  -7.7420750870419454E-033  -1.8135099539983272E-032  -1.5718610212402313E-032   1.1213437732494320E-031  -1.3294420149115380E-033  -1.2017656854162463E-033   3.8738814566764663E-031  -7.7550721917744605E-033   2.2687164921901650E-031   2.0205974915706519E-031  -6.8052559398534442E-034   3.5149661977972125E-034   9.2620321056292730E-032   6.9053825498384594E-034   6.9754396635616201E-032  -1.1502680003645521E-033   1.0059318720268656E-034  -5.2619625856204711E-034   4.0895742919615152E-034   5.2588280713346699E-032   1.7370732106147322E-033   3.3485882949581057E-033   1.8266568741324964E-033   1.3314732827364969E-031   2.7581979227866301E-032  -6.1469287776167160E-033   3.5891209038345425E-033   2.7895663591783843E-017  -2.5788827904758964E-032  -6.3896114896083178E-033  -1.4705301333624054E-033  -9.4630853232026270E-033   1.3692297330251221E-035  -8.7881811147658381E-033  -2.0436268122923797E-032  -1.1946034213987897E-033  -9.9639498366480433E-033  -3.3533842008860633E-033   7.3485591190408303E-031  -5.3228140679292096E-034   3.7528949769584746E-034   6.5686936557074703E-031   1.7589818709813223E-033   6.7083776662318449E-031  -7.3706841156896967E-033  -8.4260619906591494E-033  -1.6933420264062131E-033   1.1742419962645542E-017
   4.6520839334492144E-019  -2.6907714004043698E-033  -2.0089496886693896E-034   6.1879700468760218E-034   1.0487974498511116E-018   4.4354622582491980E-033  -4.7092748667487175E-035   5.9393916154837417E-035   3.0469424792697067E-033   1.6426075287115243E-034   4.9836856304823084E-033   3.0965693882745779E-034   1.4593172404915566E-033   1.9336239212495889E-034   8.3029139527875136E-019   6.2740609778359813E-034  -4.9748919303951402E-034  -1.0425580589132359E-034   2.1507011851365295E-034   3.1235319422420309E-036   1.9574925976195186E-034  -5.9467944743116807E-034  -1.1244062634427116E-034  -2.6338183602795833E-034  -2.2828639062182709E-034   1.6285633346858729E-033  -1.9307910497437074E-035  -1.7453626433231076E-035   5.6261616230150043E-033  -1.1262938744260151E-034   3.2949293375673744E-033   2.9345781975446289E-033  -9.8834903008225933E-036   5.1048975425303649E-036   1.3451544701765585E-033   1.0028907370714964E-035   1.0130653551917578E-033  -1.6705709124577732E-035   1.4609469487021159E-036  -7.6421161287566933E-036   5.9394192086720417E-036   7.6375637736630254E-034   2.5228068393999592E-035   4.8632616064957641E-035   2.6529120517998097E-035   1.9337411248068335E-033   4.0058188345224475E-034  -8.9273807613370160E-035   5.2125947877710909E-035   4.0513762154012838E-019  -3.7453937474063223E-034  -9.2798366059584851E-035  -2.1356978251236335E-035  -1.3743540703590936E-034   1.9885760220567312E-037  -1.2763355791072715E-034  -2.9680244147037488E-034  -1.7349606588020099E-035  -1.4470962214907468E-034  -4.8702268536725878E-035   1.0672546840262644E-032  -7.7304926777806610E-036   5.4504490988436958E-036   9.5399233488135077E-033   2.5546254857743189E-035   9.7427908934583288E-033  -1.0704679678721254E-034  -1.2237438634909458E-034  -2.4592946454739081E-035   1.7053891115150645E-019
   2.9154239596778571E-017  -1.6862850118309200E-031  -1.2589927739742165E-032   3.8779515577345533E-032   6.5727301095315608E-017   2.7796688806426791E-031  -2.9512650622037283E-033   3.7221694340438342E-033   1.9094945910051327E-031   1.0294090592647927E-032   3.1232361028872630E-031   1.9405953797327947E-032   9.1454249505459909E-032   1.2117867153006394E-032   5.2033700636937491E-017   3.9319040586829930E-032  -3.1177251610609526E-032  -6.5336283433246194E-033   1.3478273081383673E-032   1.9574925976195186E-034   1.2267450247314617E-032  -3.7268087467273191E-032  -7.0465645240889355E-033  -1.6505929950634610E-032  -1.4306526331174563E-032   1.0206076746933862E-031  -1.2100113772841537E-033  -1.0938048714220209E-033   3.5258706918033878E-031  -7.0583940318235352E-033   2.0649059805477569E-031   1.8390767903292110E-031  -6.1939046759411756E-034   3.1991986430388670E-034   8.4299759589952922E-032   6.2850363957844232E-034   6.3487999174077074E-032  -1.0469334892049539E-033   9.1556382021388651E-035  -4.7892533288621683E-034   3.7221867264752361E-034   4.7864004041723077E-032   1.5810229588382605E-033   3.0477673259103851E-033   1.6625588595089661E-033   1.2118601658367516E-031   2.5104147679546732E-032  -5.5947184404026236E-033   3.2666916491105170E-033   2.5389652158086642E-017  -2.3472084394487708E-032  -5.8155997118581148E-033  -1.3384248218799479E-033  -8.6129675283715101E-033   1.2462247593298648E-035  -7.9986934482494001E-033  -1.8600372683131046E-032  -1.0872860305466539E-033  -9.0688367975454450E-033  -3.0521323908565232E-033   6.6884001264818539E-031  -4.8446382084524823E-034   3.4157530519858514E-034   5.9785940027095924E-031   1.6009634511705959E-033   6.1057294776407195E-031  -6.7085375204916882E-033  -7.6691053540064017E-033  -1.5412203726096779E-033   1.0687537773202625E-017
