  0.34388544873487120        9.7389101304780378E-012   9.4846551953235714E-003   6.7495965276844590E-016  0.15204882436782269        4.3062098192909541E-012   4.1936367976261549E-003   8.6220620600603825E-015  -1.5228910800851798E-015   6.8737272704821319E-017   6.8534382889696241E-017  -1.6318025616167252E-015   8.2115479572242779E-017  -1.5474026136538948E-015  -1.1357323915074477E-002  -8.6421561545771213E-013  -8.4132393628563588E-004   7.6332300253701387E-003  -3.4358590458249849E-014   7.6042189647745236E-003   4.8234683285340131E-013   2.1053102154543055E-004   2.1481070206560703E-013   4.7016527902712273E-004  0.14442247921221357        4.0934819725853103E-012   3.9832956666950928E-003  -7.3495346365048919E-015   3.3914024585017500E-016  -1.0190487657691301E-016  -4.0002182641179938E-017   3.7292352182028181E-016  -1.1677319069877638E-016   2.4740959806527212E-016   9.4186805404462573E-017  -1.1200515570251549E-018  -8.8395193403963585E-018   7.3939538772538960E-017  -1.8576257588260812E-017   3.6025273448922636E-017  -9.3271442674033884E-019  -7.7792126986577173E-018   4.9107057260132777E-018   5.9097265494961681E-018   1.2520668617196721E-016   3.3696094147140883E-018   8.1125426246331929E-017  -2.3880271896156934E-018   1.7071902500474228E-016   5.4251099915244303E-003   4.1183262594094816E-013   4.0187943276337733E-004  -3.6462033473582825E-003   1.6412997380969399E-014  -3.6323454882462845E-003  -2.3224158861748833E-013  -1.0056541109755628E-004  -1.0340922099275357E-013  -2.2458621167582461E-004   3.3924782863810753E-002   9.5982834371856614E-013   9.3567456611562470E-004   2.9295325350306171E-005   4.2940173392303778E-015   4.0507439874300891E-006  -3.2091912737931454E-005   3.0054584799546794E-016  -3.1835728275817598E-005  -3.9413628630629640E-015  -1.7820654263458315E-006  -1.7446343543591023E-015  -3.9753956960134989E-006   1.8407438332488059E-005  -1.5441142553368158E-016   1.0720942269987367E-005  -1.5367327386803607E-016   1.8211774218086853E-005   1.8630861072068723E-015   5.0769291459697246E-007   8.1767294098563456E-016   6.6354708485969936E-007   6.2633082584206525E-016   1.5176796958406768E-006   3.3908074563356761E-016   4.6216824391791041E-017   5.1941060560346981E-017   2.9057766445853204E-016   6.4776038159712629E-017   3.4952482959402671E-016   1.3037398972500746E-016   9.9091344634023683E-018  -9.3874919973104369E-018   8.1125026543487177E-017   1.2965469186858324E-017   9.6436982973422123E-017   1.0677019843009616E-017  -6.9637566665356647E-019   4.6021649711952758E-018  -8.9293833738363561E-018   1.5252824696000527E-016   9.8302110795653655E-018   8.3305515932304153E-017   1.2367921786262457E-017   1.6036059155182925E-016  -2.5556031603434556E-003  -1.9424420173280716E-013  -1.8931309228168122E-004   1.7176147234886428E-003  -7.7330690798931837E-015   1.7110867104900508E-003   1.0889716030750983E-013   4.7373285117849003E-005   4.8475001235506443E-014   1.0579568584410540E-004   4.4531121234101998E-016   1.2808529587061511E-016  -1.8840248528885043E-017  -1.8688994738713316E-017   1.4948212546157304E-016  -2.5544355936897726E-017   1.3192604922943700E-016   2.0191478638911770E-002   5.7180536112555653E-013   5.5689827376622150E-004   8.1418829401648030E-017  -2.4445443031712911E-015
   9.7389101304780378E-012   2.7580803693545851E-022   2.6860748224634376E-013   2.2371902676917753E-019   4.3060555234621850E-012   1.2195279108735145E-022   1.1876469923981802E-013  -6.7418374487579210E-019   6.9323500235388326E-020   1.9499856724955089E-027   3.3129478415493507E-021  -3.4701383939814242E-020   2.3260213689472089E-027  -3.4622249417644225E-020  -3.2164186457600255E-013  -2.4474773801124818E-023  -2.3826475462248839E-014   2.1617472183203808E-013  -9.7304314744035330E-025   2.1535312233438566E-013   1.3660163752431590E-023   5.9622839700014653E-015   6.0834851426272793E-024   1.3315182179884897E-014   4.0900757826277716E-012   1.1592830151330458E-022   1.1280779301300038E-013   1.6069689325050834E-018  -2.3184226937699894E-020  -2.8865550966227710E-027  -1.1079670246963246E-021   1.1605361203067589E-020  -3.3075396996750415E-027   1.1578893044753295E-020  -1.8478049915628282E-021  -3.1770678993180107E-029  -1.9295691728087576E-022   1.6275898478296147E-021  -5.2599787558645893E-028   1.6183094120723633E-021  -2.6187289969948835E-029   6.4805619418103824E-023   1.3882549272000321E-028   1.4465341343243326E-022  -6.9556616609571733E-022   9.5438050829357799E-029  -4.0573368523946545E-022  -6.7699021986086181E-029  -6.9028236645518263E-022   1.5364028588528430E-013   1.1663187481008804E-023   1.1381312275261570E-014  -1.0326126577326639E-013   4.6482007770779097E-025  -1.0286880821221201E-013  -6.5771334181363430E-024  -2.8480341477570794E-015  -2.9285744730470462E-024  -6.3603299880876368E-015   9.6075717283797810E-013   2.7182542445377934E-023   2.6498505663144871E-014   8.2964993685938429E-016   1.2160767248983191E-025   1.1471794401388311E-016  -9.0884989527666849E-016   8.5114795901749814E-027  -9.0159469601618662E-016  -1.1161992796693360E-025  -5.0468477505120207E-017  -4.9408272845173841E-026  -1.1258406413821199E-016   5.2130262653430856E-016  -4.3729740750032871E-027   3.0361939903409061E-016  -4.3520579985450781E-027   5.1576137658342150E-016   5.2763517606498301E-026   1.4377972918977743E-017   2.3157028798546249E-026   1.8791796659508102E-017   1.7737950391582510E-026   4.2981016553682137E-017   1.5988598946337773E-019   1.3161769227452711E-027   7.6408919366223570E-021  -8.0034235743613909E-020   1.8349626595342468E-027  -7.9851725856171178E-020   6.5591245240748900E-023   2.8054817009859020E-028   6.8486921325107484E-024  -5.7768607825023983E-023   3.6707824005929260E-028  -5.7438800655367299E-023   3.0224910432351466E-028  -2.3002900051141618E-024   1.3064719549164171E-028  -5.1346906957927562E-024   2.4693420948031729E-023   2.7840991884887340E-028   1.4403871837154143E-023   3.5037892128508328E-028   2.4506140175396885E-023  -7.2375233087979041E-014  -5.5010375889316401E-024  -5.3613876336932398E-015   4.8643219689526602E-014  -2.1900234742168114E-025   4.8458344952436759E-014   3.0839905913102314E-024   1.3416216593216384E-015   1.3728237847957006E-024   2.9961566574525165E-015   4.4542106324115351E-017  -1.8566506691589531E-019  -5.4237544273280527E-028  -8.8728639843557149E-021   9.2938506860195284E-020  -7.2379920321991024E-028   9.2726571602455546E-020   5.7182703306948160E-013   1.6193651716478527E-023   1.5771479310859296E-014   9.4340277287687913E-019   2.8008396958117514E-016
   9.4846551953235714E-003   2.6860748224634376E-013   2.6159491337923621E-004   1.5444562804198834E-017   4.1936367976272365E-003   1.1876895485095212E-013   1.1566409450075596E-004   2.4736097315575484E-016  -4.2985358986223123E-017   1.8958328508937784E-018   1.8432732201855918E-018  -4.4514591956210445E-017   2.2648152540453149E-018  -4.2187890871024891E-017  -3.1324472050904941E-004  -2.3835806828076345E-014  -2.3204434711030173E-005   2.1053102154678432E-004  -9.4763935110577638E-016   2.0973087164915898E-004   1.3303538753970502E-014   5.8066258826122940E-006   5.9246631366727698E-015   1.2967561066602239E-005   3.9832956666849785E-003   1.1290173864895953E-013   1.0986270596391894E-004  -2.2548658013678726E-016   9.6824342176855079E-018  -2.8106237719768739E-018  -1.0875881214806730E-018   1.0121034649757656E-017  -3.2207046093629125E-018   6.6596282944410677E-018   2.6239469650725503E-018  -3.0891981205382971E-020  -2.4106619318483391E-019   2.0162433982193449E-018  -5.1234909384148824E-019   9.7066703173715544E-019  -2.5725062711987331E-020  -2.1547602523021286E-019   1.3544146967977515E-019   1.6094473985700021E-019   3.4631679149224927E-018   9.2936713545186122E-020   2.2432603794683013E-018  -6.5863835104246174E-020   4.7183623148068044E-018   1.4962917987839899E-004   1.1358696535735326E-014   1.1084178943528348E-005  -1.0056541109534040E-004   4.5268452460825430E-016  -1.0018319947252757E-004  -6.4054219163815640E-015  -2.7736801668850788E-006  -2.8521148793633498E-015  -6.1942800639157920E-006   9.3567456611850120E-004   2.6472887760621292E-014   2.5806705887933016E-005   8.0799016301703768E-007   1.1843267580868177E-016   1.1172298841561479E-007  -8.8512243829300170E-007   8.2893118889165083E-018  -8.7805665141981906E-007  -1.0870616332657976E-016  -4.9150890700899712E-008  -4.8118509677826966E-017  -1.0964481800662463E-007   5.0769291418153350E-007  -4.2587993612211177E-018   2.9569276971121980E-007  -4.2384405060959527E-018   5.0229633033065770E-007   5.1385510468854083E-017   1.4002605396001023E-008   2.2552120004857751E-017   1.8301196892481869E-008   1.7274740595068511E-017   4.1858905821544003E-008   7.0856209952904226E-018   1.2746995988228032E-018   1.3242629752678460E-018   9.1489326382643929E-018   1.7865786095976245E-018   1.0772158732385138E-017   3.5948965368971225E-018   2.7330241513743913E-019  -2.5901215882302225E-019   2.2383166617476944E-018   3.5759874439547194E-019   2.6606288648016369E-018   2.9448135155979129E-019  -1.9174029055146438E-020   1.2693165140555675E-019  -2.4620725606795305E-019   4.2065096948308340E-018   2.7112564061624811E-019   2.2974333226785500E-018   3.4111787531696642E-019   4.4225351246559073E-018  -7.0485723897624665E-005  -5.3574214434032547E-015  -5.2214172215136859E-006   4.7373285117570756E-005  -2.1328466817725709E-016   4.7193236928180885E-005   3.0034769457864369E-015   1.3065957761968797E-006   1.3369820502818917E-015   2.9179356238412500E-006  -6.1913923544947152E-016   6.1646585232827815E-018  -5.1963018995162881E-019  -3.8967828239777417E-019   2.8053646858710934E-018  -7.0453521408823465E-019   2.3241574185715798E-018   5.5689827376635866E-004   1.5770881580088877E-014   1.5359731343607470E-005  -1.1127915682903029E-017  -4.0378451961989187E-015
   6.7495965276844590E-016   2.2371902676917753E-019   1.5444562804198834E-017   1.0302403881925605E-006   3.0293498336500478E-016  -1.9486019848353951E-018   1.8696580494066328E-017  -3.1046605376970785E-006   3.1923936627058734E-007   1.5340728850975676E-017   1.5256328492271852E-008  -1.5980188731096578E-007   2.2715129145657277E-018  -1.5943747876477815E-007  -1.9619132107770513E-017  -4.8072778218950922E-018  -1.2567441911690351E-017   1.1522802715955537E-017  -2.0718057647751000E-018   1.6572501753004806E-017  -1.2254129990891918E-017  -4.3003638442821704E-018  -1.3972125059775487E-018  -5.8694601115132302E-018   2.7772576958797475E-016   3.9306520564391067E-017   3.1129962193856044E-017   7.4001960255037976E-006  -1.0676489720592676E-007  -2.7031606424697324E-018  -5.1022540394211796E-009   5.3443384519180634E-008  -2.2921035307409574E-018   5.3321513320532752E-008  -8.5092728589613162E-009  -2.3291103360356428E-019  -8.8857783494103280E-010   7.4951460625629492E-009   3.9487830510624647E-019   7.4524140049390052E-009   1.0471174857537717E-018   2.9843505108329856E-010  -1.1363149663721695E-018   6.6613748176672811E-010  -3.2031431642543617E-009   4.5981229919813305E-020  -1.8684402399845127E-009  -3.2040451387135054E-019  -3.1788168633593960E-009   5.2731003633132303E-018  -6.3240561782026293E-018   1.0995741453313272E-018   2.0410816188565490E-018   2.0694672096074958E-018  -8.7549080343065580E-018  -6.9203392786921536E-018  -6.2735875865148533E-018  -1.3885493459784643E-017  -2.4485630901998655E-017   7.1432858161236498E-017  -1.5715693856261836E-017   1.4240913813724467E-018   8.1193068310711512E-019   8.0425700188291394E-019   1.8265948803751676E-018   2.9084442940543421E-019  -2.0120992944149949E-019   1.1813261058787794E-019   1.4690001093430181E-018   9.0008259691170704E-019   6.8441555108523865E-019   1.3551274608146444E-018  -4.2558611519288951E-019  -4.2258801516828965E-020  -1.7728045070514765E-019   1.0524299555241916E-020  -6.9762638622655291E-020   2.3805066195538674E-018   1.4755729063348827E-018   1.6330842004084244E-018   1.3524480127907917E-018   5.8125121309649574E-019   4.2063520387209053E-018   7.3628519849638622E-007   3.3646812954872590E-017   3.5186790974983225E-008  -3.6856282997076033E-007   2.2623665095832042E-018  -3.6772236791355777E-007   3.0203489097195506E-010  -3.7142898966465623E-019   3.1539891091858391E-011  -2.6603872657032004E-010  -4.9111032364010602E-019  -2.6452194031793942E-010  -5.8208977632755696E-019  -1.0592892283843393E-011   1.4408794606421168E-018  -2.3644415652615849E-011   1.1369489606520774E-010   7.4691276432054249E-020   6.6319889822202592E-011   5.3744265064572139E-019   1.1283143462155458E-010  -2.5909552599804719E-018   5.9276612809291302E-019  -3.2420378973484675E-018  -2.3986125341277854E-018  -7.4609798701106222E-019   4.1793653497426930E-018  -2.2673068038027624E-018  -3.8445971139501818E-020   5.9277941510996958E-018   5.8951368069191760E-018   2.0511925820900162E-004  -8.5499956555326612E-007  -4.0596118355466360E-017  -4.0860105657499611E-008   4.2798776924806029E-007  -1.7385486656501827E-018   4.2701179607408723E-007   3.9021837412376153E-017   2.1834485234473224E-018  -2.7110209947910184E-018   4.3444303046324161E-006   1.2898046556025946E-003
  0.15204882436782269        4.3060555234621850E-012   4.1936367976272365E-003   3.0293498336500478E-016   6.7228331633948119E-002   1.9039890839032451E-012   1.8542149638797404E-003   3.7986751850438888E-015  -6.7195075540837856E-016   3.0392159783124165E-017   3.0369117413378690E-017  -7.2219918422984844E-016   3.6307329016962867E-017  -6.8488018600721343E-016  -5.0216365816135823E-003  -3.8211261573899428E-013  -3.7199106823320528E-004   3.3750298413513639E-003  -1.5191638103129286E-014   3.3622026116053682E-003   2.1326947430522481E-013   9.3086213553686300E-005   9.4978472717767410E-014   2.0788340477226534E-004   6.3856345935223158E-002   1.8099315449149385E-012   1.7612127103911845E-003  -3.2172575345063271E-015   1.4948420612939692E-016  -4.5057203606244229E-017  -1.7709245528065782E-017   1.6512152821298620E-016  -5.1631223213288341E-017   1.0962506056334641E-016   4.1607478475863893E-017  -4.9523038297754173E-019  -3.9122730188290872E-018   3.2725091203447272E-017  -8.2134854435958987E-018   1.5961126044114621E-017  -4.1239933988757302E-019  -3.4382719605780435E-018   2.1712667261783792E-018   2.6158942231814323E-018   5.5346093413809567E-017   1.4898715603436337E-018   3.5861412816296932E-017  -1.0558653414261897E-018   7.5469463546529200E-017   2.3987103825186427E-003   1.8209164371741757E-013   1.7769084302368931E-004  -1.6121674656820930E-003   7.2570007405361107E-015  -1.6060402183851051E-003  -1.0268553277992728E-013  -4.4464959438394733E-005  -4.5722348935045754E-014  -9.9300710687702225E-005   1.4999830235192559E-002   4.2438774828719136E-013   4.1370816442553015E-004   1.2952917302473935E-005   1.8985981833398226E-015   1.7910349605360190E-006  -1.4189427384812833E-005   1.3288623588017214E-016  -1.4076155519344206E-005  -1.7426721367258249E-015  -7.8793957121265649E-007  -7.7138943653452872E-016  -1.7577197412670312E-006   8.1388420719012309E-006  -6.8272954868343585E-017   4.7402606718717404E-006  -6.7946581381534149E-017   8.0523292558599459E-006   8.2376283538311344E-016   2.2447623500306399E-007   3.6153378938142058E-016   2.9338709892141590E-007   2.7693194371837756E-016   6.7104151794861798E-007   1.5314175803464403E-016   2.0434751864869804E-017   2.3119475824715415E-017   1.2686830524462866E-016   2.8640701389451347E-017   1.5293544512651481E-016   5.7646131284217585E-017   4.3813201495014731E-018  -4.1505383061899165E-018   3.5868238071124776E-017   5.7326774206087386E-018   4.2638420588985870E-017   4.7208403869751486E-018  -3.0794853181682941E-019   2.0348455452056001E-018  -3.9482268850365156E-018   6.7440804966735099E-017   4.3464242044388835E-018   3.6833792951544679E-017   5.4684720577550379E-018   7.0903869467179676E-017  -1.1299589950969381E-003  -8.5885002178472804E-014  -8.3704713952753739E-005   7.5944271670727516E-004  -3.4191736424981490E-015   7.5655635816682099E-004   4.8148839279666163E-014   2.0946080548363128E-005   2.1433203923583505E-014   4.6777523489183150E-005   1.0931998939348466E-015   5.2896791069942491E-017  -8.3302089408387624E-018  -8.4418777565202692E-018   6.7963636641205155E-017  -1.1294427559322528E-017   6.0196959316737152E-017   8.9276548356121838E-003   2.5282352959746772E-013   2.4623236641776937E-004   5.4983079540638827E-017   4.5551804107895953E-015
   4.3062098192909541E-012   1.2195279108735145E-022   1.1876895485095212E-013  -1.9486019848353951E-018   1.9039890839032451E-012   5.3923317614631746E-023   5.2513649597312547E-014   5.8721710901697094E-018  -6.0381100588444662E-019   8.3172783221855499E-028  -2.8855897678684762E-020   3.0225009489272133E-019   1.0239718867524129E-027   3.0156085174250585E-019  -1.4221892768038589E-013  -1.0821890417805529E-023  -1.0535244829248103E-014   9.5584998461210763E-014  -4.3024196747727132E-025   9.5221715529454016E-014   6.0400771419441990E-024   2.6363161209047112E-015   2.6899098717643421E-024   5.8875138470811573E-015   1.8084902993073740E-012   5.1259414331941361E-023   4.9879711328774626E-014  -1.3996769090103360E-017   2.0193568245639500E-019  -1.2709626820836448E-027   9.6504291516402414E-021  -1.0108308894174966E-019  -1.4579244829713149E-027  -1.0085258269865446E-019   1.6094483830693656E-020  -1.3585004750262846E-029   1.6806605974330318E-021  -1.4176357062866378E-020  -2.3336289024763926E-028  -1.4095533903058712E-020  -1.3660180232371838E-029  -5.6446169499023750E-022   6.3642177672157906E-029  -1.2599358008188395E-021   6.0584430987800297E-021   4.2108026907746111E-029   3.5339785396595963E-021  -2.9297391077302662E-029   6.0124327774934262E-021   6.7934429916071679E-014   5.1570713956950846E-024   5.0324233430155234E-015  -4.5658566581661872E-014   2.0552327732732691E-025  -4.5485035397943624E-014  -2.9081675652692630E-024  -1.2593023704332477E-015  -1.2948869252436586E-024  -2.8123183273782648E-015   4.2481365124025850E-013   1.2019213013134571E-023   1.1716724330997640E-014   3.6684255802888503E-016   5.3769115815120880E-026   5.0724314152508778E-017  -4.0186204522557257E-016   3.7638823010986486E-027  -3.9865404660171939E-016  -4.9357397940705771E-026  -2.2315418305083297E-017  -2.1847992631302933E-026  -4.9780786144689515E-017   2.3050202323758636E-016  -1.9334941709122685E-027   1.3425001565176643E-016  -1.9243507063566050E-027   2.2805187382353780E-016   2.3325474728427895E-026   6.3574432185599947E-018   1.0235992999412107E-026   8.3090836873031639E-018   7.8419540604871368E-027   1.9004721580422545E-017  -1.3926136244383487E-018   5.1509756420176329E-028  -6.6552477603253609E-020   6.9710164454079174E-019   8.0686085725061693E-028   6.9551199100143765E-019  -5.7126872077031825E-022   1.2478690105172420E-028  -5.9654830524132855E-023   5.0318803787316184E-022   1.6328536786019075E-028   5.0031937225817015E-022   1.3480097689521527E-028   2.0035442476990140E-023   5.4904043089932146E-029   4.4721058115926382E-023  -2.1504120386554175E-022   1.2295481076779232E-028  -1.2543673910208115E-022   1.5385733643970090E-028  -2.1340795035131663E-022  -3.2001829282885976E-014  -2.4323700740183510E-024  -2.3706205072149709E-015   2.1508352316901892E-014  -9.6833794060016543E-026   2.1426607091047128E-014   1.3636386693627018E-024   5.9321877763961717E-016   6.0700349922551987E-025   1.3247970302219615E-015  -3.8796362478388863E-016   1.6171505975146865E-018  -1.5913806044924372E-028   7.7283014723113910E-020  -8.0949827621693119E-019  -3.1658378761533426E-028  -8.0765231573284821E-019   2.5284217142878049E-013   7.1602693562274765E-024   6.9736036335959961E-015  -8.2170779240234988E-018  -2.4395431898175085E-015
   4.1936367976261549E-003   1.1876469923981802E-013   1.1566409450075596E-004   1.8696580494066328E-017   1.8542149638797404E-003   5.2513649597312547E-014   5.1140836738233322E-005   7.3606671338025991E-017  -1.5328507972881445E-017   8.3824179620706928E-019   9.9074664523863734E-019  -2.1522935634643533E-017   1.0013872295664010E-018  -2.0489987832228814E-017  -1.3850103767995279E-004  -1.0538993200787638E-014  -1.0259832252022104E-005   9.3086213554260846E-005  -4.1899838969743452E-016   9.2732427572040551E-005   5.8821547550618872E-015   2.5673974930978639E-006   2.6195876214604285E-015   5.7336023444669028E-006   1.7612127103862586E-003   4.9919462116840782E-014   4.8575754935638988E-005  -1.4452834901176585E-017   3.0512149223921465E-018  -1.2427162645355689E-018  -5.3965169915854152E-019   5.0906485837685201E-018  -1.4240333555845342E-018   3.5587851543407011E-018   1.0621552868434028E-018  -1.3658878102789836E-020  -1.1682323059198050E-019   9.7782101795378382E-019  -2.2653496293468976E-019   5.1502756445579436E-019  -1.1374326981229229E-020  -9.1834846120357250E-020   5.9885395868641694E-020   7.8835175472133058E-020   1.4943400621395158E-018   4.1091933628828274E-020   9.7033339998856723E-019  -2.9121670411080425E-020   2.0496040281599626E-018   6.6158486715053446E-005   5.0222434853313242E-015   4.9008656331515377E-006  -4.4464959437403514E-005   2.0015429565107560E-016  -4.4295964709297996E-005  -2.8321549386533205E-015  -1.2263816631341758E-006  -1.2610615423377762E-015  -2.7387986464333627E-006   4.1370816442669529E-004   1.1704977562822136E-014   1.1410425493434016E-005   3.5725255267253902E-007   5.2364963942767858E-017   4.9398278135771380E-008  -3.9135655974718713E-007   3.6651161954182487E-018  -3.8823242468636041E-007  -4.8064390034939059E-017  -2.1732048201501579E-008  -2.1275581312780292E-017  -4.8479415855656454E-008   2.2447623481931994E-007  -1.8830265673478674E-018   1.3074044910608522E-007  -1.8740249070599641E-018   2.2209013725937212E-007   2.2720084508027186E-017   6.1912468130904094E-009   9.9714115452147820E-018   8.0918674583715448E-009   7.6380201849306883E-018   1.8507899775644504E-008   1.1614483875142705E-017   5.6360795802618647E-019   9.9085384451789563E-019  -2.0043320406926756E-019   7.8993507354928692E-019   5.2695725122041331E-019   1.5929614454135209E-018   1.2084056208231849E-019  -1.1415880924276190E-019   9.8660627463688840E-019   1.5811215298237764E-019   1.1733489320103376E-018   1.3020482101037485E-019  -8.5998138629191116E-021   5.6122782885948231E-020  -1.0913281747177501E-019   1.8612164100034001E-018   1.1987810203548829E-019   1.0165732632905225E-018   1.5082514280765041E-019   1.9567220275762498E-018  -3.1165236833294489E-005  -2.3687819159229632E-015  -2.3086476993591646E-006   2.0946080548234697E-005  -9.4303737396665290E-017   2.0866472307679617E-005   1.3279862241994632E-015   5.7771084070444303E-007   5.9114612058779984E-016   1.2901641602404544E-006   2.0891029022151489E-015  -7.1233984421540903E-018  -2.2975429736744562E-019  -6.4298086733930248E-019   6.1705622507788373E-018  -3.1150998516746779E-019   5.9465539891047051E-018   2.4623236641776650E-004   6.9730894759226075E-015   6.7912995504531507E-006   4.5125117791116086E-017   1.3072471048108005E-014
   8.6220620600603825E-015  -6.7418374487579210E-019   2.4736097315575484E-016  -3.1046605376970785E-006   3.7986751850438888E-015   5.8721710901697094E-018   7.3606671338025991E-017   9.3559883351534057E-006  -9.6203747581527128E-007  -4.6229749900108759E-017  -4.5975406869068433E-008   4.8156781569617511E-007  -6.8452727999639814E-018   4.8046965953192964E-007  -2.9280968520160733E-016   1.4486876937506491E-017   1.1802028763027308E-017   2.0180869264525817E-016   6.2434492690180294E-018   1.8569229827820006E-016   3.6928190991110792E-017   1.9483059281436307E-017   4.2105421090638177E-018   3.2256936728653171E-017   3.6383242490156076E-015  -1.1845138720862575E-016   2.9620401209378671E-017  -2.2300714313784178E-005   3.2173924354494593E-007   8.1460562698885350E-018   1.5375796708268515E-008  -1.6105325399712300E-007   6.9073232439357505E-018  -1.6068599145775805E-007   2.5642950861266539E-008   7.0188443698252023E-019   2.6777561532543048E-009  -2.2586849119300389E-008  -1.1899777033663723E-018  -2.2458074772536127E-008  -3.1555201811256495E-018  -8.9934304341284548E-010   3.4243194839989373E-018  -2.0074254281084510E-009   9.6527687058565657E-009  -1.3856582564886854E-019   5.6306011166016757E-009   9.6554868331408814E-019   9.5794606631101093E-009   1.5221873423346156E-016   1.9057734382009904E-017   9.1395490559959052E-018  -1.1913677118481198E-016  -6.2364019629189892E-018  -8.6173312865645570E-017   2.0854651501587852E-017   1.5789397577598026E-017   4.1844354076793788E-017   6.6828873573955593E-017   8.3597153888296139E-016   4.7359718302547089E-017   2.4702463769720623E-017  -1.5389953085710976E-018  -2.4236527750149357E-018  -5.3789773385070339E-018  -1.8709094381255568E-018   6.0635220177630252E-019  -1.3424986950959601E-018  -4.4268762142756777E-018  -2.7676474545597253E-018  -2.0625069423109029E-018  -4.2069042315174529E-018   1.8529129918635806E-018   1.2734817518163598E-019   8.6645279339084990E-019  -3.1715294697669429E-020   7.7456509635369286E-019  -7.1737286230470599E-018  -4.4309515159316410E-018  -4.9213485802217071E-018  -4.0550814329031236E-018  -1.7516180926814505E-018  -1.2628940200348954E-017  -2.2188176919297145E-006  -1.0139568745070541E-016  -1.0603645774349867E-007   1.1106752239442446E-006  -6.8177098321984664E-018   1.1081424661409845E-006  -9.1019126968355803E-010   1.1193124827808003E-018  -9.5046414757576151E-011   8.0171574066428181E-010   1.4799757987904728E-018   7.9714485946426483E-010   1.7541451283345018E-018   3.1922000953021799E-011  -4.3421337896506146E-018   7.1253160966023965E-011  -3.4262300449169115E-010  -2.2508441826410561E-019  -1.9985699178095698E-010  -1.6195996661148393E-018  -3.4002093734245427E-010  -7.1383258923019598E-017  -1.7863186429754906E-018   3.9036820881462920E-018   6.0452493115376534E-017   2.2483888263645205E-018   4.0427272672502041E-017   6.8325975614725267E-018   1.5838271641524768E-018  -1.7863586776335370E-017  -1.4486852750743517E-017  -6.1813308212505913E-004   2.5765670239140603E-006   1.2233762924302908E-016   1.2313316295386935E-007  -1.2897540739327917E-006   5.2391689327756783E-018  -1.2868129492847852E-006   5.0808543858875858E-016  -6.5798880788182797E-018   2.5426504280815975E-017  -1.3092071986452294E-005  -3.8868653000612994E-003
  -1.5228910800851798E-015   6.9323500235388326E-020  -4.2985358986223123E-017   3.1923936627058734E-007  -6.7195075540837856E-016  -6.0381100588444662E-019  -1.5328507972881445E-017  -9.6203747581527128E-007   9.8922323512905870E-008   4.7536134407484273E-018   4.7274604017741612E-009  -4.9517621148105658E-008   7.0387101071934846E-019  -4.9404702304424312E-008   5.1123818144743446E-017  -1.4896254684369749E-018   3.4321884644304848E-019  -3.4875559040825958E-017  -6.4198799307860608E-019  -3.3164695444062004E-017  -3.7971727179670995E-018  -2.3929254531666898E-018  -4.3295258192197035E-019  -4.1868334168579268E-018  -6.4135086518539779E-016   1.2179864852756694E-017  -1.0416370347858410E-017   2.2930899589411094E-006  -3.3083111975215977E-008  -8.3762517983114495E-019  -1.5810294031997487E-009   1.6560438127639833E-008  -7.1025140051386386E-019   1.6522674043966854E-008  -2.6367582809329581E-009  -7.2171865534673700E-020  -2.7534255903744061E-010   2.3225120142260034E-009   1.2236047171221590E-019   2.3092706822498431E-009   3.2446905246002621E-019   9.2475715058993980E-011  -3.5210856990850019E-019   2.0641523081945779E-010  -9.9255417041503086E-010   1.4248149138938872E-020  -5.7897135946453774E-010  -9.9283366416998882E-020  -9.8501620843021577E-010  -2.5690558884949029E-017  -1.9596277838300464E-018  -1.6834132729929210E-018   1.8997217096481730E-017   6.4126334785489766E-019   1.5582079032553371E-017  -2.1443973171910937E-018  -1.4374736179241532E-018  -4.3026813768156403E-018  -6.4561651152349680E-018  -1.4873336810577133E-016  -4.8698034067155963E-018  -4.2714093225625160E-018   1.0404089747136048E-019   2.4921416255864509E-019   5.4560249734117623E-019   2.5176022588769956E-019  -6.2348682016344630E-020   1.9695190112695930E-019   4.5519732030820673E-019   2.8788321441832705E-019   2.1207903447326432E-019   4.3993452302830089E-019  -2.2458819080782357E-019  -1.3094684667190754E-020  -1.0893160919262424E-019   3.2611522123967562E-021  -1.1334409545946772E-019   7.3764476070763965E-019   4.5467693972264186E-019   5.0604186282707410E-019   4.1573938794186281E-019   1.8011162349713953E-019   1.2957732507693904E-018   2.2815182054235954E-007   1.0426097994064097E-017   1.0903289155316750E-008  -1.1420612666639910E-007   7.0103682506360303E-019  -1.1394569368629964E-007   9.3591193172550025E-011  -1.1509426016887836E-019   9.7732286171315163E-012  -8.2437104434182693E-011  -1.5217977307503297E-019  -8.1967099678469877E-011  -1.8037146809344478E-019  -3.2824069590200316E-012   4.4648360825250031E-019  -7.3266670141149734E-012   3.5230502496348650E-011   2.3144497174966632E-020   2.0550465542434084E-011   1.6653671625111261E-019   3.4962942723668297E-011   1.2068892143230316E-017   1.8367973752123255E-019  -5.1097484494181468E-020  -9.3943262725451663E-018  -2.3119249763340378E-019  -7.3231365784867719E-018  -7.0256766871846224E-019  -2.5051715627599364E-019   1.8368385375067652E-018   1.2938603180596978E-018   6.3560061079934562E-005  -2.6493770055715928E-007  -1.2579471010238079E-017  -1.2661272442185942E-008   1.3262006206727717E-007  -5.3872201149705886E-019   1.3231763841826565E-007  -8.9606311267029043E-017   6.7658259948977881E-019  -3.6449777406191141E-018   1.3462034619811092E-006   3.9967023772947318E-004
   6.8737272704821319E-017   1.9499856724955089E-027   1.8958328508937784E-018   1.5340728850975676E-017   3.0392159783124165E-017   8.3172783221855499E-028   8.3824179620706928E-019  -4.6229749900108759E-017   4.7536134407484273E-018   2.2844388490290061E-028   2.2717338724408891E-019  -2.3795198200420476E-018   3.3840231896159727E-029  -2.3740936178060163E-018  -2.2701497664580189E-018  -2.4432552326967115E-028  -1.6816737407822888E-019   1.5257621855913630E-018  -3.7717831574642053E-029   1.5199633326163270E-018  -8.6055824110435531E-029   4.2081827742044366E-020   2.2132164597372796E-029   9.3978617254496356E-020   2.8867773774111054E-017   1.4035136671848029E-027   7.9619792472236578E-019   1.1019214735939906E-016  -1.5897758985276750E-018  -4.0271610470948312E-029  -7.5974788646058661E-020   7.9579531164139521E-019  -3.4153762683587643E-029   7.9398059632383094E-019  -1.2670678527492639E-019  -3.4683707848456219E-030  -1.3231311628865472E-020   1.1160599483579891E-019   5.8761971389344636E-030   1.1096969585473193E-019   1.5591849761871077E-029   4.4438281111520637E-021  -1.6919244025475489E-029   9.9190777243594455E-021  -4.7696199175285856E-020   6.8535410581597222E-031  -2.7821890331948403E-020  -4.7714403257901583E-030  -4.7333969941930914E-020   1.0843938476764289E-018  -1.1849114719758572E-029   8.0329354636939622E-020  -7.2881849086534571E-019   3.4095968697353624E-029  -7.2604852374702334E-019  -1.4946829849371985E-028  -2.0101438266230604E-020  -2.2743092642479004E-028  -4.4891238805308907E-020   6.7810285656613377E-018  -4.2159003674777961E-029   1.8702657541502855E-019   5.8556730994340871E-021   1.2834043918946999E-029   8.0967980604676493E-022  -6.4146667554270351E-021  -2.9360292621086940E-030  -6.3634595280992187E-021   2.1086236301181633E-029  -3.5620673399336046E-022   9.8425212838375281E-030  -7.9461882464850402E-022   3.6793563401650511E-021  -6.6011639760956130E-031   2.1429471184673231E-021   1.2599455030307458E-031   3.6402461777094290E-021   3.5819183629359385E-029   1.0147982126043781E-022   2.4480776135392686E-029   1.3263260777962531E-022   8.7802777948341528E-030   3.0336027604300195E-022   1.0963607830339374E-017   5.0102496226197098E-028   5.2394666882569368E-019  -5.4880613339658665E-018   3.3700572054977090E-029  -5.4755464872593520E-018   4.4974312976512256E-021  -5.5287590226936559E-030   4.6964273850340519E-022  -3.9614327053489387E-021  -7.3102553868069082E-030  -3.9388470963080885E-021  -8.6654365545177658E-030  -1.5773278754802887E-022   2.1456243692501061E-029  -3.5207566459778955E-022   1.6929666049760894E-021   1.1141505962200217E-030   9.8753209335060321E-022   8.0052276946238974E-030   1.6801092873727863E-021  -5.1082472954779762E-019  -2.9999803368156836E-029  -3.7840698736543799E-020   3.4332406926509725E-019  -1.2655442968801979E-029   3.4201922261454305E-019  -1.1994364167212296E-029   9.4691718692243980E-021   9.7956828603834828E-029   2.1146887618353100E-020   3.0543152436665994E-015  -1.2731316548233564E-017  -6.0449767935763460E-028  -6.0842479958838346E-019   6.3729246055739342E-018  -2.5892854034857773E-029   6.3583919392182527E-018   4.0359578418317526E-018   1.4680736638702093E-028   1.1131517380006017E-019   6.4690462613537274E-017   1.9205754034782630E-014
   6.8534382889696241E-017   3.3129478415493507E-021   1.8432732201855918E-018   1.5256328492271852E-008   3.0369117413378690E-017  -2.8855897678684762E-020   9.9074664523863734E-019  -4.5975406869068433E-008   4.7274604017741612E-009   2.2717338724408891E-019   2.2592354340956190E-010  -2.3664283738461066E-009   3.3637729209845031E-020  -2.3610320250427138E-009  -2.2238746791582902E-018  -7.1188637716559592E-020  -3.2932275992187716E-019   1.4700317554749208E-018  -3.0680363231604637E-020   1.5398717705560461E-018  -1.8146544688608331E-019  -2.7843535732859282E-020  -2.0690639943196291E-020  -6.8822704907209215E-021   2.8697582261306819E-017   5.8207113330952625E-019   1.1390604089320709E-018   1.0958590127723527E-007  -1.5810294004051525E-009  -4.0029790330068646E-020  -7.5556796810300565E-011   7.9141707052841737E-010  -3.3942645623367497E-020   7.8961233926217279E-010  -1.2600968031785468E-010  -3.4490661391801180E-021  -1.3158516688124927E-011   1.1099197016400177E-010   5.8475606336287183E-021   1.1035917192027798E-010   1.5506253215997269E-020   4.4193794235950052E-012  -1.6827135294192673E-020   9.8645057593572403E-012  -4.7433788154406691E-011   6.8091365488655677E-022  -2.7668822146831860E-011  -4.7447145055186580E-021  -4.7073551804027776E-011   1.0015971605206592E-018  -9.3649869964117037E-020   8.4694543048173839E-020  -5.9046371830530788E-019   3.0645732703244065E-020  -7.4797726688695995E-019  -1.0247993629880417E-019  -1.1002164225971744E-019  -2.0562351461444305E-019  -4.0082684960138174E-019   6.8327921333248096E-018  -2.3272606134905647E-019   1.8036750716892649E-019   1.7010396668239695E-020   1.1909850510922833E-020   2.7738708184082921E-020  -1.1559966776137474E-021  -2.9796199164732135E-021  -3.6699919505024065E-021   2.1753707658411291E-020   1.3025526111810668E-020   1.0135176791688799E-020   1.9390695882105880E-020  -3.1688200845362415E-021  -6.2579002439286646E-022  -8.0024594502644428E-022   1.5584922992640438E-022   2.0670889186902982E-021   3.5251763940242702E-020   2.1937465005681993E-020   2.4183549104324804E-020   2.0140699262333524E-020   8.6074663207476871E-021   6.2548173026989479E-020   1.0903289155616861E-008   4.9825927719466116E-019   5.2106406218944901E-010  -5.4578675700532576E-009   3.3502284549997662E-020  -5.4454215764997844E-009   4.4726877004693748E-012  -5.5003111340027957E-021   4.6705889676102770E-013  -3.9396380211254877E-012  -7.2726137601166398E-021  -3.9171766717316072E-012  -8.6198841954005521E-021  -1.5686498628644385E-013   2.1337282658749453E-020  -3.5013864369749280E-013   1.6836523806920588E-012   1.1060667605502972E-021   9.8209897058480074E-013   7.9587266408721456E-021   1.6708658004184055E-012  -4.7340565250637381E-019   8.7779850594649567E-021  -8.0236316503781052E-020   2.5686774057534574E-019  -1.1048601966177445E-020   3.5316655724105635E-019  -3.3575442944112749E-020   7.4949734695439937E-021   8.7781818543249313E-020   1.0530769265473884E-019   3.0375112635777904E-006  -1.2661272439255493E-008  -6.0116815865539879E-019  -6.0507741812897694E-010   6.3378625737808184E-009  -2.5745321040556051E-020   6.3234098620521503E-009   4.0150281401984208E-018   3.2333626599905169E-020   5.4653977509500788E-020   6.4334553953503605E-008   1.9100089398802350E-005
  -1.6318025616167252E-015  -3.4701383939814242E-020  -4.4514591956210445E-017  -1.5980188731096578E-007  -7.2219918422984844E-016   3.0225009489272133E-019  -2.1522935634643533E-017   4.8156781569617511E-007  -4.9517621148105658E-008  -2.3795198200420476E-018  -2.3664283738461066E-009   2.4787072493777627E-008  -3.5233723600764644E-019   2.4730548624105628E-008   5.3478165082525414E-017   7.4566293607314764E-019   5.6854596112470130E-018  -3.5684569643855061E-017   3.2136040802169589E-019  -3.6339004019162394E-017   1.9007535718214058E-018  -2.6788040831270450E-019   2.1672339485607197E-019  -1.1774662896975536E-018  -6.8442227206055564E-016  -6.0968840481633267E-018  -2.2517421150411616E-017  -1.1478537484065159E-006   1.6560437998359143E-008   4.1929066004653018E-019   7.9141706574903520E-010  -8.2896708460768017E-009   3.5553107247879136E-019  -8.2707672505897826E-009   1.3198840562750664E-009   3.6127124476938877E-020   1.3782842982440769E-010  -1.1625815685310191E-009  -6.1250072446445594E-020  -1.1559533451229201E-009  -1.6241971522134322E-019  -4.6290637553554961E-011   1.7625524905358983E-019  -1.0332542580829281E-010   4.9684358023769628E-010  -7.1322066250693793E-021   2.8981612456594136E-010   4.9698348663492030E-020   4.9307029699345276E-010  -2.4909465161640313E-017   9.8093233621541392E-019  -1.9552017369291465E-018   1.5875276525555522E-017  -3.2099767169748581E-019   1.7488316846676916E-017   1.0734225636114637E-018   1.4196897682301805E-018   2.1537964217104861E-018   4.7953279577920893E-018  -1.6173146223687944E-016   2.4376811111498947E-018  -4.3759878396799617E-018  -2.5603275922974975E-019  -1.2474931897114881E-019  -3.0131377243353337E-019   9.7398859906765542E-020   3.1209926185764194E-020   1.2305075746403278E-019  -2.2785846158374536E-019  -1.3169924398757277E-019  -1.0616056020895557E-019  -1.9254179969052664E-019  -1.5729600622585746E-020   6.5548160565153564E-021  -2.0110811501967508E-020  -1.6324373904629059E-021  -7.0052934226372760E-020  -3.6924338720292641E-019  -2.3113251288224899E-019  -2.5330975212937304E-019  -2.1272656433683208E-019  -9.0158609507078307E-020  -6.5919220883779760E-019  -1.1420612671307930E-007  -5.2189996371826680E-018  -5.4578675721338601E-009   5.7168245874466467E-008  -3.5091852558321702E-019   5.7037880743674174E-008  -4.6849013263551961E-011   5.7612819523124714E-020  -4.8921923269807245E-012   4.1265602757360544E-011   7.6176742336042251E-020   4.1030332126781802E-011   9.0288680105721732E-020   1.6430768958783520E-012  -2.2349663227840874E-019   3.6675151634093519E-012  -1.7635358870679820E-011  -1.1585458186600813E-020  -1.0286961840465549E-011  -8.3363408073454777E-020  -1.7501426276018002E-011   1.1750676700525341E-017  -9.1944701644604535E-020   1.3435683818329188E-018  -7.2554428242560805E-018   1.1572820076276660E-019  -8.2467720161002194E-018   3.5168482037295719E-019  -2.0440943166023732E-019  -9.1946763494711425E-019  -1.3842141236320013E-018  -3.1816307107829288E-005   1.3262006206645661E-007   6.2969151715011322E-018   6.3378625752085007E-009  -6.6385723230903733E-008   2.6966847848043184E-019  -6.6234338799703768E-008  -9.5718000664130898E-017  -3.3867745965715250E-019  -2.0525351665807301E-018  -6.7387006947882653E-007  -2.0006322853384444E-004
