   1.0606163670543227E-007   9.7443114804181762E-018  -1.4972469819055531E-017  -1.5100047114689813E-015  -3.9892169177419846E-007  -2.7934969133534654E-017   5.5268040008045800E-017  -3.7373125615326340E-015   1.4046866590845924E-006   5.4576764471555368E-017  -1.6966845111228033E-016  -4.3711970077138920E-019  -1.2973987001562393E-019  -1.9675975991967680E-019   5.7606116938792256E-019   1.3313665933920668E-019   6.0974296406765031E-019  -1.9712969993300906E-017   6.3011872581006752E-019   4.5310734151577889E-019  -9.1875972136669161E-018   3.8144002070918291E-019  -6.9382540023101896E-018  -9.7467606045444182E-019   7.7499253109135672E-021   6.7225388673213995E-020  -1.0657488499808695E-018  -1.7207338454830063E-006  -5.4596724997236362E-017   2.0460694887828707E-016  -2.0640483933637762E-015   1.5348685109181131E-019  -7.1552678179206539E-020   1.9692170074635597E-019  -1.5430935415209595E-020   1.0992676084487521E-020   4.6856265861790577E-019   2.6721456500004425E-019  -2.1902394746384876E-020  -2.4607075994836764E-019  -1.3042455329667855E-019   2.3589093491963822E-019  -5.8621927080376292E-020   4.7101036728308847E-020   4.5906069996517644E-020  -1.4598553701785299E-022   8.8256254063743579E-019   5.2920992084250663E-019   2.5260200753819471E-019   5.0032013129616268E-019  -2.6772355443364787E-019   2.2827369902230538E-019   1.3536844975331891E-017  -1.0917584969990615E-018  -6.4094541663153848E-019   8.3149735304647519E-018  -6.1636583682607309E-019   5.4745621288346994E-018   1.3178885765433922E-018  -1.5453224516633184E-019  -2.9854153959685253E-019   1.3104140946741779E-018  -1.0120197820818809E-017   2.9594634426966787E-021  -1.5234464057908915E-019  -5.0742177792812146E-018  -6.3168526095707969E-021  -4.9796141579718485E-018  -1.1449165920053943E-019   9.3296425023470484E-020   8.7037498094408707E-020   2.3616531990272620E-021  -4.6718874045366482E-018  -1.1670082743577319E-020  -2.1224325646525025E-018   8.8584485033298363E-021  -4.6010909378820801E-018   1.1250969016150467E-019  -3.0340001418837016E-019  -1.9741670915995027E-019   1.8728318886649379E-019   5.3118875130034937E-020  -2.4917700428643505E-019  -7.2695736089417352E-010   2.1496014098039131E-017  -3.9916631063683380E-017   4.6086128433556347E-004   9.3275938477097071E-015  -4.7502466365916662E-014   1.8229551867423593E-019  -1.0513840155582965E-019  -1.0962841311986178E-019   3.6252316216290437E-019  -3.5936905917868644E-021  -3.3538134455472947E-020  -4.8276363869948739E-020   7.2052865472924417E-020   1.8246947779496209E-019   6.2766866935112430E-020  -3.1032594947301362E-020   6.3361504781337036E-020   2.6026075773497018E-019  -5.9804785601928466E-020   1.9540518940321334E-019   7.0598920720375820E-018   5.5949159922499532E-019   2.1642723334572803E-019   3.5650019578844193E-018   3.3692324858535653E-019   4.5324103452405097E-018  -6.2629007754429394E-019   1.9125349228807371E-019   2.1774805456923291E-019  -6.3443819075737424E-019   1.9658708737624241E-019  -5.1876599100262915E-019  -4.2053462692286559E-019   4.5846985410314104E-019   1.4653167408200586E-019   6.8873115585541422E-019   7.4060829051534264E-016   1.7169033457885208E-019   1.8844268209905253E-019   1.1159373970482495E-019   1.8667971701166370E-020  -1.0533090818670758E-019  -1.9556449866178016E-019  -1.5234548860455287E-015  -1.1180330006419184E-015   9.7498012569299417E-015
   9.7443114804181762E-018   1.0606163674416147E-007  -2.2474438345541520E-017  -5.2541124955608920E-016  -3.3954671926788120E-017  -3.9892169189835787E-007   7.6622320926510590E-017  -1.4632622449609640E-015   1.0747766865127224E-016   1.4046866593994561E-006  -2.2810087672030565E-016   1.2285530600687080E-018  -5.3694728564950817E-019   8.1742543707920280E-020   9.6719130445019066E-019   5.0363327819806378E-020   7.5594273581170346E-019   2.2805520645679963E-019  -4.4387051437416712E-018   2.3568879834020429E-019  -1.2392365677673476E-018  -6.9958041139995448E-021  -4.1852317877532533E-019  -5.5335043736168247E-018  -7.8155972738869263E-019  -3.3797473768953778E-018   7.0171291397130689E-019  -1.2461608467161047E-016  -1.7207338458590902E-006   2.6929878856557845E-016  -5.4531827290188614E-016   1.2933411705117601E-018   2.9891738677955390E-019  -7.1033503181662176E-019   3.8350462095498106E-019  -1.9877446188031475E-019   5.1246647575938266E-019  -1.1432576737647960E-019  -4.0518613541191668E-019   7.9572547504032998E-020  -5.3666319652965905E-019   8.7020947001429804E-019  -1.6989932593030193E-019   4.7527636719678154E-019  -7.6784561480862800E-019   1.1157242163975355E-018   1.2348287493251214E-018   3.7955061130399863E-019   3.0633423446653007E-018   2.5374897061585192E-018   2.0628639689990698E-018   2.4480293426126300E-018  -2.2555717883256262E-018   1.3455453829609187E-018  -9.1638287538366549E-020   1.7575256731572301E-018  -5.1880902897263604E-020   4.5187101628478960E-019  -4.4108399492714538E-018   1.1625520032700426E-018  -4.0688939271491968E-019  -3.6044802449235568E-019   1.1609595504436739E-019  -1.4669954108631447E-018  -9.3368486888641319E-020  -1.8277528428581986E-019   1.6010448582348440E-020  -1.4343764552711659E-019  -1.4414779832912294E-018   5.1115321870465249E-021  -8.7062260533668758E-019   3.6753271384463321E-020  -2.1157400187204539E-019   4.0290496225465557E-021  -6.3098053033791706E-020   2.2426212860923882E-020  -2.8149368364050886E-019  -2.5571281842952869E-018  -6.1778380727613887E-020  -1.3569107932104616E-018  -4.7646481534150078E-020  -1.2220519079363310E-018  -1.0068957404013911E-020  -4.3647346850522835E-018  -7.2695725531452479E-010  -2.9114926938151040E-017   3.3032241585740625E-014   4.6086128441982007E-004  -6.5894296757922216E-014   1.0632387739885439E-018  -1.1660384764795377E-020  -7.5655196746529744E-019   6.9611737824905517E-019  -1.4585182862907256E-019   7.2077820477222951E-019   2.2347789348235987E-019  -2.2855445081382696E-019   2.4673706206574881E-020  -8.3689855853707720E-019   7.7660798584955648E-019  -6.1677407141791000E-019   5.8256083923849465E-019  -2.2026940573936467E-019   9.3862052809432873E-019   1.5224712128357657E-018   2.6539007743953276E-018   1.2401731037439507E-020  -5.4530709756358757E-019   1.5671304486108303E-020   1.2604334062085673E-019   8.7494970204407645E-018  -4.5272044236341082E-019   3.6479508024668136E-018   9.7763695177741817E-020   2.0420888447237172E-018  -5.1561454875457298E-019  -4.2254830266620409E-019   1.7609020583499459E-018  -5.8804149235194040E-019   1.3772654823574601E-018   6.4913251680725381E-015   2.1550282693850095E-021   1.2671532045946744E-019  -1.1853693567758979E-019  -7.3479144540849738E-020   7.8656082305392763E-020   2.2545315920338480E-019  -5.7433535794033252E-016   2.4741725157580011E-014   4.0453952604620865E-014
  -1.4972469819055531E-017  -2.2474438345541520E-017   1.0606163675087933E-007   1.2811055822114308E-014   4.5893268411980524E-017   7.3353782828078408E-017  -3.9892169192798957E-007   3.2411908918841556E-014  -9.5583084901064311E-017  -1.6567071584366983E-016   1.4046866594805053E-006  -4.9775242406358736E-019  -4.2537212503088329E-019   4.4137013629824246E-019  -9.8242729061580954E-020  -2.2419730229507254E-019  -4.2453196441211024E-019   1.7439931290716519E-020  -1.8649869692998658E-018  -6.5881272751995991E-018  -9.5922412312170142E-019   8.5670005513740575E-019  -1.4837001564051853E-019   1.9701705042126061E-018  -6.3542153024300603E-018  -1.8646124459667094E-018  -1.8353244195558214E-017   1.0366379639786686E-016   1.8265445755376021E-016  -1.7207338459229495E-006   1.6873427423704784E-014  -7.0747002775621799E-019  -2.3654283069872829E-019   6.7210166148264687E-019  -6.8241248474002956E-019   2.5801305378053068E-019  -8.1880473737722299E-019  -2.7475394652800570E-019   3.9696236510614111E-019   9.5138717256082406E-020   7.6612951020208373E-019  -7.3172631462331955E-019   1.3983664384051898E-019  -1.2443887354193413E-019   2.5567632706795262E-019  -1.0489200404026802E-018  -5.9513971736972388E-019   1.3641528871946372E-018  -4.3249197084842312E-018  -2.6696357966792489E-018  -9.5512354048327210E-019  -1.5147947543370458E-018  -1.8011780123994248E-018   2.1021455762823221E-018   1.4986082464413661E-018   1.7320102456236854E-018  -1.1711933426366678E-018   2.5442348115336399E-019  -3.5656857084675833E-018   1.4828482030731248E-018   2.3168303131019561E-018   5.7357734061431458E-018   1.2499825653070670E-019  -2.2656719020140617E-020  -3.6771945034429768E-018  -3.0213651515793447E-019  -5.4618729481374160E-020  -1.1548217296483175E-019  -5.7975854446331073E-020  -1.8956571845101862E-018   3.7046545946151584E-019  -4.2628076800276354E-018  -5.5744279797076352E-019  -3.7432533686549658E-022   1.5492604430552633E-019   2.1935823018515589E-020  -4.6692689679819345E-019   5.7731392486964888E-020  -3.4408431602741986E-018  -5.5238828030656537E-021  -3.8244231325748588E-018  -1.5974303073455154E-019  -8.9010675080532830E-018  -4.9279393320751311E-017  -8.2351548837860531E-017  -7.2695727835349877E-010  -1.7651810364662409E-014  -3.1882802807773668E-014   4.6086128443438947E-004  -1.2174771956740401E-018  -2.3507973611721458E-019   9.0285753637107720E-019  -3.0599399265914453E-019  -3.5760261456598151E-020  -4.9272497477584622E-019  -1.2212700581007935E-019   2.0242696522331141E-019  -1.3200591121401318E-019   6.7333474536737860E-019  -6.9032436449892778E-019   2.2787966175323029E-019  -7.9025127872818116E-019   2.8830224368417766E-019  -9.7599411543357723E-019   1.3304242642402532E-018  -9.2352332712180499E-019   5.9213797570115169E-018  -3.5102655532721581E-019   5.5277047337261405E-019   1.9144848535700144E-019   1.7147495283289676E-018   5.9544113461494132E-018  -1.0478922997387133E-018   1.1613570923110657E-017  -2.1869701142014708E-018  -6.6803777244543362E-019   1.3535903514255091E-018  -9.5125314707698451E-019   1.8645763167037392E-019  -1.1191508458662481E-018  -2.6637307413602956E-014   3.5253929276985890E-019   1.6188481806811842E-019  -2.1373525203704524E-019  -3.9603591318008430E-020  -3.3341507281073389E-020  -1.9069768761259143E-019   1.3131886614732771E-014  -7.2586627079204845E-014  -5.0608591125742473E-015
  -1.5100047114689813E-015  -5.2541124955608920E-016   1.2811055822114308E-014  0.11221172557375458        2.0549021571905207E-015   7.7543376635258960E-015  -2.8131621199030630E-014  0.28014842092170494       -4.4241150914604134E-015  -1.6163397075677977E-014   2.9856110281562309E-014   1.3838089357252558E-013   4.9235673075993559E-017  -5.6447368605281054E-017   1.3365323020965485E-013  -3.9484413961195007E-016   1.2005008183247457E-013   7.7871668281222322E-016  -6.9964712126413882E-016   2.7588823105025722E-016   2.4992848920167397E-016   4.1402454550495671E-016   7.8301605515940845E-016   4.5088960086955131E-016   1.1849665559499066E-016   5.1896181595929393E-016   2.0150785300236309E-017   3.7743591930863238E-015   1.3805816572311543E-014  -2.0055466194439670E-014  0.15241619262251718        1.9886878214584750E-013   1.7047476599516371E-018   7.3145257198254186E-018   1.2422435878302791E-013  -3.2200833907798326E-017   1.2678037445118745E-013   6.2006987963392176E-017   3.9697834123158780E-017   4.0931322318424461E-017   5.9510994840975081E-017   2.0060068701595739E-013   7.0658064445867629E-017   1.3632445181536520E-013  -1.1239912920355634E-016   2.4241121040184312E-013   3.3333941407005760E-013  -2.3206214743432297E-016  -8.6473247897341812E-018   3.2662711413934428E-013   7.8154940076089831E-016   2.2729731926229856E-013  -3.5462160731998203E-016   8.6117561252264487E-016  -3.7893617075987253E-016  -4.5765897991861895E-016  -4.3884528758603093E-016  -1.1245293163289384E-015  -5.0220773714680621E-016  -2.1305288252432389E-016  -5.2955963897065824E-016  -5.4882939473233217E-017   4.0883910407924270E-016   1.0940800227480145E-016   1.0352168097466300E-016   2.7938730822478098E-016  -4.4569376651884736E-017   3.2852492143094794E-016   4.4974154381887456E-017   5.3861267870855833E-017  -9.8557440986325412E-019   1.1200719177019360E-016   1.9755183685690076E-016  -1.4900807571887509E-017   1.1627380065307706E-016  -8.9927550527919069E-018   1.1374124075213805E-016   6.1306091417430876E-017   1.3266663917783517E-016   5.3663819797906232E-017   1.7774975720217286E-016   1.0177466193180219E-017   2.4920890587047962E-016  -5.0391464923568400E-015  -1.3874143132152691E-014   1.9251612511070353E-014  -3.1585519776325489E-014  -2.4204147225496885E-015  -1.3714166806459526E-014   1.9986905132366515E-013   6.3113509884820281E-017   3.0498219618003982E-017   1.1504663526876878E-013  -4.1545597512660955E-017   1.2993809737380517E-013  -3.5262041893185408E-018   1.7535878418616051E-017  -2.5982072298630840E-017   1.5432376164160630E-017   1.9772389353597965E-013  -1.4010219543468203E-016   1.2681401324515832E-013   4.5722135620405211E-018   2.3945768157039486E-013  -1.2760164519051757E-016  -4.1549276812679408E-016   1.4091633978868371E-016   1.5881337850503068E-016   1.8070586313103253E-016   4.7034225281420237E-016   1.8960298186240179E-016   2.1227413666981085E-017   1.9867436947423551E-016  -1.1671950249475558E-017   3.2855502242690725E-013   1.9997031677166779E-016  -1.2810352308652160E-019   3.3644071604225737E-013  -2.9747348206909863E-016   3.6651846153860268E-013  -7.5279610579932238E-002  -1.9106217098893215E-014  -5.7025654745166995E-017  -1.6291338767538490E-017  -1.8230232379658897E-014   7.2163111819926051E-017  -1.2277148009311345E-014  0.11350784950958420        1.1479935840318244E-003   3.5470501736659724E-005
  -3.9892169177419846E-007  -3.3954671926788120E-017   4.5893268411980524E-017   2.0549021571905207E-015   1.5004342862440274E-006   9.4929906674087840E-017  -1.6867770277031242E-016   5.0494493994460100E-015  -5.2833427416453568E-006  -1.6957113912089349E-016   5.0013746106929686E-016   1.6441055909760872E-018   4.8798085765718817E-019   7.4005775075473394E-019  -2.1666957443655648E-018  -5.0075694686227489E-019  -2.2933805560314165E-018   7.4144917841261829E-017  -2.3700183772680982E-018  -1.7042387124602609E-018   3.4556621391755333E-017  -1.4346817861600123E-018   2.6096335211639654E-017   3.6659760777430686E-018  -2.9149213124353138E-020  -2.5284982015769237E-019   4.0085213433742590E-018   6.4720673568301169E-006   1.6161292043144553E-016  -6.0049438463282560E-016   2.7817158148926003E-015  -5.7729860691123840E-019   2.6912573026283870E-019  -7.4066684673147658E-019   5.8039217170602538E-020  -4.1345929411013174E-020  -1.7623696445313798E-018  -1.0050541330882843E-018   8.2379837158012097E-020   9.2552752253652468E-019   4.9055610544678540E-019  -8.8723891663996576E-019   2.2049026443354541E-019  -1.7715760754333881E-019  -1.7266306346308946E-019   5.4907528435973937E-022  -3.3195164101420880E-018  -1.9904776458806319E-018  -9.5009301454375281E-019  -1.8818166595520846E-018   1.0069685570680887E-018  -8.5858878197845983E-019  -5.0915121306685733E-017   4.1063494789374616E-018   2.4107399988368550E-018  -3.1274487278086439E-017   2.3182906661270225E-018  -2.0591060575663597E-017  -4.9568756132890370E-018   5.8123056157850833E-019   1.1228819364920017E-018  -4.9287624054240586E-018   3.8064342218152735E-017  -1.1131208281833920E-020   5.7300248872051442E-019   1.9085275353312248E-017   2.3759104695827296E-020   1.8729449836791823E-017   4.3062890407643807E-019  -3.5090885680346510E-019  -3.2736762389055101E-019  -8.8827089055348001E-021   1.7572020243063272E-017   4.3893808316911289E-020   7.9829466682432932E-018  -3.3318618997661787E-020   1.7305738794590638E-017  -4.2317427247324154E-019   1.1411557537612113E-018   7.4252868468068138E-019  -7.0441423331316466E-019  -1.9979204726884001E-019   9.3721080760885413E-019   2.7342502837386166E-009  -8.0869825918531682E-017   1.5020686573062715E-016  -1.7334030374335774E-003  -2.3368997418721319E-014   1.3338348009018413E-013  -6.8565449032091734E-019   3.9544919658846258E-019   4.1233714069347491E-019  -1.3635312266870083E-018   1.3516679316467678E-020   1.2614446897940999E-019   1.8157827228277650E-019  -2.7100704729291062E-019  -6.8630878270473140E-019  -2.3608031642692775E-019   1.1672056849118545E-019  -2.3831688317713484E-019  -9.7889930307883633E-019   2.2493926159916640E-019  -7.3496291455504816E-019  -2.6553843374619860E-017  -2.1043738548185872E-018  -8.1403154645651848E-019  -1.3408774901035679E-017  -1.2672441847434097E-018  -1.7047415624586367E-017   2.3556179693158304E-018  -7.1934743922799813E-019  -8.1899945148188087E-019   2.3862648562969490E-018  -7.3940830524572503E-019   1.9511956745894737E-018   1.5817254006448415E-018  -1.7244083452345185E-018  -5.5113861278939203E-019  -2.5904729377587951E-018  -2.3491381667658995E-015  -6.4576599889872562E-019  -7.0877534880145885E-019  -4.1972917651544939E-019  -7.0214444400243689E-020   3.9617325731320852E-019   7.3556210360968831E-019   2.0702851102979879E-015  -3.8748880981072826E-015  -2.4365861290232351E-014
  -2.7934969133534654E-017  -3.9892169189835787E-007   7.3353782828078408E-017   7.7543376635258960E-015   9.4929906674087840E-017   1.5004342866301158E-006  -2.4615218083085155E-016   1.9948357861351876E-014  -2.8881804478055574E-016  -5.2833427425447533E-006   7.0990142528343526E-016  -4.6208646170654887E-018   2.0195796165706605E-018  -3.0745210836143975E-019  -3.6378242180372244E-018  -1.8942781342403447E-019  -2.8432707965598831E-018  -8.5776697149976763E-019   1.6694969266425054E-017  -8.8647862721485439E-019   4.6610477019243507E-018   2.6312793978549516E-020   1.5741598908822961E-018   2.0812755625752052E-017   2.9396220766603243E-018   1.2711990717728590E-017  -2.6393002338670281E-018   3.2730841248326853E-016   6.4720673578956801E-006  -8.3154841939721340E-016   9.8700929607922629E-015  -4.8645472812758807E-018  -1.1242955826018293E-018   2.6717299619241352E-018  -1.4424472046706316E-018   7.4763549827065442E-019  -1.9275017718096989E-018   4.3000494767849230E-019   1.5239962688597755E-018  -2.9929026414452843E-019   2.0185110931710277E-018  -3.2730537021480744E-018   6.3902961173597633E-019  -1.7876214011654991E-018   2.8880402111302478E-018  -4.1964899303781982E-018  -4.6444688869497472E-018  -1.4275752921606888E-018  -1.1521920163291790E-017  -9.5440699945358632E-018  -7.7588957696966702E-018  -9.2075894328307695E-018   8.4837132608127553E-018  -5.0608990883209581E-018   3.4467222873005902E-019  -6.6104497022289678E-018   1.9513575522602966E-019  -1.6995886149702435E-018   1.6590161997538942E-017  -4.3726197930641665E-018   1.5304026028725865E-018   1.3557261619003936E-018  -4.3666302263752175E-019   5.5176999834169384E-018   3.5117989823995181E-019   6.8745898941587518E-019  -6.0218901311877047E-020   5.3950127450249269E-019   5.4217231940122497E-018  -1.9225623023132695E-020   3.2746076091455712E-018  -1.3823732692289699E-019   7.9577744927231243E-019  -1.5154162633237686E-020   2.3732598162777647E-019  -8.4350035057566815E-020   1.0587611124064812E-018   9.6179347499002552E-018   2.3236239752001043E-019   5.1036469546925556E-018   1.7920914347092320E-019   4.5964123284099446E-018   3.7871616402665091E-020   1.6357012245248172E-017   2.7342498864823597E-009   1.0958440710975568E-016  -8.6370572967648783E-014  -1.7334030376570204E-003   1.9927396814867838E-013  -3.9990803679084085E-018   4.3857332110984764E-020   2.8455622610014812E-018  -2.6182541593119142E-018   5.4858156097535110E-019  -2.7110090785297610E-018  -8.4055066571360080E-019   8.5964474060622590E-019  -9.2803363459841231E-020   3.1477638773142756E-018  -2.9209974489173072E-018   2.3198261279040265E-018  -2.1911424520126639E-018   8.2848282095306289E-019  -3.5303630898331777E-018  -5.7263569627346361E-018  -9.9819182462822372E-018  -4.6645703020931081E-020   2.0510227512361186E-018  -5.8943304150459673E-020  -4.7407737799821697E-019  -3.2908827940246424E-017   1.7027834975833243E-018  -1.3720764177723796E-017  -3.6771126691660989E-019  -7.6807558315894410E-018   1.9393423909033273E-018   1.5892992883252572E-018  -6.6231490286077601E-018   2.2117564299203051E-018  -5.1802055026084934E-018  -2.9373488526081823E-014  -8.1055483603269313E-021  -4.7660484591660631E-019   4.4584409957384302E-019   2.7637160217762112E-019  -2.9584323225541203E-019  -8.4798008601818252E-019   8.0081191761582788E-015  -9.7343212138857967E-014  -1.1017776730807911E-013
   5.5268040008045800E-017   7.6622320926510590E-017  -3.9892169192798957E-007  -2.8131621199030630E-014  -1.6867770277031242E-016  -2.4615218083085155E-016   1.5004342867579824E-006  -7.1649468684015280E-014   3.4564575662522014E-016   5.1837625026361862E-016  -5.2833427429073994E-006   1.8721589328889615E-018   1.5999203201135559E-018  -1.6600924417140107E-018   3.6951303369239837E-019   8.4325652409728248E-019   1.5967602976125098E-018  -6.5595506994622699E-020   7.0146358288882602E-018   2.4779429770541003E-017   3.6078578632918014E-018  -3.2222417639696891E-018   5.5805302948249349E-019  -7.4102547817322842E-018   2.3899634183958876E-017   7.0132271629165569E-018   6.9030683017911994E-017  -3.7291986168549562E-016  -5.5868803479610635E-016   6.4720673582066750E-006  -3.6492023687423749E-014   2.6609540623580148E-018   8.8969083563246275E-019  -2.5279256492055123E-018   2.5667069932390996E-018  -9.7044517797246659E-019   3.0797089600919437E-018   1.0334114442625097E-018  -1.4930648174730642E-018  -3.5783813274857575E-019  -2.8815855553850716E-018   2.7521874183360566E-018  -5.2595709682778053E-019   4.6804263493720968E-019  -9.6165622274930658E-019   3.9452244328284207E-018   2.2384544804466191E-018  -5.1308861006826032E-018   1.6266996629236818E-017   1.0041101233519308E-017   3.5924346487470726E-018   5.6974840861585692E-018   6.7746359772515783E-018  -7.9066427374788988E-018  -5.6366029740053836E-018  -6.5144804360975649E-018   4.4051218157671776E-018  -9.5694398759506460E-019   1.3411346640817234E-017  -5.5773259033967591E-018  -8.7141203623155985E-018  -2.1573534992215625E-017  -4.7014658158457070E-019   8.5217020741533810E-020   1.3830756320593400E-017   1.1364034492490994E-018   2.0543333709720656E-019   4.3435444948875470E-019   2.1806023992311788E-019   7.1299934125816599E-018  -1.3934039904465199E-018   1.6033379308249167E-017   2.0966678522111942E-018   1.4079218582121920E-021  -5.8271172882251365E-019  -8.2505568470515523E-020   1.7562171713922753E-018  -2.1714076316445077E-019   1.2941785712625299E-017   2.0776566837742733E-020   1.4384516338163948E-017   6.0082949930745057E-019   3.3478918665221298E-017   1.8535806663164982E-016   3.0979692355506585E-016   2.7342499731670407E-009   6.1843900369871808E-014   8.5551604303536600E-014  -1.7334030377307832E-003   4.5792058344011921E-018   8.8418780766259396E-019  -3.3958504413806999E-018   1.1509123064793206E-018   1.3450239352754754E-019   1.8532495686441110E-018   4.5934716149290042E-019  -7.6137338560940028E-019   4.9650394858390336E-019  -2.5325635552712917E-018   2.5964653657470203E-018  -8.5710670707180609E-019   2.9723129752627662E-018  -1.0843696397344291E-018   3.6709336148293498E-018  -5.0040251570516620E-018   3.4735791322633938E-018  -2.2271642260244340E-017   1.3202898960382002E-018  -2.0790941877732001E-018  -7.2008085138318585E-019  -6.4495589933342385E-018  -2.2395881502742064E-017   3.9413588360269544E-018  -4.3681254635093755E-017   8.2256869519556093E-018   2.5126404479012795E-018  -5.0911580255820150E-018   3.5778772613176040E-018  -7.0130912717244874E-019   4.2093783074000774E-018   7.7777125052157859E-014  -1.3259796492735172E-018  -6.0888524357477479E-019   8.0390639796489033E-019   1.4895801512785544E-019   1.2540491456102130E-019   7.1725692616622762E-019  -2.9075870650360646E-014   2.3707828873982894E-013   1.8268922362429403E-014
  -3.7373125615326340E-015  -1.4632622449609640E-015   3.2411908918841556E-014  0.28014842092170494        5.0494493994460100E-015   1.9948357861351876E-014  -7.1649468684015280E-014  0.69945904526852309       -1.0790233403488715E-014  -4.1543955523590895E-014   7.7270615716378477E-014   3.4338347813349136E-013   1.2391694286778158E-016  -1.1411466623000547E-016   3.3164653766134432E-013  -9.9078228313959687E-016   2.9757365185249370E-013   1.9983600853474411E-015  -1.7745854198673319E-015   6.0262583659550841E-016   5.9970339331040592E-016   9.7487694330046301E-016   1.9635838468820327E-015   1.0918507384125859E-015   2.3741650488847445E-016   1.3587558535872300E-015   1.5544185422045808E-016   9.0735252193102143E-015   3.5756144034637826E-014  -5.3050061982999694E-014  0.38046946694071476        4.9450183602602879E-013  -3.4548724889685983E-018   2.1040072451931483E-017   3.0900757276822503E-013  -8.0509826993451170E-017   3.1543856374589121E-013   1.5653395564390801E-016   9.8263484625423396E-017   1.0985984372264641E-016   1.4561765846210030E-016   4.9887957253556576E-013   1.7900022457699936E-016   3.3915896730204503E-013  -2.8153916760338613E-016   6.0310001104713362E-013   8.2592461944093989E-013  -5.8791723162413918E-016  -5.7080329424515342E-017   8.0897766047176184E-013   1.9475913065436844E-015   5.6162235863246983E-013  -9.3863503236648363E-016   2.1901366031162194E-015  -8.0268434967930444E-016  -1.1084010795085421E-015  -9.9093423431740747E-016  -2.8165039774363503E-015  -1.1983779138152042E-015  -4.4017353231200598E-016  -1.4215069380895592E-015  -2.9488164627611822E-016   1.0399526489679715E-015   2.7349789489313429E-016   2.5859510071870430E-016   7.0624569194987707E-016  -1.0932714388712985E-016   8.2696697895588408E-016   1.0742926053780465E-016   1.3496373212677965E-016  -1.4402287961644070E-018   2.7676658082647816E-016   4.9054190404406608E-016  -3.6654035967021920E-017   2.9084092761360769E-016  -2.3037536921104726E-017   2.8632953278034464E-016   1.5396192011762899E-016   3.3394088152339858E-016   1.3230371110506032E-016   4.3721743883386099E-016   2.6615482603550694E-017   6.2217993473402706E-016  -1.2674033691684056E-014  -3.6060460485146818E-014   5.1437851748986014E-014   4.1392363653191046E-014  -7.3871962406967111E-014   1.3718041871629195E-013   4.9757204826837255E-013   1.6626516208376947E-016   7.3055044613340927E-017   2.8634145128765738E-013  -1.0370058081421468E-016   3.2346705777145985E-013  -1.1179546401764876E-017   4.4503502521604201E-017  -7.4421038849220725E-017   4.1023824903132978E-017   4.9221170445132257E-013  -3.5316303222927763E-016   3.1571821655631048E-013   1.5326706936207763E-017   5.9634670447594951E-013  -3.2776558593547717E-016  -1.0551124075720998E-015   2.7828419049336721E-016   3.8337376353281690E-016   3.9079312122170989E-016   1.1777404062497947E-015   4.4341970865791850E-016   1.0579414790838649E-017   5.4703323250009885E-016   5.3344225274720612E-017   8.1486589433167134E-013   5.1177446066391965E-016   2.5653279417472526E-017   8.3459624086797850E-013  -7.3560994765180469E-016   9.0952271563604112E-013 -0.18975059037064232       -4.8451663345796561E-014  -1.4897932597817212E-016  -5.0399418130042162E-017  -4.6309115637358996E-014   1.7654933227581276E-016  -3.1401828443714055E-014  0.28339055177102335       -4.4244470430959051E-003  -1.1336156916244297E-004
   1.4046866590845924E-006   1.0747766865127224E-016  -9.5583084901064311E-017  -4.4241150914604134E-015  -5.2833427416453568E-006  -2.8881804478055574E-016   3.4564575662522014E-016  -1.0790233403488715E-014   1.8603754114131761E-005   4.3705647884554110E-016  -8.8675934020658665E-016  -5.7892394336268388E-018  -1.7182825976163788E-018  -2.6058980266503679E-018   7.6293885996980368E-018   1.7632698775643730E-018   8.0754723003801841E-018  -2.6107975344107180E-016   8.3453300855060654E-018   6.0009807216225128E-018  -1.2168108692292738E-016   5.0518144460169704E-018  -9.1890650918935854E-017  -1.2908668027769526E-017   1.0264046806710290E-019   8.9033706657791467E-019  -1.4114841520126466E-017  -2.2789501950628568E-005  -3.7302599771348267E-016   1.0434175260922731E-015  -5.9308239337185393E-015   2.0327890638859582E-018  -9.4764794885330566E-019   2.6080427815482708E-018  -2.0436821363170728E-019   1.4558765976141992E-019   6.2056718891834622E-018   3.5390056781487893E-018  -2.9007662531032538E-019  -3.2589758600160129E-018  -1.7273505824268910E-018   3.1241536780120942E-018  -7.7639230766474339E-019   6.2380896781143493E-019   6.0798273658728384E-019  -1.9334054248115828E-021   1.1688711130549557E-017   7.0088878406168566E-018   3.3454760890723080E-018   6.6262697997981802E-018  -3.5457467660868979E-018   3.0232705655918272E-018   1.7928278436518134E-016  -1.4459314820876160E-017  -8.4887194267232689E-018   1.1012400667952447E-016  -8.1631860040140668E-018   7.2505428216801855E-017   1.7454195115448482E-017  -2.0466342946025517E-018  -3.9539020010962886E-018   1.7355202639914217E-017  -1.3403250513374944E-016   3.9195311218489769E-020  -2.0176615336486959E-018  -6.7203243710865321E-017  -8.3660773785209062E-020  -6.5950307692635394E-017  -1.5163343809175786E-018   1.2356234303536848E-018   1.1527298302325611E-018   3.1277872026563182E-020  -6.1874756168154265E-017  -1.5455927373942906E-019  -2.8109623809015728E-017   1.1732182173816781E-019  -6.0937123530070976E-017   1.4900850654113264E-018  -4.0182479347395245E-018  -2.6145987014330852E-018   2.4803897492701352E-018   7.0350955889614404E-019  -3.3001151543039809E-018  -9.6278667602259227E-009   2.8484238415183926E-016  -5.2936225561161606E-016   6.1036744095577418E-003   2.9780215890728653E-014  -1.8281391631804187E-013   2.4143327770461355E-018  -1.3924592779413277E-018  -1.4519252581661527E-018   4.8012784549043316E-018  -4.7595053144979396E-020  -4.4418104045580298E-019  -6.3937505014054862E-019   9.5427245939439114E-019   2.4166366756447946E-018   8.3128814000397243E-019  -4.1099751661439047E-019   8.3916355869918332E-019   3.4469090562277269E-018  -7.9205815650917477E-019   2.5879580466589752E-018   9.3501632789483152E-017   7.4099401968590663E-018   2.8663752273319642E-018   4.7215099119696133E-017   4.4622316535164144E-018   6.0027513653811197E-017  -8.2946232396266813E-018   2.5329726946216060E-018   2.8838682543563494E-018  -8.4025373273561892E-018   2.6036111981673007E-018  -6.8705678085384937E-018  -5.5695857460602781E-018   6.0720022244644922E-018   1.9406742543865742E-018   9.1215966802110169E-018   8.0311824261955842E-015   2.2738770607369498E-018   2.4957461511024207E-018   1.4779541619404742E-018   2.4723973558550417E-019  -1.3950088468840927E-018  -2.5900679130023259E-018  -4.4505305412824670E-015   2.0283698851747218E-014   2.9350227785049930E-014
   5.4576764471555368E-017   1.4046866593994561E-006  -1.6567071584366983E-016  -1.6163397075677977E-014  -1.6957113912089349E-016  -5.2833427425447533E-006   5.1837625026361862E-016  -4.1543955523590895E-014   4.3705647884554110E-016   1.8603754115678612E-005  -1.2730029652403788E-015   1.6271030120830327E-017  -7.1113619614878112E-018   1.0826031375206899E-018   1.2809539403913322E-017   6.6701492438962597E-019   1.0011750724578936E-017   3.0203768042583922E-018  -5.8786476355452456E-017   3.1214765305119768E-018  -1.6412523203815472E-017  -9.2652847677204329E-020  -5.5429460022817639E-018  -7.3286062819040000E-017  -1.0351023776858719E-017  -4.4761576364819924E-017   9.2935277740260136E-018  -4.4210737681602173E-016  -2.2789501952396011E-005   1.4253444679297736E-015  -2.0820630325240848E-014   1.7129087719779799E-017   3.9588797454032790E-018  -9.4077196377073700E-018   5.0791580838576179E-018  -2.6325808591457706E-018   6.7871366021898188E-018  -1.5141373004858091E-018  -5.3663094065086811E-018   1.0538635775290215E-018  -7.1075994655378673E-018   1.1525106176635337E-017  -2.2501568319441985E-018   6.2945885790894909E-018  -1.0169393238704129E-017   1.4776718152392698E-017   1.6354145601255976E-017   5.0267909962649962E-018   4.0571089191114157E-017   3.3606665202663816E-017   2.7320693761479964E-017   3.2421846817146431E-017  -2.9872927656189777E-017   1.7820483516518571E-017  -1.2136629571164755E-018   2.3276775109891616E-017  -6.8711378044112372E-019   5.9846067571970622E-018  -5.8417428055470616E-017   1.5396908257282606E-017  -5.3888674490400358E-018  -4.7737951875963434E-018   1.5375817779072018E-018  -1.9428974945651384E-017  -1.2365778280693053E-018  -2.4206867920132189E-018   2.1204333840819695E-019  -1.8996967516046225E-018  -1.9091020609671435E-017   6.7697435473633948E-020  -1.1530577846713058E-017   4.8676251840669757E-019  -2.8020987300640410E-018   5.3360974157970090E-020  -8.3567438598383125E-019   2.9701410420327269E-019  -3.7281191764719649E-018  -3.3866758585364052E-017  -8.1819657260927142E-019  -1.7971007686656190E-017  -6.3103285605897000E-019  -1.6184928546023859E-017  -1.3335388488117953E-019  -5.7296330954303474E-017  -9.6278653605651622E-009  -3.8650445201423031E-016   1.1385985174663424E-013   6.1036744098129925E-003  -2.9921661837887599E-013   1.4081597830993917E-017  -1.5443083364043272E-019  -1.0019819496884160E-017   9.2194201429400367E-018  -1.9316703402854104E-018   9.5460296005812816E-018   2.9597545850724191E-018  -3.0269888135761930E-018   3.2678004005361667E-019  -1.1083934553955471E-017   1.0285442533645559E-017  -8.1685926841400475E-018   7.7154705472021548E-018  -2.9172611807431462E-018   1.2431146327860381E-017   2.0163699781574436E-017   3.5148420554912546E-017   1.6424927433826075E-019  -7.2220798117529451E-018   2.0755169359545623E-019   1.6693255375983577E-018   1.1587886174978764E-016  -5.9958566058632741E-018   4.8313678571040796E-017   1.2947882417787407E-018   2.7045546590836288E-017  -6.8288299192058786E-018  -5.5962549863122515E-018   2.3321491982246421E-017  -7.7880566888749526E-018   1.8240586225166740E-017   5.6074172573016061E-014   2.8541314233355007E-020   1.6782252823872769E-018  -1.5699102648428761E-018  -9.7316219587326626E-019   1.0417258576275881E-018   2.9859151101101601E-018  -1.6787219852275959E-014   1.8186572900031922E-013   1.5325020425175898E-013
  -1.6966845111228033E-016  -2.2810087672030565E-016   1.4046866594805053E-006   2.9856110281562309E-014   5.0013746106929686E-016   7.0990142528343526E-016  -5.2833427429073994E-006   7.7270615716378477E-014  -8.8675934020658665E-016  -1.2730029652403788E-015   1.8603754116647107E-005  -6.5922628816161080E-018  -5.6336538610682183E-018   5.8455324766116221E-018  -1.3011325899749552E-018  -2.9692824773385196E-018  -5.6225267092839347E-018   2.3097548284718040E-019  -2.4699998945102952E-017  -8.7253551588128687E-017  -1.2704021648778138E-017   1.1346186763773493E-017  -1.9650213632467607E-018   2.6093055969613859E-017  -8.4155607435554438E-017  -2.4695038743504845E-017  -2.4307146363453631E-016   9.0847427071105907E-016   1.2906827229877328E-015  -2.2789501953113231E-005   3.7604631456202728E-014  -9.3697754482981776E-018  -3.1327873940091271E-018   8.9013545948674982E-018  -9.0379118235333969E-018   3.4171403130340405E-018  -1.0844298980340761E-017  -3.6388576979438918E-018   5.2573933010528522E-018   1.2600228599005539E-018   1.0146665046444314E-017  -9.6910271685407296E-018   1.8520048726539916E-018  -1.6480759614788112E-018   3.3861925645419888E-018  -1.3891959880210249E-017  -7.8820659430702106E-018   1.8066922413784143E-017  -5.7279495239168238E-017  -3.5356816046138315E-017  -1.2649713284788639E-017  -2.0062032147018598E-017  -2.3854909297880350E-017   2.7840941714537245E-017   1.9847657220360643E-017   2.2938847266484982E-017  -1.5511354673213641E-017   3.3695998024655772E-018  -4.7224154752520052E-017   1.9638930267819080E-017   3.0684239218155514E-017   7.5964925995025617E-017   1.6554843796681090E-018  -3.0006694270079490E-019  -4.8700983895431620E-017  -4.0015140765903273E-018  -7.2337371946433080E-019  -1.5294528067695806E-018  -7.6783568382256107E-019  -2.5106197109628909E-017   4.9064666978414634E-018  -5.6456879824680463E-017  -7.3828057521510007E-018  -4.9575871691143024E-021   2.0518497943706446E-018   2.9051935186398817E-019  -6.1840077445771090E-018   7.6459801252326824E-019  -4.5570732573240778E-017  -7.3158635061983546E-020  -5.0650888663173773E-017  -2.1156462523809916E-018  -1.1788627034963283E-016  -6.5285545009432287E-016  -1.0911455531943585E-015  -9.6278656656404100E-009  -1.0938735540714713E-013  -1.2003922425468636E-013   6.1036744099715254E-003  -1.6124340922498320E-017  -3.1134100833418705E-018   1.1957499201107186E-017  -4.0526028120408542E-018  -4.7361104118772936E-019  -6.5256791200716272E-018  -1.6174573676900831E-018   2.6809548320823692E-018  -1.7482941810935464E-018   8.9176856314731517E-018  -9.1426973005626222E-018   3.0180518672252238E-018  -1.0466135281274371E-017   3.8182921549852618E-018  -1.2926124612230799E-017   1.7620218517022573E-017  -1.2231198166221907E-017   7.8423107598232702E-017  -4.6490166883258703E-018   7.3209252086976663E-018   2.5355551888973123E-018   2.2710245300659708E-017   7.8860579937705030E-017  -1.3878348282048341E-017   1.5381082777623168E-016  -2.8964362968285611E-017  -8.8475322075998420E-018   1.7927031554956031E-017  -1.2598453574773058E-017   2.4694560232859453E-018  -1.4822100762974472E-017  -1.2295621538144900E-013   4.6690515549417653E-018   2.1440122116430364E-018  -2.8307224583843745E-018  -5.2451224931552505E-019  -4.4157691601104445E-019  -2.5256115064580252E-018   3.2021543144572290E-014  -4.1394931660826832E-013  -2.4774177567678021E-014
