   6.5754669243522496E-002   9.9505626807082934E-017  -3.5017219719557508E-009  -7.7398816714572897E-010  -1.2481575332295984E-010  -1.0632346223309119E-016  -4.6086841762731816E-010  -2.6700285342506361E-011  -1.1862479412691325E-017   1.5151632751553708E-010   8.2572250124106891E-002  -5.2086255722568248E-016  -1.1666329729418394E-009  -2.9442803798905873E-010   7.4201178694325940E-011   2.9582581285724067E-017  -5.3405715921379748E-011   3.5746682003329586E-011   1.5829431728142797E-018  -1.3531642530470080E-010   4.4338000605178180E-017  -1.1049105812457153E-011   1.0800243555109979E-017   4.8041936258990750E-011   8.7276129806980074E-002  -1.6255662701038437E-017  -2.3349705181120042E-009  -2.4311185596023157E-010   1.1479365681109980E-016  -6.5838649194278072E-010  -1.0023604088661754E-010   7.0080762620814604E-018   3.4335028078351986E-010   2.9013984811100714E-012  -4.9761253552048824E-017   1.6470642960741251E-011   1.9717098188257877E-013  -1.3165327792328891E-017  -5.2945782193589344E-012  -4.8428620072149496E-017   8.1118510259692551E-012  -3.8713297897902182E-017  -2.2516850739950783E-011  -2.4029599412896477E-012  -3.7806320480854674E-018   4.0231233628026793E-012   9.0516520462207067E-018   7.2349795332709170E-013  -5.0837852186644256E-010   2.5092910679311787E-011   2.6026507911989974E-017  -1.0671159216575828E-011   1.2047247453804594E-011   1.6184710366678312E-017  -4.5819970212714850E-011   9.4495073667070708E-017   3.1561790740409946E-012   4.6009244136743368E-017   5.6012220826769662E-012   1.8850734497586935E-013  -4.8116140047512680E-019  -1.1789438944081626E-013   9.0323578882700794E-014  -2.8996342232345362E-019  -4.3685521819576676E-013  -4.5146144931286068E-018  -1.3894261538663849E-014  -9.9705133272943394E-019   1.6470653677051645E-013   7.5272601386796838E-014  -6.8834111006566675E-019  -2.2259709960853296E-013  -5.7883340184896096E-019   4.7678261019961214E-013  -1.3416459318146395E-017   7.8793125542929135E-014  -4.7841454875677832E-018  -9.2777707237121616E-014  -4.8414240716855802E-018  -3.2877447240335878E-014   5.6592765435945193E-002  -1.1264782118813545E-016  -1.2062388236441118E-009  -6.7461474727244622E-011  -3.9178936857027212E-017  -2.1725340146664566E-010  -2.0849199047265841E-011   3.6643883316021273E-018   8.8311070694369256E-011   2.6071421713193264E-012  -1.3271307159582832E-017   1.0048696205583625E-011   5.7848510303319375E-013  -1.0494287401245267E-018  -5.1582642168389621E-012  -1.3943010439306437E-017   4.9704323040036244E-012  -4.7480188238407829E-018  -1.3753439744644420E-011  -7.4366959757871156E-013  -2.9869420626533134E-019   7.2801668423025123E-013   1.9103429394239882E-020   2.5220313886160519E-012   6.3980955464608878E-011   1.3722805163384184E-011  -7.2768835189153728E-018  -7.0507989878346467E-012   6.5946179280715333E-012  -3.3487002692011626E-018  -2.4957309381250932E-011  -2.3804457818437915E-017   5.7195983779993166E-013  -1.1764783445821679E-017   4.8289892222065545E-012   3.2178266185274390E-002  -2.4690891090177520E-017  -7.3426923763172681E-010  -1.0669004388526915E-011  -5.0091123579929729E-018  -1.6836621156302286E-011  -6.8292446746060019E-012  -5.5121578482945092E-019   1.7498250424055571E-011  -3.3806313109278862E-010   3.2612692504773935E-011
   9.9505626807082934E-017   6.5754669662707113E-002   5.2226302584262422E-016   1.4847926075122876E-015   1.6196343973242064E-016  -5.8121598754505086E-011   2.1282681656812902E-017  -2.1490790752247040E-017  -4.8550435832264244E-010   7.7773060861211945E-017   5.1869428707689097E-016   8.2572250263738337E-002   1.7260761895908896E-015  -2.2633193573249399E-015  -3.3776927068619233E-016   3.4455659898408442E-011  -2.9438307998401048E-016  -2.0310128820077310E-016  -2.5262210121054792E-011  -1.4645043895550442E-016   8.2903990063565246E-011  -3.0120487416471769E-016  -1.4567174414948549E-010  -7.4994187760418759E-016   2.2883832130659566E-015   8.7276130086460998E-002   2.4733225321841654E-015  -9.7963175491504657E-016  -8.6160032652812292E-011   1.0705795529972943E-016  -5.1166528578438535E-016  -7.1970617299813111E-010  -5.2075346029868404E-016   5.2761826404727710E-016   1.9056297901488053E-012  -4.0122139173979835E-017   2.1032213587523153E-016   6.6331542614152079E-012   2.3007028609523191E-016   1.9705942784269435E-012  -2.3540765738730348E-017  -5.2003419566700750E-012  -3.9985886990440418E-017   2.1546393008087798E-016   1.6460186842729722E-011   1.3964899846864474E-016  -2.1404212129591139E-011   2.7030495021871895E-016   2.0541560295189547E-015  -1.6800583708058126E-015   1.0869135949235600E-011  -5.1712164448310127E-016  -5.3526205597648740E-016  -7.9670263709742680E-012  -8.4464423097021261E-016   2.6140175558223768E-011  -4.9234100283007956E-016  -4.5946338635446531E-011  -9.2352035365217494E-016   4.6243321523537363E-016   4.4935102779460347E-014   1.0820568861270884E-016   1.4718546172716062E-016  -6.9572954060118924E-014   2.3240622207484184E-016   6.8290314850374914E-014   6.2613508359433504E-017  -1.7413272537901600E-013   1.1064634997278965E-016   6.4609278002092597E-017  -7.2651025298743401E-014   7.8450184043874626E-017   1.4215754061039723E-013   1.9679820262882965E-016   1.7898306108098104E-013   1.3064651306140588E-016  -4.4708760259936302E-013   1.3270282213349402E-016   4.4486844577583819E-013   2.3354230917200693E-016   4.8594576089448949E-016   5.6592765580371289E-002   1.1199898782117328E-016  -1.8000365158744183E-016  -2.7814889083749039E-011   4.7628899241767283E-017  -7.2369607256024134E-017  -2.3234312816725299E-010  -1.0480723184440726E-016   1.8384959375629782E-016   1.2450453417372844E-012  -3.7147957741069096E-017   5.1617916615287189E-017   4.3338775562474216E-012   6.8883404312321353E-017   1.2874876982452037E-012  -1.3831884807154303E-017  -3.3977663025188173E-012  -3.7212514340753615E-017  -1.5738724340077365E-017   1.0754538061862932E-011   1.0059551796842202E-017  -1.3984929782205652E-011   4.8479283358399968E-017  -1.6290129739743450E-015  -3.2395022715170112E-016   6.0594870912053632E-012   2.8561747368703971E-017  -1.7639712864872635E-016  -4.4404192708762592E-012  -1.3146549766348424E-016   1.4580026654011713E-011   1.8958487635286144E-017  -2.5601302071711114E-011   1.2961852996517520E-017  -9.9748898578377105E-017   3.2178266273167687E-002   3.2029545761619638E-016   6.7044467124653841E-017  -2.4181783148936599E-012  -1.4388365797685633E-017   6.1662055650066491E-018  -2.0199590142710215E-011   3.7193257544344145E-017  -8.9692123856188070E-016  -7.6237036374813207E-015
  -3.5017219719557508E-009   5.2226302584262422E-016   6.5754640412418325E-002  -6.4651231186553562E-009  -2.0169061103102082E-010  -2.7543565853094606E-017   1.4766500620764957E-010  -2.2302611732446625E-010  -3.6692937054129474E-017   4.2471831176470213E-010  -1.1666327719180388E-009  -9.3718256308615610E-016   8.2572240518727191E-002  -2.4595623179108285E-009  -2.3663474790595019E-011  -7.7116445788885466E-017  -4.6152641259723749E-011  -1.1048873543791010E-011   8.7749062236568574E-018   4.2798125166829308E-011  -1.3015595391383881E-016  -5.5218500929876247E-011  -1.0194412277797003E-016   7.5567642242487983E-011  -2.3349724824921882E-009   2.1421150020450776E-015   8.7276110582140784E-002  -7.8417672417832713E-010  -2.8418403820186482E-017   4.2604976860219711E-010  -8.3728037584867464E-010  -5.3804228587055748E-017   1.6214772479293653E-009  -1.7877967052047971E-011   1.3934854170065825E-017   1.5591937812135384E-011  -1.1103027849831779E-011   4.3976859333667066E-018   4.2501647268790107E-011   1.0404938432538054E-017   7.1514102552668470E-012   1.1951186854406466E-017  -2.0922267714928288E-011  -2.0072387779331778E-011  -1.1920716709326126E-017   4.6355441018114093E-011   7.0443585332309389E-019  -5.0586794009234425E-011  -4.2465023641921397E-009   7.0399595366920267E-012  -6.5312474041141540E-016   3.7020575059947163E-011   3.1574138080136807E-012  -8.8538624182725034E-017  -1.2596420995872176E-011  -1.7084586898821304E-015   3.8077711057007300E-011  -8.1218836778127249E-016  -5.5905516670231952E-011   2.2208074524870102E-013   1.8409045850593587E-016   5.9177982382105349E-013   9.9756097454193367E-014   2.5890482862854544E-017  -5.8867744781581517E-013   2.9242536719768399E-016   3.8023196631839108E-013   1.0816414755380265E-016  -1.0792193787042173E-012   7.8394283112020255E-014   2.5871259690013030E-017  -2.7315031628219730E-013   2.6371054282282761E-017   6.0471448337234231E-013   7.6057224263309074E-016   7.0991755126085162E-013   2.9442424544392697E-016  -1.2317466627033471E-012   2.0035627634088996E-016   1.0384409641050074E-012  -1.2062367557984887E-009  -8.7343970475999558E-016   5.6592755504560242E-002  -1.6108497409267583E-010   1.0665661448565097E-016   9.8232278921669806E-011  -1.7415439395258531E-010  -2.1287143388032336E-016   3.3524296645133331E-010  -5.7381933740655437E-012  -4.1482571039779062E-017   4.2337978096943051E-012  -3.4983345113272100E-012   3.6246147032554253E-017   1.3577801954863602E-011  -3.9813303217869448E-017   1.9192563102891594E-012  -1.8725053663918562E-017  -5.6643730541275971E-012  -6.2120890265363962E-012   8.4763707845013056E-017   1.4411580677723683E-011   7.7168615093936036E-017  -1.5933888281115420E-011   5.3440912351216073E-010   1.3290681164522718E-012   9.4239491602898920E-017   1.1399926665011414E-011   5.7166377960025539E-013   1.1422305478300798E-017  -2.3563588167855480E-012   2.3700439049861551E-016   1.1290253469718761E-011   7.5865612053160897E-017  -1.6925590064876794E-011  -7.3426924987412064E-010  -3.0520032193368208E-017   3.2178260139726779E-002  -5.4133016758529043E-011  -2.5116411101357745E-017   2.5672836338008858E-011  -5.7045145979575859E-011   3.8557127228148768E-017   1.1117838547511181E-010  -2.8239375939255216E-009   2.7239587244518086E-010
  -7.7398816714572897E-010   1.4847926075122876E-015  -6.4651231186553562E-009   7.2478138887144869E-002   3.9957454529840500E-011  -3.5126868477690021E-018  -1.7054337421339332E-011   4.1731709768816770E-011   2.6910790679076329E-016  -8.1635266823083389E-011  -2.7384705235688472E-010   2.3608119290382214E-015  -2.2873159386883583E-009  0.20754894265482901       -1.1913795161695762E-010   1.2367348922744688E-016  -4.2357324125467208E-010  -5.4564851222535456E-011   5.7736618480144571E-017   2.1439641905454934E-010   2.6833706736349834E-016  -4.5577279254937058E-010   1.0468205477872839E-016   6.5542461596793520E-010  -7.8499896909133180E-010  -3.3933759082105368E-016  -6.5572816541460807E-009  -9.2073175773875235E-011   5.4010019900600449E-017   3.9411685971977848E-011  -9.6361130480250178E-011  -2.0122332610640588E-016   1.8890171355206876E-010   1.0352221111873121E-011  -5.3353623823749233E-017  -1.0435155863828633E-011   6.5567004027506061E-012   5.0699766251713069E-018  -2.4887585328829137E-011  -4.6600995960127330E-017  -4.8258513332382185E-012  -1.6998208233647105E-017   1.4032111089093554E-011   1.2050620845596539E-011   1.6538721137347374E-018  -2.7851405241803055E-011   4.3410434635624899E-018   2.9937847326785947E-011  0.15074185909641297       -4.6248416614723859E-011   5.8050393132768914E-016  -1.6437782420922581E-010  -2.1183103455636446E-011  -5.5194420105993856E-017   8.3191921458697063E-011   1.3954783336908645E-015  -1.7687270154873743E-010   6.7943767988965441E-016   2.5434318704119859E-010  -1.1256163434704365E-012  -1.4082239185264738E-016  -2.7147979613403244E-012  -5.0763429367174720E-013   1.3332487684686827E-017   2.9807289047500606E-012  -2.0159029100893373E-016  -1.7764138824972875E-012  -1.0434697103710467E-016   4.8809399525175880E-012  -4.0060853159507609E-013   1.6768220716741007E-017   1.3945195992414255E-012   2.2082975675302569E-017  -3.0650329404672043E-012  -4.9111347772040229E-016  -3.3668331162970101E-012  -2.3047654894469475E-016   5.7346682742847812E-012  -1.7870156236419056E-016  -4.8617592657844156E-012  -3.9666641574747746E-010   2.3474191220732810E-015  -3.3132439118755695E-009   8.2278091040466259E-011   1.3328711297859838E-016  -3.5125799621760567E-011   8.5988071607469935E-011   2.4439702579390910E-017  -1.6818874612635572E-010  -7.4189496621464894E-013  -4.4348176278216258E-017   7.3503548120758991E-013  -4.6995612826202303E-013   1.4077698110269875E-017   1.7470794932620872E-012  -5.0741871021244194E-017   3.3993303159419643E-013  -2.6440062360087829E-017  -9.8840356202734700E-013  -8.5779092647752880E-013   3.8799443359335777E-017   1.9590446093018979E-012   3.0647750211493468E-017  -2.0987934518355059E-012  -1.9885708385914314E-003  -1.1542693002016897E-011  -7.0918079035075709E-017  -4.1041040718793399E-011  -5.2864113494754696E-012   4.9403330113011342E-018   2.0774044219166710E-011  -1.9125989515955069E-016  -4.4160925704794617E-011  -8.3350853357219445E-017   6.3507010146069396E-011  -2.1175431104869119E-010   6.3225734879588195E-016  -1.7687591602799504E-009  -2.6718696774711903E-011  -2.3638743352403212E-017   1.1408948932797802E-011  -2.7917418223041214E-011   2.4186042455783212E-018   5.4633477796038833E-011  0.13006174159743444        1.2308075398580691E-003
  -1.2481575332295984E-010   1.6196343973242064E-016  -2.0169061103102082E-010   3.9957454529840500E-011   8.7760434391962551E-019   1.4111035805065283E-025   4.1248404051241963E-019   7.5778219634853207E-019  -9.1247433269060393E-025  -1.6353622336713871E-018  -1.5673895630039691E-010   2.0338762505485083E-016  -2.5327559746077986E-010   1.1442234473195146E-010  -1.3394678497348135E-019   3.3344304799758683E-025   9.4220181219566538E-021  -6.4045898485940448E-020  -6.0314827757906307E-026   2.4378029276946203E-019   6.6729146144243356E-025  -6.0923317904257339E-020  -8.9301036354941262E-027   3.8355008720456750E-020  -1.6566787533103068E-010   2.1497396231099442E-016  -2.6770387879291144E-010   2.8160389368015708E-018  -3.1292137489547407E-025  -3.5352584113223637E-020   2.7053535809044569E-018  -1.7319533140442784E-024  -5.5212011914983203E-018   5.5037123017558601E-020   2.6897408905992859E-026  -8.4842938084502338E-020   3.7296942619327892E-020   3.0659677173167558E-026  -1.3403634313930400E-019   3.9131928794331837E-026  -3.9994072745827374E-020   1.4632614473475070E-026   1.1465267976429851E-019   7.2773184485580760E-020   8.5187605217636834E-026  -1.6517799370775990E-019  -6.9637296817614831E-026   1.7029710254197056E-019   8.3104297708835347E-011  -9.4721061584806817E-020   2.3010086973513857E-024  -1.8391601022227082E-019  -4.4230734814374368E-020   1.9081570309379502E-025   1.7147487222978840E-019   5.8952596014392292E-024  -2.2029385565080460E-019   2.6656541238541423E-024   3.0106198289765210E-019  -1.6595422050453542E-021  -6.4137862016741959E-025  -3.0879946042777109E-021  -7.5728281383706963E-022  -7.1696803770448008E-026   4.2781084847124746E-021  -9.9946385078813869E-025  -2.1192141099169016E-021  -3.8786831901596795E-025   5.6884123030975171E-021  -6.0418881777725939E-022  -6.8983728290031151E-026   2.0291400274726544E-021  -6.7268552720028819E-026  -4.4495636220876960E-021  -2.5779525547732683E-024  -4.1831653692237825E-021  -1.0222805791287892E-024   7.1156601436108795E-021  -7.0290741482873326E-025  -5.8029957679414603E-021  -1.0742459944796972E-010   1.3939632507771217E-016  -1.7358816822757550E-010   6.6751803020052892E-019  -2.4779268867540007E-025   9.1715087795274944E-020   6.2117199020201640E-019   8.7196095443089877E-026  -1.2886591188140825E-018   1.2242925069346632E-020   1.3102790631811350E-025  -3.1655602377557797E-020   9.3733059719945180E-021  -9.0742847537222368E-026  -3.0892727295305345E-020   1.2372716695386354E-025  -1.5134434482161356E-020   4.3468701906444144E-026   4.2936290538698412E-020   1.9993135333239997E-020  -2.1152747153336766E-025  -4.4506680834150990E-020  -2.5431177941712067E-025   4.2929774939575366E-020  -1.1053334445930718E-012  -3.6488857935009426E-020  -2.9944113499587203E-025  -4.4209353941594828E-020  -1.7185809343702414E-020  -3.6887514194345903E-026   6.6054522160313102E-020  -7.5144924262888483E-025  -6.0062496808426543E-020  -3.1944864870249458E-025   7.7761300025257384E-020  -6.1080905313975526E-011   7.9259811970581335E-017  -9.8701064753049668E-011   1.7156426790569251E-019   6.7529803275559123E-026  -4.0497311683690190E-020   1.7254715694853885E-019  -1.6563964010891210E-025  -3.4411355721417206E-019   7.1703638908958688E-011   5.5416567596750675E-013
  -1.0632346223309119E-016  -5.8121598754505086E-011  -2.7543565853094606E-017  -3.5126868477690021E-018   1.4111035805065283E-025   5.1374605928314382E-020   6.6541549694939919E-025   1.5346605979013874E-025   4.2914502730780375E-019  -4.8746613015603306E-025  -1.3351702217613066E-016  -7.2986925836652322E-011  -3.4588195655766792E-017  -9.2531907197737395E-018   1.9621682226346382E-025  -3.0455906017241670E-020   3.9336623161454978E-025   1.2989233695517974E-025   2.2329669479587408E-020   3.1642459251484811E-025  -7.3280155925126938E-020   3.3679354210359829E-025   1.2876157247502226E-019   5.1104914141981419E-025  -1.4112306530039491E-016  -7.7144760056611258E-011  -3.6558570501271593E-017   1.5768379694003054E-024   7.6158223773275790E-020   7.9610023914200396E-025   9.5394547726221392E-025   6.3615973774512821E-019  -7.5196605951795679E-025  -4.6273536495764562E-025  -1.6844164912790018E-021   1.4249834998460049E-027  -1.8105909958281366E-025  -5.8631505937758895E-021  -2.1473202309669734E-025  -1.7418396367648899E-021   4.2909179761283364E-027   4.5966649997217209E-021   8.1695372240012621E-026  -1.7718440166033723E-025  -1.4549421052482218E-020  -1.5173528554905346E-025   1.8919523668918521E-020  -2.1642040362736052E-025  -5.0627403091646087E-018   1.4307258004370627E-024  -9.6074022100356091E-021   4.2038530827976028E-025   4.4737606318403244E-025   7.0421813745819084E-021   8.4543614515354863E-025  -2.3105717104602543E-020   3.7275437560523532E-025   4.0612699780246093E-020   8.9020481200501280E-025  -4.0946956221904628E-025  -3.9718851199502316E-023  -9.6428550403371076E-026  -1.3042816100036782E-025   6.1496641211899020E-023  -2.0368462673682958E-025  -6.0362894800957227E-023  -5.5956564340803135E-026   1.5391868695596076E-022  -9.6316808697622012E-026  -5.7374397525211986E-026   6.4217397223822068E-023  -6.8498247294248948E-026  -1.2565531202302882E-022  -1.7579837165810636E-025  -1.5820597361058347E-022  -1.1680650538878106E-025   3.9518784677628318E-022  -1.1510455456630784E-025  -3.9322629633869005E-022  -2.0811562727802252E-025  -9.1508920988131266E-017  -5.0023245958691471E-011  -2.3705801720175427E-017   2.9860196252052011E-025   2.4586023030853090E-020   2.8384766985910932E-025   1.3194148491550568E-025   2.0537178785868270E-019  -1.1497762226563974E-025  -1.6356330304008006E-025  -1.1005153875094805E-021   1.4054353150531721E-026  -4.4615313198037817E-026  -3.8307833295224875E-021  -6.0037214353498193E-026  -1.1380308613265904E-021   3.0334782191641368E-027   3.0033396979528835E-021   5.8526779437103774E-026   1.8592997250893861E-026  -9.5061073114334516E-021  -1.8123653275936349E-026   1.2361501952587836E-020  -3.8056646077108580E-026   1.0526779062444269E-016   2.6385203653643035E-025  -5.3560770537888326E-021  -1.7683256062409871E-026   1.4513621499967446E-025   3.9249572461272897E-021   1.5706840532869836E-025  -1.2887517544530976E-020  -2.1402153445233603E-026   2.2629398250905197E-020  -1.3630668752281389E-026  -5.2031357381663937E-017  -2.8442881555610542E-011  -1.3478960402278269E-017  -7.1795166960003919E-027   2.1374662891694734E-021   2.3986391653674416E-026   4.2185919016554745E-026   1.7854739128027634E-020  -1.3267953334150472E-025  -8.2760149456873798E-018   1.4492211202995018E-015
  -4.6086841762731816E-010   2.1282681656812902E-017   1.4766500620764957E-010  -1.7054337421339332E-011   4.1248404051241963E-019   6.6541549694939919E-025   3.5658079769568159E-018  -3.2352878633280960E-019  -2.1970808991434510E-025  -8.8966404139351297E-020  -5.7874128523751938E-010   2.6725994972384382E-017   1.8543221821533553E-010  -4.8836875397724195E-011  -5.4517660333314276E-019  -3.9847247777235950E-025   3.7033924737782468E-019  -2.6251830411692790E-019  -1.3150892100136884E-026   9.9408368080014187E-019  -6.3939622863125076E-025   6.0683177107653363E-020  -3.7640367794363994E-025  -3.2124332344742310E-019  -6.1171034643995501E-010   2.8248494296578416E-017   1.9599569297040801E-010  -3.5410003020627286E-020  -9.0910907588110273E-025   5.5620753012042549E-018  -1.1550591616808535E-018  -3.5554077585568758E-025   1.1903877336698948E-018  -6.2919984536929553E-020   3.9327949621990253E-025  -7.7971081761247844E-020  -2.7858766366884240E-020   1.0309339220721886E-025   1.3841101815762603E-019   3.7442022119688729E-025  -3.9659803592462458E-020   3.0049970524033625E-025   1.0753173343489514E-019  -3.1069859505858396E-020   4.6703117799078592E-027   8.2455940448028279E-020  -6.9824573203679773E-026  -1.2571784494148962E-019  -3.5469942199941955E-011  -1.4918238363759211E-019  -1.7823305238164245E-024   1.9660699184349889E-019  -7.2363230470482548E-020  -3.0186550489317977E-025   2.7328578376674168E-019  -4.8191176661780563E-024   1.0500640878751494E-019  -2.3213005581933367E-024  -2.2465027835100907E-019  -5.5765786664275735E-022   4.4997960814322087E-025   2.7940364981600582E-021  -2.8960608382708516E-022   5.7019980213922608E-026   1.0385478539048539E-021   7.3584329137210029E-025   1.3692435454893088E-021   2.7440266762143327E-025  -4.7264539532110902E-021  -2.5726947417783808E-022   5.8954525336670711E-026   6.1863172710067895E-022   5.8129695481423391E-026  -1.2625452846966748E-021   1.9177514906603815E-024   1.8341913740562341E-021   7.4885265661081424E-025  -3.4651752906771429E-021   5.2611763919269016E-025   3.7063867410175026E-021  -3.9665347408680511E-010   1.8317264760113316E-017   1.2709017451228803E-010   9.1721707226720466E-020   4.7374615251749275E-025   1.7515746981271026E-018  -2.6520241052115056E-019  -5.8469342811438863E-025   1.7346778034910069E-019  -3.0984863354468433E-020   1.0707904515748429E-026  -6.1095542404878888E-020  -1.1800147483812362E-020   8.6840020972715475E-026   6.6234264618740374E-020   2.0698327859834760E-026  -3.0607233888783054E-020  -3.6355614686888907E-027   8.3908737764076090E-020  -8.5362836912819967E-021   1.8678824768542543E-025   2.6800395190549555E-020   1.6143600873487840E-025  -5.2965433502756034E-020   4.7192433457665501E-013  -9.0481171965076360E-020   2.8129342781381816E-025   8.4676220121283415E-020  -4.3693381574939245E-020   4.6519565623857239E-026   1.6474363536107255E-019   7.4886711791713462E-025   3.1736829587784963E-020   2.6418468843967780E-025  -8.6799014366889385E-020  -2.2553450039938442E-010   1.0415074608612305E-017   7.2262618737431998E-011  -4.0500865624016295E-020  -1.6502460101346219E-026   1.7297499077839353E-019  -7.3671064910323111E-020   8.3342937680434727E-026   1.1417303848472241E-019  -3.0604005739723034E-011  -2.3439844600659930E-013
  -2.6700285342506361E-011  -2.1490790752247040E-017  -2.2302611732446625E-010   4.1731709768816770E-011   7.5778219634853207E-019   1.5346605979013874E-025  -3.2352878633280960E-019   7.9132869824062379E-019   4.4286509872934209E-025  -1.5490853514318240E-018  -3.3529228557465572E-011  -2.6987323793750509E-017  -2.8006793059245801E-010   1.1950311054592579E-010  -1.8466270305373991E-020   3.0950368925788350E-025  -6.5660846162646160E-020  -8.4573829764122308E-021   1.1094381162126673E-026   3.3230271322126652E-020   5.5095340561634923E-025  -7.0650629825480231E-020   4.4924637337543223E-025   1.0156571147513709E-019  -3.5439279109748773E-011  -2.8524718710570366E-017  -2.9602248512591269E-010   2.7054699584729668E-018   1.0930456586612415E-025  -1.1550365518414191E-018   2.8251016119286656E-018   2.9900149661716691E-025  -5.5303717834956555E-018   6.5420734697893223E-020  -5.8501243032053554E-026  -6.5580943997314035E-020   4.1354269835586026E-020  -8.7931901182604670E-027  -1.5633642250418504E-019  -4.3146904832351445E-026  -3.0328581354080511E-020  -3.2918821316480247E-026   8.8186461246098476E-020   7.5995529713725717E-020   3.7530852281882789E-026  -1.7489771464964263E-019   3.4653105074629276E-027   1.8852349650586290E-019   8.6794430240482849E-011  -6.0695193608578130E-020   2.5356596693316077E-024  -2.1587484282618586E-019  -2.7797532509874593E-020   2.6457107576867815E-025   1.0922848915546478E-019   6.5518549856009406E-024  -2.3226917410011133E-019   3.1426726108745381E-024   3.3378562152822614E-019  -1.4778746427658975E-021  -7.0540499979616146E-025  -3.5223809324717257E-021  -6.6730129335434879E-022  -8.0010124009232132E-026   3.8902313310315908E-021  -1.1062130397538872E-024  -2.3068053942517610E-021  -4.2652191459812397E-025   6.4038340825525233E-021  -5.2711436495482276E-022  -7.7792148845664583E-026   1.8197587562888807E-021  -7.6545057879812038E-026  -4.0093762342792103E-021  -2.8572842754918712E-024  -4.3783589165820936E-021  -1.1293498564874244E-024   7.5172672920454761E-021  -7.8076135272134296E-025  -6.3080085248851112E-021  -2.2980016412202404E-011  -1.8496373696558511E-017  -1.9195090130137247E-010   6.2113748867539788E-019  -2.5999384907030294E-025  -2.6519186007880721E-019   6.4867517591975046E-019   8.1056662294146305E-025  -1.2697804427321486E-018   1.7976873882945875E-020   1.2012504900916548E-025  -1.8017246353448752E-020   1.1360092999196285E-020  -1.1581612534422474E-025  -4.2952437816685188E-020   1.1100421321359313E-025  -8.3322526115115087E-021   5.1290952673477636E-026   2.4227899472097731E-020   2.0878116980093317E-020  -2.6853089662477605E-025  -4.8048557647881153E-020  -2.3955520370959302E-025   5.1811716781705027E-020  -1.1543355209450130E-012  -1.6726257049477396E-020  -3.5951992243949349E-025  -5.9433790511318578E-020  -7.6605853050416780E-021  -3.3080648482462707E-026   3.0087725717798360E-020  -9.0923496686355853E-025  -6.3953464133625521E-020  -2.9223523677795962E-025   9.2013357124397073E-020  -1.3066282759206156E-011  -1.0516915811710958E-017  -1.0914199134136017E-010   1.7255508510560468E-019   7.4371961403251905E-026  -7.3670780799924307E-020   1.8018300708056233E-019  -1.2255707137187637E-025  -3.5274035908438485E-019   7.4887537874806524E-011   5.7985739455182794E-013
  -1.1862479412691325E-017  -4.8550435832264244E-010  -3.6692937054129474E-017   2.6910790679076329E-016  -9.1247433269060393E-025   4.2914502730780375E-019  -2.1970808991434510E-025   4.4286509872934209E-025   3.5847565375884140E-018  -1.1416165543203733E-024  -1.4896459333829157E-017  -6.0967818080743226E-010  -4.6077617317276714E-017   7.7087878593089801E-016   2.0520370888627428E-024  -2.5440585642567780E-019   6.3851376302672720E-025   1.2970215626899678E-024   1.8652535519624711E-019   1.8767708395286484E-024  -6.1212760560755928E-019   5.6691538341185176E-025   1.0755778567796963E-018   7.9165202477882868E-024  -1.5745077538317343E-017  -6.4440961762663396E-010  -4.8702528219107848E-017   7.3679031055037367E-024   6.3616883151699025E-019  -7.6101144474932467E-025   3.9003582904724426E-024   5.3140025719029890E-018   3.5897014814588984E-024  -3.8473863141275376E-024  -1.4070355355773694E-020   2.4538271391472555E-025  -1.5221554409948586E-024  -4.8976374147535888E-020  -1.8149817406097551E-024  -1.4550025352879206E-020   1.5023710211508690E-025   3.8397100885487843E-020   3.6367463561028624E-025  -1.5340142121323042E-024  -1.2153497982637650E-019  -1.1623114589985477E-024   1.5803954804544030E-019  -1.8552928702165309E-024   5.6041929447312470E-016   1.2220467796091964E-023  -8.0253051251316586E-020   3.1742046560735143E-024   3.8676360930244734E-024   5.8825115323472182E-020   6.5682403027690336E-024  -1.9300787648486022E-019   2.9406211885194779E-024   3.3924811379958122E-019   7.8165558308044916E-024  -3.4188668108070043E-024  -3.3178158097272954E-022  -8.0960958339442818E-025  -1.0887645007924969E-024   5.1369693735848670E-022  -1.7042128013197645E-024  -5.0422647845326942E-022  -4.6929725852956752E-025   1.2857215694335389E-021  -7.9777574278728569E-025  -4.7863391084729366E-025   5.3642409890136085E-022  -5.7373116079742425E-025  -1.0496304807483235E-021  -1.4651895980802065E-024  -1.3215343756971903E-021  -9.7789178889405692E-025   3.3011036430746310E-021  -9.5724315898844235E-025  -3.2847183391580588E-021  -1.7434964334517810E-024  -1.0209627962509259E-017  -4.1785677701282671E-010  -3.1580337302877034E-017   1.7259793519781946E-024   2.0537324490741947E-019  -4.9317654338018412E-025   9.4344952326914652E-025   1.7155222880771484E-018  -3.1922450600696808E-026  -1.3572578250263792E-024  -9.1928823128042821E-021   2.7260543985967766E-025  -3.8087440119642429E-025  -3.1999498328982183E-020  -5.0931810640031453E-025  -9.5062585210750612E-021   1.0131528471163789E-025   2.5087653194811446E-020   2.7704709019176235E-025   1.1689250841485535E-025  -7.9406909464587712E-020  -7.5793857710217559E-026   1.0325874032879996E-019  -3.5663161331015675E-025   2.6464379449478444E-017   2.3457366412338519E-024  -4.4740661113295978E-020  -3.6869917224962473E-025   1.2812598161967372E-024   3.2786156783210201E-020   1.0538054756494817E-024  -1.0765268111473789E-019  -3.1071611761996570E-025   1.8902906513410284E-019   1.4918983615162860E-025  -5.8051230392398762E-018  -2.3759055591073619E-010  -1.7956369109558721E-017  -5.5860525073456119E-025   1.7854794451970022E-020   1.3581342011115833E-025  -1.1246856933029788E-025   1.4914513449647146E-019  -1.4413897464939366E-025   4.8227830280714233E-016   4.7099920684596371E-016
   1.5151632751553708E-010   7.7773060861211945E-017   4.2471831176470213E-010  -8.1635266823083389E-011  -1.6353622336713871E-018  -4.8746613015603306E-025  -8.8966404139351297E-020  -1.5490853514318240E-018  -1.1416165543203733E-024   3.1843977760030946E-018   1.9026854758555663E-010   9.7664483255268927E-017   5.3334551644419883E-010  -2.3377109678218666E-010   1.5232425779224641E-019  -5.2849626907799718E-025   5.5922645840787513E-020   7.2462615174236621E-020  -3.4583850536731047E-026  -2.7685076992220883E-019  -9.4290340211661230E-025   1.3123379982381812E-019  -9.2373230698827728E-025  -1.3943152118946551E-019   2.0110753783152686E-010   1.0322814449280804E-016   5.6372846557882053E-010  -5.5215976400578669E-018  -8.2381373875746765E-026   1.1904259510064151E-018  -5.5305477919202428E-018  -9.5596712453839966E-025   1.1051754674845704E-017  -1.2045054845999691E-019   3.7913405324721996E-026   1.5041654029588259E-019  -7.8646585268133254E-020   1.4717800323423829E-028   2.9035518702339380E-019   1.0531624219189724E-026   7.0319259561142566E-020   1.0169278584770024E-027  -2.0282926909084262E-019  -1.4876021340117358E-019  -6.8082398835330956E-026   3.4005605107779488E-019  -4.8756980070057705E-027  -3.5879946668554517E-019  -1.6978658252002671E-010   1.5538186361270168E-019  -4.8002423271911656E-024   3.9966846461232788E-019   7.2012515598809507E-020  -4.8187666308498281E-025  -2.8064149723452458E-019  -1.2359485856643221E-023   4.5243136012381752E-019  -5.9604265321032951E-024  -6.3465824593495242E-019   3.1365779498469269E-021   1.3468580117394787E-024   6.6083520409126559E-021   1.4242058646392284E-021   1.5148945838661007E-025  -8.1661192888410173E-021   2.1057860903750434E-024   4.4246955654993440E-021   8.1374501764744045E-025  -1.2088609058244677E-020   1.1310047039763362E-021   1.4654790532808902E-025  -3.8478599212301044E-021   1.4430334043851794E-025   8.4566564462726924E-021   5.4355310725053509E-024   8.5590151984074524E-021   2.1500082680282636E-024  -1.4628654269117894E-020   1.4850465656369411E-024   1.2107380793050197E-020   1.3040486446366348E-010   6.6936568205804783E-017   3.6554043231643490E-010  -1.2885992185117900E-018   4.1556332259644150E-025   1.7345236493139500E-019  -1.2697882478238455E-018  -1.6689246633299188E-024   2.5583243974147280E-018  -3.0220461931325760E-020  -2.4704918766126224E-025   4.9673525905045854E-020  -2.0733820331486858E-020   2.2095293211420591E-025   7.3846731752941403E-020  -2.3048264797057126E-025   2.3467000742066449E-020  -1.0604876900363551E-025  -6.7165100945706259E-020  -4.0872025148890845E-020   5.1577884847821871E-025   9.2557004302434658E-020   4.4748033845337733E-025  -9.4743380115850769E-020   2.2604455730307750E-012   5.3206617126247271E-020   6.7902738659232087E-025   1.0361284577609995E-019   2.4842503261110312E-020   5.5232534106057216E-026  -9.6126954559803880E-020   1.7089742156925946E-024   1.2398337135745557E-019   5.2666688112935135E-025  -1.6972778250656523E-019   7.4147329427463469E-011   3.8059686840565319E-017   2.0784383096627639E-010  -3.4414033956935903E-019  -1.4993858403482384E-025   1.1417702116471982E-019  -3.5275208485918929E-019   2.2115458464650015E-025   6.9689681990051614E-019  -1.4649450027098247E-010  -1.1020282071424542E-012
   8.2572250124106891E-002   5.1869428707689097E-016  -1.1666327719180388E-009  -2.7384705235688472E-010  -1.5673895630039691E-010  -1.3351702217613066E-016  -5.7874128523751938E-010  -3.3529228557465572E-011  -1.4896459333829157E-017   1.9026854758555663E-010  0.10369113811989467       -1.5963726594618722E-016   2.5919775059382250E-009   1.6293495955258361E-009   9.3179057932085274E-011   3.7148694869774137E-017  -6.7064903545566500E-011   4.4889342934730663E-011   1.9878015671171602E-018  -1.6992529307273851E-010   5.5677996712762894E-017  -1.3875060225268587E-011   1.3562536350788836E-017   6.0329273679011769E-011  0.10959809399384834        5.0219611370782569E-016   1.3559364644125794E-009  -3.0529079989579828E-010   1.4415357206018077E-016  -8.2677706868683970E-010  -1.2587270684792620E-010   8.8004707197555308E-018   4.3116650040757328E-010   3.6434667324215082E-012  -6.2488317711717214E-017   2.0683217019708954E-011   2.4759944963086203E-013  -1.6532525095689209E-017  -6.6487311169329101E-012  -6.0814846623826982E-017   1.0186558911166895E-011  -4.8614708706152540E-017  -2.8275818453696970E-011  -3.0175479370315571E-012  -4.7475765549163647E-018   5.0520896011812679E-012   1.1366725465444839E-017   9.0853942669125271E-013   8.1352294721133697E-010   3.1510737020551912E-011   3.2683087110393211E-017  -1.3400441711451598E-011   1.5128481951031024E-011   2.0324147985376435E-017  -5.7539001756301452E-011   1.1866330288313765E-016   3.9634116014815460E-012   5.7776651400540457E-017   7.0338045436134915E-012   2.3672046142428089E-013  -6.0421676969127497E-019  -1.4804735439665852E-013   1.1342496638146250E-013  -3.6412380197964989E-019  -5.4858641635380543E-013  -5.6692713117089025E-018  -1.7447891518003388E-014  -1.2520554001723549E-018   2.0683229210239082E-013   9.4524512711343235E-014  -8.6439154498099269E-019  -2.7952909803153280E-013  -7.2687579065287579E-019   5.9872573932035662E-013  -1.6847854318995128E-017   9.8945457506476319E-014  -6.0077384195589534E-018  -1.1650677409415989E-013  -6.0796708371293320E-018  -4.1286262292551500E-014   7.1067074575120306E-002   1.9741841486609944E-016   1.2658014754223966E-009  -8.4715599626834139E-011  -4.9199434701004935E-017  -2.7281867763132986E-010  -2.6181650772603093E-011   4.6015899645643093E-018   1.1089774883744749E-010   3.2739511725595151E-012  -1.6665612776347771E-017   1.2618776433643956E-011   7.2643974291998780E-013  -1.3178313524860605E-018  -6.4775542641613798E-012  -1.7509112568329267E-017   6.2416827666936580E-012  -5.9623853480296614E-018  -1.7271054643762692E-011  -9.3387273238565890E-013  -3.7508439114692323E-019   9.1421680371057520E-013   2.3993374214423890E-020   3.1670717263242769E-012   6.1321927550480189E-011   1.7232584550645074E-011  -9.1380337094227210E-018  -8.8541290445146174E-012   8.2812741025544289E-012  -4.2051717562120347E-018  -3.1340454006040237E-011  -2.9892736397845486E-017   7.1824586508581691E-013  -1.4773771508990159E-017   6.0640635262877865E-012   4.0408261110252877E-002   1.6167749219677195E-016   6.5893479744505508E-010  -1.3397738911751421E-011  -6.2902571075292037E-018  -2.1142796689428890E-011  -8.5759126750053907E-012  -6.9219433445852382E-019   2.1973653295737931E-011   8.2820566503364330E-010   5.4608894225334326E-011
  -5.2086255722568248E-016   8.2572250263738337E-002  -9.3718256308615610E-016   2.3608119290382214E-015   2.0338762505485083E-016  -7.2986925836652322E-011   2.6725994972384382E-017  -2.6987323793750509E-017  -6.0967818080743226E-010   9.7664483255268927E-017  -1.5963726594618722E-016  0.10369113780955359        1.6708520003814041E-016  -1.4096594159257445E-015  -4.2415799449087897E-016   4.3268126609527002E-011  -3.6967524215027301E-016  -2.5504698774160051E-016  -3.1723336867646600E-011  -1.8390697187336076E-016   1.0410772421952662E-010  -3.7824179607173990E-016  -1.8292911782489773E-010  -9.4174890672799170E-016   2.0164720310448299E-015  0.10959809383145712        9.9148967901791839E-016  -1.2301848294184635E-015  -1.0819654049566072E-010   1.3443936519469907E-016  -6.4253007285029881E-016  -9.0378004388125771E-010  -6.5394272316528657E-016   6.6256324605726764E-016   2.3930184844566997E-012  -5.0383879585223237E-017   2.6411465755765909E-016   8.3296665700108642E-012   2.8891364310024572E-016   2.4745984545466490E-012  -2.9561611811735863E-017  -6.5303945667408227E-012  -5.0212777717646612E-017   2.7057153034323634E-016   2.0670085856071435E-011   1.7536597807164097E-016  -2.6878607553329771E-011   3.3943882934468148E-016   3.6434788280852027E-015  -2.1097543493694757E-015   1.3649053646754000E-011  -6.4938198660954106E-016  -6.7216203347087793E-016  -1.0004693183562508E-011  -1.0606725738601320E-015   3.2825852965327570E-011  -6.1826338567619726E-016  -5.7697690399321922E-011  -1.1597222507488032E-015   5.8070630379891480E-016   5.6427818303477252E-014   1.3588064913155857E-016   1.8482998762918089E-016  -8.7367108734756244E-014   2.9184702522094297E-016   8.5756418477040099E-014   7.8627697572614033E-017  -2.1866935158915022E-013   1.3894554033698534E-016   8.1133910328178645E-017  -9.1232435257557788E-014   9.8514801533501826E-017   1.7851611270152342E-013   2.4713180856541834E-016   2.2476022141634592E-013   1.6406099558005277E-016  -5.6143585848758304E-013   1.6664323161238748E-016   5.5864912450281018E-013   2.9327368069501309E-016   5.4399264981631962E-017   7.1067074423609974E-002  -1.2304141226041155E-015  -2.2604183607220050E-016  -3.4928895457352572E-011   5.9810586674716262E-017  -9.0879036501287424E-017  -2.9176779420377974E-010  -1.3161300369413337E-016   2.3087143091430353E-016   1.5634812869562538E-012  -4.6649013563518696E-017   6.4819845588580858E-017   5.4423210400495819E-012   8.6501197708959523E-017   1.6167788078978325E-012  -1.7369562742860864E-017  -4.2667876047197533E-012  -4.6730080836542698E-017  -1.9764100115452654E-017   1.3505145913898361E-011   1.2632407834027126E-017  -1.7561750790028242E-011   6.0878467846839554E-017  -5.6812022275213277E-016  -4.0680455674158591E-016   7.6092768335915311E-012   3.5866771603152030E-017  -2.2151290448237424E-016  -5.5761121330470365E-012  -1.6508944535927646E-016   1.8309051142717979E-011   2.3807357779779831E-017  -3.2149155833138158E-011   1.6277010118828283E-017  -4.4130395939653666E-016   4.0408261031355371E-002  -3.7735947870571303E-016   8.4191930973631521E-017  -3.0366577160829397E-012  -1.8068371065488868E-017   7.7432913129303213E-018  -2.5365888400695245E-011   4.6705896345226091E-017  -2.6374143846332239E-016   1.0983166958041592E-014
