   5.5849058423830242E-007   1.2115705379088672E-017  -1.2835647495186388E-017   3.7967474765475804E-010  -1.6636359725782885E-006  -3.6166046525867840E-017   3.8240708842539956E-017   3.0928204442040163E-010   6.5733502681704298E-015  -1.6414142727292945E-014  -5.2258911053957731E-015  -3.2500122317998731E-015  -1.7342548538416232E-017  -3.3295875853125058E-015   2.4895341393670747E-010   5.6168457835711983E-006   1.1883200409790793E-016  -9.7811845202092119E-017  -3.8205760499027257E-014   3.9947736617523270E-014   1.4729413864136224E-014   1.8986985994345359E-014   4.6871510834659147E-017   1.9154484654417035E-014   4.0839530780850023E-016   3.7082908605072903E-018   1.2383913374191528E-018  -4.9382817503838480E-016   1.4331215633876205E-018  -1.5808456272217887E-017  -1.0355280971677779E-018   3.2897618854326419E-018   6.1325772797539551E-018   8.5429726712417792E-019   8.7895048240110142E-014  -4.0901188726488244E-014  -1.9182534298270843E-014  -4.3890746971930266E-014  -4.9009528047197748E-017  -4.4035859905361179E-014  -4.7024363983270949E-018   1.3312883258661380E-018  -8.1880755371491109E-019  -2.1653022700998547E-019  -7.1411944214406709E-020  -2.9277751709917112E-018  -2.3250668010202423E-019  -2.9030049252881913E-019  -1.6116085455621872E-018   1.0780927384976293E-018  -4.9557517092696527E-018  -4.7399457310994505E-020  -1.9303131732028630E-018   6.0022489317982340E-019  -3.2834025207862369E-018   1.1659237463164794E-016   1.2531335983524337E-018   5.6703195101898239E-019   4.8328924165202680E-017  -1.7351867847073559E-019   4.8953689094665403E-017  -1.5008766375651671E-018  -2.1803466480436817E-019  -6.3270653977644859E-019  -8.9092218870074940E-019   3.6779356843123944E-017  -2.3648665335014059E-019   2.2281246586893560E-017   5.2202262167938172E-019   3.7291442649940971E-017   2.7350147024089712E-019  -8.6650108682761514E-020   3.2860781616983131E-019   1.8683403324690281E-019   6.6394299761422100E-020   2.1402077050877161E-019  -8.0318834201798582E-016  -1.1092522475728508E-018   1.1480757583547097E-018   4.0830301218864799E-016  -1.7462172657668778E-018  -1.5308460482198597E-016   6.5587943014758675E-018  -1.8682258989392369E-018  -4.7072266052144411E-018   1.9610997117949637E-018  -1.6667174429037232E-005  -3.8160426075278906E-016   2.5265957698600626E-016  -6.9677958185423448E-014   1.9479190549912388E-014   1.1519301326858400E-014   3.4786639429853786E-014   2.1869916902683765E-017   3.4839019706983561E-014  -1.0856254717477899E-006   2.0915219601042968E-017   3.1795425867091698E-016   1.0628136308495626E-003   2.5376280739237568E-014  -9.7442862851901852E-015   2.6138936363038498E-016   4.1149718310575795E-019  -9.7906638525113335E-019  -6.5661308792440645E-016   9.2489289850307991E-019  -1.1052779131904405E-016  -2.1977989403991944E-018   1.0262617650425655E-018   2.2223457841142148E-018  -2.9883848058945505E-019   2.4306405916740592E-019  -1.1117857599648208E-018   5.2627339868645343E-019   1.0811941180004145E-018   1.9156189801923242E-019   8.3875171862519506E-019   5.4930273095751428E-019   2.7801615063266299E-021   7.0691995168828475E-019  -5.2618173448135349E-019   2.5718547199829851E-019   9.3290023371945870E-020   8.5924476023393666E-019  -1.9540787812622892E-019   3.8632002309412422E-019  -1.0084710491259942E-010   1.2929206046041956E-010  -2.2264511536469817E-011  -4.8638937086086483E-012
   1.2115705379088672E-017   5.5849061661024338E-007  -2.4386202030503263E-017   1.4264404987752987E-010  -1.0312399397710322E-017  -1.6636360670063851E-006   6.1751565187459538E-017   1.1584108074606905E-010   9.4717158419368791E-015   5.6718196910010195E-015   4.4768697857400337E-018  -1.8942305873737698E-014  -5.1775392026998254E-015   9.4666945391848321E-015   9.3824196411489627E-011  -2.0658352822404272E-017   5.6168460170860599E-006  -1.0333329752944026E-016  -2.3057756908880789E-014  -3.3028962563397299E-014  -1.0314419421066042E-017   4.6109293073213272E-014   1.4624537385909618E-014  -2.3045546201522262E-014   3.9291370955720146E-018   4.4844238421807960E-016   4.6573840833735969E-019   8.5778032996144100E-019   7.9750971689659039E-019   1.1421342874456971E-018  -5.1043187175632677E-016  -8.7142524458636215E-019   2.4700357829851944E-016   7.6426035780819611E-020   2.3618069571693000E-014   7.6091454234969072E-014   1.2039197473209118E-017  -4.7222133040329801E-014  -1.9093072805701217E-014   2.3607361188322888E-014  -1.0344132848341708E-018   2.0540027309948087E-018  -5.3155287252827693E-019   8.0991962364013936E-019   1.9428683408140291E-019  -2.7922440360107504E-019   9.7538057391553315E-019  -2.2388623179199984E-019   4.5275089013102510E-019  -5.4594261471936815E-019   3.1845955930243930E-018   7.8651477626101962E-019   7.6934888075475065E-020   1.1277218328402076E-018  -9.2289390438174131E-019  -1.1266312250450272E-018   8.8462958918383161E-018  -2.2657544110428551E-019   3.9274713068035078E-019   1.3273759127008924E-020   2.3158010301994328E-019   1.2320441719982264E-017  -8.1350064042165278E-020   5.7653632769132670E-018  -1.9402145434489870E-019   9.8940112869184389E-020   1.4883509702409905E-020  -1.7105056160127732E-019   2.5512589438563099E-019  -2.7016292371244380E-019   3.3361556560448214E-017   2.4606395102746641E-019   1.4905386329302273E-017   2.1184176842780758E-019   1.1800638543508533E-017   1.7607640722532897E-019   8.5129450529100665E-019  -5.4253623773474117E-016   3.9230130996002115E-019   9.3455912839457820E-019  -7.0527855164845046E-019   1.2767377576934002E-018   4.8833876176636990E-016   1.5671338653545723E-019  -3.4256918883978831E-016   1.2349156976125865E-018   6.6496311845178365E-017  -1.6667175062376807E-005   2.1120509799952697E-016  -1.1246845860580074E-014  -6.0313580889406854E-014  -4.7665931920480172E-018   2.2495001179348214E-014   1.1489257797379692E-014  -1.1243134359359166E-014   9.5752610852825434E-017  -1.0856259659280589E-006   1.3516680299242115E-016  -2.7065664517796666E-015   1.0628136612610207E-003  -1.0188790888259311E-014   9.1138746556799176E-019   4.8214567281744359E-016   2.1599213106940713E-019  -6.8169264410190661E-019  -6.6029108943736383E-020   1.4136673553855016E-019  -6.4299224025338549E-016   5.1450518237049273E-019   2.5639614506469812E-016   4.5104503167150784E-019   2.0759152419580616E-019  -1.3063872711522421E-019  -2.1053373553652130E-019  -1.8992525351100666E-019   2.8851398511203421E-019  -3.3608849891899764E-019   4.1228132100030168E-019   5.3160736883922525E-020   2.7824904859849237E-019  -7.1194300369049425E-020  -3.9191357845789536E-019   5.2306342829084801E-020   2.9710771971142830E-019  -4.4966630340974751E-020  -1.4044431335865699E-019  -3.7429737439129776E-011   4.6493576386774541E-011  -5.9748706111074244E-012   3.4166521615115529E-013
  -1.2835647495186388E-017  -2.4386202030503263E-017   5.5849059395080761E-007   3.0786432468791332E-011   4.0028317606206021E-017   6.8740884022742135E-017  -1.6636360009573465E-006   2.4936665863151111E-011   2.9739907227704506E-015  -1.6110106032680805E-017   5.6574219826933533E-015   3.0058227702006167E-015  -1.6433916011941872E-014  -5.9824899071640994E-015   2.0308831558140848E-011  -1.0610328120548239E-016  -2.0576558036088130E-016   5.6168458537670683E-006  -8.4286175120890359E-015   3.2325749222471865E-017  -3.2998303752205178E-014  -8.4812836006140696E-015   3.9987681058653231E-014   1.6891143833998113E-014  -1.2112852308302231E-018   2.0694615723310362E-018   2.6496073408915683E-016  -3.1309655248790379E-018  -4.5932176996321413E-019   6.3767889141180674E-018  -5.2678923196219144E-018  -4.1465485061686794E-016   2.2922593808844518E-018   1.3222982621852895E-016   1.1009684701684318E-014  -2.3072360028056314E-017   7.6073928351685069E-014   1.1034060678100829E-014  -4.0931450125543275E-014  -2.2054219084145425E-014  -7.0546396621940773E-019  -1.3064978290529277E-018   1.0725636081411090E-018  -1.1323561834540054E-018  -5.5888959573058552E-019  -1.2388312411652090E-018  -1.9039485180594861E-019   2.8219223203654322E-019  -8.1433257393744145E-019  -1.5876487694197791E-018   1.8537617764133787E-018   7.1720280184732922E-019  -1.3180184447558415E-018  -2.1259250041350472E-018  -1.4401787636722179E-018  -2.3219873531057540E-018   9.3498303214703739E-019   2.3087391510769452E-017   3.0349237834283028E-019   2.1769409194691882E-019   5.9232862171708638E-020  -6.6081213417881584E-019   1.2842859452916322E-017   3.4026928222190644E-019   3.0949498409919315E-017  -6.7735396252801237E-019  -9.7856347330312546E-019  -9.8879341667922157E-019   5.1482832062566859E-019   2.2787060502084283E-019   4.2181008914286947E-019   2.1457897276352409E-017   1.4394088759639702E-018   2.8933558962272137E-017  -9.6041695682609958E-019   6.6307593398551498E-017   5.3777701248507799E-018  -3.3727768000447546E-018  -3.8236785150779514E-016   5.7119554348981232E-018   1.8206978798098478E-018  -5.0185280972409279E-018   4.3501379421976150E-018   3.9117814619797045E-016  -4.2775417873627426E-018  -3.7970530708216584E-016   2.7195785660946141E-016   6.0650364935639819E-016  -1.6667174619478252E-005  -6.6371253598786825E-015   7.9521108020893838E-018  -6.0308870800927030E-014  -6.6415340083634731E-015   1.9489783376684467E-014   1.3264151788745499E-014   1.6540371357660079E-016   1.6692628443712771E-016  -1.0856256205354407E-006  -1.4395427291582204E-014  -3.6042501782537227E-014   1.0628136399741001E-003   1.2585592181219419E-018   6.8715717352397532E-019   2.3912143684047059E-016  -1.1432876740426988E-018  -2.2474096383095320E-018   2.9822613529401782E-018  -1.0610924940881983E-018  -5.3480777643823564E-016   1.7664386534510092E-018   2.1618484633137761E-017  -4.8080755078542633E-020   2.3590331743193176E-019  -6.3057157146486787E-019   4.2981347166503940E-019   8.9749158206272919E-020   9.9947977071310906E-019  -7.5548011899700812E-019  -1.6151212779737585E-019  -5.2252469872273521E-020   8.0354992703450553E-019   3.5684158681170204E-019  -9.2421558583004962E-019   7.4540760456728530E-019   8.2752277143168467E-019  -9.1410768207294148E-019  -7.9517904187193899E-012   9.6233398142948413E-012  -6.2082849044831003E-013   5.6641250142205871E-013
   3.7967474765475804E-010   1.4264404987752987E-010   3.0786432468791332E-011  0.20225180112190075       -5.0386244157420873E-010  -1.3705276313197766E-010  -2.1649906402367380E-011  0.16420389991171852        1.5108212902859698E-011  -4.0537574008903114E-014   3.6637380043221311E-014  -1.0082654839964475E-011   8.2953674555052956E-015  -5.1663867998049493E-012  0.13293874933261376       -4.6988998919807129E-011   7.2989973123820888E-011   4.1378705502567804E-011  -3.4724186018410129E-011   6.2835489227402483E-014  -6.5295851129838975E-014   2.2565761089970828E-011  -1.7039137164296370E-014   1.2908425863284592E-011  -3.7042157074241570E-015  -7.5172807479686491E-016   7.2442163551863179E-017  -1.0387861572023554E-015  -1.7294368034872857E-016  -1.6642579515426626E-015  -8.9755077402260195E-016  -3.5690212797363188E-017  -5.8821732277554764E-016   7.3534601803027510E-016  -3.6806275379910791E-012  -4.3063941706043629E-014   3.1383572061850313E-014   2.1754468265270312E-011   4.3214280289742371E-015  -1.7466777015584005E-011  -4.2497617372272023E-013  -8.9593001989570525E-018   4.6178050544638973E-017   4.1810870593437222E-013   1.3102330121116549E-017   3.0944610857047798E-013   3.1897741604196203E-017   4.1429476726186238E-017   7.8681344300691323E-018   5.3234453231833223E-017  -2.3391896343306390E-013   3.1432843549487230E-017  -2.9771141628180369E-014  -6.2444781375800445E-018  -1.5109756988687606E-013   4.8361144351410428E-016   2.9717766342687225E-017  -2.0408439828021370E-017   1.5071107065774867E-016  -1.0055191863897039E-017   9.0742425050879806E-017   2.1253959917745408E-017  -2.1555930009955839E-017   6.8055763160827076E-018  -1.4684211114036688E-017  -3.5047801634087327E-017  -9.0998814247640114E-018  -3.9611955567035570E-017  -1.4181737245670087E-017  -1.2462328491448616E-016   1.1222337335842149E-016  -3.9432237867994588E-017   6.0264914719185739E-017  -4.2075983720014294E-017   1.2357479119831927E-017   1.2700633462059396E-017  -1.1612613555252615E-015   1.6063574551929127E-016  -9.7118956315319647E-017  -6.7103930101106427E-016   3.6184329799093829E-017  -4.5116898761363450E-016  -3.9057205827987221E-016   4.5336253420053264E-016  -2.8725171042044134E-016   4.8779567281501213E-017   6.0089401289439539E-010  -1.1640925351875788E-010  -1.0869555782037374E-010   2.1415596663003378E-011   1.5559656880397186E-014  -1.2689834027503698E-015  -3.3373794007351402E-011   4.0614593924780034E-015   1.2295936780007325E-011   2.1146927472283530E-009  -3.8525989740198223E-010  -3.6765170510831409E-010   1.3043175222685203E-009  -3.8497136729353516E-010  -3.0519951921180133E-010  -1.3916468700276095E-016  -6.3731090785386025E-017   3.2686430244142418E-016  -2.0218979556330847E-017   1.4056297087143536E-016   3.1292629033365584E-016   6.9994284571040351E-017  -2.5004601998127468E-016   2.6394198240345515E-016  -8.7751726753546155E-017  -4.0771465378351272E-014  -2.1092292571999028E-017   2.6445906514549547E-017   2.9436360806465230E-014  -1.4033044009039130E-018   5.0058929066531059E-014  -4.8320942212951418E-017   4.4367997150601101E-018   1.6682540951266956E-017   7.2079271144991012E-018  -6.5681696088821158E-014  -2.8774012813752393E-017   9.4300051049897973E-014   1.0985360847558298E-017  -6.7967247154140780E-014  -5.1825136027039614E-002   6.6880837802799867E-002  -1.8718372505662582E-003  -7.8635163247146061E-005
  -1.6636359725782885E-006  -1.0312399397710322E-017   4.0028317606206021E-017  -5.0386244157420873E-010   4.9556514064284572E-006   3.1836416387020672E-017  -1.1903677121338337E-016  -4.1218318886146831E-010  -1.9580698511384232E-014   4.8894572265253480E-014   1.5566924027562010E-014   9.6811297711219776E-015   5.1660140006366314E-017   9.9181845093895800E-015  -3.2934216452138327E-010  -1.6731502663961232E-005  -9.8944935257981155E-017   3.0856767053471662E-016   1.1380750025798096E-013  -1.1899661951046435E-013  -4.3876089523479030E-014  -5.6558507538777866E-014  -1.3962126260537080E-016  -5.7057483275959414E-014  -1.2165310399906941E-015  -1.1046286986578032E-017  -3.6889292153555213E-018   1.4710190963199009E-015  -4.2689938603871713E-018   4.7090344011526592E-017   3.0846361564883557E-018  -9.7995676403735113E-018  -1.8267769303608624E-017  -2.5447850023369724E-018  -2.6182244504830393E-013   1.2183676992065339E-013   5.7141078217731496E-014   1.3074215624803223E-013   1.4598996476797970E-016   1.3117429780625158E-013   1.4006329380748066E-017  -3.9656517539861162E-018   2.4390702716480368E-018   6.4630384504783169E-019   2.1272247972558521E-019   8.7222464049913453E-018   6.9259275041572840E-019   8.6474942615327053E-019   4.8006717336417617E-018  -3.2114306352914940E-018   1.4761503137107168E-017   1.4119396110070811E-019   5.7499405844618464E-018  -1.7879544596250973E-018   9.7801519730445567E-018  -3.4730624514410058E-016  -3.7328437385622739E-018  -1.6890791234143608E-018  -1.4396256401590182E-016   5.1687872063093151E-019  -1.4582361869935625E-016   4.4708227270055306E-018   6.4948323668386304E-019   1.8847110421382102E-018   2.6538856997721579E-018  -1.0955862618835963E-016   7.0444820296055242E-019  -6.6371545825678966E-017  -1.5550049725735946E-018  -1.1108403153824769E-016  -8.1470790476167324E-019   2.5811387322014049E-019  -9.7885926139121994E-019  -5.5654275693418983E-019  -1.9777580393485464E-019  -6.3752664930194745E-019   2.3925434990144171E-015   3.3042493533041030E-018  -3.4198971480290815E-018  -1.2162561000810417E-015   5.2016452627870832E-018   4.5600957622082168E-016  -1.9537387109529828E-017   5.5650867853794529E-018   1.4021921333444357E-017  -5.8417384065758855E-018   4.9648305135208309E-005   3.8026388490480464E-016  -8.0363382926312849E-016   2.0755729460015273E-013  -5.8024759960306630E-014  -3.4313781841976092E-014  -1.0362280783809602E-013  -6.5146260487123597E-017  -1.0377869689741204E-013   3.2338693588094680E-006  -1.1274926064927793E-016  -9.5156724215155886E-016  -3.1659172747569128E-003  -2.7378132919039730E-014   3.2256591099443176E-014  -7.7862861205940240E-016  -1.2257710332812633E-018   2.9164514225589147E-018   1.9559240279182167E-015  -2.7550775079730371E-018   3.2924102095884136E-016   6.5468202591608224E-018  -3.0570370674203590E-018  -6.6199396119224078E-018   8.9018200493018943E-019  -7.2416852579811283E-019   3.3117957621267833E-018  -1.5676670991994881E-018  -3.2205754201603389E-018  -5.7062603665659796E-019  -2.4983251719861031E-018  -1.6362672646533302E-018  -8.2815550140900200E-021  -2.1057784623692164E-018   1.5673941539858832E-018  -7.6631063091300729E-019  -2.7789310280384899E-019  -2.5592329782996701E-018   5.8208248817179805E-019  -1.1509829969439551E-018   1.4266163673168105E-010  -1.7778006329400971E-010   7.6141943766574161E-011   1.5267105084353125E-011
  -3.6166046525867840E-017  -1.6636360670063851E-006   6.8740884022742135E-017  -1.3705276313197766E-010   3.1836416387020672E-017   4.9556516817474136E-006  -1.7222606562189254E-016  -1.1131195800213254E-010  -2.8214397332870973E-014  -1.6895259393229845E-014  -1.3335680776321747E-017   5.6425469394120185E-014   1.5422892894685777E-014  -2.8199468342267997E-014  -9.0345973525243235E-011   5.5273066950852420E-017  -1.6731503339415689E-005   2.6819555245267353E-016   6.8684571249089023E-014   9.8386923241124401E-014   3.0724576468351483E-017  -1.3735067810939926E-013  -4.3563682448139434E-014   6.8648264940661169E-014  -1.1704149226206584E-017  -1.3358235624900286E-015  -1.3873450324222228E-018  -2.5551641712824840E-018  -2.3756282436306708E-018  -3.4022008755520008E-018   1.5204783135092863E-015   2.5958080052966329E-018  -7.3577612555501848E-016  -2.2765718875881468E-019  -7.0353689645356614E-014  -2.2666179865275562E-013  -3.5862406832368844E-017   1.4066567744341320E-013   5.6874589489155143E-014  -7.0321810232579519E-014   3.0807226410757045E-018  -6.1184788599503346E-018   1.5833937776591015E-018  -2.4120083262487195E-018  -5.7874307007258236E-019   8.3218346120997581E-019  -2.9054709673533469E-018   6.6691406239792182E-019  -1.3486577524890877E-018   1.6262580675526504E-018  -9.4866268853923209E-018  -2.3428761133783567E-018  -2.2921883477351218E-019  -3.3592663329636484E-018   2.7489141838746799E-018   3.3560183796323802E-018  -2.6351412975753927E-017   6.7492460557849988E-019  -1.1699179352657986E-018  -3.9539990472424507E-020  -6.8983245260044761E-019  -3.6700224808151062E-017   2.4232615983800815E-019  -1.7173907665286983E-017   5.7795255536983716E-019  -2.9472362024476835E-019  -4.4335126040595069E-020   5.0952665081645079E-019  -7.5997096319388930E-019   8.0476316748479222E-019  -9.9377656488031854E-017  -7.3297720821865354E-019  -4.4400277285777460E-017  -6.3103592540704133E-019  -3.5151831205032437E-017  -5.2449771526661518E-019  -2.5358443003557926E-018   1.6161110430908497E-015  -1.1685900767771616E-018  -2.7838728425719903E-018   2.1008891850941802E-018  -3.8031566989436194E-018  -1.4546671926665557E-015  -4.6681830261296737E-019   1.0204476866241006E-015  -3.6785762637038685E-018  -1.7883425774844241E-016   4.9648306962037118E-005  -5.1156930211016809E-016   3.3502220140619770E-014   1.7966255032159130E-013   1.4198761588180815E-017  -6.7008326982147713E-014  -3.4224287899010244E-014   3.3491150824866599E-014  -2.8103888426853724E-016   3.2338708269773917E-006  -3.9548775127617973E-016   6.8911180741644655E-015  -3.1659173615357157E-003   2.2843145645427305E-014  -2.7148479877157656E-018  -1.4362191719939683E-015  -6.4339862750746245E-019   2.0306312395690189E-018   1.9668819109824373E-019  -4.2110385664556957E-019   1.9153501418825616E-015  -1.5326122903502182E-018  -7.6375477304754250E-016  -1.3435763970358586E-018  -6.1843157761842894E-019   3.8914759055669225E-019   6.2713952640058710E-019   5.6578873266745317E-019  -8.5942763503307718E-019   1.0012148808353657E-018  -1.2281068000608072E-018  -1.5835559391357725E-019  -8.2885031227780832E-019   2.1207412218292492E-019   1.1673431329070886E-018  -1.5581059095351717E-019  -8.8489158946575749E-019   1.3394696998499242E-019   4.1825867270964026E-019   3.3104808940963879E-011  -4.3276704971034974E-011  -9.3897060949266082E-012  -9.2556320681180465E-013
   3.8240708842539956E-017   6.1751565187459538E-017  -1.6636360009573465E-006  -2.1649906402367380E-011  -1.1903677121338337E-016  -1.7222606562189254E-016   4.9556514893161224E-006  -1.7382064132109431E-011  -8.8589408633095312E-015   4.7988890975312865E-017  -1.6852371333950170E-014  -8.9537710967671898E-015   4.8953473186460113E-014   1.7820684432687871E-014  -1.4476540355418982E-011   3.1477991230007457E-016   5.0293868266149588E-016  -1.6731502867491466E-005   2.5107217599194133E-014  -9.6292162778991543E-017   9.8295596513833240E-014   2.5264119586639408E-014  -1.1911560647219871E-013  -5.0315462619532540E-014   3.6081840224000974E-018  -6.1645281420171905E-018  -7.8926703661971509E-016   9.3265433315107506E-018   1.3682310866492055E-018  -1.8995227685005712E-017   1.5692037115655925E-017   1.2351770019253732E-015  -6.8281998044179904E-018  -3.9388720506190299E-016  -3.2795733408166415E-014   6.8728103165448294E-017  -2.2660959254197357E-013  -3.2868335815633462E-014   1.2192691289503241E-013   6.5695268572778341E-014   2.1012981172038029E-018   3.8918056020387636E-018  -3.1949605635550056E-018   3.3732123346233304E-018   1.6648245550332623E-018   3.6903417220398632E-018   5.6714963734044667E-019  -8.4059633639752775E-019   2.4257400297728288E-018   4.7293001714683478E-018  -5.5220791685780003E-018  -2.1364091150418155E-018   3.9261120525850009E-018   6.3327214580982507E-018   4.2899655155609302E-018   6.9167536760546716E-018  -2.7851345103585792E-018  -6.8772896277201652E-017  -9.0404535018727555E-019  -6.4846881028194372E-019  -1.7644327508832836E-019   1.9684321905648670E-018  -3.8256406778244014E-017  -1.0135967065754591E-018  -9.2192599707388552E-017   2.0177070830353896E-018   2.9149522638742769E-018   2.9454252877005352E-018  -1.5335744970039554E-018  -6.7878272841082399E-019  -1.2564910371039556E-018  -6.3918946544741586E-017  -4.2877220122965272E-018  -8.6187504062287594E-017   2.8608972916998871E-018  -1.9751756020111814E-016  -1.6019342743348777E-017   1.0046853145228404E-017   1.1390002451008442E-015  -1.7014816279331972E-017  -5.4235085643323003E-018   1.4949229265337402E-017  -1.2958223984221027E-017  -1.1652444172676043E-015   1.2741973665297776E-017   1.1310690375770167E-015  -8.0614782109961865E-016  -1.4802218404505107E-015   4.9648305685966587E-005   1.9770726697963103E-014  -2.3687800736837203E-017   1.7964852000695741E-013   1.9783840096182618E-014  -5.8056313977121521E-014  -3.9511351400435088E-014  -4.9173630686232720E-016  -4.7610740248432813E-016   3.2338698009360584E-006   4.2642104527772238E-014   8.6545225660705758E-014  -3.1659173008832856E-003  -3.7490057241527226E-018  -2.0469090519176561E-018  -7.1229674267976094E-016   3.4056339842441849E-018   6.6946008523757642E-018  -8.8835825433318055E-018   3.1607903887946998E-018   1.5930894451215525E-015  -5.2618807036262057E-018  -6.4397305363484956E-017   1.4320988493081396E-019  -7.0271059437838646E-019   1.8783513735476404E-018  -1.2803230713319115E-018  -2.6734546900287596E-019  -2.9772402703137579E-018   2.2504298621478187E-018   4.8111354993235629E-019   1.5565007103352548E-019  -2.3936205946374789E-018  -1.0629845435225985E-018   2.7530603513145464E-018  -2.2203927563564692E-018  -2.4650310733406397E-018   2.7229268355060630E-018   3.7968860750200088E-012  -5.4869917075230368E-012  -9.0654095415950650E-012  -1.7109391589959089E-012
   3.0928204442040163E-010   1.1584108074606905E-010   2.4936665863151111E-011  0.16420389991171852       -4.1218318886146831E-010  -1.1131195800213254E-010  -1.7382064132109431E-011  0.13332036977815759        1.2247093372147278E-011  -3.3049990608714228E-014   2.9827903623143793E-014  -8.1940303448905940E-012   6.7481894002767819E-015  -4.1678415173016754E-012  0.10792131687166853       -2.7953326028661264E-011   5.9403019745077742E-011   3.2959118621109032E-011  -2.8161280342363343E-011   5.1275343751240800E-014  -5.3178440133688627E-014   1.8351984828172530E-011  -1.3854570583531042E-014   1.0412926952919842E-011  -3.0979850336445857E-015  -6.4304813103048053E-016   5.2082281616932526E-017  -8.6562470945396102E-016  -1.4412061745641161E-016  -1.3859498489178323E-015  -7.3720819782377428E-016  -3.6128469894565781E-017  -4.8792793323094954E-016   6.2298935116585232E-016  -3.0374439815988110E-012  -3.5214498466464056E-014   2.5658540618063746E-014   1.7650788095161560E-011   3.5348555683246101E-015  -1.4123891002698335E-011  -3.4381195228932286E-013  -7.0115452247025172E-018   3.7461634146181950E-017   3.3832470950282208E-013   1.0629029716247531E-017   2.4958347905396974E-013   2.6740700630199775E-017   3.4266353725291370E-017   7.2937896657358491E-018   4.4081540058050678E-017  -1.8946695558756455E-013   2.5113510433888088E-017  -2.4460871157612634E-014  -6.5165867052341100E-018  -1.2190775636539833E-013   4.0424828700757702E-016   2.3919871631412427E-017  -1.6628966107825688E-017   1.1849655576150861E-016  -8.4026533775900447E-018   7.0733994782909190E-017   1.9057426711000551E-017  -1.6764644126544461E-017   5.7279518482573003E-018  -1.1356730609955969E-017  -3.0260082319386525E-017  -7.6236410898713762E-018  -3.1975987179488303E-017  -1.1824798544421875E-017  -1.0274247365147151E-016   9.2731727578536541E-017  -3.1380125715842411E-017   4.9533773439600163E-017  -3.4868907973692343E-017   1.0227182225883495E-017   1.0406106393538973E-017  -9.6226958094774620E-016   1.5020112248957072E-016  -5.8267161404592272E-017  -5.5714835804047157E-016   3.6692508500737472E-017  -3.6378989781236048E-016  -3.3870751415108966E-016   3.7754735604156000E-016  -2.4496006981815181E-016   2.2545313756718251E-017   4.5767663268453604E-010  -9.4984141899971276E-011  -8.6382682486222051E-011   1.7421061176799915E-011   1.2767687313461415E-014  -1.1369398611212188E-015  -2.7103972974661204E-011   3.2832597652764777E-015   9.9538016456001528E-012   1.7125597808663648E-009  -3.1215954806483101E-010  -2.9793114338845944E-010   2.9319064668163620E-009  -2.6833293955222078E-010  -3.5736528948948531E-010  -1.0294151745716490E-016  -6.4138304060629823E-017   2.5285899796709338E-016  -7.4227015270573188E-018   1.1183480367556245E-016   2.5387872951103441E-016   6.0909262338846438E-017  -2.0507812764535777E-016   2.1978358774061773E-016  -6.1644744351905540E-017  -3.2887848032437192E-014  -1.8042033498292669E-017   2.2360672663716969E-017   2.3387207297476550E-014  -5.3906019144077273E-019   4.0729302908693856E-014  -4.1455380790445252E-017   4.1445642427179730E-018   1.7642385416046589E-017   4.8649192276144868E-018  -5.3133174905689520E-014  -2.5999397638120581E-017   7.6679471109017707E-014   1.0921142003776156E-017  -5.5333815545530319E-014  -4.2675424110965254E-002   5.4303006745023287E-002  -4.6959312286086151E-003  -2.7563447545343283E-004
   6.5733502681704298E-015   9.4717158419368791E-015   2.9739907227704506E-015   1.5108212902859698E-011  -1.9580698511384232E-014  -2.8214397332870973E-014  -8.8589408633095312E-015   1.2247093372147278E-011   1.4359294607603105E-021  -9.9724791476940629E-023  -2.8804837658389724E-023  -1.0738617838323854E-021  -1.7494074304019773E-022  -3.7149613604211667E-022   9.9552986646994541E-012   6.6109142753998199E-014   9.5258740766912374E-014   2.9909968998011599E-014  -3.5658808629588391E-021  -8.5843532511088903E-023  -6.9354329930151435E-024   2.5579604068853683E-021   4.6029604110150622E-022   1.0780266720611713E-021   4.8446105000607102E-024   7.6955912816209729E-024   1.4548559393438122E-024  -5.8309877419108727E-024   2.5756206187232251E-026  -1.6051287415374459E-025  -8.7406461983083050E-024  -2.1700828898216884E-024   4.2579120566021213E-024   6.8946181890498780E-025   1.3578259283149460E-021   8.0644069886676704E-022   1.8136648280283851E-022   3.9749317201899404E-022  -5.4209502733488039E-022  -1.7007695148987661E-021  -3.5250552308184752E-023   4.2302051572150375E-026  -9.7098119921550380E-027   3.4419751115517632E-023   4.2015147635741378E-028   2.7717122509569919E-023   1.2226316200609419E-026  -4.5272098383376348E-027  -1.7782920088757914E-026  -3.8799759883327470E-027  -1.8727337314759478E-023   1.9635610057653623E-026  -1.4353623909871763E-024   1.8325765108323026E-026  -1.3504626262423458E-023   1.3445008278729173E-024   1.7180492401970782E-025   1.2442666720487894E-025   5.9952195708287943E-025  -5.7349192238826153E-028   5.9505941274141215E-025   1.8480775038322375E-025   6.0876692188483453E-026   9.2864298069492342E-026   1.4899776249870775E-025   4.3381541091993339E-025  -7.6869020873267455E-027   2.5018466409238348E-025   1.2794021084218109E-026   4.3095383740617253E-025   5.7509437829636442E-025   1.1312401920604349E-025   2.6665746162263104E-025   1.5873089892270741E-025   1.9668353810437068E-025   3.6009013902725159E-025  -9.4438711979286278E-024  -9.2758289259847801E-024  -2.0834354896496352E-024   4.8372006906448616E-024  -4.0986995285660876E-026  -1.8473472837102590E-024   8.4137206496767879E-024   2.0703276079921441E-024  -5.8771458864102050E-024  -1.9275515903322194E-024  -1.9616924938162212E-013  -2.8266647527553372E-013  -8.8753489575573399E-014   4.5699003288868158E-022  -7.9279616209276514E-022  -1.8544345886855272E-022  -1.7132580375531608E-021   2.9923460682162027E-022   1.2902175691011481E-021  -1.2777429188496205E-014  -1.8411672345483554E-014  -5.7810356902572623E-015   1.2509103135156491E-011   1.8024757045043531E-011   5.6595321058942275E-012   3.0602831048814930E-024   8.2156374677265173E-024   1.3264945138063246E-024  -7.7732266716614786E-024   1.4642434492457305E-026  -1.2582172131877662E-024  -1.0942897448258802E-023  -2.8403509637954349E-024   4.3886995457186607E-024   8.5204273885651797E-026  -3.6427233269818593E-024  -1.3303581124890852E-026  -1.4085231287106153E-027   3.6505196680129504E-024   5.6919165613099553E-027   3.5023297178263606E-024   1.2614311164267146E-026  -1.1819497758922764E-027   2.4901744118890763E-027   2.5137248582192948E-028  -5.4516192903246568E-024   2.5956058885753961E-027   6.7286906989647736E-024  -3.8337253059091031E-027  -4.6513715874966365E-024  -2.1795855437762154E-012   4.9850189813673770E-012   8.8194405789982883E-012  -2.0853987887546160E-013
  -1.6414142727292945E-014   5.6718196910010195E-015  -1.6110106032680805E-017  -4.0537574008903114E-014   4.8894572265253480E-014  -1.6895259393229845E-014   4.7988890975312865E-017  -3.3049990608714228E-014  -9.9724791476940629E-023   5.4002700862215842E-022   1.5346314132217645E-022  -9.4751868409342728E-023  -5.1599316584643415E-023   1.9465815716044062E-022  -2.6464353770301984E-014  -1.6508014734137679E-013   5.7042566245419419E-014  -1.6202233728529128E-016   8.9528196665888061E-022  -1.5095199816215337E-021  -4.3203660831075305E-022  -9.4682405584383514E-023   1.4599407629058448E-022  -7.9869067057860549E-022  -1.1960275563487003E-023   4.4459862028945780E-024  -3.9192188593036840E-026   1.4523165503159568E-023  -3.3895807920900510E-026   4.7707316366419133E-025  -5.1528138432195508E-024  -9.3428856869525983E-026   2.3285003853259702E-024  -2.8843388535495489E-026  -2.3419641181689998E-021   1.9748641074588061E-021   5.6169615715565223E-022   8.0593864673598487E-022  -1.9128233550716425E-022   1.5369350685031816E-021   1.8788767904205321E-025  -1.8232692971887157E-026   1.8626425818149523E-026  -4.5977163626618716E-026   4.0854547019734117E-027   5.5107883538580888E-026   1.6719572989758506E-026   6.2286041728801324E-027   5.1966346474965996E-026  -3.7213159046383851E-026   2.1563573973111202E-025   9.3610071273957995E-027   6.9476883639100062E-026  -6.0960456036665112E-027   1.0173442714427481E-025  -3.4383811114421202E-024   5.2979533461449333E-026  -1.9626824899044977E-026  -1.4163665564689117E-024   5.2355388293003613E-027  -1.4363666749651887E-024   1.6921173180269760E-025   5.2009102722870409E-027   7.7132542975914588E-026   2.3313932199551433E-026  -1.0798829043735499E-024   7.1365787682393962E-027  -6.5655533383771669E-025  -1.2757503809263819E-026  -1.0986949673305896E-024   3.3070121848815132E-025   4.4224394366123022E-027   1.4164861436764845E-025  -4.1513068597016467E-027   1.1791380345855953E-025  -6.4174021282769804E-027   2.3614974631365007E-023  -5.4775329976019068E-024  -1.9136329461126917E-026  -1.1990386228164367E-023   4.3948564463560292E-026   4.5123354964373931E-024   4.7670156720503412E-024   4.4928636422551735E-026  -3.3402365570461450E-024  -3.3805176278318978E-026   4.8985137139235744E-013  -1.6926553350940039E-013   4.8077776128365636E-016   1.9288268920775545E-021  -1.1850251150489734E-021  -3.3686072602961981E-022  -7.8688082040605119E-022   1.1547507573116995E-022  -1.1403572329138708E-021   3.1906735139906735E-014  -1.1025207127907866E-014   3.1315780605426202E-017  -3.1236291246446390E-011   1.0793534041728010E-011  -3.0657694284704278E-014  -7.6732405211521309E-024   4.8846429160215195E-024   2.4265194064226728E-026   1.9290909587928642E-023  -2.7769953356958131E-026   3.2497241542269583E-024  -6.4654604505156360E-024  -9.4182456200656158E-027   2.5383317413334443E-024   1.2559474816057559E-026  -1.2539169178607465E-027   3.1364568091044275E-026  -1.7611060735926623E-026  -2.9114693025506844E-026  -2.7149278025309387E-027  -3.9921423938790610E-026  -1.1878868043701941E-026   4.5067577921692225E-028  -1.8036646965350190E-026   1.4737316593449383E-026  -2.3413618167988176E-027  -2.1234751672338659E-027  -4.3600125007351923E-026   5.2184601736889150E-027   3.9970418370021684E-027   2.2707000688154350E-014  -1.3485033238293281E-014   6.5621911971542858E-014   2.6642939337023982E-015
  -5.2258911053957731E-015   4.4768697857400337E-018   5.6574219826933533E-015   3.6637380043221311E-014   1.5566924027562010E-014  -1.3335680776321747E-017  -1.6852371333950170E-014   2.9827903623143793E-014  -2.8804837658389724E-023   1.5346314132217645E-022   1.0621607152546289E-022   5.8781540219962108E-023  -1.6635055608838363E-022  -2.9976339113300365E-023   2.3972878824809530E-014  -5.2557779202276521E-014   4.5024479823465961E-017   5.6897766091368181E-014   2.6602311951142238E-022  -3.7372046187409614E-022  -4.7210727077043723E-022  -2.5873589404985695E-022   4.0474425093925883E-022  -6.8046945051417199E-024  -3.8354458200207013E-024  -1.0677134831477786E-026   2.6723872849257909E-024   4.5886792167592290E-024  -1.8136564245487467E-026   2.1181072972910774E-025  -4.8025693019565374E-026  -4.2312367634960272E-024  -3.2409844905086124E-026   1.3320110418063402E-024  -7.1201343670620675E-022   3.8308468311169927E-022   9.5011917397411524E-022   5.2589495759831467E-022  -4.1432254716843011E-022   1.8637582740839075E-022  -2.5089937839636009E-026  -2.5675354093869536E-026   1.8533554668506386E-026   5.2321322625331818E-026  -4.9887796788329171E-027   5.0485736032249592E-026   2.7701964559174454E-028   5.5898893841020175E-027   6.8493348993468002E-027  -2.6150312607848810E-026   2.8330387688025971E-026   7.7204862689293816E-027  -4.2644225669203877E-027  -2.7160063749175898E-026  -1.7771903501858857E-027  -1.1142768666654385E-024  -2.1728224190590176E-027   2.2855947505927118E-025  -4.4916795805888155E-025   3.8224612765062525E-027  -4.5748163253338471E-025   7.4693085126180080E-027   1.3213963942962997E-025   9.4088689889827871E-027   3.2184590209398487E-025  -3.5104420069536742E-025  -7.7050440141946473E-027  -2.1850757928612631E-025   3.2859233558463849E-028  -3.4668147711878027E-025   2.0213063103862838E-027   2.1817396126342929E-025   1.1648884374851955E-026   2.9132932957200432E-025  -1.0256280409990460E-026   6.6967916097048525E-025   7.5696188741814433E-024  -2.7861836742265171E-026  -3.8838051008210649E-024  -3.7629729207488253E-024   3.4877235356876726E-026   1.3815584882239314E-024  -1.3725877121688142E-026   3.9802610434904222E-024  -2.2193690228656844E-027  -3.8648837214763729E-024   1.5595757971526817E-013  -1.3360358910421088E-016  -1.6883586047713105E-013   5.8897062576292497E-022  -1.8266851983403383E-022  -7.1870902437790864E-022  -3.9875568994549719E-022   1.9731648038477050E-022  -1.8985222505691152E-022   1.0158382129881537E-014  -8.7024055646012867E-018  -1.0997217046763439E-014  -9.9449275071505526E-012   8.5194820802921686E-015   1.0766135203335740E-011  -2.4330125786426838E-024   6.8098855261542948E-027   2.4313157026157634E-024   6.1325664894756261E-024  -3.1422631037818995E-026   1.0644873031734882E-024   4.7286298233368522E-027  -5.4271838499685535E-024  -7.3594976186969929E-028   2.2189939020837262E-025  -7.4881229076514108E-027   1.2779449946174180E-026  -1.1296392687447202E-026  -6.7475713699561949E-027  -8.7238728789382884E-028   1.2425134654979569E-026  -1.2831319702376934E-026  -1.6535353460450437E-027  -7.0884188192366927E-027   1.3051359011892421E-026  -8.2978111366136097E-027  -1.0275160112019027E-026   1.8057969826947139E-026   1.0241329636963557E-026  -2.7060914580761044E-026  -1.6832240240902018E-014   1.2163630467799136E-014  -3.9758066335313930E-014   5.8286087028390292E-015
