   4.6403970540778591E-002   7.4327528202631838E-008  -1.3070979673015650E-008  -1.1160827926003399E-007   8.3912893655978482E-002   8.5161151388688778E-008  -1.4976141023376071E-008   7.2055183170355349E-010  -2.0657883016066797E-008   3.6328230745729494E-009   1.1145008209462484E-008  -4.8216754234410421E-009  -1.1865559809358323E-008   8.1992539522520934E-008   8.0913866157437251E-011  -2.7783194937792116E-010   4.8858550976177163E-011  -4.5063436136401796E-011  -3.8627184295360071E-012  -6.3497165453105822E-011   2.3204019008954403E-010  -7.1458964494407029E-011  -3.3480695640603735E-011   1.6845128050398684E-011   8.9014502985561794E-002   4.8445151268233722E-008  -8.5193948041877542E-009  -9.4464434897263802E-009   6.8493084391464884E-009  -1.2044955085415997E-009   7.8317805150689161E-009  -1.3027459664498815E-009   1.6146624218305063E-009   2.1613520635975287E-010   1.5848945864551122E-010  -2.7871388422672649E-011  -5.0428266986060905E-010   1.3178039594561448E-010   1.2461528468730178E-010  -7.5642290515792536E-012  -7.6594029405760030E-011  -2.0248723407458867E-010   8.4961205889912828E-011   2.5923582165683617E-010  -4.8071465130281807E-011   4.8904285958299408E-011  -5.0151852819636821E-011  -9.8779927327015099E-011   5.4102450912554665E-009   1.9104224912473787E-011   3.5806360621516279E-010  -6.2967622353102221E-011  -1.7428490453176767E-010   6.7647547045025308E-011   1.4855467203234581E-010  -2.0017429306962613E-010   1.5752124857326446E-011  -8.9496976261362669E-011   3.5192014049263856E-011   7.3506445735128723E-013  -7.5018914558700827E-013   1.3181939265023572E-013  -1.6160650113859244E-012   3.5401643149460055E-013   7.2072841000873429E-014   1.5572079871189874E-012  -6.9206608944196316E-013  -7.7268108427445102E-013   3.4316451409015759E-013   8.7353458780533783E-013   1.0848932097909927E-013   6.6217500989021443E-013  -4.6250721962027612E-013  -4.1859410058881934E-013  -7.5852297342184398E-013   2.9916389907573546E-013   9.5413853191629966E-014   1.2414149902563127E-013   3.6641706692399945E-013  -2.1408645058899508E-013   6.0598302771478013E-002   3.2101763380862792E-008  -5.6453027483615074E-009  -2.2944534479279311E-009   4.0335007717697438E-010  -7.0931728989018961E-011   2.6372277455512462E-009  -6.2443500877884760E-010  -3.4277466425587467E-010   4.8249025391704362E-011   3.5877617240456710E-011  -6.3093106290797928E-012  -1.1266753994653302E-010   2.9457285965744058E-011   2.7911991840036705E-011  -2.2741816969050844E-012  -1.6904962662638455E-011  -4.5083764391142268E-011   1.8909531670306669E-011   5.8081775329653012E-011  -1.0944693444664884E-011   1.0641152133901635E-011  -1.1011468193084043E-011  -2.1946630525264399E-011   7.9491096263750318E-009   2.2784914427817549E-011   3.7802391091577222E-010  -6.6478076066405788E-011  -1.8879115873696314E-010   7.2718207878093968E-011   1.5824288552667124E-010  -2.0928671830014066E-010   1.5047447489730364E-011  -9.7237731743080572E-011   3.8333939761200891E-011   3.4799930294942452E-002   1.8483983214883428E-008  -3.2505285622951720E-009  -6.4633041244833131E-010   5.4638335706717831E-010  -9.6085077693805800E-011   4.9051327626222416E-010  -7.0132634428340723E-011   1.5581807065589110E-010   1.7963450425731966E-008   4.4484770747694340E-009
   7.4327528202631838E-008   4.6403909805246932E-002   1.9460213402354410E-008   1.6616360719155156E-007   8.5161146194072802E-008   8.3912824067937930E-002   2.2296640465366908E-008   2.8099423305245965E-009   2.8923924160371422E-008  -4.8216755128227620E-009  -2.0475514347273299E-008   7.5727764354837728E-009   1.7665572959757594E-008  -1.2207136751021164E-007   4.6369763980553814E-011  -1.8398813884543233E-010   4.1168931473227620E-011  -2.8728001021043304E-011  -4.7988879557576110E-011  -3.3480457874526120E-011   1.6408399648873165E-010  -7.5218701799839908E-012  -3.6134362679515722E-011  -2.5079924524124998E-011   4.8445146435219771E-008   8.9014463399304661E-002   1.2683768036352485E-008  -6.4176961793019938E-009  -5.3463990971871396E-010  -1.3027460520074564E-009   8.8216324259294071E-009  -1.3997791691346470E-010  -2.4039225843003689E-009  -8.6844114560179459E-011   3.3970093223062687E-010  -4.9249662920638131E-011   1.3534266389630478E-010   4.2433029130358010E-012   1.7205392317684531E-011  -4.9311060045517014E-010   1.3336124169968967E-010   2.0582058136642551E-010  -5.0151818598713617E-011   7.9810976434295401E-011  -1.2910475446588680E-010  -2.7554464550091894E-010   1.2594199322202098E-010   1.4706345238736636E-010  -8.0548277999663103E-009  -2.0014164359142599E-010   8.1745530338504376E-011  -2.3441463790655619E-011   3.5802094836464440E-010  -4.5428709588602559E-011  -8.9496379232597849E-011  -2.2615108564171420E-010   9.3734909609626831E-011   2.2171782928249018E-010  -5.2396348549794111E-011   3.9283301830077371E-013   1.0344684134746074E-012  -1.2462459944072234E-013  -1.1860329050226621E-012   2.9791970794829196E-013   3.2771209010107067E-013  -1.4817409570092959E-012   2.2625486830334002E-013   1.6101258934554884E-013  -4.9087344018661518E-015   1.5224193440217885E-012  -7.4778555638271397E-013  -1.0841530719148438E-012   4.5004850567464306E-013   3.6641862619342087E-013   2.8922250787000398E-013   3.9884636693446597E-013   8.2021065066227992E-013  -6.9031834654708891E-013  -7.2939993294652508E-013   3.1939348583275377E-013   3.2101758302294400E-008   6.0598276540109429E-002   8.4047864590017736E-009  -1.4135653677659992E-009   1.6779471713820339E-009  -6.2443497231452693E-010   9.0324065063160500E-010   4.3931513594699982E-010   5.1032724876554190E-010  -1.9079723137649535E-011   7.5844164499533641E-011  -1.0982518763283805E-011   2.9550093274976943E-011   1.1503718824608494E-012   3.9664422805908709E-012  -1.0986606703432672E-010   2.9508018930290036E-011   4.5645114254793254E-011  -1.1011477959805825E-011   1.8110202900329567E-011  -2.8764803648450802E-011  -6.1364758960470844E-011   2.7907371491175678E-011   3.2674394940806851E-011  -1.1834715484118913E-008  -2.1421200462448726E-010   8.3068038930590282E-011  -2.4133338155381490E-011   3.8463428175820303E-010  -5.0185326311427432E-011  -9.7237199224950938E-011  -2.3909903706930746E-010   1.0070383696892759E-010   2.3768893045021303E-010  -5.7071898593801684E-011   1.8483982409604562E-008   3.4799915191047477E-002   4.8394215235163617E-009  -4.4806254921538557E-010  -1.4810851914187747E-010  -7.0132638386727918E-011   6.8004470904019251E-010  -3.8777336478598044E-011  -2.3198365390274345E-010  -2.6744170045643984E-008  -6.6229470116548264E-009
  -1.3070979673015650E-008   1.9460213402354410E-008   4.6404017042657876E-002  -2.9220950013491658E-008  -1.4976142514391231E-008   2.2296640810033673E-008   8.3912946935749050E-002  -4.9414675227072265E-010  -4.8216754889395894E-009   2.3536093173349928E-009   2.9179529693451472E-009  -3.5040786198729751E-009  -2.4238066641588935E-009   2.1467050117321322E-008  -8.1551424994040420E-012   4.1169247093311288E-011   4.2881262157582414E-011  -7.1459280304859679E-011  -2.3498411001752548E-010   8.2398459927937444E-011   6.0752000147071473E-011   2.0916991236954533E-010  -1.2267625081878011E-010  -1.8784121012835272E-010  -8.5193918840213398E-009   1.2683766356814849E-008   8.9014533294402287E-002   1.1285919225627743E-009  -1.3027457889038454E-009  -7.7135489872108536E-009   2.0504911691252727E-009   1.1484014849268868E-008  -3.1790909048664565E-009   1.5272621093727645E-011  -4.9249762442320508E-011   6.8305450394899764E-011   2.3412099291330927E-011   1.4946304519984181E-010  -5.0238002637297118E-011  -4.8071497505634764E-011  -3.3933144131384908E-010   1.3057003706946286E-010   1.8461706008682288E-010   6.7873171098136290E-011   1.6345681544466996E-010  -1.4263698705019214E-010  -2.7485998834960989E-010   1.0980042846826238E-010   1.4164988398283429E-009   3.5193246017004006E-011  -2.3440658960312208E-011  -4.7407579308704599E-011   1.5750289610138746E-011   2.5841557827898733E-010  -6.2974871057935489E-011  -5.2409418943202306E-011  -2.3028261500030807E-010   9.3755635645450391E-011   2.0707404989252444E-010  -6.7773880802317844E-014  -1.2481160554921393E-013   3.4128471562663248E-013   1.7778725458095922E-013  -1.5250241459916976E-013  -2.5644135373258431E-014  -1.4478274117221189E-013  -9.9861752277182951E-013   4.1345046587107249E-013   2.7626630045819523E-013   2.9978879211603838E-013   1.1633340329527096E-012  -7.6276747951703698E-013  -1.0110177448364076E-012   4.5484230451351942E-013  -1.9844302121048494E-013  -2.0325032968427618E-013   5.7761794452009287E-013   9.9262025899483065E-013  -6.7657701626154953E-013  -6.1255256924467755E-013  -5.6453065365391951E-009   8.4047884264476130E-009   6.0598322855507467E-002   2.4858417164289159E-010  -6.2443521696243870E-010  -1.7630633045434902E-009   6.9047059310767934E-010   2.6248675070572058E-009  -9.3905656037390284E-010   3.3553596156787034E-012  -1.0982452543177477E-011   1.5323983426166602E-011   5.4046047080109034E-012   3.3525707461309848E-011  -1.1298636719940968E-011  -1.0944635558857226E-011  -7.6116690381001077E-011   2.9418466026185320E-011   4.1410077897167435E-011   1.5206864145308567E-011   3.6663147599647337E-011  -3.2116780798520850E-011  -6.1651762350156111E-011   2.4715588336097618E-011   2.0812107799229844E-009   3.7671448887631792E-011  -2.4133481694033978E-011  -4.9919195060061282E-011   1.5047878957093575E-011   2.7190065297495917E-010  -6.5587715910769032E-011  -5.4794780711274946E-011  -2.4233134395396810E-010   9.7648147277088874E-011   2.1782081819927453E-010  -3.2505287107757930E-009   4.8394217197796809E-009   3.4799941859159578E-002   7.8794741720826043E-011  -7.0132587340349908E-011  -5.3458122628349698E-010   1.2842477847264864E-010   7.9589028484828821E-010  -2.0721920081933280E-010   4.7031393387524651E-009   1.1646960125248259E-009
  -1.1160827926003399E-007   1.6616360719155156E-007  -2.9220950013491658E-008   7.1059053153842158E-002  -2.0433042503170885E-007   3.0420932874714759E-007  -5.3497191404950415E-008   6.5838206608491071E-010   1.1910007012003593E-008  -2.0944521589691436E-009  -7.7698359672204835E-009   3.1182429207076972E-009   7.1114274278802463E-009  0.20150585714047589       -1.5341693285030699E-009  -1.0823545754459807E-009   1.9033902049119907E-010   3.3056577009877575E-009  -9.5404561601695305E-010  -1.2473504927357937E-009  -5.7744187388991866E-010   8.6547762067641944E-010   1.8570692211484432E-009  -7.8695895259603502E-010  -2.1208435054346045E-007   3.1575345293999072E-007  -5.5527295360036989E-008   6.8640334041592458E-011   1.2402126328357728E-009  -2.1809928950734239E-010  -8.0909024425451960E-010   3.2470852373036141E-010   7.4015133987914855E-010   3.7429845963627610E-011  -3.8577293232895350E-011   6.7840085336790991E-012  -7.4924452917371458E-011   1.7630187730989769E-011   9.2491815267980795E-012   7.6478024928100758E-011  -3.8987500153750139E-011  -5.0849535425161840E-011   2.2275474427476886E-011   1.6932033731521896E-011   2.0023279018694649E-011   4.5245943500457036E-011  -3.3163985334710129E-011  -3.0959946485604796E-011  0.15100974589150878       -2.6903785758985095E-010  -1.8981009580516303E-010   3.3378940225034305E-011   5.7969921641217855E-010  -1.6730645323923136E-010  -2.1874009575943749E-010  -1.0126740597199856E-010   1.5177460989711579E-010   3.2566344879710734E-010  -1.3800508238577666E-010   5.2746877908713663E-014  -1.1045842447886042E-012   1.9432917193573711E-013   8.8473715287378387E-014  -6.1506676212616555E-014  -2.0506685421840244E-013   1.7695690128968865E-012  -6.1294301345055718E-013  -4.3097808628802400E-013   2.0229149144389153E-013  -6.2919290688111491E-013   7.2571558406325079E-013   9.8505539412769742E-013  -6.6423989721986974E-013  -4.0516909621269931E-013  -5.9529192284250776E-013  -1.6458157623508594E-013  -4.6663084719831320E-013   6.7237027374131792E-013   6.0289945574384067E-013  -4.0101019638049578E-013  -1.3517737383012254E-007   2.0125352297917077E-007  -3.5391742431909188E-008   3.8662051061269242E-011   7.0133846356985359E-010  -1.2333506645076077E-010  -4.5759275788121782E-010   1.8362248127049128E-010   4.1885713331397926E-010  -2.3124230485725449E-012   2.4109787884425727E-012  -4.2398054953841564E-013   4.6935849732160068E-012  -1.1018492495033313E-012  -5.7861939612084733E-013  -4.7796842537304978E-012   2.4366161171011481E-012   3.1779674623232667E-012  -1.3921720015561215E-012  -1.0443272581750966E-012  -1.2514084716157532E-012  -2.8376377554046337E-012   2.0726572881615448E-012   1.9068810975221686E-012   4.4183583365168481E-003  -8.8168614433606958E-011  -6.2202435063316546E-011   1.0938764195206198E-011   1.8997648602148335E-010  -5.4829095382430232E-011  -7.1685480964706874E-011  -3.3184583152821300E-011   4.9739063354689666E-011   1.0672637218156131E-010  -4.5226703754826813E-011  -7.6778118749808724E-008   1.1430808629765666E-007  -2.0101820309694283E-008  -2.2399909260207159E-011  -4.0557857878566995E-010   7.1323665393501626E-011   2.6459796306046906E-010  -1.0618741298594653E-010  -2.4219975182394537E-010  0.13179215532852315        6.4218362537650465E-004
   8.3912893655978482E-002   8.5161146194072802E-008  -1.4976142514391231E-008  -2.0433042503170885E-007  0.15174075924245070        6.4945286954445866E-008  -1.1421049281414834E-008   1.3029799990335395E-009  -3.7355946186164597E-008   6.5692860769933752E-009   2.0153683491234463E-008  -8.7191061609738562E-009  -2.1456663071087303E-008   1.4115952519535417E-007   1.4631758276518764E-010  -5.0240682777529595E-010   8.8351500469287437E-011  -8.1488887454891194E-011  -6.9849624718977560E-012  -1.1482264186322470E-010   4.1960110218294191E-010  -1.2922014326780079E-010  -6.0543620279701819E-011   3.0461279868651169E-011  0.16096606466698868       -6.8628562452084906E-009   1.2068775298077014E-009  -1.7082117608330259E-008   1.2385692366471217E-008  -2.1781046886903400E-009   1.4162299960130827E-008  -2.3557699190304588E-009   2.9198166485095236E-009   3.9084015275270763E-010   2.8659814755932807E-010  -5.0400123516841719E-011  -9.1190094070574396E-010   2.3830019885590174E-010   2.2534338576076336E-010  -1.3677980524488886E-011  -1.3850616686250029E-010  -3.6616044842046858E-010   1.5363652256259355E-010   4.6877938053096686E-010  -8.6928078643713871E-011   8.8434510226511537E-011  -9.0690420919858907E-011  -1.7862514093980779E-010   4.4564983899395370E-009   3.4546642528186493E-011   6.4749091582781986E-010  -1.1386514226977244E-010  -3.1516201966615412E-010   1.2232802702522323E-010   2.6863340487452285E-010  -3.6197750164623935E-010   2.8484621271073782E-011  -1.6183875622207247E-010   6.3638268257460826E-011   1.3292260317981379E-012  -1.3565777127502621E-012   2.3837088344857864E-013  -2.9223497484860291E-012   6.4017210015573188E-013   1.3032989517362257E-013   2.8159206104768305E-012  -1.2514723692904406E-012  -1.3972491695202334E-012   6.2054883119076758E-013   1.5796222341775218E-012   1.9618361241337602E-013   1.1974205163316802E-012  -8.3635836585656437E-013  -7.5694935763793097E-013  -1.3716471210034436E-012   5.4098145100157366E-013   1.7253734527108664E-013   2.2448755526901563E-013   6.6259729695152499E-013  -3.8713570696287015E-013  0.10958068624172054       -6.2600570994297561E-009   1.1008733818490217E-009  -4.1490879818511482E-009   7.2938117996306329E-010  -1.2826641449766934E-010   4.7689318635739215E-009  -1.1291737995702885E-009  -6.1984454470967913E-010   8.7249350906511404E-011   6.4877871676176600E-011  -1.1409192606480443E-011  -2.0373818455594920E-010   5.3267992185477175E-011   5.0473605673744930E-011  -4.1123171377179552E-012  -3.0569505884897472E-011  -8.1525591047213204E-011   3.4194367525691000E-011   1.0503000112588316E-010  -1.9791391777167708E-011   1.9242590784729153E-011  -1.9912220018672715E-011  -3.9686402911204170E-011   1.4344408573373877E-008   4.1202489753914091E-011   6.8358538435926717E-010  -1.2021313961095945E-010  -3.4139387995185360E-010   1.3149737165060746E-010   2.8615272805170283E-010  -3.7845560578701160E-010   2.7210337975293392E-011  -1.7583647222389565E-010   6.9319856554346610E-011   6.2929159208707952E-002  -3.5066816670693288E-009   6.1667272650985654E-010  -1.1687670634546409E-009   9.8803217396958940E-010  -1.7375190325967980E-010   8.8700072629724488E-010  -1.2682154669353726E-010   2.8176802697269015E-010   2.7831547120649271E-008   9.9384453986759063E-009
   8.5161151388688778E-008   8.3912824067937930E-002   2.2296640810033673E-008   3.0420932874714759E-007   6.4945286954445866E-008  0.15174070617349431        1.7003785534452120E-008   5.0812565127427322E-009   5.2303551104701282E-008  -8.7191063226043656E-009  -3.7026165375996913E-008   1.3693961341541405E-008   3.1944910568508546E-008  -2.1015982572256749E-007   8.3850913629442858E-011  -3.3270803847103939E-010   7.4446287448329095E-011  -5.1948995652835826E-011  -8.6778927177728664E-011  -6.0543190318951679E-011   2.9671503913291249E-010  -1.3601837494768623E-011  -6.5342094670580935E-011  -4.5352377120838007E-011  -6.8628550203401918E-009  0.16096607027471035       -1.7968060920243455E-009  -1.1605197964116624E-008  -9.6680349509907532E-010  -2.3557700737461291E-009   1.5952269512909690E-008  -2.5312577091232827E-010  -4.3470468430327040E-009  -1.5704163047426404E-010   6.1428568019017900E-010  -8.9058827349970749E-011   2.4474251290660652E-010   7.6730421719486489E-012   3.1112628182175442E-011  -8.9169861025631178E-010   2.4115912886551758E-010   3.7218834513859334E-010  -9.0690359037650075E-011   1.4432298597209354E-010  -2.3346188467340020E-010  -4.9827115682908985E-010   2.2774275481171498E-010   2.6593692282302970E-010  -6.6348913280462597E-009  -3.6191891220272736E-010   1.4782117614979633E-010  -4.2389437529084482E-011   6.4741438233609320E-010  -8.2149508318928994E-011  -1.6183767657224627E-010  -4.0895187599443467E-010   1.6950217265598421E-010   4.0093546532383281E-010  -9.4749134840492404E-011   7.1036455535182596E-013   1.8706441379464584E-012  -2.2536059033654141E-013  -2.1447178353707443E-012   5.3873194149639608E-013   5.9260616961588033E-013  -2.6794539357710391E-012   4.0914074928513671E-013   2.9116194763622675E-013  -8.8769618409208644E-015   2.7530106557239890E-012  -1.3522312382007154E-012  -1.9604892508228947E-012   8.1382959833897008E-013   6.6260010438699396E-013   5.2300584129752059E-013   7.2123906471354716E-013   1.4831978390899299E-012  -1.2483124695115510E-012  -1.3189840330836890E-012   5.7756398037743834E-013  -6.2600594933176663E-009  0.10958069135715093       -1.6389914812200762E-009  -2.5561671983378358E-009   3.0342545812899667E-009  -1.1291737336315334E-009   1.6333393906456488E-009   7.9441950653269247E-010   9.2283238567259543E-010  -3.4502176274378504E-011   1.3715000394598212E-010  -1.9859836306516880E-011   5.3435955695122672E-011   2.0801925563816880E-012   7.1725452524289014E-012  -1.9867230479877503E-010   5.3359792986528673E-011   8.2540723546325489E-011  -1.9912237679970359E-011   3.2748861405280552E-011  -5.2015786058276259E-011  -1.1096673450835630E-010   5.0465310061620789E-011   5.9085571291104873E-011  -2.1356100502049479E-008  -3.8736253378068260E-010   1.5021267193561558E-010  -4.3640560100991480E-011   6.9553963268066920E-010  -9.0750966791747063E-011  -1.7583550927496233E-010  -4.3236581969574097E-010   1.8210417817010384E-010   4.2981622187815751E-010  -1.0320399751400690E-010  -3.5066792220884945E-009   6.2929162074124981E-002  -9.1810824090567950E-010  -8.1023696630968707E-010  -2.6782724049819770E-010  -1.2682155385159590E-010   1.2297335958822467E-009  -7.0121739675087122E-011  -4.1949933133515834E-010  -4.1435904669510793E-008  -1.4796450490141462E-008
  -1.4976141023376071E-008   2.2296640465366908E-008   8.3912946935749050E-002  -5.3497191404950415E-008  -1.1421049281414834E-008   1.7003785534452120E-008  0.15174079987448369       -8.9357221888494814E-010  -8.7191062794168787E-009   4.2560623167459020E-009   5.2765775925200680E-009  -6.3364709083677971E-009  -4.3830061821033665E-009   3.6957971346184523E-008  -1.4747026741407250E-011   7.4446858189099893E-011   7.7542702466928405E-011  -1.2922071435370225E-010  -4.2492459527472613E-010   1.4900214360474139E-010   1.0985858187629547E-010   3.7824447070492031E-010  -2.2183696585454034E-010  -3.3967552156633660E-010   1.2068856705510176E-009  -1.7968097903215270E-009  0.16096606037312758        2.0408464838647471E-009  -2.3557695979720628E-009  -1.3948504065856035E-008   3.7079270731447265E-009   2.0766683154921964E-008  -5.7487876856760244E-009   2.7617730114821793E-011  -8.9059007316308634E-011   1.2351758296848533E-010   4.2336252127358596E-011   2.7027586099258441E-010  -9.0845971204911620E-011  -8.6928137188458156E-011  -6.1361721267757390E-010   2.3611128744142690E-010   3.3384529889210261E-010   1.2273590470105058E-010   2.9558096894564510E-010  -2.5793210871141416E-010  -4.9703269524983501E-010   1.9855338775341531E-010   1.1667887453552004E-009   6.3640435283068532E-011  -4.2387982137855627E-011  -8.5727706293060531E-011   2.8481302562158203E-011   4.6729605173580513E-010  -1.1387816871588158E-010  -9.4772561655711808E-011  -4.1642287068185430E-010   1.6953937203914171E-010   3.7445453875718072E-010  -1.2255630325709123E-013  -2.2569875765159436E-013   6.1714934876267773E-013   3.2149487628526718E-013  -2.7577198243758375E-013  -4.6372676796983585E-014  -2.6181170114891156E-013  -1.8058123668350600E-012   7.4764730794043346E-013   4.9957576599415687E-013   5.4211145526534572E-013   2.1036712652967106E-012  -1.3793212704329296E-012  -1.8282358576867086E-012   8.2249668064544990E-013  -3.5884713897235043E-013  -3.6754009022977884E-013   1.0445133302410578E-012   1.7949674643999669E-012  -1.2234621604191146E-012  -1.1076863667221104E-012   1.1008684767774844E-009  -1.6389883759087496E-009  0.10958068232531304        4.4951773725433963E-010  -1.1291741760312715E-009  -3.1881685994042398E-009   1.2485865954838109E-009   4.7465795142069695E-009  -1.6981075797857307E-009   6.0675518236537702E-012  -1.9859716559873379E-011   2.7710546999579081E-011   9.7731829745564085E-012   6.0624948683842665E-011  -2.0431457729647373E-011  -1.9791287101562153E-011  -1.3764274594822909E-010   5.3197747858416645E-011   7.4882352800071013E-011   2.7498762722671106E-011   6.6298420518924208E-011  -5.8077145257283461E-011  -1.1148563957099279E-010   4.4693485015584682E-011   3.7556051196171942E-009   6.8121802592495888E-011  -4.3640819663253150E-011  -9.0269491788464888E-011   2.7211118204243464E-011   4.9168127716583222E-010  -1.1860300510152373E-010  -9.9086038982717068E-011  -4.3821073457433011E-010   1.7657824409699511E-010   3.9388805131758960E-010   6.1667357393115485E-010  -9.1810814416007187E-010   6.2929157014802561E-002   1.4248549137796444E-010  -1.2682146154373900E-010  -9.6668971549366839E-010   2.3223198492786296E-010   1.4392180555479278E-009  -3.7471689877710747E-010   7.2867710725406642E-009   2.6020333137315855E-009
   7.2055183170355349E-010   2.8099423305245965E-009  -4.9414675227072265E-010   6.5838206608491071E-010   1.3029799990335395E-009   5.0812565127427322E-009  -8.9357221888494814E-010   1.9270371950504974E-016   1.5923810044493089E-015  -2.8003056382540429E-016  -1.1698780502760894E-015   4.4989711921243973E-016   9.7717415097156533E-016   1.8669751178679849E-009  -1.0063101509984158E-017  -2.5921828176069839E-017   4.5584783435426141E-018   2.8948862513556250E-017  -9.3029180024689872E-018  -1.5447606835421224E-017   7.5420001224080956E-018   4.2262480035062005E-018   1.5804321377578213E-017  -6.5480864241245180E-018   1.3821940364114272E-009   5.3901805440388736E-009  -9.4789853195672704E-010  -5.4668084344356095E-016   9.9342774430503066E-017  -1.7470059780606466E-017   6.2646298442469694E-016  -1.4798757512288371E-016  -7.9784004869908732E-017  -1.7185109665043712E-018   2.3198243701254277E-017  -4.0795581816767272E-018  -5.7832159596461918E-019   8.7494021796364437E-019   3.5975155904338906E-018  -2.8756770952737989E-017   1.0138472268214451E-017   7.4575429042171356E-018  -3.4772041970795883E-018   8.2923205962264983E-018  -1.0119346441507274E-017  -1.3987823280242958E-017   9.4672054734572260E-018   5.9153552902105330E-018   1.3991266472956294E-009  -1.4689850572495628E-017   9.0011453139304207E-018  -1.5831609422540547E-018   2.4175937207135710E-017  -6.0022176730432588E-018  -4.4684406572626889E-018  -1.7182634747917525E-017   9.7788867810094407E-018   1.4054761203142390E-017  -6.1099227737589322E-018   3.6411878800198356E-020   4.2087535402500151E-020  -7.3334733175972963E-021  -9.7986301937349615E-020   2.4591394167327010E-020   1.9336521233610508E-020  -4.7608539861831397E-020   7.9095809491339974E-021  -1.0643799689939056E-020   3.9636466050896512E-021   9.6730639817259540E-020  -4.9261139787712627E-020  -3.8118571419846727E-020   2.4682478407162590E-020   7.0908599411426536E-021   2.3332320590388657E-021   2.9436582227607693E-020   4.0674276772416448E-020  -4.4214577565276353E-020  -2.5687817580075160E-020   1.8823853046270988E-020   9.4095470521882082E-010   3.6694670331071931E-009  -6.4529979753546466E-010  -1.2351331446725684E-016   1.2102073427385130E-016  -2.1282274956559249E-017   8.4050103639889216E-017  -9.3432153062049609E-018   3.9462696034197848E-017  -4.6331067384581137E-019   5.2890498038206524E-018  -9.3011457005547467E-019   2.5838772363406353E-020   1.5984648758590272E-019   7.8854944809770013E-019  -6.6158746906149763E-018   2.3574593297724438E-018   1.7801166190898241E-018  -8.2703324310516151E-019   1.8269112564480591E-018  -2.3137820845747016E-018  -3.2349315399306207E-018   2.1946399609603985E-018   1.3922585642086180E-018   4.0793350604142899E-011  -1.3835627225293738E-017   1.0580633802879632E-017  -1.8606941660562959E-018   2.1959526281552328E-017  -5.3131833329737848E-018  -3.3966825488056431E-018  -1.7452095242631102E-017   9.3730423946978630E-018   1.2832110905767623E-017  -5.5992495718846996E-018   5.4036428939434752E-010   2.1072734764846587E-009  -3.7057783472609367E-010  -3.8214615832914655E-017  -3.4955469581980486E-018   6.1471540478874816E-019   4.9880024482131426E-017  -1.2896289569506623E-017  -1.1665503656588958E-017   1.2210753349682045E-009   3.7739099271292344E-012
  -2.0657883016066797E-008   2.8923924160371422E-008  -4.8216754889395894E-009   1.1910007012003593E-008  -3.7355946186164597E-008   5.2303551104701282E-008  -8.7191062794168787E-009   1.5923810044493089E-015   2.9722080935067347E-014  -5.2182297158073791E-015  -1.9329496791850051E-014   7.7533950615587633E-015   1.7737111881689836E-014   3.3773226555950168E-008  -2.6340348223943339E-016  -1.7668182353766875E-016   3.1356191276019105E-017   5.6362068215062381E-016  -1.6367752770117472E-016  -2.1022370845377675E-016  -1.0411773550181634E-016   1.5044653372115798E-016   3.1638071653203621E-016  -1.3551091889132306E-016  -3.9627082659061640E-008   5.5483463344463524E-008  -9.2492045179525784E-009   9.9359507967729181E-017  -3.0391658968781693E-015   4.8913576574621042E-016   1.6634141652794786E-015  -6.4614366767002212E-016  -1.7628141324806155E-015  -1.4566231501772729E-016   1.3983441364932603E-016  -2.4250426304096371E-017   2.9386423790212252E-016  -6.8595862065016995E-017  -3.7981159048647415E-017  -2.8617950768463323E-016   1.4594731479405847E-016   1.9634235195000844E-016  -8.4532196480394397E-017  -6.9873236212817915E-017  -7.2700092578829353E-017  -1.7111589613059176E-016   1.2382844985805487E-016   1.1904225999308883E-016   2.5309936238579657E-008  -1.8199781624186563E-016  -1.3782194769280141E-016   2.3940123517707343E-017   3.9625631567521704E-016  -1.1332006433241411E-016  -1.5203048905485198E-016  -6.3374180013322265E-017   1.0077612804590976E-016   2.2287443130066223E-016  -9.2969478718417873E-017  -6.6494109320806899E-020   8.0659653180320596E-019  -1.3925412047297538E-019  -2.3476170552892658E-020   3.3633681836737528E-020   1.4047546299640799E-019  -1.3051846257823954E-018   4.5014991184160245E-019   3.2914606483491671E-019  -1.5062952837609563E-019   4.2345591899289011E-019  -5.1364433349186288E-019  -7.2619148219598498E-019   4.8013930321038999E-019   2.9957120974331858E-019   4.3879805595230110E-019   1.0895856715527834E-019   3.3054136381535162E-019  -4.7599501707505987E-019  -4.4641267761549145E-019   2.9082472598462992E-019  -2.6976883375658096E-008   3.7771413310560882E-008  -6.2965702759234148E-009   1.2100202051096471E-016   1.0488161543915753E-015  -1.9512787507745413E-016  -7.5951636215298100E-016   3.0986459872804184E-016   6.3850394082984519E-016  -3.4108054778992137E-017   3.2847691728201629E-017  -5.7000689258762827E-018   6.8800749271401835E-017  -1.6064850949874502E-017  -8.8763974625684812E-018  -6.7131886993072225E-017   3.4235692148045087E-017   4.5997032516928523E-017  -1.9817727310015109E-017  -1.6323481780149209E-017  -1.7076317175577762E-017  -4.0124790841126570E-017   2.9050350869557016E-017   2.7887809989215842E-017   7.3793705463630207E-010  -1.6235500457148100E-016  -1.2442770343151536E-016   2.1572217768048458E-017   3.5406792313157898E-016  -1.0109511152955935E-016  -1.3625429444054060E-016  -5.5731327273803383E-017   8.9587030552437921E-017   1.9918265783387569E-016  -8.2851885124174606E-017  -1.5492078285295588E-008   2.1691078370792405E-008  -3.6159462210773583E-009  -3.4923214492625949E-018  -3.9624641625717108E-016   6.6561778059959938E-017   2.3651850806748358E-016  -9.3445540612431138E-017  -2.3302785007532355E-016   2.2089021864071743E-008   6.8163595059232919E-011
   3.6328230745729494E-009  -4.8216755128227620E-009   2.3536093173349928E-009  -2.0944521589691436E-009   6.5692860769933752E-009  -8.7191063226043656E-009   4.2560623167459020E-009  -2.8003056382540429E-016  -5.2182297158073791E-015   9.6651513207461668E-016   3.3770627356590570E-015  -1.4339721177097870E-015  -3.0970314941147812E-015  -5.9392414521867416E-009   4.6321191589147230E-017   3.1356629889865178E-017  -3.8878950022659745E-018  -1.0159894803427664E-016   2.0885323732579711E-017   3.9451773680623603E-017   2.1217295636949692E-017  -1.9712917376245158E-017  -5.9824307472047902E-017   1.7592423558319586E-017   6.9686801958307996E-009  -9.2492045637713120E-009   4.5148163142957973E-009  -1.7473059604929465E-017   4.8913577830149941E-016  -3.4373529696683253E-016  -1.7565238107292212E-016   4.8545540217968573E-016   1.9313238013967747E-016   2.5615682378907221E-017  -2.4250456307802113E-017   6.1999022198124145E-018  -5.0146002464934446E-017   1.6936917019265176E-017   5.1473202331109711E-018   4.5953011783320077E-017  -3.5915213197734608E-017  -2.9117004149197628E-017   2.0569696359751974E-017   1.4945372963457948E-017   1.7351839518535870E-017   2.3891377100747059E-017  -2.9975875535349821E-017  -1.6532470873532816E-017  -4.4509168305333213E-009   3.2005404399535038E-017   2.3942745417026115E-017  -5.8820342826862411E-018  -6.7130303629540496E-017   2.8053745420625551E-017   2.4181511902252474E-017   8.1537822577785001E-018  -2.4659334585388466E-017  -3.4886661621955622E-017   2.2769309429309960E-017   1.1735873684887734E-020  -1.3999229783774600E-019   3.4851401874613618E-020   3.1295696285644444E-021  -9.1630459435464537E-021  -2.3665658749506037E-020   2.1637247229356797E-019  -1.1027323022449164E-019  -4.3548365181176002E-020   3.5425274977550327E-020  -5.6053099475057788E-020   1.2380785596946382E-019   9.6769475864818227E-020  -1.1467243128967435E-019  -3.5832318627049215E-020  -8.1954112712290195E-020  -2.3480156259983493E-020  -3.4705510865028200E-020   1.1197568555218491E-019   5.2389450257315064E-020  -6.9196629582000655E-020   4.7440603827087418E-009  -6.2965703071108362E-009   3.0735463457827504E-009  -2.1279005274887350E-017  -1.9512789825752958E-016  -2.6455254086108105E-017   1.6112376491641741E-016   3.3184989746972506E-017  -1.3984297440825315E-016   5.9981254297474316E-018  -5.7000591965966001E-018   1.4369494216733410E-018  -1.1755079286846551E-017   3.9194921388345865E-018   1.2169944870460850E-018   1.0823551140087174E-017  -8.3219772249481181E-018  -6.8738724977996778E-018   4.7658901979371346E-018   3.4673505995917095E-018   4.0284684640991996E-018   5.6639500988803169E-018  -6.9498864292662476E-018  -3.9158555965510099E-018  -1.2977136685525017E-010   2.8551212141216249E-017   2.1572346081300710E-017  -5.5510656732034640E-018  -5.9582132798611447E-017   2.6314320566743616E-017   2.1278215454835802E-017   6.6584561109574382E-018  -2.3042842482430065E-017  -3.0502874561193425E-017   2.1312089323372257E-017   2.7243827174421704E-009  -3.6159462389872872E-009   1.7650527040139109E-009   6.1414908811766288E-019   6.6561776061389241E-017  -2.9451233990665792E-017  -3.3545893282922574E-017   4.2036250234202638E-017   3.2932038562283900E-017  -3.8844980901449489E-009  -1.1992168204388584E-011
   1.1145008209462484E-008  -2.0475514347273299E-008   2.9179529693451472E-009  -7.7698359672204835E-009   2.0153683491234463E-008  -3.7026165375996913E-008   5.2765775925200680E-009  -1.1698780502760894E-015  -1.9329496791850051E-014   3.3770627356590570E-015   1.2744524786911140E-014  -5.0607917783680310E-015  -1.1574644230727358E-014  -2.2032936666433478E-008   1.6620802779824460E-016   1.3539061834674994E-016  -2.4546495587804446E-017  -3.6408493654085582E-016   1.0978742781290738E-016   1.4109084693899295E-016   5.0287069920297695E-017  -9.5322985470021650E-017  -2.0286528345067197E-016   8.9347414309142980E-017   2.1378975129214146E-008  -3.9277251334241489E-008   5.5973798123173702E-009   6.2645146856980532E-016   1.6634113751383620E-015  -1.7565178624762760E-016  -1.7941116673174126E-015   4.3550947867753573E-016   1.1676861867033772E-015   8.7097405368952870E-017  -1.1070528410080030E-016   1.8590598646074907E-017  -1.7117046936133751E-016   3.7248681151817464E-017   1.8167195961337032E-017   2.0438111714799242E-016  -9.4315747539140799E-017  -1.2567919791691151E-016   5.1708151882713420E-017   2.9462103845495926E-017   5.3510447238902484E-017   1.1941189755107673E-016  -8.1273988129367747E-017  -7.8325843774236387E-017  -1.6511665567637417E-008   1.2452633044693671E-016   6.9205323882019790E-017  -1.1410071091867140E-017  -2.6222082187761966E-016   7.0833287897810496E-017   9.5123315985851972E-017   5.9487250433402458E-017  -6.8650629334319381E-017  -1.4903548377284785E-016   5.9680847662597395E-017  -6.8214365107970632E-021  -5.2370356702413602E-019   8.6862251730317437E-020   1.3670059147754057E-019  -4.9294623533248316E-020  -1.0648195971581905E-019   8.2522351237563913E-019  -2.6182576999603763E-019  -1.8350241780108149E-019   7.9838681812876485E-020  -3.7431310064066560E-019   3.4981591776298782E-019   4.8174481586684196E-019  -3.0061055935243195E-019  -1.8931357383396411E-019  -2.5718488965123124E-019  -9.8923108312069207E-020  -2.5165532185864339E-019   3.2331604061453109E-019   3.0138295342750077E-019  -1.8702076705718472E-019   1.4554140169987934E-008  -2.6738729122293355E-008   3.8105217804401513E-009   8.4062655797134226E-017  -7.5950858250927518E-016   1.6112240792537550E-016   3.2832418040725458E-016  -1.9885229722287674E-016  -4.1238011133228153E-016   2.0470844830156844E-017  -2.5803241956207739E-017   4.3406110989103977E-018  -4.0272028037801181E-017   8.7959116812640344E-018   4.3063530768488305E-018   4.7766117197407200E-017  -2.2133185538017631E-017  -2.9466259384252337E-017   1.2156503258993622E-017   7.0291136930855265E-018   1.2505981250197893E-017   2.7923372229298192E-017  -1.9062067399932578E-017  -1.8342788792487111E-017  -4.8141325673901139E-010   1.1200168357951408E-016   5.9421841992653465E-017  -9.6526364053652880E-018  -2.3488679906672745E-016   6.2701689739680146E-017   8.4625185029648251E-017   5.5418967844380634E-017  -6.1497806167617174E-017  -1.3376240326483525E-016   5.3031587843592885E-017   8.3580402959810428E-009  -1.5355312885642914E-008   2.1882773023767382E-009   4.9877877826751200E-017   2.3651793050360759E-016  -3.3545791487062345E-017  -2.0311543282698760E-016   6.1924424999386705E-017   1.5323864339472143E-016  -1.4410409375931429E-008  -4.4449803079551506E-011
  -4.8216754234410421E-009   7.5727764354837728E-009  -3.5040786198729751E-009   3.1182429207076972E-009  -8.7191061609738562E-009   1.3693961341541405E-008  -6.3364709083677971E-009   4.4989711921243973E-016   7.7533950615587633E-015  -1.4339721177097870E-015  -5.0607917783680310E-015   2.1382619940741327E-015   4.6108936611034448E-015   8.8424066033177003E-009  -6.7546179756972163E-017  -5.1761088386416514E-017   6.7560359456762426E-018   1.5044759970709570E-016  -3.1550828869571013E-017  -5.9823751793557550E-017  -2.7259794719313840E-017   2.8381102831143498E-017   8.8336642792827889E-017  -2.6191796409772717E-017  -9.2492043923244517E-009   1.4526516576531614E-008  -6.7217066159015072E-009  -1.4798300157115434E-016  -6.4614355863424051E-016   4.8545533713298834E-016   4.3551030824946805E-016  -7.4041723467890030E-016  -2.8753752914974958E-016  -3.6141022826612014E-017   4.0994735956117456E-017  -1.0001382153008014E-017   6.9429591926117374E-017  -2.3513078072265686E-017  -5.9411075375368331E-018  -7.2700110809399313E-017   5.3635142840273993E-017   4.2537182128204893E-017  -2.9975861010141882E-017  -1.8294043621767889E-017  -2.7538382701773759E-017  -3.7292028880878455E-017   4.5064001396633483E-017   2.4613710082044703E-017   6.6265728852706437E-009  -4.9108616909813819E-017  -3.0423035926103399E-017   7.7616898765674468E-018   1.0078146892643890E-016  -4.1297049296546657E-017  -3.4883093730370186E-017  -1.6592422802846373E-017   3.7708613437851460E-017   5.2691243148416840E-017  -3.3899208785721175E-017  -4.8383000408677681E-021   2.0772184049067719E-019  -5.1278627519358233E-020  -3.5174722413049823E-020   2.0650488299675052E-020   3.8929251328766019E-020  -3.1503011688849579E-019   1.5734491777862402E-019   5.6430373007327406E-020  -4.8442939927621328E-020   1.0743412840050841E-019  -1.8930693624999444E-019  -1.4490651561575295E-019   1.6869910394793630E-019   5.1166052808877695E-020   1.1487750550091380E-019   4.2129587685882720E-020   5.9844620297033572E-020  -1.7100490961593056E-019  -7.9560035876695047E-020   1.0302628160482062E-019  -6.2965701903819065E-009   9.8891999255421537E-009  -4.5759285358545658E-009  -9.3480680274900282E-018   3.0986461927523565E-016   3.3184987168210286E-017  -1.9885429980324757E-016  -5.3571812672517003E-017   2.0819972682631026E-016  -8.4819148143026251E-018   9.5843994150584736E-018  -2.3124441444228259E-018   1.6327123079032639E-017  -5.4530381204722869E-018  -1.4251521792155338E-018  -1.7076323356140305E-017   1.2426715728307143E-017   1.0051450179188040E-017  -6.9498889632609013E-018  -4.2737689385877279E-018  -6.3804181144984565E-018  -8.8192717930457438E-018   1.0444874336720331E-017   5.8299679594374171E-018   1.9320466234556541E-010  -4.4038957558832734E-017  -2.6630270593472904E-017   7.2186630148021193E-018   8.9586286808192401E-017  -3.8683650995594271E-017  -3.0503860604632663E-017  -1.4591414097531092E-017   3.5352253115386576E-017   4.6202389445829453E-017  -3.1729665539758469E-017  -3.6159461719576112E-009   5.6790941034074028E-009  -2.6278292652611818E-009  -1.2895441691072764E-017  -9.3445539417738324E-017   4.2036247682760052E-017   6.1924575812992141E-017  -6.3800467179232293E-017  -4.9029573252724773E-017   5.7832825761080001E-009   1.7848804642568356E-011
