  0.12236426437548965        1.7613348953155953E-012  -3.2477937082792867E-009   1.2692390591424856E-008  -4.9879095947329546E-009  -1.3647433724757055E-012   2.5170054121648378E-009   2.7830938006138426E-009   3.6163393908422374E-013   2.2048295188258395E-009  0.14999140171432865        4.7981480181366508E-013  -8.9442256647404831E-010   3.4992329985593668E-012  -6.9918086488628465E-015   1.4830005608467598E-011   2.9001163177985865E-012   4.9439493945341196E-015  -7.6245548993137514E-012   7.6456970820586833E-015  -4.3646373401968386E-012   2.0986116023234850E-015  -7.8062098443636136E-012  -7.7248859481861937E-009   1.2054464061141990E-010   4.2869429293000876E-014  -7.9089141140044815E-011  -1.1608813805729594E-010  -1.2800002539681129E-014  -9.5624749006778380E-011  -3.3009791029640031E-014   2.7317998915908484E-011  -1.3020619826062372E-014   5.8727751051316852E-011   5.1042397060443573E-011   4.7515017738609216E-015   2.6464973645296940E-011   4.7569512101462460E-015   3.9393277754645452E-011  -5.4462665435468259E-010  -2.1108315260154346E-013   3.8741312323136219E-010   3.2433386371775322E-010   6.5136485574087032E-014   2.2018295045131759E-010  -1.1395899165313672E-011  -1.2008422087347020E-015   3.3316536090512271E-012   7.0850976784098231E-012   4.9497317587363633E-017   7.3594817348846353E-012   1.5704201272261175E-015  -7.9113953922118619E-013   9.1446799871534910E-016  -1.9051254918043864E-012  0.11981242396843854        7.2844785654688823E-013  -1.3355854690359917E-009   2.9547676203974982E-009  -1.8997753670743345E-013  -3.0065370533803680E-016  -9.5336795943838086E-014  -6.9996131802594482E-014  -4.8680929297742157E-017  -2.3187944118316122E-013  -3.0286143015764610E-016   5.1058613905615730E-014  -9.0418354384064355E-017   8.4283867090642680E-014  -1.1024735055907069E-013   2.3765556700393842E-017  -4.1427483820613243E-014   1.9042094849937214E-017   2.6797987885234363E-015  -1.1632029540075379E-015  -1.7314344848203908E-014  -2.4980613356306532E-016  -1.8202968825152959E-014  -2.0825002758254648E-016  -3.3098086036937727E-014   2.1206074661384494E-011   7.4978822488430288E-015  -1.3803139806583497E-011  -2.0399109176939272E-011  -2.2038874203613607E-015  -1.6881216380481942E-011  -5.7358566774389685E-015   4.7600508250934142E-012  -2.2940045121351023E-015   1.0255306334856818E-011   8.9477804695329415E-012   8.2347311946613363E-016   4.6523221892219313E-012   8.0864891040664728E-016   6.9453615740596648E-012   2.3569762988332318E-011   3.8582987667055668E-015  -7.5730385033063093E-012  -1.6130203356604562E-011  -1.4688891398256241E-016  -1.6559969711828793E-011  -2.6806942442047807E-015   1.8089086028358607E-012  -1.2980105166998364E-015   4.2862890905899721E-012  -7.4565805913996825E-010  -2.1460485541094756E-013   3.9577082016672756E-010   4.1956183471705346E-010   5.8497516616830116E-014   3.2601262898366156E-010   1.6712689704930016E-002   3.9686326055888319E-014  -7.4264218625859872E-011  -1.5084638576118158E-009   7.8359456471840172E-002   3.0927559595341801E-013  -5.6765373219484049E-010  -8.0615275493577700E-010  -2.4006739814326785E-003  -1.3893856859810956E-013   2.6001317882228476E-010  -1.2273566784883147E-009  -1.6705695267501408E-010  -5.1032092487963311E-014   9.4247576403438597E-011   9.5023442055181783E-011   1.4367053052632260E-014   7.2032735838549051E-011  -1.0795237003884808E-010
   1.7613348953155953E-012  0.12236424928695644       -3.8331973110779645E-013   1.4875213080189650E-012  -1.1301959741263376E-012   2.7248022121685607E-009   3.6155204860115371E-013   8.7218545311666674E-013  -5.8628593262748991E-010   2.5790832140382386E-013   4.6318240200289812E-013  0.14999139755990190       -1.3091350819755293E-013  -1.0145327281631642E-014   6.8948551958687456E-011   8.3712566869717437E-015   2.6058802907763542E-014  -2.1594688562999777E-011   4.3527578973653834E-015  -3.9383866549369877E-011  -2.3011263152976596E-015  -1.5829408248734075E-011   5.0470768490404451E-015  -8.7982780863095664E-013  -2.0694230084136935E-014   1.1441133642862524E-010   3.9665855710184609E-015   4.2961149336858704E-014  -5.0927715569634360E-011  -5.0514717608556692E-015  -9.3010679906288736E-011  -1.1808595007606031E-014  -2.8712032229015603E-011   4.6846158606256084E-015  -2.2159196007730417E-014   2.0012725038019027E-011  -2.3697199354827831E-015   1.7946513997360484E-011   5.1081984069935658E-015  -2.2652631396544235E-013   7.9714405680511031E-010   6.5304163537031436E-014   1.9419871366026867E-013  -1.7151839243405064E-010   2.3415196480327806E-014   7.6816903880429153E-015  -1.5078001661295807E-011   2.0080383667450602E-015  -2.3868442015970745E-015   4.6261178374445252E-012   2.3988500712897181E-015   8.6626235567617569E-012   3.3185940386807443E-015   2.6911303314825788E-012   5.0140495269897868E-015   7.3026195192557728E-013  0.11981241776122582       -1.6763228919420715E-013   3.7990275752359895E-013  -2.1296260196565873E-015  -2.7041714576683207E-013  -2.2452776653259254E-016  -7.9803429321238191E-016   1.3660634303571707E-013  -5.2721347166816926E-016   3.9131870440764587E-014   7.7418409700108240E-017   1.2273827244682931E-014   1.1878451999471626E-016   4.2679706151869014E-017  -7.3187735562788364E-014  -1.1004607240233819E-016  -6.3467803981956994E-014  -2.7877693503899870E-016  -2.9870227764268467E-013  -1.8084356447138140E-018  -2.8597698935741138E-013  -7.1386079748050341E-017  -2.5050464762919817E-014  -1.0930213061643604E-015  -4.9888558584345335E-015   2.0579741588160507E-011   7.4982517891341104E-016   7.0974123711400127E-015  -9.1606101904361303E-012  -1.5535555577762841E-015  -1.6730309362586030E-011  -2.1741213217180003E-015  -5.1645772596234877E-012   7.8796646534577391E-016  -5.1282256185776594E-015   3.5997713492232153E-012  -1.1189675547664987E-015   3.2281206002540847E-012  -2.1440184959668636E-016  -4.8433413796740254E-015   3.0290208174150829E-011   1.3096265993661086E-015   7.5268016608926455E-015  -9.4591388421169487E-012  -1.5000012345366078E-015  -1.8468638446551952E-011  -7.7190965507546531E-016  -6.7260003999771092E-012   2.1096994937253968E-015  -1.8841864517915367E-013   4.9389660576509460E-010   5.8463608940826330E-014   1.4615758326247716E-013  -1.0627010708158913E-010   3.6120348825659596E-014   3.9164746179366748E-014   1.6712689361784300E-002  -5.7290371608122469E-015  -1.9361343003787633E-013   3.0576780772529941E-013   7.8359453852895972E-002  -6.4396413816403136E-014  -7.8239427712418982E-014  -1.4445933247894905E-013  -2.4006727564926554E-003   3.6258805242041176E-014  -1.5076169337528241E-013  -4.6769298013051400E-014   1.3539896501402654E-010   1.4369217511417952E-014   3.8449299278668784E-014  -2.9133361325019188E-011   8.4395916784811801E-015  -1.1362438594715169E-014
  -3.2477937082792867E-009  -3.8331973110779645E-013  0.12236424996411187       -2.7309794702246535E-009   2.0887030847761397E-009   3.6169647318193416E-013   2.0570802896691000E-009  -5.9882636427010010E-010   2.3798434470421195E-013  -1.4898807207375646E-009  -8.9452292298817870E-010  -8.7860266702712176E-014  0.14999139773805711        3.2433277410921463E-011   6.9531860746598428E-015   5.8572847146073640E-011  -4.3614723291898121E-012   1.0021015444832611E-014  -3.9144072440200976E-011  -6.3794206901687378E-017  -1.6064612805793655E-011  -3.9292864524069671E-015  -3.1695398854747147E-011   1.6621105441623394E-009   3.9193734864921154E-011   3.9153609220108573E-015   1.0692600893183462E-010   9.4759216335382791E-012   2.7297911732457488E-014  -7.8335000633301374E-011   4.7463558758182886E-015  -4.5547831414654793E-011  -1.1909746807200665E-014  -7.2976862762869699E-011  -1.0983504029842536E-011  -1.1876120297293423E-014   9.8069110063585309E-012  -8.5036971118955210E-015   3.9005044798754904E-011   4.1426628716309809E-010   6.5418863234832693E-014   6.7688133201556771E-010  -6.9782511186443498E-011   7.7693554505041940E-014  -3.4445154560665865E-010  -4.6325026285765753E-012   3.7873013094464103E-016  -1.4390424996607462E-011  -7.7510171142314310E-013  -2.3899053751811271E-015   7.0565095225193289E-012   2.7045059746317560E-015   4.2635508513794243E-012   1.8553615233808732E-015   5.8995918967004070E-012  -1.3357629031251620E-009  -1.7895765624461569E-013  0.11981241805569133       -6.3580624791114680E-010  -1.3308608398651590E-013   3.2147475138068162E-016  -1.4065000350980394E-013   7.4574732139421381E-014  -4.0728918464927851E-017   2.7250372574140003E-013   6.4428595068066745E-016  -4.2751198044350486E-014   3.1874796634335303E-016  -4.5202472812842684E-013  -1.0164604309582355E-014   4.6321864936839695E-017  -5.7007755215817004E-014   1.2426953320584880E-017  -1.6110799943513009E-013   5.5131625954787506E-016  -3.8259501302927594E-013   3.3419431897579257E-016  -1.3497773583892866E-013   4.3543573268414480E-016  -6.5334582577773542E-013   7.1536362260782788E-012   7.2797969726424892E-016   1.9142254441233229E-011   1.6013497746899187E-012   4.9117931963699835E-015  -1.4158542763352950E-011   7.0735895319751102E-016  -8.1598453564481850E-012  -2.1770999655813347E-015  -1.3060374438612596E-011  -1.9243553377495224E-012  -2.1196998013802022E-015   1.7878873116399495E-012  -1.5058615196438556E-015   7.0473461695971919E-012   9.3053025143729213E-012   2.6584952909439263E-015   2.8182948130965941E-011   1.8272504962290664E-012   4.9330312758796164E-015  -1.4232083683647802E-011   2.8076298955420593E-015  -8.7947878875652450E-012  -1.0713623449063587E-015  -1.6582677941020436E-011   3.4450721591062875E-010   5.8450504473961898E-014   3.8587454778609683E-010  -9.0272924203256394E-011   4.4659323003507583E-014  -2.5420953042795287E-010  -7.4223481448722802E-011   5.1359217327861444E-015   1.6712689370868627E-002   3.2458911631555048E-010  -5.6809305151695256E-010   1.0439428101865270E-013   7.8359453906846649E-002   1.7345400840141058E-010   2.5968208966314898E-010   1.6973363973684004E-013  -2.4006728737320337E-003   2.6410230747997415E-010   8.6405363449301936E-011   1.4361743071626349E-014   1.0885162633147761E-010  -2.0445663674697161E-011   1.2688504967863127E-014  -6.5959317361531175E-011   2.3230949898519514E-011
   1.2692390591424856E-008   1.4875213080189650E-012  -2.7309794702246535E-009   8.0641129143169260E-002   9.4341548826774670E-010   1.9636659611651024E-013  -3.6215784645118156E-010  -5.0657426336886064E-010  -4.2119455525808148E-014  -4.3677700712014344E-010   1.3463465708168621E-008   1.5609967977231703E-012  -2.8968705700053353E-009  -7.5400474086219445E-010  -2.5107619437152718E-013   4.6239399372643417E-010   5.6870217506192820E-010   7.8651070037156416E-014   4.4288261525877574E-010   1.4599529841760086E-013  -1.2236468169790222E-010   5.0611183277842970E-014  -2.5343661288438707E-010  0.24415954694440004       -1.2930198878640181E-011  -7.6115697918288998E-015   1.3735155615794582E-011   1.3979931086575043E-011   3.2589065075722235E-015   8.6074889632820919E-012   5.9894799581911716E-015  -4.9936255304485727E-012   1.8930454441215492E-015  -1.0013107066147701E-011  -4.7507641216897337E-012  -1.2566213935963181E-015  -5.7729516681032961E-012  -1.1596912445411917E-015  -1.6904511314578855E-012  -4.2665103477570349E-010  -9.1752170383574541E-014   1.6954289293176879E-010   2.2355694521135456E-010   1.9155551413490440E-014   2.0430171822957801E-010   2.1134645728909964E-010   6.9522381300286351E-014  -1.2960301893632350E-010  -1.5939323779259723E-010  -2.2182529194575438E-014  -1.2412855760224376E-010  -4.2207495496054910E-014   3.4295827091910418E-011  -1.4848345512196628E-014   7.1032197302813485E-011   9.5679383038535038E-009   1.1304223439303766E-012  -2.0587042028911013E-009  0.17014115339080707        5.5637679506505184E-013   6.0205913341311993E-016  -7.0371582888900981E-013  -7.6679767517190069E-013  -2.1742169946827635E-016  -4.0314575235339475E-013  -1.6268387490017947E-016   3.4308573904247603E-013   4.3364839532510490E-017   6.6117937446086056E-013   4.8445031818091600E-013   1.7245764299538939E-016   1.9696927579566273E-013   1.2956628387208617E-016   2.0702673413124575E-013   7.5533909245074562E-016  -1.0463387896125526E-013   3.1272687481118153E-016  -1.2301740439482251E-013   2.1684893350461368E-016  -2.5284114932832159E-013  -7.6489866522517777E-013   8.5851058992813429E-016  -1.5652060242468416E-012   1.4154788285527263E-012  -3.6337926328190545E-016   4.6669730426408483E-013  -7.5521341870832435E-016   5.6904383909223287E-013  -2.4359005726043918E-016   1.1409819473919082E-012  -2.8777061514548326E-012   1.1679823420497076E-016   4.1505662984751544E-012   5.8665983933773562E-017  -2.3332901666432254E-012  -9.7719167466048682E-011  -3.2125228586407749E-014   5.9938899500585091E-011   7.3735006091767942E-011   1.0205071925103568E-014   5.7423403410825837E-011   1.9552504638097447E-014  -1.5866339598817474E-011   6.9190350097147643E-015  -3.2862184010503304E-011   1.0870789556332488E-010   2.1744507266335960E-014  -4.0185492647792933E-011  -6.1996640990754873E-011  -3.7089837475847744E-015  -4.5829293835606304E-011   1.1539437127838516E-009   1.1446750054929123E-013  -2.4827521087926115E-010  -6.1032451261259273E-002   6.5402723845018912E-009   4.0697242950600441E-013  -1.4068856320140753E-009  0.17072451427131122       -1.7466921566556260E-010  -3.3905409290148364E-013   3.7889149112176126E-011   1.2638041440698109E-003  -2.1758110749692306E-011  -4.5718008559311372E-015   8.4053627274163618E-012   1.1670729578412012E-011   6.2743519524343111E-016   1.0034520078077525E-011  -1.7669734422364012E-005
  -4.9879095947329546E-009  -1.1301959741263376E-012   2.0887030847761397E-009   9.4341548826774670E-010   2.5001190852002180E-016   3.8934966522836016E-020  -7.1723773699173675E-017  -1.2959506374600156E-016  -5.7565801107272443E-021  -1.2041672080718239E-016  -6.1140852469337582E-009  -1.3853725459931876E-012   2.5602924067221569E-009  -8.4106806558117806E-018  -3.1707201281206366E-021   5.8052963993951963E-018   6.4610166960865106E-018   1.0892116893611374E-021   4.8242225094919503E-018   1.7591209064102202E-021  -1.5279620536427329E-018   5.8571196686880832E-022  -3.1880240237643810E-018   2.8564192768264604E-009  -4.3954079044946614E-018  -2.8260588228252961E-021   5.2090636599502780E-018   5.0567178168272273E-018   1.4960396480908988E-021   2.6611382804178250E-018   2.3554416745797928E-021  -1.9491988281139126E-018   6.1470091522471009E-022  -3.7562298127857859E-018  -2.3234053114880429E-018  -5.9587743791891856E-022  -9.7876194135129861E-019  -5.1831692695850294E-022  -9.5964683365608492E-019   2.4282243531379119E-017   1.2852693311086893E-021  -2.2551608331920362E-018  -1.1797514662266063E-017   4.7930155350295444E-022  -1.2465617932083125E-017   2.8593797821484449E-018   1.0085846203155898E-021  -1.8987293620863422E-018  -2.1678527948105941E-018  -3.4527065595639047E-022  -1.6325064879004324E-018  -5.9196140416544452E-022   5.0652566494352750E-019  -2.0425562149632630E-022   1.0099348677867210E-018  -4.8840684248110546E-009  -1.1066628697544155E-012   2.0452143209693722E-009   1.9904255644240636E-009   1.1986025644311553E-020   2.7298889847805097E-023  -6.7535500438330065E-021  -4.8516898505151621E-021  -2.5159473167187404E-024   9.3912342091700944E-021   2.1087667033944399E-023   1.2036592865202841E-021   9.5191418090335121E-024  -3.4179784490258832E-021   9.9944279497316086E-021   2.5234708924206576E-024   3.0216110569990279E-021   1.5328556526613115E-024  -4.3932344005056789E-022   6.8467599193105900E-023  -7.0541420708508083E-021   2.2196434329151199E-023  -3.0041990845867811E-021   1.8694483834631486E-023  -1.2771287654813173E-020  -7.5192182812429875E-019  -4.7367557663583911E-022   8.7190218414144602E-019   8.7616609678326450E-019   2.5426685265826972E-022   4.5230628557169922E-019   3.9193197979247730E-022  -3.2696290629874859E-019   1.0129930512346857E-022  -6.2820530953263072E-019  -4.3156578504934356E-019  -1.0171958021380684E-022  -1.1077743957743212E-019  -8.7883819534374009E-023  -1.9023228011226381E-019  -1.9465009767510888E-018  -7.6801331947726058E-022   1.4920369237487239E-018   1.5523893117970273E-018   2.9716213574494229E-022   1.1046495524847233E-018   5.5689300767416218E-022  -4.0976389866549671E-019   1.7779729416861017E-022  -8.4282540741554192E-019   3.7543239407456706E-017   5.4371943053118174E-021  -1.0014189730723651E-017  -1.9366348189811640E-017  -6.8380304478169038E-022  -1.8162775075628818E-017  -6.8445161805126353E-010  -1.5501518764531376E-013   2.8652680778872407E-010  -7.1502615911644550E-010  -3.1942407873649168E-009  -7.2377173963913314E-013   1.3375960708848664E-009   1.9973045364738065E-009   6.9117123396292386E-011   1.6315141982146043E-014  -2.9748035186152774E-011   9.5204358681519448E-012   8.0191630974723337E-018   1.0184725117259239E-021  -1.8801204330846285E-018  -4.0798571110981204E-018  -9.1899042751988097E-023  -3.9398844957644294E-018  -9.0632494571002793E-013
  -1.3647433724757055E-012   2.7248022121685607E-009   3.6169647318193416E-013   1.9636659611651024E-013   3.8934966522836016E-020   6.0675907490153664E-017  -1.4822825888575030E-020  -1.4622030993440477E-020  -1.3055417487564776E-017  -2.4315205971811556E-020  -1.6728761485253600E-012   3.3400101270565199E-009   4.4336048995869998E-013  -2.0053643868726115E-021   1.5355884665664638E-018   1.3202642709880197E-021   1.9200376930789469E-021  -4.8094613038640745E-019   1.1447428676816955E-021  -8.7713932643611893E-019  -3.4801232767044028E-022  -3.5254500546509251E-019  -5.1136429364604672E-022   5.9454988351263337E-013  -1.7207155077688637E-021   2.5473842859431479E-018   1.3197724699902712E-021   2.3131545329113098E-021  -1.1339126425526649E-018   7.4334223171918083E-022  -2.0708957069028779E-018  -7.1434031694721092E-022  -6.3927738330630590E-019  -7.9068075772603903E-022  -1.1066563315997374E-021   4.4558610000913708E-019  -3.3295159895958904E-022   3.9958161969547976E-019  -2.1445895624218158E-022   1.2160490048857971E-021   1.7750869546822111E-017  -4.5318149288619032E-022   1.0451080843826443E-021  -3.8193856861279989E-018  -2.4550049127524189E-021   7.9952652452590286E-022  -3.3623067542707384E-019  -3.5099969802351600E-022  -5.2304586532438684E-022   1.0316068688454576E-019  -3.1027084724993533E-022   1.9316131302452579E-019   1.7880606897148977E-022   6.0029084156287607E-020   3.2316030934667925E-022  -1.3363258066263460E-012   2.6680624426920036E-009   3.5416403022878453E-013   4.1428522063671947E-013  -4.4365110076118960E-023  -6.0253596848324050E-021  -6.1395013056715202E-024  -1.8638676313710603E-023   3.0434489115307582E-021  -9.3346864099222416E-024   8.7094193930352847E-022   1.8232885234262197E-024   2.7324979419100617E-022   1.8709479895124426E-024   3.3318239993025237E-024  -1.6305472408476289E-021  -1.6771990346961989E-024  -1.4140003600804119E-021  -6.2126498907577443E-024  -6.6564165264862587E-021  -1.3118360923676914E-024  -6.3728321248989026E-021  -2.1970284895268639E-024  -5.5829524336884101E-022  -2.6793116910695132E-023  -3.2852648300857712E-022   4.5863984061959690E-019   2.2360470102672171E-022   3.9407408623527175E-022  -2.0415322870042797E-019   1.1307864867763891E-022  -3.7285144869210461E-019  -1.2433574300989526E-022  -1.1509770978306012E-019  -1.3276844679118240E-022  -2.2678273628446559E-022   8.0224456909108267E-020  -6.1479766484248844E-023   7.1941855652658967E-020  -6.7072368356797672E-023  -5.8161718580217680E-022   6.7500267458955896E-019   3.4293784514728135E-022   5.3286375443893856E-022  -2.1079284044403277E-019   2.4923039049895673E-022  -4.1156386480728661E-019  -1.0228320475421979E-022  -1.4989095170434356E-019  -1.3044086816795250E-022   5.4028450173273835E-021   1.0999053431880144E-017  -2.0690937986888159E-021  -1.8418511757419169E-021  -2.3666300747299697E-018  -3.6943367949368734E-021  -1.8717343608335949E-013   3.7366289634539831E-010   4.9589066458599299E-014  -1.4905917552017551E-013  -8.7397434489290213E-013   1.7449476892204060E-009   2.3162799815825616E-013   4.1572959883827825E-013   1.9806682805186991E-014  -3.9918825752343220E-011  -5.4050214880036385E-015   7.8003489502347895E-016   1.0214751954017429E-021   3.0179345813587100E-018  -3.8795962988087068E-022  -2.3390505038111203E-022  -6.4935931121811038E-019  -7.8501011216200121E-022  -9.6029944120194313E-016
   2.5170054121648378E-009   3.6155204860115371E-013   2.0570802896691000E-009  -3.6215784645118156E-010  -7.1723773699173675E-017  -1.4822825888575030E-020   8.7982679105163040E-017   4.9455800511156640E-017   9.8963890135734323E-021   2.2267899958572752E-017   3.0852974312922989E-009   4.4318362050242661E-013   2.5215293075186204E-009   4.0037760356661668E-018   1.3045037005252252E-021  -7.8681518447294034E-019  -2.5678756639712458E-018  -1.4686015316917206E-022  -2.8041386804621488E-018  -6.1578943483463110E-022   1.8967486236427396E-019  -2.9694533461776404E-022   4.4474213891389550E-019  -1.0965165416415450E-009   3.1961137414749586E-018   1.3196972569795159E-021   1.0901698122011299E-019  -2.2910804600572599E-018   3.0504131928327005E-023  -3.3221013305997136E-018  -9.0082006859393356E-022  -1.8134123370458595E-019  -5.6130203725147581E-022   2.6148314177489580E-020   8.8649906231409233E-019  -3.7140839400720084E-023   7.3507611215323139E-019   1.3124781634068779E-023   1.4734282838338125E-018  -2.3230971798171459E-018  -4.7489376540537077E-022   1.8587049575651602E-017   4.4947054782403859E-018   2.0531731157637316E-021  -2.1787524877880233E-018  -1.2620804309101850E-018  -3.7526691529762308E-022   4.0853671731142164E-019   8.4888272574748712E-019   7.4120231532807162E-023   8.2798728910486420E-019   2.9306309678227648E-022  -9.8583208549797366E-020   1.2470470190777384E-022  -2.5895819454844496E-019   2.4646019666538288E-009   3.5402439815790347E-013   2.0142427973703791E-009  -7.6410285928988581E-010  -8.6471867015787686E-021  -4.2949603908819713E-024  -1.1637112296240353E-021   3.2619643860971164E-021  -3.0440901555261048E-025   1.6234175047331749E-021   5.4426613941926226E-024  -1.2103605667660933E-021   3.3397744435637373E-024  -8.8401238503230128E-021  -4.6172689205597391E-021   2.7605579412784364E-025  -2.6965011591807570E-021  -1.6661238975174478E-025  -3.5838614120879799E-021  -1.8975928444244212E-023  -6.3206565074245020E-021  -1.7812134358571149E-024  -2.0912872876488058E-021   1.9892972161758877E-024  -1.0532178937033963E-020   5.6039064271977920E-019   2.2362130220497065E-022   4.4899832743675490E-020  -3.9940218807420278E-019   1.1802417432073340E-023  -5.8786203473504657E-019  -1.5227290233549568E-022  -4.1837463580272884E-020  -9.8038275322339381E-023  -1.3715460835371395E-020   1.6477011986910945E-019  -8.5875345008293030E-024   1.0722164669381951E-019   5.9380639109933772E-025   2.7204087572462999E-019   1.0807828176940852E-018   3.5804433025567879E-022   4.8957380667213864E-020  -6.3257722011429363E-019   6.1423579716553114E-024  -8.3832040328681282E-019  -1.5041720069309848E-022  -3.9433306208772069E-020  -9.5719354901961662E-023  -4.3094908321905629E-020  -1.0032707631301176E-017  -2.0696924182617024E-021   1.4808602819793074E-017   7.3902575340130243E-018   1.6567383115846509E-021   2.6371837014972901E-018   3.4533490676034650E-010   4.9601137182461724E-014   2.8205944162137398E-010   2.7405947520655359E-010   1.6118804436366651E-009   2.3153641405769685E-013   1.3173414080669083E-009  -7.6672093040476142E-010  -3.5363322597797237E-011  -5.1162152969339605E-015  -3.0461384990646793E-011  -5.8643157311265614E-012  -1.8808888849329633E-018  -3.8661679286336961E-022   3.7317293848924922E-018   1.5562485763486422E-018   4.2001712854731024E-022   3.2486827085677889E-019   2.8537284656968362E-013
   2.7830938006138426E-009   8.7218545311666674E-013  -5.9882636427010010E-010  -5.0657426336886064E-010  -1.2959506374600156E-016  -1.4622030993440477E-020   4.9455800511156640E-017   6.9412531654904187E-017   3.1461613677681755E-021   6.0182460380612395E-017   3.4114637113687460E-009   1.0691087371844586E-012  -7.3403002253012720E-010   4.6577318633593273E-018   1.8758011060448173E-021  -2.8542317585486789E-018  -3.4854301922996776E-018  -5.8464495967188036E-022  -2.7641679817526424E-018  -1.0237002820758144E-021   7.4807345378644627E-019  -3.6382169924828120E-022   1.5697231738675623E-018  -1.5337730579244642E-009   2.6307738605523412E-018   1.8189260764505043E-021  -2.4080613048364155E-018  -2.7741690073123862E-018  -8.0807408152164808E-022  -1.8453890304829969E-018  -1.4743959244544127E-021   8.7548257368878537E-019  -4.5432840582601363E-022   1.7555215412264028E-018   1.2443556389063828E-018   3.1668518939908266E-022   5.9011584162254369E-019   2.8497033009778273E-022   7.1561649175636946E-019  -1.1735275565609768E-017   1.1369858310272895E-021   4.4342444091208060E-018   6.3144127379504991E-018  -2.4158537224063793E-022   5.4106280904079477E-018  -1.5648518085075295E-018  -5.7371508638737418E-022   9.6077024653619979E-019   1.1667268434716285E-018   1.8525839103669368E-022   9.1302481556816779E-019   3.4957810191286750E-022  -2.5440787564014000E-019   1.2424412168637025E-022  -5.1864409207810164E-019   2.7251532380308513E-009   8.5403041680006134E-013  -5.8635951799899991E-010  -1.0687901099896469E-009  -7.1677470930942886E-021  -1.4128990768524006E-023   2.9440295396101080E-021   2.8644173421448518E-021   1.4323537943518380E-024  -4.0764524658019768E-021  -8.7431236931219795E-024  -7.8550609525456620E-022  -3.7997287555440748E-024  -2.4880213104688730E-023  -5.5047304334263451E-021  -1.2950034658416233E-024  -1.9017082928692906E-021  -8.9146318499473762E-025  -4.5041919697328642E-022  -3.6053052035108477E-023   2.1377846450209483E-021  -1.1324820073617734E-023   1.0207390207132103E-021  -8.4086787451848543E-024   4.0370820116400199E-021   4.5252358024718911E-019   3.0856797562856422E-022  -3.9816814435138700E-019  -4.8112123270996394E-019  -1.3731144396502980E-022  -3.1788153675031448E-019  -2.4866987016237018E-022   1.4475994076647765E-019  -7.6881285413810092E-023   2.9027376835195115E-019   2.3119343877881815E-019   5.4078992900258568E-023   7.1093580337616552E-020   4.8452993286322926E-023   1.3824347654005958E-019   1.1050878812624360E-018   4.9280269417650203E-022  -6.8711690701824639E-019  -8.3951810543438010E-019  -1.5912883515491073E-022  -6.6813704994617680E-019  -3.2939875210209033E-022   1.8396611910117507E-019  -1.1575757852458713E-022   3.8531753256439513E-019  -1.9326025899821241E-017  -1.7825808756994175E-021   7.3647168751300302E-018   1.0372640619651739E-017   3.7761392768068818E-022   8.9458277753000640E-018   3.8189273681841063E-010   1.1972927584128138E-013  -8.2169797051996009E-011   3.8359552184961364E-010   1.7822837966484002E-009   5.5854601257780445E-013  -3.8348635313406813E-010  -1.0724654462478141E-009  -3.8649195822679449E-011  -1.1671054364024038E-014   8.3198157238542607E-012  -6.8999636293899074E-012  -4.0798330621129137E-018  -2.3517340123602171E-022   1.5558330922245171E-018   2.1848124495703905E-018   5.2647592774409165E-023   1.8953328413317253E-018   2.2226837195587275E-013
   3.6163393908422374E-013  -5.8628593262748991E-010   2.3798434470421195E-013  -4.2119455525808148E-014  -5.7565801107272443E-021  -1.3055417487564776E-017   9.8963890135734323E-021   3.1461613677681755E-021   2.8090882291323560E-018   2.6109047841981777E-021   4.4328457781371541E-013  -7.1865801398360019E-010   2.9171678352978893E-013   5.1593679001759516E-022  -3.3040698599637284E-019  -1.2388543054337189E-022  -4.2185466160751632E-022   1.0348346294085143E-019  -3.5087927557263185E-022   1.8873089087690696E-019   3.0787458080651642E-023   7.5855820962408697E-020   2.3461355323290821E-023  -1.2752616348852351E-013   5.3829616373598603E-022  -5.4811161187327230E-019  -5.1942545717592747E-023  -5.3769886580555938E-022   2.4398002666844198E-019  -4.1517179667294234E-022   4.4558728139694129E-019   5.1326778305598909E-023   1.3755101023022527E-019   1.4405411450653386E-023   2.3810535024614035E-022  -9.5875209447921285E-020   1.1163766417620154E-022  -8.5976579808955807E-020   1.6866742932269151E-022   5.0417559280929469E-022  -3.8193909436469089E-018   2.0600303557279577E-021  -2.2438082785269862E-022   8.2180376910105188E-019  -2.3806869344386145E-022  -1.9001312614010230E-022   7.2345413846068922E-020   3.9962129274436361E-023   1.1422491352333664E-022  -2.2196679468349739E-020   8.8904143488548680E-023  -4.1561744458527718E-020  -2.7836219430332716E-023  -1.2916208033073660E-020  -5.5218439236218627E-023   3.5411092519178097E-013  -5.7407741535668401E-010   2.3303030289932085E-013  -8.8866924330925852E-014   9.0972484585802133E-024   1.2964546499288334E-021   9.0404013071837701E-025   4.1633553486771679E-024  -6.5484770045433827E-022   2.5826991843608650E-024  -1.8739609411012667E-022  -4.7393038288308876E-025  -5.8793426026125187E-023  -1.5222888381823684E-024  -8.0397168130001205E-025   3.5083891086212718E-022   1.9084479028759986E-025   3.0424523401414219E-022   9.2256829885912287E-025   1.4322366491928473E-021  -7.1549609719027129E-025   1.3712188273406413E-021   1.1392639770661247E-025   1.2012725837800741E-022   4.0591374531047002E-024   1.0099537448348186E-022  -9.8683778817438126E-020  -6.3616353022340566E-024  -9.2033465436893176E-023   4.3926882872250204E-020  -7.0322560313630914E-023   8.0225022483401050E-020   8.3288225608583151E-024   2.4765128231137162E-020   5.4897607567083725E-025   4.8815588657749302E-023  -1.7261595366801142E-020   2.0440730457773210E-023  -1.5479458074719986E-020   3.6510731893992669E-023   1.6214733779272361E-022  -1.4523775433270643E-019  -5.1032145972843341E-024  -1.1879456508383176E-022   4.5355507877117161E-020  -9.9518248573666286E-023   8.8554640583268095E-020   2.7099488401953479E-025   3.2251462115592102E-020  -1.2436469239086254E-023  -6.8729432173572819E-022  -2.3666266175169811E-018   1.6610118100533270E-021   3.9626004203374358E-022   5.0921940362541294E-019   3.1973859666175034E-022   4.9725594290318721E-014  -8.0399273261763207E-011   3.2664458112892662E-014   3.1859737829595372E-014   2.3159204847780415E-013  -3.7545413220047602E-010   1.5240462135559828E-013  -8.9170441118873390E-014  -4.0990726381880694E-015   8.5930923166085421E-012  -3.2281760993616982E-015  -7.5482282719455167E-016  -8.9122447109645354E-023  -6.4935733729000713E-019   4.1706682698464335E-022   5.0183837666726684E-023   1.3972017968994208E-019   3.8388483999999484E-023  -6.1046456080011808E-016
   2.2048295188258395E-009   2.5790832140382386E-013  -1.4898807207375646E-009  -4.3677700712014344E-010  -1.2041672080718239E-016  -2.4315205971811556E-020   2.2267899958572752E-017   6.0182460380612395E-017   2.6109047841981777E-021   6.0234208240348081E-017   2.7026383635932273E-009   3.1613954153407305E-013  -1.8262672840746493E-009   3.7523466061001194E-018   1.2946924822626884E-021  -2.9506958459618913E-018  -2.9751322989769652E-018  -5.0449572281079566E-022  -2.0597008308911884E-018  -7.3528878197557592E-022   7.7979097140848707E-019  -2.2184394406107832E-022   1.6180987380810822E-018  -1.3224515173462949E-009   1.7646351586512653E-018   1.0069934061956152E-021  -2.8010037642948649E-018  -2.2825500719032997E-018  -6.8790399835538201E-022  -8.1574975224234569E-019  -8.8093291267825034E-022   1.0737168348755670E-018  -1.6033732803760553E-022   2.0007092481809228E-018   1.0790511408371766E-018   2.7916806412594275E-022   3.8864496703363964E-019   2.3332493729117389E-022   2.4403137939528789E-019  -1.2547381413893901E-017  -2.4230070279062467E-021  -2.1789280096183671E-018   5.4833167905850291E-018  -2.3755578393556146E-022   7.0551879112891944E-018  -1.2943532566258545E-018  -4.3486155195611251E-022   9.3785181054459482E-019   1.0009940656487886E-018   1.6000916385813877E-022   7.1937907464420281E-019   2.4237560130953582E-022  -2.5208939729470272E-019   8.0010773025733381E-023  -4.9123191847598558E-019   2.1589286756315140E-009   2.5254343495271706E-013  -1.4588586812279506E-009  -9.2150115208420307E-010  -4.8178793983106668E-021  -1.3169684318657390E-023   3.8089847646903144E-021   1.9866869797444537E-021   1.0835154725986238E-024  -5.3151196095560410E-021  -1.2344704428966328E-023  -4.1788858573628305E-022  -5.7193579262155736E-024   3.4433769701224911E-021  -4.4893466428984281E-021  -1.2283352503044823E-024  -1.1197581221379857E-021  -6.4130881601327339E-025   8.8990321045635748E-022  -3.2414343173834828E-023   4.9162871306385675E-021  -1.0871659485067941E-023   1.9833690418826006E-021  -1.0285684452691146E-023   8.7340293828490647E-021   2.9940105458401244E-019   1.6514058872224395E-022  -4.7373753925861043E-019  -3.9504772844182127E-019  -1.1697010047810658E-022  -1.3442695508441989E-019  -1.4328901920253934E-022   1.8220423532676864E-019  -2.4426322692320868E-023   3.3793409411379263E-019   2.0037261056214702E-019   4.7646371285982671E-023   3.9686095674876479E-020   3.9435885844648447E-023   5.1988698786706801E-020   8.4133175183896930E-019   2.7522412520430249E-022  -8.0487012852187028E-019  -7.1280984599298186E-019  -1.3803737068369874E-022  -4.3646481327072932E-019  -2.2750230411678125E-022   2.2578458646771230E-019  -6.2043471711023464E-023   4.5748057140339678E-019  -1.8217222666263706E-017  -3.6549058940556698E-021   2.6494725997000006E-018   8.9937099704970196E-018   3.0625249276780777E-022   9.2169536959933408E-018   3.0256165509147787E-010   3.5469254939112378E-014  -2.0435686877297977E-010   3.3135623231374519E-010   1.4119658051153192E-009   1.6516585116374777E-013  -9.5411225997953955E-010  -9.2470291283700974E-010  -3.0460108538384792E-011  -2.8675886429762945E-015   2.1434488571701903E-011  -2.7539808679761619E-012  -3.9393739852241927E-018  -7.8304638103236211E-022   3.2430503719730333E-019   1.8950679363490067E-018   3.9196824248309455E-023   2.0445723370432200E-018   5.8485325978044062E-013
  0.14999140171432865        4.6318240200289812E-013  -8.9452292298817870E-010   1.3463465708168621E-008  -6.1140852469337582E-009  -1.6728761485253600E-012   3.0852974312922989E-009   3.4114637113687460E-009   4.4328457781371541E-013   2.7026383635932273E-009  0.18385670150013983       -1.4905354710638859E-012   2.6870305822921655E-009   4.3103047397140138E-012  -8.5649118640236082E-015   1.8169894205551617E-011   3.5407087541547487E-012   6.0593497197437711E-015  -9.3597958690278123E-012   9.3723633695353508E-015  -5.3479620249740053E-012   2.5726274686390471E-015  -9.5639773262915956E-012  -1.5811263387765363E-008   1.4773675184532238E-010   5.2539791549090012E-014  -9.6930049305457293E-011  -1.4227501796687716E-010  -1.5687404139016446E-014  -1.1719540315308948E-010  -4.0456836714393610E-014   3.3480400432649596E-011  -1.5956985594542407E-014   7.1975531410699651E-011   6.2556445617719855E-011   5.8233396315374234E-015   3.2434869007666191E-011   5.8299636478597564E-015   4.8279466070848222E-011  -6.6764514162138466E-010  -2.5875269649305453E-013   4.7490455378597163E-010   3.9759033122856203E-010   7.9844879441010344E-014   2.6992003962198839E-010  -1.4009699895823247E-011  -1.4801015464488421E-015   4.1006006427231226E-012   8.7126650116214855E-012   6.2561767700910845E-017   9.0480827275268376E-012   1.9313956481641465E-015  -9.7389371709150442E-013   1.1230751084080408E-015  -2.3444272845239952E-012  0.14686964130563551       -7.6737420659676507E-013   1.3848881173209997E-009  -7.9662740414448916E-010  -2.3308129528089376E-013  -3.6898580056112753E-016  -1.1666049448046762E-013  -8.5498493595087941E-014  -5.9632337561774507E-017  -2.8426963113853115E-013  -3.7134963106159125E-016   6.2523505095980455E-014  -1.1072669188402409E-016   1.0318574754421637E-013  -1.3537492861609555E-013   2.8957752904092209E-017  -5.0861061325579401E-014   2.3513049529112768E-017   3.3021798950727822E-015  -1.4274410406336809E-015  -2.1170901593082174E-014  -3.0644509086909021E-016  -2.2245842608346815E-014  -2.5521335116369196E-016  -4.0420181304281390E-014   2.6022113898641362E-011   9.2005097252185257E-015  -1.6937905538870973E-011  -2.5031874536317939E-011  -2.7044644320883891E-015  -2.0715060172118400E-011  -7.0383628868038406E-015   5.8410820453835563E-012  -2.8151027300801051E-015   1.2584341300124136E-011   1.0979874180875494E-011   1.0104046493994488E-015   5.7088950496260069E-012   9.9239624294953160E-016   8.5227045525400768E-012   2.8933545684321210E-011   4.7384174577473705E-015  -9.2997911608334199E-012  -1.9801080248253454E-011  -1.8181202283017792E-016  -2.0326577725453279E-011  -3.2908786369106706E-015   2.2216598669142974E-012  -1.5927762189115261E-015   5.2637036800902736E-012  -9.1386808772827691E-010  -2.6303815781689612E-013   4.8508886331360107E-010   5.1421592708553217E-010   7.1702833798120859E-014   3.9954959940399244E-010   2.0597261992237086E-002  -1.7987393490627843E-013   3.2741129904639229E-010  -2.4545966226627411E-010   9.6054424117134135E-002  -7.0696457437469110E-013   1.2809321122553104E-009  -5.4234659583936635E-009  -1.9424232966889152E-003  -1.0956370056316975E-013   2.3074195216852364E-010  -1.4470071117429927E-009  -2.0440642082300950E-010  -6.2503781514405246E-014   1.1543395853018814E-010   1.1628911313884367E-010   1.7605131526894448E-014   8.8116359030211829E-011  -1.0664639073006007E-010
