   7.9356349085123026E-002   7.7717641208039484E-013  -5.1994466829312468E-010  -1.9281570582715818E-010  -2.4334623228054967E-010   2.8395626445126427E-011  -1.8916915521585643E-008  -6.8687754000171452E-011  -6.5970392456368863E-013   3.1203374635685004E-010  0.14436781392906523        5.2331791797395004E-013  -3.5395966560758064E-010   4.3199550348512158E-011   2.9578303598046717E-016  -6.1730165798110278E-013   1.9018607194577527E-011   1.6880689966112448E-013  -7.7431935779002832E-011  -1.8287897356020976E-015   4.1612373792802172E-013   2.2508609274055006E-016   1.5198039304473530E-013  -3.6533887246248958E-011   6.3572030550842444E-012  -8.4478396330032160E-013   5.6284005993576968E-010   1.3978267383625089E-012   2.4208847491272066E-014  -1.2564899298155635E-011  -8.4479182382380372E-013   2.5175601659491284E-010   2.2668047210761943E-012  -7.5048788907214031E-010  -1.5814354345940494E-012  -8.8668348328971008E-015   1.3803023175193273E-012  -9.1577609567381483E-015   6.3670914751662214E-012  -3.6308915499233875E-011  -9.7349448326885396E-016   7.7965224032613183E-013  -1.5833256127027675E-011  -1.4132771369445919E-013   6.5196088963468256E-011  -6.0559107448242486E-016  -8.3791690308648810E-014   5.8616010829362723E-016  -5.1687028337189403E-013  0.12620210584367758        5.0021683156737023E-013  -3.4059972563750309E-010  -7.4266704432693283E-011   8.3958503393346872E-012  -5.5918803440826407E-009  -2.2639454216504884E-011  -2.0709820288110828E-013   9.6906252841737233E-011  -1.4862963080746607E-010   2.8436689397525859E-013   2.4400629338269983E-017  -2.1238792426195549E-015   1.7226991269614622E-013   3.5700740292223946E-016  -6.0413336173355223E-014  -3.0596035086765514E-018  -1.4302852119598812E-016   3.2404184812255128E-017   3.0903618750273601E-015   8.8663383216845684E-014   3.5418623344208992E-016  -5.9479247515579412E-014  -7.0986995214813958E-016   2.7012246775336411E-013   7.6596262932171022E-017   1.6208683302630932E-015   2.9335200217321997E-017  -1.8435418572391991E-015  -1.9973911692822237E-017  -3.6903808549253293E-016   2.1035640316447482E-012  -2.7960750851376183E-013   1.8624089887849477E-010   4.6275466034606590E-013   8.0274582242680578E-015  -4.1576234602663048E-012  -2.7931791435797385E-013   8.3304752721675408E-011   7.4987466839377605E-013  -2.4833257293272454E-010  -5.2331324551214126E-013  -2.9187176998307422E-015   4.5680918300807120E-013  -3.0670744069359829E-015   2.1069098068813372E-012   1.1209038958142971E-010   2.7891549286462392E-015  -2.0736730218066548E-012   4.9874126580882811E-011   4.3276641187041916E-013  -1.9948955396919353E-010  -1.7858412278874601E-015   5.8625939226135068E-013  -4.6666523552948809E-016   1.1093067874987802E-012   3.3512470291319804E-002   1.1387095233847189E-013  -7.4358569476740916E-011  -5.5054289323682650E-011   6.7358352640125621E-012  -4.4874296912729703E-009  -1.3623138629814780E-011  -1.4267522827139201E-013   6.8677752364309661E-011   5.3494373405660706E-011   8.4169574455822224E-002   3.6963551782571227E-013  -2.2167124403850535E-010  -5.3638046478874117E-004   6.7982017619657954E-014   1.1819862863070146E-011  -9.6526071415350380E-011   1.4998930510416281E-011  -1.6552409105507587E-011   1.8761892063608750E-012  -1.2500929366186102E-009  -5.0100056176599990E-012  -4.6132753302699098E-014   2.1562406403947484E-011   1.2643902265626899E-012
   7.7717641208039484E-013   7.9356349087268852E-002   1.4639274218869051E-010   5.4268425891113104E-011   1.9331137378897104E-011  -1.0084817629273167E-010  -6.5949398046030740E-013   6.8521602185923235E-011  -1.8919072850152730E-008  -8.7852679243888505E-011   5.3737777252019927E-013  0.14436781393116616        9.9654709610357133E-011  -7.5768099395090457E-016   1.9360415656205555E-011  -1.1808707097800864E-013  -1.0347645346564087E-015  -5.9625431335591209E-013  -6.2223528786937316E-016   4.3193947089727841E-011   1.7346446167326014E-013  -7.7269023601396346E-011  -4.3872194191955382E-014   1.0291184183861321E-011   4.4491574683606410E-013   3.0003585827100717E-012  -8.8488918068846405E-015  -3.9362463176851824E-013   2.5169684054866942E-010  -3.8875979814634089E-013   3.0006412454872862E-012   2.4151994560273155E-014  -8.0513024187355064E-012  -9.0801982038874149E-015  -1.7899718222984608E-012   5.6291392912397086E-010   3.5371162012567911E-012  -7.5051765998311944E-010  -1.7927260844579419E-012  -2.9689174273320209E-015  -1.6056952596618982E-011   2.3350753580635623E-014   9.9739390921579348E-016   4.9811214508910566E-013   1.1876260897684946E-015  -3.6461802094355603E-011  -2.2035701730908891E-013   6.4974889418619830E-011   1.4397392752320499E-013   5.0812359808441754E-013  0.12620210584630676        9.5903287688626791E-011   6.3714395103508409E-012  -2.9803302099074488E-011  -2.0730393059730164E-013   2.0916246203171968E-011  -5.5925602687195072E-009  -2.7281486311166980E-011   4.1808747410368389E-011   2.6671333205910568E-016   4.2894203111014630E-014  -5.5746400217320417E-016  -4.5278677279444793E-017  -1.4562905261958091E-015   4.6782399745957809E-017   4.0664709702562857E-015  -3.7997384029402919E-017  -1.1484276928106215E-013   2.4387994547247132E-016  -7.7263329632821205E-017  -1.4593529456610315E-015  -1.6591104049347008E-017   2.7978865765186448E-015   2.7690344050070920E-017   4.8143076035442017E-014   3.6411909970335837E-016  -1.9962321206848132E-013  -1.0300739811551827E-015   2.0624307532008456E-013  -4.8640070891898381E-016   1.4853480755913592E-013   9.9278261284053369E-013  -2.9589784124867413E-015  -1.2949701807828638E-013   8.3285163012153852E-011  -1.2778059510109396E-013   9.9287552571822072E-013   8.0488043910726979E-015  -2.6641148593529401E-012  -3.0124588367904684E-015  -5.9111124929585837E-013   1.8626548927868464E-010   1.1712464439093791E-012  -2.4834246438136632E-010  -5.9198804849032215E-013  -1.3190555002894619E-015   4.9902815874288645E-011  -1.6544789091656553E-013   2.1688258509452145E-015  -1.5354620650852439E-012  -1.0278930615822726E-015   1.1152437592249880E-010   5.8365422725332587E-013  -1.9957646466890619E-010  -3.1313147847425570E-013   1.1494144155229929E-013   3.3512470290363944E-002   2.0933293926946647E-011   3.8359484191072707E-012  -2.3924765737872204E-011  -1.4257006303505593E-013   1.5505336859461639E-011  -4.4878951334436739E-009  -1.9334868054771711E-011  -1.5044857286549823E-011   3.7230770161049106E-013   8.4169574455613655E-002   6.2430286598829231E-011   4.9336628403040594E-014  -5.3638046605973262E-004  -3.3014910772012178E-012   2.7160151125873570E-011  -4.2372388724252376E-012   1.4099895668280700E-012  -6.6632158378303076E-012  -4.6044386807730046E-014   4.6604033725651633E-012  -1.2502438805880151E-009  -6.0703155881313971E-012  -3.4675453662040273E-013
  -5.1994466829312468E-010   1.4639274218869051E-010   7.9356251547062107E-002  -3.6170032774243736E-008  -1.2883587212261424E-008  -6.5962248152174851E-013   3.3877386678659019E-010  -1.2885457971522262E-008  -9.5369346141613359E-011   2.5769048855066455E-008  -3.5398085710787053E-010   9.9669721397249719E-011  0.14436774752806059        9.3849404702351384E-013  -1.1779643233812674E-013   9.7299849320278723E-011   4.1958930878052945E-013   2.7598226437191852E-015  -1.6582005401340844E-012  -2.6349270798590225E-013   9.7225098297728085E-011   4.6725801498580611E-013  -1.4434029299572906E-010  -6.8531090342229834E-009  -2.9671369857899862E-010  -9.1878240989623847E-015   8.9566993072555388E-012  -1.7374884651700757E-010  -1.1276709532409994E-012   6.9496627833410829E-010  -9.2075614905846641E-015   4.0055547748093482E-012   2.3892571213850915E-014  -1.1942225196475823E-011  -2.9675195272088472E-010  -2.5216285694958312E-012   6.9503462258143003E-010   3.3620518188893487E-012  -7.9128983766796493E-010  -1.8276411054279343E-013   2.2971986445131008E-014  -3.1820404159779170E-011  -8.1820957158434139E-014   1.2656616434225614E-016   3.3904321858472163E-013   5.1867895430818812E-014  -3.1867536073768608E-011  -9.5642149949507476E-014   4.7471249382880989E-011  -3.4059959361458368E-010   9.5906024822918642E-011  0.12620204195293785       -4.2464409276661892E-009  -2.0645036320102068E-013   1.0823327908621791E-010  -4.2470298970732070E-009  -3.0466166248003530E-011   8.4934686857546587E-009  -2.7880785565504078E-008   4.0611292997794060E-015  -5.9807179566226702E-016   3.1968324705029637E-013   1.8305593599375743E-015   2.9339373714355198E-017  -1.2412637179034408E-014  -7.8615550683633158E-016   1.0638859795220943E-013   1.4870335615461604E-015  -6.5298979269608618E-013   1.4695366979542867E-015   3.0695172994668893E-017  -5.5303523034195976E-015  -3.3783772018434815E-017   1.2287468788050562E-014  -1.6818612221834793E-015   3.3207371087051522E-013   3.2298133575495421E-015  -6.6755899344595696E-013  -3.5805313822358018E-015   3.8560002398171543E-013  -9.8157723772574877E-011  -3.0986865161367794E-015   2.9626532190824755E-012  -5.7478852659599483E-011  -3.7302858395125272E-013   2.2989915928467019E-010  -3.0922442377007631E-015   1.3249910676846261E-012   7.8657015960548590E-015  -3.9502801666164882E-012  -9.8170127547562402E-011  -8.3416302213698581E-013   2.2992192718030418E-010   1.1121053220616797E-012  -2.6176716671852790E-010   1.3111302115565914E-012  -1.6538971157231467E-013   1.5964259249230805E-010   5.8628115811768816E-013   2.7709066709244847E-015  -2.3439520184767587E-012  -3.6993287723280383E-013   1.5969427001294260E-010   6.5959034171258722E-013  -2.3831669767622750E-010  -7.4355444402199276E-011   2.0928527091796138E-011   3.3512456340983855E-002  -2.5551496883960553E-009  -1.4274453001021979E-013   7.1110119734315279E-011  -2.5555539824647719E-009  -2.0018018979158231E-011   5.1106966521800307E-009   1.0033448285768795E-008  -2.2161938733425419E-010   6.2386628976935623E-011   8.4169532876657432E-002   1.1869353376612659E-011  -3.4148573585380536E-012  -5.3637824285627015E-004  -1.8112414540057642E-008   2.8067929307204330E-009  -9.3977034860239405E-010  -4.6051197610313904E-014   2.4019327177474593E-011  -9.3990094175794066E-010  -6.7619400463441402E-012   1.8796715181358576E-009   2.4310618599906793E-010
  -1.9281570582715818E-010   5.4268425891113104E-011  -3.6170032774243736E-008   7.4776728975957080E-002   2.8683408316306611E-009   7.8517775114397421E-014  -5.3025911015113897E-011   2.8744822952839808E-009   1.4927061984366048E-011  -5.7425516416549403E-009  -2.3584920501920009E-010   6.6378947620887003E-011  -4.4236682027979509E-008  -4.0427324937037942E-011   5.0904654151835504E-012  -3.3921536453244878E-009  -1.8081332242243458E-011  -1.5799954452667163E-013   7.2338330632869642E-011   1.1386843694386356E-011  -3.3925975927969730E-009  -2.0363306990562057E-011   5.0570289839109958E-009  0.23508004924783674       -6.1105662731455727E-012  -8.7794213930120278E-016   2.1294309580058704E-013  -1.4814787456089799E-012  -2.7083646589493767E-014   1.2952948260208236E-011  -3.6774773281373075E-016   9.4720891624946549E-014   1.5492662458414623E-015  -2.8335880404774459E-013  -6.4307734878003191E-012  -6.0849425680595019E-014   1.3522817002593395E-011   8.1017139736368317E-014  -1.4644957206779103E-011   2.9216431361406876E-012  -3.6761006161676131E-013   2.4579306586056696E-010   1.3077932820753723E-012   1.3229935208361156E-014  -5.2441676257920591E-012  -8.2542390373528427E-013   2.4582463711439354E-010   1.4747937689042152E-012  -3.6643605399824740E-010  -1.7316995989493830E-010   4.8776905875040380E-011  -3.2497872227809488E-008  -5.7571011457016290E-010  -1.5404788382926660E-014   1.0679945875754835E-011  -5.8603162143753648E-010  -3.0079622715809105E-012   1.1598866133307863E-009  0.17020129458455857       -1.6523007319349903E-015  -7.3068933770075826E-016   3.6283721185000426E-013  -8.6330376365249024E-016  -2.0428187128648415E-016  -1.8477923889347300E-014  -1.1292766644520577E-015   2.1285413497119124E-013   2.0116330415930523E-015  -6.2949701532496122E-013  -4.8100041912099966E-016  -1.4884361902431561E-016  -8.2635447974276777E-015   3.3426969374955751E-016   1.2927217525080738E-014  -2.3926273389642695E-015   3.6282302529586357E-013   4.1428164097488776E-015  -6.2948661658399176E-013  -4.8673571664252705E-015   5.8276916167893436E-013  -1.7018625031183098E-012  -3.6610783400966593E-016   3.3385877436154336E-014  -7.0182419969162807E-013  -4.7083705354818713E-015   2.6541806107569841E-012   3.7779024770652568E-016   1.5283678614589742E-014  -6.1084462295370340E-017  -4.4722877792362347E-014   1.2111862771681606E-012  -9.3935630379991133E-015  -2.4580249688253283E-012   1.2877123014715405E-014  -6.8326387523868874E-013  -7.0393238923078954E-012   8.8430549656529762E-013  -5.8965493308499736E-010  -3.1481963639290823E-012  -2.8098940200472436E-014   1.2568905316210219E-011   1.9781180776517954E-012  -5.8973247547373156E-010  -3.5402141006491335E-012   8.7906963037250399E-010  -5.0906894702302356E-011   1.4367632428512755E-011  -9.5514472670501447E-009   4.9136094479162764E-010   1.4158435038923166E-014  -9.3591765349262846E-012   5.1985254349666550E-010   2.6351842492386046E-012  -1.0134373105058797E-009  -5.3277081184652943E-002  -1.4913314716094453E-010   4.1892215282332811E-011  -2.7992918682210326E-008  -1.9107082989353095E-011   5.8908629037002065E-012  -3.6715934781091937E-009  0.17842585588346788        9.5999829512768704E-004   1.3947190422100001E-010   4.0436107926006513E-015  -2.5460661967004154E-012   1.3594080756589233E-010   7.1682501067704108E-013  -2.7542358041063783E-010   1.3358112034161919E-005
  -2.4334623228054967E-010   1.9331137378897104E-011  -1.2883587212261424E-008   2.8683408316306611E-009   2.2024574462295241E-015  -1.5392031205149972E-021   9.7428492216273808E-019   2.2024734193840367E-015   1.1449339379585234E-017  -4.4049210384390095E-015  -4.4270873723406994E-010   3.5168240088425690E-011  -2.3438521116029937E-008  -1.8359510680344184E-018   2.1912652108720824E-019  -1.4592904833049352E-016  -8.2018498439767220E-019  -7.1725398198325214E-021   3.2821308658778396E-018   4.9014112101910179E-019  -1.4593705130113670E-016  -8.7588531052257612E-019   2.1743756020307950E-016   9.0173432021427957E-009   4.7906264561812073E-017   4.7781734717881599E-021  -3.1711089727484120E-018   2.8140239018811552E-017   2.4321958527161039E-019  -1.1226571815316456E-016   4.8012952555206995E-021  -1.4183169821353854E-018  -1.2729010542944383E-020   4.2282609520912298E-018   4.7923938523437531E-017   5.4407579130170734E-019  -1.1229666747434164E-016  -7.2534671098481568E-019   1.2785366758448730E-016   2.5376421138517643E-019  -2.1778298803909609E-020   1.4618031503540740E-017   1.1230555953707518E-019   1.0434162115798171E-021  -4.5734317814227981E-019  -4.9049877446171233E-020   1.4629504952392796E-017   8.8077665338660902E-020  -2.1800154684875325E-017  -3.8700544598558959E-010   3.0743217964552841E-011  -2.0489388562141380E-008   6.6759063086270554E-016  -7.9462003983788640E-023  -1.4771971399760353E-020   6.6713475082449611E-016   3.4692843117787598E-018  -1.3347962062727888E-015   6.5288442323353439E-009  -1.5942607553914253E-021   7.9211323783818751E-023  -3.7950787943858525E-020  -8.5862105869168494E-022  -1.3947582880696311E-023   1.4900051058648660E-021   8.5107258632656539E-023  -9.0824525337262136E-021  -1.9240092562296557E-022   8.1835793091325167E-020  -5.2877731979024433E-022  -1.2037934334458405E-023   7.6263811917985126E-022   2.1020815017310841E-023  -2.3258405415802177E-021   1.9220388495909307E-022  -3.9978416116291697E-020  -4.1418321842427775E-022   8.4222061974877018E-020   4.4465503798488043E-022  -4.0187493560239016E-020   1.5877899199785055E-017   1.5899205179223649E-021  -1.0517458540044638E-018   9.3113273795501815E-018   8.0713015434966611E-020  -3.7241651543359154E-017   1.6160624943872286E-021  -4.7039477606623997E-019  -4.2314682267833875E-021   1.4023654007121484E-018   1.5999684998006899E-017   1.8060267990302500E-019  -3.7455553140481681E-017  -2.4074793210543454E-019   4.2501735108706822E-017  -8.2737280351282761E-019   7.2964914030155190E-020  -4.8560970952602315E-017  -3.6922386526278384E-019  -3.2313221023549199E-021   1.4757722616519861E-018   1.6321038663406949E-019  -4.8580328596857435E-017  -2.9168061614248841E-019   7.2453401166949294E-017  -1.0302987738444330E-010   8.1824817429820065E-012  -5.4538887722293744E-009   4.3383415164883716E-016  -2.7656655232549896E-021   1.8568786833131134E-018   4.3487003748458930E-016   2.2581450451338993E-018  -8.6878838468902448E-016  -2.0404206609158022E-009  -2.5811464705307393E-010   2.0504264877447541E-011  -1.3665456454422446E-008  -1.6120621628030643E-012   1.0220771680655379E-013  -7.4602666872008251E-011   6.8441562124449481E-009   5.4577793685075539E-011   1.5778703504696615E-016   2.4719606072030410E-022  -1.5859861266430456E-019   1.5763776687044508E-016   8.1992274006836209E-019  -3.1542526123822339E-016   2.0234439614583801E-013
   2.8395626445126427E-011  -1.0084817629273167E-010  -6.5962248152174851E-013   7.8517775114397421E-014  -1.5392031205149972E-021   1.3832780039408267E-019  -6.7710187123299236E-018  -1.5326890391741170E-021   2.4043623613284041E-017   3.0719915161347005E-021   5.1658864424725498E-011  -1.8346841688931077E-010  -1.2000256333563213E-012   1.5438758791574537E-020  -2.4643751095594619E-020  -4.4430528107162371E-021   6.7975798580861590E-021   8.1950512019200696E-022  -2.7670486773203945E-020  -5.4982609335413858E-020  -4.4435932361422896E-021   9.8356512697533991E-020   6.6223118399309558E-021   2.4684059588815680E-013   4.1679656657739070E-021  -4.1140983150279414E-021   2.0128222071048780E-019   2.4423266810650099E-021  -3.1976390014718847E-019  -9.7619952879665862E-021  -4.1144576507007648E-021   8.9996989446721533E-020   1.1039920622125617E-020  -2.6836210012883441E-019   4.1674868940630929E-021  -7.1516682490571498E-019  -9.7611794382287858E-021   9.5350474975065136E-019   1.1115048745058920E-020  -1.3042754603087553E-020   2.0495500349756997E-020   7.7474797185813429E-022  -5.6909017035343827E-021  -6.8660334374850335E-022   2.3424284298561277E-020   4.6538545492987398E-020   7.7586780500027192E-022  -8.2932357279719788E-020  -1.1514772507806061E-021   4.5158952534823091E-011  -1.6038370337984717E-010  -1.0490360250904802E-012   2.1889067328217025E-023   4.0882297196141311E-020  -2.0016080221959718E-018   5.4682083241536314E-024   7.1076018123870949E-018  -3.7156216450553500E-023   1.7872411177477709E-013   1.0138415571062283E-022  -5.4435026818374673E-023  -2.3241863855878176E-024   6.1706762588693899E-023   1.9759363298795705E-024  -2.1471654405866346E-023  -5.0559666457627372E-024  -6.6132575495830348E-025   1.4585356841169141E-022   5.5600010154047689E-024   3.1811808920206760E-023   1.9788270995799625E-024  -2.1187773386443156E-023  -3.8053737226442149E-024   9.6460083209350564E-023  -6.0914741469876930E-023  -2.2598671662592932E-024   2.5343678836708507E-022   5.5340944147861010E-024  -2.6175793138248467E-022  -2.0985619307539653E-024   1.3795571126500202E-021  -1.3628852755099968E-021   6.6681311066113233E-020   8.0805989353530785E-022  -1.0592858545431008E-019  -3.2369956802983127E-021  -1.3629009208210138E-021   2.9814344881662099E-020   3.6571241608416351E-021  -8.8903639301962510E-020   1.3827048518043919E-021  -2.3691449210826932E-019  -3.2422050928530728E-021   3.1586884545538635E-019   3.6853261346695004E-021   4.0155570913438728E-020  -6.3512200480893671E-020  -2.4811288458708979E-021   1.7863505411283896E-020   2.1093670105565094E-021  -7.1461523439460858E-020  -1.4194184782344839E-019  -2.4817778594521681E-021   2.5400874579748534E-019   3.7036554987993343E-021   1.2022524371561161E-011  -4.2695274436828334E-011  -2.7950952660383401E-013  -2.8202450784758809E-021   3.2814854657499202E-020  -1.6060928438573379E-018  -2.7915924684120411E-021   5.7033243954978416E-018   5.6014905331977011E-021  -5.5747500716047748E-014   3.0118924920559605E-011  -1.0696843405109617E-010  -6.9966197998732536E-013   1.9007293769793216E-013  -6.3567326295346352E-013  -7.2482833716905988E-015   1.8735177357116173E-013   2.0690064656025658E-015   2.3184328208783750E-022   9.1451924145724551E-021  -4.4774081558787973E-019   2.2871319763940662E-022   1.5898617620939431E-018  -4.6067069117458872E-022  -5.5873999008198088E-015
  -1.8916915521585643E-008  -6.5949398046030740E-013   3.3877386678659019E-010  -5.3025911015113897E-011   9.7428492216273808E-019  -6.7710187123299236E-018   4.5109226891376613E-015  -4.0673790474938354E-017  -1.0323167198053778E-019   3.9699384437523812E-017  -3.4414686486992812E-008  -1.1997911700553659E-012   6.1631584379644466E-010  -1.0285691701231110E-017  -4.3470767415067725E-021   2.9687868115698166E-018  -4.5281607597655016E-018  -4.0188318277874549E-020   1.8436478436133141E-017  -9.1245432971918780E-021   2.7219441361389867E-018   1.7025396226339058E-020  -4.2393116711999934E-018  -1.6669997091647509E-010  -2.7770516925507236E-018   2.0126141705895571E-019  -1.3409561497693580E-016  -1.0736237314673431E-018  -1.2653940804511468E-020   5.9513113745647103E-018   2.0126318775675745E-019  -5.9980413165816479E-017  -5.4004699387467359E-019   1.7880236913524881E-016  -8.8506513255143774E-019  -1.3282407135855379E-020   2.6278024309677705E-018   2.2709076876192089E-020  -4.8841625914462526E-018   8.6924256618781874E-018   7.2844949508744166E-022  -4.9742916004933103E-019   3.7908505317761160E-018   3.3827896324692857E-020  -1.5607817952253366E-017   1.2554720137786701E-021  -2.9087059645650958E-019  -2.1395172133964723E-021   5.8714249340672019E-019  -3.0084505461782211E-008  -1.0488307063200532E-012   5.3876851081037176E-010  -1.6383129102605058E-020  -2.0020931923096022E-018   1.3334926401317826E-015  -1.2318994562906840E-017  -3.2083417193374066E-020   1.2336668810485512E-017  -1.2069817708321572E-010  -6.7778778900166117E-020  -7.9461031131775354E-024   1.6121010462317586E-021  -4.1075617347590450E-020  -8.4964966710105143E-023   1.4276378843155054E-020  -1.8063122716498731E-024   3.3657609205255568E-022  -1.5032425661518621E-024  -3.0758035106102941E-021  -2.1131588534622553E-020  -8.4337903475353068E-023   1.4134719482193724E-020   1.6910846544300536E-022  -6.4300754425611932E-020  -2.3235596249885020E-023   7.7370611281985698E-022   5.7137722571250705E-024  -1.9634928889118072E-021  -8.6237093176947241E-024   1.3191345948609383E-021  -9.2010953656861254E-019   6.6692480946033555E-020  -4.4424553378669375E-017  -3.5550710575199050E-019  -4.1987789342919352E-021   1.9724347410869314E-018   6.6625202970716106E-020  -1.9870912395016072E-017  -1.7886572974860438E-019   5.9235451429481690E-017  -2.9545242644466624E-019  -4.4105378689625739E-021   8.7514852944200526E-019   7.5403272250985787E-021  -1.6206921530512507E-018  -2.6752593441572792E-017  -2.4169297764155147E-021   1.5956046844064280E-018  -1.1903453800858385E-017  -1.0328294554619071E-019   4.7612240778354451E-017  -3.4840128289521995E-021   9.6077479164721308E-019   7.1033771447039983E-021  -1.9068426842154424E-018  -8.0097039913453071E-009  -2.7941710769292301E-013   1.4341952534956238E-010   1.8673954815308869E-018  -1.6060671586396380E-018   1.0699949652437024E-015  -8.0307775427122819E-018  -1.6017888364527900E-020   6.1648605138869512E-018   3.7677666832002070E-011  -2.0064974938891251E-008  -6.9952444924562317E-013   3.5933335181686010E-010  -1.3161690821710532E-010  -6.7782566237438570E-015   2.0798914625904050E-012  -1.2652496727044419E-010  -1.2451279397090708E-012  -1.5990203126934658E-019  -4.4767858548212270E-019   2.9829326388781973E-016  -2.9112167815944469E-018  -7.9642636494685195E-021   3.0711296366662152E-018  -1.5641904720506358E-014
  -6.8687754000171452E-011   6.8521602185923235E-011  -1.2885457971522262E-008   2.8744822952839808E-009   2.2024734193840367E-015  -1.5326890391741170E-021  -4.0673790474938354E-017   2.2029052340842009E-015  -2.7605834228878326E-019  -4.4053687940061570E-015  -1.2496047102496477E-010   1.2465820678086147E-010  -2.3441924492909305E-008  -1.7440015747315231E-018   2.3156935740975585E-019  -1.4620943385600655E-016  -7.7972679450452553E-019  -7.1836046429541583E-021   3.1173057362898612E-018   5.1789880503418077E-019  -1.4621501114709243E-016  -9.2554718461161679E-019   2.1785371125714489E-016   9.0366325673085339E-009   4.7927021720218911E-017   4.7788252896497942E-021  -1.9328632249306878E-018   2.8147067167501479E-017   3.9927506529586278E-019  -1.1230892367166965E-016   4.8021611125264154E-021  -8.6443742510054449E-019  -1.2731108370787887E-020   2.5771778625814437E-018   4.7925756264861508E-017   8.9295146026729312E-019  -1.1230660295590302E-016  -1.1905392147268974E-018   1.2788396813822345E-016   1.7360917213528436E-019  -3.1795846338459334E-020   1.4631169283991067E-017   7.7351700863224529E-020   1.0418268191156891E-021  -3.1342038628528553E-019  -7.1792273960659242E-020   1.4640584209998998E-017   1.2860403632246050E-019  -2.1818203439004517E-017  -1.0923741312244962E-010   1.0897322376961284E-010  -2.0492363707838947E-008   6.6748147750483787E-016  -7.1317718642185395E-023  -1.2324363527218099E-017   6.6714631962846720E-016   2.5081843790154647E-021  -1.3346988019361064E-015   6.5430206749323588E-009  -9.6761824831582604E-022   1.0579261944546516E-022  -3.7932421110392055E-020  -4.7912362821490963E-022  -1.4081344295928707E-023   1.3568832692415553E-021   8.7533384651867253E-023  -9.0671623159824003E-021  -2.6331092592461786E-022   8.1804527748524917E-020  -3.3349580877803367E-022  -1.2171886120959424E-023   6.3155142605838061E-022   2.1218613869932485E-023  -1.7306842285182863E-021   2.2202661312651317E-022  -3.9951533174797450E-020  -5.3740725317951268E-022   8.4179501814176122E-020   5.7198585746473179E-022  -4.0148017179091170E-020   1.5884786286166262E-017   1.5899553639633365E-021  -6.4152754908070037E-019   9.3135411968901145E-018   1.3241210961037652E-019  -3.7256050600102332E-017   1.6168308416546654E-021  -2.8690004965037516E-019  -4.2325950789040844E-021   8.5537826511375788E-019   1.6000764511308618E-017   2.9618066672368623E-019  -3.7459750238201165E-017  -3.9486007162659592E-019   4.2512273481865978E-017  -5.8079240764580648E-019   1.0401940837603259E-019  -4.8610731094755311E-017  -2.5950814659742436E-019  -3.2326691357311927E-021   1.0369293986191817E-018   2.3259432913742754E-019  -4.8623766454085356E-017  -4.1585350760332751E-019   7.2522875002254755E-017  -2.9075889975404531E-011   2.9009624776858700E-011  -5.4546803111889021E-009   4.3381562779127137E-016  -2.7661146321640184E-021  -8.0219883689489364E-018   4.3495438220865858E-016  -5.2331302651698324E-019  -8.6885443803183907E-016  -2.0404598398045686E-009  -7.2856189177083263E-011   7.2680050534815387E-011  -1.3667440730084229E-008  -3.8470297209726709E-013   4.3417584701673919E-013  -7.4608668298266771E-011   6.8587789904035570E-009   7.8584261740564294E-011   1.5779197951828183E-016   2.4791564169759301E-022  -2.9126908412080541E-018   1.5766933639661456E-016   4.4594509650448147E-020  -3.1546178366388176E-016   1.6913355372245773E-012
  -6.5970392456368863E-013  -1.8919072850152730E-008  -9.5369346141613359E-011   1.4927061984366048E-011   1.1449339379585234E-017   2.4043623613284041E-017  -1.0323167198053778E-019  -2.7605834228878326E-019   4.5105850367048198E-015  -1.1173244470105371E-017  -1.2001697360020647E-012  -3.4418611254470082E-008  -1.7350110490878225E-010  -9.3689846645563504E-021  -4.6236433731313588E-018  -7.6601248086071321E-019  -4.0298098860973202E-021   1.4239864559016396E-019   1.7227416321415270E-020  -1.0315634709174829E-017  -8.3566325738546586E-019   1.8453489138591465E-017   1.1936511960097865E-018   4.6926882030731759E-011   2.4918241476337332E-019  -7.1509673636575066E-019  -1.3287351029256200E-020   3.0226760119410038E-019  -5.9988828247924476E-017  -7.3964191990065845E-019  -7.1516350529026894E-019  -1.2642686942640601E-020   1.9189240614488391E-018   2.2693132894231672E-020   7.8190014529823474E-019  -1.3416357340044273E-016  -1.6754308407233815E-018   1.7887660199635312E-016   1.3750301354205197E-018   1.8051114232764688E-021   3.8458755248777341E-018   8.1869637428100125E-020   2.6339394414029309E-022  -1.1930288708253962E-019  -2.2826739784701517E-021   8.7325828370545245E-018   1.4030702271161762E-019  -1.5561562616773443E-017  -1.6491768965393802E-019  -1.0491598893595798E-012  -3.0087936419231411E-008  -1.5167050134234951E-010   3.4701625788101388E-018   7.1057563228141093E-018  -3.2033753667522669E-020   6.6682731207574714E-022   1.3333882849730398E-015  -3.4726781887274989E-018   3.3977171330309986E-011  -7.3056767058806348E-023  -1.0213171963756790E-020  -1.7856548676201067E-022   6.1680013047076449E-024   3.4666579343773852E-022  -1.7216987977798087E-025  -9.4754989559265850E-022  -7.6024338014671706E-023   2.7359649125648782E-020   6.0098631545256815E-022   1.5127168074594309E-023   3.4739432899233324E-022   9.1431847534338541E-024  -6.6612033331231041E-022  -2.1522289914929369E-023  -1.1430925025974993E-020  -4.1309506226352378E-022   4.7541641835116802E-020   9.2168624743252254E-022  -4.9102529563247332E-020  -2.2983663318944140E-022   8.2265736406405865E-020  -2.3689969285585072E-019  -4.4006858303486580E-021   9.9895428781071193E-020  -1.9873709266461405E-017  -2.4547524281723446E-019  -2.3692143045352134E-019  -4.2044067802989971E-021   6.3571617570109989E-019   7.5277491822195982E-021   2.5938585653251666E-019  -4.4447125604627125E-017  -5.5654807165573317E-019   5.9260085410181537E-017   4.5597577798303930E-019  -3.5989700664523660E-021  -1.1916025159166626E-017  -2.7027192359709927E-019  -2.2726225112723472E-021   3.6664587924597572E-019   7.2322430418216670E-021  -2.6630288795122580E-017  -4.4924979168465801E-019   4.7655868048344086E-017   5.3699803817855489E-019  -2.7931892894617401E-013  -8.0106194091737746E-009  -4.0374692849555214E-011   2.2546938594100198E-018   5.7037872591544543E-018  -1.6032420960754004E-020  -5.2145273369424820E-019   1.0699423032789747E-015  -1.7352108695398362E-018  -1.0605923652534656E-011  -6.9974103253536364E-013  -2.0067263259823076E-008  -1.0115712064212937E-010  -4.4707320057908114E-015  -1.3165626572081596E-010  -5.8786563955183474E-013   3.5617413736822448E-011   3.5343774200933998E-013   8.2027669319705822E-019   1.5896270466484520E-018  -7.9822615630115782E-021   4.4207917822240793E-020   2.9826724939274914E-016  -8.6450555345647892E-019   5.9276474419464690E-015
   3.1203374635685004E-010  -8.7852679243888505E-011   2.5769048855066455E-008  -5.7425516416549403E-009  -4.4049210384390095E-015   3.0719915161347005E-021   3.9699384437523812E-017  -4.4053687940061570E-015  -1.1173244470105371E-017   8.8102701470925485E-015   5.6766878412684700E-010  -1.5982634837509667E-010   4.6880452272077973E-008   3.5798070589188713E-018  -4.5067774039203232E-019   2.9212622311997256E-016   1.5998466668112796E-018   1.4355582550722064E-020  -6.3991761279181037E-018  -1.0079993536182326E-018   2.9213980178224898E-016   1.8013599246139534E-018  -4.3527299560868441E-016  -1.8053122791817757E-008  -9.5833322955583396E-017  -9.5569906525332927E-021   5.1039705475207033E-018  -5.6287319445781100E-017  -6.4249413979098494E-019   2.2457472288445048E-016  -9.6034457752628532E-021   2.2827536670977471E-018   2.5460093497293903E-020  -6.8054366125337637E-018  -9.5849734271400937E-017  -1.4370261094306882E-018   2.2460335645245201E-016   1.9158844028474961E-018  -2.5573772889228640E-016  -4.2736702281721126E-019   5.3573716779205598E-020  -2.9248567005746712E-017  -1.8965441302386458E-019  -2.0852263782102187E-021   7.7075218143855854E-019   1.2084118095507853E-019  -2.9269455321937900E-017  -2.1667996958773157E-019   4.3617413275937038E-017   4.9624249473506313E-010  -1.3971636145402837E-010   4.0981758086508644E-008  -1.3350744598063751E-015   1.5067557546555424E-022   1.2339196060575108E-017  -1.3342834894723882E-015  -3.4718080356985123E-018   2.6694997710353458E-015  -1.3071241588074887E-008   2.5618923134397922E-021  -1.8500590514210270E-022   7.5884573049290339E-020   1.3377500802512085E-021   2.8028135000324320E-023  -2.8469463805433910E-021  -1.7264330337518243E-022   1.8150411813645401E-020   4.5571934571012169E-022  -1.6364268909480693E-019   8.6227741803874381E-022   2.4209319497855867E-023  -1.3942149770295823E-021  -4.2238148029269971E-023   4.0565774786307634E-021  -4.1423601795257015E-022   7.9931313728200005E-020   9.5160572313093704E-022  -1.6840393242137361E-019  -1.0166565715313750E-021   8.0337697563207981E-020  -3.1762695697596273E-017  -3.1798840289072042E-021   1.6932744127855719E-018  -1.8624873891477290E-017  -2.1312563796717852E-019   7.4497721492760104E-017  -3.2328989477285101E-021   7.5729527860450984E-019   8.4640816761065960E-021  -2.2577450131059389E-018  -3.2000443711500219E-017  -4.7678449102834501E-019   7.4915294622897988E-017   6.3560953064008007E-019  -8.5014016767593214E-017   1.4081430965447693E-018  -1.7698193892116367E-019   9.7169760003953503E-017   6.2872212153422268E-019   6.4639182241358458E-021  -2.5126621218526764E-018  -3.9579938177425338E-019   9.7202152770334535E-017   7.0752458524389695E-019  -1.4497338094757730E-016   1.3210634948693150E-010  -3.7192703509656587E-011   1.0908569755315398E-008  -8.6764812238485505E-016   5.5317807068047002E-021   6.1650930044394619E-018  -8.6982260183673169E-016  -1.7348274391325509E-018   1.7376393381910385E-015   4.0808047092192564E-009   3.3097060405110276E-010  -9.3184271739911480E-011   2.7332901049859141E-008   2.0052023529820953E-012  -5.4406685826837727E-013   1.4920046703844997E-010  -1.3702288286329840E-008  -1.3250914049360683E-010  -3.1557837744499351E-016  -4.9506472423940754E-022   3.0712757138441727E-018  -3.1530649336708468E-016  -8.6450932802201398E-019   6.3088579762023419E-016  -1.7207077335556827E-012
  0.14436781392906523        5.3737777252019927E-013  -3.5398085710787053E-010  -2.3584920501920009E-010  -4.4270873723406994E-010   5.1658864424725498E-011  -3.4414686486992812E-008  -1.2496047102496477E-010  -1.2001697360020647E-012   5.6766878412684700E-010  0.26264285119065861       -6.4268281003069699E-013   4.3288378725324740E-010   7.8802298267486607E-011   5.6130276884198825E-016  -1.1270715945513440E-012   3.4693881177438464E-011   3.0789699816011062E-013  -1.4124677337071505E-010  -3.3242704174270349E-015   7.5803397615657654E-013   4.2045219826776884E-016   2.7877856018575194E-013   2.9483891613772087E-010   1.1561059440598479E-011  -1.5362996578837724E-012   1.0235677404615811E-009   2.5420701156132364E-012   4.4024703458371135E-014  -2.2850210101915210E-011  -1.5363176047065522E-012   4.5783758660090891E-010   4.1223510440805512E-012  -1.3648196816313903E-009  -2.8759582659645935E-012  -1.6125993313022802E-014   2.5101983929602279E-012  -1.6652782587886950E-014   1.1579041348496830E-011  -6.6468546274009296E-011  -1.8004918921189098E-015   1.4263072034005036E-012  -2.8988831132200143E-011  -2.5867490378386935E-013   1.1934839377573567E-010  -1.0846313360397295E-015  -1.5437143068494095E-013   1.0706474032181323E-015  -9.4477595271413713E-013  0.22959670800054399       -4.8377961029175599E-013   3.2171341425846818E-010  -1.3511611629147105E-010   1.5274777525454979E-011  -1.0173452604373348E-008  -4.1189374441925523E-011  -3.7678524974336952E-013   1.7630559190270306E-010  -8.8304364159410661E-012   5.1743438637160019E-013   4.1744773754805024E-017  -3.8542097430429970E-015   3.1359042615792000E-013   6.5094253261344778E-016  -1.0902530256732388E-013  -6.0583890201959994E-018  -2.5930056283980725E-016   5.5391771872969743E-017   5.6063595092328240E-015   1.6132722005609541E-013   6.4593502780797594E-016  -1.0793574099532700E-013  -1.2944297694461087E-015   4.9092313813672479E-013   1.3012301847839263E-016   2.9452782252389285E-015   5.1317200724616190E-017  -3.3542209517806970E-015  -3.7941147803739653E-017  -6.7036067743905535E-016   3.8316860282507571E-012  -5.0930410600490544E-013   3.3924259228337637E-010   8.4291197506402241E-013   1.4621693404300570E-014  -7.5732242581159710E-012  -5.0880048829931112E-013   1.5174174851518893E-010   1.3659264412628652E-012  -4.5234417276594739E-010  -9.5323731586346314E-013  -5.3199246441456366E-015   8.3208081911974468E-013  -5.5830258164492356E-015   3.8377784722437503E-012   2.0436562195011137E-010   5.1015702615482118E-015  -3.7810033511487354E-012   9.0931882319876769E-011   7.8901142229280800E-013  -3.6371551363855521E-010  -3.2751640138811698E-015   1.0686679276581566E-012  -8.5991057042165838E-016   2.0228357490374585E-012   6.1184765235612372E-002  -1.6554025205927854E-013   1.1398705365890195E-010  -1.0015292304194498E-010   1.2253675963767850E-011  -8.1634196202672483E-009  -2.4782368646918529E-011  -2.5954889021262311E-013   1.2493580154757675E-010   1.4383897857296314E-011  0.15313130282319404       -2.6290196312530744E-013   2.2500102875566294E-010   1.7114605336809316E-003   9.4209684516628002E-014   9.9404382112109285E-012   9.8604724404206111E-011   2.3204392891064463E-011  -3.0114115142693403E-011   3.4162301240346188E-012  -2.2762073789260510E-009  -9.0973821168202466E-012  -8.3864031706107435E-014   3.9211482272360011E-011   2.0232901931430383E-012
