   4.1968954818938223E-004  -1.6626451632139886E-018  -1.6946864454041410E-017   3.3407248932635138E-018  -3.5107229577543196E-018   7.4884352545224337E-019  -4.1223366509344891E-019  -1.6041331954320901E-018  -1.5130352026781888E-018  -1.7238535232276655E-018   3.8561977439503939E-003   1.3307858159950502E-017  -1.2211718668318323E-016   1.4244353545266049E-018  -6.1376618558541417E-019   1.5191900945862375E-019  -6.2456602823583935E-020  -3.6680326994733159E-020   6.5180465359491804E-019  -5.0630331865404805E-019   5.4665374558837028E-003   1.8523216481392357E-017  -1.7717835166121221E-016   3.3799001370944496E-017  -1.8211869585890182E-019   2.7969591035872686E-020  -5.2138701206491566E-020  -1.9318302741477614E-019  -1.3427348134430107E-019  -1.2093198721449814E-019   5.4513030086968959E-003   1.7874318657716768E-017  -1.7384889565321968E-016   3.6355226999108716E-017   2.1610442829468109E-016
  -1.6626451632139886E-018   4.1968954818938234E-004   2.6600013123152313E-017  -1.1395043747903626E-017  -3.6152350833865516E-019  -8.8925550736212713E-019  -7.3042329446456612E-019  -3.8078472665805875E-019   1.5056238389178267E-019   1.5731534992093666E-020  -2.9034189496028881E-017   3.8561977439503905E-003   1.3887701622601268E-016   6.3789352227158490E-018   2.1568692882379245E-019   4.3843009195838454E-020  -3.5964891015497988E-019   6.2670893675609759E-019  -1.0334054565575393E-019   5.1602311680785838E-019  -3.8360833985206798E-017   5.4665374558836872E-003   2.0269907827053240E-016  -2.1732678389777451E-016   1.0680445220239496E-018   1.5018938063509468E-020  -4.6057817187722586E-020   9.8983268323952080E-019   3.0706978827875870E-020   1.0311071735066723E-018  -3.8460201537831316E-017   5.4513030086968759E-003   2.0108526874777644E-016  -2.2299112117148679E-016  -6.8010553143250528E-016
  -1.6946864454041410E-017   2.6600013123152313E-017   4.1968954818937204E-004  -2.7313278830320420E-017   5.7931386474024366E-018  -9.0259006455253235E-019   3.4650233113198475E-018   4.8991306329755758E-018   8.1495647981319528E-019   4.0638270340822322E-018  -3.0442581397093727E-017   9.4278649263745083E-017   3.8561977439503445E-003   7.1880412509674740E-018   2.4196409511828045E-018  -8.4481971871053281E-020   1.2423903293517925E-018   3.3885317570737993E-018  -7.8658777233519284E-019   2.3096939911031855E-018  -4.4379753052537216E-017   1.4147758383928111E-016   5.4665374558836412E-003  -1.0584837792309054E-016   3.3470739770323360E-019  -9.7012633484736307E-021   2.3092030802515906E-020   5.3103746518044096E-019   1.2395601783715154E-019   1.0498005951727691E-019  -4.2728877015078627E-017   1.3957334789473479E-016   5.4513030086968334E-003  -1.0311565779062716E-016  -2.2225494041639491E-016
   3.3407248932635138E-018  -1.1395043747903626E-017  -2.7313278830320420E-017   1.6620987427792838E-004  -1.4955804540580905E-016   3.6823161564446621E-018  -1.5601140027315524E-018  -1.3052237172066769E-016  -9.0008492948086111E-019  -1.3173724385833040E-016   2.3856279015563105E-017  -6.5189277358884062E-017  -2.3298875566259227E-016  -9.8641394241137558E-005  -1.9658227846734962E-016  -2.2894463072111889E-018  -4.0720362822252121E-019  -2.2890646255837812E-016  -3.1895348462694393E-018  -2.0884296573856347E-016   4.0111078808476025E-017  -1.1947301441623768E-016  -3.3698095168517032E-016   9.6654066816702910E-003  -1.5959752991650672E-017  -1.2582098581352544E-019   7.9427441760180454E-019  -4.9911635398208759E-018  -7.8382864230580521E-019  -2.2676901018113350E-017   3.5993677008609714E-017  -1.0649532655235395E-016  -3.3596407115728143E-016   9.9009481125045453E-003  -1.0657087330640700E-003
  -3.5107229577543196E-018  -3.6152350833865516E-019   5.7931386474024366E-018  -1.4955804540580905E-016   1.4093851283354485E-028  -2.3319745307712129E-030   1.5580013924674846E-030   1.2207822975230193E-028  -1.3738718720227081E-030   1.2124557795316344E-028  -3.2257276855541627E-017  -3.3217556722005884E-018   5.3228602615608339E-017   8.1847660267779688E-017   1.7289840594416237E-028   1.8383759731829647E-030  -1.2469715179466797E-030   2.0156796532882443E-028   4.6832700526454740E-030   1.8571477102188787E-028  -4.5727844852430181E-017  -4.7089135482642736E-018   7.5456750209212954E-017  -8.8264152419008081E-015   1.0128598487632728E-029   3.8782776271388422E-031   2.5502396679474347E-031  -1.0348118570581278E-030   6.4743537072251277E-031   1.5501373014867099E-029  -4.5600407979817963E-017  -4.6957904890580726E-018   7.5246463188366545E-017  -9.0604817130697857E-015  -2.5753401898769351E-015
   7.4884352545224337E-019  -8.8925550736212713E-019  -9.0259006455253235E-019   3.6823161564446621E-018  -2.3319745307712129E-030   2.4643268213652170E-031  -2.4860017699059880E-032  -2.1770722059964427E-030  -3.7745666970729246E-031  -2.5092319003915110E-030   6.8805352096065313E-018  -8.1706706685442128E-018  -8.2931914450939639E-018  -3.2897134097725474E-018  -5.0055152342363256E-030  -8.5391967859826120E-032  -2.7171689677671976E-031  -5.7913848445993701E-030   2.2474563910636392E-031  -4.9918590036738387E-030   9.7538316075329415E-018  -1.1582724801745158E-017  -1.1756409985598618E-017   1.9346579060410151E-016  -1.0339882352629441E-030   4.1192404716225544E-032   1.7237633106381733E-031  -9.9844014752280332E-031  -2.7631508976459683E-032  -1.2888237597310368E-030   9.7266490932461734E-018  -1.1550445427333907E-017  -1.1723646575765838E-017   1.9514911744184085E-016  -5.8835091814674438E-016
  -4.1223366509344891E-019  -7.3042329446456612E-019   3.4650233113198475E-018  -1.5601140027315524E-018   1.5580013924674846E-030  -2.4860017699059880E-032   4.6600455518374482E-032   1.3422471588706481E-030  -1.9700429932768842E-032   1.3148653545359510E-030  -3.7876914880804710E-018  -6.7112861694922195E-018   3.1837378685012672E-017   8.1286402435569437E-019   1.7995418629231703E-030   1.6981522399529938E-032  -1.1911802834909316E-032   2.1027265618371548E-030   5.2902662676261781E-032   1.9423086409901576E-030  -5.3694231379620044E-018  -9.5139045398378193E-018   4.5132598127730907E-017  -9.2838688413637042E-017   8.1590803525201195E-032   5.5444285477038986E-033   8.7121205646739483E-033  -4.0800795804137003E-032   7.4669654524391774E-033   1.3182792372982008E-031  -5.3544593342966307E-018  -9.4873906674969903E-018   4.5006820121428185E-017  -9.5411365854045832E-017  -4.7795049782445190E-017
  -1.6041331954320901E-018  -3.8078472665805875E-019   4.8991306329755758E-018  -1.3052237172066769E-016   1.2207822975230193E-028  -2.1770722059964427E-030   1.3422471588706481E-030   1.0587257593498213E-028  -8.8432507083507565E-031   1.0542355602974785E-028  -1.4739120466316094E-017  -3.4987318846081241E-018   4.5014264891025700E-017   7.2432817225318114E-017   1.5147322103209779E-028   1.6367467250808239E-030  -8.5220569957364676E-031   1.7655688661010705E-028   3.8243394182486993E-030   1.6239948058457984E-028  -2.0894144814622776E-017  -4.9597946384414427E-018   6.3812123084694281E-017  -7.6842285234253059E-015   9.4532767781401001E-030   2.9866795966548743E-031   8.1810128098870730E-032  -1.0125196398258639E-031   5.7331441601905304E-031   1.4239390001524331E-029  -2.0835915862881131E-017  -4.9459724100152683E-018   6.3634287951055852E-017  -7.8852935531834751E-015  -1.7348006313992442E-015
  -1.5130352026781888E-018   1.5056238389178267E-019   8.1495647981319528E-019  -9.0008492948086111E-019  -1.3738718720227081E-030  -3.7745666970729246E-031  -1.9700429932768842E-032  -8.8432507083507565E-031   7.9114896546853993E-031  -2.0289310323337519E-031  -1.3902092535439598E-017   1.3833995332825914E-018   7.4879952394140199E-018   2.9735997664663661E-018   2.4931098421373832E-030   8.9080619740472479E-032   5.8052183294985546E-031   2.8179023652080602E-030  -6.3238605687189522E-031   1.9283768003324095E-030  -1.9707575857426794E-017   1.9611041412495640E-018   1.0614965612163548E-017  -6.6885349902334599E-018   1.5837723739615851E-030  -9.6494965903565629E-032  -3.4607994626486161E-031   1.9824117195730364E-030   2.6395653408119535E-032   1.8551624064343281E-030  -1.9652653701308518E-017   1.9556388283882093E-018   1.0585383242278380E-017  -1.5553890936753565E-019   1.2532372449478393E-015
  -1.7238535232276655E-018   1.5731534992093666E-020   4.0638270340822322E-018  -1.3173724385833040E-016   1.2124557795316344E-028  -2.5092319003915110E-030   1.3148653545359510E-030   1.0542355602974785E-028  -2.0289310323337519E-031   1.0557179630403504E-028  -1.5839136561409733E-017   1.4454472357298191E-019   3.7339315949689935E-017   7.5269885002460183E-017   1.5413878478485654E-028   1.7207689230518344E-030  -3.5254049510606797E-031   1.7958695312587431E-028   3.2887850494169408E-030   1.6460808912711887E-028  -2.2453525216039380E-017   2.0490628282456582E-019   5.2932132315126967E-017  -7.7152739104394300E-015   1.0867728654408137E-029   2.1541686179291551E-031  -2.2073286844230566E-031   1.6295493601031387E-030   5.9744076884480156E-031   1.5907796658887998E-029  -2.2390950497245015E-017   2.0433523871702941E-019   5.2784618138055141E-017  -7.9112870765326263E-015  -6.4489917341967341E-016
   3.8561977439503939E-003  -2.9034189496028881E-017  -3.0442581397093727E-017   2.3856279015563105E-017  -3.2257276855541627E-017   6.8805352096065313E-018  -3.7876914880804710E-018  -1.4739120466316094E-017  -1.3902092535439598E-017  -1.5839136561409733E-017   3.5431573420403588E-002  -4.1311208559172805E-018   2.8959835885127782E-017   1.2769333899777680E-017  -5.6394155879642806E-018   1.3958645004739111E-018  -5.7386468627209283E-019  -3.3702672561538387E-019   5.9889212050506908E-018  -4.6520236769490226E-018   5.0227720693884953E-002  -8.9981721708399580E-018   3.7003869557185613E-018  -1.6907195576981834E-016  -1.6733457078759720E-018   2.5699061203008991E-019  -4.7906158929171941E-019  -1.7750071635130260E-018  -1.2337335968123734E-018  -1.1111490821745862E-018   5.0087743319834191E-002  -1.4460828819841135E-017   2.9745273655249094E-017  -1.6928878922751450E-016  -2.0907648541014545E-016
   1.3307858159950502E-017   3.8561977439503905E-003   9.4278649263745083E-017  -6.5189277358884062E-017  -3.3217556722005884E-018  -8.1706706685442128E-018  -6.7112861694922195E-018  -3.4987318846081241E-018   1.3833995332825914E-018   1.4454472357298191E-019  -4.1311208559172805E-018   3.5431573420403525E-002  -1.0337670073628238E-016   4.8168204180259965E-017   1.9817778448410895E-018   4.0283898867231179E-019  -3.3045314612575746E-018   5.7583363665803121E-018  -9.4951513740848657E-019   4.7413312707595974E-018   1.9852193529114963E-017   5.0227720693884766E-002  -9.3003935264206516E-017   5.4418249316013522E-016   9.8134225501620960E-018   1.3799722992070829E-019  -4.2318912038076719E-019   9.0947953706914722E-018   2.8214231922235488E-019   9.4740342555656691E-018   1.7901617823745900E-017   5.0087743319833962E-002  -1.0238228405620622E-016   5.8976092405238752E-016   1.4861785343411986E-016
  -1.2211718668318323E-016   1.3887701622601268E-016   3.8561977439503445E-003  -2.3298875566259227E-016   5.3228602615608339E-017  -8.2931914450939639E-018   3.1837378685012672E-017   4.5014264891025700E-017   7.4879952394140199E-018   3.7339315949689935E-017   2.8959835885127782E-017  -1.0337670073628238E-016   3.5431573420403539E-002   5.9769083370844680E-017   2.2232180947482044E-017  -7.7623850948672949E-019   1.1415349288114299E-017   3.1134557849476862E-017  -7.2273374597592818E-018   2.1221964654883360E-017   2.9802113095313772E-017  -7.4617391078157628E-017   5.0227720693884960E-002   1.5466633480980657E-016   3.0753634858798019E-018  -8.9137292075359761E-020   2.1217454060470110E-019   4.8792863296635238E-018   1.1389345252814893E-018   9.6457934303333477E-019   4.3749922293434483E-017  -8.8283420649158226E-017   5.0087743319834205E-002   2.1929375030484147E-016   8.7316676638094422E-017
   1.4244353545266049E-018   6.3789352227158490E-018   7.1880412509674740E-018  -9.8641394241137558E-005   8.1847660267779688E-017  -3.2897134097725474E-018   8.1286402435569437E-019   7.2432817225318114E-017   2.9735997664663661E-018   7.5269885002460183E-017   1.2769333899777680E-017   4.8168204180259965E-017   5.9769083370844680E-017   6.6178393825859377E-005   1.2111718854350027E-016   1.6009809641460363E-018   2.0443711863118039E-018   1.4076975820696419E-016  -1.2874900403832857E-019   1.2641924158110388E-016   1.5571883189998976E-017   8.1429475629980862E-017   8.8886904900818062E-017  -5.5932487356053053E-003   1.4154222298808906E-017  -2.2920455275153098E-019  -1.5420796715654117E-018   9.0774076305181239E-018   5.3222796915751842E-019   1.8878578953935848E-017   1.6961416571222820E-017   7.5626082516545986E-017   8.7020745562008639E-017  -5.7085901657512169E-003   4.5379648681522335E-003
  -6.1376618558541417E-019   2.1568692882379245E-019   2.4196409511828045E-018  -1.9658227846734962E-016   1.7289840594416237E-028  -5.0055152342363256E-030   1.7995418629231703E-030   1.5147322103209779E-028   2.4931098421373832E-030   1.5413878478485654E-028  -5.6394155879642806E-018   1.9817778448410895E-018   2.2232180947482044E-017   1.2111718854350027E-016   2.3511327311426145E-028   2.8482931050276197E-030   1.5391999428621842E-030   2.7362247198824959E-028   2.5887244987028232E-030   2.4846323804256564E-028  -7.9944231566678027E-018   2.8093639220594607E-018   3.1516290902375778E-017  -1.1348326871970605E-014   2.1607612645142794E-029  -2.8358281396622475E-032  -1.5631735827211151E-030   9.4707205174178591E-030   9.6705883561820747E-031   2.9980793157686361E-029  -7.9721438585974865E-018   2.8015346321807750E-018   3.1428459569808017E-017  -1.1612663966560977E-014   3.5363551450171745E-015
   1.5191900945862375E-019   4.3843009195838454E-020  -8.4481971871053281E-020  -2.2894463072111889E-018   1.8383759731829647E-030  -8.5391967859826120E-032   1.6981522399529938E-032   1.6367467250808239E-030   8.9080619740472479E-032   1.7207689230518344E-030   1.3958645004739111E-018   4.0283898867231179E-019  -7.7623850948672949E-019   1.6009809641460363E-018   2.8482931050276197E-030   3.9296628864658684E-032   6.2480570687292736E-032   3.3084730581740550E-030  -1.9809489908934233E-032   2.9546428655442076E-030   1.9787744513749720E-018   5.7106366594485031E-019  -1.1003940068854422E-018  -1.2860179729972560E-016   3.6834397377145373E-031  -7.8921938014245386E-033  -4.4931544668139117E-032   2.6265362045587947E-031   1.2853122205278099E-032   4.8433950916453811E-031   1.9732598939211499E-018   5.6947219431770575E-019  -1.0973273683564662E-018  -1.3107080308737344E-016   1.3856179275840086E-016
  -6.2456602823583935E-020  -3.5964891015497988E-019   1.2423903293517925E-018  -4.0720362822252121E-019  -1.2469715179466797E-030  -2.7171689677671976E-031  -1.1911802834909316E-032  -8.5220569957364676E-031   5.8052183294985546E-031  -3.5254049510606797E-031  -5.7386468627209283E-019  -3.3045314612575746E-018   1.1415349288114299E-017   2.0443711863118039E-018   1.5391999428621842E-030   6.2480570687292736E-032   4.3050875195589095E-031   1.7315207788433553E-030  -4.7172066501948056E-031   1.1026060700732919E-030  -8.1350931938999832E-019  -4.6844965446733812E-018   1.6182374089443282E-017   1.0057464977696817E-017   1.1444757213790480E-030  -7.1465285323617892E-032  -2.5456085549066362E-031   1.4564479035094066E-030   1.8106506932450255E-032   1.3344502573824473E-030  -8.1124218688407458E-019  -4.6714415321019205E-018   1.6137276159462122E-017   1.5250825719959622E-017   9.2447465026232185E-016
  -3.6680326994733159E-020   6.2670893675609759E-019   3.3885317570737993E-018  -2.2890646255837812E-016   2.0156796532882443E-028  -5.7913848445993701E-030   2.1027265618371548E-030   1.7655688661010705E-028   2.8179023652080602E-030   1.7958695312587431E-028  -3.3702672561538387E-019   5.7583363665803121E-018   3.1134557849476862E-017   1.4076975820696419E-016   2.7362247198824959E-028   3.3084730581740550E-030   1.7315207788433553E-030   3.1845024866805184E-028   3.0838546505481782E-030   2.8923582126278459E-028  -4.7776834632795822E-019   8.1630049913825523E-018   4.4136280854265503E-017  -1.3219260249575924E-014   2.5000542004642112E-029  -2.2518170442545974E-032  -1.7834542848317833E-030   1.0818842483635272E-029   1.1237450080396233E-030   3.4724890459908357E-029  -4.7643687522302243E-019   8.1402558801729464E-018   4.4013279439726790E-017  -1.3527903815276039E-014   3.9834363836476815E-015
   6.5180465359491804E-019  -1.0334054565575393E-019  -7.8658777233519284E-019  -3.1895348462694393E-018   4.6832700526454740E-030   2.2474563910636392E-031   5.2902662676261781E-032   3.8243394182486993E-030  -6.3238605687189522E-031   3.2887850494169408E-030   5.9889212050506908E-018  -9.4951513740848657E-019  -7.2273374597592818E-018  -1.2874900403832857E-019   2.5887244987028232E-030  -1.9809489908934233E-032  -4.7172066501948056E-031   3.0838546505481782E-030   5.9887559875452997E-031   3.3469397707827366E-030   8.4898815521337083E-018  -1.3460305742126633E-018  -1.0245457715975862E-017  -2.2331197246002089E-016  -9.3442480283272203E-031   8.2912059499350282E-032   2.6807162278460633E-031  -1.5245466797581630E-030  -3.1545968828830273E-033  -1.0003197208294520E-030   8.4662214833661837E-018  -1.3422793821910116E-018  -1.0216905111015111E-017  -2.3430324889570634E-016  -1.0133801416039847E-015
  -5.0630331865404805E-019   5.1602311680785838E-019   2.3096939911031855E-018  -2.0884296573856347E-016   1.8571477102188787E-028  -4.9918590036738387E-030   1.9423086409901576E-030   1.6239948058457984E-028   1.9283768003324095E-030   1.6460808912711887E-028  -4.6520236769490226E-018   4.7413312707595974E-018   2.1221964654883360E-017   1.2641924158110388E-016   2.4846323804256564E-028   2.9546428655442076E-030   1.1026060700732919E-030   2.8923582126278459E-028   3.3469397707827366E-030   2.6322830777627667E-028  -6.5946985513447762E-018   6.7213008002893086E-018   3.0084210503828666E-017  -1.2098257653316933E-014   2.1575019148001510E-029   5.9501139350260072E-032  -1.3450214106901044E-030   8.2585073755072859E-030   1.0075016359109677E-030   3.0252987993635703E-029  -6.5763200827748540E-018   6.7025695095996317E-018   3.0000370171666039E-017  -1.2386289642439324E-014   2.6053260485457696E-015
   5.4665374558837028E-003  -3.8360833985206798E-017  -4.4379753052537216E-017   4.0111078808476025E-017  -4.5727844852430181E-017   9.7538316075329415E-018  -5.3694231379620044E-018  -2.0894144814622776E-017  -1.9707575857426794E-017  -2.2453525216039380E-017   5.0227720693884953E-002   1.9852193529114963E-017   2.9802113095313772E-017   1.5571883189998976E-017  -7.9944231566678027E-018   1.9787744513749720E-018  -8.1350931938999832E-019  -4.7776834632795822E-019   8.4898815521337083E-018  -6.5946985513447762E-018   7.1202706585142148E-002   2.3688405747229141E-017  -1.0704167112689405E-017   1.4878490480077222E-016  -2.3721312018026429E-018   3.6430932741369095E-019  -6.7911665724282008E-019  -2.5162462581243747E-018  -1.7489380382884729E-018  -1.5751624994613606E-018   7.1004274966995726E-002   1.5842621901128643E-017   2.6262274176139198E-017   1.6125045011845439E-016   2.7923556773440591E-016
   1.8523216481392357E-017   5.4665374558836872E-003   1.4147758383928111E-016  -1.1947301441623768E-016  -4.7089135482642736E-018  -1.1582724801745158E-017  -9.5139045398378193E-018  -4.9597946384414427E-018   1.9611041412495640E-018   2.0490628282456582E-019  -8.9981721708399580E-018   5.0227720693884766E-002  -7.4617391078157628E-017   8.1429475629980862E-017   2.8093639220594607E-018   5.7106366594485031E-019  -4.6844965446733812E-018   8.1630049913825523E-018  -1.3460305742126633E-018   6.7213008002893086E-018   2.3688405747229141E-017   7.1202706585141759E-002  -2.9875416738290643E-017  -8.5673209483015552E-016   1.3911486262611126E-017   1.9562457017504421E-019  -5.9991196797728789E-019   1.2892761950673523E-017   3.9996433231125824E-019   1.3430370161288961E-017   2.0935266324337524E-017   7.1004274966995268E-002  -4.3453919571408104E-017  -8.3979535663324885E-016  -1.1057573296847792E-015
  -1.7717835166121221E-016   2.0269907827053240E-016   5.4665374558836412E-003  -3.3698095168517032E-016   7.5456750209212954E-017  -1.1756409985598618E-017   4.5132598127730907E-017   6.3812123084694281E-017   1.0614965612163548E-017   5.2932132315126967E-017   3.7003869557185613E-018  -9.3003935264206516E-017   5.0227720693884960E-002   8.8886904900818062E-017   3.1516290902375778E-017  -1.1003940068854422E-018   1.6182374089443282E-017   4.4136280854265503E-017  -1.0245457715975862E-017   3.0084210503828666E-017  -1.0704167112689405E-017  -2.9875416738290643E-017   7.1202706585142286E-002  -1.6671930327089465E-016   4.3596285258960204E-018  -1.2636082955300793E-019   3.0077816295076778E-019   6.9168655888906961E-018   1.6145510826092693E-018   1.3673855590366597E-018   9.2147832005808585E-018  -4.9459383167441617E-017   7.1004274966995851E-002  -8.4004239820504091E-017   2.6087092417465627E-016
   3.3799001370944496E-017  -2.1732678389777451E-016  -1.0584837792309054E-016   9.6654066816702910E-003  -8.8264152419008081E-015   1.9346579060410151E-016  -9.2838688413637042E-017  -7.6842285234253059E-015  -6.6885349902334599E-018  -7.7152739104394300E-015  -1.6907195576981834E-016   5.4418249316013522E-016   1.5466633480980657E-016  -5.5932487356053053E-003  -1.1348326871970605E-014  -1.2860179729972560E-016   1.0057464977696817E-017  -1.3219260249575924E-014  -2.2331197246002089E-016  -1.2098257653316933E-014   1.4878490480077222E-016  -8.5673209483015552E-016  -1.6671930327089465E-016  0.56473584061680160       -8.4045694701188720E-016  -1.3003669415587754E-017   2.6150719786901161E-017  -1.7579968496157182E-016  -4.4326329289233704E-017  -1.2172617983635144E-015  -1.0223607816770835E-016  -8.2950684429799896E-017  -1.9115759363922635E-016  0.57889051242326617        1.1117223571737623E-002
  -1.8211869585890182E-019   1.0680445220239496E-018   3.3470739770323360E-019  -1.5959752991650672E-017   1.0128598487632728E-029  -1.0339882352629441E-030   8.1590803525201195E-032   9.4532767781401001E-030   1.5837723739615851E-030   1.0867728654408137E-029  -1.6733457078759720E-018   9.8134225501620960E-018   3.0753634858798019E-018   1.4154222298808906E-017   2.1607612645142794E-029   3.6834397377145373E-031   1.1444757213790480E-030   2.5000542004642112E-029  -9.3442480283272203E-031   2.1575019148001510E-029  -2.3721312018026429E-018   1.3911486262611126E-017   4.3596285258960204E-018  -8.4045694701188720E-016   4.4064799123601329E-030  -1.7421224244816176E-031  -7.3280846236006700E-031   4.2316766656248046E-030   1.1660655115772118E-031   5.5035868685284695E-030  -2.3655204161262207E-018   1.3872716967702173E-017   4.3474788733832191E-018  -8.4808542537468396E-016   2.4968619687193582E-015
   2.7969591035872686E-020   1.5018938063509468E-020  -9.7012633484736307E-021  -1.2582098581352544E-019   3.8782776271388422E-031   4.1192404716225544E-032   5.5444285477038986E-033   2.9866795966548743E-031  -9.6494965903565629E-032   2.1541686179291551E-031   2.5699061203008991E-019   1.3799722992070829E-019  -8.9137292075359761E-020  -2.2920455275153098E-019  -2.8358281396622475E-032  -7.8921938014245386E-033  -7.1465285323617892E-032  -2.2518170442545974E-032   8.2912059499350282E-032   5.9501139350260072E-032   3.6430932741369095E-019   1.9562457017504421E-019  -1.2636082955300793E-019  -1.3003669415587754E-017  -1.7421224244816176E-031   1.2188786611860500E-032   4.1995019181176675E-032  -2.3953189605965354E-031  -2.0850191029875207E-033  -1.9847946733620429E-031   3.6329405014673475E-019   1.9507939286540397E-019  -1.2600868024456826E-019  -1.4154675303671869E-017  -1.5458875718132523E-016
  -5.2138701206491566E-020  -4.6057817187722586E-020   2.3092030802515906E-020   7.9427441760180454E-019   2.5502396679474347E-031   1.7237633106381733E-031   8.7121205646739483E-033   8.1810128098870730E-032  -3.4607994626486161E-031  -2.2073286844230566E-031  -4.7906158929171941E-019  -4.2318912038076719E-019   2.1217454060470110E-019  -1.5420796715654117E-018  -1.5631735827211151E-030  -4.4931544668139117E-032  -2.5456085549066362E-031  -1.7834542848317833E-030   2.6807162278460633E-031  -1.3450214106901044E-030  -6.7911665724282008E-019  -5.9991196797728789E-019   3.0077816295076778E-019   2.6150719786901161E-017  -7.3280846236006700E-031   4.1995019181176675E-032   1.5391498944867656E-031  -8.8123868232337933E-031  -1.3125008583187983E-032  -8.6837380398155318E-031  -6.7722405759769540E-019  -5.9824010031599481E-019   2.9993993782669380E-019   2.3849032186356312E-017  -5.5262372082177703E-016
  -1.9318302741477614E-019   9.8983268323952080E-019   5.3103746518044096E-019  -4.9911635398208759E-018  -1.0348118570581278E-030  -9.9844014752280332E-031  -4.0800795804137003E-032  -1.0125196398258639E-031   1.9824117195730364E-030   1.6295493601031387E-030  -1.7750071635130260E-018   9.0947953706914722E-018   4.8792863296635238E-018   9.0774076305181239E-018   9.4707205174178591E-030   2.6265362045587947E-031   1.4564479035094066E-030   1.0818842483635272E-029  -1.5245466797581630E-030   8.2585073755072859E-030  -2.5162462581243747E-018   1.2892761950673523E-017   6.9168655888906961E-018  -1.7579968496157182E-016   4.2316766656248046E-030  -2.3953189605965354E-031  -8.8123868232337933E-031   5.0496166332382916E-030   7.7513579762618993E-032   5.0238331444437707E-030  -2.5092338446845534E-018   1.2856831692697896E-017   6.8975892875080539E-018  -1.6329795813446092E-016   3.1592190618802909E-015
  -1.3427348134430107E-019   3.0706978827875870E-020   1.2395601783715154E-019  -7.8382864230580521E-019   6.4743537072251277E-031  -2.7631508976459683E-032   7.4669654524391774E-033   5.7331441601905304E-031   2.6395653408119535E-032   5.9744076884480156E-031  -1.2337335968123734E-018   2.8214231922235488E-019   1.1389345252814893E-018   5.3222796915751842E-019   9.6705883561820747E-031   1.2853122205278099E-032   1.8106506932450255E-032   1.1237450080396233E-030  -3.1545968828830273E-033   1.0075016359109677E-030  -1.7489380382884729E-018   3.9996433231125824E-019   1.6145510826092693E-018  -4.4326329289233704E-017   1.1660655115772118E-031  -2.0850191029875207E-033  -1.3125008583187983E-032   7.7513579762618993E-032   4.3668476020589564E-033   1.5467164454881852E-031  -1.7440640015893029E-018   3.9884968971590182E-019   1.6100515628681169E-018  -4.5222507827649115E-017   3.9311254963556395E-017
  -1.2093198721449814E-019   1.0311071735066723E-018   1.0498005951727691E-019  -2.2676901018113350E-017   1.5501373014867099E-029  -1.2888237597310368E-030   1.3182792372982008E-031   1.4239390001524331E-029   1.8551624064343281E-030   1.5907796658887998E-029  -1.1111490821745862E-018   9.4740342555656691E-018   9.6457934303333477E-019   1.8878578953935848E-017   2.9980793157686361E-029   4.8433950916453811E-031   1.3344502573824473E-030   3.4724890459908357E-029  -1.0003197208294520E-030   3.0252987993635703E-029  -1.5751624994613606E-018   1.3430370161288961E-017   1.3673855590366597E-018  -1.2172617983635144E-015   5.5035868685284695E-030  -1.9847946733620429E-031  -8.6837380398155318E-031   5.0238331444437707E-030   1.5467164454881852E-031   6.9435910794253050E-030  -1.5707727499898415E-018   1.3392941667187408E-017   1.3635748537671103E-018  -1.2320473719855105E-015   2.9172755900804393E-015
   5.4513030086968959E-003  -3.8460201537831316E-017  -4.2728877015078627E-017   3.5993677008609714E-017  -4.5600407979817963E-017   9.7266490932461734E-018  -5.3544593342966307E-018  -2.0835915862881131E-017  -1.9652653701308518E-017  -2.2390950497245015E-017   5.0087743319834191E-002   1.7901617823745900E-017   4.3749922293434483E-017   1.6961416571222820E-017  -7.9721438585974865E-018   1.9732598939211499E-018  -8.1124218688407458E-019  -4.7643687522302243E-019   8.4662214833661837E-018  -6.5763200827748540E-018   7.1004274966995726E-002   2.0935266324337524E-017   9.2147832005808585E-018  -1.0223607816770835E-016  -2.3655204161262207E-018   3.6329405014673475E-019  -6.7722405759769540E-019  -2.5092338446845534E-018  -1.7440640015893029E-018  -1.5707727499898415E-018   7.0806396348994494E-002   1.3118846287074628E-017   4.6026711562614687E-017  -9.8504460506811524E-017  -1.7875530790930699E-016
   1.7874318657716768E-017   5.4513030086968759E-003   1.3957334789473479E-016  -1.0649532655235395E-016  -4.6957904890580726E-018  -1.1550445427333907E-017  -9.4873906674969903E-018  -4.9459724100152683E-018   1.9556388283882093E-018   2.0433523871702941E-019  -1.4460828819841135E-017   5.0087743319833962E-002  -8.8283420649158226E-017   7.5626082516545986E-017   2.8015346321807750E-018   5.6947219431770575E-019  -4.6714415321019205E-018   8.1402558801729464E-018  -1.3422793821910116E-018   6.7025695095996317E-018   1.5842621901128643E-017   7.1004274966995268E-002  -4.9459383167441617E-017  -8.2950684429799896E-017   1.3872716967702173E-017   1.9507939286540397E-019  -5.9824010031599481E-019   1.2856831692697896E-017   3.9884968971590182E-019   1.3392941667187408E-017   1.3118846287074628E-017   7.0806396348993966E-002  -6.2946406442256014E-017  -4.1970807246729523E-017  -1.9788093650883431E-016
  -1.7384889565321968E-016   2.0108526874777644E-016   5.4513030086968334E-003  -3.3596407115728143E-016   7.5246463188366545E-017  -1.1723646575765838E-017   4.5006820121428185E-017   6.3634287951055852E-017   1.0585383242278380E-017   5.2784618138055141E-017   2.9745273655249094E-017  -1.0238228405620622E-016   5.0087743319834205E-002   8.7020745562008639E-017   3.1428459569808017E-017  -1.0973273683564662E-018   1.6137276159462122E-017   4.4013279439726790E-017  -1.0216905111015111E-017   3.0000370171666039E-017   2.6262274176139198E-017  -4.3453919571408104E-017   7.1004274966995851E-002  -1.9115759363922635E-016   4.3474788733832191E-018  -1.2600868024456826E-019   2.9993993782669380E-019   6.8975892875080539E-018   1.6100515628681169E-018   1.3635748537671103E-018   4.6026711562614687E-017  -6.2946406442256014E-017   7.0806396348994605E-002  -1.1359572152343659E-016  -5.4439070658217446E-016
   3.6355226999108716E-017  -2.2299112117148679E-016  -1.0311565779062716E-016   9.9009481125045453E-003  -9.0604817130697857E-015   1.9514911744184085E-016  -9.5411365854045832E-017  -7.8852935531834751E-015  -1.5553890936753565E-019  -7.9112870765326263E-015  -1.6928878922751450E-016   5.8976092405238752E-016   2.1929375030484147E-016  -5.7085901657512169E-003  -1.1612663966560977E-014  -1.3107080308737344E-016   1.5250825719959622E-017  -1.3527903815276039E-014  -2.3430324889570634E-016  -1.2386289642439324E-014   1.6125045011845439E-016  -8.3979535663324885E-016  -8.4004239820504091E-017  0.57889051242326617       -8.4808542537468396E-016  -1.4154675303671869E-017   2.3849032186356312E-017  -1.6329795813446092E-016  -4.5222507827649115E-017  -1.2320473719855105E-015  -9.8504460506811524E-017  -4.1970807246729523E-017  -1.1359572152343659E-016  0.59345723039300924        2.2108371383700788E-002
   2.1610442829468109E-016  -6.8010553143250528E-016  -2.2225494041639491E-016  -1.0657087330640700E-003  -2.5753401898769351E-015  -5.8835091814674438E-016  -4.7795049782445190E-017  -1.7348006313992442E-015   1.2532372449478393E-015  -6.4489917341967341E-016  -2.0907648541014545E-016   1.4861785343411986E-016   8.7316676638094422E-017   4.5379648681522335E-003   3.5363551450171745E-015   1.3856179275840086E-016   9.2447465026232185E-016   3.9834363836476815E-015  -1.0133801416039847E-015   2.6053260485457696E-015   2.7923556773440591E-016  -1.1057573296847792E-015   2.6087092417465627E-016   1.1117223571737623E-002   2.4968619687193582E-015  -1.5458875718132523E-016  -5.5262372082177703E-016   3.1592190618802909E-015   3.9311254963556395E-017   2.9172755900804393E-015  -1.7875530790930699E-016  -1.9788093650883431E-016  -5.4439070658217446E-016   2.2108371383700788E-002   2.0040155321641104     
