   7.4144642223868717E-005  -3.0977210836563788E-019   3.7377975775556933E-019  -2.0016285106328344E-018  -1.1953415153404200E-003   2.0018257205983161E-017   7.6769084168940391E-017   9.0782021197625960E-019   1.4373363985660571E-018  -1.3611174579684276E-018  -1.4066724323495450E-019  -1.9179521193922326E-018  -2.5486265341989366E-018  -1.0783240103052549E-018  -2.9111376600012198E-019   7.7709060039008049E-019   1.2550769590707364E-018  -8.8235947501715758E-019  -1.8643533755367226E-020   1.3574331661552848E-019  -4.0229806817016385E-003   7.4784730818984203E-017   2.2743046392014797E-016  -3.2408757758804314E-016   1.9512624645590106E-019   1.9566364993680323E-019   2.1469166895258322E-020   7.3746810484783169E-020  -1.1748085698832428E-019  -2.0805603785717689E-019  -3.2761358011724836E-016  -5.2312248023254687E-003   9.4896178192778346E-017   3.0145330845541202E-016  -1.3576271321808415E-015
  -3.0977210836563788E-019   7.4144642223907152E-005  -3.2209701677487821E-018   6.6459573603984070E-018  -1.6860010489723453E-017  -1.1953415153407318E-003   6.7692001173476985E-017   1.2007271469093959E-018  -1.3322875348938215E-018   1.8269061924045547E-019  -3.9878547359577878E-018   2.4538924772421636E-018  -3.6573943975908653E-018  -6.5432033039388108E-018  -5.8863326894907165E-019   1.2252813424088915E-018  -4.2159624668872013E-019  -2.4957414559031596E-019  -1.4752833530868867E-019  -1.0213850470012231E-019  -5.5222478432366590E-017  -4.0229806817026724E-003   2.2887056551426800E-016  -4.9509102053483087E-017  -1.3305086460088413E-019   8.2477606791440785E-020  -3.1064965118302145E-019  -4.6274024451091231E-019  -6.6346653074728230E-019  -4.2049191748489996E-019  -5.5962444778402702E-017  -7.2886887326212136E-017  -5.2312248023268391E-003   3.0032521938834650E-016  -3.4893328545355709E-016
   3.7377975775556933E-019  -3.2209701677487821E-018   7.4144642223842696E-005   1.2733577508991017E-017  -7.4969297974701282E-017  -9.6938950346314512E-018  -1.1953415153402277E-003  -1.6057639481292237E-018   3.8673213747431460E-018  -3.5615894463285989E-018  -8.2709491293398580E-020  -9.0897048818878281E-018   1.8082500522326942E-018  -4.0506039890390545E-018  -2.0004403212228890E-018  -2.1627745680316124E-018  -1.1128512371408579E-018   2.0117799154806863E-019   1.8118723497610526E-018   7.2650986042615063E-019  -2.5594254583679383E-016  -5.6483333296469209E-017  -4.0229806817009125E-003   5.2430930986682269E-016  -1.7250154037789921E-018  -1.1325035581275666E-019   2.1456485802229536E-019  -1.4743476600514938E-018   1.2916795045512273E-018  -1.5148450402811349E-018   5.1256803795125785E-016  -3.3491979195966629E-016  -6.9222311776479922E-017  -5.2312248023245449E-003  -4.2899840892288844E-016
  -2.0016285106328344E-018   6.6459573603984070E-018   1.2733577508991017E-017   6.0389667161038268E-005  -9.3020335424284432E-019  -1.1258597742654840E-016  -1.3052167986676390E-016   8.2870919514202403E-018  -5.4670649250367608E-018  -9.3748501198842782E-019   1.0582231664427061E-017  -4.0881659119821743E-018   1.5509490472669000E-017   5.5285725263744261E-005  -1.6800435614596630E-017  -5.9316734653533184E-019   4.9825333182008569E-019  -3.1989251346865114E-017   1.0208425875500293E-018  -3.0625104705134836E-017  -4.0962368452074775E-017  -3.8334141270209726E-016  -3.8494542589173538E-016   5.8561274943585827E-003  -9.0810324655721972E-019  -1.1241678957092333E-019  -4.7182044313292948E-019  -1.7115463987859933E-017  -1.1942848069072401E-018  -1.8377320497183734E-017   5.9206375919386121E-003  -4.8691776327899703E-017  -4.9958508061472370E-016  -5.1673889996553012E-016  -8.5105130993937247E-004
  -1.1953415153404200E-003  -1.6860010489723453E-017  -7.4969297974701282E-017  -9.3020335424284432E-019   1.9270999163798749E-002   2.9596734075384329E-017  -1.2616471046058278E-016  -1.4635652088826606E-017  -2.3172380595330728E-017   2.1943597756560238E-017   2.2678023744554901E-018   3.0920747932440291E-017   4.1088324281483121E-017  -6.1886551369040921E-017   4.6932638658071789E-018  -1.2528061744816104E-017  -2.0234039158144452E-017   1.4225180408351291E-017   3.0056642289530969E-019  -2.1884200518017101E-018   6.4857495835382251E-002  -1.9890133546544174E-017   7.4186533652321935E-017   9.7937885175232923E-016  -3.1457769047660887E-018  -3.1544407902855345E-018  -3.4612057891477955E-019  -1.1889277707570195E-018   1.8939972114397701E-018   3.3542277919678471E-018   9.1155733468513943E-016   8.4336507598456123E-002   1.2007115543802643E-017   4.2961511084732104E-018   3.3813713310527235E-016
   2.0018257205983161E-017  -1.1953415153407318E-003  -9.6938950346314512E-018  -1.1258597742654840E-016   2.9596734075384329E-017   1.9270999163798812E-002  -9.7865869088406789E-017  -1.9357824978946463E-017   2.1478808893838335E-017  -2.9452928099878653E-018   6.4291204058191314E-017  -3.9561045333138973E-017   5.8963604520649773E-017   8.8684325353123431E-017   9.4897994323320504E-018  -1.9753681623155888E-017   6.7968700267927905E-018   4.0235724178157624E-018   2.3784151975657652E-018   1.6466516166476574E-018   7.5092541268527460E-017   6.4857495835382209E-002  -3.4629713850718556E-016   2.2337139846402428E-017   2.1450130088904000E-018  -1.3296835014177831E-018   5.0082165568177788E-018   7.4601833455923640E-018   1.0696242701476810E-017   6.7790663055360938E-018   9.8988192917260987E-017   1.1504327374225032E-016   8.4336507598456498E-002  -4.9410015263832474E-016   3.7679467839474118E-016
   7.6769084168940391E-017   6.7692001173476985E-017  -1.1953415153402277E-003  -1.3052167986676390E-016  -1.2616471046058278E-016  -9.7865869088406789E-017   1.9270999163799311E-002   2.5887727736846686E-017  -6.2347995131427539E-017   5.7419060880234320E-017   1.3334218858119119E-018   1.4654196556385510E-016  -2.9152158439477695E-017   1.2118923032749853E-016   3.2250602244445474E-017   3.4867714671615828E-017   1.7941111377088618E-017  -3.2433416368263248E-018  -2.9210556221012255E-017  -1.1712611611931043E-017  -3.6609949826456864E-016   5.5261064753581494E-017   6.4857495835382861E-002  -1.4662248742344997E-015   2.7810270100346722E-017   1.8257941217310940E-018  -3.4591613747753289E-018   2.3769066964850740E-017  -2.0824136309716792E-017   2.4421955675339671E-017  -1.2199910077313784E-015  -4.4206310704022934E-016   3.7438856268649065E-018   8.4336507598457261E-002   2.0456144914189195E-016
   9.0782021197625960E-019   1.2007271469093959E-018  -1.6057639481292237E-018   8.2870919514202403E-018  -1.4635652088826606E-017  -1.9357824978946463E-017   2.5887727736846686E-017   3.0002247915114048E-030  -1.0785071150242750E-030   3.5081014201494168E-032   3.1848137795341961E-030  -5.8807239883280258E-031   5.9170058238556985E-030   3.3871185863981322E-018   3.0627981704314519E-030  -1.1611528544897329E-030   1.2945277027710308E-031   1.2353740229784629E-031  -1.2990290496029033E-031  -7.8620582430618172E-031  -4.9257007191532153E-017  -6.5149712388164938E-017   8.7126421396678160E-017   7.1546328542017226E-016   1.2286941575834061E-030   4.3875712552214786E-031  -4.1186519990100837E-031   9.1333156365358029E-031  -9.9441898233563729E-031   2.1703660848601695E-030   7.1665149477433140E-016  -6.4050637598308348E-017  -8.4716487170697229E-017   1.1329358319348655E-016  -2.0085212605301618E-015
   1.4373363985660571E-018  -1.3322875348938215E-018   3.8673213747431460E-018  -5.4670649250367608E-018  -2.3172380595330728E-017   2.1478808893838335E-017  -6.2347995131427539E-017  -1.0785071150242750E-030   7.8063901187475930E-031  -1.4398927335921244E-031  -1.1338683243528939E-030  -1.5314615689388900E-031  -1.8177453173073744E-030  -4.4430631144915118E-018   7.0725158630593086E-031   8.8615635043120163E-032  -7.5051500832154883E-032   2.2873582819464390E-030   3.4904827988505898E-032   2.3555967041122171E-030  -7.7987786994498575E-017   7.2287988107953706E-017  -2.0983524518943067E-016  -5.1835805986674577E-016  -1.7764694381962872E-031  -5.3365548292496119E-032   1.0509150295228535E-031   1.0492028501346681E-030   2.9089503599470624E-031   9.6347763313756803E-031  -5.2317258828753326E-016  -1.0141029199064775E-016   9.3998640863616308E-017  -2.7285622922074062E-016   3.3017746731360123E-016
  -1.3611174579684276E-018   1.8269061924045547E-019  -3.5615894463285989E-018  -9.3748501198842782E-019   2.1943597756560238E-017  -2.9452928099878653E-018   5.7419060880234320E-017   3.5081014201494168E-032  -1.4398927335921244E-031   2.1667026935793946E-031  -6.7275263954406731E-032   5.2794912060496774E-031  -7.1231639859982314E-032  -1.0925689100833065E-018   6.5863366249089882E-031   3.7355407225220499E-032   2.3229454377120500E-032   7.5541266849899298E-031  -1.1563205364214906E-031   6.2927617501363414E-031   7.3852257893455218E-017  -9.9125278629347156E-018   1.9324667445925953E-016  -9.5828789346001786E-017   1.6646077821466644E-031   2.8792860235829726E-032  -2.2984159748546892E-032   5.1461947080160556E-031  -8.7084089188417820E-032   6.2133487036746011E-031  -9.7257873591592542E-017   9.6032716477417144E-017  -1.2889612382725538E-017   2.5128552095621834E-016  -9.2338478929297363E-017
  -1.4066724323495450E-019  -3.9878547359577878E-018  -8.2709491293398580E-020   1.0582231664427061E-017   2.2678023744554901E-018   6.4291204058191314E-017   1.3334218858119119E-018   3.1848137795341961E-030  -1.1338683243528939E-030  -6.7275263954406731E-032   3.8658364567860023E-030  -1.0746931687641393E-030   6.8344501063355487E-030   5.4894894803555404E-018   2.4269686975404827E-030  -1.3245237871746771E-030   1.3727591683069146E-031  -1.0594600573495129E-030  -4.3233159068797669E-032  -1.9309647295667978E-030   7.6324004690383774E-018   2.1637521043999082E-016   4.4876969622058223E-018   9.3805374008561749E-016   1.1649192399123039E-030   4.2349072121449639E-031  -4.0385681583375073E-031   2.6297165462729336E-031  -9.6495742066362492E-031   1.4718330021947296E-030   9.4169589475285979E-016   9.9246816711102457E-018   2.8136037853985079E-016   5.8355119030964888E-018  -2.0403212614275019E-015
  -1.9179521193922326E-018   2.4538924772421636E-018  -9.0897048818878281E-018  -4.0881659119821743E-018   3.0920747932440291E-017  -3.9561045333138973E-017   1.4654196556385510E-016  -5.8807239883280258E-031  -1.5314615689388900E-031   5.2794912060496774E-031  -1.0746931687641393E-030   1.5540159590803714E-030  -1.8502400124498981E-030  -3.1815612998071531E-018   6.5742970303144271E-031   4.8019069592986116E-031   5.2480532955945134E-032   1.5498898751712039E-030  -2.6515308755969668E-031   1.5187045330506511E-030   1.0406529849383731E-016  -1.3314464450589390E-016   4.9319419509500397E-016  -3.8466098323167317E-016   8.7714463320139394E-032  -4.0692812905964041E-032   3.9918598200584975E-032   8.8974005842548279E-031   9.1754717572338769E-033   7.9748163890291000E-031  -3.8800409351317227E-016   1.3531980728082930E-016  -1.7313271470680685E-016   6.4131794554197418E-016   3.1035903847250679E-016
  -2.5486265341989366E-018  -3.6573943975908653E-018   1.8082500522326942E-018   1.5509490472669000E-017   4.1088324281483121E-017   5.8963604520649773E-017  -2.9152158439477695E-017   5.9170058238556985E-030  -1.8177453173073744E-030  -7.1231639859982314E-032   6.8344501063355487E-030  -1.8502400124498981E-030   1.2835753033012166E-029   5.0451265296412478E-018   7.3105099614547278E-030  -2.8117921108446330E-030   1.4046256135766841E-031   1.7112220856185994E-030  -1.8296366913215301E-031  -3.6639985027989585E-031   1.3828477694997154E-016   1.9844491207394735E-016  -9.8113023539136658E-017   1.3118447206173923E-015   2.5923500042749618E-030   9.3404962634815821E-031  -8.3742824949152712E-031   2.6435035068554433E-030  -1.9611818805103857E-030   5.4474690169641903E-030   1.3117070013153405E-015   1.7981661166186669E-016   2.5804497413033591E-016  -1.2757985254654651E-016  -4.3418647931874420E-015
  -1.0783240103052549E-018  -6.5432033039388108E-018  -4.0506039890390545E-018   5.5285725263744261E-005  -6.1886551369040921E-017   8.8684325353123431E-017   1.2118923032749853E-016   3.3871185863981322E-018  -4.4430631144915118E-018  -1.0925689100833065E-018   5.4894894803555404E-018  -3.1815612998071531E-018   5.0451265296412478E-018   6.0423837419465688E-005  -2.7850796093726393E-017   2.1573989493448773E-018   3.8970769213888292E-019  -3.9874123926537683E-017   1.4675079897833579E-018  -3.6054571276024162E-017  -2.4631918071083864E-016   2.9218475616484708E-016   4.5577066594394878E-016   5.5671274301017284E-003  -3.9050181234328194E-018  -1.1494940108005359E-018   3.5697114013629303E-019  -2.3230209532319029E-017   7.5305576350039759E-019  -2.7730930283841634E-017   5.6440900574395514E-003  -3.1453408713154773E-016   3.7753155613583571E-016   5.7939773449351316E-016   3.6401830948434343E-003
  -2.9111376600012198E-019  -5.8863326894907165E-019  -2.0004403212228890E-018  -1.6800435614596630E-017   4.6932638658071789E-018   9.4897994323320504E-018   3.2250602244445474E-017   3.0627981704314519E-030   7.0725158630593086E-031   6.5863366249089882E-031   2.4269686975404827E-030   6.5742970303144271E-031   7.3105099614547278E-030  -2.7850796093726393E-017   2.0584546031693341E-029  -3.2219055618067820E-030  -2.5725296037116685E-032   2.2358399764776982E-029  -1.0090595895428617E-030   1.8691957682495792E-029   1.5795410452979548E-017   3.1938386895755062E-017   1.0854098861084101E-016  -1.8909476523895174E-015   4.2063759121963774E-030   1.3632038464942578E-030  -8.7492939931179300E-031   1.4415785261522529E-029  -2.0438185971652449E-030   1.9021150702148273E-029  -1.9316529298190310E-015   2.0539333758265564E-017   4.1530619929469628E-017   1.4113970625625805E-016  -5.3805802385247563E-015
   7.7709060039008049E-019   1.2252813424088915E-018  -2.1627745680316124E-018  -5.9316734653533184E-019  -1.2528061744816104E-017  -1.9753681623155888E-017   3.4867714671615828E-017  -1.1611528544897329E-030   8.8615635043120163E-032   3.7355407225220499E-032  -1.3245237871746771E-030   4.8019069592986116E-031  -2.8117921108446330E-030   2.1573989493448773E-018  -3.2219055618067820E-030   8.4061273396473752E-031   1.5468029375661665E-032  -2.6195625251423328E-030   8.1182928979441621E-032  -1.9275823070981447E-030  -4.2163808193516664E-017  -6.6481987400737482E-017   1.1734900924866060E-016  -8.3463485754819890E-019  -7.8695545233129103E-031  -2.8025387063886439E-031   2.1061917684165670E-031  -1.8770319987439852E-030   4.7008792121887263E-031  -2.7865784467119131E-030   3.4600767214478933E-018  -5.4827098769244046E-017  -8.6448891733560685E-017   1.5259308862757479E-016   1.2247925429162037E-015
   1.2550769590707364E-018  -4.2159624668872013E-019  -1.1128512371408579E-018   4.9825333182008569E-019  -2.0234039158144452E-017   6.7968700267927905E-018   1.7941111377088618E-017   1.2945277027710308E-031  -7.5051500832154883E-032   2.3229454377120500E-032   1.3727591683069146E-031   5.2480532955945134E-032   1.4046256135766841E-031   3.8970769213888292E-019  -2.5725296037116685E-032   1.5468029375661665E-032   4.4906240731275865E-032  -2.0876624130490570E-031  -2.1857785931431637E-032  -2.0640842303411844E-031  -6.8098654318743181E-017   2.2875200486981805E-017   6.0381693057593128E-017   4.6922224519436204E-017   4.3272071156781513E-032   1.0702484469111740E-032  -1.0325734731002737E-032  -6.4002533083149913E-032  -3.9960028218727579E-032  -5.6161493221733371E-032   4.7333228949191330E-017  -8.8551101201538836E-017   2.9745436434721098E-017   7.8516462126206161E-017  -3.6947861919416528E-017
  -8.8235947501715758E-019  -2.4957414559031596E-019   2.0117799154806863E-019  -3.1989251346865114E-017   1.4225180408351291E-017   4.0235724178157624E-018  -3.2433416368263248E-018   1.2353740229784629E-031   2.2873582819464390E-030   7.5541266849899298E-031  -1.0594600573495129E-030   1.5498898751712039E-030   1.7112220856185994E-030  -3.9874123926537683E-017   2.2358399764776982E-029  -2.6195625251423328E-030  -2.0876624130490570E-031   2.8385026490044200E-029  -1.1103168924366350E-030   2.4876720999836281E-029   4.7875544555355299E-017   1.3541530935362850E-017  -1.0915625853943772E-017  -3.3243413324689379E-015   3.7918332923633173E-030   1.1861891401914706E-030  -6.0015982202091721E-031   1.7223749061560191E-029  -1.3530256862981486E-030   2.1506026916005834E-029  -3.3778374835972800E-015   6.2254272619788426E-017   1.7608534093326370E-017  -1.4193976361794407E-017  -4.3188666567100616E-015
  -1.8643533755367226E-020  -1.4752833530868867E-019   1.8118723497610526E-018   1.0208425875500293E-018   3.0056642289530969E-019   2.3784151975657652E-018  -2.9210556221012255E-017  -1.2990290496029033E-031   3.4904827988505898E-032  -1.1563205364214906E-031  -4.3233159068797669E-032  -2.6515308755969668E-031  -1.8296366913215301E-031   1.4675079897833579E-018  -1.0090595895428617E-030   8.1182928979441621E-032  -2.1857785931431637E-032  -1.1103168924366350E-030   9.0782526333677956E-032  -9.3532127774924803E-031   1.0115710843779587E-018   8.0046733674658136E-018  -9.8309564146127792E-017   1.1018079369184907E-016  -2.2425937676658032E-031  -6.1734180534981438E-032   4.0736310146900191E-032  -7.3520102080813573E-031   1.1302771148245175E-031  -9.3927216171932250E-031   1.1224392324265097E-016   1.3153818436123835E-018   1.0408761355694504E-017  -1.2783542128507153E-016   2.2568264002433505E-016
   1.3574331661552848E-019  -1.0213850470012231E-019   7.2650986042615063E-019  -3.0625104705134836E-017  -2.1884200518017101E-018   1.6466516166476574E-018  -1.1712611611931043E-017  -7.8620582430618172E-031   2.3555967041122171E-030   6.2927617501363414E-031  -1.9309647295667978E-030   1.5187045330506511E-030  -3.6639985027989585E-031  -3.6054571276024162E-017   1.8691957682495792E-029  -1.9275823070981447E-030  -2.0640842303411844E-031   2.4876720999836281E-029  -9.3532127774924803E-031   2.2090827255040605E-029  -7.3652353564523311E-018   5.5418870324974084E-018  -3.9419370650473906E-017  -3.1380939652556952E-015   2.9561185931171023E-030   9.1146256182596090E-031  -4.0290069701642344E-031   1.4845483946793266E-029  -8.8996996251246130E-031   1.8218558719730437E-029  -3.1854413099442939E-015  -9.5772773771698612E-018   7.2063127292549961E-018  -5.1258409063890746E-017  -3.1800978231435347E-015
  -4.0229806817016385E-003  -5.5222478432366590E-017  -2.5594254583679383E-016  -4.0962368452074775E-017   6.4857495835382251E-002   7.5092541268527460E-017  -3.6609949826456864E-016  -4.9257007191532153E-017  -7.7987786994498575E-017   7.3852257893455218E-017   7.6324004690383774E-018   1.0406529849383731E-016   1.3828477694997154E-016  -2.4631918071083864E-016   1.5795410452979548E-017  -4.2163808193516664E-017  -6.8098654318743181E-017   4.7875544555355299E-017   1.0115710843779587E-018  -7.3652353564523311E-018  0.21828109327816661       -1.4945303431239024E-016   4.4661675616466827E-016  -4.4390969598194315E-016  -1.0587266947898970E-017  -1.0616425680886509E-017  -1.1648858377657780E-018  -4.0013949087310846E-018   6.3743408013809788E-018   1.1288818664755248E-017  -7.1878925146650547E-016  0.28383866575080685       -6.6882145031672714E-017   2.7053554708944584E-016   1.3841873735710445E-016
   7.4784730818984203E-017  -4.0229806817026724E-003  -5.6483333296469209E-017  -3.8334141270209726E-016  -1.9890133546544174E-017   6.4857495835382209E-002   5.5261064753581494E-017  -6.5149712388164938E-017   7.2287988107953706E-017  -9.9125278629347156E-018   2.1637521043999082E-016  -1.3314464450589390E-016   1.9844491207394735E-016   2.9218475616484708E-016   3.1938386895755062E-017  -6.6481987400737482E-017   2.2875200486981805E-017   1.3541530935362850E-017   8.0046733674658136E-018   5.5418870324974084E-018  -1.4945303431239024E-016  0.21828109327816564        1.2902259962461630E-016  -4.0107151032941057E-016   7.2191468178939735E-018  -4.4751152455851361E-018   1.6855399230501899E-017   2.5107614096986553E-017   3.5998731076095515E-017   2.2815281187137933E-017  -1.5190405954583283E-016  -1.3578658122491573E-016  0.28383866575080702        2.0369448315571476E-017   3.2457489167742705E-016
   2.2743046392014797E-016   2.2887056551426800E-016  -4.0229806817009125E-003  -3.8494542589173538E-016   7.4186533652321935E-017  -3.4629713850718556E-016   6.4857495835382861E-002   8.7126421396678160E-017  -2.0983524518943067E-016   1.9324667445925953E-016   4.4876969622058223E-018   4.9319419509500397E-016  -9.8113023539136658E-017   4.5577066594394878E-016   1.0854098861084101E-016   1.1734900924866060E-016   6.0381693057593128E-017  -1.0915625853943772E-017  -9.8309564146127792E-017  -3.9419370650473906E-017   4.4661675616466827E-016   1.2902259962461630E-016  0.21828109327816442        2.9545100298214253E-016   9.3596832311755452E-017   6.1447999473160275E-018  -1.1641977800500716E-017   7.9995964328584588E-017  -7.0084655315643484E-017   8.2193293406416819E-017   1.1788486679444433E-015   6.9516332794339222E-016  -6.1468333949297864E-017  0.28383866575080507       -9.0489750420380035E-016
  -3.2408757758804314E-016  -4.9509102053483087E-017   5.2430930986682269E-016   5.8561274943585827E-003   9.7937885175232923E-016   2.2337139846402428E-017  -1.4662248742344997E-015   7.1546328542017226E-016  -5.1835805986674577E-016  -9.5828789346001786E-017   9.3805374008561749E-016  -3.8466098323167317E-016   1.3118447206173923E-015   5.5671274301017284E-003  -1.8909476523895174E-015  -8.3463485754819890E-019   4.6922224519436204E-017  -3.3243413324689379E-015   1.1018079369184907E-016  -3.1380939652556952E-015  -4.4390969598194315E-016  -4.0107151032941057E-016   2.9545100298214253E-016  0.57220541812500814       -1.5258177908828523E-016  -3.2870583394445098E-017  -2.9193016828877255E-017  -1.8184495634010995E-015  -7.7053791467747067E-017  -2.0110421149688136E-015  0.57883696053838862       -1.0066980163739421E-016  -6.5855840416476481E-016  -1.1522284300976895E-015   1.0239491407915085E-002
   1.9512624645590106E-019  -1.3305086460088413E-019  -1.7250154037789921E-018  -9.0810324655721972E-019  -3.1457769047660887E-018   2.1450130088904000E-018   2.7810270100346722E-017   1.2286941575834061E-030  -1.7764694381962872E-031   1.6646077821466644E-031   1.1649192399123039E-030   8.7714463320139394E-032   2.5923500042749618E-030  -3.9050181234328194E-018   4.2063759121963774E-030  -7.8695545233129103E-031   4.3272071156781513E-032   3.7918332923633173E-030  -2.2425937676658032E-031   2.9561185931171023E-030  -1.0587266947898970E-017   7.2191468178939735E-018   9.3596832311755452E-017  -1.5258177908828523E-016   1.0175132561631213E-030   3.3258276823163754E-031  -2.4444824519596598E-031   2.6616324996501064E-030  -5.8968519618348674E-031   3.7288735303540381E-030  -1.5916134918386742E-016  -1.3766999602708847E-017   9.3873132568520591E-018   1.2170728853742647E-016  -1.3717607874792475E-015
   1.9566364993680323E-019   8.2477606791440785E-020  -1.1325035581275666E-019  -1.1241678957092333E-019  -3.1544407902855345E-018  -1.3296835014177831E-018   1.8257941217310940E-018   4.3875712552214786E-031  -5.3365548292496119E-032   2.8792860235829726E-032   4.2349072121449639E-031  -4.0692812905964041E-032   9.3404962634815821E-031  -1.1494940108005359E-018   1.3632038464942578E-030  -2.8025387063886439E-031   1.0702484469111740E-032   1.1861891401914706E-030  -6.1734180534981438E-032   9.1146256182596090E-031  -1.0616425680886509E-017  -4.4751152455851361E-018   6.1447999473160275E-018  -3.2870583394445098E-017   3.3258276823163754E-031   1.1263658960315838E-031  -8.3897711543895043E-032   8.4041136768441174E-031  -1.9776731808586209E-031   1.1990160713556358E-030  -3.4900699044973570E-017  -1.3804915739841010E-017  -5.8191514496826439E-018   7.9903018266870931E-018  -4.6985582419125405E-016
   2.1469166895258322E-020  -3.1064965118302145E-019   2.1456485802229536E-019  -4.7182044313292948E-019  -3.4612057891477955E-019   5.0082165568177788E-018  -3.4591613747753289E-018  -4.1186519990100837E-031   1.0509150295228535E-031  -2.2984159748546892E-032  -4.0385681583375073E-031   3.9918598200584975E-032  -8.3742824949152712E-031   3.5697114013629303E-019  -8.7492939931179300E-031   2.1061917684165670E-031  -1.0325734731002737E-032  -6.0015982202091721E-031   4.0736310146900191E-032  -4.0290069701642344E-031  -1.1648858377657780E-018   1.6855399230501899E-017  -1.1641977800500716E-017  -2.9193016828877255E-017  -2.4444824519596598E-031  -8.3897711543895043E-032   6.9054661214337272E-032  -4.7661678181657644E-031   1.6429096099586578E-031  -7.3615926295597758E-031  -2.8257242927073935E-017  -1.5147424679703199E-018   2.1917674849585229E-017  -1.5138477620613607E-017   3.6202257486646517E-016
   7.3746810484783169E-020  -4.6274024451091231E-019  -1.4743476600514938E-018  -1.7115463987859933E-017  -1.1889277707570195E-018   7.4601833455923640E-018   2.3769066964850740E-017   9.1333156365358029E-031   1.0492028501346681E-030   5.1461947080160556E-031   2.6297165462729336E-031   8.8974005842548279E-031   2.6435035068554433E-030  -2.3230209532319029E-017   1.4415785261522529E-029  -1.8770319987439852E-030  -6.4002533083149913E-032   1.7223749061560191E-029  -7.3520102080813573E-031   1.4845483946793266E-029  -4.0013949087310846E-018   2.5107614096986553E-017   7.9995964328584588E-017  -1.8184495634010995E-015   2.6616324996501064E-030   8.4041136768441174E-031  -4.7661678181657644E-031   1.0710729768143345E-029  -1.1062399159768638E-030   1.3647075587795935E-029  -1.8505323490390050E-015  -5.2031560543335561E-018   3.2648323216859911E-017   1.0402159637133612E-016  -3.1648446255934675E-015
  -1.1748085698832428E-019  -6.6346653074728230E-019   1.2916795045512273E-018  -1.1942848069072401E-018   1.8939972114397701E-018   1.0696242701476810E-017  -2.0824136309716792E-017  -9.9441898233563729E-031   2.9089503599470624E-031  -8.7084089188417820E-032  -9.6495742066362492E-031   9.1754717572338769E-033  -1.9611818805103857E-030   7.5305576350039759E-019  -2.0438185971652449E-030   4.7008792121887263E-031  -3.9960028218727579E-032  -1.3530256862981486E-030   1.1302771148245175E-031  -8.8996996251246130E-031   6.3743408013809788E-018   3.5998731076095515E-017  -7.0084655315643484E-017  -7.7053791467747067E-017  -5.8968519618348674E-031  -1.9776731808586209E-031   1.6429096099586578E-031  -1.1062399159768638E-030   3.9974325982610639E-031  -1.7115585918232456E-030  -7.4959836115648650E-017   8.2887819596875604E-018   4.6810429817391352E-017  -9.1133568902585050E-017   8.4855872513973444E-016
  -2.0805603785717689E-019  -4.2049191748489996E-019  -1.5148450402811349E-018  -1.8377320497183734E-017   3.3542277919678471E-018   6.7790663055360938E-018   2.4421955675339671E-017   2.1703660848601695E-030   9.6347763313756803E-031   6.2133487036746011E-031   1.4718330021947296E-030   7.9748163890291000E-031   5.4474690169641903E-030  -2.7730930283841634E-017   1.9021150702148273E-029  -2.7865784467119131E-030  -5.6161493221733371E-032   2.1506026916005834E-029  -9.3927216171932250E-031   1.8218558719730437E-029   1.1288818664755248E-017   2.2815281187137933E-017   8.2193293406416819E-017  -2.0110421149688136E-015   3.7288735303540381E-030   1.1990160713556358E-030  -7.3615926295597758E-031   1.3647075587795935E-029  -1.7115585918232456E-030   1.7751748570468536E-029  -2.0505784884308328E-015   1.4679252241159435E-017   2.9667521238931246E-017   1.0687886148899112E-016  -4.6540760796692006E-015
  -3.2761358011724836E-016  -5.5962444778402702E-017   5.1256803795125785E-016   5.9206375919386121E-003   9.1155733468513943E-016   9.8988192917260987E-017  -1.2199910077313784E-015   7.1665149477433140E-016  -5.2317258828753326E-016  -9.7257873591592542E-017   9.4169589475285979E-016  -3.8800409351317227E-016   1.3117070013153405E-015   5.6440900574395514E-003  -1.9316529298190310E-015   3.4600767214478933E-018   4.7333228949191330E-017  -3.3778374835972800E-015   1.1224392324265097E-016  -3.1854413099442939E-015  -7.1878925146650547E-016  -1.5190405954583283E-016   1.1788486679444433E-015  0.57883696053838862       -1.5916134918386742E-016  -3.4900699044973570E-017  -2.8257242927073935E-017  -1.8505323490390050E-015  -7.4959836115648650E-017  -2.0505784884308328E-015  0.58557009112446468       -4.5034241726549088E-016  -3.3827893419378375E-016  -1.7959870325414021E-017   1.7395703863142847E-002
  -5.2312248023254687E-003  -7.2886887326212136E-017  -3.3491979195966629E-016  -4.8691776327899703E-017   8.4336507598456123E-002   1.1504327374225032E-016  -4.4206310704022934E-016  -6.4050637598308348E-017  -1.0141029199064775E-016   9.6032716477417144E-017   9.9246816711102457E-018   1.3531980728082930E-016   1.7981661166186669E-016  -3.1453408713154773E-016   2.0539333758265564E-017  -5.4827098769244046E-017  -8.8551101201538836E-017   6.2254272619788426E-017   1.3153818436123835E-018  -9.5772773771698612E-018  0.28383866575080685       -1.3578658122491573E-016   6.9516332794339222E-016  -1.0066980163739421E-016  -1.3766999602708847E-017  -1.3804915739841010E-017  -1.5147424679703199E-018  -5.2031560543335561E-018   8.2887819596875604E-018   1.4679252241159435E-017  -4.5034241726549088E-016  0.36908550788927463       -1.0831433813014176E-017   5.0053548545508919E-016   8.2589588326713609E-016
   9.4896178192778346E-017  -5.2312248023268391E-003  -6.9222311776479922E-017  -4.9958508061472370E-016   1.2007115543802643E-017   8.4336507598456498E-002   3.7438856268649065E-018  -8.4716487170697229E-017   9.3998640863616308E-017  -1.2889612382725538E-017   2.8136037853985079E-016  -1.7313271470680685E-016   2.5804497413033591E-016   3.7753155613583571E-016   4.1530619929469628E-017  -8.6448891733560685E-017   2.9745436434721098E-017   1.7608534093326370E-017   1.0408761355694504E-017   7.2063127292549961E-018  -6.6882145031672714E-017  0.28383866575080702       -6.1468333949297864E-017  -6.5855840416476481E-016   9.3873132568520591E-018  -5.8191514496826439E-018   2.1917674849585229E-017   3.2648323216859911E-017   4.6810429817391352E-017   2.9667521238931246E-017  -3.3827893419378375E-016  -1.0831433813014176E-017  0.36908550788927663       -2.7160196157003836E-016  -1.8754137059906599E-016
   3.0145330845541202E-016   3.0032521938834650E-016  -5.2312248023245449E-003  -5.1673889996553012E-016   4.2961511084732104E-018  -4.9410015263832474E-016   8.4336507598457261E-002   1.1329358319348655E-016  -2.7285622922074062E-016   2.5128552095621834E-016   5.8355119030964888E-018   6.4131794554197418E-016  -1.2757985254654651E-016   5.7939773449351316E-016   1.4113970625625805E-016   1.5259308862757479E-016   7.8516462126206161E-017  -1.4193976361794407E-017  -1.2783542128507153E-016  -5.1258409063890746E-017   2.7053554708944584E-016   2.0369448315571476E-017  0.28383866575080507       -1.1522284300976895E-015   1.2170728853742647E-016   7.9903018266870931E-018  -1.5138477620613607E-017   1.0402159637133612E-016  -9.1133568902585050E-017   1.0687886148899112E-016  -1.7959870325414021E-017   5.0053548545508919E-016  -2.7160196157003836E-016  0.36908550788927380       -2.4769547361398627E-016
  -1.3576271321808415E-015  -3.4893328545355709E-016  -4.2899840892288844E-016  -8.5105130993937247E-004   3.3813713310527235E-016   3.7679467839474118E-016   2.0456144914189195E-016  -2.0085212605301618E-015   3.3017746731360123E-016  -9.2338478929297363E-017  -2.0403212614275019E-015   3.1035903847250679E-016  -4.3418647931874420E-015   3.6401830948434343E-003  -5.3805802385247563E-015   1.2247925429162037E-015  -3.6947861919416528E-017  -4.3188666567100616E-015   2.2568264002433505E-016  -3.1800978231435347E-015   1.3841873735710445E-016   3.2457489167742705E-016  -9.0489750420380035E-016   1.0239491407915085E-002  -1.3717607874792475E-015  -4.6985582419125405E-016   3.6202257486646517E-016  -3.1648446255934675E-015   8.4855872513973444E-016  -4.6540760796692006E-015   1.7395703863142847E-002   8.2589588326713609E-016  -1.8754137059906599E-016  -2.4769547361398627E-016   2.0027075327050419     
