   6.6188051474519990E-007   2.1794818443367424E-019  -4.2331420211798681E-020   5.2078429759148038E-018  -4.8822570994256191E-005  -3.2727595323104490E-017  -3.0383063546205628E-018   2.5979122378499979E-017   3.4308193759710817E-019   5.9535043139825667E-020  -7.0236292670865852E-020   2.9832612045638054E-019  -3.0206953128392214E-019  -2.1118613551032389E-020  -4.9995515964944368E-004  -3.3678847237276184E-016  -3.6923436720235833E-017   9.9806194924057538E-016   2.8882551475072068E-019  -3.8540342164777823E-020   1.2298341973946363E-019   9.6525714483219137E-020   3.4907879839951897E-019   3.0560626425201969E-019  -8.0333995351615007E-004  -5.4106273634598175E-016  -5.9940008579764746E-017   9.4920331934540097E-016  -1.3921859773506410E-015   3.6432857140091799E-020   8.3869952359061910E-020  -4.8533821366949896E-020   9.3724782482108691E-020  -1.2682535521499873E-019   1.6533471606230734E-020
   2.1794818443367424E-019   6.6188051474871043E-007   1.9854889267648775E-019  -3.8044826188427475E-018   1.6359521551375652E-017  -4.8822570994387536E-005  -1.9283088649253219E-018  -2.4592418230657813E-017  -5.4224872924769095E-019  -4.3577519982345593E-019   1.7357616217265469E-019  -5.1449985705629242E-019   3.5055677351018044E-019   2.0702408456949470E-018   1.7216850581150522E-016  -4.9995515965076901E-004  -7.7991377527246131E-018  -8.0999630546782254E-016   6.8314703002533914E-019   1.0357276934702290E-019   6.6676913321352134E-020   5.5674384309822266E-019  -5.2998131224378431E-020  -1.0355229211196660E-019   2.7626909987452005E-016  -8.0333995351828075E-004  -1.2828426482729686E-017  -7.7248004162089940E-016   9.7047751355318211E-017   2.6080638331203790E-019  -3.3442481671644800E-020  -5.2997311776990283E-020   2.5736349922979137E-019  -1.1659681442209319E-019  -3.2404718387706246E-020
  -4.2331420211798681E-020   1.9854889267648775E-019   6.6188051474516771E-007   3.6329416112944393E-018   8.1120883025942503E-018  -1.3944593912613960E-017  -4.8822570994257059E-005  -5.5492636405463196E-018   3.3574354656806875E-018   1.9647833331092779E-019  -3.4349880155077881E-019   2.9685580740976303E-018  -3.9322344167126287E-020   1.8742270305415796E-018   6.8235505158038541E-017  -1.4184085674889575E-016  -4.9995515964943176E-004   3.0178488152730621E-016   1.7057964677874419E-018   4.0841802356669713E-020   1.5243823127695036E-019   1.7589466056187877E-018  -2.3523338761789059E-020   1.9792970474680212E-018   1.1072888495563084E-016  -2.2789938102887551E-016  -8.0333995351613012E-004   2.8181276759188542E-016  -1.7730667597695134E-015  -7.4337491952057716E-020  -3.7873566578184153E-020   2.0302717650936013E-020   1.2095718263110235E-020   6.1450935090786289E-020   2.3492548518325228E-019
   5.2078429759148038E-018  -3.8044826188427475E-018   3.6329416112944393E-018   1.1878553876539138E-005  -2.2498044929269609E-017   1.9865901126179916E-017  -1.2122040253977836E-016   7.4165092770900979E-005   1.0437988927291366E-016   1.9423386662741689E-018  -1.2854939113950954E-018   1.0562268295275615E-016  -3.3557743999885480E-018   1.0511707137767140E-016  -1.9451631859678024E-016   1.6477300692735274E-016  -1.1898588583614241E-015   2.6343416747015773E-003   5.6506007525551596E-017  -1.7410233472140985E-018   1.0292540866811709E-018   4.8408616148264205E-017   3.6056363977107447E-018   5.3122255695928821E-017  -3.1467414683852656E-016   2.6753150216078612E-016  -1.9182633103247239E-015   2.5138563397473913E-003  -8.4382860110827765E-004  -1.3253583589147602E-018   7.2625337321896159E-019  -7.5097466863087771E-019   2.8683203520863030E-018  -2.2062710304257668E-018   1.5068626724096210E-018
  -4.8822570994256191E-005   1.6359521551375652E-017   8.1120883025942503E-018  -2.2498044929269609E-017   3.6013198536397504E-003   2.1499813783682278E-017  -1.4393239119954221E-016   2.2567683067921042E-017  -2.5306897363459335E-017  -4.3915084453224966E-018   5.1808692186433713E-018  -2.2005555185831848E-017   2.2281681976839143E-017   1.5577811829465195E-018   3.6878402872044469E-002   3.4186080344594111E-016  -1.0453064195475870E-015  -5.3350582457826917E-016  -2.1304758009179047E-017   2.8428674806358943E-018  -9.0716777538208406E-018  -7.1200669035695338E-018  -2.5749246333208536E-017  -2.2542563497891483E-017   5.9257103116509509E-002   5.4214852008779846E-016  -1.6345872409524037E-015  -5.6926765943242237E-016   1.8298490206571520E-015  -2.6874121757072507E-018  -6.1865345966383377E-018   3.5800206932996754E-018  -6.9134605786525725E-018   9.3550720573139636E-018  -1.2195654247845869E-018
  -3.2727595323104490E-017  -4.8822570994387536E-005  -1.3944593912613960E-017   1.9865901126179916E-017   2.1499813783682278E-017   3.6013198536400258E-003   9.0526692559917652E-017   1.3457333340384194E-016   3.9998121245147028E-017   3.2144269481970104E-017  -1.2803571508382297E-017   3.7951269506211344E-017  -2.5858266833423946E-017  -1.5270804686610266E-016  -1.2231748681415175E-016   3.6878402872045850E-002   4.5747773025171931E-017   7.7260084148500513E-016  -5.0391261913027359E-017  -7.6398817790046495E-018  -4.9183172216026752E-018  -4.1067330432562030E-017   3.9093234603000401E-018   7.6383713069590159E-018  -1.6885347693630301E-016   5.9257103116511799E-002   9.5385650739727643E-017   6.5483126961807023E-016  -7.2458697304463692E-016  -1.9237971025397394E-017   2.4668318514435802E-018   3.9092630151465169E-018  -1.8984012117814250E-017   8.6005798977658985E-018   2.3902828815493578E-018
  -3.0383063546205628E-018  -1.9283088649253219E-018  -4.8822570994257059E-005  -1.2122040253977836E-016  -1.4393239119954221E-016   9.0526692559917652E-017   3.6013198536400536E-003   8.2642398207083689E-016  -2.4765592539735640E-016  -1.4492913997572275E-017   2.5337646677189369E-017  -2.1897099868351508E-016   2.9005506234350997E-018  -1.3824939731437986E-016  -3.7967658937610935E-016   8.5655523870777398E-016   3.6878402872046044E-002  -8.4725567319472029E-016  -1.2582538282125168E-016  -3.0126310575810120E-018  -1.1244365414778314E-017  -1.2974591880928404E-016   1.7351619382135950E-018  -1.4599972119667481E-016  -6.9021411443258643E-016   1.3753073853034286E-015   5.9257103116511979E-002  -8.1802108553118287E-016   2.7719956397070724E-015   5.4833877076300095E-018   2.7936838324987517E-018  -1.4975979075306559E-018  -8.9222155700262819E-019  -4.5328311898734894E-018  -1.7328907443255431E-017
   2.5979122378499979E-017  -2.4592418230657813E-017  -5.5492636405463196E-018   7.4165092770900979E-005   2.2567683067921042E-017   1.3457333340384194E-016   8.2642398207083689E-016   4.9807363460357588E-004   7.2650216297987452E-016   9.4233465393706420E-018  -6.1232082738015552E-018   7.1851410776782662E-016  -1.5084391935667451E-017   7.1619901894479822E-016   3.8111945575552095E-016   1.1580494367765823E-015   8.6668363340393568E-015   1.7228735996017635E-002   3.4236473121717416E-016  -8.2851054024407263E-018   2.9135214468100865E-018   3.0704068047658019E-016   1.3507404240458443E-017   3.3235830485137096E-016   6.0355745417198078E-016   1.8799996065316396E-015   1.3907557301490492E-014   1.6473343727632810E-002   2.9794848497640292E-003  -2.0660290106009174E-017   2.9011009447131027E-018  -2.3593609508870505E-018  -1.7437413456173470E-018  -8.0231463981128992E-018  -1.1207683230924667E-017
   3.4308193759710817E-019  -5.4224872924769095E-019   3.3574354656806875E-018   1.0437988927291366E-016  -2.5306897363459335E-017   3.9998121245147028E-017  -2.4765592539735640E-016   7.2650216297987452E-016   1.0946298394570077E-027   1.2676782906217730E-029  -9.1522845029254027E-030   1.0698945779265429E-027  -1.7597500301071895E-029   1.0594154463702880E-027  -2.5914886606576044E-016   4.0959061937014644E-016  -2.5360577126247265E-015   2.4816723830001824E-014   4.8248188215258312E-028  -9.6744445453440945E-030   2.3233334833901250E-030   4.4413967253426664E-028   1.2554080864795180E-029   4.7854219504980896E-028  -4.1640661967566587E-016   6.5814004071123983E-016  -4.0749984186636677E-015   2.3751305851950528E-014   1.0203177233140977E-014  -3.8673557863099645E-029   2.7716398507608709E-030  -1.5019921020702245E-030  -1.6874619947430091E-029  -6.7591580744548001E-030  -2.9568527677239629E-029
   5.9535043139825667E-020  -4.3577519982345593E-019   1.9647833331092779E-019   1.9423386662741689E-018  -4.3915084453224966E-018   3.2144269481970104E-017  -1.4492913997572275E-017   9.4233465393706420E-018   1.2676782906217730E-029   8.7698338427563624E-031  -5.7970644970227258E-031   1.3958280343846605E-029  -1.2714738745090785E-030   1.1755254660213009E-029  -4.4970128798444227E-017   3.2916524167813192E-016  -1.4841101121638195E-016   3.7045574066772371E-016   1.0128154602474985E-029  -5.4384439880827570E-031   4.5196451273602843E-031   7.7095287569876554E-030   1.3442321431888574E-030   9.3168001675168341E-030  -7.2259082602304580E-017   5.2891061297228386E-016  -2.3847037589421327E-016   3.5099598703214634E-016  -7.7488454971257345E-016   5.4915867439001822E-031   2.6319907978565867E-031  -2.6611925448172575E-031   1.8291348278408582E-030  -7.2132220053450179E-031   1.9309006423528696E-030
  -7.0236292670865852E-020   1.7357616217265469E-019  -3.4349880155077881E-019  -1.2854939113950954E-018   5.1808692186433713E-018  -1.2803571508382297E-017   2.5337646677189369E-017  -6.1232082738015552E-018  -9.1522845029254027E-030  -5.7970644970227258E-031   4.7376992932827847E-031  -9.9287381098093177E-030   8.2643901487400336E-031  -8.5486077038646463E-030   5.3053377660805976E-017  -1.3111172777666551E-016   2.5946374661680129E-016  -2.4264829734490844E-016  -7.4190189223918691E-030   3.3895979309143502E-031  -3.7696188433424852E-031  -5.7552139234112462E-030  -9.1830025388463432E-031  -6.7985211976276244E-030   8.5247440938084444E-017  -2.1067347193972707E-016   4.1691257730477136E-016  -2.2977942357660494E-016   5.3955794526592275E-016  -4.2653879610572439E-031  -1.6537381900093213E-031   1.8857868890827554E-031  -1.3271505155392872E-030   5.0234186008455448E-031  -1.4156192785086102E-030
   2.9832612045638054E-019  -5.1449985705629242E-019   2.9685580740976303E-018   1.0562268295275615E-016  -2.2005555185831848E-017   3.7951269506211344E-017  -2.1897099868351508E-016   7.1851410776782662E-016   1.0698945779265429E-027   1.3958280343846605E-029  -9.9287381098093177E-030   1.0526041957861708E-027  -2.0529291667405026E-029   1.0424665220163091E-027  -2.2534230852765759E-016   3.8863035310233001E-016  -2.2423169934716813E-015   2.4741134617314394E-014   4.9209452768316129E-028  -1.1036279691042129E-029   3.9157273186627298E-030   4.4603087595228286E-028   1.6969055488103058E-029   4.8260480799310322E-028  -3.6208543139101689E-016   6.2446058165519041E-016  -3.6030087789614571E-015   2.3664517833691506E-014   6.4054944953264770E-015  -3.3190031640713285E-029   3.5973692964029355E-030  -2.6390516346469040E-030  -7.7388602527573183E-030  -9.6092425633348877E-030  -2.0279730702485511E-029
  -3.0206953128392214E-019   3.5055677351018044E-019  -3.9322344167126287E-020  -3.3557743999885480E-018   2.2281681976839143E-017  -2.5858266833423946E-017   2.9005506234350997E-018  -1.5084391935667451E-017  -1.7597500301071895E-029  -1.2714738745090785E-030   8.2643901487400336E-031  -2.0529291667405026E-029   2.2571902637832657E-030  -1.8665616501719145E-029   2.2816991492107973E-016  -2.6479502532715999E-016   2.9702353245184527E-017  -6.1335526965957263E-016  -1.7583654653001591E-029   9.9508298043639512E-031  -9.0929255978916915E-031  -1.2725752683162054E-029  -2.7135916957477144E-030  -1.5204777641045073E-029   3.6662889722952095E-016  -4.2547900393063923E-016   4.7726454292501615E-017  -5.7984157867539031E-016   1.6205599771477046E-015  -1.5751307200373794E-030  -5.3262018525194278E-031   5.9538766597749835E-031  -4.0107823424303065E-030   1.5796536794126386E-030  -3.9191070728559424E-030
  -2.1118613551032389E-020   2.0702408456949470E-018   1.8742270305415796E-018   1.0511707137767140E-016   1.5577811829465195E-018  -1.5270804686610266E-016  -1.3824939731437986E-016   7.1619901894479822E-016   1.0594154463702880E-027   1.1755254660213009E-029  -8.5486077038646463E-030   1.0424665220163091E-027  -1.8665616501719145E-029   1.0444279018570259E-027   1.5952063239736673E-017  -1.5637680358883774E-015  -1.4157079010416016E-015   2.4647776711426749E-014   4.8914653373452662E-028  -1.0544485536385006E-029   3.7364637108079118E-030   4.4330504997906394E-028   1.6262561403606465E-029   4.7653570039150299E-028   2.5632158192901932E-017  -2.5127000232209644E-015  -2.2747934439013670E-015   2.3576213188717641E-014   6.6396902667091062E-015  -3.2307542182891761E-029   3.4187342901515400E-030  -2.7681941197292978E-030  -7.3935753527375530E-030  -9.8727771172287588E-030  -2.1362409680308443E-029
  -4.9995515964944368E-004   1.7216850581150522E-016   6.8235505158038541E-017  -1.9451631859678024E-016   3.6878402872044469E-002  -1.2231748681415175E-016  -3.7967658937610935E-016   3.8111945575552095E-016  -2.5914886606576044E-016  -4.4970128798444227E-017   5.3053377660805976E-017  -2.2534230852765759E-016   2.2816991492107973E-016   1.5952063239736673E-017  0.37764393435320337       -6.3561352361962697E-018   5.0096239006050536E-016   8.4272027450369651E-016  -2.1816597272227232E-016   2.9111663646517297E-017  -9.2896215978323090E-017  -7.2911239883346303E-017  -2.6367862853607564E-016  -2.3084140599265875E-016  0.60680734024563043       -8.3537777390008117E-017   1.2661448495557281E-015   1.1929093449414769E-016  -1.2250595218183533E-015  -2.7519763010972807E-017  -6.3351638984819163E-017   3.6660294220825237E-017  -7.0795540196654014E-017   9.5798243490611633E-017  -1.2488650520284419E-017
  -3.3678847237276184E-016  -4.9995515965076901E-004  -1.4184085674889575E-016   1.6477300692735274E-016   3.4186080344594111E-016   3.6878402872045850E-002   8.5655523870777398E-016   1.1580494367765823E-015   4.0959061937014644E-016   3.2916524167813192E-016  -1.3111172777666551E-016   3.8863035310233001E-016  -2.6479502532715999E-016  -1.5637680358883774E-015  -6.3561352361962697E-018  0.37764393435320265       -2.5306295145348379E-016  -1.8555922697658953E-016  -5.1601894127281124E-016  -7.8234272319948031E-017  -5.0364780503313431E-017  -4.2053958496389172E-016   4.0032435713895502E-017   7.8218804713771223E-017   2.7333414394717370E-016  0.60680734024562999       -1.8260166870318756E-016  -1.0013375247387080E-015   3.5662775079684196E-016  -1.9700156463421921E-016   2.5260966126951339E-017   4.0031816740648440E-017  -1.9440096283061534E-016   8.8072057826933942E-017   2.4477085809185417E-017
  -3.6923436720235833E-017  -7.7991377527246131E-018  -4.9995515964943176E-004  -1.1898588583614241E-015  -1.0453064195475870E-015   4.5747773025171931E-017   3.6878402872046044E-002   8.6668363340393568E-015  -2.5360577126247265E-015  -1.4841101121638195E-016   2.5946374661680129E-016  -2.2423169934716813E-015   2.9702353245184527E-017  -1.4157079010416016E-015   5.0096239006050536E-016  -2.5306295145348379E-016  0.37764393435320381        1.2214460281957863E-016  -1.2884829306456496E-015  -3.0850084513894298E-017  -1.1514507310076960E-016  -1.3286301854070357E-015   1.7768485890291970E-017  -1.4950731277185566E-015  -1.5693826446727677E-017  -4.1713746850137803E-016  0.60680734024563043       -9.0050618871284582E-017  -2.8994646223700923E-015   5.6151241545889211E-017   2.8608010967951675E-017  -1.5335771666731403E-017  -9.1365686379436448E-018  -4.6417308532669285E-017  -1.7745228305077254E-016
   9.9806194924057538E-016  -8.0999630546782254E-016   3.0178488152730621E-016   2.6343416747015773E-003  -5.3350582457826917E-016   7.7260084148500513E-016  -8.4725567319472029E-016   1.7228735996017635E-002   2.4816723830001824E-014   3.7045574066772371E-016  -2.4264829734490844E-016   2.4741134617314394E-014  -6.1335526965957263E-016   2.4647776711426749E-014   8.4272027450369651E-016  -1.8555922697658953E-016   1.2214460281957863E-016  0.60164211735736728        1.2298735670327403E-014  -3.2845659751801022E-016   1.4991845138867878E-016   1.0842682779238554E-014   5.9880492817586781E-016   1.1796321846531521E-014   9.8206563096768088E-016   3.5906390757337757E-016  -7.4250128633298718E-016  0.57485195972969583       -3.1884339103819951E-003  -5.7014850994446387E-016   1.2463600890743614E-016  -1.1459411068950504E-016   1.9782156134932687E-016  -3.6100933928975194E-016  -1.2560176490840922E-016
   2.8882551475072068E-019   6.8314703002533914E-019   1.7057964677874419E-018   5.6506007525551596E-017  -2.1304758009179047E-017  -5.0391261913027359E-017  -1.2582538282125168E-016   3.4236473121717416E-016   4.8248188215258312E-028   1.0128154602474985E-029  -7.4190189223918691E-030   4.9209452768316129E-028  -1.7583654653001591E-029   4.8914653373452662E-028  -2.1816597272227232E-016  -5.1601894127281124E-016  -1.2884829306456496E-015   1.2298735670327403E-014   2.7713596465381978E-028  -8.8572177723856537E-030   6.4585140549361436E-030   2.3399905161919176E-028   1.9872949395646030E-029   2.5762513680018457E-028  -3.5055432272848114E-016  -8.2915162349001795E-016  -2.0703653070347868E-015   1.1726522192681604E-014  -6.4725237216974668E-015  -2.5195781700109853E-030   3.8460876834941159E-030  -4.2902477261933552E-030   1.9839945671463999E-029  -1.2226954396689771E-029   1.3892230433747394E-029
  -3.8540342164777823E-020   1.0357276934702290E-019   4.0841802356669713E-020  -1.7410233472140985E-018   2.8428674806358943E-018  -7.6398817790046495E-018  -3.0126310575810120E-018  -8.2851054024407263E-018  -9.6744445453440945E-030  -5.4384439880827570E-031   3.3895979309143502E-031  -1.1036279691042129E-029   9.9508298043639512E-031  -1.0544485536385006E-029   2.9111663646517297E-017  -7.8234272319948031E-017  -3.0850084513894298E-017  -3.2845659751801022E-016  -8.8572177723856537E-030   4.6701242890692057E-031  -3.9752081324802687E-031  -6.5510605412122285E-030  -1.2233621136609830E-030  -7.6474589267631205E-030   4.6777320064002160E-017  -1.2570870702273596E-016  -4.9570656449944798E-017  -3.1102820013844768E-016   7.3262477439671910E-016  -6.8603655014685546E-031  -2.3948843911916510E-031   2.7783555353631034E-031  -1.8357689420261990E-030   7.4096445398951375E-031  -1.7344575760083913E-030
   1.2298341973946363E-019   6.6676913321352134E-020   1.5243823127695036E-019   1.0292540866811709E-018  -9.0716777538208406E-018  -4.9183172216026752E-018  -1.1244365414778314E-017   2.9135214468100865E-018   2.3233334833901250E-030   4.5196451273602843E-031  -3.7696188433424852E-031   3.9157273186627298E-030  -9.0929255978916915E-031   3.7364637108079118E-030  -9.2896215978323090E-017  -5.0364780503313431E-017  -1.1514507310076960E-016   1.4991845138867878E-016   6.4585140549361436E-030  -3.9752081324802687E-031   5.0625656003184576E-031   4.1925049837824524E-030   1.2698846455506644E-030   5.0365799328996271E-030  -1.4926787009894909E-016  -8.0927338477219678E-017  -1.8501786787688410E-016   1.3979247353978143E-016  -9.0055499548455771E-016   1.1435677721311244E-030   2.3027712677573310E-031  -3.0843950713498081E-031   2.2661857960358861E-030  -7.8936166420809412E-031   2.2526651871997592E-030
   9.6525714483219137E-020   5.5674384309822266E-019   1.7589466056187877E-018   4.8408616148264205E-017  -7.1200669035695338E-018  -4.1067330432562030E-017  -1.2974591880928404E-016   3.0704068047658019E-016   4.4413967253426664E-028   7.7095287569876554E-030  -5.7552139234112462E-030   4.4603087595228286E-028  -1.2725752683162054E-029   4.4330504997906394E-028  -7.2911239883346303E-017  -4.2053958496389172E-016  -1.3286301854070357E-015   1.0842682779238554E-014   2.3399905161919176E-028  -6.5510605412122285E-030   4.1925049837824524E-030   2.0309309728603568E-028   1.3404476306603503E-029   2.2179994727571156E-028  -1.1715553070752311E-016  -6.7573310149148371E-016  -2.1348748798461171E-015   1.0351240944378237E-014  -2.3091319883218347E-015  -7.0704772132939436E-030   2.6194324581145911E-030  -2.7390871381843978E-030   9.2597865957805733E-030  -8.1566356919740939E-030   3.9166442772390353E-030
   3.4907879839951897E-019  -5.2998131224378431E-020  -2.3523338761789059E-020   3.6056363977107447E-018  -2.5749246333208536E-017   3.9093234603000401E-018   1.7351619382135950E-018   1.3507404240458443E-017   1.2554080864795180E-029   1.3442321431888574E-030  -9.1830025388463432E-031   1.6969055488103058E-029  -2.7135916957477144E-030   1.6262561403606465E-029  -2.6367862853607564E-016   4.0032435713895502E-017   1.7768485890291970E-017   5.9880492817586781E-016   1.9872949395646030E-029  -1.2233621136609830E-030   1.2698846455506644E-030   1.3404476306603503E-029   3.5993725968819933E-030   1.6048171593167207E-029  -4.2368515076411974E-016   6.4325078809245377E-017   2.8550829716737658E-017   5.6303714137464258E-016  -2.3772479175559307E-015   2.7837402871785310E-030   6.8874584687745974E-031  -8.4907815254836484E-031   5.9529819024835408E-030  -2.2086384460726207E-030   5.7620809481716212E-030
   3.0560626425201969E-019  -1.0355229211196660E-019   1.9792970474680212E-018   5.3122255695928821E-017  -2.2542563497891483E-017   7.6383713069590159E-018  -1.4599972119667481E-016   3.3235830485137096E-016   4.7854219504980896E-028   9.3168001675168341E-030  -6.7985211976276244E-030   4.8260480799310322E-028  -1.5204777641045073E-029   4.7653570039150299E-028  -2.3084140599265875E-016   7.8218804713771223E-017  -1.4950731277185566E-015   1.1796321846531521E-014   2.5762513680018457E-028  -7.6474589267631205E-030   5.0365799328996271E-030   2.2179994727571156E-028   1.6048171593167207E-029   2.4365838902441404E-028  -3.7092151322085991E-016   1.2568385330179492E-016  -2.4023193955370546E-015   1.1257436538353064E-014  -3.6126971536350452E-015  -6.4151961710291999E-030   3.1467048415039161E-030  -3.2663785783390153E-030   1.2483024291699182E-029  -9.6109719812801725E-030   7.0516683058992630E-030
  -8.0333995351615007E-004   2.7626909987452005E-016   1.1072888495563084E-016  -3.1467414683852656E-016   5.9257103116509509E-002  -1.6885347693630301E-016  -6.9021411443258643E-016   6.0355745417198078E-016  -4.1640661967566587E-016  -7.2259082602304580E-017   8.5247440938084444E-017  -3.6208543139101689E-016   3.6662889722952095E-016   2.5632158192901932E-017  0.60680734024563043        2.7333414394717370E-016  -1.5693826446727677E-017   9.8206563096768088E-016  -3.5055432272848114E-016   4.6777320064002160E-017  -1.4926787009894909E-016  -1.1715553070752311E-016  -4.2368515076411974E-016  -3.7092151322085991E-016  0.97503260261977731        3.2139818150617172E-016   7.1581737932924216E-016  -1.5924164396713648E-016  -7.7993116259267599E-016  -4.4219415904243394E-017  -1.0179493447556694E-016   5.8906640899348794E-017  -1.1375597365693796E-016   1.5393091757796613E-016  -2.0067063485214542E-017
  -5.4106273634598175E-016  -8.0333995351828075E-004  -2.2789938102887551E-016   2.6753150216078612E-016   5.4214852008779846E-016   5.9257103116511799E-002   1.3753073853034286E-015   1.8799996065316396E-015   6.5814004071123983E-016   5.2891061297228386E-016  -2.1067347193972707E-016   6.2446058165519041E-016  -4.2547900393063923E-016  -2.5127000232209644E-015  -8.3537777390008117E-017  0.60680734024562999       -4.1713746850137803E-016   3.5906390757337757E-016  -8.2915162349001795E-016  -1.2570870702273596E-016  -8.0927338477219678E-017  -6.7573310149148371E-016   6.4325078809245377E-017   1.2568385330179492E-016   3.2139818150617172E-016  0.97503260261977809       -3.1029696769945686E-016  -9.8001912499636045E-016   8.2884038167096054E-016  -3.1654684369460388E-016   4.0589926841493661E-017   6.4324084228171151E-017  -3.1236813428097106E-016   1.4151629696225202E-016   3.9330369127401304E-017
  -5.9940008579764746E-017  -1.2828426482729686E-017  -8.0333995351613012E-004  -1.9182633103247239E-015  -1.6345872409524037E-015   9.5385650739727643E-017   5.9257103116511979E-002   1.3907557301490492E-014  -4.0749984186636677E-015  -2.3847037589421327E-016   4.1691257730477136E-016  -3.6030087789614571E-015   4.7726454292501615E-017  -2.2747934439013670E-015   1.2661448495557281E-015  -1.8260166870318756E-016  0.60680734024563043       -7.4250128633298718E-016  -2.0703653070347868E-015  -4.9570656449944798E-017  -1.8501786787688410E-016  -2.1348748798461171E-015   2.8550829716737658E-017  -2.4023193955370546E-015   7.1581737932924216E-016  -3.1029696769945686E-016  0.97503260261977631       -1.0207530772619438E-015   7.9799842381196654E-016   9.0225163002566529E-017   4.5968038848318816E-017  -2.4641886097392634E-017  -1.4680857839443148E-017  -7.4584445743340115E-017  -2.8513458870452416E-016
   9.4920331934540097E-016  -7.7248004162089940E-016   2.8181276759188542E-016   2.5138563397473913E-003  -5.6926765943242237E-016   6.5483126961807023E-016  -8.1802108553118287E-016   1.6473343727632810E-002   2.3751305851950528E-014   3.5099598703214634E-016  -2.2977942357660494E-016   2.3664517833691506E-014  -5.7984157867539031E-016   2.3576213188717641E-014   1.1929093449414769E-016  -1.0013375247387080E-015  -9.0050618871284582E-017  0.57485195972969583        1.1726522192681604E-014  -3.1102820013844768E-016   1.3979247353978143E-016   1.0351240944378237E-014   5.6303714137464258E-016   1.1257436538353064E-014  -1.5924164396713648E-016  -9.8001912499636045E-016  -1.0207530772619438E-015  0.54928417616499137        4.6336798544335447E-003  -5.5559870483081422E-016   1.1741548148339162E-016  -1.0718502514736956E-016   1.7048375926648052E-016  -3.3914482657160468E-016  -1.3904408181418330E-016
  -1.3921859773506410E-015   9.7047751355318211E-017  -1.7730667597695134E-015  -8.4382860110827765E-004   1.8298490206571520E-015  -7.2458697304463692E-016   2.7719956397070724E-015   2.9794848497640292E-003   1.0203177233140977E-014  -7.7488454971257345E-016   5.3955794526592275E-016   6.4054944953264770E-015   1.6205599771477046E-015   6.6396902667091062E-015  -1.2250595218183533E-015   3.5662775079684196E-016  -2.8994646223700923E-015  -3.1884339103819951E-003  -6.4725237216974668E-015   7.3262477439671910E-016  -9.0055499548455771E-016  -2.3091319883218347E-015  -2.3772479175559307E-015  -3.6126971536350452E-015  -7.7993116259267599E-016   8.2884038167096054E-016   7.9799842381196654E-016   4.6336798544335447E-003   2.0027948561188453       -2.8232419010826904E-015  -4.3633148866710946E-016   6.0205412466990277E-016  -4.8329569321486119E-015   1.5116224497676608E-015  -4.9632038970893075E-015
   3.6432857140091799E-020   2.6080638331203790E-019  -7.4337491952057716E-020  -1.3253583589147602E-018  -2.6874121757072507E-018  -1.9237971025397394E-017   5.4833877076300095E-018  -2.0660290106009174E-017  -3.8673557863099645E-029   5.4915867439001822E-031  -4.2653879610572439E-031  -3.3190031640713285E-029  -1.5751307200373794E-030  -3.2307542182891761E-029  -2.7519763010972807E-017  -1.9700156463421921E-016   5.6151241545889211E-017  -5.7014850994446387E-016  -2.5195781700109853E-030  -6.8603655014685546E-031   1.1435677721311244E-030  -7.0704772132939436E-030   2.7837402871785310E-030  -6.4151961710291999E-030  -4.4219415904243394E-017  -3.1654684369460388E-016   9.0225163002566529E-017  -5.5559870483081422E-016  -2.8232419010826904E-015   4.6417684478703755E-030   4.9238734423224043E-031  -7.6598388802329693E-031   6.7363975488400030E-030  -1.8481733371977702E-030   7.0856551404009681E-030
   8.3869952359061910E-020  -3.3442481671644800E-020  -3.7873566578184153E-020   7.2625337321896159E-019  -6.1865345966383377E-018   2.4668318514435802E-018   2.7936838324987517E-018   2.9011009447131027E-018   2.7716398507608709E-030   2.6319907978565867E-031  -1.6537381900093213E-031   3.5973692964029355E-030  -5.3262018525194278E-031   3.4187342901515400E-030  -6.3351638984819163E-017   2.5260966126951339E-017   2.8608010967951675E-017   1.2463600890743614E-016   3.8460876834941159E-030  -2.3948843911916510E-031   2.3027712677573310E-031   2.6194324581145911E-030   6.8874584687745974E-031   3.1467048415039161E-030  -1.0179493447556694E-016   4.0589926841493661E-017   4.5968038848318816E-017   1.1741548148339162E-016  -4.3633148866710946E-016   4.9238734423224043E-031   1.3507697135097582E-031  -1.5920794279273457E-031   1.0902623587246757E-030  -4.1689438396353423E-031   1.0440771015059453E-030
  -4.8533821366949896E-020  -5.2997311776990283E-020   2.0302717650936013E-020  -7.5097466863087771E-019   3.5800206932996754E-018   3.9092630151465169E-018  -1.4975979075306559E-018  -2.3593609508870505E-018  -1.5019921020702245E-030  -2.6611925448172575E-031   1.8857868890827554E-031  -2.6390516346469040E-030   5.9538766597749835E-031  -2.7681941197292978E-030   3.6660294220825237E-017   4.0031816740648440E-017  -1.5335771666731403E-017  -1.1459411068950504E-016  -4.2902477261933552E-030   2.7783555353631034E-031  -3.0843950713498081E-031  -2.7390871381843978E-030  -8.4907815254836484E-031  -3.2663785783390153E-030   5.8906640899348794E-017   6.4324084228171151E-017  -2.4641886097392634E-017  -1.0718502514736956E-016   6.0205412466990277E-016  -7.6598388802329693E-031  -1.5920794279273457E-031   2.1087003875513087E-031  -1.5158402606362268E-030   5.4265695434541520E-031  -1.4581695414210302E-030
   9.3724782482108691E-020   2.5736349922979137E-019   1.2095718263110235E-020   2.8683203520863030E-018  -6.9134605786525725E-018  -1.8984012117814250E-017  -8.9222155700262819E-019  -1.7437413456173470E-018  -1.6874619947430091E-029   1.8291348278408582E-030  -1.3271505155392872E-030  -7.7388602527573183E-030  -4.0107823424303065E-030  -7.3935753527375530E-030  -7.0795540196654014E-017  -1.9440096283061534E-016  -9.1365686379436448E-018   1.9782156134932687E-016   1.9839945671463999E-029  -1.8357689420261990E-030   2.2661857960358861E-030   9.2597865957805733E-030   5.9529819024835408E-030   1.2483024291699182E-029  -1.1375597365693796E-016  -3.1236813428097106E-016  -1.4680857839443148E-017   1.7048375926648052E-016  -4.8329569321486119E-015   6.7363975488400030E-030   1.0902623587246757E-030  -1.5158402606362268E-030   1.1836087694789926E-029  -3.8232033670854315E-030   1.1928583711462322E-029
  -1.2682535521499873E-019  -1.1659681442209319E-019   6.1450935090786289E-020  -2.2062710304257668E-018   9.3550720573139636E-018   8.6005798977658985E-018  -4.5328311898734894E-018  -8.0231463981128992E-018  -6.7591580744548001E-030  -7.2132220053450179E-031   5.0234186008455448E-031  -9.6092425633348877E-030   1.5796536794126386E-030  -9.8727771172287588E-030   9.5798243490611633E-017   8.8072057826933942E-017  -4.6417308532669285E-017  -3.6100933928975194E-016  -1.2226954396689771E-029   7.4096445398951375E-031  -7.8936166420809412E-031  -8.1566356919740939E-030  -2.2086384460726207E-030  -9.6109719812801725E-030   1.5393091757796613E-016   1.4151629696225202E-016  -7.4584445743340115E-017  -3.3914482657160468E-016   1.5116224497676608E-015  -1.8481733371977702E-030  -4.1689438396353423E-031   5.4265695434541520E-031  -3.8232033670854315E-030   1.4051968151900551E-030  -3.6420849850110447E-030
   1.6533471606230734E-020  -3.2404718387706246E-020   2.3492548518325228E-019   1.5068626724096210E-018  -1.2195654247845869E-018   2.3902828815493578E-018  -1.7328907443255431E-017  -1.1207683230924667E-017  -2.9568527677239629E-029   1.9309006423528696E-030  -1.4156192785086102E-030  -2.0279730702485511E-029  -3.9191070728559424E-030  -2.1362409680308443E-029  -1.2488650520284419E-017   2.4477085809185417E-017  -1.7745228305077254E-016  -1.2560176490840922E-016   1.3892230433747394E-029  -1.7344575760083913E-030   2.2526651871997592E-030   3.9166442772390353E-030   5.7620809481716212E-030   7.0516683058992630E-030  -2.0067063485214542E-017   3.9330369127401304E-017  -2.8513458870452416E-016  -1.3904408181418330E-016  -4.9632038970893075E-015   7.0856551404009681E-030   1.0440771015059453E-030  -1.4581695414210302E-030   1.1928583711462322E-029  -3.6420849850110447E-030   1.2414516198995305E-029
