   3.0817525120920819E-003  -2.6333524083941703E-017  -1.1147801272188804E-017   1.2103151093175746E-017   1.9928525571433521E-002  -3.0061464696843458E-016   2.2529660650578668E-018   2.5940808390045837E-019  -6.2682250336884621E-016   1.4193095743235290E-018  -6.2720413223870478E-016   1.9579158674708504E-002   7.6910193592909102E-018   2.3088320699412574E-017  -3.5777316864887150E-017   8.4586380807860517E-018  -8.6901905837998953E-018   7.2289351658583412E-018  -1.2633549689629905E-018  -2.7289354917853547E-018  -1.0682073618648690E-018   2.4065747627278843E-018   7.9958845920361320E-018  -9.9622948685347947E-018   1.5618230428046617E-017   9.2357940723515094E-015   5.8555385596078028E-018   9.7784708523821193E-020   6.0942304822571980E-015   4.0277885759028365E-019  -4.9750516268714502E-015  -1.4157955211112014E-015  -2.3059169675663228E-018  -4.2431411584010377E-020  -6.8254530298318497E-017   5.1313443281035392E-020  -1.3293107831249552E-016  -2.2832323361125860E-018  -2.7802249294737905E-020  -8.3569706883346829E-019  -2.9107983419700680E-020  -1.9606013910193417E-015  -1.8043063409986794E-020   7.0735649264148956E-016  -4.9975416511327436E-020  -1.7979900631196572E-015   1.3834877019777383E-002  -7.0935124322822071E-018   4.7719058149951504E-018  -1.1495699746965895E-018  -2.1482764185888164E-018   3.0747825350905843E-018   4.1651431041236861E-018   1.9609771212072727E-018   6.5771895617091732E-019   1.1878950018457581E-018  -8.3849755689456528E-018   4.0398766728064535E-018   2.9663446790835669E-018   1.2129717947190483E-017  -1.9609065617412854E-016  -4.8355373583897080E-018   7.7013080788980327E-020   1.0164983072917479E-016  -5.6836471672036820E-019   3.2115703875339468E-015   6.1414214985075375E-003  -4.9546003333558751E-018  -4.6453379072825144E-019  -5.2822839183181318E-018  -8.9885824519182565E-017   8.9146444004641157E-019  -6.3727925833716684E-020  -5.3933620096388791E-017  -9.8848363419427222E-021  -4.3737743712195902E-017   9.0077035078861204E-019  -3.5670566667625671E-020   4.2903715033042037E-019  -8.4543649986472465E-020  -3.1959536982651037E-017   1.9400485854281094E-021  -7.8272899386734351E-017   4.2820604484645930E-021  -6.9078587189974497E-017   6.5505489523590728E-018  -2.4525026031572542E-018   1.9004475930085934E-018   1.6779364586700118E-018  -1.5107646481304688E-019   2.0322971617977100E-018  -4.8417210509089986E-020   1.9687994924877690E-018  -2.4106999452277678E-018   3.6001067659172378E-018   1.4873030659507066E-016   6.3032736259085411E-019  -6.5915686754046533E-021   1.0317258439822369E-016   2.1658816763826645E-019  -5.0389305444251785E-016   2.5351430092557985E-003   2.2751802485078176E-018  -5.7623521431941382E-019   2.6441732492245102E-018
  -2.6333524083941703E-017   2.2501952637617174E-031   9.5257776908533367E-032  -1.0342122527787385E-031  -1.7028892035737625E-016   2.5687471706009499E-030  -1.9251557645110469E-032  -2.2166377728769996E-033   5.3561878911602018E-030  -1.2127976763664574E-032   5.3594489035212243E-030  -1.6730358602149386E-016  -6.5719632817126582E-032  -1.9728931729920305E-031   3.0571657899963396E-031  -7.2278922056110369E-032   7.4257534352486047E-032  -6.1771131051063372E-032   1.0795347248429622E-032   2.3318708499297460E-032   9.1278141836302819E-033  -2.0564141418052798E-032  -6.8324701172665219E-032   8.5127644359019560E-032  -1.3345751987277936E-031  -7.8919707109604337E-029  -5.0035479837802758E-032  -8.3556871190970064E-034  -5.2075098356508259E-029  -3.4417386552743852E-033   4.2511733606451955E-029   1.2097949237269774E-029   1.9704022228493343E-032   3.6257570797099538E-034   5.8323382893220257E-031  -4.3847252145299678E-034   1.1358938586116568E-030   1.9510182429100499E-032   2.3756975893359988E-034   7.1410175874460566E-033   2.4872723536690032E-034   1.6753306356313523E-029   1.5417767747106411E-034  -6.0443494932894274E-030   4.2703910490614251E-034   1.5363795257428716E-029  -1.1821879458819875E-016   6.0613946039565023E-032  -4.0775856014527857E-032   9.8230563603234486E-033   1.8356986353024276E-032  -2.6273965746108512E-032  -3.5591078717429301E-032  -1.6756516964535344E-032  -5.6201975677254936E-033  -1.0150543081431116E-032   7.1649477114629341E-032  -3.4520679140221722E-032  -2.5347366065710019E-032  -1.0364823860463731E-031   1.6755914035069192E-030   4.1319586497071198E-032  -6.5807549755460855E-034  -8.6859611702503246E-031   4.8566670741700713E-033  -2.7442815675677526E-029  -5.2478344807382533E-017   4.2336977642685560E-032   3.9694335343115410E-033   4.5137028439320757E-032   7.6807287914693076E-031  -7.6175488491784323E-033   5.4455406888678982E-034   4.6086188886668760E-031   8.4465762534468289E-035   3.7373829433191225E-031  -7.6970677020685334E-033   3.0480440033521480E-034  -3.6661153310659684E-033   7.2242408640132489E-034   2.7309371324984571E-031  -1.6577682973544906E-035   6.6884062656973233E-031  -3.6590135484950740E-035   5.9027538139879885E-031  -5.5974332112374545E-032   2.0956594052495268E-032  -1.6239293150372707E-032  -1.4337939199314373E-032   1.2909458851938687E-033  -1.7365945528051304E-032   4.1372426047049815E-034  -1.6823358997339803E-032   2.0599391034070012E-032  -3.0762852582436820E-032  -1.2708980021482983E-030  -5.3861368550602627E-033   5.6324844965207130E-035  -8.8160802186179948E-031  -1.8507422988769427E-033   4.3057577897081012E-030  -2.1662754951452527E-017  -1.9441377474116548E-032   4.9239203455680306E-033  -2.2594416542974974E-032
  -1.1147801272188804E-017   9.5257776908533367E-032   4.0325585106718997E-032  -4.3781427166714164E-032  -7.2088606027373181E-017   1.0874307170235125E-030  -8.1497842113221079E-033  -9.3837183757447120E-034   2.2674412280264913E-030  -5.1341504602303457E-033   2.2688217161689426E-030  -7.0824820982827903E-017  -2.7821168332471892E-032  -8.3518715359425983E-032   1.2941935372712165E-031  -3.0597919848520886E-032   3.1435528085245860E-032  -2.6149644503353969E-032   4.5700068629686437E-033   9.8715358964350759E-033   3.8640881579016363E-033  -8.7054418212651608E-033  -2.8923974938812955E-032   3.6037184353256011E-032  -5.6496726570986121E-032  -3.3409171082183771E-029  -2.1181577673099018E-032  -3.5372227127429166E-034  -2.2045011744631825E-029  -1.4569952140665454E-033   1.7996541460622447E-029   5.1214388726783876E-030   8.3413265678322964E-033   1.5348959469684501E-034   2.4690105279599723E-031  -1.8561908071598651E-034   4.8085926371792595E-031   8.2592681408863150E-033   1.0057068140335103E-034   3.0230152520527344E-033   1.0529398883387498E-034   7.0921965976505680E-030   6.5268214902658621E-035  -2.5587614766659728E-030   1.8077895923736489E-034   6.5039732536540713E-030  -5.0045699333899544E-017   2.5659772031207124E-032  -1.7261690387673349E-032   4.1584058343779737E-033   7.7710843093950688E-033  -1.1122588372003098E-032  -1.5066812605103530E-032  -7.0935557481503510E-033  -2.3792047504059150E-033  -4.2970411675962588E-033   3.0331456191888847E-032  -1.4613679111443195E-032  -1.0730329855329476E-032  -4.3877528981451549E-032   7.0933005093206227E-031   1.7491868443056400E-032  -2.7858386311876607E-034  -3.6770380096200678E-031   2.0559785016030616E-033  -1.1617398967436964E-029  -2.2215718532061127E-017   1.7922561815931229E-032   1.6803848988313424E-033   1.9107910565055082E-032   3.2514918216013533E-031  -3.2247457834029749E-033   2.3052670514439846E-034   1.9509719757350382E-031   3.5756989153318043E-035   1.5821506531894946E-031  -3.2584085915628530E-033   1.2903320007585716E-034  -1.5519808522920122E-033   3.0582462581814285E-034   1.1560907815790137E-031  -7.0178497474677652E-036   2.8314107766200508E-031  -1.5489744464449914E-035   2.4988196136315611E-031  -2.3695678889889251E-032   8.8715792498738724E-033  -6.8745987914153183E-033  -6.0696964195594122E-033   5.4649761784321651E-034  -7.3515458482985620E-033   1.7514237070992255E-034  -7.1218520633703720E-033   8.7203640820696119E-033  -1.3022874039246839E-032  -5.3801072427714093E-031  -2.2801195576264947E-033   2.3844061902138964E-035  -3.7321214571793581E-031  -7.8347688247678608E-034   1.8227614356832423E-030  -9.1705191617015548E-018  -8.2301408595449355E-033   2.0844489069335133E-033  -9.5649205430782626E-033
   1.2103151093175746E-017  -1.0342122527787385E-031  -4.3781427166714164E-032   4.7533429699323073E-032   7.8266491260693913E-017  -1.1806218957571944E-030   8.8482084743014626E-033   1.0187888942798554E-033  -2.4617575347494764E-030   5.5741394413164821E-033  -2.4632563286517417E-030   7.6894401736494476E-017   3.0205400661082104E-032   9.0676143790334926E-032  -1.4051039790673998E-031   3.3220115610368887E-032  -3.4129505614589912E-032   2.8390629751043653E-032  -4.9616495853176904E-033  -1.0717511692133284E-032  -4.1952347077722976E-033   9.4514851066174276E-033   3.1402716136771203E-032  -3.9125516911412283E-032   6.1338411159550938E-032   3.6272286851237987E-029   2.2996807057273623E-032   3.8403573850338938E-034   2.3934236131545743E-029   1.5818575149769389E-033  -1.9538818026467077E-029  -5.5603384898087347E-030  -9.0561657229985028E-033  -1.6664342236533896E-034  -2.6806010208570805E-031   2.0152635706618291E-034  -5.2206818019358133E-031  -8.9670750121447635E-033  -1.0918943770598841E-034  -3.2820831174886177E-033  -1.1431752548718786E-034  -7.6999871910183435E-030  -7.0861602863291805E-035   2.7780434910287168E-030  -1.9627144444846093E-034  -7.0613539901660947E-030   5.4334540580028059E-017  -2.7858775943999900E-032   1.8740991320579008E-032  -4.5147749669507895E-033  -8.4370545597238438E-033   1.2075777485323044E-032   1.6358015809545232E-032   7.7014628186740207E-033   2.5830990230874812E-033   4.6652911399453421E-033  -3.2930816418688511E-032   1.5866049456249017E-032   1.1649903003085015E-032   4.7637767295203682E-032  -7.7011857062600460E-031  -1.8990895289497484E-032   3.0245808165406903E-034   3.9921546428001451E-031  -2.2321727703652490E-033   1.2612992605400663E-029   2.4119572234194240E-017  -1.9458498437370075E-032  -1.8243913601137729E-033  -2.0745429793470219E-032  -3.5301397857929014E-031   3.5011016523031690E-033  -2.5028249744057465E-034  -2.1181673429882122E-031  -3.8821309403794416E-035  -1.7177385872038746E-031   3.5376493125486048E-033  -1.4009115146770491E-034   1.6849832796954583E-033  -3.3203333679127946E-034  -1.2551660246927895E-031   7.6192689274708001E-036  -3.0740584263707496E-031   1.6817192293840597E-035  -2.7129647003866688E-031   2.5726362971251153E-032  -9.6318602632592462E-033   7.4637415796995362E-033   6.5898602838307953E-033  -5.9333164265480135E-034   7.9815622828102571E-033  -1.9015180875241650E-034   7.7321840855970726E-033  -9.4676861827541730E-033   1.4138914779331469E-032   5.8411743506050448E-031   2.4755223781487519E-033  -2.5887462184725578E-035   4.0519586590599552E-031   8.5061967423868508E-034  -1.9789693522726972E-030   9.9564188764144209E-018   8.9354515665521646E-033  -2.2630830466596482E-033   1.0384619863641230E-032
   1.9928525571433521E-002  -1.7028892035737625E-016  -7.2088606027373181E-017   7.8266491260693913E-017  0.12887022234685314       -1.9439609948402327E-015   1.4569077712407854E-017   1.6774937679656187E-018  -4.0534235757484409E-015   9.1781371264253333E-018  -4.0558914250198961E-015  0.12661099902899156        4.9734907449777553E-017   1.4930341993859409E-016  -2.3135834925795604E-016   5.4698806809120382E-017  -5.6196169092215656E-017   4.6746784091771499E-017  -8.1696377973210475E-018  -1.7646991611898778E-017  -6.9076921793652160E-018   1.5562406945530930E-017   5.1706355371946921E-017  -6.4422385398813126E-017   1.0099717717259968E-016   5.9724380079568074E-014   3.7865548729752239E-017   6.3233665152080754E-019   3.9409078933929448E-014   2.6046182266828666E-018  -3.2171773423169419E-014  -9.1554130760590336E-015  -1.4911491131567811E-017  -2.7438785803404098E-019  -4.4137618029970525E-016   3.3182459090143263E-019  -8.5961490515356616E-016  -1.4764798216990630E-017  -1.7978660967730519E-019  -5.4041362312101814E-018  -1.8823029741560096E-019  -1.2678466165926055E-014  -1.1667765310226653E-019   4.5742063635589725E-015  -3.2317207886785412E-019  -1.1626920334929488E-014   8.9464906537580352E-002  -4.5871056596316866E-017   3.0858106446077171E-017  -7.4338333617000872E-018  -1.3892089444032437E-017   1.9883453371650563E-017   2.6934401946138075E-017   1.2680895870656969E-017   4.2532192268647188E-018   7.6816667878338431E-018  -5.4222459261707862E-017   2.6124351408350729E-017   1.9182226852691634E-017   7.8438289037286241E-017  -1.2680439589331095E-015  -3.1269587522092377E-017   4.9801440700252180E-019   6.5733093201668514E-016  -3.6753992238569444E-018   2.0768008573466062E-014   3.9714245351543033E-002  -3.2039522658646688E-017  -3.0039639753674987E-018  -3.4158528216891926E-017  -5.8125756218622421E-016   5.7647626860951989E-018  -4.1210434472218079E-019  -3.4876828137026910E-016  -6.3921490462617312E-020  -2.8283541283254665E-016   5.8249404841058263E-018  -2.3066803618851469E-019   2.7744206544510724E-018  -5.4671174406343746E-019  -2.0667021362385961E-016   1.2545558961281148E-020  -5.0616117642745033E-016   2.7690462102591106E-020  -4.4670504391650953E-016   4.2359917544252911E-017  -1.5859404883829378E-017   1.2289474351310076E-017   1.0850579172934830E-017  -9.7695424290405236E-019   1.3142095544247028E-017  -3.1309575118115430E-019   1.2731480181201359E-017  -1.5589082937393737E-017   2.3280526084739927E-017   9.6178252685673497E-016   4.0760881720636859E-018  -4.2625176547511422E-020   6.6717800290039936E-016   1.4005935974134946E-018  -3.2584854174121989E-015   1.6393809070962002E-002   1.4712728418035194E-017  -3.7262947490644532E-018   1.7098866312499210E-017
  -3.0061464696843458E-016   2.5687471706009499E-030   1.0874307170235125E-030  -1.1806218957571944E-030  -1.9439609948402327E-015   2.9323953048588078E-029  -2.1976930192212565E-031  -2.5304390685660704E-032   6.1144438050340700E-029  -1.3844890040652239E-031   6.1181664669783800E-029  -1.9098814229377661E-015  -7.5023320673829312E-031  -2.2521884378821026E-030   3.4899575603865072E-030  -8.2511184480646520E-031   8.4769901677275317E-031  -7.0515843965904916E-031   1.2323605042924330E-031   2.6619852705361365E-031   1.0420005426006627E-031  -2.3475331645287249E-031  -7.7997179020826774E-031   9.7178853368305484E-031  -1.5235061245108216E-030  -9.0092081166125499E-028  -5.7118819567752473E-031  -9.5385711592538989E-033  -5.9447179414298160E-028  -3.9289729985051648E-032   4.8529964122472984E-028   1.3810611627258978E-028   2.2493448530456200E-031   4.1390422377040299E-033   6.6580010721549658E-030  -5.0054547132311494E-033   1.2966981943308676E-029   2.2272167540197680E-031   2.7120164010160191E-033   8.1519453082033281E-032   2.8393863963255566E-033   1.9125010613100476E-028   1.7600404691615265E-033  -6.9000259262187565E-029   4.8749346784678736E-033   1.7538791514135682E-028  -1.3495459660804254E-015   6.9194840508107671E-031  -4.6548344693894896E-031   1.1213670492778422E-031   2.0955717716809105E-031  -2.9993474903131537E-031  -4.0629577453289638E-031  -1.9128675735376098E-031  -6.4158283651253761E-032  -1.1587518310255554E-031   8.1792631322830567E-031  -3.9407645326044882E-031  -2.8935699897719637E-031  -1.1832134034818951E-030   1.9127987451392397E-029   4.7169049110571950E-031  -7.5123683691310962E-033  -9.9156008988884598E-030   5.5442076544368082E-032  -3.1327794638752253E-028  -5.9907511989172801E-016   4.8330468596595760E-031   4.5313717099846532E-032   5.1526912335158915E-031   8.7680614518124387E-030  -8.6959373563563384E-032   6.2164459512448031E-033   5.2610441952715569E-030   9.6423271356615530E-034   4.2664705662272130E-030  -8.7867134021779818E-032   3.4795444357966337E-033  -4.1851138589765118E-032   8.2469501994022961E-033   3.1175459059793580E-030  -1.8924524870888009E-034   7.6352594583805045E-030  -4.1770067030425365E-034   6.7383850648977518E-030  -6.3898413420163475E-031   2.3923342362647703E-031  -1.8538230439096959E-031  -1.6367708768934371E-031   1.4737003687613513E-032  -1.9824378869866743E-031   4.7229368962226290E-033  -1.9204980350095016E-031   2.3515571420415748E-031  -3.5117837017684119E-031  -1.4508143802966184E-029  -6.1486325341277857E-032   6.4298547094548600E-034  -1.0064140424643649E-029  -2.1127451116415978E-032   4.9153081591309033E-029  -2.4729471875227449E-016  -2.2193622119591431E-031   5.6209817252916032E-032  -2.5793025387992414E-031
   2.2529660650578668E-018  -1.9251557645110469E-032  -8.1497842113221079E-033   8.8482084743014626E-033   1.4569077712407854E-017  -2.1976930192212565E-031   1.6470680466344547E-033   1.8964456351904286E-034  -4.5824894223771944E-031   1.0376097023416955E-033  -4.5852793832512871E-031   1.4313667273221836E-017   5.6226467096874314E-033   1.6879098120581133E-032  -2.6155598309448153E-032   6.1838270522508991E-033  -6.3531073333644677E-033   5.2848324293653306E-033  -9.2359651270750901E-034  -1.9950333560531870E-033  -7.8093063193214304E-034   1.7593662217119029E-033   5.8455234725345150E-033  -7.2831001778504836E-033   1.1417965268974799E-032   6.7519797735947526E-030   4.2807881605257269E-033   7.1487125952300100E-035   4.4552878322620006E-030   2.9445813520491100E-034  -3.6370936482641864E-030  -1.0350406957108523E-030  -1.6857786783278324E-033  -3.1020184137493211E-035  -4.9898601508459108E-032   3.7513540084684786E-035  -9.7181459982421061E-032  -1.6691947038967002E-033  -2.0325293464529808E-035  -6.1095014260959416E-034  -2.1279871959067030E-035  -1.4333300236602008E-030  -1.3190679463352347E-035   5.1712464500848690E-031  -3.6535353518936010E-035  -1.3144503270867467E-030   1.0114215310121575E-017  -5.1858294036560145E-033   3.4885805478058917E-033  -8.4041211363940311E-034  -1.5705329517713185E-033   2.2478705482709111E-033   3.0449966481344952E-033   1.4336047074187780E-033   4.8083630427298992E-034   8.6843025762426251E-034  -6.1299748565303923E-033   2.9534185549095342E-033   2.1685952629282895E-033   8.8676306116456188E-033  -1.4335531237559710E-031  -3.5350994383958034E-033   5.6301684480609020E-035   7.4312787367937845E-032  -4.1551241195482346E-034   2.3478715666712592E-030   4.4897876039894300E-018  -3.6221423924133877E-033  -3.3960509887698983E-034  -3.8617008884638368E-033  -6.5712516361019762E-032   6.5171980025966695E-034  -4.6589352563687711E-035  -3.9429063614325774E-032  -7.2264728428595728E-036  -3.1975199812161662E-032   6.5852303998263948E-034  -2.6077556814900928E-035   3.1365469373378604E-034  -6.1807031449889881E-035  -2.3364547280921705E-032   1.4183045557301549E-036  -5.7222695670745682E-032   3.1304710034512142E-036  -5.0501041907320884E-032   4.7888869853298538E-033  -1.7929425278957239E-033   1.3893535962635181E-033   1.2266831570263203E-033  -1.1044694443086200E-034   1.4857444008491647E-033  -3.5396201289275863E-035   1.4393233811195669E-033  -1.7623820045004107E-033   2.6319175022560706E-033   1.0873174672189063E-031   4.6081122745011248E-034  -4.8188751312491462E-036   7.5426021583971816E-032   1.5834035662092081E-034  -3.6837933858182180E-031   1.8533581614717721E-018   1.6633080922835887E-033  -4.2126626919553085E-034   1.9330665188920330E-033
   2.5940808390045837E-019  -2.2166377728769996E-033  -9.3837183757447120E-034   1.0187888942798554E-033   1.6774937679656187E-018  -2.5304390685660704E-032   1.8964456351904286E-034   2.1835807297590214E-035  -5.2763102782129736E-032   1.1947110473413667E-034  -5.2795226586199866E-032   1.6480856318800373E-018   6.4739546326534243E-034   1.9434711287208481E-033  -3.0115738296971394E-033   7.1201015926310609E-034  -7.3150120888292101E-034   6.0849929144469960E-034  -1.0634354656932948E-034  -2.2970953190897953E-034  -8.9916897564761205E-035   2.0257465371177323E-034   6.7305764916897867E-034  -8.3858123355389100E-034   1.3146724837112264E-033   7.7742765981602933E-031   4.9289293413179951E-034   8.2310775357198256E-036   5.1298494802780242E-031   3.3904115036213888E-035  -4.1877749909140640E-031  -1.1917530751909186E-031  -1.9410173264817380E-034  -3.5716856343949522E-036  -5.7453597758870069E-033   4.3193351664802697E-036  -1.1189541074619522E-032  -1.9219224226686895E-034  -2.3402684639250271E-036  -7.0345225483454385E-035  -2.4501792974883924E-036  -1.6503461849752331E-031  -1.5187840323043088E-036   5.9542092257794760E-032  -4.2067060831338487E-036  -1.5134672732993240E-031   1.1645578042419067E-018  -5.9710001402196487E-034   4.0167759713482147E-034  -9.6765636849631078E-035  -1.8083225932258527E-034   2.5882138254410535E-034   3.5060303758086096E-034   1.6506624577704438E-034   5.5363827398807430E-035   9.9991665487294048E-035  -7.0580957989249308E-034   3.4005867206236186E-034   2.4969357090489038E-034   1.0210251727182390E-033  -1.6506030639813548E-032  -4.0703381463860974E-034   6.4826152146716117E-036   8.5564261616713753E-033  -4.7842388881827288E-035   2.7033556954126392E-031   5.1695727580389164E-019  -4.1705600106606377E-034  -3.9102367917930849E-035  -4.4463893336421460E-034  -7.5661849602922568E-033   7.5039472297159237E-035  -5.3643305445875503E-036  -4.5398898815277189E-033  -8.3206112271236147E-037  -3.6816468051835068E-033   7.5822802063294200E-035  -3.0025880775905249E-036   3.6114420172492355E-035  -7.1165047040242457E-036  -2.6902102678541188E-033   1.6330457564162220E-037  -6.5886610853971865E-033   3.6044461445999049E-037  -5.8147251835408266E-033   5.5139578715685286E-034  -2.0644065302116648E-034   1.5997114197886209E-034   1.4124115416225308E-034  -1.2716938205074309E-035   1.7106964643971106E-034  -4.0755433009907083E-036   1.6572469785503230E-034  -2.0292189304518355E-034   3.0304081665197724E-034   1.2519449144721642E-032   5.3058126088366846E-035  -5.5484864319108311E-037   8.6846047256509361E-033   1.8231419084465139E-035  -4.2415453944076223E-032   2.1339695120366588E-019   1.9151445370053997E-034  -4.8504892017137646E-035   2.2257462706391535E-034
  -6.2682250336884621E-016   5.3561878911602018E-030   2.2674412280264913E-030  -2.4617575347494764E-030  -4.0534235757484409E-015   6.1144438050340700E-029  -4.5824894223771944E-031  -5.2763102782129736E-032   1.2749448542279547E-028  -2.8868482363267182E-031   1.2757210799716635E-028  -3.9823630243446173E-015  -1.5643384695340977E-030  -4.6961197963180611E-030   7.2770370862275528E-030  -1.7204706335389669E-030   1.7675679650186861E-030  -1.4703514378830881E-030   2.5696395839108542E-031   5.5506020349822259E-031   2.1727131236330810E-031  -4.8949265439012202E-031  -1.6263474685142776E-030   2.0263115173237522E-030  -3.1767178761716054E-030  -1.8785426598388523E-027  -1.1910052231983062E-030  -1.9889220678037080E-032  -1.2395546988300946E-027  -8.1924440988738896E-032   1.0119158832218499E-027   2.8797007200259131E-028   4.6901905344416988E-031   8.6304670885163335E-033   1.3882839514199903E-029  -1.0437055165101084E-032   2.7037924348698929E-029   4.6440504326001726E-031   5.6549237597219600E-033   1.6997916824560039E-031   5.9205075565167504E-033   3.9878253273261720E-028   3.6699242170530339E-033  -1.4387494315393521E-028   1.0164903106792709E-032   3.6570770299522952E-028  -2.8139872404776236E-015   1.4428067156705900E-030  -9.7059641780418228E-031   2.3382031052448340E-031   4.3695527053012935E-031  -6.2540482352098062E-031  -8.4718205539611022E-031  -3.9885895552648725E-031  -1.3377876419424825E-031  -2.4161554695734432E-031   1.7054878210337239E-030  -8.2170310542908471E-031  -6.0334877323934208E-031  -2.4671611814974910E-030   3.9884460386750980E-029   9.8353895071923557E-031  -1.5664311752122115E-032  -2.0675379062618572E-029   1.1560428462807764E-031  -6.5322720827204891E-028  -1.2491532603065569E-015   1.0077561296568689E-030   9.4485275005432328E-032   1.0744063373659502E-030   1.8282602941479598E-029  -1.8132214374179502E-031   1.2962136916853396E-032   1.0969994064063441E-029   2.0105566027564093E-033   8.8961725180105803E-030  -1.8321494799673284E-031   7.2553243024722045E-033  -8.7265326970005101E-032   1.7196014968925822E-032   6.5005080386468000E-030  -3.9460213180768901E-034   1.5920556419445747E-029  -8.7096281721246174E-034   1.4050451092910195E-029  -1.3323689935018378E-030   4.9883428834654861E-031  -3.8654736650551342E-031  -3.4128903193572436E-031   3.0728660884563569E-032  -4.1336531390791263E-031   9.8479670182345180E-033  -4.0045001072286730E-031   4.9033170853586673E-031  -7.3225475652340012E-031  -3.0251456838579711E-029  -1.2820736701301861E-031   1.3407123258706893E-033  -2.0985104215142050E-029  -4.4053614593121802E-032   1.0249087315626590E-028  -5.1564318718798801E-016  -4.6276726420736393E-031   1.1720512862461361E-031  -5.3781972722224884E-031
   1.4193095743235290E-018  -1.2127976763664574E-032  -5.1341504602303457E-033   5.5741394413164821E-033   9.1781371264253333E-018  -1.3844890040652239E-031   1.0376097023416955E-033   1.1947110473413667E-034  -2.8868482363267182E-031   6.5366691837266077E-034  -2.8886058385569530E-031   9.0172352436401712E-018   3.5421200664614036E-033   1.0633389441607842E-032  -1.6477341438254901E-032   3.8956489746307458E-033  -4.0022911151649385E-033   3.3293059234343293E-033  -5.8184159700777428E-034  -1.2568187276572948E-033  -4.9196583116548004E-034   1.1083546094836451E-033   3.6825265858090333E-033  -4.5881622335554734E-033   7.1930188727157868E-033   4.2535702986967556E-030   2.6967843484712752E-033   4.5035015785897122E-035   2.8067145683058313E-030   1.8550090789896030E-034  -2.2912736759575049E-030  -6.5204851152481390E-031  -1.0619963857643380E-033  -1.9541903016853537E-035  -3.1434811187221080E-032   2.3632547083036095E-035  -6.1221772817180176E-032  -1.0515489165123598E-033  -1.2804402188987989E-035  -3.8488257781097582E-034  -1.3405761622559939E-035  -9.0296034960208853E-031  -8.3097823551496206E-036   3.2577497333957849E-031  -2.3016315183330926E-035  -8.2806925640888255E-031   6.3716905678543644E-018  -3.2669366119495500E-033   2.1977143149613081E-033  -5.2943760572587306E-034  -9.8939459844122069E-034   1.4160995322931503E-033   1.9182680837979417E-033   9.0313339317096692E-034   3.0291426973600131E-034   5.4708830212527253E-034  -3.8617235027073613E-033   1.8605762851826165E-033   1.3661581802066410E-033   5.5863748788199224E-033  -9.0310089681532458E-032  -2.2270199968467005E-033   3.5468585645038718E-035   4.6815108421650256E-032  -2.6176192961104187E-034   1.4790975530174758E-030   2.8284485203098793E-018  -2.2818547766201753E-033  -2.1394231178214406E-034  -2.4327703506841879E-033  -4.1397163086738004E-032   4.1056639362253560E-034  -2.9350071082174963E-035  -2.4839276703879996E-032  -4.5524884966237270E-036  -2.0143537862450364E-032   4.1485225634589842E-034  -1.6428177342033792E-035   1.9759423666083605E-034  -3.8936809949283910E-035  -1.4719052439298594E-032   8.9349469859981406E-037  -3.6048798556584062E-032   1.9721146875003520E-036  -3.1814332849497802E-032   3.0168732916345217E-033  -1.1295068023977852E-033   8.7525635289450731E-034   7.7277823950896979E-034  -6.9578680352415748E-035   9.3598003353354196E-034  -2.2298679134016035E-035   9.0673600772510743E-034  -1.1102544736015270E-033   1.6580390480429910E-033   6.8498150748372053E-032   2.9029899616305290E-034  -3.0357650376219918E-036   4.7516416801650632E-032   9.9750274821872492E-035  -2.3206932866905811E-031   1.1675670681528777E-018   1.0478405054748422E-033  -2.6538670887322616E-034   1.2177812442981685E-033
  -6.2720413223870478E-016   5.3594489035212243E-030   2.2688217161689426E-030  -2.4632563286517417E-030  -4.0558914250198961E-015   6.1181664669783800E-029  -4.5852793832512871E-031  -5.2795226586199866E-032   1.2757210799716635E-028  -2.8886058385569530E-031   1.2764977783055423E-028  -3.9847876097610290E-015  -1.5652908870350585E-030  -4.6989789388679168E-030   7.2814675708132363E-030  -1.7215181091161413E-030   1.7686441149036423E-030  -1.4712466331808292E-030   2.5712040597314909E-031   5.5539814126693063E-031   2.1740359383843742E-031  -4.8979067261297606E-031  -1.6273376390060366E-030   2.0275451982624253E-030  -3.1786519599775105E-030  -1.8796863745402269E-027  -1.1917303439061332E-030  -1.9901329848925061E-032  -1.2403093779558438E-027  -8.1974319114779821E-032   1.0125319688167835E-027   2.8814539706278103E-028   4.6930460670740790E-031   8.6357215830241718E-033   1.3891291815011945E-029  -1.0443409566141094E-032   2.7054385870831682E-029   4.6468778737156941E-031   5.6583666516921116E-033   1.7008265680500661E-031   5.9241121440924024E-033   3.9902532383610843E-028   3.6721585800886510E-033  -1.4396253865610958E-028   1.0171091813267057E-032   3.6593035712242264E-028  -2.8157004826867150E-015   1.4436851408920304E-030  -9.7118734683436955E-031   2.3396266754002745E-031   4.3722130237355373E-031  -6.2578558926362962E-031  -8.4769784595663972E-031  -3.9910179315853206E-031  -1.3386021283132834E-031  -2.4176264995321636E-031   1.7065261746126085E-030  -8.2220338361916030E-031  -6.0371611057842029E-031  -2.4686632653065333E-030   3.9908743276182206E-029   9.8413775956258052E-031  -1.5673848668169234E-032  -2.0687966870974458E-029   1.1567466808153745E-031  -6.5362491314051466E-028  -1.2499137833325310E-015   1.0083696826655548E-030   9.4542800554570715E-032   1.0750604690764329E-030   1.8293733953945058E-029  -1.8143253825447542E-031   1.2970028665531759E-032   1.0976672934739785E-029   2.0117806916172472E-033   8.9015887821776582E-030  -1.8332649490701349E-031   7.2597415676455642E-033  -8.7318456792132430E-032   1.7206484433125640E-032   6.5044657484018928E-030  -3.9484237775418294E-034   1.5930249345148348E-029  -8.7149308623413067E-034   1.4059005440820122E-029  -1.3331801808323688E-030   4.9913799404423059E-031  -3.8678270846250035E-031  -3.4149681922295916E-031   3.0747369440913433E-032  -4.1361698345828382E-031   9.8539627642445514E-033  -4.0069381703838025E-031   4.9063023760075932E-031  -7.3270057580027456E-031  -3.0269874858390471E-029  -1.2828542361168529E-031   1.3415285928792562E-033  -2.0997880593722023E-029  -4.4080435792201278E-032   1.0255327276043329E-028  -5.1595712666163357E-016  -4.6304901118852342E-031   1.1727648672126496E-031  -5.3814716845734226E-031
   1.9579158674708504E-002  -1.6730358602149386E-016  -7.0824820982827903E-017   7.6894401736494476E-017  0.12661099902899156       -1.9098814229377661E-015   1.4313667273221836E-017   1.6480856318800373E-018  -3.9823630243446173E-015   9.0172352436401712E-018  -3.9847876097610290E-015  0.12439138214547159        4.8863004999576118E-017   1.4668598232097374E-016  -2.2730240702470127E-016   5.3739882260439425E-017  -5.5210994291741464E-017   4.5927266419404034E-017  -8.0264159119694868E-018  -1.7337622277279306E-017  -6.7865934572552435E-018   1.5289582455799201E-017   5.0799891476637343E-017  -6.3292996835382769E-017   9.9226596090707828E-017   5.8677352227335292E-014   3.7201727956605501E-017   6.2125116038221639E-019   3.8718198539362061E-014   2.5589566756690777E-018  -3.1607770200617686E-014  -8.9949095685038426E-015  -1.4650077844192145E-017  -2.6957756566611031E-019  -4.3363841636694890E-016   3.2600737541478069E-019  -8.4454499992070903E-016  -1.4505956602474237E-017  -1.7663477139049738E-019  -5.3093963420091695E-018  -1.8493043287509619E-019  -1.2456200029691064E-014  -1.1463217766378607E-019   4.4940159713250792E-015  -3.1750655053272837E-019  -1.1423088844169025E-014   8.7896497642963867E-002  -4.5066891298934050E-017   3.0317133113693260E-017  -7.3035108607685113E-018  -1.3648547283289488E-017   1.9534876635467542E-017   2.6462215060593702E-017   1.2458587139278713E-017   4.1786560587540319E-018   7.5469995201666291E-018  -5.3271885559847239E-017   2.5666365515326490E-017   1.8845943315619194E-017   7.7063187726998714E-017  -1.2458138857018814E-015  -3.0721400516721313E-017   4.8928371855920686E-019   6.4580726625341235E-016  -3.6109658157524798E-018   2.0403924703815863E-014   3.9018015085811111E-002  -3.1477837923683267E-017  -2.9513014957381842E-018  -3.3559695204532191E-017  -5.7106753834471914E-016   5.6637006560529842E-018  -4.0487974521398298E-019  -3.4265402611833460E-016  -6.2800883086175252E-020  -2.7787702641750296E-016   5.7228234773435645E-018  -2.2662419583073357E-019   2.7257822978009048E-018  -5.3712734281197919E-019  -2.0304707899102131E-016   1.2325622820683455E-020  -4.9728766700412259E-016   2.7205020729671306E-020  -4.3887385969843397E-016   4.1617306010604021E-017  -1.5581373724509120E-017   1.2074027628916651E-017   1.0660357715771369E-017  -9.5982726224197135E-019   1.2911701523359760E-017  -3.0760687090369176E-019   1.2508284656490876E-017  -1.5315790790962534E-017   2.2872395281324632E-017   9.4492152148391688E-016   4.0046302877186066E-018  -4.1877914759408702E-020   6.5548170817949791E-016   1.3760397970358741E-018  -3.2013609234688599E-015   1.6106409274118303E-002   1.4454799638942019E-017  -3.6609690917248300E-018   1.6799106160163760E-017
   7.6910193592909102E-018  -6.5719632817126582E-032  -2.7821168332471892E-032   3.0205400661082104E-032   4.9734907449777553E-017  -7.5023320673829312E-031   5.6226467096874314E-033   6.4739546326534243E-034  -1.5643384695340977E-030   3.5421200664614036E-033  -1.5652908870350585E-030   4.8863004999576118E-017   1.9194201530749050E-032   5.7620694970133067E-032  -8.9288168193796362E-032   2.1109920078688332E-032  -2.1687797366492587E-032   1.8040994560569732E-032  -3.1529097439932262E-033  -6.8105065592464099E-033  -2.6658868509407087E-033   6.0060024343603245E-033   1.9955042772158952E-032  -2.4862542464466470E-032   3.8977858250670503E-032   2.3049440449927103E-029   1.4613457843973809E-032   2.4403779451737371E-034   1.5209152725636004E-029   1.0052007677725510E-033  -1.2416058144060586E-029  -3.5333501697290918E-030  -5.7547943804320869E-033  -1.0589455404163013E-034  -1.7034038645994631E-031   1.2806112240285153E-034  -3.3175133069292717E-031  -5.6981811582526624E-033  -6.9385077717516649E-035  -2.0856192408966635E-033  -7.2643751603161704E-035  -4.8930026648849501E-030  -4.5029427068728717E-035   1.7653242619189469E-030  -1.2472185692040456E-034  -4.4871793984126340E-030   3.4527207027498468E-017  -1.7703024895083815E-032   1.1909074417830462E-032  -2.8689406094615214E-033  -5.3613765088677721E-033   7.6736246373455257E-033   1.0394798453911387E-032   4.8939403612567085E-033   1.6414456401137468E-033   2.9645870069554931E-033  -2.0926083186402029E-032   1.0082175508184935E-032   7.4030001642388907E-033   3.0271702607049890E-032  -4.8937642685248103E-031  -1.2067877381465227E-032   1.9219878719741417E-034   2.5368384156065801E-031  -1.4184474652919933E-033   8.0150011810912613E-030   1.5326925654559354E-017  -1.2365018583377614E-032  -1.1593203424081517E-033  -1.3182806769086167E-032  -2.2432483263672361E-031   2.2247958717041581E-033  -1.5904350183585584E-034  -1.3460020382894824E-031  -2.4669231994133678E-035  -1.0915472034249834E-031   2.2480202998155219E-033  -8.9021755550170809E-035   1.0707326484196510E-033  -2.1099255900651825E-034  -7.9760271690564127E-032   4.8417097641508154E-036  -1.9534287134645027E-031   1.0686584882326548E-035  -1.7239695572760007E-031   1.6347970386621062E-032  -6.1206229006329105E-033   4.7428789858353724E-033   4.1875659179816363E-033  -3.7703612183367227E-034   5.0719312319493380E-033  -1.2083309801392251E-034   4.9134623730723218E-033  -6.0162975045655796E-033   8.9846575036575635E-033   3.7118089880599146E-031   1.5730854211540876E-033  -1.6450341840142533E-035   2.5748412334906672E-031   5.4053133201420397E-034  -1.2575478470523709E-030   6.3268656020405221E-018   5.6780858516347607E-033  -1.4380895842369759E-033   6.5989684665817874E-033
   2.3088320699412574E-017  -1.9728931729920305E-031  -8.3518715359425983E-032   9.0676143790334926E-032   1.4930341993859409E-016  -2.2521884378821026E-030   1.6879098120581133E-032   1.9434711287208481E-033  -4.6961197963180611E-030   1.0633389441607842E-032  -4.6989789388679168E-030   1.4668598232097374E-016   5.7620694970133067E-032   1.7297643163338974E-031  -2.6804169455523584E-031   6.3371652306003431E-032  -6.5106430951387260E-032   5.4158785551307627E-032  -9.4649860967623319E-033  -2.0445034945254818E-032  -8.0029509337421523E-033   1.8029926053748564E-032   5.9904728563390142E-032  -7.4636966441765611E-032   1.1701092526578897E-031   6.9194062345851929E-029   4.3869373546879332E-032   7.3259767000689864E-034   4.5657640332373872E-029   3.0175970972680199E-033  -3.7272813766399606E-029  -1.0607062347786168E-029  -1.7275803376321680E-032  -3.1789380702584107E-034  -5.1135919530590222E-031   3.8443750106960657E-034  -9.9591234369241887E-031  -1.7105851362363134E-032  -2.0829292597742050E-034  -6.2609965781086237E-033  -2.1807541438523938E-034  -1.4688718027145843E-029  -1.3517764089589695E-034   5.2994760243843985E-030  -3.7441307793952063E-034  -1.3470442882346330E-029   1.0365013939834803E-016  -5.3144205863117699E-032   3.5750856492108784E-032  -8.6125151640396867E-033  -1.6094769034419479E-032   2.3036102014217484E-032   3.1205023560334822E-032   1.4691532977094408E-032   4.9275943251679517E-033   8.8996441642308799E-033  -6.2819776809764819E-032   3.0266534331308507E-032   2.2223691547892562E-032   9.0875181202670914E-032  -1.4691004349447410E-030  -3.6227580523233138E-032   5.7697777492802707E-034   7.6155495345826955E-031  -4.2581572668086271E-033   2.4060909098045353E-029   4.6011192836361078E-017  -3.7119593797712090E-032  -3.4802616673350851E-033  -3.9574581233547993E-032  -6.7341966452106828E-031   6.6788026628203186E-033  -4.7744612306923176E-034  -4.0406772197951890E-031  -7.4056651411326099E-035  -3.2768077564098740E-031   6.7485220354087995E-033  -2.6724192793561672E-034   3.2143227854680003E-033  -6.3339638609118765E-034  -2.3943909719059738E-031   1.4534737535558312E-035  -5.8641626672576169E-031   3.2080961887917777E-035  -5.1753298431538975E-031   4.9076353268418556E-032  -1.8374014913805947E-032   1.4238049073584412E-032   1.2571007866141167E-032  -1.1318565835675134E-033   1.5225858807279028E-032  -3.6273908408237444E-034   1.4750137753449849E-032  -1.8060831694654898E-032   2.6971802322696904E-032   1.1142792949514899E-030   4.7223780092688075E-033  -4.9383670782385473E-035   7.7296334038072911E-031   1.6226666659665270E-033  -3.7751391111148998E-030   1.8993152301135467E-017   1.7045525563912677E-032  -4.3171226029015509E-033   1.9810000875592413E-032
