  0.20497539091179151       -7.8655330589523762E-017   7.9307889686920334E-017  -9.7636772412496072E-016   7.3440433125393639E-002  -1.1289675108174910E-016   1.5104002829403482E-017  -8.9958767083925957E-016  -9.7903996359343409E-002  -8.3430419493247430E-016  -4.5641778542642422E-016  -4.1791708180076269E-016   1.4485971467847955E-015
  -7.8655330589523762E-017  0.20497539091179284       -2.1993886778326729E-016  -2.5596513258030415E-016  -1.0977352443535666E-016   7.3440433125394389E-002  -4.2242168354282676E-017  -2.2182481540744197E-016   1.3430385005074755E-016  -9.7903996359338802E-002   4.8651010215621557E-016   2.6698790887693300E-016   1.8832415681259574E-017
   7.9307889686920334E-017  -2.1993886778326729E-016  0.20497539091179323       -1.4075925801980604E-016   8.9150048953670125E-017   3.2227331653610361E-017   7.3440433125394528E-002   4.4056008703073856E-017   8.7288568320625717E-016   1.0708448158376989E-015  -9.7903996359343159E-002   1.0376641245521789E-015  -1.0410624641545958E-016
  -9.7636772412496072E-016  -2.5596513258030415E-016  -1.4075925801980604E-016  0.69642058454205125        2.5275325877831786E-016  -4.0435411260559865E-016   9.7803661134784975E-016  0.57139013628631696        5.9666969130108628E-016   6.5849966084225812E-016  -7.1883167718632966E-016 -0.43660534356144581       0.10126092122407213     
   7.3440433125393639E-002  -1.0977352443535666E-016   8.9150048953670125E-017   2.5275325877831786E-016   4.4336757146011457E-002   1.1302063847354559E-016   1.9247078650988645E-017   1.6574505020436564E-016  0.14896186531606692        1.4682267937381067E-015   7.3754260975601259E-016   3.7773200548824136E-016  -2.2296793941194526E-015
  -1.1289675108174910E-016   7.3440433125394389E-002   3.2227331653610361E-017  -4.0435411260559865E-016   1.1302063847354559E-016   4.4336757146011180E-002  -1.1650631140039595E-016  -3.3855299432180770E-016   1.5439081287840998E-016  0.14896186531606526       -3.4963303659778892E-016   3.6055884058482019E-017  -7.4267295733291402E-017
   1.5104002829403482E-017  -4.2242168354282676E-017   7.3440433125394528E-002   9.7803661134784975E-016   1.9247078650988645E-017  -1.1650631140039595E-016   4.4336757146012207E-002   5.9328223112623457E-016  -6.9934569870425011E-016  -4.9884205483529231E-016  0.14896186531606878       -1.5059927727598917E-015   9.4171371889313095E-018
  -8.9958767083925957E-016  -2.2182481540744197E-016   4.4056008703073856E-017  0.57139013628631696        1.6574505020436564E-016  -3.3855299432180770E-016   5.9328223112623457E-016  0.49560017965737513       -1.0894185707336995E-015   7.1487972078081102E-016  -1.7788510307443848E-015 -0.13166589378885499       -9.9831788103142242E-003
  -9.7903996359343409E-002   1.3430385005074755E-016   8.7288568320625717E-016   5.9666969130108628E-016  0.14896186531606692        1.5439081287840998E-016  -6.9934569870425011E-016  -1.0894185707336995E-015   1.9259745961905614       -3.7876744067938886E-016  -2.9305405916435926E-016   6.4336001975272629E-016   5.9765571772685935E-016
  -8.3430419493247430E-016  -9.7903996359338802E-002   1.0708448158376989E-015   6.5849966084225812E-016   1.4682267937381067E-015  0.14896186531606526       -4.9884205483529231E-016   7.1487972078081102E-016  -3.7876744067938886E-016   1.9259745961905579        3.8174147923631761E-016  -1.1308705202386603E-015   6.4960560387596543E-016
  -4.5641778542642422E-016   4.8651010215621557E-016  -9.7903996359343159E-002  -7.1883167718632966E-016   7.3754260975601259E-016  -3.4963303659778892E-016  0.14896186531606878       -1.7788510307443848E-015  -2.9305405916435926E-016   3.8174147923631761E-016   1.9259745961905632        2.1742873356697439E-015  -1.5196841808739386E-016
  -4.1791708180076269E-016   2.6698790887693300E-016   1.0376641245521789E-015 -0.43660534356144581        3.7773200548824136E-016   3.6055884058482019E-017  -1.5059927727598917E-015 -0.13166589378885499        6.4336001975272629E-016  -1.1308705202386603E-015   2.1742873356697439E-015   2.2477228720451063      -0.52757866636738415     
   1.4485971467847955E-015   1.8832415681259574E-017  -1.0410624641545958E-016  0.10126092122407213       -2.2296793941194526E-015  -7.4267295733291402E-017   9.4171371889313095E-018  -9.9831788103142242E-003   5.9765571772685935E-016   6.4960560387596543E-016  -1.5196841808739386E-016 -0.52757866636738415        2.1240100005194318     
