  0.17241749113071886       -1.3800990153930001E-017  -3.6094897325662795E-018  -8.9029496542245121E-018   9.6729635803571690E-002  -8.3246398056151050E-018  -2.7172816947917897E-018   2.8627140533866579E-017   3.5912328228355210E-016
  -1.3800990153930001E-017  0.17241749113071925        8.6510298346239752E-018   1.6745358671932038E-016  -7.8751476549390639E-018   9.6729635803571828E-002   6.9452466510117496E-018   9.2673677065045530E-017   2.9550612892079603E-016
  -3.6094897325662795E-018   8.6510298346239752E-018  0.17241749113071947        6.8759745679643967E-017  -4.6507755690576636E-018   5.1859592195645971E-018   9.6729635803571967E-002   4.9075263041776361E-017   2.2514065508051975E-016
  -8.9029496542245121E-018   1.6745358671932038E-016   6.8759745679643967E-017   1.1584459590683016       -1.5720373584629635E-016   5.0623802297743793E-016   7.3953664148632488E-016  0.46179442844048446      -0.40338578435498884     
   9.6729635803571690E-002  -7.8751476549390639E-018  -4.6507755690576636E-018  -1.5720373584629635E-016   5.4267246213424276E-002  -4.7450785705188131E-018  -2.9979319446488310E-018  -9.3584702279485841E-017  -2.8131738818018159E-016
  -8.3246398056151050E-018   9.6729635803571828E-002   5.1859592195645971E-018   5.0623802297743793E-016  -4.7450785705188131E-018   5.4267246213424325E-002   4.0829105640028902E-018   2.7874899212830341E-016   7.0499945059153496E-016
  -2.7172816947917897E-018   6.9452466510117496E-018   9.6729635803571967E-002   7.3953664148632488E-016  -2.9979319446488310E-018   4.0829105640028902E-018   5.4267246213424408E-002   2.9977094729749755E-016  -1.9641343114485780E-016
   2.8627140533866579E-017   9.2673677065045530E-017   4.9075263041776361E-017  0.46179442844048446       -9.3584702279485841E-017   2.7874899212830341E-016   2.9977094729749755E-016  0.20012301430544829        1.4659991177570546E-002
   3.5912328228355210E-016   2.9550612892079603E-016   2.2514065508051975E-016 -0.40338578435498884       -2.8131738818018159E-016   7.0499945059153496E-016  -1.9641343114485780E-016   1.4659991177570546E-002   2.0602640373552590     
