  0.64957974615533920       -7.6135525056508077E-016   2.6325694887462062E-016   7.7575289859416951E-016  0.53183067207868095       -7.3971276296759359E-016  -1.2582208115285736E-016   4.6957375355944155E-016 -0.36690938140926271        8.4651213779701839E-016   8.5242105176905663E-016  -1.1774141956534659E-015  -9.9714506651351637E-016  -4.9986878273074862E-016   6.4497122154885639E-016  -3.5364364645020106E-016   6.0632688650892979E-016   7.8721808623033996E-016  0.13420761203993248       -2.1422691075389666E-016  -1.7553147785442959E-015  -1.6510549929351830E-015  -1.5745679054807945E-017
  -7.6135525056508077E-016  0.64957974615533598       -2.2408475353739323E-016  -1.5191663285488409E-016   1.1119256040693239E-015  0.53183067207866941       -5.4065951006132475E-016   1.0634854963676130E-016   1.1633149152043460E-015 -0.36690938140925977        1.9461639695560541E-015  -4.3842896846300722E-016   1.0091900285256291E-018   8.9941551287282841E-017   1.0348433496657768E-015  -3.3711007358288170E-016  -1.5062159969590100E-015   7.5591906391451747E-016   4.0975414865231153E-017  0.13420761203992435       -2.1462329046462662E-016   8.1721234485490283E-016  -8.3705920369370946E-017
   2.6325694887462062E-016  -2.2408475353739323E-016  0.64957974615533765       -2.1815991777357356E-015   5.0662169166721061E-016  -1.0637020230157259E-016  0.53183067207867063        2.5165819924559985E-016   7.5031646658227805E-016   8.0757338801085598E-016 -0.36690938140925788       -8.3443332889329966E-016  -3.8670107511482897E-016  -9.0056315727774784E-017  -1.8641622565633207E-015   6.8183424467105812E-016   1.3418225694171376E-015   3.2012639336293834E-016  -1.5635534245896749E-015  -1.4797322010793367E-015  0.13420761203992743       -2.0577753752470497E-016   2.0253252681614080E-015
   7.7575289859416951E-016  -1.5191663285488409E-016  -2.1815991777357356E-015  0.86700571437710994        5.4293201118311225E-016   3.1003467883802182E-016  -1.8863988471900347E-015  0.58738511238267854       -1.5871391730573035E-015   5.6233142864447965E-016   2.1431257937257011E-015   1.0033988870680180E-014  -1.5163161875816670E-016   9.5085379451813200E-017  -1.9157100041319013E-015  -7.1577379066364561E-016  -9.0573243988107498E-015 -0.54253757756136667        1.3988813310403534E-015   1.9261854385870089E-016   3.4846558194850131E-015  0.21597134661223419       -6.5058278307120812E-002
  0.53183067207868095        1.1119256040693239E-015   5.0662169166721061E-016   5.4293201118311225E-016  0.43878717091571889        7.4058249271688068E-016  -9.1153371209434464E-017   2.9565794090718223E-016 -0.23368400177069570       -1.4401600746865210E-015  -1.9041233244571340E-015   9.4292236093039430E-016   9.5942243113305361E-016   4.0584691651440625E-016  -1.0710807900575601E-015   7.7472984151628157E-016   2.0078141124596788E-016  -1.5516434254271397E-015   3.3381336531141684E-002   1.0354757198687198E-017   1.6662038750859354E-015   2.9150781458085800E-015   4.2877864775458310E-016
  -7.3971276296759359E-016  0.53183067207866941       -1.0637020230157259E-016   3.1003467883802182E-016   7.4058249271688068E-016  0.43878717091570174       -5.3575557421143458E-016   3.7983215894251293E-016  -1.3313560897500489E-015 -0.23368400177068935       -1.8627897754039663E-015   4.2099250918984794E-016   7.0385934801336564E-018  -2.9249236596546802E-017   5.7451484447829518E-017  -8.2118016294188010E-017  -1.2248788873641454E-015  -1.3172464137652082E-016   2.6028474995014556E-016   3.3381336531140796E-002   2.4803962255978984E-016  -1.0652991102966312E-015   3.8111545684482296E-016
  -1.2582208115285736E-016  -5.4065951006132475E-016  0.53183067207867063       -1.8863988471900347E-015  -9.1153371209434464E-017  -5.3575557421143458E-016  0.43878717091570330        2.9804984871264409E-016  -4.7411793955181516E-016  -4.1776003771759101E-016 -0.23368400177068260        1.0261740150157521E-015   3.6773783984096730E-016   2.3082015177274390E-016   7.6271100761232210E-016  -9.5980698622952675E-016  -2.9169083812920088E-015   3.7205116031160328E-015   1.2358208141694921E-015   5.5253977911255144E-016   3.3381336531137833E-002   2.1599536062824252E-016  -2.5813926112257422E-015
   4.6957375355944155E-016   1.0634854963676130E-016   2.5165819924559985E-016  0.58738511238267854        2.9565794090718223E-016   3.7983215894251293E-016   2.9804984871264409E-016  0.40134103822386774        1.4531502075356604E-015  -9.5045190783916754E-016  -1.5072207939572950E-015  -7.0096609755172705E-015   3.4445729632428666E-016  -6.9387832396520249E-016   4.6712718512715518E-015   4.4000210016628780E-016   3.3787716755930526E-015 -0.29496417989318208       -9.1560339973304465E-016   2.7029796298080416E-016  -3.8226731618318325E-015   7.3206555326749093E-002  -3.8915098958407588E-003
 -0.36690938140926271        1.1633149152043460E-015   7.5031646658227805E-016  -1.5871391730573035E-015 -0.23368400177069570       -1.3313560897500489E-015  -4.7411793955181516E-016   1.4531502075356604E-015   2.4568985104206549        9.8858909339937669E-016   1.4920575716065847E-015   9.8087114779384249E-016   1.1293188247144213E-015  -4.9276731903815680E-016  -4.1601164831166404E-016  -3.2816265805570992E-016  -2.5327577815548027E-016   1.0538679639165371E-015 -0.88099014587732138       -7.0019809178185344E-016  -3.4876863947512355E-016  -1.5666750047100591E-015   6.4962977985912473E-016
   8.4651213779701839E-016 -0.36690938140925977        8.0757338801085598E-016   5.6233142864447965E-016  -1.4401600746865210E-015 -0.23368400177068935       -4.1776003771759101E-016  -9.5045190783916754E-016   9.8858909339937669E-016   2.4568985104206380       -4.1926436823187910E-016  -6.9960820145811154E-016  -2.2339617518332860E-016  -1.2646166301031497E-016  -1.3706050364190625E-016   3.9916925890436339E-016   1.7156417921799880E-015  -2.8011619367280039E-016  -1.0768471030579089E-017 -0.88099014587731306       -1.4347077941911409E-015  -3.8303423377460305E-016  -1.0086583987242973E-016
   8.5242105176905663E-016   1.9461639695560541E-015 -0.36690938140925788        2.1431257937257011E-015  -1.9041233244571340E-015  -1.8627897754039663E-015 -0.23368400177068260       -1.5072207939572950E-015   1.4920575716065847E-015  -4.1926436823187910E-016   2.4568985104206025       -7.8329821854279331E-016   5.4964182358246227E-016  -4.3707770697180222E-016  -1.5547671073926309E-015   4.4914174078649474E-016   1.4743864593878746E-015  -1.7716664461693549E-016  -2.2946715464183080E-016   7.5366761126591883E-016 -0.88099014587730862        1.3287403925937481E-015   4.9550598723427060E-016
  -1.1774141956534659E-015  -4.3842896846300722E-016  -8.3443332889329966E-016   1.0033988870680180E-014   9.4292236093039430E-016   4.2099250918984794E-016   1.0261740150157521E-015  -7.0096609755172705E-015   9.8087114779384249E-016  -6.9960820145811154E-016  -7.8329821854279331E-016   1.9999999999999751        7.0039460342563567E-016   9.1928146952330334E-016  -1.0000000000000198        1.5101174434192794E-015 -0.99999999999999800        4.1225581520408401E-014  -3.8172414126690466E-016  -1.1027104756739958E-016  -3.5968783883306185E-016  -4.1681738058952516E-015   5.0987993807674836E-015
  -9.9714506651351637E-016   1.0091900285256291E-018  -3.8670107511482897E-016  -1.5163161875816670E-016   9.5942243113305361E-016   7.0385934801336564E-018   3.6773783984096730E-016   3.4445729632428666E-016   1.1293188247144213E-015  -2.2339617518332860E-016   5.4964182358246227E-016   7.0039460342563567E-016   2.0000000000000031        3.6492889873146472E-016  -2.8123662253187742E-015  -1.9748064945465662E-016   1.6382294826255940E-016   5.4743935909870827E-016  -1.7023618170619124E-015   1.1021362988683086E-016  -1.2931301079099369E-016   1.2519151809188995E-016  -4.0854923048000026E-016
  -4.9986878273074862E-016   8.9941551287282841E-017  -9.0056315727774784E-017   9.5085379451813200E-017   4.0584691651440625E-016  -2.9249236596546802E-017   2.3082015177274390E-016  -6.9387832396520249E-016  -4.9276731903815680E-016  -1.2646166301031497E-016  -4.3707770697180222E-016   9.1928146952330334E-016   3.6492889873146472E-016   2.0000000000000027        3.5338214559449466E-017   1.5470624794796696E-015   1.8799388044540900E-016  -2.5015071289099950E-016   2.3735355351528958E-016  -3.5494248550501458E-018   7.0397913608641143E-017  -1.1557892192058497E-015   6.9025663272833639E-016
   6.4497122154885639E-016   1.0348433496657768E-015  -1.8641622565633207E-015  -1.9157100041319013E-015  -1.0710807900575601E-015   5.7451484447829518E-017   7.6271100761232210E-016   4.6712718512715518E-015  -4.1601164831166404E-016  -1.3706050364190625E-016  -1.5547671073926309E-015  -1.0000000000000198       -2.8123662253187742E-015   3.5338214559449466E-017   1.9999999999999787       -4.0944217417557267E-016 -0.99999999999999600        3.8011859017316185E-014   2.3274976536766768E-016  -6.2346154464041225E-016   4.3695436380564924E-016  -2.0214825533088335E-015   4.7817093708892634E-015
  -3.5364364645020106E-016  -3.3711007358288170E-016   6.8183424467105812E-016  -7.1577379066364561E-016   7.7472984151628157E-016  -8.2118016294188010E-017  -9.5980698622952675E-016   4.4000210016628780E-016  -3.2816265805570992E-016   3.9916925890436339E-016   4.4914174078649474E-016   1.5101174434192794E-015  -1.9748064945465662E-016   1.5470624794796696E-015  -4.0944217417557267E-016   2.0000000000000027       -9.5130947932488156E-016   7.0452371417976213E-016   1.6363215831176042E-015   1.5391308145529705E-017  -5.0275861773335113E-016  -1.3570009889170461E-016  -8.3449437303892293E-017
   6.0632688650892979E-016  -1.5062159969590100E-015   1.3418225694171376E-015  -9.0573243988107498E-015   2.0078141124596788E-016  -1.2248788873641454E-015  -2.9169083812920088E-015   3.3787716755930526E-015  -2.5327577815548027E-016   1.7156417921799880E-015   1.4743864593878746E-015 -0.99999999999999800        1.6382294826255940E-016   1.8799388044540900E-016 -0.99999999999999600       -9.5130947932488156E-016   2.0000000000000737       -2.5185503396161011E-014  -2.5161938239415995E-017   8.8620262027335786E-016  -9.5954316783427589E-016  -1.0309993862376256E-014   3.9639651389708155E-015
   7.8721808623033996E-016   7.5591906391451747E-016   3.2012639336293834E-016 -0.54253757756136667       -1.5516434254271397E-015  -1.3172464137652082E-016   3.7205116031160328E-015 -0.29496417989318208        1.0538679639165371E-015  -2.8011619367280039E-016  -1.7716664461693549E-016   4.1225581520408401E-014   5.4743935909870827E-016  -2.5015071289099950E-016   3.8011859017316185E-014   7.0452371417976213E-016  -2.5185503396161011E-014   2.6589673509725729       -1.0964058387894982E-015  -5.0135364203227410E-016  -1.5852089006429998E-016  -1.0646833523569206       0.25735816394730476     
  0.13420761203993248        4.0975414865231153E-017  -1.5635534245896749E-015   1.3988813310403534E-015   3.3381336531141684E-002   2.6028474995014556E-016   1.2358208141694921E-015  -9.1560339973304465E-016 -0.88099014587732138       -1.0768471030579089E-017  -2.2946715464183080E-016  -3.8172414126690466E-016  -1.7023618170619124E-015   2.3735355351528958E-016   2.3274976536766768E-016   1.6363215831176042E-015  -2.5161938239415995E-017  -1.0964058387894982E-015   2.3183957959766577        2.9153801136092460E-016   3.1139676939538992E-016   2.2052941420461916E-015  -6.7426338668887608E-016
  -2.1422691075389666E-016  0.13420761203992435       -1.4797322010793367E-015   1.9261854385870089E-016   1.0354757198687198E-017   3.3381336531140796E-002   5.5253977911255144E-016   2.7029796298080416E-016  -7.0019809178185344E-016 -0.88099014587731306        7.5366761126591883E-016  -1.1027104756739958E-016   1.1021362988683086E-016  -3.5494248550501458E-018  -6.2346154464041225E-016   1.5391308145529705E-017   8.8620262027335786E-016  -5.0135364203227410E-016   2.9153801136092460E-016   2.3183957959766515        5.2943469672167369E-016   3.8619676147894625E-016   7.4749547320150686E-017
  -1.7553147785442959E-015  -2.1462329046462662E-016  0.13420761203992743        3.4846558194850131E-015   1.6662038750859354E-015   2.4803962255978984E-016   3.3381336531137833E-002  -3.8226731618318325E-015  -3.4876863947512355E-016  -1.4347077941911409E-015 -0.88099014587730862       -3.5968783883306185E-016  -1.2931301079099369E-016   7.0397913608641143E-017   4.3695436380564924E-016  -5.0275861773335113E-016  -9.5954316783427589E-016  -1.5852089006429998E-016   3.1139676939538992E-016   5.2943469672167369E-016   2.3183957959766586        2.6091046440285680E-016  -2.7178532584021095E-016
  -1.6510549929351830E-015   8.1721234485490283E-016  -2.0577753752470497E-016  0.21597134661223419        2.9150781458085800E-015  -1.0652991102966312E-015   2.1599536062824252E-016   7.3206555326749093E-002  -1.5666750047100591E-015  -3.8303423377460305E-016   1.3287403925937481E-015  -4.1681738058952516E-015   1.2519151809188995E-016  -1.1557892192058497E-015  -2.0214825533088335E-015  -1.3570009889170461E-016  -1.0309993862376256E-014  -1.0646833523569206        2.2052941420461916E-015   3.8619676147894625E-016   2.6091046440285680E-016   2.5853495531441051      -0.69952965604125561     
  -1.5745679054807945E-017  -8.3705920369370946E-017   2.0253252681614080E-015  -6.5058278307120812E-002   4.2877864775458310E-016   3.8111545684482296E-016  -2.5813926112257422E-015  -3.8915098958407588E-003   6.4962977985912473E-016  -1.0086583987242973E-016   4.9550598723427060E-016   5.0987993807674836E-015  -4.0854923048000026E-016   6.9025663272833639E-016   4.7817093708892634E-015  -8.3449437303892293E-017   3.9639651389708155E-015  0.25735816394730476       -6.7426338668887608E-016   7.4749547320150686E-017  -2.7178532584021095E-016 -0.69952965604125561        2.1903158097866005     
