  0.30054331153437341        1.0720557200218776E-016  -1.5477437763135789E-016   2.5793984240766490E-016  0.20886866571450285        7.6122921555822918E-017  -1.1265538198482170E-016   6.3479780516272880E-017  -4.7707238551698891E-016
   1.0720557200218776E-016  0.30054331153437347       -2.2985086056692765E-017  -7.5159203065131774E-017   1.2238630824111614E-016  0.20886866571450291       -9.7578195523695830E-018  -3.7933470211309445E-017  -3.1283195251621976E-018
  -1.5477437763135789E-016  -2.2985086056692765E-017  0.30054331153437253        6.8273391290485351E-016  -9.0279030272889099E-017  -2.8665853689611521E-017  0.20886866571450241        3.8297225105950338E-016   1.1912082210581240E-015
   2.5793984240766490E-016  -7.5159203065131774E-017   6.8273391290485351E-016   1.2268522427151325        4.7528568829814221E-016   5.3384556105200677E-017   7.3869989197479581E-016  0.44427972134788241      -0.42866135331701016     
  0.20886866571450285        1.2238630824111614E-016  -9.0279030272889099E-017   4.7528568829814221E-016  0.14515751255494896        8.6179673152494304E-017  -6.6279198745385667E-017   1.6954183942260137E-016  -2.4193957636062144E-016
   7.6122921555822918E-017  0.20886866571450291       -2.8665853689611521E-017   5.3384556105200677E-017   8.6179673152494304E-017  0.14515751255494896       -1.5603476265687183E-017   1.1858480140381998E-017  -3.9355459957875072E-017
  -1.1265538198482170E-016  -9.7578195523695830E-018  0.20886866571450241        7.3869989197479581E-016  -6.6279198745385667E-017  -1.5603476265687183E-017  0.14515751255494880        2.2953190778772405E-016  -6.6579848540262984E-016
   6.3479780516272880E-017  -3.7933470211309445E-017   3.8297225105950338E-016  0.44427972134788241        1.6954183942260137E-016   1.1858480140381998E-017   2.2953190778772405E-016  0.17794585090068851        2.5452884242866718E-002
  -4.7707238551698891E-016  -3.1283195251621976E-018   1.1912082210581240E-015 -0.42866135331701016       -2.4193957636062144E-016  -3.9355459957875072E-017  -6.6579848540262984E-016   2.5452884242866718E-002   2.0635321028021267     
