   1.2093137667978948E-003   1.4354429129097854E-018  -6.5853866886041495E-017  -5.0500123981309508E-016  -2.9300909042739754E-003  -3.0316156215178485E-017   1.5087953043979430E-016  -8.5914431718126411E-016  -4.9132776517831073E-002  -6.9378478182173644E-016   1.7703185532775118E-015  -6.6391970681408239E-016   2.7747889720705330E-002   1.9358800366643078E-016  -1.9553550314224720E-015   2.4408617590296785E-016  -7.3693094117679366E-016
   1.4354429129097854E-018   1.2093137667980656E-003   1.0564115508816974E-017   2.5161312945898547E-016   2.6018919845741497E-017  -2.9300909042741241E-003  -6.5421383774569308E-018   4.3243548364660672E-016   6.0348895206206028E-016  -4.9132776517834958E-002  -1.2925595720158550E-016  -5.6228655125745744E-016  -2.6484909727717211E-016   2.7747889720705989E-002   6.6379123928034405E-016   3.3217130477994093E-017  -3.6012669684302229E-016
  -6.5853866886041495E-017   1.0564115508816974E-017   1.2093137667978952E-003   2.0547894600379686E-016   7.7260892673939562E-017  -2.2009092343218985E-017  -2.9300909042739927E-003   1.8723037756472117E-016   7.3069032497096192E-016  -3.0159624526526084E-016  -4.9132776517830559E-002   5.8038794659580233E-016  -8.6622221397654618E-018  -4.6436654333262003E-016   2.7747889720707058E-002   1.9122296778212801E-015   3.9714938335718313E-017
  -5.0500123981309508E-016   2.5161312945898547E-016   2.0547894600379686E-016  0.33182479624878569        3.6833988220217351E-016  -6.5336897251592147E-017   5.2462163027941062E-016  0.53938468789218919       -2.9137534210279111E-017   1.3142580077329159E-015  -5.6567807498396651E-016 -0.27443003507184438        5.1883419583650714E-016   1.4824987669438027E-015   3.5937416035132264E-015   9.8201337520840828E-002  -3.2435413406012650E-002
  -2.9300909042739754E-003   2.6018919845741497E-017   7.7260892673939562E-017   3.6833988220217351E-016   7.1245900701908923E-003   1.4703962568741316E-018  -1.6946409504704399E-016   5.8841138502518584E-016  0.12098160456769808        4.1068731260803619E-016  -1.2835168600292036E-015   5.7064344182747085E-016  -6.0969772441714379E-002  -6.4999190789926675E-017   1.5432761892658841E-015   4.7853011008606599E-016   6.5205478327788940E-017
  -3.0316156215178485E-017  -2.9300909042741241E-003  -2.2009092343218985E-017  -6.5336897251592147E-017   1.4703962568741316E-018   7.1245900701905609E-003   4.2618462741098196E-018  -2.0146460765113106E-016  -3.5757157055161382E-016  0.12098160456769463        2.6850097395014071E-016   6.3991460735952363E-016   1.8058954193698494E-016  -6.0969772441715871E-002  -8.6302111765019898E-016   3.6148438353148652E-016   5.5980616646440028E-016
   1.5087953043979430E-016  -6.5421383774569308E-018  -2.9300909042739927E-003   5.2462163027941062E-016  -1.6946409504704399E-016   4.2618462741098196E-018   7.1245900701909885E-003   1.1355700898222754E-015  -1.4093116288500711E-015  -3.7289100843565564E-016  0.12098160456769835       -2.7771061356971547E-016   3.5100844163893248E-016   1.8354483988995552E-016  -6.0969772441717231E-002  -7.8121999119090338E-016  -3.7511871270560279E-016
  -8.5914431718126411E-016   4.3243548364660672E-016   1.8723037756472117E-016  0.53938468789218919        5.8841138502518584E-016  -2.0146460765113106E-016   1.1355700898222754E-015  0.88128353969534701       -7.9332539185963798E-016  -8.7077505950484258E-016   1.4285064995465441E-015 -0.37047692894279716       -5.1402600113858979E-016  -2.1706106800167036E-015  -4.5351140722087314E-015   7.4609444180037093E-002  -1.0193678591292755E-002
  -4.9132776517831073E-002   6.0348895206206028E-016   7.3069032497096192E-016  -2.9137534210279111E-017  0.12098160456769808       -3.5757157055161382E-016  -1.4093116288500711E-015  -7.9332539185963798E-016   2.1451383121346934       -8.9826149990423968E-017   1.2663583018584362E-015   3.5994891702741321E-016 -0.64563816966463983       -2.6825872252722598E-016  -4.3884522887361134E-016  -6.9888254843072705E-016   6.8645969604880455E-016
  -6.9378478182173644E-016  -4.9132776517834958E-002  -3.0159624526526084E-016   1.3142580077329159E-015   4.1068731260803619E-016  0.12098160456769463       -3.7289100843565564E-016  -8.7077505950484258E-016  -8.9826149990423968E-017   2.1451383121346979       -3.5491358116312973E-016   9.5605179828006855E-016   4.2622697905836331E-017 -0.64563816966463394        4.5491090278418326E-016  -1.1818854253063048E-015  -7.2412263638559113E-016
   1.7703185532775118E-015  -1.2925595720158550E-016  -4.9132776517830559E-002  -5.6567807498396651E-016  -1.2835168600292036E-015   2.6850097395014071E-016  0.12098160456769835        1.4285064995465441E-015   1.2663583018584362E-015  -3.5491358116312973E-016   2.1451383121346952       -2.4883480088136213E-015  -6.4965648285215602E-016   2.9952440267627657E-016 -0.64563816966463716        1.3535477888515229E-015   5.8556952153282030E-016
  -6.6391970681408239E-016  -5.6228655125745744E-016   5.8038794659580233E-016 -0.27443003507184438        5.7064344182747085E-016   6.3991460735952363E-016  -2.7771061356971547E-016 -0.37047692894279716        3.5994891702741321E-016   9.5605179828006855E-016  -2.4883480088136213E-015   2.4248837621764454       -8.4568088105893109E-017  -4.1956125221850438E-016   1.3863588113720353E-015 -0.81239511923003815       0.18819705284557842     
   2.7747889720705330E-002  -2.6484909727717211E-016  -8.6622221397654618E-018   5.1883419583650714E-016  -6.0969772441714379E-002   1.8058954193698494E-016   3.5100844163893248E-016  -5.1402600113858979E-016 -0.64563816966463983        4.2622697905836331E-017  -6.4965648285215602E-016  -8.4568088105893109E-017   2.1947201596233699        8.9937958339461647E-017   4.4893212072598918E-016  -2.1558477019797495E-016  -1.5326987065773999E-016
   1.9358800366643078E-016   2.7747889720705989E-002  -4.6436654333262003E-016   1.4824987669438027E-015  -6.4999190789926675E-017  -6.0969772441715871E-002   1.8354483988995552E-016  -2.1706106800167036E-015  -2.6825872252722598E-016 -0.64563816966463394        2.9952440267627657E-016  -4.1956125221850438E-016   8.9937958339461647E-017   2.1947201596233707        3.4282472693991670E-016   4.7641891234990162E-016   3.2495479341789573E-016
  -1.9553550314224720E-015   6.6379123928034405E-016   2.7747889720707058E-002   3.5937416035132264E-015   1.5432761892658841E-015  -8.6302111765019898E-016  -6.0969772441717231E-002  -4.5351140722087314E-015  -4.3884522887361134E-016   4.5491090278418326E-016 -0.64563816966463716        1.3863588113720353E-015   4.4893212072598918E-016   3.4282472693991670E-016   2.1947201596233734       -7.1181790435947875E-016   2.0746258717266498E-016
   2.4408617590296785E-016   3.3217130477994093E-017   1.9122296778212801E-015   9.8201337520840828E-002   4.7853011008606599E-016   3.6148438353148652E-016  -7.8121999119090338E-016   7.4609444180037093E-002  -6.9888254843072705E-016  -1.1818854253063048E-015   1.3535477888515229E-015 -0.81239511923003815       -2.1558477019797495E-016   4.7641891234990162E-016  -7.1181790435947875E-016   2.4129134347147367      -0.61412525288654973     
  -7.3693094117679366E-016  -3.6012669684302229E-016   3.9714938335718313E-017  -3.2435413406012650E-002   6.5205478327788940E-017   5.5980616646440028E-016  -3.7511871270560279E-016  -1.0193678591292755E-002   6.8645969604880455E-016  -7.2412263638559113E-016   5.8556952153282030E-016  0.18819705284557842       -1.5326987065773999E-016   3.2495479341789573E-016   2.0746258717266498E-016 -0.61412525288654973        2.1565820984408139     
