 5.3294759000412279E-004  1.2298828781479912E-011  8.2878549129920126E-012 -8.7109161523455342E-016 -1.3530809783882994E-003 -2.7258686871747549E-011 -1.1865223430509997E-011 -1.6137045710653828E-015  3.3160252770577771E-017  2.4323069479054385E-016 -3.5070196520006173E-016  1.9331167795203485E-016 -1.4598471864049084E-016 -2.3612629591125497E-016 -3.7062421197533585E-002 -4.3101093835833206E-010 -2.9279784499736117E-010  2.2652567988061492E-016  1.8952880795976698E-016  2.8770559071391424E-016 -7.1712154781180420E-016  3.2847517106050422E-016 -2.5678942487749748E-016 -4.9129205658083995E-016  2.1936143211504659E-002  2.3787080664421616E-010  1.5476010317011513E-010  2.8639420750249885E-016  7.9575512925987574E-016 -1.5565227433870709E-015  2.8086065220309718E-017 -6.7429744132373374E-016  3.3124386536643627E-016 -1.6834296524238067E-016 -9.9549927711781033E-003 -6.9306753112587835E-011 -4.4610127441016556E-011 -4.1761827298574863E-016  1.0430870120799825E-015
 1.2298828781479912E-011  5.3294756090859190E-004 -2.8236054942065822E-012 -7.0264152715492782E-016 -2.7258724995828863E-011 -1.3530809160351707E-003  7.2081218622318881E-012 -1.0395768866911845E-015  3.1183529291544533E-017 -1.9748329702656543E-016  2.6144490532568179E-016 -4.7315581300968086E-017 -6.3463450159578978E-016 -4.2681052866225168E-018 -4.3101158437211416E-010 -3.7062420177112712E-002  9.8607282948110389E-011  1.9252612957385906E-015  1.9875944025118137E-016 -3.9046086993318829E-016  5.0063288636380796E-016 -1.5771955747407350E-016 -1.3224326949014943E-015 -1.2056697616929002E-016  2.3787042506301364E-010  2.1936142650584925E-002 -5.5415068142276795E-011 -2.2331479564463303E-015  1.2126179471625487E-015  1.0245203396608816E-015  5.1472268259595188E-017 -6.8440304455104997E-016 -1.0159049645121830E-016 -5.2770566579764669E-016 -6.9307857136615794E-011 -9.9549926079023684E-003  1.6213959663254824E-011  2.2315601470443980E-015  7.3853961286750684E-017
 8.2878549129920126E-012 -2.8236054942065822E-012  5.3294760587645565E-004  6.4210891491976643E-016 -1.1865196433875902E-011  7.2082135702136620E-012 -1.3530810025026434E-003  8.4263145294859323E-016 -8.2786337439320424E-016 -9.0909155608574384E-016  1.3468063657175005E-015 -1.0009419741890401E-016  1.2933940927788175E-015  8.7927098628399922E-016 -2.9279672089654873E-010  9.8612055019074048E-011 -3.7062421757776701E-002 -2.8258394652562014E-015 -1.6226916430446332E-015 -1.6704641901243130E-015  2.5780656445289831E-015 -2.2742527185257746E-016  2.4522649883050586E-015  1.9110840722705716E-015  1.5475707087347912E-010 -5.5422345752411968E-011  2.1936143509063834E-002  5.1906330763211432E-015  6.2449679247343627E-016  1.4323191703495408E-015 -2.3876619027474048E-015 -1.7405633204939378E-015 -1.4901029190898410E-015  9.6620695637435498E-016 -4.4610971167147184E-011  1.6221743716810835E-011 -9.9549928570524943E-003  9.2715231056783201E-016 -1.3834494509470819E-015
-8.7109161523455342E-016 -7.0264152715492782E-016  6.4210891491976643E-016  3.3443733108489260E-001  5.4339561421408235E-016  6.7350630276010593E-016 -8.4182914851840195E-016  5.5340426891442784E-001  1.6619974702036799E-009 -5.5436051166202205E-009 -1.2267521956599303E-008  1.5443532841441510E-008  2.6607210358575717E-011 -1.7105522900906500E-008 -5.4281657093051579E-015  2.0026984944438628E-015 -1.9336185112674040E-015 -2.9706925225803810E-001  2.5844829366905575E-009 -9.6189951004355123E-009 -2.0529564992433080E-008  2.6282640314123640E-008  1.5665300610520627E-010 -2.8867106011132293E-008  1.6290965060538819E-015 -1.4782890597154590E-015 -4.4279258995410424E-015  1.3626983810386026E-001 -1.1210351952284370E-009  4.1707817755032295E-009  8.9026552518856050E-009 -1.1396813229258562E-008 -6.7769574023726631E-011  1.2517840833337068E-008  1.0590417390324874E-015 -1.1643793530744893E-015 -1.6298567901467506E-015 -5.8848031312666596E-002  1.7741016840136872E-002
-1.3530809783882994E-003 -2.7258724995828863E-011 -1.1865196433875902E-011  5.4339561421408235E-016  3.4374837363636678E-003  5.9077260770519218E-011  6.6904006206652822E-012  1.3214956012187553E-015  6.2383033540481873E-016  3.9701935527652884E-016  6.3214871447087950E-016  4.3291542292396267E-017 -5.2586069107898561E-016 -6.4317529847011451E-016  9.4397775788449101E-002  8.1115937683032459E-010  9.3320864924528735E-011  7.6420486974611289E-016  1.0638024033083367E-015  8.8921764381969775E-016  1.4440419860966032E-015  1.6657986014317353E-016 -9.6293070336293487E-016 -1.2989592755520250E-015 -5.5293173081589694E-002 -4.4914906775210488E-010 -4.0618550189996938E-011 -5.2773377631627557E-016 -6.5180954513962820E-016  1.3417183767892973E-016  1.2289319981132361E-015  1.1119072214896872E-015  7.5598416503428315E-016 -3.4063342103331810E-016  2.3087014137247550E-002  1.3107857949425041E-010  1.0978519308924017E-011  1.8547054010472966E-015 -1.9239973894031863E-015
-2.7258686871747549E-011 -1.3530809160351707E-003  7.2082135702136620E-012  6.7350630276010593E-016  5.9077260770519218E-011  3.4374836074670878E-003 -1.8401163687477757E-011  9.0218827241793292E-016 -7.1277577612807532E-016  3.1926078613585591E-016 -4.8822907492312098E-016  7.2716452086434281E-016 -5.0438945759623136E-016  3.7301002714179238E-017  8.1115830170139698E-010  9.4397774018159242E-002 -2.5244056908085331E-010 -4.1873096245197753E-016 -1.3624487820284260E-015  8.9313115068442496E-016 -8.9124320784588008E-016  1.3132084451175176E-015 -9.2117654467666992E-016  2.4401366526684978E-016 -4.4915046938840093E-010 -5.5293172104981296E-002  1.4138880052660313E-010  2.9874570100387165E-015  8.3969518380870959E-016 -7.4632242198255978E-017  1.9980227601019883E-016 -1.1041819353562742E-015 -5.7291722716175573E-016  2.6261827626490852E-016  1.3108037285026330E-010  2.3087013852523309E-002 -4.1387528493230499E-011 -2.2236228978189080E-015 -1.0978901744638076E-015
-1.1865223430509997E-011  7.2081218622318881E-012 -1.3530810025026434E-003 -8.4182914851840195E-016  6.6904006206652822E-012 -1.8401163687477757E-011  3.4374837562598350E-003 -1.1170171421708934E-015  1.0140489016376360E-015  1.2451040548824366E-015 -9.6950275833457182E-016  2.5954162322940858E-017 -7.9010757764538034E-016 -9.1124005503525122E-016  9.3319747762610206E-011 -2.5244738096276565E-010  9.4397776064112038E-002  1.1534953572416914E-015  2.1969981872039834E-015  2.3447170494418652E-015 -2.1367118709685575E-015 -1.1725600594773629E-016 -1.5860666503584769E-015 -2.2431575877525175E-015 -4.0615580343406066E-011  1.4139785946892474E-010 -5.5293173215408095E-002 -7.2702758912823863E-016  7.9167343999819309E-016 -1.5496297954005285E-015  1.6964621503797237E-015  2.0641660839387589E-015  8.7345355005026708E-016 -2.4735013988054277E-015  1.0981133103521445E-011 -4.1394891103932567E-011  2.3087014174811221E-002 -2.1083117466617972E-015 -2.8840677152975471E-017
-1.6137045710653828E-015 -1.0395768866911845E-015  8.4263145294859323E-016  5.5340426891442784E-001  1.3214956012187553E-015  9.0218827241793292E-016 -1.1170171421708934E-015  9.1825581329508510E-001 -1.0912509437743800E-009  4.5469882928306227E-009  9.3748137031113288E-009 -1.2199916049615567E-008 -1.2221017990990402E-010  1.3291179934427078E-008  2.0530955520105676E-015 -1.5460956145730062E-015  3.5138628044877391E-015 -4.3424327499936222E-001 -2.9896071521151590E-009  1.0146344570083343E-008  2.2320877091086544E-008 -2.8176114774680627E-008 -6.8000387438982290E-011  3.1165745095762531E-008  2.4391838504831635E-015  2.4905823495897260E-016 -3.1367248811920786E-016  1.4593149777927561E-001  1.2545635606764360E-009 -4.3309622832499173E-009 -9.4732213740122972E-009  1.1989945453150241E-008  3.6977091093931547E-011 -1.3244510987941993E-008 -1.6855290683045125E-015  6.2354866030371164E-016  8.6829660009670992E-015 -5.1609380801884583E-002  6.7622694412009347E-003
 3.3160252770577771E-017  3.1183529291544533E-017 -8.2786337439320424E-016  1.6619974702036799E-009  6.2383033540481873E-016 -7.1277577612807532E-016  1.0140489016376360E-015 -1.0912509437743800E-009  3.3557580640197765E-001  1.5021148474375634E-009 -3.4915589239292721E-009 -1.6778790635697693E-001  2.0167969986650651E-009 -1.6778790004499500E-001  6.1695832734560027E-016  1.0999604489911279E-015 -3.9109340523971145E-016 -5.6323893639353972E-010  6.3441351464779971E-001  7.7823544570448933E-010 -1.7453408406031823E-009 -3.1720675896240658E-001  1.0205564851865044E-009 -3.1720675568541934E-001 -1.0344111338585342E-015 -3.3151907244114684E-015  7.3156286869558652E-016  1.9378972645339720E-010 -3.0297569920545997E-001 -4.1963776507489281E-010  9.5628520206669787E-010  1.5148785048001065E-001 -5.5410194377161597E-010  1.5148784872544349E-001  2.0983225434112112E-016  8.7144171634066172E-016 -3.5341052696164639E-015 -9.5089294077643771E-011  2.0987786161774658E-011
 2.4323069479054385E-016 -1.9748329702656543E-016 -9.0909155608574384E-016 -5.5436051166202205E-009  3.9701935527652884E-016  3.1926078613585591E-016  1.2451040548824366E-015  4.5469882928306227E-009  1.5021148474375634E-009  3.3557580755165678E-001 -1.3588221277338608E-009  9.3187458097276910E-010 -6.0899248992729756E-009 -2.4339891803448754E-009 -2.5859242286786604E-016 -2.3400645076328954E-015  1.2408027316224142E-016 -2.0377108680968981E-010  7.4494578127665134E-010  6.3441351523089740E-001 -6.4719939130153392E-010  4.4410016636353689E-010 -3.0814163108064049E-009 -1.1890471662834301E-009 -2.0025986429556268E-015  1.5829984196891207E-015 -1.2171376595903080E-015  3.8107316434332628E-010 -4.0601058452771621E-010 -3.0297569951957903E-001  3.5364349122712913E-010 -2.4239484378019149E-010  1.6722695989459038E-009  6.4840557575940316E-010  2.7889834091229965E-016  8.9296410689811813E-016 -8.7007448241205191E-016 -6.5940392902918976E-011  2.7920192633562602E-011
-3.5070196520006173E-016  2.6144490532568179E-016  1.3468063657175005E-015 -1.2267521956599303E-008  6.3214871447087950E-016 -4.8822907492312098E-016 -9.6950275833457182E-016  9.3748137031113288E-009 -3.4915589239292721E-009 -1.3588221277338608E-009  3.3557580153568944E-001  6.1409577284399219E-009  2.5662448261245044E-009 -2.6493971461150068E-009 -3.5854415000424284E-016 -9.7686493377947121E-016  2.1612223737363786E-015  1.1246221315319715E-009 -1.7938188781596587E-009 -7.3121720484126129E-010  6.3441351217938791E-001  3.1683573403773480E-009  1.3146352990586752E-009 -1.3745411336918423E-009 -4.5238095014601864E-016  1.0543652996707402E-015 -2.6711751331685370E-015  6.5945731514416295E-011  9.7612986357104026E-010  3.8803106214291283E-010 -3.0297569787955658E-001 -1.6997549409647483E-009 -7.1346264085472150E-010  7.2362695002770039E-010  3.8664978287466310E-018 -7.7558576254053820E-016 -1.6543243541688495E-016  1.4394176996168628E-010 -1.2303014943620960E-011
 1.9331167795203485E-016 -4.7315581300968086E-017 -1.0009419741890401E-016  1.5443532841441510E-008  4.3291542292396267E-017  7.2716452086434281E-016  2.5954162322940858E-017 -1.2199916049615567E-008 -1.6778790635697693E-001  9.3187458097276910E-010  6.1409577284399219E-009  3.3557580411311311E-001 -9.4419117966856869E-010 -1.6778789775613590E-001  9.2666424853653915E-017  5.8296945782710905E-016  2.6205209475403420E-015 -5.0425841280343775E-010 -3.1720675888679500E-001  5.0125528727740232E-010  3.0607798517934270E-009  6.3441351348638575E-001 -4.9578733739980008E-010 -3.1720675459959391E-001  7.6935480717927311E-016  5.6554507694474772E-016 -4.0579330886623809E-015 -5.3273296884981391E-010  1.5148785044906110E-001 -2.6579301953821854E-010 -1.6557201304445712E-009 -3.0297569858555373E-001  2.6808602711890506E-010  1.5148784813648772E-001  1.2121616706630871E-015  7.2608839118201264E-016  1.3474345573660000E-015 -1.3512488003519785E-011 -2.7377181251175831E-011
-1.4598471864049084E-016 -6.3463450159578978E-016  1.2933940927788175E-015  2.6607210358575717E-011 -5.2586069107898561E-016 -5.0438945759623136E-016 -7.9010757764538034E-016 -1.2221017990990402E-010  2.0167969986650651E-009 -6.0899248992729756E-009  2.5662448261245044E-009 -9.4419117966856869E-010  3.3557579737946575E-001 -1.0726056176059429E-009  1.7924150378935933E-016 -1.0729358229280543E-015  1.7797031671935617E-016  2.3110464713801959E-010  1.0243967017427129E-009 -3.0936883479255536E-009  1.2870739105573514E-009 -4.6132636643061997E-010  6.3441351007378699E-001 -5.6306922882956578E-010  1.7643342453856813E-016  5.9293283610822763E-016 -1.8011411735191133E-015 -1.1537137347902848E-010 -5.5567439492527730E-010  1.6772939739591666E-009 -7.0218002527940027E-010  2.5398253942696125E-010 -3.0297569672123043E-001  3.0169181128997247E-010 -3.1756567910083784E-016  9.2805592272925568E-016 -2.6167381459463352E-015  4.2653933065694288E-011 -1.0955695911292560E-011
-2.3612629591125497E-016 -4.2681052866225168E-018  8.7927098628399922E-016 -1.7105522900906500E-008 -6.4317529847011451E-016  3.7301002714179238E-017 -9.1124005503525122E-016  1.3291179934427078E-008 -1.6778790004499500E-001 -2.4339891803448754E-009 -2.6493971461150068E-009 -1.6778789775613590E-001 -1.0726056176059429E-009  3.3557579780112490E-001 -1.2868657340016716E-016 -2.2750062908948189E-016  1.8559980683147751E-015  1.0675296757689523E-009 -3.1720675576099344E-001 -1.2794902429225097E-009 -1.3154358435851776E-009 -3.1720675452397884E-001 -5.2476871112427936E-010  6.3441351028500170E-001 -7.1379141721702184E-016  3.7689851735806379E-015  1.9805199745152167E-015  3.3893671896878530E-010  1.5148784875639690E-001  6.8543045197988484E-010  6.9943460051513640E-010  1.5148784810554169E-001  2.8601572217394622E-010 -3.0297569686192805E-001 -6.0983205291551080E-016 -1.3864739547986242E-015 -1.9965226695823304E-015  1.0860203014662062E-010  6.3892532757570120E-012
-3.7062421197533585E-002 -4.3101158437211416E-010 -2.9279672089654873E-010 -5.4281657093051579E-015  9.4397775788449101E-002  8.1115830170139698E-010  9.3319747762610206E-011  2.0530955520105676E-015  6.1695832734560027E-016 -2.5859242286786604E-016 -3.5854415000424284E-016  9.2666424853653915E-017  1.7924150378935933E-016 -1.2868657340016716E-016  2.6203322556203603E+000 -4.0938711652922249E-010  3.6743941222994060E-012  4.5999641249354009E-015 -1.6864794739452786E-015  2.1440807730673884E-015  1.1052024001965039E-015 -4.1564393220156866E-016  1.8990225524199120E-016  1.3240619637222356E-016 -1.4126028136433328E+000  2.0507299678306908E-010 -4.9272808055889024E-012 -6.0023239132812395E-015  5.2187239646550368E-016  1.5126417985525354E-016 -1.4388309461462790E-015  7.4247363187467681E-016 -9.3064178125516876E-016  1.9726906908330446E-015  3.8372671537110986E-001 -5.8813200547117847E-011  1.6624757126493242E-012  8.4317800661547787E-017 -9.2563385122191804E-016
-4.3101093835833206E-010 -3.7062420177112712E-002  9.8612055019074048E-011  2.0026984944438628E-015  8.1115937683032459E-010  9.4397774018159242E-002 -2.5244738096276565E-010 -1.5460956145730062E-015  1.0999604489911279E-015 -2.3400645076328954E-015 -9.7686493377947121E-016  5.8296945782710905E-016 -1.0729358229280543E-015 -2.2750062908948189E-016 -4.0938711652922249E-010  2.6203322564971474E+000  1.3482213883172792E-010 -3.8932874205919607E-015  9.2383630312572734E-016  2.9891248537106801E-015 -5.7738807312707821E-016  8.5171743959858855E-016  2.0195415076529741E-015  2.8862610445613605E-015  2.0507493274651202E-010 -1.4126028140815183E+000 -6.7984399037161109E-011 -1.0413815778821515E-015  8.1948106250520773E-018  5.7701832096939504E-016  1.1220552635507724E-015  2.5727168660619301E-016 -4.5025495431163199E-017 -1.3480542507849950E-016 -5.8813245976128551E-011  3.8372671549669135E-001  1.9531980816976062E-011  2.0222704309419436E-015 -9.9583919577806058E-016
-2.9279784499736117E-010  9.8607282948110389E-011 -3.7062421757776701E-002 -1.9336185112674040E-015  9.3320864924528735E-011 -2.5244056908085331E-010  9.4397776064112038E-002  3.5138628044877391E-015 -3.9109340523971145E-016  1.2408027316224142E-016  2.1612223737363786E-015  2.6205209475403420E-015  1.7797031671935617E-016  1.8559980683147751E-015  3.6743941222994060E-012  1.3482213883172792E-010  2.6203322555675008E+000  1.9857674046856172E-015  1.1432195823421652E-015  7.1887989183107985E-016 -6.0348558170906056E-015 -4.3684784395275676E-015 -2.9005119373623090E-015 -2.1965831057841010E-015 -4.9290016512770714E-012 -6.7985654547697300E-011 -1.4126028136221025E+000 -7.7152067717442543E-015  1.8220229186695769E-015 -2.0256699454124114E-015  2.4285677384417145E-015  5.8636283883641530E-015  1.9003965785185394E-015  2.6928094887562391E-015  1.6583262540947875E-012  1.9532426820874111E-011  3.8372671536544600E-001  2.3173059983587541E-015  1.3268604318869894E-015
 2.2652567988061492E-016  1.9252612957385906E-015 -2.8258394652562014E-015 -2.9706925225803810E-001  7.6420486974611289E-016 -4.1873096245197753E-016  1.1534953572416914E-015 -4.3424327499936222E-001 -5.6323893639353972E-010 -2.0377108680968981E-010  1.1246221315319715E-009 -5.0425841280343775E-010  2.3110464713801959E-010  1.0675296757689523E-009  4.5999641249354009E-015 -3.8932874205919607E-015  1.9857674046856172E-015  2.7378480835846739E+000  8.1076411209690669E-010 -9.4594988786500522E-010 -3.4237566670647368E-009  3.5403550369128567E-009 -1.8978586540860376E-010 -4.3514678249589878E-009 -6.0972590821638125E-016  1.6285166850111729E-015  2.8323418295915265E-015 -1.3432220017464631E+000 -2.9663692682757592E-010  3.9218626610160179E-010  1.3197299086886716E-009 -1.3999806730558007E-009  6.4116354153015420E-011  1.6966804072815478E-009 -3.7038173351095789E-016 -6.5138081858430931E-015 -7.1370718045356665E-015  5.0566226712924123E-001 -1.1587582501882167E-001
 1.8952880795976698E-016  1.9875944025118137E-016 -1.6226916430446332E-015  2.5844829366905575E-009  1.0638024033083367E-015 -1.3624487820284260E-015  2.1969981872039834E-015 -2.9896071521151590E-009  6.3441351464779971E-001  7.4494578127665134E-010 -1.7938188781596587E-009 -3.1720675888679500E-001  1.0243967017427129E-009 -3.1720675576099344E-001 -1.6864794739452786E-015  9.2383630312572734E-016  1.1432195823421652E-015  8.1076411209690669E-010  1.2189965108694034E+000 -2.5106482760828275E-009  5.8346197318037696E-009 -6.0949825015876680E-001 -3.3707837451173520E-009 -6.0949826071068780E-001 -5.1289630554012536E-016  1.9200510429665220E-015 -2.9953225405777667E-015 -5.3783504212756572E-010 -3.8234786218188244E-001  9.9676862770625707E-010 -2.3189031146675365E-009  1.9117392900124552E-001  1.3374145251010029E-009  1.9117393318063253E-001  1.8596484556347593E-016  4.7832457052330403E-015  3.9219763513571403E-015  1.6716244794628965E-010 -4.8330149561223723E-011
 2.8770559071391424E-016 -3.9046086993318829E-016 -1.6704641901243130E-015 -9.6189951004355123E-009  8.8921764381969775E-016  8.9313115068442496E-016  2.3447170494418652E-015  1.0146344570083343E-008  7.7823544570448933E-010  6.3441351523089740E-001 -7.3121720484126129E-010  5.0125528727740232E-010 -3.0936883479255536E-009 -1.2794902429225097E-009  2.1440807730673884E-015  2.9891248537106801E-015  7.1887989183107985E-016 -9.4594988786500522E-010 -2.5106482760828275E-009  1.2189965089475139E+000  2.2716191566685140E-009 -1.5579136869448007E-009  1.0178559586545080E-008  4.0685597668677076E-009  8.3055829753542552E-016 -2.6663520360980499E-015 -1.0558509826658913E-015  9.7860762895973785E-010  9.9483744853134937E-010 -3.8234786142127264E-001 -8.9615909831808338E-010  6.1440601217821467E-010 -4.0377992072950994E-009 -1.6092416565971490E-009 -4.4556713756746840E-016  1.4063799050941914E-015  1.0544355534770494E-015 -2.4034441103992776E-010  8.2231104737984229E-011
-7.1712154781180420E-016  5.0063288636380796E-016  2.5780656445289831E-015 -2.0529564992433080E-008  1.4440419860966032E-015 -8.9124320784588008E-016 -2.1367118709685575E-015  2.2320877091086544E-008 -1.7453408406031823E-009 -6.4719939130153392E-010  6.3441351217938791E-001  3.0607798517934270E-009  1.2870739105573514E-009 -1.3154358435851776E-009  1.1052024001965039E-015 -5.7738807312707821E-016 -6.0348558170906056E-015 -3.4237566670647368E-009  5.8346197318037696E-009  2.2716191566685140E-009  1.2189965190052041E+000 -1.0265862354641442E-008 -4.2887851343237360E-009  4.4312375435673346E-009  3.2596087518727688E-016 -7.4179491621993540E-016  6.7851074373031630E-015  2.7824013371091638E-009 -2.3217170998235392E-009 -9.0103154104514971E-010 -3.8234786539815868E-001  4.0656914362946495E-009  1.7042151607016970E-009 -1.7439705513044856E-009 -1.2919790109337091E-015  1.5481560790175690E-015 -3.1791459403105082E-015 -7.7186767394321620E-010  2.4172308599190728E-010
 3.2847517106050422E-016 -1.5771955747407350E-016 -2.2742527185257746E-016  2.6282640314123640E-008  1.6657986014317353E-016  1.3132084451175176E-015 -1.1725600594773629E-016 -2.8176114774680627E-008 -3.1720675896240658E-001  4.4410016636353689E-010  3.1683573403773480E-009  6.3441351348638575E-001 -4.6132636643061997E-010 -3.1720675452397884E-001 -4.1564393220156866E-016  8.5171743959858855E-016 -4.3684784395275676E-015  3.5403550369128567E-009 -6.0949825015876680E-001 -1.5579136869448007E-009 -1.0265862354641442E-008  1.2189965146967321E+000  1.5778509475546099E-009 -6.0949826453797162E-001 -2.5592592063909935E-016 -8.1281712962217131E-016  4.9249493414786928E-015 -3.1459130439559502E-009  1.9117392900563082E-001  6.1772559289963169E-010  4.0594550637651494E-009 -3.8234786369148505E-001 -6.2824847017403651E-010  1.9117393468584257E-001 -5.1043612935131236E-016  2.0356514495230701E-016 -1.3990982020550230E-015  8.3284928953375470E-010 -2.6973431561244654E-010
-2.5678942487749748E-016 -1.3224326949014943E-015  2.4522649883050586E-015  1.5665300610520627E-010 -9.6293070336293487E-016 -9.2117654467666992E-016 -1.5860666503584769E-015 -6.8000387438982290E-011  1.0205564851865044E-009 -3.0814163108064049E-009  1.3146352990586752E-009 -4.9578733739980008E-010  6.3441351007378699E-001 -5.2476871112427936E-010  1.8990225524199120E-016  2.0195415076529741E-015 -2.9005119373623090E-015 -1.8978586540860376E-010 -3.3707837451173520E-009  1.0178559586545080E-008 -4.2887851343237360E-009  1.5778509475546099E-009  1.2189965259490276E+000  1.7929346488379516E-009  1.0483337732759068E-016 -1.0027143677071240E-015  5.8759226278235160E-015  8.5396686033342717E-011  1.3376436620144393E-009 -4.0385110725406695E-009  1.7026187419579702E-009 -6.2625416592972105E-010 -3.8234786816713268E-001 -7.1138943217100015E-010  6.4401228226117006E-016 -4.8541081005428377E-016 -6.8709477120354656E-016 -3.3899829395434705E-011  8.3345686445078157E-012
-4.9129205658083995E-016 -1.2056697616929002E-016  1.9110840722705716E-015 -2.8867106011132293E-008 -1.2989592755520250E-015  2.4401366526684978E-016 -2.2431575877525175E-015  3.1165745095762531E-008 -3.1720675568541934E-001 -1.1890471662834301E-009 -1.3745411336918423E-009 -3.1720675459959391E-001 -5.6306922882956578E-010  6.3441351028500170E-001  1.3240619637222356E-016  2.8862610445613605E-015 -2.1965831057841010E-015 -4.3514678249589878E-009 -6.0949826071068780E-001  4.0685597668677076E-009  4.4312375435673346E-009 -6.0949826453797162E-001  1.7929346488379516E-009  1.2189965252487169E+000  1.4370800128843288E-015 -1.6130102952687743E-015 -9.2305222687237977E-016  3.6838054967569533E-009  1.9117393317625858E-001 -1.6144915335192245E-009 -1.7405489133315299E-009  1.9117393469024013E-001 -7.0916846527102617E-010 -3.8234786786648278E-001  6.2411559754157807E-016  3.0133330439287776E-015  4.9213113776582160E-015 -1.0000304993817988E-009  3.1807262119293300E-010
 2.1936143211504659E-002  2.3787042506301364E-010  1.5475707087347912E-010  1.6290965060538819E-015 -5.5293173081589694E-002 -4.4915046938840093E-010 -4.0615580343406066E-011  2.4391838504831635E-015 -1.0344111338585342E-015 -2.0025986429556268E-015 -4.5238095014601864E-016  7.6935480717927311E-016  1.7643342453856813E-016 -7.1379141721702184E-016 -1.4126028136433328E+000  2.0507493274651202E-010 -4.9290016512770714E-012 -6.0972590821638125E-016 -5.1289630554012536E-016  8.3055829753542552E-016  3.2596087518727688E-016 -2.5592592063909935E-016  1.0483337732759068E-016  1.4370800128843288E-015  3.1149867286872426E+000 -1.0161317876951520E-010  3.7799208207900368E-012  3.4525933770818222E-015 -4.0538455854741585E-016  5.6596017514341491E-016  1.3553180873128016E-015 -1.3525504484211245E-015  2.7393579160410658E-016 -3.1282599158549376E-015 -1.1188636705718178E+000  2.9082607479469326E-011 -1.1920325837522224E-012  6.9892535205819455E-017 -1.4453372277974287E-017
 2.3787080664421616E-010  2.1936142650584925E-002 -5.5422345752411968E-011 -1.4782890597154590E-015 -4.4914906775210488E-010 -5.5293172104981296E-002  1.4139785946892474E-010  2.4905823495897260E-016 -3.3151907244114684E-015  1.5829984196891207E-015  1.0543652996707402E-015  5.6554507694474772E-016  5.9293283610822763E-016  3.7689851735806379E-015  2.0507299678306908E-010 -1.4126028140815183E+000 -6.7985654547697300E-011  1.6285166850111729E-015  1.9200510429665220E-015 -2.6663520360980499E-015 -7.4179491621993540E-016 -8.1281712962217131E-016 -1.0027143677071240E-015 -1.6130102952687743E-015 -1.0161317876951520E-010  3.1149867289038942E+000  3.3880840636763542E-011 -5.3436549826057100E-015  3.2352622994353176E-015  6.1025568786759327E-017 -1.2164873996103467E-015  3.4979359919151225E-015 -4.7284606602657541E-018  2.2147015807550827E-015  2.9080519287873911E-011 -1.1188636706337989E+000 -9.7098843126287981E-012 -1.2343387463946914E-015  4.9899950143013778E-016
 1.5476010317011513E-010 -5.5415068142276795E-011  2.1936143509063834E-002 -4.4279258995410424E-015 -4.0618550189996938E-011  1.4138880052660313E-010 -5.5293173215408095E-002 -3.1367248811920786E-016  7.3156286869558652E-016 -1.2171376595903080E-015 -2.6711751331685370E-015 -4.0579330886623809E-015 -1.8011411735191133E-015  1.9805199745152167E-015 -4.9272808055889024E-012 -6.7984399037161109E-011 -1.4126028136221025E+000  2.8323418295915265E-015 -2.9953225405777667E-015 -1.0558509826658913E-015  6.7851074373031630E-015  4.9249493414786928E-015  5.8759226278235160E-015 -9.2305222687237977E-016  3.7799208207900368E-012  3.3880840636763542E-011  3.1149867286788924E+000  9.0474023560592223E-015 -3.5082914373975678E-015  3.5034072259128331E-015 -3.2596161820883848E-015 -1.1052697659215280E-014 -2.8136040820368707E-015 -2.2895699001106147E-015 -1.1885284423307492E-012 -9.7120321104621075E-012 -1.1188636705696113E+000  3.4992997460167539E-016 -2.0855100575776604E-015
 2.8639420750249885E-016 -2.2331479564463303E-015  5.1906330763211432E-015  1.3626983810386026E-001 -5.2773377631627557E-016  2.9874570100387165E-015 -7.2702758912823863E-016  1.4593149777927561E-001  1.9378972645339720E-010  3.8107316434332628E-010  6.5945731514416295E-011 -5.3273296884981391E-010 -1.1537137347902848E-010  3.3893671896878530E-010 -6.0023239132812395E-015 -1.0413815778821515E-015 -7.7152067717442543E-015 -1.3432220017464631E+000 -5.3783504212756572E-010  9.7860762895973785E-010  2.7824013371091638E-009 -3.1459130439559502E-009  8.5396686033342717E-011  3.6838054967569533E-009  3.4525933770818222E-015 -5.3436549826057100E-015  9.0474023560592223E-015  3.1306782796509949E+000  2.0568661270731203E-010 -4.1469941716720804E-010 -1.1235039183710160E-009  1.2951484468226582E-009 -2.8075833108029413E-011 -1.5013620000003947E-009 -1.9987673470644798E-015  8.6625312807966846E-016 -1.1297508567862790E-015 -1.3717987071622191E+000  3.2830888024193600E-001
 7.9575512925987574E-016  1.2126179471625487E-015  6.2449679247343627E-016 -1.1210351952284370E-009 -6.5180954513962820E-016  8.3969518380870959E-016  7.9167343999819309E-016  1.2545635606764360E-009 -3.0297569920545997E-001 -4.0601058452771621E-010  9.7612986357104026E-010  1.5148785044906110E-001 -5.5567439492527730E-010  1.5148784875639690E-001  5.2187239646550368E-016  8.1948106250520773E-018  1.8220229186695769E-015 -2.9663692682757592E-010 -3.8234786218188244E-001  9.9483744853134937E-010 -2.3217170998235392E-009  1.9117392900563082E-001  1.3376436620144393E-009  1.9117393317625858E-001 -4.0538455854741585E-016  3.2352622994353176E-015 -3.5082914373975678E-015  2.0568661270731203E-010  2.1215795125312900E+000 -3.8788382748788930E-010  9.0563704452373273E-010 -1.0607897554539973E+000 -5.2116790673654642E-010 -1.0607897570772260E+000  1.1098972287232543E-015 -2.6045668665594433E-015  1.1999313808379156E-017 -6.2220661132053601E-011  1.8318196840037132E-011
-1.5565227433870709E-015  1.0245203396608816E-015  1.4323191703495408E-015  4.1707817755032295E-009  1.3417183767892973E-016 -7.4632242198255978E-017 -1.5496297954005285E-015 -4.3309622832499173E-009 -4.1963776507489281E-010 -3.0297569951957903E-001  3.8803106214291283E-010 -2.6579301953821854E-010  1.6772939739591666E-009  6.8543045197988484E-010  1.5126417985525354E-016  5.7701832096939504E-016 -2.0256699454124114E-015  3.9218626610160179E-010  9.9676862770625707E-010 -3.8234786142127264E-001 -9.0103154104514971E-010  6.1772559289963169E-010 -4.0385110725406695E-009 -1.6144915335192245E-009  5.6596017514341491E-016  6.1025568786759327E-017  3.5034072259128331E-015 -4.1469941716720804E-010 -3.8788382748788930E-010  2.1215795122353995E+000  3.4931453736508633E-010 -2.3941687521400468E-010  1.5732634997826962E-009  6.2731539407501202E-010 -1.2056575479212312E-015  8.8628394963833159E-016 -1.3912260757461962E-015  1.0038847791243866E-010 -3.4629117498866102E-011
 2.8086065220309718E-017  5.1472268259595188E-017 -2.3876619027474048E-015  8.9026552518856050E-009  1.2289319981132361E-015  1.9980227601019883E-016  1.6964621503797237E-015 -9.4732213740122972E-009  9.5628520206669787E-010  3.5364349122712913E-010 -3.0297569787955658E-001 -1.6557201304445712E-009 -7.0218002527940027E-010  6.9943460051513640E-010 -1.4388309461462790E-015  1.1220552635507724E-015  2.4285677384417145E-015  1.3197299086886716E-009 -2.3189031146675365E-009 -8.9615909831808338E-010 -3.8234786539815868E-001  4.0594550637651494E-009  1.7026187419579702E-009 -1.7405489133315299E-009  1.3553180873128016E-015 -1.2164873996103467E-015 -3.2596161820883848E-015 -1.1235039183710160E-009  9.0563704452373273E-010  3.4931453736508633E-010  2.1215795137809357E+000 -1.5797384164684125E-009 -6.6422122196960892E-010  6.7410220461194825E-010  1.0447418364451275E-015  1.1038068577181619E-016 -1.4143864764859224E-016  3.0322864184861853E-010 -9.6666573183579185E-011
-6.7429744132373374E-016 -6.8440304455104997E-016 -1.7405633204939378E-015 -1.1396813229258562E-008  1.1119072214896872E-015 -1.1041819353562742E-015  2.0641660839387589E-015  1.1989945453150241E-008  1.5148785048001065E-001 -2.4239484378019149E-010 -1.6997549409647483E-009 -3.0297569858555373E-001  2.5398253942696125E-010  1.5148784810554169E-001  7.4247363187467681E-016  2.5727168660619301E-016  5.8636283883641530E-015 -1.3999806730558007E-009  1.9117392900124552E-001  6.1440601217821467E-010  4.0656914362946495E-009 -3.8234786369148505E-001 -6.2625416592972105E-010  1.9117393469024013E-001 -1.3525504484211245E-015  3.4979359919151225E-015 -1.1052697659215280E-014  1.2951484468226582E-009 -1.0607897554539973E+000 -2.3941687521400468E-010 -1.5797384164684125E-009  2.1215795131167523E+000  2.4475507189557211E-010 -1.0607897576627741E+000 -7.8048942973232558E-016 -7.6146989286101036E-017  4.5550326637296820E-015 -3.3481834492421481E-010  1.1009931334682310E-010
 3.3124386536643627E-016 -1.0159049645121830E-016 -1.4901029190898410E-015 -6.7769574023726631E-011  7.5598416503428315E-016 -5.7291722716175573E-016  8.7345355005026708E-016  3.6977091093931547E-011 -5.5410194377161597E-010  1.6722695989459038E-009 -7.1346264085472150E-010  2.6808602711890506E-010 -3.0297569672123043E-001  2.8601572217394622E-010 -9.3064178125516876E-016 -4.5025495431163199E-017  1.9003965785185394E-015  6.4116354153015420E-011  1.3374145251010029E-009 -4.0377992072950994E-009  1.7042151607016970E-009 -6.2824847017403651E-010 -3.8234786816713268E-001 -7.0916846527102617E-010  2.7393579160410658E-016 -4.7284606602657541E-018 -2.8136040820368707E-015 -2.8075833108029413E-011 -5.2116790673654642E-010  1.5732634997826962E-009 -6.6422122196960892E-010  2.4475507189557211E-010  2.1215795148638934E+000  2.7641452603373307E-010  5.7390851603532458E-016  3.4108909684562085E-016  7.7482021759124971E-016  1.1359097121027215E-011 -2.7598039955764597E-012
-1.6834296524238067E-016 -5.2770566579764669E-016  9.6620695637435498E-016  1.2517840833337068E-008 -3.4063342103331810E-016  2.6261827626490852E-016 -2.4735013988054277E-015 -1.3244510987941993E-008  1.5148784872544349E-001  6.4840557575940316E-010  7.2362695002770039E-010  1.5148784813648772E-001  3.0169181128997247E-010 -3.0297569686192805E-001  1.9726906908330446E-015 -1.3480542507849950E-016  2.6928094887562391E-015  1.6966804072815478E-009  1.9117393318063253E-001 -1.6092416565971490E-009 -1.7439705513044856E-009  1.9117393468584257E-001 -7.1138943217100015E-010 -3.8234786786648278E-001 -3.1282599158549376E-015  2.2147015807550827E-015 -2.2895699001106147E-015 -1.5013620000003947E-009 -1.0607897570772260E+000  6.2731539407501202E-010  6.7410220461194825E-010 -1.0607897576627741E+000  2.7641452603373307E-010  2.1215795147399512E+000  5.6037736667160289E-016  1.9312329923055082E-015 -2.0227774787335794E-015  3.9707565534230493E-010 -1.2843040259752359E-010
-9.9549927711781033E-003 -6.9307857136615794E-011 -4.4610971167147184E-011  1.0590417390324874E-015  2.3087014137247550E-002  1.3108037285026330E-010  1.0981133103521445E-011 -1.6855290683045125E-015  2.0983225434112112E-016  2.7889834091229965E-016  3.8664978287466310E-018  1.2121616706630871E-015 -3.1756567910083784E-016 -6.0983205291551080E-016  3.8372671537110986E-001 -5.8813245976128551E-011  1.6583262540947875E-012 -3.7038173351095789E-016  1.8596484556347593E-016 -4.4556713756746840E-016 -1.2919790109337091E-015 -5.1043612935131236E-016  6.4401228226117006E-016  6.2411559754157807E-016 -1.1188636705718178E+000  2.9080519287873911E-011 -1.1885284423307492E-012 -1.9987673470644798E-015  1.1098972287232543E-015 -1.2056575479212312E-015  1.0447418364451275E-015 -7.8048942973232558E-016  5.7390851603532458E-016  5.6037736667160289E-016  2.4095662584194297E+000 -8.3206531873184221E-012  3.6938160863364534E-013  4.2559298844237593E-016 -4.2533905798059551E-016
-6.9306753112587835E-011 -9.9549926079023684E-003  1.6221743716810835E-011 -1.1643793530744893E-015  1.3107857949425041E-010  2.3087013852523309E-002 -4.1394891103932567E-011  6.2354866030371164E-016  8.7144171634066172E-016  8.9296410689811813E-016 -7.7558576254053820E-016  7.2608839118201264E-016  9.2805592272925568E-016 -1.3864739547986242E-015 -5.8813200547117847E-011  3.8372671549669135E-001  1.9532426820874111E-011 -6.5138081858430931E-015  4.7832457052330403E-015  1.4063799050941914E-015  1.5481560790175690E-015  2.0356514495230701E-016 -4.8541081005428377E-016  3.0133330439287776E-015  2.9082607479469326E-011 -1.1188636706337989E+000 -9.7120321104621075E-012  8.6625312807966846E-016 -2.6045668665594433E-015  8.8628394963833159E-016  1.1038068577181619E-016 -7.6146989286101036E-017  3.4108909684562085E-016  1.9312329923055082E-015 -8.3206531873184221E-012  2.4095662584371977E+000  2.7820067727762686E-012  2.0058478836384662E-016 -1.5270136348778374E-016
-4.4610127441016556E-011  1.6213959663254824E-011 -9.9549928570524943E-003 -1.6298567901467506E-015  1.0978519308924017E-011 -4.1387528493230499E-011  2.3087014174811221E-002  8.6829660009670992E-015 -3.5341052696164639E-015 -8.7007448241205191E-016 -1.6543243541688495E-016  1.3474345573660000E-015 -2.6167381459463352E-015 -1.9965226695823304E-015  1.6624757126493242E-012  1.9531980816976062E-011  3.8372671536544600E-001 -7.1370718045356665E-015  3.9219763513571403E-015  1.0544355534770494E-015 -3.1791459403105082E-015 -1.3990982020550230E-015 -6.8709477120354656E-016  4.9213113776582160E-015 -1.1920325837522224E-012 -9.7098843126287981E-012 -1.1188636705696113E+000 -1.1297508567862790E-015  1.1999313808379156E-017 -1.3912260757461962E-015 -1.4143864764859224E-016  4.5550326637296820E-015  7.7482021759124971E-016 -2.0227774787335794E-015  3.6938160863364534E-013  2.7820067727762686E-012  2.4095662584187867E+000  1.5447655121595127E-015 -1.1674724147062189E-016
-4.1761827298574863E-016  2.2315601470443980E-015  9.2715231056783201E-016 -5.8848031312666596E-002  1.8547054010472966E-015 -2.2236228978189080E-015 -2.1083117466617972E-015 -5.1609380801884583E-002 -9.5089294077643771E-011 -6.5940392902918976E-011  1.4394176996168628E-010 -1.3512488003519785E-011  4.2653933065694288E-011  1.0860203014662062E-010  8.4317800661547787E-017  2.0222704309419436E-015  2.3173059983587541E-015  5.0566226712924123E-001  1.6716244794628965E-010 -2.4034441103992776E-010 -7.7186767394321620E-010  8.3284928953375470E-010 -3.3899829395434705E-011 -1.0000304993817988E-009  6.9892535205819455E-017 -1.2343387463946914E-015  3.4992997460167539E-016 -1.3717987071622191E+000 -6.2220661132053601E-011  1.0038847791243866E-010  3.0322864184861853E-010 -3.3481834492421481E-010  1.1359097121027215E-011  3.9707565534230493E-010  4.2559298844237593E-016  2.0058478836384662E-016  1.5447655121595127E-015  2.7786439577799089E+000 -7.6028249798985936E-001
 1.0430870120799825E-015  7.3853961286750684E-017 -1.3834494509470819E-015  1.7741016840136872E-002 -1.9239973894031863E-015 -1.0978901744638076E-015 -2.8840677152975471E-017  6.7622694412009347E-003  2.0987786161774658E-011  2.7920192633562602E-011 -1.2303014943620960E-011 -2.7377181251175831E-011 -1.0955695911292560E-011  6.3892532757570120E-012 -9.2563385122191804E-016 -9.9583919577806058E-016  1.3268604318869894E-015 -1.1587582501882167E-001 -4.8330149561223723E-011  8.2231104737984229E-011  2.4172308599190728E-010 -2.6973431561244654E-010  8.3345686445078157E-012  3.1807262119293300E-010 -1.4453372277974287E-017  4.9899950143013778E-016 -2.0855100575776604E-015  3.2830888024193600E-001  1.8318196840037132E-011 -3.4629117498866102E-011 -9.6666573183579185E-011  1.1009931334682310E-010 -2.7598039955764597E-012 -1.2843040259752359E-010 -4.2533905798059551E-016 -1.5270136348778374E-016 -1.1674724147062189E-016 -7.6028249798985936E-001  2.2089039661643164E+000
