   1.1232184365389954        2.9506073578332560E-002   3.2788894683062968E-009   1.0850733601263625E-010   2.6291157354821965E-009 -0.43386035919500504        6.0002168109105474E-009   1.9856315044220262E-010   4.8111444104824229E-009   5.3057731764007648E-009   1.7558246490096104E-010   4.2543340656429707E-009  -7.3963259517295902E-009  -2.4476581074866936E-010  -5.9306117028833107E-009   6.9993877455883603E-011   5.9190047278096300E-012   1.4341382876993430E-010  -8.4623635765050003E-011   4.7445467645860479E-012   1.4627816465989741E-011  0.11956428493769973       -8.0431823442774095E-002   3.2282126945642107E-009   1.0682936479234030E-010   2.5884879065150740E-009  -2.8776375138225691E-011  -2.4326628471806158E-012  -5.8936648619221082E-011   3.4772058128139181E-011  -1.9515216264044342E-012  -5.9973285915610479E-012   2.3004200367945361E-002  -8.7073084844255148E-010  -2.8815723353298653E-011  -6.9817868111952079E-010  -5.7557113192915222E-003
   2.9506073578332560E-002   8.4604349334283207E-004  -4.9126581601533319E-009  -1.6257258727371346E-010  -3.9391437817701256E-009   1.3340021832468768E-003  -1.2603496171416251E-008  -4.1708245575038428E-010  -1.0105931069716275E-008  -7.2608789153414036E-009  -2.4028129816415878E-010  -5.8220306411637025E-009   1.2109823950848404E-008   4.0074507902480843E-010   9.7100860627172607E-009  -1.2773801714680923E-010  -1.0801285792372863E-011  -2.6170893897561260E-010   1.5444970685611520E-010  -8.6609007835377136E-012  -2.6711646577683751E-011  -7.5228574769395356E-003   3.7660355803948286E-003  -5.3342881083250650E-009  -1.7652551617155365E-010  -4.2772212938424901E-009   5.2353013259705205E-011   4.4253348035414733E-012   1.0722262923484963E-010  -6.3273482167402472E-011   3.5483336406726510E-012   1.0920736444761444E-011  -1.5627236087483263E-003   1.4413339805737099E-009   4.7697562271056949E-011   1.1557125868056308E-009   3.1280699447324605E-004
   3.2788894683062968E-009  -4.9126581601533319E-009  0.11740871320563467       -3.4155885106939161E-010  -8.2759476311672297E-009  -9.2637019009557067E-009  0.30125060848567292       -3.2285276961411379E-010  -7.8226791883289120E-009  0.17478678932830549       -2.0410205691210399E-010  -4.9453638839796754E-009 -0.28556697269846415        3.5823032456842551E-010   8.6799410187461213E-009  -1.7935692812166268E-010  -5.2634692976206618E-012  -1.2752062388696940E-010   9.1231061764723762E-011  -1.4769688455676134E-013   8.8125197407332152E-011   1.5999487315223539E-009  -1.6029517369969194E-009  0.11214419041895039       -1.5825164776586595E-010  -3.8344201208463673E-009   8.0980692734981497E-011   2.3772311075371819E-012   5.7612574317727468E-011  -4.1215449092855984E-011   6.9020808299948644E-014  -3.9764919953491825E-011   3.6532998594420522E-010  -1.7187679518162750E-002   4.2732084481628424E-011   1.0354031872919092E-009  -1.3099176107775946E-010
   1.0850733601263625E-010  -1.6257258727371346E-010  -3.4155885106939161E-010  0.11740872351561805       -2.7387171520487971E-010  -3.0655627228808922E-010  -3.2284946337669731E-010  0.30125061823096899       -2.5886927215397652E-010  -2.0410156565306113E-010  0.17478679548912301       -1.6365191070263862E-010   3.5823701527847804E-010 -0.28556698351172338        2.8723371378799362E-010   2.8550327968379872E-012  -1.5343264041005636E-010  -1.5071665015096849E-013  -5.7728312326743419E-012  -1.2303028299375073E-010   2.9175613158849445E-012   5.2942735550255157E-011  -5.3043202677572764E-011  -1.5826384304856848E-010  0.11214419519577534       -1.2688195986047001E-010  -1.2910920405966654E-012   6.9248505854821515E-011   7.1789505939203831E-014   2.6102746266905288E-012   5.5528060808017066E-011  -1.3194022718242942E-012   1.2089086519426378E-011   4.2729283677249678E-011  -1.7187680808046141E-002   3.4272250169056422E-011  -4.3312010977078710E-012
   2.6291157354821965E-009  -3.9391437817701256E-009  -8.2759476311672297E-009  -2.7387171520487971E-010  0.11740871689098628       -7.4279536538871472E-009  -7.8226798859245248E-009  -2.5887594927698846E-010  0.30125061196916642       -4.9453556505732327E-009  -1.6365387497851147E-010  0.17478679153052604        8.6799336375887324E-009   2.8724639416955904E-010 -0.28556697656371560        6.9268230966092991E-011  -1.4760753914884410E-013  -1.5703450937957600E-010   7.3158058134939149E-011  -5.2014208759502148E-012  -1.4242581426770596E-010   1.2828957252609640E-009  -1.2853043611648542E-009  -3.8344157009743732E-009  -1.2689100029157829E-010  0.11214419212644540       -3.1243483203633211E-011   6.9923125601333426E-014   7.0919128688074217E-011  -3.3046453147315600E-011   2.3449758879144720E-012   6.4289437466694458E-011   2.9293524657871048E-010   1.0354010008738595E-009   3.4257736342069393E-011  -1.7187679979227221E-002  -1.0503605250271848E-010
 -0.43386035919500504        1.3340021832468768E-003  -9.2637019009557067E-009  -3.0655627228808922E-010  -7.4279536538871472E-009   2.6609257311800882       -3.1258456689493767E-009  -1.0344740213110284E-010  -2.5064055423714824E-009  -1.0071364629453973E-008  -3.3328528375792718E-010  -8.0755626385938603E-009   1.0918483333448902E-008   3.6132046640484421E-010   8.7548150708858285E-009  -1.0528895940248860E-010  -8.9030028733626497E-012  -2.1571777209379888E-010   1.2730503251739007E-010  -7.1382060978221416E-012  -2.2025841151472548E-011  -1.3340861587487662       0.68444162368592676       -4.6937558293095068E-009  -1.5532831256937398E-010  -3.7636159729282354E-009   4.3195056127763867E-011   3.6506878859743155E-012   8.8452700207084948E-011  -5.2186799161787904E-011   2.9276195445239534E-012   9.0185691027560877E-012 -0.23817385740458319        1.2618758117840029E-009   4.1759209603428802E-011   1.0118145134121443E-009   5.7684221382286037E-002
   6.0002168109105474E-009  -1.2603496171416251E-008  0.30125060848567292       -3.2284946337669731E-010  -7.8226798859245248E-009  -3.1258456689493767E-009  0.77778904431109774        5.9920610396540174E-010   1.4518624352928303E-008  0.44544585915753743        3.0026532348845854E-010   7.2753503196502328E-009 -0.74763319001123563       -4.1463997595684636E-010  -1.0046719143337313E-008  -1.8319955528683070E-010  -3.8018466454216228E-012  -9.2126758126493169E-011   7.3212051706767659E-011   1.7562033829852998E-012   1.0998580431413337E-010  -6.3229002385239454E-009   1.1930890965583726E-009  0.37302490064220312        1.7385768962786202E-010   4.2126320985926188E-009   6.4314213201764697E-011   1.2599011686095196E-012   3.0487968296617888E-011  -2.4719237108882881E-011  -7.0980700132099297E-013  -3.9594128718698933E-011  -9.1835069107087837E-010 -0.14232342477440529       -4.6169869467892138E-011  -1.1188053937973770E-009   1.6111132176251939E-010
   1.9856315044220262E-010  -4.1708245575038428E-010  -3.2285276961411379E-010  0.30125061823096899       -2.5887594927698846E-010  -1.0344740213110284E-010   5.9920610396540174E-010  0.77778902622404755        4.8045382512434335E-010   3.0026152152430207E-010  0.44544585009404475        2.4075926566319039E-010  -4.1464766314174036E-010 -0.74763317749522007       -3.3246250139169889E-010   4.3258617108424436E-012  -1.8101997688888710E-010   1.7593016491006319E-012  -7.9630546059242238E-012  -1.4514558592926213E-010   3.6365685240712229E-012  -2.0923368430516623E-010   3.9479313739282307E-011   1.7387541652674258E-010  0.37302489539419970        1.3939627310345185E-010  -1.5799315080731145E-012   6.4741085810734259E-011  -7.1452905318610014E-013   2.8852016355895173E-012   5.1909460977122948E-011  -1.3058210918051257E-012  -3.0392442467273202E-011  -4.6166165997157178E-011 -0.14232342338061557       -3.7039670867338925E-011   5.3269244537470226E-012
   4.8111444104824229E-009  -1.0105931069716275E-008  -7.8226791883289120E-009  -2.5886927215397652E-010  0.30125061196916642       -2.5064055423714824E-009   1.4518624352928303E-008   4.8045382512434335E-010  0.77778903784576070        7.2753725992931017E-009   2.4076537113422415E-010  0.44544585591775632       -1.0046722157513409E-008  -3.3248433821369455E-010 -0.74763318553732661        1.0461255771103082E-010   1.7524113572313183E-012  -1.3853203144753976E-010   5.8694840202502999E-011  -4.5753118042251441E-012  -1.6330618205865606E-010  -5.0699358071725826E-009   9.5666258137774417E-010   4.2126256192476334E-009   1.3940945739673787E-010  0.37302489876629313       -3.8371727402277106E-011  -7.1242849023985237E-013   4.7574620856348573E-011  -1.9826056374792226E-011   1.5791217215913832E-012   5.8196478501519288E-011  -7.3636338008367758E-010  -1.1188003529054446E-009  -3.7014608745503275E-011 -0.14232342427621156        1.2918535192562000E-010
   5.3057731764007648E-009  -7.2608789153414036E-009  0.17478678932830549       -2.0410156565306113E-010  -4.9453556505732327E-009  -1.0071364629453973E-008  0.44544585915753743        3.0026152152430207E-010   7.2753725992931017E-009  0.26223390881236275        1.4660840429617469E-010   3.5523619134616540E-009 -0.43222239071011193       -2.3586851358535705E-010  -5.7151570300765532E-009   4.8738250456314247E-010   1.2059206631743247E-011   2.9218394146881013E-010  -2.1944505962411436E-010  -2.3172513825248903E-012  -2.6793845844136955E-010   5.0847673531408918E-010  -1.4723935019483069E-009  0.11526950668496318        1.0735794552941803E-010   2.6011699077553551E-009  -1.9382913991157510E-010  -4.7951314528177193E-012  -1.1613650267203837E-010   8.7230052381777815E-011   9.2339064451226121E-013   1.0659954785112718E-010   2.3275548697387579E-010   3.1709707287819008E-002  -2.9479439185976630E-011  -7.1411733411513670E-010  -1.1254045449890183E-010
   1.7558246490096104E-010  -2.4028129816415878E-010  -2.0410205691210399E-010  0.17478679548912301       -1.6365387497851147E-010  -3.3328528375792718E-010   3.0026532348845854E-010  0.44544585009404475        2.4076537113422415E-010   1.4660840429617469E-010  0.26223390438692229        1.1756081602561860E-010  -2.3586715751744398E-010 -0.43222238359030307       -1.8913814406236479E-010  -9.7658669868795432E-012   4.5157252845772436E-010  -2.3180870975330229E-012   1.8631635457022912E-011   3.6208307990705786E-010  -8.8661162851262244E-012   1.6821083676280882E-011  -4.8722765541091326E-011   1.0734242966901496E-010  0.11526950344447337        8.6087544682946086E-011   3.8786953880660127E-012  -1.7963946057090797E-010   9.2766539105054170E-013  -7.4070814120992245E-012  -1.4403851235328845E-010   3.5280618369269481E-012   7.7053897162875461E-012  -2.9483135155350075E-011   3.1709708177442369E-002  -2.3615791047289148E-011  -3.7219295232856207E-012
   4.2543340656429707E-009  -5.8220306411637025E-009  -4.9453638839796754E-009  -1.6365191070263862E-010  0.17478679153052604       -8.0755626385938603E-009   7.2753503196502328E-009   2.4075926566319039E-010  0.44544585591775632        3.5523619134616540E-009   1.1756081602561860E-010  0.26223390723049039       -5.7151592202504779E-009  -1.8912125047214790E-010 -0.43222238816509495       -2.3648519046497813E-010  -2.3123615353431630E-012   3.9555953362677169E-010  -1.7595058776919813E-010   1.3078899934008990E-011   4.1243648124673692E-010   4.0771376400922659E-010  -1.1806094698303337E-009   2.6011777313147824E-009   8.6074479131868733E-011  0.11526950552663047        9.4105601987365598E-011   9.2730024872167843E-013  -1.5727894485999022E-010   6.9946658425892548E-011  -5.2101311388480023E-012  -1.6405297627226676E-010   1.8662758830007560E-010  -7.1412156043635528E-010  -2.3638292052067305E-011   3.1709707605833241E-002  -9.0238262669112441E-011
  -7.3963259517295902E-009   1.2109823950848404E-008 -0.28556697269846415        3.5823701527847804E-010   8.6799336375887324E-009   1.0918483333448902E-008 -0.74763319001123563       -4.1464766314174036E-010  -1.0046722157513409E-008 -0.43222239071011193       -2.3586715751744398E-010  -5.7151592202504779E-009   3.4852963514563622        3.1190668788898007E-010   7.5576304697009352E-009  -2.6495182532092184E-010  -6.7255172098562328E-012  -1.6297518548653465E-010   1.2146384414103309E-010   1.0540028976331935E-012   1.4349091625840161E-010   2.0999101320300476E-009   9.1375802522461019E-010  -1.8367991679239652       -1.3532721066120637E-010  -3.2789119107370012E-009   1.0736843610926610E-010   2.7334867082408996E-012   6.6213519681652044E-011  -4.9306968424201214E-011  -4.1676942253540261E-013  -5.8060769699042699E-011   1.5696108364456408E-010  0.44616193341510335        3.6535455856955351E-011   8.8514230546746451E-010   4.0546238738136414E-011
  -2.4476581074866936E-010   4.0074507902480843E-010   3.5823032456842551E-010 -0.28556698351172338        2.8724639416955904E-010   3.6132046640484421E-010  -4.1463997595684636E-010 -0.74763317749522007       -3.3248433821369455E-010  -2.3586851358535705E-010 -0.43222238359030307       -1.8912125047214790E-010   3.1190668788898007E-010   3.4852963420411305        2.5010209960602514E-010   5.1565880142237822E-012  -2.4284948505270803E-010   1.0529010361814861E-012  -9.9037060390578107E-012  -1.9472202789542455E-010   4.7484242543010311E-012   6.9493605827414579E-011   3.0237817685808108E-011  -1.3531703504748798E-010  -1.8367991638391190       -1.0850951209180622E-010  -2.0802065305301912E-012   9.8307487412560245E-011  -4.1860160900212085E-013   4.0020723483959190E-012   7.8824988229599220E-011  -1.9228224432125088E-012   5.1933576600272763E-012   3.6537085537362247E-011  0.44616193231240603        2.9282481979976012E-011   1.3415315290161805E-012
  -5.9306117028833107E-009   9.7100860627172607E-009   8.6799410187461213E-009   2.8723371378799362E-010 -0.28556697656371560        8.7548150708858285E-009  -1.0046719143337313E-008  -3.3246250139169889E-010 -0.74763318553732661       -5.7151570300765532E-009  -1.8913814406236479E-010 -0.43222238816509495        7.5576304697009352E-009   2.5010209960602514E-010   3.4852963480907784        1.2488147723861907E-010   1.0523946664202720E-012  -2.1740829408832918E-010   9.7390200677613044E-011  -7.1883984916131611E-012  -2.2227218569375445E-010   1.6837856823408235E-009   7.3268000038052996E-010  -3.2789150644411149E-009  -1.0850640578726750E-010  -1.8367991664638139       -5.0456265940952716E-011  -4.1898935499391846E-013   8.8199964027231440E-011  -3.9535903176436416E-011   2.9224414468038539E-012   8.9992283325970176E-011   1.2585898996057992E-010   8.8514529782931237E-010   2.9294001888231685E-011  0.44616193302093726        3.2510933829722127E-011
   6.9993877455883603E-011  -1.2773801714680923E-010  -1.7935692812166268E-010   2.8550327968379872E-012   6.9268230966092991E-011  -1.0528895940248860E-010  -1.8319955528683070E-010   4.3258617108424436E-012   1.0461255771103082E-010   4.8738250456314247E-010  -9.7658669868795432E-012  -2.3648519046497813E-010  -2.6495182532092184E-010   5.1565880142237822E-012   1.2488147723861907E-010   2.2715930565482130       -4.4577290254191779E-015   9.5174999355115374E-016  -1.1357965282741260        1.9190982193369402E-015  -1.1357965282741067       -2.6695441952147438E-011  -7.0903000328339854E-012   1.0226043660946573E-010  -1.9818251376471908E-012  -4.8003074075093091E-011 -0.78546094840018466        3.0993030485457814E-015  -2.0056977538116010E-016  0.39273047420011314       -2.0381030220965984E-016  0.39273047420010654       -2.5703016533281743E-012  -2.6767022169347005E-011   5.1862110418675427E-013   1.2552900922497848E-011  -1.7344583483243891E-013
   5.9190047278096300E-012  -1.0801285792372863E-011  -5.2634692976206618E-012  -1.5343264041005636E-010  -1.4760753914884410E-013  -8.9030028733626497E-012  -3.8018466454216228E-012  -1.8101997688888710E-010   1.7524113572313183E-012   1.2059206631743247E-011   4.5157252845772436E-010  -2.3123615353431630E-012  -6.7255172098562328E-012  -2.4284948505270803E-010   1.0523946664202720E-012  -4.4577290254191779E-015   2.2715930565482640        1.5544548832823193E-016  -2.0542103594330214E-015  -2.4467055051822437E-015   5.2494782162954096E-015  -2.2549259879695345E-012  -5.9824122786188526E-013   2.6056694385140724E-012   9.3589598678998609E-011  -3.9698922408834994E-013   3.0043688086598517E-015 -0.78546094840019920        6.7809729654251052E-016   2.5067525644014280E-015   1.0407107289369586E-015  -4.9449589968540045E-015  -2.1662521522745939E-013  -6.8144536119685625E-013  -2.4488474510188512E-011   1.0299378409269739E-013  -1.4943260353240684E-014
   1.4341382876993430E-010  -2.6170893897561260E-010  -1.2752062388696940E-010  -1.5071665015096849E-013  -1.5703450937957600E-010  -2.1571777209379888E-010  -9.2126758126493169E-011   1.7593016491006319E-012  -1.3853203144753976E-010   2.9218394146881013E-010  -2.3180870975330229E-012   3.9555953362677169E-010  -1.6297518548653465E-010   1.0529010361814861E-012  -2.1740829408832918E-010   9.5174999355115374E-016   1.5544548832823193E-016   2.2715930565482725        6.9614186019975316E-016  -1.7708598137580483E-015  -1.4597497893575552E-015  -5.4648000855273736E-011  -1.4485897225625821E-011   6.3123587606707854E-011  -3.9492315579762899E-013   8.4038094428541596E-011   4.2106638482443518E-016  -4.9588391177945363E-016 -0.78546094840021186       -3.5825201035008522E-016   6.8445886192754483E-016  -1.4699152043318457E-016  -5.2471195971337910E-012  -1.6537231588238451E-011   1.0166284757459810E-013  -2.2007139950734541E-011  -3.6231654009819918E-013
  -8.4623635765050003E-011   1.5444970685611520E-010   9.1231061764723762E-011  -5.7728312326743419E-012   7.3158058134939149E-011   1.2730503251739007E-010   7.3212051706767659E-011  -7.9630546059242238E-012   5.8694840202502999E-011  -2.1944505962411436E-010   1.8631635457022912E-011  -1.7595058776919813E-010   1.2146384414103309E-010  -9.9037060390578107E-012   9.7390200677613044E-011  -1.1357965282741260       -2.0542103594330214E-015   6.9614186019975316E-016   2.2715930565481997       -1.7194551702837801E-016  -1.1357965282741112        3.2237082448867329E-011   8.5422110915477752E-012  -4.6994956561648135E-011   3.8103710263171432E-012  -3.7682050132969529E-011  0.39273047420011048        1.6530322066660511E-015  -1.3224059205250827E-016 -0.78546094840019609       -1.0933151208750180E-016  0.39273047420009954        3.0904689380219110E-012   1.2307003015878460E-011  -9.9574212024142297E-013   9.8688706188907886E-012   2.1677940422026369E-013
   4.7445467645860479E-012  -8.6609007835377136E-012  -1.4769688455676134E-013  -1.2303028299375073E-010  -5.2014208759502148E-012  -7.1382060978221416E-012   1.7562033829852998E-012  -1.4514558592926213E-010  -4.5753118042251441E-012  -2.3172513825248903E-012   3.6208307990705786E-010   1.3078899934008990E-011   1.0540028976331935E-012  -1.9472202789542455E-010  -7.1883984916131611E-012   1.9190982193369402E-015  -2.4467055051822437E-015  -1.7708598137580483E-015  -1.7194551702837801E-016   2.2715930565483178       -1.8084557137211659E-015  -1.8084717223413321E-012  -4.7933181999391453E-013  -3.9446061424472431E-013   7.5042928680323642E-011   2.7769922020330968E-012  -1.1765110313781385E-015   9.9640719260900960E-016  -4.8588156390974692E-017  -7.9562738180750097E-016 -0.78546094840021585        2.0567476324672076E-015  -1.7366802517216469E-013   1.0299909391821720E-013  -1.9636038838613438E-011  -7.2837632172355877E-013  -1.1981808024549430E-014
   1.4627816465989741E-011  -2.6711646577683751E-011   8.8125197407332152E-011   2.9175613158849445E-012  -1.4242581426770596E-010  -2.2025841151472548E-011   1.0998580431413337E-010   3.6365685240712229E-012  -1.6330618205865606E-010  -2.6793845844136955E-010  -8.8661162851262244E-012   4.1243648124673692E-010   1.4349091625840161E-010   4.7484242543010311E-012  -2.2227218569375445E-010  -1.1357965282741067        5.2494782162954096E-015  -1.4597497893575552E-015  -1.1357965282741112       -1.8084557137211659E-015   2.2715930565482747       -5.6390210931325444E-012  -1.4468509750006323E-012  -5.5266690628646062E-011  -1.8292420629144663E-012   8.5685521978137465E-011  0.39273047420009050       -4.3190726242833922E-015   1.9730310307122235E-016  0.39273047420009161        3.0797358916686447E-016 -0.78546094840023106       -5.3335006075717365E-013   1.4459680858725566E-011   4.7758609057798707E-013  -2.2421591908464268E-011  -3.5309653729322590E-014
  0.11956428493769973       -7.5228574769395356E-003   1.5999487315223539E-009   5.2942735550255157E-011   1.2828957252609640E-009  -1.3340861587487662       -6.3229002385239454E-009  -2.0923368430516623E-010  -5.0699358071725826E-009   5.0847673531408918E-010   1.6821083676280882E-011   4.0771376400922659E-010   2.0999101320300476E-009   6.9493605827414579E-011   1.6837856823408235E-009  -2.6695441952147438E-011  -2.2549259879695345E-012  -5.4648000855273736E-011   3.2237082448867329E-011  -1.8084717223413321E-012  -5.6390210931325444E-012   3.4940148272080300       -2.0657854572067311       -9.8327725823828679E-010  -3.2540058196675451E-011  -7.8842791140246532E-010   1.0866306379474260E-011   9.2310067223733627E-013   2.2371718384103582E-011  -1.3251595196842252E-011   7.4020935233469169E-013   2.2548708299804784E-012  0.79008796890040611        2.6891691601131913E-010   8.8989619919161253E-012   2.1562735277787295E-010 -0.18699493608145124     
  -8.0431823442774095E-002   3.7660355803948286E-003  -1.6029517369969194E-009  -5.3043202677572764E-011  -1.2853043611648542E-009  0.68444162368592676        1.1930890965583726E-009   3.9479313739282307E-011   9.5666258137774417E-010  -1.4723935019483069E-009  -4.8722765541091326E-011  -1.1806094698303337E-009   9.1375802522461019E-010   3.0237817685808108E-011   7.3268000038052996E-010  -7.0903000328339854E-012  -5.9824122786188526E-013  -1.4485897225625821E-011   8.5422110915477752E-012  -4.7933181999391453E-013  -1.4468509750006323E-012  -2.0657854572067311        3.8258504334923389       -3.7184777487612244E-010  -1.2304907371828642E-011  -2.9815854062537547E-010   3.1804475318610702E-012   2.4580891574626867E-013   5.9473414781576332E-012  -3.3224920467819813E-012   1.9682195825375611E-013   6.3303655658885479E-013  -1.7699904937732795        9.8773173339056320E-011   3.2688551288489759E-012   7.9199118048759173E-011  0.43096963723704484     
   3.2282126945642107E-009  -5.3342881083250650E-009  0.11214419041895039       -1.5826384304856848E-010  -3.8344157009743732E-009  -4.6937558293095068E-009  0.37302490064220312        1.7387541652674258E-010   4.2126256192476334E-009  0.11526950668496318        1.0734242966901496E-010   2.6011777313147824E-009  -1.8367991679239652       -1.3531703504748798E-010  -3.2789150644411149E-009   1.0226043660946573E-010   2.6056694385140724E-012   6.3123587606707854E-011  -4.6994956561648135E-011  -3.9446061424472431E-013  -5.5266690628646062E-011  -9.8327725823828679E-010  -3.7184777487612244E-010   3.3286962639914655        5.8364312360962259E-011   1.4141143651948948E-009  -4.1546201667919237E-011  -1.0613434689718678E-012  -2.5719693151426891E-011   1.9131913856904607E-011   1.5740869083640562E-013   2.2414491910731911E-011  -8.0031978477755429E-011  -1.1367289612470368       -1.5727123834029672E-011  -3.8105707056695146E-010  -1.4917475557991802E-011
   1.0682936479234030E-010  -1.7652551617155365E-010  -1.5825164776586595E-010  0.11214419519577534       -1.2689100029157829E-010  -1.5532831256937398E-010   1.7385768962786202E-010  0.37302489539419970        1.3940945739673787E-010   1.0735794552941803E-010  0.11526950344447337        8.6074479131868733E-011  -1.3532721066120637E-010  -1.8367991638391190       -1.0850640578726750E-010  -1.9818251376471908E-012   9.3589598678998609E-011  -3.9492315579762899E-013   3.8103710263171432E-012   7.5042928680323642E-011  -1.8292420629144663E-012  -3.2540058196675451E-011  -1.2304907371828642E-011   5.8364312360962259E-011   3.3286962622297236        4.6798236781827003E-011   8.0075545453412178E-013  -3.7976975487978704E-011   1.5661268411466607E-013  -1.5430698632118264E-012  -3.0451137479480922E-011   7.4262995262074709E-013  -2.6481529763714209E-012  -1.5730361963111192E-011  -1.1367289607722997       -1.2607908642954609E-011  -4.9365988722096778E-013
   2.5884879065150740E-009  -4.2772212938424901E-009  -3.8344201208463673E-009  -1.2688195986047001E-010  0.11214419212644540       -3.7636159729282354E-009   4.2126320985926188E-009   1.3939627310345185E-010  0.37302489876629313        2.6011699077553551E-009   8.6087544682946086E-011  0.11526950552663047       -3.2789119107370012E-009  -1.0850951209180622E-010  -1.8367991664638139       -4.8003074075093091E-011  -3.9698922408834994E-013   8.4038094428541596E-011  -3.7682050132969529E-011   2.7769922020330968E-012   8.5685521978137465E-011  -7.8842791140246532E-010  -2.9815854062537547E-010   1.4141143651948948E-009   4.6798236781827003E-011   3.3286962633617785        1.9436114391061249E-011   1.5651034057548917E-013  -3.4184966523973516E-011   1.5339689311936517E-011  -1.1321124833283722E-012  -3.4776891343738862E-011  -6.4173269103187902E-011  -3.8105807968185662E-010  -1.2614363724605947E-011  -1.1367289610773412       -1.1961277429691574E-011
  -2.8776375138225691E-011   5.2353013259705205E-011   8.0980692734981497E-011  -1.2910920405966654E-012  -3.1243483203633211E-011   4.3195056127763867E-011   6.4314213201764697E-011  -1.5799315080731145E-012  -3.8371727402277106E-011  -1.9382913991157510E-010   3.8786953880660127E-012   9.4105601987365598E-011   1.0736843610926610E-010  -2.0802065305301912E-012  -5.0456265940952716E-011 -0.78546094840018466        3.0043688086598517E-015   4.2106638482443518E-016  0.39273047420011048       -1.1765110313781385E-015  0.39273047420009050        1.0866306379474260E-011   3.1804475318610702E-012  -4.1546201667919237E-011   8.0075545453412178E-013   1.9436114391061249E-011   2.2715930565481628       -2.0900882432169443E-015   1.4708055562956020E-016  -1.1357965282742115        2.1023464143005841E-016  -1.1357965282741365        1.0446290606314790E-012   1.0881535499987809E-011  -2.1014107320469583E-013  -5.0847527602483208E-012   6.9753843685471383E-014
  -2.4326628471806158E-012   4.4253348035414733E-012   2.3772311075371819E-012   6.9248505854821515E-011   6.9923125601333426E-014   3.6506878859743155E-012   1.2599011686095196E-012   6.4741085810734259E-011  -7.1242849023985237E-013  -4.7951314528177193E-012  -1.7963946057090797E-010   9.2730024872167843E-013   2.7334867082408996E-012   9.8307487412560245E-011  -4.1898935499391846E-013   3.0993030485457814E-015 -0.78546094840019920       -4.9588391177945363E-016   1.6530322066660511E-015   9.9640719260900960E-016  -4.3190726242833922E-015   9.2310067223733627E-013   2.4580891574626867E-013  -1.0613434689718678E-012  -3.7976975487978704E-011   1.5651034057548917E-013  -2.0900882432169443E-015   2.2715930565482605        6.9896079694663229E-016  -2.3032769968384474E-015  -6.4393276131642748E-017   3.8171731799589207E-015   8.8652764860286518E-014   2.7829851493237617E-013   9.9424628352049442E-012  -4.1488660667296787E-014   6.1570859829541215E-015
  -5.8936648619221082E-011   1.0722262923484963E-010   5.7612574317727468E-011   7.1789505939203831E-014   7.0919128688074217E-011   8.8452700207084948E-011   3.0487968296617888E-011  -7.1452905318610014E-013   4.7574620856348573E-011  -1.1613650267203837E-010   9.2766539105054170E-013  -1.5727894485999022E-010   6.6213519681652044E-011  -4.1860160900212085E-013   8.8199964027231440E-011  -2.0056977538116010E-016   6.7809729654251052E-016 -0.78546094840021186       -1.3224059205250827E-016  -4.8588156390974692E-017   1.9730310307122235E-016   2.2371718384103582E-011   5.9473414781576332E-012  -2.5719693151426891E-011   1.5661268411466607E-013  -3.4184966523973516E-011   1.4708055562956020E-016   6.9896079694663229E-016   2.2715930565483120        6.9293105604849693E-016  -6.7993536015035147E-016  -3.3898112618715705E-016   2.1462638204837954E-012   6.7414003440781976E-012  -4.1048171311604457E-014   8.9567719804811418E-012   1.4953902822371251E-013
   3.4772058128139181E-011  -6.3273482167402472E-011  -4.1215449092855984E-011   2.6102746266905288E-012  -3.3046453147315600E-011  -5.2186799161787904E-011  -2.4719237108882881E-011   2.8852016355895173E-012  -1.9826056374792226E-011   8.7230052381777815E-011  -7.4070814120992245E-012   6.9946658425892548E-011  -4.9306968424201214E-011   4.0020723483959190E-012  -3.9535903176436416E-011  0.39273047420011314        2.5067525644014280E-015  -3.5825201035008522E-016 -0.78546094840019609       -7.9562738180750097E-016  0.39273047420009161       -1.3251595196842252E-011  -3.3224920467819813E-012   1.9131913856904607E-011  -1.5430698632118264E-012   1.5339689311936517E-011  -1.1357965282742115       -2.3032769968384474E-015   6.9293105604849693E-016   2.2715930565482800        3.9127541627042436E-016  -1.1357965282741047       -1.2901131075901788E-012  -5.0150000466094803E-012   4.0426897871021546E-013  -4.0209706516062401E-012  -8.8088747742263445E-014
  -1.9515216264044342E-012   3.5483336406726510E-012   6.9020808299948644E-014   5.5528060808017066E-011   2.3449758879144720E-012   2.9276195445239534E-012  -7.0980700132099297E-013   5.1909460977122948E-011   1.5791217215913832E-012   9.2339064451226121E-013  -1.4403851235328845E-010  -5.2101311388480023E-012  -4.1676942253540261E-013   7.8824988229599220E-011   2.9224414468038539E-012  -2.0381030220965984E-016   1.0407107289369586E-015   6.8445886192754483E-016  -1.0933151208750180E-016 -0.78546094840021585        3.0797358916686447E-016   7.4020935233469169E-013   1.9682195825375611E-013   1.5740869083640562E-013  -3.0451137479480922E-011  -1.1321124833283722E-012   2.1023464143005841E-016  -6.4393276131642748E-017  -6.7993536015035147E-016   3.9127541627042436E-016   2.2715930565482814       -4.6557646746461062E-016   7.0983138609315918E-014  -4.0645670444847196E-014   7.9717121369289540E-012   2.9559015461285235E-013   4.9591830158474888E-015
  -5.9973285915610479E-012   1.0920736444761444E-011  -3.9764919953491825E-011  -1.3194022718242942E-012   6.4289437466694458E-011   9.0185691027560877E-012  -3.9594128718698933E-011  -1.3058210918051257E-012   5.8196478501519288E-011   1.0659954785112718E-010   3.5280618369269481E-012  -1.6405297627226676E-010  -5.8060769699042699E-011  -1.9228224432125088E-012   8.9992283325970176E-011  0.39273047420010654       -4.9449589968540045E-015  -1.4699152043318457E-016  0.39273047420009954        2.0567476324672076E-015 -0.78546094840023106        2.2548708299804784E-012   6.3303655658885479E-013   2.2414491910731911E-011   7.4262995262074709E-013  -3.4776891343738862E-011  -1.1357965282741365        3.8171731799589207E-015  -3.3898112618715705E-016  -1.1357965282741047       -4.6557646746461062E-016   2.2715930565484621        1.6079400411121197E-013  -5.8666725447481260E-012  -1.9464030107348340E-013   9.1058307223962093E-012   2.0247748470604408E-014
   2.3004200367945361E-002  -1.5627236087483263E-003   3.6532998594420522E-010   1.2089086519426378E-011   2.9293524657871048E-010 -0.23817385740458319       -9.1835069107087837E-010  -3.0392442467273202E-011  -7.3636338008367758E-010   2.3275548697387579E-010   7.7053897162875461E-012   1.8662758830007560E-010   1.5696108364456408E-010   5.1933576600272763E-012   1.2585898996057992E-010  -2.5703016533281743E-012  -2.1662521522745939E-013  -5.2471195971337910E-012   3.0904689380219110E-012  -1.7366802517216469E-013  -5.3335006075717365E-013  0.79008796890040611       -1.7699904937732795       -8.0031978477755429E-011  -2.6481529763714209E-012  -6.4173269103187902E-011   1.0446290606314790E-012   8.8652764860286518E-014   2.1462638204837954E-012  -1.2901131075901788E-012   7.0983138609315918E-014   1.6079400411121197E-013   3.0051516059029639        2.2230758480821745E-011   7.3538173827400380E-013   1.7826100044967411E-011 -0.81885956950911876     
  -8.7073084844255148E-010   1.4413339805737099E-009  -1.7187679518162750E-002   4.2729283677249678E-011   1.0354010008738595E-009   1.2618758117840029E-009 -0.14232342477440529       -4.6166165997157178E-011  -1.1188003529054446E-009   3.1709707287819008E-002  -2.9483135155350075E-011  -7.1412156043635528E-010  0.44616193341510335        3.6537085537362247E-011   8.8514529782931237E-010  -2.6767022169347005E-011  -6.8144536119685625E-013  -1.6537231588238451E-011   1.2307003015878460E-011   1.0299909391821720E-013   1.4459680858725566E-011   2.6891691601131913E-010   9.8773173339056320E-011  -1.1367289612470368       -1.5730361963111192E-011  -3.8105807968185662E-010   1.0881535499987809E-011   2.7829851493237617E-013   6.7414003440781976E-012  -5.0150000466094803E-012  -4.0645670444847196E-014  -5.8666725447481260E-012   2.2230758480821745E-011   2.4006063095143948        4.2395862281344046E-012   1.0263110801949673E-010   3.8670864857513966E-012
  -2.8815723353298653E-011   4.7697562271056949E-011   4.2732084481628424E-011  -1.7187680808046141E-002   3.4257736342069393E-011   4.1759209603428802E-011  -4.6169869467892138E-011 -0.14232342338061557       -3.7014608745503275E-011  -2.9479439185976630E-011   3.1709708177442369E-002  -2.3638292052067305E-011   3.6535455856955351E-011  0.44616193231240603        2.9294001888231685E-011   5.1862110418675427E-013  -2.4488474510188512E-011   1.0166284757459810E-013  -9.9574212024142297E-013  -1.9636038838613438E-011   4.7758609057798707E-013   8.8989619919161253E-012   3.2688551288489759E-012  -1.5727123834029672E-011  -1.1367289607722997       -1.2614363724605947E-011  -2.1014107320469583E-013   9.9424628352049442E-012  -4.1048171311604457E-014   4.0426897871021546E-013   7.9717121369289540E-012  -1.9464030107348340E-013   7.3538173827400380E-013   4.2395862281344046E-012   2.4006063093864762        3.3953307539896006E-012   1.2819593238268629E-013
  -6.9817868111952079E-010   1.1557125868056308E-009   1.0354031872919092E-009   3.4272250169056422E-011  -1.7187679979227221E-002   1.0118145134121443E-009  -1.1188053937973770E-009  -3.7039670867338925E-011 -0.14232342427621156       -7.1411733411513670E-010  -2.3615791047289148E-011   3.1709707605833241E-002   8.8514230546746451E-010   2.9282481979976012E-011  0.44616193302093726        1.2552900922497848E-011   1.0299378409269739E-013  -2.2007139950734541E-011   9.8688706188907886E-012  -7.2837632172355877E-013  -2.2421591908464268E-011   2.1562735277787295E-010   7.9199118048759173E-011  -3.8105707056695146E-010  -1.2607908642954609E-011  -1.1367289610773412       -5.0847527602483208E-012  -4.1488660667296787E-014   8.9567719804811418E-012  -4.0209706516062401E-012   2.9559015461285235E-013   9.1058307223962093E-012   1.7826100044967411E-011   1.0263110801949673E-010   3.3953307539896006E-012   2.4006063094686541        3.1005831046895299E-012
  -5.7557113192915222E-003   3.1280699447324605E-004  -1.3099176107775946E-010  -4.3312010977078710E-012  -1.0503605250271848E-010   5.7684221382286037E-002   1.6111132176251939E-010   5.3269244537470226E-012   1.2918535192562000E-010  -1.1254045449890183E-010  -3.7219295232856207E-012  -9.0238262669112441E-011   4.0546238738136414E-011   1.3415315290161805E-012   3.2510933829722127E-011  -1.7344583483243891E-013  -1.4943260353240684E-014  -3.6231654009819918E-013   2.1677940422026369E-013  -1.1981808024549430E-014  -3.5309653729322590E-014 -0.18699493608145124       0.43096963723704484       -1.4917475557991802E-011  -4.9365988722096778E-013  -1.1961277429691574E-011   6.9753843685471383E-014   6.1570859829541215E-015   1.4953902822371251E-013  -8.8088747742263445E-014   4.9591830158474888E-015   2.0247748470604408E-014 -0.81885956950911876        3.8670864857513966E-012   1.2819593238268629E-013   3.1005831046895299E-012   2.2240754562156475     
