  0.61781446138393581        1.6769053363651102E-018  -9.3334641135823497E-018   4.0253368168134185E-017  0.55794790029582531       -8.2308605937895671E-019  -9.8688737830200242E-018   3.3078032705358677E-017  -2.1305288649113237E-017
   1.6769053363651102E-018  0.61781446138393492       -1.6737371037744972E-017   8.4621370014514234E-018  -6.0818754623686524E-020  0.55794790029582542        3.6298185233004286E-017  -4.4871402824657899E-020  -6.1608700637111081E-019
  -9.3334641135823497E-018  -1.6737371037744972E-017  0.61781446138393514        5.4208707225861585E-018   4.8313894759750309E-018   6.1776936286413628E-018  0.55794790029582575       -1.7550059955890708E-017   6.0628954490904072E-018
   4.0253368168134185E-017   8.4621370014514234E-018   5.4208707225861585E-018   1.3115279687468762        2.4159040179172318E-016   8.4862258661789611E-018   5.4035754131314586E-017  0.42464206601409121      -0.46332914133680403     
  0.55794790029582531       -6.0818754623686524E-020   4.8313894759750309E-018   2.4159040179172318E-016  0.50388244190202236       -2.1659188549307168E-018   3.0629177776592979E-018   4.8761400977402726E-017  -5.5711467879932219E-016
  -8.2308605937895671E-019  0.55794790029582542        6.1776936286413628E-018   8.4862258661789611E-018  -2.1659188549307168E-018  0.50388244190202314        5.2016293290886584E-017   2.7992024289110377E-019  -3.9322554398732167E-019
  -9.8688737830200242E-018   3.6298185233004286E-017  0.55794790029582575        5.4035754131314586E-017   3.0629177776592979E-018   5.2016293290886584E-017  0.50388244190202369        7.0118162138910215E-019  -5.6206666825166274E-018
   3.3078032705358677E-017  -4.4871402824657899E-020  -1.7550059955890708E-017  0.42464206601409121        4.8761400977402726E-017   2.7992024289110377E-019   7.0118162138910215E-019  0.15730380563522015        4.3858541844320281E-002
  -2.1305288649113237E-017  -6.1608700637111081E-019   6.0628954490904072E-018 -0.46332914133680403       -5.5711467879932219E-016  -3.9322554398732167E-019  -5.6206666825166274E-018   4.3858541844320281E-002   2.0606130072297679     
