  0.54684000114031728        1.7541482804013052E-016  -4.3936396105634153E-016   6.8903671804882537E-016  0.55985736963118438       -1.7098637704338532E-016   8.6761367376620186E-016   2.8053285072069122E-016   1.3162464536079706E-015  -2.0570485067922281E-015   2.9899454436428404E-016  -1.9036664129354953E-015  -1.0478504867395771E-015  -1.0307679247972206E-017 -0.46905976482412154        1.0655461464096680E-015   1.0494659248304919E-016  -5.6376534951654545E-016  0.21731378060993498       -7.8027621994935729E-017  -8.5933574567696331E-016  -1.2679875379257520E-016   4.0608472761584005E-016  -8.1210013885717257E-016  -6.8114769501384890E-016  -5.6357822436745060E-016  -1.0837754770955110E-016   5.8737670200364945E-017  -6.7735318617272541E-002  -4.5941791769881450E-016   2.4469123233243302E-015   4.5616027134936290E-016   1.1502207446176269E-015
   1.7541482804013052E-016  0.54684000114031606        3.5738458829055229E-016  -1.7129456101455797E-016   8.9440617554514533E-017  0.55985736963118782        4.1052675847392174E-016  -1.3245607061598382E-016   1.8627020332730262E-015  -8.9806518084943447E-016  -7.0641667567194714E-016  -2.1546606708237034E-015   7.2988733535322835E-016   5.6510093509982865E-016  -7.5133231457497767E-017 -0.46905976482411710        5.0066052724544354E-015   1.4517943052640133E-015   5.2353635040915098E-016  0.21731378060993548       -3.7576722430637415E-015  -1.9664055843790658E-015  -2.7006940021320999E-015   9.8332636540671638E-016   3.2552296267665615E-016   1.3884167561386323E-015  -9.8114611538672482E-017   9.8207598965538819E-016   6.5351594681776642E-016  -6.7735318617269946E-002  -3.6301153331945032E-015  -5.9590846396040797E-016  -2.7555459691481935E-016
  -4.3936396105634153E-016   3.5738458829055229E-016  0.54684000114032727       -5.7071183032480699E-016  -1.0369076053535242E-016   8.3201082360893541E-017  0.55985736963118460        1.1195444560553685E-015  -2.8919907480630962E-016   7.1885956351331440E-016  -2.6128677310750320E-016  -1.3451219751274757E-015   6.6556303928422021E-016  -2.6558050546721480E-015   2.6777066258418026E-015   6.6199821340004031E-015 -0.46905976482412270        2.9751779634184139E-015  -8.8521202429205598E-016  -5.6656246519262176E-015  0.21731378060993192        4.4357208705316359E-017  -8.5248723084953859E-016  -2.0276310517811661E-016  -5.1318874898053187E-016  -1.1023362891979083E-015   2.8928283635814575E-016   8.8193045027137972E-016  -1.3287224608305999E-015  -1.5996118327886965E-015  -6.7735318617268489E-002   3.5558120331662251E-015  -4.8932159930687302E-016
   6.8903671804882537E-016  -1.7129456101455797E-016  -5.7071183032480699E-016  0.66219379361929132       -3.6727969066826166E-017   5.2790207420298876E-016  -1.0501700485027324E-015  0.63950755924178526        2.1779049215421546E-014  -1.3404869505129810E-015   3.4881891803806927E-016   3.3356181827619291E-014  -2.2890078054258071E-015   2.0649780857540657E-014  -3.0473284862364840E-016  -3.5783103930885130E-015   1.7758573025829189E-015 -0.56826372596224295        2.8506379797628077E-015   5.2132579822444213E-016  -3.5919077693701033E-015  0.29921561788668749        1.0079223181704361E-016   1.8816563355380814E-015  -1.7148450630689869E-016  -1.6764848249682435E-014   3.2906492929766838E-016  -2.6466036450334128E-015  -1.8470589324545284E-015  -5.7238343618094165E-016   5.8888833959603083E-016 -0.11079452826969476        3.5065363816764679E-002
  0.55985736963118438        8.9440617554514533E-017  -1.0369076053535242E-016  -3.6727969066826166E-017  0.57613977630631652       -3.0024021397971027E-016   9.8717375869576634E-016  -2.5937520756229310E-016  -1.7461216396156336E-015   3.1076085157506709E-015   2.4417775745791246E-016   3.2769214524933808E-015   6.1013488352030966E-016  -2.0264534482979910E-015 -0.40073920043991540       -6.6164728552027764E-016  -8.0712661342421482E-016   1.1087138899733504E-015  0.15186690533394487        8.2676060538878254E-016   8.4449070138874783E-016   9.7798422594506000E-017  -3.4900030324515327E-016   1.3352149784690732E-015   9.2978756759460899E-016  -3.5124088272770067E-017  -4.8842585881067907E-016   2.7107309096853164E-016  -2.1363323153241652E-002   6.4759607655901154E-016  -4.1020265226701829E-015   1.1520643270918023E-016  -1.7643617047908554E-015
  -1.7098637704338532E-016  0.55985736963118782        8.3201082360893541E-017   5.2790207420298876E-016  -3.0024021397971027E-016  0.57613977630632485       -3.6229425228247569E-016   6.8597258332111340E-016  -1.0486909574252818E-015   7.4991748112584545E-016   1.2315333498443231E-015   1.7177623719403254E-015  -9.8245427528412525E-016  -5.8498559000696956E-016   4.0885193457827346E-016 -0.40073920043991751       -3.9492607396536195E-015  -2.5439414006243899E-015  -1.1181832260670355E-015  0.15186690533394362        3.5719879117153191E-015   3.3009508052538467E-015   2.3284450949036764E-015  -7.9412140770470617E-016   3.8531633563569980E-016  -1.2137681806469499E-015  -1.0044663798130744E-016  -1.4486557133110724E-015  -5.5622345777894433E-017  -2.1363323153240431E-002   3.2422733329258913E-015   1.1389055102849031E-015   1.3576406228239686E-015
   8.6761367376620186E-016   4.1052675847392174E-016  0.55985736963118460       -1.0501700485027324E-015   9.8717375869576634E-016  -3.6229425228247569E-016  0.57613977630630631        4.9720352312811376E-016  -3.6176406319274207E-015  -3.3446540767780232E-016   3.8042315296520296E-016  -1.5875896883190189E-015   5.7240935157474828E-016   1.0792133272753425E-015  -5.1192667393268712E-015  -4.5719329877939209E-015 -0.40073920043990796        4.0724152979888142E-015   3.6242131239532889E-015   5.6577948166700784E-015  0.15186690533394692        2.5221227343075213E-016   4.3122661190031857E-016  -3.8090998082337299E-016  -8.3017752482173557E-017  -5.0538972654106814E-016  -4.3532123423810795E-016  -7.9419039176520104E-016   2.0076347475483254E-015   6.2223608919324186E-016  -2.1363323153244303E-002  -4.5932765081326434E-015   5.2291245171107461E-016
   2.8053285072069122E-016  -1.3245607061598382E-016   1.1195444560553685E-015  0.63950755924178526       -2.5937520756229310E-016   6.8597258332111340E-016   4.9720352312811376E-016  0.61874468912365888        1.2702678521378315E-014   2.0423665921004344E-015  -1.0357565076849064E-015   1.7521663716610802E-014   1.0556002384208617E-016   4.4544282485672924E-014   1.5884437334747380E-015   3.3746664346759777E-015  -4.6857803402044918E-015 -0.52411660281104011       -5.2453746591954544E-015  -1.2338956844269921E-015   2.2235068097247210E-015  0.23296778711473953       -1.4008434342185968E-014  -1.4189030174329601E-015   3.9383826677392959E-016   7.6887698609808781E-015   4.4049797151128802E-016  -9.8265672253121250E-015   3.9376855973643718E-015   3.0856097271224600E-015  -2.5743522849311373E-016  -7.0139076693108510E-002   9.3176019996176317E-003
   1.3162464536079706E-015   1.8627020332730262E-015  -2.8919907480630962E-016   2.1779049215421546E-014  -1.7461216396156336E-015  -1.0486909574252818E-015  -3.6176406319274207E-015   1.2702678521378315E-014   2.2417329664551731        1.8267722404204710E-015   1.3857797830258831E-015  -1.1208664832275272        5.5811475233034497E-015  -1.1208664832275532        9.7199728831900418E-016   9.1955241250257768E-016   5.9785698842779805E-015   1.3310667563475676E-014  -1.9800207659025977E-015  -5.1623694476991614E-016  -3.2655550851077512E-016  -5.0391387625383875E-014 -0.73613909010542466       -1.2643288109167396E-015   8.9717729773175709E-016  0.36806954505273570       -9.2319476173957778E-016  0.36806954505274520        2.0158208961968443E-015  -2.8668023145591079E-015  -1.4346018359800779E-016  -7.3635013955974308E-015  -6.1397661698806673E-016
  -2.0570485067922281E-015  -8.9806518084943447E-016   7.1885956351331440E-016  -1.3404869505129810E-015   3.1076085157506709E-015   7.4991748112584545E-016  -3.3446540767780232E-016   2.0423665921004344E-015   1.8267722404204710E-015   2.2417329664550536       -1.0149013248729434E-015   3.1504746728082072E-015   1.2592195081789908E-015  -9.7545669458533456E-016  -2.2373946528185848E-015   2.7337862358829551E-016  -1.0729659238898415E-015  -3.4483926443294737E-015   2.0166236687729881E-015  -9.7621049328271021E-016   1.2020609736954503E-015  -2.3482430008335699E-015   1.9367984321374357E-015 -0.73613909010544609        1.1411397271999368E-016  -3.0680753076994615E-015  -7.1780282455760930E-016   1.9886571773000750E-015  -1.2530052063899042E-015   7.4324655055133008E-016  -1.5109468540098735E-017   5.3314418759272099E-016   2.4475914518035299E-017
   2.9899454436428404E-016  -7.0641667567194714E-016  -2.6128677310750320E-016   3.4881891803806927E-016   2.4417775745791246E-016   1.2315333498443231E-015   3.8042315296520296E-016  -1.0357565076849064E-015   1.3857797830258831E-015  -1.0149013248729434E-015   2.2417329664550558        1.0318352075544341E-015   1.5171105474318119E-015   1.3836046024173615E-015  -2.0901156696897397E-016  -1.2635934344136408E-016   1.2911987514488231E-016  -3.5478645155735875E-015   2.5872108452631012E-016  -6.7928924054980655E-016   3.0988667217897398E-017   8.1705592273824555E-015  -1.6147581996571728E-015   1.3374040373423373E-015 -0.73613909010544487       -5.1736162554570618E-015   9.4283914985233935E-016  -5.4571181829030777E-015   5.2585853325325438E-016   4.7065514543773549E-016  -9.1850243293902613E-016   2.4887856746290996E-015  -1.6627261438877362E-016
  -1.9036664129354953E-015  -2.1546606708237034E-015  -1.3451219751274757E-015   3.3356181827619291E-014   3.2769214524933808E-015   1.7177623719403254E-015  -1.5875896883190189E-015   1.7521663716610802E-014  -1.1208664832275272        3.1504746728082072E-015   1.0318352075544341E-015   2.2417329664550896        8.2242155793879202E-016  -1.1208664832275612       -2.2164651994963020E-015  -1.5660856993792752E-016   4.5267046449008133E-015   6.0925694980437143E-014   1.2384538229605774E-015   1.9649503015140190E-015   1.1936033870882725E-016   1.5559444970564799E-014  0.36806954505270284       -1.2599242395910563E-015  -1.2422246391252657E-015 -0.73613909010546541        1.1377007734341054E-015  0.36806954505270684       -2.5785102301932286E-016  -5.6247259577377758E-015  -5.3493243256902568E-016   1.1571591846274633E-014  -2.3905482127471668E-015
  -1.0478504867395771E-015   7.2988733535322835E-016   6.6556303928422021E-016  -2.2890078054258071E-015   6.1013488352030966E-016  -9.8245427528412525E-016   5.7240935157474828E-016   1.0556002384208617E-016   5.5811475233034497E-015   1.2592195081789908E-015   1.5171105474318119E-015   8.2242155793879202E-016   2.2417329664550554        4.7986246053121537E-015  -1.0279715001823231E-015   6.4263068952686837E-016   1.2592214248778355E-015  -6.8506727584418775E-015  -5.9501291920296141E-017  -9.2324154592069170E-016  -1.3833629063706799E-015   6.8948336005871699E-015  -3.4312186609781000E-015   4.3429073271619566E-017  -1.3895338330481566E-015  -1.9670951065947530E-015 -0.73613909010544443       -4.6973940037199593E-015  -2.3077150826649549E-016   5.8424324818201395E-016   1.7055908284438474E-016   1.3001607674281380E-015  -3.6887965903258324E-017
  -1.0307679247972206E-017   5.6510093509982865E-016  -2.6558050546721480E-015   2.0649780857540657E-014  -2.0264534482979910E-015  -5.8498559000696956E-016   1.0792133272753425E-015   4.4544282485672924E-014  -1.1208664832275532       -9.7545669458533456E-016   1.3836046024173615E-015  -1.1208664832275612        4.7986246053121537E-015   2.2417329664550207        4.9981507559484885E-015  -9.9496110003820128E-016   4.5445210245323188E-015   1.1294963604263330E-013  -2.7836181290014244E-015   2.5758789888447011E-015  -1.3369937564385683E-015  -2.0221345263660203E-014  0.36806954505272460        9.7658155433918887E-016  -2.7127077168766144E-016  0.36806954505271722       -3.0586630775895765E-015 -0.73613909010544232       -2.1085262629766545E-016  -4.7376894086249405E-015   4.2650422139200942E-016   5.0395258319754584E-015  -1.2594348919560021E-015
 -0.46905976482412154       -7.5133231457497767E-017   2.6777066258418026E-015  -3.0473284862364840E-016 -0.40073920043991540        4.0885193457827346E-016  -5.1192667393268712E-015   1.5884437334747380E-015   9.7199728831900418E-016  -2.2373946528185848E-015  -2.0901156696897397E-016  -2.2164651994963020E-015  -1.0279715001823231E-015   4.9981507559484885E-015   3.1035477933001117        1.9912974772540590E-016   3.6399682367629994E-015  -2.3294248092315704E-015  -1.7320810865848766       -4.0965820067917154E-016  -2.8855078026584607E-015   3.0863745130362101E-015  -4.1982501174453872E-017  -1.0404427793153164E-015  -1.4972461280169894E-015  -1.9667202867460314E-016   1.4877502797296305E-015   1.0809322140335649E-016  0.45371014327637377       -6.5095858693879547E-016   3.2031595574389566E-015  -1.1466859436244045E-015  -1.3743075603895932E-015
   1.0655461464096680E-015 -0.46905976482411710        6.6199821340004031E-015  -3.5783103930885130E-015  -6.6164728552027764E-016 -0.40073920043991751       -4.5719329877939209E-015   3.3746664346759777E-015   9.1955241250257768E-016   2.7337862358829551E-016  -1.2635934344136408E-016  -1.5660856993792752E-016   6.4263068952686837E-016  -9.9496110003820128E-016   1.9912974772540590E-016   3.1035477933001232        1.8241817482115877E-015   1.8642770377969183E-015   1.2083699931690702E-015  -1.7320810865848768       -2.4644697986438491E-015  -1.1792671625936994E-015   1.5005623424616161E-016  -4.3556990365768514E-016  -1.0936401566809071E-015  -5.8735904840851949E-016   1.7453537609816396E-016  -2.5515668246803042E-016  -6.0926488356862448E-016  0.45371014327637310        1.2010740472352795E-015   1.0712879496339189E-015  -4.8601149536866242E-016
   1.0494659248304919E-016   5.0066052724544354E-015 -0.46905976482412270        1.7758573025829189E-015  -8.0712661342421482E-016  -3.9492607396536195E-015 -0.40073920043990796       -4.6857803402044918E-015   5.9785698842779805E-015  -1.0729659238898415E-015   1.2911987514488231E-016   4.5267046449008133E-015   1.2592214248778355E-015   4.5445210245323188E-015   3.6399682367629994E-015   1.8241817482115877E-015   3.1035477933001192       -1.2735775877562489E-014  -3.8876319178664027E-015  -2.5826287202805242E-015  -1.7320810865848724       -2.0662903792204621E-015   1.1001867556719417E-015   1.0403226668736330E-015   7.9252537536546144E-016   4.5604668342988284E-015   5.0377052607855933E-016   3.0689111678410973E-015  -1.8100489865988752E-015   2.2544499178181541E-015  0.45371014327637216       -2.7463768608691717E-015  -5.0122214692644097E-017
  -5.6376534951654545E-016   1.4517943052640133E-015   2.9751779634184139E-015 -0.56826372596224295        1.1087138899733504E-015  -2.5439414006243899E-015   4.0724152979888142E-015 -0.52411660281104011        1.3310667563475676E-014  -3.4483926443294737E-015  -3.5478645155735875E-015   6.0925694980437143E-014  -6.8506727584418775E-015   1.1294963604263330E-013  -2.3294248092315704E-015   1.8642770377969183E-015  -1.2735775877562489E-014   3.1007757064585841        2.7911538066551104E-015  -3.5048108086046685E-015   3.4228680561526148E-015  -1.6635510490927468        1.0571179299340642E-014   1.8550237636268348E-017   3.3930666409105577E-016   1.7504290915236380E-014   1.6665573633846983E-015   4.9985655265637845E-015  -2.1820282358960600E-015   9.2534257254658233E-015  -5.6220717193301868E-016  0.61905501557838694      -0.14636563961982635     
  0.21731378060993498        5.2353635040915098E-016  -8.8521202429205598E-016   2.8506379797628077E-015  0.15186690533394487       -1.1181832260670355E-015   3.6242131239532889E-015  -5.2453746591954544E-015  -1.9800207659025977E-015   2.0166236687729881E-015   2.5872108452631012E-016   1.2384538229605774E-015  -5.9501291920296141E-017  -2.7836181290014244E-015  -1.7320810865848766        1.2083699931690702E-015  -3.8876319178664027E-015   2.7911538066551104E-015   3.3410041065893203       -3.0894369095592355E-017   2.1432766890742124E-015  -3.2308855957514341E-015   1.7032376623488938E-017   1.7908407618900587E-016   1.5411712621290193E-015   6.9463474613400416E-016  -9.2970194051278616E-016  -3.7046894315060117E-016  -1.1873416109301267        2.2075246287295592E-016  -2.6745411534271652E-015   9.8724674647529435E-016  -3.7111521759927916E-016
  -7.8027621994935729E-017  0.21731378060993548       -5.6656246519262176E-015   5.2132579822444213E-016   8.2676060538878254E-016  0.15186690533394362        5.6577948166700784E-015  -1.2338956844269921E-015  -5.1623694476991614E-016  -9.7621049328271021E-016  -6.7928924054980655E-016   1.9649503015140190E-015  -9.2324154592069170E-016   2.5758789888447011E-015  -4.0965820067917154E-016  -1.7320810865848768       -2.5826287202805242E-015  -3.5048108086046685E-015  -3.0894369095592355E-017   3.3410041065893217        1.7701493884728277E-015   3.1927003201841031E-015  -1.3475545099615783E-015   1.3700344839813442E-015   1.9668094222670303E-015  -2.9894463033904353E-016  -1.9890203259028566E-016   6.8809965398426008E-016   8.0559764380630250E-017  -1.1873416109301203        1.2746594782329113E-015  -1.9170154515837682E-015  -1.1075950535300340E-015
  -8.5933574567696331E-016  -3.7576722430637415E-015  0.21731378060993192       -3.5919077693701033E-015   8.4449070138874783E-016   3.5719879117153191E-015  0.15186690533394692        2.2235068097247210E-015  -3.2655550851077512E-016   1.2020609736954503E-015   3.0988667217897398E-017   1.1936033870882725E-016  -1.3833629063706799E-015  -1.3369937564385683E-015  -2.8855078026584607E-015  -2.4644697986438491E-015  -1.7320810865848724        3.4228680561526148E-015   2.1432766890742124E-015   1.7701493884728277E-015   3.3410041065893239       -7.6587894988869086E-016  -1.7887937439914757E-016  -1.7674370548989001E-015  -1.0087431035910383E-015  -2.1864713677360047E-015   4.4071633003628120E-016  -2.4033453052746817E-015   1.1309083456439811E-015   1.7002734161157433E-015  -1.1873416109301211        3.2456600097170675E-015  -1.6149884020282647E-016
  -1.2679875379257520E-016  -1.9664055843790658E-015   4.4357208705316359E-017  0.29921561788668749        9.7798422594506000E-017   3.3009508052538467E-015   2.5221227343075213E-016  0.23296778711473953       -5.0391387625383875E-014  -2.3482430008335699E-015   8.1705592273824555E-015   1.5559444970564799E-014   6.8948336005871699E-015  -2.0221345263660203E-014   3.0863745130362101E-015  -1.1792671625936994E-015  -2.0662903792204621E-015  -1.6635510490927468       -3.2308855957514341E-015   3.1927003201841031E-015  -7.6587894988869086E-016   3.3850579021390597        1.7057096541590526E-013  -1.5644005172784853E-015  -4.1356595213253352E-015  -1.7615099270957694E-013  -2.2093946687879974E-015  -1.5265222236914472E-013   1.8573445665058076E-015  -2.9154026310329395E-015   9.6310943448128519E-016  -1.4950753829211256       0.36178598202011569     
   4.0608472761584005E-016  -2.7006940021320999E-015  -8.5248723084953859E-016   1.0079223181704361E-016  -3.4900030324515327E-016   2.3284450949036764E-015   4.3122661190031857E-016  -1.4008434342185968E-014 -0.73613909010542466        1.9367984321374357E-015  -1.6147581996571728E-015  0.36806954505270284       -3.4312186609781000E-015  0.36806954505272460       -4.1982501174453872E-017   1.5005623424616161E-016   1.1001867556719417E-015   1.0571179299340642E-014   1.7032376623488938E-017  -1.3475545099615783E-015  -1.7887937439914757E-016   1.7057096541590526E-013   2.2417329664547627        6.8256286582002463E-016   4.5593242451857185E-016  -1.1208664832275541        1.5987662176130121E-015  -1.1208664832275717       -6.0406542042293090E-017   6.7089058236953763E-016   1.2758491127685282E-015   7.8990342849265008E-014  -7.6681911905585272E-015
  -8.1210013885717257E-016   9.8332636540671638E-016  -2.0276310517811661E-016   1.8816563355380814E-015   1.3352149784690732E-015  -7.9412140770470617E-016  -3.8090998082337299E-016  -1.4189030174329601E-015  -1.2643288109167396E-015 -0.73613909010544609        1.3374040373423373E-015  -1.2599242395910563E-015   4.3429073271619566E-017   9.7658155433918887E-016  -1.0404427793153164E-015  -4.3556990365768514E-016   1.0403226668736330E-015   1.8550237636268348E-017   1.7908407618900587E-016   1.3700344839813442E-015  -1.7674370548989001E-015  -1.5644005172784853E-015   6.8256286582002463E-016   2.2417329664550563       -1.3943742028252413E-015   3.1696989325792220E-016  -4.5848453478864876E-016   1.2213283363165017E-015   6.5225473200898362E-016  -1.1519924655053441E-015   5.5954900456141520E-016   4.0753863169160864E-016   5.8246373565999931E-016
  -6.8114769501384890E-016   3.2552296267665615E-016  -5.1318874898053187E-016  -1.7148450630689869E-016   9.2978756759460899E-016   3.8531633563569980E-016  -8.3017752482173557E-017   3.9383826677392959E-016   8.9717729773175709E-016   1.1411397271999368E-016 -0.73613909010544487       -1.2422246391252657E-015  -1.3895338330481566E-015  -2.7127077168766144E-016  -1.4972461280169894E-015  -1.0936401566809071E-015   7.9252537536546144E-016   3.3930666409105577E-016   1.5411712621290193E-015   1.9668094222670303E-015  -1.0087431035910383E-015  -4.1356595213253352E-015   4.5593242451857185E-016  -1.3943742028252413E-015   2.2417329664550594        3.5373586655326750E-015   1.2032429123432029E-015   1.9474574947456191E-015  -9.5425141027029591E-016  -1.3946697613605583E-015   3.0120281938064196E-016  -8.4275631674335705E-016   2.9195105210882133E-016
  -5.6357822436745060E-016   1.3884167561386323E-015  -1.1023362891979083E-015  -1.6764848249682435E-014  -3.5124088272770067E-017  -1.2137681806469499E-015  -5.0538972654106814E-016   7.6887698609808781E-015  0.36806954505273570       -3.0680753076994615E-015  -5.1736162554570618E-015 -0.73613909010546541       -1.9670951065947530E-015  0.36806954505271722       -1.9667202867460314E-016  -5.8735904840851949E-016   4.5604668342988284E-015   1.7504290915236380E-014   6.9463474613400416E-016  -2.9894463033904353E-016  -2.1864713677360047E-015  -1.7615099270957694E-013  -1.1208664832275541        3.1696989325792220E-016   3.5373586655326750E-015   2.2417329664551793       -1.6956515401858629E-015  -1.1208664832274202        5.7396829715315861E-016   1.4060883765096301E-015  -1.3960842575275317E-016   4.7111390551333660E-015   5.1942282685190031E-015
  -1.0837754770955110E-016  -9.8114611538672482E-017   2.8928283635814575E-016   3.2906492929766838E-016  -4.8842585881067907E-016  -1.0044663798130744E-016  -4.3532123423810795E-016   4.4049797151128802E-016  -9.2319476173957778E-016  -7.1780282455760930E-016   9.4283914985233935E-016   1.1377007734341054E-015 -0.73613909010544443       -3.0586630775895765E-015   1.4877502797296305E-015   1.7453537609816396E-016   5.0377052607855933E-016   1.6665573633846983E-015  -9.2970194051278616E-016  -1.9890203259028566E-016   4.4071633003628120E-016  -2.2093946687879974E-015   1.5987662176130121E-015  -4.5848453478864876E-016   1.2032429123432029E-015  -1.6956515401858629E-015   2.2417329664550594        2.6278672028137362E-015  -8.4842420164172946E-017   4.3550321265891055E-016  -6.0134876318415286E-016  -2.1924399438376881E-016   8.2873017492545982E-017
   5.8737670200364945E-017   9.8207598965538819E-016   8.8193045027137972E-016  -2.6466036450334128E-015   2.7107309096853164E-016  -1.4486557133110724E-015  -7.9419039176520104E-016  -9.8265672253121250E-015  0.36806954505274520        1.9886571773000750E-015  -5.4571181829030777E-015  0.36806954505270684       -4.6973940037199593E-015 -0.73613909010544232        1.0809322140335649E-016  -2.5515668246803042E-016   3.0689111678410973E-015   4.9985655265637845E-015  -3.7046894315060117E-016   6.8809965398426008E-016  -2.4033453052746817E-015  -1.5265222236914472E-013  -1.1208664832275717        1.2213283363165017E-015   1.9474574947456191E-015  -1.1208664832274202        2.6278672028137362E-015   2.2417329664551504       -8.5215848590697577E-016  -2.6418604374629372E-016   2.1318018510776605E-016   1.0877061678590491E-014   2.8598831772207603E-015
  -6.7735318617272541E-002   6.5351594681776642E-016  -1.3287224608305999E-015  -1.8470589324545284E-015  -2.1363323153241652E-002  -5.5622345777894433E-017   2.0076347475483254E-015   3.9376855973643718E-015   2.0158208961968443E-015  -1.2530052063899042E-015   5.2585853325325438E-016  -2.5785102301932286E-016  -2.3077150826649549E-016  -2.1085262629766545E-016  0.45371014327637377       -6.0926488356862448E-016  -1.8100489865988752E-015  -2.1820282358960600E-015  -1.1873416109301267        8.0559764380630250E-017   1.1309083456439811E-015   1.8573445665058076E-015  -6.0406542042293090E-017   6.5225473200898362E-016  -9.5425141027029591E-016   5.7396829715315861E-016  -8.4842420164172946E-017  -8.5215848590697577E-016   2.4336696392548589        1.2596086473641566E-016   9.2822945499201673E-016  -1.3487938577779247E-016   1.8009492813335728E-015
  -4.5941791769881450E-016  -6.7735318617269946E-002  -1.5996118327886965E-015  -5.7238343618094165E-016   6.4759607655901154E-016  -2.1363323153240431E-002   6.2223608919324186E-016   3.0856097271224600E-015  -2.8668023145591079E-015   7.4324655055133008E-016   4.7065514543773549E-016  -5.6247259577377758E-015   5.8424324818201395E-016  -4.7376894086249405E-015  -6.5095858693879547E-016  0.45371014327637310        2.2544499178181541E-015   9.2534257254658233E-015   2.2075246287295592E-016  -1.1873416109301203        1.7002734161157433E-015  -2.9154026310329395E-015   6.7089058236953763E-016  -1.1519924655053441E-015  -1.3946697613605583E-015   1.4060883765096301E-015   4.3550321265891055E-016  -2.6418604374629372E-016   1.2596086473641566E-016   2.4336696392548496       -3.0538437739999398E-015   1.5696985612901062E-015   1.1776281324054244E-015
   2.4469123233243302E-015  -3.6301153331945032E-015  -6.7735318617268489E-002   5.8888833959603083E-016  -4.1020265226701829E-015   3.2422733329258913E-015  -2.1363323153244303E-002  -2.5743522849311373E-016  -1.4346018359800779E-016  -1.5109468540098735E-017  -9.1850243293902613E-016  -5.3493243256902568E-016   1.7055908284438474E-016   4.2650422139200942E-016   3.2031595574389566E-015   1.2010740472352795E-015  0.45371014327637216       -5.6220717193301868E-016  -2.6745411534271652E-015   1.2746594782329113E-015  -1.1873416109301211        9.6310943448128519E-016   1.2758491127685282E-015   5.5954900456141520E-016   3.0120281938064196E-016  -1.3960842575275317E-016  -6.0134876318415286E-016   2.1318018510776605E-016   9.2822945499201673E-016  -3.0538437739999398E-015   2.4336696392548554       -6.4891629112749634E-017  -8.5320941525180521E-016
   4.5616027134936290E-016  -5.9590846396040797E-016   3.5558120331662251E-015 -0.11079452826969476        1.1520643270918023E-016   1.1389055102849031E-015  -4.5932765081326434E-015  -7.0139076693108510E-002  -7.3635013955974308E-015   5.3314418759272099E-016   2.4887856746290996E-015   1.1571591846274633E-014   1.3001607674281380E-015   5.0395258319754584E-015  -1.1466859436244045E-015   1.0712879496339189E-015  -2.7463768608691717E-015  0.61905501557838694        9.8724674647529435E-016  -1.9170154515837682E-015   3.2456600097170675E-015  -1.4950753829211256        7.8990342849265008E-014   4.0753863169160864E-016  -8.4275631674335705E-016   4.7111390551333660E-015  -2.1924399438376881E-016   1.0877061678590491E-014  -1.3487938577779247E-016   1.5696985612901062E-015  -6.4891629112749634E-017   2.8434124639540959      -0.78144457661541122     
   1.1502207446176269E-015  -2.7555459691481935E-016  -4.8932159930687302E-016   3.5065363816764679E-002  -1.7643617047908554E-015   1.3576406228239686E-015   5.2291245171107461E-016   9.3176019996176317E-003  -6.1397661698806673E-016   2.4475914518035299E-017  -1.6627261438877362E-016  -2.3905482127471668E-015  -3.6887965903258324E-017  -1.2594348919560021E-015  -1.3743075603895932E-015  -4.8601149536866242E-016  -5.0122214692644097E-017 -0.14636563961982635       -3.7111521759927916E-016  -1.1075950535300340E-015  -1.6149884020282647E-016  0.36178598202011569       -7.6681911905585272E-015   5.8246373565999931E-016   2.9195105210882133E-016   5.1942282685190031E-015   8.2873017492545982E-017   2.8598831772207603E-015   1.8009492813335728E-015   1.1776281324054244E-015  -8.5320941525180521E-016 -0.78144457661541122        2.2155104239588903     
