  0.21068567159426405       -5.3747178970820380E-017  -2.0042290662955188E-016   2.0046429896530474E-016   7.6857102153101528E-002   6.7531079515522148E-017  -1.1089030649490690E-016   2.8959008858553842E-017  -8.0834086821863303E-016  -2.7916034563685888E-017  -2.2153105255601702E-016   7.2791148317465698E-016  -8.9194046222938126E-017   1.6476285998945842E-016  -8.9356502577611935E-002   9.8276196963382049E-016  -6.9663631823867406E-016  -2.7792398613362233E-015   4.8270202125570504E-002  -1.2822773335320384E-015  -1.0923859930636369E-015   1.8145970556466657E-015  -9.1079668218020805E-017   3.5364561392237522E-016   5.6235022669387085E-016  -7.0141877257151299E-016   6.7297886477883875E-016   7.9033727369728273E-016  -1.8856775648441633E-002   8.5548060808225285E-016   8.2001031983584202E-016  -3.1124004751178793E-015   2.5230639963613942E-015
  -5.3747178970820380E-017  0.21068567159426108       -3.0048649137703015E-017  -6.7504327137300247E-016   4.5138753232095456E-017   7.6857102153102125E-002   1.0209014579117186E-016  -1.0627710319469260E-015  -1.0081876798659425E-015   2.7571425723054638E-016   9.8562820262508783E-016  -2.0291892616387359E-016  -1.4588630048121367E-016   1.4522756873997251E-015  -1.6406123803358288E-016  -8.9356502577603969E-002   1.8992038229437184E-015   1.1521286418030650E-015  -1.7597731057197094E-015   4.8270202125560845E-002   1.6876851218847322E-015   1.8137978537621021E-015   1.2332369029438229E-015  -2.2348471265837220E-015  -1.4059687671547121E-017   1.0050088248768534E-015   8.7184620223674425E-016  -1.2336632790872138E-015   1.5429753999955131E-015  -1.8856775648437997E-002  -4.1347255919074318E-015  -7.5799355610926622E-015   1.1622976690906214E-014
  -2.0042290662955188E-016  -3.0048649137703015E-017  0.21068567159425541       -6.9430053495622913E-016  -1.1765375869961317E-016  -7.0609378927093681E-017   7.6857102153104997E-002  -7.7747634731929951E-016  -9.3431190726283848E-016  -1.3849741973952065E-017   6.7039267352225817E-016  -1.5326811195296944E-015   5.0426471567427893E-016   2.5568614683306508E-015   1.3944886934451820E-016  -3.6932053655410868E-015  -8.9356502577604344E-002  -2.2119573319844848E-015   3.9886026215160815E-016   2.5708480253039622E-015   4.8270202125556744E-002   1.9231171726325173E-015   9.0565603603564828E-016  -2.3547080606242311E-015  -1.0855220117684011E-016   1.4368920434418080E-015   8.1539724935136474E-016  -2.3607148655484950E-015  -1.6750741805747787E-015  -4.2341588488504675E-015  -1.8856775648441643E-002  -7.5286431088823184E-015   6.9410092990206115E-015
   2.0046429896530474E-016  -6.7504327137300247E-016  -6.9430053495622913E-016  0.60076009515895790        4.1496992116177299E-016  -1.3984695370054614E-017   1.2115778532400524E-015  0.60715959168891798        8.8609488440728344E-015  -1.6402268473077901E-015   1.0879072263369252E-015  -2.5033867732658399E-014  -1.2565789268813725E-017   1.7652796528881237E-014  -1.6458692546290368E-015  -2.4420908484583818E-016   6.0819161377972857E-015 -0.42969939490355269        7.7567520063398591E-016   1.1609645269481721E-015  -1.8659344785100416E-015  0.21023192225282158       -1.1932776763619750E-015   8.9433347399923552E-016  -8.2855488539017416E-017   1.2113602564604765E-014  -2.3989984687604021E-017  -3.0928751233316759E-015  -2.4142730737511909E-015  -1.1868788495080017E-015   1.0702443643451893E-015  -8.3741573114553519E-002   2.5138876712488004E-002
   7.6857102153101528E-002   4.5138753232095456E-017  -1.1765375869961317E-016   4.1496992116177299E-016   3.2118287753787687E-002  -7.2764587672336745E-017   6.7079221364068870E-017   4.7632619572407145E-016   7.4965637463411418E-016   4.8633989110096864E-016  -2.6753162118640976E-016  -8.4016178613664562E-016   1.4320700698485845E-015   1.6000367075209675E-016   6.7025657370630681E-002  -2.2595757379217048E-015   1.3582568591267171E-016  -1.3982192601362812E-015  -5.3397496230140992E-002   1.7337044282844908E-015   3.6454626571475754E-015   1.2495013102931893E-015   1.0074367670012034E-016  -6.7295478989157496E-016  -3.1052847059782830E-016   1.8044686639398555E-015  -2.2426574920189768E-015  -1.9118400163524238E-015   2.6934761379936147E-002  -1.5475004252367755E-015  -2.5609004250734151E-015  -1.3845915797206062E-016  -1.7182622635708187E-016
   6.7531079515522148E-017   7.6857102153102125E-002  -7.0609378927093681E-017  -1.3984695370054614E-017  -7.2764587672336745E-017   3.2118287753787444E-002   1.4730560229371590E-016   1.1194514966366608E-016   5.5115550511952750E-016   1.7350228283893867E-015  -1.5055971681411548E-015   1.9142363583407816E-016  -4.3263800022011194E-016  -6.7823217534580781E-016   2.1224843144555712E-016   6.7025657370620537E-002  -6.9027382076418975E-016  -1.4668971840060321E-015   1.3969652500093054E-015  -5.3397496230132832E-002  -1.1503069804956649E-015  -3.5151538280546450E-015  -1.3420866860364917E-015   2.1950954240881286E-015   8.4513087765156368E-016  -2.8485784259292673E-016  -7.2795062634223816E-016   2.0268051049286747E-015  -5.1421188313796077E-016   2.6934761379931817E-002   4.1472965781152196E-015   8.4770960779842454E-015  -1.3095043679188250E-014
  -1.1089030649490690E-016   1.0209014579117186E-016   7.6857102153104997E-002   1.2115778532400524E-015   6.7079221364068870E-017   1.4730560229371590E-016   3.2118287753789693E-002   8.4262413471198000E-016   3.5520515790144707E-016   1.4404803359806249E-015   7.7549096199459055E-016   4.7884370607338541E-016   6.6961189108011841E-016  -9.1232275568772864E-016   3.1019289558467318E-015   1.1931092936862442E-015   6.7025657370610725E-002  -6.9468689256380743E-016  -4.6194158682514255E-015  -7.0226367481483997E-016  -5.3397496230127330E-002  -2.4553308686529035E-015  -5.5628143417216244E-016   1.0795528274363912E-015  -1.8755053512203533E-015  -8.5159694025624661E-016  -1.0262256216837969E-015   1.4297349868005450E-015   2.0158786986424557E-015   3.2040224778391675E-015   2.6934761379930495E-002   9.8181682936788318E-015  -1.0745278454255701E-014
   2.8959008858553842E-017  -1.0627710319469260E-015  -7.7747634731929951E-016  0.60715959168891798        4.7632619572407145E-016   1.1194514966366608E-016   8.4262413471198000E-016  0.61538260397957301        9.0894239054399167E-016   1.6995208783571833E-015  -2.3466746797969565E-015   3.4280021899107312E-014   1.1466218607420088E-015  -3.2341665155376298E-014   6.9661346177752929E-016   1.3847538218741272E-015  -7.4024312752660343E-015 -0.38603886273826232        7.3793162688026350E-017  -2.7592002235662638E-015   2.8347137994550422E-015  0.14599150198568051        2.8638746971131821E-015  -4.9138706576703166E-016   1.5304895589857034E-015  -9.8239740605514771E-015  -3.7422538678423520E-016   8.7110254029479573E-015   3.4592350448092356E-015   1.1356900174050944E-015  -4.2887472041012072E-015  -4.5577727585570334E-002   5.2056024457964398E-003
  -8.0834086821863303E-016  -1.0081876798659425E-015  -9.3431190726283848E-016   8.8609488440728344E-015   7.4965637463411418E-016   5.5115550511952750E-016   3.5520515790144707E-016   9.0894239054399167E-016   2.1785021855742568       -1.3402094104635387E-016   2.4721164785385897E-016  -1.0892510927871570       -2.7850443305720937E-016  -1.0892510927871393        2.0116837007160391E-016  -6.6442786965960605E-016  -7.7720807475929419E-016   4.3808759589672038E-014   7.9128082574193222E-016   1.0061956393249680E-015   3.5999654779615117E-015  -2.1249052452653788E-014 -0.62359233590808305       -2.1423767165677819E-015  -1.4233101188528592E-015  0.31179616795405452       -1.3839942375731105E-015  0.31179616795405413       -1.7283993001740239E-015   8.6626406711680767E-017  -7.9564986913993054E-016  -1.0313064440197343E-015   1.3903758769989050E-015
  -2.7916034563685888E-017   2.7571425723054638E-016  -1.3849741973952065E-017  -1.6402268473077901E-015   4.8633989110096864E-016   1.7350228283893867E-015   1.4404803359806249E-015   1.6995208783571833E-015  -1.3402094104635387E-016   2.1785021855742528       -9.1116350575676902E-016  -8.5183054186759228E-016  -5.3798111798727870E-016  -1.5015048124116657E-015  -3.7686508379853989E-016   8.6350435865227050E-018  -1.3200506575100723E-015   3.2788808323149813E-015   8.8408018082062974E-016   1.3543206264450587E-016   8.1892979280719843E-016  -6.2987036254722978E-015  -2.5668486433590826E-017 -0.62359233590807861        8.4195074957083577E-016   4.6574733409158183E-015   5.3764230480842333E-016   3.3586177730031534E-015  -9.1975738372871580E-016  -4.0951373251551156E-016  -6.1175691259532139E-016  -3.6422579732736841E-016   8.5416457701699084E-016
  -2.2153105255601702E-016   9.8562820262508783E-016   6.7039267352225817E-016   1.0879072263369252E-015  -2.6753162118640976E-016  -1.5055971681411548E-015   7.7549096199459055E-016  -2.3466746797969565E-015   2.4721164785385897E-016  -9.1116350575676902E-016   2.1785021855742519        2.4248046062366423E-015  -1.2176132498098245E-015  -4.5393512082899778E-016   7.7591093955807346E-016   9.2008500206305136E-016  -9.4905732130146684E-016   4.0602233176842959E-016  -7.3570304839000396E-016   2.5140287457126985E-016  -2.6331659886854728E-016  -7.3423683569749501E-015   2.0756000271380415E-015   2.0269566190431034E-015 -0.62359233590808105        2.2645815479999094E-015   1.1083256708234397E-016   4.7880434697351784E-015  -8.4114654022488531E-016   3.7997932732665668E-016   4.7776551971110098E-016  -1.5492991602914174E-015  -7.7878222006348960E-016
   7.2791148317465698E-016  -2.0291892616387359E-016  -1.5326811195296944E-015  -2.5033867732658399E-014  -8.4016178613664562E-016   1.9142363583407816E-016   4.7884370607338541E-016   3.4280021899107312E-014  -1.0892510927871570       -8.5183054186759228E-016   2.4248046062366423E-015   2.1785021855742523       -1.2701428450669583E-016  -1.0892510927871428        9.5465174976623322E-016  -1.1390496287564893E-015   2.4379063041223228E-016   5.3373280352447168E-014  -1.4383821682947369E-015   1.0809200921216801E-015   2.0444214754336466E-015   1.6624492860909523E-014  0.31179616795402920        1.3997897079735253E-015  -1.2774019174247784E-015 -0.62359233590809715       -1.0445373136314919E-015  0.31179616795403159       -4.0786831697665329E-017  -1.1989810107257439E-016   3.1069488482469157E-016   8.5839689385053957E-015  -3.2062980155846402E-015
  -8.9194046222938126E-017  -1.4588630048121367E-016   5.0426471567427893E-016  -1.2565789268813725E-017   1.4320700698485845E-015  -4.3263800022011194E-016   6.6961189108011841E-016   1.1466218607420088E-015  -2.7850443305720937E-016  -5.3798111798727870E-016  -1.2176132498098245E-015  -1.2701428450669583E-016   2.1785021855742528       -2.9685794295832313E-015  -6.8885909376704332E-016   1.4058431507795565E-015  -1.5307918164389149E-015   1.3440843968521458E-015   6.7565705384612542E-016  -9.7452541844653499E-016   7.9377026685540443E-016   9.9186263916750056E-015  -5.5281334252008774E-015   1.0046759431336838E-015   1.6564305265962242E-015  -5.3196176305094147E-015 -0.62359233590808294       -1.8672112873886061E-015  -4.2630275563416690E-016  -4.8407383098862502E-017  -6.6958221384525182E-016   5.4489084053199440E-016   1.3055368980923970E-016
   1.6476285998945842E-016   1.4522756873997251E-015   2.5568614683306508E-015   1.7652796528881237E-014   1.6000367075209675E-016  -6.7823217534580781E-016  -9.1232275568772864E-016  -3.2341665155376298E-014  -1.0892510927871393       -1.5015048124116657E-015  -4.5393512082899778E-016  -1.0892510927871428       -2.9685794295832313E-015   2.1785021855743691        3.1373683498064010E-016   1.3235621743914981E-015  -1.8618450175427095E-015  -8.4570600428349075E-015   6.8288500520811216E-017  -4.6556229778274796E-016   1.8433873061645199E-015  -1.6919029186459891E-014  0.31179616795405513        3.1466426957552158E-016   1.5349998832777570E-015  0.31179616795405357        2.4312742438877844E-015 -0.62359233590809793       -9.2094610077282555E-016  -3.6989324776446995E-016   1.9525694045024329E-015   1.5849373987161852E-015  -7.4825388125746467E-016
  -8.9356502577611935E-002  -1.6406123803358288E-016   1.3944886934451820E-016  -1.6458692546290368E-015   6.7025657370630681E-002   2.1224843144555712E-016   3.1019289558467318E-015   6.9661346177752929E-016   2.0116837007160391E-016  -3.7686508379853989E-016   7.7591093955807346E-016   9.5465174976623322E-016  -6.8885909376704332E-016   3.1373683498064010E-016   2.6059055040387311       -1.4738439446902942E-016  -1.7407357158363396E-015   2.6367682672366348E-015  -1.3932511019080809        2.7075439920001094E-016  -2.3523361377457252E-015  -3.2173082081217590E-015   3.1370536031586925E-016   2.2471093090410026E-016  -7.6522746173454408E-016  -1.2915600532696163E-015   7.1205152832683107E-016   8.8086924596290452E-016  0.37029437181648150        6.4810217388848071E-016   2.7631037067254960E-015   2.5316607879652402E-015  -4.6021904622872121E-015
   9.8276196963382049E-016  -8.9356502577603969E-002  -3.6932053655410868E-015  -2.4420908484583818E-016  -2.2595757379217048E-015   6.7025657370620537E-002   1.1931092936862442E-015   1.3847538218741272E-015  -6.6442786965960605E-016   8.6350435865227050E-018   9.2008500206305136E-016  -1.1390496287564893E-015   1.4058431507795565E-015   1.3235621743914981E-015  -1.4738439446902942E-016   2.6059055040387373       -1.9000231746355698E-015  -1.0765202728402333E-015   6.0885106837879505E-017  -1.3932511019080855        1.1505989170438524E-015   1.0302689247791750E-015   1.1045961012668441E-015  -1.3684165100326029E-015  -3.9479521586162351E-016   1.5093613598767727E-015   1.3242449568064124E-016  -1.2888557509820527E-015  -8.6695677505049447E-016  0.37029437181648278       -8.2964668006985411E-016  -3.1258681066372599E-015   5.8866840770845867E-015
  -6.9663631823867406E-016   1.8992038229437184E-015  -8.9356502577604344E-002   6.0819161377972857E-015   1.3582568591267171E-016  -6.9027382076418975E-016   6.7025657370610725E-002  -7.4024312752660343E-015  -7.7720807475929419E-016  -1.3200506575100723E-015  -9.4905732130146684E-016   2.4379063041223228E-016  -1.5307918164389149E-015  -1.8618450175427095E-015  -1.7407357158363396E-015  -1.9000231746355698E-015   2.6059055040387471        3.5038062825611796E-015   1.4189501579290041E-015   1.1105043489272241E-015  -1.3932511019080933        1.7516505680654072E-015   7.1484738439228655E-016  -8.5375519914357821E-017   4.2995759772806967E-016  -5.2594389613188485E-016   1.1678761786911500E-015   8.7033180253840747E-017  -1.3620716131765860E-015  -9.5356237214681595E-016  0.37029437181648645       -1.0676817040552858E-014   8.7218541686773267E-015
  -2.7792398613362233E-015   1.1521286418030650E-015  -2.2119573319844848E-015 -0.42969939490355269       -1.3982192601362812E-015  -1.4668971840060321E-015  -6.9468689256380743E-016 -0.38603886273826232        4.3808759589672038E-014   3.2788808323149813E-015   4.0602233176842959E-016   5.3373280352447168E-014   1.3440843968521458E-015  -8.4570600428349075E-015   2.6367682672366348E-015  -1.0765202728402333E-015   3.5038062825611796E-015   2.8115040320956179       -1.2665420198318956E-015   7.9177960355690627E-016  -7.1795175038374226E-015  -1.4123641471639701       -1.7339389588274521E-014   4.0835615280570080E-016  -1.4563265405358367E-015  -3.3121810100013298E-014   7.8367562584589875E-016  -1.8602723294365592E-014   1.8646000061233620E-015   1.8532030033664471E-016   1.9886222018018005E-015  0.53212903596012062      -0.12415620062837480     
   4.8270202125570504E-002  -1.7597731057197094E-015   3.9886026215160815E-016   7.7567520063398591E-016  -5.3397496230140992E-002   1.3969652500093054E-015  -4.6194158682514255E-015   7.3793162688026350E-017   7.9128082574193222E-016   8.8408018082062974E-016  -7.3570304839000396E-016  -1.4383821682947369E-015   6.7565705384612542E-016   6.8288500520811216E-017  -1.3932511019080809        6.0885106837879505E-017   1.4189501579290041E-015  -1.2665420198318956E-015   3.1014430587614568       -3.1253465290434372E-017   1.3412672134426171E-015   1.8494649772880877E-015  -4.7095752429125566E-017  -4.0585742262100078E-016   8.0715891929453252E-016   3.1816316375992471E-016   5.9126212940340003E-017  -1.6363375890355788E-017  -1.1132717523247879       -9.7430288374750084E-016  -2.3253102457210953E-015  -2.8248770296654283E-015   5.7059468567215912E-015
  -1.2822773335320384E-015   4.8270202125560845E-002   2.5708480253039622E-015   1.1609645269481721E-015   1.7337044282844908E-015  -5.3397496230132832E-002  -7.0226367481483997E-016  -2.7592002235662638E-015   1.0061956393249680E-015   1.3543206264450587E-016   2.5140287457126985E-016   1.0809200921216801E-015  -9.7452541844653499E-016  -4.6556229778274796E-016   2.7075439920001094E-016  -1.3932511019080855        1.1105043489272241E-015   7.9177960355690627E-016  -3.1253465290434372E-017   3.1014430587614630       -4.0603867802311326E-015  -2.4046493841554134E-015  -3.7581454377718790E-016   1.2973916374008264E-015  -1.1662764901710011E-016  -3.8514121669473548E-016  -2.2435831139167111E-016   2.0025082973769111E-015   1.0023920394543329E-016  -1.1132717523247961        4.3915444202901008E-015   9.3651910721497612E-016  -3.3344138543500794E-015
  -1.0923859930636369E-015   1.6876851218847322E-015   4.8270202125556744E-002  -1.8659344785100416E-015   3.6454626571475754E-015  -1.1503069804956649E-015  -5.3397496230127330E-002   2.8347137994550422E-015   3.5999654779615117E-015   8.1892979280719843E-016  -2.6331659886854728E-016   2.0444214754336466E-015   7.9377026685540443E-016   1.8433873061645199E-015  -2.3523361377457252E-015   1.1505989170438524E-015  -1.3932511019080933       -7.1795175038374226E-015   1.3412672134426171E-015  -4.0603867802311326E-015   3.1014430587614683       -5.2693247219375662E-016  -1.4306637011179685E-015   7.4825856827242688E-016   7.1689571968134285E-016   4.3383295757319960E-017  -1.5319432104400247E-015  -1.8528376811167374E-016  -2.1639080117426906E-016   4.5221457603733200E-015  -1.1132717523247915        9.4892385278122527E-015  -8.5866381641830570E-015
   1.8145970556466657E-015   1.8137978537621021E-015   1.9231171726325173E-015  0.21023192225282158        1.2495013102931893E-015  -3.5151538280546450E-015  -2.4553308686529035E-015  0.14599150198568051       -2.1249052452653788E-014  -6.2987036254722978E-015  -7.3423683569749501E-015   1.6624492860909523E-014   9.9186263916750056E-015  -1.6919029186459891E-014  -3.2173082081217590E-015   1.0302689247791750E-015   1.7516505680654072E-015  -1.4123641471639701        1.8494649772880877E-015  -2.4046493841554134E-015  -5.2693247219375662E-016   3.1815925014203668        2.4723149178979642E-013   1.0285679744894735E-015   5.7761772139223399E-015   2.1287679386876959E-014  -7.9328426897034045E-016   1.1922905143900820E-013  -1.2178617366998721E-015   2.7431425152912646E-015  -2.4117675684436035E-016  -1.3968935788134957       0.33836467009506954     
  -9.1079668218020805E-017   1.2332369029438229E-015   9.0565603603564828E-016  -1.1932776763619750E-015   1.0074367670012034E-016  -1.3420866860364917E-015  -5.5628143417216244E-016   2.8638746971131821E-015 -0.62359233590808305       -2.5668486433590826E-017   2.0756000271380415E-015  0.31179616795402920       -5.5281334252008774E-015  0.31179616795405513        3.1370536031586925E-016   1.1045961012668441E-015   7.1484738439228655E-016  -1.7339389588274521E-014  -4.7095752429125566E-017  -3.7581454377718790E-016  -1.4306637011179685E-015   2.4723149178979642E-013   2.1785021855741795        1.6284462520848088E-015  -5.5474390001346665E-016  -1.0892510927871681        1.9203973331796868E-015  -1.0892510927872094        2.7739985517472870E-016  -1.5203817511883631E-015   1.7139906718165425E-015   3.7672183477700928E-014  -1.2455326628047909E-014
   3.5364561392237522E-016  -2.2348471265837220E-015  -2.3547080606242311E-015   8.9433347399923552E-016  -6.7295478989157496E-016   2.1950954240881286E-015   1.0795528274363912E-015  -4.9138706576703166E-016  -2.1423767165677819E-015 -0.62359233590807861        2.0269566190431034E-015   1.3997897079735253E-015   1.0046759431336838E-015   3.1466426957552158E-016   2.2471093090410026E-016  -1.3684165100326029E-015  -8.5375519914357821E-017   4.0835615280570080E-016  -4.0585742262100078E-016   1.2973916374008264E-015   7.4825856827242688E-016   1.0285679744894735E-015   1.6284462520848088E-015   2.1785021855742590       -1.5176746713747008E-015   4.5472286146990839E-016  -1.8008733610255845E-015  -1.8380720834536977E-015   7.8315164039043545E-017  -5.6229334625670591E-016  -1.2053554373618440E-015  -1.5176279594558739E-015   1.1465523902225998E-015
   5.6235022669387085E-016  -1.4059687671547121E-017  -1.0855220117684011E-016  -8.2855488539017416E-017  -3.1052847059782830E-016   8.4513087765156368E-016  -1.8755053512203533E-015   1.5304895589857034E-015  -1.4233101188528592E-015   8.4195074957083577E-016 -0.62359233590808105       -1.2774019174247784E-015   1.6564305265962242E-015   1.5349998832777570E-015  -7.6522746173454408E-016  -3.9479521586162351E-016   4.2995759772806967E-016  -1.4563265405358367E-015   8.0715891929453252E-016  -1.1662764901710011E-016   7.1689571968134285E-016   5.7761772139223399E-015  -5.5474390001346665E-016  -1.5176746713747008E-015   2.1785021855742563       -9.8580574313480694E-016  -2.4584284261092201E-017  -4.5990657605213976E-015   2.9214270753873278E-016  -9.3442552999814943E-016  -1.0344913903848061E-015   5.6691460511122301E-016   1.2975262392121328E-015
  -7.0141877257151299E-016   1.0050088248768534E-015   1.4368920434418080E-015   1.2113602564604765E-014   1.8044686639398555E-015  -2.8485784259292673E-016  -8.5159694025624661E-016  -9.8239740605514771E-015  0.31179616795405452        4.6574733409158183E-015   2.2645815479999094E-015 -0.62359233590809715       -5.3196176305094147E-015  0.31179616795405357       -1.2915600532696163E-015   1.5093613598767727E-015  -5.2594389613188485E-016  -3.3121810100013298E-014   3.1816316375992471E-016  -3.8514121669473548E-016   4.3383295757319960E-017   2.1287679386876959E-014  -1.0892510927871681        4.5472286146990839E-016  -9.8580574313480694E-016   2.1785021855744571       -7.1704134193803784E-016  -1.0892510927871120       -3.9421049983502898E-016  -1.7088850320995020E-015  -2.2180237538165972E-016  -7.2084204871941973E-015  -3.5753729236743088E-015
   6.7297886477883875E-016   8.7184620223674425E-016   8.1539724935136474E-016  -2.3989984687604021E-017  -2.2426574920189768E-015  -7.2795062634223816E-016  -1.0262256216837969E-015  -3.7422538678423520E-016  -1.3839942375731105E-015   5.3764230480842333E-016   1.1083256708234397E-016  -1.0445373136314919E-015 -0.62359233590808294        2.4312742438877844E-015   7.1205152832683107E-016   1.3242449568064124E-016   1.1678761786911500E-015   7.8367562584589875E-016   5.9126212940340003E-017  -2.2435831139167111E-016  -1.5319432104400247E-015  -7.9328426897034045E-016   1.9203973331796868E-015  -1.8008733610255845E-015  -2.4584284261092201E-017  -7.1704134193803784E-016   2.1785021855742563       -2.2329503731341326E-015   4.5947897096548210E-017   1.8914283941457070E-016   1.1275107160496831E-015   9.1665532485662773E-016  -1.1016916308618795E-015
   7.9033727369728273E-016  -1.2336632790872138E-015  -2.3607148655484950E-015  -3.0928751233316759E-015  -1.9118400163524238E-015   2.0268051049286747E-015   1.4297349868005450E-015   8.7110254029479573E-015  0.31179616795405413        3.3586177730031534E-015   4.7880434697351784E-015  0.31179616795403159       -1.8672112873886061E-015 -0.62359233590809793        8.8086924596290452E-016  -1.2888557509820527E-015   8.7033180253840747E-017  -1.8602723294365592E-014  -1.6363375890355788E-017   2.0025082973769111E-015  -1.8528376811167374E-016   1.1922905143900820E-013  -1.0892510927872094       -1.8380720834536977E-015  -4.5990657605213976E-015  -1.0892510927871120       -2.2329503731341326E-015   2.1785021855743425       -5.5375864426051785E-017  -4.5880312033887306E-016   2.4234050180973139E-016   1.0260930802780050E-014  -7.8776556362780181E-015
  -1.8856775648441633E-002   1.5429753999955131E-015  -1.6750741805747787E-015  -2.4142730737511909E-015   2.6934761379936147E-002  -5.1421188313796077E-016   2.0158786986424557E-015   3.4592350448092356E-015  -1.7283993001740239E-015  -9.1975738372871580E-016  -8.4114654022488531E-016  -4.0786831697665329E-017  -4.2630275563416690E-016  -9.2094610077282555E-016  0.37029437181648150       -8.6695677505049447E-016  -1.3620716131765860E-015   1.8646000061233620E-015  -1.1132717523247879        1.0023920394543329E-016  -2.1639080117426906E-016  -1.2178617366998721E-015   2.7739985517472870E-016   7.8315164039043545E-017   2.9214270753873278E-016  -3.9421049983502898E-016   4.5947897096548210E-017  -5.5375864426051785E-017   2.4080120103452711        7.0612147972335708E-016   1.4058838100381714E-015   2.2495802265467055E-015  -2.5064115582387309E-015
   8.5548060808225285E-016  -1.8856775648437997E-002  -4.2341588488504675E-015  -1.1868788495080017E-015  -1.5475004252367755E-015   2.6934761379931817E-002   3.2040224778391675E-015   1.1356900174050944E-015   8.6626406711680767E-017  -4.0951373251551156E-016   3.7997932732665668E-016  -1.1989810107257439E-016  -4.8407383098862502E-017  -3.6989324776446995E-016   6.4810217388848071E-016  0.37029437181648278       -9.5356237214681595E-016   1.8532030033664471E-016  -9.7430288374750084E-016  -1.1132717523247961        4.5221457603733200E-015   2.7431425152912646E-015  -1.5203817511883631E-015  -5.6229334625670591E-016  -9.3442552999814943E-016  -1.7088850320995020E-015   1.8914283941457070E-016  -4.5880312033887306E-016   7.0612147972335708E-016   2.4080120103452827       -6.3342731987716297E-015   4.7371699611948492E-016   1.5870218448800363E-015
   8.2001031983584202E-016  -4.1347255919074318E-015  -1.8856775648441643E-002   1.0702443643451893E-015  -2.5609004250734151E-015   4.1472965781152196E-015   2.6934761379930495E-002  -4.2887472041012072E-015  -7.9564986913993054E-016  -6.1175691259532139E-016   4.7776551971110098E-016   3.1069488482469157E-016  -6.6958221384525182E-016   1.9525694045024329E-015   2.7631037067254960E-015  -8.2964668006985411E-016  0.37029437181648645        1.9886222018018005E-015  -2.3253102457210953E-015   4.3915444202901008E-015  -1.1132717523247915       -2.4117675684436035E-016   1.7139906718165425E-015  -1.2053554373618440E-015  -1.0344913903848061E-015  -2.2180237538165972E-016   1.1275107160496831E-015   2.4234050180973139E-016   1.4058838100381714E-015  -6.3342731987716297E-015   2.4080120103452769       -5.6547924441920756E-015   5.0013200520818006E-015
  -3.1124004751178793E-015  -7.5799355610926622E-015  -7.5286431088823184E-015  -8.3741573114553519E-002  -1.3845915797206062E-016   8.4770960779842454E-015   9.8181682936788318E-015  -4.5577727585570334E-002  -1.0313064440197343E-015  -3.6422579732736841E-016  -1.5492991602914174E-015   8.5839689385053957E-015   5.4489084053199440E-016   1.5849373987161852E-015   2.5316607879652402E-015  -3.1258681066372599E-015  -1.0676817040552858E-014  0.53212903596012062       -2.8248770296654283E-015   9.3651910721497612E-016   9.4892385278122527E-015  -1.3968935788134957        3.7672183477700928E-014  -1.5176279594558739E-015   5.6691460511122301E-016  -7.2084204871941973E-015   9.1665532485662773E-016   1.0260930802780050E-014   2.2495802265467055E-015   4.7371699611948492E-016  -5.6547924441920756E-015   2.7921859475296378      -0.76664958649182680     
   2.5230639963613942E-015   1.1622976690906214E-014   6.9410092990206115E-015   2.5138876712488004E-002  -1.7182622635708187E-016  -1.3095043679188250E-014  -1.0745278454255701E-014   5.2056024457964398E-003   1.3903758769989050E-015   8.5416457701699084E-016  -7.7878222006348960E-016  -3.2062980155846402E-015   1.3055368980923970E-016  -7.4825388125746467E-016  -4.6021904622872121E-015   5.8866840770845867E-015   8.7218541686773267E-015 -0.12415620062837480        5.7059468567215912E-015  -3.3344138543500794E-015  -8.5866381641830570E-015  0.33836467009506954       -1.2455326628047909E-014   1.1465523902225998E-015   1.2975262392121328E-015  -3.5753729236743088E-015  -1.1016916308618795E-015  -7.8776556362780181E-015  -2.5064115582387309E-015   1.5870218448800363E-015   5.0013200520818006E-015 -0.76664958649182680        2.2112544972651662     
