   1.8460385137472569E-003   1.1447369702478096E-016  -3.8791131134041894E-017   4.0715487563800174E-016  -4.0019874496052014E-003  -2.0687048613100337E-016   3.6265106831762011E-017   1.9022782721034365E-016  -6.1303334463192791E-002  -3.0735556108682158E-015  -1.0152663960732133E-016   6.1155728810053734E-016   2.9486857610367075E-002   1.0298863965010592E-015   3.3029446267206523E-016   6.4586262562549257E-016   1.7728382914734446E-015
   1.1447369702478096E-016   1.8460385137472714E-003   3.7278290585576163E-017   9.5803406916831915E-017  -1.3062073903784889E-016  -4.0019874496051225E-003  -2.3173339129219965E-017   2.7729309182803378E-017  -7.1536845186719739E-016  -6.1303334463192895E-002   5.2819958151241464E-016  -8.1188793287332193E-017   8.7920177628336097E-016   2.9486857610368126E-002   1.3137904528387825E-017   4.0236003220108182E-018   7.9161461753721445E-017
  -3.8791131134041894E-017   3.7278290585576163E-017   1.8460385137470455E-003  -2.5509453220388296E-016   1.1409332629190465E-016  -9.9797210087264840E-017  -4.0019874496047851E-003  -4.0685778048886346E-017   1.3864582564166762E-015  -1.8576770845343468E-015  -6.1303334463188960E-002  -1.6747940131115615E-015  -9.0861944229973964E-016  -2.1565458837094448E-018   2.9486857610367290E-002  -1.6921079919947521E-015   1.3207299989311673E-015
   4.0715487563800174E-016   9.5803406916831915E-017  -2.5509453220388296E-016  0.58795289185787558       -3.7334293641052696E-016  -1.0445158786434974E-016   1.5228937586618211E-016  0.21831829074465217        7.4832956253165211E-016  -9.3609931172459518E-016   3.6757567290583093E-015 -0.22500650910044459        2.9534955825618755E-015   1.2882359376066046E-015   3.5827767228647799E-015   6.1373790259131325E-002  -2.1417334756078679E-002
  -4.0019874496052014E-003  -1.3062073903784889E-016   1.1409332629190465E-016  -3.7334293641052696E-016   8.6850882229048462E-003   1.9534400884520765E-016  -1.4712692302055257E-016  -2.0218052812605887E-016  0.13379154106855129        2.8059948434895274E-015  -8.2274088935999426E-016  -3.8063752170965057E-016  -5.9958567935619968E-002  -3.2256158125922550E-016  -3.8223611118447503E-016  -8.6331141698138249E-016  -6.8292447913421051E-016
  -2.0687048613100337E-016  -4.0019874496051225E-003  -9.9797210087264840E-017  -1.0445158786434974E-016   1.9534400884520765E-016   8.6850882229044368E-003   8.7544878505231398E-017  -2.4838193943122855E-017   2.9909410993907148E-016  0.13379154106854790       -5.4877231773532709E-016  -2.2229692272477393E-016  -5.5405229761203677E-016  -5.9958567935620606E-002  -1.9076367818293000E-016  -2.5593704000210578E-016   3.1387816909254694E-016
   3.6265106831762011E-017  -2.3173339129219965E-017  -4.0019874496047851E-003   1.5228937586618211E-016  -1.4712692302055257E-016   8.7544878505231398E-017   8.6850882229040430E-003  -8.8398377807932594E-017  -1.7006625871018172E-015   1.7357636324360354E-015  0.13379154106854493        1.5307110060079205E-015  -1.3727587690442588E-016  -8.4099529640627169E-016  -5.9958567935619274E-002   1.6882726360975314E-015  -4.4963562283851643E-016
   1.9022782721034365E-016   2.7729309182803378E-017  -4.0685778048886346E-017  0.21831829074465217       -2.0218052812605887E-016  -2.4838193943122855E-017  -8.8398377807932594E-017   8.2951319654261960E-002  -1.6131488100747158E-015  -1.3555148720364409E-016  -1.9875953013052949E-015  -2.6478369974999985E-002  -3.6330712494894440E-015   1.8715280088187513E-016  -2.6012923502762564E-015  -2.3324449435617407E-002   1.1931385238110364E-002
  -6.1303334463192791E-002  -7.1536845186719739E-016   1.3864582564166762E-015   7.4832956253165211E-016  0.13379154106855129        2.9909410993907148E-016  -1.7006625871018172E-015  -1.6131488100747158E-015   2.1219017470877737       -1.8461252491996927E-016   5.9927919831420651E-016  -1.0407093852561394E-015 -0.59685780486353646       -5.6260605982988432E-016  -1.2743644572758839E-015   1.2180044797867463E-016  -8.2392412548246371E-016
  -3.0735556108682158E-015  -6.1303334463192895E-002  -1.8576770845343468E-015  -9.3609931172459518E-016   2.8059948434895274E-015  0.13379154106854790        1.7357636324360354E-015  -1.3555148720364409E-016  -1.8461252491996927E-016   2.1219017470877777       -8.8823262980874951E-016   9.2132780456757931E-016  -9.6078608393876386E-016 -0.59685780486353979        4.0333676069176372E-016   4.7053801193621897E-016   6.7527830319506952E-017
  -1.0152663960732133E-016   5.2819958151241464E-016  -6.1303334463188960E-002   3.6757567290583093E-015  -8.2274088935999426E-016  -5.4877231773532709E-016  0.13379154106854493       -1.9875953013052949E-015   5.9927919831420651E-016  -8.8823262980874951E-016   2.1219017470877790       -4.3689892432734462E-016   1.9115568503091929E-015   2.0092163609958247E-015 -0.59685780486354179        5.6793536912660711E-017  -2.9119691165132622E-016
   6.1155728810053734E-016  -8.1188793287332193E-017  -1.6747940131115615E-015 -0.22500650910044459       -3.8063752170965057E-016  -2.2229692272477393E-016   1.5307110060079205E-015  -2.6478369974999985E-002  -1.0407093852561394E-015   9.2132780456757931E-016  -4.3689892432734462E-016   2.2757639064521951        1.0319349102556431E-015  -8.7391926748373225E-016  -1.0039923557786845E-015 -0.72732713549653805       0.16674446911449459     
   2.9486857610367075E-002   8.7920177628336097E-016  -9.0861944229973964E-016   2.9534955825618755E-015  -5.9958567935619968E-002  -5.5405229761203677E-016  -1.3727587690442588E-016  -3.6330712494894440E-015 -0.59685780486353646       -9.6078608393876386E-016   1.9115568503091929E-015   1.0319349102556431E-015   2.1681179534519446        9.6091483294674651E-016   1.2036253477188882E-016   8.4620894397945074E-016  -4.9967625627655557E-016
   1.0298863965010592E-015   2.9486857610368126E-002  -2.1565458837094448E-018   1.2882359376066046E-015  -3.2256158125922550E-016  -5.9958567935620606E-002  -8.4099529640627169E-016   1.8715280088187513E-016  -5.6260605982988432E-016 -0.59685780486353979        2.0092163609958247E-015  -8.7391926748373225E-016   9.6091483294674651E-016   2.1681179534519446       -8.9377222528379263E-016   5.6962299288114557E-016  -3.2527611577728545E-016
   3.3029446267206523E-016   1.3137904528387825E-017   2.9486857610367290E-002   3.5827767228647799E-015  -3.8223611118447503E-016  -1.9076367818293000E-016  -5.9958567935619274E-002  -2.6012923502762564E-015  -1.2743644572758839E-015   4.0333676069176372E-016 -0.59685780486354179       -1.0039923557786845E-015   1.2036253477188882E-016  -8.9377222528379263E-016   2.1681179534519464       -2.3224570952863376E-015  -5.4007104373681787E-016
   6.4586262562549257E-016   4.0236003220108182E-018  -1.6921079919947521E-015   6.1373790259131325E-002  -8.6331141698138249E-016  -2.5593704000210578E-016   1.6882726360975314E-015  -2.3324449435617407E-002   1.2180044797867463E-016   4.7053801193621897E-016   5.6793536912660711E-017 -0.72732713549653805        8.4620894397945074E-016   5.6962299288114557E-016  -2.3224570952863376E-015   2.3719646788961470      -0.59887042461534323     
   1.7728382914734446E-015   7.9161461753721445E-017   1.3207299989311673E-015  -2.1417334756078679E-002  -6.8292447913421051E-016   3.1387816909254694E-016  -4.4963562283851643E-016   1.1931385238110364E-002  -8.2392412548246371E-016   6.7527830319506952E-017  -2.9119691165132622E-016  0.16674446911449459       -4.9967625627655557E-016  -3.2527611577728545E-016  -5.4007104373681787E-016 -0.59887042461534323        2.1513857995001797     
