  0.74032874058386999        1.1012495575819445E-015  -1.2236305718671403E-015  -2.0989073314573335E-016  0.65370874873731999       -3.5778841098611097E-016   5.3434904070948086E-016  -5.4524584124443182E-016 -0.46080509748292175       -5.7847776319553540E-016   1.1656393081663219E-015   1.0364926340827125E-016  -1.1285232507797947E-016  -1.8270419251301391E-017  -2.5693648544800030E-016  -4.0782658195600446E-017   5.2231678559876649E-016  -1.6194639107306627E-015  0.16121711062576322        1.1830485351499171E-016  -4.9816379320277715E-016   2.9020293948487569E-015  -1.3798733156010336E-015
   1.1012495575819445E-015  0.74032874058386378        1.0315751684396475E-015   1.0902075945986404E-015   9.4063008792590053E-019  0.65370874873732743       -4.4163027320418338E-016  -5.3739643859261206E-016   1.0059587745323093E-015 -0.46080509748292220        4.9470874581092686E-016   2.5198121865793079E-016  -8.6200720671610343E-018   1.6045066888145610E-016   1.6123048877728975E-016   2.4821331860097690E-017   3.0905782851979726E-016  -1.3809387204002342E-015   3.5785530011916446E-016  0.16121711062576266       -5.3693310000353732E-016   3.7052351635015517E-016  -4.6810292628779296E-016
  -1.2236305718671403E-015   1.0315751684396475E-015  0.74032874058386877        9.3443471003406974E-016   1.8056845081659834E-015  -6.4929310571778392E-018  0.65370874873732643       -1.7689815493906487E-016   7.8864188400237789E-016   1.5256990380004953E-015 -0.46080509748292042        8.8654146383447067E-016  -5.7057690425962491E-016   5.1191789552592837E-016   2.3913359236552823E-015   1.2527649143023645E-015  -1.4818197541532153E-015   9.6954625232544506E-017  -1.8931440481017789E-015   1.8688720543004109E-016  0.16121711062575911        2.7794106160043109E-015   3.9670077568492149E-017
  -2.0989073314573335E-016   1.0902075945986404E-015   9.3443471003406974E-016  0.92707973230740071        6.7686660247262131E-016   1.4260876941247061E-015   3.0688334865435383E-016  0.58420528192470023        2.3564314578254537E-015  -3.9026422595663776E-015  -2.4094277392694680E-016  -2.2423905271981404E-015  -1.4366312090031471E-016   1.7242412267235126E-016  -2.6403970337979415E-015   1.4602653201841196E-015   5.2634626881178402E-016 -0.57909095897696716       -1.4290482062546211E-015  -8.5027042034702645E-016   2.2701385190218138E-015  0.23210945110155537       -6.9662959824318249E-002
  0.65370874873731999        9.4063008792590053E-019   1.8056845081659834E-015   6.7686660247262131E-016  0.57932883778791744       -1.1061915713126997E-015   2.8328305413244381E-015   1.4387298537126051E-016 -0.35684162979318040        2.7330429662369483E-015  -2.9761281872091316E-015   9.9716404999976140E-017   4.8203027521551169E-016   2.3520467700711739E-016   7.2028151332115417E-016   5.1430498256979524E-016  -4.7443754475490064E-016   1.9927053245956201E-015   7.8916131871259107E-002  -9.5868864507290500E-016   1.0030936855882217E-015  -2.9043956607751056E-015   1.5651933889858310E-015
  -3.5778841098611097E-016  0.65370874873732743       -6.4929310571778392E-018   1.4260876941247061E-015  -1.1061915713126997E-015  0.57932883778793554       -1.2192772460347268E-015  -1.1080372666294315E-016   1.0499375721866998E-015 -0.35684162979318884        1.2203142261204029E-015   1.0574932339655355E-017   1.1294283632252499E-016  -5.6508601176615514E-018   1.2188231949313115E-016  -1.7766388711350169E-016   4.7206674493361666E-016   1.8124700616414859E-015  -9.0945283007560926E-016   7.8916131871258802E-002  -7.9779182506619446E-016  -1.2628566429764077E-017  -3.1792752878727794E-016
   5.3434904070948086E-016  -4.4163027320418338E-016  0.65370874873732643        3.0688334865435383E-016   2.8328305413244381E-015  -1.2192772460347268E-015  0.57932883778792943       -3.0623087677864571E-016  -2.4681523643453607E-015  -9.4469796365508930E-016 -0.35684162979318723        5.7728356469101860E-016   1.2521284502634176E-015  -6.7091049707082644E-016  -1.0718760163796295E-015  -3.9522361260247110E-018   2.1644242269572734E-015  -2.4745295226296581E-015   3.5217724122702486E-015  -9.5799597064539799E-016   7.8916131871261744E-002  -3.1960842773798802E-015   1.3479101912586039E-015
  -5.4524584124443182E-016  -5.3739643859261206E-016  -1.7689815493906487E-016  0.58420528192470023        1.4387298537126051E-016  -1.1080372666294315E-016  -3.0623087677864571E-016  0.37093133579094334       -2.8491292109051879E-015   3.2046731927623671E-015   6.3190473181157687E-017   3.3739592654507822E-016   3.6423004246892760E-016  -1.9644020409028038E-017   4.5111840552964330E-016  -2.6700935329030225E-015  -6.3972215903056244E-015 -0.30293449822160240        1.5876863933923757E-015   2.0733321716372880E-015  -4.0176768063871401E-015   7.7082613729041086E-002  -3.6905027139168215E-003
 -0.46080509748292175        1.0059587745323093E-015   7.8864188400237789E-016   2.3564314578254537E-015 -0.35684162979318040        1.0499375721866998E-015  -2.4681523643453607E-015  -2.8491292109051879E-015   2.5708143311112361       -5.9803707743661728E-016   6.6233571903960564E-016   2.2465701404643084E-016   6.8947703958810511E-016  -5.8955796961446083E-016   1.1001418774999596E-016   5.0077051718486807E-016  -2.8781938754385142E-016   1.3156993210423346E-016 -0.94424442403165376        3.8028857068050058E-016  -5.2264113955429511E-016  -9.8080873159018215E-016  -8.4485312160010884E-017
  -5.7847776319553540E-016 -0.46080509748292220        1.5256990380004953E-015  -3.9026422595663776E-015   2.7330429662369483E-015 -0.35684162979318884       -9.4469796365508930E-016   3.2046731927623671E-015  -5.9803707743661728E-016   2.5708143311112424       -7.8452191574693297E-018  -2.0129907820245246E-016  -2.4357549924450818E-016   1.1567712121624372E-016  -3.4773697377843593E-016   3.8442589590120763E-016  -1.0301017684875919E-015   1.5021639504893649E-015   1.2543378653980483E-015 -0.94424442403165598        3.3851954963659851E-016  -6.3612445261378210E-016   8.3090574672469104E-016
   1.1656393081663219E-015   4.9470874581092686E-016 -0.46080509748292042       -2.4094277392694680E-016  -2.9761281872091316E-015   1.2203142261204029E-015 -0.35684162979318723        6.3190473181157687E-017   6.6233571903960564E-016  -7.8452191574693297E-018   2.5708143311112406       -1.6739793828180405E-015  -8.5556519994538212E-016  -1.1639511967676960E-015   1.1069227056921905E-015  -9.3746156983355682E-016   5.1564163966323679E-016   7.4725628241528533E-016   4.5057282354482066E-017   1.0041865036739675E-015 -0.94424442403165365        1.1664295920131921E-015  -1.6049570218555524E-015
   1.0364926340827125E-016   2.5198121865793079E-016   8.8654146383447067E-016  -2.2423905271981404E-015   9.9716404999976140E-017   1.0574932339655355E-017   5.7728356469101860E-016   3.3739592654507822E-016   2.2465701404643084E-016  -2.0129907820245246E-016  -1.6739793828180405E-015   1.9999999999999589       -1.3851699193039177E-016   1.0560611968788750E-015 -0.99999999999999623       -1.2455653370692428E-015 -0.99999999999998002       -4.0038346618997595E-014  -5.0850127858178552E-016   3.0553901422680874E-016  -1.6155590364202471E-018   4.6286941852821881E-015  -9.0580510581918966E-017
  -1.1285232507797947E-016  -8.6200720671610343E-018  -5.7057690425962491E-016  -1.4366312090031471E-016   4.8203027521551169E-016   1.1294283632252499E-016   1.2521284502634176E-015   3.6423004246892760E-016   6.8947703958810511E-016  -2.4357549924450818E-016  -8.5556519994538212E-016  -1.3851699193039177E-016   2.0000000000000044        1.9962220285519965E-015  -6.4343333178868163E-016  -1.7575357673122593E-015  -3.5705759095922012E-015   1.6724572417895472E-015  -7.5717156777784692E-016   1.5120942130797992E-016   4.4637523219833233E-016   1.3640827850000585E-015  -6.2237830284472401E-016
  -1.8270419251301391E-017   1.6045066888145610E-016   5.1191789552592837E-016   1.7242412267235126E-016   2.3520467700711739E-016  -5.6508601176615514E-018  -6.7091049707082644E-016  -1.9644020409028038E-017  -5.8955796961446083E-016   1.1567712121624372E-016  -1.1639511967676960E-015   1.0560611968788750E-015   1.9962220285519965E-015   2.0000000000000018       -6.3513918516916087E-017  -9.2632370144677539E-016  -1.1214851746918495E-015  -1.0314671426014823E-015  -1.6960078223231326E-016  -1.6991205673067167E-017   1.2234098171596849E-015   3.6561351951089204E-016  -6.5422694916412835E-017
  -2.5693648544800030E-016   1.6123048877728975E-016   2.3913359236552823E-015  -2.6403970337979415E-015   7.2028151332115417E-016   1.2188231949313115E-016  -1.0718760163796295E-015   4.5111840552964330E-016   1.1001418774999596E-016  -3.4773697377843593E-016   1.1069227056921905E-015 -0.99999999999999623       -6.4343333178868163E-016  -6.3513918516916087E-017   1.9999999999999507       -7.0787559841579551E-016 -0.99999999999997924       -3.1178493291951015E-014  -3.1614369246920269E-016   4.2702614870973343E-017  -1.5244416268303475E-015   3.6693173784817913E-015  -6.6712740214933696E-016
  -4.0782658195600446E-017   2.4821331860097690E-017   1.2527649143023645E-015   1.4602653201841196E-015   5.1430498256979524E-016  -1.7766388711350169E-016  -3.9522361260247110E-018  -2.6700935329030225E-015   5.0077051718486807E-016   3.8442589590120763E-016  -9.3746156983355682E-016  -1.2455653370692428E-015  -1.7575357673122593E-015  -9.2632370144677539E-016  -7.0787559841579551E-016   1.9999999999999956        1.0883763508495657E-015  -2.4321848028209470E-016  -4.0298032082853433E-016  -5.1747427603677704E-016   1.1678779710418089E-015   1.1846727362609307E-015  -4.0154784779513996E-016
   5.2231678559876649E-016   3.0905782851979726E-016  -1.4818197541532153E-015   5.2634626881178402E-016  -4.7443754475490064E-016   4.7206674493361666E-016   2.1644242269572734E-015  -6.3972215903056244E-015  -2.8781938754385142E-016  -1.0301017684875919E-015   5.1564163966323679E-016 -0.99999999999998002       -3.5705759095922012E-015  -1.1214851746918495E-015 -0.99999999999997924        1.0883763508495657E-015   2.0000000000000013       -7.1041723885223084E-014   1.9466857858975686E-016   6.0456171560428983E-016  -1.1748241163109402E-015   5.7613114907669151E-016  -7.8320516133383532E-017
  -1.6194639107306627E-015  -1.3809387204002342E-015   9.6954625232544506E-017 -0.57909095897696716        1.9927053245956201E-015   1.8124700616414859E-015  -2.4745295226296581E-015 -0.30293449822160240        1.3156993210423346E-016   1.5021639504893649E-015   7.4725628241528533E-016  -4.0038346618997595E-014   1.6724572417895472E-015  -1.0314671426014823E-015  -3.1178493291951015E-014  -2.4321848028209470E-016  -7.1041723885223084E-014   2.6969397691611183       -2.5922233603418918E-016  -1.0951114873713956E-015   2.9255330621279636E-015  -1.0905803119960142       0.26413187891666517     
  0.16121711062576322        3.5785530011916446E-016  -1.8931440481017789E-015  -1.4290482062546211E-015   7.8916131871259107E-002  -9.0945283007560926E-016   3.5217724122702486E-015   1.5876863933923757E-015 -0.94424442403165376        1.2543378653980483E-015   4.5057282354482066E-017  -5.0850127858178552E-016  -7.5717156777784692E-016  -1.6960078223231326E-016  -3.1614369246920269E-016  -4.0298032082853433E-016   1.9466857858975686E-016  -2.5922233603418918E-016   2.3497073892720413       -1.3839770007835091E-016  -2.7958376479025274E-016   1.4547122144022339E-015  -1.0123744265541697E-015
   1.1830485351499171E-016  0.16121711062576266        1.8688720543004109E-016  -8.5027042034702645E-016  -9.5868864507290500E-016   7.8916131871258802E-002  -9.5799597064539799E-016   2.0733321716372880E-015   3.8028857068050058E-016 -0.94424442403165598        1.0041865036739675E-015   3.0553901422680874E-016   1.5120942130797992E-016  -1.6991205673067167E-017   4.2702614870973343E-017  -5.1747427603677704E-016   6.0456171560428983E-016  -1.0951114873713956E-015  -1.3839770007835091E-016   2.3497073892720461        1.2313392656916884E-015   1.7098554208374926E-015  -1.1845347665726923E-015
  -4.9816379320277715E-016  -5.3693310000353732E-016  0.16121711062575911        2.2701385190218138E-015   1.0030936855882217E-015  -7.9779182506619446E-016   7.8916131871261744E-002  -4.0176768063871401E-015  -5.2264113955429511E-016   3.3851954963659851E-016 -0.94424442403165365       -1.6155590364202471E-018   4.4637523219833233E-016   1.2234098171596849E-015  -1.5244416268303475E-015   1.1678779710418089E-015  -1.1748241163109402E-015   2.9255330621279636E-015  -2.7958376479025274E-016   1.2313392656916884E-015   2.3497073892720470       -4.9088666005085237E-015   5.7860754630321271E-016
   2.9020293948487569E-015   3.7052351635015517E-016   2.7794106160043109E-015  0.23210945110155537       -2.9043956607751056E-015  -1.2628566429764077E-017  -3.1960842773798802E-015   7.7082613729041086E-002  -9.8080873159018215E-016  -6.3612445261378210E-016   1.1664295920131921E-015   4.6286941852821881E-015   1.3640827850000585E-015   3.6561351951089204E-016   3.6693173784817913E-015   1.1846727362609307E-015   5.7613114907669151E-016  -1.0905803119960142        1.4547122144022339E-015   1.7098554208374926E-015  -4.9088666005085237E-015   2.5996677253538629      -0.70458142494084619     
  -1.3798733156010336E-015  -4.6810292628779296E-016   3.9670077568492149E-017  -6.9662959824318249E-002   1.5651933889858310E-015  -3.1792752878727794E-016   1.3479101912586039E-015  -3.6905027139168215E-003  -8.4485312160010884E-017   8.3090574672469104E-016  -1.6049570218555524E-015  -9.0580510581918966E-017  -6.2237830284472401E-016  -6.5422694916412835E-017  -6.6712740214933696E-016  -4.0154784779513996E-016  -7.8320516133383532E-017  0.26413187891666517       -1.0123744265541697E-015  -1.1845347665726923E-015   5.7860754630321271E-016 -0.70458142494084619        2.1921696437913605     
