   4.0231254633911214E-031  -3.2939361755716129E-032   2.6249361968108724E-032  -2.2615848304783644E-018  -1.1707726169690578E-031   1.0891693657306573E-031   2.3240820266875689E-031  -6.2955371690364664E-017  -8.8280909433810834E-016
  -3.2939361755716129E-032   2.7076610863375352E-033  -2.4026020799663812E-033  -2.6266569584417146E-018   8.9677817857382317E-033  -8.9104057416174093E-033  -1.8600575531960214E-032   4.5503034508476487E-018   7.3086992242205514E-017
   2.6249361968108724E-032  -2.4026020799663812E-033   7.6879824974174970E-033   6.6147877118763838E-017   6.9302138795808123E-033   6.9372618573824230E-033   5.0759633903895469E-033   1.0137169157798793E-017  -7.6625678987515851E-017
  -2.2615848304783644E-018  -2.6266569584417146E-018   6.6147877118763838E-017  0.73555343094659809        1.6230028783868744E-016  -2.4890132434892186E-018  -1.1322938210557949E-016  0.15839805901660517      -0.20612592709798469     
  -1.1707726169690578E-031   8.9677817857382317E-033   6.9302138795808123E-033   1.6230028783868744E-016   6.9593152058066403E-032  -3.2108427395872370E-032  -9.2229412018120129E-032   5.3052410448592432E-017   2.1051815571222773E-016
   1.0891693657306573E-031  -8.9104057416174093E-033   6.9372618573824230E-033  -2.4890132434892186E-018  -3.2108427395872370E-032   2.9491562380005739E-032   6.3204787289530952E-032  -1.7446981053583033E-017  -2.3846181149027505E-016
   2.3240820266875689E-031  -1.8600575531960214E-032   5.0759633903895469E-033  -1.1322938210557949E-016  -9.2229412018120129E-032   6.3204787289530952E-032   1.5128838971586884E-031  -6.0416755285991657E-017  -4.7786168348595852E-016
  -6.2955371690364664E-017   4.5503034508476487E-018   1.0137169157798793E-017  0.15839805901660517        5.3052410448592432E-017  -1.7446981053583033E-017  -6.0416755285991657E-017   4.3810122970882007E-002   9.2789083382117027E-002
  -8.8280909433810834E-016   7.3086992242205514E-017  -7.6625678987515851E-017 -0.20612592709798469        2.1051815571222773E-016  -2.3846181149027505E-016  -4.7786168348595852E-016   9.2789083382117027E-002   1.9977593013870769     
