   2.4749554947977614E-003   3.7984292547112653E-017   1.0349665295417765E-016  -7.5366623724602447E-017  -4.9008063616468390E-003  -6.0031871949872447E-017  -1.4441006484223445E-016   5.7525872322256719E-017  -6.9783528750419974E-002  -7.7147422022742773E-016  -1.1632023943770713E-015   1.1162800872284812E-015   1.4973388069245933E-016
   3.7984292547112653E-017   2.4749554947977623E-003   4.5524844541366618E-017  -1.4376069672529418E-016  -4.8744734411235175E-017  -4.9008063616469127E-003  -9.6196896544960584E-017  -1.7501304238354611E-017  -2.9748728843813008E-016  -6.9783528750419904E-002  -6.8257133614951088E-016   1.4987415974064255E-016  -1.2649551242369781E-015
   1.0349665295417765E-016   4.5524844541366618E-017   2.4749554947979526E-003  -6.7298509208242063E-016  -1.8131862554633376E-016  -7.0568855934597709E-017  -4.9008063616471373E-003  -2.3426547801179943E-016  -1.7055110036919008E-015  -5.8592487686779521E-016  -6.9783528750422638E-002  -1.9316348049728617E-015  -3.0717513501712949E-015
  -7.5366623724602447E-017  -1.4376069672529418E-016  -6.7298509208242063E-016  0.61507285344052620       -2.5652722209923357E-016   1.2600042994324759E-016   5.2183186417399371E-016  0.19700823731102726        3.7014988060710669E-016  -5.3845307794304996E-016   6.1191115437877056E-016 -0.20314721505709399        4.4945151109671351E-002
  -4.9008063616468390E-003  -4.8744734411235175E-017  -1.8131862554633376E-016  -2.5652722209923357E-016   9.7043777331926248E-003   6.6457358008625076E-017   2.3918114023916963E-016  -1.8669427502378615E-016  0.13818250968838902        7.8129133208610507E-016   1.6373079107789845E-015  -9.2072783120356200E-016   1.6421212537579344E-016
  -6.0031871949872447E-017  -4.9008063616469127E-003  -7.0568855934597709E-017   1.2600042994324759E-016   6.6457358008625076E-017   9.7043777331929128E-003   1.5171884744629589E-016  -7.2378388683981142E-019   1.6097183536210177E-016  0.13818250968839091        7.9959910220805952E-016  -1.4514774111471274E-016   1.3345062940340861E-015
  -1.4441006484223445E-016  -9.6196896544960584E-017  -4.9008063616471373E-003   5.2183186417399371E-016   2.3918114023916963E-016   1.5171884744629589E-016   9.7043777331930550E-003   8.8776260599693766E-017   1.6704895794547245E-015   1.3308276735398555E-015  0.13818250968839205        1.3394211194519109E-015   2.4810655996304399E-015
   5.7525872322256719E-017  -1.7501304238354611E-017  -2.3426547801179943E-016  0.19700823731102726       -1.8669427502378615E-016  -7.2378388683981142E-019   8.8776260599693766E-017   6.9543034451758412E-002  -5.6146271998588359E-016  -6.0130970811249326E-016  -1.7415199253301927E-015   4.8881843966803354E-002  -2.8785100822602876E-002
  -6.9783528750419974E-002  -2.9748728843813008E-016  -1.7055110036919008E-015   3.7014988060710669E-016  0.13818250968838902        1.6097183536210177E-016   1.6704895794547245E-015  -5.6146271998588359E-016   1.9676074560114938       -5.7489820196043873E-017  -1.3946905696310408E-015   2.9057147610906353E-016  -1.8667435892164057E-016
  -7.7147422022742773E-016  -6.9783528750419904E-002  -5.8592487686779521E-016  -5.3845307794304996E-016   7.8129133208610507E-016  0.13818250968839091        1.3308276735398555E-015  -6.0130970811249326E-016  -5.7489820196043873E-017   1.9676074560114891       -4.2619987400405179E-016  -1.3291445262132885E-015   8.3360743771475981E-016
  -1.1632023943770713E-015  -6.8257133614951088E-016  -6.9783528750422638E-002   6.1191115437877056E-016   1.6373079107789845E-015   7.9959910220805952E-016  0.13818250968839205       -1.7415199253301927E-015  -1.3946905696310408E-015  -4.2619987400405179E-016   1.9676074560114920        3.2550759445294371E-017  -6.4087909298673964E-016
   1.1162800872284812E-015   1.4987415974064255E-016  -1.9316348049728617E-015 -0.20314721505709399       -9.2072783120356200E-016  -1.4514774111471274E-016   1.3394211194519109E-015   4.8881843966803354E-002   2.9057147610906353E-016  -1.3291445262132885E-015   3.2550759445294371E-017   2.1323093252071672      -0.47952227248528184     
   1.4973388069245933E-016  -1.2649551242369781E-015  -3.0717513501712949E-015   4.4945151109671351E-002   1.6421212537579344E-016   1.3345062940340861E-015   2.4810655996304399E-015  -2.8785100822602876E-002  -1.8667435892164057E-016   8.3360743771475981E-016  -6.4087909298673964E-016 -0.47952227248528184        2.1077176536364584     
