  0.71699462390233160       -1.4427309910660928E-017  -8.4206933418339014E-017  -1.1364573248723619E-016  0.67395170557343598       -2.6607851839381381E-017  -8.6109369417872172E-018  -2.2401002031649441E-016   3.2410090321279343E-016
  -1.4427309910660928E-017  0.71699462390233137        9.7531415841360716E-017   7.8696473841960470E-017  -9.4737545627581755E-018  0.67395170557343542       -4.6896507358687197E-018  -2.3039884243926674E-017  -9.7014016266826288E-018
  -8.4206933418339014E-017   9.7531415841360716E-017  0.71699462390233204        7.6457494782255688E-017  -4.4462453467272733E-017   1.1348182543241619E-016  0.67395170557343598        6.3014248183510515E-017   3.3102258086422708E-016
  -1.1364573248723619E-016   7.8696473841960470E-017   7.6457494782255688E-017   1.3333882226597706       -8.6396713411250958E-018   9.1756550812813906E-017  -2.8993321531039786E-016  0.41781194597226196      -0.47027658874585326     
  0.67395170557343598       -9.4737545627581755E-018  -4.4462453467272733E-017  -8.6396713411250958E-018  0.63349275755129730       -2.1168448589744373E-017   2.4513133493539452E-017  -2.3284407610134869E-016  -2.4148775026712819E-016
  -2.6607851839381381E-017  0.67395170557343542        1.1348182543241619E-016   9.1756550812813906E-017  -2.1168448589744373E-017  0.63349275755129630        1.6088302109956733E-017  -1.5862089413748694E-017  -1.3251040798144731E-017
  -8.6109369417872172E-018  -4.6896507358687197E-018  0.67395170557343598       -2.8993321531039786E-016   2.4513133493539452E-017   1.6088302109956733E-017  0.63349275755129686       -2.6427303865341818E-016  -1.5874536134681512E-015
  -2.2401002031649441E-016  -2.3039884243926674E-017   6.3014248183510515E-017  0.41781194597226196       -2.3284407610134869E-016  -1.5862089413748694E-017  -2.6427303865341818E-016  0.15128856536882215        4.9044952615992378E-002
   3.2410090321279343E-016  -9.7014016266826288E-018   3.3102258086422708E-016 -0.47027658874585326       -2.4148775026712819E-016  -1.3251040798144731E-017  -1.5874536134681512E-015   4.9044952615992378E-002   2.0596696479498284     
