  0.51576592960487733       -2.9905909924391490E-018   1.9636708347333271E-016   4.0485466964061692E-016  0.44121527916612202       -2.1546259423623484E-017   2.2876665839444144E-016   1.3685681324018400E-016  -3.7927078888053602E-016
  -2.9905909924391490E-018  0.51576592960487755       -1.2973100151283715E-016   3.2948347317914947E-017  -2.1333823560452009E-016  0.44121527916612352       -5.4170015731438535E-017   5.4362395630548327E-017  -1.7036992272136727E-016
   1.9636708347333271E-016  -1.2973100151283715E-016  0.51576592960487466       -7.7332227553320124E-016   2.0241151058493962E-016  -7.2119349744546373E-017  0.44121527916612197        6.0503389591045512E-019   1.0881300490191122E-016
   4.0485466964061692E-016   3.2948347317914947E-017  -7.7332227553320124E-016   1.2873087901965892       -7.8124837446790412E-017  -2.9849721444848237E-016   3.6227128747081016E-017  0.43101407908047484      -0.45499619987443135     
  0.44121527916612202       -2.1333823560452009E-016   2.0241151058493962E-016  -7.8124837446790412E-017  0.37744044613178357       -1.9874442261196001E-016   2.2515265115282307E-016   3.0364689470586619E-018   1.0573560944167901E-016
  -2.1546259423623484E-017  0.44121527916612352       -7.2119349744546373E-017  -2.9849721444848237E-016  -1.9874442261196001E-016  0.37744044613178585       -1.3096682258288157E-017  -5.7199065278889847E-017   2.6351714391674115E-017
   2.2876665839444144E-016  -5.4170015731438535E-017  0.44121527916612197        3.6227128747081016E-017   2.2515265115282307E-016  -1.3096682258288157E-017  0.37744044613178551        2.7269251824326863E-016   2.3109220186971367E-016
   1.3685681324018400E-016   5.4362395630548327E-017   6.0503389591045512E-019  0.43101407908047484        3.0364689470586619E-018  -5.7199065278889847E-017   2.7269251824326863E-016  0.16340765385465969        3.8199471737075545E-002
  -3.7927078888053602E-016  -1.7036992272136727E-016   1.0881300490191122E-016 -0.45499619987443135        1.0573560944167901E-016   2.6351714391674115E-017   2.3109220186971367E-016   3.8199471737075545E-002   2.0619932514466570     
