   1.5441928180831713E-003  -1.3280722591752638E-017   5.4877305888915427E-017  -5.1717545712163705E-016  -3.4734106792142770E-003   4.8472207531658565E-017  -1.0389621427726511E-016  -1.1298636114600235E-016  -5.8058909320619183E-002   6.9200786957707941E-016  -1.8489399396834187E-015   1.9266044104523918E-015   2.9059664691439582E-002  -8.5421570581762533E-016   3.8654401487509199E-016  -4.7968418546696126E-016   8.3687135784287492E-016   2.8841350858139566E-015  -5.6115339880709187E-016  -1.0199224534316599E-015   5.5788017155998385E-016   1.8552609359355142E-016  -1.3346725555451071E-002   8.8611879213537519E-016   1.7857182740030846E-015  -2.3180618041253711E-015  -2.2622245567970254E-015
  -1.3280722591752638E-017   1.5441928180836737E-003  -7.4373163027272643E-017  -2.8515992025737583E-016   2.6722119394379875E-017  -3.4734106792149795E-003   1.4545930543057771E-016  -1.2945260501943811E-016  -8.4183353617555499E-017  -5.8058909320628779E-002   3.2005741682798410E-015   9.4933006583649546E-016   7.8083004395158729E-016   2.9059664691443811E-002  -4.8834370433385310E-016   1.1701979593255039E-015  -4.1487414305234184E-016  -6.8800112101229810E-016   2.3359531968558632E-016  -3.3029660210948046E-016  -7.4076761768121973E-017   5.0548446896276887E-016  -2.1031122696153904E-015  -1.3346725555453501E-002   7.1538063249996764E-016   3.4292261893848548E-017  -3.2767476012170632E-017
   5.4877305888915427E-017  -7.4373163027272643E-017   1.5441928180835683E-003   3.5727984235051055E-016  -1.0529853026100370E-016   1.7603364250648293E-017  -3.4734106792150546E-003  -6.3980932970293343E-017  -5.1536745587798562E-016  -2.9184813973826102E-016  -5.8058909320625983E-002   1.1637985791564582E-015   5.6102697865796549E-016  -1.4072925097890795E-015   2.9059664691447940E-002   1.0142709732210522E-015  -1.8732888310350537E-015  -2.4098019711938136E-016  -8.2196081149751684E-016   1.1913717063681834E-016  -3.3428549928444156E-016   1.7229825845676953E-015   1.5379500460935486E-015  -7.1666300496341780E-016  -1.3346725555453919E-002   1.2827186954063591E-015   3.0348836379056874E-015
  -5.1717545712163705E-016  -2.8515992025737583E-016   3.5727984235051055E-016  0.61143737965514167        7.3543642378608164E-016   1.1477158598724342E-016  -4.8769036331280449E-016  0.21818886697675738        1.3223685126805362E-015  -4.8442452105355851E-016  -6.6402293035412766E-015 -0.23792147395853408        4.8841100758973194E-016  -5.6443166696046205E-015  -3.6121501455478845E-015   6.0080389682869148E-002  -1.8188059305820042E-015  -1.1969274843666715E-015  -6.3076151226759575E-017   4.0352422516252401E-016   1.4307999913448136E-017  -6.2330620411974193E-016   2.5081385184007072E-015   2.2941780239245606E-015   8.3636442090788238E-015  -3.4156607441001907E-002   9.6587780322109681E-003
  -3.4734106792142770E-003   2.6722119394379875E-017  -1.0529853026100370E-016   7.3543642378608164E-016   7.8184215363942544E-003  -1.0040541845632528E-016   1.8683937453830068E-016   9.8763402889827109E-017  0.13107461570262666       -1.5182781553359319E-015   3.1132653624684446E-015  -1.8782456984434430E-015  -6.2706298532248267E-002   9.0975190703527878E-016  -8.3605963542262088E-016   4.2243985814309163E-016  -2.9482381347622166E-016  -3.8609026635141761E-015  -4.6585270991774752E-016   1.1326924430678657E-015  -8.7879372378679025E-016  -8.4342974991335874E-016   2.6991921836898313E-002  -6.8630620095391466E-016  -7.6620779287787412E-016   1.3457773763893884E-015   2.0501169501379466E-015
   4.8472207531658565E-017  -3.4734106792149795E-003   1.7603364250648293E-017   1.1477158598724342E-016  -1.0040541845632528E-016   7.8184215363948772E-003   8.8474043897235561E-018   1.0497358932702503E-016  -2.5164325683569746E-016  0.13107461570263235       -1.4500574377117959E-015   1.5053319299852188E-016  -5.7912793224594703E-016  -6.2706298532245755E-002  -1.2827217481885231E-016  -1.7963492286243120E-015   3.8272039843512687E-016   2.8685454198143073E-016  -2.4975131859864355E-016   4.9294694643584478E-017   1.3002086861104570E-017   1.1296645966883963E-016   1.7618964784311485E-015   2.6991921836902171E-002  -3.9132934537678256E-016   3.8830644538787767E-016   4.2948571030877543E-016
  -1.0389621427726511E-016   1.4545930543057771E-016  -3.4734106792150546E-003  -4.8769036331280449E-016   1.8683937453830068E-016   8.8474043897235561E-018   7.8184215363957706E-003   2.6767574497725583E-016   1.7096936523854428E-016   1.2990133535758759E-015  0.13107461570263901       -4.5762326223133107E-016   1.2432029621793454E-016  -8.1600683807878710E-017  -6.2706298532251653E-002  -6.6834613615346365E-016   2.7946031777078095E-015   9.0703134114071439E-016   1.0748984191029473E-015  -2.5085608909159547E-016   5.2299512192693910E-016  -2.4757120212625973E-015  -7.8068395652336454E-016   1.4655122912251546E-015   2.6991921836902927E-002  -4.4505220104022986E-016  -3.5186014842145400E-015
  -1.1298636114600235E-016  -1.2945260501943811E-016  -6.3980932970293343E-017  0.21818886697675738        9.8763402889827109E-017   1.0497358932702503E-016   2.6767574497725583E-016   7.8024156618667309E-002  -2.2001942780203267E-015   1.4801451836173300E-015   6.5419988612614150E-015  -8.2112633521580658E-002   2.0662500174044311E-016   5.0660455757619445E-015   6.3526378901722748E-015   3.0548682525849240E-003   2.4718619362638699E-015   1.6254385450907629E-015  -5.3323080238144193E-017  -1.3879795087760324E-015   9.9260339569175558E-017  -1.5133453382877712E-015  -2.1222384062174836E-015  -1.9008099808626279E-015  -9.0852838085840334E-015   2.8690799607640274E-003  -4.9075694557543601E-003
  -5.8058909320619183E-002  -8.4183353617555499E-017  -5.1536745587798562E-016   1.3223685126805362E-015  0.13107461570262666       -2.5164325683569746E-016   1.7096936523854428E-016  -2.2001942780203267E-015   2.2247503655134331        6.3499058458046324E-016  -5.4681736569306416E-016  -2.6141649214855378E-017 -0.84860055654037425       -2.9905108351329662E-016   9.1815660976934943E-016   5.1833957707110967E-016  -3.8796218302069711E-016   5.3641558129767960E-016   2.4077172353833728E-016  -9.9054759893932221E-016  -6.0707709192060062E-016   1.2861185447113443E-015  0.25106331639337998        2.3163574048899016E-016  -5.9027777918373506E-016   2.8197309660354331E-016  -2.5763261753971582E-018
   6.9200786957707941E-016  -5.8058909320628779E-002  -2.9184813973826102E-016  -4.8442452105355851E-016  -1.5182781553359319E-015  0.13107461570263235        1.2990133535758759E-015   1.4801451836173300E-015   6.3499058458046324E-016   2.2247503655134437       -3.2753852002939180E-015  -4.5494369785565516E-015  -2.1282585943325314E-016 -0.84860055654037925        1.6672030279157824E-015  -5.3137946770572245E-015   3.7066287678466033E-015   1.2681233969389491E-015   6.0053318679076034E-017   3.8486661478712338E-015   2.3911442602632194E-016   1.9600884953097799E-015  -1.3654937218214231E-016  0.25106331639337254       -1.2999104612995970E-015  -6.1727506396698965E-016   1.4631527430398148E-017
  -1.8489399396834187E-015   3.2005741682798410E-015  -5.8058909320625983E-002  -6.6402293035412766E-015   3.1132653624684446E-015  -1.4500574377117959E-015  0.13107461570263901        6.5419988612614150E-015  -5.4681736569306416E-016  -3.2753852002939180E-015   2.2247503655134198        4.3508526138691928E-015   6.7338780493537975E-016   3.4299839023710030E-015 -0.84860055654037370       -5.3137835273173849E-015  -1.7755665631531605E-015  -3.5537921475935257E-016  -3.4894277299739278E-016   1.1279239634312042E-015  -3.9028299225769883E-017   1.6101613546024670E-015  -1.3777143353021701E-015  -2.4377900624985707E-015  0.25106331639337748        2.2761838258542787E-015  -5.4905941602257880E-016
   1.9266044104523918E-015   9.4933006583649546E-016   1.1637985791564582E-015 -0.23792147395853408       -1.8782456984434430E-015   1.5053319299852188E-016  -4.5762326223133107E-016  -8.2112633521580658E-002  -2.6141649214855378E-017  -4.5494369785565516E-015   4.3508526138691928E-015   2.3788978796650619        7.6506987621903706E-016   3.3354567340272215E-015  -4.3196949649802632E-015 -0.90321901475528732       -8.3073059797474496E-016  -1.2610380832693195E-016   6.5505238445428284E-017   4.0104934919255988E-015  -1.1243517171495628E-016   4.5822072811743390E-015  -1.4667464834011965E-015  -9.1003291954171203E-016   3.1858338691690250E-015  0.34382936960737082       -7.7840327979866522E-002
   2.9059664691439582E-002   7.8083004395158729E-016   5.6102697865796549E-016   4.8841100758973194E-016  -6.2706298532248267E-002  -5.7912793224594703E-016   1.2432029621793454E-016   2.0662500174044311E-016 -0.84860055654037425       -2.1282585943325314E-016   6.7338780493537975E-016   7.6506987621903706E-016   2.6655623298976892        8.6562078249826974E-017   4.1112014644408348E-016   3.9006753593237758E-016   9.6109003355013578E-016  -7.0403261087714208E-016   6.8348446756136164E-016  -4.1427265433011341E-016   8.0260616889348102E-016  -4.8840376710628615E-016 -0.99023320071626453       -5.3332002769733680E-017  -8.0404602518114460E-017  -1.1544141507869805E-015   2.0876536434956292E-016
  -8.5421570581762533E-016   2.9059664691443811E-002  -1.4072925097890795E-015  -5.6443166696046205E-015   9.0975190703527878E-016  -6.2706298532245755E-002  -8.1600683807878710E-017   5.0660455757619445E-015  -2.9905108351329662E-016 -0.84860055654037925        3.4299839023710030E-015   3.3354567340272215E-015   8.6562078249826974E-017   2.6655623298976847       -1.5061018603329699E-015   1.5487043339674764E-015  -8.6994605690329574E-016  -8.9755300739028741E-016   1.6231145236173865E-016  -9.6201509427655469E-016  -3.0685009407978037E-016  -4.2174875503779091E-017   5.4640239079227246E-017 -0.99023320071626575        1.6944796568066180E-015  -9.6200030173897109E-016  -1.0765852393124382E-015
   3.8654401487509199E-016  -4.8834370433385310E-016   2.9059664691447940E-002  -3.6121501455478845E-015  -8.3605963542262088E-016  -1.2827217481885231E-016  -6.2706298532251653E-002   6.3526378901722748E-015   9.1815660976934943E-016   1.6672030279157824E-015 -0.84860055654037370       -4.3196949649802632E-015   4.1112014644408348E-016  -1.5061018603329699E-015   2.6655623298976865        4.6633177163247134E-015   4.4016719008521510E-016   2.5497799554276733E-016   1.7775708492816508E-016  -1.7313579003300795E-015   4.1819642419373809E-017  -2.1153306551658082E-015   5.1573231532001541E-016   1.2473643440739069E-015 -0.99023320071626386       -2.6512663730629939E-015   1.1812590680245286E-015
  -4.7968418546696126E-016   1.1701979593255039E-015   1.0142709732210522E-015   6.0080389682869148E-002   4.2243985814309163E-016  -1.7963492286243120E-015  -6.6834613615346365E-016   3.0548682525849240E-003   5.1833957707110967E-016  -5.3137946770572245E-015  -5.3137835273173849E-015 -0.90321901475528732        3.9006753593237758E-016   1.5487043339674764E-015   4.6633177163247134E-015   2.7294739431321298       -3.4462612095183347E-014   2.5579848067764470E-015  -6.6277014024024956E-016  -3.7771253284417559E-015   8.4606042524539817E-017  -5.3986666767394151E-015  -7.9214716455551147E-016   2.4827892208353638E-016  -3.0015480773638935E-015  -1.1267918980511746       0.26999627744776578     
   8.3687135784287492E-016  -4.1487414305234184E-016  -1.8732888310350537E-015  -1.8188059305820042E-015  -2.9482381347622166E-016   3.8272039843512687E-016   2.7946031777078095E-015   2.4718619362638699E-015  -3.8796218302069711E-016   3.7066287678466033E-015  -1.7755665631531605E-015  -8.3073059797474496E-016   9.6109003355013578E-016  -8.6994605690329574E-016   4.4016719008521510E-016  -3.4462612095183347E-014   2.0000000000000369       -4.2186306531411007E-016   1.9044011159707863E-016 -0.99999999999999556        1.0865738647378165E-015  -1.0000000000000024       -2.5595666111341725E-016  -9.0683903306649890E-016  -5.3790610079571957E-016   2.8880493467240214E-015  -6.7667878115640698E-016
   2.8841350858139566E-015  -6.8800112101229810E-016  -2.4098019711938136E-016  -1.1969274843666715E-015  -3.8609026635141761E-015   2.8685454198143073E-016   9.0703134114071439E-016   1.6254385450907629E-015   5.3641558129767960E-016   1.2681233969389491E-015  -3.5537921475935257E-016  -1.2610380832693195E-016  -7.0403261087714208E-016  -8.9755300739028741E-016   2.5497799554276733E-016   2.5579848067764470E-015  -4.2186306531411007E-016   1.9999999999999958       -1.3487203975176554E-015  -2.4505408553060500E-015  -1.6593104386168622E-015   2.9066918143250119E-015   1.0785034601326458E-015   1.6652603764570741E-016   5.3022967533800274E-016  -1.2396375718602865E-015  -4.6545154755747524E-016
  -5.6115339880709187E-016   2.3359531968558632E-016  -8.2196081149751684E-016  -6.3076151226759575E-017  -4.6585270991774752E-016  -2.4975131859864355E-016   1.0748984191029473E-015  -5.3323080238144193E-017   2.4077172353833728E-016   6.0053318679076034E-017  -3.4894277299739278E-016   6.5505238445428284E-017   6.8348446756136164E-016   1.6231145236173865E-016   1.7775708492816508E-016  -6.6277014024024956E-016   1.9044011159707863E-016  -1.3487203975176554E-015   1.9999999999999978        1.7658400783271409E-015   2.5272752640637098E-016  -1.9253668754812270E-015   1.1994074059251511E-017  -1.1801270832279511E-016  -1.4467728013125582E-016   2.1509529127296260E-016   8.3358931299008216E-018
  -1.0199224534316599E-015  -3.3029660210948046E-016   1.1913717063681834E-016   4.0352422516252401E-016   1.1326924430678657E-015   4.9294694643584478E-017  -2.5085608909159547E-016  -1.3879795087760324E-015  -9.9054759893932221E-016   3.8486661478712338E-015   1.1279239634312042E-015   4.0104934919255988E-015  -4.1427265433011341E-016  -9.6201509427655469E-016  -1.7313579003300795E-015  -3.7771253284417559E-015 -0.99999999999999556       -2.4505408553060500E-015   1.7658400783271409E-015   1.9999999999999818        3.0426778718090075E-016  -1.0000000000000042       -7.1791136066441742E-016   6.8875680684109698E-016   3.4223532076482734E-016   7.0827988381066510E-015  -2.8171280105960860E-016
   5.5788017155998385E-016  -7.4076761768121973E-017  -3.3428549928444156E-016   1.4307999913448136E-017  -8.7879372378679025E-016   1.3002086861104570E-017   5.2299512192693910E-016   9.9260339569175558E-017  -6.0707709192060062E-016   2.3911442602632194E-016  -3.9028299225769883E-017  -1.1243517171495628E-016   8.0260616889348102E-016  -3.0685009407978037E-016   4.1819642419373809E-017   8.4606042524539817E-017   1.0865738647378165E-015  -1.6593104386168622E-015   2.5272752640637098E-016   3.0426778718090075E-016   2.0000000000000022       -8.7559489823571584E-016   6.4763774759263655E-016   2.4489411741727139E-016  -1.2500258861409062E-016  -3.0294471893171908E-016  -6.9192176835189517E-017
   1.8552609359355142E-016   5.0548446896276887E-016   1.7229825845676953E-015  -6.2330620411974193E-016  -8.4342974991335874E-016   1.1296645966883963E-016  -2.4757120212625973E-015  -1.5133453382877712E-015   1.2861185447113443E-015   1.9600884953097799E-015   1.6101613546024670E-015   4.5822072811743390E-015  -4.8840376710628615E-016  -4.2174875503779091E-017  -2.1153306551658082E-015  -5.3986666767394151E-015  -1.0000000000000024        2.9066918143250119E-015  -1.9253668754812270E-015  -1.0000000000000042       -8.7559489823571584E-016   1.9999999999999860        9.5677238878017268E-016  -1.0408252880620295E-015   5.8011301879050941E-017   8.2857961447884849E-015  -4.2484782053047029E-016
  -1.3346725555451071E-002  -2.1031122696153904E-015   1.5379500460935486E-015   2.5081385184007072E-015   2.6991921836898313E-002   1.7618964784311485E-015  -7.8068395652336454E-016  -2.1222384062174836E-015  0.25106331639337998       -1.3654937218214231E-016  -1.3777143353021701E-015  -1.4667464834011965E-015 -0.99023320071626453        5.4640239079227246E-017   5.1573231532001541E-016  -7.9214716455551147E-016  -2.5595666111341725E-016   1.0785034601326458E-015   1.1994074059251511E-017  -7.1791136066441742E-016   6.4763774759263655E-016   9.5677238878017268E-016   2.3699473422584996       -8.1106904217418283E-017  -9.2656875866632790E-016   1.3435157680872290E-015   6.5100784868055598E-016
   8.8611879213537519E-016  -1.3346725555453501E-002  -7.1666300496341780E-016   2.2941780239245606E-015  -6.8630620095391466E-016   2.6991921836902171E-002   1.4655122912251546E-015  -1.9008099808626279E-015   2.3163574048899016E-016  0.25106331639337254       -2.4377900624985707E-015  -9.1003291954171203E-016  -5.3332002769733680E-017 -0.99023320071626575        1.2473643440739069E-015   2.4827892208353638E-016  -9.0683903306649890E-016   1.6652603764570741E-016  -1.1801270832279511E-016   6.8875680684109698E-016   2.4489411741727139E-016  -1.0408252880620295E-015  -8.1106904217418283E-017   2.3699473422585076       -1.0435189326452652E-015   4.9022380516752034E-016   5.4561582260724686E-016
   1.7857182740030846E-015   7.1538063249996764E-016  -1.3346725555453919E-002   8.3636442090788238E-015  -7.6620779287787412E-016  -3.9132934537678256E-016   2.6991921836902927E-002  -9.0852838085840334E-015  -5.9027777918373506E-016  -1.2999104612995970E-015  0.25106331639337748        3.1858338691690250E-015  -8.0404602518114460E-017   1.6944796568066180E-015 -0.99023320071626386       -3.0015480773638935E-015  -5.3790610079571957E-016   5.3022967533800274E-016  -1.4467728013125582E-016   3.4223532076482734E-016  -1.2500258861409062E-016   5.8011301879050941E-017  -9.2656875866632790E-016  -1.0435189326452652E-015   2.3699473422584978        3.2351954249719156E-015  -2.5401444572814958E-016
  -2.3180618041253711E-015   3.4292261893848548E-017   1.2827186954063591E-015  -3.4156607441001907E-002   1.3457773763893884E-015   3.8830644538787767E-016  -4.4505220104022986E-016   2.8690799607640274E-003   2.8197309660354331E-016  -6.1727506396698965E-016   2.2761838258542787E-015  0.34382936960737082       -1.1544141507869805E-015  -9.6200030173897109E-016  -2.6512663730629939E-015  -1.1267918980511746        2.8880493467240214E-015  -1.2396375718602865E-015   2.1509529127296260E-016   7.0827988381066510E-015  -3.0294471893171908E-016   8.2857961447884849E-015   1.3435157680872290E-015   4.9022380516752034E-016   3.2351954249719156E-015   2.6340239567466912      -0.71572313850088209     
  -2.2622245567970254E-015  -3.2767476012170632E-017   3.0348836379056874E-015   9.6587780322109681E-003   2.0501169501379466E-015   4.2948571030877543E-016  -3.5186014842145400E-015  -4.9075694557543601E-003  -2.5763261753971582E-018   1.4631527430398148E-017  -5.4905941602257880E-016  -7.7840327979866522E-002   2.0876536434956292E-016  -1.0765852393124382E-015   1.1812590680245286E-015  0.26999627744776578       -6.7667878115640698E-016  -4.6545154755747524E-016   8.3358931299008216E-018  -2.8171280105960860E-016  -6.9192176835189517E-017  -4.2484782053047029E-016   6.5100784868055598E-016   5.4561582260724686E-016  -2.5401444572814958E-016 -0.71572313850088209        2.1950612231420714     
