  0.55224692451959068        1.0785792998698899E-016  -3.0803658500627297E-016  -2.1868542761998963E-017  0.41325897809664369        2.3777713184389858E-016   3.1280051254140941E-016  -4.0835899756576735E-017   2.4509020471139240E-016   2.6774281825502733E-016  -2.7003397519006908E-016   8.0665701736098468E-016   1.2399235247723253E-016  -1.0860735804218825E-015 -0.27653237938715086       -8.3402172157654796E-016   2.1125065231992925E-016   3.2228892663315374E-016  0.10087758725542006        4.8000258652620400E-016   4.6501653524052077E-016  -7.1310319413227643E-017  -2.4723175782580414E-016
   1.0785792998698899E-016  0.55224692451958091       -3.8882166688826610E-016  -5.9313106423771921E-016   3.6152743175699780E-016  0.41325897809663908        3.3492859522071826E-016   1.8085026760444003E-016  -1.2307125262422419E-015  -2.5409570396062789E-016  -5.6340107251214121E-016  -4.5369256871396130E-016   3.1936055855538624E-017   3.8466503622630597E-016  -8.3742482312883675E-016 -0.27653237938714353        2.7720620923360490E-015   1.1029417329148515E-015   5.6827096792891816E-016  0.10087758725542009        4.1439122893663299E-016   4.5183848937769479E-016  -5.2369430245142495E-016
  -3.0803658500627297E-016  -3.8882166688826610E-016  0.55224692451957980        6.4445423832389755E-016   8.8932373618207870E-017   5.5340175935134271E-016  0.41325897809664103        4.3023085583774700E-016  -2.5621245644803098E-016   3.6674096351037422E-016   4.3063041903681447E-016   2.5057678091623360E-016   1.2380405749721157E-016  -8.7191136713494089E-017   7.4560477522709920E-016   2.8637082850710003E-015 -0.27653237938714947       -8.6006501324054998E-016   2.3156040245924221E-016  -1.5356187366608771E-015  0.10087758725541807       -1.4492904707300064E-017   8.3108011399469663E-016
  -2.1868542761998963E-017  -5.9313106423771921E-016   6.4445423832389755E-016  0.79594979404905075       -2.4793023080541873E-016  -2.7651361680110559E-016   6.3573876076260621E-016  0.59219674140307410       -1.2051856973468883E-014  -2.2562354643440694E-015  -1.0551404303099966E-015   9.2025072305917477E-016  -1.4537369174542131E-015  -7.2632460328708003E-015   8.0546662187570856E-016   1.9793708437147388E-015   5.9459437829110291E-016 -0.50602073823534099        7.8048641832726881E-016  -1.5222411043976501E-015   3.5507300835716766E-015  0.19450573754004355       -5.9563176479362982E-002
  0.41325897809664369        3.6152743175699780E-016   8.8932373618207870E-017  -2.4793023080541873E-016  0.31218509603798150        4.5737729618755756E-016   4.3690188824133328E-016  -2.1765439663256650E-016  -4.9457550858214555E-016  -4.2629377721899131E-016   3.4514590844150134E-016   5.5601147714079356E-017  -1.0326355009505790E-016   4.2326685555920387E-016 -0.13596233283594050        7.8214206197924378E-016   9.6880805063820091E-018  -1.8798913288497288E-016   1.2348457474226575E-002   1.4511804100816590E-016   5.9480389973738733E-016  -1.8159604561794399E-016   4.0868711065784809E-016
   2.3777713184389858E-016  0.41325897809663908        5.5340175935134271E-016  -2.7651361680110559E-016   4.5737729618755756E-016  0.31218509603797950        6.3260808190899112E-016   1.3915693274130103E-016   1.2631023977399063E-015   8.0147465667582439E-016   1.3397999899234900E-016  -4.0288807749035191E-016  -2.4260830651391289E-016  -1.6185682639283915E-015   7.1380304674808271E-017 -0.13596233283594697       -1.9004017881475151E-015  -1.6745098397836430E-016   1.3519265892765751E-016   1.2348457474225118E-002  -6.3783000976778809E-016  -2.3712134724467738E-016   6.3973321493496020E-017
   3.1280051254140941E-016   3.3492859522071826E-016  0.41325897809664103        6.3573876076260621E-016   4.3690188824133328E-016   6.3260808190899112E-016  0.31218509603798344        6.1439555749273330E-016   8.6231819382525502E-017  -9.2336599291145958E-016  -3.3941016552247332E-016  -4.7161165372697787E-016  -1.4811652985624510E-017   1.8527202661706813E-016  -8.2342670370295909E-016  -3.4602228734487618E-015 -0.13596233283594167        4.0062604859250812E-017   3.9820487040866713E-016   1.5759970339680087E-015   1.2348457474229663E-002  -1.4706550529488534E-016  -5.9470150050380099E-016
  -4.0835899756576735E-017   1.8085026760444003E-016   4.3023085583774700E-016  0.59219674140307410       -2.1765439663256650E-016   1.3915693274130103E-016   6.1439555749273330E-016  0.44440605989315102       -1.7548138028618189E-016   1.7752736341014794E-015   8.1324908865491506E-016  -8.0181024703985698E-015   2.2885469040567147E-015  -2.0355659235911232E-015  -5.8763315982736654E-016  -1.5983565745150870E-015   1.9617320567277447E-015 -0.29712961454334447       -6.2274053447595165E-016   1.4071729205502165E-015  -4.4531823195519040E-015   6.9901596383697806E-002  -4.9770641372193824E-003
   2.4509020471139240E-016  -1.2307125262422419E-015  -2.5621245644803098E-016  -1.2051856973468883E-014  -4.9457550858214555E-016   1.2631023977399063E-015   8.6231819382525502E-017  -1.7548138028618189E-016   2.0000000000000244       -2.6940255581919802E-015  -1.3179968184548476E-015  -1.0000000000000118       -6.2000778859941453E-016  -1.0000000000000133        4.2534699595595244E-016   2.1032839849942159E-015  -5.3411368418141644E-016   3.9771867017768141E-014  -2.7608361356618159E-016  -2.7982148754562220E-015   2.5851937991480329E-016  -1.0912866578803583E-014   6.1300837821579784E-015
   2.6774281825502733E-016  -2.5409570396062789E-016   3.6674096351037422E-016  -2.2562354643440694E-015  -4.2629377721899131E-016   8.0147465667582439E-016  -9.2336599291145958E-016   1.7752736341014794E-015  -2.6940255581919802E-015   2.0000000000000004       -5.0632241455073067E-016   1.1816990528462587E-015   1.4620466295966978E-016   8.3664493518917094E-016  -1.0523764786675770E-015  -1.4043471383545297E-016   1.0594378959777014E-016  -1.5611937300206244E-016   2.2558486533310990E-016  -1.4718099279247575E-016   2.0729845457681973E-016   5.8239544857904446E-016  -6.8323203249691172E-017
  -2.7003397519006908E-016  -5.6340107251214121E-016   4.3063041903681447E-016  -1.0551404303099966E-015   3.4514590844150134E-016   1.3397999899234900E-016  -3.3941016552247332E-016   8.1324908865491506E-016  -1.3179968184548476E-015  -5.0632241455073067E-016   1.9999999999999991       -2.8412873182698196E-016   2.5402179274977570E-016   4.1121319301333937E-015   2.6054378672701319E-016   1.1624966166838006E-015  -1.1143718295170339E-016  -1.6325296425905303E-015  -6.6437639656134074E-016  -3.5799511641043167E-016   4.1186864428216791E-016   7.3126654260170397E-016  -7.9286131741297367E-017
   8.0665701736098468E-016  -4.5369256871396130E-016   2.5057678091623360E-016   9.2025072305917477E-016   5.5601147714079356E-017  -4.0288807749035191E-016  -4.7161165372697787E-016  -8.0181024703985698E-015  -1.0000000000000118        1.1816990528462587E-015  -2.8412873182698196E-016   2.0000000000000218       -1.7997417250080440E-015  -1.0000000000000100       -3.5072746450367060E-016   1.8842770140147846E-015  -8.8708652469847440E-016   3.7259692389363626E-014  -7.8824165565817452E-016  -6.3868785709604181E-016   7.1535216734762608E-016  -1.0922897336310149E-014   6.8189929808815886E-015
   1.2399235247723253E-016   3.1936055855538624E-017   1.2380405749721157E-016  -1.4537369174542131E-015  -1.0326355009505790E-016  -2.4260830651391289E-016  -1.4811652985624510E-017   2.2885469040567147E-015  -6.2000778859941453E-016   1.4620466295966978E-016   2.5402179274977570E-016  -1.7997417250080440E-015   2.0000000000000022        1.5258896204136460E-016  -2.5769445937325513E-016   6.1238218146559912E-017  -3.1969590433415692E-016   1.7139762147304736E-015  -5.3282855677932565E-016  -1.1990143566566444E-017   2.9839564231808569E-016   7.4472442220371912E-016  -7.9068484784312568E-016
  -1.0860735804218825E-015   3.8466503622630597E-016  -8.7191136713494089E-017  -7.2632460328708003E-015   4.2326685555920387E-016  -1.6185682639283915E-015   1.8527202661706813E-016  -2.0355659235911232E-015  -1.0000000000000133        8.3664493518917094E-016   4.1121319301333937E-015  -1.0000000000000100        1.5258896204136460E-016   2.0000000000000235       -3.7794898361985426E-017   2.2324264828558959E-015  -1.9556636474651825E-015   3.9407283778568886E-014   5.4962734140866843E-016  -9.0075258144368884E-016   1.4723510858081353E-015  -1.0868771293868221E-014   6.0195143366862058E-015
 -0.27653237938715086       -8.3742482312883675E-016   7.4560477522709920E-016   8.0546662187570856E-016 -0.13596233283594050        7.1380304674808271E-017  -8.2342670370295909E-016  -5.8763315982736654E-016   4.2534699595595244E-016  -1.0523764786675770E-015   2.6054378672701319E-016  -3.5072746450367060E-016  -2.5769445937325513E-016  -3.7794898361985426E-017   2.3912791110687581       -2.5895265388002687E-016   2.8955389315085252E-015  -9.8835580998009834E-016 -0.86821036534019902       -8.8887566898799127E-017  -1.9060657474703836E-015   4.8590555364482320E-016   1.0852098102820736E-016
  -8.3402172157654796E-016 -0.27653237938714353        2.8637082850710003E-015   1.9793708437147388E-015   7.8214206197924378E-016 -0.13596233283594697       -3.4602228734487618E-015  -1.5983565745150870E-015   2.1032839849942159E-015  -1.4043471383545297E-016   1.1624966166838006E-015   1.8842770140147846E-015   6.1238218146559912E-017   2.2324264828558959E-015  -2.5895265388002687E-016   2.3912791110687555        1.1454096908730949E-015  -3.7690554583175488E-015  -1.8076995995476041E-016 -0.86821036534019336        1.2341117222634334E-015  -6.6831535877701447E-016   7.1081526352584364E-016
   2.1125065231992925E-016   2.7720620923360490E-015 -0.27653237938714947        5.9459437829110291E-016   9.6880805063820091E-018  -1.9004017881475151E-015 -0.13596233283594167        1.9617320567277447E-015  -5.3411368418141644E-016   1.0594378959777014E-016  -1.1143718295170339E-016  -8.8708652469847440E-016  -3.1969590433415692E-016  -1.9556636474651825E-015   2.8955389315085252E-015   1.1454096908730949E-015   2.3912791110687537        3.8446400557052906E-015  -6.2871500495287463E-016  -3.4564884066517345E-016 -0.86821036534019547        1.3168605368304869E-017  -3.7777866866356381E-016
   3.2228892663315374E-016   1.1029417329148515E-015  -8.6006501324054998E-016 -0.50602073823534099       -1.8798913288497288E-016  -1.6745098397836430E-016   4.0062604859250812E-017 -0.29712961454334447        3.9771867017768141E-014  -1.5611937300206244E-016  -1.6325296425905303E-015   3.7259692389363626E-014   1.7139762147304736E-015   3.9407283778568886E-014  -9.8835580998009834E-016  -3.7690554583175488E-015   3.8446400557052906E-015   2.6256074204927820       -5.0452214570360060E-017   2.5603712078906771E-015  -3.3600611234065986E-015  -1.0373393670697117       0.25036764293549263     
  0.10087758725542006        5.6827096792891816E-016   2.3156040245924221E-016   7.8048641832726881E-016   1.2348457474226575E-002   1.3519265892765751E-016   3.9820487040866713E-016  -6.2274053447595165E-016  -2.7608361356618159E-016   2.2558486533310990E-016  -6.6437639656134074E-016  -7.8824165565817452E-016  -5.3282855677932565E-016   5.4962734140866843E-016 -0.86821036534019902       -1.8076995995476041E-016  -6.2871500495287463E-016  -5.0452214570360060E-017   2.3169603835777841        7.8760229223181776E-017   5.0032995643974283E-016  -6.1675604043943596E-016   1.0479429834756775E-016
   4.8000258652620400E-016  0.10087758725542009       -1.5356187366608771E-015  -1.5222411043976501E-015   1.4511804100816590E-016   1.2348457474225118E-002   1.5759970339680087E-015   1.4071729205502165E-015  -2.7982148754562220E-015  -1.4718099279247575E-016  -3.5799511641043167E-016  -6.3868785709604181E-016  -1.1990143566566444E-017  -9.0075258144368884E-016  -8.8887566898799127E-017 -0.86821036534019336       -3.4564884066517345E-016   2.5603712078906771E-015   7.8760229223181776E-017   2.3169603835777797        1.0161774858871020E-015   8.3900153534826271E-016  -7.6910887856515795E-016
   4.6501653524052077E-016   4.1439122893663299E-016  0.10087758725541807        3.5507300835716766E-015   5.9480389973738733E-016  -6.3783000976778809E-016   1.2348457474229663E-002  -4.4531823195519040E-015   2.5851937991480329E-016   2.0729845457681973E-016   4.1186864428216791E-016   7.1535216734762608E-016   2.9839564231808569E-016   1.4723510858081353E-015  -1.9060657474703836E-015   1.2341117222634334E-015 -0.86821036534019547       -3.3600611234065986E-015   5.0032995643974283E-016   1.0161774858871020E-015   2.3169603835777837       -5.0705848710941157E-016   2.2123867420778389E-016
  -7.1310319413227643E-017   4.5183848937769479E-016  -1.4492904707300064E-017  0.19450573754004355       -1.8159604561794399E-016  -2.3712134724467738E-016  -1.4706550529488534E-016   6.9901596383697806E-002  -1.0912866578803583E-014   5.8239544857904446E-016   7.3126654260170397E-016  -1.0922897336310149E-014   7.4472442220371912E-016  -1.0868771293868221E-014   4.8590555364482320E-016  -6.6831535877701447E-016   1.3168605368304869E-017  -1.0373393670697117       -6.1675604043943596E-016   8.3900153534826271E-016  -5.0705848710941157E-016   2.5703103525594702      -0.69467062530575796     
  -2.4723175782580414E-016  -5.2369430245142495E-016   8.3108011399469663E-016  -5.9563176479362982E-002   4.0868711065784809E-016   6.3973321493496020E-017  -5.9470150050380099E-016  -4.9770641372193824E-003   6.1300837821579784E-015  -6.8323203249691172E-017  -7.9286131741297367E-017   6.8189929808815886E-015  -7.9068484784312568E-016   6.0195143366862058E-015   1.0852098102820736E-016   7.1081526352584364E-016  -3.7777866866356381E-016  0.25036764293549263        1.0479429834756775E-016  -7.6910887856515795E-016   2.2123867420778389E-016 -0.69467062530575796        2.1885943392418348     
