  0.34654253051673956        1.0816839258867971E-016  -2.3906793781507335E-016  -8.2764161747032195E-017  0.17912503343977312       -3.9961726255517291E-017  -3.5746915015107497E-016   3.2522853185491504E-016 -0.14837970041169010        1.3495239494402831E-016  -1.4712550071106201E-015  -4.0080387910380201E-016  -1.2238395830470841E-016
   1.0816839258867971E-016  0.34654253051674139       -5.7557172550240242E-017  -2.2841419263507397E-016  -2.5644663631953043E-017  0.17912503343977426        3.3540563594099461E-017  -1.1633772669305897E-016  -1.9214377719831979E-017 -0.14837970041168488        6.8281951680305668E-016  -7.1332874190960962E-017   1.3750731193199124E-016
  -2.3906793781507335E-016  -5.7557172550240242E-017  0.34654253051674472       -6.5988905772040096E-016  -3.3746512596616566E-016  -8.4337341199176641E-017  0.17912503343977418       -2.9568772546219971E-016  -7.2865218723466991E-016  -6.1162780930791097E-016 -0.14837970041168896       -8.4678241343925486E-016  -1.3305109566928301E-015
  -8.2764161747032195E-017  -2.2841419263507397E-016  -6.5988905772040096E-016  0.77259620060772027        1.0690545285939287E-015   4.9639850842080494E-017   4.4538780420208034E-016  0.57239382559954588        3.6504662306718616E-016   1.8538436105846981E-015   8.0984365147778979E-017 -0.52443430889042941       0.11770853224795720     
  0.17912503343977312       -2.5644663631953043E-017  -3.3746512596616566E-016   1.0690545285939287E-015  0.11268281137368466        2.1958058608146756E-017   5.5767237525646678E-018   7.8010378997278046E-016  0.11693023405269323        3.7984289017808653E-016   1.2780146045899168E-015  -1.3000842538256640E-015  -1.7798964084464493E-016
  -3.9961726255517291E-017  0.17912503343977426       -8.4337341199176641E-017   4.9639850842080494E-017   2.1958058608146756E-017  0.11268281137368365        6.4154981285829907E-018  -1.6040019653002111E-016   5.0660758230963958E-016  0.11693023405268779       -3.0269174121037608E-016   5.5385842066550493E-016  -1.3294486140795602E-016
  -3.5746915015107497E-016   3.3540563594099461E-017  0.17912503343977418        4.4538780420208034E-016   5.5767237525646678E-018   6.4154981285829907E-018  0.11268281137368322        2.0327547779368236E-016   4.9188897312951710E-016   4.4588096687782115E-016  0.11693023405268904       -2.2952455658141537E-015  -3.7253427535981395E-017
   3.2522853185491504E-016  -1.1633772669305897E-016  -2.9568772546219971E-016  0.57239382559954588        7.8010378997278046E-016  -1.6040019653002111E-016   2.0327547779368236E-016  0.45866124535741964       -1.4229214452681709E-015  -1.6462486454397475E-015  -4.0238454134587028E-016 -0.13406162548756695       -1.9499632144112013E-002
 -0.14837970041169010       -1.9214377719831979E-017  -7.2865218723466991E-016   3.6504662306718616E-016  0.11693023405269323        5.0660758230963958E-016   4.9188897312951710E-016  -1.4229214452681709E-015   1.9292747445435203       -7.0663328342647908E-016  -7.8925231241303039E-016   1.2143860669033107E-015  -3.9739605744306420E-017
   1.3495239494402831E-016 -0.14837970041168488       -6.1162780930791097E-016   1.8538436105846981E-015   3.7984289017808653E-016  0.11693023405268779        4.4588096687782115E-016  -1.6462486454397475E-015  -7.0663328342647908E-016   1.9292747445435239       -5.6450736645215395E-016  -6.4377137639245699E-016  -1.9467237608447216E-016
  -1.4712550071106201E-015   6.8281951680305668E-016 -0.14837970041168896        8.0984365147778979E-017   1.2780146045899168E-015  -3.0269174121037608E-016  0.11693023405268904       -4.0238454134587028E-016  -7.8925231241303039E-016  -5.6450736645215395E-016   1.9292747445435230        9.8344769838498603E-016  -6.8925769629100420E-017
  -4.0080387910380201E-016  -7.1332874190960962E-017  -8.4678241343925486E-016 -0.52443430889042941       -1.3000842538256640E-015   5.5385842066550493E-016  -2.2952455658141537E-015 -0.13406162548756695        1.2143860669033107E-015  -6.4377137639245699E-016   9.8344769838498603E-016   2.2865614007261739      -0.54200925154147095     
  -1.2238395830470841E-016   1.3750731193199124E-016  -1.3305109566928301E-015  0.11770853224795720       -1.7798964084464493E-016  -1.3294486140795602E-016  -3.7253427535981395E-017  -1.9499632144112013E-002  -3.9739605744306420E-017  -1.9467237608447216E-016  -6.8925769629100420E-017 -0.54200925154147095        2.1295085348597014     
