  0.33783269627626894        2.4116239357735653E-016  -2.6189391457798105E-016   9.8329826509164172E-016  0.18738940732786347       -9.7839158141237870E-017   4.0617566220059826E-016   1.3402048735353477E-015  -7.2005656333923316E-016   1.0108734672248563E-015   1.7610619819773072E-016   1.8424830037300247E-016  -3.2263261736544193E-016   4.9895206081862924E-016 -0.17095570023503662       -2.4689303025276405E-016  -3.7055884438756533E-016  -5.8781405277899648E-015   8.5091796749897336E-002  -2.2707827472694230E-016   1.6718953365098183E-015   9.0280255372799691E-015   1.1341261571955252E-016  -1.7754103724095428E-015   4.8632281840706862E-016   3.8099256618602815E-016  -1.2457826087363721E-015  -5.4219495710067480E-016  -2.9969978966801938E-002   1.1821761508051573E-015   7.8296872201946253E-016  -7.7786366829065930E-015   1.0721184900076545E-015
   2.4116239357735653E-016  0.33783269627627610        4.3426922754562446E-016   6.2602786882341911E-016   1.7801576403132629E-016  0.18738940732786027        1.2389777515408722E-016  -3.4998402724172683E-016   3.1095999888907887E-016  -5.6340663576894190E-016  -1.3512408406342003E-016   1.1378842653122157E-016   1.9382150559874194E-016   7.4008194539560904E-016   3.3562948949196730E-017 -0.17095570023504150       -6.1059511449129002E-016   1.2604121987065901E-015   6.3624127267153744E-016   8.5091796749900181E-002   1.6624514678596669E-015  -2.5010946418685604E-015  -3.9373211095990587E-017  -1.1624970177715639E-016   3.8119462912086431E-016  -2.1302025884608640E-016   1.9810797644803276E-016   5.5701197661034022E-016  -1.1131571323817904E-015  -2.9969978966808551E-002   8.4463381577131938E-016   1.7325026211475232E-015  -2.8670805365619604E-016
  -2.6189391457798105E-016   4.3426922754562446E-016  0.33783269627626872        4.1643604040786021E-016   4.5708708924438853E-016   1.4083192382463493E-016  0.18738940732786252        5.6708982841025215E-016   3.4764551884538214E-015  -2.3781413057538546E-015   7.7433775334923212E-016  -3.3645894663157689E-016  -6.9023343797258837E-016  -3.6085659319023492E-015   6.2671505428528034E-015   3.3786783519428219E-016 -0.17095570023503709       -1.1568860397072222E-015  -5.2090722781822361E-015  -2.1357055794075561E-015   8.5091796749892881E-002  -2.6771727390373897E-015  -2.2167546448712555E-015   6.8428247987354056E-017  -3.1809312196995686E-015  -8.6170091170596398E-016   1.3077987306966706E-015   4.7313594892888464E-015   3.8663324185515080E-015   1.9407046530618746E-015  -2.9969978966808128E-002  -2.7398275733716704E-016  -1.8280475774315517E-016
   9.8329826509164172E-016   6.2602786882341911E-016   4.1643604040786021E-016  0.61273165198121338        3.4606329314275198E-016   3.7766994388681786E-016   4.9903713380879976E-016  0.61083474710730845        8.7803086993848600E-015  -9.6276690266715630E-016   2.0465681337229860E-015   1.7300511566951634E-015  -3.3219051183390610E-016   1.0325523532145664E-014   3.7935975973751517E-015  -2.0905431433924069E-015  -9.2783598468531135E-015 -0.45748909100670687       -7.5547563529461608E-015   3.2247525799163043E-015   5.8383409320571291E-015  0.23990785848890603       -3.2080481946754371E-016   3.4528015676823624E-016  -2.0240272225018136E-015  -1.7201202670523833E-016   3.4762551824185777E-017  -4.3758704277555406E-015   4.3687912921934596E-015  -1.3119815204710691E-015  -3.7834169381448003E-015  -9.1269335078253702E-002   2.8429380618598146E-002
  0.18738940732786347        1.7801576403132629E-016   4.5708708924438853E-016   3.4606329314275198E-016  0.10767780211820786       -4.2843670652931607E-017  -6.0539165275918840E-017   1.9803858970662938E-016   2.2270267837760742E-016  -1.0798681628592282E-015  -7.4353427938480001E-016  -5.1684657861443428E-016  -3.4392561845298849E-016   2.8794611746060195E-016  -2.9164968245587453E-004  -4.9010821293978829E-016  -1.8593465864733929E-015   3.3026441859221184E-015  -2.4651148294389677E-002   1.5976877557454227E-016   2.7108555381653223E-016  -5.8996456301118884E-015  -5.8940404839437246E-016   1.5401739071190404E-015  -5.1231140328491394E-017  -5.3767196800851272E-016   1.1877576800154708E-015   1.1110886624780086E-015   2.1052156748664123E-002  -5.7319781467606544E-016  -2.9620752753394802E-016   6.7632552535187025E-015  -1.6929271776700599E-015
  -9.7839158141237870E-017  0.18738940732786027        1.4083192382463493E-016   3.7766994388681786E-016  -4.2843670652931607E-017  0.10767780211820220        6.0112099634058614E-017  -1.4902502358294910E-016  -6.3871656638766676E-016   8.3369274068779929E-016   3.3107037890986005E-016   1.0316391901213681E-016   6.1969284480009224E-017   8.5638972959949458E-016  -2.7093046426029042E-016  -2.9164968245722067E-004   6.9350037119793563E-016  -2.8375982924102837E-015  -9.0960001273704011E-016  -2.4651148294398476E-002  -8.2887532107451121E-016   3.2709505180780244E-015   1.5557804061718236E-015   6.9491746203409433E-016  -7.4828217881316319E-017   2.8452870970876014E-016  -2.6539603517519556E-016  -1.5027473206194896E-015   1.3316034578448193E-015   2.1052156748668782E-002  -9.6266114266899840E-016  -2.2777088329622953E-015   3.2125316754304648E-016
   4.0617566220059826E-016   1.2389777515408722E-016  0.18738940732786252        4.9903713380879976E-016  -6.0539165275918840E-017   6.0112099634058614E-017  0.10767780211820663        1.3232561434300239E-015  -5.6480816452253466E-015   1.6634687846834009E-015  -1.2223940744052896E-015  -4.8983202557594650E-016   5.1639352486510060E-016   5.8926625696461558E-015  -1.0202443804697899E-014   2.1030288470020994E-015  -2.9164968246211953E-004   3.3746106107960049E-015   9.5263999867842775E-015   2.9382636272382933E-015  -2.4651148294391467E-002   1.1605204836880901E-016   5.0664221701368157E-015   9.4671773767805551E-016   4.2376038346701459E-015   9.4191725150002397E-016  -1.1144234174628250E-015  -5.1147261935687366E-015  -5.5675403272294208E-015  -6.8200688793492641E-016   2.1052156748670794E-002   7.8492793660260938E-016  -5.5223151641096660E-016
   1.3402048735353477E-015  -3.4998402724172683E-016   5.6708982841025215E-016  0.61083474710730845        1.9803858970662938E-016  -1.4902502358294910E-016   1.3232561434300239E-015  0.61048137508457845        2.5973620302772875E-015   2.6988187604015260E-015  -1.6724747129748003E-015   7.4080045576707379E-015   6.6217506105467493E-016   9.9837649537319694E-015  -8.6526522666768338E-015   6.6723735760481748E-016   9.6025918890164547E-015 -0.41709951639115239        1.3489816262736025E-014  -2.2855375780727297E-015  -6.0247162662421850E-015  0.17458231753944922        9.5551574774379625E-016  -5.9989039806596145E-016   3.5200028170621375E-015  -9.5613381396830436E-016  -6.1250148281591416E-016  -7.7968179967144067E-016  -7.3278139737597895E-015   2.4141633244787676E-015   2.4135986902217246E-015  -5.1406180286973788E-002   6.2525084487352472E-003
  -7.2005656333923316E-016   3.1095999888907887E-016   3.4764551884538214E-015   8.7803086993848600E-015   2.2270267837760742E-016  -6.3871656638766676E-016  -5.6480816452253466E-015   2.5973620302772875E-015   2.1966016122062673        5.7563003842685224E-016  -1.5761318031964637E-015  -1.0983008061031327       -1.5189373857408028E-015  -1.0983008061031378       -6.0309510086520881E-016  -1.2185196151656679E-015   2.4874333459635317E-015  -2.2678967634976992E-014   4.2963296823922740E-016   2.9698550917915790E-015  -1.0947771531142362E-015  -1.1480350032038160E-014 -0.65715707280269975       -2.4895145352751106E-015   4.3895703722263939E-016  0.32857853640135948        2.1603602848291751E-015  0.32857853640135748       -5.6438749587145212E-016  -3.6741500061523222E-015   7.0160598326472453E-016   3.7825132192063273E-015  -1.1166693579069195E-015
   1.0108734672248563E-015  -5.6340663576894190E-016  -2.3781413057538546E-015  -9.6276690266715630E-016  -1.0798681628592282E-015   8.3369274068779929E-016   1.6634687846834009E-015   2.6988187604015260E-015   5.7563003842685224E-016   2.1966016122062606        5.6746057505718769E-015  -3.3279246871263849E-016  -2.1630782017986734E-015  -2.4496599410409150E-015  -3.4133674178473749E-016  -1.7916068486477639E-015  -1.2002602204075282E-015  -1.4748538651945855E-015   1.4691526325389283E-015  -3.4899572770252709E-017   1.7653411744031885E-015  -2.3030968511935076E-015   9.4230551909557012E-016 -0.65715707280270708       -4.8084366349730427E-017   3.4872109269234255E-015  -7.6248211845938249E-017   6.2353034451715997E-015  -1.2355415017756095E-016   1.4614889522516210E-015  -1.2695668838451579E-015  -4.7022629555631838E-015   1.0405672261338175E-015
   1.7610619819773072E-016  -1.3512408406342003E-016   7.7433775334923212E-016   2.0465681337229860E-015  -7.4353427938480001E-016   3.3107037890986005E-016  -1.2223940744052896E-015  -1.6724747129748003E-015  -1.5761318031964637E-015   5.6746057505718769E-015   2.1966016122062628       -2.2654946495170822E-015   2.1125713212197936E-015   1.5449694610670230E-015   1.0734613926233998E-015  -2.1006431968279055E-017   1.9669152948885289E-015   3.3105332848050227E-015  -1.3576094489615473E-016   3.4978683833858441E-017  -1.2363424220157515E-015  -8.3631248744545122E-015   4.0546704855410720E-016  -4.5933580290063894E-016 -0.65715707280271174        2.7047473012383370E-015   1.0113844440759479E-015   3.1264049610627309E-015  -1.8005297989274432E-016  -1.9674858941718286E-016  -1.8932787160816378E-016   6.9185215929535650E-016   4.4753768993054217E-016
   1.8424830037300247E-016   1.1378842653122157E-016  -3.3645894663157689E-016   1.7300511566951634E-015  -5.1684657861443428E-016   1.0316391901213681E-016  -4.8983202557594650E-016   7.4080045576707379E-015  -1.0983008061031327       -3.3279246871263849E-016  -2.2654946495170822E-015   2.1966016122062890       -1.5234122608011457E-015  -1.0983008061031350        1.0944983746930503E-015  -2.6127595296211570E-015  -9.2290544065495076E-017  -4.1485052498157315E-014  -7.6449004326021245E-016   3.6913861261951946E-015   1.9688891686410562E-015   1.5349972590377621E-014  0.32857853640135426       -2.3833982476430909E-016   7.0084522495357387E-016 -0.65715707280271229        1.3827926683978787E-016  0.32857853640135209        1.0421156731505941E-015  -2.7398703162538215E-015   2.0311719559077431E-016  -1.2420715073391680E-015  -3.4982835331873798E-016
  -3.2263261736544193E-016   1.9382150559874194E-016  -6.9023343797258837E-016  -3.3219051183390610E-016  -3.4392561845298849E-016   6.1969284480009224E-017   5.1639352486510060E-016   6.6217506105467493E-016  -1.5189373857408028E-015  -2.1630782017986734E-015   2.1125713212197936E-015  -1.5234122608011457E-015   2.1966016122062584        3.0425525109328127E-015  -7.6257048404881853E-016  -4.2770368797505362E-016   2.2870603907683526E-015   4.0481476927963957E-018  -6.7052632832258623E-016  -5.0998815962006303E-017  -8.9788863320281189E-016   1.3882975780341038E-014  -4.5196718800676701E-015   1.1811933741767526E-015   5.1383559679287641E-016  -5.8504956360801453E-015 -0.65715707280270719       -9.4714494654850041E-015   1.9828486377763893E-016   6.2549672588121049E-017  -1.4068947287621177E-015   1.7072672260620083E-015  -5.1318457560666466E-016
   4.9895206081862924E-016   7.4008194539560904E-016  -3.6085659319023492E-015   1.0325523532145664E-014   2.8794611746060195E-016   8.5638972959949458E-016   5.8926625696461558E-015   9.9837649537319694E-015  -1.0983008061031378       -2.4496599410409150E-015   1.5449694610670230E-015  -1.0983008061031350        3.0425525109328127E-015   2.1966016122062548       -2.4612739865684952E-016  -3.2318542268072644E-015  -1.3161512340965609E-015  -2.7892814120358543E-014  -4.1392888510854552E-017   2.7313571574840693E-015   2.8594777754604909E-015   2.5486851325681183E-014  0.32857853640134616        3.3014502488434613E-015  -5.1849343096983432E-016  0.32857853640134932       -2.2757092315862598E-015 -0.65715707280270663        1.3623782120244467E-016  -2.0227449874125616E-015   1.6204517391388104E-016  -3.8905400925762299E-015  -2.6320276419624768E-015
 -0.17095570023503662        3.3562948949196730E-017   6.2671505428528034E-015   3.7935975973751517E-015  -2.9164968245587453E-004  -2.7093046426029042E-016  -1.0202443804697899E-014  -8.6526522666768338E-015  -6.0309510086520881E-016  -3.4133674178473749E-016   1.0734613926233998E-015   1.0944983746930503E-015  -7.6257048404881853E-016  -2.4612739865684952E-016   2.6916060388429353        1.0421594831231584E-015   7.2763721588842872E-015   7.2949217941272369E-015  -1.4656425718714026        6.5307143377979352E-016  -4.7071690462756927E-015  -9.7414889144567532E-015   5.6888952031762976E-016   8.5672971650505290E-016   6.2434588413875581E-016   3.1030094480871741E-016   8.0952642516931390E-017  -4.5215127886934019E-016  0.38736868690856940       -2.0235481935057233E-015   8.8778454937968097E-016   5.2371354748212250E-015  -2.8242825653836520E-016
  -2.4689303025276405E-016 -0.17095570023504150        3.3786783519428219E-016  -2.0905431433924069E-015  -4.9010821293978829E-016  -2.9164968245722067E-004   2.1030288470020994E-015   6.6723735760481748E-016  -1.2185196151656679E-015  -1.7916068486477639E-015  -2.1006431968279055E-017  -2.6127595296211570E-015  -4.2770368797505362E-016  -3.2318542268072644E-015   1.0421594831231584E-015   2.6916060388429410        2.7535561243119003E-015   7.2083049404604825E-015  -3.3131795132605477E-016  -1.4656425718714059       -1.7445320226870504E-015  -7.1922365342359150E-015   1.0318733104105721E-015   5.6606395375351499E-017  -7.5931132485895213E-016   1.8596859091558983E-015  -4.2066162598205910E-017   2.5264129305528959E-015  -1.8318367246573130E-016  0.38736868690857185        1.3145231086516229E-015   1.3744995627697285E-015   4.8965521013713275E-016
  -3.7055884438756533E-016  -6.1059511449129002E-016 -0.17095570023503709       -9.2783598468531135E-015  -1.8593465864733929E-015   6.9350037119793563E-016  -2.9164968246211953E-004   9.6025918890164547E-015   2.4874333459635317E-015  -1.2002602204075282E-015   1.9669152948885289E-015  -9.2290544065495076E-017   2.2870603907683526E-015  -1.3161512340965609E-015   7.2763721588842872E-015   2.7535561243119003E-015   2.6916060388429450       -6.8896140012053586E-015  -7.0077085546081553E-015  -3.8529971121170919E-015  -1.4656425718714015        4.6182011408846868E-015  -3.1313362382697563E-015  -4.6605205554528899E-017  -1.5223237260792800E-015  -1.5462966671118832E-016   9.8618079457577944E-016   1.1407164455568080E-015   5.1011999500784453E-015   8.9117531896340272E-016  0.38736868690856674       -9.7145687761147688E-016   8.2568584448562095E-016
  -5.8781405277899648E-015   1.2604121987065901E-015  -1.1568860397072222E-015 -0.45748909100670687        3.3026441859221184E-015  -2.8375982924102837E-015   3.3746106107960049E-015 -0.41709951639115239       -2.2678967634976992E-014  -1.4748538651945855E-015   3.3105332848050227E-015  -4.1485052498157315E-014   4.0481476927963957E-018  -2.7892814120358543E-014   7.2949217941272369E-015   7.2083049404604825E-015  -6.8896140012053586E-015   2.8780505750255418       -9.6615837951855965E-015  -7.6713479158957956E-015   6.1737624986542099E-016  -1.4808437901631051        1.3135534925770062E-014   6.0296425762480269E-016  -4.8042782912352114E-015   1.9909471832457462E-014  -5.9244758943956642E-016   1.9490154742838468E-014   5.0687534844197671E-015   6.0846022213956006E-015  -1.5730471123141169E-015  0.55426556251940684      -0.13014869718969801     
   8.5091796749897336E-002   6.3624127267153744E-016  -5.2090722781822361E-015  -7.5547563529461608E-015  -2.4651148294389677E-002  -9.0960001273704011E-016   9.5263999867842775E-015   1.3489816262736025E-014   4.2963296823922740E-016   1.4691526325389283E-015  -1.3576094489615473E-016  -7.6449004326021245E-016  -6.7052632832258623E-016  -4.1392888510854552E-017  -1.4656425718714026       -3.3131795132605477E-016  -7.0077085546081553E-015  -9.6615837951855965E-015   3.1583081213689441       -1.5624343596804993E-015   1.0321503743969548E-015   1.5123726225336986E-014   3.6075196516637815E-016  -4.5848451294403164E-016  -3.9074947457315790E-016  -5.4805801147203234E-016  -1.6396117570621468E-015  -2.6551860757563341E-017  -1.1308553501699303        2.2598188510492977E-015   1.1972387192953705E-017  -8.9574972752788314E-015   9.5855072921252989E-016
  -2.2707827472694230E-016   8.5091796749900181E-002  -2.1357055794075561E-015   3.2247525799163043E-015   1.5976877557454227E-016  -2.4651148294398476E-002   2.9382636272382933E-015  -2.2855375780727297E-015   2.9698550917915790E-015  -3.4899572770252709E-017   3.4978683833858441E-017   3.6913861261951946E-015  -5.0998815962006303E-017   2.7313571574840693E-015   6.5307143377979352E-016  -1.4656425718714059       -3.8529971121170919E-015  -7.6713479158957956E-015  -1.5624343596804993E-015   3.1583081213689517        4.0342805254353602E-015   2.6434540153530177E-015  -5.4649582034868872E-016  -4.4536101630838639E-018  -2.4171718938659204E-016  -3.6235127049063527E-016   1.7565171003199279E-016  -5.0080734804698149E-016   8.0036075475794929E-016  -1.1308553501699277       -1.5080592772288683E-015  -6.6444944397474320E-016   9.3696419664841009E-017
   1.6718953365098183E-015   1.6624514678596669E-015   8.5091796749892881E-002   5.8383409320571291E-015   2.7108555381653223E-016  -8.2887532107451121E-016  -2.4651148294391467E-002  -6.0247162662421850E-015  -1.0947771531142362E-015   1.7653411744031885E-015  -1.2363424220157515E-015   1.9688891686410562E-015  -8.9788863320281189E-016   2.8594777754604909E-015  -4.7071690462756927E-015  -1.7445320226870504E-015  -1.4656425718714015        6.1737624986542099E-016   1.0321503743969548E-015   4.0342805254353602E-015   3.1583081213689437       -3.8439377469248359E-015   2.3818886647385226E-015  -1.8494885241930193E-016   7.7032811687317071E-016  -1.7434001398677570E-015  -2.7283145747983120E-017   1.1229502912535885E-015  -1.1127545590532322E-015  -1.5692191982629768E-015  -1.1308553501699266        1.0341526268019914E-015   7.0246048840883042E-017
   9.0280255372799691E-015  -2.5010946418685604E-015  -2.6771727390373897E-015  0.23990785848890603       -5.8996456301118884E-015   3.2709505180780244E-015   1.1605204836880901E-016  0.17458231753944922       -1.1480350032038160E-014  -2.3030968511935076E-015  -8.3631248744545122E-015   1.5349972590377621E-014   1.3882975780341038E-014   2.5486851325681183E-014  -9.7414889144567532E-015  -7.1922365342359150E-015   4.6182011408846868E-015  -1.4808437901631051        1.5123726225336986E-014   2.6434540153530177E-015  -3.8439377469248359E-015   3.2366215503815750       -7.3264375510117898E-014  -3.4279166731141155E-016   6.8273954968985891E-015  -7.6672125495405310E-014  -1.4473649128726768E-015  -8.1666216942813125E-014  -7.9335451853494880E-015   1.6629570125819641E-016   4.0480532542820802E-016  -1.4216830953102564       0.34418325312697945     
   1.1341261571955252E-016  -3.9373211095990587E-017  -2.2167546448712555E-015  -3.2080481946754371E-016  -5.8940404839437246E-016   1.5557804061718236E-015   5.0664221701368157E-015   9.5551574774379625E-016 -0.65715707280269975        9.4230551909557012E-016   4.0546704855410720E-016  0.32857853640135426       -4.5196718800676701E-015  0.32857853640134616        5.6888952031762976E-016   1.0318733104105721E-015  -3.1313362382697563E-015   1.3135534925770062E-014   3.6075196516637815E-016  -5.4649582034868872E-016   2.3818886647385226E-015  -7.3264375510117898E-014   2.1966016122062468        1.5852880175980719E-015   1.6142988960415323E-015  -1.0983008061031230        3.4244926635115608E-016  -1.0983008061031190       -4.1565681048508888E-016   5.7472756121498561E-017   8.9068821428790967E-016   5.5228332244115650E-015  -2.0685566671280387E-015
  -1.7754103724095428E-015  -1.1624970177715639E-016   6.8428247987354056E-017   3.4528015676823624E-016   1.5401739071190404E-015   6.9491746203409433E-016   9.4671773767805551E-016  -5.9989039806596145E-016  -2.4895145352751106E-015 -0.65715707280270708       -4.5933580290063894E-016  -2.3833982476430909E-016   1.1811933741767526E-015   3.3014502488434613E-015   8.5672971650505290E-016   5.6606395375351499E-017  -4.6605205554528899E-017   6.0296425762480269E-016  -4.5848451294403164E-016  -4.4536101630838639E-018  -1.8494885241930193E-016  -3.4279166731141155E-016   1.5852880175980719E-015   2.1966016122062615        4.1342729478581467E-015  -4.3156265135135420E-016  -1.5827937173266448E-015  -1.4820968523702771E-015   4.4035989887837178E-017  -2.3657791086428076E-016  -2.4501123299013322E-016   4.5662651308588800E-016  -3.6949165446232844E-016
   4.8632281840706862E-016   3.8119462912086431E-016  -3.1809312196995686E-015  -2.0240272225018136E-015  -5.1231140328491394E-017  -7.4828217881316319E-017   4.2376038346701459E-015   3.5200028170621375E-015   4.3895703722263939E-016  -4.8084366349730427E-017 -0.65715707280271174        7.0084522495357387E-016   5.1383559679287641E-016  -5.1849343096983432E-016   6.2434588413875581E-016  -7.5931132485895213E-016  -1.5223237260792800E-015  -4.8042782912352114E-015  -3.9074947457315790E-016  -2.4171718938659204E-016   7.7032811687317071E-016   6.8273954968985891E-015   1.6142988960415323E-015   4.1342729478581467E-015   2.1966016122062650       -2.1298788513101639E-015   2.0387799284373675E-015   1.1690833441298565E-015  -2.5835126355749459E-016   9.5026123805427256E-016   3.6934368000087877E-016  -4.9327780306867145E-015   3.9189505113967699E-016
   3.8099256618602815E-016  -2.1302025884608640E-016  -8.6170091170596398E-016  -1.7201202670523833E-016  -5.3767196800851272E-016   2.8452870970876014E-016   9.4191725150002397E-016  -9.5613381396830436E-016  0.32857853640135948        3.4872109269234255E-015   2.7047473012383370E-015 -0.65715707280271229       -5.8504956360801453E-015  0.32857853640134932        3.1030094480871741E-016   1.8596859091558983E-015  -1.5462966671118832E-016   1.9909471832457462E-014  -5.4805801147203234E-016  -3.6235127049063527E-016  -1.7434001398677570E-015  -7.6672125495405310E-014  -1.0983008061031230       -4.3156265135135420E-016  -2.1298788513101639E-015   2.1966016122062428       -5.5981151284843369E-016  -1.0983008061031247        1.1843298671390542E-016  -1.3123908761733135E-015   2.2032170063387073E-015   1.4259008232695150E-014  -3.2970618439034392E-015
  -1.2457826087363721E-015   1.9810797644803276E-016   1.3077987306966706E-015   3.4762551824185777E-017   1.1877576800154708E-015  -2.6539603517519556E-016  -1.1144234174628250E-015  -6.1250148281591416E-016   2.1603602848291751E-015  -7.6248211845938249E-017   1.0113844440759479E-015   1.3827926683978787E-016 -0.65715707280270719       -2.2757092315862598E-015   8.0952642516931390E-017  -4.2066162598205910E-017   9.8618079457577944E-016  -5.9244758943956642E-016  -1.6396117570621468E-015   1.7565171003199279E-016  -2.7283145747983120E-017  -1.4473649128726768E-015   3.4244926635115608E-016  -1.5827937173266448E-015   2.0387799284373675E-015  -5.5981151284843369E-016   2.1966016122062570        2.9234434525739638E-015   9.4663949777460645E-016  -7.2788126123715979E-017   3.2057881528981270E-016  -6.7702035910208907E-016   4.9629617131278968E-016
  -5.4219495710067480E-016   5.5701197661034022E-016   4.7313594892888464E-015  -4.3758704277555406E-015   1.1110886624780086E-015  -1.5027473206194896E-015  -5.1147261935687366E-015  -7.7968179967144067E-016  0.32857853640135748        6.2353034451715997E-015   3.1264049610627309E-015  0.32857853640135209       -9.4714494654850041E-015 -0.65715707280270663       -4.5215127886934019E-016   2.5264129305528959E-015   1.1407164455568080E-015   1.9490154742838468E-014  -2.6551860757563341E-017  -5.0080734804698149E-016   1.1229502912535885E-015  -8.1666216942813125E-014  -1.0983008061031190       -1.4820968523702771E-015   1.1690833441298565E-015  -1.0983008061031247        2.9234434525739638E-015   2.1966016122062437       -1.3219030397666817E-016  -1.0715163561143009E-015  -2.9088755170496992E-017   1.5603789502366037E-014  -9.1856498806066215E-016
  -2.9969978966801938E-002  -1.1131571323817904E-015   3.8663324185515080E-015   4.3687912921934596E-015   2.1052156748664123E-002   1.3316034578448193E-015  -5.5675403272294208E-015  -7.3278139737597895E-015  -5.6438749587145212E-016  -1.2355415017756095E-016  -1.8005297989274432E-016   1.0421156731505941E-015   1.9828486377763893E-016   1.3623782120244467E-016  0.38736868690856940       -1.8318367246573130E-016   5.1011999500784453E-015   5.0687534844197671E-015  -1.1308553501699303        8.0036075475794929E-016  -1.1127545590532322E-015  -7.9335451853494880E-015  -4.1565681048508888E-016   4.4035989887837178E-017  -2.5835126355749459E-016   1.1843298671390542E-016   9.4663949777460645E-016  -1.3219030397666817E-016   2.4141618482348881       -9.0006943817930386E-016  -1.4152871286555922E-015   4.7370371130287004E-015  -9.6585755706298479E-016
   1.1821761508051573E-015  -2.9969978966808551E-002   1.9407046530618746E-015  -1.3119815204710691E-015  -5.7319781467606544E-016   2.1052156748668782E-002  -6.8200688793492641E-016   2.4141633244787676E-015  -3.6741500061523222E-015   1.4614889522516210E-015  -1.9674858941718286E-016  -2.7398703162538215E-015   6.2549672588121049E-017  -2.0227449874125616E-015  -2.0235481935057233E-015  0.38736868690857185        8.9117531896340272E-016   6.0846022213956006E-015   2.2598188510492977E-015  -1.1308553501699277       -1.5692191982629768E-015   1.6629570125819641E-016   5.7472756121498561E-017  -2.3657791086428076E-016   9.5026123805427256E-016  -1.3123908761733135E-015  -7.2788126123715979E-017  -1.0715163561143009E-015  -9.0006943817930386E-016   2.4141618482348894        1.6564190004151556E-015   9.2323185383159354E-016  -2.2538497612570305E-016
   7.8296872201946253E-016   8.4463381577131938E-016  -2.9969978966808128E-002  -3.7834169381448003E-015  -2.9620752753394802E-016  -9.6266114266899840E-016   2.1052156748670794E-002   2.4135986902217246E-015   7.0160598326472453E-016  -1.2695668838451579E-015  -1.8932787160816378E-016   2.0311719559077431E-016  -1.4068947287621177E-015   1.6204517391388104E-016   8.8778454937968097E-016   1.3145231086516229E-015  0.38736868690856674       -1.5730471123141169E-015   1.1972387192953705E-017  -1.5080592772288683E-015  -1.1308553501699266        4.0480532542820802E-016   8.9068821428790967E-016  -2.4501123299013322E-016   3.6934368000087877E-016   2.2032170063387073E-015   3.2057881528981270E-016  -2.9088755170496992E-017  -1.4152871286555922E-015   1.6564190004151556E-015   2.4141618482348877       -2.1001357093770778E-015  -9.7405252082868464E-016
  -7.7786366829065930E-015   1.7325026211475232E-015  -2.7398275733716704E-016  -9.1269335078253702E-002   6.7632552535187025E-015  -2.2777088329622953E-015   7.8492793660260938E-016  -5.1406180286973788E-002   3.7825132192063273E-015  -4.7022629555631838E-015   6.9185215929535650E-016  -1.2420715073391680E-015   1.7072672260620083E-015  -3.8905400925762299E-015   5.2371354748212250E-015   1.3744995627697285E-015  -9.7145687761147688E-016  0.55426556251940684       -8.9574972752788314E-015  -6.6444944397474320E-016   1.0341526268019914E-015  -1.4216830953102564        5.5228332244115650E-015   4.5662651308588800E-016  -4.9327780306867145E-015   1.4259008232695150E-014  -6.7702035910208907E-016   1.5603789502366037E-014   4.7370371130287004E-015   9.2323185383159354E-016  -2.1001357093770778E-015   2.8045681044157851      -0.77015806732581293     
   1.0721184900076545E-015  -2.8670805365619604E-016  -1.8280475774315517E-016   2.8429380618598146E-002  -1.6929271776700599E-015   3.2125316754304648E-016  -5.5223151641096660E-016   6.2525084487352472E-003  -1.1166693579069195E-015   1.0405672261338175E-015   4.4753768993054217E-016  -3.4982835331873798E-016  -5.1318457560666466E-016  -2.6320276419624768E-015  -2.8242825653836520E-016   4.8965521013713275E-016   8.2568584448562095E-016 -0.13014869718969801        9.5855072921252989E-016   9.3696419664841009E-017   7.0246048840883042E-017  0.34418325312697945       -2.0685566671280387E-015  -3.6949165446232844E-016   3.9189505113967699E-016  -3.2970618439034392E-015   4.9629617131278968E-016  -9.1856498806066215E-016  -9.6585755706298479E-016  -2.2538497612570305E-016  -9.7405252082868464E-016 -0.77015806732581293        2.2122359007086141     
