   1.2520411007664785E-003   2.3891626377211659E-017  -3.3254943643122488E-017  -1.2828031182141594E-015  -3.0003537286621934E-003  -1.0882657799627022E-016   1.2540786005243408E-017  -2.2634034686361197E-015  -5.2645681174014927E-002  -2.9118553801110314E-015  -3.5486233566982020E-016  -5.5621669732327553E-016   2.8573970518621931E-002  -6.2155538396849833E-016   2.1846369373117495E-015   1.1432005902005298E-015  -1.7648126269164826E-015  -4.8560204791555715E-017  -4.0433032231857083E-017  -3.1232521056669604E-016  -8.0638300875846699E-016   2.0708870045669782E-015  -1.4367842768709192E-002   7.1583025687702505E-017  -2.9275937154921625E-015  -1.1441017020457418E-015   1.1884529009312721E-015
   2.3891626377211659E-017   1.2520411007665262E-003   2.1634561246973278E-017   7.4974393942516417E-016   5.0204784293008006E-017  -3.0003537286621821E-003  -4.6072452168947142E-017   5.1572394132910017E-016   1.6527169223971973E-015  -5.2645681174016835E-002  -5.9250114140860439E-016   4.9525941886593592E-016  -3.2919467244637225E-015   2.8573970518614242E-002  -4.3597030227049843E-016  -4.0216454117032848E-016   1.0013565614196532E-016  -4.3718330207924885E-017   2.9785610413003080E-017  -3.1841273643141902E-017   3.6709508577715507E-017  -2.8356130182713048E-017  -1.3368411277006060E-015  -1.4367842768707766E-002  -6.8618799498751448E-016  -7.9838169413286305E-016   4.2402927121685773E-016
  -3.3254943643122488E-017   2.1634561246973278E-017   1.2520411007670388E-003   4.7900274185653660E-017   6.4662614307401508E-017  -1.9240376971528955E-017  -3.0003537286632151E-003  -4.2373798059919486E-016   2.4330741889007183E-015  -2.4753272297169726E-016  -5.2645681174027063E-002   2.9724210330855368E-015  -4.8620638790506580E-016  -2.6455221222911696E-019   2.8573970518621827E-002  -1.8364805659777348E-015   1.6272901810572373E-015  -4.5686753330930544E-016   1.2636036698421347E-015  -2.6813330184234362E-015   2.3747565116894662E-016   1.0262656666343198E-015  -1.1226140181476335E-015  -1.2097808817303730E-015  -1.4367842768712676E-002  -7.5283542133534002E-016   7.6500009582076154E-016
  -1.2828031182141594E-015   7.4974393942516417E-016   4.7900274185653660E-017  0.30412323569989824        1.9935745949323384E-016  -1.2180688135781227E-015  -3.2801334601734359E-016  0.53546755993612338        1.4266212151970424E-016  -9.4772331565668890E-015  -8.6685475283574106E-015 -0.27074391264683006       -1.9201936507600090E-015   1.5205673386111408E-014  -4.6659072738846501E-017   9.9796529644506984E-002   1.5661516076180743E-015   3.9614821829235202E-016  -2.4438453561880617E-016   4.6724031889958096E-016  -2.7698214714456637E-016  -4.9794563653947856E-016   1.7158223899656537E-015  -1.4262130120807796E-014  -3.2156501914813207E-015  -4.6957769354761002E-002   1.5414681679805088E-002
  -3.0003537286621934E-003   5.0204784293008006E-017   6.4662614307401508E-017   1.9935745949323384E-016   7.2019464491733850E-003  -4.2267341114687379E-018   1.9641767604541107E-017   3.6567030507403990E-016  0.12701184821501185        1.9842672172926857E-015   2.3174927315996064E-015  -6.3418953956652524E-017  -6.5146803217434004E-002  -1.0595979829501327E-016  -2.4903519332225934E-015  -7.6952111172164635E-016   1.5130087772074724E-015   2.3623962288821496E-016  -8.1781382078843943E-017   4.2224565931942125E-016   8.4964890248078494E-016  -1.9204048124783554E-015   2.9676973833029689E-002   3.1716500200336948E-017   3.8498902120261071E-015   9.8229279619021275E-016  -1.2953775975346935E-015
  -1.0882657799627022E-016  -3.0003537286621821E-003  -1.9240376971528955E-017  -1.2180688135781227E-015  -4.2267341114687379E-018   7.2019464491730146E-003   3.0550923307911242E-017  -3.1671383542865984E-016  -2.0797559942937411E-015  0.12701184821500899        6.3748996629559533E-017  -4.6259140875855897E-016   2.8759231307577631E-015  -6.5146803217425622E-002  -3.2190756429046560E-016  -1.2776155047240380E-016   3.9617976998152064E-016  -1.1654344807993981E-016   5.2603141887500434E-017  -6.5611481076109418E-017  -9.2409392624582589E-017  -4.2614929065360593E-016   2.1646455965628989E-015   2.9676973833029148E-002   3.9311548300911894E-016   3.5400401923813216E-017   9.4371524935315257E-018
   1.2540786005243408E-017  -4.6072452168947142E-017  -3.0003537286632151E-003  -3.2801334601734359E-016   1.9641767604541107E-017   3.0550923307911242E-017   7.2019464491750477E-003   6.1467167375809005E-016  -2.4340266774499058E-015   2.4898077542586544E-016  0.12701184821502645       -4.0314929585660077E-015  -3.2053314910878925E-017  -1.1942182494375189E-015  -6.5146803217435378E-002   1.9914318690675701E-015  -9.5813963765229107E-016   3.8590855177343781E-016  -1.3803229506964419E-015   2.0729449934145261E-015   1.2621001562386663E-016  -1.0423301298401998E-015   1.4153359918687395E-015   2.8542694799917105E-015   2.9676973833033866E-002   4.5859972517292782E-016  -1.9910069868378535E-016
  -2.2634034686361197E-015   5.1572394132910017E-016  -4.2373798059919486E-016  0.53546755993612338        3.6567030507403990E-016  -3.1671383542865984E-016   6.1467167375809005E-016  0.94380585277797557        5.5409491261307956E-016   1.0802733531640282E-014   5.6320536735962684E-015 -0.49564736515978108       -1.0294740488923117E-015  -1.6146105640066652E-014   4.2540090408703101E-015  0.14478287968225084        1.2373143512354717E-015  -3.2453456396875146E-016   3.3852763252237822E-018  -1.7050480578783702E-016  -6.7655647352301825E-017   1.5670030467244883E-015  -5.0548026154344525E-016   1.4063111875813689E-014   4.4237341021898036E-015  -5.0737797283167602E-002   6.2238647088300970E-003
  -5.2645681174014927E-002   1.6527169223971973E-015   2.4330741889007183E-015   1.4266212151970424E-016  0.12701184821501185       -2.0797559942937411E-015  -2.4340266774499058E-015   5.5409491261307956E-016   2.2748692417645024       -2.5649512895575737E-016   2.1016852537816825E-015   2.9354784570094009E-016 -0.94069546874111853       -1.2565649069222874E-016  -3.3253581772961852E-015  -1.4174468397248326E-016   8.9019098076018561E-016  -3.1473271788963131E-016  -6.1871486543811911E-016  -6.2130588298463750E-017   5.0098169175050434E-016  -5.5778850733207539E-016  0.27864284542228140       -1.5094677691487328E-016   7.7209509537776513E-016   2.7894512040348052E-015  -6.5056223734384257E-017
  -2.9118553801110314E-015  -5.2645681174016835E-002  -2.4753272297169726E-016  -9.4772331565668890E-015   1.9842672172926857E-015  0.12701184821500899        2.4898077542586544E-016   1.0802733531640282E-014  -2.5649512895575737E-016   2.2748692417645033        2.5947952249046669E-015   7.9461474599387465E-016  -8.7833420278713644E-016 -0.94069546874111631        1.4164455520900800E-017   2.1698843324938257E-015  -1.5543625850042628E-015   8.8868869204540997E-017   2.4121971787624300E-017  -4.7046286524078050E-016  -6.1264629888669442E-017   3.7636677615343640E-016  -3.9763157027553213E-016  0.27864284542227846       -1.1277052684957831E-015   1.8881471036591706E-015  -1.0621415305799380E-017
  -3.5486233566982020E-016  -5.9250114140860439E-016  -5.2645681174027063E-002  -8.6685475283574106E-015   2.3174927315996064E-015   6.3748996629559533E-017  0.12701184821502645        5.6320536735962684E-015   2.1016852537816825E-015   2.5947952249046669E-015   2.2748692417644896        3.2851978819526195E-015  -8.0081374745442238E-016   1.0246340510742535E-015 -0.94069546874111298       -2.1345914322006225E-015  -1.7471489705971474E-015  -3.9049974399772651E-016   1.9151349398392481E-016   1.6291477878519089E-015   5.1862705809251278E-016   1.7152360915763604E-015   1.0331887662041669E-015  -1.3722371224802033E-015  0.27864284542227680       -3.0017610403593308E-016  -6.2051708370435957E-016
  -5.5621669732327553E-016   4.9525941886593592E-016   2.9724210330855368E-015 -0.27074391264683006       -6.3418953956652524E-017  -4.6259140875855897E-016  -4.0314929585660077E-015 -0.49564736515978108        2.9354784570094009E-016   7.9461474599387465E-016   3.2851978819526195E-015   2.5841489120479686       -8.9196326161703036E-016  -1.5891512659203606E-015  -4.8394132515767796E-015  -1.0406900256465292       -1.7430832357314631E-015  -8.1752937075738921E-016   3.6589585259355116E-016  -1.0633169145040870E-015   1.8737142094521172E-016  -1.0364647578031468E-015   5.0764267587379254E-016   6.3921767518800802E-016  -1.5491301174623382E-017  0.39293631360975056       -8.9987642447572208E-002
   2.8573970518621931E-002  -3.2919467244637225E-015  -4.8620638790506580E-016  -1.9201936507600090E-015  -6.5146803217434004E-002   2.8759231307577631E-015  -3.2053314910878925E-017  -1.0294740488923117E-015 -0.94069546874111853       -8.7833420278713644E-016  -8.0081374745442238E-016  -8.9196326161703036E-016   2.7397037241772484        1.6241390895480261E-016   2.7491631678935001E-015   2.0553749557462575E-016   2.6073028923589823E-016  -3.4651735908214632E-016   9.9187245237017739E-017  -3.0676193453318266E-016  -1.3829404873095804E-016   6.7681494580836859E-016  -1.0228105846943456        3.2937500840782054E-016  -1.7473000094194021E-015  -2.7244943871001168E-015  -7.3842418615445552E-017
  -6.2155538396849833E-016   2.8573970518614242E-002  -2.6455221222911696E-019   1.5205673386111408E-014  -1.0595979829501327E-016  -6.5146803217425622E-002  -1.1942182494375189E-015  -1.6146105640066652E-014  -1.2565649069222874E-016 -0.94069546874111631        1.0246340510742535E-015  -1.5891512659203606E-015   1.6241390895480261E-016   2.7397037241772484        9.5856327096182156E-016  -2.2361543372885958E-015   2.7137269890630802E-016  -8.1550379567444930E-017   1.7040070491129749E-016   1.1405000058615244E-015   7.8938738010887732E-017   5.9823021881677572E-016   2.4570424684509350E-016  -1.0228105846943383        8.1423958693659482E-016  -1.1217837923708609E-015   1.0396071604588311E-016
   2.1846369373117495E-015  -4.3597030227049843E-016   2.8573970518621827E-002  -4.6659072738846501E-017  -2.4903519332225934E-015  -3.2190756429046560E-016  -6.5146803217435378E-002   4.2540090408703101E-015  -3.3253581772961852E-015   1.4164455520900800E-017 -0.94069546874111298       -4.8394132515767796E-015   2.7491631678935001E-015   9.5856327096182156E-016   2.7397037241772422        1.0198043610573652E-015   1.1082318313963155E-015   3.7962135492713829E-016   4.6236607215123932E-017  -1.2731745842794989E-015  -9.9320431635970990E-016   1.5866133123026404E-015  -3.4083756646983423E-015   8.1343145463918766E-016  -1.0228105846943396       -2.7976163204949406E-015   4.1721567558783306E-016
   1.1432005902005298E-015  -4.0216454117032848E-016  -1.8364805659777348E-015   9.9796529644506984E-002  -7.6952111172164635E-016  -1.2776155047240380E-016   1.9914318690675701E-015  0.14478287968225084       -1.4174468397248326E-016   2.1698843324938257E-015  -2.1345914322006225E-015  -1.0406900256465292        2.0553749557462575E-016  -2.2361543372885958E-015   1.0198043610573652E-015   2.8120696254236179       -2.3300528554876722E-015   8.2546429902329428E-016  -5.4800026386830762E-016   3.0049741533982838E-015   3.7755266715361084E-016   3.9741082975416386E-015  -7.1178056341464438E-017   1.5940957109291849E-015   5.6516781619102956E-016  -1.1667986431511888       0.27954007297188999     
  -1.7648126269164826E-015   1.0013565614196532E-016   1.6272901810572373E-015   1.5661516076180743E-015   1.5130087772074724E-015   3.9617976998152064E-016  -9.5813963765229107E-016   1.2373143512354717E-015   8.9019098076018561E-016  -1.5543625850042628E-015  -1.7471489705971474E-015  -1.7430832357314631E-015   2.6073028923589823E-016   2.7137269890630802E-016   1.1082318313963155E-015  -2.3300528554876722E-015   2.0000000000000075        6.4455819154263229E-016   9.7098436062370563E-016 -0.99999999999999956       -4.2907300976113853E-016  -1.0000000000000007        7.9702187768987935E-016   9.5418726616082552E-016  -2.5269084535463584E-016  -4.6158607802983408E-015   4.7618175737002684E-016
  -4.8560204791555715E-017  -4.3718330207924885E-017  -4.5686753330930544E-016   3.9614821829235202E-016   2.3623962288821496E-016  -1.1654344807993981E-016   3.8590855177343781E-016  -3.2453456396875146E-016  -3.1473271788963131E-016   8.8868869204540997E-017  -3.9049974399772651E-016  -8.1752937075738921E-016  -3.4651735908214632E-016  -8.1550379567444930E-017   3.7962135492713829E-016   8.2546429902329428E-016   6.4455819154263229E-016   2.0000000000000027        2.0424742626368175E-015  -8.9012998361060074E-017   1.6232539401181404E-016  -5.1954968105505372E-016  -3.9202808222153327E-016   5.0622831411426480E-017  -2.2113183444276413E-016  -1.1016314668894924E-016   7.6819843344733162E-017
  -4.0433032231857083E-017   2.9785610413003080E-017   1.2636036698421347E-015  -2.4438453561880617E-016  -8.1781382078843943E-017   5.2603141887500434E-017  -1.3803229506964419E-015   3.3852763252237822E-018  -6.1871486543811911E-016   2.4121971787624300E-017   1.9151349398392481E-016   3.6589585259355116E-016   9.9187245237017739E-017   1.7040070491129749E-016   4.6236607215123932E-017  -5.4800026386830762E-016   9.7098436062370563E-016   2.0424742626368175E-015   1.9999999999999998        1.0447372134070321E-015  -7.1191425150829435E-016  -1.0444661628639109E-015   5.1608945032116667E-017  -5.5920095350649202E-017   5.3274426698426908E-017   5.4008763643933549E-016   9.4693047439783003E-017
  -3.1232521056669604E-016  -3.1841273643141902E-017  -2.6813330184234362E-015   4.6724031889958096E-016   4.2224565931942125E-016  -6.5611481076109418E-017   2.0729449934145261E-015  -1.7050480578783702E-016  -6.2130588298463750E-017  -4.7046286524078050E-016   1.6291477878519089E-015  -1.0633169145040870E-015  -3.0676193453318266E-016   1.1405000058615244E-015  -1.2731745842794989E-015   3.0049741533982838E-015 -0.99999999999999956       -8.9012998361060074E-017   1.0447372134070321E-015   1.9999999999999993        6.1409211049578981E-016  -1.0000000000000024       -4.3117404267870221E-016  -2.5257783524256861E-016   9.8613440448870247E-016  -8.9082514915988484E-016   1.5694020844321873E-016
  -8.0638300875846699E-016   3.6709508577715507E-017   2.3747565116894662E-016  -2.7698214714456637E-016   8.4964890248078494E-016  -9.2409392624582589E-017   1.2621001562386663E-016  -6.7655647352301825E-017   5.0098169175050434E-016  -6.1264629888669442E-017   5.1862705809251278E-016   1.8737142094521172E-016  -1.3829404873095804E-016   7.8938738010887732E-017  -9.9320431635970990E-016   3.7755266715361084E-016  -4.2907300976113853E-016   1.6232539401181404E-016  -7.1191425150829435E-016   6.1409211049578981E-016   2.0000000000000031       -5.0217534124097361E-016  -1.9994321785347684E-015  -1.1663045054453784E-016   2.2254022625130430E-016   1.3402933892621030E-015   1.1853070237746260E-017
   2.0708870045669782E-015  -2.8356130182713048E-017   1.0262656666343198E-015  -4.9794563653947856E-016  -1.9204048124783554E-015  -4.2614929065360593E-016  -1.0423301298401998E-015   1.5670030467244883E-015  -5.5778850733207539E-016   3.7636677615343640E-016   1.7152360915763604E-015  -1.0364647578031468E-015   6.7681494580836859E-016   5.9823021881677572E-016   1.5866133123026404E-015   3.9741082975416386E-015  -1.0000000000000007       -5.1954968105505372E-016  -1.0444661628639109E-015  -1.0000000000000024       -5.0217534124097361E-016   1.9999999999999984        1.9130563174617339E-016  -6.3946865549790560E-016  -2.5357367112418365E-015  -2.0709785256980810E-015  -5.4976921946172893E-017
  -1.4367842768709192E-002  -1.3368411277006060E-015  -1.1226140181476335E-015   1.7158223899656537E-015   2.9676973833029689E-002   2.1646455965628989E-015   1.4153359918687395E-015  -5.0548026154344525E-016  0.27864284542228140       -3.9763157027553213E-016   1.0331887662041669E-015   5.0764267587379254E-016  -1.0228105846943456        2.4570424684509350E-016  -3.4083756646983423E-015  -7.1178056341464438E-017   7.9702187768987935E-016  -3.9202808222153327E-016   5.1608945032116667E-017  -4.3117404267870221E-016  -1.9994321785347684E-015   1.9130563174617339E-016   2.3845028278383000        1.3037941405722022E-016   1.4280344186464003E-015   2.6291568691718571E-015   4.4596433166632476E-016
   7.1583025687702505E-017  -1.4367842768707766E-002  -1.2097808817303730E-015  -1.4262130120807796E-014   3.1716500200336948E-017   2.9676973833029148E-002   2.8542694799917105E-015   1.4063111875813689E-014  -1.5094677691487328E-016  0.27864284542227846       -1.3722371224802033E-015   6.3921767518800802E-016   3.2937500840782054E-016  -1.0228105846943383        8.1343145463918766E-016   1.5940957109291849E-015   9.5418726616082552E-016   5.0622831411426480E-017  -5.5920095350649202E-017  -2.5257783524256861E-016  -1.1663045054453784E-016  -6.3946865549790560E-016   1.3037941405722022E-016   2.3845028278382965        2.2450096589591917E-015   5.1552386403180472E-016  -2.2365349529227070E-016
  -2.9275937154921625E-015  -6.8618799498751448E-016  -1.4367842768712676E-002  -3.2156501914813207E-015   3.8498902120261071E-015   3.9311548300911894E-016   2.9676973833033866E-002   4.4237341021898036E-015   7.7209509537776513E-016  -1.1277052684957831E-015  0.27864284542227680       -1.5491301174623382E-017  -1.7473000094194021E-015   8.1423958693659482E-016  -1.0228105846943396        5.6516781619102956E-016  -2.5269084535463584E-016  -2.2113183444276413E-016   5.3274426698426908E-017   9.8613440448870247E-016   2.2254022625130430E-016  -2.5357367112418365E-015   1.4280344186464003E-015   2.2450096589591917E-015   2.3845028278382969        2.9814477502192895E-015  -3.9161065904228460E-016
  -1.1441017020457418E-015  -7.9838169413286305E-016  -7.5283542133534002E-016  -4.6957769354761002E-002   9.8229279619021275E-016   3.5400401923813216E-017   4.5859972517292782E-016  -5.0737797283167602E-002   2.7894512040348052E-015   1.8881471036591706E-015  -3.0017610403593308E-016  0.39293631360975056       -2.7244943871001168E-015  -1.1217837923708609E-015  -2.7976163204949406E-015  -1.1667986431511888       -4.6158607802983408E-015  -1.1016314668894924E-016   5.4008763643933549E-016  -8.9082514915988484E-016   1.3402933892621030E-015  -2.0709785256980810E-015   2.6291568691718571E-015   5.1552386403180472E-016   2.9814477502192895E-015   2.6537588515374733      -0.72113642546320433     
   1.1884529009312721E-015   4.2402927121685773E-016   7.6500009582076154E-016   1.5414681679805088E-002  -1.2953775975346935E-015   9.4371524935315257E-018  -1.9910069868378535E-016   6.2238647088300970E-003  -6.5056223734384257E-017  -1.0621415305799380E-017  -6.2051708370435957E-016  -8.9987642447572208E-002  -7.3842418615445552E-017   1.0396071604588311E-016   4.1721567558783306E-016  0.27954007297188999        4.7618175737002684E-016   7.6819843344733162E-017   9.4693047439783003E-017   1.5694020844321873E-016   1.1853070237746260E-017  -5.4976921946172893E-017   4.4596433166632476E-016  -2.2365349529227070E-016  -3.9161065904228460E-016 -0.72113642546320433        2.1965528605947235     
