  0.45688238366377326       -3.4280484517603538E-016  -9.2222105242326793E-016  -9.5435976392684943E-016  0.43698009817138295       -7.0235417828962290E-017   4.6359227139783437E-017   1.6400578540851447E-015   7.0674165980083739E-016   1.6589301600132721E-015   7.6963593277146564E-016  -1.2976795165822056E-015  -7.7356600993673463E-016   4.4994980184293772E-016 -0.34877875779434975        4.7994625116896892E-015   1.0997534150527607E-015   3.6068310759351726E-015  0.16391611957279600       -6.2707892815450137E-015  -1.6050406494628424E-015   3.8315293450017742E-016   2.9008925170029042E-016  -7.4914450204249091E-016   6.4780628855083328E-016  -1.2303279372709403E-016   5.0330519086414423E-016  -9.6219180615546748E-017  -5.2585691585542466E-002   3.0442307038455246E-015   9.1927203745850500E-016   1.8499566343345584E-015   1.3150006724242880E-015
  -3.4280484517603538E-016  0.45688238366378603        5.7988153346652519E-016   5.7125131755947668E-016   3.9678886226059358E-016  0.43698009817137895       -8.3754388868666649E-016  -1.2067216727843358E-016   8.4326630589892058E-016  -2.0823170786419140E-015  -1.1799006723463669E-016  -2.7750444313506287E-016   1.5249974464595950E-015   8.7686405287155721E-016  -2.6763570687588943E-015 -0.34877875779435114        2.2288039400105837E-015   2.9306955237651263E-016  -6.7564948017176277E-017  0.16391611957279595       -8.0063730968383522E-016  -1.3816603994716140E-015  -6.4498559432640001E-016   2.0296681395140665E-015   9.3783686669809887E-016  -7.8598802650449337E-017  -1.9381626898513591E-015   1.7134270339519832E-017   4.0309693547122301E-015  -5.2585691585547989E-002  -1.1075418615745189E-015   2.2216311893089582E-015  -9.9369672946980003E-016
  -9.2222105242326793E-016   5.7988153346652519E-016  0.45688238366378187        9.3318483030220436E-016  -2.0492585730279134E-017   5.5400509591615968E-016  0.43698009817138284        8.5307244308884170E-016   1.9207292487087926E-015  -2.4684366517920244E-016   5.0419603769793586E-016  -1.4667062829744941E-015   2.0102875992151305E-015  -5.1103634262831861E-017   5.9370586269341666E-016  -5.2137884003668647E-015 -0.34877875779434631       -4.6285030966520471E-015  -1.1498085800194877E-015   7.5420538508160636E-015  0.16391611957278765        1.7394412611485054E-015  -4.8927673040318931E-016   6.3688337839114746E-016   5.9199576330120858E-016  -6.8094491269611603E-016  -9.3019274062821997E-016  -9.6792638379188220E-016   3.7200381200946717E-017  -5.1976617452165587E-015  -5.2585691585543534E-002  -1.6442949844163794E-015  -1.9656550792426834E-015
  -9.5435976392684943E-016   5.7125131755947668E-016   9.3318483030220436E-016  0.57717137665175977        4.8891991901133057E-016   2.1218826270391243E-016  -2.0893960490368690E-015  0.62905350862496601       -7.7014764243569093E-015   6.9087797072031071E-017  -2.6944089700258046E-015  -1.6399632013850739E-014   1.9090369011265645E-015  -3.3368938758706170E-014   7.2021640181669771E-017  -3.3369841305378727E-015   2.6280893229433294E-015 -0.50426199204646838       -5.1270471242277029E-015   7.2137685286045606E-016  -1.2459979150487657E-015  0.26635552605869955        8.3604786659719271E-016  -2.6897042620016468E-016  -3.9170869448399923E-016   1.0735032947531145E-015  -2.0297865270407702E-015   7.8883330803450529E-015   2.8567607121780585E-015  -5.9988831481854245E-016  -7.1841100603103577E-016 -0.10001500332495811        3.1665590622512868E-002
  0.43698009817138295        3.9678886226059358E-016  -2.0492585730279134E-017   4.8891991901133057E-016  0.42088029712083702        4.4418021902860399E-017   5.8053746497893754E-016   2.9056550307218977E-015  -5.1143498035815912E-016  -1.3307148944980892E-015  -7.3858136656688130E-016   1.2416865094189952E-015  -2.0284662467223820E-016  -7.5678397820401203E-016 -0.25334717246773353       -9.8118214932723401E-015  -3.4780827351951802E-015  -3.4845844787441144E-015   8.6413099812334360E-002   1.2791680077198344E-014   2.7499489321241512E-016   1.1664459835952586E-015  -8.6220019406585887E-017   1.4152726746255001E-015  -5.2628184301111877E-016   3.6371204802257960E-016  -4.3753002942857118E-016  -2.6626898055072586E-016  -6.0880039243905379E-003  -5.6514679087452740E-015  -1.3972477620987985E-015  -4.3618405640688735E-016  -2.8890468885673991E-015
  -7.0235417828962290E-017  0.43698009817137895        5.5400509591615968E-016   2.1218826270391243E-016   4.4418021902860399E-017  0.42088029712081798       -2.7202841812105115E-016  -4.3510493123850039E-016  -2.7028732419382773E-016   3.0704704035748757E-016   1.0771109929377906E-016   1.7750432409214481E-015   5.3133280310036830E-016  -1.0387704160460773E-017   1.4696522568978397E-016 -0.25334717246772365        1.7040690101194535E-016  -2.3266392860430670E-015   9.6476619238881202E-016   8.6413099812326977E-002  -1.2738409625863093E-015  -4.7283093876301035E-016  -9.6346270552841620E-017  -4.8621208395619718E-016  -1.0924395474550066E-016  -9.8484607850374601E-017   7.4970494550815662E-016  -5.9740086979738842E-016  -3.1624796036638512E-015  -6.0880039243838835E-003   1.4899451506618497E-015  -3.2194606235124150E-015   1.7042994987732972E-015
   4.6359227139783437E-017  -8.3754388868666649E-016  0.43698009817138284       -2.0893960490368690E-015   5.8053746497893754E-016  -2.7202841812105115E-016  0.42088029712082892       -2.4828175607158369E-015  -1.0141987790752253E-015   9.7250887987493390E-016   2.3033762288707649E-016   9.7268428902240676E-016  -1.0558166158511842E-015   4.4500124445336111E-016  -4.3248813366674050E-015   7.6640457601657471E-015 -0.25334717246772553        7.2351833685072515E-015   3.5766477241024300E-015  -1.1391449364035641E-014   8.6413099812327088E-002  -6.8677729136673010E-016  -1.6074526949767389E-015   3.9530696421518527E-016   1.9043848895867693E-016  -1.7346498437188464E-017  -6.0168534100606683E-017  -5.7052721612339939E-016  -2.3312114183854932E-015   6.9721286611036245E-015  -6.0880039243856043E-003   1.8476394895294522E-015   5.0981899298681428E-015
   1.6400578540851447E-015  -1.2067216727843358E-016   8.5307244308884170E-016  0.62905350862496601        2.9056550307218977E-015  -4.3510493123850039E-016  -2.4828175607158369E-015  0.68690578938396207       -3.3450161688164440E-014  -2.9963594311749181E-015   5.4870084056715270E-016  -2.8201227535865951E-014   1.0583210512419546E-015  -9.8957926304949342E-016  -5.0722317612256718E-015   1.0514591596795482E-015   8.8851556371513659E-016 -0.52203287732986359        9.2146182867442631E-015   2.3358599622688125E-015  -1.9619237513307538E-015  0.23031855404767126        3.0116552405340697E-015   2.3204423416246577E-015   1.5457344920578142E-015   5.9149006062722849E-015  -5.7611117219568842E-016  -3.3264667352930330E-015  -5.8278002537829960E-016   4.7952117091812813E-016   2.8921922363171838E-016  -6.9493965699429713E-002   9.8487633688939830E-003
   7.0674165980083739E-016   8.4326630589892058E-016   1.9207292487087926E-015  -7.7014764243569093E-015  -5.1143498035815912E-016  -2.7028732419382773E-016  -1.0141987790752253E-015  -3.3450161688164440E-014   2.2281748440699101       -1.3827474050755837E-016   5.9739539703949618E-016  -1.1140874220349448       -7.0987120803943168E-016  -1.1140874220349608        1.9677416373123672E-017   6.3394183934055327E-016   1.7842565154942984E-015   2.0327717757211387E-014  -1.6322208775078018E-015  -2.6019260232883750E-015   9.1257999786515832E-016  -1.6046921998214890E-014 -0.71303116874802563        5.9577311718732132E-016  -3.6042403870478651E-015  0.35651558437401798        1.5352641575571293E-016  0.35651558437401698        1.2183113664878449E-015  -7.1625736746999203E-016  -4.5703934737690915E-016   2.4292967162168515E-015  -2.4235795371989197E-015
   1.6589301600132721E-015  -2.0823170786419140E-015  -2.4684366517920244E-016   6.9087797072031071E-017  -1.3307148944980892E-015   3.0704704035748757E-016   9.7250887987493390E-016  -2.9963594311749181E-015  -1.3827474050755837E-016   2.2281748440699238        1.4302913644041416E-015  -4.3222397232501810E-016   9.4126536250247528E-020   1.5028164429303415E-015   4.3298150152287666E-016   3.7872731046710449E-015  -1.7211474997902072E-015   2.2197773465754925E-015   2.4371581469379278E-015  -5.8052279855235199E-015   3.0311947987533170E-016  -1.3764843017718104E-015  -2.4606495582568240E-015 -0.71303116874803651       -2.7841634163070103E-016   3.2094396008820788E-016   1.7764275931211294E-015  -1.1364072482445160E-015  -2.4513210841925832E-017   3.4405001117904450E-015   1.0347962895959593E-015   2.4248889435688040E-015   1.2638603438195035E-015
   7.6963593277146564E-016  -1.1799006723463669E-016   5.0419603769793586E-016  -2.6944089700258046E-015  -7.3858136656688130E-016   1.0771109929377906E-016   2.3033762288707649E-016   5.4870084056715270E-016   5.9739539703949618E-016   1.4302913644041416E-015   2.2281748440699216        3.1236948791479679E-015  -1.4480536453080888E-016   1.1245887034105735E-015   1.5603755953712615E-015   1.3700410133826287E-015   2.7897487371012627E-016  -1.8381154403743682E-015   5.5773876191702239E-017  -2.1778324744026679E-015  -5.3679448815681108E-016   1.1828800481733419E-014  -6.3677361994418654E-015  -1.3531652029083735E-015 -0.71303116874803540       -3.7188405566795923E-015   7.6089816684801793E-017  -7.3502131030939182E-015   3.4879252144895529E-016   4.9677880791500560E-016  -1.1532209331954529E-016   2.8848658195769412E-015   3.7043238406533433E-016
  -1.2976795165822056E-015  -2.7750444313506287E-016  -1.4667062829744941E-015  -1.6399632013850739E-014   1.2416865094189952E-015   1.7750432409214481E-015   9.7268428902240676E-016  -2.8201227535865951E-014  -1.1140874220349448       -4.3222397232501810E-016   3.1236948791479679E-015   2.2281748440699238        1.5276137559778600E-015  -1.1140874220349555        2.5926637951841982E-017   5.9664949611072605E-016  -2.7958317751517634E-015   1.3726437881355707E-014  -1.6702254653743336E-015  -2.9298748228838123E-015   1.2023873595128972E-015  -1.2721306169002112E-015  0.35651558437401176        9.1742943198417362E-016   3.6351537014908785E-015 -0.71303116874804695       -4.6152284197047725E-016  0.35651558437401804        9.0127716991804252E-016  -7.5254200386441553E-016   2.5655224767912353E-016   3.4586014093526019E-015  -1.5929229584863721E-015
  -7.7356600993673463E-016   1.5249974464595950E-015   2.0102875992151305E-015   1.9090369011265645E-015  -2.0284662467223820E-016   5.3133280310036830E-016  -1.0558166158511842E-015   1.0583210512419546E-015  -7.0987120803943168E-016   9.4126536250247528E-020  -1.4480536453080888E-016   1.5276137559778600E-015   2.2281748440699252       -6.8488373609543396E-016  -6.0222438654195846E-016  -3.3471054081648178E-015   2.9584539181415443E-016  -3.2101897488112358E-015  -8.7826591252656264E-016   3.5977332532904662E-015   3.1654982758965302E-016  -4.4214905984230362E-016   3.0517877111567330E-015   2.4282796647819097E-015  -1.3366095204377976E-016  -6.2028646243906169E-016 -0.71303116874803596        2.6654765244630180E-015   3.9576103995286828E-016  -1.7908171293296188E-015  -4.6004282174668000E-016  -5.2070005540403518E-016  -1.9719690283752741E-015
   4.4994980184293772E-016   8.7686405287155721E-016  -5.1103634262831861E-017  -3.3368938758706170E-014  -7.5678397820401203E-016  -1.0387704160460773E-017   4.4500124445336111E-016  -9.8957926304949342E-016  -1.1140874220349608        1.5028164429303415E-015   1.1245887034105735E-015  -1.1140874220349555       -6.8488373609543396E-016   2.2281748440698883        1.8321590948661101E-015   1.1860294047984103E-015   1.3913918190797784E-015   3.7792962088229667E-014  -6.1821207909337820E-016  -2.6140884498812931E-015  -1.7524484639543982E-015  -9.2649764291202686E-015  0.35651558437401648       -3.0176284605803842E-016  -5.2941930895645146E-016  0.35651558437402187       -5.9261770770054745E-016 -0.71303116874803052        1.4526960548069764E-015  -1.0672388843031855E-015   3.6126835330421643E-016  -1.9365124302856599E-015   2.2868994521161524E-015
 -0.34877875779434975       -2.6763570687588943E-015   5.9370586269341666E-016   7.2021640181669771E-017 -0.25334717246773353        1.4696522568978397E-016  -4.3248813366674050E-015  -5.0722317612256718E-015   1.9677416373123672E-017   4.3298150152287666E-016   1.5603755953712615E-015   2.5926637951841982E-017  -6.0222438654195846E-016   1.8321590948661101E-015   2.9363602423108204        9.3190167166313229E-015   1.2690676779121654E-015   4.5164917551675768E-015  -1.6270628893041155       -1.1982681764030213E-014   3.0290982395986731E-015  -4.5316315053476987E-015  -5.7261748381788590E-016  -2.3836066243077685E-015  -3.1133313674228495E-016   1.3104907990547242E-016   2.7504557134188018E-015  -1.3243577095187595E-015  0.42857858524883574        6.2268017061356156E-015  -5.5329095616461684E-016   2.3559978691534864E-015   1.4009816231331319E-015
   4.7994625116896892E-015 -0.34877875779435114       -5.2137884003668647E-015  -3.3369841305378727E-015  -9.8118214932723401E-015 -0.25334717246772365        7.6640457601657471E-015   1.0514591596795482E-015   6.3394183934055327E-016   3.7872731046710449E-015   1.3700410133826287E-015   5.9664949611072605E-016  -3.3471054081648178E-015   1.1860294047984103E-015   9.3190167166313229E-015   2.9363602423108128       -6.5385027234112179E-015  -7.8298703976710427E-016  -4.1536172485232898E-015  -1.6270628893041139        4.1323959627253004E-015   2.8574513744488423E-015  -1.3090493124106918E-015  -2.7775861659313384E-015  -1.3923565879112940E-015  -5.9706578531031345E-016   2.5192926513078390E-015  -6.1444918802250834E-016  -1.5046546466072840E-015  0.42857858524884251       -7.2140793258938642E-016   1.0522656606616512E-016  -2.0088603186897387E-015
   1.0997534150527607E-015   2.2288039400105837E-015 -0.34877875779434631        2.6280893229433294E-015  -3.4780827351951802E-015   1.7040690101194535E-016 -0.25334717246772553        8.8851556371513659E-016   1.7842565154942984E-015  -1.7211474997902072E-015   2.7897487371012627E-016  -2.7958317751517634E-015   2.9584539181415443E-016   1.3913918190797784E-015   1.2690676779121654E-015  -6.5385027234112179E-015   2.9363602423108004       -5.2484570369704308E-015  -6.6300769851099469E-016   8.8363344094142918E-015  -1.6270628893041028        3.0440275834449165E-015  -4.2330246569272878E-016   1.4639660737923394E-016   1.1723389028439430E-015  -5.7025424514826648E-016  -2.6750741726128241E-016  -3.5713595691386240E-016   7.2867421008916376E-018  -5.3651386957000893E-015  0.42857858524883263       -2.3308426097871943E-015  -2.1189411664421863E-015
   3.6068310759351726E-015   2.9306955237651263E-016  -4.6285030966520471E-015 -0.50426199204646838       -3.4845844787441144E-015  -2.3266392860430670E-015   7.2351833685072515E-015 -0.52203287732986359        2.0327717757211387E-014   2.2197773465754925E-015  -1.8381154403743682E-015   1.3726437881355707E-014  -3.2101897488112358E-015   3.7792962088229667E-014   4.5164917551675768E-015  -7.8298703976710427E-016  -5.2484570369704308E-015   3.0280917966409433       -3.5656293421208339E-016   5.7185106211230577E-015   3.3271746974236922E-015  -1.6031800278240347       -2.4549744451309639E-014  -2.1525036672546788E-015  -4.0722263479817966E-016  -2.2925228278998652E-014   3.4123619063234200E-015  -2.8245457749573364E-014  -5.7573062753467568E-015   1.0528554332277723E-015  -3.0706282559807651E-016  0.59774701198827285      -0.14092584977096900     
  0.16391611957279600       -6.7564948017176277E-017  -1.1498085800194877E-015  -5.1270471242277029E-015   8.6413099812334360E-002   9.6476619238881202E-016   3.5766477241024300E-015   9.2146182867442631E-015  -1.6322208775078018E-015   2.4371581469379278E-015   5.5773876191702239E-017  -1.6702254653743336E-015  -8.7826591252656264E-016  -6.1821207909337820E-016  -1.6270628893041155       -4.1536172485232898E-015  -6.6300769851099469E-016  -3.5656293421208339E-016   3.2724626527014942        3.4266943288300050E-015  -5.7049724464196006E-015   4.4748358299474918E-015   3.9926671405148694E-016   7.4968614427231483E-016  -2.3629268098577035E-016   9.3542541180979930E-016  -1.4756353440448136E-015   5.0098175104353103E-016  -1.1694751627901045       -2.5856137861595213E-015   1.5776779206695461E-015  -3.2666736371158011E-015   1.0409919734457403E-015
  -6.2707892815450137E-015  0.16391611957279595        7.5420538508160636E-015   7.2137685286045606E-016   1.2791680077198344E-014   8.6413099812326977E-002  -1.1391449364035641E-014   2.3358599622688125E-015  -2.6019260232883750E-015  -5.8052279855235199E-015  -2.1778324744026679E-015  -2.9298748228838123E-015   3.5977332532904662E-015  -2.6140884498812931E-015  -1.1982681764030213E-014  -1.6270628893041139        8.8363344094142918E-015   5.7185106211230577E-015   3.4266943288300050E-015   3.2724626527014737       -4.7616154269891462E-015  -3.2494811031528561E-015   1.9155780100109042E-015   3.9680787934563528E-015   1.7452457607294152E-015   5.5993100058128283E-016  -3.3225145903194622E-015   3.6910098886824418E-016   3.3946003193899434E-015  -1.1694751627900979        9.7483512003152088E-016  -3.2722527104048974E-016   6.0476522976427420E-016
  -1.6050406494628424E-015  -8.0063730968383522E-016  0.16391611957278765       -1.2459979150487657E-015   2.7499489321241512E-016  -1.2738409625863093E-015   8.6413099812327088E-002  -1.9619237513307538E-015   9.1257999786515832E-016   3.0311947987533170E-016  -5.3679448815681108E-016   1.2023873595128972E-015   3.1654982758965302E-016  -1.7524484639543982E-015   3.0290982395986731E-015   4.1323959627253004E-015  -1.6270628893041028        3.3271746974236922E-015  -5.7049724464196006E-015  -4.7616154269891462E-015   3.2724626527014768       -6.9809556836546377E-015   1.1217975013295200E-015  -8.9919534159552911E-016  -1.8445429512342842E-015   2.4635994777704102E-015   9.0306473837876093E-016   2.0957279090402527E-015   2.9690628030517724E-015   3.5652351109355358E-015  -1.1694751627900928        2.4485398510327607E-015   9.8064613759719139E-016
   3.8315293450017742E-016  -1.3816603994716140E-015   1.7394412611485054E-015  0.26635552605869955        1.1664459835952586E-015  -4.7283093876301035E-016  -6.8677729136673010E-016  0.23031855404767126       -1.6046921998214890E-014  -1.3764843017718104E-015   1.1828800481733419E-014  -1.2721306169002112E-015  -4.4214905984230362E-016  -9.2649764291202686E-015  -4.5316315053476987E-015   2.8574513744488423E-015   3.0440275834449165E-015  -1.6031800278240347        4.4748358299474918E-015  -3.2494811031528561E-015  -6.9809556836546377E-015   3.3354643520163787        1.5198883110557875E-013   9.1723422340978869E-016  -2.0397002043836160E-015   2.5949759114063994E-014   1.7126845486285352E-015   1.3791498154547921E-013   9.9597256739117627E-016   1.2142276303278061E-015   3.7385251264287609E-015  -1.4702251309557548       0.35597358071600432     
   2.9008925170029042E-016  -6.4498559432640001E-016  -4.8927673040318931E-016   8.3604786659719271E-016  -8.6220019406585887E-017  -9.6346270552841620E-017  -1.6074526949767389E-015   3.0116552405340697E-015 -0.71303116874802563       -2.4606495582568240E-015  -6.3677361994418654E-015  0.35651558437401176        3.0517877111567330E-015  0.35651558437401648       -5.7261748381788590E-016  -1.3090493124106918E-015  -4.2330246569272878E-016  -2.4549744451309639E-014   3.9926671405148694E-016   1.9155780100109042E-015   1.1217975013295200E-015   1.5198883110557875E-013   2.2281748440698874       -2.0555554688972962E-015   2.8835474860742374E-015  -1.1140874220349608       -3.2370488515560583E-015  -1.1140874220350032        2.6420858145860684E-016  -9.2191929959107534E-016  -6.6714546558073912E-016  -3.2830278226607324E-015   2.1797549615284151E-015
  -7.4914450204249091E-016   2.0296681395140665E-015   6.3688337839114746E-016  -2.6897042620016468E-016   1.4152726746255001E-015  -4.8621208395619718E-016   3.9530696421518527E-016   2.3204423416246577E-015   5.9577311718732132E-016 -0.71303116874803651       -1.3531652029083735E-015   9.1742943198417362E-016   2.4282796647819097E-015  -3.0176284605803842E-016  -2.3836066243077685E-015  -2.7775861659313384E-015   1.4639660737923394E-016  -2.1525036672546788E-015   7.4968614427231483E-016   3.9680787934563528E-015  -8.9919534159552911E-016   9.1723422340978869E-016  -2.0555554688972962E-015   2.2281748440699238        1.6788508534353091E-015   7.1494054141015576E-016  -1.6641687813742981E-015   2.9013707665852538E-015  -1.6252386668077588E-015  -2.4265066401438818E-015   4.8263375023806178E-016  -2.8894096268875716E-015   6.9396903688269000E-016
   6.4780628855083328E-016   9.3783686669809887E-016   5.9199576330120858E-016  -3.9170869448399923E-016  -5.2628184301111877E-016  -1.0924395474550066E-016   1.9043848895867693E-016   1.5457344920578142E-015  -3.6042403870478651E-015  -2.7841634163070103E-016 -0.71303116874803540        3.6351537014908785E-015  -1.3366095204377976E-016  -5.2941930895645146E-016  -3.1133313674228495E-016  -1.3923565879112940E-015   1.1723389028439430E-015  -4.0722263479817966E-016  -2.3629268098577035E-016   1.7452457607294152E-015  -1.8445429512342842E-015  -2.0397002043836160E-015   2.8835474860742374E-015   1.6788508534353091E-015   2.2281748440699207        1.6550413925627004E-015  -6.6590257478049389E-016  -6.6320985704117139E-016   4.4977120626710920E-016  -9.8455509076222173E-016   7.2993320063375727E-016   2.9518930060905086E-016  -1.3890523322753734E-015
  -1.2303279372709403E-016  -7.8598802650449337E-017  -6.8094491269611603E-016   1.0735032947531145E-015   3.6371204802257960E-016  -9.8484607850374601E-017  -1.7346498437188464E-017   5.9149006062722849E-015  0.35651558437401798        3.2094396008820788E-016  -3.7188405566795923E-015 -0.71303116874804695       -6.2028646243906169E-016  0.35651558437402187        1.3104907990547242E-016  -5.9706578531031345E-016  -5.7025424514826648E-016  -2.2925228278998652E-014   9.3542541180979930E-016   5.5993100058128283E-016   2.4635994777704102E-015   2.5949759114063994E-014  -1.1140874220349608        7.1494054141015576E-016   1.6550413925627004E-015   2.2281748440700455        1.0950391120126763E-015  -1.1140874220349573       -2.7799205727816372E-016  -7.8704787441787896E-016  -2.0212642424782437E-015  -2.3596070110498536E-014   2.9474399824280090E-015
   5.0330519086414423E-016  -1.9381626898513591E-015  -9.3019274062821997E-016  -2.0297865270407702E-015  -4.3753002942857118E-016   7.4970494550815662E-016  -6.0168534100606683E-017  -5.7611117219568842E-016   1.5352641575571293E-016   1.7764275931211294E-015   7.6089816684801793E-017  -4.6152284197047725E-016 -0.71303116874803596       -5.9261770770054745E-016   2.7504557134188018E-015   2.5192926513078390E-015  -2.6750741726128241E-016   3.4123619063234200E-015  -1.4756353440448136E-015  -3.3225145903194622E-015   9.0306473837876093E-016   1.7126845486285352E-015  -3.2370488515560583E-015  -1.6641687813742981E-015  -6.6590257478049389E-016   1.0950391120126763E-015   2.2281748440699238       -2.7262987840317927E-015   1.7747450268140365E-015   1.6897501857981334E-015  -2.3942048741790017E-015   1.5523648500640878E-015   1.4039469369082899E-015
  -9.6219180615546748E-017   1.7134270339519832E-017  -9.6792638379188220E-016   7.8883330803450529E-015  -2.6626898055072586E-016  -5.9740086979738842E-016  -5.7052721612339939E-016  -3.3264667352930330E-015  0.35651558437401698       -1.1364072482445160E-015  -7.3502131030939182E-015  0.35651558437401804        2.6654765244630180E-015 -0.71303116874803052       -1.3243577095187595E-015  -6.1444918802250834E-016  -3.5713595691386240E-016  -2.8245457749573364E-014   5.0098175104353103E-016   3.6910098886824418E-016   2.0957279090402527E-015   1.3791498154547921E-013  -1.1140874220350032        2.9013707665852538E-015  -6.6320985704117139E-016  -1.1140874220349573       -2.7262987840317927E-015   2.2281748440699101       -2.2852158681211105E-016  -7.5797880132843394E-017  -2.4980905146928902E-016  -1.5868764069187321E-015  -1.0280352038673018E-015
  -5.2585691585542466E-002   4.0309693547122301E-015   3.7200381200946717E-017   2.8567607121780585E-015  -6.0880039243905379E-003  -3.1624796036638512E-015  -2.3312114183854932E-015  -5.8278002537829960E-016   1.2183113664878449E-015  -2.4513210841925832E-017   3.4879252144895529E-016   9.0127716991804252E-016   3.9576103995286828E-016   1.4526960548069764E-015  0.42857858524883574       -1.5046546466072840E-015   7.2867421008916376E-018  -5.7573062753467568E-015  -1.1694751627901045        3.3946003193899434E-015   2.9690628030517724E-015   9.9597256739117627E-016   2.6420858145860684E-016  -1.6252386668077588E-015   4.4977120626710920E-016  -2.7799205727816372E-016   1.7747450268140365E-015  -2.2852158681211105E-016   2.4287648315675456       -1.8567146918601459E-015  -1.3009363043477253E-015  -1.6853590951796666E-015  -2.1809382720376062E-015
   3.0442307038455246E-015  -5.2585691585547989E-002  -5.1976617452165587E-015  -5.9988831481854245E-016  -5.6514679087452740E-015  -6.0880039243838835E-003   6.9721286611036245E-015   4.7952117091812813E-016  -7.1625736746999203E-016   3.4405001117904450E-015   4.9677880791500560E-016  -7.5254200386441553E-016  -1.7908171293296188E-015  -1.0672388843031855E-015   6.2268017061356156E-015  0.42857858524884251       -5.3651386957000893E-015   1.0528554332277723E-015  -2.5856137861595213E-015  -1.1694751627900979        3.5652351109355358E-015   1.2142276303278061E-015  -9.2191929959107534E-016  -2.4265066401438818E-015  -9.8455509076222173E-016  -7.8704787441787896E-016   1.6897501857981334E-015  -7.5797880132843394E-017  -1.8567146918601459E-015   2.4287648315675319       -5.5018856101266748E-016  -1.7795003318437942E-016   6.3339510677594361E-016
   9.1927203745850500E-016  -1.1075418615745189E-015  -5.2585691585543534E-002  -7.1841100603103577E-016  -1.3972477620987985E-015   1.4899451506618497E-015  -6.0880039243856043E-003   2.8921922363171838E-016  -4.5703934737690915E-016   1.0347962895959593E-015  -1.1532209331954529E-016   2.5655224767912353E-016  -4.6004282174668000E-016   3.6126835330421643E-016  -5.5329095616461684E-016  -7.2140793258938642E-016  0.42857858524883263       -3.0706282559807651E-016   1.5776779206695461E-015   9.7483512003152088E-016  -1.1694751627900928        3.7385251264287609E-015  -6.6714546558073912E-016   4.8263375023806178E-016   7.2993320063375727E-016  -2.0212642424782437E-015  -2.3942048741790017E-015  -2.4980905146928902E-016  -1.3009363043477253E-015  -5.5018856101266748E-016   2.4287648315675310        7.5734034675342754E-017  -6.1094902495893020E-016
   1.8499566343345584E-015   2.2216311893089582E-015  -1.6442949844163794E-015 -0.10001500332495811       -4.3618405640688735E-016  -3.2194606235124150E-015   1.8476394895294522E-015  -6.9493965699429713E-002   2.4292967162168515E-015   2.4248889435688040E-015   2.8848658195769412E-015   3.4586014093526019E-015  -5.2070005540403518E-016  -1.9365124302856599E-015   2.3559978691534864E-015   1.0522656606616512E-016  -2.3308426097871943E-015  0.59774701198827285       -3.2666736371158011E-015  -3.2722527104048974E-016   2.4485398510327607E-015  -1.4702251309557548       -3.2830278226607324E-015  -2.8894096268875716E-015   2.9518930060905086E-016  -2.3596070110498536E-014   1.5523648500640878E-015  -1.5868764069187321E-015  -1.6853590951796666E-015  -1.7795003318437942E-016   7.5734034675342754E-017   2.8304395327056162      -0.77832669978454805     
   1.3150006724242880E-015  -9.9369672946980003E-016  -1.9656550792426834E-015   3.1665590622512868E-002  -2.8890468885673991E-015   1.7042994987732972E-015   5.0981899298681428E-015   9.8487633688939830E-003  -2.4235795371989197E-015   1.2638603438195035E-015   3.7043238406533433E-016  -1.5929229584863721E-015  -1.9719690283752741E-015   2.2868994521161524E-015   1.4009816231331319E-015  -2.0088603186897387E-015  -2.1189411664421863E-015 -0.14092584977096900        1.0409919734457403E-015   6.0476522976427420E-016   9.8064613759719139E-016  0.35597358071600432        2.1797549615284151E-015   6.9396903688269000E-016  -1.3890523322753734E-015   2.9474399824280090E-015   1.4039469369082899E-015  -1.0280352038673018E-015  -2.1809382720376062E-015   6.3339510677594361E-016  -6.1094902495893020E-016 -0.77832669978454805        2.2147961823836830     
