   3.0370780872837192E-005   7.7086210549244061E-011  -3.1709682099423674E-010  -2.7712101349552353E-010  -1.0917746550805484E-009  -6.4159294802362580E-010   1.1182219149818354E-009   1.9230398931921873E-009  -7.9408273127560243E-010  -8.3126523897527621E-010   1.5961192708876392E-003  -1.1184811479605348E-008  -6.5845931308640642E-009  -5.2876777818405341E-009   4.6434295302804609E-010   3.4855032206054752E-010  -4.3960474528499599E-010  -5.0811924896679617E-010   2.7856947047278626E-010  -1.1486280803882894E-010  -1.3030656055223929E-010   1.7789902507859795E-010  -1.7372570458553037E-010   1.9506392509542842E-010  -6.3134541954956114E-010  -1.3299389184956645E-009  -1.3093809916428245E-009   2.6921752200907218E-009   1.1925946944245299E-009  -2.0608298371791081E-009   3.8377029431681197E-003  -2.7458597627942398E-008  -1.0830820954145777E-008   3.6574157539836264E-011   5.7596299595523437E-011   9.5864493715009039E-012  -8.0250983769235447E-011   8.6883963724584386E-013   1.6004077831557850E-011  -7.8578600026399606E-011  -3.9158161846839576E-011   2.8150711068037348E-011   1.9600338421802194E-011   3.4511448610277016E-011   3.6680830043090588E-011   1.9627510175980903E-011  -3.7328433987713876E-011  -2.0284162369280223E-011  -1.2926853076632570E-008  -3.0697895004828752E-011   5.3618030128090713E-012  -9.1096433550570113E-011  -6.2471341453687800E-012  -1.9738252838452512E-011   4.7431083227272038E-011  -1.2960443869363838E-011   2.7752378650013748E-011   1.2026487004406125E-011   4.7213880625434933E-011  -4.2722078574443394E-010  -5.7573611676220994E-010  -1.0684219943057343E-009   1.5005945795503510E-009   6.5054927209396538E-010  -1.0733736239259636E-009   3.1397682108956332E-003  -2.2541516753286658E-008  -8.3789440551239054E-009   4.7394998446020284E-011   1.0922962755852051E-010   4.3265814218938291E-011  -1.7377941212104849E-010  -1.6094294476693941E-011   9.0524348372919158E-011  -8.2046217755240622E-011  -4.7259310613514208E-011  -3.6470375825506587E-011  -8.0407844475374439E-012   9.2570684422306041E-011   7.7678833489367584E-012   1.1167900080692342E-011   4.2280900640393904E-012  -5.7890877200912473E-011  -4.9539894800910407E-009   6.0659435876296507E-011   6.3924447461323189E-011  -1.4471929199096687E-010  -8.8128460760332011E-011   3.9650779869725042E-011   6.7449930556165007E-012  -3.0664674017766532E-011   4.7226020148701404E-011  -2.2783470988780750E-011   7.2667193087008177E-011  -4.0087699892594169E-010  -7.1210638627179770E-010  -7.0740314932787566E-010   1.4499943868185302E-009   7.2906649185510702E-010  -1.0491174113880265E-009   1.9953057426122388E-003  -1.4365551510013119E-008  -5.1427308263390275E-009   1.7031930251776154E-004  -2.0127918841598331E-011  -2.1089278858319729E-010  -1.1328561194256793E-008   5.7223584223389074E-010  -6.9592689397316106E-011  -1.5316210574466941E-010  -2.7480939768490440E-010  -9.7381958131469473E-011   4.1426259531484800E-010   2.0681959100452961E-010  -2.6110049159716233E-010
   7.7086210549244061E-011   3.0371335662869086E-005   4.5686538073812665E-011  -1.5842166406579250E-009  -1.3692722759592841E-009   1.5733121505909712E-009   2.6314943347986489E-010   1.1375006587980001E-010   2.2938665144190820E-010   1.2555222024420858E-009   1.5237291831505394E-008   1.5961343973857917E-003   3.9304264993641088E-009  -8.1280446414818994E-009   3.6193359099000659E-010  -1.8111002137982191E-010   1.8757208566928816E-010   1.7522964743422250E-010  -6.8241226279915746E-011  -6.6081464738613827E-010   1.5115642500335256E-010  -1.8554119959535323E-010  -2.1681860504210564E-011  -1.5137212020517543E-012  -2.3977336737913378E-009   4.3890486895673370E-009   3.3924223711401281E-010   2.6358627535718578E-009  -2.6259907655560157E-010  -2.3812902648059057E-010   3.7363534720907882E-008   3.8377375331571286E-003   9.7379547678492066E-009  -7.6189393236725085E-013   6.8968850446615018E-011   2.1690185630551288E-011   4.8929552037590684E-012   8.1559297167209554E-013  -3.5546200771312802E-012  -1.2858887927561304E-010   1.4502745325190438E-011   7.9988657007096867E-011  -3.2499898014983921E-011   1.9963240847866449E-011  -7.0778943593668977E-011  -3.9960831498664209E-011   7.0171034964830230E-011   2.4772220500781083E-011  -2.0029667722634431E-008  -2.5525516191770236E-011   3.2107006810491807E-011  -1.9587820534729310E-011   1.4018648639142457E-011  -3.1267650380968681E-011   2.0227095633105414E-011  -4.5164316023469698E-011   6.4940935385943186E-012   2.8500292867839725E-011   9.7595357533115616E-012  -1.3920136933788530E-009   2.4052332293552645E-009   1.9234835554406269E-010   1.7649760293831682E-009  -5.6947287529924529E-010  -3.7296221661338266E-010   3.0323224704940277E-008   3.1397968510084367E-003   7.8658580400296440E-009  -5.6361519428330385E-011   1.0052549860786267E-010   5.6510617345786167E-012   1.0946173297738628E-010   3.7110463096999429E-011  -1.0455980701251208E-011  -1.7587849318309596E-010  -1.5836278606955908E-011   1.0109663779767129E-010   6.1526023672731080E-012  -5.0769692008745980E-011  -6.4862285468579364E-011  -2.0278659096823159E-011   3.7201778156049823E-011   1.7496371604771617E-011  -7.7092350391798913E-009   4.2507578746739374E-011  -1.8687987994617110E-011   2.0739147450329901E-011   3.7604606353768935E-011  -5.3856744596092796E-011  -9.4634554938901221E-011   6.9038009078755844E-013  -1.8501405782546956E-011   1.7762806888328239E-011  -1.6679125136909322E-012  -1.2657172959566078E-009   2.3118858023317678E-009   1.7056784390099458E-010   1.5393002920025798E-009  -1.9626802693896042E-010  -2.7358306349698424E-010   1.9282812109837059E-008   1.9953239453996828E-003   5.0037939056322729E-009   1.3068422036405127E-010   1.7031921646601121E-004   1.5920341361917333E-011  -1.7668882241044248E-008   1.3667445028396593E-009  -1.4142418522133714E-010  -2.9789964704877164E-010   5.9453358324223319E-010   4.6591408427468913E-011   3.2867849048948138E-010   2.3320019318444988E-011  -3.0778844628284008E-011
  -3.1709682099423674E-010   4.5686538073812665E-011   3.0370433565600037E-005   6.1984367139069111E-010   9.7563406865481925E-010   3.8704868138668644E-010  -8.8972707947600477E-010  -2.0927406440970645E-010   7.1577569038696369E-010  -7.6635998809061939E-010  -1.3721632628306657E-008  -1.6364609829298379E-009   1.5961105807223391E-003   5.2886387261798471E-009  -3.2849352310141422E-010   7.9355122713584348E-012  -3.3008448691898332E-010   1.3676466085186795E-010  -3.1834108534033688E-010   3.0395568851886465E-010   1.8491163659925638E-012   2.2080045204874235E-010  -1.0416345934602620E-011   8.1453497279239990E-011  -1.4952682387070958E-009  -4.5852386462588305E-010  -1.8614389564120119E-009   2.7340830767355001E-009   1.3194890301505965E-009  -1.2388149719718164E-009  -2.8249231114870341E-008  -3.8333789455854392E-009   3.8376810214115482E-003  -2.0020610776736013E-011   4.3082723378218748E-011  -2.3551249231941886E-011  -7.6410998402579972E-012   6.6114510484491974E-011   4.2809769176263491E-011  -1.4957389745588054E-011  -4.9910881607351041E-011  -3.7734086934779047E-011   6.0752623817862403E-011  -6.1938175473204633E-012  -6.7545245765706337E-011   1.8521340044722485E-011   1.8266388339730488E-011  -3.4914260309854376E-011   1.1548393697204957E-008   2.0239704591201736E-011  -3.3095648654733523E-011   2.2617377952020500E-011   1.5147669363396181E-011   3.5519922536902486E-011  -4.2301966949553230E-011   7.3143187962204393E-012  -4.9144698404927588E-011   2.3282476198867099E-011   1.9767249144570723E-011  -5.5543146802475189E-010  -2.1144223693114452E-010  -9.9619907628466696E-010   1.5671514410799103E-009   7.6618483250552547E-010  -1.0117205070226644E-009  -2.2546121348455720E-008  -3.2068132802859950E-009   3.1397499550939977E-003  -2.1380335345819774E-011   7.0291801404372338E-012  -1.4820907273876758E-011   2.8219088650805862E-013   7.4054362722990006E-011   3.7275278731785777E-011   5.2813027986565732E-012  -1.2975922798943059E-010  -1.6516220657167720E-011   1.1153774569678519E-010   3.2167791692241109E-011  -2.6127304096568683E-011  -5.6788656615106947E-011  -2.9069576682127384E-011   1.1108589991137204E-011   4.8312887142904283E-009  -1.9066357091687651E-011  -1.0637402021533944E-011  -4.6619267932142853E-011   3.7453467734502161E-011  -2.9318636342594896E-011  -1.1873230444693112E-011   3.2629634976495029E-013   1.2184242084924958E-011   1.0199608498934126E-011   2.5666127000384623E-011  -8.9127170466243484E-010  -2.6550416700474015E-010  -1.0032238167215977E-009   1.4406833803757977E-009   5.9200563677316783E-010  -5.4941148319839035E-010  -1.4165472728783283E-008  -2.0416429352237192E-009   1.9952941176067697E-003  -2.4437974641985184E-010  -1.3121228784317393E-011   1.7031928637606413E-004   1.0568246124302070E-008  -1.7270883429721343E-009   1.2218690656272718E-010  -3.0203618346598517E-010  -7.9859214989109755E-011  -3.0943305831242191E-010   3.5072478499676740E-010   7.7528242933806089E-011  -4.8688594722841263E-011
  -2.7712101349552353E-010  -1.5842166406579250E-009   6.1984367139069111E-010   1.1724074441221345E-005  -5.4254259882126734E-011  -4.9604276424502365E-011  -2.3932941649547524E-011   2.3037183670861650E-011   8.9790878254967286E-012   3.1216445922416611E-011  -1.2312858425428148E-008  -7.9853185822225791E-008   3.0859283136730169E-008   1.3151944146906538E-003  -7.7108615089456340E-011  -1.9063364623905873E-010   2.2710536265992961E-011   3.1540515314184042E-010  -2.2677560471738496E-013  -2.1195311152496653E-010  -1.1686649254003818E-011   1.3655343150965462E-010   2.0631293361955672E-010  -1.1870836733129844E-010  -1.3283809062020937E-010  -3.8076148646459580E-011   6.5153300096592162E-011   5.6828242771216537E-011   5.7331192041091244E-011   7.6005234129303483E-011  -2.9345099905744974E-008  -1.9127819530761210E-007   7.2905708743201403E-008   5.5274425038172261E-011   5.1274558441806764E-011  -5.9798369489203363E-011  -5.7630599006207443E-011   3.1663507127929361E-011  -3.9464366669941332E-011   1.2244362458448644E-012   1.4784854413478595E-011  -7.0434655441697207E-011   4.8778386148124600E-011   2.0850913133793541E-011  -2.0620396808398929E-011   2.1004525649850670E-011  -2.9801751466165623E-012   1.0509478712890371E-011   3.2389327657669966E-003  -5.3349309599085703E-012  -2.9962571515192129E-011  -9.6205181201817788E-011   4.0321261479723119E-011   2.0373536083238573E-011  -3.3163758653400916E-011   6.1268001448231314E-011   3.7195735709607627E-011  -5.2237098620176251E-011   4.3983005316859717E-011  -5.6706189040945118E-011  -2.0660240972991994E-011   1.2698795565859894E-010   1.7931524360896175E-011   3.5625925361965516E-011   3.8770720091266722E-011  -2.3920572281354092E-008  -1.5605231562683506E-007   5.9087753550661674E-008  -3.1534127374237354E-012  -1.3422177318723434E-012  -3.9203895495024498E-012   1.9656623197355512E-012  -3.2304871986709699E-012   3.5755581938416867E-012  -5.0878406735661406E-013   1.4298599897174819E-012   2.4839103846570221E-012   2.8546227613543902E-012  -4.2539276948688005E-013   2.8872945603656984E-013  -1.2165706393880528E-012   2.1191840939220709E-012  -1.3416841558950726E-012   1.2296078165463182E-003  -3.5580112775095513E-011  -7.3816611179173833E-011  -3.6849315481430012E-011   1.2373804180440629E-010   1.3332726363901965E-011  -7.6002314504284703E-011   4.4707608239114375E-011   4.5272513449471294E-011   1.3835040248651433E-011  -6.2782871617153403E-012  -6.9980448731912645E-011  -2.7646280776491363E-011   1.3222128173105834E-010   4.3494785735774046E-011   3.8440790872949920E-011   2.6486793179535410E-011  -1.5244261656672345E-008  -9.9416938417755613E-008   3.8038011282851862E-008  -4.1253839011442717E-010  -1.3330549135532579E-009   2.4929395891616466E-009   2.8585222213236504E-003  -1.0806323099585560E-003   1.0075080480392651E-004  -2.0560524229232298E-011  -9.1962373617656737E-012   4.2863770271400912E-011   1.2519728963037489E-011   1.1138044620260671E-011   8.0408111417031525E-012
  -1.0917746550805484E-009  -1.3692722759592841E-009   9.7563406865481925E-010  -5.4254259882126734E-011   1.3265311258694297E-013  -3.5208947570774795E-014  -8.0558443514097227E-014  -8.1126267359431547E-014   4.1185118964094605E-014  -5.1526841033850959E-014  -5.7401823825472657E-008  -7.1994851747099596E-008   5.1305134838701126E-008  -6.4615274529280152E-009  -4.3211986041964234E-014  -3.1784038193390504E-015  -3.3831601306384538E-015   1.3223622261171782E-014  -1.7178711864450293E-014   4.4751370049767705E-014  -2.0154739592659409E-015   8.4065225612163544E-015   5.8821874960635619E-015  -3.7442584093246184E-015   8.3427781768136715E-014  -1.6468398058957048E-013  -2.8380066963338527E-014  -1.2810059201932916E-013   1.1052391660044273E-014   4.4672828983530840E-014  -1.3800864698592670E-007  -1.7309249036804871E-007   1.2334716675576858E-007  -2.1958236928039327E-015  -4.0571326363580880E-015  -1.7883011288113019E-015   2.7034460805819728E-015   1.9032719310122323E-015   1.1537789635648660E-015   8.1497414310968396E-015  -9.2616691800381093E-016  -5.4908110883428915E-015   2.4786247671008091E-015  -2.4422725815414970E-015  -1.9445747640458703E-016   1.5866961733179916E-015  -1.2241576687729894E-015  -1.5600863577495048E-015  -1.5834063270703033E-008   2.9537500824703660E-015  -2.5501477340322789E-015   5.3792944802495789E-015  -1.4033065258555407E-016   3.1781182553778135E-015  -3.8224645569426861E-015   2.4364045656573253E-015  -3.0714650873424147E-015  -7.1921869789015908E-016  -1.7203189013858982E-015   6.0587074327597911E-014  -9.4485627263147421E-014  -2.8535881656088368E-015  -8.3260918188877789E-014   2.6839620352440278E-014   2.2673835548847239E-014  -1.1287814793576344E-007  -1.4156720619624374E-007   1.0087294517956689E-007   1.6539894749738937E-016  -8.2242905927883591E-015  -2.2661112710726215E-015   1.3116590566362721E-015   1.2993475929662227E-015  -1.6021976295188462E-015   1.1047733426131400E-014  -1.7616739584354888E-015  -3.7880470624640633E-015   3.5791855469913308E-015  -3.5958532523228822E-018   1.8041616710601208E-015  -1.3053492087004019E-015  -2.7726387410904119E-015   1.6551957586147635E-015  -6.2851047030378183E-009  -4.5517767148336077E-015  -1.4349372174907775E-015   2.9351142049694333E-015   2.0730707093625336E-015  -2.2043983097272150E-017   4.0337924401445295E-015   8.5611422351326546E-016  -6.8041766490613211E-016   2.8628960901897779E-016  -1.6805586578227195E-015   4.3109225570337738E-014  -8.7013272422513312E-014  -1.5261808661158552E-014  -7.5454891137059502E-014   1.2625782807645640E-015   3.2345669035754281E-014  -7.1755920409628930E-008  -8.9997816910829739E-008   6.4133803449587113E-008  -9.3986380555430344E-010  -1.5465443025374286E-010  -1.3556117479139721E-009  -1.4012428883211442E-008  -9.3886214556379966E-011   1.9593219325188897E-012   9.2220695959357212E-015  -1.9317473902102318E-014  -8.9405205141938957E-015  -1.8478962806218323E-014  -6.3975997144728134E-015   9.2568934197076645E-015
  -6.4159294802362580E-010   1.5733121505909712E-009   3.8704868138668644E-010  -4.9604276424502365E-011  -3.5208947570774795E-014   1.0024607279387070E-013  -2.1227475748854296E-014  -3.7506844577447050E-014   3.7746686593577751E-014   7.2715794985010341E-014  -3.3726478266664825E-008   8.2720735498170432E-008   2.0351043106935056E-008  -5.8947035168464321E-009   5.0996163578583173E-015  -1.5801357563688194E-014   1.4693738367602029E-014   2.0154981592297424E-014  -1.3472355032680644E-014  -2.6996828178465431E-014   1.0668669361762337E-014  -1.1166828933793846E-014   1.4881319654123353E-015  -2.6288280270947863E-015  -1.2938780474504225E-013   2.4988636094999846E-013   2.1223801235667592E-014   1.1430303999667220E-013  -2.2225258838775065E-014   1.5084788712118696E-014  -8.1088864568265261E-008   1.9888107268293438E-007   4.8928554002905744E-008  -1.3189489706056099E-015   2.6805227506280973E-015   8.8893577794780673E-016   2.1177994449396229E-015   7.2784005617656109E-016   1.9908681474663450E-016  -5.2075328924048763E-015   8.7438819836269594E-016   3.3903390648331918E-015  -1.5406668350372993E-015   1.2966634053780736E-016  -5.2152439247774395E-015  -2.3455814119993268E-015   4.6727438965937455E-015   1.2219399683672876E-015  -1.4443975343274133E-008  -3.8604462342788025E-016   1.2788637205605870E-015   1.6395024848346818E-015   8.5659352292162844E-016  -8.5876019217091389E-016  -3.3864177181759606E-016  -2.2623666862701212E-015  -1.0520931165146259E-015   1.7570928581398733E-015  -4.3789098624021361E-016  -6.9927356824227112E-014   1.3416095627409520E-013   1.9270963031031658E-014   7.9684573567659156E-014  -3.3707519401386332E-014  -9.7572023843445611E-015  -6.6330420461304374E-008   1.6266297089012858E-007   4.0016981832357656E-008  -4.1786506234921058E-015   2.9939549405196613E-015  -7.9193075612649278E-016   9.3347389862725897E-015   3.2198844798305978E-015  -1.9944419217502313E-015  -7.3058068078712321E-015  -1.4816615052885229E-015   5.7849536966828560E-015   1.8962958738088556E-015  -4.1728365701525917E-015  -3.8576694033992485E-015  -2.0046572123686995E-015   1.4577088139070143E-015   2.2765784699767600E-015  -5.7370504792112810E-009   8.3602548960737665E-016  -2.1292957602784262E-015   3.6968705498524550E-015   3.7339459684256046E-015  -4.0469412661999695E-015  -4.8555876107693280E-015   4.9635735145424913E-016  -2.0002983466271093E-015   1.4634188457217957E-015  -1.2645529693209360E-015  -6.8162141634305291E-014   1.3161598826648114E-013   1.0379789560256773E-014   6.7203429091643778E-014  -1.8098213238605881E-014   9.5870596230097048E-016  -4.2160674575805465E-008   1.0340606738883901E-007   2.5439938108108511E-008  -1.7406858133621631E-009   8.3712186812762794E-010   9.9826199671457796E-012  -1.2782779260591839E-008  -1.5910209788775007E-010  -7.0568370035573471E-013  -1.5911339657681800E-014   3.5668331490704361E-014   2.9424039855235810E-016   1.2495770603569048E-014  -2.0666197797821049E-015   3.4155689991983858E-015
   1.1182219149818354E-009   2.6314943347986489E-010  -8.8972707947600477E-010  -2.3932941649547524E-011  -8.0558443514097227E-014  -2.1227475748854296E-014   6.9585416853372488E-014   7.7895107585573954E-014  -4.8258203013019041E-014   2.6633367482050920E-015   5.8788609917595817E-008   1.3835502741939358E-008  -4.6776613592363441E-008  -2.7896846468869832E-009   3.0031770850498346E-014   1.1436023524690385E-014  -4.9350401631508941E-015  -2.1867011468525331E-014   1.9000629422014538E-014  -1.8424862021832048E-014  -3.5161681931307633E-015  -1.8177334390269154E-015  -6.7185389456278022E-015   5.0332793371178420E-015   6.8870099635745663E-017   2.5696861388834444E-015   9.1475869804836094E-015   4.1764862340793994E-014   2.8714607491767603E-015  -4.1833719137348360E-014   1.4134392427469891E-007   3.3263847346656353E-008  -1.1246339918706689E-007   1.8112842393438260E-015   1.3515877649906585E-015   1.3596208091665563E-015  -2.5712299152998466E-015  -1.9674397498238433E-015  -6.1051329463229303E-016  -3.5767650689538190E-015   1.1644541886660600E-016   2.9853881059867283E-015  -1.4464134906879395E-015   1.5828305993662729E-015   2.7607644323142476E-015  -2.0920541515197276E-016  -1.2943214886631370E-015   4.6664351246755374E-016  -6.8465374687992931E-009  -1.9388051674161280E-015   1.5165766567422893E-015  -3.9931353127172835E-015  -6.4865955467006746E-016  -2.0879388961247496E-015   3.2497745892971789E-015  -1.2183660007808505E-015   2.4436606861745814E-015   1.1814622015017641E-016   1.1550589138569771E-015  -1.1405328085639810E-014   5.9177331719888787E-015  -8.8043911569683973E-015   2.4567117782552679E-014  -3.5350376500872653E-015  -1.3161758119114920E-014   1.1561051299295324E-007   2.7205826699036690E-008  -9.1986905339799629E-008   1.8892070240642488E-015   4.6883394184050456E-015   2.0845617971259566E-015  -5.4609768242497629E-015  -2.4331613676969593E-015   2.1423413015839950E-015  -4.6971422157237223E-015   1.9204594742846512E-015   1.1808041120854202E-017  -3.5159876231889274E-015   2.0264268711848382E-015   4.8882144104253871E-016   1.9013075395356250E-015   1.3247501553409684E-015  -2.3019558047138056E-015  -2.6809654077594139E-009   3.2419559631232229E-015   2.6558104522177507E-015  -3.6940562021420483E-015  -4.2724630741761281E-015   1.8290388572995138E-015  -7.7089556010847811E-017  -1.2244787409338075E-015   1.1205967544305185E-015  -1.0129897445183385E-015   1.9181499273619831E-015   5.5741206559070500E-016   1.5918528558259643E-015   4.6563783560621945E-015   2.4470057712781659E-014   7.7984793224353254E-015  -2.5027479569292593E-014   7.3489756088685812E-008   1.7295201569942521E-008  -5.8473807283999466E-008   1.6804187865513298E-009   8.1165979763077490E-011  -1.1536325298239327E-009  -6.0538211423764405E-009   6.8094862606993081E-010   1.7251377056690030E-011   6.8961081134752394E-016  -2.7277017593461655E-015   5.9565428168222307E-015   7.8675777072900083E-015   5.6487394822411693E-015  -8.5571888590637735E-015
   1.9230398931921873E-009   1.1375006587980001E-010  -2.0927406440970645E-010   2.3037183670861650E-011  -8.1126267359431547E-014  -3.7506844577447050E-014   7.7895107585573954E-014   1.2372627425884258E-013  -5.4358265564742377E-014  -4.2600008525230225E-014   1.0110730358438583E-007   5.9837499218192640E-009  -1.1001050278954710E-008   2.7579015150861124E-009   3.2874001392010059E-014   2.0945358469846585E-014  -2.4806196874705068E-014  -3.1812567428353173E-014   1.9584131396822987E-014  -1.2292573236901625E-014  -7.7239932261027492E-015   9.3322827988045402E-015  -1.0582511517819143E-014   1.1533588360320817E-014  -3.8961485731188663E-014  -6.4727732270536449E-014  -6.8679994761533481E-014   1.6169746745467251E-013   6.5594744747237315E-014  -1.2273599338179282E-013   2.4308760366504874E-007   1.4385036382810452E-008  -2.6449442156830175E-008   2.5701277673635557E-015   3.7246031407683206E-015   7.2788072734041469E-016  -5.1424042102513438E-015  -3.3203668366043049E-016   6.2766795075838571E-016  -5.3598481076013020E-015  -2.0532977216949277E-015   2.1939116245733480E-015   8.0255810897453961E-016   2.3521768539891166E-015   2.4802611231043846E-015   1.0105269038566576E-015  -2.2327760819644651E-015  -9.3258121794046151E-016   6.7549714168200708E-009  -2.1960398002498545E-015   6.2389535871051296E-016  -6.2277051026336962E-015  -3.5601427296197190E-016  -1.5715093689091701E-015   3.3022072729312554E-015  -9.1245289210264597E-016   2.2094074902862755E-015   6.0033908631697229E-016   2.9950976959899574E-015  -2.8537845079911086E-014  -2.5971626933298074E-014  -5.9858695962372412E-014   9.0851312438895276E-014   3.3845190164503800E-014  -6.2313461200525403E-014   1.9882149875941801E-007   1.1760017074757751E-008  -2.1634769714935457E-008   2.9300167220326804E-015   7.2397292454153794E-015   2.8541123565477373E-015  -1.0588932337698814E-014  -1.3967367851558958E-015   5.4420041882379661E-015  -5.8895101164489573E-015  -2.1542507271470661E-015  -1.8115084541908839E-015  -1.2484275784619274E-015   5.4474353909059816E-015   4.2961705012056329E-016   1.0198619819854974E-015   6.1144895109367971E-016  -3.6785786070081702E-015   2.6928790164964481E-009   4.0595155944249103E-015   3.8929557994261865E-015  -8.8182844239763735E-015  -5.4373364395657920E-015   2.5417570172530406E-015  -9.0943606144850181E-018  -1.8443524025980495E-015   2.9245875565722346E-015  -1.4184930887553853E-015   4.3929037249809886E-015  -2.4187090552516022E-014  -3.4795360148044993E-014  -3.6829924336098796E-014   8.7823412123413189E-014   4.1505853778862201E-014  -6.3636321767882071E-014   1.2639058595412691E-007   7.4797145046891080E-009  -1.3751924139547165E-008   1.4211575106831692E-009  -8.1281288735494902E-010  -4.4525433852338519E-010   5.9794505232613857E-009   2.6791637045416031E-010   2.4986907859585321E-012  -8.8766304076021452E-015  -1.4883946558488260E-014  -3.5684439126923098E-015   2.5164890042293907E-014   1.2748967563256287E-014  -1.6288259752416027E-014
  -7.9408273127560243E-010   2.2938665144190820E-010   7.1577569038696369E-010   8.9790878254967286E-012   4.1185118964094605E-014   3.7746686593577751E-014  -4.8258203013019041E-014  -5.4358265564742377E-014   3.9394359241831023E-014   1.3173146407885763E-014  -4.1753656011021997E-008   1.2052261517014182E-008   3.7639750702425720E-008   1.0641975200304235E-009  -1.7225317373228891E-014  -1.0449834709492603E-014   5.1448845589921514E-015   1.8090439869058368E-014  -1.5311152670611915E-014   5.0197644225812169E-015   4.5825248155773958E-015  -7.3515763696309972E-016   4.3017757752198384E-015  -3.2868637372382323E-015  -3.6963707269409627E-014   5.7096505720986438E-014  -7.0494270625057153E-015   1.3990222114189994E-014  -2.0313777045516346E-015   2.2973479344402737E-014  -1.0038510988920729E-007   2.8979492781948394E-008   9.0493164601626619E-008  -1.3915994015216299E-015   6.8260980636188335E-017  -6.9231655261395323E-016   1.9140002777598061E-015   1.5705558391661622E-015   5.3051370192649688E-016   7.3587219327415266E-016  -3.3752338712606352E-017  -1.0788576407522163E-015   7.1747357056964548E-016  -8.8264453426496421E-016  -3.1039138732776623E-015  -3.6352804674546398E-016   1.9332906545351714E-015  -9.5060480357448146E-017   2.6082664686236549E-009   1.0907491785161155E-015  -7.0763844920978253E-016   2.7009188016078152E-015   6.6762057560880151E-016   1.1390112820481155E-015  -2.1309720936473268E-015   2.2346252646777962E-016  -1.8115105070401178E-015   4.0792985936729730E-016  -6.6304466927195137E-016  -1.2470548086047970E-014   2.8181746357143725E-014   6.0606100890931291E-015   1.1081766240389780E-014  -3.1925426985267189E-015   1.3887623850944754E-015  -8.2100369547497139E-008   2.3713525423776970E-008   7.4005583554681594E-008  -2.1707757453274760E-015  -1.9310256653245560E-015  -1.4410304782633899E-015   5.3771771294832339E-015   2.4431198869489019E-015  -1.5639378369085323E-015   9.3987489123655932E-016  -1.9401061625728617E-015   1.3297693562511393E-015   2.8871001693978734E-015  -2.0454594143012890E-015  -1.3084223414990454E-015  -1.7840777590580066E-015  -5.1257193814763756E-016   1.9059451729034343E-015   1.0336390355265291E-009  -1.7509979421296168E-015  -2.1198320959735948E-015   2.8008246975284483E-015   3.5650547950284082E-015  -2.1281248096393950E-015  -1.2158363604593012E-015   8.4891159935807058E-016  -1.0445984859465025E-015   9.8090506091040968E-016  -1.3090189006917000E-015  -2.0182577038653050E-014   2.9858680224775681E-014  -3.8753369187491555E-015   7.6541737319177181E-015  -6.6404656579358101E-015   1.2528409024460367E-014  -5.2194392437438224E-008   1.5066773504207141E-008   4.7051472620891436E-008   1.7213975635492818E-010   1.9885882953097436E-009  -9.0508162512064868E-010   2.3079724264992849E-009  -1.7586920609030919E-011  -6.8941610209770416E-013  -5.4129962036601001E-015   9.9054416373443305E-015  -4.5365155943946043E-015  -1.6422626436070891E-016  -3.5263979132283279E-015   5.5772226998128402E-015
  -8.3126523897527621E-010   1.2555222024420858E-009  -7.6635998809061939E-010   3.1216445922416611E-011  -5.1526841033850959E-014   7.2715794985010341E-014   2.6633367482050920E-015  -4.2600008525230225E-014   1.3173146407885763E-014   9.4126846991283660E-014  -4.3705479820281824E-008   6.6011101421713025E-008  -4.0304083720229010E-008   3.7035459761590228E-009   1.0337988986803748E-014  -1.7766943191031211E-014   2.8189355321997929E-014   1.8588926311289471E-014  -2.4054196516091173E-015  -3.2458783775466905E-014   9.7394679482212788E-015  -1.7738813385393856E-014   4.7003115388032568E-015  -7.7893227145448987E-015  -4.4466288156831491E-014   2.2941171382282811E-013   9.7060056958572068E-014  -3.3596878167231340E-014  -7.6647139151731865E-014   7.8063159250355437E-014  -1.0507895682139417E-007   1.5870745301552312E-007  -9.6897722577126583E-008  -3.7430744885462497E-016   3.3252637771107947E-016   1.0604240200169428E-015   2.4389616362528261E-015  -1.5712371393442146E-015  -1.7814444936355507E-015  -2.7898933689192296E-015   2.9794637148107537E-015   3.2969037077769495E-015  -3.2811858052505441E-015   9.0094446707055188E-017  -2.2858024106016588E-015  -2.5972243338754504E-015   3.4569339248463911E-015   2.4926669130079591E-015   9.0788969390840292E-009  -7.5770976800632365E-016   1.9262545342928790E-015   8.4841667550269303E-016   4.9634187328466984E-016  -1.6066101657827712E-015   5.2025964638759407E-016  -1.5239556089695148E-015   8.6205510007866880E-016   1.1888273251252706E-016  -1.2747814451957086E-015  -3.2049225734827752E-014   1.2045725482026610E-013   6.2712275401235071E-014  -7.5903951416323446E-015  -6.0684812135177442E-014   3.9639623030697437E-014  -8.5943350918849314E-008   1.2980718833076363E-007  -7.9238173797666243E-008  -3.0954154875419344E-015   9.8456139400713938E-016  -5.8800084001959889E-016   9.2772731525135771E-015   9.7389414243383634E-017  -3.8398067499811030E-015  -5.1582232278849849E-015   3.9159245303500214E-015   5.5995553443140332E-015  -2.3307580982808946E-015  -5.4438394879162671E-015  -2.2337787336005627E-015   2.8548726776684520E-016   2.1611896369043666E-015   2.0233829338187869E-015   3.5921446454666116E-009   4.9226321017546027E-016  -2.4580142239667755E-015   5.8831723704920268E-015   3.3642584296040998E-015  -2.5197138299823384E-015  -4.0246935826469585E-015   9.8823551439826901E-016  -2.2441725443886792E-015   1.1322026968205908E-015  -2.7123446935577052E-015  -1.8922130963366538E-014   1.2180863345057433E-013   5.2091725026560771E-014  -1.2368523101600979E-014  -4.2768434033397608E-014   3.1290650792823443E-014  -5.4634665619954473E-008   8.2518101901770857E-008  -5.0381878259752283E-008  -4.8129025967197772E-010   9.6746770749738895E-010   1.8008682619405375E-009   8.0328053697896856E-009  -1.7410398943025432E-010  -4.4787465027411817E-012  -3.4543799662114472E-016   3.4201420787497001E-014   1.2508962302579551E-014  -6.6859277321061913E-015  -6.3513684723102178E-015   7.0313656370242160E-015
   1.5961192708876392E-003   1.5237291831505394E-008  -1.3721632628306657E-008  -1.2312858425428148E-008  -5.7401823825472657E-008  -3.3726478266664825E-008   5.8788609917595817E-008   1.0110730358438583E-007  -4.1753656011021997E-008  -4.3705479820281824E-008   8.3925084066429942E-002   1.2628980504655646E-011  -1.9136679789185637E-007  -1.2159849890234174E-008   2.4414241885178491E-008   1.8323754745124124E-008  -2.3101667765712157E-008  -2.6713499924620731E-008   1.4646542149776344E-008  -6.0416749311160086E-009  -6.8497093526627011E-009   9.3508373655003430E-009  -9.1339041737589062E-009   1.0249263745344566E-008  -3.3206878163649361E-008  -6.9945789151843704E-008  -6.8819954036324024E-008   1.4156238341541965E-007   6.2710017613110974E-008  -1.0835550725227549E-007  0.20177512725117741       -2.9832025746650792E-008  -1.9709299654341546E-007   1.9256922340343964E-009   3.0343988194168529E-009   5.0631629832918690E-010  -4.2293738935286503E-009   4.4829478003467377E-011   8.4666392968490641E-010  -4.1358777240896605E-009  -2.0615140696816471E-009   1.4777890863805635E-009   1.0302464764374492E-009   1.8198774368289970E-009   1.9289231930996463E-009   1.0325422465894730E-009  -1.9623376007556168E-009  -1.0697845630803669E-009  -2.7663124320311677E-008  -1.6141483057829732E-009   2.8627643748387362E-010  -4.8121467826318888E-009  -3.3279984909842719E-010  -1.0376339735617470E-009   2.4983228483797726E-009  -6.8453290275808228E-010   1.4648635634191701E-009   6.3212243108526257E-010   2.4949181170746251E-009  -2.2427646278705025E-008  -3.0198563960583326E-008  -5.6213396620136467E-008   7.8842424418651647E-008   3.4198903467511345E-008  -5.6414769220853817E-008  0.16502364665052907       -2.8829702881353033E-008  -1.3584494990323521E-007   2.4898936100967513E-009   5.7388752149255825E-009   2.2736613525161405E-009  -9.1299666817016902E-009  -8.4558416788343223E-010   4.7561665493896183E-009  -4.3107246324381255E-009  -2.4832519852616043E-009  -1.9160652995489315E-009  -4.2275355933756642E-010   4.8634367687255159E-009   4.0826047712366596E-010   5.8675657307338478E-010   2.2200045235694615E-010  -3.0415937213210733E-009  -3.4225854814288776E-009   3.1876844681084962E-009   3.3545067385553326E-009  -7.5838192720577948E-009  -4.6270063800205221E-009   2.0838487209662302E-009   3.5026337018248505E-010  -1.6087516942227117E-009   2.4773373983465591E-009  -1.1961398993046392E-009   3.8061467966685515E-009  -2.1139176765734554E-008  -3.7569420451436333E-008  -3.7043337415161004E-008   7.6297202069227940E-008   3.8361046915600559E-008  -5.5158026529123567E-008  0.10491122988574754       -2.0227620986943373E-008  -7.6495886576121882E-008  -1.8048477077168391E-004  -4.3980927717796818E-009   2.4741503998886097E-008  -1.8850358366850461E-008  -9.4531419725651696E-011   4.8626581207251464E-010  -8.1722610549498140E-009  -1.4679736931634267E-008  -4.9205285723495981E-009   2.1887276733182360E-008   1.0893346280704874E-008  -1.3715015784607381E-008
  -1.1184811479605348E-008   1.5961343973857917E-003  -1.6364609829298379E-009  -7.9853185822225791E-008  -7.1994851747099596E-008   8.2720735498170432E-008   1.3835502741939358E-008   5.9837499218192640E-009   1.2052261517014182E-008   6.6011101421713025E-008   1.2628980504655646E-011   8.3925140907773421E-002  -5.6890870107924870E-009  -2.4026163804398221E-008   1.9031144796103238E-008  -9.5233660241437257E-009   9.8626077818744704E-009   9.2118968187407564E-009  -3.5793155834497954E-009  -3.4744863825514589E-008   7.9511417152402205E-009  -9.7566621226903657E-009  -1.1439091820073296E-009  -7.8966600630824610E-011  -1.2606290524554766E-007   2.3077113165383545E-007   1.7838120963226554E-008   1.3857269349098011E-007  -1.3783419093291570E-008  -1.2509785398430276E-008   3.8367947170191163E-008  0.20177517046495705        1.4739633891521371E-009  -4.3245688850021736E-011   3.6319731061100142E-009   1.1407389655056737E-009   2.6360154100272409E-010   4.4927672106398420E-011  -1.8763651581365670E-010  -6.7708749831706396E-009   7.6166603425551019E-010   4.2112784967339062E-009  -1.7084515296345957E-009   1.0466815122133795E-009  -3.7249773072467164E-009  -2.1022257438315003E-009   3.6914901157277165E-009   1.3035593198525208E-009  -6.3565555726077703E-008  -1.3463289042923964E-009   1.6926270375154326E-009  -1.0306194719341607E-009   7.4291017700406230E-010  -1.6621236310103969E-009   1.0633623407312091E-009  -2.3823542763085115E-009   3.4303457253842818E-010   1.5043198716720419E-009   5.1249802249909100E-010  -7.3181583534746930E-008   1.2642187934472926E-007   1.0108266509591087E-008   9.2814190962686403E-008  -3.0021073583967034E-008  -1.9632601145178502E-008   1.8975344785671842E-008  0.16502370042637526       -3.9823688961021751E-009  -2.9611508903675328E-009   5.2811919010930135E-009   2.9693246517241339E-010   5.7510187772799557E-009   1.9500004083074599E-009  -5.4940295675792508E-010  -9.2401850023584687E-009  -8.3204275442098755E-010   5.3115459138696821E-009   3.2323553298428790E-010  -2.6672879738081936E-009  -3.4081644635992684E-009  -1.0656064308948544E-009   1.9547199111086043E-009   9.1937970294241399E-010  -1.6491676573187039E-008   2.2388948101585329E-009  -9.8481714914237360E-010   1.0908719217684299E-009   1.9719480346087970E-009  -2.8135618853003306E-009  -4.9757430958827128E-009   4.4841276843795695E-011  -9.7522407709925280E-010   9.2471380070138627E-010  -8.6198751657671989E-011  -6.6512079977905694E-008   1.2155853300074021E-007   8.9685395627508737E-009   8.0831354132839414E-008  -1.0170321001372912E-008  -1.4319277701272784E-008   1.2327173189672773E-008  0.10491126391177268       -2.3688167319137388E-009  -2.0397217054567477E-009  -1.8048234588886484E-004  -8.4754798668301771E-010  -5.3742636482178253E-008   1.4890208656726756E-009   1.2778967747905795E-009  -1.5588636454734265E-008   3.1243630033445062E-008   2.4549915043712844E-009   1.7094673617851256E-008   1.4604834775887980E-009  -1.5060372220549705E-009
  -6.5845931308640642E-009   3.9304264993641088E-009   1.5961105807223391E-003   3.0859283136730169E-008   5.1305134838701126E-008   2.0351043106935056E-008  -4.6776613592363441E-008  -1.1001050278954710E-008   3.7639750702425720E-008  -4.0304083720229010E-008  -1.9136679789185637E-007  -5.6890870107924870E-009   8.3925130457547681E-002   8.0081187977079746E-008  -1.7278661232391675E-008   4.1731631327939033E-010  -1.7355406282965010E-008   7.1877925056797344E-009  -1.6740300726332489E-008   1.5993966273852038E-008   9.7191238269953605E-011   1.1612179928452160E-008  -5.4771121833956067E-010   4.2806423243414833E-009  -7.8641283489587191E-008  -2.4111579548507705E-008  -9.7884357851728663E-008   1.4374875906923679E-007   6.9361266660190999E-008  -6.5107482749871667E-008  -2.1072341172469329E-007  -8.3667865863029739E-009  0.20177518468340475       -1.0538551946865804E-009   2.2655932377782770E-009  -1.2390388361110746E-009  -4.0154915640967296E-010   3.4802787766163539E-009   2.2527757095627745E-009  -7.8621632620344922E-010  -2.6316895421913789E-009  -1.9847919906286946E-009   3.2005843997132945E-009  -3.2377102237685004E-010  -3.5525510906281264E-009   9.7029481989123354E-010   9.5850388176198245E-010  -1.8348130863171639E-009   1.2048331728237018E-007   1.0794509213693907E-009  -1.7408094716675062E-009   1.1892887725879458E-009   8.0214646528554661E-010   1.8731602695145413E-009  -2.2503757910243700E-009   3.8433610735631078E-010  -2.5915340876776196E-009   1.2251692600510575E-009   1.0449066987047827E-009  -2.9153602689141119E-008  -1.1124378423543885E-008  -5.2330381980797123E-008   8.2417163778792914E-008   4.0321936620151852E-008  -5.3263589147407547E-008  -1.4284443768979640E-007  -1.0611748101710130E-008  0.16502367641199944       -1.1234675018494026E-009   3.6950523419567131E-010  -7.7886110479396389E-010   1.4707949928198308E-011   3.8907873738031006E-009   1.9588157123980249E-009   2.7727174372779961E-010  -6.8174952547152089E-009  -8.6774101888163934E-010   5.8603231046221716E-009   1.6902816237971177E-009  -1.3727602281487728E-009  -2.9838841308124529E-009  -1.5272623758078059E-009   5.8355170837177839E-010   6.5761144592166605E-008  -1.0168027114461492E-009  -5.5977116833121798E-010  -2.4507183668495573E-009   1.9631720548978082E-009  -1.5464516423652535E-009  -5.9898623466956740E-010   1.8023928842390918E-011   6.4800142838090055E-010   5.3558842591071357E-010   1.3436542068285363E-009  -4.6986108465430280E-008  -1.3975560608761568E-008  -5.2817975639304608E-008   7.5704522424766272E-008   3.1029328561843715E-008  -2.8718403841542462E-008  -8.1805481763008637E-008  -6.9150595113416489E-009  0.10491124772841509        2.4425945974290097E-008  -1.1712302671432429E-009  -1.8049204707398133E-004   1.2543295662800442E-007   7.9100997253342820E-011  -1.7054710950390426E-009  -1.6040583583063144E-008  -4.2004643953022820E-009  -1.6395526024995275E-008   1.8348467381573166E-008   3.8871638098672775E-009  -2.3078834314350561E-009
