   2.6187103707938871E-003   3.0106145849328626E-016  -6.1256862992616201E-015  -1.5685087748378228E-011   9.2535337180494160E-013   1.9671744811352262E-012  -2.9870812528364517E-012  -4.6264795996871473E-013   5.9536922321706840E-018  -4.6273320619757180E-013   1.6365843280630298E-002  -2.4656868271997615E-016  -6.8793189939379322E-015   4.5670592274982961E-011   4.1663638528563918E-013  -1.9743988253085253E-016   1.3570692974952557E-016   3.6916231925980771E-015   4.2731326542220742E-017  -5.5854273859980299E-013   8.0925227689540213E-017  -4.5095607416961861E-017   3.8373313766421042E-017  -8.3752091176777461E-017  -9.3457440465597494E-013  -2.6237432026809486E-012   1.9334953270087087E-012   4.6715269742688944E-013  -2.5439440996159185E-017   4.6734250762651814E-013   2.4167734459427014E-002   2.0410610677700928E-015  -4.4545933963775662E-014  -2.1051052881848961E-012   1.8177824145760273E-017  -1.5023387240190928E-017  -6.5241343356746260E-019   3.5113180116777079E-018  -1.6562066338612217E-018   1.3287207057529815E-017  -1.6731501956785352E-017  -3.3009053911845890E-018  -7.0346346236081934E-018  -5.9180406323018412E-019  -1.5763667558669978E-017  -3.9388117012971030E-018  -2.2795418318418142E-018  -5.0202618582834913E-018  -9.1718018358821862E-019   8.0568879072194629E-014  -7.1129485095050149E-017  -8.0096390116210718E-016  -2.3058967638716212E-014  -1.0333845985453321E-016  -7.9966022063820648E-014   3.3623943612231591E-017   1.8240049714733281E-016   1.9332373704527792E-017   4.0149650836819379E-016  -1.9963923967488675E-013  -1.6384332597503949E-013   8.3925317598277559E-013   1.0085616849095009E-013   3.3389263173332598E-017   9.8744237823103860E-014   1.6568160446386173E-002  -2.2064914515475859E-016  -6.4317938658057508E-015   3.6535387849069676E-011   9.6110091457797043E-018  -1.2773263153062389E-017   1.8073911088884000E-018   1.8210805164203275E-018  -2.0819626518853381E-018  -2.1297321369691491E-018  -5.9519066301201394E-018   2.1920203449748225E-018  -4.1863763295988440E-018  -3.6199187721730920E-018  -7.2503839665830244E-018  -4.0132044283471058E-018  -3.1982707849618186E-018  -1.7492758634687441E-018   1.4554938970077865E-018   3.1109559762052878E-014   9.0734812222219512E-017  -6.0789033105666621E-017  -1.1632917778082539E-013  -2.3376508341539841E-017   7.8000760640642459E-014  -4.0397680101776633E-017   2.0212010164816763E-017  -1.8330793878012384E-017   3.9405582602606758E-017  -4.1551603501981078E-012  -9.0583724515059095E-012   4.9904274222350300E-012   2.0823962614724486E-012   1.8082493070691404E-017   2.0727418500102927E-012   1.4688617868207014E-003   3.3080218547369631E-014  -7.2995769341934223E-014   1.4134322357456770E-002   7.3718097555757464E-015  -7.8495580712690586E-014   5.2072931749261711E-011   2.6326074593020418E-011  -2.8958172644099232E-011  -6.3592353478565141E-011   3.7808133304233040E-011   1.4517665878631151E-011   2.0607489752160598E-016   1.4440511568325801E-011   1.2098098512181604E-004   2.1840963515734809E-015  -4.7255635912528685E-015   7.2049503488968138E-012   6.8017606270696366E-013
   3.0106145849328626E-016   2.6187103721319891E-003  -1.2023161766068884E-015  -3.1517100624110794E-011  -1.1359603403594623E-012   8.0140004385703863E-013  -1.6140217686449241E-017   2.2713608706203426E-012  -2.9870980039424576E-012  -1.1359818616082953E-012   7.6574827214841651E-016   1.6365843282236690E-002  -6.2293608762593852E-016   9.4085911233274348E-011   3.8488768883107931E-017   2.0363960149632936E-013  -9.9187151855870922E-017  -2.3004481341976365E-016   1.0569511574328667E-016   2.6690417545019686E-017   1.6466091513478699E-013  -1.4269729121286101E-017  -4.1884330415796350E-013  -1.5432805306190564E-016   1.5137516911190721E-012  -8.0933586117222799E-013   4.3468275365355884E-017  -3.0308114499557217E-012   1.9335101994386194E-012   1.5137124021653880E-012   2.9907488474448828E-015   2.4167734467854949E-002  -8.0988662546481630E-015   3.3169456880775075E-011   2.5847555618084798E-016  -4.3884533636557022E-018   1.4965620552206008E-018   1.7199438050723913E-016   2.0715443219357519E-018   1.4704413357177442E-016  -1.6160655301799619E-018   4.7257200940125489E-018  -6.1119605070467390E-019   9.7394108920233663E-018   2.7149206116739293E-016   2.8075808015027854E-018   1.5664288468124785E-016   1.8036588118899856E-018   2.6628706666864263E-016  -1.3478129461240114E-016   1.5747436407345818E-013   1.6268829326445012E-017  -1.3706896795808624E-016  -5.6243287769905182E-016  -5.4451683797027026E-017   1.5804024171831068E-014  -1.7560850184847049E-016  -1.7118936756300750E-013  -3.8711711043119439E-017   9.4728580182267177E-014  -1.7326388973779698E-013   4.7099952650820591E-017  -1.8809216757148361E-013   8.4025703815188931E-013   9.5225568326810335E-014   9.3945026390154083E-016   1.6568160449910291E-002  -1.0618088094054677E-015   8.0710332245399927E-011   5.3693581872708691E-017  -7.5628492484299270E-018  -5.1936618685323252E-019   2.1076687788967232E-017  -4.5104064087794034E-019   3.4256896411615067E-017  -4.7259905183973165E-018  -2.8739123374599570E-018  -4.5030217327494721E-018  -5.2225798058339514E-018   6.7584781625196885E-017   6.7926064989050274E-018   3.7727141825141638E-017  -3.3075289010635507E-019   5.6421790012384535E-017  -7.5658593451494824E-017   1.1673759116815776E-014   1.0602336383031784E-018   6.2708986396816466E-017  -7.1787862285934637E-017  -3.7038323480589339E-017  -1.5153316026616790E-013  -2.9981958184263343E-017   1.9131151613196886E-013   2.9409633434316112E-017   5.2273696250852137E-012  -3.6004106365997581E-012   4.1040586428087361E-016  -1.0457089122538984E-011   4.9954350135105852E-012   5.2298839501306269E-012   2.1667046752931559E-014   1.4688617954585824E-003  -1.3715291675881816E-014   3.7663934199354777E-015   1.4134322366419502E-002  -1.5687263328875475E-014   1.1842374480109204E-010   4.8180153760435990E-011   3.6694986649296372E-011  -2.5094056417806268E-011   3.0441732738560287E-015  -7.3409945858990343E-011   3.7847678389255281E-011   3.6714979254143534E-011   3.7800473386031427E-015   1.2098098579132297E-004  -4.2555734269909587E-015   1.1895918135957362E-011   1.0932761198142785E-012
  -6.1256862992616201E-015  -1.2023161766068884E-015   2.6187103731152559E-003   3.2489068812857173E-011   1.7246106271780752E-012  -3.1455843361054664E-017   8.0141745959619365E-013   1.7245084136293804E-012   1.9672333439499535E-012  -3.4492122965125703E-012  -7.1815873143927204E-015  -1.8404384082315887E-015   1.6365843280304528E-002  -1.2137939670322226E-010  -1.8421529587260752E-017   6.8507127455408686E-018   3.9337603161704329E-013  -3.2990918892488083E-017  -1.4101060432820969E-016   1.7437502635880844E-016   2.6423505453619170E-017   3.3253971687427825E-013   9.9275267789863633E-017  -5.3358134727294244E-013  -1.1165408964987482E-012   9.6460046554592591E-017  -8.0937221624787738E-013  -1.1163196762764260E-012  -2.6238100866626468E-012   2.2324689578193152E-012  -4.5133832077019939E-014  -9.3333580679510894E-015   2.4167734478115356E-002   2.5551579711601320E-011   1.6397877297946282E-017  -1.4819998356241404E-017   2.4862481481721471E-018   2.2058435235450763E-019   5.5940066282360766E-018   1.3683138191126965E-017  -9.0747099837825818E-018   1.7822865708131243E-018  -6.1065813143788728E-018   1.7470015923794054E-018  -2.7695376281805244E-017   1.1040234006646432E-017  -8.6493671694244273E-018   1.1603947996262217E-017  -8.2668292799341619E-018   5.5878189001090742E-016   5.0995357044348457E-017   2.4465692220980007E-013   2.7234005884251449E-016  -4.3976034598562787E-017  -7.2537184997021730E-016   1.3586795556430980E-016  -2.5602738280822285E-014  -1.1949603312274079E-016  -1.4868833292269154E-013  -4.8436469726299239E-013  -9.4611157741345115E-017  -1.7277933304403723E-013  -4.8462886364155708E-013  -1.6373223501217416E-013   9.6878410277958675E-013  -6.5829739478141412E-015  -1.6566319504474249E-015   1.6568160450319103E-002  -1.1028736558203372E-010   2.6497516726706528E-017   9.8946719710403584E-018   6.3437704391478921E-018   5.6679799557421290E-018   3.4386176308517749E-019   9.7493815838330978E-018   9.3551687078096669E-018   2.0110134876366871E-018   4.3556375939683772E-018   3.3847371104689918E-018  -4.7894139492562675E-018   1.5557706311023850E-019   8.7047767639506510E-018   3.0987756081275042E-018   2.0218591098415899E-017   9.0154124177216380E-017   1.8180412102937806E-017  -1.0343331026982856E-013   2.0452839629749109E-017   5.5666431337724638E-017  -1.0194565216310242E-016   3.7531289567841306E-017  -1.1848317447865087E-013  -2.6346307350579694E-017   1.6300907998373699E-013  -2.8800353321989549E-012  -2.3434569211221707E-016  -3.5979698864968393E-012  -2.8812044713701461E-012  -9.0577186826170147E-012   5.7613448258833196E-012  -7.6174797520046057E-014  -1.3613462655168888E-014   1.4688618175100476E-003  -7.8059982819292837E-014  -1.6141908307805285E-014   1.4134322382205128E-002  -1.5374397408390208E-010  -9.1855565304278749E-011  -2.1819237658526933E-011  -1.9384905423065338E-015  -2.5074524811421783E-011  -2.1828819996284367E-011  -6.3587247953028986E-011   4.3648068506859297E-011  -5.8239502767485459E-015  -2.4482786956003550E-015   1.2098098726900357E-004  -1.9372305061225724E-011  -2.2076220126045307E-012
  -1.5685087748378228E-011  -3.1517100624110794E-011   3.2489068812857173E-011   5.6483906206001509E-005   3.6118212652283188E-013  -8.8432452305917480E-017   5.2220161127153944E-016   2.4534480897735311E-013   1.1073293510618814E-016  -6.0370559407513453E-013  -1.0020526157132971E-010  -2.0269292465371666E-010   2.0825888129681914E-010   2.3796154464166982E-003  -3.2286659937419669E-018   9.2658782515272574E-018   2.0028007748641168E-017   8.9319449042898196E-018  -2.7707877979352655E-018   1.1341357991790843E-017  -1.2215370267578758E-018   1.4985103226760347E-017  -8.3938273320642033E-018   3.6616382344515148E-017  -8.5679915635514793E-013   1.4501305359018421E-016  -8.0930291408679285E-016  -4.2369420562445636E-013  -1.7575158289644454E-016   1.2966198314121909E-012  -1.4627937969371354E-010  -2.9656679750367081E-010   3.0391190846340879E-010   6.7650187691854838E-003  -3.7592062420946543E-013   1.0710805060735473E-018  -6.1818737444876891E-019   2.1805836817156021E-013   1.9446644642076595E-018   4.3574842647924611E-013   4.1021287705669490E-018   3.7383472216993731E-018  -2.3224552398959075E-019   1.9776996374147947E-018  -1.2991119931522644E-013  -5.3769683004063505E-019   4.7970066041833223E-015   2.8123395337783838E-018  -2.5417412869570992E-013   2.3177657930186329E-017  -7.5811917030418096E-018   1.2726257982794739E-017  -1.6288755876540294E-018   2.5286875773974813E-018  -5.7005192215295347E-018   6.3867032349379248E-018   1.7355112290530080E-017   8.4828393659046370E-018   2.9921972974002510E-017  -1.0203115423273491E-012  -4.7648943140772148E-016   2.4382164572670997E-015   2.5325241650508337E-012   5.3277435590478193E-016  -1.5309791550282731E-012  -9.9911046678652117E-011  -2.0194823476744728E-010   2.0865586723492848E-010   3.8191078410667080E-003   2.3948808843471955E-014  -1.3835960028742876E-020   3.3338863055954547E-018  -4.2310283416177964E-014   3.0098970128422100E-020  -1.6207701131901475E-015  -7.9006177258832263E-019  -1.1620237071606436E-018   3.0599882065855447E-019  -1.8131291655163951E-018   1.0263455671470413E-014   6.6575469965040219E-019   2.4160277287643613E-014  -2.7250476939278121E-019  -1.3187845400782667E-014  -5.3257447115246458E-019   4.8608651247294557E-018   8.9456736381184557E-019   3.7343532551028285E-018  -1.0018345035946595E-018   7.5279989284577677E-018  -2.1172621956014957E-018  -1.6639141932161724E-018  -2.6475054622251124E-018   2.8530353747534995E-018  -1.5305209355369469E-012  -2.3451690735693412E-015   1.0771070518737046E-014   1.5561595594845666E-012   2.3335103453938828E-015  -2.6428002950157086E-014   2.1254653589363465E-010   3.6275621678324448E-010  -4.3996702823698916E-010  -8.0727341885479137E-011  -1.6408474680461616E-010   1.6366323372502604E-010   6.2728931819068020E-003  -1.1282023619073739E-003  -1.2320276862268981E-011  -1.7325314458800374E-014   8.5869036642880050E-014   1.5266136785161219E-011   1.8371486893966598E-014  -2.9456279142380053E-012  -1.4908290374262520E-011  -2.8323011635625078E-011   4.3208579120737724E-012   8.1698280774664860E-005  -1.1210486343893785E-005
   9.2535337180494160E-013  -1.1359603403594623E-012   1.7246106271780752E-012   3.6118212652283188E-013   2.3291967904976721E-007   3.2368945221384084E-018  -1.0454951435985543E-018  -1.1645984098110679E-007  -7.1554404459248144E-019  -1.1645983806385857E-007   5.8907831896377250E-012  -7.2293634868366482E-012   1.0863331175121641E-011   1.5718745327993903E-011   1.0630828254778702E-015  -2.4872809161689270E-016  -3.1573417886578583E-015  -7.1217310627493838E-016  -3.6902300444963836E-019  -7.1376708370152173E-016   1.3900179734057009E-016   7.8821513828629297E-016   6.2045466757393703E-017   1.7643387258272284E-015   8.3829139878978004E-009   5.0401998388665082E-019  -9.2560827598495296E-019  -4.1914548613609811E-009  -1.6132336545965757E-018  -4.1914591492213733E-009   8.5665321702736030E-012  -1.0531976598239043E-011   1.5923480149414165E-011   4.4451293471908972E-011  -4.4597045601323557E-016  -1.8796213685725286E-020  -2.4230373731897510E-019   3.3009584018551044E-016   1.9614986868172111E-019   6.1125018678265780E-016  -1.8283692417309418E-019  -9.6625955100253345E-020   6.1593945401834991E-021   7.4830191498442392E-020  -9.4045318667180772E-017   7.0780064474063160E-019   1.3697935061042829E-017   6.3502230432257722E-020  -2.5141397177214684E-016   9.7919416753013190E-017   3.6028913417605177E-015   2.4962413760928728E-015  -6.5587895516601248E-017   1.3125115491139714E-019  -6.4488926907796520E-017  -2.0136171594975838E-015  -6.2433192763198124E-016  -9.0069356813488078E-016  -1.3976499290290855E-015   1.4573860586523519E-005   1.9020553179967611E-016  -4.4399239294259075E-017  -7.2869303424495685E-006  -7.3999085019287858E-017  -7.2869302430500412E-006   6.0174681016133733E-012  -7.3587443099184528E-012   1.1108852305491721E-011   2.5441271761840157E-011   4.6729730603143407E-016  -3.6628536064627918E-019   1.6190240002368293E-019  -3.1275199035031347E-017   1.7422745569788630E-019  -8.3088395149807278E-016   6.4617729398467451E-020   1.7821816535212403E-020  -5.4293176849491130E-020  -7.7640432820343932E-020  -2.4615912696688425E-016   1.9137221923094104E-019   4.4853487150152112E-016   8.2972443179998113E-020   2.1186090112777361E-016  -7.8216136636030450E-017  -2.7865647522571306E-015  -2.7544797508470088E-015   5.2768082695953572E-017   1.6043060112827666E-019   5.2575859172322043E-017   1.5573500970286078E-015   6.8860907314875539E-016   6.9672085956507707E-016   1.5402132058747488E-015   8.4388008675813302E-005   1.0993264517940140E-015  -2.8140706800409662E-016  -4.2194004601385892E-005  -4.2809208604301359E-016  -4.2194004074315161E-005   1.0828676198509787E-012   7.1547191256896040E-014   6.1269480518688384E-012   4.4382115777713875E-012  -5.5832598542645253E-012   8.6033501274246527E-012   4.1374305946742725E-011   3.1274280267832808E-012   6.3761182997564740E-004   8.3075721863102986E-015  -2.1249791687601357E-015  -3.1880591699149377E-004  -3.2403340281314611E-015  -3.1880591298401637E-004   6.1835181653046921E-014   1.5858431546662042E-013  -1.5704064050598161E-013   3.1876839210010269E-013  -4.6501666825677953E-015
   1.9671744811352262E-012   8.0140004385703863E-013  -3.1455843361054664E-017  -8.8432452305917480E-017   3.2368945221384084E-018   2.3291967898666246E-007  -1.2384518401781466E-018   1.8715688871898351E-018   4.4049646072684974E-019   2.5652210663115920E-018   1.2519451878882065E-011   5.1017506745072263E-012  -1.9048452892955627E-016  -3.5308588508022603E-015   1.5971325857156444E-016   1.0986150876415429E-015   8.3337601857479457E-019  -2.8637375965518330E-016  -2.6300892044394759E-015   7.1523475811183467E-017  -6.1567655260492383E-016   7.6493965732953546E-019  -2.7553785628416909E-016   1.1799073337039511E-018   1.5787596280825786E-017   8.3829144615944547E-009   2.4786969891443001E-019   1.5701085593139560E-017  -1.4967884505605115E-018   1.5588806695227246E-017   1.8238583454918769E-011   7.4190547581948209E-012  -2.9476252310614176E-016  -9.9180569078291272E-015  -1.3083820750717524E-018  -4.3324035814680234E-016  -8.8566600169122160E-020  -8.6830355752444798E-020  -5.2978587369878263E-019  -7.8177630705899731E-019   1.4731300471724706E-016  -4.8247817588176183E-019   3.7629888216758020E-016   2.6773526552206181E-019  -5.1627641513943281E-019   4.3455893783578685E-019  -8.1198327435424235E-020   4.3167681523657200E-019  -2.9398767347802488E-019  -2.3250832744615651E-015   9.7072149441991769E-017   2.7566513965300762E-019   4.1592079490302071E-015   2.0801598707818948E-015  -1.0402489414604546E-015  -5.7980906515754166E-017   4.0474671162033144E-019  -2.5766472702980281E-017   1.6787638732780095E-018   3.1142337088854704E-017   1.4573860582185149E-005  -7.2311325953396095E-017  -2.6201308327374208E-017  -2.2138744647848463E-017   4.5529718815528899E-017   1.2743568591769045E-011   5.2114920446439789E-012  -1.7493276816586912E-016  -5.5737324994019648E-015  -2.9208376959772209E-018   5.1488134261514830E-016  -3.5733548283035079E-019  -2.2372452743446460E-018   6.2552846539127677E-019  -1.2611268182380516E-018  -1.2410473355123160E-016   6.8526087382039770E-020  -5.3155554157776886E-016  -4.1551983301541610E-023  -2.5781472912624156E-018   7.3131874779132766E-019  -1.3579908217230133E-018   2.8669440040999798E-019  -2.0076310974398836E-018   1.7982102772789379E-015  -8.0395850706470367E-017   2.4369645760203102E-019  -3.2167635928826149E-015  -2.2953985268775742E-015   8.0432422769147829E-016   4.4268140984651805E-017   4.3486996666444818E-019   1.9513223642249514E-017   2.6477646677828864E-019   7.2363528056682710E-017   8.4388008663413986E-005  -4.2470017648349755E-016  -2.4649298293713356E-016  -1.3443783317601040E-016   1.7367429381814440E-016  -1.2559210976056651E-013   9.3879894431865880E-013   7.4650097985266585E-016   9.6678542620199241E-012   3.8434841249807572E-012  -2.5267237442108475E-016  -9.1288365354471059E-015   6.8803827780553978E-016   5.5309649459384303E-016   6.3761182989025228E-004  -3.2041274590633309E-015  -1.8633713764073565E-015  -9.9425751353870613E-016   1.3133315656498071E-015  -2.7130236643496539E-013   5.0194266629259905E-014   1.2364391251536531E-015  -1.8854905045724040E-015   7.4127321559459272E-017
  -2.9870812528364517E-012  -1.6140217686449241E-017   8.0141745959619365E-013   5.2220161127153944E-016  -1.0454951435985543E-018  -1.2384518401781466E-018   2.3291967783053139E-007  -2.1590986814384272E-018  -9.3245148080494615E-020   1.8613178057232844E-018  -1.8815695873304884E-011  -1.1051171389979768E-016   5.1017882743024271E-012   2.1007489802369013E-014   2.0371641748870838E-015   6.6710322946578592E-019   1.0989661037780672E-015   9.1128767680043685E-016  -2.0642276970295206E-016  -3.6449366640283484E-015   1.0200232066742680E-018  -2.7428504394387417E-016   8.5738606656342534E-019  -6.1345657619944027E-016  -2.2508286805534120E-018   1.0077353230360596E-018   8.3829158309064085E-009   2.9235402955784105E-018  -6.8252096513649123E-019  -9.2202281145746073E-019  -2.7579997699561955E-011  -1.6322526236173483E-016   7.4191868932553691E-012   5.9591288151376270E-014   1.2048077991796264E-017   2.7349325731998941E-019  -6.3172431227289212E-016   7.2623169232801936E-018   1.6971464955932292E-020   6.4865001420522471E-018   7.8562784700487353E-019  -4.1380242728651549E-017  -5.9307704743266232E-019   6.5587726059492933E-016   1.1484080277518811E-017  -4.2647913647472440E-019   6.6435226141082769E-018   3.1946234334406284E-019   1.3620857007033970E-017  -1.6116203177508488E-015   1.0981047959081623E-018   9.9467685604497976E-017  -7.2097185973736732E-016   3.0014998588508225E-015   2.8827170552325015E-015   2.7415056426770461E-018  -2.4390127310629803E-017   1.4295942159837370E-019  -5.4668456708647228E-017   6.1339946315370745E-017  -6.3141327382274581E-018   1.4573860544556701E-005   5.9733084014873992E-018  -2.3758665347966739E-017   1.4985913386508383E-016  -1.9241039733934625E-011  -9.7019856091703422E-017   5.2115004970594255E-012   3.4218478507800696E-014  -2.9010980136487117E-018   6.0876372029609181E-019   8.2487176945450654E-016  -2.0714557768925407E-018  -2.0793407411121983E-019  -1.0383533270736663E-018   4.7802460556622969E-019   6.3694361124233468E-017   1.5265825975431358E-019  -8.7734963714554351E-016  -3.2744270070159540E-018   9.3233433099598325E-019  -1.2125306702507971E-018   1.2012447638513055E-020  -2.3689266087406616E-018   1.7780504861799656E-015   1.0495257907361719E-019  -8.0554182213112165E-017   7.9532527433840820E-016  -2.3214217480669309E-015  -3.1809004340035500E-015  -9.9486531296715867E-021   2.0170483524342803E-017   5.1817820917773707E-019   4.4811685573023545E-017  -9.7379153985647638E-017  -2.4060677273848275E-017   8.4388008454109638E-005  -3.6291122902890719E-016  -1.3988169633510375E-016   4.6117587620308810E-016  -1.0618492247106737E-011   1.1555277890132656E-015   9.3957779607578799E-013  -1.4900927436350116E-011  -1.0215068402095776E-016   3.8440093634585653E-012   5.4993282431069113E-014   4.5633288135800213E-015  -7.3682977863738027E-016  -1.7939754785941695E-016   6.3761182830801555E-004  -2.7635340366984809E-015  -1.0518693199949061E-015   3.5025660331663981E-015   2.6831682251849441E-013   1.8688095578241411E-015   5.2900794433326031E-014  -1.2932184369581538E-015   9.5733740031470518E-016
  -4.6264795996871473E-013   2.2713608706203426E-012   1.7245084136293804E-012   2.4534480897735311E-013  -1.1645984098110679E-007   1.8715688871898351E-018  -2.1590986814384272E-018   2.3291967853627193E-007   4.4960700847663230E-019  -1.1645983755995043E-007  -2.9453440529920770E-012   1.4455294417848954E-011   1.0862723188089165E-011   1.0389671432934981E-011  -5.3179856415437103E-016   1.8589202488952787E-016   7.8917799383617132E-016   9.5144549682597824E-016  -1.3020393436240965E-019  -2.3809201898945140E-016  -2.7623762299023560E-016  -3.1561520376682252E-015   1.8661172535071018E-016   1.7648363643116900E-015  -4.1914548445440097E-009   6.0727953465831511E-019   2.9249321232142790E-018   8.3829151140753292E-009   1.8547570200003072E-019  -4.1914602607917296E-009  -4.2830557548044331E-012   2.1058810405041179E-011   1.5922546321853422E-011   2.9449913999259965E-011   6.2427992578709622E-017   1.3815213319865090E-020  -2.4559821194619927E-019  -2.3569630477137597E-016  -7.4986220435599524E-020   8.5857846825019890E-018   2.0573519793657749E-019  -1.5497921729708440E-019   1.4227806303230579E-020  -2.0386078830701098E-019  -1.4892504246029019E-016  -6.3056849517953468E-019   3.6509164802087458E-016   1.9372346968006997E-019  -2.7634901042324002E-016  -4.8654837422073137E-017  -2.7006813389607591E-015  -6.2372911293484946E-016   8.5962352902567729E-017   5.3543997670741150E-019  -2.1130386126074730E-017   4.0283435048796274E-015   2.4968073699544761E-015  -2.7013273478560584E-015  -1.3947986762857894E-015  -7.2869303425098340E-006   1.5819164064347080E-016  -7.5661593717717817E-017   1.4573860567242493E-005   3.4684951129868206E-017  -7.2869302254407827E-006  -3.0087794127442171E-012   1.4714023152432917E-011   1.1108272816404346E-011   1.6938320965561100E-011  -1.2921023926789561E-018   3.5668370671134607E-019  -6.0095324419577314E-019   3.1233273659530369E-016  -1.1897629619633139E-019  -2.9362039989912466E-016   1.0226066958039041E-019  -2.4820694075842698E-019   1.7073947073638120E-019  -1.6605357582175940E-019   4.1782259064110389E-016   1.8082800107333201E-020  -1.0399544100688582E-015  -2.5533633695424827E-019   7.6747754876290956E-016   3.8962145008825725E-017   2.0892470544345196E-015   6.8819032003478136E-016  -6.9480971343058156E-017  -6.0018008567125605E-019   1.7048993587600786E-017  -3.1146226728032295E-015  -2.7548549107463722E-015   2.0895925601576444E-015   1.5396976281717436E-015  -4.2194004598675447E-005   9.2488535106756445E-016  -4.1377833382721449E-016   8.4388008582018050E-005   1.9745990011033494E-016  -4.2194003983405290E-005  -5.4510725445462015E-013  -1.4688272791306378E-013   6.1285783386146319E-012  -2.2182790317019195E-012   1.1163109741548253E-011   8.6026062701933190E-012   2.7303041384909146E-011   6.3641571979059174E-012  -3.1880591697056883E-004   6.9869871618549308E-015  -3.1503530367434089E-015   6.3761182927372668E-004   1.4920434270385894E-015  -3.1880591230328480E-004  -2.8706087269810860E-014  -3.1165762617000946E-013  -1.5666119750647108E-013   7.8554124611769648E-013  -1.1913516748854915E-015
   5.9536922321706840E-018  -2.9870980039424576E-012   1.9672333439499535E-012   1.1073293510618814E-016  -7.1554404459248144E-019   4.4049646072684974E-019  -9.3245148080494615E-020   4.4960700847663230E-019   2.3291967823829225E-007   1.6952153231375337E-019   3.5916251698495198E-017  -1.8815936229779077E-011   1.2519801260900041E-011   4.4804746788883230E-015   2.9010416040782905E-019   9.1224945643602670E-016   7.2297358228545667E-017  -7.9323815669638612E-019   7.9282681376948032E-016   3.3032037154156466E-019   2.0393616310941759E-015  -2.8614323042976838E-016  -3.6442321521876731E-015   1.6094295187567398E-016  -5.2440103375412975E-018  -6.3680762886252019E-019   1.6376064026913819E-018  -7.3101331286541265E-018   8.3829154481612503E-009  -7.2398447848750937E-018   5.5317347927781422E-017  -2.7580215956073874E-011   1.8239115731685418E-011   1.2668753428505014E-014   4.0656829446380187E-018  -6.5161686286288840E-019  -3.1999660852220730E-019   2.0043674900792436E-018  -3.2431764859586619E-016   2.0413319435882330E-018  -1.7352205199602091E-019  -3.0082586202557815E-020  -5.2925803794181738E-019  -4.5085173268882887E-019   3.8207716283007742E-018  -2.3725325447016391E-016   1.9183542176860881E-018   4.7048096675943713E-016   3.7999249095135984E-018  -3.0027757143659558E-019  -7.1958692517292727E-016  -1.0398894539405154E-015   1.0256929218080518E-018   7.1439627870361112E-017  -4.5408322568815695E-019  -1.6088275351973196E-015   4.1602720240644675E-015   2.8845493778023897E-015  -2.3237681506589858E-015   3.4066381770411326E-017   5.5860030930473299E-017   1.8226387461098908E-017   1.4803268355523767E-018   1.4573860558057442E-005  -1.6680759266321042E-017   2.2513167833200426E-017  -1.9241332971757139E-011   1.2743923304015207E-011   7.2731262732793111E-015   1.2621298788786702E-018  -2.5374336407168200E-019  -6.6243212758254836E-019   7.8660425778015913E-019   4.6389761242944304E-016   7.0565495879265995E-019  -9.2268508422514900E-019  -3.6418869477628278E-019  -2.0821702113232632E-019   3.5216583486399806E-019   7.0995412150349791E-019   3.5552709659322856E-016   6.4675090394340464E-019  -7.0877500411454561E-016   7.3282067707869078E-019   4.8682908847771832E-019   7.9528005310196878E-016   8.0464478872230558E-016  -7.2524808410027397E-019  -5.8211391014777452E-017   1.4699642415032764E-019   1.7779518761595112E-015  -3.2173345627773601E-015  -3.1816367206313967E-015   1.7985021618157451E-015   1.6873882258729788E-016   2.8766169605935851E-016   1.0548105752525950E-016  -3.5332525416684010E-017   8.4388008527065751E-005  -1.3601015570845284E-016  -1.4719025695656022E-015  -1.0617379953930964E-011  -1.2491778339130319E-013   4.5634380036539324E-017  -1.4900330680825028E-011   9.6682514053084535E-012   1.1686579162198667E-014   1.4976052737437796E-015   1.2730169939598473E-015   2.2047500035613348E-015   7.9485113621968061E-016  -2.5851251880205015E-016   6.3761182886646088E-004  -1.0162535804245074E-015   8.1767590827745285E-016   2.6494653921849702E-013  -2.6985836416599112E-013   1.3030346544512367E-016  -2.1841082791661833E-015
  -4.6273320619757180E-013  -1.1359818616082953E-012  -3.4492122965125703E-012  -6.0370559407513453E-013  -1.1645983806385857E-007   2.5652210663115920E-018   1.8613178057232844E-018  -1.1645983755995043E-007   1.6952153231375337E-019   2.3291967562379245E-007  -2.9456145724572575E-012  -7.2295655718749942E-012  -2.1726639249566311E-011  -2.5983855915990978E-011  -5.3128426131616428E-016   6.2836066709618893E-017   2.3681637947437160E-015  -2.3927239058832941E-016   4.9922685284358162E-019   9.5185910271897557E-016   1.3723582559597746E-016   2.3679368994237369E-015  -2.4865719202041043E-016  -3.5291750901085685E-015  -4.1914591431810159E-009  -8.3511892984732853E-019  -2.0476692449959201E-018  -4.1914602528865977E-009   1.4242874556361935E-018   8.3829194100125784E-009  -4.2837337929070851E-012  -1.0532199713478026E-011  -3.1846888076844541E-011  -7.3550346078558752E-011   3.8354244344497551E-016   4.9809861388901224E-021   4.8790195301642710E-019  -9.4399523810887541E-017  -1.2116364800655923E-019  -6.1983594836508525E-016  -2.2898268708580371E-020   2.5160517282853800E-019  -2.0387188440943554E-020   1.2903059306798616E-019   2.4297035403666803E-016  -7.7232149545869855E-020  -3.7878958257666788E-016  -2.5722570014391401E-019   5.2776296854113476E-016  -4.9264579390984454E-017  -9.0221000274004260E-016  -1.8725122631151160E-015  -2.0374457247813033E-017  -6.6669108023350293E-019   8.5619312975815001E-017  -2.0147263454695180E-015  -1.8724754423623280E-015   3.6020209160446529E-015   2.7924486053144006E-015  -7.2869302437132350E-006   1.3174779107801915E-016   3.6011609313522010E-017  -7.2869302250923430E-006   3.3281344646005053E-017   1.4573860468489790E-005  -3.0089131585395866E-012  -7.3590067079616016E-012  -2.2217768405076171E-011  -4.2175461835520002E-011  -4.6600520251942898E-016   9.6016709009494629E-021   4.3905083951471819E-019  -2.8105753990302624E-016  -5.5251159743957075E-020   1.1245043516760390E-015  -1.6687840314248661E-019   2.3038512384834097E-019  -1.1644631136772791E-019   2.4369401372868856E-019  -1.7166346303921173E-016  -2.0945501941486897E-019   5.9141953978871617E-016   1.7236389401522190E-019  -9.7933845076327138E-016   3.9253991669110409E-017   6.9731769774609125E-016   2.0662894307638994E-015   1.6712888541329680E-017   4.3974942238308755E-019  -6.9624852710937030E-017   1.5572725758733792E-015   2.0662458376494394E-015  -2.7863134197798162E-015  -3.0799108340490154E-015  -4.2194004075398130E-005   7.5600398999111815E-016   2.0850950782447686E-016  -4.2194003982365899E-005   1.9570011904778425E-016   8.4388008057714468E-005  -5.4344838419325669E-013   6.9126974603341754E-014  -1.2261740572794831E-011  -2.2200882382823500E-012  -5.5829933773081564E-012  -1.7206465981287727E-011  -6.8350391259875787E-011  -9.3443305034139318E-012  -3.1880591299193370E-004   5.7119616740176634E-015   1.5981473641566129E-015  -3.1880591229533256E-004   1.4843538278437939E-015   6.3761182528725591E-004  -3.0824215356417947E-014   1.5935578841160123E-013   3.1292554855670929E-013  -1.0578866128392793E-012   1.5563179176234055E-014
   1.6365843280630298E-002   7.6574827214841651E-016  -7.1815873143927204E-015  -1.0020526157132971E-010   5.8907831896377250E-012   1.2519451878882065E-011  -1.8815695873304884E-011  -2.9453440529920770E-012   3.5916251698495198E-017  -2.9456145724572575E-012  0.10227989098542156       -8.6578091073313841E-015   1.5142341987368867E-013   1.8729329019852782E-010   2.6042326617018725E-012  -1.2342004093803540E-015   8.4774696557597227E-016   2.3071770425976744E-014   2.6678309773252001E-016  -3.4912438095100847E-012   5.0558363309012343E-016  -2.8181292590051347E-016   2.4021525936966987E-016  -5.2417141376052896E-016  -5.8375752816795000E-012  -1.6389239078948025E-011   1.2086792530893715E-011   2.9179446365429482E-012  -1.5805135009048891E-016   2.9191381303981053E-012  0.15103832311325704        2.4062052105118108E-015   8.6695344357464820E-015  -2.8951294778163925E-010   1.1296019589746938E-016  -9.3611942250355293E-017  -3.9520781999325816E-018   2.1438699177044699E-017  -1.0258925444806981E-017   8.2573880809141615E-017  -1.0438679061287444E-016  -2.0557601073132407E-017  -4.3802988565902343E-017  -3.7209863714190822E-018  -9.8825830845673836E-017  -2.4764854804181389E-017  -1.4609161889112159E-017  -3.1290975872507336E-017  -5.9521102368331605E-018   5.0285118577839228E-013  -4.4450814743667492E-016  -5.0056819302134423E-015  -1.4397109044847852E-013  -6.4551766185459179E-016  -4.9890981963143732E-013   2.1030509766906618E-016   1.1393761974590199E-015   1.2045131891619808E-016   2.5084996666218725E-015   5.4665248377966969E-012   1.3084482889684700E-011  -3.7941834788216636E-012  -2.7349586157066907E-012   1.5460773580823306E-016  -2.7318088793253577E-012  0.10354974102061747       -1.0678175457744915E-014   1.5705373361724367E-013   6.8658373826237119E-011   5.9651838801402455E-017  -7.9752553318129381E-017   1.1315270123822100E-017   1.1118983105590582E-017  -1.2979794367899828E-017  -1.3532132004540610E-017  -3.7008891665924557E-017   1.3668206472534185E-017  -2.6135978674473370E-017  -2.2546719920913711E-017  -4.5640045931397919E-017  -2.5050983754435041E-017  -1.9956243146420547E-017  -1.0956523895635483E-017   8.7429970600856465E-018   1.9502102173102965E-013   5.6718823093014301E-016  -3.7990032185918271E-016  -7.2723084706292460E-013  -1.4619651346892819E-016   4.8696916833893902E-013  -2.5255759967609662E-016   1.2647142791520905E-016  -1.1452102559103433E-016   2.4628436808344013E-016   1.2913562724743146E-011   2.5087864068481545E-011  -2.1094222568362503E-011  -6.4740079107569085E-012  -1.9410126600831575E-016  -6.4396942397197311E-012   9.8357161615228103E-003  -3.9926643080716215E-014  -3.8677753153437083E-013   8.8334261518656074E-002   4.0333602141002858E-014  -3.2266827945653409E-013   6.7645561659563832E-011   9.7714147763481024E-011   1.1279341865736748E-010   2.1985829436483237E-010  -1.5877589461768114E-010  -5.6513181395303303E-011  -1.0360671837094405E-015  -5.6280208324167425E-011   8.7542689383273353E-004  -4.4899832291323128E-015  -3.7487571149012861E-014   2.1239678801939329E-011   4.2371171678849514E-012
  -2.4656868271997615E-016   1.6365843282236690E-002  -1.8404384082315887E-015  -2.0269292465371666E-010  -7.2293634868366482E-012   5.1017506745072263E-012  -1.1051171389979768E-016   1.4455294417848954E-011  -1.8815936229779077E-011  -7.2295655718749942E-012  -8.6578091073313841E-015  0.10227989095321788        3.1568965758767940E-014   3.3322568288467662E-010   2.4046549620012335E-016   1.2729471551722930E-012  -6.1983336372347903E-016  -1.4378012255116966E-015   6.6006376836719197E-016   1.6675434258114522E-016   1.0292429166768540E-012  -8.9292774481170039E-017  -2.6180877313824789E-012  -9.6456714061714180E-016   9.4556652896854818E-012  -5.0553044225482450E-012   2.7056629951514632E-016  -1.8931998546009582E-011   1.2086880742284531E-011   9.4554188188865551E-012  -9.9862511956866142E-016  0.15103832310356985        1.7515616176257370E-015  -5.1085321686944669E-010   1.6073792988769118E-015  -2.6993081836524550E-017   8.3820733308400087E-018   1.0713010196250782E-015   1.2969139435974944E-017   9.1489748156359863E-016  -9.8209377882709331E-018   2.9038684303730000E-017  -3.3886365415467941E-018   6.0637980913718190E-017   1.6885018219114969E-015   1.7165890237249086E-017   9.7394805522589124E-016   1.1430889012415494E-017   1.6568066041277920E-015  -8.4290532203987773E-016   9.8360661675629111E-013   1.0129116849171847E-016  -8.5606741343929727E-016  -3.5144163239018176E-015  -3.4055748943380940E-016   9.8757726365911130E-014  -1.0976423546528343E-015  -1.0690794826591289E-012  -2.4394702061788605E-016  -7.5492785639099414E-012   4.7352273915684373E-012  -3.3739663417626862E-016   1.5111143829420476E-011  -3.7963930791864761E-012  -7.5503538960607848E-012  -9.2994605956988461E-015  0.10354974099962791        2.9333190268600865E-014   8.9668276149262931E-011   3.3731103187075476E-016  -4.7464622943279202E-017  -3.8397707768973283E-018   1.3178174285695364E-016  -3.0050390416257075E-018   2.1505947142873750E-016  -2.9131824643820398E-017  -1.8182596942642402E-017  -2.8078413685903579E-017  -3.2687524244677439E-017   4.2395583930144819E-016   4.2534304404844124E-017   2.3654735305939271E-016  -2.1560281703459630E-018   3.5396657770789752E-016  -4.7276436585874710E-016   7.3413935233209414E-014   6.1585384235917976E-018   3.9168820213366743E-016  -4.4909253211902998E-016  -2.3141227883579990E-016  -9.4706684897803827E-013  -1.8754882106743414E-016   1.1953433237336468E-012   1.8398126152136921E-016  -1.4475358021945692E-011   1.1191060001999184E-011  -1.1107620421307896E-015   2.8960230359404551E-011  -2.1112050094741289E-011  -1.4483845538898141E-011  -4.6603181316332529E-014   9.8357161823282822E-003  -7.4167814139123929E-014   1.2454880874449292E-014   8.8334261538209100E-002  -6.7386790478504384E-014   7.0562537381747288E-011   1.2624775992651907E-010  -1.2687444327601860E-010   9.7733570563038592E-011  -8.7362436622705518E-015   2.5380692940080081E-010  -1.5889991133245469E-010  -1.2693236117024466E-010  -8.0850206056240833E-015   8.7542689588286724E-004   2.2973473591921621E-015   3.0727525208852829E-011   6.4325702160449843E-012
