   3.4167907214648743E-006   3.1774863582128660E-018  -5.7487684579297743E-005  -1.2151476150497779E-018   5.7147326202066613E-005   1.1819392464928858E-018  -9.6150678547963966E-004   2.6328987909698188E-017  -6.1373480350984887E-018  -1.4695313459792810E-019  -1.8299437893971432E-019  -5.3412289749029691E-018   9.1461769323758784E-019  -4.8490578725233306E-018   5.0298109280922905E-006   8.6935884722116516E-019  -3.7399574183936182E-005   2.2626745847930876E-006   3.2047087612389945E-019  -9.0108740742995322E-006   3.0744492706572995E-018  -3.8069619546487427E-005  -8.8453389810999070E-019   5.6251415796089366E-005  -1.0719021370735606E-017   6.5351899812353485E-005   1.0967081895726257E-017  -1.0995491703562723E-003  -1.5888135022633334E-018  -2.4665791334139587E-019   5.4647679138251933E-020  -1.5975530649659108E-018  -8.9891015564292622E-020  -1.5751800900138168E-018  -1.4363880489791383E-019   2.9995779547483278E-020   9.4323133150417472E-019   8.5282600624087359E-020  -2.9067517258643995E-018   6.7083575157543585E-020  -1.8059901046200811E-018   1.6736318529382906E-019  -3.0635573761239933E-018   1.0232319684719420E-018  -4.5590079411562319E-019  -5.1659030867454030E-019   3.3644973308933323E-018  -7.6440023146495472E-019   3.4604033507126800E-018   2.3128215954996289E-006   9.8148545110288000E-019  -1.7197175812719334E-005   1.0404292960763272E-006  -6.4280389495745429E-020  -4.1434050804919040E-006   1.0675372852881777E-018  -1.7505277927620059E-005   2.7011764611325862E-019   2.5865681849795142E-005   4.9570344968289348E-018   4.4737096268024912E-005   4.4228976970470913E-018  -7.5270401054738153E-004  -1.0799979762623688E-018  -1.6644743775997168E-020   4.5741252356005894E-020  -4.6799104695079435E-019   1.3719945393057141E-019  -6.0544926363512737E-019  -9.3433534609897583E-020   1.1116491962121808E-020  -6.5352953403385278E-019   1.3194633890762715E-020  -1.4176465482996977E-018   1.3141120361425123E-019  -7.1803179052781919E-019   6.5420784881877011E-020  -1.5573059738829670E-018  -6.8719045109288406E-019   8.1135425667411981E-019   1.3948506654111261E-019  -1.4390619359069920E-018   2.2561855609688211E-019  -1.3223991561327333E-018   1.0206279717895945E-006  -5.0055653978971825E-020  -7.5889635000001447E-006   4.5913236209300755E-007   1.0052737588753259E-019  -1.8284484768973455E-006   3.2491849155305391E-019  -7.7249262725872445E-006  -2.2975774586449343E-019   1.1414299510561305E-005   1.9637420473754090E-005   2.9077518766815724E-018  -3.3040063795928355E-004  -7.8454601999324113E-019  -2.6739067206247982E-019  -3.7378404717064018E-021  -8.0577665845871883E-019  -7.2070270445674016E-020  -7.2696336934841696E-019   4.4945947590730419E-018   5.6881065748439764E-017
   3.1774863582128660E-018   4.7013155706016618E-030  -5.3461376012415411E-017  -1.5314113926250135E-018   5.3144855572996188E-017  -3.6632789866420376E-030  -8.9416500548231982E-016   6.5292652317781990E-018  -1.6286300428554886E-019  -3.9602270463827547E-031  -3.3770371810886402E-020  -1.6460124547334789E-019  -2.0396848958523223E-032   3.2746424917842165E-019   4.6775342452185860E-018  -7.5486643071693479E-031  -3.4780191840803703E-017   2.1042019287546599E-018  -1.3520978440276559E-031  -8.3797726523860693E-018   3.4102386807780056E-030  -3.5403308728096139E-017  -4.4604713579390351E-031   5.2311692723633707E-017  -1.3885978311566275E-017   6.0774799238514366E-017   1.6096052147758544E-029  -1.0225392111499977E-015  -6.8192062487281385E-021   1.5188795537065756E-031  -3.1379294539691912E-021  -4.0651507760740073E-021   1.7944993777495360E-031   1.6043905891676739E-020  -8.4266284665801904E-031  -1.4149464896261091E-021   9.9109794498401814E-031   4.1925682984647134E-021  -7.0669486698133151E-021  -4.6138613769726113E-031   1.6479095211610114E-020   5.8895301153689205E-031  -1.8514532760991334E-020  -1.4071122647530561E-019   4.6688189498373687E-033  -2.9177101730392922E-020  -1.4221304115319504E-019   1.5254357264484425E-032   2.8292426786304791E-019   2.1508367552413578E-018   2.8223550918078784E-030  -1.5992724166984228E-017   9.6755996034178718E-019   3.3136468590984886E-031  -3.8532102762730036E-018  -4.5701984321266541E-031  -1.6279247500381975E-017  -4.2540674425919988E-031   2.4054107472043294E-017   3.3228196880873819E-017   4.1603810325485031E-017   1.4800633983141837E-030  -6.9998630886616493E-016  -1.6149839403953281E-020  -8.3448623431894833E-031  -7.4315183594864095E-021  -9.6274448747502100E-021  -9.8826047206577209E-032   3.7996577899116357E-020   5.0595228891422757E-031  -3.3509997465189342E-021   1.2329991297136162E-031   9.9292061008650999E-021  -1.6736564625978306E-020   7.2403753126698780E-031   3.9027231229116244E-020  -4.2986485880170005E-031  -4.3847732216201188E-020  -1.2538648218347672E-018   3.3826579542244734E-032  -2.5999447486134676E-019  -1.2672473545059839E-018  -1.3226902975070750E-030   2.5211121754980203E-018   9.4914547642222458E-019  -1.8489500739344394E-030  -7.0574495074395689E-018   4.2697576061890384E-019  -6.9387451870655514E-032  -1.7003880441170089E-018   1.1572467259396092E-030  -7.1838897522007208E-018  -4.4059256760710877E-031   1.0614867558472444E-017   1.8262059561872091E-017   3.4183189483890404E-030  -3.0726011788346796E-016   9.4475317281883614E-019   2.2373695430591621E-031   1.9589879295472380E-019   9.5483654862741961E-019   1.5778833483732939E-030  -1.8995897217839502E-018   4.6291668664479040E-018   1.8617472424766359E-015
  -5.7487684579297743E-005  -5.3461376012415411E-017   9.6723333317644690E-004   2.1228500194213704E-017  -9.6150678548031056E-004  -1.9886190326909096E-017   1.6177402513201090E-002  -4.4632744326451199E-016   1.0334453737078260E-016   2.4724942609547175E-018   3.0961693900701486E-018   8.9950681487628115E-017  -1.5388491056585292E-017   8.1418101497098768E-017  -8.4626834857391185E-005  -1.4627008578928351E-017   6.2924981345196293E-004  -3.8069619546499855E-005  -5.3919394382933291E-018   1.5160843282348172E-004  -5.1727771565366787E-017   6.4052336211099607E-004   1.4882329612637917E-017  -9.4643304552118025E-004   1.8745314032994294E-016  -1.0995491703570722E-003  -1.8452173286941816E-016   1.8499972938866377E-002   2.6735360380492601E-017   4.1500324360158585E-018  -9.1784450699076794E-019   2.6880994817498199E-017   1.5124210905890166E-018   2.6494279129187287E-017   2.4167304884800174E-018  -5.0395659144766759E-019  -1.5869917033600404E-017  -1.4370294770514040E-018   4.8909867451674284E-017  -1.1286846996160720E-018   3.0377447157566338E-017  -2.8158944432610825E-018   5.1553988195341030E-017  -1.7143934264075187E-017   7.6705549704645534E-018   8.7065883108307649E-018  -5.6535079366739567E-017   1.2861074318288472E-017  -5.8366233240827744E-017  -3.8913345653569221E-005  -1.6513544618847829E-017   2.8934339248980570E-004  -1.7505277927661207E-005   1.0815209526151021E-018   6.9713009595582590E-005  -1.7961371279705672E-017   2.9452722686642023E-004  -4.5447436805268312E-018  -4.3519146498149848E-004  -1.0040423998172626E-016  -7.5270401054802608E-004  -7.4415487649571820E-017   1.2664284782817685E-002   1.8179286453087525E-017   2.8004869425802878E-019  -7.6579650462401275E-019   7.8789001887757355E-018  -2.3083880679208489E-018   1.0167274168645878E-017   1.5720241608707123E-018  -1.8532095900360352E-019   1.0995668970818618E-017  -2.2708089014967624E-019   2.3860541743245803E-017  -2.2110004502482847E-018   1.2060953782915620E-017  -1.1007081652944137E-018   2.6224190936194849E-017   1.2203580728949835E-017  -1.3651078275509366E-017  -2.2138122407270817E-018   2.4860705663145074E-017  -3.7960441377488711E-018   2.0959458197092601E-017  -1.7172119599380557E-005   8.4218902529770748E-019   1.2768471221578643E-004  -7.7249262725797533E-006  -1.6913784155118032E-018   3.0763742317910228E-005  -5.4667708030934197E-018   1.2997229305470388E-004   3.8656862244832189E-018  -1.9204619288929039E-004  -3.3040063795953628E-004  -4.8923079096242214E-017   5.5590082062909581E-003   1.2716626393244277E-017   4.4988621979116080E-018  -3.7346177274403452E-020   1.3068673646986453E-017   1.2125861115504404E-018   1.3203160259564557E-017  -7.7990400449974680E-017  -1.9096272029858637E-015
  -1.2151476150497779E-018  -1.5314113926250135E-018   2.1228500194213704E-017   1.3429092975063013E-006  -1.9516807761134348E-017   4.1762273081380507E-018   3.2129403874482439E-016  -5.7255751314370575E-006   1.4281612617003891E-007   2.2743687659368695E-019   2.9613562040408354E-008   1.4434040649382468E-007   7.6375032117717184E-019  -2.8715653216815447E-007  -2.0280902739302290E-019   1.3709054599652428E-018   1.3073417592795489E-017  -1.4250485387555558E-018   3.7990844022899162E-019   2.4522574191383348E-018  -4.8327972074195207E-019   1.2925421533748633E-017  -3.3018801175340052E-019  -1.9888701270080203E-017   1.2176747195023444E-005  -2.3042758683642765E-017  -5.1712059295201816E-018   3.8942813214168137E-016   5.9798271810917629E-009  -3.3433974933280213E-019   2.7516803512231010E-009   3.5647695957165955E-009  -2.3066684136606934E-019  -1.4069054530997340E-008   6.2180270101358595E-019   1.2407801101535514E-009  -9.9904922619690507E-020  -3.6765032410299729E-009   6.1970748786200272E-009   4.5930008860038885E-019  -1.4450676208240376E-008  -3.7997505894148061E-019   1.6235570859437119E-008   1.2339102034151449E-007  -3.7587793995518560E-019   2.5585679573829513E-008   1.2470797599869912E-007  -6.3673956487183655E-019  -2.4809899653949023E-007  -4.4418185059275647E-018  -1.6745558713812528E-018   4.7871420675506354E-018   2.4029488294624407E-018  -3.4299705624650173E-019   3.9881433925521049E-018   1.2713340248533406E-018   5.6731104455265989E-018   5.9332223420017607E-019  -8.7464622801656597E-018  -2.9138123658747312E-005  -1.5115570519560684E-017   2.3089594075119483E-018   2.5233905027699327E-016   1.4161948638957441E-008   7.1819529194277191E-019   6.5167695288598815E-009   8.4423984928015485E-009   1.9854667071730907E-019  -3.3319562581727487E-008  -5.1986877465955892E-019   2.9385237286533927E-009  -6.4107149233555133E-019  -8.7070157985734723E-009   1.4676453597659086E-008  -5.2775054796153335E-019  -3.4223352344667561E-008   4.3030278417729249E-019   3.8450495764478210E-008   1.0995260549630003E-006   6.3199069069963583E-019   2.2799164174528022E-007   1.1112613258601480E-006   1.3438700773712997E-018  -2.2107873800869619E-006   2.7393761925404678E-018   1.5805419796394335E-018   2.8371455835321872E-018  -2.3438850440646230E-018   1.4282586986951939E-019  -1.3018705493564004E-018  -7.4983203721051076E-019   2.7168745149750324E-018   1.9899405272777199E-019  -4.7813479773795489E-018  -6.9293681375139546E-018  -6.2630590664505903E-019   1.1372712116725350E-016  -8.2846309341749231E-007  -4.1425223884088355E-019  -1.7178552523265483E-007  -8.3730530210736151E-007  -1.4424337854996895E-018   1.6657683958190917E-006  -4.0593607012444250E-006  -1.6325839637674447E-003
   5.7147326202066613E-005   5.3144855572996188E-017  -9.6150678548031056E-004  -1.9516807761134348E-017   9.5581414206289512E-004   1.9768453258209515E-017  -1.6081623486658234E-002   4.3692290005689657E-016  -1.0256401219210976E-016  -2.4578557494101018E-018  -3.0428640537779826E-018  -8.9247655012954463E-017   1.5297382815188327E-017  -8.1275200795686438E-017   8.4125797941518590E-005   1.4540408728194934E-017  -6.2552431212160278E-004   3.7844226681480565E-005   5.3600162225515510E-018  -1.5071082839658614E-004   5.1421515007694541E-017  -6.3673111523756339E-004  -1.4794218122439235E-017   9.4082964684737971E-004  -1.7196228460177756E-016   1.0930392408991837E-003   1.8342926379498481E-016  -1.8390443031471918E-002  -2.6570010178149177E-017  -4.1254619855673308E-018   9.1566016865896107E-019  -2.6717634621092521E-017  -1.5034667346807128E-018  -2.6354034470258067E-017  -2.4024221288143634E-018   5.0243828530991026E-019   1.5775958488428787E-017   1.4241794418240101E-018  -4.8612975525456579E-017   1.1220022719700978E-018  -3.0214662735081487E-017   2.7992228157603042E-018  -5.1229585930357206E-017   1.7188160604523233E-017  -7.6251411107606929E-018  -8.6248232673747696E-018   5.6347644047994400E-017  -1.2784929759390117E-017   5.7727662499020597E-017   3.8682957470844390E-005   1.6415775448110647E-017  -2.8763032214698230E-004   1.7401637156041329E-005  -1.0751177600175208E-018  -6.9300270641291933E-005   1.7855030187239381E-017  -2.9278346540306956E-004   4.5178363247111424E-018   4.3261489467970408E-004   6.5396967815800438E-017   7.4824759318767645E-004   7.3974907466138319E-017  -1.2589305325060486E-002  -1.8054929582455601E-017  -2.7839065358601945E-019   7.6895903402917058E-019  -7.8222821364510456E-018   2.2947211543452987E-018  -1.0146429576887573E-017  -1.5627169223509778E-018   1.8769422523152134E-019  -1.0930568626721917E-017   2.1545325275749606E-019  -2.3701941106861078E-017   2.1979101243663717E-018  -1.2029964974743660E-017   1.0941913739562849E-018  -2.6023518495052469E-017  -1.0832762189999705E-017   1.3570256463267901E-017   2.4699688765870864E-018  -2.3401090419631061E-017   3.7735694906660074E-018  -2.3446359834476333E-017   1.7070451306367261E-005  -8.3720280795085808E-019  -1.2692874923406219E-004   7.6791905051783257E-006   1.6813645348521363E-018  -3.0581604221907463E-005   5.4344045449478209E-018  -1.2920278634952274E-004  -3.8427992583461769E-018   1.9090917491677051E-004   3.2844448638037641E-004   4.8633427844287181E-017  -5.5260958525241641E-003  -1.3619771871525898E-017  -4.4722264854412725E-018  -1.6575776687799743E-019  -1.3980177674943874E-017  -1.2054069418882307E-018  -1.1157677850670494E-017   7.2734452275447329E-017  -2.9799732429134268E-017
   1.1819392464928858E-018  -3.6632789866420376E-030  -1.9886190326909096E-017   4.1762273081380507E-018   1.9768453258209515E-017   1.3396238338403199E-029  -3.3260527148721492E-016  -1.7805598087000753E-017   4.4413469119511859E-019   6.5645716654514553E-031   9.2093313162679070E-020   4.4887495260044419E-019   2.6915233889182085E-030  -8.9300964225963691E-019   1.7399166126918001E-018   4.5640201500769440E-030  -1.2937293540520744E-017   7.8270637911817647E-019   1.2923104063199986E-030  -3.1170494718101370E-018  -4.3940434924722042E-031  -1.3169076220671093E-017  -1.3328092174528715E-030   1.9458539143914788E-017   3.7867683435196290E-017   2.2606586565529525E-017  -1.2287858339268019E-029  -3.8035701447222738E-016   1.8596280193501947E-020  -1.1250658185551563E-030   8.5572738586370805E-021   1.1085847837792187E-020  -7.4843116276927556E-031  -4.3752448390876090E-020   1.8840165916851469E-030   3.8586223128058585E-021   1.5595512986790859E-032  -1.1433321120138648E-020   1.9271884843883222E-020   1.4515534330136587E-030  -4.4939229116087142E-020  -1.1237655927016362E-030   5.0489958265150200E-020   3.8372580313999924E-019  -1.3266242487274481E-030   7.9567260373939081E-020   3.8782131889109463E-019  -2.2445774452895758E-030  -7.7154712264809663E-019   8.0005327708419621E-019  -4.8680773624374400E-030  -5.9488621571738979E-018   3.5990621565953707E-019  -1.0889004276872337E-030  -1.4332903235657014E-018   4.3229234033345016E-030  -6.0554411112879653E-018   1.9385740133729623E-030   8.9474793769252152E-018  -9.0614777898656168E-017   1.5475495622584648E-017   8.7104571067906668E-030  -2.6037603224270353E-016   4.4041333805486805E-020   2.2277116116641049E-030   2.0266082689149641E-020   2.6254472433155562E-020   6.6490768514799705E-031  -1.0361836604133528E-019  -1.6490270978164994E-030   9.1383260686396142E-021  -2.2196965390662960E-030  -2.7077388784121421E-020   4.5641359706369022E-020  -1.5957596287309619E-030  -1.0642900373359605E-019   1.3608013859325453E-030   1.1957472535229030E-019   3.4193454057342077E-018   2.2460516043662803E-030   7.0901655238525835E-019   3.4558401704064970E-018   4.2572613447163762E-030  -6.8751855738524788E-018   3.5305652417668024E-019   4.8979106165671155E-030  -2.6251809174327056E-018   1.5882346983103529E-019   4.7893951063747738E-031  -6.3249850260929213E-019  -2.2194583667922869E-030  -2.6722132791090968E-018   5.3936081294520086E-031   3.9484445090524296E-018   6.7929937329795174E-018  -9.4185640060006937E-031  -1.1429247879219841E-016  -2.5763841243337090E-018  -1.3807524273618186E-030  -5.3422476331925075E-019  -2.6038819408008913E-018  -4.5106627275963254E-030   5.1802660660488304E-018  -1.2623944927330034E-017  -5.0770679337578508E-015
  -9.6150678547963966E-004  -8.9416500548231982E-016   1.6177402513201090E-002   3.2129403874482439E-016  -1.6081623486658234E-002  -3.3260527148721492E-016  0.27057416560971947       -7.3210764705268211E-015   1.7248922718945608E-015   4.1353552962945578E-017   5.1040281798322083E-017   1.5008358250147581E-015  -2.5737927483913562E-016   1.3689728988908952E-015  -1.4154209992021305E-003  -2.4464314579431079E-016   1.0524479631133732E-002  -6.3673111523732681E-004  -9.0182556398902945E-017   2.5357176578339161E-003  -8.6516970933547035E-016   1.0713034686210671E-002   2.4891350227470255E-016  -1.5829508562230078E-002   2.8291016968292547E-015  -1.8390443031472463E-002  -3.0862070636654409E-015  0.30942017654882953        4.4701031198698885E-016   6.9411116074542616E-017  -1.5420532427468926E-017   4.4950682867308967E-016   2.5295907319041200E-017   4.4348216915537522E-016   4.0420879364916460E-017  -8.4600897724249553E-018  -2.6543133584998457E-016  -2.3942518835693486E-017   8.1788322473664037E-016  -1.8877747560898946E-017   5.0843945506258096E-016  -4.7097071906848195E-017   8.6185492916399794E-016  -2.8984199577368300E-016   1.2829340242993107E-016   1.4497826815494914E-016  -9.4870931609173016E-016   2.1510711930893140E-016  -9.6996346458205662E-016  -6.5084280512308832E-004  -2.7619629003215137E-016   4.8393953809166487E-003  -2.9278346540355350E-004   1.8088913167896167E-017   1.1659807183554288E-003  -3.0041182713031311E-016   4.9260972887146971E-003  -7.6012835080624465E-017  -7.2787684810186751E-003  -9.4674623327574406E-016  -1.2589305325062481E-002  -1.2446317301429400E-015  0.21181572785609828        3.0370050995439328E-016   4.6839374687520073E-018  -1.2972120525287556E-017   1.3156581821730175E-016  -3.8608804773913401E-017   1.7088981207102699E-016   2.6292794859930714E-017  -3.1734516179198255E-018   1.8390739518735552E-016  -3.5791254130428636E-018   3.9870906598485038E-016  -3.6979954074843184E-017   2.0258515782152907E-016  -1.8409827731088867E-017   4.3764443642124443E-016   1.7646716999761057E-016  -2.2832028263221460E-016  -4.2758898717231148E-017   3.8786811090832070E-016  -6.3490506238654237E-017   4.0613734377285573E-016  -2.8721124596864069E-004   1.4085981517675473E-017   2.1355829182535049E-003  -1.2920278634930728E-004  -2.8289047214718640E-017   5.1453710828475250E-004  -9.1434143857102074E-017   2.1738437129793448E-003   6.4655300740952219E-017  -3.2120569638506759E-003  -5.5260958525245353E-003  -8.1825999536834589E-016   9.2976854956001956E-002   2.3351947623649967E-016   7.5245447122916583E-017   3.6942123487948649E-018   2.3962992237867637E-016   2.0281035542977280E-017   1.7894973196506963E-016  -1.2023677157535182E-015   9.1052842878020792E-015
   2.6328987909698188E-017   6.5292652317781990E-018  -4.4632744326451199E-016  -5.7255751314370575E-006   4.3692290005689657E-016  -1.7805598087000753E-017  -7.3210764705268211E-015   2.4411336377374852E-005  -6.0890520445854238E-007  -9.6969089946422407E-019  -1.2625921548587306E-007  -6.1540406594636799E-007  -3.2562957555448447E-018   1.2243092682914245E-006   3.1996565347531357E-017  -5.8449384658342632E-018  -2.8722294634305169E-016   2.0080543040602599E-017  -1.6197626463936861E-018  -6.6227905962731002E-017   2.0604923621958450E-018  -2.9073918357360584E-016   1.4077765879625194E-018   4.3296327767475699E-016  -5.1916299225186528E-005   5.0273798870037210E-016   2.2047749706307199E-017  -8.4659798594605757E-015  -2.5495355391408858E-008   1.4254777726116374E-018  -1.1731955849797851E-008  -1.5198611093421296E-008   9.8346204991239107E-019   5.9984266171284172E-008  -2.6510934790577457E-018  -5.2901411550794416E-009   4.2595068894785095E-019   1.5674994258046815E-008  -2.6421604108756763E-008  -1.9582537480676922E-018   6.1611333307461907E-008   1.6200466793125722E-018  -6.9221339765905634E-008  -5.2608508915823067E-007   1.6025783643435639E-018  -1.0908609461626574E-007  -5.3170000937211519E-007   2.7147777028543359E-018   1.0577850993799738E-006   3.3253108072040426E-017   7.1395703873630995E-018  -1.2685171815264535E-016  -3.8054092939706788E-018   1.4623887250220924E-018  -4.2649183015158878E-017  -5.4204096210801904E-018  -1.3253608758537244E-016  -2.5296652837024657E-018   1.9738600004438816E-016   1.2423215514782639E-004   3.4134518071764648E-016  -9.8443882901549858E-018  -5.7347036523992148E-015  -6.0380325827272135E-008  -3.0620691290906455E-018  -2.7784641614317102E-008  -3.5994677339583633E-008  -8.4651575679642833E-019   1.4205997327038721E-007   2.2164920097938951E-018  -1.2528573906784359E-008   2.7332471379862646E-018   3.7122889250908565E-008  -6.2573948882837716E-008   2.2500964276760838E-018   1.4591333566823955E-007  -1.8346219842606525E-018  -1.6393601768140961E-007  -4.6878959348583327E-006  -2.6945305901762446E-018  -9.7205617428987842E-007  -4.7379299731468130E-006  -5.7296714745855930E-018   9.4258259048663703E-006  -5.3623474877705500E-018  -6.7387364653894574E-018  -5.9068023467219252E-017   1.2835083018571827E-017  -6.0894674731084202E-019  -5.7665277516253432E-018   3.1969543088146222E-018  -5.9396778333026986E-017  -8.4842319709873738E-019   9.1034060446705436E-017   1.5108905615405997E-016   2.6702931690488440E-018  -2.5298881556425111E-015   3.5322025797221438E-006   1.7661895120181303E-018   7.3241799207092494E-007   3.5699018720538763E-006   6.1499038143060328E-018  -7.1021044530305221E-006   1.7307330229775934E-005   6.9606206169601399E-003
  -6.1373480350984887E-018  -1.6286300428554886E-019   1.0334453737078260E-016   1.4281612617003891E-007  -1.0256401219210976E-016   4.4413469119511859E-019   1.7248922718945608E-015  -6.0890520445854238E-007   1.5188252797185483E-008   2.4187526085333521E-020   3.1493520973909180E-009   1.5350357424388924E-008   8.1223551309112241E-020  -3.0538610168856582E-008  -8.8660384872419676E-018   1.4579347056357672E-019   6.7154122940370471E-017  -4.1302612274614569E-018   4.0402618280178379E-020   1.6105604958965034E-017  -5.1395978647500496E-020   6.8316598310708176E-017  -3.5114935038341959E-020  -1.0102818457327604E-016   1.2949764120141371E-006  -1.1736599579400157E-016  -5.4994898008295274E-019   1.9748733342161029E-015   6.3594447871921296E-010  -3.5556465289545099E-020   2.9263653840928994E-010   3.7910720053421256E-010  -2.4531027360330014E-020  -1.4962200877774811E-009   6.6127662654558223E-020   1.3195486030964266E-010  -1.0624719080122443E-020  -3.9098988420923479E-010   6.5904840289187400E-010   4.8845785433991290E-020  -1.5368049059089583E-009  -4.0409703068121799E-020   1.7266254248218119E-009   1.3122425737960817E-008  -3.9973981411686253E-020   2.7209936284956558E-009   1.3262481738500901E-008  -6.7716172790858301E-020  -2.6384907497654453E-008  -4.5392686045855211E-018  -1.7808617681951816E-019   3.0748791239551860E-017  -1.5739517991612994E-018  -3.6477155197051327E-020   7.7099374251362114E-018   1.3520421731561155E-019   3.1384782329527411E-017   6.3098813312063067E-020  -4.6412646372739845E-017  -3.0987900318609012E-006  -8.0273675023488074E-017   2.4555391690758116E-019   1.3503981276800797E-015   1.5060992186074773E-009   7.6378851214547394E-020   6.9304738673190293E-010   8.9783476111500710E-010   2.1115101688650975E-020  -3.5434789694574820E-009  -5.5287162469790014E-020   3.1250701470629058E-010  -6.8176865929723293E-020  -9.2597636278391767E-010   1.5608159483475214E-009  -5.6125375693095286E-020  -3.6395954778880402E-009   4.5761971289010589E-020   4.0891450112061642E-009   1.1693273111180030E-007   6.7211138076813989E-020   2.4246524418046529E-008   1.1818075726829415E-007   1.4291830347876948E-019  -2.3511348830180228E-007  -1.5033544720390637E-018   1.6808795888188974E-019   1.3646235316834657E-017  -1.0566111594227408E-018   1.5189289022922818E-020   3.0767104548090417E-018  -7.9743365417319540E-020   1.3872522998571612E-017   2.1162680007333893E-020  -2.0579507233837923E-017  -3.5267564087939870E-017  -6.6606570940736208E-020   5.9307448913245137E-016  -8.8105644883420067E-008  -4.4055023014398105E-020  -1.8269099254410453E-008  -8.9045998780901559E-008  -1.5340038667109882E-019   1.7715164369561334E-007  -4.3170612576379234E-007  -1.7362253562884394E-004
  -1.4695313459792810E-019  -3.9602270463827547E-031   2.4724942609547175E-018   2.2743687659368695E-019  -2.4578557494101018E-018   6.5645716654514553E-031   4.1353552962945578E-017  -9.6969089946422407E-019   2.4187526085333521E-020   4.4839330966774633E-032   5.0153916335226392E-021   2.4445680196331746E-020   9.0012859454311392E-032  -4.8633206197009085E-020  -2.1632770121790350E-019   1.9478799134497696E-031   1.6085224723979454E-018  -9.7315624489934675E-020   5.0558622982435792E-032   3.8754969169354718E-019  -2.1407821897386202E-031   1.6373405283973694E-018  -1.7878056477121364E-032  -2.4193234384758182E-018   2.0622698452157069E-018  -2.8107271741939223E-018  -1.3474866585688726E-030   4.7290633345881279E-017   1.0127513594957546E-021  -4.6015679818019470E-032   4.6602818643465748E-022   6.0373404534731987E-022  -3.5199905463428027E-032  -2.3827534927388247E-021   1.1148709686761328E-031   2.1014014372759459E-022  -5.7487570395030078E-032  -6.2265740172018887E-022   1.0495447139991892E-021   7.4902459270329834E-032  -2.4473854395578851E-021  -7.1551215367979693E-032   2.7496775344536089E-021   2.0897664733001013E-020  -4.4051291677595111E-032   4.3332241862000172E-021   2.1120706066993832E-020  -7.4962871127891226E-032  -4.2018370834082141E-020  -9.9472402887125497E-020  -3.2581779212407470E-031   7.3963525949477418E-019  -4.4747940054923041E-020  -5.5325787987474534E-032   1.7820417289932065E-019   1.6940096412211020E-031   7.5288645784207896E-019   8.8868310209708718E-032  -1.1124600059526783E-018  -4.9348707668127304E-018  -1.9241027810379043E-018   2.0082348572644976E-031   3.2373131043547847E-017   2.3984861605824279E-021   1.2235037046257369E-031   1.1036886183408579E-021   1.4298156604873856E-021   2.7725297393503869E-032  -5.6430447365963780E-021  -8.4027162874650300E-032   4.9767222542997612E-022  -8.0464982270078953E-032  -1.4746315937770565E-021   2.4856233939278481E-021  -9.5032402833162137E-032  -5.7961117539709641E-021   7.0062952966700452E-032   6.5120262972925139E-021   1.8621717202979762E-019   7.2139144655441840E-032   3.8612962903959717E-020   1.8820467287131172E-019   2.1789594179553429E-031  -3.7442184477627952E-019  -4.3896302682158077E-020   2.6983550794348251E-031   3.2639458064210553E-019  -1.9746875154605184E-020   1.9865583128696856E-032   7.8639945209914688E-020  -1.4096699118071084E-031   3.3224221874726754E-019   4.3583569877767551E-032  -4.9091888530938874E-019  -8.4458801527020270E-019  -2.3113181417354415E-031   1.4210238021383266E-017  -1.4030959402084682E-019  -5.8658066111934523E-032  -2.9093821433408084E-020  -1.4180712205966976E-019  -2.4119279583635950E-031   2.8211671613044874E-019  -6.8749864236747242E-019  -2.7649655727726787E-016
  -1.8299437893971432E-019  -3.3770371810886402E-020   3.0961693900701486E-018   2.9613562040408354E-008  -3.0428640537779826E-018   9.2093313162679070E-020   5.1040281798322083E-017  -1.2625921548587306E-007   3.1493520973909180E-009   5.0153916335226392E-021   6.5303223259350443E-010   3.1829652163254764E-009   1.6842066371500199E-020  -6.3323173027851182E-009  -2.3440952642767268E-019   3.0230927707142040E-020   1.9980095347374503E-018  -1.3486278600851245E-019   8.3776634693554547E-021   4.6600774366473062E-019  -1.0657185872365004E-020   2.0253770018379666E-018  -7.2812387174333521E-021  -3.0101085333359622E-018   2.6851914658704126E-007  -3.4956887354987932E-018  -1.1403437886878443E-019   5.8853352546220751E-017   1.3186592984873588E-010  -7.3727919881200400E-021   6.0679494101079141E-011   7.8609572350525383E-011  -5.0866181581571442E-021  -3.1024792216216154E-010   1.3711866391543641E-020   2.7361430022688848E-011  -2.2030829853454224E-021  -8.1073499917065413E-011   1.3665663178283946E-010   1.0128391913128986E-020  -3.1866336558487585E-010  -8.3791325316435469E-021   3.5802349853425679E-010   2.7209936239908877E-009  -8.2887836990372431E-021   5.6421018963274678E-010   2.7500348616462706E-009  -1.4041251068022592E-020  -5.4710284900315668E-009  -2.0368044705208146E-019  -3.6926964672464311E-020   8.9173197823727957E-019   5.4262331044957314E-021  -7.5637011551642823E-021   2.7736100760872452E-019   2.8035198720362022E-020   9.2535402472177008E-019   1.3083820943865034E-020  -1.3753218482625478E-018  -6.4254796233202422E-007  -2.3784766456288704E-018   5.0916702110737474E-020   3.9974305816717150E-017   3.1229640409193380E-010   1.5837496154484470E-020   1.4370647303157068E-010   1.8617005035312558E-010   4.3783107035697239E-021  -7.3475620096272789E-010  -1.1464040229547926E-020   6.4799726167121124E-011  -1.4136777849277505E-020  -1.9200533723064888E-010   3.2364216254554032E-010  -1.1637847487501744E-020  -7.5468638855321650E-010   9.4889492678718214E-021   8.4790249342993415E-010   2.4246524396067387E-008   1.3936529862960878E-020   5.0276252015350504E-009   2.4505308197340501E-008   2.9634748962100154E-020  -4.8751832577173655E-008   1.3750275968071920E-020   3.4853789498993063E-020   4.0949274203818427E-019  -7.2676057799936421E-020   3.1495669634607507E-021   5.4878726082465611E-020  -1.6535143211140809E-020   4.1305607133156136E-019   4.3881762804703649E-021  -6.2724068882099024E-019  -1.0505274123847394E-018  -1.3811170164155588E-020   1.7612114126430196E-017  -1.8269099231545391E-008  -9.1350059144397172E-021  -3.7881793793281020E-009  -1.8464085814852183E-008  -3.1808255758889980E-020   3.6733185052886049E-008  -8.9516194573917796E-008  -3.6001408722822659E-005
  -5.3412289749029691E-018  -1.6460124547334789E-019   8.9950681487628115E-017   1.4434040649382468E-007  -8.9247655012954463E-017   4.4887495260044419E-019   1.5008358250147581E-015  -6.1540406594636799E-007   1.5350357424388924E-008   2.4445680196331746E-020   3.1829652163254764E-009   1.5514192198602142E-008   8.2090452438848922E-020  -3.0864549569710586E-008  -7.6922823035967276E-018   1.4734952816370530E-019   5.8439689405315777E-017  -3.6037576658247645E-018   4.0833836502776860E-020   1.4005199324095820E-017  -5.1944529297656764E-020   5.9445604405514200E-017  -3.5489717676810174E-020  -8.7921360082439474E-017   1.3087977297990047E-006  -1.0213864678375648E-016  -5.5581860021277945E-019   1.7186743483357772E-015   6.4273193110241072E-010  -3.5935960391999982E-020   2.9575985598889561E-010   3.8315342179701162E-010  -2.4792847669657821E-020  -1.5121892846813156E-009   6.6833444961782425E-020   1.3336321805321018E-010  -1.0738116990007843E-020  -3.9516292967183076E-010   6.6608244407399134E-010   4.9367117804753570E-020  -1.5532072656591831E-009  -4.0840996906727946E-020   1.7450537440332615E-009   1.3262481737861687E-008  -4.0400624781588922E-020   2.7500348660665740E-009   1.3404032559831091E-008  -6.8438909309364750E-020  -2.6666514319111703E-008  -4.0044846561199069E-018  -1.7998689533435648E-019   2.6740306602424504E-017  -1.3283822164734882E-018  -3.6866476847399559E-020   6.7473699663282118E-018   1.3664725553343938E-019   2.7305390537954078E-017   6.3772268629574079E-020  -4.0385377345563593E-017  -3.1318635005214731E-006  -6.9848940201509733E-017   2.4817472041323293E-019   1.1749991642039811E-015   1.5221738557381551E-009   7.7194044730722736E-020   7.0044429997536143E-010   9.0741737546731832E-010   2.1340463732187762E-020  -3.5812986150097071E-009  -5.5877243829465575E-020   3.1584241040939686E-010  -6.8904519438360439E-020  -9.3585933320143033E-010   1.5774745785941123E-009  -5.6724403324803200E-020  -3.6784409774983517E-009   4.6250390029151981E-020   4.1327885649759058E-009   1.1818075726977099E-007   6.7928484346359075E-020   2.4505308219860453E-008   1.1944210364272028E-007   1.4444367434375350E-019  -2.3762286083336348E-007  -1.2620247660242548E-018   1.6988196615024345E-019   1.1878148541062415E-017  -9.5210750950902827E-019   1.5351404709816545E-020   2.6484625162023036E-018  -8.0594468483241220E-020   1.2072565226256209E-017   2.1388549855442447E-020  -1.7920772131091881E-017  -3.0691944065066553E-017  -6.7317464648175134E-020   5.1608619416192775E-016  -8.9045998781202997E-008  -4.4525223450127992E-020  -1.8464085838023789E-008  -8.9996389100913297E-008  -1.5503763308953258E-019   1.7904238791374198E-007  -4.3631373675847837E-007  -1.7547561358244806E-004
   9.1461769323758784E-019  -2.0396848958523223E-032  -1.5388491056585292E-017   7.6375032117717184E-019   1.5297382815188327E-017   2.6915233889182085E-030  -2.5737927483913562E-016  -3.2562957555448447E-018   8.1223551309112241E-020   9.0012859454311392E-032   1.6842066371500199E-020   8.2090452438848922E-020   6.7919415724863784E-031  -1.6331400347040807E-019   1.3463962072876861E-018   1.0123853408179383E-030  -1.0011240095359129E-017   6.0568011856527167E-019   3.0184931478978426E-031  -2.4120601850494137E-018   5.4812383443834153E-031  -1.0190600025135329E-017  -4.2456213836785016E-031   1.5057562593330402E-017   6.9252589123941558E-018   1.7493609860144769E-017  -5.3061045574726219E-033  -2.9433091101388927E-016   3.4008960531097915E-021  -2.5617462267751748E-031   1.5649580771736628E-021   2.0273848190147567E-021  -1.5524904655596668E-031  -8.0014673643502379E-021   3.1518699602411754E-031   7.0566657734139421E-022   1.9566849978926513E-031  -2.0909308888770415E-021   3.5244509339916404E-021   2.7917404032337302E-031  -8.2185063551345485E-021  -1.7130218880320805E-031   9.2336261877996696E-021   7.0175946798206140E-020  -3.3580937833467709E-031   1.4551296225409761E-020   7.0924936554149192E-020  -5.6674886421079884E-031  -1.4110088346358876E-019   6.1910363407683513E-019  -6.8963983451937022E-031  -4.6033961557030291E-018   2.7850551009209912E-019  -2.1227886593706251E-031  -1.1091201966384405E-018   1.0088053138612805E-030  -4.6858699355105900E-018   4.0974503017514326E-031   6.9238101470069975E-018  -1.6571671180027466E-017   1.1975371957597677E-017   2.4971059061617991E-030  -2.0148626648178346E-016   8.0542988578601137E-021   4.0400236080235630E-031   3.7062702819655989E-021   4.8014296812083194E-021   1.4964507851005537E-031  -1.8949773205651900E-020  -3.2067460028573835E-031   1.6712211656574595E-021  -5.3953432311880044E-031  -4.9519249922551702E-021   8.3469123114002079E-021  -2.6497001318438504E-031  -1.9463783886078848E-020   2.6223735587821624E-031   2.1867879344886743E-020   6.2533141976167621E-019   5.7661685251842915E-031   1.2966526475923494E-019   6.3200559867545298E-019   8.2469105528200493E-031  -1.2573370180193625E-018   2.7320502697273023E-019   8.8549965615997561E-031  -2.0314385211916966E-018   1.2290204936050576E-019   1.0813858894092360E-031  -4.8944505662625102E-019  -3.3947534537244707E-031  -2.0678334799607295E-018   5.1671216209079065E-032   3.0554169509671649E-018   5.2566088118915809E-018   4.2215871369940706E-031  -8.8442721246034400E-017  -4.7117028294952702E-019  -3.0717291757357926E-031  -9.7699264063268466E-020  -4.7619909594483052E-019  -8.3964470441319587E-031   9.4736937906107865E-019  -2.3086727041850538E-018  -9.2849645839222875E-016
  -4.8490578725233306E-018   3.2746424917842165E-019   8.1418101497098768E-017  -2.8715653216815447E-007  -8.1275200795686438E-017  -8.9300964225963691E-019   1.3689728988908952E-015   1.2243092682914245E-006  -3.0538610168856582E-008  -4.8633206197009085E-020  -6.3323173027851182E-009  -3.0864549569710586E-008  -1.6331400347040807E-019   6.1403159632568869E-008  -7.4773673899154587E-018  -2.9314299822539302E-019   5.3125530399169316E-017  -3.0785029996008378E-018  -8.1236454644250776E-020   1.2948977204973983E-017   1.0334050775207215E-019   5.4159049927665011E-017   7.0604652597496464E-020  -7.9856084256119359E-017  -2.6037741373183299E-006  -9.2788982054225893E-017   1.1057675783344734E-018   1.5608090669482046E-015  -1.2786764076142857E-009   7.1492425559308685E-020  -5.8839639338245578E-010  -7.6226062101535808E-010   4.9323874945271170E-020   3.0084093672654760E-009  -1.3296110738612775E-019  -2.6531807790484275E-010   2.1362836028744937E-020   7.8615281252395514E-010  -1.3251308446783344E-009  -9.8212903069523652E-020   3.0900121662339527E-009   8.1250699833789495E-020  -3.4716791628620252E-009  -2.6384907430275086E-008   8.0374606056705659E-020  -5.4710284851177691E-009  -2.6666514252298445E-008   1.3615508186883570E-019   5.3051421725185188E-008  -2.5084034684345867E-018   3.5807307153105442E-019   2.4690125461056239E-017  -2.0695097549535495E-018   7.3343631918147300E-020   5.3425606258653632E-018  -2.7185147238486385E-019   2.4961361516241235E-017  -1.2687108172391447E-019  -3.6804925264585996E-017   6.2306535216265966E-006  -6.3660151445155725E-017  -4.9372863648964161E-019   1.0715090628432644E-015  -3.0282730691180217E-009  -1.5357289568008264E-019  -1.3934916843017244E-009  -1.8052521334659766E-009  -4.2455565348204687E-020   7.1247775721679147E-009   1.1116440610780253E-019  -6.2834942403098803E-010   1.3708138513456752E-019   1.8618356927713209E-009  -3.1382905215241036E-009   1.1284977882246158E-019   7.3180364427535006E-009  -9.2012361159637205E-020  -8.2219335619888103E-009  -2.3511348797570243E-007  -1.3513962219376305E-019  -4.8751832553748257E-008  -2.3762286050081371E-007  -2.8736197732753739E-019   4.7273634831909618E-007  -2.1118410042156629E-018  -3.3796992444846734E-019   1.0740589699470950E-017  -1.8531256823515816E-019  -3.0540693680498329E-020   3.0123358679926843E-018   1.6033783362222202E-019   1.0969603354267180E-017  -4.2551229788223586E-020  -1.6044622574289796E-017  -2.7880781659224390E-017   1.3392403534382745E-019   4.6970715536412529E-016   1.7715164335881186E-007   8.8580246312890627E-020   3.6733185029022920E-008   1.7904238757273972E-007   3.0843801922852912E-019  -3.5619403099446901E-007   8.6801986102383586E-007   3.4909814860865506E-004
