   5.5355549252996222E-005   2.3850027191252457E-016   4.8485812675125120E-017  -3.4900620996281018E-017   5.3253490106820561E-018   2.5771600604086659E-017  -1.4143082064897392E-017  -2.3719889224419665E-017  -2.4550185638481026E-017   3.6368740768839713E-017   1.7655952684529313E-003   2.5592698577125798E-015   1.5021589098236866E-015  -1.2222260436961755E-014   2.2110551531125395E-014  -2.7112434179425796E-017   2.5880138081671953E-018  -1.6484236058824333E-014  -2.7928008990492813E-017  -1.1871797689006593E-014   1.1176742061753985E-017  -2.0638407541296825E-018   1.8273085225241194E-017  -1.4451823245664384E-017   5.3767768433457474E-017  -3.7582713511302039E-017   5.2045902416598796E-018   8.9501422544513229E-017   4.0494637747120320E-017   1.0780366114142993E-018   4.4584234537421667E-003   8.4070771138558273E-015   3.6968603907959194E-015  -5.4333532226833623E-018  -4.2897037369798967E-018  -1.2529993909828524E-018  -4.6032297263772482E-018   7.0961584446786656E-018  -5.5353364354412637E-018   3.7595962597045017E-018   3.0827435722616300E-018  -3.4758264438631341E-019   1.5618348791962672E-018  -1.3623962798369077E-017  -4.8272603343610243E-018  -3.2488987482057724E-018  -4.1539749076811901E-018  -6.1302529759792674E-018  -3.2259231588626758E-014  -3.9748443330124055E-014   6.2913107994964393E-017  -1.1464258528055150E-018   3.5848210760614157E-014   2.4825565218338116E-017   1.9966507729201359E-014  -2.6063181414062729E-017  -1.1054792136619636E-018  -2.8607804063920472E-017   3.5169644431945016E-020   1.1708868547160855E-016  -2.8342838451475043E-017  -4.7681799888474280E-017  -5.4466440924295738E-017  -3.6568873856740992E-017  -8.3183425144111824E-017   4.0925566130300952E-003   6.6872624663831691E-015   3.3706186913869924E-015  -6.4997518182405658E-018   2.1515621095612741E-018   3.1209311442682309E-018  -6.3042475979892932E-018  -5.1001810473218121E-018  -3.8057630788542593E-018  -3.1417324608690971E-018  -6.5047231061069206E-019   4.0877737520586180E-019   8.6704817108237134E-019  -1.0893035321115463E-017   6.0480940073702268E-019  -7.8345940220531718E-018   1.1247234473737510E-018  -6.7564722807004429E-018  -1.6647722489001465E-014   4.4745624596297941E-015  -2.0565371266295027E-018   4.4736328562615496E-018  -1.7627950157015041E-015  -5.6739336524461960E-018  -3.9235261409403545E-015   1.0763998973073730E-019   2.8605016867939408E-018   3.5184283238622916E-018   5.3870004871641873E-018   9.1070884068474899E-016  -3.3898759069975744E-016  -2.7917138448473978E-016  -2.1751603430247872E-016  -1.4678955809384159E-016  -7.1292579813352117E-016   2.6490597592268932E-003   5.1694103007515908E-015   2.1505033048978200E-015   2.6109544663664020E-004  -3.8726986131666678E-015   1.9725868366942821E-015  -1.7544399764434948E-005  -3.6476672287570226E-016   1.1366255269564918E-016  -3.1804160424901571E-014  -2.2192861281531683E-015   7.5916750068494225E-015  -2.7701575909066647E-015  -2.3397868951999465E-015  -1.8084488835424918E-015  -1.2419471112037102E-015  -5.7812749696487984E-015   7.4879377553481649E-015   9.1264599028200365E-016
   2.3850027191252457E-016   5.5355549287166568E-005   2.7759625139583292E-016   3.7105023491842665E-017   7.5700493803665338E-018   8.7010226430404586E-018   1.4496746554447867E-017   1.1673188136749254E-017  -2.5566602339679460E-017  -6.4776439721640309E-018   4.1852777453717638E-015   1.7655952688357783E-003   4.0741228474305596E-015  -3.0467332816602677E-015   2.7428457691546937E-017   2.0650269421158601E-014   5.4843480441265470E-018  -5.4582936319724123E-017  -2.2728950564321873E-018   5.5308484174913609E-018  -1.3439945958069791E-014  -1.5304574084246602E-017  -1.3622437578576369E-015   2.1543125179282109E-017  -4.9720296732800837E-018  -4.6118845507528747E-018  -7.2610424234209596E-018   6.6790808153003418E-018   2.7592673525452498E-017   3.1589035693431933E-017   1.2073283204849084E-014   4.4584234554274757E-003   1.0896156303755195E-014   9.0192874012757111E-018  -4.9159891420471145E-019   1.2393217969812706E-019   4.4062294041187247E-018  -1.3575492027212812E-018   2.9469126116989449E-018  -6.9617438675590993E-020   1.9415729177069354E-018  -1.0286448849963717E-018   1.4076516502321773E-018   1.2711801302929367E-017  -2.6628694020516960E-018   4.4470166509915163E-018  -1.0844885869523138E-018   7.2008007454923458E-018  -8.0339505439505541E-015  -5.8038578326058852E-017  -3.9585058579217262E-014  -5.8331302978129300E-019   7.5477920228946799E-017   6.9058241868903780E-018  -1.5396518989433863E-017   3.1714024453744039E-014   2.0411841386656057E-017  -1.6533882950298140E-015  -7.0020960399202640E-018  -5.9771307739429966E-017   1.0559353115070912E-016   9.4539691663269164E-017   4.8220624945143274E-017  -1.3460410093682689E-016   1.1893553382848427E-016   1.0263073909883784E-014   4.0925566141240448E-003   1.0036264863408757E-014   1.1902460328257128E-018  -2.9570210005935130E-019   2.5826704125207697E-018   3.8185561798241411E-018  -1.1692145256191890E-018   2.3968105551572243E-018  -5.0457756663518861E-019   1.0040740250117995E-019   3.4277535435796962E-019   1.9345598340143733E-018   6.5436359745009099E-018  -2.2754569206912916E-018   4.0284281222928316E-018  -2.9284123747139132E-018   2.7412349316650427E-018  -3.9977787779645553E-015   2.8143108540086370E-018   3.7274402807854929E-015   6.2592767171334305E-019  -6.6216778950275727E-018   8.4311126789944736E-019  -1.5255523832880024E-018  -1.0745690112348624E-015  -4.4284837850734929E-018  -2.6100931578029668E-015   6.1654806129313808E-018  -7.0243002138290645E-016   6.5070083366416794E-016   6.3623151918071915E-016   8.8878805958438126E-017  -8.4238251555968669E-016   6.2495678546963669E-016   7.3008343047520405E-015   2.6490597602017098E-003   6.3132765619738181E-015  -7.0172385885620682E-015   2.6109544356512596E-004   5.5299437764736720E-015  -5.4152896014809911E-016  -1.7544399758712844E-005   5.2727051650108316E-015  -7.7758545360916292E-015  -2.6031276671387342E-015  -5.8556662231467621E-015   5.4446673456374042E-015   5.2974986653337923E-015   6.9420824192468405E-016  -7.0376926041864924E-015   5.1627363154882819E-015   1.1326269261944656E-014   4.1537630873185562E-015
   4.8485812675125120E-017   2.7759625139583292E-016   5.5355549438572026E-005   1.2330891101832748E-016   8.8379192658056541E-018   2.2685155796358420E-017  -5.7384885659956443E-018  -3.3023199916236162E-017  -1.5799797795530772E-017  -4.2673380718337406E-018   1.7242713592180964E-017   4.2753411061141386E-015   1.7655952712298333E-003   2.1097047279834841E-015  -3.0529697291432388E-019   2.1221365097501848E-018   1.8902383606787602E-014   1.1181095574636495E-017  -2.0274994587034448E-017   3.9220246758506196E-018   2.5630928961270354E-017  -7.7453799257151825E-015  -7.4047646825754444E-018  -6.9257140009538870E-015  -6.3488371616126574E-017  -3.4027356840786440E-017   1.0178232196496434E-017  -2.5101518703989942E-017   2.3908851743535147E-017  -6.5387252790199891E-017   1.6904253311462534E-016   1.1420290736033973E-014   4.4584234613801220E-003  -1.1513612512496867E-017   6.8807953466113937E-018  -2.8866031039962925E-018  -5.0644171841151332E-018  -1.1568414750367505E-018  -4.4273385611570965E-018  -1.2258093915991286E-018  -5.6318770479129960E-018  -6.4508664516761511E-019  -3.4914235488204951E-018   9.8687817288835990E-018  -1.6057522031719765E-018   4.0576249145642994E-018   2.5978296727240752E-019  -2.4032219939463689E-018   6.0683676235664221E-015   1.9787445861197039E-017   6.7831295447155912E-018  -3.2942301679962695E-014  -4.5154231990900315E-018   4.5791778050014754E-017   9.4337289835399695E-018   2.3554467991630978E-018   2.0878234282938826E-014   2.2743494117729123E-017   1.1163995239081493E-014   1.2655599358524505E-016  -4.3937976141897096E-017   4.0945673066016150E-017  -1.1307468908437026E-016  -6.3663991621102533E-017  -1.4611369210412277E-016   1.3271978862852023E-016   1.0512421505387507E-014   4.0925566197832731E-003  -1.4942191034839531E-017   5.6845936528942025E-018  -3.4275639065031721E-018   2.5614256130214069E-018   2.4423113822094731E-018  -2.0111367239992179E-018   8.2951549204148131E-018   9.8954511781415011E-020   4.4287874800347492E-018  -3.5408050912759294E-018   1.8781926637818056E-017   3.6126257977272113E-020   7.1892877700636219E-018  -1.7889820885612494E-018   9.9654910354933447E-018   2.7642687788082099E-015   7.4165037655159756E-018   3.8666565955752431E-020   4.4945713629674665E-015   5.6245799708595782E-018  -1.2732037553957254E-018   4.9127145332634971E-018   6.7503617440987139E-018   2.8272281650812931E-016  -1.5532180977824088E-018  -3.6743551174374446E-015   8.1295135888746422E-016  -2.8162090062825155E-016   2.0401172166769440E-016  -6.9924153595084003E-017  -3.3170491464418172E-016  -7.2929285120888254E-016   7.6010067424993578E-017   6.6296153732806815E-015   2.6490597636568826E-003   2.4107724487970738E-015   9.8178720469546963E-015   2.6109544862005883E-004  -9.6274996388012458E-017  -8.9589262207074940E-016  -1.7544399819940282E-005   5.6374534661133276E-015   6.7295240326222046E-016   6.8533542023447432E-015  -2.3314265770587490E-015   1.7264680327535637E-015  -7.6858096177149157E-016  -2.8092103477035696E-015  -6.0799033220546705E-015   7.0545422203976672E-015  -8.4038022484621800E-016
  -3.4900620996281018E-017   3.7105023491842665E-017   1.2330891101832748E-016   1.1870063462305894E-005   5.5199895551159331E-014  -2.6294449545612702E-018   3.5007607077490585E-018  -5.1092519749017422E-014   1.1143610909377047E-016  -2.5150440907549868E-015   2.7383885757623340E-015   2.1716801225513771E-015   3.3517566141818219E-015   1.1635861277699017E-003  -2.5434889443229226E-017  -3.7000320221161670E-018  -2.2326356760315762E-017   2.7197616309363226E-017   4.5899293033425877E-018   8.3006461695113367E-018  -2.9261637185473710E-018   9.1013452509475353E-018  -1.2620454141432836E-018   1.6076812506450289E-017  -1.0361821119301955E-013  -3.0434508135317269E-017   2.7263256307370754E-017   1.3234435742906469E-013  -1.5427886066747984E-016  -1.3935146800123209E-014   6.0099840130613388E-015   5.0895663426814844E-015   8.3427257252204264E-015  -3.4165594788721566E-015   1.1056227872145581E-020  -3.6809968160736220E-019   5.9455526714999544E-016   8.1239189464143831E-018  -2.0364176998747836E-016  -8.8117564652276928E-020   1.4786846644368725E-018   1.1642048172249902E-018   2.1605920165971966E-018   3.9736927743859716E-015  -3.1008066532599275E-018  -1.2621816958853443E-014  -1.8610655505990765E-018   4.6080025396321402E-015   3.2393565911021682E-003   3.0866037252259670E-017   1.6946099372788773E-017   1.9498965145226348E-017  -2.3592007805470239E-017  -1.5903823616696012E-017  -1.2519333448244271E-017  -5.6163169334918359E-018  -5.9823637048982138E-018  -1.5659014756098642E-017  -6.5353202274656674E-018   7.9277015708411764E-014  -7.2333507599403222E-016  -7.5087900001791628E-016   5.1640336690795597E-014  -1.0183623515343962E-015  -1.5593046414059931E-013   5.9776931230979307E-015   4.9285415548129452E-015   7.8415640202800760E-015  -7.2410506625243291E-015   2.7548331505304462E-019   8.7128723355380782E-019   1.2652200101954191E-014  -2.1005329345071620E-018  -3.3117856091331619E-015   1.0068226402690876E-019  -4.7732155997793419E-019  -4.0853085075108453E-019   3.5110621621694518E-018  -1.5065612775268043E-014   1.1782440320676335E-018   1.1734232491775416E-014   6.9445216268061301E-019  -5.5911835966953430E-015   1.5803879929181231E-003  -1.2929791427118396E-017  -7.2919615939320745E-019  -6.3966667914050499E-018   1.1652865523719688E-017   5.8017576326658547E-018   5.2421108568618143E-018  -2.3552333065949948E-018   4.2952006479409387E-018   9.0875484452401793E-019   2.9111845578197864E-018  -8.6257861811315166E-013  -5.2263346669164080E-015  -4.4267421453914480E-015   2.7020704085633003E-012  -7.2169979913882507E-015  -1.8416250826934345E-012   3.5117731781406183E-015   2.9880944759462241E-015   4.8720771641353783E-015  -1.4262090548719980E-015  -1.4157180606574925E-014  -1.5005683992194125E-014  -9.1497922544229178E-015  -1.2150603790601913E-015  -7.1756260906347436E-015   3.1306069207817839E-003  -1.0488168646703652E-003  -6.8378359503762423E-012  -4.3378118191955315E-014  -3.7202721791741577E-014   2.2203418377452812E-011  -5.9760544066287520E-014  -1.5364957735261528E-011   5.7433004602605004E-005  -9.5963142565721970E-006
   5.3253490106820561E-018   7.5700493803665338E-018   8.8379192658056541E-018   5.5199895551159331E-014   2.4823880319921141E-007  -2.2434299685902843E-018   2.0971116095993390E-018  -1.2411940068130602E-007  -8.9364530105959535E-018  -1.2411940251767128E-007   8.3029618123171960E-017   3.6722824729556563E-016   2.1171066188210288E-016   5.8017036989068024E-012  -2.1420307311409013E-018   2.8206078024480242E-018  -1.1175564063267841E-019   1.2792300279702194E-018   5.4322350468956191E-019   2.1751824403224883E-018   2.3082475735803666E-018   1.5487839236303972E-018   4.7147660155910346E-019   3.0809891329811524E-018  -1.1153757784312538E-007   2.8211355125202240E-018   8.5076806963269852E-019   5.5768787510154169E-008   9.9147675286376680E-018   5.5768790367250491E-008   2.1962948688176591E-016   8.5413585070263355E-016   5.3293822813040514E-016   6.5602258373536048E-017  -4.0045191830663768E-019  -1.2730403407874924E-018  -2.8549648604050044E-017  -2.9449950126934013E-019  -7.3867210931137432E-017  -7.9293738416205250E-019   3.2278665982503653E-019   3.0932071248404120E-019   7.0036252840444030E-020   1.9126954451124152E-017  -1.4694620101615651E-019   2.4113515877343597E-017   2.0837071194665922E-019   3.6905811744430739E-017   1.6113254137538960E-011   4.5237100387872397E-018   9.0025076703516496E-019   3.4050410618403309E-018  -1.8089476292404680E-018  -1.5530204379025698E-020  -2.4668836378420135E-018   5.2685050089330486E-018   1.4395995593004300E-018   2.6560893242528299E-018   3.4345606701952687E-018   1.1984933512544949E-005  -6.2956962623120796E-017   1.3761309272862367E-016  -5.9924667319101110E-006  -2.6228026155512706E-016  -5.9924667802533764E-006   2.0262591609900351E-016   8.4186797827994557E-016   4.9839163847804385E-016  -4.3864096365022713E-017  -7.6125051450417527E-019   4.8721357929719024E-019  -6.0867257922811540E-017   3.6581154547990631E-019   9.2588275176820245E-017  -6.5135769767224997E-019  -3.4746403034178947E-019  -5.5691954018942825E-019  -5.8549304995232760E-019   1.0065516094783386E-016   1.0116797082101305E-019  -1.2005940021188432E-016   1.3445765024277534E-019  -5.4065578834320045E-018   7.9365183392591959E-012  -1.7386829859338929E-018   7.7564031328782167E-019  -4.3460057147253446E-019   1.5999807348124650E-018  -7.7463046899290929E-020   1.1213620195324244E-018  -4.1593854313477180E-019   5.9883246553829797E-019   3.8617831611453848E-019   9.2815210069593128E-019   7.9393431833426430E-005  -4.2886817034072026E-016   9.1299492333578410E-016  -3.9696715770753975E-005  -1.6744878891204667E-015  -3.9696716062671520E-005   1.2733998499060971E-016   5.1894617268551384E-016   3.3052442316543172E-016  -1.8848965011995413E-015  -1.0685264675808659E-014  -3.7443136924450101E-015   1.6337068404276021E-015  -2.6643260223768706E-015  -1.1651578384067763E-016   1.5496592936289001E-011  -2.8534848259376012E-012   6.6231899861612876E-004  -3.5729548757011164E-015   7.6282494736593516E-015  -3.3115949808037277E-004  -1.4028710891290597E-014  -3.3115950053568400E-004   2.7015031734380886E-013  -1.0116749000851082E-014
   2.5771600604086659E-017   8.7010226430404586E-018   2.2685155796358420E-017  -2.6294449545612702E-018  -2.2434299685902843E-018   2.4823880286559387E-007   1.6721011409975924E-018  -2.6962455427550717E-019   3.9880315022985056E-019   1.3715475259010698E-018   8.6923591812399612E-016   1.9014882008592220E-016   7.7195316439183890E-016   9.2762754325044880E-016   8.6540853577232797E-019   3.7425074898482746E-020   2.3855995084534366E-018  -1.8664149732081280E-019   7.2442413417493558E-019  -3.0816959241212343E-019   6.8198813089808778E-019   6.7625057537228460E-019   3.1161868640806481E-019   6.4973591097809363E-019   1.4204922130241025E-019  -1.1153757745671288E-007  -2.2855611313079767E-018   1.1394237174644038E-018  -5.3165880136225181E-019  -4.9741057700126472E-018   2.1797784358022108E-015   5.1115176501080188E-016   1.9233790039854723E-015   8.4336426581956728E-019   6.8755591049963486E-017   5.9608628885365198E-019  -6.3172946417158861E-019  -5.7155318745586427E-019   4.4704052487389503E-020  -2.2758642469661020E-017  -2.2762640597746354E-019  -4.2522858084115985E-017   3.0235926582705783E-019  -1.3744285758617098E-018  -6.3460023481036304E-019  -1.5067132044652007E-019  -2.3573904070151304E-019  -4.5072783689549349E-019   2.4811443956817248E-015  -9.8026532613011377E-019   6.8425615860044041E-019   5.4363456419745612E-019   7.3526194312148275E-019  -7.1516266114467280E-019   7.2979008549936892E-019   8.3181660532070815E-019   1.6475905306379586E-018  -1.3666428036080934E-019   5.2739852550502148E-018  -5.4099091978487547E-017   1.1984933504133408E-005   2.5093988500395659E-017   1.2925020369790917E-017  -4.9356750459033056E-019   2.6135554990498359E-017   2.0084802469373037E-015   4.5005211714185291E-016   1.7842690628622290E-015   2.8960592672376621E-018  -3.9001553957364399E-017  -2.9459191735708567E-020   7.6020245764393248E-019  -5.1741241499696929E-020   9.8382298768795940E-019   2.5142625996252168E-017   3.7699229623161101E-019   6.4061203339094661E-017   1.7986893608531117E-019  -1.0627589406182417E-018  -9.9255674471624677E-019  -6.5704439743178095E-019  -1.2310291664829765E-018  -5.1582410108725779E-020   9.8946906950633464E-016   2.6958580794678084E-019   8.1814240244648787E-020   6.8824663588688965E-019  -4.1609125417052891E-020  -3.2012354574979443E-020  -1.7151484598346584E-019  -1.4898046077049617E-019   9.5639837548693537E-019   2.5969147653209109E-019   5.8798056280123550E-019  -2.8775672220994853E-016   7.9393431781047050E-005   1.5773385690046751E-016   1.1648025603529371E-016  -3.0411974852782605E-017   1.7410763471688999E-016   1.3004872118664085E-015   3.0630942713197277E-016   1.1556169410919835E-015  -2.4445885906289048E-015   3.4897395142902499E-015  -4.1519425203374429E-015   7.7663202420922652E-017  -1.4547483524300364E-015  -1.3961336621175480E-015   2.6135021467800303E-015  -8.9424504471779794E-015  -2.4117018767421691E-015   6.6231899817054140E-004   1.3287087982884350E-015   9.5241225335641463E-016  -2.4931053842173871E-016   1.4609447472713650E-015  -1.2135313819669091E-015  -5.1945631129828858E-016
  -1.4143082064897392E-017   1.4496746554447867E-017  -5.7384885659956443E-018   3.5007607077490585E-018   2.0971116095993390E-018   1.6721011409975924E-018   2.4823880404893781E-007  -2.5249401304185648E-018  -1.9169413569183480E-018   1.9465064170585072E-018  -4.2835882100304491E-016   3.9966568290310268E-016  -1.9161333203430355E-016   2.1264381024637777E-015   3.6997075831911385E-018  -3.9267095144230147E-019  -1.5565833802848443E-018  -1.7472096629991466E-018   1.8769004989554240E-019  -2.3209940668182197E-018   4.2188396948288960E-019  -6.9736034562460208E-019  -1.2944338599610448E-018  -2.3029039034543097E-018  -2.6526090343808338E-018  -1.2927063973621438E-018  -1.1153757914023795E-007   3.1462744728373744E-018   2.9470805078126517E-018  -1.1568039283052069E-018  -1.0884838403138767E-015   1.0378761449968040E-015  -4.7663592445702707E-016  -1.2957774765220832E-019   8.5418772737334413E-019   8.6175664357341232E-017  -6.1634150247585835E-020   4.3762180015401341E-019   2.8300259351521541E-019   5.3979686386365791E-019  -1.1622091075187709E-018  -3.2387784973226914E-019  -8.0096156280382459E-017   3.5609393580738588E-019   2.4302016836294659E-019  -3.1297509953383515E-019   2.8903338917901051E-019   2.0525259239049947E-019   5.7024974482659271E-015  -3.0853996977015799E-018  -7.9660595271446715E-020  -1.1392784153849363E-018   2.5715321040525113E-018  -8.7874354728283971E-020   2.6368873831828322E-018  -1.2951261112319138E-018  -1.8413435163635458E-018   7.3024548378097174E-019  -3.4264767692611915E-018  -4.3332760375208515E-017   5.7087033674848129E-017   1.1984933534689590E-005  -1.8448336382138914E-017  -5.5417723197187176E-017   3.4250604559585740E-017  -9.9209916814746670E-016   9.2485848958021820E-016  -4.5099843875852287E-016   7.5814291302804450E-019  -3.2986118964778667E-019  -8.2854721642690798E-017   7.3660208829417133E-019   5.8051389758938815E-020   6.9718424960138616E-019  -9.6961719934628015E-020  -9.8618408282259379E-018   2.6391477033994482E-019   1.0564559937460830E-016   7.1523950003840981E-019   6.8661390853173375E-020   1.1137520111597060E-018   2.1612405871100449E-019   1.4513426934198817E-018   3.0750124527528325E-015   1.2920912485988637E-018   3.1724538605226915E-019  -2.6129232742511029E-019  -8.8530694677635463E-019  -9.8935464910102522E-020  -6.5588575303598708E-019   5.7776239924264798E-019  -7.7379144688416964E-021   3.6222026949286041E-019  -7.3100674335346246E-020  -2.4535055233523332E-016   3.7439664716233390E-016   7.9393431968737192E-005  -5.4646628501653911E-017  -3.3888322827822056E-016   3.0081116201609052E-016  -6.5024042007945823E-016   6.2918619672664334E-016  -2.8601143591598276E-016   1.4532332628382195E-015  -1.5589374358006655E-015  -2.7697356947593354E-015  -8.7618652995900041E-016  -3.6099397399765479E-017   2.8471691576196468E-016   5.6424315435181084E-015   4.9249036451770576E-015  -2.0313384295156799E-015   3.1327833431180782E-015   6.6231899974960955E-004  -4.5984105970620256E-016  -2.8440556882921657E-015   2.4903370281025236E-015  -8.1787862037646645E-016   4.5494483705263813E-016
  -2.3719889224419665E-017   1.1673188136749254E-017  -3.3023199916236162E-017  -5.1092519749017422E-014  -1.2411940068130602E-007  -2.6962455427550717E-019  -2.5249401304185648E-018   2.4823880310106146E-007   2.0239009543812450E-018  -1.2411940242109531E-007  -7.4044432524687803E-016   3.6610360159248270E-016  -1.0627536335597164E-015  -6.2472201490615610E-012   2.2577442736286147E-019  -2.1273277511786073E-018   1.6369443869277455E-019   2.4985191657499209E-019  -8.9664847168567988E-020  -4.2303604116443555E-019  -1.1275841234594501E-018  -9.0403043614063169E-019   5.9603245071424439E-020  -1.6700055211139817E-018   5.5768787497641077E-008   1.4271890759735323E-018   1.5290459229080983E-019  -1.1153757765801788E-007  -3.7025073967143996E-018   5.5768790177192126E-008  -1.8680355208104886E-015   9.3479367935928488E-016  -2.6741891324208480E-015   2.3635409419654517E-017  -2.5053663879399797E-019   8.9397984606864862E-019   2.4587062367367629E-018   6.0902877008765994E-019  -5.0668276183177104E-017   2.5801558827685135E-019  -3.1902101635947425E-019  -3.0459143412673702E-019   8.8731262238743805E-020   5.6967621138735583E-017   7.7372681104399444E-019  -1.0858474855988424E-016   2.8596732398797965E-019   6.9345912766988104E-017  -1.7218181616634554E-011  -5.9508901721884648E-019  -2.6459141230564377E-019  -2.0341764065249353E-018  -1.8780751965448570E-019  -1.6352166474225511E-019   1.9572705093649795E-019  -4.1392200454392831E-018  -7.2115436434287907E-019  -2.7742425734143701E-018  -1.1554603740519550E-018  -5.9924667321408453E-006  -3.1555749487031126E-017  -1.1454496219798966E-016   1.1984933509862194E-005   2.3454440436517684E-018  -5.9924667778315635E-006  -1.7155327318044525E-015   8.4676442827155820E-016  -2.4617973848834939E-015  -5.4318728811354010E-017  -2.7964105312738207E-019   4.9143509483450040E-019  -1.7892055649853507E-018   5.3573519154360531E-019   1.0622940210872633E-016  -7.3252795758027378E-019   6.9178493899586823E-019   1.0777137705649254E-019   9.3563030856445941E-019  -1.3725854947293003E-016   2.0646217737883478E-018   2.4572698503377276E-016   1.9958674628566622E-018  -2.3166481772792684E-016  -8.6835464298844600E-012   2.5344675424537098E-019  -1.0672431023196293E-018   5.7906372499165719E-019  -1.8808790107996956E-019   1.6443385218792687E-019  -3.8767829948314397E-019  -1.3998510290055573E-019  -1.1061978547954006E-019  -3.4940351461372220E-019  -1.6122638564175486E-019  -3.9696715771345800E-005  -1.9888144110603720E-016  -7.5280844798850082E-016   7.9393431818661697E-005   4.2349921660337336E-017  -3.9696716047350930E-005  -1.1120427425091073E-015   5.4930606167537447E-016  -1.6005129694028312E-015   1.4223492937633819E-015  -6.6668216133441307E-016   4.2984272653531995E-015   3.0720497579154618E-015  -2.7453901125161340E-015   6.0988390742957203E-016  -1.6604760387329071E-011  -1.5311015208437727E-012  -3.3115949808520489E-004  -1.6726572028491115E-015  -6.2773598825490272E-015   6.6231899848462090E-004   3.3873715419906388E-016  -3.3115950039955050E-004   1.1077865966537304E-013   1.0478787654265720E-014
  -2.4550185638481026E-017  -2.5566602339679460E-017  -1.5799797795530772E-017   1.1143610909377047E-016  -8.9364530105959535E-018   3.9880315022985056E-019  -1.9169413569183480E-018   2.0239009543812450E-018   2.4823880367448948E-007   4.3064818668716900E-018  -7.8490131014302842E-016  -7.3323193824712546E-016  -4.7738543576925415E-016   1.3853568597458235E-014   1.4242169607714857E-018  -2.4071509835983093E-020  -9.2641708224263851E-019  -4.2024088919643297E-019  -2.2737786325552320E-019  -1.2824574342024618E-018   2.0699347669538477E-018  -5.2378668806576523E-019   1.1748055694019206E-018   1.8790344592401135E-018   6.1738222044247874E-018  -1.9299952620322752E-018   3.1933920643297190E-018  -3.8431618486672502E-018  -1.1153757839661555E-007  -9.5972716258589439E-018  -1.9749364475814759E-015  -1.8764240602369879E-015  -1.2039629180580692E-015  -3.9867797734747262E-019   7.5762885399584007E-019  -1.0868999514424183E-019   7.4779458530025602E-019   5.3771959265607902E-017   3.1598313787553954E-019   8.6184367560086528E-020   7.7845434158202682E-019   5.2849065728456634E-019   4.6978759915117889E-019  -2.9029474439519213E-020   3.0183544409552552E-017  -9.7774801041745875E-019  -4.4240720332605499E-017   1.7040040312191350E-018   3.8038700432469245E-014  -1.6954590212618469E-018   1.4524368833189906E-018   1.0834064452397610E-018   7.6033362640042972E-019  -8.5972465816769933E-020   2.1663831036717420E-018   3.6106680304919317E-019   8.3815532412803551E-019   5.5716224140925346E-019  -1.5076631379349170E-018  -1.7346289343776913E-016   2.4193894096806636E-017  -4.6277681779937961E-017   1.0116437689680745E-016   1.1984933524322544E-005   9.7581089173204032E-017  -1.8152494444460238E-015  -1.6977011518812601E-015  -1.1065778836540947E-015  -2.1869852524105485E-018   2.5506250167368970E-019   6.1382270606743257E-019  -1.5700686969226883E-018  -3.5390229775008558E-017  -6.5834913157903658E-019   3.1000764710275433E-019  -2.2359590578573676E-019   1.0880489862011071E-020   5.9797281446921397E-019  -1.3011945921160242E-018  -1.9790316156993431E-017   8.2202548797665067E-019   1.0451328967599349E-016   7.1590247837913728E-020   1.9128495350349690E-014   9.7520538565503880E-019  -1.2103038955165233E-018  -5.9431362147195767E-019  -3.8932876689487935E-019   1.7199276831835284E-019  -7.8161761557997861E-019  -2.6073612002687614E-019  -4.5811801861859828E-019  -1.0067776680768327E-018   1.0528257121770964E-019  -1.1697864909838628E-015   1.5717392067766505E-016  -2.7011093749664379E-016   6.0892233300894635E-016   7.9393431909953281E-005   5.6426916668381911E-016  -1.1823851122934539E-015  -1.1206264748702607E-015  -7.1504385748456542E-016   3.7278150192887251E-015   1.3164847422328544E-015   1.5182816221618279E-015   6.8831151815079039E-016  -2.9440797764766777E-015  -1.4173158463605396E-015   3.7051744586180027E-014  -8.3301408360212029E-016  -9.8195005437448704E-015   1.3138228948798726E-015  -2.2700678134882552E-015   5.0600147773843288E-015   6.6231899924976525E-004   4.7594814451723854E-015  -1.2640739751101563E-015   1.3984150654087529E-015
   3.6368740768839713E-017  -6.4776439721640309E-018  -4.2673380718337406E-018  -2.5150440907549868E-015  -1.2411940251767128E-007   1.3715475259010698E-018   1.9465064170585072E-018  -1.2411940242109531E-007   4.3064818668716900E-018   2.4823880493987237E-007   1.2348179521841975E-015  -2.7227199362181436E-016  -3.4385959950360160E-017   6.2309522393630401E-013   1.9162563097502630E-018  -6.9328004847716118E-019  -5.1938810651628169E-020  -1.5290819477232505E-018  -4.5355865673801095E-019  -1.7521464038355242E-018  -1.1806634476322127E-018  -6.4475347978943946E-019  -5.3107985279670749E-019  -1.4109836078195033E-018   5.5768790345379094E-008  -3.7354276374484770E-018  -1.6860384014780489E-018   5.5768790148465758E-008  -5.0413120379706755E-018  -1.1153758054493947E-007   3.1044029660947287E-015  -6.5513313767956898E-016  -1.0696538650784886E-016  -8.9237668420775148E-017   6.5098855679385470E-019   3.7906049500822666E-019   2.6090942415409125E-017  -3.1452926829517223E-019   1.2453548708253914E-016   5.3492179594253970E-019  -3.7656433749364937E-021  -4.7292780075683439E-021  -1.5876751538137696E-019  -7.6094575048840619E-017  -6.2678061076082544E-019   8.4471230687449244E-017  -4.9433803578210924E-019  -1.0625172389546610E-016   1.5932486242683900E-012  -3.9286210337868284E-018  -6.3565936009658383E-019  -1.3708646361711603E-018   1.9967551593080255E-018   1.7905186665987275E-019   2.2711565938727467E-018  -1.1292849630263902E-018  -7.1844520898181033E-019   1.1815325331184647E-019  -2.2791003000187629E-018  -5.9924667803927997E-006   3.9400919105003842E-017   5.0253418912198157E-017  -5.9924667780167715E-006   1.3411412527392790E-016   1.1984933558138327E-005   2.8520618194513371E-015  -6.3324102581989827E-016  -9.3665025633243471E-017   9.8182823980603884E-017   1.0408915678564098E-018  -9.7864867456790462E-019   6.2656465570673380E-017  -9.0154673696486999E-019  -1.9881767791538755E-016   1.3838856551180537E-018  -3.4432090870957910E-019   4.4914816277051915E-019  -3.5013725767217212E-019   3.6603386068991015E-017  -2.1657897442716096E-018  -1.2566758303190078E-016  -2.1303251141042043E-018   2.3707137476234360E-016   1.0001351415497228E-012   1.4852362326616029E-018   2.9160279221590011E-019  -1.4446315610854664E-019  -1.4118928335607127E-018  -8.6970804395047273E-020  -7.3368372166442100E-019   5.5592364336455485E-019  -4.8821268004878957E-019  -3.6774801533374929E-020  -7.6692571275754577E-019  -3.9696716062005759E-005   2.6266503518065323E-016   3.2552747498185920E-016  -3.9696716048336253E-005   7.9864677830394004E-016   7.9393432110376103E-005   1.8505202945238573E-015  -3.8081922255644279E-016  -6.0339228753041787E-017   4.0117102717811278E-016  -9.3490208332022077E-016  -5.4059073835301170E-015   6.8527032849581364E-015  -5.2858680016815410E-015   4.5524517965394539E-016   1.5833761519186483E-012   4.6089975880412403E-012  -3.3115950053029926E-004   2.1999892062047541E-015   2.7010523713259809E-015  -3.3115950040782301E-004   6.7367908308434669E-015   6.6231900093818483E-004  -3.3333920769377506E-013   8.4142736663758684E-015
   1.7655952684529313E-003   4.1852777453717638E-015   1.7242713592180964E-017   2.7383885757623340E-015   8.3029618123171960E-017   8.6923591812399612E-016  -4.2835882100304491E-016  -7.4044432524687803E-016  -7.8490131014302842E-016   1.2348179521841975E-015   5.6357449409502443E-002  -2.9615892613232554E-014  -1.6602437587205643E-016   1.2197559489996829E-014   7.0458615972053091E-013  -8.6730480817960311E-016   9.3534375692136699E-017  -5.2246337036690838E-013  -9.0642293129104178E-016  -3.8122735704579467E-013   3.4339134921714656E-016  -6.2945239823895023E-017   5.9832042771217602E-016  -4.6415966206598135E-016   1.7586470153939323E-015  -1.2490749819911089E-015   1.5945957229123024E-016   2.9098623670872237E-015   1.3240723311361705E-015   4.5057877408121628E-017  0.14228798827726377       -1.1833351739040005E-014  -3.8731989239690417E-015  -1.7503204314262136E-016  -1.4377918183739036E-016  -4.0351075767482543E-017  -1.5996007213901382E-016   2.3263685577991522E-016  -1.9336390302471915E-016   1.3202924978278627E-016   9.6921693004900151E-017  -6.8949291508316579E-018   4.8471290469432720E-017  -4.1603381442598894E-016  -1.5852975409761639E-016  -1.3393830868283248E-016  -1.4561735239974009E-016  -1.7788300117980022E-016   8.4027627858652945E-014  -1.2680838586917285E-012   1.9904088982043445E-015  -3.3039960265079929E-017   1.1399791292801161E-012   8.1607553060556213E-016   6.4016188315907989E-013  -8.0370898457744467E-016  -2.5708342809894324E-017  -9.3734636353458398E-016   2.4446412184879272E-017  -8.3839489307168780E-016   8.1716970327640940E-016  -6.6185107958409897E-017  -7.0678061205470154E-016  -4.1593881923021555E-016   9.0122041571760606E-016  0.13062431261583884       -4.4344090332661639E-014  -4.0522663969061070E-015  -2.1214206684584045E-016   7.8128347929246941E-017   9.7568210956642538E-017  -2.1347119338937103E-016  -1.6954984711586994E-016  -1.3167141288878679E-016  -1.0210946789994679E-016  -1.7203263439614208E-017   1.3292903910925813E-017   2.6790708588384367E-017  -3.6728889829606340E-016   1.4580994394271595E-017  -2.2114374438278354E-016   3.6901629181418035E-017  -2.3799700671858635E-016   2.8689390133558466E-014   1.4435536724119364E-013  -6.8841339309661122E-017   1.4940394475574567E-016  -5.7965799000232616E-014  -1.8576964790172416E-016  -1.2574849769886079E-013  -2.8643907128514363E-018   9.5303445741356267E-017   1.2365662793342100E-016   1.7897149425383610E-016  -1.7156838595032902E-015   4.7339400818825043E-016   6.9128973888133132E-016   2.1389040071516317E-016   3.5061693762466993E-016   8.5436668631169328E-016   8.4553889384436795E-002  -1.4773598738037226E-015  -3.7430997003452573E-015  -9.0114784213322691E-004   3.2893255118440731E-014  -8.1635390931407316E-015   3.3324383359653790E-005   3.4746262331996921E-015   1.6261761748349886E-016   6.4783779716205324E-014  -7.2327126833307871E-016  -1.4144719171907913E-014   5.9011499901933412E-015   5.5120217578065885E-015   1.7676407791393834E-015   2.3345624448366014E-015   1.2439099856820966E-014  -1.0536187989282924E-014  -9.4758015094971936E-017
   2.5592698577125798E-015   1.7655952688357783E-003   4.2753411061141386E-015   2.1716801225513771E-015   3.6722824729556563E-016   1.9014882008592220E-016   3.9966568290310268E-016   3.6610360159248270E-016  -7.3323193824712546E-016  -2.7227199362181436E-016  -2.9615892613232554E-014   5.6357449398071628E-002  -1.3823098668190393E-014   3.2647413336008038E-015   8.7963117490208485E-016   6.5690449092850493E-013   1.8763544225233908E-016  -1.7431569182664057E-015  -7.2854430811164228E-017   1.7541788848227588E-016  -4.2447785209189029E-013  -4.8812771206792010E-016  -4.7483893584898094E-014   7.0794499463203909E-016  -1.0197500259990120E-016  -8.9637022894784658E-017  -2.0933789559931590E-016   4.0707446213703194E-016   8.4540768820516512E-016   1.2300652378765907E-015  -2.5753632580979156E-014  0.14228798827188657       -1.6591652049124323E-014   2.3386777756614495E-016  -1.8617834817462652E-017   2.9146192111133294E-018   1.0620619309015161E-016  -4.0247445313032227E-017   5.9164038540153480E-017  -1.4714805504982763E-018   6.6537878083048283E-017  -3.5213201991652818E-017   5.1567197127892855E-017   3.3932094633782895E-016  -8.8161767291564548E-017   1.0129263811929119E-016  -3.8091488224157070E-017   1.5520016570890458E-016   2.5006961869922778E-014  -1.8518796131014000E-015  -1.2613530241526391E-012  -6.0302470701111437E-018   2.4072076387157829E-015   2.2212104817249323E-016  -4.8544808839861135E-016   1.0068398968539550E-012   6.7672743197015262E-016  -4.8103927444609085E-014  -1.8025061016465993E-016   1.4959911642748977E-015  -6.9309789927256300E-017  -3.9365261539526134E-016   7.6065174255230121E-016   5.4910153654125480E-017   1.5523637024898856E-016  -5.0427017730270552E-014  0.13062431259602550       -1.3364012045850774E-014   1.9088295746979021E-017  -9.6797626804020941E-018   9.2198479308941788E-017   1.0860559283205418E-016  -4.1316051983570459E-017   5.7163206367483591E-017  -1.7829957366287457E-017   3.1219628896878623E-018   1.3284621220047500E-017   6.4870481506881985E-017   1.7850254182848603E-016  -7.2888788580631769E-017   1.0838790408510791E-016  -1.0166995934265933E-016   4.9529480121503736E-017   1.4281033822850729E-014   9.1235434690081696E-017   1.2047261827446353E-013   2.5505626302016418E-017  -2.1298814209236121E-016   3.1651972321304087E-017  -4.8679533296613418E-017  -3.5861072304584024E-014  -1.3072796329207382E-016  -8.2816594991968003E-014   1.9981591073086566E-016   2.1756659348385644E-015  -1.9548646833173774E-015  -2.1796344684733248E-015  -2.4085556752300895E-018   1.8311292018759029E-015  -1.9703851611410894E-015  -1.1426098850366475E-014   8.4553889380399705E-002  -1.4901673983463528E-014   3.7508855914641388E-014  -9.0114782526938433E-004  -2.3661845004189371E-014   2.2179286663820239E-015   3.3324383898258040E-005  -1.9264004944637438E-014   2.2940384713287070E-014  -2.0704374194755979E-015   1.8828795729766839E-014  -1.5814954743056680E-014  -1.8565701090573864E-014  -1.1552786527531291E-015   1.5006642374633681E-014  -1.7628704502996888E-014  -3.3628111499138173E-014  -1.3473199543643374E-014
