   9.7680276325533208E-003  -1.0657620293773435E-016  -2.5676614998968712E-010   1.2682458578926765E-010   3.9317777222697625E-010   2.9154994360124577E-017  -2.7468050316072157E-010   1.6543363680227136E-010   1.1803183306596315E-017  -5.5861142832820590E-010   2.7769673775713783E-002   9.1889412190688386E-017  -4.4870345549445853E-010  -7.8182666492759575E-010   1.5477750023656785E-011   8.5844066440051787E-018  -1.3376922406063464E-011   8.2194316508116790E-012   5.1561156777184535E-018  -2.8985475644779365E-011   1.1022364118804535E-017  -2.5410772845569189E-011   6.6878226214578218E-018   2.8910782906777766E-011  -1.2227484859744230E-010  -1.4854650887339954E-017   5.6259299892232808E-011  -6.4904886295905285E-011  -3.3888081530362330E-018   1.8717915684940284E-010   3.2171945123637469E-002  -7.9694943804367114E-017  -3.3486751741496103E-010  -2.4025241288089394E-009   4.8219022802035174E-012   2.1032620290701055E-018  -4.5108006961016966E-012   1.4441382871047381E-012  -3.1850708360540260E-018  -9.9139343091239371E-012   2.1453543984713436E-018  -4.4865088822486586E-012  -1.0027685966528601E-017   7.8548472973967243E-012  -1.4536895225135855E-012   3.3047923762758415E-018   1.1097460228949636E-012   1.5999456245112324E-019   5.0121774345286189E-012   5.2333773023048302E-012   4.8309195184830248E-018  -8.5277195965289233E-013   3.1078585633721226E-012  -1.1230884553676650E-018  -1.0128318680373607E-011   2.9860799043900241E-017  -6.5619739061286611E-012   5.4277871759745886E-018   5.5271032367887365E-012  -1.5535400601257033E-011   7.2097689328801871E-018  -4.0663670536382813E-012  -1.3420533911700882E-011   5.0293071541361034E-018   2.8955952946220416E-011  -1.1970602558342964E-009   2.2965880134553418E-002   4.4105334975006094E-017  -2.5866923710219516E-010  -3.0606373364305789E-013  -9.3023468083073897E-019   4.0760247684024484E-013  -7.4772420350320228E-014   7.6143012469096603E-019   6.1276764382252469E-013  -1.4287635129339297E-018   3.5847818099969134E-013   3.1621296722780617E-018  -6.7483350211847030E-013   1.6014253649040727E-013  -1.3979143287728049E-018  -2.0646630761854282E-013  -7.7223846070919007E-019  -2.3120042321042373E-013   9.2648275932750960E-013  -1.1157527847394460E-018  -1.3791418531412561E-012   4.4028786126857547E-013  -5.7467687677189921E-019  -1.6842526720047753E-012  -2.5270365029281785E-018  -1.8413967999835880E-012   4.6086143695401970E-019   2.4005483739396750E-012  -2.3523196294470902E-012   1.6815325801159699E-018  -1.1854956182719308E-011  -7.2180189743967638E-012  -1.2390214562221518E-018   9.5704480306617944E-012   1.1582704994080322E-002  -2.1467266851649057E-018  -1.1758015724484999E-010  -1.3749424787004003E-009   7.8360863027884806E-012
  -1.0657620293773435E-016   9.7680275500200003E-003  -5.9819365453151651E-017  -1.4186484901590038E-016   1.3003746134629756E-017   1.7468162240787410E-010   1.4990524907410732E-017   1.5533943669755292E-017  -5.4342625336119103E-010   9.4386779491363185E-018  -3.0888239070474118E-016   2.7769673631479478E-002   4.7478891994644854E-016  -2.0790519234704188E-016  -1.2041550941871119E-017   2.8221635739291597E-014  -5.8333554121641375E-017  -3.1963766736749148E-018   8.6139281606477447E-014  -9.9395086207569753E-018   1.1649605388727440E-013  -6.1565466550453241E-017  -1.7987593501344213E-013  -1.4090477295594081E-016  -9.1254799237581789E-017  -4.8160790278878562E-011  -3.0517382957310972E-017  -3.3757378642850850E-017   1.4982599166805894E-010  -3.1593145025982958E-017  -2.8079091634770023E-016   3.2171945016001326E-002   3.1733091723950541E-016  -1.1908585469357584E-015   5.8482357950293401E-017   2.1112825519473356E-012   1.1060811259096882E-017   2.7663171722813652E-017  -1.2946676818887329E-012   2.4662405258820352E-017   2.7016347928149073E-012   2.6773581024078471E-018  -6.4572060154763189E-012   1.2607512704073804E-017   1.6586064675079525E-017  -8.4046536925244888E-012   1.1748367681952109E-017   9.3696509186886962E-012   7.0391618952627577E-018  -4.6923290768416853E-017   5.3118936940686322E-013  -4.1682186231684543E-017  -2.2505456820339846E-017   1.6794521904895668E-012  -1.9029595746089890E-017   2.2334185059179837E-012  -4.3783361600135535E-017  -3.5259772294233725E-012  -7.1854091399959329E-017  -1.2094004333262747E-016  -3.7489183804675508E-012  -2.9091460272366323E-017   8.7414931215687006E-018   1.1662606189915567E-011   4.3109528135524561E-017  -5.7232240313623137E-016  -1.7910014386042395E-016   2.2965880051406238E-002   8.9420226610768725E-017   8.8142197230523068E-017  -1.3875848288954552E-013   1.3553524033514793E-017   2.6356459651473506E-017   8.5096055849961598E-014   2.0462014277886149E-017  -1.7756016960572836E-013   6.5939763351442460E-018   4.2442108781160712E-013   1.2405732036554372E-017   1.1329361191097477E-017   5.5242069488411569E-013  -3.3191450689256757E-018  -6.1583971646808755E-013  -1.1835794748512686E-017  -4.8564613546800637E-017  -8.0121076424311342E-014   2.5943279279202237E-018  -2.2139385319740092E-017  -2.5479692205631974E-013  -2.2160329091440143E-017  -3.3785395290910044E-013   2.2289924398213341E-018   5.3541539013874010E-013   1.4665166446267598E-018   3.8266616410302862E-017   1.8076605964915344E-012   6.0838814099918753E-018   1.6192203125973928E-017  -5.6235311944546291E-012   6.9586393854417357E-018  -1.5125230813406596E-016   1.1582704956286924E-002   6.9459967082556125E-017  -6.7324479116123194E-016  -2.2122889614398602E-015
  -2.5676614998968712E-010  -5.9819365453151651E-017   9.7680283488064002E-003  -3.9454726765765977E-010  -2.8191534023077069E-010  -1.3067973393396400E-017  -6.6137355205391682E-010  -5.1465603750337607E-010  -1.0481052207581838E-017   7.9657178586452354E-010  -4.4870292644673704E-010  -4.3822510871933763E-016   2.7769675027374451E-002   2.4322263788391037E-009  -4.7962044540346390E-011  -3.1693001933515891E-018   4.2106834596881263E-011  -2.5410809529530653E-011   7.4563953867466970E-018   8.9758583700675330E-011   6.9573030647708244E-018   7.9103575354965476E-011  -2.4966928558709890E-017  -9.0343348101766766E-011   1.2088472667835702E-010   2.9135575181701216E-017   2.4292076453654225E-010   2.0191575163522730E-010   4.0832561353468263E-017  -3.2279930812379280E-010  -3.3486654503923542E-010  -2.9333351288439583E-016   3.2171946057755953E-002   7.4741339148047522E-009   2.3769674998116422E-012  -1.0127080125000341E-017   7.1380481782134174E-012   2.0176595568642083E-012  -1.0714224214916011E-017  -6.1941196454342709E-012  -3.5998035389719741E-018   3.4724469067101187E-012  -4.5650956627114529E-018  -9.7262924052053090E-012   4.5223413094237782E-012  -1.3755577920605109E-017  -9.9624598507147457E-012  -1.7715351231688828E-017   9.1970616395301808E-012  -1.2586101329141047E-011  -3.4786511918665281E-018   1.2233551316083319E-011  -6.5621186914131693E-012  -3.4399916744413810E-018   2.3448108046377675E-011  -1.1758933048928450E-017   2.1412641446670658E-011   2.2357689163417214E-018  -2.5078866935598688E-011   2.8129260854312990E-011  -1.7336200209363911E-017   4.5183405085047732E-011   4.1750486268962320E-011   5.9106624742835503E-017  -6.9880502333638002E-011   3.7239958710438457E-009  -2.5866897987912033E-010  -3.0712732738925365E-016   2.2965880856114663E-002  -1.8983189210317871E-013   5.1955511054510234E-018  -8.1492088143733069E-013  -1.9523613658672977E-013  -8.3722217905452139E-018   5.2803921977092232E-013   2.6402391775173382E-018  -4.2609922697783315E-013   2.0841006885079477E-018   1.1324726876345987E-012  -4.9811034102646732E-013  -2.2647521907601210E-017   1.0701730541894527E-012  -2.0528368397437479E-017  -9.1006320695718257E-013  -3.4440495062563953E-012   3.9743055140494634E-018   2.8369115525997418E-012  -1.8414183823760728E-012   1.0920704370713287E-019   6.4621165671100128E-012   3.6477051231928701E-018   5.5769705733627932E-012   1.3781589596003784E-018  -6.2718062108946201E-012   1.7058222644598967E-011   2.0559529902788427E-018   2.1193280356638259E-011   2.2454892497355495E-011  -1.0296300549225836E-017  -3.9513483951754958E-011  -1.1758001615428633E-010  -1.3529530939889618E-016   1.1582705322072066E-002   4.2773787146492205E-009  -2.4373282081773612E-011
   1.2682458578926765E-010  -1.4186484901590038E-016  -3.9454726765765977E-010   2.9093938411703529E-005  -4.2207016231034272E-012   2.9953854351824254E-019  -5.9241732405333816E-012  -5.8699254164256408E-012  -3.2465357902657705E-018   1.0090848371777447E-011   4.2489927725877680E-010  -3.7497187950950415E-016  -1.3218470973773038E-009   1.8283955998344775E-003   5.8898701205685474E-012  -2.8942652789392214E-018  -5.1632206537167748E-012   3.1212045564215080E-012   1.3644432606668698E-018  -1.1023293159229171E-011  -2.9812669987191692E-018  -9.7099107313164455E-012  -6.0264134049304597E-019   1.1085777928040291E-011   7.5181403130822001E-013   3.0630954607128971E-018   1.0546002496233108E-012   1.0454426005202957E-012   2.3435894540947095E-018  -1.7961117103534416E-012   4.5985054255158713E-010  -4.5420657967037936E-016  -1.4305797815181404E-009   4.5757582569049557E-003  -1.5253879507095901E-013   5.0267449150766782E-019  -1.5796322770784774E-012  -2.8607052408333566E-013  -1.9803961985303491E-019   5.5274880418363211E-013   7.6145085691218428E-019  -9.0396383108448260E-013   1.1889640920893601E-018   2.2534073362343449E-012  -9.1801319662490062E-013   3.0195412406959279E-019   1.8979906588741613E-012   1.4941202282409547E-019  -1.3956392509878708E-012  -2.0324239763200496E-012  -4.6878800882543881E-019   1.7816798111418579E-012  -1.0770386508084308E-012  -6.3184193084778156E-019   3.8038330158574135E-012  -4.2594805049794496E-019   3.3506167847724130E-012   6.2904700242221923E-019  -3.8254012492155106E-012  -6.0471767332021241E-012  -2.6909078539087516E-018  -8.4884683487342771E-012  -8.4116913241511621E-012  -1.1317123758449030E-018   1.4458668420926758E-011   2.3091780161711094E-003   3.1070854130119787E-010  -3.1807735933626374E-016  -9.6660408049464463E-010  -3.0009918222996664E-014   1.0380220669746218E-018  -3.0474655768000623E-013  -5.5191631082281783E-014   3.9663262539158179E-019   1.0647956164446951E-013   6.0820992405455009E-019  -1.7439521107378586E-013   9.1967527007851392E-019   4.3473388356507631E-013  -1.7679120126259256E-013  -4.9336288420127353E-019   3.6617569799335036E-013   4.4696029224351020E-019  -2.6942608495386452E-013  -1.0490311201354889E-013  -3.1489529633432012E-019   9.1957648145476188E-014  -5.5590666362924282E-014   3.7409271832228196E-020   1.9632853642629331E-013  -5.4314690209847927E-019   1.7293637937814465E-013  -1.0116681783156280E-018  -1.9745782797574121E-013  -1.1338120644794167E-012   1.3892217578058159E-018  -1.5910468013614920E-012  -1.5764348377357117E-012   2.3377331060827649E-019   2.7099101405397831E-012   1.5826078556488447E-010  -1.6072491343872178E-016  -4.9234414686943246E-010   2.7061392282081462E-003  -5.5859300845135964E-004
   3.9317777222697625E-010   1.3003746134629756E-017  -2.8191534023077069E-010  -4.2207016231034272E-012   2.4578545713218519E-017   1.7327797160026550E-024   8.8964937252325424E-018   2.2369409945714462E-017   5.4279017639928113E-025  -4.6948000984028680E-017   1.1177710291518961E-009   3.6968566141203082E-017  -8.0146132955978169E-010  -2.6697692011341863E-010   1.1473186941539008E-018   7.5646862129213599E-025  -9.9986029668151633E-019   6.0853239370300167E-019  -1.9633423243502306E-025  -2.1478391876256637E-018   6.7200897326522735E-025  -1.8881906840410417E-018   1.0790856445020865E-024   2.1525867816829615E-018  -8.5208556847296243E-018  -2.0215368285036484E-024  -4.9010761382958888E-018  -8.5933270714581742E-018  -1.5130787271100983E-024   1.7113956107874186E-017   1.2949690545162749E-009   4.2829109578932430E-017  -9.2851539810152319E-010  -6.6759984824344134E-010   1.4776235478093659E-019   3.4827554130188002E-025  -1.5691533836902466E-019   4.1670702536021099E-020   1.9999211654792593E-025  -3.0099531506931882E-019   9.6235943593804473E-026  -1.4880760850393409E-019  -4.7113646283940665E-025   2.6783098320573712E-019  -5.4980537917807046E-020   4.7303760496927657E-025   5.5046232479956417E-020   5.2204025195458195E-025   1.4010753226000809E-019   8.7093003375750643E-019   3.9670960260283696E-025  -6.4778399189034123E-019   4.7189049891136780E-019   1.4338972615234213E-025  -1.6403321922669998E-018   1.4397394605540634E-024  -1.3717999405300358E-018   2.0376444437902221E-026   1.5053438305295919E-018  -5.5369475924158837E-019   1.1479713303161092E-024  -2.2758811486695193E-019  -5.1624517368602826E-019  -1.3001628261627784E-024   1.0699956355808189E-018  -3.3831359211004712E-010   9.2441113121158601E-010   3.0573481564406299E-017  -6.6281891218666528E-010  -2.4471139937410477E-021  -3.4698749664111578E-025   8.4535346415526255E-020   1.0704554212083544E-020   2.2316504182477869E-025  -6.1611199996762671E-021  -2.1633388831072516E-025   5.2255179329650360E-020  -6.9927942451329604E-027  -1.2348441802448757E-019   4.6701855329208420E-020   6.6101871870007785E-025  -9.2797758923938581E-020   4.8967968065092114E-025   5.6398912734350503E-020   1.5248792137306224E-019  -1.6009354946198255E-025  -1.5123605970719334E-019   7.9238592200837578E-020  -2.9764228006154460E-026  -2.8386105571275072E-019  -1.2936583763699078E-025  -2.6111760899633559E-019   9.3075910877455543E-026   3.0737042773605074E-019  -4.2488250914474170E-019  -2.0019110453916573E-025  -8.6134486204313840E-019  -7.1320049751754846E-019   1.9387403230704872E-025   1.1381520505188775E-018   4.6622125296897037E-010   1.5419552192030219E-017  -3.3428877212785170E-010  -3.9502070825320817E-010  -6.2616506643207114E-012
   2.9154994360124577E-017   1.7468162240787410E-010  -1.3067973393396400E-017   2.9953854351824254E-019   1.7327797160026550E-024   3.1238311983452381E-018   2.6221527398279510E-025   1.3899240083427561E-024  -9.7180908950211830E-018  -2.4435695282375144E-024   8.2885175538667982E-017   4.9660503298581129E-010  -3.7151128514965072E-017   2.1944061785186547E-017  -3.4473695048530657E-026   5.0468747088103397E-022  -1.2012423089046840E-024   3.8728933985476703E-026   1.5404286471393200E-021  -5.1629528612750389E-025   2.0832987614879528E-021  -1.3988765301452311E-024  -3.2167210830393315E-021  -2.1799453181622557E-024  -2.1487125464944747E-024  -8.6125934220382584E-019  -6.8895432032674951E-025  -1.0538002002906168E-024   2.6793379901341693E-018   4.0195482466591294E-025   9.6024798908528370E-017   5.7533084572437805E-010  -4.3040625053241157E-017   5.3944297341367884E-017   1.0552176487540161E-024   3.7756062792263038E-020   1.5581187668026111E-025   4.9287357520306547E-025  -2.3152540263948509E-020   4.2637253674197145E-025   4.8313331053357024E-020   1.8983561958135539E-026  -1.1547420574205591E-019   2.8898629776563138E-025   2.7518987588182137E-025  -1.5030040970586325E-019   2.4953510946454577E-025   1.6755745369172624E-019   1.1176984341371818E-025  -8.3153745002507599E-025   9.4992587170959614E-021  -7.4251514464080452E-025  -3.9758742746735371E-025   3.0033641069184371E-020  -3.5536616733890601E-025   3.9940219879154627E-020  -7.9021521101077415E-025  -6.3055045642943388E-020  -1.2817222513718417E-024  -2.3202111007587794E-024  -6.7041901921414169E-020  -6.9591132707045582E-025  -4.1741924519224150E-026   2.0856236945740797E-019   1.1264255654141548E-024   2.9762340053311195E-017   6.8547115162301538E-017   4.1069879941074271E-010  -3.0724467922016869E-017   1.5752059119345418E-024  -2.4814177467984759E-021   2.4082633691383713E-025   4.7067090596699642E-025   1.5217726424591018E-021   3.6839190111858128E-025  -3.1753082536914566E-021   1.1735224039246655E-025   7.5899216932507624E-021   2.2382621257342439E-025   2.0150744952250922E-025   9.8789384796732214E-021  -5.6769281983003233E-026  -1.1013060749939544E-020  -2.1454429560528445E-025  -8.6323224175547577E-025  -1.4328050925838270E-021   4.0344634588294519E-026  -3.9326664265817498E-025  -4.5565329849314526E-021  -4.0598996396926830E-025  -6.0418417463531450E-021   3.0405687268968910E-026   9.5748326397653684E-021   3.7783221968614154E-026   6.4707627597737418E-025   3.2326391806461264E-020   3.4677955130746203E-026   2.2769012042916589E-025  -1.0056560013554422E-019   2.2355000289565126E-025   3.4571328609379129E-017   2.0713349581326492E-010  -1.5495702224237350E-017   3.2258692014605985E-017   1.5188024628795190E-016
  -2.7468050316072157E-010   1.4990524907410732E-017  -6.6137355205391682E-010  -5.9241732405333816E-012   8.8964937252325424E-018   2.6221527398279510E-025   5.3718329596145143E-017   3.1397094154749723E-017   2.2962711598626538E-025  -4.0293660965869334E-017  -7.8089339700638862E-010   4.2616791221539977E-017  -1.8802288070112212E-009  -3.7472868858782683E-010   1.6051933149731448E-018   4.2157411042817599E-025  -1.4167333572398508E-018   8.4976932297531608E-019  -9.1470361849479516E-025  -3.0033454806093993E-018  -1.7872043834038903E-025  -2.6515828513026399E-018   1.6278255501919032E-024   3.0322343142494765E-018  -4.9011982224137616E-018  -2.3568392770671102E-024  -1.8246781868024739E-017  -1.2061349151082244E-017  -2.9976260590483930E-024   1.6962246334820295E-017  -9.0468688550409915E-010   4.9372742418006193E-017  -2.1782977443142755E-009  -9.3704282206565368E-010  -2.6526778053278396E-019   5.8560764457278094E-025  -3.2699654136957922E-020  -1.1858782696279510E-019   8.4206548091727999E-025   5.8488578534360678E-019   5.0551136256272704E-026   7.6324301610961051E-020   3.1354882440965747E-025  -2.4186786882710961E-020  -7.7164940281099401E-020   7.6125213685150067E-025   2.5432469669326462E-019   1.1979033792154233E-024  -4.7761011776265950E-019   1.1219276344615653E-018   2.4248113894535580E-025  -1.1698062923782081E-018   5.7784740066093025E-019   3.8929661900584045E-025  -2.0830952672978793E-018  -1.8685302289172565E-025  -1.9525962002872251E-018  -4.9031954367857527E-025   2.3273228052457970E-018  -2.2767951505776939E-019   1.4739918316550988E-024  -1.2042855861916439E-018  -7.2454884567953073E-019  -3.8619886270662101E-024   9.5232552614702717E-019  -4.7485688109916619E-010  -6.4580895973022919E-010   3.5244637375132579E-017  -1.5549736008862467E-009   2.7626710064589867E-020  -5.4958371021307264E-025   1.0632829848483605E-019   2.6662115494415498E-020   4.7648953229881076E-025  -7.4860486400542402E-020  -2.5449925339950641E-025   5.4601205344239479E-020  -3.3420887903200753E-025  -1.4702180390326063E-019   6.5547806037066457E-020   1.6618907241779560E-024  -1.4188754722757730E-019   1.3112084427094327E-024   1.2347756749987322E-019   2.2930903629369508E-019  -2.3836713098822669E-025  -1.7273576350769386E-019   1.2404739579721434E-019   3.9655154305942847E-027  -4.3167124408900304E-019  -6.6846664206365792E-026  -3.6237663624140988E-019   5.3979442942494815E-026   3.9888175366331867E-019  -8.6127892789981688E-019  -4.7979824354036997E-025  -7.8227746126196419E-019  -1.0010216191116147E-018   6.5888680586111751E-025   1.8623982289656197E-018  -3.2570990735999669E-010   1.7775422828894370E-017  -7.8424168004207062E-010  -5.5445088615032564E-010  -8.7943341090739198E-012
   1.6543363680227136E-010   1.5533943669755292E-017  -5.1465603750337607E-010  -5.8699254164256408E-012   2.2369409945714462E-017   1.3899240083427561E-024   3.1397094154749723E-017   3.1109731828889275E-017   5.6749715437903519E-025  -5.3479209178623453E-017   4.7031376507868651E-010   4.4161698483141534E-017  -1.4631233611091225E-009  -3.7129716862452603E-010   1.5932224280952302E-018   7.5665786013133249E-025  -1.3966890052257436E-018   8.4429125063174464E-019  -5.6795952191971206E-025  -2.9818285634843534E-018   4.1690288249024866E-025  -2.6265774442378598E-018   1.5529871657006940E-024   2.9986859882660426E-018  -8.5933602771802508E-018  -2.5845263523587482E-024  -1.2061227901122709E-017  -1.1950961683262523E-017  -2.5235515773582190E-024   2.0544014633713961E-017   5.4487167098039441E-010   5.1162555556498337E-017  -1.6950693979469727E-009  -9.2846203422774696E-010  -1.2593077872877131E-020   5.2878203570857011E-025  -1.3169101842882131E-019  -2.3751183132334717E-020   5.3728998026034995E-025   4.6198228972241919E-020   9.4547777912694394E-026  -7.5362399292664004E-020  -2.0474059842873776E-025   1.8786465620785742E-019  -7.6459884424341574E-020   7.0366480050279879E-025   1.5825043262260065E-019   9.3964961711818994E-025  -1.1625637151872859E-019   1.1648625242445788E-018   4.0662315587586724E-025  -1.0211323613765847E-018   6.1728958317194245E-019   2.8599933168261345E-025  -2.1801027865454596E-018   9.8343141514070717E-025  -1.9203407595297458E-018  -2.1071733652717839E-025   2.1924803828298357E-018  -5.1650084508701545E-019   1.5335820058112923E-024  -7.2477920333700074E-019  -7.1792834397379347E-019  -2.7493590415425942E-024   1.2345154150683911E-018  -4.7050837533439961E-010   3.8895558179051291E-010   3.6522295086217289E-017  -1.2100219904393592E-009   1.0928735375223243E-020  -5.1141705960206695E-025   1.1187984296088702E-019   2.0256792930978606E-020   3.8568159866427403E-025  -3.9119679064655534E-020  -2.7816899263764259E-025   6.4024803117895810E-020  -1.5945098618199619E-025  -1.5959961429134869E-019   6.4948933432131085E-020   1.2579582638230496E-024  -1.3442707323406875E-019   9.6895149777831452E-025   9.8884215101067126E-020   2.1911989199327712E-019  -2.2894085071780235E-025  -1.9208628131656659E-019   1.1611922549285752E-019  -2.0261118328971802E-026  -4.1011575050293186E-019  -1.2693942390680285E-025  -3.6124185683507445E-019   9.4016649120789299E-026   4.1245642192808656E-019  -7.1313244452588771E-019  -3.7034086880490738E-025  -1.0010183834753810E-018  -9.9186142989753497E-019   4.4868673276213149E-025   1.7050902528462456E-018   1.9616743228752994E-010   1.8419801085926017E-017  -6.1026738781648385E-010  -5.4937359628864599E-010  -8.7078098231508892E-012
   1.1803183306596315E-017  -5.4342625336119103E-010  -1.0481052207581838E-017  -3.2465357902657705E-018   5.4279017639928113E-025  -9.7180908950211830E-018   2.2962711598626538E-025   5.6749715437903519E-025   3.0232520468431857E-017  -3.2230608942172903E-024   3.3555441291391567E-017  -1.5449147354817863E-009  -2.9796753767879807E-017  -2.1189803026042397E-016   5.7950382340113814E-026  -1.5700588164983951E-021   3.7819046837922260E-024  -1.4645434907457091E-025  -4.7922005575868831E-021   1.6982732137474614E-024  -6.4810437693785014E-021   4.4340336434190866E-024   1.0007066926739796E-020   6.6869713648735544E-024   4.7100450577385483E-024   2.6793370192843424E-018   1.3798609598922516E-024   1.4587875361304529E-024  -8.3352935780916351E-018   2.5434708996448521E-024   3.8874918123619610E-017  -1.7898270099936447E-009  -3.4520371913355328E-017  -5.2784278622077626E-016  -3.2325950066467746E-024  -1.1745732299739652E-019  -4.4534641511983705E-025  -1.5062444693385883E-024   7.2026456120622319E-020  -1.4414520188858068E-024  -1.5030048450332552E-019  -5.3309342711333306E-026   3.5923478452538558E-019  -9.4268349374700906E-025  -8.2292313617660921E-025   4.6757745548304639E-019  -8.6158056579610382E-025  -5.2126330192774573E-019  -2.3363478998544775E-025   2.8670586086529895E-024  -2.9551743928014913E-020   2.0972220819257878E-024   1.3883008561705381E-024  -9.3433234796170734E-020   5.7820290926764530E-025  -1.2425213223958769E-019   2.0146180090350863E-024   1.9616126033716740E-019   4.4766460170772323E-024   7.3823217660812357E-024   2.0856418137888746E-019   2.5518525811850839E-024   4.3054721349159998E-025  -6.4882765264090107E-019  -3.9691860067892423E-024  -2.7278421162352016E-016   2.7750785225381593E-017  -1.2776645118545612E-009  -2.4642298947103319E-017  -4.9002639531978273E-024   7.7195730756313032E-021  -7.1683437125014785E-025  -1.4596837660072452E-024  -4.7341626105702699E-021  -1.1507076458750494E-024   9.8782335758639116E-021  -3.4545263474187564E-025  -2.3611886884455405E-020  -7.4330524766197373E-025  -6.0877351742223230E-025  -3.0732909685443334E-020   1.4021367815496428E-025   3.4261110349758951E-020   6.9083503794110884E-025   2.7209582004882687E-024   4.4573887769879394E-021  -1.6161149124660779E-025   1.2417911881754144E-024   1.4175158291890644E-020   1.1970421584402623E-024   1.8795883495719342E-020  -1.5585526720030287E-025  -2.9786850821771358E-020  -4.4964727187802314E-026  -2.0342907766308382E-024  -1.0056587374182553E-019  -2.1312008730977362E-025  -7.7271387805299662E-025   3.1285481864302371E-019  -6.0978122759867926E-025   1.3995946512395110E-017  -6.4438249441364563E-010  -1.2428197312586157E-017  -3.1306752331984113E-016  -3.3535381366241935E-016
  -5.5861142832820590E-010   9.4386779491363185E-018   7.9657178586452354E-010   1.0090848371777447E-011  -4.6948000984028680E-017  -2.4435695282375144E-024  -4.0293660965869334E-017  -5.3479209178623453E-017  -3.2230608942172903E-024   1.0042732289358097E-016  -1.5880848490953734E-009   2.6833327086132321E-017   2.2645858509473533E-009   6.3828829249116413E-010  -2.7404974193314689E-018  -1.5130218212640264E-024   2.3965109929529888E-018  -1.4528004847613463E-018   7.6463777151826043E-025   5.1295859579542961E-018  -1.0884807518751068E-024   4.5146960818705370E-018  -2.6327781402519785E-024  -5.1511905158451110E-018   1.7114227175459261E-017   4.4188597190344639E-024   1.6962322383733341E-017   2.0544305553088782E-017   4.6191566896713851E-024  -3.7657998744148071E-017  -1.8398407890593092E-009   3.1087181030593284E-017   2.6235861402643436E-009   1.5960973371276453E-009  -1.3517037245063686E-019  -8.6885294540281354E-025   2.8859439109133401E-019  -1.7921660705450463E-020  -7.4231611608359175E-025   2.5480114129969614E-019  -1.8027679353361270E-025   2.2416313844760874E-019   6.5078455351435265E-025  -4.5567855359731110E-019   1.3143348153481024E-019  -1.2093761611900701E-024  -2.1328233733080121E-019  -1.4252642255493544E-024  -2.3861629907049440E-020  -2.0358089276460019E-018  -8.0127695381700145E-025   1.6689307461484352E-018  -1.0891887529819713E-018  -4.2286381154384540E-025   3.8204656120047721E-018  -2.4144632005917751E-024   3.2921677104060135E-018   1.7664379004850958E-025  -3.6978550736187921E-018   1.0701497519920769E-018  -2.6961449177294841E-024   9.5230315825810435E-019   1.2341098299845039E-018   4.0948538586943558E-024  -2.3044015129037151E-018   8.0884009927920298E-010  -1.3133667583763040E-009   2.2191513147769529E-017   1.8728418621923123E-009  -8.4818638318630285E-021   8.5787470590141196E-025  -1.9641761055267117E-019  -3.0961787417042713E-020  -6.0851455158945018E-025   4.5281653627040595E-020   4.9381630273369530E-025  -1.1628136656093027E-019   1.6809093012346334E-025   2.8308748515576052E-019  -1.1165219441349555E-019  -1.9168324915395883E-024   2.2722774454026552E-019  -1.4610218810386835E-024  -1.5528527526717881E-019  -3.7160885562816188E-019   3.8872851971518165E-025   3.4332324816697913E-019  -1.9535837059899327E-019   4.9034641928812422E-026   6.9397875741981016E-019   2.5498789266411467E-025   6.2236118044478863E-019  -1.8501294892032063E-025  -7.1982880396512513E-019   1.1380074482810898E-018   5.7757209203775707E-025   1.8623526162272932E-018   1.7050514474043413E-018  -6.6442066534302560E-025  -2.8432243214175504E-018  -6.6238870814069492E-010   1.1192160069915954E-017   9.4455664389583355E-010   9.4441530624257149E-010   1.4980078000239688E-011
   2.7769673775713783E-002  -3.0888239070474118E-016  -4.4870292644673704E-010   4.2489927725877680E-010   1.1177710291518961E-009   8.2885175538667982E-017  -7.8089339700638862E-010   4.7031376507868651E-010   3.3555441291391567E-017  -1.5880848490953734E-009   7.8946826382798679E-002   2.4447405844754562E-016  -4.7602387583668241E-010   1.8442690006957075E-009   4.4001941801815228E-011   2.4404734577878700E-017  -3.8029465685478517E-011   2.3367153002823291E-011   1.4658402503454886E-017  -8.2403269872162540E-011   3.1335639633373502E-017  -7.2240690501003637E-011   1.9012910193902512E-017   8.2190924877581237E-011  -3.4761701480172163E-010  -4.2230503474082364E-017   1.5994042553433717E-010  -1.8451907663413918E-010  -9.6340870128782533E-018   5.3213444810858367E-010   9.1462110307323846E-002  -2.4598264249919893E-016  -2.5638436729081803E-011   3.3405921925007386E-009   1.3708258789872363E-011   5.9793957604278931E-018  -1.2823826961250889E-011   4.1055620418098357E-012  -9.0548867832074258E-018  -2.8184473026353558E-011   6.0990619363447831E-018  -1.2754765998135728E-011  -2.8507857643653072E-017   2.2330669142068791E-011  -4.1327178837620162E-012   9.3952446288350171E-018   3.1549177199667372E-012   4.5485060055342946E-019   1.4249192340651156E-011   1.4878042749676883E-011   1.3733892724954909E-017  -2.4243540081693159E-012   8.8353756180468318E-012  -3.1928466248221945E-018  -2.8793941512549595E-011   8.4891719030812119E-017  -1.8655126978979151E-011   1.5430740371467646E-017   1.5713076308816070E-011  -4.4165838431184563E-011   2.0496755276239055E-017  -1.1560354105154808E-011  -3.8153456741667944E-011   1.4297892397379337E-017   8.2319347576534480E-011   1.7483280652102458E-009   6.5290048646390653E-002   1.1152718509678630E-016  -7.4093222431226765E-011  -8.7011329866313335E-013  -2.6445757072729084E-018   1.1587785551852758E-012  -2.1257177553300043E-013   2.1646817650764013E-018   1.7420466727152433E-012  -4.0618520982022645E-018   1.0191226519110367E-012   8.9896676733728242E-018  -1.9184933875068127E-012   4.5527123524307410E-013  -3.9741534567582840E-018  -5.8696534752212758E-013  -2.1954079436022668E-018  -6.5728381343735495E-013   2.6339115369907315E-012  -3.1719904672613951E-018  -3.9207829811977532E-012   1.2517008526135435E-012  -1.6337575457289226E-018  -4.7881868087264127E-012  -7.1841514539302247E-018  -5.2349343103730503E-012   1.3101882068298051E-018   6.8245547169948444E-012  -6.6874471052474542E-012   4.7804577090856478E-018  -3.3702637439542957E-011  -2.0520218316277613E-011  -3.5224324891955778E-018   2.7207976511860016E-011   3.2928647545386207E-002  -1.3093445255705959E-017  -7.5704801977762788E-013   2.1088500948534198E-009  -4.9485962776916896E-011
   9.1889412190688386E-017   2.7769673631479478E-002  -4.3822510871933763E-016  -3.7497187950950415E-016   3.6968566141203082E-017   4.9660503298581129E-010   4.2616791221539977E-017   4.4161698483141534E-017  -1.5449147354817863E-009   2.6833327086132321E-017   2.4447405844754562E-016   7.8946826229754810E-002   5.8741771435757446E-016   1.3857090372992570E-015  -3.4233099456341969E-017   8.0231716159013100E-014  -1.6583735277444038E-016  -9.0870233130705426E-018   2.4488666978187255E-013  -2.8257195299437260E-017   3.3118839798913475E-013  -1.7502541203154224E-016  -5.1137202305190800E-013  -4.0058029991885223E-016  -2.5942965981547076E-016  -1.3691704093073006E-010  -8.6758333914018242E-017  -9.5969370558373954E-017   4.2594258347748430E-010  -8.9816616672571787E-017   5.0229932872488269E-016   9.1462110299067534E-002   1.8921583657181143E-017   1.5004589033081670E-015   1.6626038213100274E-016   6.0021971796439677E-012   3.1444945952885058E-017   7.8644050032168890E-017  -3.6806303834800909E-012   7.0113126225754864E-017   7.6805185165316246E-012   7.6115006906395657E-018  -1.8357288889980275E-011   3.5842092052510017E-017   4.7152773577891159E-017  -2.3893717419596757E-011   3.3399614991409692E-017   2.6637122665808229E-011   2.0011738524797901E-017  -1.3339893647863839E-016   1.5101263125440078E-012  -1.1849891766989212E-016  -6.3981105312120883E-017   4.7745400973478090E-012  -5.4099523171286284E-017   6.3494193350961556E-012  -1.2447237974789886E-016  -1.0024054128810766E-011  -2.0427508922183041E-016  -3.4382229095842958E-016  -1.0657856907500771E-011  -8.2704564170855848E-017   2.4851312481558300E-017   3.3155799973738254E-011   1.2255675004258693E-016   9.9809905573613597E-016   4.1923859345039358E-016   6.5290048622554359E-002  -3.7627304209928873E-016   2.5058078893811722E-016  -3.9447859495789594E-013   3.8531518679475242E-017   7.4929178718205421E-017   2.4192086746056986E-013   5.8171770779429426E-017  -5.0478849846109646E-013   1.8746115136004559E-017   1.2065931459030017E-012   3.5268444140542522E-017   3.2208412535307423E-017   1.5704851696671950E-012  -9.4360474703562161E-018  -1.7507800677309343E-012  -3.3648160639845931E-017  -1.3806507625788875E-016  -2.2777742301734141E-013   7.3754542166627968E-018  -6.2940394238562115E-017  -7.2436603311945262E-013  -6.2999935515713441E-017  -9.6049012549844271E-013   6.3368364536582636E-018   1.5221405309604831E-012   4.1691823588403377E-018   1.0878874261788072E-016   5.1390257187545135E-012   1.7295956474291437E-017   4.6033057713388450E-017  -1.5987222100548770E-011   1.9782824889988907E-017   3.8238115390815997E-017   3.2928647545138121E-002  -1.2051366464956892E-016   9.9795202106674565E-016   3.0646265950790664E-015
  -4.4870345549445853E-010   4.7478891994644854E-016   2.7769675027374451E-002  -1.3218470973773038E-009  -8.0146132955978169E-010  -3.7151128514965072E-017  -1.8802288070112212E-009  -1.4631233611091225E-009  -2.9796753767879807E-017   2.2645858509473533E-009  -4.7602387583668241E-010   5.8741771435757446E-016   7.8946827710653436E-002  -5.7374270565524996E-009  -1.3635205966733611E-010  -9.0100352933090561E-018   1.1970619009563025E-010  -7.2240794790407749E-011   2.1197889981563130E-017   2.5517610597933078E-010   1.9779042443063934E-017   2.2488481316482081E-010  -7.0978853113137831E-017  -2.5683854194389809E-010   3.4366500283968304E-010   8.2829938085746164E-017   6.9060309736679142E-010   5.7402932469141327E-010   1.1608349542195545E-016  -9.1769100078893961E-010  -2.5637414818791158E-011   1.2899545772092617E-015   9.1462110378834185E-002  -1.0392426238591408E-008   6.7575179279600873E-012  -2.8790430273706321E-017   2.0292875559584667E-011   5.7360367878353325E-012  -3.0459628664973304E-017  -1.7609360215093814E-011  -1.0233940207089675E-017   9.8718777778988622E-012  -1.2978188919333669E-017  -2.7651038651619590E-011   1.2856638585137857E-011  -3.9105942429696568E-017  -2.8322440376944659E-011  -5.0363238886230814E-017   2.6146474965517770E-011  -3.5781202954845995E-011  -9.8895051332303796E-018   3.4778935071258851E-011  -1.8655538591251938E-011  -9.7795999467874523E-018   6.6660953167338489E-011  -3.3429650968670911E-017   6.0874297731484732E-011   6.3560951873852496E-018  -7.1297062177237275E-011   7.9969141095544942E-011  -4.9285327569965656E-017   1.2845264201935320E-010   1.1869314457153193E-010   1.6803512408106755E-016  -1.9866443266445189E-010  -5.4389657175857148E-009  -7.4093735027386881E-011   6.4298836026829862E-016   6.5290048853066343E-002  -5.3967574808297010E-013   1.4770503006804659E-017  -2.3167487321151284E-012  -5.5503937490331465E-013  -2.3801517880549247E-017   1.5011699363207257E-012   7.5059717591451161E-018  -1.2113626952857286E-012   5.9249174879397025E-018   3.2195206393064118E-012  -1.4160841659019739E-012  -6.4384978367659434E-017   3.0424085612846262E-012  -5.8360411332318782E-017  -2.5872305467335643E-012  -9.7911394814176488E-012   1.1298613270340037E-017   8.0650979205107560E-012  -5.2349956672743610E-012   3.1046615465629520E-019   1.8371247148593907E-011   1.0370119489295660E-017   1.5854852422842675E-011   3.9179945130164629E-018  -1.7830210939691519E-011   4.8495085912241986E-011   5.8448899646611907E-018   6.0250706642701725E-011   6.3837362848263933E-011  -2.9271510542321009E-017  -1.1233349725291343E-010  -7.5727424532891410E-013   3.8001569277046436E-016   3.2928647547494791E-002  -6.5605322222380532E-009   1.5393268756793074E-010
  -7.8182666492759575E-010  -2.0790519234704188E-016   2.4322263788391037E-009   1.8283955998344775E-003  -2.6697692011341863E-010   2.1944061785186547E-017  -3.7472868858782683E-010  -3.7129716862452603E-010  -2.1189803026042397E-016   6.3828829249116413E-010   1.8442690006957075E-009   1.3857090372992570E-015  -5.7374270565524996E-009  0.11567478993560683        3.7258091647550561E-010  -1.3711446379616578E-016  -3.2661457929050165E-010   1.9744088043569990E-010   8.1668660069097188E-017  -6.9731048019886457E-010  -1.8578897169694780E-016  -6.1422863797506424E-010  -3.8823298394242719E-017   7.0126316782487716E-010   4.7775653463049826E-011   2.2559394206821350E-016   6.7016537152525568E-011   6.6434783396615887E-011   1.7298822457488323E-016  -1.1413691928542156E-010   9.0645754195763262E-011   7.4849201850322231E-017  -2.8199107668883533E-010  0.28924849735869662       -9.6513802731069921E-012   1.3113940903282676E-017  -9.9940788543830691E-011  -1.8099593992404833E-011  -8.8646742216779916E-018   3.4971184490020872E-011   4.2122276350383898E-017  -5.7192346889028205E-011   8.2822816893808163E-017   1.4256945748397644E-010  -5.8081692472884082E-011   1.9863847801395832E-017   1.2008251904372970E-010   3.3637854358106053E-018  -8.8300364461596003E-011  -1.2869980710862828E-010  -4.4234760446289219E-017   1.1282192150802067E-010  -6.8201646397156852E-011  -3.7664407494799120E-017   2.4087135093302265E-010   4.7376786903694074E-017   2.1217217298102182E-010   5.6301815179595381E-017  -2.4223711003828206E-010  -3.8279179385655915E-010  -1.5664701824225753E-016  -5.3732699240709028E-010  -5.3246757668981426E-010  -8.1628878789358008E-017   9.1524495111686925E-010  0.14659740333915802       -1.0508071153070576E-009   6.9329218064854501E-016   3.2690217250843965E-009  -1.9038187124894142E-012   6.9166523095254343E-017  -1.9329539298315623E-011  -3.5009324465746276E-012   2.1221045429925578E-017   6.7536051200534514E-012   3.5616621062713763E-017  -1.1061576577016139E-011   3.1618450095843763E-017   2.7574407668194863E-011  -1.1213968876743437E-011  -2.7148464752196680E-017   2.3225663777463934E-011   3.0783512941192340E-017  -1.7089536861080868E-011  -6.8503508274907158E-012   7.3939468534132882E-019   6.0049648722127692E-012  -3.6301738078137616E-012   1.3322648207244750E-018   1.2820577536324982E-011  -3.3813790194727957E-017   1.1293024635870245E-011  -4.8789697163911733E-017  -1.2894274907736004E-011  -7.0199852234404729E-011   9.1498309092973479E-017  -9.8508014155022444E-011  -9.7603949114731259E-011   2.0046870977153803E-017   1.6778034649069126E-010  -4.2284458660334338E-010   2.4964032330487956E-016   1.3154514961094101E-009  0.17115160784189565        3.8072285158670229E-003
