   5.0690255103228972E-004   2.1035415396506752E-017   6.1869633222922374E-011  -1.7266099195091561E-011  -1.3745224845116163E-010  -1.3974078306346651E-018   1.5970313198882437E-009  -2.3621454687684300E-011  -6.3471011538197023E-019   1.6107369986985904E-010   7.3502721727379322E-003   7.0815893044811448E-017   6.0303801071064249E-010  -6.2635539580710265E-011  -7.0304030253352591E-012   7.6020649033101914E-020  -1.0254299855682386E-012  -3.1706944354945719E-012  -1.6584499957408707E-018   1.2604186954611959E-011   7.9306865305759468E-018   2.6925038452166917E-013  -3.5641408425187840E-018   5.6362647123356140E-013  -1.6662760840510542E-011   1.0091391346134666E-018   1.2835395699045468E-010  -7.4858485943671190E-012  -5.4031090021880646E-019   2.4148680348648611E-011   1.2749367948244560E-002   1.3933925434323518E-016   7.3432602239424031E-010  -3.2293271821724076E-010  -5.4825485719932452E-014  -4.2895015678014232E-019   6.0852359038099290E-013  -1.2708041269463195E-014   9.6478230820814074E-019   1.0899110099264067E-013  -3.1223467774950985E-019   2.7537220655882456E-013  -9.9117850389382963E-019  -8.1377430131577358E-013   1.1681345604641510E-014   4.0342750765250200E-019  -7.8469522776017057E-015  -4.4714985092172024E-019  -5.7595117877809558E-014   7.2283148434992081E-012   1.9267210125734900E-018   1.1183560527874048E-012   3.2599629913821528E-012   7.9449202493615258E-019  -1.2955369457504975E-011   3.7696053588683813E-018  -2.1301169856745259E-013   4.9823023008832826E-018  -6.7479608335435916E-013  -1.0866103813901008E-011   1.6121819648436869E-019   1.0802069845897008E-010  -3.1588704261770458E-012   2.9849616953763803E-019   1.4024952417815470E-011   1.0293871208885575E-002   1.2229612768739003E-016   5.6561061434743362E-010  -1.5748330364565118E-010   8.2818656163654084E-013  -2.2793252128435174E-019  -9.4836270459614207E-012   1.8278370796722700E-013  -6.3887441585984452E-020  -1.6375981666168714E-012   3.0281735949650308E-019  -4.2915472584237443E-012   2.2319017602310591E-019   1.2682356065057635E-011  -2.0793342486700233E-013   1.2493388826638676E-019   1.8247495302089009E-013  -9.5298317405273865E-020   8.2836434562231776E-013   1.5669654579708685E-011   8.2416514466255508E-019   2.3148321299206355E-012   7.0668668068015026E-012  -2.4011771238431981E-019  -2.8088855380580169E-011   1.2633193751486802E-019  -5.7073830499083409E-013   3.4177183697874622E-019  -1.2999725323437202E-012  -2.0344586444278139E-012   2.0292984853809733E-019   2.2504601318697833E-011  -4.2991676764720063E-013  -3.6467123652433131E-020   2.4643631952530383E-012   5.7744727756869584E-003   6.7013333881719551E-017   3.1658741420324909E-010  -1.8431709421642093E-010  -4.1188174103697053E-013
   2.1035415396506752E-017   5.0690255357042511E-004  -2.1426180627135235E-017  -2.3632230899067886E-017  -2.9863121709272559E-018  -6.5899828858266452E-011  -2.5932791719779013E-018   2.2407160027324928E-017   1.6057836172777666E-009   2.2347952697892393E-017   2.1153251127568561E-016   7.3502721974810651E-003  -9.0411765588141560E-017   1.0271032314409857E-016   1.0104968937906246E-017  -3.1336117684905759E-012  -6.9882965717467924E-018   7.2570095958675171E-018  -7.4743672278172154E-013   2.6615288997227036E-018  -7.0662689165634364E-012  -7.0928501302704422E-018   1.2612568617230054E-011  -1.9208582708941038E-017   7.6934151337006013E-017  -5.3290474429610900E-012   7.6441360812760989E-018   2.4738931926181080E-017   1.2985304357726464E-010   3.6291730639950618E-017   2.9982066550980248E-016   1.2749367978370505E-002  -1.7189260284968007E-016   5.3722678301459669E-016  -3.3064247474533297E-017  -2.5105692017168377E-014  -3.9554184290440292E-018  -1.1670306128012552E-017   2.7144366199462783E-013  -1.4156102972659210E-017  -2.5205708440258889E-014  -1.5730400917526959E-018   6.7501375990066810E-014  -2.7368463864046232E-018  -1.1567362173795799E-017   6.1419581232683052E-013  -9.4061390144462239E-018  -8.1651521910886957E-013  -2.0550813220076605E-017   4.2779022522739999E-017   3.2236674619500451E-012  -6.2579668261999777E-019   1.8002744934208457E-017   7.6892636426035672E-013   2.0250555310493302E-017   7.2692882805665223E-012  -1.3762660446118179E-018  -1.2975250296874629E-011  -3.0015875433097620E-018   3.4151864613213835E-018  -4.4664860597407820E-012  -5.6365561796256215E-018  -1.4153195652753551E-017   1.0883499849329520E-010  -9.7988795361367269E-018   3.0027434099310454E-016   1.0293871232085439E-002  -1.7894426155150114E-016   2.3170418723504892E-016  -1.2643329896246493E-017   3.9095598318251569E-013   1.9676114513130083E-018  -2.9495790658175006E-018  -4.2267892602711315E-012  -5.1304633965803113E-018   3.9249573446226291E-013   8.3283768013838692E-019  -1.0511096896211374E-012   2.2366185485027737E-018   5.7827152826074899E-018  -9.5639522544295545E-012   1.1095619259519958E-018   1.2714418326450895E-011   1.8964689253545340E-019   1.4817886764064822E-017   6.9847161847111553E-012   4.3491376562115657E-018   7.3175433726958852E-018   1.6660154332773989E-012   6.2215177901479909E-018   1.5750757300986127E-011   3.9121219954519428E-018  -2.8113122822468978E-011   7.5864134071373067E-018  -3.4560828702462376E-018  -9.2919641857098009E-013   1.4164389188664146E-018   5.9098260630660636E-019   2.2641756011157857E-011  -1.3357357228644373E-018   1.7827287670400203E-016   5.7744727886746032E-003  -8.1683229941991755E-017   2.7177994887439746E-016   6.7638499866538268E-016
   6.1869633222922374E-011  -2.1426180627135235E-017   5.0690104599171622E-004   4.2072495622471733E-010   5.6800506766649211E-010   6.3524101194221454E-019   1.4736775608236941E-010   5.7558481402824304E-010   7.6584370661939546E-018  -1.1435898441972493E-009   6.0303772278676042E-010  -2.0374950964007942E-016   7.3502575032415333E-003   1.5262387373150584E-009   6.0201271642010881E-013  -1.2136070572054531E-018  -9.6925845886767748E-012   2.6925654761749187E-013  -6.1820708793514582E-018  -1.0769240171467486E-012  -7.1514936065089042E-018  -9.7212828812851748E-012  -7.6794909413042200E-018   1.4468310732347573E-011   1.8111036141822368E-010   3.7668138942455153E-017   3.1199378569845405E-011   1.8240860017013620E-010   5.6163909087029852E-018  -3.6351901636217767E-010   7.3432539977369865E-010  -3.5967825813947829E-016   1.2749350085046511E-002   7.8689119260076132E-009  -2.8283387343911214E-013  -1.8734823166967960E-017  -6.3084644772339247E-014  -1.6621891412568756E-013  -1.1814694977470865E-021   6.6318353649565131E-013  -1.6325754910766645E-017  -2.8233418646198916E-014  -6.0335216114689546E-018   8.4118619745604230E-014  -2.8489530344311667E-013  -1.5043358709007837E-018   6.6681445873337928E-013  -7.3404670076657261E-018  -7.5711914711748077E-013  -4.7661986779712799E-013   9.5334944747648833E-018   8.4235162414334129E-012  -2.1300238318868816E-013   1.3117153304466960E-018   8.5251987607295101E-013   1.8115835454582089E-017   8.4399324314371932E-012   1.1171602933392366E-017  -1.2574216175893403E-011   7.6266906628105545E-011  -2.1779213654845884E-017   1.5375679303319408E-011   7.6972232193832253E-011  -7.7119033972611119E-018  -1.5323887289374668E-010   5.6561017687470986E-010  -3.0100330887547302E-016   1.0293857449845947E-002   3.8374009631258851E-009   5.0241067324906049E-012   7.8295251613050191E-018   1.1764642825702151E-012   2.9542914016264216E-012   1.0829699480903270E-018  -1.1779662385906816E-011   6.6854142752506297E-018   5.2682168804735611E-013   2.6094433861232003E-018  -1.5691322563333050E-012   5.0666847833071203E-012   3.3296512631659117E-018  -1.1854595251518543E-011   3.3686237519351855E-018   1.3454378997214803E-011  -1.2762429589033102E-012   5.9997342830167466E-018   2.0892707564275589E-011  -5.7073454447436710E-013  -2.0857368893978669E-019   2.2830071500389578E-012   1.1741224361878230E-017   2.0950604952144228E-011   5.3530744088854351E-018  -3.1187509036570909E-011   1.0356981432173217E-011   3.3570575914657484E-018   2.4128303481006557E-012   1.0475736849396591E-011   1.6831129307669207E-018  -2.0832597939901585E-011   3.1658716752191583E-010  -1.4981257190378427E-016   5.7744650743852301E-003   4.4912596456737903E-009   1.0105270636144523E-011
  -1.7266099195091561E-011  -2.3632230899067886E-017   4.2072495622471733E-010   1.8579109897381379E-005   8.4093071666796825E-012  -1.5716196898856449E-018   1.1995171441043912E-012   8.4519440643544383E-012  -8.8892590268894481E-019  -1.6860686784923922E-011  -2.2982495476746543E-010  -3.7759582282400985E-016   5.6001721908737022E-009   1.5779549032438893E-003  -3.4690510042626247E-012  -3.1490830726827879E-018   3.7590727299942698E-011  -1.5557658250427611E-012  -3.7839838459757429E-019   6.2099869350762999E-012  -3.1899170553079441E-018   3.7909405875754074E-011  -1.6711889881618848E-020  -5.6274479178160090E-011   5.1182232547756879E-012   2.3635434432333510E-018   7.2989568556735953E-013   5.1440154846589136E-012   4.7772716931742260E-020  -1.0258838599181801E-011  -3.9608043487666397E-010  -6.4028962399547770E-016   9.6513394293977546E-009   3.5815587548409617E-003   1.3532499685686764E-014  -8.1817312559996852E-019   4.4674243324361148E-015   8.0841540680164379E-015   1.2200688235763890E-019  -3.3582637622716808E-014  -1.2705634531994163E-018   2.0045871238280006E-015  -3.8682336563647868E-019  -5.9621673078444400E-015   1.3949296093441859E-014  -1.1335115513869268E-019  -3.4122055009840825E-014  -4.5117268198534458E-019   3.7751753496251371E-014   3.4916437567218780E-013  -1.0075440235061837E-018  -3.7835056785041154E-012   1.5658904491192754E-013   4.8251618426375151E-019  -6.2503146042439760E-013  -2.2452146557307620E-018  -3.8155727546343808E-012  -2.1525054329146677E-018   5.6640242473694497E-012  -1.3986644168122280E-012   1.0990799130222397E-020  -1.9946113614379093E-013  -1.4057877793863620E-012   1.1980039270914676E-019   2.8032101223917123E-012  -3.2225770161475351E-010  -5.2304807056286541E-016   7.8524917657847239E-009   1.8405061932915427E-003   1.0068739962016132E-014  -3.9215694417710316E-019   3.2265686562086735E-015   5.9710172829652937E-015  -2.5865911088333923E-020  -2.4229692256831786E-014   2.2745791522750960E-019   1.4490894812847487E-015  -1.5359315421425232E-019  -4.3063962446614412E-015   1.0301243766957759E-014  -1.3949933063288798E-019  -2.4486679419403088E-014   4.5046410365477544E-019   2.7629261237986472E-014  -1.3339218640110260E-013  -5.3896207615323912E-019   1.4454866299303925E-012  -5.9821773552292621E-014  -7.2638215630276460E-020   2.3879502509349070E-013  -6.8323512788207861E-019   1.4577404391189539E-012  -4.4480377257984883E-019  -2.1639233347566545E-012  -1.2815356387835007E-012   3.0701660101209419E-019  -1.8275865194404589E-013  -1.2880016514774982E-012  -7.2321153715615779E-020   2.5686812381333132E-012  -1.8055174818687503E-010  -2.9362239347063673E-016   4.3995261053806312E-009   2.2119876554514239E-003  -4.8710957731669711E-004
  -1.3745224845116163E-010  -2.9863121709272559E-018   5.6800506766649211E-010   8.4093071666796825E-012   6.7757501972542105E-016   9.8116179671295816E-025  -2.6737477548018784E-016   6.5522137471277937E-016  -1.2193202797521410E-024  -1.3327960904827271E-015  -1.9931081370953995E-009  -4.3302451219307713E-017   8.2362888543874176E-009   7.1890533904838586E-010   1.0003766018648622E-018  -2.8305053465306721E-024   6.5442753941592429E-018   4.5264106668574516E-019  -6.5861136356811813E-024  -1.7950967018693823E-018  -1.1318089771604817E-023   6.3062476984471747E-018  -7.5326618983502628E-024  -9.5803809524774293E-018   2.0980255851886722E-016   4.2775081041614947E-023   4.8966699912070215E-019   2.0878067240686759E-016   5.8321511939253220E-024  -4.1858174844943174E-016  -3.4571334178820809E-009  -7.5109996922467846E-017   1.4286211111930149E-008   1.6306866988712439E-009  -2.9589726189538251E-019  -2.1100160447142735E-023  -2.3366205108218753E-019  -1.7912729847911419E-019  -2.1987066260628408E-025   6.9827407213661179E-019  -1.8730283923094807E-023  -1.0539390104678871E-019  -6.7443969126131310E-024   3.1220671641202139E-019  -3.1605148011498762E-019  -1.7998472918482441E-024   7.3377839181175271E-019  -8.3002649669364478E-024  -8.1557104835393111E-019  -2.3357042329350524E-018   9.9204350101681520E-024   7.4191820857192723E-018  -1.0516130036347256E-018   1.4231913495221298E-024   4.1847185214978556E-018   1.8346829090265366E-023   7.7840445911282521E-018   1.0294287740146546E-023  -1.1337355266514108E-017   8.7733346316984212E-017  -2.4319878786598358E-023  -1.2157953879116157E-017   8.6430362441974513E-017  -9.3939886110941951E-024  -1.7416395153834297E-016  -2.7912981023205397E-009  -6.0644013775208805E-017   1.1534722958134185E-008   8.4182739093927747E-010   5.4097932291299507E-018   8.6938384715875528E-024   3.8913562691562269E-018   3.2635968741404369E-018   1.2709729832414855E-024  -1.2766724878103491E-017   7.4468875158230587E-024   1.7546947680363735E-018   2.8822567127141017E-024  -5.1992261220947599E-018   5.7385661250106198E-018   3.7372421978174801E-024  -1.3344342205735148E-017   3.8193654676885958E-024   1.4864314394950929E-017  -5.7401158427829535E-018   6.1963907737300062E-024   2.3444816331024607E-017  -2.5831618654007166E-018  -1.9226557173388058E-025   1.0284067091970487E-017   1.2676842241797823E-023   2.4297753788378970E-017   5.9008116135318150E-024  -3.5584470151902710E-017   1.1557846311244054E-017   3.8210008365998618E-024  -3.4841550995156590E-018   1.1252803747171282E-017   1.7598578788830320E-024  -2.2810894073989559E-017  -1.5658127618470741E-009  -3.4018978801556197E-017   6.4705437359375539E-009   1.0074579490993611E-009  -9.9636443420158126E-012
  -1.3974078306346651E-018  -6.5899828858266452E-011   6.3524101194221454E-019  -1.5716196898856449E-018   9.8116179671295816E-025   8.5673023601104115E-018  -3.9518159035621206E-024  -2.6269432207065376E-024  -2.0875977999450224E-016  -3.7843634285839577E-024  -2.0262913455018743E-017  -9.5557159154926223E-010   9.2112369270811164E-018  -8.8913465018825676E-017  -1.0990865273332361E-024   4.0738496540837853E-019  -1.2080891527912129E-024  -8.4715452644219705E-025   9.7170455676446019E-020  -7.3023012303474497E-025   9.1864976609282164E-019  -1.2159670399169132E-024  -1.6396960470672161E-018   5.6684562058447899E-024  -9.9199683896235283E-024   6.9280241733601860E-019  -1.3357625968688805E-024  -3.1589651335766647E-024  -1.6881535293503345E-017  -4.8572316929260882E-024  -3.5146899746440284E-017  -1.6574806378617908E-009   1.5977308395258884E-017  -2.1172550670216357E-016   4.2975367238899639E-024   3.2638636289598284E-021   5.1221305681388791E-025   1.5165618288566935E-024  -3.5289013133130502E-020   1.8428041844579440E-024   3.2768662557836383E-021   2.0359428718807618E-025  -8.7755113768194250E-021   3.5849200527820448E-025   1.5026252830250311E-024  -7.9848480999880737E-020   1.2256379670167311E-024   1.0615100046443008E-019   2.6687638580701588E-024  -5.6079852403575063E-024  -4.1909264915112528E-019   3.7038357108339207E-025  -2.3613478322360898E-024  -9.9964214921957124E-020  -2.5493743733639626E-024  -9.4504328343941727E-019   4.7402722524309654E-025   1.6868464519159767E-018  -4.5172468365778647E-026  -5.8203028290633414E-025   5.8066518872706088E-019   4.1665295071109100E-025   1.6802490359093003E-024  -1.4149085902171931E-017   1.5719293050739692E-024  -2.8377701229196603E-017  -1.3382539655902841E-009   1.2900121026806802E-017  -7.2567925255488621E-017   1.6475722115070362E-024  -5.0826203579299127E-020  -2.2822537911569084E-025   3.8657701841124716E-025   5.4950342409994972E-019   6.5706676107466248E-025  -5.1026378831164940E-020  -9.5801718978716638E-026   1.3664943719419487E-019  -3.2764116153637585E-025  -7.4499990382196644E-025   1.2433609030699179E-018  -1.5927782150483709E-025  -1.6529370109587651E-018  -1.0463033413312876E-026  -1.9660789885620762E-024  -9.0804750923816346E-019  -6.0103632491017052E-025  -9.6921979314052734E-025  -2.1659021276337595E-019  -7.3768828151069678E-025  -2.0476760340072729E-018  -5.3666484828413724E-025   3.6548444461819159E-018  -9.3879478250609477E-025   3.9478397840369972E-025   1.2080011143774806E-019  -2.5359394627050362E-025  -1.3599847354197487E-025  -2.9435398099222264E-018   2.8746613966485561E-025  -1.5918819369753932E-017  -7.5070990635186084E-010   7.2364781305273242E-018  -1.2757123535769906E-016   2.0256284300403396E-015
   1.5970313198882437E-009  -2.5932791719779013E-018   1.4736775608236941E-010   1.1995171441043912E-012  -2.6737477548018784E-016  -3.9518159035621206E-024   5.0744778847191024E-015   9.3463330307949356E-017  -8.0616606811304589E-024   1.7391148301112739E-016   2.3157537485255163E-008  -3.7604204555976535E-017   2.1368874207047154E-009   1.0254572557818120E-010  -2.2200204919813092E-017  -3.0674443856893946E-025  -3.6054927651709060E-018  -1.0012321945597451E-017  -7.0346151278028402E-024   3.9800861998078417E-017   2.2772668086011157E-023   4.8585455515130710E-019  -1.3500470041131793E-023   2.3246902366966121E-018   4.8976971604155142E-019   1.4272934783468081E-023   4.1350596156737523E-016   2.9781372846606148E-017  -7.1138646816480299E-025  -3.0270712107878276E-017   4.0167759583796024E-008  -6.5226083189371350E-017   3.7065257318628747E-009   2.3260359363391144E-010  -2.5407838756761986E-019  -6.8298162595385387E-024   1.8991455261150410E-018  -8.7835874597473999E-020   3.0442518642873239E-024   5.3400418022796238E-019  -5.8042224351893122E-024   8.5950121315755951E-019  -4.9131376855801294E-024  -2.5397840575283543E-018  -4.5116281433711238E-020   8.3037302206804476E-025   1.6691833576549471E-019  -3.5673101564969594E-024  -3.9911598080355227E-019   2.2657333816580348E-017   8.7938728411847450E-024   5.7275213166453179E-018   1.0218946133206000E-017   2.9052367844964910E-024  -4.0609382204174802E-017   1.6979256647206063E-023   1.5356532001884112E-018   1.8875876955904371E-023  -5.4150630846515260E-018  -1.2157975394596825E-017  -5.7863670425904594E-024   3.4478298425615875E-016   1.2328757586164594E-017  -1.8627238072859530E-024  -1.7085161255398385E-019   3.2431548409333652E-008  -5.2663673368520215E-017   2.9926581525438406E-009   1.2007944585319394E-010   4.0705403133832797E-018   1.5362750789138547E-024  -2.9536581996892156E-017   1.4351434706282808E-018   1.3735871735122980E-025  -8.5855685403030584E-018   2.9013476984371696E-024  -1.3367560376592372E-017   1.4689714951830081E-024   3.9500169183260332E-017   8.1856675773354538E-019   1.4082288959289170E-024  -2.8731047434058868E-018   6.2741611416685478E-025   6.5231225577772683E-018   4.8988585496158021E-017   4.2677485297687663E-024   1.3461348074853439E-017   2.2094819995851485E-017  -8.2764311414351581E-025  -8.7816563142738972E-017   3.6805694895441981E-024   4.3877919645644351E-018   2.7525434707745107E-024  -1.3303777737084638E-017  -3.4841751209382718E-018   1.6355936412408284E-024   7.1591565737931636E-017   1.6051378338083259E-018   2.5821240590586576E-025   1.8789792688575900E-018   1.8192873172871621E-008  -2.9542330297133551E-017   1.6787681429737879E-009   1.4370530457003902E-010  -1.4253247469162886E-012
  -2.3621454687684300E-011   2.2407160027324928E-017   5.7558481402824304E-010   8.4519440643544383E-012   6.5522137471277937E-016  -2.6269432207065376E-024   9.3463330307949356E-017   6.5854318149155440E-016   7.9192378851206308E-023  -1.3137642510986589E-015  -3.4252004695588595E-010   3.2491212076946292E-016   8.3461979854611801E-009   7.2255033631221016E-010  -5.7739309571792808E-019  -2.9960059807093361E-024   6.2559076592077902E-018  -2.5894256462294617E-019  -7.0889943785632985E-024   1.0335606799992928E-018  -1.0004149334456000E-023   6.3089223695349581E-018  -7.8151168434437190E-024  -9.3674660256131489E-018   2.0878077684148411E-016   4.3302088239755590E-023   2.9781243277831408E-017   2.0983914434075210E-016   1.2300633134402499E-023  -4.1861841567531352E-016  -5.9411632634922927E-010   5.6357425502778755E-016   1.4476853340925086E-008   1.6389546141003997E-009  -3.1240693944224503E-019  -2.1479019916117682E-023  -9.7944077570149144E-020  -1.8444784940242829E-019   1.0589146748862356E-026   7.3258834799795985E-019  -1.9048426258325371E-023  -4.3973454346533911E-020  -7.0550930710429054E-024   1.3070840772994545E-019  -3.1765614694181955E-019  -1.7009849740957331E-024   7.4190838517245375E-019  -8.5523629725905191E-024  -8.3973876593279482E-019  -7.1882684541512149E-019   1.0656028686916547E-023   7.7875763749079104E-018  -3.2237570117993118E-019   1.6606162615437355E-024   1.2867515183458389E-018   1.9823881333907812E-023   7.8536366644352371E-018   1.0925357222471730E-023  -1.1663883194689351E-017   8.6430247945696968E-017  -2.4832574302019130E-023   1.2328762007139660E-017   8.6868541296344529E-017  -3.9902996246856239E-024  -1.7329903571720177E-016  -4.7969102317424420E-010   4.5503123260399928E-016   1.1688647969193551E-008   8.4609562884128372E-010   5.6709213947052306E-018   8.7786094884221634E-024   1.7792981259864781E-018   3.3488327395287051E-018   1.0611547528267679E-024  -1.3310665116011246E-017   7.6347212342119223E-024   7.9885950214658708E-019   2.9188039681484267E-024  -2.3747307343646264E-018   5.7676588554036401E-018   3.3358940564570795E-024  -1.3480685187386549E-017   4.4857450869928250E-024   1.5251581974744923E-017  -2.2407080214732132E-018   6.8197548102429130E-024   2.4280401787014943E-017  -1.0048887185252455E-018  -1.6591612780195994E-025   4.0110837374288536E-018   1.3668030797931879E-023   2.4486245412213306E-017   4.6484038306574520E-024  -3.6347762710140038E-017   1.1252815569224752E-017   3.8707727297007186E-024   1.6051576672905870E-018   1.1309851750422575E-017   2.9110700881646420E-024  -2.2562914216882189E-017  -2.6908853870047233E-010   2.5525534862183971E-016   6.5568898508922095E-009   1.0125659671127989E-009  -1.0014119193100943E-011
  -6.3471011538197023E-019   1.6057836172777666E-009   7.6584370661939546E-018  -8.8892590268894481E-019  -1.2193202797521410E-024  -2.0875977999450224E-016  -8.0616606811304589E-024   7.9192378851206308E-023   5.0868574390786267E-015   5.4343553235382710E-023  -9.2038304122976139E-018   2.3284449040771173E-008   1.1105097234678272E-016  -9.8600491856990022E-017   3.2246059297603079E-023  -9.9267648294687630E-018  -2.4637466094776477E-023   2.3094494264728352E-023  -2.3677561612995585E-018   8.0102593074218548E-024  -2.2384773526142488E-017  -2.4990689873942934E-023   3.9954535471728274E-017  -5.7106912638619527E-023   2.4610157819920730E-022  -1.6881542654160507E-017   2.4473198336297927E-023   8.0761994266326904E-023   4.1135300771582635E-016   1.1018590282606119E-022  -1.5964663033160006E-017   4.0387893266883677E-008   1.9262283038860274E-016  -2.1865641518132719E-016  -1.0474712188778944E-022  -7.9530688212397245E-020  -1.2532105694686745E-023  -3.6972600550590718E-023   8.5988871504929520E-019  -4.4832225215220636E-023  -7.9847523730912522E-020  -4.9840273964143119E-024   2.1383321694719199E-019  -8.6672170050858924E-024  -3.6648677591246486E-023   1.9456709505368014E-018  -2.9784886220316255E-023  -2.5865854351449446E-018  -6.5115296462350984E-023   1.3548207936572252E-022   1.0212046401204623E-017  -1.6555834214088471E-024   5.7014103951920714E-023   2.4358317982921796E-018   6.4212719588174277E-023   2.3027905359685893E-017  -4.0293288392432142E-024  -4.1103451166388669E-017  -9.9985253275758167E-024   1.2249564452152838E-023  -1.4149090571774417E-017  -1.7720854246204024E-023  -4.3401820373787345E-023   3.4477131025678176E-016  -3.3905229806856832E-023  -1.2889724307612342E-017   3.2609284893951878E-008   1.5552402870305341E-016  -1.3115227429824677E-016  -3.9977965074723150E-023   1.2384840211383144E-018   6.2624462461178752E-024  -9.2998788980539336E-024  -1.3389770676872461E-017  -1.6426332726879736E-023   1.2433616990322457E-018   2.6515032985944866E-024  -3.3297419941310736E-018   7.0460137263852498E-024   1.8394626688371835E-023  -3.0297022057625435E-017   3.3376492557175742E-024   4.0277178538606054E-017   8.0067499422167404E-025   4.6911294279806015E-023   2.2126427933225801E-017   1.3986294295337336E-023   2.3167593443928232E-023   5.2776618899337232E-018   1.9761258091458613E-023   4.9895799213266313E-017   1.2605509104551440E-023  -8.9057732577720155E-017   2.3718349704345201E-023  -1.0633842893742222E-023  -2.9435408751932082E-018   4.5174869675456000E-024   2.1871619511405377E-024   7.1725345656729547E-017  -4.8608570166492768E-024  -7.2306171631793095E-018   1.8292576624752944E-008   8.7243163282934032E-017  -1.3669823670932277E-016  -1.0056451396117284E-015
   1.6107369986985904E-010   2.2347952697892393E-017  -1.1435898441972493E-009  -1.6860686784923922E-011  -1.3327960904827271E-015  -3.7843634285839577E-024   1.7391148301112739E-016  -1.3137642510986589E-015   5.4343553235382710E-023   2.6465597325387700E-015   2.3356281366503980E-009   3.2405319656316563E-016  -1.6582486296136375E-008  -1.4414065700934788E-009  -4.2309139775447543E-019   5.5681951180320095E-024  -1.2799013672575584E-017  -1.9374688820464911E-019   1.3613521624313698E-023   7.6172915997165318E-019   2.0739941818295221E-023  -1.2613990778132098E-017   1.6387100447420945E-023   1.8946096382154538E-017  -4.1858316003674052E-016  -8.6516272942804978E-023  -3.0270885720256752E-017  -4.1861964057165644E-016  -7.4328505046967041E-024   8.3719981273444316E-016   4.0512496620124587E-009   5.6208442137929188E-016  -2.8763063509764033E-008  -3.2695301157969808E-009   6.0830460157232836E-019   4.2577121635385047E-023   3.3160625902259223E-019   3.6357538707215170E-019   2.3164958674957338E-025  -1.4308634164002714E-018   3.7776606662280137E-023   1.4936741388020130E-019   1.3805020951943388E-023  -4.4291529811668911E-019   6.3370803965504180E-019   3.5514508459885306E-024  -1.4756877891329775E-018   1.6785333576739236E-023   1.6553109328115792E-018   3.0545416974484629E-018  -2.0310805220629282E-023  -1.5206873797536521E-017   1.3739934671209131E-018  -3.0204443954487094E-024  -5.4714890484685605E-018  -3.7571755864411936E-023  -1.5637797565382572E-017  -2.2288864843337559E-023   2.3001411120282781E-017  -1.7416364103574830E-016   4.8784437045065167E-023  -1.7081517259961609E-019  -1.7329895077599729E-016   2.2352280792932784E-023   3.4746308103239007E-016   3.2709890591110009E-009   4.5382838276012463E-016  -2.3223370165871651E-008  -1.6878649293918351E-009  -1.1080713933038740E-017  -1.7440235003041603E-023  -5.6706541429971663E-018  -6.6124292038930880E-018  -2.6804094838153964E-024   2.6077388352471794E-017  -1.5049275196644509E-023  -2.5535541568379345E-018  -5.8876564075984384E-024   7.5739565198301778E-018  -1.1506224272343996E-017  -7.8611989166090847E-024   2.6825025725848562E-017  -7.2574549569451729E-024  -3.0115894489664744E-017   7.9808194549477782E-018  -1.2440624933128526E-023  -4.7725170924360210E-017   3.5880486063520416E-018   4.9546394297645374E-025  -1.4295142935774463E-017  -2.5047040304281739E-023  -4.8783951596926997E-017  -1.2865743953326646E-023   7.1932162204759189E-017  -2.2810704784081298E-017  -7.7683372632815343E-024   1.8789912358047244E-018  -2.2562698623187745E-017  -2.8052405777047298E-024   4.5373894295378851E-017   1.8349012633087596E-009   2.5458053131180714E-016  -1.3027433159681844E-008  -2.0199551568195229E-009   2.0014879117596231E-011
   7.3502721727379322E-003   2.1153251127568561E-016   6.0303772278676042E-010  -2.2982495476746543E-010  -1.9931081370953995E-009  -2.0262913455018743E-017   2.3157537485255163E-008  -3.4252004695588595E-010  -9.2038304122976139E-018   2.3356281366503980E-009  0.10658163172251267       -3.2876403751017804E-016   4.4797881727676605E-009   8.4833688077678551E-010  -1.0194341644115220E-010   1.1023248732824918E-018  -1.4869061930784235E-011  -4.5976229528044354E-011  -2.4048127351672720E-017   1.8276532296978769E-010   1.1499785450897078E-016   3.9042767824652664E-012  -5.1681341685391853E-017   8.1727186948769764E-012  -2.4161621881739291E-010   1.4632867187054538E-017   1.8611792496302022E-009  -1.0854763944264684E-010  -7.8347322490507111E-018   3.5016488653947747E-010  0.18487049287706137       -3.3091257378091449E-016   3.2510587036729050E-009  -6.9835003088922960E-010  -7.9498939275148231E-013  -6.2199236334413746E-018   8.8238144092918312E-012  -1.8427113550244208E-013   1.3989695983983108E-017   1.5804103591186579E-012  -4.5275086846146152E-018   3.9929976133029447E-012  -1.4372447541915653E-017  -1.1800024714360499E-011   1.6938395953839508E-013   5.8498470042813666E-018  -1.1378409954620587E-013  -6.4838322733881467E-018  -8.3514976871975086E-013   1.0481320655833594E-010   2.7938151917524001E-017   1.6216562245302119E-011   4.7270654609116692E-011   1.1520424122654033E-017  -1.8785759120560864E-010   5.4660640818889702E-017  -3.0887565726416320E-012   7.2245197103720857E-017  -9.7847761538619221E-012  -1.5756252082930756E-010   2.3377364655206434E-018   1.5663395808614221E-009  -4.5804821501247493E-011   4.3282878237202223E-018   2.0336702589828754E-010  0.14926489310881436       -1.2517364824575223E-016   2.2292550859072034E-009  -2.2628224519326601E-010   1.2009004795117880E-011  -3.3051097773034259E-018  -1.3751605742514604E-010   2.6504288331647910E-012  -9.2639105104607300E-019  -2.3745764859858107E-011   4.3909584781627834E-018  -6.2229003348776958E-011   3.2363378085034188E-018   1.8389879699546041E-010  -3.0151135512884502E-012   1.8115868186396887E-018   2.6459603312432438E-012  -1.3818644996697394E-018   1.2011577856513906E-011   2.2721571647022465E-010   1.1950690272454335E-017   3.3565901038066069E-011   1.0247215064639987E-010  -3.4817947678568859E-018  -4.0729866555923683E-010   1.8318486625371016E-018  -8.2759244510636257E-012   4.9558181592197484E-018  -1.8850060952835365E-011  -2.9500401052088488E-011   2.9425554247041655E-018   3.2632493894328736E-010  -6.2339577402513826E-012  -5.2879177066843162E-019   3.5734181642955366E-011   8.3731964790725741E-002  -9.3275781966654671E-017   1.2403954620282415E-009  -2.1108236601438978E-010  -6.7733298350881882E-012
   7.0815893044811448E-017   7.3502721974810651E-003  -2.0374950964007942E-016  -3.7759582282400985E-016  -4.3302451219307713E-017  -9.5557159154926223E-010  -3.7604204555976535E-017   3.2491212076946292E-016   2.3284449040771173E-008   3.2405319656316563E-016  -3.2876403751017804E-016  0.10658163190641159        2.3963818793410889E-016  -1.7639460754969929E-015   1.4652575146287472E-016  -4.5438515346590657E-011  -1.0133293224629951E-016   1.0522929484653209E-016  -1.0838105517800623E-011   3.8593122432830775E-017  -1.0246348058715169E-010  -1.0284899829999426E-016   1.8288685230142254E-010  -2.7853134722657027E-016   1.1155733330384010E-015  -7.7273134615630807E-011   1.1084271125341526E-016   3.5872358072693580E-016   1.8829165669840343E-009   5.2624328615296276E-016  -1.5431099408380698E-015  0.18487049301055175        1.9715225978052824E-016   4.6980641520552261E-016  -4.7944366676077155E-016  -3.6404170531896405E-013  -5.7355012432964099E-017  -1.6922370204657460E-016   3.9360322568672270E-012  -2.0526866414715841E-016  -3.6549197998961931E-013  -2.2809656096811256E-017   9.7879461000302946E-013  -3.9685271962566616E-017  -1.6773097715351948E-016   8.9060636435085360E-012  -1.3639245154277592E-016  -1.1839768948810922E-011  -2.9799429908181575E-016   6.2031144957025732E-016   4.6744355798956911E-011  -9.0742718806619259E-018   2.6104637606482381E-016   1.1149713169373249E-011   2.9364045687975534E-016   1.0540733552785255E-010  -1.9956351093865259E-017  -1.8814586914331915E-010  -4.3524129211596047E-017   4.9521477453790365E-017  -6.4765679466612305E-011  -8.1732169568713291E-017  -2.0522648428911324E-016   1.5781472354074859E-009  -1.4208738180629402E-016  -4.0201280650109466E-016  0.14926489320029784       -4.2312077799178123E-016  -6.3565381275612538E-016  -1.8333290143048174E-016   5.6690045717555848E-012   2.8531089431822821E-017  -4.2769973406126227E-017  -6.1289988313436462E-011  -7.4393595072515255E-017   5.6913315277806531E-012   1.2076452686896081E-017  -1.5241474468231924E-011   3.2431779805919403E-017   8.3851485155554989E-017  -1.3868080138602676E-010   1.6089050719569488E-017   1.8436371029066422E-010   2.7499516106441420E-018   2.1486476381116335E-016   1.0128093618420826E-010   6.3064084938358322E-017   1.0610704873599385E-016   2.4157832375354011E-011   9.0214293607396561E-017   2.2839173459130285E-010   5.6727199534962341E-017  -4.0765055060559154E-010   1.1000576444221495E-016  -5.0114457415740079E-017  -1.3473687503277429E-011   2.0538872368180495E-017   8.5694696827319088E-018   3.2831373315984260E-010  -1.9368668633146102E-017  -8.2970795017418394E-017   8.3731964841658776E-002   3.3769294948099832E-017  -6.0065421460899876E-016  -2.0769093312207206E-015
   6.0303801071064249E-010  -9.0411765588141560E-017   7.3502575032415333E-003   5.6001721908737022E-009   8.2362888543874176E-009   9.2112369270811164E-018   2.1368874207047154E-009   8.3461979854611801E-009   1.1105097234678272E-016  -1.6582486296136375E-008   4.4797881727676605E-009   2.3963818793410889E-016  0.10658152274723914       -2.0671495734323884E-008   8.7295109978620748E-012  -1.7597676700008438E-017  -1.4054717338616450E-010   3.9043661492051813E-012  -8.9642366248644965E-017  -1.5615982644555144E-011  -1.0369930800924779E-016  -1.4096331891415688E-010  -1.1135553622373612E-016   2.0979752165691792E-010   2.6261688304993071E-009   5.4620225699189762E-016   4.5240273306308804E-010   2.6449937789730671E-009   8.1439846248983492E-017  -5.2711634038066592E-009   3.2510569171731054E-009   3.2480545273717056E-016  0.18487041379198627        1.7016738358562125E-008  -4.1011988173292315E-012  -2.7166203144678474E-016  -9.1475175998594581E-013  -2.4102375360873874E-012  -1.7134827409097858E-020   9.6164137623079458E-012  -2.3672960972489060E-016  -4.0939549727101648E-013  -8.7488336890002812E-017   1.2197525377599126E-012  -4.1310903844523638E-012  -2.1813440961825694E-017   9.6690635949058499E-012  -1.0643954498657613E-016  -1.0978515901709144E-011  -6.9111825529815720E-012   1.3823930001695618E-016   1.2214428321243645E-010  -3.0886214971972329E-012   1.9020359683121621E-017   1.2361886075628239E-011   2.6268654134847525E-016   1.2238232583480754E-010   1.6199252935279283E-016  -1.8233105822864196E-010   1.1058991310020440E-009  -3.1580687018335481E-016   2.2295312704174710E-010   1.1161266150638942E-009  -1.1182547627339676E-016  -2.2220218899737549E-009   2.2292545893764736E-009   1.0857100477406235E-016  0.14926483887996375        5.5138200704546383E-009   7.2851453190302107E-011   1.1353109411050519E-016   1.7059183903662608E-011   4.2838346017626540E-011   1.5703472384903689E-017  -1.7080957260637081E-010   9.6941041461404715E-017   7.6391168218245720E-012   3.7837917655160646E-017  -2.2753020341736400E-011   7.3468851677554569E-011   4.8281203314936984E-017  -1.7189612863886044E-010   4.8846322881085857E-017   1.9509359929406794E-010  -1.8506012613380973E-011   8.6998441814730872E-017   3.0295214639779902E-010  -8.2758699222324628E-012  -3.0243959945268433E-018   3.3104479720926201E-011   1.7025223616823580E-016   3.0379168183054390E-010   7.7621607725126467E-017  -4.5223065497726114E-010   1.5018019747745643E-010   4.8678601947408990E-017   3.4986947599054703E-011   1.5190219533655743E-010   2.4405786064790678E-017  -3.0208064779142265E-010   1.2403951649953242E-009   3.3697568074764824E-016   8.3731934616890380E-002   5.1434484970026813E-009   1.6489632870425446E-010
  -6.2635539580710265E-011   1.0271032314409857E-016   1.5262387373150584E-009   1.5779549032438893E-003   7.1890533904838586E-010  -8.8913465018825676E-017   1.0254572557818120E-010   7.2255033631221016E-010  -9.8600491856990022E-017  -1.4414065700934788E-009   8.4833688077678551E-010  -1.7639460754969929E-015  -2.0671495734323884E-008  0.13500518791370444       -2.9682397409793146E-010  -2.7647240445698621E-016   3.2163932136702450E-009  -1.3311672387242091E-010  -1.9963824392567945E-017   5.3134807586633917E-010  -2.1913900538859750E-016   3.2436604459172533E-009   3.7815610096908893E-017  -4.8150398992771094E-009   4.4004317318219527E-010   1.4621150268401153E-016   6.2753328347443954E-011   4.4226072241280797E-010   3.2362622357097914E-017  -8.8201006608993920E-010   1.6906023338099097E-009  -1.8553775756425243E-015  -4.1195051755302421E-008  0.30620811880790599        1.1575436484514482E-012  -3.8829143716528632E-017   3.8217065981635337E-013   6.9152036639495265E-013   8.1587743207560892E-018  -2.8728754222241983E-012  -9.6704793928083375E-017   1.7148262553783205E-013  -4.8898745430997466E-017  -5.1003057287640949E-013   1.1931805819696176E-012   8.3973534380363106E-019  -2.9191275907260005E-012  -3.7652504732887153E-017   3.2294088920004363E-012   2.9733963075158590E-011  -3.6478863801480833E-017  -3.2219246114832547E-010   1.3334767392031767E-011   3.1574255075080704E-017  -5.3225836192175608E-011  -1.6388622805393342E-016  -3.2492316106834333E-010  -1.7764020377002400E-016   4.8233198111897473E-010  -1.2725216449561577E-010   2.1207166439652160E-017  -1.8147697690545796E-011  -1.2790006815242279E-010  -7.4780617579209971E-018   2.5504997187663891E-010   1.1544369820582474E-009  -1.8571903006818855E-015  -2.8130276829087191E-008  0.15815781995574923        8.7065939453011230E-013  -2.5271100838044603E-017   2.7898717755368214E-013   5.1631210351461424E-013   3.4265446983609332E-018  -2.0951623546944474E-012   6.1807089372021784E-018   1.2530405599258181E-013   4.0936714478545517E-018  -3.7236944584476678E-013   8.9072160245171646E-013  -2.0597011141026900E-018  -2.1174410641500687E-012   1.5267198598733840E-017   2.3888957525034306E-012  -1.1465659795462290E-011  -4.9535402260622570E-017   1.2424633756196519E-010  -5.1419649450843908E-012  -2.1967941289297800E-018   2.0525579000617529E-011  -6.7096546682872484E-017   1.2529960547559093E-010  -3.1343318731688173E-017  -1.8599934495746059E-010  -1.1286297873586838E-010   1.9785443036715335E-017  -1.6095457457553230E-011  -1.1343244471506228E-010   1.3810686372210284E-019   2.2622381744340259E-010   6.6683467412259733E-010  -1.1196204663790613E-015  -1.6248809294068773E-008  0.18918625183552371        2.5694473459203296E-003
