   2.3824928422524204E-005   1.2287996317798201E-018   3.2707030232831152E-018   5.3880500423271209E-019   1.6245750495174995E-003   3.5943870186614388E-017  -1.6654198019300847E-020  -1.0238885461614342E-019   3.6327057422609833E-017   3.8696096649359505E-019   3.1860624754609198E-017   2.2249904823943041E-018   1.2016212934329042E-018  -1.9964121722959338E-018   3.1395704850142770E-003  -8.5320257018449882E-019  -3.2717038848998081E-019   7.2255464110938566E-019  -1.7482056538101606E-019  -2.4280244365865904E-022  -1.7471758968988081E-019  -2.1465366568100924E-018   7.2236527949705906E-019  -3.2721132323107461E-019   1.0178224708170641E-018   2.8569036106735472E-017   5.5774306796008007E-020  -1.2774655972483337E-020   3.1823063798737086E-017  -2.2934355998116075E-019   2.8562908478816112E-017   2.1258953369731747E-003   1.3971616227366131E-018   1.3228430872514433E-018   3.5423582379127549E-019  -8.9475696237571616E-019  -5.8723959314423910E-019   1.9108303749753832E-019  -5.2706669891984442E-019   6.5909357654900824E-022  -5.2734623094654099E-019  -1.0023837867445046E-018   1.9159709308227123E-019  -5.8712848047077896E-019   3.1273880369452629E-019  -7.2098938892384534E-018  -5.9608725732554508E-021   1.1072109045273626E-020  -8.0169632947396049E-018   8.8657642414570669E-020  -7.8934328300837698E-018   1.1050195738669401E-003  -3.5892324159381392E-019  -3.0457984891291524E-019  -3.4641107602696748E-021
   1.2287996317798201E-018   6.3376834057335875E-032   1.6869048248102260E-031   2.7789522766261248E-032   8.3789432112563926E-017   1.8538487783365991E-030  -8.5896049846503163E-034  -5.2808295840136962E-033   1.8736121256232496E-030   1.9957982022349131E-032   1.6432504338491904E-030   1.1475658759565988E-031   6.1975078234157660E-032  -1.0296738351913519E-031   1.6192716248771829E-016  -4.4004959237784385E-032  -1.6874210313499659E-032   3.7266633552469017E-032  -9.0165830745850696E-033  -1.2522831047875633E-035  -9.0112719781945505E-033  -1.1071023621613351E-031   3.7256866997230166E-032  -1.6876321572509174E-032   5.2495430633689427E-032   1.4734827499029086E-030   2.8766276413622132E-033  -6.5886840357769637E-034   1.6413131819117906E-030  -1.1828672769043537E-032   1.4731667100476167E-030   1.0964563506538778E-016   7.2060308308525485E-032   6.8227239540425639E-032   1.8270143024917554E-032  -4.6148177505551689E-032  -3.0287595539635213E-032   9.8553398336492354E-033  -2.7184105407167133E-032   3.3993552039643835E-035  -2.7198522611088328E-032  -5.1699161743933158E-032   9.8818528750331082E-033  -3.0281864768494484E-032   1.6129883792632198E-032  -3.7185903769146093E-031  -3.0743924570106590E-034   5.7105747713372484E-034  -4.1348462290677640E-031   4.5726256306607263E-033  -4.0711338909693322E-031   5.6992727171993267E-017  -1.8511902293512541E-032  -1.5709075786263813E-032  -1.7866572151543532E-034
   3.2707030232831152E-018   1.6869048248102260E-031   4.4900442413920725E-031   7.3967532034133778E-032   2.2302281172789555E-016   4.9343999194017345E-030  -2.2863000822527496E-033  -1.4056014373034386E-032   4.9870041341564336E-030   5.3122275146338774E-032   4.3738490987478353E-030   3.0544826697834815E-031   1.6495942097172423E-031  -2.7406887491314931E-031   4.3100245654625534E-016  -1.1712825223588685E-031  -4.4914182312977505E-032   9.9192812135774357E-032  -2.3999490851908848E-032  -3.3332091179930913E-035  -2.3985354276203450E-032  -2.9467807031812158E-031   9.9166816439714060E-032  -4.4919801863184685E-032   1.3972738861702577E-031   3.9219774812941209E-030   7.6567362815982899E-033  -1.7537138063802935E-033   4.3686927041618948E-030  -3.1484446110307425E-032   3.9211362761997769E-030   2.9184441533297860E-016   1.9180333566834838E-031   1.8160083455747347E-031   4.8629744412325847E-032  -1.2283286858394753E-031  -8.0616666653763502E-032   2.6232014525192203E-032  -7.2356089179232266E-032   9.0480832312063276E-035  -7.2394463533547490E-032  -1.3760795514901608E-031   2.6302584439414146E-032  -8.0601413027369918E-032   4.2933004145968392E-032  -9.8977933208767487E-031  -8.1831280249808277E-034   1.5199869601396275E-033  -1.1005743908495871E-030   1.2170983851030080E-032  -1.0836160412985583E-030   1.5169786859114956E-016  -4.9273236443288652E-032  -4.1812937063382035E-032  -4.7555557505432358E-034
   5.3880500423271209E-019   2.7789522766261248E-032   7.3967532034133778E-032   1.2185171239035147E-032   3.6740054404700517E-017   8.1287703302098538E-031  -3.7663765763083494E-034  -2.3155422029590637E-033   8.2154288068486587E-031   8.7511912519477809E-033   7.2053370953822524E-031   5.0318556472590364E-032   2.7174879798679287E-032  -4.5149217234465995E-032   7.1001946300403296E-017  -1.9295328249759099E-032  -7.3990166698047755E-033   1.6340702039349972E-032  -3.9535982563973555E-033  -5.4910205547369353E-036  -3.9512694427818848E-033  -4.8544309218776569E-032   1.6336419592724249E-032  -7.3999424162732303E-033   2.3018236654103452E-032   6.4609384538009191E-031   1.2613458926864546E-033  -2.8890112252417342E-034   7.1968426182410226E-031  -5.1866455006668363E-033   6.4595526798214661E-031   4.8077502090341096E-017   3.1597059210498409E-032   2.9916332279591921E-032   8.0111063148795307E-033  -2.0235088238263800E-032  -1.3280528103100807E-032   4.3213769628925744E-033  -1.1919707371458312E-032   1.4905518749282237E-035  -1.1926029038082293E-032  -2.2669088061102911E-032   4.3330024215968291E-033  -1.3278015270179246E-032   7.0726438065206064E-033  -1.6305303582091311E-031  -1.3480619606089388E-034   2.5039772020316738E-034  -1.8130505432586815E-031   2.0050083907611582E-033  -1.7851139084233670E-031   2.4990214686719553E-017  -8.1171131042451385E-033  -6.8881275894022214E-033  -7.8341482490461803E-035
   1.6245750495174995E-003   8.3789432112563926E-017   2.2302281172789555E-016   3.6740054404700517E-017  0.11077658008909828        2.4509418728437454E-015  -1.1356170348995068E-018  -6.9816947865750623E-018   2.4770706574449719E-015   2.6386107867939937E-017   2.1725133910347272E-015   1.5171772854915993E-016   8.1936194630263606E-017  -1.3613142277475862E-016  0.21408114163876110       -5.8178206587832696E-017  -2.2309105851469224E-017   4.9269581047287484E-017  -1.1920670804284046E-017  -1.6556221489287673E-020  -1.1913649094268458E-017  -1.4636811635629338E-016   4.9256668851067356E-017  -2.2311897111021411E-017   6.9403314108780335E-017   1.9480664296094322E-015   3.8031403754089022E-018  -8.7107868661824768E-019   2.1699521832668092E-015  -1.5638486660076151E-017   1.9476485987033338E-015  0.14496062531995246        9.5269705418942996E-017   9.0202070531455013E-017   2.4154644696960329E-017  -6.1011718930639746E-017  -4.0042713841230609E-017   1.3029576819674165E-017  -3.5939642432974514E-017   4.4942295765576432E-020  -3.5958703172551921E-017  -6.8350580581239011E-017   1.3064629259799556E-017  -4.0035137286380701E-017   2.1325044444530168E-017  -4.9162849576714518E-016  -4.0646018674745683E-019   7.5498535741593715E-019  -5.4666097251391818E-016   6.0453904104739433E-018  -5.3823767288522146E-016   7.5349113210158136E-002  -2.4474270505425245E-017  -2.0768701351561391E-017  -2.3621090523733733E-019
   3.5943870186614388E-017   1.8538487783365991E-030   4.9343999194017345E-030   8.1287703302098538E-031   2.4509418728437454E-015   5.4227311036567888E-029  -2.5125629804704275E-032  -1.5447062982147156E-031   5.4805412763613021E-029   5.8379502763933188E-031   4.8067055645860149E-029   3.3567684925351073E-030   1.8128457311036907E-030  -3.0119200648737639E-030   4.7365646584017352E-015  -1.2871980927591901E-030  -4.9359098857440108E-031   1.0900939453911647E-030  -2.6374592177431716E-031  -3.6630790074520437E-034  -2.6359056580392767E-031  -3.2384078379957962E-030   1.0898082618797145E-030  -4.9365274544493209E-031   1.5355546138590083E-030   4.3101146285349596E-029   8.4144825439593817E-032  -1.9272694876996869E-032   4.8010388691902966E-029  -3.4600293448543636E-031   4.3091901738689084E-029   3.2072669712724724E-015   2.1078508655617475E-030   1.9957289844562085E-030   5.3442370277026926E-031  -1.3498898101115370E-030  -8.8594867233521214E-031   2.8828056785187219E-031  -7.9516784561466883E-031   9.9435236640257653E-034  -7.9558956620506865E-031  -1.5122627891653567E-030   2.8905610626603490E-031  -8.8578104037258420E-031   4.7181854077201744E-031  -1.0877325019329259E-029  -8.9929684644712119E-033   1.6704119448229157E-032  -1.2094923554294679E-029   1.3375481065403266E-031  -1.1908557286705655E-029   1.6671059577745054E-015  -5.4149545274646567E-031  -4.5950939942528292E-031  -5.2261876833792101E-033
  -1.6654198019300847E-020  -8.5896049846503163E-034  -2.2863000822527496E-033  -3.7663765763083494E-034  -1.1356170348995068E-018  -2.5125629804704275E-032   1.1641684992592238E-035   7.1572272096924742E-035  -2.5393486899322175E-032  -2.7049502300421134E-034  -2.2271343034980781E-032  -1.5553218640448074E-033  -8.3996218625028561E-034   1.3955401273787506E-033  -2.1946352839216826E-018   5.9640911831640304E-034   2.2869997085961621E-034  -5.0508307346787129E-034   1.2220378009400562E-034   1.6972474815238185E-037   1.2213179760906689E-034   1.5004807529413676E-033  -5.0495070514621195E-034   2.2872858522822859E-034  -7.1148238839852589E-034  -1.9970443398785195E-032  -3.8987581968632068E-035   8.9297917887151046E-036  -2.2245087023386766E-032   1.6031666474039215E-034  -1.9966160039484055E-032  -1.4860519738975341E-018  -9.7664957969086716E-034  -9.2469913583122015E-034  -2.4761936112985908E-034   6.2545663795008023E-034   4.1049460025876754E-034  -1.3357163925852124E-034   3.6843229988014007E-034  -4.6072226293527931E-037   3.6862769949027862E-034   7.0069037689100122E-034  -1.3393097647663333E-034   4.1041692982746799E-034  -2.1861194597016442E-034   5.0398892454176211E-033   4.1667933033100737E-036  -7.7396705358807754E-036   5.6040501719968723E-033  -6.1973824496392381E-035   5.5176994059710849E-033  -7.7243526074919805E-019   2.5089597891851389E-034   2.1290864033357714E-034   2.4214967423692106E-036
  -1.0238885461614342E-019  -5.2808295840136962E-033  -1.4056014373034386E-032  -2.3155422029590637E-033  -6.9816947865750623E-018  -1.5447062982147156E-031   7.1572272096924742E-035   4.4002136601151855E-034  -1.5611739666590025E-031  -1.6629846452330847E-033  -1.3692267267821495E-031  -9.5620109737159403E-033  -5.1640292778654566E-033   8.5796839360011210E-033  -1.3492465548956472E-017   3.6666819042424263E-033   1.4060315627281410E-033  -3.1052157130858814E-033   7.5130036637534683E-034   1.0434559828816854E-036   7.5085782304922819E-034   9.2248516253492145E-033  -3.1044019218227748E-033   1.4062074818822419E-033  -4.3741443894961774E-033  -1.2277690125987696E-031  -2.3969295053385135E-034   5.4899740722883841E-035  -1.3676125253953376E-031   9.8561573842377751E-034  -1.2275056746390282E-031  -9.1361444922831016E-018  -6.0043738947979524E-033  -5.6849861682064305E-033  -1.5223466622340431E-033   3.8452640407875396E-033   2.5236923385861906E-033  -8.2118917626841228E-034   2.2650962324694793E-033  -2.8324885259219017E-036   2.2662975357235502E-033   4.3077958510688632E-033  -8.2339835656882715E-034   2.5232148261602494E-033  -1.3440110852141193E-033   3.0984889613567398E-032   2.5617156302194934E-035  -4.7582957783782449E-035   3.4453311871108005E-032  -3.8101077572235400E-034   3.3922433349166532E-032  -4.7488784222197368E-018   1.5424910811971442E-033   1.3089475576291095E-033   1.4887194064858032E-035
   3.6327057422609833E-017   1.8736121256232496E-030   4.9870041341564336E-030   8.2154288068486587E-031   2.4770706574449719E-015   5.4805412763613021E-029  -2.5393486899322175E-032  -1.5611739666590025E-031   5.5389677466480192E-029   5.9001869809739818E-031   4.8579484666434446E-029   3.3925540335426011E-030   1.8321719567266192E-030  -3.0440292762276374E-030   4.7870598084827800E-015  -1.3009205404750928E-030  -4.9885301978145012E-031   1.1017151226250333E-030  -2.6655764099779159E-031  -3.7021300365374206E-034  -2.6640062882219713E-031  -3.2729315701933863E-030   1.1014263935240416E-030  -4.9891543502417087E-031   1.5519247188351778E-030   4.3560635178102972E-029   8.5041869161266411E-032  -1.9478155519987122E-032   4.8522213602420489E-029  -3.4969157200341747E-031   4.3551292077996087E-029   3.2414587196690897E-015   2.1303220558612833E-030   2.0170048757105277E-030   5.4012103976964600E-031  -1.3642805961495884E-030  -8.9539351567632757E-031   2.9135384386285370E-031  -8.0364490073788166E-031   1.0049528702689975E-033  -8.0407111716989664E-031  -1.5283845867144375E-030   2.9213765006843087E-031  -8.9522409663768120E-031   4.7684846219091801E-031  -1.0993285044989854E-029  -9.0888399082362796E-033   1.6882197249196967E-032  -1.2223864046853890E-029   1.3518073212352150E-031  -1.2035510982222993E-029   1.6848784936966124E-015  -5.4726817963326850E-031  -4.6440809663750669E-031  -5.2819025633515202E-033
   3.8696096649359505E-019   1.9957982022349131E-032   5.3122275146338774E-032   8.7511912519477809E-033   2.6386107867939937E-017   5.8379502763933188E-031  -2.7049502300421134E-034  -1.6629846452330847E-033   5.9001869809739818E-031   6.2849628311199213E-033   5.1747555877135858E-031   3.6137966596884769E-032   1.9516555467444156E-032  -3.2425431464501489E-032   5.0992439839077357E-017  -1.3857590055182781E-032  -5.3138530992805686E-033   1.1735625698828333E-032  -2.8394097872226660E-033  -3.9435614075690475E-036  -2.8377372712654149E-033  -3.4863731155972162E-032   1.1732550115505554E-032  -5.3145179552959115E-033   1.6531322153056931E-032   4.6401406239698184E-031   9.0587804842634334E-034  -2.0748407441433970E-034   5.1686549927699494E-031  -3.7249642078878147E-033   4.6391453836988142E-031   3.4528477889639331E-017   2.2692492598248022E-032   2.1485421927994025E-032   5.7534458996038374E-033  -1.4532510352075065E-032  -9.5378586871878124E-033   3.1035424560047980E-033  -8.5605394317907935E-033   1.0704900466773498E-035  -8.5650795496580167E-033  -1.6280569327942086E-032   3.1118916708428004E-033  -9.5360540115661573E-033   5.0794574317912267E-033  -1.1710203104150133E-031  -9.6815611412767054E-035   1.7983155883192478E-034  -1.3021033305364434E-031   1.4399643259096537E-033  -1.2820396950253990E-031   1.7947564614449676E-017  -5.8295782468269555E-033  -4.9469408939918969E-033  -5.6263575027890678E-035
   3.1860624754609198E-017   1.6432504338491904E-030   4.3738490987478353E-030   7.2053370953822524E-031   2.1725133910347272E-015   4.8067055645860149E-029  -2.2271343034980781E-032  -1.3692267267821495E-031   4.8579484666434446E-029   5.1747555877135858E-031   4.2606609000106650E-029   2.9754375578783468E-030   1.6069053576261599E-030  -2.6697641205469745E-030   4.1984880432681037E-015  -1.1409716094935654E-030  -4.3751875319987236E-031   9.6625861269422546E-031  -2.3378422525405669E-031  -3.2469510127036429E-034  -2.3364651781603542E-031  -2.8705227454107886E-030   9.6600538300277504E-031  -4.3757349445249176E-031   1.3611146793143617E-030   3.8204829951851891E-029   7.4585922285335061E-032  -1.7083305061421760E-032   4.2556379446454164E-029  -3.0669679148071938E-031   3.8196635591293391E-029   2.8429195000158448E-015   1.8683977300627656E-030   1.7690129625867577E-030   4.7371284632207710E-031  -1.1965415097690506E-030  -7.8530436635140623E-031   2.5553172067137623E-031  -7.0483629655146719E-031   8.8139333508966855E-034  -7.0521010942727221E-031  -1.3404688200186943E-030   2.5621915745178237E-031  -7.8515577748130291E-031   4.1821966866001687E-031  -9.6416543064366846E-030  -7.9713617979638959E-033   1.4806521357691558E-032  -1.0720932910073027E-029   1.1856018312015104E-031  -1.0555737963403589E-029   1.4777217108525807E-015  -4.7998124121612260E-031  -4.0730885322852219E-031  -4.6324895959398961E-033
   2.2249904823943041E-018   1.1475658759565988E-031   3.0544826697834815E-031   5.0318556472590364E-032   1.5171772854915993E-016   3.3567684925351073E-030  -1.5553218640448074E-033  -9.5620109737159403E-033   3.3925540335426011E-030   3.6137966596884769E-032   2.9754375578783468E-030   2.0779003231190963E-031   1.1221842491677393E-031  -1.8644329181258330E-031   2.9320190701428075E-016  -7.9679886736622561E-032  -3.0554173662206928E-032   6.7478784026830882E-032  -1.6326348906543362E-032  -2.2675120640944153E-035  -1.6316732091389479E-032  -2.0046329402600298E-031   6.7461099701502157E-032  -3.0557996524031223E-032   9.5053603946781028E-032   2.6680387995864951E-030   5.2087166677879954E-033  -1.1930146210959978E-033   2.9719297710828124E-030  -2.1418206556880224E-032   2.6674665454517317E-030   1.9853561813263999E-016   1.3047977554537340E-031   1.2353922860279977E-031   3.3081792418463374E-032  -8.3560617267578894E-032  -5.4841822920054071E-032   1.7845087810508186E-032  -4.9222325787763735E-032   6.1552207369586499E-035  -4.9248431053974571E-032  -9.3611797931126356E-032   1.7893095039036565E-032  -5.4831446198809091E-032   2.9206419820252229E-032  -6.7332606411787908E-031  -5.5668099005576978E-034   1.0340151629784262E-033  -7.4869761252404378E-031   8.2796643526300990E-033  -7.3716120396614312E-031   1.0319686972863785E-016  -3.3519546514202592E-032  -2.8444461739479675E-032  -3.2351045656334095E-034
   1.2016212934329042E-018   6.1975078234157660E-032   1.6495942097172423E-031   2.7174879798679287E-032   8.1936194630263606E-017   1.8128457311036907E-030  -8.3996218625028561E-034  -5.1640292778654566E-033   1.8321719567266192E-030   1.9516555467444156E-032   1.6069053576261599E-030   1.1221842491677393E-031   6.0604326158910999E-032  -1.0068997203918029E-031   1.5834569070352443E-016  -4.3031666570553962E-032  -1.6500989989065605E-032   3.6442377791362952E-032  -8.8171561385766298E-033  -1.2245853637988673E-035  -8.8119625119272801E-033  -1.0826156990754188E-031   3.6432827250790693E-032  -1.6503054551681165E-032   5.1334347460704641E-032   1.4408925605103544E-030   2.8130029809106208E-033  -6.4429568729799654E-034   1.6050109534299668E-030  -1.1567048609662588E-032   1.4405835107597926E-030   1.0722051538680089E-016   7.0466493182006063E-032   6.6718203443124770E-032   1.7866047746944092E-032  -4.5127481576043017E-032  -2.9617700710566580E-032   9.6373614475922718E-033  -2.6582852936620660E-032   3.3241689624443765E-035  -2.6596951263781110E-032  -5.0555690283013713E-032   9.6632880789620955E-033  -2.9612096691447107E-032   1.5773126329596807E-032  -3.6363433572837637E-031  -3.0063936749091249E-034   5.5842694492352518E-034  -4.0433925478330933E-031   4.4714892343681331E-033  -3.9810893861674410E-031   5.5732173716137861E-017  -1.8102459833597903E-032  -1.5361625668445971E-032  -1.7471402971413730E-034
  -1.9964121722959338E-018  -1.0296738351913519E-031  -2.7406887491314931E-031  -4.5149217234465995E-032  -1.3613142277475862E-016  -3.0119200648737639E-030   1.3955401273787506E-033   8.5796839360011210E-033  -3.0440292762276374E-030  -3.2425431464501489E-032  -2.6697641205469745E-030  -1.8644329181258330E-031  -1.0068997203918029E-031   1.6728955029822062E-031  -2.6308061123650088E-016   7.1494191560305349E-032   2.7415274220873624E-032  -6.0546535757729075E-032   1.4649106117118827E-032   2.0345654156302725E-035   1.4640477259160177E-032   1.7986924594004977E-031  -6.0530668183182359E-032   2.7418704351446957E-032  -8.5288531992165535E-032  -2.3939451327092766E-030  -4.6736134108864215E-033   1.0704535278371527E-033  -2.6666166966313056E-030   1.9217865702010032E-032  -2.3934316675374801E-030  -1.7813960455587180E-016  -1.1707529277020137E-031  -1.1084776392988261E-031  -2.9683224979244384E-032   7.4976245857034111E-032   4.9207798278164148E-032  -1.6011821534738056E-032   4.4165604809986265E-032  -5.5228809739487687E-035   4.4189028223091504E-032   8.3994845973048267E-032  -1.6054896871981348E-032   4.9198487580987727E-032  -2.6205978182698422E-032   6.0415375300056034E-031   4.9949189150560094E-034  -9.2778844405989817E-034   6.7178221158207141E-031  -7.4290756867993403E-033   6.6143096439615632E-031  -9.2595221642201934E-017   3.0076007605561830E-032   2.5522297780795469E-032   2.9027549486551554E-034
   3.1395704850142770E-003   1.6192716248771829E-016   4.3100245654625534E-016   7.1001946300403296E-017  0.21408114163876110        4.7365646584017352E-015  -2.1946352839216826E-018  -1.3492465548956472E-017   4.7870598084827800E-015   5.0992439839077357E-017   4.1984880432681037E-015   2.9320190701428075E-016   1.5834569070352443E-016  -2.6308061123650088E-016  0.41372224317173678       -1.1243222055421280E-016  -4.3113434678892995E-017   9.5215867380841711E-017  -2.3037277489776228E-017  -3.1995705182450413E-020  -2.3023707692846367E-017  -2.8286352064549799E-016   9.5190913932146635E-017  -4.3118828924058005E-017   1.3412528808860951E-016   3.7647333480010061E-015   7.3497541874388408E-018  -1.6834020290068429E-018   4.1935383843917514E-015  -3.0222137883286324E-017   3.7639258694047393E-015  0.28014347559929925        1.8411335034238825E-016   1.7431989886330070E-016   4.6680028472126540E-017  -1.1790812129702106E-016  -7.7384496673846081E-017   2.5180292426271534E-017  -6.9455111143092834E-017   8.6853177608687613E-020  -6.9491946951581683E-017  -1.3209082922342177E-016   2.5248032975702040E-017  -7.7369854612223912E-017   4.1211688034695129E-017  -9.5009603610551393E-016  -7.8550412677131329E-019   1.4590460105028827E-018  -1.0564489803802140E-015   1.1683011695119529E-017  -1.0401705431922602E-015  0.14561583472359221       -4.7297720929488430E-017  -4.0136527884509960E-017  -4.5648909020356113E-019
  -8.5320257018449882E-019  -4.4004959237784385E-032  -1.1712825223588685E-031  -1.9295328249759099E-032  -5.8178206587832696E-017  -1.2871980927591901E-030   5.9640911831640304E-034   3.6666819042424263E-033  -1.3009205404750928E-030  -1.3857590055182781E-032  -1.1409716094935654E-030  -7.9679886736622561E-032  -4.3031666570553962E-032   7.1494191560305349E-032  -1.1243222055421280E-016   3.0554325824593985E-032   1.1716409442976954E-032  -2.5875648646668654E-032   6.2605583974462650E-033   8.6950804343569441E-036   6.2568707001409477E-033   7.6870350252728105E-032  -2.5868867353920735E-032   1.1717875370835862E-032  -3.6449584766502727E-032  -1.0230954150911967E-030  -1.9973525655432404E-033   4.5747752587752685E-034  -1.1396265013983665E-030   8.2130997987047710E-033  -1.0228759765351928E-030  -7.6131156966413392E-017  -5.0034227442003228E-032  -4.7372781230549024E-032  -1.2685658901052777E-032   3.2042444218539832E-032   2.1029835695585295E-032  -6.8429392869625116E-033   1.8874963827884038E-032  -2.3603022998888352E-035   1.8884974243839826E-032   3.5896704829263501E-032  -6.8613483053794225E-033   2.1025856602053724E-032  -1.1199595078587236E-032   2.5819594871227826E-031   2.1346682390179472E-034  -3.9650704200477217E-034   2.8709818417250566E-031  -3.1749488197033461E-033   2.8267439292028088E-031  -3.9572229717010190E-017   1.2853521605432337E-032   1.0907411989251764E-032   1.2405444212254746E-034
  -3.2717038848998081E-019  -1.6874210313499659E-032  -4.4914182312977505E-032  -7.3990166698047755E-033  -2.2309105851469224E-017  -4.9359098857440108E-031   2.2869997085961621E-034   1.4060315627281410E-033  -4.9885301978145012E-031  -5.3138530992805686E-033  -4.3751875319987236E-031  -3.0554173662206928E-032  -1.6500989989065605E-032   2.7415274220873624E-032  -4.3113434678892995E-017   1.1716409442976954E-032   4.4927926416554680E-033  -9.9223165939715513E-033   2.4006834890497142E-033   3.3342291069810435E-036   2.3992693988885079E-033   2.9476824419442979E-032  -9.9197162288761658E-033   4.4933547686389747E-033  -1.3977014632968631E-032  -3.9231776381700638E-031  -7.6590793049173862E-034   1.7542504570095236E-034  -4.3700295595142750E-031   3.1494080605830349E-033  -3.9223361756601473E-031  -2.9193372208790976E-017  -1.9186202904260384E-032  -1.8165640588375229E-032  -4.8644625508000202E-033   1.2287045643663815E-032   8.0641336006726790E-033  -2.6240041734107195E-033   7.2378230728580520E-033  -9.0508520179614348E-036   7.2416616825758978E-033   1.3765006429786872E-032  -2.6310633243294485E-033   8.0626077712599986E-033  -4.2946141992979606E-033   9.9008221258016544E-032   8.1856321284369911E-035  -1.5204520884608010E-034   1.1009111755274608E-031  -1.2174708270669273E-033   1.0839476365841125E-031  -1.5174428936763894E-017   4.9288314452736540E-033   4.1825732160793819E-033   4.7570109891212659E-035
   7.2255464110938566E-019   3.7266633552469017E-032   9.9192812135774357E-032   1.6340702039349972E-032   4.9269581047287484E-017   1.0900939453911647E-030  -5.0508307346787129E-034  -3.1052157130858814E-033   1.1017151226250333E-030   1.1735625698828333E-032   9.6625861269422546E-031   6.7478784026830882E-032   3.6442377791362952E-032  -6.0546535757729075E-032   9.5215867380841711E-017  -2.5875648646668654E-032  -9.9223165939715513E-033   2.1913400960950267E-032  -5.3019009600884617E-033  -7.3636331420162520E-036  -5.2987779469892547E-033  -6.5099462050145903E-032   2.1907658063871708E-032  -9.9235580494183598E-033   3.0868187180743453E-032   8.6643238816313216E-031   1.6915049445443259E-033  -3.8742559044866288E-034   9.6511947630277084E-031  -6.9554565173958865E-033   8.6624655146664318E-031   6.4473458849536592E-017   4.2372660978651668E-032   4.0118752728312728E-032   1.0743148268416698E-032  -2.7135896669401758E-032  -1.7809610419161221E-032   5.7951038984274550E-033  -1.5984706552935290E-032   1.9988774539638864E-035  -1.5993184108865209E-032  -3.0399967816915140E-032   5.8106940081625098E-033  -1.7806240630321948E-032   9.4846402078103665E-033  -2.1865930504329732E-031  -1.8077939486254494E-034   3.3579130378281582E-034  -2.4313584215183844E-031   2.6887799980083774E-033  -2.3938945060041247E-031   3.3512672418332516E-017  -1.0885306743270325E-032  -9.2371980942600382E-033  -1.0505841876038792E-034
  -1.7482056538101606E-019  -9.0165830745850696E-033  -2.3999490851908848E-032  -3.9535982563973555E-033  -1.1920670804284046E-017  -2.6374592177431716E-031   1.2220378009400562E-034   7.5130036637534683E-034  -2.6655764099779159E-031  -2.8394097872226660E-033  -2.3378422525405669E-031  -1.6326348906543362E-032  -8.8171561385766298E-033   1.4649106117118827E-032  -2.3037277489776228E-017   6.2605583974462650E-033   2.4006834890497142E-033  -5.3019009600884617E-033   1.2827837103277265E-033   1.7816154459532226E-036   1.2820281039214658E-033   1.5750676992584160E-032  -5.3005114783010957E-033   2.4009838565662431E-033  -7.4684925238860325E-033  -2.0963148161437390E-031  -4.0925603951003681E-034   9.3736801221453565E-035  -2.3350861361630646E-031   1.6828579759549858E-033  -2.0958651881917429E-031  -1.5599216843780992E-017  -1.0251975598153527E-032  -9.7066472697156795E-033  -2.5992819745411702E-033   6.5654727379260951E-033   4.3089975284264435E-033  -1.4021131168839130E-033   3.8674659022925489E-033  -4.8362416729177290E-036   3.8695170289982641E-033   7.3552078402790884E-033  -1.4058851109216922E-033   4.3081822151524302E-033  -2.2947886142134802E-033   5.2904155836295196E-032   4.3739191780132257E-035  -8.1243994900108101E-035   5.8826202159760437E-032  -6.5054462692992583E-034   5.7919770657011573E-032  -8.1083201273282511E-018   2.6336769165063300E-033   2.2349205188075398E-033   2.5418661954101436E-035
  -2.4280244365865904E-022  -1.2522831047875633E-035  -3.3332091179930913E-035  -5.4910205547369353E-036  -1.6556221489287673E-020  -3.6630790074520437E-034   1.6972474815238185E-037   1.0434559828816854E-036  -3.7021300365374206E-034  -3.9435614075690475E-036  -3.2469510127036429E-034  -2.2675120640944153E-035  -1.2245853637988673E-035   2.0345654156302725E-035  -3.1995705182450413E-020   8.6950804343569441E-036   3.3342291069810435E-036  -7.3636331420162520E-036   1.7816154459532226E-036   2.4744261808938664E-039   1.7805660094553805E-036   2.1875589149038055E-035  -7.3617033371751779E-036   3.3346462773914576E-036  -1.0372739793477811E-035  -2.9115016241265635E-034  -5.6840204273754265E-037   1.3018791208981172E-037  -3.2431231347305526E-034   2.3372652296473233E-036  -2.9108771508831329E-034  -2.1665231207647329E-020  -1.4238626457565068E-035  -1.3481238158011043E-035  -3.6100559096180204E-036   9.1185657766776045E-036   5.9846227321186452E-036  -1.9473480727127393E-036   5.3713942052331440E-036  -6.7168945126622906E-039   5.3742429466001315E-036   1.0215402480508275E-035  -1.9525868692344339E-036   5.9834903707465936E-036  -3.1871552525685035E-036   7.3476814863029049E-035   6.0747902426267292E-038  -1.1283707069214165E-037   8.1701747185283610E-035  -9.0351970194891629E-037   8.0442834748998170E-035  -1.1261374979489536E-020   3.6578258956058667E-036   3.1040064546563638E-036   3.5303130518644384E-038
  -1.7471758968988081E-019  -9.0112719781945505E-033  -2.3985354276203450E-032  -3.9512694427818848E-033  -1.1913649094268458E-017  -2.6359056580392767E-031   1.2213179760906689E-034   7.5085782304922819E-034  -2.6640062882219713E-031  -2.8377372712654149E-033  -2.3364651781603542E-031  -1.6316732091389479E-032  -8.8119625119272801E-033   1.4640477259160177E-032  -2.3023707692846367E-017   6.2568707001409477E-033   2.3992693988885079E-033  -5.2987779469892547E-033   1.2820281039214658E-033   1.7805660094553805E-036   1.2812729425949458E-033   1.5741399269190323E-032  -5.2973892836573548E-033   2.3995695894776106E-033  -7.4640933093101652E-033  -2.0950800102354125E-031  -4.0901497277153289E-034   9.3681586825655521E-035  -2.3337106852359519E-031   1.6818667112100244E-033  -2.0946306471306842E-031  -1.5590028335940647E-017  -1.0245936810494761E-032  -9.7009297003380353E-033  -2.5977509026263736E-033   6.5616054349497890E-033   4.3064593716734168E-033  -1.4012872211035955E-033   3.8651878237760852E-033  -4.8333929501277051E-036   3.8672377422933374E-033   7.3508753545149261E-033  -1.4050569932992696E-033   4.3056445386486677E-033  -2.2934368999970043E-033   5.2872993358360772E-032   4.3713427800400012E-035  -8.1196139223018895E-035   5.8791551380482495E-032  -6.5016143241029692E-034   5.7885653798958850E-032  -8.1035440309505864E-018   2.6321255847158562E-033   2.2336040690834757E-033   2.5403689434840033E-035
  -2.1465366568100924E-018  -1.1071023621613351E-031  -2.9467807031812158E-031  -4.8544309218776569E-032  -1.4636811635629338E-016  -3.2384078379957962E-030   1.5004807529413676E-033   9.2248516253492145E-033  -3.2729315701933863E-030  -3.4863731155972162E-032  -2.8705227454107886E-030  -2.0046329402600298E-031  -1.0826156990754188E-031   1.7986924594004977E-031  -2.8286352064549799E-016   7.6870350252728105E-032   2.9476824419442979E-032  -6.5099462050145903E-032   1.5750676992584160E-032   2.1875589149038055E-035   1.5741399269190323E-032   1.9339489870926046E-031  -6.5082401279383317E-032   2.9480512486023357E-032  -9.1701985625624569E-032  -2.5739629586824828E-030  -5.0250557702669972E-033   1.1509485710416349E-033  -2.8671386442200336E-030   2.0662994229081008E-032  -2.5734108823985614E-030  -1.9153519324072287E-016  -1.2587901988646012E-031  -1.1918319869152463E-031  -3.1915318587250250E-032   8.0614245071970584E-032   5.2908083947175326E-032  -1.7215864711488903E-032   4.7486731953651272E-032  -5.9381858246968994E-035   4.7511916740418113E-032   9.0311018118526889E-032  -1.7262179190873614E-032   5.2898073112204971E-032  -2.8176592778452210E-032   6.4958438701247282E-031   5.3705225292387679E-034  -9.9755548106534039E-034   7.2229831222453458E-031  -7.9877209271831488E-033   7.1116868086052820E-031  -9.9558117436171924E-017   3.2337637343491319E-032   2.7441501566030067E-032   3.1210338173101309E-034
   7.2236527949705906E-019   3.7256866997230166E-032   9.9166816439714060E-032   1.6336419592724249E-032   4.9256668851067356E-017   1.0898082618797145E-030  -5.0495070514621195E-034  -3.1044019218227748E-033   1.1014263935240416E-030   1.1732550115505554E-032   9.6600538300277504E-031   6.7461099701502157E-032   3.6432827250790693E-032  -6.0530668183182359E-032   9.5190913932146635E-017  -2.5868867353920735E-032  -9.9197162288761658E-033   2.1907658063871708E-032  -5.3005114783010957E-033  -7.3617033371751779E-036  -5.2973892836573548E-033  -6.5082401279383317E-032   2.1901916671847839E-032  -9.9209573589717945E-033   3.0860097481554517E-032   8.6620532016763391E-031   1.6910616478227580E-033  -3.8732405690325329E-034   9.6486654514750228E-031  -6.9536336843730736E-033   8.6601953217380992E-031   6.4456562136920809E-017   4.2361556274668081E-032   4.0108238711421909E-032   1.0740332786013252E-032  -2.7128785100458880E-032  -1.7804943012224765E-032   5.7935851617736818E-033  -1.5980517402892899E-032   1.9983536033981424E-035  -1.5988992737089585E-032  -3.0392000825087846E-032   5.8091711857716204E-033  -1.7801574106514066E-032   9.4821545456058695E-033  -2.1860200047946575E-031  -1.8073201757681601E-034   3.3570330215764880E-034  -2.4307212296374550E-031   2.6880753430429996E-033  -2.3932671323805870E-031   3.3503889672611352E-017  -1.0882454005057460E-032  -9.2347772797984168E-033  -1.0503088585085680E-034
  -3.2721132323107461E-019  -1.6876321572509174E-032  -4.4919801863184685E-032  -7.3999424162732303E-033  -2.2311897111021411E-017  -4.9365274544493209E-031   2.2872858522822859E-034   1.4062074818822419E-033  -4.9891543502417087E-031  -5.3145179552959115E-033  -4.3757349445249176E-031  -3.0557996524031223E-032  -1.6503054551681165E-032   2.7418704351446957E-032  -4.3118828924058005E-017   1.1717875370835862E-032   4.4933547686389747E-033  -9.9235580494183598E-033   2.4009838565662431E-033   3.3346462773914576E-036   2.3995695894776106E-033   2.9480512486023357E-032  -9.9209573589717945E-033   4.4939169659544033E-033  -1.3978763402097481E-032  -3.9236684963483505E-031  -7.6600375897725987E-034   1.7544699444411426E-034  -4.3705763266878467E-031   3.1498021066461702E-033  -3.9228269285567487E-031  -2.9197024810539373E-017  -1.9188603434002960E-032  -1.8167913427912207E-032  -4.8650711801933970E-033   1.2288582968097584E-032   8.0651425649087554E-033  -2.6243324822529817E-033   7.2387286511866340E-033  -9.0519844379391227E-036   7.2425677411817317E-033   1.3766728672979352E-032  -2.6313925163950261E-033   8.0636165445881138E-033  -4.2951515306901978E-033   9.9020608919143411E-032   8.1866562942651193E-035  -1.5206423236250346E-034   1.1010489187815049E-031  -1.2176231539731773E-033   1.0840832574025723E-031  -1.5176327523376943E-017   4.9294481283421883E-033   4.1830965291838973E-033   4.7576061744438708E-035
   1.0178224708170641E-018   5.2495430633689427E-032   1.3972738861702577E-031   2.3018236654103452E-032   6.9403314108780335E-017   1.5355546138590083E-030  -7.1148238839852589E-034  -4.3741443894961774E-033   1.5519247188351778E-030   1.6531322153056931E-032   1.3611146793143617E-030   9.5053603946781028E-032   5.1334347460704641E-032  -8.5288531992165535E-032   1.3412528808860951E-016  -3.6449584766502727E-032  -1.3977014632968631E-032   3.0868187180743453E-032  -7.4684925238860325E-033  -1.0372739793477811E-035  -7.4640933093101652E-033  -9.1701985625624569E-032   3.0860097481554517E-032  -1.3978763402097481E-032   4.3482295674842374E-032   1.2204950379422225E-030   2.3827287849290145E-033  -5.4574484653890876E-034   1.3595100413387923E-030  -9.7977641211009791E-033   1.2202332601404795E-030   9.0820169790346985E-017   5.9688007022095962E-032   5.6513052030688397E-032   1.5133274485823397E-032  -3.8224825950160617E-032  -2.5087406058714664E-032   8.1632400277477295E-033  -2.2516765644207245E-032   2.8157073158236720E-035  -2.2528707504977571E-032  -4.2822741140607523E-032   8.1852009468368095E-033  -2.5082659224901164E-032   1.3360484289883584E-032  -3.0801318192988917E-031  -2.5465386267438516E-034   4.7301050335841435E-034  -3.4249191621441426E-031   3.7875345964902404E-033  -3.3721458314010732E-031   4.7207434709904876E-017  -1.5333525209977557E-032  -1.3011926369044123E-032  -1.4798994190758212E-034
   2.8569036106735472E-017   1.4734827499029086E-030   3.9219774812941209E-030   6.4609384538009191E-031   1.9480664296094322E-015   4.3101146285349596E-029  -1.9970443398785195E-032  -1.2277690125987696E-031   4.3560635178102972E-029   4.6401406239698184E-031   3.8204829951851891E-029   2.6680387995864951E-030   1.4408925605103544E-030  -2.3939451327092766E-030   3.7647333480010061E-015  -1.0230954150911967E-030  -3.9231776381700638E-031   8.6643238816313216E-031  -2.0963148161437390E-031  -2.9115016241265635E-034  -2.0950800102354125E-031  -2.5739629586824828E-030   8.6620532016763391E-031  -3.9236684963483505E-031   1.2204950379422225E-030   3.4257808023310792E-029   6.6880292625637808E-032  -1.5318392620393595E-032   3.8159789719810758E-029  -2.7501129614117218E-031   3.4250460239503334E-029   2.5492114630534731E-015   1.6753696019154062E-030   1.5862524853381230E-030   4.2477256849277540E-031  -1.0729242712308853E-030  -7.0417290840552866E-031   2.2913219720277689E-031  -6.3201816538777947E-031   7.9033472219561321E-034  -6.3235335886337163E-031  -1.2019821461136601E-030   2.2974861343289740E-031  -7.0403967056641743E-031   3.7501250859076325E-031  -8.6455545718513289E-030  -7.1478235213493916E-033   1.3276828265015253E-032  -9.6133306162320354E-030   1.0631147940345247E-031  -9.4652023095086504E-030   1.3250551499918986E-015  -4.3039336222919939E-031  -3.6522891261870988E-031  -4.1538972807285315E-033
   5.5774306796008007E-020   2.8766276413622132E-033   7.6567362815982899E-033   1.2613458926864546E-033   3.8031403754089022E-018   8.4144825439593817E-032  -3.8987581968632068E-035  -2.3969295053385135E-034   8.5041869161266411E-032   9.0587804842634334E-034   7.4585922285335061E-032   5.2087166677879954E-033   2.8130029809106208E-033  -4.6736134108864215E-033   7.3497541874388408E-018  -1.9973525655432404E-033  -7.6590793049173862E-034   1.6915049445443259E-033  -4.0925603951003681E-034  -5.6840204273754265E-037  -4.0901497277153289E-034  -5.0250557702669972E-033   1.6910616478227580E-033  -7.6600375897725987E-034   2.3827287849290145E-033   6.6880292625637808E-032   1.3056800185952645E-034  -2.9905549716117634E-035   7.4497991852168183E-032  -5.3689471167455001E-034   6.6865947810264381E-032   4.9767343111279900E-018   3.2707641176562313E-033   3.0967839601812941E-033   8.2926828420574065E-034  -2.0946316581680673E-033  -1.3747315689655956E-033   4.4732658868452790E-034  -1.2338664463613971E-033   1.5429421945699964E-036  -1.2345208325882846E-033  -2.3465867287297815E-033   4.4852999603101085E-034  -1.3744714535004581E-033   7.3212350001373062E-034  -1.6878406793653833E-032  -1.3954440062801893E-035   2.5919876686224242E-035  -1.8767761331463771E-032   2.0754809668876827E-034  -1.8478575739289891E-032   2.5868577498088868E-018  -8.4024155866698449E-034  -7.1302333572135386E-034  -8.1095050063601969E-036
