   5.8534756029711658E-006   9.5091886420875919E-016  -1.3352841520923274E-015  -1.4689937732399444E-018   5.1961135829296670E-004   4.1223709376412341E-014  -5.9512969693180325E-014  -1.0197819243466346E-017   8.1776000944984000E-018   7.1971018576738224E-018   2.1665654567921126E-017   1.7372928066121834E-017  -7.3050615393689871E-018   4.0884175712007372E-016   2.7005027035330595E-017  -9.6604962713165865E-018  -9.4459568892898568E-018  -2.6141423142798986E-017  -2.1149626500472143E-017   2.4963630183966704E-017  -1.6142092229349229E-015  -2.7560511577509183E-016   2.7963348531777431E-016  -4.1335857534606430E-015  -8.6955353827884654E-017   7.9154436626865739E-015   1.5632973263026235E-016  -6.4923838466681717E-017   6.8012333771606882E-017  -1.6583927918382509E-016   1.5444479763502240E-003   1.2625653802909240E-013  -1.8169768417222208E-013   7.2918004330353089E-019  -1.0689490266901008E-018   2.6571088017936109E-018   1.6314321776253212E-018  -1.4171405072512447E-018  -5.0058345985808228E-018   1.6939569343854151E-018  -4.4908257864401755E-018  -5.2893956319403061E-020   3.1355700028998059E-019   1.1761322808744619E-018   2.2585530663766396E-018  -7.4470478942347123E-019   4.5947798159553319E-020  -6.5431664836314226E-019   1.2309921088958702E-015   4.6775940690134218E-015   3.0609189591618134E-016  -3.1360724323539846E-016   5.0517613501901151E-015   9.3574746583212017E-017  -9.2339158790311927E-015  -1.6991410122619263E-016   6.7525862740253853E-017  -7.4445454848120942E-017   1.6871173420755016E-016   9.6818417601999656E-017  -5.0559673024764942E-017   5.5730613306780934E-016  -4.7575749555434468E-017   5.4283577791347213E-017  -3.6030462994432969E-017   1.5339285627182515E-003   1.2515066489075572E-013  -1.7992989432991617E-013  -3.2149484510391834E-018   1.4808392241485949E-018  -1.6975664611806451E-018  -9.5910144791501462E-019   1.4584973056794143E-018   1.5907165321599158E-018  -4.9363132354813992E-019   2.1343662444566809E-018   6.4115662311363202E-020  -5.5860565495925903E-019   5.7622685888465566E-019  -5.0748563516895583E-019  -3.9767676096264857E-019   1.0352336287121951E-018  -5.2643964686640479E-018   5.3503093731854677E-016  -1.7351083043029533E-015  -2.2769029026059539E-017   2.5886310237939168E-017   4.4675960626624153E-017  -4.2277822594441524E-018   2.5418901435689818E-015   1.2841475301732547E-017  -4.1391741397808544E-018   5.5710165055247961E-018  -1.9348247460755899E-017   7.4404014886357470E-016  -3.4968102932561899E-016   3.7900868739186237E-015  -4.8384739458606638E-016   3.0722282779290531E-016  -2.6325580497068744E-016   9.9669325404357642E-004   8.0184624370824282E-014  -1.1563966331418125E-013   2.5741904037303168E-004  -5.3888672855119766E-014   1.0183255815574040E-013  -1.6619121363962528E-005  -8.7810248653581641E-015  -1.6519966433036925E-015   1.1907317663682226E-015  -1.0132462719998288E-015   6.3336852141525471E-015  -3.0168341449546375E-015   3.2574516592239850E-014  -4.0775073639144918E-015   2.6649261941371573E-015  -2.2556043672651575E-015  -7.1462039795300441E-015  -3.5088345526125553E-015
   9.5091886420875919E-016   5.8534756909251510E-006   3.7653779372069254E-016  -3.4386847452940531E-016   4.2825022300364071E-014   5.1961136227289192E-004   1.7384290745210301E-014  -9.4903769883572485E-018  -3.4229279357184118E-018   3.9741996930591044E-018  -1.2384889111488053E-017   1.6868732341137575E-018  -1.6921467792495002E-017  -4.7836554462808894E-014  -9.5762581924649407E-017  -7.9340798711776775E-019  -1.1162786459128717E-018  -8.4405512493254482E-017  -3.2096900137384366E-018  -9.1694461545329570E-017   1.5641259976601277E-016   3.4628138568224810E-016   2.4720540141198163E-017  -2.7274918236863533E-016   1.9950717439817686E-016   6.9300694495483007E-017  -6.2556044879386766E-015  -1.1972738662715245E-016   8.9562547260439504E-015   6.0604007473369949E-017   1.3086835818039094E-013   1.5444479883900623E-003   5.3017379044493083E-014   1.1923857436397691E-017   7.2222282940845401E-019   1.6957392170535484E-019   1.2312477029093063E-018  -4.7696330065481656E-019   3.1773095649923310E-018   1.0695723966637576E-018   2.0569832776938303E-018  -2.7694455778230528E-019   6.5313226720464955E-019  -2.5177408961460405E-018  -5.0438867371789175E-019   1.4783667216944275E-019   7.4846824629738187E-019   6.3585202806456240E-018  -1.3287092091769126E-013  -1.6635563722081232E-016   9.1048877866921251E-016  -3.2328466943506479E-017   3.0600851074055894E-016  -2.2094756899922543E-016  -7.3840140591228576E-017   8.1257372233388190E-015   1.2455132660515157E-016  -1.0375139847733008E-014  -7.8602128974134202E-017  -1.6307105521750930E-016  -3.5188168805914663E-018   3.3634870668437715E-017   1.2770825648691293E-016   3.9534212619919015E-018  -2.0399439320206987E-017   1.2980988972261761E-013   1.5339285747196744E-003   5.2767197976012329E-014   2.0896954406081725E-017   1.4531474777177235E-018   2.0989680092549581E-018   5.2862618393123318E-018   2.1909468749457826E-019   1.0409635173267892E-017   1.0712932966704210E-018  -4.0962271289875997E-019   8.8680024472703786E-019   1.6379126787585474E-018  -5.9291222927940507E-018  -1.7608259015600715E-019   1.4720745437063148E-018  -6.0892539906355175E-019   9.0370442643591675E-018  -6.1815157023275502E-014   1.3065411043860926E-017  -1.0791686789019592E-015  -1.5149667300510869E-019  -2.2211616666829141E-017   1.9571105576121005E-017   6.3055453888826270E-018  -5.9082637074619323E-016  -5.4207126270636464E-018   2.1663716839147517E-015   2.1949157062339713E-018  -8.3163808361771354E-016   1.6111280319611953E-017   2.5222793783524250E-016   8.1736007491379902E-016   1.0178689829196569E-017   2.5108004822844516E-017   8.3188672948706537E-014   9.9669326165027100E-004   3.3482107018589500E-014  -5.9958417817934347E-014   2.5741902965528143E-004  -2.8020134107874269E-014  -3.3761850420750602E-015  -1.6619121879024452E-005  -2.7416227927675312E-015  -1.3036233501145199E-013   1.1595587576245981E-014  -7.2273173463426497E-015   1.3637157420494922E-016   2.1491193913377371E-015   7.0410903247159865E-015   9.7318276524209147E-017   1.8269978904123601E-016  -5.0751890412558560E-015  -1.5121922834046508E-014
  -1.3352841520923274E-015   3.7653779372069254E-016   5.8534756870267327E-006   4.3042216702682509E-018  -5.9127974848628865E-014   1.6095782280826954E-014   5.1961136219334206E-004   1.8664839251189170E-017   5.3810215509821093E-018  -2.1770074553479088E-018  -2.7718575001564593E-018   4.1181582332867647E-018  -1.8674228246362250E-017   4.7227957916031974E-015  -2.0806688573641724E-017  -4.6206301610463389E-018   2.6155732012852115E-018  -3.0672699715487495E-018  -6.1960994110276017E-018   2.5172320113552598E-017  -1.4470654921714878E-016   3.5182628063492146E-017  -4.2816570150612984E-015  -5.9055943552409777E-017  -2.0207321324141532E-016   2.7685216141074269E-016   6.3553410518365253E-017  -7.6899846680621832E-015  -1.1416381505857151E-016   9.7163924052264950E-015  -1.8062773295850166E-013   4.9103315254126129E-014   1.5444479880011961E-003  -4.2251774829248645E-018   1.3703720297679475E-018  -1.5176772906652976E-018  -4.6576396071347964E-018  -9.4074707531172488E-019  -2.1988387760897723E-018  -1.7898990644954816E-018  -2.2063783651661771E-019  -2.7849165549427104E-018  -1.9237861852676109E-018  -3.4801848975045357E-018  -2.1400415430164187E-018  -8.2436193935133513E-019   1.8093414974670052E-018  -2.5983587678118573E-018   1.2845281232992927E-014   1.8276257107647209E-016  -3.4005727189031643E-017   6.4026356178198853E-015   7.5868032631780420E-017   2.2438029869636013E-016  -2.9750826960910748E-016  -6.1844771737963202E-017   9.3896096317331913E-015   1.2612912361956875E-016  -1.0989218676356950E-014  -3.0517297048010392E-017   4.0743737975867993E-017   6.9270498216779412E-018   5.2163838269528722E-017   1.3101589519088514E-017  -1.0582162463940647E-016  -1.7878322506577673E-013   4.8994901874160923E-014   1.5339285744314615E-003  -3.6166461707799115E-018  -2.1123878883686643E-018  -1.8809483191728274E-018   2.1820808918447104E-019  -2.3895068193098835E-020  -3.1430018054263060E-019  -9.7414241578510130E-020  -1.5558226060829608E-018   5.7761583151174069E-019  -2.3613535861721793E-018  -4.4538731420134522E-019   8.4335437775104947E-019  -4.9754017816283893E-019  -1.4852352374626170E-018   2.1904103157083239E-018   5.8843537518545847E-015  -1.5183362862702596E-017   3.1223912597877555E-018  -2.1308617368282224E-015  -4.9611593355329690E-018  -1.7708514925291928E-017   2.5890181665683405E-017   1.4074703967083648E-018  -1.3791195908444004E-015  -4.1051124724000387E-018   2.4480014391737010E-015  -1.1439830138761770E-016   2.2933443176238386E-016  -1.6805209534982833E-017   5.1347693504825785E-016   5.0719585877899329E-017  -4.1211131188957521E-016  -1.1489278454844612E-013   3.0977071516968194E-014   9.9669326134179076E-004   9.0393801454872569E-014  -3.1842634105818930E-014   2.5741902430933774E-004   5.3854113597077229E-015  -4.8207697668359543E-015  -1.6619122172744985E-005   1.2590176906972618E-014  -2.3029094092403351E-015  -9.3187467769252016E-016   1.9825965998338013E-015  -1.2422586345955093E-016   4.4802403976742680E-015   4.5532839309754610E-016  -3.5464538309096371E-015   1.9049075634405534E-015  -1.5287573928615035E-015
  -1.4689937732399444E-018  -3.4386847452940531E-016   4.3042216702682509E-018   6.1388455745765473E-006  -4.0518324592310651E-016  -8.5243107946241943E-016  -2.5558905516643282E-015   9.9678316861846488E-015  -8.4240075948907195E-016   8.3153848078045409E-016  -2.0452673643639017E-014  -4.2809071449365522E-016   1.0337915813489315E-014   8.4821111700539038E-004   2.3261680995954528E-015   2.0811347798827006E-015  -1.9409025369894792E-015   4.9297930532195344E-014   1.0189220355487362E-015  -5.4595603148066313E-014  -1.6917709320770730E-017   1.6469616871826835E-017  -2.4932594511275947E-017   2.8114574005292718E-017   3.4830227040118181E-018  -2.3294940867172734E-018  -8.0618039192836868E-018   2.2353633984451277E-017  -7.6961672016068254E-019   1.8949469112093140E-018  -1.3255306506183237E-015  -5.5731823456156388E-015  -7.4353580612891507E-015   6.3969675868214032E-016   9.0692935060800754E-018  -3.9005185677669915E-017   4.3278255713550942E-016   4.6232195752330797E-017   5.4386015862493438E-016  -1.6895966001842679E-017   2.8460412054847163E-017   8.2860254173305968E-018   1.1235441345654677E-017   4.8733599444751878E-016  -5.5958459416117484E-017   3.8635311132962386E-016   2.2176492776735577E-017   6.0117709759529200E-016   2.3447786376949021E-003   2.5786076763650570E-017  -1.2581749908788169E-017   2.4876482834972202E-017  -2.9598224603345843E-017  -2.9957896390479935E-018   1.5955877035048576E-018   1.0968667570114240E-017  -2.2337194864555294E-017   3.8726349608089430E-018  -2.1037521540432088E-018  -5.2534335071274885E-013  -7.3504700521666147E-016  -2.9020246150119699E-015   8.0502950476263948E-015  -1.3331937242846878E-016   5.2924873202475871E-013  -1.2072992992997965E-015  -4.3463639608054853E-015  -7.4352360412906920E-015   6.8317861176309805E-016  -6.3880501524297774E-018   2.6279961721563663E-017   1.9648994306989484E-016  -3.5444208622669342E-017   2.3165562339603279E-016   1.0198424829274844E-017  -2.5399672944742668E-017  -5.4191630855898875E-018  -1.2041444586238453E-017   1.9378704114617620E-016   4.5392097250482354E-017   1.8596385516802058E-016  -1.8449465551512581E-017   6.4555895231196314E-016   1.0567497720365270E-003  -8.0752036122727723E-018   3.3083043006236061E-018  -9.1507811795226315E-018   1.0196792765926480E-017   9.5575681950342733E-019   1.9995076013603651E-018  -3.5541695387264192E-018   8.1547314171418572E-018   2.8383717753439898E-019   5.7694133845341549E-019  -3.2864150390559704E-012   6.3003695398237459E-015  -2.9018938424358366E-014   2.9563572218270841E-013   4.4733436122041156E-015   2.9928049352542741E-012  -8.5909646083888696E-016  -3.2762350495964754E-015  -4.7966135409528286E-015   1.9586392124324469E-016  -5.5534602825077266E-015   5.0986071644588824E-015   2.6961119633128501E-015   4.5665904250538906E-014   1.1883035391863851E-014   2.2931490764063708E-003  -1.0048599174940006E-003  -2.8460279357053090E-011   4.9995610481316624E-014  -2.4659231944312312E-013   2.4405446682203012E-012   3.6456730736564033E-014   2.6019560190806694E-011   4.6259542176420735E-005  -7.9654897905869462E-006
   5.1961135829296670E-004   4.2825022300364071E-014  -5.9127974848628865E-014  -4.0518324592310651E-016   4.6407161187014406E-002  -1.9815756829049831E-013   2.5930228931663955E-013  -1.1326868547671113E-015   8.1657431306025482E-016  -5.7742494474310007E-016   1.9945347970169683E-015   1.4184520154705779E-015  -5.3749276948172763E-016   7.5222359147149328E-016   2.4858376501977495E-015  -9.1606821751820636E-016  -5.0083797994369112E-018  -2.3507570012376250E-015  -1.7838763510032788E-015   2.0565944154620620E-015  -1.7996682787185358E-013  -2.4508016632654757E-014   2.4581844477223983E-014  -3.5707320553456889E-013  -7.7116605376123108E-015   7.3930526539011150E-013   1.3918821750692654E-014  -5.8075537463972829E-015   6.0410978903893935E-015  -1.4541066288965866E-014  0.13786873384148260       -2.2877827304233367E-013   2.9611585400506654E-013   6.2645314636171185E-017  -9.3943624167596110E-017   2.2157191504815115E-016   1.3613010466097163E-016  -1.2270891954958951E-016  -4.2392549721598812E-016   1.4950748591052315E-016  -3.7770277985468477E-016   1.1338522512768750E-018   3.1630351381049882E-017   1.2055528707109644E-016   2.1494094632727889E-016  -7.3187788480218399E-017  -3.0602984964314940E-019  -7.2842202601888487E-017   9.5511038394510185E-015   4.6435238700927238E-013   2.7215712458703411E-014  -2.7476255335741396E-014   4.3176907702873331E-013   8.2936672267953924E-015  -8.7324672301104126E-013  -1.5107547220803604E-014   6.0179208060331447E-015  -6.6116432923560495E-015   1.4669061295213565E-014  -9.3681452549935063E-016  -1.0632193683204345E-016  -6.7861085457167993E-016   1.8164316677047476E-015   6.9178447475530960E-016   3.5336367165294026E-016  0.13697304864275925       -2.6764384969373553E-013   3.7065496681571602E-013  -2.6424237749889308E-016   1.3353813469801407E-016  -1.3540916754046964E-016  -7.4914517033545357E-017   1.3146167837983958E-016   1.2358231227021163E-016  -4.3441368855396978E-017   1.7570634004248932E-016   4.6706420357711172E-018  -4.6699350677618686E-017   5.9520268318164739E-017  -4.4386590499444907E-017  -2.6465472960865351E-017   1.0100685865652576E-016  -4.6558180219168775E-016   4.6500982251531265E-015  -1.7810610293486908E-013  -1.9777712034795976E-015   2.0496894130591845E-015   1.2418750661385726E-014  -3.5095529575319463E-016   2.4859294791156847E-013   1.1133418380027112E-015  -3.6676825619386408E-016   4.8298532678590836E-016  -1.5367629396564339E-015   1.9905462249343451E-016  -8.6340555795191206E-016  -8.1849839016098379E-015  -8.7389817442214952E-016  -8.1583647892873143E-016   4.2556232845280896E-016   8.8992698754615712E-002  -2.6571357029313807E-013   3.4247959489533929E-013  -7.5396791768063463E-004   5.7017247922773051E-014  -1.4324655285708428E-013   7.5152276684445972E-005   1.6756721452743928E-014   1.4744916611755240E-014   8.7131615189474563E-015   1.7497673460554964E-015  -3.1809465939601511E-015  -8.4890566548227482E-015  -6.7952515842779610E-014  -1.0373200166626731E-015  -4.7697783410065308E-015   4.2638257608420929E-015   8.2919127586941841E-015   2.2098778006921205E-015
   4.1223709376412341E-014   5.1961136227289192E-004   1.6095782280826954E-014  -8.5243107946241943E-016  -1.9815756829049831E-013   4.6407161173615659E-002  -7.5956228353427719E-014  -5.7811185674330263E-016  -3.1538814009955905E-016   2.5994392137166964E-016  -1.3976212641058845E-015   7.4839346633782007E-017  -1.4974038710111232E-015   1.5222184846630310E-013  -8.7709236404853004E-015  -4.4916053536538855E-017   3.3608342690061178E-017  -7.3012337009347906E-015  -1.2367475945661045E-016  -8.1967123600564377E-015   1.3930457339417104E-014   4.2651913778232179E-015   2.2753778808137395E-015  -2.4259668852063225E-014   1.7607424969835508E-014   6.1380450491660057E-015  -5.5517068142313473E-013  -1.0553935166201040E-014   8.2184534452432205E-013   5.1330742589128128E-015  -2.4065770548234514E-013  0.13786873382488971       -9.1628316508772809E-014   1.0797955185244139E-015   6.3933299898445568E-017  -4.8074243480271494E-017   1.0200644845259139E-016  -4.2457303057228771E-017   2.9213905832946306E-016   9.0653648458157284E-017   1.6018344734898926E-016  -2.6229436248014095E-017   2.0291196165174122E-017  -2.5425264412091220E-016  -7.2042594508089793E-017   6.0871740564148684E-019   1.8687264685777104E-017   5.4387231920895728E-016   3.0050061621165163E-013  -1.4815539198474638E-014   1.1947771051530849E-013  -3.0680043527184113E-015   2.7199331050861350E-014  -1.9423529012349037E-014  -6.5332234890170701E-015   7.2068803252228033E-013   1.0873723980896154E-014  -9.5812286566735534E-013  -6.8325666930514626E-015  -3.4770226030232228E-015  -5.3554877732786021E-016  -1.8318744535449813E-016   4.8693724791461640E-016   2.3207280372336345E-016  -2.1527914380920438E-015  -2.7327856964200969E-013  0.13697304862740464       -9.0768628591269116E-014   1.9022478654286545E-015   1.2880009734116340E-016   1.5003684144010174E-016   4.6250005488420687E-016  -2.4563106039021242E-019   9.4816861675074054E-016   9.8749141998618026E-017  -5.5720836906494994E-017   8.0571554477565919E-017   9.4924447210517677E-017  -5.9016143825321035E-016  -4.7953114979910703E-017   9.5430980825313835E-017  -7.0913352226328883E-017   7.8728615037734838E-016   1.4426325541519598E-013   1.1463951637766181E-015  -1.1438163279722836E-013   5.1429476923270343E-017  -1.9214434182541192E-015   1.5926002224186241E-015   5.2869544968386993E-016  -5.0314122423364815E-014  -3.9904110193795240E-016   2.0775416029735437E-013   8.0647465768042510E-017   2.9339768992053044E-015   4.5346324200669588E-017  -3.1815868445701448E-016  -2.1736186363937585E-015   1.8935765923120718E-017   1.3046455109511056E-016  -2.7167558567580567E-013   8.8992698728623601E-002  -1.2574238635633020E-013   6.5342223874546939E-014  -7.5396790773206511E-004   1.4874147684435886E-014   4.1341175375036039E-016   7.5152276764645179E-005   2.0948489000822667E-015   2.9145771027258809E-013  -4.4987954350550073E-014   1.7628073918614921E-014   7.8328471169620139E-017  -4.0165664125368019E-015  -1.6365844886790030E-014   9.7057474268954912E-016  -1.5653411205889021E-015   1.0363739430650510E-014   3.7901418117064369E-014
  -5.9512969693180325E-014   1.7384290745210301E-014   5.1961136219334206E-004  -2.5558905516643282E-015   2.5930228931663955E-013  -7.5956228353427719E-014   4.6407161179151071E-002   1.7843658272903226E-015   4.1854386594596018E-016  -2.4193169078862741E-016  -4.7256953911097209E-016   3.9143645622421396E-016  -1.5152156456199044E-015   1.0409100669005254E-015  -1.8371249903261033E-015  -4.0125431998420013E-016   3.4780123798400839E-016   1.3922013898028410E-016  -6.0542483586916133E-016   2.3009434923595694E-015  -1.2823681014711652E-014   3.0510951863870067E-015  -4.1773081523917133E-013  -5.2567228842572419E-015  -1.7961413037119031E-014   2.4450143520181105E-014   5.7079791696010394E-015  -6.9382933587765224E-013  -1.0158349079572040E-014   8.9751576077569221E-013   2.9146963095576888E-013  -9.8951440133236363E-014  0.13786873382956771       -3.6063853133010660E-016   1.1374507741159149E-016  -1.6215218770653481E-016  -4.2926935173931306E-016  -8.6500828011378440E-017  -2.0131643419174104E-016  -1.5591314308202190E-016  -3.8326025652959868E-017  -2.4278966678016971E-016  -1.9382494325514695E-016  -3.2906769073416081E-016  -1.6022870304365392E-016  -6.1108543530690801E-017   1.5142695170008258E-016  -2.3387557249397594E-016  -1.0997671188480177E-014   1.6012702781520755E-014  -2.9284585638518024E-015   6.2133074106077501E-013   6.6756729127298178E-015   1.9922231727831225E-014  -2.6236561455876136E-014  -5.5858503182593435E-015   8.4763367111060453E-013   1.1217720197829205E-014  -1.0266194048741569E-012  -1.0184185041051915E-015   5.9041583261932192E-016   7.7795686902709045E-016  -2.1090560356023252E-015   5.2877775432372315E-016  -3.7726061253216678E-015   3.7207770095221252E-013  -8.7574504847626596E-014  0.13697304863975179       -3.3470373369117890E-016  -1.8110879911162559E-016  -1.9708244796829664E-016   3.2287475803348738E-017  -2.1181160768303015E-018  -5.7215043542668792E-017  -9.7908294532036808E-018  -1.4965005144051865E-016   5.1819737099933846E-017  -2.2752551013954263E-016  -6.2129141814377474E-017   6.4485868799471088E-017  -5.8663171584378820E-017  -1.2074216585719181E-016   1.7142140757441855E-016  -7.7983833485044251E-015  -1.2452867515804069E-015   2.3933131256549828E-016  -2.1344476093292407E-013  -4.2056720586001671E-016  -1.5321291187842897E-015   2.1080649343728580E-015   1.4931818411544747E-016  -1.2718046307315845E-013  -3.5053943330466556E-016   2.3943715584827488E-013  -6.6101196984486489E-016  -6.6807156871328300E-016  -5.3363947391885018E-016  -1.2609722891970806E-015  -4.0915398942010843E-017   7.9986667090856850E-016   3.4333566060189802E-013  -1.2884147642151572E-013   8.8992698726118841E-002  -1.1857852753075640E-013   1.6597419177545987E-014  -7.5396790553610565E-004  -4.8576611076639138E-015  -7.9320822116347451E-015   7.5152276754429786E-005  -8.4895224564452187E-015   6.7236554620120088E-015  -7.1278463158510513E-016  -4.4697771187330842E-015  -2.7858145045513971E-015  -5.0606890705997094E-015   1.4728632134620560E-015   5.9376968703113563E-015   6.3011028993090529E-016   6.0822506528007643E-015
  -1.0197819243466346E-017  -9.4903769883572485E-018   1.8664839251189170E-017   9.9678316861846488E-015  -1.1326868547671113E-015  -5.7811185674330263E-016   1.7843658272903226E-015   3.0552823986134730E-007  -9.9804531538364384E-018   6.8652953989948547E-019  -1.5276412168255299E-007   2.7345573661153180E-018  -1.5276411818377024E-007   3.0899909771587980E-012  -2.0610454769713464E-007   1.1909586617631746E-017  -1.4039651423251605E-017   1.0305227605847272E-007  -4.4332435128391488E-018   1.0305227156508063E-007  -1.1313633641104831E-017  -5.5169602604563692E-019  -2.6939220947433436E-019   7.5387451963946008E-018   4.1880206626835584E-019   8.7311557949101054E-018  -7.4492497495720978E-019  -2.0633673753563091E-018  -9.1811326761046713E-019  -8.4903765646575281E-019  -3.3707098839708350E-015  -1.7424305188395912E-015   5.2898022304341162E-015   3.3514355798789278E-016  -2.9480355620030050E-018   4.1021582936691353E-018  -2.2683397649362318E-016  -7.1498557434852976E-019  -3.6559540165386228E-016   2.4587311799308522E-018  -1.4316783733976885E-018   8.5528860346576789E-019  -4.7304018706080296E-018   1.0095472047730137E-016   9.2874451860793324E-020   7.6758961178541334E-017   8.1819455977818737E-019   1.7228039509054608E-016   8.3048764533410217E-012   1.5122563920166564E-017   1.0040654228150300E-019  -1.3585232990620519E-018  -9.0719354691219880E-018  -3.8232749877871692E-019  -9.9542417034098455E-018  -1.3304427064869415E-018   4.0799377310260005E-019   4.7619153409412307E-019  -2.8570034504963687E-018   1.2461591341431332E-005  -3.4352334170254909E-016  -3.8499021280282914E-016  -6.2307957078177522E-006   3.3837497821842337E-017  -6.2307956336278304E-006  -3.3356416752780656E-015  -1.7231764320684810E-015   5.2576176704738017E-015  -3.8180508709220637E-016   2.7380726784879812E-018  -5.1884719037199305E-018   2.4340870683286160E-016   6.1984167908671518E-019   3.9926320990394999E-016  -1.9513655852209253E-018   9.9828177758613861E-019  -6.9249925412653636E-019   3.5726872710928594E-018  -8.0714225163844660E-017  -1.9197482123536085E-019  -6.6059407354781964E-017  -7.4667526475754411E-019  -1.9077696555494286E-016   3.9210088359982978E-012  -6.5234571228303393E-018  -3.5838443720154089E-019  -1.7054209089988575E-020   4.2898319247133715E-018   1.8952655442109849E-019   4.6853251280988932E-018   4.3368823542035846E-019  -3.6575045792511254E-019  -4.9276192634908584E-019  -3.3790044878385346E-019   8.5686735634463981E-005  -2.2940892194984796E-015  -2.8464842644725105E-015  -4.2843368061735837E-005   1.9870406324149833E-016  -4.2843367572737421E-005  -2.1771924131543457E-015  -1.1262553582454762E-015   3.4163423631470196E-015  -1.1815653356119711E-015   4.1926499886716672E-016  -7.2899196127878297E-015   1.6401234744499514E-016  -1.1870077426089576E-015  -3.9532309730031118E-015   8.7650356711009116E-012  -2.6820786902293473E-012   7.3582518255135040E-004  -1.9781575599047150E-014  -2.4199106848605883E-014  -3.6791259337840546E-004   1.7263584541373997E-015  -3.6791258917315072E-004   5.7569319635596494E-013  -1.6982559263956857E-014
   8.1776000944984000E-018  -3.4229279357184118E-018   5.3810215509821093E-018  -8.4240075948907195E-016   8.1657431306025482E-016  -3.1538814009955905E-016   4.1854386594596018E-016  -9.9804531538364384E-018   3.0552823929381474E-007  -4.0908451181128494E-018   3.3394562486670215E-018   2.2380027200856405E-017   5.4919093546950291E-018  -1.2654387320115212E-013   5.1512266413680683E-018  -2.0610454681094455E-007   4.0009655918331165E-018  -1.9006940180662674E-017  -3.2692744085672043E-017  -2.2644814791805265E-017   1.1181557882729270E-017  -1.0253361852176690E-018  -2.7127754100975899E-019  -7.5351800839570089E-018  -1.5839375454688692E-018  -8.3339159896205348E-018  -2.7856924053026143E-018   1.8675061792229407E-018  -6.8163530246201307E-019   1.2314407742162821E-019   2.4532570349571839E-015  -9.2639875351486902E-016   1.2463860943579327E-015   8.5132406844607504E-018   3.2660954165953806E-016   1.1864350138109744E-018  -1.2600260539175256E-019   3.7384603732384556E-018   4.4967542174792487E-018  -2.1052074767869958E-016  -1.6272093937036617E-018  -1.9865690962351039E-016   7.1852650980038749E-019   6.5381500064857973E-018  -5.3419805741840245E-019   3.9042476788780162E-018  -1.5316605569513465E-018   4.9764525750581235E-018  -3.4836595964299652E-013  -1.4786007307386190E-017  -9.9525161054329782E-019   7.4691428557553866E-019   8.9311484364973662E-018   1.9109071305905183E-018   1.0270232319062727E-017  -2.2590468961550787E-018  -2.0250715600527630E-018  -1.6862421356951233E-018   1.3541862362749341E-018  -7.6659903547439553E-017   1.2461591329103257E-005  -2.3479688416793999E-017   6.7654859108122945E-017   4.9352580648904548E-016   5.6674015171392921E-017   2.4103899977222210E-015  -9.3413025859619619E-016   1.2378701306620479E-015   7.9920994290876326E-018  -3.8375029877131016E-016  -5.2961103209825346E-021   7.2176759594926727E-018  -3.4451888088674417E-018   4.4251577495623690E-018   1.7618997862138504E-016   1.7788079579648777E-018   2.0365388856885296E-016   3.4235315496748859E-019   2.7353345383942132E-018   1.5295832954869281E-018   2.4035873302314829E-018   2.3691830666439248E-018   7.0389728166392097E-018  -1.6122843446359505E-013   6.7678183180395160E-018  -7.2537109064985884E-020  -6.3452346503821630E-019  -4.0906532976000074E-018  -6.8432100752177712E-019  -4.7903864762840478E-018  -3.7965577510735998E-019   8.6863625817505663E-019   3.2940838903975274E-019  -8.1578179377873320E-019  -4.7582125386231257E-016   8.5686735556359940E-005  -1.2232412988500652E-016   2.9057970911277591E-016   3.2158064877926973E-015   2.0835717263042949E-016   1.5869062834947702E-015  -6.0374477506583247E-016   8.0706400913716989E-016   1.9575043489057462E-015   3.8707864692016295E-016  -1.3434762814112771E-015   1.4109182704747515E-015  -1.7025308985955354E-016  -3.2780525427479307E-015  -3.4266470430612861E-013   5.2110893039901924E-014  -4.2633378583336378E-015   7.3582518186734991E-004  -1.0790746521861952E-015   2.4587826948970237E-015   2.7723492528940650E-014   1.8046215132432299E-015  -7.2770710059742838E-015  -1.9492190766312022E-015
   7.1971018576738224E-018   3.9741996930591044E-018  -2.1770074553479088E-018   8.3153848078045409E-016  -5.7742494474310007E-016   2.5994392137166964E-016  -2.4193169078862741E-016   6.8652953989948547E-019  -4.0908451181128494E-018   3.0552823570532700E-007  -2.1353496674644463E-017  -4.0581593969627212E-018   1.6894369717835320E-017   1.3577005269421070E-013  -1.8085550892484424E-017   3.0049056807916693E-018  -2.0610454217449939E-007   1.0478051660139047E-017   7.0336422368425002E-018  -4.4366935037996075E-017  -2.2578867153354381E-018  -7.7262957487574093E-019  -3.3330802159912531E-018   1.7761652181711706E-018  -5.7573494544724119E-018   1.3613280068996704E-018  -2.3864558626804226E-018   7.0676327576300151E-018  -1.7996740838958412E-018   2.3018314450754578E-018  -1.6027420508650624E-015   7.9347684671402998E-016  -7.1345102131372310E-016   4.0303946782575931E-018  -8.8906326683426474E-019   3.9619531502415040E-016   1.5854224217879675E-018  -2.3878884572525305E-018   8.7126201449380817E-018  -9.0179163726132026E-019  -6.1704499066728615E-017  -1.0048359559349056E-018  -3.7194821243338561E-016   4.1183890950414823E-018   5.5763301638627158E-019   1.0360056763372936E-018   5.2174900018390825E-019  -6.9196573002094926E-019   3.7203893153236827E-013   3.5654606355862331E-018  -9.8525149417087225E-019   7.9003621582764019E-018  -2.5814537830238067E-018   6.6930021712538597E-018  -1.9672438416909077E-018  -2.9411856598529137E-018  -6.0428413702811184E-018  -1.1750082535725709E-018   3.2402172659663086E-018   4.1800936707286823E-016  -1.4253663227206168E-016   1.2461591252813016E-005  -6.2538350159126771E-016  -7.2869129198907718E-017   1.8252433529642130E-016  -1.6504116646703305E-015   7.6684136670334880E-016  -7.0181130345693060E-016   1.6189670663014260E-017  -1.8449802680047836E-018  -4.5493771249305474E-016   6.2934435535542880E-018   1.7471687145641044E-018  -6.8437708588367998E-019  -1.6625198273873193E-018   4.6063709335200107E-017  -2.9389880712737805E-019   3.8135235637411710E-016   2.4754804841439782E-018  -1.0886530669910606E-018   2.5253849915714331E-018  -1.2365239147376594E-018   6.8199771070100060E-018   1.7252796967019608E-013  -1.8320515508373775E-018  -4.9029618094370444E-019  -3.4523315846954060E-018   1.5348340738660159E-018  -2.6024476903777910E-018   1.1076893473193202E-018   7.7901153553189692E-020   3.0551873617289740E-018   5.9257890480275664E-019  -6.7823622383685919E-020   3.0028764814059413E-015  -1.0225037639980954E-015   8.5686735054376245E-005  -4.1021670734374810E-015  -4.5378525553414580E-016   1.1194891631544368E-015  -1.0200472276422776E-015   5.0557574505042478E-016  -4.5691708797046892E-016  -1.3089198505290147E-015   1.1112843799353018E-015   4.2182483346465286E-015  -1.5035432208108390E-016  -5.4211804513808801E-016  -1.1775522587397978E-015   3.6983664657145460E-013  -7.2546949900289443E-014   2.5871671425284693E-014  -8.7767595828852646E-015   7.3582517754602070E-004  -3.5470528673790931E-014  -3.9477528320617990E-015   9.5991157623049124E-015   9.7902063246457652E-015   2.9106129178319732E-015
   2.1665654567921126E-017  -1.2384889111488053E-017  -2.7718575001564593E-018  -2.0452673643639017E-014   1.9945347970169683E-015  -1.3976212641058845E-015  -4.7256953911097209E-016  -1.5276412168255299E-007   3.3394562486670215E-018  -2.1353496674644463E-017   3.0552823537707833E-007  -4.8864057561662117E-018  -1.5276411368954138E-007  -3.1219350929875484E-012   1.0305227610539922E-007  -4.6284192369921761E-018   3.4870501648745376E-017  -2.0610454168716454E-007   4.2383109808141132E-018   1.0305226564464694E-007   6.9826482585017959E-018  -4.6241735545588434E-019  -5.9002224722417832E-019  -4.3297780277115317E-018  -9.5292905544547588E-019  -5.1887241445271323E-018   1.7948509308529555E-018  -1.3393978517817977E-018   6.2126915109153811E-019   1.4975447009076034E-018   5.9553246647750420E-015  -4.1221928159815452E-015  -1.3809063845300663E-015  -1.4221563376895635E-016   2.5381005981753780E-018  -3.2365871884231804E-019   2.8171791781780711E-016   1.2156221996712751E-019  -1.3338712526268372E-017  -3.2134125633630334E-018   2.8812895993369647E-018   9.4197716716724223E-019  -2.6411515546759233E-019  -8.8720589349240851E-017  -8.4516710853408052E-019  -1.4481505461355852E-016   1.4572466822547767E-018   1.0088829716305770E-016  -8.5836052949158181E-012  -9.0408218368056380E-018   7.8172515411557692E-019   1.2672982706375069E-018   5.8691505860768187E-018   1.0813363038841402E-018   6.1614798300952126E-018   6.0411582423865915E-019   1.0601280090869400E-018   9.0224099119516475E-019  -1.7992648046498118E-018  -6.2307957079891425E-006   9.5557152502773944E-017  -3.0550960103936460E-016   1.2461591245791599E-005  -1.5625176044089177E-016  -6.2307955376130807E-006   5.8891025084776670E-015  -4.1101492194677572E-015  -1.3858694002125172E-015   1.7547905128180479E-016  -1.5772112141590214E-018   2.0751368374336754E-018  -3.0586117250650750E-016   2.4812928980257996E-019   1.9386478978907228E-017   3.2031260002930090E-018  -2.3631874449879576E-018  -6.5238947915811742E-019   1.9109549858802708E-018   4.9468737045655708E-017   2.2880034169739142E-018   1.6412403390778861E-016   1.8847527333815708E-020  -9.6040995690274477E-017  -3.9666440601697051E-012   3.9426201786078052E-018   2.2910044052876565E-019  -9.6951931525551756E-019  -2.6638334565919494E-018  -4.4197117092023586E-019  -2.6801742026049538E-018   3.6866479185069774E-019  -5.8681476594644326E-019   3.5425738761954168E-019   6.0471772673613459E-019  -4.2843368063323773E-005   6.4873362089582278E-016  -1.8341505115817083E-015   8.5686735008291405E-005  -1.0328409095119515E-015  -4.2843366944929021E-005   3.8421465779813414E-015  -2.6575658772048582E-015  -8.9332145491268456E-016   7.6597202486428584E-015   2.0496913916875913E-015   4.8547241077133780E-015  -3.3273159810685685E-017   4.5572490057486892E-016   9.2180334877318373E-016  -8.4677270418766072E-012   1.6263577980694926E-012  -3.6791259339210159E-004   5.5863822125121870E-015  -1.5971127884362615E-014   7.3582517715088918E-004  -8.8971323619138356E-015  -3.6791258375870953E-004  -4.4943616017750457E-014  -3.7104710958107229E-015
   1.7372928066121834E-017   1.6868732341137575E-018   4.1181582332867647E-018  -4.2809071449365522E-016   1.4184520154705779E-015   7.4839346633782007E-017   3.9143645622421396E-016   2.7345573661153180E-018   2.2380027200856405E-017  -4.0581593969627212E-018  -4.8864057561662117E-018   3.0552823144501708E-007  -4.4060688736593667E-018  -6.5175609556486585E-014  -2.5100865033002719E-017  -3.0844340057148258E-017   5.4342386951574337E-018  -1.4433220687302223E-017  -2.0610453657124393E-007  -1.1671620816753746E-017   1.9922717137502660E-019  -1.9186386962140964E-018  -1.7222267517486369E-018   3.6182328660980085E-019  -2.2821821837628854E-019   1.3774146769618898E-019  -3.6082650985222671E-018  -4.9878084691308355E-019  -1.1996221817643846E-018  -5.7515829008084575E-019   4.2293805838593466E-015   2.5295167252001364E-016   1.1559590594336946E-015   5.8915277583835998E-018  -2.5753295938329793E-018   1.1124797789686381E-018   3.7219677717728967E-018   2.4655902602172430E-016   2.6533524711762645E-018  -2.3735018470561526E-018  -2.2824994820042137E-018   3.6737914436898636E-018   9.3292607768759884E-019   6.1390769162801200E-018   1.6698069213882985E-017   1.1853653871408695E-019  -2.1568563364073937E-016   3.6598781508570818E-018  -1.7948125241199614E-013   3.3337320845325752E-019  -1.3808861640417249E-018   1.0455477617772640E-018  -5.5732331021140897E-020   4.4159923454845088E-019   1.6557534891667340E-019  -4.4590818712429080E-018  -2.0182307770220443E-019  -2.4810154644116961E-018  -5.3626492299697066E-019   9.1590018025065088E-017   4.7539307844273035E-016  -1.0318571563588623E-016  -3.8762506119626942E-017   1.2461591161991605E-005  -2.1123512967084685E-017   4.1934113917949774E-015   2.2234491750415891E-016   1.1437527845180695E-015   8.1677511212946271E-018  -1.0771923127864812E-018  -1.2307941556110346E-018   3.4152589913314361E-018  -2.7047904612635476E-016   3.5694647783262734E-018  -1.3579945090274303E-018   1.5412719340593363E-018  -5.3337550386867700E-018  -1.2568520001311169E-018   4.4762068822355698E-018  -4.8884135475721632E-017   4.3842303600363561E-018   2.2692517210859035E-016   2.8678111906860371E-018  -8.3210595448254653E-014   1.1576265390086744E-019  -5.6713200874870272E-019   1.1567949849642139E-019  -1.9491338182937485E-019  -1.7813999357681293E-019  -1.5933720852203115E-019  -4.4630019391053841E-019   5.1072680275262445E-019  -2.3546579817010207E-019   9.9468722726154033E-019   5.6993177505535659E-016   3.0351967444497789E-015  -6.7376291479093795E-016  -3.2758182643728318E-016   8.5686734458742663E-005  -2.2772307913360902E-016   2.7298331741555179E-015   1.4802864408213914E-016   7.5247678660847855E-016   2.5623448783891402E-015   5.8597880077438587E-015  -3.3219392853181541E-015  -2.1624655953597224E-015  -3.8666117794271075E-015   5.9032778041624016E-016  -1.7675908041104816E-013   2.3598345861389282E-014   4.8597714511189229E-015   2.6178623567024497E-014  -5.8293335768209921E-015  -2.8733994320772855E-015   7.3582517241555434E-004  -1.9860319882552989E-015  -9.8348644813058636E-015  -3.7288717471853497E-015
