   3.0123409391632832E-007  -2.1112456228968464E-017   3.5811046933885847E-017   6.2378608295195798E-017  -3.9002111988351831E-017   6.1000101626563011E-017   1.1349770490684895E-016  -1.9832830416721028E-006   3.2029882765723044E-008   2.0024821581129613E-008   3.6034131417950543E-008   1.5073892966357736E-008  -5.7725662027841346E-008  -4.7103775467771405E-008  -3.4417746147480702E-017   6.0419870167792184E-017   1.0396046694797908E-016  -4.1584025691996803E-018   1.3546233093878590E-018   2.6545422027291275E-018  -4.6928640594713742E-019   3.3511679408393650E-018   3.6060732741528116E-018   3.1923103145641913E-018  -2.7857229009590496E-019  -6.3412620382652093E-018  -1.4161007469405063E-018   5.2463911497466412E-006  -2.7226166088328075E-008  -1.7021576944198571E-008  -3.0629872932053346E-008  -1.2813169498771797E-008   4.9068192384738420E-008   4.0039334731907557E-008   3.7757538936974580E-010   1.2852287628314793E-009   2.3127348204446639E-009   1.2434397892451298E-010  -8.4664801774185477E-010  -7.8760049874170289E-010   7.9301659554541544E-010  -6.5981792572262463E-010  -2.7882587371813041E-009  -1.8209355755544258E-009  -9.6645690600120117E-010  -2.2860332508722855E-009   1.5733536908824105E-009   2.9170874244377396E-009  -4.4730967481202024E-010  -8.2698972856147414E-006  -5.9707701744242277E-020  -2.7946159286466855E-020  -1.6874149919207754E-019   5.9040952313099000E-020  -6.3935966659892923E-020  -3.7972800185853809E-019  -2.0985192594590862E-019   1.8117286942322786E-020   2.5607811617248298E-021   1.3876137195394931E-019  -1.9498049582516550E-017   2.9566019677613355E-017   5.5033863385853509E-017   1.6160141636936279E-007   1.0103188834004145E-007   1.8180418372988761E-007   7.6052805566763384E-008  -2.9124517373685697E-007  -2.3765422203619965E-007   1.2134559101818833E-010   4.1304818766498518E-010   7.4326917802223817E-010   3.9961813529334752E-011  -2.7209664101739317E-010  -2.5311988601806376E-010   2.5486051746301176E-010  -2.1205298720683153E-010  -8.9609356045224372E-010  -5.8521421327477199E-010  -3.1060094228731863E-010  -7.3468779916781204E-010   5.0564609395237119E-010   9.3749666107595366E-010  -1.4375684547957110E-010  -1.8392225175221765E-019   5.9117609706279869E-021   2.5529659655911618E-019   3.8431015486686597E-020   3.5836227859055978E-019   4.6472783606590107E-019   3.8803118241309176E-019  -9.0571714028391327E-020  -5.4462826327779086E-019  -9.9066398830340635E-020  -1.2019677448109608E-007  -7.5146043702974044E-008  -1.3522329791600841E-007  -5.6566966596738267E-008   2.1662390868483101E-007   1.7676374110983780E-007  -6.9148463295531762E-018   1.1165824237743250E-017   1.9820169443684561E-017  -1.2671726457524658E-006  -7.7541454739837585E-004
  -2.1112456228968464E-017   3.7506587052079767E-003  -6.0084494416746716E-003  -1.0812044238550124E-002   7.0591339091677406E-003  -1.1308533388110520E-002  -2.0349403694287990E-002  -4.9000841305057251E-015   8.3747403090868793E-016  -2.8938108973183197E-018  -1.0741415025308338E-018   8.0017965453488227E-016   5.1847781340909521E-018   8.6085317048496338E-016   6.4122117555550232E-003  -1.0272182347350674E-002  -1.8484517685318801E-002   5.3799006192055019E-004  -2.5959054698712646E-004  -4.6712625365084756E-004  -2.2511387472674770E-005  -6.2830921463469269E-004  -6.9927802233022438E-004  -6.4147805223946483E-004   6.4893699042367344E-005   1.1202236655158896E-003   2.9980644495318661E-004   1.5840328251175912E-014  -2.4426567191291638E-015   5.4911280602855625E-017  -3.2956104428888514E-017  -2.4143503273006133E-015  -2.8486280858778300E-017  -2.6270460808364216E-015  -3.8347890390389890E-017  -1.0661561841783316E-017   1.5862814155518385E-017  -1.5710776236023560E-017   6.4358310848606784E-018   1.0913957011100980E-017  -1.1242663889104036E-017   7.2542492344751994E-018  -3.7257021378558428E-018   9.7861079540794420E-018  -1.2612178669980873E-017   1.2768480658168144E-017   1.8711280350054377E-017   1.2700822749745714E-017   7.8313379059964409E-017  -7.8457502368616187E-015  -2.7613254658262469E-005   1.3323926199234342E-005   2.3976049211420429E-005   1.1554352374764734E-006   3.2249038738686483E-005   3.5891633460159855E-005   3.2924951719315341E-005  -3.3307794406623572E-006  -5.7497384319360090E-005  -1.5388075541565867E-005   3.3538118644671783E-003  -5.3727119976431587E-003  -9.6680516934362064E-003  -2.7868764512264877E-016  -1.2391340108011800E-016  -1.6640437834540836E-019  -3.7132789782716773E-016  -6.9184816323251449E-018  -3.3630411068782203E-016   8.5909620936206952E-017   3.9820253547618292E-017   2.2470993642975120E-018   5.7702878073161995E-017   5.1846845800462758E-019   6.3933259291597055E-017   4.0519813677060583E-017   1.7722975392299803E-018   1.7738710064508177E-017   4.8826796006312542E-018   1.1726746911154947E-016   2.0874417236587829E-018   7.2170582916498963E-017   1.2657232314456371E-018   1.3647926193022437E-016   5.4005775697197409E-005  -2.6058824960014695E-005  -4.6892159284708115E-005  -2.2597907072763900E-006  -6.3072403964293991E-005  -7.0196560675172146E-005  -6.4394348996743987E-005   6.5143109562394045E-006   1.1245290999411343E-004   3.0095871216053597E-005   5.3414508846340011E-017   2.1962359309447428E-017   2.0368894170332384E-018   7.9879471501831234E-017   4.3946688525241554E-018   7.7555644229596731E-017   1.2166573562778871E-003  -1.9490507635066424E-003  -3.5072647748433080E-003  -1.5892497683401709E-017  -1.5112049684343377E-016
   3.5811046933885847E-017  -6.0084494416746716E-003   9.6253665104297521E-003   1.7320589868193851E-002  -1.1308533388108888E-002   1.8115951480097238E-002   3.2599170672495868E-002   7.8366980407209014E-015  -1.3413982328388382E-015   4.7680564981115338E-018   1.9587302582908138E-018  -1.2817656790481933E-015  -8.6871149648017823E-018  -1.3793735897716689E-015  -1.0272182347347962E-002   1.6455746347706454E-002   2.9611675893560355E-002  -8.6184490278589840E-004   4.1585673336340910E-004   7.4832308096782225E-004   3.6062607697069770E-005   1.0065336375791451E-003   1.1202236655154219E-003   1.0276297439361509E-003  -1.0395787524946114E-004  -1.7945667112482509E-003  -4.8028146743614599E-004  -2.5341109446370880E-014   3.9128873439664905E-015  -8.8078740781363631E-017   5.2592455941767999E-017   3.8676364927817702E-015   4.5958287120711528E-017   4.2087181520056889E-015   6.1434732312434803E-017   1.7088009551725632E-017  -2.5396506437949631E-017   2.5169041562011021E-017  -1.0315611497051001E-017  -1.7489052928558344E-017   1.8015667844853233E-017  -1.1625460374284113E-017   5.9500547897984446E-018  -1.5689095172327985E-017   2.0197971523422951E-017  -2.0469843830751802E-017  -2.9964552138785520E-017  -2.0327093983184025E-017  -1.2545877831320456E-016   1.2514052373870123E-014   4.4235655007446935E-005  -2.1344553910368376E-005  -3.8408954485218987E-005  -1.8509746562295645E-006  -5.1662050331306046E-005  -5.7497384319464852E-005  -5.2744843859131167E-005   5.3358147044412277E-006   9.2109187709271082E-005   2.4651262928238689E-005  -5.3727119976442403E-003   8.6069330589032648E-003   1.5487946082336891E-002   4.4751703546636152E-016   1.9917303376398780E-016   1.4672930373741688E-018   5.9535910484406709E-016   9.1596961761964353E-018   5.3718012126849076E-016  -1.3762398785377769E-016  -6.3788194916307209E-017  -3.5948809027976140E-018  -9.2438118979913373E-017  -8.3236889457735654E-019  -1.0242094958162492E-016  -6.4909915253126970E-017  -2.8405711571242204E-018  -2.8422831335259954E-017  -7.8257800045599174E-018  -1.8786122881492807E-016  -3.3488749696834944E-018  -1.1561189842093786E-016  -2.0214612549988895E-018  -2.1863687704141746E-016  -8.6515729192971204E-005   4.1745502480481283E-005   7.5119916371463368E-005   3.6201209655741092E-006   1.0104021191214400E-004   1.1245290999433465E-004   1.0315793056276923E-004  -1.0435742386680704E-005  -1.8014638957434989E-004  -4.8212736699748038E-005  -8.6362370808183293E-017  -3.5679378883204990E-017  -4.1561158456766831E-018  -1.2833825408854856E-016  -5.6094522361494875E-018  -1.2307452572192785E-016  -1.9490507635063256E-003   3.1223243414619638E-003   5.6185392312425803E-003   1.7090345694588884E-017  -4.8791012778161669E-015
   6.2378608295195798E-017  -1.0812044238550124E-002   1.7320589868193851E-002   3.1167938702085323E-002  -2.0349403694287529E-002   3.2599170672499830E-002   5.8661336651412779E-002   1.4115507389802278E-014  -2.4140295751141119E-015   8.4428893621342922E-018   3.2779733337931707E-018  -2.3066062978016534E-015  -1.5237009727121446E-017  -2.4818234228620275E-015  -1.8484517685318880E-002   2.9611675893568300E-002   5.3285419615605061E-002  -1.5508668760792418E-003   7.4832308096628116E-004   1.3465873907556969E-003   6.4893699042180996E-005   1.8112303885944453E-003   2.0158125563336177E-003   1.8491922683451605E-003  -1.8706941899964942E-004  -3.2292748502577929E-003  -8.6425366865166458E-004  -4.5636569065623251E-014   7.0413226375220815E-015  -1.5837880172330793E-016   9.4848428234293230E-017   6.9597962605301539E-015   8.2364762009938062E-017   7.5732017361571167E-015   1.1054757431532027E-016   3.0740617255371079E-017  -4.5716169051151693E-017   4.5290166505701583E-017  -1.8556870663053143E-017  -3.1465691133151305E-017   3.2413283523532498E-017  -2.0915187862841368E-017   1.0726054571720878E-017  -2.8219640462623900E-017   3.6352327007960307E-017  -3.6819285629158738E-017  -5.3931183033424100E-017  -3.6598034511164556E-017  -2.2575665708147197E-016   2.2575323154490472E-014   7.9600879312459051E-005  -3.8408954485052393E-005  -6.9115887398546442E-005  -3.3307794401630508E-006  -9.2964479281796040E-005  -1.0346500688698518E-004  -9.4912937305401875E-005   9.6016560001285758E-006   1.6574802234034988E-004   4.4359289015163974E-005  -9.6680516934378527E-003   1.5487946082336411E-002   2.7870145173399714E-002   8.0418853675439384E-016   3.5771483308248273E-016   1.3956234320157320E-018   1.0708121033291748E-015   1.8476652790289765E-017   9.6826838721342670E-016  -2.4765151994966630E-016  -1.1478798043473437E-016  -6.4739809663349815E-018  -1.6634019897409484E-016  -1.4959626639517470E-018  -1.8430202932583398E-016  -1.1680540317151497E-016  -5.1100800727242402E-018  -5.1139990447951108E-017  -1.4078275334058177E-017  -3.3804913549449938E-016  -6.0211809580744842E-018  -2.0804398425900158E-016  -3.6439841361304355E-018  -3.9343023453080996E-016  -1.5568274318442289E-004   7.5119916371247069E-005   1.3517628248163667E-004   6.5143109563689235E-006   1.8181916177730084E-004   2.0235600705555102E-004   1.8562993990860202E-004  -1.8778839606155697E-005  -3.2416861494803222E-004  -8.6757531559415851E-005  -1.5458384580602685E-016  -6.3689597987612087E-017  -6.5530065367094947E-018  -2.3055397084579334E-016  -1.1577185553964123E-017  -2.2267954232312721E-016  -3.5072647748429367E-003   5.6185392312428986E-003   1.0110411232368223E-002   3.9429379612339423E-017  -3.4708989795821063E-015
  -3.9002111988351831E-017   7.0591339091677406E-003  -1.1308533388108888E-002  -2.0349403694287529E-002   1.3286031991758802E-002  -2.1283848458970883E-002  -3.8299716647165902E-002  -9.2273042792832267E-015   1.5762921705617978E-015  -5.3976795646412919E-018  -1.9338748260578244E-018   1.5060589326620636E-015   9.6176885307529037E-018   1.6201014138460980E-015   1.2068456501667355E-002  -1.9333326870997328E-002  -3.4789805162986499E-002   1.0125538438422168E-003  -4.8857669459280049E-004  -8.7918070829276908E-004  -4.2368797360878677E-005  -1.1825439825574238E-003  -1.3161147380626099E-003  -1.2073291190858660E-003   1.2213676247460641E-004   2.1083786834869859E-003   5.6426724159609092E-004   2.9825941945708841E-014  -4.5974030071231027E-015   1.0330734036711541E-016  -6.2101461123996600E-017  -4.5440922951050862E-015  -5.3494653815371259E-017  -4.9442793205992969E-015  -7.2173840699672448E-017  -2.0063049430479825E-017   2.9861116944762639E-017  -2.9569029333114310E-017   1.2110848286296937E-017   2.0539295797085175E-017  -2.1157943498765581E-017   1.3651652349593395E-017  -7.0189547013886480E-018   1.8414048314928473E-017  -2.3739800011288018E-017   2.4026054325959122E-017   3.5220428727077020E-017   2.3911388856595276E-017   1.4739292122720599E-016  -1.4786670518621320E-014  -5.1971047653565672E-005   2.5077029564343728E-005   4.5125444701540070E-005   2.1746505629509623E-006   6.0696080553056463E-005   6.7551826686396602E-005   6.1968219826773524E-005  -6.2688770004293490E-006  -1.0821612075064503E-004  -2.8961975586173457E-005   6.3122264429326547E-003  -1.0112008697056883E-002  -1.8196289481086689E-002  -5.2412580982138499E-016  -2.3297195045630797E-016   1.2965034917337635E-019  -6.9869288305019685E-016  -1.3730728220016800E-017  -6.3353856581609465E-016   1.6169123200512270E-016   7.4946908730091916E-017   4.2310876570234593E-018   1.0860297893391226E-016   9.7514935702254934E-019   1.2032849736076252E-016   7.6263169107907353E-017   3.3351337310091638E-018   3.3383934114149651E-017   9.1882907473090616E-018   2.2070894610558758E-016   3.9269951700843655E-018   1.3583385444680178E-016   2.3845077257666009E-018   2.5686796591323557E-016   1.0164454632612424E-004  -4.9045447577749178E-005  -8.8255972536542158E-005  -4.2531636342188481E-006  -1.1870889370414865E-004  -1.3211730544317312E-004  -1.2119693320282819E-004   1.2260617928845272E-005   2.1164819636128852E-004   5.6643592959335597E-005   1.0023894317549308E-016   4.1152426987337646E-017   3.5042613953335632E-018   1.5020377485781109E-016   8.7988838938409314E-018   1.4639843750179227E-016   2.2898770254979437E-003  -3.6683183986467491E-003  -6.6010409494598613E-003  -3.2997945882155257E-017  -2.1731890058770693E-015
   6.1000101626563011E-017  -1.1308533388110520E-002   1.8115951480097238E-002   3.2599170672499830E-002  -2.1283848458970883E-002   3.4096124825337630E-002   6.1355065654323485E-002   1.4791626465920294E-014  -2.5253329769257004E-015   8.5485339270323114E-018   2.9209510991505418E-018  -2.4127379939783409E-015  -1.5123617677822633E-017  -2.5951253077834575E-015  -1.9333326870995017E-002   3.0971444264570387E-002   5.5732286469385918E-002  -1.6220826942351270E-003   7.8268608225152069E-004   1.4084226934694326E-003   6.7873618171109874E-005   1.8944021011263754E-003   2.1083786834864100E-003   1.9341071906695503E-003  -1.9565964807184827E-004  -3.3775631747158755E-003  -9.0394020336111353E-004  -4.7806096947480654E-014   7.3650437090392546E-015  -1.6541180567242292E-016   9.9635295649440328E-017   7.2795706307487867E-015   8.5455818744673353E-017   7.9203992538489833E-015   1.1561860151389751E-016   3.2134123958855301E-017  -4.7848031122743739E-017   4.7368139873073496E-017  -1.9397077118444957E-017  -3.2899502412030749E-017   3.3890531965192160E-017  -2.1866319794316970E-017   1.1257868167827106E-017  -2.9489838373126988E-017   3.8035238834702780E-017  -3.8477828328967698E-017  -5.6429864299035874E-017  -3.8319704186736869E-017  -2.3611710397403010E-016   2.3728465049265543E-014   8.3256152265670928E-005  -4.0172693952543217E-005  -7.2289689447308501E-005  -3.4837288561230399E-006  -9.7233408842163204E-005  -1.0821612075085782E-004  -9.9271340072292258E-005   1.0042564113034574E-005   1.7335917272388857E-004   4.6396267887273726E-005  -1.0112008697060380E-002   1.6199152678350825E-002   2.9149942441147627E-002   8.3884069707871111E-016   3.7271804968442993E-016  -1.1010319961004561E-018   1.1189125863102782E-015   2.3427338013609729E-017   1.0160786781879200E-015  -2.5902538870827930E-016  -1.2006486317884233E-016  -6.7817352903113670E-018  -1.7397910498179019E-016  -1.5608247533961358E-018  -1.9276161460810241E-016  -1.2217269788236727E-016  -5.3417481846442104E-018  -5.3475717550531431E-017  -1.4716506998630881E-017  -3.5356797937265305E-016  -6.2873254301177193E-018  -2.1760448762963756E-016  -3.8245207119386703E-018  -4.1149452890401531E-016  -1.6283169587639123E-004   7.8569423473819744E-005   1.4138357834995652E-004   6.8134481625567970E-006   1.9016829899991188E-004   2.1164819636173543E-004   1.9415406809053854E-004  -1.9641164056563385E-005  -3.3905444008883862E-004  -9.0741438035520851E-005  -1.5998934536394784E-016  -6.5555780139281732E-017  -4.9492777790902998E-018  -2.4034425562668895E-016  -1.5159994139252497E-017  -2.3539473550088605E-016  -3.6683183986466819E-003   5.8765425933402764E-003   1.0574681389214854E-002   5.9088316576442966E-017   7.2915614637312358E-015
   1.1349770490684895E-016  -2.0349403694287990E-002   3.2599170672495868E-002   5.8661336651412779E-002  -3.8299716647165902E-002   6.1355065654323485E-002  0.11040680138080965        2.6592581123064162E-014  -4.5438726512883674E-015   1.5630790539884999E-017   5.7023207147952020E-018  -4.3414709239399758E-015  -2.7929261256997131E-017  -4.6704418588452014E-015  -3.4789805162987450E-002   5.5732286469394099E-002  0.10028876046505020       -2.9188944700126234E-003   1.4084226934663608E-003   2.5344190071312734E-003   1.2213676247425847E-004   3.4089259669744932E-003   3.7939711099765376E-003   3.4803742147801195E-003  -3.5208430913618357E-004  -6.0778346922967588E-003  -1.6266162447759764E-003  -8.5960837358271380E-014   1.3252862283924532E-014  -2.9786487313063408E-016   1.7891181667063161E-016   1.3099234213961318E-014   1.5438298774943268E-016   1.4253042579359152E-014   2.0805725921685252E-016   5.7840410241781153E-017  -8.6072619091285345E-017   8.5239241668187338E-017  -3.4915004582873306E-017  -5.9211527063850282E-017   6.0994925324765684E-017  -3.9356027617373320E-017   2.0223710881611759E-017  -5.3088721694370586E-017   6.8431430134708414E-017  -6.9268127968039243E-017  -1.0152455306117212E-016  -6.8919166709566311E-017  -4.2489195835210081E-016   4.2596347298468828E-014   1.4981722159201444E-004  -7.2289689446986168E-005  -1.3008336474866096E-004  -6.2688769994897446E-006  -1.7496892136174087E-004  -1.9473201800900938E-004  -1.7863612416159239E-004   1.8071325807532961E-005   3.1195519956417984E-004   8.3488844463164622E-005  -1.8196289481090203E-002   2.9149942441143176E-002   5.2454542604421991E-002   1.5114722485538646E-015   6.7194707237414379E-016   2.6968369081655023E-019   2.0143949324208815E-015   3.8550892246139549E-017   1.8254639800328694E-015  -4.6610776401778860E-016  -2.1604839938841248E-016  -1.2194348868213266E-017  -3.1307025632230051E-016  -2.8120313361358327E-018  -3.4687250928508602E-016  -2.1984335018059563E-016  -9.6149586182900944E-018  -9.6239219735847095E-017  -2.6489206831328178E-017  -6.3623997799495713E-016  -1.1322970475284167E-017  -3.9156720107955850E-016  -6.8705154670932504E-018  -7.4047519047753215E-016  -2.9301128624671760E-004   1.4138357834953227E-004   2.5441597180153662E-004   1.2260617929089319E-005   3.4220277319726387E-004   3.8085527460714403E-004   3.4937505818539961E-004  -3.5343749953726653E-005  -6.1011940619661270E-004  -1.6328679334549499E-004  -2.8938473763131839E-016  -1.1889627611454235E-016  -1.0580325323945570E-017  -4.3319343578924549E-016  -2.4597931668933857E-017  -4.2139798291823736E-016  -6.6010409494593131E-003   1.0574681389214169E-002   1.9028856629087768E-002   9.0638677499271200E-017   3.5203759219727583E-015
  -1.9832830416721028E-006  -4.9000841305057251E-015   7.8366980407209014E-015   1.4115507389802278E-014  -9.2273042792832267E-015   1.4791626465920294E-014   2.6592581123064162E-014   1.3057657492371048E-005  -2.1088025757684910E-007  -1.3184061783323648E-007  -2.3724366931206604E-007  -9.9244397948067695E-008   3.8005766571998010E-007   3.1012465378474094E-007  -8.3883341461604669E-015   1.3403088112772577E-014   2.4149861012195373E-014  -6.9542215436373198E-016   3.3984648317673008E-016   6.1011640517789198E-016   3.3334218794342459E-017   8.2208247645652219E-016   9.1575223932396349E-016   8.4082097159729497E-016  -8.5351911994537520E-017  -1.4632930977038205E-015  -3.9347259400236611E-016  -3.4541503791935537E-005   1.7925326044842582E-007   1.1206767619512144E-007   2.0166278911173397E-007   8.4360111588308111E-008  -3.2305809935706263E-007  -2.6361336640626765E-007  -2.4859034279757117E-009  -8.4617659868902508E-009  -1.5226721815049673E-008  -8.1866332435636877E-010   5.5742118497354615E-009   5.1854512630326141E-009  -5.2211100850577238E-009   4.3441487172445586E-009   1.8357504614938295E-008   1.1988784536380017E-008   6.3630167729668616E-009   1.5050922424514429E-008  -1.0358740118394533E-008  -1.9205694630201101E-008   2.9450241866611480E-009   5.4447844298413357E-005   3.7492071443974718E-017  -1.7716969859500709E-017  -3.1101335090741076E-017  -1.9410678872637080E-018  -4.2906288233688430E-017  -4.5721057189316939E-017  -4.2853700730635792E-017   4.3556876486379689E-018   7.7232035135464024E-017   1.9760604289392699E-017  -4.3775414267034089E-015   7.0236883523363905E-015   1.2626887113722487E-014  -1.0639610690434437E-006  -6.6517978827645710E-007  -1.1969732569404250E-006  -5.0072100933582803E-007   1.9175173916455674E-006   1.5646820790381416E-006  -7.9892235875165824E-010  -2.7194513587061047E-009  -4.8935800626157616E-009  -2.6310297767691158E-010   1.7914461368228495E-009   1.6665058424264580E-009  -1.6779659158254717E-009   1.3961271381852171E-009   5.8997543707325270E-009   3.8529683338424525E-009   2.0449530581253503E-009   4.8370814673376519E-009  -3.3291029915824477E-009  -6.1723465805720133E-009   9.4647491609334047E-010  -7.1346930066318009E-017   3.4971634464894496E-017   6.1319724328586818E-017   2.7830499538121420E-018   8.2379639242708986E-017   9.1250791486117553E-017   8.3960363140519775E-017  -8.1557966287567402E-018  -1.4749699545807901E-016  -3.9782170419785490E-017   7.9135871173419810E-007   4.9475101635160792E-007   8.9029123532838307E-007   3.7242897744936226E-007  -1.4262214443584392E-006  -1.1637876893942666E-006  -1.5890773067530458E-015   2.5450747715868005E-015   4.5815877133440318E-015   8.3428870434888421E-006   5.1052206678444912E-003
   3.2029882765723044E-008   8.3747403090868793E-016  -1.3413982328388382E-015  -2.4140295751141119E-015   1.5762921705617978E-015  -2.5253329769257004E-015  -4.5438726512883674E-015  -2.1088025757684910E-007   3.4057014484918264E-009   2.1292167805754997E-009   3.8314687088580317E-009   1.6027901033991313E-009  -6.1379047878925602E-009  -5.0084915237872383E-009   1.4319429940652343E-015  -2.2933704816492868E-015  -4.1273654031808930E-015   1.2000612978524374E-016  -5.7974578864395380E-017  -1.0430063939938416E-016  -5.0898767085720986E-018  -1.4031312994837710E-016  -1.5617492819090579E-016  -1.4327833568456904E-016   1.4499151735353710E-017   2.5012781367774240E-016   6.6971806987112803E-017   5.5784287656425605E-007  -2.8949276512222290E-009  -1.8098851525148104E-009  -3.2568399758068809E-009  -1.3624099170427703E-009   5.2173657675205304E-009   4.2573374773333617E-009   4.0147166940852222E-011   1.3665693038073528E-010   2.4591049507040151E-010   1.3221355576975098E-011  -9.0023132506494439E-011  -8.3744676151859502E-011   8.4320563639943455E-011  -7.0157698728114201E-011  -2.9647241887973843E-010  -1.9361803390403419E-010  -1.0276227698827539E-010  -2.4307134717732922E-010   1.6729293026830802E-010   3.1017062845501903E-010  -4.7561935164557748E-011  -8.7932888704286671E-007  -6.1885618324617853E-018   2.9800652199428480E-018   5.3499527544596807E-018   2.6496319893075860E-019   7.2133007596086193E-018   7.9952478600225243E-018   7.3491129385098180E-018  -7.4378753579980189E-019  -1.2872570541109095E-017  -3.4304159080506565E-018   7.4879735146204881E-016  -1.1997297292728260E-015  -2.1586869481105375E-015   1.7182897041273185E-008   1.0742607176563490E-008   1.9331034596647395E-008   8.0866093696033635E-009  -3.0967772105720859E-008  -2.5269506421517253E-008   1.2902540359623188E-011   4.3918949729437400E-011   7.9030976626570940E-011   4.2490947349598684E-012  -2.8931730135284414E-011  -2.6913953096835373E-011   2.7099032482754754E-011  -2.2547355885428953E-011  -9.5280621510183414E-011  -6.2225169801769764E-011  -3.3025849229235163E-011  -7.8118528254269932E-011   5.3764781070029935E-011   9.9682966682583501E-011  -1.5285503867167801E-011   1.2071565297328291E-017  -5.8335699889798785E-018  -1.0471339068077507E-017  -5.0184852475548520E-019  -1.4082905810217789E-017  -1.5666592977561398E-017  -1.4375715753813827E-017   1.4488307579893367E-018   2.5118690108414335E-017   6.7275019363798945E-018  -1.2780387987944404E-008  -7.9901943993853236E-009  -1.4378141342285227E-008  -6.0147020045126712E-009   2.3033376830695243E-008   1.8795089995859967E-008   2.7165695062087171E-016  -4.3517736835253907E-016  -7.8311901491612217E-016  -1.3473704373800482E-007  -8.2448957636597456E-005
   2.0024821581129613E-008  -2.8938108973183197E-018   4.7680564981115338E-018   8.4428893621342922E-018  -5.3976795646412919E-018   8.5485339270323114E-018   1.5630790539884999E-017  -1.3184061783323648E-007   2.1292167805754997E-009   1.3311689727506589E-009   2.3954030006837942E-009   1.0020513058797440E-009  -3.8373680340485984E-009  -3.1312680688850279E-009  -4.8358722027138306E-018   8.0981639443491631E-018   1.4255773134079034E-017  -4.9020641462539064E-019   1.9319928823971019E-019   3.6207783375376792E-019  -2.2251261408817544E-020   4.7243343259014237E-019   5.1757826718043089E-019   4.6710591579688063E-019  -4.4304147374339599E-020  -8.6666709309479547E-019  -2.1326601927444345E-019   3.4875881860728282E-007  -1.8098851666120082E-009  -1.1315254422420140E-009  -2.0361498014477995E-009  -8.5176757307207732E-010   3.2618545432173238E-009   2.6616526828343668E-009   2.5099681471164532E-011   8.5436798776784418E-011   1.5374123672977740E-010   8.2658837194661428E-012  -5.6281728528401199E-011  -5.2356488800673586E-011   5.2716528963294073E-011  -4.3862021283343172E-011  -1.8535213928868923E-010  -1.2104841632347653E-010  -6.4246137802383648E-011  -1.5196622461321560E-010   1.0459017614614121E-010   1.9391614824033809E-010  -2.9735334115639042E-011  -5.4974925143998379E-007   7.0031196022159887E-021  -7.1520668257290016E-021  -2.0744237273622070E-020   3.4656860356744759E-021  -1.7064498276452678E-020  -3.9504473479340320E-020  -2.7032976745737555E-020   2.5278633501795732E-021   2.3017063515464221E-020   1.5338811626681612E-020  -2.6288028866435694E-018   4.1002993888914459E-018   7.5000701285308821E-018   1.0742607146431373E-008   6.7161904275546384E-009   1.2085605233334344E-008   5.0556822516968985E-009  -1.9360798655366043E-008  -1.5798289404780753E-008   8.0665630447225821E-012   2.7457769321083913E-011   4.9409522285954654E-011   2.6564993875015145E-012  -1.8087881814305573E-011  -1.6826384059818550E-011   1.6942094183033449E-011  -1.4096423081982988E-011  -5.9568667791765877E-011  -3.8902668868629100E-011  -2.0647491694488942E-011  -4.8839067002338279E-011   3.3613302806965191E-011   6.2320978103378997E-011  -9.5563724025011197E-012  -3.3685833257681491E-020   1.0747576178431620E-020   3.5603884298238502E-020   3.4526757034243716E-021   4.8884562960034403E-020   5.8786128428729624E-020   5.1382111979253880E-020  -8.6093299372612448E-021  -8.0888327271123642E-020  -1.8544256630423441E-020  -7.9901943777976698E-009  -4.9954043983407717E-009  -8.9890967492283155E-009  -3.7603426582916488E-009   1.4400279414671934E-008   1.1750537038216778E-008  -9.4311499402305958E-019   1.5167224480415472E-018   2.7111912838695422E-018  -8.4236501299648021E-008  -5.1546416148292371E-005
   3.6034131417950543E-008  -1.0741415025308338E-018   1.9587302582908138E-018   3.2779733337931707E-018  -1.9338748260578244E-018   2.9209510991505418E-018   5.7023207147952020E-018  -2.3724366931206604E-007   3.8314687088580317E-009   2.3954030006837942E-009   4.3104637000577843E-009   1.8031645524185878E-009  -6.9052412516001788E-009  -5.6346332296594850E-009  -1.6358201819879599E-018   3.2525723525721500E-018   5.2831021003812496E-018  -2.8925288801083762E-019   6.1590389483281039E-020   1.3678024211245960E-019  -6.4847907322354300E-020   1.5773994603537987E-019   1.6076984916444647E-019   1.3364127522560859E-019  -8.2118268460322149E-021  -3.2506735740987491E-019  -5.3382359420798190E-020   6.2758217604828614E-007  -3.2568400013388515E-009  -2.0361498015506057E-009  -3.6639971664539054E-009  -1.5327329904677549E-009   5.8696201012494467E-009   4.7895728895070565E-009   4.5166206201454738E-011   1.5374123672356726E-010   2.7665324788209836E-010   1.4874236907729727E-011  -1.0127746676819184E-010  -9.4214102751546338E-011   9.4861985404734754E-011  -7.8928535406794520E-011  -3.3353622246606481E-010  -2.1782339103811814E-010  -1.1560920846597922E-010  -2.7345916100259696E-010   1.8820722756542272E-010   3.4894692776388507E-010  -5.3507939281182954E-011  -9.8925908992747348E-007  -1.7827644410544958E-020   1.8128998210685287E-021  -1.0907299076519543E-020   7.5096891991371034E-021   4.8310568057051588E-021  -3.1534970724065526E-020  -1.2362103527371041E-020   8.7833203570586887E-022  -2.1943036099163866E-020   1.0644253754002384E-020  -1.0345885001877842E-018   1.4576964201754207E-018   2.8420653366611484E-018   1.9331034542185730E-008   1.2085605233184468E-008   2.1747723717739818E-008   9.0975651356974245E-009  -3.4839239904208193E-008  -2.8428599689854116E-008   1.4515564678919842E-011   4.9409522284687180E-011   8.8911115244494036E-011   4.7802996722398174E-012  -3.2548660058137571E-011  -3.0278628553264077E-011   3.0486845828480259E-011  -2.5366136711943307E-011  -1.0719222615314028E-010  -7.0004313239035454E-011  -3.7154609650623745E-011  -8.7884596202882823E-011   6.0486240330797673E-011   1.1214493502347085E-010  -1.7196436813954166E-011  -1.1028529168999884E-021  -9.3766265804038764E-021   1.2393479109154846E-020   3.7227276026457688E-021   1.8461213950403056E-020   2.8428056554619718E-020   2.1498714535246725E-020  -8.3135441091642982E-021  -2.1634236447963015E-020  -2.0450105487869135E-022  -1.4378141303184040E-008  -8.9890967490690303E-009  -1.6175639432193780E-008  -6.7666361458668789E-009   2.5912918064272952E-008   2.1144777452879228E-008  -3.5636420820406843E-019   5.8146421050615022E-019   1.0137404218464553E-018  -1.5158133348265521E-007  -9.2756398656869171E-005
   1.5073892966357736E-008   8.0017965453488227E-016  -1.2817656790481933E-015  -2.3066062978016534E-015   1.5060589326620636E-015  -2.4127379939783409E-015  -4.3414709239399758E-015  -9.9244397948067695E-008   1.6027901033991313E-009   1.0020513058797440E-009   1.8031645524185878E-009   7.5430455499609922E-010  -2.8886187466599219E-009  -2.3570946451690675E-009   1.3680893040769101E-015  -2.1913760776988269E-015  -3.9435610698571731E-015   1.1472027751884667E-016  -5.5387359910097947E-017  -9.9657218872585049E-017  -4.8324884543859175E-018  -1.3405514102148168E-016  -1.4920312850250107E-016  -1.3687628911199791E-016   1.3849005391580347E-017   2.3899095836437885E-016   6.3975422613787804E-017   2.6253183237915242E-007  -1.3624099057450355E-009  -8.5176755937440685E-010  -1.5327329657417744E-009  -6.4117691020039054E-010   2.4553949735372370E-009   2.0035867731512082E-009   1.8894046593780618E-011   6.4313439944109723E-011   1.1573031687653121E-010   6.2222300435878779E-012  -4.2366657218968558E-011  -3.9411892139871986E-011   3.9682916121431227E-011  -3.3017593262167922E-011  -1.3952575294633519E-010  -9.1120455880948970E-011  -4.8361949234424610E-011  -1.1439415802234923E-010   7.8731344205589611E-011   1.4597239986286677E-010  -2.2383582393583739E-011  -4.1382947363439802E-007  -5.9018815904377150E-018   2.8449312128140479E-018   5.1134502582023791E-018   2.4978480221759702E-019   6.8860158372032265E-018   7.6483643732052570E-018   7.0231063459770005E-018  -7.1063263982879781E-019  -1.2282776117332989E-017  -3.2803407884235935E-018   7.1548385759365853E-016  -1.1462684892774916E-015  -2.0625879167229076E-015   8.0866093936903617E-009   5.0556822809366603E-009   9.0975651884264166E-009   3.8057174604646102E-009  -1.4574042794429105E-008  -1.1892326859162697E-008   6.0721893301216489E-012   2.0669121777893606E-011   3.7193532408758337E-011   1.9997075764274459E-012  -1.3615841387266439E-011  -1.2666235816430421E-011   1.2753337816585524E-011  -1.0611229262913593E-011  -4.4840934976807284E-011  -2.9284389089587694E-011  -1.5542614378136672E-011  -3.6764116253788462E-011   2.5302763707789448E-011   4.6912765224051791E-011  -7.1936588377748106E-012   1.1527804263169686E-017  -5.5665322276490550E-018  -1.0004583192744237E-017  -4.8082568768601484E-019  -1.3455937693866229E-017  -1.4972516253545338E-017  -1.3736854142875180E-017   1.3870903207189071E-018   2.3995549388767806E-017   6.4242865259265548E-018  -6.0147020208567137E-009  -3.7603426786693863E-009  -6.7666361826559765E-009  -2.8306370929832733E-009   1.0839960281442088E-008   8.8453391154414550E-009   2.5956294595750328E-016  -4.1580809194033636E-016  -7.4824918469531700E-016  -6.3409903519336125E-008  -3.8802101515396463E-005
  -5.7725662027841346E-008   5.1847781340909521E-018  -8.6871149648017823E-018  -1.5237009727121446E-017   9.6176885307529037E-018  -1.5123617677822633E-017  -2.7929261256997131E-017   3.8005766571998010E-007  -6.1379047878925602E-009  -3.8373680340485984E-009  -6.9052412516001788E-009  -2.8886187466599219E-009   1.1062001691874030E-008   9.0265234839027252E-009   8.5427289705596060E-018  -1.4697712371433187E-017  -2.5535313253016687E-017   9.6025188296777152E-019  -3.3841873027907832E-019  -6.5054660216993215E-019   8.3093448676355530E-020  -8.3298883207291093E-019  -9.0338803003511652E-019  -8.0654591761924814E-019   7.3089644110387472E-020   1.5553650233975204E-018   3.6241230079231333E-019  -1.0053689422693750E-006   5.2173658084175806E-009   3.2618545433792365E-009   5.8696201012444439E-009   2.4553950131454679E-009  -9.4029658233349592E-009  -7.6727606576820554E-009  -7.2354988220033983E-011  -2.4628912427249374E-010  -4.4319069886588442E-010  -2.3828107931857145E-011   1.6224364477907780E-010   1.5092833487816040E-010  -1.5196622461214259E-010   1.2644128718960712E-010   5.3431561951088697E-010   3.4894692776085470E-010   1.8520269068810915E-010   4.3807386178841820E-010  -3.0150266933384384E-010  -5.5900313467018069E-010   8.5718209297897345E-011   1.5847651555901206E-006   3.0563308947079085E-021   9.4014987403010515E-021   3.9616987397959777E-020  -1.0963173258659426E-020   2.2045353753372427E-020   8.3666931992658383E-020   5.0212571376353472E-020  -4.4833047581124628E-021  -1.7951315221565095E-020  -3.1263914617170711E-020   4.7548954946181890E-018  -7.2973184368941427E-018  -1.3482128661410737E-017  -3.0967772018360673E-008  -1.9360798655054590E-008  -3.4839239904079794E-008  -1.4574042709905037E-008   5.5811479530081285E-008   4.5541814747442855E-008  -2.3253525139256854E-011  -7.9152660883678590E-011  -1.4243309848632464E-010  -7.6579052252124732E-012   5.2142035232717454E-011   4.8505508798293631E-011  -4.8839066999491168E-011   4.0635835447284366E-011   1.7171892246154332E-010   1.1214493502442624E-010   5.9520636548487771E-011   1.4078864393922063E-010  -9.6897250725212558E-011  -1.7965302235852525E-010   2.7548206673602285E-011   5.1645399067024876E-020  -9.0463209318246379E-021  -6.3162669155503769E-020  -8.0508023342754690E-021  -8.7826761228582620E-020  -1.1037309129999957E-019  -9.3913673606594434E-020   1.9334551116990250E-020   1.3851670653614636E-019   2.8123552716313244E-020   2.3033376767968565E-008   1.4400279414361945E-008   2.5912918064174309E-008   1.0839960222465726E-008  -4.1511763749304816E-008  -3.3873336996567134E-008   1.6945659334132633E-018  -2.7315937646042957E-018  -4.8632235157835850E-018   2.4282902021027630E-007   1.4859313403954615E-004
  -4.7103775467771405E-008   8.6085317048496338E-016  -1.3793735897716689E-015  -2.4818234228620275E-015   1.6201014138460980E-015  -2.5951253077834575E-015  -4.6704418588452014E-015   3.1012465378474094E-007  -5.0084915237872383E-009  -3.1312680688850279E-009  -5.6346332296594850E-009  -2.3570946451690675E-009   9.0265234839027252E-009   7.3655861276264238E-009   1.4714720673922048E-015  -2.3580829373901181E-015  -4.2425623819124485E-015   1.2365646988485307E-016  -5.9564688881957171E-017  -1.0721898800043878E-016  -5.0736289702336359E-018  -1.4418084367730147E-016  -1.6044703439453786E-016  -1.4716693054086798E-016   1.4880876679598994E-017   2.5711988320484441E-016   6.8769278096233202E-017  -8.2037470434011025E-007   4.2573375330784313E-009   2.6616526969541136E-009   4.7895729146733359E-009   2.0035868160006061E-009  -7.6727606980042631E-009  -6.2609242153531823E-009  -5.9041213203339948E-011  -2.0097036919715721E-010  -3.6164080991768870E-010  -1.9443585511460851E-011   1.3238978898259552E-010   1.2315656760067360E-010  -1.2400347906556459E-010   1.0317529141134347E-010   4.3599816937959449E-010   2.8473848818725451E-010   1.5112422537470961E-010   3.5746550319386296E-010  -2.4602427309340273E-010  -4.5614302575836960E-010   6.9945517165662206E-011   1.2931583534210761E-006  -6.3041670979347763E-018   3.0507567544373829E-018   5.5082777082530563E-018   2.5494689501042616E-019   7.3834283605521498E-018   8.2656525968618470E-018   7.5607861066776939E-018  -7.6438348585286408E-019  -1.3146621132298213E-017  -3.5400326346347196E-018   7.6986553568229846E-016  -1.2330418424404600E-015  -2.2191121013222416E-015  -2.5269506293170936E-008  -1.5798289368852564E-008  -2.8428599625554849E-008  -1.1892326763337580E-008   4.5541814644605088E-008   3.7161833072156945E-008  -1.8974729583273565E-011  -6.4588071144913498E-011  -1.1622450838316866E-010  -6.2488022763239457E-012   4.2547571283807314E-011   3.9580188691172874E-011  -3.9852370075720089E-011   3.3158584962282621E-011   1.4012155570073864E-010   9.1509558377877720E-011   4.8568463334843783E-011   1.1488264386342727E-010  -7.9067544334154455E-011  -1.4659573108405524E-010   2.2479162578807217E-011   1.2376657970937811E-017  -5.9590226565821823E-018  -1.0761359153102039E-017  -5.2268871678720958E-019  -1.4476931886477224E-017  -1.6122433712205828E-017  -1.4783821136686558E-017   1.5035968206508787E-018   2.5796433180010401E-017   6.8966207582584556E-018   1.8795089903337840E-008   1.1750537012119930E-008   2.1144777406293326E-008   8.8453390478628520E-009  -3.3873336922066781E-008  -2.7640428956205051E-008   2.7925820470954457E-016  -4.4737759481837841E-016  -8.0500142883132880E-016   1.9814694614549596E-007   1.2125105847162826E-004
