   2.8764436119099207E-008  -1.2357684651009652E-019   2.5960446940081437E-019  -5.6056075638189098E-017  -1.4969288005330905E-007   2.8790649663902713E-019  -4.5913424194285278E-019  -6.6152117174088051E-015   9.9323769832462111E-019   1.3040155593077509E-019  -2.0025973266849279E-020   8.8242909512019826E-019  -1.6549313770976983E-019   1.0415387612919753E-018   4.0422135925345021E-007   1.2085529675347928E-018   2.3637859981419025E-019   9.4359910402580205E-019  -3.2857580261722246E-019   8.8738090111517786E-020   1.8195242678346434E-019   2.0642692304095200E-021   4.3297238783545769E-019  -6.0846843567437083E-019  -7.7943087230779356E-020  -2.2851838884066782E-019   1.4093637221260084E-019  -1.4326027961392052E-014  -1.5812073913206739E-018  -7.6227904282125894E-020   1.8040032614601379E-019  -1.5130009717154847E-018   1.2760201055932753E-019  -1.7481725201488576E-018  -1.7057359914141288E-006   2.0770234992575027E-019  -1.2436003377305713E-020   1.1167093965476599E-019  -2.1983078255351881E-019  -1.8642082808191205E-020   1.4032066906556479E-019   3.4923488812781045E-021   1.1557856086166198E-019   2.2099566184745897E-019   8.2045288190756608E-020  -5.2614084304265913E-021  -4.9012984353290021E-020   1.5799770426000156E-019  -1.5972538116300614E-020   3.3202910568716215E-020   2.8797585528608406E-020   1.6210683797704256E-019  -8.2993796929347941E-015  -5.4146434503629663E-019   1.0445008053143513E-019   6.7620530004866968E-020  -2.9263227528247412E-019   3.3720789157126744E-020  -5.4494669730313635E-019   5.4300736657502536E-020   5.9264806191941596E-020  -1.3316328213620644E-020   5.7504672159514767E-020   6.1708466953370031E-020  -3.8513237525069920E-020  -2.3462746648663881E-019  -5.8750078088918712E-020  -9.5536044390215482E-020   2.0120117485717793E-019   7.3951576486488931E-020   1.4482702207693317E-019   1.4535437111246767E-020  -5.1712745402788515E-020   3.4991867325255123E-020  -5.2869145399991772E-020  -1.4652049805577635E-019  -6.0259930309650055E-020  -6.4151055472790624E-021   2.4693436593247422E-020   1.6567461361613869E-020   1.8787407155754827E-020   4.7462960461671926E-020  -4.4307408852578032E-020   1.0294668591309747E-020   1.4220031531009121E-008   6.1834593895211914E-019   3.7815070798408567E-019  -2.3950385725713758E-004   2.1526132284929637E-016   3.0419787968006361E-017   2.2450039654764775E-019  -7.6395671904656808E-020   3.3331133110383641E-020   3.6846541448957241E-019  -5.1484531659419585E-020   4.5320377661435678E-019   2.4537415725807256E-020   3.0588976567735490E-020   4.2123698589274819E-020  -9.1798483113028526E-020  -2.8119269697932845E-020   2.9740216957256623E-021   1.1003967102640376E-019   7.9004690701875478E-020   4.2616079456405462E-020  -6.1104001701493435E-020  -9.6114712786198939E-015   2.1619423642687939E-015  -4.1051641302540510E-015
  -1.2357684651009652E-019   2.8764436117066311E-008   1.2465567988327858E-019  -2.2211946577673569E-017   7.0664680244244045E-019  -1.4969288004476633E-007  -6.1158953284760325E-020  -2.6314115974431973E-015  -5.6538621195788229E-018  -7.6270669294078505E-020   5.7058436070296681E-020  -5.5212530560573186E-018   6.3578689091907762E-020  -5.3617741955566130E-018  -1.4664413022074967E-018   4.0422135923806185E-007  -1.9046076902875120E-019  -1.0161686237869410E-019  -4.8063190661408130E-019   9.2568134241313419E-020  -1.9906271581129056E-019   9.5147238578506862E-020   2.7616317148898554E-019  -1.1146438491826073E-018   1.3699704756222154E-019  -2.1432639910965339E-019   7.6615535983486635E-019  -5.8405935983404542E-015   1.4327430353649605E-017   8.2827390302725903E-019  -7.0282653575139423E-019   1.4146221167656349E-017   4.4537487027767081E-019   1.2904521134922039E-017   5.6415172899750503E-018  -1.7057359913516047E-006  -1.0958691401494702E-017  -2.2334487755322987E-018  -7.2897696786968018E-020   2.7176777820885171E-019  -1.4861644742725781E-018  -2.8206691331259778E-019  -1.5219705979709337E-018  -2.8958402378772610E-019   4.4014266200480703E-019  -1.8931406915977301E-019   2.7493051162753035E-019  -2.3903586722592778E-018  -2.3096874211811110E-019  -1.4712377357660374E-018  -9.7912275295767490E-020  -1.8660541237332010E-018  -3.2996685318566765E-015   1.4713739376618701E-019   2.6175632581974548E-019  -3.7901909237626642E-019   2.9657222197569842E-019  -1.2286969498088574E-019  -3.9350388633727060E-019   5.3830855319704820E-019   3.2290429055872466E-019  -3.7593662888536581E-019  -1.3363952136231935E-019  -5.2765764940696041E-019  -4.6406253858621984E-019  -6.8644062995261944E-019  -4.8462919023159450E-019  -3.3654851958589660E-020   2.8650314405754840E-019  -6.1945643997167488E-019  -8.3140327508578299E-020   1.2885865580066651E-019  -2.4428987197488474E-019   1.3710291068586637E-019  -1.1333228623057869E-019  -8.9861521437409902E-020  -1.5800037264107611E-019   5.0833135413895890E-020   3.2249226120535393E-019  -3.0271868897957937E-019  -4.5584904463315686E-020  -1.1436675419536172E-019  -5.1299081191702997E-020  -3.6987765223893714E-019   1.6597610995628130E-019   1.4220031528214252E-008  -1.6286063216751546E-018   8.1456231258997160E-016  -2.3950385724867527E-004  -1.9796099472528600E-015  -1.0434175563475871E-019   1.9288816452942613E-019   2.4386378488695824E-019  -1.3204171162816989E-019   1.4169325286540792E-019   2.7558838265566301E-019   2.1669440481238151E-019  -8.5206858420468690E-021   3.6464384614783164E-019  -1.0324981973412533E-019   3.1488540922810063E-019   2.0115264370148822E-019   5.0646858957409463E-019   1.5502115488448401E-019  -4.3089478698498853E-020  -8.2666380447933896E-020  -3.8746683663430521E-015   1.8866811725098887E-015  -6.3814590910371071E-016
   2.5960446940081437E-019   1.2465567988327858E-019   2.8764436117367935E-008  -5.4100709638368540E-018  -1.1302555789913684E-018  -7.5583475803755736E-020  -1.4969288004675167E-007  -3.1590756095708918E-016  -2.6491113775847440E-020  -2.0087171061207538E-019   1.0370775429963810E-019  -3.7202432248288997E-019   1.1311822863330679E-019   4.0021958747694742E-019   2.7359369455765384E-018  -2.1872598042428357E-018   4.0422135923279992E-007   2.3983164335122047E-019   3.0544903632497834E-019   1.5353868498091387E-018   1.9612792556491472E-020   1.6821946534811578E-019  -3.3704582528952947E-019   7.2218316118084200E-019   1.5572222468185644E-018   1.8178192408380929E-019   3.3957032027028968E-018  -7.4055230245030645E-016   1.9951291599106724E-018   3.1126232494188852E-019  -8.6619588702089287E-019   2.4792035026134416E-018  -1.2434615990519638E-019   9.9983990304946151E-020  -1.3853646962363490E-017   6.7750986233828332E-018  -1.7057359913432633E-006  -3.5868306698569215E-019  -4.0112725156227029E-021   9.3846646282167746E-020  -4.1420236152352634E-019  -1.5182817232551175E-019  -3.4050141507490647E-019  -1.7058851524994352E-019   2.9400117654628537E-019  -1.3796106170380178E-019   2.8579414082439066E-019  -3.8236176454471714E-019  -1.1082883729411351E-019  -2.5550837959026602E-019  -4.3631878747081078E-020  -2.3253315033612088E-019  -3.6495829489669031E-016  -5.4651678192594988E-019   1.6619519586414472E-019  -2.6117308293248140E-018   1.0642141470194113E-019  -2.1534597690655162E-019   2.4486771385843310E-019  -2.7463053343380059E-019  -3.1352714366315352E-018  -1.2241825301960790E-019  -4.6786181328381633E-018  -6.2519521900314050E-019   3.0897605875833348E-019   2.4694263248540989E-019  -1.1211941053420281E-018   4.1988763493465780E-019   1.2785532720233153E-018  -1.0866054511050148E-019  -1.1488197583234691E-019   1.4011935326744230E-019  -5.8745531503050623E-020   7.9084659556717187E-021   5.9279768695812724E-020  -3.4983056233961226E-020  -7.2095980331628619E-020   7.0922282211000149E-020   9.9647073260616283E-020  -1.7598765308817676E-021  -4.7271150587293025E-020  -6.8424590665958681E-020   1.8412612836703503E-020   2.2782006885272410E-020  -1.5246552320419325E-018   1.7932713728908092E-019   1.4220031525049169E-008  -2.1932119139205741E-015   9.4107214317142371E-016  -2.3950385724993674E-004   2.4975566925251253E-019  -1.8678575718245356E-019   5.1321743123021196E-019  -1.1300276070639572E-019   1.2686447889550018E-019  -1.8992149294394655E-019   1.6603568180077860E-019   6.8680408332264815E-019   6.4060147456446213E-020  -8.7816880628514358E-020   2.5274917415979724E-019  -2.2178960257503131E-019  -7.5390029822955898E-020   3.6140041641637048E-019  -1.7670001791517675E-019  -6.8856635648323176E-019  -4.7608927642460405E-016   2.8177570240417718E-015   8.1053440314367073E-016
  -5.6056075638189098E-017  -2.2211946577673569E-017  -5.4100709638368540E-018   1.0562798645333870E-005   1.2625033601419170E-016   5.9580352539894246E-017   1.3408180531954161E-017   1.0473499558526483E-003  -3.9145972179592467E-015  -1.0054305138749388E-017   2.8465937841338913E-017  -3.8559550948826946E-015  -3.9957816603476719E-017  -3.7752100491849253E-015  -9.4368731406652676E-017  -9.1448544058900874E-017  -1.6996453497838815E-017  -6.4405038566192420E-018  -7.8215599730964761E-018  -6.2438205675313328E-018  -1.3578088229710485E-017   9.5725608446176299E-018  -9.8038323810202085E-018   4.9356140086627546E-018   7.7839917787181856E-018  -1.5752463567602898E-018  -5.3922664513957855E-018   2.3034481710609571E-003   8.8328879926452962E-015   5.1067974301864778E-017  -7.4042345187148733E-017   9.1442100840537356E-015   9.1338437274954322E-017   9.2116794980957307E-015   5.3881977601764297E-017   4.2088557817156299E-017   3.8752550810500586E-018  -1.1644403738853013E-015  -8.8851524876151122E-018   2.3366797852638709E-019  -7.0557472959770360E-016  -3.2269520523961153E-018  -7.4463465849262760E-016   3.6148047234942064E-018  -1.1581831338269405E-019  -5.3861145526918700E-019   1.1431176360421283E-018  -1.3297316365320936E-015   5.9224425722917636E-018  -8.1257517438379350E-016   1.7148585349738644E-018  -1.4320908094957735E-015   1.2953682655669622E-003   8.9462834355019122E-018   6.8061724779934227E-018   4.6669984609211505E-019   1.0632394862407121E-017  -9.3762967118343898E-018   4.1891206436427288E-018  -1.2719736267523061E-017  -3.2983396143959065E-018   7.4560290086981968E-018   3.6727249467436820E-018  -5.2960524496205373E-016  -6.4172717684886656E-017   5.9416967833466829E-017  -4.8640924107807495E-016  -1.0381993127339067E-016  -3.7981302635735712E-016  -5.2736970573512939E-017   4.8534422549738078E-018   8.4563226929155174E-019  -6.6066057446084305E-017   4.3438872149779625E-018  -7.0603370301120781E-017  -5.9693262918780148E-018   6.3877704800956363E-019  -7.2720688495345409E-019   5.1269081630426191E-019  -1.0428488026349665E-016  -2.1345636504532030E-018  -8.4988916404128013E-017   3.1774123319527650E-019  -1.5633158063430334E-016  -4.1443742891844236E-018  -8.5872634104287130E-017   1.1614354206381563E-019   5.0368544113056419E-015  -9.2421140636097958E-015  -5.7698063836811376E-016   1.5559469807447085E-019   6.7569553024560366E-019   4.8869963866030711E-019  -2.7366736688479030E-018   5.9250338498018020E-018  -7.3923463132783829E-020   4.6587710408452699E-018   1.6919032305304743E-018  -5.0554467453545791E-018  -5.1073170176216244E-019   1.8033819903939631E-017   3.0561749462536299E-017  -1.8774239639520228E-017  -5.6361601166384516E-018   4.1098864805216579E-017  -8.1320188411097576E-017   1.5325570800580153E-003  -2.0432654892500860E-003   1.2417020076386359E-004
  -1.4969288005330905E-007   7.0664680244244045E-019  -1.1302555789913684E-018   1.2625033601419170E-016   7.7901608242463622E-007  -1.8289667357630021E-018   1.2405695338946054E-018   1.5419944859472920E-014  -5.1689040133569904E-018  -6.7862218423555746E-019   1.0421708204108848E-019  -4.5922454326453552E-018   8.6124213686460392E-019  -5.4202673731108514E-018  -2.1036066618922891E-006  -5.3964944922283412E-018   1.8720357024725965E-018  -4.9105800965504962E-018   1.7099399414301186E-018  -4.6180151844933666E-019  -9.4689785259390053E-019  -1.0742654869298412E-020  -2.2532297676808999E-018   3.1665280062726994E-018   4.0562328969300029E-019   1.1892315785503740E-018  -7.3344637702143813E-019   3.3237648835093373E-014   8.2287545038504212E-018   3.9669731299541249E-019  -9.3882057099721740E-019   7.8738017596377255E-018  -6.6405308331175487E-019   9.0976570152757845E-018   8.8768134410195269E-006  -4.8488986124138018E-018  -1.3025850375029145E-017  -5.8114624119690114E-019   1.1440204435602130E-018   9.7015184112592845E-020  -7.3024218556449538E-019  -1.8174517982850462E-020  -6.0148188435075545E-019  -1.1500825868556017E-018  -4.2697153643303315E-019   2.7380873318921723E-020   2.5506826405198339E-019  -8.2223515756435269E-019   8.3122617827075742E-020  -1.7279111077891750E-019  -1.4986539277742103E-019  -8.4361948117979554E-019   1.9406009333549442E-014   2.8178323022148352E-018  -5.4356822137005542E-019  -3.5190371350559593E-019   1.5228863829574357E-018  -1.7548621580375321E-019   2.8359547969687432E-018  -2.8258623322374311E-019  -3.0841972662118385E-019   6.9299447068058325E-020  -2.9925982067456891E-019  -3.2113675744696610E-019   2.0042657659501603E-019   1.2210238022503677E-018   3.0574104510123244E-019   4.9717872481261473E-019  -1.0470701690137261E-018  -3.8485108559281560E-019  -7.5369369158908283E-019  -7.5643806670518660E-020   2.6911807972621082E-019  -1.8210102842790895E-019   2.7513609611282646E-019   7.6250670277563545E-019   3.1359844783512542E-019   3.3384823592072957E-020  -1.2850700868588777E-019  -8.6218654495373328E-020  -9.7771465909479001E-020  -2.4700179035108144E-019   2.3057999855602400E-019  -5.3574439293422282E-020  -7.4002405801107777E-008  -3.1865192207826272E-018  -1.8588017172058689E-018   1.2464010081147490E-003  -1.6493080525711605E-015  -1.9963654746857069E-015  -1.1683215618383086E-018   3.9757039226992549E-019  -1.7345840852104825E-019  -1.9175293012974741E-018   2.6793043288007420E-019  -2.3585158524289696E-018  -1.2769506122313944E-019  -1.5918796329866349E-019  -2.1921576116547487E-019   4.7772809679306703E-019   1.4633537354972902E-019  -1.5477093900093950E-020  -5.7265698494451908E-019  -4.1114797405854139E-019  -2.2177815889837253E-019   3.1799107891478450E-019   2.2349278138288205E-014   8.4777779862955075E-016   1.2792410782720981E-014
   2.8790649663902713E-019  -1.4969288004476633E-007  -7.5583475803755736E-020   5.9580352539894246E-017  -1.8289667357630021E-018   7.7901608239077820E-007  -2.6643808126630709E-018   7.8439665887955642E-015   2.9423239908780674E-017   3.9691986675309668E-019  -2.9693756540144369E-019   2.8733129643160764E-017  -3.3086958614058523E-019   2.7903186380945235E-017   2.6399509227835046E-018  -2.1036066618408276E-006   9.0453601792617681E-018   5.2882388270480603E-019   2.5012544675339069E-018  -4.8173343488726230E-019   1.0359414354609607E-018  -4.9515534093673034E-019  -1.4371795898597629E-018   5.8007133297925252E-018  -7.1294575440358911E-019   1.1153751049482712E-018  -3.9871458597703892E-018   1.7583695971884887E-014  -7.4561319610536765E-017  -4.3104167073518904E-018   3.6575765953426115E-018  -7.3618289655657976E-017  -2.3177734746252871E-018  -6.7156363780272640E-017  -8.2956200111242656E-018   8.8768134408149210E-006   2.3042979600794918E-017   1.1623081310226267E-017   3.7936659482803376E-019  -1.4143055423649307E-018   7.7341422436694245E-018   1.4679032277071558E-018   7.9204807404328029E-018   1.5070229904252968E-018  -2.2905445612699264E-018   9.8520854468185826E-019  -1.4307647099414075E-018   1.2439655439448850E-017   1.2019834515920066E-018   7.6564620676955725E-018   5.0954485673958048E-019   9.7111243619130173E-018   9.9051802801293737E-015  -7.6571708712703515E-019  -1.3622049854689965E-018   1.9724516516627498E-018  -1.5433902430634293E-018   6.3942565875977270E-019   2.0478319065469875E-018  -2.8014092593742815E-018  -1.6804248495324886E-018   1.9564102164872030E-018   6.9547286641868386E-019   2.7459809395756219E-018   2.4150258898779468E-018   3.5723027716996203E-018   2.5220567173394824E-018   1.7514307291556480E-019  -1.4909897946132092E-018   3.2237106331463478E-018   4.3267022587227528E-019  -6.7059278433487324E-019   1.2713078873359329E-018  -7.1349667624781042E-019   5.8979207060734073E-019   4.6764796275589333E-019   8.2224906938710523E-019  -2.6454050448650555E-019  -1.6782806092747290E-018   1.5753770463588494E-018   2.3722820806031412E-019   5.9517554103523325E-019   2.6696533093736323E-019   1.9248787226154464E-018  -1.0393524240406573E-018  -7.4002405787569861E-008   8.7587599679974656E-018  -1.2815335136682960E-015   1.2464010080876684E-003   5.5299218227722783E-015   5.4300448812175816E-019  -1.0038084792482066E-018  -1.2690904890193323E-018   6.8715771167947714E-019  -7.3738525652609653E-019  -1.4341883337797768E-018  -1.1276984333910328E-018   4.4342465069484865E-020  -1.8976414937375634E-018   5.3732194913608171E-019  -1.6386938230619181E-018  -1.0468176204044518E-018  -2.6357110396201308E-018  -8.0674493466432703E-019   2.2424177320245045E-019   4.3020376059150495E-019   1.1619873771169071E-014  -1.1858559417151286E-015   3.0181206622466065E-015
  -4.5913424194285278E-019  -6.1158953284760325E-020  -1.4969288004675167E-007   1.3408180531954161E-017   1.2405695338946054E-018  -2.6643808126630709E-018   7.7901608240327310E-007   1.5994435241022086E-015   1.3786228771670123E-019   1.0453556176060304E-018  -5.3970508445829751E-019   1.9360501943811008E-018  -5.8867809395968558E-019  -2.0827810634488551E-018  -1.7047598977348815E-018   1.9639598736859354E-017  -2.1036066618192850E-006  -1.2481068383062698E-018  -1.5895860349378141E-018  -7.9903001955287801E-018  -1.0206685056620760E-019  -8.7543020645026008E-019   1.7540187504531014E-018  -3.7583103273381469E-018  -8.1039336925766074E-018  -9.4601054045087929E-019  -1.7671564640488227E-017   3.4922188171887419E-015  -1.0382843194053002E-017  -1.6198389458117852E-018   4.5077663432129546E-018  -1.2902012428877808E-017   6.4710932332237369E-019  -5.2032625134873792E-019   1.9207526575623484E-017  -7.0100738450928691E-017   8.8768134407961592E-006   1.8666210276290019E-018   2.0875046324571358E-020  -4.8838693404135950E-019   2.1555487532649719E-018   7.9012834791113960E-019   1.7720019702645874E-018   8.8775896895121688E-019  -1.5300102763786196E-018   7.1796257630158658E-019  -1.4873000765917101E-018   1.9898472372587189E-018   5.7676388225709816E-019   1.3296900746938849E-018   2.2706447519795591E-019   1.2101247813525071E-018   1.9943828212906227E-015   2.8441256677193589E-018  -8.6489571418128408E-019   1.3591697335998075E-017  -5.5382723307851987E-019   1.1206810854695484E-018  -1.2743150315768860E-018   1.4292035947320662E-018   1.6316252790886686E-017   6.3707631151523299E-019   2.4347976789313575E-017   3.2535757863800398E-018  -1.6079409970892762E-018  -1.2851131066624504E-018   5.8348014880026413E-018  -2.1851354604473046E-018  -6.6537136649814351E-018   5.6547988260723136E-019   5.9785680334276780E-019  -7.2919453227252711E-019   3.0571737174321783E-019  -4.1156414168509496E-020  -3.0849759261872503E-019   1.8205517465515923E-019   3.7519438556989612E-019  -3.6908634816383170E-019  -5.1857291148005927E-019   9.1585665185054004E-021   2.4600359436918639E-019   3.5608812250976160E-019  -9.5821000404463013E-020  -1.1855974491629788E-019   8.3753591993495813E-018  -6.4276795106790992E-019  -7.4002405771303943E-008   3.9876101546514427E-015  -9.7896916353170602E-015   1.2464010080976940E-003  -1.2997524194681963E-018   9.7205096703536597E-019  -2.6708326579818855E-018   5.8807718790385570E-019  -6.6021489678729379E-019   9.8836963625066882E-019  -8.6406558772174469E-019  -3.5741942181959455E-018  -3.3337514176274111E-019   4.5700745614984477E-019  -1.3153309065593583E-018   1.1542143302702178E-018   3.9233693450788776E-019  -1.8807623757882698E-018   9.1956381394446359E-019   3.5833652558035073E-018   2.3352951356731595E-015  -1.1054759410950280E-015  -3.3317036499080904E-015
  -6.6152117174088051E-015  -2.6314115974431973E-015  -3.1590756095708918E-016   1.0473499558526483E-003   1.5419944859472920E-014   7.8439665887955642E-015   1.5994435241022086E-015  0.13205859060041614       -5.9263322591478069E-013  -5.5864818467446782E-016   3.6958774196049559E-015  -5.8181227268615340E-013  -3.2823121192894993E-015  -5.7299704516619742E-013  -1.2828278758342224E-014  -1.1655282654990642E-014  -3.9738931728442686E-015  -2.7185684614513561E-016  -6.1823639893288608E-016  -2.2639624090431965E-016  -1.3019691180206518E-015   6.5054928501165633E-016  -1.1492559255346243E-015   3.9901622738120712E-016   7.3520952660219549E-016  -4.0462979899611629E-016  -2.0462750202907212E-016  0.28519753294733219        1.2710803855191309E-012   1.5026610767104323E-015  -1.0004128380610510E-014   1.3053363746791243E-012   6.3851805354768941E-015   1.3266723566042762E-012   5.9745566212925719E-015   9.5541129390354728E-015   2.8026422540081061E-015  -1.5685391855750988E-013  -2.1034055026634950E-016  -1.5009003064768960E-016  -9.3379081008858867E-014  -3.6743446170525237E-017  -9.9390868431453186E-014   1.5840587392895859E-016   1.0269013541753876E-016   2.9265995548494986E-017   2.2186751151234580E-017  -1.7683727461552467E-013   3.2831446140086540E-016  -1.0697092277747677E-013   1.5250506367225126E-016  -1.8868729726432826E-013  0.16630367660419235        2.5088895243380398E-016   7.0078196882469710E-016  -2.5120964309856050E-016   1.0955675082761086E-015  -2.6917897521922849E-016   2.5095900220160835E-016  -1.2632503118876265E-015  -1.7557794810881796E-016   8.8749464508720818E-016   4.0447304325654166E-016  -1.1034198247288325E-013  -1.5589005724851113E-015   9.7795739750793741E-015  -1.0301072090271272E-013  -6.7031580637963412E-015  -1.0088797551821683E-013   3.1686749080082120E-015   1.3101690401593282E-016   1.5060952233952255E-016  -2.0799407065532102E-015   1.2957010716879143E-016  -2.3916325583530128E-015  -1.2407687457251845E-016  -3.7773641686693311E-017  -1.6849775666110250E-017   9.6458773686038485E-018  -2.6074230943849961E-015  -3.1269767415507031E-017  -4.3442945822063037E-015   9.9282790721600167E-018  -9.1571617275741411E-015  -3.0698171132043695E-015  -8.7703170683688564E-015  -1.1621473917732201E-015   2.6134356569478586E-014  -2.2482744251691413E-013  -2.0072160280048168E-015   1.9375170692783325E-016  -7.7026259989839656E-017   1.7030907254899306E-016  -4.6706039944081276E-016   1.3189936685945663E-016   4.7626036134742495E-018   5.1714915020303030E-016   2.2567566884377751E-016  -3.9215698300775471E-016  -2.4839950078408095E-016  -1.5298518449833552E-014   4.6556264617109491E-016  -3.8386668001291005E-015  -1.9145976180615174E-014   2.5560130419024475E-015  -2.3667508765016328E-014  0.19170473931854168        8.4014868065254676E-003  -4.9073451762237427E-004
   9.9323769832462111E-019  -5.6538621195788229E-018  -2.6491113775847440E-020  -3.9145972179592467E-015  -5.1689040133569904E-018   2.9423239908780674E-017   1.3786228771670123E-019  -5.9263322591478069E-013   2.9861474873550612E-024   4.8753684679355259E-028  -1.7150923418656230E-026   2.9263980764020154E-024   9.6497363694929554E-027   2.8908542484096179E-024   1.3957787348483249E-017  -7.9452690284178104E-017  -3.7227475657099634E-019   3.8395578689485295E-028   1.8682059557901580E-027  -5.9707019492874073E-028   4.2737692389093409E-027  -1.3346270363271329E-027   4.4594461573656880E-027  -9.2307889356303299E-028  -2.6080744165648063E-027   2.3205175822416569E-027  -8.3233367260241509E-028  -1.2653380464779692E-012  -6.2508665777523270E-024   5.7298227200626708E-027   4.8925177875291535E-026  -6.3881984731690021E-024  -1.3588413299815777E-026  -6.5219144310738847E-024  -5.8899164031427344E-017   3.3527499326529163E-016   1.5709275834252240E-018   7.4671159948513264E-025  -5.5633479032147255E-028   8.9592092694023666E-028   4.3938809514412641E-025  -7.6658357184690511E-028   4.6940644882383792E-025   1.7399921428720482E-027  -1.1065884279688904E-027   2.0919049484639736E-028  -2.8614325893283935E-028   8.3325636339087114E-025  -2.8551997075564364E-029   5.0035286710214727E-025  -3.5748870028860980E-028   8.8247549483500472E-025  -7.5467921786743224E-013   8.4302642809802399E-029  -3.2434173685131911E-027   2.0293812618302067E-027  -3.5958402053506573E-027  -1.4137333592023879E-027   6.1204170938995276E-028   4.4329960569394848E-027   5.8134343414654234E-029  -3.6930298500962806E-027  -1.5125592583825344E-027   6.2290384868833906E-025  -1.4523120167228437E-026  -5.1795979930658218E-026   5.8352174480781078E-025   1.0469760176345521E-026   6.0857763298196256E-025  -4.0631609340784221E-026   1.4029744593091805E-027  -1.1727374544571238E-027  -7.7635881670968974E-027   6.5155147057790547E-028  -6.9250563210902106E-027  -9.8886530908436817E-028   5.0338355564399956E-028   6.4072780517434191E-029  -4.7792812056106617E-029  -1.6762801683694533E-026  -5.2872583007729291E-028   2.0022297483467502E-027   1.1891780445653128E-028   1.2514930669732369E-026   4.9101854741141954E-019  -2.7950520733085086E-018  -1.3096178821550465E-020  -8.2700822615442663E-015   4.7076250101694426E-014   2.2057529540785503E-016  -2.3671784348482555E-028   1.0821779324940321E-027  -1.2211841090968748E-027   1.8835670599729956E-027   1.1810688394445346E-027  -9.7753501107918202E-028  -2.1985291274811898E-027  -1.2763902642882197E-027   9.4910877964748400E-028   1.7266178274925871E-027   1.1872209548945999E-025   8.9261180201525631E-027   2.2273706148679854E-026   1.3922009532348846E-025  -3.2037846476359130E-027   1.4407894294633815E-025  -8.5605829683355647E-013  -7.9161976111355399E-013  -2.7505124702927119E-013
   1.3040155593077509E-019  -7.6270669294078505E-020  -2.0087171061207538E-019  -1.0054305138749388E-017  -6.7862218423555746E-019   3.9691986675309668E-019   1.0453556176060304E-018  -5.5864818467446782E-016   4.8753684679355259E-028   1.8703024187165455E-029  -1.4088468549028541E-029   5.1371221226970096E-028   4.7219410408991433E-029   4.4390500766171544E-028   1.8325092122568261E-018  -1.0718177644739052E-018  -2.8228134063932997E-018   1.3757976299292505E-029   7.4987428833628160E-030   1.5541894345494020E-030   1.5583049230688698E-029  -1.5273940428381197E-029   1.0818698356309008E-029  -1.1031997212105609E-029  -1.9635506166333004E-029  -3.9441159283410159E-030  -1.4392950594055080E-029  -1.3101542089701139E-015  -2.1547378320731518E-027  -1.0710174410368521E-028   3.4652842895269374E-029  -2.4050403755641772E-027  -1.2971343480615585E-028  -2.2185155699347796E-027  -7.7328346123835346E-018   4.5228637610637723E-018   1.1911726864867918E-017   4.5125512633939918E-028   1.6530276734951561E-029  -4.0320793832904049E-030   3.0296259361236064E-028   9.2415900511639995E-030   3.0632865364498928E-028  -6.0338810588662609E-030  -5.9214470093453160E-031   2.3450443459969328E-030  -4.7209342636925993E-030   5.5478745565037091E-028  -8.7283938076354935E-030   3.5731394045074009E-028  -1.4140933935259428E-030   6.2484782786209104E-028  -6.4450401374276820E-016  -1.5607685489467500E-029  -6.6985869052827324E-030   1.4535982225966028E-029  -1.3448623757137583E-029   2.1367043568674119E-029  -1.1108405622717216E-029   1.3112645467789835E-029   2.6812120884880334E-029  -3.1140686700819783E-030   3.0248629023419647E-029  -3.9979169096600353E-028   1.4020499497242341E-028   5.5705483942787601E-030  -3.8876690971236455E-028   1.5443207384874421E-028  -6.4452684332296648E-028   1.8251383803506719E-028  -9.3847113098756304E-030  -4.7413260204226190E-031   1.3299356815316607E-028  -9.2366644203239149E-030   1.3799430596193705E-028   1.2491425278171110E-029  -1.4955728814141798E-030   5.7050847768460222E-031  -2.4204739607643594E-030   2.1938822232221859E-028   5.4047635220681357E-030   1.4520816290439810E-028  -9.4323410552071386E-031   2.4747113028736283E-028   6.4465516653007183E-020  -3.7705287025322022E-020  -9.9303252331063224E-020  -1.0857739571239395E-015   6.3505918975850163E-016   1.6725358115901956E-015   4.7589568596243778E-031  -2.9484902108017073E-030  -2.4802364554252003E-030   3.2931759641850813E-030  -1.4376142089831441E-029   4.2822717738915572E-030  -5.1528300647525711E-030  -4.9834416118805566E-030   5.3829383849845794E-030  -2.2509412939072689E-030  -2.8788433632386372E-028  -7.0567630886056823E-029  -1.4853407050134613E-029  -2.8978843365213309E-028  -6.2753363314249151E-029  -1.6155855384391706E-028  -8.4129048508740847E-016   5.2534518111476513E-015   1.8597884153050346E-016
  -2.0025973266849279E-020   5.7058436070296681E-020   1.0370775429963810E-019   2.8465937841338913E-017   1.0421708204108848E-019  -2.9693756540144369E-019  -5.3970508445829751E-019   3.6958774196049559E-015  -1.7150923418656230E-026  -1.4088468549028541E-029   1.0554003037945486E-028  -1.6830355154949768E-026  -8.4929030603162355E-029  -1.6586066989382392E-026  -2.8142133696505091E-019   8.0183176580525815E-019   1.4573861011685822E-018  -8.9973993870812474E-030  -1.5965847739020949E-029   1.2270549489204294E-030  -3.3270590665699606E-029   1.7011898171966607E-029  -3.0789284243005938E-029   1.1053039993844783E-029   2.5573495831322628E-029  -1.1058715253935970E-029   1.0790981711063769E-029   7.9658434215659601E-015   3.6621829348340900E-026   3.5128166485336195E-029  -2.9676017299347331E-028   3.7554286006384085E-026   1.5891318973891688E-028   3.8192519105938984E-026   1.1875436358022444E-018  -3.3835750415933670E-018  -6.1498876035097773E-018  -4.4983975765632744E-027  -8.1903521670671246E-030  -2.7530419556738900E-030  -2.6700825142493174E-027  -1.2105213270822552E-030  -2.8415138215586510E-027  -5.5808358112238768E-030   6.2824392530326929E-030  -2.6056718323420471E-030   4.1932238494347148E-030  -5.0515766989824773E-027   5.8813231175474662E-030  -3.0485971469830213E-027   3.0568839204557513E-030  -5.3738241623851550E-027   4.6639039839585285E-015   8.9063532469954808E-030   2.2604090580817300E-029  -1.8001897083875375E-029   2.7563231843693519E-029  -5.2349365789534286E-030   2.1312159570535494E-030  -3.3346444793166805E-029  -1.4865546367217337E-029   2.3151017969159533E-029  -6.5660908562792696E-030  -3.2574431398395305E-027  -6.2185494206975320E-030   2.8874037822750275E-028  -3.0419840208249538E-027  -1.5725296413002344E-028  -3.0235208905570318E-027   1.1334568776850659E-028  -1.6348814966363009E-030   6.8401055245149739E-030  -4.0855256062400894E-029   2.1407171170401592E-030  -4.9037029425405390E-029  -2.6881990872580432E-030  -1.8315484318996816E-030  -9.0992002442415613E-031   1.5546035467277069E-030  -4.5151481554178946E-029  -3.3289831519115093E-031  -1.0352275034750298E-028  -1.7313372160477251E-031  -2.2799647177360094E-028  -9.9000714161098832E-021   2.8207497300221107E-020   5.1269127208219054E-020   1.6674402300299264E-016  -4.7509068105116442E-016  -8.6351100650488256E-016   1.0763971212613424E-030  -4.5123551060073547E-030   7.9453756330493079E-030  -1.1434173011616866E-029   2.1186797588229091E-030   4.0945324278333977E-030   1.5424332272491385E-029   9.9431349764977414E-030  -9.0063683213106456E-030  -8.3874148264516273E-030  -4.8685646848555176E-028  -5.9040910410146346E-030  -1.1652261949169964E-028  -6.0115031714110264E-028   5.7971235898918922E-029  -7.0891140619420135E-028   5.3605470016455714E-015   1.1223751864738888E-015   1.5395116778792910E-015
   8.8242909512019826E-019  -5.5212530560573186E-018  -3.7202432248288997E-019  -3.8559550948826946E-015  -4.5922454326453552E-018   2.8733129643160764E-017   1.9360501943811008E-018  -5.8181227268615340E-013   2.9263980764020154E-024   5.1371221226970096E-028  -1.6830355154949768E-026   2.8679233018180488E-024   9.5550661232403126E-027   2.8329533137479634E-024   1.2400614322587262E-017  -7.7589159369116710E-017  -5.2279897350859600E-018   3.8660839073995381E-028   1.8472004864303409E-027  -5.7883740290034381E-028   4.2201454574247605E-027  -1.3382608848770723E-027   4.3909117080434338E-027  -9.2493461164062722E-028  -2.5905142319099063E-027   2.2685967831737490E-027  -8.3204929967953170E-028  -1.2424713859180898E-012  -6.1280634677595485E-024   5.4141078751663278E-027   4.7981473176086975E-026  -6.2631563372725996E-024  -1.3584367983697098E-026  -6.3937838453613088E-024  -5.2328194901734200E-017   3.2741125306114777E-016   2.2061106077680582E-017   7.3241544597865226E-025  -5.1890960800481070E-028   8.7382510111383320E-028   4.3105619460121389E-025  -7.3486201705302427E-028   4.6047609759098366E-025   1.6733324528587009E-027  -1.0810196937521457E-027   2.0301284802686057E-028  -2.8269602122837025E-028   8.1743012989449381E-025  -4.9276952610447796E-029   4.9090605936528673E-025  -3.5538403360651738E-028   8.6581046224258475E-025  -7.4076306718011310E-013   6.8416791273768244E-029  -3.1863845300194854E-027   2.0096304102098938E-027  -3.5515252308929006E-027  -1.3425568625503430E-027   5.7361035941795020E-028   4.3738586226038387E-027   1.0587946365232711E-028  -3.6278608444825282E-027  -1.4331830268681690E-027   6.0946608891493105E-025  -1.3915916868472577E-026  -5.0725213376647532E-026   5.7091270488707641E-025   1.0590434941600498E-026   5.9492156398069697E-025  -3.9454587317445938E-026   1.3472604424700524E-027  -1.1458986059206510E-027  -7.3408735629706429E-027   6.1922339898419639E-028  -6.5098439184697124E-027  -9.4420132675960477E-028   4.9006909868645861E-028   6.2543719976198275E-029  -4.9001617607546063E-029  -1.5989880072860359E-026  -5.0756365129163308E-028   2.2525908224408304E-027   1.1422381789543933E-028   1.2754836422750311E-026   4.3623903310322850E-019  -2.7294952501251650E-018  -1.8391451532339531E-019  -7.3474468360224518E-015   4.5972095577780218E-014   3.0976188765456123E-015  -2.4399247712432322E-028   1.0530567242909040E-027  -1.1984390391792925E-027   1.8521693722359789E-027   1.1290366171558676E-027  -9.4529904995651592E-028  -2.1629814003616221E-027  -1.2575637511279820E-027   9.4322015736742904E-028   1.6867906220849794E-027   1.1573577107212189E-025   8.5886959004925119E-027   2.1786157599755711E-026   1.3580703493760796E-025  -3.2762836654328527E-027   1.4083970641265510E-025  -8.4049678800623814E-013  -7.6488511390368702E-013  -2.6612702531769304E-013
  -1.6549313770976983E-019   6.3578689091907762E-020   1.1311822863330679E-019  -3.9957816603476719E-017   8.6124213686460392E-019  -3.3086958614058523E-019  -5.8867809395968558E-019  -3.2823121192894993E-015   9.6497363694929554E-027   4.7219410408991433E-029  -8.4929030603162355E-029   9.5550661232403126E-027   1.6994663922400020E-028   9.2704695709268444E-027  -2.3256447949181400E-018   8.9345968738038515E-019   1.5896297753105961E-018   2.6012737161499754E-029   3.5296835054941963E-029   3.9010278624562512E-029   5.3003312978579034E-029  -4.2822730089931714E-029   3.1332886581382808E-029  -1.7191207862165688E-029  -2.3626864847019878E-029   1.9321994581523525E-030   4.3775612858034639E-029  -7.3453365995442263E-015  -2.3392523912647664E-026  -2.7141985726123659E-028   2.0156743029455980E-028  -2.4498007771781600E-026  -4.1415308369461649E-028  -2.4399664646886460E-026   9.8137714385773626E-018  -3.7702271547640881E-018  -6.7079303423823518E-018   3.3403518332829844E-027   4.6729299319559306E-029  -3.0811610709064824E-030   2.0669003819463210E-027   1.7647663969659269E-029   2.1633445041465510E-027  -2.7502981475678075E-029   5.8231759384979453E-030   7.5106313722678798E-031  -2.5881687051096322E-030   3.8816004335289379E-027  -3.0500980339562759E-029   2.4023230785014842E-027  -7.9998446744898142E-030   4.2334213365619992E-027  -3.9873056966978059E-015  -4.3097476295086097E-029  -2.2498946831846013E-029  -2.0294077822171724E-029  -3.9393977126175058E-029   5.0589883251119075E-029  -2.0335066865457925E-029   4.8654216511309906E-029   4.2016373765020147E-030  -2.6161406731681553E-029  -3.2391759582667969E-029   5.7597683641888743E-028   3.7358673687519553E-028  -1.2322487336931731E-028   4.9005137114670178E-028   4.8951334792814581E-028  -1.2134090528317036E-028   3.9726172871148325E-028  -3.0901669814850305E-029   6.0099671811717461E-031   3.5670092946210825E-028  -2.3983483994724065E-029   3.7719681185423818E-028   3.3631575193436763E-029  -5.0489280211930799E-030   3.6670589774024217E-030  -1.5843538827782961E-030   5.7765187014355862E-028   1.2116204243247072E-029   4.1876792909189375E-028  -1.8024824449906854E-030   7.4143522219685420E-028  -8.1813445989905513E-020   3.1430860240891952E-020   5.5921303974463512E-020   1.3779600862025620E-015  -5.2938083663256843E-016  -9.4186626730329097E-016  -1.2898541019637822E-030  -7.2458489637820226E-030   3.9025933739819315E-030   5.1957858668542017E-030  -3.2710349374217636E-029   1.4351300564692607E-030  -1.5179911038081188E-029  -1.5474805939220493E-030   2.2828400728495702E-029  -3.2339849212337499E-030  -4.8467783198609356E-028  -1.8483452780490006E-028   1.9138343024384514E-029  -4.3517621903668349E-028  -1.9723957764366770E-028  -7.4236788656686899E-029  -4.8399021559836954E-015   1.2892882811679132E-014   5.4342953680971054E-016
   1.0415387612919753E-018  -5.3617741955566130E-018   4.0021958747694742E-019  -3.7752100491849253E-015  -5.4202673731108514E-018   2.7903186380945235E-017  -2.0827810634488551E-018  -5.7299704516619742E-013   2.8908542484096179E-024   4.4390500766171544E-028  -1.6586066989382392E-026   2.8329533137479634E-024   9.2704695709268444E-027   2.7986476765051931E-024   1.4636553362878581E-017  -7.5348032112261865E-017   5.6242126747762687E-018   3.6213605440023683E-028   1.7957804462627621E-027  -5.7332948917946899E-028   4.1155362223738730E-027  -1.2682435694408077E-027   4.3035782287204592E-027  -8.7967467748042741E-028  -2.4897045113545304E-027   2.2513458414600486E-027  -7.6912241829006766E-028  -1.2232339309488627E-012  -6.0496533228015504E-024   5.7097172259398879E-027   4.7323607587047593E-026  -6.1822435026435367E-024  -1.2957812625027300E-026  -6.3120218129148274E-024  -6.1763425399959989E-017   3.1795412929223475E-016  -2.3733090130299179E-017   7.2238214012860931E-025  -5.6407694399607514E-028   8.7342149564113550E-028   4.2501336544920196E-025  -7.5684628146908716E-028   4.5407515905747367E-025   1.6984330556463675E-027  -1.0690851458794604E-027   1.9946724920766704E-028  -2.7008462559777276E-028   8.0602481246909478E-025  -1.4498118740301718E-029   4.8396194248690427E-025  -3.4365091728098264E-028   8.5357595720949530E-025  -7.2977590825076018E-013   9.5631048746510522E-029  -3.1296537966174081E-027   1.9326478022764995E-027  -3.4624621588050608E-027  -1.4022234064699045E-027   6.0706810710919193E-028   4.2714770047401391E-027   2.9143752523786607E-030  -3.5716894715952569E-027  -1.5294178522368971E-027   6.0377807623111453E-025  -1.4281823541389703E-026  -5.0166949402171627E-026   5.6562196266278701E-025   9.9000267881254088E-027   5.9029171590348210E-025  -3.9619838181461769E-026   1.3749212887249594E-027  -1.1347919195566762E-027  -7.7203083740781130E-027   6.4550270196242109E-028  -6.9151476407515766E-027  -9.7773910785671302E-028   4.8879338604994248E-028   6.1791629095194650E-029  -4.2153061336952363E-029  -1.6563886283598501E-026  -5.2023997395433569E-028   1.7181862102785117E-027   1.1637305666137562E-028   1.1742900800476092E-026   5.1489673607269731E-019  -2.6506550323376384E-018   1.9785318904989567E-019  -8.6722556633425474E-015   4.4644212697418401E-014  -3.3323835899358483E-015  -2.2465553992016691E-028   1.0514404152973897E-027  -1.1764654746700543E-027   1.8208403234079774E-027   1.1657136475058019E-027  -9.5116806401339863E-028  -2.1201462004489133E-027  -1.2256175577092295E-027   9.1134867253538589E-028   1.6742292268748376E-027   1.1540038933495030E-025   8.7528137991627536E-027   2.1592969444116570E-026   1.3525455408566984E-025  -3.0051779205548110E-027   1.3975553496750536E-025  -8.2764160481093890E-013  -7.7455425483839710E-013  -2.6722450683085701E-013
