   1.9611131273815255E-004   2.9975040012108064E-018   2.2347635301077845E-017   1.2159725610971608E-017  -2.4454187966118578E-018  -5.4203746312951596E-018  -2.6098781991305015E-018  -4.5540896329774531E-018  -1.1355901140627510E-017  -1.3040494812326095E-018   4.6486957488247466E-003  -1.3726222180737350E-016  -2.6073624499983425E-017  -7.5721522815865796E-017   1.7121288605113822E-016   1.5690642795510368E-018  -7.7475714525481123E-019   4.1813782759887118E-017  -1.2556798146678859E-019   5.5221113374189423E-017   2.7251316729879165E-018   1.8188698867232210E-018   1.0230645347477943E-020  -1.3365009682034130E-018   7.2661258802653050E-018   2.0113806409793124E-018   1.7852714979074502E-018   2.6949347323187950E-018   7.1257443465549826E-018  -1.9724513882280555E-018   8.7239559648439411E-003  -2.5986804350786356E-016   7.8906248419574108E-019  -1.2680355883799621E-016  -4.6567000130374449E-018   3.6000393432274158E-019  -8.9974288845938157E-020  -3.7703564000201032E-018   8.1807515300004613E-019  -1.4499530959293805E-018   4.5601240715999923E-020  -7.9654489892918037E-019   3.8238537917033354E-019  -2.0556304005598163E-019  -1.4086443938539816E-018  -2.8473685049408155E-019  -7.6938578334830509E-019  -2.1636461198332706E-018  -1.6552123533828521E-018   5.5956884405431458E-016   1.3974761063383305E-018  -4.2948039509468964E-018   2.4758230501285316E-016  -7.0305891430118149E-020   2.4788298257780649E-016   1.9970940442233754E-018  -7.4832061549879632E-018   1.4663206364627525E-018  -7.1715996702790984E-018  -2.1629521442541314E-018  -3.6338909127277599E-019  -1.0280365247582505E-019  -2.1273916713427875E-018  -1.6797092499079405E-018  -4.5995107573441248E-019   7.2065205608455888E-003  -2.0958613975392761E-016  -3.4611984325232309E-017  -5.9467758748304508E-017  -2.2195445907032210E-018  -3.2073001539907712E-020  -2.3127728766648361E-019   5.2020726996539597E-019  -5.7397768635707334E-019  -1.3072144795649882E-018   5.4722070947194676E-020   4.9548552806298381E-019   3.5023245848586095E-019  -1.9442175354994247E-019  -1.5547652698198314E-018  -5.0044607499917161E-019  -5.6521754530758044E-019   7.9556730624710270E-019  -9.6180757016997943E-019   1.2534108303465949E-016   3.7602435175929921E-019  -1.1328969354040696E-018   6.7887112878608609E-017  -1.3181115709398209E-019   7.0663810400712414E-017   3.8788333594933774E-019  -6.7175783092435782E-019   6.4256873120881400E-020  -1.2874823771811555E-018  -1.1907576829754012E-018   1.2043951840214386E-019  -9.8776077874976511E-021  -8.5654137457218148E-019  -2.5595105353161383E-019  -1.2831805708996147E-018   4.1330848844961581E-003  -1.2114397346638755E-016  -1.7057753511633081E-017  -8.5309358846442293E-017   8.4991715971217299E-016
   2.9975040012108064E-018   1.9611131273793703E-004  -1.3557734275108190E-017   2.1419928675050965E-017   7.7731385776903572E-019  -7.8553740016356975E-019   4.3999612031740954E-018   4.2088087092031572E-018   4.1694601620515757E-019  -2.5024600730116672E-017   2.1243434887104825E-016   4.6486957488222139E-003  -2.8508998290209179E-016  -1.8860548850412218E-016   9.1237847126574803E-018   5.3241810683790750E-017  -7.4848116635575022E-018   4.6424652172383279E-018   1.5538590892400885E-018   1.3878320414923516E-018   1.1123545332968731E-016  -3.9773881893059287E-018   4.9143312420020866E-017  -8.8587590322194484E-018  -4.6300525312930966E-018   1.1165996288762911E-017  -4.4942559158075735E-017  -1.6131171070937306E-017  -6.8911570944440555E-018   5.1617801952747551E-017   3.3678382119479046E-016   8.7239559648392886E-003  -4.4180311760246932E-016  -2.1598251569290143E-016  -1.9569583775774703E-017  -3.8284352927300011E-018   1.8928690807751503E-017  -8.8579213097932967E-018   9.1285019063826445E-019  -1.8110533017159611E-017  -4.0796658564429334E-018   8.3471478923722929E-018  -2.5156556795112645E-018   1.9877224158601473E-017  -1.6251083796028254E-017   3.1979661578288822E-018  -1.3223235272630054E-017   2.5753590106795094E-018  -4.6604603687077451E-017   2.0369543411210977E-017   1.9447615363088889E-016  -1.2530552771153909E-017   7.6372808100291301E-018  -4.7169586418918491E-019   7.5525097102699218E-018   4.8808785579293863E-016  -1.4803656878031527E-017   1.9238341909227009E-016  -3.0730038253867086E-017  -2.6773865370117164E-017   1.0286316009512002E-017   1.6260972037170474E-017  -1.5890627018143839E-017  -5.9371550776409791E-020  -3.6571533945188245E-017   3.2264380868233571E-016   7.2065205608416527E-003  -4.4899641979196885E-016  -2.2207917538124849E-016  -1.3493790869931892E-017  -5.5360759411321173E-018  -4.6827044224082991E-018  -9.9342889183035620E-018   3.8393564554345009E-019  -8.8089632757395943E-018  -5.4983660196365040E-018  -1.8280551344299362E-018  -2.0912411252626894E-018  -4.4650366143298156E-018  -1.9639815236663590E-017   5.1830596539148324E-019  -1.1384183347059263E-017   8.1271434968617263E-019  -1.2925659709962278E-017   2.0634690713081255E-018   5.4045534021770940E-017  -8.1610515083080563E-020   2.6728543414772965E-018   2.2428021910806520E-019   2.8053918837498850E-018   8.0056959408522971E-017  -6.8134316730907161E-019   5.1528991888110091E-017  -8.3401043575407889E-019  -1.6298528452148073E-017  -2.5171368685295053E-018  -2.0529463686317331E-018  -1.8867647828878709E-017   3.4213637870055286E-019  -1.6191450903317318E-017   1.8501675158441790E-016   4.1330848844938605E-003  -2.4788223642724466E-016  -1.9043884655905125E-016   1.0672321268831025E-015
   2.2347635301077845E-017  -1.3557734275108190E-017   1.9611131273801054E-004   6.0316304070681579E-018   8.4209335976686278E-018  -3.5032025784956555E-018   4.9291945204432413E-018   1.5805904420847310E-017  -2.5738533798402087E-018   5.3269541332685216E-018   5.4730129456638683E-016  -4.6798865706302715E-017   4.6486957488230049E-003  -1.2523359142854901E-016   1.7017198351129323E-017  -4.3200391530375089E-019   6.5916394409574371E-017   4.2368129960783139E-018  -9.1421145188481256E-019   3.6584680904193614E-018  -1.5912730491355368E-018   6.2139775094104562E-017  -5.3118100230532484E-018   1.6939771089406694E-016   3.8645572822849601E-017   4.8232631510769166E-018  -1.2670478527380080E-017   3.6449949446484168E-017  -6.5642031526483107E-019   4.7990851607821278E-017   9.5410251570891853E-016  -8.5495402579457631E-017   8.7239559648407648E-003   9.7743281494571680E-017  -2.0397474761650467E-017  -1.3881250344450195E-018   2.9464791101462130E-018  -1.2622445415006094E-017   2.7487527454902201E-019  -1.1415113768793293E-017  -2.0773309166688277E-018   1.7553249436258792E-018  -9.7817201640516132E-019   5.9074696457953911E-018  -1.8357129420374657E-017   2.3893903960194528E-019  -1.5305788624105574E-017  -5.9386780779790980E-020  -2.2212224411679353E-017   2.6458104571121562E-017  -2.1142536375369339E-018   2.2643102711553841E-016   1.0745413565103081E-017   8.3758834405328701E-019   1.2478451861958188E-017  -1.6969656207027466E-018   2.3231461425889065E-016  -6.6728565604111318E-019   5.1774056118840703E-016  -1.2211894782220359E-017   4.2903714207877871E-018   8.5665980799650502E-018  -1.6397274430813730E-017  -2.1278309932282426E-018  -1.1502731519913283E-017   8.6834504270301287E-016  -6.5695100303199386E-017   7.2065205608431151E-003  -4.8748861508151390E-017  -6.2329064447950093E-018  -1.9887231396079346E-018  -2.7867507247170802E-018  -1.6907696500540233E-018   7.9858694930870922E-019  -5.0339540949531030E-018  -1.7040050800324065E-018  -1.4222225348503722E-018  -4.7568819981186740E-019  -4.1378783153609412E-018  -3.2576147982564393E-018   1.1037469063538543E-018  -2.7457435998940191E-018   1.3863736421676401E-018  -8.5581525945767917E-018  -1.0689902758199517E-018  -9.6336136255728557E-019   4.9394243676380838E-017   1.3474140555849936E-018  -2.0535933984514094E-019   1.8496784473334770E-018  -2.8043533720027959E-018   4.4256452002048404E-017  -5.6953079128810314E-019   7.7023217757594977E-017  -6.4039106936686315E-018  -8.3578454820507180E-019  -1.9193438015798545E-018  -5.3876592753641134E-018   9.5678344405582131E-019  -6.8936477475293634E-018   4.8793619571633934E-016  -4.1434911664618481E-017   4.1330848844946489E-003   7.9747176633962951E-018  -9.7719585365682817E-016
   1.2159725610971608E-017   2.1419928675050965E-017   6.0316304070681579E-018   2.1855090627291909E-005  -1.8749738992769786E-016   7.8841942286499685E-019   5.1649257017554696E-019  -1.8733183567823578E-016  -3.1515537917851557E-018  -1.9726738345161726E-016   3.1159070415153836E-016   5.7576175596996877E-016   1.4166464991531558E-016   1.7648275474774703E-003   2.2875946758747651E-018  -3.2051142380985583E-018  -1.9004723037950214E-018   2.1855847142087528E-018   3.3966483401241446E-019   2.5723421077745063E-018  -2.7667227594905646E-018  -7.3681268597324505E-020  -2.1972258804042045E-018   3.9559190115955313E-019  -7.8977581585369536E-016   4.0771374081069365E-018  -4.2754616795572741E-018  -7.9870596997208000E-016  -2.7535512732821373E-018  -7.6185302044765834E-016   5.6957606138415832E-016   1.0732519916061359E-015   2.6545072647257964E-016   3.8759778855452253E-003   2.7344073192068474E-016  -1.8203738166679117E-018   9.2424388163607302E-019   1.6780971152838806E-016   6.3493321735679759E-019   1.6883028754064968E-016  -2.1163600715857695E-018   2.8836376794536852E-019  -4.9588428029390426E-019   7.8355866162413824E-019   2.6988139872468694E-016   2.5065476694902048E-018   1.6968332565894283E-016   2.4463765863674226E-018   2.7298128880991681E-016   1.1960618426894633E-017  -6.4785624822310864E-019   1.0694653083591378E-018   2.9776983624973264E-018  -1.9464761477988114E-019   2.8426926942622496E-018  -3.2842594709863496E-018  -2.7347866141263616E-019  -6.7714906741382069E-020  -2.1091604815746364E-019  -5.2789172136403062E-017   2.8963324582825555E-019   6.2637275312158328E-019   1.2926973841940011E-016  -1.2445429127128203E-018   1.1952758063116848E-016   4.8053164876202563E-016   8.8271211558415082E-016   2.1599271269203876E-016   1.9480955653254060E-003   1.0792901599236884E-016   2.1955487418196130E-019   4.6379933441285462E-019   2.2657578595417784E-017   7.9025935847247439E-019   2.1003384239948409E-017   2.0034646873618663E-019   1.2475546605150820E-019   1.4688051373007048E-020   3.7753779415049605E-020  -1.5127198715557292E-017   7.2395516677710876E-019  -1.3348263476265585E-017   2.7609831011773022E-019  -1.7255259218950490E-017   3.2833561202187786E-018  -3.9537121311360455E-019  -1.5358806722237117E-019   3.1844736979765962E-018   3.2494640498454751E-020   2.7086008398899668E-018  -1.1033885623435561E-018   7.6901859258839542E-020  -6.1039447163210033E-019   4.9247653534011343E-019   2.3416988913449092E-017  -4.6879544880220199E-019  -1.2630335891537711E-019  -1.7571763245470161E-017   2.9821381023343288E-019  -1.7473936582861496E-017   2.8103198524258083E-016   5.0517181096085541E-016   1.2564435674915399E-016   2.4017044166055094E-003  -5.8251528238601553E-004
  -2.4454187966118578E-018   7.7731385776903572E-019   8.4209335976686278E-018  -1.8749738992769786E-016   1.6736799343725559E-027  -1.2379342936523637E-030  -5.5522770717578888E-030   1.6796038355602411E-027   3.0637606911617036E-029   1.7695367184761329E-027  -5.7967119821897403E-017   1.8425737789301556E-017   1.9961295281765199E-016  -1.5426984469410988E-014  -2.8705232078298921E-029   2.4089281831058542E-029   2.0215080152658950E-030  -2.4573535924965810E-029  -1.4914916961413315E-030  -2.6869745126926881E-029   3.0129861450250819E-029   1.9796507659828929E-030   4.6093470147680021E-030   2.5109119563857182E-030   7.0673036065615151E-027  -2.6187010362873192E-029   3.3495633213732706E-029   7.1532521334768673E-027   2.1721723163261290E-029   6.8235842875384043E-027  -1.0878375958722396E-016   3.4578585861356534E-017   3.7460283582422450E-016  -3.3817429856121461E-014  -2.3990853167777870E-027   1.0508148793857084E-029  -5.9643994892784400E-030  -1.4615617915220306E-027  -5.3379131551605168E-030  -1.4689851740309694E-027   1.5537853549758214E-029  -2.4759248317721143E-030   4.3556734555206450E-030  -7.6437906828097098E-030  -2.3499995226710384E-027  -1.8508749572266365E-029  -1.4876090934724570E-027  -1.9653536663965629E-029  -2.3863717513693187E-027  -1.1527864023607764E-028   6.0341814665349257E-030   9.5837702811620400E-030  -3.8252317054185120E-029  -6.9586278639221241E-031  -3.9495528803225977E-029   1.9383726423440690E-029   2.6671486168697988E-030   1.1571986823396455E-029   9.1502118415560048E-030   9.5819998279145133E-028  -6.2645072770997132E-032  -3.2591591440300885E-030  -6.3269911630687325E-028   8.9612465814355841E-030  -5.3541755799186442E-028  -8.9862030862126903E-017   2.8564024277399151E-017   3.0944482633766387E-016  -1.7226211521442817E-014  -1.0216975459616040E-027   3.0006936405742527E-030  -4.6530584155323100E-030  -2.3654391763114356E-028  -5.7832973714461414E-030  -2.3154348928800346E-028  -1.4670686319625399E-031  -1.4114209378036901E-031   1.4120086923036452E-030  -4.4360806144500347E-031   6.6448817882816596E-029  -6.9936626991178268E-030   7.7696216010298661E-029  -1.9604723136796018E-030   8.9534737565990441E-029  -3.7856993545321036E-029   4.7171163174005372E-030  -9.8378474593348699E-031  -1.8637218890166282E-029   6.6894593878541249E-031  -1.7231072123851438E-029   1.2419055056993263E-029   5.3706294687046224E-031   3.5925798122370961E-030  -4.7220236374865457E-031   1.8953876921201873E-029   1.8940002923824145E-030   1.3278432762108363E-030   3.7183033130890182E-028  -1.6484597870584313E-030   3.7955426325832211E-028  -5.1537687058651434E-017   1.6382044009270334E-017   1.7747284886278976E-016  -2.0973595535612419E-014  -6.2349960785328943E-015
  -5.4203746312951596E-018  -7.8553740016356975E-019  -3.5032025784956555E-018   7.8841942286499685E-019  -1.2379342936523637E-030   7.3058345354426374E-031  -1.3481413411919495E-031  -7.1349957606851760E-031   5.5379916469755991E-031  -3.9782737996795878E-031  -1.2848658322521782E-016  -1.8620671707797958E-017  -8.3041221368365267E-017   3.8839590790372837E-017  -5.6588628250779507E-030  -6.7501199377982896E-031  -2.6767726371906600E-030  -1.6482104327101231E-030   1.5190946329077512E-031  -1.8750908823713971E-030  -6.7229449340097599E-032  -1.2582059564725191E-030  -1.4134076086564889E-030  -3.0564273263260530E-030  -4.2033552119727687E-030   7.0325100603874247E-031  -8.7545027060301387E-033  -3.4972132452197497E-030  -4.0929783427622616E-031  -3.7583108584843291E-030  -2.4112382369042292E-016  -3.4944407806362498E-017  -1.5583897024614627E-016   9.0838904266661024E-017   5.9001309178253184E-030  -4.7160989031097735E-031   6.0164983906922214E-032   4.5657225724003749E-030   7.4795126679505038E-034   4.6706113470908396E-030  -2.4202990371817179E-031  -4.2812805489179202E-032   1.2806426688778867E-032  -2.6015211686901653E-031   7.2354070246426119E-030   3.3862758135214667E-031   3.7657557651835961E-030   2.5148295993235410E-031   6.7211955660541811E-030  -1.6187656731814214E-029  -8.1938543065592448E-031  -3.0541818946319411E-030  -7.8347953917808380E-030  -2.2631434952073688E-031  -8.0929164503860551E-030  -3.0200643587272742E-030  -4.7337803085712834E-030   8.9306089441412184E-032  -1.0223216817283300E-029   4.2347943231403236E-029   9.2766983503974680E-032  -4.6970131464850446E-032   4.6443729104418626E-029  -1.0287232863975128E-031   4.7220397136062596E-029  -1.9918300827483359E-016  -2.8866215551520144E-017  -1.2873250940119424E-016   2.5772689526109105E-017  -4.1575941783687987E-030   4.9928494063459553E-031   4.4949211018254901E-032  -2.7725075816384311E-030   1.1124199912092130E-031  -3.5133163692974713E-030   2.0278388673145663E-031   1.1055746073836125E-031   1.4395044806051027E-031   1.0488728895885675E-031  -5.8398176438969362E-030  -5.4544801831006621E-032  -3.5503329673416528E-030  -9.2354341188965277E-033  -5.4284008249098509E-030  -4.0363548783353152E-030  -1.2360771332881969E-031  -1.2409010478149538E-030  -9.7591928832964327E-031   9.0305281179932286E-032  -1.3103153955403635E-030  -8.1712982663199450E-032  -8.2799217895646717E-031  -3.7809795159185499E-031  -1.2816797440795096E-030   2.0148312240044776E-029  -1.7562234670179763E-031   6.7246989639776202E-032   1.8756584397512860E-029   7.4313827625108556E-032   1.9534810083328729E-029  -1.1423547241674393E-016  -1.6555356799618272E-017  -7.3830690449997033E-017   5.4638066689818337E-017  -9.9495654631759387E-016
  -2.6098781991305015E-018   4.3999612031740954E-018   4.9291945204432413E-018   5.1649257017554696E-019  -5.5522770717578888E-030  -1.3481413411919495E-031   2.9909656514769780E-031  -5.4069832068480667E-030  -5.4911370595856237E-032  -6.7175667097220469E-030  -6.1865526877826500E-017   1.0429832249153570E-016   1.1684346656187074E-016   4.7825025742858039E-017  -1.4272742038638577E-030   1.1635557363962492E-030   1.8194713899855668E-030  -1.7660573952767889E-031  -9.4853485041404880E-033  -4.5966069494788732E-031   2.2246590851555060E-030   1.4740765234690564E-030   1.2205663747601440E-030   4.1149951094022701E-030  -2.4093557416333991E-029   2.5833834533216966E-031  -1.3994758622607970E-030  -2.4758229256416882E-029  -2.9347386097824592E-031  -2.1709033447407693E-029  -1.1609968932909723E-016   1.9573102258914031E-016   2.1927381617159910E-016   1.0367040355878688E-016   6.6899934729845890E-030  -6.1129486612917157E-032   4.8413358656051727E-031   3.9566035985488156E-030   2.9284919262441381E-032   3.7438368628532751E-030  -1.4067983061003410E-031   2.5138444857736546E-031  -1.0121463848978346E-031   6.4254951466658087E-031   6.2933391711838270E-030   7.7350803074898009E-032   4.0050193843559973E-030   1.1512967778928295E-031   5.7948433170714653E-030  -5.8945745272051972E-030   4.2802095202254149E-030   5.2995844259612206E-030  -2.5670316713014297E-030   5.8099506915308860E-032  -2.4797542030567137E-030   1.1031015818049262E-029   5.8071616189020538E-030   4.0588897701060004E-030   1.2731704001853811E-029  -1.2935899406891646E-029   3.0345438557310451E-031   5.6040538234981284E-031  -7.8783022452720874E-030  -2.6721457740249666E-032  -8.7621725957061346E-030  -9.5905435748362572E-017   1.6168578158443210E-016   1.8113356727884333E-016   5.7005136108070970E-017   4.1605554986399142E-030  -2.7522074439054550E-031  -1.4955620640792220E-031   1.1614539049475747E-030   3.4628983886676003E-032   1.2817911641187374E-030  -1.9781763133820683E-031  -1.0185103199403088E-031  -9.6757514879054932E-032  -2.0226717201812836E-031   4.8953520606627948E-031   8.1054497961593247E-032   1.5100658950738815E-031   4.1424546114837503E-032   3.4113429703114415E-031  -1.3982267036522577E-030   1.1492852027524934E-030   1.3459086641845370E-030  -9.3649980039074182E-031  -1.7990954115483447E-032  -9.1218388516371027E-031   1.6354472484384388E-030   1.1229953740824936E-030   1.1654626253092076E-030   1.9367687986951402E-030  -4.6616718154235255E-030  -4.5711688008221515E-032  -1.0430675386339388E-031  -5.6925240498739699E-030   2.3711314316712438E-032  -5.8463468498388160E-030  -5.5003701645731228E-017   9.2730056656654044E-017   1.0388375398004816E-016   6.4644541032437090E-017   2.2622717159477087E-016
  -4.5540896329774531E-018   4.2088087092031572E-018   1.5805904420847310E-017  -1.8733183567823578E-016   1.6796038355602411E-027  -7.1349957606851760E-031  -5.4069832068480667E-030   1.6866441156889837E-027   3.1031323258541337E-029   1.7761329435704863E-027  -1.0795184031463484E-016   9.9767172433048829E-017   3.7466905739206776E-016  -1.5444525929511893E-014  -3.0560910040986057E-029   2.4576915177892461E-029   2.5213661622337941E-030  -2.5359784132625749E-029  -1.3378309194995067E-030  -2.7743517430773639E-029   3.2619742274663593E-029   4.0915101354502201E-030   3.7186746811717225E-030   8.6064734951163733E-030   7.0939431534759222E-027  -2.4876105328658017E-029   3.1917157542880219E-029   7.1806060520000794E-027   2.1289272783496155E-029   6.8513412001092729E-027  -2.0258738194816604E-016   1.8722765826595681E-016   7.0312116229685714E-016  -3.3849059924553742E-014  -2.4037216044962385E-027   9.8282308347715383E-030  -5.3240341540976950E-030  -1.4631876842173006E-027  -5.3043449716790533E-030  -1.4705994088024499E-027   1.5100458261669993E-029  -2.2660183900696726E-030   4.2840272469991275E-030  -7.2010352255446282E-030  -2.3525667319613567E-027  -1.8101253024312193E-029  -1.4904888284015486E-027  -1.9428616746255932E-029  -2.3906141739245195E-027  -1.2059758586780736E-028   9.3173833359199751E-030   1.8920587968149439E-029  -4.1445109593219131E-029  -9.3246852051396548E-031  -4.2895642266891685E-029   2.6666398529627162E-029   1.0188782824435310E-029   1.6006143177346541E-029   2.6580536562488317E-029   1.0115120903163982E-027   5.2171289774392152E-031  -2.4647139982030651E-030  -5.8109077911674680E-028   8.7111065247729616E-030  -4.8261083355607691E-028  -1.6734955326023408E-016   1.5466148319521088E-016   5.8082103271469732E-016  -1.7266865276389360E-014  -1.0316333336863205E-027   3.3697765467623891E-030  -4.8920949186562848E-030  -2.4115422166345591E-028  -5.6314170888480837E-030  -2.3723255840003930E-028  -1.2611190632804352E-031  -1.2271864086118721E-031   1.5234592848633828E-030  -6.6727311674373123E-031   5.9069256237763626E-029  -7.0226811087447020E-030   7.3340466776100963E-029  -1.8621427056422996E-030   8.2594380489542420E-029  -4.0057142979594889E-029   5.7443801070320632E-030   4.0693030076213212E-031  -1.8224184022429310E-029   7.6979145191490402E-031  -1.7117848784904187E-029   1.3999789694481349E-029   2.1229492063500661E-030   4.2706468926373984E-030   2.4779593795698425E-030   4.2387053899640641E-029   1.5890357883975219E-030   1.2549272180861785E-030   3.9507226754140490E-028  -1.5081237993498553E-030   4.0372135592461963E-028  -9.5978343941074115E-017   8.8701479862713214E-017   3.3311257640103874E-016  -2.0995248084800546E-014  -7.4520223908278065E-015
  -1.1355901140627510E-017   4.1694601620515757E-019  -2.5738533798402087E-018  -3.1515537917851557E-018   3.0637606911617036E-029   5.5379916469755991E-031  -5.4911370595856237E-032   3.1031323258541337E-029   1.3433161881343693E-030   3.2643411362027219E-029  -2.6918451882984376E-016   9.8834439786371438E-018  -6.1011581116365142E-017  -2.7027335311505378E-016  -1.0873009720421029E-029   2.9283617973782352E-031  -1.5042461281721816E-030  -3.0854034473764137E-030   5.3736483736130871E-032  -3.8492459093267700E-030   8.3229339124775110E-031  -9.8937944086019045E-031  -2.9262554425385006E-031  -2.2961861981110607E-030   1.2894319351995581E-028  -2.7189070886060522E-031   4.4943343472056419E-031   1.3101912563633766E-028  -1.1842507663423843E-031   1.2517816778356469E-028  -5.0516403214448561E-016   1.8547724933911795E-017  -1.1449713548993842E-016  -5.9006377688040141E-016  -4.1818190431971576E-029  -2.5492101319893124E-032  -2.9371970920833201E-032  -2.5011375584862973E-029  -1.3486256730490140E-031  -2.5254237120440537E-029   1.8264040105319416E-031  -7.3861159983197615E-033   6.5572604445330866E-032  -2.0561772311402331E-031  -4.0493637435009707E-029  -1.7767119001510287E-031  -2.5969725571065964E-029  -1.4960257963503517E-031  -4.1463652630249223E-029  -3.4811397148212067E-029   4.4344097076213180E-031  -2.4061279379526971E-030  -1.5447803597963114E-029  -1.1217777063687478E-031  -1.5604908524536581E-029   8.3208725188528456E-031  -3.1417603766839808E-030   9.0898750809003676E-031  -7.2336595390179160E-030   3.5725684188335660E-029   6.5688004576019309E-032  -6.9580459027802911E-032   7.9578560934906503E-030   2.1385330750954852E-031   9.9072548482294057E-030  -4.1729635029331206E-016   1.5321553849167701E-017  -9.4581628379519910E-017  -3.0920979067757446E-016  -2.0643908403183845E-029   2.5962900802898432E-031  -5.6563160497632180E-032  -5.6136377283493719E-030  -3.7833600996241505E-032  -5.7231874479127196E-030   7.0535713446623183E-032   2.3415898911329109E-032   6.5993108557005671E-032   5.4664967749918820E-032  -1.2071827160811895E-030  -1.3501477397108543E-031  -5.1407032322962013E-032  -8.2761846173534389E-032  -5.7315765687704415E-031  -8.1587623793981172E-030   2.2655913314534482E-031  -8.0520785902783163E-031  -3.8807863377625785E-030   5.8700884004531169E-032  -4.1260861052292700E-030   4.9583504784988153E-031  -5.9357113181153972E-031   1.0084713788890604E-031  -9.8527445808921897E-031   8.8770019593512804E-030  -4.8425270873902295E-032   5.8058600414925313E-032   1.4815652559942763E-029   7.6267570172489597E-033   1.5326370155472707E-029  -2.3932787302702523E-016   8.7872201413058113E-018  -5.4244471420831678E-017  -3.6667446296746786E-016  -5.3510030949319612E-016
  -1.3040494812326095E-018  -2.5024600730116672E-017   5.3269541332685216E-018  -1.9726738345161726E-016   1.7695367184761329E-027  -3.9782737996795878E-031  -6.7175667097220469E-030   1.7761329435704863E-027   3.2643411362027219E-029   1.8755442239458696E-027  -3.0911675594029389E-017  -5.9319247526331795E-016   1.2627210887397077E-016  -1.6270285327785873E-014  -3.1664401649633997E-029   1.7853297708335416E-029  -4.3392838064535199E-031  -2.7029476262649420E-029  -1.5580109977710193E-030  -2.8750310445839318E-029   1.7922300962722436E-029   1.3226600683798857E-030  -3.4876544728386198E-030   5.6284963501893150E-031   7.4754951763968110E-027  -2.7916969662049519E-029   4.1067011787170459E-029   7.5687452097882761E-027   2.3577562924708409E-029   7.2107603652018156E-027  -5.8010270246048779E-017  -1.1132122454307447E-015   2.3696803940826828E-016  -3.5657391340990143E-014  -2.5283850266066423E-027   1.0894660565513851E-029  -8.5804254180744921E-030  -1.5392937860608758E-027  -5.7216758961950147E-030  -1.5457060440737956E-027   1.6576669662573627E-029  -3.7582384247978384E-030   4.9560172114012945E-030  -1.0942236600471413E-029  -2.4746475509599250E-027  -1.9491798013691886E-029  -1.5674057957293107E-027  -2.0850905091120670E-029  -2.5101553544696566E-027  -1.2177739512796330E-028  -1.9256899420371299E-029   8.8718108929777491E-030  -4.1236487744703597E-029  -1.0162157876215891E-030  -4.2903075444384485E-029  -4.5344343465702294E-029  -8.1119682725327317E-031  -1.1739230975907810E-029   2.2566109814548162E-030   1.0815548604399383E-027  -1.1989801291336396E-030  -5.4951876081004285E-030  -5.9757544996927518E-028   9.2368541181993977E-030  -4.9070423126685836E-028  -4.7920026987122168E-017  -9.1958131925592175E-016   1.9575007658693456E-016  -1.8194528123039003E-014  -1.0862104424303714E-027   4.6097335140206421E-030  -4.3039640897497482E-030  -2.5331826840281396E-028  -6.0220004924904368E-030  -2.4940724190148965E-028   8.3097602379166171E-031   2.5947390459116702E-031   1.9884142784763220E-030   2.0502456692257017E-031   6.3851514372300704E-029  -7.5650033135518801E-030   7.8240139504330824E-029  -2.1405954156821597E-030   8.8048865042172737E-029  -4.0385493840136691E-029  -1.9797272851567785E-030  -2.5325137538821635E-030  -1.8242376955952149E-029   8.0851179932035974E-031  -1.7138464984813963E-029   2.9500813684209369E-030  -2.4445172041889450E-031  -3.2508681163448934E-030  -1.7231332540781524E-030   5.2526608871733864E-029   2.0536291073264452E-030   1.7481764238376702E-030   4.2427820376869579E-028  -1.6792709101683659E-030   4.3326263865801866E-028  -2.7483101939847772E-017  -5.2739843293189399E-016   1.1226661685750823E-016  -2.2117317341589474E-014  -8.1071829811723960E-015
   4.6486957488247466E-003   2.1243434887104825E-016   5.4730129456638683E-016   3.1159070415153836E-016  -5.7967119821897403E-017  -1.2848658322521782E-016  -6.1865526877826500E-017  -1.0795184031463484E-016  -2.6918451882984376E-016  -3.0911675594029389E-017  0.11019441899303076        9.7618721742495088E-017  -2.0170036723484197E-016  -4.1946926448199579E-016   4.0584941501699485E-015   3.7193685280799368E-017  -1.8365132522124175E-017   9.9116951207043938E-016  -2.9765102965364035E-018   1.3089818807684827E-015   6.4597538236555142E-017   4.3115170624375197E-017   2.4251103555399772E-019  -3.1680917752468454E-017   1.7223895969250417E-016   4.7678517391186574E-017   4.2318741876421387E-017   6.3881738684567929E-017   1.6891130342525900E-016  -4.6755723855226557E-017  0.20679590810170806        1.2925758100807489E-016   8.0006286402474004E-016   1.2886046470748799E-016  -1.1038415505905686E-016   8.5336676180334693E-018  -2.1327841225384549E-018  -8.9373935259429671E-017   1.9391958744616161E-017  -3.4370229329994499E-017   1.0809488289883184E-018  -1.8881597566699210E-017   9.0642057398029156E-018  -4.8727430206793285E-018  -3.3391032438888725E-017  -6.7495085721592562E-018  -1.8237807754672800E-017  -5.1287875129663493E-017  -3.9235771374452891E-017   1.3264228718938196E-014   3.3126295183799263E-017  -1.0180563573838558E-016   5.8687833594495724E-015  -1.6665570896761062E-018   5.8759107326665924E-015   4.7339862570013084E-017  -1.7738471154247442E-016   3.4758211619696352E-017  -1.6999827513272271E-016  -5.1271424872715495E-017  -8.6139106417701441E-018  -2.4368961461338612E-018  -5.0428486150973251E-017  -3.9816454952475718E-017  -1.0902851958865145E-017  0.17082605295570780        2.2721039503083975E-016  -1.7500515925704741E-016  -2.4280278477591944E-016  -5.2612913345383337E-017  -7.6027039862162700E-019  -5.4822831429986108E-018   1.2331187276347355E-017  -1.3605781294475666E-017  -3.0986699895709231E-017   1.2971523928279634E-018   1.1745173879826683E-017   8.3020409079499559E-018  -4.6086458072620356E-018  -3.6854736217640828E-017  -1.1862760535752273E-017  -1.3398127641713572E-017   1.8858424344918916E-017  -2.2799045604433898E-017   2.9711318114233038E-015   8.9134215720637073E-018  -2.6854611770928382E-017   1.6092214601620075E-015  -3.1245008616521765E-018   1.6750413345310599E-015   9.1945313592756122E-018  -1.5923598334313836E-017   1.5231689021181586E-018  -3.0518962776403626E-017  -2.8226164525448179E-017   2.8549432940307207E-018  -2.3414250146722343E-019  -2.0303776416568963E-017  -6.0671592976784001E-018  -3.0416991154436135E-017   9.7972186631287692E-002   1.0797796459490816E-016  -3.4164418394174954E-017  -1.1374516122922555E-016  -4.9270613293705910E-016
  -1.3726222180737350E-016   4.6486957488222139E-003  -4.6798865706302715E-017   5.7576175596996877E-016   1.8425737789301556E-017  -1.8620671707797958E-017   1.0429832249153570E-016   9.9767172433048829E-017   9.8834439786371438E-018  -5.9319247526331795E-016   9.7618721742495088E-017  0.11019441899303178       -2.4916272099701610E-016   4.5667521227524883E-016   2.1627359796191184E-016   1.2620637510905432E-015  -1.7742276911684404E-016   1.1004672814699701E-016   3.6833255774858505E-017   3.2897688671205990E-017   2.6367667004658100E-015  -9.4281494060129513E-017   1.1649114186251191E-015  -2.0999133032118032E-016  -1.0975249320863228E-016   2.6468294334609381E-016  -1.0653351955199538E-015  -3.8237929946223805E-016  -1.6335055964986722E-016   1.2235676420237687E-015  -1.2836364168719223E-015  0.20679590810171236        1.7418906039224879E-015   5.8281284009873791E-015  -4.6388471748230575E-016  -9.0750659008339744E-017   4.4869275137815410E-016  -2.0997147263591102E-016   2.1638541608268363E-017  -4.2929883376072797E-016  -9.6705922053600677E-017   1.9786390892153663E-016  -5.9632041107554126E-017   4.7117713993356728E-016  -3.8522175544842528E-016   7.5805783334106418E-017  -3.1344850401163279E-016   6.1047271151753894E-017  -1.1047329193345747E-015   4.8284725923780708E-016   4.6099353270828438E-015  -2.9702889947725069E-016   1.8103695466837373E-016  -1.1181254808713051E-017   1.7902750888183291E-016   1.1569816695421326E-014  -3.5091140758323997E-016   4.5603283665395425E-015  -7.2843629567996589E-016  -6.3465769714040719E-016   2.4383067369683865E-016   3.8545615000766665E-016  -3.7667735345700550E-016  -1.4073653979652221E-018  -8.6690528968019261E-016  -6.9445209565342025E-018  0.17082605295570913       -5.5320879303895173E-016  -2.1421627288119343E-016  -3.1986185486578562E-016  -1.3122921025512995E-016  -1.1100057328426649E-016  -2.3548609214504925E-016   9.1009538325071641E-018  -2.0881095312533725E-016  -1.3033532020209617E-016  -4.3332901164111038E-017  -4.9571560115766010E-017  -1.0584089432468676E-016  -4.6554951024354881E-016   1.2286118043199492E-017  -2.6985493080671484E-016   1.9264884262143790E-017  -3.0639466181511957E-016   4.8913240983741835E-017   1.2811155090556438E-015  -1.9345261077360034E-018   6.3358336859649777E-017   5.3164220184797536E-018   6.6500056226668093E-017   1.8977000442771487E-015  -1.6150812725317937E-017   1.2214624551080874E-015  -1.9769694634201795E-017  -3.8634640128439583E-016  -5.9667151764848306E-017  -4.8663806912413020E-017  -4.4724576582441249E-016   8.1101284111482332E-018  -3.8380819510407353E-016  -4.5986589669617041E-018   9.7972186631287525E-002  -8.9091803058063468E-017   2.2319522577310513E-015   1.3235130707080182E-015
  -2.6073624499983425E-017  -2.8508998290209179E-016   4.6486957488230049E-003   1.4166464991531558E-016   1.9961295281765199E-016  -8.3041221368365267E-017   1.1684346656187074E-016   3.7466905739206776E-016  -6.1011581116365142E-017   1.2627210887397077E-016  -2.0170036723484197E-016  -2.4916272099701610E-016  0.11019441899302798       -2.4820738474229518E-015   4.0338202078817774E-016  -1.0240382038683111E-017   1.5625068140709266E-015   1.0043099650104484E-016  -2.1670809452895902E-017   8.6721693010276943E-017  -3.7720130243659986E-017   1.4729844203260588E-015  -1.2591312723352886E-016   4.0154665607975829E-015   9.1606908129924453E-016   1.1433242984720401E-016  -3.0034575182551526E-016   8.6402320534631832E-016  -1.5560032138955217E-017   1.1375930574163664E-015  -2.1086584445916478E-015  -4.1237090822672723E-016  0.20679590810170501        3.2532865028826609E-015  -4.8350935439335685E-016  -3.2904633885543831E-017   6.9844440497071210E-017  -2.9920715700307354E-016   6.5157460954798696E-018  -2.7058811706699082E-016  -4.9241827339746300E-017   4.1608877577289397E-017  -2.3186954545327017E-017   1.4003286524015291E-016  -4.3514424693633988E-016   5.6639001703503813E-018  -3.6281412589545999E-016  -1.4077264156370603E-018  -5.2652685738944230E-016   6.2717278531347329E-016  -5.0117057295288704E-017   5.3674055741997497E-015   2.5471329349591712E-016   1.9854506707967862E-017   2.9579388008044179E-016  -4.0225506406034590E-017   5.5068723196887232E-015  -1.5817588231796378E-017   1.2272715490947305E-014  -2.8947531158095671E-016   1.0170056538926981E-016   2.0306583807028976E-016  -3.8868711281757803E-016  -5.0438900001892336E-017  -2.7266504094085681E-016   1.5916119708821129E-016  -2.2379700140881255E-016  0.17082605295570882       -2.1048581963441317E-016  -1.4774714058132918E-016  -4.7141435522560163E-017  -6.6058179235830690E-017  -4.0078634805372671E-017   1.8930003091031911E-017  -1.1932672661377821E-016  -4.0392372377328061E-017  -3.3712893760863126E-017  -1.1275890622310855E-017  -9.8085811905521420E-017  -7.7219716968405719E-017   2.6163628603103221E-017  -6.5086131044475980E-017   3.2863118229360916E-017  -2.0286564313254339E-016  -2.5339744461567262E-017  -2.2835877278950563E-017   1.1708595867769979E-015   3.1939605648495413E-017  -4.8679144348743091E-018   4.3845468243098027E-017  -6.6475438956655900E-017   1.0490714554277553E-015  -1.3500370434107392E-017   1.8257870999453143E-015  -1.5180068911862964E-016  -1.9811748857969510E-017  -4.5496841800523514E-017  -1.2771108621888004E-016   2.2679951843819628E-017  -1.6340959902057059E-016  -1.4759060056260198E-016  -2.1742001248158107E-016   9.7972186631286151E-002   8.0858297845269072E-016   1.1130963720791167E-016
  -7.5721522815865796E-017  -1.8860548850412218E-016  -1.2523359142854901E-016   1.7648275474774703E-003  -1.5426984469410988E-014   3.8839590790372837E-017   4.7825025742858039E-017  -1.5444525929511893E-014  -2.7027335311505378E-016  -1.6270285327785873E-014  -4.1946926448199579E-016   4.5667521227524883E-016  -2.4820738474229518E-015  0.14377880133275950        2.1884114502577215E-016  -2.4297689897119223E-016  -7.7847968492349061E-017   2.0082909014642315E-016   2.0995861120228417E-017   2.2663335593167292E-016  -2.5020383099082976E-016  -2.7728327361391222E-019  -1.1457747973943583E-016   3.7919718722797971E-017  -6.5059121774429714E-014   2.9134443448845625E-016  -3.3445686899297891E-016  -6.5821909580206509E-014  -2.1458042623118431E-016  -6.2782616592502212E-014  -2.1784465018673284E-015   1.3811783699400707E-016  -4.7538698120211083E-015  0.31548963902787447        2.2312111070835443E-014  -1.2474671936387810E-016   6.6838570869574852E-017   1.3645404767657270E-014   5.0811474077880106E-017   1.3721863054437561E-014  -1.5978309457801509E-016   2.3818423571414674E-017  -4.0743009906954310E-017   6.8832213147054933E-017   2.1942895467982731E-014   1.8927389987846659E-016   1.3840070126363453E-014   1.9179904723733230E-016   2.2235220522530736E-014   9.9638831635500322E-016  -5.1490318017948978E-017   4.6404300781350329E-017   2.8518118844333724E-016  -5.0975978988989277E-018   2.8521398800380234E-016  -2.1818678790577961E-016   2.0779474507380900E-017  -5.0924871785638898E-017   4.8699379834106800E-017  -6.5008928168454826E-015   1.3688486198782850E-017   4.3144042979792089E-017   8.3282652356140667E-015  -9.3220523840262223E-017   7.4814310125217544E-015  -7.3097281782514195E-016  -1.8106123625492455E-017  -4.1510198189535707E-015  0.15958192034276861        9.1377466262671919E-015  -4.3509312144062803E-018   3.9835662861949846E-017   2.0156222771208606E-015   5.9596548524375627E-017   1.9221891822173779E-015   8.8004788370014950E-018   5.6342258057898338E-018  -5.7641973726625281E-018   2.7246749674402851E-018  -9.4226147683512967E-016   6.2169519697829192E-017  -9.1569428189415829E-016   2.0723182009448160E-017  -1.1363898619147641E-015   3.0091537423130160E-016  -3.7045197548607268E-017   7.2225557799491536E-018   2.1529743897324553E-016  -1.5963736108847520E-018   1.8865466072243385E-016  -1.0131379614210665E-016   9.3473723994818154E-018  -4.1225301596088812E-017   3.7853855835399265E-017   9.1693406880497567E-016  -2.8652157288290318E-017  -1.1679825339261946E-017  -2.3982699342295032E-015   2.0257560226720612E-017  -2.4284680064667801E-015  -5.7518301267548513E-017  -1.7112656168801587E-016  -2.1987623802409408E-015  0.19557361118305044        2.6515710084020804E-003
