   1.4267110126589108E-003  -1.1384281616810484E-015   3.9432264219374731E-010  -2.9999974189163966E-008   9.6144122546849992E-010   7.5041338041727717E-018   2.1289231910073985E-012  -4.8033577226043046E-010   1.8957737874408961E-017  -4.8110547729972631E-010   1.2190338705808497E-002  -5.4632073966182160E-015   1.7796946654724732E-009  -1.0455860562228771E-008   1.2331855199362074E-010   1.9551314439546691E-017  -4.6343039731762025E-012  -8.2751323451280539E-011   9.5573177720426231E-019  -8.2695723510202070E-011  -1.1925393862554881E-017   1.1584881160853812E-012   1.0801976423742557E-017   2.5907313566544267E-012   1.6498015517518427E-009   2.4817032827710376E-016  -8.7128336060040656E-011  -8.2595881380814420E-010  -4.2149413316538784E-018  -8.2384285267376931E-010   1.8883818101535683E-002  -7.6422453686331462E-015   2.5439753884569629E-009  -1.7946401945111140E-008  -3.0322776140125060E-011  -7.3094536756154612E-018   1.9304264928275491E-012   2.6658672108603319E-011  -1.5524160573558738E-019   2.6607047587899208E-011   2.7526230838102117E-018  -6.4770821939758675E-013  -1.6892740936924263E-018  -1.4476526226099088E-012  -1.1385736873536240E-011  -4.3298054257435574E-019  -6.6582068105297353E-012   4.1116721516834480E-019  -1.1356389890636112E-011  -1.9799017143884487E-011  -7.7632361695712007E-020   3.2059770601384701E-013   1.3276888870472160E-011  -3.6021327056555430E-019   1.3291131364917805E-011   1.8091140691663689E-018  -7.9941377835541298E-014   1.1883679559428310E-020  -1.7936249467280187E-013  -1.1974711445940252E-010   5.2613017809064035E-017  -1.6075251127968630E-011   5.9526367278070531E-011  -1.5180387754412411E-018   6.0220779320108445E-011  -1.0079308234207973E-008   1.4757742625724504E-002  -5.9811461912700949E-015   1.9728480357356046E-009  -2.4853796848067819E-011  -4.1722200249056210E-018   1.5459706322513192E-012   2.1849020978958724E-011   1.6544869465207383E-019   2.1809508555206125E-011   4.2065464132295255E-018  -5.1868223124709855E-013   4.1185743440174823E-018  -1.1593673272310792E-012  -9.3313316342907736E-012  -9.6301139677607114E-020  -5.4572992665219607E-012  -6.6106855726459684E-019  -9.3088843369201148E-012  -5.0813050475357395E-011  -4.8768106950448107E-018   1.9241700747601830E-012   3.4099650744489017E-011   6.4530441340471714E-019   3.4075954766119940E-011   6.9640599170494848E-018  -4.8101271778695097E-013   2.0996200251737966E-018  -1.0756641645391925E-012  -1.4283778513180689E-010   2.6599612434787274E-018  -1.4415108281962958E-012   7.1340433199153162E-011  -3.1659104620934654E-019   7.1497374890351137E-011   8.0382920831247838E-003  -3.2413111794595597E-015   1.0726680993941909E-009  -1.3682259582309083E-008  -2.4326288074727978E-010
  -1.1384281616810484E-015   1.4267290501299092E-003   9.6043310744989154E-018  -1.9137509508007709E-015  -1.0985250123109933E-016   1.7622022070094882E-009   6.5746096290343531E-018   2.1302656126215098E-016  -3.8524017003594712E-011  -1.3128605582970409E-017  -4.9231155972197452E-015   1.2190420114263259E-002   3.3303089424947620E-017  -1.1201047830073868E-015  -1.4517123608052757E-017   1.1896463319180804E-010   2.3822814391751586E-018   1.5399452128997725E-017  -3.7542730997459898E-012  -4.6945981985684300E-018  -6.6543693819240160E-011  -1.4153444656576162E-018  -2.9688128422339875E-011  -1.6319766462713900E-018   3.4088738526644480E-016  -1.1267434913462085E-009  -6.2394427373201938E-018  -5.3858678919920650E-017   2.4632072060364572E-011   8.8033914020390428E-017  -6.9404843434544577E-015   1.8883934470421332E-002   1.1436799877809328E-017  -8.5318844323854050E-016  -1.8677314164894265E-017  -2.6372880174140228E-011   9.7442179520087183E-019  -2.2235784901412860E-017   1.1605970567971887E-012  -1.6649601520268773E-017   1.9796204625122676E-011  -1.6760051231724211E-019   8.8235285457559831E-012   1.0948457138052634E-019  -4.1303423131359039E-017  -4.3277497287242243E-013  -2.4164415399153250E-017  -4.3229178961687524E-013  -4.5814446267546984E-017  -2.0563569353887589E-017  -3.8454408358797073E-011  -6.9205141981938803E-018  -1.6003853292485186E-017   1.2135001635478901E-012  -1.2298480640851502E-017   2.1506023040844667E-011  -3.9160509829800721E-018   9.5948018282000222E-012  -8.4282352045993475E-018   9.7310073013103381E-017  -9.4233702865980164E-010  -1.6803850066190401E-017  -1.0405367147289997E-016   2.0600711669104784E-011  -1.1191186490667522E-017  -7.0921835360842315E-016  -5.4085012844245252E-015   1.4757832869570074E-002  -2.4423574307142149E-017  -2.8324616352831226E-018  -2.3272047908666885E-011   5.4163282145883220E-018  -9.4104617795757503E-018   1.0241389161593058E-012  -1.4004548730622753E-018   1.7468644700791562E-011   2.3890354734239010E-018   7.7860931486392667E-012   5.8431175046118889E-018  -7.4623905537409971E-018  -3.8188843999610737E-013  -3.1461474145434697E-018  -3.8146308196340757E-013  -3.0896028931765290E-018  -2.0181632092365753E-018  -4.8355734646504768E-011   1.9879522367219795E-018  -9.2406810320727861E-018   1.5259954216755599E-012  -6.2457270692736031E-019   2.7047212049494506E-011   5.5839688767122999E-019   1.2067018992174227E-011   5.3216103889940639E-019   2.0932676512229340E-017  -3.1325043841843845E-010   2.6186551320013188E-018  -3.7220958864886255E-017   6.8480584291473807E-012  -1.0481884907741806E-019  -2.9433540414585163E-015   8.0383411501021088E-003  -5.6425569250808889E-018  -8.9022267265984571E-016  -3.2644612767910601E-015
   3.9432264219374731E-010   9.6043310744989154E-018   1.4267290415094658E-003   6.5583825587445167E-010   4.5707240856773373E-011   1.4236192339618661E-017   1.7613134853843184E-009   1.0500766337834899E-011   1.2393514577990453E-016  -5.6207937890842006E-011   1.7796949644186651E-009   1.6043819680727706E-016   1.2190420075356027E-002   2.2857856642180244E-010   3.1195090890789817E-012  -9.4913774826317092E-018   1.1892422441853532E-010   1.1584873546954006E-012   1.0432778427063994E-017  -5.3437641172904572E-012  -2.1708639127191778E-017  -2.9784101766705601E-011  -2.4039372246323078E-017  -6.6440477166221146E-011  -7.8730825462431949E-011  -4.2480972135161642E-017  -1.1243003345401741E-009   1.8056565492170278E-011  -1.1625179562035641E-016   6.0674307259661475E-011   2.5439756557131384E-009   2.1794428706548187E-016   1.8883934414797184E-002   3.9233150398956064E-010  -8.6246955154283200E-013   1.2873900729829586E-017  -2.6358316071861717E-011  -2.4755983247344446E-013   2.4928079720209948E-018   1.7626547268019827E-012   1.4867962719609180E-017   8.8630728711617541E-012   1.6306939126662420E-018   1.9752233746729568E-011   2.4890347465043260E-013   1.4755994416289767E-017  -1.8967054237268809E-013   1.4496712283972039E-017  -8.9546888740277173E-013  -1.4468610007094582E-012  -2.9266108683485748E-017  -3.8413318110725268E-011  -7.9954254052212842E-014  -3.4884095387650515E-018   2.0210765970128983E-012  -6.9891284720351610E-017   9.6217242582659156E-012  -2.5737379530718869E-017   2.1463569006533962E-011  -3.3063638071497201E-011  -1.8456347723246219E-017  -9.4153522791686587E-010  -1.3013769489268167E-012  -6.5436763241272009E-017   3.4364983141510297E-011   2.2034675904611642E-010   1.9728482781748645E-009   5.9217751883718123E-017   1.4757832826439903E-002  -8.0269131204043810E-013   9.7292173716906434E-018  -2.3255785282133515E-011  -1.8181938961247416E-013  -1.0658173615080472E-018   1.5919073122006223E-012   8.5783224375503802E-018   7.8198198062984436E-012   6.0115536854974687E-018   1.7427236971525764E-011   2.0404221413093092E-013   4.9549717437119533E-018  -1.7648897416736928E-013   5.1040354195780986E-018  -8.0574397008221510E-013  -1.2529162522682108E-012  -3.9447266031768770E-018  -4.8339136400206314E-011  -4.8101620598084514E-013  -4.6180951979793639E-018   2.1619718569031940E-012  -8.6965088920952729E-018   1.2107309570236599E-011  -4.4382727482233022E-018   2.7008128201889046E-011  -8.7385599610519580E-012   3.7970541319798073E-018  -3.1306921831337136E-010  -1.5595749300011188E-012  -1.9631965399125949E-017   1.0298169181019668E-011   1.0726682135868812E-009   3.8348559030811264E-017   8.0383411266528402E-003   2.9911189656891448E-010   5.3178541691930511E-012
  -2.9999974189163966E-008  -1.9137509508007709E-015   6.5583825587445167E-010   1.8797267993373752E-005  -5.6149598211492190E-011  -3.0215155022253826E-018   2.1266015205533375E-012   2.8094679000759630E-011   2.8850606084644450E-018   2.8054424526830767E-011  -2.5528624342838451E-007  -1.6302991291316397E-014   5.5808876227394219E-009   1.5641087787998777E-003   6.3005137633338804E-012   1.5107918048468106E-018  -3.6981144953510268E-013  -4.2315845151026731E-012   7.5315991141459391E-019  -4.2214774364404831E-012   2.3342420410986060E-018   9.2507183225815912E-014  -5.5510719143196509E-019   2.0668923322807350E-013  -1.8450004801304261E-011  -5.6717099690269567E-018   6.9875356081787154E-013   9.2306961864856811E-012   1.0699847739994192E-018   9.2175424421919107E-012  -3.9485904352902819E-007  -2.5198008276893650E-014   8.6321296562538808E-009   3.6245142988589616E-003   4.5512216013914486E-013   1.0721933802474566E-019  -3.7634902192252579E-014  -4.0029398948123972E-013  -4.1359624185156791E-020  -3.9880456837097497E-013   8.8933707804930458E-019   1.2634268457505647E-014  -2.0833342252191921E-019   2.8218714643417541E-014   1.7119951369966252E-013  -9.8333797786698499E-019   9.9995533061393074E-014   4.0051245345373960E-019   1.7026413143411510E-013   3.9196729965035771E-011   7.2705703957715929E-018  -2.3006587807745153E-012  -2.6325450102700963E-011  -5.6463807585360665E-019  -2.6262563926886609E-011  -4.0319791742349994E-018   5.7550595021579511E-013  -1.1315364849579512E-018   1.2858456498942941E-012  -9.0675087897815912E-012  -2.7735387674200740E-018   3.4342880667433123E-013   4.5365969464624455E-012   5.1444744010808546E-019   4.5305342871659844E-012   1.8395615742810615E-003  -3.0853733260427780E-007  -1.9690856573262995E-014   6.7450253328956329E-009   3.0661407445685836E-013   8.7771408590474552E-019  -2.5378870781768089E-014  -2.6992507263306431E-013   6.6180558077741218E-020  -2.6905023412342555E-013   4.8051733406115675E-019   8.5194902364628249E-015   3.4437423572357410E-019   1.9028287677353329E-014   1.1561473630559856E-013   1.7321587432063996E-019   6.7450554472579981E-014  -3.3558601160572151E-019   1.1480403824896088E-013   4.3696255664250529E-012   1.7487941686971946E-019  -2.5647602165922078E-013  -2.9347480695842327E-012  -4.9401385631950671E-021  -2.9277448472355654E-012  -1.5559251562149000E-019   6.4157477241974053E-014  -5.3872315512524293E-019   1.4334638729631793E-013   2.6874860491577395E-012   2.1720110635252730E-019  -1.0179040107885779E-013  -1.3447350920946096E-012  -4.1551445012354370E-019  -1.3428939760442570E-012  -1.6797995143263106E-007  -1.0720733305656722E-014   3.6722591058895984E-009   2.2172403636779147E-003  -5.3556682703309372E-004
   9.6144122546849992E-010  -1.0985250123109933E-016   4.5707240856773373E-011  -5.6149598211492190E-011   8.1837086257338543E-016  -1.2121812858372822E-022   5.1459596298629695E-017  -4.0791737000151960E-016   1.1252375277022992E-023  -4.1045199675726934E-016   8.2149009256074828E-009  -9.3861149726334903E-016   3.9053598846964783E-010  -4.7108379692470217E-009   6.4276760937147352E-017  -1.3850884655921085E-024   1.7977482088961302E-018  -4.3016785146802288E-017  -1.0354244006169154E-024  -4.3217984024013266E-017  -1.0135553365674143E-023  -4.5135920511523440E-019   1.0055389656369496E-023  -1.0035070754763781E-018   1.1648144602994980E-015   2.6846789716267075E-022  -9.6837045213351562E-017  -5.8382004686026702E-016  -1.1882164744042841E-023  -5.8098920296295993E-016   1.2725542456458576E-008  -1.4539837802054230E-015   6.0497133636603200E-010  -1.0907125409474052E-008  -2.1829653234921711E-017  -2.4737402731878448E-024   5.6958650592287378E-019   1.9160170447334235E-017   7.6867278990188412E-026   1.9185302774816566E-017  -1.5967089169327080E-024  -1.9051711128793282E-019  -1.2253212519984860E-024  -4.2758374311414956E-019  -8.1792501508109618E-018   2.9133424758108946E-024  -4.7934836732933147E-018  -6.1437665692266626E-025  -8.1933256631616772E-018  -1.3160873167640929E-016  -2.0202990557338886E-023   5.9243783752474406E-018   8.8343957502193895E-017   1.4637908674487710E-024   8.8231196469751503E-017   7.9200209509812891E-024  -1.4813939050482278E-018   2.4375170751246298E-024  -3.3114595625434304E-018  -5.5112367174921344E-017   1.1502492774541350E-022  -4.2005185563224162E-017   2.6742817191697168E-017  -5.3768111277106630E-024   2.8371172583433902E-017  -5.5662315714907100E-009   9.9450374156296929E-009  -1.1362912822412192E-015   4.7278631226268089E-010  -1.7700480542552211E-017  -2.8641659912550813E-024   3.7343990268844771E-019   1.5533264339537532E-017  -2.3133472653450578E-025   1.5560815956811658E-017   5.5680648032206324E-025  -1.2474876685009887E-019   1.4086269032536074E-024  -2.8045528298889537E-019  -6.6309243485391140E-018  -4.7404516884140946E-025  -3.8869840449564699E-018   6.3829231413003339E-025  -6.6457049754604808E-018  -4.7618503326669895E-017   5.8868773554312173E-026   5.3083668852739590E-019   3.1920761523644355E-017   1.6516731867810248E-025   3.1968090153471457E-017   3.1024747054659474E-024  -1.3208481676731062E-019   1.6020711028148461E-024  -2.9713237964080128E-019  -1.0495954056163669E-016   2.5206323787450758E-023  -1.0681926878153984E-017   5.2240225899700419E-017  -6.9124921346558555E-025   5.2720081970260428E-017   5.4168929819945516E-009  -6.1891857893741261E-016   2.5751868520796721E-010  -6.6755104475608760E-009  -5.5046754486179160E-011
   7.5041338041727717E-018   1.7622022070094882E-009   1.4236192339618661E-017  -3.0215155022253826E-018  -1.2121812858372822E-022   2.1765566616214596E-015   2.5367462337440155E-023   2.5621587685942431E-022  -4.7582340725748192E-017  -2.3779426505206771E-023   6.4123804719048014E-017   1.5056807897597342E-008   1.2163842410068896E-016  -2.4935653939948526E-016  -1.8258254297294022E-023   1.4693731731865246E-016   4.1638442408210485E-024   1.9273302119826282E-023  -4.6370320569882245E-018  -5.6117562742280827E-024  -8.2190408963883030E-017  -2.0540307345603540E-024  -3.6668830303178401E-017  -2.6980894786535658E-024   4.3186681379297754E-022  -1.3916797075121376E-015  -1.9494419193640197E-023  -7.2154332704398828E-023   3.0423920886756275E-017   1.0354056687139204E-022   9.9333695700586782E-017   2.3324198100381422E-008   1.8842758626650056E-016  -5.7826044245453723E-016  -2.3309617489037262E-023  -3.2574052966703752E-017   9.5668381226888390E-025  -2.7262649280243395E-023   1.4334934126073466E-018  -2.0343412190788812E-023   2.4450974400238238E-017  -1.2399162695804741E-025   1.0898244116867666E-017   3.2020916506747802E-025  -5.1099966716961005E-023  -5.3453528002697169E-019  -2.9899150833983633E-023  -5.3393848374044467E-019  -5.6682802054724515E-023  -3.1758470926935146E-023  -4.7496364690231933E-017  -8.5630518321559622E-024  -1.5506189517275232E-023   1.4988358625036874E-018  -1.0918529785124349E-023   2.6562830036384736E-017  -4.8328976344745769E-024   1.1850870321826747E-017  -1.0401518539739585E-023   1.2070812311015173E-022  -1.1639129318211206E-015  -3.0290342393045917E-023  -1.2895906888907206E-022   2.5444648769123999E-017  -1.3900886369163626E-023  -2.9208484121420353E-016   7.7629499258273159E-017   1.8227907850523950E-008   1.4725649751462103E-016  -3.6858330035448476E-024  -2.8744108198083809E-017   6.4699987368338235E-024  -1.1467271191646204E-023   1.2649492615124632E-018  -1.5564834720576986E-024   2.1576124942852031E-017   3.0247285670231807E-024   9.6168719136014529E-018   7.3818126982285816E-024  -9.2824369301491715E-024  -4.7168357000317577E-019  -3.9270778179048793E-024  -4.7115819564142072E-019  -3.8912850377207482E-024  -3.4607503006796984E-024  -5.9725833933133329E-017   2.0235695125326800E-024  -1.0776660734709850E-023   1.8848095226757549E-018  -1.0946390670896261E-025   3.3406943499701589E-017   7.9786879066417301E-025   1.4904390919984919E-017   8.9854641358855427E-025   2.4603606719299360E-023  -3.8690640936861783E-016   1.1856378328425468E-025  -4.5406784060009775E-023   8.4582729120672803E-018   5.5550178693309416E-025   4.2283461795179244E-017   9.9284321112795242E-009   8.0208125250165794E-017  -3.5359322160727299E-016   1.6204527672200398E-016
   2.1289231910073985E-012   6.5746096290343531E-018   1.7613134853843184E-009   2.1266015205533375E-012   5.1459596298629695E-017   2.5367462337440155E-023   2.1746074468647324E-015   1.5449417594118400E-017   1.5317052322772667E-022  -6.6908985555416129E-017   1.8188452371483823E-011   5.6175634846739788E-017   1.5049214419441964E-008   1.7841754237518008E-010   4.7518383397100323E-018  -1.0946810142841801E-023   1.4676434265676542E-016   8.2529548351213506E-019   1.2950725646050071E-023  -7.2005763015518719E-018  -2.6876786657628416E-023  -3.6756565083604071E-017  -2.9845310653923052E-023  -8.1994157108554886E-017  -9.6837047103167282E-017  -5.7865007337441556E-023  -1.3880120427843633E-015   2.2111577118835081E-017  -1.4327739991489424E-022   7.4725327980850891E-017   2.8175185439517002E-011   8.7020514611777945E-017   2.3312435200114198E-008   4.1309477389919341E-010  -1.0581574012247597E-018   1.5760204336268641E-023  -3.2541050038719620E-017  -3.1141396492563931E-019   3.0752836516266413E-024   2.1703117248274974E-018   1.8541042168685571E-023   1.0942037812215996E-017   2.0307915008396850E-024   2.4385413416883968E-017   3.0977566436259656E-019   1.8111580803738642E-023  -2.3270120691458248E-019   1.7947592832072190E-023  -1.1030278550909972E-018   2.6617453765613994E-018  -3.5466858011035442E-023  -4.7684011364572960E-017  -3.0860578760413538E-018  -4.3738313868485171E-024  -4.8510631729978404E-019  -8.6581101280036714E-023   1.1943750623917642E-017  -3.1880082192935999E-023   2.6643638692858162E-017  -4.2005154402331443E-017  -2.7336567802286432E-023  -1.1623218804536780E-015  -1.0129207493453607E-018  -8.0664347362888549E-023   4.3017975172595970E-017   2.1081456516171170E-010   2.2018951972989672E-011   6.8006571103082492E-017   1.8218715120520230E-008  -9.9293374785468797E-019   1.1979025507662725E-023  -2.8710132592796836E-017  -2.2274239274384545E-019  -1.3020931206526894E-024   1.9669849407108872E-018   1.0722553905422277E-023   9.6538587112916943E-018   7.4997121814384780E-024   2.1514572607310579E-017   2.5119720492058739E-019   6.1376880472757954E-024  -2.1830310253024076E-019   6.2645050087278865E-024  -9.9545451140188322E-019  -1.1174542609576551E-018  -5.0903910463610751E-024  -5.9701998156740089E-017  -8.8217989847677018E-019  -5.6929360603755896E-024   2.3813935741314687E-018  -1.0630098996360017E-023   1.4953311981602835E-017  -5.4680227967353148E-024   3.3356811162407377E-017  -1.0681929006170605E-017   3.2792770081239930E-024  -3.8650180051100372E-016  -1.9785161366985210E-018  -2.4230493749295458E-023   1.2660459075371086E-017   1.1993355155230989E-011   3.7042033243201893E-017   9.9234249871089646E-009   2.5282724334137696E-010   2.0834688892434249E-012
  -4.8033577226043046E-010   2.1302656126215098E-016   1.0500766337834899E-011   2.8094679000759630E-011  -4.0791737000151960E-016   2.5621587685942431E-022   1.5449417594118400E-017   2.0410454556077824E-016  -6.9896614438760219E-024   2.0381207761285082E-016  -4.1041622816269863E-009   1.8201643514940789E-015   8.9722339290229321E-011   2.3570865472370277E-009  -3.2025488885561573E-017   1.3660569575673375E-023   1.8797194017412512E-018   2.1508655343536067E-017   3.4666192021063054E-025   2.1457269455704316E-017  -2.8145498784927402E-024  -4.7020885300166678E-019  -8.8770626537956967E-024  -1.0505880150405442E-018  -5.8382247646968656E-016  -2.6002372577580699E-022   2.2111624458558634E-017   2.9211920434055049E-016   5.9529517305507282E-024   2.9170066609412401E-016  -6.3576775746548986E-009   2.8195797657286732E-015   1.3898712217208315E-010   5.4574237273217970E-009   1.0886968783379854E-017  -1.3865945813305389E-024  -9.0052313067321879E-019  -9.5791079183076532E-018   1.4834419950305246E-025  -9.5446911816826471E-018   3.3412158394358608E-024   3.0230016503018408E-019   1.6278986149304958E-024   6.7520349915550129E-019   4.0925550236463781E-018  -1.1607337292671839E-024   2.3906181229929877E-018   5.9879330413502724E-025   4.0728463113527384E-018   6.5807047116684109E-017   5.1638785524829374E-024  -3.8625939502352348E-018  -4.4198371998023554E-017  -6.7974874955840841E-025  -4.4092802139431913E-017  -3.2140693261503343E-024   9.6622859954311866E-019  -7.5862834752619105E-025   2.1588342381016944E-018   2.6741478458950875E-017  -1.6235576189232498E-022  -1.0128043697612985E-018  -1.3381055206794515E-017   3.4412747105338343E-024  -1.3361235852361463E-017   2.7850859459936097E-009  -4.9685380073915375E-009   2.2035072831959022E-015   1.0861871979839806E-010   8.8250986859827415E-018  -9.1967208271636619E-025  -7.3000896983865036E-019  -7.7652779635884114E-018   2.0436423627292588E-025  -7.7375969192724025E-018   1.8594618703946921E-024   2.4505706048444654E-019   3.0047863349116348E-025   5.4735306033747069E-019   3.3178389490105059E-018   3.1072762978454177E-025   1.9379661198367268E-018  -2.4258860365163075E-025   3.3016274483427616E-018   2.3770974154698531E-017  -5.4813296454929395E-024  -1.3952593458493168E-018  -1.5965597929582518E-017  -2.1270761951518937E-026  -1.5927472713438092E-017   1.2442479303008100E-024   3.4902931376679493E-019   4.3250772823665783E-025   7.7983285515246234E-019   5.2239929271437761E-017  -4.7225646077590791E-023  -1.9785395538448473E-018  -2.6138820841935576E-017   6.4518905691472845E-025  -2.6101491539123898E-017  -2.7062782709694774E-009   1.2002130269037579E-015   5.9162771981137959E-011   3.3401182684290746E-009   2.7530033484065630E-011
   1.8957737874408961E-017  -3.8524017003594712E-011   1.2393514577990453E-016   2.8850606084644450E-018   1.1252375277022992E-023  -4.7582340725748192E-017   1.5317052322772667E-022  -6.9896614438760219E-024   1.0402114444746869E-018  -6.6941549103853776E-024   1.6198170867122283E-016  -3.2916127397846123E-010   1.0589407042621546E-015   2.3558651136525700E-016   3.2574337121288640E-024  -3.2122395990261009E-018   1.0148537724395127E-023  -2.0567220940485769E-024   1.0137151179409373E-019  -2.0767063185028317E-024   1.7967885296361312E-018  -2.5196000567146878E-024   8.0162800641090679E-019  -5.6616125371986981E-024   3.1152144952365168E-024   3.0423916450959407E-017  -9.8548786221587281E-023  -6.5698300575744646E-024  -6.6510621818146965E-019  -6.6729555385385341E-024   2.5092278845693278E-016  -5.0989710524716611E-010   1.6403837307748978E-015   5.4696439215606692E-016   9.5035954914743325E-026   7.1211088340240001E-019  -2.2959868913933674E-024   8.7283847300726286E-025  -3.1338018067269391E-020   8.9616119076883767E-025  -5.3452989095112080E-019   7.6772725171933610E-025  -2.3824969688347242E-019   1.6978681490923612E-024   1.0113829738906451E-024   1.1685631839988692E-020   5.6259500440627179E-025   1.1672585102307905E-020   1.0340289440052661E-024   6.0515615611130028E-024   1.0383318972445919E-018  -3.4911358827727130E-024  -3.3509541999358200E-024  -3.2766488444778011E-020  -3.2588646069119204E-024  -5.8069778367483458E-019   1.0268919876238627E-024  -2.5907533651563525E-019   2.2827202189396490E-024  -8.5322196752684291E-024   2.5444640460569315E-017  -8.1493268392886979E-023   4.2087215633581412E-024  -5.5625289648540528E-019   4.8077592914618254E-024   2.7419874715617604E-016   1.9609667867820523E-016  -3.9848561599818795E-010   1.2819631941603280E-015  -2.7786376507137029E-025   6.2838334248658760E-019  -2.1496358561364543E-024   4.8845748874572437E-025  -2.7653425166250950E-020   4.2585667644571213E-025  -4.7168196751898232E-019   6.0914933836926875E-025  -2.1023724499163327E-019   1.3434980668952162E-024   1.1243727310257921E-025   1.0311612254046541E-020   7.1441481793241459E-027   1.0300126891642603E-020  -9.3175191018710197E-026  -9.1487826126917283E-026   1.3056838953220608E-018  -4.2646180686238592E-024   2.3230937422598937E-025  -4.1204371332628524E-020   2.2995551145426889E-025  -7.3031894654462527E-019   1.0396201296747317E-024  -3.2582924192619189E-019   2.3383738171274117E-024  -2.8556602610152398E-024   8.4582739903677952E-018  -2.7299015539076934E-023   1.6340686149811484E-024  -1.8490877391518875E-019   1.6642496323285101E-024   1.0681054777484378E-016  -2.1704835344807212E-010   6.9826359872214539E-016   3.3423494622761554E-016  -2.6681732347360888E-016
  -4.8110547729972631E-010  -1.3128605582970409E-017  -5.6207937890842006E-011   2.8054424526830767E-011  -4.1045199675726934E-016  -2.3779426505206771E-023  -6.6908985555416129E-017   2.0381207761285082E-016  -6.6941549103853776E-024   2.0663917017150358E-016  -4.1107388498566652E-009  -1.1217627288268336E-016  -4.8025773560613458E-010   2.3537093177567991E-009  -3.2251442301286868E-017  -4.7672950678930982E-024  -3.6774518760531248E-018   2.1508244304063670E-017   4.5179765664358261E-025   2.1760828482323946E-017   8.7502649644549534E-024   9.2156412043551171E-019  -3.0520361829324047E-024   2.0540862976932306E-018  -5.8099151759500727E-016  -7.9556455877260756E-023   7.4725348755248780E-017   2.9170060823091703E-016   7.4837832145478725E-024   2.8928830496962898E-016  -6.3678652007385048E-009  -1.7377020683324850E-016  -7.4395754124431568E-010   5.4496043312187571E-009   1.0942672708799781E-017   2.1958632541457256E-024   3.3093632176803177E-019  -9.5810522482005370E-018  -1.5195968155168536E-025  -9.6406012537915266E-018  -4.9512168844181660E-025  -1.1178295133219411E-019   1.5430755065017847E-025  -2.4761952941563318E-019   4.0866907381321904E-018  -1.7799015025869339E-024   2.4028629705508877E-018  -1.1714325313765072E-026   4.1204749317367609E-018   6.5800625788722561E-017   1.2611927151608156E-023  -2.0617241361168755E-018  -4.4144874459352075E-017  -7.0743425797019800E-025  -4.4137684882742050E-017  -3.3485684366568463E-024   5.1515022496099421E-019  -1.0732870910188403E-024   1.1525916285076176E-018   2.8371117538303420E-017  -1.2143028069100867E-023   4.3017935818413505E-017  -1.3361877321984478E-017   3.2357170237414172E-024  -1.5010050195309998E-017   2.7810955044664188E-009  -4.9764996574878058E-009  -1.3580175149856229E-016  -5.8140431519409325E-010   8.8753738987680517E-018   2.3150526487589746E-024   3.5656860160574023E-019  -7.7679794125311512E-018   9.1604639717613380E-026  -7.8232120111511456E-018  -1.3137730493319016E-024  -1.2030813671632009E-019  -1.2177074205913148E-024  -2.6689742873764685E-019   3.3130824231128127E-018   1.3920914684239844E-025   1.9490161744695797E-018  -4.1977257727499941E-025   3.3440745231472739E-018   2.3847408197509571E-017   2.3705766924087480E-024   8.6442742414077846E-019  -1.5955082408408167E-017  -4.7586630820104755E-026  -1.6040536320767676E-017  -2.6396754727495079E-024  -2.1694568868121681E-019  -1.2729847385290875E-024  -4.8270314016424791E-019   5.2719533123772311E-017   2.2490708930693263E-024   1.2660454284869876E-017  -2.6101366227972617E-017   4.7825998159949451E-025  -2.6618551083180466E-017  -2.7106148467887202E-009  -7.3968910716762503E-017  -3.1668106672378719E-010   3.3353325504658448E-009   2.7492189660369267E-011
   1.2190338705808497E-002  -4.9231155972197452E-015   1.7796949644186651E-009  -2.5528624342838451E-007   8.2149009256074828E-009   6.4123804719048014E-017   1.8188452371483823E-011  -4.1041622816269863E-009   1.6198170867122283E-016  -4.1107388498566652E-009  0.10415869537971137       -5.6324985319658360E-015   1.6248188124463282E-009  -1.5522696966000358E-009   1.0536789876410867E-009   1.6705406179137636E-016  -3.9597334813570070E-011  -7.0705769556027094E-010   8.1661392737989549E-018  -7.0658262159646990E-010  -1.0189498990797147E-016   9.8985829106505422E-012   9.2295926807120858E-017   2.2136238215092027E-011   1.4096504605629452E-008   2.1204536663089779E-015  -7.4445495616440084E-010  -7.0572925403368948E-009  -3.6013717602947440E-017  -7.0392130456865446E-009  0.16135022206617972       -1.7128338042848335E-015   6.9776028657181626E-010   4.9884732249696307E-008  -2.5908882081475956E-010  -6.2454739701162954E-017   1.6494294552578395E-011   2.2778138528092662E-010  -1.3264434752827355E-018   2.2734028441077972E-010   2.3519508562474614E-017  -5.5342641820713670E-012  -1.4433755235173589E-017  -1.2369291877063393E-011  -9.7283874863022012E-011  -3.6996108885958026E-018  -5.6890139056057196E-011   3.5131713409898989E-018  -9.7033122326099070E-011  -1.6916781096602007E-010  -6.6300199038747733E-019   2.7392170669928667E-012   1.1344109599534881E-010  -3.0778217332346574E-018   1.1356279025156336E-010   1.5457687380339914E-017  -6.8302662444702162E-013   1.0152324778134030E-019  -1.5324901296514653E-012  -1.0231634326466913E-009   4.4954150155999268E-016  -1.3735173485508255E-010   5.0861521889759784E-010  -1.2970524332427375E-017   5.1454848832324869E-010   1.7685446199451224E-008  0.12609552988982584       -1.4130554918692222E-015   4.1479558162087950E-010  -2.1235987743673932E-010  -3.5649018550025272E-017   1.3209360827157286E-011   1.8668598080199905E-010   1.4136629407845920E-018   1.8634837033053944E-010   3.5942336208824712E-017  -4.4318181948358975E-012   3.5190636940016413E-017  -9.9060751965157721E-012  -7.9730291013432753E-011  -8.2282746514464941E-019  -4.6629149271598600E-011  -5.6484338101416322E-018  -7.9538492046659927E-011  -4.3416496622325777E-010  -4.1669402008064457E-017   1.6440849414588360E-011   2.9135967321684015E-010   5.5137264428195856E-018   2.9115720359877214E-010   5.9503550706591730E-017  -4.1099577467775813E-012   1.7939941734028202E-017  -9.1908884528990032E-012  -1.2204579105111144E-009   2.2726634954519128E-017  -1.2316450911605288E-011   6.0955857638352924E-010  -2.7050351766439900E-018   6.1089953027149443E-010   6.8682096262070266E-002  -6.2853426999836430E-016   2.0962297633991111E-010   7.4842533960718259E-009   4.1266895435179850E-009
  -5.4632073966182160E-015   1.2190420114263259E-002   1.6043819680727706E-016  -1.6302991291316397E-014  -9.3861149726334903E-016   1.5056807897597342E-008   5.6175634846739788E-017   1.8201643514940789E-015  -3.2916127397846123E-010  -1.1217627288268336E-016  -5.6324985319658360E-015  0.10415876970382221        9.5421445532838422E-016  -4.6105184728900315E-015  -1.2403846608450161E-016   1.0164711072612690E-009   2.0354950763904859E-017   1.3157748508545735E-016  -3.2077685882553384E-011  -4.0112378170397069E-017  -5.6857017352914930E-010  -1.2093144556214394E-017  -2.5366467293952512E-010  -1.3944115190301206E-017   2.9126535131747240E-015  -9.6272494902037356E-009  -5.3312073933639565E-017  -4.6018786819168525E-016   2.1046414291018259E-010   7.5218692097220329E-016  -2.8653413797017596E-015  0.16135025398388894        1.1350795095950970E-015   3.9960961096164814E-015  -1.5958491459204181E-016  -2.2533815297068509E-010   8.3257693873818176E-018  -1.8998943606519536E-016   9.9165049624853026E-012  -1.4225933469145056E-016   1.6914497607390365E-010  -1.4320327094832796E-018   7.5390993022232064E-011   9.3546733500859635E-019  -3.5290942442749258E-016  -3.6977649917293965E-012  -2.0646835743937868E-016  -3.6936365225734903E-012  -3.9145301975060298E-016  -1.7570151200947552E-016  -3.2856651590327479E-010  -5.9131050734981639E-017  -1.3674198415317297E-016   1.0368525685398350E-011  -1.0508211866039776E-016   1.8375420044264927E-010  -3.3459964645529247E-017   8.1980993649922071E-011  -7.2013477994705324E-017   8.3144738556685672E-016  -8.0516228835065336E-009  -1.4357746022009650E-016  -8.8906699284116678E-016   1.7601893637500847E-010  -9.5620815777001395E-017   3.4920004228234482E-016  -2.1068203116990050E-015  0.12609554886385854        6.0201613380943946E-016  -2.4201513109072352E-017  -1.9884367035218026E-010   4.6278808895064700E-017  -8.0405870155754830E-017   8.7505638454697447E-012  -1.1965860979082283E-017   1.4925757466707346E-010   2.0412666672579761E-017   6.6526819876596067E-011   4.9925424640690889E-017  -6.3761030938645499E-017  -3.2629745079552940E-012  -2.6881685538294332E-017  -3.2593401156247283E-012  -2.6398562808696592E-017  -1.7243952998320248E-017  -4.1316655059421007E-010   1.6985688945041513E-017  -7.8955184693960903E-017   1.3038583100956385E-011  -5.3364549352297978E-018   2.3109985583659308E-010   4.7711174888438874E-018   1.0310439184511117E-010   4.5469495398851345E-018   1.7885493671720461E-016  -2.6765099126216097E-009   2.2374587970700844E-017  -3.1802733180262793E-016   5.8511957270882676E-011  -8.9539887820147415E-019  -1.1256344309790394E-015   6.8682105850856795E-002   3.9336210734788643E-016  -6.2988875712210692E-016   7.6494184287404304E-015
   1.7796946654724732E-009   3.3303089424947620E-017   1.2190420075356027E-002   5.5808876227394219E-009   3.9053598846964783E-010   1.2163842410068896E-016   1.5049214419441964E-008   8.9722339290229321E-011   1.0589407042621546E-015  -4.8025773560613458E-010   1.6248188124463282E-009   9.5421445532838422E-016  0.10415876966829082        3.3934048066616076E-011   2.6653918230969335E-011  -8.1097331822813438E-017   1.0161258505510324E-009   9.8985764050489343E-012   8.9140926693827885E-017  -4.5658698087146080E-011  -1.8548540337373053E-016  -2.5448470139926925E-010  -2.0539994107803235E-016  -5.6768826285698571E-010  -6.7270266285361845E-010  -3.6297097130712934E-016  -9.6063743239832303E-009   1.5428186347869367E-010  -9.9329177328310408E-016   5.1842120343265657E-010   6.9775861326601262E-010   1.2168060015380582E-015  0.16135025396854735       -1.0905452165412629E-009  -7.3691769251819330E-012   1.0999865165775523E-016  -2.2521371546331900E-010  -2.1152580060053939E-012   2.1299332788228851E-017   1.5060645256393454E-011   1.2703652847343261E-016   7.5728873052963918E-011   1.3933161652854181E-017   1.6876927716865258E-010   2.1267217705708649E-012   1.2607984248120664E-016  -1.6205972622225258E-012   1.2386445208167255E-016  -7.6511543749325241E-012  -1.2362459958348199E-011  -2.5005881240189251E-016  -3.2821542641211277E-010  -6.8313664291470413E-013  -2.9806063232888683E-017   1.7268729330013346E-011  -5.9717303950132537E-016   8.2211026945501358E-011  -2.1990823562108925E-016   1.8339145901150057E-010  -2.8250594178792727E-010  -1.5769684263169124E-016  -8.0447720521210726E-009  -1.1119444236899089E-011  -5.5911221260026326E-016   2.9362511364204489E-010  -3.8662627919151999E-010   4.1479456083607262E-010   1.6105967035889257E-018  0.12609554885477597       -6.8584188254949807E-012   8.3129487012154957E-017  -1.9870471963222711E-010  -1.5535458579780118E-012  -9.1066778847554115E-018   1.3601731020923724E-011   7.3295869640354733E-017   6.6814991766771980E-011   5.1364593502293931E-017   1.4890377574451524E-010   1.7434108793008311E-012   4.2336831365453169E-017  -1.5079711108926527E-012   4.3610479361887451E-017  -6.8845187751534702E-012  -1.0705257963651540E-011  -3.3704973394332289E-017  -4.1302473297774083E-010  -4.1099875509281299E-012  -3.9458453482001313E-017   1.8472530802967694E-011  -7.4305705856281842E-017   1.0344864792122069E-010  -3.7921995603471203E-017   2.3076591287210124E-010  -7.4664839336345918E-011   3.2443227914927026E-017  -2.6749615171411259E-009  -1.3325574734224989E-011  -1.6774166477956045E-016   8.7990707055094131E-011   2.0962226773390870E-010   5.2943335602312940E-017   6.8682105846277111E-002  -1.6361539627591571E-010  -9.0213043962629224E-011
  -1.0455860562228771E-008  -1.1201047830073868E-015   2.2857856642180244E-010   1.5641087787998777E-003  -4.7108379692470217E-009  -2.4935653939948526E-016   1.7841754237518008E-010   2.3570865472370277E-009   2.3558651136525700E-016   2.3537093177567991E-009  -1.5522696966000358E-009  -4.6105184728900315E-015   3.3934048066616076E-011  0.13131105315833597        5.2748958075604152E-010   1.4257997381450572E-016  -3.0961235218882896E-011  -3.5427531218101754E-010   6.4220479119500573E-017  -3.5342915282369060E-010   1.8146922625448757E-016   7.7448675852612774E-012  -3.4743263517308882E-017   1.7304353618541948E-011  -1.5487349336516731E-009  -4.4025099969909120E-016   5.8654996272033803E-011   7.7484597908066552E-010   9.5543991334433377E-017   7.7374163472054572E-010   4.7800812215468584E-008  -2.9472439717754370E-015  -1.0449873232355203E-009  0.30401920515030989        3.8129015376803227E-011  -5.6337093013316596E-019  -3.1530474798506856E-012  -3.3537373816887601E-011  -5.3862969968753122E-018  -3.3412546848294534E-011   6.6743035758519820E-017   1.0584947148724868E-012  -1.4974786985629839E-017   2.3641689248173254E-012   1.4341897459966603E-011  -7.4986497715523666E-017   8.3769604440046799E-012   3.8894753599372960E-017   1.4263594223435033E-011   3.2954591479774419E-009   6.1834336830235308E-016  -1.9342754379522270E-010  -2.2133081545202975E-009  -5.3487499411979761E-017  -2.2080210440873137E-009  -2.9388747913081209E-016   4.8385564249754111E-011  -1.1184919388203375E-016   1.0810727818976487E-010  -7.4201117085488573E-010  -2.1128362229090916E-016   2.8103252483359564E-011   3.7123069714549704E-010   1.7882285836142900E-017   3.7073538068320910E-010  0.15517891520949262        4.1447602380203822E-008  -1.8316945658453654E-015  -9.0609944406472995E-010   2.5819355603618021E-011   5.9639181089834273E-017  -2.1371401895838506E-012  -2.2730444963739588E-011   6.4351547815769014E-018  -2.2656703870212612E-011   3.3438063999576440E-017   7.1740920548843294E-013   2.6683658475401048E-017   1.6023567258997881E-012   9.7353540149779484E-012   1.6720548403827466E-017   5.6797437366895015E-012  -2.4719654722869680E-017   9.6672772632937545E-012   3.7190474286470906E-010   6.7511933936435233E-018  -2.1829006327370891E-011  -2.4978038025834446E-010   1.3659493397674851E-019  -2.4918431611165475E-010  -2.1766190277444404E-017   5.4605242751813281E-012  -3.4734611264875761E-017   1.2200408047993061E-011   2.3510961166041768E-010   2.3208309369714297E-017  -8.9050273030189283E-012  -1.1764611811262601E-010  -1.8365340125329874E-017  -1.1748472236760130E-010   2.8345827559102284E-008  -7.3246635989411526E-016  -6.1967682782409283E-010  0.18607251950643200        3.1113261480869184E-003
