   8.7607330215524193E-003   1.4209755055949230E-010   4.7119080238725405E-010   1.1790342377948211E-009   1.5116701200263227E-009   8.3523612206902582E-010  -6.8463711873540295E-009  -5.1491275689624394E-010  -6.0467854441268652E-010  -9.9675718853772239E-010   2.9184184711069830E-002   3.2517321823200091E-010   4.5652462707113583E-010   7.8406110468631961E-010   6.3179986749358595E-010   4.4090021832001950E-011  -3.5584363217882268E-011  -3.7933242421140056E-010   1.1749484170551712E-011  -4.6828900573274901E-010  -5.7371713396713022E-011   9.1140828421640630E-011   3.2881959930330087E-011  -4.1409319648886714E-011   3.1960198715428258E-009   5.4612259064591508E-010  -1.2488499642105915E-008  -1.5735510229185962E-009  -2.8364429741098547E-010  -1.6224687942658255E-009   3.4535251813284581E-002   4.1227124630529714E-010   9.3291436864517749E-010  -2.2050427708624526E-009  -1.0444576858897571E-012   1.1700526195438201E-012  -7.7688146933300729E-013   1.1419896176462504E-011  -4.7486417613314359E-011  -9.5851571209041387E-012  -3.8013485546708415E-012  -1.0267777770485034E-012   3.5302480357078032E-012   1.5422779929950103E-012  -5.2953774401067821E-013  -2.8127024679478864E-012  -1.0489650440487608E-011   3.8206831095979992E-011   1.1428084362578993E-011   2.8860158957958601E-012  -7.4407798944865505E-012  -1.5823601104713420E-012  -1.0848851869242224E-011  -8.5110520113050765E-013   6.9563307580736480E-012  -1.1085550785792689E-012  -1.2028591954781323E-012   8.9284130630848180E-012   2.0759493293530932E-012   2.0387143127967492E-009   7.7853401963021751E-010  -8.5472112388126708E-009  -1.0135705503052721E-009   1.1598794087112296E-010  -1.0251437595795398E-009  -1.9666020882268443E-009   1.8811677242877876E-002   2.0845526246966497E-010   4.8797626375637966E-010   8.8870314397950711E-013   2.5686722056239580E-012   2.3040357983587262E-012  -7.5372228377816038E-012   3.3493142226018705E-011   5.9761183325237837E-012  -9.2010133448058402E-013  -1.9924899947439536E-012  -2.2118062336675312E-012  -8.1887715986252343E-013   3.4790532394542878E-012  -9.8684053249623068E-012   1.4258865811542913E-012  -1.5096061162486531E-011  -4.2137749205199912E-012   3.4146220090544613E-011  -1.2398717050452246E-012  -3.7463825011745708E-013  -4.5818134512979791E-011  -7.3064167529841199E-012   3.0003117200481715E-015  -1.0981079772282320E-012   4.5278049259673665E-012   2.7132094850011375E-012  -3.0956236822115926E-012   9.0546397603549128E-010   3.6142005979332353E-010  -3.8423204648704204E-009  -4.4724113764824503E-010  -1.9460153507821485E-011  -4.5822280770596052E-010  -3.2429654702657677E-004   1.5270124832208904E-011   3.0842343763280447E-011   1.4742690310508493E-002   1.8118094934998189E-010   3.9474252504826056E-010  -1.7906595552331097E-009  -2.1716204367207019E-010   4.4151625467110138E-011   1.2272479072605582E-010   7.2169661886875949E-011  -5.6868342251220840E-010  -5.9907876720997407E-011   2.4431108469081695E-012  -6.2816916444829609E-011
   1.4209755055949230E-010   8.7607379598210137E-003  -3.3466165032369203E-010   1.9380332548313483E-008  -4.1413362222444417E-010   1.1523386736446257E-009   1.9667148151589731E-009   9.0423877246998341E-010  -6.9840439628644525E-009  -4.9010522188738181E-010   1.6091613191331441E-011   2.9184189341622046E-002  -5.4651203529329764E-010  -1.7803215902969175E-009  -1.6211430250762294E-011  -8.5710000605999203E-010  -7.2802591874273478E-011   3.0427318204908730E-011   1.2421154380024900E-010  -8.6773202444980164E-012   9.1930985162758421E-010   1.3680071645353417E-010  -3.7629998078145794E-010  -4.7701746721454471E-011  -3.8651252364681831E-010   3.0130450775620403E-009  -7.0703092545188523E-010   7.9476245493084143E-010  -1.2323476953341283E-008  -4.0825030685827389E-010   2.0260777289515099E-010   3.4535263200241979E-002  -6.0144073844652300E-010   7.8857972168690385E-009   6.7660882418939152E-012  -1.8837281062042114E-011   6.3971144085832010E-011  -3.2519352097800662E-012  -7.5082514734569476E-012  -8.6336959918652405E-012   4.0146888633312559E-011  -1.0995105858715429E-010  -2.8589822666825368E-011   1.7981655844071302E-011  -3.2627533552335773E-012   1.1738232588803552E-011   8.9833017193274115E-012  -6.1418936235515505E-012  -1.9913758020731495E-013  -3.1125970209180133E-012   4.6304329621530551E-011   1.6839932579065784E-011  -1.0534179437967198E-011  -9.8985670607634771E-012   1.4710138966592239E-011  -1.1129033991120137E-010  -3.9713513127556488E-011   1.0299938113556912E-010   1.7049053358793915E-011  -4.0644869225749669E-010   1.7195075857915681E-009   3.1477466716923498E-010   8.6000314104034811E-010  -8.5752998011656748E-009  -4.5355586721345593E-010   1.2973234203286452E-009   7.3783235576298739E-011   1.8811682848693351E-002  -3.5786782852802882E-010  -2.5145203404906568E-012   5.4537388272144928E-012  -1.8218067213423101E-011   3.0199961450177169E-012   2.6631100171714908E-012   1.3970634477729072E-012  -1.1292486962195931E-011   4.0629926312081650E-011   7.8335303310827973E-012  -1.2065590959783203E-011  -2.8482289296136585E-014  -4.1783998476343135E-012  -2.9698646238407894E-012   2.1934426518350706E-012   8.9537146021190673E-013   9.7541180533544562E-013  -2.7406330090935332E-011  -1.0677050968679649E-012  -2.3375564081720197E-012   7.4864027871443621E-012   1.0289736474773799E-012   9.0305968977636127E-012  -4.6758810471088558E-012   1.5288690293108839E-011   4.2810116602758445E-012  -2.1172821089392705E-010   8.0659198700012578E-010  -2.2334478204250689E-011   4.3195559355736857E-010  -3.8268350869737347E-009  -2.2022737632514907E-010   2.8674700589288879E-011  -3.2429564722267357E-004   3.6059236830805435E-011   9.1925096001689748E-011   1.4742695399839667E-002  -2.4275741291795275E-010   5.7616418121499561E-009  -4.6005142084340875E-010   2.2196796039795165E-011  -3.9766518239439534E-011   1.0729765969862127E-010   1.6381390950579326E-011   8.3628100060360818E-011  -5.6788991655343849E-010  -4.3861597749898636E-011
   4.7119080238725405E-010  -3.3466165032369203E-010   8.7607408548262770E-003  -4.0259164760130903E-008   3.8472456259913683E-009  -1.0707802459949097E-009   1.4719370366254053E-009   4.1726406472595696E-009   6.8590787870361590E-010  -8.0198869309791021E-009   5.9213189420535423E-010  -5.0360581504250245E-010   2.9184193746559717E-002  -7.5553849910394212E-011  -4.1386061290163048E-011  -8.6998383855333873E-011  -2.2082473263352766E-010   8.8159066855885343E-011   7.1110966127698155E-011  -3.2633610653709643E-011  -5.7327009229174146E-011   3.6131560806987810E-010   1.6391064576261460E-010  -1.0471660485865577E-010   7.1627422434866764E-009  -8.6517116802001599E-010   2.6079628973396542E-009   7.2107942247202229E-009   7.0205206464466789E-010  -1.4373539792612366E-008   1.0918068133519834E-009  -5.9018330557286720E-010   3.4535268482436571E-002  -8.7262348174280836E-009   5.1769540751358810E-012   6.1996101585858499E-011   1.7218576307087247E-011  -3.8430793433010724E-012  -9.9883628880270527E-012  -5.2495099557296986E-012  -2.8790893316599828E-011  -1.0962553328743596E-011  -4.4549400064508372E-011  -9.0475897139882107E-012  -2.2790957120799375E-012   7.3615543595584920E-012   7.8483959564013832E-012   8.3361718091778505E-014  -1.4787103442558329E-012   2.6825882116169196E-012   1.9190340366576924E-011  -8.3082896189973534E-011  -3.7282703262780946E-012   7.9451857556470412E-012   1.2957483844963769E-013   2.1343986016394448E-012  -5.3477802437519856E-011  -2.2054468280408229E-011   1.0179039941939206E-010   4.9373589878156264E-009   5.5509814317438981E-011   1.8265524462042491E-009   4.9730138517491044E-009   6.8305065230129818E-010  -9.9103693662623197E-009   4.7502419003223313E-009   5.7668481392429686E-010  -3.4708114804149719E-010   1.8811685897995055E-002  -1.8276591447162734E-012  -1.8272082189690268E-011  -3.7822995118847960E-012   5.0855932320911441E-013   3.6127385720834789E-012   2.7023907291866860E-012  -5.9400057504005245E-012  -3.3398530089260655E-012   3.2483882697269182E-011   6.2716922504029412E-012   1.7918072119596251E-012  -5.6246742558862640E-013  -3.6553838390807130E-012  -2.1302672460470751E-012   5.4279747129167391E-013  -3.1400824365456758E-012  -1.6489066228730403E-012  -1.3952295341599940E-011   4.3282459063791005E-012   1.5283525221534941E-012  -1.1540475109976662E-013   2.9779961423170748E-012  -1.7286324384837059E-011  -2.3466408900437523E-012   2.3284723782089170E-011   2.2117333063509240E-009  -1.1249485593903936E-010   7.7893102130455586E-010   2.2266810815718957E-009   3.6417547348473647E-010  -4.4384142805702002E-009   3.0602708807814365E-011   3.2664789803993020E-011  -3.2429590337995434E-004   4.6178966591094958E-010  -2.3780290316781946E-010   1.4742697510939777E-002  -5.1832921040886889E-009   1.7455336581877129E-009  -2.1634627235649722E-010   3.2735693632703892E-010  -1.7533305494039971E-011   1.0869288186323735E-010   3.3190897698105350E-010   6.7513124405244792E-011  -6.5926594653925053E-010
   1.1790342377948211E-009   1.9380332548313483E-008  -4.0259164760130903E-008   8.2757715597449089E-005  -6.9129893278837396E-011  -4.3025540657770218E-012   1.5608307781192582E-011   7.2458158678059948E-012  -7.0774614242256221E-012   6.1883436006879884E-011   3.9115521271972288E-009   6.4333392001029466E-008  -1.3356320007900242E-007   3.2431334085846844E-003  -2.5804796989909642E-012  -1.5414145392632109E-011  -8.9575346832352761E-012   2.2169896996188644E-011  -1.2059282987311141E-010  -1.8707829866889314E-011   2.5766282677872680E-013   6.3741420768488445E-012   1.5068449238662780E-011   1.9255592303845702E-012   5.5931160712747599E-011   1.7358332757697491E-012  -7.5997865928346266E-012  -3.4848648564726824E-011  -2.2872438181282028E-012  -2.1070920449151685E-011   5.0131120035004134E-009   7.5162117583692213E-008  -1.5775317909109949E-007   8.2727755334985435E-003   2.5170640927994597E-011  -1.0944816650041283E-012  -7.9673600590016431E-013  -1.7641684416460160E-011   1.3154401556690861E-012  -2.6630637380026902E-011  -1.0732219707941932E-012   1.6449433206604564E-012   2.9082746980913304E-012  -4.2933774195637585E-013   9.0959122890898725E-012  -8.9448130360004511E-013   1.6074015956754296E-012  -8.5993102414815671E-014   1.4211440553139271E-011  -3.7987061551413208E-013   8.2734065937525840E-012   3.3822899362594182E-012  -5.7215862674873303E-012   4.2328224788654158E-011   6.2312024415742778E-012   3.0131594911275135E-012   1.8216417671103611E-012  -1.2316003764198587E-011  -3.8787990784814411E-012  -1.4957447596029817E-011   1.0659415720368570E-012  -2.6688773095558488E-012   2.7914366894340073E-011   6.6712685770631436E-012  -1.3273087921538069E-011   3.6518167108964572E-003   2.8147675826828927E-009   4.0901648309318868E-008  -8.6199583511070524E-008  -3.9892806340630590E-012   3.9433202343190535E-014   8.4521646013849251E-014   3.8049282864046427E-012   1.9011911897999150E-013   3.1997571536493170E-012   1.2198307721770296E-013  -3.7258430165189349E-013  -2.1655870455757695E-013   1.9318305805160264E-013  -1.9035261491512766E-012   5.7688135348655585E-015  -4.6298242376186006E-013  -1.4747342340761629E-013  -1.5611227809850188E-012   7.7717537217336727E-015   7.4757815217561161E-013   6.1271867806755506E-013  -1.9987552048638041E-012   8.4030008911712349E-012   1.9883195371068831E-012   3.9957273379429044E-014  -7.1544075148169258E-013  -8.0118747708771299E-013   7.6561139144680669E-014   1.6368050752509060E-011  -1.4768944646333672E-012  -1.5143344989690634E-012  -1.5757229980351969E-011  -3.1540148272122596E-012  -6.1934041931953557E-013  -6.3154943443930609E-010  -1.1205407728860723E-009   4.8062722634278984E-009   1.9715376120648925E-009   3.1708595082855230E-008  -6.5865186694376978E-008   6.5475770963510805E-003  -1.4750371400528374E-003   1.3095114965907224E-004   3.9032285661434459E-012  -5.7903320964122808E-014  -7.0291325279178691E-013  -4.3978534445001651E-013   2.6749801118511290E-013  -3.4634746122405171E-012
   1.5116701200263227E-009  -4.1413362222444417E-010   3.8472456259913683E-009  -6.9129893278837396E-011   2.0286931375370016E-015  -3.7690687173986893E-016  -6.4119265831540231E-016   1.6947755787106799E-015   5.3311974143063773E-016  -3.7234684780720855E-015   5.0354179460924196E-009  -1.3793790926353806E-009   1.2815084882427772E-008  -2.7526346926028130E-009   9.3793607159537206E-017   2.2978848266438000E-017  -9.2075140481663083E-017  -4.6959080975343120E-017   1.2957490781079198E-016  -7.8873480324901142E-017  -7.8749637690692507E-017   1.6253938828643911E-016   8.2675617050216430E-017  -5.2521332810032377E-017   3.6667410396575964E-015  -4.2959290981793895E-016  -9.6953372991042989E-016   2.8862617763278992E-015   8.4326202275448204E-016  -6.5530147213707637E-015   5.9592727572782438E-009  -1.6326519230537957E-009   1.5166636614675874E-008  -6.9972241794000620E-009  -1.9569696417787309E-017   2.9240927099574347E-017   5.0800167333802968E-018   1.5397422247839693E-017  -1.3336536685458653E-017   1.9031517206449800E-017  -1.4288865320662881E-017  -1.1933873064291858E-018  -2.0060267307023780E-017  -4.1905137456217927E-018  -8.6469633220987437E-018   2.9490317785626252E-018  -1.5611395115294195E-019   6.9914235566772815E-018  -1.0714461558308508E-017   2.1443167936626416E-018  -2.0612079664945399E-018  -4.0415500092222082E-017   1.8296930481224018E-018  -3.2070639664101312E-017  -4.7099341496053994E-018   3.4643625532490167E-018  -2.3394291798017903E-017  -2.5864961505865238E-018   4.7562789675297671E-017   2.5540671511057213E-015   7.6587665444769409E-017  -6.8588420498945515E-016   1.9461347127794247E-015   7.2094311351530586E-016  -4.4999135157452041E-015  -3.1330211898617832E-009   3.2420764795105751E-009  -8.8688379804286959E-010   8.2488659442451401E-009   2.8432188052295707E-018  -7.8679401331626930E-018  -4.7441094336614756E-019  -4.4336145063460346E-018   7.0741068193779509E-018  -5.5791343619982609E-019  -2.3321993886569991E-018  -3.4117420366394348E-018   1.3684897943357403E-017   3.0173841283810487E-018   2.9900254608779481E-018  -1.7559683069371427E-018  -8.1665088190618050E-019  -3.5167694988556362E-018   7.8541882518983804E-019   4.4538911925737841E-018  -2.6998583354977739E-019  -6.6597388894030811E-018  -4.1939578167243410E-018  -8.0349510838787311E-018  -1.7820902624797384E-018   6.4578043481949646E-019  -5.9397606228984552E-018  -5.9636758870340549E-019   9.3914916041201223E-018   1.1193354268894627E-015  -2.4025164258875358E-017  -3.1761933605115025E-016   8.9046593675701707E-016   3.3783056086737698E-016  -2.0097938158410862E-015  -2.3935798661507858E-010   1.2719554893765157E-010  -7.1821212565792767E-010   2.5443022046163410E-009  -6.9717851916079806E-010   6.4755839080452539E-009  -5.5517675300668475E-009  -5.4762696970964054E-011   3.0267451368253452E-014   1.5693384390388893E-016  -2.4646598492403883E-019  -4.9312070055945433E-017   1.2678556611755308E-016   5.3531757819377119E-017  -2.8371932828476314E-016
   8.3523612206902582E-010   1.1523386736446257E-009  -1.0707802459949097E-009  -4.3025540657770218E-012  -3.7690687173986893E-016   3.6233966823009343E-016  -5.7486673426442646E-016  -4.4051374673790958E-016  -1.0598325300919266E-015   8.1742073641850803E-016   2.7820526085826179E-009   3.8384108180010785E-009  -3.5671265171742361E-009  -1.7161564594893926E-010   6.3293592346298189E-017  -9.7084310158562513E-017   1.4495267416584726E-017  -4.4102916267550130E-017   1.5138211146623174E-017  -4.0811793558598896E-017   1.2244485169553071E-016  -1.7813731692626902E-017  -6.7194876868188849E-017   2.4735005454112669E-018  -6.2468842916982792E-016   5.5388112391379103E-016  -1.6015121583498746E-015  -9.2510202108491687E-016  -1.7332408530684445E-015   1.5497901603914226E-015   3.2927338733030130E-009   4.5427598414052800E-009  -4.2210139779757758E-009  -4.3627451441330823E-010  -1.1729371438693049E-018  -9.8856736594807039E-018   6.2769496940177772E-018   2.0630251472657728E-018  -4.3607117284005627E-018   4.1902383088106833E-022   8.4927110835244604E-018  -1.3304948492555991E-017   1.8688491627687740E-018   3.6399994001495536E-018  -6.8169686387470754E-019   4.2184888631805402E-019  -8.6258611531193160E-019   2.8284177340719066E-018   4.9259931531507636E-019  -4.4267030308801562E-019   2.6044935657521435E-018   1.2041956520158496E-017  -1.6695181813649738E-018  -4.5935271984150616E-018   2.2614243666277788E-018  -1.5175130060848998E-017   1.0952931997198566E-018   1.7754124788978215E-017  -9.7924153680149760E-018  -4.6155261208587248E-016   2.9390503684520229E-016  -9.9756493807095690E-016  -5.9250879915064052E-016  -1.2016397940552769E-015   1.0540786581920900E-015  -1.9529240033307476E-010   1.7896408299734754E-009   2.4706897620737638E-009  -2.3003435912157342E-009   1.8787616221693945E-019   3.1930280195392754E-018  -1.7177530329605731E-018  -5.8367637600004625E-019   3.0879603419915741E-018   2.5376576641068421E-019  -8.5214209514327857E-019   5.5790992246599980E-018  -3.1406211994089952E-018  -2.4406460487204599E-018   2.0846736800534068E-019  -1.4203440022246035E-018   2.1751914008700348E-019  -8.8130448841351455E-019  -2.6814934458065472E-019   3.7614326972921689E-018  -3.5666360914877445E-018   1.4962612051796845E-018  -5.0858099932317345E-018  -3.3828215199983243E-019   3.9053687035041128E-020   7.2889152509037970E-019   1.9742836682346005E-018   2.5884849240412996E-018  -2.5868955125620117E-018  -2.1325481384129789E-016   1.5372079525168079E-016  -4.6243333296550593E-016  -2.5764213162784445E-016  -5.4772197890912832E-016   4.7089740317566153E-016  -2.1187927114646747E-010  -2.1682062877000476E-010  -1.1660602522627638E-011   1.4059834182038680E-009   1.9395914431660521E-009  -1.8018005639013018E-009  -3.4613501536914070E-010  -1.8786501886312070E-012   1.2709397911865110E-014  -3.4732185045337525E-017   2.2178864224090069E-017  -6.2338789879226654E-017  -3.5847954177478552E-017  -7.9836758175320918E-017   7.0580146859203655E-017
  -6.8463711873540295E-009   1.9667148151589731E-009   1.4719370366254053E-009   1.5608307781192582E-011  -6.4119265831540231E-016  -5.7486673426442646E-016   6.0426582029460505E-015   1.3079267755026875E-015  -9.8134493426363659E-016  -6.6673448807121967E-016  -2.2805181451376796E-008   6.5519007766991828E-009   4.9031307914640350E-009   6.2170162251792736E-010  -5.0480721828284557E-016  -2.4443751001157889E-016  -2.7348076046461010E-017   3.2229304432847141E-016   7.5640165905382005E-018   3.5495586349942076E-016   2.4162821219541461E-016   2.1416296250332788E-017  -7.9744242344412030E-017   4.4210396532461900E-018  -1.3699798394490586E-015   1.0510573449114144E-016   1.0034819604247807E-014   2.6125818318608018E-015  -2.4278645707420782E-015  -1.2426003087045903E-015  -2.6989783965699248E-008   7.7527202845028061E-009   5.8025984653976984E-009   1.5804248940376397E-009   8.0243604557206676E-018   5.0619952252031421E-018   1.7708318606556457E-017  -1.3675689080031294E-017   3.3983743351809981E-017  -4.3159234145775655E-019   6.9418839927062369E-018  -2.5408237634451178E-017  -1.6104874516150965E-017   1.2298226071303050E-018   1.0387137262995765E-018   5.9032901005315581E-018   1.1839789501858343E-017  -3.1233145032966779E-017  -6.5011793217154237E-018  -2.5705295630220201E-018   2.1016139155556512E-017  -8.2973400116604630E-018   4.4298167403234608E-018   7.8928492911605907E-018  -9.6503266896915544E-019  -2.3172354606419166E-017  -1.6615431627462177E-017   1.0070694393182840E-017   1.8569606506697113E-017  -8.5817052711854464E-016  -2.1414248772546610E-016   7.0621256693990760E-015   1.8267543715233483E-015  -1.8985598174434370E-015  -9.6864830937644271E-016   7.0754978898225879E-010  -1.4680049252309844E-008   4.2264283271779456E-009   3.1576386096550720E-009  -2.3275007068385608E-018  -3.8416067218802694E-018  -6.5090771064685373E-018   7.3762159285209182E-018  -2.4913658732656488E-017  -3.2882293151628816E-018  -2.7916516430105013E-018   1.0048161507053863E-017   8.8994633567804149E-018  -9.8039057356904131E-019  -2.7839998923689782E-018   6.6725224412685533E-018  -2.4860737873199505E-018   1.1897150550632803E-017   3.2865861491658417E-018  -2.6962892966585348E-017  -5.3174514417768068E-018  -2.1754452900420690E-018   3.5555596201296088E-017   9.2353354554102776E-018   6.2127103008210564E-019   3.3816155883232373E-018  -7.6204397683074773E-018   7.8007136662161118E-019   7.3015922552016033E-018  -3.7932861291753397E-016  -1.1843916864256923E-016   3.1170050773156304E-015   8.1592117150241383E-016  -7.8533268303603690E-016  -4.3659425550283235E-016   1.2421837711029337E-009   8.5497103761632369E-011  -1.9638560132560938E-010  -1.1523555176315311E-008   3.3092346129220654E-009   2.4773386990278345E-009   1.2539196536926997E-009   9.6778246838549938E-012  -5.2695886557301750E-014  -4.6913550761548392E-017  -3.2629702754331761E-017   4.4872514275040386E-016   1.1837009227625954E-016  -1.2108816566232852E-016  -7.1456570509890164E-017
  -5.1491275689624394E-010   9.0423877246998341E-010   4.1726406472595696E-009   7.2458158678059948E-012   1.6947755787106799E-015  -4.4051374673790958E-016   1.3079267755026875E-015   2.1118138713696120E-015  -3.5930993938970622E-016  -3.8065898316164022E-015  -1.7151156180370984E-009   3.0118580129967534E-009   1.3899090318577674E-008   2.9008178391960806E-010  -5.8745928482864789E-017  -1.3386594598932036E-016  -1.1139214442763436E-016   6.9399781369076279E-017   3.5231012306184528E-017   9.4146829026053024E-018   7.0975526868481384E-017   1.8143557989562599E-016   3.8640611613715012E-017  -5.2207754703903974E-017   3.1880411758132866E-015  -1.3304750321319617E-016   1.9019943323015979E-015   3.6048171511725145E-015  -9.2080471856934872E-016  -6.7928588327634483E-015  -2.0299219275259438E-009   3.5647793972044347E-009   1.6449341456126164E-008   7.3695243833939019E-010   5.4736753207019257E-018   2.7414090608981398E-017   1.4776290059640611E-017  -4.4128914125430114E-018  -2.6249757059789035E-018  -5.2071755392823364E-018  -9.4445870296470753E-018  -1.6359904919800448E-017  -2.4108587827557303E-017  -2.5823384882657216E-018  -5.7839405136779198E-019   4.8017355113632702E-018   5.4243194245540951E-018  -2.8451685414522956E-018  -1.2650811984145302E-019   7.5361498166669786E-019   1.5106053578726303E-017  -3.7432929555983120E-017  -2.7339469346207304E-018   6.5908680040111231E-018   1.7242418887902167E-018  -1.0144707973081815E-017  -2.9373150546529790E-017  -1.4966046463016061E-018   4.9796250189071027E-017   2.1900022574033678E-015   1.5825883352689795E-016   1.4055606735300125E-015   2.5215342204239033E-015  -5.6648778134093837E-016  -4.7115655260577309E-015   3.3077244219075161E-010  -1.1034566270749484E-009   1.9371200347080581E-009   8.9479686620980666E-009  -1.5366983029293745E-018  -8.2834817755957768E-018  -3.8074516985930749E-018   1.3345340149655246E-018   4.4646189464606593E-020   1.3647815529897827E-018  -3.9248105294723014E-018   2.6842850868617775E-018   1.6379127303150627E-017   1.8067173852580776E-018   4.7719799281629379E-019  -1.1947466932504589E-019  -2.1726384404061346E-018   8.6227054025170916E-020   4.5973221671130923E-019  -3.3989613984782543E-018  -3.4856290297451158E-018  -6.6816480392406027E-018   4.3279310866029122E-018   2.6769073035657088E-018   2.3242257007785556E-019   2.4271180322714261E-018  -8.9992991282736119E-018   2.2901522819129433E-019   1.1688302025008878E-017   9.7670654822785462E-016   8.0986046877276019E-018   5.9225567991143012E-016   1.1258585393424128E-015  -2.1934835222951760E-016  -2.1025658324080359E-015   1.2284428978755465E-010  -2.4686264690552749E-010  -7.1182133466612610E-010  -8.6675285005530748E-010   1.5221799162473945E-009   7.0231205693670252E-009   5.8496300320841030E-010   2.9257179784034204E-011   2.0918195121981243E-013   1.4008071990222236E-016  -1.9735238296785582E-018   8.3245006414635822E-017   1.6393881569022354E-016  -2.4121512857998563E-017  -3.0401956440556026E-016
  -6.0467854441268652E-010  -6.9840439628644525E-009   6.8590787870361590E-010  -7.0774614242256221E-012   5.3311974143063773E-016  -1.0598325300919266E-015  -9.8134493426363659E-016  -3.5930993938970622E-016   5.6642236272109552E-015  -1.7380975918863977E-016  -2.0143892220487733E-009  -2.3263813090921581E-008   2.2845739650613196E-009  -2.8102137836985461E-010  -3.3700496511401456E-017   6.7474326055325862E-016   4.3982256886633020E-017   6.9094123434623474E-018  -8.3825860642582419E-017   3.8302639191352288E-017  -7.3342587219030220E-016  -8.7611517110747081E-017   3.0926388801491033E-016   3.2519542608598886E-017   6.4290005539862319E-016  -2.5071177944212479E-015   1.6303768644308097E-015   4.2810558982286537E-017   9.8962721167068289E-015  -6.8571165128209811E-016  -2.3836412862352607E-009  -2.7532479102260033E-008   2.7040885638417569E-009  -7.1443424367545840E-010  -7.0952239813116229E-018   1.9880922360992579E-017  -4.9520518998033332E-017   3.0299106352998471E-018   8.3663732629518095E-018   9.4392322419407026E-018  -3.3899793442121911E-017   8.6705955858366277E-017   1.8808283261068758E-017  -1.5106386797492303E-017   1.6738892078313574E-018  -8.5070287044931124E-018  -5.9649138564108692E-018   2.2711006453067704E-018  -1.9745826644118676E-018   2.5216821399853835E-018  -3.5649628148350557E-017  -2.0114835789172564E-017   9.3516248086785790E-018   4.9071965855905752E-018  -1.2733342941236111E-017   8.8771117301431058E-017   2.7401779870153167E-017  -8.3442998918674814E-017  -5.4311216570218948E-018   5.7249114466213960E-016  -1.4210703945423315E-015   4.8235934822712902E-016  -2.2940510831808476E-016   6.8867085129820415E-015  -3.4305542015793275E-016  -3.1976764636511258E-010  -1.2990499816935118E-009  -1.4975889999565657E-008   1.4686719438972619E-009   2.1433527576270362E-018  -5.9556637780920966E-018   1.4053633089825044E-017  -2.1730895882179146E-018  -4.1680728693756746E-018  -1.5916564607331989E-018   8.5879034857634374E-018  -3.2461906300518773E-017  -3.5315438746157284E-018   1.0141961251017313E-017   8.5831975597154985E-020   3.9662751816416916E-018   2.0224683655435534E-018  -8.5956937443036535E-019  -2.4495565910977994E-019  -3.3798205101947302E-018   2.1775535134016247E-017  -2.6441270481183542E-019   5.5347463061917183E-018  -6.0674355889349006E-018  -1.0000731305888540E-018  -6.9667443303388985E-018   2.1201616236457109E-018  -1.2427085645182419E-017  -1.3831152412145894E-018   2.7565792847501330E-016  -6.7484685677141801E-016   3.4391029990115804E-016  -1.3692177399928585E-016   3.0696516492762582E-015  -1.3873538921470492E-016  -7.8256175731088241E-012   1.2367189563992073E-009  -2.2141959497455805E-010  -1.0174891055441757E-009  -1.1755204765504020E-008   1.1547270757211178E-009  -5.6681203436389687E-010  -2.0651127433700636E-012  -2.1421794426101376E-014   4.5247004396620347E-017  -8.8678987155451876E-017   3.4492659654935159E-017  -3.5987830956890789E-017   4.4058160852131569E-016  -9.2591533856770261E-018
  -9.9675718853772239E-010  -4.9010522188738181E-010  -8.0198869309791021E-009   6.1883436006879884E-011  -3.7234684780720855E-015   8.1742073641850803E-016  -6.6673448807121967E-016  -3.8065898316164022E-015  -1.7380975918863977E-016   7.5300584530564883E-015  -3.3203017315245276E-009  -1.6324791632609368E-009  -2.6714177391347675E-008   2.4625298753554041E-009  -3.5047644162461973E-017   1.1088722262175332E-016   2.0346736558749005E-016  -2.2440874023383784E-017  -1.6480506198482858E-016   6.9458924747055961E-017   7.7741046027473636E-018  -3.4397504032446744E-016  -1.2131634521824434E-016   1.0472908115194811E-016  -6.8547830792900441E-015   5.6264045441617432E-016  -9.3246100910656512E-016  -6.4910792620698005E-015   7.7542760652890986E-017   1.3345874752476505E-014  -3.9293501502100045E-009  -1.9321277540805524E-009  -3.1615980664023853E-008   6.2602118188958351E-009   1.4095840874145823E-017  -5.6655014343731578E-017  -1.9856302980297852E-017  -1.0984404406814185E-017   1.5961502673458457E-017  -1.3824151296458891E-017   2.3733461774592562E-017   1.7553282293067558E-017   4.4168837976273451E-017   6.7728558250049904E-018   9.2252924647115041E-018  -7.7507615623088472E-018  -5.2682176711617831E-018  -4.1462534994334873E-018   1.0840868380119074E-017  -2.8979291742804593E-018  -1.3044906650117699E-017   7.7848411475595546E-017   9.0429534256423631E-019   2.5479468198093741E-017   2.9856473144653258E-018   6.6803245087428370E-018   5.2767433740161849E-017   4.0831898901171057E-018  -9.7359019905993452E-017  -4.7440696450459834E-015  -2.3484651665382844E-016  -7.1967671413486205E-016  -4.4676695224926320E-015  -1.5445537119344232E-016   9.2114798688418271E-015   2.8022244543171582E-009  -2.1386193024619964E-009  -1.0502364403011388E-009  -1.7196836010250997E-008  -1.3064913737592286E-018   1.6151423010597377E-017   4.2818625405169385E-018   3.0990524915117619E-018  -7.1187538339319531E-018  -8.0689127590575721E-019   6.2570095373493390E-018   7.2745947859033305E-019  -3.0064026213932526E-017  -4.8241032969930334E-018  -3.4672093284964310E-018   1.8754427402322168E-018   2.9892925101968882E-018   3.4305432958297814E-018  -1.2451396573110352E-018  -1.0549286604484100E-018   3.7556095250532612E-018   1.3341383488409348E-017  -1.3396051252655482E-019   5.3579818633903353E-018   1.5496534129192335E-018  -3.0728990638306811E-018   1.4939066271182851E-017   3.6735849904545693E-019  -2.1079795924694296E-017  -2.0960422108142449E-015   1.5926589876272549E-017  -2.7463655911439456E-016  -2.0163245604296976E-015  -1.1848215656606159E-016   4.1123599683213044E-015   1.1652194450607092E-010   1.1966475247342414E-010   1.4300338813657604E-009  -1.6775490806303887E-009  -8.2500151198347028E-010  -1.3498705585222191E-008   4.9667577581043008E-009   2.5580612545772403E-011  -2.1511881127748763E-013  -2.9701457434634698E-016   2.2200018323869979E-018  -3.3933091643416528E-017  -2.9072442496163701E-016  -2.9410206579218526E-017   5.8773894638158590E-016
   2.9184184711069830E-002   1.6091613191331441E-011   5.9213189420535423E-010   3.9115521271972288E-009   5.0354179460924196E-009   2.7820526085826179E-009  -2.2805181451376796E-008  -1.7151156180370984E-009  -2.0143892220487733E-009  -3.3203017315245276E-009   9.7226193645341311E-002  -4.4014911177242217E-010  -1.7358504081594443E-009   2.0504899425348861E-009   2.1047556978968101E-009   1.4687275636433340E-010  -1.1853405591442774E-010  -1.2637747729607067E-009   3.9117497118597091E-011  -1.5599611251441546E-009  -1.9112118481006347E-010   3.0361975531359686E-010   1.0954238368451498E-010  -1.3795465631972402E-010   1.0648589721279213E-008   1.8208350230569091E-009  -4.1611860553241645E-008  -5.2427920597926059E-009  -9.4503143530457625E-010  -5.4057974619171502E-009  0.11504179313196679       -4.2917160932668451E-010  -7.4569274448116385E-010  -8.8132413059470796E-009  -3.4831172423053731E-012   3.8967296988570229E-012  -2.5917561469951736E-012   3.8055926524750013E-011  -1.5823828234057998E-010  -3.1937336004938186E-011  -1.2659015815431287E-011  -3.4132960385752105E-012   1.1755825643369030E-011   5.1361484031371729E-012  -1.7700143778604788E-012  -9.3547239427645884E-012  -3.4946520746119724E-011   1.2729805244794467E-010   3.8075301019705414E-011   9.6373414655186210E-012  -2.4774560343113495E-011  -5.2826295020807456E-012  -3.6005321678835916E-011  -2.7887153660339745E-012   2.3006981101697341E-011  -3.7037200102475483E-012  -4.0007337841184766E-012   2.9744788215917466E-011   6.9193072266522258E-012   6.7881456039529276E-009   2.5894408480558790E-009  -2.8453406856360104E-008  -3.3748541877694480E-009   3.8668646615742958E-010  -3.4132914033099388E-009  -7.1470275232767052E-009   6.2741511304755276E-002  -2.8826901147705807E-010  -4.7519162638930773E-010   2.9626431575051331E-012   8.5662063449026707E-012   7.6814497014527921E-012  -2.5122418486385974E-011   1.1164394820971241E-010   1.9918210456042467E-011  -3.0697823247572419E-012  -6.6421818283767654E-012  -7.3742789285361520E-012  -2.7305122757418404E-012   1.1597914761094068E-011  -3.2901616700645392E-011   4.7494181591571664E-012  -5.0313376087805935E-011  -1.4042659622554254E-011   1.1385159641025543E-010  -4.1457035311708316E-012  -1.2535423933027551E-012  -1.5288425803337414E-010  -2.4393340379991026E-011   1.2524351875508909E-013  -3.6501782241202283E-012   1.5088254281657693E-011   9.0431675975396110E-012  -1.0311905481124560E-011   3.0239379075333145E-009   1.2104789168444378E-009  -1.2839065521486239E-008  -1.4936777818861798E-009  -6.4848228539202295E-011  -1.5302600230424490E-009   2.4615742493582352E-003   3.1618234794837080E-011   6.2926662958326850E-011   4.9103045812541955E-002  -1.6552847400815335E-010  -3.3240265501923748E-010  -7.1303669544230889E-009   6.6827665483536229E-010   1.7947935119576574E-011   4.2234180213037494E-010   2.4794432251653017E-010  -1.9553476713963049E-009  -2.0628200993690317E-010   7.9246081014099417E-012  -2.1605980105478640E-010
   3.2517321823200091E-010   2.9184189341622046E-002  -5.0360581504250245E-010   6.4333392001029466E-008  -1.3793790926353806E-009   3.8384108180010785E-009   6.5519007766991828E-009   3.0118580129967534E-009  -2.3263813090921581E-008  -1.6324791632609368E-009  -4.4014911177242217E-010   9.7226169690690104E-002   2.1551094830331226E-010  -1.4943217467490973E-008  -5.4001994993427509E-011  -2.8552642781363529E-009  -2.4252389905373346E-010   1.0135741055781377E-010   4.1379963506884462E-010  -2.8905843049031662E-011   3.0624394988581932E-009   4.5569998939141230E-010  -1.2534840865328556E-009  -1.5889328999689834E-010  -1.2885139822870730E-009   1.0038862336752069E-008  -2.3555824167544273E-009   2.6493930333478003E-009  -4.1062079300799177E-008  -1.3608803219369726E-009   9.0761221597589776E-011  0.11504178447052639        4.0613634055794174E-010   3.3042789705807522E-009   2.2540863596906672E-011  -6.2761127011141615E-011   2.1312733746871132E-010  -1.0836112365768847E-011  -2.5017242559739875E-011  -2.8760242477465568E-011   1.3375684718857627E-010  -3.6633351630858562E-010  -9.5250696219526143E-011   5.9921942038632251E-011  -1.0863462633582483E-011   3.9115008200225979E-011   2.9918917419104700E-011  -2.0468194976710384E-011  -6.5999133270978340E-013  -1.0380184702932668E-011   1.5411879940553077E-010   5.6084713558989053E-011  -3.5079770846191808E-011  -3.2976763328790539E-011   4.9006162308109322E-011  -3.7049690068064630E-010  -1.3223794920761468E-010   3.4292866266484935E-010   5.6761584554811010E-011  -1.3515528190492300E-009   5.7251516550979186E-009   1.0490750986630141E-009   2.8601656663110201E-009  -2.8546997180007177E-008  -1.5086176123902763E-009  -5.8951713646076523E-009  -7.2850934083581969E-011   6.2741504567527528E-002   1.1967092894236968E-010  -8.3814244963224029E-012   1.8174881168196392E-011  -6.0715812600722249E-011   1.0069387894894345E-011   8.8761437455839068E-012   4.6536005883501618E-012  -3.7632273331464523E-011   1.3541827223131319E-010   2.6104925750262760E-011  -4.0218671248734554E-011  -9.6411158771618813E-014  -1.3924653814701140E-011  -9.8996994675866406E-012   7.3087941561751008E-012   2.9865242380377055E-012   3.2574102681309005E-012  -9.1167578652591754E-011  -3.5412877096626013E-012  -7.8027281446853835E-012   2.4940241701868792E-011   3.4326887190701264E-012   2.9826084552162204E-011  -1.5643423321734344E-011   5.1146137706126567E-011   1.4299426666317805E-011  -7.0912330144783588E-010   2.6936309583711235E-009  -7.5093522158538457E-011   1.4464707533922093E-009  -1.2787446344715389E-008  -7.3734743252423332E-010   8.2570458973717298E-011   2.4615763690684044E-003   7.2766636178973652E-011   5.7216314730177454E-011   4.9103042849461306E-002   2.2050494988249306E-010   9.4965813347272977E-010  -7.2279314840245204E-010  -1.0372812877831990E-011  -1.3686814979484754E-010   3.6923109319509676E-010   5.4029844810755630E-011   2.8729695209905910E-010  -1.9526539723910677E-009  -1.5042885467164381E-010
   4.5652462707113583E-010  -5.4651203529329764E-010   2.9184193746559717E-002  -1.3356320007900242E-007   1.2815084882427772E-008  -3.5671265171742361E-009   4.9031307914640350E-009   1.3899090318577674E-008   2.2845739650613196E-009  -2.6714177391347675E-008  -1.7358504081594443E-009   2.1551094830331226E-010   9.7226166912440334E-002   2.1248928996446800E-008  -1.3787681315898363E-010  -2.8981504969457572E-010  -7.3566356940901978E-010   2.9368658313617559E-010   2.3688884542528966E-010  -1.0870467487903877E-010  -1.9095745179683403E-010   1.2035573215947167E-009   5.4601137820623848E-010  -3.4875037136356775E-010   2.3866361110765380E-008  -2.8822962083862502E-009   8.6893264449792005E-009   2.4026451403956793E-008   2.3403404437279112E-009  -4.7892823604131258E-008  -7.5092471200121007E-010   2.7449748431491144E-010  0.11504178141306494        2.5855221536031394E-008   1.7248525167813682E-011   2.0654802112695882E-010   5.7361778422470841E-011  -1.2804023514582275E-011  -3.3274340923958912E-011  -1.7490574978816420E-011  -9.5895866429661848E-011  -3.6511171346388030E-011  -1.4845523942804797E-010  -3.0148018515203965E-011  -7.5978716408539536E-012   2.4530847417601715E-011   2.6156636450527129E-011   2.7047961829929557E-013  -4.9308049120764051E-012   8.9393566863764360E-012   6.3914856795581525E-011  -2.7680100109372020E-010  -1.2413660388035440E-011   2.6486191153995777E-011   4.2149668697707466E-013   7.0741042820388227E-012  -1.7793411471914928E-010  -7.3407547944837459E-011   3.3895313197044952E-010   1.6436353459733216E-008   1.8526431815418630E-010   6.0819276799071613E-009   1.6555112204356867E-008   2.2711936842808410E-009  -3.2991454098628721E-008   4.0043128394945666E-008  -4.7102165581966156E-010   6.3418524225297439E-011   6.2741503478588617E-002  -6.0914490651808408E-012  -6.0894465268203382E-011  -1.2602810604302820E-011   1.6938523936019517E-012   1.2042025169518251E-011   9.0080030873012934E-012  -1.9814745477301240E-011  -1.1137463606394275E-011   1.0828262661571750E-010   2.0904231328510547E-011   5.9720805859096032E-012  -1.8716893538182287E-012  -1.2182195372069798E-011  -7.1037673916973057E-012   1.8079294073603432E-012  -1.0457726891558859E-011  -5.4774599939758261E-012  -4.6468644291425476E-011   1.4424352180274971E-011   5.0827503036951714E-012  -3.9391521429037434E-013   9.9632078062618403E-012  -5.7855572482226177E-011  -7.8900763096118453E-012   7.7761342151649837E-011   7.3905271285677036E-009  -3.7482842658369994E-010   2.6012954509260650E-009   7.4403055303528406E-009   1.2197881777048502E-009  -1.4830832300923564E-008   5.9384138938328358E-011   6.0679188081309645E-011   2.4615758032039163E-003  -3.3724222523955032E-010   1.6480368391882558E-010   4.9103041061342320E-002   2.6357445811328942E-008  -1.2799985083036742E-009  -4.7119011232003604E-011   1.1256475613010778E-009  -5.8659678377288996E-011   3.7366886634489970E-010   1.1408294898077222E-009   2.3255413876348428E-010  -2.2664771612887192E-009
