   3.9600152727289529E-005   2.5020054314021114E-017   3.7847548445088809E-019   1.2646861014196503E-017  -6.6252868772480552E-016   6.3096315842493736E-019  -1.3023598279686335E-016  -6.5660129397952948E-017  -2.0054327440147267E-016  -1.8909914328320143E-016   1.9656295647872165E-003  -2.2821160800952074E-016   3.9720443112422084E-018  -1.0950393690868534E-017  -1.9111310085240974E-015  -6.7614667452015136E-019  -2.8291541049699719E-015  -5.7585186695893119E-017  -1.2351272182213425E-016  -8.9161570219165877E-017   5.3808677551985245E-003   1.4072137894931820E-018  -2.6630353983533861E-018  -2.5294600438932398E-018   1.5587237002745440E-018   4.2124470228542975E-020   9.0359527150488480E-019  -1.2408566159484389E-019  -2.4437929268309451E-018   2.3064633794165329E-018  -7.4639213856872944E-018  -1.1978136185141566E-014  -4.4761633330139515E-018   6.2889829997095760E-018   1.5334958185827585E-015   4.8108708574278590E-019  -2.2591219646550185E-015   6.7083655323155001E-017   1.2961428041976501E-016  -6.7697529764045229E-017   2.9152227135846118E-003   4.4957067863038621E-016   3.0576892550164941E-019   3.1182278460444288E-019   1.5993481500257131E-016   6.2737125258069006E-020   3.3422825508870019E-016   8.1193588334154933E-020   2.0285423693034992E-019   3.0020062586226737E-019   4.0417599170116551E-019   5.6407036113965261E-016   2.5280377866258414E-019   1.2832396851791444E-016   4.3907906136445837E-019   5.2894886937494562E-016  -5.6078686233803674E-019   9.0449550609367967E-019  -2.2903549103848270E-018  -2.2977243754872241E-019   1.8144706559794685E-019   1.8985132425766567E-019   1.4161096140725330E-018  -2.4569269237403967E-018   5.5145330907308334E-019  -4.8038103107064996E-018   4.5198195032583839E-015   1.3400142257726473E-018  -2.7014597688406603E-018  -6.3961512836688108E-015  -4.0908303298972098E-019  -5.0293008457190307E-015   1.2073040974108403E-015   2.9005027258450290E-015   1.5088752331637992E-017  -2.6363699462804251E-003  -5.3266698790473505E-018  -9.0251662790445676E-018  -5.0357018815210607E-018   7.4165651936294021E-015   1.7764828960243575E-014   1.6838981766356000E-016   1.4191460510819588E-016  -5.0744737439845280E-019  -8.9118125112144405E-020   6.2648899408127034E-016  -7.0175742367963608E-019   5.0990870419744395E-016  -2.6831255907743710E-003  -1.0347216006510865E-003   4.0790964388770653E-004   3.9290866408967640E-004   9.0552712854943861E-004
   2.5020054314021114E-017   4.2347702196429488E-029   2.6013891895766706E-030   9.4660997920379677E-030  -5.3597336105719359E-028   8.9757636962280819E-030  -2.3739853354448012E-028   8.3255940243556083E-017   1.4961930571608083E-016   8.8741897031605115E-017   9.9683337232379436E-016  -1.1394375698652918E-027  -2.1193099970520241E-030  -1.0920416160002142E-029  -1.0829216493149481E-027  -1.4231348553665382E-029  -1.7166544967772498E-027   3.8233009189334913E-017   7.3546650935167295E-017   4.7088196507174531E-017   2.8199382988551717E-015   2.9872083778062004E-029   5.5507330731191676E-030  -2.0636998042795411E-030   1.8728092443334853E-029  -3.4572949136357319E-032   1.9952060426752921E-029   2.7769169549699056E-029  -3.7502100545755391E-030   9.6653581552917704E-030  -8.5198949730387597E-030  -5.9818055680514285E-027  -1.0467887085699892E-029   6.0922810476701195E-030  -1.4077620041988133E-027   6.9495733184079754E-030  -2.7837823211609033E-027   6.2906437811627762E-017   7.5492343492242440E-017   1.7867389195892046E-017   1.3977281792334858E-015   1.3569963373024965E-028   1.8835261209202762E-030   1.6211993776614421E-031   9.8994816229013745E-030  -1.1018129958776052E-030   7.7660886362761394E-029  -5.6634524167570486E-031   7.6866434721744942E-031   5.8136121868992663E-031   1.1119977155986413E-030   2.0043802967830322E-028   1.5304165031574461E-030  -2.9074222453096505E-029   4.9225286583877856E-031   1.9276050873349586E-028   2.8927038310935366E-029  -2.5648874514411689E-030   1.2906412808348626E-031   6.5563389750033365E-030  -6.9191956131858938E-031   6.2350379003603548E-030  -1.8798245671344203E-029   1.6109362415520866E-030  -5.9748035639415589E-030   2.4586779771776961E-030  -1.0351564657643777E-027   1.0543746177656398E-029  -2.9147157695001763E-030  -4.1170348076332123E-027  -9.5422008770662521E-031  -3.7732520703651489E-027   3.6898428718131395E-016   1.7066412634783733E-016  -2.5159442736854126E-016  -3.2728853262885955E-015   6.2138348061945940E-019   2.3608202728552421E-018   2.2916316285856436E-018   2.2393607587320268E-015   1.0116893295034048E-015  -1.5584437922862337E-015   1.1549698400921177E-027  -2.3928930566329247E-030  -1.3444145465659799E-031   1.0209712707626552E-027  -2.8133766237982115E-031   1.0455450379601916E-027  -4.6916878171986862E-015  -2.0973534090878751E-015   2.7298688235026813E-016   7.8956338605284683E-016  -6.6535629770295784E-016
   3.7847548445088809E-019   2.6013891895766706E-030   2.6253730767629959E-029   3.7656882896533184E-030   4.0871382896015122E-029   2.7818091743112765E-029   4.6536658245003272E-029  -1.3386695008351513E-016  -1.7733965605943941E-017   1.2646216604269551E-016   1.2787346724822879E-016   3.7407556132824969E-028  -2.8065142371823684E-029  -6.4010171625313462E-030  -9.2584177949123368E-029  -3.6763207580507540E-029  -7.1603544821973722E-029  -7.4803079579840494E-017  -1.1610289031166360E-017   6.9203373624066188E-017   3.0959392557633961E-016   4.9632408074711499E-029  -4.4173349644045294E-030  -3.8035782871564737E-030   3.0812924754014573E-029   1.2676482493766143E-030   3.2717911205670324E-029   5.3163746164738509E-030  -7.2923313163772772E-030   6.6531476889710358E-032  -5.4059349649551192E-030  -8.9035409068184366E-028  -1.5133258844086627E-030  -3.5787807798645362E-030   9.2056267821342156E-028   1.7335818946161790E-029   4.7210030432349979E-028   2.3176488186714245E-018   1.3509794802352085E-017   9.1597789566320873E-018   2.2513815004674275E-016   6.5389602226523184E-029   3.6515783657922602E-030   6.7329350245433156E-031   4.3718240737739969E-029  -2.2384722847137653E-030   6.1003636230020739E-029  -7.6925706049310308E-031   1.1551809046881178E-030  -2.3350612055987374E-031   2.2399102014494155E-030   8.8469638531068011E-029   3.0988385434522075E-030   5.7776906039619723E-029  -1.2814256733224747E-031   7.4189108365395185E-029   5.7268534188559596E-029  -1.0620908311244670E-029   9.1979293868397588E-030   1.3994980677663202E-029  -2.2498030451831491E-030   1.3123254016063856E-029  -2.6274544809109735E-029   1.3072658996316050E-029  -8.6207760819383717E-030   1.7975214713435035E-029   1.6463918182024325E-027   1.2934408631901383E-029   1.5255229198185897E-030  -1.1865895759017269E-028  -3.4491232902844031E-030   9.8251726009219551E-029   7.6331923764132304E-016   2.7423232014790624E-016  -5.7228787047028442E-016   6.7715167491862423E-016  -4.4265558655998215E-018  -1.0237689854515710E-018   3.8057415972079793E-018   4.6988815952230418E-015   1.6815575787700669E-015  -3.5285736429261220E-015  -4.4292388250749648E-028  -4.0083152712183683E-030  -1.1229067318007633E-030  -2.4790591429365169E-028   2.8633197331095399E-031  -2.8534060574017217E-028   1.2879360575369610E-015   6.1160686885935117E-016  -1.0732320328624271E-016  -2.3510425877660107E-016   7.4410272260709606E-017
   1.2646861014196503E-017   9.4660997920379677E-030   3.7656882896533184E-030   6.3742863602228082E-030  -2.2912855828965546E-028   4.9237642365747655E-030  -6.6080616399066323E-029  -3.1485010225331646E-017   2.8024586539494398E-018   3.0816786793681864E-017   5.9498423641595620E-016  -1.7826981263423428E-028  -2.5538257091913136E-030  -6.2723673365403405E-030  -5.7999701190261123E-028  -7.0123252988265037E-030  -8.7888805929330083E-028  -1.7584000097417075E-017   1.9517448854755444E-018   1.6327000679950334E-017   1.6405997125059830E-015   9.3945016424516991E-030  -3.2167185057920975E-030  -9.2997776731514484E-031   6.3636077234781657E-030   1.4380894326369162E-031   6.8559549681309352E-030  -3.6002462845551426E-030  -1.2454278221784838E-030  -7.5651128395157558E-031  -9.4055941801675920E-031  -3.5805260947027929E-027  -2.4439583987494151E-030   2.8203635407520957E-030   2.5298917361678122E-028   2.8184546370108603E-030  -8.2584228741212655E-028   4.7207959260539005E-019  -3.0431417159843359E-018   6.3986971883979982E-018   8.7299809458689685E-016   1.2587820195255231E-028   5.0373605990390624E-031   3.2695606859524401E-031   4.1016651816246859E-029  -3.0159659643424700E-031   9.1684931730037006E-029  -2.0760653475805423E-031   3.4529378265848691E-031  -4.8819777468305520E-033   6.5561833475315335E-031   1.6366219857798090E-028   6.5986307718758586E-031   2.9769396014656674E-029  -1.0979113265214663E-031   1.5202854906247127E-028   1.0944888559963241E-029   4.6202088788694940E-031   6.5644834316791957E-031   2.4912169511189840E-030  -4.1110699109570619E-031   2.5858564161440876E-030   4.0141387428890788E-031   8.1965345637726317E-031  -2.8912745054494409E-032   6.3579660306276947E-031   1.0442272543253749E-027   3.3895507217572535E-030  -1.1551075216688162E-030  -1.9893481910912745E-027   9.7770203433878251E-031  -1.6210936288232738E-027   1.7857239388605321E-016  -5.5244699929665399E-017  -8.4825615343420109E-017  -1.0144888302154788E-015  -1.0386905253389227E-018   1.9187013832215100E-019   7.8937215209815561E-019   1.0993019150933278E-015  -3.3858663084089679E-016  -5.2562712209903832E-016   1.5494135358213073E-028  -1.2055121926112985E-030  -5.0611413044553139E-031   2.6177908304685411E-028  -6.8013329325056972E-031   2.3614241674996243E-028  -1.1919533748552901E-015  -4.5492680102615220E-016   4.7231586103661875E-016   1.9108012755140131E-016   1.7029882963346487E-015
  -6.6252868772480552E-016  -5.3597336105719359E-028   4.0871382896015122E-029  -2.2912855828965546E-028   1.1969811133390522E-026   1.2356747679817402E-029   3.2769838290056899E-027   1.0106236391522791E-016   1.7937263860019168E-016   4.3683540995587525E-017  -3.1063225059988109E-014   1.0619401073144326E-026  -1.0522660516780229E-028   2.0097445320007173E-028   3.0771086140439023E-026   1.1170136676470528E-030   4.6596111437911274E-026   5.7192456369917335E-017   9.1263603550173454E-017   2.7813108906577633E-017  -8.5708122238563799E-014  -5.2763751456493787E-029   3.9052376581580048E-029   3.1329989271077018E-029  -4.1270107670339676E-029   1.1957814996442098E-030  -3.7855225217667977E-029  -1.7345074852081572E-029   3.4775904869194412E-029  -3.6861743554193855E-029   9.9783277711387442E-029   1.8789475794936048E-025   1.0863083005432682E-028  -1.3218947998262539E-028  -9.5422928639000770E-027  -2.8253580344611533E-030   4.6469322185726891E-026  -7.3400106567370427E-018   6.6506628894209454E-017  -2.7175465124311704E-017  -4.5487845467384215E-014  -6.4726861083813827E-027  -3.9971042907878086E-030  -3.8406191078991866E-030  -2.0217754853811535E-027  -1.5139870038764259E-030  -4.6432335482458853E-027   3.3155118272833322E-031  -3.8102468739325357E-030  -7.3429690231390169E-030  -7.8161727216261182E-030  -8.2905601491488156E-027  -3.3869486601372918E-030  -1.3436094862908788E-027  -1.0613167361144860E-029  -7.8077982049761726E-027  -1.6156240480627228E-029  -4.0436140422291496E-029   5.1988724926155944E-029  -4.3021410659050202E-030  -5.0244214014295439E-030  -9.2215117643754947E-030  -4.8822274664036365E-029   5.3206523336166382E-029  -2.3383894789750524E-029   1.0732448683028131E-028  -4.8720190363763095E-026  -4.6047687663030747E-029   5.5955443351545832E-029   1.0634964154178079E-025  -2.1448056103050642E-030   8.7251915337093016E-026  -6.4956405927250084E-016  -1.1005624383863993E-016  -5.9548947323659782E-016   5.5501755025528570E-014   3.5270002041771763E-018   3.6252707904713974E-018   2.3196539363445496E-018  -3.9958367429625692E-015  -7.1216489661488468E-016  -3.6525863586812466E-015  -9.7482517206174057E-027   1.3525405773291140E-029   2.2908658820010182E-030  -1.4730556884696750E-026   1.2607934174513188E-029  -1.3467004382531303E-026   6.6309770827143429E-014   2.7143729641009246E-014  -1.1420368190957351E-014  -1.0509940340823757E-014  -2.6766441093171234E-014
   6.3096315842493736E-019   8.9757636962280819E-030   2.7818091743112765E-029   4.9237642365747655E-030   1.2356747679817402E-029   3.3887190142051343E-029   1.2347354330456366E-029  -4.9969199171540031E-017   7.3059784430956739E-017   2.1662153832105753E-017   9.4175637023017244E-017   1.6496535477054080E-028  -2.9669934970962470E-029  -9.6598560420360205E-030  -9.2819139312217122E-029  -4.3240626031776705E-029  -8.5807644218705683E-029  -3.5274734058030329E-017   3.6556288529108160E-017   1.6849463326442935E-017   2.3461143763887474E-016   6.6664199512320179E-029  -1.3406262027132676E-029  -1.1722877335741045E-029   4.1708157945578260E-029   1.6005276270700990E-031   4.5428856817193607E-029  -6.4495245460998611E-031  -1.4369937860645534E-029  -5.3669248621099479E-030  -2.0121964864983699E-029  -7.0359492723943154E-028  -3.0996457771791061E-030  -2.2540842631051618E-030   4.2787999361682474E-028   1.9133090272755749E-029   1.5391453693409626E-028   5.7941595846525042E-017   3.1870825612266343E-017  -3.7208826140340218E-017   1.5964311263198382E-016   3.6289757092853301E-029   3.8213405754941966E-030   1.2222674716723901E-030   2.6209155697971250E-029  -2.6490024186894822E-030   3.5730256952536062E-029  -1.0711669795458699E-030   1.7457704382674911E-030   2.6786828343084701E-032   2.8295128439024965E-030   6.0729789015295773E-029   3.3979440250999907E-030   3.7244059213576787E-029  -8.3525956453097859E-031   4.7120458972087683E-029   7.5663520156060714E-029  -5.3011118337086018E-030   1.0819848712008265E-029   1.8176558940985362E-029  -2.6439811195741887E-030   1.7071610945343387E-029  -2.8824820244482565E-029   1.3480467120984292E-029  -7.4348858078711659E-030   2.1852240451447699E-029   8.6182365298136027E-028   1.5389241673727479E-029   4.3577587067885058E-031  -2.3884167898534926E-028   1.0918837952905627E-031  -1.1347613447531508E-028   1.0333030487854095E-015   1.7876384434282793E-017  -6.0647623544831136E-016   3.4785513435265520E-016  -3.5430735581282287E-018   1.3181814580941738E-018   1.9364775236554039E-018   6.3324318756978728E-015   9.3539052845515380E-017  -3.7150315951776070E-015  -2.1568682592976159E-028  -4.4088598287916873E-030  -1.3197980708952840E-030  -1.0246734673805222E-028  -1.1436482661913514E-030  -1.2184913758218328E-028   6.9117471893183292E-016   3.1761440552735479E-016  -1.7670225007016120E-016  -1.2899896807362348E-016  -5.0094642062284842E-016
  -1.3023598279686335E-016  -2.3739853354448012E-028   4.6536658245003272E-029  -6.6080616399066323E-029   3.2769838290056899E-027   1.2347354330456366E-029   1.8634438554086498E-027   1.0838767335206091E-016   6.3749142688157335E-017   4.5223223118423991E-017  -4.1422569906779661E-015   9.4233746783866846E-027  -5.5897937078675151E-029   6.5398200282541830E-029   4.8165673403161409E-027   1.5093033554902393E-029   8.2947431181034926E-027   5.9072790628642745E-017   2.8427181790294769E-017   1.3595885047727698E-017  -1.2197170538554940E-014  -8.1308219804259077E-030   1.3023207971807608E-029   4.5724881477157469E-029  -1.6054164539229781E-029  -1.4868268207465060E-030  -1.5130843822788822E-029   2.5094531331629050E-029   4.4683279108018903E-029   1.3509932689003894E-029   1.0634870497794885E-028   2.3457694512505702E-026   7.5654712897397641E-029  -5.6001609736227300E-029   1.5410237224381631E-026  -4.9649132401084446E-030   1.8541888513163197E-026   9.7117638497259820E-018   5.4749279766357380E-017   8.9841396652533204E-017  -5.4015753600204936E-015  -1.3622368333434721E-028  -3.2098392581387956E-030  -7.5371106944599387E-031   3.1121760129226305E-028   1.7318330036973753E-030   1.1228926322650995E-028   1.6343858536232449E-030  -2.6889241746157369E-030  -1.2680148219914859E-030  -3.6496899937540080E-030  -3.8086592609476667E-028  -4.8477519039547851E-030   6.0256784095401284E-028   2.1770173203917180E-030  -4.1287829418100960E-028  -1.1205293478886963E-029  -1.8354073267551755E-029  -1.5949829690598680E-030   6.0156624170961046E-030   2.6520206566933512E-030   6.3627689602872794E-032  -1.5828726785598096E-029   1.2788841157942959E-030   1.3298052045070488E-030   1.9102287866431257E-030   1.9413826645240357E-026  -4.9538550537859310E-029   2.4888116333153789E-029   2.0230337792032613E-026  -1.7829503964171577E-029   2.0492781593309460E-026  -4.6609127509174819E-016   3.6883036174916964E-016   9.3038164456045187E-016   2.3196744415723652E-014   3.2001561526757336E-018   2.5776214664263687E-019  -1.5066893375050828E-018  -2.8749620114850548E-015   2.2426446331805480E-015   5.6821521054490447E-015  -9.8693268005110158E-027   1.2849308407284663E-029   2.8170243714566132E-030  -7.4832011985311642E-027   5.7756513272358123E-030  -7.9740543034283591E-027   3.6129365093598006E-014   1.5945105337172989E-014  -7.1242740663142030E-015  -6.3090214348502236E-015  -1.7440431416074739E-014
  -6.5660129397952948E-017   8.3255940243556083E-017  -1.3386695008351513E-016  -3.1485010225331646E-017   1.0106236391522791E-016  -4.9969199171540031E-017   1.0838767335206091E-016  0.11979581463916686       -2.7099823752287153E-016  -3.4848997968890772E-017   6.6493512355282955E-017  -1.0204584127593763E-016   1.2932851090272516E-016   1.1107455067699611E-017  -1.0959578912304728E-016   8.6539091276983838E-017  -5.2075346810138322E-017   6.0229680853118847E-002  -1.5941890192077448E-017   1.6033877227412463E-016   6.1970675265655252E-015   5.0924933133772305E-015   2.8135957800441097E-017  -1.1371995550267333E-017   2.7051618831142174E-015   4.3123371148612564E-018   2.9185876527126449E-015   7.9781880965039547E-017  -7.0018640435422103E-018   5.4810145234052802E-017  -2.3474412944813806E-017  -1.4633818056580425E-015  -1.1616105286305480E-016   3.5154681490957215E-017  -1.4581992208428206E-015  -1.0925145139858763E-016  -1.5779397122543716E-015   5.0018966594496048E-002  -8.8382841169776534E-016  -4.2074775439528111E-016   1.1815129993557915E-015   1.6374525566418976E-016   2.8580988074445246E-017  -1.5693478793205136E-017   9.6115625602957509E-017   1.5017506575527897E-017   1.0756937554937038E-016   2.8072639042758194E-017  -6.9524240289932844E-018   1.1903394984250234E-017  -1.6436132208233060E-017   1.6803367929954414E-016   3.1974752695975180E-017   1.0909720176602375E-016   3.2844639908721247E-017   2.0436137466441872E-016   2.8618844194227556E-015   1.7403989996063082E-016   9.0152307396049530E-017   7.0919646380763458E-016   5.2954456820070522E-019   5.2647897459145733E-016   4.3261309651756474E-016   7.3084847785617505E-017   1.8049638397475997E-016   1.9196369393935417E-016  -6.3754498563665443E-016   1.0850366698845101E-017  -1.0650827598090555E-018  -6.3927790407936805E-016   5.9203939910305409E-018  -6.0665839533106419E-016  -5.1890668128881179E-005   7.0620613480278418E-016   4.3270326724161666E-016  -3.1186997352825388E-015   2.2356031730696563E-003   1.0466707346192343E-017   3.1144781319879340E-017  -2.6267671317242062E-002   2.6903581807057956E-015   1.6674349271840250E-015   4.4988733084570512E-016   1.8619302901358465E-018  -6.1709826333169428E-019   4.5094273578246372E-016   2.4714657632941691E-018   4.4962036564858086E-016  -7.4964826329668340E-017   5.6939383018553503E-016  -1.7291435291136051E-017   3.6138175746100696E-017   3.7349970485846983E-016
  -2.0054327440147267E-016   1.4961930571608083E-016  -1.7733965605943941E-017   2.8024586539494398E-018   1.7937263860019168E-016   7.3059784430956739E-017   6.3749142688157335E-017  -2.7099823752287153E-016  0.11979581463918879        3.1666483935115866E-017  -1.4639128021007852E-015   4.5598530976315615E-016   2.1741044404341749E-017  -6.9575684682752735E-017   3.9266930505849315E-016  -5.4364895803253245E-017   6.0266381126220754E-016   1.1301763133565381E-015   6.0229680853090960E-002  -5.2373519057859454E-017  -4.6557215694341840E-016  -4.8567192344704784E-016   7.6577510836892453E-015   4.1803783627372496E-017  -2.1665618225957926E-016  -2.2135852450260854E-018  -2.1689106215457720E-016   1.5567247788868185E-014   6.4071206348651177E-017   7.7634152179208091E-015   1.1053503219969340E-016   5.3976811200375190E-016  -1.8379933118836789E-017   1.7259277437913963E-016   6.3022984441446347E-016  -3.4895518136149961E-017   1.4067131477893545E-016   8.3120045435210193E-016   5.0018966594520951E-002   3.6525974171497255E-016   1.6309858987003955E-015  -1.4179438456645468E-016   1.5024732679596069E-018  -5.7058311194785350E-017  -9.0863586673004948E-017   1.5190672101755721E-017  -1.7881058587471355E-017   3.2523433722531596E-018  -2.5671317998923307E-017   1.5004545956489461E-018  -5.9146277381551119E-017  -1.6650844300345291E-016   3.4683656130419803E-017  -2.5489317299208086E-017   3.5258617826743711E-017   8.5538825027390959E-017  -5.1945292973004682E-016  -1.3703624890936097E-015  -3.2249390480416728E-017  -2.3915050623495855E-016   1.4030046907926483E-018  -2.3712154077659177E-016  -2.4758531838016000E-015  -3.1983482249709959E-017  -1.9420181468077855E-015  -1.3302249258776801E-016  -1.4491263504200913E-016   3.9439455719121368E-018  -1.4640974476144759E-017  -1.6356260206855902E-016  -1.8740394348978822E-017  -1.1661817997882282E-016  -4.2508113276722514E-016  -5.1890668130745980E-005  -7.6208136296321104E-016  -5.2230929286840251E-016  -4.5249903626191129E-017   2.2356031730694152E-003   1.0574552772542411E-017  -3.5878123727359254E-016  -2.6267671317230314E-002  -4.4593372754543067E-015   8.3839779140937266E-017  -1.1359948692923479E-018  -2.7888472853317404E-018   8.4155868420637186E-017   4.6135317764345622E-018   9.4139889995683311E-017   8.5985498476568105E-017   1.7161580967453804E-016   6.0840951977180421E-017  -1.1303809290265174E-017   4.1563623617071137E-016
  -1.8909914328320143E-016   8.8741897031605115E-017   1.2646216604269551E-016   3.0816786793681864E-017   4.3683540995587525E-017   2.1662153832105753E-017   4.5223223118423991E-017  -3.4848997968890772E-017   3.1666483935115866E-017  0.11979581463919470        1.8457358601768624E-016   2.9050411396492843E-017  -2.0536026611791229E-016  -4.2205232357600692E-017   7.6117011591401214E-017   8.2226751776348405E-018   3.8339775431359862E-017   6.3977795058409765E-016  -7.1748069808027538E-016   6.0229680853092597E-002  -1.2281357414104058E-016  -2.2664925230326640E-016   1.2140147976600092E-016   7.3855154354499877E-015  -9.8586672251761754E-017  -1.1971757253559377E-017  -9.6966036494375771E-017   2.6440436803538389E-016   7.2745367968581097E-015   1.3933760162259072E-016   1.4067614838965471E-014   3.4536252760182330E-016   4.1563935740184998E-016   7.8155447669074157E-017   2.6107058048492129E-016  -8.1481356799432127E-017   4.8724542211775667E-016  -2.9851099813417003E-016   8.8486192530213836E-016   5.0018966594521437E-002  -2.3988274942994288E-015   3.5424747852447478E-017  -1.4041013966798479E-016  -2.7501106091666829E-017   3.2871802543751114E-017   1.2906886884441421E-017  -6.3495204733234821E-018  -1.3810748557119623E-016  -1.1310998341505462E-017  -6.1864546180078528E-017  -2.5985112525669019E-017   8.2209951473441430E-017   3.0078761036389638E-017   8.6365722847236317E-018   2.7669875060148529E-017  -5.3425112419378044E-017   3.0694462336661016E-017  -1.1955293268944441E-016  -1.8880324950053922E-015   3.3156246784821184E-017  -3.7575263045882180E-018   2.7027778927622628E-017  -2.7768857733409411E-016  -1.8663681639285967E-015  -1.0247954011326366E-016  -2.6258313541975029E-015   7.9752757966929246E-016  -3.7054823430895188E-017  -5.5975641801786303E-018   8.0230558884570748E-016   1.0210027141511643E-017   7.8596966836602076E-016  -3.9806278945502254E-016  -4.8586352595279155E-016  -5.1890668134417983E-005   2.4338158219698509E-015   1.2481440498727800E-017  -2.7242360993618277E-017   2.2356031730687942E-003  -2.7891680443013902E-015  -1.7506377846585372E-015  -2.6267671317246843E-002  -2.0262712770359381E-016  -8.2219385683561069E-018  -1.4890782782071947E-018  -2.0131468969637173E-016   6.6439006041583049E-019  -2.0675420737216466E-016   1.8213158592982608E-016   9.8522507693052174E-017   7.0217293824398783E-017  -1.0746109885737645E-016   4.4577031747578758E-016
   1.9656295647872165E-003   9.9683337232379436E-016   1.2787346724822879E-016   5.9498423641595620E-016  -3.1063225059988109E-014   9.4175637023017244E-017  -4.1422569906779661E-015   6.6493512355282955E-017  -1.4639128021007852E-015   1.8457358601768624E-016  0.10140076061042164        2.9451124947119721E-015   9.8858114445199043E-017  -5.1015231104908698E-016  -9.7340247846076549E-014  -6.6226803787593563E-017  -1.4205700585000301E-013  -7.1866076660879483E-016  -2.9532561834021103E-016   2.2102819239312749E-016  0.27616628800984794        9.6638447562509054E-017  -1.7128754317862390E-016  -1.1225947304614008E-016   8.8827954880913833E-017   1.6458474968797746E-018   5.2919410083638133E-017  -5.0684114693683040E-017  -1.0592953603434021E-016   1.0653415977291261E-016  -3.3384426468861751E-016  -6.2091254451150839E-013  -1.3607217407854576E-016   2.5418242702606837E-016   1.0985290788191985E-013   4.0194026230367701E-017  -9.3876703027080112E-014   2.1017420606041693E-016  -1.5694825909511331E-015   5.5444376086427996E-016  0.15161244122098938        2.4521011349286505E-014   1.6529276779350755E-017   1.8500461688404575E-017   9.3196826089126786E-015   2.4853563146511306E-018   1.8586850147588736E-014   6.2410073012088819E-018   9.5283032764859409E-018   1.2770058261958674E-017   1.9718286808799875E-017   3.0434385957736962E-014   1.1799124288459579E-017   8.0678409978316734E-015   2.1254922231596272E-017   2.8445878920330941E-014   4.7371793893411642E-018   1.3738801925720608E-017  -1.0203190256589108E-016   3.2802875319357331E-018   8.3199789164455368E-018   2.0629537431068304E-017   2.7628121911357793E-017  -1.0852936109855177E-016   2.0926740250069499E-017  -2.1161558137665500E-016   2.8087574374138259E-013   1.4924803281101946E-017  -1.0982538576560746E-016  -3.1890954824380932E-013  -4.2675956691193090E-017  -2.4319980167462038E-013   1.4512885985775266E-015  -8.4280420416534138E-015  -3.0376216153321545E-016 -0.10686230128235587       -5.1511223572444876E-017   9.6519494217483391E-017  -8.6227494766783965E-017   9.5909305936658995E-015  -5.2119809881655471E-014  -3.1636571695482864E-017  -8.4556865475052098E-015  -1.3682200620412453E-017  -2.7177895381193051E-018   2.2173696689440553E-014  -3.3020081713355377E-017   1.4946501562067807E-014  -8.8078677218204629E-002  -3.0622285235047071E-002   1.0885632314982184E-002   1.1218671381123412E-002   2.1926428193738783E-002
  -2.2821160800952074E-016  -1.1394375698652918E-027   3.7407556132824969E-028  -1.7826981263423428E-028   1.0619401073144326E-026   1.6496535477054080E-028   9.4233746783866846E-027  -1.0204584127593763E-016   4.5598530976315615E-016   2.9050411396492843E-017   2.9451124947119721E-015   5.5302629381901845E-026  -3.4980143571018031E-028   1.9262720570158575E-028   2.1624477360495908E-027  -5.1921749298623533E-029   1.0654284171404786E-026  -2.7774734324700445E-017   2.2716390510031004E-016   1.0143188436626385E-017   2.7824792866874866E-015  -7.8647104839318698E-029  -1.4052914091502659E-030   7.3516313204962593E-029  -6.8614141437438659E-029   8.2492111155072752E-030  -9.1462309671170959E-029  -6.6402397859545918E-029   8.3345478406193963E-029   5.3007949326215281E-029   2.1768566746052945E-028  -2.8034518292051498E-026   3.5171390675785284E-028  -2.4184845945719543E-028   1.1908794409149910E-025   2.7948184756102524E-029   8.3025403701839693E-026  -2.2527153677987696E-016   2.0662646140866521E-016   4.6770639329900368E-017   8.9566142551500573E-015   5.7067824075793925E-027  -2.2987790940680958E-030   6.2581833011514988E-030   4.2626008530897161E-027   3.4646761273167571E-030   5.5812307657498557E-027   1.1314600460470819E-029  -8.1162118766406890E-030  -1.3944959592646058E-029  -8.3216410799862140E-030   5.8665679681656912E-027  -6.4851325171474305E-030   5.6275964044342154E-027  -4.0065637204252020E-030   5.1628118327732993E-027  -6.0167016378777088E-029  -1.5056491654428663E-028   5.9060918489372196E-029   7.3611572768246258E-030  -1.7085703873611357E-030  -2.2863646551353879E-030  -6.5008563085814127E-029   6.6153670576145239E-029  -3.2865137897618973E-029   1.0231409066954446E-028   1.8755336679794232E-025  -2.2130203591271856E-028   1.0785819246964462E-028   3.3458453824598176E-026  -8.2214568741594538E-029   5.4995783705806776E-026  -2.3950060200774521E-015   2.1269284537293731E-016   4.5419399826509614E-016   1.0539067113156271E-013   4.1466767588967400E-018   7.9716355576484762E-018  -6.0540904941867656E-019  -1.4630215920508846E-014   1.2024502059323247E-015   2.7724042038204091E-015  -5.9396827367922027E-026   4.5501613349373753E-029   3.4780293357394806E-030  -3.7482962244937024E-026   1.4543846817582340E-029  -4.2224472926041978E-026   1.8470297071202413E-013   8.4532685196294894E-014  -3.0527646869958348E-014  -3.3244987442459173E-014  -5.9899151491543128E-014
   3.9720443112422084E-018  -2.1193099970520241E-030  -2.8065142371823684E-029  -2.5538257091913136E-030  -1.0522660516780229E-028  -2.9669934970962470E-029  -5.5897937078675151E-029   1.2932851090272516E-016   2.1741044404341749E-017  -2.0536026611791229E-016   9.8858114445199043E-017  -3.4980143571018031E-028   3.1471021878822071E-029   5.2533951647802068E-030  -1.2824224120297440E-028   3.9067170765482913E-029  -2.3430873721611795E-028   7.3820211224595384E-017   1.5038903545887822E-017  -1.0808754729196069E-016   3.0706104282608597E-016  -6.0768352613400117E-029   6.7907996419937706E-031  -4.7862357746868744E-030  -3.6218913665309814E-029  -1.1647927158320187E-030  -3.9257551071498191E-029  -1.6723769406832438E-029   2.0404508855406042E-031  -4.1991923883989659E-030  -1.2603694384044176E-029  -4.9027208043801014E-028  -2.5540749609416258E-032   4.6931806374956294E-030  -6.2563514426040300E-028  -1.8791363383296350E-029  -6.5725567614643229E-028  -1.4295805592351669E-017  -2.2813057405523299E-017  -4.8183728003487855E-017   1.1470757527294014E-016  -9.9885453273661680E-030  -3.8210950226827631E-030  -4.6401415254394619E-031  -2.2858596349381038E-029   2.3250468518314621E-030  -1.8731124711991615E-029   9.6630979017248259E-031  -1.1028489472915181E-030   2.0996172795597049E-032  -2.3576540198126884E-030  -2.2788005468483172E-029  -3.0536502508405923E-030  -3.9814372824681631E-029  -7.5557910602774202E-031  -1.0999374490322425E-029  -6.7520211437432779E-029   1.1508330652326949E-029  -7.1469650444772409E-030  -1.7615900047402837E-029   1.9812026531897516E-030  -1.5774327906126378E-029   2.9807135692757558E-029  -1.2312414203924411E-029   8.6494028824786641E-030  -1.4964311017607627E-029  -9.7039531622000400E-028  -1.3587490798971334E-029  -2.2427654218822808E-030  -5.8018369715462533E-028   5.2211635369148280E-030  -6.1630432951727045E-028  -8.9552609660798162E-016  -4.1815381302820224E-016   4.9258638261932738E-016  -8.9512096115525806E-016   4.6758827638410486E-018   1.4621578371804330E-018  -5.0766704692664867E-018  -5.5067220608665322E-015  -2.5629177146802674E-015   3.0580617131464438E-015   4.1103144413646680E-028   4.1201351669130468E-030   1.0599035528448774E-030   2.8959904882855068E-028  -8.7388578497397997E-031   3.0890311590931473E-028  -1.4493911638580113E-015  -6.6023459394083112E-016   1.5901219122462276E-016   2.5429819906917765E-016   1.1458364932947897E-016
  -1.0950393690868534E-017  -1.0920416160002142E-029  -6.4010171625313462E-030  -6.2723673365403405E-030   2.0097445320007173E-028  -9.6598560420360205E-030   6.5398200282541830E-029   1.1107455067699611E-017  -6.9575684682752735E-017  -4.2205232357600692E-017  -5.1015231104908698E-016   1.9262720570158575E-028   5.2533951647802068E-030   7.5895774619350492E-030   5.1060980754162692E-028   1.2489769701268051E-029   7.6371340729433664E-028   8.7103311230503166E-018  -3.6792979045555874E-017  -2.3077843930439976E-017  -1.4087261010123427E-015  -1.7126459389999128E-029   7.1245396984308038E-030   3.2379837426973358E-030  -1.1849516311677118E-029   2.2693035830410237E-031  -1.2920462270757625E-029   5.9091508450267486E-030   3.0363074548330948E-030   3.1525563654564871E-030   5.7344275517254395E-030   3.0939781942097564E-027   3.1892022038368833E-030  -2.8092425405656729E-030  -1.2770573909006006E-028  -4.7043704572454451E-030   7.8409112601114869E-028  -1.9627384105312391E-017  -1.4980713501493743E-017  -3.1963285515650806E-018  -7.4649853099059805E-016  -1.0304348407351319E-028  -7.8821811892278585E-031  -6.4820802560194218E-031  -3.2755154726784928E-029   6.8623401806790919E-031  -7.5018147991110783E-029   4.3245968716672984E-031  -7.1016724365200649E-031   3.4847766888666181E-032  -1.0059891223445736E-030  -1.3773722018027402E-028  -1.1047282864842886E-030  -2.3509161186427595E-029   7.6548540751109033E-031  -1.2707256278952808E-028  -2.0674197193942164E-029  -1.4926883481497169E-030  -2.0094880680224124E-030  -4.3161407050934946E-030   9.1408415930835781E-031  -4.5398511629861204E-030   3.8277143638449501E-030  -1.5853506294960497E-030   1.0808073709049605E-030  -4.1215805287720399E-030  -7.6419312373601361E-028  -5.2803979686187840E-030   1.4801070911211041E-030   1.7710221884696131E-027  -2.7188392070814914E-030   1.4644084345671670E-027  -3.1816429245090538E-016   1.8450760137996844E-016   1.8916693118706530E-016   9.2054526374703290E-016   1.0111067707563066E-018  -1.7644837899019030E-018  -1.2655040542546933E-018  -1.9488919738407693E-015   1.1438639226169255E-015   1.1664400717838475E-015  -1.7415246251874267E-028   1.6196468373251346E-030   6.5617299090472531E-031  -2.5553850385184968E-028   1.3886214340428732E-030  -2.3614511319332648E-028   1.1077138727770325E-015   4.3839526915080001E-016  -3.3522425423769790E-016  -1.7801084188697610E-016  -1.1052678291848912E-015
  -1.9111310085240974E-015  -1.0829216493149481E-027  -9.2584177949123368E-029  -5.7999701190261123E-028   3.0771086140439023E-026  -9.2819139312217122E-029   4.8165673403161409E-027  -1.0959578912304728E-016   3.9266930505849315E-016   7.6117011591401214E-017  -9.7340247846076549E-014   2.1624477360495908E-027  -1.2824224120297440E-028   5.1060980754162692E-028   9.4072991040430275E-026   7.6193356446711510E-029   1.3771479223494683E-025  -5.3676290788066744E-017   1.8630441700993743E-016   2.5816101446277174E-017  -2.6555476173809818E-013  -8.5570100906593223E-029   2.5591566739315593E-028   1.6085911588996845E-028  -9.4041480173114815E-029   1.4446570511261130E-030  -5.7462521333970786E-029   1.9904227549780319E-028   1.4535127939141136E-028  -1.0569886541609421E-029   4.5215063201883476E-028   5.9559581171514245E-025   1.7563428149458449E-028  -2.6457847914600134E-028  -9.4855444364545285E-026  -4.0835412163955624E-029   9.8206651315560054E-026  -5.6823017592604138E-017   2.5025744340578519E-016   1.2845272628921541E-016  -1.4514384869035491E-013  -2.3076985041992883E-026  -1.7691415526967877E-029  -1.9995160508805990E-029  -8.5847187413734136E-027   6.3366163040292032E-031  -1.7382485527887648E-026  -4.4213312298924093E-030  -1.2459626619985811E-029  -1.2665071036508354E-029  -2.0694734898722919E-029  -2.8747370287879742E-026  -1.4482826301088530E-029  -7.2613469446065768E-027  -1.2307296383829181E-029  -2.6908585023404686E-026  -1.1735324596010767E-029  -3.9887294191000486E-029   8.8477110733087564E-029   5.8895156674432389E-030  -3.8189757457924797E-030  -1.7487643952014656E-029  -8.4941564323688339E-030   1.0455019984286797E-028  -2.1461232263080569E-029   1.7408457871245096E-028  -2.5319395328156321E-025  -4.1733587197589567E-029   1.1938696381530916E-028   3.1053532350874647E-025   1.9824557480600746E-029   2.3948446318626786E-025  -1.4500726123174143E-016   1.1314327465536517E-015   1.2674998396720177E-015   1.1213163673300632E-013  -1.6787754208711159E-018   4.4689423491048058E-018  -1.7819106496738363E-018  -8.6339402604554271E-016   6.8368915140734689E-015   7.7379031540986570E-015   2.7497144369975891E-027   1.7262080318301905E-029   2.1289585617600748E-030  -2.4786196451346320E-026   3.8283882948074060E-029  -1.8245647538301179E-026   1.0097178759612306E-013   3.7197071010379692E-014  -1.0332337929083425E-014  -1.3673060649288403E-014  -1.3482156576485899E-014
  -6.7614667452015136E-019  -1.4231348553665382E-029  -3.6763207580507540E-029  -7.0123252988265037E-030   1.1170136676470528E-030  -4.3240626031776705E-029   1.5093033554902393E-029   8.6539091276983838E-017  -5.4364895803253245E-017   8.2226751776348405E-018  -6.6226803787593563E-017  -5.1921749298623533E-029   3.9067170765482913E-029   1.2489769701268051E-029   7.6193356446711510E-029   5.8078879126982212E-029   6.3232084351967172E-029   5.5527069154768115E-017  -2.5393751361116831E-017  -5.6268802163138672E-018  -1.6913027032398328E-016  -8.0168856557334842E-029   1.1131493366107555E-029   2.3032345625094196E-029  -5.0967472392183566E-029  -1.5195056177384186E-030  -5.4206328698079909E-029  -2.0481257004101489E-030   2.6846342771114842E-029   4.0441139796976416E-030   4.2769134180733509E-029   5.0064692436554465E-028   7.3984201874040614E-030   2.8787218213784075E-030  -1.8223341370202427E-028  -2.6481226905367153E-029  -2.0718276416181936E-029  -5.7158523643597315E-017  -3.7753250972189102E-017   7.9205417650518971E-017  -1.0904725183249391E-016  -2.0266663310558048E-029  -5.8015726148929716E-030  -1.3646771626180993E-030  -1.7114388785114179E-029   3.6771802217484506E-030  -2.1854294934635371E-029   1.1560326549274976E-030  -2.1635357699271512E-030   2.9079119387488351E-031  -3.6741068503316465E-030  -4.7650101834103097E-029  -5.0845678548049564E-030  -2.7799925371773241E-029   1.2969628105082594E-030  -3.5207753180569329E-029  -9.1780378067550606E-029   1.2745519801297704E-029  -1.8304096550114343E-029  -2.1065722692222292E-029   3.9584477735072769E-030  -2.0335551487483943E-029   3.9907223169734800E-029  -2.2685686246634698E-029   1.3420615474263482E-029  -3.4657396769372292E-029  -4.6686160186865763E-028  -2.2714585836603034E-029  -7.3331689333595245E-031   2.0990407163475829E-028   1.6165139203516484E-030   1.4735226236437556E-028  -1.2232582268603233E-015  -1.9736132715621484E-016   9.9350540881601946E-016  -1.7149248365322395E-016   4.7054097836688106E-018  -5.1585784333106826E-019  -2.3566255361623851E-018  -7.5024736053689123E-015  -1.1956532170024165E-015   6.0763497823989436E-015   1.0858653061759900E-028   6.6897492775406242E-030   1.8962586520913123E-030   4.3145897561603601E-029   6.8766040251648308E-031   4.9867174724384381E-029  -3.5711630772407821E-016  -1.7846013310648045E-016  -2.3408370078820910E-017   6.5806216196899622E-017  -2.6621853931826866E-016
