   7.2749998156357148E-006  -1.5097745072411354E-011  -9.2048471907557401E-011   6.1924399373864251E-011   1.4444775650916198E-010  -3.0174193920188728E-010   2.7990930423103693E-011   2.4184732661891307E-011  -1.4152065424587517E-010  -1.6863249257018333E-010   5.7037081756482829E-004  -3.5095285454954299E-010  -4.0935844713474281E-009   7.0523872861609195E-010   1.6231068112721558E-003  -7.4768672411165860E-010  -1.0790373504559483E-008   1.5900796165963322E-010  -5.0599492950155923E-010   3.4590549903683075E-010   9.5253329345799685E-011   4.1777542997932735E-010  -2.5426129202949308E-010   2.1150469341439968E-009   6.3576892175067727E-011  -2.4250516954523389E-011  -2.0241257602375687E-011  -3.2353079626935066E-011   5.9465201871894915E-012  -5.2944321279642921E-011   7.8177793064229955E-012   1.7844722669282708E-011   1.3761867976668691E-011   1.7862753936669650E-012   1.6472722643597576E-003  -7.1430109348781615E-010  -1.0886039824212760E-008   5.6447979236971147E-011  -3.3369316074678137E-010   1.8447452351129372E-010   5.2023504768368586E-011   2.2381033077465919E-010  -1.0847146755559375E-010  -1.4245735878092310E-011   2.7528950437416772E-012  -1.9104529862409586E-011   8.6346677202813247E-012  -7.2969550297750883E-012   1.6389669808990517E-011  -2.2435880118786957E-011  -3.1154575901277298E-012   2.6407493586324026E-011   2.1426657427981856E-011  -3.0559133573673233E-012   2.5217973613654302E-012  -3.2665959517127921E-012   2.9170720179728795E-012  -7.4706397617596701E-012   9.9530038877434658E-010   2.6696156733227480E-011  -8.0408228857143668E-012  -9.2691100416158806E-012  -1.6390762308114340E-011   8.1928726020074675E-013  -1.9426031304978788E-011   4.3338202720850280E-012   3.1218528942409353E-012   2.2263910624974530E-012   4.5818968152324436E-012   6.5939637236878481E-004  -2.7626442846077706E-010  -4.2756938004952923E-009   1.0228366538642127E-010  -2.5283356045206458E-010   1.7385038169879720E-010   3.2977567909724614E-011   2.4972005586462856E-010  -1.3526124297579575E-010  -1.1825052912347137E-009  -9.1427513035193279E-004   3.6531928202947588E-010   6.9495055237161803E-009  -1.2011123734284902E-009   3.7976256977060484E-011  -4.7383514339045204E-011   4.5107902517035824E-011   4.7328083591350137E-012   7.1394462669109075E-011  -4.2709065684476567E-011  -3.9993732114741228E-005   1.7636041907948840E-011   2.6462247820334070E-010  -2.9129875295036675E-010   2.3825701878544111E-010   3.6327613053140723E-010   1.4551134289114629E-010
  -1.5097745072411354E-011   7.2748681824792432E-006   2.8410942563921125E-012  -9.9218935247820319E-011  -3.1081368390174280E-010   2.1761475561761130E-010   6.9146333907878399E-011   5.6077833156676529E-010   2.9529409153414876E-011  -2.4996464548485160E-010  -9.8045824624659270E-010   5.7036505924849693E-004  -7.8147370848917196E-010   1.4407393419961466E-009  -2.6300288294951434E-009   1.6230921176652886E-003  -2.6537460174323982E-009   4.5470303465532239E-010  -2.5037670750729111E-010   5.1808023118688976E-011   4.2616856995398940E-010   2.4296698516251617E-010  -8.8087156686410406E-010   4.9941440710982403E-009  -7.3633351398804312E-012   1.8915410024015994E-011  -6.9676894866670767E-012  -9.5558125004909899E-012   1.4946998452728815E-012   1.9434758266364556E-011  -3.3335193262910138E-011   1.4641794113463288E-011   2.5808629422053572E-011  -5.7199394218155393E-012  -2.6233621697796538E-009   1.6472576655378560E-003  -2.7163050928854913E-009   3.4036681838360268E-010  -1.8871872293139787E-010   2.1199223057837886E-011   5.9036913405555170E-011   1.3284145288537312E-010  -3.9940332593211996E-010  -4.5655404617556867E-012  -6.5954464560837867E-012   3.0438171035219648E-012   1.3642423739353017E-011  -9.3070892968621934E-012  -5.6226705457845513E-012   1.1494903681178480E-012  -7.0613501950585063E-012   7.3065151921874341E-012   2.2193975449094342E-012  -3.4206604027883872E-011  -1.0517433159853533E-011   4.6445466201448541E-011   1.7454524955072945E-011  -2.3239479173516674E-011   2.2368428403574588E-009   2.3023771696757136E-012   1.9434254792145214E-011  -1.2874772720538974E-012  -5.7683463086854772E-012  -4.5371667641104927E-012   2.6793788180238866E-012  -1.0649758156922939E-011   2.6477906382192460E-012  -5.1459271582574145E-012  -1.0139179214003386E-012  -1.0282676392018630E-009   6.5939065764523334E-004  -1.0668799812991308E-009   3.1633121482193698E-010  -1.5745271219646118E-010   1.6604844851523851E-011   1.4942172599804650E-010   1.2152613916969602E-010  -4.6575305311270020E-010  -2.7664574398490360E-009   1.6194745536344804E-009  -9.1426625196849344E-004   1.8632911177551341E-009  -2.8989949053501621E-009   7.7275177984267114E-011  -3.4844305856316017E-011   3.6893287107278032E-012   6.6030260376670895E-011   3.1558724496500919E-011  -1.4330544825724826E-010   6.3914276239736279E-011  -3.9993375812110132E-005   6.5676043363785241E-011  -7.0428088203853426E-010   5.8293357632129796E-010   8.9813472307037823E-010   3.5524363819317035E-010
  -9.2048471907557401E-011   2.8410942563921125E-012   7.2748289798404748E-006  -1.3594224894429269E-010  -2.0463728333011556E-012  -1.9627818768878457E-010  -7.9089649241116770E-011   1.8669137486648884E-010  -2.3933121902004011E-010  -1.8464499083550166E-010  -3.7201276995611300E-009   1.1784042430174935E-009   5.7036309963864082E-004  -1.8012077383437827E-010  -9.6620285118893464E-009   3.2580344078187886E-009   1.6230878367034301E-003   2.7712345035131807E-010  -1.8646466282962044E-010  -3.0561924830642064E-010   1.3045027933750521E-010  -7.5403521723857190E-010  -4.0757370685859815E-010  -3.0479453074179433E-010   6.9089760454619529E-013   2.9137888492329200E-012   1.5677242952869839E-011   1.3533309973779748E-011   1.0497894302488014E-011  -1.4460250921572292E-011   2.3372370147436956E-012   5.0995724188908405E-011  -6.0495194216501810E-012  -4.9695353717351997E-011  -9.7424704431798072E-009   3.2785328957239568E-009   1.6472533954426096E-003   1.5230763721295813E-010  -8.3229051317686916E-011  -1.8649039485770852E-010   5.9719142518488631E-011  -4.9705096264736166E-010  -2.1202661281909228E-010   8.6746515465909650E-012   2.2433428295403140E-012  -1.4435289505509495E-011   5.8488398452856314E-012  -5.1086196726909773E-012  -2.1086957814604730E-011   1.8908341604091276E-012  -1.2356937072471518E-013  -5.5466033244322594E-012   1.4527394039297424E-011   5.1707446878824908E-012  -3.7909453240260847E-011  -1.4931921039755852E-011   4.1717179784172732E-011   2.0504613437343247E-011  -1.7949809583525218E-010   4.1396901902565477E-012  -6.3487782627892722E-013   2.2140027285209617E-011   3.2710143119171514E-012  -3.6647030809129432E-012  -8.8249965076559609E-012  -6.2819960746398301E-014   3.0048520163497365E-013   7.1916002492886464E-013  -1.6726321518355257E-011  -3.8255421240272131E-009   1.2936382631202520E-009   6.5938896812717045E-004   1.6310087562656008E-010  -9.3683403588834632E-011  -1.4224610529447782E-010   6.3515364581634843E-011  -4.0148552369304129E-010  -2.2661625694753009E-010   2.0402146343416333E-010   6.1984579227793487E-009  -2.0735880616451093E-009  -9.1426372675492871E-004   1.9259729199180796E-010   4.5417719153147228E-011  -2.8311784974327118E-011  -2.8802059160685814E-011   1.7705264882781298E-011  -8.2804461338176338E-011  -6.3122987859521523E-011   2.3690830679811732E-010  -7.9606360345160151E-011  -3.9993271535962140E-005   4.7964290650171344E-011  -3.8357221005980854E-011  -5.7770459339608757E-011  -2.3241815836209091E-011
   6.1924399373864251E-011  -9.9218935247820319E-011  -1.3594224894429269E-010   7.7790390175671512E-006   7.7541767966490022E-012   4.1793777845221872E-012  -2.6932973865548446E-011   5.6621493338773691E-012  -6.9049733791942703E-012  -1.3416710569771442E-011   4.4978854109303322E-009  -8.7908776085362126E-009  -1.0649315194215851E-008   9.7758609295508885E-004   1.2477110419898363E-008  -2.5203641357265067E-008  -3.0118174701924849E-008  -4.2337523965689865E-011   1.0634333856905245E-011  -2.1644603015472187E-012   3.1034181716288834E-012  -2.9799789857154973E-011   3.9232796351351306E-011   2.5941959377329018E-003   2.5581000752038724E-011  -3.2267254718509630E-011   4.2007492446432981E-011   2.6129387251607627E-012   1.5380412576916128E-011  -3.6933481040645847E-011   9.9962965204284345E-011   2.5017117865936184E-011  -1.0184714012531457E-010  -4.9957196004968924E-011   1.2549664969408446E-008  -2.5837545452990845E-008  -3.0534430489297283E-008  -4.1634335791281056E-011   3.5392311972262901E-012   2.0622244393207638E-011  -1.0286759631891515E-011  -2.5682374020208154E-011   5.1914866179231094E-011   4.2901256980192049E-012  -3.1266910870759218E-012  -1.3758008581803119E-012  -3.1963938101467887E-012   2.6137307397796305E-013  -4.3372632083512791E-012   5.9696560021269095E-013   2.4458842899287741E-012   3.3939846666017810E-012  -4.4725302686406117E-013  -3.3638819188103701E-012   1.5560871889780418E-012   9.1064575872742368E-012  -1.7509033883284079E-012  -2.7140693936138446E-012   1.1954564845759056E-003   1.0329476090209076E-011   1.4901818490564313E-011   1.1430185460507268E-011  -1.0361153777184768E-011   7.7050941382700638E-012  -3.4973147197882937E-012   3.0801745690514138E-012   4.1005752746143787E-012  -1.9034307489100005E-011  -1.1575945074440176E-011   4.9796233639817533E-009  -1.0063056433700263E-008  -1.2020250081247513E-008  -5.6217955103418640E-011   9.6551292723899340E-012   1.7337129059711889E-011  -3.0848147598269036E-012  -2.8095553061969751E-011   5.9303233448824171E-011  -1.5791445584566589E-003  -8.2215349443174369E-009   1.7168017663438166E-008   2.0133334049750771E-008  -1.6462751346087380E-003  -1.9549975983569978E-011   3.6965863852719955E-012   6.0147054802902507E-012   2.0145205342324310E-013  -8.3439862655750735E-012   1.9348819032463369E-011  -2.9766828325466439E-010   6.4466282250212744E-010   7.3929959447354398E-010  -4.1193727889921749E-004   3.4953654186875810E-004   5.5570509612228394E-004   2.0707302217783509E-004
   1.4444775650916198E-010  -3.1081368390174280E-010  -2.0463728333011556E-012   7.7541767966490022E-012   1.6186879734038962E-014  -1.5259055821073680E-014  -2.4087879440057164E-015  -2.3569799660728048E-014  -4.0183047877725058E-015   7.3829193547883673E-015   1.1346250003553237E-008  -2.4421721752063331E-008  -1.6253923260971851E-010   1.0018922841050169E-009   3.2280762848594208E-008  -6.9478832677588568E-008  -4.6174939446823368E-010  -1.6418315658911963E-014   7.1905905714370147E-016   4.7468170424392193E-015  -1.6401526952603903E-014  -1.9076566307680221E-015   3.2819839647483642E-014   2.6537599807504704E-009   1.6076320180237826E-015  -1.3328795569339660E-015  -6.6479301869187685E-017  -2.3552290482614990E-016   6.9425893302041379E-017  -1.9213425483207756E-015   1.6870439824856441E-015  -2.6121994850791835E-016  -9.3053523050930536E-016   2.4425272446967162E-016   3.2766478952816653E-008  -7.0526031541988297E-008  -4.6914960855623234E-010  -1.3559205879230255E-014   1.4640366324407130E-015   2.8365923542318224E-015  -1.4684626956684917E-015  -1.1181031727735825E-015   1.5027645691305807E-014  -8.5923149833093856E-017   3.3319462172595642E-016  -5.0763726853640191E-016  -4.1719171558402175E-016   2.5499543403778142E-016   5.6813526669307750E-016  -4.9530526103173720E-016   2.4290285424362576E-016   2.1749429754692793E-016   3.2658842999628105E-016   1.3984540545398726E-015   5.1268423274655553E-016  -2.0393551493948855E-015  -7.0274566253867669E-016   8.3753294328124947E-016   1.2412055654371042E-009   4.3878880064284063E-016  -9.6454108587170776E-016  -1.2198737553683002E-016  -9.1211313729951783E-017   2.1624531163418006E-016  -4.9748825347039727E-016   5.3931717638656698E-016  -4.6420559795769861E-017   2.4096358419009068E-016   1.2552395134834011E-016   1.2925508978749525E-008  -2.7754930850824724E-008  -1.6809473542775242E-010  -1.1569382599457271E-014   1.7499152513366074E-015   2.8054126118919988E-015  -5.8607353599801009E-015  -1.4555975964180046E-016   1.7430122357587551E-014  -1.4332833236972117E-009  -2.1017538225289037E-008   4.6213260511197389E-008   5.5280946338195032E-010  -1.4113455719947308E-009  -2.5106958317061518E-015   5.6826175660995907E-016   7.5068453538520963E-016  -2.8852413483911510E-015   8.5844126929364191E-017   5.3959378907445122E-015  -7.9455582613777164E-010   1.7098533434302579E-009   1.1289825189735055E-011  -3.3894931831385071E-010   2.6304772393044847E-010   3.7506688678589598E-010   1.6760347508427687E-010
  -3.0174193920188728E-010   2.1761475561761130E-010  -1.9627818768878457E-010   4.1793777845221872E-012  -1.5259055821073680E-014   2.4380644188865926E-014   3.0331247363394825E-015   1.0755232263431753E-014   1.3238758954282200E-014   4.5038232492614961E-015  -2.3716623178619448E-008   1.7098494800565237E-008  -1.5423243227607626E-008   5.6063473923547643E-010  -6.7470150435807011E-008   4.8644608609034269E-008  -4.3878338225428382E-008  -5.0851368332453387E-016   1.8571238876093748E-014  -4.5690370561164184E-015   5.3014970830905515E-015   1.0274601318548515E-014  -4.7929837285459654E-015   1.4816441287669461E-009  -2.8756769107781075E-015   1.4841582649071189E-015   2.3105937389021531E-016   6.9703412896984957E-016  -4.7849717229160977E-016   3.1610932157410402E-015  -1.3317157455984848E-015  -1.6664147386584477E-015   3.0253120581675068E-016   1.0698574959743669E-015  -6.8488922761599623E-008   4.9377738987229893E-008  -4.4539872778473220E-008   3.7501588463129166E-015   1.0501389749618832E-014  -1.9704446115014907E-015  -2.0537278548187335E-015   8.1092523038474578E-015  -1.6964278522691872E-015   2.2322182221893140E-016  -3.7459729502191584E-016   1.2747996152102015E-015  -1.0993386308397863E-016   1.6269178124110440E-016  -2.8218405218396481E-016   9.1625588822212049E-016  -7.7407139846382916E-017  -7.2671062184399995E-016  -1.2171040076764002E-015  -1.0398502834843200E-015   6.0564979036284094E-016   1.9365542224834074E-015  -7.2691449195051084E-016  -9.4179256456323197E-016   7.0584079236434350E-010  -1.1330899277446747E-015   9.3148091437584964E-016  -2.4241548580477024E-016   4.0958764087129179E-016  -6.4982009016007379E-017   1.1106177848773817E-015  -4.9129370744260491E-016  -5.5830913881175706E-017  -2.7233590190297109E-016   2.2230370152571128E-016  -2.6883779168503940E-008   1.9434068361825673E-008  -1.7521364951275517E-008   7.2439415731310472E-016   8.2833833226615744E-015  -2.8920348055683933E-015   1.4639015870827723E-015   4.0413459210467104E-015  -2.1882988663378532E-015  -6.7133863831101488E-010   4.5909303959360929E-008  -3.2327740928500629E-008   2.9288305447505385E-008  -5.9546591947846235E-010  -6.0582573063967154E-016   1.6013173937169722E-015  -1.0071182829407814E-015   1.4211931990295269E-015   1.4387788032363514E-016  -8.1536744896280937E-016   1.6601106309435460E-009  -1.1971376132255101E-009   1.0798020011028706E-009  -1.2836397345375108E-010   9.7547417473824826E-011   1.3533502704631956E-010   6.2416137599339906E-011
   2.7990930423103693E-011   6.9146333907878399E-011  -7.9089649241116770E-011  -2.6932973865548446E-011  -2.4087879440057164E-015   3.0331247363394825E-015   1.7264947551953000E-015   3.3783648839494832E-015   2.3698508592219432E-015  -9.6957553637110660E-016   2.1984625441748844E-009   5.4334144370710764E-009  -6.2165991160106225E-009  -3.5640699626974218E-009   6.2548096532479182E-009   1.5457735318529456E-008  -1.7685232405015716E-008   2.0742679413705583E-015  -2.3388656899643380E-015   5.1648418120622514E-015   2.9972044958650718E-015   1.2246282326981523E-014  -5.0714672136359696E-015  -9.4266788632403509E-009   7.3359525447532733E-017   1.7402730956885298E-016  -4.7193362125381069E-016  -3.7306207256994318E-016  -1.3367588875321021E-016   2.7463986996015462E-016  -6.7979081693614175E-016  -4.3895977181537013E-016   7.3800951326834966E-016   6.7894265456035378E-016   6.3488836129809086E-009   1.5690801248686121E-008  -1.7952322713467158E-008   1.9630419563019697E-015  -2.1936974853464072E-015   2.8674986950864536E-015   1.3849570596090081E-016   7.6411914541085071E-015  -2.1015148575471049E-015  -2.0860565896336626E-016  -6.5189544143255421E-017   1.1772346746774563E-016   1.1117682473595575E-016  -6.2040738563219896E-017   2.5525554753266894E-016  -9.8285716241978293E-017  -8.6918446207734767E-017   2.1932529500069276E-016  -5.2938327967806149E-017  -3.8146217855636960E-016   3.1689305168828525E-016   5.5890467988862893E-016  -2.7065034166352203E-016  -4.6348387247176113E-016  -4.4614412302830287E-009   4.1620594939294161E-017   1.0392431467246719E-016  -3.2665325912077734E-016  -1.1425646356728636E-016  -2.8092578490464154E-017   5.8416139240215892E-017  -9.3257704537106064E-017   1.8891841581781549E-017   2.1195693114767799E-017   2.2939344825441203E-016   2.5059699442708707E-009   6.1719085863406528E-009  -7.0450559073715863E-009   1.8191570640907257E-015  -1.4743919018385125E-015   2.3108066816345580E-015   8.9052050744905776E-016   6.5779243018647159E-015  -2.7096754132931152E-015   4.5654966194613456E-009  -4.0500768883127738E-009  -1.0327275655325081E-008   1.2059331014774225E-008   4.2280111886027897E-009   4.3735624050631278E-016  -2.0178035456232871E-016   4.9527464356582949E-016   4.8315593186204886E-016   1.4817522913196050E-015  -9.2051332657905818E-016  -1.5396205849866055E-010  -3.8039662824987326E-010   4.3513952184778856E-010   9.5564763806533098E-010  -7.3331049922735083E-010  -1.0305026274860480E-009  -4.6824323004005058E-010
   2.4184732661891307E-011   5.6077833156676529E-010   1.8669137486648884E-010   5.6621493338773691E-012  -2.3569799660728048E-014   1.0755232263431753E-014   3.3783648839494832E-015   4.8189013278072834E-014  -4.3533395186229391E-015  -2.4619213556357021E-014   1.9020806865457559E-009   4.4055792963705576E-008   1.4669391416065927E-008   7.6008264139485595E-010   5.4107909766426008E-009   1.2533924396298468E-007   4.1733699580927020E-008   4.2734413713154043E-014  -2.5804720547734283E-014  -2.7043959521756901E-015   3.6615787690622480E-014   7.5120314397602845E-016  -7.9350199165777371E-014   2.0089228388588079E-009  -3.1523849636147334E-016   1.4398221706831531E-015  -1.6586167181402287E-016  -4.9897930171833104E-016   4.1315798894615318E-016   9.2191545561366696E-016  -2.4132552038606641E-015   2.5219852942343756E-015   1.7979136143503385E-015  -1.7561573940277830E-015   5.4927561611686828E-009   1.2722680954266188E-007   4.2362820419969817E-008   3.0376971939050879E-014  -1.7841446897119280E-014  -2.5354262240591565E-015   6.1793733403084464E-015  -1.8088236894385750E-015  -3.6556314230434120E-014  -1.7361893974777321E-016  -4.4479962865220799E-016  -2.0069779829404411E-016   1.2300621952985502E-015  -8.7422992471591464E-016  -9.2509234172933889E-016   6.3010641179459622E-017  -5.5699282411776882E-016   5.1222293753564737E-016   6.1585538872197902E-016  -2.5212176115359765E-015  -1.7771123090909847E-015   3.1987493748537581E-015   2.4287243556299001E-015  -1.2943428583534494E-015   9.5660570396877137E-010   3.7554306715838997E-016   1.4521829339455769E-015   4.4162017388057614E-016  -4.1838896067753964E-016  -4.3016573368059959E-016  -8.5455864464700503E-017  -7.9863735074014143E-016   2.2357624742061275E-016  -3.8068486371273487E-016  -4.9581199561551464E-016   2.1463779501295013E-009   5.0127770577377848E-008   1.6667750955244461E-008   2.8887696002947660E-014  -1.5365440949543051E-014  -1.7705509472116776E-015   1.3438005536718156E-014  -8.8803851533326203E-017  -4.2325711685791037E-014  -9.1446997513045035E-010  -3.8255630508171224E-009  -8.2495821682020234E-008  -2.7815037822665871E-008  -8.1368365231032760E-010   7.1759103013799010E-015  -3.5068110138235253E-015  -2.7690732211760168E-016   5.8027682979084084E-015   5.9197200195864388E-016  -1.2978679204165200E-014  -1.3309007023008430E-010  -3.0848229471561181E-009  -1.0270370395363163E-009  -1.7605814093147144E-010   1.3375632811980438E-010   1.8548874240780059E-010   8.5648881905806925E-011
  -1.4152065424587517E-010   2.9529409153414876E-011  -2.3933121902004011E-010  -6.9049733791942703E-012  -4.0183047877725058E-015   1.3238758954282200E-014   2.3698508592219432E-015  -4.3533395186229391E-015   1.0781036264122199E-014   8.3716444259598667E-015  -1.1122848624096801E-008   2.3198826801130264E-009  -1.8810939903965184E-008  -9.2033453257840725E-010  -3.1643024277514730E-008   6.6000762276085458E-009  -5.3514487448787806E-008  -1.0354728649451949E-014   1.4983185853254583E-014   3.5429512862715364E-015  -4.4268293357800007E-015   1.7723891345833502E-014   1.4781558712216765E-014  -2.4331874470736558E-009  -1.3215217834518539E-015   4.8566014742659369E-016  -1.9545285537154536E-016   1.4486632667723530E-016  -4.6981054338960834E-016   1.6281422702054322E-015  -4.6006128687362816E-016  -1.9928633493167100E-015   1.3157746611282951E-016   1.6310829534397354E-015  -3.2120677178268499E-008   6.6994822819022047E-009  -5.4322442659936892E-008  -4.6789743088047704E-015   8.4981881154986253E-015   2.6261761408257334E-015  -2.7393831212456135E-015   1.2601907208107466E-014   7.4183580680635757E-015  -3.0950649504995818E-017  -1.5155455852291752E-016   8.6202126747984078E-016  -3.0260386319838691E-016   2.7263801532234453E-016   3.5697183248112510E-016   3.7915709021973520E-016   3.3750545446557445E-017  -3.0536005971070551E-016  -8.8717752808541033E-016  -2.4679357501376879E-016   1.1563919571885612E-015   7.3612730409679172E-016  -1.3596046869738006E-015  -6.2227365645383464E-016  -1.1555050699256944E-009  -6.4928765654860158E-016   2.3971122891369182E-016  -5.5714627420607626E-016   1.9587553609281651E-016   7.8129220169187927E-017   6.7523813896374279E-016  -1.2767492070618696E-016  -6.3356343521065429E-017  -6.8416619110949066E-017   4.6250023429405713E-016  -1.2613687775771482E-008   2.6392116469535518E-009  -2.1327007468021019E-008  -6.0645447025210177E-015   7.3480337346576231E-015   1.3313345350529482E-015  -2.1155722881533588E-015   8.8267403678399808E-015   8.1801183200152790E-015   1.1390059563939249E-009   2.1450290945887803E-008  -4.3500669664895567E-009   3.6354545930760196E-008   1.0324391141527384E-009  -1.9524075229912459E-015   1.6634406167624389E-015   4.9510960864674101E-017  -3.8913057666143249E-016   1.3927318892319535E-015   2.3415379234603843E-015   7.7860442113272140E-010  -1.6243789342015763E-010   1.3167478165807938E-009   2.2800942641186862E-010  -1.7445197890233353E-010  -2.4425399551662849E-010  -1.1133177351103874E-010
  -1.6863249257018333E-010  -2.4996464548485160E-010  -1.8464499083550166E-010  -1.3416710569771442E-011   7.3829193547883673E-015   4.5038232492614961E-015  -9.6957553637110660E-016  -2.4619213556357021E-014   8.3716444259598667E-015   1.7236294712510039E-014  -1.3248331079425413E-008  -1.9634071104451056E-008  -1.4506851267548567E-008  -1.7620312355352491E-009  -3.7691554891073758E-008  -5.5860410958514789E-008  -4.1271947593064756E-008  -2.6316095322817298E-014   2.5085660866291616E-014  -2.0424216292739145E-015  -2.0214260680158062E-014   1.1564537354808874E-015   4.6530356729101906E-014  -4.6628308542992365E-009  -1.2923951036342608E-015  -1.0694072847890167E-016   2.3233854115294177E-016   7.3450212790310508E-016  -4.8258477500971933E-016   9.9942929378851759E-016   7.2620534772733115E-016  -2.2607667541100837E-015  -8.6737238878577711E-016   1.5119075324059327E-015  -3.8259236225099053E-008  -5.6700777684186202E-008  -4.1893668170314613E-008  -1.6817763053681306E-014   1.6377410117179312E-014  -3.0116783314845236E-016  -4.7109100418211357E-015   2.9269274695738527E-015   2.1528664930449288E-014   2.5954186090351738E-016   1.1160519036594871E-016   7.0833513792904387E-016  -8.1287028609758929E-016   6.1923447066993213E-016   3.5695728304345726E-016   4.3229460365915037E-016   3.1408982606920341E-016  -7.2971745946740087E-016  -9.4244378263105612E-016   1.1227637594547514E-015   1.2644279206674902E-015  -1.1593947747033059E-015  -1.7259785225010434E-015   4.5681010931802719E-016  -2.1978847704969348E-009  -8.1433243336169941E-016  -4.8764271368889323E-016  -3.1963341367662046E-016   5.0960086921670252E-016   2.1391997787143150E-016   5.8294428190644723E-016   2.5932004310317876E-016  -1.7715590905739393E-016   1.3972232122876500E-016   3.7028866795504923E-016  -1.5071886275396836E-008  -2.2372839029622227E-008  -1.6499655502184521E-008  -1.7318310369567747E-014   1.3615525053219511E-014  -1.0348628499158278E-015  -7.5772698739366985E-015   2.3436436851809593E-016   2.4895585991671307E-014   2.3477904683494186E-009   2.4843118192170032E-008   3.6282569458228532E-008   2.7262221853521091E-008   2.2250440729662644E-009  -4.6652137662483598E-015   2.9385488404576283E-015  -4.7377745692233485E-016  -2.9175269146608857E-015  -6.7781585351215113E-016   7.5827405751206694E-015   9.2764591773873152E-010   1.3749695931312725E-009   1.0157471519572651E-009   5.1500603659133914E-010  -3.9680320409174227E-010  -5.6055499790507869E-010  -2.5325136962361517E-010
   5.7037081756482829E-004  -9.8045824624659270E-010  -3.7201276995611300E-009   4.4978854109303322E-009   1.1346250003553237E-008  -2.3716623178619448E-008   2.1984625441748844E-009   1.9020806865457559E-009  -1.1122848624096801E-008  -1.3248331079425413E-008   4.4823895895626763E-002  -1.1536540346327001E-008  -4.5918181332436340E-008   9.1047371291108763E-009  0.12751928987685066       -1.3074841328395979E-008  -6.3312571850400603E-008   1.2505665218021511E-008  -3.9737980725484919E-008   2.7180054390374066E-008   7.4807364411661764E-009   3.2830697899425962E-008  -1.9986401838885658E-008   4.3313159560221298E-008   5.0095326119771689E-009  -1.9089447783112293E-009  -1.5948271576909348E-009  -2.5497906182716243E-009   4.6869487299001477E-010  -4.1712063691255525E-009   6.1655063044386958E-010   1.4029718800982693E-009   1.0817555073323860E-009   1.4300077750871517E-010  0.12944321996214078       -9.8062729186887410E-009  -5.9089198437018163E-008   4.3966946791423413E-009  -2.6281198158609450E-008   1.4480279426124585E-008   4.1056478362634036E-009   1.7579088193533767E-008  -8.5023412985656293E-009  -1.1190281980689579E-009   2.1633707334624628E-010  -1.5008588589004859E-009   6.7819435984267862E-010  -5.7336442035291600E-010   1.2875123974660744E-009  -1.7626097233647910E-009  -2.4477389036368359E-010   2.0745423004362158E-009   1.6833027434830985E-009  -2.3999108246900366E-010   1.9816880408687313E-010  -2.5662175951938575E-010   2.2919497132555212E-010  -5.8686042192396698E-010   2.1498687168034001E-008   2.0733323684100426E-009  -6.2559603829612987E-010  -7.1982564083575310E-010  -1.2742263046867236E-009   6.2635935842380046E-011  -1.5074518856623304E-009   3.3742538817284507E-010   2.4295478723997071E-010   1.7289223382535521E-010   3.5543869812559541E-010   5.0868226025775953E-002  -2.8412069341299289E-009  -2.1393846862574556E-008   8.1075554292976167E-009  -1.9746695120698992E-008   1.3661975090742562E-008   2.5665861120130869E-009   1.9652433631215539E-008  -1.0674142343906197E-008  -1.9077074545643705E-008  -8.5904040766379045E-002   7.2966137226819608E-009   4.1002511763007715E-008  -1.7914834014689979E-008   3.0926435421385926E-009  -3.5180227087024742E-009   3.5505861690637188E-009   3.2299617814719997E-010   5.6300919466736894E-009  -3.4156397350571381E-009  -3.1378857827774405E-003   2.6408424697322981E-010   1.4913333715114699E-009  -3.8066490470335951E-009   2.8458516052529378E-009   3.8699544610056617E-009   1.8688471222406344E-009
  -3.5095285454954299E-010   5.7036505924849693E-004   1.1784042430174935E-009  -8.7908776085362126E-009  -2.4421721752063331E-008   1.7098494800565237E-008   5.4334144370710764E-009   4.4055792963705576E-008   2.3198826801130264E-009  -1.9634071104451056E-008  -1.1536540346327001E-008   4.4823802749057812E-002   1.3757434882672436E-008  -1.1641061955833113E-008  -2.0259607609721581E-008  0.12751915784986767        5.2776346719475827E-009   3.5718558483354192E-008  -1.9666205585546357E-008   4.0707064465884321E-009   3.3519064796482919E-008   1.9091458635821671E-008  -6.9237620519632517E-008   6.1083190523755934E-008  -5.7637381351984847E-010   1.4984713693217721E-009  -5.4787694553674645E-010  -7.5420531986274092E-010   1.1358691781380973E-010   1.5274915522616377E-009  -2.6228850502184666E-009   1.1520498624513119E-009   2.0205125309538724E-009  -4.5032386894486420E-010  -1.6968896968438859E-008  0.12944311050032634        3.6201512012179644E-009   2.6775948201455210E-008  -1.4841732013750751E-008   1.6595779783996399E-009   4.5440809629533988E-009   1.0431513428312051E-008  -3.1319998011220121E-008  -3.5866456244947869E-010  -5.1809678853537950E-010   2.3932148576503040E-010   1.0717265564383490E-009  -7.3123780152426740E-010  -4.4170212640670365E-010   9.0262184974213001E-011  -5.5486154380282682E-010   5.7400019897135877E-010   1.7424751139198245E-010  -2.6872317416324293E-009  -8.2616636398894219E-010   3.6487096169560377E-009   1.3711985824125546E-009  -1.8256755433406930E-009   2.3041715712060074E-008   1.7733128755490439E-010   1.5058964539857258E-009  -1.0061089489277491E-010  -4.4651524259493384E-010  -3.5098898494959717E-010   2.0860002666089638E-010  -8.2656097671708808E-010   2.0559040687715876E-010  -3.9693470040599807E-010  -7.8247124366423843E-011  -5.7352886032432105E-009   5.0868189665326864E-002   1.0472320302260437E-009   2.4801133189203765E-008  -1.2326991661566523E-008   1.3022928655268807E-009   1.1925826936267080E-008   9.5473784939537193E-009  -3.6726969015540575E-008  -1.6406400938078365E-008   1.1955709752866820E-008  -8.5903962570489406E-002  -3.4670892408296706E-009  -1.8872521594631657E-008   5.9678330112274769E-009  -2.6705912059166235E-009   2.9432302850893377E-010   5.4611108900978092E-009   2.4775425330135067E-009  -1.1428944638630325E-008   4.3737094796932206E-010  -3.1378829329800637E-003  -1.0307360972525640E-010  -3.0226769581718120E-009   2.2925930659756233E-009   2.9738006384841512E-009   1.6773262936160406E-009
  -4.0935844713474281E-009  -7.8147370848917196E-010   5.7036309963864082E-004  -1.0649315194215851E-008  -1.6253923260971851E-010  -1.5423243227607626E-008  -6.2165991160106225E-009   1.4669391416065927E-008  -1.8810939903965184E-008  -1.4506851267548567E-008  -4.5918181332436340E-008   1.3757434882672436E-008   4.4823736447314806E-002  -1.0068121246170323E-008  -5.8136448316565431E-008   3.1682728843683858E-008  0.12751907103152496        2.1777393076648676E-008  -1.4655352293196558E-008  -2.4006675102409973E-008   1.0251973486244395E-008  -5.9226753408719836E-008  -3.2029364641056483E-008  -1.3103690380609778E-008   5.7173502165605798E-011   2.2865646966633926E-010   1.2454276209977614E-009   1.0640940870943534E-009   8.2175785880779373E-010  -1.1408007297796198E-009   1.8240533318329072E-010   4.0046331961298087E-009  -4.7337874053756684E-010  -3.9131843839870498E-009  -5.3975605640820397E-008   2.9946141463637782E-008  0.12944302817461159        1.1951362624638850E-008  -6.5476019205820294E-009  -1.4662438404905666E-008   4.6835687919724758E-009  -3.9077044679326784E-008  -1.6634917109098982E-008   6.8151126978667883E-010   1.7637103747209956E-010  -1.1340240285202845E-009   4.5945813959491597E-010  -4.0140131980786793E-010  -1.6566188879958485E-009   1.4853440991341482E-010  -9.6624646029839699E-012  -4.3590818861992504E-010   1.1412260541481898E-009   4.0619402150843859E-010  -2.9781526946718535E-009  -1.1729907479289020E-009   3.2773385058973545E-009   1.6108230709710328E-009  -9.1436602360175547E-009   3.2092067841059080E-010  -4.9158159339783699E-011   1.7164878731422616E-009   2.5463531873978129E-010  -2.8393438952715185E-010  -6.8519596803520307E-010  -3.4890514847627935E-012   2.3732203787946034E-011   5.3839270177980721E-011  -1.2970952125963456E-009  -1.9360651825519861E-008   1.1571210963117316E-008   5.0868158368330890E-002   1.2833841429653287E-008  -7.3764305435409098E-009  -1.1129297667601530E-008   4.9998063649698470E-009  -3.1421350206601791E-008  -1.7833649298784890E-008   9.0462333633657112E-009   3.7696699293042553E-008  -2.0499584964649644E-008  -8.5903904625172681E-002   7.6804571627018373E-009   3.5947789326231964E-009  -2.2254581507190988E-009  -2.1957720807059783E-009   1.4068852903492390E-009  -6.3338814101049005E-009  -5.0016645702225316E-009   1.3681587987274591E-009  -7.3700536823545746E-010  -3.1378808729377577E-003   1.8672761537227237E-009  -1.3760719964584279E-009  -1.8914416284760056E-009  -8.6806411326174056E-010
   7.0523872861609195E-010   1.4407393419961466E-009  -1.8012077383437827E-010   9.7758609295508885E-004   1.0018922841050169E-009   5.6063473923547643E-010  -3.5640699626974218E-009   7.6008264139485595E-010  -9.2033453257840725E-010  -1.7620312355352491E-009   9.1047371291108763E-009  -1.1641061955833113E-008  -1.0068121246170323E-008  0.12987207783894916       -1.7093567328563311E-008  -6.0803830665108678E-008  -4.9034823217965806E-009  -5.5132804531176027E-009   1.3888103063939341E-009  -3.2701388789044346E-010   3.9334014487588805E-010  -3.9328478570692260E-009   5.1197510937973669E-009  0.34341720560031141        3.4409506892437925E-009  -4.2913881445573731E-009   5.6329131548592836E-009   3.3043703416322489E-010   2.0601528055917366E-009  -4.9469609461846289E-009   1.3372400747216607E-008   3.3558618986563934E-009  -1.3649570482574718E-008  -6.6998374211402986E-009  -3.1788527531742772E-008  -9.2820721034810065E-008  -4.4093554974944922E-011  -5.8036348441477018E-009   5.3295052441471199E-010   2.8388344558347107E-009  -1.2837597220235064E-009  -3.4503417426817193E-009   7.0866356695913250E-009   5.7310316835500067E-010  -4.1795465366116511E-010  -1.8446563295205477E-010  -4.2706743205999031E-010   3.4530086712549704E-011  -5.7938693410082644E-010   7.9104796474031676E-011   3.2789626228019890E-010   4.5461491683707852E-010  -5.9933714863634002E-011  -4.5176449880071280E-010   2.0805925998891892E-010   1.2207164465369215E-009  -2.3379653063416800E-010  -3.6500627819514654E-010  0.16285231729274849        1.3625204147642071E-009   1.9981618606856075E-009   1.5012546095809315E-009  -1.3797533521514177E-009   1.0177672614928134E-009  -4.4826285209198003E-010   3.6322263095454517E-010   5.3479798032918051E-010  -2.4854763416713534E-009  -1.5175839148671813E-009  -8.4525030922820956E-009  -2.8243340637232719E-008  -1.3952748371000648E-009  -7.1067990280199177E-009   1.2007444446176122E-009   2.1837627402154033E-009  -4.9250455105371437E-010  -3.6593069764543913E-009   7.5991787853820343E-009 -0.16311397003088945        1.5237740743647471E-008   4.9537403033896573E-008   1.8490507642912501E-009 -0.14923308494879031       -2.2224965157310891E-009   4.0827734372951383E-010   6.5636839513436336E-010  -6.8793758028707872E-011  -1.0471376297842435E-009   2.2913308854185301E-009   1.3273741704070108E-009   3.8089654241864006E-009  -7.8347586732998121E-011  -3.3310141705020099E-002   2.5409818292006198E-002   3.5421683180976070E-002   1.6281930490108013E-002
   1.6231068112721558E-003  -2.6300288294951434E-009  -9.6620285118893464E-009   1.2477110419898363E-008   3.2280762848594208E-008  -6.7470150435807011E-008   6.2548096532479182E-009   5.4107909766426008E-009  -3.1643024277514730E-008  -3.7691554891073758E-008  0.12751928987685066       -2.0259607609721581E-008  -5.8136448316565431E-008  -1.7093567328563311E-008  0.36279141215774652       -1.4742820778266522E-009   2.6105371426335985E-008   3.5574106953684651E-008  -1.1305960443854198E-007   7.7325591518098964E-008   2.1283658432412289E-008   9.3400076106299710E-008  -5.6857765863344691E-008   9.6302366314366685E-009   1.4247087683138021E-008  -5.4296647200522472E-009  -4.5357069818538040E-009  -7.2514081821952973E-009   1.3329208277954050E-009  -1.1863076362321044E-008   1.7532736833822021E-009   3.9911158331936947E-009   3.0774018114026747E-009   4.0591511854167774E-010  0.36825631212192667        8.3768940938800849E-009   4.1257807798196283E-008   1.2521647410533754E-008  -7.4747769467601162E-008   4.1200653464230804E-008   1.1674263614180824E-008   5.0013789559210612E-008  -2.4195907536602251E-008  -3.1836885416106268E-009   6.1545882770972654E-010  -4.2699659529858749E-009   1.9295242860517715E-009  -1.6311920448224572E-009   3.6630050992820679E-009  -5.0146325493840342E-009  -6.9637748455053517E-010   5.9021104532546126E-009   4.7890156505713435E-009  -6.8280516017334675E-010   5.6376223317566366E-010  -7.3009660610660405E-010   6.5206554457707456E-010  -1.6696319188141003E-009   6.9295879495499344E-009   5.9068301031054354E-009  -1.7819105305844277E-009  -2.0507624894332442E-009  -3.6297783855196915E-009   1.7878846756861180E-010  -4.2950969204382177E-009   9.6101767979407324E-010   6.9199464051508061E-010   4.9256961320706175E-010   1.0127661834440467E-009  0.14503983925817057        6.0083059552545133E-009   2.1118646290534609E-008   2.3041522775887767E-008  -5.6219248441375205E-008   3.8867001953186620E-008   7.3102398759444522E-009   5.5899575727592339E-008  -3.0351764920784758E-008  -3.9262932371658990E-009 -0.23958907733410428       -5.5718441480405358E-009  -2.6260755880872877E-008  -6.9727310403742184E-009   8.7613191071825902E-009  -1.0078663073577329E-008   1.0099098442593162E-008   9.3561019210572004E-010   1.6010377125440779E-008  -9.6969293456334067E-009  -8.9287024590106526E-003  -1.2878466818217668E-010  -8.3442925514846617E-010  -1.4780451852720322E-009   1.2782952176076657E-009   2.1139905031046208E-009   8.0164393479867457E-010
  -7.4768672411165860E-010   1.6230921176652886E-003   3.2580344078187886E-009  -2.5203641357265067E-008  -6.9478832677588568E-008   4.8644608609034269E-008   1.5457735318529456E-008   1.2533924396298468E-007   6.6000762276085458E-009  -5.5860410958514789E-008  -1.3074841328395979E-008  0.12751915784986767        3.1682728843683858E-008  -6.0803830665108678E-008  -1.4742820778266522E-009  0.36279141474908322       -6.1878101330676861E-009   1.0162101714785642E-007  -5.5951941844306747E-008   1.1581027339387270E-008   9.5348995675343191E-008   5.4314225976913871E-008  -1.9697000490021527E-007   1.0088544615816656E-007  -1.6405057811524154E-009   4.2589190843614087E-009  -1.5585555086854194E-009  -2.1445352536554090E-009   3.2446725057357171E-010   4.3455036248892917E-009  -7.4607748990584178E-009   3.2769939416652114E-009   5.7508016669436924E-009  -1.2808482836472101E-009   8.7480963395589889E-009  0.36825638470657968       -1.1234060124382857E-008   7.6165562511946629E-008  -4.2219584319835296E-008   4.7235304880562141E-009   1.2960067240342801E-008   2.9679403593181749E-008  -8.9125540870751523E-008  -1.0204102612156283E-009  -1.4740091865145331E-009   6.8080449595451476E-010   3.0490917122194544E-009  -2.0803617056204021E-009  -1.2566554356248960E-009   2.5681031753109748E-010  -1.5785507465446223E-009   1.6330432163808630E-009   4.9577667723086661E-010  -7.6452401296814345E-009  -2.3504890478385381E-009   1.0380664771099983E-008   3.9010983834908849E-009  -5.1940885269270452E-009   2.9844882055836077E-008   5.0572274613992810E-010   4.2914283481954536E-009  -2.8642293907861726E-010  -1.2726151935683018E-009  -1.0004331058661966E-009   5.9411599260815707E-010  -2.3550266748708478E-009   5.8573534370663066E-010  -1.1317891044446530E-009  -2.2309433995400772E-010   5.9342581602999148E-009  0.14503988561705181       -5.3461560786367493E-009   7.0576753970022106E-008  -3.5085070444286901E-008   3.7058017954122788E-009   3.3865251010546304E-008   2.7162389247540211E-008  -1.0444203024959049E-007  -2.3312706016062693E-008  -6.0024311056500537E-009 -0.23958912480459363        6.3162298019400352E-009  -3.8766989754737172E-008   1.7013758887403489E-008  -7.6206993643056107E-009   8.3582333393093635E-010   1.5443449762141187E-008   7.0492447629273649E-009  -3.2457210760928585E-008  -1.3878549307057060E-010  -8.9287036655228569E-003   2.2943256471220758E-010  -6.7312641091221964E-009   6.0548854516795416E-009   9.6524905673005051E-009   4.0324870517267394E-009
