   4.5480053094526603E-005  -1.0269474341425849E-013   1.3140352428539341E-015  -5.2893854411113159E-016   7.7690645080675365E-014  -1.5719986913549916E-015   2.5552205264734411E-014  -8.1704794733423233E-016  -1.6976938312258552E-015  -2.7673187543289661E-016   2.2766930400041595E-003   5.2250324544529904E-014  -3.4051341287316338E-015  -5.4237729545498834E-017  -2.2498177316319608E-013   2.3125420186629552E-015   1.7156002978800782E-013  -9.1257898288901188E-016  -2.0272622226365003E-015  -3.3344316109869887E-016   5.9781875757632620E-003  -2.8358420977226167E-017  -4.8993658591279612E-018   1.9062750128971685E-018  -8.6304433175019749E-018   1.8708449332108705E-019  -8.5809886648944559E-018  -8.8681557324580353E-018   2.4131820697460630E-018  -3.4658802150274759E-018  -1.5601638300390282E-018  -7.1400176662268219E-016  -1.4978512661643554E-015  -2.4785746315200425E-016  -4.3374332281257704E-012  -1.6503341213449833E-014  -3.0596879383587658E-014  -1.1036835407529926E-012  -2.6966229249197160E-014   5.4216314289118161E-012   3.0989871358209839E-003  -1.9555883029584156E-014  -1.0353358882190597E-019   2.5499642778874212E-019   1.6916833554929320E-014  -6.5101047825157691E-019   2.3096513377996619E-014   5.5573562240494874E-019  -7.0996909532773979E-020  -7.3693572669100903E-019  -3.2490892648669655E-019  -1.1478451457440613E-014  -4.9060505064942155E-019   8.5458413996465964E-015  -5.7279158918588967E-019  -1.5197038108969400E-014  -1.2170918835913076E-017  -1.5088224033379513E-018  -1.2051044145982656E-018  -6.9257957106830322E-018  -1.3303916873372576E-019  -7.4074615722063888E-018  -5.4453481974813393E-018  -1.9163023947801161E-018  -2.3616226520013823E-018   9.0569915002937089E-019  -3.5984148693185353E-016  -1.2362096595293512E-016  -1.8500198213031795E-016  -1.7821717122593927E-011  -8.0915642112048704E-014  -1.2634627061716831E-013  -6.3117851645419234E-012  -1.0247828786926874E-013   2.4127963241832791E-011  -4.4917313782546833E-003  -7.6255789201319225E-016   2.4036304448064038E-016  -4.7965289946314365E-016  -7.1222759672944267E-011  -3.2085182832249945E-013  -5.0425587766878319E-013  -2.4921703580879408E-011  -4.1045606371630336E-013   9.6133263351327593E-011  -4.2806411212517933E-003  -1.2268971852540688E-015   2.0854081020789195E-016  -7.6504155691186438E-016  -1.4538291608507951E-004   9.6978882112614176E-015  -3.1419685971182252E-015   7.2803300282510829E-016   2.5533861060195793E-003   1.4848011144431078E-003  -4.4931558478750551E-005  -4.0394938904105395E-004  -5.6717413902583678E-004
  -1.0269474341425849E-013   1.3078784574165421E-006  -2.2188295815429486E-017   1.3159225754410356E-017  -6.5393922676306296E-007  -2.8171734064685273E-017  -6.5393923068928683E-007   3.8847987911448192E-016   6.7457973597804618E-016   4.0922736228502483E-016  -1.4195069785017931E-012   3.0522805352513392E-007   1.7641015146155160E-017  -1.4292390117979259E-017  -1.5261402905545521E-007   2.9126171882651344E-017  -1.5261402463232539E-007   4.6585892796299167E-016   8.4088336678816639E-016   4.6980573484336961E-016  -4.4948208197408952E-012   1.4595604708910493E-018   4.6643068210244423E-019   2.1472531225942775E-019   9.3979352261593235E-019  -2.0782877052521576E-019  -4.7840106418737237E-019   2.0386957799292540E-018  -6.3601851041539952E-019   8.5231569690696160E-019   8.4976802168555221E-019   3.5743988547213958E-016   5.6434634195123814E-016   3.7213175482413335E-016   8.4584983791738370E-005  -7.8817647146222179E-016   5.2188717739686423E-016  -4.2292491828140363E-005  -7.6671855989095480E-016  -4.2292491964056889E-005  -1.8889826511029462E-012   8.8468399149244701E-017  -2.3065561830599467E-018  -1.7329619443872317E-018  -5.0707459610871879E-016   6.8792858724848120E-019   3.6167925903505378E-016   1.1096527462878653E-018   5.5397023721556887E-019   6.8542448703802868E-019   1.7720430977032978E-018   4.0539018534797673E-016   1.1553646966947378E-019  -2.5633039741970603E-016   3.3507226365010833E-019  -9.4829763992425619E-017   3.4576681022885109E-018   5.9259113606796813E-019  -3.7592126786895943E-019   1.0566234615244406E-018  -2.8366829101858304E-019   2.1631564973074928E-018   1.0648097644789785E-018   1.0112430194306295E-018   1.2956441144206236E-019  -3.3473091950999620E-020   3.7628378436231899E-016  -1.2551706677116697E-016  -1.5753199559354417E-016   3.4744639426947444E-004  -3.1529146038744313E-015   2.0233564526506323E-015  -1.7372319687275877E-004  -3.1048487156266453E-015  -1.7372319739742488E-004   4.6302382266535676E-012   1.0426815902082182E-015  -7.7375049424000816E-016  -5.4092088453001695E-016   1.3893163353387514E-003  -1.2547242015525646E-014   8.2202373748720019E-015  -6.9465816662779957E-004  -1.2393831138642796E-014  -6.9465816871463473E-004   5.7180005743825258E-012   1.6365031941059290E-015  -1.1040513951559657E-015  -8.2923938234893280E-016  -3.6741784308152865E-014  -2.6679032839019755E-015  -1.1486760351346523E-015   1.6494831697924309E-015  -3.6189030769251740E-012  -2.2653103861713848E-012   7.4523655264290743E-014   6.2395006238525496E-013   8.8004818089983768E-013
   1.3140352428539341E-015  -2.2188295815429486E-017   1.3078784562860938E-006   3.0483992942727568E-017  -2.1137759703409608E-017   1.3339385068722802E-017   3.5177537787032974E-017   1.4414313578651204E-016  -1.0703665834788883E-017   7.3548155671387875E-017   7.7925170566027744E-014   3.6474906122387429E-018   3.0522805445265506E-007  -2.5989511485087233E-017  -1.1326184547995140E-018  -1.0703500635518340E-017  -4.9652854654089535E-017   1.7906483027407778E-016  -2.4296789020251436E-017   9.0684487326826660E-017   2.0378574627702730E-013  -3.0431025854933595E-019   1.0793303513536468E-018  -8.5325137433040122E-019   7.3893078697608200E-019  -2.0574357033500833E-019  -7.8110895511037562E-019   3.5300306440677769E-018  -1.1073584346780350E-018   1.5235602609614236E-018  -2.4407825054468043E-018   1.1004299973925750E-016  -1.3571727705016630E-017   6.4843300063088233E-017  -8.6932598607962685E-016   8.4584983760106297E-005   1.1271813098531566E-015  -8.2825823521707263E-016   4.1021829888590629E-016   1.1708715401349478E-015   1.0450968762086396E-013   5.3271448054027582E-017   8.5399583761086497E-017  -9.2354615102333716E-019   2.8530290395561958E-017  -1.9266639023022308E-019   3.0168883497961341E-017  -1.7764704640278969E-016   9.8850193801494715E-019   9.2580407706952709E-017  -1.8295379377190029E-018   5.4722131947292541E-017   6.1171301677794507E-019   3.1519261462639986E-017  -1.4268608181078914E-019   5.1217108779638891E-017  -1.5911054774833194E-018   1.2154431149517772E-018  -1.2882451066464399E-018  -8.4083024295811560E-019   2.1384689935388333E-019  -1.8597362253833642E-019   2.0919599647250727E-018  -9.3482743770428706E-019   9.0195303394848858E-019  -2.6692762826736605E-018  -4.2713740165988300E-016  -1.3748118795806298E-016  -2.6874516673261491E-016  -2.7816802782246774E-015   3.4744639412384603E-004   4.5310160087425430E-015  -2.6783572358603531E-015   1.6324470137891895E-015   5.4066588282181979E-015  -1.8449138026127771E-013  -1.4160911441806219E-015  -4.0260372158807378E-016  -8.4451937470021104E-016  -1.0869779319765562E-014   1.3893163347347350E-003   1.8141811040195607E-014  -1.0548134810822791E-014   6.5515788033181478E-015   2.1792915963570712E-014  -1.9102808417139248E-013  -2.1743028473065241E-015  -6.2261570046787275E-016  -1.2968399218328128E-015  -5.2814619293176212E-015   6.5150884380708486E-016   2.6789073392629614E-015   2.4686741431827875E-015   1.2569316216624749E-013   7.5272807168413041E-014  -2.4495913400584919E-015  -2.1097860724946174E-014  -3.1580050503845088E-014
  -5.2893854411113159E-016   1.3159225754410356E-017   3.0483992942727568E-017   1.3078784580677163E-006  -1.7145750000797902E-017  -2.7357049358281086E-017   3.6984019265585251E-018   1.3787779315612782E-016  -1.1263710671247480E-016  -2.0371647759861975E-016   7.1817220937171645E-017  -1.4540935789043027E-017  -3.2046259809147387E-017   3.0522805313711909E-007   1.6647335483641776E-017   2.8275101171123155E-017  -1.3728430890665026E-018   1.8159438478615599E-016  -1.2449963186492242E-016  -2.3433433941183853E-016  -5.3370999844746327E-015  -4.1886602608661704E-018  -3.8558895523907502E-019  -1.3438383349631365E-018  -2.4574181712397159E-018  -9.6376410109386899E-019  -2.0956458713871542E-018   8.3133070378270596E-019  -7.0827722641787431E-018   1.2570417752595815E-018  -7.2420209927851100E-018   1.3009209936735138E-016  -1.0309748183149601E-016  -1.6465310384736558E-016   4.1851137909143194E-016   8.9566753456860596E-016   8.4584983816884176E-005  -4.6698076969017272E-016  -9.0305274106619428E-016   1.8976313497243575E-016   3.7608389999372484E-016  -1.6545823827492366E-017  -1.8618921824270847E-018  -3.3778061995537541E-017  -8.3658794591123712E-018  -1.2738590909929992E-018  -1.1754359107181381E-017  -2.0146323696365919E-018  -1.3243784587997486E-016   1.5040731390999308E-019   9.7123505772818308E-017  -1.3035209655908730E-017   1.8829362612609118E-018  -1.0389174961098452E-017   1.5936376110980060E-018  -2.1504692131182198E-017  -5.8572673241951267E-018  -6.7281662375090353E-019  -1.7234601766067018E-018  -2.1370799220388024E-018   9.0673319351339446E-019  -2.1580500368841926E-018  -2.4382437854370171E-018   1.6264738371456490E-018  -2.1334477026747447E-018  -1.8858035537431339E-018   2.9938697427763735E-017  -7.1647318640690976E-017   3.1712550089708144E-016   1.4080774863367140E-015   3.5524151712859592E-015   3.4744639436198546E-004  -1.9743013897002107E-015  -3.6459588930989840E-015   5.4703004477848345E-016   1.4637686852461495E-014   3.0389315805702247E-017  -1.9931525553940622E-016   1.1031352570879124E-015   5.6810403288224820E-015   1.4239694138449458E-014   1.3893163356804811E-003  -8.0692781580633950E-015  -1.4569419350901962E-014   2.0783978094004720E-015   2.4007070821314565E-014   6.0418635627544745E-017  -3.0747916033559486E-016   1.6725759954229444E-015  -1.0525231279696566E-015  -1.4758925826472730E-015   1.9311121233627420E-015  -2.1226837337001104E-015  -1.6613567884609579E-014  -1.1039784507482889E-014   3.6076223520486157E-016   3.1131879564245100E-015   4.3916364987042829E-015
   7.7690645080675365E-014  -6.5393922676306296E-007  -2.1137759703409608E-017  -1.7145750000797902E-017   1.3078784553451315E-006   2.6091427058354559E-017  -6.5393922860302837E-007   6.9708060181232042E-018   7.0749758611868158E-016   6.9665645485442983E-016   4.9116466899321841E-012  -1.5261402904477842E-007   1.9477348058483832E-017   1.6632508858797231E-017   3.0522805523632359E-007  -2.2485022578625815E-017  -1.5261402627711472E-007   1.6277011332824157E-017   8.1882836929604028E-016   8.7835710585082008E-016   1.2826529718958633E-011  -1.0489523843516311E-018   1.2957271531796949E-019  -8.8640922840260857E-019   1.6374260082420878E-018   2.5210024110898367E-019  -3.1620918982492345E-019  -7.2629114259051193E-020  -1.3825968146913597E-018  -2.5187151107550194E-019  -6.3928785530264816E-020   3.3168611265508255E-017   6.5200039230160954E-016   5.8112720062086829E-016  -4.2292491829438268E-005  -7.2769684756808495E-016  -6.4908448751607922E-016   8.4584983729328440E-005   9.1687446157700003E-016  -4.2292491900146986E-005   6.5820762048529875E-012   6.5174559705197078E-016   2.9792211057057740E-018   2.3966321760446192E-018  -6.8213398663101812E-016  -3.9867991211168963E-019  -4.8297268846339061E-016  -1.1398708379928288E-020   1.4393565237143593E-020   1.2741871976895475E-018  -3.9848209929836787E-019   2.1992330111750413E-016   1.5713411807350951E-018   3.2920394186954536E-016  -2.2711734619148953E-019   8.1843885315652244E-017   1.5914324496843204E-018  -5.7241668702658819E-019   4.8511414843397077E-019  -9.0249003542366845E-019   3.2765942927204793E-019   4.0066270354944308E-019  -7.4244540301717899E-019   4.1611459205782027E-019   7.2973752510287037E-020  -9.7606840097688741E-019   6.4409934301945541E-016  -2.0881788833039312E-016  -5.0212106000895157E-016  -1.7372319687869949E-004  -2.9388464078295658E-015  -2.5439027632005961E-015   3.4744639399833331E-004   3.6530578585940959E-015  -1.7372319711990794E-004  -1.1269322808372102E-011   2.0193763653107914E-015  -7.8279988059163744E-016  -1.9498331228372808E-015  -6.9465816665134378E-004  -1.1795073633025160E-014  -1.0261826598505245E-014   1.3893163342349596E-003   1.4665097605331373E-014  -6.9465816758453632E-004  -1.1566818789164794E-011   3.1118694713679916E-015  -1.1784452896934028E-015  -2.9007770925778029E-015  -3.5218304627616997E-013  -4.9943415205168084E-015   2.7443053868624890E-015   4.6417722057564577E-015   7.4001962949654850E-012   4.3940942344467034E-012  -1.3451374328838499E-013  -1.2172527071681176E-012  -1.7255997292928877E-012
  -1.5719986913549916E-015  -2.8171734064685273E-017   1.3339385068722802E-017  -2.7357049358281086E-017   2.6091427058354559E-017   1.3078784551580469E-006   8.1484854162584394E-018  -2.9165447614683356E-016   1.0875925855475285E-016   4.6138098268229307E-016  -5.3731727194245676E-014   3.6107330715728609E-017  -7.3864952533577398E-018   2.8921926254164528E-017  -1.0187375527593240E-017   3.0522805600702728E-007   1.3320769943302747E-017  -3.8849766499483437E-016   7.9340879785361684E-017   5.3764070991040982E-016  -1.4750489948133539E-013   2.7363834567851410E-018   1.6574881294987053E-018   2.7338710372067891E-018   1.8904293726319444E-018   4.9986724495535212E-019   1.6393249281252291E-018   1.6077718297311839E-018   2.0104491831202033E-018   1.2810070837477168E-018   2.0955220051563190E-018  -2.4763430909571070E-016   1.0423750468523532E-016   3.8522368200504856E-016  -8.9802654448750759E-016   4.6742665254256634E-016  -8.9635024794901057E-016   9.9607700254688314E-016   8.4584983720733129E-005   4.2261903215204906E-016  -7.1651919876450458E-014  -5.4473838215265883E-017   1.1423840069631784E-018   1.3293978400476214E-018  -3.2834576156353216E-017   3.4217674591319894E-017  -3.1086702362920761E-017   2.1285374245339559E-018  -1.3592641204228395E-018   5.7437182584304622E-019   9.2377628150441373E-019  -5.6348619052230531E-017  -2.2199530564637659E-016  -2.9521200623845782E-017   1.7372911998873460E-016  -5.3004972321887019E-017   4.2400177293472371E-018   1.0176237945155546E-018   6.4529520927628158E-019   1.1045937536439999E-018  -2.7236860405499498E-019   1.6206240665771846E-018   4.2120548189212576E-018   1.3506289270103430E-018   1.1880353196152027E-018   5.7199965472474232E-018   1.5174767616953412E-016  -1.1376452318793483E-016  -4.6119099677928092E-016  -4.3851722638503723E-015   1.9022577872867108E-015  -3.6247813045498967E-015   3.2567593811814855E-015   3.4744639397591966E-004   1.1457780629722642E-015   1.4641123195888256E-013   6.1350392355738481E-016  -3.3090981933779478E-016  -1.6210350715507058E-015  -1.7725149742605333E-014   7.6195492262460073E-015  -1.4482833418670895E-014   1.2854157218265115E-014   1.3893163341351315E-003   4.2670794970914635E-015   1.6301575758992003E-013   9.0958242110695767E-016  -5.2086360951228170E-016  -2.4581044085866092E-015   2.6246083145963187E-015  -2.1561156457415786E-015  -5.5861872502539297E-016   2.7188285155945486E-015  -1.0720073231024508E-013  -6.5277260351103310E-014   1.9442643888600654E-015   1.8229427837439614E-014   2.5366722894105038E-014
   2.5552205264734411E-014  -6.5393923068928683E-007   3.5177537787032974E-017   3.6984019265585251E-018  -6.5393922860302837E-007   8.1484854162584394E-018   1.3078784593490829E-006   3.3746158478960352E-016   5.0484537973050761E-016  -4.2067736388448683E-016  -3.4693978839379310E-012  -1.5261402448871215E-007  -3.9020035544744734E-017  -2.4073597054542927E-018  -1.5261402618575992E-007  -5.2249792117248518E-018   3.0522805092268835E-007   4.0387375468004641E-016   6.0516983133698805E-016  -5.2506070043141617E-016  -8.2701707031598874E-012  -4.1060808481656726E-019  -5.9600339561105790E-019   6.7168391668426971E-019  -2.5772195335787917E-018  -4.4271470557564575E-020   7.9461025453611612E-019  -1.9660666689334154E-018   2.0186153237819102E-018  -6.0044418405570203E-019  -7.8583923536518980E-019   2.9803102913435502E-016   4.7365479138990304E-016  -3.2219226585107985E-016  -4.2292491964615910E-005   9.8888073905415880E-016   1.0856345210058731E-016  -4.2292491902543622E-005   2.4229400173900601E-016   8.4584983867875234E-005  -4.6642677209882295E-012  -7.4021399651827288E-016  -6.7266492318341715E-019  -6.6367023163710478E-019   1.1892085828571975E-015  -2.8924867501592704E-019   1.2129342960401477E-016  -1.0982540368256461E-018  -5.6836380246590715E-019  -1.9596116853922225E-018  -1.3735609984910517E-018  -6.2531348659699128E-016  -1.6868776515074807E-018  -7.2873544602325607E-017  -1.0795491665418510E-019   1.2985878512141106E-017  -5.0491005546450745E-018  -2.0174451061956553E-020  -1.0919288171718812E-019  -1.5413342299713272E-019  -4.3991138297796421E-020  -2.5638192001953558E-018  -3.2236436030761117E-019  -1.4273576107733391E-018  -2.0253816311749020E-019   1.0095414933400763E-018  -1.8790445797931984E-016   5.7608798474226398E-016   1.0692742277943510E-015  -1.7372319740028747E-004   3.9270544232237256E-015   4.4400474827604813E-016  -1.7372319713114268E-004   1.0638418119007974E-015   3.4744639453241353E-004   6.5513455846730168E-012  -7.2480100516932227E-016   1.6395042723609618E-015   3.5597515821272281E-015  -6.9465816872544498E-004   1.5686412826578995E-014   1.7355263479720040E-015  -6.9465816762942511E-004   4.1747602066410665E-015   1.3893163363594735E-003   5.7424374691659509E-012  -1.0884775638334103E-015   2.5749260408227825E-015   5.4377050869588448E-015   3.7978335635469241E-013  -3.8907537629645045E-016  -2.4877881957150686E-015  -6.7830198172688732E-015  -3.7347017419329708E-012  -2.1079419750442428E-012   5.7373601244625440E-014   5.8943574583401978E-013   8.2531528252444042E-013
  -8.1704794733423233E-016   3.8847987911448192E-016   1.4414313578651204E-016   1.3787779315612782E-016   6.9708060181232042E-018  -2.9165447614683356E-016   3.3746158478960352E-016  0.13864106992440453       -4.6254514760990008E-015   2.1627260387966226E-014  -1.9297853505594671E-015   8.3983416490356108E-016  -2.7123063833317670E-016  -6.7624709919324100E-017   1.1238469352675440E-015   3.8470906547684420E-016   6.0250874508382656E-016  0.16632100404917058        2.6574326055475174E-014  -1.3064859842673054E-014  -1.7092309547716879E-015   1.0884027083718986E-013  -2.5963867365159427E-015   4.4372094258976958E-016  -1.6589937175366052E-013   1.7186522927590339E-015   3.5922515891887832E-014   1.7490055356478962E-015   9.4291956388261524E-017   7.9312745348560370E-016  -1.2634282319407724E-017  0.12337121545399254       -4.6592303739130668E-014   4.0126724528909595E-014  -7.7600050295819958E-015   8.3240780239621386E-017  -5.1270694452968415E-017  -7.6279626320730402E-015   3.3448432099506025E-016  -7.4804559478758627E-015   2.0159621015157617E-014   2.5070362336578917E-015  -8.4568887534374234E-018  -8.4603653410456022E-018   1.3163369042505332E-015   4.2590208318038127E-019   1.4009196925585210E-015   1.7792907023089912E-018  -1.2835854881661757E-017   5.4015192465504726E-018  -3.4165875624597871E-017   2.1857103662766382E-015   1.0506651180323231E-017   1.3434264188690378E-015   3.2987339783850022E-017   2.3772693763080594E-015  -1.6359425866563825E-013   6.2064842572355301E-016  -1.2597761002846378E-015   1.1119930727511354E-013  -1.5052177736140324E-015   1.8102642816132486E-013  -2.1138455324116543E-016   3.5802555115126463E-016  -1.4561261310716835E-016   8.3361180764686886E-016   1.2307112187733590E-003   2.4339043691777645E-014  -2.6868765215763588E-014  -2.8208042972026874E-015  -6.4343084085427013E-016  -7.4213792296780590E-016  -3.2585245878237685E-015   2.7753675525719710E-015  -2.7022828671846032E-015   9.5680835169817196E-016  -4.6328032357303463E-002  -3.3526755863354133E-014   1.0875730147107904E-014  -5.2831472874168091E-015  -2.1951747820760765E-015  -2.8017555380302494E-015  -6.7730159128856048E-015   1.0553646060799245E-014  -4.2906457525723322E-015   4.1925974456916417E-015  -5.9243480031331078E-002  -9.7770968850825827E-015  -1.3237259267984983E-014   1.6573986583645404E-015   3.0273981328911428E-002  -5.6625906306597578E-015   8.5669999477730652E-015  -1.6272696181432729E-015  -1.3550071569418013E-015  -3.5459134344963762E-016   1.4580026677372631E-016   1.4589530591355333E-016
  -1.6976938312258552E-015   6.7457973597804618E-016  -1.0703665834788883E-017  -1.1263710671247480E-016   7.0749758611868158E-016   1.0875925855475285E-016   5.0484537973050761E-016  -4.6254514760990008E-015  0.13864106991947889        3.0797899537482898E-014  -4.5846133908489677E-015   3.5309165595686055E-015   3.7327316255577718E-017  -1.7322551603759764E-017   3.7551921836853307E-015  -1.5485638403032964E-016   3.9383969661378703E-015   2.2340010271108588E-014  0.16632100405297692       -3.3232420371367385E-014  -2.9642566819331768E-014   1.8107315106779623E-015   1.1629702575070477E-013  -8.0294808438691526E-016  -2.6725571583424888E-015   1.4695982881114960E-016   8.0740101756359035E-016  -1.9473604148488391E-013   2.3554298520684218E-015   1.0873449205464717E-013  -1.8181556423552262E-015  -4.6307091487064079E-014  0.12337121544377554        8.2539041344419079E-014   3.9579863668782770E-014  -3.3615400035626533E-016  -6.5866961470436331E-016   4.0907710517778657E-014   1.3728679452965718E-015   4.0623880788297043E-014  -6.2199239524307661E-014  -1.1514048270265699E-014   9.3984403101291374E-017   1.6414440748572584E-016  -6.8197728499667774E-015  -8.0850941684302762E-017  -6.8378162794306564E-015   1.0444407719060006E-016   7.3474149103289846E-017   5.3173054412182886E-017   1.6569072254686150E-016  -1.1818463783604215E-014  -1.3954132855600846E-016  -6.9189400937125257E-015  -1.8707443170466599E-016  -1.1842926937676202E-014  -4.4242495849920908E-016  -1.2130310352102163E-013   1.0467662522434060E-015   8.5488101581367395E-016  -9.7009288367969004E-016  -7.1813381628470524E-017   3.9603170832220986E-014  -1.7422164923624065E-015   9.4018784288739314E-014   2.1114549412811649E-015   2.4229581724325496E-014   1.2307112242710685E-003  -5.0074872223795562E-014   2.8343746500105967E-015   1.8502769135426487E-016  -8.8756420664354703E-016   6.3441602210294651E-015   3.6982626467151522E-015   5.6702811685232343E-015   7.1228647476774657E-014  -3.0691619405111792E-014  -4.6328032360598577E-002   3.9777714273923559E-014  -3.2937210769683886E-014   2.8203368468036036E-016  -4.0070355722464421E-015  -1.8315955932603303E-014   1.5202248798868745E-014  -2.1240443904036013E-014   1.5171577306875308E-014  -6.0765900682738978E-015  -5.9243480029604272E-002  -6.1249962726089884E-015   7.3716599554210383E-015  -1.0314874745923205E-014   3.0273981327283445E-002   1.3429478318653602E-014  -1.3843857593287878E-015  -2.0682526585868373E-015  -1.4500275407164516E-015  -8.3501108391504601E-016  -8.1518408739480941E-017
  -2.7673187543289661E-016   4.0922736228502483E-016   7.3548155671387875E-017  -2.0371647759861975E-016   6.9665645485442983E-016   4.6138098268229307E-016  -4.2067736388448683E-016   2.1627260387966226E-014   3.0797899537482898E-014  0.13864106991501809       -1.1329502722553395E-015  -9.7610666208576952E-017  -1.4077122277335499E-016   4.7200402034151557E-017  -4.3488494972882174E-016  -3.6855767061201884E-016   6.7807284079356062E-016  -1.2466445656469788E-014  -3.2340785365661612E-014  0.16632100405323311        4.7807216277650575E-015  -2.4309483006543211E-016  -5.2773258143082371E-016   5.0998544299721473E-014  -4.1521068345057051E-017  -1.9965282263100049E-015   3.7804896997987669E-016  -1.5855477137226132E-015  -1.5640133808090105E-013   2.2275355632040965E-015   1.0590453623510322E-013   3.9875902842409259E-014   8.4680289803811262E-014  0.12337121543932804       -6.2034270538376218E-015  -5.6996911295084193E-017   7.4662362004175138E-016  -8.5402773884294486E-015   3.3680826441965849E-017  -5.8048979473463805E-015   4.2657646844046436E-015   2.5059391190531070E-015  -7.8076323497806586E-018  -2.1483853197521243E-016   1.6288347154466166E-015   1.4354663317091374E-017   1.4377672861696375E-015  -7.9901817397713430E-018  -1.0350161963082016E-016  -8.7382856755869522E-018  -2.1749052168376280E-016   2.9919368372494846E-015   6.6249500261419329E-017   1.5656287556824296E-015   6.9152708216610557E-017   2.3460620524277361E-015   9.4214233355811189E-016   5.3893456134888749E-016  -1.6273783620765286E-013   3.8090643600629652E-016   5.5663238809179704E-016  -1.2325567598464435E-015   1.3028594854041478E-015  -1.3479342870700167E-014  -2.1211305418088073E-015   1.4679739391325064E-013  -2.5848119057740146E-014  -4.9823695379382508E-014   1.2307112272884704E-003   5.1384788135030465E-015  -3.8949043702336567E-016   5.0537312807773746E-016  -6.9563701432959222E-016   3.8445140152859442E-016   6.5019086943722626E-015  -5.8719969431355997E-014   1.4054061644920547E-014   4.1111888452628826E-014  -4.6328032359700969E-002   4.4137996203825877E-014  -1.6243222468142944E-015   2.9707204157782612E-015   1.9553917610036561E-014   1.2856850343363450E-015   5.0058899131016354E-014  -2.7597885704024017E-014  -8.4123234535943252E-015  -3.7833022475756200E-015  -5.9243480026857163E-002  -9.9510770090636881E-015  -6.2343405703358798E-015   9.7996586589792690E-015   3.0273981326968253E-002   2.3048685542328361E-015   4.0570038187167509E-015   2.3729943556023927E-015   1.0641931442259834E-015   1.0109599536872147E-015
   2.2766930400041595E-003  -1.4195069785017931E-012   7.7925170566027744E-014   7.1817220937171645E-017   4.9116466899321841E-012  -5.3731727194245676E-014  -3.4693978839379310E-012  -1.9297853505594671E-015  -4.5846133908489677E-015  -1.1329502722553395E-015  0.12043835922486394        2.9013568078631004E-012  -1.5721959378919773E-013  -6.1452522420361358E-016  -1.0460549162092018E-011   1.0913429978701203E-013   7.4255066178772192E-012   1.9357499431595378E-015  -4.8526880905557012E-015  -2.0095307842244247E-015  0.31375961111892642       -1.8128534769329045E-015  -2.7902135244138901E-016   1.0665381607393987E-016  -5.1891027831854183E-016   6.0320905279906320E-018  -5.2328343223374659E-016  -4.8459212805836232E-016   1.2754249572040301E-016  -2.0546261713851678E-016  -3.2737784543852578E-017  -2.7368980055045684E-016  -3.0118421290427544E-015  -5.0805060933091523E-016   1.1533970816596609E-011   1.8042258816814379E-013   8.9587386602971655E-014   2.2293194334446186E-011  -1.2607255121133293E-014  -3.6005882095771916E-011  0.16678029307591449       -9.3181205722147761E-013  -6.9898729855429046E-018   5.8546357205475433E-018   1.0185792723688252E-012  -1.9864967964379341E-017   1.2867476039341677E-012   1.5637031957529332E-017   6.0607286591814778E-019  -3.5353892196752863E-017  -6.0889480469600682E-018  -6.3775527434008375E-013  -2.2035004001375562E-017   7.5054920575876388E-013  -3.3259110727257941E-017  -8.0193359612859446E-013  -7.4038025096867531E-016  -9.3421497822012281E-017  -5.4002721182807101E-017  -4.6351509222328148E-016  -2.9487118479457808E-018  -4.7189635610016997E-016  -3.2217045181594956E-016  -9.0102119804893214E-017  -1.4165969381115476E-016   4.8794226002582353E-017  -2.8222464803656310E-015  -1.3128049866678819E-015  -1.7607179154309505E-015   4.5161890233938181E-011   1.3421004631586089E-013   3.1482003162374693E-013   5.9211268804222465E-012   3.0304864140112279E-013  -5.1329682300189165E-011 -0.18101423939834760       -7.4692992884402297E-015   5.8442836519341076E-017  -3.5906841457454186E-015   1.8467989568486737E-010   6.4757816309332922E-013   1.3177462326188320E-012   3.8340899102911029E-011   1.2086627155567211E-012  -2.2181021206880333E-010 -0.14224189246783026       -1.1259274429100600E-014  -7.3334087364986460E-016  -6.0885378157499154E-015  -5.8519102091468787E-003   1.5686027925911038E-014   1.3644952671669240E-014   1.1614584745668028E-015   7.2270296796685118E-002   4.0368147013395632E-002  -1.2219257434280453E-003  -1.0497521021575097E-002  -1.4265826605171143E-002
   5.2250324544529904E-014   3.0522805352513392E-007   3.6474906122387429E-018  -1.4540935789043027E-017  -1.5261402904477842E-007   3.6107330715728609E-017  -1.5261402448871215E-007   8.3983416490356108E-016   3.5309165595686055E-015  -9.7610666208576952E-017   2.9013568078631004E-012   7.1233044730142454E-008   6.1767051181331357E-018  -7.4457309112694468E-018  -3.5616523538737132E-008   1.6758331631320033E-017  -3.5616521229363224E-008   1.0175203512642923E-015   4.2483880281164115E-015  -1.1624309513258664E-016   7.6636058439981664E-012   3.4062705666743698E-019   1.0885394278773136E-019   5.0111839686272360E-020   2.1932567659707007E-019  -4.8502343933188236E-020  -1.1164755390480754E-019   4.7578359762884936E-019  -1.4843174609153789E-019   1.9891042676191791E-019   1.9831585173902668E-019   7.8458377940722667E-016   3.1843446989609025E-015  -3.6523345344425054E-017   1.9740144670021663E-005   3.8684732435643604E-016  -1.0172315361929045E-015  -9.8700724961624922E-006   2.5814541535293540E-015  -9.8700721739662650E-006   3.7034244274570997E-012   2.0646403484438362E-017  -5.3829593717200250E-019  -4.0443253856183430E-019  -1.1833926218987524E-016   1.6054634221338243E-019   8.4407455423580246E-017   2.5896683683211803E-019   1.2928361717519454E-019   1.5996193987293442E-019   4.1355315321164026E-019   9.4608514457221598E-017   2.6963480243108615E-020  -5.9821497797191827E-017   7.8197986333965101E-020  -2.2131057118217267E-017   8.0693834506977308E-019   1.3829682080679957E-019  -8.7731181346253475E-020   2.4659105372666739E-019  -6.6201504665414379E-020   5.0482981403798688E-019   2.4850154075831882E-019   2.3600031906553950E-019   3.0237282847605542E-020  -7.8118290701627296E-021   9.7778101643586697E-016   1.0306720417091696E-015   9.7049409705495009E-016   8.1085811931392860E-005   1.6087919903512238E-015  -4.2065353660129628E-015  -4.0542906631440102E-005   1.0614138977698654E-014  -4.0542905300118276E-005  -1.0393434332481033E-011   2.7081516819015505E-015   1.9665491987970610E-015   3.1334096614383528E-015   3.2423373774636801E-004   6.4470347428646175E-015  -1.6790227783715156E-014  -1.6211687153665604E-004   4.2447208410095245E-014  -1.6211686621057144E-004  -1.2325625703643460E-011   4.2352283589780444E-015   3.3440075222360252E-015   4.8089690999991219E-015  -3.7283040461894212E-013  -1.3522945771494737E-014  -4.7417232804791552E-015  -5.9068428666542380E-015   8.4684593069163980E-012   5.0453864440360081E-012  -1.4785068611856321E-013  -1.4171556293973199E-012  -2.0057980858335278E-012
  -3.4051341287316338E-015   1.7641015146155160E-017   3.0522805445265506E-007  -3.2046259809147387E-017   1.9477348058483832E-017  -7.3864952533577398E-018  -3.9020035544744734E-017  -2.7123063833317670E-016   3.7327316255577718E-017  -1.4077122277335499E-016  -1.5721959378919773E-013   6.1767051181331357E-018   7.1233045224634876E-008  -1.5204481013282893E-017   5.4325080223432242E-018  -4.9483035457056216E-018  -2.2610109026613883E-017  -3.2104265747455510E-016   4.5033878140390503E-017  -1.6439788361477352E-016  -4.1702436578562674E-013  -7.1018850574068254E-020   2.5189030564237620E-019  -1.9912879190127399E-019   1.7244905645121740E-019  -4.8015707698873890E-020  -1.8229244813934875E-019   8.2382608321828525E-019  -2.5843140051674454E-019   3.5556311273576339E-019  -5.6962119925230840E-019  -2.0038735717235064E-016   3.7023140973141047E-017  -1.1824191276779173E-016   1.2729181279154022E-015   1.9740144739687599E-005  -2.2695866148490957E-015   1.3854090376326349E-015  -5.8330943742662480E-016  -2.7812495109706954E-015  -2.0981851102280856E-013   1.2432304076616153E-017   1.9930253210670392E-017  -2.1553393758157558E-019   6.6582972473387019E-018  -4.4963801772972450E-020   7.0407057864135649E-018  -4.1458640206319191E-017   2.3069309472917216E-019   2.1606088539166951E-017  -4.2697110445885937E-019   1.2770858720286286E-017   1.4275942499871972E-019   7.3558537269630261E-018  -3.3299575184224286E-020   1.1952869109521031E-017  -3.7132657635709636E-019   2.8365582074215296E-019  -3.0064609257986958E-019  -1.9622998951053728E-019   4.9906834000013692E-020  -4.3401867103452706E-020   4.8821422835786271E-019  -2.1816672457072319E-019   2.1049461304853569E-019  -6.2294627104405740E-019   7.6960437691748807E-016   1.3281738166230080E-016   1.6988194889870177E-016   5.4128998468530186E-015   8.1085812213894123E-005  -9.3458099820579388E-015   5.8597187983219531E-015  -2.4083105035035405E-015  -1.1285075973899189E-014   3.9346834953886059E-013   2.5671785100445808E-015   3.8118400040947007E-016   5.5453253696086189E-016   2.1703376449876724E-014   3.2423373887092733E-004  -3.7365048157610658E-014   2.3468692936888422E-014  -9.6243895143255337E-015  -4.5084552780318706E-014   4.1985121665792838E-013   3.9310470311757281E-015   5.8684323158154611E-016   8.3711191540858129E-016   1.0927421433922258E-014  -2.1285364128652863E-015  -3.4048747115101941E-015  -4.8104513395568476E-015  -2.7609248418524354E-013  -1.6500091126475346E-013   5.1523438206581693E-015   4.6215250179538022E-014   6.7449941525774856E-014
  -5.4237729545498834E-017  -1.4292390117979259E-017  -2.5989511485087233E-017   3.0522805313711909E-007   1.6632508858797231E-017   2.8921926254164528E-017  -2.4073597054542927E-018  -6.7624709919324100E-017  -1.7322551603759764E-017   4.7200402034151557E-017  -6.1452522420361358E-016  -7.4457309112694468E-018  -1.5204481013282893E-017   7.1233044513569272E-008   8.7005677935056956E-018   1.4838430333027138E-017  -1.0836419862463531E-018  -7.8601183976536367E-017  -1.3929715888288359E-017   5.7210644701724830E-017  -1.3279779793614860E-015  -9.7753473076854332E-019  -8.9987387352221019E-020  -3.1362024220792818E-019  -5.7350356934154639E-019  -2.2491986040138041E-019  -4.8907442837751102E-019   1.9401302141182821E-019  -1.6529523633760869E-018   2.9336396822451515E-019  -1.6901172696999018E-018  -5.3498805281960618E-017  -6.2627468266695190E-018   2.8993536480212583E-017  -1.0252827176277389E-015  -1.9319058026226973E-015   1.9740144640967508E-005   1.2254842312637536E-015   2.0726358267004296E-015  -1.6722687807620213E-016  -2.5656197276976587E-015  -3.8614059538567487E-018  -4.3452182058777469E-019  -7.8830047531626951E-018  -1.9523994755543584E-018  -2.9728873254793376E-019  -2.7431908511304204E-018  -4.7016777914171973E-019  -3.0907876500563418E-017   3.5101525132468237E-020   2.2666340590053046E-017  -3.0421111492703210E-018   4.3943300527071840E-019  -2.4245891276893192E-018   3.7191751921574998E-019  -5.0186890596737677E-018  -1.3669483511353752E-018  -1.5701956688469558E-019  -4.0221504594956901E-019  -4.9874416070395504E-019   2.1161018872437932E-019  -5.0363809215389432E-019  -5.6902871800280274E-019   3.7958071618134309E-019  -4.9789648685065335E-019  -4.4010216918359798E-019   5.7860793218119555E-017   2.7674929991909782E-016  -2.6955457242837496E-016  -4.2840992419175549E-015  -7.9651779214506034E-015   8.1085811809532602E-005   5.0207800220716319E-015   8.5284978610692079E-015  -7.4116017496441790E-016  -3.1032292799396419E-014   2.2983818089424536E-016   8.3534935973090167E-016  -8.6837834536469160E-016  -1.7118794773338947E-014  -3.1841825572977683E-014   3.2423373725251273E-004   2.0035559337551083E-014   3.4104688576953911E-014  -2.9890739343133581E-015  -4.6325466310887267E-014   3.5070835521678246E-016   1.2829292000707646E-015  -1.3353076887388343E-015  -8.7280136553502248E-016   1.6720784866560965E-015  -5.4571444081420955E-015   1.3313360569455662E-015   3.7090680950069011E-014   2.2869578783425885E-014  -6.8285863776485153E-016  -6.6740096169769421E-015  -9.7937011863171109E-015
  -2.2498177316319608E-013  -1.5261402905545521E-007  -1.1326184547995140E-018   1.6647335483641776E-017   3.0522805523632359E-007  -1.0187375527593240E-017  -1.5261402618575992E-007   1.1238469352675440E-015   3.7551921836853307E-015  -4.3488494972882174E-016  -1.0460549162092018E-011  -3.5616523538737132E-008   5.4325080223432242E-018   8.7005677935056956E-018   7.1233045641664917E-008  -9.0460428604011158E-018  -3.5616522122897711E-008   1.3552273300475455E-015   4.5018640295215403E-015  -5.0754826651043498E-016  -2.7700612755826623E-011  -2.4480068563918444E-019   3.0239249426134620E-020  -2.0686706368675975E-019   3.8213673341846954E-019   5.8834262859531078E-020  -7.3795744847996227E-020  -1.6949892512471334E-020  -3.2266557372926265E-019  -5.8780865098219841E-020  -1.4919462639338550E-020   1.0013792720756706E-015   3.3958307324470450E-015  -3.3002001953650826E-016  -9.8700724971558992E-006   7.5960546867407774E-017   1.1839443861995869E-015   1.9740144797389516E-005  -8.3868060025001856E-016  -9.8700723002935533E-006  -1.4016147772623196E-011   1.5210219361650523E-016   6.9528010271745743E-019   5.5931755211361531E-019  -1.5919409507999058E-016  -9.3042506639497808E-020  -1.1271457285349816E-016  -2.6601967936783451E-021   3.3591171430095411E-021   2.9736531062951964E-019  -9.2996343626682161E-020   5.1324978254760518E-017   3.6671405980816861E-019   7.6828435750693269E-017  -5.3003844048280955E-020   1.9100514543267931E-017   3.7140293006559530E-019  -1.3358858382514984E-019   1.1321423373116028E-019  -2.1061990999439025E-019   7.6468001726856097E-020   9.3505275294597882E-020  -1.7326925901367804E-019   9.7111365622922719E-020   1.7030367660355807E-020  -2.2779140207001871E-019   2.1651334118983992E-016   9.4951994982497770E-016   1.1498575192941637E-015  -4.0542906635662893E-005   3.2375558454867696E-016   4.8917872148913497E-015   8.1085812451126924E-005  -3.4714220075749741E-015  -4.0542905815528019E-005   2.5177335620114949E-011   1.9488042446803603E-016   1.7045042784873147E-015   3.8243611029169263E-015  -1.6211687155349232E-004   1.2843965488153480E-015   1.9539619799202181E-014   3.2423373982002967E-004  -1.3867510604272480E-014  -1.6211686826675216E-004   2.6427273739702051E-011   3.9129423249920889E-016   2.9465552257914645E-015   5.8651223184032624E-015   7.4881246500575154E-013  -8.6237297023302977E-015  -2.1002874794505364E-015  -2.2433787505642261E-015  -1.7029213877356561E-011  -1.0107084321291999E-011   3.0017202381597095E-013   2.8109125064067211E-012   3.9617687690585451E-012
