   9.4510041183543898E-006   1.8336386060865728E-010  -7.1490928776099182E-011  -3.5151203784186949E-010   8.4715007708042528E-012   2.3607938212043015E-010  -1.1983720284436459E-010   1.4604437810397175E-011  -5.1860974422525527E-011  -2.3075935506625389E-011   5.5725586666025896E-004   2.2609807432391472E-009  -2.9974583757391827E-009  -1.7392863435913470E-009   1.7102421937885018E-003   3.5339422128584082E-009  -9.6630413185614467E-009   1.3801800642910693E-010   4.8071651205814276E-010   5.8499317831567608E-011  -6.6686192437104650E-011  -5.9502241606885674E-011  -7.1331798263939341E-011  -8.3589311973058911E-009  -8.2693079204836572E-011   4.7598062273136268E-011   2.9556208383451419E-011   9.5968294626917424E-011  -2.6731440555186714E-011   1.4974228969673390E-011  -1.0311965822013597E-010  -2.3207563398133747E-011   9.0751551563473424E-011  -4.7319826325370315E-012   7.5718904959919680E-011   1.7031668190188394E-010   1.2980133534172582E-010  -4.2280177114796888E-011  -1.3792105319400463E-011  -3.3439577212464479E-011   1.9166953774061438E-003   3.8949228326413118E-009  -1.0909730549657995E-008  -1.2108586841793693E-008   9.8073321511587795E-013  -1.2209146460896188E-011   6.1262253162262475E-012  -2.7394072748756789E-012   6.5689600650205186E-013   1.0167007136660469E-012   1.0572474051519236E-011  -1.5533708163699517E-011   2.1958247524740497E-012   5.4519175310039134E-012   1.7867299745106459E-012   2.2383149194251602E-013  -3.9914475339073720E-013  -7.1345309759211220E-013  -3.5152217292235262E-013   1.9430545977172443E-010   3.4583772843240768E-010   3.4468763462161661E-010  -1.0872349517762769E-010  -5.7923940308673658E-012  -8.5584477205257240E-011  -4.2312695114475572E-011   2.6558732948101724E-011   2.5059462637467710E-011   5.4298816293879769E-011  -3.6650382043222219E-012   2.4676448461041596E-012  -5.5596989519500535E-011  -1.9532395984583295E-011   4.8032543568454649E-011  -4.1195873591717935E-012   1.5677758570756964E-003   3.2279401121443146E-009  -8.8384919457943540E-009  -1.9005056489115233E-009  -1.1121710125677866E-003  -2.2969061513687954E-009   6.3153019319474127E-009   3.6869790158538939E-010   5.6530482249531023E-010   8.7105743445636505E-010  -3.1056987021955052E-010   2.0001154407099843E-011  -5.8128003732621178E-011  -1.6099275703594165E-003  -3.1242891836050370E-009   9.7058905512746357E-009  -3.3161951785460169E-011   2.0190890944616882E-011   1.6680681078233873E-011   4.4146182007541286E-011  -2.8404263867361857E-012   3.4476653705291274E-013  -4.1526986270936944E-011  -1.2934753169188310E-011   3.5523432794155453E-011  -2.7920306350119394E-012   1.1417744700065865E-008   3.3701252388591369E-009  -8.0358820731778462E-012   5.1947176286678688E-012   4.3657881507211854E-012   1.0752683449279196E-011  -1.2412370959778104E-013   2.8482024088371112E-014  -1.0783470494538222E-011  -3.6078230264128427E-012   9.2728347870136284E-012  -5.6495093165218119E-013   2.0373600571944854E-009
   1.8336386060865728E-010   9.4505815802786572E-006   3.2219123003153823E-010  -8.8516323562540170E-010   8.5772569176317614E-011   7.9284837689826177E-011  -4.4890728404669816E-011  -3.5695850228576259E-011   2.3881311495179522E-010  -5.0076744837730769E-011   1.0060626963339392E-008   5.5724370261137687E-004   1.0562464919672401E-008   7.4852651696175269E-010   2.9238957061229733E-008   1.7102040135061893E-003   3.1791024621300147E-008   7.0235159264259544E-011   1.6330887673552313E-010  -3.9087202414669562E-011   1.0437101586925762E-010   5.6685693697380188E-010  -1.7460600685408871E-010   2.9439773356615177E-009  -1.6978046826329129E-011   6.6984589468371587E-011  -1.9300013933689521E-011  -4.8317083879175852E-011  -2.1377502044854014E-012   7.1095502670060105E-011  -7.8285834024926682E-011   7.7855328476085476E-011   3.8048374127150538E-011  -4.3644565153067074E-011  -8.5777227860341700E-012   6.9598992187599339E-011  -1.0150715069472757E-011   7.3474693973582929E-011   2.5770360848613416E-010  -6.4893720149692417E-011   3.2540913250419800E-008   1.9166522801606343E-003   3.5704145267337511E-008   4.1856203701307852E-009   6.8446635280630349E-012   2.1032481813055931E-012   3.5318251986111372E-014  -1.2570860011852725E-011   8.4601813563468861E-012   5.4712414454026421E-013  -2.3867321875419789E-012   9.5168922767222889E-013   3.8033235016773697E-013  -7.4466518750151153E-013   7.8274113478364094E-012  -2.3669359363131564E-011  -1.1791528155999087E-012   1.7363514603033522E-011   3.5965859665861402E-013  -1.2998842648913133E-010   1.7775449437144530E-010  -1.2111527016371885E-011   3.0877739350577724E-010   4.3355053204108755E-010  -1.7878065786036776E-010  -1.1524025058175433E-011   6.0468267057362081E-011  -1.3930162362077149E-011  -3.0183435550894215E-011  -7.6633054332913484E-012   4.5644508174922360E-011  -6.4525357438925553E-011   5.9355984035947432E-011   2.6104004452538044E-011  -3.3858429973831132E-011   2.6563890861513866E-008   1.5677409417417861E-003   2.8997811555442377E-008   4.8031469736849323E-010  -1.8935544319295212E-008  -1.1121460775472343E-003  -2.0702209037777070E-008  -3.9215109038430122E-010   2.6033324281466073E-010  -3.8230380545248230E-011   7.6778624855604988E-010   5.7441471750681375E-010  -3.7563522168083448E-010  -2.8375229604136454E-008  -1.6098896364414731E-003  -3.1360229966114174E-008  -8.1674302828894918E-012   3.8067078943431074E-011  -9.9564145057205034E-012  -2.1170351721094817E-011  -4.6203290091635765E-012   3.2128099682563060E-011  -3.9223530705062701E-011   4.3099763885542719E-011   1.4557451716973024E-011  -2.4703602096016858E-011  -4.0781526675321709E-009  -1.2950558450135307E-009  -2.1866053110900252E-012   1.1640467776550331E-011  -2.7498931413988955E-012  -5.7989284244247368E-012  -1.7742424087321841E-012   8.7325637784710739E-012  -1.2037219939588146E-011   1.2137384161687985E-011   4.5094389499780410E-012  -6.9970285761802063E-012  -6.5452461273025477E-010
  -7.1490928776099182E-011   3.2219123003153823E-010   9.4508995909811674E-006   1.0783057957032296E-009  -3.1221451701411006E-011  -3.4424416697764825E-011   4.8896650931227938E-011   2.7576195737955611E-010   1.1122911729559577E-010  -2.4454049114404582E-010  -6.1025996807533796E-010   8.7343198548392788E-009   5.5725367958124638E-004   1.7672599278186895E-011  -3.4015637519837060E-009   2.6296046846951497E-008   1.7102325550975241E-003  -1.8505091975335197E-010  -2.8613540151404296E-011   1.6276498284741175E-010   2.2944030924642742E-010   2.5966734978385841E-010  -4.4389325707984202E-011  -7.1532790652505472E-010   1.4482432884278531E-011  -2.2972187084624782E-011  -3.6533042236084339E-011  -3.1792209140635241E-011   1.1027150688879262E-010   1.2361990961375857E-011   4.5051630052724653E-011   5.9048454879549254E-011  -3.7470798726677337E-011  -1.6784128653183798E-011  -1.1080710331818715E-010  -9.6481380692014161E-012   7.4406649235112702E-011  -6.5163902025361188E-012   1.0963421213120009E-010   1.1732190643241018E-010  -3.9009823690368552E-009   2.9591555460474789E-008   1.9166842949211377E-003  -7.4250463465041532E-010  -3.8982741017450632E-012  -1.0463625240904972E-012   6.6999744257877497E-013   2.6115978832121686E-012  -7.3537186373275384E-012   4.2363216074454906E-012   1.5194321963596849E-013  -1.4719976629882406E-012   1.1999914830613947E-012   4.2716456384441889E-013   1.2762278817264856E-011   6.1808427412092504E-012  -2.5029962879385035E-011  -6.9970412974866113E-013   1.1837369815902951E-011  -2.2262667244539584E-010  -7.2870572884805995E-012   1.7749322337874856E-010  -1.4019391259973336E-010   2.9445531629466654E-010   3.6281578682405664E-010   2.1702003031173448E-012  -2.4951655874236430E-011  -1.5367225947481905E-011  -1.4053147561485044E-011   7.2493229573998576E-011   1.1141473239532736E-011   3.2970332442369963E-011   2.6400534765814395E-011  -1.9282583822792954E-011  -8.2262952702600256E-012  -3.1417657760382886E-009   2.4029515161427160E-008   1.5677669762380305E-003  -3.4019752850178238E-010   2.2387943825277651E-009  -1.7151432375577725E-008  -1.1121646543334411E-003  -4.0260073767433831E-010  -6.8591067881677508E-012   3.3424670124184035E-010  -5.6884384091042488E-010   5.5562910605454911E-010   9.7144460703410004E-010   3.4786082898768678E-009  -2.5952730678921535E-008  -1.6099175150647673E-003   2.8735906964092898E-012  -1.6992924785520487E-011  -1.2603124306988199E-011  -1.0811866287182923E-011   5.1816015299926690E-011   6.9565151583489633E-012   2.1460557860257460E-011   2.5826583716959437E-011  -1.1799413423104704E-011  -9.8569081089288016E-012   5.1692861584843784E-010   6.4667144925516723E-011   6.9295128524783925E-013  -5.1175553869924831E-012  -2.8654361580660180E-012  -2.5508999521346841E-012   1.3971025599027645E-011   1.6211992112100364E-012   5.9479212308471183E-012   5.7683256322936564E-012  -2.8624127984377282E-012  -2.1638042351979351E-012   1.4763736160144387E-010
  -3.5151203784186949E-010  -8.8516323562540170E-010   1.0783057957032296E-009   1.1463608303120939E-006  -2.3578098715970205E-012   1.6610551340700178E-011   3.4030280683045335E-012  -6.9945570813768238E-012   9.4139397165555393E-012   9.3530481277812524E-012  -1.9971207637053930E-008  -5.2498414610609837E-008   6.3605719856127706E-008   1.2946327908771712E-004  -6.1202480200411875E-008  -1.6103682444207950E-007   1.9520900682656475E-007  -2.7724719266231227E-011   2.2054416974527145E-011   1.2525768915187700E-011   1.4462511835439969E-011  -1.8184172099121479E-011   1.3267050023291540E-011   7.3294778800322264E-004  -1.3502282608937970E-012   4.4774073085357895E-011  -9.7286019892293417E-012  -1.6329655174841187E-011  -2.9048035641839031E-011   1.8141239628124868E-011  -3.7150753998038721E-011   3.6822802369917306E-011   5.0691493307310030E-012  -2.0194791470875863E-011   4.8578996406766923E-011  -6.5678422539686636E-012  -2.3329738733685382E-011  -3.9387483171914130E-011   5.8464467609029883E-011  -9.1807843427151202E-012  -6.8520379435329280E-008  -1.8039712744159171E-007   2.1891983314442730E-007   1.0272811149421176E-003  -6.7160619341477107E-012   1.1241836880907365E-012   2.4029042804792054E-012   1.2840532730941626E-011  -4.2168267379090086E-012  -1.0438063983728478E-012  -1.1484002039184771E-011  -3.2357548137676549E-012   1.3899154444219775E-011   8.8854096466189566E-015  -1.0541724477653021E-011   9.8113186330657871E-012   5.6763973173003545E-012  -6.6682817334966616E-012  -2.6376647760925051E-012   1.5630102480175648E-010   1.6103394813325876E-010  -4.4846626739946788E-011  -2.0987873509884447E-010   3.2564047276400814E-010   5.3582894373652457E-011   1.8997194486448560E-012  -3.6528314724810277E-013   3.8059845101401620E-012  -6.2952374939814297E-012  -3.9868341532437099E-012   3.7465630855015231E-012  -7.3455436423588913E-013  -1.3945241779212218E-011   1.3510573487524630E-012   7.5574184121654020E-012  -5.5553804202445076E-008  -1.4636624370789303E-007   1.7839551223074817E-007   1.7062784208006157E-004   3.9740010888883515E-008   1.0465637952033383E-007  -1.2708763406329589E-007   1.2650982405330552E-009   1.5446160036294720E-009  -3.5680162420988385E-010  -1.7903424494162942E-009   2.8315302813764336E-009   5.2524414789441518E-010   6.1130230386950703E-008   1.6081101844384387E-007  -1.9075914010515411E-007   5.0239928605748431E-013   5.2481732512309652E-012   8.9245942427509735E-013  -5.1563683975372536E-012  -6.3102015328540278E-012   4.4823426278199269E-012  -5.0643484196607392E-012  -3.4460044565013656E-012   1.5464317103691873E-012   1.9033196336440546E-012  -8.8565649283547725E-004  -2.3382707239594247E-004   3.5101130852242643E-013   6.1987033929036575E-013   7.5076853141302819E-013  -1.7225884762533609E-012  -1.6059323690926062E-012   1.2516563717900990E-012  -8.5579445409111755E-013  -2.7838104313698124E-012   5.2832605538862122E-013   1.5153504415272821E-012  -1.7188082545693156E-004
   8.4715007708042528E-012   8.5772569176317614E-011  -3.1221451701411006E-011  -2.3578098715970205E-012   1.5468046699804590E-008   2.3974911689470070E-014  -5.3181456369507178E-014  -7.7341138607196841E-009  -2.5778779531276395E-014  -7.7339328389158039E-009   4.9152691761677942E-010   5.0649487850967965E-009  -1.8334805419295556E-009  -2.8320296391832532E-010   1.5122966180590878E-009   1.5540829102645671E-008  -5.6305282392927519E-009   6.0678569631999332E-007  -2.3699304045644440E-012  -1.9350341956196318E-013  -3.0339399422710483E-007  -9.9705093590567118E-013  -3.0339170209160502E-007  -1.5970990522273411E-009  -7.7077917432345343E-015   1.6098870656229869E-013  -4.8556278681310193E-013   3.4953056926117650E-015  -2.9485174829421502E-014   6.8490036120531588E-015  -4.0962978655480433E-014  -2.9353569895604422E-013  -1.0603156522947892E-013   5.8070606948692352E-013   4.4480076280554186E-006  -2.0352566746239333E-011  -2.5018083825838222E-012  -2.2240167213956158E-006  -5.1207958791116723E-012  -2.2239909066410016E-006   1.6987351350993599E-009   1.7413050439217157E-008  -6.3119659389796799E-009  -2.2376318564962257E-009  -1.2865449236123166E-013   4.7908537935581829E-013   1.0796208145489124E-013  -9.9842967538862601E-014   1.2894179195838458E-013   3.2583147320858274E-013  -2.9350991194425350E-013   1.1018796587641958E-014  -2.4897570849057253E-013  -1.1617503336898053E-013   1.5531029385870432E-013  -2.0735371196834094E-013  -1.7297850010110198E-013   1.1124627253451046E-013  -8.7020033863245684E-014   1.9074568436421659E-005  -8.5094362247423768E-011  -9.8702704587739742E-012  -9.5373360244730988E-006  -2.4189895007143335E-011  -9.5372324119059033E-006   2.2017829036346247E-012   2.5329402070230058E-012   3.9318656304151999E-012  -1.4788015664579367E-012   6.2569274334194653E-015  -1.4751949080310145E-012  -1.4244899025457249E-012  -3.6276922318573870E-013  -6.2178706777775041E-013  -2.6602470350626598E-012   1.5619336467510204E-009   1.4069919192000575E-008  -5.3106174899619987E-009  -3.3973662797765842E-010  -9.8478835749538582E-010  -1.0104279679916242E-008   3.6619914675695686E-009   1.6138930952456671E-004  -7.1979531963956884E-010  -8.7872243432479672E-011  -8.0695106958853327E-005  -1.9541382622504932E-010  -8.0694202565621080E-005   1.0230893984870956E-011  -1.6056389209876778E-008   4.0737017766119875E-009   3.5882345548804114E-012   4.7973609977420868E-012   6.4733367502358443E-012  -2.4055549803700820E-012   1.9175880529839188E-014  -2.4085649554939309E-012  -2.6791010006055252E-012  -1.2284194911417824E-012  -1.2029699262422936E-012  -3.9093303388562911E-012   2.1806937858870822E-009   6.6498121869442617E-010   1.4916371913156853E-012   1.8923886018685782E-012   2.4099902358261096E-012  -1.0006357876113277E-012   8.2059736626230994E-015  -1.0006058215638246E-012  -1.0344240111562052E-012  -5.4109397271836752E-013  -5.0456330210710439E-013  -1.3929931303010715E-012   3.7456255611285220E-010
   2.3607938212043015E-010   7.9284837689826177E-011  -3.4424416697764825E-011   1.6610551340700178E-011   2.3974911689470070E-014   1.5467660725832357E-008   1.0309028176423624E-013   1.7029975769277727E-013   6.3556090271345729E-014  -1.9427237502258414E-013   1.3912252906652810E-008   4.6699483800129762E-009  -2.0301918978227260E-009   1.8880959833720270E-009   4.2701366114512790E-008   1.4334326473121750E-008  -6.2305962284997925E-009   3.7537247562067851E-012   6.0677920393597385E-007   1.8061690994412709E-012  -1.7614426744089983E-013   1.8077697661291670E-012  -3.5775660767535690E-012   1.0673009599115634E-008   1.0638002265409135E-013   3.5833314245460038E-015  -5.0560827733723691E-014   8.0322403548270025E-015  -1.2544967014792322E-013  -1.5075621182626666E-013  -2.1691872880299957E-014  -7.6587111431334692E-014   2.5519981906007190E-014   9.4771047935832486E-014   2.5961221746818065E-011   4.4479520045489057E-006   1.4023467405101504E-011  -1.3337049284143974E-013   1.3633678675278054E-011  -2.5827813862267324E-011   4.7855140747272463E-008   1.6066296586052059E-008  -6.9820646641047414E-009   1.4975872638986293E-008  -3.3848620927267718E-013   2.9977873978321339E-014  -5.2938844722226834E-014   5.8185451864242519E-013   1.3964378888753125E-013   1.2734620953496993E-014  -1.5393341812099890E-013   1.2001179818455665E-013   1.6630454044419950E-013  -3.6512691506946133E-014  -4.1588214982768160E-013  -1.1158109624325308E-013   1.4868973394132950E-013   7.4966360590542987E-015  -9.1896370406212061E-014   1.1346192013648070E-010   1.9074330483538536E-005   6.1515387187299273E-011   1.2505078477848578E-012   5.8692605145521366E-011  -1.1471239590853693E-010  -1.8657332529148639E-012   2.2156713332344820E-012   3.5233959894803295E-014   3.1004148872522401E-012   2.8578207380416422E-012  -5.9727135112485336E-013  -1.2672218082736565E-012   1.4665996207954233E-014  -5.1551425630722776E-013  -3.7193460653072939E-014   3.9212166139992650E-008   1.3222116604849806E-008  -5.6924569900068673E-009   2.2565767679837989E-009  -2.7769220935754804E-008  -9.3234260164840076E-009   4.0513921986675951E-009   9.5973890805131234E-010   1.6138726127832648E-004   5.2386260596927847E-010   2.7747948621892627E-011   5.0276412961584597E-010  -9.8748685706115854E-010  -3.9646211123272445E-008  -1.2847494340732175E-008   6.0173061667880046E-009  -3.2664946259165941E-012   3.6706539118301131E-012   3.2648600864090365E-014   5.6731188993845636E-012   5.1209076457418104E-012  -1.2906566442123232E-012  -2.0616456207089106E-012   6.0942443653814271E-015  -9.0466605474600073E-013  -2.8877351222550986E-014  -1.4695233866237950E-008  -4.5157055602413804E-009  -1.2254506346445551E-012   1.5089122176803340E-012  -1.3529349664963106E-014   2.1788199413509120E-012   1.9633653232121796E-012  -5.3470570490975829E-013  -8.6388774099872264E-013  -2.4456412580672829E-014  -3.4988553617863616E-013   2.8313065962018012E-014  -2.5051369015389424E-009
  -1.1983720284436459E-010  -4.4890728404669816E-011   4.8896650931227938E-011   3.4030280683045335E-012  -5.3181456369507178E-014   1.0309028176423624E-013   1.5467948377593120E-008   4.8921183203393550E-014  -1.4494259847765948E-013   4.2616190762361784E-015  -7.0821583609166501E-009  -2.6473512187379350E-009   2.8767924168250533E-009   3.9201986631766147E-010  -2.1728227046920974E-008  -8.1244934901948697E-009   8.8319937364153499E-009  -1.3555020732851613E-012   2.1135575751293568E-012   6.0678440098859461E-007   4.6618427220459187E-013  -3.4743416682739380E-012   8.8933016214090537E-013   2.2141474730559244E-009   2.2853248828594281E-013  -8.3282551680101751E-014   3.3349297125734821E-014   4.5647680180762971E-013   2.2733163447720291E-013  -7.6308562326145925E-013   1.3531759733996398E-013  -3.9722374326682998E-014  -9.8265090641917974E-014   4.7501677764594716E-015  -1.2752131803498745E-011   1.5831137460650484E-011   4.4479927610129773E-006   6.1430161774852379E-012  -3.4211379611281069E-011   6.6091472043246908E-012  -2.4344612881124090E-008  -9.1043215163532399E-009   9.9006606203161462E-009   3.1045713615933550E-009  -7.6664280284987460E-014  -8.2077133017005993E-014  -2.7171862481954184E-013   1.9520415921582337E-015   4.9293609616258897E-013   1.3271522834864920E-013   1.6309876261089495E-014  -2.6510672019074484E-014   8.8235476869682171E-014   2.9147674008261784E-013   1.9838986331682109E-014  -3.0530200082228080E-013  -3.6803915509763912E-014  -6.2111109785130649E-014  -5.4601593051772562E-014  -5.3791394754942761E-011   6.9504267198178639E-011   1.9074508491550106E-005   2.4993243666750581E-011  -1.4144893636658530E-010   2.8798169383224929E-011  -2.4217455333032617E-012   1.0533897661558755E-014   2.2660198770694431E-012  -1.5621147385325405E-012   2.1238267095268939E-012   4.8112270564454525E-012  -6.9658539155063054E-015  -6.1059421322897355E-013  -1.1886316522011732E-015  -1.2338817252718005E-012  -1.9544892711737410E-008  -7.4177128042497488E-009   8.2194630649576591E-009   4.7246704795067607E-010   1.4128250711309392E-008   5.2830466034546454E-009  -5.7444127987847452E-009  -4.6069678643443103E-010   5.8897673867020420E-010   1.6138878997542052E-004   2.1636679255134409E-010  -1.2162451380686281E-009   2.4432999398228144E-010   2.3518980707328690E-008   7.8914216946559829E-009  -7.3087051424954343E-009  -4.1029888711720115E-012   1.7394674076085193E-014   3.6853383180551010E-012  -2.1417080875245596E-012   4.0050831427822784E-012   7.6464452348942705E-012  -1.1834611659070849E-014  -9.3711431895527075E-013  -1.5170471664740022E-015  -2.0484054342760175E-012  -3.0074738030801254E-009  -9.1193326924980660E-010  -1.5437535060895291E-012  -1.9124983763745764E-014   1.5518673996110660E-012  -7.3982380886852287E-013   1.5974181746898447E-012   2.8109864604789739E-012   3.3949096001063525E-014  -4.1712047484645986E-013  -2.6422905682227324E-014  -8.4579029437538443E-013  -5.1939729288566352E-010
   1.4604437810397175E-011  -3.5695850228576259E-011   2.7576195737955611E-010  -6.9945570813768238E-012  -7.7341138607196841E-009   1.7029975769277727E-013   4.8921183203393550E-014   1.5468107121816455E-008  -1.1548630836195668E-013  -7.7339932597982293E-009   8.6650104649539702E-010  -2.1182720135016231E-009   1.6272659557441528E-008  -7.8516390107006267E-010   2.6570139930715506E-009  -6.4944841672357397E-009   4.9935445600416317E-008  -3.0339417369634315E-007   6.1833077810800939E-012   7.6350866805683343E-013   6.0678651620477038E-007  -1.4019963570639498E-012  -3.0339234252671869E-007  -4.4414526616810362E-009   2.9011836067370367E-014   1.6798411227292348E-013   4.1629544813723972E-014   9.7949747273077308E-016  -1.2770575075551524E-014  -3.9904415325383912E-014  -2.0598166482567519E-013  -1.1333255444192011E-013   1.0836939275736315E-013   5.3443888150894776E-014  -2.2240176563621158E-006   4.7762545028401144E-011   7.9440617708130575E-012   4.4480152686092279E-006  -1.4855116310714085E-011  -2.2239976123896720E-006   2.9753082698360161E-009  -7.2735516801560088E-009   5.5955372321318885E-008  -6.2350920993719785E-009  -1.0854958369026752E-013  -2.1343092952212245E-013  -1.3494126161866329E-014   2.8393672155627725E-013  -1.2975557108991133E-013  -9.3233481213270637E-014   3.0552164105063959E-013  -1.0571410885180709E-014  -1.2355258854857491E-013   2.1373658964006942E-014  -4.2097263384317050E-013   3.2356874197168026E-013   4.5556103946317831E-013  -2.2685484862224896E-013  -2.0625188284169382E-013  -9.5373401828284859E-006   2.0654022368267154E-010   3.2730974546548545E-011   1.9074599261098895E-005  -6.1640883231329762E-011  -9.5372590786140635E-006  -1.0652325280088628E-012  -2.1480385688854262E-012  -8.8845625043415551E-013   1.8677791511237570E-012  -2.3124190738383343E-014  -4.3862213364981668E-013   3.2320304156680680E-012   3.4270230819330529E-012  -2.1881849180565665E-012  -1.8921368071855049E-012   2.3244885995321798E-009  -5.6845379183128151E-009   4.5415114491378355E-008  -9.3529860547371409E-010  -1.7276041313867467E-009   4.2205607576603219E-009  -3.2471479804702063E-008  -8.0695140862901719E-005   1.7633323415798993E-009   2.8016913367521596E-010   1.6138958770404429E-004  -5.4057518520045198E-010  -8.0694446841267882E-005  -3.4201596203343980E-009   8.2915315112254235E-009  -4.9970387314079371E-008  -1.7821903722821536E-012  -3.7683560355389560E-012  -1.5636475293612461E-012   3.1537795062062695E-012  -2.4289965708814791E-014  -7.6272109012233968E-013   5.6443835735153254E-012   6.1431536948882967E-012  -3.8043788952605638E-012  -3.4133625920055140E-012   6.1417656817003547E-009   1.8952091544943782E-009  -7.1778043059394979E-013  -1.4019827141259447E-012  -5.9761852224134093E-013   1.3001294293129491E-012  -8.5849662993680958E-015  -3.3712575939559866E-013   2.0987492060526741E-012   2.3557943527080355E-012  -1.4137846918500341E-012  -1.3104669795073936E-012   1.0426834784025566E-009
  -5.1860974422525527E-011   2.3881311495179522E-010   1.1122911729559577E-010   9.4139397165555393E-012  -2.5778779531276395E-014   6.3556090271345729E-014  -1.4494259847765948E-013  -1.1548630836195668E-013   1.5467797994856881E-008   1.4126525209709533E-013  -3.0587842284799221E-009   1.4071813730292382E-008   6.5495676019544121E-009   1.0470532842776811E-009  -9.3871839269202165E-009   4.3191345502194956E-008   2.0105370130852895E-008  -5.3577962389442389E-013   5.5672640522266514E-013  -1.6816773808270508E-013  -2.0571165266517323E-012   6.0678186434888876E-007   2.5928991421656653E-012   5.9238449428623313E-009   7.3414025727727682E-014  -1.6936389038685291E-013   1.9169914599688333E-013  -3.3525039197172350E-014   5.9320192119499487E-014  -6.4970185548627211E-014   3.7594934081641896E-013  -1.6279503179403517E-013  -3.3502447367674354E-013  -2.1543913357946101E-014  -2.1941129192320501E-012   4.0710404338625567E-012  -8.9718990349164165E-012  -1.9025764033757091E-011   4.4479706128804985E-006   2.1219889615530762E-011  -1.0519251964938650E-008   4.8404331768122919E-008   2.2533733165766521E-008   8.3155305978568105E-009   9.2171705242534808E-014   6.7982068252239434E-014  -2.8082840356626740E-013  -1.7957917577905271E-013  -2.2774126648027331E-014   1.7667501243326687E-014  -1.0022031469695864E-013   4.6596070102882080E-013   4.3252116343024997E-014  -6.6478174373522053E-014  -2.3619439458356116E-014  -3.6719209377665670E-013   2.2106879704655435E-013   3.8415776118725667E-013  -1.3590675195741757E-013  -1.1549148675548277E-011   1.7615457876811996E-011  -3.3258190869036067E-011  -7.9558044509205577E-011   1.9074412701166417E-005   9.1107214626659150E-011  -2.9016659014803708E-014  -6.9299719943324999E-013  -1.0411754960346733E-012   3.3908557910008741E-014   1.5596837650358575E-012   5.0214582159914819E-015  -2.6313649160665724E-012   3.4029787860839300E-012   4.2233445293254408E-012  -1.7603846914271255E-012  -8.5680846247925235E-009   3.9719060313558606E-008   1.8562660895871523E-008   1.2535140987537130E-009   6.1041843342899745E-009  -2.8087611371137043E-008  -1.3076356307104403E-008  -9.0540300286473012E-011   1.5712180426817578E-010  -3.0011936634045100E-010  -6.9036393569496751E-010   1.6138797519483499E-004   7.8090423537549234E-010   9.1395258619354665E-009  -3.9626277443349002E-008  -1.7866449278137129E-008  -1.0876643587102257E-014  -1.5908219771603338E-012  -1.6134748211806589E-012   1.5915582243331918E-014   2.6279835657333944E-012  -1.3230218104819690E-015  -4.2271891434169104E-012   5.8751183483872793E-012   7.2621915128766174E-012  -3.1764417306162299E-012  -8.1475512875096179E-009  -2.5004424814705385E-009   3.6371619987897712E-014  -6.5146592986917487E-013  -5.6612191879322272E-013  -2.2163222600740975E-014   1.0955849056023627E-012  -2.6634471050070824E-014  -1.5611775602629676E-012   2.1926463667462782E-012   2.7460050167618291E-012  -1.2123395694992750E-012  -1.3906997212614024E-009
  -2.3075935506625389E-011  -5.0076744837730769E-011  -2.4454049114404582E-010   9.3530481277812524E-012  -7.7339328389158039E-009  -1.9427237502258414E-013   4.2616190762361784E-015  -7.7339932597982293E-009   1.4126525209709533E-013   1.5467926097246390E-008  -1.3580277977586053E-009  -2.9466782590909026E-009  -1.4439178119740238E-008   1.0684396700487816E-009  -4.1693100922725039E-009  -9.0463495216590090E-009  -4.4304914632797693E-008  -3.0339152261697036E-007  -3.8132877154784174E-012  -5.6995252418504863E-013  -3.0339252192658623E-007   2.3990535378138076E-012   6.0678404456056470E-007   6.0389654355508042E-009  -2.1304045013164355E-014  -3.2897279373252062E-013   4.4393323647181971E-013  -4.4748122082924792E-015   4.2255733684178198E-014   3.3055421680743660E-014   2.4694462273514959E-013   4.0686827404503813E-013  -2.3378247967567137E-015  -6.3414996890721800E-013  -2.2239899716441931E-006  -2.7409321124759698E-011  -5.4418669637646170E-012  -2.2239985468392591E-006   1.9975958078121035E-011   4.4479885186072105E-006  -4.6740428100911930E-009  -1.0139503932901040E-008  -4.9643403358139674E-008   8.4733015151596474E-009   2.3720407214889222E-013  -2.6565444920777340E-013  -9.4467953952271936E-014  -1.8409374659271393E-013   8.1377676994657082E-016  -2.3259799256514611E-013  -1.2011735593809621E-014  -4.4738752866653606E-016   3.7252830490317660E-013   9.4801374425393549E-014   2.6566233391025817E-013  -1.1621502439723730E-013  -2.8258253611726208E-013   1.1560857224185418E-013   2.9327191518185456E-013  -9.5372282533826021E-006  -1.2144304320868304E-010  -2.2859046936758829E-011  -9.5372632350204684E-006   8.5830975072398883E-011   1.9074491488704065E-005  -1.1365503749852768E-012  -3.8490163844639483E-013  -3.0434093773822348E-012  -3.8897758769034423E-013   1.6867261829827019E-014   1.9138170438460888E-012  -1.8075405131529794E-012  -3.0642538666169637E-012   2.8099719861843801E-012   4.5523838461768579E-012  -3.8864211796043287E-009  -8.3853869865336398E-009  -4.0104495990332944E-008   1.2751696236088439E-009   2.7123921567585311E-009   5.8837218910557926E-009   2.8809486549397887E-008  -8.0694168659883392E-005  -1.0435131769207492E-009  -1.9228286913173919E-010  -8.0694480731608327E-005   7.3599067686573107E-010   1.6138864939152471E-004   3.4099332452513660E-009   7.7648492322807237E-009   4.5896670343297290E-008  -1.8060441830550295E-012  -1.0290049591849897E-012  -4.9096892197094746E-012  -7.4822452781989738E-013   5.1140829777403907E-015   3.1712860482128105E-012  -2.9652825752769023E-012  -4.9147342053217763E-012   5.0073488216605541E-012   7.3226929311675167E-012  -8.3226722036112812E-009  -2.5601444653180068E-009  -7.7385676081684391E-013  -4.9040588714327430E-013  -1.8123717130047939E-012  -2.9949364230113020E-013   3.7899222973273640E-016   1.3377315816865334E-012  -1.0643251953412776E-012  -1.8147003810871108E-012   1.9183479939545709E-012   2.7034601101941665E-012  -1.4173429350811060E-009
   5.5725586666025896E-004   1.0060626963339392E-008  -6.1025996807533796E-010  -1.9971207637053930E-008   4.9152691761677942E-010   1.3912252906652810E-008  -7.0821583609166501E-009   8.6650104649539702E-010  -3.0587842284799221E-009  -1.3580277977586053E-009   3.2872945462614357E-002   8.8953406460789371E-008   3.5995627579851707E-008  -1.5322162634609523E-008  0.10088005074644098        7.2068751660804341E-008   8.3045013677641136E-008   8.0226472908274655E-009   2.8157414663294175E-008   3.2096244513695192E-009  -3.8477880027567640E-009  -3.5123638591000985E-009  -4.1748583415268727E-009   6.5812915654455376E-010  -4.8758587685219575E-009   2.8084512584821736E-009   1.7427457036852901E-009   5.6580442411695568E-009  -1.5750428493013182E-009   8.8349621829950610E-010  -6.0823026842222685E-009  -1.3685202904800842E-009   5.3518184917809148E-009  -2.7893010098033136E-010   3.4056329403970163E-009   8.2771432378202358E-009   5.6364088804920574E-009  -1.7646229730178041E-009  -8.1515142068622329E-010  -1.6410600307534421E-009  0.11304427857060841        7.6895638165733484E-008   8.8248081647356709E-008  -2.1761032674810717E-008   5.7705854880675615E-011  -7.1947853395535409E-010   3.6084853523100760E-010  -1.6108075570454181E-010   3.8990623840993724E-011   5.9717562029145621E-011   6.2308698453392175E-010  -9.1496144427924635E-010   1.2932273289084459E-010   3.2112348246613551E-010   1.0512135371586814E-010   1.3077126254310978E-011  -2.3574361942106485E-011  -4.2139034512643434E-011  -2.0573240466493944E-011   7.1609314140988353E-009   1.3237020752724725E-008   1.1995587722606244E-008  -3.4194172307819471E-009  -3.7519163259335044E-010  -3.7416624865877698E-009  -2.4945749461810307E-009   1.5669916595775869E-009   1.4777736246611586E-009   3.1998855081750430E-009  -2.1569918019490976E-010   1.4682230872227744E-010  -3.2763552819487744E-009  -1.1511710683925774E-009   2.8287053945695692E-009  -2.4343253085254658E-010   9.1873639594527920E-002   6.2885697496900534E-008   7.2752310209934695E-008  -4.4758948770930753E-009  -6.5607760727798781E-002  -4.6790377584414295E-008  -5.2186537653714741E-008  -1.5283498369986329E-008  -2.8340426008483331E-008  -2.0121288972958061E-008   7.3433470722048601E-009   9.3991540371070780E-010   7.9401529375298290E-009 -0.10007147162214820       -7.6429944617917628E-008  -8.0497363193959880E-008  -1.9580343153014618E-009   1.1753520789468926E-009   9.8243657059029945E-010   2.6164151157140775E-009  -1.7310719809924498E-010   1.0535432966565609E-011  -2.4467628111308682E-009  -7.6442154683233119E-010   2.1073261901742164E-009  -1.6249767323289725E-010   2.2219183167357439E-008   7.4203919035373631E-009  -4.7749376937409519E-010   3.0186759993254939E-010   2.5801349750869583E-010   6.4196138296774627E-010  -1.0530508325947114E-011  -1.3429993591921989E-012  -6.3793772398662431E-010  -2.1435899149308514E-010   5.5401617541245752E-010  -3.2537975413971894E-011   4.4056540656980017E-009
   2.2609807432391472E-009   5.5724370261137687E-004   8.7343198548392788E-009  -5.2498414610609837E-008   5.0649487850967965E-009   4.6699483800129762E-009  -2.6473512187379350E-009  -2.1182720135016231E-009   1.4071813730292382E-008  -2.9466782590909026E-009   8.8953406460789371E-008   3.2872980727088448E-002   1.7202899836534331E-008   1.2397735876067651E-008   1.7644334022321052E-007  0.10088010874625483        1.6017400190216864E-008   4.2532548270316431E-009   9.5401493487296543E-009  -2.2965768923427789E-009   5.9263574979438302E-009   3.3231047835803957E-008  -1.0179602196975968E-008  -6.0717893882644731E-009  -1.0020239466028385E-009   3.9511590697857859E-009  -1.1385392851520032E-009  -2.8479890747540675E-009  -1.2601997160614804E-010   4.1923440243458586E-009  -4.6178609705520285E-009   4.5932712043616098E-009   2.2444392762304315E-009  -2.5750057480449293E-009   3.8432402346684515E-010   3.2561888514580007E-009  -5.1369573863130368E-010   2.4201030533892473E-009   1.3304324956299289E-008  -2.8042348689858463E-009   1.8448488287610544E-007  0.11304432510899977        2.2629682041092913E-008  -5.1874239877561039E-009   4.0346052168497493E-010   1.2377898892980462E-010   1.9020903513011440E-012  -7.4093956611080384E-010   4.9845061577434240E-010   3.2197198172898533E-011  -1.4021078642565867E-010   5.6492741161856604E-011   2.2045487648840550E-011  -4.4009273405663789E-011   4.6137217853232111E-010  -1.3942939637810033E-009  -6.9529362535811022E-011   1.0227709368471840E-009   2.1244019685868068E-011  -3.9562945700382034E-009   7.0591470944417064E-009  -3.7613807548504828E-010   1.0303736706263436E-008   1.7941731431689316E-008  -6.3469516878949967E-009  -6.8006294955926332E-010   3.5591967474545883E-009  -8.1982505817444803E-010  -1.7757207121733155E-009  -4.5001114303543603E-010   2.6881191934851546E-009  -3.7978220994461470E-009   3.4951079998997227E-009   1.5362583383542980E-009  -1.9940394298403864E-009   1.5285373648837259E-007   9.1873684552901805E-002   1.5545938845488931E-008  -8.3550019948014776E-009  -1.1003387442305592E-007  -6.5607792296490358E-002  -1.1998598136050116E-008   8.6208696026034084E-009  -1.4206126093452590E-008   6.5412306275548461E-010  -2.2512811134332590E-008  -3.2042406901852258E-008   1.3891937782351684E-008  -1.7139377460654489E-007 -0.10007152058212562       -1.9601423290002754E-008  -4.7257915742878870E-010   2.2568013790115302E-009  -5.8817713155073407E-010  -1.2732494277702299E-009  -2.7834134468811340E-010   1.9072803474979095E-009  -2.3178359223919139E-009   2.5453929843537126E-009   8.5293980137856638E-010  -1.4588230375605646E-009   1.6287818279332780E-008   5.5432451469903281E-009  -1.2638139897363920E-010   6.9482556322908061E-010  -1.6323699161231471E-010  -3.5264738364469734E-010  -1.0798519923523027E-010   5.2220562838394569E-010  -7.1662782580392698E-010   7.1972270669874022E-010   2.6664960237027589E-010  -4.1478031128286430E-010   3.6059674509867848E-009
  -2.9974583757391827E-009   1.0562464919672401E-008   5.5725367958124638E-004   6.3605719856127706E-008  -1.8334805419295556E-009  -2.0301918978227260E-009   2.8767924168250533E-009   1.6272659557441528E-008   6.5495676019544121E-009  -1.4439178119740238E-008   3.5995627579851707E-008   1.7202899836534331E-008   3.2873051339404671E-002   1.2939207366656077E-009   2.0262443939833230E-008   2.2812394694734318E-008  0.10088020291722848       -1.0789094358341892E-008  -1.6861546955438484E-009   9.4933429978202760E-009   1.3672674940999617E-008   1.5132378491320473E-008  -2.8835767034840093E-009  -4.0902824529141028E-008   8.5420861420913119E-010  -1.3552397768083912E-009  -2.1540878771515775E-009  -1.8749270833513314E-009   6.5038346254384856E-009   7.2888619733279518E-010   2.6556422842932382E-009   3.4812721739337470E-009  -2.2076712300819442E-009  -9.8934894884668790E-010  -5.4220094522991347E-009  -5.3950266823096482E-010   3.4185874728998090E-009   7.0699472439109851E-010   4.8723923092979310E-009   4.7149213462059336E-009   1.7438006443690511E-008   3.2898805311866960E-008  0.11304443246654401       -4.1935501371878674E-008  -2.2968001355274155E-010  -6.1754217304395335E-011   3.9571652194969904E-011   1.5382182731157262E-010  -4.3333705724905785E-010   2.4964651644299290E-010   8.7875000707557459E-012  -8.6496662199219456E-011   7.1062431329158481E-011   2.4899138338440789E-011   7.5173796455126368E-010   3.6437627310268718E-010  -1.4743333477822649E-009  -4.1385879622858126E-011   6.9718769513351793E-010  -8.5975115424449236E-009  -3.2987658996785691E-010   6.5454114877816909E-009  -3.6811289159781104E-009   1.0857719468224408E-008   1.2278357607735168E-008   1.2604457848969305E-010  -1.4709518912015705E-009  -9.0702616569546864E-010  -8.2731710921829389E-010   4.2715915586502229E-009   6.5820783612324522E-010   1.9431230745090554E-009   1.5577754346865434E-009  -1.1360152065023002E-009  -4.8518745383600808E-010   1.5178276818007521E-008   2.3961776419560235E-008   9.1873769020136373E-002  -1.7992403433761641E-008  -1.1610940331413102E-008  -1.7768172999397210E-008  -6.5607854409767227E-002   1.5294308827950155E-008   4.8654758309642501E-010  -1.4084305055898993E-008   5.6192822280368058E-009  -2.3200379071112586E-008  -2.0913589384445973E-008  -1.9641113579448218E-008  -2.8077053817760830E-008 -0.10007161923191922        1.7326781551810194E-010  -1.0043941413799934E-009  -7.3877376911478343E-010  -6.3850924509842544E-010   3.0542755839075426E-009   4.0604459682412146E-010   1.2747663945630316E-009   1.5346542275335173E-009  -7.0588318094430861E-010  -5.9325589355885119E-010   4.3589622919876213E-008   1.2500812161406449E-008   4.3095221894432069E-011  -3.0335117819726798E-010  -1.6873120142362335E-010  -1.5176098488216920E-010   8.2764036861507367E-010   9.3942121753897325E-011   3.5652719698875134E-010   3.4433161178149839E-010  -1.7497992542817640E-010  -1.3089265505673442E-010   8.4772056152848996E-009
