   3.4108372741663428E-007  -8.6887532982087991E-019  -1.7163955059146929E-019   5.4330604124518023E-016  -2.8671379356458788E-006   4.2425032182718071E-018   5.3176960041062427E-020   4.9005484934340155E-016   1.3664043232389226E-016   1.4431595683029539E-016   2.2360519383374963E-018  -6.2469590100282557E-017  -3.5217682492869049E-017  -7.8805619280413795E-017   1.2642905419788304E-016  -5.6122875753890760E-018   4.6569646901419560E-019  -6.1811383133257173E-019  -2.3798022522753452E-018   2.0725132328444601E-019  -1.7098280726719629E-018  -2.0216069772177542E-019  -7.9985185646800975E-020  -2.1063526300946241E-019   6.3474990886383565E-019   3.9448347843195487E-016   4.0618404406948604E-016   7.0751569275123342E-018  -1.7345091445220493E-016  -9.6527074747295764E-017  -2.2366214011415505E-016  -9.7731901695647581E-005   1.3315416925368583E-016  -8.1396160461914523E-018   1.2532744977504613E-018  -3.0262684989214792E-019   6.2226363221639498E-019  -3.0999738767261840E-018  -1.0458202482696422E-019  -3.1134810024224405E-018   3.0112809328208212E-019   4.2553161373522370E-019  -3.3300382175352436E-020  -3.4003646832313966E-019  -2.4291678825323969E-015   5.1448723298072484E-016   5.3339375832808050E-016   8.1173409980690618E-018  -2.2561394359580768E-016  -1.2866550689434353E-016  -2.8783765975093693E-016  -3.9949089261505821E-004   5.4507078835622810E-016  -4.6858683205233497E-017  -3.7528212106990494E-019  -4.7537840170762671E-020   2.6096190714916899E-020  -1.2262204793411173E-019  -3.3600551380303790E-020  -1.1005821869866824E-019   2.6103539208625688E-020  -5.2095543959710832E-021   2.8444713772982571E-020   2.2332014020647675E-021  -2.6668379884395544E-019  -3.0884275811728092E-020  -2.7875573934926411E-019   7.2444833291153947E-020  -2.7193525714162056E-019  -4.4179464185875530E-015   2.1278430492926775E-018   3.2074293191147538E-019  -4.0729878004943499E-019   5.2506519885812042E-018   1.2557608818205766E-019   4.5939768644351017E-018  -3.3532527801125884E-019  -2.8536556812293760E-019   7.5043758079315183E-020   1.5353676779117767E-019   3.7732680734488771E-004  -5.1455809578158304E-016   4.0769892743017287E-017   3.2766486886740434E-016   3.3824142874267315E-016   5.4405832960106138E-018  -1.4352170861966605E-016  -8.0931327916112182E-017  -1.8456776941275870E-016   4.0071444896677656E-015  -1.0730802386268725E-015
  -8.6887532982087991E-019   3.4108372742386095E-007  -8.5676647157085132E-020  -3.0272222849917345E-016   4.4644259238984085E-018  -2.8671379356803251E-006   5.7351611593951636E-018  -2.5848917458822968E-016   8.6791463209125578E-017  -1.1893544019014696E-016  -2.3372920481697083E-017   7.4899882486397280E-017   1.9426618261708091E-016  -1.5418837269528739E-016  -7.0147924559834321E-017  -9.9270102653371173E-019  -1.4823911763316947E-018  -4.1112975585514289E-020   9.9145817619022032E-020  -3.4283511500965828E-020  -9.4260429152505706E-020  -6.3333701068160735E-018  -2.8180827144635490E-019  -2.3371182062227134E-018   1.7415193276494708E-019   2.3831699662731719E-016  -3.3285594446842079E-016  -6.5636538362170932E-017   1.9754964003275766E-016   5.4364607416238639E-016  -4.3971555711557673E-016   1.1755783854344119E-016  -9.7731901696675988E-005   2.0878846850420649E-016   1.3801203653094802E-019  -5.2156994390888156E-018   8.2472498477500281E-020  -4.2019076959725602E-019  -8.0501731267337253E-020  -2.8351496255069385E-019   2.0792144403778511E-018   1.1454785184733115E-019  -3.7572987250346288E-018   1.5629617321164264E-020   1.4044063917866764E-015   3.1332783622717539E-016  -4.3839208168445906E-016  -8.6632297062329513E-017   2.6417611641927278E-016   7.1567186142924903E-016  -5.7679300321369558E-016   4.7167424594521270E-016  -3.9949089261929642E-004   8.5526687736165585E-016  -7.8121336995575146E-020   3.2747895794954081E-020  -4.9149266725198830E-020  -1.8375450717676250E-019  -6.4461851931804290E-020  -1.1402587908778348E-019  -7.0285010590774278E-020   4.2537935566567578E-020  -2.2570247430741826E-020   6.0913773129461653E-020  -1.8761809361671349E-019  -7.1922858473699804E-020  -2.5372351961209975E-019   3.3338818562483750E-021  -8.4696924912825050E-020   2.5226954659425915E-015  -1.1479131171393447E-019   5.5296546407744262E-018  -3.5909414745905187E-020   9.9776838418124198E-020  -6.1239225540459232E-020   6.5645714150810305E-020   5.3468200620383206E-018   2.3896730105825195E-019   6.3517274417664100E-018   1.5297936969735772E-019  -4.4615680809321001E-016   3.7732680734888586E-004  -8.0773067519261911E-016   1.9914946678354589E-016  -2.7755427903320699E-016  -5.4588524316549706E-017   1.6638319704039156E-016   4.5315244391497974E-016  -3.6527183395934858E-016  -2.2981987046432700E-015   6.1559530536235709E-016
  -1.7163955059146929E-019  -8.5676647157085132E-020   3.4108372742435281E-007   2.1934214590577981E-017   2.0914734460791233E-018  -5.0814003608806488E-018  -2.8671379356833999E-006  -2.0710208927594395E-018  -1.7049490377526592E-016   2.3244782988470747E-017  -1.6827000226795617E-016  -2.9459447622559626E-018   1.0748317283376347E-016   1.8277633629773163E-016   3.0990355053799374E-017   1.4491375917565777E-019  -4.2957121654697944E-019  -2.0862266117632233E-018  -3.8776748388947607E-019   4.1049814121819108E-021   4.8379225128804452E-019   4.6015199891532839E-019  -1.1327898794936862E-018  -6.3053007854510886E-020  -6.0223013721422865E-018  -4.8534718816581586E-016   6.2709753916496780E-017  -4.7160740933050012E-016  -1.5344100295263468E-017   2.9816474791758434E-016   5.0413685716046768E-016   5.9706862761025431E-017  -1.8384519151725357E-016  -9.7731901696750703E-005  -4.4731823852810739E-020   4.7256228931288892E-019  -4.7641000842455360E-018   2.0504518459133145E-019   1.5249212736761232E-019   2.7060739508909473E-020   2.4146414287886798E-019  -4.6991499162926059E-018   1.2105694513609730E-019   2.3093790165089225E-018   2.0110534755105575E-016  -6.4391920579808670E-016   8.4936488047581015E-017  -6.1990821674277989E-016  -2.2487348364283252E-017   3.9509593189934404E-016   6.6282062985714111E-016   2.4609146001595955E-016  -7.5573746277717889E-016  -3.9949089261958037E-004   2.5434209974576685E-018   1.2029287100913432E-019  -1.5359424533272921E-019   1.0249877458843657E-018  -3.7191490362567948E-020   1.0654191426397401E-018   1.0282341521392279E-020  -7.6194363940599679E-020  -2.7523340147990288E-020  -1.4821549675123838E-019   1.1112498877729623E-018  -2.3103788022021422E-020   5.4569178226494614E-019  -4.3686627977050002E-020   1.0700329379033994E-018   3.8967485101029869E-016  -9.7709871844291443E-020  -1.5134676098474445E-019   4.1504100409183604E-018  -3.6148278221613082E-020  -8.0593430880826037E-021  -3.1515843080401400E-019   8.7578448152709608E-020   5.5176061154062166E-018   1.9149263130367381E-019   3.4647115008077746E-018  -2.3163873536030841E-016   7.1291399280341588E-016   3.7732680734915670E-004  -4.0435867976346870E-016   5.2835918495431628E-017  -3.9310758008636029E-016  -1.3295363031617413E-017   2.4892381550183018E-016   4.1957749810918182E-016  -3.6295909434073060E-016   9.7694494840158669E-017
   5.4330604124518023E-016  -3.0272222849917345E-016   2.1934214590577981E-017  0.28404051717639262       -3.4089160866003718E-016   3.9380586108018171E-016  -1.6489469933029774E-016  0.21100668648462467        7.9985464287557550E-014   1.1541792332192183E-016  -1.2801606909718767E-016   1.1409290325643850E-013  -8.0235730735411159E-016   8.3980464619933452E-014  0.13839375175102606        2.2140441944997317E-016   1.3615342472615581E-017  -5.2528066532900124E-017   1.1702812938292395E-016   4.9927023703658179E-017   1.0407386836240696E-016  -7.5825554583290455E-017  -4.0303423913225333E-017   6.9505132847282364E-017  -2.0397153863145115E-017   6.8474575323378635E-014   4.8823424424443180E-017  -5.0343498472047603E-017   5.4183084953457701E-014  -1.4677790009105135E-015   6.5890711271837494E-014   2.8283954749502268E-015  -5.5923992302558726E-016   2.0140353171135153E-017   3.2941229938770095E-016  -3.8379105816594982E-017   6.6154303353485292E-017   1.1195753769597583E-016  -2.2683938040044934E-017   1.2121433674727367E-016   2.1100205706456742E-017   4.9853699695347963E-017  -5.1210071130642853E-017   1.3166577610049905E-016 -0.13826413825080552       -3.8816875605539501E-014   3.4738611765978873E-016  -3.0610152037221293E-016  -1.6434740264397730E-014  -1.9273495118904639E-015  -1.5586446050084320E-014   1.6188408209620747E-014   9.9623549124877136E-016   7.9876817474910752E-016   2.7795043968095841E-014  -1.0459997359026470E-017  -2.8465824422119485E-017   1.7168667578532272E-014  -1.1116465673472832E-017   2.8846791552758685E-015  -4.7700861840564113E-018  -7.7402145919974346E-018  -5.8611781987936730E-018  -3.5019554564495748E-017   1.8148898944611687E-014  -4.1732203219304482E-017   1.2282166580041704E-014  -3.9877554349801875E-017   2.5942280157477984E-014 -0.20132340254997630       -5.7100025219801435E-016  -1.8623096651104525E-017   4.1465431706881552E-018  -2.6082332040780328E-016   9.0426593339184075E-018  -2.5234044296215159E-016  -6.8933806931593952E-017   4.7419007144561049E-018  -8.7112310343279608E-018   6.4260794967555707E-018  -1.4846593324920090E-014  -4.8003655751490310E-016  -7.0838129429664890E-016   1.9781680669214803E-014   8.7211045292271388E-017  -2.4401353181829121E-016  -3.5409023578406873E-017  -1.1693286928983910E-015   1.5057542868749914E-014  0.13764540570151054       -3.4443340477044178E-002
  -2.8671379356458788E-006   4.4644259238984085E-018   2.0914734460791233E-018  -3.4089160866003718E-016   2.4101061649236587E-005  -1.1795194650974000E-017  -5.8997648030023014E-018  -7.2141891653010537E-016  -3.0659986763993679E-017  -3.9561827911898705E-016  -1.2027842466846167E-016  -7.9203554375340306E-017  -4.6808302413011322E-017   1.4882331568737685E-016   2.4342708803971844E-016   4.7176693930925896E-017  -3.9146283023101058E-018   5.1958433425504431E-018   2.0004534864539059E-017  -1.7421474067312465E-018   1.4372755240234486E-017   1.6993557856011944E-018   6.7235268533757093E-019   1.7705926862462358E-018  -5.3356856310293474E-018  -1.8708046225548974E-016  -1.1263168066374115E-015  -3.4350732713027354E-016  -2.3338203913705873E-016  -1.4817456577830843E-016   4.4256662681261725E-016   8.2153096249041214E-004  -3.0573202739426870E-016  -1.1744646503230189E-016  -1.0534981787321186E-017   2.5438707623522337E-018  -5.2307264243055895E-018   2.6058272462299214E-017   8.7911285899156907E-019   2.6171812890570866E-017  -2.5312722664366167E-018  -3.5770039274463855E-018   2.7992185303646010E-019   2.8583347121455373E-018   3.8587340473952826E-015  -2.0295090670755117E-016  -1.4695898837374432E-015  -4.4239782607419658E-016  -3.3161983236444819E-016  -1.8251436208320821E-016   5.2586527243040281E-016   3.3581065324836353E-003  -1.2563329084955692E-015  -3.6586455250091435E-016   3.1546084420638398E-018   3.9960142901315271E-019  -2.1936367042953022E-019   1.0307566654793195E-018   2.8244506490658307E-019   9.2514555221228562E-019  -2.1942544179767248E-019   4.3791332857980759E-020  -2.3910527356858694E-019  -1.8772213200723263E-020   2.2417347264133561E-018   2.5961214709281694E-019   2.3432110380752198E-018  -6.0896874595277170E-019   2.2858783031402210E-018   7.5737426647489452E-015  -1.7886574577856420E-017  -2.6961539169764470E-018   3.4237393623801160E-018  -4.4136797780913545E-017  -1.0555882245188066E-018  -3.8616809553699873E-017   2.8187326104219814E-018   2.3987730288060155E-018  -6.3081521732466584E-019  -1.2906247236739942E-018  -3.1717960034874149E-003   1.1843464988359812E-015   3.7489466487246694E-016  -1.4537298120218395E-016  -9.3542291672429452E-016  -2.8256631290062878E-016  -2.0388767958305434E-016  -1.1980886913118282E-016   3.5282991064001057E-016  -6.8679075972134866E-015   1.8439712749633468E-015
   4.2425032182718071E-018  -2.8671379356803251E-006  -5.0814003608806488E-018   3.9380586108018171E-016  -1.1795194650974000E-017   2.4101061649305061E-005   5.5844284979939668E-019   4.4175730199350298E-016  -1.7406785419702127E-016   2.9058233224713499E-017   2.9340264214234759E-017  -3.4713886368188414E-017  -9.3419653724424795E-017   1.4571201078956017E-016  -7.0126591655077551E-017   8.3446102617603425E-018   1.2460928609173825E-017   3.4559424120688481E-019  -8.3341629047091984E-019   2.8818600386355927E-019   7.9234988518118909E-019   5.3238088580482570E-017   2.3688705168174686E-018   1.9645734259568141E-017  -1.4639150825093394E-018  -4.4852719592605538E-016   8.1104774155006518E-017   8.3961576812067019E-017   4.4190745887947304E-018  -2.6082699196496484E-016   4.7646201266083482E-016  -1.1104153310001879E-016   8.2153096249152095E-004  -9.2717409495923395E-017  -1.1601243732952704E-018   4.3842987866527363E-017  -6.9326095032605605E-019   3.5321089775831940E-018   6.7669474984721250E-019   2.3832169028043215E-018  -1.7477804184470447E-017  -9.6288525383367157E-019   3.1583722247888506E-017  -1.3138201898384638E-019  -3.2807308005054100E-015  -5.8570835187791682E-016   1.0611730842464895E-016   1.1201569201036055E-016  -2.7296444942580155E-017  -3.3951925882771175E-016   6.0702858064517707E-016  -3.7943938701703635E-016   3.3581065324884579E-003  -3.9428335032608621E-016   6.5668523832082389E-019  -2.7527767157617193E-019   4.1314702466138504E-019   1.5446339885073680E-018   5.4186408257375114E-019   9.5849756989981389E-019   5.9081335180372408E-019  -3.5757240512447847E-019   1.8972471406947672E-019  -5.1203905579086593E-019   1.5771111619381758E-018   6.0458104361948961E-019   2.1327910708874039E-018  -2.8024495070919201E-020   7.1195940135893439E-019  -5.9834531222777066E-015   9.6493176905284560E-019  -4.6482084359517828E-017   3.0185328986857549E-019  -8.3872062939220819E-019   5.1477479745023194E-019  -5.5181558728731815E-019  -4.4945183257245308E-017  -2.0087508115833389E-018  -5.3392399698869269E-017  -1.2859392547703845E-018   3.6386375435356046E-016  -3.1717960034919283E-003   3.7169125462838410E-016  -3.7765644090850424E-016   6.7731503019659021E-017   6.8827694415536847E-017  -1.0289626167026324E-017  -2.1621908139318080E-016   3.8575354031665509E-016   5.5065239211249554E-015  -1.4781560684572565E-015
   5.3176960041062427E-020   5.7351611593951636E-018  -2.8671379356833999E-006  -1.6489469933029774E-016  -5.8997648030023014E-018   5.5844284979939668E-019   2.4101061649322002E-005   6.1633922721955986E-018   2.4268805788243756E-016   3.3695391896567034E-017  -6.0106070771306898E-017  -1.2399688680634049E-016   6.7796965426352711E-017  -1.9716495611092136E-016  -1.7609514054288030E-016  -1.2181400135095417E-018   3.6109606879585294E-018   1.7536748252945440E-017   3.2595599669406069E-018  -3.4506330812285404E-020  -4.0667408179480702E-018  -3.8680216797948033E-018   9.5221922815784560E-018   5.3002138839164181E-019   5.0623255628676255E-017   7.4781690320403386E-016   1.1405364973895297E-016  -1.6280979460690229E-016  -2.8737636783196436E-016   2.1215348775702495E-016  -4.8940386587863596E-016  -1.0372146079232608E-016   1.0844063106896635E-016   8.2153096249184534E-004   3.7601415368038708E-019  -3.9723421487182006E-018   4.0046859415067235E-017  -1.7236026816896671E-018  -1.2818435126484353E-018  -2.2747163401105901E-019  -2.0297391768790858E-018   3.9500890564912176E-017  -1.0176004654932532E-018  -1.9412559596761172E-017  -2.5685343045495491E-016   1.0234553551052884E-015   1.3067954172901172E-016  -2.2582254006793840E-016  -3.5944978441836900E-016   2.5999597026125290E-016  -6.3386241584414563E-016  -4.4105894948122688E-016   4.7897391000092322E-016   3.3581065324896032E-003  -2.1379908338897755E-017  -1.0111776849639218E-018   1.2911078781143506E-018  -8.6160113003401068E-018   3.1263037285086116E-019  -8.9558762133143902E-018  -8.6433004835090783E-020   6.4048717022020349E-019   2.3136023885646152E-019   1.2458943049217467E-018  -9.3411278611523692E-018   1.9420963743534395E-019  -4.5870661198469793E-018   3.6722827335109008E-019  -8.9946596161550976E-018  -6.4587709020862826E-016   8.2134578031233583E-019   1.2722156027920761E-018  -3.4888202280467136E-017   3.0386116797894959E-019   6.7746557359522922E-020   2.6492107950380465E-018  -7.3618138548779299E-019  -4.6380804874795040E-017  -1.6096803905889457E-018  -2.9124244229342546E-017   4.0986918466007440E-016  -4.4488065124235833E-016  -3.1717960034930324E-003   6.2074245647492284E-016   9.0499626298181859E-017  -1.3682938745851855E-016  -2.3540739517082289E-016   1.7430703629937560E-016  -4.0150355969666983E-016   5.9602977421812326E-016  -1.6052388816991420E-016
   4.9005484934340155E-016  -2.5848917458822968E-016  -2.0710208927594395E-018  0.21100668648462467       -7.2141891653010537E-016   4.4175730199350298E-016   6.1633922721955986E-018  0.15690202013968341        7.0948730320163898E-014   1.3592126404261172E-017  -7.4218895205682004E-016   7.8568981224330105E-014   1.7032936816488371E-015   5.3998951900199840E-014  0.10237132168858416        1.6542648176145937E-016   8.1781749221222478E-018  -5.5386427824289626E-017   8.1037606698417313E-017   4.3119247847047077E-017   6.7701743419352343E-017  -4.6471349661369374E-017  -3.6007974005403696E-017   4.3428693615689995E-017  -1.2807765531658831E-017   8.5488053812630004E-014  -1.4806396478001020E-016  -1.8141782920722817E-015   2.4950438989992921E-014   5.3419926577472706E-015   2.7971189415627811E-014  -1.1365099363860955E-014   2.6806407580592144E-015   4.1835817471192572E-015   2.2306213577185916E-016  -2.1710503634162322E-017   5.6206236723260144E-017   9.3117942769423620E-017  -2.2793335690222733E-017   1.0230114328920077E-016   1.5458339753760473E-017   3.9417913694514489E-017  -3.5907523137128616E-017   7.5852116060219557E-017 -0.11114989062688921        1.7130784762868418E-014   2.9228213639246921E-017  -2.5769792830100874E-015  -3.0559094880611547E-014   7.0369653035287149E-015  -3.8609173293487953E-014  -4.3756137313680368E-014   1.3891414095488679E-014   1.7515112379912465E-014   2.0481211868998840E-014  -1.0436915070059619E-017  -2.3111376454289546E-017   1.2827278433499764E-014  -9.1680967528071671E-018   1.1565002790048264E-015  -1.4884252333581604E-018  -5.0018028305431279E-018  -3.2696927308767649E-018  -2.5753977962580271E-017   1.3054246934390876E-014  -3.2682316940551159E-017   8.8647699744218138E-015  -3.0475337373570131E-017   1.9401119830270892E-014 -0.16501301418334974       -4.2162338323175366E-016  -1.7519354186866755E-017   1.8756316383466352E-018  -2.1211456277527242E-016   7.8946441694919744E-018  -2.0599324708308857E-016  -4.7076639623804191E-017  -1.7599457619221529E-018   1.2995479186635931E-018   1.0795428115677413E-017   4.1468453222003097E-014  -1.2660187344707945E-014  -1.6507156805400240E-014   4.4197980975015520E-014  -9.1051619746712084E-017  -1.6758369436993813E-015  -1.2981508568987388E-014   4.4907500361795339E-015  -6.1978237727255226E-015  0.11666117612808156       -2.9463523270024709E-002
   1.3664043232389226E-016   8.6791463209125578E-017  -1.7049490377526592E-016   7.9985464287557550E-014  -3.0659986763993679E-017  -1.7406785419702127E-016   2.4268805788243756E-016   7.0948730320163898E-014   2.9853800375156558E-002   2.2607986988577831E-016   4.7624681569255369E-016  -1.4926900187592389E-002  -7.6185234946320837E-016  -1.4926900187586415E-002   4.3740300227318248E-014  -1.2564782952558403E-016   6.2995195194551690E-017  -3.0881375077355498E-017   3.8946767338920815E-017   4.9379417239145174E-018  -3.7124006739114351E-017   1.0062117755605869E-016  -3.0831954108800976E-017  -1.8038963938727620E-017  -1.0513696466639611E-016   8.3556370700659702E-002   1.7996400810543402E-016   7.0152115724552629E-016  -4.1778185350342043E-002  -1.4429045320217957E-015  -4.1778185350321836E-002   1.4637383948245913E-015  -6.2896517120811762E-016  -8.9490397146530172E-016   1.4330287164529687E-017   1.0235713786595001E-017  -2.5339094378306839E-017  -4.0429759273784183E-017   3.4195271759904511E-018   1.0765790068070173E-017   9.8849824280745298E-017   3.1282441871193448E-017   8.2583150552939260E-017  -9.8293773064517457E-020   1.3557251447987012E-014  0.11007057507583828        1.6482583527218913E-016   1.2888792138600172E-015  -5.5035287537935101E-002  -2.4568343101042694E-015  -5.5035287537913417E-002   3.8121595588042005E-015  -1.8384959455912072E-015  -3.8851022410515101E-015   1.8672321681397979E-015   1.6157921085202574E-017  -1.4299603321576283E-017   9.4809730523424875E-016  -6.9029121701228485E-018  -3.4801103403409394E-015   9.8253591041553392E-018  -1.7975541790240895E-017   2.4811532619456884E-017  -5.1113877354004290E-017   2.7182196917029553E-015   4.5125931454516176E-017   8.8081165079084559E-016   5.6358572084577333E-017   4.6509185358748906E-015   4.8736200890300685E-014  -5.5757028204985724E-017   1.9945965530130150E-017  -2.8364071086513502E-017  -1.2308129170374842E-017   2.8609990213028944E-019  -2.9590174865134001E-017  -4.6586445165943734E-017  -3.0976976447241668E-017  -1.9261671280520627E-017  -7.0730648672011694E-017  -3.8611884775424279E-015   1.7660884187458730E-015   3.6051596326599534E-015   6.9670941366437478E-002   1.3301635997093149E-016   6.4503930625664709E-016  -3.4835470683228585E-002  -1.3033677124228797E-015  -3.4835470683208372E-002  -5.8555565496649574E-014   1.6280876228056508E-014
   1.4431595683029539E-016  -1.1893544019014696E-016   2.3244782988470747E-017   1.1541792332192183E-016  -3.9561827911898705E-016   2.9058233224713499E-017   3.3695391896567034E-017   1.3592126404261172E-017   2.2607986988577831E-016   2.9853800375152586E-002   2.3869346101978821E-016  -2.5975620580265083E-016   3.3938492614110415E-018  -8.3348253768033713E-017   3.3209645730967864E-016  -1.1465540839582008E-016   7.3503363084835859E-017   2.0426762932705956E-017   1.6779513306685131E-016   3.3780086205296042E-017   1.4325856146566611E-016   3.4045037997554880E-017  -6.9067638978781008E-018   4.0284338094232927E-017   5.2778719873397273E-017   3.3892668131667884E-016   8.3556370700650084E-002   5.7785688804519800E-016  -3.7256574778389357E-016  -3.2124952722392869E-016  -2.9444220499273223E-016  -2.1985787773148815E-017  -3.2510652383258820E-017  -5.4157991719186860E-016   3.4010071116914404E-016  -5.3082404278123927E-017   5.9827825459175903E-017  -6.6358496910853673E-017  -6.8716712909819411E-018  -3.8410337334592711E-017  -3.3348385916576371E-018   7.3031226074616156E-017  -3.0185694802536315E-017   1.1617315246873009E-016   8.8113761858290357E-016   5.4705114678649945E-016  0.11007057507585620        8.2350067791368137E-016   7.0635771537423181E-017  -2.1053003904005767E-017  -2.6238454903802604E-016   7.1830573646649450E-016   8.9755448139625774E-017  -3.7780461161052240E-016  -2.7736767891061494E-017  -4.4888981578446123E-015  -1.2085609442064688E-017  -9.6300584860631932E-017  -5.0892001370435286E-018  -7.8110736750731226E-017  -6.4452211590969294E-015  -2.7664653590751034E-017  -2.9497262014564197E-015   1.5033422543033383E-017  -3.1705759152939753E-016  -5.5351752009810278E-017  -1.3446051596936246E-016  -7.2220147819499924E-017  -1.9929143235906869E-016   3.0048856724242680E-016  -1.7596389349065914E-016   1.8124889328911145E-018  -1.1976640743064795E-017  -9.4955927858533713E-018  -4.9765955109427758E-018  -3.2619301805778740E-018  -3.1425373758345422E-017  -1.3068688034018884E-017  -5.8305198323435175E-018  -6.3013441765975598E-017  -6.8988059138982527E-016  -4.6744712295431639E-017   5.0288125153947435E-016   3.7302483964133143E-016   6.9670941366427472E-002   4.9657475939372808E-016  -3.6226413307940412E-016  -2.2283785128013501E-016  -2.0053716784482115E-016  -6.7523296856121788E-016   1.9697438326697822E-016
   2.2360519383374963E-018  -2.3372920481697083E-017  -1.6827000226795617E-016  -1.2801606909718767E-016  -1.2027842466846167E-016   2.9340264214234759E-017  -6.0106070771306898E-017  -7.4218895205682004E-016   4.7624681569255369E-016   2.3869346101978821E-016   2.9853800375151958E-002   1.6773179355587712E-016  -2.9590407798059252E-017   9.1487340418649771E-017   2.4834717310850580E-016   2.7903373082143730E-017  -2.9658059539801790E-017   1.0523323078528275E-016  -5.2911781455051548E-017  -3.9762189288122414E-017   1.3852356435250832E-017  -5.6013147473550305E-017   6.3388908708079258E-017   5.4521148494766062E-017   1.5507948555228679E-016   6.9916132345441576E-016  -7.7376459731680305E-018   8.3556370700649862E-002  -2.1131693264806627E-016  -8.7095781636597158E-016  -2.6406612119656644E-016   1.5596212431676317E-016  -1.9950679591318854E-016  -6.5906239163432127E-016  -7.9547705197818409E-017   7.4100102216439441E-017   1.1072055485766309E-016   3.1195933385504969E-017   3.8633233397342637E-018  -2.8762703374349248E-017   1.6961801553371940E-016   1.4830618604564160E-016   3.0667793557829943E-017   3.2213485829115835E-016  -4.6600615398969347E-016  -4.6484321112364151E-017   3.9518745670622948E-017  0.11007057507585423       -1.9130916740095679E-016  -1.0136390340233009E-015  -7.7223019713284638E-016   1.4841234506969029E-016  -2.1970083389333349E-016   5.6292788568522279E-017   4.5548053833413517E-016   1.0723894758665726E-016  -4.7364049327927499E-015   1.4860028408836121E-016   5.8119736769321007E-017   2.5605709959315982E-016   4.0453209401072381E-017  -2.8015239004831583E-015  -8.0771373928086384E-020  -6.4563827401525331E-015   5.4913542057203300E-017   8.8978954123417451E-017   1.0934729499174050E-016   9.4955405051392274E-017   2.9853230604781285E-016   1.5358304357959735E-015  -6.6905549156024858E-017   3.8636763152277554E-017  -3.4121530568411373E-017  -3.8388547216363345E-017  -2.4443024325423393E-018  -4.6376142671431775E-017   1.0326944408747467E-016  -2.1818601794473715E-017   4.5389133807977337E-017  -4.1662423464185103E-017  -1.5902506033186586E-016   1.7871190243857860E-016   7.3917469847927685E-017   7.1822888213006845E-016   1.1196759123165145E-016   6.9670941366426931E-002  -3.5220900496253740E-017  -4.6236203986294282E-016   3.0844704774248044E-018  -7.5855950431410175E-016   1.6677646044255744E-016
  -6.2469590100282557E-017   7.4899882486397280E-017  -2.9459447622559626E-018   1.1409290325643850E-013  -7.9203554375340306E-017  -3.4713886368188414E-017  -1.2399688680634049E-016   7.8568981224330105E-014  -1.4926900187592389E-002  -2.5975620580265083E-016   1.6773179355587712E-016   2.9853800375160531E-002  -1.2769889888644869E-016  -1.4926900187567666E-002   7.6858729795048864E-014   1.6315871583105730E-016  -4.7935933202395372E-017   6.2119060484484652E-017   7.9476584130768625E-017   2.2189926701800662E-017   6.8324282611150254E-017  -4.0686601760028389E-017   4.6226245390944870E-017  -2.4287901051574243E-017   3.8878757078902208E-017  -4.1778185350363053E-002  -4.8397429727037794E-016   8.3817298262607627E-016   8.3556370700660618E-002  -3.1714777017697265E-016  -4.1778185350301165E-002  -2.2981082119734731E-016  -9.2625315039248733E-016  -1.0879906817144896E-015   9.1738387501350069E-017  -4.3657368535603632E-017  -2.2612830774940735E-017   3.9024585543377287E-017   6.0455003641899828E-018   2.6442117181272648E-017  -6.1678690188881564E-017   2.1231113208096348E-017   2.9135730833655633E-018   1.1611755015514202E-016  -1.4342806919802019E-014  -5.5035287537955481E-002  -4.8177709380508906E-016   1.0978817545836397E-015  0.11007057507586542       -7.0557505693120311E-016  -5.5035287537900948E-002   1.4504159813662242E-015  -4.1168810187111446E-015  -3.3966691524516182E-015  -3.2160609738727377E-015  -2.4269473265859262E-017  -2.2542501014469406E-017  -1.0090164654487408E-015   3.3539030164340725E-017   3.6288878442608059E-015  -2.1603774100694301E-017   9.4248255255479661E-018  -1.4968568038671739E-017   1.0966891388982332E-017  -5.1202485262816637E-015   1.1350760768156637E-017  -2.5816634478319329E-015   5.3184409749216869E-017  -6.5396866552077885E-016   2.8565958162451976E-014   3.8843417487412258E-017   2.0098300609869457E-017  -8.5440567915279043E-018   1.1808854748251749E-017  -1.4407045892244805E-017   4.0005251570217260E-017   2.6297790162871684E-017  -3.4147099279070543E-018  -1.2728830744165623E-017  -3.6865326483723671E-017  -1.1709033327510788E-015   3.9006636724340192E-015   3.2873779756986524E-015  -3.4835470683245780E-002  -4.2781940099918787E-016   6.8433909391039648E-016   6.9670941366436284E-002  -2.7292163890194221E-016  -3.4835470683192267E-002  -4.2810594577305194E-014   1.3141506197724515E-014
  -3.5217682492869049E-017   1.9426618261708091E-016   1.0748317283376347E-016  -8.0235730735411159E-016  -4.6808302413011322E-017  -9.3419653724424795E-017   6.7796965426352711E-017   1.7032936816488371E-015  -7.6185234946320837E-016   3.3938492614110415E-018  -2.9590407798059252E-017  -1.2769889888644869E-016   2.9853800375154671E-002   9.8991258237841773E-017  -2.3765960813930525E-015  -1.2719036214889033E-017   1.2045054011212408E-017  -1.1013993583881994E-016  -4.9254703250888669E-017  -5.8685227017150215E-017   5.3234292123247121E-017   5.1278342747786795E-017  -3.8504380113675119E-017  -2.0001462923861553E-017  -1.4066236632414151E-016   2.4274354905697253E-016   4.1590969424433293E-016   4.1546288436465608E-016   4.1679103202588387E-016   8.3556370700653845E-002   6.1641615714474011E-016   1.4847803900769523E-016  -1.5908660399033003E-016   2.5092290842521222E-016  -1.9576269305836705E-017  -5.8832853029416379E-018  -7.7567656489992909E-017   3.8709289733280966E-017   1.9787024026027202E-018  -2.0619987949442394E-017   1.5581558970994817E-017  -9.0552613990097259E-017  -3.6458674435954940E-017  -1.9251677498964744E-016   9.4698379026545127E-016  -6.4349601222674650E-016   3.5704217495957959E-016   1.2729621942317044E-015   1.8715277672881625E-016  0.11007057507585806        1.5297150329617014E-015   5.7550825463647729E-016   7.0201877095106534E-017  -8.2592791588046538E-016  -8.1566716060276191E-017  -5.1391945422387267E-018  -1.8628455660663865E-016  -4.1894609878545629E-017  -2.1286329972097255E-015  -1.1689393703788577E-016   8.0297860444003826E-020  -6.4843787348195939E-017   1.5617740794297006E-017  -1.9024703109176244E-016  -2.4720116843073278E-017  -4.9456939615243642E-015  -1.3380814503124825E-016  -5.5307809871490403E-015  -2.8372327438800921E-016  -1.9351018239851085E-016   5.2535843962990981E-018  -6.0327034735405639E-017   1.2989694227729083E-017  -3.7277833606734067E-018   1.6987636583123308E-017  -1.2669553054479975E-017  -1.3518823646669065E-016   2.9453136884733729E-017  -3.5977479066419257E-017   5.9881377928546219E-017  -5.2784865911697586E-016   5.8492332231255712E-017   6.3387647115713924E-016  -4.7438503727454968E-016   2.8904109940458377E-016   3.6609547485807081E-016  -1.3387694544532520E-016   6.9670941366430067E-002   5.1059569576951955E-017  -3.9690954907695840E-017   4.0616129984790073E-017
  -7.8805619280413795E-017  -1.5418837269528739E-016   1.8277633629773163E-016   8.3980464619933452E-014   1.4882331568737685E-016   1.4571201078956017E-016  -1.9716495611092136E-016   5.3998951900199840E-014  -1.4926900187586415E-002  -8.3348253768033713E-017   9.1487340418649771E-017  -1.4926900187567666E-002   9.8991258237841773E-017   2.9853800375175849E-002   2.3753770209714566E-014  -3.7510886305170003E-017  -1.5059261992194916E-017  -3.1237685406892391E-017  -1.1842335146950819E-016  -2.7127868425806886E-017  -3.1200275871702511E-017  -5.9934575796510659E-017  -1.5394291282085595E-017   4.2326864990516856E-017   6.6258207587348984E-017  -4.1778185350358911E-002  -2.3530998791201579E-017   5.1876596382064701E-016  -4.1778185350317236E-002  -4.5260570261831963E-016   8.3556370700683932E-002   9.4091148024677361E-017  -5.9463451725374251E-016  -6.9203498633748538E-016  -1.0606867466519434E-016   3.3421654748748486E-017   4.7951925153072425E-017   1.4051737303746384E-018  -9.4650275400845969E-018  -3.7207907249458780E-017  -3.7171134091854489E-017  -5.2513555079456224E-017  -8.5496723636557815E-017  -1.1601925638147806E-016   3.6365457433143736E-014  -5.5035287537964814E-002  -1.1452224260049376E-016   3.2489049834768562E-016  -5.5035287537928551E-002   2.4762521169023277E-016  0.11007057507589463        1.6586057249601154E-016  -2.8324048621511270E-015  -3.6523249540823134E-015   1.3488288057633139E-015   8.1115521807211643E-018   3.6842104335965062E-017   6.0919160229397007E-017  -2.6636117994163643E-017  -1.4877750389532369E-016   1.1778414996517910E-017   8.5507162646151109E-018  -9.8429645808206151E-018   4.0146985964870586E-017   2.4020288346049447E-015  -5.6476692222597789E-017   1.7008517970587474E-015  -1.0954298183374971E-016  -3.9969498703355479E-015   3.8731175991469579E-014   1.6913610716963775E-017  -4.0044266139856666E-017   3.6908127878219019E-017   4.9927442217517540E-019   1.4120945990102325E-017  -1.0415076705015089E-017   2.0288655003084943E-017   3.4391686375451343E-017   3.1990502024691299E-017   1.0759597515580046E-016  -9.5170175225751549E-017   2.6334763283284761E-015   3.4349260267418170E-015  -3.4835470683243608E-002   2.1697595976876351E-017   3.8700405964454493E-016  -3.4835470683206589E-002  -2.6866889823199245E-016   6.9670941366451439E-002  -5.5791254708143998E-014   1.5396362567958756E-014
   1.2642905419788304E-016  -7.0147924559834321E-017   3.0990355053799374E-017  0.13839375175102606        2.4342708803971844E-016  -7.0126591655077551E-017  -1.7609514054288030E-016  0.10237132168858416        4.3740300227318248E-014   3.3209645730967864E-016   2.4834717310850580E-016   7.6858729795048864E-014  -2.3765960813930525E-015   2.3753770209714566E-014   6.8705674558785970E-002   1.0510647932581435E-016   1.2273989867429111E-017   2.2073675296468832E-017   7.4204611932806764E-017   6.7627056154264680E-018   7.8706576800644536E-017  -6.5657941229961545E-017  -1.9634943190214917E-018   5.7764630760123115E-017  -1.6768044722202410E-017   3.9863293506382444E-014   7.4461528248554562E-016   7.4514449375723848E-016   8.0050530659840258E-014  -6.2635257042925513E-015  -2.3216782371869851E-014   8.0770994239708043E-015  -3.4068800690297321E-015  -2.6220663767551807E-015   2.2356307845345103E-016  -3.8507783379785667E-017   1.1662723829833683E-017   2.5574296927332772E-017   6.2555658763131094E-018   2.3365957111630044E-017   1.0911275744764385E-017   1.7349603022547126E-017  -3.1170565719806838E-017   1.2811464811169456E-016  -4.2791748162475107E-002  -1.1402156704669961E-014   1.0780672398410596E-015   8.9096527296949730E-016   5.7407272266636466E-014  -8.2342226510662877E-015  -8.2227682889987226E-014   3.7417902716177002E-014  -1.3770750529153517E-014  -1.0025203018375095E-014   1.4029202634848099E-014   2.6703888934832906E-018  -8.1463287858079886E-018   8.1522074247084256E-015  -2.7657936937009512E-018   4.2788706930727520E-015  -8.3104152971835911E-018  -5.9506819396341493E-018  -6.0145007410187068E-018  -1.7823443418308569E-017   1.0089770348995240E-014  -1.5438322929129320E-017   6.7397023848490047E-015  -1.6950000063787006E-017   1.2263467160222363E-014  -5.3074297514515159E-002  -2.8566257197539539E-016   1.6591022412628524E-018   5.5294891900318085E-018  -7.3615895700867700E-017   9.7727778037867280E-019  -6.8957278547476208E-017  -4.5624219502715811E-017   1.7697582985254564E-017  -2.6879573549057682E-017  -1.4408939099200154E-017  -3.4573348526318001E-014   1.2887289215942871E-014   9.4856820938384145E-015   1.3206244502174843E-014   6.4975785124234373E-016   5.6089505703622917E-016   4.5291832118977857E-014  -5.1843691263419380E-015  -3.9104703822645947E-014   2.5098102527927366E-002  -5.4906460901059471E-003
  -5.6122875753890760E-018  -9.9270102653371173E-019   1.4491375917565777E-019   2.2140441944997317E-016   4.7176693930925896E-017   8.3446102617603425E-018  -1.2181400135095417E-018   1.6542648176145937E-016  -1.2564782952558403E-016  -1.1465540839582008E-016   2.7903373082143730E-017   1.6315871583105730E-016  -1.2719036214889033E-017  -3.7510886305170003E-017   1.0510647932581435E-016   9.6925786204923794E-029  -4.1863809985357622E-030   9.6654907892549034E-030   3.8365148200225658E-029  -3.2837889453714995E-030   2.8453543729920950E-029   2.1372652154287622E-029   1.9552355547475624E-030   1.0074824703218122E-029  -1.3127609893951477E-029  -3.5166968659432872E-016  -3.2090352606264179E-016   7.8097413252297954E-017   4.5665710802969657E-016  -3.5598700720589075E-017  -1.0498742143518241E-016   1.6081081960727123E-015   2.8444206316371751E-016  -4.1522641297106755E-017  -2.1911811958790455E-029   2.0433147335889794E-029  -1.2551506442267287E-029   5.2990021018720826E-029   2.0141772399772742E-030   5.2465416306837427E-029  -1.1194832906602493E-029  -9.3474841274942396E-030   1.1518954718285919E-029   6.9520140230948049E-030  -1.6111289135120665E-016  -4.6326191905640512E-016  -4.2273300481333255E-016   1.0287937492421308E-016   6.0156407072023327E-016  -4.6894921684718458E-017  -1.3830215166384270E-016   6.5733354976688478E-015   1.1626911145596931E-015  -1.6972878607389126E-016   1.0572900604150211E-029   1.7914749834018303E-029  -4.7602696608191079E-030   1.0971730758370687E-029   1.8549053351042597E-030   2.2307834714877089E-029   2.4463595347867324E-029  -2.4787649025642400E-030   1.0794215660482808E-029  -6.1641554347814791E-030  -1.0168713492774960E-029   3.0294151879338789E-030   8.6427926524650601E-031   1.5931208534049709E-030   1.5295089305712262E-029  -2.5463442109476983E-016  -3.4253625677334803E-029  -2.1367731899000283E-029   8.5913999900124163E-030  -8.6941488877062360E-029  -1.9324982133830238E-030  -7.6017334613846654E-029  -9.5500720939845151E-030   6.3774280553093735E-030  -1.9536351564836559E-029  -1.3049018238280549E-030  -6.2086414053302822E-015  -1.0981840494867323E-015   1.6031209258509470E-016  -2.9322908486346795E-016  -2.6757565654315288E-016   6.5119155534704272E-017   3.8076965683535815E-016  -2.9682895150030317E-017  -8.7540571971868652E-017   1.9837920663210887E-016  -5.1354925305955412E-017
