   9.5442064466968968E-008   4.1014535421340794E-013  -3.9411159322488343E-013  -1.2377500722509342E-015  -1.9533922394737901E-006  -4.7916886721575313E-012   4.4761721335243805E-012  -3.0775149110272563E-015  -4.0841135649956511E-019  -2.0703084464761381E-019   1.1594889548137524E-019  -4.4000800408664732E-019  -1.2435588463440129E-019  -1.8384127216704084E-019  -1.1779812855288950E-015  -4.6694528571623012E-005  -9.7263274114494617E-011   9.2421230518587522E-011   1.2256056849495131E-019  -1.1163324683057347E-019  -5.4591238353186149E-020   6.7311597473829945E-020   1.4835208194595669E-019   6.7239482752151195E-020   3.6507745838663295E-015  -2.1146763058974412E-004  -4.5609688519704165E-010   4.3892363755221008E-010   3.3705756438049959E-020  -7.9176173246097427E-021   7.4486377939575234E-020  -1.2725904930649301E-019   1.1859465001545826E-019  -1.3467326140269982E-021   7.8012177461030167E-015   2.0483709612913214E-004   4.4067396157110420E-010  -4.2366778866562152E-010   2.1530407154247607E-013  -7.0914109797194294E-013   6.0249944079134427E-013  -1.9095780830144699E-013  -7.5813958318398381E-013  -9.7893597297497209E-014  -2.3192415138268218E-013  -1.2541484790335839E-012   1.0203000904644318E-012   4.8571048884803332E-013  -7.1608956161709947E-015  -3.1239407181905123E-015
   4.1014535421340794E-013   9.5440833730844740E-008   1.3700102459915711E-012   1.8345016626965116E-016  -4.7916953362305795E-012  -1.9533789949665282E-006  -1.6740177164389006E-011   4.4560055142511488E-016   2.2271791835363110E-019  -6.4645636199774638E-020   1.1388486675664059E-019   2.3417762811269444E-019  -8.5376766305207832E-020   2.7343257920053811E-019   1.7541199648046718E-016  -9.7263438159267452E-011  -4.6694245912836397E-005  -3.3084888555938078E-010   9.1355802846937896E-019   7.5882618302855940E-020  -1.4962864491107814E-019   9.0375037977917832E-019   7.9514128139531058E-022   9.3261999956052861E-019  -5.6516831365228427E-016  -4.5609762625056373E-010  -2.1146625618442716E-004  -1.5197596032008769E-009  -5.0802683792654439E-020  -7.5636231248416499E-020   2.5321875156773530E-020   5.6038566281149762E-020  -1.1582106361815132E-019   7.5941751591240503E-020  -1.2214360674409128E-015   4.4067467949793911E-010   2.0483577185779106E-004   1.4707382519406998E-009  -7.8195623750131446E-013   1.0994684213552046E-012  -7.1878170804252923E-013   2.5473012299740125E-014  -1.7387026036099121E-012   1.0236313959122214E-012   2.8146615526215310E-012   6.3136795335948409E-013  -4.8757312472932338E-012   6.5154116069232499E-014   1.1265137000163014E-015   4.9166725168506661E-016
  -3.9411159322488343E-013   1.3700102459915711E-012   9.5440913924182511E-008  -2.8856550534099114E-016   4.4761204004207667E-012  -1.6740189456375220E-011  -1.9533799364651455E-006  -7.0188078095267373E-016  -2.7034259562421893E-018   1.1604883306466125E-019  -2.1313147501907812E-020  -2.6430012613595777E-018   1.2226804425679997E-019  -2.6822658895396154E-018  -2.9201891196261218E-016   9.2419892176767248E-011  -3.3084920012557341E-010  -4.6694264967543943E-005   1.2851925143130163E-018  -3.2840573263720682E-020   2.5902314577851509E-021   1.3582561367921955E-018  -3.1027440021754192E-019   1.2669165202244531E-018   1.6358939690615538E-015   4.3891758909882662E-010  -1.5197610265115239E-009  -2.1146634533899213E-004  -1.2370754178935500E-019  -5.7354888034067220E-020   7.2482320261293808E-020  -1.2998879255375122E-019  -4.9550450813658165E-020   2.5538730464011755E-021   4.0796506957612956E-015  -4.2366192909181057E-010   1.4707396305273066E-009   2.0483585801245414E-004   8.2409335267697193E-013  -7.1915817223090364E-013   1.1624597924064844E-012  -1.2563059499595160E-012   1.3744111714155985E-012   1.5066907348809526E-013   3.9069035886340791E-013  -4.9054552733756128E-012   1.9499243186986880E-013   2.7898495342511032E-012  -3.8592446042378025E-015  -1.6897948731356713E-015
  -1.2377500722509342E-015   1.8345016626965116E-016  -2.8856550534099114E-016  0.16114911953271602        1.6219460847113128E-015  -9.8692111754396008E-017   3.8631149089830770E-016  0.40999690132922412       -2.1452581842060608E-008  -2.8359398929253769E-009   5.9888141827131960E-009   1.0915545875227123E-008   9.2216662360910805E-009   1.0536922775430089E-008  0.15104545360981703        1.9294449483698792E-015  -1.0810357137018206E-015  -5.8416424637917275E-016   1.0502034303426645E-008   6.0977973233628381E-009  -5.9145369976798469E-009  -5.7664073098275080E-009   2.0052921262366324E-008  -4.7355579276138563E-009 -0.20797645144634819        1.2740172221625800E-014  -6.4377882369789557E-015  -5.2948076144337890E-015  -6.2876294303296667E-010   2.3718437553189325E-009  -1.3793170338157945E-009   9.9563218500901210E-011   1.3076805500038300E-008   5.2920088370806900E-010 -0.24052046131891205       -1.2025886959646591E-014   5.9596671013209916E-015   4.5132254605629661E-015  -1.9799233874658422E-016   1.6507503279273045E-016   5.0723786819732269E-016  -2.2699433617896932E-017   4.3880824690521445E-018  -4.9641840094322286E-017   3.7223517782730055E-016   4.6445168860600515E-016   1.7549668493850346E-016   1.0059613230023831E-015  0.18088344372899054        7.6755083731318882E-002
  -1.9533922394737901E-006  -4.7916953362305795E-012   4.4761204004207667E-012   1.6219460847113128E-015   3.9979659519863660E-005   2.4334686667195722E-011  -1.8134670288088125E-011   3.4978980580664438E-015   8.3621414440221745E-018   4.2376935136435368E-018  -2.3739958879150340E-018   9.0040454244200234E-018   2.5439342123260168E-018   3.7611994293232451E-018   1.6357140222113524E-015   9.5568688971513010E-004   2.2805848013729855E-010  -1.3511512309010112E-010  -2.5103625903396633E-018   2.2836971091290608E-018   1.1183626429676088E-018  -1.3766139027254626E-018  -3.0397577453780351E-018  -1.3753157040710948E-018  -5.5214094672076020E-015   4.3280625875403902E-003   1.3524382413092600E-009  -1.0288436506189125E-009  -6.8947519056107455E-019   1.6164709193551201E-019  -1.5243173122814635E-018   2.6044424304287142E-018  -2.4297572074977329E-018   2.7343713012754792E-020  -1.2492107940126582E-014  -4.1923568624877214E-003  -1.2870671220940096E-009   9.6601764326555869E-010  -4.4066427174508943E-012   1.4513907135706075E-011  -1.2331297542111379E-011   3.9083406778713389E-012   1.5516562723401164E-011   2.0036002081048847E-012   4.7468333579951633E-012   2.5668595979215867E-011  -2.0882454250683160E-011  -9.9410347645484005E-012   1.1616413156538072E-014   5.0760404291078522E-015
  -4.7916886721575313E-012  -1.9533789949665282E-006  -1.6740189456375220E-011  -9.8692111754396008E-017   2.4334686667195722E-011   3.9979632919781842E-005   1.1134996131003773E-010   4.0462227045315737E-017  -4.5591711172187315E-018   1.3230334425564580E-018  -2.3307304948181449E-018  -4.7929733917886290E-018   1.7475950841787340E-018  -5.5964053433967284E-018  -1.2131800572441011E-016   2.2805857725392817E-010   9.5568694855885654E-004   1.2431025260523656E-009  -1.8697250766547275E-017  -1.5529215740673935E-018   3.0622679291868817E-018  -1.8496980388145385E-017  -1.5761120122168428E-020  -1.9087834578873306E-017   3.4104046406019394E-016   1.3524386429776602E-009   4.3280609236770635E-003   6.0682967737291942E-009   1.0396994581399221E-018   1.5480953584178882E-018  -5.1827677710707084E-019  -1.1469317310998456E-018   2.3708923174941315E-018  -1.5542564083483596E-018   6.9446757870641501E-016  -1.2870675133982985E-009  -4.1923553948758352E-003  -5.8499954310248354E-009   1.6004333967228006E-011  -2.2502833611654400E-011   1.4711401208199087E-011  -5.2150980940340470E-013   3.5586004553690704E-011  -2.0950557948319793E-011  -5.7607388381715819E-011  -1.2922779470489009E-011   9.9791216309992865E-011  -1.3331548193916443E-012  -6.8720316729323613E-016  -3.0125094708835605E-016
   4.4761721335243805E-012  -1.6740177164389006E-011  -1.9533799364651455E-006   3.8631149089830770E-016  -1.8134670288088125E-011   1.1134996131003773E-010   3.9979637866379851E-005   8.6774978403094264E-016   5.5331538416868555E-017  -2.3750451924960382E-018   4.3600592811839515E-019   5.4093717103923284E-017  -2.5026822700115222E-018   5.4897353578781689E-017   6.4020086945535620E-016  -1.3511304168702479E-010   1.2431029504175902E-009   9.5568699616855398E-004  -2.6304416545511104E-017   6.7182941254856091E-019  -5.2702448558966810E-020  -2.7798859896921609E-017   6.3493186833293808E-018  -2.5929472679214911E-017  -1.1698997964611167E-015  -1.0288344814397188E-009   6.0682986693856363E-009   4.3280611978383432E-003   2.5321059693397010E-018   1.1737534928838738E-018  -1.4834554005096681E-018   2.6603888714301062E-018   1.0133000797730886E-018  -5.2373243004491853E-020  -2.3104625844517125E-015   9.6600874585254502E-010  -5.8499972652714277E-009  -4.1923556562558344E-003  -1.6866739469393048E-011   1.4719097467723885E-011  -2.3792059687226857E-011   2.5712702335138688E-011  -2.8130117594397655E-011  -3.0836044515418332E-012  -7.9958797497629072E-012   1.0039959964640303E-010  -3.9915068483331572E-012  -5.7099590625262256E-011   2.0967531266289128E-015   9.1393377417114952E-016
  -3.0775149110272563E-015   4.4560055142511488E-016  -7.0188078095267373E-016  0.40999690132922412        3.4978980580664438E-015   4.0462227045315737E-017   8.6774978403094264E-016   1.0432236870180978       -5.4578898352957467E-008  -7.2117652478454500E-009   1.5234417972253219E-008   2.7770645327256781E-008   2.3478819705857698E-008   2.6807963325209627E-008  0.38425937052327086       -8.2327740192386458E-015   4.1101494095061660E-015  -3.9634264167986506E-015   2.6670752850886882E-008   1.5490759267728419E-008  -1.5023552042607801E-008  -1.4644691770022813E-008   5.0951642760991437E-008  -1.2025884435158502E-008 -0.52423251798698356       -2.7387717203342957E-014   1.4638665209815852E-014  -2.4558913008412648E-014  -1.5643856861754486E-009   6.0279350140157436E-009  -3.5120369640646529E-009   2.3634383116385375E-010   3.3196517157612064E-008   1.3280445136241706E-009 -0.59773460672563450        2.7308122711687709E-014  -1.4891714630026839E-014   2.2242370221490099E-014  -5.0332530687857797E-016   4.2043343456347394E-016   1.2885956770554902E-015  -6.1011125419254992E-017   1.1457514060076809E-017  -1.2578990445473770E-016   9.4151420584410880E-016   1.1798591393108499E-015   4.4481299701662003E-016   2.5503341771371810E-015  0.44644448165697759       0.18923860751433041     
  -4.0841135649956511E-019   2.2271791835363110E-019  -2.7034259562421893E-018  -2.1452581842060608E-008   8.3621414440221745E-018  -4.5591711172187315E-018   5.5331538416868555E-017  -5.4578898352957467E-008   2.8558306431414417E-015   3.7755796889361059E-016  -7.9726709379492944E-016  -1.4531121330943239E-015  -1.2274622808653865E-015  -1.4027034568383763E-015  -2.0107835064125666E-008   1.9989674526679581E-016  -1.0898620894634240E-016   1.3226656338530947E-015  -1.3984853876192557E-015  -8.1195944837233795E-016   7.8757176951360993E-016   7.6786985940538832E-016  -2.6700871156506131E-015   6.3060634213608029E-016   2.7729504956390676E-008   9.0528031301994959E-016  -4.9356969152280103E-016   5.9900135060390717E-015   8.4013355388065869E-017  -3.1580335277019513E-016   1.8359384692485987E-016  -1.3403421979826327E-017  -1.7414654253899051E-015  -7.0610090277976167E-017   3.2143664740735512E-008  -8.7689547751439931E-016   4.7809398781900393E-016  -5.8021976911344766E-015   2.7047916073536882E-025   4.0019677100949877E-024  -1.0472681119893170E-022   3.9456334652291073E-023  -4.0326254922686363E-023   5.1535610414166228E-024  -5.3105294048730824E-023   8.3950393715597620E-023  -4.4649902497404051E-023  -2.1494852779922797E-022  -2.4200770505763064E-008  -1.0271009779291240E-008
  -2.0703084464761381E-019  -6.4645636199774638E-020   1.1604883306466125E-019  -2.8359398929253769E-009   4.2376935136435368E-018   1.3230334425564580E-018  -2.3750451924960382E-018  -7.2117652478454500E-009   3.7755796889361059E-016   5.0019970675630661E-017  -1.0546971438695233E-016  -1.9211955244780634E-016  -1.6173258388955701E-016  -1.8543648036861493E-016  -2.6591645671555530E-009   1.0129989549964616E-016   3.1626268951745527E-017  -5.6773729687235463E-017  -1.8639862499804040E-016  -1.0806868539715252E-016   1.0487469018169002E-016   1.0233252895574672E-016  -3.5508099651478783E-016   8.4064910776033455E-017   3.8195226268036368E-009   4.5876138945504989E-016   1.4322728882901771E-016  -2.5711363369437405E-016   1.2214118354626299E-017  -4.1952674028002473E-017   2.4183514041887929E-017  -2.3040810957607570E-018  -2.3252303272756884E-016  -9.9100671114844147E-018   4.6946867067233822E-009  -4.4437700156321839E-016  -1.3873641903944299E-016   2.4905189341992815E-016   4.5621211873972133E-024  -2.9710914480260725E-024  -8.3959064144979110E-024  -8.3703291473337783E-025   4.4257676822199040E-024   5.9243176551114388E-025  -7.6587908533044361E-024  -1.1903370224343603E-023  -1.8173425700780898E-024  -1.5703040949468788E-023  -3.6309031164199728E-009  -1.5473275758592143E-009
   1.1594889548137524E-019   1.1388486675664059E-019  -2.1313147501907812E-020   5.9888141827131960E-009  -2.3739958879150340E-018  -2.3307304948181449E-018   4.3600592811839515E-019   1.5234417972253219E-008  -7.9726709379492944E-016  -1.0546971438695233E-016   2.2261634957797359E-016   4.0567373634209642E-016   3.4232733667499178E-016   3.9158918925651222E-016   5.6140375796727075E-009  -5.6750163503270063E-017  -5.5714530988459633E-017   1.0422129435447748E-017   3.9137426000551760E-016   2.2713389831826332E-016  -2.2034467871618890E-016  -2.1488408177140218E-016   7.4672986778523231E-016  -1.7648763222904547E-016  -7.8385292966544105E-009  -2.5700690889933544E-016  -2.5231688268349032E-016   4.7199047943537020E-017  -2.4155352343262329E-017   8.8291034722687325E-017  -5.1198026722747167E-017   4.0788666043913542E-018   4.8761887440310596E-016   2.0076535304927267E-017  -9.2555273192281229E-009   2.4894850800933303E-016   2.4440552359604465E-016  -4.5719153841385892E-017  -8.2224232961260594E-024   6.7352245671421969E-024   1.8508660878522539E-023  -6.9209540846076729E-025  -3.1462289789596362E-024  -7.8745537088071752E-025   1.6946201267911492E-023   1.7624765682575183E-023   1.9385959077231274E-024   3.7631914560162599E-023   7.0294278372911949E-009   2.9873649962440469E-009
  -4.4000800408664732E-019   2.3417762811269444E-019  -2.6430012613595777E-018   1.0915545875227123E-008   9.0040454244200234E-018  -4.7929733917886290E-018   5.4093717103923284E-017   2.7770645327256781E-008  -1.4531121330943239E-015  -1.9211955244780634E-016   4.0567373634209642E-016   7.3937762707019991E-016   6.2451193845842588E-016   7.1372685146551191E-016   1.0231398516320721E-008   2.1523359090767841E-016  -1.1457480251145747E-016   1.2930743645114568E-015   7.1171723239168364E-016   4.1320856809289200E-016  -4.0080227295713011E-016  -3.9078311247890077E-016   1.3587885094234003E-015  -3.2092944844993114E-016  -1.4123209311899399E-008   9.7473780139821330E-016  -5.1887931488075282E-016   5.8560016961560624E-015  -4.2847446794133351E-017   1.6070611085025414E-016  -9.3408786446688176E-017   6.8678019416291197E-018   8.8630349968642768E-016   3.5979725490747344E-017  -1.6395448868824199E-008  -9.4417507281776894E-016   5.0260997689825424E-016  -5.6723879208561541E-015  -3.9146536194167879E-023   3.7060172365376470E-023  -2.3601769227504572E-024   3.4219052826869994E-023  -3.8537678401317656E-023  -4.5754740253516604E-024   2.2410830201542288E-023   1.7464713894434987E-022  -1.0167819184946117E-023  -1.1131106346902306E-023   1.2352691785781271E-008   5.2431560361796652E-009
  -1.2435588463440129E-019  -8.5376766305207832E-020   1.2226804425679997E-019   9.2216662360910805E-009   2.5439342123260168E-018   1.7475950841787340E-018  -2.5026822700115222E-018   2.3478819705857698E-008  -1.2274622808653865E-015  -1.6173258388955701E-016   3.4232733667499178E-016   6.2451193845842588E-016   5.3041904199188180E-016   6.0294359047278045E-016   8.6384222377914982E-009   6.0809196630425465E-017   4.1775238295292037E-017  -5.9825537664772390E-017   5.9320292221120159E-016   3.4521747583049109E-016  -3.3457788252403506E-016  -3.2578354347106888E-016   1.1367810633222137E-015  -2.6741527822444329E-016  -1.1117615852019725E-008   2.7538959174006002E-016   1.8918922944458211E-016  -2.7093464825790516E-016  -3.0335034976775298E-017   1.3468372153784302E-016  -7.9372985566038737E-017   2.9854947754473411E-018   7.3654818111520491E-016   2.7349560086793955E-017  -1.1493868546963583E-008  -2.6675477674755777E-016  -1.8325725463078272E-016   2.6243951071428113E-016  -9.7897002355279983E-024   8.5364705225387038E-024   3.0066766228645344E-023  -3.2036137495953148E-024   4.6017531815527476E-024  -3.3545730674150160E-024   1.8701539391481353E-023   2.1073352633295076E-023   1.3056111505743628E-023   5.9003950636954183E-023   8.1513257110265981E-009   3.4264099288851721E-009
  -1.8384127216704084E-019   2.7343257920053811E-019  -2.6822658895396154E-018   1.0536922775430089E-008   3.7611994293232451E-018  -5.5964053433967284E-018   5.4897353578781689E-017   2.6807963325209627E-008  -1.4027034568383763E-015  -1.8543648036861493E-016   3.9158918925651222E-016   7.1372685146551191E-016   6.0294359047278045E-016   6.8896920683071599E-016   9.8763309659083531E-009   8.9906991781140149E-017  -1.3378030304569406E-016   1.3122847808825739E-015   6.8676156466687534E-016   3.9874697408250125E-016  -3.8676573452296565E-016  -3.7708312108138945E-016   1.3112856071671167E-015  -3.0967392903437212E-016  -1.3606228849788295E-008   4.0716551861904651E-016  -6.0585612769804694E-016   5.9430007957823650E-015  -4.1166038108568382E-017   1.5509568152171856E-016  -9.0184046890647837E-017   6.5358244717122043E-018   8.5515393074596165E-016   3.4630289872257349E-017  -1.5748276562096330E-008  -3.9439893207685630E-016   5.8685964640567085E-016  -5.7566591751370473E-015  -3.8761777509683015E-023   3.5519685612276157E-023  -2.7198490022328756E-024   3.4268355727242308E-023  -4.1861685185446847E-023  -4.3596041477252963E-024   2.1878764782614439E-023   1.7245721081756377E-022  -9.9370708844112016E-024  -1.3364217462896979E-023   1.1848174202125514E-008   5.0278975453312570E-009
  -1.1779812855288950E-015   1.7541199648046718E-016  -2.9201891196261218E-016  0.15104545360981703        1.6357140222113524E-015  -1.2131800572441011E-016   6.4020086945535620E-016  0.38425937052327086       -2.0107835064125666E-008  -2.6591645671555530E-009   5.6140375796727075E-009   1.0231398516320721E-008   8.6384222377914982E-009   9.8763309659083531E-009  0.14158472371199607        4.0055847088756190E-015  -1.6695354275565451E-015   6.0186252445252176E-015   9.8580871567234714E-009   5.7224348814890590E-009  -5.5509494711734215E-009  -5.4127002640155264E-009   1.8815693149135989E-008  -4.4453224337634675E-009 -0.19639990545378788        2.1976904451055971E-014  -8.9907979774564628E-015   2.4734621422821891E-014  -5.9988041817341668E-010   2.2250831967029624E-009  -1.2920113282542575E-009   9.8383647870669031E-011   1.2278883553428280E-008   5.0149794351202442E-010 -0.22967773152671678       -2.0986229363811834E-014   8.4526839988899978E-015  -2.4541897277442170E-014  -1.8570063831919808E-016   1.5459150532330662E-016   4.7600902107922926E-016  -2.0303541006392029E-017   4.0252819965113189E-018  -4.6681440841558910E-017   3.5054687593185453E-016   4.3587014986166939E-016   1.6499707256719471E-016   9.4558751445670272E-016  0.17364885084853021        7.3745829272735722E-002
  -4.6694528571623012E-005  -9.7263438159267452E-011   9.2419892176767248E-011   1.9294449483698792E-015   9.5568688971513010E-004   2.2805857725392817E-010  -1.3511304168702479E-010  -8.2327740192386458E-015   1.9989674526679581E-016   1.0129989549964616E-016  -5.6750163503270063E-017   2.1523359090767841E-016   6.0809196630425465E-017   8.9906991781140149E-017   4.0055847088756190E-015   2.2845052762888264E-002  -3.0020960503024890E-009   3.9028514760786208E-009  -6.0011825451198552E-017   5.4588455322125703E-017   2.6735462787044249E-017  -3.2905289566722978E-017  -7.2669095338271675E-017  -3.2874542530950927E-017   2.6160056416426120E-015  0.10345942718007747       -5.9554200764565746E-009   7.7082925735776303E-009  -1.6480660472776596E-017   3.8634019692651344E-018  -3.6437521109056869E-017   6.2257151803345688E-017  -5.8086022782634206E-017   6.5319958753125124E-019   8.4949166348852438E-015 -0.10021547303315206        6.3176682411137890E-009  -8.1972797872571540E-009  -1.0533809982306104E-010   3.4694550390723404E-010  -2.9477168734166608E-010   9.3426453550659157E-011   3.7091247819022668E-010   4.7894878623512901E-011   1.1347031088305032E-010   6.1359139815603841E-010  -4.9918194586920770E-010  -2.3763416884958187E-010  -8.0012552446843462E-015  -3.4938256980295945E-015
  -9.7263274114494617E-011  -4.6694245912836397E-005  -3.3084920012557341E-010  -1.0810357137018206E-015   2.2805848013729855E-010   9.5568694855885654E-004   1.2431029504175902E-009   4.1101494095061660E-015  -1.0898620894634240E-016   3.1626268951745527E-017  -5.5714530988459633E-017  -1.1457480251145747E-016   4.1775238295292037E-017  -1.3378030304569406E-016  -1.6695354275565451E-015  -3.0020960503024890E-009   2.2845070775923969E-002  -4.1962272984876587E-009  -4.4694444894729629E-016  -3.7121545242363319E-017   7.3201430039381551E-017  -4.4215727946298724E-016  -3.7672975489272026E-019  -4.5628131621715297E-016   1.4758726690910855E-015  -5.9554209883821271E-009  0.10345946261272662       -8.5190824289118052E-009   2.4853209860697728E-017   3.7006188365701454E-017  -1.2389008998554121E-017  -2.7416751341280725E-017   5.6674793241766185E-017  -3.7153457171822015E-017   1.3427999154318764E-016   6.3176690711340977E-009 -0.10021551079898515        8.9220322142130796E-009   3.8257376224345129E-010  -5.3791615459457777E-010   3.5166736701580321E-010  -1.2467297505248550E-011   8.5066100008905669E-010  -5.0080927882762683E-010  -1.3770666594928493E-009  -3.0891437179736555E-010   2.3854440146458378E-009  -3.1866079015849718E-011  -8.8359904378138175E-016  -3.9721978786208372E-016
   9.2421230518587522E-011  -3.3084888555938078E-010  -4.6694264967543943E-005  -5.8416424637917275E-016  -1.3511512309010112E-010   1.2431025260523656E-009   9.5568699616855398E-004  -3.9634264167986506E-015   1.3226656338530947E-015  -5.6773729687235463E-017   1.0422129435447748E-017   1.2930743645114568E-015  -5.9825537664772390E-017   1.3122847808825739E-015   6.0186252445252176E-015   3.9028514760786208E-009  -4.1962272984876587E-009   2.2845070225506716E-002  -6.2878992912006729E-016   1.6059281462401402E-017  -1.2594947180661550E-018  -6.6451243039779345E-016   1.5177487732872660E-016  -6.1982600810485139E-016  -2.6307187497054611E-015   7.7082864310098933E-009  -8.5190830548809918E-009  0.10345946151960754        6.0528418336078393E-017   2.8057591561870984E-017  -3.5460943538822358E-017   6.3594859650564634E-017   2.4221184052425431E-017  -1.2519722801797479E-018  -3.9008328439622505E-015  -8.1972742133534565E-009   8.9220328676860861E-009 -0.10021550964010081       -4.0318893462590317E-010   3.5185126855233896E-010  -5.6873418115875407E-010   6.1464531635576056E-010  -6.7243314033190545E-010  -7.3710781630183454E-011  -1.9113417646523757E-010   2.3999871663572518E-009  -9.5418047611381361E-011  -1.3649282543450629E-009   3.5593763642273002E-015   1.5642856204629640E-015
   1.2256056849495131E-019   9.1355802846937896E-019   1.2851925143130163E-018   1.0502034303426645E-008  -2.5103625903396633E-018  -1.8697250766547275E-017  -2.6304416545511104E-017   2.6670752850886882E-008  -1.3984853876192557E-015  -1.8639862499804040E-016   3.9137426000551760E-016   7.1171723239168364E-016   5.9320292221120159E-016   6.8676156466687534E-016   9.8580871567234714E-009  -6.0011825451198552E-017  -4.4694444894729629E-016  -6.2878992912006729E-016   7.0665518181230943E-016   4.0805540283951647E-016  -3.9654927106248410E-016  -3.8780511238699126E-016   1.3375730172115161E-015  -3.1884599278655109E-016  -1.5797099971790661E-008  -2.7177776077345643E-016  -2.0240970914246805E-015  -2.8476286670275918E-015  -5.7136356585761356E-017   1.5755973975274781E-016  -8.8623410910335304E-017   1.4251303215975667E-017   8.8588631904639561E-016   4.2885261866656688E-017  -2.2171737422145105E-008   2.6325625149276011E-016   1.9606318775984338E-015   2.7583417476123206E-015  -9.2004734116559089E-024   1.0480719138842308E-023   4.3484736323533973E-023  -1.6907239550853598E-023   1.0431107387406899E-024   8.2326774643990387E-024   5.8692193501746833E-023  -3.0533039379593721E-023  -3.0522125109076828E-023   1.0851107970643770E-022   1.8084408792915363E-008   7.7668066822731147E-009
  -1.1163324683057347E-019   7.5882618302855940E-020  -3.2840573263720682E-020   6.0977973233628381E-009   2.2836971091290608E-018  -1.5529215740673935E-018   6.7182941254856091E-019   1.5490759267728419E-008  -8.1195944837233795E-016  -1.0806868539715252E-016   2.2713389831826332E-016   4.1320856809289200E-016   3.4521747583049109E-016   3.9874697408250125E-016   5.7224348814890590E-009   5.4588455322125703E-017  -3.7121545242363319E-017   1.6059281462401402E-017   4.0805540283951647E-016   2.3585050256849574E-016  -2.2912550174869682E-016  -2.2395638625037279E-016   7.7352648889895046E-016  -1.8409660664159469E-016  -8.9453390823234586E-009   2.4721740967108901E-016  -1.6811397292643339E-016   7.2728195511994398E-017  -3.1540362723642325E-017   9.1181721161665385E-017  -5.1585509320061956E-017   7.4894642004778402E-018   5.1096573798828368E-016   2.4051006133355395E-017  -1.2216343021072408E-008  -2.3946593118806344E-016   1.6284278455283081E-016  -7.0447847107041669E-017  -8.7382640523518534E-024   8.0983768304617048E-024   1.7939982109180825E-023   5.3160261996804657E-025  -8.6694100450186437E-025  -1.1137790661432679E-024   1.7672596567405982E-023   2.1625171775752513E-023   1.8750121264431121E-024   3.8572987208956800E-023   9.8634299486257826E-009   4.2299691983941552E-009
  -5.4591238353186149E-020  -1.4962864491107814E-019   2.5902314577851509E-021  -5.9145369976798469E-009   1.1183626429676088E-018   3.0622679291868817E-018  -5.2702448558966810E-020  -1.5023552042607801E-008   7.8757176951360993E-016   1.0487469018169002E-016  -2.2034467871618890E-016  -4.0080227295713011E-016  -3.3457788252403506E-016  -3.8676573452296565E-016  -5.5509494711734215E-009   2.6735462787044249E-017   7.3201430039381551E-017  -1.2594947180661550E-018  -3.9654927106248410E-016  -2.2912550174869682E-016   2.2261748801739460E-016   2.1763469044767981E-016  -7.5132576049225532E-016   1.7891225754562840E-016   8.7528922988986002E-009   1.2107791642612182E-016   3.3151054344469198E-016  -5.7037793984258150E-018   3.1142760215313866E-017  -8.8543120666722099E-017   4.9992064383224649E-017  -7.5287247519312198E-018  -4.9675615299089672E-016  -2.3614144366959541E-017   1.2070443439344377E-008  -1.1728155204527259E-016  -3.2111608462315443E-016   5.5249668378691208E-018   8.4848022061397880E-024  -7.2931682113264249E-024  -1.8242808575293511E-023   1.2436997421107553E-025   3.1027924189148274E-024   3.9370580534719003E-025  -1.9193714885688184E-023  -1.7862010704781826E-023   2.3798962593618183E-025  -3.9290761085740831E-023  -9.7814057583688687E-009  -4.1969896831143208E-009
   6.7311597473829945E-020   9.0375037977917832E-019   1.3582561367921955E-018  -5.7664073098275080E-009  -1.3766139027254626E-018  -1.8496980388145385E-017  -2.7798859896921609E-017  -1.4644691770022813E-008   7.6786985940538832E-016   1.0233252895574672E-016  -2.1488408177140218E-016  -3.9078311247890077E-016  -3.2578354347106888E-016  -3.7708312108138945E-016  -5.4127002640155264E-009  -3.2905289566722978E-017  -4.4215727946298724E-016  -6.6451243039779345E-016  -3.8780511238699126E-016  -2.2395638625037279E-016   2.1763469044767981E-016   2.1282523905129620E-016  -7.3414947370113342E-016   1.7497763110441712E-016   8.6534452730735698E-009  -1.4901974998750634E-016  -2.0024171175812488E-015  -3.0094063597805649E-015   3.1225555881825584E-017  -8.6485054082166467E-017   4.8672410340182856E-017  -7.7546139236840842E-018  -4.8611276645868262E-016  -2.3471055232463378E-017   1.2115010930670322E-008   1.4434725302094027E-016   1.9396316962556161E-015   2.9150470065997370E-015   1.1660660360743630E-023  -6.1191934869205465E-024  -8.4643393733004425E-024  -1.7764907662404176E-023   2.4765575497364309E-024   1.3670276145048453E-023   1.7362962845461491E-023  -8.1779913916580325E-023  -4.9371746817577386E-023   2.4315141987596190E-024  -9.8725815613666229E-009  -4.2394800467200005E-009
   1.4835208194595669E-019   7.9514128139531058E-022  -3.1027440021754192E-019   2.0052921262366324E-008  -3.0397577453780351E-018  -1.5761120122168428E-020   6.3493186833293808E-018   5.0951642760991437E-008  -2.6700871156506131E-015  -3.5508099651478783E-016   7.4672986778523231E-016   1.3587885094234003E-015   1.1367810633222137E-015   1.3112856071671167E-015   1.8815693149135989E-008  -7.2669095338271675E-017  -3.7672975489272026E-019   1.5177487732872660E-016   1.3375730172115161E-015   7.7352648889895046E-016  -7.5132576049225532E-016  -7.3414947370113342E-016   2.5377875870969873E-015  -6.0341553549831689E-016  -2.8979634025468657E-008  -3.2909921734471915E-016  -1.7062261437348843E-018   6.8734909660991185E-016  -1.0057000672474337E-016   2.9927307522376682E-016  -1.6988859256365969E-016   2.3115317001665262E-017   1.6737686777091227E-015   7.7455017671460436E-017  -3.8906783448989963E-008   3.1878041100006609E-016   1.6527018685862609E-018  -6.6579748216943952E-016  -2.7245529319107938E-023   2.1500670432466326E-023   6.1488550673762814E-023   3.0221981440752347E-024  -5.3006297995301581E-024  -7.1331650105736818E-024   4.8207347748424440E-023   7.2932183356798968E-023   2.3820171536249586E-023   1.2258306626382459E-022   3.1208275183611367E-008   1.3371203037655059E-008
   6.7239482752151195E-020   9.3261999956052861E-019   1.2669165202244531E-018  -4.7355579276138563E-009  -1.3753157040710948E-018  -1.9087834578873306E-017  -2.5929472679214911E-017  -1.2025884435158502E-008   6.3060634213608029E-016   8.4064910776033455E-017  -1.7648763222904547E-016  -3.2092944844993114E-016  -2.6741527822444329E-016  -3.0967392903437212E-016  -4.4453224337634675E-009  -3.2874542530950927E-017  -4.5628131621715297E-016  -6.1982600810485139E-016  -3.1884599278655109E-016  -1.8409660664159469E-016   1.7891225754562840E-016   1.7497763110441712E-016  -6.0341553549831689E-016   1.4386652731258271E-016   7.1436083670902151E-009  -1.4888049264045331E-016  -2.0663812427136685E-015  -2.8070330469749969E-015   2.5910839566284300E-017  -7.1073726137643561E-017   3.9950385256579751E-017  -6.4967947381289089E-018  -3.9976859061036031E-016  -1.9414140052752720E-017   1.0056747375186950E-008   1.4421236311008385E-016   2.0015902382644317E-015   2.7190190657316286E-015   9.3538581212251101E-024  -4.0583702576798859E-024  -6.4795094581783449E-024  -1.6580720852342312E-023   6.5314979484568031E-025   1.3499586996243344E-023   2.0424117424512332E-023  -7.3856588999132910E-023  -4.9849456854015714E-023   6.5469023894654521E-024  -8.2118698433361420E-009  -3.5273464910732492E-009
   3.6507745838663295E-015  -5.6516831365228427E-016   1.6358939690615538E-015 -0.20797645144634819       -5.5214094672076020E-015   3.4104046406019394E-016  -1.1698997964611167E-015 -0.52423251798698356        2.7729504956390676E-008   3.8195226268036368E-009  -7.8385292966544105E-009  -1.4123209311899399E-008  -1.1117615852019725E-008  -1.3606228849788295E-008 -0.19639990545378788        2.6160056416426120E-015   1.4758726690910855E-015  -2.6307187497054611E-015  -1.5797099971790661E-008  -8.9453390823234586E-009   8.7528922988986002E-009   8.6534452730735698E-009  -2.8979634025468657E-008   7.1436083670902151E-009  0.49468536366050242       -6.5187437067294813E-015   6.2818573826143193E-015  -2.4612114615374478E-015   2.4414541003722467E-009  -3.3623940640301587E-009   1.6524073869897622E-009  -9.1148762433585482E-010  -2.0273361474671472E-008  -1.5299813823964831E-009  0.96574004123745094        4.9009036277553505E-015  -6.1513091544580734E-015   4.0840060317941874E-015   2.7436447908055123E-016  -1.9233996479097838E-016  -7.4339942802959330E-016  -1.2110839158728557E-016   7.8687901632686290E-018   8.7578339351452108E-017  -7.3557698502646447E-016  -6.8257535431509813E-016  -3.0440207804284344E-016  -1.7155365562006470E-015 -0.86851941547784539      -0.37791996707282288     
  -2.1146763058974412E-004  -4.5609762625056373E-010   4.3891758909882662E-010   1.2740172221625800E-014   4.3280625875403902E-003   1.3524386429776602E-009  -1.0288344814397188E-009  -2.7387717203342957E-014   9.0528031301994959E-016   4.5876138945504989E-016  -2.5700690889933544E-016   9.7473780139821330E-016   2.7538959174006002E-016   4.0716551861904651E-016   2.1976904451055971E-014  0.10345942718007747       -5.9554209883821271E-009   7.7082864310098933E-009  -2.7177776077345643E-016   2.4721740967108901E-016   1.2107791642612182E-016  -1.4901974998750634E-016  -3.2909921734471915E-016  -1.4888049264045331E-016  -6.5187437067294813E-015  0.46854140296923702        7.6304067325225795E-009  -1.0227883894963104E-008  -7.4636843796457601E-017   1.7496440444342601E-017  -1.6501627089765813E-016   2.8194679990575958E-016  -2.6305627606638134E-016   2.9582252924268155E-018  -5.7337900291171412E-015 -0.45385036060996675       -4.9049699141082861E-009   6.5981303738971370E-009  -4.7704912917446173E-010   1.5712275148960095E-009  -1.3349455517807009E-009   4.2310434766274137E-010   1.6797687502436112E-009   2.1690357501033477E-010   5.1387776914031076E-010   2.7787980598916989E-009  -2.2606670922489819E-009  -1.0761840597336199E-009   5.3067295564515248E-015   2.3522812597081370E-015
  -4.5609688519704165E-010  -2.1146625618442716E-004  -1.5197610265115239E-009  -6.4377882369789557E-015   1.3524382413092600E-009   4.3280609236770635E-003   6.0682986693856363E-009   1.4638665209815852E-014  -4.9356969152280103E-016   1.4322728882901771E-016  -2.5231688268349032E-016  -5.1887931488075282E-016   1.8918922944458211E-016  -6.0585612769804694E-016  -8.9907979774564628E-015  -5.9554200764565746E-009  0.10345946261272662       -8.5190830548809918E-009  -2.0240970914246805E-015  -1.6811397292643339E-016   3.3151054344469198E-016  -2.0024171175812488E-015  -1.7062261437348843E-018  -2.0663812427136685E-015   6.2818573826143193E-015   7.6304067325225795E-009  0.46854135446124162        8.9011112165265364E-009   1.1255382021323201E-016   1.6759152454272420E-016  -5.6106656165724263E-017  -1.2416337329006391E-016   2.5666549610653293E-016  -1.6825846897841712E-016  -4.0183544894733252E-015  -4.9049701555450130E-009 -0.45385032922068996       -5.5874708799187466E-009   1.7325781656619040E-009  -2.4360839364936032E-009   1.5926108941261345E-009  -5.6460877477236698E-011   3.8524251722300019E-009  -2.2680367145315750E-009  -6.2363815418857193E-009  -1.3989926037948130E-009   1.0803063534116372E-008  -1.4431399968735729E-010   9.8143139338506230E-016   4.1469754709341025E-016
   4.3892363755221008E-010  -1.5197596032008769E-009  -2.1146634533899213E-004  -5.2948076144337890E-015  -1.0288436506189125E-009   6.0682967737291942E-009   4.3280611978383432E-003  -2.4558913008412648E-014   5.9900135060390717E-015  -2.5711363369437405E-016   4.7199047943537020E-017   5.8560016961560624E-015  -2.7093464825790516E-016   5.9430007957823650E-015   2.4734621422821891E-014   7.7082925735776303E-009  -8.5190824289118052E-009  0.10345946151960754       -2.8476286670275918E-015   7.2728195511994398E-017  -5.7037793984258150E-018  -3.0094063597805649E-015   6.8734909660991185E-016  -2.8070330469749969E-015  -2.4612114615374478E-015  -1.0227883894963104E-008   8.9011112165265364E-009  0.46854135584912365        2.7411774880797690E-016   1.2706560150655693E-016  -1.6059348532474186E-016   2.8800474008639455E-016   1.0969127376184961E-016  -5.6699098502795288E-018   3.7623583800243578E-015   6.5981286708052594E-009  -5.5874706664706675E-009 -0.45385033011200049       -1.8259390141640753E-009   1.5934437199082130E-009  -2.5756508920599154E-009   2.7835708871163079E-009  -3.0452769327444726E-009  -3.3381746821028896E-010  -8.6559832597340389E-010   1.0868925684182900E-008  -4.3212254294497339E-010  -6.1814097649584984E-009  -3.7882334791514860E-015  -1.6133310817816636E-015
   3.3705756438049959E-020  -5.0802683792654439E-020  -1.2370754178935500E-019  -6.2876294303296667E-010  -6.8947519056107455E-019   1.0396994581399221E-018   2.5321059693397010E-018  -1.5643856861754486E-009   8.4013355388065869E-017   1.2214118354626299E-017  -2.4155352343262329E-017  -4.2847446794133351E-017  -3.0335034976775298E-017  -4.1166038108568382E-017  -5.9988041817341668E-010  -1.6480660472776596E-017   2.4853209860697728E-017   6.0528418336078393E-017  -5.7136356585761356E-017  -3.1540362723642325E-017   3.1142760215313866E-017   3.1225555881825584E-017  -1.0057000672474337E-016   2.5910839566284300E-017   2.4414541003722467E-009  -7.4636843796457601E-017   1.1255382021323201E-016   2.7411774880797690E-016   1.4194968104361838E-017  -1.1424989570246922E-017   4.4617271863846173E-018  -6.0288146595697120E-018  -7.5490361251660704E-017  -8.1662545699667693E-018   5.6591522810501360E-009   7.2296607418438555E-017  -1.0902471713263612E-016  -2.6552282837536750E-016   3.3216063419565717E-025  -3.9819834777143143E-025  -3.5301887928099119E-024   5.5267461361112066E-025  -1.0434113658684124E-024  -4.1162608850152203E-025  -5.3769342477570802E-024   3.1688583518245902E-024   1.4564692920861986E-024  -1.0410399171924773E-023  -5.2805622928049884E-009  -2.3082741939925864E-009
  -7.9176173246097427E-021  -7.5636231248416499E-020  -5.7354888034067220E-020   2.3718437553189325E-009   1.6164709193551201E-019   1.5480953584178882E-018   1.1737534928838738E-018   6.0279350140157436E-009  -3.1580335277019513E-016  -4.1952674028002473E-017   8.8291034722687325E-017   1.6070611085025414E-016   1.3468372153784302E-016   1.5509568152171856E-016   2.2250831967029624E-009   3.8634019692651344E-018   3.7006188365701454E-017   2.8057591561870984E-017   1.5755973975274781E-016   9.1181721161665385E-017  -8.8543120666722099E-017  -8.6485054082166467E-017   2.9927307522376682E-016  -7.1073726137643561E-017  -3.3623940640301587E-009   1.7496440444342601E-017   1.6759152454272420E-016   1.2706560150655693E-016  -1.1424989570246922E-017   3.5310831220795013E-017  -2.0131143405876782E-017   2.5081192025322568E-018   1.9699189808479001E-016   8.9169052874698869E-018  -4.4127606715702980E-009  -1.6947836325846031E-017  -1.6233672668646660E-016  -1.2308149286946500E-016  -2.8324771131016542E-024   2.0215033839289670E-024   7.4052051519504297E-024   6.1668857048755061E-025   6.6139545644669115E-025  -1.6556337748553110E-024   3.3722601802476356E-024   9.4976454465268470E-024   6.3492866406584274E-024   1.3593555322909548E-023   3.5080317269343280E-009   1.5010665555784510E-009
