   1.2281345010650398E-030   5.4483604018208047E-031   5.0645689791194938E-031   3.9150048337694173E-016   2.0196256361509039E-029   4.5862265474560753E-032  -2.1063442057471448E-031   2.0598489188175411E-029  -2.4096189414799037E-032   2.1509111496191571E-029   8.2972453822459593E-016  -2.4858234849060427E-030  -2.2742842118978255E-031  -5.5741633778594520E-031   3.9818266184135918E-016   4.7215355184311005E-031   4.5408574177859329E-032   5.2642607234229280E-032   2.3791424302729633E-031   7.3034657846509923E-032   3.8781766176489224E-032  -1.0687714743482547E-031  -2.2154706847893474E-032   1.1224883837908173E-031  -2.1814701228535094E-031   4.8281310034644319E-031   3.4707444651682287E-032   4.8545547035654738E-031   3.4758873633460055E-029   1.3262124885492997E-031   5.0446646049853366E-033   3.3458194528267107E-029  -1.8964074972123612E-032   3.3653638304056130E-029  -3.0991703869598882E-017   6.6993784575711139E-017   2.0166920373114803E-016   3.5687866616308895E-032   5.1155010711423427E-032   3.1978864653537121E-032  -1.6204154561155792E-017
   5.4483604018208047E-031   4.5985592831218678E-031  -1.0545639851325565E-031   2.4679781601546612E-016   8.2048657987295676E-030  -2.6603827392113079E-031  -6.7566789775857265E-032   9.0327632639991360E-030   1.8906301133389535E-031   9.3419632832086042E-030   5.2650922698665546E-016  -7.8204272399982498E-031  -6.0164952462287460E-031   1.8136297973218292E-031   2.4489343889238973E-016  -1.0944086699809429E-031   1.7028238275937682E-031   9.3962859237764039E-033  -1.7083105547661570E-031  -1.9429431558652474E-032  -2.2503037055135593E-031  -1.1359053302450807E-031   3.1320030864877844E-032   1.5719514138214911E-031  -2.3281521611411037E-031   5.9776938294385322E-031   2.5438664303595283E-031   2.1494921108885601E-031   1.0206655991660933E-029  -1.3139438383323592E-031  -1.4332497515327899E-031   9.8331455256523545E-030   1.3493944489748031E-031   9.9969764817043443E-030  -1.5298146026707370E-016  -2.3098700025437691E-016  -2.6054202025004018E-016  -6.8456993320305004E-032  -3.5633401777868533E-032  -3.7655358277579741E-032  -9.9380939690640994E-018
   5.0645689791194938E-031  -1.0545639851325565E-031   7.0845755964378248E-031   5.0796283216257936E-017   9.4707450995078154E-030   4.5230770887284655E-031  -1.2602139128780473E-031   8.6537740245546648E-030  -3.1222962476068838E-031   9.1727270440715939E-030   1.0241939384226233E-016  -1.5104893757069543E-030   6.6402437721442059E-031  -8.7855633554283108E-031   6.0919975988671032E-017   6.7731154724543783E-031  -2.0848327313782108E-031   4.2831078498060936E-032   5.1636136935521952E-031   1.0855368923271728E-031   3.8257560762300288E-031   5.6073672266944551E-032  -7.1407600316410013E-032  -1.1624054322249048E-031   1.1591314491327294E-031  -3.8138228107374540E-031  -3.4735841295914727E-031   2.0081650219051995E-031   2.2223431215460853E-029   3.4257043187720922E-031   2.2236579011587310E-031   2.1379081976795816E-029  -2.2476067136192415E-031   2.1342960758162217E-029   1.9792529607436887E-016   4.2216442664202648E-016   6.1284397278281619E-016   1.4227466627563664E-031   1.0936391347556517E-031   9.1641888180440107E-032  -2.5213969622197058E-018
   3.9150048337694173E-016   2.4679781601546612E-016   5.0796283216257936E-017  0.14930749528693257        6.1851165287212703E-015  -8.1366535462242131E-017  -5.8472298672838936E-017   6.5310145770152228E-015   5.9269134550490079E-017   6.7895330706709490E-015  0.31759359610060883       -6.8492075302763017E-016  -2.4033536730757471E-016  -3.4022480036486061E-017  0.14980576358402567        4.3626269861859639E-017   6.4796353948561051E-017   1.2103142975125218E-017  -1.6790723668166269E-017   5.9101515001446467E-018  -6.8826361907490078E-017  -5.6250151516891106E-017   6.7291967937851422E-018   7.1778609165150546E-017  -1.1513582536096438E-016   2.8247248689522430E-016   9.1165159405879597E-017   1.5461343217414928E-016   9.3329613221004051E-015  -2.1481842571263273E-017  -4.7179694828723571E-017   8.9865445336508264E-015   4.2001635512642516E-017   9.0746976224436380E-015  -5.6545542577530451E-002  -6.6024327016000639E-002  -5.3023641353141908E-002  -1.6874447089968477E-017  -3.2423195394821730E-018  -7.1816246566711962E-018  -6.0870319002543005E-003
   2.0196256361509039E-029   8.2048657987295676E-030   9.4707450995078154E-030   6.1851165287212703E-015   3.3473205548212270E-028   1.7450476007195389E-030  -3.5533425198938327E-030   3.3909959271311714E-028  -1.0873767894183513E-030   3.5440239159192006E-028   1.3096425293012465E-014  -4.1988254067924233E-029  -2.0074226764881079E-030  -1.0649602520478567E-029   6.3118481648598215E-015   8.8677715149763431E-030   2.2726793488163538E-031   9.1398131123100276E-031   4.8686528760317017E-030   1.3803554940666454E-030   1.4758603368696849E-030  -1.5285941545635257E-030  -5.0669603997371006E-031   1.4743075988343889E-030  -3.1166739274108080E-030   6.6125542988485799E-030  -2.5612545858570971E-031   7.9845795502748665E-030   5.8963567552690961E-028   2.8390834651845582E-030   5.8658988259985023E-031   5.6754233032848497E-028  -8.0784186573992235E-031   5.7048948793499484E-028  -2.7918133016212707E-017   2.0037095976821764E-015   4.5273729285120895E-015   8.7850632653780657E-031   1.0430328361011791E-030   7.0524972493632853E-031  -2.5695899833793000E-016
   4.5862265474560753E-032  -2.6603827392113079E-031   4.5230770887284655E-031  -8.1366535462242131E-017   1.7450476007195389E-030   3.7767195011234537E-031  -4.1836194601161611E-032   9.0747624410714334E-031  -2.6313127153368012E-031   1.0659048459778574E-030  -1.7698536829633735E-016  -5.1388999464630228E-031   6.4888917072959385E-031  -5.8353745469731899E-031  -7.4725359174104435E-017   4.3627961794992429E-031  -1.9540223383800379E-031   2.0288960357674076E-032   3.7170624153679722E-031   7.0768355514942658E-032   3.1944959641720682E-031   8.2884374708166996E-032  -5.4846251194334978E-032  -1.3679863168676620E-031   1.7044284888391122E-031  -4.8552578667079167E-031  -3.1244443566227174E-031   1.8670422933156938E-032   8.1420320194384018E-030   2.5468131509508019E-031   1.9128048757099761E-031   7.8262988863178789E-030  -1.8889841113630825E-031   7.7323473096584324E-030   1.8162450004318948E-016   3.4475318186445653E-016   4.6701485163628890E-016   1.1198582010457006E-031   7.8481123769860798E-032   6.9251469913642782E-032   3.0043258794849802E-018
  -2.1063442057471448E-031  -6.7566789775857265E-032  -1.2602139128780473E-031  -5.8472298672838936E-017  -3.5533425198938327E-030  -4.1836194601161611E-032   3.9194868777682722E-032  -3.5452910640727887E-030   2.7827064788270312E-032  -3.7127122033471077E-030  -1.2351259978183234E-016   4.6438344234037544E-031  -2.0393206840133802E-032   1.4644687131959134E-031  -6.0195871389939180E-017  -1.1880560595408398E-031   1.0021214500389153E-032  -1.0684226417260623E-032  -7.3587508415261134E-032  -1.8673966404378755E-032  -3.5384942598532424E-032   1.0480456557094019E-032   8.6806763870816156E-033  -6.5120995703143022E-033   2.1277139219768343E-032  -3.7306479489440042E-032   2.2395986547033503E-032  -8.3308287800488010E-032  -6.5798159831157757E-030  -4.5310243545847439E-032  -1.8131662468664872E-032  -6.3325997319699674E-030   2.0256743830651970E-032  -6.3569712021615078E-030  -1.1200260788403403E-017  -4.2414675838606940E-017  -7.6105283505876298E-017  -1.6118999338416599E-032  -1.5692167264653244E-032  -1.1634054583231275E-032   2.4529987728411927E-018
   2.0598489188175411E-029   9.0327632639991360E-030   8.6537740245546648E-030   6.5310145770152228E-015   3.3909959271311714E-028   9.0747624410714334E-031  -3.5452910640727887E-030   3.4553235590478641E-028  -5.0058617132106229E-031   3.6085123341026086E-028   1.3839801925421229E-014  -4.1847524906521954E-029  -3.5727049389536926E-030  -9.5560371540104247E-030   6.6454399055828587E-015   8.0730087063957093E-030   6.8911411802686205E-031   8.8966980355745624E-031   4.1237744274325712E-030   1.2499735893625791E-030   7.6740571618205714E-031  -1.7606123105811481E-030  -3.9144915511217650E-031   1.8308054922143109E-030  -3.5931207378679565E-030   7.9126346192942153E-030   4.6673534201249856E-031   8.1423444042575110E-030   5.8549900240747967E-028   2.3161895995213685E-030   1.5488777521024000E-031   5.6358552841944060E-028  -3.8727937128127853E-031   5.6682630937949255E-028  -4.5257683815143633E-016   1.2495011047506950E-015   3.5514155495736531E-015   6.3925801323458752E-031   8.8614127997985707E-031   5.6138454123599717E-031  -2.7045150811396695E-016
  -2.4096189414799037E-032   1.8906301133389535E-031  -3.1222962476068838E-031   5.9269134550490079E-017  -1.0873767894183513E-030  -2.6313127153368012E-031   2.7827064788270312E-032  -5.0058617132106229E-031   1.8337908317229909E-031  -6.0523784937243367E-031   1.2877951322454920E-016   3.4246265886819891E-031  -4.5406148456800784E-031   4.0343481592641583E-031   5.4679860812376173E-017  -3.0127049240560433E-031   1.3658478963185402E-031  -1.3813227854586182E-032  -2.5773595286243258E-031  -4.8891531115876448E-032  -2.2256671038236724E-031  -5.8498668648669445E-032   3.8112855444209712E-032   9.6138359490155875E-032  -1.2028574970560499E-031   3.4175685329349507E-031   2.1815289919146817E-031  -9.9027870450160412E-033  -5.4556824466998788E-030  -1.7678779620015108E-031  -1.3338563114338892E-031  -5.2438176671552334E-030   1.3163467956563000E-031  -5.1770304487009065E-030  -1.2688217537171447E-016  -2.4003464233354767E-016  -3.2444659617473463E-016  -7.7880706094965240E-032  -5.4411794954127183E-032  -4.8097352948692738E-032  -2.1996533950794761E-018
   2.1509111496191571E-029   9.3419632832086042E-030   9.1727270440715939E-030   6.7895330706709490E-015   3.5440239159192006E-028   1.0659048459778574E-030  -3.7127122033471077E-030   3.6085123341026086E-028  -6.0523784937243367E-031   3.7688648580890921E-028   1.4386188724370375E-014  -4.3830033034309615E-029  -3.5237761552892050E-030  -1.0155575472924853E-029   6.9110283254531589E-015   8.5616463640571584E-030   6.5755383719809818E-031   9.3476661955449935E-031   4.4202555646389995E-030   1.3266445231680472E-030   9.0140325457838380E-031  -1.8111069632884848E-030  -4.2575364677184971E-031   1.8673738473769033E-030  -3.6957659276736939E-030   8.1039740552972395E-030   3.8863781692563606E-031   8.5024734405359423E-030   6.1353661357414139E-028   2.4971714038548753E-030   2.2186989429443386E-031   5.9057031095167646E-028  -4.6362191673712129E-031   5.9392249863978572E-028  -4.1506480500991002E-016   1.4124424733184646E-015   3.8530123424116908E-015   7.0233991687172987E-031   9.4941208988539051E-031   6.0761930427268937E-031  -2.8127183009376258E-016
   8.2972453822459593E-016   5.2650922698665546E-016   1.0241939384226233E-016  0.31759359610060883        1.3096425293012465E-014  -1.7698536829633735E-016  -1.2351259978183234E-016   1.3839801925421229E-014   1.2877951322454920E-016   1.4386188724370375E-014  0.67560264857369257       -1.4464968181378588E-015  -5.1729475500027098E-016  -6.5307642301075991E-017  0.31857238687859385        8.7401809051320295E-017   1.3970677900629950E-016   2.5429389024719926E-017  -3.9968251091539864E-017   1.1703708116049340E-017  -1.4970827914681203E-016  -1.2026293271269243E-016   1.4914041729341189E-017   1.5382680151129485E-016  -2.4616989122041504E-016   6.0473960563503334E-016   1.9700042343825676E-016   3.2767263526097563E-016   1.9697087184995873E-014  -4.8544177520970519E-017  -1.0229845216464464E-016   1.8966137880864678E-014   9.1289303933248040E-017   1.9154187785524515E-014 -0.12204752460909504      -0.14406274364677066      -0.11792598526790515       -3.7099471605430881E-017  -7.7965752964417814E-018  -1.6042476875171564E-017  -1.2944122096267104E-002
  -2.4858234849060427E-030  -7.8204272399982498E-031  -1.5104893757069543E-030  -6.8492075302763017E-016  -4.1988254067924233E-029  -5.1388999464630228E-031   4.6438344234037544E-031  -4.1847524906521954E-029   3.4246265886819891E-031  -4.3830033034309615E-029  -1.4464968181378588E-015   5.5030422407736806E-030  -2.7591601064882484E-031   1.7584762064318983E-030  -7.0560433957690537E-016  -1.4245409326966708E-030   1.2883317734886588E-031  -1.2707331995681769E-031  -8.8790201885950347E-031  -2.2403051863974717E-031  -4.3464765301010761E-031   1.1902860976787956E-031   1.0534194133703362E-031  -6.9294441215628829E-032   2.4152981221408941E-031  -4.1327962762609606E-031   2.8112873795791065E-031  -9.8320027076457189E-031  -7.8019287481009446E-029  -5.4812187783066131E-031  -2.2422746822303420E-031  -7.5087416753197051E-029   2.4915125674089982E-031  -7.5369610922632963E-029  -1.4198029799427795E-016  -5.1890985543109780E-016  -9.2279803802152904E-016  -1.9616233232307673E-031  -1.8929781359819712E-031  -1.4094915687558420E-031   2.8755804996528902E-017
  -2.2742842118978255E-031  -6.0164952462287460E-031   6.6402437721442059E-031  -2.4033536730757471E-016  -2.0074226764881079E-030   6.4888917072959385E-031  -2.0393206840133802E-032  -3.5727049389536926E-030  -4.5406148456800784E-031  -3.5237761552892050E-030  -5.1729475500027098E-016  -2.7591601064882484E-031   1.1915781800757614E-030  -8.8072136422475332E-031  -2.3039670592118193E-016   6.4459076185891971E-031  -3.5304358273982408E-031   2.2290358562451052E-032   5.9035305927672157E-031   1.0544812700143885E-031   5.4885823462444403E-031   1.7169749135358060E-031  -9.0351909103142010E-032  -2.6731452337330714E-031   3.5266813829927015E-031  -9.6989808593834627E-031  -5.5501682239099656E-031  -8.8949833392031520E-032   5.5303814271165832E-030   4.1210320858486816E-031   3.3319909415258643E-031   5.3040991345975957E-030  -3.2554741844413197E-031   5.0908661420373372E-030   3.2534147671726342E-016   5.8603621957538718E-016   7.6608310385174023E-016   1.8687329697808068E-031   1.2441462518235705E-031   1.1307935666516037E-031   9.3119854744936675E-018
  -5.5741633778594520E-031   1.8136297973218292E-031  -8.7855633554283108E-031  -3.4022480036486061E-017  -1.0649602520478567E-029  -5.8353745469731899E-031   1.4644687131959134E-031  -9.5560371540104247E-030   4.0343481592641583E-031  -1.0155575472924853E-029  -6.5307642301075991E-017   1.7584762064318983E-030  -8.8072136422475332E-031   1.0952568839030807E-030  -4.6622109222878937E-017  -8.4091408632020590E-031   2.7439910782627959E-031  -5.1318395163715393E-032  -6.5104080819001435E-031  -1.3498966817546001E-031  -4.9357452531037650E-031  -8.1523399961229354E-032   9.0908919485996912E-032   1.6008242441285991E-031  -1.6829460905639494E-031   5.3456749010799849E-031   4.5384231960675367E-031  -2.2114614433798083E-031  -2.6019981512868067E-029  -4.3397790298972805E-031  -2.8830914829705260E-031  -2.5029761345019466E-029   2.9028337470978020E-031  -2.4966920605792652E-029  -2.5951471902793260E-016  -5.4267576891650778E-016  -7.7927041596122086E-016  -1.8181919875462658E-031  -1.3782621693429740E-031  -1.1637991793533844E-031   1.9521463211471612E-018
   3.9818266184135918E-016   2.4489343889238973E-016   6.0919975988671032E-017  0.14980576358402567        6.3118481648598215E-015  -7.4725359174104435E-017  -6.0195871389939180E-017   6.6454399055828587E-015   5.4679860812376173E-017   6.9110283254531589E-015  0.31857238687859385       -7.0560433957690537E-016  -2.3039670592118193E-016  -4.6622109222878937E-017  0.15044905269974856        5.3312607113297842E-017   6.1692577780939316E-017   1.2701076529460378E-017  -9.3279578291613970E-018   7.4642850405666428E-018  -6.3209046786600920E-017  -5.5354700457110148E-017   5.6902849435904927E-018   6.9992384304589314E-017  -1.1328657101490499E-016   2.7653854088020224E-016   8.6020131278645417E-017   1.5726397055516455E-016   9.6384361011820761E-015  -1.6514648476275358E-017  -4.3903511100235791E-017   9.2804004357563809E-015   3.8699051788019356E-017   9.3678955770689217E-015  -5.3606711928835857E-002  -5.9841239940086118E-002  -4.4114739747012084E-002  -1.4799070553189359E-017  -1.6622167992068686E-018  -5.8505958271725187E-018  -6.1138337020042715E-003
   4.7215355184311005E-031  -1.0944086699809429E-031   6.7731154724543783E-031   4.3626269861859639E-017   8.8677715149763431E-030   4.3627961794992429E-031  -1.1880560595408398E-031   8.0730087063957093E-030  -3.0127049240560433E-031   8.5616463640571584E-030   8.7401809051320295E-017  -1.4245409326966708E-030   6.4459076185891971E-031  -8.4091408632020590E-031   5.3312607113297842E-017   6.4770212933937681E-031  -2.0202037541945398E-031   4.0641974778914531E-032   4.9548434664524259E-031   1.0384481273298306E-031   3.6901869920817963E-031   5.5651172525819128E-032  -6.8669885202595598E-032  -1.1384541270636108E-031   1.1500106241837250E-031  -3.7511576750712369E-031  -3.3602128387981505E-031   1.8723585662435286E-031   2.0984113187685554E-029   3.2907047580498501E-031   2.1472924973003837E-031   2.0186573048417534E-029  -2.1684917085134197E-031   2.0148964397182083E-029   1.9162126978832484E-016   4.0686830604774302E-016   5.8918772383888069E-016   1.3693746200740072E-031   1.0493157873537755E-031   8.8079113893700418E-032  -2.2103756131175534E-018
   4.5408574177859329E-032   1.7028238275937682E-031  -2.0848327313782108E-031   6.4796353948561051E-017   2.2726793488163538E-031  -1.9540223383800379E-031   1.0021214500389153E-032   6.8911411802686205E-031   1.3658478963185402E-031   6.5755383719809818E-031   1.3970677900629950E-016   1.2883317734886588E-031  -3.5304358273982408E-031   2.7439910782627959E-031   6.1692577780939316E-017  -2.0202037541945398E-031   1.0500816690425165E-031  -7.6595724050008718E-033  -1.8141399324128949E-031  -3.2970376823148312E-032  -1.6527937829364542E-031  -4.9496401561271776E-032   2.7500463633116503E-032   7.8064904636378563E-032  -1.0169162719646688E-031   2.8184199684314447E-031   1.6576277490112181E-031   1.7664876076232419E-032  -2.3028445064068982E-030  -1.2601768998063495E-031  -9.9994155323040943E-032  -2.2108748330135212E-030   9.7958189635398528E-032  -2.1505678978481115E-030  -9.6969857966748958E-017  -1.7694945464457497E-016  -2.3342953771166934E-016  -5.6690762354869878E-032  -3.8251133486715390E-032  -3.4496883482725799E-032  -2.4913862108477169E-018
   5.2642607234229280E-032   9.3962859237764039E-033   4.2831078498060936E-032   1.2103142975125218E-017   9.1398131123100276E-031   2.0288960357674076E-032  -1.0684226417260623E-032   8.8966980355745624E-031  -1.3813227854586182E-032   9.3476661955449935E-031   2.5429389024719926E-017  -1.2707331995681769E-031   2.2290358562451052E-032  -5.1318395163715393E-032   1.2701076529460378E-017   4.0641974778914531E-032  -7.6595724050008718E-033   3.1494803090428395E-033   2.7880770073609257E-032   6.4466632500841820E-033   1.7160766772967765E-032  -3.4711892538429057E-034  -3.5823566357731125E-033  -2.0600246501532949E-033  -6.4673051988232146E-034  -3.8465378437631202E-033  -1.3803073166996270E-032   2.0834921573933123E-032   1.8234575587630560E-030   1.7855693094652652E-032   9.5294881183782380E-033   1.7546847445922995E-030  -9.9846996396511089E-033   1.7581276004191391E-030   7.5798115643927791E-018   1.9551918399916406E-017   3.1038187536588343E-017   6.9226208398469954E-033   5.9245345205916873E-033   4.6876453154931557E-033  -5.1865974680956097E-019
   2.3791424302729633E-031  -1.7083105547661570E-031   5.1636136935521952E-031  -1.6790723668166269E-017   4.8686528760317017E-030   3.7170624153679722E-031  -7.3587508415261134E-032   4.1237744274325712E-030  -2.5773595286243258E-031   4.4202555646389995E-030  -3.9968251091539864E-017  -8.8790201885950347E-031   5.9035305927672157E-031  -6.5104080819001435E-031  -9.3279578291613970E-018   4.9548434664524259E-031  -1.8141399324128949E-031   2.7880770073609257E-032   3.9623212012008855E-031   7.9811672053534832E-032   3.1440194150791988E-031   6.3135473293799593E-032  -5.6423101715533894E-032  -1.1431873354185342E-031   1.3008906240696705E-031  -3.9242869807043645E-031  -2.9605365015973091E-031   9.4565547377391797E-032   1.3338362479832085E-029   2.6669370953450121E-031   1.8539183994495285E-031   1.2828568757778148E-029  -1.8528784185975741E-031   1.2768718169170018E-029   1.7039098775553370E-016   3.4326984397520897E-016   4.8249508201381748E-016   1.1369992155326223E-031   8.3804901119903450E-032   7.1874036793335281E-032   3.4424084689831321E-019
   7.3034657846509923E-032  -1.9429431558652474E-032   1.0855368923271728E-031   5.9101515001446467E-018   1.3803554940666454E-030   7.0768355514942658E-032  -1.8673966404378755E-032   1.2499735893625791E-030  -4.8891531115876448E-032   1.3266445231680472E-030   1.1703708116049340E-017  -2.2403051863974717E-031   1.0544812700143885E-031  -1.3498966817546001E-031   7.4642850405666428E-018   1.0384481273298306E-031  -3.2970376823148312E-032   6.4466632500841820E-033   7.9811672053534832E-032   1.6657268674982385E-032   5.9858078407929290E-032   9.3669377756405735E-033  -1.1093826867913950E-032  -1.8841186289248326E-032   1.9348254355177510E-032  -6.2421431467504754E-032  -5.4716697002886648E-032   2.8967147234525109E-032   3.3056702774091250E-030   5.3082576051127845E-032   3.4883795861835993E-032   3.1799706599950931E-030  -3.5186375270737012E-032   3.1732690971894375E-030   3.1236794023693185E-017   6.5924559885275046E-017   9.5150137138743579E-017   2.2148259217815294E-032   1.6899855355113738E-032   1.4218707383770861E-032  -3.1039288866442838E-019
   3.8781766176489224E-032  -2.2503037055135593E-031   3.8257560762300288E-031  -6.8826361907490078E-017   1.4758603368696849E-030   3.1944959641720682E-031  -3.5384942598532424E-032   7.6740571618205714E-031  -2.2256671038236724E-031   9.0140325457838380E-031  -1.4970827914681203E-016  -4.3464765301010761E-031   5.4885823462444403E-031  -4.9357452531037650E-031  -6.3209046786600920E-017   3.6901869920817963E-031  -1.6527937829364542E-031   1.7160766772967765E-032   3.1440194150791988E-031   5.9858078407929290E-032   2.7020286958999729E-031   7.0107808630981491E-032  -4.6390957588934407E-032  -1.1571068069717460E-031   1.4416919390201019E-031  -4.1068113070065467E-031  -2.6427824574799144E-031   1.5788090439336053E-032   6.8865617349529543E-030   2.1541848460484457E-031   1.6179261525331615E-031   6.6195130483666737E-030  -1.5977764261441374E-031   6.5400434118680065E-030   1.5362550040875539E-016   2.9160541225942672E-016   3.9501806734135905E-016   9.4721767442535288E-032   6.6382029769681677E-032   5.8575382633205080E-032   2.5413152953968296E-018
  -1.0687714743482547E-031  -1.1359053302450807E-031   5.6073672266944551E-032  -5.6250151516891106E-017  -1.5285941545635257E-030   8.2884374708166996E-032   1.0480456557094019E-032  -1.7606123105811481E-030  -5.8498668648669445E-032  -1.8111069632884848E-030  -1.2026293271269243E-016   1.1902860976787956E-031   1.7169749135358060E-031  -8.1523399961229354E-032  -5.5354700457110148E-017   5.5651172525819128E-032  -4.9496401561271776E-032  -3.4711892538429057E-034   6.3135473293799593E-032   9.3669377756405735E-033   7.0107808630981491E-032   2.9375788609731268E-032  -1.0554532499625415E-032  -4.2347943721413352E-032   6.0251830344775244E-032  -1.5837632895920124E-031  -7.5518547996598655E-032  -4.2121011428191802E-032  -1.4433584714195242E-030   4.6165322555871447E-032   4.3717953461827739E-032  -1.3919031168508623E-030  -4.1836076203640221E-032  -1.4323079508603294E-030   4.4933668197707513E-017   7.3256314653175557E-017   8.8626035886012857E-017   2.2463675200651972E-032   1.3242035682270380E-032   1.2943533953562488E-032   2.2442075281606874E-018
  -2.2154706847893474E-032   3.1320030864877844E-032  -7.1407600316410013E-032   6.7291967937851422E-018  -5.0669603997371006E-031  -5.4846251194334978E-032   8.6806763870816156E-033  -3.9144915511217650E-031   3.8112855444209712E-032  -4.2575364677184971E-031   1.4914041729341189E-017   1.0534194133703362E-031  -9.0351909103142010E-032   9.0908919485996912E-032   5.6902849435904927E-018  -6.8669885202595598E-032   2.7500463633116503E-032  -3.5823566357731125E-033  -5.6423101715533894E-032  -1.1093826867913950E-032  -4.6390957588934407E-032  -1.0554532499625415E-032   8.1612522872868201E-033   1.8233010160103526E-032  -2.1724980948887808E-032   6.3642698733603675E-032   4.4453051027421646E-032  -8.8351672814029516E-033  -1.6103964908780467E-030  -3.8274161808227443E-032  -2.7547671439033854E-032  -1.5485465401909326E-030   2.7381819052478642E-032  -1.5375243122243292E-030  -2.5703554754816051E-017  -5.0384202691323803E-017  -6.9657958938546389E-017  -1.6542747703769687E-032  -1.1924722414424014E-032  -1.0355545021851816E-032  -2.2630269386858280E-019
   1.1224883837908173E-031   1.5719514138214911E-031  -1.1624054322249048E-031   7.1778609165150546E-017   1.4743075988343889E-030  -1.3679863168676620E-031  -6.5120995703143022E-033   1.8308054922143109E-030   9.6138359490155875E-032   1.8673738473769033E-030   1.5382680151129485E-016  -6.9294441215628829E-032  -2.6731452337330714E-031   1.6008242441285991E-031   6.9992384304589314E-017  -1.1384541270636108E-031   7.8064904636378563E-032  -2.0600246501532949E-033  -1.1431873354185342E-031  -1.8841186289248326E-032  -1.1571068069717460E-031  -4.2347943721413352E-032   1.8233010160103526E-032   6.3132780408858669E-032  -8.6911745713867837E-032   2.3296888461276620E-031   1.2082955315755093E-031   4.4166305955867210E-032   6.1027258523684455E-031  -8.1530738227704935E-032  -7.1201314527871291E-032   5.9158299396702257E-031   6.8840866250430052E-032   6.4741640582968297E-031  -7.1378481794711355E-017  -1.2222629815073956E-016  -1.5388118294895744E-016  -3.8234777203586862E-032  -2.4039748538050075E-032  -2.2599695591574998E-032  -2.8346177682739699E-018
  -2.1814701228535094E-031  -2.3281521611411037E-031   1.1591314491327294E-031  -1.1513582536096438E-016  -3.1166739274108080E-030   1.7044284888391122E-031   2.1277139219768343E-032  -3.5931207378679565E-030  -1.2028574970560499E-031  -3.6957659276736939E-030  -2.4616989122041504E-016   2.4152981221408941E-031   3.5266813829927015E-031  -1.6829460905639494E-031  -1.1328657101490499E-016   1.1500106241837250E-031  -1.0169162719646688E-031  -6.4673051988232146E-034   1.3008906240696705E-031   1.9348254355177510E-032   1.4416919390201019E-031   6.0251830344775244E-032  -2.1724980948887808E-032  -8.6911745713867837E-032   1.2358213945474957E-031  -3.2495969839874239E-031  -1.5519869246810300E-031  -8.5971395262034739E-032  -2.9229660809459951E-030   9.5069998308221552E-032   8.9876985292529718E-032  -2.8188412274676645E-030  -8.6026101156073979E-032  -2.9016529112547113E-030   9.2330364323816877E-017   1.5067736757336273E-016   1.8244374986840674E-016   4.6223674689731744E-032   2.7286476336362104E-032   2.6648501870468255E-032   4.5928221562313816E-018
   4.8281310034644319E-031   5.9776938294385322E-031  -3.8138228107374540E-031   2.8247248689522430E-016   6.6125542988485799E-030  -4.8552578667079167E-031  -3.7306479489440042E-032   7.9126346192942153E-030   3.4175685329349507E-031   8.1039740552972395E-030   6.0473960563503334E-016  -4.1327962762609606E-031  -9.6989808593834627E-031   5.3456749010799849E-031   2.7653854088020224E-016  -3.7511576750712369E-031   2.8184199684314447E-031  -3.8465378437631202E-033  -3.9242869807043645E-031  -6.2421431467504754E-032  -4.1068113070065467E-031  -1.5837632895920124E-031   6.3642698733603675E-032   2.3296888461276620E-031  -3.2495969839874239E-031   8.6426328482170076E-031   4.3386480615954088E-031   1.9011975144153808E-031   4.4978454703434024E-030  -2.8234684792833756E-031  -2.5396332638806709E-031   4.3443465331372612E-030   2.4460449747964558E-031   4.5567939156590966E-030  -2.5699951184494329E-016  -4.3207046827091196E-016  -5.3614570453776116E-016  -1.3417762746700921E-031  -8.2447657871467302E-032  -7.8583362623056981E-032  -1.1204733274344651E-017
   3.4707444651682287E-032   2.5438664303595283E-031  -3.4735841295914727E-031   9.1165159405879597E-017  -2.5612545858570971E-031  -3.1244443566227174E-031   2.2395986547033503E-032   4.6673534201249856E-031   2.1815289919146817E-031   3.8863781692563606E-031   1.9700042343825676E-016   2.8112873795791065E-031  -5.5501682239099656E-031   4.5384231960675367E-031   8.6020131278645417E-017  -3.3602128387981505E-031   1.6576277490112181E-031  -1.3803073166996270E-032  -2.9605365015973091E-031  -5.4716697002886648E-032  -2.6427824574799144E-031  -7.5518547996598655E-032   4.4453051027421646E-032   1.2082955315755093E-031  -1.5519869246810300E-031   4.3386480615954088E-031   2.6279936460109266E-031   1.3266776086047976E-032  -4.7290921778719006E-030  -2.0465243774681899E-031  -1.5932505256384146E-031  -4.5429014508531066E-030   1.5651005681866170E-031  -4.4528843287042459E-030  -1.5340846753149825E-016  -2.8371780272736214E-016  -3.7774311115297714E-016  -9.1332211540212974E-032  -6.2453213630805331E-032  -5.5890516772032721E-032  -3.4700340362076220E-018
   4.8545547035654738E-031   2.1494921108885601E-031   2.0081650219051995E-031   1.5461343217414928E-016   7.9845795502748665E-030   1.8670422933156938E-032  -8.3308287800488010E-032   8.1423444042575110E-030  -9.9027870450160412E-033   8.5024734405359423E-030   3.2767263526097563E-016  -9.8320027076457189E-031  -8.8949833392031520E-032  -2.2114614433798083E-031   1.5726397055516455E-016   1.8723585662435286E-031   1.7664876076232419E-032   2.0834921573933123E-032   9.4565547377391797E-032   2.8967147234525109E-032   1.5788090439336053E-032  -4.2121011428191802E-032  -8.8351672814029516E-033   4.4166305955867210E-032  -8.5971395262034739E-032   1.9011975144153808E-031   1.3266776086047976E-032   1.9189101297949482E-031   1.3749311584536278E-029   5.2782411085754613E-032   2.2695581115655781E-033   1.3234795589885807E-029  -7.7674214356563978E-033   1.3311904382775571E-029  -1.1986834020787630E-017   2.6974664632750075E-017   8.0378017338281639E-017   1.4266190811746103E-032   2.0330885639331379E-032   1.2738688069030428E-032  -6.3999540071609965E-018
   3.4758873633460055E-029   1.0206655991660933E-029   2.2223431215460853E-029   9.3329613221004051E-015   5.8963567552690961E-028   8.1420320194384018E-030  -6.5798159831157757E-030   5.8549900240747967E-028  -5.4556824466998788E-030   6.1353661357414139E-028   1.9697087184995873E-014  -7.8019287481009446E-029   5.5303814271165832E-030  -2.6019981512868067E-029   9.6384361011820761E-015   2.0984113187685554E-029  -2.3028445064068982E-030   1.8234575587630560E-030   1.3338362479832085E-029   3.3056702774091250E-030   6.8865617349529543E-030  -1.4433584714195242E-030  -1.6103964908780467E-030   6.1027258523684455E-031  -2.9229660809459951E-030   4.4978454703434024E-030  -4.7290921778719006E-030   1.3749311584536278E-029   1.1083415592902140E-027   8.2995775627509182E-030   3.6214496636827554E-030   1.0666660542393960E-027  -3.9625730595435241E-030   1.0703543638036068E-027   2.4502603502276333E-015   8.1264755943075587E-015   1.4072203410152792E-014   3.0243933600641882E-030   2.8417071187635739E-030   2.1439982050225563E-030  -3.9290591157203556E-016
   1.3262124885492997E-031  -1.3139438383323592E-031   3.4257043187720922E-031  -2.1481842571263273E-017   2.8390834651845582E-030   2.5468131509508019E-031  -4.5310243545847439E-032   2.3161895995213685E-030  -1.7678779620015108E-031   2.4971714038548753E-030  -4.8544177520970519E-017  -5.4812187783066131E-031   4.1210320858486816E-031  -4.3397790298972805E-031  -1.6514648476275358E-017   3.2907047580498501E-031  -1.2601768998063495E-031   1.7855693094652652E-032   2.6669370953450121E-031   5.3082576051127845E-032   2.1541848460484457E-031   4.6165322555871447E-032  -3.8274161808227443E-032  -8.1530738227704935E-032   9.5069998308221552E-032  -2.8234684792833756E-031  -2.0465243774681899E-031   5.2782411085754613E-032   8.2995775627509182E-030   1.8020218756213827E-031   1.2747659613279857E-031   7.9816617899993752E-030  -1.2705214638454540E-031   7.9355122053918436E-030   1.1806511889212774E-016   2.3457295220304632E-016   3.2698701168625414E-016   7.7354497646549838E-032   5.6385766775858713E-032   4.8659930015859078E-032   6.4772801345702607E-019
   5.0446646049853366E-033  -1.4332497515327899E-031   2.2236579011587310E-031  -4.7179694828723571E-017   5.8658988259985023E-031   1.9128048757099761E-031  -1.8131662468664872E-032   1.5488777521024000E-031  -1.3338563114338892E-031   2.2186989429443386E-031  -1.0229845216464464E-016  -2.2422746822303420E-031   3.3319909415258643E-031  -2.8830914829705260E-031  -4.3903511100235791E-017   2.1472924973003837E-031  -9.9994155323040943E-032   9.5294881183782380E-033   1.8539183994495285E-031   3.4883795861835993E-032   1.6179261525331615E-031   4.3717953461827739E-032  -2.7547671439033854E-032  -7.1201314527871291E-032   8.9876985292529718E-032  -2.5396332638806709E-031  -1.5932505256384146E-031   2.2695581115655781E-033   3.6214496636827554E-030   1.2747659613279857E-031   9.7148764321294777E-032   3.4803143522348871E-030  -9.5730981096168690E-032   3.4296539170798462E-030   9.2776803635497650E-017   1.7423428859350993E-016   2.3437425013541530E-016   5.6389216374531327E-032   3.9129449365115066E-032   3.4723421496678574E-032   1.7680405441838339E-018
   3.3458194528267107E-029   9.8331455256523545E-030   2.1379081976795816E-029   8.9865445336508264E-015   5.6754233032848497E-028   7.8262988863178789E-030  -6.3325997319699674E-030   5.6358552841944060E-028  -5.2438176671552334E-030   5.9057031095167646E-028   1.8966137880864678E-014  -7.5087416753197051E-029   5.3040991345975957E-030  -2.5029761345019466E-029   9.2804004357563809E-015   2.0186573048417534E-029  -2.2108748330135212E-030   1.7546847445922995E-030   1.2828568757778148E-029   3.1799706599950931E-030   6.6195130483666737E-030  -1.3919031168508623E-030  -1.5485465401909326E-030   5.9158299396702257E-031  -2.8188412274676645E-030   4.3443465331372612E-030  -4.5429014508531066E-030   1.3234795589885807E-029   1.0666660542393960E-027   7.9816617899993752E-030   3.4803143522348871E-030   1.0265579068839102E-027  -3.8087582410099077E-030   1.0301111776789933E-027   2.3531954362335312E-015   7.8123160086286851E-015   1.3532106265825111E-014   2.9079658230607966E-030   2.7331181488418632E-030   2.0617679468904649E-030  -3.7830951088522985E-016
  -1.8964074972123612E-032   1.3493944489748031E-031  -2.2476067136192415E-031   4.2001635512642516E-017  -8.0784186573992235E-031  -1.8889841113630825E-031   2.0256743830651970E-032  -3.8727937128127853E-031   1.3163467956563000E-031  -4.6362191673712129E-031   9.1289303933248040E-017   2.4915125674089982E-031  -3.2554741844413197E-031   2.9028337470978020E-031   3.8699051788019356E-017  -2.1684917085134197E-031   9.7958189635398528E-032  -9.9846996396511089E-033  -1.8528784185975741E-031  -3.5186375270737012E-032  -1.5977764261441374E-031  -4.1836076203640221E-032   2.7381819052478642E-032   6.8840866250430052E-032  -8.6026101156073979E-032   2.4460449747964558E-031   1.5651005681866170E-031  -7.7674214356563978E-033  -3.9625730595435241E-030  -1.2705214638454540E-031  -9.5730981096168690E-032  -3.8087582410099077E-030   9.4493355743548382E-032  -3.7610944290923837E-030  -9.1014735522255239E-017  -1.7235188897615773E-016  -2.3311336507540198E-016  -5.5939610683498024E-032  -3.9118211550318392E-032  -3.4560557919188954E-032  -1.5565264551363509E-018
   3.3653638304056130E-029   9.9969764817043443E-030   2.1342960758162217E-029   9.0746976224436380E-015   5.7048948793499484E-028   7.7323473096584324E-030  -6.3569712021615078E-030   5.6682630937949255E-028  -5.1770304487009065E-030   5.9392249863978572E-028   1.9154187785524515E-014  -7.5369610922632963E-029   5.0908661420373372E-030  -2.4966920605792652E-029   9.3678955770689217E-015   2.0148964397182083E-029  -2.1505678978481115E-030   1.7581276004191391E-030   1.2768718169170018E-029   3.1732690971894375E-030   6.5400434118680065E-030  -1.4323079508603294E-030  -1.5375243122243292E-030   6.4741640582968297E-031  -2.9016529112547113E-030   4.5567939156590966E-030  -4.4528843287042459E-030   1.3311904382775571E-029   1.0703543638036068E-027   7.9355122053918436E-030   3.4296539170798462E-030   1.0301111776789933E-027  -3.7610944290923837E-030   1.0337228189159577E-027   2.2990382700816687E-015   7.7308051844748616E-015   1.3440455502268692E-014   2.8838450229426611E-030   2.7206375106817577E-030   2.0485284373416682E-030  -3.8186028158670438E-016
  -3.0991703869598882E-017  -1.5298146026707370E-016   1.9792529607436887E-016  -5.6545542577530451E-002  -2.7918133016212707E-017   1.8162450004318948E-016  -1.1200260788403403E-017  -4.5257683815143633E-016  -1.2688217537171447E-016  -4.1506480500991002E-016 -0.12204752460909504       -1.4198029799427795E-016   3.2534147671726342E-016  -2.5951471902793260E-016  -5.3606711928835857E-002   1.9162126978832484E-016  -9.6969857966748958E-017   7.5798115643927791E-018   1.7039098775553370E-016   3.1236794023693185E-017   1.5362550040875539E-016   4.4933668197707513E-017  -2.5703554754816051E-017  -7.1378481794711355E-017   9.2330364323816877E-017  -2.5699951184494329E-016  -1.5340846753149825E-016  -1.1986834020787630E-017   2.4502603502276333E-015   1.1806511889212774E-016   9.2776803635497650E-017   2.3531954362335312E-015  -9.1014735522255239E-017   2.2990382700816687E-015   8.9645927265021297E-002  0.16470333818864413       0.21830027433792004        5.2896151063542226E-017   3.5935903207832025E-017   3.2280734187533962E-017   2.1637249847866382E-003
   6.6993784575711139E-017  -2.3098700025437691E-016   4.2216442664202648E-016  -6.6024327016000639E-002   2.0037095976821764E-015   3.4475318186445653E-016  -4.2414675838606940E-017   1.2495011047506950E-015  -2.4003464233354767E-016   1.4124424733184646E-015 -0.14406274364677066       -5.1890985543109780E-016   5.8603621957538718E-016  -5.4267576891650778E-016  -5.9841239940086118E-002   4.0686830604774302E-016  -1.7694945464457497E-016   1.9551918399916406E-017   3.4326984397520897E-016   6.5924559885275046E-017   2.9160541225942672E-016   7.3256314653175557E-017  -5.0384202691323803E-017  -1.2222629815073956E-016   1.5067736757336273E-016  -4.3207046827091196E-016  -2.8371780272736214E-016   2.6974664632750075E-017   8.1264755943075587E-015   2.3457295220304632E-016   1.7423428859350993E-016   7.8123160086286851E-015  -1.7235188897615773E-016   7.7308051844748616E-015  0.16470333818864413       0.31522019903744819       0.42928825186469582        1.0267889814593422E-016   7.2496093263583000E-017   6.3699802347733886E-017   2.4018978850445863E-003
   2.0166920373114803E-016  -2.6054202025004018E-016   6.1284397278281619E-016  -5.3023641353141908E-002   4.5273729285120895E-015   4.6701485163628890E-016  -7.6105283505876298E-017   3.5514155495736531E-015  -3.2444659617473463E-016   3.8530123424116908E-015 -0.11792598526790515       -9.2279803802152904E-016   7.6608310385174023E-016  -7.7927041596122086E-016  -4.4114739747012084E-002   5.8918772383888069E-016  -2.3342953771166934E-016   3.1038187536588343E-017   4.8249508201381748E-016   9.5150137138743579E-017   3.9501806734135905E-016   8.8626035886012857E-017  -6.9657958938546389E-017  -1.5388118294895744E-016   1.8244374986840674E-016  -5.3614570453776116E-016  -3.7774311115297714E-016   8.0378017338281639E-017   1.4072203410152792E-014   3.2698701168625414E-016   2.3437425013541530E-016   1.3532106265825111E-014  -2.3311336507540198E-016   1.3440455502268692E-014  0.21830027433792004       0.42928825186469582       0.59468030941255989        1.4109648464087258E-016   1.0198216856451218E-016   8.8428332744563342E-017   1.7504773211257007E-003
