   6.9803097658295034E-005  -1.7232152978464043E-016  -2.5002828763711390E-017   1.0983213436503163E-016   3.1785532151689648E-018  -2.6829787404313975E-018   1.6782245857952406E-019   1.0387729654704410E-018   4.2235827891891580E-019   2.5398826802646126E-018   2.3069810034608241E-003  -2.6721995605483285E-015  -3.9267359182493526E-016  -2.6360303797975959E-016   5.3418493114840444E-003  -7.3079324395143259E-015  -9.0626060227338013E-016  -6.3299406290065052E-018  -5.7279279000134348E-019   1.6137604152872644E-018  -2.0410469797020176E-018   3.1079573619456387E-018  -5.2133829705092919E-018   2.0322641812129773E-016  -2.2504102858335007E-014   2.3802998311061564E-017  -1.9128965310614276E-018   2.3952793280789306E-014   2.7101082334719920E-017   5.1589097233723079E-015  -1.0661348861424373E-017  -7.4190896138261827E-018  -6.7681925701789571E-018  -1.4882868573636505E-017   4.4168313591530263E-003  -5.7806237322942605E-015  -8.5888953469366897E-016   1.0018675063046368E-016  -4.9954644617810942E-017   6.9426067215237872E-017  -7.6406705765197945E-017  -2.6814998493598498E-017  -2.6044837856321739E-017  -5.1224746445684857E-018   4.0479566704005748E-019  -1.6197242370643342E-018  -3.0470559742678434E-018  -7.5578567860718875E-019  -3.0551042352301121E-018   1.0873529438173585E-019  -6.3071237581165618E-019  -1.4684939911205218E-020  -9.2526292929074026E-019  -5.6703630258326230E-018  -2.2996179055456541E-019  -3.8575543214152632E-018   3.8189771503069838E-019  -3.9779693508170938E-018  -1.7467204082471467E-016   1.9626712379157101E-014  -3.0988988098373741E-017  -1.1110233562232797E-017  -4.1018822727004260E-014  -6.0083502372920097E-017   1.5045663867343718E-014   1.9466737002157307E-017  -3.1014443748298041E-018   8.9932165420122293E-018  -2.6734871051275665E-018   5.2475284711691846E-004  -5.5845746720503699E-016  -5.4936909573645456E-016   4.4934830983905946E-016  -2.1891343869087329E-016   2.9734737444680229E-016  -3.4535792064616138E-016  -1.2777675295801759E-016  -1.1172071211218004E-016   6.8428875921276222E-016  -1.7473852221112029E-003   1.9568154164578187E-015  -1.6397397660824786E-015   1.8503213898693005E-015  -8.9909417937353146E-016   1.2198037480327185E-015  -1.4148641893043358E-015  -5.1967716935651178E-016  -4.5563153264129730E-016   6.9486991871835958E-016  -2.1538301607444518E-003   2.5775503338020853E-015  -2.5687514970853056E-015  -2.6907660950750274E-016   1.0028945799503140E-003  -1.1028651401882321E-015   2.1751742380175573E-015  -1.3183067901996038E-015  -7.7544323804584742E-016   5.6675100726296170E-016   2.9119973727706271E-016   3.1324201002647485E-015
  -1.7232152978464043E-016   6.9803097117023403E-005  -5.1280732476762035E-016  -1.4620910247919986E-016   1.2550646900986161E-017   1.8317623704556007E-017  -9.8314548024943982E-018   1.8294731179184852E-017   9.5036371233303102E-018   7.3885408727101705E-018  -2.2567554387202464E-015   2.3069809953896172E-003  -7.5916219763232555E-015  -1.2310188552375618E-015  -6.6988924533140739E-015   5.3418492900126104E-003  -2.0831988124395091E-014   2.4358429310626123E-017  -2.0501836963725034E-017   4.7883401751571569E-018   2.5605099886397404E-017  -4.8122616491627855E-018   3.9995673557869764E-017  -3.1055269599509356E-015   6.1627969823075988E-017  -2.4172708713809636E-014  -5.9151747070175896E-018   5.1442414884141189E-017   9.0786994830474919E-018   2.4926223724356546E-017   2.2345210947850707E-014   5.7123425075388852E-017  -8.6662250669395846E-015   3.4229883983114479E-018  -5.2553983198395533E-015   4.4168313420401223E-003  -1.6219007745280198E-014   3.0128161598234604E-017  -4.6183831792636222E-017  -1.5366328580102798E-017   1.6572486534710439E-016   9.7536818610995988E-017   2.4672087666981287E-016  -4.1889150027519259E-017  -3.3542393697784450E-019   5.8065569666764954E-019  -2.5536030328797387E-017   1.9264235527942696E-019  -2.4726454952182300E-017  -1.6080759042326039E-020  -1.5329147375901538E-018  -1.3216011478610024E-019   5.5179123524936559E-019  -3.7038248271640917E-017   2.2312160524497088E-018  -2.6915934987455438E-017   1.8999766980555140E-018  -3.6994657418086549E-017  -1.8890714839961700E-015   9.8164333423522011E-017   2.8285309622980178E-014   3.0817886095501523E-017   8.5520968631531364E-018  -7.1294240693886095E-018   4.4867068460154982E-017  -4.7954001430361375E-014  -8.2996978816156939E-017   3.4912823546223569E-014   5.8388980245910584E-017  -1.0347839360808235E-016   5.2475284643373015E-004  -1.1499063844744088E-016  -4.7655265626018413E-016  -2.8089726522273703E-016  -8.3034930296011022E-017   1.4618737159132837E-016   4.7756213190548289E-016   5.6612475697357315E-016   1.5960185789030306E-015   2.8354195545924633E-015  -1.7473852125010007E-003   1.1443323858531145E-014  -2.1351550671942512E-015  -1.1300994705443813E-015  -3.2739620475287763E-016   4.1930308128221882E-016   1.9369945025227732E-015   2.1206231120056141E-015   8.3198645395273408E-016   4.0228134934436679E-015  -2.1538301473002443E-003   1.6313992409404796E-014   7.3263232121018995E-016  -3.8524513105832296E-015   1.0028945721437918E-003  -6.9848575934003598E-015   2.5340490083822644E-015   1.8082062950872537E-015  -1.4275810676976004E-015  -7.5229414945817225E-016  -8.0187598230925661E-015
  -2.5002828763711390E-017  -5.1280732476762035E-016   6.9803097522347764E-005   8.1412984125019254E-017   4.3195718375274925E-018   8.3741965179234951E-018   3.8447082314093629E-018  -1.2045957658686440E-017   1.4624358336176223E-018  -7.3090817067199244E-018  -3.8743935320176613E-016  -7.3611834918233853E-015   2.3069810014115792E-003  -7.3714122763963140E-016  -9.8032980919889985E-016  -2.0400294688404515E-014   5.3418493060124351E-003  -2.3801368770566137E-017  -2.4119618914102057E-018  -5.0239296321640360E-018   3.2054553306959126E-018  -1.0456032859204073E-018  -4.7977189017961013E-018  -1.0001871169515609E-015   2.0837527229582301E-017  -2.2874837355081446E-018  -1.7369265561082105E-014   5.8165097919546976E-018   2.1402086813101752E-017   1.7173344508893644E-017  -5.0323364857890588E-018   1.6749458894169435E-014   4.5752485263594833E-017  -9.0643732673272063E-016  -9.3905871823196427E-016  -1.5830473286822350E-014   4.4168313550140871E-003   8.8701780090966102E-016   1.8987875906487653E-016  -7.5097399016228010E-017   9.0226178429963831E-016  -1.2943852095338153E-016   1.1503761554493281E-015  -2.8167269396843451E-016   2.2499247554126798E-019  -3.1088874863594860E-018  -1.6544387344889248E-016  -2.0050125582026697E-018  -1.6698173698647077E-016  -1.5949311057132727E-018  -9.3274325653427925E-019  -5.9876086036265528E-020  -2.5505305477883980E-018  -2.8041716718741519E-016  -5.1533174495206567E-018  -1.6672901588593098E-016  -3.2957483099255868E-018  -2.8581777827484717E-016  -4.6205373285261527E-015   2.9538267211817462E-017   2.4626768752382540E-017   8.4037224958640018E-015   1.4448117993245511E-017  -2.3916296108790191E-017   4.8239929813683876E-018   5.6540802287264829E-017  -4.0953888390729085E-014  -7.8143408065480914E-017   2.3427217032184039E-014  -4.0410967336201980E-016  -7.3414377343796414E-016   5.2475284703908565E-004   1.2135970655198278E-016   8.5095752877534598E-016  -3.9564327284757700E-016   2.7043489244511564E-016  -6.3917013322682968E-016   1.3508649869033491E-015  -1.4812314860294581E-015  -1.2293218954300444E-015   9.0352321947623346E-015  -1.7473852190337303E-003  -9.3923824952148858E-016   3.4869205678823693E-015  -1.6025338460212348E-015  -3.7161694631570173E-016  -2.6000996601312123E-015   4.0851256072903608E-015  -3.3290999393730777E-015  -1.9322084069221189E-015   1.2577102723361311E-014  -2.1538301563512495E-003   1.4864099283158970E-016   2.4037008765863534E-015  -1.8574285251385553E-015   1.0028945772469146E-003   2.3756744904811659E-015   1.3464066926296044E-015   1.6568335117783572E-017  -3.5487984666546266E-016   7.1844661137605784E-017
   1.0983213436503163E-016  -1.4620910247919986E-016   8.1412984125019254E-017   1.7762677816666168E-005   5.0939489321996789E-014   5.9629753289113717E-018   8.8478748322573201E-018  -4.5762897869837813E-014  -3.9165366955089177E-018  -5.4534681060940453E-015   3.7349822500974758E-015  -4.3133883474055398E-015   2.8062204057179687E-015   1.5174840407659537E-003   8.5291368017382031E-015  -1.0213822147075342E-014   6.4661814519486665E-015  -9.2265315537947196E-014  -3.0212270995078119E-017  -6.5523978852163208E-017   8.6855143369023343E-014   9.0361901402941233E-018   2.6333615058822628E-015   3.9756815689269941E-003   4.8681434267523221E-017   3.5897908311921045E-018  -6.9504179547689760E-021   2.2214846270969880E-017  -2.8167641138070700E-019   2.0736477136620433E-017   8.6386619336763023E-018   5.3110202009610968E-018   5.1933348857274456E-018   8.5998801975014493E-018   6.8875340865975737E-015  -8.3433088795470847E-015   5.3193163359191970E-015   5.2535808634104938E-013  -3.7233690756864161E-016  -1.2540414310016217E-015   3.5991782965504139E-013   5.3800041154198759E-016  -8.8007654694182437E-013  -2.7804399304298612E-014  -9.0551331658242285E-019   1.3998500720935882E-019   7.3226817339923805E-014  -1.7750498435416032E-019  -2.8473434789660120E-014  -2.0307054070477495E-018  -4.7588901272552528E-019  -4.0392724021156348E-019   5.9743894383501005E-019  -1.8304023658468180E-014   2.1360398259977039E-018  -4.5446731937227094E-014  -1.3669925608934903E-019   3.9572057001322703E-014   1.6801997493352753E-003   6.5049780766237565E-017   4.9256134413418891E-018   4.1808711528353078E-018   2.8798912256596634E-017   3.9281537552423163E-019   2.9096762919459984E-017   1.1139124229325595E-017   1.1760773486194054E-018   3.9002476056333318E-018   3.7112784122134948E-018  -1.1642060112891843E-015  -3.5308795894213480E-015  -3.2788445235418212E-016   2.8308282966052586E-012  -1.7925312424070404E-015  -5.9556786429785818E-015   8.4771945266814461E-013   2.5629315243599488E-015  -3.6822216881911625E-012  -3.4468835175331851E-003  -9.9387896195115121E-015  -5.0365251794767445E-015  -5.4097019213998092E-015   1.1558899589961987E-011  -7.4282432367839817E-015  -2.4337006983641375E-014   3.5124824815625119E-012   1.0176944479800324E-014  -1.5111293100516397E-011  -2.9798746912943108E-003  -1.4696367397796479E-014  -9.1653900400668374E-015  -7.8095125739629923E-015   2.6973847371010478E-004   3.6665672742761249E-014   3.5373414080487998E-014   2.7741251262885040E-014   1.8618069753759178E-003   9.1781204296922068E-004  -1.0272827248182195E-004  -2.6458722661132540E-004  -3.7201366140198215E-004
   3.1785532151689648E-018   1.2550646900986161E-017   4.3195718375274925E-018   5.0939489321996789E-014   6.7563168593726863E-007   2.5807561900369727E-018   1.6529639853639299E-018  -3.3781584255746859E-007   2.1192879333107187E-018  -3.3781584337828602E-007   6.5961632108988685E-017   4.5891715261442939E-016   1.8238243815504421E-016   3.7020550821791123E-012   1.5289958553345011E-016   1.0606183236165758E-015   4.1790114357383201E-016   4.0478630824121975E-007  -2.2782117383692409E-018   2.6773801822783587E-018  -2.0239315418400195E-007  -1.9557083803843164E-018  -2.0239315401862523E-007   9.9306785231846179E-012   8.7553579520010011E-019  -4.1482007352853187E-019   8.7192858050045691E-019  -4.1946786715434694E-019   4.4436079605244425E-019  -6.2001482467123164E-019  -1.5916522968118516E-018   3.7801741350835860E-019  -4.1639292901226475E-019   1.0971899463953743E-018   1.1155602685683653E-016   8.9468567765590824E-016   3.4730818294300461E-016   5.3662470788050948E-005   7.4280016173509624E-017   2.2435013349335531E-016  -2.6831235376574074E-005   1.3775265665045201E-017  -2.6831235411103681E-005  -2.9781207101288801E-016  -4.1774197565974478E-019  -8.4292407907539883E-019   1.4665575760734836E-016   2.6085157669933360E-019   3.7694720759375420E-016  -5.2477046944006861E-019  -3.2176114193363393E-019  -2.7270700321363468E-019  -2.5296464502276625E-019  -1.6859216544438322E-016   1.9775941489009601E-019   1.4800979716767802E-016   5.0731252346541243E-019  -3.0432528470931261E-016   4.0154523828539817E-012  -1.1199529061164431E-018  -1.4452480595360856E-018   4.3202359896576975E-019   4.9102620302411774E-019  -8.8557060138621036E-020  -1.2580132874118009E-019  -2.5108679485538772E-018   5.6832829128283074E-019  -1.2657464810715456E-018   8.1279341302996723E-019  -3.9823480744101996E-016   4.3062473893181717E-016   1.5127222699768861E-016   2.4406835012404085E-004   3.1598165179403024E-016   1.0237540392895463E-015  -1.2203417498206140E-004   6.9723044341323672E-017  -1.2203417514130787E-004  -7.7539847589904148E-012  -1.5019321088234435E-015   7.8212036171913865E-016   2.2318629317326824E-016   9.9997110050681413E-004   1.2991425312891837E-015   4.1875799678257598E-015  -4.9998554994692360E-004   2.7187021202040815E-016  -4.9998555055634562E-004  -7.0348400718116836E-012  -2.3343763408880812E-015   1.3511428812562255E-015   4.0381919536677740E-016   8.2304413262527588E-013   1.1045582200552649E-015  -5.7342387152650463E-015  -2.4900896329988660E-015   4.0214062966677185E-012   2.0981679953645838E-012  -2.4459541105083719E-013  -5.8410512771406909E-013  -8.3228258549416491E-013
  -2.6829787404313975E-018   1.8317623704556007E-017   8.3741965179234951E-018   5.9629753289113717E-018   2.5807561900369727E-018   6.7563168696327763E-007  -1.5108005053265477E-019  -1.6972478740217840E-018   2.0786924804248933E-018  -1.7153710303141566E-018  -7.0283571774323516E-017   6.3674804172200092E-016   1.9254579048110976E-016   1.1903082149845039E-015  -1.6411624727317335E-016   1.4639609422672737E-015   4.7144360485337755E-016  -6.8079820138662338E-019   4.0478630642804101E-007   1.3132437178679976E-019  -2.3266009672425913E-018   1.8964962760572376E-018  -1.4516547581085025E-019   2.8488252908895391E-015  -7.2755936087774484E-019  -6.6048564011571679E-019   2.6824667924214586E-019   5.1688433655595669E-019  -3.3384164852842752E-019   2.3242711612901916E-019   6.9352163429743051E-019   1.6837155096449283E-019  -7.4575598362909614E-020   1.2545760823772885E-018  -1.2757992144884172E-016   1.2056573605917238E-015   3.6483734563190304E-016   1.2172087530746820E-016   5.3662470829644223E-005   2.7557538174330666E-017  -1.1862004380292074E-016   1.6229057681693450E-016  -5.0819467802518829E-017   3.9109562786276294E-018  -1.3628591090275592E-016  -1.5546295728201662E-019   2.5018541274632440E-018   6.0749548139149629E-019   2.6771904120162528E-018   9.7245842468660762E-017   3.6065928928952399E-019   1.3482137733692923E-017  -4.5624200057218679E-019   4.6840608146767827E-018  -3.0270128893425222E-019   2.6815460106235738E-018  -3.2363742388101835E-019   4.9512824750642070E-018   1.5688212364626587E-015   2.8368290156425727E-019   3.4899851889475345E-019   5.7288074437354860E-019  -3.0183295319936349E-020   1.3969752664853057E-019   4.5260079025782695E-020  -2.2261274480252592E-018   9.6599593630126821E-020  -6.3185217668873674E-020   1.2647600769519579E-018   1.8951313564293347E-016  -1.8384381429826821E-016  -4.1926067072296982E-017   6.0484179853157749E-016   2.4406835030360796E-004   1.0918682507054934E-016  -4.8191576211446733E-016   7.3611939095392525E-016  -1.5185238204341959E-016  -1.1722174741031005E-015   7.6885635458194326E-016  -1.6208716301498461E-015  -4.9797937735190080E-016   2.5045831732304150E-015   9.9997110126867584E-004   4.5880157653569159E-016  -1.9457660765704177E-015   3.0207975873553818E-015  -6.0373437539879843E-016   1.3287753698544080E-016   1.1886305912999758E-015  -2.3815005957615289E-015  -7.2146524877896454E-016  -2.7332008906006543E-016  -1.2290889530556936E-015   2.2117155548952231E-015   5.9206699347566546E-016  -5.6718993746792599E-017  -2.2117590343864644E-016  -1.6086312294706034E-016   4.1721475253502266E-017  -1.0635665041147155E-015
   1.6782245857952406E-019  -9.8314548024943982E-018   3.8447082314093629E-018   8.8478748322573201E-018   1.6529639853639299E-018  -1.5108005053265477E-019   6.7563168642449988E-007   2.4912648983283518E-018   7.3000455762947219E-019  -5.7564975875161366E-019  -2.7773082253970325E-017  -3.1552180596009235E-016   1.6740684218498222E-016   2.3211196829303652E-015  -5.4116233350729743E-017  -7.5271883989573916E-016   3.7870657802527671E-016  -1.8157456057815516E-018  -2.3076736215323597E-018   4.0478630730951458E-007   2.9773266798779261E-018   1.0371678678553384E-019   3.7096751610802479E-018   5.8630699585280424E-015   1.0095565165653731E-019   1.2965886374718028E-018  -3.5034845540519449E-019  -4.3402214543307232E-020   6.2383233872114872E-019   7.5648441766728994E-019   5.6749402456954685E-018  -5.5376221117996643E-019   2.5006709274054631E-018  -1.8370951204405356E-018  -3.9473076772975896E-017  -6.0039126523898457E-016   3.1799407917050455E-016  -9.9298147891919540E-017  -3.2441428391584066E-017   5.3662470805590296E-005   7.6104410475087069E-017   5.8396587240151259E-017  -4.6864593573045904E-018   3.2367626839859413E-018  -5.2279896795622306E-019  -7.9598849362599525E-017   2.2374220144437410E-018  -1.5634185436728153E-018   1.7043507082781805E-018  -6.0952264935119787E-019   6.5462754007924339E-017   1.3052231227394878E-018   1.8739189068304107E-017   3.7797327538118805E-018   5.2236498250918039E-019   2.0085746486878957E-018   6.1684423781981413E-019   3.3591876304154988E-018   2.6968627225010079E-015   4.2205246294146192E-019   3.5800962640689527E-018  -1.2985888430660449E-018   7.6581944631638011E-019  -1.8749141372723997E-019  -4.1716692649555041E-019   5.4352819122896554E-018  -1.4232142290320675E-018   2.4140847619470352E-018  -1.9019048118509804E-018   2.3319397938987000E-016   9.1235380736759500E-017  -1.2842159048461144E-016  -4.2777525243519107E-016  -1.7018465030737971E-016   2.4406835020911868E-004   4.0255795297526656E-016   2.6524034697073585E-016   2.3131708275527434E-017  -4.3702095703175526E-015   8.5320612250476800E-016   8.6574353258837885E-016  -6.8225998306038881E-016  -1.7134187126525998E-015  -6.7996737024557424E-016   9.9997110086885222E-004   1.6679387582172931E-015   1.0852624675557068E-015   1.3085777739509619E-016  -3.1930008170894479E-015   1.3321386182309783E-015   1.2565567505163819E-015  -1.0320787182374132E-015   1.9353690942155362E-016  -1.9885052050234581E-015  -7.7343115005588322E-016   1.0030952951068864E-015   1.9754867240266098E-015   9.3010940844138356E-016  -3.2905466813231517E-017  -2.7126859361807670E-016  -3.6695028330180617E-018
   1.0387729654704410E-018   1.8294731179184852E-017  -1.2045957658686440E-017  -4.5762897869837813E-014  -3.3781584255746859E-007  -1.6972478740217840E-018   2.4912648983283518E-018   6.7563168704800062E-007  -9.4088191835288404E-019  -3.3781584449134333E-007   6.7968903151627912E-017   5.8820749914759132E-016  -3.6824343624692676E-016  -4.1277081602538526E-012   1.5411884580558694E-016   1.3591200009739358E-015  -8.7598723901681531E-016  -2.0239315421900673E-007   7.8743037973809489E-019   4.7642902635576929E-019   4.0478630634519616E-007   2.2570945898357808E-019  -2.0239315214151949E-007  -1.0854228849160733E-011  -6.1780094349127360E-019   2.5322289957195980E-018  -3.6124125112479378E-019  -1.0420741095058587E-019   2.8089475016078027E-020   5.6644003040662024E-019   6.2192694421885858E-018   2.7598534611612991E-020   2.2582298922526460E-018   1.7220332313566393E-019   1.1236868883279342E-016   1.1293238039982298E-015  -6.9056990358385970E-016  -2.6831235376937787E-005  -3.2449603499529180E-017   1.1126432469439609E-016   5.3662470835282792E-005  -5.4448690540570847E-017  -2.6831235457804385E-005   2.8988370612098733E-016   3.7080960262762070E-019   1.3106605616230160E-019  -4.3068515514427441E-016  -2.6985443847476201E-020  -2.5758731403363607E-016   5.3933998369139241E-019  -5.1658199562434701E-020   1.5419894512405167E-019  -2.8178811449757269E-019   2.1535144525820142E-016   2.6205965083959174E-019  -1.3275804288715513E-016   1.0318040760911058E-020   1.2543001282991117E-016  -4.5152546480261597E-012   5.2842402305070887E-019   2.2604266711609329E-018  -8.0047492098680655E-019   2.1965055111765353E-019  -1.7761597904775338E-019  -1.1194376028101108E-019   5.3007200078700208E-018  -1.2077455888524818E-018   2.7080056713616523E-018  -1.2459841360255649E-018  -2.6281959549264839E-016   5.3501190040962396E-016   2.0057849359151737E-016  -1.2203417498395912E-004  -1.4221646776568369E-016   4.9816425351561504E-016   2.4406835032073583E-004  -2.4977728165176689E-016  -1.2203417533646679E-004   9.1065634578485028E-012  -1.0534802384331105E-015   9.0022636476617640E-016   1.2980856496245250E-015  -4.9998554995569426E-004  -5.7975182197703834E-016   2.0454123504260155E-015   9.9997110132944624E-004  -1.0236810603723817E-015  -4.9998555137370688E-004   8.1912783416911703E-012  -1.6266282056278184E-015   1.5745604524917085E-015   1.9405147000994572E-015  -9.1109191633792599E-013   6.7482249314505071E-017  -6.3440954687591107E-015  -3.1798156634102055E-015  -4.7640902789530645E-012  -2.4622550577651685E-012   2.8790037303337353E-013   6.8275344350691640E-013   9.8033409950387931E-013
   4.2235827891891580E-019   9.5036371233303102E-018   1.4624358336176223E-018  -3.9165366955089177E-018   2.1192879333107187E-018   2.0786924804248933E-018   7.3000455762947219E-019  -9.4088191835288404E-019   6.7563168667394981E-007  -3.9871035076025091E-018   2.7754841370903717E-017   2.6737120147059063E-016   1.1369606213300600E-016  -6.0954361622348765E-016   5.9129787640944089E-017   6.3417689390721500E-016   2.4438006150017903E-016  -3.0030353618607597E-018  -2.7462282137563894E-018  -8.1228129737968480E-019  -3.4142209398342417E-018   4.0478630662912420E-007  -3.4899414239843863E-018  -1.9417184500729485E-015  -5.5920038571100102E-019   1.9797461714615205E-019  -3.0830458175625712E-019   4.3103725227873710E-020   6.7794835308409258E-019   2.2836767308867689E-019  -4.2916612858642622E-019  -6.4699136734817515E-019   9.6411098997534759E-019  -1.4055873145320102E-018   5.3639152135668177E-017   5.0054291700496800E-016   2.1651085949278594E-016   1.1632948278665882E-016   3.9385404789120167E-018   5.8963091338298219E-019  -6.1005432303995417E-017   5.3662470818016642E-005  -1.7105264156257236E-016   6.2149682790191067E-018  -2.1410315670336986E-019   2.8315189989520246E-021   4.5609201092332140E-018  -6.8298048455514528E-017   3.8958219346794325E-018   4.3093221543062591E-019  -4.1630332067306662E-019   8.8338209814452328E-019  -1.7720747308701332E-019   8.0194751374628687E-018   8.3134805009523368E-017   4.5411723489504559E-018  -5.4018936268132357E-017   5.7902404852342723E-018  -2.1361299543595088E-016  -2.6104208871017969E-020   3.2749391449012996E-019  -1.5412817200007082E-018  -3.5101276250151411E-019  -2.1273681361649538E-019  -1.0184022147460455E-019   2.1941390399293610E-018  -1.3087945280705307E-018  -1.2677534691766037E-019  -3.0612477831904564E-018  -5.4492834656604898E-017  -3.7300828287674368E-017  -1.4236004625160945E-016   6.6250181650801854E-016   1.3065630213660496E-017  -1.3907729921877212E-018  -1.2565194059665300E-016   2.4406835025153669E-004  -6.4935447453611130E-016   3.3071768411741623E-015  -2.1534966578672938E-016  -5.9977708469851076E-016  -6.3031718548573437E-016   2.7316144738458995E-015   5.6748255355374335E-017  -4.6764340319333171E-018  -5.0143064986155868E-016   9.9997110105444834E-004  -2.6226222290313628E-015   4.6418887616206299E-015  -3.3550366582616062E-016  -8.6019578202269421E-016  -9.6732443160604241E-016  -7.6742084377686742E-016   8.5746715177723285E-016   1.1428041621775576E-016   1.4424748511667417E-015  -2.1937942246105186E-015  -1.3208484558709068E-015   2.2672663710224460E-016   3.0961541381415587E-016   8.4042919041478718E-016
   2.5398826802646126E-018   7.3885408727101705E-018  -7.3090817067199244E-018  -5.4534681060940453E-015  -3.3781584337828602E-007  -1.7153710303141566E-018  -5.7564975875161366E-019  -3.3781584449134333E-007  -3.9871035076025091E-018   6.7563168786892663E-007   9.0656144505892677E-017   1.8758826025324871E-016  -3.2389145055500887E-016   4.0535788504579753E-013   2.1103578899945502E-016   4.5842599766971649E-016  -7.1377089996540223E-016  -2.0239315402130588E-007   9.9239349161490538E-019  -1.0157923038296200E-018  -2.0239315216168030E-007   4.7244386202589953E-020   4.0478630615972369E-007   8.6939650319319092E-013  -2.5773485431488667E-019  -2.1174089356537987E-018  -5.1068732579097018E-019   5.2367527993071867E-019  -4.7245027106383823E-019   5.3574794972075662E-020  -4.6276171323793356E-018  -4.0561595169041356E-019  -1.8418369688979606E-018  -1.2693932694146948E-018   1.7720652113913268E-016   3.9004445888936604E-016  -6.1102330414473980E-016  -2.6831235410992902E-005  -1.0790163090675157E-016  -5.2177821072634162E-017  -2.6831235458773157E-005  -1.8240913655887664E-016   5.3662470868852246E-005   7.9283652336048362E-018   4.6932373206134145E-020   7.1185802249672435E-019   2.8402939656802948E-016  -2.3386613258437586E-019  -1.1935989321340671E-016  -1.4569514332045534E-020   3.7341934184773985E-019   1.1850805808586862E-019   5.3475275961040813E-019  -4.6759279570792948E-017  -4.5981906611272650E-019  -1.5251753756674164E-017  -5.1763056399812337E-019   1.7889527137326989E-016   4.7913139684381896E-013   5.9152888388060054E-019  -8.1517859398055241E-019   3.6845132118118405E-019  -7.1067675673994908E-019   2.6617303918316809E-019   2.3774508934294755E-019  -2.7898520894848097E-018   6.3941730566858557E-019  -1.4422591682143816E-018   4.3319071771798239E-019   1.4212904785748398E-016   5.6714834290820215E-016   7.6463850513250074E-017  -1.2203417513953478E-004  -4.7427116124296129E-016  -2.3278807998968439E-016  -1.2203417533896752E-004  -8.3457278059366956E-016   2.4406835047752079E-004  -1.2796999099464915E-012   3.3796295606645705E-016   1.6728630344157187E-015   7.2796696097335026E-016  -4.9998555054887894E-004  -1.9505921026969052E-015  -9.5130398392250787E-016  -4.9998555138372350E-004  -3.4052119495858756E-015   9.9997110192901243E-004  -1.0820023238191237E-012   5.5766375081961947E-016   2.6804123382838375E-015   1.0673431526108832E-015   8.5181424364557873E-014  -2.1407448810545205E-015  -4.9264234601590165E-015  -2.3781629827562613E-015   7.0679816122166651E-013   3.4955705192838256E-013  -4.2428594921970646E-014  -9.5382116015528586E-014  -1.4706360386096741E-013
   2.3069810034608241E-003  -2.2567554387202464E-015  -3.8743935320176613E-016   3.7349822500974758E-015   6.5961632108988685E-017  -7.0283571774323516E-017  -2.7773082253970325E-017   6.7968903151627912E-017   2.7754841370903717E-017   9.0656144505892677E-017   7.6251125704560954E-002   2.5492275751558340E-014   1.1294963526446305E-015  -7.5509135746325285E-015  0.17655679699904009        2.1941969869355355E-014   2.9533850501423150E-015  -2.3534182530565457E-016  -5.5585909400956389E-018   3.6534059258224398E-017  -4.4347436733046238E-017   1.1023940551287830E-016  -1.5924257088238715E-016   1.1287028981148074E-014  -7.4382024609513902E-013   7.8487844495220709E-016  -6.4050797396180708E-017   7.9153798990657428E-013   8.9639303188181468E-016   1.7064053770596573E-013  -3.5014256384845821E-016  -2.4638051154180047E-016  -2.2604466438694224E-016  -4.9065249658188013E-016  0.14597652840437780        2.6881512437790013E-014  -4.9082499411204243E-016  -6.2613095496987257E-017   1.0068339444487614E-017  -5.4985747221789672E-017   2.9753673437948616E-017   9.9949984999039123E-017  -6.6408109256478652E-017  -1.6878481531729376E-016   1.3338329623936038E-017  -5.3882913867768397E-017  -9.5124593763462372E-017  -2.5542777837968874E-017  -9.4593428895665310E-017   3.6812607954808689E-018  -2.0720144236389009E-017  -7.5855408499332114E-019  -3.0516455771244136E-017  -1.8610944291218804E-016  -7.3666937057846088E-018  -1.2280293901095948E-016   1.2832936076785019E-017  -1.3046335235993377E-016  -5.9597700184759272E-015   6.4837331506707919E-013  -1.0257521787441005E-015  -3.6747680231541428E-016  -1.3550398812269615E-012  -1.9859071606263225E-015   4.9693629531551219E-013   6.4538031873733976E-016  -1.0261026975122557E-016   2.9507204944824485E-016  -8.6341072329886132E-017   1.7092665454359130E-002   7.7584227061897212E-015   4.6761673288313382E-015  -4.7789000058295101E-016   3.2041334713571089E-016  -8.6945150150072217E-016   2.4324764239909630E-016   2.5959763417185870E-016  -3.0313859028696178E-017  -1.9093794551406736E-015  -5.8617824474617330E-002  -2.0189389202443954E-014   4.0884709619701594E-015  -1.6295101258039764E-015   1.2430946178285411E-015  -3.4968342748578805E-015   1.0091110945666264E-015   1.2032615709117162E-015  -5.0620072145532116E-017  -7.5321564247442856E-015  -7.2548011118851952E-002  -1.9003901562249950E-014   9.9848991075238606E-015   2.6855824263306089E-015   3.6649620536537836E-002   1.1932218828648482E-014  -6.4304548163356197E-015   6.4221803226959815E-015   4.2255847476436033E-015  -2.2153553408530460E-015  -1.4033564426544586E-015  -1.1589667667873421E-014
  -2.6721995605483285E-015   2.3069809953896172E-003  -7.3611834918233853E-015  -4.3133883474055398E-015   4.5891715261442939E-016   6.3674804172200092E-016  -3.1552180596009235E-016   5.8820749914759132E-016   2.6737120147059063E-016   1.8758826025324871E-016   2.5492275751558340E-014   7.6251125762973243E-002   6.6428469418479633E-014   4.5542859621099166E-015   1.0156581628582368E-014  0.17655679704191596        4.5865081227578571E-014   8.0230587257866212E-016  -6.6700313500315083E-016   1.6574955977019379E-016   8.0753001360385358E-016  -1.8483696251361906E-016   1.2527173548068857E-015   1.4714449125625681E-014   2.0349009644950066E-015  -7.9886725504897378E-013  -2.0080324672177983E-016   1.6970466885709450E-015   3.0177531165444568E-016   8.2730820103268012E-016   7.3833282114361134E-013   1.8930694284693869E-015  -2.8625169262727174E-013   1.1561095816799839E-016   1.7487241481165026E-014  0.14597652845979431        6.8899190537711987E-014   5.4413136067265809E-015   6.4674363852333647E-016   3.7406949903572283E-016   5.2140361087932398E-015  -5.3559792603123353E-016   4.5842722017128705E-015  -1.4592753255153873E-015  -1.1457542918126550E-017   1.8854544261025271E-017  -8.9127759882648598E-016   7.7833230332168084E-018  -8.6259155641219128E-016  -3.0175972366640551E-019  -5.1686391712835680E-017  -4.9763759012871719E-018   1.8586301607592692E-017  -1.2971261994089132E-015   7.4512482939467679E-017  -9.4019392411248325E-016   6.3526544518172954E-017  -1.2939010853730253E-015  -1.0258830894435024E-014   3.2434000732811594E-015   9.3438248507071244E-013   1.0257124374535113E-015   2.8407629589145729E-016  -2.3722802441737669E-016   1.4796628123581586E-015  -1.5841092003693341E-012  -2.7452564255580235E-015   1.1532666179953597E-012   1.9340489416222015E-015   9.5174876458767215E-015   1.7092665472351821E-002   1.4006496932227096E-014   3.6706597430099970E-015   5.7171827055983365E-016   1.2458844231698652E-015   2.7943697285897582E-015  -1.2715255213119591E-015   1.6214851869410801E-015  -5.1483847955916711E-015  -1.6148324898027682E-014  -5.8617824520843693E-002  -5.5083238905967005E-014   8.5942203275057766E-015   3.0418429839304924E-015   5.5455932187558737E-015   5.1393026221996172E-015  -5.8844868657520780E-015  -2.9641584764732426E-016  -5.0555512407760329E-015  -1.4020633559918551E-014  -7.2548011162201068E-002  -5.8772726263977130E-014  -4.7223955470203876E-015   1.1520881264202737E-014   3.6649620563750311E-002   2.9023494864831947E-014  -7.3721432433426783E-015  -6.1660741823728412E-015   4.4136311389697505E-015   2.5676604768334132E-015   2.2048414497039187E-014
  -3.9267359182493526E-016  -7.5916219763232555E-015   2.3069810014115792E-003   2.8062204057179687E-015   1.8238243815504421E-016   1.9254579048110976E-016   1.6740684218498222E-016  -3.6824343624692676E-016   1.1369606213300600E-016  -3.2389145055500887E-016   1.1294963526446305E-015   6.6428469418479633E-014   7.6251125717910401E-002  -4.5110059404919603E-015   9.0984335095626049E-017   4.2656334654554807E-014  0.17655679700574459       -7.7373254972935995E-016  -1.3036046707777524E-016  -1.4788854212401012E-016   1.1809295969139426E-016   1.2264617444808968E-018  -2.2166863788250611E-016   1.5468845815600010E-014   6.8746286116229061E-016  -8.6909637754416019E-017  -5.7397978492820573E-013   1.9391149921501080E-016   7.0865938562468384E-016   5.6801207967784188E-016  -1.9408035017675351E-016   5.5352268702239941E-013   1.5021094294572830E-015  -3.0011980644103768E-014  -3.6905813219973523E-015   6.8320622655197116E-014  0.14597652842211270        3.3217706218194148E-014  -5.0521569338663138E-016   5.7110932839036201E-016   3.3072549095601138E-014   7.1187478309266685E-016   3.2228301626420039E-014  -9.4375157420554271E-015   8.4642781206269324E-018  -1.0188378908674189E-016  -5.5453999139146968E-015  -6.7434596453194377E-017  -5.5968984606691262E-015  -5.4835155525774738E-017  -2.9405140154996130E-017  -1.9457256126043952E-018  -8.3755179453662310E-017  -9.4029307736199287E-015  -1.6983092772232368E-016  -5.5861709532523848E-015  -1.0951973463212157E-016  -9.5822934330491911E-015  -1.2545421402287469E-013   9.7700432120840209E-016   7.9087444052466415E-016   2.7725371352227172E-013   4.7613684256722402E-016  -7.9088940514182519E-016   1.5815844212622629E-016   1.8201535186018071E-015  -1.3532266033281553E-012  -2.6064404041103327E-015   7.7435262651937339E-013   5.3351024490949160E-015   1.5113188906709983E-014   1.7092665454986319E-002   1.9991628094086294E-014  -2.7005753812019549E-015   7.8032502533125700E-016   2.1913578589652642E-014   1.5562047240734176E-015   1.6469985914838452E-014   9.8507085180249027E-015   2.9635359748438592E-015  -4.7140836363140723E-014  -5.8617824487945516E-002   3.3713634271768790E-014  -1.1065584112536950E-014   3.8261816784439575E-015   4.0188534309376583E-014   6.9969529112589696E-015   1.8885151926029356E-014  -1.5840604133785304E-014   8.0854434000492281E-015  -4.6932873859788515E-014  -7.2548011133344262E-002  -7.9685839052446714E-015  -8.5319580479281297E-015   1.3911398147155819E-014   3.6649620546199690E-002  -3.4837816102853764E-015   8.9757988320961066E-016   1.8845533440160929E-015   1.6055563836918827E-015   3.7053549298896316E-017
  -2.6360303797975959E-016  -1.2310188552375618E-015  -7.3714122763963140E-016   1.5174840407659537E-003   3.7020550821791123E-012   1.1903082149845039E-015   2.3211196829303652E-015  -4.1277081602538526E-012  -6.0954361622348765E-016   4.0535788504579753E-013  -7.5509135746325285E-015   4.5542859621099166E-015  -4.5110059404919603E-015  0.14039122188757563       -2.3555300283398795E-014  -9.0750273180404837E-015  -1.5158993632179520E-014  -8.4294621553336363E-012  -2.9061412317060167E-015  -5.1405619286333566E-015   7.1805849531320617E-012  -4.9512628589958118E-016   1.0130109550133087E-012  0.36468825420483075        5.2089484947360486E-015   2.3294622332827970E-016  -9.4855357688579381E-017   2.3418958153736393E-015   3.3730944049069734E-017   2.1919259646980821E-015   5.1250970199928047E-016   5.3777117269382613E-016   3.0925724630219905E-016   4.8539002762433678E-016  -3.3009994493761556E-014   1.3314166927077456E-014  -1.0666004234473154E-014  -1.3102971941684394E-011   5.9301329014420593E-015   8.0208997741073754E-015   1.7270960572565887E-011   4.1538884939295296E-015  -2.6907295872133960E-012  -2.6535615970009003E-012  -8.7365725037018650E-017   5.2966813172867779E-017   6.8106901923324797E-012  -5.3457921057497351E-017  -2.7367724319513048E-012  -8.8417675202093396E-017  -6.2469291672859323E-017  -3.8205753943960204E-017   3.9595219288275895E-017  -1.6888706168122593E-012   1.9328894733683566E-016  -4.4581089783573457E-012  -2.5026229607105870E-017   3.7432857746720308E-012  0.16109626155514023        6.9456757135119540E-015   2.9606538888851435E-016   3.2532669591015893E-016   3.1504024802767865E-015  -1.3438678765124722E-017   3.1250083749496180E-015   7.1128285578264268E-016  -8.9089036362506958E-017   2.2864472706590265E-016   2.9593654498531340E-016   1.4451822893311842E-014  -1.0189437548537946E-014  -7.4674820388154974E-016  -1.4634227515500137E-011   1.6011519389031066E-014   1.2663263591194508E-014  -1.5378843275427304E-012   2.3448974764594599E-014   1.6754797897250724E-011 -0.23544595707178032        3.0590176327666187E-014   1.6143265561570597E-014   4.0088852508425875E-015  -6.9450112974376243E-011   6.0117194849872973E-014   5.8550121396720621E-014   2.3637104100658527E-012   7.1222933356370117E-014   6.6612933775727468E-011 -0.16824172836922885        4.8050675796936133E-014   1.1266881144928346E-014   5.3438162371556082E-015   1.2771878671350387E-002  -1.0944900345262720E-013  -3.9015383541015985E-014  -5.1375575950700863E-014   8.9954746705864105E-002   4.2809248465043165E-002  -4.8043869705654196E-003  -1.1890266368676164E-002  -1.7090344351731686E-002
   5.3418493114840444E-003  -6.6988924533140739E-015  -9.8032980919889985E-016   8.5291368017382031E-015   1.5289958553345011E-016  -1.6411624727317335E-016  -5.4116233350729743E-017   1.5411884580558694E-016   5.9129787640944089E-017   2.1103578899945502E-016  0.17655679699904009        1.0156581628582368E-014   9.0984335095626049E-017  -2.3555300283398795E-014  0.40881366854073320       -6.2266380950163540E-014   8.6921492439804418E-016  -5.4227434668333553E-016  -1.5687127367293842E-017   8.8458907355752271E-017  -1.0652320745600341E-016   2.5262666947486095E-016  -3.7444863382494741E-016   9.5089048081431274E-015  -1.7222798369450171E-012   1.8187125818267331E-015  -1.4766122535549341E-016   1.8329062871162379E-012   2.0752196145637507E-015   3.9500443615668395E-013  -8.1243412310127552E-016  -5.6965851331263041E-016  -5.2169445908131644E-016  -1.1369274654479578E-015  0.33801200339029042       -3.1074549098113258E-014  -6.3440885353135615E-015   9.3252758479944361E-017  -2.3516815546330404E-016   4.7157150591454244E-016  -7.3372662537803384E-017  -1.0430934285969238E-016  -2.3251640910339148E-016  -3.9094225571857560E-016   3.0848715283244392E-017  -1.2445612225509876E-016  -2.2404191423646941E-016  -5.8704666851310256E-017  -2.2333250998724226E-016   8.4939998567934511E-018  -4.8103689355017644E-017  -1.5512788220188961E-018  -7.0743692082909289E-017  -4.3170826514084775E-016  -1.7145611827851232E-017  -2.8728891804102016E-016   2.9518477185063252E-017  -3.0264092396303825E-016  -2.0077561301955405E-014   1.5015475271856454E-012  -2.3741251384195904E-015  -8.5078414319946052E-016  -3.1381280473325588E-012  -4.5984145454347299E-015   1.1509362591197804E-012   1.4930792907410056E-015  -2.3758339333555904E-016   6.8464726661607809E-016  -2.0147991805310730E-016   3.9779111346052803E-002   1.2524379895390454E-014   1.8745671233190089E-015  -3.2995591135729355E-017  -4.3511015226516198E-016   7.1796348812065959E-016  -1.1066858118536095E-016  -9.2417628576658805E-016  -4.6268354061715725E-016   1.6156493631168574E-014 -0.13502997202555519        1.0167281574887936E-014  -1.8040972059202632E-014   6.0946643673925111E-016  -1.9454168796091065E-015   3.0836062344695533E-015  -4.3138226482188557E-016  -3.4717512513895700E-015  -1.7292689382311908E-015   3.2627618818058334E-015 -0.16688569262860831        3.2803726610552499E-014  -2.0620017002049080E-014  -1.1597120681326026E-016   8.2661049759742977E-002  -1.8143819638475349E-014   1.5499874518884561E-014  -1.3222677811954387E-014  -6.8375628202869514E-015   4.4034733614394013E-015   2.7301671464957529E-015   2.4873917971601696E-014
