   1.8227209186162326E-005  -9.6255939024571853E-017   3.5718221892134063E-018  -7.7017166332718874E-019  -8.5027122532053402E-017   4.7762796404051368E-018  -9.6197646487004798E-017   1.1138772138349547E-016   4.3223137197845805E-016   4.7772278079903740E-016   1.3350028315463687E-003   9.9282943293367343E-017   4.0961541142443206E-016   4.4712233597469842E-016  -1.9951678111348809E-016  -4.7209313184499062E-019   3.3388964133118433E-020  -2.1830527138939641E-016  -3.2059382023831573E-018  -2.0554275544087067E-016   3.5299642942885228E-003  -3.5436192152676690E-020  -1.0837833966171251E-019  -2.8532868865263637E-019   6.9822259477352251E-020   3.0548611103873614E-023   6.5040561433139619E-020  -2.6334425805520767E-019  -2.7957358938895257E-019  -7.7410111095828089E-020   5.5534214638537433E-020   1.0688428301230425E-016   4.2425329604602437E-016   4.6253128312554462E-016   4.3897020741750342E-016   4.9200462320968125E-019  -4.7936816070496506E-019   3.6138421257412443E-016   2.6768197941067486E-019   2.8036367858141388E-016   2.0141174790388569E-003  -2.5777334704321668E-016  -3.5206433281854891E-019  -7.7125467829048849E-020  -1.6737115870767210E-016   2.5705750083731543E-020  -1.8820371960931309E-016  -3.3985388722025030E-019  -2.4356866372641477E-020  -2.8249508346895091E-019  -2.3690309494263262E-021  -2.8516750068557013E-016   7.0498636469572296E-020  -1.6591582861979102E-016   6.9138487661115160E-020  -2.7476579766425730E-016   9.3282329086371100E-017   3.7384398658584091E-016   4.1094320941104822E-016   6.4804766907194758E-021  -6.4998174733528591E-020  -6.5689566666000001E-021  -6.3080513970974196E-020  -2.1159836984446324E-022  -6.2497769580733127E-020  -1.6405915692845819E-019  -4.1142705413360089E-020  -8.4815346872068730E-020  -1.3154151377359684E-020  -2.3871369129595900E-016  -1.5728349616989796E-019   2.6407633060392845E-019  -2.5069166196543352E-016  -5.2586643973670552E-020  -2.3899327891257611E-016  -6.6148672313487216E-004  -1.1329671057165062E-003  -1.0327200551808679E-003  -1.0025225136518046E-004
  -9.6255939024571853E-017   5.1349456484479330E-028  -1.7591772014720323E-029   3.2213802999016247E-030   4.4904970272373783E-028  -2.5316151460728063E-029   5.1222037078682199E-028   1.2367784473625246E-016  -6.4110595087000905E-017  -1.3077673048396949E-016  -7.1160361923121965E-015   1.1569297209060971E-016  -5.9971495330735524E-017  -1.2233354051605995E-016   1.0515860462321146E-027   7.7176185262871341E-031   8.3531761360972341E-031   1.1583986143207903E-027   1.6612167975846589E-029   1.0882468725712895E-027  -1.8800815497549871E-014   5.3008623540224081E-030   7.3161104599760264E-031   2.0363818498483815E-030   1.6637747300951770E-030  -3.3803766801495539E-033   1.7123598477078158E-030   1.4820442574930377E-030   2.3391561023363383E-030   5.7015155719540980E-031   1.2468900417771621E-030   1.2077216338107916E-016  -6.2604383839472095E-017  -1.2770426824734232E-016  -2.3508948915505542E-027  -1.8673903949675200E-030   1.4802597195272762E-030  -1.9319144080783133E-027  -1.3182571416788042E-030  -1.4992485594193011E-027  -1.0762912669074496E-014   1.3576775323247040E-027   2.0770631996139625E-030   5.5694715068940599E-031   8.8650192170118734E-028  -3.0956124397696643E-031   9.9751916977399731E-028   1.9625345975290393E-030   1.5728943478304378E-031   1.7315685389277827E-030   1.2775300294706397E-031   1.5049402668598660E-027  -6.0353126320379076E-031   8.7687277678302896E-028  -5.7008195537111106E-031   1.4520227345429770E-027   1.0624292438548722E-016  -5.5072896205972443E-017  -1.1234107707664433E-016   3.7181417643589730E-030  -3.5477340334967285E-031  -8.3514239998552313E-031   1.9718597714652133E-030  -5.9661776217188044E-035   1.9530501567390210E-030  -4.9638592701212436E-031  -6.6436320049871185E-031  -1.3384377565984779E-031  -1.8441624334984535E-030   1.2366013469922832E-027   3.6409168034450337E-031  -1.1697184410501917E-030   1.3086655394971129E-027   4.2265090505036751E-031   1.2477659571769210E-027   2.9901344733763932E-015   4.8929157627934896E-015   3.8237515001408925E-015   5.3479971036637401E-016
   3.5718221892134063E-018  -1.7591772014720323E-029   1.4688368071688722E-030  -2.7240951703791755E-031  -1.6782793172702433E-029   6.5775739135370759E-031  -1.7208553554129908E-029   3.5714415099147624E-017   1.1624350054815324E-016   8.6756563181978061E-017   2.4086111751285609E-016   3.3408625757576862E-017   1.0873860304819039E-016   8.1155397430264794E-017  -3.9567752720082564E-029  -1.0176832211139706E-030   2.5800632341199247E-031  -4.1327352479307965E-029  -5.3482566637954102E-031  -4.0550155748439405E-029   6.4163307940859983E-016   1.4785895646421931E-030   7.1147956744742316E-032  -7.4001070293321405E-031   6.4724688291871926E-031  -6.1597449897815259E-033   5.8862868981161112E-031   4.9815990023065315E-031  -1.0540329539815192E-030  -4.9244280929530681E-032  -1.4157330844730227E-030   3.4875342342938176E-017   1.1351248131893660E-016   8.4718308645653678E-017   7.2520596205795203E-029   1.7792124097466906E-030  -5.7593310394417112E-032   6.1727156467091981E-029  -6.8881383023696778E-031   5.1706795754933764E-029   3.5491703441246345E-016  -5.0287572568013025E-029  -5.8610630166819624E-031  -1.0920735468392052E-031  -3.1417353622964578E-029   9.0349713631058399E-032  -3.5936865298130830E-029  -5.1778590436756977E-031  -6.4216583730592538E-032  -2.3027077945637445E-031  -1.0166614204419141E-031  -5.5685272078258943E-029   2.6401089107305820E-031  -3.2730790083694305E-029   2.3809848836975700E-031  -5.5560223805237051E-029   3.0679738242058427E-017   9.9856602978309532E-017   7.4526452185055860E-017   1.0539850900793899E-030   1.1726553318210511E-030   5.1288030615999366E-031   4.2253391917014833E-031   3.9403249583570206E-034   4.5325531977162828E-031   2.3729262185907930E-030   5.3379203547577149E-031   1.0934123639566562E-030   9.8398286608121597E-031  -5.4538771955858106E-029  -4.4301286219122658E-031   3.9023171889179106E-032  -5.4389969778599522E-029   1.7078182622215733E-031  -5.2593778542054352E-029  -2.8770901171504581E-016  -5.6456254755448749E-016  -7.1452190846802825E-016  -1.7955586323881627E-017
  -7.7017166332718874E-019   3.2213802999016247E-030  -2.7240951703791755E-031   3.9484953190993639E-031   3.6347845929459033E-030  -2.8527798370396091E-031   3.5798387254350603E-030   4.5785015126982608E-018   1.1736936572251673E-016  -4.3172993427983328E-017  -4.4716622388667716E-017   4.2829049039056303E-018   1.0979178026414973E-016  -4.0385664339339123E-017   9.5645744808294342E-030   1.9645029068780761E-031  -1.8761796584320965E-031   9.0255163164251266E-030   2.8380846192039182E-031   8.6364733166022582E-030  -1.2091899238574426E-016   7.7776911668238013E-032  -3.3050471702461858E-033  -5.9298236830145991E-032  -5.5821895642272135E-033   1.3652933879829164E-033  -3.9205887500756135E-032   2.8921803648363925E-031  -7.1830375522803840E-032  -1.3190153788639808E-031  -3.2342789735875862E-031   4.4709344176495166E-018   1.1461189547086701E-016  -4.2158689190079035E-017  -1.1972378462750665E-029   3.6343584082853578E-031   4.5706958356585686E-032  -9.9569566394935099E-030  -2.6319291177287063E-031  -5.6939550439244306E-030  -6.2690572770079261E-017   1.1464595026043662E-029  -2.3317976146464225E-031   4.1719591216253808E-032   6.4963473541651784E-030   6.6599013141117559E-032   6.9027843703206431E-030  -2.0118226091824626E-031   2.2058619558367410E-032  -1.1947049355228025E-031   3.7457195685861462E-032   1.1914995527721715E-029   1.2849991428003278E-031   6.4151692576503167E-030   1.1003455365769838E-031   1.0108053652182354E-029   3.9330681339872726E-018   1.0082375444220430E-016  -3.7086877492453144E-017   1.6194453235041534E-031   1.1530657696618623E-030  -5.0260698630935394E-031   9.7882798591628969E-032  -2.4369125280325923E-033   1.1568217042944424E-031   2.3035722071540260E-030  -4.5360400414405033E-031   1.0495617626242571E-030  -9.9494612884334214E-031   1.4121730361730127E-029  -7.2353269050128455E-033  -1.5234449491364389E-032   1.3011273939051652E-029   2.2443150011410808E-032   1.2053775153149277E-029   1.1704094478939263E-016   2.4091932891337807E-016   3.3226655691531952E-016   3.2836574316315678E-018
  -8.5027122532053402E-017   4.4904970272373783E-028  -1.6782793172702433E-029   3.6347845929459033E-030   3.9675740304559931E-028  -2.2232245325959491E-029   4.4846206139393753E-028   6.9848005146981913E-017  -1.8107472277805640E-017  -5.3005591975283785E-017  -6.2247586607049340E-015   6.5338487481637716E-017  -1.6938420048780741E-017  -4.9583451960371911E-017   9.3108719007485821E-028   2.3520276336857442E-030  -1.7304971089672920E-031   1.0186644751831512E-027   1.4914122547427164E-029   9.5949308046038896E-028  -1.6459920298035322E-014   3.1587577317706342E-030   4.9666609559393671E-031   1.5628614011216765E-030   7.5814906722608606E-031  -2.6418353485925962E-033   7.8367707835306587E-031   1.1734435202953999E-030   1.6964998959430408E-030   3.7944110193198051E-031   2.5898688673237417E-031   6.8206999462543224E-017  -1.7682056192185116E-017  -5.1760281138463586E-017  -2.0448125919063691E-027  -2.6951410928664392E-030   2.1128602556365282E-030  -1.6838293235657594E-027  -1.0477405121988304E-030  -1.3071328566012823E-027  -9.3901345512231345E-015   1.2021887118703418E-027   1.7891018704830548E-030   4.1385599688780703E-031   7.8046866930451995E-028  -1.5218318469662344E-031   8.7778046561654641E-028   1.7119869878809570E-030   1.4070176098381901E-031   1.3743331411509767E-030   6.3724433686377162E-032   1.3301511368317059E-027  -4.1221961469160366E-031   7.7401818812052731E-028  -3.9886431723782377E-031   1.2821301329270337E-027   6.0001501037907537E-017  -1.5554853920094638E-017  -4.5533370283475374E-017   2.0504649309305427E-030   1.1285344561543447E-031  -3.4552992336442555E-031   1.2857363776780155E-030   3.2333041269514416E-034   1.2823072151357205E-030   3.5744192361099162E-031  -1.9805455357413020E-031   2.1029277437466290E-031  -7.2177534632336337E-031   1.1146051157140442E-027   8.1973049693414649E-031  -1.1996441368113431E-030   1.1702062176824553E-027   2.0332473983931919E-031   1.1157769586089796E-027   3.1072498851842398E-015   5.3317397423128260E-015   4.8871869502215368E-015   4.6743129326469420E-016
   4.7762796404051368E-018  -2.5316151460728063E-029   6.5775739135370759E-031  -2.8527798370396091E-031  -2.2232245325959491E-029   1.4087286868356303E-030  -2.5629421526471945E-029  -1.6826089206644183E-017  -9.1717916257223040E-017  -4.3920999397851395E-017   3.5299825981186647E-016  -1.5739765461869817E-017  -8.5796436284794236E-017  -4.1085377646765451E-017  -5.2466622905958866E-029   1.8847821731276217E-031  -4.5886781614948167E-033  -5.7528518607618169E-029  -9.4454029773891531E-031  -5.3535654920223509E-029   9.3265729804554164E-016  -6.9575906198085431E-031  -6.3228338892860895E-032   3.3489090288397793E-031  -2.6121902967387407E-031   3.0494383979546438E-033  -2.2227643030893705E-031  -4.1482045315461038E-031   5.2306463749767521E-031   3.8344010679984922E-032   9.3768748130965099E-031  -1.6430777873457521E-017  -8.9563099929591148E-017  -4.2889121543554590E-017   1.1804686771516448E-028  -7.7240260343702039E-031  -2.2530636860142479E-031   9.6424387169962117E-029   5.1646793854266492E-031   7.2333952401055978E-029   5.3386328308451957E-016  -6.8059081374475008E-029   2.4615774436574532E-031   3.0150408123683692E-032  -4.4246511758897683E-029  -6.5278007911228725E-032  -4.9297298883343938E-029   2.0433732502109455E-031   2.1393826189172270E-032   6.3422597082485784E-032   5.1162787094750584E-032  -7.4875615268520332E-029  -1.5682695187855014E-031  -4.3180221176259937E-029  -1.3779550168786833E-031  -7.0700215598771482E-029  -1.4454107985929707E-017  -7.8788401127866138E-017  -3.7729436730658338E-017  -4.9332431305454535E-031  -9.4557605269243448E-031  -2.1179285277360523E-031  -2.3204049175031130E-031   1.8962024817332777E-034  -2.5355752088748867E-031  -1.9126687309150980E-030  -2.4566855883314119E-031  -8.7859806655239752E-031  -4.1435207898540680E-031  -6.1238050182988729E-029   1.4020047116349963E-031   9.2385670925594837E-032  -6.4649328421455877E-029  -1.0098298702467813E-031  -6.1156886991803373E-029  -1.4916390139729818E-016  -2.4450474423810814E-016  -1.9230140040871165E-016  -2.6528632673197222E-017
  -9.6197646487004798E-017   5.1222037078682199E-028  -1.7208553554129908E-029   3.5798387254350603E-030   4.4846206139393753E-028  -2.5629421526471945E-029   5.1246667842197465E-028  -6.3352830178134818E-017   1.8401975328033421E-016  -1.6568900682118273E-017  -7.1086191256576458E-015  -5.9262653139578227E-017   1.7213909432023322E-016  -1.5499181508826938E-017   1.0513581151348195E-027   3.5291500814445833E-031   6.8518988573956242E-031   1.1569045457532984E-027   1.6954742843583657E-029   1.0855173209530744E-027  -1.8781925279308501E-014  -2.8962843136443229E-030   7.6918682369019752E-031   1.0903768226659882E-030  -1.3227292707744198E-030   4.2556316112152067E-033  -1.3459511878306405E-030   2.1732755268853983E-030   8.3135631699052349E-031   3.1655439775690747E-031  -1.0681279698007249E-030  -6.1864421823019639E-017   1.7969640201857907E-016  -1.6179631723777583E-017  -2.3520288857961411E-027   2.6218881396196923E-031   1.8810184415435660E-030  -1.9312389929971035E-027  -2.4435247844160967E-030  -1.4925377486489991E-027  -1.0750437578252410E-014   1.3585444298069680E-027   1.1687221742852803E-030   4.3086803277808240E-031   8.8634512227447157E-028  -9.8568173283647539E-032   9.9613427851233136E-028   1.1753257815596905E-030   9.3587157802995835E-032   1.3365375929690696E-030   2.6167251947319297E-033   1.5042092062433531E-027  -1.1239377998688962E-031   8.7530878423553929E-028  -1.3197601160169246E-031   1.4474522536451399E-027  -5.4421953750677642E-017   1.5807840745356012E-016  -1.4233175441202075E-017  -1.8194146468875076E-030   2.1258150334941476E-030  -3.2878745144811951E-031  -6.5848973833625153E-031  -1.4955054181462356E-033  -6.4227879749151641E-031   4.5464131282122148E-030  -4.3708577340886714E-032   2.1653491477334681E-030  -7.3818086988865922E-031   1.2365755560409942E-027  -9.3507370312788653E-033  -1.2712027394350744E-030   1.3077357664955546E-027   6.1847299381780258E-031   1.2456810113719093E-027   3.0120018212715634E-015   4.9412599824777815E-015   3.8981469434792641E-015   5.3422271128535727E-016
   1.1138772138349547E-016   1.2367784473625246E-016   3.5714415099147624E-017   4.5785015126982608E-018   6.9848005146981913E-017  -1.6826089206644183E-017  -6.3352830178134818E-017   7.2592603280132922E-002  -1.1082148506793773E-016  -1.8299412730208179E-016  -3.7647634349154474E-016   6.7905889233283917E-002  -1.0222537120272680E-016   6.6100192449199336E-017   1.7141371431252030E-016  -2.4336090743365401E-017   5.6889718684876019E-018   2.7638594330834624E-016  -1.2196317050171335E-017   3.1605676960388813E-016  -5.0954450601869668E-016   3.1460085312529725E-015   7.8640502949948584E-018  -3.9180092895130177E-017   1.1608901500280671E-015  -4.8762113440554356E-018   1.1495149387693590E-015   5.8476908376299165E-017  -1.4961348295269723E-017   2.3401119678400650E-017  -5.0041948814917042E-017   7.0887116138719897E-002  -1.7306294833984110E-016  -5.3682689442451423E-017   2.7011401424088337E-016  -1.5600816006960304E-018  -7.6842500178455988E-018   1.2929876929538325E-016   1.3202376679692801E-018   1.4643987401093430E-016   5.4003133111816259E-016   3.5033243639317590E-017   9.2816227121927495E-018  -2.4154747252628369E-018   3.4736275528074229E-017  -1.4732183170856298E-018   2.5128858806684966E-017   8.8228805527986304E-018  -9.0918432478213365E-019   3.9126442986141155E-018  -2.3454597655788207E-018   9.7186534222956653E-017  -6.5060177412293059E-018   4.4418589141178507E-017  -6.4946331151167888E-018   6.5260354458773488E-017   6.2359191961042094E-002  -8.3543918378875686E-017  -4.5734696954048748E-017   2.1442959737106401E-015   1.0590685644757568E-017   6.5221363464549548E-018   1.0099700282793140E-015   1.9489772113841347E-019   1.0174814476227849E-015   1.7314993614545650E-018  -8.9639716171933458E-018   2.1395284437490055E-018  -1.8051584840638776E-017  -5.0971999786435440E-018  -4.7587652903114377E-019   5.7837074955177799E-018   2.0948869207378731E-017  -1.1222836489694636E-018   1.2872134898058061E-017   2.2722257463810538E-016  -6.7349823964508802E-017   9.9255352738999557E-017  -2.0599347543957245E-018
   4.3223137197845805E-016  -6.4110595087000905E-017   1.1624350054815324E-016   1.1736936572251673E-016  -1.8107472277805640E-017  -9.1717916257223040E-017   1.8401975328033421E-016  -1.1082148506793773E-016   7.2592603280126733E-002  -4.8629860861719831E-016  -1.2644866305075081E-015   1.7644740965275394E-016   6.7905889233286360E-002   3.2606137140186240E-016   3.2969129662297028E-016  -1.3114643696221288E-016  -1.7849301336017513E-017   2.2093481442078585E-016   8.0696697204697538E-017  -1.0610270466185683E-016  -7.0826582104630421E-016  -6.4841467953458416E-017   1.6259452058148032E-017  -1.6648507796958029E-016  -1.7532224946860491E-017  -8.5657808180427692E-020  -4.1978052042028144E-017   2.2363245421514054E-016  -2.4015535571987151E-016  -6.5124844100198580E-017  -4.1986762171269728E-016  -1.7890733450373795E-016   7.0887116138720452E-002   5.4257529234431691E-016  -4.0294367033869011E-016   5.2074048509892352E-016   1.3206082603431283E-017   9.1332876982076389E-017  -2.6099731476430314E-016   1.7091616784049048E-015   7.2453281354471241E-016   2.5761135369566367E-016  -2.1208149321355705E-016  -3.0497662772328952E-018   6.8086737773742989E-017   4.5174010295633292E-017  -2.1247910215051543E-016  -1.8490854387501310E-016  -3.7357116848034612E-018  -9.0392667195925085E-017  -5.2258755886893317E-018  -3.2788926517951245E-017   1.0687494017981065E-016  -2.9316800173608761E-016   9.3954820290776642E-017  -9.8583382093442605E-016  -9.9132289223670153E-017   6.2359191961039485E-002  -2.3832118121621026E-016   1.1170837418087720E-017   7.1940153780898817E-016  -1.0289967896481828E-016  -7.3879016480670241E-019  -9.4577646715898184E-019   1.1954838257953246E-017   1.4473925894449998E-015  -7.5369651539326256E-017   6.6235816830616705E-016  -2.0711702610348836E-016  -1.3427680597362815E-016  -9.6144502612769378E-017  -3.8999648676231352E-018  -2.1913179597562153E-016   4.7879010657054088E-017  -5.0885773802649204E-016   8.5671886969309591E-017  -6.2348403784875229E-017   9.1564535228875246E-017   5.1917955648583748E-017
   4.7772278079903740E-016  -1.3077673048396949E-016   8.6756563181978061E-017  -4.3172993427983328E-017  -5.3005591975283785E-017  -4.3920999397851395E-017  -1.6568900682118273E-017  -1.8299412730208179E-016  -4.8629860861719831E-016   7.2592603280126622E-002  -1.0714764332709105E-016  -1.7013052027644681E-016  -4.4988328578619430E-017   6.7905889233286554E-002  -2.5041370768593667E-016  -7.8904504416214716E-017  -1.8525761724661685E-017  -3.9497654666789275E-016   2.3396751421633029E-017  -5.3247876046105020E-016   2.8871787194498105E-015   7.7751256722701073E-017   6.8881269207887596E-018  -3.0627609681960977E-016   4.4396030617331333E-017  -2.9552441046850311E-018   3.3280257833622402E-017   5.8729065182465589E-017  -4.6547240126347267E-016   2.1915004253406256E-017  -6.3813684135729941E-016  -1.4707880096123748E-017  -6.0579463750730552E-016   7.0887116138721951E-002  -1.3878230856422887E-015   2.6954547995490490E-016   1.9391105903133655E-016  -1.0659393054371209E-015  -1.5944121549088503E-016  -3.2335848867831948E-016  -5.2271022185089480E-016   4.9588978842271413E-016  -1.0601013557495999E-016  -7.6932916901228496E-017   2.4256290096520456E-016   3.1222980514249369E-017   1.1452425255853753E-016  -8.8646658047389639E-017  -3.4903196450736050E-017  -4.5561934027277642E-017  -7.2505988272193163E-017   3.2709807578410263E-016   6.9143097691327548E-017   6.7263347918962384E-017   6.3678463732829480E-017  -1.0244651365906696E-016   1.0586782463415799E-017  -2.2422440009849088E-016   6.2359191961039187E-002  -3.0867330651140024E-017   3.0410697227041075E-017   5.5706661518093207E-016  -1.9787247911083173E-017   1.4710283318246087E-018  -1.2958206998216796E-017   6.4712280726653619E-017   5.4514264491014020E-016   2.7521661372573511E-017   1.1220909228484666E-015   2.2331813006743443E-017  -4.8258248590379988E-017  -4.3036878337298635E-017  -4.1035445314554506E-017   2.5856548486288361E-017  -1.7062335992557707E-016  -7.4416121562806749E-017   4.7661576631083943E-017   2.5786467334735170E-016   2.2216995598360758E-017
   1.3350028315463687E-003  -7.1160361923121965E-015   2.4086111751285609E-016  -4.4716622388667716E-017  -6.2247586607049340E-015   3.5299825981186647E-016  -7.1086191256576458E-015  -3.7647634349154474E-016  -1.2644866305075081E-015  -1.0714764332709105E-016   9.8711409748988316E-002  -7.1395029158380663E-016  -7.9163108324951115E-016  -1.3671084463500476E-016  -1.4577857474710628E-014  -7.2037034390871317E-018  -1.1013839533623138E-017  -1.6053659808502131E-014  -2.3221323314558670E-016  -1.5071463394225144E-014  0.26079513396643378       -2.8723523031515919E-019  -1.0376679376399219E-017  -1.9450932964983003E-017   3.4307368104741108E-018   6.6291605832919812E-021   3.0649899056174647E-018  -2.3455461907167474E-017  -1.8182527898089588E-017  -7.1310609935527087E-018   2.5842931009444839E-018  -5.2050345934302406E-016  -1.0684130523212384E-015  -3.6064244874668129E-016   3.2660521428229316E-014   1.2318462805922518E-017  -2.5544756253391013E-017   2.6829431847900264E-014   2.5604129909393965E-017   2.0788757058923598E-014  0.14930658312819992       -1.8844109087128321E-014  -2.3296392956182164E-017  -5.8251644066385322E-018  -1.2302025987090305E-014   2.9444182328637015E-018  -1.3835487922672060E-014  -2.2487018806191715E-017  -1.2759080718389840E-018  -2.1695859766660851E-017   5.2466555799295304E-020  -2.0877793009388380E-014   5.1804537435552885E-018  -1.2158776820169502E-014   5.0103166571004990E-018  -2.0122327865586051E-014  -5.0102095572735976E-016  -9.0182916873469457E-016  -8.6155992499298257E-017  -2.7870528460302630E-019  -4.3942427051814982E-018  -9.2953332964431728E-019  -2.9494542455704462E-018  -1.9815829490211260E-020  -2.8359097798332603E-018  -1.2427685182716393E-017  -3.7077986354529491E-018  -6.9064539289715715E-018  -3.3730695340030281E-019  -1.7143651282792671E-014  -2.5139189651957382E-018   1.7448536218992146E-017  -1.8142094156218208E-014  -7.1813873315211446E-018  -1.7290966931973458E-014  -4.1341977815573187E-002  -6.7581581451464770E-002  -5.2614504505251465E-002  -7.4186796488601150E-003
   9.9282943293367343E-017   1.1569297209060971E-016   3.3408625757576862E-017   4.2829049039056303E-018   6.5338487481637716E-017  -1.5739765461869817E-017  -5.9262653139578227E-017   6.7905889233283917E-002   1.7644740965275394E-016  -1.7013052027644681E-016  -7.1395029158380663E-016   6.3521758198538364E-002   1.6640378706676416E-016   6.2814833991115406E-017   1.6034692477217435E-016  -2.2764907273168717E-017   5.3216812195314943E-018   2.5854195061047037E-016  -1.1408900042706188E-017   2.9565155426832441E-016  -1.4328137596424640E-015   2.9428963447670892E-015   7.3563325204931813E-018  -3.6650552922306696E-017   1.0859409137816490E-015  -4.5613940325257983E-018   1.0753001074069528E-015   5.4701529955913469E-017  -1.3995415706455012E-017   2.1890299686375560E-017  -4.6811147137542326E-017   6.6310511527009022E-002   1.1164338937108994E-016  -4.9192285444739951E-017   2.5267494899732073E-016  -1.4593598188343535E-018  -7.1881404850441392E-018   1.2095099926204285E-016   1.2350006583547811E-018   1.3698544224324593E-016  -4.1432051347790097E-017   3.2771431999468367E-017   8.6823838148773730E-018  -2.2595271656883090E-018   3.2493636704100604E-017  -1.3781045910476201E-018   2.3506492749740206E-017   8.2532589060731660E-018  -8.5048568671721606E-019   3.6600366751639082E-018  -2.1940325025664156E-018   9.0911990061149632E-017  -6.0859770847559524E-018   4.1550842066966843E-017  -6.0753274713680423E-018   6.1047024090128566E-017   5.8333166061596858E-002   1.6247602470426739E-016  -4.1880697044042033E-017   2.0058562208089588E-015   9.9069311996207493E-018   6.1010550427239935E-018   9.4476447696209643E-016   1.8231476025693609E-019   9.5179094504389445E-016   1.6197105288139354E-018  -8.3852408678397990E-018   2.0013964914884044E-018  -1.6886140808910471E-017  -4.7681152280677509E-018  -4.4515305153655524E-019   5.4103005375456108E-018   1.9596371085825856E-017  -1.0498269205354168E-018   1.2041085828191295E-017   3.7629065318952865E-016   2.1082382384219777E-016   3.2401339975525999E-016   2.5253144765101250E-017
   4.0961541142443206E-016  -5.9971495330735524E-017   1.0873860304819039E-016   1.0979178026414973E-016  -1.6938420048780741E-017  -8.5796436284794236E-017   1.7213909432023322E-016  -1.0222537120272680E-016   6.7905889233286360E-002  -4.4988328578619430E-017  -7.9163108324951115E-016   1.6640378706676416E-016   6.3521758198548342E-002   6.8845939744975051E-016   3.0840581075817020E-016  -1.2267937805358022E-016  -1.6696917105147941E-017   2.0667085016824311E-016   7.5486767718307639E-017  -9.9252515884041474E-017   3.7103637555278345E-016  -6.0655181679875293E-017   1.5209711465972411E-017  -1.5573649039657030E-016  -1.6400311759868729E-017  -8.0127580103740778E-020  -3.9267870601018360E-017   2.0919432529923766E-016  -2.2465047742348727E-016  -6.0920262533329005E-017  -3.9276018388049038E-016  -1.6594949506272056E-016   6.6310511527017585E-002   9.0782833999678333E-016  -3.7692887441543134E-016   4.8712050680921228E-016   1.2353473245941723E-017   8.5436255864479100E-017  -2.4414684066609301E-016   1.5988150082960422E-015   1.2695320635761295E-015   2.4097948356783241E-016  -1.9838911591330777E-016  -2.8528676704161971E-018   6.3690930819420192E-017   4.2257491820773711E-017  -1.9876105447474708E-016  -1.7297050293418040E-016  -3.4945271613536381E-018  -8.4556747778023974E-017  -4.8884833004694409E-018  -3.0672012183117110E-017   9.9974894434612290E-017  -2.7424052800277788E-016   8.7888921616143139E-017  -9.2218654824207527E-016  -9.1494169621804647E-017   5.8333166061601480E-002   1.2919342675890643E-016   1.0449627290930533E-017   6.7295563092289408E-016  -9.6256283508134989E-017  -6.9109249195016907E-019  -8.8471537204022971E-019   1.1183011572319045E-017   1.3539462206177561E-015  -7.0503646070257361E-017   6.1959508789340271E-016  -1.9374516407184768E-016  -1.2560764459518744E-016  -8.9937233957822465E-017  -3.6481758519195951E-018  -2.0498423796148117E-016   4.4787852306811287E-017  -4.7600493208090299E-016  -8.2967845859342276E-017  -3.2458283506054411E-016  -1.2054997127675778E-016   1.9163378515234731E-017
   4.4712233597469842E-016  -1.2233354051605995E-016   8.1155397430264794E-017  -4.0385664339339123E-017  -4.9583451960371911E-017  -4.1085377646765451E-017  -1.5499181508826938E-017   6.6100192449199336E-017   3.2606137140186240E-016   6.7905889233286554E-002  -1.3671084463500476E-016   6.2814833991115406E-017   6.8845939744975051E-016   6.3521758198548786E-002  -2.3424653102739917E-016  -7.3810282243479366E-017  -1.7329703947695338E-017  -3.6947612312890294E-016   2.1886213452426928E-017  -4.9810093719073012E-016   2.6167484166267618E-015   7.2731490374952174E-017   6.4434165820304442E-018  -2.8650233998605870E-016   4.1529739963516438E-017  -2.7644480258638831E-018   3.1131622231326114E-017   5.4937407047736660E-017  -4.3542063368876001E-016   2.0500130648795402E-017  -5.9693753504982272E-016   2.1794722421484677E-016   1.9593307614372338E-016   6.6310511527019250E-002  -1.2982226352367949E-015   2.5214312034683948E-016   1.8139179889827794E-016  -9.9712027305455173E-016  -1.4914739283511688E-016  -3.0248186072207826E-016  -5.6613741039276964E-016   4.6387421752333393E-016  -9.9165923230223370E-017  -7.1965984100733743E-017   2.2690258705127938E-016   2.9207166578005304E-017   1.0713035291977056E-016  -8.2923464241090163E-017  -3.2649780900200746E-017  -4.2620370471790231E-017  -6.7824866252033668E-017   3.0598001309999843E-016   6.4679090167841844E-017   6.2920700551528125E-017   5.9567263183840789E-017  -9.5832375400904240E-017   2.1373408233520329E-016   4.6112323653106384E-016   5.8333166061601452E-002  -2.8874478134287514E-017   2.8447325816904177E-017   5.2110135408787867E-016  -1.8509746229878137E-017   1.3760559953255510E-018  -1.2121600952745585E-017   6.0534335021728585E-017   5.0994721760781869E-016   2.5744811512967944E-017   1.0496466371730757E-015   2.0890029450531795E-017  -4.5142605930871742E-017  -4.0258337093127680E-017  -3.8386120324368106E-017   2.4187201424497379E-017  -1.5960759714056002E-016  -4.9154647161012971E-016  -8.6569871213225837E-016  -1.1109866877365024E-015   2.3866921852567310E-017
  -1.9951678111348809E-016   1.0515860462321146E-027  -3.9567752720082564E-029   9.5645744808294342E-030   9.3108719007485821E-028  -5.2466622905958866E-029   1.0513581151348195E-027   1.7141371431252030E-016   3.2969129662297028E-016  -2.5041370768593667E-016  -1.4577857474710628E-014   1.6034692477217435E-016   3.0840581075817020E-016  -2.3424653102739917E-016   2.1880250538720057E-027   5.8200633236465047E-030  -8.7731340976481637E-031   2.3901748510753068E-027   3.5447539653727717E-029   2.2513487702128512E-027  -3.8554296324947136E-014   7.3410330279267162E-030   1.1629049039253942E-030   3.3857558198725314E-030   1.6806251509111213E-030  -1.8775360886480778E-033   1.6328395429510127E-030   3.6764172232462380E-030   3.6264932008523096E-030   4.7605448809649030E-031  -4.8763543016063462E-031   1.6738652872596257E-016   3.2194554510534074E-016  -2.4453050004224065E-016  -4.7821868588366715E-027  -4.8493560637032140E-030   4.9812342263010256E-030  -3.9377276988844992E-027  -3.3358616865971450E-030  -3.0500648231786058E-027  -2.1979224665560134E-014   2.8225055950652241E-027   3.3721199939169322E-030   1.0833977912911056E-030   1.8299777583393753E-027  -1.4731761648120390E-031   2.0568694135416191E-027   3.2976869810923249E-030   3.8708002610514020E-031   2.8101430932469287E-030   2.5530508421024572E-031   3.1207451602288798E-027  -5.3953107572242895E-031   1.8144183195458609E-027  -5.6710616460400522E-031   3.0037242311402757E-027   1.4724944736204218E-016   2.8321456904717651E-016  -2.1511277680736336E-016   5.1211871679556027E-030   3.9126921598202068E-030  -2.3186023608075565E-030   3.2033125903348196E-030  -6.7564399202747457E-033   3.2514387007767175E-030   8.1346994170446517E-030  -1.8198445044874508E-030   3.8205060509776659E-030  -4.6863955653245111E-030   2.6251304894614030E-027   1.7903158745701113E-030  -2.8176653759079053E-030   2.7515636821843892E-027   5.7551927386728320E-031   2.6224093919000412E-027   7.5089902268514444E-015   1.2982921144860954E-014   1.2173452463659469E-014   1.0945026550365661E-015
  -4.7209313184499062E-019   7.7176185262871341E-031  -1.0176832211139706E-030   1.9645029068780761E-031   2.3520276336857442E-030   1.8847821731276217E-031   3.5291500814445833E-031  -2.4336090743365401E-017  -1.3114643696221288E-016  -7.8904504416214716E-017  -7.2037034390871317E-018  -2.2764907273168717E-017  -1.2267937805358022E-016  -7.3810282243479366E-017   5.8200633236465047E-030   1.1464356977149809E-030  -3.4539156036583271E-031   3.6994244342559496E-030  -7.8758125544710715E-033   5.4881304324535479E-030  -2.5324231640579024E-017  -9.5338434872091750E-031  -1.0826447514728268E-031   6.9667728455702814E-031  -4.5696853236695157E-031   5.1297588362333445E-033  -3.9724050937944248E-031  -6.0294306167262391E-031   1.0193952153698520E-030   4.5106512665389670E-032   1.4239693103646480E-030  -2.3764339794100328E-017  -1.2806528885932403E-016  -7.7050725772109426E-017   5.7241704925625091E-030  -1.9420235832956210E-030   6.1082812583441839E-032   2.1795280096052372E-030   8.1349184154887770E-031  -2.5845247633147129E-030   3.0672040724174716E-019   6.7111029438648289E-030   5.7744784942168196E-031   8.6764753365091557E-032   2.6636800204078843E-030  -8.4563702232970300E-032   3.6283841572190620E-030   5.0682825029792768E-031   6.0532689542781027E-032   1.8933027297796016E-031   9.5731160075931120E-032   7.3074921244199579E-030  -2.6738306681244657E-031   4.5417468071772338E-030  -2.4013978594086479E-031   9.0502318607348103E-030  -2.0905421291899089E-017  -1.1265866586950077E-016  -6.7781301608569601E-017  -7.2776530214805281E-031  -1.3238467245078935E-030  -4.3478007395148652E-031  -2.6507635985456570E-031  -7.6863640070460981E-035  -2.9588516340452611E-031  -2.6936224761088225E-030  -4.7268794540341059E-031  -1.2454359301966378E-030  -8.2070883833395751E-031   1.6389609433643111E-029   4.9468688560587660E-031  -1.0510259509803984E-032   1.3357830427103412E-029  -2.1058837649105968E-031   1.3554851783678522E-029   2.2570347776860405E-016   4.8128854294476958E-016   7.0246252949333734E-016   3.6691466876934498E-019
   3.3388964133118433E-020   8.3531761360972341E-031   2.5800632341199247E-031  -1.8761796584320965E-031  -1.7304971089672920E-031  -4.5886781614948167E-033   6.8518988573956242E-031   5.6889718684876019E-018  -1.7849301336017513E-017  -1.8525761724661685E-017  -1.1013839533623138E-017   5.3216812195314943E-018  -1.6696917105147941E-017  -1.7329703947695338E-017  -8.7731340976481637E-031  -3.4539156036583271E-031   2.0384339887507333E-031   5.9866908008767375E-031  -7.0117461105182513E-032   5.6090729910742830E-032  -2.6036290363808493E-017   2.0927663785380465E-031   2.9854165944294830E-032   9.4621681813380199E-032   1.0837491208600469E-031   3.2978714532866606E-034   1.1654629581852596E-031  -5.7370203420170232E-033   1.4305096872118589E-031   3.3200160815700616E-032   2.8367426763841789E-031   5.5553154361357957E-018  -1.7429950706116730E-017  -1.8090518366820390E-017  -6.0711787932451625E-030   1.4618979070169616E-031  -1.9224202194179076E-031  -4.2849646126199375E-030   1.8899457635816570E-032  -3.4818970586010402E-030  -2.2111198077381062E-017  -1.1760175084312866E-030   4.3358323449721386E-032   2.2597007598638761E-032   2.4341113573728545E-031  -3.4464085545486035E-032   4.1636368108298599E-031   3.3457974361648397E-032   2.3788845363334069E-033   4.8148823153499221E-032   1.6339544944151863E-032  -7.1329533453374783E-031  -4.4549813874594124E-032  -1.4857236913302696E-031  -3.8962424336459898E-032  -2.6072700717154712E-031   4.8869949936769305E-018  -1.5333077449887711E-017  -1.5914176919026188E-017   1.8405870112890466E-031  -1.8922551864181748E-031  -1.0989341306314095E-031   6.0157130961435926E-032  -6.5664773200288304E-035   5.4860362677173016E-032  -3.6662939250455676E-031  -1.1134664932629578E-031  -1.5985399055194581E-031  -2.4590696249502732E-031  -5.3207892770432094E-030  -9.4325587037522030E-032   4.0195588122418347E-032  -3.5554629418623798E-030   2.9494164772491792E-032  -3.3482590684876998E-030  -1.0376425338547003E-016  -2.2429272719328629E-016  -3.3413522449158429E-016   9.1266434515554829E-019
  -2.1830527138939641E-016   1.1583986143207903E-027  -4.1327352479307965E-029   9.0255163164251266E-030   1.0186644751831512E-027  -5.7528518607618169E-029   1.1569045457532984E-027   2.7638594330834624E-016   2.2093481442078585E-016  -3.9497654666789275E-016  -1.6053659808502131E-014   2.5854195061047037E-016   2.0667085016824311E-016  -3.6947612312890294E-016   2.3901748510753068E-027   3.6994244342559496E-030   5.9866908008767375E-031   2.6229492336504689E-027   3.8289496540047962E-029   2.4667183405731925E-027  -4.2433699441931559E-014   1.1622440053318282E-029   1.5085757584641461E-030   4.3278876360477730E-030   3.4051099727623977E-030  -3.4161562934114612E-033   3.4062238701834023E-030   4.0258623885734255E-030   4.9345970604024949E-030   7.9980526180690774E-031   1.4411164238167488E-030   2.6989254520607617E-016   2.1574418248227429E-016  -3.8569698661543674E-016  -5.2853540691029909E-027  -4.1408140819293645E-030   4.0359664224320355E-030  -4.3466318324068715E-027  -3.5424629858903007E-030  -3.3679438312336746E-027  -2.4246463614392386E-014   3.0830670084935757E-027   4.0112032896882754E-030   1.3360255595644460E-030   2.0066041408250911E-027  -4.1927394107253996E-031   2.2564475507093528E-027   3.8573117003620222E-030   4.3167601979495629E-031   3.4405960008676527E-030   3.8242222176312136E-031   3.4133203198640052E-027  -9.2123334265233408E-031   1.9865309132398755E-027  -9.0961405438774706E-031   3.2884963022555415E-027   2.3742369491269927E-016   1.8978953613462548E-016  -3.3929652858330111E-016   8.3405099073913154E-030   2.8174976513789382E-030  -3.2096692237586006E-030   4.5907441074748698E-030  -7.3075033730576641E-033   4.6089407014406710E-030   6.0529895754887192E-030  -2.6888726512363215E-030   2.9381065870440641E-030  -6.6901251690787769E-030   2.8349740078895117E-027   1.2293451686534405E-030  -2.7876352176565277E-030   2.9869934277099721E-027   8.6077256635826923E-031   2.8470690430363833E-027   7.4312645554729662E-015   1.2504865955170765E-014   1.0777126134657850E-014   1.2059621254863880E-015
  -3.2059382023831573E-018   1.6612167975846589E-029  -5.3482566637954102E-031   2.8380846192039182E-031   1.4914122547427164E-029  -9.4454029773891531E-031   1.6954742843583657E-029  -1.2196317050171335E-017   8.0696697204697538E-017   2.3396751421633029E-017  -2.3221323314558670E-016  -1.1408900042706188E-017   7.5486767718307639E-017   2.1886213452426928E-017   3.5447539653727717E-029  -7.8758125544710715E-033  -7.0117461105182513E-032   3.8289496540047962E-029   6.7041117712566056E-031   3.5762292506706039E-029  -6.1460498370893275E-016  -5.6292349232612078E-031   3.1245248794426069E-032  -2.2298659441397736E-031  -2.1718982326510141E-031  -2.2159229589463318E-034  -2.4523840167537929E-031   2.9241703772378748E-031  -3.5891376467448071E-031  -5.9717184354336359E-032  -6.7790358935461954E-031  -1.1909777362079235E-017   7.8800812869133651E-017   2.2847069265365429E-017  -7.6731798776757757E-029   5.1343686240275922E-031   1.8941774868373783E-031  -6.2822050939221518E-029  -3.7212434773582783E-031  -4.6833317417182691E-029  -3.4927965173706278E-016   4.5879115830910169E-029  -2.0262877491653011E-031  -1.4705586688676727E-032   2.9465747436954065E-029   5.8962686486670462E-032   3.2757128976874742E-029  -1.6913312305378849E-031  -9.5507144941030173E-033  -6.8937711908029173E-032  -2.7738154917363632E-032   5.0233801939770588E-029   1.2983171890296509E-031   2.8852131261903454E-029   1.1374893339124570E-031   4.7193989032883434E-029  -1.0476996853444961E-017   6.9320848188774294E-017   2.0098501048876897E-017  -3.6103230444679990E-031   8.2018867761966169E-031   6.3967632887423747E-032  -1.6113728614993962E-031  -5.8479552338166725E-034  -1.4599273579987504E-031   1.6572524746653573E-030   9.8725881688557423E-032   7.5779786787105931E-031   1.3850305689169022E-031   4.2793042608277295E-029  -6.9611505615634820E-032  -7.0896602958308078E-032   4.4443364450086949E-029   6.1724097080766694E-032   4.2007443937051295E-029   1.3613549257829874E-016   2.4215318264756133E-016   2.4575131382072775E-016   1.7421576970470638E-017
