   1.2503924931579885E-006  -2.2944751420191863E-013  -1.7434710879599361E-012   8.9133998392551399E-009  -1.1825012438773062E-012  -2.2411858279896195E-015   7.7584863164214428E-013   6.1421793635310732E-013   1.0430425699726118E-013   5.6827930145129472E-013  -6.2982046582564484E-006   7.8292656456629577E-013   6.0454183244916056E-012   1.5549583200505735E-008   6.1624611445441631E-006  -1.6731377406067011E-012  -1.2080593357935112E-011   8.0148786765110835E-009  -6.0654677964423345E-013   8.8997415631367197E-013   1.5156163235883790E-012   4.7419406860643318E-012   2.7150047528841138E-012  -4.1353993346217705E-012  -1.4110417927445782E-004   1.2975671366496619E-011   1.0566590281175114E-010  -3.1899252802038591E-012   4.4837169174097535E-013   4.6569523782975620E-012   6.8984076496201772E-013  -2.5061231224292465E-013   3.5899109343757709E-012  -3.9221210983919798E-013  -1.0273552989004184E-012   7.7833962344780407E-014  -2.7053384527250946E-012  -7.6841004971470128E-009  -1.5676669335530104E-003   1.4558347014198739E-010   1.1060420189649919E-009  -2.2478302077215968E-011  -4.3671213093627071E-012  -1.0091803721681123E-011   1.6836829584387088E-011  -1.3496394555364376E-012   5.6414245835094738E-012  -4.7807078729046662E-009  -1.9138601440046074E-011  -6.7839531693758550E-012  -8.3245140607885613E-012   1.4252018782390213E-011  -3.8236910059803397E-012   4.8866188555275466E-012  -5.5627181146012658E-010   7.0618954244695278E-004  -5.0379082844191903E-011  -3.8058401320549674E-010   2.4137956432041086E-009   1.5542046143894777E-009   1.4057470909404610E-010   3.9523689615636571E-010  -5.8359287214145833E-010
  -2.2944751420191863E-013   1.2503916123487101E-006   1.8944348842693549E-013  -1.6282317191083511E-011   2.1943877456460898E-013  -8.2558627632072177E-013   4.3155599156687888E-014  -1.6726690884717472E-013   4.6505393708876853E-013  -5.2170823968311663E-014   7.7990452659281233E-013  -6.2982021370099566E-006  -6.5262233267339894E-013  -3.5186027244205660E-011  -1.7180447509279017E-012   6.1624565417096125E-006   1.5328494400703514E-012  -7.4397850800168005E-012   4.6398906410068889E-013   1.0562135038265541E-012   4.6002462144410063E-013   1.0491943515008424E-013  -1.2342969337850333E-012  -5.6892508379901165E-013   1.3025434169854708E-011  -1.4110411761393324E-004  -1.1333553629812970E-011  -2.7559616749191318E-013   4.3306240950818545E-014   1.0972656092624972E-013   4.4895857960848484E-013   1.5805439283541922E-012  -7.9207380933430713E-014  -2.2368383094633790E-012  -8.5326452972485417E-013   2.9577127765340993E-012   5.5419651362000326E-013   1.1901310848315919E-010   1.4670462384769951E-010  -1.5676663832923385E-003  -1.2318333909982936E-010  -4.7550774539082266E-012  -1.7732190953122577E-011  -4.3896455388213433E-012   3.8592960682986157E-012  -3.5357396832947287E-012   8.9582733306395751E-013   1.7221378916034912E-010  -7.0110551171639826E-012  -1.5742070545191861E-011  -6.5487423971940584E-012   5.1895925354291854E-012   3.1896111777389384E-012   1.8213964742212449E-012   2.0298510292107463E-011  -5.0844602494437604E-011   7.0618933751274873E-004   4.1318454458596084E-011  -9.1211844195077564E-011  -5.4297297908697652E-011  -4.5384726218999896E-012  -1.2658605964662296E-011   1.5959952853424456E-011
  -1.7434710879599361E-012   1.8944348842693549E-013   1.2503901222528538E-006  -1.6476861061326417E-008  -7.9748748665424855E-013   1.1108773827069853E-013  -6.9538921809890807E-013  -5.0067169037931675E-013  -2.2774175812064629E-013   1.2981633636391191E-012   6.0423111623076306E-012  -6.5054966646005862E-013  -6.2981979022284358E-006  -2.8776628911978848E-008  -1.2088006240606839E-011   1.4533677821145888E-012   6.1624394347362217E-006  -1.4761876431386889E-008   2.2599793119363881E-012   1.2549696647320254E-012  -8.8561461009279298E-013  -8.9410250732275037E-012  -3.3606756309558055E-012   6.6810411982031947E-012   1.0561595369307714E-010  -1.0980614458792524E-011  -1.4110403786800782E-004  -4.2948955321284980E-014  -1.4344265743036437E-014  -1.7548111199366575E-012  -1.0471012788798868E-012   3.8612397878692710E-013   1.1047235195006769E-012   1.3969753847461717E-013  -2.1682640778048130E-012  -1.7308097711120048E-013   2.9241335455905906E-012   1.5675848907931293E-008   1.1045962640064840E-009  -1.1798972092889355E-010  -1.5676654177443228E-003   9.0649431856039871E-012  -4.1461096714333820E-012  -1.5000314906526097E-011  -2.5212593766216203E-012  -2.4904376593935267E-012  -6.5437077731207358E-012   1.1127540845476912E-008   7.3047839064295042E-012  -6.7990027387106903E-012  -9.9072624501642561E-012  -7.9980638387198294E-013  -9.4938435538342535E-013  -6.5049788688836038E-012   1.3862432931019959E-009  -3.8007146038912830E-010   3.9485470661642869E-011   7.0618907904003881E-004  -5.3492513743984270E-009  -3.2337913675060682E-009  -2.7636765487800652E-010  -7.7778623882630294E-010   1.0682124613958873E-009
   8.9133998392551399E-009  -1.6282317191083511E-011  -1.6476861061326417E-008  0.20753251083616711        1.3652396533748052E-008   1.0754250330511288E-009  -8.9173149845736797E-010  -2.1581284199461238E-008  -1.4931886136387579E-009   7.9288764517017642E-009   1.0878268155157873E-008   6.1551307062930361E-010  -1.7502847223871227E-009  0.36278226237107114        1.1841998622594998E-008   4.2463198487592959E-010   4.1733759314913212E-009  0.18561494434783063       -4.1003441206883959E-009   5.8701391842494740E-009   1.7796715719912316E-008  -2.1786053840931863E-008  -2.1443962166971624E-009   2.5886333002393395E-008   1.1919987987775541E-008   8.1661431447578093E-010  -2.1272854153977998E-009  -4.6415965435170954E-010  -4.2459255602883855E-010  -2.2890809945770275E-009  -4.0971158597463378E-010  -6.0745506784967177E-010   1.0324464015042900E-009   2.7762434613305891E-010   8.5400908026670595E-010   5.2120620262103453E-011   1.0696379441189371E-009 -0.20078637265942090       -1.4544168584938667E-008  -1.1003699269037520E-009   3.0439845552759481E-009  -6.0049255105635184E-009   5.7578438173559160E-009   2.2702114917283428E-008  -3.0957594869093855E-008  -3.8566328565367566E-009   3.6962673706605151E-008 -0.14519055988059085       -4.7918991662512131E-009   4.4471917238048906E-009   1.7389181590775116E-008  -2.3041769606692349E-008  -2.8719669799289135E-009   2.7833390753823983E-008  -1.7958111946617328E-002   3.1937270721409865E-009   2.7635005150531506E-010  -7.7406831195758839E-010   7.0611003918679013E-002   4.2878307159401247E-002   3.6875050785502889E-003   1.0354454015275894E-002  -1.4218532719675804E-002
  -1.1825012438773062E-012   2.1943877456460898E-013  -7.9748748665424855E-013   1.3652396533748052E-008   9.0137990610917894E-016   7.0552885354854219E-017  -5.9890591242528651E-017  -1.4207909812579698E-015  -9.8034374928224727E-017   5.1941041622203855E-016   5.9366837659258903E-012  -1.1069579961343281E-012   4.0323114037277874E-012   2.3897777714082241E-008  -5.8546066424863723E-012   1.0797343691495739E-012  -3.9025026215628564E-012   1.2171438548329721E-008  -2.7055449269184063E-016   3.8463322409331307E-016   1.1703539630850954E-015  -1.4313734080523433E-015  -1.4152046531094466E-016   1.7019236144349310E-015   1.3202703900515032E-010  -2.4870766932387346E-011   9.1210090209406383E-011  -2.7889061271667838E-017  -2.8616446020404932E-017  -1.5390027885131108E-016  -2.6002569493312104E-017  -3.9769436033568646E-017   6.3419606201247693E-017   1.8802575070486747E-017   5.7200186105259124E-017   3.3901594902990658E-018   7.2075861548493822E-017  -1.3999586072617944E-008   1.4646534741868713E-009  -2.7647117569077330E-010   1.0152913338044086E-009  -3.8307380958288939E-016   3.8326540803031811E-016   1.5166205014247657E-015  -2.0550713274421917E-015  -2.5186496295682162E-016   2.4381576610965606E-015  -1.0803752009177336E-008  -3.0474839912321159E-016   3.0108318453673317E-016   1.1610656309281240E-015  -1.5336114635449333E-015  -1.8432175635901529E-016   1.8383387912729853E-015  -1.3123028871342654E-009  -8.1526988803332861E-010   1.1327155125059779E-010  -3.1708700418955877E-010   5.4164803115532494E-009   3.3256569989976951E-009   2.8880238984655647E-010   8.0980343144811151E-010  -1.1198106520763568E-009
  -2.2411858279896195E-015  -8.2558627632072177E-013   1.1108773827069853E-013   1.0754250330511288E-009   7.0552885354854219E-017   6.1421089416586925E-018  -4.7246480991273684E-018  -1.1177843944792319E-016  -8.0542338379179315E-018   4.1225496369358461E-017   1.1709946856940220E-014   4.1332373895901549E-012  -5.6048979579385672E-013   1.8803247487105911E-009  -1.1071563177651698E-014  -4.0955961806867817E-012   5.4739478739912838E-013   9.6136312611474669E-010  -2.1338695770372612E-017   2.9770065353989543E-017   9.1847864516425042E-017  -1.1377073161520290E-016  -1.0629346306446234E-017   1.3510910066988249E-016   2.6662149135448049E-013   9.1554945270811024E-011  -1.2577798301238256E-011  -2.2286535162661766E-018  -2.2334976954328380E-018  -1.2099591890399839E-017  -2.4978224696077228E-018  -4.1366507352175327E-018   5.4878711146239210E-018   2.9072116255197366E-018   4.7716360491838537E-018  -1.6669265256274226E-018   5.4619347282686861E-018  -1.0503018715167676E-009   2.9736648433573496E-012   1.0148320225933119E-009  -1.3978588105581844E-010  -2.7232743696085810E-017   4.1137233146201901E-017   1.1922261761356127E-016  -1.6322334303140849E-016  -1.7889577550508285E-017   1.9045687834657004E-016  -7.6793961800928129E-010  -1.9593034708666886E-017   3.2302645701567308E-017   9.3533375852171329E-017  -1.2296342240488495E-016  -1.7090796689061684E-017   1.4255502502040345E-016  -9.4735275001483620E-011  -4.5479648257917911E-013  -6.2608152575723509E-010   5.9601440354777956E-011   3.7520388725561415E-010   2.2816880359938478E-010   1.9633960359393047E-011   5.5154487201751727E-011  -7.5978847674376771E-011
   7.7584863164214428E-013   4.3155599156687888E-014  -6.9538921809890807E-013  -8.9173149845736797E-010  -5.9890591242528651E-017  -4.7246480991273684E-018   5.2948729600750034E-018   9.3843443219361689E-017   6.5835440712153825E-018  -3.3952854968274405E-017  -3.9308013154850183E-012  -2.1643478310418338E-013   3.4738304213661315E-012  -1.5781517468251066E-009   3.7998465870445432E-012   2.1368519266593278E-013  -3.4585074388961396E-012  -7.7418379642150788E-010   1.5909317947959258E-017  -2.5259556672810734E-017  -7.5302043046877613E-017   1.0125913912830082E-016   1.2633531248157138E-017  -1.1716817013012426E-016  -8.9001810013351122E-011  -4.8098937888879973E-012   7.6617105156017785E-011   1.8085433873409094E-019   2.2864911999038533E-018   1.3800729767295838E-017   2.2762600558131030E-018   2.3392988347036818E-018  -2.5188847752709352E-018  -1.9854121400179741E-018  -2.4624686231495522E-018   3.7721593659211159E-019  -8.4510577028091803E-018   1.3352465012550787E-009  -9.9091059235365618E-010  -5.3350398160692053E-011   8.4850397691565170E-010   8.1938710785453406E-018  -2.6374761164017246E-017  -9.8681020455417298E-017   1.4807468792777213E-016   1.7185808705291698E-017  -1.5627065696823249E-016   1.3720462253411178E-009   4.5775631813341480E-018  -2.0591205997942123E-017  -7.7578187672852664E-017   1.1247421996345576E-016   1.0626168728016138E-017  -1.1704892843342471E-016   1.5536084492782659E-010   2.9486377230855040E-010   3.0338258770997786E-011  -5.7772351730408811E-010  -7.6432769740440306E-010  -4.8600272085754672E-010  -4.3558620360055617E-011  -1.2138293535063035E-010   1.6999181236397484E-010
   6.1421793635310732E-013  -1.6726690884717472E-013  -5.0067169037931675E-013  -2.1581284199461238E-008  -1.4207909812579698E-015  -1.1177843944792319E-016   9.3843443219361689E-017   2.2451641263532235E-015   1.5532621769507869E-016  -8.2437202185185961E-016  -3.0888881083181415E-012   8.4212642493069457E-013   2.5448786687244174E-012  -3.7741865587884582E-008   3.0418285367236011E-012  -8.2477390579081981E-013  -2.4613461735035120E-012  -1.9282520797174120E-008   4.2510632323706823E-016  -6.1062707895768593E-016  -1.8497520164389144E-015   2.2712575759175744E-015   2.2579521462580720E-016  -2.6963571311431100E-015  -6.8734883659754073E-011   1.8854210922629538E-011   5.7599303853207300E-011   4.6929610344778772E-017   4.4513021352137069E-017   2.4107015414533894E-016   4.2891022217330812E-017   6.2714012348706085E-017  -1.0585361828397805E-016  -2.9148413086307438E-017  -8.7708487322442362E-017  -5.4063421653076090E-018  -1.1430889745845376E-016   2.1275405215299258E-008  -7.6263387299065729E-010   2.0943984557944613E-010   6.4124318669847949E-010   6.1163463416790113E-016  -5.9722793903496271E-016  -2.3615542699194446E-015   3.2305567089576327E-015   4.0208233794288100E-016  -3.8422084891299259E-015   1.5724718693359174E-008   4.8763656840206787E-016  -4.6118918115640417E-016  -1.8091105357980991E-015   2.4056136534727868E-015   2.9683978993941395E-016  -2.8932199091625107E-015   1.9341342024430526E-009   4.1528281626262577E-010  -9.6614264632849710E-011  -1.9384594222936398E-010  -7.7217056624604958E-009  -4.7042077494901535E-009  -4.0548446147744000E-010  -1.1386744176276243E-009   1.5696702682631211E-009
   1.0430425699726118E-013   4.6505393708876853E-013  -2.2774175812064629E-013  -1.4931886136387579E-009  -9.8034374928224727E-017  -8.0542338379179315E-018   6.5835440712153825E-018   1.5532621769507869E-016   1.0976748511370069E-017  -5.7291759834989644E-017  -5.2647360856844876E-013  -2.3607039936103716E-012   1.1506485156336135E-012  -2.6088992700976257E-009   5.1355054647672261E-013   2.2726399795666556E-012  -1.1199364693166340E-012  -1.3370713731295222E-009   2.9217037099303656E-017  -4.2045625738415216E-017  -1.2755855989337693E-016   1.5884177430532404E-016   1.5799310905608837E-017  -1.8805835066097996E-016  -1.1822135992843882E-011  -5.3644296369422028E-011   2.5899174767326079E-011   2.9624727687613607E-018   3.1005023215089124E-018   1.7219827182508800E-017   3.4032023630774050E-018   4.8786203387287698E-018  -7.3777701360666256E-018  -2.8828714133324576E-018  -6.2056761101541496E-018   7.6726799900489586E-019  -8.2094622231493762E-018   1.4126995766272543E-009  -1.3140726717340965E-010  -5.9768104770685296E-010   2.8800951085951775E-010   3.7739355243651416E-017  -4.7633247263751823E-017  -1.6293016920608342E-016   2.2589055947173260E-016   2.6749671921744761E-017  -2.6363090282597206E-016   9.9406414436583964E-010   2.8820080895171391E-017  -3.7547281763027404E-017  -1.2628618096161703E-016   1.6884033208892418E-016   2.1683193316919427E-017  -1.9765854653423628E-016   1.2377440935217593E-010   5.4549330394238451E-011   1.4717225746524941E-010  -1.1027765555330197E-010  -4.7773573950615207E-010  -2.8900151220043323E-010  -2.4753179136265891E-011  -6.9600457774368888E-011   9.5720573914266221E-011
   5.6827930145129472E-013  -5.2170823968311663E-014   1.2981633636391191E-012   7.9288764517017642E-009   5.1941041622203855E-016   4.1225496369358461E-017  -3.3952854968274405E-017  -8.2437202185185961E-016  -5.7291759834989644E-017   3.0496114131856870E-016  -2.8477752817883154E-012   2.6482683274612046E-013  -6.5772112691089836E-012   1.3844069828172780E-008   2.8127585764563963E-012  -2.5495478945310426E-013   6.3638693036902276E-012   7.1110703097552909E-009  -1.5455159378111346E-016   2.2599353749709266E-016   6.7939709721694506E-016  -8.3988301333074952E-016  -8.4274647988466235E-017   9.9443212541106248E-016  -6.3291690535376614E-011   6.0164709368421509E-012  -1.4880987364649404E-010  -1.9040529691313182E-017  -1.5896568316068803E-017  -8.7169778653063056E-017  -1.6888394213160336E-017  -2.2944544278522054E-017   4.2433927568268567E-017   1.0345856567377883E-017   3.0508191017215190E-017   2.0161507698636072E-018   4.2233046016465499E-017  -7.2758476785016242E-009  -7.0201441854162979E-010   6.7030432209816861E-011  -1.6565398592059930E-009  -2.2856052617331041E-016   2.1396224800918131E-016   8.4493276956885271E-016  -1.1754840251103894E-015  -1.5021719313586381E-016   1.4040491733497010E-015  -4.9210208015931299E-009  -1.8288787162618416E-016   1.6010578289147343E-016   6.4804413570617726E-016  -8.7200128246071141E-016  -1.1251787264102355E-016   1.0548799126183279E-015  -6.2184046227819104E-010   3.9998607945244194E-010  -1.6653475031681352E-011   5.1093459233794120E-010   2.3052386988876516E-009   1.3785513763803818E-009   1.1668167319388621E-010   3.2886942228401847E-010  -4.4985087250499629E-010
  -6.2982046582564484E-006   7.7990452659281233E-013   6.0423111623076306E-012   1.0878268155157873E-008   5.9366837659258903E-012   1.1709946856940220E-014  -3.9308013154850183E-012  -3.0888881083181415E-012  -5.2647360856844876E-013  -2.8477752817883154E-012   3.1769223918345217E-005  -2.0341799913934452E-012  -1.6555042842327440E-011   1.9123759194088659E-008  -3.0992177878714482E-005   6.5963888354258624E-012   4.7512959115617291E-011   9.5773849673602742E-009   3.2193954796259179E-012  -4.5015379048629906E-012  -7.6475769101067910E-012  -2.4072022020067891E-011  -1.3742003347533594E-011   2.0852654066325033E-011   7.1363001733749497E-004  -2.2165053964880794E-011  -2.1790317622158614E-010   1.6138300799770257E-011  -2.2692934663504481E-012  -2.3561265120377721E-011  -3.4882092672742087E-012   1.2676496537338294E-012  -1.8163685254141417E-011   1.9846486726051422E-012   5.1990364949483579E-012  -3.9338147481694961E-013   1.3686379418634945E-011  -1.3943481623881091E-008   7.9326321234965552E-003  -2.5274093733672343E-010  -2.0719934480969410E-009   1.1339038230643534E-010   2.2101373774789129E-011   5.1031253754184951E-011  -8.5026914254759950E-011   6.8419070821606988E-012  -2.8363224665084348E-011  -1.2872731228947039E-008   9.7568813968210589E-011   3.4341347627746704E-011   4.2192597407969890E-011  -7.2461933144266321E-011   1.9340331556216337E-011  -2.5107064599177045E-011  -1.7003210006381716E-009  -3.2702550110341581E-003   9.2072236440401243E-011   7.4084143889234385E-010   6.1595063813425625E-009   3.5077739253502930E-009   2.8519542664293165E-010   7.9547065787391420E-010  -9.8183205199054267E-010
   7.8292656456629577E-013  -6.2982021370099566E-006  -6.5054966646005862E-013   6.1551307062930361E-010  -1.1069579961343281E-012   4.1332373895901549E-012  -2.1643478310418338E-013   8.4212642493069457E-013  -2.3607039936103716E-012   2.6482683274612046E-013  -2.0341799913934452E-012   3.1769220926209815E-005   1.7435598596942177E-012   1.1021642241227919E-009   6.8381717562656011E-012  -3.0992164078091856E-005  -6.2449444471651862E-012   5.2395668435911611E-010  -2.3574036167716662E-012  -5.2108443135412763E-012  -2.3332882623767168E-012  -5.1849722133019804E-013   6.2687544182869403E-012   2.8759850021316518E-012  -2.2759460674762354E-011   7.1362992550013944E-004   2.2144414424889867E-011   1.3946097696870512E-012  -2.1987418853893963E-013  -5.5550463874062790E-013  -2.2721001863117180E-012  -7.9983677380275101E-012   4.0103411642713599E-013   1.1320241567526871E-011   4.3174542394750847E-012  -1.4967748685840019E-011  -2.8039717428032924E-012  -9.2495845664109648E-010  -2.6222558531469705E-010   7.9326317886335030E-003   2.3157428969351484E-010   2.4082553711379992E-011   8.9418040443632749E-011   2.2224755612204139E-011  -1.9556294214644077E-011   1.7836256220510522E-011  -4.5264909526251043E-012  -9.3930900931883338E-010   3.5436115793202388E-011   8.0281117240826241E-011   3.3117619770281456E-011  -2.6209432361289483E-011  -1.6025160680496047E-011  -9.2263494558325469E-012  -1.1225036859677132E-010   9.5505847441700904E-011  -3.2702548266121908E-003  -7.9396099803686003E-011   4.8149692246114064E-010   2.8985731601774421E-010   2.4521689366952179E-011   6.8630706268978747E-011  -9.0172133456762227E-011
   6.0454183244916056E-012  -6.5262233267339894E-013  -6.2981979022284358E-006  -1.7502847223871227E-009   4.0323114037277874E-012  -5.6048979579385672E-013   3.4738304213661315E-012   2.5448786687244174E-012   1.1506485156336135E-012  -6.5772112691089836E-012  -1.6555042842327440E-011   1.7435598596942177E-012   3.1769216296155656E-005  -3.1959699040817985E-009   4.7555848199040977E-011  -5.8534191710420553E-012  -3.0992093743502358E-005  -1.4334305727019862E-009  -1.1441854398152897E-011  -6.3579608286479305E-012   4.6096026437605621E-012   4.5236788202521096E-011   1.7010766052139550E-011  -3.3794906886661124E-011  -2.1791988330977989E-010   2.0600487373297087E-011   7.1362990284621415E-004   2.2097285865125215E-013   7.2413356635462818E-014   8.8813970265824535E-012   5.2988641227443841E-012  -1.9534459333088471E-012  -5.5953312551549097E-012  -7.0704768217641742E-013   1.0974230305899408E-011   8.7619787565342243E-013  -1.4799742958045965E-011   3.1309350006509241E-009  -2.0676236113436189E-009   2.0798967805229369E-010   7.9326311433734840E-003  -4.5838924092400087E-011   2.0990813432462087E-011   7.5581205516913233E-011   1.2784949169819888E-011   1.2586848602351978E-011   3.3054116749634197E-011   3.3980907495962565E-009  -3.6982555890817342E-011   3.4379372415387176E-011   5.0778513359850876E-011   3.9852122681596601E-012   4.8320572481314825E-012   3.2997341708610429E-011   3.6177088274885877E-010   7.3925334389382359E-010  -7.1255176585431574E-011  -3.2702547859806809E-003  -2.0153075355445454E-009  -1.3153083980605936E-009  -1.2211338793231493E-010  -3.3674676242051177E-010   4.8099670055965063E-010
   1.5549583200505735E-008  -3.5186027244205660E-011  -2.8776628911978848E-008  0.36278226237107114        2.3897777714082241E-008   1.8803247487105911E-009  -1.5781517468251066E-009  -3.7741865587884582E-008  -2.6088992700976257E-009   1.3844069828172780E-008   1.9123759194088659E-008   1.1021642241227919E-009  -3.1959699040817985E-009  0.63483554512855322        2.0516392128386441E-008   7.0565207418008966E-010   7.4866558211724080E-009  0.32366586495521610       -7.1660935247173746E-009   1.0260131750302072E-008   3.1116522575703273E-008  -3.8075575616403342E-008  -3.7460691105905503E-009   4.5241555220412369E-008   2.0523447535143648E-008   1.7448582029848891E-009  -5.5638334402665360E-009  -8.1788076785532497E-010  -7.4800322954079008E-010  -4.0038982874041656E-009  -6.9903958492797150E-010  -1.0633302761140005E-009   1.7963404853899203E-009   4.9877077239445207E-010   1.4683941681887206E-009   7.8832401696195125E-011   1.8898505679094448E-009 -0.36719145326650887       -3.2556041709965659E-008   1.3477015889992033E-009  -1.4566297437250972E-008  -1.0548794264471866E-008   1.0082231619407250E-008   3.9785931657760051E-008  -5.4219378833330739E-008  -6.7497936691035208E-009   6.4768488570633548E-008 -0.27947408714977912       -8.3982435987764543E-009   7.7863886215726760E-009   3.0476149325984262E-008  -4.0403739088017531E-008  -5.0235809019288830E-009   4.8801441830125984E-008  -3.3938658158282835E-002   1.0240672492692457E-008  -5.1064133664921333E-010   4.7130702074429346E-009  0.14003441831930127        8.6133769007427766E-002   7.4886661270332291E-003   2.1014629051018089E-002  -2.9254327380667328E-002
   6.1624611445441631E-006  -1.7180447509279017E-012  -1.2088006240606839E-011   1.1841998622594998E-008  -5.8546066424863723E-012  -1.1071563177651698E-014   3.7998465870445432E-012   3.0418285367236011E-012   5.1355054647672261E-013   2.8127585764563963E-012  -3.0992177878714482E-005   6.8381717562656011E-012   4.7555848199040977E-011   2.0516392128386441E-008   3.0422150652677285E-005  -1.1113172439785174E-011  -7.6612006765874214E-011   1.0836374286204213E-008  -2.8133142079796101E-012   4.3636931603791749E-012   7.4475107541870898E-012   2.3181562742320349E-011   1.3311017212949092E-011  -2.0368275062982930E-011  -6.9235454646700517E-004   1.3133741471231511E-010   9.2250501774962050E-010  -1.5646094973495476E-011   2.1984388063396303E-012   2.2841820127969121E-011   3.3856943592386183E-012  -1.2292135677140975E-012   1.7605830494210920E-011  -1.9234729470921081E-012  -5.0378756077618253E-012   3.8216059704462423E-013  -1.3270259784962021E-011  -6.1387023293766269E-009  -7.6875960816202692E-003   1.4673266051507915E-009   9.9230410149874460E-009  -1.1060215985657445E-010  -2.1414947945447038E-011  -4.9535528131802773E-011   8.2759130193747086E-011  -6.6034383369081117E-012   2.7842795674809351E-011  -2.4188001484181511E-011  -9.3082047758999981E-011  -3.3255067921764992E-011  -4.0756262490912588E-011   6.9534339623370892E-011  -1.8758143783725247E-011   2.3547885117707888E-011   1.4019264816256646E-010   3.7846236801440214E-003  -4.9760863758530019E-010  -3.3643849594405650E-009   2.4839546419509211E-010   5.3048756081845487E-010   7.4642008444452657E-011   2.1449905801382394E-010  -4.7871632764061513E-010
  -1.6731377406067011E-012   6.1624565417096125E-006   1.4533677821145888E-012   4.2463198487592959E-010   1.0797343691495739E-012  -4.0955961806867817E-012   2.1368519266593278E-013  -8.2477390579081981E-013   2.2726399795666556E-012  -2.5495478945310426E-013   6.5963888354258624E-012  -3.0992164078091856E-005  -5.8534191710420553E-012   7.0565207418008966E-010  -1.1113172439785174E-011   3.0422126689115898E-005   1.0089366224778909E-011   4.1916029443915769E-010   2.2652044459879602E-012   5.3213849617044866E-012   2.2500571079291766E-012   5.2767788344838406E-013  -6.0283801263586154E-012  -2.7929633990026869E-012   1.2645321431499195E-010  -6.9235421185410116E-004  -1.1549513631688374E-010  -1.3514263509464670E-012   2.1158433085761139E-013   5.3779393953104347E-013   2.2013039445848764E-012   7.7501343404750806E-012  -3.8817456208511022E-013  -1.0967520018973801E-011  -4.1844843658861645E-012   1.4502818484743192E-011   2.7180629613351616E-012   1.8575950592099877E-010   1.4157554750022883E-009  -7.6875930244542558E-003  -1.2708150738064301E-009  -2.3295740105929744E-011  -8.7284273723221328E-011  -2.1512913565715031E-011   1.8896050497496986E-011  -1.7397193592963031E-011   4.3999160366803135E-012   6.3423380440752536E-010  -3.4424502221018307E-011  -7.6534966443693790E-011  -3.2135257559087150E-011   2.5502740133003813E-011   1.5763088142036800E-011   8.9214373359358948E-012   7.1724928029659169E-011  -4.8095589568475787E-010   3.7846225668934342E-003   4.2433786328471290E-010  -3.5889005967572912E-010  -2.1450260464038649E-010  -1.7963529416988232E-011  -4.9909458115924473E-011   6.2098369498498179E-011
  -1.2080593357935112E-011   1.5328494400703514E-012   6.1624394347362217E-006   4.1733759314913212E-009  -3.9025026215628564E-012   5.4739478739912838E-013  -3.4585074388961396E-012  -2.4613461735035120E-012  -1.1199364693166340E-012   6.3638693036902276E-012   4.7512959115617291E-011  -6.2449444471651862E-012  -3.0992093743502358E-005   7.4866558211724080E-009  -7.6612006765874214E-011   1.0089366224778909E-011   3.0421994764953958E-005   3.5331849922134829E-009   1.1072736214016957E-011   6.1510424530280661E-012  -4.1918372071523565E-012  -4.3870297859783758E-011  -1.6476476946648420E-011   3.2797543274428771E-011   9.2154528112254949E-010  -1.2284257845861539E-010  -6.9235270050913087E-004  -2.0714010789666787E-013  -7.0882552416566121E-014  -8.6053559848468292E-012  -5.1347676287555456E-012   1.8934023166583081E-012   5.4126760067271958E-012   6.8512359855465644E-013  -1.0629467959955289E-011  -8.4831318320449790E-013   1.4337016893849162E-011  -6.8775384592870542E-009   9.9079403238803115E-009  -1.3463747679670516E-009  -7.6875758224885038E-003   4.4480926211462115E-011  -2.0315472017600986E-011  -7.3882234027323473E-011  -1.2361384948592746E-011  -1.2232032523627989E-011  -3.2119636831291155E-011  -7.3164091085697836E-009   3.5797050710876283E-011  -3.3363581571625160E-011  -4.7883442755188916E-011  -4.0072914231235129E-012  -4.6283232032852803E-012  -3.1789775386832733E-011  -7.9871482303323904E-010  -3.3591601082904576E-009   4.4878434960788942E-010   3.7846171644432460E-003   4.2477681258452118E-009   2.7499800926519264E-009   2.5270973271415607E-010   6.9920620029791379E-010  -9.9638022202244623E-010
   8.0148786765110835E-009  -7.4397850800168005E-012  -1.4761876431386889E-008  0.18561494434783063        1.2171438548329721E-008   9.6136312611474669E-010  -7.7418379642150788E-010  -1.9282520797174120E-008  -1.3370713731295222E-009   7.1110703097552909E-009   9.5773849673602742E-009   5.2395668435911611E-010  -1.4334305727019862E-009  0.32366586495521610        1.0836374286204213E-008   4.1916029443915769E-010   3.5331849922134829E-009  0.16698195284105879       -3.6692761556308389E-009   5.2517863529942261E-009   1.5909352314929669E-008  -1.9495084748762316E-008  -1.9209510279016342E-009   2.3164303279997863E-008   1.0578475178011921E-008   4.6379716713326042E-010  -4.1274510590198158E-010  -4.0728073734371419E-010  -3.7274658992585478E-010  -2.0444135212952672E-009  -3.8720965028124409E-010  -5.4153556114979061E-010   9.3363353671874373E-010   2.3201362265957691E-010   7.9342196820276248E-010   6.1467819518341780E-011   9.3243268829847215E-010 -0.15998633142164273       -9.4877624834448443E-009  -3.6343419353499070E-009   1.8519690961744896E-008  -5.3081340402340038E-009   5.1290865043089404E-009   2.0182400750442042E-008  -2.7563235740000202E-008  -3.4395142281748982E-009   3.2871448828676573E-008  -9.8822775798879103E-002  -4.2597636267315836E-009   3.9625893694265471E-009   1.5457928103477782E-008  -2.0457506049726179E-008  -2.5648529778659021E-009   2.4717088256517725E-008  -1.2875555489613725E-002   2.5463342251177685E-010   1.0650547737954617E-009  -5.5498089722663831E-009   4.3703176935301791E-002   2.5484672841312960E-002   2.1127178219537048E-003   5.9550661045213475E-003  -7.8738853321137867E-003
  -6.0654677964423345E-013   4.6398906410068889E-013   2.2599793119363881E-012  -4.1003441206883959E-009  -2.7055449269184063E-016  -2.1338695770372612E-017   1.5909317947959258E-017   4.2510632323706823E-016   2.9217037099303656E-017  -1.5455159378111346E-016   3.2193954796259179E-012  -2.3574036167716662E-012  -1.1441854398152897E-011  -7.1660935247173746E-009  -2.8133142079796101E-012   2.2652044459879602E-012   1.1072736214016957E-011  -3.6692761556308389E-009   8.6259795763700798E-017  -1.1383195014223804E-016  -3.5403393696804031E-016   4.1112079001046140E-016   3.4153138323935430E-017  -4.9737932066563741E-016   7.8982906716406555E-011  -5.3655444191379575E-011  -2.5883082356498560E-010   1.0771182478916146E-017   8.1084299964089156E-018   3.9399243418927124E-017   6.0011520887860195E-018   1.3452059736812985E-017  -2.0452211833707298E-017  -5.8253036019060717E-018  -2.0662390224222512E-017  -2.9297738732667119E-019  -1.3965515846601412E-017   3.9266098370951899E-009   8.9285762840478875E-010  -5.9799584895146040E-010  -2.8811865952787180E-009   1.4482923619663106E-016  -1.2548771100302886E-016  -4.7151690980075965E-016   5.9927527831845237E-016   7.1115910681694984E-017  -7.4410742804380496E-016   2.8048844912292796E-009   1.1897338124673076E-016  -1.0267615366296794E-016  -3.5996344948841567E-016   4.4617412178777166E-016   5.8271346679079368E-017  -5.6514221193275403E-016   3.4529362324268583E-010   7.0481776095901738E-010   1.3353782978853279E-010   8.9585665093978751E-010  -1.3723345707733213E-009  -8.3876764579364014E-010  -7.2649835493928172E-011  -2.0381662815682093E-010   2.8185277456272950E-010
   8.8997415631367197E-013   1.0562135038265541E-012   1.2549696647320254E-012   5.8701391842494740E-009   3.8463322409331307E-016   2.9770065353989543E-017  -2.5259556672810734E-017  -6.1062707895768593E-016  -4.2045625738415216E-017   2.2599353749709266E-016  -4.5015379048629906E-012  -5.2108443135412763E-012  -6.3579608286479305E-012   1.0260131750302072E-008   4.3636931603791749E-012   5.3213849617044866E-012   6.1510424530280661E-012   5.2517863529942261E-009  -1.1383195014223804E-016   1.6912665799045682E-016   5.0380479675121722E-016  -6.2180077862043564E-016  -6.3053403615078457E-017   7.3563086869865593E-016  -1.0170087209070615E-010  -1.1221536491382181E-010  -1.4386317311320447E-010  -1.5681182225178323E-017  -1.1656114174938725E-017  -6.3090073292333303E-017  -1.1843119343139236E-017  -1.5720160757531062E-017   3.2881627032276746E-017   5.9242938628521297E-018   2.0572790853764086E-017   3.7078349764405569E-018   3.1690514409941937E-017  -5.6467096985695220E-009  -1.1317884854961618E-009  -1.2365646325614680E-009  -1.6015038878241842E-009  -1.8027847468535454E-016   1.4069553771524167E-016   6.1614855966493017E-016  -8.6297310097288148E-016  -1.1550408362978621E-016   1.0432557671933637E-015  -4.0553286383322877E-009  -1.4779329507244231E-016   1.0302282603060157E-016   4.6983832146144644E-016  -6.3760806323901572E-016  -8.2183568787608337E-017   7.8539360020509819E-016  -5.0078993796043847E-010   3.7372751490325958E-010   1.2886637568468946E-009   4.9179544209100594E-010   1.9758808465081189E-009   1.2029004450435211E-009   1.0370570200935666E-010   2.9121165610688760E-010  -4.0168318672583545E-010
   1.5156163235883790E-012   4.6002462144410063E-013  -8.8561461009279298E-013   1.7796715719912316E-008   1.1703539630850954E-015   9.1847864516425042E-017  -7.5302043046877613E-017  -1.8497520164389144E-015  -1.2755855989337693E-016   6.7939709721694506E-016  -7.6475769101067910E-012  -2.3332882623767168E-012   4.6096026437605621E-012   3.1116522575703273E-008   7.4475107541870898E-012   2.2500571079291766E-012  -4.1918372071523565E-012   1.5909352314929669E-008  -3.5403393696804031E-016   5.0380479675121722E-016   1.5293848846955765E-015  -1.8553267665133463E-015  -1.7836326339413502E-016   2.2093551349165663E-015  -1.7211062200934466E-010  -5.2946996276557013E-011   1.0974246419545252E-010  -4.3817304358399452E-017  -3.5891721791946278E-017  -1.8921191871163404E-016  -3.3133399453232932E-017  -5.2119558808234682E-017   9.1920443018210289E-017   2.2506405264682285E-017   7.3138254680434663E-017   5.6962229041857658E-018   8.6516039778628851E-017  -1.7375232678926596E-008  -1.9138539314544787E-009  -5.8974607331541778E-010   1.2337325899030466E-009  -5.5157663187432434E-016   4.8533883554447015E-016   1.9445321569081051E-015  -2.6317456201493111E-015  -3.3186024590041095E-016   3.1833358667876954E-015  -1.2700128503578953E-008  -4.4324206488764984E-016   3.7232445942697774E-016   1.4893664517522946E-015  -1.9572986692529518E-015  -2.4898090467148335E-016   2.4005164038464614E-015  -1.5584575153258684E-009   7.4008350481172293E-010   1.5721802697831112E-010   4.8903759089639093E-010   6.2527301085213026E-009   3.8236222073442086E-009   3.3111625723836253E-010   9.2896770094956492E-010  -1.2839193404325230E-009
   4.7419406860643318E-012   1.0491943515008424E-013  -8.9410250732275037E-012  -2.1786053840931863E-008  -1.4313734080523433E-015  -1.1377073161520290E-016   1.0125913912830082E-016   2.2712575759175744E-015   1.5884177430532404E-016  -8.3988301333074952E-016  -2.4072022020067891E-011  -5.1849722133019804E-013   4.5236788202521096E-011  -3.8075575616403342E-008   2.3181562742320349E-011   5.2767788344838406E-013  -4.3870297859783758E-011  -1.9495084748762316E-008   4.1112079001046140E-016  -6.2180077862043564E-016  -1.8553267665133463E-015   2.3706418939889011E-015   2.5999976466823254E-016  -2.7817558475942283E-015  -5.4678730936626565E-010  -1.1198980615640333E-011   1.0214350620585126E-009   3.6565748511112355E-017   4.6348216742807735E-017   2.7108585939365921E-016   5.3524158735450861E-017   6.0102559863654736E-017  -1.0258211030617317E-016  -3.1687154444420022E-017  -7.8285799341763802E-017  -3.8354569507054937E-018  -1.4370484001385581E-016   2.0875236218389594E-008  -6.0916095545226428E-009  -1.2348717974071001E-010   1.1365976053830343E-008   4.7781708428864406E-016  -5.9255436630275817E-016  -2.3139039797263162E-015   3.3318873019828274E-015   4.1715235475050006E-016  -3.8097197019040522E-015   1.4922421080684201E-008   3.7190401989284079E-016  -4.4501748764374381E-016  -1.7830495673843807E-015   2.4800088551521421E-015   2.9390139406237472E-016  -2.8518844065041669E-015   1.8366067025002540E-009   1.5314306123895821E-009   1.2285097411437315E-010  -3.8339618901910897E-009  -7.3037739019850601E-009  -4.4646908881942472E-009  -3.8676609215032994E-010  -1.0850182678728513E-009   1.5004667917283811E-009
   2.7150047528841138E-012  -1.2342969337850333E-012  -3.3606756309558055E-012  -2.1443962166971624E-009  -1.4152046531094466E-016  -1.0629346306446234E-017   1.2633531248157138E-017   2.2579521462580720E-016   1.5799310905608837E-017  -8.4274647988466235E-017  -1.3742003347533594E-011   6.2687544182869403E-012   1.7010766052139550E-011  -3.7460691105905503E-009   1.3311017212949092E-011  -6.0283801263586154E-012  -1.6476476946648420E-011  -1.9209510279016342E-009   3.4153138323935430E-017  -6.3053403615078457E-017  -1.7836326339413502E-016   2.5999976466823254E-016   3.8618977464540541E-017  -2.9415220930888626E-016  -3.1060679740983770E-010   1.4258391612599773E-010   3.8451373947825884E-010  -1.8554007345694429E-018   5.3483197069254092E-018   3.8587956955421768E-017   8.2197079208721069E-018   3.0626788339741400E-018  -5.7303784982704707E-018  -1.7948997661395473E-018  -4.3943802349353223E-018  -2.9401946677038231E-018  -2.5486484850964913E-017   2.0132488811865594E-009  -3.4569686044783201E-009   1.5889017838803562E-009   4.2795818068043513E-009  -7.0539527904704911E-018  -4.0102329091490639E-017  -2.1155108083972634E-016   3.5932956344544644E-016   4.7113320903596043E-017  -3.5227705246383774E-016   1.4030842720655966E-009  -6.7471679484646415E-018  -2.5698814953066561E-017  -1.6299519268802410E-016   2.6639911789832793E-016   2.0782219894557791E-017  -2.5964916585086167E-016   1.7408290947472756E-010   1.1153319922385632E-009  -3.7007717378501841E-010  -1.3773268938653259E-009  -6.7740290936094269E-010  -4.1188509347234602E-010  -3.5498712276961033E-011  -9.9687253142570916E-011   1.3755085834836083E-010
  -4.1353993346217705E-012  -5.6892508379901165E-013   6.6810411982031947E-012   2.5886333002393395E-008   1.7019236144349310E-015   1.3510910066988249E-016  -1.1716817013012426E-016  -2.6963571311431100E-015  -1.8805835066097996E-016   9.9443212541106248E-016   2.0852654066325033E-011   2.8759850021316518E-012  -3.3794906886661124E-011   4.5241555220412369E-008  -2.0368275062982930E-011  -2.7929633990026869E-012   3.2797543274428771E-011   2.3164303279997863E-008  -4.9737932066563741E-016   7.3563086869865593E-016   2.2093551349165663E-015  -2.7817558475942283E-015  -2.9415220930888626E-016   3.2791270667685925E-015   4.6780502776171590E-010   6.4856336439126329E-011  -7.6260347354365672E-010  -4.7336762924997518E-017  -5.4456512263612426E-017  -3.1048439704323328E-016  -5.9525197138480792E-017  -7.3554450745665120E-017   1.2303398297141792E-016   3.7512393459688413E-017   9.8947966805753636E-017   4.1283865146880500E-018   1.5766999584701248E-016  -2.4801772733029889E-008   5.1987588898714836E-009   7.2150432525475009E-010  -8.4847805971273166E-009  -6.2264429158314603E-016   7.1804054466245996E-016   2.7854138784989118E-015  -3.9311529307222411E-015  -4.8826698679492420E-016   4.5538154513614023E-015  -1.7727243994076724E-008  -4.9087575214749985E-016   5.4769253138981866E-016   2.1430077710485272E-015  -2.9261758349800151E-015  -3.5217185795047204E-016   3.4170178276428265E-015  -2.1818888656446620E-009  -2.2362501611515271E-009  -2.5639419198632368E-010   2.9381274065870845E-009   8.6761004494978840E-009   5.3034637899232049E-009   4.5941748271820777E-010   1.2888384239118110E-009  -1.7823249117406761E-009
