   2.6981457905900963E-005   1.1748586636213018E-013   1.2212923467090857E-016  -4.5324782068823116E-016  -2.2124986260864933E-013   2.2513944773031888E-016   1.0427921490462539E-013   1.3071710711080204E-017  -4.0803483690208328E-016  -1.0960510521564672E-015   1.5883605750991209E-003  -1.4545857752367648E-013  -5.0371244619401051E-016   8.8489605567852329E-016   2.5151957232226508E-013  -3.8162033585764506E-016  -1.0496952438999785E-013  -1.5654311554358536E-017  -1.9994451424770282E-016  -5.8918038633282948E-016   4.2366142567344320E-003   1.0037477311548142E-017  -7.9270655633037525E-018  -3.9017340372873909E-019   2.9436291869947694E-018   1.9292407755768716E-019   2.1727808994857133E-018  -1.7287281485545203E-017   8.6144782851289440E-019  -8.1217820634851781E-018  -1.3535785747771399E-018   3.4695217112671504E-012  -2.3681117348958599E-015  -9.7042332048329711E-015  -7.1279015849510943E-012   5.5401176919754247E-015   3.6520866926748320E-012   2.5014117355456715E-003  -1.5575322604217726E-016   2.4310386935188602E-016  -8.4020536462434310E-017   2.1795562961540145E-015   7.9889476905266190E-019   1.0151945264916811E-019   9.4159608490191271E-016  -5.8140232838173912E-021   1.3044467290533700E-015   4.0774086563176944E-019   2.5406706070335817E-019   7.4674450983725003E-019  -4.8908597843490535E-019   2.2882584926554783E-015  -7.6365027651852468E-020   1.2127393938590775E-015  -8.1364611801732130E-020   2.0530877731916945E-015  -1.6134119761541339E-019  -5.2386593503817854E-019   7.0196221451768553E-020   7.6874508062248420E-019   3.5281200292413084E-019   7.4671558708463889E-019  -2.4704379209767959E-018  -8.1077640527941611E-019  -5.5466358407375031E-019   6.9615069207607936E-019   1.1355043362564306E-011  -1.0812544756806733E-014  -2.8811124807765918E-014  -2.3462376120338737E-011   1.7115148593501414E-014   1.2119277127603056E-011  -1.3240008864001753E-014   1.8893969594642445E-014   1.1908411796695751E-014  -2.7850483292400762E-003  -4.3925350492139272E-015   7.5697327271230814E-015   4.7918291240559502E-015   4.4755009879607019E-011  -4.1438929885179107E-014  -1.1457224494261129E-013  -9.2414083460717014E-011   6.7814785463035067E-014   4.7725826552077240E-011  -3.2084714810256556E-003  -5.4043615941375741E-004  -2.3425565938443568E-015  -5.6173935439875120E-014  -3.5973839006569224E-014   1.8755369213894538E-003   1.2905687537632957E-003  -4.5951225708379840E-016   8.1600080253861977E-016   5.1543543219588750E-016   4.1529937824799469E-005  -3.2710180354152065E-004  -4.6790918108490821E-004
   1.1748586636213018E-013   1.5585764783014851E-006   5.6872342878130390E-018  -4.5079236988687078E-018  -7.7928824094940800E-007  -3.8542104886045870E-018  -7.7928823735895763E-007  -4.8726049055381472E-018   1.0613433872791727E-016   2.7744994730012268E-016   4.1033729319805604E-012   8.3943403140495687E-007  -4.1938612174937998E-018   1.2314627071982511E-017  -4.1971701331349189E-007  -1.1213921528437413E-018  -4.1971701819323366E-007  -7.6044446510541892E-018   4.9787740418618750E-017   1.3729710477944340E-016   1.1646168405137843E-011   1.1343647027323998E-018  -8.2547129179503127E-020   2.4455912165010058E-019   2.3542919124835577E-018  -6.1892185705481114E-020  -2.3313833180523582E-019   3.8162005664534398E-019  -1.7446518610281206E-019   2.0144500152604743E-019   4.6846261998161201E-018   1.1186371182674338E-004   2.9945768023276885E-016  -5.1110899606777168E-017  -5.5931855982484482E-005  -2.0137038921207430E-016  -5.5931855844809576E-005   6.5116467472525181E-012  -5.0283356587670764E-018   3.4556033464632095E-018   1.1573494032760403E-016  -1.2312852182280459E-016  -1.4361340274503827E-018  -1.5066249287760269E-018   6.7407331826879043E-016  -2.7393867400667025E-018   2.1396636563990969E-016   3.8924498804985940E-019  -2.4784834563119524E-018  -2.5171026229164369E-019  -5.3556344460529130E-018  -2.2648974353392780E-016  -4.7153313037147312E-018   1.7661077724612524E-016  -4.5328792781543738E-018   5.6640090450334168E-017   1.2616876279977129E-018   6.0449945690371744E-019   5.9148835786378851E-019  -8.6689417685992118E-019  -4.6665141476348104E-019   1.4582463004497024E-018  -8.9485301056559060E-019   8.7640718899103423E-019   2.2243933469380754E-019  -1.8062991267913633E-018   3.8745482663491180E-004   9.9982268436114085E-016  -1.4814697602907758E-016  -1.9372741353574356E-004  -7.5635630142371950E-016  -1.9372741309775439E-004   1.1792378723030959E-016  -2.1576473515638788E-015   2.3756450179498660E-015  -6.8806016762401333E-012  -1.7302922858962634E-017  -7.4999586449111403E-016   8.2371456226438105E-016   1.5167104639674061E-003   3.9592723460679880E-015  -7.0298437502141603E-016  -7.5835523285712025E-004  -2.9341669567053582E-015  -7.5835523109991541E-004  -8.1769528310082302E-012  -1.2131136342884995E-012   2.6196008570273694E-015   1.0845505331234748E-015  -1.3005518687819401E-015   4.3430572174155110E-012   2.9992794412857312E-012  -2.8792704795169792E-018  -7.9107138772302284E-017   8.6995108831202743E-017   8.7313051686897108E-014  -7.3467305563865212E-013  -1.0105041852694545E-012
   1.2212923467090857E-016   5.6872342878130390E-018   1.5585764776943744E-006  -1.3772139200324274E-018   3.1926548552674413E-018  -3.8441277693022047E-018   5.5318824762494264E-019  -2.2515511383285390E-018  -2.2071241045830394E-017  -3.5962909373676867E-019   9.6324587629226821E-015  -3.0551975916786224E-018   8.3943403164591160E-007  -2.8279635151011289E-018  -1.0834160428490938E-018   7.1340980516072672E-018   5.7892000354434134E-018   2.4960907148205057E-018  -1.4722159308593589E-017  -1.5870293587542034E-018   2.5675371544690521E-014  -3.4690162129134758E-019   2.8443133620476458E-019  -7.0091640745316724E-020  -4.7564611300512044E-019   7.1141034268453536E-020  -1.4777874410207465E-018   1.4671667624259282E-018  -2.8544133047065841E-019  -9.3592962664779710E-019  -1.9905370963738637E-018   1.0393717886602065E-016   1.1186371180257432E-004  -6.6080957918554762E-017   5.1381392113252650E-017  -1.1055434606223905E-016  -1.8522911734355278E-016   1.4882616017206591E-014   1.3595660906980329E-017   1.5680967694594635E-018  -1.6184043548320225E-018   2.0022293210898820E-017  -4.0916773637899396E-016  -9.3727422944256240E-019   7.7783453417278566E-018   1.1432831994506570E-018   1.0653480541882201E-017   5.0247805020703535E-016  -1.1545274901138133E-018  -1.2756698598444060E-016  -1.3224432866316778E-018   1.3688339933893276E-017  -2.2110348419075741E-018   7.6969660993133413E-018  -1.9247919737477321E-018   1.5772639517878784E-017   6.1041421743083889E-020   2.0871760843645461E-019  -1.4643030817258107E-019   4.3678429901467385E-020   1.7138237701911380E-019   5.7907991520409934E-020   5.9709244394720083E-019  -1.0972919309181656E-019   1.1522318044372329E-018   1.5574567208211823E-018   4.4136735463346869E-016   3.8745482656024903E-004  -2.4927778859810649E-016   2.2097711717426126E-016  -3.6564506617724359E-016  -5.2571243835522065E-016   1.5404302235756487E-015   1.5911199478291280E-016  -3.3149198913440667E-016  -1.7901297132421440E-014   4.9068856213398841E-016   9.3621486341061243E-017  -7.7803642954145608E-017   1.9013773570756305E-015   1.5167104636686498E-003  -9.6891148411431759E-016   1.0068325324785996E-015  -1.4528649973784596E-015  -1.9597425275941025E-015  -2.0835066671470695E-014  -3.6623357691628808E-015   1.2071711233667730E-015  -1.8239469979709458E-015  -1.5159596484027207E-015   1.2122245979463183E-014   8.2757207899290303E-015   5.1014175590027962E-017   1.0221726903752797E-017  -7.8234215731237549E-018   2.9721986080235151E-016  -2.0775781356801295E-015  -2.8667985342552315E-015
  -4.5324782068823116E-016  -4.5079236988687078E-018  -1.3772139200324274E-018   1.5585764758505514E-006   1.0691482735423212E-017  -5.0824167772428340E-019   3.9664186674069593E-018   1.3119749044239195E-017   6.3769034961097916E-017   8.8901480032224982E-018  -1.9526724538894424E-014   2.8693452323046634E-017  -2.7378095306368217E-018   8.3943403432395280E-007   7.2837646996855266E-018  -1.5487192690777657E-018   1.1687483136620747E-017   5.9673679905248589E-018   2.6844288822663177E-017   5.6097973548747827E-019  -5.4076783635077817E-014  -8.2984085491187014E-019   2.7163849428376568E-019   4.2045872386654396E-019  -4.3791528005083850E-019  -4.8247639603916943E-022   2.2937424947832477E-020  -1.1630932757695283E-018  -3.7918925849073923E-019  -3.4544740456927630E-019   6.9578720309848457E-019  -2.2152172130622873E-016  -2.7991067953108575E-017   1.1186371173226554E-004   2.6455543064744338E-016   5.6127176147494085E-017   1.5604867571899823E-016  -3.0517663670351565E-014  -1.6443155714733077E-017  -3.1226091251559472E-017  -1.8059103419930658E-017  -3.9726365936146205E-017   8.2901581171682296E-019  -1.7377812250224140E-016  -2.3824855602012725E-017  -1.4949615325423110E-018  -1.8820627928744741E-017   7.3115724527391388E-019   3.3014576659605264E-016  -6.5486819347469771E-020  -7.8791405653501988E-017  -4.0178689042759140E-017  -1.2969602676654764E-019  -2.3282307695520263E-017  -2.0848652988491404E-019  -3.8259295458402230E-017  -1.0290816849913098E-018   9.8243868397903007E-020   1.3927308410426098E-019  -7.3057631337508209E-019   6.6597704354012409E-021  -2.1583302193353152E-019   1.1026053135706405E-018   4.4093547430113211E-019   3.7712871270284772E-019   7.2761557591480839E-019  -9.8276802288659071E-016  -9.5555957981719102E-017   3.8745482633351357E-004   5.5615914361917216E-016   1.7447350970032699E-016   2.2317513043352803E-016  -1.5429993691977980E-015  -3.5891324976199920E-015  -1.6580823638099222E-015   3.3645520050587604E-014  -5.3402593756361854E-016  -1.2254211437701817E-015  -5.5194653482800748E-016  -4.1969788488494866E-015  -3.6916867220632531E-016   1.5167104627709280E-003   2.0533390121031889E-015   7.0027116736008460E-016   7.0665122262835224E-016   3.9183780965868921E-014   6.2029271081375015E-015   7.3275824284366431E-016   8.8199685180613965E-016  -1.9733339608291820E-016  -2.1089917472703116E-014  -1.4512769910190363E-014  -5.6104453640442025E-017  -1.2873736947206335E-016  -5.7724113577682681E-017  -3.6714336818040887E-016   3.5433378765696483E-015   5.9467443731599544E-015
  -2.2124986260864933E-013  -7.7928824094940800E-007   3.1926548552674413E-018   1.0691482735423212E-017   1.5585764780623937E-006  -9.2064409031673611E-019  -7.7928823712010217E-007  -4.5048995415445608E-018   5.7541828593892128E-017   3.1265337965467594E-016  -7.2522163245939600E-012  -4.1971701329303970E-007   4.4379108436135164E-018  -8.2721322259599270E-018   8.3943403117992023E-007  -5.6115263188735055E-018  -4.1971701793917868E-007   4.2244490455270337E-018   3.6800687341546454E-017   1.5908132876290852E-016  -2.0778415191613346E-011  -1.7609970441283202E-018  -9.2688101841622716E-019  -2.2214486847289155E-019  -2.6782833008306599E-018   1.4338680694598140E-018  -3.1912592239169641E-019  -1.1484500172418262E-018  -1.8643808808112893E-019  -1.0021010263617587E-018  -2.4460101217302368E-018  -5.5931855982223250E-005   1.7517972370459940E-016   5.8938312256078711E-016   1.1186371181654114E-004  -1.7612902543476039E-016  -5.5931855834615474E-005  -1.1518912685115546E-011   6.5099029957910748E-017   4.4844571896287086E-017   7.0536901810614023E-017   2.6925602659327892E-016   1.2675296918359453E-018  -1.6687104815135750E-020  -4.5077560406964555E-016   6.6379941998704761E-019   3.7893615975961333E-017  -8.4309520954400146E-019   1.7916164350587429E-018   8.0088400344541214E-019   4.8972965010049567E-019   6.5192656143684531E-016   3.0647256505683429E-019  -4.1976038775227177E-016   1.6481109587390270E-018   2.3851376538763152E-016  -1.2067924818984566E-018   3.3449318169875767E-019  -5.8829066875394356E-019   9.0096542908095988E-019   9.5015211615601937E-019  -1.2560322799617612E-018   1.1196544792071209E-019   1.4507854418483254E-021   2.5874282523182926E-019   1.5547262276840919E-019  -1.9372741353553929E-004   6.1836223895962553E-016   1.9950145031817983E-015   3.8745482660682863E-004  -6.2204828243149338E-016  -1.9372741307121984E-004   5.6520562243410602E-015   2.3796588349957693E-015  -2.0573634034126771E-015   1.1756148291647883E-011   1.8482640274622694E-015   7.7514257827309023E-016  -6.5201112824683997E-016  -7.5835523285796051E-004   2.4136738855060930E-015   7.8973765314965295E-015   1.5167104638469252E-003  -2.3999502241056820E-015  -7.5835523098869947E-004   1.4032207579904581E-011   1.9049287133273629E-012   2.1990183395641215E-015   1.1280724654932331E-015  -1.9450928659249371E-015  -7.2042887721601814E-012  -5.0570912193901339E-012   1.9260252153820324E-016   8.1930890183902676E-017  -6.6110367862786985E-017  -1.3444774622345396E-013   1.2249554584321997E-012   1.6855265414016866E-012
   2.2513944773031888E-016  -3.8542104886045870E-018  -3.8441277693022047E-018  -5.0824167772428340E-019  -9.2064409031673611E-019   1.5585764773388124E-006  -2.0152589644702293E-019   3.6990919488661858E-017   2.3593928568827064E-017  -1.4365673384146292E-017   9.1742779956913380E-015  -6.5279977477195535E-018   5.9313930794348198E-018  -4.3655754089662270E-018  -1.0589710333413044E-017   8.3943403215526565E-007  -5.8489665549406842E-018   1.1496952985338989E-017   9.1192382303120396E-018  -1.5642729685860980E-017   2.5554774460752981E-014   2.8232095620477244E-018   1.1522602758775982E-018   1.8411608408046523E-018   2.4544276927148356E-018  -7.3207144780860630E-019   6.1768886797046205E-019   1.1817599988016546E-018   1.7337222105396443E-018   3.0459322263878111E-019   3.0641222078226839E-018  -9.1776026993944543E-017  -1.8521554748279863E-016  -7.4675792001132591E-017   9.1736890139688425E-017   1.1186371178891155E-004  -8.5603410237173253E-017   1.4397102495393537E-014   5.9748123278842215E-018  -1.2544561873395019E-017  -4.9991977882233726E-018   1.5892587307371329E-017   2.2333526687041400E-018  -2.9551826091678884E-018   8.7405762977494278E-018  -2.0179758392736750E-016   1.0058758118553791E-017   2.3544008502530468E-018  -2.3581783288002134E-018   2.4969460311324469E-018  -1.7140726484680739E-018   1.3008388682682570E-017   4.7422249863917213E-016   6.9052025447829553E-018  -3.4050233355057136E-016   1.6648638513000653E-017   7.6218232704092754E-021   7.1990831073492864E-019  -6.5161742568894428E-020  -2.8964549308138365E-019   6.0768201503389155E-019   4.0419450795657775E-020   8.3399330380042426E-019  -1.6334143480608724E-019   4.8722936564039397E-019   8.3655220860138305E-019  -1.8687906549800036E-016  -5.7655039220632681E-016  -3.1210828919229648E-016   4.0155337098956331E-016   3.8745482651673512E-004  -1.4065992120833115E-016  -4.8800734551679136E-016  -1.3266014963099101E-015  -8.7451848929122673E-017  -1.4537576228134293E-014  -1.6840912671498358E-016  -4.5111543514494723E-016  -3.3059333107562228E-017  -6.3033794468110562E-016  -2.2908286302578093E-015  -1.1957770376505681E-015   1.6965090163274865E-015   1.5167104634954299E-003  -5.1385194775608013E-016  -1.6480686669635440E-014  -2.3818590873375351E-015   1.6635504012144071E-016   2.8939853586862056E-016   1.9267504952777577E-016   8.7579224171722686E-015   6.1612668979255465E-015  -1.7704157135473246E-017  -4.7409088503957951E-017  -3.5842758221532661E-018   1.3775983957292135E-016  -1.5165516439135011E-015  -2.7128946726633740E-015
   1.0427921490462539E-013  -7.7928823735895763E-007   5.5318824762494264E-019   3.9664186674069593E-018  -7.7928823712010217E-007  -2.0152589644702293E-019   1.5585764744930568E-006  -2.0409291673808427E-017   8.8279264203155121E-018   1.6327987074923490E-016   3.1879537794931378E-012  -4.1971701811562300E-007   4.8365134913384305E-018   1.4241838176836913E-018  -4.1971701787026117E-007   4.0526886565328369E-018   8.3943403613995099E-007  -5.2601147751347273E-018   1.0546100922997156E-018   8.4961650871111330E-017   9.2338333534181473E-012   6.2663233758526711E-019   1.0094281480664914E-018  -2.2414253563108478E-020   3.2399139367991909E-019  -1.3719758838025286E-018   5.5226425417641718E-019   7.6682995946232061E-019   3.6090327414426388E-019   8.0065602515046849E-019  -2.2386160781618157E-018  -5.5931855845013969E-005   2.0240287320434326E-016   1.9022214241836931E-016  -5.5931855834567430E-005   2.0329651282543270E-017   1.1186371168042966E-004   5.0707930234976847E-012   2.8164413075409151E-017  -1.1571212305586607E-017   5.4389092522585326E-017  -1.4612750478120906E-016   1.6860433312319796E-019   1.5233120324914977E-018  -2.2329771422366790E-016   2.0755873207379925E-018  -2.5185998163173898E-016   4.5385022455694517E-019   6.8686702339552117E-019  -5.4917374193903846E-019   4.8659047954907072E-018  -4.2543681791123200E-016   4.4088587371629476E-018   2.4314961049155973E-016   2.8847683204973540E-018  -2.9515385585151600E-016  -5.4895139660662423E-020  -9.3899263967712722E-019  -3.1976887331308933E-021  -3.4071260903028398E-020  -4.8350070139726176E-019  -2.0221402033038184E-019   7.8288756399818793E-019  -8.7785797431070462E-019  -4.8118216073353081E-019   1.6508265036841438E-018  -1.9372741310108297E-004   7.2683401902084147E-016   6.7636948568710788E-016  -1.9372741307285420E-004   1.4129965960687897E-016   3.8745482617245382E-004   3.2300347888999063E-015  -1.2080799104797885E-015   1.4073459963473200E-015  -4.8841401311931116E-012   1.0113914451569157E-015  -3.6847038790197554E-016   3.7737651315709596E-016  -7.5835523111614136E-004   2.8067426603512749E-015   2.6829399011039112E-015  -7.5835523099673026E-004   4.9141074182304936E-016   1.5167104621022359E-003  -5.8279828535551589E-012  -6.8465628330233638E-013   3.3925878946525606E-015  -1.7554946631249106E-015   4.1299856106926979E-015   2.8453054040492481E-012   2.0489935265236798E-012   1.0478314255118503E-016  -3.8645052086437705E-017   3.7821712608840474E-017   4.6868262259444668E-014  -4.8874555262735339E-013  -6.7512193811476944E-013
   1.3071710711080204E-017  -4.8726049055381472E-018  -2.2515511383285390E-018   1.3119749044239195E-017  -4.5048995415445608E-018   3.6990919488661858E-017  -2.0409291673808427E-017  0.13868539423070031        6.7626480486363576E-015  -1.3408529868500200E-014   1.3398544546585852E-016   1.3879349254196002E-016  -6.2720654275738250E-018  -1.8713107452452929E-017   1.3957421571669561E-016  -9.7422544737543843E-018   2.1829552878525736E-016   7.0092973890914442E-002  -4.9496784365789878E-015   7.0066517190300751E-015  -7.2850859564662991E-016   7.9802250166652467E-014  -2.4731809449968503E-016   8.8925292979624726E-017  -1.5951350465325033E-013   4.1487676805258739E-017   4.1861912592868894E-014   2.5643794185836816E-016   2.2044423898246690E-017   1.0583054999600341E-016   2.8614024380286805E-017   1.0158849865414298E-015   1.3286367153640742E-016   9.2305019784274029E-017   9.5385694984555231E-016  -1.3453763822208878E-016  -3.7565825234284184E-016  -1.7563339356021192E-015   4.0211160396708849E-002   5.6245232000246160E-015  -7.6876254470012335E-015  -5.5977637443480661E-017  -3.5158256760654637E-017   3.4002712618777076E-017  -5.1474395532309218E-017   4.1156503823932051E-017   1.4354854445576693E-016  -3.5447695905424987E-017   1.7111283949425527E-017  -1.5233171267813698E-017   3.5449861490973867E-017  -1.2743416436464003E-016   9.2683472188450233E-017   1.2154672848595141E-016   9.1887115627213632E-017   5.3884932699998889E-016  -1.6593114350039745E-013  -2.8095770927177096E-017   5.5038887362494194E-016   2.9703702086772854E-013  -1.8200779917486532E-016  -6.2332605796412073E-014   6.4624601338637002E-018  -9.5613814449592166E-017   1.2510456009732925E-017  -1.8671172336491966E-016   1.3228834402433787E-015   1.4183629075907022E-016   5.5838942560062340E-016   6.8943696573126624E-016   3.5806767615206626E-016   2.3997670082039602E-016  -2.7303729570023638E-002  -1.2055427655861007E-014   1.9410150349958486E-014  -4.3282903713003866E-015  -1.1376078964929997E-002  -4.8686264148059002E-015   7.9903563122778010E-015   5.9686145115595722E-015   6.4332585692181022E-016   2.1358841579460140E-015   3.5920568326755298E-015   1.1949130280120727E-015   7.6402879371792603E-016  -2.3630062410693199E-015  -1.1150318360606112E-015   1.0257568143647609E-002   5.6030613560799330E-015  -6.8168128445441085E-015   3.6586716152109228E-016   4.0194506025307886E-016  -9.1710428453294025E-004  -4.1477555042197809E-016   7.0682809080245647E-016   2.2412291144710740E-016   6.1724836519892451E-017  -1.2004990938714352E-016
  -4.0803483690208328E-016   1.0613433872791727E-016  -2.2071241045830394E-017   6.3769034961097916E-017   5.7541828593892128E-017   2.3593928568827064E-017   8.8279264203155121E-018   6.7626480486363576E-015  0.13868539422837070        5.2711236437828765E-015  -1.4908426431104406E-016  -1.9573421544964020E-016  -2.3830963074284502E-017  -7.7087105050060561E-017  -1.1638385884778404E-016  -1.0753360893398510E-016  -5.0915169711183050E-017  -4.4024838200180813E-015   7.0092973890596447E-002  -3.0934120287301181E-015  -3.8251069727405648E-016  -3.0739050526203448E-017   1.1454580250327462E-013   1.0511909095078365E-016  -3.4512354723151585E-016   3.0723254644684238E-017  -1.6429157523873180E-018  -1.8988357110041787E-013   1.5536939388558257E-016   1.1841169507780016E-013   2.5085200780577837E-016  -6.9379089464103044E-016   1.4536960025092029E-016   6.9862684676037550E-016  -1.2794632532604368E-015   1.3467202862276459E-015  -1.8379149752663248E-015  -1.1264937184557912E-014   5.3763691683306981E-015   4.0211160397881786E-002   2.5163546158575710E-015   1.3532360961148184E-015  -5.2090651971715277E-017  -1.3484181399876332E-016   8.1514959037534635E-016  -2.1779684669207936E-016   9.7193474534756455E-016  -4.5892213749116211E-017  -5.6768916904698610E-017  -2.0997757191129416E-017  -1.3359935231401986E-016   1.4404619473094193E-015  -4.8547704948722009E-016   9.9958017786525239E-016  -4.9163308273021880E-016   1.9667391282681595E-015   9.7292045049565216E-017  -2.3161286315847817E-013   1.3483252817695712E-016   3.0132436360796378E-017   3.5147076394607570E-016   5.5666750162310171E-017   3.2681443172506514E-013  -1.9030297785318374E-016  -2.1415315211415733E-013   2.5755749745809925E-016   4.5831342330814501E-015   4.3830256291947215E-017   1.0410751906754815E-015   3.2295793364184201E-015   8.3448877402952764E-019   4.6279629060477736E-015  -7.2743689091444513E-015  -2.7303729569072253E-002  -1.2574205032843994E-014  -3.8298380077448508E-014  -3.1036784947478314E-015  -1.1376078964198216E-002  -4.9010502777488176E-015   3.0421945493631474E-014   2.9021036791199273E-016   4.4491658740150113E-015   2.4908863284638714E-014   1.2089925695026209E-015   2.9531294726654498E-014  -1.8162784665054470E-014  -8.7292793030651489E-015   9.5964017567800161E-016   1.0257568142876310E-002   9.1552990975587749E-015   2.6931516549071421E-015   3.4350269829119533E-015  -2.3232938574582192E-016  -9.1710428448138319E-004  -4.7620119916333255E-016   1.9508199016867026E-015   4.7676897713571177E-016   5.9054958146869322E-016
  -1.0960510521564672E-015   2.7744994730012268E-016  -3.5962909373676867E-019   8.8901480032224982E-018   3.1265337965467594E-016  -1.4365673384146292E-017   1.6327987074923490E-016  -1.3408529868500200E-014   5.2711236437828765E-015  0.13868539422967979        3.6710825189647209E-016   4.8665852640542431E-016   1.3004021426800389E-017  -2.1943510309236955E-017   5.5460375041414418E-016   4.3731378765355229E-017   6.7765549913988028E-016   7.7189326651598355E-015  -2.3620976407279580E-015   7.0092973891394031E-002  -4.0896021919786639E-015  -2.5507273176330994E-016   1.4247806653519249E-018   2.9130413110784331E-014  -1.3427570960538574E-016  -1.9175421798347593E-016  -8.8117426037727795E-017   7.2555687312570219E-018  -1.6901471534854462E-013   4.7854770666288297E-017   7.4469542932894869E-014   3.6203872264958713E-015   2.8946436978339825E-017   3.4594440495199471E-018   2.8477512260898787E-015  -4.6221043791050664E-016   2.2058360625658623E-015  -2.1716209765800255E-015  -7.6902142170242581E-015   2.8998047929862454E-015   4.0211160396279019E-002  -1.3993882171866453E-015   2.0183788335650120E-017   4.8571207970611136E-017  -6.4328148268291229E-016   1.0065280797220654E-016  -5.2989664985844404E-016   2.6316234893199923E-017   2.4584697972554200E-017   1.0858797906593064E-017   5.1063981682616598E-017  -7.8875735586612116E-016   2.2602350765817798E-016  -3.5094405025534525E-016   2.2244635678075450E-016  -4.1218444364815072E-016  -2.3539796966383423E-016   3.4646792934120952E-017  -7.8169985186149356E-014  -1.2622106070336642E-016  -5.3730871734520524E-018   4.8095018842434739E-016   3.6185021508205667E-017   2.9883258555650212E-013  -3.1681209046680251E-016  -1.6425852159173103E-013   3.8669008678918639E-016   3.5006493164831664E-016   4.4476014610088047E-016   1.4629845294128441E-015   5.2642384202398682E-016   1.7330976808770569E-015   2.3001656645785081E-014  -7.6486060109248331E-015  -2.7303729568825600E-002  -2.2253337878771575E-014   9.2564308113631772E-015  -3.2104886908919134E-015  -1.1376078964531643E-002   1.3949295286356962E-014   1.3022944464876590E-015   1.6341039965428821E-015   1.7191879048193239E-014   1.5170590440681879E-015   1.7596485256410134E-014  -1.3032095033924285E-014  -4.8900920148984564E-015  -1.0742600991341132E-014   2.1821201542712787E-015   1.0257568143064536E-002   1.8682542539602142E-015   2.2504249945609515E-015   8.4334092545548656E-016  -2.9236756005371536E-016  -9.1710428450635019E-004   1.1334825324180391E-015   2.6665241988908735E-016   7.7335878255445618E-016
   1.5883605750991209E-003   4.1033729319805604E-012   9.6324587629226821E-015  -1.9526724538894424E-014  -7.2522163245939600E-012   9.1742779956913380E-015   3.1879537794931378E-012   1.3398544546585852E-016  -1.4908426431104406E-016   3.6710825189647209E-016  0.10151443702853633       -1.0175627044516540E-011  -2.8214531909564865E-014   5.6621963166911428E-014   1.8348085255351252E-011  -2.5249337830292135E-014  -8.0478805355674546E-012  -1.3247554821770172E-015   3.3795741155271928E-015   3.1124830118937706E-016  0.26828190702007515        6.0455149874962308E-016  -4.6599618060644764E-016  -5.1093491693055113E-017   2.1293371997247981E-016  -1.3298645825788423E-017   1.4784039315719978E-016  -1.0362596499738156E-015   7.3719677726820133E-018  -4.7629594296478581E-016  -1.2682914081512395E-016  -1.9061197833115074E-012   4.3910363279516798E-014  -4.5294813446054406E-014   6.1975609804252598E-012   1.4988727512102956E-014  -4.4483394239437486E-012  0.16161243849665038        5.0116179210707047E-016  -1.5052349024058693E-015  -6.0045364978697961E-016   8.6557419781255949E-014   2.5893922058137384E-017   1.7405364338633668E-017   2.1394441530778619E-014  -2.7642484852206021E-018   4.4632647764058056E-014   3.2539637962377013E-017  -3.4536233508951159E-019   3.4634500866773558E-017  -7.6745699614669890E-018   9.5507618079279411E-014  -2.6601253831531428E-018   3.7994573138009437E-014  -1.2612087937654937E-017   7.9913798746092712E-014   8.3573234792299082E-018  -4.8646985095627222E-017   3.2415715736870399E-019   3.1285209189524101E-017  -2.2046293510767029E-018   4.8324655064503759E-017  -1.2847134367925365E-016  -3.3226424747740891E-017  -4.4748374638702861E-017   1.6747925418868770E-017  -4.5891328456114382E-011  -3.8219680535015000E-015   1.3192499390831089E-013   9.4140105749897658E-011  -7.3231330623554580E-014  -4.7849904313126782E-011   4.3006630211652298E-015  -3.8963748015958864E-014  -2.9918647424011018E-014 -0.12413821812514787        1.7687703863268337E-015  -1.5891681373739776E-014  -1.1688282085613617E-014  -1.6225258098396972E-010   3.6966823630595664E-014   4.1038973006081844E-013   3.3480423763841702E-010  -2.3815593076326226E-013  -1.7095141044865329E-010 -0.10946662681035250       -1.8383441299751922E-002  -1.4410825013753763E-014   1.3189247743922670E-013   7.4547206219363051E-014   5.2236108289664490E-002   3.4191120620982951E-002   1.9101874188130497E-016  -1.7283886701400726E-015  -1.2584298511199571E-015   1.0010368100522157E-003  -8.1532651348308754E-003  -1.0906560427047999E-002
  -1.4545857752367648E-013   8.3943403140495687E-007  -3.0551975916786224E-018   2.8693452323046634E-017  -4.1971701329303970E-007  -6.5279977477195535E-018  -4.1971701811562300E-007   1.3879349254196002E-016  -1.9573421544964020E-016   4.8665852640542431E-016  -1.0175627044516540E-011   4.5211095053140920E-007  -5.5540172857068478E-018   2.3394197240241590E-017  -2.2605547215956593E-007  -3.0018555074820205E-018  -2.2605547842665487E-007   7.2624062882082505E-017  -1.0722398404404331E-016   2.4515758352767786E-016  -2.6733524452684319E-011   6.1095763798124646E-019  -4.4459022267132229E-020   1.3171715159785827E-019   1.2679985490450610E-018  -3.3334522484432980E-020  -1.2556604152506320E-019   2.0553696483627654E-019  -9.3965248521638066E-020   1.0849636235826797E-019   2.5230938150689384E-018   6.0248699947646409E-005  -2.7784271088542088E-016   2.2061465513382816E-015  -3.0124349768584435E-005  -4.2800076004518577E-016  -3.0124350179358561E-005  -1.6018745980670880E-011   1.0299579614585795E-016   7.7519182127934444E-017   1.6003568773930840E-016  -6.6315832253838330E-017  -7.7348772884375006E-019  -8.1145344210127292E-019   3.6304928214982813E-016  -1.4754068786777358E-018   1.1524018022305527E-016   2.0964353248855973E-019  -1.3348869166707330E-018  -1.3556868598803683E-019  -2.8844922807315398E-018  -1.2198517418448703E-016  -2.5396312797199661E-018   9.5120825403637869E-017  -2.4413643984869690E-018   3.0505783368079658E-017   6.7953260683347579E-019   3.2557750415766143E-019   3.1856983675463925E-019  -4.6690072610123982E-019  -2.5133388359511439E-019   7.8539717259759792E-019  -4.8195906341441504E-019   4.7202433918502293E-019   1.1980365948189445E-019  -9.7285503202233247E-019   2.0867937610857435E-004  -9.8248234661492125E-016   7.6568374087694200E-015  -1.0433968733205460E-004  -1.5141513937590653E-015  -1.0433968877575828E-004   6.2453058203332500E-015   9.3333761095415402E-015   1.3699060358302155E-015   1.7388291590953061E-011   1.9192569129225310E-015   3.2583470844509981E-015   4.4888965258962520E-016   8.1688540598901839E-004  -3.8215121685172946E-015   2.9906779808705567E-014  -4.0844270017748513E-004  -5.9128776140334714E-015  -4.0844270580594783E-004   1.9502329420208295E-011   3.4626914150652394E-012   8.0364228683371301E-015  -5.6970941911364879E-015   2.3180056458674983E-016  -1.1028948981355291E-011  -7.4160309130859052E-012   1.9817339406143346E-016   3.4327309908918839E-016   4.7705074990364436E-017  -2.3812375637276357E-013   1.8418707244730360E-012   2.5319080308162122E-012
  -5.0371244619401051E-016  -4.1938612174937998E-018   8.3943403164591160E-007  -2.7378095306368217E-018   4.4379108436135164E-018   5.9313930794348198E-018   4.8365134913384305E-018  -6.2720654275738250E-018  -2.3830963074284502E-017   1.3004021426800389E-017  -2.8214531909564865E-014  -5.5540172857068478E-018   4.5211095096706958E-007  -2.5981694992364139E-018   8.8056677201286737E-019   8.1520479663691531E-018   5.5624401676213300E-018  -4.2457726044419742E-018  -1.1175944239510932E-017   8.7521429650785918E-018  -7.5304192013361027E-014  -1.8683781600882059E-019   1.5319193313083604E-019  -3.7750671644448821E-020  -2.5617834114818811E-019   3.8315864542237082E-020  -7.9592184747991637E-019   7.9020165433928418E-019  -1.5373590566678635E-019  -5.0408253354100208E-019  -1.0720837918647915E-018  -4.6487342576498068E-016   6.0248699975391814E-005  -1.7885345745913598E-016   2.2277949203876574E-016   5.1476990916312981E-016   2.2598440643923094E-016  -4.4559027179392523E-014  -1.7813698538026757E-017  -8.9892639653809049E-018   4.7389246880434809E-018   1.0783811048543792E-017  -2.2037373685771077E-016  -5.0480672338709556E-019   4.1893406234820145E-018   6.1576113689392977E-019   5.7378602875852831E-018   2.7062975833103870E-016  -6.2181720320831413E-019  -6.8706329706867466E-017  -7.1225500667793547E-019   7.3724058240531319E-018  -1.1908417162609080E-018   4.1455105570041039E-018  -1.0366741140960375E-018   8.4949891775182807E-018   3.2876310376883158E-020   1.1241326048109313E-019  -7.8865930053840131E-020   2.3524777058441807E-020   9.2304870338356936E-020   3.1188677217996348E-020   3.2158814450871133E-019  -5.9099069606821197E-020   6.2058076899484043E-019   8.3883094172764323E-019  -1.5663273146004116E-015   2.0867937620954846E-004  -6.3046868869517999E-016   7.9479155738227618E-016   1.7922778859499849E-015   8.4512443239462544E-016  -1.6755339695537232E-015   1.7266863909283594E-016   5.7788361304073839E-016   4.9839485592318852E-014  -4.9535585086760430E-016   9.5872944310713111E-018   1.3652619501708194E-016  -6.0379512133753946E-015   8.1688540638079343E-004  -2.4642844148785074E-015   3.1876254838594970E-015   7.0043617899612028E-015   3.3611609634076707E-015   5.7853384166055559E-014   9.9049245369871138E-015  -3.0785679643947940E-015   2.2484498162043462E-015   2.6460200783637194E-015  -3.2778672054056542E-014  -2.2224412813440239E-014  -5.0635919126752804E-017  -1.1102399322509854E-019   1.3107514757939647E-017  -6.0529528490593687E-016   5.5295276471098426E-015   8.6512117767320341E-015
   8.8489605567852329E-016   1.2314627071982511E-017  -2.8279635151011289E-018   8.3943403432395280E-007  -8.2721322259599270E-018  -4.3655754089662270E-018   1.4241838176836913E-018  -1.8713107452452929E-017  -7.7087105050060561E-017  -2.1943510309236955E-017   5.6621963166911428E-014   2.3394197240241590E-017  -2.5981694992364139E-018   4.5211095438665821E-007  -3.6336885349035456E-018  -3.0379507817610428E-018   5.9112323015080594E-018  -1.1177243312535816E-017  -4.6800533753505636E-017  -1.2734771884852289E-017   1.4974519239348392E-013  -4.4694416454986748E-019   1.4630182882880846E-019   2.2645495128215623E-019  -2.3585687925321381E-019  -2.5985705479947663E-022   1.2353872620173692E-020  -6.2643064843215578E-019  -2.0422761970585430E-019  -1.8605459435948413E-019   3.7474417587271543E-019   9.3880746998244590E-016  -1.6480923821887528E-016   6.0248700201010498E-005  -8.6452090547888642E-016  -2.6345419202640002E-016   3.2937259171908271E-017   8.9438337474813143E-014   7.3808192342025467E-017   8.5096218219664179E-017   6.5466885739169029E-017  -2.1396231759477734E-017   4.4649980223523336E-019  -9.3595195814604910E-017  -1.2831833981918353E-017  -8.0517164801983168E-019  -1.0136605929682536E-017   3.9379413496120372E-019   1.7781327837470337E-016  -3.5270559724488633E-020  -4.2436279863485343E-017  -2.1639848555393520E-017  -6.9853011819981031E-020  -1.2539622982067423E-017  -1.1228880339639317E-019  -2.0606081963907740E-017  -5.5425331772238753E-019   5.2913193996186638E-020   7.5011122909306456E-020  -3.9348125808418846E-019   3.5868871644663543E-021  -1.1624555290465170E-019   5.9385241924572677E-019   2.3748352510083395E-019   2.0311783863404225E-019   3.9188662905890120E-019   3.1356191877063601E-015  -5.7008744706931974E-016   2.0867937700005083E-004  -3.1883636160675920E-015  -9.2324291900505456E-016  -5.6822997035036872E-017   5.9997263578303170E-015   7.6399340818353215E-015   5.7566784189808751E-015  -9.5265025141661862E-014   2.0261515403501191E-015   2.6599746969630938E-015   1.9100071101433433E-015   1.2086086024668196E-014  -2.2290010862112178E-015   8.1688540946978333E-004  -1.2547664704590815E-014  -3.6047684006777316E-015  -3.1236931964254983E-016  -1.0677918630597204E-013  -1.8745604487167172E-014  -5.7440990231680748E-016  -4.3925494218592411E-015   1.0299961867787465E-015   5.9568048315646791E-014   3.9947883661778397E-014   2.1262658088060924E-016   2.8037632403539726E-016   1.9973588120470072E-016   1.2751099483923101E-015  -9.8774195731874133E-015  -1.3237169919750429E-014
   2.5151957232226508E-013  -4.1971701331349189E-007  -1.0834160428490938E-018   7.2837646996855266E-018   8.3943403117992023E-007  -1.0589710333413044E-017  -4.1971701787026117E-007   1.3957421571669561E-016  -1.1638385884778404E-016   5.5460375041414418E-016   1.8348085255351252E-011  -2.2605547215956593E-007   8.8056677201286737E-019  -3.6336885349035456E-018   4.5211095035836312E-007  -8.4587744930212905E-018  -2.2605547822696442E-007   8.0334412747992808E-017  -5.0931985815237107E-017   2.8256797420227274E-016   4.8032980950214832E-011  -9.4845562325630453E-019  -4.9920914755358430E-019  -1.1964505896810128E-019  -1.4424971209873150E-018   7.7226730664208291E-019  -1.7187806692138067E-019  -6.1854418068199809E-019  -1.0041371796662202E-019  -5.3972191096915964E-019  -1.3173971142025406E-018  -3.0124349769911657E-005  -1.0682610924651997E-016   4.2692147021259666E-016   6.0248699935242479E-005  -8.1932817559643868E-016  -3.0124350165491097E-005   2.8935648490302862E-011  -1.6722578401521066E-017  -1.5179724169972867E-016   2.0704308485095673E-016   1.4501868761180033E-016   6.8267908993447334E-019  -8.9875136827582433E-021  -2.4278331433016698E-016   3.5751586269764613E-019   2.0409147541392642E-017  -4.5408282020859582E-019   9.6494706888189705E-019   4.3134829319800830E-019   2.6376357454207204E-019   3.5112129285677279E-016   1.6506310594937551E-019  -2.2607882008891807E-016   8.8765641603013077E-019   1.2846120549056240E-016  -6.4996661897904786E-019   1.8015473887067433E-019  -3.1684759051037802E-019   4.8525117384366022E-019   5.1174263070325763E-019  -6.7648667560503351E-019   6.0303468099118959E-020   7.8136792850126892E-022   1.3935633989553150E-019   8.3736036560135506E-020  -1.0433968733702890E-004  -3.6375665942129857E-016   1.4537128876288364E-015   2.0867937606951846E-004  -2.8443161723507549E-015  -1.0433968873245212E-004  -2.9942239616820448E-015  -8.4152705642768456E-015   3.6756689058979519E-015  -2.9824290299125552E-011  -1.1795815666002697E-015  -2.9093010058014128E-015   1.1961476666181278E-015  -4.0844270019784054E-004  -1.4276778016292521E-015   5.7379151345804680E-015   8.1688540583045122E-004  -1.1115313973782773E-014  -4.0844270563246773E-004  -3.2302637940716106E-011  -5.8004466119709890E-012   7.9307450790529999E-015   4.0454156838285788E-015   1.3699928351691297E-015   1.8192086389183986E-011   1.2182708487668495E-011  -1.2668212776928803E-016  -3.0624025412353730E-016   1.2636073785140022E-016   3.9889337307415421E-013  -3.0326724823635970E-012  -4.1563544502458139E-012
