   2.0781821728193810E-032  -1.6552874654980942E-032  -8.0403374727706069E-032   6.8305563158200239E-017   4.7737718969585002E-017   2.5382966841494228E-032   2.4334541168711280E-032  -2.5120779029169707E-032  -3.3629755397369985E-031   1.6198149028262480E-032   5.4393794221406483E-035  -3.5115754046966786E-031   3.7142908937182520E-033  -3.3629755397369985E-031   3.3829604292063740E-017  -1.1618017466252059E-031   2.4058485040413174E-032   4.8410580868069314E-031   4.8797262625599396E-032  -8.4788477973924955E-033  -9.9648610903502045E-032   2.1764305213892352E-032  -5.2397660565699189E-035   2.2526246590658769E-032  -1.4743145820832937E-032  -9.9417066520223117E-032  -8.4504520128418253E-033  -2.2575494873131217E-031   8.8856115675765525E-032   1.4380830449194168E-033  -8.0101338355235457E-034   9.6584051066877982E-032   2.8442208896868287E-034   9.6858548582350469E-032   1.5454153837805307E-017   3.3218790614755290E-032  -2.6699180222766821E-033  -1.3789444714398691E-031
  -1.6552874654980942E-032   1.3184487044838305E-032   6.4041882425523667E-032  -5.4405886066362685E-017  -3.8023446103679197E-017  -2.0217720755865059E-032  -1.9382641956055314E-032   2.0008886224887266E-032   2.6786348812487649E-031  -1.2901945460525976E-032  -4.3325059252831037E-035   2.7969957723484911E-031  -2.9584601581123712E-033   2.6786348812487649E-031  -2.6945529934675519E-017   9.2538368086060866E-032  -1.9162761208870451E-032  -3.8559385580564094E-031  -3.8867380459332572E-032   6.7534649581991804E-033   7.9370855327416745E-032  -1.7335430015240510E-032   4.1735124037830838E-035  -1.7942321955177974E-032   1.1743024648376863E-032   7.9186428514233123E-032   6.7308475058629694E-033   1.7981548576279893E-031  -7.0774553085210519E-032  -1.1454437776121433E-033   6.3801308221772880E-034  -7.6929910760006302E-032  -2.2654429671193354E-034  -7.7148550060552095E-032  -1.2309347790667290E-017  -2.6459012324704977E-032   2.1266094445350435E-033   1.0983394666001165E-031
  -8.0403374727706069E-032   6.4041882425523667E-032   3.1107487842769515E-031  -2.6426931490539199E-016  -1.8469380390027325E-016  -9.8204874498024807E-032  -9.4148590917815253E-032   9.7190488694937748E-032   1.3011110674419399E-030  -6.2669474469012734E-032  -2.1044568069372925E-034   1.3586032872439720E-030  -1.4370324530798024E-032   1.3011110674419399E-030  -1.3088430775511309E-016   4.4949274618442484E-031  -9.3080549596908330E-032  -1.8729705822857088E-030  -1.8879310215858304E-031   3.2804052774067577E-032   3.8553331408381773E-031  -8.4204532725189695E-032   2.0272278303703912E-034  -8.7152429153036636E-032   5.7040171626988053E-032   3.8463748550543981E-031   3.2694191524376593E-032   8.7342967218568986E-031  -3.4377792567792861E-031  -5.5638399492836854E-033   3.0990632140922138E-033  -3.7367675231833591E-031  -1.1004086215002630E-033  -3.7473876347823416E-031  -5.9791010546247766E-017  -1.2852111353529106E-031   1.0329720947713345E-032   5.3350370586358823E-031
   6.8305563158200239E-017  -5.4405886066362685E-017  -2.6426931490539199E-016  0.22450630264185137       0.15690403953767343        8.3428578466825021E-017   7.9982619448140944E-017  -8.2566821186434780E-017  -1.1053407210078722E-015   5.3239976069801663E-017   1.7878118651955835E-019  -1.1541824327406465E-015   1.2208108343293456E-017  -1.1053407210078722E-015  0.11119093421216225       -3.8186027971625990E-016   7.9075279872559219E-017   1.5911559786517629E-015   1.6038654107489799E-016  -2.7868224514112191E-017  -3.2752443817097702E-016   7.1534783804108613E-017  -1.7222030676246048E-019   7.4039128010033421E-017  -4.8457680524188767E-017  -3.2676339952369958E-016  -2.7774893425027684E-017  -7.4200996960352197E-016   2.9205173158854007E-016   4.7266824600952551E-018  -2.6327658362390497E-018   3.1745186184872780E-016   9.3483676338542573E-019   3.1835407858531152E-016   5.0794617278073335E-002   1.0918331559436406E-016  -8.7754700469989615E-018  -4.5323061624479269E-016
   4.7737718969585002E-017  -3.8023446103679197E-017  -1.8469380390027325E-016  0.15690403953767343       0.10965784627665261        5.8306964304753449E-017   5.5898635969422260E-017  -5.7704695251265312E-017  -7.7250581453961019E-016   3.7208609343886256E-017   1.2494745148873040E-019  -8.0664054384844454E-016   8.5320612011149771E-018  -7.7250581453961019E-016   7.7709652390862069E-002  -2.6687634031392195E-016   5.5264510143261016E-017   1.1120347074765886E-015   1.1209171362227620E-016  -1.9476678158040689E-017  -2.2890184726044922E-016   4.9994572153389675E-017  -1.2036215243611616E-019   5.1744820220719964E-017  -3.3866335739359812E-017  -2.2836996892742705E-016  -1.9411450479710558E-017  -5.1857947967611130E-016   2.0411051227063402E-016   3.3034064650912001E-018  -1.8399999910990523E-018   2.2186227690133270E-016   6.5334319240690302E-019   2.2249282245325114E-016   3.5499585285202147E-002   7.6306558280466013E-017  -6.1330425160158405E-018  -3.1675598276812192E-016
   2.5382966841494228E-032  -2.0217720755865059E-032  -9.8204874498024807E-032   8.3428578466825021E-017   5.8306964304753449E-017   3.1002816504883587E-032   2.9722266876651661E-032  -3.0682579682841727E-032  -4.1075463802142530E-031   1.9784458025648888E-032   6.6436710561900224E-035  -4.2890466112457262E-031   4.5366437951399163E-033  -4.1075463802142530E-031   4.1319559720857813E-017  -1.4190274364142914E-031   2.9385091260258230E-032   5.9128799439397186E-031   5.9601093464337308E-032  -1.0356085010743431E-032  -1.2171105206494262E-031   2.6582974524457316E-032  -6.3998628133098031E-035   2.7513611547263942E-032  -1.8007313622646560E-032  -1.2142824320054311E-031  -1.0321402331471382E-032  -2.7573763517449634E-031   1.0852907254045413E-031   1.7564780759803554E-033  -9.7835966549163635E-034   1.1796799133936280E-031   3.4739382079705951E-034   1.1830326326231737E-031   1.8875740517790306E-017   4.0573510432194273E-032  -3.2610442681747964E-033  -1.6842460806664829E-031
   2.4334541168711280E-032  -1.9382641956055314E-032  -9.4148590917815253E-032   7.9982619448140944E-017   5.5898635969422260E-017   2.9722266876651661E-032   2.8494609454200669E-032  -2.9415257212321334E-032  -3.9378870529947333E-031   1.8967274839549518E-032   6.3692588749690278E-035  -4.1118905440659921E-031   4.3492608996416313E-033  -3.9378870529947333E-031   3.9612884237650777E-017  -1.3604155017255514E-031   2.8171360640559287E-032   5.6686525779260745E-031   5.7139312030190791E-032  -9.9283341704816518E-033  -1.1668386227884920E-031   2.5484983374549031E-032  -6.1355209608517118E-035   2.6377181086740567E-032  -1.7263534141795085E-032  -1.1641273463657706E-031  -9.8950840349928707E-033  -2.6434848521914851E-031   1.0404635518888245E-031   1.6839279788999862E-033  -9.3794920453480417E-034   1.1309540605572921E-031   3.3304496226668472E-034   1.1341682980665628E-031   1.8096091272088671E-017   3.8897649992487888E-032  -3.1263491179905767E-033  -1.6146794755772706E-031
  -2.5120779029169707E-032   2.0008886224887266E-032   9.7190488694937748E-032  -8.2566821186434780E-017  -5.7704695251265312E-017  -3.0682579682841727E-032  -2.9415257212321334E-032   3.0365650677113113E-032   4.0651183769719617E-031  -1.9580098787417859E-032  -6.5750467069993400E-035   4.2447438410068234E-031  -4.4897835238654444E-033   4.0651183769719617E-031  -4.0892758352953321E-017   1.4043699024268248E-031  -2.9081564377817959E-032  -5.8518041419375342E-031  -5.8985456986334318E-032   1.0249114092404016E-032   1.2045386433445015E-031  -2.6308391494854470E-032   6.3337568281159936E-035  -2.7229415705786053E-032   1.7821311009396274E-032   1.2017397668244974E-031   1.0214789660292775E-032   2.7288946349332960E-031  -1.0740804518850271E-031  -1.7383349193110397E-033   9.6825391300164463E-034  -1.1674946673714710E-031  -3.4380549219628526E-034  -1.1708127554199723E-031  -1.8680767678591915E-017  -4.0154415217479140E-032   3.2273600236219305E-033   1.6668490286172238E-031
  -3.3629755397369985E-031   2.6786348812487649E-031   1.3011110674419399E-030  -1.1053407210078722E-015  -7.7250581453961019E-016  -4.1075463802142530E-031  -3.9378870529947333E-031   4.0651183769719617E-031   5.4420659693784691E-030  -2.6212321366013275E-031  -8.8021638272409583E-034   5.6825346432049088E-030  -6.0105748121668547E-032   5.4420659693784691E-030  -5.4744061055459729E-016   1.8800617708233343E-030  -3.8932148380559653E-031  -7.8339426376133504E-030  -7.8965166173752857E-031   1.3720720984291743E-031   1.6125431418873622E-030  -3.5219639082166136E-031   8.4791436057229262E-034  -3.6452635037137064E-031   2.3857792364262617E-031   1.6087962225483605E-030   1.3674770090224554E-031   3.6532330056897630E-030  -1.4378958085673652E-030  -2.3271482969240300E-032   1.2962234259925306E-032  -1.5629515329061082E-030  -4.6026019310180688E-033  -1.5673935324686402E-030  -2.5008366457770061E-016  -5.3755624390478449E-031   4.3205399023504360E-032   2.2314485172474270E-030
   1.6198149028262480E-032  -1.2901945460525976E-032  -6.2669474469012734E-032   5.3239976069801663E-017   3.7208609343886256E-017   1.9784458025648888E-032   1.8967274839549518E-032  -1.9580098787417859E-032  -2.6212321366013275E-031   1.2625458700083108E-032   4.2396609716638213E-035  -2.7370565715174947E-031   2.8950607996576010E-033  -2.6212321366013275E-031   2.6368091260574119E-017  -9.0555284706343855E-032   1.8752106103871670E-032   3.7733063717984858E-031   3.8034458312592764E-032  -6.6087392148010388E-033  -7.7669949775599116E-032   1.6963934344261095E-032  -4.0840746575361649E-035   1.7557820680747081E-032  -1.1491373387505846E-032  -7.7489475201422540E-032  -6.5866064510836896E-033  -1.7596206681229054E-031   6.9257865004006688E-032   1.1208970888735822E-033  -6.2434055734446392E-034   7.5281314284980908E-032   2.2168948633575196E-034   7.5495268178035380E-032   1.2045560309607251E-017   2.5891999650177879E-032  -2.0810365223857720E-033  -1.0748022161973830E-031
   5.4393794221406483E-035  -4.3325059252831037E-035  -2.1044568069372925E-034   1.7878118651955835E-019   1.2494745148873040E-019   6.6436710561900224E-035   6.3692588749690278E-035  -6.5750467069993400E-035  -8.8021638272409583E-034   4.2396609716638213E-035   1.4236888798765858E-037  -9.1911052098426517E-034   9.7216874051644459E-036  -8.8021638272409583E-034   8.8544717519047514E-020  -3.0408693693233064E-034   6.2970046691895879E-035   1.2670858254472093E-033   1.2772067321816408E-034  -2.2192313472707121E-035  -2.6081765625872199E-034   5.6965320685542957E-035  -1.3714426019866815E-037   5.8959606027736088E-035  -3.8588322546652590E-035  -2.6021161807294975E-034  -2.2117991092224514E-035  -5.9088507188452419E-034   2.3256966278485861E-034   3.7640007811499458E-036  -2.0965513862737814E-036   2.5279655785297583E-034   7.4443890346708798E-037   2.5351502043850757E-034   4.0449296251017374E-020   8.6945989847061849E-035  -6.9881732887121827E-036  -3.6092130325845738E-034
  -3.5115754046966786E-031   2.7969957723484911E-031   1.3586032872439720E-030  -1.1541824327406465E-015  -8.0664054384844454E-016  -4.2890466112457262E-031  -4.1118905440659921E-031   4.2447438410068234E-031   5.6825346432049088E-030  -2.7370565715174947E-031  -9.1911052098426517E-034   5.9336289109541738E-030  -6.2761641971815019E-032   5.6825346432049088E-030  -5.7163037935922546E-016   1.9631360965087517E-030  -4.0652443971051465E-031  -8.1801012118568798E-030  -8.2454401492679993E-031   1.4326998746744530E-031   1.6837966167624306E-030  -3.6775889952770999E-031   8.8538116875736489E-034  -3.8063368323757010E-031   2.4911997095065616E-031   1.6798841322264147E-030   1.4279017419635983E-031   3.8146584828891005E-030  -1.5014321383605668E-030  -2.4299780435510614E-032   1.3534996754876808E-032  -1.6320137023997750E-030  -4.8059771912098023E-033  -1.6366519806825488E-030  -2.6113411628207860E-016  -5.6130925200984223E-031   4.5114516822477091E-032   2.3300495758663006E-030
   3.7142908937182520E-033  -2.9584601581123712E-033  -1.4370324530798024E-032   1.2208108343293456E-017   8.5320612011149771E-018   4.5366437951399163E-033   4.3492608996416313E-033  -4.4897835238654444E-033  -6.0105748121668547E-032   2.8950607996576010E-033   9.7216874051644459E-036  -6.2761641971815019E-032   6.6384732886250993E-034  -6.0105748121668547E-032   6.0462933809905703E-018  -2.0764636056624529E-032   4.2999219736849274E-033   8.6523203802647879E-032   8.7214311901613251E-033  -1.5154064727806284E-033  -1.7809984749720937E-032   3.8898880820632907E-033  -9.3649226731304128E-036   4.0260682473195063E-033  -2.6350111642421165E-033  -1.7768601313487444E-032  -1.5103313544702133E-033  -4.0348702883297278E-032   1.5881064981802043E-032   2.5702553067849083E-034  -1.4316342210936367E-034   1.7262262473815495E-032   5.0834156352880873E-035   1.7311322832209607E-032   2.7620881181945393E-018   5.9371239487310566E-033  -4.7718878194700106E-034  -2.4645581894602170E-032
  -3.3629755397369985E-031   2.6786348812487649E-031   1.3011110674419399E-030  -1.1053407210078722E-015  -7.7250581453961019E-016  -4.1075463802142530E-031  -3.9378870529947333E-031   4.0651183769719617E-031   5.4420659693784691E-030  -2.6212321366013275E-031  -8.8021638272409583E-034   5.6825346432049088E-030  -6.0105748121668547E-032   5.4420659693784691E-030  -5.4744061055459729E-016   1.8800617708233343E-030  -3.8932148380559653E-031  -7.8339426376133504E-030  -7.8965166173752857E-031   1.3720720984291743E-031   1.6125431418873622E-030  -3.5219639082166136E-031   8.4791436057229262E-034  -3.6452635037137064E-031   2.3857792364262617E-031   1.6087962225483605E-030   1.3674770090224554E-031   3.6532330056897630E-030  -1.4378958085673652E-030  -2.3271482969240300E-032   1.2962234259925306E-032  -1.5629515329061082E-030  -4.6026019310180688E-033  -1.5673935324686402E-030  -2.5008366457770061E-016  -5.3755624390478449E-031   4.3205399023504360E-032   2.2314485172474270E-030
   3.3829604292063740E-017  -2.6945529934675519E-017  -1.3088430775511309E-016  0.11119093421216225        7.7709652390862069E-002   4.1319559720857813E-017   3.9612884237650777E-017  -4.0892758352953321E-017  -5.4744061055459729E-016   2.6368091260574119E-017   8.8544717519047514E-020  -5.7163037935922546E-016   6.0462933809905703E-018  -5.4744061055459729E-016   5.5069384268896973E-002  -1.8912342656100316E-016   3.9163507387783256E-017   7.8804967905865752E-016   7.9434426238022239E-017  -1.3802258030598256E-017  -1.6221258748196802E-016   3.5428936053223926E-017  -8.5295319435960533E-020   3.6669259235998065E-017  -2.3999570185049382E-017  -1.6183566889586790E-016  -1.3756034067777490E-017  -3.6749427853066240E-016   1.4464406785680980E-016   2.3409776575433192E-018  -1.3039263907004159E-018   1.5722395616955065E-016   4.6299534504615092E-019   1.5767079583784551E-016   2.5156981704465332E-002   5.4075073699314339E-017  -4.3462152340250905E-018  -2.2447091703348054E-016
  -1.1618017466252059E-031   9.2538368086060866E-032   4.4949274618442484E-031  -3.8186027971625990E-016  -2.6687634031392195E-016  -1.4190274364142914E-031  -1.3604155017255514E-031   1.4043699024268248E-031   1.8800617708233343E-030  -9.0555284706343855E-032  -3.0408693693233064E-034   1.9631360965087517E-030  -2.0764636056624529E-032   1.8800617708233343E-030  -1.8912342656100316E-016   6.4950191379525985E-031  -1.3449826635356143E-031  -2.7063795534036636E-030  -2.7279968854721547E-031   4.7400753933981659E-032   5.5708268365810001E-031  -1.2167272023741807E-031   2.9292760933328839E-034  -1.2593233151659813E-031   8.2421131262790871E-032   5.5578824146514370E-031   4.7242008119879114E-032   1.2620765261858389E-030  -4.9674755053058550E-031  -8.0395617633117037E-033   4.4780422056010662E-033  -5.3995035032662394E-031  -1.5900534807028435E-033  -5.4148492076559345E-031  -8.6396001063845677E-017  -1.8570869032449326E-031   1.4926099656696260E-032   7.7089492748586372E-031
   2.4058485040413174E-032  -1.9162761208870451E-032  -9.3080549596908330E-032   7.9075279872559219E-017   5.5264510143261016E-017   2.9385091260258230E-032   2.8171360640559287E-032  -2.9081564377817959E-032  -3.8932148380559653E-031   1.8752106103871670E-032   6.2970046691895879E-035  -4.0652443971051465E-031   4.2999219736849274E-033  -3.8932148380559653E-031   3.9163507387783256E-017  -1.3449826635356143E-031   2.7851778829116638E-032   5.6043461966189381E-031   5.6491111715119584E-032  -9.8157050696265683E-033  -1.1536017612293411E-031   2.5195876389077475E-032  -6.0659183268919486E-035   2.6077952823682702E-032  -1.7067692997189749E-032  -1.1509212420938361E-031  -9.7828321306341091E-033  -2.6134966067402428E-031   1.0286603155845775E-031   1.6648251474570131E-033  -9.2730891244345012E-034   1.1181242809828205E-031   3.2926683050758898E-034   1.1213020555090383E-031   1.7890805425140995E-017   3.8456386909597807E-032  -3.0908831592434123E-033  -1.5963622136498749E-031
   4.8410580868069314E-031  -3.8559385580564094E-031  -1.8729705822857088E-030   1.5911559786517629E-015   1.1120347074765886E-015   5.9128799439397186E-031   5.6686525779260745E-031  -5.8518041419375342E-031  -7.8339426376133504E-030   3.7733063717984858E-031   1.2670858254472093E-033  -8.1801012118568798E-030   8.6523203802647879E-032  -7.8339426376133504E-030   7.8804967905865752E-016  -2.7063795534036636E-030   5.6043461966189381E-031   1.1277088075509946E-029   1.1367164338976884E-030  -1.9751201426526493E-031  -2.3212821280196920E-030   5.0699244338386066E-031  -1.2205865382206263E-033   5.2474162106381206E-031  -3.4343680854546642E-031  -2.3158883765777456E-030  -1.9685054365778805E-031  -5.2588884385901650E-030   2.0698744459483089E-030   3.3499678926906794E-032  -1.8659347427785544E-032   2.2498941988302809E-030   6.6255204759088860E-033   2.2562885295798498E-030   3.5999951009957991E-016   7.7382097220734843E-031  -6.2194875896365704E-032  -3.2122065004846300E-030
   4.8797262625599396E-032  -3.8867380459332572E-032  -1.8879310215858304E-031   1.6038654107489799E-016   1.1209171362227620E-016   5.9601093464337308E-032   5.7139312030190791E-032  -5.8985456986334318E-032  -7.8965166173752857E-031   3.8034458312592764E-032   1.2772067321816408E-034  -8.2454401492679993E-031   8.7214311901613251E-033  -7.8965166173752857E-031   7.9434426238022239E-017  -2.7279968854721547E-031   5.6491111715119584E-032   1.1367164338976884E-030   1.1457960090771467E-031  -1.9908965062987575E-032  -2.3398234765614910E-031   5.1104206901418326E-032  -1.2303360297440387E-034   5.2893301907316684E-032  -3.4618002596503833E-032  -2.3343866422800111E-031  -1.9842289649527592E-032  -5.3008940536359851E-031   2.0864076639819269E-031   3.3767259164364628E-033  -1.8808389829846444E-033   2.2678653329802998E-031   6.6784421276684047E-034   2.2743107387429785E-031   3.6287502286515984E-017   7.8000190307372716E-032  -6.2691660349056172E-033  -3.2378641487277272E-031
  -8.4788477973924955E-033   6.7534649581991804E-033   3.2804052774067577E-032  -2.7868224514112191E-017  -1.9476678158040689E-017  -1.0356085010743431E-032  -9.9283341704816518E-033   1.0249114092404016E-032   1.3720720984291743E-031  -6.6087392148010388E-033  -2.2192313472707121E-035   1.4326998746744530E-031  -1.5154064727806284E-033   1.3720720984291743E-031  -1.3802258030598256E-017   4.7400753933981659E-032  -9.8157050696265683E-033  -1.9751201426526493E-031  -1.9908965062987575E-032   3.4593146313932775E-033   4.0655983682418611E-032  -8.8796946551724465E-033   2.1377903953110794E-035  -9.1905617701267442E-033   6.0151073907066068E-033   4.0561515083378532E-032   3.4477293363964465E-033   9.2106547483472413E-032  -3.6252715981112245E-032  -5.8672850808552452E-034   3.2680823902944092E-034  -3.9405663245616571E-032  -1.1604235827459789E-034  -3.9517656442598727E-032  -6.3051940268774833E-018  -1.3553050031886679E-032   1.0893091490476698E-033   5.6260035560466026E-032
  -9.9648610903502045E-032   7.9370855327416745E-032   3.8553331408381773E-031  -3.2752443817097702E-016  -2.2890184726044922E-016  -1.2171105206494262E-031  -1.1668386227884920E-031   1.2045386433445015E-031   1.6125431418873622E-030  -7.7669949775599116E-032  -2.6081765625872199E-034   1.6837966167624306E-030  -1.7809984749720937E-032   1.6125431418873622E-030  -1.6221258748196802E-016   5.5708268365810001E-031  -1.1536017612293411E-031  -2.3212821280196920E-030  -2.3398234765614910E-031   4.0655983682418611E-032   4.7781401384682987E-031  -1.0435960861419214E-031   2.5124621692243387E-034  -1.0801310929270431E-031   7.0693225098772854E-032   4.7670376102789865E-031   4.0519826201953343E-032   1.0824925427565857E-030  -4.2606411570543677E-031  -6.8955926801972992E-033   3.8408505293748148E-033  -4.6311948250379767E-031  -1.3638008470427200E-033  -4.6443569512803487E-031  -7.4102500866759531E-017  -1.5928374249134473E-031   1.2802228102320461E-032   6.6120238586027638E-031
   2.1764305213892352E-032  -1.7335430015240510E-032  -8.4204532725189695E-032   7.1534783804108613E-017   4.9994572153389675E-017   2.6582974524457316E-032   2.5484983374549031E-032  -2.6308391494854470E-032  -3.5219639082166136E-031   1.6963934344261095E-032   5.6965320685542957E-035  -3.6775889952770999E-031   3.8898880820632907E-033  -3.5219639082166136E-031   3.5428936053223926E-017  -1.2167272023741807E-031   2.5195876389077475E-032   5.0699244338386066E-031   5.1104206901418326E-032  -8.8796946551724465E-033  -1.0435960861419214E-031   2.2793236687274325E-032  -5.4874817615179449E-035   2.3591199680891003E-032  -1.5440144259452148E-032  -1.0411711771545594E-031  -8.8499564286670064E-033  -2.3642776230098726E-031   9.3056886301004958E-032   1.5060700030011327E-033  -8.3888217250919743E-034   1.0115016833976058E-031   2.9786845613679829E-034   1.0143764302727044E-031   1.6184765962655255E-017   3.4789245487322971E-032  -2.7961413341385598E-033  -1.4441355883979648E-031
  -5.2397660565699189E-035   4.1735124037830838E-035   2.0272278303703912E-034  -1.7222030676246048E-019  -1.2036215243611616E-019  -6.3998628133098031E-035  -6.1355209608517118E-035   6.3337568281159936E-035   8.4791436057229262E-034  -4.0840746575361649E-035  -1.3714426019866815E-037   8.8538116875736489E-034  -9.3649226731304128E-036   8.4791436057229262E-034  -8.5295319435960533E-020   2.9292760933328839E-034  -6.0659183268919486E-035  -1.2205865382206263E-033  -1.2303360297440387E-034   2.1377903953110794E-035   2.5124621692243387E-034  -5.4874817615179449E-035   1.3211136485852467E-037  -5.6795917033360155E-035   3.7172215241486004E-035   2.5066241901676310E-034   2.1306309041950327E-035   5.6920087802515297E-034  -2.2403486322129639E-034  -3.6258701589547203E-036   2.0196125214094162E-036  -2.4351947534015690E-034  -7.1711961877479719E-037  -2.4421157191522965E-034  -3.8964895268293596E-020  -8.3755261583906371E-035   6.7317225650003322E-036   3.4767627832852863E-034
   2.2526246590658769E-032  -1.7942321955177974E-032  -8.7152429153036636E-032   7.4039128010033421E-017   5.1744820220719964E-017   2.7513611547263942E-032   2.6377181086740567E-032  -2.7229415705786053E-032  -3.6452635037137064E-031   1.7557820680747081E-032   5.8959606027736088E-035  -3.8063368323757010E-031   4.0260682473195063E-033  -3.6452635037137064E-031   3.6669259235998065E-017  -1.2593233151659813E-031   2.6077952823682702E-032   5.2474162106381206E-031   5.2893301907316684E-032  -9.1905617701267442E-033  -1.0801310929270431E-031   2.3591199680891003E-032  -5.6795917033360155E-035   2.4417098370868750E-032  -1.5980684591840506E-032  -1.0776212908785793E-031  -9.1597824451335057E-033  -2.4470480551201658E-031   9.6314692666471891E-032   1.5587956489758454E-033  -8.6825039865677356E-034   1.0469131048822471E-031   3.0829646196256154E-034   1.0498884930859037E-031   1.6751374578875003E-017   3.6007173895455928E-032  -2.8940307800376691E-033  -1.4946929872052082E-031
  -1.4743145820832937E-032   1.1743024648376863E-032   5.7040171626988053E-032  -4.8457680524188767E-017  -3.3866335739359812E-017  -1.8007313622646560E-032  -1.7263534141795085E-032   1.7821311009396274E-032   2.3857792364262617E-031  -1.1491373387505846E-032  -3.8588322546652590E-035   2.4911997095065616E-031  -2.6350111642421165E-033   2.3857792364262617E-031  -2.3999570185049382E-017   8.2421131262790871E-032  -1.7067692997189749E-032  -3.4343680854546642E-031  -3.4618002596503833E-032   6.0151073907066068E-033   7.0693225098772854E-032  -1.5440144259452148E-032   3.7172215241486004E-035  -1.5980684591840506E-032   1.0459157601157757E-032   7.0528961703035761E-032   5.9949627085991894E-033   1.6015622559233991E-031  -6.3036758163667836E-032  -1.0202121984787666E-033   5.6825899445233725E-034  -6.8519149450403631E-032  -2.0177616703555743E-034  -6.8713884875959560E-032  -1.0963564530016344E-017  -2.3566243634966404E-032   1.8941068423608369E-033   9.7825781046367917E-032
  -9.9417066520223117E-032   7.9186428514233123E-032   3.8463748550543981E-031  -3.2676339952369958E-016  -2.2836996892742705E-016  -1.2142824320054311E-031  -1.1641273463657706E-031   1.2017397668244974E-031   1.6087962225483605E-030  -7.7489475201422540E-032  -2.6021161807294975E-034   1.6798841322264147E-030  -1.7768601313487444E-032   1.6087962225483605E-030  -1.6183566889586790E-016   5.5578824146514370E-031  -1.1509212420938361E-031  -2.3158883765777456E-030  -2.3343866422800111E-031   4.0561515083378532E-032   4.7670376102789865E-031  -1.0411711771545594E-031   2.5066241901676310E-034  -1.0776212908785793E-031   7.0528961703035761E-032   4.7559608800212172E-031   4.0425673979624962E-032   1.0799772536226576E-030  -4.2507410940214940E-031  -6.8795700207743279E-033   3.8319258955136179E-033  -4.6204337402633336E-031  -1.3606319074741636E-033  -4.6335652828741254E-031  -7.3930315648049005E-017  -1.5891362939506450E-031   1.2772480733203411E-032   6.5966601021721972E-031
  -8.4504520128418253E-033   6.7308475058629694E-033   3.2694191524376593E-032  -2.7774893425027684E-017  -1.9411450479710558E-017  -1.0321402331471382E-032  -9.8950840349928707E-033   1.0214789660292775E-032   1.3674770090224554E-031  -6.5866064510836896E-033  -2.2117991092224514E-035   1.4279017419635983E-031  -1.5103313544702133E-033   1.3674770090224554E-031  -1.3756034067777490E-017   4.7242008119879114E-032  -9.7828321306341091E-033  -1.9685054365778805E-031  -1.9842289649527592E-032   3.4477293363964465E-033   4.0519826201953343E-032  -8.8499564286670064E-033   2.1306309041950327E-035  -9.1597824451335057E-033   5.9949627085991894E-033   4.0425673979624962E-032   3.4361828407210029E-033   9.1798081316778044E-032  -3.6131305108199433E-032  -5.8476354578127649E-034   3.2571375348534171E-034  -3.9273693106473035E-032  -1.1565373072955216E-034  -3.9385311236610184E-032  -6.2840778404078501E-018  -1.3507660670276928E-032   1.0856610368696279E-033   5.6071619883387908E-032
  -2.2575494873131217E-031   1.7981548576279893E-031   8.7342967218568986E-031  -7.4200996960352197E-016  -5.1857947967611130E-016  -2.7573763517449634E-031  -2.6434848521914851E-031   2.7288946349332960E-031   3.6532330056897630E-030  -1.7596206681229054E-031  -5.9088507188452419E-034   3.8146584828891005E-030  -4.0348702883297278E-032   3.6532330056897630E-030  -3.6749427853066240E-016   1.2620765261858389E-030  -2.6134966067402428E-031  -5.2588884385901650E-030  -5.3008940536359851E-031   9.2106547483472413E-032   1.0824925427565857E-030  -2.3642776230098726E-031   5.6920087802515297E-034  -2.4470480551201658E-031   1.6015622559233991E-031   1.0799772536226576E-030   9.1798081316778044E-032   2.4523979438980052E-030  -9.6525261842814501E-031  -1.5622035850529289E-032   8.7014862172370901E-033  -1.0492019314786286E-030  -3.0897047887802425E-033  -1.0521838246611830E-030  -1.6787997476690758E-016  -3.6085895020340235E-031   2.9003578902717531E-032   1.4979607780529739E-030
   8.8856115675765525E-032  -7.0774553085210519E-032  -3.4377792567792861E-031   2.9205173158854007E-016   2.0411051227063402E-016   1.0852907254045413E-031   1.0404635518888245E-031  -1.0740804518850271E-031  -1.4378958085673652E-030   6.9257865004006688E-032   2.3256966278485861E-034  -1.5014321383605668E-030   1.5881064981802043E-032  -1.4378958085673652E-030   1.4464406785680980E-016  -4.9674755053058550E-031   1.0286603155845775E-031   2.0698744459483089E-030   2.0864076639819269E-031  -3.6252715981112245E-032  -4.2606411570543677E-031   9.3056886301004958E-032  -2.2403486322129639E-034   9.6314692666471891E-032  -6.3036758163667836E-032  -4.2507410940214940E-031  -3.6131305108199433E-032  -9.6525261842814501E-031   3.7991901750719286E-031   6.1487618872872824E-033  -3.4248651921695761E-033   4.1296108331011277E-031   1.2160936788259446E-033   4.1413474283363965E-031   6.6076790526027260E-017   1.4203243296372306E-031  -1.1415676052613644E-032  -5.8959051360973965E-031
   1.4380830449194168E-033  -1.1454437776121433E-033  -5.5638399492836854E-033   4.7266824600952551E-018   3.3034064650912001E-018   1.7564780759803554E-033   1.6839279788999862E-033  -1.7383349193110397E-033  -2.3271482969240300E-032   1.1208970888735822E-033   3.7640007811499458E-036  -2.4299780435510614E-032   2.5702553067849083E-034  -2.3271482969240300E-032   2.3409776575433192E-018  -8.0395617633117037E-033   1.6648251474570131E-033   3.3499678926906794E-032   3.3767259164364628E-033  -5.8672850808552452E-034  -6.8955926801972992E-033   1.5060700030011327E-033  -3.6258701589547203E-036   1.5587956489758454E-033  -1.0202121984787666E-033  -6.8795700207743279E-033  -5.8476354578127649E-034  -1.5622035850529289E-032   6.1487618872872824E-033   9.9514030633754401E-035  -5.5429393087200299E-035   6.6835279440624897E-033   1.9681748265192810E-035   6.7025229209243079E-033   1.0694133025678549E-018   2.2987099100652203E-033  -1.8475588374198716E-034  -9.5421695470168606E-033
  -8.0101338355235457E-034   6.3801308221772880E-034   3.0990632140922138E-033  -2.6327658362390497E-018  -1.8399999910990523E-018  -9.7835966549163635E-034  -9.3794920453480417E-034   9.6825391300164463E-034   1.2962234259925306E-032  -6.2434055734446392E-034  -2.0965513862737814E-036   1.3534996754876808E-032  -1.4316342210936367E-034   1.2962234259925306E-032  -1.3039263907004159E-018   4.4780422056010662E-033  -9.2730891244345012E-034  -1.8659347427785544E-032  -1.8808389829846444E-033   3.2680823902944092E-034   3.8408505293748148E-033  -8.3888217250919743E-034   2.0196125214094162E-036  -8.6825039865677356E-034   5.6825899445233725E-034   3.8319258955136179E-033   3.2571375348534171E-034   8.7014862172370901E-033  -3.4248651921695761E-033  -5.5429393087200299E-035   3.0874215409110636E-035  -3.7227303050778934E-033  -1.0962749215231301E-035  -3.7333105220829805E-033  -5.9566404800619557E-019  -1.2803832222149926E-033   1.0290917210255222E-034   5.3149959192478437E-033
   9.6584051066877982E-032  -7.6929910760006302E-032  -3.7367675231833591E-031   3.1745186184872780E-016   2.2186227690133270E-016   1.1796799133936280E-031   1.1309540605572921E-031  -1.1674946673714710E-031  -1.5629515329061082E-030   7.5281314284980908E-032   2.5279655785297583E-034  -1.6320137023997750E-030   1.7262262473815495E-032  -1.5629515329061082E-030   1.5722395616955065E-016  -5.3995035032662394E-031   1.1181242809828205E-031   2.2498941988302809E-030   2.2678653329802998E-031  -3.9405663245616571E-032  -4.6311948250379767E-031   1.0115016833976058E-031  -2.4351947534015690E-034   1.0469131048822471E-031  -6.8519149450403631E-032  -4.6204337402633336E-031  -3.9273693106473035E-032  -1.0492019314786286E-030   4.1296108331011277E-031   6.6835279440624897E-033  -3.7227303050778934E-033   4.4887686183130639E-031   1.3218589748670176E-033   4.5015259609555324E-031   7.1823577499031080E-017   1.5438518389187920E-031  -1.2408512688668948E-032  -6.4086799025540807E-031
   2.8442208896868287E-034  -2.2654429671193354E-034  -1.1004086215002630E-033   9.3483676338542573E-019   6.5334319240690302E-019   3.4739382079705951E-034   3.3304496226668472E-034  -3.4380549219628526E-034  -4.6026019310180688E-033   2.2168948633575196E-034   7.4443890346708798E-037  -4.8059771912098023E-033   5.0834156352880873E-035  -4.6026019310180688E-033   4.6299534504615092E-019  -1.5900534807028435E-033   3.2926683050758898E-034   6.6255204759088860E-033   6.6784421276684047E-034  -1.1604235827459789E-034  -1.3638008470427200E-033   2.9786845613679829E-034  -7.1711961877479719E-037   3.0829646196256154E-034  -2.0177616703555743E-034  -1.3606319074741636E-033  -1.1565373072955216E-034  -3.0897047887802425E-033   1.2160936788259446E-033   1.9681748265192810E-035  -1.0962749215231301E-035   1.3218589748670176E-033   3.8926291328715092E-036   1.3256157752952244E-033   2.1150709380923917E-019   4.5463568801786345E-034  -3.6540764866674077E-035  -1.8872371838637213E-033
   9.6858548582350469E-032  -7.7148550060552095E-032  -3.7473876347823416E-031   3.1835407858531152E-016   2.2249282245325114E-016   1.1830326326231737E-031   1.1341682980665628E-031  -1.1708127554199723E-031  -1.5673935324686402E-030   7.5495268178035380E-032   2.5351502043850757E-034  -1.6366519806825488E-030   1.7311322832209607E-032  -1.5673935324686402E-030   1.5767079583784551E-016  -5.4148492076559345E-031   1.1213020555090383E-031   2.2562885295798498E-030   2.2743107387429785E-031  -3.9517656442598727E-032  -4.6443569512803487E-031   1.0143764302727044E-031  -2.4421157191522965E-034   1.0498884930859037E-031  -6.8713884875959560E-032  -4.6335652828741254E-031  -3.9385311236610184E-032  -1.0521838246611830E-030   4.1413474283363965E-031   6.7025229209243079E-033  -3.7333105220829805E-033   4.5015259609555324E-031   1.3256157752952244E-033   4.5143195607110607E-031   7.2027704302142474E-017   1.5482395560352277E-031  -1.2443778406622627E-032  -6.4268937452255937E-031
   1.5454153837805307E-017  -1.2309347790667290E-017  -5.9791010546247766E-017   5.0794617278073335E-002   3.5499585285202147E-002   1.8875740517790306E-017   1.8096091272088671E-017  -1.8680767678591915E-017  -2.5008366457770061E-016   1.2045560309607251E-017   4.0449296251017374E-020  -2.6113411628207860E-016   2.7620881181945393E-018  -2.5008366457770061E-016   2.5156981704465332E-002  -8.6396001063845677E-017   1.7890805425140995E-017   3.5999951009957991E-016   3.6287502286515984E-017  -6.3051940268774833E-018  -7.4102500866759531E-017   1.6184765962655255E-017  -3.8964895268293596E-020   1.6751374578875003E-017  -1.0963564530016344E-017  -7.3930315648049005E-017  -6.2840778404078501E-018  -1.6787997476690758E-016   6.6076790526027260E-017   1.0694133025678549E-018  -5.9566404800619557E-019   7.1823577499031080E-017   2.1150709380923917E-019   7.2027704302142474E-017   1.1492297160770120E-002   2.4702757399261420E-017  -1.9854526898676676E-018  -1.0254356078183429E-016
   3.3218790614755290E-032  -2.6459012324704977E-032  -1.2852111353529106E-031   1.0918331559436406E-016   7.6306558280466013E-017   4.0573510432194273E-032   3.8897649992487888E-032  -4.0154415217479140E-032  -5.3755624390478449E-031   2.5891999650177879E-032   8.6945989847061849E-035  -5.6130925200984223E-031   5.9371239487310566E-033  -5.3755624390478449E-031   5.4075073699314339E-017  -1.8570869032449326E-031   3.8456386909597807E-032   7.7382097220734843E-031   7.8000190307372716E-032  -1.3553050031886679E-032  -1.5928374249134473E-031   3.4789245487322971E-032  -8.3755261583906371E-035   3.6007173895455928E-032  -2.3566243634966404E-032  -1.5891362939506450E-031  -1.3507660670276928E-032  -3.6085895020340235E-031   1.4203243296372306E-031   2.2987099100652203E-033  -1.2803832222149926E-033   1.5438518389187920E-031   4.5463568801786345E-034   1.5482395560352277E-031   2.4702757399261420E-017   5.3098715999950043E-032  -4.2677417264265506E-033  -2.2041796077959419E-031
  -2.6699180222766821E-033   2.1266094445350435E-033   1.0329720947713345E-032  -8.7754700469989615E-018  -6.1330425160158405E-018  -3.2610442681747964E-033  -3.1263491179905767E-033   3.2273600236219305E-033   4.3205399023504360E-032  -2.0810365223857720E-033  -6.9881732887121827E-036   4.5114516822477091E-032  -4.7718878194700106E-034   4.3205399023504360E-032  -4.3462152340250905E-018   1.4926099656696260E-032  -3.0908831592434123E-033  -6.2194875896365704E-032  -6.2691660349056172E-033   1.0893091490476698E-033   1.2802228102320461E-032  -2.7961413341385598E-033   6.7317225650003322E-036  -2.8940307800376691E-033   1.8941068423608369E-033   1.2772480733203411E-032   1.0856610368696279E-033   2.9003578902717531E-032  -1.1415676052613644E-032  -1.8475588374198716E-034   1.0290917210255222E-034  -1.2408512688668948E-032  -3.6540764866674077E-035  -1.2443778406622627E-032  -1.9854526898676676E-018  -4.2677417264265506E-033   3.4301431024244369E-034   1.7715813099394155E-032
  -1.3789444714398691E-031   1.0983394666001165E-031   5.3350370586358823E-031  -4.5323061624479269E-016  -3.1675598276812192E-016  -1.6842460806664829E-031  -1.6146794755772706E-031   1.6668490286172238E-031   2.2314485172474270E-030  -1.0748022161973830E-031  -3.6092130325845738E-034   2.3300495758663006E-030  -2.4645581894602170E-032   2.2314485172474270E-030  -2.2447091703348054E-016   7.7089492748586372E-031  -1.5963622136498749E-031  -3.2122065004846300E-030  -3.2378641487277272E-031   5.6260035560466026E-032   6.6120238586027638E-031  -1.4441355883979648E-031   3.4767627832852863E-034  -1.4946929872052082E-031   9.7825781046367917E-032   6.5966601021721972E-031   5.6071619883387908E-032   1.4979607780529739E-030  -5.8959051360973965E-031  -9.5421695470168606E-033   5.3149959192478437E-033  -6.4086799025540807E-031  -1.8872371838637213E-033  -6.4268937452255937E-031  -1.0254356078183429E-016  -2.2041796077959419E-031   1.7715813099394155E-032   9.1497650214894903E-031
