   7.8586957152870158E-032   7.0970356333145979E-032   2.3759766326108702E-032   7.3947244957736397E-017   1.6656532919149911E-016  -1.1033691220747515E-031  -5.0381343492762521E-032   9.9882833911824718E-033   2.8121872768322067E-030  -3.0226301574831200E-032  -2.5244872491231560E-033   2.7475725191111824E-030  -1.2867320984096109E-032   2.8128911295896867E-030   1.3153426936136509E-016   2.2948935377667003E-031  -1.1060278648525297E-031  -1.8070334051553981E-031  -9.5383757043613819E-032   3.7394790548942496E-032   2.8213973987188692E-032  -5.1116266749576042E-032  -3.5806871509657999E-034  -6.0281841305341992E-032   6.8563257570025245E-032   3.7195532545345889E-032   2.1074407275822521E-032   7.0411462903626376E-032   8.6054704100626601E-017   1.7937741253595300E-030   1.3066261668381572E-033   9.1184039274653645E-033   1.8014990436959179E-030   1.9313252668198540E-033   1.7424412303598074E-030  -5.5948377343928013E-032   2.7763294136290463E-032   4.9523719359406008E-032
   7.0970356333145979E-032   6.4091951903112447E-032   2.1456984004051522E-032   6.6780322265134478E-017   1.5042191724605689E-016  -9.9643124759635306E-032  -4.5498413855986709E-032   9.0202249471211925E-033   2.5396317702451214E-030  -2.7296786529424181E-032  -2.2798154569114834E-033   2.4812794361431574E-030  -1.1620227940851321E-032   2.5402674060148998E-030   1.1878604675375385E-016   2.0724738305507528E-031  -9.9883230661649107E-032  -1.6318968098015096E-031  -8.6139220438467650E-032   3.3770509845537154E-032   2.5479492526346816E-032  -4.6162108790912266E-032  -3.2336490968498962E-034  -5.4439361350206313E-032   6.1918147710446696E-032   3.3590563808308942E-032   1.9031888344595920E-032   6.3587226090047789E-032   7.7714333719330881E-017   1.6199226114621702E-030   1.1799887413165977E-033   8.2346536800367765E-033   1.6268988353400264E-030   1.7441423786746947E-033   1.5735648699013717E-030  -5.0525894120521557E-032   2.5072492296675140E-032   4.4723910139984331E-032
   2.3759766326108702E-032   2.1456984004051522E-032   7.1834629603122553E-033   2.2357008393105454E-017   5.0358907419242830E-017  -3.3358961158076020E-032  -1.5232158006256844E-032   3.0198303633490503E-033   8.5022903269832116E-031  -9.1385375937570799E-033  -7.6324659085259562E-034   8.3069358304751854E-031  -3.8902707383166941E-033   8.5044183362167503E-031   3.9767712316716596E-017   6.9383185424226985E-032  -3.3439344862204379E-032  -5.4633355209881301E-032  -2.8838065001729358E-032   1.1305839002371940E-032   8.5301359583436916E-033  -1.5454352699652913E-032  -1.0825751890145573E-034  -1.8225447517154360E-032   2.0729228327949165E-032   1.1245595880923008E-032   6.3715788277788114E-033   2.1288009688622155E-032   2.6017544574426139E-017   5.4232477760218115E-031   3.9504179223103952E-034   2.7568333783710619E-033   5.4466030834685450E-031   5.8391161462183360E-034   5.2680493010810443E-031  -1.6915279840022847E-032   8.3938786411861166E-033   1.4972866264440906E-032
   7.3947244957736397E-017   6.6780322265134478E-017   2.2357008393105454E-017   6.9581457724626525E-002  0.15673144304633435       -1.0382270761565467E-016  -4.7406868563597308E-017   9.3985829887559765E-018   2.6461579498799310E-015  -2.8441764482273555E-017  -2.3754435057265000E-018   2.5853579966792122E-015  -1.2107644464588178E-017   2.6468202477237105E-015  0.12376858946047781        2.1594048266692896E-016  -1.0407288488500172E-016  -1.7003475729173015E-016  -8.9752374982185224E-017   3.5187031500492504E-017   2.6548243134078988E-017  -4.8098402528845660E-017  -3.3692861953469447E-019  -5.6722848765327375E-017   6.4515336721442999E-017   3.4999537532847390E-017   1.9830190830940379E-017   6.6254425464504298E-017   8.0974101993999265E-002   1.6878711105811796E-015   1.2294839847204919E-018   8.5800605250083909E-018   1.6951399558093796E-015   1.8173013407400696E-018   1.6395688693638450E-015  -5.2645229110874336E-017   2.6124171067424729E-017   4.6599877885136302E-017
   1.6656532919149911E-016   1.5042191724605689E-016   5.0358907419242830E-017  0.15673144304633435       0.35303579491828180       -2.3385946942902372E-016  -1.0678343287497416E-016   2.1170201409809003E-017   5.9604407204942223E-015  -6.4064751384376657E-017  -5.3506595104832012E-018   5.8234895166259311E-015  -2.7272331607896806E-017   5.9619325388633183E-015  0.27878734168980263        4.8640348402087722E-016  -2.3442299088609543E-016  -3.8300135912407159E-016  -2.0216620501779104E-016   7.9258388713479832E-017   5.9799616058869665E-017  -1.0834110527554200E-016  -7.5892788783285672E-019  -1.2776757244541417E-016   1.4532006304020268E-016   7.8836060681379689E-017   4.4667279566312868E-017   1.4923734067707470E-016  0.18239324483724997        3.8019105015671347E-015   2.7693987080612611E-018   1.9326488859021269E-017   3.8182834928661229E-015   4.0934506246111858E-018   3.6931102519614763E-015  -1.1858278049745343E-016   5.8844398546390916E-017   1.0496569553953791E-016
  -1.1033691220747515E-031  -9.9643124759635306E-032  -3.3358961158076020E-032  -1.0382270761565467E-016  -2.3385946942902372E-016   1.5491418215618556E-031   7.0735934756223910E-032  -1.4023654656745192E-032  -3.9483404360755484E-030   4.2438044480222173E-032   3.5444065792439085E-033  -3.8576206384365641E-030   1.8065853637848391E-032  -3.9493286527303555E-030  -1.8467549395719643E-016  -3.2220546000974493E-031   1.5528747243116508E-031   2.5370938563349651E-031   1.3391979544987366E-031  -5.2502678196198596E-032  -3.9612715438171550E-032   7.1767774718019698E-032   5.0273223208021683E-034   8.4636337539753555E-032  -9.6263532846125596E-032  -5.2222917868963786E-032  -2.9588688882479280E-032  -9.8858432521885434E-032  -1.2082170725761854E-016  -2.5184776884138025E-030  -1.8345168445441735E-033  -1.2802334764787336E-032  -2.5293235547912720E-030  -2.7116009339139812E-033  -2.4464057653601805E-030   7.8552108680571550E-032  -3.8979956199949542E-032  -6.9531821476648818E-032
  -5.0381343492762521E-032  -4.5498413855986709E-032  -1.5232158006256844E-032  -4.7406868563597308E-017  -1.0678343287497416E-016   7.0735934756223910E-032   3.2298995457963486E-032  -6.4033925560361290E-033  -1.8028662553310902E-030   1.9377791650529404E-032   1.6184245305969039E-033  -1.7614423547070710E-030   8.2491159069861100E-033  -1.8033174885742090E-030  -8.4325356851184010E-017  -1.4712342072315805E-031   7.0906384202288583E-032   1.1584717615536971E-031   6.1149610588644676E-032  -2.3973441086685131E-032  -1.8087707760199306E-032   3.2770147699808360E-032   2.2955441440748111E-034   3.8646109522637428E-032  -4.3955245956383662E-032  -2.3845698694224831E-032  -1.3510600108924188E-032  -4.5140112645854579E-032  -5.5168844341791202E-017  -1.1499713646168006E-030  -8.3766548690835270E-034  -5.8457211860455554E-033  -1.1549237355732437E-030  -1.2381540803854447E-033  -1.1170623386262901E-030   3.5867967394945549E-032  -1.7798781236053545E-032  -3.1749180862568643E-032
   9.9882833911824718E-033   9.0202249471211925E-033   3.0198303633490503E-033   9.3985829887559765E-018   2.1170201409809003E-017  -1.4023654656745192E-032  -6.4033925560361290E-033   1.2694957117184676E-033   3.5742474944586819E-031  -3.8417172128127466E-033  -3.2085851107097908E-034   3.4921231146949062E-031  -1.6354170352270339E-033   3.5751420806676504E-031   1.6717806689954806E-017   2.9167749761857217E-032  -1.4057446875315319E-032  -2.2967121265321030E-032  -1.2123131252098832E-032   4.7528213190667891E-033   3.5859534200733314E-033  -6.4968001904040685E-033  -4.5509992109048054E-035  -7.6617308534900388E-033   8.7142863350707771E-033   4.7274959281878340E-033   2.6785252896692073E-033   8.9491904375568064E-033   1.0937422733258464E-017   2.2798597824584561E-031   1.6607020953014893E-034   1.1589353475746452E-033   2.2896780368244439E-031   2.4546852027904571E-034   2.2146164493249862E-031  -7.1109541383681916E-033   3.5286726926784427E-033   6.2943898258449231E-033
   2.8121872768322067E-030   2.5396317702451214E-030   8.5022903269832116E-031   2.6461579498799310E-015   5.9604407204942223E-015  -3.9483404360755484E-030  -1.8028662553310902E-030   3.5742474944586819E-031   1.0063244037548427E-028  -1.0816301304182656E-030  -9.0337266891494537E-032   9.8320239901744157E-029  -4.6044938841444363E-031   1.0065762732559735E-028   4.7068751885368269E-015   8.2121393198085726E-030  -3.9578545881472383E-030  -6.4663610030143461E-030  -3.4132507185985198E-030   1.3381502225232885E-030   1.0096201908073127E-030  -1.8291650446866670E-030  -1.2813274890736529E-032  -2.1571496503311248E-030   2.4534951801420214E-030   1.3310198939952180E-030   7.5413506458283444E-031   2.5196321030160824E-030   3.0794161366063789E-015   6.4189134629990662E-029   4.6756836186068093E-032   3.2629663291268431E-031   6.4465566214151633E-029   6.9111319989273820E-032   6.2352217672888299E-029  -2.0020792333254930E-030   9.9349288179145091E-031   1.7721766884677505E-030
  -3.0226301574831200E-032  -2.7296786529424181E-032  -9.1385375937570799E-033  -2.8441764482273555E-017  -6.4064751384376657E-017   4.2438044480222173E-032   1.9377791650529404E-032  -3.8417172128127466E-033  -1.0816301304182656E-030   1.1625711695586060E-032   9.7097426441107198E-034  -1.0567778492787738E-030   4.9490594701214767E-033  -1.0819008479327570E-030  -5.0591022189698014E-017  -8.8266738741053504E-032   4.2540305674601675E-032   6.9502546782378336E-032   3.6686726528072534E-032  -1.4382872901686107E-032  -1.0851725493103175E-032   1.9660459574057619E-032   1.3772123720184348E-034   2.3185744566200404E-032  -2.6370962502506342E-032  -1.4306233816447141E-032  -8.1056884361957222E-033  -2.7081823614954931E-032  -3.3098564091476658E-017  -6.8992565222721598E-031  -5.0255765072554950E-034  -3.5071421133732917E-033  -6.9289682861240678E-031  -7.4283089801315971E-034  -6.7018187258255397E-031   2.1518997394572857E-032  -1.0678383941521644E-032  -1.9047930225277105E-032
  -2.5244872491231560E-033  -2.2798154569114834E-033  -7.6324659085259562E-034  -2.3754435057265000E-018  -5.3506595104832012E-018   3.5444065792439085E-033   1.6184245305969039E-033  -3.2085851107097908E-034  -9.0337266891494537E-032   9.7097426441107198E-034   8.1095338232632454E-035  -8.8261615436322365E-032   4.1334324335191654E-034  -9.0359877097766577E-032  -4.2253396473866325E-018  -7.3719987184611043E-033   3.5529473886661937E-033   5.8048217609196400E-033   3.0640590646824629E-033  -1.2012511407052062E-033  -9.0633128140079605E-034   1.6420328297107224E-033   1.1502416410052016E-035   1.9364630626043204E-033  -2.2024910464109239E-033  -1.1948502784299704E-033  -6.7698348909414637E-034  -2.2618618500082873E-033  -2.7643773356246282E-018  -5.7622283281288620E-032  -4.1973391222376945E-035  -2.9291494773697457E-034  -5.7870434610049122E-032  -6.2040905853014460E-035  -5.5973291596379683E-032   1.7972570809572148E-033  -8.9185387219386943E-034  -1.5908746512322243E-033
   2.7475725191111824E-030   2.4812794361431574E-030   8.3069358304751854E-031   2.5853579966792122E-015   5.8234895166259311E-015  -3.8576206384365641E-030  -1.7614423547070710E-030   3.4921231146949062E-031   9.8320239901744157E-029  -1.0567778492787738E-030  -8.8261615436322365E-032   9.6061166143512642E-029  -4.4986978515675906E-031   9.8344848139090601E-029   4.5987267723783559E-015   8.0234515332972667E-030  -3.8669161867772369E-030  -6.3177854252110396E-030  -3.3348255119843326E-030   1.3074039585262211E-030   9.8642245978964233E-031  -1.7871368849094377E-030  -1.2518868234572988E-032  -2.1075854896607349E-030   2.3971219798432290E-030   1.3004374613525231E-030   7.3680753633164384E-031   2.4617392950854912E-030   3.0086613439834742E-015   6.2714280726551098E-029   4.5682518815082891E-032   3.1879941604717430E-031   6.2984360827656816E-029   6.7523370554441931E-032   6.0919570042521171E-029  -1.9560780776893212E-030   9.7066570296756098E-031   1.7314579325344046E-030
  -1.2867320984096109E-032  -1.1620227940851321E-032  -3.8902707383166941E-033  -1.2107644464588178E-017  -2.7272331607896806E-017   1.8065853637848391E-032   8.2491159069861100E-033  -1.6354170352270339E-033  -4.6044938841444363E-031   4.9490594701214767E-033   4.1334324335191654E-034  -4.4986978515675906E-031   2.1068120627916839E-033  -4.6056463272067650E-031  -2.1536572041960394E-017  -3.7575105137778645E-032   1.8109386175530533E-032   2.9587198303006823E-032   1.5617520553210430E-032  -6.1227815729052343E-033  -4.6195739430895612E-033   8.3694474961797442E-033   5.8627859614771762E-035   9.8701594983417644E-033  -1.1226105130303438E-032  -6.0901563538636026E-033  -3.4505873848772005E-033  -1.1528718339079338E-032  -1.4090041655388532E-017  -2.9370099416203641E-031  -2.1393853260180140E-034  -1.4929885880312946E-033  -2.9496582241613052E-031  -3.1622272999481460E-034  -2.8529607735479227E-031   9.1606260873959761E-033  -4.5457825340228937E-033  -8.1086940684596588E-033
   2.8128911295896867E-030   2.5402674060148998E-030   8.5044183362167503E-031   2.6468202477237105E-015   5.9619325388633183E-015  -3.9493286527303555E-030  -1.8033174885742090E-030   3.5751420806676504E-031   1.0065762732559735E-028  -1.0819008479327570E-030  -9.0359877097766577E-032   9.8344848139090601E-029  -4.6056463272067650E-031   1.0068282057966623E-028   4.7080532562664758E-015   8.2141947081366113E-030  -3.9588451860667021E-030  -6.4679794464445993E-030  -3.4141050094738285E-030   1.3384851435763083E-030   1.0098728851997387E-030  -1.8296228601640343E-030  -1.2816481881586141E-032  -2.1576895559562557E-030   2.4541092570785873E-030   1.3313530304226414E-030   7.5432381447481062E-031   2.5202627331373951E-030   3.0801868731633056E-015   6.4205200309464351E-029   4.6768538795048557E-032   3.2637830058351266E-031   6.4481701080743253E-029   6.9128617625725092E-032   6.2367823596684914E-029  -2.0025803269050987E-030   9.9374153973473449E-031   1.7726202405239011E-030
   1.3153426936136509E-016   1.1878604675375385E-016   3.9767712316716596E-017  0.12376858946047781       0.27878734168980263       -1.8467549395719643E-016  -8.4325356851184010E-017   1.6717806689954806E-017   4.7068751885368269E-015  -5.0591022189698014E-017  -4.2253396473866325E-018   4.5987267723783559E-015  -2.1536572041960394E-017   4.7080532562664758E-015  0.22015439512148449        3.8410590725007702E-016  -1.8512049882997016E-016  -3.0245072117544646E-016  -1.5964777421358005E-016   6.2589221303077152E-017   4.7222905538465521E-017  -8.5555428572037135E-017  -5.9931454948400844E-019  -1.0089623315522824E-016   1.1475718511362395E-016   6.2255714868078009E-017   3.5273114823073565E-017   1.1785060349998685E-016  0.14403334903228265        3.0023146018940929E-015   2.1869547366387787E-018   1.5261853134329617E-017   3.0152441200490771E-015   3.2325396869118388E-018   2.9163965935806022E-015  -9.3643133701846766E-017   4.6468583866632958E-017   8.2889915553357876E-017
   2.2948935377667003E-031   2.0724738305507528E-031   6.9383185424226985E-032   2.1594048266692896E-016   4.8640348402087722E-016  -3.2220546000974493E-031  -1.4712342072315805E-031   2.9167749761857217E-032   8.2121393198085726E-030  -8.8266738741053504E-032  -7.3719987184611043E-033   8.0234515332972667E-030  -3.7575105137778645E-032   8.2141947081366113E-030   3.8410590725007702E-016   6.7015399762058569E-031  -3.2298186513349066E-031  -5.2768925458621388E-031  -2.7853930929211939E-031   1.0920013483913493E-031   8.2390346851026254E-032  -1.4926954101324006E-031  -1.0456309928797847E-033  -1.7603481934947855E-031   2.0021818177743018E-031   1.0861826232317452E-031   6.1541409442116685E-032   2.0561530444283197E-031   2.5129664194886181E-016   5.2381728439912707E-030   3.8156051019011203E-033   2.6627530834641193E-032   5.2607311231411652E-030   5.6398491998217779E-033   5.0882707059296523E-030  -1.6338025324654523E-031   8.1074273147579353E-032   1.4461898976822985E-031
  -1.1060278648525297E-031  -9.9883230661649107E-032  -3.3439344862204379E-032  -1.0407288488500172E-016  -2.3442299088609543E-016   1.5528747243116508E-031   7.0906384202288583E-032  -1.4057446875315319E-032  -3.9578545881472383E-030   4.2540305674601675E-032   3.5529473886661937E-033  -3.8669161867772369E-030   1.8109386175530533E-032  -3.9588451860667021E-030  -1.8512049882997016E-016  -3.2298186513349066E-031   1.5566166220822667E-031   2.5432073860976907E-031   1.3424249642258565E-031  -5.2629191720707678E-032  -3.9708168554424599E-032   7.1940710546013475E-032   5.0394364507379984E-034   8.4840282209465080E-032  -9.6495495085776454E-032  -5.2348757266623856E-032  -2.9659987517991478E-032  -9.9096647583582845E-032  -1.2111284631085395E-016  -2.5245463595693582E-030  -1.8389374036422682E-033  -1.2833184019505082E-032  -2.5354183607808765E-030  -2.7181349661385772E-033  -2.4523007677941220E-030   7.8741392436528953E-032  -3.9073884582529119E-032  -6.9699369420920811E-032
  -1.8070334051553981E-031  -1.6318968098015096E-031  -5.4633355209881301E-032  -1.7003475729173015E-016  -3.8300135912407159E-016   2.5370938563349651E-031   1.1584717615536971E-031  -2.2967121265321030E-032  -6.4663610030143461E-030   6.9502546782378336E-032   5.8048217609196400E-033  -6.3177854252110396E-030   2.9587198303006823E-032  -6.4679794464445993E-030  -3.0245072117544646E-016  -5.2768925458621388E-031   2.5432073860976907E-031   4.1551039073768937E-031   2.1932600717922269E-031  -8.5985815138868152E-032  -6.4875388148519730E-032   1.1753706328600934E-031   8.2334544174034072E-034   1.3861244271251324E-031  -1.5765478303772753E-031  -8.5527640039858746E-032  -4.8458623823775861E-032  -1.6190455793473364E-031  -1.9787472452725722E-016  -4.1246154365320081E-030  -3.0044643756008660E-033  -2.0966914988931228E-032  -4.1423781620422941E-030  -4.4409013910225909E-033  -4.0065802568934924E-030   1.2864804859164211E-031  -6.3839092082215285E-032  -1.1387514986221775E-031
  -9.5383757043613819E-032  -8.6139220438467650E-032  -2.8838065001729358E-032  -8.9752374982185224E-017  -2.0216620501779104E-016   1.3391979544987366E-031   6.1149610588644676E-032  -1.2123131252098832E-032  -3.4132507185985198E-030   3.6686726528072534E-032   3.0640590646824629E-033  -3.3348255119843326E-030   1.5617520553210430E-032  -3.4141050094738285E-030  -1.5964777421358005E-016  -2.7853930929211939E-031   1.3424249642258565E-031   2.1932600717922269E-031   1.1577062450779555E-031  -4.5387374007607679E-032  -3.4244293678325216E-032   6.2041612823026158E-032   4.3460060756969760E-034   7.3166193392950659E-032  -8.3217639912644920E-032  -4.5145527552513567E-032  -2.5578750167473656E-032  -8.5460871803707942E-032  -1.0444762446301771E-016  -2.1771668170277984E-030  -1.5858981866683384E-033  -1.1067327917417979E-032  -2.1865428224169176E-030  -2.3441174807696392E-033  -2.1148622748698115E-030   6.7906515596179367E-032  -3.3697287674276632E-032  -6.0108681979948319E-032
   3.7394790548942496E-032   3.3770509845537154E-032   1.1305839002371940E-032   3.5187031500492504E-017   7.9258388713479832E-017  -5.2502678196198596E-032  -2.3973441086685131E-032   4.7528213190667891E-033   1.3381502225232885E-030  -1.4382872901686107E-032  -1.2012511407052062E-033   1.3074039585262211E-030  -6.1227815729052343E-033   1.3384851435763083E-030   6.2589221303077152E-017   1.0920013483913493E-031  -5.2629191720707678E-032  -8.5985815138868152E-032  -4.5387374007607679E-032   1.7793924219245682E-032   1.3425327637408089E-032  -2.4323146715376527E-032  -1.7038329372034411E-034  -2.8684490546349210E-032   3.2625116801467239E-032   1.7699109359634802E-032   1.0028038679363868E-032   3.3504566189067411E-032   4.0948240677322458E-017   8.5354886027015905E-031   6.2174454394046963E-034   4.3388981754941079E-033   8.5722468274328256E-031   9.1900114791467325E-034   8.2912263324305252E-031  -2.6622456551659183E-032   1.3210876292814294E-032   2.3565349515278440E-032
   2.8213973987188692E-032   2.5479492526346816E-032   8.5301359583436916E-033   2.6548243134078988E-017   5.9799616058869665E-017  -3.9612715438171550E-032  -1.8087707760199306E-032   3.5859534200733314E-033   1.0096201908073127E-030  -1.0851725493103175E-032  -9.0633128140079605E-034   9.8642245978964233E-031  -4.6195739430895612E-033   1.0098728851997387E-030   4.7222905538465521E-017   8.2390346851026254E-032  -3.9708168554424599E-032  -6.4875388148519730E-032  -3.4244293678325216E-032   1.3425327637408089E-032   1.0129267718067990E-032  -1.8351556958609953E-032  -1.2855239316250866E-034  -2.1642144754126536E-032   2.4615305588110054E-032   1.3353790828580155E-032   7.5660491284686534E-033   2.5278840850122695E-032   3.0895014528268005E-017   6.4399358806243790E-031   4.6909968292118114E-034   3.2736527858400625E-033   6.4676695724343373E-031   6.9337664687613519E-034   6.2556425809879045E-031  -2.0086361912911281E-032   9.9674664465789047E-033   1.7779806985491398E-032
  -5.1116266749576042E-032  -4.6162108790912266E-032  -1.5454352699652913E-032  -4.8098402528845660E-017  -1.0834110527554200E-016   7.1767774718019698E-032   3.2770147699808360E-032  -6.4968001904040685E-033  -1.8291650446866670E-030   1.9660459574057619E-032   1.6420328297107224E-033  -1.7871368849094377E-030   8.3694474961797442E-033  -1.8296228601640343E-030  -8.5555428572037135E-017  -1.4926954101324006E-031   7.1940710546013475E-032   1.1753706328600934E-031   6.2041612823026158E-032  -2.4323146715376527E-032  -1.8351556958609953E-032   3.3248172738526570E-032   2.3290297294436295E-034   3.9209848452656809E-032  -4.4596430376504282E-032  -2.4193540917762819E-032  -1.3707682075088549E-032  -4.5798580965648123E-032  -5.5973603880689395E-017  -1.1667462388447553E-030  -8.4988468959490681E-034  -5.9309939508159024E-033  -1.1717708510782253E-030  -1.2562152944402969E-033  -1.1333571619686825E-030   3.6391180981279569E-032  -1.8058415802471784E-032  -3.2212312843239871E-032
  -3.5806871509657999E-034  -3.2336490968498962E-034  -1.0825751890145573E-034  -3.3692861953469447E-019  -7.5892788783285672E-019   5.0273223208021683E-034   2.2955441440748111E-034  -4.5509992109048054E-035  -1.2813274890736529E-032   1.3772123720184348E-034   1.1502416410052016E-035  -1.2518868234572988E-032   5.8627859614771762E-035  -1.2816481881586141E-032  -5.9931454948400844E-019  -1.0456309928797847E-033   5.0394364507379984E-034   8.2334544174034072E-034   4.3460060756969760E-034  -1.7038329372034411E-034  -1.2855239316250866E-034   2.3290297294436295E-034   1.6314819834735537E-036   2.7466442577579071E-034  -3.1239735485849856E-034  -1.6947540696781649E-034  -9.6022116239936237E-035  -3.2081840248539519E-034  -3.9209429200049373E-019  -8.1730406610802414E-033  -5.9534300553361131E-036  -4.1546527519673626E-035  -8.2082379976758781E-033  -8.7997701117059718E-036  -7.9391506566742490E-033   2.5491970058478402E-034  -1.2649894357014010E-034  -2.2564678924177550E-034
  -6.0281841305341992E-032  -5.4439361350206313E-032  -1.8225447517154360E-032  -5.6722848765327375E-017  -1.2776757244541417E-016   8.4636337539753555E-032   3.8646109522637428E-032  -7.6617308534900388E-033  -2.1571496503311248E-030   2.3185744566200404E-032   1.9364630626043204E-033  -2.1075854896607349E-030   9.8701594983417644E-033  -2.1576895559562557E-030  -1.0089623315522824E-016  -1.7603481934947855E-031   8.4840282209465080E-032   1.3861244271251324E-031   7.3166193392950659E-032  -2.8684490546349210E-032  -2.1642144754126536E-032   3.9209848452656809E-032   2.7466442577579071E-034   4.6240502531401535E-032  -5.2592943688781054E-032  -2.8531645344208798E-032  -1.6165584227087995E-032  -5.4010649942544073E-032  -6.6010139647997259E-017  -1.3759536070624236E-030  -1.0022761293776395E-033  -6.9944708184111074E-033  -1.3818791743336571E-030  -1.4814652133299919E-033  -1.3365775891807584E-030   4.2916424385504826E-032  -2.1296440934617220E-032  -3.7988250206287237E-032
   6.8563257570025245E-032   6.1918147710446696E-032   2.0729228327949165E-032   6.4515336721442999E-017   1.4532006304020268E-016  -9.6263532846125596E-032  -4.3955245956383662E-032   8.7142863350707771E-033   2.4534951801420214E-030  -2.6370962502506342E-032  -2.2024910464109239E-033   2.3971219798432290E-030  -1.1226105130303438E-032   2.4541092570785873E-030   1.1475718511362395E-016   2.0021818177743018E-031  -9.6495495085776454E-032  -1.5765478303772753E-031  -8.3217639912644920E-032   3.2625116801467239E-032   2.4615305588110054E-032  -4.4596430376504282E-032  -3.1239735485849856E-034  -5.2592943688781054E-032   5.9818072348433412E-032   3.2451273986852241E-032   1.8386384541866204E-032   6.1430540662780933E-032   7.5078499742473895E-017   1.5649797604484610E-030   1.1399671099415695E-033   7.9553592575190379E-033   1.5717193720175271E-030   1.6849863707393994E-033   1.5201943325709736E-030  -4.8812209372030667E-032   2.4222109569098302E-032   4.3207011052222537E-032
   3.7195532545345889E-032   3.3590563808308942E-032   1.1245595880923008E-032   3.4999537532847390E-017   7.8836060681379689E-017  -5.2222917868963786E-032  -2.3845698694224831E-032   4.7274959281878340E-033   1.3310198939952180E-030  -1.4306233816447141E-032  -1.1948502784299704E-033   1.3004374613525231E-030  -6.0901563538636026E-033   1.3313530304226414E-030   6.2255714868078009E-017   1.0861826232317452E-031  -5.2348757266623856E-032  -8.5527640039858746E-032  -4.5145527552513567E-032   1.7699109359634802E-032   1.3353790828580155E-032  -2.4193540917762819E-032  -1.6947540696781649E-034  -2.8531645344208798E-032   3.2451273986852241E-032   1.7604799720653858E-032   9.9746043122259002E-033   3.3326037231632384E-032   4.0730048127815385E-017   8.4900072831453284E-031   6.1843158042993689E-034   4.3157783725598902E-033   8.5265696418115815E-031   9.1410425368560140E-034   8.2470465634810121E-031  -2.6480598890058481E-032   1.3140482187185527E-032   2.3439781637252086E-032
   2.1074407275822521E-032   1.9031888344595920E-032   6.3715788277788114E-033   1.9830190830940379E-017   4.4667279566312868E-017  -2.9588688882479280E-032  -1.3510600108924188E-032   2.6785252896692073E-033   7.5413506458283444E-031  -8.1056884361957222E-033  -6.7698348909414637E-034   7.3680753633164384E-031  -3.4505873848772005E-033   7.5432381447481062E-031   3.5273114823073565E-017   6.1541409442116685E-032  -2.9659987517991478E-032  -4.8458623823775861E-032  -2.5578750167473656E-032   1.0028038679363868E-032   7.5660491284686534E-033  -1.3707682075088549E-032  -9.6022116239936237E-035  -1.6165584227087995E-032   1.8386384541866204E-032   9.9746043122259002E-033   5.6514548739086866E-033   1.8882011721499727E-032   2.3077008551040007E-017   4.8103054054025586E-031   3.5039366575333125E-034   2.4452525588827495E-033   4.8310210662566659E-031   5.1791718027552743E-034   4.6726476597582252E-031  -1.5003493369437298E-032   7.4451917868316588E-033   1.3280613849998660E-032
   7.0411462903626376E-032   6.3587226090047789E-032   2.1288009688622155E-032   6.6254425464504298E-017   1.4923734067707470E-016  -9.8858432521885434E-032  -4.5140112645854579E-032   8.9491904375568064E-033   2.5196321030160824E-030  -2.7081823614954931E-032  -2.2618618500082873E-033   2.4617392950854912E-030  -1.1528718339079338E-032   2.5202627331373951E-030   1.1785060349998685E-016   2.0561530444283197E-031  -9.9096647583582845E-032  -1.6190455793473364E-031  -8.5460871803707942E-032   3.3504566189067411E-032   2.5278840850122695E-032  -4.5798580965648123E-032  -3.2081840248539519E-034  -5.4010649942544073E-032   6.1430540662780933E-032   3.3326037231632384E-032   1.8882011721499727E-032   6.3086475006084196E-032   7.7102331289875104E-017   1.6071656781360005E-030   1.1706962988307068E-033   8.1698055649373108E-033   1.6140869640666680E-030   1.7304072114027120E-033   1.5611730050136933E-030  -5.0128001370596422E-032   2.4875045758003217E-032   4.4371708167060211E-032
   8.6054704100626601E-017   7.7714333719330881E-017   2.6017544574426139E-017   8.0974101993999265E-002  0.18239324483724997       -1.2082170725761854E-016  -5.5168844341791202E-017   1.0937422733258464E-017   3.0794161366063789E-015  -3.3098564091476658E-017  -2.7643773356246282E-018   3.0086613439834742E-015  -1.4090041655388532E-017   3.0801868731633056E-015  0.14403334903228265        2.5129664194886181E-016  -1.2111284631085395E-016  -1.9787472452725722E-016  -1.0444762446301771E-016   4.0948240677322458E-017   3.0895014528268005E-017  -5.5973603880689395E-017  -3.9209429200049373E-019  -6.6010139647997259E-017   7.5078499742473895E-017   4.0730048127815385E-017   2.3077008551040007E-017   7.7102331289875104E-017   9.4232075730341980E-002   1.9642279988128664E-015   1.4307886732230730E-018   9.9848827372414093E-018   1.9726869796122664E-015   2.1148499748495008E-018   1.9080171815237238E-015  -6.1264887096676278E-017   3.0401508702133028E-017   5.4229724242230817E-017
   1.7937741253595300E-030   1.6199226114621702E-030   5.4232477760218115E-031   1.6878711105811796E-015   3.8019105015671347E-015  -2.5184776884138025E-030  -1.1499713646168006E-030   2.2798597824584561E-031   6.4189134629990662E-029  -6.8992565222721598E-031  -5.7622283281288620E-032   6.2714280726551098E-029  -2.9370099416203641E-031   6.4205200309464351E-029   3.0023146018940929E-015   5.2381728439912707E-030  -2.5245463595693582E-030  -4.1246154365320081E-030  -2.1771668170277984E-030   8.5354886027015905E-031   6.4399358806243790E-031  -1.1667462388447553E-030  -8.1730406610802414E-033  -1.3759536070624236E-030   1.5649797604484610E-030   8.4900072831453284E-031   4.8103054054025586E-031   1.6071656781360005E-030   1.9642279988128664E-015   4.0943506777470801E-029   2.9824188319605787E-032   2.0813068252340040E-031   4.1119830675663902E-029   4.4083158539088680E-032   3.9771815924862986E-029  -1.2770408127670344E-030   6.3370666661070682E-031   1.1303958009936121E-030
   1.3066261668381572E-033   1.1799887413165977E-033   3.9504179223103952E-034   1.2294839847204919E-018   2.7693987080612611E-018  -1.8345168445441735E-033  -8.3766548690835270E-034   1.6607020953014893E-034   4.6756836186068093E-032  -5.0255765072554950E-034  -4.1973391222376945E-035   4.5682518815082891E-032  -2.1393853260180140E-034   4.6768538795048557E-032   2.1869547366387787E-018   3.8156051019011203E-033  -1.8389374036422682E-033  -3.0044643756008660E-033  -1.5858981866683384E-033   6.2174454394046963E-034   4.6909968292118114E-034  -8.4988468959490681E-034  -5.9534300553361131E-036  -1.0022761293776395E-033   1.1399671099415695E-033   6.1843158042993689E-034   3.5039366575333125E-034   1.1706962988307068E-033   1.4307886732230730E-018   2.9824188319605787E-032   2.1724622020230780E-035   1.5160715725702241E-034   2.9952626686488708E-032   3.2111182589671535E-035   2.8970701860068733E-032  -9.3022578400010702E-034   4.6160645367062174E-034   8.2340619790476275E-034
   9.1184039274653645E-033   8.2346536800367765E-033   2.7568333783710619E-033   8.5800605250083909E-018   1.9326488859021269E-017  -1.2802334764787336E-032  -5.8457211860455554E-033   1.1589353475746452E-033   3.2629663291268431E-031  -3.5071421133732917E-033  -2.9291494773697457E-034   3.1879941604717430E-031  -1.4929885880312946E-033   3.2637830058351266E-031   1.5261853134329617E-017   2.6627530834641193E-032  -1.2833184019505082E-032  -2.0966914988931228E-032  -1.1067327917417979E-032   4.3388981754941079E-033   3.2736527858400625E-033  -5.9309939508159024E-033  -4.1546527519673626E-035  -6.9944708184111074E-033   7.9553592575190379E-033   4.3157783725598902E-033   2.4452525588827495E-033   8.1698055649373108E-033   9.9848827372414093E-018   2.0813068252340040E-031   1.5160715725702241E-034   1.0580036840296362E-033   2.0902700079617497E-031   2.2409067021040749E-034   2.0217455330894148E-031  -6.4916612398646026E-033   3.2213606362093547E-033   5.7462115021335668E-033
   1.8014990436959179E-030   1.6268988353400264E-030   5.4466030834685450E-031   1.6951399558093796E-015   3.8182834928661229E-015  -2.5293235547912720E-030  -1.1549237355732437E-030   2.2896780368244439E-031   6.4465566214151633E-029  -6.9289682861240678E-031  -5.7870434610049122E-032   6.2984360827656816E-029  -2.9496582241613052E-031   6.4481701080743253E-029   3.0152441200490771E-015   5.2607311231411652E-030  -2.5354183607808765E-030  -4.1423781620422941E-030  -2.1865428224169176E-030   8.5722468274328256E-031   6.4676695724343373E-031  -1.1717708510782253E-030  -8.2082379976758781E-033  -1.3818791743336571E-030   1.5717193720175271E-030   8.5265696418115815E-031   4.8310210662566659E-031   1.6140869640666680E-030   1.9726869796122664E-015   4.1119830675663902E-029   2.9952626686488708E-032   2.0902700079617497E-031   4.1296913915679945E-029   4.4273003400217032E-032   3.9943093916760569E-029  -1.2825404104317530E-030   6.3643573499205125E-031   1.1352638694572049E-030
   1.9313252668198540E-033   1.7441423786746947E-033   5.8391161462183360E-034   1.8173013407400696E-018   4.0934506246111858E-018  -2.7116009339139812E-033  -1.2381540803854447E-033   2.4546852027904571E-034   6.9111319989273820E-032  -7.4283089801315971E-034  -6.2040905853014460E-035   6.7523370554441931E-032  -3.1622272999481460E-034   6.9128617625725092E-032   3.2325396869118388E-018   5.6398491998217779E-033  -2.7181349661385772E-033  -4.4409013910225909E-033  -2.3441174807696392E-033   9.1900114791467325E-034   6.9337664687613519E-034  -1.2562152944402969E-033  -8.7997701117059718E-036  -1.4814652133299919E-033   1.6849863707393994E-033   9.1410425368560140E-034   5.1791718027552743E-034   1.7304072114027120E-033   2.1148499748495008E-018   4.4083158539088680E-032   3.2111182589671535E-035   2.2409067021040749E-034   4.4273003400217032E-032   4.7463566746846009E-035   4.2821619465383061E-032  -1.3749675355378391E-033   6.8230089824276837E-034   1.2170774129816676E-033
   1.7424412303598074E-030   1.5735648699013717E-030   5.2680493010810443E-031   1.6395688693638450E-015   3.6931102519614763E-015  -2.4464057653601805E-030  -1.1170623386262901E-030   2.2146164493249862E-031   6.2352217672888299E-029  -6.7018187258255397E-031  -5.5973291596379683E-032   6.0919570042521171E-029  -2.8529607735479227E-031   6.2367823596684914E-029   2.9163965935806022E-015   5.0882707059296523E-030  -2.4523007677941220E-030  -4.0065802568934924E-030  -2.1148622748698115E-030   8.2912263324305252E-031   6.2556425809879045E-031  -1.1333571619686825E-030  -7.9391506566742490E-033  -1.3365775891807584E-030   1.5201943325709736E-030   8.2470465634810121E-031   4.6726476597582252E-031   1.5611730050136933E-030   1.9080171815237238E-015   3.9771815924862986E-029   2.8970701860068733E-032   2.0217455330894148E-031   3.9943093916760569E-029   4.2821619465383061E-032   3.8633655650413664E-029  -1.2404954077322775E-030   6.1557172012114712E-031   1.0980469739366367E-030
  -5.5948377343928013E-032  -5.0525894120521557E-032  -1.6915279840022847E-032  -5.2645229110874336E-017  -1.1858278049745343E-016   7.8552108680571550E-032   3.5867967394945549E-032  -7.1109541383681916E-033  -2.0020792333254930E-030   2.1518997394572857E-032   1.7972570809572148E-033  -1.9560780776893212E-030   9.1606260873959761E-033  -2.0025803269050987E-030  -9.3643133701846766E-017  -1.6338025324654523E-031   7.8741392436528953E-032   1.2864804859164211E-031   6.7906515596179367E-032  -2.6622456551659183E-032  -2.0086361912911281E-032   3.6391180981279569E-032   2.5491970058478402E-034   4.2916424385504826E-032  -4.8812209372030667E-032  -2.6480598890058481E-032  -1.5003493369437298E-032  -5.0128001370596422E-032  -6.1264887096676278E-017  -1.2770408127670344E-030  -9.3022578400010702E-034  -6.4916612398646026E-033  -1.2825404104317530E-030  -1.3749675355378391E-033  -1.2404954077322775E-030   3.9831303320849282E-032  -1.9765509607734095E-032  -3.5257399428317805E-032
   2.7763294136290463E-032   2.5072492296675140E-032   8.3938786411861166E-033   2.6124171067424729E-017   5.8844398546390916E-017  -3.8979956199949542E-032  -1.7798781236053545E-032   3.5286726926784427E-033   9.9349288179145091E-031  -1.0678383941521644E-032  -8.9185387219386943E-034   9.7066570296756098E-031  -4.5457825340228937E-033   9.9374153973473449E-031   4.6468583866632958E-017   8.1074273147579353E-032  -3.9073884582529119E-032  -6.3839092082215285E-032  -3.3697287674276632E-032   1.3210876292814294E-032   9.9674664465789047E-033  -1.8058415802471784E-032  -1.2649894357014010E-034  -2.1296440934617220E-032   2.4222109569098302E-032   1.3140482187185527E-032   7.4451917868316588E-033   2.4875045758003217E-032   3.0401508702133028E-017   6.3370666661070682E-031   4.6160645367062174E-034   3.2213606362093547E-033   6.3643573499205125E-031   6.8230089824276837E-034   6.1557172012114712E-031  -1.9765509607734095E-032   9.8082497302801992E-033   1.7495798757339664E-032
   4.9523719359406008E-032   4.4723910139984331E-032   1.4972866264440906E-032   4.6599877885136302E-017   1.0496569553953791E-016  -6.9531821476648818E-032  -3.1749180862568643E-032   6.2943898258449231E-033   1.7721766884677505E-030  -1.9047930225277105E-032  -1.5908746512322243E-033   1.7314579325344046E-030  -8.1086940684596588E-033   1.7726202405239011E-030   8.2889915553357876E-017   1.4461898976822985E-031  -6.9699369420920811E-032  -1.1387514986221775E-031  -6.0108681979948319E-032   2.3565349515278440E-032   1.7779806985491398E-032  -3.2212312843239871E-032  -2.2564678924177550E-034  -3.7988250206287237E-032   4.3207011052222537E-032   2.3439781637252086E-032   1.3280613849998660E-032   4.4371708167060211E-032   5.4229724242230817E-017   1.1303958009936121E-030   8.2340619790476275E-034   5.7462115021335668E-033   1.1352638694572049E-030   1.2170774129816676E-033   1.0980469739366367E-030  -3.5257399428317805E-032   1.7495798757339664E-032   3.1208725570304530E-032
