 3.2597495407101188E-007 -3.3713236908850097E-018  3.3716940558793907E-018  5.7308781819405423E-016  1.3618560440365205E-015 -4.6122402631954489E-018  5.8976480778107182E-017 -7.2283243772379684E-017 -1.3853897767384164E-017 -2.1616840767338280E-017  2.0165826132559941E-017 -4.8334008792658155E-006  1.1394943443479935E-017 -9.7887362549395363E-018  8.5536574358018646E-016 -2.0727680533302554E-017  2.4779667928708491E-016 -2.9162829466087188E-016 -5.0988100193094304E-017 -7.9463695910099756E-017  6.8513770357126886E-017 -9.3786437502158917E-016  1.4431118301988081E-018  2.0461054339261601E-019  9.1522704780440232E-016  2.0416587498590221E-018  3.2266413784357071E-016  1.8441463969013438E-019 -5.8368909253856541E-020 -4.5548800354675868E-019 -1.6344229534757515E-020 -1.1153546648637077E-004  1.5429459385976425E-016 -2.5513309997657630E-016 -3.7045868134631749E-017  4.4517334271910640E-016 -5.3073565129658462E-016 -9.8786496324990475E-017 -1.5081275522628690E-016  1.3187478031016637E-016  1.4887409763020938E-015 -1.5333798076011277E-018 -2.0697120445538549E-018 -1.8849342822009480E-015 -2.6437773456723056E-019 -1.1358489398892143E-016  1.4420172571250972E-018  8.1714401129177422E-019  1.0422110986513173E-018  1.4518810435452242E-018 -1.6251280869719333E-015 -4.0169883615852710E-004  5.9666345953405663E-016 -8.4906582632771017E-016 -5.9073357515106702E-017  7.4721485019631137E-016 -8.8603429383063247E-016 -1.5891100518661830E-016 -2.4816523898358454E-016  2.1966915942810662E-016  4.2014707344646226E-019 -1.5050255205896720E-019  2.6698073387407257E-020  3.8372724635672411E-019 -1.0451387780592499E-019  2.2724821670344968E-019 -2.1209324809251592E-019  1.4761343756464899E-019  1.0301134058058919E-019  2.0452301984722342E-020  4.9241495183405852E-019  3.0887235668220745E-019  3.2022653179726622E-019 -1.2021814837662906E-019  5.6655789035985925E-019 -2.6465860262022660E-015 -6.4363134453591650E-016  4.7963463875595066E-019  2.6615733475076411E-018  1.2349056403787676E-015 -2.9542209816975594E-018 -3.5389445060520029E-016 -4.3981602504903192E-019 -9.5081602063772667E-019 -6.0523120443917204E-019 -1.7412189521033144E-018 -3.3878136741355089E-004  4.9709198557754508E-016 -7.2075049921405170E-016  2.1396374831575691E-015 -5.1020576018673475E-016
-3.3713236908850097E-018  3.2597494503230668E-007 -1.1691261203784392E-017 -6.3219711047338589E-016 -1.5037170494180684E-015 -9.1550099425939175E-017  4.3655577077667277E-017 -3.7414646102377564E-017 -2.7584474137365049E-017 -1.1494210965128681E-016  1.1076686395413581E-016  4.4153597260202850E-017 -4.8334008007230372E-006  8.5137056276171263E-017 -9.9739192343478861E-016 -3.6815115869729996E-016  1.7802937597162092E-016 -1.5193988903729040E-016 -1.0460113425776154E-016 -4.7289426493123835E-016  4.5678110491043411E-016  8.5635351637419418E-019 -9.5731686206409826E-016 -1.5266309649966717E-018  1.0676958139014608E-018  4.0246319539052628E-020  1.1020212811136024E-018  8.4681376280588738E-016  2.7714511907332189E-018 -2.1272575833615049E-016 -1.1211160400425596E-018  9.7445238044024695E-016 -1.1153546496283900E-004  1.8756764055630006E-015 -6.6242377204384980E-016  3.2377350947574182E-016 -2.7693292941746873E-016 -1.8301976902605160E-016 -8.5330483829060902E-016  8.3572687625704684E-016  3.6932514824951403E-018  1.6849295092096296E-015  6.5237908679351556E-019  5.3526738428015227E-019 -1.7869235108478915E-018  1.4738007070588085E-018 -1.9409051338009952E-015 -4.3298835665216058E-020  9.0310347520507128E-016 -1.8169225263932978E-019  1.9091296383259816E-016  3.5733935243697865E-015 -4.0169883057345889E-004  6.6947408888770386E-015 -1.0995144053545216E-015  5.4120866635304507E-016 -4.6258449354494665E-016 -2.9994866145291950E-016 -1.4304146735805734E-015  1.4045109123464268E-015  9.4258211695466046E-019  2.1131044052119310E-019 -3.9192689404012768E-020  3.0539794411574156E-019  6.2578496019507372E-021  3.9718057962692059E-019  1.9127125493011835E-020  1.9841956014143709E-021  7.5600641443887158E-020 -1.1378014769718428E-019  1.0734957073097863E-018  8.0264727758290343E-020  4.2514129428270628E-019  5.7414572952210040E-020  9.5588452815007492E-019  2.8723171864716421E-016 -1.5212443015692410E-018 -8.8591102448746696E-016  3.6055403749847964E-019  2.6196003266978515E-020  2.1180857036925868E-018 -6.3939846698935584E-019  1.3979749924402262E-015 -4.6279845851129396E-018 -9.6176407071092059E-016  2.1249550518319824E-018  3.0059250124062041E-015 -3.3878136271747126E-004  5.6432869257864967E-015  7.9314449054901286E-017 -3.6830812569083484E-017
 3.3716940558793907E-018 -1.1691261203784392E-017  3.2597494921419092E-007 -1.0830323276193108E-015 -2.5429173451278905E-015  9.5597192046817594E-017 -1.2000349835388655E-016 -2.7032953526573185E-017 -9.6798979505962387E-017  1.5391347973759387E-018 -7.0518310133150615E-018 -3.4299963924342541E-017  9.6486166667108420E-017 -4.8334008388561377E-006 -1.6651783104930488E-015  3.9352667322038242E-016 -4.9423626647972054E-016 -1.0672192228423568E-016 -3.9135546173948887E-016 -4.8951519347513611E-018 -2.6702184110254119E-017 -2.2230739828831991E-018 -3.7541336085024611E-019 -6.8255011386280533E-016 -1.6076116446249145E-019  7.1101483372239695E-019 -8.7893662678521017E-019 -2.4600217560208304E-018  6.5731560123492073E-016  2.4276033206543555E-018  6.5734923574157305E-018 -9.2775518712761051E-016  2.1553503146238381E-015 -1.1153546565940425E-004  7.2338338972690159E-016 -8.9019297054081230E-016 -1.9742815738175667E-016 -6.9825295159488557E-016 -2.1368101468916338E-018 -4.1964079373532294E-017  9.0300447503619688E-020 -6.3974070521907561E-019  9.4802630620272694E-016 -8.2704859390414587E-019 -1.2389521359532495E-018 -3.1256183559492547E-018  5.8559094816197493E-019 -1.6086940679044442E-015 -2.4856274221689296E-019  4.9563731145602956E-016  1.2763530982942330E-015 -3.2884122942028585E-015  7.7005945986037603E-015 -4.0169883316231792E-004  1.2190311180239549E-015 -1.4921969214807756E-015 -3.2790279411288726E-016 -1.1609415061823785E-015 -7.1327359106250715E-018 -5.7427612151295280E-017  3.1187531701203412E-019  6.3338438889572955E-020 -2.1496243063167036E-021  4.4239777986759024E-019  6.0998821832147199E-020  2.8257449115170489E-019  4.2561571708931023E-021 -1.2163775949787127E-019  8.8629168133873912E-020 -9.9644579626997299E-021  1.5453146768383583E-019 -1.8694900497034113E-019  3.4591195807956408E-020  5.9732143379388211E-020  6.7421197818241593E-020  2.0288192638436875E-015 -1.3188117594209322E-018  8.2328684579538123E-019 -2.7179520884577878E-016 -4.9746845184039141E-019  5.9777079708444709E-019  2.7452405246806895E-018  1.2624001045972196E-018  1.2415308507080450E-015 -3.8604435091005762E-018 -7.0532429717763989E-016 -2.7768450516427203E-015  6.4919008140699459E-015 -3.3878136489155254E-004 -1.2994003453328560E-015  2.9001644488734788E-016
 5.7308781819405423E-016 -6.3219711047338589E-016 -1.0830323276193108E-015  1.2081781671222724E-001  2.8881852460934904E-001 -2.1911934734780393E-011  4.3302434754815618E-014 -2.4435740143046659E-013 -3.8443291535043534E-011  5.0164805381962429E-013  6.0537408064778254E-011 -9.7598244658310923E-016  6.6235628188595438E-016  1.8631072699026397E-015  1.8784580078114271E-001 -5.5112158628040902E-011  5.0606267426848983E-014 -8.4609021908381282E-014  3.6163993869337568E-011  2.7341156706821261E-013  1.9258147062460663E-011  8.3903561484500064E-018 -8.4905284267979808E-017 -1.1334896414009950E-016  2.7180580198912425E-016  2.9071429662327755E-017  3.6314317615319054E-016  1.6922201769113749E-017 -2.1686268811710518E-016  3.6418811879351308E-016 -6.5119692150800600E-016 -4.5062359722998423E-015 -3.5853167042885976E-015  2.3124101154066736E-015 -1.0271190507898748E-010  1.5542775722877594E-013 -7.0691057899784003E-013 -6.9768480449094343E-011  1.5268940809920440E-012  1.7264047533052908E-010  9.8000429926249647E-016  1.6889598935576856E-016 -2.9137885065272355E-016  3.0225160061005443E-016 -3.5438286520688255E-017  2.1760364953687387E-016  6.8224313850341218E-016 -1.1009803897841945E-016 -1.2711350569203897E-017 -1.2575444636182107E-016 -1.4511153301670554E-001 -7.2463783394874955E-015 -5.8933292497184737E-015  7.2520618108993206E-015 -1.7848798510527700E-010  2.3328357779416091E-013 -8.9642305544370891E-013 -3.8419791419973333E-011  2.0364670395265473E-012  2.1698126374536159E-010  1.9006112267826673E-014 -2.0302793035594934E-017 -3.9788168469198180E-017  1.2591915565089027E-014  1.0413135720376928E-018  2.5830143635299476E-015 -1.9254246138816241E-017 -3.7170397819566238E-017 -1.0130231563330371E-018 -9.8108633011071838E-017  1.6437958911390024E-014  2.6725854196941212E-017  1.7821963661843156E-015  1.0136969126081861E-016  1.1063005272194539E-014 -2.3056587274339788E-001 -6.3891578305091621E-016 -1.3415928244410711E-016  4.4619710885538941E-017 -2.5696312655607396E-016  9.6880177042187607E-018 -2.3815607679877664E-016 -3.2855228226789426E-016  1.5125415520195279E-017 -6.3617452831601812E-017  7.8610482572806299E-018 -6.8638110751737446E-015 -5.5266565865761729E-015  6.2824878819221042E-015  1.4815435363491031E-001 -3.3128464677098408E-002
 1.3618560440365205E-015 -1.5037170494180684E-015 -2.5429173451278905E-015  2.8881852460934904E-001  6.9084737992676215E-001  1.3608560083545309E-011  1.3026436376036387E-014 -2.3340328650895975E-013 -7.2225137125760168E-011  4.0814656365685224E-013  5.9055180654328038E-011 -1.8348682763050131E-015  1.6572423523922428E-015  3.7722220951079438E-015  4.4833354883924248E-001  1.4007655921137497E-010 -2.5139136938916114E-013  1.2469356708860819E-012  1.6853134670550421E-010 -2.6123528445976159E-012 -3.0783537135140095E-010  2.5743286410160753E-021 -1.9797786786932387E-016 -2.8927485026067103E-016  6.3253099826314154E-016  1.0946229227438360E-016  8.2207488404213025E-016 -7.5294953129652191E-018 -4.6641031736652430E-016  8.6900886200519282E-016 -1.5955721992688877E-015  1.1073027193790899E-015 -5.6579515410444590E-015 -1.0039269695486876E-014  2.4549306312522870E-010 -3.0138240859376886E-013  9.2374879689248367E-013 -1.9541660083229524E-011 -2.2422005619275278E-012 -2.2554505414087921E-010  2.2440589615568910E-015  3.9392200911198266E-016 -6.7346639922757495E-016  7.4718746141929989E-016 -1.2831564684241021E-016  5.6385685874601815E-016  1.6297289870426494E-015 -3.1904858213556636E-016 -5.5122339285401370E-017 -3.0863285256641492E-016 -3.6176331367895792E-001  2.4868528777929936E-014 -4.3525161701688264E-015 -3.9084978751032566E-014  3.9592857249502280E-010 -5.6956473086534229E-013  2.2383317647631395E-012  1.5545179036134545E-010 -5.0077503860467541E-012 -5.5120076808642129E-010  4.5597552225363047E-014 -4.7018797394594297E-017 -9.8286495916702193E-017  3.0245907583447517E-014  8.4572522210470139E-018  6.2033358486476884E-015 -4.2234624040974492E-017 -9.4163123302979287E-017 -8.8787242680743145E-019 -2.3790366393636914E-016  3.9488733828934205E-014  5.7286523807817970E-017  4.3341366451074110E-015  2.4276913915804048E-016  2.7365161913650662E-014 -5.7632744597716901E-001 -1.4526983630525904E-015 -3.2397524808557930E-016  8.2963480645951195E-017 -6.3366319991153619E-016  3.9088200417547591E-017 -5.9274892969835538E-016 -7.6628221452978328E-016  6.7093630104388641E-017 -1.3457314071386053E-016  3.0097680939386669E-017  1.9213466978469984E-014 -4.8870252061973222E-015 -3.2539687663842998E-014  3.7728449240909612E-001 -8.4871096951194061E-002
-4.6122402631954489E-018 -9.1550099425939175E-017  9.5597192046817594E-017 -2.1911934734780393E-011  1.3608560083545309E-011  4.3645800212736754E-003 -7.6810303021215186E-016  1.3278224087424949E-015 -2.1822900108755035E-003  4.3982829373560297E-015 -2.1822900104177976E-003  4.7351724414058789E-017  1.4535898803484362E-016  3.6400840284100151E-017 -4.1685636489476297E-011  1.7891324665104971E-002 -9.0530881247268602E-016  2.0255064877896404E-015 -8.9456623330493017E-003  9.9291235164540608E-015 -8.9456623321160882E-003 -3.7537957585805202E-017  2.1248088846886188E-017  1.2234317892841991E-017  2.7251381180971189E-017  1.0894522828428806E-017 -1.6899688813253356E-017 -3.6871575721697388E-017  5.9007981862325742E-018 -3.8672529936864228E-017 -2.1289657748441330E-017 -5.0309172354675766E-017  1.0206500255711003E-015  7.3803711363426236E-016  3.2362810105109684E-002 -4.0011396976323723E-015  7.1743826226015741E-015 -1.6181405053433559E-002  1.2980068397538150E-014 -1.6181405051721498E-002 -6.9895977585825934E-018 -3.8132381704295078E-017  9.7552402777555646E-020 -7.2113508856915165E-018 -2.0413933885096253E-017 -3.8737557585203393E-018 -1.3403256437112485E-017  3.8000355334929619E-017  1.5471318861454766E-017  1.4822295018438089E-017  4.6234288647042232E-011 -2.3609417467605638E-016  3.4188392913692336E-015  3.3258446287909421E-015  5.4189191180001255E-002 -6.2562802153244434E-015  1.2685165415959297E-014 -2.7094595591418968E-002  2.5226348792861861E-014 -2.7094595588592830E-002 -7.2192328087107224E-014  3.9607710424680492E-017 -1.7240311938407972E-016  5.9923554410514786E-014  3.6538296051075637E-016  7.1886235512109112E-014 -9.7965070874997680E-017  5.6319520987432771E-017 -4.6317706383297389E-017  1.2995933567723111E-016 -2.5457475449869148E-014 -1.2610956595273892E-016 -1.6238353740827154E-014 -1.3558431709571331E-016 -2.9410839962302096E-014  7.7868790880361794E-012 -3.5876079424622673E-017  2.1029468793867030E-017  1.4428188405622526E-017 -4.9565159454590804E-018  1.1828223789675459E-018 -1.9427420866459511E-017 -5.2399771551436999E-018 -5.2201274124201455E-018  4.8522222669387767E-019  1.0279698077883998E-018 -2.1963628468713388E-016  2.9066667987808369E-015  2.7614718945941117E-015 -1.6713526334827728E-011  3.7031288006865566E-012
 5.8976480778107182E-017  4.3655577077667277E-017 -1.2000349835388655E-016  4.3302434754815618E-014  1.3026436376036387E-014 -7.6810303021215186E-016  4.3645800207469561E-003 -4.3184314631466809E-015 -1.7894757450873073E-016  1.8184238837477604E-015  1.0520420326289976E-015 -2.4847429196752691E-017 -3.5344864628011756E-017  1.0938191595965240E-016  7.8560299923840142E-014  7.6804881968419545E-016  1.7891324665093588E-002 -8.5244311609121379E-015 -8.4567768575687614E-016  4.6039561051696783E-015  1.5006984276031012E-015  1.6674928516804752E-017  7.0745218541003409E-017  2.0615910397977568E-017  4.5678872704843582E-017  1.5306202956106645E-017 -3.2907250188525631E-017 -3.3454311694897879E-017  2.1593727360549493E-017  2.7104778124271646E-017 -1.7442716961824730E-018  3.8618351851399550E-016 -1.3745044840977552E-016 -7.7211194519963011E-018 -2.2126397924643601E-015  3.2362810102616262E-002 -1.5607307113387192E-014 -4.2674198217523686E-016  7.6588041464776285E-015  4.0310094731465690E-015  1.0373574181329818E-017 -2.9455648820007642E-017 -3.6084215500032216E-017 -1.3351224868238038E-017 -2.2185650614756185E-017  2.0923288647216893E-017  1.0159699584576888E-016 -2.0815042472427358E-017 -1.1987068350354563E-017 -3.0273605211290564E-017 -7.9476768147008465E-014  1.4395658105504577E-015  3.9497628871754773E-017 -3.0202399033972704E-016 -3.7344259623988930E-015  5.4189191176608725E-002 -2.8674979057889212E-014 -2.2455995382163119E-015  1.4373918721925636E-014  6.0241525290457988E-015 -1.0374625833934151E-016 -7.7734525321537370E-014 -1.8794057562412288E-016  5.5117736747704545E-017 -1.1892878508415291E-016 -3.5084771929481445E-017  5.4408906486031069E-014  4.1371743272481388E-016  3.3243315975246493E-014 -1.9018627760777462E-016 -4.3340186334228758E-017  7.7268268447466789E-017 -2.8576653476601400E-017  7.7848682868270532E-017 -3.5173116951710769E-018 -3.0999608153502968E-014  1.1942318445072405E-017  3.3134176168533908E-018  2.0824690483853403E-017  2.1040622030456475E-017  6.6767881917539125E-018 -1.5170935291615027E-017 -5.7987369162344004E-017  1.8114014314292437E-017 -1.0999889814070028E-017  1.9919402318706376E-017  1.2073069133998876E-015 -3.3983035546316738E-018 -2.3360468575300139E-016  3.5688529514023625E-014 -7.8353722471800792E-015
-7.2283243772379684E-017 -3.7414646102377564E-017 -2.7032953526573185E-017 -2.4435740143046659E-013 -2.3340328650895975E-013  1.3278224087424949E-015 -4.3184314631466809E-015  4.3645800204332183E-003 -1.5574021675100339E-015 -8.3852196060041348E-016  1.5314897272698067E-015  7.3866207552735103E-017  5.0361141435749871E-017  1.8131139553479716E-016 -4.1863596586726468E-013 -1.8019440611995157E-016 -7.5449629182872186E-015  1.7891324664448819E-002 -2.3587903102633310E-015 -1.2169085178690382E-015  3.2972215054598417E-015  3.4929761953244187E-017 -9.4148304749159780E-017 -6.5822003184711125E-017 -5.1112213411242893E-018 -3.3597084028487776E-017  3.3066383840870907E-017 -1.7294100487653829E-016 -2.0040233358209149E-017 -1.9706162831448530E-017 -7.4564746854532418E-017  2.1195492477167683E-016  6.8040265845095150E-016  4.5037199271708683E-016  3.5160676370583972E-015 -1.4339657933300687E-014  3.2362810101573707E-002 -6.9345570437419816E-015 -2.8076499461592636E-015  3.9748477513985982E-015  6.8501099559547256E-018 -9.7006313009523221E-017 -1.9785034603307690E-017  3.6999024448217404E-017  4.0630281331777561E-018 -1.3882405097556011E-017 -1.8054107257959392E-016 -8.2115926266465238E-017 -1.0309534775679572E-016 -1.0056400653941600E-016  4.0996078097479210E-013  1.0703790437361526E-015 -5.1663560514228433E-017  5.7115290360895837E-016  6.1469926334171368E-015 -2.6346980153115801E-014  5.4189191174605328E-002 -1.2463988185324113E-014 -4.8138576457034873E-015  7.4022277163805295E-015  1.4472573022220167E-016 -1.6044024782572513E-016 -8.2979071931973388E-014  5.7341758574058925E-017  6.1355981614138585E-017 -1.8009713978829799E-016 -1.8197552470167462E-016  2.1893172918658563E-014  4.2398674451538525E-016  6.8353204075986463E-014  8.1064483565828304E-017  2.2757962239098353E-017  8.3954269881161182E-017 -6.0107785103936285E-018  2.1898194703631654E-016  3.4240755143026112E-013  2.5928634703862401E-017 -3.6198434514439582E-018  1.1295774591693112E-017 -1.4412160514988654E-018 -2.9831870820890239E-018  2.4003772957975399E-017  2.5075559251060264E-017  2.9147711040904413E-017  1.1369939083652606E-017  6.0550294867662496E-017  8.8324501685100109E-016  1.4896748129779025E-016  5.7926133634365063E-016 -2.8947019766025561E-013  6.5763000704205267E-014
-1.3853897767384164E-017 -2.7584474137365049E-017 -9.6798979505962387E-017 -3.8443291535043534E-011 -7.2225137125760168E-011 -2.1822900108755035E-003 -1.7894757450873073E-016 -1.5574021675100339E-015  4.3645800201778219E-003 -3.0055169263530173E-015 -2.1822900093035444E-003 -7.1018968311956504E-017  1.2709069795572187E-016  1.1870685535187484E-016 -6.1718637298341044E-011 -8.9456623330591931E-003 -3.9269801860090234E-016 -1.0826843472445348E-015  1.7891324663833499E-002 -2.7174442141189771E-015 -8.9456623307899216E-003  3.2249095975552465E-017 -2.0805955102468397E-017  1.7850092037930587E-017 -2.4358641583916909E-017  3.0259495609050646E-018  2.5508411281559169E-017 -6.8592665754249128E-018  3.1266941815830837E-017 -1.7826227708707922E-018 -4.6392450524874061E-017  3.1980249676519227E-016  1.0744783129104644E-015  1.0903851477122762E-015 -1.6181405053465527E-002  3.8163916315973569E-016 -4.1147640486218828E-015  3.2362810100734961E-002 -1.1317336018326302E-014 -1.6181405047284970E-002  2.3029515348683043E-018  1.4955157553267432E-017 -2.0029830190216482E-017  6.1826394737975849E-018  1.1953044862976193E-017  6.6766483098059129E-018  5.4902019327353938E-018  3.0983546188535198E-018  2.9166285218940004E-018  7.7212699962007395E-017  5.5044379569670434E-011  1.2338344156328333E-015  4.1069046663117965E-015  4.1099096883074948E-015 -2.7094595591487514E-002  9.2807710152352267E-017 -7.9419977651927563E-015  5.4189191173021477E-002 -1.9494822395282063E-014 -2.7094595581540967E-002  3.5112114733840753E-014 -5.2025794550942289E-017  4.7540437475393770E-017 -6.9353583852624375E-014 -2.0929101741299550E-016  6.5818187360885306E-015  7.7066967083603609E-017 -1.1291107996464537E-016 -2.2666378212218744E-017  4.0419065609851671E-017  3.0568398809176340E-014  4.8397553613103528E-016  1.8517042337705717E-014 -4.7201709664664228E-016 -1.1385524366456551E-014  7.5952385298819016E-011 -1.0353988005915021E-017 -9.6363116181824199E-018 -2.0774423898050763E-017 -5.2594425009769618E-018  1.7970580913966460E-018 -1.2271791395507703E-017 -2.8534336500263627E-017 -2.1460456045826157E-017 -5.2098232822955329E-018 -8.3994664160823065E-017  1.0298587851236145E-015  3.4606975401937502E-015  3.4560731830921714E-015 -5.4137132265643139E-011  1.2381544548423783E-011
-2.1616840767338280E-017 -1.1494210965128681E-016  1.5391347973759387E-018  5.0164805381962429E-013  4.0814656365685224E-013  4.3982829373560297E-015  1.8184238837477604E-015 -8.3852196060041348E-016 -3.0055169263530173E-015  4.3645800196412763E-003 -1.6581244922938610E-015  8.2186673150940180E-017  7.6111328827770099E-017  3.3345843776612443E-017  8.6803093698838165E-013  1.1580580254587716E-014  2.1198320875669526E-015 -1.7555401571526362E-015 -3.4807225303513131E-015  1.7891324663056370E-002 -8.7845313956720721E-015 -1.9424831613855266E-017  1.9828276132433140E-017 -3.0724241659219509E-017 -1.5105285727356562E-017  1.6847053441421091E-017 -3.4846033963259838E-017  1.4109738511039469E-016 -2.8063052844931977E-018 -6.0765596489324378E-018 -5.2451895927533215E-017  6.4263715458021097E-016 -5.8607537514724502E-016 -6.8415687618098288E-016  1.4835355182733393E-014  4.9907994403996928E-015 -3.1641356205191302E-015 -1.2155207496367719E-014  3.2362810098754032E-002 -3.4773615436075515E-015 -4.4707775278524497E-017  1.0612838316048338E-016 -1.4983707291253319E-017 -2.7821095973212375E-017 -1.1822186007957316E-017  8.0662342564097661E-018  1.3265298095500253E-016 -3.6495940879183419E-017  1.1819724645267767E-016  2.1660011701910097E-018 -8.6118923123421819E-013  1.8721548467288815E-015 -1.2251266581573992E-016 -2.5716387540530000E-015  2.9405297648498019E-014  8.8748453030585205E-015 -5.8252014322253330E-015 -2.0362184140711984E-014  5.4189191169554514E-002 -8.7707619219101054E-015  1.5208246270976825E-016  2.8158227971916232E-017 -4.1620781070372501E-017 -1.1029826942611009E-017 -5.3492536643384629E-014 -2.0484854852216166E-017  2.9527775128472595E-017  4.7677467922657516E-017 -1.3649222524813461E-016 -2.8505718914364076E-017 -2.2261767547171543E-016  1.2541647685866329E-014  7.2612834889936187E-016  3.1684878420513144E-014 -2.6602444820104064E-016 -6.4321608574132427E-013 -3.8365453755714060E-018 -1.6304618814344162E-017  1.6914902267808060E-017  4.0618628810434651E-018  5.1341275350702051E-018 -6.0984316980163011E-019 -7.9323618555247624E-018  3.2314804709511141E-017 -2.8052807469872411E-017  3.7325629655140820E-017  1.6133418563800510E-015 -2.3935723145430749E-016 -2.1503490917889848E-015  5.6679407422232237E-013 -1.2847862361069678E-013
 2.0165826132559941E-017  1.1076686395413581E-016 -7.0518310133150615E-018  6.0537408064778254E-011  5.9055180654328038E-011 -2.1822900104177976E-003  1.0520420326289976E-015  1.5314897272698067E-015 -2.1822900093035444E-003 -1.6581244922938610E-015  4.3645800197421930E-003 -1.5349192106587302E-018 -1.4837728428913989E-016 -3.2726983446682284E-017  1.0368222317596013E-010 -8.9456623321262294E-003  1.7278387823136124E-015  4.3937564779925159E-015 -8.9456623307892225E-003 -8.2997846032030680E-015  1.7891324662991485E-002  5.2888616053965524E-018 -4.4213372000656066E-019 -3.0084409913909719E-017 -2.8927395921088622E-018 -1.3920472389091134E-017 -8.6087224663925349E-018  4.3730842275308841E-017 -3.7167740018867613E-017  4.0455152713909433E-017  6.7682108272177274E-017 -8.5105795950399862E-016  7.6796404375295933E-016  9.9563272117729096E-016 -1.6181405051789673E-002  4.3987708459544603E-015  6.5942801999729929E-015 -1.6181405047310495E-002 -3.6312098432676663E-015  3.2362810099161074E-002  4.6866462321683534E-018  2.3177224108115283E-017  1.9932277763199951E-017  1.0287114027469234E-018  8.4608890219073932E-018 -2.8028925511881778E-018  7.9130545552172233E-018 -4.1098709913893160E-017 -1.8387947406865302E-017 -9.2034994993614456E-017 -1.0160743700618009E-010 -3.0922653675975286E-015  2.7857821757449877E-015  2.7351772745569391E-015 -2.7094595588757403E-002  7.4648403727852580E-015  1.1423533573547865E-014 -2.7094595581617736E-002 -9.0264167999036046E-015  5.4189191170392677E-002  3.7080213353624266E-014  1.2418084124246460E-017  1.2486268188475760E-016  9.4300294419930445E-015 -1.5609194309599916E-016 -7.8468054248660231E-014  2.0898103792985210E-017  5.6591558983690923E-017  6.8984084596818780E-017 -1.7037840126780352E-016 -5.1109233592266497E-015 -3.5786597017990734E-016 -2.2786885968374040E-015  6.0760141374300970E-016  4.0796364329002416E-014 -8.4272927085092031E-011  4.6230067427107664E-017 -1.1393157153285761E-017  6.3462354991903758E-018  1.0215958452404357E-017 -2.9798804703311248E-018  3.1699212259704805E-017  3.3774313619268564E-017  2.6680583427288207E-017  4.7246010804374500E-018  8.2966694371218311E-017 -2.5766853890805618E-015  2.3290833708477570E-015  2.3603291962168392E-015  7.1244998981658615E-011 -1.6176602493000769E-011
-4.8334008792658155E-006  4.4153597260202850E-017 -3.4299963924342541E-017 -9.7598244658310923E-016 -1.8348682763050131E-015  4.7351724414058789E-017 -2.4847429196752691E-017  7.3866207552735103E-017 -7.1018968311956504E-017  8.2186673150940180E-017 -1.5349192106587302E-018  7.1667359003901670E-005 -8.2443450172963285E-017 -8.7559489823582492E-017 -1.6365072542068681E-015  2.2110767244623295E-016 -1.9140966064802821E-016  2.3346230495405411E-016 -3.7714964592053475E-016  2.0125449202378059E-016  2.0351985346996217E-016  1.3906204873255026E-014 -2.1397772731494349E-017 -3.0338674143359998E-018 -1.3570549400620483E-014 -3.0272740508012843E-017 -4.7843096780403227E-015 -2.7344121855998020E-018  8.6546633138107802E-019  6.7537585039387005E-018  2.4234442711234053E-019  1.6537946092235920E-003 -2.9138047831306338E-016 -1.5867840895411561E-015  3.9331640488996954E-016 -3.0093581787893538E-016  4.7007941022899167E-016 -5.8499349800698436E-016  4.6893688989097316E-016  2.5035826012105905E-016 -2.2074339927018065E-014  2.2736223160433817E-017  3.0688701404556111E-017  2.7948904979256879E-014  3.9200667374374256E-018  1.6841825410848346E-015 -2.1381542907193863E-017 -1.2116221073427682E-017 -1.5453408254122657E-017 -2.1527798430656290E-017  1.6329726309856986E-015  5.9561984245750342E-003 -1.6568433437841241E-015 -6.7500258854602559E-015  6.1473086618529691E-016 -5.3064711105479615E-016  7.4790606176925899E-016 -1.0759061912819387E-015  7.2055535122400720E-016  4.3619396418511563E-016 -6.2297400714417717E-018  2.2315799218565329E-018 -3.9586625782344821E-019 -5.6897242731128010E-018  1.5496818498379347E-018 -3.3695279896883741E-018  3.1448173624376464E-018 -2.1887415324835402E-018 -1.5274029364385985E-018 -3.0325697809930493E-019 -7.3012936470200353E-018 -4.5798117369475592E-018 -4.7481660209165733E-018  1.7825372663463361E-018 -8.4006497123498459E-018  2.1716220133849738E-015  9.5434580717058315E-015 -7.1117932545372429E-018 -3.9464538001114517E-017 -1.8310590839800532E-014  4.3803777290737212E-017  5.2473778348930274E-015  6.5213818653732623E-018  1.4098245746478952E-017  8.9740791576649485E-018  2.5817962692855787E-017  5.0232882578421017E-003 -1.3066346164193223E-015 -5.6233229878133181E-015 -1.6239784611036494E-015  3.7593363673764059E-016
 1.1394943443479935E-017 -4.8334008007230372E-006  9.6486166667108420E-017  6.6235628188595438E-016  1.6572423523922428E-015  1.4535898803484362E-016 -3.5344864628011756E-017  5.0361141435749871E-017  1.2709069795572187E-016  7.6111328827770099E-017 -1.4837728428913989E-016 -8.2443450172963285E-017  7.1667358661920357E-005 -1.2263526307103774E-016  9.2509210861042193E-016  4.9010974764712151E-016 -1.3118611745891987E-016  1.8522922940183058E-016  3.9533199980076464E-016  3.3753755016078312E-016 -6.4862859886468756E-016 -1.2697600838517226E-017  1.4194637220316659E-014  2.2636154997597507E-017 -1.5831283709992444E-017 -5.9675320505717585E-019 -1.6340245273817811E-017 -1.2556150040315055E-014 -4.1093754778113803E-017  3.1541959477109313E-015  1.6623373200137210E-017 -1.2435997430568563E-015  1.6537946056160043E-003 -1.5110997165776633E-015  8.3451873511531177E-016 -2.6315884795785293E-016  3.6612710590620483E-016  6.2333804671016983E-016  5.7953334019916229E-016 -1.3137827165905190E-015 -5.4761769277966753E-017 -2.4983330047554651E-014 -9.6731657488238219E-018 -7.9366889093769884E-018  2.6495648392268127E-017 -2.1852812989270376E-017  2.8778814356150331E-014  6.4201483513506832E-019 -1.3390787012048964E-014  2.6940458296460760E-018  1.0166620023206809E-015 -5.4258954908883600E-015  5.9561984101288486E-003 -4.5441378702462596E-015  1.2540123682910774E-015 -4.2689952724031856E-016  5.9645073434390431E-016  9.4728540668232585E-016  9.9436689882284893E-016 -2.2761448177942765E-015 -1.3976157438277695E-017 -3.1332103019892806E-018  5.8113048986076286E-019 -4.5282948655624441E-018 -9.2788385338170802E-020 -5.8892039747334337E-018 -2.8360787409295593E-019 -2.9420707205634413E-020 -1.1209702001364811E-018  1.6870776811755161E-018 -1.5917281650004375E-017 -1.1901270538619765E-018 -6.3037920647281862E-018 -8.5131587841627019E-019 -1.4173399242269160E-017  1.1751209121138475E-015  2.2556284040616537E-017  1.3135865563847654E-014 -5.3461230052307224E-018 -3.8842197141849357E-019 -3.1405963225620054E-017  9.4806951358562524E-018 -2.0728505521127618E-014  6.8621544830107118E-017  1.4260578306165302E-014 -3.1507818472740510E-017 -4.4607856027643347E-015  5.0232882458692693E-003 -3.7898856160432959E-015 -1.5735715849947779E-015  4.0927386698962488E-016
-9.7887362549395363E-018  8.5137056276171263E-017 -4.8334008388561377E-006  1.8631072699026397E-015  3.7722220951079438E-015  3.6400840284100151E-017  1.0938191595965240E-016  1.8131139553479716E-016  1.1870685535187484E-016  3.3345843776612443E-017 -3.2726983446682284E-017 -8.7559489823582492E-017 -1.2263526307103774E-016  7.1667358873349268E-005  2.6159492472476114E-015  1.2469249774733290E-016  4.8273281694028676E-016  6.8256203960631031E-016  4.0588663803829456E-016  3.0282487046360199E-016 -1.6684559136472115E-016  3.2962679008982236E-017  5.5664502506484302E-018  1.0120527055403442E-014  2.3836898685983252E-018 -1.0542588324534051E-017  1.3032452500746436E-017  3.6476027293288630E-017 -9.7463617558990811E-015 -3.5995342390630937E-017 -9.7468604722583592E-017 -2.7105054316200765E-019 -1.7747634752390637E-015  1.6537946077756630E-003  5.4281740577424821E-017  8.1671978409783276E-016  1.2996548912597001E-015  5.9107051525563724E-016  4.4815777913054204E-016 -3.9575106443592666E-016 -1.3389317193734003E-018  9.4857691365771469E-018 -1.4056881225701835E-014  1.2263081262362052E-017  1.8370590463480229E-017  4.6345175956924785E-017 -8.6828623354547078E-018  2.3852947215778834E-014  3.6855693666495992E-018 -7.3490733037457714E-015 -1.9464353897956193E-015 -7.8582973461747508E-016 -5.4729507177883864E-015  5.9561984190954383E-003 -2.4434788911257206E-017  1.3917517451543011E-015  2.1364937696872855E-015  8.6763445018868690E-016  8.0311677329975025E-016 -8.5301547647940532E-016 -4.6243382537899369E-018 -9.3915208735603663E-019  3.1873606618382265E-020 -6.5596629347021774E-018 -9.0446139342176168E-019 -4.1898795618290638E-018 -6.3108286371247684E-020  1.8035865940581955E-018 -1.3141509824502106E-018  1.4774821966299373E-019 -2.2913188017855356E-018  2.7719905460027476E-018 -5.1290173585292828E-019 -8.8567968945492889E-019 -9.9968932283472389E-019 -3.1124076265342501E-015  1.9554710734435624E-017 -1.2207303851115016E-017  4.0300495286499444E-015  7.3762247310131664E-018 -8.8634598435965698E-018 -4.0705115227418940E-017 -1.8718266120022966E-017 -1.8408826413635455E-014  5.7240812599390628E-017  1.0458211767075733E-014 -6.1083950397833103E-016 -4.5777496384924402E-015  5.0232882532937053E-003  1.9701775693492762E-015 -4.3497816650666906E-016
 8.5536574358018646E-016 -9.9739192343478861E-016 -1.6651783104930488E-015  1.8784580078114271E-001  4.4833354883924248E-001 -4.1685636489476297E-011  7.8560299923840142E-014 -4.1863596586726468E-013 -6.1718637298341044E-011  8.6803093698838165E-013  1.0368222317596013E-010 -1.6365072542068681E-015  9.2509210861042193E-016  2.6159492472476114E-015  2.9329022877670446E-001 -1.1917340226821892E-010  1.2719065448242006E-013 -3.0985804650856973E-013  4.5791812845170056E-011  8.2599620586274664E-013  7.3809498376430622E-011  4.7440876645967600E-017 -1.4056897194137295E-016 -1.4482873576075247E-016  4.5214842863827989E-016 -2.3345482948177247E-017  6.4355418153777588E-016  1.0860437701310359E-016 -4.2637006010715438E-016  5.6896740250985892E-016 -9.4581162229744949E-016 -1.0409025394186599E-014 -1.0063743170999812E-014 -3.1605348275359879E-015 -2.1913245189762098E-010  3.2833690750429204E-013 -1.4083446060638182E-012 -1.2524279565758293E-010  3.0728424456474324E-012  3.4458359194234222E-010  1.6929237486093441E-015  2.7945424427101503E-016 -4.9262135092914794E-016  4.2766621281170941E-016  1.9677619340842141E-017  2.6343112068539605E-016  1.0627882221888135E-015 -7.5381180123009264E-017  2.2659978621675700E-017 -1.8177794815593394E-016 -2.0011412614696900E-001 -2.2503857109258370E-014 -2.4036366675021226E-014 -1.2446090217797739E-014 -3.7774928401374716E-010  5.0861977133019825E-013 -1.9199786852176214E-012 -8.9096288327755387E-011  4.3532116402317102E-012  4.6695310365058594E-010  2.9271066591367882E-014 -3.4165906683088692E-017 -5.6422332396049974E-017  1.9329788174836743E-014 -8.6165052808232158E-018  3.9670459371372888E-015 -3.6441904887285584E-017 -4.8691424535078821E-017 -4.2056123264273875E-018 -1.4675443146762477E-016  2.5225955001461125E-014  5.2876661004118150E-017  2.6444558645417025E-015  1.5685016722549306E-016  1.5624911708707200E-014 -3.1534104820952308E-001 -1.1214054198467755E-015 -2.0299164435752522E-016  1.1002367794223322E-016 -3.6627512168342690E-016 -1.2256267152178193E-017 -3.3009748439814640E-016 -5.4364067822524191E-016 -2.9540820785256484E-017 -1.2893615182179067E-016 -7.1678237152443648E-018 -2.0215416056299242E-014 -2.1331884346413809E-014 -1.0282552925226640E-014  1.9070038266667216E-001 -4.1771935252931741E-002
-2.0727680533302554E-017 -3.6815115869729996E-016  3.9352667322038242E-016 -5.5112158628040902E-011  1.4007655921137497E-010  1.7891324665104971E-002  7.6804881968419545E-016 -1.8019440611995157E-016 -8.9456623330591931E-003  1.1580580254587716E-014 -8.9456623321262294E-003  2.2110767244623295E-016  4.9010974764712151E-016  1.2469249774733290E-016 -1.1917340226821892E-010  7.3340274828729526E-002  1.2346894339296268E-014 -1.4746016900773476E-014 -3.6670137414467993E-002  1.4264631129961388E-014 -3.6670137414509203E-002 -1.5387592469219852E-016  8.7100351943303939E-017  5.0151023011714495E-017  1.1170910052741846E-016  4.4658923570300941E-017 -6.9275352496333929E-017 -1.5114428639400460E-016  2.4188603737049751E-017 -1.5852677346904519E-016 -8.7270751897332873E-017  4.1689450785649688E-016  1.7436396940956015E-015  2.4594956248110511E-015  1.3266191474172792E-001  1.2646134140053004E-014 -1.2287913746342908E-014 -6.6330957370968890E-002  5.3880511235322133E-015 -6.6330957370945021E-002 -2.8651820411758972E-017 -1.5631259313960773E-016  3.9988765522784551E-019 -2.9560832560166092E-017 -8.3680976793506547E-017 -1.5879333345169638E-017 -5.4942746074931505E-017  1.5577138933073814E-016  6.3420165774237172E-017  6.0759681564071136E-017  1.0096569580570977E-010  1.2763972126305883E-015  5.2260071421658425E-015  1.1595321800897548E-014  2.2213280728392287E-001  2.2995494397058265E-014 -1.7815610096958561E-014 -1.1106640364191982E-001  2.3335500195591546E-014 -1.1106640364204624E-001 -2.9593142382891627E-013  1.6236027353531391E-016 -7.0671637747382435E-016  2.4563915928060914E-013  1.4977810332592527E-015  2.9467668647633008E-013 -4.0157927682887949E-016  2.3086547382870827E-016 -1.8986594780888071E-016  5.3273044738359874E-016 -1.0435550641139191E-013 -5.1694943768056380E-016 -6.6564401930565699E-014 -5.5578842070543472E-016 -1.2056117286522581E-013 -1.1360000021650182E-010 -1.4706353906789874E-016  8.6204182669322780E-017  5.9144156265048362E-017 -2.0317793734919093E-017  4.8486359130066079E-018 -7.9637053979906952E-017 -2.1479760274437973E-017 -2.1398391922570901E-017  1.9890272182653108E-018  4.2138628652560169E-018  9.9235650170713430E-016  4.5030388807098487E-015  9.6010504488874821E-015  4.6915223138670160E-011 -1.2229737588395876E-011
 2.4779667928708491E-016  1.7802937597162092E-016 -4.9423626647972054E-016  5.0606267426848983E-014 -2.5139136938916114E-013 -9.0530881247268602E-016  1.7891324665093588E-002 -7.5449629182872186E-015 -3.9269801860090234E-016  2.1198320875669526E-015  1.7278387823136124E-015 -1.9140966064802821E-016 -1.3118611745891987E-016  4.8273281694028676E-016  1.2719065448242006E-013  1.2346894339296268E-014  7.3340274837486924E-002  6.6968999789556866E-015 -2.0695251190718204E-015 -2.9906632724826626E-015 -4.4438194312143431E-015  6.8354013070701011E-017  2.8999941974135813E-016  8.4508920552484887E-017  1.8724723526344191E-016  6.2743321276000884E-017 -1.3489368831229884E-016 -1.3713620764148739E-016  8.8517196403851277E-017  1.1110814398913358E-016 -7.1501338203108677E-018 -4.8351940485297824E-016 -2.4730034299840511E-016  7.6109042924966758E-016  7.5651290771413898E-015  1.3266191474743214E-001  1.1341622085969596E-014  7.7889085058163461E-016 -8.1532003371467406E-015 -2.6419838622056485E-015  4.2523446208108960E-017 -1.2074485374947194E-016 -1.4791673236742381E-016 -5.4729458003405137E-017 -9.0943613398589911E-017  8.5768928157678262E-017  4.1646729560526155E-016 -8.5325204480356169E-017 -4.9137495619666120E-017 -1.2409782775405895E-016 -1.2244286921120403E-013 -1.5417290299041223E-015  1.3004900176558824E-015  1.6170243883467331E-015  1.2545520177553682E-014  2.2213280729668189E-001  8.5695339713151072E-015 -4.9751869311011055E-015 -7.3135941746928852E-015 -7.3977282606074173E-015 -4.2527757130524469E-016 -3.1865004733640965E-013 -7.7040765459561931E-016  2.2593910943760833E-016 -4.8751391784882728E-016 -1.4381980446619074E-016  2.2303346621829142E-013  1.6959141254200819E-015  1.3627129213583382E-013 -7.7961325549221742E-016 -1.7766047160642321E-016  3.1673876305755803E-016 -1.1714166833689379E-016  3.1911800291311261E-016 -1.4418194961521072E-017  2.0125272641061094E-013  4.8954056401543757E-017  1.3582390531072227E-017  8.5364753706993488E-017  8.6249902216084870E-017  2.7369548659958343E-017 -6.2188830886883794E-017 -2.3770233178048226E-016  7.4253126189835406E-017 -4.5090844708088701E-017  8.1653788530921581E-017 -1.3280509218654054E-015  9.4631645218947024E-016  1.4503020358228361E-015 -8.8498871743826827E-014  2.2120646278041642E-014
