   3.2625045754654060E-005   7.5916142881252405E-011  -1.4958961375471925E-010   4.8912798474954973E-010   2.0850391369434087E-011   2.7867322991701135E-011   5.9370055464088258E-011   1.5260258447199638E-010   1.2883549697931469E-011  -1.7345300406061648E-010   1.4162068979898332E-003   1.3244025899473295E-009  -4.9790475861841512E-009   2.8046119955442314E-010  -3.9377114296037735E-010   2.5109538371323780E-011   1.8749031802934046E-010   5.0582999294366154E-010   3.6917808295464961E-011  -1.1205882173332196E-010   3.6678864202285160E-003   1.7807551706422317E-009  -1.0975461752851938E-008  -5.3868188025033168E-010  -3.2264269385899850E-011   7.6113197001805606E-012  -6.4856899943405598E-011   2.4687519004948133E-011  -6.8963114061452873E-012   1.8598943542111277E-011  -3.8183790249652687E-011  -3.7799398191105549E-011   4.3617513992076501E-011   7.6515565907278647E-011  -4.5584870599023363E-010  -2.9531585300812538E-011   8.4960288419090057E-011   3.7174284508546767E-010   1.7470942378862634E-011   8.4106007517760518E-011  -4.0078472681790475E-010   3.2675813720336321E-003   1.6072785033937070E-009  -9.8036745628935150E-009  -5.1316482011696552E-012   8.5649835184708380E-013  -2.3731612284403022E-012  -1.6008853931583406E-011  -2.7016562821046457E-012   2.5023001604407860E-011  -2.1806471068100935E-011   1.2950844840985613E-011   2.8107336364709122E-011  -7.2798231953443846E-012   9.4548600009275760E-012   9.4999750326336379E-013  -5.9996101866686015E-013   1.0636982788617323E-012  -1.3903559115488617E-011  -3.3944467092524702E-011   7.1700131344793354E-012  -5.8510758951827940E-011   3.0870590083475006E-011   2.7771984316519860E-012   1.4667029446685622E-011  -2.2641975183913956E-011  -2.6047137337465332E-011   2.3207341169791639E-011   6.3025790013505792E-011  -2.8238517900635149E-010  -2.0769800859133489E-011   3.6937526950047931E-011   1.7863639464366495E-010   2.8441830512250337E-012   1.0374827842555526E-010  -2.2747909124908738E-011   2.7424308923488220E-004   1.2291890358583880E-010  -7.7390047418942455E-010   2.7577776688382772E-010  -7.4208143639178695E-011  -1.8555111313965736E-010  -2.5485588073817679E-010  -2.5048130523369746E-011  -2.0921908453896730E-011   3.9732408019696805E-010  -2.2509933908210003E-003  -1.1288798707124229E-009   6.9587891310190309E-009  -6.3978365802754423E-004  -3.1940082046097678E-010   1.9229369074907357E-009  -2.2964245219517529E-011   9.4591388750881951E-012  -4.2215090303046865E-011   2.4450937463133160E-011  -6.8053579847772781E-012   6.3578415398714763E-012  -1.8095332056122742E-011  -1.6541612773635627E-011   1.4818261948753025E-011   4.3794665196607696E-011   1.3194149744190422E-010   1.7562761210169894E-011  -9.0873082269013770E-012   3.3301394599381157E-012  -1.6528097001303860E-011   9.6427537337358197E-012  -1.9969956431043788E-012   2.5487320660030160E-012  -6.9619384428066730E-012  -6.8627267782395963E-012   6.0102626302290418E-012   1.7434489998557250E-011
   7.5916142881252405E-011   3.2624897079983985E-005  -4.2834391788502576E-010  -1.4365874322354008E-009  -2.1984809375672898E-011   1.1957414655669494E-010  -4.1779364378055417E-012   3.9875046380596732E-010  -1.6836297268209883E-010  -3.7676532503831246E-010   2.7872513196755251E-009   1.4162044691284365E-003  -1.0199774513505731E-008  -3.4724505833592419E-010  -3.5912407696684181E-011  -1.3948367525808741E-010   4.6716997380673455E-011   7.1610875321350480E-010  -1.7393945251982942E-010  -6.8019572986751616E-010   6.4216687341965273E-009   3.6678776897215025E-003  -2.5574107813382600E-008   1.3348271704975186E-009   3.0358336449819649E-011  -2.8491308576979339E-012  -9.6030316732310313E-012   4.1381624117692231E-011  -4.2536904558045916E-011  -8.2111400726116534E-011  -7.5273321786736247E-012  -1.2674359018390418E-010   1.2958396703600326E-011   1.0162675874109194E-010   6.5923973944404110E-012  -3.0379957441353695E-010   2.1075264987206153E-011   2.8172805444052739E-010  -7.9765746060890303E-011  -2.8831927019163024E-010   1.1271773065479051E-009   5.6095449955978151E-009   3.2675736635482695E-003  -2.2703149050129318E-008   1.3678205034203070E-013   2.8521059201716738E-012   2.5318303446653841E-012   5.6616081792448105E-012  -5.5853333525192960E-012  -5.9027825012674296E-012  -1.7605082464358787E-011  -1.3808831235628365E-012   1.9793197788231709E-011  -1.5025820581293681E-012  -2.9728359276264779E-011   2.2667966276518533E-011   4.6559059665663625E-011  -1.8504900412789258E-011  -2.3145039250137053E-011  -2.2688649324693881E-012   2.1485152286183978E-011   2.1193965955866565E-011   2.1030145754905696E-012  -4.8027819787804847E-011   9.4111196866078439E-013  -5.0670352734362005E-011  -8.3864594107919538E-011   4.6506420196010409E-011   4.6711887001663722E-011   8.0521269723202497E-012  -2.2326205055910905E-010   7.4725560277514846E-012   5.7043290369260421E-011   3.4595738922681011E-012  -6.5096676779507849E-011   1.5980676642272002E-010   4.5808228366672907E-010   2.7424245743856864E-004  -1.8334235722680743E-009   3.9902381034951512E-011   1.4755621671715067E-010  -1.7919835765251529E-012  -3.4866745959237331E-010   1.3446105770369728E-011   3.0876509328285828E-010  -1.0571206621389466E-009  -4.0065697264794287E-009  -2.2509878626811555E-003   1.6217225874959979E-008  -1.1093722524673900E-009  -6.3978215189615763E-004   4.4576752347193610E-009  -2.6415263437007230E-012   1.1190708150675541E-011   1.5780323822099412E-011   6.5912463497751528E-012  -3.3947011291750263E-011  -3.0472700926163652E-012  -2.6358292455489563E-011  -6.7717228095439171E-011   2.4174137329143072E-011   3.8711480257678764E-011  -3.3380503882349371E-010  -1.0363148770570330E-010  -1.2035855538082989E-012   5.3688132409558857E-012   6.6755151942383807E-012   1.6553166115000470E-012  -1.3513009818846274E-011  -4.0542634882992827E-014  -1.1911694512910645E-011  -2.6379964560944418E-011   1.0612882504286764E-011   1.4686828892915871E-011
  -1.4958961375471925E-010  -4.2834391788502576E-010   3.2624775888238781E-005  -1.8460569659149783E-009  -1.7608964115250969E-011   2.7421151395909934E-011  -2.9146281296026523E-010  -1.7505856494241092E-010  -4.0347931780288867E-010   1.9266793982346962E-010  -3.0281678757383721E-009  -8.9781020327058352E-009   1.4162020703697670E-003  -3.2292832170796574E-010  -7.3227768572460417E-011   5.5996581555731024E-011  -8.5911790272167876E-010  -3.6605406982075904E-010  -7.0507517367145438E-010   4.3928244811831461E-010  -5.0529831648281913E-009  -2.2307681677731176E-008   3.6678707565176039E-003   2.7386928606877383E-009   8.7920601473866276E-012  -3.8709346764596010E-011  -2.8597294668240138E-011   3.8973482324609120E-011   5.5931584287307386E-011  -5.0769135112629980E-011   7.5487546303412480E-011   7.2493605895260685E-011  -6.2567731774511321E-011  -3.2714681511666084E-011  -3.3590371388359661E-011   2.0577142772197552E-011  -6.3490774701935820E-010  -1.7285394831705756E-010  -3.6617398633400948E-010   2.0644511533000009E-010   2.7246222013428375E-009  -4.6747748236504419E-009  -1.9815876119841203E-008   3.2675675577400424E-003   1.5929973258218159E-012  -9.2207372974714034E-014  -1.1161427674159490E-011  -5.0053413098331512E-012  -8.1595637474703744E-012   2.2063227097942827E-012   1.8204772790099813E-012  -1.4530173529337885E-011  -2.3187150858002582E-012   2.1991578884829708E-011  -7.5272475933143560E-012  -3.7559311033217383E-011   1.8227258328811759E-011   4.3641094354997131E-011  -1.1632659747600070E-011  -1.4959049957489343E-011   1.5256891650255755E-011   3.1363659020679915E-012  -1.0010733065070679E-011   3.1515423236335775E-011   3.0080420019267658E-011  -1.4618001030540781E-011   5.3532495322714028E-011   4.3552663765032919E-012  -4.2235656845477209E-011  -1.8077075633355860E-011   8.2848466816276092E-013  -3.0530917057529200E-010  -5.5043811070017189E-011  -9.8876301903475968E-011   7.3119848294519781E-011   2.5451265933605412E-010  -3.4703386127992688E-010  -1.5998967779804354E-009   2.7424194443540010E-004   8.5630120402251738E-011  -4.5436539342080548E-011   4.4330786046182840E-010   1.9897451403819788E-010   2.5926992623912587E-010  -2.8460460624678428E-010  -2.5073218258420717E-009   3.2700593918759705E-009   1.4146406767782763E-008  -2.2509834488439076E-003   9.1117493038098254E-010   3.8909573417895603E-009  -6.3978094809803720E-004  -7.0611756216192211E-012   1.1231153467235872E-011   1.7988641980706653E-012  -4.4387666759499388E-012   2.4445357779015173E-011   1.3912303941147777E-011  -3.9784009319443432E-013   4.1279720719719885E-011  -1.0697309505608719E-011  -3.2108737086117244E-011  -7.8347747612646695E-010  -2.5028127102095869E-010  -3.6521454888752190E-012   5.0931682436722618E-012   1.4177835682395622E-012  -2.6384491578977321E-012   9.3513765672446948E-012   7.5383027977121040E-012  -1.8531289232376788E-012   1.6311433986032335E-011  -2.6068788647231554E-012  -1.3214507473569926E-011
   4.8912798474954973E-010  -1.4365874322354008E-009  -1.8460569659149783E-009   1.2428193031496136E-006  -7.1590715049721396E-012   5.4643259887073465E-012  -1.3567677047967137E-011   1.8716879094150675E-012  -6.3880055890888050E-012   5.2875090625263807E-012   2.1298099143265338E-008  -6.2444199526193365E-008  -8.0313744060906074E-008   1.5756361448498638E-004  -2.0647160797378736E-011   1.1975696407164805E-011  -8.8115733966060894E-012   1.0627942860172686E-011   8.8855113143567775E-012   1.0017969689515564E-011   5.5018950947776632E-008  -1.6158913945055057E-007  -2.0781879631357151E-007   8.1402010586750805E-004   9.8295984485171115E-012  -6.1634394765086227E-012  -3.0213139146504967E-012   1.7315670917045511E-011   4.1377935389737526E-012  -3.0503384297154179E-011   3.9329932203973137E-011  -1.5943322985580201E-011  -4.6603277092839156E-011   1.4135279110587091E-011  -4.8625292605706750E-013  -2.2726069524550146E-013   5.7678134350104931E-012   9.4622683444668642E-013   6.1355204665130396E-012  -4.6362068552137720E-013   1.0137651524379124E-003   4.8878716756101650E-008  -1.4391082904638767E-007  -1.8505466573119885E-007  -2.2720713948628667E-012  -4.1156215045629269E-013  -2.9743401335561895E-012   2.7478249815856642E-012   1.8443531630534684E-012   1.2449668540701126E-012  -1.3052238469964615E-012  -3.1034450354964515E-012   2.3033098886243640E-012   5.2875114983346908E-012  -4.5297943511868082E-012  -4.7384867975384172E-012   5.2114493244746696E-012   3.3637863795470107E-012  -3.6744304749983186E-012   6.2946610239170743E-013  -1.4207695448560014E-012  -1.6170486675564223E-012  -3.4181843076899738E-012  -2.3168187647730913E-013   2.5737097660788698E-012  -2.6640156424623026E-012   3.1982103587279863E-012   4.9948609305440417E-012  -1.1786837210612803E-012  -3.1408944876509214E-011   5.7066241468886960E-011  -8.9553251186230939E-011   2.3224468579272760E-011  -1.0091608863640624E-010   8.1872560397309458E-012   5.8684212261234599E-005   3.8637237775798580E-009  -1.1595606871536631E-008  -1.4885581803917303E-008  -2.0760442603341732E-010   4.2879806523847247E-010  -6.6932627925375775E-010   1.6809939037109438E-010  -8.0657184259779149E-010   3.9505134703599580E-011  -8.3532598409560756E-004  -3.4974868566941371E-008   1.0239697187380865E-007   1.3177177599340914E-007  -9.5681748637390981E-009   2.8183188492884937E-008   3.6239804743429319E-008   9.8194839870257605E-013  -1.1792745687435202E-012  -1.1865079138473714E-012  -1.4994633518651710E-012  -2.0184449574789459E-014   1.8205199589480477E-013   3.1267947401187660E-013   1.1394785411858432E-012   7.5976476302386272E-013   3.5029357698649598E-014  -2.2732870904477334E-004  -9.7813053397720429E-005   2.8621284619729783E-013  -4.2645710488872847E-013  -4.7200573224370128E-013  -9.0304111457819546E-013  -6.4119290129269384E-014   5.1905542273024608E-013  -4.3016814479318669E-013   7.3123659322115005E-013   1.0035879974418196E-012  -1.9322911920950842E-013
   2.0850391369434087E-011  -2.1984809375672898E-011  -1.7608964115250969E-011  -7.1590715049721396E-012   7.0732768599842903E-010  -2.2906430115913110E-016   9.0786021886085283E-015  -3.5366684037569785E-010  -3.8237698288198478E-015  -3.5366084353018048E-010   9.0704295595713827E-010  -9.5410916185304454E-010  -7.6389416885901757E-010  -9.1495151860426990E-010   7.2534220704397943E-008  -2.7046641452070319E-013   1.6762290934963814E-013  -3.6267276376201271E-008  -1.0291617570150143E-013  -3.6266944315946067E-008   2.3478143999438491E-009  -2.4712753050462632E-009  -1.9788243491482361E-009  -4.7247147097511874E-009   1.7883049397078969E-013   3.9482880072415202E-014   1.9031566890664655E-014  -1.2123856462172620E-013  -7.8730238130823574E-016  -1.1868770119957053E-013  -8.5137009993799338E-014   3.0010462973261990E-014   7.4740485347060377E-014  -3.6553760245624488E-014   1.0186442848308222E-006  -3.9536177201176126E-012   2.8240741202404775E-012  -5.0932459227044025E-007  -1.8805103465101559E-012  -5.0931969252206389E-007  -5.8859953801762046E-009   2.0881092379452619E-009  -2.2021392879113044E-009  -1.7639676041335319E-009   2.1691797028848804E-016   1.7353309289730040E-015  -2.1521932786911572E-014  -1.0322726250314507E-014  -9.0841822441426356E-015   9.9094318146641687E-015  -1.3137805525127956E-015   1.0313726126148120E-014  -5.6557891435290185E-016   1.3834523252504653E-014   1.5850325114452138E-014   1.5826616729235520E-014  -1.7552425387208233E-014  -9.0557345373461229E-015   4.3329875103105571E-015  -8.1204140773810473E-013  -9.6152749472305087E-014   3.1930561742717032E-014   5.4445394159073197E-013  -3.0283572508669600E-016   5.4501397539141152E-013   1.4238392257097738E-013  -5.7395956288269587E-014  -9.4875246294799838E-014   1.8980811934207010E-014   4.8107385144393705E-006  -1.8572074434329681E-011   1.3252309834074584E-011  -2.4053807484515430E-006  -8.6980615428401818E-012  -2.4053577660466412E-006  -2.6761606600212869E-010   7.5784911276936948E-011  -1.9937561675653214E-010  -1.7734935030989196E-010   3.4154580311729712E-005  -1.3176151351980459E-010   9.5051643960708872E-011  -1.7077372012844919E-005  -6.2504128422304495E-011  -1.7077208298874523E-005   5.3486760990813049E-009  -2.1070164965457812E-009   1.4176727277936269E-009   1.0163985068211568E-009  -4.0955058999046089E-010   4.3100011354011846E-010   3.4508917217307742E-010  -1.4213312869078919E-012  -1.3668242695812999E-013   1.0575247534437249E-013   9.5348271578182438E-013  -6.7092677677415676E-017   9.5343332810456334E-013   1.4202667745103983E-013  -6.3063935736389579E-014  -5.3866365100878598E-014  -3.1818174433969995E-014   1.6453947504172333E-009   5.6763933634652880E-010  -6.0587293652329094E-013  -4.3471906631747058E-014   6.3676481845346687E-014   4.0647093887305607E-013  -5.4866453176980346E-017   4.0639289691093440E-013   4.0456569891038819E-014  -2.5218519532180574E-014  -1.0806291317867407E-014  -2.8664880277193933E-014
   2.7867322991701135E-011   1.1957414655669494E-010   2.7421151395909934E-011   5.4643259887073465E-012  -2.2906430115913110E-016   7.0731109411239584E-010  -7.3934510066975041E-015   6.4915216090527310E-015   5.5175209630384599E-015  -6.2624099096278280E-015   1.2093661974097842E-009   5.1926609706840607E-009   1.1904812332733879E-009   6.9887169222222275E-010   2.7192480571792548E-013   7.2533400010537143E-008  -3.8696526167981130E-013   2.5558106258027795E-014   1.0757061556146905E-013  -2.9748226603547723E-013   3.1324547442077060E-009   1.3447203813562771E-008   3.0832047943537406E-009   3.6088063050901797E-009  -2.6147820295970112E-014   2.0582237990844268E-013   2.7962890524858708E-015   9.4848438339413852E-014  -8.0481546314532904E-015  -5.9767363761221272E-014  -8.9303560412014893E-014   2.7248634706745467E-015  -8.6009142487084432E-014  -4.1153082211433503E-015   3.7459804214562545E-012   1.0186320965305633E-006  -5.4416090758913987E-012   3.0290630502924298E-013   2.1482606865349375E-012  -4.0488849702092971E-012   4.4960467797342580E-009   2.7914707911794227E-009   1.1975800437715085E-008   2.7464894204742690E-009  -6.2666928642190215E-017   7.8288019837303348E-015   5.2343167521227127E-015   3.3220363609799275E-015  -2.3235277157547506E-014  -3.2125151044944049E-015  -1.7920894237730170E-014  -1.8202956569487635E-014   1.3539353902681745E-014   8.3333786895648848E-015  -7.8237740156863056E-015  -1.8113957525074616E-015   1.0420811838805622E-014   1.9129864640360865E-014  -4.1038940559185029E-015   6.6017694901407493E-014  -8.6996334583666081E-013  -5.4120134342340345E-015  -1.8232441613899296E-013   5.8694915987174622E-014   9.3752420727119865E-014   4.5006991339614767E-013  -5.8122081353612969E-015   2.6613121078644931E-013   8.3659046160385461E-015   1.7746705966602930E-011   4.8106808146380416E-006  -2.5915897982581767E-011   1.5478789721000785E-012   9.9340910045860536E-012  -1.9294585417117623E-011   1.9851042565754779E-010   2.5605539945783954E-010   8.9669571796117854E-010   2.2425836973176134E-010   1.2599861646980496E-010   3.4154169172112969E-005  -1.8444372171877795E-010   1.1473279169018473E-011   7.1450733023294168E-011  -1.3747189550229005E-010  -4.1278214513578815E-009  -1.7743862071974707E-009  -8.9788346387293067E-009  -1.9340834065920834E-009  -5.4630367884070629E-010  -2.3456112060734906E-009  -5.3780333519182857E-010   9.0862814596654506E-014  -1.4910516565310869E-012  -4.3319415833380622E-015  -2.1020115917710748E-013   1.1191873519914791E-013   8.8295986405565764E-014   8.0646134234945645E-013  -4.4807729027218580E-015   4.0907026829081005E-013   6.5686024012715064E-015  -1.2843239213462518E-009  -4.3360092992200813E-010   2.8655070505601343E-014  -6.3209631078978883E-013  -1.1642756151324607E-015  -6.3051365723899920E-014   5.8944653306843770E-014   2.4606618797955640E-014   3.4628271891768686E-013  -1.2769416024471013E-015   1.6750928969035122E-013   1.8195487384173462E-015
   5.9370055464088258E-011  -4.1779364378055417E-012  -2.9146281296026523E-010  -1.3567677047967137E-011   9.0786021886085283E-015  -7.3934510066975041E-015   7.0731709547888730E-010   1.3020391549118446E-014  -2.4334251712153774E-015  -2.2099462999985445E-014   2.5764418893105183E-009  -1.8156889933474967E-010  -1.2651586588858797E-008  -1.7361104845874585E-009   6.5849070522497525E-013  -3.3572772616399314E-013   7.2533587717738917E-008   5.6485051234796856E-013  -3.5302850360215862E-013  -1.2233429493726915E-012   6.6733619784691909E-009  -4.7018303548408129E-010  -3.2767114014189617E-008  -8.9647608400143073E-009  -1.1606192107980041E-014   4.9532217883430688E-015   1.5278706494511708E-013  -2.6482519471574018E-014  -2.3916169633496160E-014   4.2053857849379923E-014  -6.6624216162573342E-015  -4.7101530742640035E-015   3.9851852833509522E-015  -1.1037000754271586E-013   9.8378668253064370E-012  -4.7044152321009319E-012   1.0186346772763112E-006   7.7482805246125055E-012  -5.5062434782526561E-012  -1.7586151254849211E-011  -1.1169113058661686E-008   5.9466727938030583E-009  -4.1867394756012752E-010  -2.9191479012798010E-008   1.0231275044434541E-014   3.8030727173355324E-015   4.7299066250864414E-016   4.0774565665830328E-015   5.7929241675849224E-015  -2.2046378448953518E-014  -1.5325878870884062E-015   3.2315669436636841E-015  -3.0460229291143360E-015  -2.8797221431552817E-015   3.2972637786937122E-015  -4.0897071791082918E-015  -9.8659947921617707E-015  -2.2803008775232728E-016   1.8168937485617771E-014  -2.2092410495547904E-014  -4.9564615154900986E-015  -7.9063736559490378E-013   2.0261997472671460E-014  -1.3380313479571285E-015   9.3780922758420748E-015   8.6120663270450874E-015   1.4856936183847228E-013  -6.5979937036838817E-015   4.7856928119812344E-013   4.6364626137835177E-011  -2.2428237373724663E-011   4.8106931993077516E-006   3.6950342280932653E-011  -2.5916273707080676E-011  -8.3314961449600356E-011  -4.9702256639467538E-010   5.4161000807268354E-010  -2.8945658626866870E-011  -2.4648660287611592E-009   3.3014775532181945E-010  -1.5966127368040504E-010   3.4154257303432045E-005   2.6300044488599915E-010  -1.8454293501057068E-010  -5.9314820013679056E-010   1.0225907869307781E-008  -3.8078467811580284E-009   3.3046101197997024E-010   2.0010605516679040E-008  -1.1639070960247549E-009   8.2037280131473329E-011   5.7155645764175182E-009  -6.9245815847233316E-014  -3.5546553832543148E-015  -1.4333051663531647E-012  -8.5119962390998499E-015  -5.5501857621339562E-014   1.0141500692339355E-013   6.2987891515786291E-015   3.2133922465472159E-013  -4.8960540397177057E-015   8.2881051859556742E-013   3.1720764140316911E-009   1.0771343689823908E-009  -4.1459029774446364E-014  -8.5333324325339738E-016  -6.1714855552108205E-013  -1.2708524904339559E-014  -2.1856127805776712E-014   6.8331649523380304E-014   1.8093545827742144E-015   1.4458210022301005E-013  -1.5741769742931039E-015   3.5223025878975816E-013
   1.5260258447199638E-010   3.9875046380596732E-010  -1.7505856494241092E-010   1.8716879094150675E-012  -3.5366684037569785E-010   6.4915216090527310E-015   1.3020391549118446E-014   7.0734589722965310E-010   1.4536466801756657E-014  -3.5367905893309646E-010   6.6238545667089345E-009   1.7310128613215152E-008  -7.5990801325553621E-009   2.3913994419326308E-010  -3.6267231079446563E-008   4.8061359667368408E-013   6.0599565167579275E-013   7.2534832759898158E-008   5.7766599184667469E-013  -3.6267601690979673E-008   1.7155612996750326E-008   4.4831520726622456E-008  -1.9681066765989759E-008   1.2350626844714555E-009  -1.2487865122736356E-013  -6.4821233268720703E-014   7.5423415537277669E-015   1.7209128463211417E-013  -1.0272117538471102E-015  -4.5490124527115686E-015   9.6271659129508532E-014  -6.0037353120192765E-015  -6.4340873887855358E-014  -1.1467095977194985E-015  -5.0932395625138383E-007   6.8768597501837533E-012   8.2740575837988169E-012   1.0186526895766510E-006   8.7029353046862150E-012  -5.0932873336160110E-007   1.5383994785636781E-009   1.5283786277404426E-008   3.9937019908086558E-008  -1.7532989554934643E-008  -6.2152261507957332E-015   4.2096303631247116E-015   2.0159325769508905E-014   2.0955204811381330E-014   8.8871678699813710E-015  -1.0028784039756684E-014  -3.6261313261415505E-015  -1.5757382716551086E-014  -7.8292347186907464E-016  -8.4144970551710419E-015  -2.6152870233627656E-014  -2.8694874582850279E-014   2.4996643006616646E-014   2.2070876248321748E-014  -8.5165561658265231E-015   4.5620609698724736E-013   1.2339150555002232E-013  -2.5994592814670978E-014  -7.4270522488140191E-013  -1.7278860462877916E-016   1.3064046384160602E-013  -1.8435317792424440E-013   6.2704207890779923E-014   1.2394393253330102E-013  -2.7361655622129118E-014  -2.4053777508160127E-006   3.2594685408516927E-011   3.9414042170467264E-011   4.8107783739099048E-006   4.1107577482942031E-011  -2.4054006231029659E-006   7.3511883045904771E-011   1.2979009851445624E-009   3.3009719065296585E-009  -1.4660841358139741E-009  -1.7077350771156424E-005   2.3193495432318980E-010   2.8042825341434126E-010   3.4154864379210967E-005   2.9329468441535315E-010  -1.7077513608088787E-005  -1.3733203338545475E-009  -1.0427179647694805E-008  -2.7851882575657745E-008   1.2113282882125495E-008  -2.9924369427876488E-009  -7.8198398599617834E-009   3.4328914941621693E-009   7.4830647150700232E-013   1.4064364987203490E-013  -3.9870184461011856E-014  -1.2841464404079982E-012  -4.9989208505529821E-016   2.8018794855954450E-013  -2.0991018932129668E-013   1.2742342275151909E-013   1.4098038186881694E-013  -6.5258262872808518E-014  -4.1396976534920169E-010  -1.4837504115827644E-010   3.1278518234964748E-013   4.1873305127621823E-014  -1.9194625022015955E-014  -5.4621373411340796E-013  -1.2507285115972489E-016   1.2656837380940258E-013  -6.2478962524740353E-014   6.9162541947169003E-014   4.1951000664160642E-014  -3.7243793645902093E-014
   1.2883549697931469E-011  -1.6836297268209883E-010  -4.0347931780288867E-010  -6.3880055890888050E-012  -3.8237698288198478E-015   5.5175209630384599E-015  -2.4334251712153774E-015   1.4536466801756657E-014   7.0731211238291782E-010  -1.0712417145393976E-014   5.5923582279775656E-010  -7.3102949594848685E-009  -1.7516707855724627E-008  -8.1988377170697612E-010  -2.7569156883384368E-013   4.6919740975230783E-013  -2.0576607434171953E-013   8.0975363562079503E-013   7.2533229128038283E-008  -5.3406112078560676E-013   1.4483552284317251E-009  -1.8931932664912216E-008  -4.5365644265665885E-008  -4.2335202997354885E-009  -6.1802556288693509E-015   1.2836712725534246E-014   2.5977576534500782E-014   3.2749447895556104E-015   1.1631262694650839E-013   5.0167246311518371E-015  -2.0547652559066962E-014   3.8808254577761077E-014   1.4730974392550255E-014  -4.8288339541424154E-014  -4.2214843195444975E-012   7.2502540480251706E-012  -3.3679829385873851E-012   1.1933878610000380E-011   1.0186289237998484E-006  -7.7123929607261028E-012  -5.2749934080006477E-009   1.2902556457342646E-009  -1.6862090902783661E-008  -4.0410086891520835E-008  -5.4669671678971259E-015   5.6983724162150232E-015  -3.4606793991751522E-016   7.5270009964095777E-015   4.9193765610616661E-015   2.0759218229538783E-015   2.0751609456809729E-015   8.7647463724333781E-015  -1.0429384020560954E-014  -6.1867435884813916E-015   1.2921454374377743E-014  -1.2385371934607322E-014  -3.0225724058208267E-014   8.7137234587489314E-015   1.6024632346487996E-014   7.8447834478696573E-015  -3.4061714030624542E-014  -2.2506117780779084E-014  -5.5134700009914239E-015  -5.8218980833278197E-013  -5.0114221140260906E-015  -7.8195417145430694E-015  -1.0397281523698091E-013   4.4552801962747341E-014   9.4271970108830339E-014  -1.9700242624169660E-011   3.3987710591804482E-011  -1.5808987066953248E-011   5.6335426323579736E-011   4.8106659985743206E-006  -3.6635184725408970E-011  -2.2597370082893531E-010   1.0761352718312619E-010  -1.3146680166787605E-009  -3.2685892115084066E-009  -1.4041904103104864E-010   2.4215951197610440E-010  -1.1269809109271004E-010   4.0130258208305881E-010   3.4154063632698339E-005  -2.6088354133360456E-010   4.8923863902551721E-009  -8.9325268717291420E-010   1.2295882338272919E-008   2.8668142119328196E-008  -2.5262846002099907E-010   3.3024571638953816E-009   7.9132455629455279E-009   6.2016918717214433E-015  -4.8725414483890709E-014   2.2032494164778597E-015  -4.1299806294652919E-015  -1.0432017350017668E-012  -4.1904719656664732E-015  -5.9039512009012862E-014  -1.5297006847276948E-013   1.2793523839065520E-013   1.1237499591596331E-013   1.5390502862276445E-009   5.0872943765177987E-010   1.7172720049424865E-015  -2.3184161881765364E-014   3.2603170147126052E-015  -1.0807998040019787E-015  -4.4853678801556721E-013  -1.2231659912370850E-015  -3.8654862404475687E-014  -4.8846821555054226E-014   7.5045100047302856E-014   3.3978141548099886E-014
  -1.7345300406061648E-010  -3.7676532503831246E-010   1.9266793982346962E-010   5.2875090625263807E-012  -3.5366084353018048E-010  -6.2624099096278280E-015  -2.2099462999985445E-014  -3.5367905893309646E-010  -1.0712417145393976E-014   7.0733990244986757E-010  -7.5308988038048974E-009  -1.6356005149539997E-008   8.3629921420177982E-009   6.7582794473873643E-010  -3.6266989410245575E-008  -2.1014253727958070E-013  -7.7366616405396913E-013  -3.6267556597094808E-008  -4.7472036235017421E-013   7.2534546005617868E-008  -1.9503430674493680E-008  -4.2360208383069324E-008   2.1659937314222098E-008   3.4897364707436310E-009  -5.3951840679294887E-014   2.5338352254398301E-014  -2.6573909224187511E-014  -5.0852717879546142E-014   1.8145149079788858E-015   1.2323670875212619E-013  -1.1134644525422313E-014  -2.4006729556515083E-014  -1.0399616702549054E-014   3.7700471837253726E-014  -5.0932032556414541E-007  -2.9231768091960280E-012  -1.1098800068579588E-011  -5.0932810030313913E-007  -6.8220111900314984E-012   1.0186484258653004E-006   4.3477012094437508E-009  -1.7371898327254603E-008  -3.7734847630177095E-008   1.9296998297451104E-008   5.9983079756886344E-015  -5.9449613125757453E-015   1.3626065166315362E-015  -1.0632478333135452E-014   1.9701436794771241E-016   1.1935235700758962E-016   4.9399116109164394E-015   5.4436561165108656E-015   1.3485027729042131E-015  -5.4200253433453941E-015   1.0302544335647019E-014   1.2868257207598240E-014  -7.4442164708670488E-015  -1.3015141060330178E-014   4.1835679266331723E-015   3.5583530816089298E-013  -2.7238756325731064E-014  -5.9359681745646336E-015   1.9825128532027809E-013   4.7562398923170065E-016  -6.7565443778781765E-013   4.1969255093719646E-014  -5.3082518209422288E-015  -2.9068685642170427E-014   8.3808432891376576E-015  -2.4053607493830750E-006  -1.4022302939658559E-011  -5.2669508461190936E-011  -2.4053976396119181E-006  -3.2407561831074141E-011   4.8107583890628798E-006   1.9410583397676765E-010  -1.3736829046336710E-009  -3.1015937063067953E-009   1.6434363825297634E-009  -1.7077229439472195E-005  -1.0017125384549059E-010  -3.7550230709464897E-010  -1.7077492466851406E-005  -2.3077668249672236E-010   3.4154721906347579E-005  -3.9754728351091866E-009   1.2534219901456492E-008   2.6434185868613166E-008  -1.3129713489101744E-008   3.4019881120856274E-009   7.3888332854179728E-009  -3.7779887260735672E-009   6.7302481119083708E-013  -3.9612234384867978E-015  -6.5882289562033346E-014   3.3066372883852644E-013   5.6698433316175284E-016  -1.2336212752280729E-012   6.7883512384596433E-014  -6.4359487688758849E-014  -8.7114016933400068E-014   9.7076436824012029E-014  -1.2314683782624717E-009  -4.1927443863198892E-010   2.9308775237590509E-013   1.5986013642619567E-015  -4.4481856196520433E-014   1.3974279697784335E-013   1.7993910209572514E-016  -5.3296127004590354E-013   2.2022392646674863E-014  -4.3944022675299823E-014  -3.1144709223830022E-014   6.5908673649923516E-014
   1.4162068979898332E-003   2.7872513196755251E-009  -3.0281678757383721E-009   2.1298099143265338E-008   9.0704295595713827E-010   1.2093661974097842E-009   2.5764418893105183E-009   6.6238545667089345E-009   5.5923582279775656E-010  -7.5308988038048974E-009   6.1486147935453560E-002   3.5431542685328702E-008  -6.5699221792772049E-008   2.0236530549060547E-008  -1.7077150903019641E-008   1.0991029229425102E-009   8.1487385078957087E-009   2.1952710131554029E-008   1.6038152705075477E-009  -4.8755580514212285E-009  0.15923763798604354        2.0151000058656591E-008  -8.6804183767260248E-008   1.8223360608174407E-008  -1.4001693216529505E-009   3.3031128469263143E-010  -2.8158347162061160E-009   1.0711348599369332E-009  -2.9982568760372468E-010   8.0736417986590668E-010  -1.6576413986877705E-009  -1.6409092263117259E-009   1.8936438201864781E-009   3.3218642262665976E-009  -1.9447763237564965E-008  -1.1915726534269711E-009   3.7483679972402704E-009   1.5960153700964267E-008   7.6989677621047626E-010   3.4876159137614440E-009   3.4455523116711986E-008  0.14183836502241973        1.8855193173084216E-008  -7.8492387592635985E-008  -2.2266714716964167E-010   3.7179738913713707E-011  -1.0295632837723231E-010  -6.9456377015363222E-010  -1.1721512795245988E-010   1.0856962877338387E-009  -9.4614302453834464E-010   5.6188711912507649E-010   1.2195021527980979E-009  -3.1584936929042636E-010   4.1020223826438388E-010   4.1203117413885933E-011  -2.6015192126590846E-011   4.6163883934833094E-011  -6.0325572049307802E-010  -1.4734912210203880E-009   3.1179767864440158E-010  -2.5388204724913025E-009   1.3404771455850346E-009   1.1965666848408765E-010   6.3626046532573963E-010  -9.8281100098147642E-010  -1.1297013425364190E-009   1.0067797699190977E-009   2.7343571143882223E-009  -1.0707435051809262E-008  -4.4659176808400117E-010   1.9401954543276495E-009   6.9708442618613018E-009   1.8179136416720447E-010   3.7365688216316057E-009   8.0005346785296865E-010   1.1294767648236066E-002   8.0858144186537771E-010  -5.1090561490123465E-009   2.3383400103785071E-008  -5.7807283894021091E-012  -5.7746049215806783E-009  -1.6888788760545386E-008  -6.8229302267541058E-010  -6.4946123145915397E-009  -3.3873083708153013E-008 -0.10183089136153899       -1.5587381067141362E-008   5.8519902952221931E-008  -2.7776998653869105E-002  -3.8948794388289911E-009   1.5505074412623140E-008  -9.9840154953496285E-010   4.0869234470401039E-010  -1.8314973752309014E-009   1.0642513501928987E-009  -2.9154915472845486E-010   2.7520060907397334E-010  -7.8562185160780718E-010  -7.2135397095630764E-010   6.4532846741263022E-010   1.9027832417306325E-009  -1.1393276469271250E-008  -4.2631585042904956E-009  -3.9622305466372173E-010   1.4379841259951132E-010  -7.1844597198898398E-010   4.2050838895657720E-010  -8.4180731907643446E-011   1.1106164775338857E-010  -3.0271484057161493E-010  -3.0008375637691367E-010   2.6233536173709646E-010   7.5916720679315834E-010
   1.3244025899473295E-009   1.4162044691284365E-003  -8.9781020327058352E-009  -6.2444199526193365E-008  -9.5410916185304454E-010   5.1926609706840607E-009  -1.8156889933474967E-010   1.7310128613215152E-008  -7.3102949594848685E-009  -1.6356005149539997E-008   3.5431542685328702E-008   6.1486217289917947E-002  -2.5248034556668766E-008  -2.4722060122456440E-008  -1.5633311311059087E-009  -6.0373507255486146E-009   2.0268692779202923E-009   3.1103406874437813E-008  -7.5500794725040668E-009  -2.9540048953763401E-008   5.7158553905691099E-008  0.15923771165065903       -2.8842994172767382E-008   8.1996114553029127E-009   1.3181439639872610E-009  -1.2335842979543646E-010  -4.1688858316523280E-010   1.7965976091802196E-009  -1.8467569368349867E-009  -3.5650643811898209E-009  -3.2693099935440097E-010  -5.5028786228705893E-009   5.6242754485304579E-010   4.4123334122509473E-009   2.5132687269962601E-010  -1.2875548753532374E-008   8.9522348217519977E-010   1.2319779909333548E-008  -3.4754399268080991E-009  -1.2571055364137388E-008  -1.3111932165660874E-008   4.6105486691191899E-008  0.14183843358935497       -2.2342348595495950E-008   5.9336385084247223E-012   1.2369990165142392E-010   1.0990670690186893E-010   2.4560820302399612E-010  -2.4233570185915076E-010  -2.5607046292292744E-010  -7.6381548604859722E-010  -5.9872186902448779E-011   8.5880529353772881E-010  -6.5280667109717466E-011  -1.2897753109678398E-009   9.8353215996762262E-010   2.0200037652172757E-009  -8.0290561260111354E-010  -1.0041821231170844E-009  -9.8940022758813058E-011   9.3057748557341222E-010   9.1947482336760602E-010   9.2591200921654172E-011  -2.0839432596473673E-009   4.0156180032160723E-011  -2.1964323526454584E-009  -3.6388710479237777E-009   2.0166848928824512E-009   2.0269164911402087E-009   1.6450772884434569E-010  -8.2525079969616662E-009   2.3637578886131193E-010   2.9904223897073813E-009   1.1750584223988838E-010  -3.1549848054372439E-009   4.8433951526321997E-009   3.6314588255806095E-009   1.1294772054245823E-002  -1.9319746789157218E-009   4.3433094688830761E-010   1.6932772440657714E-008  -7.1141439922061014E-010  -1.1638418412941361E-008   3.0628378283620689E-010   1.1204088110585841E-008   1.5072142079106342E-008  -3.5756517372863919E-008 -0.10183094268891847        1.8829962250489770E-008  -9.5005986566517436E-009  -2.7777012232903450E-002   4.8817803248628851E-009  -1.1385908366819542E-010   4.8860425031487639E-010   6.8599572372542272E-010   2.8277403603184948E-010  -1.4734445694082080E-009  -1.3001618610724589E-010  -1.1480369260415088E-009  -2.9408570445869760E-009   1.0517128206292882E-009   1.6806742878618091E-009   5.8602592660781957E-009   1.4708164714192497E-009  -5.1985132875044379E-011   2.3508810457663748E-010   2.9079096783405198E-010   6.9899964662699914E-011  -5.8775086511539851E-010  -1.5482739190096196E-013  -5.2066000180105689E-010  -1.1469660518682466E-009   4.6347113545695555E-010   6.3815520705348542E-010
  -4.9790475861841512E-009  -1.0199774513505731E-008   1.4162020703697670E-003  -8.0313744060906074E-008  -7.6389416885901757E-010   1.1904812332733879E-009  -1.2651586588858797E-008  -7.5990801325553621E-009  -1.7516707855724627E-008   8.3629921420177982E-009  -6.5699221792772049E-008  -2.5248034556668766E-008   6.1486237446594830E-002  -3.5511783817282570E-008  -3.1833643546747804E-009   2.4336265749335163E-009  -3.7285649019527681E-008  -1.5897724716845733E-008  -3.0610331155253334E-008   1.9081115592045270E-008  -4.9030081095703605E-008  -2.4391926399015427E-008  0.15923773255177712        7.9929646711474186E-009   3.8200614786194317E-010  -1.6805797086232782E-009  -1.2413182127393903E-009   1.6922814501116999E-009   2.4281390084637827E-009  -2.2047906891420890E-009   3.2779378916647877E-009   3.1466029189196389E-009  -2.7172314332605376E-009  -1.4199559058840265E-009  -1.4805492627004842E-009   9.2497319339098877E-010  -2.7262267601632258E-008  -7.5223876848208575E-009  -1.5860672030409565E-008   9.0029716072102907E-009  -1.9967480096893618E-008  -5.1206629618118939E-008  -1.9344578426098151E-008  0.14183845523762870        6.9124036527604377E-011  -4.0420118548176036E-012  -4.8422625964058494E-010  -2.1724383779773076E-010  -3.5403191551545896E-010   9.5787577388609894E-011   7.9007935184346761E-011  -6.3038323005677412E-010  -1.0057724252970127E-010   9.5408614841162108E-010  -3.2648513881057041E-010  -1.6295470745381682E-009   7.9072825510425702E-010   1.8934270388930452E-009  -5.0468575783346671E-010  -6.4841826818891221E-010   6.6172062237005065E-010   1.3520047055180105E-010  -4.3349552856223327E-010   1.3677700867028572E-009   1.3034405662261717E-009  -6.3334395068750085E-010   2.3235343949919321E-009   1.8800170222979228E-010  -1.8325114244389511E-009  -9.1929731475076402E-010   1.8986686154588821E-010  -1.1932108843117491E-008  -2.5290392323890956E-009  -4.1542367769770346E-009   3.4482915305349744E-009   5.7766949113752246E-009  -2.2098424373575203E-009  -1.5724918452798777E-009   1.1294772472579486E-002   2.8208520249702592E-009  -8.8864264784323601E-010   2.9074059618333286E-008   7.7616105838561826E-009   1.2359370756747583E-008  -1.0582461377326549E-008   2.3247237713589583E-008   3.8143808772218133E-008   1.6523903766396749E-008 -0.10183095783068108        9.8421255968862590E-009   4.2384994968024895E-009  -2.7777016121122638E-002  -3.1122106151043894E-010   4.8854352715556561E-010   8.0470345620052461E-011  -1.9603674962061147E-010   1.0614665801354478E-009   6.1358258033715311E-010  -2.2611163072890984E-011   1.7971449015244589E-009  -4.5820375782944238E-010  -1.3994855628201331E-009   8.8786482671628107E-009   2.4558277051583863E-009  -1.6123659842444182E-010   2.2213117693587739E-010   6.2696864166138786E-011  -1.1678294446152845E-010   4.0673010257411362E-010   3.3310394996475552E-010  -8.4121521363696072E-011   7.1124007705941600E-010  -1.0926788112358794E-010  -5.7685544463646269E-010
