   6.0280196558700670E-005   3.0216856435936656E-011  -3.1425730915899655E-011   1.2899178345512675E-010  -7.0001631121007924E-011  -3.2507307311448935E-011   3.9784545107198314E-011   2.4555351682346973E-007   5.1644379073938738E-008   2.0113933219454089E-007   1.7592987977976394E-003   1.0559352162357042E-010  -1.0953618734613753E-010   4.5037243065040383E-010  -2.4422169219378348E-010  -1.1469166980495631E-010   1.3862650084637354E-010   1.1317123433809058E-007   2.3255754407628783E-008   9.3112847617755312E-008   6.6736883396447981E-003  -1.1871137610717237E-011  -8.1427338118360629E-012   3.1192332132309923E-011  -1.9771732667243724E-011  -1.6952674018860680E-011   3.5698568069397006E-011   1.2963718236392429E-011  -1.9855809310532976E-011  -9.2498965745857340E-012  -8.4497070211648323E-012   1.3944094374293547E-007   2.8330565030088266E-008   1.1496255589370736E-007   2.1120868582929087E-011  -2.2554034716588757E-011   9.0759157826230198E-011  -4.9089771501499409E-011  -2.3820016032342081E-011   2.7962902384580282E-011   5.1631691034701296E-003   1.2838810165139158E-016   1.7843580662619274E-016   5.3637886330002177E-016   2.1125427956166223E-015  -5.7618167822353548E-017  -1.2517441752736158E-015  -9.7070019763456226E-016   3.6869768343374503E-015   1.0644066353046718E-015  -3.2847114412754041E-015  -2.5188347444330854E-015  -7.6938956403983878E-016   2.9403193114716624E-015   8.1203447051236534E-016  -6.9178005875396280E-016   7.8309558100326664E-012  -8.9276665665651404E-012   3.4506150215839894E-011  -1.8599997066405239E-011  -9.4780719708459120E-012   1.0756331935699953E-011   2.3261986394254634E-008   4.3733046153679049E-009   1.9486690596414015E-008  -3.4985047390721844E-012  -2.3671703434467041E-012   9.1110717067042306E-012  -5.6223694388910347E-012  -5.0605042854987364E-012   1.0316159884590310E-011   3.8475615516620024E-012  -5.8871320637972334E-012  -2.7948711700572239E-012  -2.4029735684641482E-012  -1.2882719524152713E-003  -8.1101217684989678E-013  -3.6298051136733548E-012   2.9171719252740473E-012  -7.3224471731000782E-013  -4.6469919104609970E-012   1.5435070536719881E-012  -7.7303289517637190E-008  -1.5520082147963619E-008  -6.3737124563870240E-008  -1.5730424117289991E-008  -3.1640253534728930E-009  -1.2998505199384466E-008  -4.2342852111712211E-003  -3.7041287277004890E-012  -2.5025650608842823E-012   9.6300527193028328E-012  -5.9491510794013793E-012  -5.3400703249974567E-012   1.0918789789254554E-011   4.0610753941202254E-012  -6.2153972265526119E-012  -2.9459422780370005E-012  -2.5451547285741293E-012  -1.4163104117542770E-003  -4.3292506024657522E-004  -1.1706772747934802E-012  -7.9031220229085959E-013   3.0424039150556588E-012  -1.8766754007626240E-012  -1.6890195245650752E-012   3.4473124588776699E-012   1.2840669913832671E-012  -1.9652727265537805E-012  -9.3244515023578743E-013  -8.0286266673876729E-013
   3.0216856435936656E-011   2.8281024907644629E-009  -8.4883112614905916E-016   4.3729173358174001E-015  -1.4140469620581207E-009   2.4796864178145466E-015  -1.4140555294827798E-009  -1.3481943505396781E-008   2.5897068678590345E-009   2.5490216077548634E-009   8.8269725946875624E-010   1.3520760442480131E-007  -2.5694055561647849E-014   9.5200685562357215E-014  -6.7603699321454835E-008   6.4740006078951190E-014  -6.7603905107847425E-008  -6.2964756421160026E-009   1.2097205964568866E-009   1.1903543516857038E-009   3.3483643713315532E-009   9.6611517074480508E-016   6.9432804488349771E-014  -5.5149219537931899E-014  -6.2342185955627623E-016  -1.7848024310567608E-017  -6.7318947127155158E-016  -4.1989439835345430E-014   1.8399374911298739E-014  -1.3098010771494723E-014   2.7391731886907280E-014  -7.7324715587510960E-009   1.4852362409454835E-009   1.4622436107673251E-009   2.3962566010329625E-006  -4.7493638671034627E-013   1.6943264509493506E-012  -1.1981264546120735E-006   1.1652813708435108E-012  -1.1981301464336655E-006   2.5900071020488976E-009  -2.5426304238115709E-014   2.8596972482641834E-014  -1.1718157553181424E-013   5.5582364882843773E-014   2.0076155147546082E-014  -1.0914349814779948E-014  -2.1525213596557242E-014   3.9412306119554528E-014  -9.4877302724209139E-015   8.7805352257354837E-014  -2.8561842520333893E-014  -7.7032227936025574E-015  -5.4087165933940227E-015  -7.2606523778399771E-015   9.2931976276299960E-015   9.6261260091028551E-006  -1.8692275433604485E-012   6.6433414729868475E-012  -4.8130557324538289E-006   4.5936469805910590E-012  -4.8130702766644168E-006  -1.3649438446179849E-009   2.7291668528385172E-010   2.5280968844528555E-010  -1.6921102264020376E-013  -3.1151985341169223E-013   2.8914577270505855E-013   1.1318081518548018E-013  -2.1410567821926588E-016   1.1383923407270427E-013   1.7592503367566256E-013  -7.4823963853181622E-014   7.5491713306891280E-014  -1.5974605578949481E-013  -6.4338036853593829E-010   6.8742310989980567E-005  -1.3556427027100988E-011   4.8239068260643950E-011  -3.4371102811678706E-005   3.3264283941785091E-011  -3.4371208178312974E-005   2.8928433689698984E-009  -2.1471396451169549E-010  -7.1327725356086591E-010   8.7605450809208436E-010  -1.6825018646697184E-010  -1.6566037830464935E-010  -2.1094165880289600E-009  -9.2198572926774623E-013  -8.4102037380393692E-013   6.2407380942237769E-014   6.1820553471906159E-013  -1.6132976526089930E-016   6.1876792010663488E-013   4.7269788202072128E-013  -1.9248340000568093E-014   2.0682962800291985E-013  -3.2168869465730439E-014  -7.0143496725765891E-010  -2.1717601782083613E-010  -4.2113124714031869E-013  -3.4768452937537799E-013  -6.0672817861772044E-015   2.8237424755785887E-013  -7.5285619216850040E-017   2.8263246704507139E-013   1.9518166653881724E-013   3.5636603973212328E-016   8.5820858142368054E-014   4.2566530403217421E-015
  -3.1425730915899655E-011  -8.4883112614905916E-016   2.8280967708800371E-009  -1.4219447820979998E-015  -1.1890932522903809E-015   8.6498528775858389E-015   2.0378728734279532E-015  -4.4158877299004998E-009  -1.1641932472304657E-008   5.0540501088915562E-011  -9.1669857689210525E-010  -2.7039789785583820E-014   1.3520747768688627E-007  -3.7913645747178126E-014  -3.5024905621196900E-014   1.9369550017839815E-013   6.2064183266542115E-014  -2.0627874183366467E-009  -5.4371343850619436E-009   2.3602027108812878E-011  -3.4774713885842173E-009  -4.6777929206769333E-014  -3.8657546095261771E-015  -3.6939390582811111E-015   8.3874279976098019E-014  -4.9027874258877963E-014  -2.1114541177352224E-014  -4.4925977855112190E-015  -3.9066837535666830E-015   9.8928990250704615E-015   5.6654811472510285E-015  -2.5326714731366770E-009  -6.6771794639668066E-009   2.8918161730193954E-011  -4.8412290651907242E-013   2.3962543294649754E-006  -6.7053425234529281E-013  -6.4409352636556064E-013   3.4623121759114299E-012   1.1282151033068248E-012  -2.6898475215824746E-009  -1.7447194951531409E-014  -4.4332889436748343E-014  -8.8099794311781651E-015   3.4712295874303144E-014  -9.1011946073960845E-014  -4.0642390090098669E-015   6.2153821886099604E-014   2.3263219917254465E-014  -2.3906247488032109E-014  -8.5293770572855496E-015  -1.7417164654578123E-014   3.3728825108843584E-014  -4.1168084489169044E-015   3.4107419858658987E-014   4.6572538021798702E-015  -1.9045313053737297E-012   9.6261170648752960E-006  -2.6196600539451355E-012  -2.5467750280155081E-012   1.3618144903362215E-011   4.4513042771722359E-012  -4.6474300766208490E-010  -1.1783914257118935E-009   5.8149343080461843E-012   2.0234967750401971E-013  -1.7144322409647653E-013   1.6828478011301603E-015  -3.6144873274034820E-013   2.4246156548758553E-013   8.9968347605091663E-014   9.9761653664843030E-014   2.3129687409798303E-015   3.7598756283318241E-014  -2.9781377243582320E-015   6.6817537437848713E-010  -1.3805091677702855E-011   6.8742246167741221E-005  -1.9032701328547105E-011  -1.8428014566161979E-011   9.8723646759510214E-011   3.2233106826218761E-011   3.9044475885697852E-010   2.5079535218020462E-009   1.4622165196974574E-011   2.8692606194525814E-010   7.5650153541409286E-010  -3.2605036832515089E-012   2.1906885406579644E-009   5.4452850485711211E-013  -9.4810269081750004E-013   2.6001020173390765E-015  -9.7377567071279725E-013   5.4280967960142038E-014   2.4321382331595354E-013   5.3521682796365061E-013   3.2386070852779667E-015   2.3003402696193315E-013  -4.3518345401305221E-015   7.2844608312075053E-010   2.2554839369578893E-010   2.2496841386208489E-013  -4.3360412230869871E-013   7.7101372801384190E-016  -4.0226841872104071E-013  -4.3538121369995976E-015   1.0044144723517643E-013   2.4402888263375339E-013   1.0589729311385623E-015   1.0620512889847755E-013  -1.3639390998651290E-015
   1.2899178345512675E-010   4.3729173358174001E-015  -1.4219447820979998E-015   2.8281030976700803E-009  -8.9967718127661709E-015  -9.6825442080347505E-016   4.6235645428559562E-015  -4.7384264545238105E-009   5.2280509823837778E-011  -1.1847954519821178E-008   3.7658058862783415E-009   9.6421764515493192E-014  -3.6862182538518357E-014   1.3520762200232882E-007  -1.9729033386249128E-013  -3.3020305497069653E-014   1.0086826183166983E-013  -2.2127810980904852E-009   2.4413027120064334E-011  -5.5333469196318840E-009   1.4285189329369777E-008   4.3214445305027086E-014  -3.7639742361856591E-015   1.0162821686050151E-014   8.3555298475432934E-015   5.5149034173657752E-014  -6.6333934662156570E-014   5.6251974937385401E-015  -1.1399030041722997E-014  -3.7829029225822489E-015   9.2148420874233540E-016  -2.7177942562866571E-009   2.9911049884029164E-011  -6.7950868763290805E-009   1.7037313158329688E-012  -6.5774590461948924E-013   2.3962568959777842E-006  -3.5098444131976057E-012  -5.9820820145225865E-013   1.8061127317651815E-012   1.1049759590674578E-008   7.1683017539670168E-014  -8.8283668820995210E-015  -1.0670122313496399E-014   1.5425522251552261E-014   2.1919848173551468E-014  -1.4134528906204739E-013  -8.3263066587720433E-015   4.2153485561432066E-014   2.3015350500318435E-014  -2.0752967395014073E-014  -1.7592604627312597E-014  -7.9272746897911766E-015   1.5478077990147468E-014  -8.4107979926157970E-015   7.1653107764733391E-014   6.6793574031408949E-012  -2.5689681408647912E-012   9.6261270960284841E-006  -1.3768116795216742E-011  -2.3351912937294049E-012   7.0887588441861238E-012  -4.7395913099878692E-010   5.9779349815995404E-012  -1.2016217136374250E-009  -1.9133561153121011E-013   1.6551598504840635E-015  -1.7860929668066116E-013  -8.0050805567596450E-014  -2.5889866078738724E-013   3.3675443301198416E-013  -2.4063477445097436E-015   4.9427653708018784E-014   1.5733802756940026E-015   9.6286389855719125E-014  -2.7449903562501607E-009   4.8494594823561317E-011  -1.8671964810056121E-011   6.8742319068421939E-005  -9.9921558972095325E-011  -1.6981566073427981E-011   5.1426964045542570E-011   1.1815984014052025E-009   1.3991571410513825E-011   2.4649061622496382E-009   3.0782373448429747E-010  -3.3725023905730206E-012   7.6980363333599729E-010  -9.0000568021594206E-009  -4.6540839998866353E-014   2.6276112243524717E-015  -9.5813928758575858E-013  -1.2784940179398182E-014  -6.9936159683800656E-013   7.5226166952360072E-014  -3.8719430801188196E-015   2.4609610079525969E-013   2.5670988704804459E-015   5.3072569136899023E-013  -2.9929285917621863E-009  -9.2654003541899897E-010   1.8992668789083589E-015   7.8057849882908965E-016  -4.3659381808415287E-013   3.2846095473613305E-015  -2.8936713544539077E-013  -5.8326757886789324E-015  -1.1427725956022720E-015   1.1114782493420810E-013   7.5255901548564824E-016   2.4257313711386770E-013
  -7.0001631121007924E-011  -1.4140469620581207E-009  -1.1890932522903809E-015  -8.9967718127661709E-015   2.8280934963021087E-009  -1.5140729435562893E-015  -1.4140465345444916E-009   6.8299550533987705E-009  -5.1828299323907537E-009   2.7336163173609006E-009  -2.0436504545747908E-009  -6.7603699737326002E-008  -3.6367727478165418E-014  -1.9698992909412810E-013   1.3520741508693639E-007  -3.9742923999541767E-014  -6.7603715350574456E-008   3.1897931654049946E-009  -2.4210360646501802E-009   1.2765614393755053E-009  -7.7523700828011476E-009   8.6889969905125209E-015  -5.6055945725362052E-014   6.9481548345852018E-015  -4.2771330545231662E-016   1.2698087254756248E-020  -1.1229334699663882E-014   8.3571263239309258E-014  -6.6783242880802698E-014  -5.6066784278968737E-014   4.4598503295975467E-014   3.9171621744422301E-009  -2.9724257516894193E-009   1.5679070729175946E-009  -1.1981264617457778E-006  -6.5313768726470807E-013  -3.5048275325356201E-012   2.3962532179126778E-006  -7.1448879337878385E-013  -1.1981267561697133E-006  -5.9965501357250790E-009   2.0673707077352053E-014  -2.1608727639735079E-014   2.9362308630467747E-014  -4.8304895700705247E-014  -1.0091671272028270E-014   1.1988364429336103E-014   2.8751101920204890E-014  -7.8738082673689869E-014  -9.5824718063966776E-015   2.9325603353426141E-014   5.8370737036785185E-014   3.0260935847887300E-014  -5.4228892888591923E-014  -2.2739030880656850E-014   2.4046309547848867E-014  -4.8130557613430099E-006  -2.5814497686220473E-012  -1.3748052549620619E-011   9.6261126807385402E-006  -2.8256232097125605E-012  -4.8130569194003813E-006   6.9251068594113547E-010  -5.4625238047523946E-010   2.7340972961562305E-010   7.9265196960593772E-014   2.3603714596155864E-013  -6.8994997258729547E-014  -1.4969965179484047E-013   4.9978728808011379E-016   4.3354710905913037E-014  -3.5190012661009395E-013   2.9577805311411737E-013   2.3608632127504753E-013  -1.6903406657084565E-013   1.4896930076025312E-009  -3.4371103018132565E-005  -1.8672211051534000E-011  -9.9778346540570238E-011   6.8742214419971863E-005  -2.0436726442593145E-011  -3.4371111401854240E-005  -1.4276868498733908E-009   4.2752474942951551E-010  -6.8231280451296917E-010  -4.4377274263454886E-010   3.3672011666481766E-010  -1.7758502965962171E-010   4.8843294254313206E-009   4.5387232083871969E-013   6.3403157354085237E-013  -1.0806849114621112E-014  -8.2303399250252324E-013   3.9649510942989454E-016   2.1410055989234620E-013  -9.4519249984940422E-013   7.1585433903690032E-014   6.3407719721347576E-013  -4.5301680446503294E-014   1.6242972404764248E-009   5.0282032404606174E-010   2.0834265456541358E-013   2.6181904425876595E-013   2.9315556451235860E-015  -3.7607475065802162E-013   1.8400817868074251E-016   9.6553833446996067E-014  -3.9031229768695218E-013  -3.1559548179393169E-015   2.6183981069397338E-013   1.6727059047914114E-016
  -3.2507307311448935E-011   2.4796864178145466E-015   8.6498528775858389E-015  -9.6825442080347505E-016  -1.5140729435562893E-015   2.8280966654072687E-009  -9.6538941237247413E-016   5.1505368839386858E-011  -4.5255080063625771E-009  -4.4108843430301424E-009  -9.4843008107554092E-010   6.4476085504052708E-014   1.9425065530472967E-013  -3.4249783503919330E-014  -3.8581165022292745E-014   1.3520750064541834E-007  -2.5894267826036953E-014   2.4052641425079421E-011  -2.1133460283153712E-009  -2.0604514090386698E-009  -3.5978315088275890E-009   5.6478734482413184E-015   2.8161412961231558E-014  -2.0625264668074806E-014  -3.8928537200695873E-015   7.3079462978829985E-015  -3.6841710839193819E-015   3.8238609957043748E-014   8.3552718032622855E-014  -7.9463870147122856E-014  -4.6903086181700245E-014   2.9472191081347282E-011  -2.5959149007409436E-009  -2.5298092174546021E-009   1.1612175363286783E-012   3.4660304229848969E-012  -6.1071732191565283E-013  -7.0374132256074438E-013   2.3962547662045896E-006  -4.5747454109166816E-013  -2.7829412892374752E-009   4.8532548903833750E-015   3.4148627565337590E-014  -8.0090327041541488E-015  -4.3375739570376925E-015  -1.7946881965587175E-014  -4.1878334840255550E-015   3.3670145866954729E-014   2.2053452966347548E-014  -9.0988525671264772E-014  -8.4286445637737019E-015  -1.8292292009701655E-014   6.5045005623102279E-014   3.6470088873304065E-014  -5.1667514113161556E-014  -1.8377521638490134E-014   4.5774520587255434E-012   1.3632555434961192E-011  -2.3843371597171777E-012  -2.7838620589411893E-012   9.6261187961735842E-006  -1.7935870831949882E-012   5.9105641343128991E-012  -4.5018975822413550E-010  -4.6415628081887546E-010  -2.9236397630014244E-015  -9.0158014518884161E-014   8.9983958494688091E-014   2.3141018904990203E-015  -1.2947876624375593E-013   1.6084993678816307E-015  -1.8810594198679031E-013  -3.6139506166096177E-013   3.4252875578128232E-013   2.0229814832305905E-013   6.9122303603666740E-010   3.3148654697036960E-011   9.8825692901419081E-011  -1.7330593104513682E-011  -2.0140846454495258E-011   6.8742258680779691E-005  -1.3007808346579428E-011   1.4323600629705917E-011   1.2174810155078675E-009   3.9228954269639923E-010  -3.3233695733732887E-012   2.9406873781325832E-010   2.8660359104392617E-010   2.2661184998564614E-009  -4.2990445632155648E-015  -2.7403915309616906E-014   2.4293829170271263E-013   3.2329031145682923E-015  -6.9210639456053017E-013   2.5349698259787416E-015  -4.2289554356469633E-014  -9.7353753673565028E-013   8.4141409931706172E-014   5.4455664367644457E-013   7.5341784266363465E-010   2.3335444800232170E-010  -1.3399537006934562E-015  -1.1749416049633628E-015   1.0036422440136865E-013   1.0566690181367307E-015  -3.1539829544127211E-013   7.4111238119198943E-016   3.2907253912305317E-015  -4.0219193023501605E-013  -3.2399228324725676E-015   2.2496915799538562E-013
   3.9784545107198314E-011  -1.4140555294827798E-009   2.0378728734279532E-015   4.6235645428559562E-015  -1.4140465345444916E-009  -9.6538941237247413E-016   2.8281020651042117E-009   6.6519887036424314E-009   2.5931235919476128E-009  -5.2826359509041885E-009   1.1609465063139148E-009  -6.7603904724591751E-008   6.2059318680457179E-014   1.0177541570370886E-013  -6.7603715779862427E-008  -2.4986370310126610E-014   1.3520762050991918E-007   3.1066825974829538E-009   1.2113157138541348E-009  -2.4669148664076482E-009   4.4039803371528739E-009  -9.6551121156474265E-015  -1.3376858743496544E-014   4.8201064602044548E-014   1.0511352425030024E-015   1.7835386143133786E-017   1.1902524032248975E-014  -4.1581823459437486E-014   4.8383868074166098E-014   6.9164795105397869E-014  -7.1990235185387708E-014   3.8153095324795023E-009   1.4871898124485256E-009  -3.0301495483109383E-009  -1.1981301399449847E-006   1.1280303924888798E-012   1.8102560460772415E-012  -1.1981267635554882E-006  -4.5060273990241496E-013   2.3962569035160632E-006   3.4065232834226269E-009   4.7525971587431849E-015  -6.9882448440207973E-015   8.7819266943761485E-014  -7.2774691932274742E-015  -9.9844838829858269E-015  -1.0740145999225400E-015  -7.2258883212458163E-015   3.9325776559771001E-014   1.9070202077089756E-014  -1.1713095565739615E-013  -2.9808894522429217E-014  -2.2557713055509222E-014   5.9637609503573341E-014   2.9999683265287673E-014  -3.3339507196099600E-014  -4.8130702504023288E-006   4.4505018366048346E-012   7.1037267336075851E-012  -4.8130569493086208E-006  -1.7672611646207800E-012   9.6261271997311886E-006   6.7243335273544922E-010   2.7333571466225771E-010  -5.2621907971045774E-010   8.9945825759179337E-014   7.5482707515579074E-014  -2.2015077556529042E-013   3.6518836648633798E-014  -2.8568157614123186E-016  -1.5719394512464444E-013   1.7597509293866763E-013  -2.2095408933152022E-013  -3.1157803465306784E-013   3.2878012250161916E-013  -8.4631440604508059E-010  -3.4371207990718554E-005   3.2227384969935078E-011   5.1532248867682291E-011  -3.4371111615605125E-005  -1.2822111558134252E-011   6.8742319606349741E-005  -1.4651513288447054E-009  -2.1281195363138019E-010   1.3955939419784584E-009  -4.3228178200583063E-010  -1.6846996442765759E-010   3.4324527952835505E-010  -2.7749285463369523E-009   4.6811340869183824E-013   2.0698880044769825E-013  -5.1600531767165963E-014   2.0482845782063980E-013  -2.3516531071127421E-016  -8.3286848038875796E-013   4.7249461790289605E-013  -5.2337093998624347E-014  -8.4090682550057643E-013   7.7470549938359796E-014  -9.2287655273385752E-010  -2.8564265949289777E-010   2.1278859269059766E-013   8.5865485193677258E-014   3.1357261854373071E-015   9.3700503112196530E-014  -1.0872254953965554E-016  -3.7918630065931890E-013   1.9513063118155960E-013   2.7995887422671299E-015  -3.4766066895825038E-013  -4.4239236370942202E-015
   2.4555351682346973E-007  -1.3481943505396781E-008  -4.4158877299004998E-009  -4.7384264545238105E-009   6.8299550533987705E-009   5.1505368839386858E-011   6.6519887036424314E-009  0.10145956628880692        7.1597803485009274E-009  -2.8841506973442439E-008  -1.7001416466104345E-007  -1.0075930587896306E-008  -8.3220683965480400E-009   8.5294859248997759E-010   4.7355395351302041E-009  -1.8026951734457246E-010   5.3403938068301180E-009   4.7376473529379452E-002  -1.4486171014710504E-009   5.6773521645423769E-009   9.9000152275200113E-008  -1.5425381748477580E-010   1.8842287751333428E-010  -7.6588472530123178E-010   3.5314878371514370E-010   1.5357037788767465E-010  -1.4617421110510964E-010  -1.1342832883503399E-010   2.0435300112653663E-010  -3.6244179764319614E-011   4.1854324620921027E-010   5.8179366644752081E-002   1.8882231572568738E-009  -7.6685870093226412E-009  -3.6323768061978667E-009  -3.8076375986115132E-009   1.2511571850073415E-009   1.6837117640304166E-009  -7.8905155229236334E-011   1.9486729917476680E-009  -1.3464766220925694E-008   7.3189383243319908E-012   3.8860243632272995E-012  -1.5599474513139661E-011   7.9551402806987406E-012   9.3323740407152697E-012  -2.0812361825474055E-011  -6.8046975322543522E-012   1.0957096267447387E-011   3.9156570633875909E-012   7.4325605046263730E-012  -5.8284760241406183E-012  -4.3203592209001503E-012   2.2824446999983594E-012  -2.6355919063186012E-012   1.0548078168218406E-011  -2.3280259137108812E-009  -2.4967574155968172E-009  -9.8722977746414260E-011   1.2414494367770008E-009   4.9567308641911452E-011   1.0865819500746975E-009   9.9283647598492532E-003  -6.8841479155734495E-011   2.5170612467198092E-010  -1.8301566624110738E-011   1.5765055162129196E-011  -6.4411223056497368E-011   2.9130799597255043E-011   9.4643057909633261E-012  -4.5708239757113866E-012  -7.2438277941600752E-012   1.4204592833700996E-011  -6.0471827356403555E-012   3.7422736313562083E-011   5.9736534528947399E-009   9.1423492287185285E-009   4.8399628480323098E-009   1.1124314549844126E-009  -4.0077179490160402E-009   3.5635145319093406E-010  -5.1346324072004133E-009  -3.2476184118832276E-002  -7.8080229362594601E-010   3.1972872256650981E-009  -6.5919116048387700E-003  -1.2289304989323240E-010   5.0583962446883927E-010  -2.5785262810049129E-008  -1.6317926481905521E-011   1.8348813356279181E-011  -7.3964418497118669E-011   3.4195130113225919E-011   1.4064704588794649E-011  -1.2301882448216558E-011  -1.0490415108992030E-011   1.9093643650555045E-011  -4.2748681659690272E-012   4.0899105476922953E-011  -8.0827794965604171E-009  -1.6856974294260736E-009  -4.5844246972280332E-012   4.8563911731982285E-012  -1.9603697743380978E-011   9.0532865573902959E-012   3.5672958128961488E-012  -2.9030291877757463E-012  -2.6736654564518545E-012   4.9369476476439458E-012  -1.2695894356611821E-012   1.0932485740757533E-011
   5.1644379073938738E-008   2.5897068678590345E-009  -1.1641932472304657E-008   5.2280509823837778E-011  -5.1828299323907537E-009  -4.5255080063625771E-009   2.5931235919476128E-009   7.1597803485009274E-009  0.10145959199479472        7.5099616543768567E-009  -2.0447494898021002E-008   4.6610703675951966E-009  -8.8276216237869548E-009  -1.8021248854429643E-010  -9.3109446097292987E-009   1.9964586028714336E-010   4.6498745540948584E-009  -1.3577754534951272E-009   4.7376468495215998E-002  -1.4224203097696098E-009   3.0313024996219493E-008  -1.0446714728224700E-010  -2.4035461170419551E-010  -3.9664898726854337E-011   1.7741915208672329E-010  -5.3577845631672422E-010  -3.7262474944867116E-011   3.8929912157643233E-010   1.8501952529407737E-010  -2.8195652810404602E-010  -1.0834035701598138E-010   1.9273862750464238E-009   5.8179373488826527E-002   2.0157852093159887E-009   2.1360277045398181E-009  -3.1894238360023313E-009  -7.7848000626542168E-011  -4.2664558308211678E-009   9.6615127173400309E-010   2.1304279701869593E-009   5.3635014182633224E-009  -2.4748416884922938E-012   5.6737382851583871E-014  -2.8018973740397981E-012   4.6261086515110001E-012  -1.1657934247133822E-011  -2.7824701097354515E-013   9.2895578891454366E-012   7.3163726776894237E-012  -1.2539492009603695E-011  -2.6515834203314801E-012  -5.7234535923035342E-012   1.0351508739464669E-011   5.4279947810799715E-012  -1.6622397400532919E-012  -2.9315799521429950E-012   1.4803349276332417E-009  -1.9934793734083410E-009   5.1885878032383229E-011  -2.9654135364377757E-009   7.0936642957507264E-011   1.4850809686904695E-009  -5.4503982578771835E-011   9.9283645399579207E-003  -5.7684385849957263E-011  -8.6022956922504891E-012  -2.2039660730803906E-011  -5.9319692640189999E-012   1.7597840157832639E-011  -4.9794740262677762E-011  -6.0576126987181847E-012   3.6214574557694262E-011   1.8691263818859710E-011  -2.6535218402515814E-011  -9.5096612435525823E-012  -1.3874427392784968E-009  -2.5143269956223048E-009   8.0875238170913148E-009   3.6990011996049391E-010   4.9965686268622501E-009   2.3432622985499333E-009  -2.4822416556091874E-009  -8.1043472777862470E-010  -3.2476186977955464E-002  -8.4855680155176625E-010  -1.2919844908472752E-010  -6.5919120574490118E-003  -1.3513415878855421E-010  -1.4454848209026268E-008  -9.9957188658888712E-012  -2.3609130445618664E-011  -4.4956051411603983E-012   1.7755385234944313E-011  -5.2863539618647882E-011  -4.3448511660849376E-012   3.8450776533281547E-011   1.8800393259251073E-011  -2.7968511442336960E-011  -1.0661896605949684E-011  -5.0717199980377943E-009  -1.3557576064021727E-009  -2.6257326688194211E-012  -6.3367576203638772E-012  -1.3098099594235677E-012   4.8096040653682580E-012  -1.4225731035056213E-011  -1.2868753475279758E-012   1.0353183435234218E-011   5.1285641966321052E-012  -7.5479973539368044E-012  -2.8462383063164639E-012
   2.0113933219454089E-007   2.5490216077548634E-009   5.0540501088915562E-011  -1.1847954519821178E-008   2.7336163173609006E-009  -4.4108843430301424E-009  -5.2826359509041885E-009  -2.8841506973442439E-008   7.5099616543768567E-009  0.10145956367673727       -1.4487106931954293E-007   8.3852628704695706E-011  -1.7925208564434915E-010  -8.1290332278816514E-009  -4.8289486949963582E-010  -8.3360848594787643E-009   3.9904741689643077E-010   5.6223638216381159E-009  -1.5145500176724391E-009   4.7376474041376529E-002   6.8296915627474360E-008   4.2415641386667324E-010  -4.0656495163145877E-011  -8.8865090152239369E-011   2.0085730817746053E-010   1.4823532625749018E-010  -7.6992257483517574E-010  -1.1876035620615681E-010   3.7438639689210385E-010   1.9998902039929596E-010  -2.1283716056940446E-010  -7.6939626881566304E-009   1.9781333743608097E-009   5.8179365948387449E-002  -4.7144134376155839E-010  -7.8876176268108293E-011  -2.8841405316989153E-009  -7.1796119952307076E-010  -3.8138038352230311E-009   1.1894111566782031E-009  -1.8631841022749568E-008   9.8845178669834764E-012  -2.8255978178524074E-012   9.8985410968269907E-012   1.6943883787780534E-012   3.1008672872035607E-012  -1.9058108187169879E-011  -4.2979607288841990E-012   1.0696505737338104E-011   9.5573423932590704E-012  -1.7871224274931575E-011  -6.4299588982335804E-012  -7.3315925043111818E-012   9.6002983403331090E-012   5.0204889763058883E-012   5.3837574867653374E-012  -9.1728130278957223E-011   4.9889084162637722E-011  -2.1736899154385673E-009   5.5767000224829389E-011  -2.4912613729854901E-009   3.5972332048593483E-011   2.4275836295694335E-010  -7.1990933735925560E-011   9.9283647828834025E-003   3.7291293315955191E-011  -6.0054200260867478E-012   2.3539958462887432E-013   1.4034600005924413E-011   8.7958236933690885E-012  -6.4064622034158348E-011  -7.1159610796296961E-012   2.9805514404607332E-011   1.5551425449592088E-011  -2.2414252145603658E-011   6.8310368106618471E-009  -1.7224432771470204E-009   3.5785309713599628E-010   6.7780343982706554E-009  -6.5323465777809972E-010   4.8774400941680682E-009   2.3756774878213767E-009   3.2157440778521166E-009  -8.1918239508318974E-010  -3.2476183830186384E-002   5.0979389571711734E-010  -1.2889536442202905E-010  -6.5919115589375011E-003  -1.2714434913786851E-008   4.1452411868330359E-011  -4.5753436979054582E-012  -6.8806120790567878E-012   1.8822430949774440E-011   1.3429269579816114E-011  -7.4436079940160258E-011  -1.0795165961199351E-011   3.5707388992691734E-011   1.9057927542348302E-011  -2.1496648630137105E-011  -3.6138196660710255E-009  -4.9585497115234543E-010   1.1072536330637045E-011  -1.3334209835355644E-012  -1.4899684131857483E-012   4.8610990166484293E-012   3.3797747172606867E-012  -1.9716102887038164E-011  -2.7224032262543310E-012   9.3862739194230590E-012   4.9855174578831533E-012  -5.8906629760336962E-012
   1.7592987977976394E-003   8.8269725946875624E-010  -9.1669857689210525E-010   3.7658058862783415E-009  -2.0436504545747908E-009  -9.4843008107554092E-010   1.1609465063139148E-009  -1.7001416466104345E-007  -2.0447494898021002E-008  -1.4487106931954293E-007   5.1345855253974594E-002   3.0838159537915934E-009  -3.1973196765162512E-009   1.3150250455342779E-008  -7.1309230274135047E-009  -3.3480248324795496E-009   4.0470584033377674E-009  -1.2287744640556356E-007  -3.4638677654832691E-008  -9.1267251276346117E-008  0.19477431457705996       -3.4647651730422173E-010  -2.3765665355602753E-010   9.1042234647406475E-010  -5.7708618820124272E-010  -4.9478273461938236E-010   1.0419341770428121E-009   3.7836092550244771E-010  -5.7953981986692605E-010  -2.6996713189393231E-010  -2.4662415816576385E-010  -1.3734467650536469E-007  -4.9189170353259749E-008  -9.4041590630334812E-008   6.4054777137574893E-010  -6.7882966519061372E-010   2.7448980204871144E-009  -1.4855462545268513E-009  -7.1584921485373791E-010   8.4482354050734196E-010  0.15068818954120397        3.3137748807210277E-015   5.0694578645399187E-015   1.6022491923446533E-014   6.1104858409230779E-014  -1.8509721666983637E-015  -3.5212372834258662E-014  -2.8129307034118601E-014   1.0671803046788371E-013   3.0980970818089155E-014  -9.5571888611158770E-014  -7.2980484244604925E-014  -2.2371180144829895E-014   8.5437737235153753E-014   2.3741987245658721E-014  -2.0723869907837036E-014   3.2490555946735270E-010  -3.4468166250004028E-010   1.3941183469145274E-009  -7.5584843665170555E-010  -3.6066981474465551E-010   4.3057233710670753E-010  -3.9342292571150025E-008  -2.2074869874079982E-008  -2.0216244514446098E-008  -1.0209709462267177E-010  -6.9081346417299898E-011   2.6589210386906504E-010  -1.6408061676310158E-010  -1.4768028260324490E-010   3.0105981263954194E-010   1.1228318927047750E-010  -1.7180635182595927E-010  -8.1562243375931367E-011  -7.0127110593708322E-011  -3.7654986229979676E-002   6.6216423069567145E-010  -7.0797114448219974E-010   2.8448368522800428E-009  -1.5403349031582239E-009  -7.3647733570537583E-010   8.7817791357203726E-010   8.2192403796027183E-008   2.9405671837802799E-008   5.5211964509726845E-008   1.7566307387791048E-008   6.9134149287497279E-009   1.1446782364216575E-008 -0.12384775464373647       -1.0813112728287043E-010  -7.3054870674416887E-011   2.8112407585620293E-010  -1.7366992893966644E-010  -1.5588694823043190E-010   3.1874389223182861E-010   1.1855063994578413E-010  -1.8144227443078429E-010  -8.5997589348992242E-011  -7.4299034492119980E-011  -4.1501536116337542E-002  -1.2635088539794470E-002  -3.4178599955718215E-011  -2.3073536951046634E-011   8.8825421767305381E-011  -5.4790891352191045E-011  -4.9311769715746332E-011   1.0064654843032380E-010   3.7488959791525010E-011  -5.7377838251193697E-011  -2.7223201122609002E-011  -2.3440125606313702E-011
   1.0559352162357042E-010   1.3520760442480131E-007  -2.7039789785583820E-014   9.6421764515493192E-014  -6.7603699737326002E-008   6.4476085504052708E-014  -6.7603904724591751E-008  -1.0075930587896306E-008   4.6610703675951966E-009   8.3852628704695706E-011   3.0838159537915934E-009   6.4640897837666880E-006   1.7057369793980085E-014   4.8807320334589716E-014  -3.2320449268474610E-006  -3.6432373062515748E-014  -3.2320448571343624E-006  -4.7122519927195752E-009   2.1790395800301501E-009   4.0381691613364926E-011   1.1699855544546698E-008   4.5104012991156751E-014   3.3211685469812408E-012  -2.6419138518562307E-012  -2.7613759304909091E-014   9.2112934410900622E-016  -3.2920134649852792E-014  -2.0087653231157470E-012   8.8070028428486461E-013  -6.2612472779865025E-013   1.3127318410884194E-012  -5.8010362653934913E-009   2.6610776366763055E-009   7.1702501310043447E-011   1.1456173671548224E-004   3.7828697135321701E-014   1.1196194400056207E-012  -5.7280868097605682E-005   1.6059460043501071E-014  -5.7280868618487224E-005   9.0249092339728278E-009  -1.2155633248917844E-012   1.3672088145435543E-012  -5.6023936750949965E-012   2.6573593749430727E-012   9.5987982833512058E-013  -5.2190155133780138E-013  -1.0291394222529672E-012   1.8842960850256969E-012  -4.5356625768853066E-013   4.1979211146468582E-012  -1.3655255807395266E-012  -3.6831266040305044E-013  -2.5858557075733004E-013  -3.4713916937056913E-013   4.4435406000436912E-013   4.6021186261070523E-004   2.0663428968514601E-012  -3.3322120633210385E-012  -2.3010593712270778E-004  -4.1280201766786707E-012  -2.3010592548873288E-004  -8.3783663219974948E-010   3.8074541389841556E-010   1.1441868782824405E-012  -8.0898178181935608E-012  -1.4893140464196654E-011   1.3823026969973911E-011   5.4113052934462840E-012  -9.9841243652188381E-015   5.4423070586977096E-012   8.4105742611905535E-012  -3.5770713850892017E-012   3.6091738689843002E-012  -7.6368848988153712E-012  -2.2790814122081684E-009   3.2864754681783117E-003   4.9303842179557184E-012   1.4319732260329302E-011  -1.6432377397183353E-003  -7.5156714075433694E-012  -1.6432377284605079E-003   7.7345788979312370E-009  -3.4733215580648301E-009  -3.5862489372608099E-010   6.5772551178490275E-010  -3.0141204871217758E-010  -7.5729250431378515E-012  -7.4828182924352016E-009  -4.4078929526453647E-011  -4.0207828239413298E-011   2.9829332221072286E-012   2.9555890419987170E-011  -7.4001839080340233E-015   2.9582189502878947E-011   2.2598874603052789E-011  -9.2002768658756601E-013   9.8882569264758279E-012  -1.5375999253818757E-012  -2.5260660042977469E-009  -7.5731608326913156E-010  -2.0133720969781417E-011  -1.6622262629286883E-011  -2.9026497882191452E-013   1.3500027045373369E-011  -3.4988282662679030E-015   1.3512187353088534E-011   9.3313218383568114E-012   1.7103402913972185E-014   4.1029812939861048E-012   2.0360204220914317E-013
  -1.0953618734613753E-010  -2.5694055561647849E-014   1.3520747768688627E-007  -3.6862182538518357E-014  -3.6367727478165418E-014   1.9425065530472967E-013   6.2059318680457179E-014  -8.3220683965480400E-009  -8.8276216237869548E-009  -1.7925208564434915E-010  -3.1973196765162512E-009   1.7057369793980085E-014   6.4640898505274431E-006  -3.0786431682401809E-014   2.4968037493614489E-014  -3.1295679740140318E-014  -4.2049924007971903E-014  -3.8915935358761472E-009  -4.1287862220267574E-009  -8.4575677023875223E-011  -1.2130656924469861E-008  -2.2375405891153728E-012  -1.8592399886674205E-013  -1.7760552089680932E-013   4.0111073817133635E-012  -2.3469265194317032E-012  -1.0091048020153928E-012  -2.1261764798527809E-013  -1.8585060250211064E-013   4.7116571674832960E-013   2.7091909561397149E-013  -4.7574777736634859E-009  -5.0840957296443095E-009  -1.0695296806288050E-010  -6.0713569854183620E-014   1.1456173661009157E-004  -6.7583405029793393E-013   1.2679236788179974E-013   8.8970809467902860E-013  -6.6142488132005197E-014  -9.3566813106394965E-009  -8.3412579792268079E-013  -2.1194909210729621E-012  -4.2124066352117396E-013   1.6595896771370219E-012  -4.3512027508861264E-012  -1.9434925194393681E-013   2.9715259385158796E-012   1.1122421615649700E-012  -1.1429794816130852E-012  -4.0777455591630582E-013  -8.3273168396375228E-013   1.6125734351866727E-012  -1.9678947377829724E-013   1.6306190073501755E-012   2.2266493021925811E-013   1.6662930985546767E-012   4.6021187084239242E-004   8.0610256239156677E-013   2.5229844585749112E-012  -1.0331558285495798E-011  -4.1893761339630244E-012  -6.9572117555093932E-010  -7.3952848466331795E-010  -2.6435161807231329E-011   9.6738888508796967E-012  -8.1966136357306108E-012   8.0470717451144251E-014  -1.7280342504811827E-011   1.1591384508379598E-011   4.3014680048775487E-012   4.7697646122419296E-012   1.1061840191450166E-013   1.7972950984870917E-012  -1.4242137887752683E-013   2.3631838447458373E-009   2.1043028734125252E-012   3.2864754815550342E-003  -9.7904959389930562E-012   6.6146909486067044E-012  -3.3263875175460171E-012  -8.7189659765218460E-012   5.9668074282331612E-009   6.6880267917633841E-009  -3.9572625971471681E-011   5.3979976471189405E-010   5.7674379913467859E-010   1.2812849792138640E-011   7.7583029011096194E-009   2.6032990574334922E-011  -4.5327683827116875E-011   1.2429778886836312E-013  -4.6554879660822199E-011   2.5947392747819554E-012   1.1627948350271313E-011   2.5588290848060885E-011   1.5491625140686334E-013   1.0997392184594358E-011  -2.0810992168519564E-013   2.6191862839346297E-009   7.8516247373828432E-010   1.0755380398810271E-011  -2.0730083146161236E-011   3.6855294767486973E-014  -1.9231909230158994E-011  -2.0825092374897561E-013   4.8020440014680455E-012   1.1666779044561280E-011   5.0657723465180517E-014   5.0774617477238472E-012  -6.5225845041214903E-014
