   2.1941384621570343E-006   3.8185969902755592E-013  -5.3874666097053335E-013  -4.4738737589024882E-017  -9.8871379631620860E-006  -1.2498207461301646E-012   1.6655110199977345E-012  -1.8781177975663254E-017   6.0540844754155960E-020  -1.2099815650328324E-018   2.7130301049210410E-019   9.4682570437032694E-019  -3.2594257723320601E-019   1.0098599136431606E-018   1.1355141204251517E-005   6.5963213996634685E-013  -3.5703638141636193E-012   5.2898789129109877E-017  -2.3148029914332421E-004  -2.1622770648784946E-011   2.9872674379462613E-011   6.7898603241673707E-019   1.1347485597727236E-018   1.3430078598006587E-019   5.1621695584804541E-019   1.0828787288578649E-019  -4.4468052727437181E-019  -6.6961653816915029E-013  -2.6228752924642055E-014   4.1681209071540832E-014   1.2485645984154591E-012  -1.6128248249353177E-013  -3.4999149070263740E-013  -7.3129262269087359E-015   8.3662059083459927E-013   3.6039571811884024E-014  -6.5464656899376088E-013   1.3752062917591389E-015  -2.0510744950361383E-003  -1.7698136538433331E-010   2.5172280628738825E-010  -1.9177791170935628E-019  -4.0685157976995574E-019  -4.2345081653628837E-019   2.0645408977306111E-019  -9.1877680943459207E-020   4.4183653683289686E-019   2.4762000906871368E-015  -1.0705766362492265E-016  -3.4134364248256944E-020  -2.9542835356396338E-021   2.2736286610070500E-019  -1.3884052569052057E-019  -3.3621627036544817E-020  -4.0208109574386459E-020   6.7398700649060029E-004   7.6968755856778820E-011  -7.6468042188888712E-011  -6.4782431951569994E-015  -7.0014931041831641E-015  -9.5398438457079673E-016   1.0433163917378342E-014   2.1069980802199877E-015
   3.8185969902755592E-013   2.1941380678261341E-006   1.9515856401306256E-013   5.3818361598873098E-016  -1.2497962437292557E-012  -9.8871367512191424E-006  -6.5902195119776588E-013   5.5465694341255704E-016  -1.7735028494726273E-017  -4.9856530590423505E-019   2.4181639424822442E-020  -1.4626360886024751E-017  -2.3882774562413660E-020  -1.4700021446220941E-017   6.5960011942292012E-013   1.1355138398977841E-005  -2.1197276562008131E-013  -1.0989561474618191E-015  -2.1621677173637183E-011  -2.3148027732437058E-004  -1.1179707276685786E-011   3.3245456099578645E-018   4.6742272029894899E-020   4.9840773578773385E-020   1.2457770339137320E-018  -6.8884247750351527E-019   5.7101077372808991E-019  -2.4985663787451792E-014   9.0327998184260539E-013  -2.2745287348147047E-013  -9.4096116423919951E-015   1.4604715302410707E-012   4.2931216148441624E-014  -8.8375821618251392E-013  -3.0092541390019155E-016   2.8251020357138717E-013   1.6975959325123187E-013  -2.4037692849737816E-014  -1.7697166880744932E-010  -2.0510743106414262E-003  -9.0000037711454156E-011  -9.6640709335430755E-019  -2.0246489882288818E-019  -8.0692484826044384E-020   1.4653367998771628E-018   6.6058789105382182E-019   1.2381323986002621E-018  -4.1070827316919711E-014  -1.1898246986294061E-014   3.4542198075145664E-018  -1.6394397173665222E-019  -4.8384750671491292E-020   2.9448303663546448E-018  -6.3835942301029069E-020   2.8201770635760960E-018   7.6945824539777623E-011   6.7398695286502138E-004   4.6025110702114959E-011   1.0008379144943903E-014   9.9642528914649151E-016   1.0312270087418581E-015   4.0397950770167925E-014   1.0999919989306797E-015
  -5.3874666097053335E-013   1.9515856401306256E-013   2.1941387629809113E-006   3.9642101853006298E-017   1.6655129427320350E-012  -6.5914349357956864E-013  -9.8871389075426800E-006   2.7321034039301910E-017  -1.6316569283192276E-018  -6.6547440101101983E-020  -5.2681117213790761E-019  -4.1014081384639562E-019   1.2064949362272386E-018  -2.6740814526447539E-018  -3.5703675828860399E-012  -2.1181568321593107E-013   1.1355142808826197E-005  -1.4226716341370437E-016   2.9872733562173177E-011  -1.1185138525020240E-011  -2.3148031591696785E-004  -1.5984213251927178E-018   6.0781996501467060E-019  -2.0476652549885093E-019  -2.5885199381069044E-018  -1.3392527082344926E-018  -1.4762290725323022E-019  -6.0790525107990556E-013  -2.3601791717955888E-013  -1.7455267403139889E-013   8.3483978970293705E-013   5.1837187601195173E-014  -1.9249047175239071E-014  -1.3346613682607749E-013   8.0412445552159543E-013   4.1508141313539835E-013  -4.6902045855383949E-013  -3.5089112811884247E-015   2.5172338847873026E-010  -9.0048802048537338E-011  -2.0510746352925026E-003  -1.0662200879323445E-018  -4.0354074730646468E-019   2.3518637058387255E-019  -1.9096379224067737E-018   4.4037822999238973E-019  -1.7380645303053382E-018  -6.2504620109384359E-015  -9.2804892113633358E-016   1.0413636644414787E-018   1.4153951576349624E-019  -7.9018324532674368E-020   9.6590575504647291E-019  -1.3259837881806501E-019   5.5252265145215367E-019  -7.6455231798337400E-011   4.6011468857828054E-011   6.7398705391863423E-004   7.3900058314203594E-015   7.1538006155918834E-015   7.7158794431581833E-016  -1.2757138191428463E-014  -2.0175937480725125E-015
  -4.4738737589024882E-017   5.3818361598873098E-016   3.9642101853006298E-017  0.68500533288936449        8.2535193645900282E-016  -3.8110549757179242E-016  -2.8055487095866509E-016  0.19671838073203793       -3.7066096157648918E-010   1.4459686015412985E-009   2.1174566458308881E-009   1.2334262693855323E-009   1.6037433719221275E-009  -8.6396313334670510E-010  -9.5484868003764599E-016   5.8981259725932459E-017   2.1562265039286842E-016   2.9237670062585784E-002   2.2152266249158563E-016   4.2417221711541221E-016  -1.7984583804041440E-015  -2.6858804875852344E-010  -1.9305213608782685E-009   3.8873116487932423E-009   2.2684729097267864E-009  -7.4503907202944817E-010  -1.9998966584280223E-009   6.7662622951820439E-016  -1.1513012003064319E-016  -3.8981165166921822E-017   3.0801441242075522E-016   7.8640152966707258E-019   3.1501079359272334E-016  -2.5145746822213265E-016  -6.9637172804701617E-017  -1.0523427414845487E-016  -1.6367052922124658E-016 -0.18846437450568776        8.5240910365627641E-015   1.5983483887481519E-016  -1.8287806035672875E-014  -1.2539791234982521E-010  -7.0517040821704706E-010   1.6598500713664737E-009   9.6850212955970819E-010  -2.2225827952569697E-010  -8.4319451841532092E-010  -9.7974368872920700E-002  -4.0332113879826638E-002  -7.7347141921625362E-011  -5.1225294479610861E-010   1.0848697976730493E-009   6.3305415034151783E-010  -1.8658986915228596E-010  -5.5574551504402084E-010  -9.7484500438200487E-015   2.0977728422298629E-015  -4.3315530227608374E-015   6.0502967741363226E-002   3.8139318447369487E-002   5.5422117827280066E-003  -1.2294646621488022E-002  -8.7710112017529759E-003
  -9.8871379631620860E-006  -1.2497962437292557E-012   1.6655129427320350E-012   8.2535193645900282E-016   4.4553024397088054E-005   3.5097517901757143E-012  -4.0706626106084199E-012   2.2227390037063555E-016  -2.7103015640295702E-019   5.4527063220996464E-018  -1.2218353146478584E-018  -4.2636257463217784E-018   1.4681933173479779E-018  -4.5474739892922434E-018  -5.1168322190723789E-005  -5.3237271000207008E-013   1.2145842222020862E-011  -1.1019843261935959E-016   1.0430849331204389E-003   4.7777193744835271E-011  -5.4189469452800955E-011  -3.0586477474938623E-018  -5.1141693035753005E-018  -6.0583320923874046E-019  -2.3261055771381064E-018  -4.8765557699763376E-019   2.0027649002603803E-018   3.0173900130303447E-012   1.1819191611452739E-013  -1.8781642696179870E-013  -5.6262133536101248E-012   7.2676427256256215E-013   1.5771115659546447E-012   3.2952397393400066E-014  -3.7699368413507477E-012  -1.6239993763591193E-013   2.9499308759824198E-012  -4.6974807471785773E-015   9.2424338644873354E-003   3.5767833014431857E-010  -4.2161369972256326E-010   8.6402510678718045E-019   1.8329566422259935E-018   1.9081306824416677E-018  -9.2967809858098015E-019   4.1349602962912871E-019  -1.9908751419327440E-018  -8.1166101285643749E-015   1.4204101757111921E-016   1.5420792379666297E-019   1.3573422947093185E-020  -1.0240285330721095E-018   6.2521375003752095E-019   1.5181917410799471E-019   1.8144432678504867E-019  -3.0396670819757710E-003  -1.7178353556542867E-010   1.2713125804718018E-010   2.0157370726298511E-014   2.1639844382839832E-014   2.8573013398280929E-015  -3.4016960547737701E-014  -6.4969627217189272E-015
  -1.2498207461301646E-012  -9.8871367512191424E-006  -6.5914349357956864E-013  -3.8110549757179242E-016   3.5097517901757143E-012   4.4553021481704211E-005   1.9770040160244583E-012  -1.1496710754927113E-015   7.9900249045561757E-017   2.2501921200975834E-018  -1.0906133211647507E-019   6.5890186482215654E-017   1.0858559670078561E-019   6.6225884679577465E-017  -5.3235904215218343E-013  -5.1168312472006042E-005   2.0978039584905211E-012   2.4878562541614902E-015   4.7774813413616834E-011   1.0430848944186584E-003   2.7160957086081978E-011  -1.4976693907060622E-017  -2.1182592442527287E-019  -2.2452490372914949E-019  -5.6078340060730194E-018   3.1036456548436084E-018  -2.5683174048153279E-018   1.1258826811818207E-013  -4.0703138997633057E-012   1.0249356467020402E-012   4.2402513759921148E-014  -6.5810958528558216E-012  -1.9345470979158108E-013   3.9823474663343760E-012   1.3582173819947153E-015  -1.2730350568399247E-012  -7.6496298882003557E-013   4.9772244258973151E-014   3.5765696092578058E-010   9.2424335619293203E-003   2.0000534582158914E-010   4.3592023313326725E-018   9.1054043517286850E-019   3.6461086513725705E-019  -6.5980742756586633E-018  -2.9756790179507303E-018  -5.5765048268366969E-018   8.5316157685775857E-014   2.5113480585514896E-014  -1.5566697948538104E-017   7.4122148168126952E-019   2.1744025604354110E-019  -1.3273813031878163E-017   2.8657650411869006E-019  -1.2709006869857631E-017  -1.7172855416021826E-010  -3.0396669973160235E-003  -1.1178106514270944E-010  -1.7703226617898588E-014   1.5860026807610733E-015  -2.0073547177041687E-015  -9.7776709155367272E-014  -3.4231386535013699E-015
   1.6655110199977345E-012  -6.5902195119776588E-013  -9.8871389075426800E-006  -2.8055487095866509E-016  -4.0706626106084199E-012   1.9770040160244583E-012   4.4553026799777348E-005   1.5045347052903670E-017   7.3693052471244162E-018   3.0224851908645641E-019   2.3739610849651474E-018   1.8637366401191024E-018  -5.4369488567784569E-018   1.2066250869773259E-017   1.2145851522656376E-011   2.0977199191356914E-012  -5.1168327293297399E-005   1.4856348844513933E-016  -5.4189510586967444E-011   2.7172556407069022E-011   1.0430849653253011E-003   7.2025828904265758E-018  -2.7406192679166633E-018   9.2358263104911797E-019   1.1664923464220647E-017   6.0365474416065307E-018   6.6590461905333145E-019   2.7393075341581658E-012   1.0635310005001074E-012   7.8656009307119883E-013  -3.7619122855603440E-012  -2.3358500028937741E-013   8.6744385162980043E-014   6.0141682791973528E-013  -3.6235001445067813E-012  -1.8704158198995434E-012   2.1134729495684831E-012   5.9788284981891529E-015  -4.2161417996943884E-010   2.0011067440637888E-010   9.2424341121263246E-003   4.8062822551964935E-018   1.8178860817056628E-018  -1.0603465267970026E-018   8.6077628762578911E-018  -1.9849306118198572E-018   7.8318696083902366E-018   1.0755588520287627E-014   1.4788942276488059E-015  -4.6937712949110433E-018  -6.3698947982775004E-019   3.5554103343180207E-019  -4.3549621510812943E-018   5.9756381548817540E-019  -2.4901065561921464E-018   1.2709718878066304E-010  -1.1173792998899955E-010  -3.0396671699230793E-003  -1.3113804086556357E-014  -1.2840138701798321E-014  -1.1183631489642474E-015   2.8785679401482501E-014   3.6335922125126178E-015
  -1.8781177975663254E-017   5.5465694341255704E-016   2.7321034039301910E-017  0.19671838073203793        2.2227390037063555E-016  -1.1496710754927113E-015   1.5045347052903670E-017   5.6558435318512720E-002  -1.0634478038370587E-010   4.1524680941970002E-010   6.0722449012123153E-010   3.5371251843357264E-010   4.6037761232865650E-010  -2.4770396531166352E-010  -2.8124126980692997E-016   1.0937818352037760E-015  -7.6358951485016493E-017   8.1927333218714919E-003  -2.5097385761328400E-015  -9.6379046945677608E-015   4.2225706143035599E-015  -7.7672818605185654E-011  -5.5212384210633819E-010   1.1193051256998031E-009   6.5317680909086282E-010  -2.1151037622550255E-010  -5.7550782385093109E-010   2.0040730205028643E-016  -3.3957377326192186E-017  -1.1047036167064261E-017   8.3004908920249455E-017   1.6940841528963982E-018   9.1453128157532541E-017  -6.0814594009685856E-017  -1.9440896705019053E-017  -2.8062708566607878E-017  -4.5738731648133623E-017  -5.8500707487242655E-002  -2.1049182213924498E-014  -8.4024014084313329E-014   3.7543005411874066E-014  -3.6676135816390353E-011  -2.0261436996240610E-010   4.8260319339291559E-010   2.8159134334950962E-010  -6.2678929758133552E-011  -2.4494152129839814E-010  -3.5749525880093155E-002  -1.3292284227891195E-002  -2.2541642413087356E-011  -1.4558744913386662E-010   3.1324802715700230E-010   1.8278791276921945E-010  -5.2008299495215704E-011  -1.6025748745590181E-010   3.7975455853489828E-014  -4.6342576866484917E-014   7.5550774661408741E-014   2.2619360745355484E-002   1.5166746495765248E-002   2.2136402316958962E-003  -5.2956814938866746E-003  -3.5735663802241918E-003
   6.0540844754155960E-020  -1.7735028494726273E-017  -1.6316569283192276E-018  -3.7066096157648918E-010  -2.7103015640295702E-019   7.9900249045561757E-017   7.3693052471244162E-018  -1.0634478038370587E-010   2.0072841616876721E-019  -7.8242995993429982E-019  -1.1471474815643393E-018  -6.6821432892750554E-019  -8.6808806820901774E-019   4.6814663035546681E-019   1.8318014313453591E-019  -9.0567250682648476E-017  -9.6724691641374193E-018  -1.6141255127006658E-011  -7.5724112039973261E-018   1.8821037641388255E-015   1.6095216316800720E-016   1.4447465788541810E-019   1.0482476612958768E-018  -2.0987464231272523E-018  -1.2247455818946774E-018   4.0704420063246228E-019   1.0802765970452732E-018   2.2314593884351050E-025  -7.1335933953058163E-024   1.9999903750995770E-024  -6.3145997350414688E-025  -1.1949840114176978E-023  -4.8909449391011844E-025   7.4206464971205993E-024  -4.7271045096692382E-025  -2.5016023124908608E-024  -1.0038052015341356E-024   9.4981848487430818E-011  -7.5258278716415717E-017   1.6752948296843197E-014   1.3491188779448475E-015   6.6788437470157826E-020   3.8143110804875052E-019  -8.8867182208980544E-019  -5.1853184014056470E-019   1.2212379540669876E-019   4.5179159913664433E-019   4.0893153937489456E-011   1.8883548253809498E-011   4.1340330112919362E-020   2.7951265499653736E-019  -5.8435642908058379E-019  -3.4099218499891396E-019   1.0339509922808703E-019   2.9967256633004776E-019  -1.3525321202386854E-015   7.3565892431560889E-015  -1.3442002911613075E-014  -2.5906939763474556E-011  -1.5718263293985806E-011  -2.3384480713869931E-012   5.0419506416282822E-012   3.6289044108332502E-012
  -1.2099815650328324E-018  -4.9856530590423505E-019  -6.6547440101101983E-020   1.4459686015412985E-009   5.4527063220996464E-018   2.2501921200975834E-018   3.0224851908645641E-019   4.1524680941970002E-010  -7.8242995993429982E-019   3.0522763562522157E-018   4.4697677508716234E-018   2.6036559756193861E-018   3.3853327142610286E-018  -1.8237550430166694E-018  -6.2864228760603447E-018  -2.8414337699094578E-018  -5.1803810003783405E-019   6.1729539901732270E-011   1.2742913768426227E-016   5.0219187457962931E-017   5.4393122617240329E-018  -5.6692412620113261E-019  -4.0752588255172083E-018   8.2054841133426321E-018   4.7883784079750124E-018  -1.5728508941935771E-018  -4.2214791557439762E-018   1.8124392014683936E-024  -4.1790728030843348E-025  -5.2683249868235830E-026  -5.2451720823034727E-026  -2.1817635828900921E-025   8.5150975227072204E-025  -3.3274939739166823E-025  -6.2044102886624822E-025  -3.1223991150463936E-025  -1.4645280516638242E-026  -3.9753762678805256E-010   1.1275729730202094E-015   4.2859354752181016E-016   3.7306840787004683E-017  -2.6465609257754227E-019  -1.4885348793625537E-018   3.5033622707544525E-018   2.0441689779907584E-018  -4.6924383360256488E-019  -1.7797034605878001E-018  -2.0632230856229216E-010  -8.4968567410160077E-011  -1.6325287477051304E-019  -1.0813816951515241E-018   2.2899353778752747E-018   1.3362462341709989E-018  -3.9395060526578247E-019  -1.1730746661821654E-018  -6.2985404561678473E-016  -2.9055090471255438E-015  -1.8498457585661383E-015   1.2777871292094743E-010   8.0710145181337220E-011   1.1744690031103664E-011  -2.6188811515595509E-011  -1.8595428935381869E-011
   2.7130301049210410E-019   2.4181639424822442E-020  -5.2681117213790761E-019   2.1174566458308881E-009  -1.2218353146478584E-018  -1.0906133211647507E-019   2.3739610849651474E-018   6.0722449012123153E-010  -1.1471474815643393E-018   4.4697677508716234E-018   6.5571490584099842E-018   3.8195353177780613E-018   4.9599090877699827E-018  -2.6761977615677246E-018   1.3530994888713761E-018   1.3172517610709155E-019  -2.7313563330111048E-018   9.3117215795196652E-011  -2.9086307204615022E-017  -2.4915956124106539E-018   5.5532680988903961E-017  -8.2289981132013445E-019  -5.9985415524439782E-018   1.1976097143737434E-017   6.9887910298003415E-018  -2.3363310101989226E-018  -6.1659216169498379E-018   2.0883181343804262E-024  -2.7143468150811328E-025  -7.4907767838455653E-026   9.6249150691751645E-025  -3.5056206853693937E-026   9.0692911405102489E-025  -8.8760550954049385E-025  -3.1123503165773340E-025  -4.3127366426026805E-025  -4.8873985325227295E-025  -5.2280824562314836E-010  -2.6091975793614054E-016  -2.1665070675634451E-017   4.9174431931668414E-016  -3.7852722520496100E-019  -2.1785760992285899E-018   5.0498505343258192E-018   2.9465492133239786E-018  -7.0290041956606152E-019  -2.5682954474180148E-018  -1.9931486950733597E-010  -9.9613574762951874E-011  -2.3470924740980594E-019  -1.6033720206221549E-018   3.3306519142927724E-018   1.9435580994104158E-018  -5.9755623965995829E-019  -1.7089667825776789E-018  -4.5344819771251255E-016   7.6684996442601754E-017  -2.1447134242063711E-016   1.2826790644645583E-010   7.5403483057715616E-011   1.1390853546704582E-011  -2.4186413637368621E-011  -1.7421481697169661E-011
   9.4682570437032694E-019  -1.4626360886024751E-017  -4.1014081384639562E-019   1.2334262693855323E-009  -4.2636257463217784E-018   6.5890186482215654E-017   1.8637366401191024E-018   3.5371251843357264E-010  -6.6821432892750554E-019   2.6036559756193861E-018   3.8195353177780613E-018   2.2248770559090815E-018   2.8891592938781571E-018  -1.5588817620657307E-018   4.6862951639987992E-018  -7.4339819344653592E-017  -3.2616075051304353E-018   5.4234631012190976E-011  -1.0183626077105757E-016   1.5554105519756247E-015   3.2895756337811604E-017  -4.7935966409155043E-019  -3.4940986063114752E-018   6.9762162658270535E-018   4.0710521900683200E-018  -1.3608420516237995E-018  -3.5917102477351186E-018   1.1199926954099065E-024  -6.2548117489115313E-024   1.5105789093371746E-024   1.0844987379567750E-024  -9.9428130803536613E-024   1.3408371567281180E-025   5.4161414665904271E-024   1.4076587982900236E-025  -2.1150069522752385E-024  -1.6831578901870929E-024  -3.0468039312354913E-010  -9.1574314138973191E-016   1.3866963975271526E-014   2.2004817999862886E-016  -2.2051524780190584E-019  -1.2690311844623752E-018   2.9417499025996173E-018   1.7164885402141505E-018  -4.0940395415943179E-019  -1.4961325974433561E-018  -1.1634832988244708E-010  -5.8087325756902201E-011  -1.3672931328222914E-019  -9.3392364502801138E-019   1.9401710922471765E-018   1.1321612590966013E-018  -3.4803007988411819E-019  -9.9550064201387381E-019  -1.9610224371796878E-015   9.7801759673245564E-015  -1.2126469291177788E-014   7.4839836604954618E-011   4.4004557373921868E-011   6.6436227288615722E-012  -1.4143814853494231E-011  -1.0165011206827860E-011
  -3.2594257723320601E-019  -2.3882774562413660E-020   1.2064949362272386E-018   1.6037433719221275E-009   1.4681933173479779E-018   1.0858559670078561E-019  -5.4369488567784569E-018   4.6037761232865650E-010  -8.6808806820901774E-019   3.3853327142610286E-018   4.9599090877699827E-018   2.8891592938781571E-018   3.7552328432455442E-018  -2.0238983387505756E-018  -1.6461005204838798E-018  -1.9405182385446900E-019   6.2650662799125507E-018   6.9030916250200672E-011   3.4757624194750207E-017   1.8780394185535943E-018  -1.2709147933380631E-016  -6.2726614542038618E-019  -4.5263266045112229E-018   9.0925168828247206E-018   5.3060220798901003E-018  -1.7513464296376194E-018  -4.6787822694189181E-018   1.3386540095399848E-024  -3.9746462316546651E-025  -1.9270782928340012E-025   1.0018913394794580E-024   4.0456129944627625E-026   7.7294522550788879E-025  -6.8080368523818057E-025   1.5090742754785271E-025  -2.9555712760577246E-026  -5.4565794536915185E-025  -4.2857570816197469E-010   3.1053033762589804E-016   1.2222751556808987E-017  -1.1247887823570910E-015  -2.9165573139452632E-019  -1.6507017642438252E-018   3.8689037382386297E-018   2.2574627866782633E-018  -5.2371878797171360E-019  -1.9660172570152351E-018  -2.0745532628304676E-010  -8.9080461144089814E-011  -1.8016022005849638E-019  -1.2034945354193961E-018   2.5350787172883943E-018   1.4792994178637391E-018  -4.4123190561993123E-019  -1.2992291404083708E-018   3.2893710535661459E-016  -7.4955970165515260E-016   5.9388832446374111E-016   1.2948384371599537E-010   8.0619145014069792E-011   1.1818412504857536E-011  -2.6100636758681212E-011  -1.8584522535927913E-011
   1.0098599136431606E-018  -1.4700021446220941E-017  -2.6740814526447539E-018  -8.6396313334670510E-010  -4.5474739892922434E-018   6.6225884679577465E-017   1.2066250869773259E-017  -2.4770396531166352E-010   4.6814663035546681E-019  -1.8237550430166694E-018  -2.6761977615677246E-018  -1.5588817620657307E-018  -2.0238983387505756E-018   1.0922965347238039E-018   4.9982208822208188E-018  -7.4996404115921012E-017  -1.5039015740724346E-017  -3.8169333227258146E-011  -1.0861649637402436E-016   1.5606741343517585E-015   2.7118443652721133E-016   3.3528778029363933E-019   2.4495090101285224E-018  -4.8839015533469158E-018  -2.8500602535284798E-018   9.5540384403499751E-019   2.5147844871196988E-018  -2.7970211435577833E-025  -5.7016762838895493E-024   1.8151662515824327E-024  -7.3473824966538057E-025  -1.0005384567647838E-023  -7.9195796760510122E-025   6.4818823868731246E-024  -4.3673317283560011E-025  -2.2117614324154765E-024  -7.0956664169238030E-025   2.0948314536414565E-010  -9.7671704082070521E-016   1.3896334320018308E-014   2.3276228186592824E-015   1.5386303949012581E-019   8.8882293587450137E-019  -2.0552417775390492E-018  -1.1992194057473557E-018   2.8781419406112248E-019   1.0454675797386331E-018   7.4683795377240624E-011   3.9039304863725013E-011   9.5484701697882887E-020   6.5548513549580998E-019  -1.3575045880633316E-018  -7.9215539749642256E-019   2.4514787025267916E-019   6.9671874196645963E-019  -2.0922459580263946E-015   6.8563848909715306E-015  -1.3464805026942648E-014  -4.8552337032545604E-011  -2.8022886657220735E-011  -4.2780376629248102E-012   8.9309491373690267E-012   6.4811450905021944E-012
   1.1355141204251517E-005   6.5960011942292012E-013  -3.5703675828860399E-012  -9.5484868003764599E-016  -5.1168322190723789E-005  -5.3235904215218343E-013   1.2145851522656376E-011  -2.8124126980692997E-016   1.8318014313453591E-019  -6.2864228760603447E-018   1.3530994888713761E-018   4.6862951639987992E-018  -1.6461005204838798E-018   4.9982208822208188E-018   5.8783175161683860E-005  -3.4021072906902603E-012  -2.2525994419060209E-011   1.9336665021407369E-016  -1.1977979401159612E-003   2.7169418588847678E-011   2.3718310916668920E-010   3.4429482299233185E-018   5.9316738129213984E-018   7.4290796451758369E-019   2.6680280044059443E-018   5.3788065411482383E-019  -2.2256257731748241E-018  -3.4647416546012848E-012  -1.3579075121316737E-013   2.1528988327354052E-013   6.4602599024353612E-012  -8.3462732318381240E-013  -1.8108470789578822E-012  -3.7796289688709516E-014   4.3290127034352430E-012   1.8649717981017342E-013  -3.3871182989187688E-012   6.6459645792865893E-015  -1.0612192527387741E-002   3.1634190577800025E-010   2.0344845358630197E-009  -9.8101376437309177E-019  -2.0776794587105481E-018  -2.1910547331009273E-018   1.0219091571301224E-018  -4.3754974563090193E-019   2.2785838090476148E-018   1.1599808898007352E-014  -1.5334189093230431E-016  -2.0535209990278531E-019  -3.4485031689487803E-020   1.1397573098472226E-018  -6.8751407369315737E-019  -1.9709366296308527E-019  -2.2709270960101494E-019   3.6762241100790900E-003  -1.7854524319753144E-011  -6.3800517534079383E-010  -2.8190605016132968E-014  -3.0230840617574598E-014  -3.9685035968951364E-015   4.7788376737500342E-014   9.0648515398788738E-015
   6.5963213996634685E-013   1.1355138398977841E-005  -2.1181568321593107E-013   5.8981259725932459E-017  -5.3237271000207008E-013  -5.1168312472006042E-005   2.0977199191356914E-012   1.0937818352037760E-015  -9.0567250682648476E-017  -2.8414337699094578E-018   1.3172517610709155E-019  -7.4339819344653592E-017  -1.9405182385446900E-019  -7.4996404115921012E-017  -3.4021072906902603E-012   5.8783156686701329E-005  -7.4218865958126894E-012  -2.5045301458708067E-015   2.7171932285928345E-011  -1.1977977464753332E-003   7.1191946846562295E-011   1.6894692413509162E-017   3.3122438579450200E-019   2.5674592167488932E-019   6.0225480583315452E-018  -3.5343647014952996E-018   2.6063984648853169E-018  -1.2923812794975955E-013   4.6739329482209152E-012  -1.1768735572427583E-012  -4.8767340834339395E-014   7.5566273770039306E-012   2.2215751704270191E-013  -4.5730354365654562E-012  -1.7000927512416441E-015   1.4619768214476955E-012   8.7846623676308127E-013  -4.8959010334047261E-014   3.1636451727092096E-010  -1.0612190857847306E-002   6.7768458564748910E-010  -5.3250146733613926E-018  -9.1649676904014185E-019  -4.8454014897066697E-019   7.2237414970973972E-018   3.3440631296206802E-018   6.2060711190251044E-018  -8.3972769085036184E-014  -2.5072065666155511E-014   1.7980698316265125E-017  -1.0274335238427597E-018  -2.0555571069451130E-019   1.5528997938053458E-017  -2.5023386044898764E-019   1.4655595515016882E-017  -1.7918577847570473E-011   3.6762235948859384E-003  -1.4702711981934569E-010   1.4997842490338328E-014  -4.4857076705123538E-015   2.0870074012933213E-015   1.1187830165108555E-013   4.2738675589575548E-015
  -3.5703638141636193E-012  -2.1197276562008131E-013   1.1355142808826197E-005   2.1562265039286842E-016   1.2145842222020862E-011   2.0978039584905211E-012  -5.1168327293297399E-005  -7.6358951485016493E-017  -9.6724691641374193E-018  -5.1803810003783405E-019  -2.7313563330111048E-018  -3.2616075051304353E-018   6.2650662799125507E-018  -1.5039015740724346E-017  -2.2525994419060209E-011  -7.4218865958126894E-012   5.8783183712497142E-005  -6.9299999166929320E-017   2.3718286845394734E-010   7.1180751787001678E-011  -1.1977980319494892E-003  -8.2606861905164308E-018   3.2692062523047341E-018  -1.1230262814664634E-018  -1.3442703050992767E-017  -7.0519815972168927E-018  -8.1475388921515649E-019  -3.1452638752833244E-012  -1.2211924771862450E-012  -9.0319901906136511E-013   4.3197979542221559E-012   2.6816372612324313E-013  -9.9982362530480608E-014  -6.9051336653736919E-013   4.1605612908262465E-012   2.1476127558904835E-012  -2.4266811779872668E-012  -4.4836979693609125E-015   2.0344825284025770E-009   6.7758248067258907E-010  -1.0612193297784091E-002  -5.6441195120020699E-018  -2.0494638087173170E-018   1.2589773065344364E-018  -1.0074530297204075E-017   2.3169732907367275E-018  -8.9860863757520269E-018  -8.2266073971129997E-015  -8.7517764847323809E-016   5.4784950789118956E-018   6.7355485817521265E-019  -3.7005264738726050E-019   5.1771245164627655E-018  -6.8990950204661995E-019   2.8850349331029562E-018  -6.3796293003324714E-010  -1.4708811616186253E-010   3.6762243685577885E-003   1.1490919907528292E-014   1.1594076790328140E-014   8.8781046992799705E-016  -2.9422545334649089E-014  -3.3313003998703557E-015
   5.2898789129109877E-017  -1.0989561474618191E-015  -1.4226716341370437E-016   2.9237670062585784E-002  -1.1019843261935959E-016   2.4878562541614902E-015   1.4856348844513933E-016   8.1927333218714919E-003  -1.6141255127006658E-011   6.1729539901732270E-011   9.3117215795196652E-011   5.4234631012190976E-011   6.9030916250200672E-011  -3.8169333227258146E-011   1.9336665021407369E-016  -2.5045301458708067E-015  -6.9299999166929320E-017   1.8897881308360246E-003   2.2940069604283977E-015   9.0172583837494815E-015  -3.3332387259481188E-015  -9.7509138721910565E-012  -8.9627228959268904E-011   1.5655053014305176E-010   9.1365767292491035E-011  -3.9563975589092497E-011  -8.1613943121506264E-011   1.1987839769755635E-017  -9.0338650213428840E-019  -1.9001075279713088E-018   2.7648569471514835E-017  -4.6903148062485279E-018   8.4975117439927792E-018  -4.3872715250301007E-017  -4.8586890392575946E-018  -9.3610019427372158E-018  -1.0558169609722229E-017   5.8667522134095897E-003   2.2684419163484131E-014   7.0410114316688846E-014  -3.0733652998857153E-014  -3.2373290591483382E-012  -2.9792996980105905E-011   5.1996069680688232E-011   3.0344490544730922E-011  -1.3160396467312671E-011  -2.7109743562288976E-011   1.9959198256232439E-002   3.9330329879485515E-003  -2.2696095508906318E-012  -2.6587283009144524E-011   4.0953161626044539E-011   2.3902762104002282E-011  -1.2877188693716596E-011  -2.1634429254294434E-011  -4.0342276162213748E-014   4.3627524355632787E-014  -5.6894656020387705E-014  -1.2425964499315750E-002  -9.8229914402198810E-003  -1.3852927406371991E-003   3.7567612570013047E-003   2.3699347525158497E-003
  -2.3148029914332421E-004  -2.1621677173637183E-011   2.9872733562173177E-011   2.2152266249158563E-016   1.0430849331204389E-003   4.7774813413616834E-011  -5.4189510586967444E-011  -2.5097385761328400E-015  -7.5724112039973261E-018   1.2742913768426227E-016  -2.9086307204615022E-017  -1.0183626077105757E-016   3.4757624194750207E-017  -1.0861649637402436E-016  -1.1977979401159612E-003   2.7171932285928345E-011   2.3718286845394734E-010   2.2940069604283977E-015   2.4422515131026661E-002   3.1540546494741283E-010  -3.0566728662901185E-010  -7.2278726472059262E-017  -1.1917709799776901E-016  -1.3732751368375624E-017  -5.4492532819744392E-017  -1.1629603603498216E-017   4.7602928281010022E-017   7.0650241481025689E-011   2.7666655050331818E-012  -4.4011638421666711E-012  -1.3173495916988319E-010   1.7015630128009897E-011   3.6927852365430206E-011   7.7195072711948641E-013  -8.8269172217906615E-011  -3.8022934017937863E-012   6.9072291027418334E-011  -6.1125937584471387E-015  0.21641046627938051        1.2650377269716112E-009  -1.3361863718254762E-009   2.0337006268716373E-017   4.3176393339572368E-017   4.4677212265724103E-017  -2.2204675609538833E-017   1.0038522103070142E-017  -4.6686374107551378E-017  -5.2382638945363227E-015  -1.9375295474999064E-015   3.3398346199825068E-018   1.3675807981851971E-019  -2.4322726405512864E-017   1.4930061618546035E-017   3.3366494054955260E-018   4.0688857875579477E-018  -6.9391259754358642E-002  -4.8896186576136823E-010   4.3018136357673684E-010   2.0352916752949431E-014   1.9770335521855092E-014   2.8817948059949549E-015  -3.3959010594067516E-014  -6.2027438613955576E-015
  -2.1622770648784946E-011  -2.3148027732437058E-004  -1.1185138525020240E-011   4.2417221711541221E-016   4.7777193744835271E-011   1.0430848944186584E-003   2.7172556407069022E-011  -9.6379046945677608E-015   1.8821037641388255E-015   5.0219187457962931E-017  -2.4915956124106539E-018   1.5554105519756247E-015   1.8780394185535943E-018   1.5606741343517585E-015   2.7169418588847678E-011  -1.1977977464753332E-003   7.1180751787001678E-011   9.0172583837494815E-015   3.1540546494741283E-010   2.4422514917445029E-002   1.9021850173797107E-010  -3.5356632295182932E-016  -4.1163579968277064E-018  -5.2664393730301517E-018  -1.3529440963681827E-016   7.2952303632516941E-017  -6.3418186891482309E-017   2.6365778420008586E-012  -9.5302213573502544E-011   2.3998367415899906E-011   9.9209104397697410E-013  -1.5409371923954674E-010  -4.5294125785805301E-012   9.3241474106357556E-011   3.0466675162113151E-014  -2.9805334644754924E-011  -1.7910246000092366E-011   2.2610904048946559E-014   1.2650250393966813E-009  0.21641046533405964        7.3998708312133168E-010   9.9007268830513108E-017   2.2555624736361627E-017   7.9078755986744673E-018  -1.5786541915245608E-016  -7.0370398715959222E-017  -1.3245980253423644E-016   4.4901228539051404E-014   1.1576312658773748E-014  -3.6346788843427376E-016   1.5666766353528928E-017   5.5142920878082037E-018  -3.0804630697232682E-016   7.4654175535364878E-018  -2.9697591405295611E-016  -4.8892416606833069E-010  -6.9391259458417759E-002  -3.0398259136881163E-010  -7.1554151105462119E-015   1.8358127114977160E-015  -1.1367410176688679E-015  -6.0825437438652543E-014  -2.1768450233411304E-015
   2.9872674379462613E-011  -1.1179707276685786E-011  -2.3148031591696785E-004  -1.7984583804041440E-015  -5.4189469452800955E-011   2.7160957086081978E-011   1.0430849653253011E-003   4.2225706143035599E-015   1.6095216316800720E-016   5.4393122617240329E-018   5.5532680988903961E-017   3.2895756337811604E-017  -1.2709147933380631E-016   2.7118443652721133E-016   2.3718310916668920E-010   7.1191946846562295E-011  -1.1977980319494892E-003  -3.3332387259481188E-015  -3.0566728662901185E-010   1.9021850173797107E-010   2.4422515322261706E-002   1.6873708825444213E-016  -6.2998663738179543E-017   2.1026461134581116E-017   2.7266353061056565E-016   1.4018809305599544E-016   1.5111579159382254E-017   6.4140722465456961E-011   2.4902045326756964E-011   1.8416554798122954E-011  -8.8081285661958154E-011  -5.4697325892972569E-012   2.0274478986841235E-012   1.4082435402844380E-011  -8.4843365963132579E-011  -4.3795602827492764E-011   4.9486858035509801E-011   4.5474081067280149E-017  -1.3361846816205328E-009   7.4003686765863175E-010  0.21641046709169118        1.1133614142652247E-016   4.2927990698385185E-017  -2.4430318774674766E-017   1.9971979397164418E-016  -4.6114150518330429E-017   1.8344435119550109E-016   5.3143606699460898E-015  -1.0548351361532177E-015  -1.0905075144325585E-016  -1.5468953295398565E-017   8.6907234689827022E-018  -1.0027799251057250E-016   1.3955697617127729E-017  -5.8057612242802994E-017   4.3015608999589677E-010  -3.0393785793398848E-010  -6.9391260032835425E-002  -4.5783381480712979E-015  -5.2152771079056598E-015  -2.8858132705181677E-016   1.5318737262086217E-014   1.5053159598732016E-015
   6.7898603241673707E-019   3.3245456099578645E-018  -1.5984213251927178E-018  -2.6858804875852344E-010  -3.0586477474938623E-018  -1.4976693907060622E-017   7.2025828904265758E-018  -7.7672818605185654E-011   1.4447465788541810E-019  -5.6692412620113261E-019  -8.2289981132013445E-019  -4.7935966409155043E-019  -6.2726614542038618E-019   3.3528778029363933E-019   3.4429482299233185E-018   1.6894692413509162E-017  -8.2606861905164308E-018  -9.7509138721910565E-012  -7.2278726472059262E-017  -3.5356632295182932E-016   1.6873708825444213E-016   1.0990197874528944E-019   7.3758337852953072E-019  -1.5493007022086161E-018  -9.0408205138977378E-019   2.7132492864721814E-019   7.9418848909990521E-019  -1.1200477309530277E-025   1.6034898943267752E-024  -1.9201684328323265E-025  -3.1656804963026581E-025   2.1402111573942149E-024  -1.7066359995828600E-025  -1.2398440517023722E-024  -3.0075513666345746E-025   1.6936628945433800E-025   4.5009529206908518E-025   1.1121479502138785E-010  -6.4488848880088852E-016  -3.1523160599016005E-015   1.4958471096079041E-015   5.4846932758425507E-020   2.7726705091953916E-019  -7.0139824656589287E-019  -4.0924264077164196E-019   7.7251474240301401E-020   3.5443462863636283E-019   1.0309413202297098E-010   3.1349667417833370E-011   3.3071512591253672E-020   1.8835957329479467E-019  -4.3966112251876712E-019  -2.5654133437524540E-019   6.0138284165480107E-020   2.2348567651385259E-019  -5.3892906041805519E-016  -2.2506887715855415E-015  -3.6993971501740203E-016  -6.1250673967154580E-011  -4.2468891904448364E-011  -5.9416028369245328E-012   1.4035291040160052E-011   9.7979854755174715E-012
   1.1347485597727236E-018   4.6742272029894899E-020   6.0781996501467060E-019  -1.9305213608782685E-009  -5.1141693035753005E-018  -2.1182592442527287E-019  -2.7406192679166633E-018  -5.5212384210633819E-010   1.0482476612958768E-018  -4.0752588255172083E-018  -5.9985415524439782E-018  -3.4940986063114752E-018  -4.5263266045112229E-018   2.4495090101285224E-018   5.9316738129213984E-018   3.3122438579450200E-019   3.2692062523047341E-018  -8.9627228959268904E-011  -1.1917709799776901E-016  -4.1163579968277064E-018  -6.2998663738179543E-017   7.3758337852953072E-019   5.5224294050017785E-018  -1.0849528865608375E-017  -6.3314387927011001E-018   2.1874914084200875E-018   5.5938726662702378E-018  -2.2411202334692629E-024   2.0871908648458082E-025   8.0048075130382939E-026  -1.4446397031884033E-025   5.0228612726922763E-027  -1.0050769468204785E-024   1.0065354378221332E-024   8.6426140090632443E-025   4.7281747601180541E-025   4.0235348245287952E-026   3.7366121839379194E-010  -1.0522846562542943E-015  -3.0870108701404494E-017  -5.5045949065379132E-016   3.2943889228216894E-019   1.9840976363985862E-018  -4.4644545454827988E-018  -2.6050161006262596E-018   6.6814172590879315E-019   2.2758168603810596E-018   3.1900839351913691E-012   4.8067809086649215E-011   2.0640749381942126E-019   1.4963597775707375E-018  -2.9971576539630826E-018  -1.7489913132110851E-018   5.8079616129554436E-019   1.5426891736388864E-018   9.7124231741943714E-016   9.5575463059693317E-016   1.4890468684392854E-015  -1.2449677786947795E-011   8.2708620541012254E-012   2.2668040194740150E-013  -3.8361974207264952E-012  -2.0051139909511789E-012
   1.3430078598006587E-019   4.9840773578773385E-020  -2.0476652549885093E-019   3.8873116487932423E-009  -6.0583320923874046E-019  -2.2452490372914949E-019   9.2358263104911797E-019   1.1193051256998031E-009  -2.0987464231272523E-018   8.2054841133426321E-018   1.1976097143737434E-017   6.9762162658270535E-018   9.0925168828247206E-018  -4.8839015533469158E-018   7.4290796451758369E-019   2.5674592167488932E-019  -1.1230262814664634E-018   1.5655053014305176E-010  -1.3732751368375624E-017  -5.2664393730301517E-018   2.1026461134581116E-017  -1.5493007022086161E-018  -1.0849528865608375E-017   2.2197234036483396E-017   1.2953241924955789E-017  -4.1142295627745382E-018  -1.1404028902294539E-017   4.0795498518146864E-024  -6.8272439278763117E-025  -2.0782726932709480E-025   1.5575174607771908E-024   9.3337074990426895E-026   1.8603176775265851E-024  -9.7700689836879328E-025  -3.8876136292707767E-025  -5.7187909033384283E-025  -8.7266093077864023E-025  -1.2735982808759276E-009  -1.1867926442711493E-016  -4.6734735667403845E-017   1.8233892492538499E-016  -7.4267231794081328E-019  -4.0059736581032283E-018   9.6960191846800153E-018   5.6574281492642413E-018  -1.2071739011702249E-018  -4.9152874850115229E-018  -9.0971498103867830E-010  -3.1380830279374534E-010  -4.5394291458988597E-019  -2.8386284733173307E-018   6.2346308023536838E-018   3.6380171428896387E-018  -9.8763828589495138E-019  -3.1842969046195328E-018   5.4565198793719001E-016   3.4444117704546205E-018  -7.2986034943051345E-016   5.4881801838326313E-010   3.6718953237863367E-010   5.2105037488521314E-011  -1.2050641164916879E-010  -8.4638028752704686E-011
