   5.4576357766415222E-007  -1.2380445851474137E-018   4.2313739484696058E-018   8.6476963953993939E-017  -1.6204908179165410E-018   6.0449694133275124E-020   1.0735157875708500E-018  -1.2688327585964090E-018  -5.3106788267208609E-019  -9.5964950800442503E-019   1.8220370726000177E-016  -2.7635953913121439E-006   6.0163403253113050E-018  -1.5107286736438282E-017  -6.3518441246557891E-018   5.5045336932609352E-022  -1.1217662616321182E-019  -2.5254046706560024E-018   1.6041501901770538E-020  -2.6218503827014164E-018   2.1608052151714811E-019   1.3879593239447259E-020  -3.3312036901604168E-019  -1.0900553297958967E-019   7.9754555076329326E-017  -1.1876809094336839E-018   3.6670255855887888E-019  -7.7938525782881196E-019  -3.4948119326474304E-019   8.2884841169428491E-019  -1.7544230730212339E-019   3.4907405545794572E-006  -7.0892160824355801E-018   1.8595104542614915E-017  -7.1734286999380236E-005   8.2297410599114847E-017  -2.4074627183722963E-016  -7.2523051973332380E-019  -3.7658228643339057E-019   8.1988839885563936E-019   3.5895479179303024E-020  -3.0949910021136523E-019   3.9863487759414459E-019  -8.6676742727682243E-016  -1.0104863542487574E-003   1.1303123401688020E-015  -3.3334812497300018E-015  -1.6118578131717976E-015   1.8985362343976838E-019  -1.4972386112989744E-020   1.8233732066514234E-020   1.6995152787885161E-019   8.5590136946486565E-020   2.1499436021963150E-019  -8.3104373172209194E-016   2.7437230188820621E-016   3.0921475336224586E-016   9.1640997706569622E-016
  -1.2380445851474137E-018   5.4576357765003769E-007   5.2890577320422183E-019  -4.2442272092260947E-016   7.8028832432475652E-019   2.3123149411361102E-019  -2.8104244702861002E-019   2.9806411830216282E-019   1.6903777024853012E-019   1.1281873815487331E-018  -1.0307683816624659E-015   3.4153205270864881E-018  -2.7635953912651607E-006   6.6123171497798507E-018  -4.7007654862172551E-019  -1.1391499569548358E-018  -3.8870582889002133E-019   2.1716908608641632E-019   5.5850140423883096E-020  -4.2128573155430138E-019  -2.7463434114989678E-018   1.9710220239016314E-019  -1.6631462602777548E-018  -7.8198603840165831E-019  -5.3562304386337978E-016  -1.3951752808225317E-019  -5.6368618993429888E-020   2.2223715941644898E-019   9.7376800190393717E-019  -4.6181139912861936E-020   6.6168399944236665E-019  -2.8652564981308878E-018   3.4907405545140667E-006  -8.3442620975292815E-018   8.1519318059455289E-017  -7.1734286998442509E-005   2.0292417690673697E-016   6.2940303106352367E-019   1.6791191709737025E-020   7.4895068839005215E-020  -1.6746609711727888E-019  -3.9055672155638822E-020  -1.4830617613312100E-019   1.6595614294313285E-015   1.1618206948464830E-015  -1.0104863542356899E-003   2.8716362743291848E-015   2.8308708575051284E-015   3.0606474938521468E-019   5.8613081781014471E-020   4.8284647135112430E-020   1.7285778442690728E-019   1.0045851735100121E-020   7.6676212438571079E-020   1.4364627011758603E-015  -5.9003130659392561E-016  -5.3649870900099619E-016  -2.1829090480070245E-015
   4.2313739484696058E-018   5.2890577320422183E-019   5.4576357766673483E-007  -1.2760950263209329E-015  -9.0363728127602403E-019  -2.1803480253089248E-019  -6.7940889896589303E-019  -4.5577969922681141E-019   3.4114767304154556E-019   7.8084487907490180E-019  -2.9838418711515303E-015  -1.6146624183464987E-017  -5.2249681079343909E-018  -2.7635953913207998E-006  -1.4116128959913561E-019   3.9869433826954405E-019  -4.9273202592119480E-019   1.0739367857390701E-018   1.5572525091047150E-019  -4.1373511948696184E-019  -4.8399396285353869E-019  -1.1740175731751981E-018  -7.4139351210872526E-020  -3.9888180201975382E-018  -1.7575579239637873E-015   3.5575621564767893E-019  -3.2858942131498923E-019   9.7840696710250324E-019   5.3937587464194634E-019  -1.9111130343455899E-019  -8.3530556770995748E-019   1.8866461452767144E-017   6.7344271490663599E-018   3.4907405545799137E-006  -3.2116453607033934E-016  -2.6979628714273810E-016  -7.1734286999545658E-005  -2.5731198257315533E-019   2.7414607235297969E-019  -2.6534821215801958E-019  -3.2946519617371094E-019   3.6301200899021506E-019   1.6921837880643386E-019   6.0095295276076300E-016  -4.4993570653769425E-015  -3.8511740952682473E-015  -1.0104863542511496E-003   4.3865731899201171E-017   5.3941694332630431E-019  -1.2317422574107458E-019   4.4886878904924099E-020   4.7430732784560174E-019  -1.2712485559488695E-019   4.7054951541474309E-019   2.9825728251340765E-017   1.1788770485496385E-015   5.5948907211635990E-017   6.0991396743135498E-015
   8.6476963953993939E-017  -4.2442272092260947E-016  -1.2760950263209329E-015  0.11610188272593298        8.8362142704826110E-015  -1.1709641029550848E-016  -1.8177444869536466E-016   9.4463093501437387E-015  -7.9375484070133235E-017   8.3158177198901826E-015  0.27517234883024233       -4.5372064144892566E-016   3.6295537200832655E-016   1.7336426618450214E-015   4.0085842539270554E-017   2.4736445128664063E-017  -1.0183942266216902E-017   1.7610805870649045E-016  -1.8457745672041373E-017   9.6830329749705666E-017   3.8639057336662998E-017  -6.8403994756149038E-017   5.1935722883277561E-017   4.0912870026224020E-017  0.15903113816855630        2.0948774275104435E-014   2.0647929823857736E-018   7.6058560426692803E-017   2.0768587735601420E-014   5.5338872090579295E-018   1.7643457594099718E-014   4.4698604996507714E-016  -3.9671744200007477E-016  -1.2285337185098171E-015  -2.1178263055159492E-015   8.3640171503399648E-016   1.4122435231678777E-015   9.0506911428357737E-015  -1.5804308497919756E-017   2.1025008307123028E-017   9.1824024548363246E-015  -3.4072792428743508E-017   9.3416958352355265E-015  -9.1816008005158226E-002  -2.5605089479443432E-014   8.9141875557526816E-015   1.1857290732098004E-014  -7.5637650701075032E-002  -3.2545199753461662E-015  -2.4663238403427768E-018   1.9086776986760926E-018  -3.2867419818171899E-015  -4.2802167960273526E-018  -3.3288285463983352E-015  -3.1383207203228659E-002   7.3830470334058252E-003   1.0643299484569598E-002   1.9789465665283133E-002
  -1.6204908179165410E-018   7.8028832432475652E-019  -9.0363728127602403E-019   8.8362142704826110E-015   6.9780353852288893E-028  -8.8414243454372229E-030  -1.5103758784830495E-029   7.3910809267816164E-028  -8.5270066395352065E-030   6.4988218556987942E-028   2.0896055788085482E-014   8.2057160633706549E-018  -3.9511636637495954E-018   4.5757685707960692E-018   1.9717850765232212E-029  -6.4532201640133808E-031   2.3639454401369339E-031   1.9348338809765475E-029  -1.9139669096277299E-030   1.3016246427645306E-029  -1.8483662728442549E-030  -2.6856973024232012E-030   1.6776901563738105E-030   7.4996204594244002E-030   1.2152809220273510E-014   1.4526900901975917E-027  -2.4177859752672183E-031   7.5249816853896715E-030   1.4390420234762772E-027  -7.0358981474243878E-031   1.2199043191140626E-027  -1.0364768276795897E-017   4.9907766101248764E-018  -5.7797248354098231E-018   2.1299470717604350E-016  -1.0255984256211344E-016   1.1877263108868157E-016   4.5230796423027876E-028  -7.9085925165418386E-031  -5.0856298614564483E-031   4.7338282371830228E-028  -1.7154711419164020E-030   4.6022501053599644E-028  -5.5005221693148744E-015   3.0003538632853848E-015  -1.4447111100975692E-015   1.6730928541094271E-015  -2.8989626482620751E-015  -1.3727959185186352E-028  -1.8206794909464633E-031   6.1518637210669648E-031  -1.3691224611801435E-028  -8.8073019216288375E-031  -1.4168243882529840E-028  -8.4102072940718668E-016   6.8084211336621873E-016   2.6709183818488113E-016   3.0613547641349382E-015
   6.0449694133275124E-020   2.3123149411361102E-019  -2.1803480253089248E-019  -1.1709641029550848E-016  -8.8414243454372229E-030   1.3317545742590959E-030   4.5374076579810610E-031  -8.8746414058368288E-030  -1.0984216409441893E-030  -6.9965570472046217E-030  -2.8367881795682597E-016  -3.0610048554349635E-019  -1.1708921547883387E-018   1.1040677686776508E-018   6.8380894852292810E-031  -4.1160822797880191E-031  -2.6181504631605442E-031  -2.2568808229033277E-030  -1.6518115340252435E-031  -1.1696610765858425E-030   4.3858693095917271E-031   3.5522414612026314E-031  -5.9649686761593684E-031   1.0593279815525117E-030  -1.5420468681024477E-016  -3.4107180562678184E-029  -5.8556436769297368E-031  -5.3542457350576520E-031  -3.2282841884677458E-029   5.1162208106422670E-031  -2.8299241940735769E-029   3.8664030994584070E-019   1.4789721905674974E-018  -1.3945652635090024E-018  -7.9454105872907976E-018  -3.0392695740185224E-017   2.8658143819955398E-017  -3.1423388008099581E-029   4.3174983210037751E-031   5.3434999819850267E-031  -2.7976117014278679E-029  -4.3381115549218548E-031  -3.0785913782346133E-029   2.6982547350533180E-016  -1.1192317249121445E-016  -4.2812726799064147E-016   4.0369347043774535E-016   4.2150830631804426E-016   2.6472734160627861E-029  -5.5518906844283095E-032   6.2511015807881796E-032   2.5788410413937642E-029   1.0130945004144060E-031   2.6135143221015648E-029   1.9301167844624728E-016  -2.6871216387394764E-016  -8.1190628399046400E-017  -1.2731347700817469E-015
   1.0735157875708500E-018  -2.8104244702861002E-019  -6.7940889896589303E-019  -1.8177444869536466E-016  -1.5103758784830495E-029   4.5374076579810610E-031   3.4673908366245690E-030  -1.5829366013008799E-029  -1.7145649713077525E-030  -1.5489307339275713E-029  -4.3414432047792399E-016  -5.4359862117084370E-018   1.4231210054493967E-018   3.4403382322443079E-018  -1.2212998330076720E-029   4.3831829916286978E-032   6.2882601923181306E-031  -6.7391978416764108E-030  -1.8548958354744817E-031  -4.7485711569829172E-030   2.3526132200709020E-030   1.5094994326178567E-030   1.4878411705587376E-031   4.9893743753017264E-030  -2.4547712787227019E-016  -4.5617421431478490E-029   1.1507001709122642E-030  -2.9377853122196602E-030  -4.4370248237832709E-029   1.9671643114881908E-030  -3.6076979151826367E-029   6.8662791894223033E-018  -1.7975663960807885E-018  -4.3455450195384716E-018  -1.4110118878533892E-016   3.6939767290536452E-017   8.9300413115245258E-017  -3.2450494039270379E-029  -1.0686989161609789E-030   1.8659256404305398E-030  -2.9583617990498810E-029  -9.5337391200472249E-031  -3.1401872832779510E-029   2.4923455059072195E-016  -1.9876244931116225E-015   5.2035271189828833E-016   1.2579319131244212E-015   3.2121821343468869E-016   1.2825506009930360E-029   7.1810593880151676E-032  -1.0414463538485380E-032   1.3159086709316331E-029   2.9355425622577135E-031   1.3289444154345034E-029   1.5822866797798004E-016  -1.0935373223788865E-017  -5.5332470507471290E-017   3.8519220832711828E-017
  -1.2688327585964090E-018   2.9806411830216282E-019  -4.5577969922681141E-019   9.4463093501437387E-015   7.3910809267816164E-028  -8.8746414058368288E-030  -1.5829366013008799E-029   7.8576549155745000E-028  -9.5777561129492234E-030   6.9197931120415924E-028   2.2342737166551627E-014   6.4250171823465844E-018  -1.5093140279514313E-018   2.3079419872889245E-018   1.7696048389428248E-029   1.0662704250361022E-030  -2.5204983757763732E-031   1.8101492476784169E-029  -2.0112568743025775E-030   1.1496978777632472E-029   1.8659629611928309E-030  -4.4446131661952888E-030   3.4160404308989848E-030   5.1160920513068577E-030   1.2987473245521200E-014   1.5700452384405196E-027  -8.6618786852210416E-031   7.8722933924176832E-030   1.5559765612875466E-027  -8.0889772116115564E-032   1.3177980126837947E-027  -8.1155396744429702E-018   1.9064381506450497E-018  -2.9151976145734890E-018   1.6677333736475232E-016  -3.9177068392494567E-017   5.9906950707721535E-017   5.0996831539094880E-028  -3.9445598009685652E-031   1.5284098280884299E-031   5.3428512559322081E-028  -2.0718336543532610E-030   5.2344411779795595E-028  -6.0215220512370937E-015   2.3492556866296535E-015  -5.5186849505378563E-016   8.4388036386669141E-016  -3.3664119430650085E-015  -1.4847714469225281E-028  -4.2697915794286924E-031   6.1471646239309190E-031  -1.4917237876272589E-028  -8.6666982267947425E-031  -1.5359870264125660E-028  -1.0656209995261864E-015   4.8202183517323450E-016   3.3217560346751962E-016   1.9001868131397228E-015
  -5.3106788267208609E-019   1.6903777024853012E-019   3.4114767304154556E-019  -7.9375484070133235E-017  -8.5270066395352065E-030  -1.0984216409441893E-030  -1.7145649713077525E-030  -9.5777561129492234E-030   2.9209795297266350E-030  -8.7016669785041630E-030  -1.7009476850995147E-016   2.6891804676882748E-018  -8.5596038642483367E-019  -1.7274771999315235E-018   4.5533502498020059E-030  -3.5434202409429881E-031  -8.0304847169657121E-032   4.7556846216405396E-030   3.4577082974701395E-031   3.4947838612811481E-030  -2.7632575019422281E-030  -4.1525936352378013E-031  -2.2392714271503188E-031  -2.1498795025171446E-030  -1.2745680657259184E-016   3.5617834459319997E-029   1.9536433847092450E-031   1.3008589536530060E-030   3.3777771379760850E-029  -1.6199879675705291E-030   3.0214192973017098E-029  -3.3967459008839306E-018   1.0811769492081656E-018   2.1820034647072358E-018   6.9802708482415362E-017  -2.2218052690783809E-017  -4.4839901540516632E-017   7.7110166185864325E-029  -1.6118828602822115E-032  -1.2736155762889890E-030   6.8270541834154051E-029   7.0230640039330966E-031   7.6513416511404092E-029  -4.9116000125668419E-016   9.8327713791457520E-016  -3.1297500820224109E-016  -6.3163809843038284E-016  -1.0179113385069961E-015  -5.0351910168344416E-029   1.8285585150414571E-031  -1.6956714288747094E-031  -5.0290395555686063E-029  -6.8868206505128723E-032  -5.0412959107501423E-029  -5.2873261115756566E-016   2.6325172424197480E-016   2.0147027064197064E-016   1.0398022007252007E-015
  -9.5964950800442503E-019   1.1281873815487331E-018   7.8084487907490180E-019   8.3158177198901826E-015   6.4988218556987942E-028  -6.9965570472046217E-030  -1.5489307339275713E-029   6.9197931120415924E-028  -8.7016669785041630E-030   6.1420247036383452E-028   1.9661179140767490E-014   4.8593989524541440E-018  -5.7128280007200693E-018  -3.9539819028521233E-018   1.4036103920974988E-029   2.1519875598949147E-031  -2.1829500797197221E-030   1.6551284823703510E-029  -1.4858958731341269E-030   7.0049343261412129E-030  -2.4590320220919576E-030  -6.3657725697584088E-030   2.1807265129754771E-031  -5.6076154189707728E-030   1.1441032393251710E-014   1.3643528819648554E-027  -2.1091176563293462E-030   9.1417111555214375E-030   1.3554721817908178E-027   6.3263762154555143E-032   1.1435241058392980E-027  -6.1379828058614905E-018   7.2159623822210683E-018   4.9943363720696177E-018   1.2613478810840571E-016  -1.4828713518388507E-016  -1.0263299523175903E-016   4.1783205805876804E-028   6.5838073459439442E-031   2.0067130841876590E-031   4.4212996103205643E-028  -1.4070757070290544E-030   4.3047783827410244E-028  -5.0729881270528093E-015   1.7768000144856008E-015  -2.0888494593289540E-015  -1.4457415765256872E-015  -2.5213898699773421E-015  -1.0290209318060889E-028  -6.8676150730733328E-031   7.9845989198683206E-031  -1.0436160836856297E-028  -9.9222733176185848E-031  -1.0815901506462736E-028  -7.2179803869510403E-016   1.9348273571514209E-016   2.0401668975349129E-016   6.1026740640715029E-016
   1.8220370726000177E-016  -1.0307683816624659E-015  -2.9838418711515303E-015  0.27517234883024233        2.0896055788085482E-014  -2.8367881795682597E-016  -4.3414432047792399E-016   2.2342737166551627E-014  -1.7009476850995147E-016   1.9661179140767490E-014  0.65235845098383449       -9.1269263735070192E-016   7.7375745431033829E-016   3.9347911683327109E-015   8.8552365774949032E-017   5.7446310468514217E-017  -2.3194503866391632E-017   4.2819212869292022E-016  -4.1895182546667334E-017   2.4123036896734342E-016   8.4143421230855071E-017  -1.6112523328934698E-016   1.2469075253434091E-016   1.0201359884025505E-016  0.37673655856831539        5.0144026906687287E-014   9.5454014654603555E-018   1.7879488680496232E-016   4.9705125806621147E-014   7.4299998028160583E-018   4.2246976852562116E-014   8.5264500734262045E-016  -7.7204740556514455E-016  -2.6970257939594214E-015   1.3419326957089457E-015  -4.4422397890460591E-016  -1.7546348136309752E-017   2.2282426789364289E-014  -4.0731643853980130E-017   4.8084555823780286E-017   2.2527212969876889E-014  -8.0503681123326532E-017   2.2987975267382444E-014 -0.22303438543390128        2.9762700679593374E-014  -1.2453636175880644E-014  -1.8763839545971399E-014 -0.18971931617951812       -8.1917716490553681E-015  -3.9944177150139637E-018   2.6170964826499657E-018  -8.2711181318022014E-015  -8.9150241504839072E-018  -8.3696858940089798E-015  -7.9855846136463293E-002   1.9053942703701764E-002   2.7246411424982343E-002   5.1621229602999592E-002
  -2.7635953913121439E-006   3.4153205270864881E-018  -1.6146624183464987E-017  -4.5372064144892566E-016   8.2057160633706549E-018  -3.0610048554349635E-019  -5.4359862117084370E-018   6.4250171823465844E-018   2.6891804676882748E-018   4.8593989524541440E-018  -9.1269263735070192E-016   1.3994080586267347E-005  -1.6014258055729416E-017   4.9763262578994496E-017   3.2163976981320072E-017  -2.7873431857533268E-021   5.6803132301875500E-019   1.2787948838395336E-017  -8.1229716563958166E-020   1.3276323175239226E-017  -1.0941718316340070E-018  -7.0282410711256978E-020   1.6868291587172170E-018   5.5197378660039610E-019  -4.7553837897010741E-016   6.0140867255866248E-018  -1.8568800526309633E-018   3.9465907853638052E-018   1.7696758352131119E-018  -4.1970584780684350E-018   8.8839118586191338E-019  -1.7676142021405976E-005   1.7644766419785655E-017  -6.0389985320421898E-017   3.6324253406397902E-004  -4.1633183432363577E-017   5.2509344552038175E-016   3.6723662115338840E-018   1.9069082544728660E-018  -4.1516874580877846E-018  -1.8176475083689814E-019   1.5672176047767816E-018  -2.0185764596390532E-018   2.9017830605190585E-015   5.1168226423936080E-003  -4.3976220890545152E-016   7.1040778223577124E-015   5.2871854639167045E-015  -9.6136609385130554E-019   7.5816010726291543E-020  -9.2330562111345496E-020  -8.6058740172255384E-019  -4.3340471531629624E-019  -1.0886718121931568E-018   2.6695217514260768E-015  -1.3010603751273561E-015  -1.0153658576563482E-015  -5.1187043301116295E-015
   6.0163403253113050E-018  -2.7635953912651607E-006  -5.2249681079343909E-018   3.6295537200832655E-016  -3.9511636637495954E-018  -1.1708921547883387E-018   1.4231210054493967E-018  -1.5093140279514313E-018  -8.5596038642483367E-019  -5.7128280007200693E-018   7.7375745431033829E-016  -1.6014258055729416E-017   1.3994080586153439E-005  -2.0586975553211335E-017   2.3803372678634689E-018   5.7683394420637043E-018   1.9682985110581063E-018  -1.0996840207475652E-018  -2.8280962123429988E-019   2.1332741021934124E-018   1.3906721345421446E-017  -9.9807088717227175E-019   8.4217113932257230E-018   3.9597604169050364E-018   4.8623368973901783E-016   7.0647806652643184E-019   2.8543505290124953E-019  -1.1253473384538231E-018  -4.9308910907718033E-018   2.3384848432103294E-019  -3.3505842577956788E-018   1.2892104180020960E-017  -1.7676142021231491E-005   2.5963934475028109E-017  -3.7956699816485317E-016   3.6324253406244938E-004  -6.9281287189413105E-016  -3.1871223873027825E-018  -8.5025937823871571E-020  -3.7924785666517096E-019   8.4800186853787245E-019   1.9776709181527701E-019   7.5098134251903484E-019  -4.6260499389626078E-016  -5.4151241937784658E-015   5.1168226423727791E-003  -9.8258642650899553E-015  -5.6679048163120609E-016  -1.5498270040447263E-018  -2.9680038997183040E-019  -2.4450006148251344E-019  -8.7530387806351312E-019  -5.0869406998985882E-020  -3.8826707319489812E-019  -2.9805210624859859E-016  -1.8371140776679189E-016   9.4923030243841078E-017  -1.1208501236603403E-015
  -1.5107286736438282E-017   6.6123171497798507E-018  -2.7635953913207998E-006   1.7336426618450214E-015   4.5757685707960692E-018   1.1040677686776508E-018   3.4403382322443079E-018   2.3079419872889245E-018  -1.7274771999315235E-018  -3.9539819028521233E-018   3.9347911683327109E-015   4.9763262578994496E-017  -2.0586975553211335E-017   1.3994080586288783E-005   7.1480161974199133E-019  -2.0188775522744259E-018   2.4950583214285965E-018  -5.4381180296697921E-018  -7.8854948064963690E-019   2.0950398967834275E-018   2.4508111934705291E-018   5.9448993801180725E-018   3.7542111215538395E-019   2.0198268166876577E-017   2.3938592013539858E-015  -1.8014508089096204E-018   1.6638856962054439E-018  -4.9543815230107654E-018  -2.7312498356407148E-018   9.6773463641862689E-019   4.2297557245574424E-018  -5.5116388382918849E-017   2.5321706928037823E-017  -1.7676142021380006E-005   7.9570035513563066E-016   1.4503871177433989E-016   3.6324253406423544E-004   1.3029565146863922E-018  -1.3881996767687556E-018   1.3436497527983380E-018   1.6683203768269349E-018  -1.8381921331721985E-018  -8.5687493838773165E-019  -8.0904025319590598E-017   1.1083406209548070E-014   2.2997388360210727E-015   5.1168226423975345E-003   1.3078833881180536E-015  -2.7314577952815099E-018   6.2372011713213052E-019  -2.2729470552500097E-019  -2.4017607604450335E-018   6.4372501101407501E-019  -2.3827322405185314E-018   5.9861996931513054E-016  -2.9833418742637925E-015  -3.6305374027487727E-016  -1.5012566931560724E-014
  -6.3518441246557891E-018  -4.7007654862172551E-019  -1.4116128959913561E-019   4.0085842539270554E-017   1.9717850765232212E-029   6.8380894852292810E-031  -1.2212998330076720E-029   1.7696048389428248E-029   4.5533502498020059E-030   1.4036103920974988E-029   8.8552365774949032E-017   3.2163976981320072E-017   2.3803372678634689E-018   7.1480161974199133E-019   7.6860120619405096E-029   1.2801418005678120E-030   1.2980144021545007E-030   2.6783677624764785E-029  -4.8630326083394546E-031   2.9991911776084642E-029   2.2022494504533199E-030  -4.7629743678092176E-031   5.6614879699432098E-030   2.8487107801991401E-030   6.1254231548909158E-017   1.0763709510835276E-029  -5.2523762897646529E-030   8.4942457137406794E-030   1.6021204389306798E-030  -9.0646048455035614E-030  -1.3387168321418092E-030  -4.0626822290348683E-017  -3.0066412256516627E-018  -9.0287710362062630E-019   8.3487617726974784E-016   6.1786105617373379E-017   1.8554012896762260E-017  -8.4285922853886163E-030   5.1546578963694827E-030  -9.0234451631429492E-030  -1.1660754612158672E-029   3.0812481654930225E-030  -1.8323144202061532E-029   1.4554705880627919E-016   1.1760498638896744E-014   8.7035111409263762E-016   2.6136144419798371E-016   3.2157004824786904E-016   2.4615404794979906E-029  -2.2328971176784201E-032  -2.0647635204150836E-031   2.3760984113745197E-029  -8.9236233933989065E-031   2.3896654839067071E-029   1.3879210972689347E-016  -3.9936050941440715E-016  -6.9733227232297795E-017  -1.9808461239303580E-015
   5.5045336932609352E-022  -1.1391499569548358E-018   3.9869433826954405E-019   2.4736445128664063E-017  -6.4532201640133808E-031  -4.1160822797880191E-031   4.3831829916286978E-032   1.0662704250361022E-030  -3.5434202409429881E-031   2.1519875598949147E-031   5.7446310468514217E-017  -2.7873431857533268E-021   5.7683394420637043E-018  -2.0188775522744259E-018   1.2801418005678120E-030   2.7388754140648975E-030   3.7411409360768427E-031   6.1471426695420277E-033  -4.0948790449081487E-032   4.2154263605072530E-031   5.7457212048683981E-030  -1.3520850117383026E-030   3.4766300814178746E-030  -1.2997630969791433E-030   3.5054112300371281E-017   2.9330509584326528E-030  -3.0360965100852622E-031   2.4243090383537655E-031   9.8079402686946473E-031   4.1894395933087348E-032  -6.5295793055571317E-032   3.5207367604389899E-021  -7.2860797518559235E-018   2.5500758065340191E-018  -7.2350705357953138E-020   1.4972803846358850E-016  -5.2403742677758172E-017  -3.4176686620846671E-030   3.0155615298445186E-031  -2.6262772605257639E-031  -9.4304473241765733E-031   2.6754721946169253E-031  -1.0321925271686475E-030   1.3446901656134189E-017  -1.0191695428265149E-018   2.1091467699011665E-015  -7.3818628583989572E-016   4.8470438431990937E-017   3.9957734211730295E-030  -2.4267169784471848E-031  -5.6603369217517063E-032   4.0301711247083214E-030  -1.0287286521442664E-031   4.3121201088141400E-030   2.1977877587461519E-017  -6.3717254563218617E-017  -1.1203222810334302E-017  -3.1603525578403980E-016
  -1.1217662616321182E-019  -3.8870582889002133E-019  -4.9273202592119480E-019  -1.0183942266216902E-017   2.3639454401369339E-031  -2.6181504631605442E-031   6.2882601923181306E-031  -2.5204983757763732E-031  -8.0304847169657121E-032  -2.1829500797197221E-030  -2.3194503866391632E-017   5.6803132301875500E-019   1.9682985110581063E-018   2.4950583214285965E-018   1.2980144021545007E-030   3.7411409360768427E-031   8.3381157809870606E-031  -2.1483213636403800E-031  -1.4579758043258959E-031   1.3812476196569319E-030   1.9318391454960290E-030   1.0028286844572014E-030   1.2519899112933031E-030   4.1951110848138985E-030  -1.4857274802873474E-017  -6.7952085823689672E-031   4.6866492189987265E-031  -8.5505881333233260E-031  -2.0943624681334900E-030  -5.0112342304561691E-032  -2.1540285410322442E-031  -7.1748924671237912E-019  -2.4861886286436028E-018  -3.1515471823429614E-018   1.4744315350215874E-017   5.1090869067705723E-017   6.4763905118736130E-017   1.4629817388223815E-030  -3.4114372078681813E-031  -7.8836625344825399E-032   1.1050731466009133E-030  -1.4732534005316680E-031   8.6161656418826531E-031  -1.6721668701481214E-017   2.0769606958330927E-016   7.1969246756555238E-016   9.1229794158147662E-016  -4.2282273384027141E-017  -5.0927951472709160E-030   1.0366402768995480E-031  -8.6761472708860562E-032  -4.6947541698571203E-030   7.2676312522248986E-032  -4.7441958744834650E-030  -1.6612637670566053E-017   7.4062031369028430E-017   9.7149774024032695E-018   3.7287963056120553E-016
  -2.5254046706560024E-018   2.1716908608641632E-019   1.0739367857390701E-018   1.7610805870649045E-016   1.9348338809765475E-029  -2.2568808229033277E-030  -6.7391978416764108E-030   1.8101492476784169E-029   4.7556846216405396E-030   1.6551284823703510E-029   4.2819212869292022E-016   1.2787948838395336E-017  -1.0996840207475652E-018  -5.4381180296697921E-018   2.6783677624764785E-029   6.1471426695420277E-033  -2.1483213636403800E-031   1.6274836819466466E-029   4.5093246653796368E-031   1.2500465389891743E-029  -5.0077545287181822E-030  -2.0253537880294813E-030   6.1036529733033925E-031  -7.3193106963121789E-030   2.3025638371992411E-016   6.2096211198396713E-029  -1.3121823395016083E-030   5.8157500030228725E-030   5.7029102784933785E-029  -4.7994464326921675E-030   4.7375523798865374E-029  -1.6152658149744471E-017   1.3890280829572596E-018   6.8689719220065996E-018   3.3193512877889703E-016  -2.8544355444004015E-017  -1.4115652410760805E-016   5.9284606103844444E-029   1.4647434174299705E-030  -4.7190929812897751E-030   4.9410089826076851E-029   2.4487844104084801E-030   5.3531032157760148E-029  -4.5636659394428045E-016   4.6758103015617676E-015  -4.0209058838534957E-016  -1.9884039751474943E-015  -7.3081018375916844E-016  -4.2843536845095447E-029   4.8635092761874731E-032  -8.2181634369942187E-032  -4.2105599848148387E-029  -6.7440744171769943E-031  -4.2861162994516141E-029  -3.4415720131790723E-016   3.8487659619832047E-016   1.4024550169183316E-016   1.7824275805770885E-015
   1.6041501901770538E-020   5.5850140423883096E-020   1.5572525091047150E-019  -1.8457745672041373E-017  -1.9139669096277299E-030  -1.6518115340252435E-031  -1.8548958354744817E-031  -2.0112568743025775E-030   3.4577082974701395E-031  -1.4858958731341269E-030  -4.1895182546667334E-017  -8.1229716563958166E-020  -2.8280962123429988E-019  -7.8854948064963690E-019  -4.8630326083394546E-031  -4.0948790449081487E-032  -1.4579758043258959E-031   4.5093246653796368E-031   8.1520101575308339E-032  -9.2969540110039277E-032  -6.1580502261161739E-031  -2.6932023891202562E-031  -2.1516409552892162E-031  -1.1771428814784549E-030  -2.7194149891998455E-017   1.4825112145365678E-030   1.7927130235706923E-032   2.6422775246813851E-031   1.5018279003641491E-030  -1.1324469307453094E-031   1.1779786741857207E-030   1.0260252522418700E-019   3.5722125502630366E-019   9.9602917997355942E-019  -2.1084692133469605E-018  -7.3408526442658547E-018  -2.0468276555882316E-017   6.6814699557273583E-030  -8.5014131765865915E-033  -9.2781991688312587E-032   5.7198847347518015E-030   1.2531152103790930E-031   6.6894213863200858E-030  -4.1592883424297112E-017  -2.9700990384942417E-017  -1.0340705589848197E-016  -2.8832675446941101E-016  -9.6651535138561320E-017  -5.0216643644804313E-030  -2.9213805022322508E-033  -1.5316179481911356E-033  -5.0008924818508871E-030  -2.6679480700337987E-032  -5.0298198880639430E-030  -4.9963312587560242E-017   3.6297669752311721E-017   1.9697354777596257E-017   1.5726253077714817E-016
  -2.6218503827014164E-018  -4.2128573155430138E-019  -4.1373511948696184E-019   9.6830329749705666E-017   1.3016246427645306E-029  -1.1696610765858425E-030  -4.7485711569829172E-030   1.1496978777632472E-029   3.4947838612811481E-030   7.0049343261412129E-030   2.4123036896734342E-016   1.3276323175239226E-017   2.1332741021934124E-018   2.0950398967834275E-018   2.9991911776084642E-029   4.2154263605072530E-031   1.3812476196569319E-030   1.2500465389891743E-029  -9.2969540110039277E-032   1.4261233677576495E-029   4.6913192002061918E-031   7.8375317536121768E-031   2.9926291801972473E-030   4.5126302761549914E-030   1.2047006553488672E-016   5.4155190751844826E-029  -9.0432441223171864E-031   2.8513990585326861E-030   4.7859181907347385E-029  -4.2535428292914103E-030   4.2867115131077125E-029  -1.6769531411580756E-017  -2.6945718776154313E-018  -2.6462776548712126E-018   3.4461179807411883E-016   5.5373119081756711E-017   5.4380678771465068E-017   6.3771153054547864E-029   1.1590501922652465E-030  -4.0122966023199480E-030   5.5727893593383710E-029   1.3462736641099450E-030   5.9137826917223354E-029  -4.3556238062598064E-016   4.8543804369316038E-015   7.8001446121316770E-016   7.6603443251361331E-016  -7.5664587132907476E-016  -3.9291757699037526E-029   2.7131417387897417E-031  -2.8247488270044830E-031  -3.8924053651674176E-029  -2.7669613823642634E-031  -3.9186204078408114E-029  -3.8091966686102715E-016   2.0174464117488304E-016   1.4461344317687512E-016   8.1252067254039788E-016
   2.1608052151714811E-019  -2.7463434114989678E-018  -4.8399396285353869E-019   3.8639057336662998E-017  -1.8483662728442549E-030   4.3858693095917271E-031   2.3526132200709020E-030   1.8659629611928309E-030  -2.7632575019422281E-030  -2.4590320220919576E-030   8.4143421230855071E-017  -1.0941718316340070E-018   1.3906721345421446E-017   2.4508111934705291E-018   2.2022494504533199E-030   5.7457212048683981E-030   1.9318391454960290E-030  -5.0077545287181822E-030  -6.1580502261161739E-031   4.6913192002061918E-031   1.6340826460335380E-029  -3.4622632918931100E-031   8.5756503566464110E-030   7.2687184053796014E-030   6.0351767817432155E-017  -7.2838579642768163E-030  -2.9623390736594422E-031  -2.3906086288191302E-030  -1.1213202445725562E-029   1.2168319636980791E-030  -9.2479946325090577E-030   1.3820655506759990E-018  -1.7565797198190070E-017  -3.0956579431028134E-018  -2.8401276266563794E-017   3.6097496158557351E-016   6.3615388158756027E-017  -2.5935017265037501E-029   2.9899912495581696E-031   6.4750464551911092E-031  -1.6582336223458502E-029  -6.5017214181926003E-031  -1.9841830225368568E-029   1.8039068969696760E-016  -4.0007510091892176E-016   5.0848804409373559E-015   8.9611933628341001E-016   3.8665707056011505E-016   2.6580814082361981E-029  -3.6533161973586920E-031  -2.0425200558378401E-031   2.6278321714400743E-029   1.5166232448774956E-031   2.7267787105554169E-029   1.7717407870706265E-016  -3.6171780613905923E-016  -8.1434314962315102E-017  -1.7628578793045286E-015
   1.3879593239447259E-020   1.9710220239016314E-019  -1.1740175731751981E-018  -6.8403994756149038E-017  -2.6856973024232012E-030   3.5522414612026314E-031   1.5094994326178567E-030  -4.4446131661952888E-030  -4.1525936352378013E-031  -6.3657725697584088E-030  -1.6112523328934698E-016  -7.0282410711256978E-020  -9.9807088717227175E-019   5.9448993801180725E-018  -4.7629743678092176E-031  -1.3520850117383026E-030   1.0028286844572014E-030  -2.0253537880294813E-030  -2.6932023891202562E-031   7.8375317536121768E-031  -3.4622632918931100E-031   2.7102628191346759E-030  -5.3587038451926597E-031   8.2919134804113102E-030  -9.4671121776607180E-017  -1.1739124112878025E-029   8.8520343075908221E-031  -2.0606258989223209E-030  -1.1884412743209594E-029   3.3113249880977728E-031  -7.0793301075494112E-030   8.8774812017299248E-020   1.2606789449527046E-018  -7.5090953705632430E-018  -1.8243114159726843E-018  -2.5906796519735800E-017   1.5431098186675496E-016  -1.7593051779386826E-030  -7.3111489946105941E-031   5.1961876723470049E-031  -2.7484843267826495E-030  -7.0521934476646140E-031  -3.5489135189260130E-030   2.7111088846574995E-017  -2.5698196341718831E-017  -3.6493656604842804E-016   2.1737044865092678E-015  -8.4946852106597977E-018  -3.7106621433802938E-030   3.1661560920896909E-031  -8.8567936009787974E-032  -3.3891955054334374E-030   2.6691212371264562E-031  -3.4930246478424480E-030  -3.6735092313398807E-018   6.4203181902270497E-017   5.0590699950506893E-018   3.2941582451806545E-016
  -3.3312036901604168E-019  -1.6631462602777548E-018  -7.4139351210872526E-020   5.1935722883277561E-017   1.6776901563738105E-030  -5.9649686761593684E-031   1.4878411705587376E-031   3.4160404308989848E-030  -2.2392714271503188E-031   2.1807265129754771E-031   1.2469075253434091E-016   1.6868291587172170E-018   8.4217113932257230E-018   3.7542111215538395E-019   5.6614879699432098E-030   3.4766300814178746E-030   1.2519899112933031E-030   6.1036529733033925E-031  -2.1516409552892162E-031   2.9926291801972473E-030   8.5756503566464110E-030  -5.3587038451926597E-031   5.3820046587943108E-030   3.0639691446152748E-030   6.9400448103972441E-017   1.6331141233825200E-029  -1.2186231264290619E-031  -3.4946259322819818E-031   1.2417057213924569E-029  -3.4213470822348714E-031   1.1185551228671279E-029  -2.1306602882265130E-018  -1.0637595355552856E-017  -4.7420027742123621E-019   4.3784805608950684E-017   2.1860126992876678E-016   9.7447570975382754E-018   1.2123212979570991E-029   2.2814190247841856E-031  -6.2531802689405124E-031   1.3934697048682366E-029   1.7228792054385948E-031   1.4544589500901538E-029  -9.4774436693917533E-017   6.1677547016893403E-016   3.0793308127033882E-015   1.3726970022869624E-016  -1.3634391647491393E-016  -5.1909033217173565E-030  -1.5498624791758403E-031  -1.8307708434672112E-031  -5.0256319850326459E-030  -3.5078696588785123E-032  -4.6615519252568337E-030  -7.3166129777529806E-017  -3.9920628429182942E-017   2.3550005351687449E-017  -2.5060883902304848E-016
  -1.0900553297958967E-019  -7.8198603840165831E-019  -3.9888180201975382E-018   4.0912870026224020E-017   7.4996204594244002E-030   1.0593279815525117E-030   4.9893743753017264E-030   5.1160920513068577E-030  -2.1498795025171446E-030  -5.6076154189707728E-030   1.0201359884025505E-016   5.5197378660039610E-019   3.9597604169050364E-018   2.0198268166876577E-017   2.8487107801991401E-030  -1.2997630969791433E-030   4.1951110848138985E-030  -7.3193106963121789E-030  -1.1771428814784549E-030   4.5126302761549914E-030   7.2687184053796014E-030   8.2919134804113102E-030   3.0639691446152748E-030   3.0456896530202123E-029   5.0754867073014470E-017   1.9685088941932580E-029   2.5244269432373402E-030  -7.3339843715705355E-030   1.6199979583525103E-029   1.1405845627656570E-030   2.4021816150409056E-029  -6.9720672135410725E-019  -5.0016353034663295E-018  -2.5512748372582336E-017   1.4327511960263175E-017   1.0278298736922816E-016   5.2428382610808088E-016   2.8641288159488953E-029  -2.0371303075248054E-030   1.6345098157548530E-030   2.8303304414892814E-029  -2.5494283431357823E-030   2.7041481670571064E-029  -1.8993632892318480E-016   2.0182476095837277E-016   1.4478544435308503E-015   7.3853337671029239E-015  -3.3027545946822634E-016  -1.9195086474595780E-029   8.6969691596106072E-031  -4.5571888753957773E-031  -1.8650028648861263E-029   9.3443414302221288E-031  -1.8460848215146211E-029  -1.7080187293041229E-016   4.0334989282569656E-017   6.2326992887410040E-017   1.0507492497128470E-016
   7.9754555076329326E-017  -5.3562304386337978E-016  -1.7575579239637873E-015  0.15903113816855630        1.2152809220273510E-014  -1.5420468681024477E-016  -2.4547712787227019E-016   1.2987473245521200E-014  -1.2745680657259184E-016   1.1441032393251710E-014  0.37673655856831539       -4.7553837897010741E-016   4.8623368973901783E-016   2.3938592013539858E-015   6.1254231548909158E-017   3.5054112300371281E-017  -1.4857274802873474E-017   2.3025638371992411E-016  -2.7194149891998455E-017   1.2047006553488672E-016   6.0351767817432155E-017  -9.4671121776607180E-017   6.9400448103972441E-017   5.0754867073014470E-017  0.21802425986946036        2.8177207447111582E-014  -1.8656476298814705E-018   1.0575830404519868E-016   2.7942559440218390E-014   1.3475570865331619E-017   2.3715966891448075E-014   4.2982071561368573E-016  -5.8970857510566913E-016  -1.7016381009471308E-015  -1.3341549997259940E-015   1.0582586210501819E-015   1.3041783580791049E-015   1.1525712519057398E-014  -1.8357894592577280E-017   3.0545929392298713E-017   1.1776161021621038E-014  -4.6855732614730004E-017   1.1907191870149895E-014 -0.12009126421749924       -1.3871205370328817E-014   1.0373004760299274E-014   6.8431957350120400E-015  -9.2668747469625848E-002  -3.9596745581917082E-015  -5.2943937562954364E-018   4.6105378681450854E-018  -4.0004599476415784E-015  -7.1714087595489396E-018  -4.0594579632783563E-015  -3.7252515881293809E-002   8.5484182033998476E-003   1.2465193438866472E-002   2.2499227414807088E-002
  -1.1876809094336839E-018  -1.3951752808225317E-019   3.5575621564767893E-019   2.0948774275104435E-014   1.4526900901975917E-027  -3.4107180562678184E-029  -4.5617421431478490E-029   1.5700452384405196E-027   3.5617834459319997E-029   1.3643528819648554E-027   5.0144026906687287E-014   6.0140867255866248E-018   7.0647806652643184E-019  -1.8014508089096204E-018   1.0763709510835276E-029   2.9330509584326528E-030  -6.7952085823689672E-031   6.2096211198396713E-029   1.4825112145365678E-030   5.4155190751844826E-029  -7.2838579642768163E-030  -1.1739124112878025E-029   1.6331141233825200E-029   1.9685088941932580E-029   2.8177207447111582E-014   5.2090917141913191E-027   9.1872310444649123E-030   1.1075947339460729E-029   5.1453929807310465E-027  -1.6030167576383515E-029   4.4265884898745568E-027  -7.5964869886047237E-018  -8.9236349325557232E-019   2.2754406871333052E-018   1.5610686882368484E-016   1.8337959506177187E-017  -4.6760024917416009E-017   4.0299934375486880E-027  -8.4964468221347941E-030  -1.5567558425517339E-030   3.8698213761108870E-027  -6.0768125062443549E-030   4.1364776225265920E-027  -3.2011378754366389E-014   2.1990022811882158E-015   2.5831800413624350E-016  -6.5868595172411162E-016  -4.3396831220270443E-014  -1.9044898545100004E-027   4.3503666413554682E-030  -5.1240645696166423E-030  -1.9233872266633374E-027   2.8894515877720453E-030  -1.9254538754892622E-027  -2.1362194707502556E-014   4.5143624465004590E-015   7.6507138396038042E-015   1.0490575066784422E-014
