   3.0365774786605164E-006  -5.7660591328644431E-018   7.7352657609554123E-019  -2.1335965851284404E-017   2.2867911086282573E-004  -3.0530852634608409E-016   9.2471764756944244E-017   1.9669447524208558E-018   5.2007681826710909E-019   1.1639715128042513E-018  -1.2488789625174085E-018  -2.4347938843364289E-018   2.4867419341277890E-018  -1.7802686151080804E-016   6.9271420346206337E-004  -9.5020304587006367E-016   2.9500707008945108E-016  -1.1607640408468630E-018  -2.0199631920004983E-019  -3.0231351630047625E-019   1.1794741032708370E-018   9.0483709032606782E-019  -4.5460100237194640E-019  -5.4049840007261672E-016   8.7099790636988158E-004  -1.1848368748400221E-015   3.8395746742175298E-016   2.1956091668091894E-016   1.3175800098172340E-019  -3.1904298548235860E-018   9.6175449432019912E-017  -1.2241285701075276E-021   9.5947098537997629E-017  -6.6237585165967652E-020  -2.6707139428821892E-018  -2.8553027459971979E-019  -5.9804605232002859E-018   2.0308126725752249E-020  -2.3270573399103013E-019   3.2192645352647142E-019  -1.0616470866171427E-018  -1.2073669905229029E-019  -1.9003118349844558E-019  -3.1677074098374804E-016   1.1972487469841741E-003  -1.6316596290896837E-015   5.0459610846466710E-016  -7.0664123523706604E-020   1.0137583226255313E-019  -2.8806748233752165E-020  -6.2243926030243956E-020  -4.2664869600034804E-020  -4.4134174283523460E-020   7.2683335510671690E-020  -2.3225305471765503E-020   7.3929610443657347E-021  -1.7217969998897137E-020   7.4177397119932569E-020  -8.7964228346928881E-021   1.4403821463443898E-019   2.5392276038183806E-020   7.1954128618682220E-020   5.7551948599752554E-017  -1.1094990779528703E-019  -1.3053622826266541E-018   2.6271243369215763E-017   5.0688358840597881E-020   2.5949515650877164E-017   1.3597048584115539E-019  -1.2317525687842166E-018   5.4214516972468661E-020  -2.6076587646420747E-018  -8.0916909164537764E-020   1.9338962830407279E-020  -1.7395108107346535E-019   2.2065689536884157E-019   1.5417855938348668E-020  -1.1820555063191266E-019   1.6556748752365550E-016   5.2642085134644478E-016   7.7727099054568115E-016   2.4914252135412102E-017
  -5.7660591328644431E-018   3.0365774786445333E-006   1.8894349089642197E-018   4.2412642846946675E-019  -1.2375661921029307E-016   2.2867911086223034E-004   1.0817045429245334E-016  -4.6223410802101811E-019   2.5707332198081091E-020   7.4767593412620414E-019   1.0229511804468017E-018  -1.1201031261155667E-018  -7.1928775882697721E-019  -2.7690048121300867E-016  -3.6929689731203276E-016   6.9271420346020721E-004   3.1587651730310288E-016   4.3671866408513933E-018   2.4916030077997279E-019  -2.6228490814450016E-019   4.3839386850054451E-018   2.0603262849784047E-019   4.0003142104386693E-018  -6.9264580387667518E-016  -4.6628371359308884E-016   8.7099790636766721E-004   3.9189683604281061E-016   9.6044344829165321E-020   8.6065780217993632E-017   3.1813967408011507E-018  -3.2339178688882388E-020  -4.9207070504040985E-020   8.7660499418824433E-020   1.9289753614771892E-016   3.0505056851187331E-018   8.4365185067077861E-017   6.7323151374364543E-018   1.9121953728151403E-017   2.9626982845302793E-018  -9.9364682092738701E-019   2.2161272066892521E-017  -8.1344132976745406E-019   2.0564118145844645E-017  -4.3793403092913547E-016  -6.4033346703679819E-016   1.1972487469810286E-003   5.5745783039513381E-016  -5.3305392757123080E-018  -1.3928003115026136E-018   5.0263524254724253E-019  -3.6904497583183934E-018   1.3541040642938893E-019  -3.3443350861316853E-018  -1.3645086350448756E-018   1.8981036963919139E-019  -5.9867220997348647E-019   5.0551191469637708E-019  -7.4624203633182368E-018   4.1096642887514494E-019  -4.0238245151196121E-018   3.5198186700348400E-019  -6.1716853667488632E-018   9.7367371118767667E-020   1.9880146267290818E-017  -8.5288869274833813E-020   5.9453596564491214E-020  -5.7215352917045929E-020   4.8143467763804006E-020   4.2190378571287187E-017   4.7176066239835514E-020   2.0110470940857044E-017   9.9948442735532040E-020  -4.9852054537139642E-020  -6.7332036209784477E-019   1.9778547663682288E-019  -8.7360066544601449E-019   2.2246561606756152E-019  -4.3487220125940049E-019   3.6775487890007814E-016   1.0312416981408892E-015   1.6297491236635143E-015   3.4613045078305665E-017
   7.7352657609554123E-019   1.8894349089642197E-018   3.0365774786613910E-006  -1.3431497797100212E-017  -4.1528933525469776E-017   3.1130715931757112E-017   2.2867911086285321E-004   3.3971167664848349E-019   1.3145600803318307E-019   1.3412871992335798E-019  -1.7736227481803109E-018  -1.4356683821391260E-019  -3.7978986015188076E-019  -4.7450143278244628E-016  -1.1472248648325726E-016   1.1176887125153411E-016   6.9271420346214674E-004  -2.1470463839732675E-018  -2.6490801185308661E-019  -1.6227335930562379E-019  -4.7077526312472799E-019   4.0020242858774841E-019  -2.1380353325923134E-018  -1.2456382176923513E-015  -1.4818359662225234E-016   1.4782906742599770E-016   8.7099790637007262E-004   8.2354592364552279E-019  -1.6960308963530561E-018   8.6720424237777601E-017   2.1561380347864086E-019  -8.9855391071555640E-020  -3.0322917120526743E-019  -4.4695979278055183E-018   8.4002573857489203E-017  -1.9161378770349256E-018   1.9443761425467571E-016  -6.6949938494881905E-018  -1.7151398604169082E-018   6.8256209694522187E-019  -1.0848904191890517E-017  -1.6084873052169146E-019  -9.0083836416306341E-018  -7.8510580838310554E-016  -1.9889974727866277E-016   1.8754833780920645E-016   1.1972487469843569E-003   1.3035839636772745E-018   8.0402005721249863E-019  -2.1561996499207634E-019   1.2255574163901703E-018  -2.4946426884090109E-020   1.0504170483180203E-018   7.8041808100240440E-019  -7.2024671645707531E-020   3.6263946729327001E-019  -1.8064744191383188E-019   3.3220868486734997E-018   9.3907747891246285E-021   1.6726499174944767E-018   1.2637432227176955E-020   2.6175225726365345E-018   3.6242818987016654E-019  -1.4175873847100787E-018   1.7546272655350103E-017   2.9277524073438353E-019   2.7321283597756753E-020   1.6154050498271307E-019  -2.7893878640717064E-018   1.8093210523952930E-017  -1.2039830431899263E-018   3.7914733553584088E-017  -1.4099671001313874E-019   4.0247153336388478E-019  -1.7333826051631343E-019   7.5376821236082847E-019   2.5718527025778596E-020   3.5998680182248578E-019   2.7974507994607927E-017   2.2682840361190898E-016   5.4440596753760979E-017   5.9167192056575722E-017
  -2.1335965851284404E-017   4.2412642846946675E-019  -1.3431497797100212E-017   8.7600069493288916E-006  -1.4606104726581658E-015   2.3688267273486256E-016  -6.5581103307006749E-016   9.1931777613520853E-017   7.4772737052536957E-019  -7.7927378012176665E-019   9.2003414450063830E-017   3.9643144340391145E-019   9.2395826522018673E-017   9.3236709746947371E-004  -4.4138922059838484E-015   6.7779344998123072E-016  -2.0194592652752853E-015   5.5431538471207370E-016   3.9625304184498775E-019   1.9076667078416178E-019   5.5636927567556918E-016  -6.7407218624387954E-019   5.7201374393720194E-016   2.3459690787443377E-003  -5.5542927549885845E-015   8.7324760067525959E-016  -2.5226263328622004E-015  -3.0581541416072434E-019  -2.2085300032755537E-019  -6.0417460351607678E-019  -2.2881326704592250E-019   3.7259718556476408E-019  -1.7217189815410927E-019   7.4813534052022687E-019   7.9398542898938198E-019   1.4173124477295320E-018  -2.2539698248317117E-019   2.1666251359818281E-015   1.3040453592086207E-018   8.0948886749752406E-019   2.1773652189847141E-015   1.8970517425552740E-019   2.0939241813286886E-015   1.5075822218652802E-003  -7.6344904425168203E-015   1.1923325825218285E-015  -3.4757419408669597E-015  -6.5180914760089076E-016  -6.1358622062985957E-019  -3.5080431102771930E-019  -3.7491695790529232E-016  -3.9129590526306093E-021  -3.6097356172845615E-016  -5.0557291180995706E-019  -7.5399720440394241E-020  -1.4558537632257931E-019  -4.0839088837504551E-019  -6.5055689917764833E-016  -4.2496762152951099E-020  -3.5810986529436852E-016   4.8545329037848151E-019  -5.8286775619758281E-016  -5.4684636307047380E-020   1.7837267926985551E-019   4.9495422890552558E-020  -4.4283388013133890E-020  -8.3011834612434943E-020  -2.1451939591411498E-019   4.0750340261514106E-019  -7.6483131227066362E-019  -8.3126655852216059E-020  -4.9225923871966474E-019   1.0747454195790517E-016  -1.8444061714730469E-019  -1.5985081288419262E-019   1.0944771480965432E-016  -8.5801432722072482E-020   1.2975241307900983E-016  -1.8720146042394277E-004  -7.3357419301748738E-004  -6.4733877234433369E-004  -1.1418773788928906E-004
   2.2867911086282573E-004  -1.2375661921029307E-016  -4.1528933525469776E-017  -1.4606104726581658E-015   1.7221406702943847E-002   3.8906084918167859E-016  -5.5050577066188301E-016   1.4812702138043812E-016   3.9166036505738298E-017   8.7656571415794839E-017  -9.4050796571171146E-017  -1.8335988609456100E-016   1.8727199896698329E-016   1.8623745454872477E-015   5.2167043074966134E-002  -7.3151448501436586E-016  -5.4611432834684309E-016  -8.7415022542225661E-017  -1.5211974335135229E-017  -2.2766679459044050E-017   8.8824043236449671E-017   6.8141630748922577E-017  -3.4235172234634849E-017  -2.2470259679324757E-015   6.5593263531648252E-002  -1.7274811831142828E-016   2.9418301291089105E-016   1.6534732131704859E-014   9.9224547215236061E-018  -2.4026545267041648E-016   7.2427976620074511E-015  -9.2186889655850686E-020   7.2256009727160902E-015  -4.9882316942136608E-018  -2.0112659536159606E-016  -2.1502764132405186E-017  -4.5037757298267281E-016   1.5293680308810569E-018  -1.7524644345360549E-017   2.4243693985201561E-017  -7.9950705478597603E-017  -9.0924605685030725E-018  -1.4310901739856115E-017   3.0337503968763358E-016   9.0162619220486517E-002  -4.6464695894248948E-016  -1.3413342702175979E-015  -5.3215862591811219E-018   7.6344290067226400E-018  -2.1693836626782289E-018  -4.6874765386587687E-018  -3.2130135041076154E-018  -3.3236641686180376E-018   5.4736494146374728E-018  -1.7490553895240746E-018   5.5675041058378234E-019  -1.2966539131134002E-018   5.5861644531673040E-018  -6.6244255793548186E-019   1.0847255193432786E-017   1.9122459901116205E-018   5.4187341593176249E-018   4.3341322678912688E-015  -8.3554351690078523E-018  -9.8304452379163336E-017   1.9784394164654140E-015   3.8172478430699908E-018   1.9542106888644767E-015   1.0239689267831819E-017  -9.2761039102051613E-017   4.0827963819731248E-018  -1.9637802490680477E-016  -6.0937048246695640E-018   1.4563820142759393E-018  -1.3099938609461689E-017   1.6617268290444317E-017   1.1610906068340187E-018  -8.9018443947509088E-018  -5.2840507589880133E-016  -5.8679678350567684E-017  -6.2241807116998290E-016  -3.7981902804889414E-017
  -3.0530852634608409E-016   2.2867911086223034E-004   3.1130715931757112E-017   2.3688267273486256E-016   3.8906084918167859E-016   1.7221406702944815E-002  -2.2507552064434816E-016  -3.4810007506105152E-017   1.9359722948422809E-018   5.6306110755061033E-017   7.7036587425468521E-017  -8.4352923235292932E-017  -5.4168249053677628E-017   2.9212124773484944E-016   1.5992400760573652E-015   5.2167043074965107E-002  -1.5699194595195991E-015   3.2888485970555406E-016   1.8763807755752191E-017  -1.9752197995380510E-017   3.3014642559302362E-016   1.5515941425726139E-017   3.0125636618701449E-016   1.1286021741534499E-015   1.8646663894223706E-015   6.5593263531655968E-002  -2.3713518076244060E-015   7.2329244227673179E-018   6.4814569146776470E-015   2.3958518532535902E-016  -2.4354045527818087E-018  -3.7056947204681409E-018   6.6015523127732439E-018   1.4526761580760520E-014   2.2972801868200359E-016   6.3533881959366288E-015   5.0699837250264481E-016   1.4400394547816880E-015   2.2311540351737340E-016  -7.4829729562147315E-017   1.6689249748187182E-015  -6.1258782737404872E-017   1.5486462264106903E-015  -2.2971575701555349E-017   2.6088105925290752E-015   9.0162619220489459E-002  -1.8462326872706891E-015  -4.0143318938382761E-016  -1.0488925083687444E-016   3.7852543253831160E-017  -2.7792103952343887E-016   1.0197510704552593E-017  -2.5185577491249643E-016  -1.0275865629002753E-016   1.4294272702322110E-017  -4.5084912088554508E-017   3.8069180185825734E-017  -5.6198126530368560E-016   3.0949132110304622E-017  -3.0302688434524243E-016   2.6507112349962856E-017  -4.6477836715390979E-016   7.3325591124881929E-018   1.4971375517955251E-015  -6.4229491693523278E-018   4.4773419083955022E-018  -4.3087838610324486E-018   3.6255967393252751E-018   3.1772804502686353E-015   3.5527434933821426E-018   1.5144828828239932E-015   7.5269349038024950E-018  -3.7542672860283425E-018  -5.0706528258451579E-017   1.4894863462927933E-017  -6.5789272564731326E-017   1.6753479744015736E-017  -3.2749432215958699E-017   3.7173382835737074E-016  -3.3176929577559723E-015  -4.7794133343092003E-015  -8.5688271387940966E-017
   9.2471764756944244E-017   1.0817045429245334E-016   2.2867911086285321E-004  -6.5581103307006749E-016  -5.5050577066188301E-016  -2.2507552064434816E-016   1.7221406702943025E-002   2.5583066700184409E-017   9.8997121746323281E-018   1.0100989231712403E-017  -1.3356829387662451E-016  -1.0811756704021737E-017  -2.8601281585410631E-017   2.2620233746559007E-015  -8.3341096339655668E-016   6.3366863302988206E-016   5.2167043074963650E-002  -1.6169014670382100E-016  -1.9949739150972319E-017  -1.2220510684678214E-017  -3.5453226297559444E-017   3.0138514883185130E-017  -1.6101154086061640E-016   1.7783627818158417E-015  -1.3442463694902582E-015   1.3460736759084648E-015   6.5593263531651638E-002   6.2019741272832770E-017  -1.2772499305628146E-016   6.5307569616456272E-015   1.6237482237496294E-017  -6.7668455953574903E-018  -2.2835635758642031E-017  -3.3659726690132881E-016   6.3260806071675992E-015  -1.4430084827174089E-016   1.4642742053680151E-014  -5.0418777430991061E-016  -1.2916405428205779E-016   5.1402506451844058E-017  -8.1701118500130046E-016  -1.2113224489608983E-017  -6.7840493967923667E-016   2.5671301252750162E-015  -1.4870950879129069E-015   6.7145586498617208E-016   9.0162619220485143E-002   9.8170530398056111E-017   6.0549283886632975E-017  -1.6237946248789083E-017   9.2294493461290008E-017  -1.8786699035795155E-018   7.9104991817891297E-017   5.8771862110890662E-017  -5.4240466406267918E-018   2.7309716787129679E-017  -1.3604229329503180E-017   2.5018030069338778E-016   7.0720211952033989E-019   1.2596421417369624E-016   9.5170196897766443E-019   1.9712085027130019E-016   2.7293805870429293E-017  -1.0675592010563884E-016   1.3213777873210692E-015   2.2048369325393856E-017   2.0575160306853237E-018   1.2165320762684578E-017  -2.1006371188992288E-016   1.3625666805300141E-015  -9.0669766783845848E-017   2.8552894232284125E-015  -1.0618205033654168E-017   3.0309397024772383E-017  -1.3053788211240822E-017   5.6764909119685785E-017   1.9368153568603730E-018   2.7109949393993097E-017  -7.5059720823793739E-016   4.9071324555405956E-016   1.0485271658734416E-015  -1.7637782302293061E-016
   1.9669447524208558E-018  -4.6223410802101811E-019   3.3971167664848349E-019   9.1931777613520853E-017   1.4812702138043812E-016  -3.4810007506105152E-017   2.5583066700184409E-017   9.7548857204352491E-028   8.1570401700144146E-030  -9.5634550674037246E-030   9.7356301945165326E-028   4.7469533432774886E-030   9.8449054849661004E-028   9.7690719382182966E-015   4.4870601096718388E-016  -1.0544638962093299E-016   7.7496163092456101E-017   5.8948542789413413E-027   5.2797004627077984E-030   6.2490301376813033E-030   5.9117975492379016E-027  -7.9468258140923207E-030   6.0658813568591554E-027   2.4582412977110487E-014   5.6418937878668244E-016  -1.3258510383491035E-016   9.7441333623603793E-017   1.3786356623528397E-028  -1.6165430695461524E-029  -2.6498191989303704E-030   5.8875234704382857E-029   4.3492688002379448E-030   5.9014580297309747E-029  -2.0429936922563591E-029   1.4745682487182019E-029   1.9083637200023174E-030   1.4960416652707812E-029   2.3447993163517426E-026   1.1740272580496695E-029   3.1930841883120899E-030   2.3563800545387791E-026   3.6668704444684956E-030   2.2735439800784341E-026   1.5767131237713263E-014   7.7551854243755179E-016  -1.8224768196833600E-016   1.3394006315290948E-016  -7.0772450929189148E-027  -5.8803170754945457E-030  -1.6296842724926619E-030  -4.0695535748547773E-027  -7.2404386494040120E-031  -3.9274721838575780E-027  -5.4340475350434439E-030  -1.2024605834782848E-030  -1.8558750266991349E-030  -6.5600148294778386E-030  -7.0642966289740633E-027   2.2353685969033159E-030  -3.8943958370849282E-027   3.3367416102549405E-030  -6.3430058340295696E-027   3.6755868681900823E-029  -1.4080750626178828E-030   3.1560033314086069E-030   1.6146188552386551E-029  -9.5759948565056249E-031   1.3941663210672126E-029  -1.6525545071987910E-030  -7.3764540889486121E-030  -4.4847728927412519E-030  -3.6325359935196373E-030   1.1972564807737726E-027  -5.5092227285144401E-031   1.3226143739482597E-031   1.2157243741151639E-027  -1.9682635041956067E-030   1.4246607951969085E-027  -2.5018742548074049E-015  -9.1929333262263453E-015  -9.4249167364519079E-015  -1.1988307662359593E-015
   5.2007681826710909E-019   2.5707332198081091E-020   1.3145600803318307E-019   7.4772737052536957E-019   3.9166036505738298E-017   1.9359722948422809E-018   9.8997121746323281E-018   8.1570401700144146E-030   1.5895805648910894E-031   1.5320862608893455E-031   7.5339956338634579E-030  -4.0697703444983827E-031   8.2368691299022713E-030   7.9647124678499255E-017   1.1864166201482884E-016   5.8644425417112032E-018   2.9988183912730155E-017   4.6740049514078615E-029  -1.5457193322833960E-032  -6.2580800270543576E-032   4.7414359107270009E-029   1.2244615526865958E-031   4.8430386110063353E-029   2.0039537615213587E-016   1.4917644059656969E-016   7.3737728349321168E-018   3.7706236241853643E-017   3.7619663009408435E-029   6.6150733259635619E-031   3.1970994301590106E-030   1.6465806409785629E-029   2.5502275175869126E-032   1.6411017666932231E-029   1.4855132143768347E-030   3.2759132820968196E-030   7.0223603978775695E-031   7.4289415788090756E-030   1.8193060427448658E-028   2.6932161684872834E-032   1.6852514024626982E-031   1.8248887859280734E-028  -2.4987830692064823E-032   1.7539521730330911E-028   1.2890120625260190E-016   2.0505365773859488E-016   1.0135776702334610E-017   5.1829911144322128E-017  -5.4677779428226081E-029  -1.2767806554240064E-032  -4.8717956142219715E-032  -3.1443195077286107E-029  -5.0246452697663692E-033  -3.0237683686871232E-029  -6.5740969029324174E-033  -1.0475320696440089E-032   1.3447142520101285E-033  -3.2608468800100883E-032  -5.4473370501570914E-029  -1.2339962688365458E-032  -2.9950844750758170E-029   5.6262274173171894E-032  -4.8760803620270372E-029   9.8687104457207673E-030   1.0325168546199409E-031   5.3344721402523604E-031   4.5106279891082385E-030   2.8229558875443070E-033   4.4360110944300130E-030   2.9160094039785641E-031   5.0971930561062250E-031   1.2214381262295658E-031   1.1576246917764451E-030   8.8731425693136825E-030  -5.6500188762924275E-033  -5.7224550579691748E-032   9.1357145930404265E-030   2.5380489315697928E-033   1.0812909413013064E-029  -1.3810718563475572E-017  -5.6584835458731433E-017  -4.4635788928141744E-017  -9.7447421034309720E-018
   1.1639715128042513E-018   7.4767593412620414E-019   1.3412871992335798E-019  -7.7927378012176665E-019   8.7656571415794839E-017   5.6306110755061033E-017   1.0100989231712403E-017  -9.5634550674037246E-030   1.5320862608893455E-031   1.1518245605439957E-030  -1.0501342975059122E-029  -1.6901822233372423E-030  -1.0339735409460756E-029  -7.9520293013919108E-017   2.6552907179585972E-016   1.7056233302015171E-016   3.0597891881878477E-017  -6.6110388327736737E-029  -3.5166573887834046E-031  -1.1715947989188021E-030  -6.3937267893983368E-029   7.9723774917413048E-031  -6.4174559131406015E-029  -2.0052836294191744E-016   3.3386823087884885E-016   2.1445992333296965E-016   3.8472864617555292E-017   8.4516639913325914E-029   2.1327092443048275E-029   4.2014744397515723E-030   3.7117303011087139E-029  -1.4646454350015799E-031   3.7081854897117007E-029   4.6851069024091312E-029   3.5400397500482151E-030   2.0392142895033876E-029   7.8705320542067075E-030  -3.4449159126001036E-028   7.0036104698617386E-031   1.0919644665918147E-030  -3.4633010422918811E-028  -6.3109064569727148E-031  -3.4901132677935360E-028  -1.2226332345394961E-016   4.5892569678322366E-016   2.9479046116060527E-016   5.2883696527155287E-017   1.0870407148313987E-028  -2.5583031203734655E-031  -3.4047368336545004E-031   6.2143560020202220E-029   1.5445320204220712E-031   6.1903370013991567E-029  -1.2577531313267204E-031   1.1992101819848724E-031  -1.4002473273956318E-032   6.1994094988459390E-031   1.0839559307639208E-028  -4.9916038819558241E-031   6.0984166845190816E-029   4.3044125844938500E-031   1.0020919663665967E-028   2.2100075149312680E-029   4.7790481603363285E-030  -8.0171130477933894E-032   1.0195772558895193E-029   4.2593153109668834E-032   1.0122017971046106E-029   1.0124043007284507E-029   5.3115960626475382E-031   5.0254286351445801E-030   9.6313691003049979E-031  -2.4795539306241524E-029  -3.9204655930329548E-031  -4.4273570137438378E-031  -2.4436886746940568E-029   2.9841915805291217E-031  -2.5446753623566108E-029   1.3417116849675009E-016   3.9212816877525460E-016   6.3314086268553339E-016   1.0264894437645040E-017
  -1.2488789625174085E-018   1.0229511804468017E-018  -1.7736227481803109E-018   9.2003414450063830E-017  -9.4050796571171146E-017   7.7036587425468521E-017  -1.3356829387662451E-016   9.7356301945165326E-028   7.5339956338634579E-030  -1.0501342975059122E-029   9.7724276168617800E-028   6.8524043905128357E-030   9.8233913111467066E-028   9.7769175397014918E-015  -2.8489844300133944E-016   2.3335904225973450E-016  -4.0460474921170593E-016   5.9031272380504199E-027   5.7844482779179520E-030   6.4929474268062138E-030   5.9165396689911149E-027  -9.0675429651221538E-030   6.0735805306683242E-027   2.4602124962380372E-014  -3.5822269291150677E-016   2.9341860788340385E-016  -5.0873778494702352E-016  -9.5169190774680420E-029   2.6977306295095638E-029  -5.8024995035927357E-029  -4.3130269266041539E-029   4.3858311473020418E-030  -4.2325583891699737E-029   7.7079914910308040E-029  -3.9378676832199457E-029   4.4814874569552173E-029  -1.1074252160743209E-028   2.3469615106919014E-026   1.4656362828419918E-029   1.9788085313804439E-030   2.3590966886531201E-026   3.4870909231715343E-030   2.2758284621855108E-026   1.5780225050283105E-014  -4.9240264195018090E-016   4.0332480487152970E-016  -6.9929637157208767E-016  -7.0826563545446632E-027  -7.2361792176960492E-030  -1.2368151798845241E-030  -4.0732952891724277E-027  -5.8637476852504892E-031  -3.9307687319622595E-027  -6.7190287162166770E-030  -1.0304447293282678E-030  -2.4035248911656550E-030  -6.1415561628633488E-030  -7.0722867076359238E-027   2.3999769437444142E-030  -3.8986721750554070E-027   3.5015064235900820E-030  -6.3494766535815163E-027  -2.4398725384452404E-029   9.4211442071567646E-030  -7.7356591075503053E-030  -1.1844789777717976E-029  -1.0571062024837905E-030  -1.3621408366744614E-029   2.0773198421701990E-029  -1.8639273381227825E-029   6.1374346752296127E-030  -2.7199022389297589E-029   1.1973140624307294E-027  -1.1996346290269502E-030   5.0468927275256823E-031   1.2144906838871091E-027  -1.8795967533903072E-030   1.4244946252335207E-027  -2.4958151406167150E-015  -9.1778210887138675E-015  -9.3930378430235181E-015  -1.1997576523841962E-015
  -2.4347938843364289E-018  -1.1201031261155667E-018  -1.4356683821391260E-019   3.9643144340391145E-019  -1.8335988609456100E-016  -8.4352923235292932E-017  -1.0811756704021737E-017   4.7469533432774886E-030  -4.0697703444983827E-031  -1.6901822233372423E-030   6.8524043905128357E-030   2.8229276717737182E-030   5.3063362389596126E-030   3.8825013429475237E-017  -5.5543331860810298E-016  -2.5552166880549859E-016  -3.2750946971040646E-017   4.1576451062728690E-029   3.8473197436780623E-031   1.3076515389332145E-030   3.8348031352975329E-029  -1.1680421538620159E-030   3.8667531647023652E-029   9.8126420606002758E-017  -6.9838507023225120E-016  -3.2128522477155812E-016  -4.1180051023710690E-017  -1.7640081892235340E-028  -3.1920872528682821E-029  -3.4880059467158590E-030  -7.7350382585764056E-029   1.3552659547493091E-031  -7.7234176182157025E-029  -7.0505900220517014E-029  -3.0896156829697226E-030  -3.0676695487711135E-029  -6.7894485375613778E-030   2.4507967660954614E-028  -1.0141449516854045E-030  -1.1231159006316247E-030   2.4652594993452284E-028   7.6807724870034807E-031   2.5252425463758459E-028   5.6558135681226891E-017  -9.5998009195321808E-016  -4.4162945739492155E-016  -5.6604917334819047E-017  -7.8742651391882944E-029   4.0790323974635042E-031   2.9961691050953455E-031  -4.4829478725656207E-029  -1.5084160473991075E-031  -4.5234132979235784E-029   2.8395414186198559E-031  -1.2875941374606031E-031   9.1124173926481393E-032  -6.4907541455711121E-031  -7.8291519332803405E-029   4.4506580569812415E-031  -4.4446563531398006E-029  -4.9972839967595542E-031  -7.3256060294976275E-029  -4.6196605334795935E-029  -7.1741671446263567E-030   5.7519092355355008E-031  -2.1195242200061379E-029  -5.2807598936689560E-032  -2.0976949893911767E-029  -1.5367011835739137E-029  -4.2357012528972211E-032  -7.5057204966505971E-030   2.2951658772116789E-032   1.9906558621699250E-029   4.6924438239159326E-031   4.9220125793345864E-031   1.9442615843528192E-029  -3.2498246717412741E-031   1.9667117276845690E-029  -1.2419135968068671E-016  -3.5506612414745867E-016  -5.9604181195607103E-016  -5.2728618067375338E-018
   2.4867419341277890E-018  -7.1928775882697721E-019  -3.7978986015188076E-019   9.2395826522018673E-017   1.8727199896698329E-016  -5.4168249053677628E-017  -2.8601281585410631E-017   9.8449054849661004E-028   8.2368691299022713E-030  -1.0339735409460756E-029   9.8233913111467066E-028   5.3063362389596126E-030   9.9537617218068528E-028   9.8120298371354933E-015   5.6728388135547693E-016  -1.6408632758231309E-016  -8.6638932243294982E-017   5.9567527165360093E-027   5.8504929468772640E-030   8.0862180660586827E-030   5.9712109096293370E-027  -8.5453991082179372E-030   6.1226069044881137E-027   2.4691335880605053E-014   7.1328560971976456E-016  -2.0631718979295276E-016  -1.0893717526906616E-016   1.7472434098714356E-028  -2.3302487550669011E-029  -2.5468216775682592E-029   7.4846034516355838E-029   4.5761942357381528E-030   7.4967132896920322E-029  -3.5003571156052806E-029  -6.1565762436292272E-030  -4.6396435896603908E-030  -3.2521991145307857E-029   2.3856380538967497E-026   1.1451591686610112E-029   8.5360008098432177E-031   2.3975241337702988E-026   4.4411278682793581E-030   2.3161348251749044E-026   1.5824715524584534E-014   9.8046194627265412E-016  -2.8359769312244072E-016  -1.4974191744563971E-016  -7.2094202871331541E-027  -5.8893889330254175E-030  -7.5178049717749132E-031  -4.1451896539818207E-027  -9.9699280778251879E-031  -4.0040761810309181E-027  -5.7112543371993917E-030  -1.3571475903248511E-030  -2.0886032358919116E-030  -7.4752950226324553E-030  -7.1970228796993264E-027   3.3249459121470260E-030  -3.9697837823402058E-027   2.6257873105990144E-030  -6.4674810901521909E-027   4.6520685863745494E-029  -2.7742334729119954E-030  -5.9568426964324892E-031   2.0389677045072046E-029  -1.0088376333902340E-030   1.8072250603074377E-029  -4.2233308658324079E-030  -1.2152925014617152E-029  -6.0827266696351049E-030  -1.3509984466342416E-029   1.2315255167699104E-027  -9.2112010708091611E-032   9.2932994093398863E-031   1.2489131949400050E-027  -2.4256029080736178E-030   1.4573521457579873E-027  -2.7327529070104743E-015  -9.8463881507919207E-015  -1.0541388461901736E-014  -1.2050808236539841E-015
  -1.7802686151080804E-016  -2.7690048121300867E-016  -4.7450143278244628E-016   9.3236709746947371E-004   1.8623745454872477E-015   2.9212124773484944E-016   2.2620233746559007E-015   9.7690719382182966E-015   7.9647124678499255E-017  -7.9520293013919108E-017   9.7769175397014918E-015   3.8825013429475237E-017   9.8120298371354933E-015   9.9262267734130272E-002   6.7885001301646074E-015  -3.2524316482262490E-015   3.3190646187401330E-015   5.8865402635834878E-014   3.9962385401988673E-017   1.2891383763034251E-017   5.9094590995559752E-014  -6.9275956863987208E-017   6.0774642116440035E-014  0.24975467126451648        8.0508278194203595E-015  -1.8905342713368613E-015   5.9523322206820024E-015  -3.0494909894058083E-017  -2.2429636339200067E-017  -5.8503479973389309E-017  -2.2592717881927847E-017   3.8915422109341613E-017  -1.6177056564614226E-017   7.6902869110095174E-017   8.5832228897093592E-017   1.5038827071925560E-016  -2.4781641949862289E-017   2.2940650765920172E-013   1.4072599514254658E-016   9.5778770791663407E-017   2.3054170265381206E-013   1.7427343833778860E-017   2.2158307145922886E-013  0.16054961076222329        1.1112438334646106E-014  -3.4343292338838850E-015   7.2967355811702897E-015  -6.8976351813252226E-014  -6.5627545974077672E-017  -4.0977977146764686E-017  -3.9676660490625833E-014   6.4309152994531941E-019  -3.8185581837949611E-014  -5.3021667371309021E-017  -7.4228934864836512E-018  -1.4716453058540342E-017  -3.9835434762746810E-017  -6.8841665305060675E-014  -9.1315902239468800E-018  -3.7885360349319125E-014   5.4556448569116214E-017  -6.1655990952876651E-014  -5.8617881318530124E-018   1.9024160162570956E-017   2.7426243541950807E-018  -3.9923120526637988E-018  -8.6156243351122029E-018  -2.1781618023680327E-017   4.2169914121432636E-017  -8.0450351879388228E-017  -8.0904074317460134E-018  -5.0710241173757705E-017   1.1322593618019493E-014  -2.1684186702900555E-017  -2.0320053684797062E-017   1.1537067940896372E-014  -7.3770419386104265E-018   1.3704594671769845E-014  -1.9023827927049840E-002  -7.5571891326844581E-002  -6.4487106601347391E-002  -1.2152696594179890E-002
   6.9271420346206337E-004  -3.6929689731203276E-016  -1.1472248648325726E-016  -4.4138922059838484E-015   5.2167043074966134E-002   1.5992400760573652E-015  -8.3341096339655668E-016   4.4870601096718388E-016   1.1864166201482884E-016   2.6552907179585972E-016  -2.8489844300133944E-016  -5.5543331860810298E-016   5.6728388135547693E-016   6.7885001301646074E-015  0.15802427932441623       -9.4152483010101392E-016   8.7260656599780217E-016  -2.6479737253810599E-016  -4.6080075459843606E-017  -6.8964769748512444E-017   2.6906557458087851E-016   2.0641446124548463E-016  -1.0370510002108753E-016  -3.9233093489180453E-015  0.19869495350215335        1.0790750263913003E-015   4.0683805608253409E-015   5.0086970142817992E-014   3.0057075580316538E-017  -7.2781152173449767E-016   2.1939864967745006E-014  -2.7925230073169305E-019   2.1887772798592769E-014  -1.5110339250606226E-017  -6.0925219087652770E-016  -6.5136120531413479E-017  -1.3642826428201794E-015   4.6327579012516516E-018  -5.3085609799899242E-017   7.3438938539571856E-017  -2.4218648153949794E-016  -2.7542859321330458E-017  -4.3350548555974605E-017   2.8111652029741661E-015  0.27312038567806807        7.9505508193017771E-016   3.0417969575438630E-016  -1.6120136084511678E-017   2.3126193679543046E-017  -6.5714916864352929E-018  -1.4199292469418820E-017  -9.7328526502170715E-018  -1.0068035372847924E-017   1.6580765422713742E-017  -5.2982343091751573E-018   1.6865069823811562E-018  -3.9278208630368485E-018   1.6921595701829979E-017  -2.0066693767038514E-018   3.2858478908103579E-017   5.7925708774470986E-018   1.6414416265166243E-017   1.3128942868124408E-014  -2.5310263783310164E-017  -2.9778360677395039E-016   5.9930838426990648E-015   1.1563197832335880E-017   5.9196902402941194E-015   3.1018041692209291E-017  -2.8099151282961185E-016   1.2367596817097959E-017  -5.9486783286620012E-016  -1.8459035754591068E-017   4.4116688365140516E-018  -3.9682302003960765E-017   5.0336988473101633E-017   3.5171728271375841E-018  -2.6965445273813492E-017  -1.1281791700830559E-015   8.7913957141705353E-016   7.5416195691757902E-016  -2.5240155610414656E-016
  -9.5020304587006367E-016   6.9271420346020721E-004   1.1176887125153411E-016   6.7779344998123072E-016  -7.3151448501436586E-016   5.2167043074965107E-002   6.3366863302988206E-016  -1.0544638962093299E-016   5.8644425417112032E-018   1.7056233302015171E-016   2.3335904225973450E-016  -2.5552166880549859E-016  -1.6408632758231309E-016  -3.2524316482262490E-015  -9.4152483010101392E-016  0.15802427932440111       -7.7078722313665064E-016   9.9625721283139835E-016   5.6839280572657313E-017  -5.9833309869774446E-017   1.0000787451329733E-015   4.7000851827406148E-017   9.1256504782193538E-016  -7.0037564493925817E-015  -1.6266219337471966E-015  0.19869495350216165       -2.1729147213545692E-015   2.1909956973758788E-017   1.9633613437553960E-014   7.2575085755705215E-016  -7.3773215170566869E-018  -1.1225281386122795E-017   1.9997406123014663E-017   4.4004430659761186E-014   6.9589155246359315E-016   1.9245667987895889E-014   1.5357982302793027E-015   4.3621639952417211E-015   6.7586063477547617E-016  -2.2667403381678763E-016   5.0555034528694299E-015  -1.8556495487885214E-016   4.6911553622962111E-015  -6.5827574358824081E-015  -2.0974928015775869E-015  0.27312038567805624        1.2945189053486645E-015  -1.2160204356970248E-015  -3.1773026216100570E-016   1.1466283146786788E-016  -8.4187773335237525E-016   3.0890274491393161E-017  -7.6292089752744725E-016  -3.1127627036939978E-016   4.3300175917677172E-017  -1.3657110545750983E-016   1.1531906753257447E-016  -1.7023522747030494E-015   9.3751035312038917E-017  -9.1792829709811207E-016   8.0295279915614457E-017  -1.4079054933075917E-015   2.2211770133577361E-017   4.5351254111146281E-015  -1.9456381918374609E-017   1.3562753160749273E-017  -1.3052157536047408E-017   1.0982648777283618E-017   9.6246101709023172E-015   1.0761961903144973E-017   4.5876678454534549E-015   2.2800572806067872E-017  -1.1372417283856483E-017  -1.5360009141345768E-016   4.5119483981133171E-017  -1.9928870358677715E-016   5.0749599875153841E-017  -9.9204499990999645E-017   5.2623871424628352E-015   2.4215569723818156E-015   4.5567218086842471E-015   2.6184393336379028E-016
   2.9500707008945108E-016   3.1587651730310288E-016   6.9271420346214674E-004  -2.0194592652752853E-015  -5.4611432834684309E-016  -1.5699194595195991E-015   5.2167043074963650E-002   7.7496163092456101E-017   2.9988183912730155E-017   3.0597891881878477E-017  -4.0460474921170593E-016  -3.2750946971040646E-017  -8.6638932243294982E-017   3.3190646187401330E-015   8.7260656599780217E-016  -7.7078722313665064E-016  0.15802427932440871       -4.8979139703420590E-016  -6.0431701055246554E-017  -3.7018341084562647E-017  -1.0739482641267636E-016   9.1295515589787350E-017  -4.8773576587338428E-016  -3.4982789672114381E-015   1.9952030479164495E-016   6.9482783356564596E-016  0.19869495350216362        1.8787004861476114E-016  -3.8690423665469527E-016   1.9782953019282910E-014   4.9186541490583919E-017  -2.0498112131241887E-017  -6.9173652002168797E-017  -1.0196196178543757E-015   1.9162947906770405E-014  -4.3711577674226849E-016   4.4355758424738514E-014  -1.5272843731119342E-015  -3.9126343740072634E-016   1.5570834685508131E-016  -2.4748882838660288E-015  -3.6693350004796871E-017  -2.0550225844544533E-015   2.0014182420613101E-015   1.3667859162166951E-015  -2.6157834360330870E-015  0.27312038567806396        2.9737793063826163E-016   1.8341574269496444E-016  -4.9187947071983157E-017   2.7957825391660394E-016  -5.6908622782224809E-018   2.3962464778918013E-016   1.7803158099801561E-016  -1.6430508820969742E-017   8.2726527314160616E-017  -4.1209898220026581E-017   7.5784555512428996E-016   2.1422549312127282E-018   3.8157048956973595E-016   2.8828932773293412E-018   5.9711799764584302E-016   8.2678330004477216E-017  -3.2338477214569596E-016   4.0027143623347702E-015   6.6788866448184469E-017   6.2326225291372609E-018   3.6851159907944177E-017  -6.3632448241167513E-016   4.1274836569286828E-015  -2.7465663583700309E-016   8.6492357391216808E-015  -3.2164640724682890E-017   9.1813151355247400E-017  -3.9542503330510311E-017   1.7195212390416778E-016   5.8669963431194388E-018   8.2121392414988059E-017  -2.7282290030083470E-015   1.0212285471124542E-015  -6.1337931362616271E-017  -1.0676671161903361E-016
  -1.1607640408468630E-018   4.3671866408513933E-018  -2.1470463839732675E-018   5.5431538471207370E-016  -8.7415022542225661E-017   3.2888485970555406E-016  -1.6169014670382100E-016   5.8948542789413413E-027   4.6740049514078615E-029  -6.6110388327736737E-029   5.9031272380504199E-027   4.1576451062728690E-029   5.9567527165360093E-027   5.8865402635834878E-014  -2.6479737253810599E-016   9.9625721283139835E-016  -4.8979139703420590E-016   3.5757495503994657E-026   3.6907722254526223E-029   4.9483108041343186E-029   3.5831781994482035E-026  -5.5494185933814977E-029   3.6747287968488439E-026   1.4813102144533077E-013  -3.3294821434349432E-016   1.2526637136158101E-015  -6.1584890167119299E-016  -1.1413420434120189E-028   1.0549736298953751E-028  -1.2314758058895282E-028  -6.0363990917908068E-029   2.7328832973870105E-029  -5.8114275468931976E-029   3.4175474337225505E-028  -1.0457365655314463E-029   2.1482644826971805E-028  -1.3576254362366029E-028   1.4319771311566904E-025   7.8298264471904078E-029   4.3975314216525796E-031   1.4392517687871333E-025   2.4997820739257506E-029   1.3903457202490417E-025   9.4936531930046090E-014  -4.5766106843446770E-016   1.7218756216866829E-015  -8.4652824130282527E-016  -4.3273521610964106E-026  -3.9811462889195012E-029  -2.8673747848869437E-030  -2.4882535714712846E-026  -5.3874664628488212E-030  -2.4035180106665563E-026  -3.8529992792761504E-029  -7.4897501882005712E-030  -1.4278857815425610E-029  -4.3380477753155134E-029  -4.3205944507067786E-026   2.1248633097716186E-029  -2.3832281712827132E-026   1.6576010098270182E-029  -3.8825170073982286E-026  -2.5366358403741565E-029   4.0724928357897330E-029   3.8975694400050656E-030  -1.6619100406395359E-029  -6.4869665351245843E-030  -2.8862192034997991E-029   9.4477051524394144E-029  -6.5485457815347895E-029   2.0657002230768438E-029  -6.5344668095277392E-029   7.3906354810524059E-027  -2.5275943815577694E-030   7.1112381803381547E-030   7.4909603030437424E-027  -1.4026594028960744E-029   8.7443815229057508E-027  -1.6410207016663055E-014  -5.9114958031080442E-014  -6.3317209403187332E-014  -7.2297220015969739E-015
