 4.0814264248387190E-006  6.2396582370460246E-016  1.5295187240547404E-015 -3.2589346400210657E-017  1.4645905218531085E-016  2.9074395223279378E-016 -1.7715469681559364E-016 -1.7064407083085932E-016 -4.3386476104358460E-017  3.5816680288967289E-017 -1.4121007438100728E-005 -1.8712418554615247E-015 -4.5953959787937990E-015  8.6183377325586143E-017  4.1241157151285382E-016  8.3681113924154433E-016 -4.8421262957690082E-016 -4.6435174679399988E-016 -1.1110150469733968E-016  9.5900148807902539E-017 -2.7877456675905806E-016  7.7034012352584655E-006  1.5658618553771694E-015  3.8420941120242038E-015  6.2258249125176537E-016  1.2694414776470720E-015 -7.5389398592163564E-016 -7.3531823363539282E-016 -1.7772431784965542E-016  1.4248907892488052E-016 -3.2499808543859842E-004 -2.5537648968007713E-014 -6.2366547907016669E-014 -8.6515159547330429E-016  1.6584627076210799E-017  3.3011915623608997E-017 -9.1897573427481730E-016 -7.9742333250188908E-018  2.0099725514598965E-015 -3.0174959595810348E-018 -1.1035477720200343E-017 -6.5546630999461790E-019 -2.0142785391274417E-017 -3.5864057766871074E-015  7.2062581407898517E-016  1.5198301959089400E-015 -8.9193831880061505E-016 -8.9398883319410665E-016 -2.0876742910103192E-016  1.4175198429082531E-016 -2.8455652954481624E-003 -2.1720866172590814E-013 -5.3062679288156163E-013 -6.3940724591894002E-015  1.0285916996535174E-015 -2.1098328828489049E-017 -4.4893079013712085E-017  1.2208446746256313E-015  1.3063774351761812E-017 -2.6047859122227874E-015  1.3891932967441985E-017  1.3077020480991719E-017  5.6577087801695627E-018  2.6134776451814675E-017  1.3499791263701357E-015  2.8355328718767029E-015 -1.6703343870510380E-015 -1.6662928374484252E-015 -3.9075873518158651E-016  2.7211453217505347E-016  1.1739060757902908E-018  1.7945479851402120E-019  1.6143029314232383E-019  6.4803936540937306E-019  4.1740391309812348E-019  1.0204882681109210E-018  1.7229448052184994E-019  1.3871324501058768E-020 -6.8962980498596482E-021  2.6673669998015413E-020  1.2852001943090505E-018  1.8870403824771440E-020 -3.5029837133184898E-019 -6.1751195420487432E-020  9.9537178860966460E-019 -1.3231618000231888E-015  1.0933639727963311E-003  8.6872614370354263E-014  2.3766607084528675E-013 -5.4453540144262495E-016  9.0395696107628299E-018  2.0719958226285206E-017 -4.7480123808512478E-016 -7.0632144886393408E-018  1.2428558250790997E-015 -4.7906285247375052E-018 -4.9295529936710261E-018 -2.1330135780981041E-018 -1.1584485653289766E-017  5.6928284083544781E-015  4.5990901062811018E-015  2.7146019135633793E-018 -1.2739150067313548E-015 -6.4274743963617541E-015
 6.2396582370460246E-016  4.0814264354580499E-006 -7.4607059503680244E-016  4.1628467907154461E-017  1.1324982258294419E-016 -3.8166994659658305E-017  1.4748192859036463E-016 -1.3563758915179769E-016  2.3996154888855526E-017  3.4807704423432589E-017 -1.8747416429506410E-015 -1.4121007466048973E-005  2.2379193932404233E-015 -1.2784844948403291E-016  3.1673071213023687E-016 -9.1581813030645760E-017  4.2479945298119635E-016 -3.7186079045491868E-016  6.9584262203227234E-017  8.4382371382772952E-017  7.7202422581457922E-017  1.5729401178873442E-015  7.7034012507210536E-006 -1.8643000531824782E-015  4.8091389555461699E-016 -1.5182736776470605E-016  6.4794445832164332E-016 -5.9453659170737299E-016  1.0657714325946922E-016  1.3186735659507588E-016 -2.5501342731073729E-014 -3.2499808586146687E-004  3.0117642445975467E-014 -1.1572870769937348E-017 -1.3305547264627216E-016  2.3621123505267408E-018  7.4033905147610291E-018  1.7121322738536997E-017 -6.1185663587290636E-018 -1.4513956555038380E-015 -1.1757958620876863E-017  2.2942634410660439E-015  8.4987230637543028E-018  1.5462419495526283E-016  5.7968342893538641E-016 -1.7535874792546247E-016  7.7057198789326713E-016 -6.8722020243240095E-016  1.2331596681994815E-016  1.5863650600501107E-016 -2.1701244615433389E-013 -2.8455652991590122E-003  2.5625662628814663E-013  4.7137859337629848E-016  2.8621126130804756E-018  3.6873665123237707E-017 -3.2711414162878869E-018 -1.3808781818695124E-017 -2.2107655745393064E-017  3.8523976181871286E-018  2.1792627310475613E-015  1.8819919771365256E-017 -2.8619626888043744E-015 -1.1239307155331208E-017  1.0620946296737863E-015 -3.2968130427213187E-016  1.4406022457969157E-015 -1.3153266677837527E-015  2.3642302750246475E-016  2.8073575914620473E-016  1.5989820342445219E-018 -4.7480071710431429E-019  4.4066250209213298E-019  9.9273799915127027E-019  8.7363331370917603E-020  8.4416750244515447E-019 -4.7798720234570287E-019  2.8769730943815916E-019 -5.6650916637387003E-020  3.4419554956938610E-019  2.4912761647089872E-018 -8.0537237007565602E-021  1.4443048128419785E-018 -6.9460135888163036E-021  2.3509714491777699E-018  6.8899505047076234E-017  1.0014237359369082E-013  1.0933639737819589E-003 -1.1284729368634955E-013 -9.9553190253005115E-018 -1.9467041244196754E-016  3.3222592853179124E-018  1.4184180165221542E-017  2.2339869790178827E-017 -2.6140878921004920E-018 -7.9807869918018615E-016 -8.6324517561764737E-018  1.3540964371221359E-015  3.3692311759860823E-018 -5.4129131566996786E-016 -4.7462846632897894E-016  4.3364530489751382E-016  1.4090611509804921E-016  6.8526364696183632E-015
 1.5295187240547404E-015 -7.4607059503680244E-016  4.0814266090792076E-006 -5.4795596938846281E-017  1.7639648442967204E-016 -2.4096067628135890E-016  2.7024632258362751E-016 -1.7005356554585770E-016 -2.8806746529119009E-018 -2.6710475897782149E-018 -4.5941076199441317E-015  2.2480972997490035E-015 -1.4121007991501537E-005  1.1431100587954948E-016  4.9939872002011696E-016 -7.0304810139977797E-016  7.8830789554065733E-016 -5.0559311312495467E-016 -1.9005197517341075E-017 -1.4324154415840915E-017 -2.7758355895288873E-017  3.8294616363437419E-015 -1.8605163516927184E-015  7.7034016951888313E-006  7.6379763299239686E-016 -1.0584708946020586E-015  1.1909218991844400E-015 -7.5942079824099330E-016 -2.3669505019190500E-017 -1.6110849170817094E-017 -6.2714583286404617E-014  3.0852483776552381E-014 -3.2499809296900750E-004  4.2132569625837279E-018  4.9473371813602756E-018 -1.0127147991176464E-015 -1.8876772989641275E-018  7.5685677884491066E-018  2.9338248244547754E-017  1.1444631174240955E-017 -1.5158921396171215E-015 -4.4730878424134803E-018  2.1392926386794488E-015  1.0330028390364237E-015  9.2204534437331658E-016 -1.2771853445937211E-015  1.4309188373240308E-015 -8.9978470119389043E-016 -3.4105394991314806E-017 -1.0328957808767838E-017 -5.3341128115368382E-013  2.6295785341874988E-013 -2.8455653595401988E-003  1.7053629974099894E-015  1.4612517008185977E-017 -2.5602265229154069E-018  1.2107644778799974E-015  1.2717204766472139E-017 -9.7219760188790012E-018 -2.5087340299960180E-017 -5.1015432856592826E-018  2.1447431875634355E-015  1.1771917313183401E-017 -2.4508420478890455E-015  1.7049406355153835E-015 -2.3740081740322073E-015  2.6663973297430548E-015 -1.6942101110517910E-015 -5.8264700017729761E-017 -3.5529038082702383E-017 -2.8575255168957234E-018 -4.0825400894982293E-019 -8.2232341231032071E-019 -2.0042238563680901E-018  7.1359946072414467E-019 -1.9852257241012922E-018 -1.3988554525061305E-019 -4.8164629856402112E-019 -2.0641085401763767E-019 -4.1359076190143041E-019 -2.0999558458085764E-018 -3.7631048392375901E-020 -1.0206591568151438E-018  2.8514362742245251E-019 -2.0769261232195589E-018  4.5761984141278279E-016  2.4211082892904474E-013 -1.1093181129918836E-013  1.0933640013579087E-003 -2.3592316596613837E-017  3.4157857872523616E-018 -1.1725890185043660E-015 -6.5606547743815391E-018  9.3211596224637144E-018  3.2349575101269058E-017  7.7475493057600792E-018 -1.3409554257127126E-015 -1.4465623884002563E-017  1.8681953244447929E-015 -1.0322405611032848E-015 -7.1903824566954684E-016  1.8107679486230035E-016  1.6342214544112003E-016  3.3076819646246716E-015
-3.2589346400210657E-017  4.1628467907154461E-017 -5.4795596938846281E-017  2.8375533381910761E-005 -2.7153465598854444E-011  2.8523187929902199E-013  7.1989149586419451E-013 -2.2025942838009351E-011 -3.6067267631089376E-013  4.9178894783847522E-011  5.1898843772190665E-017 -1.4511577558634347E-016  1.9315217921918394E-016 -1.0110877945165827E-004 -7.6544501940659371E-011  8.0407131854215783E-013  2.0293021817443778E-012 -6.2081318348230997E-011 -1.0167166661062151E-012  1.3862475517550461E-010  2.0410265659025575E-004 -3.6880763163312490E-017  6.8672360222040404E-017 -8.2725269885614827E-017 -1.1766144093613176E-010  1.2360643802658429E-012  3.1195479021410189E-012 -9.5449895737733141E-011 -1.5629079792848819E-012  2.1311007809266882E-010 -2.0864475764054324E-016 -3.1473041026245494E-015  5.0717143771915855E-015  7.5251264021725875E-018  2.2573147561609613E-018  5.1133632990857242E-018 -1.0788970019493190E-018 -1.5713653749537264E-018  2.0914879615428715E-018  1.1805499630653287E-017  3.2854881540616456E-018  1.5710767345603967E-018  1.2484112754009365E-017  2.9735126464055586E-003 -1.3993839133385533E-010  1.4699369728690759E-012  3.7098839296980484E-012 -1.1349716101960329E-010 -1.8587353968579415E-012  2.5343136847825963E-010 -1.9883706617608968E-015 -2.7675898527675360E-014  4.4713592556532195E-014  5.2250244128930158E-003  1.7938448850850993E-018  2.0575325790970172E-018  1.6597335359656710E-018  2.3388644210676058E-018  4.8669985349436341E-019  8.2936352927526076E-019  1.0654108058742399E-018  4.1108968296425471E-018  3.8010144215703696E-019  2.9522514904153379E-018 -2.6164578849118636E-010  2.7486766998624239E-012  6.9371055549145631E-012 -2.1223442473533662E-010 -3.4755920845366365E-012  4.7390931766626008E-010 -4.5825110942680637E-016  2.7342633858088733E-018  7.7026933734864916E-018 -2.2500950913628386E-016 -5.0031547164319230E-019 -1.0857493582526997E-016 -1.0388015439321806E-018 -1.6061510965440108E-018 -4.1564329354329445E-019 -3.6361283037855194E-018 -3.6124638585828773E-016 -1.8837522921313389E-018 -1.1732491442319287E-016  2.7688368548304504E-018 -5.2935994382882160E-016  1.2722460432530586E-003 -1.0636146636023848E-014 -1.3630789889932589E-014 -1.9437752989894324E-014  1.0109111876368428E-020  1.9753865979595898E-019  3.5927503138747586E-019  1.7646408689778745E-018  2.4940860637441839E-019  3.9226297490692941E-019  3.7011074864115677E-019 -1.4602563094810913E-019  4.6335667156332841E-019  1.6790982816995819E-018 -3.5140673507847229E-003 -2.5560106247089977E-003 -1.5372300281561548E-004  6.3431729742814442E-004  9.1687064922230609E-004
 1.4645905218531085E-016  1.1324982258294419E-016  1.7639648442967204E-016 -2.7153465598854444E-011  6.9333591977085666E-003 -2.8894223126988816E-014 -6.9950541912208804E-014 -3.4666795965534922E-003  2.3362747385441346E-014 -3.4666796011446877E-003 -2.3372152741077799E-017 -8.9654082393278895E-017 -6.3023502479275339E-017  3.1221803879138118E-011  1.9531550408985209E-002 -3.9285747284970503E-014 -9.4819348873810784E-014 -9.7657752017510178E-003  2.8274438082016747E-014 -9.7657752071871693E-003 -2.6615207907029165E-011 -7.4195472326574197E-017  4.6028100441711511E-017 -1.2497676278723247E-016  3.0045133591865582E-002 -7.9118514204111989E-014 -1.9379278099817173E-013 -1.5022566789651014E-002  6.4435111401746391E-014 -1.5022566802162995E-002 -2.6071015949271631E-016 -5.6949005250417909E-016  2.3480002376874455E-016 -2.9553867464549220E-017  6.1949080650047696E-017 -6.4141747787296096E-019 -2.5135828924984284E-017 -1.1967195947256795E-017 -4.6313800034775496E-018  1.3758001095544810E-016  1.2161351892125261E-017  5.1157403810272111E-017  1.5159649494740594E-017  1.6011487061669766E-011  3.5728288796623819E-002 -6.3121842007092109E-014 -1.5294300437371140E-013 -1.7864144393252752E-002  5.1769305632886660E-014 -1.7864144403239489E-002 -3.4108817976499408E-015 -3.0634445980389950E-015  7.9152205712797006E-016 -1.5975618005632641E-011  2.8610720829271021E-018  1.7636024194355040E-017 -1.2154763477041944E-017  1.1725764492796099E-018 -3.3220863222892434E-019  1.4882059111605436E-019  5.6752982975947533E-017 -1.8146016962797450E-017  2.5113543683924344E-017 -2.6545826310900371E-017  6.6788201249855156E-002 -1.3153121473466890E-013 -3.2059335137015311E-013 -3.3394100614167518E-002  1.1227945879999005E-013 -3.3394100635877541E-002  8.0408629390956914E-015 -1.2560928814373807E-016 -3.9209242690363603E-016  4.0477360062146933E-015  5.8508633027637777E-017 -9.2914475572395505E-015  1.5151711685528720E-016  1.3213503512005553E-016  6.7877320910483025E-017  2.9256488928133388E-016  3.0213887225506952E-015 -1.6664340173688409E-017  2.9046294743319702E-015 -4.5637620721968561E-017  1.2217619383895801E-014  2.3416614497023302E-011  4.7415691124132525E-016 -7.0275925969044142E-015 -5.3090629052779194E-015  8.2547622182226233E-018  2.4302542052923910E-017  2.8380879545954072E-017  4.6176619889710595E-018  1.7561545489831219E-020  3.3204397529333846E-018  5.0891735673363178E-017  2.7770239918988496E-017  2.4650131625774911E-017  5.9701619652273829E-017 -2.0346314419274592E-011  1.0428383926675299E-011 -3.8155525575083896E-012  8.5107349535663428E-013  4.9633513047232022E-014
 2.9074395223279378E-016 -3.8166994659658305E-017 -2.4096067628135890E-016  2.8523187929902199E-013 -2.8894223126988816E-014  6.9333591953187786E-003 -3.8294099983671763E-015  1.9004043053108551E-014  1.2972587623303702E-014  9.7709035672550169E-015 -2.3834807090900572E-016  1.4952700200340674E-016  2.4504123342717905E-016 -3.3253463964923960E-013 -4.0158111873775403E-014  1.9531550405937615E-002 -2.4799740067235499E-015  2.4235192216955985E-014  1.3681844591279153E-014  1.4310244899731372E-014  2.9341815514651362E-013  4.0053398819879650E-017 -1.1976987167859421E-016 -4.2321857961164672E-017 -8.0052346515932239E-014  3.0045133585594540E-002 -1.0160747831642926E-014  5.0512091455213618E-014  3.1602089964684725E-014  2.7764795012417978E-014  1.5592693760483681E-016  1.0453812586077769E-016 -7.4721604707988844E-016  7.7879216897555136E-017  3.1722649318309298E-017  5.3905110661149141E-017  3.0227251655890977E-017 -3.7762563920645883E-018  4.0364732920594870E-017  1.0963927939046023E-016  6.1177298986628747E-017  5.8205095421680293E-017  1.2750781545182891E-016 -1.7364789446298503E-013 -6.5076460311171339E-014  3.5728288791262094E-002 -8.1069792687997994E-015  4.0432931064212281E-014  2.8886483456639291E-014  1.9505013967111094E-014  2.6012353068065263E-015  2.6781003374231005E-015 -3.9069411809954818E-015  1.7781503755047708E-013  3.2015123027797783E-017  2.3972773189295983E-017  4.4812856867851495E-017  1.2773530319573330E-017 -8.1600164009947373E-019  1.4986549807953449E-017  4.3080865082594273E-017  3.8518475613928761E-017  1.8281877104458316E-017  8.9808071490054085E-017 -1.3393464329542017E-013  6.6788201238677389E-002 -1.9970163971268295E-014  8.6762947114405449E-014  6.2510778782882553E-014  4.1861505095415621E-014 -2.2602066430022860E-017  2.2610785732239297E-015 -3.4756478581780080E-017 -2.7409903084929296E-016 -3.1889644477971879E-016 -4.2112474017606696E-017  4.7063733505365731E-015  5.8347115545904063E-017 -7.8108539361886591E-015 -1.7351930289602516E-017 -4.7267012708701180E-017  8.7504777717311637E-017 -4.0282765082851096E-017  8.4749218348447947E-017 -9.2964505424604913E-017 -2.5646137894722731E-013 -3.7404881913955680E-015 -1.2963923102440193E-015  3.9954013361218185E-015  5.3345425996199771E-018 -6.9050062556042030E-018 -6.6284714104520174E-018  2.0114649641610428E-018 -8.6036880686096290E-019  2.7481570717716113E-018 -1.6178850497511304E-017 -7.1001338841012276E-018 -7.3983219563841627E-018 -1.5578074702090614E-017  2.2550957429822305E-013 -1.1085775964043019E-013  4.1375211575916929E-014 -1.0228018050872642E-014 -3.8494706126200332E-015
-1.7715469681559364E-016  1.4748192859036463E-016  2.7024632258362751E-016  7.1989149586419451E-013 -6.9950541912208804E-014 -3.8294099983671763E-015  6.9333591965968257E-003  2.3376768547976420E-014  5.5544190979933944E-015  4.5840092305079781E-014  2.0684055088819449E-016 -1.7734557629395818E-016 -3.2022691629650250E-016 -8.3804267115794433E-013 -9.5504441164781178E-014 -2.4163509370734812E-015  1.9531550407096379E-002  3.3687300853208649E-014  6.6369748942828854E-015  5.7915739191678001E-014  7.3032200161700714E-013 -8.3383900142202814E-017  1.0014500987503077E-016  2.8965194438596051E-016 -1.9409647456014483E-013 -9.9618678466593152E-015  3.0045133588761777E-002  6.7562290509865639E-014  1.4058501380755466E-014  1.2284192432856695E-013  1.7773783132153847E-016  2.8116361363440570E-016  7.9037523942427176E-016  7.7745605393256180E-017 -3.6219176375899372E-017 -8.6685353796624572E-017  2.6603965171387758E-017 -2.8776996221079682E-017  4.3513062872634658E-017 -6.8296666357616113E-017 -8.4195407317749298E-017 -3.6911325427717000E-017 -2.0034787451152764E-016 -4.3203648098092263E-013 -1.5495707609808323E-013 -8.0890935661135671E-015  3.5728288794120655E-002  4.7691844819879635E-014  1.3298217934107180E-014  9.7896433244850822E-014  2.6519451037869821E-015  1.3155057759802765E-015  4.3563606758051078E-015  4.2525508250044711E-013 -2.0631222835290574E-017  8.2274375268265625E-018 -1.3546408497841135E-017 -1.9829731061033046E-018  1.7997604126029719E-018 -1.3777021394629537E-017  1.6520928161905413E-017 -1.2508608665871831E-017  1.0609417012630105E-017 -2.9426268374221934E-017 -3.1271374572701460E-013 -1.9757125570504307E-014  6.6788201245118362E-002  1.1063783366007409E-013  2.8101403536659541E-014  2.1969927384371088E-013 -5.3895149584900235E-017 -2.1020455233859739E-018  9.8676644217863604E-015 -1.5339814669539442E-016 -1.4491075697612959E-016 -6.6049249142134005E-016 -6.1945468221107302E-018  5.7456709508494691E-015  9.4566310443195960E-017 -1.2570508217764787E-014 -3.9797284362295150E-016  1.7127180516511194E-018 -1.1873792278473083E-016  6.2665805421296649E-018 -6.1034517236756792E-018 -6.4129481505036013E-013 -3.1560019014000097E-015 -3.2103675260851963E-016 -3.1374853407323383E-015 -1.7673609859612100E-017  1.0734782048825323E-017  2.0626969656748491E-017 -7.8298989885665111E-018  6.6574386263998646E-019 -9.5007927518615742E-018  2.3857573872092933E-017  2.0440078100071962E-017  1.0288478679696833E-017  4.7498021428035479E-017  5.5067054691096502E-013 -2.8304103897592600E-013  1.0259051958889109E-013 -2.1918801196032327E-014 -3.3685840846021803E-015
-1.7064407083085932E-016 -1.3563758915179769E-016 -1.7005356554585770E-016 -2.2025942838009351E-011 -3.4666795965534922E-003  1.9004043053108551E-014  2.3376768547976420E-014  6.9333591973417688E-003  1.6656706750572637E-014 -3.4666796007956292E-003  1.6521416470287334E-016  1.7757648889822853E-016  1.5945071509808854E-016  2.4901269143619087E-011 -9.7657752017738519E-003  2.4525021713060316E-014  3.3935575624632718E-014  1.9531550408470745E-002  2.4108739224583560E-014 -9.7657752067303403E-003 -2.2829977311496938E-011 -5.1500282290351343E-017 -8.4232965561890362E-017 -4.7494034841167876E-017 -1.5022566789673829E-002  5.0813612184369630E-014  6.7272353908060072E-014  3.0045133590892989E-002  4.7175329945762413E-014 -1.5022566801258472E-002 -1.5723295967336251E-016 -4.9662589525361799E-016 -7.8262901277282453E-016  3.8195842455973013E-017  8.5428980855807624E-017  9.0682781013447220E-017  1.7000956941198374E-017  1.0712429634838579E-017  1.6346896224355976E-017  1.8563959830142095E-016  8.8687941536025057E-017  7.8264981073937294E-017  1.7641514822911823E-016  1.4690422664537586E-011 -1.7864144393366650E-002  4.1829189125709988E-014  4.8930864982810741E-014  3.5728288795689060E-002  3.7834246241169351E-014 -1.7864144402561365E-002 -6.1753974619121085E-016 -1.0016485301851540E-015 -3.5641680460761420E-015 -1.4199731882857474E-011 -1.9112539017612923E-018 -8.2077521067904757E-018  4.1215192140037793E-017  1.4117046018596748E-018  7.2370053041937697E-019  1.2033320948407468E-018 -2.6198353974420429E-017  4.2375658836271354E-017 -7.9095089009070583E-018  1.0418566420483839E-016 -3.3394100614220976E-002  8.7966291943442246E-014  1.0131156159057433E-013  6.6788201248053639E-002  7.8094519964584240E-014 -3.3394100634209896E-002 -1.8506212730803680E-015  1.0813197928405217E-016  6.0990072622923763E-017 -1.9277730093813268E-016 -2.7191610405226523E-017 -1.8014255578110688E-016 -1.9788053272040816E-016 -2.8585230022720696E-016  4.9637470996250549E-017  1.2653390096493285E-016  4.9391553148417691E-015  8.4194707601408177E-017 -1.2776923662642481E-014 -6.8184605613082779E-017  5.3434554973854084E-015  2.0033150234825651E-011 -3.1954632937735121E-015 -1.0278936778457206E-014 -1.8540053446489652E-015 -1.6650836231423432E-017 -4.2530562094658247E-017  1.1099853414514715E-017 -8.9706967068637584E-018 -6.2679997997247889E-019 -6.2172202765953492E-018 -9.2859633962056188E-017  1.0745839510573651E-017 -4.4548533222269653E-017  2.4523979307068960E-017 -1.6892089803701504E-011  8.7032935061566142E-012 -3.0972868880598791E-012  6.3042671861587435E-013 -2.1606164335361370E-014
-4.3386476104358460E-017  2.3996154888855526E-017 -2.8806746529119009E-018 -3.6067267631089376E-013  2.3362747385441346E-014  1.2972587623303702E-014  5.5544190979933944E-015  1.6656706750572637E-014  6.9333591969121533E-003 -3.8682235936555591E-014  1.8939014396949619E-016  4.8633680628224775E-017  7.7582455563028872E-017  4.2655706291874193E-013  2.8483509454388364E-014  1.4466000513320302E-014  5.8671846626727222E-015  2.4016191701617760E-014  1.9531550407580704E-002 -4.8168959434579878E-014 -3.6225687734002406E-013 -1.5239513208927384E-016 -5.9825703127991361E-017 -8.2224419642792234E-017  6.4013370888042426E-014  3.2512425154303115E-014  1.3159259067654958E-014  4.6151862237009299E-014  3.0045133589465894E-002 -1.0636664986534916E-013  3.8266399612947657E-017 -9.2204200735382590E-017 -4.3302221796020827E-018  1.2461885783117268E-016  3.6649679613804488E-017 -4.1561200386424886E-017  6.2345713811686495E-017 -4.5794087945738563E-018  5.7374431724808895E-017  8.2956817470824918E-017 -4.9944619444020459E-017  2.1622375771709634E-017 -1.1845413083596944E-016  2.1447632005529336E-013  5.0562837117471008E-014  3.0054067620495529E-014  1.2230663987227683E-014  3.6076329479856617E-014  3.5728288794887521E-002 -8.3720061818656905E-014  1.8411214150532946E-015  3.0607031577603275E-016 -2.2426631374173205E-015 -2.0341986144369069E-013  6.7833679247614347E-017  3.7261195430460937E-018 -4.0979780157180380E-017  3.1703608301193051E-017  2.6880648431413096E-018  2.9404057314227501E-017 -1.6770747509265606E-017 -3.4498721622398808E-017 -5.5353772920300720E-018 -9.0181745321057932E-017  1.0010638622979274E-013  6.4594513431796390E-014  2.6084862726210607E-014  6.4689048796936135E-014  6.6788201246589657E-002 -1.8958174804767090E-013  3.5624336542845297E-016  1.1262085610040430E-016  1.7256963380930625E-017  1.7182955845733271E-016  4.6615219653005944E-015  1.6574810643986369E-016  8.6092751502988008E-017 -1.6132020296789528E-016 -3.5378596492904094E-016  1.6381485595810980E-018  2.3850506442842117E-016  1.1644543774396475E-014  2.8921368788492832E-016 -1.3187051017035974E-014  2.4135911508860792E-016  3.2104306889691278E-013 -5.0815493682316918E-015 -2.9610963800356871E-015 -5.1010664215562744E-016  3.7620171935034695E-017 -8.8327683371431055E-018 -2.1535270728213873E-017  1.7338603156894892E-017  6.0421241377490254E-022  1.7371859531411486E-017 -1.4879146639084907E-017 -1.9653329239079994E-017 -8.4455163476534986E-018 -4.7487971482189557E-017 -2.7642436187938012E-013  1.3872201605731008E-013 -5.1922932729927433E-014  1.1428739064018183E-014  5.6880085653608508E-016
 3.5816680288967289E-017  3.4807704423432589E-017 -2.6710475897782149E-018  4.9178894783847522E-011 -3.4666796011446877E-003  9.7709035672550169E-015  4.5840092305079781E-014 -3.4666796007956292E-003 -3.8682235936555591E-014  6.9333592019372803E-003 -1.8208790403252923E-016 -1.3091568996153140E-016 -1.0915675996103704E-016 -5.6121241049850487E-011 -9.7657752071820987E-003  1.4424717161430400E-014  5.8816965092522207E-014 -9.7657752067404398E-003 -4.8616183551198544E-014  1.9531550413908957E-002  4.9441475938362835E-011  1.4743057967472751E-016  5.9606098568632369E-017  1.7708752319670308E-016 -1.5022566802146737E-002  2.7788027088809421E-014  1.2334108103842794E-013 -1.5022566801273835E-002 -1.0581572092496826E-013  3.0045133603408311E-002 -5.0951930419180823E-016  6.5492934979331900E-017  2.4224348938205841E-016 -8.6419749939932701E-018 -1.4737806150611370E-016 -9.0041363535785209E-017  8.1348719812176559E-018  1.2547663124356023E-018 -1.1715516215249622E-017 -3.2321960926064586E-016 -1.0084929342869648E-016 -1.2942238487811037E-016 -1.9157479772333281E-016 -3.0756315166420717E-011 -1.7864144403203632E-002  2.0678008062285313E-014  1.0023140826306934E-013 -1.7864144402474195E-002 -8.2712737299277244E-014  3.5728288805785206E-002 -4.1020926317876770E-015 -4.7890323784413970E-015 -8.4373497197439462E-018  3.0080059934613825E-011 -9.4981817827395454E-019 -9.4282720874951444E-018 -2.9060428663304730E-017 -2.5842810477861336E-018 -3.9149189820380746E-019 -1.3521526931949684E-018 -3.0554628995895855E-017 -2.4229641873343581E-017 -1.7204034789851308E-017 -7.7639837893879589E-017 -3.3394100635534128E-002  4.2415942770138632E-014  2.1221432924400393E-013 -3.3394100633956939E-002 -1.7749272018152750E-013  6.6788201270058190E-002 -6.1902416659954477E-015  1.7477308859409631E-017  3.3110235427901374E-016 -3.8549587052670421E-015 -3.1317022621373051E-017  9.4715901130106882E-015  4.6363415865365361E-017  1.5371726510682262E-016 -1.1751479190662049E-016 -4.1909879024453511E-016 -7.9605440373836985E-015 -6.7530367425498884E-017  9.8722941883216797E-015  1.1382222633241601E-016 -1.7561074881257531E-014 -4.3476223000369904E-011  4.6403293232475561E-015  9.4865676923167222E-015 -4.4926174323996096E-015  8.3960740116067231E-018  1.8228020041002501E-017 -3.9480732961942414E-017  4.3530347166295061E-018  6.0923843454244695E-019  2.8967805272243765E-018  4.1967898286856746E-017 -3.8516079430786818E-017  1.9898401600481355E-017 -8.4225598957171384E-017  3.7283661798323176E-011 -1.9104983109959847E-011  6.9135055848795766E-012 -1.4863134220502591E-012 -3.8032603146744159E-014
-1.4121007438100728E-005 -1.8747416429506410E-015 -4.5941076199441317E-015  5.1898843772190665E-017 -2.3372152741077799E-017 -2.3834807090900572E-016  2.0684055088819449E-016  1.6521416470287334E-016  1.8939014396949619E-016 -1.8208790403252923E-016  4.8856175067103393E-005  5.4913790410847799E-015  1.3485282056017363E-014 -8.1893502694665106E-017 -6.5250772972016768E-017 -7.3291120793753627E-016  5.3134911009087984E-016  4.0883787610522336E-016  4.9508281783677965E-016 -4.9569029853427279E-016  5.3131332972316538E-016 -2.6651664349399914E-005 -4.8814778471135487E-015 -1.1969885005044990E-014 -5.9457634378615735E-017 -1.0657973888007785E-015  8.4863107615196239E-016  7.0159621148501980E-016  7.8514550302360314E-016 -7.4507615996970771E-016  1.1244395707814560E-003  6.5737932875689524E-014  1.6025586287848249E-013  2.9931454387142358E-015 -5.7376115975619822E-017 -1.1421128594746529E-016  3.1793590046687453E-015  2.7587888812695568E-017 -6.9538337821850821E-015  1.0437294896743046E-017  3.8175651139935457E-017  2.2697755340508687E-018  6.9680793660325396E-017  6.2057223232963986E-015 -2.4573571162619931E-018 -1.3029310301554711E-015  9.9338267284876871E-016  9.0208719456225472E-016  9.2476214771456886E-016 -7.9019724177366964E-016  9.8452181047394786E-003  5.5346776391919433E-013  1.3500255839530014E-012  1.1132908793719518E-014 -3.5585780360231209E-015  7.2993530231772656E-017  1.5531315013273810E-016 -4.2236289162459425E-015 -4.5196431686128859E-017  9.0115387135840695E-015 -4.8060537174598809E-017 -4.5244533370401014E-017 -1.9574728503955284E-017 -9.0419643598062370E-017 -1.4593436482871568E-017 -2.4164345952361732E-015  1.8673545451083897E-015  1.6694265081537918E-015  1.7304286338683939E-015 -1.5018298770240067E-015 -4.0588101401738553E-018 -6.2077070574057510E-019 -5.5892866783138134E-019 -2.2417920150921255E-018 -1.4476319360547184E-018 -3.5320711418569710E-018 -5.9706948277423312E-019 -4.7749081896727410E-020  2.4672455356093623E-020 -9.2998491235028826E-020 -4.4489187148608496E-018 -6.4137145741625877E-020  1.2171837741278610E-018  2.1463995206621404E-019 -3.4457394029855293E-018  2.7733358827609518E-015 -3.7788570026755773E-003 -2.2484407718813537E-013 -6.0258657365543771E-013  1.8840319586316715E-015 -3.1274073648080546E-017 -7.1687224980162817E-017  1.6426071321645844E-015  2.4437804895356446E-017 -4.3000516648643410E-015  1.6574528132073585E-017  1.7055738627737465E-017  7.3790943620758781E-018  4.0077457305888083E-017 -7.3684298813159349E-015 -5.2732539968778253E-015 -9.9596459914660105E-017  1.2961474010346972E-015  4.8098407331245092E-015
-1.8712418554615247E-015 -1.4121007466048973E-005  2.2480972997490035E-015 -1.4511577558634347E-016 -8.9654082393278895E-017  1.4952700200340674E-016 -1.7734557629395818E-016  1.7757648889822853E-016  4.8633680628224775E-017 -1.3091568996153140E-016  5.4913790410847799E-015  4.8856175133376525E-005 -6.5901060810591831E-015  4.4627346696544312E-016 -2.4455416982455875E-016  3.6608975113776096E-016 -5.3189762403240329E-016  4.6490698598008123E-016  1.3015261930241748E-016 -3.2160275161875016E-016 -2.7532649354316286E-016 -4.8952937861331419E-015 -2.6651664386370087E-005  5.8188287036667590E-015 -3.5439872205057459E-016  6.0103350621504901E-016 -7.9910538974523601E-016  7.9295733336719633E-016  2.0180724792349260E-016 -5.0168239691789802E-016  6.5354737286220376E-014  1.1244395715439034E-003 -7.7686711523743537E-014  4.0045124443286149E-017  4.6030964642312681E-016 -8.1699986411064610E-018 -2.5601591222924189E-017 -5.9233176153013950E-017  2.1175241601455902E-017  5.0213162040777356E-015  4.0683731972098925E-017 -7.9374181258390647E-015 -2.9393549274624547E-017 -6.7020006155280171E-016 -4.4827867090553984E-016  6.9676336920750046E-016 -9.5050640661658208E-016  8.7472215217754635E-016  2.5180938473266653E-016 -6.0291839534190359E-016  5.5071894532825202E-013  9.8452181114410814E-003 -6.5455687736549442E-013 -1.8556563268529042E-015 -9.8938214263671777E-018 -1.2757879552840365E-016  1.1315072021611079E-017  4.7773271721795891E-017  7.6479919338543461E-017 -1.3325378608540853E-017 -7.5394629981162119E-015 -6.5111970967102217E-017  9.9012200401377339E-015  3.8893261252714945E-017 -7.6356654590113014E-016  1.3089923613924053E-015 -1.7772916795173917E-015  1.7412009434416702E-015  4.5030769406891855E-016 -1.0722833714460638E-015 -5.5329114650117106E-018  1.6419958770816767E-018 -1.5252426778960336E-018 -3.4334444545199163E-018 -3.0361867484226305E-019 -2.9178482644665522E-018  1.6524882113193224E-018 -9.9461097809882552E-019  1.9803392048012781E-019 -1.1912584726950523E-018 -8.6138747902240157E-018  2.7094374754469780E-020 -4.9965420798660721E-018  2.4774984927853014E-020 -8.1300494383398587E-018 -3.5262594398020072E-016 -2.4758088052838816E-013 -3.7788570040940129E-003  2.8807610557042503E-013  3.4449837206017557E-017  6.7360115197870447E-016 -1.1492572047947027E-017 -4.9078608788815986E-017 -7.7293055786112871E-017  9.0445741924911566E-018  2.7610351343643387E-015  2.9867650359687025E-017 -4.6848764275110945E-015 -1.1654938296308236E-017  1.7700895328731827E-015  1.4481160899617372E-015 -6.5980231204004170E-016 -4.1825871074484518E-016 -1.1487415682746722E-014
-4.5953959787937990E-015  2.2379193932404233E-015 -1.4121007991501537E-005  1.9315217921918394E-016 -6.3023502479275339E-017  2.4504123342717905E-016 -3.2022691629650250E-016  1.5945071509808854E-016  7.7582455563028872E-017 -1.0915675996103704E-016  1.3485282056017363E-014 -6.5901060810591831E-015  4.8856176691026449E-005 -4.0821863225697572E-016 -1.8613178315923405E-016  7.7417808024416886E-016 -9.9553507917236905E-016  5.4100027209323617E-016  2.5625021029163885E-016 -2.8397470928489054E-016  1.2253840855574316E-016 -1.1928135668090866E-014  5.7889617035724937E-015 -2.6651665781462286E-005 -2.7100902363965046E-016  1.1112820859623007E-015 -1.4562837193514796E-015  7.6886170295871327E-016  3.7490195964757637E-016 -4.5732288195109932E-016  1.6156504218507486E-013 -7.9405669659180594E-014  1.1244395901474113E-003 -1.4590547732086866E-017 -1.7107658227229266E-017  3.5035796816756077E-015  6.5250788923097185E-018 -2.6182470370443679E-017 -1.0150886206258082E-016 -3.9584798463522136E-017  5.2444140669048873E-015  1.5481603582965494E-017 -7.4012414474644505E-015 -3.1690994757227534E-015 -3.6992495974200565E-016  1.3854877692905184E-015 -1.7827026717269639E-015  9.0288106608156419E-016  4.6644628294445656E-016 -5.7436390832664410E-016  1.3606000020732433E-012 -6.7042198258797869E-013  9.8452182679563353E-003 -5.2056245785142195E-015 -5.0553601002596002E-017  8.8546064467189614E-018 -4.1886545998853926E-015 -4.3999981942866502E-017  3.3634204729404247E-017  8.6785920961649617E-017  1.7654142010300163E-017 -7.4198756338729712E-015 -4.0722487914775959E-017  8.4787223583579500E-015 -6.2683002389532836E-016  2.5433004618082941E-015 -3.3031591093788797E-015  1.7301663010030104E-015  8.5294820402744170E-016 -1.0174925268966536E-015  9.8846793832168446E-018  1.4120659409790081E-018  2.8436937668727056E-018  6.9336197884243160E-018 -2.4706549657751335E-018  6.8664859609864004E-018  4.8310286642583461E-019  1.6668386834243963E-018  7.1564968084183521E-019  1.4314395780119937E-018  7.2629309249258182E-018  1.3117851532122771E-019  3.5326694013731722E-018 -9.8572212453330679E-019  7.1815182531674944E-018 -1.2350622153287724E-015 -6.1561108976056300E-013  2.9188701902553513E-013 -3.7788570757910948E-003  8.1627892049704136E-017 -1.1819989970865987E-017  4.0571141852424156E-015  2.2695921599762787E-017 -3.2250721441773867E-017 -1.1192383144735730E-016 -2.6806906796000200E-017  4.6394699175115245E-015  5.0051175127534032E-017 -6.4637815332920964E-015  4.1490194564598666E-015  3.2495752415826091E-015 -4.3744052207399842E-016 -8.5534963675450677E-016 -1.0412762579962645E-014
 8.6183377325586143E-017 -1.2784844948403291E-016  1.1431100587954948E-016 -1.0110877945165827E-004  3.1221803879138118E-011 -3.3253463964923960E-013 -8.3804267115794433E-013  2.4901269143619087E-011  4.2655706291874193E-013 -5.6121241049850487E-011 -8.1893502694665106E-017  4.4627346696544312E-016 -4.0821863225697572E-016  3.6027883911212533E-004  8.8138914989145070E-011 -9.3876599859402354E-013 -2.3655772285759031E-012  7.0266942804185792E-011  1.2040795350075770E-012 -1.5840205952818873E-010 -7.2730224302407546E-004  7.1869075109283099E-017 -2.0789701946274399E-016  1.4963148505282618E-016  1.3527632387666713E-010 -1.4411383911813178E-012 -3.6314401348126932E-012  1.0791584844946657E-010  1.8483179910743545E-012 -2.4318768168811394E-010  3.0942223289695410E-015  9.5772170924794399E-015 -1.1583380353090509E-014 -2.6703085218558638E-017 -8.0144921010293091E-018 -1.8197884467444629E-017  3.8991181806587507E-018  5.5665114441455650E-018 -7.3531506042496070E-018 -4.1890904725591713E-017 -1.1641505747421721E-017 -5.4901394295352544E-018 -4.4465168847988147E-017 -1.0596754152076610E-002  1.6093879788825669E-010 -1.7139732358891828E-012 -4.3192792516388945E-012  1.2830223610712887E-010  2.1986400646501829E-012 -2.8922608429746416E-010  2.7504228597156527E-014  8.4199894796107032E-014 -1.0217058620257046E-013 -1.8619742218582425E-002 -6.3097067701961902E-018 -7.3054598800964577E-018 -5.9433531418578145E-018 -8.2979058329121449E-018 -1.7111693850082179E-018 -2.9370321555539493E-018 -3.6993878787987266E-018 -1.4677038589171629E-017 -1.3692091759769283E-018 -1.0513151879053318E-017  3.0104036792294097E-010 -3.2070897815306197E-012 -8.0816055476139044E-012  2.4008931956884515E-010  4.1135234735738914E-012 -5.4123348647254229E-010  1.6337027047536429E-015 -9.7536116579776593E-018 -2.7433851984971832E-017  8.0197201530974971E-016  1.7975847242594468E-018  3.8659463293090254E-016  3.7149870973778669E-018  5.7135592614518040E-018  1.4696091553708304E-018  1.2977789870028680E-017  1.2879014315190584E-015  6.7115038902230105E-018  4.1789303173944941E-016 -9.8754915003519012E-018  1.8873987506643219E-015 -4.5415937392226085E-003  9.7718532141863490E-015  4.4229650076104862E-014  8.8880373159104799E-014  7.5369194416433340E-021 -7.1324231048171116E-019 -1.2221872089577854E-018 -6.2651409863218952E-018 -8.8837627570619034E-019 -1.4111234219308615E-018 -1.3044753583858457E-018  5.4235457800669865E-019 -1.6194392240440048E-018 -6.0058200899944911E-018  1.2477342394593176E-002  9.0605602081018869E-003  5.4401562018164434E-004 -2.2441801201961284E-003 -3.2320928165344692E-003
 4.1241157151285382E-016  3.1673071213023687E-016  4.9939872002011696E-016 -7.6544501940659371E-011  1.9531550408985209E-002 -4.0158111873775403E-014 -9.5504441164781178E-014 -9.7657752017738519E-003  2.8483509454388364E-014 -9.7657752071820987E-003 -6.5250772972016768E-017 -2.4455416982455875E-016 -1.8613178315923405E-016  8.8138914989145070E-011  5.5021159368868075E-002  5.4997752804170168E-015  1.8957799009399868E-014 -2.7510579687310466E-002 -2.5510684014430516E-014 -2.7510579681425156E-002 -7.5352505375575368E-011 -2.0903417245092216E-016  1.3006670194295151E-016 -3.4757246857933768E-016  8.4638344063893381E-002 -4.4178278780989293E-014 -1.0586774553006105E-013 -4.2319172030555866E-002  1.9748620595164109E-014 -4.2319172033192229E-002 -7.1924272290227245E-016 -1.3941902691511770E-015  4.6263575456726900E-016 -8.3254427742476923E-017  1.7451303998437123E-016 -1.8068987871450644E-018 -7.0808636291710549E-017 -3.3712070044046018E-017 -1.3046782877356704E-017  3.8756839812163970E-016  3.4259015037267829E-017  1.4411245434066504E-016  4.2705339325718555E-017  3.9580527376956656E-011  1.0064801977786869E-001  3.4687130401409878E-014  9.2445703824105441E-014 -5.0324009894071882E-002 -4.6530450943992522E-014 -5.0324009883426148E-002 -9.4620552472285177E-015 -6.5742021653079127E-015  4.8023884632826417E-016 -5.4676906909150964E-011  8.0597545895562855E-018  4.9681386139781042E-017 -3.4240455310631602E-017  3.3031947927426684E-018 -9.3584501611734065E-019  4.1923356067871208E-019  1.5987542492214091E-016 -5.1118056218401546E-017  7.0745857869888901E-017 -7.4780655444410581E-017  1.8814503651680375E-001  2.6712615314289688E-014  7.5085148201614509E-014 -9.4072518264335617E-002 -4.3302337521078333E-014 -9.4072518253003015E-002  2.2651432782220266E-014 -3.5384639298710142E-016 -1.1045400621962986E-015  1.1402634363366883E-014  1.6482116136687492E-016 -2.6174379710662756E-014  4.2682978367567048E-016  3.7222968367272505E-016  1.9121313009583749E-016  8.2416700438559054E-016  8.5113729765437025E-015 -4.6944113472446930E-017  8.1824575127046369E-015 -1.2856300435973491E-016  3.4417522880231153E-014  6.3250888184075769E-011  2.9141833403483891E-015  5.4927745279340446E-015 -1.5350330755353953E-014  2.3253995625552850E-017  6.8461233839197557E-017  7.9950073778118487E-017  1.3008138674974472E-017  4.9471576689756100E-020  9.3538117062870189E-018  1.4336405668568237E-016  7.8229877504143320E-017  6.9440407581815785E-017  1.6818185243236209E-016 -5.2885037284765077E-011  3.1913126995417101E-011 -1.0660878770759447E-011  1.9675609093564256E-012 -2.7403327544888807E-013
