   2.8766015887829292E-004  -3.9048360734165586E-017  -3.8717218686133906E-017  -4.0191203772578104E-019   5.9066213131712046E-018  -2.1372416355155524E-018  -3.5822861432531863E-019   7.1095153831112980E-018  -6.6003786850380016E-018   5.2715063091601533E-018   3.3929449877075062E-003  -1.2072036294354476E-016  -2.7602425000156857E-016   6.3474911311697805E-016   6.7140903114417203E-003  -3.4523562116766231E-016  -6.0944034672163601E-016   1.9753969398433820E-018  -2.2556152917152165E-019  -1.8327935615128597E-019   1.3802838091500114E-017   2.7130078536322436E-018   1.1850162616544810E-017   1.6674298064348086E-015   4.6427822366007158E-016  -1.4446566509979044E-018  -3.3103956884428261E-018   2.1558982931658330E-016  -3.4853172750401892E-019   2.0888866647509337E-016   2.2094010748944719E-018  -3.1109965651321373E-018  -2.1389231374264837E-019  -1.0426766984947463E-017   6.9295452371193490E-003  -2.9742785734268420E-016  -6.1375852068672758E-016  -2.0907149950017607E-018   5.7778824888884452E-019  -5.8724893735465463E-019  -8.2418122334372560E-018  -1.8698094637559963E-018  -6.5967617739453497E-018   1.0138531829155801E-015   4.0087609535218997E-018   1.7868617849515576E-019   1.2440025987586425E-019   2.6656404469347727E-018   9.0742455503584092E-020   2.3895259073457436E-018  -2.6853582680506075E-019  -3.4785946661236220E-019   2.3828896355654940E-019   3.4628014522838865E-020   3.8149574948658645E-018  -1.4461162885247168E-019   1.4875880338914784E-018  -8.7661972462552866E-020   3.8373569525164687E-018   7.0226611184196729E-003  -3.1781288344790434E-016  -6.4536809621236642E-016   8.5374818770415131E-017  -5.5584024023562785E-020  -9.7256820131818735E-019   3.6116385218167791E-017   1.6281224435290444E-020   3.4876410786113172E-017  -3.6293966796009127E-020  -1.9117890714548487E-018   4.8254647142423965E-019  -3.5237147275000023E-018  -1.7741560535500427E-018   4.9933382181995515E-019   1.5926751939452295E-019  -1.1904566006795956E-018   5.5482753054024678E-019  -1.0134476802371110E-018  -1.3408231267812571E-016  -2.6722671914493513E-016  -5.8848971973692771E-017  -5.7443302382343454E-017
  -3.9048360734165586E-017   2.8766015887856375E-004   8.2000223563503395E-017  -2.0057037940537955E-017   9.0751094861344041E-018  -3.9966319099581109E-019   9.1011529715686167E-019   2.3797811246552728E-018  -1.5627232757423132E-018  -1.2302431126558309E-018  -3.2019228561601592E-016   3.3929449877089326E-003   9.8431511298229208E-016   2.1247572966050055E-016  -5.7969628512740519E-016   6.7140903114450397E-003   1.9605171795060089E-015  -1.1890913278757486E-017  -1.5538663505401352E-018   5.1604874768305897E-019  -3.0825122095781842E-018   6.8734285046573382E-019  -6.4184195144920206E-018   5.1407380022187708E-016  -3.3123639880046606E-017   2.1995584051288824E-016  -7.2992157481179967E-018  -1.6194460708677680E-017   8.0089829847493101E-019  -1.5411303278077328E-017   4.8494134808030935E-016  -7.7481830707058948E-018   2.1630345138180256E-016  -1.3665461378612290E-017  -5.6174270065616922E-016   6.9295452371224021E-003   2.0141351477883907E-015  -1.1508042440136596E-017   1.7632967151020207E-017  -3.9651787777238022E-017  -3.5556067442140773E-017  -2.8157155661014683E-019  -2.9097381904534426E-017   2.3614277985914496E-016   8.3370177288124533E-019  -7.3516381650663512E-018   1.6742881766500321E-017   4.5654164993528722E-018  -1.8228429298106964E-020   2.4086503175173624E-018  -7.2283785328723498E-018   7.3063581289966017E-018  -3.3899241515009000E-018   1.6718887350880859E-017   1.2446140903815055E-017  -1.4036836498953287E-019   6.7865181149161774E-018  -3.1016575531402850E-020   1.0506512342534940E-017  -6.3664286008771118E-016   7.0226611184229359E-003   2.0311577788895596E-015  -1.8451376579106627E-017   6.3491907518387102E-017   5.3121166134620838E-019  -8.8507709623767300E-018   2.8227533442306981E-019  -8.1895440748887239E-018   1.4803341139659024E-016   1.3848774382273422E-019   6.2310998819965739E-017  -1.4687456787374966E-018  -1.7397224778570821E-019  -3.8595376655801471E-018   8.4360867635764526E-018   4.7706430174645990E-018   1.0054767892044919E-019   2.9486956950452647E-018  -7.6742520117175546E-016  -1.6822420732951147E-015  -2.4810511172993124E-015  -1.7607492100426658E-017
  -3.8717218686133906E-017   8.2000223563503395E-017   2.8766015887876552E-004  -1.7211306712394193E-018   2.9875219808556175E-018  -7.5882712211436920E-018   3.0280062290776439E-018   1.3050714905607072E-017  -2.1261840904272997E-018   7.1082188454104983E-019  -9.5479883155109856E-017  -1.2396911269502691E-016   3.3929449877099869E-003  -1.2389987398521400E-017  -3.5308744871492808E-016   6.9239930890469313E-017   6.7140903114475377E-003   1.3811977056117374E-017  -1.1427415993645181E-018  -1.2841006681282789E-018   3.4841375086043332E-018  -7.7552762676948717E-019   5.8145639576744582E-018   2.6674032853022921E-017   4.8691018790770911E-017   6.4399390663266633E-019   1.7503892222796149E-016   2.5182654352972248E-017  -4.3107232991450669E-020   2.4911506412034915E-017  -6.1845475609026500E-018   1.7581137604624755E-016  -1.3580971328790362E-018   3.8515895572051022E-016  -3.9908747873970512E-016  -6.2904881058112302E-017   6.9295452371249087E-003   4.7449591877569541E-017   9.3488165893047894E-019  -3.3552109396615948E-017   5.3915298286356622E-017  -6.5502049950206987E-019   4.4583473420355611E-017  -9.0659110582379518E-018  -1.9989312856888910E-017   2.2384031396700484E-019   1.4601609568919167E-017  -1.2891723844358387E-017   2.0416547630375185E-019  -9.6771207410886276E-018   8.2674161600086295E-020   6.6552289491496728E-018   5.1006456839804665E-020   1.4801879113385237E-017  -2.0130312065795195E-017   2.1022969104135173E-019  -1.0579457674136929E-017   2.7600601193501028E-019  -1.5493809488105269E-017  -3.0356418514604796E-016  -1.5840628825656167E-017   7.0226611184253801E-003   2.7037696543187286E-017  -6.8783150877594299E-019   5.4732330507374045E-017   1.0912344054684747E-017  -4.5768123394308264E-019   1.2069652715542013E-017   2.5932982005711239E-018   5.3736612136854426E-017  -5.1399508791297295E-019   1.2560299145309467E-016   1.7115894408636022E-018   1.0377486014054199E-019   6.9576498557686743E-018  -4.3486734967184583E-019   3.6645020627476988E-019   2.4531634728400058E-018  -2.2197380709286422E-017  -1.0473333199777647E-016  -1.4932337371914638E-016  -1.6237101429109009E-018
  -4.0191203772578104E-019  -2.0057037940537955E-017  -1.7211306712394193E-018   1.4074455332454234E-005  -1.7296603177054818E-017  -2.6963427561645892E-019   1.0668207677833144E-018  -1.2912730637143056E-017   5.4338677193478924E-019  -1.5591121812891486E-017  -1.1161481018965478E-016  -2.8067013469613444E-016  -1.2467929768442537E-017   1.2130397831415754E-003  -1.6529568310312127E-016  -5.2026680687086721E-016  -6.2603697051978611E-017  -5.3313837330796100E-017  -1.7731195142830184E-020  -1.2147405266303099E-018  -6.0222286882725687E-017  -9.1166919186003158E-019  -5.3238477104350862E-017   3.0586598777522346E-003  -6.6160267744480957E-018  -7.2149431473662622E-020   1.0030505159196082E-018   5.1979515478199248E-020  -3.2135753465616024E-020  -3.0673092423570047E-019  -1.2453712769867474E-018   3.1444905202751284E-019  -8.7647518646759846E-020   1.7555064923635856E-018  -1.9758872100769837E-016  -5.5532928861187383E-016  -4.4249219831929668E-017  -1.0162484053694072E-015   3.4339861824203652E-019   1.0039796652583605E-018  -1.0198708082069872E-015   1.2272053462553001E-019  -9.9911606573267929E-016   1.8067164970766503E-003   4.6607056362575490E-016  -3.7942590852249275E-019  -3.4743121227084210E-020   2.6325536463112372E-016  -9.2113556162939358E-020   2.6649992660282593E-016  -2.7015522073682108E-019  -2.7742985164901782E-019  -1.2799970255844761E-019   1.5135243318062763E-019   3.9236800436587369E-016   4.0004972962867564E-020   2.5013382750598946E-016   3.1950968818883759E-019   3.9435709226141557E-016  -1.9690754311353697E-016  -5.5771027269636365E-016  -5.0511272606073090E-017   6.6929662868685862E-019  -4.2937970105362428E-019   2.2980476908109740E-019  -3.7557190921616481E-019  -2.7907140801224863E-020   9.5373968556491525E-020  -6.0258877603946010E-019   4.8421779689410257E-019  -4.7499997787665550E-019   5.3305374286955304E-019   3.7265042333838029E-017  -1.2479308900205412E-019  -2.7326656676676738E-019   2.2896018284776490E-017  -6.9739891176193114E-020   1.8828591325759576E-017  -4.6103816511840071E-004  -9.7492132585558211E-004  -8.5787178877340874E-004  -1.0686457009033645E-004
   5.9066213131712046E-018   9.0751094861344041E-018   2.9875219808556175E-018  -1.7296603177054818E-017   4.5846705453095603E-029   2.1799225126995985E-030  -5.4815315135666672E-031   3.6481339188826427E-029  -2.1635505111105197E-030   4.1008397466946011E-029   6.9668463151129895E-017   1.0704070860520544E-016   3.5237753361893646E-017  -1.5854689272802810E-015   1.3786264002229893E-016   2.1181627971569989E-016   6.9729824474434249E-017   9.6290117863907972E-029  -1.4364470768192600E-030  -8.2001888067860881E-031   1.1302643300590275E-028   2.1349336336565913E-030   1.0089779807577452E-028  -3.9766669670318317E-015   2.0984261583899455E-029   6.5665681678670981E-030   2.1393155616911627E-030   3.7501452539762124E-030  -1.0946657342486425E-030   3.5684595729504068E-030   1.8332320493232731E-029   1.7152351110030965E-030   6.2600667394663932E-030  -6.3920964220605910E-034   1.4228664736834900E-016   2.1861345679946219E-016   7.1967452128003733E-017   1.3137253275295526E-027   6.9434159485024075E-032   2.1696140015511089E-031   1.3325127309164336E-027  -1.3763723017241645E-030   1.3007856100708898E-027  -2.4273187835328907E-015  -5.5487161858437069E-028  -2.5727456943243631E-031   5.6080629376756106E-031  -3.0671606920998561E-028  -3.1220529488672651E-032  -3.1237627956058708E-028  -4.5785931613226367E-031   3.3021165741058403E-031   1.1229355125984352E-031   3.5279276700939865E-031  -4.5701494763721058E-028  -4.8717124713467457E-031  -2.9245136200570075E-028   3.5027315931969480E-032  -4.5793889632419677E-028   1.4419862659839882E-016   2.2155107882190940E-016   7.2934515982927255E-017   1.9210748087391037E-030   3.0074132139648784E-030  -1.2290008977188468E-030   3.0164307992416824E-031   4.4577892202423629E-031   5.3922625150761762E-031   3.0559902555170277E-030  -2.5813889438504487E-031   3.2029646024818504E-030   1.8234653606244767E-030   1.0694602702209431E-028  -1.1351296266910091E-031  -5.7817405612297896E-031   1.2199051590362398E-028   4.3173359061917984E-031   1.3338583473022509E-028  -5.2979656728353724E-016  -1.2818716127962833E-015  -2.7856559309834401E-015   1.3852115570593683E-016
  -2.1372416355155524E-018  -3.9966319099581109E-019  -7.5882712211436920E-018  -2.6963427561645892E-019   2.1799225126995985E-030   3.8473108214038478E-031  -4.0588826759872444E-032   1.5108302848695098E-030  -8.9811290253858636E-033   2.0307985780464805E-030  -2.5208716156663766E-017  -4.7140181871007200E-018  -8.9503485312385591E-017  -3.1019593388838704E-017  -4.9883979116823262E-017  -9.3282808747709397E-018  -1.7711294634996768E-016   3.2021343561670364E-030  -8.0081043567366036E-032  -1.3212481143793662E-031   4.1502117287601647E-030   9.4452941796204648E-032   3.6927626424942642E-030  -7.6484924621350686E-017  -4.2440914831138803E-030  -3.4647241875168171E-031  -4.4497256788124434E-030  -2.2744231220071183E-030  -9.1383054949454473E-032  -2.2533289179303989E-030  -3.7817021701104903E-031  -4.5619469115748926E-030  -3.1507566155749845E-031  -1.0195813517543243E-029  -5.1484754279886271E-017  -9.6276250851319056E-018  -1.8279649466734344E-016   2.3566220344785722E-029  -6.7129407598558344E-032   1.1768384130370181E-030   2.4788905923840863E-029  -6.7015870094764631E-032   2.4093719588421341E-029  -5.1614248637402100E-017  -6.9540769053304062E-030  -3.0625449890463140E-032  -4.2219624406513527E-031  -3.3541413641658604E-030  -1.6413000440959800E-032  -3.6301492563849949E-030  -3.0733993945341947E-032  -2.0271805616191583E-031   8.6881330136012372E-033  -4.2860212733785776E-031  -4.9846547179001973E-030  -4.0593071676928429E-032  -3.3166845165285016E-030   2.2415991666858874E-032  -5.0166094852668859E-030  -5.2176581536115133E-017  -9.7569964600136876E-018  -1.8525282565547151E-016  -1.2286185556727995E-030  -2.1593033947874034E-032  -1.5658968258657378E-030  -5.9712752122611458E-031   4.5526212040616827E-032  -5.6193808703319102E-031  -4.5783850320981593E-031  -1.4280988338531843E-030  -1.4200209317774106E-032  -3.1891177223861483E-030   1.1802870286294714E-029  -1.1545117465947864E-032  -2.9434994138973251E-031   1.1896867910209091E-029   1.4321790070666556E-032   1.2427218750239494E-029  -8.1226386554894642E-017  -1.8503327061516266E-016  -2.9898336497647934E-016   2.6379984332285871E-018
  -3.5822861432531863E-019   9.1011529715686167E-019   3.0280062290776439E-018   1.0668207677833144E-018  -5.4815315135666672E-031  -4.0588826759872444E-032   1.3694060362525699E-031  -2.4715948793865150E-031  -1.5812013686925135E-032  -5.4465226100422079E-031  -4.2252983039739054E-018   1.0734789091954675E-017   3.5715264142760792E-017   8.9161498983225474E-017  -8.3611831339540487E-018   2.1242414391868728E-017   7.0674741211627113E-017  -3.0254640110315111E-030  -5.8956215390248461E-032  -1.7170877989707383E-031  -3.4143917284214753E-030  -5.0679659260967367E-032  -2.9693179406725901E-030   2.2543865326726472E-016  -5.5843759298714176E-031   6.8613116118879292E-031   1.9540386104341422E-030  -6.1378201978822557E-032  -3.3786965910310316E-032  -9.5500229303070083E-032   1.4167775947598075E-030   1.8710166576132314E-030   6.4447795592898911E-031   4.1218977990261473E-030  -8.6294932112926454E-018   2.1924082734366047E-017   7.2942691210611476E-017  -7.4661016761620018E-029   8.8397995038233951E-032  -3.1176721958679977E-031  -7.4490416145849713E-029  -3.0598543783089281E-032  -7.3184122437576842E-029   1.3086063007783970E-016   3.5643795463514344E-029  -6.4516751251949583E-032   1.9905449225604582E-031   2.0322020355172877E-029  -9.3500724423428913E-033   2.0547312195057693E-029  -5.8523761841510945E-032   6.3661067514577734E-032  -1.8525667288469733E-032   2.1592771557620441E-031   3.0296218941490201E-029  -7.7435550442758930E-033   1.9303497137536445E-029   3.9706672979808431E-032   3.0534704594040034E-029  -8.7454521722398952E-018   2.2218687966840706E-017   7.3922859857193389E-017   2.0862596730051198E-031   1.7542082487958146E-031   5.5199199734091516E-031  -8.2077605929422877E-033   5.9061144715825238E-033   6.7091269470123405E-032   3.8002203893938470E-031   5.9969473492562351E-031   1.7420491474165757E-031   1.4002943932447971E-030   7.3358778972877642E-030  -2.5799339447537872E-032   4.2098869074766406E-032   6.1579095553890417E-030   7.8320235404665076E-033   6.0627952777342826E-030  -6.7181300699321139E-017  -1.4681292647864818E-016  -1.7792504884600365E-016  -7.8887203626225283E-018
   7.1095153831112980E-018   2.3797811246552728E-018   1.3050714905607072E-017  -1.2912730637143056E-017   3.6481339188826427E-029   1.5108302848695098E-030  -2.4715948793865150E-031   2.9622786145381412E-029  -1.8520038428719663E-030   3.2715813298908386E-029   8.3856571164602328E-017   2.8069463877702255E-017   1.5393288350254426E-016  -1.1923554294340078E-015   1.6593861499274671E-016   5.5544936965259046E-017   3.0460832270531154E-016   7.5457870138873175E-029  -1.2220670307811331E-030  -8.8313213913612140E-031   8.8262013431067504E-029   1.6667156850252024E-030   7.9012134466748889E-029  -2.9888359954868670E-015   2.2716678394528627E-029   1.5117821485493138E-030   8.4323620284627755E-030   5.9843649874059508E-030  -9.4048397490981442E-031   5.7169663105985686E-030   6.2047547362606203E-030   8.0366877312099846E-030   1.2552199325888600E-030   1.4487878121171629E-029   1.7126357940370563E-016   5.7327372069690801E-017   3.1438319323649159E-016   9.8866394465035563E-028  -1.8495511363939080E-031  -2.1759108388105764E-031   1.0046388583255902E-027  -1.1733589444811405E-030   9.7993262409418347E-028  -1.8311802025885128E-015  -4.1330642245989282E-028  -1.1549753183848411E-031   6.9812126971736540E-031  -2.2796489854093178E-028  -2.8119519616573414E-032  -2.3218966178953469E-028  -2.8212047436923733E-031   3.5401680783118098E-031   1.4499030724342667E-031   5.5184061188314207E-031  -3.3979870319964408E-028  -3.9488081451020494E-031  -2.1745154455354453E-028   7.5583518489844758E-032  -3.4014295878220362E-028   1.7356493664797498E-016   5.8097709601278825E-017   3.1860772271173907E-016   3.6534801837324502E-030   1.2933637721807303E-030   9.8470948953385808E-031   1.0420948361080274E-030   3.4892179556915227E-031   1.3157914855035733E-030  -1.0257215437352424E-031   1.7913761560489080E-030   1.4840865562331110E-030   6.1943735488693050E-030   9.3967307376394069E-029  -3.1597622363091442E-032  -4.1302662875507528E-031   1.0479361561279070E-028   3.6995682328295115E-031   1.1403051440139401E-028  -4.9654428880123207E-016  -1.1854959710369549E-015  -2.4334533506960375E-015   1.0407523653620200E-016
  -6.6003786850380016E-018  -1.5627232757423132E-018  -2.1261840904272997E-018   5.4338677193478924E-019  -2.1635505111105197E-030  -8.9811290253858636E-033  -1.5812013686925135E-032  -1.8520038428719663E-030   2.6540951309347618E-031  -1.8832809898089961E-030  -7.7851315467877860E-017  -1.8432285257277206E-017  -2.5078292665496847E-017   5.1887827270874734E-017  -1.5405518356754460E-016  -3.6474516478161498E-017  -4.9625892085772589E-017  -3.7934406509544603E-030   9.5700969544584729E-032   8.7376120490357698E-032  -4.7210555252669067E-030  -1.4589096922768046E-031  -4.2229559665522672E-030   1.2971007117804963E-016  -1.1294240001767401E-029  -1.1459254978290913E-030  -1.2382813030611041E-030  -5.0234777187826822E-030   6.4190952272463445E-032  -4.8587726743965016E-030  -2.7687328112890311E-030  -1.2050307837041315E-030  -1.1286611892477606E-030  -2.4016321759052994E-030  -1.5899880907541672E-016  -3.7644982449331984E-017  -5.1218385244939584E-017  -4.2930104535105435E-029  -9.8089881120897451E-032   3.5222338900340803E-031  -4.3654636123878878E-029   1.1652780095921401E-031  -4.2517714458308760E-029   8.0799213468540760E-017   1.7084822569693819E-029   4.6090625892136044E-032  -1.9430928091740135E-031   9.2795983840547950E-030   8.4054273212735509E-034   9.4862761795470828E-030   6.4121896077184667E-032  -7.5431502820588285E-032   4.6136929958676273E-033  -1.8754625072679650E-031   1.3812429365159246E-029   2.7167308360717892E-032   8.8739080811547691E-030  -1.0343149346438895E-032   1.3783164103116111E-029  -1.6113535826099105E-016  -3.8150837537561875E-017  -5.1906633162756076E-017  -2.1016365702807638E-030  -3.8102061607006958E-031  -2.9556403948973238E-031  -8.3651132424107999E-031  -2.1320968183223864E-032  -8.4519222609479350E-031  -7.1873954305254840E-031  -3.2543515050796118E-031  -3.9874474835854934E-031  -8.8794831081511717E-031  -6.6846437578439284E-030   1.2273488551383579E-032  -4.4451225728379464E-032  -7.1165160428476497E-030  -3.6163257769841740E-032  -7.6316942219000793E-030   4.0708635859665565E-017   9.4704593121203905E-017   1.7179664457176517E-016  -4.5096001671587964E-018
   5.2715063091601533E-018  -1.2302431126558309E-018   7.1082188454104983E-019  -1.5591121812891486E-017   4.1008397466946011E-029   2.0307985780464805E-030  -5.4465226100422079E-031   3.2715813298908386E-029  -1.8832809898089961E-030   3.7000009279411595E-029   6.2177296220377349E-017  -1.4510689346267606E-017   8.3841278531742425E-018  -1.4291415991453466E-015   1.2303883017764858E-016  -2.8714311344568352E-017   1.6590835334194879E-017   8.7090233948122040E-029  -1.2361092863773855E-030  -7.4724260838585661E-031   1.0195741917466504E-028   1.9068178673584445E-030   9.1118007148795388E-029  -3.5845666971275898E-015   1.9578331114023880E-029  -1.2807424846799540E-030   9.6172447130115983E-031   3.6971218939660568E-030  -1.0126084597135960E-030   3.5108094886847905E-030   7.0258329346468047E-031   5.8874433463757048E-031  -1.4239752367026123E-030  -2.2055942424658862E-030   1.2698714197892536E-016  -2.9635752601650046E-017   1.7123234665732300E-017   1.1842413704864107E-027  -5.2080852906672502E-031   1.7241421755465167E-030   1.2019200972789507E-027  -1.2266317254480768E-030   1.1731738297046903E-027  -2.1879871268174507E-015  -5.0004976998127137E-028   7.0029658259793480E-033  -1.4285868228875504E-031  -2.7653366066964297E-028  -2.8974273230990572E-032  -2.8158736125357039E-028  -1.7678340495050121E-031   1.2827045400102277E-032   2.1172611361717067E-031  -3.3093946930883547E-031  -4.1222061859681933E-028  -4.3597999335097742E-031  -2.6376392750198023E-028   3.0717070550599415E-032  -4.1302191050706874E-028   1.2869353384659499E-016  -3.0033983528357494E-017   1.7353328421106564E-017   2.1333689299391967E-030   6.3856501136271182E-031  -1.5022038034587930E-030   4.7961044518929454E-031   3.9575438743988929E-031   6.6441640028940991E-031  -2.1060524667986672E-030  -6.0714487309169122E-031   8.5217609523012833E-031   8.2693806971422547E-031   9.6400363946907196E-029   2.3128847720719271E-032  -8.4515720890932936E-031   1.0981426526014835E-028   3.8325892862390214E-031   1.2012587183892190E-028  -4.7759495487047094E-016  -1.1555610720604696E-015  -2.5111155422422193E-015   1.2486292469792925E-016
   3.3929449877075062E-003  -3.2019228561601592E-016  -9.5479883155109856E-017  -1.1161481018965478E-016   6.9668463151129895E-017  -2.5208716156663766E-017  -4.2252983039739054E-018   8.3856571164602328E-017  -7.7851315467877860E-017   6.2177296220377349E-017   4.0019708445201030E-002   2.3191133300089651E-016   1.0045144421850692E-015  -1.8582566151195019E-015   7.9192541497760921E-002  -7.9547500114448815E-016   1.2419411654322731E-015   2.3299761677259100E-017  -2.6604930721293044E-018  -2.1617758094388945E-018   1.6280415926021967E-016   3.1999865516619641E-017   1.3977239674148876E-016  -3.8664588584832362E-015   5.4761510179645687E-015  -1.7039692121578831E-017  -3.9046041350210214E-017   2.5428771006481669E-015  -4.1109237459346228E-018   2.4638370383625026E-015   2.6059835092212491E-017  -3.6694133256195297E-017  -2.5228549432162728E-018  -1.2298347785591917E-016   8.1733827413076360E-002  -1.2643846357266853E-016   1.4615361510738199E-015  -2.4659935489209516E-017   6.8149991666213462E-018  -6.9265877705215424E-018  -9.7211986581096255E-017  -2.2054359813880795E-017  -7.7808654076610882E-017  -2.0535047879465358E-015   4.7283243658731877E-017   2.1075993841536207E-018   1.4672982169961836E-018   3.1441168037149348E-017   1.0703051850278408E-018   2.8184403364586442E-017  -3.1673739287762647E-018  -4.1029944440949576E-018   2.8106128692890257E-018   4.0843663847986334E-019   4.4997336301779477E-017  -1.7056908512903026E-018   1.7546066798072000E-017  -1.0339709580903153E-018   4.5261537391902700E-017   8.2832127101034089E-002  -3.2143750973119679E-016   1.2056181338994643E-015   1.0069940326567130E-015  -6.5561229067301547E-019  -1.1471419666578420E-017   4.2599193672817695E-016   1.9203666943997164E-019   4.1136646669252495E-016  -4.2808650729619103E-019  -2.2549508325457254E-017   5.6916245821076361E-018  -4.1562134531797077E-017  -2.0926130030641782E-017   5.8896309956269073E-018   1.8785567446852169E-018  -1.4041408348302380E-017   6.5441780194022937E-018  -1.1953592184433717E-017   3.6951735943309420E-016   7.4535167758572233E-016   3.9190509802587360E-016   1.4409886057764756E-016
  -1.2072036294354476E-016   3.3929449877089326E-003  -1.2396911269502691E-016  -2.8067013469613444E-016   1.0704070860520544E-016  -4.7140181871007200E-018   1.0734789091954675E-017   2.8069463877702255E-017  -1.8432285257277206E-017  -1.4510689346267606E-017   2.3191133300089651E-016   4.0019708445197005E-002  -1.2602314880657074E-015  -5.2541445965271570E-016   1.0948123815204114E-015   7.9192541497758812E-002  -2.3438038515519308E-015  -1.4025304986886376E-016  -1.8327818027299172E-017   6.0867831635026566E-018  -3.6358160934933415E-017   8.1071931838505712E-018  -7.5705111217501624E-017  -1.7516008497887469E-015  -3.9069257398631450E-016   2.5943741027430934E-015  -8.6094082626977050E-017  -1.9101329327050305E-016   9.4465770931626833E-018  -1.8177596930773716E-016   5.7198720973956751E-015  -9.1389641917340859E-017   2.5512942565670092E-015  -1.6118380407795274E-016   1.5611222705583341E-015   8.1733827413069796E-002  -2.5286502780733399E-015  -1.3573709709092631E-016   2.0798044382206476E-016  -4.6769192896554181E-016  -4.1938300138640211E-016  -3.3211300633481210E-018  -3.4320295334830192E-016  -1.1948372239802547E-015   9.8334933211821118E-018  -8.6712403833929223E-017   1.9748190709098694E-016   5.3848983079234155E-017  -2.1500390621243997E-019   2.8409975345768853E-017  -8.5258559294351944E-017   8.6178326845199961E-017  -3.9984077751288268E-017   1.9719889350812968E-016   1.4680194699244717E-016  -1.6556416511766314E-018   8.0046825780532623E-017  -3.6583979824335961E-019   1.2392407252182545E-016   7.8768773598061820E-016   8.2832127101029440E-002  -2.6810782765612891E-015  -2.1763356428806864E-016   7.4888559546938331E-016   6.2656293827651648E-018  -1.0439464085407379E-016   3.3294311065457992E-018  -9.6595484855609975E-017   1.7460506980514892E-015   1.6334597673692440E-018   7.3495680440957419E-016  -1.7323821652817187E-017  -2.0519986807316009E-018  -4.5523158397585471E-017   9.9503450223822516E-017   5.6269625161117155E-017   1.1859575707250084E-018   3.4779798208416150E-017   1.2951598128604546E-015   3.3495920510599526E-015   4.6033392975872442E-015   6.8753073464708265E-017
  -2.7602425000156857E-016   9.8431511298229208E-016   3.3929449877099869E-003  -1.2467929768442537E-017   3.5237753361893646E-017  -8.9503485312385591E-017   3.5715264142760792E-017   1.5393288350254426E-016  -2.5078292665496847E-017   8.3841278531742425E-018   1.0045144421850692E-015  -1.2602314880657074E-015   4.0019708445193793E-002   5.6782957799678306E-016   5.1646422237268133E-017   1.2163718950023709E-015   7.9192541497757327E-002   1.6291195313792932E-016  -1.3478611000300232E-017  -1.5145937979812645E-017   4.1095322141158307E-017  -9.1473306012699513E-018   6.8582648750516089E-017   2.1062330271679966E-015   5.7430945180819015E-016   7.5958933838644929E-018   2.0645800799888231E-015   2.9702883151155845E-016  -5.0844882615096167E-019   2.9383064775639988E-016  -7.2946596879458670E-017   2.0736911550894101E-015  -1.6018724587312494E-017   4.5429410641265655E-015  -3.5562170070703881E-016  -3.2944714636060449E-016   8.1733827413067395E-002   5.5966684978980383E-016   1.1026907762042496E-017  -3.9574636212421855E-016   6.3592970884266356E-016  -7.7259517942826272E-018   5.2586104820959630E-016   9.8351569721330669E-016  -2.3577348747157813E-016   2.6401913781941750E-018   1.7222565054704872E-016  -1.5205758757524361E-016   2.4081271184314533E-018  -1.1414141757370557E-016   9.7513984316545221E-019   7.8498273077143552E-017   6.0161999058185850E-019   1.7458782523865593E-016  -2.3743656991235405E-016   2.4796543924152598E-018  -1.2478446103911925E-016   3.2554845913416087E-018  -1.8274912816583272E-016   8.2954792846844363E-016   2.3121780151214212E-016   8.2832127101025860E-002   3.1890901167202912E-016  -8.1129568974233650E-018   6.4556658518340777E-016   1.2871084827607314E-016  -5.3983396752923781E-018   1.4236127743315252E-016   3.0587892899607764E-017   6.3382210980108895E-016  -6.0625602935019774E-018   1.4814844083840060E-015   2.0188158266402824E-017   1.2240220993292751E-018   8.2065320746488413E-017  -5.1292504327088247E-018   4.3222717927696463E-018   2.8935006994479388E-017  -6.8319604494370251E-017  -7.5983329598574043E-016  -6.6236226171398507E-016  -8.1576449044596059E-017
   6.3474911311697805E-016   2.1247572966050055E-016  -1.2389987398521400E-017   1.2130397831415754E-003  -1.5854689272802810E-015  -3.1019593388838704E-017   8.9161498983225474E-017  -1.1923554294340078E-015   5.1887827270874734E-017  -1.4291415991453466E-015  -1.8582566151195019E-015  -5.2541445965271570E-016   5.6782957799678306E-016  0.10492015190334700        1.1362666896015927E-015   1.6894350106163297E-015  -2.1522318379359075E-015  -4.7164076545947906E-015   3.9339107557482400E-018  -9.5627632732345540E-017  -5.3425480353032771E-015  -8.2281383858228253E-017  -4.7272001318017946E-015  0.26447181624884419       -5.8535516375207588E-016  -4.4994095113976882E-018   7.9185428191554859E-017   5.9051456137671435E-018   1.7476486593263638E-018  -2.3023478973897074E-017  -1.1330344967060113E-016   2.4810790101081422E-017  -4.9927183361173685E-018   1.5600136716091040E-016  -1.0993691661934056E-015   3.2840282472157692E-016  -4.6066057179469216E-016  -8.7841623514902184E-014   2.9935501846937360E-017   7.4520486221435691E-017  -8.8213259576110455E-014   1.5171389813778325E-017  -8.6399514420130710E-014  0.15652783628571196        4.0098791927203894E-014  -3.0750050110596435E-017  -2.3500607279689667E-018   2.2623613364301146E-014  -7.3592423387262273E-018   2.2909656138056293E-014  -2.1098799381031455E-017  -2.2721780339649837E-017  -1.1253592003398458E-017   1.3605849459624443E-017   3.3719425006631363E-014   5.1453004594417993E-018   2.1500275167295532E-014   2.5860692330861398E-017   3.3884846536029567E-014  -8.9822071831125814E-016   7.0355689250784690E-016  -9.4942901639289910E-016   5.2618288924736282E-017  -3.8909117281058046E-017   2.5735418454564487E-017  -2.9484552861019057E-017  -4.0014478455787004E-018   7.9324762577468833E-018  -4.2597826421073271E-017   4.2463962622968802E-017  -4.3483759364374648E-017   4.0872300589578041E-017   2.6126374541018573E-015  -1.0142017272312328E-017  -1.8627476303513903E-017   1.3850333024377407E-015  -7.2957395416453558E-018   1.0092917211663221E-015  -3.5435730441649688E-002  -7.4299571692375707E-002  -5.8877823977680419E-002  -9.2385766543020310E-003
   6.7140903114417203E-003  -5.7969628512740519E-016  -3.5308744871492808E-016  -1.6529568310312127E-016   1.3786264002229893E-016  -4.9883979116823262E-017  -8.3611831339540487E-018   1.6593861499274671E-016  -1.5405518356754460E-016   1.2303883017764858E-016   7.9192541497760921E-002   1.0948123815204114E-015   5.1646422237268133E-017   1.1362666896015927E-015  0.15670925332857166       -3.1577851030713816E-016  -1.3736751175210541E-015   4.6106466418457974E-017  -5.2646862309748978E-018  -4.2778052901709711E-018   3.2216314508805647E-016   6.3322567212541063E-017   2.7658700573342728E-016   4.4806483805867928E-015   1.0836418694353733E-014  -3.3718799508330475E-017  -7.7265811523534978E-017   5.0319432134926861E-015  -8.1348543503215808E-018   4.8755356919058133E-015   5.1568206070124049E-017  -7.2611765140635510E-017  -4.9923225966379544E-018  -2.4336444597012922E-016  0.16173804784320100        1.0485168014822997E-015  -1.0620799306577431E-015  -4.8798030785202214E-017   1.3485783012363524E-017  -1.3706598842553327E-017  -1.9236682576306637E-016  -4.3642017211564645E-017  -1.5397076356626199E-016   3.1222634051614910E-015   9.3565904928920423E-017   4.1705988917603017E-018   2.9035462639104571E-018   6.2216995108078063E-017   2.1179611514819055E-018   5.5772383652872223E-017  -6.2677216061455902E-018  -8.1191635422365011E-018   5.5617490714616986E-018   8.0823016204941786E-019   8.9042463348005482E-017  -3.3752867967070741E-018   3.4720833235732742E-017  -2.0460615828356006E-018   8.9565274647896995E-017  0.16391140559603593        6.8009671986993759E-016  -1.6216321543684684E-015   1.9926786030528047E-015  -1.2973508691658556E-018  -2.2700087363926656E-017   8.4296926283836335E-016   3.8000956290186233E-019   8.1402781904177631E-016  -8.4711407978212183E-019  -4.4621836170152449E-017   1.1262806087801037E-017  -8.2244753685664610E-017  -4.1409432632524707E-017   1.1654628810359651E-017   3.7173604890941205E-018  -2.7785680018894130E-017   1.2949871688342476E-017  -2.3654228925928844E-017  -8.1305985702873190E-016  -1.7499432709848792E-015  -1.6447220330387970E-015  -1.3860994388077165E-016
  -3.4523562116766231E-016   6.7140903114450397E-003   6.9239930890469313E-017  -5.2026680687086721E-016   2.1181627971569989E-016  -9.3282808747709397E-018   2.1242414391868728E-017   5.5544936965259046E-017  -3.6474516478161498E-017  -2.8714311344568352E-017  -7.9547500114448815E-016   7.9192541497758812E-002   1.2163718950023709E-015   1.6894350106163297E-015  -3.1577851030713816E-016  0.15670925332857905        2.7038111399332910E-015  -2.7753814066731623E-016  -3.6267792697142453E-017   1.2044761118716442E-017  -7.1946930162321974E-017   1.6042826336968020E-017  -1.4980819187863780E-016   3.4818532400654464E-015  -7.7311752334856415E-016   5.1338474660189843E-015  -1.7036628891179697E-016  -3.7798446669507085E-016   1.8693250838805192E-017  -3.5970529401565669E-016   1.1318703359750320E-014  -1.8084534573527333E-016   5.0485994060365231E-015  -3.1895672380203988E-016   5.2731862092209548E-016  0.16173804784319995        2.5736286736802564E-015  -2.6860179926023009E-016   4.1155971814876959E-016  -9.2548681466510346E-016  -8.2989124686695631E-016  -6.5719801712561534E-018  -6.7914323170285806E-016   1.4924279211076487E-015   1.9458895584408236E-017  -1.7158984674744925E-016   3.9078480903418693E-016   1.0655844314762802E-016  -4.2545801622332040E-019   5.6218754182808062E-017  -1.6871292313893686E-016   1.7053299461793604E-016  -7.9122034107385922E-017   3.9022477084861356E-016   2.9049735070190962E-016  -3.2762475105437310E-018   1.5839974399353400E-016  -7.2393789283831545E-019   2.4522573094796633E-016  -1.0376088897364135E-015  0.16391140559603881        2.3738199754497682E-015  -4.3066168497427798E-016   1.4819236796164272E-015   1.2398668910492765E-017  -2.0658013886586066E-016   6.5884065954690810E-018  -1.9114686838359694E-016   3.4551524170143758E-015   3.2323531439979294E-018   1.4543608510284063E-015  -3.4281045975470725E-017  -4.0605740763102950E-018  -9.0082980375698834E-017   1.9690126233206167E-016   1.1134850299468247E-016   2.3468185497372228E-018   6.8823605166868604E-017  -2.0484842908936529E-015  -3.6329637536600100E-015  -5.1521731700281029E-015  -1.0801654108532473E-016
  -6.0944034672163601E-016   1.9605171795060089E-015   6.7140903114475377E-003  -6.2603697051978611E-017   6.9729824474434249E-017  -1.7711294634996768E-016   7.0674741211627113E-017   3.0460832270531154E-016  -4.9625892085772589E-017   1.6590835334194879E-017   1.2419411654322731E-015  -2.3438038515519308E-015   7.9192541497757327E-002  -2.1522318379359075E-015  -1.3736751175210541E-015   2.7038111399332910E-015  0.15670925332858571        3.2237645176826290E-016  -2.6671994935575254E-017  -2.9971365824197878E-017   8.1321007335442184E-017  -1.8101090347191057E-017   1.3571398863749979E-016  -4.0906917472404643E-015   1.1364656780834951E-015   1.5031046586419594E-017   4.0854706346466033E-015   5.8777209978231324E-016  -1.0061381336544199E-018   5.8144341050426406E-016  -1.4434953738873383E-016   4.1034999812116988E-015  -3.1698469601765617E-017   8.9897468702302681E-015  -2.2269557797942720E-015  -3.4559061345900499E-016  0.16173804784320514        1.1074903328620017E-015   2.1820470074972654E-017  -7.8311815409721390E-016   1.2584022176537806E-015  -1.5288411181613180E-017   1.0405941097629836E-015  -2.9375329992879435E-015  -4.6655766411403077E-016   5.2245124565568470E-018   3.4080675516673902E-016  -3.0089741484800557E-016   4.7652947551937819E-018  -2.2586743629644831E-016   1.9296443051745434E-018   1.5533540821961175E-016   1.1905088248028430E-018   3.4548111748864897E-016  -4.6984863574561366E-016   4.9068356817332197E-018  -2.4692830090643644E-016   6.4420783811597027E-018  -3.6163101827225394E-016   9.7837952294189939E-017   7.6799113709129104E-016  0.16391140559604178        6.3106944358256902E-016  -1.6054231795527132E-017   1.2774720399754008E-015   2.5469798729976269E-016  -1.0682442610496303E-017   2.8170998262613028E-016   6.0528501378234732E-017   1.2542316194371698E-015  -1.1996827969977661E-017   2.9316184461938727E-015   3.9949105662808163E-017   2.4221421060089900E-018   1.6239401962768642E-016  -1.0149958446173925E-017   8.5530780111069931E-018   5.7257707044135697E-017   1.0304253468340928E-015   9.4992240153911498E-016   7.3194373112084230E-016   1.2708562747074663E-016
   1.9753969398433820E-018  -1.1890913278757486E-017   1.3811977056117374E-017  -5.3313837330796100E-017   9.6290117863907972E-029   3.2021343561670364E-030  -3.0254640110315111E-030   7.5457870138873175E-029  -3.7934406509544603E-030   8.7090233948122040E-029   2.3299761677259100E-017  -1.4025304986886376E-016   1.6291195313792932E-016  -4.7164076545947906E-015   4.6106466418457974E-017  -2.7753814066731623E-016   3.2237645176826290E-016   2.4281293541086469E-028  -1.7104546625141974E-030   1.5531881242582286E-030   2.7824474148556777E-028   4.6181156851360448E-030   2.4763596611775666E-028  -1.1865337083737198E-014   3.6904856184493053E-029  -9.3598264171044209E-030   7.2586252956693741E-030   2.6962978966519407E-030  -1.3924509891615363E-030   3.3139558044488266E-030  -1.3659322817505968E-029   8.2981459733896279E-030  -9.5131908198623543E-030   1.0800850764171812E-029   4.7586021329875367E-017  -2.8644432999398053E-016   3.3272150094594731E-016   3.9352623592965422E-027  -2.0915963953680598E-030   1.4670756526314517E-031   3.9696727518854673E-027  -1.9993255131103455E-030   3.8821950259061531E-027  -7.1091606885991049E-015  -1.7433620749139956E-027   1.1151770185539388E-030  -6.9163863074247887E-032  -9.7653279114667140E-028   1.7058848489031967E-031  -9.9067440466434754E-028   6.0999083302768073E-031   6.7733376487801139E-031   7.0152309364414843E-031  -7.3691376966503167E-031  -1.4557945882653160E-027  -6.9146706937971142E-031  -9.2929261364675585E-028  -6.4819595725370319E-031  -1.4610608801681677E-027   4.8225459296179324E-017  -2.9029343052196446E-016   3.3719245174115256E-016   1.7680749677769708E-030  -4.0974126199803594E-031  -2.0926580820892176E-031   1.6174597596787358E-030   5.9394113744078891E-031   8.9027084880502928E-031  -6.7646106576718390E-030   4.8830544606394988E-031   3.4024884874883228E-032   5.7054519509144239E-030   5.4761294965003500E-029   4.4010650762734984E-031  -5.8817190917035678E-031   1.0534949156966681E-028   7.0147264892554952E-031   1.2920307433514323E-028   3.4086551359047233E-016   5.1369490431056434E-016  -1.6730997770301055E-015   4.1402077044062233E-016
