   3.8172375127242874E-005  -5.6150615108706902E-012  -2.1481659043374273E-011   4.0299786737916604E-011   1.8843468017557055E-011   2.6375895156275171E-011  -1.3229345591143824E-011  -1.6087796946336752E-015   4.0233874869417880E-016  -5.4904782002037107E-016   1.0381322944115830E-003  -2.1085880748294896E-010  -1.5524444787741680E-010   2.3567322095191872E-010   1.3997169700020796E-010   1.2359145227299715E-010   7.0891552600727258E-011  -1.6798749541680297E-015   3.0664599510593923E-016  -6.8639650857972142E-016   4.7712641670799201E-003   4.9188394118533029E-018  -6.6149656594403599E-019   2.8545133407005835E-018   5.0265140488178393E-018   2.8818875313860078E-018  -5.3884599212651787E-018   4.7150606734934467E-018  -4.0963527020806316E-018  -4.8091579518684641E-018   3.2010801053744936E-018   1.5603978906678797E-010   3.3937326099865627E-011   3.4752660627040638E-011   4.2059239054161591E-011   1.0865912627605055E-010  -1.9799291249520370E-010  -1.5219793693233690E-015  -7.8471567528341292E-017  -3.9377667064405436E-016   5.2499767370963275E-003   3.5690189534235154E-010   2.8809918211942795E-011   4.4496708595260819E-011  -5.2202366788247587E-011   8.5935549227743837E-011  -3.0243010331380707E-010  -3.1998759324820417E-011   1.2542505421438208E-011  -6.0179514308592972E-011   1.9891086068393754E-011  -2.6411944120435843E-011   3.5981666114678899E-011  -4.7482733738253728E-011   2.5549037222195629E-011   4.6877239021192567E-011   4.1136387763532258E-011  -9.6114747118333998E-012   3.8115482845084991E-011  -3.3430534207676843E-012  -1.8429181137648085E-011  -1.8771075583960154E-011   1.0045783543948004E-018  -5.8040758663324734E-019   2.4653774873921120E-019   2.8833001901716208E-018   5.2626391355746402E-019   1.4674897619343782E-018   1.1231901024555372E-018   3.1786372290031601E-019  -2.3803323982148253E-018   7.1093394875902748E-019  -2.5211488203826372E-015  -4.4541564726227981E-015   1.5523407446226194E-016   4.4084208691465675E-009   9.6253950419211755E-010  -7.2117000459409857E-010  -1.0349365798519372E-009   3.8090254195435476E-010  -3.3734840833059628E-009  -9.9115197044835840E-005  -3.2106024081911206E-014  -6.5417169039013954E-014   4.0678170341240588E-015   3.6539184585318822E-018  -8.9151489596165751E-019   1.5611563223667364E-019   2.0089073310327234E-019   5.9032395252889284E-019  -1.4349103485222736E-018   4.1581384602977606E-019  -1.4189231560796073E-018  -5.9622705996917700E-019   1.4389917905830569E-018  -4.4279599459680630E-003   2.1846622652116711E-016  -5.9219601882523627E-017   8.3711515741505851E-017  -1.4582589345008240E-003  -7.9420341888779137E-004  -1.0227260262025138E-018  -3.8332300339274424E-019   1.8604155021405296E-020   7.6237856010737058E-019   1.5898510731890955E-019   4.9529222086046665E-019   3.5702356107363574E-019   7.6536895477633463E-020  -6.2918438933457217E-019  -3.7542097357845824E-019
  -5.6150615108706902E-012   1.0541432399480849E-008   2.0077425632720197E-014  -3.8726725944221613E-014  -5.2707931309990756E-009  -7.5499531446811646E-014  -5.2706392576335235E-009   1.9371450032538967E-016   5.7608479210445665E-017   9.4610367554293136E-017  -1.6820867987975492E-010   5.4322613532411672E-007   2.6017098533515778E-013  -9.8744992460240699E-013  -2.7161486891117818E-007  -1.8561921688025218E-012  -2.7161126634669262E-007   1.7883644144655235E-016   5.8158867254018883E-017   8.7142563172155705E-017  -7.5941971120210912E-010  -2.0343376298798474E-019  -1.6541080897757116E-020   2.7782017236281062E-020  -1.4214596194641736E-019   1.9161185044728599E-019   4.6366062623280809E-020   6.6381360960698352E-020   2.1863819694090768E-022   6.5126943308343779E-021  -8.6639858979381878E-020   5.0990553053473030E-006   2.9536163918994607E-012  -7.7762895394146456E-012  -2.5495461314534854E-006  -1.8296324793608546E-011  -2.5495091734424282E-006   1.6210869878592640E-016   7.1949556089800971E-017   7.2453760187427077E-017  -8.3648414361287028E-010   1.6610838156104368E-005   8.9297994390666294E-012  -2.2158027828745059E-011  -8.3054781253010420E-006  -5.7926980224039157E-011  -8.3053600231502650E-006   1.3732211745931412E-014  -1.5041080674757408E-013   1.8152585723812958E-013  -9.4939076155157558E-015  -3.6482647043875784E-014  -1.5777695867988944E-014   7.7415247749527004E-014  -6.2928959377658056E-015   9.7933684910366511E-014  -1.7683542652437214E-013  -9.8342680027107051E-015   8.9383954907236027E-015   2.5602250603791478E-014   1.8254117021518177E-014  -6.2561461365452251E-015  -1.4583858191143516E-020   1.6042671274621881E-019  -3.1782155275351698E-020   1.0852898700376232E-019   3.0397737008569066E-020  -5.0065539510065732E-020  -1.2391390853338167E-019  -3.4989652585368832E-020   6.2720297935848673E-020  -2.7623792735804166E-021  -4.6739554618859724E-017   3.8827903733766776E-016  -1.2167717458755433E-016   1.3231840697909650E-004   7.1515189265773606E-011  -1.8064151076758069E-010  -6.6159677510520886E-005  -4.6616877361647423E-010  -6.6158729468567012E-005   1.4629937212944438E-010  -1.0485652854997101E-015   5.4019902292121023E-015  -1.9263385679660152E-015   5.0192685855154018E-020  -3.7441763215550288E-020   9.4886043138168782E-021   4.5783111873394425E-020  -5.4525071414392729E-020   1.6390608067206670E-021   1.0397416858902599E-019  -6.0025028528157476E-021  -4.2841029803215768E-020   1.2063173751705160E-020   1.5214118873312490E-009  -2.4096777036237796E-017  -7.7429916875827892E-018  -1.1713803745692204E-017   7.7505833613287321E-010   1.2572437989833268E-010  -4.1746439715447610E-020   3.0713614586785898E-020  -1.4183923946369118E-021  -3.2156832719209222E-020  -2.2283093686409151E-020   1.4810501005671602E-020  -3.4277480650622508E-021   1.1384895054453206E-020   4.1720841572161243E-020   4.8737019900665716E-021
  -2.1481659043374273E-011   2.0077425632720197E-014   1.0541704433674148E-008  -9.0210426628327165E-015  -9.3285045112099951E-014   8.3004115889624454E-014   7.3210509245142730E-014   1.4315301360694207E-016   5.6188588571091247E-018  -7.0962070699166547E-018  -5.8801649390148967E-010   6.9261082307559519E-013   5.4323313556966117E-007  -2.7929601147461194E-013  -2.8987184515357294E-012   2.3615097108394340E-012   2.2061216029726311E-012   1.3631334334812372E-016   6.2194860451942317E-018  -1.3729736903899619E-018  -2.6973009072659570E-009   1.7822622516095892E-019   2.6061243710478725E-020  -2.8063996550948769E-020   6.3753241974637138E-020  -1.9935654997836181E-020   8.7109991361554037E-020   5.0788617355616769E-020  -1.2432305647837441E-020   3.0197895060396594E-020  -2.1645667367845272E-019   7.1870083321973558E-012   5.0991228818483767E-006  -1.0724757181691454E-012  -2.6282097685611931E-011   2.1132119370602619E-011   1.9095110598288081E-011   1.5201818647239846E-016   1.5616585994835224E-017   3.1697907984688340E-017  -2.9584636667534366E-009   2.2595550134865668E-011   1.6611051033982430E-005  -2.7850959980062480E-012  -8.2726177958026696E-011   6.7379761010764039E-011   6.0130591189483712E-011   5.3436335103657542E-014   8.6029767407921651E-014   1.2985532638114180E-013  -5.4805041983682953E-014   5.5341643532321782E-014  -3.9058870456746855E-014  -4.4975429423319578E-014  -7.3919622772639635E-014  -5.5076501517668350E-014  -7.4759047651791832E-014  -3.7627393300716278E-014   2.3260705995146788E-014   1.2090538016318792E-013  -6.4510053077044351E-014  -4.6591293771744089E-014   1.6216392577129290E-019   1.2988780533986960E-019  -1.2136057785577769E-019  -1.2777352879597285E-020  -1.2116876660814288E-020   1.2832439798996248E-020   1.3307753530594667E-019  -1.1684436130414823E-019   9.2583806250443479E-020  -7.1513949576768062E-020   4.8674015129913526E-016   1.7054325474871305E-016   5.9491607498026519E-016   1.8035169249515905E-010   1.3232011440727712E-004  -2.3059250800481154E-011  -6.6760880650411429E-010   5.4354970875318849E-010   4.8725711584676928E-010   5.8229601762754873E-011   6.6472075991637607E-015   2.4268730067598826E-015   8.4901059602060064E-015  -3.0249898777030111E-020  -1.2607139777891975E-020   2.2251368686308581E-020   3.3878588546663962E-020  -1.5263387672037952E-020   4.2464023283420444E-021   1.1493991383589478E-019   5.1942887015198490E-021   3.8781715517631071E-020  -7.6005791426683089E-020   2.4978172506535206E-009  -1.8418012359600079E-017  -7.4759592839746828E-019   1.5416031417187074E-019   8.2309618884235398E-010   4.4779816133877623E-010   5.1224899722453856E-020  -6.9819734754539007E-021   7.4283764091978498E-021  -1.5504054579484527E-020   4.0757891634600213E-021   1.7603967475473258E-020  -4.3878716999693966E-020  -1.3326809129733051E-020  -1.7197553064987181E-020   4.2359156491473896E-020
   4.0299786737916604E-011  -3.8726725944221613E-014  -9.0210426628327165E-015   1.0541716702195236E-008  -1.5128533176787124E-014   5.0201414463138427E-014   5.3857052179912418E-014  -6.5219927670069676E-017   6.4285044647205131E-017  -1.2071943580344921E-016   1.0996974835170634E-009  -1.4628792107858068E-012  -3.7965907678741370E-013   5.4323355660051969E-007  -2.4174172524483544E-013   1.5125898836610775E-012   1.7046285812745902E-012  -5.8349209894719729E-017   5.9562963017587427E-017  -1.1033502588088155E-016   5.0479348815353409E-009  -4.1698259366479166E-019  -1.1505023248532099E-019  -3.7272894578002006E-020  -1.3676887262609615E-019   9.1947618717950790E-020  -6.9509891090796804E-020  -3.6095662388288469E-019   1.4523880553234499E-020  -1.2250070946288750E-019  -2.1140234646153398E-019  -1.2641787800488087E-011  -3.5794855724810997E-012   5.0991260367120252E-006  -7.3318232641392161E-013   1.4962240403024605E-011   1.3374981306298938E-011  -4.9229231828935063E-017   5.6409017925813687E-017  -8.9193187131905724E-017   5.5405110441664091E-009  -3.7753655087520984E-011  -1.0913948216705894E-011   1.6611060570441756E-005  -3.4367419333002793E-012   4.6145312556820169E-011   4.1190364760437644E-011  -1.0498825843230803E-013  -3.2872776114690740E-014   3.5340323602739464E-014  -2.4600743128424100E-014  -1.5294704059714587E-013   2.0902891369351098E-013   1.2048182989953377E-014   2.2380521086872871E-014   2.7938679842569427E-014  -5.2024885516316499E-014  -1.5740982576490772E-014   1.5983003445534330E-014   5.2255090866242534E-014   9.8016973316764462E-014  -1.4874039492500108E-013  -3.8550161882866657E-019  -3.0909880746057907E-019  -1.1569933194912347E-019  -1.7957762214152578E-019  -1.3993907891900372E-020  -2.4074541566671783E-019  -4.4756566037917174E-019  -1.4540498695020654E-019  -1.9223213052264443E-019  -6.2552077716435283E-020   9.8739049049816844E-017   4.7502127756582709E-018   2.0870095223585963E-016  -3.0529000988329958E-010  -9.0047941638094074E-011   1.3232019117865264E-004  -2.7859242312451921E-011   3.7063638992595991E-010   3.3314925344285103E-010  -1.0622228090088957E-010   1.5255107498443186E-015  -6.0912312218427332E-017   3.2148101292651144E-015  -1.0352281258614690E-019  -2.7639180867228942E-020  -2.2806935026080981E-021  -3.7705609604833227E-020  -4.0228702197718781E-020  -1.6073981803791474E-020  -1.9436334647123483E-019  -1.5147268042830277E-021  -8.3852221450501548E-020  -6.4061650719937539E-020  -4.6605846237929721E-009   7.8869000719104655E-018  -8.1404004618251742E-018   1.4841729828181634E-017  -1.5303914389781697E-009  -8.3847597669741819E-010   4.3724621290632846E-020   2.7198924282781219E-021  -2.4931940002176509E-020   5.3840225193827258E-021  -1.0546432284849165E-020   1.2649977054087268E-020   3.5081742653215846E-020   5.3084583828098134E-021   2.0313771125815296E-020   4.1578032477612425E-020
   1.8843468017557055E-011  -5.2707931309990756E-009  -9.3285045112099951E-014  -1.5128533176787124E-014   1.0541699977254445E-008   9.3779286028616322E-014  -5.2709068609521622E-009   2.1701648890563576E-016   2.1170937567253371E-016   1.9465188648578729E-016   5.1562340742691245E-010  -2.7161500812925330E-007  -2.3059397202724435E-012  -6.9654812960226352E-013   5.4323286141092059E-007   2.7849473018447289E-012  -2.7161785337320217E-007   2.0441400300620548E-016   1.9097808038043239E-016   1.8257166535552331E-016   2.3668732571934189E-009   1.4422569222873461E-019  -1.5062180488930657E-019  -1.0409408326347445E-020  -6.9479173694706809E-021  -1.2959271649559296E-019   8.0746748098873114E-020   1.3046296602872392E-019   1.1418092372961946E-019   7.3422333161853165E-020   1.2839920334593128E-019  -2.5495468636419368E-006  -1.9906863276768352E-011  -6.0249346402553327E-012   5.0991213113548263E-006   2.6352270761181474E-011  -2.5495744483637775E-006   1.8897163401694725E-016   1.4705040818213509E-016   1.5757037794788218E-016   2.5985392070270368E-009  -8.3054805040910526E-006  -6.2290459773691287E-011  -2.0194612041893069E-011   1.6611047677507098E-005   8.3582784084931689E-011  -8.3055671845550591E-006  -1.1996295156717782E-014   1.1092884792744021E-013  -1.6747819065957338E-014   2.1181622391339465E-014   9.8062800763247615E-014   1.5721636364538949E-015  -1.3367166280196757E-013   3.4972875066110073E-014   3.0513008439358115E-014  -9.3194648304824753E-015   2.5183583017087628E-014   4.5806409337160179E-014  -6.3723701539464728E-014  -1.1889793208071135E-013   3.6336600367553084E-014   5.0807465903598485E-020   1.1148618165532305E-019   1.4615175434953499E-019   6.5781935687292697E-020   6.9792544865195419E-020   7.5121229819519949E-020   1.0772835549414702E-019   6.3905423662209512E-020  -2.4851024279011579E-021   2.1722828204459454E-019   9.8530853693726585E-017  -5.3221233378416980E-016  -9.5777830879513259E-017  -6.6159695438992730E-005  -5.0397232489372372E-010  -1.6267842460708106E-010   1.3232008660339506E-004   6.7163845418350327E-010  -6.6160391164458995E-005  -5.1111889067076868E-011   9.4788117871529142E-016  -7.9950757409459536E-015  -1.7748341035959837E-015  -1.4685628980659076E-021  -3.9199309280650430E-020   1.9641767869647787E-020  -4.5197210613782109E-020  -1.0387286907240941E-020   1.3759691878302617E-020  -2.9463393322526107E-021   3.9003367373599896E-020   3.5951688616426226E-020   1.1213380671530572E-020  -2.1905530524154284E-009  -2.7434136131993512E-017  -2.5737360466245602E-017  -2.4391803784945086E-017  -7.2107028834154632E-010  -3.9307413811079476E-010  -2.7578184228737004E-020  -7.6314682204061625E-021  -1.4292525978173998E-020   1.4292582200917953E-020   2.6585605030505489E-020  -4.0015444735407098E-021  -5.2986053229895500E-020  -1.3684840705736628E-020  -2.6262666936260189E-020   8.6583484999042176E-021
   2.6375895156275171E-011  -7.5499531446811646E-014   8.3004115889624454E-014   5.0201414463138427E-014   9.3779286028616322E-014   1.0541797803175394E-008  -1.8279104672389527E-014  -3.2548528524086224E-017   5.8058849299474455E-017   8.3804886867136101E-017   7.1699069724308192E-010  -2.0099943615746786E-012   2.2212659931404517E-012   1.1185650975475326E-012   2.1156931692811500E-012   5.4323524221263596E-007  -1.0569336517784217E-013  -2.7704034823678587E-017   5.5921554013890436E-017   7.4304148826662944E-017   3.2947995753807906E-009   1.9760731801486992E-019  -8.1019795878319247E-020   2.3842140302385026E-019   8.4411106877256498E-020   6.3333067646933203E-021   8.3739945786921895E-022   7.0317396277345320E-020  -1.5201300924250285E-019  -4.3790550119531142E-020   2.7734339156885184E-019  -1.8944336936387996E-011   1.9429167163649285E-011   1.0535824694785235E-011   1.9944042363344181E-011   5.0991453482184851E-006  -9.9965907990246288E-013  -1.5251114071672780E-017   5.2754123355091600E-017   8.6892454374477473E-017   3.6185226027235642E-009  -6.0053627102634860E-011   6.1898320043655078E-011   3.2267698874644990E-011   6.2727563443811009E-011   1.6611124453425353E-005  -2.6731081256531506E-012  -3.0606183050932502E-014  -6.7177832747802269E-014   3.4860063998964747E-014  -8.1507469929329220E-014   3.0631564609072450E-014   1.3514679277785760E-013  -1.8817696655698673E-014  -4.6958874754212207E-014   1.1537487746335505E-013   1.4081179269414433E-016   6.1648275316968183E-014   1.2259465440755161E-013  -2.6909496595054818E-014  -1.4542532359449260E-013  -6.1687684737397198E-014   1.8673440706952505E-019  -1.8483349526002712E-020   2.4378682610039200E-020   9.9713473862957766E-020   3.6440686210406743E-020   8.4543768847636199E-020  -2.2843944121284321E-019   3.9679145307717178E-019   8.6024081624001364E-020   1.9046605754107306E-019   2.1512122662112477E-016   6.1639213672040952E-017   2.2014865772633419E-016  -4.8181397366375945E-010   4.9933107482371158E-010   2.5902506849899190E-010   5.0587978530243201E-010   1.3232070056591575E-004  -2.4065811543698245E-011  -6.8229197385649775E-011   3.1218567499579466E-015   7.4995308609263194E-016   3.0026438983736886E-015   5.7306722207072724E-020  -4.4754457491380870E-020   1.5061781150523339E-019   2.9384182232182608E-020  -4.2674634754857965E-020   1.2478032835305066E-020  -2.1660950248811216E-020  -1.3479126312280276E-019  -1.1855828270899029E-019   5.8280938907829522E-020  -3.0392188686552375E-009   3.8046206371054919E-018  -7.4910589828726651E-018  -1.0321155106671598E-017  -9.9656152717604417E-010  -5.4754406443581161E-010   2.9859022408223993E-021  -3.1257478336903096E-020  -4.5350128204197875E-020   6.8430420873514131E-021   1.2180243392028447E-021  -3.2394388051698193E-021  -8.9426015138146799E-020   4.7540057362443070E-020   1.4692944745458523E-020  -3.0647302882062991E-021
  -1.3229345591143824E-011  -5.2706392576335235E-009   7.3210509245142730E-014   5.3857052179912418E-014  -5.2709068609521622E-009  -1.8279104672389527E-014   1.0541546122434227E-008   3.1516993021159923E-016  -5.5541776879220097E-017   1.8219996121773708E-016  -3.4744061199628343E-010  -2.7161112663583438E-007   2.0459176230691973E-012   1.6840904991581927E-012  -2.7161799325707446E-007  -9.2872160933869082E-013   5.4322911991819780E-007   2.9398060214762026E-016  -4.8381232363367143E-017   1.6880985016501913E-016  -1.6075721514096267E-009   5.9239215381381328E-020   1.6717613511889507E-019  -1.7380110622058919E-020   1.4909212236593990E-019  -6.2013508849101930E-020  -1.2715284050697762E-019  -1.9685938250216647E-019  -1.1439484867485666E-019  -7.9928077980312678E-020  -4.1757266617597938E-020  -2.5495084364580242E-006   1.6954644401830198E-011   1.3802091980433171E-011  -2.5495751870100975E-006  -8.0556312673938966E-012   5.0990836236676199E-006   2.9703142403097382E-016  -2.1127917943570543E-017   1.8383033456501360E-016  -1.7621859227615087E-009  -8.3053576349194115E-006   5.3365212925704830E-011   4.2355466846701774E-011  -8.3055695753637490E-006  -2.5654778675514933E-011   1.6610927213769111E-005  -1.7359158264709455E-015   3.9481958320858243E-014  -1.6477803652039860E-013  -1.1687715273113269E-014  -6.1580153194684944E-014   1.4205531389207999E-014   5.6256416426318974E-014  -2.8679979833876169E-014  -1.2844669452312699E-013   1.8615489022895281E-013  -1.5349314865244299E-014  -5.4744805820747990E-014   3.8121451171172438E-014   1.0064381566097863E-013  -3.0080453885441970E-014  -3.6229717332711037E-020  -2.7191319450616797E-019  -1.1436850165201659E-019  -1.7430530490230762E-019  -1.0018895164046171E-019  -2.5053114021341431E-020   1.6188054419679100E-020  -2.8918300958128236E-020  -6.0238251173568056E-020  -2.1446483616490628E-019   4.4874235894251375E-016   4.0641953546786195E-016   4.2614662090830460E-016  -6.6158711403937399E-005   4.3249340059390283E-010   3.4334245449621635E-010  -6.6160409277343424E-005  -2.0546151415573809E-010   1.3231912068132891E-004  -9.5174164376570037E-011   5.7707576119383184E-015   5.8993708526339719E-015   5.7286069722988680E-015  -4.8713219003511876E-020   7.6641809752024564E-020  -2.9126016766539804E-020  -5.9285101412286739E-022   6.4911876472786752E-020  -1.5406432710637563E-020  -1.0102742596872013E-019  -3.3005111564611532E-020   6.8880630500616924E-021  -2.3276635474118217E-020   6.6932019509305623E-010  -3.9788768724475316E-017   6.4360545816669514E-018  -2.3052612032301121E-017  -5.3906005851131555E-011   2.6736952638431290E-010   6.9324887760026248E-020  -2.3078254494132402E-020   1.5706117563989656E-020   1.7864055378465708E-020  -4.3033165193683064E-021  -1.0809114383836563E-020   5.6411028798145655E-020   2.3010338997838617E-021  -1.5458347230991600E-020  -1.3529283341293857E-020
  -1.6087796946336752E-015   1.9371450032538967E-016   1.4315301360694207E-016  -6.5219927670069676E-017   2.1701648890563576E-016  -3.2548528524086224E-017   3.1516993021159923E-016  0.11206520455399908        2.5167324902259096E-009   1.2745531158270657E-009   6.5478560245522037E-015  -1.3161929963862505E-015  -1.4013176455868666E-016   1.4417151652843174E-016  -1.4183077919237686E-015  -2.2878743728968161E-017  -1.3877228629805246E-015  0.10379198431645280       -2.3083988781489141E-009   2.6320900532012400E-009   4.8313142240955494E-014   4.5674250471426314E-009   1.4592543303512678E-009   8.5103698594049443E-010  -2.5245712405032176E-009   2.1939303619377799E-010  -3.6033539071771695E-009  -2.8213493676576709E-009   1.0014355361194383E-009   2.3259896970229013E-009  -1.3807544832774762E-009  -1.9373507924863899E-014   3.9237713002293386E-016  -2.4691925471128944E-016  -1.9658774167768148E-014   4.2032590569225480E-017  -1.8868026876968712E-014   9.6003377457601832E-002   8.1231878925807424E-010   7.7235673891030831E-010   1.2817745776536309E-012  -3.7165283725643440E-013   6.5507609253640859E-016  -1.3559808535025121E-016  -3.7286171738753808E-013   3.0183972842820557E-017  -3.7019320961167669E-013   5.6966397784411851E-014   5.0607944630899458E-019   1.4403932736762128E-017   3.3307822242399652E-014  -1.2924883642976829E-018   3.3324634750585465E-014  -1.9766947204821198E-018   1.0681546824916984E-017   1.2943222103976361E-019   3.8693070254414062E-018   5.6852649847167838E-014   4.4180778339755300E-018   3.3326106523806035E-014   1.3020087489180000E-017   5.6905161076037723E-014  -6.5644806407560468E-010  -2.6772309948252536E-010   6.1522074780036453E-012   4.9079022446608923E-010   1.2264183700906445E-010   3.8980848505990312E-010   3.4128261811236647E-010  -2.5535220602348748E-010  -1.9014634907813167E-010   1.8573786842110520E-010   1.0690965476510869E-002   2.5515760399637453E-010  -1.9300380363731804E-010   1.0986036102529899E-015   5.8981998849314570E-015  -1.7387786403053997E-015  -9.0132044587186231E-015   4.5442736234518511E-016   1.2538924928555929E-014  -7.6121687259389323E-013  -7.1455056444937243E-002  -3.9345462899247227E-010  -3.6496853162657757E-010   4.8410979251280119E-010   4.0157733463874850E-010  -2.0688278686678685E-010  -2.3034669027364422E-010   8.1616181123357843E-011  -4.1919008719263447E-010  -3.5402397845765529E-010   1.1302570426873379E-010   7.3398523072535177E-011   6.9955407037360712E-011  -3.1234956453791324E-015  -1.4010723313137128E-002  -8.0897060757278211E-011  -1.0031797079515673E-010  -2.7435849381073138E-015  -4.3495937611532033E-016  -6.1087278005492989E-014  -1.5946560576922775E-011  -2.1173659313576446E-011   1.7932189172232342E-011   4.8086009413523300E-012  -1.7853759605848917E-011   2.1532276643430554E-011  -1.5316525471263648E-011  -1.2942125994850589E-011   2.7198195916722926E-011
   4.0233874869417880E-016   5.7608479210445665E-017   5.6188588571091247E-018   6.4285044647205131E-017   2.1170937567253371E-016   5.8058849299474455E-017  -5.5541776879220097E-017   2.5167324902259096E-009  0.11206518030844860       -1.0910650886121569E-008  -2.3927337875604609E-015   9.7102680434257092E-016   9.4188511764430290E-017  -4.0235173631198449E-017   7.0226513553039039E-016  -7.6445680605146679E-017   1.0121657371773401E-015   1.1922299831263039E-009  0.10379198342334185        3.0274840195637657E-009  -1.4142882868453950E-014   1.1487794689833131E-009  -2.3392203259548260E-009  -6.0861472821861532E-009   1.1257620366431061E-009  -1.5639456816335596E-009  -2.6670086830442598E-009  -9.6554979170168297E-011   1.0710689934319483E-009   2.4687420104474480E-009   3.7380196522990482E-009   8.9229844044861720E-015  -5.5219690179681900E-017  -2.2818903254931475E-017   9.0814360116138132E-015  -2.7425879957127669E-016   9.1948294683263508E-015   2.4850410820324198E-009   9.6003366711526594E-002  -2.9770217407431660E-009  -5.6134822912964045E-013   1.6551469392028372E-013   4.7809488224464992E-016  -1.0785576642718023E-016   1.6515736852141017E-013  -1.0266590263782999E-015   1.6637814680135433E-013  -2.5384180215341625E-014   3.3129056134185678E-017   1.5938147062199137E-017  -1.4926145358043132E-014   9.7964709762955145E-018  -1.4895411715348631E-014   3.8780368352446718E-017   1.2948793788597919E-017   2.0989108281980609E-017   1.5023247194719402E-017  -2.5598471809810924E-014   2.8670391089958885E-017  -1.4948421911985598E-014   3.5332865122168424E-017  -2.5458877464846752E-014   2.5181922251820344E-011   1.8491088842497653E-010   3.2482168787369907E-011  -1.8871257110754667E-010   3.2385390639365571E-010   1.5492968455321227E-010  -4.6467487914927679E-011  -5.8805224229963627E-011  -1.2255700606540505E-010   1.9619799915064067E-011   6.2749876286066623E-010   1.0690966195612158E-002   6.2528959012981633E-010  -1.0446709907850918E-015   3.4100039338816057E-015  -5.8841176226971090E-016  -4.9936908421447321E-015  -7.6525965331039124E-015   5.1708665349929470E-015   3.3776525807229537E-013  -1.9132335424533317E-009  -7.1455049592136055E-002   1.4381321647150918E-009  -5.9177036811604935E-011  -1.6372343251031721E-010  -6.6572226573479313E-010   5.1104845452708870E-010  -4.4781094991021210E-010  -4.3165304208953454E-010  -6.2722721612769302E-011  -9.0646124163742057E-012   2.4788307773418945E-010   5.0295647930893963E-010  -5.9088421794728307E-015  -3.8925140528140455E-010  -1.4010722271882855E-002   1.5804426583726211E-010  -1.3697236528387211E-015  -8.6749403173994167E-016   4.2218813123684001E-012   3.4971361813966836E-011  -2.8617037631980696E-011   1.1314942807609184E-011  -1.4373223914191210E-011  -1.6978659087549630E-011  -1.7377052962961299E-011  -3.6650698375168413E-011  -1.1654566868440799E-011   4.8648094466939481E-011
  -5.4904782002037107E-016   9.4610367554293136E-017  -7.0962070699166547E-018  -1.2071943580344921E-016   1.9465188648578729E-016   8.3804886867136101E-017   1.8219996121773708E-016   1.2745531158270657E-009  -1.0910650886121569E-008  0.11206520288214589        8.0261284631604572E-016   8.0462247904587658E-016   3.1126843806664207E-017   7.6260447540715600E-017   7.5172510465805491E-016  -1.8341156135218329E-017   8.6337972015576856E-016  -1.1355980827787433E-009  -3.8496434414374997E-009  0.10379198358095423       -2.6227610630864574E-014   1.0213615478513172E-009   2.2460223566959021E-009   1.2889755194223661E-010   2.5886186956703345E-009   1.2653720847093935E-009  -3.9589212896396205E-009   9.2938279846922815E-010  -1.4308669640064887E-009  -3.4929214850496659E-009   9.7041703271075674E-010   1.5625888373140066E-014   2.5994728261679501E-016   2.6285605726747192E-016   1.5124641529880723E-014   9.6952139465287672E-016   1.6371522750922642E-014  -9.8219188220139458E-010  -6.6105792206982918E-009   9.6003377340774021E-002  -1.0540201342872986E-012   3.1016823499147945E-013   7.5876801169889919E-016   7.7965673020289081E-016   3.0883446673267977E-013   2.8574760888045392E-015   3.1270988999776422E-013  -4.7695386221044170E-014   2.6014760468033310E-017  -9.3970577130530902E-017  -2.7962199711933859E-014   1.0455986915401882E-017  -2.7864290930717232E-014   1.4021252190702511E-017  -4.1408896962692058E-017   8.0677690068388810E-018  -7.4985130750955979E-017  -4.7816634980744510E-014   1.7788397339578751E-017  -2.7898820595193796E-014   1.3974523090322557E-017  -4.7484072364495096E-014  -2.9784772853260075E-010  -8.7284911913872148E-014   7.9111472568959313E-011  -2.2503277429026081E-010  -1.2779893708712217E-010   6.2463023832631168E-010  -1.8443936599151041E-010  -3.8312889358018919E-011   2.4753560370158268E-010  -3.0454143151787794E-011  -5.8559875185399696E-010  -1.0499068262736592E-010   1.0690965989159239E-002  -3.4309179555542767E-015   6.5080989305727181E-015   5.1798998618305490E-015  -1.5524988285460023E-014   2.3192071154269398E-014   1.8554381971193997E-014   6.3089951468981839E-013   1.2497459746906970E-009   4.5559359832447261E-009  -7.1455055680666790E-002   3.5286805007362098E-010   3.1722062351883050E-010   7.2967631359464354E-011   3.1093998858951635E-010   2.6823819668597759E-010  -7.8436323960699577E-010   1.9843599663469313E-011  -1.8975474007482274E-010  -3.4384460519376676E-010   8.7034265233622697E-011  -9.7092729499441332E-015   2.2631586594715642E-010   7.9179375624464222E-010  -1.4010723339937619E-002  -2.3755072795077554E-015  -1.3103336282220216E-015   6.0577142053267597E-012   2.9108625268167461E-011   4.1953015284662870E-011  -4.3910922051178816E-013  -1.1623824467615663E-011  -7.6881840308026340E-012  -9.2470719205933512E-012  -1.4046808293899341E-011  -1.6702240495119488E-011  -2.0798507936440485E-011
   1.0381322944115830E-003  -1.6820867987975492E-010  -5.8801649390148967E-010   1.0996974835170634E-009   5.1562340742691245E-010   7.1699069724308192E-010  -3.4744061199628343E-010   6.5478560245522037E-015  -2.3927337875604609E-015   8.0261284631604572E-016   2.8252110102812693E-002  -6.3121423216163598E-009  -4.4217081911502613E-009   6.6107458539882568E-009   3.9731390826507129E-009   3.3516376660584761E-009   2.3391158191292415E-009   1.7380224285627173E-015  -2.4586404372751608E-015  -4.2090490126359079E-015  0.12982695106590836        1.3265941370403633E-016  -1.7136138145030311E-017   7.8141720738711116E-017   1.3571839492382410E-016   7.8325827302383731E-017  -1.4794439324687804E-016   1.2946756613134551E-016  -1.1138478219476622E-016  -1.3038486516235211E-016   8.7966948125153197E-017  -1.3032084083046307E-009  -9.1079900016617179E-010   2.7678319968030708E-009   2.6757569941078318E-009   2.8279519668677754E-009  -1.3697691416112802E-009   6.1023692227099746E-015  -5.2875891391878469E-015   2.1641590374283795E-015  0.14287245565656173       -8.2352077623642241E-009  -5.2139559555455392E-009   7.1838726770022953E-009   3.5685942485862351E-009   1.9363923325029116E-009   4.7262544688535204E-009  -8.6804359917706762E-010   3.4154234516965210E-010  -1.6381669278465464E-009   5.3843991741913084E-010  -7.1913309403592721E-010   9.7752921101902120E-010  -1.2927890904185006E-009   6.9559873767540775E-010   1.2762315296432106E-009   1.1196982797816278E-009  -2.5893684512862689E-010   1.0378118832037446E-009  -9.2406508242525008E-011  -5.0180169883432332E-010  -5.0888998210326253E-010   2.4371211186529225E-017  -1.5526496438703099E-017   7.8908393114209498E-018   7.8540640284709464E-017   1.4522785183154533E-017   4.0224504603443616E-017   3.1609895537757701E-017   9.1849078112953644E-018  -6.4616923504639793E-017   1.9577689547106994E-017   8.6359902330393794E-015   1.3655690040464027E-014  -4.1546848498761920E-015  -2.3263083981319603E-008  -2.1514424037189557E-008   2.7850947095088880E-008   1.1601798826865571E-008   7.1280622936957466E-009   1.1661289783631463E-008  -3.2995348587569946E-003   1.2423806555012862E-013   1.6415337799637992E-013  -3.9893183313880145E-014   1.0140944788256836E-016  -2.4019646804635748E-017   3.8481296251014448E-018   3.5150535267667071E-018   1.6246552419226881E-017  -4.0488469687877683E-017   1.1771261754413914E-017  -3.9157347294105148E-017  -1.6000254294344598E-017   4.0045854880762503E-017 -0.12431372457286319       -4.4197582004700102E-016  -1.2295853093041129E-016   3.2302562780396817E-016  -4.2221576154965967E-002  -2.1611840550422031E-002  -2.9449720863896348E-017  -1.0669350650678260E-017   6.6185110945833959E-019   2.1555803617825002E-017   4.5006412309347827E-018   1.4428211963574685E-017   1.0179910513562751E-017   2.4248044488082009E-018  -1.7376543290712712E-017  -1.0442480499826647E-017
  -2.1085880748294896E-010   5.4322613532411672E-007   6.9261082307559519E-013  -1.4628792107858068E-012  -2.7161500812925330E-007  -2.0099943615746786E-012  -2.7161112663583438E-007  -1.3161929963862505E-015   9.7102680434257092E-016   8.0462247904587658E-016  -6.3121423216163598E-009   2.7993788979923475E-005  -4.2160090821521132E-012  -2.3433131804501519E-011  -1.3996883013422587E-005   1.2576564138298953E-012  -1.3996905963087169E-005  -1.2067868250625058E-015   9.2885912566998039E-016   8.1063128516742674E-016  -2.8536787371501412E-008  -1.0484072025833686E-017  -8.5262353301706096E-019   1.4317772603311735E-018  -7.3248640289477448E-018   9.8741365363787370E-018   2.3899288904082256E-018   3.4210456807309880E-018   1.1078824621485808E-020   3.3552565244833842E-019  -4.4645803151803758E-018   2.6276695640050388E-004  -1.3211920309869929E-011  -1.4304928150927593E-010  -1.3138345144041779E-004  -3.3182477851186768E-011  -1.3138350493682597E-004  -1.1015402622402708E-015   8.3311765531108438E-016   7.2817905031735845E-016  -3.1217953362760366E-008   8.5599765528599284E-004  -7.8699440460602700E-011  -3.0242497985747929E-010  -4.2799868121915131E-004  -2.1746113045598187E-011  -4.2799897367248147E-004   7.0760059693245621E-013  -7.7510180734459953E-012   9.3543586192439960E-012  -4.8924253376567868E-013  -1.8800888005157451E-012  -8.1296729330657755E-013   3.9892595623226344E-012  -3.2422380816247533E-013   5.0469217278602038E-012  -9.1126973363261029E-012  -5.0675900237856571E-013   4.6074499809980616E-013   1.3193042394437614E-012   9.4058802960170733E-013  -3.2242327446506120E-013  -7.5135041011181521E-019   8.2672876422286043E-018  -1.6378466722377150E-018   5.5925841483861275E-018   1.5665851984059053E-018  -2.5800225663641130E-018  -6.3857602760430873E-018  -1.8029100571421215E-018   3.2322368845431846E-018  -1.4227750130210456E-019   1.9316427011574274E-016   7.0709678849779701E-016   1.2581709824554376E-015   6.8186954240863091E-003  -6.0720081733936660E-010  -2.6221625661597193E-009  -3.4093467344304164E-003  -4.1721669018742323E-010  -3.4093486896554499E-003   3.6278099822710345E-010   5.4947117923236870E-015   7.8854587148358361E-015   1.5905819272208882E-014   2.5864503327611302E-018  -1.9296955518457784E-018   4.8909774988122039E-019   2.3594446007657553E-018  -2.8100855434511488E-018   8.4493250032285132E-020   5.3582788285716973E-018  -3.0927002143032325E-019  -2.2078302407744891E-018   6.2154095113156225E-019   2.4375229044233207E-008   1.6601668769923941E-016  -1.2420546947784552E-016  -1.0506608857157635E-016   7.3561026207935127E-009   4.6983616603880348E-009  -2.1512558132785649E-018   1.5827142788302665E-018  -7.3097020720286647E-020  -1.6571350931294800E-018  -1.1481898846279683E-018   7.6316141136991058E-019  -1.7659686710971645E-019   5.8665924582194650E-019   2.1499184456580907E-018   2.5118034865817794E-019
  -1.5524444787741680E-010   2.6017098533515778E-013   5.4323313556966117E-007  -3.7965907678741370E-013  -2.3059397202724435E-012   2.2212659931404517E-012   2.0459176230691973E-012  -1.4013176455868666E-016   9.4188511764430290E-017   3.1126843806664207E-017  -4.4217081911502613E-009  -4.2160090821521132E-012   2.7993788072745683E-005  -1.0047058161469599E-011  -2.0504728086334895E-011   1.5708295269044085E-011   2.4721457391306481E-011  -2.3038111494428399E-016   3.3006741561758693E-017  -7.0867124628179983E-017  -2.0048964303518608E-008   9.1845880778793585E-018   1.3429756173228672E-018  -1.4460962200974047E-018   3.2854554875413080E-018  -1.0274309486959545E-018   4.4885723491195209E-018   2.6176052205812741E-018  -6.4090052932892501E-019   1.5557075486235879E-018  -1.1154254686953601E-017  -4.1838060162801199E-012   2.6276704417574901E-004  -1.4530452558365302E-011  -1.4472795642968474E-010   9.4112733807762308E-011   1.4891285974335618E-010  -1.6786869064779206E-016   6.8822144449821631E-017   1.1805978796180716E-017  -2.1576624627390377E-008  -5.5738051475173184E-011   8.5599756702944992E-004  -1.0819014431480896E-011  -3.2248787085842448E-010   2.3129709259001901E-010   3.7822408883960884E-010   2.7528757105552231E-012   4.4336159199056453E-012   6.6901801142547095E-012  -2.8236859230649565E-012   2.8512136548928327E-012  -2.0119022938401371E-012  -2.3188762981306968E-012  -3.8085569679267333E-012  -2.8370316639113917E-012  -3.8514573463074265E-012  -1.9392539048988613E-012   1.1996054210035683E-012   6.2303804889032483E-012  -3.3247808626946063E-012  -2.4013819556159856E-012   8.3565301139681858E-018   6.6933018819270563E-018  -6.2538699009084318E-018  -6.5852532537056618E-019  -6.2442055303169583E-019   6.6156795787471396E-019   6.8578471113323317E-018  -6.0213184708041761E-018   4.7709742037700116E-018  -3.6851773430795773E-018  -1.2962197204149604E-015  -5.7122304368657084E-016  -1.5320481181911243E-015  -4.2538941226068371E-010   6.8186953233856347E-003  -1.3123663012353370E-010  -3.0135854965219272E-009   2.1937393563348193E-009   3.4389750034791797E-009   6.4616237175204317E-010  -1.7578275659835390E-014  -7.6448569741803766E-015  -2.1016358097244803E-014  -1.5590810914646499E-018  -6.4956904267720386E-019   1.1461441284414730E-018   1.7463092876593015E-018  -7.8621961311397713E-019   2.1873951978447561E-019   5.9228245946203559E-018   2.6798144061457442E-019   1.9987238047920012E-018  -3.9165541854216739E-018   1.9067468977747487E-008   2.4334187370061266E-017  -1.8550218815972457E-018   5.8245075153439787E-019   6.5523537369435711E-009   3.2765973398866760E-009   2.6396060893078964E-018  -3.5998137536772127E-019   3.8303043125364636E-019  -7.9897917584623247E-019   2.0988751775986979E-019   9.0731823131913255E-019  -2.2610674655403635E-018  -6.8676533461365200E-019  -8.8615402149805441E-019   2.1826689927361292E-018
