 6.0996842522662007E-008  1.0939394120968013E-017  1.9677262303257816E-017  1.8731060780405313E-017 -1.0290114043448672E-006 -1.1502262381034511E-016 -1.8376505153051007E-016 -7.8950600408350393E-017 -6.2768907644354744E-016  5.9642276037026750E-017 -4.6445524644884951E-017 -1.4377047082800742E-016  1.9280404732460527E-016  7.7121102465033955E-016  3.7508777093191497E-016 -1.2844981540717878E-015  1.2343278011937278E-016 -9.6039850203409787E-017 -2.9193117956347295E-016  3.9453856007274640E-016  1.5818647357533927E-015 -2.6743313510820336E-005 -2.5996131456996777E-015 -4.1277622976901887E-015  2.7272166876249799E-016 -2.9619910220142474E-019 -2.6821967977701912E-018 -2.8802478136895852E-016  2.1966131398860063E-020 -1.2745033283156043E-016  5.8338875359223598E-019 -2.3372999823707124E-020  4.0481890828418451E-019  2.7983095571331198E-019 -8.3368238215062766E-005 -8.2431713775627842E-015 -1.3071948502185201E-014 -1.7642273855827090E-015  1.6878784231663342E-016 -1.3139754919382739E-016 -4.0116863093082340E-016  5.4169466456568886E-016  2.1710414764483399E-015  4.7933416817181820E-015 -2.5798497967264612E-004 -2.5383868287451535E-014 -4.0275029106745034E-014 -1.3683730607412180E-016  5.8993344886058348E-019  2.1763585123122506E-018  1.4471940516621250E-016 -3.7497097112668113E-019  4.3507058795763593E-017  3.2029452765585713E-020 -7.1223023402304545E-019 -2.2018256658611973E-019 -1.2184274555904911E-018  2.0197018838783649E-019 -3.8029575762759868E-020  8.0324722390962855E-020  9.2086069633978714E-020  7.3833090030092738E-020  1.1823117239505486E-019  1.0396606699020002E-020  6.2765088337205415E-020 -4.8688720952956115E-020  3.4720926738148516E-020  2.9057668014210342E-019 -1.0985301281775463E-020  5.3796616113214623E-020 -4.6215082706280933E-021  2.8068691113792196E-019 -2.3177042587916728E-015  2.2168220677552447E-016 -1.7289254479971792E-016 -5.2818445254308238E-016  7.1153466713426416E-016  2.8499774140410649E-015  7.3178791990761041E-015 -5.8877056726875656E-017  3.7063587869181640E-019 -8.0177421800014983E-019  5.6944256176740785E-017 -1.7931382281856392E-019  2.8598596193254350E-017 -2.7010550628445094E-019  3.9408237047370912E-019 -7.7793829253910727E-022  4.3959779608923286E-019 -2.4023213346729400E-015 -3.6396463309647057E-015
 1.0939394120968013E-017  6.0996850679423430E-008 -6.5873342916798074E-018  6.4967050984077118E-018 -9.9056791465828042E-017 -1.0290114835953446E-006  6.5004223490679776E-017 -2.6617206549685317E-017 -3.4590575381778382E-016 -8.9070604140190030E-017 -3.4848925589686193E-016 -7.2926362626992096E-017  1.7028041710263605E-016  4.1988239555996453E-016  1.0608353648686002E-016 -7.0685450851974394E-016 -1.8110752657348896E-016 -7.1443842687463448E-016 -1.5058618939513414E-016  3.4967462053166432E-016  8.5965716937185803E-016 -2.1250819967966866E-015 -2.6743315275043209E-005  1.4516207613245653E-015 -3.9653864329594465E-019  2.6236043455848230E-016 -7.5205093076427955E-020 -1.0414581307437595E-018 -1.5791890429258916E-018 -2.0283202771066739E-019 -2.9639819920591720E-016 -8.0017570259460025E-021  3.1631747535557580E-017 -8.7728168425174837E-020 -6.7831836299902521E-015 -8.3368243814057829E-005  4.6082004358889888E-015 -9.7145121004552912E-016 -2.4971990197563278E-016 -9.8035745796203375E-016 -2.0547330249155742E-016  4.7923479220941138E-016  1.1814012591632373E-015  1.3031511939881743E-015 -2.0857566529472438E-014 -2.5798499691308572E-004  1.4189054856030306E-014 -8.6738417976392505E-020 -8.3958702624334770E-017 -1.6344569775676043E-019  6.3786562692750749E-019  1.3516364384300185E-018  7.0918624622982737E-020  8.7879580651026086E-017 -8.7355442465548451E-019 -6.3095490545016200E-017 -2.5203001231020233E-019  2.9599727291445867E-019 -9.0290614585714141E-021 -5.1839134359023560E-020  3.5782450264794766E-019 -1.1435898580621376E-020  3.7472311755840034E-019 -3.6060538243018797E-022 -7.5884927919470161E-020 -2.6738203311787272E-020 -5.6067666770822893E-020  5.8305250111972978E-019  2.9683596708914047E-020  2.9539659786326300E-019  5.7596138536891594E-021  5.9890272070355040E-019 -1.2756582541968359E-015 -3.2753026102235557E-016 -1.2877348454835550E-015 -2.7043724402853166E-016  6.2961337852529620E-016  1.5508475525507038E-015  2.0102119431452772E-015  1.6152058092286272E-019 -3.1516001573467025E-017 -1.1187340291105848E-019  1.3003905763655287E-019 -6.8201668446183044E-019 -1.2179503096711177E-020  2.5299767032807330E-017 -4.2072212855648260E-019 -1.6363023113305957E-017 -1.8784697051904934E-019 -6.5822822339136971E-016 -9.9716141626685614E-016
 1.9677262303257816E-017 -6.5873342916798074E-018  6.0996847598010344E-008 -1.5122806546993117E-017 -1.9322160674775629E-016  6.2685372078571346E-017 -1.0290114536853883E-006  6.3949540073890930E-017  2.3074967044774321E-016 -9.8845264933165426E-018 -3.5092604590670838E-016 -4.8381509205169088E-016  8.5855232227695824E-018  2.5193291395878644E-016 -3.0114576223200595E-016  4.7584150113855770E-016 -2.1574644978191028E-017 -7.2201711026410282E-016 -9.8457462106669505E-016  1.6858905028734013E-017  5.1957151633137170E-016 -4.3967446962257554E-015  1.4030210364800112E-015 -2.6743314608504414E-005 -1.3092339177003852E-018 -1.2632352362220068E-018  2.0817002325551283E-016 -8.1721292108561196E-019 -6.5637218065263296E-019 -3.5652758438947799E-018 -2.2401029827520873E-018 -1.8742621692986721E-016 -9.6680406267268328E-019 -6.8372333727977642E-017 -1.3925102548376400E-014  4.4341305195016805E-015 -8.3368241698943566E-005  6.5426250033102630E-016 -2.9148589797323346E-017 -9.8901017975436197E-016 -1.3540843506900761E-015  2.4046159809825334E-017  7.1462127344079505E-016 -3.5025790995856015E-015 -4.2911524770573810E-014  1.3658708608458491E-014 -2.5798499040008920E-004 -9.1721124461613787E-019  1.8386599366320739E-019 -6.2272585297693896E-017 -5.8379903473785582E-019  4.0153486294827128E-019  1.8169541224379989E-018 -2.4007330098893421E-019  6.2042203604790913E-017 -3.5798661716101357E-019 -1.8052009042514567E-017  1.0090570213185491E-018  1.5153832213669870E-020 -9.5999267394339694E-022  5.6452838742145473E-019 -5.4502687640151370E-020  5.5839294082952701E-019 -3.1527865544085732E-020 -4.7053155854272870E-020  3.3350997042940524E-020 -4.1609735649256056E-020  8.4277718289740802E-019 -6.4897607691581088E-021  5.3162362812877272E-019 -3.1739332570702667E-020  8.3187823433853925E-019  8.5610101901909333E-016 -3.8262310979974448E-017 -1.2997865873318490E-015 -1.7798807119253471E-015  3.0880820159220150E-017  9.3472101616867312E-016 -5.3095892970005099E-015  6.7260768079376892E-019 -3.0069708931422902E-020 -2.7486237836748303E-017  2.6309023866636947E-019  6.4328551845492104E-020 -9.5145406566617692E-019 -8.4251136117293366E-020  1.5006309935160615E-017 -2.2273791105923081E-019  2.7754794567751035E-018  1.7475811605080770E-015  2.6478494440157701E-015
 1.8731060780405313E-017  6.4967050984077118E-018 -1.5122806546993117E-017  6.2880044379884939E-006 -8.7018446302960168E-017 -4.3852858681305194E-017  7.9082582698476157E-017 -2.8937682882713539E-005  3.0439946962973382E-011 -8.8909559911579560E-014 -3.1642988381026579E-014 -2.4929295555685846E-011  4.2415174439072390E-014 -5.5110862653518598E-012  1.4678618439082784E-004  6.2228096982896717E-011 -1.8168258151670137E-013 -6.4252286199805551E-014 -5.0953901637838330E-011  8.6684363860023132E-014 -1.1267254169713971E-011 -9.4669850435936059E-016 -8.7330905789403539E-016  1.4025723686417618E-015 -3.4263190751208293E-018  3.2610656811865586E-018 -6.9664112937264934E-018 -1.6708898493513291E-019  1.6855421903628599E-018 -2.5646967035987689E-021 -3.7705900454995295E-018 -8.6436860365590041E-018  3.3455520532600277E-018 -1.0931141919556126E-017 -3.3868348581315275E-015 -2.7745030468292137E-015  4.4935900204572692E-015  8.5561164877176132E-011 -2.4987635089439626E-013 -8.8920053787919016E-014 -7.0064701390763295E-011  1.1921519191604622E-013 -1.5486811772880978E-011  1.8469785210106218E-003 -1.0102386328625462E-014 -8.5399683077956545E-015  1.3736034604007801E-014 -6.8744094076158047E-018 -2.7895755503557351E-018 -2.0849597320256653E-018 -2.0070647742197537E-018 -1.4425848485445392E-018 -3.7823047798520735E-018 -6.8568240645101059E-020 -1.0925950332125359E-018 -3.4325494638302669E-018 -2.7438912622960540E-018  6.3560335276928231E-016 -3.6395657801823861E-019 -1.4701508623628377E-018  2.7070711708408506E-016 -4.2386720321923643E-020  2.9002556336495054E-016 -2.6977616469866398E-019 -7.4382627844404426E-019  6.3195484265060420E-019 -8.5152359880280783E-020  5.7007885787264674E-016  6.5812944412342856E-019  3.5478870195936062E-016  2.7429049854168693E-019  5.5370853886729528E-016  1.1228201236167517E-010 -3.2787061388735036E-013 -1.1625486557837187E-013 -9.1945392366340204E-011  1.5642441789526417E-013 -2.0328705849109808E-011  2.8176137746592444E-003 -4.0091000752718616E-018  4.0263643665210232E-019 -4.2911657708319722E-020 -5.7495452523515055E-019  3.9174739109316515E-020 -1.0676202700131962E-018 -3.3383918947708467E-018  4.2315362059989160E-019  1.0116615820003182E-018 -1.8491419092160296E-018 -9.2530544940938597E-004 -1.4018915783998455E-003
-1.0290114043448672E-006 -9.9056791465828042E-017 -1.9322160674775629E-016 -8.7018446302960168E-017  1.7359332491323602E-005  4.9821570560940188E-016  7.5970324424518160E-016  2.7814592964997599E-016  4.2562960610312918E-016 -1.1775528625488502E-016 -5.8289903798189181E-019  2.6746108067389874E-016 -4.5376540860025203E-016 -6.8889813188973095E-016 -9.8259020468388433E-016  8.5638411221566236E-016 -2.6299753731086388E-016  1.4449205830428566E-017  5.0576895580035858E-016 -9.2431654941625243E-016 -1.4538478266531375E-015  4.5115736248774131E-004  6.3732866024036857E-015  8.8096364886609212E-015 -4.6007907255941245E-015  4.9968533409173904E-018  4.5248426120927166E-017  4.8589528982960652E-015 -3.7056672127116315E-019  2.1500759801130962E-015 -9.8417177271427791E-018  3.9430003901838762E-019 -6.8292595739675089E-018 -4.7207239300788511E-018  1.4064148951901398E-003  2.2217234940415109E-014  3.0908828273641681E-014  1.1810207119612781E-015 -3.4908696283129148E-016  1.1597280401616539E-017  6.9919186170981883E-016 -1.2675652690280875E-015 -1.9754509892329460E-015 -1.3606931474788466E-014  4.3521840681212702E-003  6.6646055503278524E-014  9.2671752089275690E-014  2.3084333986245150E-015 -9.9521258600190460E-018 -3.6714978106073834E-017 -2.4414037216883875E-015  6.3257275261796617E-018 -7.3396028086959022E-016 -5.4033394758008556E-019  1.2015261963731423E-017  3.7144605724662455E-018  2.0554764686331011E-017 -3.4072193776731066E-018  6.4155561678073672E-019 -1.3550710464054279E-018 -1.5534839584105216E-018 -1.2455577861673525E-018 -1.9945495845153563E-018 -1.7538984354259268E-019 -1.0588415584499911E-018  8.2137446957052802E-019 -5.8573900245872529E-019 -4.9020031898887291E-018  1.8532107839896525E-019 -9.0754418459933003E-019  7.7964440446643185E-020 -4.7351636380470802E-018  1.5668348683229821E-015 -4.5896084440314696E-016  2.1016569850934553E-017  9.4136873958818225E-016 -1.6677297737042082E-015 -2.5771796651125853E-015 -2.0850711255490466E-014  9.9325080316748694E-016 -6.2525949370789006E-018  1.3525860947767363E-017 -9.6064462674416231E-016  3.0250085243217860E-018 -4.8245581925514217E-016  4.5566563281442531E-018 -6.6481351270917433E-018  1.3123727557645794E-020 -7.4159764082195554E-018  6.8326539348919201E-015  1.0351695608129993E-014
-1.1502262381034511E-016 -1.0290114835953446E-006  6.2685372078571346E-017 -4.3852858681305194E-017  4.9821570560940188E-016  1.7359332843855946E-005 -2.7939689318408423E-016  1.4646390312206352E-016  5.7877010065744310E-016  1.7044004843899199E-016  2.5060579319567564E-016  1.4279008946304465E-016 -2.8315588151801249E-016 -7.3927830603562810E-016 -2.5485596483690656E-016  1.1598844867272232E-015  3.2720245722501292E-016  5.2654793614214883E-016  3.1341847253687994E-016 -5.9620410151382413E-016 -1.5106946369356630E-015  5.3680099259778415E-015  4.5115736666571091E-004 -3.2497526315093543E-015  6.6895722013886618E-018 -4.4259973587915560E-015  1.2687031097402310E-018  1.7569306354408739E-017  2.6640779677517481E-017  3.4217582506105349E-018  5.0002114421103447E-015  1.3498908329760674E-019 -5.3362478714348862E-016  1.4799665080859192E-018  1.9408880951448182E-014  1.4064149098894584E-003 -1.1530681923202010E-014  1.6057360378156624E-015  4.6644903158656770E-016  7.1056402212840453E-016  4.0815748584017657E-016 -8.0263560477860783E-016 -2.0894158437864186E-015 -2.6724459966623269E-015  5.7814923169988808E-014  4.3521841121615112E-003 -3.4482008864789133E-014  1.4632692951604987E-018  1.4163758978686703E-015  2.7573145373555770E-018 -1.0760736623217171E-017 -2.2801987337783757E-017 -1.1963908855371516E-018 -1.4825207638786756E-015  1.4736785939876757E-017  1.0644153527716019E-015  4.2517240611136507E-018 -4.9934478298805916E-018  1.5231947492593257E-019  8.7452163895570427E-019 -6.0364677642095868E-018  1.9292259200098164E-019 -6.3215459190170730E-018  6.0833761017082224E-021  1.2801720211599765E-018  4.5107112727582557E-019  9.4585657431750174E-019 -9.8360441950239117E-018 -5.0075964968416727E-019 -4.9833145051294218E-018 -9.7164177212962216E-020 -1.0103435992797453E-017  2.1079826474390683E-015  6.0581090526204146E-016  9.3888265113291381E-016  5.4631910626141367E-016 -1.0588803612572604E-015 -2.7344684904209960E-015 -4.4517505253203861E-015 -2.7248380019656336E-018  5.3167216298707420E-016  1.8872944472081313E-018 -2.1937473523006317E-018  1.1505561229508770E-017  2.0546717488221426E-019 -4.2680483531679995E-016  7.0975451383166699E-018  2.7604275470592438E-016  3.1689618000617282E-018  1.4294625499773513E-015  2.1641562587128645E-015
-1.8376505153051007E-016  6.5004223490679776E-017 -1.0290114536853883E-006  7.9082582698476157E-017  7.5970324424518160E-016 -2.7939689318408423E-016  1.7359332711650742E-005 -2.6868896360390929E-016 -4.5748681704140404E-016 -4.2782789171975077E-017  5.8730403163335668E-016  5.9959790577571385E-016  3.7337250776731419E-017 -1.2300578436458878E-016  9.7090296304991900E-016 -9.9261367842847637E-016 -6.5127614117454894E-017  1.2597176234380078E-015  1.1233336815306635E-015  8.8653876318431983E-017 -3.1356279726778459E-016  9.2012638297998006E-015 -3.4465513129970961E-015  4.5115736509898679E-004  2.2086661694345561E-017  2.1310667121284530E-017 -3.5118099816563414E-015  1.3786309397666113E-017  1.1072940954204437E-017  6.0145889574856951E-017  3.7790340504432447E-017  3.1618637935651923E-015  1.6309899473815472E-017  1.1534352559497879E-015  3.2376587628287844E-014 -1.1763458328723136E-014  1.4064149043765172E-003 -1.3768564157486259E-015 -9.7511727933807138E-017  1.6877848401226636E-015  1.5767187671992225E-015  1.0664927280446475E-016 -4.4952731734907870E-016  7.3805235464847439E-015  9.7152965469307714E-014 -3.5342651619483249E-014  4.3521840956460521E-003  1.5473272686509879E-017 -3.1018030752717379E-018  1.0505330364704832E-015  9.8486387161578295E-018 -6.7738578207554923E-018 -3.0651856120157052E-017  4.0500154043116446E-018 -1.0466465175710519E-015  6.0392027901647390E-018  3.0453580468692219E-016 -1.7022703224502583E-017 -2.5564381564740960E-019  1.6195011971253451E-020 -9.5235442180092580E-018  9.1945554607520704E-019 -9.4200398100969840E-018  5.3187231771765841E-019  7.9378259057836792E-019 -5.6262838680639353E-019  7.0195256899117841E-019 -1.4217576980596204E-017  1.0948169363394578E-019 -8.9684438500945549E-018  5.3543974865514498E-019 -1.4033712657630532E-017 -1.7563173138786575E-015 -1.2830795018843011E-016  2.2337810297807468E-015  2.0994632382734566E-015  1.5179647571037688E-016 -5.2772508565442254E-016  1.0690897028940756E-014 -1.1346832555329931E-017  5.0727336939450789E-019  4.6369041460997817E-016 -4.4383090465685145E-018 -1.0852170112046835E-018  1.6050946467259038E-017  1.4213092357179659E-018 -2.5315512864729908E-016  3.7575689797854968E-018 -4.6822094302820800E-017 -3.5768558782985409E-015 -5.4218832669520007E-015
-7.8950600408350393E-017 -2.6617206549685317E-017  6.3949540073890930E-017 -2.8937682882713539E-005  2.7814592964997599E-016  1.4646390312206352E-016 -2.6868896360390929E-016  1.3317253492403278E-004 -1.1562203489978678E-011  1.2527685170265856E-014 -8.4728692637926600E-014  8.4487518564888286E-012  1.0742348750224467E-014  3.1154528701320446E-012 -6.7551670762244515E-004 -2.3181476865882348E-011  2.3863599696124977E-014 -1.7602831038985291E-013  1.6854838032054761E-011  2.2802698988684603E-014  6.2946952289296793E-012  1.1778151185359297E-015  2.5805260810595487E-015 -3.9791487335054393E-015  1.5768076776649663E-017 -1.5007569488173057E-017  3.2059738165357158E-017  7.6895095787734115E-019 -7.7569418902730274E-018  1.1802924164886464E-020  1.7352434606680485E-017  3.9778633087143393E-017 -1.5396379757000048E-017  5.0305604298886010E-017  5.6765203460048101E-015  8.2841392667782099E-015 -1.2962543074271171E-014 -3.2324950273056765E-011  3.4526565006839530E-014 -2.3857357702267708E-013  2.3571455063842571E-011  3.0502452081067136E-014  8.7090775842458643E-012 -8.4998792954552125E-003  1.5825383834791065E-014  2.5424705324922529E-014 -3.9332914321925269E-014  3.1636344972632036E-017  1.2837754570228764E-017  9.5950789304526792E-018  9.2366033080740826E-018  6.6388412002475549E-018  1.7406338581660172E-017  3.1555610688953589E-019  5.0281713540964308E-018  1.5796749878766206E-017  1.2627511002439986E-017 -2.9250760215689395E-015  1.6749474935382760E-018  6.7657026312917818E-018 -1.2458058617738103E-015  1.9506512864344888E-019 -1.3347106126506600E-015  1.2415192308020340E-018  3.4231216733459441E-018 -2.9082855351811922E-018  3.9187434453709171E-019 -2.6235291548552756E-015 -3.0287413948550269E-018 -1.6327537960633968E-015 -1.2622973743435271E-018 -2.5481919910654361E-015 -4.2100036649763267E-011  4.4126467226757009E-014 -3.1565594362608449E-013  3.0665479044140649E-011  4.0641580636230126E-014  1.1398136344623984E-011 -1.2966786951431901E-002  1.8450060854206468E-017 -1.8529510639618249E-018  1.9748095767809733E-019  2.6459668233201893E-018 -1.8028393490440022E-019  4.9132371204227740E-018  1.5363431935088555E-017 -1.9473726619185889E-018 -4.6557125409308584E-018  8.5098343417070460E-018  4.2582978318032594E-003  6.4515689089842685E-003
-6.2768907644354744E-016 -3.4590575381778382E-016  2.3074967044774321E-016  3.0439946962973382E-011  4.2562960610312918E-016  5.7877010065744310E-016 -4.5748681704140404E-016 -1.1562203489978678E-011  3.3805395370590137E-002 -1.4429952855344812E-014 -3.0003025226681020E-014 -1.6902697687065461E-002  8.3993578263927675E-015 -1.6902697683517674E-002  2.5677606710452552E-011  6.9227736399786077E-002 -7.2293601505269476E-015 -1.9871617672383145E-014 -3.4613868200592389E-002  2.7540896771279095E-015 -3.4613868199094733E-002 -3.2436204505895464E-017 -6.3830353123046080E-015  7.1059934563818022E-015 -6.0466343601190134E-017  1.2174291481196971E-015 -1.2839712002697768E-015 -8.8819998657475103E-017  1.9012483282445004E-017 -4.1118846685089288E-017  2.6876993039359757E-015 -1.2699122007496158E-015  1.1881606994773428E-015 -2.8420752798488388E-015 -4.4913379727365842E-016  1.9279656595035770E-015 -2.3142163376121581E-015  9.5066676464620956E-002 -2.7745338919641786E-014 -5.3361425949523190E-014 -4.7533338235417534E-002  1.4653046827152611E-014 -4.7533338229056366E-002 -2.4207587827475082E-011 -1.5638660076136932E-015 -1.1343773328245648E-016  1.1841383867259979E-015 -9.2415375504655300E-017  2.8454896170116863E-016 -3.0050822128521746E-016 -6.9590655778402846E-017  5.9485743534236305E-019 -1.0289297976082029E-016  6.3788035444756540E-016 -3.0531307489374637E-016  2.8656456256185585E-016 -6.6679358086777015E-016 -1.0941954001511962E-013  2.6614620751230188E-016  1.3263711384202945E-016  1.3382202010451351E-013  2.1345155520331662E-017  9.3799974252295735E-014 -2.7509204974043713E-016 -5.8582269074957919E-017 -1.2587297324808009E-016 -1.2845756343840274E-016 -4.4534814062599286E-014 -1.6364549493277730E-017 -2.0228069702555332E-014 -1.2417909943110558E-017 -2.0650334389184290E-014  1.2484028324008821E-001 -2.6076525564667386E-014 -5.3731825707538164E-014 -6.2420141622959509E-002  1.3320967651110661E-014 -6.2420141616963541E-002  2.8090564684870149E-011 -9.0539503244615291E-017  8.7352478923127188E-017 -1.6601861192654571E-016 -2.6184026704459751E-017 -5.0444787987656095E-019 -2.6991279559485861E-018  1.8954707118866836E-016 -1.5914035649214994E-016  8.6591647558195888E-017 -3.6234358021478078E-016 -6.5772108060327393E-012 -7.6926160296088065E-012
 5.9642276037026750E-017 -8.9070604140190030E-017 -9.8845264933165426E-018 -8.8909559911579560E-014 -1.1775528625488502E-016  1.7044004843899199E-016 -4.2782789171975077E-017  1.2527685170265856E-014 -1.4429952855344812E-014  3.3805395367182439E-002 -3.5248845072901253E-015  1.2130358503443158E-014  9.6400596488382122E-015 -5.0978138964837908E-016 -4.2570096603195332E-014 -7.7855760900369018E-015  6.9227736398769738E-002 -1.7972928471638714E-015  2.9631488491520793E-015  3.8345469847114139E-015 -3.7700874609310840E-015  6.6807809105829324E-016 -2.9959610090465998E-015  1.5278889350981817E-015 -2.1360612249203878E-016  5.6904641510596088E-016 -3.2932551512055756E-016 -1.0966066816331928E-016  2.3215973746649494E-017 -8.9858943121417931E-017  1.3312766839640059E-015 -3.4106583309206792E-016  5.0635271372319366E-016 -7.9314415034562289E-016  1.0239706832518387E-015  1.7565326261788014E-015 -1.3447579577648245E-015 -2.7031642001965034E-014  9.5066676457946628E-002 -6.4427593753553683E-015  2.1310902766918226E-014  1.7019545401036257E-014 -4.1933734293625996E-016  6.3112282050324872E-014  2.1538973563720912E-015  1.3281510035483590E-015 -1.9158870856278266E-015 -6.0158976399178500E-016  7.2433270326180368E-017 -2.3664902668730276E-017 -2.8754431125116584E-016 -1.1277237097248565E-017 -3.0554467572518862E-016  1.2047289415883299E-016 -3.9881365278073426E-019  9.7711182803440251E-017 -3.4237258979926746E-017 -5.5109104048751205E-016 -1.4419978969858926E-013 -1.3022024823563694E-017  1.9653947292974890E-016  7.9028448669718163E-017 -2.7476626320211629E-016  1.2402770545046344E-013  3.4529057646595650E-017  2.5175729018568087E-014 -3.1237748579980749E-017 -4.7493376717811667E-016 -1.4955792568218370E-016 -2.5759679476286784E-016 -1.5335175948959388E-016 -3.9135206228105374E-016 -2.3462968537252483E-014  1.2484028323441973E-001 -6.4965719965432906E-015  2.0835918907688891E-014  1.6897541770437182E-014 -1.4060257515364023E-015 -9.3567237242833006E-014 -2.6902620251387547E-016  6.3162040455267211E-017 -1.7433063728900581E-017 -1.0845806483448556E-016  2.0178163378376692E-018 -1.0875989274686432E-016  1.8165306221500770E-016 -2.8269825468193572E-017  6.0597207024932073E-017 -7.3596781622999533E-017  2.2203936267617750E-014  2.6436618447551540E-014
-4.6445524644884951E-017 -3.4848925589686193E-016 -3.5092604590670838E-016 -3.1642988381026579E-014 -5.8289903798189181E-019  2.5060579319567564E-016  5.8730403163335668E-016 -8.4728692637926600E-014 -3.0003025226681020E-014 -3.5248845072901253E-015  3.3805395365409774E-002  3.0855514141730087E-015  7.4388448727723640E-015  2.1214011537065714E-014  6.6878655497439011E-014 -1.5435260658541617E-014 -1.3456318046454782E-015  6.9227736397933212E-002  4.3440883578028017E-015  2.6111533849903258E-015  1.3211249070529621E-014  1.8708796028356416E-015 -4.6538854737216111E-015 -4.0261161692083504E-015 -9.7952620318407676E-016  8.6234182572651781E-016  5.3535511568566378E-016 -4.2310487089366943E-016 -1.7056314324634110E-017 -4.3965317734617900E-016  1.8090280442089284E-015  5.3611222025122078E-016  8.1528768972737431E-016  1.2303201863663471E-015 -6.6335880720280505E-016  1.2357860348802740E-015  1.1188552656186254E-015 -4.1559315890399823E-014 -5.6815191551247310E-015  9.5066676454874585E-002  1.3336582344984635E-014  1.2214672201209354E-014  4.4963197131783181E-014 -1.4944170921758242E-014 -8.9223501939480681E-016 -2.2658237510689297E-015 -3.8186759635366022E-015 -4.3941040813301542E-016  2.8800362005734652E-016 -2.7352681621628217E-016 -2.0282044968723800E-016  6.1378547136296693E-018 -1.8774765035143410E-016  6.8160382402992451E-016 -2.9570445276628502E-016  3.0581076849238474E-016 -6.4736300283245940E-016  1.3932361697346365E-015 -8.8066179937224561E-017 -1.2494293943756098E-013  9.8568783175386483E-016  2.5388062119824538E-016  1.1650663144282414E-015 -9.5098851750610445E-017  6.3983651654805444E-014 -2.0392640431156315E-017  7.3338796269559245E-014  1.9445354205112630E-015 -1.1861382971470376E-016  1.0680446834172832E-015 -1.1194150776690423E-016  1.7731195096213959E-015 -4.0215940258080815E-014 -5.6645479410543864E-015  1.2484028323138949E-001  1.2940378618224834E-014  1.1746183158304738E-014  4.5618473103868289E-014 -1.3258172148207438E-013 -1.8580678624399925E-016  2.9819509410031926E-016 -1.4702176494556169E-016 -8.0942141221207365E-017  4.3836088822199497E-018 -7.8084442797480340E-017  6.9379077648033164E-016 -1.4975924559360364E-016  2.8784163845957771E-016 -3.1112683217188683E-016  3.9306022728601697E-014  4.9941292047917861E-014
-1.4377047082800742E-016 -7.2926362626992096E-017 -4.8381509205169088E-016 -2.4929295555685846E-011  2.6746108067389874E-016  1.4279008946304465E-016  5.9959790577571385E-016  8.4487518564888286E-012 -1.6902697687065461E-002  1.2130358503443158E-014  3.0855514141730087E-015  3.3805395370393052E-002  2.0063734115471184E-015 -1.6902697683326834E-002 -2.0129696111672725E-011 -3.4613868200611138E-002  3.4578161753022936E-015  3.3174275518214615E-016  6.9227736400011300E-002 -9.6988742455468115E-018 -3.4613868199374849E-002  2.0041664055965367E-016 -1.3868825321463074E-015 -7.8842026713753188E-016 -2.6491482924474049E-016  1.6874324040461326E-016  8.4975111512489184E-017 -7.8883597060057788E-017 -4.2669922351622287E-019 -1.2427309240073431E-016  3.0077493824941249E-016  4.5459113214489555E-017  1.9101907597606052E-016  2.2118031846003519E-016  7.2766087460966316E-016 -3.3153379863830237E-016  2.0820249085563275E-015 -4.7533338235449259E-002  2.0439502340667617E-014  3.6635698632957636E-015  9.5066676463769484E-002  3.4686972744348035E-015 -4.7533338228299526E-002  1.9410817732037065E-011  1.5823996158995664E-015 -3.4663858183823680E-015  3.3437603069008507E-015  8.7113911879354883E-018  2.0321934792990634E-017 -8.7198949644118329E-017  1.9877144569323073E-017 -3.8807021624220141E-018  1.6766815266357633E-017 -2.7735884390106646E-017 -8.8697565937346504E-017 -1.6181648725488527E-017 -2.3243941385051685E-016  6.6958944118689778E-014 -1.5587078907493522E-016 -8.5889186584811365E-017 -1.3614663546870549E-013 -8.3195518466997624E-018  2.1969266709588623E-014  4.1973345827650496E-016  8.2875220675600263E-017 -6.6065813249705495E-017 -1.1268594268666338E-016  8.9155256153128622E-014  4.0430276057823701E-017 -2.0161074838267086E-014 -3.0432629491355206E-017  5.3134815019957607E-015 -6.2420141622998804E-002  1.8157067451190159E-014  9.0472945786096649E-016  1.2484028323990913E-001  2.3588042541451253E-015 -6.2420141616897518E-002 -2.4077219174841550E-011  3.6731401511089308E-017  5.7042163564503491E-017 -2.6321003848439120E-017  1.5396839785283417E-017 -4.0849323662850519E-019 -2.1550375408472137E-018  1.2467501099842153E-016 -3.0350374495683186E-017  6.4111767850809844E-017 -6.5803720122854116E-017  5.7197446982360360E-012  6.7401819783834135E-012
 1.9280404732460527E-016  1.7028041710263605E-016  8.5855232227695824E-018  4.2415174439072390E-014 -4.5376540860025203E-016 -2.8315588151801249E-016  3.7337250776731419E-017  1.0742348750224467E-014  8.3993578263927675E-015  9.6400596488382122E-015  7.4388448727723640E-015  2.0063734115471184E-015  3.3805395369763465E-002 -1.2042520823316758E-014 -5.8549247225653859E-015  5.9908830987887359E-015  3.8190662072480783E-015  3.9640159918216794E-015  3.3826180532543957E-015  6.9227736399758225E-002 -1.5588508917260199E-015  1.7688472776715439E-016  2.8770643338214724E-015 -3.9375679570487658E-015  1.8617481994627635E-016 -4.2872696522227218E-016  7.4963907551074963E-016  1.0547975754334084E-016  2.8830846627865153E-018  3.2595159021158855E-017 -1.0959621433605204E-015  7.9067097149093923E-016 -4.9604217715087311E-016  1.7714527421387791E-015 -6.0180175889670892E-016 -7.4742915672952404E-016  7.5799227668987752E-016  1.9867221763478776E-014  1.7194396108291983E-014  1.3545164950467037E-014  8.0477873875817929E-015  9.5066676462585209E-002 -1.7507316987472715E-014 -2.9636639210161399E-014 -6.4846027964447068E-016  1.4206444536257271E-015 -9.4104657223281065E-016  8.5212776912108363E-017 -1.2085016221015513E-016  1.9306013692453420E-016  3.2420335946450224E-017 -1.0516704997132278E-017  4.7530772931604594E-017 -2.5511618482793473E-016  1.9263542970959752E-016 -1.2359780352699147E-016  4.1207621994852428E-016  2.4357752239813869E-016 -1.9496777413186868E-016 -6.0079359363668172E-017  2.1680006307819588E-016 -9.2561411414350620E-014  2.5676626257221663E-016 -1.8579019842661458E-016  2.9099054402891027E-016  5.6741936090558190E-017 -4.9393721110187379E-017  4.9092459646625434E-016  6.6010040472100883E-014  3.7967910554678903E-016 -3.3536068772604043E-015  5.8120624071862124E-016  1.7597069166775807E-014  1.6964548241956567E-014  1.3740405860126757E-014  6.6122503225692459E-015  1.2484028323887192E-001 -1.6431524927619446E-014  4.2172244894178157E-014  2.9947125828892445E-017 -9.5900690551289122E-017  5.8974812314570746E-017  1.6321633708477919E-017  1.2924555513066987E-017  5.6506918666323284E-019 -2.2147089100106815E-016  5.6649713246054523E-017 -9.1232943421932649E-017  1.1784067389043357E-016 -9.1301064242278190E-015 -1.0423020657445763E-014
 7.7121102465033955E-016  4.1988239555996453E-016  2.5193291395878644E-016 -5.5110862653518598E-012 -6.8889813188973095E-016 -7.3927830603562810E-016 -1.2300578436458878E-016  3.1154528701320446E-012 -1.6902697683517674E-002 -5.0978138964837908E-016  2.1214011537065714E-014 -1.6902697683326834E-002 -1.2042520823316758E-014  3.3805395366836757E-002 -5.5580618569896460E-012 -3.4613868199160611E-002 -1.9815845867645131E-015  7.8601519289146254E-015 -3.4613868199417357E-002 -6.0962509153014303E-015  6.9227736398453713E-002 -5.9018757703444020E-017  7.3094359474323649E-015 -5.8210391966764428E-015  3.2538117284518592E-016 -1.3861723885197835E-015  1.1989960887534555E-015  1.6770359571875155E-016 -1.8585784059054174E-017  1.6539193908645303E-016 -2.9884742421897231E-015  1.2244530875387422E-015 -1.3791797754528518E-015  2.6208949613898090E-015  6.1144487828087336E-017 -3.0319145849627334E-015  1.7800611119923508E-015 -4.7533338229152032E-002 -5.9462337630976111E-016  3.3658722221797579E-014 -4.7533338228349820E-002 -2.2724682164987765E-014  9.5066676457334104E-002  4.6690390289164840E-012  1.0325880623662155E-015 -8.6231159719764609E-016  2.6202055087488571E-016  8.3703984317862885E-017 -3.0487089649538046E-016  3.8770717093056124E-016  4.9713511208690381E-017  3.2858447271966944E-018  8.6126164494542127E-017 -6.1014447005586829E-016  3.9401064082994133E-016 -2.7038291383718198E-016  8.9923299471867176E-016  4.2460595896365086E-014 -1.1027541842528258E-016 -4.6747927236009743E-017  2.3246153641891484E-015 -1.3025603669191410E-017 -1.1576924096187366E-013 -1.4464140854634046E-016 -2.4292951611406678E-017  1.9193878649560180E-016  2.4114350611264706E-016 -4.4620442090567075E-014 -2.4065726567752416E-017  4.0389144540788436E-014  4.2850539434632791E-017  1.5336852887144826E-014 -6.2420141617063572E-002 -2.4553221107567817E-015  3.1764720879577408E-014 -6.2420141616946832E-002 -2.1724285910964996E-014  1.2484028323383244E-001 -4.2082025743477484E-012  5.3808101734065496E-017 -1.4439464248821808E-016  1.9233961577547017E-016  1.0787186918998287E-017  9.1294111648840165E-019  4.8541654967916062E-018 -3.1422208218646612E-016  1.8949073098748988E-016 -1.5070341540936659E-016  4.2814730033764268E-016  9.2145724281071543E-013  1.0493843429652338E-012
 3.7508777093191497E-016  1.0608353648686002E-016 -3.0114576223200595E-016  1.4678618439082784E-004 -9.8259020468388433E-016 -2.5485596483690656E-016  9.7090296304991900E-016 -6.7551670762244515E-004  2.5677606710452552E-011 -4.2570096603195332E-014  6.6878655497439011E-014 -2.0129696111672725E-011 -5.8549247225653859E-015 -5.5580618569896460E-012  3.4265535497794188E-003  5.0067636282904009E-011 -7.8091618779643928E-014  1.4973007705022726E-013 -3.8955938078584040E-011 -1.6069115122338057E-014 -1.0949664502610086E-011  5.1568476414977556E-015 -4.0480034838182484E-016  9.9958712725522350E-015 -7.9983454030798579E-017  7.6125785135173102E-017 -1.6262278574538060E-016 -3.9004979186137693E-018  3.9347030886249697E-017 -5.9870185391972420E-020 -8.8020099495172265E-017 -2.0177682385188822E-016  7.8098022514970781E-017 -2.5517480676829950E-016  5.9060569688362425E-015 -2.4779792053709210E-015  3.3991820982006224E-014  7.1246215169373327E-011 -1.1614618122817529E-013  1.8960480141859699E-013 -5.5655044929044971E-011 -1.7951773243281476E-014 -1.5365862163253099E-011  4.3115575446014187E-002  2.7106335041506022E-014 -6.5990914270127323E-015  1.0123204401499510E-013 -1.6047512792632475E-016 -6.5119416193972589E-017 -4.8670967356513396E-017 -4.6852602596424212E-017 -3.3675473346124788E-017 -8.8293524839757003E-017 -1.6006566399255916E-018 -2.5505362085142898E-017 -8.0128898236072228E-017 -6.4052956523435421E-017  1.4837426796558227E-014 -8.4961592423033335E-018 -3.4318975816678817E-017  6.3193409580250982E-015 -9.8946659189510827E-019  6.7703097284528097E-015 -6.2975967859399142E-018 -1.7363760222321111E-017  1.4752257174645527E-017 -1.9877804469855175E-018  1.3307832474801529E-014  1.5363268653290893E-017  8.2821316793096253E-015  6.4029941816333687E-018  1.2925685222495871E-014  9.1791028004424356E-011 -1.4636687453927040E-013  2.6097950186671044E-013 -7.1623366116393875E-011 -2.6547370975386459E-014 -1.9982915308618021E-011  6.5773931801100152E-002 -9.3587798383204131E-017  9.3990806461086420E-018 -1.0017205842622316E-018 -1.3421647320537609E-017  9.1448893955374596E-019 -2.4922359302869212E-017 -7.7930896070468720E-017  9.8780336944065818E-018  2.3616067697082758E-017 -4.3166072048141896E-017 -2.1600184550488885E-002 -3.2725536018988088E-002
-1.2844981540717878E-015 -7.0685450851974394E-016  4.7584150113855770E-016  6.2228096982896717E-011  8.5638411221566236E-016  1.1598844867272232E-015 -9.9261367842847637E-016 -2.3181476865882348E-011  6.9227736399786077E-002 -7.7855760900369018E-015 -1.5435260658541617E-014 -3.4613868200611138E-002  5.9908830987887359E-015 -3.4613868199160611E-002  5.0067636282904009E-011  1.4176670423466203E-001  2.9765567463067497E-014  5.3518519470160680E-014 -7.0883352112809384E-002 -1.7315418335406956E-014 -7.0883352121650062E-002 -4.6232936129070727E-016 -1.3729917552741485E-014  1.3102760911990858E-014 -1.2382485248496064E-016  2.4930891423966334E-015 -2.6293560190766487E-015 -1.8188834614219687E-016  3.8934352508217962E-017 -8.4204448693062996E-017  5.5039539370414457E-015 -2.6005655641129105E-015  2.4331523061181390E-015 -5.8200898449279844E-015 -2.1539256557023290E-015  1.8952488900446322E-015 -9.2565138843271193E-015  1.9468048654807490E-001  4.3878909213649292E-015  2.0101342778252691E-014 -9.7340243272224139E-002 -1.5163267406317511E-015 -9.7340243275549632E-002 -8.1228340177516305E-011 -7.0217186241046329E-015 -6.5850455076913055E-015 -1.1554254436773683E-014 -1.8925107015776141E-016  5.8270818310890604E-016 -6.1539004945468029E-016 -1.4250990175212509E-016  1.2181675173932619E-018 -2.1070743294430263E-016  1.3062711602537142E-015 -6.2522957760600879E-016  5.8683579303014762E-016 -1.3654805614317632E-015 -2.2407272538700196E-013  5.4502245255429333E-016  2.7161839251555955E-016  2.7404488041919391E-013  4.3711271075506598E-017  1.9208649450060470E-013 -5.6334202550780902E-016 -1.1996658619680125E-016 -2.5776657591693599E-016 -2.6305937972468655E-016 -9.1199772545545009E-014 -3.3511831682714629E-017 -4.1423668092524244E-014 -2.5429780868581100E-017 -4.2288394805929565E-014  2.5565180130205323E-001  2.6974134003484330E-014  5.9861814272327569E-014 -1.2782590064626015E-001 -1.4116884234371643E-014 -1.2782590065545479E-001  9.2337583833608014E-012 -1.8540960084708196E-016  1.7888311373415439E-016 -3.3997805907531550E-016 -5.3620461418812203E-017 -1.0330240039613392E-018 -5.5273578665104237E-018  3.8816036726079559E-016 -3.2589255441878601E-016  1.7732505967461175E-016 -7.4201841398915745E-016  2.3897572172711492E-012  8.2737865719902065E-012
 1.2343278011937278E-016 -1.8110752657348896E-016 -2.1574644978191028E-017 -1.8168258151670137E-013 -2.6299753731086388E-016  3.2720245722501292E-016 -6.5127614117454894E-017  2.3863599696124977E-014 -7.2293601505269476E-015  6.9227736398769738E-002 -1.3456318046454782E-015  3.4578161753022936E-015  3.8190662072480783E-015 -1.9815845867645131E-015 -7.8091618779643928E-014  2.9765567463067497E-014  1.4176670424479001E-001  8.3493778381814709E-015 -3.7720958075195793E-014 -2.4751785339795993E-014 -9.6406310909292233E-015  8.0012436082569901E-016 -6.7025676776033159E-015  3.7132103263135688E-015 -4.3742923815096869E-016  1.1653108859092707E-015 -6.7440299699874114E-016 -2.2456651509849540E-016  4.7542390595351063E-017 -1.8401592881861648E-016  2.7262296550628117E-015 -6.9844518401211049E-016  1.0369247810815279E-015 -1.6242251738222936E-015  3.2630632657445316E-016  1.8284669552006350E-015 -9.3220794599631356E-016  7.4135966349958477E-015  1.9468048655117332E-001  3.3165752027155117E-015 -1.6491897332198576E-014 -9.9158987124863873E-015 -3.4955454876796025E-015  2.4355464379216820E-013 -1.0683846165079912E-015 -2.7531920405730484E-015  1.7136611991533873E-015 -1.2319541644044375E-015  1.4833109597207958E-016 -4.8461721154986592E-017 -5.8884215273779436E-016 -2.3093875654978571E-017 -6.2570385701409845E-016  2.4670812660284251E-016 -8.1670296071488912E-019  2.0009598860811813E-016 -7.0112120090471950E-017 -1.1285413132870713E-015 -2.9529679867915052E-013 -2.6666906060549066E-017  4.0247962435137002E-016  1.6183690664057709E-016 -5.6267486985027937E-016  2.5398777934140619E-013  7.0709674454645669E-017  5.1555638181833505E-014 -6.3969629713439238E-017 -9.7258408856559545E-016 -3.0626935564774302E-016 -5.2751470026053897E-016 -3.1403848607212434E-016 -8.0142288269881897E-016  3.4380308362231803E-014  2.5565180131246235E-001  8.3900741999933092E-015 -3.6297428048139085E-014 -2.4189942468197309E-014 -6.3419173344413019E-015 -1.7224940756393756E-014 -5.5092019571902369E-016  1.2934518409072786E-016 -3.5699968224697331E-017 -2.2210378672077652E-016  4.1321468368862306E-018 -2.2272187927519599E-016  3.7199477096717230E-016 -5.7891824790348524E-017  1.2409283869788005E-016 -1.5071377046975920E-016 -1.1798175144784835E-014 -3.2626751790365452E-014
