   1.0976490861707442E-004  -1.5919440245291361E-009  -2.7370840844645015E-010   6.5695543868066476E-009   8.4615369909834559E-010  -5.2721597834094470E-011  -9.7725639750879047E-011  -1.2030700028664572E-009  -4.1153328464474550E-010   3.5691622195403290E-010   2.3065925350769603E-003  -1.0326752763215638E-008  -1.1323882059962415E-008   1.3683531582282568E-009   6.9730721637833317E-010  -6.2751807145513861E-010  -2.4073067737973484E-010  -1.0426365569481281E-009  -3.8525050048878815E-010   3.4532950166016098E-010   5.4091997783520538E-003  -1.4896390814975508E-008  -2.5933619052260758E-008   4.4869452165917010E-009   4.2486051991351105E-011   4.5733269284814699E-011  -4.7942330066371815E-011  -1.7818662306785598E-010   1.0444107551815556E-011   1.2118616155701965E-010   2.8988657261554389E-011   4.2295832713371898E-011  -8.4625803500747778E-011   4.2087153742693192E-012   6.5261082773631692E-010  -2.9800744658105630E-010  -8.6498645413456250E-011  -5.7129343295910151E-010  -1.5902146649318955E-010  -8.1317001983156223E-011   5.3963072075512829E-003  -1.5792222278767882E-008  -2.5865186012250025E-008   5.6639251823457526E-009  -3.0232384467028360E-011   1.7138734192631593E-012   8.9363091555815892E-012   6.4404926826904650E-011   2.5092832371014271E-011  -1.1298250847194459E-011   9.8160300098460703E-012   7.8535061623470216E-012  -1.5468981686035317E-011  -1.4789966976665091E-011  -2.8470706458832656E-011  -7.6888357928256184E-012  -1.4392896291220214E-011  -1.1014258485916228E-011   1.4625251755849843E-011   3.3826548535194990E-010  -2.9174754387330543E-010  -1.0170465837616859E-010  -2.1078058367322974E-010  -5.7732937604089691E-011  -1.2748574948498678E-010   4.7597382234812552E-011  -2.7427994058850596E-011  -6.8931300526284599E-012  -1.0216682888580737E-010   2.1207756059929013E-011   3.8308850628418995E-011  -4.9898463664606766E-012   1.1176657041187282E-011   3.4122376030775949E-011  -3.1926969817786859E-012   4.2810496463541817E-010   3.6583093385328092E-003  -1.0617711738941127E-008  -1.7489011400541461E-008  -2.8766487719969506E-003   8.4146382157824391E-009   1.3787164488717636E-008   2.7919279065441708E-010   2.2698497384003512E-010  -7.9134281972218279E-011   2.4895799639742915E-010   2.1820322400302503E-011  -5.2815078179531181E-010   3.1678968294426912E-011  -1.5534873842296342E-011  -2.2291656035372241E-011  -7.1770998963651567E-011   6.8839427175319624E-012   2.9269375975856719E-011   6.7768369713472467E-012   1.4545623240517072E-011   6.4427330002864574E-012   5.7735632133571398E-012  -4.5055711622387041E-003   1.3306310080806400E-008   2.1831804672516159E-008  -5.8362369862254960E-009  -1.8157023022415260E-009   8.6926877342282863E-012  -6.5232703730944042E-012  -3.4856549405413563E-012  -1.8670444666102074E-011   2.6291701667604704E-012   7.0082336743012610E-012   1.2688131865812430E-012   2.8754022178365574E-012   4.8209853650323389E-012   4.5485239374711900E-013  -1.0352145659599027E-009
  -1.5919440245291361E-009   1.0976569244234956E-004   3.6920273145631851E-011  -1.7254480275420149E-010  -3.1334440559233246E-010  -1.2644243596975429E-009  -4.3758060878674998E-010  -7.9590375824954705E-011  -2.8116659797874548E-010   3.9293489719883270E-010  -2.5072431397694909E-008   2.3065984291671970E-003   2.1149586016575296E-009  -1.6114275416654364E-009   1.7273078822249023E-010  -1.1426678870002254E-009  -4.3038023752855933E-010  -8.9442452336498104E-010  -4.8353257878653586E-010   7.2169489014630094E-010  -6.2357116512639035E-008   5.4092201849510468E-003   1.0211859961268412E-008  -6.4990593117016269E-009  -2.2201126868651034E-011   6.2098065904147027E-011  -2.2302102187386567E-011  -1.5370218029629882E-010  -5.9367819900279531E-011   1.8348803281566202E-010  -1.1323185754571040E-010  -8.6132693750532998E-011   8.9816079799922593E-011   8.0822565264728866E-011   8.6851842045648059E-011  -9.0201773425482596E-011  -1.5251071846949315E-010  -4.0861902896618517E-010  -1.8873099392197986E-010   3.2176966107635363E-010  -6.1472091324233871E-008   5.3963270890116108E-003   9.7141757157069554E-009  -9.6021645650891186E-009  -7.9907820474897463E-012  -3.6320611726209765E-011  -1.6191080743623255E-011   1.2211703942247641E-011  -2.7485942888477824E-013   1.8249166448329613E-012   5.9429064872519091E-011   2.7977905969668330E-011  -3.1003232197589164E-011  -4.6624290772809067E-012   1.0483485204757645E-011   2.2291383783492799E-011  -3.0627430487031335E-011  -2.2086518346642661E-011   1.6396448136839149E-011   1.5452216901020276E-010   1.0028760988830956E-010  -4.8176189485108632E-011  -3.8509185940879538E-010  -1.1772668767973200E-010   2.3057026842996056E-010   1.4163769827313566E-011  -4.5382947825480651E-011   1.9938751305111515E-011  -8.4711158751686559E-011  -1.0713242976666305E-011   6.5708318251274099E-011  -4.8266159555084472E-011  -5.6936395088820139E-011   1.1013564507486339E-010   2.7576448880317016E-011  -9.5319641139659263E-010  -4.1665455398875497E-008   3.6583227993079470E-003   6.6246169667280769E-009   3.2825108897875384E-008  -2.8766593591010177E-003  -5.1883880701473366E-009   6.1164549470711607E-011   7.3540818468935483E-010   1.1385339484554902E-010   3.1292890159569710E-011   7.1565550635998643E-011  -9.2457389131042491E-011   7.2067172536220585E-012  -7.7292730686193808E-012   8.5392448494642138E-012  -6.2990556701042308E-011  -1.9136510448201730E-011   5.3321665477784848E-011  -4.0561667492449847E-011  -4.1193872141403147E-011   6.2147577650511601E-011   2.4339325464952333E-011   5.2021239723009093E-008  -4.5055880755066439E-003  -8.2544443349359202E-009   8.7981523600547147E-009   2.7710219901876089E-009   3.0685018459327917E-012  -5.2802794228261450E-012   3.2536265713996461E-012  -1.6882977583418868E-011  -2.9721209610664162E-012   1.2766142131048912E-011  -9.7872417566850492E-012  -1.0753746133867389E-011   1.8410899369630422E-011   5.5902500237919948E-012   1.4454502756718604E-009
  -2.7370840844645015E-010   3.6920273145631851E-011   1.0976629018079497E-004   3.7698744580512493E-010  -4.7824261401845880E-011  -4.1127734103444063E-010   5.6907238846412596E-010  -3.9409293030685444E-010   7.0754644738755767E-010   4.4191719736725818E-010   3.1690264812755123E-009  -3.4344720581614084E-009   2.3066076857355456E-003  -9.9703377641414982E-010  -1.8064768932904867E-011  -4.1803552097239960E-010   3.5911523961404382E-010  -2.6322325241239858E-010   1.3162953797082252E-010   2.8128814124755546E-010   1.3777750170948299E-008  -7.3535275613641671E-009   5.4092332995372278E-003  -4.5888927815185893E-009   1.4775040562917581E-010   7.2583700115993934E-011  -8.3842235414215121E-011  -2.8216287024659178E-011  -4.3390231506862942E-011  -1.7001170583149853E-010   1.8351848599943184E-011   2.1740061597022663E-010  -9.7205256326057855E-011  -9.9548966146618351E-011  -1.5945290149106125E-011  -1.6667681006372506E-010   4.9853196183051055E-010  -9.6922290333842977E-011  -3.8920516501639166E-011   1.1286760132075683E-010   1.3089162328409350E-008  -7.2929579713256949E-009   5.3963409202589250E-003  -6.5127322517751255E-009  -7.5101563639379868E-012  -9.4901024797110920E-012  -9.0980502968309436E-012  -2.7328685929199283E-012   2.0818652131876875E-012   1.5925275747081944E-011  -9.4967505863510847E-012   3.6076121640662936E-011   2.5473538230558524E-011  -1.7791504065057296E-011  -7.7876814495415035E-012   1.5036731346228731E-011   1.6412763033549402E-011  -1.6588454541284772E-011  -1.8409290486081021E-011   2.5394269654589427E-011  -6.1608537456104271E-011   2.7896587374446246E-010  -2.1030875232111919E-012  -2.3521714409129509E-010  -2.3291919489299043E-011   4.5936237676032281E-011   2.6192315661534458E-011  -2.6366387989087931E-011  -1.3491848196880285E-012   8.4216331069417652E-012  -6.0280709060807947E-011  -1.7874745207852630E-011   7.4046517098396783E-011  -2.2108188509435657E-012  -3.5539817967595968E-011  -7.6577520410603950E-010   8.9268671190601075E-009  -4.9349402878587927E-009   3.6583320702928213E-003  -6.9959082098317835E-009   3.8942905956943868E-009  -2.8766667144605345E-003   2.4864091816488135E-011   4.7031735081255908E-011   3.5971779194161536E-010   3.8669547770969545E-011  -1.9922923934688468E-010  -6.3533633612101772E-011   4.4681661483492610E-011   2.2279275646769168E-011  -1.9531136245578259E-011   1.6115977855751698E-013  -7.4916612311994133E-012  -6.0107856702066485E-011  -1.7824345676239104E-012   5.5293896584195924E-011  -1.9887892021619344E-011  -2.6656328656950902E-011  -1.1106936814029484E-008   6.1395175992950006E-009  -4.5055996232183830E-003   5.9897380921455928E-009   1.8686798776977401E-009   9.3781192278432136E-012   5.1461374041967568E-012  -4.8208451060348860E-012   6.5841558665003644E-014  -1.0944142317119553E-012  -1.2647924738250543E-011  -1.7447573892202528E-012   1.2632360919710570E-011  -2.8052915519655856E-012  -5.8222285505066072E-012   1.0015710787714334E-009
   6.5695543868066476E-009  -1.7254480275420149E-010   3.7698744580512493E-010   5.5371046856626676E-006   4.5607249559433202E-012  -2.7023164636228183E-011  -3.3181126388724752E-011  -3.2931488378564981E-011  -2.2047290132613056E-011   2.8369833330430423E-011   1.3776333721964432E-007  -3.1437894741804520E-009   8.2403853761704470E-009   2.9392807157662277E-004   1.4384499520618329E-011   1.7992288725309924E-011  -1.4518678258932651E-011  -5.1097401368470367E-012  -5.6075694842211023E-012  -9.2808383470863194E-012   3.2263967420386285E-007  -7.2981578278447036E-009   1.9361759818899867E-008   1.6166610987480778E-003   6.0028097188611919E-011  -3.9125332591646948E-011   2.0460786090374491E-011  -1.0594479091212089E-010  -1.1606421635032517E-011   2.5408549371639611E-011  -3.7660648434416531E-011  -3.7107218904871896E-011   8.9652129573023001E-011   1.2407545674851403E-011  -2.2495661186029972E-011   8.3233282972782822E-012  -1.8671257877248498E-011   3.4861854157297435E-011   1.7982872544650795E-011  -1.2382775981348588E-011   3.2177632678538173E-007  -7.4148556865217885E-009   1.9273722328023642E-008   2.2201137549529727E-003   7.9821051733073177E-012   1.8397701365426560E-012   4.5311172482047553E-012  -1.3354293424584846E-011   6.0741242326799333E-012  -6.6859396772012555E-013  -7.4455684501897136E-012   1.5167867338562048E-012   7.5209678459334832E-012  -5.6616638189517682E-012  -3.9060402170995636E-012  -6.8262196735692217E-012   2.0214453398277237E-011   2.2988356343446273E-012  -1.1127860187093847E-011  -4.7215119586912568E-011  -2.0431477650105096E-010  -2.2117467383000197E-010  -6.6743148167802830E-011  -4.6448006274399718E-011   1.1393482185004976E-010  -4.1267074473631369E-012  -1.5520794968123463E-011   1.6163078351697298E-011   1.7763532143336443E-011   2.0235913003640560E-011  -1.2227104806193176E-011   1.3515181006651485E-012   4.3421249506139752E-013   1.3707346918599147E-011  -1.2370854933527221E-011   3.0209790524910591E-004   2.1785829689248352E-007  -5.2171289249612919E-009   1.2994293979063470E-008  -1.7155139275894943E-007   4.0023618307864427E-009  -1.0261585987311359E-008  -2.6768231290062747E-010  -1.4121509765706322E-009  -1.4649369383842538E-009  -4.9389420724906671E-010  -3.4545904864516824E-010   7.6157643599536485E-010   4.9004820566704460E-012  -1.7224555872652371E-011   1.2813562967159606E-011  -3.1127082938183926E-012   1.0957191353393979E-011  -3.4620130312330606E-012  -2.4222656379944168E-012  -4.7754946927280603E-012   2.0474323943871110E-011  -5.9912144521065948E-012  -2.7082795413161265E-007   5.8479984120422641E-009  -1.6339170242098219E-008  -1.8472768246697864E-003  -5.0738176018710760E-004  -4.7782998524657825E-013  -4.0705433990439873E-012   3.7775617563135410E-012   2.9009121123647463E-012   4.3807476980506178E-012  -2.2598376434520403E-012   1.9584576342027059E-013  -2.1422012718286690E-013   3.8078199264503943E-012  -2.6559605150029906E-012  -3.4955099998716232E-004
   8.4615369909834559E-010  -3.1334440559233246E-010  -4.7824261401845880E-011   4.5607249559433202E-012   9.9027055098424780E-009  -2.8074948109977414E-014  -5.8915007423083205E-014  -4.9512683623716361E-009   1.2640873262984552E-014  -4.9514371566519379E-009   1.7779318585809676E-008  -6.5855604701096804E-009  -1.0053053244598683E-009   2.4342268367083417E-010   4.8685804291762128E-007   6.3407582010809917E-012  -5.4884660340117572E-012  -2.4342687376725175E-007   5.2402793570337033E-013  -2.4343116920969503E-007   4.1695653732339634E-008  -1.5442785645928925E-008  -2.3573163394816064E-009   1.3363048284569918E-009  -1.7989060379233879E-013  -2.4391321178348948E-014  -2.3881901991493568E-014   1.1646759156418109E-013   3.6757801758247619E-015   1.2488240130791448E-013   1.6992913116262096E-013   1.3180106247392996E-013  -2.0359276376009415E-013  -8.0438096809626461E-014   4.9185329054195336E-006   6.8184651896361159E-011  -5.7069144823971856E-011  -2.4592450785280487E-006   3.5517910800299451E-012  -2.4592878270855545E-006   4.1593592742733020E-008  -1.5402687889346510E-008  -2.3506434124621558E-009   1.8374224830501720E-009   6.7734118174620353E-014  -2.1096666407974824E-013  -3.5806339697338586E-014  -1.8077517292394989E-013  -5.8875227820152510E-014   6.1770850939727963E-014   1.7874818146198188E-013   6.0901818712229067E-015   4.3225586575916697E-014   3.1266978973681704E-014   1.6268074890555154E-013   4.4945861077834799E-014  -1.0501333186728631E-013  -1.0629049345788771E-015   2.4606203581745819E-014   1.9638853234711489E-005   2.7090256544205278E-010  -2.2851385786539971E-010  -9.8193393578468674E-006   1.4912299211484947E-011  -9.8195138771919182E-006   1.9164020271411010E-012  -8.7365476398241322E-013  -1.8417472368401786E-013  -1.2864255543936785E-012  -4.2751704813506730E-015  -1.2846954771357456E-012   2.3276051111769179E-013  -1.6037584053312322E-013   5.6137333586136961E-013   2.5681285524488097E-013   2.2496050423267471E-010   2.8230846684018912E-008  -1.0348711831128068E-008  -1.5790982130105552E-009  -2.2174889115559424E-008   8.2123567574432819E-009   1.2531542181967363E-009   1.2507418163729210E-004   1.7263573992473736E-009  -1.4569565181929622E-009  -6.2536533355612875E-005   9.2560649569364812E-011  -6.2537648281695308E-005   3.1580300595976676E-012  -1.6365931374205016E-012  -3.9704386178011780E-013  -2.1224368333179370E-012  -3.4677470471334480E-015  -2.1145043182301232E-012   6.9625910976795158E-013  -4.6812540309345526E-014   7.0246343590282681E-013   3.3083101953205635E-013  -3.4527490254864332E-008   1.3539666335349949E-008   2.0649917021830260E-009  -1.7185214295204205E-009  -5.3823526532793544E-010   1.0159589964151699E-012  -6.0847855028211021E-013  -1.5583070338139275E-013  -6.8291463215759658E-013  -1.7712030193046159E-015  -6.8013731415561586E-013   3.0337710809551670E-013   1.3300431934284687E-014   2.0145549731961693E-013   1.0623572844122621E-013  -2.8912501789882234E-010
  -5.2721597834094470E-011  -1.2644243596975429E-009  -4.1127734103444063E-010  -2.7023164636228183E-011  -2.8074948109977414E-014   9.9027907221404574E-009  -6.2368855486455256E-014  -1.6581533283741124E-014  -9.3724703321219562E-014   4.4655041815960895E-014  -1.1063797807921180E-009  -2.6571940943058123E-008  -8.6424159311578232E-009  -1.4459179686176296E-009  -7.9800675832638548E-012   4.8685925360706846E-007  -1.1224307195660067E-013   6.5306989420335611E-012  -4.5965347079843426E-012   1.4493618421140377E-012  -2.5960473505843013E-009  -6.2313109616079047E-008  -2.0267428463270009E-008  -7.9368920172377827E-009  -3.6793123234442102E-014  -4.5449444573629441E-013  -7.4053630444559004E-014  -9.5142427878755566E-014  -9.2407124519708779E-014   1.4450556384801503E-013   8.5961465223313410E-014  -6.8893464495479967E-014   3.3916343836936961E-013   1.0654717242225093E-013  -8.3326133413190489E-011   4.9185514919979210E-006  -5.3219940712444194E-013   7.1066868649327560E-011  -4.6843759279618443E-011   1.2259243681748350E-011  -2.5948008894725663E-009  -6.2162598182229037E-008  -2.0218144798311581E-008  -1.0923133685620427E-008   9.1099796059354308E-014   3.6962432191561175E-014   2.6021180665008817E-014  -2.5407121496845476E-013   8.5277748345894689E-015   9.4040779410398955E-014  -1.7879409583136570E-013  -7.1873970206171719E-014   1.9028823058695661E-013   2.7550571203793728E-014   1.2185545958654950E-013   8.1400783357139000E-015   4.0014401510083912E-014  -1.4496275585307724E-014  -7.6316080692872546E-014  -3.3353632731052409E-010   1.9638927131166213E-005  -3.1921515218652496E-012   2.8312338530120483E-010  -1.8769582920267546E-010   5.0412904270808101E-011   6.8102045240994418E-013   2.4178518677022783E-012   1.0259093069562728E-013  -8.7206867147245989E-013  -9.0178514684000222E-015  -4.1616087613780303E-014  -1.1056304466591454E-012   1.0752249605638971E-013  -9.3449435381064102E-013  -1.5660829582842362E-013  -1.3272406705786372E-009  -1.8683938639866944E-009  -4.2054865286426899E-008  -1.3700271128063177E-008   1.3819457935711222E-009   3.3135129809280427E-008   1.0777541800116336E-008  -2.1233930147504739E-009   1.2507466573010990E-004  -2.2570007293796821E-011   1.8062700327699850E-009  -1.1970966954157312E-009   3.1712298260941427E-010   1.1896880638299736E-012   3.5329241338827168E-012   4.0369922210477553E-014  -1.8100443893561839E-012  -2.2353961306477809E-013   2.1391038252545337E-013  -1.8275129742488956E-012   4.3690726250599170E-014  -1.0810585558113715E-012  -6.2654908287901089E-014   1.3790645980509526E-009   5.2473835150741200E-008   1.6918550095240682E-008   1.0266346142772995E-008   3.2328886880197314E-009   4.2120688624636184E-013   1.0937710166001884E-012   5.1680775545363610E-015  -6.9202895092145833E-013  -1.1024596247115003E-013   1.2692072351700765E-013  -5.8747558487490023E-013   6.9306372716813228E-015  -3.0558970797498843E-013  -9.0178608084391827E-015   1.7185138690440348E-009
  -9.7725639750879047E-011  -4.3758060878674998E-010   5.6907238846412596E-010  -3.3181126388724752E-011  -5.8915007423083205E-014  -6.2368855486455256E-014   9.9028597823931192E-009   7.8101820715649341E-014  -1.0660814171866783E-013  -1.9187040562727784E-014  -2.0529123576939920E-009  -9.1953146318265615E-009   1.1956921367665749E-008  -1.7742439989901187E-009   2.6498999123939535E-012  -2.9837358452809863E-012   4.8686166333103139E-007   2.0373075894369494E-012   1.2407271063824624E-012  -4.6872082481357332E-012  -4.8146813008447480E-009  -2.1564015917643290E-008   2.8041157731162867E-008  -9.7429214644190887E-009   1.5411339914475354E-014  -8.2053049070842626E-014  -1.1170426669228822E-013  -7.6409463253168236E-014   1.2675779826606826E-013   5.5732736043586760E-014   1.0728154939091535E-013  -1.9985618136220706E-013  -6.1881366179751768E-014   2.3222308588579037E-013   2.8143648706335533E-011  -3.1259146511554620E-011   4.9185711377830824E-006   1.9132439430221211E-011   1.4273805429432135E-011  -4.7276083845516083E-011  -4.8043606879578058E-009  -2.1511577763911406E-008   2.7972097884981643E-008  -1.3399898692169157E-008   2.3491665222206005E-014   2.8611322972882552E-014  -8.7292925575152689E-014  -1.7903504625792552E-015  -1.0612586108789496E-013  -3.9474860427091664E-014  -1.9743705303622883E-014  -8.0694297856816246E-014  -1.1897208294374667E-014   1.4743998057638492E-013  -9.3003297504763405E-015  -4.1188980345047589E-015   1.8128564014465150E-014   8.3220828358125206E-014   1.2152108238400818E-014   1.1162481117447126E-010  -1.2602672718169499E-010   1.9639007688024567E-005   7.7123911021968356E-011   5.5060887927597440E-011  -1.8874871173055636E-010   1.0484218831756356E-013   9.4555395410529102E-014   1.8962775378072825E-012   1.7313697875904010E-013  -9.6145777773762305E-013  -3.1379813197853414E-013  -1.5772055019333650E-013  -1.5512485733856446E-013   1.1704737109005840E-013  -1.2977788135700533E-012  -1.6475258613746468E-009  -3.2962560465867454E-009  -1.4574982098415043E-008   1.8992942545252447E-008   2.5601950671701242E-009   1.1467083005450243E-008  -1.4913446265949323E-008   7.0956273092973006E-010  -8.0539731062111352E-010   1.2507517252963250E-004   4.9052495446851363E-010   3.4775029586664187E-010  -1.2000876853100557E-009   2.1622169999817520E-013   3.9224563873748411E-014   3.2189148093850188E-012   2.2221821492964601E-013  -1.5665676212784741E-012  -5.1231032573392605E-013  -6.6998125043422055E-014  -6.0471967930223693E-013   5.0662371640968334E-014  -1.9485059991230729E-012   3.7207440131474859E-009   1.8014209299850274E-008  -2.3177476271164812E-008   1.2436016968698296E-008   3.8670463719498926E-009   9.1615455859051662E-014   4.9474089023061606E-015   1.0444154577934491E-012   6.4600589240937430E-014  -5.4287828430996790E-013  -1.8751557941721322E-013  -1.0376573842971745E-014  -2.3048775386241523E-013   8.9740416066536093E-015  -6.0666597152309147E-013   2.1081736600843442E-009
  -1.2030700028664572E-009  -7.9590375824954705E-011  -3.9409293030685444E-010  -3.2931488378564981E-011  -4.9512683623716361E-009  -1.6581533283741124E-014   7.8101820715649341E-014   9.9027476664944422E-009   1.3754803554568445E-014  -4.9514793000632377E-009  -2.5280803144202019E-008  -1.6703119032613510E-009  -8.2815653622342913E-009  -1.7625215442591700E-009  -2.4342677396865417E-007  -7.8333189167188293E-012   2.0443016422029219E-012   4.8685840128500608E-007   2.6977731694699005E-012  -2.4343162728048234E-007  -5.9286836696598672E-008  -3.9192070837729391E-009  -1.9420872639013353E-008  -9.6757599913424561E-009   3.1165424426019244E-013   3.8965565726563399E-014   5.7560287482025228E-014  -5.2316453570004959E-013  -1.7307014415006567E-016   1.0503578227942155E-013  -4.3365778124295605E-014  -7.4360660947751633E-014   1.9215465353142247E-014   1.2522286407658498E-014  -2.4592443116083649E-006  -8.0869662358149973E-011   1.9527679304242807E-011   4.9185415460383877E-006   3.0082205125957546E-011  -2.4592972342914126E-006  -5.9142463409950519E-008  -3.9154671776844115E-009  -1.9372899650785202E-008  -1.3311011833986113E-008  -2.8811335406200060E-014   1.7799989283502421E-013  -2.0956109319086076E-014   7.0796767061495425E-014   2.5987228077736662E-014  -2.0157564833437396E-014  -2.2714755235571663E-013  -6.3372529856466628E-015   6.5938530520850986E-014   2.5679453332693625E-014  -1.3647201930084963E-013  -1.1574966102356823E-013   1.6896174113611019E-013   9.6380000116937385E-014  -8.4693955554481840E-014  -9.8193366255922068E-006  -3.2306231526331169E-010   7.8786771261965008E-011   1.9638886610844682E-005   1.1987564600919782E-010  -9.8195499849461712E-006  -1.2987450915344723E-012   6.5510250022038359E-013  -2.6730896609675454E-014   2.3155390403545247E-012   3.0278180192356789E-015  -5.7309067457005351E-013  -9.6460277642390816E-013  -3.6985063242661662E-014   6.3904754154574672E-013   4.7491405979739011E-014  -1.6272764286235833E-009  -4.0088153719198166E-008  -2.8053004202231490E-009  -1.3096457483080402E-008   3.1528532088830946E-008   2.0846999395006143E-009   1.0327731153062288E-008  -6.2536516177379077E-005  -2.0545259666153419E-009   5.0169652815195556E-010   1.2507440193587871E-004   7.6688142440035721E-010  -6.2537885758538105E-005  -1.7895311056298674E-012   1.2544096466383355E-012   8.4970276109498631E-014   3.2186212490229024E-012  -2.1348661546178046E-015  -8.1771372099028700E-013  -1.8723407697787658E-012  -2.5312350519581197E-013   1.2575990514082496E-012   1.2533421519146115E-013   4.9437433831595425E-008   2.1682322807438243E-009   1.6442066379634304E-008   1.2428822010739360E-008   3.8884022512033516E-009  -5.4179556946076478E-013   4.6828541839182211E-013   3.7135904429602490E-014   9.7442937486185434E-013   8.0048652634018825E-019  -2.4753440430653468E-013  -6.9707674940731220E-013  -1.2805372336547722E-013   4.6694125768700412E-013   6.7766200488537318E-014   2.0941530733083205E-009
  -4.1153328464474550E-010  -2.8116659797874548E-010   7.0754644738755767E-010  -2.2047290132613056E-011   1.2640873262984552E-014  -9.3724703321219562E-014  -1.0660814171866783E-013   1.3754803554568445E-014   9.9027055505323079E-009  -2.6395684695393182E-014  -8.6477641415381384E-009  -5.9078545740037555E-009   1.4870139579348146E-008  -1.1812738568600764E-009   5.5721317269976947E-013  -8.4839930080710714E-014  -6.5723046569933044E-012  -2.4850178457611019E-012   4.8685811199174761E-007   1.9278043036820761E-012  -2.0279886368888732E-008  -1.3855123322558129E-008   3.4870611982386675E-008  -6.4851979590519583E-009   1.1089906831957820E-013   6.0747102426480645E-014  -1.5888671478136770E-013  -7.1651059644422248E-014  -4.3698891454714748E-013  -7.7135645350657881E-014  -3.1569291007319625E-014   1.1633319021663311E-013  -1.8392355363343644E-014   3.1718422535102499E-014   3.8609815445500313E-012   3.0681944399375012E-013  -6.8696841666662141E-011  -2.4558918734046366E-011   4.9185334334232184E-006   2.0697939667583474E-011  -2.0230618988029325E-008  -1.3823279576867479E-008   3.4781596702113005E-008  -8.9212571529204796E-009  -5.4850388895597276E-014   2.3382576608840720E-014   8.1893049809139047E-015   4.7649850088858516E-014  -1.0444083144887745E-013   4.8701728844772067E-014  -3.3112776923487451E-015  -1.6775069909577082E-013  -2.6928615516864908E-014   1.1684453171543869E-013   6.6125156173828169E-014  -1.2602571211631375E-013  -1.6380697052086369E-013   2.0387500870121985E-013   6.5526616174268010E-014   1.6201112882279167E-011   5.2232443358421642E-013  -2.7620246770345145E-010  -9.8145162303412114E-011   1.9638854230354639E-005   8.1944054659755203E-011  -1.5997753313389393E-013  -5.6001783785958057E-014   5.6831839455335729E-013   1.0669753803761480E-013   1.9031406693550403E-012   1.0793478198347059E-013   1.7521613973206325E-013  -1.2874770601569968E-012  -1.7907568468340032E-013   5.3603032154744725E-013  -1.0913529012277938E-009  -1.3708528084537867E-008  -9.4038328410146744E-009   2.3434341366585519E-008   1.0784218035777961E-008   7.3680229492189612E-009  -1.8543005802031252E-008   1.0063822104991222E-010   1.4917358934371489E-012  -1.7621551736968652E-009  -6.2138727089363258E-010   1.2507418472176453E-004   5.2074905003028132E-010  -6.6538862524276405E-014  -2.3290408779791035E-015   7.7729214438787675E-013   4.5910624386637603E-014   2.6858258161582879E-012   4.3360578729512635E-014   2.7332454277067666E-013  -2.1815776130842689E-012  -3.6437454975405689E-013   1.0466928391807713E-012   1.6930844013713637E-008   1.1298291542695381E-008  -3.0086295154108003E-008   8.3232743204194788E-009   2.6018884303357760E-009  -1.1329570531354257E-014   2.3601791460085413E-014   2.3424597659078240E-013   7.4135267099954666E-015   8.1113969775748251E-013   7.7866548404710655E-015   1.0472398387709927E-013  -7.6454911791921017E-013  -1.6410344025446062E-013   3.9526468268197278E-013   1.4035295452826207E-009
   3.5691622195403290E-010   3.9293489719883270E-010   4.4191719736725818E-010   2.8369833330430423E-011  -4.9514371566519379E-009   4.4655041815960895E-014  -1.9187040562727784E-014  -4.9514793000632377E-009  -2.6395684695393182E-014   9.9029164618366999E-009   7.5014828401122499E-009   8.2558748143705437E-009   9.2868707985963928E-009   1.5190522290939294E-009  -2.4343126940026711E-007   1.4924897845128106E-012   3.4441529805787610E-012  -2.4343152731846267E-007  -3.2218016658627651E-012   4.8686279674218561E-007   1.7591178933917867E-008   1.9361998446361377E-008   2.1778189247573783E-008   8.3391967664053177E-009  -1.3176364994631560E-013  -1.4574238186376816E-014  -3.3678388705758474E-014   4.0669696097011566E-013  -3.5027082272186981E-015  -2.2991818770487675E-013  -1.2656334733996765E-013  -5.7440395816608315E-014   1.8437728440000600E-013   6.7915808542789945E-014  -2.4592885983704429E-006   1.2684293902021665E-011   3.7541350220067522E-011  -2.4592964654969882E-006  -3.3634001879348762E-011   4.9185850639228902E-006   1.7548866642091460E-008   1.9318160730367416E-008   2.1723543365919123E-008   1.1473237361970902E-008  -3.8922784119820484E-014   3.2966771101655309E-014   5.6762448304650853E-014   1.0997840818224344E-013   3.2887998802154101E-014  -4.1613286051777012E-014   4.8399372007997043E-014   2.4707089990485457E-016  -1.0916411839976069E-013  -5.6946431434708484E-014  -2.6208729114555387E-014   7.0803801036899596E-014  -6.3948412449221327E-014  -9.5317095572694959E-014   6.0087753752470266E-014  -9.8195166273236835E-006   5.2156888762527062E-011   1.4972662625633698E-010  -9.8195472449588163E-006  -1.3478796785419259E-010   1.9639063872303489E-005  -6.1765693675234421E-013   2.1855226667009323E-013   2.1090561782717996E-013  -1.0291134877515807E-012   1.2473491657453398E-015   1.8577861550336926E-012   7.3184226501175749E-013   1.9736090376292970E-013  -1.2004208799200922E-012  -3.0430425937661348E-013   1.4022421843745408E-009   1.1857304187279143E-008   1.3154015017710363E-008   1.4675556825932070E-008  -9.3536408303543755E-009  -1.0297059741095992E-008  -1.1580885510934770E-008  -6.2537665575851582E-005   3.2815034612175099E-010   9.5525705823417578E-010  -6.2537868529067786E-005  -8.5944221810627405E-010   1.2507553410497394E-004  -1.3684989577261338E-012   3.8218349432529875E-013   3.1207358403269803E-013  -1.0961844133557200E-012   5.6026115039361977E-015   2.9322180419135036E-012   1.1760816600217579E-012   2.9993604617067078E-013  -1.9600624908688852E-012  -4.5616523399872858E-013  -1.4909941097483563E-008  -1.5707911283144396E-008  -1.8507051493545562E-008  -1.0710195457292899E-008  -3.3502040235972426E-009  -4.7416342792826120E-013   1.4019313286751859E-013   1.1869479853816556E-013  -2.9151474237959437E-013   1.7704019407742117E-015   9.2767171944405321E-013   3.9369964114415476E-013   1.1475329145756619E-013  -6.6839675575894432E-013  -1.7400192864112328E-013  -1.8049723797694773E-009
   2.3065925350769603E-003  -2.5072431397694909E-008   3.1690264812755123E-009   1.3776333721964432E-007   1.7779318585809676E-008  -1.1063797807921180E-009  -2.0529123576939920E-009  -2.5280803144202019E-008  -8.6477641415381384E-009   7.5014828401122499E-009   4.8472261062277588E-002  -4.0886968570759881E-008  -5.0502861692309691E-008   1.3261775334057087E-008   1.4583809902779194E-008  -1.3148885135008966E-008  -5.0413959110999076E-009  -2.1887061103552139E-008  -8.0881617970054090E-009   7.3032545945162105E-009  0.11367089676479858        9.9994061703142390E-008  -1.0536342296964901E-007   9.0553555077730128E-009   8.9254961245624573E-010   9.6073242181843589E-010  -1.0075426798866446E-009  -3.7443238595276211E-009   2.1931897258388914E-010   2.5468545568574736E-009   6.0949762888674828E-010   8.8880212170274416E-010  -1.7784628592814791E-009   8.8505346010278936E-011   1.2984330954319133E-008  -5.8421215999776928E-009  -1.6280106700455129E-009  -1.1740843926602746E-008  -3.2543589534203554E-009  -1.2434787667139758E-009  0.11339171655117700        8.0174221645866363E-008  -1.0499106382698022E-007   1.9827377926708864E-009  -6.3509099488264314E-010   3.6064400336552336E-011   1.8761372687722685E-010   1.3528847212468560E-009   5.2699908143322832E-010  -2.3727401437239971E-010   2.0619454913865217E-010   1.6497943914514732E-010  -3.2502433964455261E-010  -3.1058213925670274E-010  -5.9800672763493046E-010  -1.6144338822919717E-010  -3.0241795969508787E-010  -2.3135856275447167E-010   3.0723155401067930E-010   4.2236970524100069E-009  -4.4884954487789740E-009  -1.3939934244911775E-009  -3.4046918052796324E-009  -8.7480358898677373E-010  -8.1902303825659178E-010   9.9936552341378383E-010  -5.7622967106073026E-010  -1.4549085760255070E-010  -2.1459894865694342E-009   4.4521228982540799E-010   8.0521257780279009E-010  -1.0452117474770065E-010   2.3477654664858999E-010   7.1645535053244860E-010  -6.6548456924903542E-011  -6.5247201928790609E-009   7.6648560305571198E-002   5.6120515245873049E-008  -7.0629706383788997E-008  -6.0451772365605359E-002  -4.2830658213543470E-008   5.5934916206108379E-008  -1.2637218691697265E-008   1.5320820568524856E-008   3.1083247994373097E-009   1.1857963930671311E-008   2.6389790186417637E-009   7.7925487329775564E-010   6.6690970346150254E-010  -3.2539161724817589E-010  -4.6781623084461624E-010  -1.5090194397084075E-009   1.4581453896796929E-010   6.1426975648322504E-010   1.4119278458244525E-010   3.0580945450650565E-010   1.3596035852075156E-010   1.2075295799765906E-010  -9.6323893238779920E-002  -6.5183628547192373E-008   8.9508985874262128E-008  -2.1653969516349124E-008  -9.1728335487044411E-009   1.8372447784923866E-010  -1.3666935446979010E-010  -7.2663060043618972E-011  -3.9328894726304999E-010   5.6025032632212411E-011   1.4680222548662638E-010   2.5957496506226042E-011   6.0549308688771364E-011   1.0184385439062442E-010   9.0289913232568770E-012  -3.3072528498950066E-009
  -1.0326752763215638E-008   2.3065984291671970E-003  -3.4344720581614084E-009  -3.1437894741804520E-009  -6.5855604701096804E-009  -2.6571940943058123E-008  -9.1953146318265615E-009  -1.6703119032613510E-009  -5.9078545740037555E-009   8.2558748143705437E-009  -4.0886968570759881E-008   4.8472162635472646E-002  -4.4037855434372091E-008  -8.0542245785279457E-009   3.6080222379204478E-009  -2.4060295580347661E-008  -9.0433894852383751E-009  -1.8735695283041451E-008  -1.0142757962813905E-008   1.5127697367724313E-008  -1.7069541681017850E-007  0.11367080432626368        7.1020735979695536E-009   5.1715573186032467E-009  -4.6636514749343938E-010   1.3052510328136249E-009  -4.6875915984938326E-010  -3.2302033396009791E-009  -1.2475661025520003E-009   3.8558960397738828E-009  -2.3795743569367763E-009  -1.8099234681095193E-009   1.8872340682436615E-009   1.6984305975553395E-009   1.5836201845443848E-009  -2.3612798517892784E-009  -3.1867402537087612E-009  -7.9292724817118856E-009  -3.7627211168434255E-009   6.3457044154073302E-009  -1.5486984678675790E-007  0.11339161436619770       -2.8427325793578106E-009  -6.8064751328240743E-009  -1.6796744631102774E-010  -7.6288283359331306E-010  -3.4012798969725286E-010   2.5671297747639094E-010  -5.8685862465312282E-012   3.8338915582283201E-011   1.2483192201242323E-009   5.8761009172058416E-010  -6.5128102052106489E-010  -9.7850923024369956E-011   2.2020154411609998E-010   4.6828071157316468E-010  -6.4352817074354827E-010  -4.6390658208503898E-010   3.4451695322201146E-010   2.3029218137083708E-009   2.2923944897363614E-010  -9.5023115753663539E-010  -5.5183598580572494E-009  -1.6802041436518664E-009   3.2154503372160024E-009   2.9766813293217589E-010  -9.5250368307412123E-010   4.1859622392321202E-010  -1.7796499806826197E-009  -2.2559823268544812E-010   1.3802831195185703E-009  -1.0141206869367272E-009  -1.1958549506278883E-009   2.3130233858718112E-009   5.7933514867977062E-010   3.5370660077808666E-009  -1.0616548788817187E-007   7.6648492126854650E-002  -5.0408870265981742E-010   8.3688787076214778E-008  -6.0451717631160362E-002   1.3155919850064781E-009  -4.7912127056257700E-009   3.4629079366146822E-009   2.8134757146106169E-009   1.7183698431529809E-008   6.5971188969370148E-009  -1.2392484664047086E-008   1.5081364231847280E-010  -1.6450112089632650E-010   1.7992216526958960E-010  -1.3235452641075163E-009  -4.0167270586831576E-010   1.1212061549611163E-009  -8.5164863445558154E-010  -8.6605734456035637E-010   1.3070891741154799E-009   5.1141503661383960E-010   1.3383280125042473E-007  -9.6323803827888688E-002   3.7391966576874612E-009   1.0755399896223258E-009   1.6690798823024019E-010   6.4137870873062792E-011  -1.1238349562205423E-010   6.8777157907993187E-011  -3.5489010179633714E-010  -6.1945540564236014E-011   2.6883994749268912E-010  -2.0552660744643646E-010  -2.2642184510557684E-010   3.8811891704115835E-010   1.1750122099211809E-010  -3.0239818624898336E-010
  -1.1323882059962415E-008   2.1149586016575296E-009   2.3066076857355456E-003   8.2403853761704470E-009  -1.0053053244598683E-009  -8.6424159311578232E-009   1.1956921367665749E-008  -8.2815653622342913E-009   1.4870139579348146E-008   9.2868707985963928E-009  -5.0502861692309691E-008  -4.4037855434372091E-008   4.8472287721912394E-002  -3.8475486194310888E-009  -3.8855386167123436E-010  -8.7786343618946261E-009   7.4857141878540867E-009  -5.5294020755201194E-009   2.8040034302738059E-009   5.9179584280131857E-009   1.4930460832616655E-008  -8.8547099861813904E-008  0.11367091707747917       -2.4928971855575653E-009   3.1048238168273588E-009   1.5251960950930838E-009  -1.7619699667316362E-009  -5.9300700002347557E-010  -9.1224906134578571E-010  -3.5725517212416604E-009   3.8580671644360582E-010   4.5680285851039983E-009  -2.0428094418447446E-009  -2.0915215740782180E-009  -4.2739278934649348E-010  -3.4313344689579727E-009   9.8440101513989141E-009  -2.0159023726398957E-009  -4.1112590421183580E-010   2.4432955504366160E-009   1.1368994346798705E-009  -8.7429098918466418E-008  0.11339174255273331       -7.6494921707361144E-009  -1.5772433265599930E-010  -1.9929057578734555E-010  -1.9114294031305430E-010  -5.7370785670251182E-011   4.3762881923063313E-011   3.3443074222345781E-010  -1.9945073295551156E-010   7.5775569355918386E-010   5.3496763986373936E-010  -3.7365482580750771E-010  -1.6358760865992848E-010   3.1591587857877749E-010   3.4472989354868133E-010  -3.4853464734318952E-010  -3.8663029576668585E-010   1.6770011762023327E-010  -1.0208134637198792E-009   3.3580223149839374E-009   3.8140850298442703E-011  -3.3423199051338324E-009  -2.0585650700113565E-010   9.6546827710269689E-010   5.4993661303038782E-010  -5.5374813407118054E-010  -2.8489304723638485E-011   1.7632065672546398E-010  -1.2668215410570808E-009  -3.7513153014584509E-010   1.5546637183404783E-009  -4.6644650702111565E-011  -7.4606254401225657E-010  -3.5986370316991407E-010   2.5663516058752695E-009  -5.8934668228592790E-008   7.6648576171023719E-002  -9.7978943274826636E-010   4.6744215750382369E-008  -6.0451785592769175E-002  -1.8105933609710645E-009   2.7573700782521156E-009  -8.4972234629501271E-009   1.3340721432454896E-009   6.0895484471880949E-009   4.7652134638082875E-010   9.3922800472426221E-010   4.6860803564327710E-010  -4.1058273767993679E-010   3.4633014056875687E-012  -1.5570676208484668E-010  -1.2635690063682006E-009  -3.8438142301690785E-011   1.1652893771056726E-009  -4.1703792522854209E-010  -5.6253229519401388E-010   2.4203346456414780E-010   7.5058127231912771E-008  -9.6323915359417422E-002   4.9367715699260007E-009   1.3393780502441308E-009   1.9708239719459940E-010   1.0854435139672995E-010  -1.0154643357427901E-010   1.4895473382081590E-012  -2.1888423888830463E-011  -2.6590365348935554E-010  -3.7358340245032681E-011   2.6751408331760044E-010  -5.8422705526550292E-011  -1.2370216462944513E-010   7.2039714875074049E-010
