   5.6391244996790209E-004  -4.5664220272693404E-017  -4.6023848494893115E-016  -2.1544499658193634E-016  -1.1532574434419926E-017   7.1376034804723248E-018   3.4654765387928187E-018   3.5392152078463923E-019   2.1623270106631715E-018  -8.2122154431004669E-018   7.5316831908814729E-003   1.9928788760218230E-016  -3.6081280855167923E-015   3.3996138088647490E-016  -9.7007854987576197E-018  -4.3669867878322721E-018  -6.5072401880329062E-018  -1.9645060494686549E-017  -1.9344733983118764E-018  -1.9835604101510357E-017   1.3853018953721929E-002   2.5830357342942431E-016  -5.5904662293490819E-015  -9.9193116557034536E-016  -1.1978007047531712E-014   4.7974572171468882E-018  -5.3954206373259955E-018   4.5430653177373927E-014   4.4304181166218902E-018  -1.6559797520068523E-014  -7.5323624744163155E-018  -3.0213937694894196E-017  -4.9092298433555226E-018  -6.5416715656303909E-017   9.6552137529867157E-003   1.6249057109590709E-016  -4.8096819673795194E-015  -1.0886653865338498E-016   1.2535865907366677E-016  -3.7914017119509053E-017   3.7776874125810750E-017  -1.8978606245626765E-017   6.2503362821550950E-017  -1.7513236679350346E-018   3.8935990917307155E-018   6.0746220267487110E-018   3.5174272155187716E-018   4.9655154748956900E-018  -5.0139881368815051E-018  -5.1929930346382063E-018  -5.2764750768326217E-019   3.0420305580582072E-018  -2.8797573484229757E-018  -1.5949844680864771E-018  -5.5323895759243951E-018   1.6423721409946166E-018   3.0443930096941585E-018   1.1211774693327063E-017  -1.2063280775480383E-016  -3.5907735909733744E-014  -3.5012914069087024E-019   1.9331601759676880E-017  -1.9804770234718893E-014  -4.7260658623821628E-019   7.4004599212611506E-014  -1.2092237579981545E-018  -2.1616040485972305E-017  -1.2881204689590496E-018  -4.6095119930300284E-017   4.3484923155268313E-004   1.2370026647498384E-016  -2.5669197808926586E-017  -4.6632139959061107E-016   5.3266738951516600E-016  -1.8761276664219492E-016   1.7018129857079193E-016  -9.7354052568255356E-017   3.0789732813184078E-016  -1.2671213073118249E-015  -3.9260058896319174E-003   3.3521529107691205E-016   1.2360251553535396E-015  -1.8947276616651205E-015   2.1603050364081975E-015  -7.6202723773639468E-016   6.7625301742276385E-016  -3.9265620271086138E-016   1.2222232891544779E-015  -1.8897767927413905E-015  -4.8280506131703821E-003   5.2027002273460602E-016   1.5603545748859325E-015   2.7266604394713730E-016   2.3599696891986764E-003   1.8850016104938930E-015  -2.6135183896895882E-015   2.3975806690861666E-015   1.6200754393572404E-015   3.0855099073821817E-017  -5.4871129195975103E-016  -1.0784347387068632E-016
  -4.5664220272693404E-017   5.6391245027081680E-004   8.0286060551945984E-017  -4.6707251446843767E-016   6.2625132162461291E-018  -4.6386660250229771E-018   9.7450692714414788E-018   1.6976921615951369E-017   1.8273237253068478E-018   2.4468302773850614E-017  -7.7447640632557423E-016   7.5316831922381984E-003   1.8339125992127008E-016   7.8208887749962910E-015   4.7508019106401077E-017   1.3088298735448301E-018  -1.3169067241647451E-017   5.7717604493657491E-017   4.0765154707348860E-019   3.8202972932508612E-017  -1.3730743582671399E-015   1.3853018958804234E-002   8.5762180934009122E-016   1.7389448281519179E-014   5.1014343869165337E-017   4.2099685092311435E-014  -2.3641023960485791E-018   3.0353734489987252E-017   1.2826896719937795E-017   2.2854470998817018E-017   2.0919192505065588E-015   9.6320985888953331E-018  -3.4647261879649326E-014  -1.8901243438649758E-018  -1.1844950547505566E-015   9.6552137540966802E-003  -1.3609090794178187E-016   7.9588508726337180E-017   1.1964673555194234E-016  -7.0955111941558330E-017   4.4337896609223231E-016   5.8392238752915213E-017   5.0945769832493829E-016  -7.1085626472916991E-017   2.6101549704890452E-019   1.0725527798127487E-018  -3.7530082481738394E-017   4.0879874558743081E-018  -4.2047181920396076E-017  -7.3732076681323009E-018  -3.1637306423842524E-018   1.0328879093580714E-018  -2.6950782836450111E-018  -7.5385959303486065E-017  -3.6896111441582014E-018  -3.9491660570413850E-017   2.9612810551043303E-018  -6.6198235972866279E-017   8.6289054111057937E-015   8.6725123375328279E-017  -5.3214063128917431E-014  -1.1642740348633482E-018   3.5188292682724293E-017   2.2626061782073049E-017   3.9818516561206713E-017  -9.3332222292496057E-015  -3.3251402885828650E-018   7.2106061977271072E-014  -5.6998641062627246E-018   5.7209615488154935E-017   4.3484923195807944E-004   1.3198073115760853E-016  -9.6744701014329276E-016   4.8237040288546812E-016  -3.5975884064774006E-016   6.1754537634621736E-016   2.7604812490062237E-016   9.2600982587016768E-016  -6.7217360715773922E-015   3.6231928958890976E-016  -3.9260058928991199E-003  -7.4658686337839400E-016  -4.3144006872867460E-015   1.9686416681484181E-015  -1.4451444494207170E-015   2.0841735272037854E-015   1.1136608076007650E-015   3.3313003560404226E-015  -2.5362841621293903E-015   4.6435872975128177E-016  -4.8280506172179863E-003  -9.0237787958766109E-016  -4.2002798640626340E-016   8.0650590933497877E-015   2.3599696910538695E-003   4.8843773245762779E-015  -1.1858532124735258E-015  -9.4672915977818578E-016   1.1637136563897949E-015   4.5023863854681610E-016   7.9090631274405055E-015
  -4.6023848494893115E-016   8.0286060551945984E-017   5.6391245113240353E-004   1.3841083159593450E-016  -1.5257847552445852E-017   6.0249750628109817E-018  -7.5145290704605084E-018  -2.2553191225285431E-017  -2.6096229035118268E-018  -9.6918007423767752E-018  -2.9080828881002943E-015   7.7267151494090536E-016   7.5316831968716197E-003  -2.4923565861101994E-015  -6.3454002746537652E-017  -1.3409130909304636E-018   1.8844188802930141E-017  -3.8821179046012066E-017   1.4267713311311191E-017  -6.1251171528368979E-017  -4.3624522657279704E-015   1.6540199298203563E-015   1.3853018970548494E-002  -6.0619506437958256E-015  -1.1274984391238003E-016   1.9003629621213827E-017   1.8003484827032846E-014  -5.4219191582891038E-017   2.2617881323704241E-018  -3.0039660093647998E-017   5.1159360317538689E-017   3.2743814105421789E-015   3.0596595430064813E-017  -5.6042384060766429E-015  -3.7212389381899451E-015   5.2168237870501451E-016   9.6552137608002207E-003  -1.5199593038188653E-016  -1.9336418757906665E-016   1.3152594368116075E-016   4.8235543403754266E-017   3.9423195860479287E-017  -3.1752799720021653E-017  -8.2916247082745102E-018  -5.7081886351451177E-019   7.8341934361854503E-019  -5.5230168747170376E-018   6.3801044381503416E-019  -1.0244945385865526E-017  -4.0161953002916329E-018   7.9046616774044978E-019   6.8084443151753547E-019  -1.1149221840902629E-018  -1.7616490001488929E-017   9.4242205928029369E-019  -1.3785869038255478E-017   2.5418920173524485E-018  -1.8671752861248530E-017  -3.2419702873516244E-015  -1.6351373446763311E-016   1.0572931584957361E-017  -4.9056353891026182E-014  -7.1354743559176248E-017  -9.5888214859231250E-019  -3.0287412521679098E-017   1.4701692072939482E-017  -1.7444645552850531E-014   5.2947238313707693E-018   5.4687400480634029E-014  -6.7845578724445556E-016   2.8894980092583874E-017   4.3484923230539021E-004  -4.8233574738766546E-016  -8.4678060305361816E-016   6.0076448816039757E-016   3.7514296927590381E-016   2.2872351339309276E-016  -4.4443819089142301E-017   2.4580799339418818E-015  -1.0365830367761509E-015  -1.5185922831027056E-015  -3.9260058970511076E-003  -1.8812939927479058E-015  -3.4282243960945286E-015   2.4286431880812676E-015   1.5919721948297961E-015   9.0689155459581661E-016  -7.0300630477046340E-017   8.4212721828891430E-016  -1.7703915481063458E-015  -1.9911000817460280E-015  -4.8280506224425502E-003  -1.0236879695639481E-017  -2.2285698451916185E-015  -5.7038516975893246E-016   2.3599696938279252E-003  -5.1524207762003681E-016  -3.0977757772101404E-016   2.7530408305894188E-016   1.2143499798043542E-016   1.9835634964603874E-015
  -2.1544499658193634E-016  -4.6707251446843767E-016   1.3841083159593450E-016   3.1228806025560606E-005   8.1510689389901413E-014   1.0762868119685539E-017  -3.2032040423037146E-017   7.8199238152087822E-014   4.6983881166334853E-017  -1.6034522531781660E-013  -2.9015510921280669E-015  -7.8044009343948847E-015   2.3527040740144601E-015   1.9287464265651791E-003  -1.2630715497961044E-013  -2.5705231494821138E-017   3.3069673276628998E-017  -2.7983362340955635E-013  -1.1664629963726724E-016   4.0458990370414385E-013  -5.3410518243189819E-015  -1.3660693879643331E-014   4.1185119207996537E-015   5.1689429195949255E-003   2.0638550998871449E-017  -3.2972533240890946E-018   6.4283665551786092E-018   1.0249851119247950E-017  -1.9654240283735470E-018   7.5669635537480501E-018   3.1076106295903212E-019   1.0009449151036659E-017   2.8677189417428485E-019   1.1066607620152691E-017  -3.7371295820899104E-015  -9.7328861365205406E-015   2.9861443304841867E-015   1.5482620373869522E-012  -1.7479768113050458E-016   1.3714383400739786E-016  -6.4868652126761996E-013   1.3628241765391882E-016  -8.8833679352240658E-013  -2.0444967774368705E-014  -1.9850853105957511E-019   6.1249404083668000E-019   1.3069365962975983E-013   7.3991003053257951E-019  -9.7574071527617209E-014   6.3063706407972752E-019  -2.1263386051120320E-019  -1.1087343061233028E-018   7.6232630991325127E-019  -3.3426669210419998E-013  -6.7947442199888329E-019   4.5346382666385341E-013   5.2899588902090089E-019  -2.0434650022253121E-013   2.5084343987566652E-003   3.7640300838613760E-017   6.3883982042491817E-019   1.0495015263368005E-018   1.6597651542715845E-017   1.8398713102066592E-018   1.6977180809593017E-017  -2.0618026146555904E-018  -8.1853839520791707E-019  -9.4610652546535949E-019   7.1278409032555206E-018   2.2123300486601629E-015   2.2718510770404316E-015   8.0206019354518748E-016   4.1998602485388921E-012  -8.4245122288165849E-016   3.3360788930688299E-016  -8.2591594518111913E-012   1.6319878356816440E-016   4.0657385064428241E-012  -3.9416208042102044E-003   9.1229208991264480E-015   1.3025000641084207E-014   8.4547315726205286E-016   1.6828286619344822E-011  -3.4236087363628506E-015   1.7301688663056883E-015  -3.2675317420291020E-011   8.1589652455629378E-016   1.5865834311265155E-011  -3.5526830722784489E-003   1.3378901773388772E-014   1.8474769692554474E-014   1.6676115757771341E-015   2.7095412828739381E-005  -2.0126998259846168E-014   4.9738699971727009E-015  -2.3334662944342648E-014   2.1003233509440883E-003   1.1670013354497730E-003  -4.9703242062621753E-005  -3.3187327316199568E-004  -4.3717427016837430E-004
  -1.1532574434419926E-017   6.2625132162461291E-018  -1.5257847552445852E-017   8.1510689389901413E-014   8.3266086904574986E-007   8.5579406569238047E-019   2.2412055256955478E-018  -4.1633042868731963E-007  -1.7262032874271000E-020  -4.1633044036427243E-007  -1.3642086417772901E-016   1.2923397618505528E-016  -1.7541399062222607E-016   4.5606790028131937E-012   4.3218333273510661E-007   1.5120239354012557E-018  -9.6749028460958298E-019  -2.1609167332502433E-007  -8.6492504819695792E-019  -2.1609165943746613E-007  -2.6150832755419621E-016   2.2891203408718852E-016  -3.3649803394838521E-016   1.2016759881705955E-011   3.5644005326043182E-018  -6.4861580316306172E-019  -1.4994199209589253E-019   1.8441153269044811E-018  -5.3589405878053738E-019   1.0353137832649781E-018  -2.5574454298277858E-018  -7.4398249627128153E-021   2.5147683597615871E-019  -1.0231617487086074E-018  -1.5799941923039769E-016   1.6967285531697571E-016  -2.4094350355017866E-016   6.3004619416300283E-005   1.4430059028057553E-016   6.2259953379659013E-017  -3.1502309474543950E-005   3.4551288042252298E-017  -3.1502309947278710E-005   1.0127208971941567E-015   4.7744228849351455E-019  -5.4546582202489843E-019  -1.3578070515512510E-015  -2.7679470363046162E-019   9.3847665219545416E-016   7.8049215406145529E-019   2.6279613345298826E-019  -1.7317833112817005E-019   8.1572113394361095E-019   2.1334843387382719E-015  -7.1635359584527212E-019  -1.0217137835590332E-015  -7.7808037627969597E-019   8.2204621975960599E-016   6.2365604474220756E-012   7.9283476600342302E-019  -1.1295719180051690E-018  -1.3406622114075805E-018   3.5546945212181147E-019   5.1521310020368288E-019   4.9191037086400362E-019  -2.3819090419752177E-018  -1.2578478577557898E-018  -2.2731252744021097E-018  -2.8231826483410136E-018   3.7805038859784010E-016   2.9500710508739224E-016  -5.7977012688500693E-016   2.7394861709626817E-004   6.3161289775903943E-016   2.7055971602724171E-016  -1.3697430757861787E-004   1.3611386564904677E-016  -1.3697430952095785E-004  -6.3220790635961306E-012   1.3655602607105276E-015   8.2732996651314189E-016  -1.7612758997046896E-015   1.1092907207805153E-003   2.5546114372290437E-015   1.0920971362529646E-015  -5.5464535650765303E-004   5.5803960894603673E-016  -5.5464536428058973E-004  -3.5994536147836058E-012   2.0357983708279643E-015   1.2854893438486145E-015  -2.6888328462350653E-015  -3.4530213955005494E-013  -8.7810562427741197E-016  -8.3647145267679865E-015   4.9483808025174579E-015   1.8196571941646006E-012   7.4522849362149639E-013  -1.3103382204376274E-014  -2.1695476264128875E-013  -2.6805037473231460E-013
   7.1376034804723248E-018  -4.6386660250229771E-018   6.0249750628109817E-018   1.0762868119685539E-017   8.5579406569238047E-019   8.3266086947627002E-007   2.1428748531542626E-018   2.5134104126435039E-018   6.3776805476060541E-020   2.0410791967424044E-018   7.0304149681477610E-017  -8.8441714838193671E-017   1.1917795176480572E-016   7.5768114183764932E-016   7.2175174085386226E-018   4.3218333084145958E-007   6.8343155949875149E-019   8.3421502381819748E-018  -3.2292343059614371E-018   6.8472687232086874E-018   1.3068148648684764E-016  -1.4904309030579253E-016   2.0787169601129469E-016   2.0669038351652859E-015   2.8893693524960312E-018  -3.8109307752145027E-019  -9.3423664470256921E-019   1.3838763427626246E-018   2.4322851142066123E-019   9.6543471899620051E-019  -1.0690053404849160E-018  -6.8770463654531308E-019  -1.6321658562283536E-019  -7.2487643730326774E-019   9.8040990387957966E-017  -9.9116354195488377E-017   1.5397396644951433E-016  -1.0179206229776996E-016   6.3004619432935807E-005   1.8992040997460350E-016   1.0725635026616327E-016  -7.0949257546661724E-017  -6.7962975891079177E-017   9.7723126666159428E-018   9.8035422951640393E-017  -4.4583361487943201E-019   5.4564301656400260E-018  -5.4085873043328319E-019   5.0439693157289632E-018  -1.4087024972473750E-016   1.9602331896393778E-019   6.7932053655272475E-017  -1.2989364742599217E-019   8.5193076261452351E-018  -2.0701244019221101E-019   4.8012255445104992E-018   2.4249827567204329E-019   9.0073716598288982E-018   1.0563531297219375E-015  -4.5163909942735103E-020  -6.9289118731057752E-019  -1.7484366725103134E-019   7.2058192658248362E-019  -9.3020331803176710E-020  -2.1617524336109196E-019  -3.1626949337693609E-019  -4.6464526471198016E-019   8.6060813392425342E-020  -7.6785917435403935E-019   6.5530418129849005E-017   3.0326628631171355E-016   5.8512952149545719E-017  -3.5508801552010490E-016   2.7394861714983719E-004   8.1479967260429965E-016   5.5152540009338442E-016  -3.1972579875432916E-016  -2.1365895436018487E-016  -2.1183928735688130E-015   1.6640138851133504E-016   1.0578379424515638E-015   1.2626485657515152E-016  -1.4116166710252100E-015   1.1092907210834724E-003   3.3045279781853537E-015   2.2599169155660322E-015  -1.2908303004534501E-015  -8.3576798243195359E-016  -2.1481903429433468E-015   2.6013282659092688E-016   1.5850890246440428E-015   2.0453378933874585E-016   1.7588405487557513E-017   1.0408800529701254E-017  -1.8079404627420192E-015  -3.0551151305190990E-016   1.3313485478731881E-015   7.5134266233723266E-016   7.5909462565683377E-017  -2.1104274683798208E-016   4.3160252239109834E-016
   3.4654765387928187E-018   9.7450692714414788E-018  -7.5145290704605084E-018  -3.2032040423037146E-017   2.2412055256955478E-018   2.1428748531542626E-018   8.3266086993703107E-007  -4.2549161800821630E-018  -3.0431567199992816E-019   2.7610974750584911E-018   5.6683174842849391E-017   1.4644092563533450E-016  -1.3532107410367102E-016  -2.0998037836419219E-015  -6.9591392743702598E-019  -4.7902617319545360E-018   4.3218333070339607E-007   1.3130951155334009E-018  -1.7044394953621220E-018  -8.6788911445988933E-018   9.7758936192356311E-017   2.6133088801743668E-016  -2.2528155621682968E-016  -5.2453946570527373E-015   8.6547718461305692E-019   1.2251146354759270E-018  -1.0433694414275547E-018  -5.5247217740517363E-019   4.4259233535944525E-019  -1.0143683011463298E-019   1.2867922353689586E-018   4.5731504928016064E-019  -1.9026841447585246E-019  -2.8007705565749535E-018   7.9558632813220691E-017   1.8122713167301551E-016  -1.5197485851745139E-016   2.0191155691073609E-016  -1.9550221499248071E-017   6.3004619449936341E-005   1.3116934028423859E-017  -9.6511283963846884E-017   6.9917800343192741E-017  -2.7618151189534067E-017  -1.1508367940161162E-019   1.1899519589984650E-016  -1.5645782269242630E-017  -1.0937190227219046E-018  -1.7309247093313137E-017   1.5910616459799832E-019  -7.7140409726216277E-017   1.4145927465353620E-019  -7.8655495439081610E-017  -2.7180667247103263E-017   3.1302720397478565E-019  -1.6007044307838702E-017   1.3460617701039814E-020  -2.7006252596001886E-017  -3.1955787260833939E-015  -5.8383298204613179E-019   1.3375660265755026E-018   2.8445769389405699E-020   4.7593280734528661E-019  -6.8119968248209386E-019   7.2320350553316717E-020   4.1888565008299153E-018  -7.6092950996389282E-019   2.2917194342640432E-018   8.0907288681399637E-019  -2.0191636173923824E-018   9.9086191690914951E-017   5.2468272021785211E-016   5.1608563564153883E-016  -1.1397937943407747E-016   2.7394861722649326E-004  -2.8599145298590511E-016  -4.2568106558213665E-016  -8.7131926691588739E-017   4.7529125642043483E-015   1.0736345002140539E-017   2.2359107234313339E-016   1.8257687987052129E-015   1.9598683872145774E-015  -4.4796691067819686E-016   1.1092907213900020E-003  -1.2870797654757912E-015  -1.7222884279655107E-015  -4.6629719181375828E-016   3.6133325628967195E-015   7.1875394852251603E-018   3.5520136199754341E-016   2.7358446617365864E-015   2.8662820106013751E-016   2.0980241346754419E-015  -1.4282483906318107E-016  -2.2034482238286475E-015  -2.6494366978991815E-015  -1.2723980780627776E-015   2.4591666572655097E-016   3.9913772055896813E-016   1.8643006785214157E-015
   3.5392152078463923E-019   1.6976921615951369E-017  -2.2553191225285431E-017   7.8199238152087822E-014  -4.1633042868731963E-007   2.5134104126435039E-018  -4.2549161800821630E-018   8.3266087362287323E-007  -2.1181130931342024E-018  -4.1633044492888989E-007  -3.7608920431402143E-018   2.0693221875222344E-016  -3.2247671796528620E-016   6.7084860322311761E-012  -2.1609167332420848E-007  -4.2373532536560232E-018   2.9668546907831361E-019   4.3218332679230196E-007  -1.6619147355425954E-018  -2.1609165348619904E-007   2.2172573664748553E-018   3.8047777043803595E-016  -5.8434868184553246E-016   1.7578279948117337E-011  -2.5170570402823656E-018   1.4993650883136422E-018   8.4475346501826418E-019  -4.5203466467689719E-019   1.4074773483191993E-018  -6.6364685614250676E-020   5.1442198989778664E-018   8.4897089433814185E-019  -2.9106868984903049E-020   2.0084446271794390E-018  -1.5283051428444529E-018   2.5678877675315467E-016  -4.2559222764705804E-016  -3.1502309471568574E-005   6.5015462512667810E-017  -2.4562790654954719E-016   6.3004619601212062E-005  -2.0448886191799943E-016  -3.1502310122656116E-005   1.6340463466851190E-015   4.1206695725143032E-019   4.0084303636943509E-019  -2.8199331097790305E-015  -9.6045019986680674E-021  -1.8609944332549508E-015  -1.4051774011593994E-019  -3.2999879276238163E-019   2.0322169519003945E-019  -3.0723090597352002E-019   1.4311092487543192E-015   4.6337289772686761E-020  -1.5242636557943872E-015   4.6573933680368613E-019   9.0317802004741998E-016   8.9940005838829627E-012   4.9097269312067678E-019   1.1869217812896239E-018   1.6969389576595819E-018  -2.5921177765600423E-019  -9.2547564784829990E-019  -6.7938535050373355E-019   2.2658990791274012E-018   2.5581030558049945E-018   3.0075467533329029E-018   4.4774523235757101E-018   7.0192626414374499E-017  -9.4977376685371714E-017  -1.8999160642550886E-017  -1.3697430758114233E-004   2.6913498028260344E-016  -1.0660068091667058E-015   2.7394861784179974E-004  -8.8632173788846356E-016  -1.3697431025699451E-004  -1.0511973527480990E-011   2.4459254325055444E-016  -4.9105289421651985E-016   1.2307776379396012E-016  -5.5464535652314639E-004   1.0939134251245570E-015  -4.3094025738090548E-015   1.1092907238386943E-003  -3.5924204388593300E-015  -5.5464536730999989E-004  -7.5325006892730892E-012   3.6520337836701920E-016  -7.0547394179613263E-016   1.4696274459545608E-016  -2.0076056237931151E-014   6.8013801080128103E-016  -1.3552366486967295E-015  -9.2913400358545805E-016   3.8709100967578153E-012   2.0807500022401145E-012  -8.9552823351098750E-014  -5.7128511117789021E-013  -7.4966690034331974E-013
   2.1623270106631715E-018   1.8273237253068478E-018  -2.6096229035118268E-018   4.6983881166334853E-017  -1.7262032874271000E-020   6.3776805476060541E-020  -3.0431567199992816E-019  -2.1181130931342024E-018   8.3266087171832748E-007  -1.5100566675680035E-019   3.4791493284321581E-017   1.0933682467556840E-017  -4.6663358548062137E-017   2.8669543765774569E-015  -4.4675800299632303E-018   1.3015509483505048E-018   2.8715038950808591E-018   9.8595424508315996E-019   4.3218332939094044E-007  -4.1374175093050311E-018   5.7307112224420653E-017   2.8002175950502112E-017  -7.3792585750236318E-017   7.8007287248020112E-015  -7.3427548137769975E-020  -4.9685844293656137E-019  -1.8830093580239534E-018   6.8154219822510164E-019  -1.8044370753850340E-019   1.7332261337315441E-019  -2.5318002342277679E-018  -8.6887385223988656E-019  -1.9524686810294385E-018  -2.5781411881744040E-018   4.3454566368868618E-017   2.4105921005848326E-017  -5.3485391282412075E-017  -2.7639917027555549E-017   7.7459649876610846E-017   7.0873783379854497E-017   4.3481593489101015E-017   6.3004619518602334E-005  -6.7436911192669353E-018  -2.7189782453060802E-018  -2.9367784344253757E-019   2.7976339950340784E-019  -1.6390716790719450E-018   4.7721004970481379E-017  -1.8989920280243462E-018   5.3845940049714426E-020   5.0587552568761609E-019  -1.4755216001064216E-019   3.1888639796222053E-019  -2.5362569084356116E-018  -5.4034033948794853E-017  -1.8383324687278966E-018  -1.1872173464805919E-017  -2.6722351256577250E-018   3.6682675630578540E-015   2.0121061074427202E-019  -2.3387476282295108E-018  -2.6310046957662934E-019  -3.2082294348599637E-019   3.2465912879358521E-019  -2.1909565303508420E-019  -3.8397029073592881E-018  -9.4850633816232365E-019  -1.0544900148776310E-018  -9.2546650752412853E-019  -6.5706034475877214E-017   6.8321377055282997E-017   1.1093258028572939E-016  -1.4972342784278227E-016   3.4072110282096984E-016   3.2604827117966887E-016   1.8715269723541448E-016   2.7394861751908409E-004  -5.1599167562504573E-017  -5.5201741350240768E-015  -2.3453462902560950E-016   2.1917482241537254E-016   4.0731007917936441E-016  -6.1947206175031877E-016   1.3763253095459562E-015   1.3155837912428065E-015   7.3045017858076058E-016   1.1092907225765994E-003  -2.2770712622389509E-016  -5.1419709570157400E-015  -3.5061620396674008E-016   3.3474035835566749E-016   6.0609071162525327E-016   1.3977757397694758E-016  -3.6032562987941815E-016  -1.0331466335992821E-015   5.7236908352965156E-017   2.8090714346228857E-015   1.5944389151982170E-015  -7.4361023093472215E-017  -4.4063806839652987E-016  -5.6874492609360837E-016
  -8.2122154431004669E-018   2.4468302773850614E-017  -9.6918007423767752E-018  -1.6034522531781660E-013  -4.1633044036427243E-007   2.0410791967424044E-018   2.7610974750584911E-018  -4.1633044492888989E-007  -1.5100566675680035E-019   8.3266088529234069E-007  -1.2705526793520983E-016   2.8657048696484983E-016  -1.2396159385450857E-016  -1.1315353942518614E-011  -2.1609165941393040E-007   5.5334766753198524E-018   1.0587276016455988E-018  -2.1609165346381884E-007   1.3401193620680207E-018   4.3218331292323875E-007  -2.2174305797895110E-016   5.5041135904717204E-016  -2.3787028847613624E-016  -2.9716091996470047E-011  -1.0473434895293873E-018  -8.5074928113677313E-019  -6.9481147622599887E-019  -1.3920806653902647E-018  -8.7158328947545995E-019  -9.6894909969950783E-019  -2.5867744685501931E-018  -8.4153107023878987E-019  -2.2236996990423509E-019  -9.8528287687728668E-019  -1.4015134631147477E-016   3.6753425270321215E-016  -1.7452832625180852E-016  -3.1502309945173765E-005   2.0006173410554506E-016   2.3992017494360131E-016  -3.1502310126163883E-005  -3.0650935451989269E-018   6.3004620069872667E-005  -2.6467672435002842E-015  -8.8950924508863913E-019   1.4462278571933735E-019   4.1777401582159641E-015   2.8639920545306754E-019   9.2251778343370489E-016  -6.3997441488640209E-019   6.7202659275113253E-020  -3.0043363598653998E-020  -5.0849022804774376E-019  -3.5645935795305733E-015   6.7001630628201464E-019   2.5459774284144161E-015   3.1234103951744878E-019  -1.7252242349670460E-015  -1.5294795816898569E-011  -1.2838074645630572E-018  -5.7349868024138034E-020  -3.5627674050361858E-019  -9.6257671796439672E-020   4.1026254754817863E-019   1.8747498157138396E-019   1.1600996218220887E-019  -1.3002551963063685E-018  -7.3442147220275721E-019  -1.6542696817800924E-018   4.7149747969503784E-016   4.1933438894540526E-017  -4.7538130418837208E-016  -1.3697430951704792E-004   8.7925618550619056E-016   1.0413402211583295E-015  -1.3697431026098947E-004  -2.0201695867322372E-018   2.7394861977768207E-004   1.6856330557594656E-011   1.6843676278680573E-015  -1.3841972480211926E-016  -1.4936390866301153E-015  -5.5464536426515199E-004   3.5591844217007458E-015   4.2129920306296683E-015  -5.5464536732216356E-004  -1.1590329268954313E-017   1.1092907315894951E-003   1.1115161600837813E-011   2.5129559757932813E-015  -1.4637324373125450E-016  -2.2671813578726272E-015   3.6114126563255286E-013   7.5252066970586032E-016  -6.3175633370865089E-015  -4.6306942223554508E-016  -5.6870363186633872E-012  -2.8282863939123540E-012   1.0248893836965122E-013   7.9017924732230270E-013   1.0189456344885843E-012
   7.5316831908814729E-003  -7.7447640632557423E-016  -2.9080828881002943E-015  -2.9015510921280669E-015  -1.3642086417772901E-016   7.0304149681477610E-017   5.6683174842849391E-017  -3.7608920431402143E-018   3.4791493284321581E-017  -1.2705526793520983E-016  0.10059963308152842        3.3882701390858779E-016  -5.0129109622043064E-015   7.9473122757143914E-015  -1.1563526211836365E-016  -7.2134721767758872E-017  -8.5214373179582541E-017  -2.7052199451079993E-016  -2.2491382701634429E-017  -2.6949754844136881E-016  0.18502648513247888       -7.3553929506581757E-016   4.7959278021364651E-015  -5.6077172466412567E-015  -1.6118138693926961E-013   6.3067773442955369E-017  -7.2656789702395511E-017   6.0730797593713435E-013   5.8807188046819374E-017  -2.2027661520461071E-013  -9.7321792843111421E-017  -4.0509999234017039E-016  -6.5824291330728124E-017  -8.7952030572195543E-016  0.12894896866280550       -9.2295471850055733E-016  -8.7691032020236214E-015   1.9834057891954172E-016  -1.7441326514966761E-016   1.6345921772794480E-016  -1.2715410468940249E-016   1.7003047187158042E-016  -1.9140229247156883E-016  -1.9896008453629865E-017   5.3194072333193773E-017   8.3215672285052588E-017   4.9771303023706148E-017   6.8611249370784676E-017  -6.9101501790697792E-017  -7.1708132837764295E-017  -7.3945141073475259E-018   4.1786696975934846E-017  -4.0340976001521772E-017  -1.9792408852501352E-017  -7.6414761417406982E-017   2.3179961150779799E-017   4.1786563660038850E-017   1.5401262064476908E-016   4.2219160248417613E-015  -4.7746283611241956E-013  -1.0421182317681807E-018   2.5572856016726393E-016  -2.6552300147742503E-013  -6.5912196367234575E-018   9.8645270197484145E-013  -1.8159218308946023E-017  -2.9087895059465523E-016  -1.5982469631507709E-017  -6.1609723409743110E-016   5.4402502089665218E-003   4.4341312280654831E-016   4.5112469760456492E-015   9.6677835625407684E-016  -9.2927751153661825E-016   3.9604247372103768E-016  -4.7545067033329141E-016   5.4250533323731059E-016  -3.3026617894478286E-016   8.8327308310747446E-016  -5.3649054971757426E-002   1.4291039649368694E-015   2.1548759736945196E-015   3.8309159227558401E-015  -3.7166112353777382E-015   1.5788307037426182E-015  -2.0989406841139467E-015   2.2160548336842610E-015  -1.6712787789566039E-015   3.4882023026314618E-015  -6.6314967843089406E-002   2.2180189666608388E-015   5.3630577196208329E-015  -9.5517069830654162E-016   3.4265182111441757E-002  -8.7645803696944182E-015   4.5946232646191205E-015  -5.2130745939358867E-015  -3.8709375617933910E-015   1.0523307102339113E-016   1.3325917123939029E-015   1.3238176314647000E-015
   1.9928788760218230E-016   7.5316831922381984E-003   7.7267151494090536E-016  -7.8044009343948847E-015   1.2923397618505528E-016  -8.8441714838193671E-017   1.4644092563533450E-016   2.0693221875222344E-016   1.0933682467556840E-017   2.8657048696484983E-016   3.3882701390858779E-016  0.10059963306353084       -1.6910276555260945E-015  -2.5492662999132809E-015   6.5440046980347558E-016   5.7111554687556087E-018  -1.7205905578275633E-016   7.4260148722021826E-016   3.5925510876599784E-018   4.7846751861913775E-016   1.4705158930619901E-015  0.18502648513411893        4.0215244265698733E-015  -4.9955680561618709E-014   6.7236954352097416E-016   5.6192967495320697E-013  -3.5667139324422626E-017   4.0145276433341785E-016   1.7320105652119804E-016   3.0318474998296076E-016   2.7823748988033989E-014   1.2636823101461317E-016  -4.6227956096265310E-013  -2.4200201080009853E-017  -2.2427421138659401E-015  0.12894896863170113       -7.0958920583128930E-015   5.1762774164455610E-015  -8.3673533454241149E-017   3.6431457825426044E-016   4.4140868564147925E-015  -1.3115684488520449E-016   4.1313252913359116E-015  -9.4965612207162076E-016   5.4768666108280576E-018   1.7401133391597678E-017  -5.0000181723035009E-016   5.8154830722995826E-017  -5.6178332292121556E-016  -9.9519391331777314E-017  -4.5556628221190363E-017   1.3563923278514062E-017  -3.5934419787884317E-017  -1.0125712731574023E-015  -5.3442070565218533E-017  -5.2456334302393595E-016   3.8701108471813560E-017  -8.8537471849320129E-016  -3.0920076371786858E-014   1.1561119091597040E-015  -7.1038193835769881E-013  -1.2043370704767385E-017   4.6963177682350491E-016   3.0079402121791655E-016   5.2967083764713650E-016  -1.2426425278571451E-013  -4.1758522820515228E-017   9.6194487372758339E-013  -7.8946780176305784E-017   1.6704543566938261E-015   5.4402502215207919E-003   4.6779266038715720E-015   5.0990717235809819E-015  -8.7539164370602910E-016   8.7240727638656001E-016   1.7340945181210638E-015  -2.6420299885232713E-016   8.1607666193441616E-016   1.2351663704552748E-014  -1.3490210711066657E-015  -5.3649054965909097E-002   1.7055914162001985E-015   1.5354873404706494E-014  -3.3432244011654875E-015   3.6943962101894522E-015   1.5205466636254371E-015  -1.1337153248434206E-015  -2.2345625763393392E-015  -1.9533336406014996E-015  -1.1350256679171885E-015  -6.6314967827788521E-002   5.2124222232294703E-015  -2.8584421572526763E-016  -2.8065537507584812E-014   3.4265182104592930E-002  -1.3945374327783572E-014   3.5468158318531193E-015   2.9988992570240234E-015  -2.8676458295345148E-015  -8.2987513198909066E-016  -2.1275471060063295E-014
  -3.6081280855167923E-015   1.8339125992127008E-016   7.5316831968716197E-003   2.3527040740144601E-015  -1.7541399062222607E-016   1.1917795176480572E-016  -1.3532107410367102E-016  -3.2247671796528620E-016  -4.6663358548062137E-017  -1.2396159385450857E-016  -5.0129109622043064E-015  -1.6910276555260945E-015  0.10059963303349070        3.0837244733521097E-015  -8.4526898994135511E-016   4.5058227512292013E-018   2.5062167967839966E-016  -5.1371788942411436E-016   1.8828028399065834E-016  -8.1409316456330583E-016   4.0667730655080989E-015   1.2396951784103377E-016  0.18502648512199613        1.4822336215033931E-014  -1.4982017976281923E-015   2.5430778879376348E-016   2.3981262637030053E-013  -7.2329174964305222E-016   2.9020813761516503E-017  -3.9894617682946015E-016   6.9005430256068989E-016   4.3556326155536655E-014   4.1100124678770105E-016  -7.4426341743898043E-014  -5.8520695534739302E-015  -8.1862142174671564E-015  0.12894896860360139       -2.1140563891652535E-016   4.0715466987594395E-016  -4.0024696865600707E-016  -5.8267811618544207E-016  -2.9432762275181360E-016   4.4422854178187432E-017  -2.0411562700814266E-016  -7.3311366102294750E-018   1.2061932520858740E-017  -1.2589409153755973E-016   8.0958832449762421E-018  -1.9189056515612119E-016  -5.7376340474231117E-017   1.0487574322638449E-017   9.2777597157986220E-018  -1.4724447296008470E-017  -3.3036575352167349E-016   1.2653039646627873E-017  -2.4050628779112499E-016   3.4667907408588806E-017  -3.4511776463016774E-016   5.0362419843121003E-015  -2.1779775766766067E-015   1.4268603008903534E-016  -6.5461212318504930E-013  -9.4870121812239922E-016  -1.2056155224304209E-017  -4.0214184556331229E-016   1.9294235289349470E-016  -2.3291966915006127E-013   6.9323308069952639E-017   7.2971579545211630E-013   3.4582151042702008E-015   5.6050118875148180E-015   5.4402502257009360E-003   6.0039335573254971E-017   1.6841643405003429E-015  -1.2966324746164415E-015  -1.6072497546543384E-015  -4.9606190597204020E-016   8.0066129418272318E-017  -3.7591281805184736E-015   4.3451098466413538E-015   5.7343608280760537E-015  -5.3649054957297077E-002   7.7057173301763997E-016   6.8262206335494889E-015  -5.3182955209306299E-015  -6.0205089897259212E-015  -2.2752781053588159E-015   1.3440390127827828E-015  -2.6592943497855484E-015   8.4511581876242911E-015   1.0849856580660780E-014  -6.6314967814304696E-002   1.9395578009939086E-015   5.3504788943366874E-015  -4.4896833139990288E-015   3.4265182097561284E-002   3.6629622145625438E-015   3.3425016352351526E-015  -1.4630224749677368E-015  -1.1904841455001045E-015  -9.3313863936055292E-015
   3.3996138088647490E-016   7.8208887749962910E-015  -2.4923565861101994E-015   1.9287464265651791E-003   4.5606790028131937E-012   7.5768114183764932E-016  -2.0998037836419219E-015   6.7084860322311761E-012   2.8669543765774569E-015  -1.1315353942518614E-011   7.9473122757143914E-015  -2.5492662999132809E-015   3.0837244733521097E-015  0.12429811770651351       -9.1148670528938621E-012  -1.5066075082466840E-015   2.1257069873094697E-015  -1.7403116814572449E-011  -7.3203831311326791E-015   2.6394741427304591E-011   1.0488227241918963E-014   4.2497311228826379E-014  -8.9944538799369031E-015  0.33108751234713518        1.5058150292238823E-015  -2.9063790522585877E-016   2.0923018484417294E-016   7.0393024166214949E-016  -1.3145794470091238E-016   6.0631582232333423E-016  -2.5972927327393247E-016   4.4811014159543339E-016  -1.0948949377141000E-016   4.2746520182122310E-016   2.0102410268630503E-015   6.3337333121030967E-015   5.4369032097720688E-016   3.8351355040392052E-011   7.8819581588492738E-017  -2.8703765176965918E-015   8.2088389483089755E-011   4.3983792095057002E-015  -1.2010174117999137E-010  -1.2350611384882797E-012  -3.5152128037616128E-017   5.1253133493681186E-017   8.3992917792660617E-012   4.7339849658786164E-017  -6.3285525619845510E-012   4.1514227216961501E-017  -2.1316425803758396E-017  -6.0435026737560780E-017   3.3086206979944962E-017  -2.1513446349759978E-011  -5.7244183653469142E-017   2.9276762866695075E-011   3.6794841682305113E-017  -1.3132167875881750E-011  0.16470989766699326        2.7011733463811091E-015  -1.2757856295740647E-017   4.3895274646119108E-017   1.1764920790560409E-015   1.5488925363167648E-016   1.2103391039927899E-015  -1.7425304793969829E-016  -9.0019737752591639E-017  -7.7243683337745015E-017   3.0658228747453012E-016  -3.7939227021479849E-015  -7.3513428491336246E-016   1.3967978511176865E-016  -5.0367160506328363E-013  -5.0234279998323087E-015  -2.7001578970783620E-014  -1.4470788253017318E-013  -8.0632888047509546E-015   7.7665344094244732E-013 -0.20140604637822646       -3.2533764611908428E-014  -1.9531343537687452E-014   7.8251199107930865E-016  -7.5528056673465267E-012  -2.1046228502483672E-014  -8.6770411927407739E-014   6.0067802631721068E-011  -2.2812948130509049E-014  -5.2161581992207616E-011 -0.15460035324468657       -4.6230737178986395E-014  -2.8808850609522679E-014   2.0231769713964625E-015   3.2654481831646782E-005   6.0047416902727453E-014   1.5283056767646811E-014   6.5501485826631896E-014   7.9379962537051277E-002   4.2659770365814462E-002  -1.8565500668298847E-003  -1.1674100647781478E-002  -1.5415703644362268E-002
  -9.7007854987576197E-018   4.7508019106401077E-017  -6.3454002746537652E-017  -1.2630715497961044E-013   4.3218333273510661E-007   7.2175174085386226E-018  -6.9591392743702598E-019  -2.1609167332420848E-007  -4.4675800299632303E-018  -2.1609165941393040E-007  -1.1563526211836365E-016   6.5440046980347558E-016  -8.4526898994135511E-016  -9.1148670528938621E-012   2.2431993628820610E-007   4.3004192001006775E-018  -1.4671554352875726E-018  -1.1215997693817850E-007  -2.7631260201642831E-018  -1.1215995936424089E-007  -2.2338867089974784E-016   1.2025116496752149E-015  -1.5491819225827707E-015  -2.4116096084873078E-011   1.8500621744584099E-018  -3.3665677464771115E-019  -7.7825727723446877E-020   9.5716740510926473E-019  -2.7814983689401292E-019   5.3736799038168471E-019  -1.3274135185296662E-018  -3.8615911718299935E-021   1.3052626626946761E-019  -5.3106071990139264E-019  -1.4666230142027181E-016   8.3311233431193670E-016  -1.0904159536729324E-015   3.2701844663661725E-005   5.8741226575964613E-016  -1.0836301751609207E-016  -1.6350922966151634E-005  -3.1943517685435073E-016  -1.6350921700376420E-005   5.2564155155680439E-016   2.4781108841065700E-019  -2.8311795669171049E-019  -7.0475531616487263E-016  -1.4366720451386161E-019   4.8710644567228323E-016   4.0510573426478802E-019   1.3640140684733277E-019  -8.9886277290925630E-020   4.2339094956399208E-019   1.1073631833969577E-015  -3.7181532830135016E-019  -5.3031181643111458E-016  -4.0385394184476369E-019   4.2667510529885153E-016  -1.2326498730934313E-011   4.1151174452844649E-019  -5.8629170632910710E-019  -6.9585577449084116E-019   1.8450233239389412E-019   2.6741560283686923E-019   2.5532046907341325E-019  -1.2363033061976032E-018  -6.5287191134993337E-019  -1.1798403242130777E-018  -1.4653415158303630E-018  -2.9951832646680632E-017   1.1953953107600978E-016  -7.1768004544667114E-017   1.4218997281633243E-004   2.5562822100451459E-015  -4.7124858896492532E-016  -7.1094989190228637E-005  -1.3962547161797769E-015  -7.1094983627820532E-005   9.3186647654249972E-012   1.6252608770633209E-017  -1.6428830152407504E-016   2.6124496542383714E-016   5.7576497047168314E-004   1.0349530926400861E-014  -1.9100123148794822E-015  -2.8788249652358634E-004  -5.6502360781673010E-015  -2.8788247395210764E-004   3.9270161376230905E-012  -1.2649496133685625E-018  -1.2502709561103269E-016   3.0163925540760245E-016  -1.2353569888088495E-014   3.0277061190579655E-015  -9.8807672084259672E-015  -1.0555563706750370E-014  -9.8309281546896020E-014   7.8263563921102728E-014   4.2629155848649047E-015  -1.1131533409429461E-013  -1.9425458267502856E-013
