   5.1766822441450229E-005   2.8168731785998223E-011  -1.2345638035976597E-011  -1.2138611331720644E-011  -1.6084390539802547E-011  -5.6126297636604693E-011  -1.2081884104163215E-011  -1.0585459620757478E-007   6.6111879904918723E-009  -4.1024949758835925E-008   1.5728291220887993E-003   3.0102430650158286E-011  -1.4403094139150548E-012   3.2093547581861939E-012  -2.4873453871655701E-011  -2.2582858557247661E-011  -5.2183367963531985E-012  -1.0095511056818162E-007   6.4723113923870019E-009  -3.9043578570325587E-008   6.1070277260141326E-003   7.6532060044410648E-012  -1.6841515905319873E-011  -4.3152409269824069E-011  -5.3884870665540062E-012  -2.3009134234055557E-011  -4.8793087717778563E-012  -2.3738353812156129E-012   1.5758136065753184E-011   2.0026114183406747E-011   2.0418891234387693E-011  -9.8944577793106493E-008   5.3931626580524904E-009  -3.9141677000530494E-008  -2.2277477719222328E-011   2.0990890285410706E-011   2.2958639499295863E-011   1.1454854695693460E-011   8.1921184567842338E-011   1.0840794111783646E-011   5.2477556709467008E-003   9.7427405985870688E-014   1.0999997795708985E-012   4.5201694316637685E-013  -3.0980801046395711E-013  -1.5881691598392928E-012   1.3693144494190663E-013  -9.8131713832436416E-014  -1.6421332186937530E-012  -1.3441471386287754E-012   7.7195562407208468E-013   3.8498495391072391E-013   5.8434894356787802E-013  -3.6789815188375144E-013   5.9940238880343512E-013   1.3129723329320498E-013  -4.2749554641776333E-011   4.4276985006870678E-011   4.4797225822531900E-011   2.1249729961067397E-011   1.3937173658910343E-010   2.1515095350591096E-011   4.0460294675523028E-012   5.8938297307509215E-012   3.8678413427650023E-012  -3.1555045152253624E-012  -6.2196266361337580E-012  -2.2727672772127464E-012   2.3658274952596791E-012  -1.1457943993499986E-011  -9.0679773921263937E-012   5.6575890701716052E-012  -2.2781004400841202E-008   1.0796895706406952E-009  -9.2289208355981485E-009  -1.2344517628695821E-003  -2.8227685241795130E-010   2.9871631987796659E-010   3.0451054801003933E-010   1.4108276833322688E-010   8.9323286637079654E-010   1.4119378767026812E-010   6.5721360251824039E-008  -3.7121119130826800E-009   2.5898188474839284E-008  -4.4525492873268378E-003   1.3330775378756670E-008  -7.3293264375565563E-010   5.2762774499909758E-009   3.5082074526032155E-012   4.1069515038850747E-012   1.4361888908785588E-012  -2.7024095786494221E-012  -5.8147880756752760E-012  -2.0043323327625480E-012   1.6944278115856866E-012  -8.5751452991881594E-012  -6.3802918139865905E-012   5.3211100292678329E-012  -1.3466126009781369E-003  -4.8049834883614410E-004   1.2343500238465775E-012   1.5231018203215045E-012   6.3713532400923046E-013  -9.5746172003573071E-013  -2.0260134578212461E-012  -6.9858785588022637E-013   6.2557323855699796E-013  -3.1271585389216526E-012  -2.3624128757958555E-012   1.8559683143328659E-012
   2.8168731785998223E-011   3.5481098342784291E-009  -9.6327227137722764E-016  -7.7169978664831297E-016  -1.7740544176708306E-009   7.4253510841776548E-015  -1.7740554167035017E-009  -1.3668556307448004E-009  -2.8042298229666601E-009  -7.1677535708218914E-010   8.5632543084657944E-010   1.6789156824583691E-007   9.8641317470856502E-014  -1.5205134058651260E-014  -8.3945771348047564E-008   1.8855647487381812E-013  -8.3945796901277404E-008  -1.3191677004813449E-009  -2.7087533080315912E-009  -6.9225596277649432E-010   3.3245816077776329E-009  -1.2979832021392567E-014   1.2885279404624016E-014   4.1587546951783057E-014   8.9045875502806856E-015   1.1427699941748513E-015   8.5105021686559350E-015  -9.4642369010677413E-015  -4.8477283601115922E-015  -1.8766872165599640E-016  -2.7384444098030824E-014  -1.2962347597903818E-009  -2.6596729978597867E-009  -6.7978668281677455E-010   2.3752689442283977E-006   1.4334754068022806E-012  -2.3113007166248288E-013  -1.1876342971137394E-006   2.5496577782465351E-012  -1.1876346471317764E-006   2.8568932805152076E-009   2.7993138792049322E-015  -3.7088987655438003E-016  -2.2531788786978934E-015  -3.6351907884604769E-015  -1.2723489686272263E-014  -1.2847787878200682E-015  -8.4809295512408516E-016   1.1111817876353925E-015   1.6354239505687797E-015   1.4249216741311517E-015   1.0061960516738325E-015   4.7619809877898562E-015   1.8667177208185230E-015   4.7215244672818309E-015  -3.3306594490268335E-016   1.0174030021512885E-005   6.1074999848521161E-012  -9.9246564321224760E-013  -5.0870142616682841E-006   1.1039851415546499E-011  -5.0870157598917248E-006   1.7515146129896412E-013   9.3570097320958713E-014  -1.0412784699024161E-013  -1.1769017151747774E-013   9.4653295653958744E-018  -1.1729960832822623E-013  -7.4089475004602230E-014   6.0960786201561531E-014   5.8314677289284402E-015   3.2174657602842453E-014  -2.6098453114504061E-010  -6.0679259995372042E-010  -1.5079136367768529E-010  -6.7859942496841156E-010   7.7329458393937044E-005   4.6449645363739059E-011  -7.5531245718863038E-012  -3.8664723478514620E-005   8.3633967682858452E-011  -3.8664734915433808E-005   1.8741270628187277E-009   2.1463900185774191E-009   6.4360730600035325E-010  -2.4552996504936832E-009   1.7510601086938558E-010   3.5934493805910357E-010   9.1792504491110673E-011   7.1986990536742241E-013  -2.4833620282834752E-013  -2.9811811152178710E-013  -4.8310028331769707E-013   4.2395488166550193E-017  -4.8270631911245866E-013   1.3217579971128127E-013   8.5249978724434415E-014   7.1003792544586780E-014   1.5866250353361446E-013  -7.5049429160343269E-010  -2.6159064341982085E-010   3.1770044896281589E-013  -1.4002320678391792E-013  -1.4643188299868429E-013  -2.1320982463490291E-013   7.3689220967004667E-017  -2.1302987130427365E-013   7.5031085710567783E-014   4.2449574373826661E-014   3.9358459239222337E-014   7.7503844369405803E-014
  -1.2345638035976597E-011  -9.6327227137722764E-016   3.5481061164619853E-009  -7.2238539353737411E-015  -4.4657401540484523E-016  -6.8034037512111003E-016   1.4080805790843623E-015  -1.6794617702715443E-009   1.4483666967734731E-009   1.9982032685061650E-009  -3.7561507800844200E-010  -1.3560820698070794E-013   1.6789148538569517E-007  -2.0064829498012744E-013   1.0319162446362487E-013  -2.1969345107501532E-014   3.2408599143453665E-014  -1.6233397507945814E-009   1.4004522426288326E-009   1.9304673307094527E-009  -1.4582340803025397E-009  -6.8067079880328524E-015  -1.5889227970344853E-014  -5.4792860569019206E-015   1.5531201617482369E-014   3.0500932796810520E-014  -6.3989694183116492E-015   8.9659835535391290E-015  -2.4492551468769632E-015   3.8600364438075130E-015   5.9096654048177215E-015  -1.5930320383571594E-009   1.3739171603372607E-009   1.8952672863825786E-009  -2.0379087262911670E-012   2.3752677118853830E-006  -2.8129125066819486E-012   1.5548740421452172E-012  -2.6673666032474695E-013   4.8302034666591061E-013  -1.2531882788221791E-009  -6.1097881465907427E-016   2.2953515535688910E-015   3.1330831751847286E-015  -5.3724551320941473E-017  -1.1541413686618622E-015   1.1283041910369015E-015  -2.6880529269088642E-015  -1.3255417133964029E-014   5.2910951915738771E-016   6.7469451295613016E-015  -5.1060642845845967E-016   3.5517910335789274E-016   9.5198635127224921E-016   5.0508036131168355E-016  -1.1835424428236348E-015  -8.7622535024097122E-012   1.0174024737507601E-005  -1.2101354061293676E-011   6.6759613143138052E-012  -1.0854521875266934E-012   2.0862819045484442E-012  -4.4731180861885505E-014   1.7453686873768861E-013  -8.5294402218496445E-015   1.1434909013517992E-013  -1.1007358965390518E-013  -5.4335897323134970E-014  -9.8463458653694966E-014  -8.3470281113951737E-015  -4.2434371303501773E-014   1.2579023914807505E-014  -4.0765651584480210E-010   3.6030420508432512E-010   4.4465590735468842E-010   2.9791077967955733E-010  -6.6553782614868130E-011   7.7329418159026276E-005  -9.1879846931945970E-011   5.0724437692940866E-011  -8.3135612209391053E-012   1.5829344762687513E-011   2.2278143378620821E-010   1.0361095179396523E-011  -1.2360406254103006E-009   1.0783393068305078E-009   2.1516929551575190E-010  -1.8563392068949490E-010  -2.5605867762559781E-010   1.6489082064104091E-013   7.4168286027261916E-013  -2.7459167236745086E-015  -2.8467502570976813E-013  -2.5542597333418199E-013   6.3450755430527257E-014  -4.1490091938083261E-013  -3.0978195372618129E-015  -1.8503490759214356E-013   4.3556703826960812E-015   3.2993534237822142E-010   1.1474662979573811E-010   9.2450356460720794E-014   3.2684794673326908E-013  -2.2872897378282965E-015  -1.6055530758606147E-013  -1.2584588981272304E-013   3.6520117689788933E-014  -1.8286064851066521E-013  -2.4045655223885390E-015  -8.1514675189419762E-014   3.4971192290520543E-015
  -1.2138611331720644E-011  -7.7169978664831297E-016  -7.2238539353737411E-015   3.5481068142224015E-009   1.0758490013124406E-015  -1.1013702023911141E-015  -3.0462070208760140E-016  -2.3541672849226935E-009   1.9045793233027708E-009   1.2580068609723555E-009  -3.6936873948066510E-010  -1.5371334018164669E-014  -1.4959771090594812E-013   1.6789150493702811E-007   2.2730314217092598E-014   3.8302827303767130E-014  -7.3607495606227572E-015  -2.2748870473472554E-009   1.8400149683168998E-009   1.2165378703342935E-009  -1.4339850263903640E-009  -2.8091750698755642E-014  -4.9764797702296587E-015  -1.6080964533854751E-014  -1.4916991482013823E-014   7.8951627793203298E-015   5.2605996252318427E-014   5.4861144515677288E-015   3.9029118804480341E-015  -2.3837972684812525E-015   9.0768647801482811E-015  -2.2328498231274212E-009   1.8064612660331413E-009   1.1933645247251420E-009  -2.5544731556618738E-013  -2.0701036914646617E-012   2.3752679381767160E-006   3.4759386480150272E-013   6.0723576895475348E-013  -9.2147907531241434E-014  -1.2323363829420355E-009   3.7275082062080734E-016   4.6807202326358927E-015   3.4159652411061138E-015  -2.0506782798208988E-016   8.1950362747756809E-016  -4.4910965506973499E-016   5.6302824975001306E-015   6.3454827674271990E-017  -1.3833606539591413E-014  -3.4645756732244547E-015  -1.3460510576073594E-016   3.4320459724964163E-016   4.4223904740527520E-016  -9.5416941879434127E-016   4.3436809763047387E-018  -1.1100236966397545E-012  -8.9276200473111358E-012   1.0174025711721187E-005   1.5132894339770097E-012   2.6471479842262927E-012  -4.0326172240509269E-013   8.3046590197818994E-014  -8.2066799668358666E-015   1.7642495064312200E-013  -8.5219119834136979E-016   5.8229782068556187E-014  -1.1056637653296353E-013   1.2427869511752799E-014  -4.5731074953906207E-014  -8.4668060927625435E-015  -9.7413519861368887E-014  -5.4532055366431530E-010   4.2386808667912081E-010   3.1776782398298812E-010   2.9297982946463601E-010  -8.4215831288088746E-012  -6.7746791060137350E-011   7.7329425553054320E-005   1.1457147203556162E-011   2.0049298782992084E-011  -3.0355643262753943E-012   9.4790369322276546E-010  -1.1769664906022936E-009   1.2354685194066413E-010   1.0605067809283018E-009   3.0168972622664457E-010  -2.4406043133947682E-010  -1.6124306144584906E-010   1.9684661363081600E-013  -2.6404075608227305E-015   7.4257284561114624E-013   7.7105691794627616E-014  -2.1275613757601505E-013  -3.4120306362383957E-013   4.4368280300165995E-015  -1.8627843835321857E-013  -3.3121170528672858E-015  -4.1463738172794655E-013   3.2450612252459890E-010   1.1283749839759884E-010   9.5701371487948522E-014  -2.2577468122560868E-015   3.2733866211673884E-013   3.8229729466835297E-014  -1.1950494687361241E-013  -1.6662654872435726E-013   3.5596458298252272E-015  -8.2135021203374877E-014  -2.5179425397981419E-015  -1.8276405314799610E-013
  -1.6084390539802547E-011  -1.7740544176708306E-009  -4.4657401540484523E-016   1.0758490013124406E-015   3.5481011190040855E-009  -3.7298539190461722E-015  -1.7740466979556248E-009   8.3272304033316084E-010   1.1234729701005531E-010   4.6988260327916881E-009  -4.8886984798560639E-010  -8.3945772250310845E-008  -1.3095282682261445E-013   2.1588311983456155E-014   1.6789136252795399E-007  -1.4022021606622844E-013  -8.3945590260951341E-008   8.0382018319071283E-010   1.0763289351638850E-010   4.5398558620822525E-009  -1.8979929284392636E-009   6.7582407063918037E-015  -9.3228614117634204E-015  -7.0233226334314962E-015  -1.6333704276015751E-014  -9.3698299607294090E-016   7.2659683554341633E-015   1.3709577700382203E-014   3.9556623795272886E-014  -9.0707296137281210E-015  -2.4248751547023211E-014   7.8972308154907593E-010   1.0643334167072448E-010   4.4567352691497885E-009  -1.1876343149999546E-006  -1.9198823730406372E-012   3.3127639588086781E-013   2.3752659937460193E-006  -1.9536303433947203E-012  -1.1876316786969330E-006  -1.6309337868936450E-009  -2.0223375829173051E-015  -4.5195743513335962E-016   5.9639571601819467E-016   2.9637767797782133E-015   5.4901487648657001E-015   5.8815324458642804E-016  -3.7104405525367880E-016  -1.3700420253129034E-015   1.1042222158497353E-015   4.2482139341422043E-016  -1.6349610392707806E-015  -1.8618791139719450E-014  -9.3554950833238875E-017   1.4526750033270477E-014  -2.8328270627716906E-016  -5.0870143397857232E-006  -8.2136092533530955E-012   1.4451873366555262E-012   1.0174017352634040E-005  -8.4227490108397387E-012  -5.0870030127748226E-006  -8.6219856009907157E-014  -6.3614365232716955E-014   2.1653635246872048E-014   1.4382279677392507E-013  -1.9710123391303661E-016  -2.8146979911756034E-014   9.4790173728109445E-014  -1.4331869342192526E-013  -6.3560206802729254E-014   9.0683940219129917E-014   1.6377363312748701E-010  -1.2789315751191330E-011   1.0586583351131358E-009   3.8676658173372410E-010  -3.8664724069183810E-005  -6.2413526231057615E-011   1.0937804527079824E-011   7.7329362084074926E-005  -6.3886461861122435E-011  -3.8664638014890087E-005  -1.0279637086840946E-009  -9.7711873650361964E-010  -2.5970059877035250E-009   1.3985852507674540E-009  -1.0668409901511929E-010  -1.4433468113367988E-011  -6.0213282136201101E-010  -3.5951705154604709E-013   1.8811762266730466E-013   7.3972505456619535E-014   6.3992943389921641E-013  -1.5824066082673877E-017  -1.5758685904035000E-013  -2.8031243746068175E-013  -3.0929897558667635E-013   1.8796089756415694E-013   1.7540194717317049E-013   4.2672407220869175E-010   1.4933657037859110E-010  -1.5863563935269111E-013   1.0572904711867624E-013   3.7728285195793882E-014   2.8140572718955553E-013  -1.3769208049086358E-017  -6.8573846869627356E-014  -1.5756351379065474E-013  -1.5113014262168757E-013   1.0566456007835482E-013   8.4524665265716198E-014
  -5.6126297636604693E-011   7.4253510841776548E-015  -6.8034037512111003E-016  -1.1013702023911141E-015  -3.7298539190461722E-015   3.5481000372390001E-009  -3.6955385831868185E-015   2.4356350992472075E-009   3.9092114979684726E-009   4.7026721388673299E-009  -1.7067451555473553E-009   1.8653898393566986E-013  -2.2728488729905624E-014  -9.9046813056399532E-014  -5.6200225155991148E-014   1.6789131980429611E-007  -1.3033891279224240E-013   2.3530645419052402E-009   3.7762807285435209E-009   4.5425314345847805E-009  -6.6259829860357425E-009   6.4473103621481789E-015  -1.1028739384761528E-014  -4.5630145039891520E-016  -4.2917118714576565E-015  -1.5362593916718664E-014  -4.3583631704310994E-015  -2.9108813084188499E-014   1.1831580782196982E-014   5.0082598373649747E-014  -8.4783649924285113E-015   2.3101749051252516E-009   3.7077672547814016E-009   4.4602538452298634E-009   2.5260908544554128E-012  -2.9662622642048026E-013  -1.4254174528821757E-012  -7.1087925389042022E-013   2.3752655274831031E-006  -1.8152116369515092E-012  -5.6943173869218756E-009  -2.7206435232143728E-015   1.0121294614618928E-015   1.3362403071874487E-015   3.3141649962836101E-015   3.6580545373255654E-015   1.4649353845439774E-015  -3.0100899624461042E-016  -3.1204481722915946E-016  -9.5409383707878495E-016  -1.1036805233182737E-015   1.0940080731918554E-014  -1.2337616886045177E-015  -2.2531696988349897E-014  -1.4928258056211365E-015   1.1992848728116296E-014   1.0945545893293747E-011  -1.2193236992898824E-012  -6.0573396090289441E-012  -3.0993951377429555E-012   1.0174015407085629E-005  -7.8461503440777954E-012   1.2688229573003835E-014   6.7556747113491099E-014   7.9015602762266224E-015  -8.3728167333125145E-015   1.1469242060644780E-013  -8.6504509810001421E-015   6.5956658053971199E-014   7.2813963361538696E-014  -1.5604672426754260E-013  -6.0161601706008865E-014   5.4186484909462344E-010   8.5344747688925767E-010   1.0163988631184229E-009   1.3597681120129573E-009   8.2906379540781615E-011  -9.3324219571445373E-012  -4.6094452399276512E-011  -2.3432384633134148E-011   7.7329347330942359E-005  -5.9473994837945432E-011  -1.5103279890430089E-009  -2.8004474657981784E-009  -3.6281873334588110E-009   4.9292790642374454E-009  -3.1211761631103027E-010  -5.0086645498998220E-010  -6.0262178950639015E-010   4.6007855936412466E-015   9.6847986427893852E-014   8.2352653535636169E-014  -2.9384491625511667E-015   5.3160837822863726E-013  -3.2343482095250483E-015   1.9174733888981292E-013  -2.9714279207750722E-013  -3.5410396656988294E-013   1.6009505539979295E-013   1.5155191407946036E-009   5.2140531179199400E-010   3.6632738302845809E-015   4.6497014412759982E-014   4.5394070109048852E-014  -2.3887915195836026E-015   2.3329774097418395E-013  -2.5261319892716230E-015   9.3555107623176662E-014  -1.6640144249987996E-013  -1.7201433631746945E-013   9.0193470456520570E-014
  -1.2081884104163215E-011  -1.7740554167035017E-009   1.4080805790843623E-015  -3.0462070208760140E-016  -1.7740466979556248E-009  -3.6955385831868185E-015   3.5481021113773995E-009   5.3413204246043641E-010   2.6918792690289825E-009  -3.9820521833961225E-009  -3.6738171652391000E-010  -8.3945796000130804E-008   3.2227988621768555E-014  -6.4054577433115310E-015  -8.3945591020042627E-008  -4.8338085089524381E-014   1.6789138700696971E-007   5.1534698407122816E-010   2.6011172793964598E-009  -3.8476013583858225E-009  -1.4263013665611710E-009   6.2215916733722564E-015  -3.5624187941673749E-015  -3.4564226337199764E-014   7.4291164602449943E-015  -2.0578808119326242E-016  -1.5776470739402897E-014  -4.2453409093667351E-015  -3.4708894616503988E-014   9.2583992843302887E-015   5.1633196539642096E-014   5.0651115899091042E-010   2.5532365656489894E-009  -3.7769500161449189E-009  -1.1876346292936092E-006   4.8522535098365849E-013  -1.0046153069120777E-013  -1.1876316943705691E-006  -5.9605325481752486E-013   2.3752663236321647E-006  -1.2257118100807344E-009  -7.7697629488246646E-016   8.2284736163740972E-016   1.6567831823123896E-015   6.7141399815591464E-016   7.2333408515630561E-015   6.9662555127811427E-016   1.2191370045694264E-015   2.5886016581038887E-016  -2.7396462256414494E-015  -1.8497430336112622E-015   6.2876500611252321E-016   1.3856810155291720E-014  -1.7731627919834899E-015  -1.9248274451856130E-014   6.1634865915244024E-016  -5.0870156820062838E-006   2.1010480336438042E-012  -4.5407182504079610E-013  -5.0870030812781345E-006  -2.6172130104487953E-012   1.0174018763258047E-005  -8.8931605072473094E-014  -2.9955731874646693E-014   8.2474211921284442E-014  -2.6132625366625449E-014   1.8763563616023515E-016   1.4544658805958511E-013  -2.0700698477377722E-014   8.2357906468922601E-014   5.7728738529986554E-014  -1.2285859739447939E-013   9.7210641507710000E-011   6.1958158537490583E-010  -9.0786739389233792E-010   2.9185029819528461E-010  -3.8664734326874753E-005   1.5925412084551518E-011  -3.3949418630849233E-012  -3.8664638531927881E-005  -1.9748346507329077E-011   7.7329372858812989E-005  -8.4616618515874459E-010  -1.1692599707560450E-009   1.9533975684277849E-009   1.0568632270219545E-009  -6.8421841487973377E-011  -3.4491105298850607E-010   5.1034051019204933E-010  -3.6035285382388462E-013   6.0218580018685159E-014   2.2414560591911811E-013  -1.5682915003486287E-013  -2.6571482922056825E-017   6.4029317760951927E-013   1.4813663773908397E-013   2.2404899625544111E-013  -2.5896468995254510E-013  -3.3406445014564168E-013   3.2390603455054292E-010   1.1223147722984198E-010  -1.5906480964348875E-013   3.4294159580398252E-014   1.0870359771488047E-013  -6.8195902281320353E-014  -5.9919997204221850E-017   2.8160371794533124E-013   8.2532428031341211E-014   1.0868056802740201E-013  -1.4502301916733458E-013  -1.6202850940520251E-013
  -1.0585459620757478E-007  -1.3668556307448004E-009  -1.6794617702715443E-009  -2.3541672849226935E-009   8.3272304033316084E-010   2.4356350992472075E-009   5.3413204246043641E-010   9.4546734386707854E-002   1.7649396460964242E-010   8.3377007190101657E-010   3.2926232087203274E-008   1.0125481112521950E-008   3.1453341227239681E-010   2.5769265757290963E-010  -5.0628093968906910E-009  -5.0400925394751254E-010  -5.0626705616868192E-009   9.1340912006393049E-002   5.7639224489675053E-009   5.3992985959823591E-010  -5.9248831958399819E-008   1.6508139672444438E-010  -2.1163369235985873E-011  -9.4654195797083351E-011  -1.3494800848099779E-010  -4.0836561247583005E-010  -8.6544723781982092E-011   2.6116077090688218E-011  -2.8963320726336604E-011  -1.3874147106186444E-011   9.2138892796137298E-011   8.9679688136394931E-002   3.0256310541735013E-009   5.5296222043172871E-010   3.7247425054087021E-009  -1.2756144086232392E-009  -1.8445358818511593E-009  -1.8378577425583288E-009   2.3100558323534062E-010  -1.8868827979872736E-009  -1.9618020685742307E-008  -1.9204841723780692E-011  -6.4838884278051394E-011  -9.0642666544087403E-011   1.8434167546842950E-011   1.1722197511527411E-011   1.5301129534080236E-011   1.3517255442202861E-011   7.8702227075890884E-011   6.8855240796002470E-011   3.1981321872895585E-011  -8.1012929181497157E-012  -4.4154587532296701E-012  -4.2032786298301813E-012  -4.3217621061628118E-012  -6.3180515385235680E-012   3.9511101419129749E-009  -2.4086850901972761E-009  -1.4653860332139275E-009  -1.9730324920175501E-009   2.2021884769428763E-011  -1.9780768063626361E-009  -4.0435225132691268E-011   2.6209120181009567E-011   1.8040585630789386E-011   2.6927282514662044E-011   5.9633930344895489E-011   2.7309506544626423E-011  -1.2215334516578582E-011  -1.0358698066674223E-011  -9.8204862250948125E-012  -5.7265844495858557E-012   2.0985592017387564E-002   1.0787873836673971E-009   1.1237137712112807E-010   5.5468441694938337E-009  -6.9147800573613048E-009  -3.3392466805756407E-010   7.5974486338289640E-011   3.4831167161495980E-009   5.0431684388461547E-010   3.4316621315079878E-009  -5.9896036920859971E-002  -2.4340136342402790E-009  -3.8238786869075505E-010   3.5778790706028456E-008  -1.2116827226943403E-002  -5.0193778176532757E-010  -7.2996513180684632E-011   1.0780220139176590E-011  -5.8425016415787011E-012  -1.2867344336561895E-011  -8.5371842476268610E-012  -4.0395259110310306E-011  -5.9291349678975533E-012   4.4203119232629256E-012  -1.1370576841215079E-012  -8.7327182509030430E-014   1.0437879255401134E-011   1.1394449652493438E-008   3.5675789625771239E-009   1.9009743759755972E-012  -1.5304415273347720E-012  -3.7418297311870035E-012  -1.8109534640655444E-012  -1.0155175949886496E-011  -7.4190016366046553E-013   1.1412924020272244E-012  -2.4751592762580570E-013  -2.6575429551581568E-016   2.9732803268212791E-012
   6.6111879904918723E-009  -2.8042298229666601E-009   1.4483666967734731E-009   1.9045793233027708E-009   1.1234729701005531E-010   3.9092114979684726E-009   2.6918792690289825E-009   1.7649396460964242E-010   9.4546723247631276E-002  -9.2078328523703598E-009   2.0607140457238783E-008   1.5477285910585553E-009   7.6094872548988493E-009  -9.0198311902386780E-010  -5.6713927260022677E-010  -2.9221044385591982E-009  -9.8059177306350398E-010  -5.5224127519186957E-009   9.1340911603922548E-002  -2.5852799296700524E-009  -3.0249734000134264E-009   8.3682213401914064E-011   9.7100997678498277E-011  -6.9582616800969926E-011  -9.5226569674997520E-011  -1.6004429888468896E-010  -1.7045552935142927E-011  -8.7303307965136853E-011  -3.4113908609938924E-010   2.0006926934592148E-011   3.0613271822357171E-010  -3.1072723746391339E-009   8.9679682274303951E-002  -5.7002836375775472E-009   2.7615988351761455E-010   3.4413497610761968E-009   1.1452677296947978E-010  -1.1997682714077382E-009  -1.0545805218460654E-009   9.2361240621940633E-010  -5.1910122777781549E-009   3.4396583743121657E-011  -1.8911492133364451E-011  -4.5624032015673896E-012  -5.6207524161209635E-011  -7.4733030528663448E-011  -4.2108937772394079E-012   1.5299185982753943E-011   1.1874116009339014E-011   4.8460644491553712E-012  -4.2881129450446268E-012  -1.8796977558560651E-011   9.9988530533548517E-011   8.9231000554013722E-011  -4.4285739368457748E-011  -4.8398394070394814E-011   1.3394963152232804E-009   3.4502619994077828E-009   1.3968886397237115E-011  -2.7541662758030595E-009  -1.3699964650789764E-009   1.4147099569692843E-009  -4.6294386093499021E-012  -3.3197340519634572E-011  -2.8372508508693405E-011   1.5740839403010012E-011   8.5592267437408235E-013  -9.5307056478157264E-012   2.6278535592277015E-011   8.9812809625325716E-011  -2.0893558744722829E-012  -4.5798007370644691E-011  -1.0689882293770135E-009   2.0985591480742888E-002  -8.0740796069246289E-010  -9.1840005023937611E-010  -1.4605163472021959E-009  -5.0361639667616014E-009   6.1986521605280895E-010   5.1678636175920052E-010   3.1635644369875485E-009   9.4372986139109673E-010   2.3812405970187051E-009  -5.9896034035135527E-002   3.2992308398865402E-009  -1.6835157763767312E-009   4.9813238250103194E-010  -1.2116826651519931E-002   6.4439292835990072E-010   1.0324462992289965E-011   8.4829216483635662E-012  -7.9526379083934424E-013  -1.3830037847463455E-011  -1.8069698452794120E-011  -2.1899280307603906E-014  -3.6529760589525893E-012  -4.1754071262786048E-011  -3.5928444453718098E-012   3.1712977283802068E-011  -1.1022945367413037E-009  -1.7275742399829445E-010   2.9006045177134292E-012   1.7611067863730768E-012  -4.4691156158169962E-013  -3.9216772146686700E-012  -5.2686764513682247E-012   3.0488669737968381E-014  -5.2297998025930495E-013  -1.0512371336692066E-011  -1.0643718242466843E-012   8.1680616587766432E-012
  -4.1024949758835925E-008  -7.1677535708218914E-010   1.9982032685061650E-009   1.2580068609723555E-009   4.6988260327916881E-009   4.7026721388673299E-009  -3.9820521833961225E-009   8.3377007190101657E-010  -9.2078328523703598E-009   9.4546726205676654E-002   3.0780615652482664E-008   1.3989301597822430E-009  -8.7045348067718229E-010   7.6871988011619457E-009  -1.3231254999724863E-009  -2.6559440788179372E-009  -7.5798550858068379E-011  -1.9496490624610895E-010   1.5016776478929927E-009   9.1340911851277809E-002  -2.7403166350479225E-008   7.7962056170162057E-011   8.8328944312872993E-012   1.1130115613038609E-010  -6.5623676901796134E-011  -1.5710187601260026E-010  -3.8975871303213877E-011   2.7651932524748043E-010  -3.9066533519517323E-012  -3.7981981716329975E-010  -8.0030552053490231E-011  -7.8142914677265216E-012  -3.5180957103890510E-009   8.9679683663546117E-002   7.0807429328074410E-010   1.2815032512618947E-010   3.4178669075527717E-009   1.3982418685839706E-009  -5.3180593818916004E-010  -2.1063016951294300E-009  -1.2663024965665847E-008   4.7862042751243487E-011  -4.5096128551560593E-012  -1.7788376064172637E-011  -1.5236353071508089E-012  -5.7106989966602361E-011  -8.2549675859354631E-011  -4.4456074318851709E-012   7.4366521662635957E-012   1.2014664913209763E-011   1.2245654432276481E-011  -5.2911803509179603E-011  -4.8995607872634338E-011   9.4472455232146830E-011   9.1560812973128381E-011  -6.7870685362511540E-012   7.9237657428449565E-010   1.2584463896756617E-011   3.4439949281294357E-009   8.7993017999313880E-010  -2.3306905136226957E-009  -1.6722681755312947E-009  -3.7797310524741880E-012  -2.4623880982987689E-011  -2.6886500209349968E-011  -1.2760522605039292E-011   3.9786684089856032E-012   1.7828490535606958E-011  -4.7518434897122632E-011   4.1573389371737838E-012   8.8377025393151905E-011   1.6967538626182219E-011  -4.1984037019136265E-011  -3.2870452488315070E-011   2.0985591624625467E-002   1.9666636565040163E-009  -1.6976194359991774E-009   5.9825381392662843E-010  -5.1245439391007107E-009   9.8871083570814693E-010   2.4200464601865252E-009   7.0891056749476238E-010  -8.0581474574488819E-012   1.5700833615882007E-009  -5.9896034763236052E-002   1.3497736328287378E-008   4.9396228224208645E-012   2.8527687210984744E-010  -1.2116826796297735E-002   1.0822327175154041E-011   6.0558037817705952E-012   1.2110117036569851E-011  -4.6706529220668262E-012  -1.7255367675341741E-011  -9.8499970567135208E-012   2.9078871010248996E-011  -1.6809377822503732E-012  -4.5068415140824270E-011  -7.7708830293864170E-012   3.8293396300230255E-009   1.3296321462677943E-009   3.2733173585137360E-012   1.6180411650131895E-012   2.9623039853595788E-012  -1.3411872658699262E-012  -4.8945465282507491E-012  -3.0506167857914220E-012   7.3779410004114239E-012  -6.6414360739302719E-013  -1.1515688016974431E-011  -1.7150375223814801E-012
   1.5728291220887993E-003   8.5632543084657944E-010  -3.7561507800844200E-010  -3.6936873948066510E-010  -4.8886984798560639E-010  -1.7067451555473553E-009  -3.6738171652391000E-010   3.2926232087203274E-008   2.0607140457238783E-008   3.0780615652482664E-008   4.7791042522429328E-002   9.3670839206382620E-010  -6.5124918650564898E-011   7.5815090288255201E-011  -7.6724024841618860E-010  -7.5160273357764086E-010  -1.6914864214145676E-010   7.1643388031610985E-008   2.2491028191267271E-008   4.7675322069570692E-008  0.18556203477811614        2.3257043044584534E-010  -5.1167884323906892E-010  -1.3111354526806269E-009  -1.6375246879590334E-010  -6.9917584954584949E-010  -1.4827176187548398E-010  -7.2107995989683278E-011   4.7872267939113771E-010   6.0841470006690022E-010   6.2045617235072637E-010   7.5604694052413998E-008  -7.1111465508394456E-009   2.2254526181135029E-008  -3.6978493444321330E-010   3.3546453033944800E-010   3.8858008212322902E-010   1.8878151547593072E-010   1.5601295598513302E-009   1.8154643435716088E-010  0.15944917422871741        2.9637699158006287E-012   3.3423049371125712E-011   1.3731293937781301E-011  -9.4157232299181256E-012  -4.8265324842843317E-011   4.1564826666385583E-012  -2.9802771405648357E-012  -4.9897936360704250E-011  -4.0843266970314469E-011   2.3460393106994759E-011   1.1696022214640654E-011   1.7757890553065080E-011  -1.1173660326766411E-011   1.8216956754633690E-011   3.9888396130703499E-012   1.6100513305144094E-011   5.0587781023419953E-011   3.7789023380478691E-011  -3.6650856265712721E-011   2.5818105771083830E-010   2.1000422252070486E-011   1.2285042229652454E-010   1.7886325553944908E-010   1.1728580754220371E-010  -9.5809829769869379E-011  -1.8887990088438454E-010  -6.9009900143633047E-011   7.1817899305077160E-011  -3.4778060769169252E-010  -2.7521880912636945E-010   1.7180859880198371E-010   2.9435939031112774E-008  -7.2628636303114890E-009   3.2504595477167874E-009  -3.7876803268246086E-002   1.4162857820614461E-009  -7.6400493506541376E-010  -8.0617820979374240E-010  -8.9783959007249019E-010  -3.0884826099072386E-009  -5.1845397903166955E-010  -5.2292452780547896E-008   5.6253748766494336E-010  -1.8384156849728310E-008 -0.13703635373892240       -1.1369412068283342E-008   8.3528932496356405E-010  -3.3779507711290224E-009   1.0678966684262741E-010   1.2504615563529325E-010   4.3784684226882574E-011  -8.2259726178116484E-011  -1.7698505073276573E-010  -6.1013273180032280E-011   5.1589057909255397E-011  -2.6105879400018455E-010  -1.9426095514051245E-010   1.6194796000596036E-010  -4.1887167083913435E-002  -1.4599990039250835E-002   3.7623181997619978E-011   4.6485349440624975E-011   1.9529430562603989E-011  -2.9184415630274073E-011  -6.1729568012441183E-011  -2.1292235489914341E-011   1.9081612992644094E-011  -9.5392991262723905E-011  -7.2086520373336416E-011   5.6545802715461051E-011
   3.0102430650158286E-011   1.6789156824583691E-007  -1.3560820698070794E-013  -1.5371334018164669E-014  -8.3945772250310845E-008   1.8653898393566986E-013  -8.3945796000130804E-008   1.0125481112521950E-008   1.5477285910585553E-009   1.3989301597822430E-009   9.3670839206382620E-010   7.9443932289941568E-006   3.3322974223298987E-013   2.0574768745005565E-013  -3.9721965645115322E-006   6.1421828135550854E-013  -3.9721966646479400E-006   9.7828518056122680E-009   1.4908317397278185E-009   1.3499198546212151E-009   3.6206204206186187E-009  -6.1410303520954902E-013   6.1026169429605092E-013   1.9688177867736753E-012   4.2122266569358558E-013   5.4044763295354070E-014   4.0272169262061225E-013  -4.4777319753087466E-013  -2.3029300485913719E-013  -9.5107222122892882E-015  -1.2958293413235769E-012   9.6231996136944932E-009   1.4801121651950806E-009   1.3324920823894121E-009   1.1239439056678003E-004   6.3611573655944480E-012   2.1287050020639239E-012  -5.6197194852477033E-005   3.1745797287077222E-012  -5.6197195715113431E-005   3.1185992092232811E-009   1.3250850280402580E-013  -1.7657964147204160E-014  -1.0671338456948729E-013  -1.7207004555538194E-013  -6.0213530689996384E-013  -6.0821857361145697E-014  -4.0097151468824986E-014   5.2703751456282744E-014   7.7485996711037412E-014   6.7428851115589423E-014   4.7548462232775728E-014   2.2543577219511438E-013   8.8499659553880982E-014   2.2336825973493847E-013  -1.5840627084100419E-014   4.8142081200148285E-004   2.5694457571379889E-011   9.0027015692568859E-012  -2.4071040417746509E-004   1.9230779891619913E-011  -2.4071040782624794E-004   8.2877832815849364E-012   4.4274134138108021E-012  -4.9273168551357898E-012  -5.5688206764687643E-012   6.4997854768897067E-016  -5.5503807092216910E-012  -3.5058599676196346E-012   2.8849843481043034E-012   2.7619616754130710E-013   1.5222567336102029E-012   2.0874743444453587E-009   2.8844496116450689E-010   2.9704628079636979E-010  -7.3581805958143068E-010   3.6591213680697014E-003   1.9661790228659048E-010   6.7966328928309774E-011  -1.8295606689803466E-003   1.3312368208083376E-010  -1.8295606990898932E-003  -9.7396295153439796E-009  -2.2025975483507192E-009  -1.4915605729160499E-009  -2.6667771058705154E-009  -1.2983139342146426E-009  -1.9919513067966940E-010  -1.8200656141708845E-010   3.4063165599511073E-011  -1.1751038497332276E-011  -1.4106572729931073E-011  -2.2859578841853770E-011   2.0748400744155349E-015  -2.2840942869955398E-011   6.2543408202025256E-012   4.0340826518783253E-012   3.3599613342952847E-012   7.5075891855568347E-012  -8.1179505137787807E-010  -2.8549178109371318E-010   1.5033111196489411E-011  -6.6257490614983234E-012  -6.9289698719216583E-012  -1.0088768218487436E-011   3.5155299280626331E-015  -1.0080258194470732E-011   3.5503526960185088E-012   2.0087279603415078E-012   1.8624518896621401E-012   3.6673321460509807E-012
  -1.4403094139150548E-012   9.8641317470856502E-014   1.6789148538569517E-007  -1.4959771090594812E-013  -1.3095282682261445E-013  -2.2728488729905624E-014   3.2227988621768555E-014   3.1453341227239681E-010   7.6094872548988493E-009  -8.7045348067718229E-010  -6.5124918650564898E-011   3.3322974223298987E-013   7.9443936259299606E-006  -1.8618883995280854E-013  -1.1397863917437659E-013  -3.1187708986865992E-013  -2.1962875250669966E-013   3.1706033173406350E-010   7.3503458088160875E-009  -8.4193314556015188E-010  -2.4364375875953105E-010  -3.2199276599832306E-013  -7.5213585619488555E-013  -2.5990433318160846E-013   7.3486715972735224E-013   1.4429209458463812E-012  -3.0286498450715239E-013   4.2403071743853823E-013  -1.1551967396272706E-013   1.8323601308338064E-013   2.7982829332373062E-013   2.9154466592620241E-010   7.2291393852991232E-009  -8.2891538281537070E-010  -1.0230232907291414E-012   1.1239439352683957E-004  -1.3214658238496899E-012   2.9194959932008189E-012  -2.3787932665360445E-012  -1.8971509522154732E-012  -2.1713650626712539E-010  -2.8995759697965376E-014   1.0858740592369627E-013   1.4820226258697214E-013  -2.4929235476406674E-015  -5.4515462881053679E-014   5.3489987423834009E-014  -1.2718950887451704E-013  -6.2719489725204833E-013   2.5063586732634946E-014   3.1928233408124003E-013  -2.4098051569379421E-014   1.6795606832706606E-014   4.4886497369425516E-014   2.3838448222129547E-014  -5.5969446341813101E-014  -5.9630933252507602E-012   4.8142082444231090E-004  -8.1397582646485042E-012   1.3267452105929175E-011  -7.4943053727374409E-012  -7.3048452907355776E-012  -2.1165888999791154E-012   8.2589850199568338E-012  -4.0349066727308574E-013   5.4108254902811720E-012  -5.2085515272615907E-012  -2.5711227360374231E-012  -4.6591124985948533E-012  -3.9516791977407588E-013  -2.0081341256488018E-012   5.9528717055782096E-013   2.2024739690202031E-010   1.5340766517519569E-009  -2.0257317497192749E-010   4.6750753533313819E-011  -4.3196930022480729E-011   3.6591214592608234E-003  -5.7164644482302867E-011   1.0002862035258282E-010  -5.9991420448604354E-011  -5.6831697870948900E-011   2.4239024562550681E-009  -7.8386346961487208E-009   4.7780841524878646E-010   1.7639168927691723E-010  -4.5457635121909816E-011  -9.7368167842797750E-010   1.1281464767721337E-010   7.8024787814162690E-012   3.5095427195367114E-011  -1.2991178105320507E-013  -1.3470474689492862E-011  -1.2086489802341947E-011   3.0023499753885221E-012  -1.9632532808611379E-011  -1.4665012395285552E-013  -8.7556224751192089E-012   2.0613738106211756E-013   5.1334187169034932E-011   1.9783842507741625E-011   4.3746525322987889E-012   1.5466000389004974E-011  -1.0821820840171303E-013  -7.5972730801576199E-012  -5.9548850940782886E-012   1.7280598247569477E-012  -8.6527070785822722E-012  -1.1380704565624212E-013  -3.8571772085291852E-012   1.6548865057876638E-013
