 6.1303547005297547E-007 -9.8281432403409145E-018 -1.1540390050106866E-017 -3.0591884181117850E-016 -1.3169720269334818E-018 -1.6604630458895701E-018 -5.1223398384634477E-018 -1.0296090957924044E-018 -6.9736675423922832E-018  3.8877274823154766E-018 -2.6484591316801728E-006  3.0436427602458324E-017  3.5693326505141325E-017 -6.1518233353621499E-016 -6.2568500928256939E-019 -2.1894981994769404E-017 -1.3329615101899635E-016 -7.2271495706075688E-017 -2.3646179097704187E-016  7.2956564933884799E-017 -3.3259221473714035E-016  2.0632966075186682E-006 -3.6185431929661108E-017 -9.1329921330692606E-018 -6.2604293328783239E-018 -7.0252906333858295E-017 -4.1059607413309588E-016 -2.2472929231788050E-016 -7.2409518907857482E-016  2.3234579479692037E-016 -1.0133066446062947E-004  6.4084176697933539E-016  1.5057708409108841E-015  1.5374046583060100E-015  2.9152228917556963E-018  6.7850806116954169E-018 -1.2643479354034841E-015 -9.7668640258022322E-019 -8.1966810174917936E-016 -8.3272918966152569E-019 -1.7877187853724142E-018 -6.7232555309609394E-019 -4.6134567316900470E-018  1.2578540571831972E-015 -1.0689636581824564E-017 -1.0064423154595168E-016 -6.0400309041160828E-016 -3.2597465751099564E-016 -1.0660101692296041E-015  3.3759481229915241E-016 -1.1203307067754523E-003  6.8901455303319110E-015  1.6768477475699942E-014  2.2366435165765284E-015 -8.5976694194775321E-016 -1.9959502222875749E-018 -5.4679048202287754E-018  7.6705700352888952E-016  5.2989105691723272E-019  5.0750130672967636E-016  1.5303017813676664E-018  8.7242114545866535E-019  6.1476432083062884E-019  3.0866409677388167E-018 -1.6892725196898746E-017 -2.0072358957724506E-016 -1.1968433412852427E-015 -6.4961922704685338E-016 -2.1104859219101628E-015  6.7330574282162152E-016  4.7715804494372251E-019  9.8501654302308413E-020  5.4485869760260781E-020 -5.1698413065272610E-021  8.4575702799667613E-021  2.2623009444247075E-019  9.7447808571837872E-021 -3.1112120058849572E-020  6.8184414060684440E-020 -1.4340657473141727E-019 -4.5753309393325016E-019 -5.5386808598881066E-020  1.3917841296894278E-019 -2.9267836339857289E-020  1.2517581396943123E-019  3.5266460314418648E-016  4.8112037726818753E-004 -1.3529499331068098E-015 -8.7531104690717859E-015  3.5751194748812822E-018  2.9037266045923422E-019 -1.6142207972166665E-019  8.4594110420505088E-017  1.8150116825149956E-019  6.7371304115117661E-017 -1.5347333961168146E-019 -1.3051867938458011E-020 -2.0707754442136585E-019 -4.5395978743745631E-019 -2.6982259437391309E-015 -2.4397083285314749E-015  7.9480494995250955E-017  7.2513014284171964E-016  4.9702420183156728E-015
-9.8281432403409145E-018  6.1303549334457533E-007  2.1661744266207256E-017 -9.8047353575186953E-016 -3.6360234430279360E-018 -3.4943978969170964E-018  1.7394117302696325E-018 -4.3579247881758323E-018  8.8314436096444353E-018 -2.4131028192632525E-018  3.9424193691649128E-017 -2.6484592098669720E-006 -7.7317957165535699E-017 -2.0642349227973397E-015  4.2766162593651581E-018 -9.8020620031085767E-017  6.6149075854338351E-017 -7.5836348145815298E-017  2.8903956478301966E-016  3.9385491035741793E-017 -1.1792172509199634E-015 -4.4215056414737092E-017  2.0632966920428019E-006  8.3302305642115739E-017  3.2937730777773719E-017 -2.9975344304298387E-016  1.9707688288576426E-016 -2.0497831769150529E-016  8.7993800902823964E-016  1.4747139146512582E-016  1.0317783450284239E-015 -1.0133066642775088E-004 -1.9363090535299805E-015  1.7881105368791718E-018  1.4626203556082824E-015  8.1121117764950600E-019  3.0528941196521013E-018  4.9032795085432642E-018  3.2770125776851318E-019 -1.0936358488304397E-015 -1.0863696219333177E-018 -4.2424766463865953E-017  3.4005714692383721E-019 -8.5524568526926015E-016  6.2127013252143787E-017 -4.4147799461634395E-016  2.9238259602868375E-016 -2.9094076546229730E-016  1.2955390491029349E-015  2.2634178360437945E-016  1.1265541395770802E-014 -1.1203307281101114E-003 -2.0984768239957284E-014 -2.5126194874946132E-015  1.7233016163507205E-018 -8.5586921628608386E-016  1.3679868233909639E-019 -6.0292902549742099E-019 -4.0375906819557452E-018  8.0038029094888319E-019  6.7355807361015389E-016  1.1777523654096192E-018  3.8874079896581811E-017  3.8753859627636224E-019  1.6434371848548359E-016 -8.7445752230942665E-016  5.7827851439187312E-016 -5.3417635588171674E-016  2.5656688337540348E-015  4.9154649337661311E-016 -2.4341115752266362E-018 -1.7531858002830169E-019 -1.6819305328540322E-020 -1.1097184427572117E-018  3.3707351180763885E-020 -1.3232766894083794E-018 -1.6549585846728840E-019 -3.0082108434249043E-019 -9.7693640229866503E-020 -4.6318947203830703E-019 -1.7896301862763961E-018  3.0416665797317728E-019 -1.0907710802632166E-018 -3.7227456013632222E-020 -1.8088716260704918E-018 -8.2821993004741901E-016 -3.0974693099642720E-015  4.8112038540901062E-004  8.7955712942708567E-015  1.5692162841009015E-019 -3.8372846091665929E-017  5.5538345024927985E-019  6.7868929777689029E-020  3.5739646375597652E-019  1.6832713853291863E-019  8.8202053528577180E-017  8.9917375184959408E-019  1.9773997341504264E-017  1.1185905411868186E-018  8.9585799659830545E-016  3.9870561672006952E-016  3.6301523132419829E-016 -1.6037700812458575E-017  5.1674212676991227E-015
-1.1540390050106866E-017  2.1661744266207256E-017  6.1303548894647820E-007  1.0072739493998141E-015 -8.6431632554094906E-018  4.8042830618705585E-018  1.1019694972551273E-017  1.1756171202408159E-018 -2.4609780300326837E-018 -3.0521214474614673E-019  1.5271266193882996E-017 -7.8573904259130113E-017 -2.6484591953596070E-006  2.1810484030238787E-015 -1.6996818939922058E-016  1.3546303653243901E-016  2.7228589142454931E-016  1.3563328403807425E-016 -7.0797226503850280E-017  2.1308094275726406E-017  1.1845095184217111E-015  5.7275788866949704E-018  9.1737509104740598E-017  2.0632966767390714E-006 -5.0681671837759969E-016  4.1780726560231012E-016  8.4499607040492757E-016  4.2123451689327088E-016 -2.1525566094560573E-016  8.7117710977048436E-017  3.9187884013514068E-016 -1.7606341368644943E-015 -1.0133066605663582E-004 -3.4165834360177245E-018  2.3574085346950374E-018  1.2938812192924722E-015 -1.5575532329801563E-018  1.6325112634159578E-018  6.5842141194590397E-018  6.3155474931382243E-018 -6.5055333455914043E-016  4.2563382905946366E-019 -4.7672679234680947E-016 -9.0968286457922761E-016 -7.2921021115054972E-016  6.1340463394567825E-016  1.2387795519870683E-015  6.4193594510620314E-016 -3.1792065921225753E-016  1.4088791908688910E-016  4.4391747392000562E-015 -1.8874310325070643E-014 -1.1203307240810307E-003 -7.5141778628496813E-016  2.8184091010857340E-018  1.1068793131167756E-018 -7.4996462124346194E-016  1.3858339113419410E-018 -1.0356645308514050E-018 -5.5120959607187503E-018  2.1953119493474729E-018  4.0621094913977383E-016  1.8837876864344693E-018  3.1408752345108748E-016 -1.4861014906788879E-015  1.2147374947333273E-015  2.4558762113155662E-015  1.2260773780913687E-015 -6.3010474127586878E-016  2.3855365408186603E-016  2.1327258028788539E-019 -2.2413974914353031E-019  1.4811765212134190E-019  2.9264602341887954E-020 -1.7468442447216236E-020  3.5301826565395066E-019 -1.6852501552663041E-019  1.1540937143547280E-019 -1.4861475814157848E-019  1.8957512327727612E-019 -3.1224323270070804E-019 -1.1684666057562914E-019  8.3043869012300889E-020 -2.3589153990540928E-020  6.8390545316509068E-019 -2.0020592982606534E-016  1.5670124347281157E-015  3.5435568536502887E-015  4.8112038387927936E-004 -3.5641924222592497E-019  2.8004259379044728E-019 -3.5637130261802360E-017  7.8574352371122776E-020 -1.9576714838535087E-020  4.4759283819399940E-019  1.0168783378350819E-018  3.8170416928490586E-017  8.1975731972352950E-019  5.7142995243148076E-017  3.3461207889373346E-016  2.2465044958664697E-016 -3.1480641524641346E-016 -4.5707542430016038E-017 -4.6572024857768043E-015
-3.0591884181117850E-016 -9.8047353575186953E-016  1.0072739493998141E-015  1.4040821761310968E-001 -6.4178815164453771E-012 -3.7200677070187812E-015  1.4887467945370122E-015  4.0339563102656739E-012  1.0434678902276838E-014  2.0134520632044930E-012  1.6176649625574498E-016  1.3237748849387163E-015 -7.8516329295203172E-016  3.0306245224161843E-001  1.6798318031048574E-011  1.3273893748001474E-014  1.9847404889658522E-014 -1.1735068170314106E-011 -2.5185426644219264E-014 -5.9167760779640562E-012  1.6573592135666088E-001 -2.1215798113442719E-016 -7.3094256027418787E-016  7.3518595824289650E-016  3.3416914216759450E-011  4.9027501706103182E-014  1.6615412634460633E-013 -2.3310081940119527E-011 -2.7077287297061653E-014 -1.0763941980551902E-011  4.1034725831662028E-015 -1.7877210062904419E-015 -2.7857627410599924E-015 -4.4604853252913223E-016  3.8076066521692588E-016  4.2887906761260314E-016 -2.1534387825692738E-016 -4.0459866638161755E-018 -1.8382803976846866E-016  8.0990205109229293E-016  4.5432829727503249E-016  3.5176295981535742E-016  9.2363267337218029E-016 -1.1431372817812824E-001  4.4592867000065378E-011  5.5205079467524116E-014  1.5457028734989959E-013 -3.1406400540366683E-011 -4.5181604145766537E-014 -1.5006096900062873E-011  3.2810407019385263E-014 -5.5416455003338180E-015 -5.5608290172216266E-015 -1.1141195400675030E-001  2.0735769165667925E-016  4.3291036619631077E-017  1.5959616137425377E-016  8.9995070032727850E-017  1.6035361488740505E-018  9.0518322531552608E-017  1.3991926878060418E-016  1.4474826573222922E-016  7.4562687509994751E-017  3.6135662681366807E-016  9.2669228768370910E-011  1.1832809253382031E-013  3.4448997876779483E-013 -6.5567869839766389E-011 -9.2962072333199632E-014 -3.1221494915898609E-011 -1.9209987395543980E-014 -5.2552325483516945E-019 -3.9640931959307821E-017 -1.0220295342161753E-014 -3.5396988810981376E-018 -1.0090743408879084E-014  2.5422273794856146E-018 -6.1805406168445348E-018  3.0933719136587092E-018 -1.5154065251365208E-018 -1.8299405909845664E-014 -9.0049384929120472E-018 -1.1559409775686504E-014 -5.3358105702361822E-018 -2.1396280201355736E-014 -2.6077622985226978E-002 -4.4581966723942595E-015  8.1326487005885742E-015  4.0408886250554683E-015  3.4707286315861984E-016 -4.4035828772138681E-017  3.8636847506045058E-017  1.5816770107410464E-016 -1.6361177809474088E-018  1.6112915642593888E-016 -1.1067284423395370E-016  3.9540077981203570E-017 -5.1870573942699941E-017  8.2907093423264666E-017  5.1912382117844436E-002  3.6980074759867476E-002  1.9939443079972216E-003 -8.4221052305151894E-003 -1.1419171108510009E-002
-1.3169720269334818E-018 -3.6360234430279360E-018 -8.6431632554094906E-018 -6.4178815164453771E-012  9.3376296664262304E-006  1.0498948429225853E-017 -5.7348113252202137E-017 -4.6688148312146977E-006  2.1680962362573165E-017 -4.6688148351594173E-006  7.7700130248810852E-018  1.5622619066539580E-017  2.5228473824584666E-017 -1.5424724332301720E-011  3.1038802952536190E-004  1.7593678610742822E-016 -9.2776034219854218E-016 -1.5519401472897349E-004  1.9528312890314464E-016 -1.5519401479602353E-004 -7.2062469896599445E-012 -1.0487623416911382E-017 -1.6925417240015747E-017 -1.8546726810063683E-017  9.4888362771389299E-004  4.9101819501920489E-016 -3.1229593309792772E-015 -4.7444181374910925E-004  6.5044729556566173E-016 -4.7444181396371439E-004  2.2160090659659590E-016  6.3592823576689861E-016  5.9420523180060245E-016 -7.5323237314680873E-018 -1.7154615069255397E-019  2.1578254388413821E-018 -4.2945299974741973E-018  2.4735437302315734E-019 -4.0891036279547625E-018 -1.7613980338888705E-018  9.5381272857377208E-019  2.1893921386159158E-019  4.2362984393325176E-018  8.1200458201369098E-012  1.3965218023275997E-003  7.7291656934558197E-016 -4.3672225994506849E-015 -6.9826090100235608E-004  9.5715649698632316E-016 -6.9826090131214376E-004  2.2178546890691357E-015  6.8858465472300422E-015  6.5906216565393637E-015  1.0419435953180206E-011 -1.9057679528265740E-018  2.8961240408811152E-019 -5.7309932028129525E-020 -7.7958134092107535E-019 -2.4620831236818875E-021 -6.5336843785936854E-019  3.5053130069220388E-019  1.8247298790053828E-019 -3.0120210448068969E-019  2.9949996048663275E-019  2.7650173430928179E-003  1.4386565775048984E-015 -8.9849898158037295E-015 -1.3825086712063925E-003  1.9327505984417078E-015 -1.3825086718363337E-003 -3.3924957457768131E-016  5.6683712943824780E-019  1.5433000602175284E-018 -1.2680713147835860E-016 -7.8334205337564552E-019 -1.0648082057427976E-016  1.0095876861487829E-018 -6.0761004547553873E-019  5.9108276494109403E-019 -1.0019581889131411E-018 -3.0041099762743077E-016 -5.1673521726058623E-019 -1.8487706277187430E-016 -2.7811570995170030E-019 -2.9535845726429266E-016  3.0641257011503430E-012 -2.0604765563858548E-015 -1.1391208510549670E-014 -4.0679391109043562E-015 -7.8853828104268522E-020 -9.4426460715599834E-021  3.6493791797723440E-019  1.1908577239464688E-019  2.3022893428510491E-021  2.0517122527635847E-019  8.7204092805454146E-020  2.4863772074284113E-019  8.7035949148565964E-020  5.8626075484822753E-019 -6.3392486383141700E-012 -4.2447888534858884E-012 -3.3083071247121778E-013  1.0756251844647615E-012  1.4450379144654285E-012
-1.6604630458895701E-018 -3.4943978969170964E-018  4.8042830618705585E-018 -3.7200677070187812E-015  1.0498948429225853E-017  9.3376296755672016E-006 -7.6775066338578582E-018 -1.0698580968588672E-017  3.8409930182445980E-017 -4.9585280893132652E-018  6.0142948315841446E-018  6.8466781566079694E-018 -1.0715573901713408E-017 -9.7906452899112949E-015  1.7731190770556617E-016  3.1038802965457040E-004 -2.3302552774707043E-016 -1.7925786015424651E-016  6.2253943737543004E-016 -5.5410060520511865E-017 -4.1206886505020151E-015 -4.6527015802612422E-018 -5.7201150191127382E-018  6.9817981027565365E-018  5.3337528208657837E-016  9.4888362819261639E-004 -6.9890986803250958E-016 -4.9648097575946090E-016  1.8670785723064331E-015 -8.7856529974025678E-017  1.7883490433891560E-016  1.0397808647045342E-016 -1.3114300609253222E-016 -6.0601299803610665E-018 -1.8025440844662217E-018  2.7235856256544366E-018 -2.4887143344933867E-018 -4.9319987904154961E-019 -3.3486771816172485E-018 -1.9981973060087769E-018  2.4625204008386880E-018 -2.2836347841881557E-018  4.9568542250693682E-018  4.1869719166992899E-015  8.4485134544200297E-016  1.3965218029732534E-003 -1.0393815814440545E-015 -7.4683438741810741E-016  2.7549731905300484E-015 -1.5541670817227027E-016  1.8711012494646259E-015  1.0768732198116598E-015 -1.3360784971124958E-015  4.2175042959595897E-015 -2.2597030058175373E-018  7.4260520456748011E-020  6.2463898985666948E-019 -1.1436814687369484E-018  4.7241945928181333E-020 -7.7424504601392387E-019  2.2047795914674989E-019  3.7955693091221422E-019  2.3765278655953987E-019  1.9108969893089660E-018  1.6900416628554602E-015  2.7650173444595757E-003 -2.0533678956569883E-015 -1.3182782284940587E-015  5.4690860944688937E-015 -1.4469867032904873E-016 -1.4855935868609218E-018 -7.4515471485889542E-017 -1.3353913322414107E-019 -1.5011742658771469E-018  1.2221314697184002E-018 -1.0818983159952342E-018  3.0049575992073785E-017 -5.4989051513387543E-019  2.6900584839789594E-017 -5.1571362457834554E-019 -1.3289817285983408E-018 -6.3404380836600779E-019 -1.2554914685837981E-018  1.8304258943017757E-020 -2.7535388747202742E-018  1.8285551721666380E-015  3.6741799853635978E-016  1.0033104720496137E-015 -2.8162452117862712E-016 -6.5575880275573769E-019  2.4363430949565950E-019  1.8294822919489479E-019 -2.5076125648058713E-019  5.4113393627518375E-020 -3.6500449998093980E-019  3.9151457030601455E-019  1.9050306703509992E-019  2.7745025510375743E-019 -8.7503810353594675E-021 -1.8843498064027209E-015 -5.1828262307130030E-016  1.2435382756701094E-016  8.6828309180185013E-017  2.9664287874423483E-015
-5.1223398384634477E-018  1.7394117302696325E-018  1.1019694972551273E-017  1.4887467945370122E-015 -5.7348113252202137E-017 -7.6775066338578582E-018  9.3376296771063163E-006  8.4399884480574768E-018  5.3948776818736931E-019  4.4730198573490076E-017  8.8668140083495863E-018  1.5167367048077979E-018 -3.1112907639175367E-017 -1.1031064074434459E-015 -8.5548214219992624E-016 -1.7389927924333475E-017  3.1038802968097321E-004  2.2128207464292846E-016 -2.7899793436570679E-018  5.7149714341024534E-016  1.1971097319943779E-015 -9.7523250340752846E-018 -2.7682899934539321E-018  2.5277261969641560E-017 -2.8825607834752237E-015 -7.4907015191722229E-017  9.4888362826919695E-004  8.8217839921441184E-016 -1.6371766500904635E-017  1.9018217661961658E-015  1.7618940118573468E-016  1.0300416000397561E-017 -4.8699581130002205E-016 -2.2975049821321866E-018  5.5785304353585193E-018  3.7098156311099014E-018 -1.4179664928509868E-018 -4.4496694550937805E-019  1.3586599006764315E-019  1.2379046297584458E-017  4.6091967992394387E-018  3.8313052855335307E-018  8.8400527864038115E-018 -9.3827016457764573E-015 -4.0859905546140662E-015 -1.1355392674796891E-016  1.3965218030888159E-003  1.1109553029263894E-015 -1.9905902344410885E-017  2.6036717646172921E-015  1.8328711853311898E-015  3.3927887772411481E-016 -5.1040488817951776E-015 -2.3293070294029598E-014 -1.4782982628467612E-018  7.7306715110409762E-019  9.7212288042382915E-019 -9.4488957036091887E-019  6.2314535711206278E-020 -1.0139164301091759E-018  2.2011705912947274E-018  8.7700940012833414E-019  1.3889209464891071E-018  2.5116672013658890E-018 -8.3039220550707370E-015 -2.2039308674306874E-016  2.7650173446878267E-003  2.4729723625329633E-015 -3.7782056413077776E-017  5.4664280577459549E-015 -1.8978333161808620E-018  1.6827019295555411E-019 -1.0280491346141335E-016 -1.9377095299087064E-018  2.9137011778974271E-020  2.5409131974887566E-019 -3.1525421099729812E-019  4.9459744381784151E-018 -2.6807758632493051E-019  2.4567211598628958E-017 -4.4037490586780501E-018  5.8226911689905816E-019 -2.7405599366631612E-018  3.8975553889598813E-019 -4.6531119343704803E-018 -2.5555740081769707E-015 -3.1619045526427960E-015 -9.6343849087225101E-016  1.3852268220988145E-016 -7.6776136207269248E-019  4.7650125397865098E-019 -1.5319491684415297E-019 -2.2155367840573561E-019  6.2431360135403054E-020 -3.3136507787236138E-019  5.2078719224119179E-019 -8.6139503357306507E-020  3.3476678465755453E-019 -4.9590814448567255E-019  1.2614080511611032E-014  1.1811235100433716E-014  6.3739250422224920E-017 -2.7017224401275856E-015 -8.3289746886999392E-015
-1.0296090957924044E-018 -4.3579247881758323E-018  1.1756171202408159E-018  4.0339563102656739E-012 -4.6688148312146977E-006 -1.0698580968588672E-017  8.4399884480574768E-018  9.3376296694756015E-006 -1.2209666460213012E-017 -4.6688148380945695E-006 -1.8317953816264608E-018  1.1267711360201488E-017  6.8208621254808183E-018  9.7744787214068795E-012 -1.5519401473263375E-004 -1.9725583140044831E-016 -5.7190350992251036E-017  3.1038802955599197E-004 -2.1181859316909919E-016 -1.5519401482277554E-004  4.5158450301551430E-012  1.9950718546650490E-018 -1.1782366542866578E-017 -4.8858022464853180E-018 -4.7444181376047527E-004 -6.0159270242571000E-016  2.4218088461466283E-017  9.4888362788595913E-004 -6.1446243017458240E-016 -4.7444181412515513E-004 -1.9954794882101650E-016  3.6545979220458216E-016  4.7366336026156781E-016  3.8331783327579315E-018  1.6550483180529389E-018  2.1935197549824948E-019  3.0083964677272558E-018  2.8942015085925743E-019  1.5085704753616575E-018  4.4506238127965478E-018  1.0802249372491572E-018  1.5774365826087137E-018  1.2285918084204925E-018 -5.2327062547202311E-012 -6.9826090102403579E-004 -9.0730657303023105E-016 -8.2304576615429612E-017  1.3965218025212595E-003 -9.4003829760534715E-016 -6.9826090150112313E-004 -2.1254100296807188E-015  4.0226684748591826E-015  5.2732687351239821E-015 -6.7556328178578095E-012  2.3954174000653814E-018 -6.2544877754269510E-019  1.5181909584207467E-018  5.7380600522266705E-019 -3.2247362772350129E-019  1.3741570858601912E-018 -6.8838789643386924E-019  1.5157649661884174E-018 -6.2949789593778033E-020  3.2410801708000018E-018 -1.3825086712620106E-003 -1.7480882239059425E-015 -1.0181454564629569E-017  2.7650173435437939E-003 -1.7995256810276647E-015 -1.3825086723016347E-003  2.0283184131121891E-016  6.3015544946135300E-019 -8.8521357875512216E-019  6.0454914872860721E-017  5.1317843689603311E-019  1.1040300329502898E-016  1.6667352617440277E-019  9.6463403778756135E-019  1.0111976058777972E-019 -7.7061722478170202E-019  2.2699415494453283E-016  3.1849354268145450E-019  1.4372192765706343E-016  1.0997098851763714E-018  1.4459696962258774E-016 -2.0177200834950848E-012  1.1414285318352273E-015 -8.2620357580060330E-015 -5.2307161641120840E-015  1.4689924394528962E-018 -6.0103824664099880E-019  7.8009527563796469E-019  6.8699599102771159E-019  5.5171560529526734E-020  4.3149574937709381E-019 -1.5887292861568166E-018  8.9383285534227856E-019 -7.0615211668069381E-019  1.9586991567553219E-018  4.1373569541988374E-012  2.7522212195845928E-012  2.1758433566357437E-013 -6.9880193000170399E-013 -9.4032596510847446E-013
-6.9736675423922832E-018  8.8314436096444353E-018 -2.4609780300326837E-018  1.0434678902276838E-014  2.1680962362573165E-017  3.8409930182445980E-017  5.3948776818736931E-019 -1.2209666460213012E-017  9.3376296707067131E-006 -2.5322537721785809E-017  6.0909123462155352E-018 -1.1423574769119355E-017  8.7397024215890373E-018  2.4440982777454211E-014  4.5708354659537827E-016  6.7346573196725043E-016  2.4147851786416717E-017 -2.4300750644911814E-016  3.1038802957125575E-004 -3.0615650465028614E-016  1.1615011836346612E-014 -4.1744827290482703E-018  6.4803054187033059E-018 -1.3053041429902381E-017  1.5168440592750146E-015  2.0204498997001346E-015  6.2721254171529903E-017 -6.3250988463085216E-016  9.4888362795206077E-004 -9.5792809957465440E-016 -2.3010987346359137E-017  2.0380364857612764E-017  5.8493669321048491E-017  3.9389555325199655E-018 -6.7252045981223192E-018 -1.4607902032497266E-018  6.5710089097189304E-019 -3.1917416916222211E-019  1.3098670683858105E-018 -1.1909996818244638E-017 -1.5846191381532517E-018 -6.8019823978615492E-018 -5.2661181185674331E-018 -1.6380384678383027E-014  2.2385213262795905E-015  2.9800144229792883E-015  1.0700226348371752E-016 -9.6306697478198393E-016  1.3965218026073928E-003 -1.3700840187238629E-015 -1.9466432607376037E-016  3.9092310744659033E-017  4.2127202383093804E-016 -2.3792590277799829E-014  1.3949288672783251E-018 -3.9016941193031391E-018 -1.5627100644668964E-018  6.0028018689562820E-019 -1.1629452319730310E-019  6.1775247529791562E-019 -9.0965147666957613E-018 -9.3852957282218348E-019 -3.8102204982172752E-018 -2.3058798318937676E-018  4.4520439045371814E-015  5.9152733580418277E-015  2.0326253138644255E-016 -1.8624142020247281E-015  2.7650173437390327E-003 -2.8253612348438596E-015 -1.5085348134095475E-017 -5.1212032851293321E-019 -1.3205003956370770E-018 -7.8596821523603682E-018 -5.8225771983299160E-017 -8.3271515431527851E-018 -1.9357728554322421E-019 -9.6523083694525289E-019  1.5969111828268146E-018 -1.3797967957798480E-018 -1.2290814550112890E-017 -2.7545948411793295E-017 -8.1807548740441809E-018 -9.0820941010751179E-018 -1.2783801219978956E-017 -6.3070559660648805E-015  1.4908410655067757E-015  5.3757985315804929E-015 -3.2270856264404247E-015 -9.4148057332364878E-020 -2.4181776391603594E-018  3.0720361781182235E-019 -9.7521324676999949E-021 -6.0983288583317652E-020 -7.3364219397478949E-020 -5.2430933640230885E-018  7.0662123362750597E-020 -2.2492929643441434E-018  1.5071584895836870E-019  1.5892238976807398E-014  1.1701519958591109E-014  1.0646911157322607E-015 -3.0343007516381204E-015 -9.9885782543118232E-016
 3.8877274823154766E-018 -2.4131028192632525E-018 -3.0521214474614673E-019  2.0134520632044930E-012 -4.6688148351594173E-006 -4.9585280893132652E-018  4.4730198573490076E-017 -4.6688148380945695E-006 -2.5322537721785809E-017  9.3376296730355353E-006 -1.2770888106495649E-017  1.7515872794149243E-017  1.4399260539366148E-018  4.8540373636133321E-012 -1.5519401479099579E-004 -1.5014108959382818E-016  8.4607409440294551E-016 -1.5519401482148941E-004 -5.1036867208711335E-016  3.1038802961153765E-004  2.2489798864472914E-012  1.2060408546396225E-017 -1.1465145744386308E-017 -3.5715285780772460E-018 -4.7444181394812183E-004 -4.1359430596765371E-016  2.6741832325903299E-015 -4.7444181411994705E-004 -1.6467773525027803E-015  9.4888362806667048E-004 -3.0561149773297728E-016  6.2724479629499676E-016  2.0190877285430873E-016  3.6991454040445310E-018 -1.4835021930510272E-018 -2.3771774317324970E-018  1.2861335272419635E-018 -5.3677452395469588E-019  2.5805331511454478E-018 -2.6892257617646729E-018 -2.0340376587322578E-018 -1.7963757964824485E-018 -5.4648902440695693E-018 -2.7156161035194381E-012 -6.9826090129576960E-004 -6.3705672804184552E-016  3.8246828855258688E-015 -6.9826090149402627E-004 -2.3878060026379090E-015  1.3965218027805956E-003 -3.3096675954836873E-015  6.8368856807886090E-015  2.1322240296161405E-015 -3.6259482445975967E-012 -4.8964944880636964E-019  3.3583639091975029E-019 -1.4608810168517804E-018  2.0577533666883587E-019  3.2493571091986010E-019 -7.2078864737594041E-019  3.3785658213884643E-019 -1.6982379596914924E-018  3.6415189320212323E-019 -3.5405801361119542E-018 -1.3825086718153748E-003 -1.2179799209050954E-015  7.7580224826338308E-015 -1.3825086722881463E-003 -4.8270240729321946E-015  2.7650173440732810E-003  1.3641773332540390E-016 -1.1969925788709162E-018 -6.5808648134793416E-019  6.6352216640238092E-017  2.7016361659308806E-019 -3.9221826816800220E-018 -1.1762612123347492E-018 -3.5702399222809772E-019 -6.9220252558899069E-019  1.7725754136401952E-018  7.3416842739894605E-017  1.9824167463121024E-019  4.1155135152834479E-017 -8.2159417512783487E-019  1.5076148770692269E-016 -1.0466695817265429E-012 -4.2086321415795168E-015 -8.6543380499015483E-015 -1.0183946350657596E-016 -1.3901386131772065E-018  6.1048089042580700E-019 -1.1450331936055255E-018 -8.0608176266502475E-019 -5.7473849868508500E-020 -6.3666697426482340E-019  1.5015251945843107E-018 -1.1424705763642771E-018  6.1911616756770835E-019 -2.5449599122015653E-018  2.2073184809989374E-012  1.4948929703534769E-012  1.1257270192520020E-013 -3.7669056404946949E-013 -5.1240045974056302E-013
-2.6484591316801728E-006  3.9424193691649128E-017  1.5271266193882996E-017  1.6176649625574498E-016  7.7700130248810852E-018  6.0142948315841446E-018  8.8668140083495863E-018 -1.8317953816264608E-018  6.0909123462155352E-018 -1.2770888106495649E-017  1.1443417476124759E-005 -1.1814649096052495E-016 -4.6212926462127565E-018  9.0060839022533471E-017  7.2618560154286547E-017  5.4884084791672431E-017  1.3716606744886723E-016  1.0301240616664355E-016  2.2123774244269101E-016 -1.7643443189333335E-016  1.4101717266625104E-016 -8.9005402431935760E-006  1.4739626999229904E-016 -7.9556990544418356E-017  2.4139052471590493E-016  1.8267131524704789E-016  4.3259592505757976E-016  3.3206825994905586E-016  6.8191644417827702E-016 -5.7966051198480780E-016  4.3801093282793980E-004 -2.2354558528121962E-015 -8.1244435685317128E-016 -6.6411915802978146E-015 -1.2532706082325909E-017 -2.9329187519675373E-017  5.4618304283396038E-015  4.2123235013785202E-018  3.5407451385775500E-015  3.5434930488133454E-018  7.7205509096215708E-018  2.9063970797383551E-018  1.9871645068026763E-017 -2.3108260808857548E-015  3.6167660848910261E-016  2.5660503233733225E-016  6.3536068312343156E-016  4.6802018991116679E-016  1.0047917167054335E-015 -8.3395554920681196E-016  4.8434099159864498E-003 -2.3804899590089286E-014 -9.6156332137116425E-015 -4.3767720242685965E-015  3.7052482188125122E-015  8.5640581063843328E-018  2.3578359217986680E-017 -3.3079170260906302E-015 -2.2600036358561515E-018 -2.1886987339651495E-015 -6.5837908668063213E-018 -3.7835174695790035E-018 -2.6302448477462909E-018 -1.3310675619457453E-017  6.9790631196101306E-016  5.1462926829536583E-016  1.2621323264673446E-015  9.4520454709440916E-016  1.9889844694072754E-015 -1.6721875291250047E-015 -2.0656832083252243E-018 -4.2082906490476974E-019 -2.4485362064509564E-019  2.2414849714240324E-020 -4.2514772171527309E-020 -9.9123118634767476E-019 -3.9360959936688951E-020  1.2086773218235221E-019 -3.0548469979036459E-019  6.3648446949770779E-019  1.9968651027057951E-018  2.2259974651965604E-019 -6.2418020104435710E-019  1.2362576594650584E-019 -5.1127623014663126E-019 -7.8731857441324566E-016 -2.0261401083008089E-003  8.6288815576947098E-015  1.9268284308317151E-015 -8.1481934863441679E-018 -1.2273072679042104E-018  7.2535068220069919E-019 -3.7304103085844653E-016 -8.1350343859520106E-019 -2.9640830884340831E-016  6.7206040624159755E-019  5.7911892533212164E-020  8.7335092604041088E-019  1.9393143815115802E-018  5.0317583877851853E-015  4.4685375862383147E-015 -2.7293045422280551E-016 -1.3124137870468847E-015 -1.0806599225258665E-014
 3.0436427602458324E-017 -2.6484592098669720E-006 -7.8573904259130113E-017  1.3237748849387163E-015  1.5622619066539580E-017  6.8466781566079694E-018  1.5167367048077979E-018  1.1267711360201488E-017 -1.1423574769119355E-017  1.7515872794149243E-017 -1.1814649096052495E-016  1.1443417716853163E-005  2.6920131137884626E-016  2.7164876109119624E-015 -1.4416596412689652E-017  1.4791477904547697E-016  1.5208309157312007E-017  8.1500674829902836E-017 -3.6522697509224848E-016  6.9903361915750075E-017  1.5574063381385102E-015  1.5122763881204164E-016 -8.9005405333833994E-006 -3.0740898613489778E-016 -1.2882757859212382E-016  4.5261732039597409E-016  6.8390051992072373E-017  1.3443543262055008E-016 -1.0995831758108696E-015  9.8459641930877672E-017 -2.4483666790666937E-015  4.3801093760327314E-004  5.9005229401880977E-015 -7.8191540400949618E-018 -6.3183196885631535E-015 -3.5311916387940354E-018 -1.3228259677144170E-017 -2.1228954144615917E-017 -1.3820017185936972E-018  4.7244354091741714E-015  4.7564343335492471E-018  1.8312905302592149E-016 -1.3738706886091704E-018  2.8288967500695599E-015 -2.4890076926352752E-016  6.6763110069392619E-016  9.0974315498747263E-017  1.5117518691969410E-016 -1.6211885238883442E-015  1.0397481326335918E-016 -2.6416455059611559E-014  4.8434099669653653E-003  6.3507827639920299E-014  6.7959601743245261E-015 -7.4649707269453967E-018  3.6896442488838342E-015 -5.6897043573398320E-019  2.6154015145105972E-018  1.7451446640581779E-017 -3.5026753417384589E-018 -2.9049512655205975E-015 -5.1770436095739528E-018 -1.6786066311488602E-016 -1.6644960160208472E-018 -6.6762920054905233E-016  1.3232852500284025E-015  1.8254241376826547E-016  1.2187767691406767E-016 -3.2116873433886877E-015  2.2358386610993892E-017  1.0378498514850997E-017  7.5271043565313088E-019  1.9556031944485618E-019  4.7118306526430186E-018 -1.4103167229042487E-019  5.6154601251529037E-018  6.8370839895777563E-019  1.2273129150325785E-018  4.0799962193875935E-019  1.9346016595709997E-018  7.5699082134005636E-018 -1.2502652420005244E-018  4.6551897214932228E-018  1.1054091259955028E-019  7.6408715592224182E-018  2.1529078357620319E-015  7.0979151284155493E-015 -2.0261401279762165E-003 -1.8163920541787268E-014 -6.7246525964454862E-019  1.7367033728513680E-016 -2.4575447742880022E-018 -3.1377080342027990E-019 -1.5241165019412381E-018 -7.4578734501907322E-019 -3.8754992024329158E-016 -3.9057998016934043E-018 -8.6017785653061860E-017 -4.8770347880846876E-018 -2.7896328840034938E-015 -1.5180038873963325E-015 -9.3539643865819141E-016  2.0228446197634894E-016 -1.2313777560086934E-014
 3.5693326505141325E-017 -7.7317957165535699E-017 -2.6484591953596070E-006 -7.8516329295203172E-016  2.5228473824584666E-017 -1.0715573901713408E-017 -3.1112907639175367E-017  6.8208621254808183E-018  8.7397024215890373E-018  1.4399260539366148E-018 -4.6212926462127565E-018  2.6920131137884626E-016  1.1443417673615670E-005 -1.7638230258285536E-015  3.3300803308759263E-016 -2.5072339853349554E-016 -6.2625826321466603E-016 -1.8753935836317848E-016  2.4581810670171474E-016 -8.8567991148592763E-017 -8.6149932350717956E-016 -6.8409610133367568E-017 -3.4393432275931037E-016 -8.9005404822775260E-006  9.6236663999047540E-016 -7.8237075915345679E-016 -1.9687279346357335E-015 -6.0224936567747462E-016  7.4581201905027489E-016 -3.6606350305094720E-016  7.0768967468386471E-016  4.8837999185083502E-015  4.3801093674564233E-004  1.4722505897075566E-017 -1.0207226364268575E-017 -5.5892371178088716E-015  6.6753465326286697E-018 -7.0221584702051678E-018 -2.8479610363560808E-017 -2.7381276125873697E-017  2.8103724844470833E-015 -1.8208933234715714E-018  2.0592700560340223E-015  2.4927309701806858E-015  1.3440046289154071E-015 -1.1450721177573938E-015 -2.8766882333706908E-015 -9.8159365981296164E-016  1.1028747449351158E-015 -5.9360440264986919E-016  7.5523100821111060E-015  5.1337965998966926E-014  4.8434099578091349E-003  3.3211078857234147E-015 -1.2208616001473464E-017 -4.8184001113141891E-018  3.2329562246963137E-015 -5.9697372903952195E-018  4.4636196919372141E-018  2.3802341980430006E-017 -9.4453503980054319E-018 -1.7518621725179906E-015 -8.2159327659465198E-018 -1.3547118927780320E-015  2.8410952238499954E-015 -2.2681506454625402E-015 -5.7092786937870228E-015 -1.7521109009564584E-015  2.1859354019308406E-015 -1.0036244574940205E-015 -9.5280235471068014E-019  9.6195158720002671E-019 -6.6098727849665760E-019 -1.5580229402084867E-019  7.7993014955362360E-020 -1.5060005914264886E-018  7.2184196190845633E-019 -4.6782739015964946E-019  6.3311719440360654E-019 -7.9783931670948088E-019  1.2868685106496325E-018  4.7974389513262951E-019 -3.7377985423196665E-019  1.1725556478333675E-019 -2.9788718068904671E-018  8.8742639889790162E-016 -3.2718214598649763E-015 -9.9157196834261580E-015 -2.0261401244452701E-003  1.5484001488501087E-018 -1.2537417828734515E-018  1.6094926550469197E-016 -3.6190880561966435E-019  6.9894204349375330E-020 -1.9129170151668880E-018 -4.4265685408985868E-018 -1.6857014095836063E-016 -3.5680872370338931E-018 -2.5031334696827270E-016 -2.3818970768470007E-015 -1.8151896292346411E-015  4.3824491100375973E-016  4.6154204060346373E-016  8.5243404505413896E-015
-6.1518233353621499E-016 -2.0642349227973397E-015  2.1810484030238787E-015  3.0306245224161843E-001 -1.5424724332301720E-011 -9.7906452899112949E-015 -1.1031064074434459E-015  9.7744787214068795E-012  2.4440982777454211E-014  4.8540373636133321E-012  9.0060839022533471E-017  2.7164876109119624E-015 -1.7638230258285536E-015  6.5433275448689998E-001 -1.3435223148836155E-011 -2.9209553785088580E-014 -1.1056751628064736E-013  8.4495289502752525E-012  1.9093162170726333E-015  3.1545991669601629E-012  3.5750267995303164E-001 -2.6582456453132473E-016 -1.3464697556040726E-015  1.7244303308164405E-015 -8.0320556748044500E-011 -7.1124911751079097E-014 -1.0768304301118786E-013  5.3277907343567460E-011  1.1518196838627569E-013  2.5630945955477633E-011 -3.5425693542789188E-015 -5.4956024408705521E-015 -7.2210136248702666E-015 -9.4082116500318163E-016  8.4088331413465682E-016  9.3315124383731602E-016 -4.6333697974000368E-016 -8.6577056800931230E-018 -3.8318292947599058E-016  1.7706270836378343E-015  9.7838268475580756E-016  7.6156164468253771E-016  1.9877392650547355E-015 -2.5388502052969308E-001 -1.2791058612257446E-010 -1.4125050198423485E-013 -3.5412235789609427E-013  8.4510306475159230E-011  1.5726460259889133E-013  3.9425164883828267E-011 -6.6504059521944872E-014 -2.7465250283605267E-014 -2.4493818663393773E-014 -2.5459177449848275E-001  4.5256726932117491E-016  9.1197859923562606E-017  3.4121459700388852E-016  1.9344785366253866E-016  3.9956391830291283E-018  1.8965065165606203E-016  3.1128455067965541E-016  3.1553470119493654E-016  1.6102853626521337E-016  7.8953895660406335E-016 -2.4397313009403546E-010 -2.6021016868201312E-013 -6.1761790849338173E-013  1.6000635540663221E-010  3.0408688945903157E-013  7.4767727139418065E-011 -4.0612339303549510E-014 -4.9692048039914277E-018 -8.7049676819027781E-017 -2.1385059268584726E-014 -7.5768227160367235E-018 -2.0931845940328032E-014  3.5326370827244300E-018 -1.1074395622546209E-017  2.2524483033970382E-018 -4.7418347816142002E-018 -3.8680776865696258E-014 -1.9143211102510488E-017 -2.4356943682389376E-014 -9.2963693919816964E-018 -4.5252214527871830E-014 -5.9818201441301511E-002  2.1775186426931988E-014  5.8812841003677597E-014  1.5184256359625650E-015  7.3996267010237789E-016 -9.4308040039724317E-017  8.8025120361587487E-017  3.4506024775120061E-016 -3.4346040259612758E-018  3.4828151619141020E-016 -2.4193718505830708E-016  8.9300446509936963E-017 -1.0899845488749652E-016  1.8196826790215463E-016  1.2150902189708493E-001  8.7050130218336574E-002  4.7440168341376949E-003 -1.9981454519731351E-002 -2.7322369301666094E-002
-6.2568500928256939E-019  4.2766162593651581E-018 -1.6996818939922058E-016  1.6798318031048574E-011  3.1038802952536190E-004  1.7731190770556617E-016 -8.5548214219992624E-016 -1.5519401473263375E-004  4.5708354659537827E-016 -1.5519401479099579E-004  7.2618560154286547E-017 -1.4416596412689652E-017  3.3300803308759263E-016 -1.3435223148836155E-011  1.0317471597640389E-002  1.4153099165165619E-016  4.0899465508076610E-015 -5.1587357989090737E-003 -2.2710167867907124E-015 -5.1587357987191848E-003  2.9043119128068970E-011 -1.9630758147059016E-016 -7.7292463808800134E-017 -2.0937729490809493E-016  3.1541422178473923E-002 -1.1241848423630456E-015  2.9727938567317923E-015 -1.5770711089349434E-002 -5.1660069689222411E-015 -1.5770711089088937E-002  3.5940793446949768E-016  1.5952007225201600E-015  5.7426511298509202E-016 -2.5037865147941577E-016 -5.7022887654342360E-018  7.1727324779340897E-017 -1.4275257803364797E-016  8.2221976138765580E-018 -1.3592409044092121E-016 -5.8549853801509325E-017  3.1705268832113003E-017  7.2776624454576640E-018  1.4081692940813987E-016 -1.3492944410371197E-011  4.6421165316954484E-002  1.6126712063766726E-017  1.1987319968858152E-014 -2.3210582658551894E-002 -7.6077670698286057E-015 -2.3210582657967140E-002 -3.3861633206400632E-015  1.6067514349875466E-014  7.6659520384593486E-015 -2.5926595657436366E-011 -6.3348791683660300E-017  9.6268780344914970E-018 -1.9050141082787489E-018 -2.5913719332742028E-017 -8.1841008364027275E-020 -2.1718331972431874E-017  1.1651856886456047E-017  6.0655044660635258E-018 -1.0012126177660704E-017  9.9555468596487914E-018  9.1910722033860540E-002 -3.0150721161181247E-015  1.2492490009659274E-014 -4.5955361016401006E-002 -1.3811470305113013E-014 -4.5955361015794449E-002 -1.1276845508673226E-014  1.8841982971504384E-017  5.1300156562586244E-017 -4.2151399392260510E-015 -2.6038727718165925E-017 -3.5394820008592783E-015  3.3559258985751767E-017 -2.0197297530925828E-017  1.9647921447867181E-017 -3.3305650274370765E-017 -9.9858295006508955E-015 -1.7176567468859375E-017 -6.1454169180748190E-015 -9.2447216429438787E-018 -9.8178802379086627E-015  1.1082015747050879E-011 -6.9445286463505949E-015 -2.9432359895394689E-014  4.6536836173954129E-015 -2.6211448640648203E-018 -3.1387886495098166E-019  1.2130740499073591E-017  3.9584779364544770E-018  7.6529383830000619E-020  6.8200064768493697E-018  2.8987125661817713E-018  8.2648569317401132E-018  2.8931235555300277E-018  1.9487635365111797E-017 -1.9115539423071720E-012  1.3044072647814025E-011 -1.9922015332313276E-012 -1.0448859923359617E-012 -2.3462114334474770E-012
