  0.46907934699653148        9.6609250712688693E-002 -0.17425186837299872       -1.3062918542676426E-009  -2.2635891115371822E-011  -1.5717282092231010E-011   2.8348220520844432E-011   1.6160743568591754E-011   8.9525008853342087E-012   6.4750216336124229E-012  -1.4802715911644566E-009   4.2982468348015582E-011  0.44877515931183254       0.11442370393258923      -0.20638310326849385        4.2714213256223080E-012  -5.6567639894872660E-003  -8.8636561230783974E-003   1.5987154747490951E-002   7.7747039056244140E-003   7.3575999328083204E-003  -1.8535861775286042E-004   6.6134976166953028E-003  -4.1128233969946306E-003  -9.2820209146688652E-006  -8.8506040289982671E-003  -2.0790808257547719E-004   1.9834758732731948E-003  -3.5775234568323168E-003  -2.1566202577809668E-010  -2.1454134865880725E-013  -4.3350039006260437E-014   7.8436304294606619E-014   9.9318743624094638E-014  -1.4995749630400100E-014   1.1543998680350229E-013   2.3405678742649975E-002   6.1998461979431395E-003  -1.1182511168287956E-002  -8.1314260686351810E-013  -5.7797539257252849E-013   1.0425545949775541E-012   5.8736161346858261E-013   3.3433113454242057E-013   2.2562255205585142E-013
   9.6609250712688693E-002  0.19757539470313040       -5.5674434751982645E-002  -4.1736767875581761E-010  -6.9168169135575757E-012  -5.5337653190093600E-012   8.9524254090893011E-012   4.8478026906160119E-012   3.1889771713654411E-012   2.0687240316788219E-012  -4.7295537604348861E-010   1.3731854220279024E-011  0.11442351326611548       0.12720741559476806       -6.5940561766437394E-002   1.3663320194239628E-012  -4.8115103612258363E-005  -4.5894624510551428E-003   3.8364689670847187E-003   7.3837521334291917E-005   4.4138858057650547E-003  -9.2843358877611011E-006   3.5394917009728601E-003  -4.2552601378864196E-005  -1.5926397846952094E-004  -2.8278182982148627E-003   1.9834577907533401E-003  -5.7820654874780079E-003  -1.1430400664990468E-003  -6.8905546980960234E-011   5.2110516413636351E-014  -2.0958130188883224E-013  -1.5072374257755367E-014  -8.8878560827370699E-014   1.2083312486222082E-013   3.6911881357426628E-014   6.1998417607482979E-003   5.9820796679654264E-003  -3.5728751035342485E-003  -2.6341999980740647E-013  -1.7874511763888538E-013   3.3431465756069406E-013   1.9134488366004222E-013   1.0302124073746146E-013   7.2119713810456428E-014
 -0.17425186837299872       -5.5674434751982645E-002  0.26712689296495751        7.5279556997173962E-010   1.2475754447016767E-011   8.9526347128526478E-012  -1.6717505906802471E-011  -9.3129685524468269E-012  -5.3413950756840851E-012  -3.1620709976999680E-012   8.5305840571740049E-010  -2.4764404233803217E-011 -0.20638299751611272       -6.5940637856997525E-002  0.20958383834252292       -2.4605150594425867E-012   8.6785359477201725E-005   3.8364727414764667E-003  -9.3821828707748647E-003  -4.1128177057562611E-003  -5.0908834948545307E-003   3.9963829278224696E-003  -3.8112582239575171E-003   3.0080818266641721E-003   1.2768667396761229E-003   4.7509744100009098E-003  -3.5775133878439679E-003  -1.1430472702026943E-003  -4.3541248061800897E-003   1.2428309619446888E-010  -9.3922754796166049E-014  -1.5164983634173689E-014  -1.9079654135932232E-013  -5.7182757601717847E-014  -6.1006782302456108E-014   1.5111734694488240E-013  -1.1182508878945816E-002  -3.5728769291843436E-003   1.0445504839137284E-002   4.7517248552529340E-013   3.3428599803400054E-013  -5.9639983080557446E-013  -3.3848592354625236E-013  -1.9056496454886593E-013  -1.3660201138036580E-013
  -1.3062918542676426E-009  -4.1736767875581761E-010   7.5279556997173962E-010   7.6794436187934828E-002   1.2628846227966057E-003   8.9267625347216959E-004  -1.6100975673082622E-003  -9.0972209548559617E-004  -5.1443628821267904E-004  -3.5316252728855409E-004   8.4906413799937672E-002   2.8737283823616622E-003  -1.3163906007343898E-009  -4.2059454904317826E-010   7.5861562121259336E-010  -8.6254468976598904E-004   1.2441342581627078E-011   2.7267133476101999E-011  -4.9181060696065031E-011  -2.2108823942163656E-011  -2.5442392230954113E-011   5.4168767087778249E-012  -2.1613775107446475E-011   1.2741002443153064E-011   1.7307212398011529E-012   2.7160850594014472E-011  -3.4997236693251233E-011  -1.1179201571643370E-011   2.0174629216268071E-011   1.4094701663982152E-002  -2.2353651300321503E-005  -1.5800291504126248E-005   2.8499162080310225E-005   1.6102494142270799E-005   9.1054573439374133E-006   6.2511571465190327E-006  -7.3789080212476201E-011  -2.3575478049350227E-011   4.2524863968491749E-011   4.5360154292849276E-005   3.2063063995861881E-005  -5.7831321758264539E-005  -3.2675301047011994E-005  -1.8477472606531536E-005  -1.2684853247438571E-005
  -2.2635891115371822E-011  -6.9168169135575757E-012   1.2475754447016767E-011   1.2628846227966057E-003   2.0786653968515582E-005   1.4693149336979589E-005  -2.6501661637078888E-005  -1.4973718155324790E-005  -8.4674473763373482E-006  -5.8129358127957703E-006   1.3949501323220674E-003   2.3459606175398154E-004  -2.2672058120189049E-011  -7.0721250963399052E-012   1.2755841672862563E-011  -6.4326152502753798E-006   2.2254566348554949E-013   4.6687163617413585E-013  -8.4208625250218637E-013  -3.8202298149936015E-013  -4.3023696077410417E-013   8.3444553083685359E-014  -3.6763838819678896E-013   2.1798348012137280E-013   2.6365965555430207E-014   4.6517921693873487E-013  -1.4089768252802408E-014  -7.8635663771885753E-014   1.4352125231675924E-013   2.3928659429387798E-004  -3.8276201819525812E-007  -2.7054902573466196E-007   4.8799191816030759E-007   2.7572333811962257E-007   1.5591313268474403E-007   1.0703867991522289E-007  -1.1519656348945094E-012  -3.7377088099480841E-013   6.7452524604327831E-013   5.6458645690019057E-007   3.9908103686282100E-007  -7.1981205321262800E-007  -4.0670127595705064E-007  -2.2998454619914684E-007  -1.5788518096802266E-007
  -1.5717282092231010E-011  -5.5337653190093600E-012   8.9526347128526478E-012   8.9267625347216959E-004   1.4693149336979589E-005   1.0385925400296705E-005  -1.8732830820270345E-005  -1.0584246859512287E-005  -5.9852571266151600E-006  -4.1089024771880770E-006   9.8602741493696673E-004   1.6582515835979420E-004  -1.5871865617011015E-011  -5.3498669253756575E-012   9.0895616579025023E-012  -4.5469273735627726E-006   1.4798275163873326E-013   3.3577038837569499E-013  -5.9047139675132509E-013  -2.6044995624511133E-013  -3.1275416662073157E-013   6.1908784027669974E-014  -2.6536908343839778E-013   1.4969305262757949E-013   2.0258852021567503E-014   3.2853711634342856E-013  -7.7191825445668625E-014   9.6635404374189594E-014   6.8857256943039590E-014   1.6914090565907705E-004  -2.7055721063818400E-007  -1.9123890632785812E-007   3.4493948175387985E-007   1.9489639442603944E-007   1.1020796284816905E-007   7.5660816098756007E-008  -8.1955593369062908E-013  -2.5237332326509687E-013   4.7413438443554799E-013   3.9908095772162324E-007   2.8209256607760436E-007  -5.0880300096598134E-007  -2.8747897285151381E-007  -1.6256580694864062E-007  -1.1160198488769790E-007
   2.8348220520844432E-011   8.9524254090893011E-012  -1.6717505906802471E-011  -1.6100975673082622E-003  -2.6501661637078888E-005  -1.8732830820270345E-005   3.3787932901082245E-005   1.9090538217572542E-005   1.0795456817501890E-005   7.4111234190027177E-006  -1.7784726933801245E-003  -2.9909483917771676E-004   2.8627040384787269E-011   9.0893540427056626E-012  -1.6704647910111940E-011   8.2011771612362188E-006  -2.6690605382202534E-013  -5.9045767572715442E-013   1.0733937023277798E-012   4.8333045867867537E-013   5.5430411509438527E-013  -1.2523574682343879E-013   4.6985326238692387E-013  -2.7999008363148004E-013  -3.9915280266331811E-014  -5.9136874803752613E-013   1.3865646857526165E-013   6.9441611584357802E-014   9.3644508148354578E-015  -3.0507517898427231E-004   4.8799720973982723E-007   3.4493278690169574E-007  -6.2215863413138119E-007  -3.5152970583900494E-007  -1.9877932003443986E-007  -1.3646750369630632E-007   1.4780544195272346E-012   4.7424800319881353E-013  -8.4493480009819545E-013  -7.1981203253808181E-007  -5.0880308725206724E-007   9.1771485258970265E-007   5.1851841025337515E-007   2.9321575398885461E-007   2.0129362231643079E-007
   1.6160743568591754E-011   4.8478026906160119E-012  -9.3129685524468269E-012  -9.0972209548559617E-004  -1.4973718155324790E-005  -1.0584246859512287E-005   1.9090538217572542E-005   1.0786355309262631E-005   6.0995468871690705E-006   4.1873628457776014E-006  -1.0048558155714661E-003  -1.6899184420414448E-004   1.6252830770019609E-011   5.0210452323087845E-012  -9.3661274082977116E-012   4.6337506991302521E-006  -1.5553595420659391E-013  -3.3241192411844225E-013   6.0794618126777435E-013   2.7641244502448371E-013   3.0991679853218232E-013  -6.7737559971354764E-014   2.6367719300477927E-013  -1.5929204161656490E-013  -2.1347392832827135E-014  -3.3440739415495267E-013   4.1534537200882418E-014   8.9966024324548727E-014  -2.7731323690332747E-014  -1.7237069584445254E-004   2.7572357554093968E-007   1.9489066623275851E-007  -3.5152619673354688E-007  -1.9861799507923948E-007  -1.1231241443525488E-007  -7.7105580346146566E-008   8.3187289847272755E-013   2.7204283936731878E-013  -4.8020212102504034E-013  -4.0670128072682250E-007  -2.8747903323260712E-007   5.1851843122748895E-007   2.9296829171764226E-007   1.6566994893945978E-007   1.1373298902710454E-007
   8.9525008853342087E-012   3.1889771713654411E-012  -5.3413950756840851E-012  -5.1443628821267904E-004  -8.4674473763373482E-006  -5.9852571266151600E-006   1.0795456817501890E-005   6.0995468871690705E-006   3.4492162701914065E-006   2.3679004890073643E-006  -5.6823319980497532E-004  -9.5562541111825761E-005   9.0894254234826969E-012   3.0830040783410419E-012  -5.3372804718635047E-012   2.6203279721841293E-006  -8.1820590020481902E-014  -1.9211060966239604E-013   3.4045930165598322E-013   1.4969077780385453E-013   1.8116013086350860E-013  -3.9916085929156132E-014   1.5292591173388616E-013  -8.6960058613866860E-014  -1.3060601257907981E-014  -1.8894737363508857E-013   6.9658826952018646E-014  -5.6473517477968723E-014   2.4494685491059680E-015  -9.7473430750586045E-005   1.5591816314272247E-007   1.1020818453034858E-007  -1.9878357802250587E-007  -1.1231594142461935E-007  -6.3511237015027574E-008  -4.3602221652758982E-008   4.7429538838745067E-013   1.4526742925244849E-013  -2.7007876799172816E-013  -2.2998460126550890E-007  -1.6256587811075097E-007   2.9321583261674358E-007   1.6566998666368666E-007   9.3684330377273689E-008   6.4314614611958282E-008
   6.4750216336124229E-012   2.0687240316788219E-012  -3.1620709976999680E-012  -3.5316252728855409E-004  -5.8129358127957703E-006  -4.1089024771880770E-006   7.4111234190027177E-006   4.1873628457776014E-006   2.3679004890073643E-006   1.6255729669077018E-006  -3.9009431672761105E-004  -6.5604217289831626E-005   6.4189655901254567E-012   2.0508533656874838E-012  -3.3891969333779655E-012   1.7988645947667066E-006  -6.7014540746146674E-014  -1.3445213658240262E-013   2.3412389925098825E-013   1.0560577704805866E-013   1.2030782168819163E-013  -1.5695751592070657E-014   1.0395271945194519E-013  -5.8686542707623420E-014  -5.0147767973276339E-015  -1.3076341801079643E-013  -3.0783316970968693E-014  -1.0092811232771713E-014  -1.1957547508541192E-013  -6.6915898434968151E-005   1.0703844262660765E-007   7.5658359482316118E-008  -1.3646572139143149E-007  -7.7105343020421595E-008  -4.3600718238201253E-008  -2.9933099561327062E-008   3.1936872484026882E-013   1.0198237757026759E-013  -1.9510853456124011E-013  -1.5788517641096640E-007  -1.1160200379816124E-007   2.0129362228806173E-007   1.1373298441056285E-007   6.4314597356472702E-008   4.4152192007361906E-008
  -1.4802715911644566E-009  -4.7295537604348861E-010   8.5305840571740049E-010   8.4906413799937672E-002   1.3949501323220674E-003   9.8602741493696673E-004  -1.7784726933801245E-003  -1.0048558155714661E-003  -5.6823319980497532E-004  -3.9009431672761105E-004   9.3972423801261806E-002  -1.0389058455394229E-002  -1.4920019390094380E-009  -4.7670348727858122E-010   8.5981836200765045E-010  -2.9508563261768447E-004   1.4091352997314735E-011   3.0883402616292770E-011  -5.5703636236738087E-011  -2.5040982053851238E-011  -2.8816661306842237E-011   6.1352897260549623E-012  -2.4480280861935125E-011   1.4430756596033319E-011   1.9602615654984304E-012   3.0763033652380500E-011   4.3615484078688875E-011   1.3926771650022907E-011  -2.5135593615866638E-011   1.5039068968243941E-002  -2.3624981003499154E-005  -1.6698886007458049E-005   3.0119994212961898E-005   1.7018298207243016E-005   9.6233015819830524E-006   6.6066827814127379E-006  -6.6414932580492772E-011  -2.1221805126942918E-011   3.8273796584546348E-011   6.3286523257771358E-005   4.4734403206776299E-005  -8.0686298417258914E-005  -4.5588605653683304E-005  -2.5779778515818237E-005  -1.7697917605965174E-005
   4.2982468348015582E-011   1.3731854220279024E-011  -2.4764404233803217E-011   2.8737283823616622E-003   2.3459606175398154E-004   1.6582515835979420E-004  -2.9909483917771676E-004  -1.6899184420414448E-004  -9.5562541111825761E-005  -6.5604217289831626E-005  -1.0389058455394229E-002   1.8988216839392826        5.1912092656458086E-011   1.6586590785265300E-011  -2.9918513967949414E-011  -7.8790800799711678E-004  -4.3541083593977191E-013  -9.5252255921647216E-013   1.7174538784428220E-012   7.7321589927421603E-013   8.8811594487298143E-013  -1.8775927473049158E-013   7.5545956331861522E-013  -4.4420203287347829E-013  -6.0444119201173430E-014  -9.5000506218249460E-013   5.1039264360773468E-011   1.6301644590382197E-011  -2.9416842631356265E-011   7.6626282034012921E-002  -1.5395285331049467E-004  -1.0882212574912868E-004   1.9627986114910569E-004   1.1090031351110438E-004   6.2712677727295025E-005   4.3052540093685291E-005   5.4328848229214096E-012   1.7339188837965699E-012  -3.1299703085281388E-012  -1.8365306533954713E-003  -1.2981600903809948E-003   2.3414591213518077E-003   1.3229494270652208E-003   7.4811048960741035E-004   5.1358122634499834E-004
  0.44877515931183254       0.11442351326611548      -0.20638299751611272       -1.3163906007343898E-009  -2.2672058120189049E-011  -1.5871865617011015E-011   2.8627040384787269E-011   1.6252830770019609E-011   9.0894254234826969E-012   6.4189655901254567E-012  -1.4920019390094380E-009   5.1912092656458086E-011  0.43901016213719041       0.12451328280110219      -0.22458141760392189        4.2826098910845492E-012  -4.9211984803301211E-003  -8.8653064673461564E-003   1.5990131176012248E-002   7.5076022249074004E-003   7.7760012341624146E-003  -9.0512162526284654E-004   6.8031331656457543E-003  -4.1267696228961268E-003  -2.6205446369087276E-004  -8.8424276247818165E-003  -4.2721043947556046E-003   1.2510597820068635E-003  -2.2564831316641228E-003  -2.1688661020430835E-010  -1.6233096784326258E-013  -5.6218574545258818E-014   1.0164771463088189E-013   8.7200210997806011E-014   1.0874500326093328E-014   7.5338058576734649E-014   2.1961874210424951E-002   6.6435030513893158E-003  -1.1982723674667151E-002  -8.3158977903780549E-013  -5.8870863643914061E-013   1.0619161299766223E-012   5.9947418747216269E-013   3.3966216537915906E-013   2.3196615084584198E-013
  0.11442370393258923       0.12720741559476806       -6.5940637856997525E-002  -4.2059454904317826E-010  -7.0721250963399052E-012  -5.3498669253756575E-012   9.0893540427056626E-012   5.0210452323087845E-012   3.0830040783410419E-012   2.0508533656874838E-012  -4.7670348727858122E-010   1.6586590785265300E-011  0.12451328280110219        8.9087494562549718E-002  -7.1755145274696425E-002   1.3662035116079636E-012  -6.1644541931200241E-004  -3.7874604369368316E-003   4.4180535255955557E-003   1.0891058985973553E-003   3.6054808522635838E-003  -2.6205758140463223E-004   2.9487138726730588E-003  -6.2763664846488183E-004  -1.6865436237385899E-004  -2.8252099334337834E-003   1.2510431849784998E-003  -7.7879341256390372E-003  -7.2096061826893831E-004  -6.9296675438327087E-011   1.3318604369342689E-014  -1.2371066775137815E-013   1.0797126726386378E-014  -3.7304374859295201E-014   7.1345324778328290E-014   2.4086693029201874E-014   6.6435090405904491E-003   3.2914589121522289E-003  -3.8285539356550753E-003  -2.6675920191298654E-013  -1.8634621366646885E-013   3.3964768775170327E-013   1.9263052072140612E-013   1.0740053841861780E-013   7.4133082249955421E-014
 -0.20638310326849385       -6.5940561766437394E-002  0.20958383834252292        7.5861562121259336E-010   1.2755841672862563E-011   9.0895616579025023E-012  -1.6704647910111940E-011  -9.3661274082977116E-012  -5.3372804718635047E-012  -3.3891969333779655E-012   8.5981836200765045E-010  -2.9918513967949414E-011 -0.22458141760392189       -7.1755145274696425E-002  0.17872765181260236       -2.4678218554023264E-012   1.1118663183411228E-003   4.4180521869498458E-003  -9.3067169706125483E-003  -4.1267657304721074E-003  -4.9434895958632308E-003   2.6350405286635886E-003  -3.9205440726087061E-003   2.7248180025822620E-003   8.4190964614165912E-004   4.9058578378278622E-003  -2.2564739862752647E-003  -7.2096726087574818E-004  -6.8872778603478284E-003   1.2498843430919276E-010  -2.3994226852220285E-014   1.0706855481322090E-014  -1.3724865251290591E-013  -5.0220127835450048E-014  -4.3898592790258838E-014   7.4177065955131312E-014  -1.1982727192827870E-002  -3.8285516082092611E-003   8.0742835215277704E-003   4.8117724597415195E-013   3.3962266285818520E-013  -6.1066941548857824E-013  -3.4547089968783227E-013  -1.9512120678257388E-013  -1.3562376230849525E-013
   4.2714213256223080E-012   1.3663320194239628E-012  -2.4605150594425867E-012  -8.6254468976598904E-004  -6.4326152502753798E-006  -4.5469273735627726E-006   8.2011771612362188E-006   4.6337506991302521E-006   2.6203279721841293E-006   1.7988645947667066E-006  -2.9508563261768447E-004  -7.8790800799711678E-004   4.2826098910845492E-012   1.3662035116079636E-012  -2.4678218554023264E-012   2.0004855720231887       -4.2264618430447825E-014  -9.0075586798824035E-014   1.6416156361102061E-013   7.3267061911519731E-014   8.3688463503807242E-014  -1.7605627564858858E-014   7.0667908135087673E-014  -4.4218668380026382E-014  -5.3863465090405569E-015  -8.9418713603438907E-014   6.5398086333229235E-012   2.0867727153986040E-012  -3.7682412321493265E-012  -2.5216184751845213E-003  -1.2183101593947873E-005  -8.6116808406555747E-006   1.5532673245900621E-005   8.7761270622770448E-006   4.9627824002888084E-006   3.4069745690846772E-006   1.5673713875820310E-012   5.0249268834498564E-013  -9.0320742376516008E-013   2.3574689003511597E-006   1.6663804858727589E-006  -3.0056139308068959E-006  -1.6982077968333851E-006  -9.6031029591650226E-007  -6.5926110621929294E-007
  -5.6567639894872660E-003  -4.8115103612258363E-005   8.6785359477201725E-005   1.2441342581627078E-011   2.2254566348554949E-013   1.4798275163873326E-013  -2.6690605382202534E-013  -1.5553595420659391E-013  -8.1820590020481902E-014  -6.7014540746146674E-014   1.4091352997314735E-011  -4.3541083593977191E-013  -4.9211984803301211E-003  -6.1644541931200241E-004   1.1118663183411228E-003  -4.2264618430447825E-014   9.3194105241014677E-005   8.7312427646986867E-005  -1.5748323971734424E-004  -9.0246576077293632E-005  -5.1262618797021759E-005  -3.4786436575096551E-005  -5.5562939308575766E-005   3.9843331550024114E-005  -1.2766922052725765E-005   8.7683610509544442E-005  -2.6784511174430349E-004   7.6338504606355452E-005  -1.3769009281542152E-004   2.0562223856225727E-012   4.8113980720934077E-015  -2.3298364802164939E-016   4.1735375120304087E-016  -1.6069136578670196E-015   1.4797442552760994E-015  -3.2067419055109099E-015  -3.1837513601698525E-004  -1.0298056991650523E-005   1.8574364876120842E-005   7.5204378206081826E-015   5.5475477205779475E-015  -1.0006664182867646E-014  -5.5354980043468915E-015  -3.2833866935841257E-015  -1.9828997027835864E-015
  -8.8636561230783974E-003  -4.5894624510551428E-003   3.8364727414764667E-003   2.7267133476101999E-011   4.6687163617413585E-013   3.3577038837569499E-013  -5.9045767572715442E-013  -3.3241192411844225E-013  -1.9211060966239604E-013  -1.3445213658240262E-013   3.0883402616292770E-011  -9.5252255921647216E-013  -8.8653064673461564E-003  -3.7874604369368316E-003   4.4180521869498458E-003  -9.0075586798824035E-014   8.7312427646986867E-005   2.1085397857166873E-004  -3.1458800892752314E-004  -1.2478560878274785E-004  -1.8658580944249856E-004   7.6436946837691216E-006  -1.6021193964659908E-004   6.7037680049070755E-005   4.0928941430363545E-006   1.8451312107436779E-004  -2.6176551903824848E-004  -2.4538903929016611E-004   3.3824828772646207E-005   4.5066090063228730E-012   2.4115202815783862E-015   3.9465877655939086E-015  -1.2227669928645191E-015  -2.2470619871429685E-016  -1.7380733802848948E-015  -2.1922526453393652E-015  -5.1411273062470109E-004  -2.5559424269458583E-004   2.3019733847897108E-004   1.6999964198554567E-014   1.1871914631201610E-014  -2.1792178826320117E-014  -1.2342635509220806E-014  -6.8770475590626593E-015  -4.6555340961823496E-015
   1.5987154747490951E-002   3.8364689670847187E-003  -9.3821828707748647E-003  -4.9181060696065031E-011  -8.4208625250218637E-013  -5.9047139675132509E-013   1.0733937023277798E-012   6.0794618126777435E-013   3.4045930165598322E-013   2.3412389925098825E-013  -5.5703636236738087E-011   1.7174538784428220E-012   1.5990131176012248E-002   4.4180535255955557E-003  -9.3067169706125483E-003   1.6416156361102061E-013  -1.5748323971734424E-004  -3.1458800892752314E-004   6.0385346242590400E-004   2.8396311181711311E-004   2.9406508266947086E-004  -7.2677174223162504E-005   2.5089755547114270E-004  -1.6429183065331046E-004  -2.2026384726251219E-005  -3.2762989631362924E-004   4.7213997472369255E-004   3.3825289669660534E-005  -2.8764446985339104E-004  -8.1284839545449140E-012  -4.3511598914339214E-015  -1.2171635511740986E-015   5.4768598480485242E-015   3.6695650811556105E-015   7.7918603844024121E-016   6.8720842384084193E-016   9.2729227514305702E-004   2.3019725841822643E-004  -5.4316860098313372E-004  -3.0662565127246846E-014  -2.1790203886302048E-014   3.9095951026685406E-014   2.2051844361161822E-014   1.2554431116137587E-014   8.6051021001531547E-015
   7.7747039056244140E-003   7.3837521334291917E-005  -4.1128177057562611E-003  -2.2108823942163656E-011  -3.8202298149936015E-013  -2.6044995624511133E-013   4.8333045867867537E-013   2.7641244502448371E-013   1.4969077780385453E-013   1.0560577704805866E-013  -2.5040982053851238E-011   7.7321589927421603E-013   7.5076022249074004E-003   1.0891058985973553E-003  -4.1267657304721074E-003   7.3267061911519731E-014  -9.0246576077293632E-005  -1.2478560878274785E-004   2.8396311181711311E-004   1.5179461253827733E-004   1.1119078628419456E-004  -3.0716125231481803E-005   9.8637198644888256E-005  -8.6067704483745863E-005  -7.5500799854160656E-006  -1.4750252774364280E-004   2.6635008379190592E-004  -1.3672959778427552E-004  -1.1965842939272895E-004  -3.6540253760900331E-012  -3.3093361802734280E-015   1.3965598110469752E-015   2.7730984218388146E-015   2.8631776413250593E-015  -9.5825711058425528E-016   4.4774554846712182E-016   4.4740357528869578E-004   1.7693811155674139E-005  -2.3872717906363024E-004  -1.3698888077482189E-014  -9.9207056599176818E-015   1.7556704238674508E-014   9.8359653922696061E-015   5.7278213099043938E-015   3.8594663599157617E-015
   7.3575999328083204E-003   4.4138858057650547E-003  -5.0908834948545307E-003  -2.5442392230954113E-011  -4.3023696077410417E-013  -3.1275416662073157E-013   5.5430411509438527E-013   3.0991679853218232E-013   1.8116013086350860E-013   1.2030782168819163E-013  -2.8816661306842237E-011   8.8811594487298143E-013   7.7760012341624146E-003   3.6054808522635838E-003  -4.9434895958632308E-003   8.3688463503807242E-014  -5.1262618797021759E-005  -1.8658580944249856E-004   2.9406508266947086E-004   1.1119078628419456E-004   1.8345669763875446E-004  -4.2414766083777880E-005   1.5061805962312988E-004  -6.7339324587409278E-005  -1.5489522531904512E-005  -1.6899140243995764E-004   1.6022820141012154E-004   2.4107537508596702E-004  -1.7064354055778741E-004  -4.2050509478762957E-012  -1.4950150541538456E-016  -3.4696468996482024E-015   2.4493461989328066E-015   1.1258916353663386E-016   2.3638960465628103E-015   4.1143807446960561E-017   4.3226674733609221E-004   2.4532623825356496E-004  -2.9332362630468716E-004  -1.5996016778229653E-014  -1.1090582753740606E-014   2.0249269079182991E-014   1.1522429815889377E-014   6.3691794650533428E-015   4.4720532710956836E-015
  -1.8535861775286042E-004  -9.2843358877611011E-006   3.9963829278224696E-003   5.4168767087778249E-012   8.3444553083685359E-014   6.1908784027669974E-014  -1.2523574682343879E-013  -6.7737559971354764E-014  -3.9916085929156132E-014  -1.5695751592070657E-014   6.1352897260549623E-012  -1.8775927473049158E-013  -9.0512162526284654E-004  -2.6205758140463223E-004   2.6350405286635886E-003  -1.7605627564858858E-014  -3.4786436575096551E-005   7.6436946837691216E-006  -7.2677174223162504E-005  -3.0716125231481803E-005  -4.2414766083777880E-005   7.7387027357662708E-005  -2.4091693051094856E-005   3.2612265806448729E-005   2.4678703329428247E-005   2.9862619577007761E-005   9.3001842635350817E-005   3.4310746421597323E-005   3.0438907380730376E-004   8.9534204415163584E-013  -3.1458905900104629E-015  -1.0840210642915025E-015  -3.3329621724139665E-015  -7.0723432556505472E-016  -1.0270041519373075E-015   3.8545666484393772E-015  -2.0258507392592807E-005  -3.8775178749388420E-006   2.1380705356256600E-004   3.6078259389898802E-015   2.4769449967676131E-015  -4.1296520863410706E-015  -2.4083530863700814E-015  -1.3221515738946312E-015  -1.1987536267737223E-015
   6.6134976166953028E-003   3.5394917009728601E-003  -3.8112582239575171E-003  -2.1613775107446475E-011  -3.6763838819678896E-013  -2.6536908343839778E-013   4.6985326238692387E-013   2.6367719300477927E-013   1.5292591173388616E-013   1.0395271945194519E-013  -2.4480280861935125E-011   7.5545956331861522E-013   6.8031331656457543E-003   2.9487138726730588E-003  -3.9205440726087061E-003   7.0667908135087673E-014  -5.5562939308575766E-005  -1.6021193964659908E-004   2.5089755547114270E-004   9.8637198644888256E-005   1.5061805962312988E-004  -2.4091693051094856E-005   1.2615086899374597E-004  -5.6843207220011940E-005  -9.0372114482536496E-006  -1.4463957133918119E-004   1.6953472592822711E-004   1.8545339164965485E-004  -9.7700479985506368E-005  -3.5722269159307161E-012  -9.6261468696058088E-016  -2.8224714053171221E-015   1.6766748386430358E-015   2.5030527896534703E-016   1.6292829845240244E-015   7.1609033914060931E-016   3.8608703353568542E-004   1.9748623543013071E-004  -2.2249613385303877E-004  -1.3536456583204123E-014  -9.4303382356963595E-015   1.7229212358260037E-014   9.7792657875233949E-015   5.4353293128797557E-015   3.7557472439567086E-015
  -4.1128233969946306E-003  -4.2552601378864196E-005   3.0080818266641721E-003   1.2741002443153064E-011   2.1798348012137280E-013   1.4969305262757949E-013  -2.7999008363148004E-013  -1.5929204161656490E-013  -8.6960058613866860E-014  -5.8686542707623420E-014   1.4430756596033319E-011  -4.4420203287347829E-013  -4.1267696228961268E-003  -6.2763664846488183E-004   2.7248180025822620E-003  -4.4218668380026382E-014   3.9843331550024114E-005   6.7037680049070755E-005  -1.6429183065331046E-004  -8.6067704483745863E-005  -6.7339324587409278E-005   3.2612265806448729E-005  -5.6843207220011940E-005   5.2045112216573335E-005   9.2254851928124042E-006   8.3663764224939084E-005  -1.1965826530204705E-004   7.8795214598239170E-005   1.2767012538028515E-004   2.1058220532673731E-012   1.0611231457723631E-015  -9.6096959806200974E-016  -2.1639255128095325E-015  -1.6497945359039199E-015   2.8149655103063560E-016   5.8814640571917901E-016  -2.3872743944300598E-004  -1.0196742365343449E-005   1.7072659026344980E-004   7.9472373672523555E-015   5.7261889043519558E-015  -1.0079740691026236E-014  -5.6673643288681793E-015  -3.2830266467087025E-015  -2.2779095007927717E-015
  -9.2820209146688652E-006  -1.5926397846952094E-004   1.2768667396761229E-003   1.7307212398011529E-012   2.6365965555430207E-014   2.0258852021567503E-014  -3.9915280266331811E-014  -2.1347392832827135E-014  -1.3060601257907981E-014  -5.0147767973276339E-015   1.9602615654984304E-012  -6.0444119201173430E-014  -2.6205446369087276E-004  -1.6865436237385899E-004   8.4190964614165912E-004  -5.3863465090405569E-015  -1.2766922052725765E-005   4.0928941430363545E-006  -2.2026384726251219E-005  -7.5500799854160656E-006  -1.5489522531904512E-005   2.4678703329428247E-005  -9.0372114482536496E-006   9.2254851928124042E-006   8.0317973321842635E-006   9.5412271765262265E-006   3.4310816004205465E-005  -3.4227949390043199E-006   9.7254120037721490E-005   2.8604838555048081E-013  -1.1200611094269847E-015  -1.5986194153905845E-016  -1.0266978168809930E-015  -1.1109631760026821E-016  -4.4782936676794155E-016   1.2315233380670190E-015  -3.8773807065071979E-006  -9.3613455310219760E-006   6.8312549537530206E-005   1.1604851044955165E-015   7.7977850717375128E-016  -1.3224537160535470E-015  -7.7718479064709616E-016  -4.1496224855508803E-016  -3.8315817912946224E-016
  -8.8506040289982671E-003  -2.8278182982148627E-003   4.7509744100009098E-003   2.7160850594014472E-011   4.6517921693873487E-013   3.2853711634342856E-013  -5.9136874803752613E-013  -3.3440739415495267E-013  -1.8894737363508857E-013  -1.3076341801079643E-013   3.0763033652380500E-011  -9.5000506218249460E-013  -8.8424276247818165E-003  -2.8252099334337834E-003   4.9058578378278622E-003  -8.9418713603438907E-014   8.7683610509544442E-005   1.8451312107436779E-004  -3.2762989631362924E-004  -1.4750252774364280E-004  -1.6899140243995764E-004   2.9862619577007761E-005  -1.4463957133918119E-004   8.3663764224939084E-005   9.5412271765262265E-006   1.8184161851874905E-004  -2.6272435436238963E-004  -8.3942367735098818E-005   1.1923783633326616E-004   4.4889942527153357E-012   2.4523176550291914E-015   1.6235334044853702E-015  -2.4694034953104385E-015  -1.5054978205098238E-015  -7.9061425229914267E-016  -9.5061267475022947E-016  -5.1322592651195480E-004  -1.6397870299277264E-004   2.7760188455465705E-004   1.6931975445290910E-014   1.1974095322274611E-014  -2.1628642657960706E-014  -1.2212968957896294E-014  -6.9108919190183102E-015  -4.7162821155827164E-015
  -2.0790808257547719E-004   1.9834577907533401E-003  -3.5775133878439679E-003  -3.4997236693251233E-011  -1.4089768252802408E-014  -7.7191825445668625E-014   1.3865646857526165E-013   4.1534537200882418E-014   6.9658826952018646E-014  -3.0783316970968693E-014   4.3615484078688875E-011   5.1039264360773468E-011  -4.2721043947556046E-003   1.2510431849784998E-003  -2.2564739862752647E-003   6.5398086333229235E-012  -2.6784511174430349E-004  -2.6176551903824848E-004   4.7213997472369255E-004   2.6635008379190592E-004   1.6022820141012154E-004   9.3001842635350817E-005   1.6953472592822711E-004  -1.1965826530204705E-004   3.4310816004205465E-005  -2.6272435436238963E-004   1.5624773699332055        3.2100404044650937E-003  -5.7898728587855398E-003  -4.2273305588845865E-011  -2.9320615063909579E-013  -8.6555602419234444E-014   1.5793782178227064E-013   1.4943427356667378E-013   5.4035441628955781E-015   1.4172241089354823E-013  0.32628177113990026       -1.9638717869235084E-003   3.5421888492410953E-003   6.2126993133545900E-013   1.7041446749408304E-013  -3.0750616466464425E-013  -3.0995206784181182E-013   1.4160236477874921E-015  -3.1099534227601895E-013
   1.9834758732731948E-003  -5.7820654874780079E-003  -1.1430472702026943E-003  -1.1179201571643370E-011  -7.8635663771885753E-014   9.6635404374189594E-014   6.9441611584357802E-014   8.9966024324548727E-014  -5.6473517477968723E-014  -1.0092811232771713E-014   1.3926771650022907E-011   1.6301644590382197E-011   1.2510597820068635E-003  -7.7879341256390372E-003  -7.2096726087574818E-004   2.0867727153986040E-012   7.6338504606355452E-005  -2.4538903929016611E-004   3.3825289669660534E-005  -1.3672959778427552E-004   2.4107537508596702E-004   3.4310746421597323E-005   1.8545339164965485E-004   7.8795214598239170E-005  -3.4227949390043199E-006  -8.3942367735098818E-005   3.2100404044650937E-003   1.5534560982735215       -1.8498980869560506E-003  -1.3501910347227368E-011   4.1640691875935664E-014  -2.4512558797950708E-013   4.9471260052915215E-015  -8.5548034161676777E-014   1.4159830750765416E-013   4.5151421949516769E-014  -1.9638713777272295E-003  0.33180089964519349        1.1317494945390753E-003  -1.0063920486948116E-013   5.3958088571934905E-013   1.2534123853020712E-015   2.0025779068379087E-013  -3.1057577547988775E-013  -9.9641959854128770E-014
  -3.5775234568323168E-003  -1.1430400664990468E-003  -4.3541248061800897E-003   2.0174629216268071E-011   1.4352125231675924E-013   6.8857256943039590E-014   9.3644508148354578E-015  -2.7731323690332747E-014   2.4494685491059680E-015  -1.1957547508541192E-013  -2.5135593615866638E-011  -2.9416842631356265E-011  -2.2564831316641228E-003  -7.2096061826893831E-004  -6.8872778603478284E-003  -3.7682412321493265E-012  -1.3769009281542152E-004   3.3824828772646207E-005  -2.8764446985339104E-004  -1.1965842939272895E-004  -1.7064354055778741E-004   3.0438907380730376E-004  -9.7700479985506368E-005   1.2767012538028515E-004   9.7254120037721490E-005   1.1923783633326616E-004  -5.7898728587855398E-003  -1.8498980869560506E-003   1.5557670882920833        2.4360543150656696E-011  -7.2208450700257276E-014   5.6248486884839720E-015  -2.4991868796568048E-013  -8.7287875575903231E-014  -7.9779641193987911E-014   1.5815416055731521E-013   3.5421886813289199E-003   1.1317496764509088E-003  0.33038705795496759        1.8130584248134547E-013   1.3613790255827428E-015   5.3829274554355697E-013   1.7864825694209671E-013   1.7135934792272516E-013  -3.6018513439322506E-013
  -2.1566202577809668E-010  -6.8905546980960234E-011   1.2428309619446888E-010   1.4094701663982152E-002   2.3928659429387798E-004   1.6914090565907705E-004  -3.0507517898427231E-004  -1.7237069584445254E-004  -9.7473430750586045E-005  -6.6915898434968151E-005   1.5039068968243941E-002   7.6626282034012921E-002  -2.1688661020430835E-010  -6.9296675438327087E-011   1.2498843430919276E-010  -2.5216184751845213E-003   2.0562223856225727E-012   4.5066090063228730E-012  -8.1284839545449140E-012  -3.6540253760900331E-012  -4.2050509478762957E-012   8.9534204415163584E-013  -3.5722269159307161E-012   2.1058220532673731E-012   2.8604838555048081E-013   4.4889942527153357E-012  -4.2273305588845865E-011  -1.3501910347227368E-011   2.4360543150656696E-011   5.6396117617772239E-003  -1.0224946474684845E-005  -7.2274550210527007E-006   1.3036088475068560E-005   7.3655627539168693E-006   4.1650762020488332E-006   2.8593837304202450E-006  -1.9984639500775667E-011  -6.3842494840103997E-012   1.1516722385472056E-011  -6.5351789237351585E-005  -4.6194205316535365E-005   8.3319346696978221E-005   4.7076323845307221E-005   2.6621037933046395E-005   1.8275465392347090E-005
  -2.1454134865880725E-013   5.2110516413636351E-014  -9.3922754796166049E-014  -2.2353651300321503E-005  -3.8276201819525812E-007  -2.7055721063818400E-007   4.8799720973982723E-007   2.7572357554093968E-007   1.5591816314272247E-007   1.0703844262660765E-007  -2.3624981003499154E-005  -1.5395285331049467E-004  -1.6233096784326258E-013   1.3318604369342689E-014  -2.3994226852220285E-014  -1.2183101593947873E-005   4.8113980720934077E-015   2.4115202815783862E-015  -4.3511598914339214E-015  -3.3093361802734280E-015  -1.4950150541538456E-016  -3.1458905900104629E-015  -9.6261468696058088E-016   1.0611231457723631E-015  -1.1200611094269847E-015   2.4523176550291914E-015  -2.9320615063909579E-013   4.1640691875935664E-014  -7.2208450700257276E-014  -1.0224946474684845E-005   1.8932470649060984E-008   1.3382350206079767E-008  -2.4137584271881966E-008  -1.3638047647761195E-008  -7.7120533520564499E-009  -5.2944230219440926E-009  -7.0303495379887678E-014   1.0423595423338803E-014  -1.8177739918157358E-014   1.3502166621823733E-007   9.5440673154082591E-008  -1.7214398114747518E-007  -9.7263193027050766E-008  -5.5001049860063831E-008  -3.7758473191897625E-008
  -4.3350039006260437E-014  -2.0958130188883224E-013  -1.5164983634173689E-014  -1.5800291504126248E-005  -2.7054902573466196E-007  -1.9123890632785812E-007   3.4493278690169574E-007   1.9489066623275851E-007   1.1020818453034858E-007   7.5658359482316118E-008  -1.6698886007458049E-005  -1.0882212574912868E-004  -5.6218574545258818E-014  -1.2371066775137815E-013   1.0706855481322090E-014  -8.6116808406555747E-006  -2.3298364802164939E-016   3.9465877655939086E-015  -1.2171635511740986E-015   1.3965598110469752E-015  -3.4696468996482024E-015  -1.0840210642915025E-015  -2.8224714053171221E-015  -9.6096959806200974E-016  -1.5986194153905845E-016   1.6235334044853702E-015  -8.6555602419234444E-014  -2.4512558797950708E-013   5.6248486884839720E-015  -7.2274550210527007E-006   1.3382350206079767E-008   9.4592671180359466E-009  -1.7061566441307337E-008  -9.6400059523977915E-009  -5.4512377544990337E-009  -3.7423442682745475E-009  -2.0341287130448924E-014  -5.9407774923040395E-014   9.4507172018482979E-016   9.5440841091091610E-008   6.7462788567808310E-008  -1.2168096283860424E-007  -6.8751047218627757E-008  -3.8877808329453608E-008  -2.6689793872966472E-008
   7.8436304294606619E-014  -1.5072374257755367E-014  -1.9079654135932232E-013   2.8499162080310225E-005   4.8799191816030759E-007   3.4493948175387985E-007  -6.2215863413138119E-007  -3.5152619673354688E-007  -1.9878357802250587E-007  -1.3646572139143149E-007   3.0119994212961898E-005   1.9627986114910569E-004   1.0164771463088189E-013   1.0797126726386378E-014  -1.3724865251290591E-013   1.5532673245900621E-005   4.1735375120304087E-016  -1.2227669928645191E-015   5.4768598480485242E-015   2.7730984218388146E-015   2.4493461989328066E-015  -3.3329621724139665E-015   1.6766748386430358E-015  -2.1639255128095325E-015  -1.0266978168809930E-015  -2.4694034953104385E-015   1.5793782178227064E-013   4.9471260052915215E-015  -2.4991868796568048E-013   1.3036088475068560E-005  -2.4137584271881966E-008  -1.7061566441307337E-008   3.0773742386582077E-008   1.7387562907365254E-008   9.8323320373325486E-009   6.7500213908368979E-009   3.7090336401210345E-014   8.0397204229538768E-016  -6.0116895965553263E-014  -1.7214401077324713E-007  -1.2168076967073288E-007   2.1947259410440182E-007   1.2400436624169059E-007   7.0122829800950041E-008   4.8139644532463114E-008
   9.9318743624094638E-014  -8.8878560827370699E-014  -5.7182757601717847E-014   1.6102494142270799E-005   2.7572333811962257E-007   1.9489639442603944E-007  -3.5152970583900494E-007  -1.9861799507923948E-007  -1.1231594142461935E-007  -7.7105343020421595E-008   1.7018298207243016E-005   1.1090031351110438E-004   8.7200210997806011E-014  -3.7304374859295201E-014  -5.0220127835450048E-014   8.7761270622770448E-006  -1.6069136578670196E-015  -2.2470619871429685E-016   3.6695650811556105E-015   2.8631776413250593E-015   1.1258916353663386E-016  -7.0723432556505472E-016   2.5030527896534703E-016  -1.6497945359039199E-015  -1.1109631760026821E-016  -1.5054978205098238E-015   1.4943427356667378E-013  -8.5548034161676777E-014  -8.7287875575903231E-014   7.3655627539168693E-006  -1.3638047647761195E-008  -9.6400059523977915E-009   1.7387562907365254E-008   9.8241981773180685E-009   5.5553949100289364E-009   3.8138494853143002E-009   3.5625736452279705E-014  -2.1067173647759213E-014  -2.0779710500851956E-014  -9.7263194919327558E-008  -6.8750927582349251E-008   1.2400434731322465E-007   7.0063784330551162E-008   3.9620143812038055E-008   2.7199410589288613E-008
