  0.21133279036564734        4.1330171482518458E-008   1.5765852552176467E-008   2.3691718943247745E-008  -1.4828506923264220E-007   8.5592967642641399E-008   1.2581645692823064E-007   7.1689734319446528E-008  -9.6783332190610604E-008   7.6595330839894456E-008  0.37996551542633028        2.8582151213811633E-008   6.6839041344215129E-009   3.1983948886235760E-003  -3.2046205685292612E-009  -2.7780296979560744E-009   1.4312309816015698E-008  -1.4272910794432230E-008   1.7129577057197190E-009   7.1629250672688781E-010  -3.5209368290902446E-010   8.2309615685744215E-010  -5.6373667071687224E-009  -3.1213349509511423E-009   4.4705847636117284E-009  -2.2463151640671012E-009  -6.7142114638520825E-009   1.9367392521667585E-009  -2.7364567906543278E-009  -7.9078429531395843E-008   4.4496986499267795E-008   7.0761050275698269E-008   3.8157932932870698E-008  -5.1000181663978918E-008   4.0920495464613368E-008  0.18408677836262582        1.5497585983447313E-008   5.0480187320311441E-009   1.3029936203756255E-008  -1.7933227622408897E-008   1.3587271919521762E-008   1.5872086553678474E-008   8.2259334486209210E-009  -1.3462721768107550E-008   9.7072940199266816E-009
   4.1330171482518458E-008  0.21133280489376194        1.0051040571632511E-007   7.8352458058449832E-009   1.2828982287200727E-007   8.4774801819700474E-008  -1.0033019933089054E-007  -1.1251395794983476E-007   8.3323034201373046E-008  -1.5775863946414477E-008   1.7542607857327274E-008  0.37996552414845275        4.8094391256090984E-008  -3.7705303866047235E-009   3.1983945624396107E-003  -8.6079420860567803E-009  -1.0452456077505195E-008  -1.0364635019654761E-008   5.6156081784140623E-009   1.4345308378421886E-009   6.0250277884042308E-010  -6.0387651339796826E-010  -5.6804916679890093E-009  -6.9302529691972344E-009   2.5524892580771192E-009  -1.6068033592935463E-009  -4.8590271502468119E-009   7.4856080227712772E-010  -2.1068800613922045E-009   6.8522717095036385E-008   4.2033069993323593E-008  -5.4805970680570411E-008  -5.9186360523582988E-008   4.6446939201061087E-008  -9.3363564220886600E-009   1.0416088699967970E-008  0.18408678211815810        2.7937235600212701E-008   6.7667613235915239E-009   1.8301078102780137E-008   1.5642927206787060E-008  -1.4499505502580944E-008  -1.4927540961125376E-008   8.8821933873610080E-009  -3.3735374037024951E-009
   1.5765852552176467E-008   1.0051040571632511E-007  0.21133278964768124       -4.8779520961509341E-008  -4.0436709655877050E-008  -5.2793128202140200E-008   4.0882380229793954E-008   4.9128776518575326E-008   5.3804282354201518E-008  -8.6920694983874627E-009   9.4709191690505609E-009   6.4493932820652278E-008  0.37996551476473844       -2.8063798426653861E-009  -7.3031772682080084E-009   3.1983936560903382E-003  -7.2028114982169938E-008  -9.4632766419462782E-010   6.1317359506974780E-009  -1.1220845856766279E-009   4.8381801845236981E-011  -1.4740740768951044E-009  -1.0147178426928563E-008  -6.7525128742215907E-009   6.8844197594985882E-009  -1.7577595782474548E-009  -8.1143320567932587E-009   1.2741139239226869E-009  -1.3042223632465040E-009  -2.4887848800391752E-008  -2.7203985112516920E-008   1.9973266108374863E-008   2.4157985033389624E-008   2.7892011788771188E-008   7.2986284367169616E-010   6.6632249887073373E-009   3.4562192211826804E-008  0.18408677842834470       -5.6033633258726394E-010  -5.1135298421969912E-009  -6.3939522676958564E-009   9.7664616600276214E-009   9.5786347764238358E-009   1.0303020189077836E-008  -4.4651053501755859E-009
   2.3691718943247745E-008   7.8352458058449832E-009  -4.8779520961509341E-008  0.31365040669814770       -1.1551781776842084E-008   2.3963625590200552E-008   3.6988319125555468E-008  -1.1740171401453215E-008   4.5236705097039428E-008   2.3291974395077798E-008  -4.9381059340182526E-010   9.7471721554215723E-009   1.0922103515619144E-008  -4.6570565619671716E-009  -3.1534970437442992E-009  -2.0582577962172501E-009  0.51386102077863716        4.3441783126250714E-003  -8.5110563631141709E-009   1.2615680726661189E-008   4.8657561420865851E-009   9.7798745585548238E-009  -1.9009088915389449E-008   1.6389061109274456E-009  -6.6654165440061782E-009   4.0643887343500636E-009  -3.6730856526244704E-009  -6.6561373108298060E-009  -4.6028380852916865E-005  -8.3968926659345711E-009   1.5036961166312343E-008   2.6845006572462286E-008  -9.5199778868120029E-009   2.6951943901417393E-008   1.7916862911329673E-008   5.0654305920426492E-009   1.0965855568686887E-008   2.1421029813758326E-008   5.6234310233739093E-002  -2.8583276283943312E-009   5.6955684924401730E-009   9.5170920673517963E-009  -3.2235609897928413E-009   1.0493203558461559E-008   6.0818840615051953E-009
  -1.4828506923264220E-007   1.2828982287200727E-007  -4.0436709655877050E-008  -1.1551781776842084E-008   1.9009472891394969E-013   6.2364467269575441E-016  -1.5837280889039479E-013  -1.2757419130567476E-013   1.0652904657371955E-013  -6.2520534464247483E-014  -2.6661789570315405E-007   2.3066172291941909E-007  -7.2708775733986921E-008   6.9107743826133462E-010   9.0200503260021212E-010   1.2234491526334483E-009  -1.8925487197796330E-008  -1.7804063617492693E-010   1.3479585175794091E-015   1.1825785520785838E-016   4.2408943442479394E-016  -1.0220980895144762E-015   3.1478053154442831E-015  -7.8633283643590275E-016  -2.6582818352347985E-015   7.8743671212361201E-016   3.4482178652613305E-015  -9.0302208159970682E-016  -3.6946783831263049E-013   1.0214333009593911E-013  -1.0570147651482336E-015  -8.7740521024645909E-014  -6.6969505923244684E-014   5.7646048370446043E-014  -3.5173822838349763E-014  -1.2900078357223363E-007   1.1169107961315137E-007  -3.5119218172742597E-008  -2.0728136378708144E-009   2.4755243319880931E-014   9.7866883126780538E-016  -2.2135822825304400E-014  -1.6562896269339716E-014   1.2472475482780082E-014  -8.1923468537131601E-015
   8.5592967642641399E-008   8.4774801819700474E-008  -5.2793128202140200E-008   2.3963625590200552E-008   6.2364467269575441E-016   8.3696957874312084E-014   3.3200942114321674E-015  -2.9267875905814490E-014  -1.5760669067284597E-014   2.8644232268577856E-014   1.5388717066345170E-007   1.5241487439411871E-007  -9.4914598628387827E-008   2.8002880719119092E-009   3.2159456659366227E-009  -2.3760715616739236E-009   3.9259769398513952E-008   4.2841577572450956E-010   7.6428246931480391E-016   2.1097470614492098E-015   4.5852248572814134E-016   1.2067353898169265E-015  -3.4795920599532101E-015  -2.2321543973231703E-015   6.0568033189123008E-016  -8.0457572809593741E-016  -2.9223420095375833E-015   2.5792773109553807E-016  -1.4585619320213022E-012   1.0277145984752812E-015   4.2815357215008960E-014   3.7447869471468183E-015  -1.5047259992423149E-014  -6.9237112426862950E-015   1.4019544641680808E-014   7.4643374713641691E-008   7.3955010267082868E-008  -4.6076375683015835E-008   4.3054910403807619E-009   1.1407706253707057E-015   1.3789189016191676E-014  -1.0672163202016657E-015  -5.2756037279989984E-015  -3.6306103201438906E-015   4.1348326894508925E-015
   1.2581645692823064E-007  -1.0033019933089054E-007   4.0882380229793954E-008   3.6988319125555468E-008  -1.5837280889039479E-013   3.3200942114321674E-015   1.3481104452058958E-013   1.0421624845905034E-013  -8.1433106868924250E-014   5.4156559542637999E-014   2.2621794526759974E-007  -1.8038634350945441E-007   7.3499518873256096E-008  -1.9944940887755269E-010  -2.2588368660072529E-009   2.2527932852692073E-009   6.0597950728345739E-008   7.3284004105541225E-010  -1.4636296445808967E-015   1.0162767725184767E-015   8.7877572069609832E-017   1.6448556445279427E-015  -4.8642782357490855E-015   3.1877125251004986E-016   1.9953301527023898E-015  -4.3529778802386418E-016  -3.6933057488506983E-015   2.5895542956048783E-016  -1.1012048165513333E-013  -8.5405075222363363E-014   3.0542378252357291E-015   7.5167442152778657E-014   5.4360060020436284E-014  -4.3847844413878727E-014   3.1045013380372578E-014   1.0947615609228207E-007  -8.7437225362592583E-008   3.5704461382011341E-008   6.6523201433178242E-009  -2.0696099725439412E-014   1.1158369905553175E-016   1.9306019434038205E-014   1.3437880318228751E-014  -9.0191055166343793E-015   7.2582188197665943E-015
   7.1689734319446528E-008  -1.1251395794983476E-007   4.9128776518575326E-008  -1.1740171401453215E-008  -1.2757419130567476E-013  -2.9267875905814490E-014   1.0421624845905034E-013   9.6083978926869201E-014  -6.6379054090675746E-014   3.1490209082264000E-014   1.2889722980157719E-007  -2.0229918975724245E-007   8.8330797590287166E-008   1.8397102635584749E-010  -1.1251032704485486E-010   8.3632241928818605E-010  -1.9234034422398433E-008  -2.0305936814148983E-010  -6.6445970833036959E-016  -1.2538031689250216E-015  -6.1100812396820010E-016  -1.0805633739071804E-016  -5.3573237265136604E-016   9.9950085148010640E-016   2.0076909598056751E-015  -4.6730360527761816E-016  -1.4398111889133970E-015   8.0373075110926101E-016   1.1516447350829704E-013  -6.8774988656123816E-014  -1.4176758035490725E-014   5.6822530660603939E-014   5.0421758759839937E-014  -3.6552480043082156E-014   1.8353229508433947E-014   6.2396002607198406E-008  -9.7917832539561751E-008   4.2800160552470990E-008  -2.1086854551639023E-009  -1.6910622544353315E-014  -5.4272639629842662E-015   1.5010946100978213E-014   1.3085756748818583E-014  -7.2748591587994841E-015   3.8248659584772501E-015
  -9.6783332190610604E-008   8.3323034201373046E-008   5.3804282354201518E-008   4.5236705097039428E-008   1.0652904657371955E-013  -1.5760669067284597E-014  -8.1433106868924250E-014  -6.6379054090675746E-014   9.7399917202464473E-014  -4.0149987845221818E-014  -1.7400910777795428E-007   1.4981511350206441E-007   9.6738728357540187E-008  -2.2518950538762003E-009  -2.4909675090868003E-010   3.4799183534497300E-010   7.4112241265125213E-008   6.6250472451016483E-010   1.7627429342567536E-015   1.7714004473020210E-015   1.1129745716680046E-015   4.2010479807081160E-016  -4.9822149983172091E-015  -2.7850430412717012E-015  -2.5017042411542212E-016   5.3383929400393604E-016  -1.4357502295140550E-015  -1.2274578854879186E-015  -4.7443803273077295E-012   5.5688073173079264E-014  -8.5532071597118533E-015  -4.5057425686973570E-014  -3.6030969603511593E-014   5.2656291890148751E-014  -1.9657104328877988E-014  -8.4350287605063222E-008   7.2494871186410085E-008   4.6841091284188251E-008   8.1138516404802039E-009   1.3724194891333047E-014  -8.4930415084843524E-016  -9.1378779431834084E-015  -7.6779633041645395E-015   1.3782422429513812E-014  -6.0462323848126779E-015
   7.6595330839894456E-008  -1.5775863946414477E-008  -8.6920694983874627E-009   2.3291974395077798E-008  -6.2520534464247483E-014   2.8644232268577856E-014   5.4156559542637999E-014   3.1490209082264000E-014  -4.0149987845221818E-014   3.1030325534501844E-014   1.3772065860641338E-007  -2.8362531440792485E-008  -1.5622026569610454E-008  -8.7505788109514096E-010  -7.8948383686684962E-010  -2.0597800096709343E-009   3.8159556106243597E-008   3.8116722885285161E-010  -6.8349950592012051E-016   1.1355462107563669E-015   1.8691904267194233E-016   1.1301551178765761E-015  -2.6120740559673544E-015  -2.1316777133204694E-016   6.5059023186919294E-016  -3.2013275919446221E-016  -2.0084067099611060E-015   9.9290808159769066E-017   2.5087309835843735E-013  -3.3368339784966794E-014   1.5233773382917729E-014   3.0917990230416512E-014   1.6547745221385989E-014  -2.1093565769289001E-014   1.6820593617085864E-014   6.6604776885621996E-008  -1.3773245607237120E-008  -7.6809451525211780E-009   4.1815091763321067E-009  -7.8446203477303959E-015   4.4485952295801475E-015   7.1248766349531091E-015   3.4771391069891310E-015  -5.1976154954782614E-015   4.3674808809693960E-015
  0.37996551542633028        1.7542607857327274E-008   9.4709191690505609E-009  -4.9381059340182526E-010  -2.6661789570315405E-007   1.5388717066345170E-007   2.2621794526759974E-007   1.2889722980157719E-007  -1.7400910777795428E-007   1.3772065860641338E-007  0.68317597815871989       -5.0691604010158289E-008  -2.1948775781809886E-008  -1.5797367355343543E-007  -3.7759549584483644E-009  -4.8398485618446436E-010  -4.4943592400376206E-008  -1.4850585259042218E-008   3.0792566048294511E-009   1.2879798975401846E-009  -6.3239434886944580E-010   1.4795323949999913E-009  -1.0134544823719564E-008  -5.6109053130378663E-009   8.0368037722848021E-009  -4.0389473146962404E-009  -1.2070483809810943E-008   3.4818118659195319E-009  -4.1656485269652024E-009  -1.4215439273416685E-007   8.0016925391623950E-008   1.2722465018714910E-007   6.8592209896318790E-008  -9.1700063660867345E-008   7.3562180814036843E-008  0.33065200168110032       -2.1422313159435598E-008  -7.0881601055222413E-009   1.6830122570597013E-008  -3.2225543830939126E-008   2.4445649799799971E-008   2.8466085852106535E-008   1.4782357768047407E-008  -2.4220627278533006E-008   1.7443185786935694E-008
   2.8582151213811633E-008  0.37996552414845275        6.4493932820652278E-008   9.7471721554215723E-009   2.3066172291941909E-007   1.5241487439411871E-007  -1.8038634350945441E-007  -2.0229918975724245E-007   1.4981511350206441E-007  -2.8362531440792485E-008  -5.0691604010158289E-008  0.68317596256004565       -1.2251127448259296E-007  -4.7755609220257525E-009  -1.5903410050167582E-007  -1.2859215565010021E-008  -2.5938740809649530E-008  -1.4410036431133400E-008   1.0095746828672451E-008   2.5791224723156976E-009   1.0833092067210340E-009  -1.0858909467546418E-009  -1.0211600268460471E-008  -1.2458975677685454E-008   4.5881489415788752E-009  -2.8891030019951882E-009  -8.7347208205817017E-009   1.3459580584656046E-009  -2.8314300865272007E-009   1.2320143360490141E-007   7.5602193645549739E-008  -9.8544329132805265E-008  -1.0640184952252073E-007   8.3501181847444906E-008  -1.6799583823756734E-008  -2.0951217281706065E-008  0.33065199326533373       -5.0761243634695798E-008   1.1823898905511248E-008   3.2918340628991890E-008   2.8166155903457814E-008  -2.6085765138870159E-008  -2.6848046337178241E-008   1.5893908465547787E-008  -6.0702947664978489E-009
   6.6839041344215129E-009   4.8094391256090984E-008  0.37996551476473844        1.0922103515619144E-008  -7.2708775733986921E-008  -9.4914598628387827E-008   7.3499518873256096E-008   8.8330797590287166E-008   9.6738728357540187E-008  -1.5622026569610454E-008  -2.1948775781809886E-008  -1.2251127448259296E-007  0.68317597807319475       -5.2802097065025162E-010  -1.0494181818868524E-008  -1.5565902603682351E-007   3.2148694981076607E-008  -1.4096998494212591E-008   1.1022750704436729E-008  -2.0175963947436397E-009   8.6736484923604283E-011  -2.6503791222234229E-009  -1.8241607778006819E-008  -1.2138192648013415E-008   1.2376226665742744E-008  -3.1602983252476416E-009  -1.4586851039955718E-008   2.2909319593132657E-009   5.6315017640411595E-010  -4.4749856300986726E-008  -4.8908452829229640E-008   3.5937326546870567E-008   4.3446278296431813E-008   5.0167170326738734E-008   1.3035763464227274E-009  -6.6088697867393994E-009  -5.3119568372547957E-008  0.33065200260903982        1.5386857243291157E-008  -9.1472663088860254E-009  -1.1507381065323254E-008   1.7594428843551350E-008   1.7276189948682515E-008   1.8530943921198951E-008  -8.1289243915468943E-009
   3.1983948886235760E-003  -3.7705303866047235E-009  -2.8063798426653861E-009  -4.6570565619671716E-009   6.9107743826133462E-010   2.8002880719119092E-009  -1.9944940887755269E-010   1.8397102635584749E-010  -2.2518950538762003E-009  -8.7505788109514096E-010  -1.5797367355343543E-007  -4.7755609220257525E-009  -5.2802097065025162E-010   1.8925943992432188        1.5312268604739501E-009   4.2748904752016903E-009   3.0430635540159887E-009   2.5053924964696702E-008   2.0777813741730343E-010  -3.0207630503689100E-011  -2.2018437885088062E-010   1.2804424848972321E-010  -4.6255504836486119E-010  -4.0679865946184473E-010   4.2239345089714897E-010   2.7847911607095299E-011  -5.3649242015063321E-010   1.4335964349951105E-010   3.8640439393996389E-009  -9.2866104778061939E-009  -3.8145981731198014E-009   1.1029414039075575E-009   5.1226712657039785E-009   6.5468114795479285E-010   4.1639342904353228E-009  0.11026347262146224       -3.6711850000722200E-009  -4.0235500371735884E-009  -1.7580848384760618E-008  -6.0252050107485447E-009  -5.2035423978821864E-009   2.3643411075484162E-008   2.5769782255478262E-009   4.8444297172891178E-009   3.4482265597017337E-009
  -3.2046205685292612E-009   3.1983945624396107E-003  -7.3031772682080084E-009  -3.1534970437442992E-009   9.0200503260021212E-010   3.2159456659366227E-009  -2.2588368660072529E-009  -1.1251032704485486E-010  -2.4909675090868003E-010  -7.8948383686684962E-010  -3.7759549584483644E-009  -1.5903410050167582E-007  -1.0494181818868524E-008   1.5312268604739501E-009   1.8925943989462288        9.4460051015384672E-010   2.2398585954577624E-010   1.3493691267794102E-008   3.5632991172787671E-010   5.1511335785894619E-011  -4.1066919392103264E-012   4.1049516182701445E-011  -6.2069101317474773E-010  -5.1911857169111090E-010   3.9765186494950792E-010   2.6535218011134370E-011  -5.8507364009744220E-010  -1.6719599581938136E-011   2.5517494586809609E-009   6.8218342342863732E-010  -8.8709994395019476E-009   1.1396287758582945E-009  -4.9130158129291944E-009   3.3434709967768946E-009   4.2308356587317158E-009  -3.1127380058145225E-009  0.11026347235768995       -5.7721959762123593E-009  -1.0359704084925670E-008  -4.3092940164260808E-009  -1.3248397519345466E-008   5.1745843105705475E-009   2.7648179858728877E-009   2.5085292628440752E-008   1.5444771903103010E-009
  -2.7780296979560744E-009  -8.6079420860567803E-009   3.1983936560903382E-003  -2.0582577962172501E-009   1.2234491526334483E-009  -2.3760715616739236E-009   2.2527932852692073E-009   8.3632241928818605E-010   3.4799183534497300E-010  -2.0597800096709343E-009  -4.8398485618446436E-010  -1.2859215565010021E-008  -1.5565902603682351E-007   4.2748904752016903E-009   9.4460051015384672E-010   1.8925944032767941       -8.2062221243073463E-009  -5.5461643159574720E-009   6.8176042875717290E-010   3.2006176662539834E-011   8.3894414376093507E-011   1.6864623690343981E-012  -9.7642473854642616E-010  -9.1636015643087491E-010   6.3165500946945801E-010  -4.6582902079944864E-011  -8.7945687275897180E-010  -2.7857293770005364E-011   1.8933966086956368E-009   5.2615008498375774E-010  -1.3802911736340950E-009  -8.3803343344960457E-009  -3.3960526883404675E-009  -5.7581220488686413E-009   2.8699019407243481E-009  -4.0201298368285796E-009  -6.9381131047967595E-009  0.11026347019972314       -1.8291373403342185E-009  -1.5416200883658878E-008   3.6462103268816560E-009  -1.1311784222161383E-008  -1.7721271762400298E-008  -2.0302471034590803E-009   3.3137473921553294E-008
   1.4312309816015698E-008  -1.0452456077505195E-008  -7.2028114982169938E-008  0.51386102077863716       -1.8925487197796330E-008   3.9259769398513952E-008   6.0597950728345739E-008  -1.9234034422398433E-008   7.4112241265125213E-008   3.8159556106243597E-008  -4.4943592400376206E-008  -2.5938740809649530E-008   3.2148694981076607E-008   3.0430635540159887E-009   2.2398585954577624E-010  -8.2062221243073463E-009  0.84190000774174079        9.7572046053412048E-007  -1.3940108677366582E-008   2.0664678120906935E-008   7.9701561384237733E-009   1.6019411165329947E-008  -3.1138933132939909E-008   2.6832077210888746E-009  -1.0916885914134145E-008   6.6572107045007813E-009  -6.0181380931625597E-009  -1.0902596044549247E-008   2.4802277021930812E-007  -1.3760865168751297E-008   2.4644180703338533E-008   4.3994979600066192E-008  -1.5601144602447543E-008   4.4171984721936698E-008   2.9361997231043299E-008  -1.2371901187058026E-008  -1.9698839509634725E-009   4.1674809240098678E-008   9.1462435372932999E-002  -4.6889293506806221E-009   9.3429086957606699E-009   1.5613832709807164E-008  -5.2883766056848005E-009   1.7210528957075712E-008   9.9772985975828689E-009
  -1.4272910794432230E-008  -1.0364635019654761E-008  -9.4632766419462782E-010   4.3441783126250714E-003  -1.7804063617492693E-010   4.2841577572450956E-010   7.3284004105541225E-010  -2.0305936814148983E-010   6.6250472451016483E-010   3.8116722885285161E-010  -1.4850585259042218E-008  -1.4410036431133400E-008  -1.4096998494212591E-008   2.5053924964696702E-008   1.3493691267794102E-008  -5.5461643159574720E-009   9.7572046053412048E-007   1.7396979336133067       -1.0368483870340571E-009   1.1266674713321569E-009   4.4113922636331018E-010   9.1572039818112386E-010  -1.2688230573530416E-009   4.7535819896799938E-010  -8.8091245951485310E-010   4.4133319133369676E-010   5.5200111942864794E-011  -6.5775602408834583E-010  -1.7947915194880993E-006   8.6988303613350749E-010  -1.9369512552479084E-009  -3.0896373014987347E-009   9.2870685131337486E-010  -3.5289125117244608E-009  -1.7985850380230552E-009  -2.2349422524946200E-008  -1.4295436965835471E-008   2.1704234462468039E-009  0.16397652794866585        1.4423536020048958E-009  -2.7874393130202052E-009  -5.1854676068501597E-009   1.7008499334963682E-009  -4.5628592165196950E-009  -3.1432296913785025E-009
   1.7129577057197190E-009   5.6156081784140623E-009   6.1317359506974780E-009  -8.5110563631141709E-009   1.3479585175794091E-015   7.6428246931480391E-016  -1.4636296445808967E-015  -6.6445970833036959E-016   1.7627429342567536E-015  -6.8349950592012051E-016   3.0792566048294511E-009   1.0095746828672451E-008   1.1022750704436729E-008   2.0777813741730343E-010   3.5632991172787671E-010   6.8176042875717290E-010  -1.3940108677366582E-008  -1.0368483870340571E-009   5.7269146202595088E-016  -3.3145270253070000E-016  -1.1766924159604176E-016  -3.1791310724257832E-016   2.4930000135004138E-017  -4.5043365988845244E-016   4.8534674096560537E-016  -2.2239053678698369E-016  -3.1970752181723120E-016   2.5346611679789029E-016   4.1913793686611884E-011   6.8451353509521532E-016   2.7927703122262270E-016  -1.0322933756788902E-015  -3.0603779061159414E-016   8.9939698316696723E-016  -3.7847557237726221E-016   1.5024421698909188E-009   4.9070250855494445E-009   5.3746474868945651E-009  -1.6121602008821722E-009   2.6337303816900830E-016   1.8595661190788767E-016  -2.2925080650726596E-016   2.9591111608468565E-017   1.4696742852511772E-016  -2.9296403218627366E-016
   7.1629250672688781E-010   1.4345308378421886E-009  -1.1220845856766279E-009   1.2615680726661189E-008   1.1825785520785838E-016   2.1097470614492098E-015   1.0162767725184767E-015  -1.2538031689250216E-015   1.7714004473020210E-015   1.1355462107563669E-015   1.2879798975401846E-009   2.5791224723156976E-009  -2.0175963947436397E-009  -3.0207630503689100E-011   5.1511335785894619E-011   3.2006176662539834E-011   2.0664678120906935E-008   1.1266674713321569E-009  -3.3145270253070000E-016   5.2607665701218476E-016   1.9856187486049557E-016   4.0031096091458252E-016  -7.6894752484014962E-016   4.4379292573271204E-017  -2.7259193772802764E-016   1.5450047863478532E-016  -1.6035600449116133E-016  -2.6315726096911022E-016  -3.8399490848771384E-011  -7.7593380845197683E-018   1.1841471861878490E-015   8.3943846185246685E-016  -7.8328618950416291E-016   1.0761072422914133E-015   7.9104522553147549E-016   6.2161284272245708E-010   1.2512771020804748E-009  -9.7463601384784389E-010   2.3511701133643757E-009  -2.3905705159504193E-017   4.1370732570313806E-016   2.8268688058007293E-016  -2.5347763127749245E-016   3.7966662530541433E-016   2.7738313893897125E-016
  -3.5209368290902446E-010   6.0250277884042308E-010   4.8381801845236981E-011   4.8657561420865851E-009   4.2408943442479394E-016   4.5852248572814134E-016   8.7877572069609832E-017  -6.1100812396820010E-016   1.1129745716680046E-015   1.8691904267194233E-016  -6.3239434886944580E-010   1.0833092067210340E-009   8.6736484923604283E-011  -2.2018437885088062E-010  -4.1066919392103264E-012   8.3894414376093507E-011   7.9701561384237733E-009   4.4113922636331018E-010  -1.1766924159604176E-016   1.9856187486049557E-016   7.7907926148572070E-017   1.4844323373706499E-016  -3.0422550887865649E-016   9.4267307802044341E-018  -1.0218707287918638E-016   6.1885859148591693E-017  -6.1463445076714739E-017  -1.0419613946640523E-016  -1.5021348659835147E-011   1.9231681485005987E-016   2.7281741990820320E-016   1.4574245998265480E-016  -3.7489294815272622E-016   6.4059717518378557E-016   1.8257601857791697E-016  -3.1890205485147683E-010   5.2407430645323172E-010   4.6867802117973507E-011   9.0744402984352988E-010   3.6870517469543912E-017   1.0911044269924328E-016   7.7755451610650256E-017  -1.0478745186300414E-016   2.1104061827895401E-016   6.7916857623094337E-017
   8.2309615685744215E-010  -6.0387651339796826E-010  -1.4740740768951044E-009   9.7798745585548238E-009  -1.0220980895144762E-015   1.2067353898169265E-015   1.6448556445279427E-015  -1.0805633739071804E-016   4.2010479807081160E-016   1.1301551178765761E-015   1.4795323949999913E-009  -1.0858909467546418E-009  -2.6503791222234229E-009   1.2804424848972321E-010   4.1049516182701445E-011   1.6864623690343981E-012   1.6019411165329947E-008   9.1572039818112386E-010  -3.1791310724257832E-016   4.0031096091458252E-016   1.4844323373706499E-016   3.2051676010417024E-016  -5.2816466671279436E-016   1.0600818995112333E-016  -2.4605085126223279E-016   1.3501183596515075E-016  -7.0199183549778546E-017  -2.1127507685694335E-016  -3.2704345463651039E-011  -5.9207053256312759E-016   7.1031306720517146E-016   1.1283297421372240E-015  -1.4700658295165935E-016   3.1280610809476006E-016   7.3907688116526257E-016   7.2354256887050807E-010  -5.2317126703538255E-010  -1.2826647124882119E-009   1.8266336483222261E-009  -1.7560101803668714E-016   2.2848522984106160E-016   3.3092070341990202E-016  -9.1846815611713398E-017   1.7633728693209858E-016   2.6744768302961420E-016
  -5.6373667071687224E-009  -5.6804916679890093E-009  -1.0147178426928563E-008  -1.9009088915389449E-008   3.1478053154442831E-015  -3.4795920599532101E-015  -4.8642782357490855E-015  -5.3573237265136604E-016  -4.9822149983172091E-015  -2.6120740559673544E-015  -1.0134544823719564E-008  -1.0211600268460471E-008  -1.8241607778006819E-008  -4.6255504836486119E-010  -6.2069101317474773E-010  -9.7642473854642616E-010  -3.1138933132939909E-008  -1.2688230573530416E-009   2.4930000135004138E-017  -7.6894752484014962E-016  -3.0422550887865649E-016  -5.2816466671279436E-016   1.9435148885086342E-015   4.9471927891559957E-016  -1.1440087406848475E-016  -5.9057075342354824E-017   9.2243158027056114E-016   2.7077400798553440E-016   3.4621600279756004E-011   1.9722411603933979E-015  -1.9166749690414125E-015  -2.9951977923863877E-015  -8.7143484944951192E-018  -2.8567939847566673E-015  -1.9635262810676775E-015  -4.9319923039838482E-009  -4.9784997533399754E-009  -8.8856885405381061E-009  -3.5024716337070503E-009   4.1346712372091447E-016  -8.1617700325007452E-016  -1.0775193183201540E-015  -7.7314149873165586E-017  -1.0146614003108143E-015  -3.3615265240788704E-016
  -3.1213349509511423E-009  -6.9302529691972344E-009  -6.7525128742215907E-009   1.6389061109274456E-009  -7.8633283643590275E-016  -2.2321543973231703E-015   3.1877125251004986E-016   9.9950085148010640E-016  -2.7850430412717012E-015  -2.1316777133204694E-016  -5.6109053130378663E-009  -1.2458975677685454E-008  -1.2138192648013415E-008  -4.0679865946184473E-010  -5.1911857169111090E-010  -9.1636015643087491E-010   2.6832077210888746E-009   4.7535819896799938E-010  -4.5043365988845244E-016   4.4379292573271204E-017   9.4267307802044341E-018   1.0600818995112333E-016   4.9471927891559957E-016   4.9831295028347911E-016  -4.0511151178378417E-016   1.6335707577052562E-016   4.9913389675163781E-016  -1.2878600547836540E-016  -2.3525910847239260E-011  -3.2627669670635332E-016  -1.0850162950296763E-015   2.5661558035546440E-016   5.5758781766638255E-016  -1.5194582109251636E-015  -2.3131111751513666E-016  -2.7393361915448268E-009  -6.0602943027515804E-009  -5.9281812668943179E-009   3.3630633546014451E-010  -1.7774559310953513E-016  -4.7797641621654124E-016  -2.3353200008978636E-017   5.2143658493034842E-017  -3.7351066620573510E-016   1.2560192747015999E-016
   4.4705847636117284E-009   2.5524892580771192E-009   6.8844197594985882E-009  -6.6654165440061782E-009  -2.6582818352347985E-015   6.0568033189123008E-016   1.9953301527023898E-015   2.0076909598056751E-015  -2.5017042411542212E-016   6.5059023186919294E-016   8.0368037722848021E-009   4.5881489415788752E-009   1.2376226665742744E-008   4.2239345089714897E-010   3.9765186494950792E-010   6.3165500946945801E-010  -1.0916885914134145E-008  -8.8091245951485310E-010   4.8534674096560537E-016  -2.7259193772802764E-016  -1.0218707287918638E-016  -2.4605085126223279E-016  -1.1440087406848475E-016  -4.0511151178378417E-016   4.9195619331992961E-016  -2.1071912602085709E-016  -3.8743619012922443E-016   2.3322710563064117E-016   3.6996175819801751E-011  -1.4793113245142423E-015   2.4128061164374088E-016   9.1464355395362034E-016   1.0801927699619945E-015  -1.8120983885301046E-016   3.9911866158691323E-016   3.9143611463403367E-009   2.2437968473877585E-009   6.0268005048359932E-009  -1.2690246518795575E-009  -2.7105476241881228E-016   1.4580707624371850E-016   2.8116827549178092E-016   3.6951403094322154E-016  -5.7668612156993466E-017  -9.8459179388955900E-017
  -2.2463151640671012E-009  -1.6068033592935463E-009  -1.7577595782474548E-009   4.0643887343500636E-009   7.8743671212361201E-016  -8.0457572809593741E-016  -4.3529778802386418E-016  -4.6730360527761816E-016   5.3383929400393604E-016  -3.2013275919446221E-016  -4.0389473146962404E-009  -2.8891030019951882E-009  -3.1602983252476416E-009   2.7847911607095299E-011   2.6535218011134370E-011  -4.6582902079944864E-011   6.6572107045007813E-009   4.4133319133369676E-010  -2.2239053678698369E-016   1.5450047863478532E-016   6.1885859148591693E-017   1.3501183596515075E-016  -5.9057075342354824E-017   1.6335707577052562E-016  -2.1071912602085709E-016   1.0347036980413585E-016   1.2820867734805024E-016  -1.2324940865599600E-016  -1.7497274864984192E-011   4.1768527630281542E-016  -3.7229991897899401E-016  -1.5432026435044894E-016  -2.7956832543618578E-016   3.0553034676678642E-016  -1.3811703008719763E-016  -1.9531975116315249E-009  -1.3967580312628696E-009  -1.5322743039997217E-009   7.6482662193349495E-010   5.7142055103195606E-017  -1.3758527992408362E-016  -1.6519357164840445E-017  -9.4645639914425519E-017   1.2566168149989151E-016   3.7503527130767163E-017
  -6.7142114638520825E-009  -4.8590271502468119E-009  -8.1143320567932587E-009  -3.6730856526244704E-009   3.4482178652613305E-015  -2.9223420095375833E-015  -3.6933057488506983E-015  -1.4398111889133970E-015  -1.4357502295140550E-015  -2.0084067099611060E-015  -1.2070483809810943E-008  -8.7347208205817017E-009  -1.4586851039955718E-008  -5.3649242015063321E-010  -5.8507364009744220E-010  -8.7945687275897180E-010  -6.0181380931625597E-009   5.5200111942864794E-011  -3.1970752181723120E-016  -1.6035600449116133E-016  -6.1463445076714739E-017  -7.0199183549778546E-017   9.2243158027056114E-016   4.9913389675163781E-016  -3.8743619012922443E-016   1.2820867734805024E-016   6.8015551714043287E-016  -4.9749637310247039E-017  -1.1240881080069180E-011   1.9924724635656755E-015  -1.5078535871258058E-015  -2.0665685741413263E-015  -6.6595187825328127E-016  -8.3298252170272276E-016  -1.3265204268573089E-015  -5.8732794825683040E-009  -4.2616258394837264E-009  -7.1111636830406030E-009  -6.4859486014543672E-010   3.8756627381734544E-016  -6.0932565875385672E-016  -6.5991568098212075E-016  -2.4227945084257959E-016  -3.0229556067401943E-016  -1.4528674506455548E-016
   1.9367392521667585E-009   7.4856080227712772E-010   1.2741139239226869E-009  -6.6561373108298060E-009  -9.0302208159970682E-016   2.5792773109553807E-016   2.5895542956048783E-016   8.0373075110926101E-016  -1.2274578854879186E-015   9.9290808159769066E-017   3.4818118659195319E-009   1.3459580584656046E-009   2.2909319593132657E-009   1.4335964349951105E-010  -1.6719599581938136E-011  -2.7857293770005364E-011  -1.0902596044549247E-008  -6.5775602408834583E-010   2.5346611679789029E-016  -2.6315726096911022E-016  -1.0419613946640523E-016  -2.1127507685694335E-016   2.7077400798553440E-016  -1.2878600547836540E-016   2.3322710563064117E-016  -1.2324940865599600E-016  -4.9749637310247039E-017   1.6952801882942789E-016   2.4236068620670572E-011  -4.5467104203511999E-016   7.4147252189491932E-017   6.3955478940572947E-018   4.8780902788839420E-016  -7.0519925079676651E-016  -3.3137841295013230E-017   1.6935227490246068E-009   6.5045934082615760E-010   1.1071704668705667E-009  -1.2464369993076568E-009  -7.0072929834704292E-017   2.1223162089299273E-017  -4.5641519870936234E-017   1.4864998764876165E-016  -2.5096214355478079E-016  -7.8576957600388114E-017
  -2.7364567906543278E-009  -2.1068800613922045E-009  -1.3042223632465040E-009  -4.6028380852916865E-005  -3.6946783831263049E-013  -1.4585619320213022E-012  -1.1012048165513333E-013   1.1516447350829704E-013  -4.7443803273077295E-012   2.5087309835843735E-013  -4.1656485269652024E-009  -2.8314300865272007E-009   5.6315017640411595E-010   3.8640439393996389E-009   2.5517494586809609E-009   1.8933966086956368E-009   2.4802277021930812E-007  -1.7947915194880993E-006   4.1913793686611884E-011  -3.8399490848771384E-011  -1.5021348659835147E-011  -3.2704345463651039E-011   3.4621600279756004E-011  -2.3525910847239260E-011   3.6996175819801751E-011  -1.7497274864984192E-011  -1.1240881080069180E-011   2.4236068620670572E-011   2.0000955870543367       -9.0185015447146457E-013   8.7758993176076838E-012   2.5134041015126287E-012   7.1119021906015323E-015   2.5758187000203975E-011   8.7443407178228576E-013  -2.6475899946989042E-009  -2.3891100576251178E-009  -3.3922259193326935E-009  -2.9580335353169814E-004  -2.4604272290165878E-012   2.9818721229820316E-012   1.5544310612616867E-012   3.1971605900912043E-012   2.4927632022576782E-012  -7.4192122137010411E-013
  -7.9078429531395843E-008   6.8522717095036385E-008  -2.4887848800391752E-008  -8.3968926659345711E-009   1.0214333009593911E-013   1.0277145984752812E-015  -8.5405075222363363E-014  -6.8774988656123816E-014   5.5688073173079264E-014  -3.3368339784966794E-014  -1.4215439273416685E-007   1.2320143360490141E-007  -4.4749856300986726E-008  -9.2866104778061939E-009   6.8218342342863732E-010   5.2615008498375774E-010  -1.3760865168751297E-008   8.6988303613350749E-010   6.8451353509521532E-016  -7.7593380845197683E-018   1.9231681485005987E-016  -5.9207053256312759E-016   1.9722411603933979E-015  -3.2627669670635332E-016  -1.4793113245142423E-015   4.1768527630281542E-016   1.9924724635656755E-015  -4.5467104203511999E-016  -9.0185015447146457E-013   5.4999544342746368E-014  -2.0100960692602531E-016  -4.7325825750783864E-014  -3.6078926046097403E-014   3.0125678231072615E-014  -1.8920617487738570E-014  -6.9342694426869284E-008   5.9668305784356291E-008  -2.1627938041139137E-008  -1.4129641795869193E-009   1.3342078965667474E-014   6.1419144589577795E-016  -1.2154973442053119E-014  -8.9784929694749641E-015   6.3933388760066931E-015  -4.3635858660508822E-015
   4.4496986499267795E-008   4.2033069993323593E-008  -2.7203985112516920E-008   1.5036961166312343E-008  -1.0570147651482336E-015   4.2815357215008960E-014   3.0542378252357291E-015  -1.4176758035490725E-014  -8.5532071597118533E-015   1.5233773382917729E-014   8.0016925391623950E-008   7.5602193645549739E-008  -4.8908452829229640E-008  -3.8145981731198014E-009  -8.8709994395019476E-009  -1.3802911736340950E-009   2.4644180703338533E-008  -1.9369512552479084E-009   2.7927703122262270E-016   1.1841471861878490E-015   2.7281741990820320E-016   7.1031306720517146E-016  -1.9166749690414125E-015  -1.0850162950296763E-015   2.4128061164374088E-016  -3.7229991897899401E-016  -1.5078535871258058E-015   7.4147252189491932E-017   8.7758993176076838E-012  -2.0100960692602531E-016   2.2013495117597026E-014   2.7130485079326189E-015  -7.2937166973638930E-015  -3.8071978727579260E-015   7.4947258370908918E-015   3.8505347158192933E-008   3.6074061447117087E-008  -2.3751735909106551E-008   2.4947284683529748E-009   4.2799889034672212E-016   7.1504695433077085E-015  -4.1305371511906228E-016  -2.6384221974441352E-015  -2.0215952231276375E-015   2.2104230838441554E-015
   7.0761050275698269E-008  -5.4805970680570411E-008   1.9973266108374863E-008   2.6845006572462286E-008  -8.7740521024645909E-014   3.7447869471468183E-015   7.5167442152778657E-014   5.6822530660603939E-014  -4.5057425686973570E-014   3.0917990230416512E-014   1.2722465018714910E-007  -9.8544329132805265E-008   3.5937326546870567E-008   1.1029414039075575E-009   1.1396287758582945E-009  -8.3803343344960457E-009   4.3994979600066192E-008  -3.0896373014987347E-009  -1.0322933756788902E-015   8.3943846185246685E-016   1.4574245998265480E-016   1.1283297421372240E-015  -2.9951977923863877E-015   2.5661558035546440E-016   9.1464355395362034E-016  -1.5432026435044894E-016  -2.0665685741413263E-015   6.3955478940572947E-018   2.5134041015126287E-012  -4.7325825750783864E-014   2.7130485079326189E-015   4.2140297953215298E-014   2.9605043363997539E-014  -2.4140046429327447E-014   1.7720781223461551E-014   6.1640027426147365E-008  -4.7628313594738597E-008   1.6905152533713621E-008   4.4883135580377472E-009  -1.1416108117617031E-014   3.5028722168029052E-016   1.0881476769315044E-014   7.3365754641248115E-015  -4.8939236227322550E-015   4.0795322878471258E-015
   3.8157932932870698E-008  -5.9186360523582988E-008   2.4157985033389624E-008  -9.5199778868120029E-009  -6.6969505923244684E-014  -1.5047259992423149E-014   5.4360060020436284E-014   5.0421758759839937E-014  -3.6030969603511593E-014   1.6547745221385989E-014   6.8592209896318790E-008  -1.0640184952252073E-007   4.3446278296431813E-008   5.1226712657039785E-009  -4.9130158129291944E-009  -3.3960526883404675E-009  -1.5601144602447543E-008   9.2870685131337486E-010  -3.0603779061159414E-016  -7.8328618950416291E-016  -3.7489294815272622E-016  -1.4700658295165935E-016  -8.7143484944951192E-018   5.5758781766638255E-016   1.0801927699619945E-015  -2.7956832543618578E-016  -6.6595187825328127E-016   4.8780902788839420E-016   7.1119021906015323E-015  -3.6078926046097403E-014  -7.2937166973638930E-015   2.9605043363997539E-014   2.6543698924249578E-014  -1.9838476681176949E-014   9.5352269872751079E-015   3.3496560280442746E-008  -5.1783925331516938E-008   2.0829813037960786E-008  -1.6073407943701982E-009  -8.8339187130473602E-015  -2.8250337813530871E-015   7.8184647651609761E-015   6.8948242849962658E-015  -4.0984683493485508E-015   1.9390945429592702E-015
  -5.1000181663978918E-008   4.6446939201061087E-008   2.7892011788771188E-008   2.6951943901417393E-008   5.7646048370446043E-014  -6.9237112426862950E-015  -4.3847844413878727E-014  -3.6552480043082156E-014   5.2656291890148751E-014  -2.1093565769289001E-014  -9.1700063660867345E-008   8.3501181847444906E-008   5.0167170326738734E-008   6.5468114795479285E-010   3.3434709967768946E-009  -5.7581220488686413E-009   4.4171984721936698E-008  -3.5289125117244608E-009   8.9939698316696723E-016   1.0761072422914133E-015   6.4059717518378557E-016   3.1280610809476006E-016  -2.8567939847566673E-015  -1.5194582109251636E-015  -1.8120983885301046E-016   3.0553034676678642E-016  -8.3298252170272276E-016  -7.0519925079676651E-016   2.5758187000203975E-011   3.0125678231072615E-014  -3.8071978727579260E-015  -2.4140046429327447E-014  -1.9838476681176949E-014   2.8546748409154447E-014  -1.0287202030351310E-014  -4.4343994498793008E-008   4.0608733934174361E-008   2.3945062212293248E-008   4.4661325436402278E-009   7.4655148598488953E-015  -2.2409860769672553E-016  -4.8357601549741241E-015  -4.2182744402523280E-015   7.5188529627890041E-015  -3.2472408307900211E-015
