  0.17996609743137196       -5.2960507975744099E-016   1.3187312480233049E-015   3.9054031255519539E-016   1.9300450550721038E-016   7.0874486446337975E-017  -5.9695122056275914E-017  -1.2264262154304280E-016   2.8975898338502471E-017   9.3177044906294585E-017  0.31813543654772725       -3.0114069965984389E-016   1.6341050798530046E-015   6.1755607798592041E-016   1.4597004717601194E-003  -7.6572953579711723E-016  -1.7079945103575478E-016   4.9453690194244713E-016  -3.2159929038978773E-004  -8.0167997154332486E-017  -8.0643926238631292E-017  -3.0910773393506411E-015  -3.7777172374143170E-017  -7.2573865083097272E-017  -3.3789464248112880E-015   7.7693492569024483E-018  -1.8377201764349251E-015   5.6372867621032876E-017  -6.7311762137398415E-017   1.0408694513323623E-017  -1.4788934103857726E-016   8.3224984733734959E-016   9.8712541697271784E-016   4.2636500151356620E-016   3.4210245912433356E-016   4.8382844902975405E-017   3.8181428084688099E-017  -2.1167209012270245E-016   2.5110611361933292E-017  -1.7754835450595894E-016  0.15778966174575013       -5.8203961380439734E-016   6.3180357229648175E-016   4.9931399808800869E-015  -5.7514482529553780E-016   1.1953188933131961E-016  -3.9953277410563910E-015   3.3414721784386997E-016  -1.9155198572371252E-015
  -5.2960507975744099E-016  0.17996609743137887       -8.7495495383222499E-016   6.0295566363834328E-017   4.0094551861588941E-016  -6.0927079236544629E-018  -1.3680338775311024E-016   3.0941424286571706E-016   3.2743735156724816E-017   3.8847634692647605E-016   8.6700509062558588E-016  0.31813543654773968       -2.5219063810636593E-015   1.1177600595569704E-016   1.1761216888559043E-015   1.4597004717625919E-003   5.1661158724562403E-015  -3.0406323921062446E-015   1.2680088962408515E-016  -3.2159929039125552E-004   9.8690501240210237E-016  -5.0706221316026464E-016  -2.6753206674442015E-016   5.1213113534569573E-017  -2.1706565140722024E-016  -2.1695354741057878E-018  -1.7596158400355359E-016  -6.3744994153884610E-015   3.2819722110707852E-017  -1.1636490965640706E-015   1.4220680051127437E-016  -8.1460950983237176E-015   2.1452695193927507E-016   8.8376349665238705E-016   4.1830840461683875E-016  -3.7482638775362445E-017  -4.1116428299066916E-017   3.2985982302885411E-016  -9.1011113339496527E-017   4.0714063938690359E-016  -4.5814897832321545E-016  0.15778966174574083       -3.9101076481600695E-016   5.0424506216031478E-016  -4.9703662804680929E-016  -9.5764787194314021E-016  -8.2708784727187266E-016  -6.3440663174186986E-016   4.4742074399940749E-016
   1.3187312480233049E-015  -8.7495495383222499E-016  0.17996609743137779       -5.0362875712114037E-016  -9.0001984021238515E-017  -7.7262391839179870E-017  -8.6294163839604216E-017  -2.8406871691433303E-016  -1.0586100223299907E-016   4.3055310407173395E-017  -7.6515163880254378E-016   1.5437639109127410E-015  0.31813543654773935       -2.3754899483685164E-015  -3.0078520956390280E-015   4.3031494490910924E-015   1.4597004717863404E-003   9.5684357496863029E-016  -6.8456288547104058E-016  -1.0496638549511471E-015  -3.2159929039118321E-004   6.1612966123823067E-017  -9.5996472536823745E-017  -3.6350146361046252E-015   1.3249687003169151E-016  -5.3331909741857709E-017   8.6103752455134989E-017  -2.2078633721555490E-016  -5.8507682214136905E-015  -1.0235972507447137E-016  -1.0516106141030974E-014   4.4945458008067377E-015  -8.9613452811402981E-016  -4.5329303363638585E-016  -1.7404789572935661E-016   5.7690313872827417E-017   2.5103089403706746E-017   7.1917936360914208E-017  -9.4120489391153209E-017  -4.1670097854229154E-017   8.4901058979134230E-016  -3.4690632890419353E-016  0.15778966174575584       -1.7391938123037214E-015  -2.0022729245917069E-015   2.9028949221419167E-016   3.4031863880156865E-017   5.4320947723781993E-018  -1.2452708672562791E-016
   3.9054031255519539E-016   6.0295566363834328E-017  -5.0362875712114037E-016  0.17170175950278496       -8.3190490938528727E-015   2.7742893427187384E-016  -3.0148117137464156E-016  -5.3045024422139954E-015  -2.6732602983611205E-016  -4.3940317006341974E-015  -3.4617494904365861E-016  -3.1838391581573647E-015   1.6793703843627401E-015  0.38200346172186334        3.9408810197108076E-015   1.1296497710857259E-014   2.8767542279758344E-014   3.8861492975791828E-003  -3.5368312620957230E-016  -5.7568039133756489E-016   1.2048849864869060E-015   1.3871117196943548E-016   3.0527064661135106E-016   1.0899780144381419E-016   1.6757782788815689E-017   1.6374418107583801E-017   9.4230766145630857E-017   8.0576196638772530E-016   1.0735684714606073E-016   2.7885267017118686E-016   2.6457506008755760E-016  -6.9252315324461129E-005  -3.8716532149057149E-004  0.15267249647475811       -1.0128698740839881E-014  -9.6329272775428223E-016   5.9831254950946397E-017  -6.8871181238440357E-015   3.9930986036061514E-016  -7.8210688198536711E-015   1.8990416126629610E-016   4.9071090599295941E-016   1.1475603370056323E-015  -3.3621776604619855E-014  -6.1256601236544670E-015  -1.2931801657113993E-015   6.9027711217721431E-014   3.5878376415280070E-015  -1.3156726329429925E-014
   1.9300450550721038E-016   4.0094551861588941E-016  -9.0001984021238515E-017  -8.3190490938528727E-015   4.5093578759237904E-006  -1.3443358702344734E-018   8.1606919183569262E-018  -2.2546789379583940E-006  -7.0257084865088355E-019  -2.2546789379667275E-006   3.3011525854140377E-016   7.2428529636849947E-016  -1.4455803080363199E-016  -1.8296794976437568E-014  -3.0122825010050392E-015  -4.3634489776832281E-015  -3.6649331159537261E-015   1.3045041709481680E-014  -4.3273577907342887E-017  -1.0644100165508884E-015   4.5402819607393387E-017   2.9076341485472464E-018  -1.9019027466910155E-019   1.1372626905131824E-018  -1.7858146109271310E-018  -6.8347428902816338E-019  -2.8386407608435293E-018  -2.4612822971762433E-018   6.4340655026797418E-019  -6.7868160736728765E-019   7.0064441587648242E-019   2.0177905927122283E-015  -1.2437576948826730E-014  -6.8072084451823183E-015   2.1965978724725486E-004  -6.9946477797068858E-017   3.0578566112339002E-016  -1.0982989362364827E-004   3.9861144263886192E-017  -1.0982989362362246E-004   3.0125061972289141E-017   1.5721098364105990E-016  -2.3785482335226903E-016   2.9164400210165762E-003  -9.2075301721554669E-016   4.0724436124372028E-015  -1.4582200105084432E-003   4.9999604127301863E-016  -1.4582200105083811E-003
   7.0874486446337975E-017  -6.0927079236544629E-018  -7.7262391839179870E-017   2.7742893427187384E-016  -1.3443358702344734E-018   4.5093578759238429E-006   1.3666426049006445E-018   2.0163731689575823E-018  -1.2161881450052902E-019   2.4011106981488953E-018   1.2677276131865711E-016  -6.8646425837262357E-018  -1.2540394200186242E-016   6.5038833698003743E-016   4.6062553267489487E-016   4.3049576598357127E-016  -3.2175174110868142E-016  -6.3538144009525744E-016   9.4299339416077775E-018  -2.7745282615315740E-016  -2.7585394617781066E-016  -2.4036769986691470E-019  -1.4582098856792589E-018  -3.2447339665954249E-019  -7.0052689874102569E-019  -9.2579456002165940E-020  -6.1444521418683275E-019  -3.4784736278830759E-018  -6.0196657098618747E-019  -1.4143391936780933E-018  -1.9441345253377204E-018  -2.9196879322097722E-016  -3.4993630985783089E-015   2.1942584015654063E-016   5.8575463317108227E-018   2.1965978724724900E-004  -2.5351447957136045E-018  -5.4852403202994227E-017   3.9645416800907090E-017   5.0917382192744964E-017   8.3203044445803676E-017   1.7157739802707269E-017  -8.1376759884514998E-017   5.2294133332500003E-017   2.9164400210166435E-003  -2.5852795508961112E-017  -7.3021583762796973E-016   5.0395495746315322E-016   6.7745848646122485E-016
  -5.9695122056275914E-017  -1.3680338775311024E-016  -8.6294163839604216E-017  -3.0148117137464156E-016   8.1606919183569262E-018   1.3666426049006445E-018   4.5093578759323124E-006  -1.3394485991849172E-018   8.7853024143872264E-018  -7.7846076644877150E-018  -1.0627493366305060E-016  -2.3296330938864354E-016  -1.5609340096144658E-016  -6.7117505583008598E-016   1.4230877375017742E-017  -8.4787845591972777E-016   9.6604941306032622E-016   1.5565378947521806E-015   6.5155862840402733E-016   9.6653624907909719E-018  -8.0727890779026657E-016  -2.0121561809825451E-019  -9.3930643012430164E-019  -7.3918448520123437E-019   4.0132433831735034E-019   2.2795687980423872E-019   5.8476304391021939E-020  -3.2945809255485989E-019  -1.2596479302763878E-018   1.0987587526349441E-019   1.9463672455464916E-018  -1.0557984485946736E-016   7.3846880129030455E-016  -1.9587916858443379E-016   8.6813567918880997E-017   6.8578604786874782E-017   2.1965978724744508E-004   2.6545630887726586E-017   2.2912044064729822E-016  -1.1406037803374315E-016  -5.2062886926143917E-017  -1.5802192982759691E-016  -3.4047949123300147E-017   1.2038170766043343E-015   9.0921382120069672E-016   2.9164400210193887E-003   3.5348833035612495E-016   2.9862212564463252E-015  -1.5536676002161588E-015
  -1.2264262154304280E-016   3.0941424286571706E-016  -2.8406871691433303E-016  -5.3045024422139954E-015  -2.2546789379583940E-006   2.0163731689575823E-018  -1.3394485991849172E-018   4.5093578758938825E-006  -2.8217373774335871E-019  -2.2546789379501812E-006  -1.9932947661740915E-016   5.6370325457148856E-016  -4.8635790730608099E-016  -1.2244434494033694E-014  -5.8034178210706479E-016  -3.6092920850471308E-015  -5.8630281368903408E-015   1.0545238023844229E-014   8.9332794233125362E-016  -1.5942572417815999E-015  -2.0327733139811241E-015  -1.2269261953814250E-018  -4.4601301972513788E-019   4.7933392449442583E-019   7.3014649694671068E-019   1.2314264161103210E-019   1.4850782527973687E-018   1.3819733963378883E-019  -1.2301862126193917E-019  -3.8847630742776324E-019   9.0876945947589790E-019   1.7371605524410913E-015  -1.2054212208138173E-014  -4.2805031023054131E-015  -1.0982989362345351E-004   1.5430886988539899E-016  -9.1363596176510372E-017   2.1965978724654289E-004   1.4425995658324810E-017  -1.0982989362304253E-004  -1.3210589060766211E-016   1.1032274810720254E-016  -5.1316651241489783E-016  -1.4582200105058695E-003   2.0334414867437122E-015  -1.2166993635050963E-015   2.9164400210071727E-003   1.8181312652425493E-016  -1.4582200105007928E-003
   2.8975898338502471E-017   3.2743735156724816E-017  -1.0586100223299907E-016  -2.6732602983611205E-016  -7.0257084865088355E-019  -1.2161881450052902E-019   8.7853024143872264E-018  -2.8217373774335871E-019   4.5093578759296688E-006   2.5834663154247189E-018   5.0940744312177943E-017   6.1252842603308968E-017  -1.8818048297967274E-016  -6.0913305919696498E-016  -2.7946141371210909E-016  -7.5116380758030014E-017   9.0322202031134619E-016  -1.8004261460182079E-015  -7.3960434706259291E-017  -4.0544813977599358E-016   1.9253011702128758E-015  -1.0143622305093260E-018   2.4556327752024689E-019  -1.0463958320380706E-018   7.2620717543531988E-020   5.9587380307625715E-019   9.6922556448908885E-019   4.0899945430907777E-019  -8.3126335984231218E-019   4.6701517435554296E-019   8.4541128315604799E-020  -3.8091793741741352E-016  -5.6342586235426921E-016  -3.1769453312951358E-016  -7.1638904219612636E-017  -4.3344274023944947E-017   2.0560402256875736E-016  -2.8670560157716496E-017   2.1965978724738838E-004   1.0056012352251796E-016   1.2494100422917447E-017   2.5057655848485109E-017  -5.3347611502633185E-017  -9.5652805262168292E-016  -5.8294295031654289E-016   2.6928796549632448E-015  -3.6497181782476335E-016   2.9164400210185321E-003   1.3228427766641170E-015
   9.3177044906294585E-017   3.8847634692647605E-016   4.3055310407173395E-017  -4.3940317006341974E-015  -2.2546789379667275E-006   2.4011106981488953E-018  -7.7846076644877150E-018  -2.2546789379501812E-006   2.5834663154247189E-018   4.5093578759329324E-006   1.8214301695440774E-016   6.9495012151619131E-016   9.8328844160989381E-017  -9.7502490233517994E-015  -3.3222777599198226E-015  -4.0682903603333099E-015  -5.9780224132361674E-015   1.1677190976910133E-014   1.4147484342791005E-015  -1.4573138407506953E-015   5.1390454711796334E-016  -1.6807079532791894E-018   6.3620329426707904E-019  -1.6165966152554387E-018   1.0556681139415817E-018   5.6033164740656362E-019   1.3535625079583010E-018   2.3230849570524679E-018  -5.2038792928676155E-019   1.0671579146641795E-018  -1.6094138758366833E-018   5.8965126905036105E-016  -1.3546231720853251E-014  -3.2910773072043139E-015  -1.0982989362386618E-004   6.5336759062015193E-017  -2.6134945843965714E-016  -1.0982989362361031E-004   2.3589774109621277E-017   2.1965978724744554E-004  -6.4775781074525765E-017   1.5871378310762275E-016  -2.3183997749672262E-016  -1.4582200105115676E-003   8.7487874511372156E-016  -3.4788029180654164E-015  -1.4582200105082322E-003   3.5216864847484217E-016   2.9164400210195370E-003
  0.31813543654772725        8.6700509062558588E-016  -7.6515163880254378E-016  -3.4617494904365861E-016   3.3011525854140377E-016   1.2677276131865711E-016  -1.0627493366305060E-016  -1.9932947661740915E-016   5.0940744312177943E-017   1.8214301695440774E-016  0.56240665268900425        2.6441754982865885E-015  -2.6064234485113047E-015  -1.1777974563052096E-015  -3.8991631110734211E-003   3.8143744224686634E-015   1.9648850076594378E-015  -2.4705814497621077E-015  -3.0704280560955578E-004   3.2004448468282955E-016   4.8687234351558637E-016  -5.5819036610629826E-015  -6.7922122026369258E-017  -1.2727583437631186E-016  -6.0263439531005556E-015   1.3566557483734392E-017  -3.3059365451912176E-015   9.7039053814652173E-017  -1.1940176345568382E-016   2.0377085870196177E-017  -2.6288669551941138E-016  -1.3597509066691653E-015   2.9446212996131886E-016  -3.0098087987369193E-016  -4.3022255501220304E-016   2.3635842901161827E-016   2.9075815233838597E-017   3.7910137492428936E-016  -1.6175150321668150E-017  -2.7295336688634085E-017  0.27864316724939348        7.8321861282584194E-016  -1.5040642410975300E-015  -4.9532669909681342E-015   9.5193104395051274E-016  -2.9507529445864525E-016   2.8769744669065430E-015  -2.0016899475901637E-016   4.5477069087603395E-016
  -3.0114069965984389E-016  0.31813543654773968        1.5437639109127410E-015  -3.1838391581573647E-015   7.2428529636849947E-016  -6.8646425837262357E-018  -2.3296330938864354E-016   5.6370325457148856E-016   6.1252842603308968E-017   6.9495012151619131E-016   2.6441754982865885E-015  0.56240665268902645        1.1231137656219535E-015  -7.1193977351233062E-015   2.6260189432840467E-016  -3.8991631110531907E-003  -1.3786148946656843E-014   6.2000611272766484E-015   1.5326808443112934E-015  -3.0704280560472593E-004  -6.4413089631495681E-015  -8.9528238451081867E-016  -5.2238168420911134E-016   9.0038046263211127E-017  -3.8324212143871609E-016  -3.9307376832387361E-018  -3.0906076922234668E-016  -1.1375922336678875E-014   5.6267396197392445E-017  -2.0994572761298122E-015   2.4526027995217167E-016   1.3503754277667741E-014  -3.0282040250786276E-015  -8.0520027686870518E-016   7.9470191158794380E-016   1.9558239173686989E-016   2.1589885076573737E-016   8.2938287277062697E-016  -6.0718083869450480E-018   4.7351292988324508E-016  -3.3418861472172277E-016  0.27864316724937793        9.9782324586125222E-016   1.4169734122778925E-015   2.6161550119183677E-015   2.1754498399966027E-015   1.5566876868987122E-015   9.2317300167845582E-016  -2.7133681464000393E-015
   1.6341050798530046E-015  -2.5219063810636593E-015  0.31813543654773935        1.6793703843627401E-015  -1.4455803080363199E-016  -1.2540394200186242E-016  -1.5609340096144658E-016  -4.8635790730608099E-016  -1.8818048297967274E-016   9.8328844160989381E-017  -2.6064234485113047E-015   1.1231137656219535E-015  0.56240665268902967        1.7604428353326912E-015  -1.1668984461481292E-015  -4.1860268947518075E-015  -3.8991631111614505E-003   3.6913994536899498E-015   1.1508903297910378E-015   4.5056098929237823E-015  -3.0704280561020972E-004   1.0801388499698646E-016  -1.7109618023923386E-016  -6.5154765879054044E-015   2.3559912036373477E-016  -9.4204178607478023E-017   1.5358269775641069E-016  -4.0459530867640979E-016  -1.0432869489895396E-014  -1.8420574875461776E-016  -1.8791191188875428E-014  -8.7962880612859288E-015   4.5086471615004183E-015   1.5960570011794156E-015  -1.7883040219161373E-016   5.9127838854431685E-016   3.7143548656755803E-017  -4.6734642551926670E-017  -7.9134099554188872E-017   3.2480715776710630E-017   1.0802191250307096E-015  -1.9956656638389947E-015  0.27864316724939914       -1.7502160020984380E-015   2.9962337447460190E-015   4.1278935346601448E-016  -2.4658092375854118E-015   1.1582020185259481E-015   9.2395168780306187E-016
   6.1755607798592041E-016   1.1177600595569704E-016  -2.3754899483685164E-015  0.38200346172186334       -1.8296794976437568E-014   6.5038833698003743E-016  -6.7117505583008598E-016  -1.2244434494033694E-014  -6.0913305919696498E-016  -9.7502490233517994E-015  -1.1777974563052096E-015  -7.1193977351233062E-015   1.7604428353326912E-015  0.84994630737914889        3.4463020073947991E-015   4.9308758744645048E-015  -1.0377978582993937E-014  -2.1180555526597827E-003  -4.4400811647282429E-015   1.2206375170035223E-014   5.1732261966038928E-015   3.0423625199380262E-016   6.8236070411483296E-016   2.4667487773435374E-016   3.3794721054806023E-017   3.6936974386882629E-017   2.0956008746091010E-016   1.8179071064345318E-015   2.4738236418175699E-016   6.2754415167076922E-016   5.9545833570492494E-016  -1.2655273318136400E-004  -8.2692285520669572E-004  0.33917184932570960       -8.7730099181314103E-015  -7.1443618273842337E-016   5.5190850454686844E-016  -3.4005903994953932E-014  -3.1431188827371663E-016  -1.3090391933603721E-014  -4.5966726843668339E-017   1.5720068378651297E-016  -1.8739299940532684E-015   1.0975576398766783E-013   5.4311914952262622E-015   2.6453498770675389E-015  -9.2010162627703249E-014  -7.9372617966107108E-015   3.0177561481896498E-014
   1.4597004717601194E-003   1.1761216888559043E-015  -3.0078520956390280E-015   3.9408810197108076E-015  -3.0122825010050392E-015   4.6062553267489487E-016   1.4230877375017742E-017  -5.8034178210706479E-016  -2.7946141371210909E-016  -3.3222777599198226E-015  -3.8991631110734211E-003   2.6260189432840467E-016  -1.1668984461481292E-015   3.4463020073947991E-015   1.9040453705416109        1.4928434774230253E-015   1.7998799987489175E-015   8.8002014938958340E-016   5.9939263810742486E-006   1.5544952310001905E-016   5.4473227034315456E-016   3.4669498488195944E-014   3.5020411988914325E-016  -2.8999869859640505E-016   1.5574677097071932E-014   3.7016366283357257E-017   1.6815865272550970E-014   7.5176368634474864E-016   1.1700477609431986E-016  -5.7449326181767328E-016   4.1076699442948383E-016  -1.2931563914520184E-015   2.4907561600412689E-016  -2.1836442829684782E-015  -9.9526776901961186E-016  -6.9605283847765427E-016   7.8586174440465764E-017  -1.1060952390949372E-015   2.6032461718702951E-016   7.8533011352039776E-016   8.6416866296632727E-002   8.3199146962876015E-016  -1.1438656926370454E-016  -2.5102184428764577E-015   8.8715961466080290E-016  -1.7208432415895998E-016   2.8798755421500496E-015  -1.4268078418815639E-016  -6.1270712898382407E-016
  -7.6572953579711723E-016   1.4597004717625919E-003   4.3031494490910924E-015   1.1296497710857259E-014  -4.3634489776832281E-015   4.3049576598357127E-016  -8.4787845591972777E-016  -3.6092920850471308E-015  -7.5116380758030014E-017  -4.0682903603333099E-015   3.8143744224686634E-015  -3.8991631110531907E-003  -4.1860268947518075E-015   4.9308758744645048E-015   1.4928434774230253E-015   1.9040453705416140       -8.0835131642685837E-015   1.3475481361743519E-014   9.8096568907352175E-016   5.9939263833727004E-006  -3.6435629013500162E-015  -3.2111076790411965E-016   1.4582573814456283E-014   1.2498685495817949E-016  -1.3260813131594908E-016   1.5590536034945476E-017  -6.0007365819255227E-016   3.1561344836586988E-014   4.8558396567784004E-016   1.2494917409994997E-014   1.7623579561076065E-015   1.3349227297443893E-014   1.2372312228766578E-015   3.6297366807502181E-015  -4.9759005944564403E-015   4.6445812971624900E-016   8.9051564035037505E-016  -5.8163135613045379E-015  -1.5223786160379073E-016  -5.6730182782927342E-015  -8.5829718953648907E-016   8.6416866296642150E-002   2.7641753147974489E-015  -4.0826134008098829E-015   7.0782773649256114E-016   1.3945362197528941E-015  -2.9654355146244880E-015   9.6655452292380475E-016  -5.1491768394741804E-015
  -1.7079945103575478E-016   5.1661158724562403E-015   1.4597004717863404E-003   2.8767542279758344E-014  -3.6649331159537261E-015  -3.2175174110868142E-016   9.6604941306032622E-016  -5.8630281368903408E-015   9.0322202031134619E-016  -5.9780224132361674E-015   1.9648850076594378E-015  -1.3786148946656843E-014  -3.8991631111614505E-003  -1.0377978582993937E-014   1.7998799987489175E-015  -8.0835131642685837E-015   1.9040453705414986       -2.9501841675935035E-014   1.2205367551446652E-015   2.7535439062361512E-015   5.9939263758934105E-006   2.6803291654494376E-016   4.2637174146531692E-016   2.6374280761873647E-014  -4.0313059707305334E-016  -5.0794428565477097E-018  -4.0823680431968279E-016   4.2817145191454939E-015   2.6471383751729065E-014   1.0001457397940675E-015   5.9195994510874897E-014  -8.7679502405930198E-015  -1.0655031451733410E-014   1.7588411347727892E-014  -8.3942027573597884E-015   1.0833027553152229E-015  -3.8551962509548884E-018  -4.3933989757712971E-015  -2.0464705793513912E-016  -5.4776591057746300E-015  -1.7577157355505465E-015   3.6341122391891754E-015   8.6416866296673792E-002   3.5160386071613338E-015   2.7987696480211460E-015   7.3596383154987949E-016   5.8257064871088914E-015   8.9318148103443782E-016   6.7397656721254897E-015
   4.9453690194244713E-016  -3.0406323921062446E-015   9.5684357496863029E-016   3.8861492975791828E-003   1.3045041709481680E-014  -6.3538144009525744E-016   1.5565378947521806E-015   1.0545238023844229E-014  -1.8004261460182079E-015   1.1677190976910133E-014  -2.4705814497621077E-015   6.2000611272766484E-015   3.6913994536899498E-015  -2.1180555526597827E-003   8.8002014938958340E-016   1.3475481361743519E-014  -2.9501841675935035E-014   1.8713124373024006       -2.3073854861409534E-015   1.8371910213302402E-014   1.5124357426807454E-014   7.5865172107678577E-016  -5.5051167977104046E-016  -7.2032965513173413E-016   6.0536103878947287E-016  -8.6722630323432850E-017   2.2138252900092096E-017  -4.3665432669872932E-015  -1.4743228602147233E-015  -1.2405999872759200E-015  -1.1835822283148430E-015   3.6969337262381343E-006  -8.3715248364061770E-006   8.9533321804630125E-002   4.4599729034129896E-014   1.7325345297328305E-015  -4.4558255596365825E-016   1.7948259160301745E-014   3.7528165619669888E-018   4.3144550012171853E-014   2.4995355658765542E-015  -9.7081145133597600E-016  -4.2697536542447544E-016   2.7395185064693609E-013   7.2518945260413906E-015   6.2104674522219549E-016  -1.8808548980583821E-013  -8.5179036593760962E-015   1.8848090729435598E-013
  -3.2159929038978773E-004   1.2680088962408515E-016  -6.8456288547104058E-016  -3.5368312620957230E-016  -4.3273577907342887E-017   9.4299339416077775E-018   6.5155862840402733E-016   8.9332794233125362E-016  -7.3960434706259291E-017   1.4147484342791005E-015  -3.0704280560955578E-004   1.5326808443112934E-015   1.1508903297910378E-015  -4.4400811647282429E-015   5.9939263810742486E-006   9.8096568907352175E-016   1.2205367551446652E-015  -2.3073854861409534E-015   2.0001160707776116        1.0802278234077859E-016   9.8032465409270837E-017   3.2375405543893523E-015   3.9292700909551008E-016   2.4399072407693065E-016  -8.3209018471624806E-016  -3.2104013374349768E-016  -2.0104945090826975E-016  -4.3954172645171264E-016  -8.5740320943516487E-017   1.6648638871597222E-016  -4.0558965723209659E-016  -3.1773574178915117E-016  -1.6542556163535850E-016   7.9981211017885369E-016   1.1239254395717350E-015  -3.2686836976943659E-016   2.2922656692787435E-016   1.1035048462399992E-015  -5.6771146920628429E-016   8.2568100837201045E-016  -1.0681725304045200E-003  -1.4822725135481180E-016  -9.9518647847208465E-016  -7.1762438216362302E-016   3.0148444294193357E-017  -5.5557096834742557E-017   1.7857109568506307E-016   2.1202089371912618E-016   2.0336940187983091E-016
  -8.0167997154332486E-017  -3.2159929039125552E-004  -1.0496638549511471E-015  -5.7568039133756489E-016  -1.0644100165508884E-015  -2.7745282615315740E-016   9.6653624907909719E-018  -1.5942572417815999E-015  -4.0544813977599358E-016  -1.4573138407506953E-015   3.2004448468282955E-016  -3.0704280560472593E-004   4.5056098929237823E-015   1.2206375170035223E-014   1.5544952310001905E-016   5.9939263833727004E-006   2.7535439062361512E-015   1.8371910213302402E-014   1.0802278234077859E-016   2.0001160707776107       -1.8275772748549459E-015  -5.8717703410389998E-018   1.3889365886696676E-015  -5.3638563418614682E-016   2.3631238994750915E-016  -3.2446862030055662E-016  -3.1751669604263808E-016   1.4901975458937617E-015  -7.5091010601100748E-016   1.0648541277772471E-015  -1.0143783806135616E-015   1.9788262910280961E-015   6.3548630800400382E-015  -5.1816782210045983E-015  -2.1801863885000866E-015   2.1712410342606316E-016  -6.7824988088050332E-016  -1.3373260668175066E-015   3.8861198322249439E-016  -2.3440372488719997E-015  -8.2275844985293992E-017  -1.0681725304062936E-003  -1.7939323289976500E-015  -3.7994438613069313E-015   6.9449697668107274E-016   1.1124985135538844E-015  -3.6402732701200446E-015   3.9496410806280760E-017  -3.5854575691543136E-015
  -8.0643926238631292E-017   9.8690501240210237E-016  -3.2159929039118321E-004   1.2048849864869060E-015   4.5402819607393387E-017  -2.7585394617781066E-016  -8.0727890779026657E-016  -2.0327733139811241E-015   1.9253011702128758E-015   5.1390454711796334E-016   4.8687234351558637E-016  -6.4413089631495681E-015  -3.0704280561020972E-004   5.1732261966038928E-015   5.4473227034315456E-016  -3.6435629013500162E-015   5.9939263758934105E-006   1.5124357426807454E-014   9.8032465409270837E-017  -1.8275772748549459E-015   2.0001160707776244        6.0096563406806699E-017   4.2392528249199171E-016   1.3965110057603579E-015   1.4832381027080479E-017   4.4066755405745062E-016  -1.4563597097007685E-016   2.1209735081267271E-015   6.4809366713308775E-016   1.1264849730624206E-015   3.1938687152924282E-015  -4.1789822908489598E-017   8.8070946815152204E-015   4.1796595694604576E-015  -3.3711942964737822E-015   9.0560917335191260E-017   9.2494965684535237E-016  -1.0480219248865035E-015  -1.3527561945613438E-015  -3.5001788702180110E-015  -6.2517704333732899E-016   2.6573076282910790E-015  -1.0681725304045775E-003  -7.9681081228388560E-015   1.1015097653884971E-015  -4.4890541875703819E-016  -7.4671281748057137E-015   8.3684706658874192E-016  -6.4375498573635676E-015
  -3.0910773393506411E-015  -5.0706221316026464E-016   6.1612966123823067E-017   1.3871117196943548E-016   2.9076341485472464E-018  -2.4036769986691470E-019  -2.0121561809825451E-019  -1.2269261953814250E-018  -1.0143622305093260E-018  -1.6807079532791894E-018  -5.5819036610629826E-015  -8.9528238451081867E-016   1.0801388499698646E-016   3.0423625199380262E-016   3.4669498488195944E-014  -3.2111076790411965E-016   2.6803291654494376E-016   7.5865172107678577E-016   3.2375405543893523E-015  -5.8717703410389998E-018   6.0096563406806699E-017   6.9520197409338347E-028   6.3615354433945549E-030  -8.2340453865160476E-031   3.4093111639364645E-028  -7.8454739687485479E-031   3.3579543048084492E-028   2.1879398981648675E-029   3.9049567645380079E-030  -9.3020066964406291E-030   1.4489968702428786E-029  -4.7310336616164267E-016  -9.8587640969396675E-016   1.5813357837031483E-016   1.4163664008237888E-016  -1.1708788538994569E-017  -9.8016127970080348E-018  -5.9766014244341953E-017  -4.9411600913995451E-017  -8.1870625838019276E-017  -1.1601138619442143E-015  -4.5875075000432155E-016   6.5959482589869165E-017   1.8805206485682959E-015  -1.5545849297511484E-016  -1.3013677282464360E-016  -7.9351800355969331E-016  -6.5604165520697038E-016  -1.0870026450085389E-015
  -3.7777172374143170E-017  -2.6753206674442015E-016  -9.5996472536823745E-017   3.0527064661135106E-016  -1.9019027466910155E-019  -1.4582098856792589E-018  -9.3930643012430164E-019  -4.4601301972513788E-019   2.4556327752024689E-019   6.3620329426707904E-019  -6.7922122026369258E-017  -5.2238168420911134E-016  -1.7109618023923386E-016   6.8236070411483296E-016   3.5020411988914325E-016   1.4582573814456283E-014   4.2637174146531692E-016  -5.5051167977104046E-016   3.9292700909551008E-016   1.3889365886696676E-015   4.2392528249199171E-016   6.3615354433945549E-030   1.1526494273227659E-028   8.8251230393319965E-030   3.0323179316378059E-030  -7.2695095416960235E-032  -1.2690544619416445E-030   2.5763813902760350E-028   1.2638889789471051E-029   1.0050665847898354E-028   3.3893873618220345E-029  -5.4706804752250185E-017  -7.9268260895419430E-016   2.4581905516486881E-016  -9.2645463963992038E-018  -7.1032302617078110E-017  -4.5755483657824453E-017  -2.1726180913133801E-017   1.1961875455451508E-017   3.0990727309335059E-017  -1.7603812989698262E-017   4.1703159479477099E-016  -6.5234275887239055E-017  -1.2300610059525466E-016  -9.4310138752994282E-016  -6.0749910301276459E-016  -2.8846018796962613E-016   1.5881874758186393E-016   4.1146628856473541E-016
  -7.2573865083097272E-017   5.1213113534569573E-017  -3.6350146361046252E-015   1.0899780144381419E-016   1.1372626905131824E-018  -3.2447339665954249E-019  -7.3918448520123437E-019   4.7933392449442583E-019  -1.0463958320380706E-018  -1.6165966152554387E-018  -1.2727583437631186E-016   9.0038046263211127E-017  -6.5154765879054044E-015   2.4667487773435374E-016  -2.8999869859640505E-016   1.2498685495817949E-016   2.6374280761873647E-014  -7.2032965513173413E-016   2.4399072407693065E-016  -5.3638563418614682E-016   1.3965110057603579E-015  -8.2340453865160476E-031   8.8251230393319965E-030   4.4248584202005566E-028  -1.0404111474956055E-029   1.0879321522299845E-030  -9.6577956574425609E-030   6.6678760088939717E-029   4.8859959596329960E-028   1.6867888444492173E-029   1.0379594618388787E-027   5.8218367418955769E-016   5.7269847223427072E-016   6.3634706963817518E-017   5.5398326664057630E-017  -1.5805744240699217E-017  -3.6007145856739639E-017   2.3349308436217948E-017  -5.0972021331962086E-017  -7.8747635100591245E-017  -7.6667502578993526E-017   5.0683348438483037E-017  -2.0070152069248199E-015   7.3552787702081426E-016  -2.0985409138025896E-016  -4.7806966643822168E-016   3.1001057790372425E-016  -6.7675947804371959E-016  -1.0455384549243545E-015
  -3.3789464248112880E-015  -2.1706565140722024E-016   1.3249687003169151E-016   1.6757782788815689E-017  -1.7858146109271310E-018  -7.0052689874102569E-019   4.0132433831735034E-019   7.3014649694671068E-019   7.2620717543531988E-020   1.0556681139415817E-018  -6.0263439531005556E-015  -3.8324212143871609E-016   2.3559912036373477E-016   3.3794721054806023E-017   1.5574677097071932E-014  -1.3260813131594908E-016  -4.0313059707305334E-016   6.0536103878947287E-016  -8.3209018471624806E-016   2.3631238994750915E-016   1.4832381027080479E-017   3.4093111639364645E-028   3.0323179316378059E-030  -1.0404111474956055E-029   1.9329785720429797E-028   4.1362611013031091E-031   1.7382723065887752E-028   9.5818030275344817E-030  -9.0154360878661752E-030  -4.2251351227430600E-030  -1.4011067167111423E-029   2.3156688168249908E-017  -4.8566790985441655E-016   4.2742235491456964E-017  -8.6990580097704137E-017  -3.4124057964153557E-017   1.9549306397361303E-017   3.5566887479592308E-017   3.5374995298241924E-018   5.1423692618152696E-017  -2.2646117360673146E-015  -1.9626110387853599E-016   9.8090280477379762E-017  -1.1549806745593987E-015  -4.5306776253090194E-016   2.5955765629603901E-016   4.7222432184048706E-016   4.6967655447507565E-017   6.8275635271912371E-016
   7.7693492569024483E-018  -2.1695354741057878E-018  -5.3331909741857709E-017   1.6374418107583801E-017  -6.8347428902816338E-019  -9.2579456002165940E-020   2.2795687980423872E-019   1.2314264161103210E-019   5.9587380307625715E-019   5.6033164740656362E-019   1.3566557483734392E-017  -3.9307376832387361E-018  -9.4204178607478023E-017   3.6936974386882629E-017   3.7016366283357257E-017   1.5590536034945476E-017  -5.0794428565477097E-018  -8.6722630323432850E-017  -3.2104013374349768E-016  -3.2446862030055662E-016   4.4066755405745062E-016  -7.8454739687485479E-031  -7.2695095416960235E-032   1.0879321522299845E-030   4.1362611013031091E-031   5.2999517423590055E-031   1.0875423298660421E-030   2.0677200541071673E-030   2.1027290858771927E-030   3.6545204776951722E-031   3.3502368113364279E-030  -9.6483529871295147E-017   4.2800229600206554E-016   1.0545194310096921E-017  -3.3293391442208770E-017  -4.5097293602191225E-018   1.1104232819188551E-017   5.9985228944821306E-018   2.9026197611963159E-017   2.7294868547705662E-017   8.5905503123193054E-018  -1.0766847463885728E-018  -4.7141096127002386E-017  -4.4203893873445522E-016  -5.9876026262808228E-017   1.4743175982463843E-016   7.9642853413010826E-017   3.8538307550204469E-016   3.6239608532141546E-016
  -1.8377201764349251E-015  -1.7596158400355359E-016   8.6103752455134989E-017   9.4230766145630857E-017  -2.8386407608435293E-018  -6.1444521418683275E-019   5.8476304391021939E-020   1.4850782527973687E-018   9.6922556448908885E-019   1.3535625079583010E-018  -3.3059365451912176E-015  -3.0906076922234668E-016   1.5358269775641069E-016   2.0956008746091010E-016   1.6815865272550970E-014  -6.0007365819255227E-016  -4.0823680431968279E-016   2.2138252900092096E-017  -2.0104945090826975E-016  -3.1751669604263808E-016  -1.4563597097007685E-016   3.3579543048084492E-028  -1.2690544619416445E-030  -9.6577956574425609E-030   1.7382723065887752E-028   1.0875423298660421E-030   1.7120565657566065E-028   4.4047060469642204E-030  -6.0505839919958003E-030  -8.3532141636469796E-030  -1.4183005212300380E-029   6.0494265767497077E-016   1.2459294252033155E-015   8.4655339310276852E-017  -1.3827583499620041E-016  -2.9930847969350972E-017   2.8484970443202065E-018   7.2341114197158919E-017   4.7212904175873797E-017   6.5934720799006957E-017  -8.5861373481235640E-016  -1.8092151728641429E-016   5.7265630579549867E-017  -1.8358989789442906E-015  -3.9739418841605893E-016   3.7819716043191768E-017   9.6047858032432541E-016   6.2684938819480515E-016   8.7542039862008384E-016
   5.6372867621032876E-017  -6.3744994153884610E-015  -2.2078633721555490E-016   8.0576196638772530E-016  -2.4612822971762433E-018  -3.4784736278830759E-018  -3.2945809255485989E-019   1.3819733963378883E-019   4.0899945430907777E-019   2.3230849570524679E-018   9.7039053814652173E-017  -1.1375922336678875E-014  -4.0459530867640979E-016   1.8179071064345318E-015   7.5176368634474864E-016   3.1561344836586988E-014   4.2817145191454939E-015  -4.3665432669872932E-015  -4.3954172645171264E-016   1.4901975458937617E-015   2.1209735081267271E-015   2.1879398981648675E-029   2.5763813902760350E-028   6.6678760088939717E-029   9.5818030275344817E-030   2.0677200541071673E-030   4.4047060469642204E-030   7.8609046562400261E-028   7.9403433328474885E-029   2.5839576367031433E-028   1.7394580994880442E-028  -1.3642183595057495E-015   2.1606359821951367E-015   5.1474526161019596E-016  -1.1989395399317255E-016  -1.6944336601155647E-016  -1.6048558687386339E-017   6.7318671725905683E-018   1.9923176556054932E-017   1.1316208681977574E-016   8.3193055438123258E-017  -4.1760320083918137E-015  -2.8809128045651862E-018  -1.5918413200927136E-015  -2.2497127040174054E-015  -2.1307795760945110E-016   8.9379522238110515E-017   2.6452155937163297E-016   1.5024617978537188E-015
  -6.7311762137398415E-017   3.2819722110707852E-017  -5.8507682214136905E-015   1.0735684714606073E-016   6.4340655026797418E-019  -6.0196657098618747E-019  -1.2596479302763878E-018  -1.2301862126193917E-019  -8.3126335984231218E-019  -5.2038792928676155E-019  -1.1940176345568382E-016   5.6267396197392445E-017  -1.0432869489895396E-014   2.4738236418175699E-016   1.1700477609431986E-016   4.8558396567784004E-016   2.6471383751729065E-014  -1.4743228602147233E-015  -8.5740320943516487E-017  -7.5091010601100748E-016   6.4809366713308775E-016   3.9049567645380079E-030   1.2638889789471051E-029   4.8859959596329960E-028  -9.0154360878661752E-030   2.1027290858771927E-030  -6.0505839919958003E-030   7.9403433328474885E-029   5.6388923895022332E-028   2.0336395892756490E-029   1.1690164794979898E-027   6.3433886901569661E-016   1.7649854027872887E-015   2.7459985442380244E-017   3.1341612231766376E-017  -2.9322988449798649E-017  -6.1359955006260507E-017  -5.9924816120001888E-018  -4.0492490903795900E-017  -2.5349130620164317E-017  -5.3727292256457192E-017   5.0771299796404316E-017  -3.9442898086445974E-015   4.1612501487800456E-016  -3.8932359046020151E-016  -8.1468087860167620E-016  -7.9562642835578851E-017  -5.3762194028509945E-016  -3.3656237204246729E-016
   1.0408694513323623E-017  -1.1636490965640706E-015  -1.0235972507447137E-016   2.7885267017118686E-016  -6.7868160736728765E-019  -1.4143391936780933E-018   1.0987587526349441E-019  -3.8847630742776324E-019   4.6701517435554296E-019   1.0671579146641795E-018   2.0377085870196177E-017  -2.0994572761298122E-015  -1.8420574875461776E-016   6.2754415167076922E-016  -5.7449326181767328E-016   1.2494917409994997E-014   1.0001457397940675E-015  -1.2405999872759200E-015   1.6648638871597222E-016   1.0648541277772471E-015   1.1264849730624206E-015  -9.3020066964406291E-030   1.0050665847898354E-028   1.6867888444492173E-029  -4.2251351227430600E-030   3.6545204776951722E-031  -8.3532141636469796E-030   2.5839576367031433E-028   2.0336395892756490E-029   9.4161851291842043E-029   5.0779483256759148E-029  -5.8405876377567712E-016  -8.2413558551606080E-016   1.9062975641882207E-016  -3.3059930387941438E-017  -6.8895273989809249E-017   5.3522723300291096E-018  -1.8923453267518534E-017   2.2749237621437271E-017   5.1983383655229317E-017  -1.6631097735256199E-017  -4.6155533218374557E-016  -4.5431640021940582E-017  -4.3893925822073579E-016  -9.1472789280552914E-016   7.1062534578026422E-017  -2.5124815578051242E-016   3.0204339118342626E-016   6.9018741400101096E-016
  -1.4788934103857726E-016   1.4220680051127437E-016  -1.0516106141030974E-014   2.6457506008755760E-016   7.0064441587648242E-019  -1.9441345253377204E-018   1.9463672455464916E-018   9.0876945947589790E-019   8.4541128315604799E-020  -1.6094138758366833E-018  -2.6288669551941138E-016   2.4526027995217167E-016  -1.8791191188875428E-014   5.9545833570492494E-016   4.1076699442948383E-016   1.7623579561076065E-015   5.9195994510874897E-014  -1.1835822283148430E-015  -4.0558965723209659E-016  -1.0143783806135616E-015   3.1938687152924282E-015   1.4489968702428786E-029   3.3893873618220345E-029   1.0379594618388787E-027  -1.4011067167111423E-029   3.3502368113364279E-030  -1.4183005212300380E-029   1.7394580994880442E-028   1.1690164794979898E-027   5.0779483256759148E-029   2.4760777270070740E-027   2.0171208066562795E-015  -2.3835266049951873E-015   1.8052900864864365E-016   3.4129782462556836E-017  -9.4702657887380617E-017   9.4811418126134774E-017   4.4267967115530641E-017   4.1181664355817221E-018  -7.8397749578691787E-017  -1.1108528360492351E-016   2.0383268235192120E-016  -6.5707946959503427E-015   4.5314376714380328E-016  -1.2573745291328479E-015   1.2588185472526399E-015   5.8774923058622174E-016   5.4677214962557855E-017  -1.0408929977293078E-015
