  0.16944403183974699        4.0714050331357693E-017   1.7961608932235378E-016  -1.2033166397855060E-016  -1.3663783580269710E-017  -1.9980753034986228E-017  -9.0316580577003619E-018   2.5640301947371298E-017  -2.3299610938124578E-017  -1.0868533402499345E-017  0.13456971237185708        1.1629084739443383E-016   2.3357921725640324E-017   2.7863237096523681E-016  -2.0738448909743127E-015  -8.3193662567289557E-016  -1.4955501112857404E-017  -1.8952357139281974E-017  -2.5163728143417169E-016   1.1705432084832389E-018  -4.7281682475300887E-016  -3.8872859442745742E-017   8.9294291953934192E-018  -2.8534993497987875E-017   6.7261535833668775E-018  -7.0508384101484908E-017  -2.3810795138906126E-017   3.8903127053547024E-018   1.3545782668866644E-018  -3.7277392002064316E-017   3.0768612166390121E-018  -3.6090539620239167E-017  0.10316695933416438        1.0587064807731428E-017   7.9096192489142625E-017
   4.0714050331357693E-017  0.16944403183974438       -2.0430434687771197E-018  -1.7347701849233910E-016   2.2886394562771963E-017   1.9668970164501465E-017   2.1142753264785170E-017   2.2517790600387118E-017   3.7230685464854622E-018   5.5080657296798057E-017  -1.4072210103641045E-016  0.13456971237185755       -2.8336301404266541E-016  -2.8247275035218955E-016  -9.2513063972161315E-016   2.3147224374606320E-017  -6.4510647785508383E-016   5.3677206692894142E-017   6.8553655142566683E-018  -5.7722361388082587E-019   3.1901553605094728E-017  -1.6417927504546285E-015   5.5646940170905703E-017  -7.3189177635520429E-016   1.0798230191894648E-016  -6.5905735082385846E-017   3.9028259692154067E-018  -3.8252996491192307E-018  -7.0849385837472568E-018   1.0084669131587245E-017   2.3449984944802253E-018   4.3406387222899378E-018  -1.1018486922199041E-017  0.10316695933416323        1.8320757960478926E-017
   1.7961608932235378E-016  -2.0430434687771197E-018  0.16944403183973528        2.6255101737782148E-016  -3.6751428832262090E-017   2.2375760075091773E-017   3.0824132368821306E-018  -4.4591901004764706E-017  -7.4857503546793391E-018  -4.2054778182599027E-017   2.3102528939481332E-016   2.5786167544399390E-016  0.13456971237186832        1.8849587161128120E-016  -7.0653143044570070E-016  -8.5514312243229321E-017  -3.1683925417614064E-017  -3.1670112630081940E-015  -5.6268161955159666E-018  -2.4121162925816426E-018  -3.8125574306464207E-017  -6.1317042076077434E-017  -3.1407924888009727E-015  -2.9399603465117328E-017  -7.1976615140885651E-015  -2.2759854075592047E-018   1.0979655788165075E-017  -6.5367268583737995E-018   2.0223737937366920E-019   3.2792003215739972E-018   4.3958770993895672E-018   9.8078103966528502E-018   9.2774495214619402E-017   1.9520156613791028E-017  0.10316695933415922     
  -1.2033166397855060E-016  -1.7347701849233910E-016   2.6255101737782148E-016  0.25777608167772897        1.9192394916951817E-015  -7.0161342056681305E-017   7.5831723549824723E-017   2.7950881375251167E-015  -1.3431103976708275E-016   8.3425551955149914E-016  -3.3129826295020893E-016  -1.4919284435410864E-016  -1.1934530402451481E-017  0.42896463187271044        6.3867601204035240E-003  -8.2081028461201813E-017   5.5782334325974331E-017  -4.0548147640401404E-017  -3.9546349141287323E-017   3.5338504280311623E-018  -9.3315818818630400E-017  -2.3013893194635561E-017  -6.0918264582372511E-018  -1.9812877381062913E-017  -4.1477988033088457E-017  0.11349661048055096        2.1763026555527319E-017  -2.0937741464178883E-017  -3.5367537012131058E-017  -3.0741147875082350E-016   1.3286181277623553E-017   6.4940530955808014E-018  -1.0577227957662972E-016  -1.2689412266946579E-016   1.6796721957680147E-016
  -1.3663783580269710E-017   2.2886394562771963E-017  -3.6751428832262090E-017   1.9192394916951817E-015   3.1393340960229937E-029   2.8070128902771629E-030   6.9764138964917238E-030   4.5790579092584056E-029  -2.9889884854212639E-030   3.8985795653675200E-029  -1.0851556153067518E-017   1.8176004785178266E-017  -2.9187390984014839E-017   3.2151155565723119E-015  -5.6802773348245216E-015   3.5114666092794349E-031   1.2633364197198722E-030   2.7296077927975170E-030   3.8907409247794652E-031   4.5692467136587948E-032   9.4241214850046405E-031   6.9562091920983057E-030   2.7362616750927225E-030   1.2607342386873178E-030   3.9956804355962300E-030   6.2856981854753600E-016   3.1561550749680012E-029  -1.9277577536288374E-030  -6.2313340826230225E-030   2.3244843640505713E-029   4.4225607716563121E-030   2.2868761729422102E-029  -8.3192720904428827E-018   1.3934511068503512E-017  -2.2376315781936827E-017
  -1.9980753034986228E-017   1.9668970164501465E-017   2.2375760075091773E-017  -7.0161342056681305E-017   2.8070128902771629E-030   6.7546892686781354E-031   1.2319314684115664E-030   4.0977293800981886E-030  -3.4954746122075995E-031   6.1570957272359852E-030  -1.5868391230413329E-017   1.5620778312160042E-017   1.7770467125420976E-017  -1.1260289885483655E-016  -1.1176899273234565E-015   2.8202249836974990E-031   8.8134160246752614E-032   5.6372672907836907E-032   1.6928612794605322E-031   2.2223632859588470E-033   3.8891454278711421E-031   1.2408345410131950E-030   2.0636143791873590E-034   2.1185548787503826E-031  -3.9569513841650417E-031  -7.3063309104583554E-017   6.1163347851691492E-030  -3.4139430371826987E-031  -1.1538587218100217E-030   5.0636704225921613E-030   8.3941982174190356E-031   4.4501156881048071E-030  -1.2165394752740189E-017   1.1975563984602816E-017   1.3623608365983826E-017
  -9.0316580577003619E-018   2.1142753264785170E-017   3.0824132368821306E-018   7.5831723549824723E-017   6.9764138964917238E-030   1.2319314684115664E-030   2.4286376047812651E-030   1.0185708620890385E-029  -7.8525769952227137E-031   1.2535042597619271E-029  -7.1727969045034439E-018   1.6791233038419728E-017   2.4480027900322776E-018   1.3418323992714268E-016  -2.1458921985885403E-015   3.4907112632946942E-031   2.8376097940966521E-031   8.1403235288061763E-031   2.5041559495999067E-031   7.9972858824544558E-033   5.9592116189897126E-031   2.5389451909527106E-030   7.3258066176823703E-031   4.6570076246941328E-031   8.9339695312600046E-031  -4.7776318246157048E-017   1.1782248239245836E-029  -6.7158288323222241E-031  -2.2487723907552004E-030   9.4858792933998059E-030   1.6256894272781115E-030   8.5610378330837243E-030  -5.4989762073182441E-018   1.2872885179828442E-017   1.8767447729358445E-018
   2.5640301947371298E-017   2.2517790600387118E-017  -4.4591901004764706E-017   2.7950881375251167E-015   4.5790579092584056E-029   4.0977293800981886E-030   1.0185708620890385E-029   6.6804101327861228E-029  -4.3689964413932882E-030   5.6917677657962671E-029   2.0363113535000330E-017   1.7883265473798606E-017  -3.5414167304540224E-017   4.6824368811469290E-015  -8.2985876824684580E-015   2.8579943610801601E-031   1.8795648132442968E-030   3.8104683159549325E-030   5.0127788770208162E-031   6.6855336375970221E-032   1.2485952026334430E-030   1.0255198132703700E-029   3.8278045227811296E-030   1.8803879827525687E-030   5.4470961169949923E-030   9.1443236561175741E-016   4.6101759974720883E-029  -2.8146266447054356E-030  -9.1013829829261989E-030   3.3958537533815429E-029   6.4614231102989687E-030   3.3399504336423955E-029   1.5611243191037137E-017   1.3710084456453308E-017  -2.7150031710429115E-017
  -2.3299610938124578E-017   3.7230685464854622E-018  -7.4857503546793391E-018  -1.3431103976708275E-016  -2.9889884854212639E-030  -3.4954746122075995E-031  -7.8525769952227137E-031  -4.3689964413932882E-030   3.0599305030919499E-031  -4.2497815927633756E-030  -1.8504174554136074E-017   2.9568008858248064E-018  -5.9450619840622573E-018  -2.2599196268128269E-016   6.6457175283772757E-016   5.9593684830275263E-032  -1.4788500305411774E-031  -1.0754485314154879E-031  -2.1479105901719458E-032  -4.1274530219561873E-033  -6.8971318120778653E-032  -8.7108621948547514E-031  -1.0220283019103890E-031  -1.7526099593669650E-031   2.2783910456042253E-032  -3.3896048656493811E-017  -3.6698302856258758E-030   2.1725820019131098E-031   7.1385348791776025E-031  -2.8115744628836949E-030  -5.1175411502444376E-031  -2.6595970630099391E-030  -1.4186100201090088E-017   2.2668113899513113E-018  -4.5577415388538838E-018
  -1.0868533402499345E-017   5.5080657296798057E-017  -4.2054778182599027E-017   8.3425551955149914E-016   3.8985795653675200E-029   6.1570957272359852E-030   1.2535042597619271E-029   5.6917677657962671E-029  -4.2497815927633756E-030   6.5509208359529695E-029  -8.6316136248856653E-018   4.3744168084299737E-017  -3.3399225351591542E-017   1.4291304687970249E-015  -1.0956960173127129E-014   1.4905869559501678E-030   1.7564229771698127E-030   5.1501628175851089E-030   1.1587548823817811E-030   4.8246114649899683E-032   2.7887096545177152E-030   1.3463307670528796E-029   4.7898004854152176E-030   2.5788888264079750E-030   6.9177099899680386E-030  -4.7529619938745536E-017   6.0248897230006863E-029  -3.4646201827341845E-030  -1.1552720677268208E-029   4.7939263305681433E-029   8.3306101891734216E-030   4.3755980064666467E-029  -6.6173681739235135E-018   3.3536170437749700E-017  -2.5605290097649414E-017
  0.13456971237185708       -1.4072210103641045E-016   2.3102528939481332E-016  -3.3129826295020893E-016  -1.0851556153067518E-017  -1.5868391230413329E-017  -7.1727969045034439E-018   2.0363113535000330E-017  -1.8504174554136074E-017  -8.6316136248856653E-018  0.10687309131649489       -4.5082481584656934E-017   8.8734483340094446E-017  -1.9065777695279547E-016   3.6308639127275853E-015  -6.6071062646984166E-016  -1.1877417347089841E-017  -1.5051655825887152E-017  -1.9984626319951241E-016   9.2962650365515389E-019  -3.7550348289494770E-016  -3.0872196898797532E-017   7.0916083937662310E-018  -2.2662030794857421E-017   5.3418025011207332E-018   3.9884241647926420E-017  -1.8910148787200301E-017   3.0896234946272134E-018   1.0757841735815408E-018  -2.9605102435469732E-017   2.4435934652578928E-018  -2.8662523449852282E-017   8.1933532229731598E-002  -9.6958449750620801E-017   1.1662449896631687E-016
   1.1629084739443383E-016  0.13456971237185755        2.5786167544399390E-016  -1.4919284435410864E-016   1.8176004785178266E-017   1.5620778312160042E-017   1.6791233038419728E-017   1.7883265473798606E-017   2.9568008858248064E-018   4.3744168084299737E-017  -4.5082481584656934E-017  0.10687309131649726       -1.8963938311757637E-017  -2.5769272735984748E-016   3.1223304499845726E-015   1.8383151607507989E-017  -5.1233314169651658E-016   4.2629570290313027E-017   5.4444205289559709E-018  -4.5842166791483264E-019   2.5335698438248629E-017  -1.3038852758876516E-015   4.4193900793472706E-017  -5.8125662357112423E-016   8.5757799508835468E-017   8.8399488052126272E-017   3.0995613265852484E-018  -3.0379911757812543E-018  -5.6267437515189687E-018   8.0090812858114289E-018   1.8623599160612774E-018   3.4472651413213742E-018   4.2366611611447598E-017   8.1933532229732237E-002   1.7253835260117505E-016
   2.3357921725640324E-017  -2.8336301404266541E-016  0.13456971237186832       -1.1934530402451481E-017  -2.9187390984014839E-017   1.7770467125420976E-017   2.4480027900322776E-018  -3.5414167304540224E-017  -5.9450619840622573E-018  -3.3399225351591542E-017   8.8734483340094446E-017  -1.8963938311757637E-017  0.10687309131652009       -2.2621610569542474E-016   1.8706573281294633E-015  -6.7914085124778525E-017  -2.5162861647984528E-017  -2.5151891755301026E-015  -4.4687265097430340E-018  -1.9156637868911439E-018  -3.0278715117484012E-017  -4.8697004114467468E-017  -2.4943666486727046E-015  -2.3348690061209645E-017  -5.7162664815310835E-015  -6.7658190786627626E-018   8.7198652281286293E-018  -5.1913628567141828E-018   1.6061365914222910E-019   2.6042879131885377E-018   3.4911345679387973E-018   7.7892045517547961E-018   1.0483179746041332E-018  -1.5603645672276657E-016   8.1933532229740008E-002
   2.7863237096523681E-016  -2.8247275035218955E-016   1.8849587161128120E-016  0.42896463187271044        3.2151155565723119E-015  -1.1260289885483655E-016   1.3418323992714268E-016   4.6824368811469290E-015  -2.2599196268128269E-016   1.4291304687970249E-015  -1.9065777695279547E-016  -2.5769272735984748E-016  -2.2621610569542474E-016  0.71386571318434155        3.4856559098341952E-003  -1.3550160839475265E-016   9.3983311458535229E-017  -6.4563346571640331E-017  -6.4984644908177872E-017   5.9044042195466124E-018  -1.5330833665048794E-016  -2.9153358577820978E-017  -7.5266976902083009E-018  -3.1102047376387497E-017  -6.5619993484484453E-017  0.18859955236996659        7.5370566288365734E-017  -3.7052683582545953E-017  -6.6295699550313487E-017  -4.7972719468789263E-016   2.7502139834043821E-017   3.9261826630929228E-017   1.1575003619881249E-016  -2.0961063127566865E-016   1.2638143099570611E-016
  -2.0738448909743127E-015  -9.2513063972161315E-016  -7.0653143044570070E-016   6.3867601204035240E-003  -5.6802773348245216E-015  -1.1176899273234565E-015  -2.1458921985885403E-015  -8.2985876824684580E-015   6.6457175283772757E-016  -1.0956960173127129E-014   3.6308639127275853E-015   3.1223304499845726E-015   1.8706573281294633E-015   3.4856559098341952E-003   1.9196857823469153       -2.9476706740333544E-016  -3.0930075624418445E-016  -7.8379147638555124E-016  -2.2252073100169743E-016  -6.2901063877579253E-018  -5.3397731718224450E-016  -2.4579856709102551E-015  -7.0176516561526166E-016  -5.0264788843454614E-016  -9.1568770930069582E-016   7.5351081940549722E-002  -1.0522140407069933E-014   5.9347202744493533E-016   1.9987692360507636E-015  -8.5633012788102659E-015  -1.4489187965126799E-015  -7.6470258286341425E-015  -1.3169774642452242E-015   3.4800358432781265E-017   7.6276039296758559E-017
  -8.3193662567289557E-016   2.3147224374606320E-017  -8.5514312243229321E-017  -8.2081028461201813E-017   3.5114666092794349E-031   2.8202249836974990E-031   3.4907112632946942E-031   2.8579943610801601E-031   5.9593684830275263E-032   1.4905869559501678E-030  -6.6071062646984166E-016   1.8383151607507989E-017  -6.7914085124778525E-017  -1.3550160839475265E-016  -2.9476706740333544E-016   4.2017419908195751E-030   3.0910472449769936E-032   1.8309876739379573E-030   1.2856433671943830E-030  -4.7612877182370922E-033   2.4558300398062903E-030   3.7961395878403063E-031   1.6577800933072259E-030   1.3784614678521901E-031   3.7669087165953319E-030  -4.7201987160893714E-017   1.7097069878495095E-030  -1.0024258619908477E-031  -3.0141051435848527E-031   1.5853994322959820E-030   1.9977891539943022E-031   1.3369904317186311E-030  -5.0652933064394025E-016   1.4093318778039295E-017  -5.2065873774947379E-017
  -1.4955501112857404E-017  -6.4510647785508383E-016  -3.1683925417614064E-017   5.5782334325974331E-017   1.2633364197198722E-030   8.8134160246752614E-032   2.8376097940966521E-031   1.8795648132442968E-030  -1.4788500305411774E-031   1.7564229771698127E-030  -1.1877417347089841E-017  -5.1233314169651658E-016  -2.5162861647984528E-017   9.3983311458535229E-017  -3.0930075624418445E-016   3.0910472449769936E-032   2.5256470980443116E-030   5.0742735341032681E-031   2.4461961778600105E-032   4.3422924686823028E-033  -6.7359246271226988E-033   6.6582836266445102E-030   4.8688289941614437E-031   2.8714592096230277E-030   1.0732352254016978E-030   1.2819765331559336E-017   1.6930349584007565E-030  -8.5227983809204940E-032  -3.0448734983221926E-031   1.2825295057248191E-030   2.2742000047712705E-031   1.2239574237857763E-030  -9.1057416326790917E-018  -3.9277673603768715E-016  -1.9290937601137859E-017
  -1.8952357139281974E-017   5.3677206692894142E-017  -3.1670112630081940E-015  -4.0548147640401404E-017   2.7296077927975170E-030   5.6372672907836907E-032   8.1403235288061763E-031   3.8104683159549325E-030  -1.0754485314154879E-031   5.1501628175851089E-030  -1.5051655825887152E-017   4.2629570290313027E-017  -2.5151891755301026E-015  -6.4563346571640331E-017  -7.8379147638555124E-016   1.8309876739379573E-030   5.0742735341032681E-031   5.9538076746827304E-029   2.3205138302300827E-031   4.6815077127314551E-032   1.0070732376347195E-030   1.6360649358146282E-030   5.9007015109189044E-029   5.2873327637982862E-031   1.3494161883613789E-028  -4.7434559125018441E-017   4.0864278596177613E-030  -1.1840858061606515E-031  -8.1607163253895135E-031   3.4834535775219292E-030   5.0715317414078437E-031   2.9396130944842587E-030  -1.1539250081844180E-017   3.2681671581650039E-017  -1.9282527607146504E-015
  -2.5163728143417169E-016   6.8553655142566683E-018  -5.6268161955159666E-018  -3.9546349141287323E-017   3.8907409247794652E-031   1.6928612794605322E-031   2.5041559495999067E-031   5.0127788770208162E-031  -2.1479105901719458E-032   1.1587548823817811E-030  -1.9984626319951241E-016   5.4444205289559709E-018  -4.4687265097430340E-018  -6.4984644908177872E-017  -2.2252073100169743E-016   1.2856433671943830E-030   2.4461961778600105E-032   2.3205138302300827E-031   4.0580065356093961E-031  -1.4876658541412243E-033   7.8040337992924516E-031   2.8049321528595532E-031   1.7519929314109101E-031   7.4737711443099216E-032   3.4532451915885936E-031  -2.5783963027393724E-017   1.2462830275693106E-030  -7.1057999528421080E-032  -2.2766682460849255E-031   1.0902682778732763E-030   1.6060517612851936E-031   9.3504549683121638E-031  -1.5321078528886372E-016   4.1739281552213685E-018  -3.4259189380753199E-018
   1.1705432084832389E-018  -5.7722361388082587E-019  -2.4121162925816426E-018   3.5338504280311623E-018   4.5692467136587948E-032   2.2223632859588470E-033   7.9972858824544558E-033   6.6855336375970221E-032  -4.1274530219561873E-033   4.8246114649899683E-032   9.2962650365515389E-019  -4.5842166791483264E-019  -1.9156637868911439E-018   5.9044042195466124E-018  -6.2901063877579253E-018  -4.7612877182370922E-033   4.3422924686823028E-033   4.6815077127314551E-032  -1.4876658541412243E-033   1.1402567357328609E-034  -2.3450235233477593E-033   1.4046533151975077E-032   4.6830405786951275E-032   4.1114474339732320E-033   1.0461109850026695E-031   1.3149120110910386E-018   3.4926044397065010E-032  -2.1276202940743567E-033  -7.0980950174171879E-033   2.3873551614928045E-032   4.9479804522226367E-033   2.5093208956184492E-032   7.1269186808942111E-019  -3.5144586949089801E-019  -1.4686306786030874E-018
  -4.7281682475300887E-016   3.1901553605094728E-017  -3.8125574306464207E-017  -9.3315818818630400E-017   9.4241214850046405E-031   3.8891454278711421E-031   5.9592116189897126E-031   1.2485952026334430E-030  -6.8971318120778653E-032   2.7887096545177152E-030  -3.7550348289494770E-016   2.5335698438248629E-017  -3.0278715117484012E-017  -1.5330833665048794E-016  -5.3397731718224450E-016   2.4558300398062903E-030  -6.7359246271226988E-033   1.0070732376347195E-030   7.8040337992924516E-031  -2.3450235233477593E-033   1.5149729782584787E-030   5.0214303821685540E-031   8.8878712259144991E-031   9.4702782353544816E-032   1.8894186605399073E-030  -6.1177818218636977E-017   2.9713696305183377E-030  -1.6704728891692239E-031  -5.4621218457459878E-031   2.5861929717450529E-030   3.8746567838204623E-031   2.2150627061386785E-030  -2.8787720406662403E-016   1.9423441756780975E-017  -2.3212972043693396E-017
  -3.8872859442745742E-017  -1.6417927504546285E-015  -6.1317042076077434E-017  -2.3013893194635561E-017   6.9562091920983057E-030   1.2408345410131950E-030   2.5389451909527106E-030   1.0255198132703700E-029  -8.7108621948547514E-031   1.3463307670528796E-029  -3.0872196898797532E-017  -1.3038852758876516E-015  -4.8697004114467468E-017  -2.9153358577820978E-017  -2.4579856709102551E-015   3.7961395878403063E-031   6.6582836266445102E-030   1.6360649358146282E-030   2.8049321528595532E-031   1.4046533151975077E-032   5.0214303821685540E-031   1.9087001151665710E-029   1.4941003764126900E-030   7.7533383183524715E-030   2.7314848180060012E-030  -1.0299867970709934E-016   1.3433064208625769E-029  -7.2003154012632421E-031  -2.4885623538670153E-030   1.0890246717368880E-029   1.8291505112106474E-030   9.7521661203406997E-030  -2.3667960835146014E-017  -9.9961482314980958E-016  -3.7333228663591713E-017
   8.9294291953934192E-018   5.5646940170905703E-017  -3.1407924888009727E-015  -6.0918264582372511E-018   2.7362616750927225E-030   2.0636143791873590E-034   7.3258066176823703E-031   3.8278045227811296E-030  -1.0220283019103890E-031   4.7898004854152176E-030   7.0916083937662310E-018   4.4193900793472706E-017  -2.4943666486727046E-015  -7.5266976902083009E-018  -7.0176516561526166E-016   1.6577800933072259E-030   4.8688289941614437E-031   5.9007015109189044E-029   1.7519929314109101E-031   4.6830405786951275E-032   8.8878712259144991E-031   1.4941003764126900E-030   5.8492659525123638E-029   4.8709729044742045E-031   1.3378603378009855E-028  -2.9196217672134098E-017   3.6421821040458292E-030  -9.6504489046655840E-032  -7.3606668004303695E-031   3.0750521675431173E-030   4.4885733518623408E-031   2.6127278052278956E-030   5.4367335849855102E-018   3.3880954975811456E-017  -1.9122893114089453E-015
  -2.8534993497987875E-017  -7.3189177635520429E-016  -2.9399603465117328E-017  -1.9812877381062913E-017   1.2607342386873178E-030   2.1185548787503826E-031   4.6570076246941328E-031   1.8803879827525687E-030  -1.7526099593669650E-031   2.5788888264079750E-030  -2.2662030794857421E-017  -5.8125662357112423E-016  -2.3348690061209645E-017  -3.1102047376387497E-017  -5.0264788843454614E-016   1.3784614678521901E-031   2.8714592096230277E-030   5.2873327637982862E-031   7.4737711443099216E-032   4.1114474339732320E-033   9.4702782353544816E-032   7.7533383183524715E-030   4.8709729044742045E-031   3.3041084794686366E-030   1.0237582367743578E-030  -2.7699980057054901E-017   2.7363543937792499E-030  -1.3677944570427107E-031  -4.9005856152456013E-031   2.2239825678138305E-030   3.6669878465167843E-031   1.9856663689610032E-030  -1.7373692551129314E-017  -4.4561645700014044E-016  -1.7900115230939258E-017
   6.7261535833668775E-018   1.0798230191894648E-016  -7.1976615140885651E-015  -4.1477988033088457E-017   3.9956804355962300E-030  -3.9569513841650417E-031   8.9339695312600046E-031   5.4470961169949923E-030   2.2783910456042253E-032   6.9177099899680386E-030   5.3418025011207332E-018   8.5757799508835468E-017  -5.7162664815310835E-015  -6.5619993484484453E-017  -9.1568770930069582E-016   3.7669087165953319E-030   1.0732352254016978E-030   1.3494161883613789E-028   3.4532451915885936E-031   1.0461109850026695E-031   1.8894186605399073E-030   2.7314848180060012E-030   1.3378603378009855E-028   1.0237582367743578E-030   3.0625462080479582E-028  -5.2827454832077671E-017   4.5457303153201230E-030  -4.2847396997253443E-033  -9.6019751732513492E-031   3.9919241908640632E-030   5.0332073061984780E-031   3.2275764375812103E-030   4.0952567386200567E-018   6.5745636656103639E-017  -4.3823370151351917E-015
  -7.0508384101484908E-017  -6.5905735082385846E-017  -2.2759854075592047E-018  0.11349661048055096        6.2856981854753600E-016  -7.3063309104583554E-017  -4.7776318246157048E-017   9.1443236561175741E-016  -3.3896048656493811E-017  -4.7529619938745536E-017   3.9884241647926420E-017   8.8399488052126272E-017  -6.7658190786627626E-018  0.18859955236996659        7.5351081940549722E-002  -4.7201987160893714E-017   1.2819765331559336E-017  -4.7434559125018441E-017  -2.5783963027393724E-017   1.3149120110910386E-018  -6.1177818218636977E-017  -1.0299867970709934E-016  -2.9196217672134098E-017  -2.7699980057054901E-017  -5.2827454832077671E-017   5.2712844039188189E-002  -3.8807053661092651E-016   1.3228233891085379E-017   5.9994683418709059E-017  -4.5867042488689464E-016  -4.8917364453595582E-017  -2.8612830915993836E-016  -5.9264037646231652E-017  -2.6871743583527256E-017   2.1316938698364083E-017
  -2.3810795138906126E-017   3.9028259692154067E-018   1.0979655788165075E-017   2.1763026555527319E-017   3.1561550749680012E-029   6.1163347851691492E-030   1.1782248239245836E-029   4.6101759974720883E-029  -3.6698302856258758E-030   6.0248897230006863E-029  -1.8910148787200301E-017   3.0995613265852484E-018   8.7198652281286293E-018   7.5370566288365734E-017  -1.0522140407069933E-014   1.7097069878495095E-030   1.6930349584007565E-030   4.0864278596177613E-030   1.2462830275693106E-030   3.4926044397065010E-032   2.9713696305183377E-030   1.3433064208625769E-029   3.6421821040458292E-030   2.7363543937792499E-030   4.5457303153201230E-030  -3.8807053661092651E-016   5.7690380412163386E-029  -3.2590308328958531E-030  -1.0965205616881666E-029   4.6881233903893145E-029   7.9456769875103717E-030   4.1927554248455675E-029  -1.4497337599549331E-017   2.3762577157902796E-018   6.6850256683669860E-018
   3.8903127053547024E-018  -3.8252996491192307E-018  -6.5367268583737995E-018  -2.0937741464178883E-017  -1.9277577536288374E-030  -3.4139430371826987E-031  -6.7158288323222241E-031  -2.8146266447054356E-030   2.1725820019131098E-031  -3.4646201827341845E-030   3.0896234946272134E-018  -3.0379911757812543E-018  -5.1913628567141828E-018  -3.7052683582545953E-017   5.9347202744493533E-016  -1.0024258619908477E-031  -8.5227983809204940E-032  -1.1840858061606515E-031  -7.1057999528421080E-032  -2.1276202940743567E-033  -1.6704728891692239E-031  -7.2003154012632421E-031  -9.6504489046655840E-032  -1.3677944570427107E-031  -4.2847396997253443E-033   1.3228233891085379E-017  -3.2590308328958531E-030   1.8593678685523940E-031   6.2183896032421471E-031  -2.6237660810642351E-030  -4.4969553888397941E-031  -2.3682264535867494E-030   2.3686389441564457E-018  -2.3290553763196879E-018  -3.9799232032803089E-018
   1.3545782668866644E-018  -7.0849385837472568E-018   2.0223737937366920E-019  -3.5367537012131058E-017  -6.2313340826230225E-030  -1.1538587218100217E-030  -2.2487723907552004E-030  -9.1013829829261989E-030   7.1385348791776025E-031  -1.1552720677268208E-029   1.0757841735815408E-018  -5.6267437515189687E-018   1.6061365914222910E-019  -6.6295699550313487E-017   1.9987692360507636E-015  -3.0141051435848527E-031  -3.0448734983221926E-031  -8.1607163253895135E-031  -2.2766682460849255E-031  -7.0980950174171879E-033  -5.4621218457459878E-031  -2.4885623538670153E-030  -7.3606668004303695E-031  -4.9005856152456013E-031  -9.6019751732513492E-031   5.9994683418709059E-017  -1.0965205616881666E-029   6.2183896032421471E-031   2.0882673130153134E-030  -8.8713232925472040E-030  -1.5116283515848028E-030  -7.9677172370131990E-030   8.2474265666080476E-019  -4.3137050199896486E-018   1.2313337488046316E-019
  -3.7277392002064316E-017   1.0084669131587245E-017   3.2792003215739972E-018  -3.0741147875082350E-016   2.3244843640505713E-029   5.0636704225921613E-030   9.4858792933998059E-030   3.3958537533815429E-029  -2.8115744628836949E-030   4.7939263305681433E-029  -2.9605102435469732E-017   8.0090812858114289E-018   2.6042879131885377E-018  -4.7972719468789263E-016  -8.5633012788102659E-015   1.5853994322959820E-030   1.2825295057248191E-030   3.4834535775219292E-030   1.0902682778732763E-030   2.3873551614928045E-032   2.5861929717450529E-030   1.0890246717368880E-029   3.0750521675431173E-030   2.2239825678138305E-030   3.9919241908640632E-030  -4.5867042488689464E-016   4.6881233903893145E-029  -2.6237660810642351E-030  -8.8713232925472040E-030   3.8509717922998619E-029   6.4432661272053195E-030   3.4085551024665221E-029  -2.2696551439461835E-017   6.1401079689870237E-018   1.9965597050003027E-018
   3.0768612166390121E-018   2.3449984944802253E-018   4.3958770993895672E-018   1.3286181277623553E-017   4.4225607716563121E-030   8.3941982174190356E-031   1.6256894272781115E-030   6.4614231102989687E-030  -5.1175411502444376E-031   8.3306101891734216E-030   2.4435934652578928E-018   1.8623599160612774E-018   3.4911345679387973E-018   2.7502139834043821E-017  -1.4489187965126799E-015   1.9977891539943022E-031   2.2742000047712705E-031   5.0715317414078437E-031   1.6060517612851936E-031   4.9479804522226367E-033   3.8746567838204623E-031   1.8291505112106474E-030   4.4885733518623408E-031   3.6669878465167843E-031   5.0332073061984780E-031  -4.8917364453595582E-017   7.9456769875103717E-030  -4.4969553888397941E-031  -1.5116283515848028E-030   6.4432661272053195E-030   1.0950729202996266E-030   5.7736385252613040E-030   1.8733643939379533E-018   1.4277656267495227E-018   2.6764546914202432E-018
  -3.6090539620239167E-017   4.3406387222899378E-018   9.8078103966528502E-018   6.4940530955808014E-018   2.2868761729422102E-029   4.4501156881048071E-030   8.5610378330837243E-030   3.3399504336423955E-029  -2.6595970630099391E-030   4.3755980064666467E-029  -2.8662523449852282E-017   3.4472651413213742E-018   7.7892045517547961E-018   3.9261826630929228E-017  -7.6470258286341425E-015   1.3369904317186311E-030   1.2239574237857763E-030   2.9396130944842587E-030   9.3504549683121638E-031   2.5093208956184492E-032   2.2150627061386785E-030   9.7521661203406997E-030   2.6127278052278956E-030   1.9856663689610032E-030   3.2275764375812103E-030  -2.8612830915993836E-016   4.1927554248455675E-029  -2.3682264535867494E-030  -7.9677172370131990E-030   3.4085551024665221E-029   5.7736385252613040E-030   3.0474080890924215E-029  -2.1973929638729418E-017   2.6428224923844116E-018   5.9715409587592642E-018
  0.10316695933416438       -1.1018486922199041E-017   9.2774495214619402E-017  -1.0577227957662972E-016  -8.3192720904428827E-018  -1.2165394752740189E-017  -5.4989762073182441E-018   1.5611243191037137E-017  -1.4186100201090088E-017  -6.6173681739235135E-018   8.1933532229731598E-002   4.2366611611447598E-017   1.0483179746041332E-018   1.1575003619881249E-016  -1.3169774642452242E-015  -5.0652933064394025E-016  -9.1057416326790917E-018  -1.1539250081844180E-017  -1.5321078528886372E-016   7.1269186808942111E-019  -2.8787720406662403E-016  -2.3667960835146014E-017   5.4367335849855102E-018  -1.7373692551129314E-017   4.0952567386200567E-018  -5.9264037646231652E-017  -1.4497337599549331E-017   2.3686389441564457E-018   8.2474265666080476E-019  -2.2696551439461835E-017   1.8733643939379533E-018  -2.1973929638729418E-017   6.2813788026026343E-002  -1.5355577956457488E-017   3.8059246139684714E-017
   1.0587064807731428E-017  0.10316695933416323        1.9520156613791028E-017  -1.2689412266946579E-016   1.3934511068503512E-017   1.1975563984602816E-017   1.2872885179828442E-017   1.3710084456453308E-017   2.2668113899513113E-018   3.3536170437749700E-017  -9.6958449750620801E-017   8.1933532229732237E-002  -1.5603645672276657E-016  -2.0961063127566865E-016   3.4800358432781265E-017   1.4093318778039295E-017  -3.9277673603768715E-016   3.2681671581650039E-017   4.1739281552213685E-018  -3.5144586949089801E-019   1.9423441756780975E-017  -9.9961482314980958E-016   3.3880954975811456E-017  -4.4561645700014044E-016   6.5745636656103639E-017  -2.6871743583527256E-017   2.3762577157902796E-018  -2.3290553763196879E-018  -4.3137050199896486E-018   6.1401079689870237E-018   1.4277656267495227E-018   2.6428224923844116E-018  -1.5355577956457488E-017   6.2813788026025927E-002   2.3797108308793781E-017
   7.9096192489142625E-017   1.8320757960478926E-017  0.10316695933415922        1.6796721957680147E-016  -2.2376315781936827E-017   1.3623608365983826E-017   1.8767447729358445E-018  -2.7150031710429115E-017  -4.5577415388538838E-018  -2.5605290097649414E-017   1.1662449896631687E-016   1.7253835260117505E-016   8.1933532229740008E-002   1.2638143099570611E-016   7.6276039296758559E-017  -5.2065873774947379E-017  -1.9290937601137859E-017  -1.9282527607146504E-015  -3.4259189380753199E-018  -1.4686306786030874E-018  -2.3212972043693396E-017  -3.7333228663591713E-017  -1.9122893114089453E-015  -1.7900115230939258E-017  -4.3823370151351917E-015   2.1316938698364083E-017   6.6850256683669860E-018  -3.9799232032803089E-018   1.2313337488046316E-019   1.9965597050003027E-018   2.6764546914202432E-018   5.9715409587592642E-018   3.8059246139684714E-017   2.3797108308793781E-017   6.2813788026024414E-002
