  0.15773146109952604        2.8888665127732230E-016   3.2495210981225342E-016   1.9589295903419523E-016   7.3884229940814000E-009  -2.5335931909564209E-008  -5.4425388310440368E-009   5.4861242637232715E-009   4.8737989615755754E-009  -1.2874493680566699E-008  0.31508616934859474        5.2380024335586467E-003  -3.6355051474894586E-004   7.7837014902728465E-017  -4.2751887933644861E-016   1.8188106729373708E-018   4.4638534484247221E-005  -7.7450254811607658E-015   3.2660662070980621E-016   1.0103940521901921E-015  0.18704006250764255       -7.7520413341872240E-016   8.2220802400528509E-017   2.6890472971542846E-016   2.7120526015085830E-009  -1.6123636261175559E-007  -3.1000075670695835E-008  -4.7069416325513769E-009   2.5660377451584660E-009   1.9949786724524724E-009  -4.1203498080761483E-017  -1.9480018841381870E-017   2.8741524531986614E-017   2.8652843490118650E-017   3.4037815296682328E-017   1.0388458642954450E-017  -6.8609071470267190E-018   4.4848104139042497E-018   2.1105127557354189E-017  -5.1384555086648243E-017  -9.0467279790296500E-016   2.3414858608278508E-016   1.2262998414913723E-016   4.2367351330332932E-009  -2.5194225255157005E-007  -4.8439541843449427E-008  -7.3558273217818437E-009   4.0089569491125502E-009   3.1191715387590570E-009
   2.8888665127732230E-016   1.0147066503258383E-006   6.8701646867139278E-012   1.4673264995213084E-012   4.6244222519447356E-018  -4.7950310572490952E-019   1.2439386824121309E-018   3.0026209072531371E-018  -5.5675660265835065E-021   4.5815174276384915E-018   5.4282614779909503E-016   6.5227913495684657E-015   4.7203900251602131E-015   2.1835801507842876E-011  -2.5655379776586650E-011  -5.2530475936770996E-012  -1.0416523973929700E-015   1.3162447184883127E-003   4.4875596422040407E-009   9.5719088019105874E-010   4.8591251932494478E-016  -1.0575655853392521E-004   4.8573048342514213E-012  -4.0099997536733370E-012  -8.1321810507970209E-019   2.1082106444775286E-018  -7.1570650978844426E-019   1.1136703529632570E-018  -1.2536912847286060E-021  -1.3265943982740830E-018  -2.5305417200062582E-012   4.5361075193303683E-012   1.1158868278903534E-012  -8.3083573197629899E-013  -1.2653529344724912E-012   4.2259225504837210E-012  -2.4168729326735175E-012  -1.2719591641416056E-013  -1.2935325835556082E-012  -7.3692654964324080E-013   1.5813044021218133E-004   5.2333401092514771E-010   1.1310024065175275E-010  -2.9786313841674762E-018  -1.0338629756257589E-018   9.8882150710694875E-020  -4.2169597378204182E-018  -4.6550059227037673E-020  -4.1928861758746462E-018
   3.2495210981225342E-016   6.8701646867139278E-012   1.0147072333474119E-006  -1.2551681656902607E-012  -5.6515401986619926E-019  -1.3741380514630807E-018   4.4868444835205802E-019  -4.0142314398540786E-019  -4.5411613031217535E-019   2.8581587283212593E-019   6.5952133493957342E-016  -1.8932576665500888E-015  -3.5395183471958897E-017  -2.5655377753222419E-011   1.9995685995124077E-011   2.9155542106102550E-012   4.4428311033789351E-016   4.4875609059480383E-009   1.3162450974388456E-003  -8.1000586677488006E-010   3.4693467911076985E-016   4.8589397491518492E-012  -1.0575656563177603E-004   3.8599932951270152E-011  -8.3184373812782167E-020   6.4222548913917906E-019  -1.0846903892623112E-018   1.2250398224504507E-018   1.6557200727005489E-019  -7.3196829144724435E-019  -2.3927006857268225E-012  -1.2607414870597798E-012   1.4535826768327026E-013   4.4997133150077276E-012   8.9853589074270378E-013  -1.2895667361812569E-012  -1.9600369781772699E-012  -1.9240687958940669E-012   3.8904528945161249E-012   1.3257714334076309E-012   5.2333416000809604E-010   1.5813048659871993E-004  -1.0599376255024225E-010   2.2155826896793692E-019  -4.7993062978669879E-019   3.7894403347832722E-019   2.2430774328759762E-020   2.8113318243382753E-019   9.3316146110015932E-019
   1.9589295903419523E-016   1.4673264995213084E-012  -1.2551681656902607E-012   1.0147126491810406E-006  -8.7072475002611982E-019  -1.0628447265346950E-018   6.7719630493657235E-021  -3.6838012489631581E-019  -1.3986061059474287E-019  -1.0102190175712773E-018   3.8945917460399298E-016   7.8734367364467792E-016   2.1005767463225301E-015  -5.2530482917602099E-012   2.9155515264936153E-012   8.6549032957337406E-012   8.8337118525138315E-017   9.5718955865290141E-010  -8.1000498804841499E-010   1.3162485855721209E-003   2.4028252025849505E-016  -4.0098117550349487E-012   3.8599609066009661E-011  -1.0575675980071500E-004   1.0812196636308601E-018   6.2070641071466634E-019   5.2912657101207492E-019   1.4314190164508950E-019  -1.0481388893412481E-018  -2.7427767919094442E-019  -5.0281136389294523E-013   1.4269553832454242E-013  -1.9260866056956397E-012  -1.0635132911156257E-013   2.9183136816960553E-012   7.8094361077219930E-013   4.1492866974310567E-013  -1.8345177370336172E-012  -6.9937884599478081E-013   2.8029433575990386E-012   1.1310008202237046E-010  -1.0599365551642603E-010   1.5813095120518551E-004   4.4785900013007194E-019   4.5616965594820982E-019   5.1262326799932544E-019   1.3548175380731487E-018   7.2843369482987203E-020   2.3207772199626030E-018
   7.3884229940814000E-009   4.6244222519447356E-018  -5.6515401986619926E-019  -8.7072475002611982E-019   3.4623376389435506E-016  -1.1863099983370137E-015  -2.5486051473220427E-016   2.5713196457855726E-016   2.2838932376555246E-016  -6.0336320154140534E-016   1.4756326947767018E-008   7.8040613903117636E-010  -1.5715396496220357E-011   1.1671319574873475E-022  -1.4544536225226990E-022  -3.4838738757880441E-023  -4.7144267068906028E-013   5.9778680214915346E-015  -6.9164844222022840E-016  -1.1477570166798255E-015   8.7714704192762967E-009  -7.8307430526916204E-016   6.6050537145069775E-016  -1.7411886842694072E-016   1.2658421145077610E-016  -7.5532758979917419E-015  -1.4521908951004339E-015  -2.2091672426203793E-016   1.1991026121423335E-016   9.4336704445142021E-017  -1.1446156828007944E-023   2.0192820752887550E-023   8.0508759085150513E-024  -4.6071550212123040E-024  -7.1714104498733010E-024   1.9745259317337641E-023  -1.0655085536277504E-023   2.2772271597636595E-024  -6.3408087295935094E-024  -8.7859375979033693E-024   7.1830834195492357E-016  -8.3376334287164830E-017  -1.3776404353305492E-016   1.9867715089203351E-016  -1.1783339366907405E-014  -2.2655605001749816E-015  -3.4356253749860706E-016   1.8783606820155614E-016   1.4488907759378707E-016
  -2.5335931909564209E-008  -4.7950310572490952E-019  -1.3741380514630807E-018  -1.0628447265346950E-018  -1.1863099983370137E-015   4.0711741384746517E-015   8.7447394781657281E-016  -8.8073110807164698E-016  -7.8256965503347036E-016   2.0670325556261295E-015  -5.0620639634115481E-008   8.7264639515394570E-010  -1.9586735311866804E-010   1.8242298118884256E-023   4.1655480684889477E-023  -1.0188175870623039E-023  -3.2851974612160628E-013  -5.6791249422578236E-016  -1.8809137988314305E-015  -1.3594832230467555E-015  -3.0010931331304210E-008   8.3325671765365241E-016  -1.2849615880706308E-015   3.8859894983747566E-016  -4.3708638840530730E-016   2.5896730379169904E-014   4.9791520896884671E-015   7.5466202270378540E-016  -4.1309967221704531E-016  -3.1759005300616820E-016   1.2543036951416265E-023   2.7697461962733332E-024  -3.2106326520690482E-024  -1.0434262400583922E-023  -9.2181124758983034E-024  -2.2693109858783939E-024   4.3860945789196120E-024   4.0799062519592424E-024  -7.7568795463944325E-024   4.1156046444528281E-024  -6.8596483536672549E-017  -2.2529584489271895E-016  -1.6345588474479857E-016  -6.7981379354681813E-016   4.0526892750115121E-014   7.7917418901014486E-015   1.1847614147934010E-015  -6.4378167650543964E-016  -5.0496044373395688E-016
  -5.4425388310440368E-009   1.2439386824121309E-018   4.4868444835205802E-019   6.7719630493657235E-021  -2.5486051473220427E-016   8.7447394781657281E-016   1.8783765737832071E-016  -1.8921844915192252E-016  -1.6812229668951456E-016   4.4407712430957640E-016  -1.0873615954230833E-008   1.0253559644681882E-010  -3.6098065126319408E-011   1.7622690995980344E-023  -9.7887118979763830E-024   4.5719479415008161E-024  -2.3578306134289879E-014   1.6746487643484454E-015   5.7015481885380830E-016   1.1575158550267229E-016  -6.4484181183980645E-009   7.5542708115754300E-016  -2.1892148786155962E-016   1.5501606751448857E-015  -9.3820658268202062E-017   5.5631145751655201E-015   1.0696113425974985E-015   1.6218195127301208E-016  -8.8694293638200114E-017  -6.8364389282745751E-017  -2.7395548413299632E-024   5.9233416190352158E-024   3.4413799170373598E-025  -8.6336497725661755E-026  -2.1054183897567138E-024   4.5671224966995835E-024  -3.6863422613519492E-024  -1.2943621460802238E-024  -7.6988140651706067E-025   1.7067974980883487E-024   2.0077140612643865E-016   6.8578062108034073E-017   1.3175746356008017E-017  -1.4606958134090207E-016   8.7029095428508504E-015   1.6732371594199816E-015   2.5434571441782875E-016  -1.3830197810361256E-016  -1.0827888357761530E-016
   5.4861242637232715E-009   3.0026209072531371E-018  -4.0142314398540786E-019  -3.6838012489631581E-019   2.5713196457855726E-016  -8.8073110807164698E-016  -1.8921844915192252E-016   1.9097283351697930E-016   1.6961282516982641E-016  -4.4810291671239623E-016   1.0956165950924647E-008   7.3645251936444191E-010  -2.2713248913731059E-011   7.7840601727414508E-023  -1.0125907180984651E-022  -1.1213290213669659E-023  -4.3706002321884944E-013   3.9031158883029900E-015  -5.4186901380025532E-016  -3.8292445221245094E-016   6.5160712222906264E-009  -1.9366249495206856E-016  -2.6451561852281995E-016   1.4149439864385105E-015   9.3859338044059599E-017  -5.6087317384940010E-015  -1.0783221261234495E-015  -1.6416518654155751E-016   8.8952424802513310E-017   7.0308958919480213E-017  -7.5074707998037999E-024   1.3229779957085151E-023   4.8469215232790752E-024  -3.2234313621806223E-024  -3.7573850156944655E-024   1.3282798105559644E-023  -6.7541035827301678E-024   1.1424354288305560E-024  -4.5248866582697084E-024  -5.2262648641897841E-024   4.6885468766139607E-016  -6.4954588377135045E-017  -4.6651900242400674E-017   1.4758907673270689E-016  -8.7441645481212682E-015  -1.6812367934677782E-015  -2.5481181271590730E-016   1.3948866926733438E-016   1.0722546932688098E-016
   4.8737989615755754E-009  -5.5675660265835065E-021  -4.5411613031217535E-019  -1.3986061059474287E-019   2.2838932376555246E-016  -7.8256965503347036E-016  -1.6812229668951456E-016   1.6961282516982641E-016   1.5065469491003018E-016  -3.9800048262189412E-016   9.7341604269273887E-009   4.9663324198175624E-010  -9.0887062029465795E-012   1.4637052251655508E-023  -2.0388742839467860E-023  -1.0235279042192080E-023  -3.0226234250562497E-013   1.0026219574341907E-017  -5.6775620288044185E-016  -2.6136392048492759E-016   5.7857846798956983E-009   2.5083582188071940E-016   3.5647854741791601E-016  -1.1444238212787209E-015   8.3517130287170451E-017  -4.9825216944492142E-015  -9.5793964510087244E-016  -1.4571368284046666E-016   7.9109001265773434E-017   6.2199317809576991E-017   1.8979654370401397E-026  -5.9399615450366646E-026   1.2395474170145263E-024  -9.8099435060378359E-025   5.0918589058314776E-026   7.9407634202212145E-025   5.0964507526676591E-025   1.3515417194420778E-024  -9.1359298161820747E-025  -2.6541764622436127E-024   1.0866792969539828E-018  -6.8354432881900895E-017  -3.0853811112505275E-017   1.3105051026092278E-016  -7.7735359970415890E-015  -1.4946016752454544E-015  -2.2666619904919609E-016   1.2390500513302080E-016   9.5618124408394115E-017
  -1.2874493680566699E-008   4.5815174276384915E-018   2.8581587283212593E-019  -1.0102190175712773E-018  -6.0336320154140534E-016   2.0670325556261295E-015   4.4407712430957640E-016  -4.4810291671239623E-016  -3.9800048262189412E-016   1.0514617099595464E-015  -2.5712386209671091E-008  -1.5167939186423220E-009   3.8430053625692212E-011   1.1675907847302562E-022  -8.6985630185793593E-023  -4.2543900855000595E-023   9.1075428215297202E-013   6.1468629463604152E-015   3.3857711651358968E-016  -1.4235752729793515E-015  -1.5287476911611619E-008   2.4779493973039670E-015  -4.9646224158872324E-016  -1.5356693009136050E-015  -2.2044268157580347E-016   1.3161952789190777E-014   2.5305024805032561E-015   3.8508026080445115E-016  -2.0886184821514111E-016  -1.6464488125494681E-016  -9.1059702178182377E-024   2.2435968367480999E-023   4.9311934048449775E-024  -5.1111478639432085E-024  -1.1655769013149174E-023   1.7559741749069793E-023  -1.1666922790966052E-023   4.5310092634809422E-025  -5.9832305612303507E-024  -2.1632152044834265E-024   7.3707732224494365E-016   4.0895526626493174E-017  -1.7025214152959958E-016  -3.4626476259248730E-016   2.0527420463854916E-014   3.9467812438849715E-015   5.9837196890152868E-016  -3.2732336996173561E-016  -2.5211363061620549E-016
  0.31508616934859474        5.4282614779909503E-016   6.5952133493957342E-016   3.8945917460399298E-016   1.4756326947767018E-008  -5.0620639634115481E-008  -1.0873615954230833E-008   1.0956165950924647E-008   9.7341604269273887E-009  -2.5712386209671091E-008  0.62947616451389499       -3.0418713405877276E-007  -1.5326822809381446E-007   1.9880222653665395E-016  -8.6571183164225239E-016   9.5987043347895522E-018  -1.7218788826962285E-008  -1.6809964036345627E-014   8.8805942591070953E-016   4.0554733911748819E-015  0.37343385694511227       -1.7362820180928760E-015  -1.7447292537943785E-016   3.7427747709251370E-016   5.4265066069372109E-009  -3.2207431984381371E-007  -6.1924298990581091E-008  -9.3941128774032893E-009   5.1315799481513350E-009   3.9677854716217723E-009  -8.7789151606919979E-017  -3.8434019893688328E-017   5.6754880935885307E-017   5.5946512578115449E-017   6.7979270435386514E-017   1.9474151155457178E-017  -1.3051047727224791E-017   8.3086022627810303E-018   4.2624368125001472E-017  -1.0471935821182434E-016  -1.9854867458275447E-015   5.0193160808380081E-016   4.8826785796634147E-016   8.4589936805669362E-009  -5.0363707728141692E-007  -9.6830665566996739E-008  -1.4713655315220211E-008   8.0073526977523337E-009   6.2548206332524574E-009
   5.2380024335586467E-003   6.5227913495684657E-015  -1.8932576665500888E-015   7.8734367364467792E-016   7.8040613903117636E-010   8.7264639515394570E-010   1.0253559644681882E-010   7.3645251936444191E-010   4.9663324198175624E-010  -1.5167939186423220E-009  -3.0418713405877276E-007   1.9496603537894082       -4.1804436130485785E-008  -8.6178641162146683E-015   2.1901423066720855E-015  -1.2833975213343870E-015  -2.9680471755804812E-008  -1.0789832842510024E-014   1.7743810663995884E-015   7.1286415482197042E-016   4.3306944789507702E-002  -1.0778281724067668E-015  -5.3731203935278014E-018  -6.8869588750935341E-017  -1.5611974128209305E-009  -7.8213812470118093E-009  -1.3648674414933650E-009  -1.7420209652371349E-009  -9.6246596441865747E-010   3.3031947544331197E-009   1.0510324030245929E-015  -8.7842563793255322E-017   1.3053491556049990E-016   2.7987795313522004E-016   3.9594613960525010E-018   2.7686166378649490E-016  -1.1158128002969117E-016   1.2798914650380637E-016  -8.3653858930656958E-017   3.8565711022905130E-016   2.2640445610848754E-015  -8.5578164139987152E-016   4.2839418032489491E-016   9.4584752203031927E-010   5.7532412113888306E-008   1.0904424644970984E-008   3.3907062353540793E-009   3.1314251159989110E-010  -4.3366453730052334E-009
  -3.6355051474894586E-004   4.7203900251602131E-015  -3.5395183471958897E-017   2.1005767463225301E-015  -1.5715396496220357E-011  -1.9586735311866804E-010  -3.6098065126319408E-011  -2.2713248913731059E-011  -9.0887062029465795E-012   3.8430053625692212E-011  -1.5326822809381446E-007  -4.1804436130485785E-008   2.0004507638039191       -7.8524665639592458E-015   3.2684163922620851E-016  -2.5537483880120993E-015  -2.7691876376600815E-008  -4.6834294119553020E-015   2.4113005800210595E-016  -1.2951279294674291E-015  -1.5166999876875629E-003  -4.0083682832065940E-016   1.0978133321502801E-017  -1.3845398289314844E-016   3.8593036603417155E-011   4.8579729348385617E-010   8.9563316833541490E-011   5.5991843732713662E-011   2.2301197565518585E-011  -9.4612475412875723E-011   4.0432970184018856E-016   4.6314108147506498E-017   1.0538939786045734E-016   5.5771199069637819E-016   2.5026792879824448E-019   5.5737260485364002E-016   1.5744470477553438E-016   1.0512042834130403E-016   4.6906386323292313E-017   1.3999558901689751E-017   3.3198645517387814E-015  -1.4583887850657845E-016   9.4563929120050534E-016  -1.0721392943051494E-010  -1.1838419673449738E-009  -2.1718039787373068E-010  -1.4822836713666767E-010  -6.2776412636666686E-011   2.5539406176353844E-010
   7.7837014902728465E-017   2.1835801507842876E-011  -2.5655377753222419E-011  -5.2530482917602099E-012   1.1671319574873475E-022   1.8242298118884256E-023   1.7622690995980344E-023   7.7840601727414508E-023   1.4637052251655508E-023   1.1675907847302562E-022   1.9880222653665395E-016  -8.6178641162146683E-015  -7.8524665639592458E-015   1.2465933364194351E-015  -1.1115441495084818E-015  -2.3941118958200663E-016   2.3658013143358403E-015   2.9281595974622133E-008  -3.3472193954779326E-008  -6.8526596283451884E-009  -6.7316270857114909E-017   1.1597088236497996E-008  -1.2120652831326108E-010  -1.1512729160176426E-011  -7.3478347072772628E-024  -4.4123465724960092E-023  -8.1779475847825847E-024  -1.0019826635308086E-023   6.7682989790704586E-024  -2.1612029430705598E-023   7.1914630999773886E-018   1.3266031025102073E-016   3.1240513688073140E-017  -1.3243919080524023E-016  -6.6232194057494535E-017   1.2279098100331828E-016  -6.3202234945738817E-018   5.5635834690399903E-017  -1.2418203577294153E-016  -6.4753536955801195E-017   3.5112868518150713E-009  -4.0199519964730873E-009  -8.2299867094572182E-010  -8.7659750580075066E-023  -4.1645683090884884E-022  -8.5543905600495722E-023  -1.1048515999061297E-022  -7.9350430742089751E-024  -1.1645913704830353E-022
  -4.2751887933644861E-016  -2.5655379776586650E-011   1.9995685995124077E-011   2.9155515264936153E-012  -1.4544536225226990E-022   4.1655480684889477E-023  -9.7887118979763830E-024  -1.0125907180984651E-022  -2.0388742839467860E-023  -8.6985630185793593E-023  -8.6571183164225239E-016   2.1901423066720855E-015   3.2684163922620851E-016  -1.1115441495084818E-015   1.1492782864553166E-015   2.1878786298503967E-016  -4.0751396868540350E-016  -3.3472196876940112E-008   2.6882186359526614E-008   3.7967169371533077E-009  -4.6521654336458675E-016  -1.2121062856891695E-010   1.1608195313279523E-008  -9.0318329280100458E-011   1.3293426846903912E-023   4.0203049970827009E-022   7.9378371613026966E-023   8.5699426278005270E-024  -1.3360515765450036E-023   1.5805222453480895E-023   1.3804331247127283E-017  -1.4079371635034975E-016  -3.0983435629611130E-017   1.1314137064867899E-016   5.9015094404556982E-017  -1.3166202564502569E-016   2.2672253814924662E-017  -4.1374962087993752E-017   1.1037666381167932E-016   5.3932616958978809E-017  -4.0199523455034432E-009   3.2231126852907034E-009   4.5602777584518745E-010   7.2469216757072116E-023   7.7099904421512296E-022   1.5298225376647663E-022   1.3804463811600520E-022  -4.3836997551754490E-024   1.1803387266451350E-022
   1.8188106729373708E-018  -5.2530475936770996E-012   2.9155542106102550E-012   8.6549032957337406E-012  -3.4838738757880441E-023  -1.0188175870623039E-023   4.5719479415008161E-024  -1.1213290213669659E-023  -1.0235279042192080E-023  -4.2543900855000595E-023   9.5987043347895522E-018  -1.2833975213343870E-015  -2.5537483880120993E-015  -2.3941118958200663E-016   2.1878786298503967E-016   1.9425684436043482E-016  -7.7926744620771487E-017  -6.8526588866723740E-009   3.7967203779568818E-009   1.2121937675493377E-008  -2.0884530827659193E-017  -1.1515176230014808E-011  -9.0319203531162337E-011   1.2076568765218406E-008   1.5275488238662686E-023  -6.2500834636632037E-024  -1.9377583085569911E-024  -4.5140836774291353E-024  -1.0489161287354787E-023   5.3122493302443661E-024   1.5978195087546144E-018  -2.5958041271197970E-017  -2.3125133106405301E-017   1.6313620621838059E-017   3.6345054000769032E-017  -1.8457360883518935E-017   1.0756202072203775E-017  -2.1767020451877859E-017   1.1527246266149798E-017   3.3460218949329259E-017  -8.2299858072509250E-010   4.5602818949429649E-010   1.4501883822494297E-009   2.3350937994393597E-023  -3.7155994380651990E-023  -9.2070241105160291E-025   3.1682135406465150E-023   8.6784612024851128E-024   4.9402189866366902E-023
   4.4638534484247221E-005  -1.0416523973929700E-015   4.4428311033789351E-016   8.8337118525138315E-017  -4.7144267068906028E-013  -3.2851974612160628E-013  -2.3578306134289879E-014  -4.3706002321884944E-013  -3.0226234250562497E-013   9.1075428215297202E-013  -1.7218788826962285E-008  -2.9680471755804812E-008  -2.7691876376600815E-008   2.3658013143358403E-015  -4.0751396868540350E-016  -7.7926744620771487E-017   1.9999927008451599        2.5800221410044746E-016   3.6980895195695346E-016   3.3524033849844196E-016   1.8342680349719769E-004   8.6595725582074415E-017   1.7356439534889542E-017   2.2975326596787558E-017   1.3512889667365382E-012   1.1898853498308452E-012   1.1626132073283438E-013   1.2611070083529023E-012   8.6009335579868618E-013  -2.6037575751044477E-012  -4.8024248660538838E-016   1.1932359541207986E-016   5.0985154193503438E-017  -8.7968452638916431E-017  -2.2944029775155127E-020  -8.7787555436451632E-017   1.0200750546805439E-017   5.1273708401097172E-017   1.1867134074971622E-016  -2.5411954050707049E-017  -9.6895490832456574E-016  -5.7641552547423490E-016  -1.5589105646951417E-016  -2.3992866488689744E-012  -2.4411564081259453E-012  -2.6869809074215159E-013  -2.2525041538899230E-012  -1.5297579411568936E-012   4.6592966055494152E-012
  -7.7450254811607658E-015   1.3162447184883127E-003   4.4875609059480383E-009   9.5718955865290141E-010   5.9778680214915346E-015  -5.6791249422578236E-016   1.6746487643484454E-015   3.9031158883029900E-015   1.0026219574341907E-017   6.1468629463604152E-015  -1.6809964036345627E-014  -1.0789832842510024E-014  -4.6834294119553020E-015   2.9281595974622133E-008  -3.3472196876940112E-008  -6.8526588866723740E-009   2.5800221410044746E-016   1.7168514182128483        1.7561681157581867E-008   1.3532793646537505E-009   1.9560190645900447E-014   1.5186982761734906E-008   1.4379442541108352E-009   1.8699385684767819E-010  -9.9994313099862598E-016   2.7380464008937019E-015  -9.7344461670662509E-016   1.3752578917279126E-015  -1.6728111365355343E-017  -1.7205512975808593E-015  -3.3009855395175794E-009   5.9209239427478076E-009   1.4563522660730932E-009  -1.0836882125160829E-009  -1.6506219868039913E-009   5.5124365314399085E-009  -3.1548082989615493E-009  -1.6609029631711849E-010  -1.6883050062963822E-009  -9.6170426971779089E-010  0.20619374970869497       -1.8300292258902501E-008  -2.2724060210504884E-009  -4.0081033721066301E-015  -1.3007115847072698E-015   1.5754368433932509E-016  -5.3921976046263016E-015  -6.7512417395856637E-017  -5.5482058672079809E-015
   3.2660662070980621E-016   4.4875596422040407E-009   1.3162450974388456E-003  -8.1000498804841499E-010  -6.9164844222022840E-016  -1.8809137988314305E-015   5.7015481885380830E-016  -5.4186901380025532E-016  -5.6775620288044185E-016   3.3857711651358968E-016   8.8805942591070953E-016   1.7743810663995884E-015   2.4113005800210595E-016  -3.3472193954779326E-008   2.6882186359526614E-008   3.7967203779568818E-009   3.6980895195695346E-016   1.7561681157581867E-008   1.7168514161342756        1.5551855673184367E-008  -2.4891953289024002E-015   1.4379403177208774E-009   1.5130201187848871E-008   6.7723821020527120E-010  -9.2129279156818674E-017   9.0115161386752663E-016  -1.4401227088055519E-015   1.5877663243367065E-015   1.5693954450183500E-016  -9.5787403061951218E-016  -3.1232745049355504E-009  -1.6446424448164330E-009   1.8957040991424219E-010   5.8734484097772712E-009   1.1726204084037550E-009  -1.6831337972860476E-009  -2.5566056701585857E-009  -2.5099293348595611E-009   5.0747488462987433E-009   1.7294920743708562E-009  -1.8300295078781909E-008  0.20619375059121223       -9.4592594668356365E-009   2.7838216071308628E-016  -6.5438872920016920E-016   5.0882284037485431E-016   7.5664189225732975E-017   3.5565380491189846E-016   1.1917857761478320E-015
   1.0103940521901921E-015   9.5719088019105874E-010  -8.1000586677488006E-010   1.3162485855721209E-003  -1.1477570166798255E-015  -1.3594832230467555E-015   1.1575158550267229E-016  -3.8292445221245094E-016  -2.6136392048492759E-016  -1.4235752729793515E-015   4.0554733911748819E-015   7.1286415482197042E-016  -1.2951279294674291E-015  -6.8526596283451884E-009   3.7967169371533077E-009   1.2121937675493377E-008   3.3524033849844196E-016   1.3532793646537505E-009   1.5551855673184367E-008   1.7168513359078272       -6.3164926357647744E-015   1.8699041334703948E-010   6.7723625394879819E-010   1.1550534754025711E-008   1.4154176741394780E-015   7.8229603320504891E-016   6.1229947650568521E-016   1.3598532940975526E-016  -1.3880040586283588E-015  -3.0405411950129040E-016  -6.5628400440983143E-010   1.8609833751111164E-010  -2.5122235576558648E-009  -1.3891014433233741E-010   3.8095523523719605E-009   1.0194075958885668E-009   5.4117527455589813E-010  -2.3926958456280214E-009  -9.1215852813394511E-010   3.6558516376268075E-009  -2.2724060237000075E-009  -9.4592578603190674E-009  0.20619380036191043        6.1536732657934890E-016   5.8396929304575215E-016   6.9250047496701400E-016   1.7652864000824018E-015   1.6844458825126892E-016   3.0334672960687307E-015
  0.18704006250764255        4.8591251932494478E-016   3.4693467911076985E-016   2.4028252025849505E-016   8.7714704192762967E-009  -3.0010931331304210E-008  -6.4484181183980645E-009   6.5160712222906264E-009   5.7857846798956983E-009  -1.5287476911611619E-008  0.37343385694511227        4.3306944789507702E-002  -1.5166999876875629E-003  -6.7316270857114909E-017  -4.6521654336458675E-016  -2.0884530827659193E-017   1.8342680349719769E-004   1.9560190645900447E-014  -2.4891953289024002E-015  -6.3164926357647744E-015  0.22250106115832327        1.8478254790901786E-015  -2.1035373928648293E-016  -4.0546181688677597E-016   3.1845428263642710E-009  -1.9124322308457246E-007  -3.6766693156953927E-008  -5.6117518559532788E-009   3.0228906502886843E-009   2.4273148368270067E-009  -2.9084929264230884E-017  -2.4776086498500757E-017   3.6493915630091542E-017   3.8975927839615627E-017   4.0416100313233041E-017   1.7272261811074627E-017  -1.0339471991372394E-017   7.6970399111880599E-018   2.3403827463228472E-017  -5.3570797467451432E-017   2.4436664873483557E-015  -8.8074184905164762E-017  -7.5084097922168834E-016   5.0393502633189848E-009  -2.9750155434897459E-007  -5.7201969900404498E-008  -8.6533801626146013E-009   4.7573286447217983E-009   3.6141222267204085E-009
  -7.7520413341872240E-016  -1.0575655853392521E-004   4.8589397491518492E-012  -4.0098117550349487E-012  -7.8307430526916204E-016   8.3325671765365241E-016   7.5542708115754300E-016  -1.9366249495206856E-016   2.5083582188071940E-016   2.4779493973039670E-015  -1.7362820180928760E-015  -1.0778281724067668E-015  -4.0083682832065940E-016   1.1597088236497996E-008  -1.2121062856891695E-010  -1.1515176230014808E-011   8.6595725582074415E-017   1.5186982761734906E-008   1.4379403177208774E-009   1.8699041334703948E-010   1.8478254790901786E-015   2.0001309410799850        6.9260834604527766E-011   1.6824397510910663E-011   8.8132524498370010E-016  -1.7704276650393468E-016  -5.7983936721563910E-016  -1.1219363524982494E-015  -2.1882102741659621E-016   1.4231348024721987E-016  -3.9133361921463767E-012   6.1193808802836014E-011   1.2145454529027982E-011   5.3717586961776434E-013  -2.0996739899712279E-012   4.7125279814104942E-012  -3.4137738982049326E-011  -2.7815445430118555E-012  -1.5394281216212108E-011  -6.9789982604279653E-012  -9.3674826755527334E-004  -3.4335976718322786E-010  -1.0043232842949428E-010  -1.7819002381788207E-015   6.8843441161482176E-016   4.1329423630667762E-016   1.5691024110936842E-015  -9.8348456446582898E-017  -1.1482963808354197E-015
   8.2220802400528509E-017   4.8573048342514213E-012  -1.0575656563177603E-004   3.8599609066009661E-011   6.6050537145069775E-016  -1.2849615880706308E-015  -2.1892148786155962E-016  -2.6451561852281995E-016   3.5647854741791601E-016  -4.9646224158872324E-016  -1.7447292537943785E-016  -5.3731203935278014E-018   1.0978133321502801E-017  -1.2120652831326108E-010   1.1608195313279523E-008  -9.0319203531162337E-011   1.7356439534889542E-017   1.4379442541108352E-009   1.5130201187848871E-008   6.7723625394879819E-010  -2.1035373928648293E-016   6.9260834604527766E-011   2.0001309410889143       -2.8533570041374421E-011   2.3747128517809147E-016   9.1405781276652406E-016  -3.6810724642813685E-016  -1.4683779670836148E-016  -8.5570906785624665E-016  -4.5407381711570852E-017  -3.4120815099841423E-011  -2.4280100579687841E-012  -3.1774221798075589E-013   6.1179514682861978E-011   8.7326386972879380E-012  -1.5403551475850134E-011  -4.6244452545773298E-013  -3.7533614066860961E-012   3.0506027646539383E-012   3.0359127674730790E-012  -3.4336376863611564E-010  -9.3674833703310840E-004   2.7476504906318109E-010  -1.5387257433719771E-016  -4.2271837438419017E-016   2.0878283774762545E-016   6.7223884466292522E-016  -1.5998180369694911E-016  -3.6821870301977886E-016
   2.6890472971542846E-016  -4.0099997536733370E-012   3.8599932951270152E-011  -1.0575675980071500E-004  -1.7411886842694072E-016   3.8859894983747566E-016   1.5501606751448857E-015   1.4149439864385105E-015  -1.1444238212787209E-015  -1.5356693009136050E-015   3.7427747709251370E-016  -6.8869588750935341E-017  -1.3845398289314844E-016  -1.1512729160176426E-011  -9.0318329280100458E-011   1.2076568765218406E-008   2.2975326596787558E-017   1.8699385684767819E-010   6.7723821020527120E-010   1.1550534754025711E-008  -4.0546181688677597E-016   1.6824397510910663E-011  -2.8533570041374421E-011   2.0001309412230825        7.4378052745511700E-017  -3.9994784983290685E-016  -1.1297749003411359E-015  -7.3557010564727282E-016  -3.0244115438868859E-016   7.7869458587063866E-016  -6.4015407990779491E-012  -3.1217980464200509E-013   1.0453234550712363E-012  -2.8279987377983579E-012   4.4114171021728394E-011   1.1416584090416636E-011  -5.5702788966679304E-013   2.3530665035008947E-012   1.0613538650260421E-012  -2.5318751064967532E-012  -1.0043529297958814E-010   2.7476308811096919E-010  -9.3674967091207228E-004   4.5246859677488526E-016  -1.6546290410133141E-016   3.4490249091523661E-016  -2.7354496897155702E-017   1.0648118348677724E-015   9.2151064504265752E-017
   2.7120526015085830E-009  -8.1321810507970209E-019  -8.3184373812782167E-020   1.0812196636308601E-018   1.2658421145077610E-016  -4.3708638840530730E-016  -9.3820658268202062E-017   9.3859338044059599E-017   8.3517130287170451E-017  -2.2044268157580347E-016   5.4265066069372109E-009  -1.5611974128209305E-009   3.8593036603417155E-011  -7.3478347072772628E-024   1.3293426846903912E-023   1.5275488238662686E-023   1.3512889667365382E-012  -9.9994313099862598E-016  -9.2129279156818674E-017   1.4154176741394780E-015   3.1845428263642710E-009   8.8132524498370010E-016   2.3747128517809147E-016   7.4378052745511700E-017   4.8031001115877375E-017  -2.7702241060348430E-015  -5.3273430577517653E-016  -7.9587540052772861E-017   4.5008785515887607E-017   3.1558102161066305E-017  -4.7824907500648443E-026  -3.4401839064000229E-024  -2.5373775762267755E-024   4.7774911472588748E-025   4.6237531150084469E-024  -2.3223041640129984E-024   2.3855678676671536E-024  -1.7715616886012529E-024   3.8802932088851533E-025   2.2671742352615105E-024  -1.2050587572300671E-016  -1.1175932582779216E-017   1.6995679267710498E-016   7.2162734566152213E-017  -4.3877811524064607E-015  -8.4348115798560832E-016  -1.2955954551063764E-016   6.8776784470321840E-017   5.7398254054867240E-017
  -1.6123636261175559E-007   2.1082106444775286E-018   6.4222548913917906E-019   6.2070641071466634E-019  -7.5532758979917419E-015   2.5896730379169904E-014   5.5631145751655201E-015  -5.6087317384940010E-015  -4.9825216944492142E-015   1.3161952789190777E-014  -3.2207431984381371E-007  -7.8213812470118093E-009   4.8579729348385617E-010  -4.4123465724960092E-023   4.0203049970827009E-022  -6.2500834636632037E-024   1.1898853498308452E-012   2.7380464008937019E-015   9.0115161386752663E-016   7.8229603320504891E-016  -1.9124322308457246E-007  -1.7704276650393468E-016   9.1405781276652406E-016  -3.9994784983290685E-016  -2.7702241060348430E-015   1.6482227491893261E-013   3.1689344348896802E-014   4.8135423954903544E-015  -2.6217294626739570E-015  -2.0434098904589291E-015   3.3582342693131489E-023   2.8686440523518499E-023  -2.8260993896531152E-023  -2.8292914266653574E-023  -3.5083435632252136E-023  -2.5769023722583603E-024   1.0397885814372635E-024  -7.4135405070691450E-024  -2.1903826752286057E-023   5.3078750121689249E-023   3.2892207926464975E-016   1.0779992445513092E-016   9.4141035027917428E-017  -4.3319028314534584E-015   2.5745709129418471E-013   4.9500048645513274E-014   7.5146695245150339E-015  -4.0982696436511972E-015  -3.1828476895814348E-015
  -3.1000075670695835E-008  -7.1570650978844426E-019  -1.0846903892623112E-018   5.2912657101207492E-019  -1.4521908951004339E-015   4.9791520896884671E-015   1.0696113425974985E-015  -1.0783221261234495E-015  -9.5793964510087244E-016   2.5305024805032561E-015  -6.1924298990581091E-008  -1.3648674414933650E-009   8.9563316833541490E-011  -8.1779475847825847E-024   7.9378371613026966E-023  -1.9377583085569911E-024   1.1626132073283438E-013  -9.7344461670662509E-016  -1.4401227088055519E-015   6.1229947650568521E-016  -3.6766693156953927E-008  -5.7983936721563910E-016  -3.6810724642813685E-016  -1.1297749003411359E-015  -5.3273430577517653E-016   3.1689344348896802E-014   6.0927212557985165E-015   9.2536165082870352E-016  -5.0414097461350181E-016  -3.9264495854467849E-016   1.2186943367185422E-023   1.9161684528200641E-024  -7.5546611749534134E-024  -1.0046330783095750E-023  -5.4051677239672982E-024  -3.4397355228957640E-024   5.5056356062158615E-024   4.4412970117386222E-025  -7.7540057524986480E-024   1.0433613401297304E-023  -1.1663906318215113E-016  -1.7278627927984483E-016   7.4066285882345586E-017  -8.3281483790890451E-016   4.9504632981050731E-014   9.5180087755013302E-015   1.4450656949500298E-015  -7.8794002987699019E-016  -6.1226643644407540E-016
  -4.7069416325513769E-009   1.1136703529632570E-018   1.2250398224504507E-018   1.4314190164508950E-019  -2.2091672426203793E-016   7.5466202270378540E-016   1.6218195127301208E-016  -1.6416518654155751E-016  -1.4571368284046666E-016   3.8508026080445115E-016  -9.3941128774032893E-009  -1.7420209652371349E-009   5.5991843732713662E-011  -1.0019826635308086E-023   8.5699426278005270E-024  -4.5140836774291353E-024   1.2611070083529023E-012   1.3752578917279126E-015   1.5877663243367065E-015   1.3598532940975526E-016  -5.6117518559532788E-009  -1.1219363524982494E-015  -1.4683779670836148E-016  -7.3557010564727282E-016  -7.9587540052772861E-017   4.8135423954903544E-015   9.2536165082870352E-016   1.4175298520520865E-016  -7.5721567275238271E-017  -6.2168099155781118E-017  -5.1955229841556095E-024   3.8560236498145264E-024   1.7510402588346126E-025   3.4795672058702572E-024  -9.6973046706641541E-025   2.4116434448894589E-024  -4.5303596354666937E-024  -2.8781843316985087E-024   2.7165936748759621E-024   2.3418780065499209E-024   1.6569381824421788E-016   1.9075938761586740E-016   1.6676322307690940E-017  -1.2708759902895273E-016   7.4646899539905225E-015   1.4353225545084390E-015   2.1654841797380325E-016  -1.1978087719978398E-016  -8.9463111278722657E-017
   2.5660377451584660E-009  -1.2536912847286060E-021   1.6557200727005489E-019  -1.0481388893412481E-018   1.1991026121423335E-016  -4.1309967221704531E-016  -8.8694293638200114E-017   8.8952424802513310E-017   7.9109001265773434E-017  -2.0886184821514111E-016   5.1315799481513350E-009  -9.6246596441865747E-010   2.2301197565518585E-011   6.7682989790704586E-024  -1.3360515765450036E-023  -1.0489161287354787E-023   8.6009335579868618E-013  -1.6728111365355343E-017   1.5693954450183500E-016  -1.3880040586283588E-015   3.0228906502886843E-009  -2.1882102741659621E-016  -8.5570906785624665E-016  -3.0244115438868859E-016   4.5008785515887607E-017  -2.6217294626739570E-015  -5.0414097461350181E-016  -7.5721567275238271E-017   4.2308751360473511E-017   3.0714253990856807E-017  -9.3698499375215010E-025  -6.3347840210632675E-025   2.4322494888466855E-024   9.5805615622192034E-025  -2.4145458544693280E-024  -9.9911087357243831E-025  -6.8601663923730784E-025   1.7138776844970244E-024   1.6073507288374973E-024  -3.8322180607482397E-024  -1.9065626533574317E-018   1.9249209436662350E-017  -1.6655760546452619E-016   6.8490806770061909E-017  -4.1341360247057214E-015  -7.9476291352962055E-016  -1.2162332371657422E-016   6.5121799880682441E-017   5.3133857818014306E-017
   1.9949786724524724E-009  -1.3265943982740830E-018  -7.3196829144724435E-019  -2.7427767919094442E-019   9.4336704445142021E-017  -3.1759005300616820E-016  -6.8364389282745751E-017   7.0308958919480213E-017   6.2199317809576991E-017  -1.6464488125494681E-016   3.9677854716217723E-009   3.3031947544331197E-009  -9.4612475412875723E-011  -2.1612029430705598E-023   1.5805222453480895E-023   5.3122493302443661E-024  -2.6037575751044477E-012  -1.7205512975808593E-015  -9.5787403061951218E-016  -3.0405411950129040E-016   2.4273148368270067E-009   1.4231348024721987E-016  -4.5407381711570852E-017   7.7869458587063866E-016   3.1558102161066305E-017  -2.0434098904589291E-015  -3.9264495854467849E-016  -6.2168099155781118E-017   3.0714253990856807E-017   3.0611087825611196E-017   6.3737262688403307E-024  -5.4382008309626532E-024  -5.4521305368434377E-025  -1.3682029060631030E-024   7.7729190604287932E-025  -4.1950850203528732E-024   4.2107529488079773E-024   2.2555275044414587E-024  -8.5402137205070210E-025  -6.5746341105167633E-025  -2.0670473888424726E-016  -1.1501932330568982E-016  -3.6881580096957347E-017   5.4927262602323597E-017  -3.0770528592735069E-015  -5.9186909169662667E-016  -8.6993100239724863E-017   5.1006369351573385E-017   3.2066686907979878E-017
  -4.1203498080761483E-017  -2.5305417200062582E-012  -2.3927006857268225E-012  -5.0281136389294523E-013  -1.1446156828007944E-023   1.2543036951416265E-023  -2.7395548413299632E-024  -7.5074707998037999E-024   1.8979654370401397E-026  -9.1059702178182377E-024  -8.7789151606919979E-017   1.0510324030245929E-015   4.0432970184018856E-016   7.1914630999773886E-018   1.3804331247127283E-017   1.5978195087546144E-018  -4.8024248660538838E-016  -3.3009855395175794E-009  -3.1232745049355504E-009  -6.5628400440983143E-010  -2.9084929264230884E-017  -3.9133361921463767E-012  -3.4120815099841423E-011  -6.4015407990779491E-012  -4.7824907500648443E-026   3.3582342693131489E-023   1.2186943367185422E-023  -5.1955229841556095E-024  -9.3698499375215010E-025   6.3737262688403307E-024   1.2280098950635826E-017  -8.4634466904094263E-018  -2.1846871560122453E-018  -8.5492348503952308E-018  -4.1609629535734606E-019  -7.9262727437177180E-018   1.0509892758481489E-017   5.8000675657376167E-018  -5.6371631601796858E-018  -2.6947207252868890E-018  -3.9644628938065325E-010  -3.7508905411189275E-010  -7.8816668286549977E-011   6.2784494760166720E-024   1.0448967842219390E-022   1.7840185549228557E-023   1.3391145294163143E-023  -1.5423156107815088E-024   4.1884598069861935E-024
