  0.23124189114936755       -4.9770736965779533E-017  -7.6893468327501827E-016  -1.6815718684833866E-016  -4.4937725393901003E-017  -1.2155999317424226E-017   4.4950445658732896E-017  -1.4017678102992250E-016  -2.5170309157997699E-017  -1.7167536704047591E-016   1.7056746363264673E-016  0.17158556634044755       -4.4503980859090812E-018  -5.9035255317471476E-016   6.0434142661074039E-015  -1.0539153422964437E-002  -1.4811843155418030E-015  -7.9729151976217550E-016  -5.2497599826303592E-015  -1.1998824082200259E-003   4.2859037965221268E-016  -8.4479701850158660E-016  -1.3234404888344485E-016   1.5725947684989700E-014   2.3103579494169561E-017   1.0839730397212016E-016   5.5637280780322974E-015   2.8243559770146290E-018   6.5054274315394401E-015  -7.8170226803950877E-018   7.6430007441179119E-017  -4.6211544877846988E-018   1.5894971511304966E-016  -3.2495689834271035E-016  -7.2580180302128880E-016  -2.2237355629722896E-016   1.7069066555560765E-016   4.2768055063366374E-016  -8.2827202166277367E-017   8.9888195526141797E-017   5.0425607743494028E-002  -9.4653493878689536E-017  -4.0690261719885902E-017  -6.7789944541764364E-015  -2.4630281814165678E-015   2.0139944445547450E-015   5.6012724244498389E-015  -1.0510321204326737E-015   1.5288851541130951E-015
  -4.9770736965779533E-017  0.23124189114934265        8.1703037024632551E-017   3.5043710086380122E-016  -1.3386139821412579E-016   1.7419997221602449E-017  -2.8267053555575241E-017  -1.5306676446896769E-016  -6.7289156052997912E-018  -1.6540185064804753E-016  -1.8244837941377550E-016   4.3455852406219962E-016  0.17158556634048036       -1.6997377767483259E-015   2.3247588606455412E-015   1.9497452072105380E-015  -1.0539153422904167E-002   4.4567610843026214E-016  -1.0100640168973244E-016   2.3374893177764466E-015  -1.1998824082170869E-003   4.4361395157476161E-016   1.7664712174382553E-015  -1.6474725984767556E-016   8.9906957095010813E-017   2.8655052138875624E-016  -8.6948468968105729E-018   2.5147309898661985E-017  -6.9936215260988147E-017  -1.5198760864883378E-015   2.1732983990692580E-016  -1.2885540136838363E-015   5.5454799524896231E-016  -1.7635370872251900E-017   2.4244412764086383E-016  -9.7774018049837173E-017  -9.2744834624393565E-017  -2.4598375767994402E-016  -3.7315877680762871E-017   1.5985497976751837E-016   7.9613234414447098E-017   5.0425607743485319E-002   2.1312495976702072E-016   2.0392863327995316E-015  -1.1930339447162468E-015  -1.1075292492313931E-015  -3.3863238555010985E-015  -4.1660501004560059E-016   9.5127304010827433E-016
  -7.6893468327501827E-016   8.1703037024632551E-017  0.23124189114934532       -1.1623895570112003E-015   1.2861113961686722E-016  -3.3286734370750064E-017  -4.1159614962043010E-017   2.6109075372275204E-016  -1.3739122522522637E-016   1.3877475689906774E-016  -2.0804718257738766E-015   6.3456071381310155E-016   1.1030337168480595E-015  0.17158556634046582       -3.2815448502408010E-015   2.7060143742949425E-015  -1.0742234361525576E-015  -1.0539153422945650E-002   8.8280305024255232E-015   1.6598882540532203E-015   6.2555517721873592E-016  -1.1998824082175674E-003   3.0081480698534451E-016  -3.3533549932513365E-016  -2.3808344210797305E-016   3.5500219931981349E-015  -1.5416588005816318E-016   2.2119808634386404E-017  -8.9682449703959065E-017  -5.6804449242235975E-016   1.3990887836544980E-015  -2.4122056974388763E-016   6.6581311936128036E-015  -7.2934175837184504E-016   6.8557846162077939E-016  -1.2953026474652911E-016  -1.6415157599437389E-016  -1.7145938041736524E-016   1.4084243395587691E-016  -4.7865138002754845E-016  -8.5023741186045016E-017  -3.2330477987853670E-016   5.0425607743486790E-002   7.0310089519317137E-015  -1.5465699645183302E-015  -2.0201306089103411E-015  -2.2012618158565691E-015   1.0525092537598203E-015  -5.5337657764639333E-015
  -1.6815718684833866E-016   3.5043710086380122E-016  -1.1623895570112003E-015  0.14292443875497746       -7.5638737883944832E-015  -1.3045010572706187E-016   7.5425421636878540E-016  -5.6734522320885316E-015   6.4846372505501364E-017  -8.5680592674674906E-015  0.32477452556372594        1.5486382527529031E-017   5.3281992538845894E-016  -5.3684430224613162E-016   2.1736791827558577E-003  -3.4354797361472101E-015  -5.3173558929676593E-015  -2.1724960039310261E-015  -1.0332863823661015E-003  -5.1509362026132772E-016  -1.2381775398696888E-015  -2.4788118942309673E-015  -1.1694738131400671E-004   2.5837694435938103E-016  -1.6715379137053489E-016  -6.6754831180447310E-017   2.2826554837610358E-017   3.7324126475475458E-017  -4.5507952641595303E-018  -2.5460064386190482E-016  -2.7624328984603190E-017  -1.1080908978017237E-016  -7.6037771101089753E-017  0.16603115788089801        2.5543212262260277E-015  -4.3536142354189867E-016   2.2546326352803739E-016   8.5431718779431933E-017   1.2683733941667608E-016   4.6054361263282888E-015   8.5365164577397965E-018  -2.5416415187131736E-016   3.5737389938544064E-016   5.6919878129607608E-014  -2.7510538800470785E-015   3.9632416475764897E-015   2.9596543844143267E-014   1.8139327208392425E-015   6.9687966832100901E-015
  -4.4937725393901003E-017  -1.3386139821412579E-016   1.2861113961686722E-016  -7.5638737883944832E-015   6.8895572117737459E-006   7.0476815444496423E-018   1.3313868488344575E-018  -3.4447786059033863E-006   5.5173493830501594E-018  -3.4447786058918489E-006  -1.7284994017279695E-014   8.3643002914886877E-018  -1.1018240012942299E-016   7.6565467000058558E-017  -1.9268666131972962E-014  -5.6578682753678443E-016  -8.1200939308661399E-016   1.4786876553495673E-015   2.0913737904113454E-014  -9.0404794833676226E-016  -2.1344910971304529E-015   1.1446483682036147E-015   1.0465143699059393E-015  -5.6320832711355284E-018   1.9682551248197614E-018  -2.8860689608999699E-018  -2.0084983322243016E-018   5.1180161685947134E-019  -5.1886031086565590E-018  -1.5945023116650069E-018  -2.5873677667106325E-018   1.4013452432812142E-018  -7.1824676487440946E-018  -9.1957277524193800E-015   3.2025683262468252E-004   1.3851660563705518E-016  -6.9476712828225828E-017  -1.6012841631250592E-004   1.4042341328611345E-016  -1.6012841631223040E-004  -5.6261488865053506E-017  -7.1908511874599225E-017   1.2260467257260292E-016   3.5915643315021883E-003   1.5586663146963811E-015  -7.6240289440900167E-016  -1.7957821657526574E-003   1.5788126624745892E-015  -1.7957821657496034E-003
  -1.2155999317424226E-017   1.7419997221602449E-017  -3.3286734370750064E-017  -1.3045010572706187E-016   7.0476815444496423E-018   6.8895572117977788E-006  -2.0712044708406306E-018  -3.9831648864353621E-018   9.5779566244947303E-019  -3.9655520398428932E-018  -2.7617373468890913E-016   3.1505166424375608E-018   1.4892261604411110E-017  -7.1608332564268706E-018   3.9215339470502884E-016   5.9451459341554490E-016  -1.0340514434324263E-015   3.5359869190459807E-016  -6.4290681356215241E-016  -7.2927058540597818E-017  -1.3134824703699893E-015   1.7240638727194110E-015   1.2995371060008617E-015  -1.3934258957279883E-018   2.0560063219301761E-019  -4.2940620859794463E-018   8.4620505343330808E-019  -2.7344745403143618E-019  -1.4172716870961271E-018   2.2345101545859758E-018  -2.2729041428785950E-018   3.0537034314117167E-019  -1.0293825295546287E-017  -1.3934904085925921E-016   1.8694843003026470E-016   3.2025683262523069E-004  -4.9595122403054016E-017  -1.5064216269121374E-016  -1.7202847902305121E-017  -3.9344677091242648E-017   2.7775753252640442E-017  -5.4872233067290754E-017   1.1084794949492662E-017   2.1127297031460333E-015   3.5915643315084966E-003  -5.8039242823324425E-016  -1.6461206533204594E-015  -1.6850840365452509E-016  -4.6950829802026661E-016
   4.4950445658732896E-017  -2.8267053555575241E-017  -4.1159614962043010E-017   7.5425421636878540E-016   1.3313868488344575E-018  -2.0712044708406306E-018   6.8895572117914845E-006  -9.7340702664408111E-018   1.2872321157976696E-017   3.6627611290077772E-018   1.7049187857513980E-015   2.5217014554035792E-017  -1.6277113945993181E-017  -1.7205022154534572E-017  -8.0413824216559645E-016   7.9987212646997271E-016   3.0589843546085430E-016   4.8470883066095752E-016   1.1948931681867152E-015  -2.8920545440042415E-016   5.1698294966221788E-016  -5.2614793054060594E-016   1.4853229652886567E-015  -1.4668395725938876E-018  -1.2758776567294239E-020  -5.1239856815435515E-019  -2.5702238855041757E-018   5.6210622606190192E-019   5.1476501273230985E-019  -5.6201354624389961E-019   2.1257865275758181E-019  -2.0612324603103099E-018  -2.8029950821056836E-018   8.5122946420080011E-016   1.2682299237254371E-016  -4.2880751787174143E-017   3.2025683262508351E-004  -2.3417786882099608E-016   4.9796804587390025E-016   9.7592780372276605E-017   6.1745172406803170E-017   1.0544119539744755E-017   1.0138874744991971E-017   1.4525230940636462E-015  -5.0257392318221804E-016   3.5915643315068578E-003  -2.6063897295240066E-015   5.5660664193151204E-015   1.1473597018899857E-015
  -1.4017678102992250E-016  -1.5306676446896769E-016   2.6109075372275204E-016  -5.6734522320885316E-015  -3.4447786059033863E-006  -3.9831648864353621E-018  -9.7340702664408111E-018   6.8895572117905257E-006  -4.3328037916057751E-018  -3.4447786058717513E-006  -1.2582423298279419E-014  -1.3288377594241272E-016  -9.7253012879478644E-017   1.8721978375546301E-016  -3.0903844061914791E-014   2.1698925254709971E-015  -6.7204659800346283E-016  -2.0218268724469320E-016   1.9532309294621222E-014   6.1173707227754979E-016  -6.8050292706505334E-016  -2.5961504788561206E-017   4.0770465239492659E-016   3.6412816836202030E-018  -3.1783851800165644E-018   5.5833160686917181E-018   2.5722797395551413E-019  -7.8391264023170812E-020   2.5374039845493465E-018  -6.1093212416306487E-019   3.7818484939443874E-018  -5.0063299868574514E-019   7.4029916165188866E-018  -7.6300727392563085E-015  -1.6012841631293535E-004  -3.6922407707544037E-017  -2.1763939170714853E-016   3.2025683262507852E-004  -3.3624150746452806E-017  -1.6012841631207685E-004   1.0293283844089861E-016  -7.4983490872453710E-017   4.2332263789735757E-017  -1.7957821657581400E-003  -4.2966887096972565E-016  -2.4671684296979827E-015   3.5915643315066665E-003  -3.9659951356882716E-016  -1.7957821657483503E-003
  -2.5170309157997699E-017  -6.7289156052997912E-018  -1.3739122522522637E-016   6.4846372505501364E-017   5.5173493830501594E-018   9.5779566244947303E-019   1.2872321157976696E-017  -4.3328037916057751E-018   6.8895572117707559E-006  -7.8226873779249219E-019   1.4196497909491645E-016  -1.6314661470819694E-017  -1.5595099414751080E-018  -1.1572057571069515E-016  -1.5259435425131149E-015  -4.6022945813255284E-016   1.6277465558097573E-015   1.1976572718679018E-015   7.3330646608583474E-017  -7.4493212717708725E-016   6.2448044477047930E-016  -2.8442336480229670E-016  -2.7999287676132054E-015  -7.2267056165540799E-020  -1.0313223843244044E-018   7.3852334826946162E-019  -2.5761999916842105E-019   5.6648636314575341E-019   5.2986421661244373E-019  -1.9170043964571594E-018   2.7948410781777870E-018  -1.5579219502720706E-018   4.8034260845968871E-018   3.6815805904749943E-017   1.1526013651062695E-016   5.8433262698052527E-017   9.4690259851089038E-017  -1.6469990198692914E-016   3.2025683262461860E-004   5.1382001271011766E-017  -3.1707257147043986E-017   9.2004015913464205E-017   4.1276900598370601E-017   1.2982556832976765E-015   6.6830536902383773E-016   1.1470591904820458E-015  -1.8596412215901343E-015   3.5915643315014433E-003   5.6559778019957596E-016
  -1.7167536704047591E-016  -1.6540185064804753E-016   1.3877475689906774E-016  -8.5680592674674906E-015  -3.4447786058918489E-006  -3.9655520398428932E-018   3.6627611290077772E-018  -3.4447786058717513E-006  -7.8226873779249219E-019   6.8895572117697022E-006  -1.9168437545932315E-014  -1.4367287200254015E-016  -1.2731006021022712E-016   1.2556648545712589E-016  -3.9609755795855957E-014   1.1311922616790448E-015   6.9535304944901654E-016   9.1210192941428716E-016   1.4776964123341471E-014   8.1055350133287604E-016  -1.9386773415992493E-016  -3.0707065155035061E-016  -3.7640904416164824E-015   1.9908015874633118E-018   1.2101300551818260E-018  -2.6972471078185938E-018   1.7512703582484013E-018  -4.3341035285338252E-019   2.6511991241285060E-018   2.2054344357141906E-018  -1.1944807272494137E-018  -9.0071224457192008E-019  -2.2052396784045662E-019  -1.0807524113675812E-014  -1.6012841631274607E-004  -1.4347826904323666E-016   6.6783723773676383E-017  -1.6012841631185730E-004  -8.8099665233349841E-017   3.2025683262459090E-004   3.5352214921114402E-017   1.8424777116400227E-018   8.0208498989059539E-017  -1.7957821657552510E-003  -1.5987121663230348E-015   7.5862356574731105E-016  -1.7957821657459874E-003  -9.7250393773102995E-016   3.5915643315011345E-003
   1.7056746363264673E-016  -1.8244837941377550E-016  -2.0804718257738766E-015  0.32477452556372594       -1.7284994017279695E-014  -2.7617373468890913E-016   1.7049187857513980E-015  -1.2582423298279419E-014   1.4196497909491645E-016  -1.9168437545932315E-014  0.73806295815725764        5.2203892588238914E-016   5.0209188925638766E-016  -8.6153862110794404E-016  -5.9225554016481882E-003   1.3334070079481109E-015   1.4227964686398691E-014  -2.3497009479085839E-015  -1.9653684647255210E-003  -1.0674779959706369E-015   4.0784002108416019E-015  -3.3798192084805959E-017  -2.9446737270690313E-004   5.8685531764859585E-016  -3.8466724715550400E-016  -1.5920282556956698E-016   5.3213824953601341E-017   8.3948810712349033E-017  -7.2301988075855231E-018  -5.9412429627550002E-016  -6.2312693086452945E-017  -2.5447435825866950E-016  -1.8726723198900348E-016  0.37700376113398282       -3.3127703863464317E-015   5.5250560783535350E-017  -1.3496533025171125E-016   6.7018330802288506E-015  -3.6945780340565033E-016   1.4236489447373703E-014   6.2735314700639864E-016   7.4004846848104620E-016   1.1456457814701351E-015   2.1680894885891815E-014   5.5047052341590438E-015   1.8036592808522360E-015   1.3724207628412708E-013  -3.1610216000858118E-015   5.6745161508048692E-014
  0.17158556634044755        4.3455852406219962E-016   6.3456071381310155E-016   1.5486382527529031E-017   8.3643002914886877E-018   3.1505166424375608E-018   2.5217014554035792E-017  -1.3288377594241272E-016  -1.6314661470819694E-017  -1.4367287200254015E-016   5.2203892588238914E-016  0.12732258215984313        3.4485563824161676E-016   4.6670410572295248E-016  -1.0868568884146132E-014  -1.0214619039534722E-002   2.4232051896566663E-015  -4.0191060470096972E-015   6.9270689204569084E-015  -7.9589306521258489E-004  -2.2590565627402491E-016  -1.0572502679059662E-016   1.0751763015218065E-015   1.1723451906408273E-014   1.6393322196696500E-017   7.9000174912741711E-017   4.1534808295388040E-015   2.6866591168920382E-018   4.8484626503089552E-015  -4.4627327998842756E-018   5.6348782090889416E-017  -4.0926348609244602E-018   1.1958266304953345E-016  -4.7681978723781593E-016   1.3673319673022230E-015   4.3705483726307582E-016  -2.0318380790736322E-016  -8.9581521076503031E-016   2.2434566261312653E-017  -6.2385152523773338E-016   3.7275725192080666E-002   2.4161222392163152E-016   3.2870203190883585E-017   1.6345439484160555E-014   4.9095811472723606E-015  -2.2037908784092932E-015  -9.4599363407194762E-015   1.6256569063596789E-016  -6.6215863270948472E-015
  -4.4503980859090812E-018  0.17158556634048036        1.1030337168480595E-015   5.3281992538845894E-016  -1.1018240012942299E-016   1.4892261604411110E-017  -1.6277113945993181E-017  -9.7253012879478644E-017  -1.5595099414751080E-018  -1.2731006021022712E-016   5.0209188925638766E-016   3.4485563824161676E-016  0.12732258215990602       -4.9376685634591613E-016  -7.3441845261856675E-015  -8.5182300239201841E-016  -1.0214619039709610E-002  -8.2281455652128917E-015  -7.4057004140162115E-016   1.0991874123070747E-016  -7.9589306521274047E-004  -4.0039399833010541E-015  -1.3349093144557128E-015  -1.2282922909393313E-016   5.2594573128057333E-017   2.1651195932048563E-016  -6.6460778030528080E-018   1.8879245170500099E-017  -5.1814988577118414E-017  -1.1626419977667461E-015   1.6495261161757713E-016  -9.7059524092170696E-016   4.2191416677144192E-016   7.4277468825265597E-017  -3.6840151874777118E-016  -4.0904712179837842E-017   1.6793612783548418E-016   5.3877812556082714E-016   2.2885092731725775E-016  -4.9874086884598626E-017  -6.5976086543837379E-017   3.7275725192072527E-002  -1.1464478389380476E-016  -4.6278999228253197E-015  -5.1412507628831580E-016   1.8161472580971470E-015   5.5647270036545580E-015   2.5466817434832365E-015  -1.2140579322187632E-015
  -5.9035255317471476E-016  -1.6997377767483259E-015  0.17158556634046582       -5.3684430224613162E-016   7.6565467000058558E-017  -7.1608332564268706E-018  -1.7205022154534572E-017   1.8721978375546301E-016  -1.1572057571069515E-016   1.2556648545712589E-016  -8.6153862110794404E-016   4.6670410572295248E-016  -4.9376685634591613E-016  0.12732258215988257        6.5919328881350501E-015  -2.9330298670688046E-015   1.2346122269733524E-014  -1.0214619039570315E-002  -1.4242608805338088E-014  -1.1406615203014780E-015   4.2198494210556906E-016  -7.9589306520736543E-004  -1.2941100018715164E-016  -2.5195747347295236E-016  -1.7579000061795971E-016   2.6532042823293164E-015  -1.1773004916295955E-016   1.6947476065466700E-017  -6.7511290772268289E-017  -4.2641646656516801E-016   1.0527624119607119E-015  -1.7971223929096655E-016   4.9708617880534330E-015   7.5803041055712201E-017  -2.8333130750472624E-016   7.3335118877257400E-016   5.2723716385684439E-016  -4.4379683230050567E-016  -4.6313890784210597E-016   7.4858279380643661E-016  -3.5721279971035101E-016   1.3932731570496824E-016   3.7275725192080042E-002  -3.6526745628796880E-015   8.1824383485130863E-015   5.7806173088267352E-015  -5.1567903306101633E-015  -5.5970399877409240E-015   8.2859421723623169E-015
   6.0434142661074039E-015   2.3247588606455412E-015  -3.2815448502408010E-015   2.1736791827558577E-003  -1.9268666131972962E-014   3.9215339470502884E-016  -8.0413824216559645E-016  -3.0903844061914791E-014  -1.5259435425131149E-015  -3.9609755795855957E-014  -5.9225554016481882E-003  -1.0868568884146132E-014  -7.3441845261856675E-015   6.5919328881350501E-015   1.9313357603169896       -5.6557796027837149E-015   1.7721520775026784E-014   6.3586402867319886E-015  -7.5772771566877018E-005  -2.7481256342476381E-015   1.0359417462836851E-014   4.6861007968807982E-015  -4.7020780932625263E-006   1.2277114651702036E-016   8.7195551091796538E-016   1.3589011438873608E-015  -2.3909988993890050E-016   1.5301448619527872E-016  -5.3755843759257114E-016   2.7351314803251650E-015  -1.1322612704366342E-016   5.1582755968577884E-016   2.6040439218616980E-015   5.1814182181011643E-002  -1.0494097271309188E-013   1.2366766699572453E-015   9.4325821356425993E-016  -6.0446158887627043E-014   9.4993167855351519E-016  -3.8944974502968774E-014   1.0030909680436778E-014   3.7465488463171771E-015  -1.0670381060795910E-014  -2.2048723972588110E-013   5.7331541592942082E-015   9.1517438201310128E-016  -1.5171508721549793E-013  -5.5934079888778657E-015  -2.0129791197286920E-013
  -1.0539153422964437E-002   1.9497452072105380E-015   2.7060143742949425E-015  -3.4354797361472101E-015  -5.6578682753678443E-016   5.9451459341554490E-016   7.9987212646997271E-016   2.1698925254709971E-015  -4.6022945813255284E-016   1.1311922616790448E-015   1.3334070079481109E-015  -1.0214619039534722E-002  -8.5182300239201841E-016  -2.9330298670688046E-015  -5.6557796027837149E-015   1.8754145420946196        1.6584081191232211E-015  -3.5723086390114793E-015   8.1826800626431903E-015   3.9792751301061153E-005  -4.6643565843141501E-016  -4.4664192010181655E-016   1.1746768048834791E-015  -4.3464066129326821E-014   6.6925989113270050E-016   1.0708838999707804E-015  -1.9962615864627269E-014  -4.6349236390132811E-016  -1.6945350462434747E-014  -1.1625396361741660E-015   2.9761729020933912E-016   5.3993642925497709E-016  -1.2760610095642469E-015  -1.7562708784432046E-015   9.8916030005221828E-016  -7.0539098590330730E-016  -1.3154889812133975E-016  -1.4123217589286574E-015   1.5932501285659573E-016  -1.2866369226988984E-015  0.10805613768764044        2.9680627394855946E-016   1.1297385225578949E-015   9.5536110636453823E-015   3.7072496100659280E-015  -2.2166848740401881E-015  -7.1037478774268737E-015   1.4214254941167477E-016  -5.0996293647927107E-015
  -1.4811843155418030E-015  -1.0539153422904167E-002  -1.0742234361525576E-015  -5.3173558929676593E-015  -8.1200939308661399E-016  -1.0340514434324263E-015   3.0589843546085430E-016  -6.7204659800346283E-016   1.6277465558097573E-015   6.9535304944901654E-016   1.4227964686398691E-014   2.4232051896566663E-015  -1.0214619039709610E-002   1.2346122269733524E-014   1.7721520775026784E-014   1.6584081191232211E-015   1.8754145420944051       -1.9724629131997851E-015   6.5865381285781937E-015   9.8563898572905969E-016   3.9792751291811370E-005  -2.9013452949368787E-015  -1.0317481319925838E-015   4.6703305929549994E-016   1.1030903461918803E-014  -3.0766397144674931E-015   1.4821829073456749E-016  -1.6530057092564874E-016  -5.4584897201450830E-017   2.7283887915065333E-014  -2.8557393679634193E-015   1.1360309968240131E-014  -8.2923765899462106E-015  -6.8983175354161021E-015  -1.4009612491194913E-016   1.0435343786643388E-015  -1.1598207439922200E-015  -1.0542704371412408E-015  -1.3627968459796041E-015  -2.5287893102179788E-015  -2.1069438107834812E-015  0.10805613768769874        3.8083158938580648E-016  -7.9441607162402187E-015  -1.2483720166861746E-015   7.9696482609227225E-016  -1.8446779239426596E-015   1.7233505539729666E-015  -3.7266202389219417E-015
  -7.9729151976217550E-016   4.4567610843026214E-016  -1.0539153422945650E-002  -2.1724960039310261E-015   1.4786876553495673E-015   3.5359869190459807E-016   4.8470883066095752E-016  -2.0218268724469320E-016   1.1976572718679018E-015   9.1210192941428716E-016  -2.3497009479085839E-015  -4.0191060470096972E-015  -8.2281455652128917E-015  -1.0214619039570315E-002   6.3586402867319886E-015  -3.5723086390114793E-015  -1.9724629131997851E-015   1.8754145420945789       -1.0108953603184235E-014   2.8090465973179581E-016  -1.1081454105212709E-015   3.9792751299740331E-005   1.5513149962718578E-015   2.4780815901782912E-015  -6.6358733141924635E-016  -1.5133791160272513E-014   2.6317526589364235E-015  -4.1604129954180421E-016   7.5882644795981410E-016   3.9472598903658826E-015  -1.1626296531534470E-014   6.0123133312037675E-016  -2.4326124375341006E-014  -3.1069467456817481E-015   4.8268038100327420E-016   2.2700118038965789E-015   5.5261784267910208E-016   2.0159207952564248E-015  -9.8665127435814563E-016   1.4418557567447474E-015  -4.5326490600973308E-016   4.5914442286482722E-015  0.10805613768765059       -4.4466208231935254E-015   3.8990554518519109E-015   5.5923376236862209E-015   1.2020908976220352E-015  -1.7488051248863934E-015   3.9798743492068995E-015
  -5.2497599826303592E-015  -1.0100640168973244E-016   8.8280305024255232E-015  -1.0332863823661015E-003   2.0913737904113454E-014  -6.4290681356215241E-016   1.1948931681867152E-015   1.9532309294621222E-014   7.3330646608583474E-017   1.4776964123341471E-014  -1.9653684647255210E-003   6.9270689204569084E-015  -7.4057004140162115E-016  -1.4242608805338088E-014  -7.5772771566877018E-005   8.1826800626431903E-015   6.5865381285781937E-015  -1.0108953603184235E-014   2.0003378899667785        1.3181052341283039E-015   5.7580693832362768E-015   3.2021029855343883E-017   3.0550243286494993E-007   2.1008234476714221E-015   4.4317217465214061E-016   7.4548708500976959E-016  -3.7311969253535523E-017  -5.0191675880949553E-017   4.7961978783673852E-016  -9.6222151349645400E-016  -7.6723027683528558E-016   1.2110593887063743E-015   9.2728128333356281E-016  -1.9172846099384095E-003   1.8402855119660843E-014   1.9500578911452686E-015  -1.1094108105493239E-015   1.7559747235392059E-014  -5.4676568401291718E-016   2.7628142252951397E-014  -7.0854923912433720E-015   1.5143862470209901E-015   9.8747020616153273E-015  -2.4233038185156187E-016   1.1088707413403160E-015   9.4703434671755227E-016   7.3427112489972579E-015  -1.2807493124541335E-015   1.0905024400332730E-014
  -1.1998824082200259E-003   2.3374893177764466E-015   1.6598882540532203E-015  -5.1509362026132772E-016  -9.0404794833676226E-016  -7.2927058540597818E-017  -2.8920545440042415E-016   6.1173707227754979E-016  -7.4493212717708725E-016   8.1055350133287604E-016  -1.0674779959706369E-015  -7.9589306521258489E-004   1.0991874123070747E-016  -1.1406615203014780E-015  -2.7481256342476381E-015   3.9792751301061153E-005   9.8563898572905969E-016   2.8090465973179581E-016   1.3181052341283039E-015   2.0001083314496233        6.9031729914798344E-017  -1.6750519749113763E-016   1.5266864298066259E-016  -1.5503959164348191E-015   2.2469274531892444E-015  -1.2431298778956906E-015  -1.5758561493843813E-015  -1.6968301807768838E-017   1.2211730582477430E-015  -3.1230714885777376E-015   4.4204397528097673E-016   5.4227726633658282E-016   3.9801037381009080E-016   1.5411968626999317E-015   4.8250216474896509E-016  -2.2238122664506795E-016   1.7201029547649977E-016  -4.4668809732631730E-016   9.0800479265802589E-016  -4.1130912340274780E-016  -1.0743052036065075E-003  -7.1383654866579532E-016  -8.2605986443818804E-016   1.6690938011606771E-015   5.9701059205362977E-016  -6.8006370925885559E-016  -9.5482155659570066E-016  -3.2319180145879433E-016  -1.0520833431269394E-015
   4.2859037965221268E-016  -1.1998824082170869E-003   6.2555517721873592E-016  -1.2381775398696888E-015  -2.1344910971304529E-015  -1.3134824703699893E-015   5.1698294966221788E-016  -6.8050292706505334E-016   6.2448044477047930E-016  -1.9386773415992493E-016   4.0784002108416019E-015  -2.2590565627402491E-016  -7.9589306521274047E-004   4.2198494210556906E-016   1.0359417462836851E-014  -4.6643565843141501E-016   3.9792751291811370E-005  -1.1081454105212709E-015   5.7580693832362768E-015   6.9031729914798344E-017   2.0001083314496162        9.8425940811325034E-017  -3.0266522063600522E-016   6.4008504729513772E-017  -5.4600073750155047E-016  -5.5064148399077656E-016  -1.1798696235896796E-016   2.0881765612705350E-016   1.0924171715298962E-016  -2.3802440621950460E-015   1.1801603076827059E-015  -6.8705766901153548E-016  -2.7083533100365926E-015   6.1534917532188028E-015  -4.4433213663689178E-017   5.1193994534296399E-016  -9.0291717906332530E-016  -2.3900949431750102E-015  -9.3326745054978156E-016  -2.4759747475094330E-015   2.9206778194150466E-016  -1.0743052036047585E-003   1.1139895904415113E-015  -6.5565759940434001E-015  -7.9852561631483459E-016  -3.2433289592489929E-016  -5.6086790105099249E-015   6.6771890711723653E-016  -5.8281210755876820E-015
  -8.4479701850158660E-016   4.4361395157476161E-016  -1.1998824082175674E-003  -2.4788118942309673E-015   1.1446483682036147E-015   1.7240638727194110E-015  -5.2614793054060594E-016  -2.5961504788561206E-017  -2.8442336480229670E-016  -3.0707065155035061E-016  -3.3798192084805959E-017  -1.0572502679059662E-016  -4.0039399833010541E-015  -7.9589306520736543E-004   4.6861007968807982E-015  -4.4664192010181655E-016  -2.9013452949368787E-015   3.9792751299740331E-005   3.2021029855343883E-017  -1.6750519749113763E-016   9.8425940811325034E-017   2.0001083314496100        6.4007984962836513E-016   2.6650050934904450E-016   2.3058945036970806E-016  -2.0238032849796885E-015   3.3245028715003675E-016   8.8224006987499232E-017  -3.1134373815183794E-017   1.9168843843043080E-015  -3.2285740960896981E-015   6.6731918995531430E-016  -5.6949506116218821E-015  -1.1883710684953398E-015  -2.7891579825358593E-016  -5.9562595395553339E-016  -6.0707704392967292E-017   8.9536806310856689E-016   4.4193543967757373E-016   3.0100238058839913E-015  -9.1977948960353438E-017   1.8069318612366854E-015  -1.0743052036049938E-003  -2.4006277354620577E-015   4.2675933073371364E-016   4.2952082529358191E-016  -1.3769961116431985E-015   6.2969683680244021E-016  -1.0984588453561105E-015
  -1.3234404888344485E-016   1.7664712174382553E-015   3.0081480698534451E-016  -1.1694738131400671E-004   1.0465143699059393E-015   1.2995371060008617E-015   1.4853229652886567E-015   4.0770465239492659E-016  -2.7999287676132054E-015  -3.7640904416164824E-015  -2.9446737270690313E-004   1.0751763015218065E-015  -1.3349093144557128E-015  -1.2941100018715164E-016  -4.7020780932625263E-006   1.1746768048834791E-015  -1.0317481319925838E-015   1.5513149962718578E-015   3.0550243286494993E-007   1.5266864298066259E-016  -3.0266522063600522E-016   6.4007984962836513E-016   1.9999962182402797        9.1411668767180760E-017   9.0128145347394509E-017   4.4734031274198104E-016  -2.9867774558125127E-016  -1.5367780319795582E-016   2.6162433814959920E-016  -4.5629803609305642E-016   1.9686466071061209E-015  -1.4490267468818765E-016   5.4419012200349465E-016  -7.8611316882298691E-005  -2.0429407682745520E-015  -5.4594654254335921E-016  -2.6770316078037480E-016  -8.3067723221679462E-016   2.0864517336773720E-015   5.3784338929749335E-015  -1.0891708508281499E-015   1.7509533930765804E-015  -2.5368238364957140E-015   2.6633929062359592E-015   6.8068079210368782E-016   1.9658983812988979E-016   5.5904324744803189E-015  -1.5945517723855829E-015   6.3776004254314904E-016
   1.5725947684989700E-014  -1.6474725984767556E-016  -3.3533549932513365E-016   2.5837694435938103E-016  -5.6320832711355284E-018  -1.3934258957279883E-018  -1.4668395725938876E-018   3.6412816836202030E-018  -7.2267056165540799E-020   1.9908015874633118E-018   5.8685531764859585E-016   1.1723451906408273E-014  -1.2282922909393313E-016  -2.5195747347295236E-016   1.2277114651702036E-016  -4.3464066129326821E-014   4.6703305929549994E-016   2.4780815901782912E-015   2.1008234476714221E-015  -1.5503959164348191E-015   6.4008504729513772E-017   2.6650050934904450E-016   9.1411668767180760E-017   2.0571662235560028E-027  -1.5016197915576141E-029  -3.7538857995680464E-029   8.3448893027244178E-028   9.7088303516561884E-030   8.2710829100746596E-028   4.1621599379159259E-029  -1.8326126326271436E-029  -7.7617982472356101E-030   5.1095031849746160E-030   3.0243254856692629E-016  -2.6180392934631644E-016  -6.4772546353755510E-017  -6.8185136002546505E-017   1.6926274111068461E-016  -3.3592896904737840E-018   9.2541188235782058E-017   9.1385383524563881E-016  -8.9045709379789898E-018   7.1722510743526956E-017  -2.9360362018858613E-015  -7.2640063675850685E-016  -7.6467159310342561E-016   1.8982203085037619E-015  -3.7673216626143952E-017   1.0378158933824180E-015
   2.3103579494169561E-017   8.9906957095010813E-017  -2.3808344210797305E-016  -1.6715379137053489E-016   1.9682551248197614E-018   2.0560063219301761E-019  -1.2758776567294239E-020  -3.1783851800165644E-018  -1.0313223843244044E-018   1.2101300551818260E-018  -3.8466724715550400E-016   1.6393322196696500E-017   5.2594573128057333E-017  -1.7579000061795971E-016   8.7195551091796538E-016   6.6925989113270050E-016   1.1030903461918803E-014  -6.6358733141924635E-016   4.4317217465214061E-016   2.2469274531892444E-015  -5.4600073750155047E-016   2.3058945036970806E-016   9.0128145347394509E-017  -1.5016197915576141E-029   7.0758949738135626E-029  -1.9211421330330004E-029  -8.4218589469401541E-030  -1.0768537983812803E-030  -6.1732070400743345E-030   1.5750310085056749E-028  -1.6407384373700007E-029   6.8304582308153381E-029  -4.9749359586025030E-029  -1.7201499498189344E-016   9.1493129775383862E-017   9.5572190242213719E-018  -5.9308388716887869E-019  -1.4774528163737978E-016  -4.7940387178615738E-017   5.6252151861854024E-017   4.3579146751697975E-017   6.6932187536298503E-016  -9.1706491177066265E-017   1.0260622975186378E-015   1.0718074825886889E-016  -6.6512208881357714E-018  -1.6569097974510642E-015  -5.3763407081115015E-016   6.3084749993190429E-016
   1.0839730397212016E-016   2.8655052138875624E-016   3.5500219931981349E-015  -6.6754831180447310E-017  -2.8860689608999699E-018  -4.2940620859794463E-018  -5.1239856815435515E-019   5.5833160686917181E-018   7.3852334826946162E-019  -2.6972471078185938E-018  -1.5920282556956698E-016   7.9000174912741711E-017   2.1651195932048563E-016   2.6532042823293164E-015   1.3589011438873608E-015   1.0708838999707804E-015  -3.0766397144674931E-015  -1.5133791160272513E-014   7.4548708500976959E-016  -1.2431298778956906E-015  -5.5064148399077656E-016  -2.0238032849796885E-015   4.4734031274198104E-016  -3.7538857995680464E-029  -1.9211421330330004E-029   1.9170542700788952E-028  -3.1999221427272682E-029   3.7073328168333368E-030  -1.1786594350314798E-029  -8.6809799947302481E-029   1.2643423747053258E-028  -2.8782644668866191E-029   3.2929669074941850E-028  -4.3094146782676428E-017  -1.3415714185088340E-016  -1.9960683690898980E-016  -2.3818532516989430E-017   2.5953701591221850E-016   3.4329803944205093E-017  -1.2537987406142905E-016   8.7462461599139898E-017  -1.1760597845971061E-016  -1.0627030213677747E-016  -1.5045237334638659E-015  -2.2385183475739780E-015  -2.6711621143461710E-016   2.9106135891482633E-015   3.8499631168811793E-016  -1.4060898556846776E-015
   5.5637280780322974E-015  -8.6948468968105729E-018  -1.5416588005816318E-016   2.2826554837610358E-017  -2.0084983322243016E-018   8.4620505343330808E-019  -2.5702238855041757E-018   2.5722797395551413E-019  -2.5761999916842105E-019   1.7512703582484013E-018   5.3213824953601341E-017   4.1534808295388040E-015  -6.6460778030528080E-018  -1.1773004916295955E-016  -2.3909988993890050E-016  -1.9962615864627269E-014   1.4821829073456749E-016   2.6317526589364235E-015  -3.7311969253535523E-017  -1.5758561493843813E-015  -1.1798696235896796E-016   3.3245028715003675E-016  -2.9867774558125127E-016   8.3448893027244178E-028  -8.4218589469401541E-030  -3.1999221427272682E-029   3.4793552339336546E-028   3.9161575291003139E-030   3.3281735099447700E-028   2.3911331952469914E-029  -1.9962625635757454E-029  -3.7816112113340003E-030  -2.1955529045551733E-029   2.0410706787078223E-017  -9.3363810538375462E-017   3.9335321826208102E-017  -1.1947527764160397E-016   1.1957084276347251E-017  -1.1975307326791469E-017   8.1406726262085803E-017   5.3849324508090006E-017   6.8523354520234331E-018   1.2073271256349206E-016  -1.0470413044262511E-015   4.4113138096476730E-016  -1.3398719463912340E-015   1.3409436746017379E-016  -1.3429873236793190E-016   9.1294693696620162E-016
   2.8243559770146290E-018   2.5147309898661985E-017   2.2119808634386404E-017   3.7324126475475458E-017   5.1180161685947134E-019  -2.7344745403143618E-019   5.6210622606190192E-019  -7.8391264023170812E-020   5.6648636314575341E-019  -4.3341035285338252E-019   8.3948810712349033E-017   2.6866591168920382E-018   1.8879245170500099E-017   1.6947476065466700E-017   1.5301448619527872E-016  -4.6349236390132811E-016  -1.6530057092564874E-016  -4.1604129954180421E-016  -5.0191675880949553E-017  -1.6968301807768838E-017   2.0881765612705350E-016   8.8224006987499232E-017  -1.5367780319795582E-016   9.7088303516561884E-030  -1.0768537983812803E-030   3.7073328168333368E-030   3.9161575291003139E-030   4.3375659632194259E-031   3.6938724681788886E-030  -3.5716531438525810E-030   2.9524165634820850E-030  -1.6689897091813165E-030   6.8111847182152352E-030   4.7262420000686671E-017   2.3790783603462734E-017  -1.2711036838120407E-017   2.6129162444445465E-017  -3.6439697280742549E-018   2.6332770424798024E-017  -2.0146813875408120E-017  -2.6649753314129957E-017  -4.2628300273512321E-018  -1.9640216526052702E-017   2.6680501742439104E-016  -1.4254967224292283E-016   2.9302908880474317E-016  -4.0865800092816878E-017   2.9531247852617749E-016  -2.2593921733159745E-016
   6.5054274315394401E-015  -6.9936215260988147E-017  -8.9682449703959065E-017  -4.5507952641595303E-018  -5.1886031086565590E-018  -1.4172716870961271E-018   5.1476501273230985E-019   2.5374039845493465E-018   5.2986421661244373E-019   2.6511991241285060E-018  -7.2301988075855231E-018   4.8484626503089552E-015  -5.1814988577118414E-017  -6.7511290772268289E-017  -5.3755843759257114E-016  -1.6945350462434747E-014  -5.4584897201450830E-017   7.5882644795981410E-016   4.7961978783673852E-016   1.2211730582477430E-015   1.0924171715298962E-016  -3.1134373815183794E-017   2.6162433814959920E-016   8.2710829100746596E-028  -6.1732070400743345E-030  -1.1786594350314798E-029   3.3281735099447700E-028   3.6938724681788886E-030   3.3658432990370282E-028   8.9288728586195969E-030  -2.5804225336940581E-030  -5.5215997088663599E-030   1.0980946285151649E-029  -1.9167893424307006E-017  -2.4118902655887199E-016  -6.5881003310160287E-017   2.3928535239350078E-017   1.1794966471758327E-016   2.4630412451323355E-017   1.2323936184141156E-016   4.3817862997117522E-016  -1.8695131762004774E-017   2.4878498932093831E-017  -2.7048475370198884E-015  -7.3883157987043860E-016   2.6834985210594277E-016   1.3227627502599398E-015   2.7622115071009548E-016   1.3820847867601979E-015
  -7.8170226803950877E-018  -1.5198760864883378E-015  -5.6804449242235975E-016  -2.5460064386190482E-016  -1.5945023116650069E-018   2.2345101545859758E-018  -5.6201354624389961E-019  -6.1093212416306487E-019  -1.9170043964571594E-018   2.2054344357141906E-018  -5.9412429627550002E-016  -4.4627327998842756E-018  -1.1626419977667461E-015  -4.2641646656516801E-016   2.7351314803251650E-015  -1.1625396361741660E-015   2.7283887915065333E-014   3.9472598903658826E-015  -9.6222151349645400E-016  -3.1230714885777376E-015  -2.3802440621950460E-015   1.9168843843043080E-015  -4.5629803609305642E-016   4.1621599379159259E-029   1.5750310085056749E-028  -8.6809799947302481E-029   2.3911331952469914E-029  -3.5716531438525810E-030   8.9288728586195969E-030   4.3185012169575296E-028  -7.7530115685486015E-029   1.7532564959504369E-028  -1.9283153195180200E-028  -2.2552792671186186E-016  -7.4119459965713118E-017   1.0386983119246808E-016  -2.6124854280025067E-017  -2.8398804306744805E-017  -8.9110771167742310E-017   1.0251826427208902E-016  -6.8882440225046795E-017   1.2713287388095678E-015   1.0615586593592426E-016  -8.3122288602216977E-016   1.1648625191617883E-015  -2.9298077430170194E-016  -3.1848229987558222E-016  -9.9934500899065155E-016   1.1497051858965643E-015
   7.6430007441179119E-017   2.1732983990692580E-016   1.3990887836544980E-015  -2.7624328984603190E-017  -2.5873677667106325E-018  -2.2729041428785950E-018   2.1257865275758181E-019   3.7818484939443874E-018   2.7948410781777870E-018  -1.1944807272494137E-018  -6.2312693086452945E-017   5.6348782090889416E-017   1.6495261161757713E-016   1.0527624119607119E-015  -1.1322612704366342E-016   2.9761729020933912E-016  -2.8557393679634193E-015  -1.1626296531534470E-014  -7.6723027683528558E-016   4.4204397528097673E-016   1.1801603076827059E-015  -3.2285740960896981E-015   1.9686466071061209E-015  -1.8326126326271436E-029  -1.6407384373700007E-029   1.2643423747053258E-028  -1.9962625635757454E-029   2.9524165634820850E-030  -2.5804225336940581E-030  -7.7530115685486015E-029   9.6655363222541366E-029  -2.6583827315581517E-029   2.1878817769963227E-028  -3.4638429200679822E-017  -1.2027220042248306E-016  -1.0565455214031684E-016   9.8815880212453241E-018   1.7579690289319653E-016   1.2991646979317092E-016  -5.5524702470711694E-017   3.4209184685882414E-017  -1.2058686669568055E-016  -3.7414539479614776E-016  -1.3488091466105606E-015  -1.1848775178910055E-015   1.1081842902412413E-016   1.9714985652148372E-015   1.4569661329618437E-015  -6.2268941860415428E-016
