  0.35350760109848073       0.19929075739259722        3.4252864888176142E-017   1.9666372340039889E-018   1.5060524539228231E-017  -8.4111961314723848E-017   3.0633484055965385E-019  -3.2661523384136074E-019  -9.2181907116965164E-017   2.1863788956751304E-019  -1.1711695183492397E-016  0.11718537349220461       -3.4110459164198721E-018  -4.3753337580885532E-018  -1.4444905465791938E-018
  0.19929075739259722       0.11235064213244647        1.9310134676649422E-017   1.1086964542297130E-018   8.4904068054719116E-018  -4.7418319787467211E-017   1.7269700057698791E-019  -1.8413012089681140E-019  -5.1967771075214342E-017   1.2325763426651244E-019  -6.6024962298313182E-017   6.6063535171595522E-002  -1.9229853108444626E-018  -2.4666048927529385E-018  -8.1433500773302466E-019
   3.4252864888176142E-017   1.9310134676649422E-017   3.3189067205397992E-033   1.9055590106428574E-034   1.4592786989141290E-033  -8.1499680273922032E-033   2.9682094166081855E-035  -3.1647148294476281E-035  -8.9318996247896535E-033   2.1184761140979569E-035  -1.1347962858086122E-032   1.1354592525383166E-017  -3.3051084202838939E-034  -4.2394481926495487E-034  -1.3996287313335928E-034
   1.9666372340039889E-018   1.1086964542297130E-018   1.9055590106428574E-034   1.0940817108748392E-035   8.3784869774909910E-035  -4.6793255486621540E-034   1.7042052324907696E-036  -1.8170293313902388E-036  -5.1282736290362640E-034   1.2163286250462786E-036  -6.5154626801772362E-034   6.5192691210685280E-019  -1.8976366803099580E-035  -2.4340903146392145E-035  -8.0360051219323692E-036
   1.5060524539228231E-017   8.4904068054719116E-018   1.4592786989141290E-033   8.3784869774909910E-035   6.4162524000016624E-034  -3.5834314551842278E-033   1.3050818056339278E-035  -1.3914825958107865E-035  -3.9272362741109896E-033   9.3146548781543411E-036  -4.9895468204603300E-033   4.9924617961080609E-018  -1.4532117716576172E-034  -1.8640284176704095E-034  -6.1539795059112936E-035
  -8.4111961314723848E-017  -4.7418319787467211E-017  -8.1499680273922032E-033  -4.6793255486621540E-034  -3.5834314551842278E-033   2.0013210505871658E-032  -7.2887893155450582E-035   7.7713316003099908E-035   2.1933336033641976E-032  -5.2021686809818809E-035   2.7866265085749065E-032  -2.7882545017983607E-017   8.1160846689892616E-034   1.0410466497913484E-033   3.4369539041257019E-034
   3.0633484055965385E-019   1.7269700057698791E-019   2.9682094166081855E-035   1.7042052324907696E-036   1.3050818056339278E-035  -7.2887893155450582E-035   2.6545690743030494E-037  -2.8303104451571385E-037  -7.9880969267457457E-035   1.8946241278219340E-037  -1.0148863180226053E-034   1.0154792313689877E-019  -2.9558691346414471E-036  -3.7914804802342581E-036  -1.2517348421964847E-036
  -3.2661523384136074E-019  -1.8413012089681140E-019  -3.1647148294476281E-035  -1.8170293313902388E-036  -1.3914825958107865E-035   7.7713316003099908E-035  -2.8303104451571385E-037   3.0176864838481466E-037   8.5169357194564627E-035  -2.0200545958778757E-037   1.0820751941821675E-034  -1.0827073603795304E-019   3.1515575794499752E-036   4.0424891970964583E-036   1.3346038845743677E-036
  -9.2181907116965164E-017  -5.1967771075214342E-017  -8.9318996247896535E-033  -5.1282736290362640E-034  -3.9272362741109896E-033   2.1933336033641976E-032  -7.9880969267457457E-035   8.5169357194564627E-035   2.4037683979964957E-032  -5.7012798496367016E-035   3.0539835472622436E-032  -3.0557677348827173E-017   8.8947653985953104E-034   1.1409276882323155E-033   3.7667052414808670E-034
   2.1863788956751304E-019   1.2325763426651244E-019   2.1184761140979569E-035   1.2163286250462786E-036   9.3146548781543411E-036  -5.2021686809818809E-035   1.8946241278219340E-037  -2.0200545958778757E-037  -5.7012798496367016E-035   1.3522347640049506E-037  -7.2434660816909658E-035   7.2476978341913545E-020  -2.1096685843995833E-036  -2.7060627156231413E-036  -8.9339059081877164E-037
  -1.1711695183492397E-016  -6.6024962298313182E-017  -1.1347962858086122E-032  -6.5154626801772362E-034  -4.9895468204603300E-033   2.7866265085749065E-032  -1.0148863180226053E-034   1.0820751941821675E-034   3.0539835472622436E-032  -7.2434660816909658E-035   3.8800807576646049E-032  -3.8823475649172077E-017   1.1300783888626183E-033   1.4495466332703313E-033   4.7855924241524180E-034
  0.11718537349220461        6.6063535171595522E-002   1.1354592525383166E-017   6.5192691210685280E-019   4.9924617961080609E-018  -2.7882545017983607E-017   1.0154792313689877E-019  -1.0827073603795304E-019  -3.0557677348827173E-017   7.2476978341913545E-020  -3.8823475649172077E-017   3.8846156964760410E-002  -1.1307385993190175E-018  -1.4503934823506739E-018  -4.7883882462738117E-019
  -3.4110459164198721E-018  -1.9229853108444626E-018  -3.3051084202838939E-034  -1.8976366803099580E-035  -1.4532117716576172E-034   8.1160846689892616E-034  -2.9558691346414471E-036   3.1515575794499752E-036   8.8947653985953104E-034  -2.1096685843995833E-036   1.1300783888626183E-033  -1.1307385993190175E-018   3.2913674862349916E-035   4.2218227563215228E-035   1.3938097978389536E-035
  -4.3753337580885532E-018  -2.4666048927529385E-018  -4.2394481926495487E-034  -2.4340903146392145E-035  -1.8640284176704095E-034   1.0410466497913484E-033  -3.7914804802342581E-036   4.0424891970964583E-036   1.1409276882323155E-033  -2.7060627156231413E-036   1.4495466332703313E-033  -1.4503934823506739E-018   4.2218227563215228E-035   5.4153136835482813E-035   1.7878337642666588E-035
  -1.4444905465791938E-018  -8.1433500773302466E-019  -1.3996287313335928E-034  -8.0360051219323692E-036  -6.1539795059112936E-035   3.4369539041257019E-034  -1.2517348421964847E-036   1.3346038845743677E-036   3.7667052414808670E-034  -8.9339059081877164E-037   4.7855924241524180E-034  -4.7883882462738117E-019   1.3938097978389536E-035   1.7878337642666588E-035   5.9024273669730313E-036
