  0.18940407183151764       0.29423694317084664        7.9238619160252780E-017   1.0722069290106813E-017   1.0715440933287767E-017   4.7648007977582771E-016   1.9852221769546402E-018   5.9064436561651558E-019   4.5983099071033714E-016   2.7460422863223632E-018   3.9982420376788253E-016  0.21836901365669306       -2.1014528275157236E-017  -1.3229646106604590E-017   4.3627618591348265E-018
  0.29423694317084664       0.45709354550485187        1.2309623999810945E-016   1.6656605435565201E-017   1.6646308363122027E-017   7.4020606209433742E-016   3.0840187289199873E-018   9.1755890440771504E-019   7.1434190286144210E-016   4.2659436005373273E-018   6.2112208245991447E-016  0.33923363125336142       -3.2645816439257092E-017  -2.0552095802365290E-017   6.7774979745740645E-018
   7.9238619160252780E-017   1.2309623999810945E-016   3.3150072782008517E-032   4.4856583962163708E-033   4.4828853732472037E-033   1.9933902800352034E-031   8.3053264117852119E-034   2.4710051633878423E-034   1.9237375626955750E-031   1.1488274608869271E-033   1.6726946526047498E-031   9.1356320601885837E-017  -8.7915860874879981E-033  -5.5347220327906423E-033   1.8251942637768314E-033
   1.0722069290106813E-017   1.6656605435565201E-017   4.4856583962163708E-033   6.0697095236746289E-034   6.0659572442011141E-034   2.6973297782407611E-032   1.1238242943635761E-034   3.3436080611745518E-035   2.6030801220157651E-032   1.5545207335195328E-034   2.2633847177659547E-032   1.2361760085718128E-017  -1.1896218813372449E-033  -7.4892361535282443E-034   2.4697375561962339E-034
   1.0715440933287767E-017   1.6646308363122027E-017   4.4828853732472037E-033   6.0659572442011141E-034   6.0622072843775254E-034   2.6956622956172981E-032   1.1231295489535808E-034   3.3415410509088237E-035   2.6014709042975766E-032   1.5535597326319637E-034   2.2619854989097617E-032   1.2354118076088962E-017  -1.1888864600210887E-033  -7.4846063261894593E-034   2.4682107705237174E-034
   4.7648007977582771E-016   7.4020606209433742E-016   1.9933902800352034E-031   2.6973297782407611E-032   2.6956622956172981E-032   1.1986715186626723E-030   4.9941841909793850E-033   1.4858723559989976E-033   1.1567877343838607E-030   6.9081643018666439E-033   1.0058298465573224E-030   5.4934661140899409E-016  -5.2865833411993726E-032  -3.3281559215307046E-032   1.0975313775369345E-032
   1.9852221769546402E-018   3.0840187289199873E-018   8.3053264117852119E-034   1.1238242943635761E-034   1.1231295489535808E-034   4.9941841909793850E-033   2.0807932235893483E-035   6.1907871461087173E-036   4.8196782232919212E-033   2.8782401523615112E-035   4.1907223457650590E-033   2.2888156758139964E-018  -2.2026193611715349E-034  -1.3866537604036156E-034   4.5727906014769632E-035
   5.9064436561651558E-019   9.1755890440771504E-019   2.4710051633878423E-034   3.3436080611745518E-035   3.3415410509088237E-035   1.4858723559989976E-033   6.1907871461087173E-036   1.8418863082566755E-036   1.4339532470057813E-033   8.5633555206974255E-036   1.2468259573779261E-033   6.8096966603913926E-019  -6.5532449232937484E-035  -4.1255796965745002E-035   1.3604991095000434E-035
   4.5983099071033714E-016   7.1434190286144210E-016   1.9237375626955750E-031   2.6030801220157651E-032   2.6014709042975766E-032   1.1567877343838607E-030   4.8196782232919212E-033   1.4339532470057813E-033   1.1163674464492946E-030   6.6667803539900988E-033   9.7068430446469121E-031   5.3015143190542103E-016  -5.1018604101984022E-032  -3.2118640413172146E-032   1.0591816155376923E-032
   2.7460422863223632E-018   4.2659436005373273E-018   1.1488274608869271E-033   1.5545207335195328E-034   1.5535597326319637E-034   6.9081643018666439E-033   2.8782401523615112E-035   8.5633555206974255E-036   6.6667803539900988E-033   3.9813020730506484E-035   5.7967822973649162E-033   3.1659855024510637E-018  -3.0467551575148376E-034  -1.9180774357444881E-034   6.3252750769770015E-035
   3.9982420376788253E-016   6.2112208245991447E-016   1.6726946526047498E-031   2.2633847177659547E-032   2.2619854989097617E-032   1.0058298465573224E-030   4.1907223457650590E-033   1.2468259573779261E-033   9.7068430446469121E-031   5.7967822973649162E-033   8.4401244584024808E-031   4.6096800437601017E-016  -4.4360804675025190E-032  -2.7927238678423422E-032   9.2096108055645489E-033
  0.21836901365669306       0.33923363125336142        9.1356320601885837E-017   1.2361760085718128E-017   1.2354118076088962E-017   5.4934661140899409E-016   2.2888156758139964E-018   6.8096966603913926E-019   5.3015143190542103E-016   3.1659855024510637E-018   4.6096800437601017E-016  0.25176346878019973       -2.4228210975257169E-017  -1.5252812378269164E-017   5.0299446827403455E-018
  -2.1014528275157236E-017  -3.2645816439257092E-017  -8.7915860874879981E-033  -1.1896218813372449E-033  -1.1888864600210887E-033  -5.2865833411993726E-032  -2.2026193611715349E-034  -6.5532449232937484E-035  -5.1018604101984022E-032  -3.0467551575148376E-034  -4.4360804675025190E-032  -2.4228210975257169E-017   2.3315781670217349E-033   1.4678394687568863E-033  -4.8405180289957313E-034
  -1.3229646106604590E-017  -2.0552095802365290E-017  -5.5347220327906423E-033  -7.4892361535282443E-034  -7.4846063261894593E-034  -3.3281559215307046E-032  -1.3866537604036156E-034  -4.1255796965745002E-035  -3.2118640413172146E-032  -1.9180774357444881E-034  -2.7927238678423422E-032  -1.5252812378269164E-017   1.4678394687568863E-033   9.2407483331028023E-034  -3.0473365691466396E-034
   4.3627618591348265E-018   6.7774979745740645E-018   1.8251942637768314E-033   2.4697375561962339E-034   2.4682107705237174E-034   1.0975313775369345E-032   4.5727906014769632E-035   1.3604991095000434E-035   1.0591816155376923E-032   6.3252750769770015E-035   9.2096108055645489E-033   5.0299446827403455E-018  -4.8405180289957313E-034  -3.0473365691466396E-034   1.0049251241257784E-034
