   9.4878081328713707E-031   6.5589467013381457E-031   4.5793160899583226E-031  -6.9879193704679636E-016  -1.1735148885694429E-030  -1.1154482555513113E-030  -1.5222623116641499E-031  -1.0232154684021498E-031  -2.0960218949333254E-031   2.6170559535697328E-032   1.0567857265559428E-030  -8.9607190744106181E-032   4.9439392755448328E-031  -2.6742868860116885E-016   3.9134504224433187E-031   2.1851740748052137E-031   3.9733002717806610E-032   3.0229085114337187E-032   1.8081672667093827E-035   1.3543141449595749E-031  -8.1116458146444955E-032  -3.3422970005542146E-032   1.1708754430431509E-031  -6.9547625170217692E-032   6.4504880345437702E-033   8.0376102398103735E-031  -1.8149396965746813E-032   1.9381301218437962E-030   3.8258983649663866E-032   4.5877924453830504E-032   2.1503566570780165E-030   3.0736167762469566E-031   2.2183476019131283E-030  -1.9116288648937088E-016  -5.1509823399938847E-016
   6.5589467013381457E-031   1.5414500334121594E-030   1.9984397372259735E-030  -1.7185351386165146E-016  -6.6374984103363398E-031  -3.0095137117034172E-030   5.3338656830951862E-032   1.6898362463311350E-030  -4.4486697307265720E-031   5.3633750649319608E-031   3.3741969902279143E-030  -4.2177556643854587E-031   1.8856613327839866E-030  -7.4388946359289595E-017   2.5971366444197660E-031   3.1927720588255883E-031  -5.5795680350379600E-032  -1.5834878775952328E-031  -1.1304979541547104E-033   1.3813830388729551E-031  -8.0557499503151561E-031   3.1132515291997396E-032   4.5518139409487574E-031  -4.6943900839501587E-031   1.7742553577356426E-033   2.6728151625763937E-030  -5.9884695931266687E-031   3.9247554385211296E-030  -7.6849720043361530E-032   6.5829059860632608E-032   2.6411896894248655E-030   1.0684872235613912E-030   3.5932763632447920E-030  -4.8560245213388957E-017  -1.7231405967435085E-015
   4.5793160899583226E-031   1.9984397372259735E-030   2.8208513758475460E-030   1.4381392082693927E-016  -3.3838880928745260E-031  -3.9984872251849383E-030   1.7164927247359669E-031   2.6720993998129366E-030  -5.6485521717741242E-031   8.1373374403597958E-031   4.5965872992272814E-030  -5.9947293272144763E-031   2.6251534299742812E-030   4.1712478024222639E-017   1.7215173785231428E-031   3.6549502455043648E-031  -1.0953074025271243E-031  -2.6248805775750978E-031  -1.7581149658106891E-033   1.3417624930293490E-031  -1.1977239933704660E-030   6.7709075131665176E-032   6.3500914306807679E-031  -6.8490502958615804E-031  -1.0370935414936283E-033   3.6606561872169646E-030  -9.1506072415320962E-031   4.9312056201447434E-030  -1.4121228486173452E-031   7.4875680105222163E-032   2.8227177627451578E-030   1.4715620385388068E-030   4.2546100340191435E-030   3.6949645659674120E-017  -2.3617975332870941E-015
  -6.9879193704679636E-016  -1.7185351386165146E-016   1.4381392082693927E-016  0.60369451357094395        9.0650465762359793E-016   1.8126544452067223E-016   1.5747576003444566E-016   5.7896103840916905E-016   6.8571344390765474E-017   1.2896568051102027E-016  -2.2144298575200250E-017  -3.6929818420071738E-017   7.7489198303841151E-017  0.22856897137843896       -2.9132794361186056E-016  -1.1282456814555623E-016  -5.3080860600810607E-017  -7.3536375285352567E-017  -3.4026429119510900E-019  -8.7014368204086249E-017  -1.5464560136787550E-016   4.0130928573849305E-017   2.0811586854585796E-017  -6.9304438072873515E-017  -5.5189071406762560E-018   1.3620532145722724E-017  -1.5433992577350430E-016  -6.8806393135422466E-016  -5.7726112828637753E-017  -2.4031864305537077E-017  -1.2534936548747018E-015   1.8478439028166506E-017  -1.0446767548800370E-015  0.16470515122667023       -1.1658067267992050E-002
  -1.1735148885694429E-030  -6.6374984103363398E-031  -3.3838880928745260E-031   9.0650465762359793E-016   1.4714780036608991E-030   1.0761999539607823E-030   2.0978123620234464E-031   3.6523886377355814E-031   2.1858311325244945E-031   3.7889134976590343E-032  -9.4870426616318263E-031   6.2049937289508144E-032  -4.0219444148442752E-031   3.4575198575692760E-016  -4.8550887922759132E-031  -2.4747179324903199E-031  -6.0432406722347161E-032  -6.1689758770509282E-032  -1.7732091987789798E-034  -1.6147573952144543E-031  -1.2794325914866478E-033   4.8692777538691949E-032  -9.4086083604079297E-032   2.8897221164308644E-032  -8.3423939057514840E-033  -7.0711949887089632E-031  -5.7036394028139918E-032  -2.0467696329086597E-030  -6.1325395238934121E-032  -5.2120078626451001E-032  -2.5031684252488842E-030  -2.6411628448364242E-031  -2.4645617669291300E-030   2.4777536710666123E-016   4.5177625332150062E-016
  -1.1154482555513113E-030  -3.0095137117034172E-030  -3.9984872251849383E-030   1.8126544452067223E-016   1.0761999539607823E-030   5.9164580126984917E-030  -1.4726541359602499E-031  -3.5017288771802056E-030   8.6354717657311061E-031  -1.0969550947998294E-030  -6.6811845599094468E-030   8.4562627813468713E-031  -3.7574782619745292E-030   8.7105215291694396E-017  -4.3782199431820888E-031  -6.0297319492801840E-031   1.2458476209459597E-031   3.3322412403897017E-031   2.3302322811959261E-033  -2.5080107031259790E-031   1.6373105114593378E-030  -7.2289461682965687E-032  -9.0757675968332865E-031   9.4863004545228965E-031  -2.0597927332680819E-033  -5.3006151304503958E-030   1.2275334717688711E-030  -7.5965511536118859E-030   1.6753582898002596E-031  -1.2411885166310012E-031  -4.9035454923697726E-030  -2.1224186892373707E-030  -6.8455107071129880E-030   5.2771335902810974E-017   3.4180195440100750E-015
  -1.5222623116641499E-031   5.3338656830951862E-032   1.7164927247359669E-031   1.5747576003444566E-016   2.0978123620234464E-031  -1.4726541359602499E-031   4.7534782830044993E-032   2.7300871192737309E-031  -1.0089024110059887E-032   7.1332033513851670E-032   2.1573810023231811E-031  -3.8065924190520670E-032   1.4568870886468726E-031   5.9009840960042588E-017  -6.4366536991817698E-032  -1.0543494847646145E-032  -1.8509994828288256E-032  -3.0974049252520541E-032  -1.6948559986538744E-034  -1.5241507217558263E-032  -9.6219947369834744E-032   1.3267337935190215E-032   3.5756822945212952E-032  -5.0252057264342592E-032  -1.4262613388333114E-033   1.7960553076013144E-031  -8.2537482481771705E-032   6.5773983667422520E-032  -2.1193474936988353E-032  -2.3890146571816800E-033  -1.7673028898632925E-031   7.5443143145437194E-032  -5.5728874029404562E-032   4.2853814604327257E-017  -1.1659446800589908E-016
  -1.0232154684021498E-031   1.6898362463311350E-030   2.6720993998129366E-030   5.7896103840916905E-016   3.6523886377355814E-031  -3.5017288771802056E-030   2.7300871192737309E-031   2.8598685064143075E-030  -4.6278333879131903E-031   8.3576665257736621E-031   4.1637812892447154E-030  -5.7258785231221236E-031   2.4448895859401278E-030   2.0762037020654759E-016  -5.9719672551633819E-032   2.4862856983295118E-031  -1.3901572456638251E-031  -2.9330379406514739E-031  -1.8514692891310599E-033   5.7424144744781293E-032  -1.2040388356758848E-030   9.1368493354252178E-032   5.9293919407175539E-031  -6.7431581624355428E-031  -5.0403082248741301E-033   3.3391796397241441E-030  -9.4675273917307851E-031   3.9737202940227574E-030  -1.7127607060832067E-031   5.0252412187284278E-032   1.6364559246978154E-030   1.3519836633212471E-030   3.0936676756348692E-030   1.5587739267206647E-016  -2.1565168243715220E-015
  -2.0960218949333254E-031  -4.4486697307265720E-031  -5.6485521717741242E-031   6.8571344390765474E-017   2.1858311325244945E-031   8.6354717657311061E-031  -1.0089024110059887E-032  -4.6278333879131903E-031   1.2900579598530299E-031  -1.4866141270805853E-031  -9.6231103462513991E-031   1.1900056118466248E-031  -5.3486806485229684E-031   2.8618977730905296E-017  -8.3470708883227080E-032  -9.4651172229279042E-032   1.4177880238633965E-032   4.2739894278802927E-032   3.1112892455514863E-034  -4.2191683712820633E-032   2.2455622882473086E-031  -7.5696251952179571E-033  -1.2904388387171259E-031   1.3153300506160103E-031  -6.8477737603382713E-034  -7.6126749813188185E-031   1.6565196365459733E-031  -1.1408270534643064E-030   2.0027160947179038E-032  -1.9540301250618965E-032  -7.9338509097130332E-031  -3.0390198034079486E-031  -1.0579364147868127E-030   1.9185199984963093E-017   4.9068912082792466E-016
   2.6170559535697328E-032   5.3633750649319608E-031   8.1373374403597958E-031   1.2896568051102027E-016   3.7889134976590343E-032  -1.0969550947998294E-030   7.1332033513851670E-032   8.3576665257736621E-031  -1.4866141270805853E-031   2.4757081013953787E-031   1.2883579359940776E-030  -1.7386453865513094E-031   7.4901502638754123E-031   4.5249335670796498E-017   5.6388697775485239E-033   8.6151267002171547E-032  -3.8563662310368953E-032  -8.4544100409526517E-032  -5.4392986894057967E-034   2.4938501583633175E-032  -3.5923611437322504E-031   2.4912484449275795E-032   1.8148558528106122E-031  -2.0261929660328483E-031  -1.1009757786091470E-033   1.0306146655707427E-030  -2.7976503542667319E-031   1.2847003844270643E-030  -4.8147341814716005E-032   1.7514300857821139E-032   6.0928919923859913E-031   4.1620837302145360E-031   1.0422711356615413E-030   3.4542926320868946E-017  -6.6535734070886234E-016
   1.0567857265559428E-030   3.3741969902279143E-030   4.5965872992272814E-030  -2.2144298575200250E-017  -9.4870426616318263E-031  -6.6811845599094468E-030   2.1573810023231811E-031   4.1637812892447154E-030  -9.6231103462513991E-031   1.2883579359940776E-030   7.6004688924895483E-030  -9.7410478803520381E-031   4.3019313295895118E-030  -2.9419979263966173E-017   4.0959389602847945E-031   6.5211438659515706E-031  -1.5805286418989970E-031  -4.0185354301515488E-031  -2.7570605381260333E-033   2.5900677611521738E-031  -1.9114464993197813E-030   9.4556924281218341E-032   1.0397226637393156E-030  -1.1012659637768913E-030   6.6093907639838284E-034   6.0394615312279436E-030  -1.4447791994738471E-030   8.4394732325318151E-030  -2.0837485913789602E-031   1.3398785397039206E-031   5.2006375982130595E-030   2.4222351644830456E-030   7.4754982168172532E-030  -9.8182724464583725E-018  -3.8953306619087744E-015
  -8.9607190744106181E-032  -4.2177556643854587E-031  -5.9947293272144763E-031  -3.6929818420071738E-017   6.2049937289508144E-032   8.4562627813468713E-031  -3.8065924190520670E-032  -5.7258785231221236E-031   1.1900056118466248E-031  -1.7386453865513094E-031  -9.7410478803520381E-031   1.2746490833766747E-031  -5.5728259512892312E-031  -1.1282193152165356E-017  -3.3380663667533029E-032  -7.6269587114465019E-032   2.3784024632023985E-032   5.6424872566064097E-032   3.7630154602495343E-034  -2.7512384354655674E-032   2.5553334792704636E-031  -1.4780799265581192E-032  -1.3482544855081763E-031   1.4591965434290444E-031   2.7875734056381205E-034  -7.7609679172369222E-031   1.9561379077906420E-031  -1.0379241607802076E-030   3.0549175847386979E-032  -1.5614857994952942E-032  -5.8494983740627202E-031  -3.1212512990512012E-031  -8.9069834186749692E-031  -9.5907543410785747E-018   5.0075603327842901E-016
   4.9439392755448328E-031   1.8856613327839866E-030   2.6251534299742812E-030   7.7489198303841151E-017  -4.0219444148442752E-031  -3.7574782619745292E-030   1.4568870886468726E-031   2.4448895859401278E-030  -5.3486806485229684E-031   7.4901502638754123E-031   4.3019313295895118E-030  -5.5728259512892312E-031   2.4483561477088847E-030   1.7423153243566044E-017   1.8856414041872070E-031   3.5255952985576867E-031  -9.7444244648473747E-032  -2.3859413594196010E-031  -1.6124638783463319E-033   1.3373563521331543E-031  -1.1057891048354776E-030   5.9546098673333160E-032   5.9204758270267326E-031  -6.3414040383103248E-031  -4.4868421480683883E-034   3.4230431699205248E-030  -8.4140300352940875E-031   4.6778669232714826E-030  -1.2664157110603807E-031   7.2312487317848024E-032   2.7589245131653140E-030   1.3748144171944017E-030   4.0786459708458891E-030   1.9002001274768954E-017  -2.2082221659162984E-015
  -2.6742868860116885E-016  -7.4388946359289595E-017   4.1712478024222639E-017  0.22856897137843896        3.4575198575692760E-016   8.7105215291694396E-017   5.9009840960042588E-017   2.0762037020654759E-016   2.8618977730905296E-017   4.5249335670796498E-017  -2.9419979263966173E-017  -1.1282193152165356E-017   1.7423153243566044E-017   8.6598312068459471E-002  -1.1140586771661884E-016  -4.4510883670306741E-017  -1.9654434972241444E-017  -2.6722324682335691E-017  -1.2116376193247359E-019  -3.3653207373586443E-017  -5.3244878596296110E-017   1.4928442263878289E-017   4.9995645100724075E-018  -2.3184504728196358E-017  -2.0908208705480832E-018  -1.1561587121901604E-017  -5.4420906039000282E-017  -2.8380317746995038E-016  -2.1273443749769663E-017  -9.4673079897809198E-018  -4.8886197669346906E-016   2.8965148674241275E-019  -4.1611835340553535E-016   6.2370614687639700E-002   6.3694777611863207E-003
   3.9134504224433187E-031   2.5971366444197660E-031   1.7215173785231428E-031  -2.9132794361186056E-016  -4.8550887922759132E-031  -4.3782199431820888E-031  -6.4366536991817698E-032  -5.9719672551633819E-032  -8.3470708883227080E-032   5.6388697775485239E-033   4.0959389602847945E-031  -3.3380663667533029E-032   1.8856414041872070E-031  -1.1140586771661884E-016   1.6152635925934970E-031   8.8458718720451152E-032   1.7217070718700222E-032   1.4251857611331425E-032   1.8829228045207565E-035   5.5418750996593872E-032  -2.6001876217875437E-032  -1.4325605354738385E-032   4.4572183172926320E-032  -2.4494530006687362E-032   2.6873538753750936E-033   3.1046592912245839E-031  -1.6533322354508588E-033   7.7370748342582680E-031   1.6808397461440649E-032   1.8583959531843782E-032   8.7547392979971326E-031   1.1826198825778822E-031   8.9451407300854612E-031  -7.9680844150962459E-017  -1.9886329712748656E-016
   2.1851740748052137E-031   3.1927720588255883E-031   3.6549502455043648E-031  -1.1282456814555623E-016  -2.4747179324903199E-031  -6.0297319492801840E-031  -1.0543494847646145E-032   2.4862856983295118E-031  -9.4651172229279042E-032   8.6151267002171547E-032   6.5211438659515706E-031  -7.6269587114465019E-032   3.5255952985576867E-031  -4.4510883670306741E-017   8.8458718720451152E-032   7.6334704238310674E-032  -3.7219168489566658E-033  -2.0750338540212203E-032  -1.7254969955138711E-034   3.8073894583924436E-032  -1.3455917632986359E-031   6.8772267617540586E-034   8.4826346354787911E-032  -8.1162592495272360E-032   1.0705228040281260E-033   5.1244468164961376E-031  -9.4825506399500866E-032   8.4602221940535866E-031  -7.1589393816667494E-033   1.5840475052237761E-032   6.7377151002333008E-031   2.0313340347407611E-031   8.2936210879368381E-031  -3.1103786796189688E-017  -3.2998849773056608E-016
   3.9733002717806610E-032  -5.5795680350379600E-032  -1.0953074025271243E-031  -5.3080860600810607E-017  -6.0432406722347161E-032   1.2458476209459597E-031  -1.8509994828288256E-032  -1.3901572456638251E-031   1.4177880238633965E-032  -3.8563662310368953E-032  -1.5805286418989970E-031   2.3784024632023985E-032  -9.7444244648473747E-032  -1.9654434972241444E-017   1.7217070718700222E-032  -3.7219168489566658E-033   8.0357950858502596E-033   1.4983053856666091E-032   8.8227070059846668E-035   2.2650656747830472E-033   5.3959686345562397E-032  -5.5503330240086598E-033  -2.3735845064538360E-032   2.9332817146613753E-032   4.7560620929003133E-034  -1.2836038230492270E-031   4.4107558323272901E-032  -1.1665052405227845E-031   9.5072820265653610E-033  -6.8932186886858265E-034   1.6915743652458496E-033  -5.2635727648279535E-032  -6.4724216337738186E-032  -1.4402466360586842E-017   8.3044694021111421E-017
   3.0229085114337187E-032  -1.5834878775952328E-031  -2.6248805775750978E-031  -7.3536375285352567E-017  -6.1689758770509282E-032   3.3322412403897017E-031  -3.0974049252520541E-032  -2.9330379406514739E-031   4.2739894278802927E-032  -8.4544100409526517E-032  -4.0185354301515488E-031   5.6424872566064097E-032  -2.3859413594196010E-031  -2.6722324682335691E-017   1.4251857611331425E-032  -2.0750338540212203E-032   1.4983053856666091E-032   3.0492885509360862E-032   1.8887823995390012E-034  -3.0184757080810137E-033   1.2089107512120963E-031  -1.0000262271577963E-032  -5.7923051134917584E-032   6.7200804446484781E-032   6.4785409668226337E-034  -3.2318313083967974E-031   9.6011239614397208E-032  -3.6409972856968203E-031   1.8236745616684848E-032  -4.1582868323783716E-033  -1.2170805488879490E-031  -1.3122929601493389E-031  -2.6864909332157044E-031  -1.9861786140395644E-017   2.0880217357988031E-016
   1.8081672667093827E-035  -1.1304979541547104E-033  -1.7581149658106891E-033  -3.4026429119510900E-019  -1.7732091987789798E-034   2.3302322811959261E-033  -1.6948559986538744E-034  -1.8514692891310599E-033   3.1112892455514863E-034  -5.4392986894057967E-034  -2.7570605381260333E-033   3.7630154602495343E-034  -1.6124638783463319E-033  -1.2116376193247359E-019   1.8829228045207565E-035  -1.7254969955138711E-034   8.8227070059846668E-035   1.8887823995390012E-034   1.2010891765984369E-036  -4.4182140550697836E-035   7.8581937831227439E-034  -5.7615086337151702E-035  -3.9091437091571697E-034   4.4132317183601434E-034   2.9435672537262692E-036  -2.2088192891011156E-033   6.1557549855426660E-034  -2.6785802841636057E-033   1.0924623870649354E-034  -3.4962687029523477E-035  -1.1719964472086398E-033  -8.9339698610157293E-034  -2.1215118586076394E-033  -9.1457510054538023E-020   1.4263016034918502E-018
   1.3543141449595749E-031   1.3813830388729551E-031   1.3417624930293490E-031  -8.7014368204086249E-017  -1.6147573952144543E-031  -2.5080107031259790E-031  -1.5241507217558263E-032   5.7424144744781293E-032  -4.2191683712820633E-032   2.4938501583633175E-032   2.5900677611521738E-031  -2.7512384354655674E-032   1.3373563521331543E-031  -3.3653207373586443E-017   5.5418750996593872E-032   3.8073894583924436E-032   2.2650656747830472E-033  -3.0184757080810137E-033  -4.4182140550697836E-035   2.1153026549886037E-032  -4.2242822504062905E-032  -2.5518599824448148E-033   3.2024495385154846E-032  -2.7166418250421778E-032   8.1090922969412231E-034   2.0135025006954451E-031  -2.6577835856369256E-032   3.8240985973667477E-031   1.2349719179205765E-033   7.9444106892926178E-033   3.5418702025475691E-031   7.8895193334333661E-032   4.0092169617461159E-031  -2.3867139536000533E-017  -1.2945627235766567E-016
  -8.1116458146444955E-032  -8.0557499503151561E-031  -1.1977239933704660E-030  -1.5464560136787550E-016  -1.2794325914866478E-033   1.6373105114593378E-030  -9.6219947369834744E-032  -1.2040388356758848E-030   2.2455622882473086E-031  -3.5923611437322504E-031  -1.9114464993197813E-030   2.5553334792704636E-031  -1.1057891048354776E-030  -5.3244878596296110E-017  -2.6001876217875437E-032  -1.3455917632986359E-031   5.3959686345562397E-032   1.2089107512120963E-031   7.8581937831227439E-034  -4.2242822504062905E-032   5.2323480343797411E-031  -3.4504798163618017E-032  -2.6780828994474328E-031   2.9620435271124289E-031   1.2980900433315296E-033  -1.5271533315118360E-030   4.0543035311266048E-031  -1.9463494971415353E-030   6.7887046387492731E-032  -2.7421794088365283E-032  -9.7923253397673518E-031  -6.1594703967884476E-031  -1.6085216798238986E-030  -4.1239030153112036E-017   9.8574561733659643E-016
  -3.3422970005542146E-032   3.1132515291997396E-032   6.7709075131665176E-032   4.0130928573849305E-017   4.8692777538691949E-032  -7.2289461682965687E-032   1.3267337935190215E-032   9.1368493354252178E-032  -7.5696251952179571E-033   2.4912484449275795E-032   9.4556924281218341E-032  -1.4780799265581192E-032   5.9546098673333160E-032   1.4928442263878289E-017  -1.4325605354738385E-032   6.8772267617540586E-034  -5.5503330240086598E-033  -1.0000262271577963E-032  -5.7615086337151702E-035  -2.5518599824448148E-033  -3.4504798163618017E-032   3.8811444106227217E-033   1.4531005041665803E-032  -1.8554729761204545E-032  -3.6107885315342800E-034   7.7226157347005054E-032  -2.8587545847946598E-032   6.0582517898612026E-032  -6.4971487006738608E-033   8.4395148909588870E-035  -1.8192622997022622E-032   3.1844202962347639E-032   2.4530438283412095E-032   1.0901144631267178E-017  -5.0001633715817049E-017
   1.1708754430431509E-031   4.5518139409487574E-031   6.3500914306807679E-031   2.0811586854585796E-017  -9.4086083604079297E-032  -9.0757675968332865E-031   3.5756822945212952E-032   5.9293919407175539E-031  -1.2904388387171259E-031   1.8148558528106122E-031   1.0397226637393156E-030  -1.3482544855081763E-031   5.9204758270267326E-031   4.9995645100724075E-018   4.4572183172926320E-032   8.4826346354787911E-032  -2.3735845064538360E-032  -5.7923051134917584E-032  -3.9091437091571697E-034   3.2024495385154846E-032  -2.6780828994474328E-031   1.4531005041665803E-032   1.4317273648458483E-031  -1.5351403309229997E-031  -1.2748313371277755E-034   8.2741420046937814E-031  -2.0390374861173607E-031   1.1282915879127536E-030  -3.0809010511285420E-032   1.7395419806897476E-032   6.6252321185076635E-031   3.3236347927775781E-031   9.8222688540262882E-031   5.1609239985371367E-018  -5.3377891703915393E-016
  -6.9547625170217692E-032  -4.6943900839501587E-031  -6.8490502958615804E-031  -6.9304438072873515E-017   2.8897221164308644E-032   9.4863004545228965E-031  -5.0252057264342592E-032  -6.7431581624355428E-031   1.3153300506160103E-031  -2.0261929660328483E-031  -1.1012659637768913E-030   1.4591965434290444E-031  -6.3414040383103248E-031  -2.3184504728196358E-017  -2.4494530006687362E-032  -8.1162592495272360E-032   2.9332817146613753E-032   6.7200804446484781E-032   4.4132317183601434E-034  -2.7166418250421778E-032   2.9620435271124289E-031  -1.8554729761204545E-032  -1.5351403309229997E-031   1.6827821957439093E-031   5.6697899536863006E-034  -8.7883463500121043E-031   2.2838678510266346E-031  -1.1431309385396566E-030   3.7199835018280920E-032  -1.6574089422875553E-032  -6.0478386246449460E-031  -3.5403605951844722E-031  -9.6027961259317953E-031  -1.8359694384112130E-017   5.6717572338186017E-016
   6.4504880345437702E-033   1.7742553577356426E-033  -1.0370935414936283E-033  -5.5189071406762560E-018  -8.3423939057514840E-033  -2.0597927332680819E-033  -1.4262613388333114E-033  -5.0403082248741301E-033  -6.8477737603382713E-034  -1.1009757786091470E-033   6.6093907639838284E-034   2.7875734056381205E-034  -4.4868421480683883E-034  -2.0908208705480832E-018   2.6873538753750936E-033   1.0705228040281260E-033   4.7560620929003133E-034   6.4785409668226337E-034   2.9435672537262692E-036   8.1090922969412231E-034   1.2980900433315296E-033  -3.6107885315342800E-034  -1.2748313371277755E-034   5.6697899536863006E-034   5.0480888374485474E-035   2.3988232053795930E-034   1.3234509886459923E-033   6.7978458917074624E-033   5.1502630147175943E-034   2.2772709224326728E-034   1.1770285631602422E-032  -2.2749921899139278E-035   9.9990128755737230E-033  -1.5059437644765038E-018  -1.2846005918272102E-019
   8.0376102398103735E-031   2.6728151625763937E-030   3.6606561872169646E-030   1.3620532145722724E-017  -7.0711949887089632E-031  -5.3006151304503958E-030   1.7960553076013144E-031   3.3391796397241441E-030  -7.6126749813188185E-031   1.0306146655707427E-030   6.0394615312279436E-030  -7.7609679172369222E-031   3.4230431699205248E-030  -1.1561587121901604E-017   3.1046592912245839E-031   5.1244468164961376E-031  -1.2836038230492270E-031  -3.2318313083967974E-031  -2.2088192891011156E-033   2.0135025006954451E-031  -1.5271533315118360E-030   7.7226157347005054E-032   8.2741420046937814E-031  -8.7883463500121043E-031   2.3988232053795930E-034   4.8006729752981030E-030  -1.1562454548763128E-030   6.6718369501146216E-030  -1.6859490501824456E-031   1.0524640095305325E-031   4.0684739586551117E-030   1.9260697391623297E-030   5.8872585446259763E-030   7.1449321338113952E-019  -3.0964856552594275E-015
  -1.8149396965746813E-032  -5.9884695931266687E-031  -9.1506072415320962E-031  -1.5433992577350430E-016  -5.7036394028139918E-032   1.2275334717688711E-030  -8.2537482481771705E-032  -9.4675273917307851E-031   1.6565196365459733E-031  -2.7976503542667319E-031  -1.4447791994738471E-030   1.9561379077906420E-031  -8.4140300352940875E-031  -5.4420906039000282E-017  -1.6533322354508588E-033  -9.4825506399500866E-032   4.4107558323272901E-032   9.6011239614397208E-032   6.1557549855426660E-034  -2.6577835856369256E-032   4.0543035311266048E-031  -2.8587545847946598E-032  -2.0390374861173607E-031   2.2838678510266346E-031   1.3234509886459923E-033  -1.1562454548763128E-030   3.1628377791986440E-031  -1.4299979309741603E-030   5.4931937645558711E-032  -1.9260189692195490E-032  -6.6333081665933169E-031  -4.6715182596574094E-031  -1.1523495842860539E-030  -4.1387550476262941E-017   7.4650960452176259E-016
   1.9381301218437962E-030   3.9247554385211296E-030   4.9312056201447434E-030  -6.8806393135422466E-016  -2.0467696329086597E-030  -7.5965511536118859E-030   6.5773983667422520E-032   3.9737202940227574E-030  -1.1408270534643064E-030   1.2847003844270643E-030   8.4394732325318151E-030  -1.0379241607802076E-030   4.6778669232714826E-030  -2.8380317746995038E-016   7.7370748342582680E-031   8.4602221940535866E-031  -1.1665052405227845E-031  -3.6409972856968203E-031  -2.6785802841636057E-033   3.8240985973667477E-031  -1.9463494971415353E-030   6.0582517898612026E-032   1.1282915879127536E-030  -1.1431309385396566E-030   6.7978458917074624E-033   6.6718369501146216E-030  -1.4299979309741603E-030   1.0100347496242087E-029  -1.6726054490079652E-031   1.7476392375845921E-031   7.1358413351426897E-030   2.6615546710300900E-030   9.4250159368098799E-030  -1.9190502504071773E-016  -4.3000420857086811E-015
   3.8258983649663866E-032  -7.6849720043361530E-032  -1.4121228486173452E-031  -5.7726112828637753E-017  -6.1325395238934121E-032   1.6753582898002596E-031  -2.1193474936988353E-032  -1.7127607060832067E-031   2.0027160947179038E-032  -4.8147341814716005E-032  -2.0837485913789602E-031   3.0549175847386979E-032  -1.2664157110603807E-031  -2.1273443749769663E-017   1.6808397461440649E-032  -7.1589393816667494E-033   9.5072820265653610E-033   1.8236745616684848E-032   1.0924623870649354E-034   1.2349719179205765E-033   6.7887046387492731E-032  -6.4971487006738608E-033  -3.0809010511285420E-032   3.7199835018280920E-032   5.1502630147175943E-034  -1.6859490501824456E-031   5.4931937645558711E-032  -1.6726054490079652E-031   1.1349986048125467E-032  -1.3887669385967975E-033  -2.2910889512934127E-032  -6.8875833819835100E-032  -1.0609861103527406E-031  -1.5644731839774959E-017   1.0901795610754267E-016
   4.5877924453830504E-032   6.5829059860632608E-032   7.4875680105222163E-032  -2.4031864305537077E-017  -5.2120078626451001E-032  -1.2411885166310012E-031  -2.3890146571816800E-033   5.0252412187284278E-032  -1.9540301250618965E-032   1.7514300857821139E-032   1.3398785397039206E-031  -1.5614857994952942E-032   7.2312487317848024E-032  -9.4673079897809198E-018   1.8583959531843782E-032   1.5840475052237761E-032  -6.8932186886858265E-034  -4.1582868323783716E-033  -3.4962687029523477E-035   7.9444106892926178E-033  -2.7421794088365283E-032   8.4395148909588870E-035   1.7395419806897476E-032  -1.6574089422875553E-032   2.2772709224326728E-034   1.0524640095305325E-031  -1.9260189692195490E-032   1.7476392375845921E-031  -1.3887669385967975E-033   3.2879886931187754E-033   1.4018177267560720E-031   4.1701204766743939E-032   1.7184703881054989E-031  -6.6227283983156153E-018  -6.7769275702970504E-017
   2.1503566570780165E-030   2.6411896894248655E-030   2.8227177627451578E-030  -1.2534936548747018E-015  -2.5031684252488842E-030  -4.9035454923697726E-030  -1.7673028898632925E-031   1.6364559246978154E-030  -7.9338509097130332E-031   6.0928919923859913E-031   5.2006375982130595E-030  -5.8494983740627202E-031   2.7589245131653140E-030  -4.8886197669346906E-016   8.7547392979971326E-031   6.7377151002333008E-031   1.6915743652458496E-033  -1.2170805488879490E-031  -1.1719964472086398E-033   3.5418702025475691E-031  -9.7923253397673518E-031  -1.8192622997022622E-032   6.6252321185076635E-031  -6.0478386246449460E-031   1.1770285631602422E-032   4.0684739586551117E-030  -6.6333081665933169E-031   7.1358413351426897E-030  -2.2910889512934127E-032   1.4018177267560720E-031   6.0989936463461986E-030   1.6050334433880996E-030   7.2135890075812878E-030  -3.4455058887800401E-016  -2.6181893642977822E-015
   3.0736167762469566E-031   1.0684872235613912E-030   1.4715620385388068E-030   1.8478439028166506E-017  -2.6411628448364242E-031  -2.1224186892373707E-030   7.5443143145437194E-032   1.3519836633212471E-030  -3.0390198034079486E-031   4.1620837302145360E-031   2.4222351644830456E-030  -3.1212512990512012E-031   1.3748144171944017E-030   2.8965148674241275E-019   1.1826198825778822E-031   2.0313340347407611E-031  -5.2635727648279535E-032  -1.3122929601493389E-031  -8.9339698610157293E-034   7.8895193334333661E-032  -6.1594703967884476E-031   3.1844202962347639E-032   3.3236347927775781E-031  -3.5403605951844722E-031  -2.2749921899139278E-035   1.9260697391623297E-030  -4.6715182596574094E-031   2.6615546710300900E-030  -6.8875833819835100E-032   4.1701204766743939E-032   1.6050334433880996E-030   7.7303567814039401E-031   2.3391353576513482E-030   3.8373729804800523E-018  -1.2423976084925346E-015
   2.2183476019131283E-030   3.5932763632447920E-030   4.2546100340191435E-030  -1.0446767548800370E-015  -2.4645617669291300E-030  -6.8455107071129880E-030  -5.5728874029404562E-032   3.0936676756348692E-030  -1.0579364147868127E-030   1.0422711356615413E-030   7.4754982168172532E-030  -8.9069834186749692E-031   4.0786459708458891E-030  -4.1611835340553535E-016   8.9451407300854612E-031   8.2936210879368381E-031  -6.4724216337738186E-032  -2.6864909332157044E-031  -2.1215118586076394E-033   4.0092169617461159E-031  -1.6085216798238986E-030   2.4530438283412095E-032   9.8222688540262882E-031  -9.6027961259317953E-031   9.9990128755737230E-033   5.8872585446259763E-030  -1.1523495842860539E-030   9.4250159368098799E-030  -1.0609861103527406E-031   1.7184703881054989E-031   7.2135890075812878E-030   2.3391353576513482E-030   9.0859577641987613E-030  -2.8871366445388717E-016  -3.7922941273785545E-015
  -1.9116288648937088E-016  -4.8560245213388957E-017   3.6949645659674120E-017  0.16470515122667023        2.4777536710666123E-016   5.2771335902810974E-017   4.2853814604327257E-017   1.5587739267206647E-016   1.9185199984963093E-017   3.4542926320868946E-017  -9.8182724464583725E-018  -9.5907543410785747E-018   1.9002001274768954E-017   6.2370614687639700E-002  -7.9680844150962459E-017  -3.1103786796189688E-017  -1.4402466360586842E-017  -1.9861786140395644E-017  -9.1457510054538023E-020  -2.3867139536000533E-017  -4.1239030153112036E-017   1.0901144631267178E-017   5.1609239985371367E-018  -1.8359694384112130E-017  -1.5059437644765038E-018   7.1449321338113952E-019  -4.1387550476262941E-017  -1.9190502504071773E-016  -1.5644731839774959E-017  -6.6227283983156153E-018  -3.4455058887800401E-016   3.8373729804800523E-018  -2.8871366445388717E-016   4.4938158725562505E-002  -1.2446450604992399E-003
  -5.1509823399938847E-016  -1.7231405967435085E-015  -2.3617975332870941E-015  -1.1658067267992050E-002   4.5177625332150062E-016   3.4180195440100750E-015  -1.1659446800589908E-016  -2.1565168243715220E-015   4.9068912082792466E-016  -6.6535734070886234E-016  -3.8953306619087744E-015   5.0075603327842901E-016  -2.2082221659162984E-015   6.3694777611863207E-003  -1.9886329712748656E-016  -3.2998849773056608E-016   8.3044694021111421E-017   2.0880217357988031E-016   1.4263016034918502E-018  -1.2945627235766567E-016   9.8574561733659643E-016  -5.0001633715817049E-017  -5.3377891703915393E-016   5.6717572338186017E-016  -1.2846005918272102E-019  -3.0964856552594275E-015   7.4650960452176259E-016  -4.3000420857086811E-015   1.0901795610754267E-016  -6.7769275702970504E-017  -2.6181893642977822E-015  -1.2423976084925346E-015  -3.7922941273785545E-015  -1.2446450604992399E-003   1.9972801917896867     
