  0.20046219986997682        1.3313298535195597E-016  -3.3651771961465137E-017   9.8750392783572821E-016  -2.9434309564560834E-017   2.5794706244572269E-017   2.2198233271183244E-017  -4.6433537835615986E-017  -9.0678957233457423E-018  -3.7241342716390846E-017   9.8881446789852718E-016  0.19293898463448664        2.1201992495947728E-016  -1.7288620079818076E-016  -8.1346748373919383E-016  -6.7990514249420136E-015  -6.2574431270431577E-018   1.5120736839564201E-017  -2.6974424125615456E-015  -3.2170290918565250E-018  -2.6413348246560758E-015  -3.2154947720670303E-017   3.0128703749946069E-017  -4.2315687556029941E-018   4.8888593758243336E-017   2.8269736000331669E-016  -2.7243214195877133E-018  -5.4436598668494151E-018  -1.0619346002112513E-018  -4.7658296182250076E-018  -3.7136236925820445E-018   2.2034296960719623E-018  0.15094569741772912        1.1496349628393755E-016  -3.5140855882738998E-017
   1.3313298535195597E-016  0.20046219986998848        9.7007337491148237E-018  -1.8616208688499232E-016  -7.6746209231070535E-017  -2.0297150340620075E-017  -1.4036732588945613E-017  -1.3523958328702664E-016  -3.4570925780352942E-017  -1.0951676966782980E-016  -4.4513337123297488E-016  -1.6293280559156187E-016  0.19293898463447814        2.0318822810206334E-017   1.7976743560851451E-015   4.3683466704590736E-017  -8.6840853663169566E-017   1.0052061286448660E-017   3.9099633925940296E-017   2.2594752030081735E-020   4.2953575056234705E-017  -3.3294079339679719E-016   1.4942435835088590E-017  -1.1351767083191089E-016   3.0166690946446659E-017  -1.8531070582033127E-016  -4.9003021716042111E-017  -6.1797583175615223E-018  -5.8007748825389810E-019  -4.9470934936199861E-017  -8.6301902303201018E-019  -6.2232132452361985E-017   9.9606089769685875E-018  0.15094569741773589        6.8679953360857279E-017
  -3.3651771961465137E-017   9.7007337491148237E-018  0.20046219986998584       -1.6178635227655626E-016   2.5491215899818870E-016   5.7327600257816764E-018  -1.7425417142790849E-017   2.0598294822549588E-016   4.8113469315040665E-017   1.4467854800133649E-016   5.0147914333145335E-016   1.4515603617096849E-016   1.0955530678893392E-017  0.19293898463447756       -1.0132721768393631E-016   5.2374608529106236E-017  -4.0101276317118202E-017  -2.6431422131839279E-016   2.2077552775498836E-017  -6.5759493662846533E-018   4.0044355671353896E-017  -5.4109573332700102E-017  -2.2462703962007301E-016  -2.7634648042389213E-017  -7.3114119414687825E-016   3.4037099505936071E-016  -2.4716701434942061E-017   4.3167627420361220E-019   1.7112183963075805E-017  -2.2729709158175295E-017  -1.8820646880757787E-018  -4.5862941951389267E-017   1.6420157198998293E-016  -1.2780277036218398E-016  0.15094569741773420     
   9.8750392783572821E-016  -1.8616208688499232E-016  -1.6178635227655626E-016  0.25403373607446789       -8.4144579491961455E-015  -1.3707512796598870E-017  -9.5695981103526578E-017  -7.6197055857293951E-015   3.6503642547231610E-017  -8.8050806469983051E-015  0.42556465520040376       -5.1104749879908327E-016   5.3542757322685540E-016  -2.7459175129203206E-016   5.9941464513847747E-003   2.1159194964338433E-016  -5.0710181627515229E-017  -7.3601675450495737E-018   1.0902694662104832E-016   1.4433446897423134E-017   6.0138813215680356E-017  -4.7048503796819948E-017  -1.5207340198090123E-016  -5.4804849506299186E-017  -9.1145462494444130E-017  0.11931727530273607       -1.0812599588216959E-014   5.8643247815577923E-017   8.1842083176249332E-017  -1.0665584241399209E-014  -2.0558242969722007E-017  -1.0774375819043390E-014   6.2167340298321347E-016   1.6286243220526101E-016  -4.1600299382352894E-016
  -2.9434309564560834E-017  -7.6746209231070535E-017   2.5491215899818870E-016  -8.4144579491961455E-015   9.3765799149277240E-028   4.7096502350813491E-030   3.0250495012149706E-030   8.9123765805425139E-028   1.4793801303768886E-029   8.9399556327799397E-028  -1.4230414048461556E-014  -2.8329659180025597E-017  -7.3865974199674915E-017   2.4534547241324326E-016   3.5307501889319361E-014   7.6837241772101874E-030   3.3984098557381944E-030  -1.4752967818467151E-029  -6.2989123561149499E-031  -1.2511746846355654E-030   1.8287682045077348E-030   2.4132242608355983E-029   1.1451130239046661E-029   7.8033202612497488E-030  -2.0189856356931346E-029  -2.5400076776014365E-015   9.8869767298865912E-028  -1.6358006286641961E-031  -1.5140359681470875E-030   1.0043561543453218E-027  -1.0883791613528642E-029   1.0093101934254192E-027  -2.2163691649147625E-017  -5.7789000041273553E-017   1.9194588129431394E-016
   2.5794706244572269E-017  -2.0297150340620075E-017   5.7327600257816764E-018  -1.3707512796598870E-017   4.7096502350813491E-030   3.3631083325519330E-032   8.1394729032124763E-033   4.5398345589470576E-030   1.0438458885376217E-031   4.3659303564631228E-030  -2.3828548648533243E-017   2.4826647791956202E-017  -1.9535411565035768E-017   5.5176132919066092E-018   2.2850004537675786E-016  -8.0128676509309793E-031   2.0762045096142169E-032  -1.0067717911575911E-031  -3.3972973890216996E-031  -6.3145001234152155E-033  -3.2442399890760936E-031   1.7563622324034138E-031   4.7387620175874966E-032   5.1649150218039263E-032  -1.5621483021805184E-031   2.6627226823981651E-018   4.6510743358737729E-030   8.2135449991544471E-033   3.5659006112725087E-033   4.7752598798107540E-030  -7.3855786922866972E-032   4.7915256491254407E-030   1.9423112817767604E-017  -1.5283517370080818E-017   4.3167014069552294E-018
   2.2198233271183244E-017  -1.4036732588945613E-017  -1.7425417142790849E-017  -9.5695981103526578E-017   3.0250495012149706E-030   8.1394729032124763E-033   4.1028565481201113E-032   2.7359256579517399E-030  -1.9532161860470630E-032   3.1939033063851144E-030  -1.6028725294115559E-016   2.1365148096746667E-017  -1.3509943196539567E-017  -1.6771452635672994E-017  -8.9799414604693974E-018  -8.4279722356221752E-031   2.7647939125352454E-032   2.9493350832824246E-032  -3.4491698464044198E-031  -5.0784974413702825E-033  -3.2227551044281710E-031   3.7917804504316444E-032   7.7832651545843498E-032   2.9395672591012329E-032   1.0540600100362942E-031  -4.5214860427093996E-017   3.9590711173814234E-030  -2.2634932717408788E-032  -3.2617253370340210E-032   3.8994377972927550E-030   9.7463319639435972E-033   3.9438358948081284E-030   1.6715010634092305E-017  -1.0569495852479081E-017  -1.3121135780807640E-017
  -4.6433537835615986E-017  -1.3523958328702664E-016   2.0598294822549588E-016  -7.6197055857293951E-015   8.9123765805425139E-028   4.5398345589470576E-030   2.7359256579517399E-030   8.4794508172433659E-028   1.4422032677347785E-029   8.4811030008988586E-028  -1.2894932516080178E-014  -4.4690917533547931E-017  -1.3016413018878127E-016   1.9825254291544924E-016   3.4244868798272163E-014   8.4811744774441948E-030   3.2225612042221085E-030  -1.4269369627222351E-029  -1.5519339376126790E-031  -1.1808429470097670E-030   2.1150875265384560E-030   2.3412546267699321E-029   1.0818922210068628E-029   7.4899886728100286E-030  -1.9631524945128969E-029  -2.2097299530934756E-015   9.3568610491290917E-028  -3.2018620574361563E-032  -1.2976854624463340E-030   9.5117923190265609E-028  -1.0594908299097661E-029   9.5575978276732902E-028  -3.4963912182505528E-017  -1.0183382817804307E-016   1.5510275651082028E-016
  -9.0678957233457423E-018  -3.4570925780352942E-017   4.8113469315040665E-017   3.6503642547231610E-017   1.4793801303768886E-029   1.0438458885376217E-031  -1.9532161860470630E-032   1.4422032677347785E-029   4.0834735171945379E-031   1.3351436814515364E-029   5.7904755864050895E-017  -8.7275835283088984E-018  -3.3273501549227022E-017   4.6307802283457166E-017   8.5953757440662632E-016   6.7296652809992765E-031   4.0319942809901625E-032  -4.2131956236015272E-031   1.9844903797531947E-031  -1.7868006736085333E-032   2.1251403639844202E-031   5.8351613192690840E-031   8.2562239315036428E-032   1.4985750974446666E-031  -7.3433950461036042E-031   5.1297614203451566E-017   1.3698341267448664E-029   5.2772972613111788E-032   4.4424787331943536E-032   1.4216495113625940E-029  -2.8273359591128808E-031   1.4230473681774219E-029  -6.8280196713364547E-018  -2.6031503723279129E-017   3.6228880984324032E-017
  -3.7241342716390846E-017  -1.0951676966782980E-016   1.4467854800133649E-016  -8.8050806469983051E-015   8.9399556327799397E-028   4.3659303564631228E-030   3.1939033063851144E-030   8.4811030008988586E-028   1.3351436814515364E-029   8.5584286095827505E-028  -1.4873282531852736E-014  -3.5843699484373968E-017  -1.0540667693899843E-016   1.3924885673148799E-016   3.2253584708220356E-014   6.4172024792729590E-030   3.3640517511715776E-030  -1.3341882738655063E-029  -9.3159628201802088E-031  -1.2040146247927371E-030   1.5186957056027380E-030   2.2359715160927284E-029   1.1229506289429997E-029   7.4087972217920324E-030  -1.7745618593057086E-029  -2.8445765971700254E-015   9.5127418023010515E-028  -4.0499332407279465E-031  -1.7498901879036594E-030   9.6494560047099972E-028  -9.8592933664847898E-030   9.6996346354898893E-028  -2.8042296516453864E-017  -8.2464849668307029E-017   1.0894125846972888E-016
   9.8881446789852718E-016  -4.4513337123297488E-016   5.0147914333145335E-016  0.42556465520040376       -1.4230414048461556E-014  -2.3828548648533243E-017  -1.6028725294115559E-016  -1.2894932516080178E-014   5.7904755864050895E-017  -1.4873282531852736E-014  0.71294558234971750       -1.4957507554221745E-015   7.8287100299707768E-016   2.7756210895400124E-016   2.8026651882324086E-003   3.5168320209176413E-016  -8.5305001027097700E-017  -9.3422178360868449E-018   1.8212066133074644E-016   2.4335333046881641E-017   1.0005340649043021E-016  -8.3406400076156278E-017  -2.5612572346870612E-016  -9.3029665849958198E-017  -1.4815109850355078E-016  0.19959583397107489       -1.8242136584791566E-014   9.7878945413741341E-017   1.3686472452798812E-016  -1.8000036848526421E-014  -3.2082273909354993E-017  -1.8182568188925670E-014   5.3715545850014316E-016   1.7968566500241572E-016  -1.1262181728318278E-016
  0.19293898463448664       -1.6293280559156187E-016   1.4515603617096849E-016  -5.1104749879908327E-016  -2.8329659180025597E-017   2.4826647791956202E-017   2.1365148096746667E-017  -4.4690917533547931E-017  -8.7275835283088984E-018  -3.5843699484373968E-017  -1.4957507554221745E-015  0.18569811074572526       -7.6082729716091386E-017   4.4833453898156628E-018  -1.0491687161443793E-015  -6.5438874723355769E-015  -6.0226053795815748E-018   1.4553265476698514E-017  -2.5962091632596677E-015  -3.0962960943510032E-018  -2.5422072564273910E-015  -3.0948193565794441E-017   2.8997993205893070E-017  -4.0727607481436877E-018   4.7053836813331669E-017  -4.2357800581041583E-016  -2.6220794186760043E-018  -5.2393628728345678E-018  -1.0220808892947160E-018  -4.5869711500035896E-018  -3.5742538245417328E-018   2.1207364209358527E-018  0.14528080412971112       -1.0852280936435321E-016   9.9866031514229770E-017
   2.1201992495947728E-016  0.19293898463447814        1.0955530678893392E-017   5.3542757322685540E-016  -7.3865974199674915E-017  -1.9535411565035768E-017  -1.3509943196539567E-017  -1.3016413018878127E-016  -3.3273501549227022E-017  -1.0540667693899843E-016   7.8287100299707768E-016  -7.6082729716091386E-017  0.18569811074569811        2.1114545021429623E-017  -2.0013115622922214E-015   4.2044054773235263E-017  -8.3581773229216767E-017   9.6748140015878041E-018   3.7632250240410023E-017   2.1746785766110361E-020   4.1341555481010341E-017  -3.2044574320264747E-016   1.4381655992288759E-017  -1.0925742689935900E-016   2.9034554767755578E-017   8.2016219332552149E-018  -4.7163970364815658E-017  -5.9478360301846596E-018  -5.5830755955781538E-019  -4.7614323107892352E-017  -8.3063048361134456E-019  -5.9896601228581803E-017   7.2749989285567210E-017  0.14528080412970282        6.7321675854377834E-017
  -1.7288620079818076E-016   2.0318822810206334E-017  0.19293898463447756       -2.7459175129203206E-016   2.4534547241324326E-016   5.5176132919066092E-018  -1.6771452635672994E-017   1.9825254291544924E-016   4.6307802283457166E-017   1.3924885673148799E-016   2.7756210895400124E-016   4.4833453898156628E-018   2.1114545021429623E-017  0.18569811074569947        1.4731796120759412E-015   5.0409023730104483E-017  -3.8596301647839110E-017  -2.5439468148458078E-016   2.1248996661125639E-017  -6.3291582880043480E-018   3.8541517196679689E-017  -5.2078876439482096E-017  -2.1619693375536159E-016  -2.6597537777634523E-017  -7.0370194338199187E-016   3.3434490752682998E-016  -2.3789099797655418E-017   4.1547574599933532E-019   1.6469974892301733E-017  -2.1876678041310632E-017  -1.8114320314221715E-018  -4.4141735739622109E-017   5.2244992186645793E-017  -1.1473673183789399E-016  0.14528080412970265     
  -8.1346748373919383E-016   1.7976743560851451E-015  -1.0132721768393631E-016   5.9941464513847747E-003   3.5307501889319361E-014   2.2850004537675786E-016  -8.9799414604693974E-018   3.4244868798272163E-014   8.5953757440662632E-016   3.2253584708220356E-014   2.8026651882324086E-003  -1.0491687161443793E-015  -2.0013115622922214E-015   1.4731796120759412E-015   1.9143664573709276        7.4058600058874740E-016   9.2371273874867427E-017  -7.9024113064309045E-016   1.4125068277466088E-016  -4.0912935186237706E-017   1.8463898350096096E-016   1.2124881622950471E-015   3.5815095222187598E-016   3.2105365194258654E-016  -1.2022698786053741E-015   7.8950008768965713E-002   3.3740026229814763E-014   9.7087788095200774E-017   6.5263013313142660E-017   3.4850058829722499E-014  -6.2388956139580333E-016   3.4921678183245369E-014   2.2830835523035405E-016  -5.4422082836592911E-016  -7.6777699061317702E-016
  -6.7990514249420136E-015   4.3683466704590736E-017   5.2374608529106236E-017   2.1159194964338433E-016   7.6837241772101874E-030  -8.0128676509309793E-031  -8.4279722356221752E-031   8.4811744774441948E-030   6.7296652809992765E-031   6.4172024792729590E-030   3.5168320209176413E-016  -6.5438874723355769E-015   4.2044054773235263E-017   5.0409023730104483E-017   7.4058600058874740E-016   2.3108469490210962E-028   1.7654991011679389E-031  -8.8945035954691719E-031   9.1647208835183007E-029   1.0356764736850168E-031   8.9726144880918644E-029   1.4310761044485278E-030  -1.0649615394383678E-030   1.8978650226682307E-031  -2.3796955938309707E-030   1.2863957149559215E-016   4.1327108448453038E-030   2.6902059504422416E-031   1.3286759700034007E-031   4.7500502151861838E-030  -1.3140903930398613E-031   4.4427424106175294E-030  -5.1196063885487865E-015   3.2893140709945206E-017   3.9437469091600049E-017
  -6.2574431270431577E-018  -8.6840853663169566E-017  -4.0101276317118202E-017  -5.0710181627515229E-017   3.3984098557381944E-030   2.0762045096142169E-032   2.7647939125352454E-032   3.2225612042221085E-030   4.0319942809901625E-032   3.3640517511715776E-030  -8.5305001027097700E-017  -6.0226053795815748E-018  -8.3581773229216767E-017  -3.8596301647839110E-017   9.2371273874867427E-017   1.7654991011679389E-031   6.0533459544950286E-032   1.0898445254337773E-032   4.7860983498579784E-032  -3.4915735882674541E-033   5.2782149551148158E-032   2.2477183718702440E-031   8.5560512834515965E-032   8.1532982191581150E-032   9.1198401926521555E-032  -2.0096619057043379E-017   3.8463598140254525E-030  -4.2676576663687758E-033  -1.6380378482139680E-032   3.8709706939936779E-030  -2.5502061941054314E-032   3.9062522158772071E-030  -4.7117816599634876E-018  -6.5390149509683984E-017  -3.0195793146810490E-017
   1.5120736839564201E-017   1.0052061286448660E-017  -2.6431422131839279E-016  -7.3601675450495737E-018  -1.4752967818467151E-029  -1.0067717911575911E-031   2.9493350832824246E-032  -1.4269369627222351E-029  -4.2131956236015272E-031  -1.3341882738655063E-029  -9.3422178360868449E-018   1.4553265476698514E-017   9.6748140015878041E-018  -2.5439468148458078E-016  -7.9024113064309045E-016  -8.8945035954691719E-031   1.0898445254337773E-032   6.7645090381655320E-031  -2.9101167643906584E-031   2.5037599568732751E-032  -3.2724345791226076E-031  -4.4730700609808672E-031   1.5430164921880723E-031  -1.0103042530338405E-031   1.4671993926726669E-030  -3.4880413911236974E-017  -1.3687785972344652E-029  -4.2489150534758628E-032  -5.1182516204336532E-032  -1.4151560254708309E-029   2.6005457212848975E-031  -1.4148640019033949E-029   1.1385738404538398E-017   7.5690848566616366E-018  -1.9902552451387952E-016
  -2.6974424125615456E-015   3.9099633925940296E-017   2.2077552775498836E-017   1.0902694662104832E-016  -6.2989123561149499E-031  -3.3972973890216996E-031  -3.4491698464044198E-031  -1.5519339376126790E-031   1.9844903797531947E-031  -9.3159628201802088E-031   1.8212066133074644E-016  -2.5962091632596677E-015   3.7632250240410023E-017   2.1248996661125639E-017   1.4125068277466088E-016   9.1647208835183007E-029   4.7860983498579784E-032  -2.9101167643906584E-031   3.6363992227214706E-029   4.5774824328783474E-032   3.5593977446153451E-029   4.2951019398294614E-031  -4.6630044320395210E-031   3.1587110598253857E-032  -8.5855156729095137E-031   5.6724593717543611E-017  -2.1533886073226216E-030   1.0419477404240666E-031   5.5774364283003802E-032  -1.9825275928618377E-030  -4.3911170354667804E-033  -2.1226605009936428E-030  -2.0311426616706784E-015   2.9441568113873461E-017   1.6624139628996747E-017
  -3.2170290918565250E-018   2.2594752030081735E-020  -6.5759493662846533E-018   1.4433446897423134E-017  -1.2511746846355654E-030  -6.3145001234152155E-033  -5.0784974413702825E-033  -1.1808429470097670E-030  -1.7868006736085333E-032  -1.2040146247927371E-030   2.4335333046881641E-017  -3.0962960943510032E-018   2.1746785766110361E-020  -6.3291582880043480E-018  -4.0912935186237706E-017   1.0356764736850168E-031  -3.4915735882674541E-033   2.5037599568732751E-032   4.5774824328783474E-032   1.9764676644397793E-033   4.0547857033599272E-032  -2.6573935952842376E-032  -9.5493840201885706E-033  -9.0991142834426128E-033   4.3888322092309737E-032   5.1384766025755257E-018  -1.3461213906547913E-030   1.3419191067721449E-033   2.7407884626529981E-033  -1.3616484614460976E-030   1.2388182916791351E-032  -1.3687828904233362E-030  -2.4223853684055122E-018   1.7013584632843379E-020  -4.9516131416363006E-018
  -2.6413348246560758E-015   4.2953575056234705E-017   4.0044355671353896E-017   6.0138813215680356E-017   1.8287682045077348E-030  -3.2442399890760936E-031  -3.2227551044281710E-031   2.1150875265384560E-030   2.1251403639844202E-031   1.5186957056027380E-030   1.0005340649043021E-016  -2.5422072564273910E-015   4.1341555481010341E-017   3.8541517196679689E-017   1.8463898350096096E-016   8.9726144880918644E-029   5.2782149551148158E-032  -3.2724345791226076E-031   3.5593977446153451E-029   4.0547857033599272E-032   3.4851795915196022E-029   4.4655318601184651E-031  -4.4002964021115700E-031   4.3791214355767945E-032  -9.2020274438264692E-031   3.5533860317212892E-017   7.1457726962368683E-031   9.3532208752089815E-032   4.2723062714735303E-032   8.8249174299309954E-031  -1.6165341562218209E-032   7.6465366183375316E-031  -1.9888943026667816E-015   3.2343540815442402E-017   3.0152932564726028E-017
  -3.2154947720670303E-017  -3.3294079339679719E-016  -5.4109573332700102E-017  -4.7048503796819948E-017   2.4132242608355983E-029   1.7563622324034138E-031   3.7917804504316444E-032   2.3412546267699321E-029   5.8351613192690840E-031   2.2359715160927284E-029  -8.3406400076156278E-017  -3.0948193565794441E-017  -3.2044574320264747E-016  -5.2078876439482096E-017   1.2124881622950471E-015   1.4310761044485278E-030   2.2477183718702440E-031  -4.4730700609808672E-031   4.2951019398294614E-031  -2.6573935952842376E-032   4.4655318601184651E-031   1.3508552872588463E-030   2.8848580834748337E-031   4.1119025330505241E-031  -6.0457430850514351E-031   2.6170292758293896E-017   2.3643620811608597E-029   6.0834698450098229E-032   2.1508893767971299E-032   2.4318510584072839E-029  -3.8888724971825201E-031   2.4412013741636435E-029  -2.4212300435070685E-017  -2.5070053252278025E-016  -4.0743877344346338E-017
   3.0128703749946069E-017   1.4942435835088590E-017  -2.2462703962007301E-016  -1.5207340198090123E-016   1.1451130239046661E-029   4.7387620175874966E-032   7.7832651545843498E-032   1.0818922210068628E-029   8.2562239315036428E-032   1.1229506289429997E-029  -2.5612572346870612E-016   2.8997993205893070E-017   1.4381655992288759E-017  -2.1619693375536159E-016   3.5815095222187598E-016  -1.0649615394383678E-030   8.5560512834515965E-032   1.5430164921880723E-031  -4.6630044320395210E-031  -9.5493840201885706E-033  -4.4002964021115700E-031   2.8848580834748337E-031   4.1674270112577812E-031   1.1559163202072085E-031   6.5664464527474778E-031  -5.7039975487999195E-017   1.2920641037341122E-029  -1.8782792337079132E-032  -5.6403240098919221E-032   1.3039176374662307E-029  -1.0401405504083522E-031   1.3144340179268787E-029   2.2686562368254671E-017   1.1251479828665753E-017  -1.6914153978317965E-016
  -4.2315687556029941E-018  -1.1351767083191089E-016  -2.7634648042389213E-017  -5.4804849506299186E-017   7.8033202612497488E-030   5.1649150218039263E-032   2.9395672591012329E-032   7.4899886728100286E-030   1.4985750974446666E-031   7.4087972217920324E-030  -9.3029665849958198E-017  -4.0727607481436877E-018  -1.0925742689935900E-016  -2.6597537777634523E-017   3.2105365194258654E-016   1.8978650226682307E-031   8.1532982191581150E-032  -1.0103042530338405E-031   3.1587110598253857E-032  -9.0991142834426128E-033   4.3791214355767945E-032   4.1119025330505241E-031   1.1559163202072085E-031   1.3428689823366173E-031  -9.9754613655030105E-032  -1.2920602352589133E-017   8.0885386502291785E-030   7.0193973278384285E-033  -8.9997761746719849E-033   8.2431962361305386E-030  -9.9716731852020193E-032   8.2894277320018553E-030  -3.1863218970949290E-018  -8.5477481560478207E-017  -2.0808567522243537E-017
   4.8888593758243336E-017   3.0166690946446659E-017  -7.3114119414687825E-016  -9.1145462494444130E-017  -2.0189856356931346E-029  -1.5621483021805184E-031   1.0540600100362942E-031  -1.9631524945128969E-029  -7.3433950461036042E-031  -1.7745618593057086E-029  -1.4815109850355078E-016   4.7053836813331669E-017   2.9034554767755578E-017  -7.0370194338199187E-016  -1.2022698786053741E-015  -2.3796955938309707E-030   9.1198401926521555E-032   1.4671993926726669E-030  -8.5855156729095137E-031   4.3888322092309737E-032  -9.2020274438264692E-031  -6.0457430850514351E-031   6.5664464527474778E-031  -9.9754613655030105E-032   3.4682515930108854E-030  -9.0542604300763567E-017  -1.7351598767850596E-029  -8.4874222853712671E-032  -1.3182928394773273E-031  -1.8105919891663732E-029   4.0404709251128778E-031  -1.8029244664077658E-029   3.6812540645549752E-017   2.2715166283968949E-017  -5.5054078790372207E-016
   2.8269736000331669E-016  -1.8531070582033127E-016   3.4037099505936071E-016  0.11931727530273607       -2.5400076776014365E-015   2.6627226823981651E-018  -4.5214860427093996E-017  -2.2097299530934756E-015   5.1297614203451566E-017  -2.8445765971700254E-015  0.19959583397107489       -4.2357800581041583E-016   8.2016219332552149E-018   3.3434490752682998E-016   7.8950008768965713E-002   1.2863957149559215E-016  -2.0096619057043379E-017  -3.4880413911236974E-017   5.6724593717543611E-017   5.1384766025755257E-018   3.5533860317212892E-017   2.6170292758293896E-017  -5.7039975487999195E-017  -1.2920602352589133E-017  -9.0542604300763567E-017   5.9070318463453043E-002  -3.7264851445839473E-015   3.1350630556166189E-017   4.0959366261357466E-017  -3.6134219698967049E-015  -3.4450727309800800E-017  -3.6615697381039508E-015   1.8916711557741283E-016  -7.2969265318916067E-017   9.0895745340104422E-017
  -2.7243214195877133E-018  -4.9003021716042111E-017  -2.4716701434942061E-017  -1.0812599588216959E-014   9.8869767298865912E-028   4.6510743358737729E-030   3.9590711173814234E-030   9.3568610491290917E-028   1.3698341267448664E-029   9.5127418023010515E-028  -1.8242136584791566E-014  -2.6220794186760043E-018  -4.7163970364815658E-017  -2.3789099797655418E-017   3.3740026229814763E-014   4.1327108448453038E-030   3.8463598140254525E-030  -1.3687785972344652E-029  -2.1533886073226216E-030  -1.3461213906547913E-030   7.1457726962368683E-031   2.3643620811608597E-029   1.2920641037341122E-029   8.0885386502291785E-030  -1.7351598767850596E-029  -3.7264851445839473E-015   1.0639664048214570E-027  -7.9490842530510485E-031  -2.3607250726302606E-030   1.0773605104376084E-027  -1.0195655186170445E-029   1.0833144455969197E-027  -2.0513822403047006E-018  -3.6898703562622053E-017  -1.8611387774767087E-017
  -5.4436598668494151E-018  -6.1797583175615223E-018   4.3167627420361220E-019   5.8643247815577923E-017  -1.6358006286641961E-031   8.2135449991544471E-033  -2.2634932717408788E-032  -3.2018620574361563E-032   5.2772972613111788E-032  -4.0499332407279465E-031   9.7878945413741341E-017  -5.2393628728345678E-018  -5.9478360301846596E-018   4.1547574599933532E-019   9.7087788095200774E-017   2.6902059504422416E-031  -4.2676576663687758E-033  -4.2489150534758628E-032   1.0419477404240666E-031   1.3419191067721449E-033   9.3532208752089815E-032   6.0834698450098229E-032  -1.8782792337079132E-032   7.0193973278384285E-033  -8.4874222853712671E-032   3.1350630556166189E-017  -7.9490842530510485E-031   1.8661796518364973E-032   2.2143027998417088E-032  -7.0557202613071397E-031  -3.5790315754109393E-032  -7.2682300594825142E-031  -4.0990123606318333E-018  -4.6532859048856305E-018   3.2504719747959084E-019
  -1.0619346002112513E-018  -5.8007748825389810E-019   1.7112183963075805E-017   8.1842083176249332E-017  -1.5140359681470875E-030   3.5659006112725087E-033  -3.2617253370340210E-032  -1.2976854624463340E-030   4.4424787331943536E-032  -1.7498901879036594E-030   1.3686472452798812E-016  -1.0220808892947160E-018  -5.5830755955781538E-019   1.6469974892301733E-017   6.5263013313142660E-017   1.3286759700034007E-031  -1.6380378482139680E-032  -5.1182516204336532E-032   5.5774364283003802E-032   2.7407884626529981E-033   4.2723062714735303E-032   2.1508893767971299E-032  -5.6403240098919221E-032  -8.9997761746719849E-033  -1.3182928394773273E-031   4.0959366261357466E-017  -2.3607250726302606E-030   2.2143027998417088E-032   2.9930464221038637E-032  -2.2765688228216713E-030  -2.7386995271818471E-032  -2.3111385026679503E-030  -7.9962436282188525E-019  -4.3679158004649496E-019   1.2885274851429788E-017
  -4.7658296182250076E-018  -4.9470934936199861E-017  -2.2729709158175295E-017  -1.0665584241399209E-014   1.0043561543453218E-027   4.7752598798107540E-030   3.8994377972927550E-030   9.5117923190265609E-028   1.4216495113625940E-029   9.6494560047099972E-028  -1.8000036848526421E-014  -4.5869711500035896E-018  -4.7614323107892352E-017  -2.1876678041310632E-017   3.4850058829722499E-014   4.7500502151861838E-030   3.8709706939936779E-030  -1.4151560254708309E-029  -1.9825275928618377E-030  -1.3616484614460976E-030   8.8249174299309954E-031   2.4318510584072839E-029   1.3039176374662307E-029   8.2431962361305386E-030  -1.8105919891663732E-029  -3.6134219698967049E-015   1.0773605104376084E-027  -7.0557202613071397E-031  -2.2765688228216713E-030   1.0914794145318187E-027  -1.0567905444107698E-029   1.0974130041571822E-027  -3.5886140926295270E-018  -3.7251036757576932E-017  -1.7115205775494294E-017
  -3.7136236925820445E-018  -8.6301902303201018E-019  -1.8820646880757787E-018  -2.0558242969722007E-017  -1.0883791613528642E-029  -7.3855786922866972E-032   9.7463319639435972E-033  -1.0594908299097661E-029  -2.8273359591128808E-031  -9.8592933664847898E-030  -3.2082273909354993E-017  -3.5742538245417328E-018  -8.3063048361134456E-019  -1.8114320314221715E-018  -6.2388956139580333E-016  -1.3140903930398613E-031  -2.5502061941054314E-032   2.6005457212848975E-031  -4.3911170354667804E-033   1.2388182916791351E-032  -1.6165341562218209E-032  -3.8888724971825201E-031  -1.0401405504083522E-031  -9.9716731852020193E-032   4.0404709251128778E-031  -3.4450727309800800E-017  -1.0195655186170445E-029  -3.5790315754109393E-032  -2.7386995271818471E-032  -1.0567905444107698E-029   2.0477764941824999E-031  -1.0583118458129724E-029  -2.7963153082598035E-018  -6.4984325424298099E-019  -1.4171727493317536E-018
   2.2034296960719623E-018  -6.2232132452361985E-017  -4.5862941951389267E-017  -1.0774375819043390E-014   1.0093101934254192E-027   4.7915256491254407E-030   3.9438358948081284E-030   9.5575978276732902E-028   1.4230473681774219E-029   9.6996346354898893E-028  -1.8182568188925670E-014   2.1207364209358527E-018  -5.9896601228581803E-017  -4.4141735739622109E-017   3.4921678183245369E-014   4.4427424106175294E-030   3.9062522158772071E-030  -1.4148640019033949E-029  -2.1226605009936428E-030  -1.3687828904233362E-030   7.6465366183375316E-031   2.4412013741636435E-029   1.3144340179268787E-029   8.2894277320018553E-030  -1.8029244664077658E-029  -3.6615697381039508E-015   1.0833144455969197E-027  -7.2682300594825142E-031  -2.3111385026679503E-030   1.0974130041571822E-027  -1.0583118458129724E-029   1.1033997838095191E-027   1.6591568505403389E-018  -4.6860069583775051E-017  -3.4534260139674603E-017
  0.15094569741772912        9.9606089769685875E-018   1.6420157198998293E-016   6.2167340298321347E-016  -2.2163691649147625E-017   1.9423112817767604E-017   1.6715010634092305E-017  -3.4963912182505528E-017  -6.8280196713364547E-018  -2.8042296516453864E-017   5.3715545850014316E-016  0.14528080412971112        7.2749989285567210E-017   5.2244992186645793E-017   2.2830835523035405E-016  -5.1196063885487865E-015  -4.7117816599634876E-018   1.1385738404538398E-017  -2.0311426616706784E-015  -2.4223853684055122E-018  -1.9888943026667816E-015  -2.4212300435070685E-017   2.2686562368254671E-017  -3.1863218970949290E-018   3.6812540645549752E-017   1.8916711557741283E-016  -2.0513822403047006E-018  -4.0990123606318333E-018  -7.9962436282188525E-019  -3.5886140926295270E-018  -2.7963153082598035E-018   1.6591568505403389E-018  0.11366034885231786        1.8581169981286281E-017   1.1626120124128333E-016
   1.1496349628393755E-016  0.15094569741773589       -1.2780277036218398E-016   1.6286243220526101E-016  -5.7789000041273553E-017  -1.5283517370080818E-017  -1.0569495852479081E-017  -1.0183382817804307E-016  -2.6031503723279129E-017  -8.2464849668307029E-017   1.7968566500241572E-016  -1.0852280936435321E-016  0.14528080412970282       -1.1473673183789399E-016  -5.4422082836592911E-016   3.2893140709945206E-017  -6.5390149509683984E-017   7.5690848566616366E-018   2.9441568113873461E-017   1.7013584632843379E-020   3.2343540815442402E-017  -2.5070053252278025E-016   1.1251479828665753E-017  -8.5477481560478207E-017   2.2715166283968949E-017  -7.2969265318916067E-017  -3.6898703562622053E-017  -4.6532859048856305E-018  -4.3679158004649496E-019  -3.7251036757576932E-017  -6.4984325424298099E-019  -4.6860069583775051E-017   1.8581169981286281E-017  0.11366034885232146       -5.0018714378707456E-017
  -3.5140855882738998E-017   6.8679953360857279E-017  0.15094569741773420       -4.1600299382352894E-016   1.9194588129431394E-016   4.3167014069552294E-018  -1.3121135780807640E-017   1.5510275651082028E-016   3.6228880984324032E-017   1.0894125846972888E-016  -1.1262181728318278E-016   9.9866031514229770E-017   6.7321675854377834E-017  0.14528080412970265       -7.6777699061317702E-016   3.9437469091600049E-017  -3.0195793146810490E-017  -1.9902552451387952E-016   1.6624139628996747E-017  -4.9516131416363006E-018   3.0152932564726028E-017  -4.0743877344346338E-017  -1.6914153978317965E-016  -2.0808567522243537E-017  -5.5054078790372207E-016   9.0895745340104422E-017  -1.8611387774767087E-017   3.2504719747959084E-019   1.2885274851429788E-017  -1.7115205775494294E-017  -1.4171727493317536E-018  -3.4534260139674603E-017   1.1626120124128333E-016  -5.0018714378707456E-017  0.11366034885232039     
