   2.0173410307790515E-006   2.6357160253825825E-019  -4.0099621730213695E-018  -1.5934934542176894E-015  -5.3467583541289825E-006  -2.1141158609840378E-018   1.4047981947527189E-017   9.4259747656054218E-019   3.4248581559927965E-019   5.0327644613189783E-019   1.8218214355320032E-018   3.3403801860861510E-019   2.0814282890724116E-019  -6.7586458104165973E-016   7.2246350713383953E-016   2.8067432028232042E-006   1.2385810874053062E-018  -9.6360846547041313E-018  -8.7957031465575614E-016  -2.0072730730414812E-003  -1.0722714751954110E-015   2.6685675677175855E-015  -1.1302269674606503E-017   1.0842245183916150E-019   7.7972954034496283E-020  -4.2491307013188196E-018   9.6848374610626775E-020  -4.2485600818928587E-018  -1.8117082345527890E-019   5.2624382614239634E-019   1.1720753678866228E-019  -5.8154338796243370E-019  -2.0198015469596684E-019  -2.8374069723779994E-019  -1.3523546829965912E-018  -2.2038857303337764E-020  -8.4929694837537494E-020  -2.9006014319802828E-019   4.6473618067042057E-016
   2.6357160253825825E-019   2.0173410307950286E-006  -3.3799011997509391E-018  -1.9760416564046289E-016   3.9168268624692199E-018  -5.3467583541525148E-006   9.8947176335545566E-018  -1.0680617748618895E-018   1.0892519668157552E-018  -2.2315389484335968E-019   2.0827693619546589E-019  -3.4883900186961022E-019  -1.2717571429085906E-018  -8.1264469890057007E-017  -4.0566081193877396E-015  -2.8418684204046533E-018   2.8067432027953694E-006  -4.1310590930982027E-018  -1.5301476357473263E-016   8.0941565820136542E-016  -2.0072730730494354E-003   3.9692263016846013E-015  -1.1783566988762849E-018   1.9810745033284683E-018  -4.1545172387046966E-019   7.4010558525227586E-019  -1.6563595241474730E-019   8.7422897461216328E-019   1.6070881933411477E-018  -1.9770551621915668E-019   2.0959801442543472E-018  -5.4073395799265365E-019  -1.1590696895421039E-018  -8.8561947033895962E-019   9.1647050684080694E-020  -1.5492289149845120E-018   3.3094095013963123E-019  -7.1826357152646968E-019  -1.2180695273095049E-015
  -4.0099621730213695E-018  -3.3799011997509391E-018   2.0173410307947127E-006   8.4300286418441709E-016   9.1949452306060458E-018   3.7978295384275873E-018  -5.3467583541561892E-006   1.7642734190915314E-018   6.3728399475454930E-020   6.1538147764226494E-019  -1.1831593623593348E-018  -3.9400239109270226E-019   1.0843998789755503E-018   3.5820479293219461E-016  -2.9937441570147323E-015  -5.4119913302659502E-018  -4.1304084896971396E-018   2.8067432028142358E-006  -1.4432451287452000E-015   1.3173071648909368E-015  -6.0743429918147300E-016  -2.0072730730492741E-003  -1.2989331674329497E-018   6.4585793202496856E-019   4.2243326305880300E-019   1.4267277942673528E-019  -3.9661895447886124E-019  -8.8051993187517927E-020   5.2358986269852922E-020  -9.2680476773238534E-019   1.4873892269373120E-018  -1.5995721932354786E-018   4.1011887127833608E-019   3.3380669820954345E-019  -1.6639785411853773E-019   1.5244710940591403E-018   9.5628546977832100E-019   5.5482398150233681E-020  -1.0498561874252408E-015
  -1.5934934542176894E-015  -1.9760416564046289E-016   8.4300286418441709E-016  0.55837099845358740        1.8187758442430930E-015   1.0839675825914014E-016  -6.0244619173402519E-016   9.0747691886174478E-016   4.5609727727271355E-016  -1.7604174780274248E-016  -1.4275267410093291E-015   2.3997092542626686E-018  -1.1847972021373565E-015  0.23733060938917944       -3.9369136937206770E-002  -8.5011892482931909E-016  -1.7978078027959520E-016   4.7730833187790869E-016  -3.3102308293838675E-003   1.9336986360925342E-015  -4.2197587210241599E-016   2.5993459195504643E-015   1.1277542705594397E-016   3.4648463095387344E-017  -3.9030163231544291E-017   1.0139060711946008E-016  -4.0798931647002723E-018   1.0325682484007727E-016   1.0162233119783776E-017  -3.0181820480144335E-017   3.1695946932924292E-017  -4.9924045083271367E-017  -2.7375097927771065E-016  -3.2462816110177190E-016   8.7287528619554970E-017   1.7618836471248930E-015   1.0866021820171988E-017   4.3173365860924808E-016  -9.6941266646996288E-002
  -5.3467583541289825E-006   3.9168268624692199E-018   9.1949452306060458E-018   1.8187758442430930E-015   1.4171042209163860E-005  -6.6293920768060873E-018  -3.3434591012901909E-017  -2.4982592707521597E-018  -9.0772401283613282E-019  -1.3338833155805200E-018  -4.8285534431429861E-018  -8.8533398138594658E-019  -5.5166151500824882E-019   7.6886554456494323E-016  -3.0407597785808544E-015  -7.4389889654870845E-006   3.1387056599625274E-018   2.3545647785031733E-017   8.9028815454697286E-017   5.3200742504890619E-003  -1.7504155554180813E-015  -5.6468662586560824E-015   2.9955522582110513E-017  -2.8736274199224560E-019  -2.0665942794032542E-019   1.1261891137112225E-017  -2.5668682098498986E-019   1.1260378768040860E-017   4.8017494269080458E-019  -1.3947560332162472E-018  -3.1064672106659060E-019   1.5413219284377456E-018   5.3532797031255225E-019   7.5202601850976549E-019   3.5842793006916124E-018   5.8411762084004017E-020   2.2509756578492548E-019   7.6877507081362033E-019  -1.2134012997800819E-015
  -2.1141158609840378E-018  -5.3467583541525148E-006   3.7978295384275873E-018   1.0839675825914014E-016  -6.6293920768060873E-018   1.4171042209176367E-005  -1.2548209744445586E-017   2.8307897030041231E-018  -2.8869521634783441E-018   5.9144682693369925E-019  -5.5201695282774731E-019   9.2456249044395998E-019   3.3706636728388525E-018   3.7627384582554842E-017   6.6663233201124845E-015   5.5626240798988421E-018  -7.4389889653871355E-006   3.7694465934665533E-018  -1.1327946488186595E-015  -7.3679295912791294E-016   5.3200742504914246E-003  -5.3855294992999868E-015   3.1231152431541682E-018  -5.2506375913529484E-018   1.1011127724274326E-018  -1.9615749942586086E-018   4.3900133829846087E-019  -2.3170554715784982E-018  -4.2594247043189005E-018   5.2399847342442793E-019  -5.5551833702700529E-018   1.4331606620530488E-018   3.0719969756402582E-018   2.3472448283805723E-018  -2.4290123801279867E-019   4.1060745392430576E-018  -8.7712551466807121E-019   1.9036849460580647E-018   2.0339152319810169E-015
   1.4047981947527189E-017   9.8947176335545566E-018  -5.3467583541561892E-006  -6.0244619173402519E-016  -3.3434591012901909E-017  -1.2548209744445586E-017   1.4171042209198060E-005  -4.6760282463828810E-018  -1.6890567686258164E-019  -1.6310063625108302E-018   3.1358442169054922E-018   1.0442634854390567E-018  -2.8740921954754683E-018  -2.5675038189358552E-016   4.5642187846957388E-015   1.9102185897187654E-017   1.2250372870041917E-017  -7.4389889654434158E-006   2.7605152254665886E-015  -6.8943041208739033E-015   6.7798624092690504E-016   5.3200742504954856E-003   3.4426909770886620E-018  -1.7117811222466969E-018  -1.1196166358857549E-018  -3.7813977095624367E-019   1.0511984220343938E-018   2.3337290174333542E-019  -1.3877219715327678E-019   2.4564022933672657E-018  -3.9421747010579510E-018   4.2395043062631216E-018  -1.0869785861021161E-018  -8.8472089007278074E-019   4.4102068169848128E-019  -4.0404564392056977E-018  -2.5345379122551126E-018  -1.4705048447929563E-019   1.4971924154766461E-015
   9.4259747656054218E-019  -1.0680617748618895E-018   1.7642734190915314E-018   9.0747691886174478E-016  -2.4982592707521597E-018   2.8307897030041231E-018  -4.6760282463828810E-018   7.5809837384631175E-029  -2.6187059910122321E-029   8.7426769057601733E-030   7.0113331177476466E-029  -6.4146318900105079E-030   8.0009525803512360E-029   3.8853087261015488E-016   9.4077370110752031E-015   1.3114436379420169E-018  -1.4860031501655169E-018   2.4546481489109216E-018  -1.4749172480448010E-015  -9.3789324886071796E-016   1.0627313915880436E-015  -1.7554684476352048E-015  -9.1828371057943104E-030  -4.1247651050132890E-030   1.3834365785470317E-031  -6.5986386841475031E-031  -5.4926631531381923E-033  -3.4263899296328855E-030  -2.9971016697822504E-030  -2.2267409183231019E-030  -2.5757249090518078E-030  -2.3445589723119997E-030   1.9191751665967526E-028   2.1859613742612918E-029  -3.6991624285384661E-030   1.9440884429930052E-028   4.0320447117249283E-030   1.7979969644514108E-028   2.7570311084852521E-015
   3.4248581559927965E-019   1.0892519668157552E-018   6.3728399475454930E-020   4.5609727727271355E-016  -9.0772401283613282E-019  -2.8869521634783441E-018  -1.6890567686258164E-019  -2.6187059910122321E-029   1.1021965822255497E-029  -2.9230907355511707E-030  -2.7519883299529373E-029   2.1232917223834752E-030  -3.1372374250457966E-029   1.9280133456601932E-016  -3.5943023434363929E-015   4.7650333796611083E-019   1.5154852388902067E-018   8.8665847425426758E-020  -3.5422906620079258E-017  -3.4077656928964290E-016  -1.0838158295286553E-015  -6.3410349705242347E-017  -8.5707919591527353E-031   2.4401678742269607E-030   2.1936762162168502E-032  -8.7077309680033914E-031  -1.5265066767203303E-031   1.1338213632642091E-031   1.6882239404927541E-030   6.6215458604357507E-031   2.1859763698183941E-030  -1.6677664899366045E-031  -7.2571734799075637E-029  -9.1629406877670253E-030   9.0471665349706191E-031  -6.9758412078273651E-029  -9.4729249842204369E-031  -6.6742064989662924E-029  -1.1754267470289820E-015
   5.0327644613189783E-019  -2.2315389484335968E-019   6.1538147764226494E-019  -1.7604174780274248E-016  -1.3338833155805200E-018   5.9144682693369925E-019  -1.6310063625108302E-018   8.7426769057601733E-030  -2.9230907355511707E-030   1.6798538235048995E-030   9.0251618091566743E-030  -8.8566106288451950E-031   9.8425927308581589E-030  -7.4530157039144017E-017   1.0027384338741652E-015   7.0021266745249303E-019  -3.1047585309772714E-019   8.5618532174055204E-019  -1.0122847964890999E-015  -5.0076474091515528E-016   2.2204019916241157E-016  -6.1231028907514532E-016  -3.0495092208062487E-030  -5.5360663143343652E-031   2.9746016339457597E-031  -1.1269969184929264E-030  -2.9645293726627749E-032  -1.5055889891829086E-030  -3.6981379258690876E-031  -1.7115014187392573E-031  -2.3409822115274516E-031  -6.7195779785363405E-031   2.0769647386290538E-029   2.2144293822730383E-030  -9.1013746225095715E-031   2.1090569596631652E-029   7.6937614962588195E-031   1.9443400911015036E-029   3.3512513983118961E-016
   1.8218214355320032E-018   2.0827693619546589E-019  -1.1831593623593348E-018  -1.4275267410093291E-015  -4.8285534431429861E-018  -5.5201695282774731E-019   3.1358442169054922E-018   7.0113331177476466E-029  -2.7519883299529373E-029   9.0251618091566743E-030   7.9877323845087019E-029  -6.1224052102621803E-030   8.3611979953951842E-029  -6.0392213427989470E-016   9.6368690361319698E-015   2.5347151785165174E-018   2.8977741793751183E-019  -1.6461393722881704E-018  -2.0865373869365027E-015  -1.8127292587700459E-015  -2.0723748708690078E-016   1.1772545607752745E-015  -1.3133708748584831E-029  -4.0496708167270716E-030  -4.5058148323674714E-031  -2.7707133582361386E-030   5.4788682568660944E-031  -5.1626409935274511E-030  -2.1480292546844651E-030  -5.6185596962400621E-031  -3.6489596041934310E-030  -4.1645207698982518E-031   1.9327463749672185E-028   2.1984611597083463E-029  -4.4940736826671907E-030   1.8598128034136317E-028   2.9167186584339606E-030   1.7916587460139519E-028   3.1821425547268624E-015
   3.3403801860861510E-019  -3.4883900186961022E-019  -3.9400239109270226E-019   2.3997092542626686E-018  -8.8533398138594658E-019   9.2456249044395998E-019   1.0442634854390567E-018  -6.4146318900105079E-030   2.1232917223834752E-030  -8.8566106288451950E-031  -6.1224052102621803E-030   8.3569762289606124E-031  -7.0660128802113687E-030   7.7903189926890968E-019  -8.1003269074954751E-016   4.6474984839392737E-019  -4.8534257838613614E-019  -5.4817877404709308E-019   5.0234154455853895E-016  -3.3237093277522587E-016   3.4709804866893948E-016   3.9203604065309837E-016  -1.3030844968329498E-030  -6.1912485605539488E-032  -2.0916578519743517E-032  -9.1713647313067958E-031   9.2742816206144423E-032  -6.6770408878409116E-031  -1.6384627489842641E-031   3.9277125480481579E-031  -3.1112974425960738E-031   3.9446076332091103E-031  -1.6488217350595667E-029  -1.6929618559748614E-030   1.2499594499811151E-031  -1.6751526560035617E-029  -6.2880730241288780E-031  -1.5598216245994510E-029  -2.4954610453531941E-016
   2.0814282890724116E-019  -1.2717571429085906E-018   1.0843998789755503E-018  -1.1847972021373565E-015  -5.5166151500824882E-019   3.3706636728388525E-018  -2.8740921954754683E-018   8.0009525803512360E-029  -3.1372374250457966E-029   9.8425927308581589E-030   8.3611979953951842E-029  -7.0660128802113687E-030   9.3615774993279265E-029  -5.0043102930840815E-016   1.0701251373872045E-014   2.8959083336591313E-019  -1.7694061945568415E-018   1.5087344891215644E-018  -1.2925981313423193E-015  -2.0710404905455271E-016   1.2654101757603351E-015  -1.0789879570734248E-015  -5.5462118181106332E-030  -5.1022067759359051E-030   4.9788623008082879E-032   6.1615868169513342E-031   1.4079965789525145E-031  -2.3825905470999260E-030  -3.4313729381225690E-030  -2.2327266264487094E-030  -3.7269858252018147E-030  -1.4493151844758743E-030   2.1597769283321665E-028   2.5906986628310239E-029  -3.7834657268061954E-030   2.0988334228816299E-028   4.0025923961479185E-030   1.9962716689148233E-028   3.4729897107257999E-015
  -6.7586458104165973E-016  -8.1264469890057007E-017   3.5820479293219461E-016  0.23733060938917944        7.6886554456494323E-016   3.7627384582554842E-017  -2.5675038189358552E-016   3.8853087261015488E-016   1.9280133456601932E-016  -7.4530157039144017E-017  -6.0392213427989470E-016   7.7903189926890968E-019  -5.0043102930840815E-016  0.10087536941787278       -1.6356377396014473E-002  -3.5865028454774695E-016  -7.1854121658746241E-017   2.0328186325408509E-016  -1.4079141757425925E-003  -4.2507676205939080E-016  -4.0952854834088513E-015   3.4300808700865397E-016   4.7762109550614755E-017   1.4588234890145789E-017  -1.6615363569216656E-017   4.3161795541867562E-017  -1.7272398318274545E-018   4.3857726781815937E-017   4.2306188323236707E-018  -1.2905511525035435E-017   1.3369393480781261E-017  -2.1253258408693193E-017  -1.0876210792784952E-016  -1.3709439964093563E-016   3.6992062857478072E-017   7.5633291824902044E-016   4.7412654961350394E-018   1.9056614257868203E-016  -4.1087962378914190E-002
   7.2246350713383953E-016  -4.0566081193877396E-015  -2.9937441570147323E-015  -3.9369136937206770E-002  -3.0407597785808544E-015   6.6663233201124845E-015   4.5642187846957388E-015   9.4077370110752031E-015  -3.5943023434363929E-015   1.0027384338741652E-015   9.6368690361319698E-015  -8.1003269074954751E-016   1.0701251373872045E-014  -1.6356377396014473E-002   1.2715895273301239        3.2262412584586170E-015  -3.0645726404126578E-015  -2.2530164723379959E-015   2.0619058826655242E-004   1.8970650395823624E-015  -1.1687495979481081E-015  -8.7774604613138484E-016  -5.8851080580932773E-016  -4.6881744124592727E-016  -8.5013530418790335E-017   2.1752767021871818E-016   2.3352490808689206E-017  -1.0981009842144282E-016  -2.9952954626613678E-016  -2.5739244080303613E-016  -3.4708619172143726E-016  -1.0906955907265195E-016   2.5564982881564683E-014   3.0045243049177259E-015  -3.7133516557552907E-016   2.4970246814129013E-014   4.1158984420398243E-016   2.3724918678307007E-014  0.39730716193912802     
   2.8067432028232042E-006  -2.8418684204046533E-018  -5.4119913302659502E-018  -8.5011892482931909E-016  -7.4389889654870845E-006   5.5626240798988421E-018   1.9102185897187654E-017   1.3114436379420169E-018   4.7650333796611083E-019   7.0021266745249303E-019   2.5347151785165174E-018   4.6474984839392737E-019   2.8959083336591313E-019  -3.5865028454774695E-016   3.2262412584586170E-015   3.9050449509531006E-006  -2.7408726273675868E-018  -1.3174273446568127E-017   8.8080615775059647E-016  -2.7927355702439352E-003   1.7007045549373757E-015   3.5465318917307345E-015  -1.5724940950329215E-017   1.5084905084612788E-019   1.0848441359271352E-019  -5.9118505656074695E-018   1.3474594180949352E-019  -5.9110566580978964E-018  -2.5206445986632400E-019   7.3216737255435091E-019   1.6307181194220944E-019  -8.0910610868757510E-019  -2.8101665387972334E-019  -3.9477077061940151E-019  -1.8815422164101776E-018  -3.0662843758184229E-020  -1.1816338440868072E-019  -4.0356306783136465E-019   1.1228909355750731E-015
   1.2385810874053062E-018   2.8067432027953694E-006  -4.1304084896971396E-018  -1.7978078027959520E-016   3.1387056599625274E-018  -7.4389889653871355E-006   1.2250372870041917E-017  -1.4860031501655169E-018   1.5154852388902067E-018  -3.1047585309772714E-019   2.8977741793751183E-019  -4.8534257838613614E-019  -1.7694061945568415E-018  -7.1854121658746241E-017  -3.0645726404126578E-015  -2.7408726273675868E-018   3.9050449508447185E-006  -4.9516426559227683E-018   7.8905452844341073E-016   2.5862619767660117E-016  -2.7927355702051875E-003   4.9531964450133238E-015  -1.6394573870090669E-018   2.7562852842268269E-018  -5.7802140751774553E-019   1.0297150006098571E-018  -2.3045066574367070E-019   1.2163219776522965E-018   2.2359550487969841E-018  -2.7506931417839199E-019   2.9161544494841697E-018  -7.5232761241179162E-019  -1.6126232119030638E-018  -1.2321696682314152E-018   1.2750929695811751E-019  -2.1554549579013841E-018   4.6044087150040594E-019  -9.9932602684800959E-019  -9.1515420643251808E-016
  -9.6360846547041313E-018  -4.1310590930982027E-018   2.8067432028142358E-006   4.7730833187790869E-016   2.3545647785031733E-017   3.7694465934665533E-018  -7.4389889654434158E-006   2.4546481489109216E-018   8.8665847425426758E-020   8.5618532174055204E-019  -1.6461393722881704E-018  -5.4817877404709308E-019   1.5087344891215644E-018   2.0328186325408509E-016  -2.2530164723379959E-015  -1.3174273446568127E-017  -4.9516426559227683E-018   3.9050449508978292E-006  -1.9779136002315310E-015   5.8695242659817981E-015  -1.4137018270854695E-015  -2.7927355702241732E-003  -1.8072164214709052E-018   8.9858746390532369E-019   5.8773488053486370E-019   1.9850181391637751E-019  -5.5181922024988769E-019  -1.2250746382666373E-019   7.2847489133753240E-020  -1.2894711119551705E-018   2.0694168903115313E-018  -2.2254979759192540E-018   5.7060176579531682E-019   4.6442801041662419E-019  -2.3151070586307759E-019   2.1210091976965943E-018   1.3304878556872865E-018   7.7193117860025397E-020  -7.6652724340263117E-016
  -8.7957031465575614E-016  -1.5301476357473263E-016  -1.4432451287452000E-015  -3.3102308293838675E-003   8.9028815454697286E-017  -1.1327946488186595E-015   2.7605152254665886E-015  -1.4749172480448010E-015  -3.5422906620079258E-017  -1.0122847964890999E-015  -2.0865373869365027E-015   5.0234154455853895E-016  -1.2925981313423193E-015  -1.4079141757425925E-003   2.0619058826655242E-004   8.8080615775059647E-016   7.8905452844341073E-016  -1.9779136002315310E-015   1.9998880282035600        7.3674478725220305E-016   3.2190615142218062E-016  -1.1361216677704800E-015  -1.0362126531843903E-015   3.6214664786213931E-016  -3.1433326019373071E-016   3.3884256289660597E-016  -5.8334639894272319E-017   4.1292594835884675E-016  -1.4534291780167059E-016  -2.9873157517687059E-016   4.0648776328104624E-016   5.2818805941043804E-017  -1.0679496180741347E-015   6.8103902337131639E-016   3.9285653553874262E-016  -2.8304157435828760E-015  -4.2841955736779623E-016  -2.0045488999432576E-015   9.7487252047684576E-004
  -2.0072730730414812E-003   8.0941565820136542E-016   1.3173071648909368E-015   1.9336986360925342E-015   5.3200742504890619E-003  -7.3679295912791294E-016  -6.8943041208739033E-015  -9.3789324886071796E-016  -3.4077656928964290E-016  -5.0076474091515528E-016  -1.8127292587700459E-015  -3.3237093277522587E-016  -2.0710404905455271E-016  -4.2507676205939080E-016   1.8970650395823624E-015  -2.7927355702439352E-003   2.5862619767660117E-016   5.8695242659817981E-015   7.3674478725220305E-016   1.9972553615297390        5.9663645551877309E-016   4.0545620653238343E-015   1.1245863359717496E-014  -1.0788134716439916E-016  -7.7583813877844548E-017   4.2279245355442488E-015  -9.6365032761809150E-017   4.2273567639127579E-015   1.8026665298304106E-016  -5.2361749746376641E-016  -1.1662258833111248E-016   5.7864107538393868E-016   2.0097213096306269E-016   2.8232463059248037E-016   1.3456054771917510E-015   2.1928867832282481E-017   8.4505835625473097E-017   2.8861253805982225E-016  -2.1253054295107463E-016
  -1.0722714751954110E-015  -2.0072730730494354E-003  -6.0743429918147300E-016  -4.2197587210241599E-016  -1.7504155554180813E-015   5.3200742504914246E-003   6.7798624092690504E-016   1.0627313915880436E-015  -1.0838158295286553E-015   2.2204019916241157E-016  -2.0723748708690078E-016   3.4709804866893948E-016   1.2654101757603351E-015  -4.0952854834088513E-015  -1.1687495979481081E-015   1.7007045549373757E-015  -2.7927355702051875E-003  -1.4137018270854695E-015   3.2190615142218062E-016   5.9663645551877309E-016   1.9972553615297501        1.2349198269881456E-015   1.1724758660105023E-015  -1.9711875411905923E-015   4.1337832609661283E-016  -7.3641193522129207E-016   1.6480931192945173E-016  -8.6986595405871018E-016  -1.5990676872497690E-015   1.9671882594320084E-016  -2.0855197217467192E-015   5.3803531331632088E-016   1.1532851123952408E-015   8.8119960315234475E-016  -9.1189667116455822E-017   1.5414971675086434E-015  -3.2928932086867282E-016   7.1467892850828750E-016  -6.4066439022995240E-016
   2.6685675677175855E-015   3.9692263016846013E-015  -2.0072730730492741E-003   2.5993459195504643E-015  -5.6468662586560824E-015  -5.3855294992999868E-015   5.3200742504954856E-003  -1.7554684476352048E-015  -6.3410349705242347E-017  -6.1231028907514532E-016   1.1772545607752745E-015   3.9203604065309837E-016  -1.0789879570734248E-015   3.4300808700865397E-016  -8.7774604613138484E-016   3.5465318917307345E-015   4.9531964450133238E-015  -2.7927355702241732E-003  -1.1361216677704800E-015   4.0545620653238343E-015   1.2349198269881456E-015   1.9972553615297421        1.2924505727573450E-015  -6.4263464440392270E-016  -4.2032502246972576E-016  -1.4196074140361297E-016   3.9463954553707033E-016   8.7612551503169726E-017  -5.2097677915859308E-017   9.2217935680947617E-016  -1.4799661033000795E-015   1.5915891972988949E-015  -4.0807208826779394E-016  -3.3214076683480716E-016   1.6556741120611551E-016  -1.5168629057474773E-015  -9.5151292931323053E-016  -5.5205501817131688E-017  -4.8178239095051988E-016
  -1.1302269674606503E-017  -1.1783566988762849E-018  -1.2989331674329497E-018   1.1277542705594397E-016   2.9955522582110513E-017   3.1231152431541682E-018   3.4426909770886620E-018  -9.1828371057943104E-030  -8.5707919591527353E-031  -3.0495092208062487E-030  -1.3133708748584831E-029  -1.3030844968329498E-030  -5.5462118181106332E-030   4.7762109550614755E-017  -5.8851080580932773E-016  -1.5724940950329215E-017  -1.6394573870090669E-018  -1.8072164214709052E-018  -1.0362126531843903E-015   1.1245863359717496E-014   1.1724758660105023E-015   1.2924505727573450E-015   6.5670917811154942E-029  -2.1477059300669934E-030  -2.7101339221327419E-031   2.3023734055524683E-029  -1.7163078086010694E-031   2.3202483984881731E-029   2.5659461811186099E-031  -1.9686414496564564E-030  -2.8850443710664280E-030   4.6181567440259988E-030  -9.6458713770710065E-030   1.1051121724339694E-031   7.6112859934411339E-030  -9.6196387871065837E-030  -2.9790062119963222E-031  -7.7370279885628588E-030  -1.9845569432051842E-016
   1.0842245183916150E-019   1.9810745033284683E-018   6.4585793202496856E-019   3.4648463095387344E-017  -2.8736274199224560E-019  -5.2506375913529484E-018  -1.7117811222466969E-018  -4.1247651050132890E-030   2.4401678742269607E-030  -5.5360663143343652E-031  -4.0496708167270716E-030  -6.1912485605539488E-032  -5.1022067759359051E-030   1.4588234890145789E-017  -4.6881744124592727E-016   1.5084905084612788E-019   2.7562852842268269E-018   8.9858746390532369E-019   3.6214664786213931E-016  -1.0788134716439916E-016  -1.9711875411905923E-015  -6.4263464440392270E-016  -2.1477059300669934E-030   2.3972848041543952E-030  -2.9570531806442319E-031   5.2931717667697728E-031  -3.0373647105206585E-031   7.2100229002419508E-031   1.6693633665314920E-030  -4.2322769985339813E-031   2.7431957586340198E-030  -1.0265739835613267E-030  -1.0618221407762223E-029  -1.7711192200718594E-030   1.7496028191908973E-031  -1.0659909806524078E-029   3.9808129604828016E-031  -9.7707153286863476E-030  -1.4946624587153065E-016
   7.7972954034496283E-020  -4.1545172387046966E-019   4.2243326305880300E-019  -3.9030163231544291E-017  -2.0665942794032542E-019   1.1011127724274326E-018  -1.1196166358857549E-018   1.3834365785470317E-031   2.1936762162168502E-032   2.9746016339457597E-031  -4.5058148323674714E-031  -2.0916578519743517E-032   4.9788623008082879E-032  -1.6615363569216656E-017  -8.5013530418790335E-017   1.0848441359271352E-019  -5.7802140751774553E-019   5.8773488053486370E-019  -3.1433326019373071E-016  -7.7583813877844548E-017   4.1337832609661283E-016  -4.2032502246972576E-016  -2.7101339221327419E-031  -2.9570531806442319E-031   2.3530830956347657E-031  -3.6279777872658057E-031  -3.7328827260144184E-032  -4.2786179718460327E-031  -2.8419064656728102E-031  -6.5939646462487384E-032  -1.5798370402534814E-031  -2.4305406486900568E-031  -1.2629692112190770E-030  -4.9065182712126139E-032  -1.4870340969357170E-031  -7.7807054887783751E-031   1.6690386095213156E-031  -1.2102198846898733E-030  -2.0297506291280417E-017
  -4.2491307013188196E-018   7.4010558525227586E-019   1.4267277942673528E-019   1.0139060711946008E-016   1.1261891137112225E-017  -1.9615749942586086E-018  -3.7813977095624367E-019  -6.5986386841475031E-031  -8.7077309680033914E-031  -1.1269969184929264E-030  -2.7707133582361386E-030  -9.1713647313067958E-031   6.1615868169513342E-031   4.3161795541867562E-017   2.1752767021871818E-016  -5.9118505656074695E-018   1.0297150006098571E-018   1.9850181391637751E-019   3.3884256289660597E-016   4.2279245355442488E-015  -7.3641193522129207E-016  -1.4196074140361297E-016   2.3023734055524683E-029   5.2931717667697728E-031  -3.6279777872658057E-031   9.3473813104566925E-030  -2.9937139078684940E-031   9.3340416931320643E-030   8.9917092960674772E-031  -1.3486798989440908E-030   6.4099096277826077E-031   8.9331178851028979E-031   4.3215729277032104E-030   8.8065258471330382E-031   2.8882760911709602E-030   3.8708660871908195E-030   3.7021799307841844E-031   4.2965445066212732E-030   5.1609701686601391E-017
   9.6848374610626775E-020  -1.6563595241474730E-019  -3.9661895447886124E-019  -4.0798931647002723E-018  -2.5668682098498986E-019   4.3900133829846087E-019   1.0511984220343938E-018  -5.4926631531381923E-033  -1.5265066767203303E-031  -2.9645293726627749E-032   5.4788682568660944E-031   9.2742816206144423E-032   1.4079965789525145E-031  -1.7272398318274545E-018   2.3352490808689206E-017   1.3474594180949352E-019  -2.3045066574367070E-019  -5.5181922024988769E-019  -5.8334639894272319E-017  -9.6365032761809150E-017   1.6480931192945173E-016   3.9463954553707033E-016  -1.7163078086010694E-031  -3.0373647105206585E-031  -3.7328827260144184E-032  -2.9937139078684940E-031   9.8378452153366210E-032  -2.7311836878075182E-031  -1.5220982997006037E-031   2.2793657593522144E-031  -4.7726110592911415E-031   3.2774793497638669E-031   5.0241032162095106E-031   3.0218708968255398E-032  -5.8488909833669290E-032   3.5199903290236871E-031  -1.9934375658797452E-031   5.2122244621277831E-031   7.7945113389965547E-018
  -4.2485600818928587E-018   8.7422897461216328E-019  -8.8051993187517927E-020   1.0325682484007727E-016   1.1260378768040860E-017  -2.3170554715784982E-018   2.3337290174333542E-019  -3.4263899296328855E-030   1.1338213632642091E-031  -1.5055889891829086E-030  -5.1626409935274511E-030  -6.6770408878409116E-031  -2.3825905470999260E-030   4.3857726781815937E-017  -1.0981009842144282E-016  -5.9110566580978964E-018   1.2163219776522965E-018  -1.2250746382666373E-019   4.1292594835884675E-016   4.2273567639127579E-015  -8.6986595405871018E-016   8.7612551503169726E-017   2.3202483984881731E-029   7.2100229002419508E-031  -4.2786179718460327E-031   9.3340416931320643E-030  -2.7311836878075182E-031   9.4431396083929896E-030   1.0716895118912019E-030  -1.1999247086673341E-030   7.1436498384915665E-031   1.0709545321114538E-030  -2.4307800493015527E-030   3.8675151743199198E-032   3.0220563432696145E-030  -2.9765079106368282E-030   1.6065349711591011E-031  -1.9564575038351332E-030  -4.9395500037065821E-017
  -1.8117082345527890E-019   1.6070881933411477E-018   5.2358986269852922E-020   1.0162233119783776E-017   4.8017494269080458E-019  -4.2594247043189005E-018  -1.3877219715327678E-019  -2.9971016697822504E-030   1.6882239404927541E-030  -3.6981379258690876E-031  -2.1480292546844651E-030  -1.6384627489842641E-031  -3.4313729381225690E-030   4.2306188323236707E-018  -2.9952954626613678E-016  -2.5206445986632400E-019   2.2359550487969841E-018   7.2847489133753240E-020  -1.4534291780167059E-016   1.8026665298304106E-016  -1.5990676872497690E-015  -5.2097677915859308E-017   2.5659461811186099E-031   1.6693633665314920E-030  -2.8419064656728102E-031   8.9917092960674772E-031  -1.5220982997006037E-031   1.0716895118912019E-030   1.3790072947158065E-030  -1.4652912130573928E-031   1.7500605614000824E-030  -3.9826678311547552E-031  -6.8380493872818282E-030  -1.4288141260561065E-030   2.4915425066482432E-031  -6.8656256606822649E-030   2.3029146881565698E-031  -5.9859679008620354E-030  -9.3752451591741962E-017
   5.2624382614239634E-019  -1.9770551621915668E-019  -9.2680476773238534E-019  -3.0181820480144335E-017  -1.3947560332162472E-018   5.2399847342442793E-019   2.4564022933672657E-018  -2.2267409183231019E-030   6.6215458604357507E-031  -1.7115014187392573E-031  -5.6185596962400621E-031   3.9277125480481579E-031  -2.2327266264487094E-030  -1.2905511525035435E-017  -2.5739244080303613E-016   7.3216737255435091E-019  -2.7506931417839199E-019  -1.2894711119551705E-018  -2.9873157517687059E-016  -5.2361749746376641E-016   1.9671882594320084E-016   9.2217935680947617E-016  -1.9686414496564564E-030  -4.2322769985339813E-031  -6.5939646462487384E-032  -1.3486798989440908E-030   2.2793657593522144E-031  -1.1999247086673341E-030  -1.4652912130573928E-031   6.8183501641087753E-031  -8.5013439918513736E-031   6.5404319182371692E-031  -5.1779902608981501E-030  -8.3440595720383752E-031  -2.7413124629296525E-031  -5.3608822758238751E-030  -5.1482943830889066E-031  -4.6138133422608827E-030  -7.4687403467937814E-017
   1.1720753678866228E-019   2.0959801442543472E-018   1.4873892269373120E-018   3.1695946932924292E-017  -3.1064672106659060E-019  -5.5551833702700529E-018  -3.9421747010579510E-018  -2.5757249090518078E-030   2.1859763698183941E-030  -2.3409822115274516E-031  -3.6489596041934310E-030  -3.1112974425960738E-031  -3.7269858252018147E-030   1.3369393480781261E-017  -3.4708619172143726E-016   1.6307181194220944E-019   2.9161544494841697E-018   2.0694168903115313E-018   4.0648776328104624E-016  -1.1662258833111248E-016  -2.0855197217467192E-015  -1.4799661033000795E-015  -2.8850443710664280E-030   2.7431957586340198E-030  -1.5798370402534814E-031   6.4099096277826077E-031  -4.7726110592911415E-031   7.1436498384915665E-031   1.7500605614000824E-030  -8.5013439918513736E-031   3.4593707958223925E-030  -1.7365210715511031E-030  -8.0895999560839065E-030  -1.3812096226327353E-030   7.8159878883020858E-032  -7.7806535333886620E-030   8.4541740822428930E-031  -7.5611752170667049E-030  -1.1154637338656182E-016
  -5.8154338796243370E-019  -5.4073395799265365E-019  -1.5995721932354786E-018  -4.9924045083271367E-017   1.5413219284377456E-018   1.4331606620530488E-018   4.2395043062631216E-018  -2.3445589723119997E-030  -1.6677664899366045E-031  -6.7195779785363405E-031  -4.1645207698982518E-031   3.9446076332091103E-031  -1.4493151844758743E-030  -2.1253258408693193E-017  -1.0906955907265195E-016  -8.0910610868757510E-019  -7.5232761241179162E-019  -2.2254979759192540E-018   5.2818805941043804E-017   5.7864107538393868E-016   5.3803531331632088E-016   1.5915891972988949E-015   4.6181567440259988E-030  -1.0265739835613267E-030  -2.4305406486900568E-031   8.9331178851028979E-031   3.2774793497638669E-031   1.0709545321114538E-030  -3.9826678311547552E-031   6.5404319182371692E-031  -1.7365210715511031E-030   1.5967350961302452E-030  -2.2267044109109875E-030  -1.6321754392180504E-031   5.3215054300804061E-031  -3.2455163683385061E-030  -8.7128450458064103E-031  -1.9669725156332832E-030  -2.5970701764848732E-017
  -2.0198015469596684E-019  -1.1590696895421039E-018   4.1011887127833608E-019  -2.7375097927771065E-016   5.3532797031255225E-019   3.0719969756402582E-018  -1.0869785861021161E-018   1.9191751665967526E-028  -7.2571734799075637E-029   2.0769647386290538E-029   1.9327463749672185E-028  -1.6488217350595667E-029   2.1597769283321665E-028  -1.0876210792784952E-016   2.5564982881564683E-014  -2.8101665387972334E-019  -1.6126232119030638E-018   5.7060176579531682E-019  -1.0679496180741347E-015   2.0097213096306269E-016   1.1532851123952408E-015  -4.0807208826779394E-016  -9.6458713770710065E-030  -1.0618221407762223E-029  -1.2629692112190770E-030   4.3215729277032104E-030   5.0241032162095106E-031  -2.4307800493015527E-030  -6.8380493872818282E-030  -5.1779902608981501E-030  -8.0895999560839065E-030  -2.2267044109109875E-030   5.1579959038718975E-028   6.0432017733539580E-029  -7.5565239339264087E-030   5.0708552717185638E-028   8.5385897797005919E-030   4.7959012491558115E-028   7.9088852718089494E-015
  -2.8374069723779994E-019  -8.8561947033895962E-019   3.3380669820954345E-019  -3.2462816110177190E-016   7.5202601850976549E-019   2.3472448283805723E-018  -8.8472089007278074E-019   2.1859613742612918E-029  -9.1629406877670253E-030   2.2144293822730383E-030   2.1984611597083463E-029  -1.6929618559748614E-030   2.5906986628310239E-029  -1.3709439964093563E-016   3.0045243049177259E-015  -3.9477077061940151E-019  -1.2321696682314152E-018   4.6442801041662419E-019   6.8103902337131639E-016   2.8232463059248037E-016   8.8119960315234475E-016  -3.3214076683480716E-016   1.1051121724339694E-031  -1.7711192200718594E-030  -4.9065182712126139E-032   8.8065258471330382E-031   3.0218708968255398E-032   3.8675151743199198E-032  -1.4288141260561065E-030  -8.3440595720383752E-031  -1.3812096226327353E-030  -1.6321754392180504E-031   6.0432017733539580E-029   7.9099874418350478E-030  -6.5286586274088727E-031   5.7924120896589629E-029   8.4211948991526250E-031   5.5258229462635509E-029   9.7408478659347316E-016
  -1.3523546829965912E-018   9.1647050684080694E-020  -1.6639785411853773E-019   8.7287528619554970E-017   3.5842793006916124E-018  -2.4290123801279867E-019   4.4102068169848128E-019  -3.6991624285384661E-030   9.0471665349706191E-031  -9.1013746225095715E-031  -4.4940736826671907E-030   1.2499594499811151E-031  -3.7834657268061954E-030   3.6992062857478072E-017  -3.7133516557552907E-016  -1.8815422164101776E-018   1.2750929695811751E-019  -2.3151070586307759E-019   3.9285653553874262E-016   1.3456054771917510E-015  -9.1189667116455822E-017   1.6556741120611551E-016   7.6112859934411339E-030   1.7496028191908973E-031  -1.4870340969357170E-031   2.8882760911709602E-030  -5.8488909833669290E-032   3.0220563432696145E-030   2.4915425066482432E-031  -2.7413124629296525E-031   7.8159878883020858E-032   5.3215054300804061E-031  -7.5565239339264087E-030  -6.5286586274088727E-031   1.1205822672883129E-030  -7.6830042343195726E-030  -2.0814629096358057E-031  -7.0060482821108482E-030  -1.2745687075802515E-016
  -2.2038857303337764E-020  -1.5492289149845120E-018   1.5244710940591403E-018   1.7618836471248930E-015   5.8411762084004017E-020   4.1060745392430576E-018  -4.0404564392056977E-018   1.9440884429930052E-028  -6.9758412078273651E-029   2.1090569596631652E-029   1.8598128034136317E-028  -1.6751526560035617E-029   2.0988334228816299E-028   7.5633291824902044E-016   2.4970246814129013E-014  -3.0662843758184229E-020  -2.1554549579013841E-018   2.1210091976965943E-018  -2.8304157435828760E-015   2.1928867832282481E-017   1.5414971675086434E-015  -1.5168629057474773E-015  -9.6196387871065837E-030  -1.0659909806524078E-029  -7.7807054887783751E-031   3.8708660871908195E-030   3.5199903290236871E-031  -2.9765079106368282E-030  -6.8656256606822649E-030  -5.3608822758238751E-030  -7.7806535333886620E-030  -3.2455163683385061E-030   5.0708552717185638E-028   5.7924120896589629E-029  -7.6830042343195726E-030   5.0819229236753227E-028   9.2631376246471215E-030   4.7461182551717095E-028   7.4162543553794513E-015
  -8.4929694837537494E-020   3.3094095013963123E-019   9.5628546977832100E-019   1.0866021820171988E-017   2.2509756578492548E-019  -8.7712551466807121E-019  -2.5345379122551126E-018   4.0320447117249283E-030  -9.4729249842204369E-031   7.6937614962588195E-031   2.9167186584339606E-030  -6.2880730241288780E-031   4.0025923961479185E-030   4.7412654961350394E-018   4.1158984420398243E-016  -1.1816338440868072E-019   4.6044087150040594E-019   1.3304878556872865E-018  -4.2841955736779623E-016   8.4505835625473097E-017  -3.2928932086867282E-016  -9.5151292931323053E-016  -2.9790062119963222E-031   3.9808129604828016E-031   1.6690386095213156E-031   3.7021799307841844E-031  -1.9934375658797452E-031   1.6065349711591011E-031   2.3029146881565698E-031  -5.1482943830889066E-031   8.4541740822428930E-031  -8.7128450458064103E-031   8.5385897797005919E-030   8.4211948991526250E-031  -2.0814629096358057E-031   9.2631376246471215E-030   7.3714697363645268E-031   8.0781081447111198E-030   1.2492682295577501E-016
  -2.9006014319802828E-019  -7.1826357152646968E-019   5.5482398150233681E-020   4.3173365860924808E-016   7.6877507081362033E-019   1.9036849460580647E-018  -1.4705048447929563E-019   1.7979969644514108E-028  -6.6742064989662924E-029   1.9443400911015036E-029   1.7916587460139519E-028  -1.5598216245994510E-029   1.9962716689148233E-028   1.9056614257868203E-016   2.3724918678307007E-014  -4.0356306783136465E-019  -9.9932602684800959E-019   7.7193117860025397E-020  -2.0045488999432576E-015   2.8861253805982225E-016   7.1467892850828750E-016  -5.5205501817131688E-017  -7.7370279885628588E-030  -9.7707153286863476E-030  -1.2102198846898733E-030   4.2965445066212732E-030   5.2122244621277831E-031  -1.9564575038351332E-030  -5.9859679008620354E-030  -4.6138133422608827E-030  -7.5611752170667049E-030  -1.9669725156332832E-030   4.7959012491558115E-028   5.5258229462635509E-029  -7.0060482821108482E-030   4.7461182551717095E-028   8.0781081447111198E-030   4.4739547346498271E-028   7.2352482117387769E-015
   4.6473618067042057E-016  -1.2180695273095049E-015  -1.0498561874252408E-015  -9.6941266646996288E-002  -1.2134012997800819E-015   2.0339152319810169E-015   1.4971924154766461E-015   2.7570311084852521E-015  -1.1754267470289820E-015   3.3512513983118961E-016   3.1821425547268624E-015  -2.4954610453531941E-016   3.4729897107257999E-015  -4.1087962378914190E-002  0.39730716193912802        1.1228909355750731E-015  -9.1515420643251808E-016  -7.6652724340263117E-016   9.7487252047684576E-004  -2.1253054295107463E-016  -6.4066439022995240E-016  -4.8178239095051988E-016  -1.9845569432051842E-016  -1.4946624587153065E-016  -2.0297506291280417E-017   5.1609701686601391E-017   7.7945113389965547E-018  -4.9395500037065821E-017  -9.3752451591741962E-017  -7.4687403467937814E-017  -1.1154637338656182E-016  -2.5970701764848732E-017   7.9088852718089494E-015   9.7408478659347316E-016  -1.2745687075802515E-016   7.4162543553794513E-015   1.2492682295577501E-016   7.2352482117387769E-015  0.13699664453561658     
