  0.22122421481762311        3.3683027477219782E-016  -2.0329468360461012E-016   4.8786713246718782E-016   3.8729462911557764E-017   7.4813124617549383E-018   1.2010727800021957E-016   2.3074939612837014E-018  -5.4527066567535601E-017  -1.5976878501563611E-017  0.32276114415642299        1.1074108752402723E-015   9.3376912105314069E-018   9.6664253432058586E-016   5.7826139543363358E-016   2.0659984622064356E-015   7.9929615683985553E-017  -1.3064029755909874E-017   1.4163463356682566E-015   1.5436023012549726E-017   1.7844368603255712E-015   6.7753674853772732E-017   2.9233333810784246E-018   5.5127355747170553E-017  -1.0390007433365699E-017   2.8197972747576964E-016  0.26927252099656307        7.6712640010917141E-016  -2.6837391900805252E-016  -3.2125893689050108E-018   9.1069657258924619E-018   6.2533774710298856E-018  -1.5891752061552431E-017   1.0153220097928566E-017   1.4939012012972224E-018
   3.3683027477219782E-016  0.22122421481762733        1.5600652822529704E-016  -1.1917920506518001E-017   1.5431180974399194E-016   1.7497946267989428E-017   2.3832631266791844E-018   1.1138263084162536E-016  -1.9631104814526589E-017   1.1079850640275781E-016  -1.0786498715162525E-015  0.32276114415642171       -9.1462278831340449E-016  -9.5526421565354670E-016  -3.5084933481127296E-016   1.0153924638996016E-016   2.3343246967485851E-015   1.0931896695404754E-016   3.7400000079859737E-017  -5.8016345310751434E-019   4.3133866270551575E-017   4.3937479980297446E-015   1.2780376597184753E-016   2.6409620008490023E-015   2.5660134086483307E-016  -6.4619021436733958E-017  -4.6411222169020702E-016  0.26927252099656523       -9.9307836801988680E-017   2.0612095696578239E-016  -1.1946327262128245E-017  -4.3834640705516253E-018   1.9376832594650585E-016  -2.8538294633875632E-019   2.1699818584393228E-016
  -2.0329468360461012E-016   1.5600652822529704E-016  0.22122421481764257       -1.0281382620500979E-015  -1.5322778211608761E-016  -4.6072150733144014E-018   1.7861229896977200E-017  -3.6158981564177689E-017  -4.0329867097584013E-017  -2.4237337470356906E-016   3.2706991412098652E-016   8.2209629728713374E-017  0.32276114415641405       -2.1362128971554176E-015   5.3720869458747154E-016  -2.0648779883247100E-016   1.0765115276290424E-016   5.3291369619066888E-015  -9.5957676316993023E-017   5.4693254510712931E-017  -9.8588503086903172E-017   2.2095800172731191E-016   5.5358245445960228E-015   9.2311955481503547E-017   1.1324810422103844E-014  -6.9279492795396102E-016  -1.9477014402344284E-016   2.9568395529342567E-016  0.26927252099657517       -8.7120487612991999E-018   6.0745441855739986E-018  -1.4578962028307798E-017  -5.2970967356987905E-017   4.3430835028463966E-018   3.6246826032324995E-018
   4.8786713246718782E-016  -1.1917920506518001E-017  -1.0281382620500979E-015  0.26662528959874754       -6.1110604267244589E-015  -1.8372426004662460E-017  -8.3903585736600818E-017  -6.7850135368815235E-015  -2.9695832022739460E-017  -5.7694271028539127E-015  -7.4577109284867187E-016   1.3506948518271399E-015   7.9100986143732679E-016  0.42935889264909671        4.6319303022989743E-003   2.3077773369748000E-016  -2.8777468743018224E-016  -4.7060940506570516E-017   1.2304991035156406E-016  -9.4129459024055902E-018   1.1800178492672818E-016  -5.7194754947181049E-016  -1.4154935431989866E-017  -2.5621069644299319E-016  -1.4303812291350242E-016  0.12971736760124467       -6.3673719169987811E-017   2.1510060772397137E-017   7.2080435242874368E-016  -5.6858202298171512E-015  -5.5983049101378485E-017   2.6226008585667785E-017  -5.6685806206679745E-015  -1.3349336906743624E-018  -6.0159730777844187E-015
   3.8729462911557764E-017   1.5431180974399194E-016  -1.5322778211608761E-016  -6.1110604267244589E-015   5.1668648805217626E-028   4.4679036879736347E-030   8.1734658827436457E-031   5.0804467051503790E-028   7.5816097331624772E-032   5.0926563499529169E-028   5.6505413623966262E-017   2.2513745301737912E-016  -2.2355588113680238E-016  -9.9458778078506146E-015   2.6663541698822366E-014  -2.1521275181317864E-029   1.4067765854681917E-029  -1.1134749035602435E-030  -4.1220157182614686E-030  -3.6343068771222964E-031  -7.2369899070261194E-030   2.8220271985553148E-029   3.1535211584295743E-031   1.0503264563981461E-029   3.1992803898028251E-030  -1.7999934018456743E-015   4.7141223322402768E-017   1.8782722345091635E-016  -1.8650775282958723E-016   3.5617755679405323E-028  -1.7718247049964701E-030  -5.2038412223598051E-031   3.7468057128432260E-028   3.6037065328146054E-030   3.8747246041451898E-028
   7.4813124617549383E-018   1.7497946267989428E-017  -4.6072150733144014E-018  -1.8372426004662460E-017   4.4679036879736347E-030   4.6149074615552410E-032  -2.2895802523607500E-033   4.2506175247540968E-030  -7.0365309582119034E-033   4.4450772139796263E-030   1.0915066291176109E-017   2.5529109290769247E-017  -6.7218229688984003E-018  -3.0709736424212864E-017   2.8630289029889931E-016  -1.1365902041809812E-031   2.6814317769930657E-031  -8.4278694231402634E-032   2.6792112021970523E-032  -5.8345014668566413E-033   4.7532620409184576E-033   5.1512087603728681E-031  -6.4109477947855793E-032   2.5692624641139195E-031  -1.2480881573488578E-031   3.6222107050478926E-018   9.1061996472696517E-018   2.1298374175395609E-017  -5.6078690056037510E-018   2.8248282482877500E-030  -2.9497899663684739E-032  -8.6165059354975943E-034   3.0252856515090463E-030   3.8594762299961883E-032   3.1023946009425240E-030
   1.2010727800021957E-016   2.3832631266791844E-018   1.7861229896977200E-017  -8.3903585736600818E-017   8.1734658827436457E-031  -2.2895802523607500E-033   9.6389039581752527E-032   1.0897226877075908E-030  -2.1919416235867850E-032   6.7132229803634341E-031   1.7523381199848823E-016   3.4771271952615996E-018   2.6059131918904433E-017  -1.3480257483076286E-016  -8.0831052861442971E-017   1.0833083237258982E-030   1.5028749255022985E-031   4.3493360658435694E-031   7.2776668804986009E-031   1.7364029565845526E-032   9.3883616222547784E-031   2.4580657288997900E-031   4.4329434602271946E-031   1.3803068484436258E-031   9.3398203646672785E-031  -4.4298799529341247E-017   1.4619371375695271E-016   2.9008907132890231E-018   2.1740560392192501E-017   1.1197900321558591E-030   3.1948904482193325E-032  -6.2974110317801281E-033   1.0477995699023234E-030  -4.3186174327359901E-033   1.1569989964356676E-030
   2.3074939612837014E-018   1.1138263084162536E-016  -3.6158981564177689E-017  -6.7850135368815235E-015   5.0804467051503790E-028   4.2506175247540968E-030   1.0897226877075908E-030   5.0270933927845368E-028   1.8114058017237902E-031   4.9970585802197436E-028   3.3665816904429783E-018   1.6250474840298266E-016  -5.2755139263678907E-017  -1.1024490962741688E-014   2.4946977103526668E-014  -2.1503337192291387E-029   1.4009985819443295E-029   1.7157676280062521E-030  -4.6196865245595434E-030  -2.7850414390101462E-031  -7.5747833367405052E-030   2.8142967187651789E-029   3.0174280597527495E-030   1.0497119364850894E-029   9.0224632258621561E-030  -2.2025943002593414E-015   2.8086650308810487E-018   1.3557413607129934E-016  -4.4012451939300954E-017   3.5613109917734865E-028  -1.4324209584184940E-030  -5.9919238776810102E-031   3.7336931433165817E-028   3.3801146906039310E-030   3.8675304104059240E-028
  -5.4527066567535601E-017  -1.9631104814526589E-017  -4.0329867097584013E-017  -2.9695832022739460E-017   7.5816097331624772E-032  -7.0365309582119034E-033  -2.1919416235867850E-032   1.8114058017237902E-031   2.6828461955136265E-032   7.0735289651850623E-032  -7.9553761360798393E-017  -2.8641339539682382E-017  -5.8840367266405954E-017  -4.7650596804187647E-017  -4.3864284698415621E-017  -4.7907869871686306E-031  -2.2397998993844256E-031  -9.7506528879533478E-031  -3.4597033210138514E-031  -1.1795296854388636E-032  -4.3081854687274948E-031  -4.0290965446446730E-031  -1.0257323127836972E-030  -2.4083933401381713E-031  -2.0811135220890999E-030  -1.6347149507452737E-017  -6.6369952716487360E-017  -2.3894839395014553E-017  -4.9089223771344811E-017   2.5186426188428073E-031   8.8724143947115676E-033  -1.5330494796897930E-033   2.3166418427287839E-031  -8.9085858541651301E-033   2.4583846379603510E-031
  -1.5976878501563611E-017   1.1079850640275781E-016  -2.4237337470356906E-016  -5.7694271028539127E-015   5.0926563499529169E-028   4.4450772139796263E-030   6.7132229803634341E-031   4.9970585802197436E-028   7.0735289651850623E-032   5.0234093352725048E-028  -2.3309905696605528E-017   1.6165252400985738E-016  -3.5361729183614215E-016  -9.3958381233357342E-015   2.6697041375704818E-014  -2.1690544375839805E-029   1.3182821693029437E-029  -3.3380346414681023E-030  -4.2849757181016461E-030  -4.0179396074086782E-031  -7.5009096207180517E-030   2.6529958010272534E-029  -1.9555424368296029E-030   9.6076129682487128E-030  -1.5875882474163250E-030  -1.6325754831019819E-015  -1.9446941444976645E-017   1.3486314401123293E-016  -2.9501512609137634E-016   3.4908835452937767E-028  -1.8490416457881032E-030  -4.8151476118833489E-031   3.6765629737859418E-028   3.6014719835102149E-030   3.7997638340530910E-028
  0.32276114415642299       -1.0786498715162525E-015   3.2706991412098652E-016  -7.4577109284867187E-016   5.6505413623966262E-017   1.0915066291176109E-017   1.7523381199848823E-016   3.3665816904429783E-018  -7.9553761360798393E-017  -2.3309905696605528E-017  0.47090123593859173       -6.7502257852358055E-016   9.2352341052315268E-016  -9.3910031062185625E-016   1.3889795266701008E-015   3.0142451993191047E-015   1.1661550807813284E-016  -1.9060125017435078E-017   2.0664173865365964E-015   2.2520809726289427E-017   2.6034531671335610E-015   9.8851084790279820E-017   4.2650775260234273E-018   8.0429569746420636E-017  -1.5158786707615147E-017  -2.7271595359225850E-016  0.39286254010838806       -7.9186738546552227E-016   3.6756486526332011E-016  -4.6870954938624073E-018   1.3286857769641862E-017   9.1235368110832403E-018  -2.3185708138947273E-017   1.4813319321219159E-017   2.1795681878358679E-018
   1.1074108752402723E-015  0.32276114415642171        8.2209629728713374E-017   1.3506948518271399E-015   2.2513745301737912E-016   2.5529109290769247E-017   3.4771271952615996E-018   1.6250474840298266E-016  -2.8641339539682382E-017   1.6165252400985738E-016  -6.7502257852358055E-016  0.47090123593857908       -1.5465534126783698E-015   8.1170523191411823E-016  -1.0818431926535006E-015   1.4814347230760123E-016   3.4057271288148840E-015   1.5949390929547620E-016   5.4565757311775876E-017  -8.4644540416652312E-019   6.2931338871974474E-017   6.4103793165144457E-015   1.8646281450960488E-016   3.8531040454606533E-015   3.7437557383977833E-016   5.4529689650395461E-016   7.2641545556528797E-017  0.39286254010838217       -3.2186574369305609E-016   3.0072583130074207E-016  -1.7429422266320436E-017  -6.3953752980708478E-018   2.8270362100875103E-016  -4.1636728763609860E-019   3.1659546311684602E-016
   9.3376912105314069E-018  -9.1462278831340449E-016  0.32276114415641405        7.9100986143732679E-016  -2.2355588113680238E-016  -6.7218229688984003E-018   2.6059131918904433E-017  -5.2755139263678907E-017  -5.8840367266405954E-017  -3.5361729183614215E-016   9.2352341052315268E-016  -1.5465534126783698E-015  0.47090123593852429        5.7948801707782160E-016  -9.1265862747511240E-016  -3.0126104531750197E-016   1.5706060597457552E-016   7.7750907359263741E-015  -1.4000008735116501E-016   7.9796225824858686E-017  -1.4383840432308115E-016   3.2237274525667502E-016   8.0766432613889384E-015   1.3468106280807736E-016   1.6522643202534341E-014   2.7767464763553038E-017   8.8213399258851855E-017  -9.5892261145480440E-016  0.39286254010836036       -1.2710682817771871E-017   8.8626230775897429E-018  -2.1270377064049229E-017  -7.7283447679184655E-017   6.3364609597597614E-018   5.2883302362369103E-018
   9.6664253432058586E-016  -9.5526421565354670E-016  -2.1362128971554176E-015  0.42935889264909671       -9.9458778078506146E-015  -3.0709736424212864E-017  -1.3480257483076286E-016  -1.1024490962741688E-014  -4.7650596804187647E-017  -9.3958381233357342E-015  -9.3910031062185625E-016   8.1170523191411823E-016   5.7948801707782160E-016  0.69144552013818106       -5.6258859297879870E-006   3.7631861187905211E-016  -4.6506311493425834E-016  -7.6181759573960806E-017   1.9861082221234846E-016  -1.5006518756432838E-017   1.9140205026640325E-016  -9.2443175363913684E-016  -2.3835989881338243E-017  -4.1338056544284435E-016  -2.3245661410022545E-016  0.20856268324341290        1.1837021062273779E-016  -1.1011475029035600E-015   5.8273113434255770E-016  -9.2190744109737590E-015  -8.9303251588290918E-017   4.2212701379526961E-017  -9.1965768332254209E-015  -3.1464520882847100E-018  -9.7573510800310887E-015
   5.7826139543363358E-016  -3.5084933481127296E-016   5.3720869458747154E-016   4.6319303022989743E-003   2.6663541698822366E-014   2.8630289029889931E-016  -8.0831052861442971E-017   2.4946977103526668E-014  -4.3864284698415621E-017   2.6697041375704818E-014   1.3889795266701008E-015  -1.0818431926535006E-015  -9.1265862747511240E-016  -5.6258859297879870E-006   1.9039505548993545       -1.1913372413508975E-015   4.1491319311029671E-016   1.0053389874765765E-016  -1.1465735021955439E-016  -3.8823885643529170E-017  -3.4950898854979047E-016   8.5684995769843847E-016   2.6542907667280866E-016   1.9774612605933204E-016   5.3715047127740116E-016   8.5687098769770542E-002   5.4309118498335286E-016  -1.3431477504190482E-015  -1.0754942832069855E-015   1.5953728817780059E-014  -2.1746367130955692E-016   5.6176507072191629E-018   1.7296661056960839E-014   2.5419921149110455E-016   1.7635530789210763E-014
   2.0659984622064356E-015   1.0153924638996016E-016  -2.0648779883247100E-016   2.3077773369748000E-016  -2.1521275181317864E-029  -1.1365902041809812E-031   1.0833083237258982E-030  -2.1503337192291387E-029  -4.7907869871686306E-031  -2.1690544375839805E-029   3.0142451993191047E-015   1.4814347230760123E-016  -3.0126104531750197E-016   3.7631861187905211E-016  -1.1913372413508975E-015   2.0483811809395530E-029   1.2046780991977820E-030  -5.1503422497681355E-030   1.3513733320000242E-029   1.0896530570709043E-031   1.7099421317062946E-029   1.4039231340347693E-030  -5.2601613473633504E-030   1.2921246867349498E-030  -1.1012302417535640E-029   5.9893121669848824E-017   2.5147184486651955E-015   1.2359283940981217E-016  -2.5133546159259957E-016  -1.4927208479843022E-029   1.6136418573040017E-031   8.9454689927132362E-032  -1.5838028685710631E-029  -7.0133706042327012E-032  -1.6235063199915374E-029
   7.9929615683985553E-017   2.3343246967485851E-015   1.0765115276290424E-016  -2.8777468743018224E-016   1.4067765854681917E-029   2.6814317769930657E-031   1.5028749255022985E-031   1.4009985819443295E-029  -2.2397998993844256E-031   1.3182821693029437E-029   1.1661550807813284E-016   3.4057271288148840E-015   1.5706060597457552E-016  -4.6506311493425834E-016   4.1491319311029671E-016   1.2046780991977820E-030   2.5115923966873997E-029   3.8151861071517891E-030   7.0110843690352983E-031   2.7702697483015645E-032   8.4699405492720158E-031   4.7302662470105296E-029   4.1173152272437079E-030   2.8253002799791946E-029   8.4880990245066381E-030  -1.2160498798812443E-016   9.7289752549261991E-017   2.8413232088368522E-015   1.3103220782837050E-016   1.1846889262003323E-029  -1.0713442098199294E-031  -7.8256419078990135E-032   1.1967948438500863E-029   6.0281955852472957E-032   1.2697908094872535E-029
  -1.3064029755909874E-017   1.0931896695404754E-016   5.3291369619066888E-015  -4.7060940506570516E-017  -1.1134749035602435E-030  -8.4278694231402634E-032   4.3493360658435694E-031   1.7157676280062521E-030  -9.7506528879533478E-031  -3.3380346414681023E-030  -1.9060125017435078E-017   1.5949390929547620E-016   7.7750907359263741E-015  -7.6181759573960806E-017   1.0053389874765765E-016  -5.1503422497681355E-030   3.8151861071517891E-030   1.2844368454292782E-028  -2.4046486223288039E-030   1.3159274742226471E-030  -2.4985334668570630E-030   7.6370088470378105E-030   1.3343377398863203E-028   3.5815052547407419E-030   2.7298816903821494E-028  -1.8454341827174658E-017  -1.5901442930412536E-017   1.3306225925007374E-016   6.4865871290424563E-015   1.7503052255490270E-030   1.3824695683125057E-031  -3.5808666098213561E-031   7.4721481044440748E-031   1.1765025747162476E-031   2.2006946233954000E-030
   1.4163463356682566E-015   3.7400000079859737E-017  -9.5957676316993023E-017   1.2304991035156406E-016  -4.1220157182614686E-030   2.6792112021970523E-032   7.2776668804986009E-031  -4.6196865245595434E-030  -3.4597033210138514E-031  -4.2849757181016461E-030   2.0664173865365964E-015   5.4565757311775876E-017  -1.4000008735116501E-016   1.9861082221234846E-016  -1.1465735021955439E-016   1.3513733320000242E-029   7.0110843690352983E-031  -2.4046486223288039E-030   9.1797891574033788E-030   7.3032038558959050E-032   1.1550601963038915E-029   7.6360890620190087E-031  -2.3837140182741956E-030   6.2873306119608210E-031  -5.0344792863913061E-030   5.4747376745575129E-017   1.7239665591040624E-015   4.5523010738576864E-017  -1.1679899251602746E-016  -3.5907571299233858E-030   4.1095334244033240E-032   5.7405602319342983E-032  -3.7292328322323840E-030   4.6860346430901991E-032  -3.8200292669798709E-030
   1.5436023012549726E-017  -5.8016345310751434E-019   5.4693254510712931E-017  -9.4129459024055902E-018  -3.6343068771222964E-031  -5.8345014668566413E-033   1.7364029565845526E-032  -2.7850414390101462E-031  -1.1795296854388636E-032  -4.0179396074086782E-031   2.2520809726289427E-017  -8.4644540416652312E-019   7.9796225824858686E-017  -1.5006518756432838E-017  -3.8823885643529170E-017   1.0896530570709043E-031   2.7702697483015645E-032   1.3159274742226471E-030   7.3032038558959050E-032   1.5717748251218589E-032   1.0299565247122899E-031   5.0423242565794694E-032   1.3635953867068072E-030   2.4682274550446065E-032   2.7925264362263214E-030  -6.2737641052249924E-018   1.8788616039057231E-017  -7.0617077672579403E-019   6.6572235484017485E-017  -1.2815158063916364E-031   8.5411194799349299E-033  -4.1872333019831029E-033  -1.6781840280187816E-031  -3.3322270219435220E-033  -1.4741344315688108E-031
   1.7844368603255712E-015   4.3133866270551575E-017  -9.8588503086903172E-017   1.1800178492672818E-016  -7.2369899070261194E-030   4.7532620409184576E-033   9.3883616222547784E-031  -7.5747833367405052E-030  -4.3081854687274948E-031  -7.5009096207180517E-030   2.6034531671335610E-015   6.2931338871974474E-017  -1.4383840432308115E-016   1.9140205026640325E-016  -3.4950898854979047E-016   1.7099421317062946E-029   8.4699405492720158E-031  -2.4985334668570630E-030   1.1550601963038915E-029   1.0299565247122899E-031   1.4563097133963397E-029   8.9154246209764096E-031  -2.4738622213959884E-030   7.6772939665756968E-031  -5.2436259064859483E-030   4.2003288543809759E-017   2.1720036946912958E-015   5.2502231369996154E-017  -1.2000121591287803E-016  -5.4624197340110330E-030   8.3621567075343204E-032   6.6737159337510593E-032  -5.7876707131711282E-030   3.2372454869736281E-032  -5.8855629342778560E-030
   6.7753674853772732E-017   4.3937479980297446E-015   2.2095800172731191E-016  -5.7194754947181049E-016   2.8220271985553148E-029   5.1512087603728681E-031   2.4580657288997900E-031   2.8142967187651789E-029  -4.0290965446446730E-031   2.6529958010272534E-029   9.8851084790279820E-017   6.4103793165144457E-015   3.2237274525667502E-016  -9.2443175363913684E-016   8.5684995769843847E-016   1.4039231340347693E-030   4.7302662470105296E-029   7.6370088470378105E-030   7.6360890620190087E-031   5.0423242565794694E-032   8.9154246209764096E-031   8.9127479377068019E-029   8.2196965328694285E-030   5.3203058708662081E-029   1.6956894974207202E-029  -2.4027611565482924E-016   8.2469285063092139E-017   5.3480384189787568E-015   2.6894848834030789E-016   2.3589272414488013E-029  -2.0688226907189591E-031  -1.5361467645868044E-031   2.3870134127536082E-029   1.2038438062092886E-031   2.5295586968940039E-029
   2.9233333810784246E-018   1.2780376597184753E-016   5.5358245445960228E-015  -1.4154935431989866E-017   3.1535211584295743E-031  -6.4109477947855793E-032   4.4329434602271946E-031   3.0174280597527495E-030  -1.0257323127836972E-030  -1.9555424368296029E-030   4.2650775260234273E-018   1.8646281450960488E-016   8.0766432613889384E-015  -2.3835989881338243E-017   2.6542907667280866E-016  -5.2601613473633504E-030   4.1173152272437079E-030   1.3343377398863203E-028  -2.3837140182741956E-030   1.3635953867068072E-030  -2.4738622213959884E-030   8.2196965328694285E-030   1.3863791344286871E-028   3.8782368104227661E-030   2.8361843945228460E-028   4.7561185474945440E-018   3.5582603373031342E-018   1.5556182348512437E-016   6.7381657661067675E-015   2.4429272011104373E-030   1.1798763971691162E-031  -3.6793972773091613E-031   1.5145483132319058E-030   1.4419510960819886E-031   3.0109971152943552E-030
   5.5127355747170553E-017   2.6409620008490023E-015   9.2311955481503547E-017  -2.5621069644299319E-016   1.0503264563981461E-029   2.5692624641139195E-031   1.3803068484436258E-031   1.0497119364850894E-029  -2.4083933401381713E-031   9.6076129682487128E-030   8.0429569746420636E-017   3.8531040454606533E-015   1.3468106280807736E-016  -4.1338056544284435E-016   1.9774612605933204E-016   1.2921246867349498E-030   2.8253002799791946E-029   3.5815052547407419E-030   6.2873306119608210E-031   2.4682274550446065E-032   7.6772939665756968E-031   5.3203058708662081E-029   3.8782368104227661E-030   3.1847586975534695E-029   7.9810570232952543E-030  -1.1578958939432347E-016   6.7100620382585233E-017   3.2145599269546134E-015   1.1236144737191993E-016   9.6247796270712062E-030  -1.0700615796814142E-031  -8.1508101870103747E-032   9.5817125137460439E-030   2.9217517997285926E-032   1.0257430761656410E-029
  -1.0390007433365699E-017   2.5660134086483307E-016   1.1324810422103844E-014  -1.4303812291350242E-016   3.1992803898028251E-030  -1.2480881573488578E-031   9.3398203646672785E-031   9.0224632258621561E-030  -2.0811135220890999E-030  -1.5875882474163250E-030  -1.5158786707615147E-017   3.7437557383977833E-016   1.6522643202534341E-014  -2.3245661410022545E-016   5.3715047127740116E-016  -1.1012302417535640E-029   8.4880990245066381E-030   2.7298816903821494E-028  -5.0344792863913061E-030   2.7925264362263214E-030  -5.2436259064859483E-030   1.6956894974207202E-029   2.8361843945228460E-028   7.9810570232952543E-030   5.8026241261403364E-028  -4.5941755835526409E-017  -1.2646642217993295E-017   3.1233330403154434E-016   1.3784477683339921E-014   7.3935005024305517E-030   2.6535194140998810E-031  -7.6430429813303857E-031   5.4853942644803490E-030   2.9429458555100961E-031   8.6928694790137835E-030
   2.8197972747576964E-016  -6.4619021436733958E-017  -6.9279492795396102E-016  0.12971736760124467       -1.7999934018456743E-015   3.6222107050478926E-018  -4.4298799529341247E-017  -2.2025943002593414E-015  -1.6347149507452737E-017  -1.6325754831019819E-015  -2.7271595359225850E-016   5.4529689650395461E-016   2.7767464763553038E-017  0.20856268324341290        8.5687098769770542E-002   5.9893121669848824E-017  -1.2160498798812443E-016  -1.8454341827174658E-017   5.4747376745575129E-017  -6.2737641052249924E-018   4.2003288543809759E-017  -2.4027611565482924E-016   4.7561185474945440E-018  -1.1578958939432347E-016  -4.5941755835526409E-017   6.6765848471479664E-002   1.6794025031395133E-017  -1.0130488998681438E-016   3.8975470154095075E-017  -2.0627689272183964E-015  -3.6723951009250553E-017   1.2985579703274864E-017  -1.9955431863333736E-015   1.0491361449220038E-017  -2.1494402268115812E-015
  0.26927252099656307       -4.6411222169020702E-016  -1.9477014402344284E-016  -6.3673719169987811E-017   4.7141223322402768E-017   9.1061996472696517E-018   1.4619371375695271E-016   2.8086650308810487E-018  -6.6369952716487360E-017  -1.9446941444976645E-017  0.39286254010838806        7.2641545556528797E-017   8.8213399258851855E-017   1.1837021062273779E-016   5.4309118498335286E-016   2.5147184486651955E-015   9.7289752549261991E-017  -1.5901442930412536E-017   1.7239665591040624E-015   1.8788616039057231E-017   2.1720036946912958E-015   8.2469285063092139E-017   3.5582603373031342E-018   6.7100620382585233E-017  -1.2646642217993295E-017   1.6794025031395133E-017  0.32775657322874768       -1.3020590465193105E-016  -2.6255310859452097E-016  -3.9103406424216398E-018   1.1084933092256826E-017   7.6115660202726529E-018  -1.9343326155284170E-017   1.2358426378667833E-017   1.8183657830021439E-018
   7.6712640010917141E-016  0.26927252099656523        2.9568395529342567E-016   2.1510060772397137E-017   1.8782722345091635E-016   2.1298374175395609E-017   2.9008907132890231E-018   1.3557413607129934E-016  -2.3894839395014553E-017   1.3486314401123293E-016  -7.9186738546552227E-016  0.39286254010838217       -9.5892261145480440E-016  -1.1011475029035600E-015  -1.3431477504190482E-015   1.2359283940981217E-016   2.8413232088368522E-015   1.3306225925007374E-016   4.5523010738576864E-017  -7.0617077672579403E-019   5.2502231369996154E-017   5.3480384189787568E-015   1.5556182348512437E-016   3.2145599269546134E-015   3.1233330403154434E-016  -1.0130488998681438E-016  -1.3020590465193105E-016  0.32775657322874663        7.8943470684100792E-018   2.5088894431450079E-016  -1.4540983504790017E-017  -5.3355208965182853E-018   2.3585341080275038E-016  -3.4736606692643257E-019   2.6412862896606769E-016
  -2.6837391900805252E-016  -9.9307836801988680E-017  0.26927252099657517        7.2080435242874368E-016  -1.8650775282958723E-016  -5.6078690056037510E-018   2.1740560392192501E-017  -4.4012451939300954E-017  -4.9089223771344811E-017  -2.9501512609137634E-016   3.6756486526332011E-016  -3.2186574369305609E-016  0.39286254010836036        5.8273113434255770E-016  -1.0754942832069855E-015  -2.5133546159259957E-016   1.3103220782837050E-016   6.4865871290424563E-015  -1.1679899251602746E-016   6.6572235484017485E-017  -1.2000121591287803E-016   2.6894848834030789E-016   6.7381657661067675E-015   1.1236144737191993E-016   1.3784477683339921E-014   3.8975470154095075E-017  -2.6255310859452097E-016   7.8943470684100792E-018  0.32775657322874840       -1.0604243007242865E-017   7.3938914331909176E-018  -1.7745407581677931E-017  -6.4475879964650247E-017   5.2863699603320553E-018   4.4119375592579275E-018
  -3.2125893689050108E-018   2.0612095696578239E-016  -8.7120487612991999E-018  -5.6858202298171512E-015   3.5617755679405323E-028   2.8248282482877500E-030   1.1197900321558591E-030   3.5613109917734865E-028   2.5186426188428073E-031   3.4908835452937767E-028  -4.6870954938624073E-018   3.0072583130074207E-016  -1.2710682817771871E-017  -9.2190744109737590E-015   1.5953728817780059E-014  -1.4927208479843022E-029   1.1846889262003323E-029   1.7503052255490270E-030  -3.5907571299233858E-030  -1.2815158063916364E-031  -5.4624197340110330E-030   2.3589272414488013E-029   2.4429272011104373E-030   9.6247796270712062E-030   7.3935005024305517E-030  -2.0627689272183964E-015  -3.9103406424216398E-018   2.5088894431450079E-016  -1.0604243007242865E-017   2.5679022846385979E-028  -6.4300374267405754E-031  -5.1935022550627845E-031   2.6773343468566514E-028   2.1713627497523303E-030   2.7806885747565646E-028
   9.1069657258924619E-018  -1.1946327262128245E-017   6.0745441855739986E-018  -5.5983049101378485E-017  -1.7718247049964701E-030  -2.9497899663684739E-032   3.1948904482193325E-032  -1.4324209584184940E-030   8.8724143947115676E-033  -1.8490416457881032E-030   1.3286857769641862E-017  -1.7429422266320436E-017   8.8626230775897429E-018  -8.9303251588290918E-017  -2.1746367130955692E-016   1.6136418573040017E-031  -1.0713442098199294E-031   1.3824695683125057E-031   4.1095334244033240E-032   8.5411194799349299E-033   8.3621567075343204E-032  -2.0688226907189591E-031   1.1798763971691162E-031  -1.0700615796814142E-031   2.6535194140998810E-031  -3.6723951009250553E-017   1.1084933092256826E-017  -1.4540983504790017E-017   7.3938914331909176E-018  -6.4300374267405754E-031   3.7558954274680969E-032  -5.9998113555869598E-033  -8.0036593007705912E-031  -2.8074970912725390E-032  -7.6562845848289697E-031
   6.2533774710298856E-018  -4.3834640705516253E-018  -1.4578962028307798E-017   2.6226008585667785E-017  -5.2038412223598051E-031  -8.6165059354975943E-034  -6.2974110317801281E-033  -5.9919238776810102E-031  -1.5330494796897930E-033  -4.8151476118833489E-031   9.1235368110832403E-018  -6.3953752980708478E-018  -2.1270377064049229E-017   4.2212701379526961E-017   5.6176507072191629E-018   8.9454689927132362E-032  -7.8256419078990135E-032  -3.5808666098213561E-031   5.7405602319342983E-032  -4.1872333019831029E-033   6.6737159337510593E-032  -1.5361467645868044E-031  -3.6793972773091613E-031  -8.1508101870103747E-032  -7.6430429813303857E-031   1.2985579703274864E-017   7.6115660202726529E-018  -5.3355208965182853E-018  -1.7745407581677931E-017  -5.1935022550627845E-031  -5.9998113555869598E-033   3.8180536371392206E-033  -5.1121107571437493E-031   5.6441831198221014E-034  -5.4814498768545355E-031
  -1.5891752061552431E-017   1.9376832594650585E-016  -5.2970967356987905E-017  -5.6685806206679745E-015   3.7468057128432260E-028   3.0252856515090463E-030   1.0477995699023234E-030   3.7336931433165817E-028   2.3166418427287839E-031   3.6765629737859418E-028  -2.3185708138947273E-017   2.8270362100875103E-016  -7.7283447679184655E-017  -9.1965768332254209E-015   1.7296661056960839E-014  -1.5838028685710631E-029   1.1967948438500863E-029   7.4721481044440748E-031  -3.7292328322323840E-030  -1.6781840280187816E-031  -5.7876707131711282E-030   2.3870134127536082E-029   1.5145483132319058E-030   9.5817125137460439E-030   5.4853942644803490E-030  -1.9955431863333736E-015  -1.9343326155284170E-017   2.3585341080275038E-016  -6.4475879964650247E-017   2.6773343468566514E-028  -8.0036593007705912E-031  -5.1121107571437493E-031   2.7963486785245925E-028   2.3491223432257152E-030   2.9017744360071331E-028
   1.0153220097928566E-017  -2.8538294633875632E-019   4.3430835028463966E-018  -1.3349336906743624E-018   3.6037065328146054E-030   3.8594762299961883E-032  -4.3186174327359901E-033   3.3801146906039310E-030  -8.9085858541651301E-033   3.6014719835102149E-030   1.4813319321219159E-017  -4.1636728763609860E-019   6.3364609597597614E-018  -3.1464520882847100E-018   2.5419921149110455E-016  -7.0133706042327012E-032   6.0281955852472957E-032   1.1765025747162476E-031   4.6860346430901991E-032  -3.3322270219435220E-033   3.2372454869736281E-032   1.2038438062092886E-031   1.4419510960819886E-031   2.9217517997285926E-032   2.9429458555100961E-031   1.0491361449220038E-017   1.2358426378667833E-017  -3.4736606692643257E-019   5.2863699603320553E-018   2.1713627497523303E-030  -2.8074970912725390E-032   5.6441831198221014E-034   2.3491223432257152E-030   3.4504438145219126E-032   2.3987955944359310E-030
   1.4939012012972224E-018   2.1699818584393228E-016   3.6246826032324995E-018  -6.0159730777844187E-015   3.8747246041451898E-028   3.1023946009425240E-030   1.1569989964356676E-030   3.8675304104059240E-028   2.4583846379603510E-031   3.7997638340530910E-028   2.1795681878358679E-018   3.1659546311684602E-016   5.2883302362369103E-018  -9.7573510800310887E-015   1.7635530789210763E-014  -1.6235063199915374E-029   1.2697908094872535E-029   2.2006946233954000E-030  -3.8200292669798709E-030  -1.4741344315688108E-031  -5.8855629342778560E-030   2.5295586968940039E-029   3.0109971152943552E-030   1.0257430761656410E-029   8.6928694790137835E-030  -2.1494402268115812E-015   1.8183657830021439E-018   2.6412862896606769E-016   4.4119375592579275E-018   2.7806885747565646E-028  -7.6562845848289697E-031  -5.4814498768545355E-031   2.9017744360071331E-028   2.3987955944359310E-030   3.0125341258335321E-028
