  0.20130647629695997       -2.2185486954484696E-017  -3.4833326454022710E-016  -7.6585274222653201E-016   1.0037924816427252E-017  -4.4763062402373504E-017  -5.5146025556449404E-018  -2.2345888947651155E-017   1.5946525062688816E-017   1.1607809893641316E-016  0.23960454006480891       -3.2228361328036702E-016   4.4391076824250784E-016  -5.7813248043150587E-016   4.9791707479943463E-016  -4.1187420254884895E-015   3.0677092689956411E-017  -7.0522508057066518E-017  -1.7451471285915582E-015  -6.0719441161087224E-019  -1.3943163854983266E-015   7.6527347064408467E-017  -5.8416203755508592E-017   2.8975515477458117E-017  -8.8929380506615716E-017  -7.6161806672362399E-017  -1.1983541613193136E-016   1.2427258303021116E-017  -5.7775891607445026E-018  -1.2085836917562668E-016  -6.1720083480037110E-018  -1.2744945650352962E-016  0.19181578677599456       -8.6395101865412989E-017  -8.7144161335101205E-017
  -2.2185486954484696E-017  0.20130647629696480       -4.5247370665062444E-017  -1.9831972259512845E-016   1.5334520026102369E-016   2.8565068526053743E-017   7.6934402983027716E-018   1.1919926337091075E-016   8.6061359368111600E-018   1.3517520300840124E-016   4.1765726438667743E-016  0.23960454006479992       -5.6353666669459983E-016   2.3027377571166737E-016   1.3223322782454571E-015  -1.3438779942396842E-016   3.8886041239580049E-016   7.7694022516069296E-017  -3.3219119344094339E-017  -2.8163033751702321E-018  -5.1265983108739464E-017   1.3079382717395204E-015   7.3631139256483453E-017   7.7156642680224818E-016   1.7590454861355167E-016   2.7282006050538635E-016  -3.6527331936131895E-018  -1.6671115597875521E-017   6.8525955243818713E-019   1.4248903843046385E-017  -1.5339477134071253E-018   3.4275533954678282E-018   7.3380158286533869E-017  0.19181578677599859       -1.0310310909431913E-016
  -3.4833326454022710E-016  -4.5247370665062444E-017  0.20130647629697235        1.5379138512780895E-017  -4.1604996474019313E-016  -7.9747548830515728E-017   2.7053260479275902E-017  -4.2757038165592331E-016  -4.1887007768328939E-017  -3.8459338125902012E-016   3.3787297233026737E-016   5.3097897895667238E-016  0.23960454006479387        1.8423340428023915E-015  -1.6489420245119873E-016  -2.0065335929436597E-016  -5.5528548157757266E-017   2.4050022679865294E-015  -3.6275451437127273E-017  -2.0337879623136510E-017  -8.5395637943316842E-017  -2.1428953581133889E-016   2.3408427049323965E-015  -6.7985019032897557E-017   5.5168256483974339E-015  -1.3981565386571250E-016  -5.6012355210355684E-016   3.0894916670845141E-018   1.6888424464917594E-018  -5.6788189440003097E-016   4.1250513509555236E-018  -5.3433183068599839E-016  -1.2618023939794665E-016   2.5307085709432448E-017  0.19181578677600281     
  -7.6585274222653201E-016  -1.9831972259512845E-016   1.5379138512780895E-017  0.26080159953663373        4.8323608571754963E-015   7.7395057738100988E-017   8.4189847458715257E-017   3.5464873888144303E-015   1.1586637415006512E-016   3.5320589153306754E-015   4.7821796134829106E-016  -1.1247244695120762E-015   1.5895242262359435E-016  0.42865586758813129        5.4092549322727066E-003  -2.5393090902387461E-016   1.1425492859703110E-016   6.6099066322489883E-017  -1.8569809265356971E-016  -7.5853593353248857E-018  -7.5178913102715993E-017   4.5037093193616629E-016   2.2125551921748274E-017   1.2031309729882603E-016   1.2172777500963671E-016  0.12276765068262879       -1.4022499816195698E-015  -1.1502441072868370E-016  -3.5227189643122706E-017  -2.0705955491187834E-015  -1.8624348807079375E-017  -1.8372548646381266E-015  -3.4389734967524373E-016  -1.7754280197766644E-016   1.1093030946942683E-016
   1.0037924816427252E-017   1.5334520026102369E-016  -4.1604996474019313E-016   4.8323608571754963E-015   2.3252847935406957E-028   3.9774011193853226E-031   4.4997367816425850E-030   1.9182429056870464E-028  -6.9105407301254322E-031   1.9404698742185612E-028   1.1947615412544240E-017   1.8251874880308049E-016  -4.9520245090615495E-016   7.8798950331379295E-015   1.6565598340480858E-014  -6.6332294786677673E-030   4.8642106333004177E-030  -7.9341643378177194E-030  -1.1994812238034263E-030  -2.4984935708232713E-031  -5.6908033741063651E-030   7.1773181975836366E-030  -1.0565676572427133E-029   6.7546032290026860E-030  -1.5907935946203249E-029   2.9631909342372111E-015   5.9796855476866940E-029  -8.2839231485455396E-030  -3.1098881826100751E-030   3.2857390499903979E-029  -3.9652043341329988E-032   3.6997979263310794E-029   9.5646820791804643E-018   1.4611566789832381E-016  -3.9643509137299430E-016
  -4.4763062402373504E-017   2.8565068526053743E-017  -7.9747548830515728E-017   7.7395057738100988E-017   3.9774011193853226E-031   7.9058471945500055E-032  -9.1162406798237472E-033   1.6810847120654015E-031   7.3853337413838714E-032   9.6285743386028346E-032  -5.3279125322283444E-017   3.3999502807887303E-017  -9.4919324555868150E-017   1.2774543026009680E-016  -1.3992002277139875E-016   9.1841069468291748E-031   8.4193564019307591E-032  -8.6994093263582703E-031   3.2301930667692136E-031   6.8232887454820742E-033   3.5181390753811020E-031   4.0955836482319705E-031  -8.4410838875896223E-031   1.3305235471317483E-031  -2.0454001561173416E-030   3.0514924337223913E-017  -8.9553133370906061E-031   1.2238011232410086E-032   1.1351133076417295E-032  -9.6266109893490750E-031  -8.7176026490106216E-033  -9.0587321346476758E-031  -4.2652686546199567E-017   2.7218354791290659E-017  -7.5987812730956683E-017
  -5.5146025556449404E-018   7.6934402983027716E-018   2.7053260479275902E-017   8.4189847458715257E-017   4.4997367816425850E-030  -9.1162406798237472E-033   9.4215934044015575E-032   3.7273770657877171E-030  -3.0064820645521573E-032   3.7792105876871447E-030  -6.5637421770585979E-018   9.1570984605152918E-018   3.2200076985240831E-017   1.3705677888539833E-016   3.4842860486609045E-016  -4.4094416227314623E-032   9.2598790523001464E-032   2.6008396996773762E-031   2.9694071426272742E-032  -8.4133947144518683E-033  -9.1429741186378913E-032   1.0951064623670075E-031   1.9578832621341860E-031   1.3831391420867130E-031   6.4475803948402956E-031   5.4126214410545131E-017   1.2571136361204180E-030  -1.6685039101258342E-031  -6.2628040679140898E-032   7.3393429824589766E-031   1.2942743145764348E-033   8.1132350873638488E-031  -5.2546139966582510E-018   7.3307293981744869E-018   2.5777821653552779E-017
  -2.2345888947651155E-017   1.1919926337091075E-016  -4.2757038165592331E-016   3.5464873888144303E-015   1.9182429056870464E-028   1.6810847120654015E-031   3.7273770657877171E-030   1.5947682573792252E-028  -9.1558287071080072E-031   1.6143905935849874E-028  -2.6597139556201218E-017   1.4187663110207583E-016  -5.0891459890668314E-016   5.7738621795428258E-015   1.4582444679901179E-014  -4.4425565209959165E-030   3.9557470376459724E-030  -7.8952373792743658E-030  -2.6621209812113358E-031  -1.9298704068752364E-031  -4.5634974181582603E-030   5.0450762408309507E-030  -1.0076194389903252E-029   5.5787446022828735E-030  -1.6020533340203992E-029   2.2760853959700034E-015   5.6706455478762876E-029  -6.9872580855325903E-030  -2.6439012619311906E-030   3.4792914415580652E-029   1.5710040612311726E-032   3.7796482024873844E-029  -2.1292381390555122E-017   1.1357955743500086E-016  -4.0741237275672277E-016
   1.5946525062688816E-017   8.6061359368111600E-018  -4.1887007768328939E-017   1.1586637415006512E-016  -6.9105407301254322E-031   7.3853337413838714E-032  -3.0064820645521573E-032  -9.1558287071080072E-031   1.2235056443997514E-031  -9.7213389395646399E-031   1.8980312375252136E-017   1.0243432207480661E-017  -4.9855908342537141E-017   1.9173174287974509E-016  -3.3752311107841091E-016  -3.6105983719509961E-031   3.3169190474412444E-032  -3.8570406869885485E-031  -2.6165686986857000E-031   3.7727447219235785E-033  -3.8143400089910948E-032   3.6054819168909471E-031  -3.5091241113108788E-031   2.4517661145865926E-032  -9.5109648301815018E-031   4.0329130648542108E-017  -2.2632602924718564E-030   7.5166717834042572E-032   3.4230632814800932E-032  -2.2567734233910311E-030  -1.6199252294624420E-032  -2.1589042549686051E-030   1.5194718558038933E-017   8.2003955669336874E-018  -3.9912224875079356E-017
   1.1607809893641316E-016   1.3517520300840124E-016  -3.8459338125902012E-016   3.5320589153306754E-015   1.9404698742185612E-028   9.6285743386028346E-032   3.7792105876871447E-030   1.6143905935849874E-028  -9.7213389395646399E-031   1.6355385880956407E-028   1.3816167278310559E-016   1.6089195410289641E-016  -4.5776132950926178E-016   5.7490187367832618E-015   1.4878934337444458E-014  -7.3508568929618587E-030   4.0316089533245781E-030  -7.5042755926008143E-030  -1.4252588604611202E-030  -2.0023895700489839E-031  -5.6191016008645076E-030   5.0837777437238573E-030  -9.7235869975362550E-030   5.7071477884523135E-030  -1.5020880766439350E-029   2.2817026840699392E-015   5.8107220461959906E-029  -7.0835815716251749E-030  -2.6897421094043853E-030   3.5966813382271433E-029   1.8941062596440345E-032   3.8957349993272580E-029   1.1060554178149474E-016   1.2880230380372887E-016  -3.6646154347369773E-016
  0.23960454006480891        4.1765726438667743E-016   3.3787297233026737E-016   4.7821796134829106E-016   1.1947615412544240E-017  -5.3279125322283444E-017  -6.5637421770585979E-018  -2.6597139556201218E-017   1.8980312375252136E-017   1.3816167278310559E-016  0.28518871660631023        1.4494879544320554E-016   1.4239894392765678E-015   1.5952274577569586E-015   8.5658008608085303E-016  -4.9023226019165722E-015   3.6513334392976906E-017  -8.3939242383348404E-017  -2.0771570929231802E-015  -7.2271166035092688E-019  -1.6595816607475867E-015   9.1086487295617118E-017  -6.9529743357692337E-017   3.4488036285906517E-017  -1.0584797720615353E-016   5.7338920581872420E-016  -1.4263381036689328E-016   1.4791513739326096E-017  -6.8767613392702398E-018  -1.4385137772017454E-016  -7.3462178102907844E-018  -1.5169640325923990E-016  0.22830827012158922        3.2029590929747858E-016   6.1327387666874235E-016
  -3.2228361328036702E-016  0.23960454006479992        5.3097897895667238E-016  -1.1247244695120762E-015   1.8251874880308049E-016   3.3999502807887303E-017   9.1570984605152918E-018   1.4187663110207583E-016   1.0243432207480661E-017   1.6089195410289641E-016   1.4494879544320554E-016  0.28518871660628192        2.5350002045425600E-017  -1.1763623036936665E-015  -1.1237682593126334E-015  -1.5995474891626567E-016   4.6284015286252765E-016   9.2475119892748312E-017  -3.9538975388239322E-017  -3.3520981902994201E-018  -6.1019210756131890E-017   1.5567703225354297E-015   8.7639283050053208E-017   9.1835504860099177E-016   2.0936995789288056E-016  -2.0562766624272382E-016  -4.3476567318485951E-018  -1.9842754483979932E-017   8.1562850290448057E-019   1.6959722878975228E-017  -1.8257775065923235E-018   4.0796370289438581E-018  -1.9458266739778306E-016  0.22830827012157998        4.3453919571408577E-016
   4.4391076824250784E-016  -5.6353666669459983E-016  0.23960454006479387        1.5895242262359435E-016  -4.9520245090615495E-016  -9.4919324555868150E-017   3.2200076985240831E-017  -5.0891459890668314E-016  -4.9855908342537141E-017  -4.5776132950926178E-016   1.4239894392765678E-015   2.5350002045425600E-017  0.28518871660625683        2.4136283808422045E-015   2.5346937415302051E-015  -2.3882716915307232E-016  -6.6092718359331671E-017   2.8625480554614678E-015  -4.3176767171736522E-017  -2.4207111378800992E-017  -1.0164194878044841E-016  -2.5505759483380760E-016   2.7861822927740063E-015  -8.0919002291030116E-017   6.5663882077588463E-015   1.3855901562071874E-017  -6.6668568518005137E-016   3.6772598852386448E-018   2.0101405830407171E-018  -6.7592003308483578E-016   4.9098322610906686E-018  -6.3598715197133227E-016   6.6783578631044281E-016  -4.5552980152431057E-016  0.22830827012157068     
  -5.7813248043150587E-016   2.3027377571166737E-016   1.8423340428023915E-015  0.42865586758813129        7.8798950331379295E-015   1.2774543026009680E-016   1.3705677888539833E-016   5.7738621795428258E-015   1.9173174287974509E-016   5.7490187367832618E-015   1.5952274577569586E-015  -1.1763623036936665E-015   2.4136283808422045E-015  0.70457026989396421        1.6307230687504378E-003  -4.1646580151075177E-016   1.8676101419864848E-016   1.1051232079696471E-016  -3.0621977515551339E-016  -1.2401597480523715E-017  -1.2163978368977067E-016   7.4138479974956393E-016   3.9095464595216438E-017   1.9607410463459009E-016   2.0311131524630392E-016  0.20147846935785099       -2.3420661921530579E-015  -1.8635045221973133E-016  -5.6817739043134788E-017  -3.4341339617199484E-015  -3.0750232282404714E-017  -3.0505667874609084E-015   8.8001622129223102E-017   2.4308960498661086E-016   1.9087206686692140E-015
   4.9791707479943463E-016   1.3223322782454571E-015  -1.6489420245119873E-016   5.4092549322727066E-003   1.6565598340480858E-014  -1.3992002277139875E-016   3.4842860486609045E-016   1.4582444679901179E-014  -3.3752311107841091E-016   1.4878934337444458E-014   8.5658008608085303E-016  -1.1237682593126334E-015   2.5346937415302051E-015   1.6307230687504378E-003   1.9091507691990086       -2.4122492480673786E-016   2.7305957094043133E-016  -4.9069385780128352E-016   2.6034094688189044E-016  -1.7451199195829050E-017  -5.0773423042817151E-016  -2.9333530482484404E-016  -7.1732800845102184E-016   4.4257228236684466E-016  -7.9644547878754039E-016   8.2366346148469813E-002   9.7831529366083216E-015  -7.1359933444404142E-016  -2.8524360896970932E-016   8.0782220011986081E-015   3.6186420187756975E-017   8.0708829867487139E-015  -7.5160437011014552E-016  -2.5775754234467863E-017   1.1586302510046165E-015
  -4.1187420254884895E-015  -1.3438779942396842E-016  -2.0065335929436597E-016  -2.5393090902387461E-016  -6.6332294786677673E-030   9.1841069468291748E-031  -4.4094416227314623E-032  -4.4425565209959165E-030  -3.6105983719509961E-031  -7.3508568929618587E-030  -4.9023226019165722E-015  -1.5995474891626567E-016  -2.3882716915307232E-016  -4.1646580151075177E-016  -2.4122492480673786E-016   8.4835820044799110E-029  -9.7660372730304278E-031  -1.0097100270677251E-030   3.5912295876417723E-029   4.4098288978091590E-032   2.8782897524050970E-029  -2.6264057473813578E-030  -1.1200275852651184E-030  -1.2116943644317735E-030  -3.8166244965538716E-030  -1.2939919562900129E-016   3.1650949972489000E-030  -4.6312084196549161E-032   1.8553407650480900E-031   4.0415624377867174E-030   1.3680529964718215E-031   3.9245112004680485E-030  -3.9245619747523202E-015  -1.2805202273560422E-016  -1.9119346128496466E-016
   3.0677092689956411E-017   3.8886041239580049E-016  -5.5528548157757266E-017   1.1425492859703110E-016   4.8642106333004177E-030   8.4193564019307591E-032   9.2598790523001464E-032   3.9557470376459724E-030   3.3169190474412444E-032   4.0316089533245781E-030   3.6513334392976906E-017   4.6284015286252765E-016  -6.6092718359331671E-017   1.8676101419864848E-016   2.7305957094043133E-016  -9.7660372730304278E-031   8.5958342701864505E-031  -5.6487881772636024E-031  -3.6399741149021796E-031  -5.6979636130059635E-033  -3.9266161766219204E-031   2.7516806573385073E-030  -6.0445472504407181E-031   1.6286991117870340E-030  -1.2554869920674055E-030   6.5101433489628731E-017   9.0618799290895587E-031  -1.8239861792133320E-031  -5.5797494417415218E-032   4.1017297940487462E-031  -8.0148952402490397E-033   4.7950833488564102E-031   2.9230806571984030E-017   3.7052740339911428E-016  -5.2910628358008456E-017
  -7.0522508057066518E-017   7.7694022516069296E-017   2.4050022679865294E-015   6.6099066322489883E-017  -7.9341643378177194E-030  -8.6994093263582703E-031   2.6008396996773762E-031  -7.8952373792743658E-030  -3.8570406869885485E-031  -7.5042755926008143E-030  -8.3939242383348404E-017   9.2475119892748312E-017   2.8625480554614678E-015   1.1051232079696471E-016  -4.9069385780128352E-016  -1.0097100270677251E-030  -5.6487881772636024E-031   2.8930764474868947E-029   5.0003081571998252E-032  -2.4131514568241175E-031  -4.4012699007651303E-031  -1.8899613949676729E-030   2.8205479122900043E-029  -6.0751979969254919E-031   6.6245180470749062E-029   1.0540906144957519E-017  -9.5357577454759896E-030   1.8028892373578962E-031   8.6871594626614298E-032  -9.3546863453128952E-030   3.6704967643484504E-032  -8.8934539011894639E-030  -6.7197690890118299E-017   7.4031100890800892E-017   2.2916172927857539E-015
  -1.7451471285915582E-015  -3.3219119344094339E-017  -3.6275451437127273E-017  -1.8569809265356971E-016  -1.1994812238034263E-030   3.2301930667692136E-031   2.9694071426272742E-032  -2.6621209812113358E-031  -2.6165686986857000E-031  -1.4252588604611202E-030  -2.0771570929231802E-015  -3.9538975388239322E-017  -4.3176767171736522E-017  -3.0621977515551339E-016   2.6034094688189044E-016   3.5912295876417723E-029  -3.6399741149021796E-031   5.0003081571998252E-032   1.5309667531247074E-029   1.2401145624800466E-032   1.2094804057048269E-029  -1.2032058384921629E-030  -4.2643117191875772E-032  -3.9102689884516565E-031  -4.4946516611737994E-031  -7.6367707265076227E-017   3.4967632638289062E-030  -1.2206338350009156E-031   3.5378029337817914E-032   3.7459286228996667E-030   7.1337957147264440E-032   3.6309768820110420E-030  -1.6628713376158418E-015  -3.1652988171097640E-017  -3.4565228034704340E-017
  -6.0719441161087224E-019  -2.8163033751702321E-018  -2.0337879623136510E-017  -7.5853593353248857E-018  -2.4984935708232713E-031   6.8232887454820742E-033  -8.4133947144518683E-033  -1.9298704068752364E-031   3.7727447219235785E-033  -2.0023895700489839E-031  -7.2271166035092688E-019  -3.3520981902994201E-018  -2.4207111378800992E-017  -1.2401597480523715E-017  -1.7451199195829050E-017   4.4098288978091590E-032  -5.6979636130059635E-033  -2.4131514568241175E-031   1.2401145624800466E-032   2.4732391777668785E-033   2.0322296501421583E-032  -7.2365150758619260E-033  -2.3148905279625770E-031  -1.1499135435825057E-032  -5.5585707285768461E-031  -4.2937563278216079E-018   8.8971713382026270E-033   9.6719220365520349E-033   3.4391792681347004E-033   4.4191617852159054E-032  -1.6629986952521795E-034   3.4297008202109505E-032  -5.7856794243082122E-019  -2.6835274137492944E-018  -1.9379040620196090E-017
  -1.3943163854983266E-015  -5.1265983108739464E-017  -8.5395637943316842E-017  -7.5178913102715993E-017  -5.6908033741063651E-030   3.5181390753811020E-031  -9.1429741186378913E-032  -4.5634974181582603E-030  -3.8143400089910948E-032  -5.6191016008645076E-030  -1.6595816607475867E-015  -6.1019210756131890E-017  -1.0164194878044841E-016  -1.2163978368977067E-016  -5.0773423042817151E-016   2.8782897524050970E-029  -3.9266161766219204E-031  -4.4012699007651303E-031   1.2094804057048269E-029   2.0322296501421583E-032   9.8626672442071538E-030  -8.2180961014355691E-031  -4.2320242645533067E-031  -5.1971286149936445E-031  -1.5923639866965491E-030  -5.6553123640221235E-017  -1.1289076224484042E-030   1.3859248466995858E-031   1.2471884315040243E-031  -4.8205114774290469E-031   3.7061721416647516E-032  -5.1190926353611725E-031  -1.3285806766816937E-015  -4.8849023964541118E-017  -8.1369619997579637E-017
   7.6527347064408467E-017   1.3079382717395204E-015  -2.1428953581133889E-016   4.5037093193616629E-016   7.1773181975836366E-030   4.0955836482319705E-031   1.0951064623670075E-031   5.0450762408309507E-030   3.6054819168909471E-031   5.0837777437238573E-030   9.1086487295617118E-017   1.5567703225354297E-015  -2.5505759483380760E-016   7.4138479974956393E-016  -2.9333530482484404E-016  -2.6264057473813578E-030   2.7516806573385073E-030  -1.8899613949676729E-030  -1.2032058384921629E-030  -7.2365150758619260E-033  -8.2180961014355691E-031   9.5809244374748274E-030  -1.8836078168658814E-030   5.2344353584324631E-030  -4.4266546814952428E-030   1.9934859897919028E-016  -3.4502679329604537E-030  -1.9275098246012423E-031  -1.5265390464800084E-032  -4.2121163498355476E-030  -5.4664276057882650E-032  -3.9157644476841413E-030   7.2919428907916556E-017   1.2462749001579871E-015  -2.0418675377775051E-016
  -5.8416203755508592E-017   7.3631139256483453E-017   2.3408427049323965E-015   2.2125551921748274E-017  -1.0565676572427133E-029  -8.4410838875896223E-031   1.9578832621341860E-031  -1.0076194389903252E-029  -3.5091241113108788E-031  -9.7235869975362550E-030  -6.9529743357692337E-017   8.7639283050053208E-017   2.7861822927740063E-015   3.9095464595216438E-017  -7.1732800845102184E-016  -1.1200275852651184E-030  -6.0445472504407181E-031   2.8205479122900043E-029  -4.2643117191875772E-032  -2.3148905279625770E-031  -4.2320242645533067E-031  -1.8836078168658814E-030   2.7535555901299712E-029  -6.7200151186378334E-031   6.4551927173971315E-029  -1.9596644525106552E-017  -1.0288123872835377E-029   2.8387516039603843E-031   1.2555209314304597E-031  -9.7923638025724914E-030   3.3865958619098036E-032  -9.3799056334347500E-030  -5.5662144059884455E-017   7.0159764193879048E-017   2.2304825628316228E-015
   2.8975515477458117E-017   7.7156642680224818E-016  -6.7985019032897557E-017   1.2031309729882603E-016   6.7546032290026860E-030   1.3305235471317483E-031   1.3831391420867130E-031   5.5787446022828735E-030   2.4517661145865926E-032   5.7071477884523135E-030   3.4488036285906517E-017   9.1835504860099177E-016  -8.0919002291030116E-017   1.9607410463459009E-016   4.4257228236684466E-016  -1.2116943644317735E-030   1.6286991117870340E-030  -6.0751979969254919E-031  -3.9102689884516565E-031  -1.1499135435825057E-032  -5.1971286149936445E-031   5.2344353584324631E-030  -6.7200151186378334E-031   3.1413369542934441E-030  -1.3297563035148048E-030   7.5035558220806584E-017   1.7729730032178512E-030  -2.8016565008919763E-031  -8.0613247000305252E-032   1.1459078644585752E-030  -8.3217475831985944E-033   1.1969899991016950E-030   2.7609451026055276E-017   7.3519056082772702E-016  -6.4779832992252676E-017
  -8.8929380506615716E-017   1.7590454861355167E-016   5.5168256483974339E-015   1.2172777500963671E-016  -1.5907935946203249E-029  -2.0454001561173416E-030   6.4475803948402956E-031  -1.6020533340203992E-029  -9.5109648301815018E-031  -1.5020880766439350E-029  -1.0584797720615353E-016   2.0936995789288056E-016   6.5663882077588463E-015   2.0311131524630392E-016  -7.9644547878754039E-016  -3.8166244965538716E-030  -1.2554869920674055E-030   6.6245180470749062E-029  -4.4946516611737994E-031  -5.5585707285768461E-031  -1.5923639866965491E-030  -4.4266546814952428E-030   6.4551927173971315E-029  -1.3297563035148048E-030   1.5177339471866841E-028   2.3894898755047284E-017  -2.0061606464702876E-029   3.0858036957888080E-031   1.5206618415451734E-031  -1.9862331232201167E-029   9.0434429734820370E-032  -1.8835424728152166E-029  -8.4736762587874077E-017   1.6761144504864860E-016   5.2567322806459612E-015
  -7.6161806672362399E-017   2.7282006050538635E-016  -1.3981565386571250E-016  0.12276765068262879        2.9631909342372111E-015   3.0514924337223913E-017   5.4126214410545131E-017   2.2760853959700034E-015   4.0329130648542108E-017   2.2817026840699392E-015   5.7338920581872420E-016  -2.0562766624272382E-016   1.3855901562071874E-017  0.20147846935785099        8.2366346148469813E-002  -1.2939919562900129E-016   6.5101433489628731E-017   1.0540906144957519E-017  -7.6367707265076227E-017  -4.2937563278216079E-018  -5.6553123640221235E-017   1.9934859897919028E-016  -1.9596644525106552E-017   7.5035558220806584E-017   2.3894898755047284E-017   6.1128064819035190E-002  -2.4981816531230113E-016  -8.3882676765080743E-017  -2.8478518561481865E-017  -6.3513615603966661E-016  -7.2379115391277879E-018  -5.2580444767801590E-016   5.7462644980734136E-017   2.1156700456889324E-016  -3.2973485943697258E-017
  -1.1983541613193136E-016  -3.6527331936131895E-018  -5.6012355210355684E-016  -1.4022499816195698E-015   5.9796855476866940E-029  -8.9553133370906061E-031   1.2571136361204180E-030   5.6706455478762876E-029  -2.2632602924718564E-030   5.8107220461959906E-029  -1.4263381036689328E-016  -4.3476567318485951E-018  -6.6668568518005137E-016  -2.3420661921530579E-015   9.7831529366083216E-015   3.1650949972489000E-030   9.0618799290895587E-031  -9.5357577454759896E-030   3.4967632638289062E-030   8.8971713382026270E-033  -1.1289076224484042E-030  -3.4502679329604537E-030  -1.0288123872835377E-029   1.7729730032178512E-030  -2.0061606464702876E-029  -2.4981816531230113E-016   5.9603140062583670E-029  -3.0527962994888699E-030  -1.2742300867843077E-030   5.4526602089392169E-029   2.8034110285027137E-031   5.3120172719841546E-029  -1.1418571847171149E-016  -3.4805233507912609E-018  -5.3371626097122159E-016
   1.2427258303021116E-017  -1.6671115597875521E-017   3.0894916670845141E-018  -1.1502441072868370E-016  -8.2839231485455396E-030   1.2238011232410086E-032  -1.6685039101258342E-031  -6.9872580855325903E-030   7.5166717834042572E-032  -7.0835815716251749E-030   1.4791513739326096E-017  -1.9842754483979932E-017   3.6772598852386448E-018  -1.8635045221973133E-016  -7.1359933444404142E-016  -4.6312084196549161E-032  -1.8239861792133320E-031   1.8028892373578962E-031  -1.2206338350009156E-031   9.6719220365520349E-033   1.3859248466995858E-031  -1.9275098246012423E-031   2.8387516039603843E-031  -2.8016565008919763E-031   3.0858036957888080E-031  -8.3882676765080743E-017  -3.0527962994888699E-030   3.1788889689164668E-031   1.2114466509347100E-031  -2.1296838335955923E-030  -5.6017453640681971E-033  -2.2270554696021380E-030   1.1841369302725020E-017  -1.5885147927991603E-017   2.9438361137740039E-018
  -5.7775891607445026E-018   6.8525955243818713E-019   1.6888424464917594E-018  -3.5227189643122706E-017  -3.1098881826100751E-030   1.1351133076417295E-032  -6.2628040679140898E-032  -2.6439012619311906E-030   3.4230632814800932E-032  -2.6897421094043853E-030  -6.8767613392702398E-018   8.1562850290448057E-019   2.0101405830407171E-018  -5.6817739043134788E-017  -2.8524360896970932E-016   1.8553407650480900E-031  -5.5797494417415218E-032   8.6871594626614298E-032   3.5378029337817914E-032   3.4391792681347004E-033   1.2471884315040243E-031  -1.5265390464800084E-032   1.2555209314304597E-031  -8.0613247000305252E-032   1.5206618415451734E-031  -2.8478518561481865E-017  -1.2742300867843077E-030   1.2114466509347100E-031   4.7342854709995675E-032  -9.3190168488818078E-031  -2.7284350861298234E-033  -9.6117080762937974E-031  -5.5052019732430934E-018   6.5295266508383126E-019   1.6092211665191964E-018
  -1.2085836917562668E-016   1.4248903843046385E-017  -5.6788189440003097E-016  -2.0705955491187834E-015   3.2857390499903979E-029  -9.6266109893490750E-031   7.3393429824589766E-031   3.4792914415580652E-029  -2.2567734233910311E-030   3.5966813382271433E-029  -1.4385137772017454E-016   1.6959722878975228E-017  -6.7592003308483578E-016  -3.4341339617199484E-015   8.0782220011986081E-015   4.0415624377867174E-030   4.1017297940487462E-031  -9.3546863453128952E-030   3.7459286228996667E-030   4.4191617852159054E-032  -4.8205114774290469E-031  -4.2121163498355476E-030  -9.7923638025724914E-030   1.1459078644585752E-030  -1.9862331232201167E-029  -6.3513615603966661E-016   5.4526602089392169E-029  -2.1296838335955923E-030  -9.3190168488818078E-031   5.2662688484285105E-029   2.9540801584831945E-031   5.0666852839071201E-029  -1.1516044390787602E-016   1.3577132497796102E-017  -5.4110883253201241E-016
  -6.1720083480037110E-018  -1.5339477134071253E-018   4.1250513509555236E-018  -1.8624348807079375E-017  -3.9652043341329988E-032  -8.7176026490106216E-033   1.2942743145764348E-033   1.5710040612311726E-032  -1.6199252294624420E-032   1.8941062596440345E-032  -7.3462178102907844E-018  -1.8257775065923235E-018   4.9098322610906686E-018  -3.0750232282404714E-017   3.6186420187756975E-017   1.3680529964718215E-031  -8.0148952402490397E-033   3.6704967643484504E-032   7.1337957147264440E-032  -1.6629986952521795E-034   3.7061721416647516E-032  -5.4664276057882650E-032   3.3865958619098036E-032  -8.3217475831985944E-033   9.0434429734820370E-032  -7.2379115391277879E-018   2.8034110285027137E-031  -5.6017453640681971E-033  -2.7284350861298234E-033   2.9540801584831945E-031   2.3160972557892706E-033   2.7948341604613928E-031  -5.8810260804223626E-018  -1.4616290192590913E-018   3.9305738440708570E-018
  -1.2744945650352962E-016   3.4275533954678282E-018  -5.3433183068599839E-016  -1.8372548646381266E-015   3.6997979263310794E-029  -9.0587321346476758E-031   8.1132350873638488E-031   3.7796482024873844E-029  -2.1589042549686051E-030   3.8957349993272580E-029  -1.5169640325923990E-016   4.0796370289438581E-018  -6.3598715197133227E-016  -3.0505667874609084E-015   8.0708829867487139E-015   3.9245112004680485E-030   4.7950833488564102E-031  -8.8934539011894639E-030   3.6309768820110420E-030   3.4297008202109505E-032  -5.1190926353611725E-031  -3.9157644476841413E-030  -9.3799056334347500E-030   1.1969899991016950E-030  -1.8835424728152166E-029  -5.2580444767801590E-016   5.3120172719841546E-029  -2.2270554696021380E-030  -9.6117080762937974E-031   5.0666852839071201E-029   2.7948341604613928E-031   4.8886255153067590E-029  -1.2144079129047040E-016   3.2659597612616683E-018  -5.0914050252061997E-016
  0.19181578677599456        7.3380158286533869E-017  -1.2618023939794665E-016  -3.4389734967524373E-016   9.5646820791804643E-018  -4.2652686546199567E-017  -5.2546139966582510E-018  -2.1292381390555122E-017   1.5194718558038933E-017   1.1060554178149474E-016  0.22830827012158922       -1.9458266739778306E-016   6.6783578631044281E-016   8.8001622129223102E-017  -7.5160437011014552E-016  -3.9245619747523202E-015   2.9230806571984030E-017  -6.7197690890118299E-017  -1.6628713376158418E-015  -5.7856794243082122E-019  -1.3285806766816937E-015   7.2919428907916556E-017  -5.5662144059884455E-017   2.7609451026055276E-017  -8.4736762587874077E-017   5.7462644980734136E-017  -1.1418571847171149E-016   1.1841369302725020E-017  -5.5052019732430934E-018  -1.1516044390787602E-016  -5.8810260804223626E-018  -1.2144079129047040E-016  0.18277254032412588        7.7430105151672143E-018   1.1298798358877693E-016
  -8.6395101865412989E-017  0.19181578677599859        2.5307085709432448E-017  -1.7754280197766644E-016   1.4611566789832381E-016   2.7218354791290659E-017   7.3307293981744869E-018   1.1357955743500086E-016   8.2003955669336874E-018   1.2880230380372887E-016   3.2029590929747858E-016  0.22830827012157998       -4.5552980152431057E-016   2.4308960498661086E-016  -2.5775754234467863E-017  -1.2805202273560422E-016   3.7052740339911428E-016   7.4031100890800892E-017  -3.1652988171097640E-017  -2.6835274137492944E-018  -4.8849023964541118E-017   1.2462749001579871E-015   7.0159764193879048E-017   7.3519056082772702E-016   1.6761144504864860E-016   2.1156700456889324E-016  -3.4805233507912609E-018  -1.5885147927991603E-017   6.5295266508383126E-019   1.3577132497796102E-017  -1.4616290192590913E-018   3.2659597612616683E-018   7.7430105151672143E-018  0.18277254032412921       -3.3050096224599748E-017
  -8.7144161335101205E-017  -1.0310310909431913E-016  0.19181578677600281        1.1093030946942683E-016  -3.9643509137299430E-016  -7.5987812730956683E-017   2.5777821653552779E-017  -4.0741237275672277E-016  -3.9912224875079356E-017  -3.6646154347369773E-016   6.1327387666874235E-016   4.3453919571408577E-016  0.22830827012157068        1.9087206686692140E-015   1.1586302510046165E-015  -1.9119346128496466E-016  -5.2910628358008456E-017   2.2916172927857539E-015  -3.4565228034704340E-017  -1.9379040620196090E-017  -8.1369619997579637E-017  -2.0418675377775051E-016   2.2304825628316228E-015  -6.4779832992252676E-017   5.2567322806459612E-015  -3.2973485943697258E-017  -5.3371626097122159E-016   2.9438361137740039E-018   1.6092211665191964E-018  -5.4110883253201241E-016   3.9305738440708570E-018  -5.0914050252061997E-016   1.1298798358877693E-016  -3.3050096224599748E-017  0.18277254032413040     
