  0.27796709584919538        7.2574330200717882E-009  -3.3292317589434472E-009  -1.8473961153670071E-007  -2.4330952677236318E-008  -2.9991879180857731E-009  -4.2734278053578024E-008   8.0497467268216420E-009  -8.1469092005026339E-009   1.6281207331880669E-008  0.25525873806529026       -2.6800332375818110E-009  -2.1704642853536196E-009   5.7683310319295052E-008  -1.0347789599831734E-002  -1.1396678704626246E-009   2.2260565047152079E-010   4.8198273275359529E-008   6.6026600020496084E-009  -1.3789024920868439E-010  -1.8196164639510532E-011  -1.3947840712072477E-010   2.1574673666927440E-010  -2.8604637463933146E-010  -3.0860489675316012E-011  -1.3623187410136756E-010   1.7913068654063251E-010   2.0097101922637336E-010  -2.9555195578980809E-011  -1.1915190392276933E-008  -2.4614637244857888E-009  -1.4081501943064462E-008   4.9545356588114104E-009  -2.5103964016641894E-009   6.9606562535741422E-009   1.9583196220928186E-008   7.9089772525186355E-002   1.3972203461816075E-011  -7.5234298982349764E-010  -1.4836741881588748E-009  -1.2719356143022891E-009  -1.2989885571089097E-009   4.2481708270830436E-010  -6.7781726697596900E-010   1.0588571789036693E-009
   7.2574330200717882E-009  0.27796709280923504        4.1855775976684264E-009  -1.2216898856466721E-007  -5.5582238163503500E-009  -4.3809597346609463E-008  -6.2174546558845742E-009   2.7527914571812798E-008  -4.0415226032663921E-008  -2.1969691763614017E-008   2.7597469600576944E-009  0.25525873803701127       -1.0776566628556198E-009   3.7919773725821912E-008  -6.4594407718888596E-010  -1.0347789336679347E-002  -6.5651520820738721E-010   3.6377501418383460E-008   4.9260218587650623E-009   1.4926735614858329E-010   4.8568792978419322E-010   1.4535273330289988E-011  -2.7565669890781521E-010   2.6301660379136625E-010   7.5391003221809129E-011   2.8465550789069535E-011  -2.9436263383302280E-010  -5.2376999111606703E-010   2.0857097359966929E-010  -1.0982784133321052E-009  -1.7897986533384533E-008  -1.6869979492126930E-009   7.5340669465940612E-009  -1.3343111728358005E-008  -6.4357886728629720E-009   8.1836615535722716E-009   1.1028374073565557E-009   7.9089772302244357E-002   1.0774468523720504E-010   1.2163935811341748E-010  -3.1952929264654718E-009  -4.6442593333296125E-010   1.1740513287640392E-009  -1.1100978178195494E-009  -1.2956907725555993E-009
  -3.3292317589434472E-009   4.1855775976684264E-009  0.27796707931280595        1.2566932111023754E-007   1.5773488658995188E-008  -3.7311615673368488E-010  -5.0886547555901479E-008   1.9129269882578085E-008  -1.0911389858029193E-008  -3.4902759638937411E-008   2.1672669189493342E-009   1.1073485817364593E-009  0.25525873785822800       -1.8062721068565532E-008   5.8163583932435913E-010  -4.6736909885781891E-010  -1.0347787822152076E-002  -3.8502362793876421E-008  -5.1671561294094068E-009   8.6091004943086822E-011   4.0060389651726112E-011   2.0711813807734299E-010   2.4049736362710031E-010   1.4922166229484511E-010  -3.5600131370999749E-010  -4.1669282222295512E-011  -2.8439559419915283E-010   1.5846260763696173E-011   5.7628242646785070E-011   5.3009392716698204E-009  -5.2810600701559507E-010  -1.9771119345642687E-008   6.2782898762249223E-009  -4.9376710120457816E-009  -1.1579232048043267E-008  -9.3594816689866390E-010   1.8249121319494096E-010   5.5701395040466652E-010   7.9089771429487976E-002   1.4498848945199416E-011  -7.2955987009679929E-011  -3.7481281356892661E-009   2.8317219156573658E-010  -1.8832266623647455E-009  -2.9767183001602218E-010
  -1.8473961153670071E-007  -1.2216898856466721E-007   1.2566932111023754E-007  0.29553883293857303       -1.3065583469570823E-009   1.2071410063099983E-009   9.8917675687095103E-010  -9.4734128818639026E-011   1.2380847147657610E-009   1.4012438324438606E-009  -2.9716231463845767E-008   1.9906788332040270E-008  -6.8152028328972571E-008  0.49167831355953090        6.1373271262484251E-009   7.2019047665981681E-009  -9.9877535854454501E-009   4.3701281165235781E-003  -4.6816660299950932E-004   3.2482380364177665E-009  -1.4214381321453040E-009  -1.2154436093775355E-009  -1.9780270159391400E-009  -1.1711520649494140E-009  -2.3799460338103522E-009   3.8995432010306358E-009  -6.7855531316655624E-010  -3.8103465689879834E-009   1.4117024058223100E-009  -7.1063987687447595E-010   6.8164184654134125E-010   3.3914019412579827E-010   3.6708416500179341E-010   9.6062895706948618E-010   3.4349787515706593E-010   6.6340052334504185E-002  -6.3500433999059442E-010   8.9700746221408201E-009  -2.2318698719827206E-008  -1.8643293049151997E-010   2.8125549117333770E-010   6.4871882384422656E-011   1.4285428855963256E-010   3.5979850608250288E-010   4.3566065509874615E-011
  -2.4330952677236318E-008  -5.5582238163503500E-009   1.5773488658995188E-008  -1.3065583469570823E-009   3.1482025939079342E-015   1.1123343726191528E-015   9.7375007484904839E-016  -1.7209933576336970E-016   8.9632077109296658E-016  -2.9761032020062080E-015  -2.2348448387388923E-008  -5.1035427941069077E-009   1.4485744913837525E-008  -2.1736220710202889E-009   4.2935797570881432E-009  -1.8749709295305437E-010  -1.1479439959075633E-009  -5.1270650896785510E-011   6.0159170388641202E-013  -3.6477354373150539E-019   4.1178377500733466E-019   2.9024763781112027E-017   9.0270492776904684E-018   3.3404244841576335E-017  -8.5273382669836109E-018  -8.2540722648687029E-018  -2.2895616356820173E-017   1.0660197041166809E-017  -4.5667048108238745E-018   1.3545516223120095E-015   5.4122243238970689E-016   1.3908437607699184E-016  -2.2300664677723066E-016   2.0321365275897863E-016  -1.1315450185528508E-015  -2.9526249965764772E-010  -6.6539653184347714E-009  -1.6127831560147777E-009   4.4435109287270318E-009   9.1992134518589672E-017   1.7182146785124535E-016  -1.0040226861050889E-016  -2.8546340400067026E-017  -2.4517287637006962E-017  -6.3445788480195883E-017
  -2.9991879180857731E-009  -4.3809597346609463E-008  -3.7311615673368488E-010   1.2071410063099983E-009   1.1123343726191528E-015   6.9465816905890281E-015   1.5133940894543863E-015  -4.4507514084525150E-015   6.4786413804752244E-015   3.3384169798148280E-015  -2.7548788913113482E-009  -4.0234748029710940E-008  -3.4246381401217033E-010   2.0082419826413083E-009   5.7374446170317868E-010   4.3355742282122321E-009  -9.7451302754823440E-011   1.7088181607084062E-011  -2.0398484193619538E-012  -8.8716144001969418E-018  -8.2176642364706792E-017  -6.0247564431633323E-018   3.2672920980922861E-017  -4.3350897788928013E-017  -2.0768751785507514E-017   1.2967039181060222E-017   4.2031599743350314E-017   6.4761577531368083E-017  -2.6837943253556147E-017   2.8991008945577166E-016   2.8418263517975968E-015   4.4537590477273785E-016  -1.2482004161276137E-015   2.1361518173478073E-015   9.5829009488965179E-016   2.7091600996983194E-010  -8.1667832758819571E-010  -1.2250431871355105E-008  -1.1500007208623010E-010  -7.8621126523963482E-018   4.9569876849344959E-016   9.1650046990095076E-017  -1.9073173885824722E-016   1.7419415048453692E-016   1.9859381332848637E-016
  -4.2734278053578024E-008  -6.2174546558845742E-009  -5.0886547555901479E-008   9.8917675687095103E-010   9.7375007484904839E-016   1.5133940894543863E-015   1.6032548069116298E-014  -5.3571829663989812E-015   4.1586456284318146E-015   4.3834327419155276E-015  -3.9244495917185764E-008  -5.7095075630686518E-009  -4.6733671669688598E-008   1.6456064476048689E-009   2.4831097326253691E-009   2.2266520495050049E-010   4.6753476719149076E-009   2.5109640614541141E-011  -5.6532360977919539E-013   1.2988018143621825E-017  -2.0160779246400236E-017  -2.0818499520964635E-017  -7.7633684472430072E-017   6.8527781302921415E-018   6.0226085682183673E-017   4.0999382353882839E-017   2.8831195925586344E-017  -3.4848453183921250E-017  -5.9777413932910380E-018   8.8283858233879403E-016   8.7762177750317036E-016   5.8127023144506131E-015  -2.0736920774072004E-015   1.5912258039199713E-015   1.1908535990269404E-015   2.2268318713950919E-010  -1.2088331262983380E-008  -1.7697449205970210E-009  -1.4257974283531328E-008   2.2052053186839182E-016   2.8138849710879288E-016   8.6939526196139097E-016  -1.3068670985250817E-016   4.7477079130910400E-016  -8.9833730080146583E-017
   8.0497467268216420E-009   2.7527914571812798E-008   1.9129269882578085E-008  -9.4734128818639026E-011  -1.7209933576336970E-016  -4.4507514084525150E-015  -5.3571829663989812E-015   4.2776884349528062E-015  -4.9894002546718774E-015  -4.1055892221959212E-015   7.3946157591832551E-009   2.5277849156570025E-008   1.7567385959868090E-008  -1.5760196768564213E-010  -1.9214105985779757E-009  -2.5023075580384215E-010  -1.2790228458945987E-009   2.9982838826421301E-012  -2.8406580106913944E-013   1.5660154221338636E-017   5.0804908059153927E-017   1.2039365229491169E-017  -3.8839733063002847E-018   2.8417811180791976E-017  -1.7130095092139587E-017  -5.2450444950290285E-018  -4.3341129401444583E-017  -4.3757326093949042E-017   2.3332976935091900E-017  -8.2743961704720482E-017  -1.8826976224647376E-015  -1.9310573330363903E-015   1.3172429942770286E-015  -1.7356002397683823E-015  -1.2344991820647750E-015  -2.0990214150292282E-011   2.1616649771732811E-009   7.8939751947757950E-009   5.3978401006317568E-009  -1.4168861163848469E-017  -3.6434447280136119E-016  -3.2958714423002923E-016   1.3701452345005123E-016  -2.6294647580539918E-016  -1.2284571843065845E-016
  -8.1469092005026339E-009  -4.0415226032663921E-008  -1.0911389858029193E-008   1.2380847147657610E-009   8.9632077109296658E-016   6.4786413804752244E-015   4.1586456284318146E-015  -4.9894002546718774E-015   6.5489872136652683E-015   4.0930794281452389E-015  -7.4813602268335670E-009  -3.7114916281744524E-008  -1.0020504605938360E-008   2.0597000430997080E-009   3.0909075318580790E-010   2.4096398161983751E-009   7.4093931850872653E-010   2.5599879212305131E-011  -1.8505454709454242E-012  -7.4285942266627511E-018  -7.7598124582934723E-017  -1.1239077848569890E-017   1.6016668584961897E-017  -4.0620512687067327E-017  -6.0464757090433634E-018   1.7827529976761886E-017   4.5853884948410708E-017   5.3663853823848045E-017  -2.5801504400522111E-017   2.9825071260008218E-016   2.6950015192146692E-015   1.4344368249267920E-015  -1.4856135823795741E-015   2.2098936619612741E-015   1.1873627153932398E-015   2.7835907759067413E-010  -2.3175727122821782E-009  -1.1427472129798992E-008  -3.0780401071001957E-009   2.5726221940762154E-017   4.9834881890158358E-016   2.5028057150039785E-016  -1.9387450872209699E-016   2.5258050342837023E-016   1.6814827502332267E-016
   1.6281207331880669E-008  -2.1969691763614017E-008  -3.4902759638937411E-008   1.4012438324438606E-009  -2.9761032020062080E-015   3.3384169798148280E-015   4.3834327419155276E-015  -4.1055892221959212E-015   4.0930794281452389E-015   7.0816924910814885E-015   1.4953833892743377E-008  -2.0174307284705705E-008  -3.2053131881849894E-008   2.3311429106223688E-009  -2.3721665720209548E-009   4.3772555943781959E-010   2.4269671817421493E-009   4.8334464856474931E-011  -2.7158001208846467E-013  -1.5295915688182713E-017  -5.1216460655188141E-017  -4.1063930811646262E-017  -5.1427500765829316E-018  -6.1821866736090404E-017   2.5657825256908181E-017   1.3498476061119484E-017   6.6236860329219577E-017   3.3097757461352621E-017  -1.8766505249222880E-017  -1.2718076258219431E-015   1.3414751383037553E-015   1.7919729075344713E-015  -1.0942364296784884E-015   1.5323864859058520E-015   2.3660442480207856E-015   3.1624563465568128E-010   4.4923009437001707E-009  -6.2811925103070934E-009  -9.8413513178416933E-009  -7.7823269232154895E-017   1.9252298146699988E-016   4.2998939421030864E-016  -1.0846819379113596E-016   2.8746371794807360E-016   1.8629151352989377E-016
  0.25525873806529026        2.7597469600576944E-009   2.1672669189493342E-009  -2.9716231463845767E-008  -2.2348448387388923E-008  -2.7548788913113482E-009  -3.9244495917185764E-008   7.3946157591832551E-009  -7.4813602268335670E-009   1.4953833892743377E-008  0.23440987271767538       -6.0467262626727998E-009   2.8038867626755616E-009   2.8568065061740716E-007  -1.2335166274057492E-002  -9.6155468367566578E-010   1.7868362777404701E-010   5.9076675720552352E-008   5.4898082335430398E-009  -1.2664833831826382E-010  -1.6692734792906236E-011  -1.2807686899291838E-010   1.9811709346396683E-010  -2.6266224108191280E-010  -2.8304564262821931E-011  -1.2509937103239223E-010   1.6447368964091906E-010   1.8453171778837094E-010  -2.7128710711292114E-011  -1.0930331273135734E-008  -2.2599937920946098E-009  -1.2926432924522846E-008   4.5438754393933236E-009  -2.3056112730817482E-009   6.3864572336945275E-009   5.0251236565262250E-008   7.2403736513481282E-002  -1.1037530394708442E-009   8.0965961447104459E-010  -1.3329082570547016E-009  -1.1669680932438664E-009  -1.1802953937866307E-009   3.7530837939010618E-010  -6.2290392587101829E-010   9.5759994617886487E-010
  -2.6800332375818110E-009  0.25525873803701127        1.1073485817364593E-009   1.9906788332040270E-008  -5.1035427941069077E-009  -4.0234748029710940E-008  -5.7095075630686518E-009   2.5277849156570025E-008  -3.7114916281744524E-008  -2.0174307284705705E-008  -6.0467262626727998E-009  0.23440987522812734       -3.5025030808590758E-009   2.5455515625865980E-007  -2.4623707610151973E-010  -1.2335165758716918E-002  -4.9384589598882610E-010   3.7971924036850181E-008   4.4658807688753791E-009   1.3706322598375911E-010   4.4597007211279280E-010   1.3340085192588858E-011  -2.5309334485897963E-010   2.4152637222732080E-010   6.9201418618077143E-011   2.6141072615625369E-011  -2.7026937026074814E-010  -4.8094148379828162E-010   1.9150375258435363E-010  -1.0088204687695900E-009  -1.6426380700922040E-008  -1.5492189496438456E-009   6.9198776861860242E-009  -1.2248317929701929E-008  -5.9110573409852410E-009   3.7359224399463182E-008  -1.6468285693273248E-009   7.2403737125483342E-002  -6.7979525192738181E-010   1.1043152363559445E-010  -2.9104943061037178E-009  -4.2676456474198350E-010   1.0817243781559875E-009  -1.0066650677578421E-009  -1.1921559800050158E-009
  -2.1704642853536196E-009  -1.0776566628556198E-009  0.25525873785822800       -6.8152028328972571E-008   1.4485744913837525E-008  -3.4246381401217033E-010  -4.6733671669688598E-008   1.7567385959868090E-008  -1.0020504605938360E-008  -3.2053131881849894E-008   2.8038867626755616E-009  -3.5025030808590758E-009  0.23440988628012888       -3.2195881825167631E-007   7.1101801854229638E-010  -2.1880834564235270E-010  -1.2335164485871148E-002  -3.5013562386205888E-008  -5.0000558267959093E-009   7.9047293282999977E-011   3.6786012635688548E-011   1.9014718832804098E-010   2.2083541106741499E-010   1.3702972204859050E-010  -3.2688917831979870E-010  -3.8279844436701199E-011  -2.6114820578986121E-010   1.4573124075653003E-011   5.2947826501512413E-011   4.8649691395860924E-009  -4.8495883108104742E-010  -1.8146767522580241E-008   5.7625517257957492E-009  -4.5338635195757377E-009  -1.0627523526997580E-008  -4.1891363839693785E-008   4.3722726530163866E-010  -8.8729676079629221E-010   7.2403739828277636E-002   5.4364500090031642E-012  -6.7336450532527507E-011  -3.4183866374014755E-009   2.5232532372829108E-010  -1.7289597956714428E-009  -2.5776249815136281E-010
   5.7683310319295052E-008   3.7919773725821912E-008  -1.8062721068565532E-008  0.49167831355953090       -2.1736220710202889E-009   2.0082419826413083E-009   1.6456064476048689E-009  -1.5760196768564213E-010   2.0597000430997080E-009   2.3311429106223688E-009   2.8568065061740716E-007   2.5455515625865980E-007  -3.2195881825167631E-007  0.81800950650195936        2.6907394544217035E-008   1.6401474098866292E-008  -1.6463589515245720E-008   1.1710691809658760E-003  -4.6565088210217051E-004   5.4038715725605914E-009  -2.3647292239991732E-009  -2.0220661906715094E-009  -3.2906967194624502E-009  -1.9483591247975775E-009  -3.9593651229326277E-009   6.4873705193599375E-009  -1.1288653508234420E-009  -6.3389891309713159E-009   2.3485639683951266E-009  -1.1827288912336542E-009   1.1341831660250940E-009   5.6444661618211344E-010   6.1082724454381432E-010   1.5984077446801190E-009   5.7180543236733283E-010  0.10999124256659322        1.0528135742304413E-007   8.4634462852851743E-008  -1.0242733617822981E-007  -3.1104634023208295E-010   4.6803317158584487E-010   1.0827284027813427E-010   2.3780893922396496E-010   5.9908733699465616E-010   7.3216597948618585E-011
  -1.0347789599831734E-002  -6.4594407718888596E-010   5.8163583932435913E-010   6.1373271262484251E-009   4.2935797570881432E-009   5.7374446170317868E-010   2.4831097326253691E-009  -1.9214105985779757E-009   3.0909075318580790E-010  -2.3721665720209548E-009  -1.2335166274057492E-002  -2.4623707610151973E-010   7.1101801854229638E-010   2.6907394544217035E-008   1.8465321794613041       -4.6098579323304860E-010   5.0114056001060921E-010   5.1369592251266810E-008   6.3953934119933554E-009   2.1093364863805474E-011  -1.0782549998455653E-011   3.0191003262793557E-013  -5.8074707906326797E-012   2.5942826188702367E-014  -2.2267884254358660E-011   4.2404958473653586E-012   8.1247295063909670E-012   5.0940245018821351E-012  -6.2798123681321850E-012  -7.0218134991173702E-009  -1.5702655673292250E-010  -2.5318474389740829E-009   3.6623583675873641E-009   2.8947284672114230E-010   3.3594524320096571E-009  -4.3656422850228683E-008  0.14359075926558174        3.6346807000194136E-010  -2.1992179566399048E-010  -1.9208373089675764E-008  -6.4172270136990867E-010  -8.1457721288986490E-009   9.6319640145385032E-009   3.2547350498480972E-010   9.5764083763007911E-009
  -1.1396678704626246E-009  -1.0347789336679347E-002  -4.6736909885781891E-010   7.2019047665981681E-009  -1.8749709295305437E-010   4.3355742282122321E-009   2.2266520495050049E-010  -2.5023075580384215E-010   2.4096398161983751E-009   4.3772555943781959E-010  -9.6155468367566578E-010  -1.2335165758716918E-002  -2.1880834564235270E-010   1.6401474098866292E-008  -4.6098579323304860E-010   1.8465321799967140       -4.3207706463882056E-010   2.1114893413359275E-008   2.9748800433717620E-009   1.7939153203310810E-012   7.4920523159447564E-012   4.1493709643045566E-012  -1.8830524136056994E-011  -8.0103016490671855E-012   1.6420850112666367E-011  -5.7078019724934308E-013  -1.8885036789321812E-011  -7.3151247430860225E-012   1.0986857150562102E-011   2.1377471332581843E-010  -5.4860627249762260E-009   8.8938327866969631E-011  -1.1289287822909697E-009  -2.5896501927740113E-009   9.1515104140986873E-010  -1.8800217540020333E-008   1.3630513415477006E-010  0.14359075897046153        3.4367678038123351E-010   8.2351188379071520E-010  -1.5366498457133838E-008   1.9960010244592157E-010  -2.3810462623794041E-009  -8.2640390973365277E-009   1.5575340748480384E-009
   2.2260565047152079E-010  -6.5651520820738721E-010  -1.0347787822152076E-002  -9.9877535854454501E-009  -1.1479439959075633E-009  -9.7451302754823440E-011   4.6753476719149076E-009  -1.2790228458945987E-009   7.4093931850872653E-010   2.4269671817421493E-009   1.7868362777404701E-010  -4.9384589598882610E-010  -1.2335164485871148E-002  -1.6463589515245720E-008   5.0114056001060921E-010  -4.3207706463882056E-010   1.8465321813556113       -9.9953398785492119E-009  -1.9562424863630171E-009   2.3620624304618052E-012   1.6631602547186026E-013   2.5736651279090304E-011   1.4156116526885745E-012  -4.1899929903490702E-012  -4.5787522587453740E-012   9.5572360598891893E-012   1.8238579345598668E-012  -1.2996610785137342E-011  -2.0632375814224859E-011   1.7016020751028118E-009   1.7045940742273848E-011  -5.2358181923356857E-009   1.6151814861472616E-009  -9.5128736233463307E-011  -3.3167844772018001E-009   9.9360916234588205E-009  -3.9208527755089202E-010   2.4478305818776866E-010  0.14359075812810887        5.1337271604138082E-009   2.2458295275217132E-010  -1.5202351895006847E-008   5.0162952232705484E-009  -2.0236734114281038E-010  -1.0150022735648763E-008
   4.8198273275359529E-008   3.6377501418383460E-008  -3.8502362793876421E-008   4.3701281165235781E-003  -5.1270650896785510E-011   1.7088181607084062E-011   2.5109640614541141E-011   2.9982838826421301E-012   2.5599879212305131E-011   4.8334464856474931E-011   5.9076675720552352E-008   3.7971924036850181E-008  -3.5013562386205888E-008   1.1710691809658760E-003   5.1369592251266810E-008   2.1114893413359275E-008  -9.9953398785492119E-009   1.8336515440901606        2.1643178522512039E-004   8.2850916154317060E-011  -4.2243534600400458E-011  -2.6385506596816408E-011  -5.4008686463735339E-011  -3.1922168357259542E-011  -5.7150465397941582E-011   1.0937221029745045E-010  -1.7474101586635322E-011  -1.0450205561957303E-010   3.2692651167841103E-011   1.2165498681961962E-010  -4.2769166246992559E-011  -6.5350748627624341E-011  -2.8583903374654796E-011  -6.1296400970635173E-011  -9.3073297279010132E-011  0.11410229192304813       -3.0982212060326779E-009   4.2470657363072312E-009  -9.3968646886702325E-009   2.6225172398358345E-010  -3.2657819128247214E-011  -1.0323898133057786E-010  -4.1636069281895479E-011  -1.4587346907250154E-010  -2.2065259163979524E-010
   6.6026600020496084E-009   4.9260218587650623E-009  -5.1671561294094068E-009  -4.6816660299950932E-004   6.0159170388641202E-013  -2.0398484193619538E-012  -5.6532360977919539E-013  -2.8406580106913944E-013  -1.8505454709454242E-012  -2.7158001208846467E-013   5.4898082335430398E-009   4.4658807688753791E-009  -5.0000558267959093E-009  -4.6565088210217051E-004   6.3953934119933554E-009   2.9748800433717620E-009  -1.9562424863630171E-009   2.1643178522512039E-004   2.0004187941475537       -5.8973228117912926E-012   2.5648025348725953E-012   2.1811769365991111E-012   3.6318738544864000E-012   2.1222290376162453E-012   4.2883294589610712E-012  -7.0590838658254220E-012   1.2109773955824537E-012   6.9099274160461483E-012  -2.5336815029551914E-012   2.3805029314806260E-012   1.8129452437858181E-012  -1.2165137066655857E-012   6.3419201375036104E-013   1.0273128527804960E-012  -3.0005185120688258E-012  -1.6419681240942372E-003   2.8556084792357522E-009   1.5256515000799669E-009  -1.0825728413055389E-009  -1.0965424564098917E-012  -2.8171355554118733E-012   5.4588152255064103E-013  -6.9478159513263563E-013  -2.3137686305728355E-012   1.7765056940923508E-012
  -1.3789024920868439E-010   1.4926735614858329E-010   8.6091004943086822E-011   3.2482380364177665E-009  -3.6477354373150539E-019  -8.8716144001969418E-018   1.2988018143621825E-017   1.5660154221338636E-017  -7.4285942266627511E-018  -1.5295915688182713E-017  -1.2664833831826382E-010   1.3706322598375911E-010   7.9047293282999977E-011   5.4038715725605914E-009   2.1093364863805474E-011   1.7939153203310810E-012   2.3620624304618052E-012   8.2850916154317060E-011  -5.8973228117912926E-012   3.5877129216116797E-017  -1.5341032199839645E-017  -1.3217760701710924E-017  -2.1921400681416409E-017  -1.2543022164790427E-017  -2.6212811423891054E-017   4.2930453062920906E-017  -7.7931059959271534E-018  -4.2256142150586419E-017   1.5660572789830107E-017  -9.0355881805616280E-019  -1.0895712754066087E-018   3.6377948775122393E-018   7.6019109134977983E-018   3.0960909130378610E-018  -6.6989895694144126E-018   7.3128565024537529E-010  -3.7966426616476557E-011   4.3054855561229231E-011   2.4936644298058308E-011  -1.3859883829319038E-018   1.9160919182981724E-018  -1.7121529711468951E-019   2.1659592055109487E-018   3.0772011638101675E-018  -7.8011007642438788E-019
  -1.8196164639510532E-011   4.8568792978419322E-010   4.0060389651726112E-011  -1.4214381321453040E-009   4.1178377500733466E-019  -8.2176642364706792E-017  -2.0160779246400236E-017   5.0804908059153927E-017  -7.7598124582934723E-017  -5.1216460655188141E-017  -1.6692734792906236E-011   4.4597007211279280E-010   3.6786012635688548E-011  -2.3647292239991732E-009  -1.0782549998455653E-011   7.4920523159447564E-012   1.6631602547186026E-013  -4.2243534600400458E-011   2.5648025348725953E-012  -1.5341032199839645E-017   7.6928899058762664E-018   5.9104578135334087E-018   9.0523807249462470E-018   6.1328874755714644E-018   1.1529796530446000E-017  -1.8703361931915133E-017   2.6961364805716460E-018   1.7400477754168451E-017  -6.4149675369500590E-018   3.0918398623434255E-018  -3.4549356345718565E-017  -6.4916212351424529E-018   1.1945515742666699E-017  -2.8525114047228241E-017  -1.5037078200711901E-017  -3.2038201842592114E-010  -6.0872066493809910E-012   1.4022200455639536E-010   1.1530200869507007E-011   1.3410239828613190E-018  -7.0726706886902537E-018  -1.5378204544376328E-018   1.2900770501698609E-018  -4.0126034962938702E-018  -2.6310403903575039E-018
  -1.3947840712072477E-010   1.4535273330289988E-011   2.0711813807734299E-010  -1.2154436093775355E-009   2.9024763781112027E-017  -6.0247564431633323E-018  -2.0818499520964635E-017   1.2039365229491169E-017  -1.1239077848569890E-017  -4.1063930811646262E-017  -1.2807686899291838E-010   1.3340085192588858E-011   1.9014718832804098E-010  -2.0220661906715094E-009   3.0191003262793557E-013   4.1493709643045566E-012   2.5736651279090304E-011  -2.6385506596816408E-011   2.1811769365991111E-012  -1.3217760701710924E-017   5.9104578135334087E-018   5.2244228817118018E-018   8.1916550295550649E-018   5.0851213323171763E-018   9.5419055057239528E-018  -1.5998693845520877E-017   2.4732262387052748E-018   1.5554041028401143E-017  -5.7374645382871430E-018   1.2847859603664409E-017  -2.9123809708897919E-018  -9.2486662103210490E-018   1.0975500066764569E-018  -7.0809705612831779E-018  -1.3945174691187783E-017  -2.7335174264713015E-010  -4.0074069464025492E-011   4.5078309572394540E-012   6.1586211002231004E-011   1.6733122201034734E-018  -7.7323736019655548E-019  -2.6873754966902086E-018  -4.6850861570361366E-019  -2.6270180746067567E-018  -1.2047523508924520E-018
   2.1574673666927440E-010  -2.7565669890781521E-010   2.4049736362710031E-010  -1.9780270159391400E-009   9.0270492776904684E-018   3.2672920980922861E-017  -7.7633684472430072E-017  -3.8839733063002847E-018   1.6016668584961897E-017  -5.1427500765829316E-018   1.9811709346396683E-010  -2.5309334485897963E-010   2.2083541106741499E-010  -3.2906967194624502E-009  -5.8074707906326797E-012  -1.8830524136056994E-011   1.4156116526885745E-012  -5.4008686463735339E-011   3.6318738544864000E-012  -2.1921400681416409E-017   9.0523807249462470E-018   8.1916550295550649E-018   1.3888591359220289E-017   7.4848877879596312E-018   1.5521998034070479E-017  -2.6270134588184378E-017   4.7269670558049167E-018   2.6192596642771917E-017  -9.6289409580038277E-018   1.1809546348980128E-018   1.0917034916264693E-017  -2.8669027233132733E-017  -6.2200842007216813E-019   6.3058077085563431E-019  -5.5856024669376801E-019  -4.4553865983301009E-010   6.1562445294485437E-011  -8.0741846757310789E-011   6.9251912891317650E-011  -2.2857392365876211E-020   4.8091183075406858E-019  -4.3222303629345970E-018  -1.4684095099990119E-018  -3.3309543125442374E-018   1.4913510290425117E-018
  -2.8604637463933146E-010   2.6301660379136625E-010   1.4922166229484511E-010  -1.1711520649494140E-009   3.3404244841576335E-017  -4.3350897788928013E-017   6.8527781302921415E-018   2.8417811180791976E-017  -4.0620512687067327E-017  -6.1821866736090404E-017  -2.6266224108191280E-010   2.4152637222732080E-010   1.3702972204859050E-010  -1.9483591247975775E-009   2.5942826188702367E-014  -8.0103016490671855E-012  -4.1899929903490702E-012  -3.1922168357259542E-011   2.1222290376162453E-012  -1.2543022164790427E-017   6.1328874755714644E-018   5.0851213323171763E-018   7.4848877879596312E-018   5.2645238913169651E-018   9.3434720228229503E-018  -1.5308633904111566E-017   2.0733563384760613E-018   1.4405896460752880E-017  -5.3355944930288215E-018   1.6927637992025605E-017  -1.7391075956736082E-017   9.5057971043287751E-019   3.9246924844738941E-018  -1.6503228791880386E-017  -2.0852104511987581E-017  -2.6379154133463928E-010  -8.2231922943534611E-011   7.4977108559361884E-011   4.2566505859734913E-011   2.5017985276728115E-018  -2.8787522294948013E-018  -1.3350817761853917E-018   2.0595256728236596E-019  -2.7983843778941683E-018  -2.7077015438358364E-018
  -3.0860489675316012E-011   7.5391003221809129E-011  -3.5600131370999749E-010  -2.3799460338103522E-009  -8.5273382669836109E-018  -2.0768751785507514E-017   6.0226085682183673E-017  -1.7130095092139587E-017  -6.0464757090433634E-018   2.5657825256908181E-017  -2.8304564262821931E-011   6.9201418618077143E-011  -3.2688917831979870E-010  -3.9593651229326277E-009  -2.2267884254358660E-011   1.6420850112666367E-011  -4.5787522587453740E-012  -5.7150465397941582E-011   4.2883294589610712E-012  -2.6212811423891054E-017   1.1529796530446000E-017   9.5419055057239528E-018   1.5521998034070479E-017   9.3434720228229503E-018   1.9646224428952618E-017  -3.1327115447489247E-017   5.7285243935777392E-018   3.0499948722116176E-017  -1.1381934359002543E-017   3.5259389850678354E-020  -9.4540875660609274E-018   2.3793814404054509E-017  -9.5786629647234277E-018  -4.7832550730576274E-018   9.5438728678242274E-018  -5.3558517269947901E-010  -1.0639797452874883E-011   2.2976742359110415E-011  -1.0270767836700319E-010   1.8806776951802091E-018  -3.0511335730673251E-018   4.5514547747827873E-018  -1.4365454962554155E-018  -7.9721056156170525E-019  -4.4402949688821986E-019
  -1.3623187410136756E-010   2.8465550789069535E-011  -4.1669282222295512E-011   3.8995432010306358E-009  -8.2540722648687029E-018   1.2967039181060222E-017   4.0999382353882839E-017  -5.2450444950290285E-018   1.7827529976761886E-017   1.3498476061119484E-017  -1.2509937103239223E-010   2.6141072615625369E-011  -3.8279844436701199E-011   6.4873705193599375E-009   4.2404958473653586E-012  -5.7078019724934308E-013   9.5572360598891893E-012   1.0937221029745045E-010  -7.0590838658254220E-012   4.2930453062920906E-017  -1.8703361931915133E-017  -1.5998693845520877E-017  -2.6270134588184378E-017  -1.5308633904111566E-017  -3.1327115447489247E-017   5.1530683850460576E-017  -9.0288912467814889E-018  -5.0432275213375360E-017   1.8654442165989834E-017  -4.4289236583727635E-018   8.4435773419648476E-018   1.4140764491099376E-017   2.2508658561189624E-018   1.3275007805633332E-017   2.1772942916078565E-018   8.7852725422392585E-010  -3.8827225861391857E-011   8.1386627372600719E-012  -1.1221425647696351E-011  -1.6838744442310246E-018   4.0142795499920579E-018   1.9411846120407214E-018   1.7701089005548644E-018   5.2404764733162628E-018  -8.6401355989273479E-020
   1.7913068654063251E-010  -2.9436263383302280E-010  -2.8439559419915283E-010  -6.7855531316655624E-010  -2.2895616356820173E-017   4.2031599743350314E-017   2.8831195925586344E-017  -4.3341129401444583E-017   4.5853884948410708E-017   6.6236860329219577E-017   1.6447368964091906E-010  -2.7026937026074814E-010  -2.6114820578986121E-010  -1.1288653508234420E-009   8.1247295063909670E-012  -1.8885036789321812E-011   1.8238579345598668E-012  -1.7474101586635322E-011   1.2109773955824537E-012  -7.7931059959271534E-018   2.6961364805716460E-018   2.4732262387052748E-018   4.7269670558049167E-018   2.0733563384760613E-018   5.7285243935777392E-018  -9.0288912467814889E-018   2.2767664055600571E-018   9.4172823822611417E-018  -3.5404624815624213E-018  -1.0379511426319666E-017   1.6440416131910898E-017   1.2165367393059490E-017  -1.2016013615548922E-017   1.5411731712412797E-017   2.2395661968423083E-017  -1.5277544521753192E-010   5.2141987020214882E-011  -8.6123639274610931E-011  -8.1614307064092721E-011  -8.6491462823217344E-019   2.2368743136608407E-018   3.3452152315110367E-018  -1.4958438059595865E-018   1.9780236593783360E-018   2.3607884047100088E-018
   2.0097101922637336E-010  -5.2376999111606703E-010   1.5846260763696173E-011  -3.8103465689879834E-009   1.0660197041166809E-017   6.4761577531368083E-017  -3.4848453183921250E-017  -4.3757326093949042E-017   5.3663853823848045E-017   3.3097757461352621E-017   1.8453171778837094E-010  -4.8094148379828162E-010   1.4573124075653003E-011  -6.3389891309713159E-009   5.0940245018821351E-012  -7.3151247430860225E-012  -1.2996610785137342E-011  -1.0450205561957303E-010   6.9099274160461483E-012  -4.2256142150586419E-017   1.7400477754168451E-017   1.5554041028401143E-017   2.6192596642771917E-017   1.4405896460752880E-017   3.0499948722116176E-017  -5.0432275213375360E-017   9.4172823822611417E-018   5.0261305072194296E-017  -1.8612510007585064E-017   2.8496873106321065E-018   2.3216067859060978E-017  -1.2480979323227619E-017  -1.4962120898582032E-017   1.0710567683540066E-017   1.2113180541311847E-017  -8.5828609906402832E-010   5.8179628843114740E-011  -1.5115671879970651E-010   3.5247075640200914E-012   9.1788120846904239E-019   1.6906050775745984E-018  -1.0667504146672783E-018  -3.6637430713560224E-018  -3.0160433289837552E-018   2.7460251397275252E-018
  -2.9555195578980809E-011   2.0857097359966929E-010   5.7628242646785070E-011   1.4117024058223100E-009  -4.5667048108238745E-018  -2.6837943253556147E-017  -5.9777413932910380E-018   2.3332976935091900E-017  -2.5801504400522111E-017  -1.8766505249222880E-017  -2.7128710711292114E-011   1.9150375258435363E-010   5.2947826501512413E-011   2.3485639683951266E-009  -6.2798123681321850E-012   1.0986857150562102E-011  -2.0632375814224859E-011   3.2692651167841103E-011  -2.5336815029551914E-012   1.5660572789830107E-017  -6.4149675369500590E-018  -5.7374645382871430E-018  -9.6289409580038277E-018  -5.3355944930288215E-018  -1.1381934359002543E-017   1.8654442165989834E-017  -3.5404624815624213E-018  -1.8612510007585064E-017   6.9153604758484882E-018  -1.8393314544267636E-018  -1.0083268621411564E-017  -2.1757538731628165E-018   8.1387050050543446E-018  -6.2098917559316587E-018  -6.2996507081505317E-018   3.1761632498675105E-010  -8.9948504059892235E-012   6.0833105225190487E-011   1.4929263976333980E-011  -6.0279728645778565E-019  -1.0909790611306460E-018  -4.8998126627864080E-019   1.4639293865382606E-018   4.8353160831762943E-019  -8.6119264090903446E-019
  -1.1915190392276933E-008  -1.0982784133321052E-009   5.3009392716698204E-009  -7.1063987687447595E-010   1.3545516223120095E-015   2.8991008945577166E-016   8.8283858233879403E-016  -8.2743961704720482E-017   2.9825071260008218E-016  -1.2718076258219431E-015  -1.0930331273135734E-008  -1.0088204687695900E-009   4.8649691395860924E-009  -1.1827288912336542E-009  -7.0218134991173702E-009   2.1377471332581843E-010   1.7016020751028118E-009   1.2165498681961962E-010   2.3805029314806260E-012  -9.0355881805616280E-019   3.0918398623434255E-018   1.2847859603664409E-017   1.1809546348980128E-018   1.6927637992025605E-017   3.5259389850678354E-020  -4.4289236583727635E-018  -1.0379511426319666E-017   2.8496873106321065E-018  -1.8393314544267636E-018   6.5005658738607920E-016   1.6494131630805411E-016   2.3863010323548517E-016  -1.3703538405159321E-016   6.2482163473083173E-017  -5.1302117491528678E-016  -1.5136862484483743E-010  -3.9827729197394208E-009  -2.9876955304401323E-010   1.6589977836340474E-009   1.4711771607613373E-016   6.6641276792047542E-017   3.2465845908028652E-018  -5.1856862095730502E-017  -5.6210057216825461E-018  -9.5260841869832508E-017
  -2.4614637244857888E-009  -1.7897986533384533E-008  -5.2810600701559507E-010   6.8164184654134125E-010   5.4122243238970689E-016   2.8418263517975968E-015   8.7762177750317036E-016  -1.8826976224647376E-015   2.6950015192146692E-015   1.3414751383037553E-015  -2.2599937920946098E-009  -1.6426380700922040E-008  -4.8495883108104742E-010   1.1341831660250940E-009  -1.5702655673292250E-010  -5.4860627249762260E-009   1.7045940742273848E-011  -4.2769166246992559E-011   1.8129452437858181E-012  -1.0895712754066087E-018  -3.4549356345718565E-017  -2.9123809708897919E-018   1.0917034916264693E-017  -1.7391075956736082E-017  -9.4540875660609274E-018   8.4435773419648476E-018   1.6440416131910898E-017   2.3216067859060978E-017  -1.0083268621411564E-017   1.6494131630805411E-016   1.1973413042874405E-015   2.7199892908920006E-016  -5.3775722983577305E-016   9.0323620584564780E-016   3.7281579169429892E-016   1.4974396651021443E-010  -7.2009516830432267E-010  -5.5808335223809170E-009  -1.5046914530414598E-010   4.6687683465147943E-018   2.6949119190273423E-016   4.9198183700342381E-017  -7.3082262492075346E-017   1.0953012841450532E-016   6.8413473660317068E-017
  -1.4081501943064462E-008  -1.6869979492126930E-009  -1.9771119345642687E-008   3.3914019412579827E-010   1.3908437607699184E-016   4.4537590477273785E-016   5.8127023144506131E-015  -1.9310573330363903E-015   1.4344368249267920E-015   1.7919729075344713E-015  -1.2926432924522846E-008  -1.5492189496438456E-009  -1.8146767522580241E-008   5.6444661618211344E-010  -2.5318474389740829E-009   8.8938327866969631E-011  -5.2358181923356857E-009  -6.5350748627624341E-011  -1.2165137066655857E-012   3.6377948775122393E-018  -6.4916212351424529E-018  -9.2486662103210490E-018  -2.8669027233132733E-017   9.5057971043287751E-019   2.3793814404054509E-017   1.4140764491099376E-017   1.2165367393059490E-017  -1.2480979323227619E-017  -2.1757538731628165E-018   2.3863010323548517E-016   2.7199892908920006E-016   2.1546315961724652E-015  -7.5521339615190375E-016   5.6099778598021218E-016   5.1658336435952865E-016   7.1785498163561477E-011  -4.2491689033433042E-009  -4.7792550884950517E-010  -6.0994669946029514E-009   8.8459676048371438E-017   8.9544329497073495E-017   3.9849167830166844E-016  -8.0886182716471583E-017   1.7570949494481614E-016  -7.5734510123139814E-018
   4.9545356588114104E-009   7.5340669465940612E-009   6.2782898762249223E-009   3.6708416500179341E-010  -2.2300664677723066E-016  -1.2482004161276137E-015  -2.0736920774072004E-015   1.3172429942770286E-015  -1.4856135823795741E-015  -1.0942364296784884E-015   4.5438754393933236E-009   6.9198776861860242E-009   5.7625517257957492E-009   6.1082724454381432E-010   3.6623583675873641E-009  -1.1289287822909697E-009   1.6151814861472616E-009  -2.8583903374654796E-011   6.3419201375036104E-013   7.6019109134977983E-018   1.1945515742666699E-017   1.0975500066764569E-018  -6.2200842007216813E-019   3.9246924844738941E-018  -9.5786629647234277E-018   2.2508658561189624E-018  -1.2016013615548922E-017  -1.4962120898582032E-017   8.1387050050543446E-018  -1.3703538405159321E-016  -5.3775722983577305E-016  -7.5521339615190375E-016   4.4503316593696173E-016  -5.1518203775798823E-016  -3.0799790102222559E-016   8.0301918545246523E-011   1.7150440678527213E-009   2.0763173087299638E-009   1.9331107930311332E-009  -5.8435372872668777E-017  -1.0467150033086709E-016  -1.5283827481674613E-016   7.2179334316522942E-017  -8.0085767813949540E-017  -1.3743996928740893E-017
  -2.5103964016641894E-009  -1.3343111728358005E-008  -4.9376710120457816E-009   9.6062895706948618E-010   2.0321365275897863E-016   2.1361518173478073E-015   1.5912258039199713E-015  -1.7356002397683823E-015   2.2098936619612741E-015   1.5323864859058520E-015  -2.3056112730817482E-009  -1.2248317929701929E-008  -4.5338635195757377E-009   1.5984077446801190E-009   2.8947284672114230E-010  -2.5896501927740113E-009  -9.5128736233463307E-011  -6.1296400970635173E-011   1.0273128527804960E-012   3.0960909130378610E-018  -2.8525114047228241E-017  -7.0809705612831779E-018   6.3058077085563431E-019  -1.6503228791880386E-017  -4.7832550730576274E-018   1.3275007805633332E-017   1.5411731712412797E-017   1.0710567683540066E-017  -6.2098917559316587E-018   6.2482163473083173E-017   9.0323620584564780E-016   5.6099778598021218E-016  -5.1518203775798823E-016   7.5923323255183193E-016   4.5269973579928954E-016   2.1097227312027553E-010  -6.9872232890019470E-010  -4.0414813306954169E-009  -1.4270526544983500E-009   2.4805939212361239E-018   1.9286258675626432E-016   1.0196342974438323E-016  -6.0585621222920859E-017   1.0799531063373678E-016   5.8105005887989126E-017
