  0.23410402682759032       -1.3245051925343307E-008  -8.7257941693655990E-008   1.3285691522306890E-007   5.5078393921360414E-008  -4.2669612004741333E-008  -8.7698015340127301E-009  -1.2784185604459147E-008  -2.7180440330443412E-008  -4.2294209415331401E-008  0.30187693907329044       -2.2474353996812923E-009  -2.3143838280011622E-008  -4.9896490883022904E-008  -1.8574781915107986E-003   1.3780241119694447E-009   7.5199369248622453E-009  -3.0986015928410822E-008  -1.9835546157054161E-009  -3.6537467138637252E-009   1.8445985378830901E-010   2.0846849731774513E-010   3.8592863907334003E-009   2.4527595415091498E-009   1.1535935795102143E-009  -1.7746626477371771E-009   2.1060384435321224E-009   1.1852671563500392E-009  -4.3505708740501631E-009   2.5147705057562235E-008  -7.5793878103188936E-009  -3.4684413391832888E-009  -5.0227521252856607E-009  -2.4747065760026571E-008  -2.0124953770614238E-008  -2.2613085998128404E-008  0.12368694071556330       -1.9989088812088575E-009  -1.4104603793875928E-008   2.6918710867453295E-009  -4.8886311901910713E-009   2.6996713921593047E-010   5.1423486818864628E-010  -6.0248815379555882E-009  -3.2061059755735536E-009
  -1.3245051925343307E-008  0.23410420237015675        8.9960666648625551E-008   6.0834052966446161E-008  -3.3227882956696422E-009   6.6857527565914141E-008  -3.6978263935266897E-008   2.6209999919864388E-008  -3.5720791839461521E-008  -2.2887210208929212E-008  -4.5071773398482329E-009  0.30187698435962435        2.7295911771423100E-008  -2.5059412013429633E-008   9.9922014411267706E-010  -1.8574930315014048E-003  -6.2769658136710311E-009  -1.1728519216455075E-008  -3.0955519702247917E-009  -5.0835265438472989E-009   2.1366753474889695E-009   1.1962946294436497E-009  -3.9183862121011591E-009   2.9568222965526678E-009   2.2397890713526505E-010  -2.6049424724319688E-009   4.7830053251577981E-009   3.4902643351931571E-010  -1.5560577268091325E-009   2.7757873829085626E-009   3.1499052266907321E-008  -1.9447995171139763E-008   1.2465418479119679E-008  -2.1715933859646604E-008  -1.5241205424352607E-008  -1.4160310108761378E-008  -2.3640380634300091E-009  0.12368696890320707        1.3659905142895359E-008   1.9498597392571527E-009   4.7628578973261631E-009  -5.2061131934822470E-009   9.4193061153929699E-010  -4.0706701146582100E-009  -2.8917901568833318E-009
  -8.7257941693655990E-008   8.9960666648625551E-008  0.23410417473783168       -2.0913846135364219E-007  -2.4163406540740293E-009   7.5082572339718122E-008   4.8763008729667076E-010   9.3849084989124990E-009   8.4056231630078414E-008  -6.9685643664174435E-009  -2.1108765747017095E-008   2.0848535906727969E-008  0.30187697813943148        3.0486898721417353E-008   8.4440141705164893E-009  -7.4107194182583072E-009  -1.8574899278352877E-003   5.5252759131849213E-008   4.5184311628616796E-009   3.8261129861390869E-009   1.7060016776733109E-009  -6.0329804326053741E-009   2.6169686374227534E-009  -2.9129949294079255E-011  -4.6080830411433877E-009   4.6550980690804461E-009   2.3562772921530157E-009  -4.7412489255041025E-009   7.9300855397268441E-009   9.0968931425573946E-009   3.2608941527659997E-008   6.5513322088003831E-009   3.2601284233878208E-009   2.8282333049811462E-008  -1.2357017437433956E-008   1.2817860590464586E-008  -1.4987924630340966E-008   1.2759173472163919E-008  0.12368696316540173        8.7556750608857512E-010   9.3550144016220744E-009  -2.0494526110388098E-009   3.1315446878358930E-010   6.2761357358120233E-009  -1.1887211289855026E-009
   1.3285691522306890E-007   6.0834052966446161E-008  -2.0913846135364219E-007  0.29177944571469883        8.4571322528093626E-009   1.3015454219150420E-009   2.4337937203368782E-009  -5.2389891828439743E-009   5.2972123059338100E-009  -3.2180787992880760E-009   1.5429441740571358E-007   8.1126973553897996E-008  -1.4146918064992219E-007  0.49241572349164425        6.3297769691553989E-009   5.4242059189671098E-009   7.3129860441305749E-010   4.3923821502283664E-003  -7.1953951726186509E-010  -1.1758029904692109E-009   4.5362806396475817E-009   4.0241692800545317E-009  -4.0563389891554502E-009  -3.0588044341570449E-009  -4.9249134478470393E-010  -4.6679439903462236E-009   1.8365489560834003E-009   9.8136412144887050E-011  -3.5486745754823306E-004   8.0648373096388056E-009   6.4966572365639810E-010   3.5363749827262931E-009  -7.0104697721212585E-009  -7.9107500686689695E-009  -1.0542299275058299E-009   6.8996766885874750E-002   4.7792801028776299E-008   2.2136504096003213E-008  -4.5020448783188434E-008   1.7476041194933413E-009   7.2519436863883479E-011   1.7475877341173438E-010  -1.6413741463621461E-009  -1.1800340581633501E-009  -1.0621608387262301E-010
   5.5078393921360414E-008  -3.3227882956696422E-009  -2.4163406540740293E-009   8.4571322528093626E-009   1.3285492239928431E-014  -1.1723317685766944E-014  -1.4765379631332495E-015  -3.6342366661549408E-015  -6.6006090769218781E-015  -9.6512540313096732E-015   7.1035189334640838E-008  -4.2867933818922671E-009  -3.1143533154758126E-009   1.4271515563027316E-008  -4.6268046011604314E-009   7.7006278615378101E-010  -5.1607846801919489E-010   3.6975538923767594E-010  -4.8971703746392484E-016  -8.6110100992807003E-016   1.2706661000209115E-016   2.1076502113086786E-016   8.1848005456440050E-016   4.4626162851855549E-016   3.0142137313597436E-016  -5.6370755265845108E-016   4.5670212068961562E-016   3.2545258912113156E-016  -2.7608608733946870E-013   5.9889183335850602E-015  -2.5597777110180475E-015  -4.9559596279591074E-016  -1.5802062880261446E-015  -6.0458366810681471E-015  -4.4087082901507988E-015   2.0170706963187731E-009   2.8839849713303101E-008  -1.7093500758848023E-009  -1.3099055056367945E-009   5.8492750697374988E-016  -1.3323004103976219E-015   1.9121434368490348E-016   9.1105932255386506E-017  -1.4739491444361037E-015  -6.7603304069035477E-016
  -4.2669612004741333E-008   6.6857527565914141E-008   7.5082572339718122E-008   1.3015454219150420E-009  -1.1723317685766944E-014   5.0965899989448521E-014  -8.7943546367927217E-015   1.2806065671708811E-014   2.1734016541729636E-014  -1.0827459636865443E-015  -5.5018866455033969E-008   8.6222228386703478E-008   9.6823002578026110E-008   2.1966509886735294E-009  -9.3036517725389271E-010  -3.9793190692629358E-009  -2.0992304387293496E-009   2.2902764440357631E-011   9.2342823343162818E-016   4.3649893044593261E-016   1.1442505550543601E-015  -1.6134955403721961E-015  -1.0009043181846663E-015   3.7458448236218501E-016  -1.6264660713926088E-015   1.0510888920799498E-015   1.7456273453518079E-015  -1.6362979635005610E-015  -8.2683229906444483E-013  -8.3723348854406999E-016   2.0819616502907356E-014  -2.8129409947809914E-015   5.4777982640053011E-015   7.3465270687405146E-015  -4.6405625692954077E-015   3.0803004708119073E-010  -2.2622983012880504E-008   3.5109273816693641E-008   3.9575796219366423E-008   3.4745944171627072E-016   5.2065035815516829E-015  -2.2046344941924238E-015   2.4400671182253024E-016   1.9540603104313164E-015  -5.9146576817233303E-016
  -8.7698015340127301E-009  -3.6978263935266897E-008   4.8763008729667076E-010   2.4337937203368782E-009  -1.4765379631332495E-015  -8.7943546367927217E-015   6.1991540880306946E-015  -3.6805709190021032E-015   6.8852480861326835E-015   5.1571092383067006E-015  -1.1314560769582133E-008  -4.7684484639384012E-008   6.3805034346157317E-010   4.1066767626837968E-009   2.1941257976603735E-009   6.7941272229545355E-010  -3.3270883718341637E-009   2.1896673220887390E-010   5.6630777192917732E-016   9.3807941346032175E-016  -3.0259442110099319E-016  -1.7583235779649752E-016   4.4638328334584720E-016  -5.8394924180184083E-016  -9.2056800346086587E-017   4.4832189142784190E-016  -8.1456877719145211E-016  -1.0861878967374652E-016   3.0653412499288369E-012  -1.2872582785423147E-015  -4.5990762387312100E-015   3.2217914100374575E-015  -1.8432509896762380E-015   4.3442824776685524E-015   3.1305103751234603E-015   5.8848496731083534E-010  -4.5014278324308368E-009  -1.9513164490255500E-008   5.1124739069305097E-011  -3.7674736837852524E-016  -5.2657882955345610E-016   7.5228555279731532E-016  -2.0967388465055114E-016   8.5316598077725129E-016   5.8642134253294897E-016
  -1.2784185604459147E-008   2.6209999919864388E-008   9.3849084989124990E-009  -5.2389891828439743E-009  -3.6342366661549408E-015   1.2806065671708811E-014  -3.6805709190021032E-015   4.1100330325039681E-015   7.5969412219496501E-016  -4.7579714998300486E-016  -1.6491655847704385E-008   3.3804511971158152E-008   1.2105901144022520E-008  -8.8409857416282547E-009   2.4265250524780966E-009  -2.6408718486710880E-009  -1.5464748618976645E-009  -2.0259826256179437E-010  -4.4613493629193871E-017  -1.9478867491409004E-016   2.1629190258411305E-016  -1.9155998823410065E-016  -4.7106763435763048E-016   2.5141461761498031E-016  -2.1371901762596645E-016   7.5110565149406753E-017   4.8152024874827647E-016  -2.1719705582385278E-016   5.1010179970330767E-013  -8.2374064401938311E-016   5.2367635614728085E-015  -1.8055524295929883E-015   1.9071251000096880E-015   2.0211540502452954E-016  -1.0833866834739248E-015  -1.2476510870591262E-009  -6.6099290659374136E-009   1.3696641064084668E-008   4.8669551531196418E-009   1.1238377413445846E-016   1.1645428482201962E-015  -7.2206143471941537E-016   7.6317730850932132E-017   1.5677023274874376E-016  -1.8870170972075165E-016
  -2.7180440330443412E-008  -3.5720791839461521E-008   8.4056231630078414E-008   5.2972123059338100E-009  -6.6006090769218781E-015   2.1734016541729636E-014   6.8852480861326835E-015   7.5969412219496501E-016   3.8889245728608993E-014   5.8409172890311320E-015  -3.5049356962997997E-008  -4.6066850527905353E-008   1.0839829936891128E-007   8.9415385133407111E-009   2.9959806265091071E-010   2.0500942040111307E-009  -3.5119736789159836E-009  -3.4224100414587179E-010   2.3118485048004140E-015   2.5523235714745453E-015   3.4784634513788686E-016  -2.3000251599527347E-015   1.0157614757237606E-015  -8.0164555400353943E-016  -1.8314341815590707E-015   2.1901585928539129E-015  -9.5194054553961216E-017  -1.8917046880602465E-015  -1.0776123987190385E-011   6.1129360106770067E-017   7.8106131931870347E-015   5.7730868760280450E-015  -2.7383227934254541E-016   1.6186254177028359E-014   2.1270692439729333E-016   1.2226525512713213E-009  -1.4355336508868068E-008  -1.8763004111108626E-008   4.4233603407033007E-008  -2.7954042286906401E-016   3.2244387727970166E-015  -2.6599975019776806E-018  -1.2197524695093176E-016   3.5234458677365226E-015   4.0151618606798332E-016
  -4.2294209415331401E-008  -2.2887210208929212E-008  -6.9685643664174435E-009  -3.2180787992880760E-009  -9.6512540313096732E-015  -1.0827459636865443E-015   5.1571092383067006E-015  -4.7579714998300486E-016   5.8409172890311320E-015   1.0127050422478384E-014  -5.4543534899770005E-008  -2.9517716743951134E-008  -8.9915433383150593E-009  -5.4304211714996061E-009   2.2002782652240838E-009   1.8708017387767571E-009   2.0625515810519513E-009  -1.6720430842607947E-010   5.3433042842707443E-016   1.0558894770883570E-015  -3.4335747468966048E-016  -1.9204234284332369E-017  -3.4741331719938952E-016  -6.9767690700484324E-016  -8.7702537429732498E-017   4.8859602098066289E-016  -9.3822191761364719E-016  -1.0825558649134005E-016  -2.3074644860212098E-013  -5.1651758516513920E-015  -2.6769850372517209E-015   2.3011491578800796E-015  -3.2692024805992726E-016   5.8437199338015012E-015   5.4920945718168418E-015  -7.6940783704252969E-010  -2.2229921308017049E-008  -1.1987290694881638E-008  -3.5570479166387488E-009  -6.9731080845844000E-016   1.6775768418259102E-016   5.3084708351468671E-016  -1.6742411794261900E-016   1.3171787163358490E-015   8.6473473259916927E-016
  0.30187693907329044       -4.5071773398482329E-009  -2.1108765747017095E-008   1.5429441740571358E-007   7.1035189334640838E-008  -5.5018866455033969E-008  -1.1314560769582133E-008  -1.6491655847704385E-008  -3.5049356962997997E-008  -5.4543534899770005E-008  0.38928461519767582        1.3313757726739842E-008   8.8021512193936831E-008  -9.2917952417016154E-008  -7.6333025585856463E-003   1.7215724950889336E-009   1.0351265599236403E-008  -5.9867744647707832E-008  -2.5571576937893484E-009  -4.7114551521072115E-009   2.3793749679464234E-010   2.6855551006155734E-010   4.9759318063021170E-009   3.1622445748886258E-009   1.4873757953367461E-009  -2.2882321872875553E-009   2.7159310284676640E-009   1.5281993993566925E-009  -4.8232112770426211E-009   3.2396452916635087E-008  -9.7947619021585555E-009  -4.4579999371204489E-009  -6.4603039731506203E-009  -3.1920548159114457E-008  -2.5936150011206619E-008  -3.4711664492976503E-008  0.15916869163840933        4.0682907824307604E-009   3.0205865396082790E-008   3.3999604716960393E-009  -6.3400134475891136E-009   3.8993182889932205E-010   7.0177891456668677E-010  -7.7784662147896915E-009  -4.1017394083500845E-009
  -2.2474353996812923E-009  0.30187698435962435        2.0848535906727969E-008   8.1126973553897996E-008  -4.2867933818922671E-009   8.6222228386703478E-008  -4.7684484639384012E-008   3.3804511971158152E-008  -4.6066850527905353E-008  -2.9517716743951134E-008   1.3313757726739842E-008  0.38928444012029317       -8.7490920864366391E-008  -2.7695587341722078E-008   1.1639626958641683E-009  -7.6333243231121329E-003  -9.7878080670191523E-009  -2.6837676217066990E-008  -3.9918665444169783E-009  -6.5546254466738401E-009   2.7553042221379504E-009   1.5425665420495528E-009  -5.0521468052510137E-009   3.8130820353651340E-009   2.8869604970439354E-010  -3.3598134678512968E-009   6.1672705894491981E-009   4.5057553192273036E-010  -1.5651411060492977E-009   3.5942389491719300E-009   4.0591077596566983E-008  -2.5083410245230142E-008   1.6053672829398559E-008  -2.7989837900987595E-008  -1.9647911227746493E-008  -1.8540117222601337E-008   4.7884195289301962E-009  0.15916863204082232       -3.2827817984696950E-008   2.5370960709480093E-009   6.0835019093027818E-009  -6.7192136240989996E-009   1.1743740989782634E-009  -5.2152809456081053E-009  -3.7114699303416108E-009
  -2.3143838280011622E-008   2.7295911771423100E-008  0.30187697813943148       -1.4146918064992219E-007  -3.1143533154758126E-009   9.6823002578026110E-008   6.3805034346157317E-010   1.2105901144022520E-008   1.0839829936891128E-007  -8.9915433383150593E-009   8.8021512193936831E-008  -8.7490920864366391E-008  0.38928447002603533        2.5558343745479803E-007   1.1636648764594002E-008  -1.1433202952264372E-008  -7.6333206101496676E-003   8.5448323859206987E-008   5.8263014377874695E-009   4.9340129763475452E-009   2.2006201198378572E-009  -7.7798115477905703E-009   3.3748869049996223E-009  -3.6990606453824766E-011  -5.9418663165675442E-009   6.0021739165646356E-009   3.0378348068756526E-009  -6.1139565559955668E-009   9.6497993167717562E-009   1.1723227713487511E-008   4.2062647062365601E-008   8.4200529360883588E-009   4.1951259241549933E-009   3.6456258933557854E-008  -1.5918348327589561E-008   4.7822744341160600E-008   2.7996373927087253E-008  -3.0590768709128530E-008  0.15916864017641577        1.1112891507545919E-009   1.2068932493430216E-008  -2.7065558958783730E-009   3.7852511428691850E-010   8.0610400605310040E-009  -1.4898131789325223E-009
  -4.9896490883022904E-008  -2.5059412013429633E-008   3.0486898721417353E-008  0.49241572349164425        1.4271515563027316E-008   2.1966509886735294E-009   4.1066767626837968E-009  -8.8409857416282547E-009   8.9415385133407111E-009  -5.4304211714996061E-009  -9.2917952417016154E-008  -2.7695587341722078E-008   2.5558343745479803E-007  0.83104201645544828       -1.5349346049700004E-008  -7.0054909485400352E-009   1.9962919784295793E-008   4.9790929802592625E-004  -1.2145594723112846E-009  -1.9832905841578943E-009   7.6556982341482315E-009   6.7906993029736319E-009  -6.8457953808750870E-009  -5.1611946150185516E-009  -8.3126276363941631E-010  -7.8775910830563663E-009   3.0985457442479412E-009   1.6538974262880177E-010  -3.6755324081892010E-004   1.3612873088646872E-008   1.0961403080159922E-009   5.9686060683398264E-009  -1.1832778047269108E-008  -1.3352620524100496E-008  -1.7798628554992605E-009  0.11594916615620643       -6.6005049669105676E-008  -3.1243816326303183E-008   1.2802366716949531E-007   2.9589515005402210E-009   1.2291945517804161E-010   3.0011438045054923E-010  -2.7766773902954087E-009  -2.0010252022286129E-009  -1.8225088950746588E-010
  -1.8574781915107986E-003   9.9922014411267706E-010   8.4440141705164893E-009   6.3297769691553989E-009  -4.6268046011604314E-009  -9.3036517725389271E-010   2.1941257976603735E-009   2.4265250524780966E-009   2.9959806265091071E-010   2.2002782652240838E-009  -7.6333025585856463E-003   1.1639626958641683E-009   1.1636648764594002E-008  -1.5349346049700004E-008   1.8838530903976176        2.6328180944596626E-010   4.7965572054664787E-009  -5.4907149050786290E-008  -2.1177834702971471E-010   1.2171166084901401E-011  -2.8853521825237423E-011   9.2539122109372672E-011   1.9080595735291399E-010   1.9166684617389319E-010   5.5713171501352330E-011  -5.4899720515071014E-011  -8.6919089470084370E-011   6.2426643217093027E-011  -6.8794191252947600E-009   1.1127096529751960E-008   7.6709988650919981E-009  -5.2055795411204258E-009  -5.9043822033294157E-009   3.5189873510497551E-009  -5.2227191102304743E-009   4.4132461837317326E-008  0.11608616485867679        2.6587732471245888E-010   1.3761544808125446E-010   2.5587104891652201E-008   1.3033277384670551E-008  -1.5038973260286953E-008  -1.3912621707933948E-008   3.4244842584694736E-009  -1.1674484812178868E-008
   1.3780241119694447E-009  -1.8574930315014048E-003  -7.4107194182583072E-009   5.4242059189671098E-009   7.7006278615378101E-010  -3.9793190692629358E-009   6.7941272229545355E-010  -2.6408718486710880E-009   2.0500942040111307E-009   1.8708017387767571E-009   1.7215724950889336E-009  -7.6333243231121329E-003  -1.1433202952264372E-008  -7.0054909485400352E-009   2.6328180944596626E-010   1.8838530805941127       -6.4295365097141682E-009  -3.3575074367463014E-008   8.0447983435151282E-011  -1.6663045189676848E-010  -4.0513959011532011E-011   1.0618952473892659E-011  -1.8708123725650622E-010  -1.1855046891673233E-010   4.3654635583776655E-011   2.8766040183264583E-010   1.0810381216680332E-010  -1.8421465485119577E-010  -4.2345397025815249E-009  -5.3690800429394608E-009   9.4189908495610213E-009   2.0422726894459474E-009   7.2601303601538268E-009  -4.4441655644944954E-009  -1.8910454448500676E-009   2.7311384744413611E-008   3.8659538665606802E-010  0.11608616522449144        1.4938475822232399E-009  -8.1992382382211054E-009   2.0890299053098077E-008   2.1775986199587593E-009   1.4465875610409091E-008  -1.2139596423472691E-008  -6.2666336099303849E-009
   7.5199369248622453E-009  -6.2769658136710311E-009  -1.8574899278352877E-003   7.3129860441305749E-010  -5.1607846801919489E-010  -2.0992304387293496E-009  -3.3270883718341637E-009  -1.5464748618976645E-009  -3.5119736789159836E-009   2.0625515810519513E-009   1.0351265599236403E-008  -9.7878080670191523E-009  -7.6333206101496676E-003   1.9962919784295793E-008   4.7965572054664787E-009  -6.4295365097141682E-009   1.8838530800027582        4.2183819227829159E-008   3.9238789000265606E-011  -1.1885620613373027E-010  -2.7689899538305929E-010   1.5354169164078538E-010  -1.3176433983646584E-010  -2.0618495895033169E-010  -5.3216338652850842E-011   1.6670757651009037E-010   1.9025136944478367E-010   8.2079712713963527E-011   5.5292935400691222E-009   2.5223873330647248E-009  -5.1070675797075215E-009   9.9775769122703154E-009   3.1371848344678282E-009   4.7249700263154629E-009  -5.6595672673943188E-009  -3.4206568257943679E-008  -3.2333640420856378E-010   1.9739859222610735E-009  0.11608616729211922        6.3784610661151317E-009  -2.1095414057827913E-009   2.2958554634381118E-008   9.0914992566683807E-009   1.1468178876063330E-008  -1.5469958651049579E-008
  -3.0986015928410822E-008  -1.1728519216455075E-008   5.5252759131849213E-008   4.3923821502283664E-003   3.6975538923767594E-010   2.2902764440357631E-011   2.1896673220887390E-010  -2.0259826256179437E-010  -3.4224100414587179E-010  -1.6720430842607947E-010  -5.9867744647707832E-008  -2.6837676217066990E-008   8.5448323859206987E-008   4.9790929802592625E-004  -5.4907149050786290E-008  -3.3575074367463014E-008   4.2183819227829159E-008   1.8057478300023559        5.5560841612698503E-011  -2.8291075184567398E-010   3.3328432245783118E-011   2.1673141965644524E-010  -9.3341127587937741E-012  -2.9127374727638156E-010   2.1457753162885661E-011  -1.1192634980322716E-010   2.5412452075003250E-010   5.8584314999496941E-011   1.6509817040972756E-004  -5.1328519537016817E-010   8.8043833737153826E-011  -7.4805548940625551E-011   3.3965248345783075E-010   4.7936796445618179E-010   1.7364759656019574E-010  0.12943989527089886        2.0723225218899507E-009   5.2510801217334849E-009   1.6166514618871592E-008  -2.4922774289217977E-009  -1.3357189689957519E-010  -1.3516629975063395E-009   1.7103655752402993E-009   2.4846099838824550E-009   7.8196925820265487E-010
  -1.9835546157054161E-009  -3.0955519702247917E-009   4.5184311628616796E-009  -7.1953951726186509E-010  -4.8971703746392484E-016   9.2342823343162818E-016   5.6630777192917732E-016  -4.4613493629193871E-017   2.3118485048004140E-015   5.3433042842707443E-016  -2.5571576937893484E-009  -3.9918665444169783E-009   5.8263014377874695E-009  -1.2145594723112846E-009  -2.1177834702971471E-010   8.0447983435151282E-011   3.9238789000265606E-011   5.5560841612698503E-011   1.4675791736009325E-016   1.7490710961760512E-016  -8.0844087133586650E-018  -1.4395162037869803E-016   7.9590390174806085E-017  -5.2944839621419231E-017  -1.0047086675027818E-016   1.5086357135885898E-016  -4.0111039280426521E-017  -1.0642064349865066E-016  -1.0625911752603919E-012  -9.5535434843284329E-017   2.7466715406094329E-016   4.0535750271993915E-016  -4.0982189549074808E-017   1.0618947355797312E-015   1.3651736743304721E-016  -1.6542453631034787E-010  -1.0621328012464015E-009  -1.6320363403884735E-009   2.3919412817767217E-009  -3.9175070223354024E-017   1.5778916116033787E-016   2.9309657943806152E-017  -4.1849431742419371E-018   2.2870244795682600E-016   4.3359995563188598E-017
  -3.6537467138637252E-009  -5.0835265438472989E-009   3.8261129861390869E-009  -1.1758029904692109E-009  -8.6110100992807003E-016   4.3649893044593261E-016   9.3807941346032175E-016  -1.9478867491409004E-016   2.5523235714745453E-015   1.0558894770883570E-015  -4.7114551521072115E-009  -6.5546254466738401E-009   4.9340129763475452E-009  -1.9832905841578943E-009   1.2171166084901401E-011  -1.6663045189676848E-010  -1.1885620613373027E-010  -2.8291075184567398E-010   1.7490710961760512E-016   2.3474992710981084E-016  -3.9653866962435785E-017  -1.4407910016995060E-016   8.3990131860357310E-017  -9.0583518994073951E-017  -9.6202005265950870E-017   1.7912329133352261E-016  -1.0568094809430928E-016  -1.0395381518650481E-016   8.1651895366219268E-012  -3.3613023597394415E-016  -3.6285046920004470E-017   5.6865146898061413E-016  -1.1172893417600090E-016   1.3520651792802496E-015   4.4785868407024744E-016  -2.9690138164138423E-010  -1.9314717862125493E-009  -2.6987001942826226E-009   2.0159949042249161E-009  -7.6345833565830126E-017   1.2317688242226693E-016   7.3657247617882764E-017  -1.8895276732160003E-017   2.9015482621184424E-016   9.5241055380792271E-017
   1.8445985378830901E-010   2.1366753474889695E-009   1.7060016776733109E-009   4.5362806396475817E-009   1.2706661000209115E-016   1.1442505550543601E-015  -3.0259442110099319E-016   2.1629190258411305E-016   3.4784634513788686E-016  -3.4335747468966048E-016   2.3793749679464234E-010   2.7553042221379504E-009   2.2006201198378572E-009   7.6556982341482315E-009  -2.8853521825237423E-011  -4.0513959011532011E-011  -2.7689899538305929E-010   3.3328432245783118E-011  -8.0844087133586650E-018  -3.9653866962435785E-017   1.0264262244302605E-016   2.9662448147036910E-017  -7.6701191128766058E-017  -1.8816057420842145E-017  -3.8273858229672967E-017  -6.3852556653560717E-017   9.1003413663233141E-017  -2.8912134514524098E-017  -5.5258515709976054E-012   2.3637725144021296E-016   5.2969893304768049E-016  -7.8860483724112322E-017   2.4124418433164843E-017  -1.3527909497716158E-016  -2.6049949796582827E-016   1.0702034966465880E-009   9.5755663492206622E-011   1.1274297541123508E-009   8.8498613249074648E-010   5.2354024472216240E-017   1.0875617683986539E-016  -6.2510967623825280E-017  -1.5517824367524552E-017  -1.6065237081069709E-017  -3.6835977616561072E-017
   2.0846849731774513E-010   1.1962946294436497E-009  -6.0329804326053741E-009   4.0241692800545317E-009   2.1076502113086786E-016  -1.6134955403721961E-015  -1.7583235779649752E-016  -1.9155998823410065E-016  -2.3000251599527347E-015  -1.9204234284332369E-017   2.6855551006155734E-010   1.5425665420495528E-009  -7.7798115477905703E-009   6.7906993029736319E-009   9.2539122109372672E-011   1.0618952473892659E-011   1.5354169164078538E-010   2.1673141965644524E-010  -1.4395162037869803E-016  -1.4407910016995060E-016   2.9662448147036910E-017   2.1729654640604219E-016  -1.3996450900640912E-016  -2.4165189817938098E-017   1.1413318381704710E-016  -1.9922807503347633E-016  -9.0467048962693967E-018   1.2638586262019341E-016  -8.5276712091565857E-012  -8.6024749984697798E-017  -6.7695551943640432E-016  -2.2221776020040252E-016  -1.2147791994954506E-016  -9.7051402562047513E-016   2.0750446411488278E-016   9.6269526234833906E-010   1.1599499647202556E-010   6.3330261960776632E-010  -3.1809066260203679E-009   1.5233286954622128E-017  -2.1935027380469703E-016   2.9303028701162607E-017  -2.5317119319668984E-017  -2.0327898950468768E-016   1.0084008098236840E-017
   3.8592863907334003E-009  -3.9183862121011591E-009   2.6169686374227534E-009  -4.0563389891554502E-009   8.1848005456440050E-016  -1.0009043181846663E-015   4.4638328334584720E-016  -4.7106763435763048E-016   1.0157614757237606E-015  -3.4741331719938952E-016   4.9759318063021170E-009  -5.0521468052510137E-009   3.3748869049996223E-009  -6.8457953808750870E-009   1.9080595735291399E-010  -1.8708123725650622E-010  -1.3176433983646584E-010  -9.3341127587937741E-012   7.9590390174806085E-017   8.3990131860357310E-017  -7.6701191128766058E-017  -1.3996450900640912E-016   2.1491183018901508E-016   3.3182999427363878E-017  -2.9388526178523768E-017   1.3122458664076553E-016  -4.4560938451114828E-017  -4.0638963460336224E-017   3.7834668595187656E-012   3.5946102290353863E-016  -2.9661836659351843E-016   2.9098163935568923E-016  -1.5926610000387162E-016   3.8229717948570744E-016  -2.0019681201046957E-016  -9.5551868845821473E-010   2.0527830341602636E-009  -2.0838041228045091E-009   1.3757555510376179E-009   7.4188745938176135E-019  -5.7522557819138120E-017   6.2844235018620424E-017   1.5233515584526017E-017   5.6574887848715453E-017  -1.5975589350268470E-017
   2.4527595415091498E-009   2.9568222965526678E-009  -2.9129949294079255E-011  -3.0588044341570449E-009   4.4626162851855549E-016   3.7458448236218501E-016  -5.8394924180184083E-016   2.5141461761498031E-016  -8.0164555400353943E-016  -6.9767690700484324E-016   3.1622445748886258E-009   3.8130820353651340E-009  -3.6990606453824766E-011  -5.1611946150185516E-009   1.9166684617389319E-010  -1.1855046891673233E-010  -2.0618495895033169E-010  -2.9127374727638156E-010  -5.2944839621419231E-017  -9.0583518994073951E-017  -1.8816057420842145E-017  -2.4165189817938098E-017   3.3182999427363878E-017   9.5198224892372204E-017   2.0662655306876367E-017  -3.1767027256874032E-018   6.2861382767539721E-017   1.6392442266465495E-017   9.9532106376887354E-012   2.1420060059473801E-016   3.0845075156926426E-016  -3.2162655204389679E-016   1.7646072977339283E-016  -4.5416793615897178E-016  -3.9066277980127752E-016  -7.4075462965631431E-010   1.3090158102148265E-009   1.5563029676844839E-009  -2.8218676674572613E-011   3.7326727030600341E-017   7.6542226586744386E-018  -6.8626606802778317E-017   3.0931272691556730E-017  -1.0355761097890553E-016  -6.8258151527967835E-017
   1.1535935795102143E-009   2.2397890713526505E-010  -4.6080830411433877E-009  -4.9249134478470393E-010   3.0142137313597436E-016  -1.6264660713926088E-015  -9.2056800346086587E-017  -2.1371901762596645E-016  -1.8314341815590707E-015  -8.7702537429732498E-017   1.4873757953367461E-009   2.8869604970439354E-010  -5.9418663165675442E-009  -8.3126276363941631E-010   5.5713171501352330E-011   4.3654635583776655E-011  -5.3216338652850842E-011   2.1457753162885661E-011  -1.0047086675027818E-016  -9.6202005265950870E-017  -3.8273858229672967E-017   1.1413318381704710E-016  -2.9388526178523768E-017   2.0662655306876367E-017   9.7443237108128139E-017  -9.4995026118761487E-017  -3.4531798467007774E-017   9.9332077232793028E-017   2.3548378333684677E-013  -6.5971900481699712E-017  -6.4945207920612860E-016  -1.7123793124875565E-016  -6.5334047745891338E-017  -6.8629998035372842E-016   1.3130563089952555E-016  -1.1440705381639115E-010   6.1352212820843634E-010   1.2116134530425406E-010  -2.4402208805909178E-009  -4.7142959135569302E-018  -2.0275133217561988E-016   3.4814298806044594E-017  -4.9394678915765983E-019  -1.5581660751228181E-016   5.2082035619480416E-018
  -1.7746626477371771E-009  -2.6049424724319688E-009   4.6550980690804461E-009  -4.6679439903462236E-009  -5.6370755265845108E-016   1.0510888920799498E-015   4.4832189142784190E-016   7.5110565149406753E-017   2.1901585928539129E-015   4.8859602098066289E-016  -2.2882321872875553E-009  -3.3598134678512968E-009   6.0021739165646356E-009  -7.8775910830563663E-009  -5.4899720515071014E-011   2.8766040183264583E-010   1.6670757651009037E-010  -1.1192634980322716E-010   1.5086357135885898E-016   1.7912329133352261E-016  -6.3852556653560717E-017  -1.9922807503347633E-016   1.3122458664076553E-016  -3.1767027256874032E-018  -9.4995026118761487E-017   2.0974623510024501E-016  -5.1673868087775642E-017  -1.0874205314286762E-016   7.5882889469724664E-012  -1.7053373145757603E-016   3.4554963780117623E-016   3.1793850529133838E-016   7.7943206986200562E-017   1.1179269823749793E-015   9.2588407647285639E-017  -1.1067850172780896E-009  -9.4191418793454982E-010  -1.3597081226170764E-009   2.4721358519085282E-009  -5.4000011657458121E-017   1.7119628529001937E-016   1.5699447641208280E-017   2.1610209335184579E-017   2.3398414872310374E-016   3.2389594392094918E-017
   2.1060384435321224E-009   4.7830053251577981E-009   2.3562772921530157E-009   1.8365489560834003E-009   4.5670212068961562E-016   1.7456273453518079E-015  -8.1456877719145211E-016   4.8152024874827647E-016  -9.5194054553961216E-017  -9.3822191761364719E-016   2.7159310284676640E-009   6.1672705894491981E-009   3.0378348068756526E-009   3.0985457442479412E-009  -8.6919089470084370E-011   1.0810381216680332E-010   1.9025136944478367E-010   2.5412452075003250E-010  -4.0111039280426521E-017  -1.0568094809430928E-016   9.1003413663233141E-017  -9.0467048962693967E-018  -4.4560938451114828E-017   6.2861382767539721E-017  -3.4531798467007774E-017  -5.1673868087775642E-017   1.5200974881205882E-016  -2.9314150391168550E-017  -8.4716376712183551E-012   4.2464034469328188E-016   9.0761344497317256E-016  -3.3890987447566959E-016   1.9938273862906272E-016  -4.3129540910768972E-016  -6.2402217150255671E-016   4.5039459413299388E-010   1.1083453835211074E-009   2.5361361894976694E-009   1.2579038372594765E-009   8.2670326705150431E-017   1.4884251648271311E-016  -1.2036499831811003E-016   1.9558209183197792E-017  -8.1104856980521439E-017  -1.0222842845819944E-016
   1.1852671563500392E-009   3.4902643351931571E-010  -4.7412489255041025E-009   9.8136412144887050E-011   3.2545258912113156E-016  -1.6362979635005610E-015  -1.0861878967374652E-016  -2.1719705582385278E-016  -1.8917046880602465E-015  -1.0825558649134005E-016   1.5281993993566925E-009   4.5057553192273036E-010  -6.1139565559955668E-009   1.6538974262880177E-010   6.2426643217093027E-011  -1.8421465485119577E-010   8.2079712713963527E-011   5.8584314999496941E-011  -1.0642064349865066E-016  -1.0395381518650481E-016  -2.8912134514524098E-017   1.2638586262019341E-016  -4.0638963460336224E-017   1.6392442266465495E-017   9.9332077232793028E-017  -1.0874205314286762E-016  -2.9314150391168550E-017   1.0260066720173939E-016  -1.5408861278397051E-012  -4.9075551443715298E-017  -6.5236668512475647E-016  -1.7819759588162721E-016  -7.6076298425887175E-017  -7.3241847883520926E-016   1.2515180881345456E-016   2.7266401875285417E-011   6.3068935451294555E-010   1.7313029786999528E-010  -2.5022357767835633E-009   1.2268278987387476E-018  -2.0866280365793800E-016   3.4890285280727292E-017  -4.5412220775206865E-018  -1.6242654264135709E-016   3.3143833280468426E-018
  -4.3505708740501631E-009  -1.5560577268091325E-009   7.9300855397268441E-009  -3.5486745754823306E-004  -2.7608608733946870E-013  -8.2683229906444483E-013   3.0653412499288369E-012   5.1010179970330767E-013  -1.0776123987190385E-011  -2.3074644860212098E-013  -4.8232112770426211E-009  -1.5651411060492977E-009   9.6497993167717562E-009  -3.6755324081892010E-004  -6.8794191252947600E-009  -4.2345397025815249E-009   5.5292935400691222E-009   1.6509817040972756E-004  -1.0625911752603919E-012   8.1651895366219268E-012  -5.5258515709976054E-012  -8.5276712091565857E-012   3.7834668595187656E-012   9.9532106376887354E-012   2.3548378333684677E-013   7.5882889469724664E-012  -8.4716376712183551E-012  -1.5408861278397051E-012   2.0003326726582982       -2.7584819103226831E-011  -2.2051205232739112E-012  -2.2373689525793559E-011   1.5994352172041919E-011   3.1474257450636020E-011   1.1591722009204802E-011  -1.2219879543446141E-003  -3.4093870121924737E-009  -1.4740040848172386E-009   4.9176383505314597E-009   3.3597112605337880E-012  -2.2852372004203831E-012   2.8945664852757504E-012  -1.5288524962332595E-012  -1.0455014604424057E-011  -1.8322849355673442E-012
   2.5147705057562235E-008   2.7757873829085626E-009   9.0968931425573946E-009   8.0648373096388056E-009   5.9889183335850602E-015  -8.3723348854406999E-016  -1.2872582785423147E-015  -8.2374064401938311E-016   6.1129360106770067E-017  -5.1651758516513920E-015   3.2396452916635087E-008   3.5942389491719300E-009   1.1723227713487511E-008   1.3612873088646872E-008   1.1127096529751960E-008  -5.3690800429394608E-009   2.5223873330647248E-009  -5.1328519537016817E-010  -9.5535434843284329E-017  -3.3613023597394415E-016   2.3637725144021296E-016  -8.6024749984697798E-017   3.5946102290353863E-016   2.1420060059473801E-016  -6.5971900481699712E-017  -1.7053373145757603E-016   4.2464034469328188E-016  -4.9075551443715298E-017  -2.7584819103226831E-011   3.3977851862642608E-015   8.5599834516662814E-016  -2.7382359785518509E-016  -5.1126140829198824E-016  -1.9958051532629130E-015  -2.8865199392126038E-015   1.8619573534503743E-009   1.3990455905104493E-008   1.1342800015082314E-009   4.9675058096471625E-009   5.8149035650473467E-016  -8.7171568151756605E-017  -1.7193607016343453E-016  -7.9582303547265652E-017  -4.1436638539068876E-016  -5.0190767435925446E-016
  -7.5793878103188936E-009   3.1499052266907321E-008   3.2608941527659997E-008   6.4966572365639810E-010  -2.5597777110180475E-015   2.0819616502907356E-014  -4.5990762387312100E-015   5.2367635614728085E-015   7.8106131931870347E-015  -2.6769850372517209E-015  -9.7947619021585555E-009   4.0591077596566983E-008   4.2062647062365601E-008   1.0961403080159922E-009   7.6709988650919981E-009   9.4189908495610213E-009  -5.1070675797075215E-009   8.8043833737153826E-011   2.7466715406094329E-016  -3.6285046920004470E-017   5.2969893304768049E-016  -6.7695551943640432E-016  -2.9661836659351843E-016   3.0845075156926426E-016  -6.4945207920612860E-016   3.4554963780117623E-016   9.0761344497317256E-016  -6.5236668512475647E-016  -2.2051205232739112E-012   8.5599834516662814E-016   9.1201110369814841E-015  -1.6213048526738419E-015   2.2839915454384138E-015   1.7782211802485639E-015  -3.1399889295630399E-015   1.5919835026713911E-010  -3.5315400246575071E-009   1.7243108625795865E-008   1.6927362955721918E-008   3.4596881953862335E-016   2.2675133578978086E-015  -1.1032034972389336E-015   1.4481865100641181E-016   4.4057258014578047E-016  -4.9078728413520120E-016
  -3.4684413391832888E-009  -1.9447995171139763E-008   6.5513322088003831E-009   3.5363749827262931E-009  -4.9559596279591074E-016  -2.8129409947809914E-015   3.2217914100374575E-015  -1.8055524295929883E-015   5.7730868760280450E-015   2.3011491578800796E-015  -4.4579999371204489E-009  -2.5083410245230142E-008   8.4200529360883588E-009   5.9686060683398264E-009  -5.2055795411204258E-009   2.0422726894459474E-009   9.9775769122703154E-009  -7.4805548940625551E-011   4.0535750271993915E-016   5.6865146898061413E-016  -7.8860483724112322E-017  -2.2221776020040252E-016   2.9098163935568923E-016  -3.2162655204389679E-016  -1.7123793124875565E-016   3.1793850529133838E-016  -3.3890987447566959E-016  -1.7819759588162721E-016  -2.2373689525793559E-011  -2.7382359785518509E-016  -1.6213048526738419E-015   1.9630467556903306E-015  -9.1417495250587378E-016   2.8787256257809283E-015   1.1880003533358953E-015   8.2715254414834306E-010  -2.1577233448220008E-009  -1.0157860476928771E-008   4.0846120093526452E-009  -2.0134629055349006E-016  -8.6514514307708255E-017   5.3941063775260323E-016   4.4359605796164665E-018   6.2833044246553015E-016   1.9691051937037085E-016
  -5.0227521252856607E-009   1.2465418479119679E-008   3.2601284233878208E-009  -7.0104697721212585E-009  -1.5802062880261446E-015   5.4777982640053011E-015  -1.8432509896762380E-015   1.9071251000096880E-015  -2.7383227934254541E-016  -3.2692024805992726E-016  -6.4603039731506203E-009   1.6053672829398559E-008   4.1951259241549933E-009  -1.1832778047269108E-008  -5.9043822033294157E-009   7.2601303601538268E-009   3.1371848344678282E-009   3.3965248345783075E-010  -4.0982189549074808E-017  -1.1172893417600090E-016   2.4124418433164843E-017  -1.2147791994954506E-016  -1.5926610000387162E-016   1.7646072977339283E-016  -6.5334047745891338E-017   7.7943206986200562E-017   1.9938273862906272E-016  -7.6076298425887175E-017   1.5994352172041919E-011  -5.1126140829198824E-016   2.2839915454384138E-015  -9.1417495250587378E-016   1.0382765486073158E-015  -6.1496066407043798E-017  -5.2701830222097738E-016  -1.6261050344004008E-009  -3.0231217905797421E-009   7.0433111296298541E-009   1.9190191791704933E-009  -8.6398926475011300E-017   5.2433110386136919E-016  -2.2176358023022676E-016   1.9904242570031680E-016  -9.9809988946168343E-018  -1.1264377363284141E-016
  -2.4747065760026571E-008  -2.1715933859646604E-008   2.8282333049811462E-008  -7.9107500686689695E-009  -6.0458366810681471E-015   7.3465270687405146E-015   4.3442824776685524E-015   2.0211540502452954E-016   1.6186254177028359E-014   5.8437199338015012E-015  -3.1920548159114457E-008  -2.7989837900987595E-008   3.6456258933557854E-008  -1.3352620524100496E-008   3.5189873510497551E-009  -4.4441655644944954E-009   4.7249700263154629E-009   4.7936796445618179E-010   1.0618947355797312E-015   1.3520651792802496E-015  -1.3527909497716158E-016  -9.7051402562047513E-016   3.8229717948570744E-016  -4.5416793615897178E-016  -6.8629998035372842E-016   1.1179269823749793E-015  -4.3129540910768972E-016  -7.3241847883520926E-016   3.1474257450636020E-011  -1.9958051532629130E-015   1.7782211802485639E-015   2.8787256257809283E-015  -6.1496066407043798E-017   8.2920781250146026E-015   2.0572980324105129E-015  -1.8280881520086204E-009  -1.2868426384522500E-008  -1.1760315523036370E-008   1.5250299237728522E-008  -3.2586865472216097E-016   1.1694264848614387E-015   2.3012714243257534E-016  -9.4933255476816844E-017   1.8715832662753259E-015   4.2080163127490785E-016
