  0.19616167827623396       -8.4529002890000227E-016  -2.0734141723474358E-015   4.5006547469713743E-016   3.3612398648827213E-017   5.8804080238792578E-017   2.5850288899660890E-016  -1.6318670516388227E-017  -1.0697532781915505E-016   1.2571862167719301E-016  0.28003471785703887        2.0292438644972385E-017  -2.2824428596259872E-015   2.2428677317867531E-015  -3.0659674000292872E-003   7.0324698643434521E-015   3.9007155483175427E-015   2.6154573165942676E-017  -7.0382811833300798E-004   3.5364751009807961E-016   6.0049378124625807E-017  -1.8129558758170814E-015   2.2168111646349801E-014  -9.8737380924355809E-017   8.0232111094257226E-017   9.6997518208016164E-015  -2.6092552006712101E-017   9.4988590408808445E-015  -1.0525608400410403E-016   5.2302472310883546E-017  -5.5539441426973944E-017   1.4428841666971444E-016   2.9318037954202581E-016   1.0822385292095490E-015   3.7582161373111592E-016  -1.7133310098901050E-016   1.0038273811288947E-017  -7.1941841238755077E-017  -1.9609889518574824E-017  -1.8427141910168437E-017  0.13091143204610017       -1.2619728869329732E-016  -1.0824352130917259E-015   3.2550021624599868E-015  -1.5407302429466089E-015   2.0851096673744640E-015  -8.8963847603541886E-016  -6.5402548618425103E-016  -1.8458478962265574E-015
  -8.4529002890000227E-016  0.19616167827621883        1.1001233649815357E-015   5.2258668593623667E-016   2.3760222364073064E-016   1.2523975665543364E-016   2.1189646427716650E-017   2.1521793743526802E-017  -7.6775949424142437E-017   1.4127835649873561E-016   1.2905474979153523E-017  0.28003471785704620        2.0215190793779796E-015  -1.6024589827848709E-015   2.0752236445186343E-015  -3.0659673999670813E-003   3.2055225587803461E-015  -2.1175575781233189E-015   1.0280561634428689E-016  -7.0382811833547140E-004  -7.1971049385314388E-016   2.0787846969261741E-015  -2.8722152592394269E-017   4.7211906962476423E-015  -1.3029686460184958E-017  -8.6309001394149809E-017   2.3574636389803517E-017  -1.4739983769978198E-017   1.4841716567644264E-014  -7.7588818009424578E-017   4.9922996340371081E-015  -1.5069328978087641E-017   8.1818917122899425E-016   2.1315423037207707E-016  -2.5633925993419976E-017   4.2412789995122442E-016  -1.8749038471221292E-017   2.0854890785096363E-016   3.9885751356181677E-017   1.3221208003429149E-016  -4.0017572968556680E-016  0.13091143204609990        6.7718881951552835E-016  -9.7140481687186367E-016   5.6462433518109748E-015  -1.5169781272325812E-016   7.0884259446659782E-016   2.5544715808867897E-017   1.2285336969275002E-016
  -2.0734141723474358E-015   1.1001233649815357E-015  0.19616167827623526        8.5840795089495082E-016   7.1626848281962926E-017   3.3103170000328764E-017   5.9710413144633959E-017   4.1606958341802396E-016  -2.7227928837015583E-017   1.6996329524911998E-016   7.3873098910338069E-016  -2.4757509081456817E-015  0.28003471785704098        6.2154662327493261E-016   4.7679467285297261E-015  -1.1850992548548244E-015  -3.0659674000043349E-003  -1.1709817208953359E-015   1.1957990038579600E-015   1.4844103585324840E-015  -7.0382811833897066E-004  -2.3359532926900104E-015   3.3633103640754689E-017   1.1906536522815881E-016   9.6504145889490524E-015   6.5846375738294687E-017  -2.6006335325468540E-017   6.8997358296387668E-017   2.3619664952298201E-016   9.1796167518032032E-015   1.3229339263871614E-016   2.2103088202794055E-014  -7.3543067536381661E-016   1.7188216449771561E-015   9.3408798396747054E-016   1.9964585055482627E-016   1.1760593121545711E-016   1.2779085225485250E-016   7.1401862320656580E-018   1.3250940910011157E-016  -8.0977025984553817E-016   5.4947123903082039E-016  0.13091143204609879        4.7119158771401869E-015   3.1467846223172448E-015   1.7413995527966148E-015  -2.1189294741262679E-015   1.6302082219541265E-016  -2.6857187972284248E-015
   4.5006547469713743E-016   5.2258668593623667E-016   8.5840795089495082E-016  0.16433330323013542       -1.0078608418881109E-014   4.0460238844570363E-016   5.8061145324140492E-016  -1.2321698714493824E-014  -4.4472387602513357E-016  -8.4198083436255512E-015  -2.6746176259200817E-015   1.5637251160117389E-015  -7.3642038835868769E-016  0.36653396863479559       -6.0146145308706856E-015  -3.3349063467993056E-015  -8.7122749878802224E-015   2.8787220135348146E-003  -8.5977173526058546E-016  -7.2594033812832769E-015   5.4002366228348144E-015  -8.1780053974122636E-004   3.5398203264457766E-016  -1.2859912994103870E-016  -1.9103005199886910E-017   1.9017984397002541E-016   1.9353681685347320E-018   2.2364870535841918E-016   2.5838976723334093E-017  -2.7049273634384516E-018  -1.3766129083665246E-016   8.4309433134444600E-017  -1.2095001681928331E-004  0.15676413451471186       -1.5429235633714775E-014  -2.6378838841006769E-016  -2.4637273253370965E-016   4.9524355823559345E-016  -3.3329826432984302E-016  -1.8186075056432691E-014  -1.5605468802266878E-016  -6.0035044452614092E-017   8.4622315570212150E-016  -5.8211102553253487E-014   7.8418784140706134E-016   1.7318802952263907E-015   8.5747863122497212E-014  -1.9402823601096903E-015  -4.9650208157241274E-014
   3.3612398648827213E-017   2.3760222364073064E-016   7.1626848281962926E-017  -1.0078608418881109E-014   5.0294484578918194E-006  -6.4569427491226983E-018  -1.9726510319800447E-018  -2.5147242289573108E-006   2.9721634550184054E-018  -2.5147242289421421E-006   2.7923037746655612E-017   3.3726199130400598E-016   7.1500547848885645E-017  -2.2622970649842539E-014   5.9079369477859337E-016   2.6559935701150476E-015  -1.9846788981198734E-015   5.4743141884974763E-014  -8.5032662613460421E-016   2.4028202551108099E-015   1.1402324401213609E-015   6.0730994935294214E-015   2.7010418906921312E-018   1.7762044207021889E-019   3.2987767290228241E-018   6.5686170899604171E-019  -1.9016710032340321E-019  -3.2405481481386253E-019   4.0733282372026926E-018   2.3851735902442497E-018   4.6536107081151398E-019   8.6868037946841939E-018   1.9136366714607289E-015  -7.2689807541171872E-015   2.4270839653309291E-004  -3.4982754741658215E-016  -3.5106008004286455E-017  -1.2135419826679169E-004   6.0308409776533643E-017  -1.2135419826627283E-004   5.0270725900806036E-017   2.7015987572897035E-016  -3.8606893447963037E-017   3.0769708104232932E-003  -4.4514847157582455E-015  -4.5407378607808414E-016  -1.5384854052147524E-003   7.9460570236326180E-016  -1.5384854052083782E-003
   5.8804080238792578E-017   1.2523975665543364E-016   3.3103170000328764E-017   4.0460238844570363E-016  -6.4569427491226983E-018   5.0294484579075022E-006  -1.1212917213103021E-018  -1.2308044908595181E-018  -1.5206225707682440E-018  -6.1515402691885246E-018   9.7083900866638552E-017   1.4271882284213262E-016   3.0725251534824067E-017   9.2113003316500426E-016  -1.0105441955239335E-015   1.0183943824726316E-015  -8.9607480441653602E-017  -3.9413610417972837E-016  -6.6606782986666238E-016  -1.7844615144782655E-015  -2.8253656407581575E-016   6.2767918047516931E-016  -1.0977413453069841E-018   4.2668603713883615E-019   1.3098821933295147E-018  -6.4033043072266865E-019   7.7627778912981432E-020   1.3787699951956787E-018  -3.6079116448801056E-019   2.1257453355329740E-018   1.3991219147506511E-019   1.1255911133511742E-018   1.2485013143212071E-015   3.5245772104002843E-016   4.0305365701554549E-017   2.4270839653333360E-004   2.0212533155840643E-017   5.7139902375916070E-017  -3.2709103986987301E-017  -1.0173465606679962E-016  -5.3079553458619185E-018   1.3728967520158115E-016   1.8679181834747622E-017   5.0290139116541774E-016   3.0769708104280893E-003   2.2097145971456585E-016   7.4669432584601055E-016  -4.0841691458829473E-016  -1.2379248583482504E-015
   2.5850288899660890E-016   2.1189646427716650E-017   5.9710413144633959E-017   5.8061145324140492E-016  -1.9726510319800447E-018  -1.1212917213103021E-018   5.0294484579001406E-006  -3.7332908261883907E-018  -2.1665117813666577E-018   6.6785204788776325E-018   3.6495415274642869E-016   2.9862636218868461E-017   8.4401262351340156E-017   1.2714857220350271E-015  -1.7600609232512307E-015  -2.2595745601702240E-016  -2.0567519522175884E-015   1.8487943469641057E-015   7.8119625924220871E-016   1.3759934843691517E-015   4.9781266794963100E-016  -9.1034690684031019E-016   7.0814867081312111E-019   7.7337889870664567E-019  -3.2854307610370139E-019  -6.6149888851317515E-019   3.4946700265993100E-019  -7.9461821955314977E-020   1.2246136296222085E-018  -6.5091238805774875E-019   8.9825048847939593E-020  -3.4268603712409235E-019  -6.2723943220304220E-016   6.3241976834068795E-016  -5.8111897239821113E-017  -7.2202470581368886E-017   2.4270839653317523E-004  -5.9334427585356117E-017  -5.3870047044440585E-017   1.1768379307616631E-016   9.5753938387943261E-017   3.7231902165054445E-018  -5.1291765632189155E-017  -7.5499387074963229E-016  -9.0845098655439916E-016   3.0769708104258346E-003  -7.7562894992096593E-016  -6.8101456474310425E-016   1.5252859042979471E-015
  -1.6318670516388227E-017   2.1521793743526802E-017   4.1606958341802396E-016  -1.2321698714493824E-014  -2.5147242289573108E-006  -1.2308044908595181E-018  -3.7332908261883907E-018   5.0294484579138702E-006  -1.3386802259273129E-018  -2.5147242289545587E-006  -1.9508525091999623E-017   2.7679588358940227E-017   6.1428163459011418E-016  -2.8393682479509776E-014   1.0766365448940642E-015  -2.5592700746308717E-016  -1.2693691433510505E-015   6.1279866619293023E-014   5.2756620976108746E-016   1.7069481945274315E-015   2.1117312963363918E-015   4.8985224338109177E-015  -1.1977162917434285E-018  -8.9812677506421667E-019  -3.5899878811052354E-018  -2.9649056773090894E-019  -4.3329245537781761E-020   2.6531929812498649E-019  -1.8043050062427779E-018   1.2906853543645649E-019   2.1997973803697329E-019  -5.5087497299525466E-018  -4.5907108402707042E-016  -9.2928951400438087E-015  -1.2135419826686499E-004  -1.1757582655458094E-016  -1.1841288206219715E-016   2.4270839653350607E-004   2.8626474629949068E-017  -1.2135419826669740E-004   3.5803580290587620E-017   5.4216293798380006E-018   2.2236250604174109E-016  -1.5384854052154970E-003  -1.4983039860563532E-015  -1.5105316690002267E-015   3.0769708104299120E-003   3.5665660767125986E-016  -1.5384854052147377E-003
  -1.0697532781915505E-016  -7.6775949424142437E-017  -2.7227928837015583E-017  -4.4472387602513357E-016   2.9721634550184054E-018  -1.5206225707682440E-018  -2.1665117813666577E-018  -1.3386802259273129E-018   5.0294484579154999E-006   1.3423715990043918E-018  -1.5298301146774235E-016  -1.0957009567908293E-016  -3.6022765093840267E-017  -9.8076996411368299E-016   1.5019553796745068E-015  -1.0525070127078509E-016  -1.2700852305568082E-015  -1.0076680538200866E-015  -6.2006605801113212E-016   9.3078935101858371E-016  -1.6760083534140731E-016  -6.8996097399820985E-016  -1.8168469550199085E-018   2.6912714817964889E-019  -1.5146881542465305E-018   1.2479833584752484E-018   1.9004586442025070E-019  -3.0716548951138079E-019   4.6710254393256971E-019  -1.3187201098796570E-018  -9.6408403487172463E-019   1.0782420917964674E-018   8.5569680655256273E-016  -4.6671428635262189E-016   8.1786032546822352E-017  -4.1294816816544233E-017  -4.9589685789980160E-017  -8.9458252145988251E-017   2.4270839653352952E-004   1.3451820682397392E-017  -5.2647702594923704E-018  -5.6632407507505228E-017  -7.3738900226086147E-017   1.0296232070689015E-015  -5.2151802879438358E-016  -6.4482555132217987E-016  -1.1684260859572431E-015   3.0769708104305339E-003   1.5526174265994898E-016
   1.2571862167719301E-016   1.4127835649873561E-016   1.6996329524911998E-016  -8.4198083436255512E-015  -2.5147242289421421E-006  -6.1515402691885246E-018   6.6785204788776325E-018  -2.5147242289545587E-006   1.3423715990043918E-018   5.0294484579023336E-006   1.9082588137797569E-016   2.0140267679916751E-016   2.6959952661829625E-016  -1.8802426100789430E-014   1.7487837315566065E-016  -1.9565164009487710E-016  -2.9067824062290116E-015   6.9919095449350695E-014   6.9214208803401077E-017   1.7592986601059214E-015  -1.2431116661149230E-015   3.7327986266671767E-015  -1.5033255990582187E-018   7.2050633296062621E-019   2.9121115218272189E-019  -3.6037114134189514E-019   2.3349634583910325E-019   5.8735516666343478E-020  -2.2690232309809332E-018  -2.5142421255462081E-018  -6.8534080890931358E-019  -3.1780540645092228E-018   1.2313229194337907E-015  -5.4580774318645621E-015  -1.2135419826659630E-004  -2.0044546148393356E-016   2.0045306260168777E-016  -1.2135419826661784E-004   5.4672299022713796E-017   2.4270839653324207E-004   9.1009263096134343E-017   8.7002695593503216E-017  -1.7557281058344350E-017  -1.5384854052124667E-003  -2.5169617137633606E-015   2.5596202163888077E-015  -1.5384854052139356E-003   6.6933853642726347E-016   3.0769708104265618E-003
  0.28003471785703887        1.2905474979153523E-017   7.3873098910338069E-016  -2.6746176259200817E-015   2.7923037746655612E-017   9.7083900866638552E-017   3.6495415274642869E-016  -1.9508525091999623E-017  -1.5298301146774235E-016   1.9082588137797569E-016  0.39978288833110243        1.8427857214609835E-015   2.0821217467025457E-015  -4.2306654567284209E-015  -9.4398235753549060E-003  -1.1456854027444204E-014  -6.3573049423742639E-015  -2.0191566052535794E-015  -7.9813094930425649E-004  -9.9544297960614277E-016  -6.3018932259720173E-017   3.7272584665457927E-015   3.1812906897514965E-014  -1.4225386761560193E-016   1.1428765138741179E-016   1.3929259582272279E-014  -3.6010354882880560E-017   1.3643988167155408E-014  -1.5043072641413021E-016   7.3982709593904071E-017  -8.0616123720880210E-017   2.0570634319709566E-016  -2.6118394307275169E-016  -1.6951005385756978E-015  -3.5337398759103221E-016   2.6089716050255397E-016  -4.1589513211129919E-016   2.1314579564074952E-016   1.5657458351967955E-016   5.4533800867513608E-016  0.18666146337692704       -3.1340470966260228E-016   3.9558797314717301E-016  -6.6018266171808092E-015   4.2370276588037537E-015  -2.4097198288948663E-015   2.7574249765187431E-015   1.3727993825964087E-015   4.5862384805766546E-015
   2.0292438644972385E-017  0.28003471785704620       -2.4757509081456817E-015   1.5637251160117389E-015   3.3726199130400598E-016   1.4271882284213262E-016   2.9862636218868461E-017   2.7679588358940227E-017  -1.0957009567908293E-016   2.0140267679916751E-016   1.8427857214609835E-015  0.39978288833115511       -2.8703994782083438E-015  -5.0700326017770488E-016  -3.0425476493166573E-015  -9.4398235754609688E-003  -4.1678842034103777E-015  -7.1729049915112115E-018  -4.0102697132778275E-016  -7.9813094928825865E-004   1.3633642987778371E-015  -3.3428931876665100E-015  -4.3082873145467393E-017   6.7980200762188469E-015  -1.6774070199043602E-017  -1.2442511731962609E-016   3.3181327746172284E-017  -2.3306348828354107E-017   2.1300030087836931E-014  -1.0957762637030180E-016   7.1826178869158737E-015  -1.9454445847062645E-017  -2.4994838201751538E-015   1.2067772111342581E-015   2.0184942207919038E-016  -9.9481845572258115E-016  -8.1385771389184251E-017   1.0202901641033970E-016   3.9712801765803393E-017   1.3475364575438473E-016  -2.5307186074003258E-017  0.18666146337693726       -2.1222778892818055E-015   1.5852780536876377E-015  -1.2213575501131604E-014  -9.0593982496544998E-016  -1.3695387653019972E-015  -1.7488768584697899E-016  -4.2145032145731670E-016
  -2.2824428596259872E-015   2.0215190793779796E-015  0.28003471785704098       -7.3642038835868769E-016   7.1500547848885645E-017   3.0725251534824067E-017   8.4401262351340156E-017   6.1428163459011418E-016  -3.6022765093840267E-017   2.6959952661829625E-016   2.0821217467025457E-015  -2.8703994782083438E-015  0.39978288833110603       -3.5941194683053945E-015  -4.1654702879993811E-015  -4.2817288505325825E-016  -9.4398235753814716E-003  -3.4313389740703563E-015  -8.8989490756592181E-016   1.3922480969125453E-016  -7.9813094927934803E-004   2.6544605032150058E-015   4.8067913056113341E-017   1.6990662106237750E-016   1.3856938591391941E-014   9.3910466239683532E-017  -3.6392366792315807E-017   9.8174756314672476E-017   3.3762551302569123E-016   1.3188767097796722E-014   1.8614507801433154E-016   3.1718842971247121E-014   1.8850661030488287E-015   5.4602821566366616E-016  -4.0779144572479623E-016  -5.2314018242817167E-016  -1.4237400629427305E-016   9.9743852418323310E-016  -1.5827105035206468E-017   1.1263635743022413E-015  -1.1966329958720519E-015   1.1410201626540370E-015  0.18666146337692247       -1.5365891228397339E-014  -5.7380916709755999E-015  -1.3918114188725416E-015   7.2070319175268165E-015  -7.6471405930492974E-017   8.0116816671723239E-015
   2.2428677317867531E-015  -1.6024589827848709E-015   6.2154662327493261E-016  0.36653396863479559       -2.2622970649842539E-014   9.2113003316500426E-016   1.2714857220350271E-015  -2.8393682479509776E-014  -9.8076996411368299E-016  -1.8802426100789430E-014  -4.2306654567284209E-015  -5.0700326017770488E-016  -3.5941194683053945E-015  0.81759161293521621        3.9045551324323293E-015   2.9276568415430318E-015   2.3087668030323336E-014  -4.5059068493490491E-003   4.1940144570678270E-016   3.2819568714370079E-015  -1.5672888912074449E-014  -1.6980604076255157E-003   7.8881124343651986E-016  -2.8441161124418025E-016  -4.1710321732587096E-017   4.2577614444685970E-016   5.6121600708583557E-018   4.9560959307265154E-016   5.5228990751853280E-017  -6.9494835914761251E-018  -3.0349247241290061E-016   1.8854534853734940E-016  -2.5736506361751475E-004  0.34921885124031843       -2.6575945330365030E-014   1.9437719776873262E-016  -1.1590696983622287E-015  -2.6278782641597406E-014  -4.8474540518613013E-016  -2.2602147394851582E-014   1.2373287817376436E-015  -1.5309514264146058E-015   2.9256654155049736E-015  -2.3427732149003243E-014   1.1684778628351770E-014  -3.9763118341753491E-015  -1.4900612294799618E-013  -9.8819617715954663E-016   1.2197608510241052E-013
  -3.0659674000292872E-003   2.0752236445186343E-015   4.7679467285297261E-015  -6.0146145308706856E-015   5.9079369477859337E-016  -1.0105441955239335E-015  -1.7600609232512307E-015   1.0766365448940642E-015   1.5019553796745068E-015   1.7487837315566065E-016  -9.4398235753549060E-003  -3.0425476493166573E-015  -4.1654702879993811E-015   3.9045551324323293E-015   1.9083655942073363       -1.1061669021398545E-014  -7.9013995441382825E-015   6.5554529790428529E-015   2.0633450072460567E-005  -1.0461622023251938E-015   1.3021903641988065E-016   4.0462648621361047E-015  -6.3149613409445683E-014   4.9034988371744420E-016   8.6227320249416396E-017  -3.1224900508188272E-014  -4.3590086162610017E-016  -3.1772765922169545E-014   7.0857509084870899E-017   2.3192973877672222E-016   5.0055281554426522E-016   1.2669673335196841E-016  -1.4837880074618772E-016  -7.0874061126679114E-015   6.8292746332012228E-016   9.8885082013986912E-016   1.7648168245760257E-015   7.7666517859218792E-016  -8.5175743037439706E-016  -5.5572141505183973E-016   8.2313666755318690E-002   2.8406099566099932E-016   3.9398767688809237E-015  -4.2361216823194573E-015   1.4779476179394570E-015  -2.9240664397081499E-015   1.3688959050189287E-015   1.4570819683638733E-015   2.8106199675531936E-015
   7.0324698643434521E-015  -3.0659673999670813E-003  -1.1850992548548244E-015  -3.3349063467993056E-015   2.6559935701150476E-015   1.0183943824726316E-015  -2.2595745601702240E-016  -2.5592700746308717E-016  -1.0525070127078509E-016  -1.9565164009487710E-016  -1.1456854027444204E-014  -9.4398235754609688E-003  -4.2817288505325825E-016   2.9276568415430318E-015  -1.1061669021398545E-014   1.9083655942071649       -2.8625097287628268E-015   3.2740265821323631E-015  -1.1388112210996029E-015   2.0633450074293149E-005   5.0924988373532528E-016  -1.1448154390537355E-015   7.8714103045547164E-016  -2.2114229427807696E-014  -7.4648141069610190E-016   4.4919980050988628E-016   1.8322979058315380E-016   8.6848207157686973E-016  -4.2892342519821928E-014  -4.8236191334066635E-016  -2.1250181744566113E-014  -8.6615249440605324E-016  -9.5159276153313918E-016  -4.0679951433858446E-015  -1.1142233537385925E-015  -2.6800547194563369E-016   3.3751970866536867E-017   2.9329914347588489E-015   1.7732437381601222E-016   2.7051045598193663E-015   7.4355336730795999E-015   8.2313666755377476E-002  -1.4509523861653053E-015   4.2485651694671903E-015  -9.2712093135762437E-015  -2.5978683156426375E-016  -1.4325349934865649E-015  -1.1447162954503134E-017  -4.1755333911858499E-016
   3.9007155483175427E-015   3.2055225587803461E-015  -3.0659674000043349E-003  -8.7122749878802224E-015  -1.9846788981198734E-015  -8.9607480441653602E-017  -2.0567519522175884E-015  -1.2693691433510505E-015  -1.2700852305568082E-015  -2.9067824062290116E-015  -6.3573049423742639E-015  -4.1678842034103777E-015  -9.4398235753814716E-003   2.3087668030323336E-014  -7.9013995441382825E-015  -2.8625097287628268E-015   1.9083655942072750        2.3920407247156909E-014  -1.1291527865912818E-015  -1.2778384792948259E-015   2.0633450082909826E-005   8.0893635269712391E-015  -1.9612028623582074E-017   8.2724473261820947E-017  -3.0627354134342338E-014   1.6786907896230688E-017  -2.8110909706571621E-016   1.3587254741855385E-016  -1.5915618506226171E-016  -3.2070481233907669E-014   9.3160598303225836E-016  -6.2980121849993230E-014   2.6007746718359442E-015  -1.9435134709165329E-014  -9.6532581236302221E-016   1.6066534395400064E-016   1.5578324609358717E-015  -2.7069719908888336E-015   6.1359022079132278E-016  -5.7549200797333700E-016   5.7328981344854269E-015   2.5196791961184755E-015   8.2313666755339090E-002  -4.9122412189402948E-015  -4.0036252056806584E-015  -1.6868429599586352E-015   4.5742067436922584E-015  -2.5766237685584655E-016   6.1106744252649156E-015
   2.6154573165942676E-017  -2.1175575781233189E-015  -1.1709817208953359E-015   2.8787220135348146E-003   5.4743141884974763E-014  -3.9413610417972837E-016   1.8487943469641057E-015   6.1279866619293023E-014  -1.0076680538200866E-015   6.9919095449350695E-014  -2.0191566052535794E-015  -7.1729049915112115E-018  -3.4313389740703563E-015  -4.5059068493490491E-003   6.5554529790428529E-015   3.2740265821323631E-015   2.3920407247156909E-014   1.8904307714776791        1.4371459424028650E-016   6.2180687097425433E-015  -2.1860761120909692E-014  -3.5565474777318364E-006   1.1742391780910095E-016  -4.1395391326894916E-016  -1.5403539084602805E-016  -2.6237130298932226E-016  -2.2522757147975811E-016   5.4773180232066716E-016   3.9927681249696390E-016   1.6335631091461855E-016  -6.0898535158273740E-016  -8.0229894462981613E-017   8.3171154932725266E-006   7.7587422069094761E-002   9.4063790849212164E-014   8.6965519232285960E-016  -1.7362923261155560E-015   9.6987473944663855E-014   4.4919337781515475E-016   8.2751510961177315E-014   1.5192550897647201E-015  -1.5740673445694094E-015  -1.6860235326643997E-015  -2.3754121480851985E-014   9.0947154109029527E-015  -2.6775747192377215E-015   3.7129371489990900E-014  -4.7268371706675765E-015   1.8361248077839503E-013
  -7.0382811833300798E-004   1.0280561634428689E-016   1.1957990038579600E-015  -8.5977173526058546E-016  -8.5032662613460421E-016  -6.6606782986666238E-016   7.8119625924220871E-016   5.2756620976108746E-016  -6.2006605801113212E-016   6.9214208803401077E-017  -7.9813094930425649E-004  -4.0102697132778275E-016  -8.8989490756592181E-016   4.1940144570678270E-016   2.0633450072460567E-005  -1.1388112210996029E-015  -1.1291527865912818E-015   1.4371459424028650E-016   2.0001078391785407       -1.1134096919554102E-016  -4.2569757140318158E-018   2.0156068164110069E-016  -2.6749019764880151E-015  -2.2880319226651452E-017  -1.6758312755625491E-016  -2.5976869335987527E-015   7.8450618146257218E-016  -2.0606017257623718E-015   1.3036151446102049E-016  -6.3200862033086073E-016  -3.7746435972896470E-017   6.4317440630685217E-016   3.1152971897658408E-016   3.2907610774430127E-016   8.6876612623366804E-016   9.0859782295677118E-016  -6.6187134457931379E-016  -5.0039679894275519E-016   6.8887636477550451E-016  -2.1632312176552259E-016  -1.2720320333491364E-003   2.5654536556445093E-016   7.0689664891025978E-016  -4.6065262571147426E-016   1.7514937002026728E-016  -1.9288202188647985E-016   9.0995326141667737E-016  -3.2824503463609937E-016   1.5412045141463825E-016
   3.5364751009807961E-016  -7.0382811833547140E-004   1.4844103585324840E-015  -7.2594033812832769E-015   2.4028202551108099E-015  -1.7844615144782655E-015   1.3759934843691517E-015   1.7069481945274315E-015   9.3078935101858371E-016   1.7592986601059214E-015  -9.9544297960614277E-016  -7.9813094928825865E-004   1.3922480969125453E-016   3.2819568714370079E-015  -1.0461622023251938E-015   2.0633450074293149E-005  -1.2778384792948259E-015   6.2180687097425433E-015  -1.1134096919554102E-016   2.0001078391786065        4.5463659942395875E-015   2.8063730474109294E-015   6.9816885868009551E-017  -2.8234850232519653E-015  -1.4932214953903260E-015  -2.3878015385635228E-016   1.3506137518261737E-016   3.8306106898487649E-016  -7.3648792609962808E-015  -9.3898823099996168E-016  -4.0419941483367121E-015  -2.3277133674903517E-015   8.6818049339791811E-017  -7.9527048021185088E-015   1.7540657520330008E-015   1.1668545746530917E-015  -9.9672326014114394E-016   2.3808244994648280E-015  -7.7074307599493417E-016   3.4241338815619067E-015   8.8152959046434840E-016  -1.2720320333577850E-003   2.7291336224294230E-015   1.3839003433841474E-015  -1.0617838747101431E-015  -4.9993473064897157E-016   5.5173003821048301E-017   1.7842553979152727E-016  -5.5928868746505238E-016
   6.0049378124625807E-017  -7.1971049385314388E-016  -7.0382811833897066E-004   5.4002366228348144E-015   1.1402324401213609E-015  -2.8253656407581575E-016   4.9781266794963100E-016   2.1117312963363918E-015  -1.6760083534140731E-016  -1.2431116661149230E-015  -6.3018932259720173E-017   1.3633642987778371E-015  -7.9813094927934803E-004  -1.5672888912074449E-014   1.3021903641988065E-016   5.0924988373532528E-016   2.0633450082909826E-005  -2.1860761120909692E-014  -4.2569757140318158E-018   4.5463659942395875E-015   2.0001078391786096       -4.2990647792941912E-015   3.5038317354720972E-017   1.5168810448189759E-015  -5.5522148027287222E-015  -4.1292554903833428E-016  -1.2924253678521034E-016   3.8178938215908878E-016   2.4663649316120979E-016  -4.7998399747084310E-015  -2.2846340367654288E-015  -1.0333726362698436E-014  -1.0039850758172564E-015   1.4671640173788866E-014  -1.3537712724860355E-015   6.7721356181202086E-016   7.9472813010868072E-016  -1.8203325925488657E-015   4.4853055191899912E-016   4.2528162324510445E-016  -4.3463858973652060E-017  -6.0439027893889678E-016  -1.2720320333608275E-003   6.3311749339695061E-016  -3.8940987484025781E-016  -1.7164836466260298E-015   2.1157540956000764E-015  -4.9507687184439705E-016   2.2446630389782803E-015
  -1.8129558758170814E-015   2.0787846969261741E-015  -2.3359532926900104E-015  -8.1780053974122636E-004   6.0730994935294214E-015   6.2767918047516931E-016  -9.1034690684031019E-016   4.8985224338109177E-015  -6.8996097399820985E-016   3.7327986266671767E-015   3.7272584665457927E-015  -3.3428931876665100E-015   2.6544605032150058E-015  -1.6980604076255157E-003   4.0462648621361047E-015  -1.1448154390537355E-015   8.0893635269712391E-015  -3.5565474777318364E-006   2.0156068164110069E-016   2.8063730474109294E-015  -4.2990647792941912E-015   2.0001666469436428       -1.2334787868279334E-015   4.2324224846013266E-016   2.1955613073071073E-016   8.5068637095328031E-016  -1.2630244857137056E-016  -1.2127148810724135E-015  -1.4915792080814507E-015   4.6635394515189640E-016   6.5806035307621065E-016   3.5786612549441699E-016  -3.6429976527025793E-007  -1.0976987124918887E-003   1.4169600630579552E-015  -9.2300500041319637E-016   1.7000634602171775E-016   9.1946190639669335E-015  -3.7957947549414449E-018   6.5758672647296856E-015  -1.3198602332465863E-015   1.6735279786911845E-015  -3.5534008576126106E-015  -1.2386888327258983E-014   1.1138296853690712E-015  -3.7406913660992922E-016   4.8465487860010794E-014  -2.7158933906986785E-015   5.2021701010148278E-014
   2.2168111646349801E-014  -2.8722152592394269E-017   3.3633103640754689E-017   3.5398203264457766E-016   2.7010418906921312E-018  -1.0977413453069841E-018   7.0814867081312111E-019  -1.1977162917434285E-018  -1.8168469550199085E-018  -1.5033255990582187E-018   3.1812906897514965E-014  -4.3082873145467393E-017   4.8067913056113341E-017   7.8881124343651986E-016  -6.3149613409445683E-014   7.8714103045547164E-016  -1.9612028623582074E-017   1.1742391780910095E-016  -2.6749019764880151E-015   6.9816885868009551E-017   3.5038317354720972E-017  -1.2334787868279334E-015   4.5797561638685916E-027  -3.7706663393918039E-029   9.6607061215897423E-030   2.1221055481886722E-027   1.0381744954779646E-029   2.1181529933865699E-027  -3.1009143242470598E-029   1.6387338601714023E-030  -3.2460540053296527E-029   1.8891805244220771E-029  -7.6850189172499316E-017   3.4227771701284322E-016   1.3034541496062699E-016  -5.2974206608964408E-017   3.4173454568075152E-017  -5.7798743358911595E-017  -8.7676415192392100E-017  -7.2546671601764354E-017   1.2018964589221351E-014   1.5580661170381751E-017   2.1587705784389155E-017   1.6524728556385313E-015  -6.7158816822753591E-016   4.3323891426750061E-016  -7.3275193085525388E-016  -1.1115304380209638E-015  -9.1972092478323908E-016
  -9.8737380924355809E-017   4.7211906962476423E-015   1.1906536522815881E-016  -1.2859912994103870E-016   1.7762044207021889E-019   4.2668603713883615E-019   7.7337889870664567E-019  -8.9812677506421667E-019   2.6912714817964889E-019   7.2050633296062621E-019  -1.4225386761560193E-016   6.7980200762188469E-015   1.6990662106237750E-016  -2.8441161124418025E-016   4.9034988371744420E-016  -2.2114229427807696E-014   8.2724473261820947E-017  -4.1395391326894916E-016  -2.2880319226651452E-017  -2.8234850232519653E-015   1.5168810448189759E-015   4.2324224846013266E-016  -3.7706663393918039E-029   3.7648502369542832E-028   1.0513827061615822E-029  -1.9325382181985023E-029  -1.6256826810866682E-030  -2.4550852792557060E-029   8.5977282334285234E-028   5.2808906806212282E-030   3.6982621618412940E-028   1.7132461920007551E-029   2.1575084671674511E-015  -1.3906617539782463E-016   8.5715109825759240E-018   2.0590783415977357E-017   3.7321299539914166E-017  -4.3341314914309900E-017   1.2987391986409170E-017   3.4769803931661786E-017  -4.4276178502541248E-017   2.1775560097002721E-015   8.2590292829443560E-017   1.0866657054852816E-016   2.6104263568867105E-016   4.7314617430538076E-016  -5.4946579014803833E-016   1.6464954083400180E-016   4.4079921959954120E-016
   8.0232111094257226E-017  -1.3029686460184958E-017   9.6504145889490524E-015  -1.9103005199886910E-017   3.2987767290228241E-018   1.3098821933295147E-018  -3.2854307610370139E-019  -3.5899878811052354E-018  -1.5146881542465305E-018   2.9121115218272189E-019   1.1428765138741179E-016  -1.6774070199043602E-017   1.3856938591391941E-014  -4.1710321732587096E-017   8.6227320249416396E-017  -7.4648141069610190E-016  -3.0627354134342338E-014  -1.5403539084602805E-016  -1.6758312755625491E-016  -1.4932214953903260E-015  -5.5522148027287222E-015   2.1955613073071073E-016   9.6607061215897423E-030   1.0513827061615822E-029   9.8246135159495630E-028   6.6404027314514109E-030   3.1117195778246291E-030   2.3342252567684500E-030   3.6799174063674399E-029   9.7760721370307363E-028   9.1552235416068114E-030   2.1241362153060627E-027  -7.4540474209501190E-016  -2.4334958490452381E-017   1.5919057867258538E-016   6.3211584620122287E-017  -1.5854653620352795E-017  -1.7324368854677899E-016  -7.3094999630000146E-017   1.4053109874339378E-017   5.7478476404174177E-017  -4.1104462332144644E-017   5.0953069103145663E-015   2.0181615917149621E-015   8.0137400903782903E-016  -2.0099966501356232E-016  -2.1963219252539109E-015  -9.2667243268953851E-016   1.7816033353905939E-016
   9.6997518208016164E-015  -8.6309001394149809E-017   6.5846375738294687E-017   1.9017984397002541E-016   6.5686170899604171E-019  -6.4033043072266865E-019  -6.6149888851317515E-019  -2.9649056773090894E-019   1.2479833584752484E-018  -3.6037114134189514E-019   1.3929259582272279E-014  -1.2442511731962609E-016   9.3910466239683532E-017   4.2577614444685970E-016  -3.1224900508188272E-014   4.4919980050988628E-016   1.6786907896230688E-017  -2.6237130298932226E-016  -2.5976869335987527E-015  -2.3878015385635228E-016  -4.1292554903833428E-016   8.5068637095328031E-016   2.1221055481886722E-027  -1.9325382181985023E-029   6.6404027314514109E-030   9.9053236280846908E-028   4.8533484201457113E-030   9.8655463487899967E-028  -2.2450842409500496E-029   3.3289512009791444E-030  -1.6801128001018137E-029   1.5002186794468871E-029   6.0895643127053512E-016   1.7075878995653131E-016   3.1698476179715260E-017  -3.0900718716634543E-017  -3.1922254675275975E-017  -1.4307881047774759E-017   6.0224504213068437E-017  -1.7390595132003406E-017   5.1006657068035325E-015  -3.7705787745315571E-017   4.4896782225083090E-017   4.0186201768547542E-016  -3.9174833203274611E-016  -4.0469900193690683E-016  -1.8139023194825861E-016   7.6350486502684256E-016  -2.2047178573718269E-016
  -2.6092552006712101E-017   2.3574636389803517E-017  -2.6006335325468540E-017   1.9353681685347320E-018  -1.9016710032340321E-019   7.7627778912981432E-020   3.4946700265993100E-019  -4.3329245537781761E-020   1.9004586442025070E-019   2.3349634583910325E-019  -3.6010354882880560E-017   3.3181327746172284E-017  -3.6392366792315807E-017   5.6121600708583557E-018  -4.3590086162610017E-016   1.8322979058315380E-016  -2.8110909706571621E-016  -2.2522757147975811E-016   7.8450618146257218E-016   1.3506137518261737E-016  -1.2924253678521034E-016  -1.2630244857137056E-016   1.0381744954779646E-029  -1.6256826810866682E-030   3.1117195778246291E-030   4.8533484201457113E-030   5.9770493053533007E-031   5.1901106846889153E-030  -2.8750383415183896E-030   3.1024559606433216E-030  -1.8023541769373940E-030   6.7443157306729151E-030   2.1955168166930100E-016  -7.0543371944264427E-018  -9.1769808116581552E-018   3.7461192621988586E-018   1.6864389120721293E-017  -2.0909592361067598E-018   9.1711302754718317E-018   1.1267940047733327E-017  -3.7015702609093601E-017   2.3794857048260628E-017  -2.9748588246642947E-017  -1.1634250190188105E-016   4.7491968909221989E-017   2.1380073290143491E-016  -2.6508438221205457E-017   1.1626833088316074E-016   1.4285094012306040E-016
   9.4988590408808445E-015  -1.4739983769978198E-017   6.8997358296387668E-017   2.2364870535841918E-016  -3.2405481481386253E-019   1.3787699951956787E-018  -7.9461821955314977E-020   2.6531929812498649E-019  -3.0716548951138079E-019   5.8735516666343478E-020   1.3643988167155408E-014  -2.3306348828354107E-017   9.8174756314672476E-017   4.9560959307265154E-016  -3.1772765922169545E-014   8.6848207157686973E-016   1.3587254741855385E-016   5.4773180232066716E-016  -2.0606017257623718E-015   3.8306106898487649E-016   3.8178938215908878E-016  -1.2127148810724135E-015   2.1181529933865699E-027  -2.4550852792557060E-029   2.3342252567684500E-030   9.8655463487899967E-028   5.1901106846889153E-030   9.8845024723289184E-028  -2.7357529822678925E-029  -6.7839990143407350E-031  -2.2894056087994601E-029   4.0191664464491436E-030  -5.7084364228385177E-016   2.3507627407509101E-016  -1.5638061538624676E-017   6.6535934808337341E-017  -3.8346255189451397E-018   1.2803634824238287E-017  -1.4823025635137227E-017   2.8344267144058388E-018   4.9420236886982761E-015   2.8391581924025748E-017   5.1947192605828943E-017  -1.9825378756266147E-016   8.4351893949303326E-016  -4.8614019783083829E-017   1.6231993282574022E-016  -1.8792105198277333E-016   3.5933854736905633E-017
  -1.0525608400410403E-016   1.4841716567644264E-014   2.3619664952298201E-016   2.5838976723334093E-017   4.0733282372026926E-018  -3.6079116448801056E-019   1.2246136296222085E-018  -1.8043050062427779E-018   4.6710254393256971E-019  -2.2690232309809332E-018  -1.5043072641413021E-016   2.1300030087836931E-014   3.3762551302569123E-016   5.5228990751853280E-017   7.0857509084870899E-017  -4.2892342519821928E-014  -1.5915618506226171E-016   3.9927681249696390E-016   1.3036151446102049E-016  -7.3648792609962808E-015   2.4663649316120979E-016  -1.4915792080814507E-015  -3.1009143242470598E-029   8.5977282334285234E-028   3.6799174063674399E-029  -2.2450842409500496E-029  -2.8750383415183896E-030  -2.7357529822678925E-029   2.1087923742163609E-027   2.2702496864768191E-029   8.6507548586332881E-028   6.3578714880224769E-029  -6.0767154710013064E-016   4.0682294531067202E-017   1.9656846536804736E-016  -1.7410864381505770E-017   5.9096740508579362E-017  -8.7071172632467965E-017   2.2541181285504939E-017  -1.0949729273562316E-016  -6.7236764734345580E-017   8.0219163213095050E-015   1.5065752128495146E-016   2.4920251578711737E-015  -2.2072875208012360E-016   7.4920747750623551E-016  -1.1038573879034584E-015   2.8576908684961837E-016  -1.3881677699676962E-015
   5.2302472310883546E-017  -7.7588818009424578E-017   9.1796167518032032E-015  -2.7049273634384516E-018   2.3851735902442497E-018   2.1257453355329740E-018  -6.5091238805774875E-019   1.2906853543645649E-019  -1.3187201098796570E-018  -2.5142421255462081E-018   7.3982709593904071E-017  -1.0957762637030180E-016   1.3188767097796722E-014  -6.9494835914761251E-018   2.3192973877672222E-016  -4.8236191334066635E-016  -3.2070481233907669E-014   1.6335631091461855E-016  -6.3200862033086073E-016  -9.3898823099996168E-016  -4.7998399747084310E-015   4.6635394515189640E-016   1.6387338601714023E-030   5.2808906806212282E-030   9.7760721370307363E-028   3.3289512009791444E-030   3.1024559606433216E-030  -6.7839990143407350E-031   2.2702496864768191E-029   9.7898536552697344E-028   2.0732377011588346E-030   2.1118113633722370E-027  -1.9592013601839383E-016   3.8169164681745744E-018   1.1510241378955651E-016   1.0258306574609733E-016  -3.1411377076374681E-017   6.2285193955633790E-018  -6.3638080005900813E-017  -1.2133093318496827E-016   4.5447329419483223E-017  -7.2780158150909205E-017   4.7166909409129680E-015   1.4592275030390589E-015   1.3005116570066939E-015  -3.9822227726671704E-016   7.8962955735961856E-017  -8.0678096599310487E-016  -1.5381904587751035E-015
  -5.5539441426973944E-017   4.9922996340371081E-015   1.3229339263871614E-016  -1.3766129083665246E-016   4.6536107081151398E-019   1.3991219147506511E-019   8.9825048847939593E-020   2.1997973803697329E-019  -9.6408403487172463E-019  -6.8534080890931358E-019  -8.0616123720880210E-017   7.1826178869158737E-015   1.8614507801433154E-016  -3.0349247241290061E-016   5.0055281554426522E-016  -2.1250181744566113E-014   9.3160598303225836E-016  -6.0898535158273740E-016  -3.7746435972896470E-017  -4.0419941483367121E-015  -2.2846340367654288E-015   6.5806035307621065E-016  -3.2460540053296527E-029   3.6982621618412940E-028   9.1552235416068114E-030  -1.6801128001018137E-029  -1.8023541769373940E-030  -2.2894056087994601E-029   8.6507548586332881E-028   2.0732377011588346E-030   3.7436011670088635E-028   1.0631081342717364E-029   6.2796746392326993E-016  -1.5544664092276546E-016   2.2457142221538786E-017   6.7518066709570686E-018   4.3347285010996210E-018   1.0615662917688316E-017  -4.6524244593571468E-017  -3.3072805139339467E-017  -1.4960601089044657E-017   2.3973570060041984E-015   1.3047905072356339E-016   2.8470366945791831E-016   8.5597005875985524E-017   5.4954147691275101E-017   1.3458160244069210E-016  -5.8981784164179919E-016  -4.1928527189867576E-016
