   8.4528358698689524E-004   1.2221656967908926E-009  -6.1315345242454947E-010  -2.0978474793002347E-010   1.7441086576883771E-002   1.3241600328851574E-008  -6.4797207779057208E-009  -2.1628698575704549E-010   2.1552166253303239E-009   3.3804550179572153E-009   2.3589651030968015E-009  -8.0443555918104646E-010  -2.1426781057872468E-009   1.7804570145177975E-009   2.7565107026022342E-002   1.9074036685945380E-008  -9.6644735655565617E-009   1.7210074803707990E-009  -7.9304520445945743E-010   1.7392337514656217E-009   3.9416966194508335E-009   2.3349106483473427E-009   6.8829564487885674E-010  -1.5418654253990244E-009  -1.5058732381340114E-003   1.2164363228248149E-010  -1.6818354818042767E-011  -2.5731070825742479E-010   3.5559664317968994E-011  -1.2593073093120343E-010   2.7585403217252525E-010   8.1246095018705231E-010   5.5199941815045513E-010   1.5015540491665716E-010  -4.2606867846557125E-010
   1.2221656967908926E-009   8.4528444316205953E-004  -2.6280434018610102E-010  -4.3465637940292194E-010   1.3224150050664943E-008   1.7441096515185245E-002  -2.9397774326270047E-009   5.6691641858279871E-010   5.7951870644154854E-010  -7.0032001086789096E-011  -1.0438982263886569E-009   1.7864539881906532E-009   4.7698163703468293E-010  -3.9873101108328326E-009   1.9199578733265839E-008   2.7565119832783608E-002  -4.0980277795116696E-009  -4.0803178472832646E-009  -2.2623350852665766E-010   8.8753357854325011E-010   9.3520506871208400E-010  -4.1324768864377534E-010   1.7765838608342269E-009   6.3948117627706131E-010   1.3135620019910669E-010  -1.5058730415651639E-003  -5.8565498119984729E-011   7.5582680406319748E-010  -4.7125605286310357E-011   3.9206428097477909E-011   2.5922463893807184E-010   2.1985378593128269E-010  -2.8508804752692683E-010   2.8594500958986388E-010   2.4588165039541104E-010
  -6.1315345242454947E-010  -2.6280434018610102E-010   8.4528579755290727E-004   1.8220481125008681E-011  -6.5456708388253355E-009  -2.9656002995641733E-009   1.7441109732452480E-002   1.7508712402188690E-009  -4.8977727971369534E-010  -1.6846733689235206E-009   9.9674008240987176E-010   9.2542538720642239E-010  -2.7476115662785847E-009  -3.5539604960857240E-009  -9.7612834699276833E-009  -3.9403234838519287E-009   2.7565142334954412E-002  -3.5044181738689546E-009   1.6926325945446553E-009   9.5139025816812424E-010  -1.7244425696598623E-009   1.0317662157866889E-010   2.3948579044937330E-009  -1.7958095090033885E-009  -1.6470494431493942E-011  -4.6013799609566926E-011  -1.5058732119804638E-003   7.2666611699900323E-010  -5.0200148021710854E-011   4.9588455326905516E-010   2.1847504031221499E-010  -3.5938122274456900E-010   1.2144366139113996E-010   4.1428664143320182E-010  -6.1732827244226722E-010
  -2.0978474793002347E-010  -4.3465637940292194E-010   1.8220481125008681E-011   3.8045693787313407E-004  -4.9551546064140842E-009  -7.3739041114448209E-009   1.6733093367374986E-009  -4.4700244594023404E-011   1.2326629127350509E-010  -6.1619640956073112E-011   5.2847931905891085E-011  -5.0739955054711675E-011  -8.1472024843139362E-012   1.4549713670514599E-002  -8.3187660704736522E-009  -1.0574174372839487E-008   3.6714388268981346E-009   1.4613569175947833E-002   5.3049700408785823E-011  -6.4817189489562685E-011   4.4791579397160640E-011   3.2047093725564457E-011   2.8478343939593638E-011  -8.5097069949376272E-011  -3.2324769193843112E-010   9.6329662754396226E-010   9.4457172416314211E-010   7.6323633252365214E-003   3.9737856654080162E-004   7.0900179754396713E-012  -7.8410712640337509E-012   5.8177972952201059E-012   9.8072163129944114E-012   5.2092809273449867E-012  -1.6897469507027194E-011
   1.7441086576883771E-002   1.3224150050664943E-008  -6.5456708388253355E-009  -4.9551546064140842E-009  0.36055952886249965        2.4742447194408333E-008  -7.2581753176605666E-009  -4.4673503341569100E-009   4.4534626849246643E-008   6.9859555218581715E-008   4.8754948220755499E-008  -1.6625294307303559E-008  -4.4287597661468231E-008   1.0116897864057364E-008  0.56968917669705643        9.5282225531800280E-010   3.8058034732024217E-010   9.0728054065122594E-009  -1.6399878424235961E-008   3.5974461507647578E-008   8.1504232386457718E-008   4.8261132074996039E-008   1.4235075351462685E-008  -3.1861253279590986E-008   6.0533287897848948E-003  -3.3557125443614875E-009   1.0051939683395665E-009   1.4476440239683124E-009  -5.6052559519254061E-011  -2.6967428360431863E-009   5.8648764834933274E-009   1.6920128766108686E-008   1.1427529260506025E-008   3.0901264311117845E-009  -8.7307862345147797E-009
   1.3241600328851574E-008   1.7441096515185245E-002  -2.9656002995641733E-009  -7.3739041114448209E-009   2.4742447194408333E-008  0.36055957362164309       -9.7146910562346452E-009   1.1724403048605726E-008   1.1981221496953569E-008  -1.4489851542967459E-009  -2.1587926941839033E-008   3.6914119242259348E-008   9.8635203767279708E-009  -1.3114200858235731E-008   4.1168377907007836E-009  0.56968918766927656       -4.0696019314163195E-009  -1.5488238589107606E-008  -4.6903971418194470E-009   1.8349303501374410E-008   1.9333956857509715E-008  -8.5146742825836271E-009   3.6747187339208837E-008   1.3205071025942585E-008  -3.1853620817230664E-009   6.0533236061228214E-003   1.0624972432810199E-009  -2.7267774409137282E-009   1.6804969056722868E-010   7.0427072925599626E-010   5.2494849973841475E-009   4.5290116786354732E-009  -5.6669829153175212E-009   6.0717676954373405E-009   4.9627128179906561E-009
  -6.4797207779057208E-009  -2.9397774326270047E-009   1.7441109732452480E-002   1.6733093367374986E-009  -7.2581753176605666E-009  -9.7146910562346452E-009  0.36055954170283877        3.6193841558898589E-008  -1.0121856758896287E-008  -3.4817304969489742E-008   2.0606269931507380E-008   1.9117995274528141E-008  -5.6800116539650120E-008  -1.7197231928133211E-008   5.3343521234320429E-010   3.2563204034421987E-011  0.56968917058071644       -1.6570969957282772E-008   3.4979799499115883E-008   1.9670049095270543E-008  -3.5656664543331321E-008   2.1169079092606683E-009   4.9534487514764254E-008  -3.7096713472471612E-008   1.0122345487628792E-009   1.2869442211399329E-009   6.0533265018984754E-003  -2.9821759995245462E-009   1.4060895860080033E-010   1.0113543400744384E-008   4.4997170644422457E-009  -7.4926465930747045E-009   2.4004073915855346E-009   8.7134614999148069E-009  -1.2513952000691091E-008
  -2.1628698575704549E-010   5.6691641858279871E-010   1.7508712402188690E-009  -4.4700244594023404E-011  -4.4673503341569100E-009   1.1724403048605726E-008   3.6193841558898589E-008   4.0755194240504904E-015  -1.1939343961666198E-015  -4.4001277873061492E-015   7.5564169239999618E-016   3.3318059566466355E-015  -4.8311617986069725E-015  -1.8529076409292779E-009  -7.0594133686707270E-009   1.8523645813326267E-008   5.7187224448786795E-008  -1.8460145318633534E-009   3.5552832825740782E-015   2.1337345502751784E-015  -3.9659839150321499E-015  -6.6623836329428260E-016   5.9874330607483882E-015  -2.8890455074418131E-015   1.3708591639606192E-010   4.4084438669894537E-010   5.0726193093385122E-010  -4.6338399760582613E-011  -3.7527774942214008E-013   1.0695111390441866E-015   5.5146003970846983E-016  -8.1456053800155694E-016  -8.3890247710276715E-017   1.0335204330860655E-015  -9.8562097243427591E-016
   2.1552166253303239E-009   5.7951870644154854E-010  -4.8977727971369534E-010   1.2326629127350509E-010   4.4534626849246643E-008   1.1981221496953569E-008  -1.0121856758896287E-008  -1.1939343961666198E-015   6.2265691467481788E-015   9.5372954971437593E-015   4.7449671821244411E-015  -1.3814557118532941E-015  -3.5510325723379553E-015   5.1153875746719920E-009   7.0370124051338112E-008   1.8930286857491587E-008  -1.5993452265047470E-008   5.0958025962477414E-009  -3.1449966561181494E-015   4.4778977783543960E-015   1.1725507353553942E-014   5.6301182113814008E-015   1.5986835288526852E-015  -2.4851214569377522E-015  -3.3544067550903748E-010   2.4791738491326250E-010   6.2002315611026935E-012   9.3533668074304481E-011   3.7584473294944742E-012  -5.8843535027239643E-016   7.6346869985990836E-016   2.4491003386262581E-015   1.1574418488811619E-015   3.4258070180409083E-016  -5.6900648090877190E-016
   3.3804550179572153E-009  -7.0032001086789096E-011  -1.6846733689235206E-009  -6.1619640956073112E-011   6.9859555218581715E-008  -1.4489851542967459E-009  -3.4817304969489742E-008  -4.4001277873061492E-015   9.5372954971437593E-015   1.6915180772022794E-014   7.5345717145860549E-015  -5.2071712219338700E-015  -3.1344434618916548E-015  -2.5531872472736358E-009   1.1038492103339604E-007  -2.2891503265365233E-009  -5.5014175447819111E-008  -2.5437866893978579E-009  -6.5456346391837394E-015   5.0075658231801580E-015   1.9148662678140440E-014   9.1749373414249712E-015  -2.1777029716339673E-015  -2.6293019906881928E-015  -1.4799301161843123E-010  -8.6745018181604742E-011  -5.3774600695975723E-011  -6.9790683462583554E-011  -2.1854043385829184E-012  -1.5020222854532652E-015   6.7695279393085018E-016   3.9772200910837343E-015   2.0013849394188269E-015  -2.6594612328314297E-016  -4.9936247319991126E-016
   2.3589651030968015E-009  -1.0438982263886569E-009   9.9674008240987176E-010   5.2847931905891085E-011   4.8754948220755499E-008  -2.1587926941839033E-008   2.0606269931507380E-008   7.5564169239999618E-016   4.7449671821244411E-015   7.5345717145860549E-015   9.0710888425746265E-015  -3.3731591744746454E-015  -9.8267305135954617E-015   2.1989148183149137E-009   7.7036350621357537E-008  -3.4107474772446264E-008   3.2558037911344713E-008   2.1899356589771441E-009   7.0485607796572678E-017   4.8799871257604710E-015   7.8320118500254239E-015   7.1613471786635040E-015   2.5596054813291677E-015  -7.2318331043229034E-015   1.7600054665892469E-010  -7.6031946548888743E-010   3.8237341685926855E-010   5.6176571237777482E-012   1.0306817768998883E-012   1.7519030407933041E-016   7.3247528210940389E-016   1.5875247459551194E-015   2.0199132904106813E-015   5.5201799039436242E-016  -2.1951037014199223E-015
  -8.0443555918104646E-010   1.7864539881906532E-009   9.2542538720642239E-010  -5.0739955054711675E-011  -1.6625294307303559E-008   3.6914119242259348E-008   1.9117995274528141E-008   3.3318059566466355E-015  -1.3814557118532941E-015  -5.2071712219338700E-015  -3.3731591744746454E-015   5.5675604023266892E-015   4.1352513399180348E-017  -2.1064580362676901E-009  -2.6269347781635601E-008   5.8328920572104079E-008   3.0209859252899052E-008  -2.0983115073982894E-009   2.1236838322487801E-015   1.2721248580439616E-015  -3.6755249097085712E-015  -2.9899016600429405E-015   5.7272412654313075E-015   8.6621749080111050E-016  -2.0096361516780493E-011  -3.0684894105602645E-010  -3.9377809497673860E-010  -3.3454519571742117E-011  -1.5781961058493767E-012   7.3601594092144961E-016   5.1148021423843136E-016  -7.1225702245639641E-016  -9.8422000861976838E-016   9.3319643496286665E-016   2.4820408490428975E-016
  -2.1426781057872468E-009   4.7698163703468293E-010  -2.7476115662785847E-009  -8.1472024843139362E-012  -4.4287597661468231E-008   9.8635203767279708E-009  -5.6800116539650120E-008  -4.8311617986069725E-015  -3.5510325723379553E-015  -3.1344434618916548E-015  -9.8267305135954617E-015   4.1352513399180348E-017   1.4657892972980503E-014  -3.4598817967032590E-010  -6.9976936893727251E-008   1.5583823399707048E-008  -8.9745270335092428E-008  -3.4390209368532189E-010  -3.6257692756697475E-015  -7.0137221927190831E-015  -3.8660275152104254E-015  -6.4951086889749322E-015  -8.5470395483279086E-015   1.0120878870669228E-014  -3.1308719547527127E-010   3.1947576398251327E-010  -8.8963609269434718E-010   4.0728042524840998E-011  -6.6063634089682941E-013  -1.2447015811202923E-015  -1.2839354491002073E-015  -7.7296413042988165E-016  -1.9360229960429945E-015  -1.5855385945256323E-015   3.1807247651932816E-015
   1.7804570145177975E-009  -3.9873101108328326E-009  -3.5539604960857240E-009   1.4549713670514599E-002   1.0116897864057364E-008  -1.3114200858235731E-008  -1.7197231928133211E-008  -1.8529076409292779E-009   5.1153875746719920E-009  -2.5531872472736358E-009   2.1989148183149137E-009  -2.1064580362676901E-009  -3.4598817967032590E-010  0.60937483987090935       -4.0381508792201870E-009   2.3114643552386191E-008   1.4632465764077254E-008  0.60650260472052520        2.1879208041763169E-009  -2.6762016766565603E-009   1.8561559881742466E-009   1.3449873058851749E-009   1.1822280863073424E-009  -3.5329206968649446E-009  -1.3199806291404398E-010  -1.2706311828113061E-009  -1.2549684814136208E-009  -2.2117795244134528E-002  -4.6961403235205493E-004   3.9445040976602600E-010  -5.0723162960212823E-010   2.7794569871901857E-010   2.6821096321232415E-010   2.9777785457367084E-010  -6.6266827323052162E-010
   2.7565107026022342E-002   1.9199578733265839E-008  -9.7612834699276833E-009  -8.3187660704736522E-009  0.56968917669705643        4.1168377907007836E-009   5.3343521234320429E-010  -7.0594133686707270E-009   7.0370124051338112E-008   1.1038492103339604E-007   7.7036350621357537E-008  -2.6269347781635601E-008  -6.9976936893727251E-008  -4.0381508792201870E-009  0.90015596811925602       -5.3782884297182544E-008   1.9569670228498232E-008  -5.6353895978874624E-009  -2.5910787611675580E-008   5.6835579188375146E-008   1.2877366931489546E-007   7.6255286855050546E-008   2.2490206931345939E-008  -5.0344498654299227E-008   7.3737246147618943E-004  -3.1127760757820832E-009   1.1223043775390945E-009  -8.8507608879185201E-011   1.7151208776134813E-010  -4.2387246750165356E-009   9.2280961004089722E-009   2.6704576066167117E-008   1.8051850989818195E-008   4.8857749606341257E-009  -1.3813126016813506E-008
   1.9074036685945380E-008   2.7565119832783608E-002  -3.9403234838519287E-009  -1.0574174372839487E-008   9.5282225531800280E-010  0.56968918766927656        3.2563204034421987E-011   1.8523645813326267E-008   1.8930286857491587E-008  -2.2891503265365233E-009  -3.4107474772446264E-008   5.8328920572104079E-008   1.5583823399707048E-008   2.3114643552386191E-008  -5.3782884297182544E-008  0.90015589101032578        1.7883159014779319E-008   1.9265889921052724E-008  -7.4076873547499975E-009   2.8991832276307688E-008   3.0547786220550586E-008  -1.3460056980154266E-008   5.8056350060753213E-008   2.0867743697384526E-008  -2.8195623362806926E-009   7.3736810589683283E-004   8.1067971192274006E-010   2.7589648953534093E-009  -7.0495298383712209E-011   1.1379797096077745E-009   8.3202435097960776E-009   7.1597005340186999E-009  -9.0077160223140663E-009   9.5553943968072584E-009   7.8697373131159554E-009
  -9.6644735655565617E-009  -4.0980277795116696E-009   2.7565142334954412E-002   3.6714388268981346E-009   3.8058034732024217E-010  -4.0696019314163195E-009  0.56968917058071644        5.7187224448786795E-008  -1.5993452265047470E-008  -5.5014175447819111E-008   3.2558037911344713E-008   3.0209859252899052E-008  -8.9745270335092428E-008   1.4632465764077254E-008   1.9569670228498232E-008   1.7883159014779319E-008  0.90015591672617434        1.5529720530859607E-008   5.5271410694156243E-008   3.1078489077652575E-008  -5.6336286427059587E-008   3.3485618697252996E-009   7.8259102726943288E-008  -5.8619982143008482E-008   1.1341342667583345E-009   1.1874172915094327E-009   7.3736954385583058E-004   2.0891577849563379E-009  -1.3814689065588307E-010   1.6012267902357699E-008   7.1136081908620812E-009  -1.1823489745083451E-008   3.8188369451496646E-009   1.3732040244275459E-008  -1.9831106753451680E-008
   1.7210074803707990E-009  -4.0803178472832646E-009  -3.5044181738689546E-009   1.4613569175947833E-002   9.0728054065122594E-009  -1.5488238589107606E-008  -1.6570969957282772E-008  -1.8460145318633534E-009   5.0958025962477414E-009  -2.5437866893978579E-009   2.1899356589771441E-009  -2.0983115073982894E-009  -3.4390209368532189E-010  0.60650260472052520       -5.6353895978874624E-009   1.9265889921052724E-008   1.5529720530859607E-008  0.60417440420168778        2.1808507558687615E-009  -2.6672662988436372E-009   1.8493092219803636E-009   1.3383833899025946E-009   1.1776633405517824E-009  -3.5192465744218967E-009  -1.9953745665738723E-009   5.7729928336423214E-009   5.5097831509192563E-009   1.0677855231979607E-002   1.1119121501350613E-003   3.8326445414451985E-010  -4.8773499060165419E-010   2.7335777283518990E-010   2.8058076590685498E-010   2.8876077500569683E-010  -6.6385237015561537E-010
  -7.9304520445945743E-010  -2.2623350852665766E-010   1.6926325945446553E-009   5.3049700408785823E-011  -1.6399878424235961E-008  -4.6903971418194470E-009   3.4979799499115883E-008   3.5552832825740782E-015  -3.1449966561181494E-015  -6.5456346391837394E-015   7.0485607796572678E-017   2.1236838322487801E-015  -3.6257692756697475E-015   2.1879208041763169E-009  -2.5910787611675580E-008  -7.4076873547499975E-009   5.5271410694156243E-008   2.1808507558687615E-009   4.2089176100529975E-015   2.3476376854383823E-017  -7.4112740013313143E-015  -1.8743824267454461E-015   3.6834718926605741E-015  -2.3345358283405627E-015  -5.5879257154813507E-010  -8.0401308013846814E-010  -5.4476048017175348E-011   1.2087889744445252E-010  -1.9859123539776701E-012   1.1011896364679358E-015   1.0096434743687060E-016  -1.5539876229496259E-015  -2.1477418917425272E-016   6.2123093268844287E-016  -8.8641560757291364E-016
   1.7392337514656217E-009   8.8753357854325011E-010   9.5139025816812424E-010  -6.4817189489562685E-011   3.5974461507647578E-008   1.8349303501374410E-008   1.9670049095270543E-008   2.1337345502751784E-015   4.4778977783543960E-015   5.0075658231801580E-015   4.8799871257604710E-015   1.2721248580439616E-015  -7.0137221927190831E-015  -2.6762016766565603E-009   5.6835579188375146E-008   2.8991832276307688E-008   3.1078489077652575E-008  -2.6672662988436372E-009   2.3476376854383823E-017   5.6085426529333711E-015   7.1630131771035818E-015   4.4912384770847561E-015   5.9877929662499340E-015  -4.5147151136435673E-015   1.6411448864275972E-009   3.8090816541564691E-010   4.3621974623414533E-010  -1.3020192590549153E-010   4.6288773124657047E-012   3.1363982283312106E-016   1.1041623066165785E-015   1.5119729099341665E-015   9.8202775942742751E-016   1.0917623709736545E-015  -1.2956675645869552E-015
   3.9416966194508335E-009   9.3520506871208400E-010  -1.7244425696598623E-009   4.4791579397160640E-011   8.1504232386457718E-008   1.9333956857509715E-008  -3.5656664543331321E-008  -3.9659839150321499E-015   1.1725507353553942E-014   1.9148662678140440E-014   7.8320118500254239E-015  -3.6755249097085712E-015  -3.8660275152104254E-015   1.8561559881742466E-009   1.2877366931489546E-007   3.0547786220550586E-008  -5.6336286427059587E-008   1.8493092219803636E-009  -7.4112740013313143E-015   7.1630131771035818E-015   2.2993066919979810E-014   1.0247547573916800E-014   2.9319475887154854E-016  -2.8362729485084633E-015   2.3132342193173531E-009   3.5335328083373959E-010  -9.9357314933937394E-010   5.0084512578462870E-011  -2.3680667113634884E-013  -1.5718095550313181E-015   1.1649815686302913E-015   4.8132531940000834E-015   2.0445465557389417E-015   1.6147037867171403E-016  -4.7273682605734838E-016
   2.3349106483473427E-009  -4.1324768864377534E-010   1.0317662157866889E-010   3.2047093725564457E-011   4.8261132074996039E-008  -8.5146742825836271E-009   2.1169079092606683E-009  -6.6623836329428260E-016   5.6301182113814008E-015   9.1749373414249712E-015   7.1613471786635040E-015  -2.9899016600429405E-015  -6.4951086889749322E-015   1.3449873058851749E-009   7.6255286855050546E-008  -1.3460056980154266E-008   3.3485618697252996E-009   1.3383833899025946E-009  -1.8743824267454461E-015   4.4912384770847561E-015   1.0247547573916800E-014   6.6779030764017578E-015   1.3311660180726290E-015  -4.8035206522405459E-015   3.5463014607568027E-010   1.3850351960572965E-009  -8.2865433893268299E-010  -6.5592459628770881E-011   8.1761323447546114E-012  -3.1735619690059473E-016   6.8024646628105440E-016   2.1137309938812047E-015   1.6897653294676488E-015   3.2535235310515963E-016  -1.3724091443564436E-015
   6.8829564487885674E-010   1.7765838608342269E-009   2.3948579044937330E-009   2.8478343939593638E-011   1.4235075351462685E-008   3.6747187339208837E-008   4.9534487514764254E-008   5.9874330607483882E-015   1.5986835288526852E-015  -2.1777029716339673E-015   2.5596054813291677E-015   5.7272412654313075E-015  -8.5470395483279086E-015   1.1822280863073424E-009   2.2490206931345939E-008   5.8056350060753213E-008   7.8259102726943288E-008   1.1776633405517824E-009   3.6834718926605741E-015   5.9877929662499340E-015   2.9319475887154854E-016   1.3311660180726290E-015   1.1116205501089411E-014  -5.0146387935113343E-015   5.5883425802756423E-010   1.6864019187929172E-009   2.2105910491069930E-009   1.9369011521304629E-011  -1.5414652681049578E-012   1.3465058914793678E-015   1.3814135243287404E-015   9.9039628233461604E-017   2.0649190364148398E-016   1.9484713879172092E-015  -1.5529979038275373E-015
  -1.5418654253990244E-009   6.3948117627706131E-010  -1.7958095090033885E-009  -8.5097069949376272E-011  -3.1861253279590986E-008   1.3205071025942585E-008  -3.7096713472471612E-008  -2.8890455074418131E-015  -2.4851214569377522E-015  -2.6293019906881928E-015  -7.2318331043229034E-015   8.6621749080111050E-016   1.0120878870669228E-014  -3.5329206968649446E-009  -5.0344498654299227E-008   2.0867743697384526E-008  -5.8619982143008482E-008  -3.5192465744218967E-009  -2.3345358283405627E-015  -4.5147151136435673E-015  -2.8362729485084633E-015  -4.8035206522405459E-015  -5.0146387935113343E-015   7.1380571281987556E-015   2.0416183767993121E-010  -5.8102032326964313E-010   8.8312978017917702E-010  -5.5280174939666202E-011  -6.1840467586437852E-012  -7.8383362479533497E-016  -7.8121088330694442E-016  -5.5974324072186591E-016  -1.4749911535483140E-015  -9.4658343740573769E-016   2.2588249504123902E-015
  -1.5058732381340114E-003   1.3135620019910669E-010  -1.6470494431493942E-011  -3.2324769193843112E-010   6.0533287897848948E-003  -3.1853620817230664E-009   1.0122345487628792E-009   1.3708591639606192E-010  -3.3544067550903748E-010  -1.4799301161843123E-010   1.7600054665892469E-010  -2.0096361516780493E-011  -3.1308719547527127E-010  -1.3199806291404398E-010   7.3737246147618943E-004  -2.8195623362806926E-009   1.1341342667583345E-009  -1.9953745665738723E-009  -5.5879257154813507E-010   1.6411448864275972E-009   2.3132342193173531E-009   3.5463014607568027E-010   5.5883425802756423E-010   2.0416183767993121E-010   1.9990851464845776        2.3923928274681974E-010  -5.0377814098482602E-011  -7.2226026050020094E-010  -7.0208526326273041E-011  -5.0652949832606238E-009   8.8154107078043185E-009   6.9572561542452642E-009   1.0542674131923325E-009  -7.0260714538035865E-010   4.0110280562196539E-009
   1.2164363228248149E-010  -1.5058730415651639E-003  -4.6013799609566926E-011   9.6329662754396226E-010  -3.3557125443614875E-009   6.0533236061228214E-003   1.2869442211399329E-009   4.4084438669894537E-010   2.4791738491326250E-010  -8.6745018181604742E-011  -7.6031946548888743E-010  -3.0684894105602645E-010   3.1947576398251327E-010  -1.2706311828113061E-009  -3.1127760757820832E-009   7.3736810589683283E-004   1.1874172915094327E-009   5.7729928336423214E-009  -8.0401308013846814E-010   3.8090816541564691E-010   3.5335328083373959E-010   1.3850351960572965E-009   1.6864019187929172E-009  -5.8102032326964313E-010   2.3923928274681974E-010   1.9990851469034421       -9.3210198099477779E-011   2.6592921759646226E-009   3.0445132578434090E-010  -5.6998797812605528E-009  -5.7962816475550566E-009  -7.8465664549344881E-010   1.2089119774104130E-008   8.7265285161691290E-009  -6.3892404246097878E-009
  -1.6818354818042767E-011  -5.8565498119984729E-011  -1.5058732119804638E-003   9.4457172416314211E-010   1.0051939683395665E-009   1.0624972432810199E-009   6.0533265018984754E-003   5.0726193093385122E-010   6.2002315611026935E-012  -5.3774600695975723E-011   3.8237341685926855E-010  -3.9377809497673860E-010  -8.8963609269434718E-010  -1.2549684814136208E-009   1.1223043775390945E-009   8.1067971192274006E-010   7.3736954385583058E-004   5.5097831509192563E-009  -5.4476048017175348E-011   4.3621974623414533E-010  -9.9357314933937394E-010  -8.2865433893268299E-010   2.2105910491069930E-009   8.8312978017917702E-010  -5.0377814098482602E-011  -9.3210198099477779E-011   1.9990851465584245        2.5512540053831151E-009   2.8992380272981890E-010  -7.2415433032133126E-009  -8.2834266190123650E-010  -3.5220655016465181E-009  -5.8837794484296265E-009   8.1522914304664047E-009   1.3125321987666630E-008
  -2.5731070825742479E-010   7.5582680406319748E-010   7.2666611699900323E-010   7.6323633252365214E-003   1.4476440239683124E-009  -2.7267774409137282E-009  -2.9821759995245462E-009  -4.6338399760582613E-011   9.3533668074304481E-011  -6.9790683462583554E-011   5.6176571237777482E-012  -3.3454519571742117E-011   4.0728042524840998E-011  -2.2117795244134528E-002  -8.8507608879185201E-011   2.7589648953534093E-009   2.0891577849563379E-009   1.0677855231979607E-002   1.2087889744445252E-010  -1.3020192590549153E-010   5.0084512578462870E-011  -6.5592459628770881E-011   1.9369011521304629E-011  -5.5280174939666202E-011  -7.2226026050020094E-010   2.6592921759646226E-009   2.5512540053831151E-009   2.0200559454573503        7.7099107821073602E-004  -5.9045067542747419E-010   1.0750376163012730E-009  -2.1261405237607179E-010   8.3237880515620554E-010  -4.8111803112084235E-010  -2.4194546862850581E-010
   3.5559664317968994E-011  -4.7125605286310357E-011  -5.0200148021710854E-011   3.9737856654080162E-004  -5.6052559519254061E-011   1.6804969056722868E-010   1.4060895860080033E-010  -3.7527774942214008E-013   3.7584473294944742E-012  -2.1854043385829184E-012   1.0306817768998883E-012  -1.5781961058493767E-012  -6.6063634089682941E-013  -4.6961403235205493E-004   1.7151208776134813E-010  -7.0495298383712209E-011  -1.3814689065588307E-010   1.1119121501350613E-003  -1.9859123539776701E-012   4.6288773124657047E-012  -2.3680667113634884E-013   8.1761323447546114E-012  -1.5414652681049578E-012  -6.1840467586437852E-012  -7.0208526326273041E-011   3.0445132578434090E-010   2.8992380272981890E-010   7.7099107821073602E-004   2.0001374317935938        4.8895459337542549E-013  -1.2121576427543950E-013   1.1388442833612560E-012   4.4902100485466037E-013   4.7890547802462149E-013  -9.3492247175715537E-013
  -1.2593073093120343E-010   3.9206428097477909E-011   4.9588455326905516E-010   7.0900179754396713E-012  -2.6967428360431863E-009   7.0427072925599626E-010   1.0113543400744384E-008   1.0695111390441866E-015  -5.8843535027239643E-016  -1.5020222854532652E-015   1.7519030407933041E-016   7.3601594092144961E-016  -1.2447015811202923E-015   3.9445040976602600E-010  -4.2387246750165356E-009   1.1379797096077745E-009   1.6012267902357699E-008   3.8326445414451985E-010   1.1011896364679358E-015   3.1363982283312106E-016  -1.5718095550313181E-015  -3.1735619690059473E-016   1.3465058914793678E-015  -7.8383362479533497E-016  -5.0652949832606238E-009  -5.6998797812605528E-009  -7.2415433032133126E-009  -5.9045067542747419E-010   4.8895459337542549E-013   3.6205050514463592E-016   9.0247721567926824E-017  -3.2933983127921618E-016  -4.4291705689760724E-017   1.8105259301948518E-016  -3.1775883017326671E-016
   2.7585403217252525E-010   2.5922463893807184E-010   2.1847504031221499E-010  -7.8410712640337509E-012   5.8648764834933274E-009   5.2494849973841475E-009   4.4997170644422457E-009   5.5146003970846983E-016   7.6346869985990836E-016   6.7695279393085018E-016   7.3247528210940389E-016   5.1148021423843136E-016  -1.2839354491002073E-015  -5.0723162960212823E-010   9.2280961004089722E-009   8.3202435097960776E-009   7.1136081908620812E-009  -4.8773499060165419E-010   1.0096434743687060E-016   1.1041623066165785E-015   1.1649815686302913E-015   6.8024646628105440E-016   1.3814135243287404E-015  -7.8121088330694442E-016   8.8154107078043185E-009  -5.7962816475550566E-009  -8.2834266190123650E-010   1.0750376163012730E-009  -1.2121576427543950E-013   9.0247721567926824E-017   2.8470034782270042E-016   2.8048746419849066E-016   1.0412015781482450E-016   2.1461466435373384E-016  -1.9436788189004274E-016
   8.1246095018705231E-010   2.1985378593128269E-010  -3.5938122274456900E-010   5.8177972952201059E-012   1.6920128766108686E-008   4.5290116786354732E-009  -7.4926465930747045E-009  -8.1456053800155694E-016   2.4491003386262581E-015   3.9772200910837343E-015   1.5875247459551194E-015  -7.1225702245639641E-016  -7.7296413042988165E-016   2.7794569871901857E-010   2.6704576066167117E-008   7.1597005340186999E-009  -1.1823489745083451E-008   2.7335777283518990E-010  -1.5539876229496259E-015   1.5119729099341665E-015   4.8132531940000834E-015   2.1137309938812047E-015   9.9039628233461604E-017  -5.5974324072186591E-016   6.9572561542452642E-009  -7.8465664549344881E-010  -3.5220655016465181E-009  -2.1261405237607179E-010   1.1388442833612560E-012  -3.2933983127921618E-016   2.8048746419849066E-016   1.0351739044419916E-015   4.2293498428258178E-016   2.0557122831024406E-017  -9.3595109356106498E-017
   5.5199941815045513E-010  -2.8508804752692683E-010   1.2144366139113996E-010   9.8072163129944114E-012   1.1427529260506025E-008  -5.6669829153175212E-009   2.4004073915855346E-009  -8.3890247710276715E-017   1.1574418488811619E-015   2.0013849394188269E-015   2.0199132904106813E-015  -9.8422000861976838E-016  -1.9360229960429945E-015   2.6821096321232415E-010   1.8051850989818195E-008  -9.0077160223140663E-009   3.8188369451496646E-009   2.8058076590685498E-010  -2.1477418917425272E-016   9.8202775942742751E-016   2.0445465557389417E-015   1.6897653294676488E-015   2.0649190364148398E-016  -1.4749911535483140E-015   1.0542674131923325E-009   1.2089119774104130E-008  -5.8837794484296265E-009   8.3237880515620554E-010   4.4902100485466037E-013  -4.4291705689760724E-017   1.0412015781482450E-016   4.2293498428258178E-016   5.5989581361933175E-016   8.8968517519064083E-017  -5.1560413054225518E-016
   1.5015540491665716E-010   2.8594500958986388E-010   4.1428664143320182E-010   5.2092809273449867E-012   3.0901264311117845E-009   6.0717676954373405E-009   8.7134614999148069E-009   1.0335204330860655E-015   3.4258070180409083E-016  -2.6594612328314297E-016   5.5201799039436242E-016   9.3319643496286665E-016  -1.5855385945256323E-015   2.9777785457367084E-010   4.8857749606341257E-009   9.5553943968072584E-009   1.3732040244275459E-008   2.8876077500569683E-010   6.2123093268844287E-016   1.0917623709736545E-015   1.6147037867171403E-016   3.2535235310515963E-016   1.9484713879172092E-015  -9.4658343740573769E-016  -7.0260714538035865E-010   8.7265285161691290E-009   8.1522914304664047E-009  -4.8111803112084235E-010   4.7890547802462149E-013   1.8105259301948518E-016   2.1461466435373384E-016   2.0557122831024406E-017   8.8968517519064083E-017   4.0911986572490406E-016  -2.7002113181406788E-016
  -4.2606867846557125E-010   2.4588165039541104E-010  -6.1732827244226722E-010  -1.6897469507027194E-011  -8.7307862345147797E-009   4.9627128179906561E-009  -1.2513952000691091E-008  -9.8562097243427591E-016  -5.6900648090877190E-016  -4.9936247319991126E-016  -2.1951037014199223E-015   2.4820408490428975E-016   3.1807247651932816E-015  -6.6266827323052162E-010  -1.3813126016813506E-008   7.8697373131159554E-009  -1.9831106753451680E-008  -6.6385237015561537E-010  -8.8641560757291364E-016  -1.2956675645869552E-015  -4.7273682605734838E-016  -1.3724091443564436E-015  -1.5529979038275373E-015   2.2588249504123902E-015   4.0110280562196539E-009  -6.3892404246097878E-009   1.3125321987666630E-008  -2.4194546862850581E-010  -9.3492247175715537E-013  -3.1775883017326671E-016  -1.9436788189004274E-016  -9.3595109356106498E-017  -5.1560413054225518E-016  -2.7002113181406788E-016   8.3336301404683943E-016
