   1.8236590406304473E-002  -5.6140706424300496E-018   2.8552624520237908E-018  -2.0697039250010887E-017   6.6372048101601812E-018  -2.0705615601250587E-018   1.6217454180237793E-017  -1.5160842215098372E-017   5.9265626025006459E-018  -1.9696460373112489E-017   7.5579518167739307E-002  -3.6370418529274826E-016  -4.3176418697986888E-016  -3.5607545393048821E-016  -2.7642932664845376E-017  -4.7010241732491333E-018  -4.1900155798199325E-018  -1.4579723835825073E-017   2.7429049906194132E-018  -2.7463600095598139E-017  -5.8220337692818328E-016   6.2263021001472706E-002  -2.1612793689325562E-016  -3.2699918312164777E-016  -1.0404113372169406E-015  -7.2137494921973812E-017   1.3229530834715560E-003   5.4686070711250023E-016  -4.8240145965779043E-017  -1.3068129721621952E-016  -1.8409982534647567E-004  -3.6992952372956226E-016  -7.9831731212643700E-016   7.5674439784176106E-017  -3.2533593026230505E-016   6.9731167083859778E-016  -7.0897867139791012E-016   6.2922398568724179E-016   5.4859160551982858E-016
  -5.6140706424300496E-018   1.8236590406305323E-002  -1.2704057719781678E-016   1.9021850261304691E-016  -1.2131507180404661E-016   6.4426254028809263E-018   5.6593645428496584E-018  -1.1805428321806499E-016   1.4931986535296061E-017  -1.1430363105376771E-016   3.0481078300201478E-016   7.5579518167740625E-002  -2.0541313854624662E-016   4.5810501293893500E-016  -6.7835089601048295E-017  -2.3288546353586134E-019   3.7968706955334542E-018  -6.2980800587960990E-017  -2.9044122142613480E-018  -6.4707356295887943E-017   2.3732828855028795E-016   2.8997615157999687E-016   6.2263021001474156E-002  -2.4668702581358742E-016   1.1837070909713583E-015  -1.3223126241590481E-016  -3.0231008210533435E-015   1.3229530834661253E-003  -7.5032009445576843E-016  -2.9505637300159052E-016   2.3807587055015857E-015  -1.8409982534774426E-004   1.2688750944614469E-015  -5.2906362268514723E-016   4.7169278118245691E-016   3.2323067150308448E-016  -1.6642994524553289E-016   3.9009860890585522E-017   2.7963435580495966E-016
   2.8552624520237908E-018  -1.2704057719781678E-016   1.8236590406304459E-002   3.4899019167210546E-016  -1.9653304267416945E-016  -6.7016882643570808E-017   8.1384973648116286E-018  -1.0908982510424321E-016   7.7628631041756292E-017  -1.4333857040220602E-016   5.3450394413459196E-016  -3.6894810655550054E-016   7.5579518167739695E-002   5.4493789388136972E-016  -2.6449524754935703E-017   1.2680772611926614E-017   6.1829043383611407E-018  -2.1460742588571793E-017  -2.3967773666959877E-017  -3.2642892738708517E-017   4.8508881960401793E-016   3.6366962088731727E-016  -2.8642847330377524E-016   6.2263021001472546E-002  -1.2401423248097816E-015  -7.1971822742400874E-016   2.1155037095785190E-015  -1.6995817818545305E-015   1.3229530834704857E-003  -2.1835013576490306E-015  -2.2658898299882517E-015  -1.6693834699633569E-015  -1.8409982534333156E-004  -3.3167529479357961E-016  -7.5941478356053452E-017   2.0572307267345257E-016  -1.8623325813326874E-016   1.2629616541631013E-016   1.6129476005810906E-016
  -2.0697039250010887E-017   1.9021850261304691E-016   3.4899019167210546E-016   4.8598948977482154E-004  -3.4957200241971443E-016  -7.7366492860910693E-018   8.6919327601656512E-018  -1.1347726635831368E-016  -2.2871825493661393E-017  -3.9946664922697540E-016   1.6789138310277917E-017   7.4807312713331001E-016   1.4611736035370935E-015   1.3919288588184432E-002  -1.1764275266223389E-015   1.0681330729729110E-017  -5.4022877807817943E-018  -9.8173513495996979E-016   2.9323514994407666E-018  -1.2748119225558409E-015   1.7917664446715428E-002  -1.8529388005275432E-017   6.3374041118881254E-016   1.1717362735658659E-015   1.0432097425434505E-002   1.9172277498279559E-003   1.5720407142670194E-016  -1.7532303233631559E-015  -3.0600464347239950E-016   1.9794584873097777E-004   1.0915904019846512E-015   2.8309693434930552E-015   7.6278767571227458E-016  -1.0359269216961991E-014  -2.6684843704218110E-016   1.0071426697681078E-015   1.9574879398984664E-014  -2.6755093227920317E-016  -1.4306522447167047E-014
   6.6372048101601812E-018  -1.2131507180404661E-016  -1.9653304267416945E-016  -3.4957200241971443E-016   9.2424491306484423E-005  -4.4952816060525912E-018  -1.8873086859269381E-017  -4.6212245653270861E-005  -6.9798798760670520E-018  -4.6212245653187364E-005  -1.6121319538313301E-017  -4.7874206170441464E-016  -7.9875597151909399E-016  -5.9431390700674176E-015   1.2500543308913880E-004  -5.9440967207553157E-018  -9.8626117554445056E-018  -6.2502716544616250E-005  -1.2700865306110011E-017  -6.2502716544499183E-005  -8.3866220449586379E-015  -8.4058281848737938E-018  -3.9466597875149543E-016  -6.6263827173557147E-016  -1.8908935984190900E-014  -2.6748529070418812E-015   4.8910147478992899E-015  -1.5018129174910150E-015  -1.0965762048565197E-015  -2.6333275402213476E-016  -3.8183124347202801E-016  -2.0724187608201981E-016   7.8856531482628057E-016   1.3557591044319538E-002  -6.5551202161652391E-016  -8.7760109577128617E-016  -6.7787955221668824E-003  -1.2860126426082916E-015  -6.7787955221526152E-003
  -2.0705615601250587E-018   6.4426254028809263E-018  -6.7016882643570808E-017  -7.7366492860910693E-018  -4.4952816060525912E-018   9.2424491306505890E-005  -9.9033214492982562E-018   1.0953294060858539E-017  -7.5665610342543219E-018  -1.6987122920860239E-017   8.7721391885959895E-018   1.6355778444962964E-017  -2.7418245146086548E-016  -1.2146215762774085E-016  -6.3689201397316034E-018   1.2500543308918498E-004   4.2156978677358082E-018   2.8790120481711955E-018  -3.2088015137575234E-018  -1.1236247526183752E-017  -1.8955216175536463E-016  -6.1571006698468827E-018   1.6714301731284467E-017  -2.2523510588040070E-016  -2.4366734768814812E-016  -1.6640727173937142E-016  -5.9815739125944983E-017  -7.9454573341952501E-016  -5.8577207868121554E-016  -1.7288907548119931E-016  -1.9389925321949599E-016  -1.3012648862253444E-015   1.7371415574864942E-016  -1.8609313851153941E-017   1.3557591044321146E-002  -2.1974173409968365E-016   1.4660954470845937E-015  -2.5826680424405904E-016  -1.4705237088630262E-015
   1.6217454180237793E-017   5.6593645428496584E-018   8.1384973648116286E-018   8.6919327601656512E-018  -1.8873086859269381E-017  -9.9033214492982562E-018   9.2424491306468715E-005   1.1070452614095015E-017   9.9776324603978655E-018   1.2937912625594792E-017   4.8930694984878146E-017   9.5731755598257408E-018   2.5298544151182593E-017  -6.8965853629192793E-018  -8.3324996757965422E-018  -7.1199372702154737E-018   1.2500543308916663E-004   1.1109674210019224E-017   2.1467873858689762E-017   6.2937220808340499E-018   3.4335045825815451E-017   4.3091663429430967E-017   1.0525549895497747E-017   2.4715975402466494E-017  -3.8967018773568522E-017   1.5606864145236566E-015  -3.9852487435569729E-016   3.0740237634503204E-016  -8.7426451846132346E-018   1.6469899773694648E-016   6.0529824510768199E-016  -7.5975494869235731E-016  -1.0917802685884195E-016  -1.8897129293906901E-015  -1.2195668254235694E-015   1.3557591044318416E-002   1.0133982649080429E-015   1.1032269559973096E-015   8.9067232954230202E-016
  -1.5160842215098372E-017  -1.1805428321806499E-016  -1.0908982510424321E-016  -1.1347726635831368E-016  -4.6212245653270861E-005   1.0953294060858539E-017   1.1070452614095015E-017   9.2424491306510403E-005   5.4568410178511443E-018  -4.6212245653255425E-005  -5.8789310120120901E-017  -4.9848554430314045E-016  -4.3421032051239977E-016  -5.6982890058936791E-015  -6.2502716544501473E-005  -7.3244394787012525E-018   3.7657083057904081E-018   1.2500543308918845E-004   1.6736558746380456E-017  -6.2502716544693160E-005  -6.9267594071949233E-015  -4.5760262720011512E-017  -4.1048452454095719E-016  -3.6253498077254518E-016  -1.7119510361025321E-014  -2.4745836369519560E-015   2.2334763277513236E-015   1.2749427112954556E-015  -1.8523102724911066E-015   2.5599724323533696E-016   1.0017568973923314E-015   2.7075967761248338E-016  -1.5540771336111104E-016  -6.7787955221568436E-003   1.3728625305803076E-016   6.2137744087512474E-016   1.3557591044321396E-002   1.6085064612317304E-015  -6.7787955221646004E-003
   5.9265626025006459E-018   1.4931986535296061E-017   7.7628631041756292E-017  -2.2871825493661393E-017  -6.9798798760670520E-018  -7.5665610342543219E-018   9.9776324603978655E-018   5.4568410178511443E-018   9.2424491306460381E-005   2.0810981196665715E-018  -3.8839937233801328E-018   7.4958123524806608E-017   3.3094837792011998E-016  -8.2368200218677296E-016   1.2362201019767956E-017  -2.7810076891834031E-018   3.8865271332351425E-018  -1.4018607035239407E-017   1.2500543308916222E-004   3.5547094725266687E-018  -1.0288070221942706E-015   4.6721894404786854E-018   5.9138774893409691E-017   2.7052957651377808E-016   9.1191312792444354E-016  -4.9557061075151956E-016   5.5035250890080979E-016  -1.7561124342769218E-015  -1.6664075872447256E-015  -4.5935721086269724E-016  -1.6365678987012203E-016   3.7431249802520284E-016   3.7728996687613598E-016   2.6389417350835896E-016  -8.5008152471058687E-016   3.4194534792198903E-016  -7.9400572014080136E-016   1.3557591044317807E-002   5.3853598412483841E-016
  -1.9696460373112489E-017  -1.1430363105376771E-016  -1.4333857040220602E-016  -3.9946664922697540E-016  -4.6212245653187364E-005  -1.6987122920860239E-017   1.2937912625594792E-017  -4.6212245653255425E-005   2.0810981196665715E-018   9.2424491306432476E-005  -1.3531703893410982E-016  -4.7681940206726802E-016  -5.9624341590119882E-016  -7.8265835335528587E-015  -6.2502716544601898E-005  -9.7223376400667316E-019   1.3042441578454978E-017  -6.2502716544593698E-005  -3.2809152746602170E-018   1.2500543308917840E-004  -1.0506004421915871E-014  -9.5972309340799096E-017  -3.9560713240059870E-016  -4.8954240698520300E-016  -1.2557219944668178E-014  -1.3630904222373929E-015   3.9273507220465695E-015  -1.1743913156865333E-015  -7.7557089358268599E-016  -3.7305541550430924E-016   2.2788759980821509E-015  -1.7913283651183858E-016  -8.7914247723142311E-016  -6.7787955221588515E-003  -1.0262717098684297E-015   1.0095088947550452E-015  -6.7787955221568445E-003  -2.4063318632133905E-016   1.3557591044315703E-002
   7.5579518167739307E-002   3.0481078300201478E-016   5.3450394413459196E-016   1.6789138310277917E-017  -1.6121319538313301E-017   8.7721391885959895E-018   4.8930694984878146E-017  -5.8789310120120901E-017  -3.8839937233801328E-018  -1.3531703893410982E-016  0.31337758110531932       -2.8180556540661860E-016   4.9104647892286290E-016   1.2212416774291518E-015  -1.5062426839661005E-016   6.0702058594125186E-018  -4.6492827099526257E-017  -4.9428122019195714E-017  -2.6779332453811606E-017  -1.5667371773065680E-016   8.1866607909165030E-016  0.25812657467200467        1.7734829031264818E-016   4.7323919246587203E-016   4.4691678701060860E-016   4.8774529295423296E-016  -1.1628177561107803E-002  -4.7337657400770108E-016  -1.2744438533798053E-016  -1.3074462508791875E-015   9.7921379818564133E-005  -7.1954736823297239E-016   1.1893836682703607E-015   5.6072774400953361E-017   1.1361031689600035E-015  -3.3017647038341206E-016   3.7894702619596793E-016  -8.6667187698200701E-016  -8.3863912388898261E-016
  -3.6370418529274826E-016   7.5579518167740625E-002  -3.6894810655550054E-016   7.4807312713331001E-016  -4.7874206170441464E-016   1.6355778444962964E-017   9.5731755598257408E-018  -4.9848554430314045E-016   7.4958123524806608E-017  -4.7681940206726802E-016  -2.8180556540661860E-016  0.31337758110531527       -2.9811530713961891E-016   8.6415354947657916E-016  -2.6420642174592777E-016  -3.2903903938620096E-017   6.9336267315358672E-018  -2.3617332773170229E-016  -1.9997751205133656E-017  -2.9342355090493971E-016  -3.2164280900862620E-016  -3.2213784784321688E-017  0.25812657467200284       -5.4669971612424299E-016  -3.3641009934864836E-016   1.7711920277063934E-016   5.2544462921024672E-015  -1.1628177561103042E-002   2.6679019973129987E-017   1.9160177508333398E-016  -3.9353285121482042E-015   9.7921379819856989E-005  -1.6009337044141222E-015  -5.0856929481310567E-016  -4.7226375051999741E-016  -2.6320417702374643E-016  -4.2976006487251504E-016  -1.4694740315222721E-016  -7.4721650503604550E-016
  -4.3176418697986888E-016  -2.0541313854624662E-016   7.5579518167739695E-002   1.4611736035370935E-015  -7.9875597151909399E-016  -2.7418245146086548E-016   2.5298544151182593E-017  -4.3421032051239977E-016   3.3094837792011998E-016  -5.9624341590119882E-016   4.9104647892286290E-016  -2.9811530713961891E-016  0.31337758110532277        1.0529215530403029E-015  -9.5460065142416994E-017   4.5135153205587043E-017   1.6172646595940995E-017  -7.5628361494518132E-017  -1.1977167139313715E-016  -1.2643777816249761E-016   7.9194412083597637E-016   5.3164045372190359E-017  -1.5879885203442060E-016  0.25812657467200539        2.9249174660047752E-015   1.7825079320863710E-016  -3.7857515008314738E-015   1.7032934979885022E-015  -1.1628177561113406E-002   2.0064649492706667E-015   4.0028250439241765E-015   3.4458901467092210E-015   9.7921379814919153E-005  -4.5280039387644781E-016  -5.2947443685188558E-016  -3.9096022162784895E-016  -4.2600681646678438E-016  -2.4135894242276828E-016  -5.4951426537687923E-016
  -3.5607545393048821E-016   4.5810501293893500E-016   5.4493789388136972E-016   1.3919288588184432E-002  -5.9431390700674176E-015  -1.2146215762774085E-016  -6.8965853629192793E-018  -5.6982890058936791E-015  -8.2368200218677296E-016  -7.8265835335528587E-015   1.2212416774291518E-015   8.6415354947657916E-016   1.0529215530403029E-015  0.45262869602914901       -3.1753920165535303E-014   3.3736680440741526E-016  -4.1921298109630358E-016  -3.4345405940508604E-014   2.8568682031786030E-016  -3.2469784711026758E-014  0.57482192329461357        9.4509747833528101E-017   1.2037260748831952E-015   5.2072358555263735E-016  -7.0920290985056244E-003   5.6711547896405319E-004  -2.1934078122356102E-014   7.9293258462876716E-015   8.7644974337760089E-015   3.4522688008862992E-004  -1.0031435845243056E-014  -3.0057885378406827E-015   1.1701510128960180E-016  -1.8936435932434600E-014   3.2455076334819841E-015  -3.4275460998022816E-015  -9.7677265847885700E-014  -1.0349738788356569E-016  -2.3379081506318980E-014
  -2.7642932664845376E-017  -6.7835089601048295E-017  -2.6449524754935703E-017  -1.1764275266223389E-015   1.2500543308913880E-004  -6.3689201397316034E-018  -8.3324996757965422E-018  -6.2502716544501473E-005   1.2362201019767956E-017  -6.2502716544601898E-005  -1.5062426839661005E-016  -2.6420642174592777E-016  -9.5460065142416994E-017  -3.1753920165535303E-014   1.6907161814919101E-004  -8.4303303268690903E-018   9.9152882712495969E-018  -8.4535809074514582E-005   1.2310211063839572E-017  -8.4535809074644822E-005  -4.1354450523825706E-014  -1.2330128070770521E-016  -2.1416303170304034E-016  -8.3069673384631870E-017  -2.0541005316641992E-014  -2.5525403083514067E-015   4.1099736243140233E-015  -1.9945513852549902E-016  -6.9405376857309648E-016   4.6634782861058202E-016   3.0805214834862287E-015  -2.2386753385895730E-016  -2.1535024953253904E-016   1.8336833843322325E-002  -9.2897999676935975E-016   1.3351344125601742E-015  -9.1684169216551346E-003   1.4588342571442268E-015  -9.1684169216671354E-003
  -4.7010241732491333E-018  -2.3288546353586134E-019   1.2680772611926614E-017   1.0681330729729110E-017  -5.9440967207553157E-018   1.2500543308918498E-004  -7.1199372702154737E-018  -7.3244394787012525E-018  -2.7810076891834031E-018  -9.7223376400667316E-019   6.0702058594125186E-018  -3.2903903938620096E-017   4.5135153205587043E-017   3.3736680440741526E-016  -8.4303303268690903E-018   1.6907161814927663E-004   1.4188061601221555E-017  -2.6049303844029842E-017   5.7401652668914573E-018   1.4562305820863652E-017   4.0448264503765951E-016  -1.3616804025444022E-017  -1.8348799912836289E-017   4.1101305003465716E-017   6.3393736155648221E-016   3.2576471901445554E-016  -3.2579195102163764E-016   1.1449990883042873E-015   6.1661121378388064E-016   6.2249844023277584E-016  -2.8643858464261631E-016   6.5232597145277278E-016  -3.5374183956679464E-016  -5.2439809765009676E-018   1.8336833843327013E-002   6.2318373863514374E-016  -1.2646062142070736E-015   7.4393993196926920E-016   1.2386910823670793E-015
  -4.1900155798199325E-018   3.7968706955334542E-018   6.1829043383611407E-018  -5.4022877807817943E-018  -9.8626117554445056E-018   4.2156978677358082E-018   1.2500543308916663E-004   3.7657083057904081E-018   3.8865271332351425E-018   1.3042441578454978E-017  -4.6492827099526257E-017   6.9336267315358672E-018   1.6172646595940995E-017  -4.1921298109630358E-016   9.9152882712495969E-018   1.4188061601221555E-017   1.6907161814929506E-004  -1.3195516000551884E-019   1.6040162006119763E-017   2.4851833969389682E-018  -4.9330881685662865E-016  -3.3429276973997621E-017   6.7486081719552411E-018   1.8057536446066276E-017  -2.3710532858552144E-016  -1.6814390754387194E-015  -5.1908050589892018E-017  -6.5957952012313443E-016  -2.0534830696580202E-016   5.7476605861580499E-016   3.0441350356229988E-016   7.8462939777335934E-016   5.4686613776121961E-016  -2.5821015891565653E-016   9.3371194632920103E-016   1.8336833843328008E-002  -2.7333520273832143E-016   8.2695085486608322E-017   5.5096437282841471E-016
  -1.4579723835825073E-017  -6.2980800587960990E-017  -2.1460742588571793E-017  -9.8173513495996979E-016  -6.2502716544616250E-005   2.8790120481711955E-018   1.1109674210019224E-017   1.2500543308918845E-004  -1.4018607035239407E-017  -6.2502716544593698E-005  -4.9428122019195714E-017  -2.3617332773170229E-016  -7.5628361494518132E-017  -3.4345405940508604E-014  -8.4535809074514582E-005  -2.6049303844029842E-017  -1.3195516000551884E-019   1.6907161814927783E-004  -6.3060974265981309E-018  -8.4535809074771579E-005  -4.3235850732852535E-014  -3.8475651688513281E-017  -2.0358045188837027E-016  -6.6140240027229501E-017  -2.4721375286163509E-014  -1.9302842850077189E-015   2.3705238948148108E-015  -2.6445330568493545E-015  -1.2070010775297705E-015   5.4615408232325321E-016   1.2697716229677569E-015   1.3179804998118855E-016   8.1316724446607376E-017  -9.1684169216583941E-003  -1.5651119045527060E-015   2.7372547316880953E-016   1.8336833843326968E-002  -9.6346376684328631E-016  -9.1684169216686394E-003
   2.7429049906194132E-018  -2.9044122142613480E-018  -2.3967773666959877E-017   2.9323514994407666E-018  -1.2700865306110011E-017  -3.2088015137575234E-018   2.1467873858689762E-017   1.6736558746380456E-017   1.2500543308916222E-004  -3.2809152746602170E-018  -2.6779332453811606E-017  -1.9997751205133656E-017  -1.1977167139313715E-016   2.8568682031786030E-016   1.2310211063839572E-017   5.7401652668914573E-018   1.6040162006119763E-017  -6.3060974265981309E-018   1.6907161814929832E-004  -3.4366307325157045E-018   3.4812020316073558E-016  -1.1512319974000266E-017  -1.3633616700385193E-017  -9.3353243356320554E-017  -7.5650418932127562E-016   4.5629029982197175E-016   7.3242387498708178E-016   6.0441050352312627E-016   1.5862705610112342E-015   7.9872853742960051E-016   3.0792722815004709E-016   1.5460793315142878E-016   5.0966475068633918E-016  -1.2135292804549449E-016  -1.1925038051214395E-016   1.6320287779352221E-015   2.9852723313910266E-016   1.8336833843328185E-002  -1.6578013700122108E-016
  -2.7463600095598139E-017  -6.4707356295887943E-017  -3.2642892738708517E-017  -1.2748119225558409E-015  -6.2502716544499183E-005  -1.1236247526183752E-017   6.2937220808340499E-018  -6.2502716544693160E-005   3.5547094725266687E-018   1.2500543308917840E-004  -1.5667371773065680E-016  -2.9342355090493971E-016  -1.2643777816249761E-016  -3.2469784711026758E-014  -8.4535809074644822E-005   1.4562305820863652E-017   2.4851833969389682E-018  -8.4535809074771579E-005  -3.4366307325157045E-018   1.6907161814939310E-004  -4.2257213884997728E-014  -1.1540764088713482E-016  -2.4029337056649609E-016  -1.0489591741916777E-016  -2.8194277092839785E-014  -2.7123184056568424E-015   1.7111368137287485E-015   8.9169541946429335E-016  -2.3669083645902695E-015   1.0210237821915900E-015   6.9080538706632679E-016  -2.5534727540951158E-017  -1.6108968085663306E-016  -9.1684169216605018E-003   3.3393847782049741E-016  -2.7826542418229619E-016  -9.1684169216727368E-003  -2.1691125439243977E-016   1.8336833843333251E-002
  -5.8220337692818328E-016   2.3732828855028795E-016   4.8508881960401793E-016   1.7917664446715428E-002  -8.3866220449586379E-015  -1.8955216175536463E-016   3.4335045825815451E-017  -6.9267594071949233E-015  -1.0288070221942706E-015  -1.0506004421915871E-014   8.1866607909165030E-016  -3.2164280900862620E-016   7.9194412083597637E-016  0.57482192329461357       -4.1354450523825706E-014   4.0448264503765951E-016  -4.9330881685662865E-016  -4.3235850732852535E-014   3.4812020316073558E-016  -4.2257213884997728E-014  0.73100258066304602       -4.3334381897570159E-016   3.5887595066105224E-016   9.9726702177054247E-017   3.5203504156048837E-002   8.7680612814879533E-003   8.3142063295576838E-015  -3.7600085608441273E-015  -2.8748601290880538E-015   1.2150607312506525E-003   4.1727208518284639E-015   8.4943949562884328E-016  -1.9690488764306016E-016  -8.6109717295895105E-014  -1.3985650059486229E-016   1.1464117109152712E-015  -2.2442954074113468E-014  -1.9112304639645154E-016  -7.2495849577557484E-014
   6.2263021001472706E-002   2.8997615157999687E-016   3.6366962088731727E-016  -1.8529388005275432E-017  -8.4058281848737938E-018  -6.1571006698468827E-018   4.3091663429430967E-017  -4.5760262720011512E-017   4.6721894404786854E-018  -9.5972309340799096E-017  0.25812657467200467       -3.2213784784321688E-017   5.3164045372190359E-017   9.4509747833528101E-017  -1.2330128070770521E-016  -1.3616804025444022E-017  -3.3429276973997621E-017  -3.8475651688513281E-017  -1.1512319974000266E-017  -1.1540764088713482E-016  -4.3334381897570159E-016  0.21262580989605775        2.9355463370458514E-016   1.1427350083463517E-016  -6.9424651838488473E-016  -4.9897982007728893E-017  -5.3339021907753605E-003  -2.1934369187246140E-016   4.2215933163101391E-016   1.5349391793335656E-015  -1.9738156782238766E-004   7.9890231934594596E-016  -6.9605690220781349E-016  -7.6449747929607058E-016  -1.0130483286865457E-015   2.7258992862866730E-016   3.2760473469331304E-017   2.6671899486275902E-016   4.1216597628999474E-016
  -2.1612793689325562E-016   6.2263021001474156E-002  -2.8642847330377524E-016   6.3374041118881254E-016  -3.9466597875149543E-016   1.6714301731284467E-017   1.0525549895497747E-017  -4.1048452454095719E-016   5.9138774893409691E-017  -3.9560713240059870E-016   1.7734829031264818E-016  0.25812657467200284       -1.5879885203442060E-016   1.2037260748831952E-015  -2.1416303170304034E-016  -1.8348799912836289E-017   6.7486081719552411E-018  -2.0358045188837027E-016  -1.3633616700385193E-017  -2.4029337056649609E-016   3.5887595066105224E-016   2.9355463370458514E-016  0.21262580989605753       -3.8112403578326964E-016   9.3820554405720090E-016   7.4808658548172552E-016  -3.4910429339221777E-015  -5.3339021907732685E-003   4.5733820697288805E-016   1.8274214878091067E-016   2.6758262750997844E-015  -1.9738156782247689E-004   6.7124862370232190E-016  -3.2775241845724071E-018   3.0580753767260610E-016   5.9157660100530164E-017  -7.2771217716759122E-016   4.9923473961369495E-017  -6.6698017349803478E-016
  -3.2699918312164777E-016  -2.4668702581358742E-016   6.2263021001472546E-002   1.1717362735658659E-015  -6.6263827173557147E-016  -2.2523510588040070E-016   2.4715975402466494E-017  -3.6253498077254518E-016   2.7052957651377808E-016  -4.8954240698520300E-016   4.7323919246587203E-016  -5.4669971612424299E-016  0.25812657467200539        5.2072358555263735E-016  -8.3069673384631870E-017   4.1101305003465716E-017   1.8057536446066276E-017  -6.6140240027229501E-017  -9.3353243356320554E-017  -1.0489591741916777E-016   9.9726702177054247E-017   1.1427350083463517E-016  -3.8112403578326964E-016  0.21262580989605670       -1.3962578703479118E-015   6.4948701597776131E-016   2.3966713531882434E-015  -3.2003147265964058E-016  -5.3339021907670781E-003  -1.9401017319942169E-015  -2.6182299684102950E-015  -2.5617462397227262E-015  -1.9738156781975603E-004  -7.0186167128920148E-016  -1.5877920861222562E-016   2.4750678984155333E-016  -4.9435363241296850E-016   1.9176586350109853E-017   7.2534356711738453E-018
  -1.0404113372169406E-015   1.1837070909713583E-015  -1.2401423248097816E-015   1.0432097425434505E-002  -1.8908935984190900E-014  -2.4366734768814812E-016  -3.8967018773568522E-017  -1.7119510361025321E-014   9.1191312792444354E-016  -1.2557219944668178E-014   4.4691678701060860E-016  -3.3641009934864836E-016   2.9249174660047752E-015  -7.0920290985056244E-003  -2.0541005316641992E-014   6.3393736155648221E-016  -2.3710532858552144E-016  -2.4721375286163509E-014  -7.5650418932127562E-016  -2.8194277092839785E-014   3.5203504156048837E-002  -6.9424651838488473E-016   9.3820554405720090E-016  -1.3962578703479118E-015   2.0205154846225879        1.9580874927031542E-003   4.1850923295014564E-015  -2.3825214479676886E-016  -5.3575648518175616E-017   2.4022982685099648E-004   2.6216588473331499E-015   9.1878512593527189E-016   1.9536917890768736E-016  -6.8554229727889238E-014   8.3161812353245251E-016  -8.8675414196433594E-016  -2.2692087510135132E-014  -7.4356164062618999E-016  -5.4283104073954996E-014
  -7.2137494921973812E-017  -1.3223126241590481E-016  -7.1971822742400874E-016   1.9172277498279559E-003  -2.6748529070418812E-015  -1.6640727173937142E-016   1.5606864145236566E-015  -2.4745836369519560E-015  -4.9557061075151956E-016  -1.3630904222373929E-015   4.8774529295423296E-016   1.7711920277063934E-016   1.7825079320863710E-016   5.6711547896405319E-004  -2.5525403083514067E-015   3.2576471901445554E-016  -1.6814390754387194E-015  -1.9302842850077189E-015   4.5629029982197175E-016  -2.7123184056568424E-015   8.7680612814879533E-003  -4.9897982007728893E-017   7.4808658548172552E-016   6.4948701597776131E-016   1.9580874927031542E-003   2.0009296419103948        7.4663424388889069E-017   7.9162179162556189E-016   1.6235012877744457E-015   6.2739808322892057E-005  -4.5243398450878520E-016   3.4648026688933672E-016  -3.9538081256426793E-016  -9.6373960091149761E-015   4.3010789713446704E-016  -4.1492216394257332E-016   4.5961455079764033E-015  -7.6257480611299045E-016  -3.8076865337312277E-015
   1.3229530834715560E-003  -3.0231008210533435E-015   2.1155037095785190E-015   1.5720407142670194E-016   4.8910147478992899E-015  -5.9815739125944983E-017  -3.9852487435569729E-016   2.2334763277513236E-015   5.5035250890080979E-016   3.9273507220465695E-015  -1.1628177561107803E-002   5.2544462921024672E-015  -3.7857515008314738E-015  -2.1934078122356102E-014   4.1099736243140233E-015  -3.2579195102163764E-016  -5.1908050589892018E-017   2.3705238948148108E-015   7.3242387498708178E-016   1.7111368137287485E-015   8.3142063295576838E-015  -5.3339021907753605E-003  -3.4910429339221777E-015   2.3966713531882434E-015   4.1850923295014564E-015   7.4663424388889069E-017   2.0011826491007820       -1.2046861985489219E-015   2.5324078809905198E-015   5.8100392424359033E-016  -1.8148755577785204E-005   1.9288357524589508E-016  -4.4645326754196293E-017   1.9253235654732704E-015  -1.9845888455277180E-016  -7.3053960442460964E-017   1.8107714231003359E-015   2.5136749959490078E-016   2.5602508770458863E-015
   5.4686070711250023E-016   1.3229530834661253E-003  -1.6995817818545305E-015  -1.7532303233631559E-015  -1.5018129174910150E-015  -7.9454573341952501E-016   3.0740237634503204E-016   1.2749427112954556E-015  -1.7561124342769218E-015  -1.1743913156865333E-015  -4.7337657400770108E-016  -1.1628177561103042E-002   1.7032934979885022E-015   7.9293258462876716E-015  -1.9945513852549902E-016   1.1449990883042873E-015  -6.5957952012313443E-016  -2.6445330568493545E-015   6.0441050352312627E-016   8.9169541946429335E-016  -3.7600085608441273E-015  -2.1934369187246140E-016  -5.3339021907732685E-003  -3.2003147265964058E-016  -2.3825214479676886E-016   7.9162179162556189E-016  -1.2046861985489219E-015   2.0011826491007674       -4.7190072885640531E-016  -1.8467488380680729E-016   9.1528705785466167E-016  -1.8148755579688588E-005   7.0434741216615295E-016  -2.1549968347631058E-015  -5.9990384946954670E-016  -2.3315660149660803E-017  -2.3578643212276317E-015  -1.3880088867804560E-016   3.2013119746780506E-017
  -4.8240145965779043E-017  -7.5032009445576843E-016   1.3229530834704857E-003  -3.0600464347239950E-016  -1.0965762048565197E-015  -5.8577207868121554E-016  -8.7426451846132346E-018  -1.8523102724911066E-015  -1.6664075872447256E-015  -7.7557089358268599E-016  -1.2744438533798053E-016   2.6679019973129987E-017  -1.1628177561113406E-002   8.7644974337760089E-015  -6.9405376857309648E-016   6.1661121378388064E-016  -2.0534830696580202E-016  -1.2070010775297705E-015   1.5862705610112342E-015  -2.3669083645902695E-015  -2.8748601290880538E-015   4.2215933163101391E-016   4.5733820697288805E-016  -5.3339021907670781E-003  -5.3575648518175616E-017   1.6235012877744457E-015   2.5324078809905198E-015  -4.7190072885640531E-016   2.0011826491007714       -2.5889609590118059E-016  -7.8047794400586939E-016  -7.5419508582147331E-016  -1.8148755577438093E-005  -2.1569987756182007E-015  -2.9087802260237942E-016   2.6343323320102931E-016  -2.7791510349316744E-015  -3.4364119293418858E-016  -9.1436750873625051E-016
  -1.3068129721621952E-016  -2.9505637300159052E-016  -2.1835013576490306E-015   1.9794584873097777E-004  -2.6333275402213476E-016  -1.7288907548119931E-016   1.6469899773694648E-016   2.5599724323533696E-016  -4.5935721086269724E-016  -3.7305541550430924E-016  -1.3074462508791875E-015   1.9160177508333398E-016   2.0064649492706667E-015   3.4522688008862992E-004   4.6634782861058202E-016   6.2249844023277584E-016   5.7476605861580499E-016   5.4615408232325321E-016   7.9872853742960051E-016   1.0210237821915900E-015   1.2150607312506525E-003   1.5349391793335656E-015   1.8274214878091067E-016  -1.9401017319942169E-015   2.4022982685099648E-004   6.2739808322892057E-005   5.8100392424359033E-016  -1.8467488380680729E-016  -2.5889609590118059E-016   2.0000135653314732        3.2584151489529054E-015   1.4087548815014184E-016  -2.3906405326590869E-016   2.3226633902877117E-015   1.9825639690188640E-016  -1.0435215357532521E-016   4.2859764988364074E-015  -3.4161002825751930E-016   3.0549509639156072E-015
  -1.8409982534647567E-004   2.3807587055015857E-015  -2.2658898299882517E-015   1.0915904019846512E-015  -3.8183124347202801E-016  -1.9389925321949599E-016   6.0529824510768199E-016   1.0017568973923314E-015  -1.6365678987012203E-016   2.2788759980821509E-015   9.7921379818564133E-005  -3.9353285121482042E-015   4.0028250439241765E-015  -1.0031435845243056E-014   3.0805214834862287E-015  -2.8643858464261631E-016   3.0441350356229988E-016   1.2697716229677569E-015   3.0792722815004709E-016   6.9080538706632679E-016   4.1727208518284639E-015  -1.9738156782238766E-004   2.6758262750997844E-015  -2.6182299684102950E-015   2.6216588473331499E-015  -4.5243398450878520E-016  -1.8148755577785204E-005   9.1528705785466167E-016  -7.8047794400586939E-016   3.2584151489529054E-015   1.9999954395761426        7.5406868971997586E-017  -3.2529195625456786E-017   6.9336726278400853E-016  -2.4197725940334260E-017  -4.3772758376485495E-017   1.0855716967403343E-015  -1.7714103051469222E-016   1.3685847943017965E-015
  -3.6992952372956226E-016  -1.8409982534774426E-004  -1.6693834699633569E-015   2.8309693434930552E-015  -2.0724187608201981E-016  -1.3012648862253444E-015  -7.5975494869235731E-016   2.7075967761248338E-016   3.7431249802520284E-016  -1.7913283651183858E-016  -7.1954736823297239E-016   9.7921379819856989E-005   3.4458901467092210E-015  -3.0057885378406827E-015  -2.2386753385895730E-016   6.5232597145277278E-016   7.8462939777335934E-016   1.3179804998118855E-016   1.5460793315142878E-016  -2.5534727540951158E-017   8.4943949562884328E-016   7.9890231934594596E-016  -1.9738156782247689E-004  -2.5617462397227262E-015   9.1878512593527189E-016   3.4648026688933672E-016   1.9288357524589508E-016  -1.8148755579688588E-005  -7.5419508582147331E-016   1.4087548815014184E-016   7.5406868971997586E-017   1.9999954395761439       -5.3089042132217442E-015  -2.2632359021281553E-016  -1.0331077165469166E-016   3.3527139409895179E-017  -2.3087674988435769E-016   1.2693534656699498E-016   1.8075086497544682E-016
  -7.9831731212643700E-016   1.2688750944614469E-015  -1.8409982534333156E-004   7.6278767571227458E-016   7.8856531482628057E-016   1.7371415574864942E-016  -1.0917802685884195E-016  -1.5540771336111104E-016   3.7728996687613598E-016  -8.7914247723142311E-016   1.1893836682703607E-015  -1.6009337044141222E-015   9.7921379814919153E-005   1.1701510128960180E-016  -2.1535024953253904E-016  -3.5374183956679464E-016   5.4686613776121961E-016   8.1316724446607376E-017   5.0966475068633918E-016  -1.6108968085663306E-016  -1.9690488764306016E-016  -6.9605690220781349E-016   6.7124862370232190E-016  -1.9738156781975603E-004   1.9536917890768736E-016  -3.9538081256426793E-016  -4.4645326754196293E-017   7.0434741216615295E-016  -1.8148755577438093E-005  -2.3906405326590869E-016  -3.2529195625456786E-017  -5.3089042132217442E-015   1.9999954395761415       -1.1141031923734228E-016  -1.2584103179400694E-016   1.1398410766312670E-016  -7.7642183592743652E-017   2.5105441954109269E-016  -2.2797388990359816E-016
   7.5674439784176106E-017  -5.2906362268514723E-016  -3.3167529479357961E-016  -1.0359269216961991E-014   1.3557591044319538E-002  -1.8609313851153941E-017  -1.8897129293906901E-015  -6.7787955221568436E-003   2.6389417350835896E-016  -6.7787955221588515E-003   5.6072774400953361E-017  -5.0856929481310567E-016  -4.5280039387644781E-016  -1.8936435932434600E-014   1.8336833843322325E-002  -5.2439809765009676E-018  -2.5821015891565653E-016  -9.1684169216583941E-003  -1.2135292804549449E-016  -9.1684169216605018E-003  -8.6109717295895105E-014  -7.6449747929607058E-016  -3.2775241845724071E-018  -7.0186167128920148E-016  -6.8554229727889238E-014  -9.6373960091149761E-015   1.9253235654732704E-015  -2.1549968347631058E-015  -2.1569987756182007E-015   2.3226633902877117E-015   6.9336726278400853E-016  -2.2632359021281553E-016  -1.1141031923734228E-016   1.9887399143533886       -2.1587007355272541E-015   1.6824107211544577E-016 -0.99436995717669208        2.5644091884710795E-016 -0.99436995717669041     
  -3.2533593026230505E-016   4.7169278118245691E-016  -7.5941478356053452E-017  -2.6684843704218110E-016  -6.5551202161652391E-016   1.3557591044321146E-002  -1.2195668254235694E-015   1.3728625305803076E-016  -8.5008152471058687E-016  -1.0262717098684297E-015   1.1361031689600035E-015  -4.7226375051999741E-016  -5.2947443685188558E-016   3.2455076334819841E-015  -9.2897999676935975E-016   1.8336833843327013E-002   9.3371194632920103E-016  -1.5651119045527060E-015  -1.1925038051214395E-016   3.3393847782049741E-016  -1.3985650059486229E-016  -1.0130483286865457E-015   3.0580753767260610E-016  -1.5877920861222562E-016   8.3161812353245251E-016   4.3010789713446704E-016  -1.9845888455277180E-016  -5.9990384946954670E-016  -2.9087802260237942E-016   1.9825639690188640E-016  -2.4197725940334260E-017  -1.0331077165469166E-016  -1.2584103179400694E-016  -2.1587007355272541E-015   1.9887399143533986        1.9646285466523583E-015  -4.8962570109444749E-016   2.3146361129849908E-016  -7.3103856139139455E-016
   6.9731167083859778E-016   3.2323067150308448E-016   2.0572307267345257E-016   1.0071426697681078E-015  -8.7760109577128617E-016  -2.1974173409968365E-016   1.3557591044318416E-002   6.2137744087512474E-016   3.4194534792198903E-016   1.0095088947550452E-015  -3.3017647038341206E-016  -2.6320417702374643E-016  -3.9096022162784895E-016  -3.4275460998022816E-015   1.3351344125601742E-015   6.2318373863514374E-016   1.8336833843328008E-002   2.7372547316880953E-016   1.6320287779352221E-015  -2.7826542418229619E-016   1.1464117109152712E-015   2.7258992862866730E-016   5.9157660100530164E-017   2.4750678984155333E-016  -8.8675414196433594E-016  -4.1492216394257332E-016  -7.3053960442460964E-017  -2.3315660149660803E-017   2.6343323320102931E-016  -1.0435215357532521E-016  -4.3772758376485495E-017   3.3527139409895179E-017   1.1398410766312670E-016   1.6824107211544577E-016   1.9646285466523583E-015   1.9887399143533975        1.5944548199114999E-015  -2.7034039069839810E-015   3.4337529835563766E-016
  -7.0897867139791012E-016  -1.6642994524553289E-016  -1.8623325813326874E-016   1.9574879398984664E-014  -6.7787955221668824E-003   1.4660954470845937E-015   1.0133982649080429E-015   1.3557591044321396E-002  -7.9400572014080136E-016  -6.7787955221568445E-003   3.7894702619596793E-016  -4.2976006487251504E-016  -4.2600681646678438E-016  -9.7677265847885700E-014  -9.1684169216551346E-003  -1.2646062142070736E-015  -2.7333520273832143E-016   1.8336833843326968E-002   2.9852723313910266E-016  -9.1684169216727368E-003  -2.2442954074113468E-014   3.2760473469331304E-017  -7.2771217716759122E-016  -4.9435363241296850E-016  -2.2692087510135132E-014   4.5961455079764033E-015   1.8107714231003359E-015  -2.3578643212276317E-015  -2.7791510349316744E-015   4.2859764988364074E-015   1.0855716967403343E-015  -2.3087674988435769E-016  -7.7642183592743652E-017 -0.99436995717669208       -4.8962570109444749E-016   1.5944548199114999E-015   1.9887399143533746        2.0603907035371231E-015 -0.99436995717668963     
   6.2922398568724179E-016   3.9009860890585522E-017   1.2629616541631013E-016  -2.6755093227920317E-016  -1.2860126426082916E-015  -2.5826680424405904E-016   1.1032269559973096E-015   1.6085064612317304E-015   1.3557591044317807E-002  -2.4063318632133905E-016  -8.6667187698200701E-016  -1.4694740315222721E-016  -2.4135894242276828E-016  -1.0349738788356569E-016   1.4588342571442268E-015   7.4393993196926920E-016   8.2695085486608322E-017  -9.6346376684328631E-016   1.8336833843328185E-002  -2.1691125439243977E-016  -1.9112304639645154E-016   2.6671899486275902E-016   4.9923473961369495E-017   1.9176586350109853E-017  -7.4356164062618999E-016  -7.6257480611299045E-016   2.5136749959490078E-016  -1.3880088867804560E-016  -3.4364119293418858E-016  -3.4161002825751930E-016  -1.7714103051469222E-016   1.2693534656699498E-016   2.5105441954109269E-016   2.5644091884710795E-016   2.3146361129849908E-016  -2.7034039069839810E-015   2.0603907035371231E-015   1.9887399143533979       -1.0810977967338375E-015
   5.4859160551982858E-016   2.7963435580495966E-016   1.6129476005810906E-016  -1.4306522447167047E-014  -6.7787955221526152E-003  -1.4705237088630262E-015   8.9067232954230202E-016  -6.7787955221646004E-003   5.3853598412483841E-016   1.3557591044315703E-002  -8.3863912388898261E-016  -7.4721650503604550E-016  -5.4951426537687923E-016  -2.3379081506318980E-014  -9.1684169216671354E-003   1.2386910823670793E-015   5.5096437282841471E-016  -9.1684169216686394E-003  -1.6578013700122108E-016   1.8336833843333251E-002  -7.2495849577557484E-014   4.1216597628999474E-016  -6.6698017349803478E-016   7.2534356711738453E-018  -5.4283104073954996E-014  -3.8076865337312277E-015   2.5602508770458863E-015   3.2013119746780506E-017  -9.1436750873625051E-016   3.0549509639156072E-015   1.3685847943017965E-015   1.8075086497544682E-016  -2.2797388990359816E-016 -0.99436995717669041       -7.3103856139139455E-016   3.4337529835563766E-016 -0.99436995717668963       -1.0810977967338375E-015   1.9887399143533813     
