   3.9222736200694754E-002  -3.3933551588585756E-017   2.0843222077403061E-017  -2.0306431044922005E-017  -8.3403766112214134E-018   8.2973878662425491E-018  -1.0717237236631803E-018  -1.2899749770092835E-017   2.3705561681714522E-019  -4.4862747407060331E-018   5.2596105251578429E-002  -2.1140812986204119E-017   1.4541861638457989E-017  -1.4553105554700027E-016  -5.1421969608998513E-018  -3.3682080840508949E-019   1.5824919002419220E-019  -6.5047291904895579E-018   5.8625335535969080E-019  -7.0417638731011489E-018   5.2828414313523628E-002  -3.4224648578125845E-017   1.0231593314204080E-017  -2.2672197669314493E-016  -2.4120181930732578E-015
  -3.3933551588585756E-017   3.9222736200694990E-002  -3.7771316700436795E-018  -9.2221515549162499E-018   1.1801787478457633E-017  -1.0996258288088812E-018  -8.6545024956727730E-019   5.6598970415359465E-018   7.8928504309312770E-019   3.0549637038674342E-018  -2.3606808239977733E-017   5.2596105251578408E-002   1.1241856568998250E-017   6.8722556344447450E-017   4.8899549127586043E-018  -3.0562750227891202E-019   8.0882438400284155E-020   5.2070889300948881E-018  -5.6554546935828754E-021   5.8309054596363255E-018  -3.2138688773353899E-017   5.2828414313523704E-002   3.7238038874065707E-018   9.4843761383538613E-017  -2.4689160621567598E-016
   2.0843222077403061E-017  -3.7771316700436795E-018   3.9222736200694289E-002  -1.6465214813575045E-017  -7.1702210643050393E-018   7.9875360685423717E-018  -3.1368794325337625E-018  -6.1815835923379322E-018   2.1260163810417127E-018   5.4570446735051129E-018   3.7298813488026622E-017  -1.7794891672391922E-017   5.2596105251577992E-002  -1.5138228222179628E-016   1.6049031892943981E-017  -7.8596314935511661E-019   1.2234686984434699E-018   1.3862142527676956E-017   4.8993615545902780E-019   1.6127884880852000E-017   3.6924989613973084E-017  -1.1920506424946545E-017   5.2828414313523198E-002  -7.4924732330827993E-017  -5.7837025278152259E-016
  -2.0306431044922005E-017  -9.2221515549162499E-018  -1.6465214813575045E-017   6.3366074202630845E-005  -9.5678241557655265E-017  -3.4528318636486004E-018  -2.4890242230000654E-018  -8.9691862274249117E-017   3.7141417135843373E-018  -9.4959949135436406E-017  -1.8496979978141946E-017  -1.2783127143927048E-017  -8.8841139039073259E-018   5.7049615311454459E-003  -7.5620745158859217E-017   6.7284204345086686E-019   1.5104384233794034E-018  -7.3484137564034201E-017   7.7320304384019515E-020  -6.8418033267254678E-017  -2.2931174023875514E-017  -1.9687159599889058E-017  -2.4220238517126439E-017   5.9309028984723001E-003   3.1644530097008341E-003
  -8.3403766112214134E-018   1.1801787478457633E-017  -7.1702210643050393E-018  -9.5678241557655265E-017   1.4682570384150276E-028   6.1910251301175722E-030   4.1225912894860137E-030   1.3830628936606365E-028  -4.7402100300756933E-030   1.4556162508606259E-028  -1.1184108213097905E-017   1.5825720398434011E-017  -9.6149768809223467E-018  -8.3068437028580084E-015   1.1798521272644448E-028  -1.6827860424803021E-030  -2.5110770361838419E-030   1.1268291130039604E-028  -4.8401978455469860E-031   1.0491539797181084E-028  -1.1233506731764536E-017   1.5895620217884140E-017  -9.6574447832055360E-018  -8.6462230470574334E-015  -6.8614823003896878E-015
   8.2973878662425491E-018  -1.0996258288088812E-018   7.9875360685423717E-018  -3.4528318636486004E-018   6.1910251301175722E-030   6.0080919857267945E-031   2.8654810083882634E-031   6.0814267241691744E-030   1.6020081484324787E-031   6.0830369802365103E-030   1.1126462042141096E-017  -1.4745538285103977E-018   1.0710963294659346E-017  -1.8269769096496933E-016   5.7093538751157618E-030  -3.1511454578140800E-031  -1.7804879361176419E-031   4.7257713405764373E-030  -1.5710853696967483E-031   4.4008467610659116E-030   1.1175605946381544E-017  -1.4810667103112608E-018   1.0758272003617658E-017  -1.9426843371880460E-016  -1.0415269148720098E-015
  -1.0717237236631803E-018  -8.6545024956727730E-019  -3.1368794325337625E-018  -2.4890242230000654E-018   4.1225912894860137E-030   2.8654810083882634E-031   1.5434593555575160E-031   3.9681677743789694E-030  -1.1799708783759483E-032   4.0665767772514646E-030  -1.4371382323259374E-018  -1.1605338338287386E-018  -4.2064286374844406E-018  -1.7656336551301386E-016   3.5575381741206675E-030  -1.2952552125594611E-031  -9.5042903751654815E-032   3.1525255566420120E-030  -5.9873213176670413E-032   2.9351029037477316E-030  -1.4434858550822117E-018  -1.1656597366878217E-018  -4.2250077981686542E-018  -1.8516362989991085E-016  -4.4658516564602838E-016
  -1.2899749770092835E-017   5.6598970415359465E-018  -6.1815835923379322E-018  -8.9691862274249117E-017   1.3830628936606365E-028   6.0814267241691744E-030   3.9681677743789694E-030   1.3046920731217574E-028  -4.1972403011286928E-030   1.3707284405565300E-028  -1.7298043490795239E-017   7.5896933601603482E-018  -8.2892539567186738E-018  -7.6998602815470726E-015   1.1168341587359247E-028  -1.7668109137010907E-030  -2.4193427253143914E-030   1.0612320785603949E-028  -5.5803129608197672E-031   9.8808214516816875E-029  -1.7374446339199279E-017   7.6232158907159845E-018  -8.3258663408519561E-018  -8.0175011052452265E-015  -7.0237608515032133E-015
   2.3705561681714522E-019   7.8928504309312770E-019   2.1260163810417127E-018   3.7141417135843373E-018  -4.7402100300756933E-030   1.6020081484324787E-031  -1.1799708783759483E-032  -4.1972403011286928E-030   5.3825786646421210E-031  -4.7617101975977703E-030   3.1788200875956810E-019   1.0583993678463320E-018   2.8509021087072400E-018   4.4779896640534415E-016  -3.0274974435538472E-030  -2.0680234622489275E-031   3.6343802775839812E-033  -3.6690277801866549E-030  -1.3092504982933059E-031  -3.4154867829040451E-030   3.1928604563639599E-019   1.0630741581771605E-018   2.8634941132192331E-018   4.6169784530424046E-016  -5.8353456602067518E-016
  -4.4862747407060331E-018   3.0549637038674342E-018   5.4570446735051129E-018  -9.4959949135436406E-017   1.4556162508606259E-028   6.0830369802365103E-030   4.0665767772514646E-030   1.3707284405565300E-028  -4.7617101975977703E-030   1.4432491967691065E-028  -6.0159132510043830E-018   4.0965829534741564E-018   7.3176765267144024E-018  -8.2648735185389577E-015   1.1685056192152756E-028  -1.6261013711766900E-030  -2.4765574349131586E-030   1.1172501789540009E-028  -4.5580856954580720E-031   1.0402418329307508E-028  -6.0424846322274966E-018   4.1146769423550184E-018   7.3499975999746234E-018  -8.6018228906766779E-015  -6.6716904866062471E-015
   5.2596105251578429E-002  -2.3606808239977733E-017   3.7298813488026622E-017  -1.8496979978141946E-017  -1.1184108213097905E-017   1.1126462042141096E-017  -1.4371382323259374E-018  -1.7298043490795239E-017   3.1788200875956810E-019  -6.0159132510043830E-018   7.0529253070980680E-002   1.0133337492316130E-018   3.2037044819687395E-017  -2.1247284753644090E-016  -6.8954784591454212E-018  -4.5166310170400548E-019   2.1220577299688262E-019  -8.7225791537337305E-018   7.8614207394539709E-019  -9.4427209751971550E-018   7.0840770141346335E-002  -1.6401945990631554E-017   2.6312796162135037E-017  -2.9485231474211237E-016   2.6507536901546606E-015
  -2.1140812986204119E-017   5.2596105251578408E-002  -1.7794891672391922E-017  -1.2783127143927048E-017   1.5825720398434011E-017  -1.4745538285103977E-018  -1.1605338338287386E-018   7.5896933601603482E-018   1.0583993678463320E-018   4.0965829534741564E-018   1.0133337492316130E-018   7.0529253070980208E-002  -1.9953272794156131E-018   2.9872528488999139E-017   6.5572320592558352E-018  -4.0983413791901411E-019   1.0846008349184473E-019   6.9824959691812598E-018  -7.5837363509279693E-021   7.8190087427305325E-018  -1.0282979979667006E-017   7.0840770141345988E-002  -1.2152099349941405E-017   6.3271370699770199E-017  -1.8387840641509822E-016
   1.4541861638457989E-017   1.1241856568998250E-017   5.2596105251577992E-002  -8.8841139039073259E-018  -9.6149768809223467E-018   1.0710963294659346E-017  -4.2064286374844406E-018  -8.2892539567186738E-018   2.8509021087072400E-018   7.3176765267144024E-018   3.2037044819687395E-017  -1.9953272794156131E-018   7.0529253070980347E-002   5.1538386572118048E-016   2.1521103635075466E-017  -1.0539448424958738E-018   1.6406221153492840E-018   1.8588573312854786E-017   6.5698459860745244E-019   2.1626842307420531E-017   3.1455980217864012E-017   5.9785702999573665E-018   7.0840770141346002E-002   6.6224495734158675E-016   3.0676848792385063E-015
  -1.4553105554700027E-016   6.8722556344447450E-017  -1.5138228222179628E-016   5.7049615311454459E-003  -8.3068437028580084E-015  -1.8269769096496933E-016  -1.7656336551301386E-016  -7.6998602815470726E-015   4.4779896640534415E-016  -8.2648735185389577E-015  -2.1247284753644090E-016   2.9872528488999139E-017   5.1538386572118048E-016  0.55376657342594027       -6.3113516069142057E-015  -2.6556908726560606E-017   1.0591489045797496E-016  -6.3903283884499184E-015  -4.0991781088807270E-017  -5.9496266393858602E-015   6.7468391040926255E-017  -7.0397040901767057E-016  -7.2810703494891581E-017  0.57434049737826653        1.2722891005515029E-002
  -5.1421969608998513E-018   4.8899549127586043E-018   1.6049031892943981E-017  -7.5620745158859217E-017   1.1798521272644448E-028   5.7093538751157618E-030   3.5575381741206675E-030   1.1168341587359247E-028  -3.0274974435538472E-030   1.1685056192152756E-028  -6.8954784591454212E-018   6.5572320592558352E-018   2.1521103635075466E-017  -6.3113516069142057E-015   9.6405171506235262E-029  -1.8820097289980772E-030  -2.1743609288171204E-030   9.0495471758513207E-029  -6.8581410393345315E-031   8.4259922943403538E-029  -6.9259347471943952E-018   6.5861943640065507E-018   2.1616159103062089E-017  -6.5781164787826988E-015  -7.1460365938236201E-015
  -3.3682080840508949E-019  -3.0562750227891202E-019  -7.8596314935511661E-019   6.7284204345086686E-019  -1.6827860424803021E-030  -3.1511454578140800E-031  -1.2952552125594611E-031  -1.7668109137010907E-030  -2.0680234622489275E-031  -1.6261013711766900E-030  -4.5166310170400548E-019  -4.0983413791901411E-019  -1.0539448424958738E-018  -2.6556908726560606E-017  -1.8820097289980772E-030   1.9631863170396533E-031   8.1294274250324119E-032  -1.2702381951362921E-030   1.0490408301930706E-031  -1.1830405697643097E-030  -4.5365802948524475E-019  -4.1164431347608501E-019  -1.0585999578628662E-018  -2.4661456447737593E-017   6.2445402293246921E-016
   1.5824919002419220E-019   8.0882438400284155E-020   1.2234686984434699E-018   1.5104384233794034E-018  -2.5110770361838419E-030  -1.7804879361176419E-031  -9.5042903751654815E-032  -2.4193427253143914E-030   3.6343802775839812E-033  -2.4765574349131586E-030   2.1220577299688262E-019   1.0846008349184473E-019   1.6406221153492840E-018   1.0591489045797496E-016  -2.1743609288171204E-030   8.1294274250324119E-032   5.8573779101012221E-032  -1.9202118874688150E-030   3.7788007289817596E-032  -1.7878383620364431E-030   2.1314305388101831E-019   1.0893913531764115E-019   1.6478684957181372E-018   1.1112675712085135E-016   2.7935121492062395E-016
  -6.5047291904895579E-018   5.2070889300948881E-018   1.3862142527676956E-017  -7.3484137564034201E-017   1.1268291130039604E-028   4.7257713405764373E-030   3.1525255566420120E-030   1.0612320785603949E-028  -3.6690277801866549E-030   1.1172501789540009E-028  -8.7225791537337305E-018   6.9824959691812598E-018   1.8588573312854786E-017  -6.3903283884499184E-015   9.0495471758513207E-029  -1.2702381951362921E-030  -1.9202118874688150E-030   8.6492256444401159E-029  -3.5908930954584365E-031   8.0531590164169492E-029  -8.7611054699084755E-018   7.0133366004649193E-018   1.8670676236820715E-017  -6.6510433065477604E-015  -5.1993942607477489E-015
   5.8625335535969080E-019  -5.6554546935828754E-021   4.8993615545902780E-019   7.7320304384019515E-020  -4.8401978455469860E-031  -1.5710853696967483E-031  -5.9873213176670413E-032  -5.5803129608197672E-031  -1.3092504982933059E-031  -4.5580856954580720E-031   7.8614207394539709E-019  -7.5837363509279693E-021   6.5698459860745244E-019  -4.0991781088807270E-017  -6.8581410393345315E-031   1.0490408301930706E-031   3.7788007289817596E-032  -3.5908930954584365E-031   5.7398090974378537E-032  -3.3447879423571886E-031   7.8961434488328902E-019  -7.6172325701320647E-021   6.5988640046206686E-019  -4.0993270822683740E-017   3.2902917357034861E-016
  -7.0417638731011489E-018   5.8309054596363255E-018   1.6127884880852000E-017  -6.8418033267254678E-017   1.0491539797181084E-028   4.4008467610659116E-030   2.9351029037477316E-030   9.8808214516816875E-029  -3.4154867829040451E-030   1.0402418329307508E-028  -9.4427209751971550E-018   7.8190087427305325E-018   2.1626842307420531E-017  -5.9496266393858602E-015   8.4259922943403538E-029  -1.1830405697643097E-030  -1.7878383620364431E-030   8.0531590164169492E-029  -3.3447879423571886E-031   7.4982021232310091E-029  -9.4844280491531730E-018   7.8535441247333296E-018   2.1722364807163193E-017  -6.1923666610262819E-015  -4.8419109538159754E-015
   5.2828414313523628E-002  -3.2138688773353899E-017   3.6924989613973084E-017  -2.2931174023875514E-017  -1.1233506731764536E-017   1.1175605946381544E-017  -1.4434858550822117E-018  -1.7374446339199279E-017   3.1928604563639599E-019  -6.0424846322274966E-018   7.0840770141346335E-002  -1.0282979979667006E-017   3.1455980217864012E-017   6.7468391040926255E-017  -6.9259347471943952E-018  -4.5365802948524475E-019   2.1314305388101831E-019  -8.7611054699084755E-018   7.8961434488328902E-019  -9.4844280491531730E-018   7.1153663135614553E-002  -2.7825314661619809E-017   2.5702367751487679E-017  -2.6905709019123625E-017  -2.1167403858747419E-015
  -3.4224648578125845E-017   5.2828414313523704E-002  -1.1920506424946545E-017  -1.9687159599889058E-017   1.5895620217884140E-017  -1.4810667103112608E-018  -1.1656597366878217E-018   7.6232158907159845E-018   1.0630741581771605E-018   4.1146769423550184E-018  -1.6401945990631554E-017   7.0840770141345988E-002   5.9785702999573665E-018  -7.0397040901767057E-016   6.5861943640065507E-018  -4.1164431347608501E-019   1.0893913531764115E-019   7.0133366004649193E-018  -7.6172325701320647E-021   7.8535441247333296E-018  -2.7825314661619809E-017   7.1153663135614303E-002  -4.1878720633835598E-018  -6.9551915985201321E-016   2.6994527566567391E-016
   1.0231593314204080E-017   3.7238038874065707E-018   5.2828414313523198E-002  -2.4220238517126439E-017  -9.6574447832055360E-018   1.0758272003617658E-017  -4.2250077981686542E-018  -8.3258663408519561E-018   2.8634941132192331E-018   7.3499975999746234E-018   2.6312796162135037E-017  -1.2152099349941405E-017   7.0840770141346002E-002  -7.2810703494891581E-017   2.1616159103062089E-017  -1.0585999578628662E-018   1.6478684957181372E-018   1.8670676236820715E-017   6.5988640046206686E-019   2.1722364807163193E-017   2.5702367751487679E-017  -4.1878720633835598E-018   7.1153663135614206E-002   2.4703312981207825E-017  -3.0174998936727390E-015
  -2.2672197669314493E-016   9.4843761383538613E-017  -7.4924732330827993E-017   5.9309028984723001E-003  -8.6462230470574334E-015  -1.9426843371880460E-016  -1.8516362989991085E-016  -8.0175011052452265E-015   4.6169784530424046E-016  -8.6018228906766779E-015  -2.9485231474211237E-016   6.3271370699770199E-017   6.6224495734158675E-016  0.57434049737826653       -6.5781164787826988E-015  -2.4661456447737593E-017   1.1112675712085135E-016  -6.6510433065477604E-015  -4.0993270822683740E-017  -6.1923666610262819E-015  -2.6905709019123625E-017  -6.9551915985201321E-016   2.4703312981207825E-017  0.59572139075682651        2.2432933502583293E-002
  -2.4120181930732578E-015  -2.4689160621567598E-016  -5.7837025278152259E-016   3.1644530097008341E-003  -6.8614823003896878E-015  -1.0415269148720098E-015  -4.4658516564602838E-016  -7.0237608515032133E-015  -5.8353456602067518E-016  -6.6716904866062471E-015   2.6507536901546606E-015  -1.8387840641509822E-016   3.0676848792385063E-015   1.2722891005515029E-002  -7.1460365938236201E-015   6.2445402293246921E-016   2.7935121492062395E-016  -5.1993942607477489E-015   3.2902917357034861E-016  -4.8419109538159754E-015  -2.1167403858747419E-015   2.6994527566567391E-016  -3.0174998936727390E-015   2.2432933502583293E-002   2.0036620277835322     
