   3.2274782128394381E-003  -8.8319264906222698E-018   1.3258011947660914E-016   9.7733378858405495E-017   3.9053873131893770E-002  -1.8348163563515614E-016   1.5922128399426835E-015   1.9148320067172000E-017  -2.6674526645410436E-017   8.3636486224540195E-018   6.8075394262740853E-018  -9.1396224159824595E-018   1.3663755240970736E-018   8.3733423347100195E-017  -1.5349889829048533E-017   1.5737108939658627E-018   1.5633873883909400E-017   6.7042960543808278E-018  -5.8419247864687357E-019  -1.0553383692815203E-017   3.8820311537454426E-016   4.0387931707722223E-002  -1.7957478091453720E-016   1.6195776526344395E-015   2.4516026512788148E-016   1.3371091629584056E-003  -5.0197817179512358E-017  -1.2770899655577525E-016  -5.1294771643596577E-016  -2.7228289789079344E-015  -1.4197427887236780E-004   1.3061800472154512E-015   1.5741575733780467E-015   3.2133383502324589E-016   2.3057828989541391E-016   1.2679973283707322E-015   1.5294994310177585E-016  -3.1892294528709875E-016  -4.6567465265012021E-016
  -8.8319264906222698E-018   3.2274782128398952E-003  -6.8650880233337888E-017   8.6446636978530296E-017   7.0187546023567250E-017   3.9053873131896566E-002  -1.5344704373447467E-016  -7.8977288960990918E-017   6.2044615830280986E-018  -3.3336229102851670E-018  -8.1957121765746024E-017   4.3701120144701101E-019  -7.6968932970090981E-017  -9.2917814345721051E-016  -4.8458890006314134E-017  -3.8639374868995373E-018   2.6101854271362361E-018  -3.8562005704189525E-017  -1.6752349111155595E-018  -3.4212007979039860E-017  -1.4150428526233008E-015   8.3049540684561695E-017   4.0387931707725012E-002  -2.4401521206816767E-016   4.2266137833852461E-018  -5.0305969214485067E-016   1.3371091629596702E-003   1.9000877496534076E-016  -1.0053717191266230E-015   5.5421555653617366E-016  -1.5735014883890246E-016  -1.4197427887235051E-004   3.3881784102586598E-016  -7.9756747386474063E-016   2.6296738731206913E-017   8.6864056193068345E-017   1.1304659068999729E-016  -8.1468703009078201E-018   5.5035956336892606E-016
   1.3258011947660914E-016  -6.8650880233337888E-017   3.2274782128387820E-003   1.7145614812695631E-016  -6.5665865965735410E-017  -6.0170834939190112E-016   3.9053873131890397E-002   2.9123912953686748E-017   2.3521712050237103E-017   2.4339173146110654E-017  -5.2457429485383741E-017   2.2093444850719680E-017   6.8970370713871033E-017   1.4526505779237330E-015  -1.6717631367063173E-017  -1.1259304190007501E-017  -1.3742538064651236E-017   4.5344688238164440E-017  -9.9726309844737389E-019   3.0400428552164453E-017   2.2331027418752721E-015   6.1345030357453950E-017  -6.8295455952809439E-016   4.0387931707718323E-002  -1.2030817981495427E-016  -4.5465111568372961E-016   3.7054907606724444E-016   1.3371091629579529E-003   1.6439399381081094E-016  -8.9333719513211936E-016  -5.6634144843373697E-016  -9.8686138951085079E-016  -1.4197427887318868E-004  -1.2712343505858769E-015   2.3096155901456415E-016   1.3807325407636840E-016  -1.2565465564684264E-015   8.1368882781631782E-017   2.5402504741290523E-015
   9.7733378858405495E-017   8.6446636978530296E-017   1.7145614812695631E-016   3.8119917364760273E-004   1.0935605180370355E-015   1.4007112977229232E-015   1.5509394539958247E-015   3.8654627485762241E-016  -7.4131356388087105E-018   1.0670479734688935E-017   2.4851623241536171E-016   1.4990678635373305E-017   1.6379278978736790E-016   1.2941852202065484E-002   5.1149624574650343E-016   4.4772598867921488E-018  -3.3091274229005535E-018   5.5122981440075464E-017   1.9354093198531915E-017  -7.6977495667941829E-016   1.5258415586521423E-002   1.1410018997344020E-015   1.4338090015701494E-015   1.7088352761193323E-015   9.9065219182638536E-003   1.6976202732343935E-015   2.4941288271146462E-015  -5.1879439295520877E-015   1.7828385432445040E-003   2.0016657403119085E-004   2.0559289842453784E-017  -7.7967383535481998E-016  -5.0863489198268430E-016   2.8837781453812723E-014  -4.0999820726745725E-016   2.9828141123459693E-016   7.0648270504315146E-015   1.3391696526618885E-015  -3.5894936991266786E-014
   3.9053873131893770E-002   7.0187546023567250E-017  -6.5665865965735410E-017   1.0935605180370355E-015  0.47274600983639620       -1.6304600821269033E-016  -1.0342271454916987E-015   2.1880698856292886E-016  -3.4500236628320888E-016  -1.6642462907694771E-017   6.6972617518773476E-017  -8.4307795006562138E-017   6.2339803444483371E-017  -1.8730546690282562E-015  -2.0906820985961573E-016  -1.0734879650858057E-017   5.2027630947327160E-017   5.4433982417168855E-017   1.9530649476661701E-017  -7.9860593939340961E-017   1.3653745570843767E-015  0.48888013401646369       -3.7442689145805752E-017  -1.3795604228794944E-015   8.7549438713731681E-016  -2.5269881234718482E-003   2.4758308912225928E-016  -3.1544500454808584E-016   8.6050632578252312E-016   5.2346187538224548E-015   4.6049557951557214E-004  -2.3906382535859637E-015  -4.6698604150411620E-016   6.0711940017778608E-017  -1.9561788124062089E-016  -1.9689154709244437E-015  -5.7927651169349618E-016  -1.8982980714758705E-016   6.2147687659707884E-016
  -1.8348163563515614E-016   3.9053873131896566E-002  -6.0170834939190112E-016   1.4007112977229232E-015  -1.6304600821269033E-016  0.47274600983639731        9.8680588322752155E-016  -9.3910000264108167E-016   7.0518798466485577E-017  -4.4170264125766731E-017  -1.0545607515746669E-015   9.7209171531296404E-018  -1.0409528002614494E-015   3.5048925014789237E-015  -5.5077524526166232E-016  -4.7984748009132499E-017   2.1367135395158215E-017  -5.2339750902765807E-016  -2.4000518522287091E-017  -5.3512235076458576E-016  -4.6484522552562426E-016  -2.6938104303410059E-017  0.48888013401646352       -5.0632951284607776E-018   1.1638523469777804E-016   2.5552802952790954E-016  -2.5269881234741037E-003   2.0685092096973123E-016   1.4918453682049792E-015  -1.0181207479164413E-017  -5.6014506076415313E-016   4.6049557951583143E-004  -5.4615082333029460E-016   1.0791460203102019E-015   1.4495182346099783E-016   4.2571758804297743E-018  -6.8363083236752213E-016  -1.1545219004262896E-017  -2.0278975384874071E-015
   1.5922128399426835E-015  -1.5344704373447467E-016   3.9053873131890397E-002   1.5509394539958247E-015  -1.0342271454916987E-015   9.8680588322752155E-016  0.47274600983641063        4.7314564374805428E-016   2.5869597517764006E-016   2.7989823702495525E-016  -5.0148403423315391E-016   2.4775030925953021E-016   6.4184512385773942E-016  -5.4631328879495394E-015  -7.2905038549607455E-017  -1.6068681453868653E-016  -1.8745161062102338E-016   7.0297322768968621E-016  -3.1437047310937868E-017   1.4401727049626416E-016   5.7516374790521091E-016   4.9042920905156940E-016   2.9159045174837588E-016  0.48888013401647379        2.3264778185630188E-016   1.1248294901723758E-015   1.3801745624200905E-016  -2.5269881234701477E-003  -2.4946513074586284E-016   2.8479661951247659E-016   2.0137491845774243E-016   9.3116300406665230E-016   4.6049557951547527E-004  -3.2835433146671829E-016  -7.0289621790145549E-016  -8.5800830630334240E-016   1.5474850226370821E-015  -1.5116651441204337E-016  -1.0672102858059537E-015
   1.9148320067172000E-017  -7.8977288960990918E-017   2.9123912953686748E-017   3.8654627485762241E-016   2.1880698856292886E-016  -9.3910000264108167E-016   4.7314564374805428E-016   8.6111973345193347E-005   6.2802778109170668E-019   1.9645605722650965E-018  -4.3055986672562907E-005  -3.9283646878460619E-017  -4.3055986672586557E-005   9.6308400185601294E-015   1.0126608893680844E-004  -6.0297032966978415E-018  -1.0778289113023840E-017  -5.0633044468425003E-005  -5.2670766863298912E-018  -5.0633044468329505E-005   1.2708402512097366E-014   2.2620070901316230E-016  -9.8588354215672078E-016   4.9745752986063801E-016  -1.3050196009330161E-014  -1.2253701419665723E-015   5.4720061531879749E-015  -2.4147032810732837E-015  -2.5799031494950231E-015  -3.0078094810623566E-015   6.8789804974947479E-016  -2.3219008014050066E-015  -9.3885745112611659E-016   1.3090812817160614E-002   7.7602511649484054E-017  -7.2299937168901296E-016  -6.5454064085822316E-003  -2.6855803220705095E-015  -6.5454064085782538E-003
  -2.6674526645410436E-017   6.2044615830280986E-018   2.3521712050237103E-017  -7.4131356388087105E-018  -3.4500236628320888E-016   7.0518798466485577E-017   2.5869597517764006E-016   6.2802778109170668E-019   8.6111973345142119E-005   3.9360198308254277E-018  -1.0920687738485145E-017  -2.2382552705860331E-017   1.6416431577514919E-017  -1.2936925063161820E-016  -9.1022292860874120E-018   1.0126608893676654E-004  -4.3668982119043199E-018  -2.4859092478953408E-018  -1.1652052194972965E-017   2.1350311641316644E-017  -1.3578741318354470E-016  -3.5367314606203876E-016   7.1924293405021891E-017   2.7439049533511084E-016  -2.7499210682697871E-016   3.3142340578292606E-016   3.4906989266015907E-016   9.3603310415140125E-017  -3.6239466740151210E-016  -4.2633995588955151E-016   5.5763733313267780E-016  -1.6492562793571817E-016  -2.0058135247188309E-015   3.3053554942472272E-017   1.3090812817156721E-002  -1.0284409347765690E-016  -1.5545026315998944E-015  -1.8601763346545594E-015   1.5269129420930273E-015
   8.3636486224540195E-018  -3.3336229102851670E-018   2.4339173146110654E-017   1.0670479734688935E-017  -1.6642462907694771E-017  -4.4170264125766731E-017   2.7989823702495525E-016   1.9645605722650965E-018   3.9360198308254277E-018   8.6111973345168139E-005  -7.4362029531787455E-018  -1.9995492368345049E-017   9.9708400668104126E-018   3.4110483946421729E-016   1.2713316028694581E-017   3.9089271842225670E-018   1.0126608893678196E-004   7.3454453167612007E-018   4.0505173440361259E-019  -1.1787912681490672E-017   4.1293980537415608E-016   5.9751192957706358E-018  -4.6628131621289554E-017   2.9602840717181896E-016   1.8396488520931704E-016   4.5635279898924820E-016  -2.7749921288874821E-016  -3.6416549471164346E-016  -1.3955038309427974E-015  -5.9710737307351867E-016   2.5004777145655322E-016   4.0514525995880993E-016  -1.4460798181156312E-015   1.0321117638117213E-015   6.9477178696352520E-016   1.3090812817158693E-002  -3.9897422337604816E-016  -2.1612957268402960E-015  -6.1467359861407535E-016
   6.8075394262740853E-018  -8.1957121765746024E-017  -5.2457429485383741E-017   2.4851623241536171E-016   6.6972617518773476E-017  -1.0545607515746669E-015  -5.0148403423315391E-016  -4.3055986672562907E-005  -1.0920687738485145E-017  -7.4362029531787455E-018   8.6111973345234344E-005   1.8321551157794836E-018  -4.3055986672683328E-005   1.0720682039057934E-014  -5.0633044468318962E-005   1.0266991095420321E-017  -5.3541916261403455E-018   1.0126608893676021E-004  -7.4160753740874677E-019  -5.0633044468434700E-005   1.1908948398994527E-014   7.5389219993546436E-017  -1.0864538784813814E-015  -5.3791948350652742E-016  -1.2680234252794898E-014   9.3792264643659576E-018   5.7082050972515540E-015  -2.0357927323320529E-015  -2.8337660433730405E-015   2.5662580765937737E-016   5.9921459830231413E-016   4.0008432068231301E-015   3.8660183557153950E-015  -6.5454064085731633E-003  -1.1313770107382899E-016  -7.3891469725144773E-016   1.3090812817163700E-002  -1.5184009227177041E-016  -6.5454064085905365E-003
  -9.1396224159824595E-018   4.3701120144701101E-019   2.2093444850719680E-017   1.4990678635373305E-017  -8.4307795006562138E-017   9.7209171531296404E-018   2.4775030925953021E-016  -3.9283646878460619E-017  -2.2382552705860331E-017  -1.9995492368345049E-017   1.8321551157794836E-018   8.6111973345167259E-005   2.6692445042075846E-017   2.2799198129927849E-016  -1.8888067100157342E-017   4.0358431599683615E-019  -1.5943840132512956E-018   3.6917602201785437E-018   1.0126608893676491E-004   1.0903108185902309E-017   2.7038598368372900E-016  -8.4644040714231945E-017   9.8367033882916398E-018   2.6083917754719722E-016   2.1028856865586740E-016  -1.4243718165887693E-016  -3.9307717741309542E-016   1.7449618300994205E-015  -8.7013257957980992E-016   1.0386654001268934E-015   7.7655765922171217E-016   1.6686486705448153E-016   3.7928174048288058E-015  -3.2900118100446263E-015  -1.5345580232469298E-015  -8.8938830038615959E-016   4.3308607981166229E-016   1.3090812817158645E-002   2.8596344754238296E-015
   1.3663755240970736E-018  -7.6968932970090981E-017   6.8970370713871033E-017   1.6379278978736790E-016   6.2339803444483371E-017  -1.0409528002614494E-015   6.4184512385773942E-016  -4.3055986672586557E-005   1.6416431577514919E-017   9.9708400668104126E-018  -4.3055986672683328E-005   2.6692445042075846E-017   8.6111973345237881E-005   1.9085849762652311E-014  -5.0633044468437878E-005   2.9641545757990700E-018   2.1423455086967332E-017  -5.0633044468349177E-005  -6.6437550341590913E-018   1.0126608893672657E-004   2.0369801242831651E-014   5.6947859970281252E-017  -1.0531546721505734E-015   6.6954167851988939E-016  -1.1996568736040734E-014  -5.9325090795856224E-016   5.2168309324419377E-015  -1.7067564941366320E-015  -3.0541029814998714E-015  -5.0806745110747764E-016  -8.4942603667155159E-016  -3.1116335240017271E-015   2.8921804845799554E-016  -6.5454064085807787E-003   9.6647592188283607E-016   2.1458859740682505E-015  -6.5454064085832741E-003   1.2018213792994566E-015   1.3090812817163927E-002
   8.3733423347100195E-017  -9.2917814345721051E-016   1.4526505779237330E-015   1.2941852202065484E-002  -1.8730546690282562E-015   3.5048925014789237E-015  -5.4631328879495394E-015   9.6308400185601294E-015  -1.2936925063161820E-016   3.4110483946421729E-016   1.0720682039057934E-014   2.2799198129927849E-016   1.9085849762652311E-014  0.51397673546146416        8.6870846142851649E-015   3.2808401804883791E-016  -2.6041128535911501E-016  -2.3537986094419507E-015   2.2000164263876406E-016  -2.0151055279715742E-014  0.59683480665048017       -1.5236001577893689E-015   3.2106637595186269E-015  -2.0778517604450916E-015  -2.0210185095786599E-002   8.8566473188428491E-016  -3.7040468279338326E-014   2.1102095768571199E-014  -2.1803931033247295E-003  -1.0425040983555189E-004  -3.9026799809453857E-016   3.4908577328913765E-015  -4.3932568484443912E-015  -1.5897573026793331E-013  -2.2620796426048936E-015  -2.2994684487828738E-015   5.2615174325875687E-015   7.3068283606628571E-017   1.1942907012330533E-013
  -1.5349889829048533E-017  -4.8458890006314134E-017  -1.6717631367063173E-017   5.1149624574650343E-016  -2.0906820985961573E-016  -5.5077524526166232E-016  -7.2905038549607455E-017   1.0126608893680844E-004  -9.1022292860874120E-018   1.2713316028694581E-017  -5.0633044468318962E-005  -1.8888067100157342E-017  -5.0633044468437878E-005   8.6870846142851649E-015   1.1908704875975309E-004  -1.8663391610896518E-017  -4.4129754808020058E-019  -5.9543524379847415E-005   2.5920630109460122E-017  -5.9543524379842244E-005   1.2394325162434958E-014  -2.1542735160337768E-016  -5.8864792983934630E-016  -6.5182889565848075E-017   1.0908840366103888E-014  -7.7175838373037850E-016   5.1289528820105234E-015  -1.1805817957278701E-015  -1.5788958120536892E-014   1.6809175116898131E-016  -8.0062121538967220E-016   6.9652977012163441E-016   1.7640630262418842E-015   1.5394553898835891E-002  -1.4047437919237589E-015   7.3124269633168835E-016  -7.6972769494132853E-003   9.9330992565183160E-016  -7.6972769494224567E-003
   1.5737108939658627E-018  -3.8639374868995373E-018  -1.1259304190007501E-017   4.4772598867921488E-018  -1.0734879650858057E-017  -4.7984748009132499E-017  -1.6068681453868653E-016  -6.0297032966978415E-018   1.0126608893676654E-004   3.9089271842225670E-018   1.0266991095420321E-017   4.0358431599683615E-019   2.9641545757990700E-018   3.2808401804883791E-016  -1.8663391610896518E-017   1.1908704875972538E-004  -5.9818111935977583E-018   2.4252983122939405E-017   1.7725566285639534E-017   5.8905425663383846E-018   4.0252844640971893E-016  -7.0155081623285539E-018  -5.1167423748219877E-017  -1.5915835726489998E-016  -2.0125167834104803E-016   6.8027471878556554E-016  -9.8288408649850737E-018  -7.1682992677650087E-017  -1.4713780126234781E-016   6.9397738877420616E-016  -3.0615160414237578E-016   2.8480656350764009E-017   1.7696777249575198E-015  -9.9004471951930598E-016   1.5394553898834103E-002  -2.3036056264293726E-016   1.6850614975279246E-015   1.8752311806217018E-015  -6.8859130518476185E-016
   1.5633873883909400E-017   2.6101854271362361E-018  -1.3742538064651236E-017  -3.3091274229005535E-018   5.2027630947327160E-017   2.1367135395158215E-017  -1.8745161062102338E-016  -1.0778289113023840E-017  -4.3668982119043199E-018   1.0126608893678196E-004  -5.3541916261403455E-018  -1.5943840132512956E-018   2.1423455086967332E-017  -2.6041128535911501E-016  -4.4129754808020058E-019  -5.9818111935977583E-018   1.1908704875972566E-004   1.2625442977854146E-017   2.6253784959375994E-017  -2.4577785930116648E-018  -2.7930563768871574E-016   8.1097718898137015E-017   2.1643551119665209E-017  -1.8616396073316762E-016  -2.4689011777157284E-016   2.6310189001479014E-016   1.1363795283354839E-016   2.8405385812135186E-016   1.7658372047891825E-015   1.3874429235254430E-015  -7.5771291952260269E-016  -1.0113262004047631E-015   9.2191809876674589E-016  -7.7599187045159996E-016  -5.5047728917903178E-016   1.5394553898834113E-002   4.6262663177983633E-017   7.9064426988968735E-016   7.5144273805780763E-016
   6.7042960543808278E-018  -3.8562005704189525E-017   4.5344688238164440E-017   5.5122981440075464E-017   5.4433982417168855E-017  -5.2339750902765807E-016   7.0297322768968621E-016  -5.0633044468425003E-005  -2.4859092478953408E-018   7.3454453167612007E-018   1.0126608893676021E-004   3.6917602201785437E-018  -5.0633044468349177E-005  -2.3537986094419507E-015  -5.9543524379847415E-005   2.4252983122939405E-017   1.2625442977854146E-017   1.1908704875958291E-004   9.3557766874406803E-019  -5.9543524379727807E-005  -2.7872512640527515E-015   6.4347779059221549E-017  -5.3697789290378534E-016   7.0501534222934056E-016   1.5189439161344682E-014   7.9495987860664290E-016   4.1973996370932984E-015  -2.5476016911593699E-015  -1.6490263093532345E-014  -2.5747435854275605E-015  -4.3409230387924909E-016  -1.3843353378188501E-015   5.9889824065967640E-016  -7.6972769494187418E-003   1.4413737317277771E-015   1.5771075322121679E-015   1.5394553898824857E-002   5.5122032236223692E-017  -7.6972769494061156E-003
  -5.8419247864687357E-019  -1.6752349111155595E-018  -9.9726309844737389E-019   1.9354093198531915E-017   1.9530649476661701E-017  -2.4000518522287091E-017  -3.1437047310937868E-017  -5.2670766863298912E-018  -1.1652052194972965E-017   4.0505173440361259E-019  -7.4160753740874677E-019   1.0126608893676491E-004  -6.6437550341590913E-018   2.2000164263876406E-016   2.5920630109460122E-017   1.7725566285639534E-017   2.6253784959375994E-017   9.3557766874406803E-019   1.1908704875968678E-004  -3.1904931116705986E-017   2.7432572254835958E-016   2.3761029661733337E-017  -2.4271096624472008E-017  -2.6154734983198509E-017   5.1390838979568542E-016   1.0520321376126889E-016   4.2267676855128154E-016   6.0623415496375720E-016   9.6386162406445746E-016  -1.1694542475379053E-015  -7.3957580021396269E-016  -4.0573461835961305E-016  -4.4909840891284502E-015   2.3531834177442233E-015   4.2544463825245633E-016   2.5903398845416681E-015   6.9020545881466160E-017   1.5394553898831624E-002  -2.4190183124157405E-015
  -1.0553383692815203E-017  -3.4212007979039860E-017   3.0400428552164453E-017  -7.6977495667941829E-016  -7.9860593939340961E-017  -5.3512235076458576E-016   1.4401727049626416E-016  -5.0633044468329505E-005   2.1350311641316644E-017  -1.1787912681490672E-017  -5.0633044468434700E-005   1.0903108185902309E-017   1.0126608893672657E-004  -2.0151055279715742E-014  -5.9543524379842244E-005   5.8905425663383846E-018  -2.4577785930116648E-018  -5.9543524379727807E-005  -3.1904931116705986E-017   1.1908704875949894E-004  -2.5049448267218263E-014  -9.1227940446206802E-017  -5.2704339514998845E-016   1.5556898869323376E-016   1.1103931360201778E-014   1.8321653664468284E-016   5.7464813377068823E-015  -2.3887990202164980E-015  -1.5379661991643178E-014  -1.5374507996381568E-015   1.0762080868518866E-015  -9.2323650573761115E-017  -1.8339494936654827E-016  -7.6972769494089511E-003   1.4474234527952930E-015  -1.0510094923814468E-015  -7.6972769494105765E-003  -1.7010873741248457E-015   1.5394553898819380E-002
   3.8820311537454426E-016  -1.4150428526233008E-015   2.2331027418752721E-015   1.5258415586521423E-002   1.3653745570843767E-015  -4.6484522552562426E-016   5.7516374790521091E-016   1.2708402512097366E-014  -1.3578741318354470E-016   4.1293980537415608E-016   1.1908948398994527E-014   2.7038598368372900E-016   2.0369801242831651E-014  0.59683480665048017        1.2394325162434958E-014   4.0252844640971893E-016  -2.7930563768871574E-016  -2.7872512640527515E-015   2.7432572254835958E-016  -2.5049448267218263E-014  0.69400831989391554        1.8836518359196389E-015  -9.4695016563988936E-016   4.7977210988042020E-015   1.9874196300114805E-002  -1.3907063934471801E-015   1.3307917954706603E-014  -6.2657243418650490E-015   5.0964469973783424E-003   7.0304042128437115E-004   3.0662450172961685E-016  -1.4488715757823772E-015   1.5950312051191823E-015   9.2755237019137847E-014   7.2666561649177831E-016   5.3197208490102198E-017  -3.3581944652267914E-014   6.5597533906321349E-016  -9.5358889213421006E-014
   4.0387931707722223E-002   8.3049540684561695E-017   6.1345030357453950E-017   1.1410018997344020E-015  0.48888013401646369       -2.6938104303410059E-017   4.9042920905156940E-016   2.2620070901316230E-016  -3.5367314606203876E-016   5.9751192957706358E-018   7.5389219993546436E-017  -8.4644040714231945E-017   5.6947859970281252E-017  -1.5236001577893689E-015  -2.1542735160337768E-016  -7.0155081623285539E-018   8.1097718898137015E-017   6.4347779059221549E-017   2.3761029661733337E-017  -9.1227940446206802E-017   1.8836518359196389E-015  0.50556613233212322        1.0593557158676249E-016   1.8631185380282898E-016   9.6263111322097235E-016  -1.1028348303667758E-003  -3.9568881359501146E-016   5.0680942320235072E-016  -2.4253135303647568E-016  -3.5482728218678119E-015   2.9472904121680384E-005   1.5659881137645140E-015  -6.6481529911719975E-016   2.1543499004194888E-016   2.5081890821799152E-016   1.4450386127081368E-015   3.5211438940985500E-016   2.3271358549530119E-016  -4.6103873272321808E-016
  -1.7957478091453720E-016   4.0387931707725012E-002  -6.8295455952809439E-016   1.4338090015701494E-015  -3.7442689145805752E-017  0.48888013401646352        2.9159045174837588E-016  -9.8588354215672078E-016   7.1924293405021891E-017  -4.6628131621289554E-017  -1.0864538784813814E-015   9.8367033882916398E-018  -1.0531546721505734E-015   3.2106637595186269E-015  -5.8864792983934630E-016  -5.1167423748219877E-017   2.1643551119665209E-017  -5.3697789290378534E-016  -2.4271096624472008E-017  -5.2704339514998845E-016  -9.4695016563988936E-016   1.0593557158676249E-016  0.50556613233212155       -7.6044984644106102E-016  -9.0236441042546673E-016   6.5754018116987466E-017  -1.1028348303655691E-003  -9.6501166535585434E-016  -2.7684987904454496E-016  -2.9534321055083688E-017   8.0274351128366569E-016   2.9472904121867985E-005   4.0340631244106899E-016  -1.8303014421027138E-015  -4.8010207641008316E-017  -9.4089715635494691E-017  -6.0280171771542257E-016   5.9968506927660750E-018   7.4567118278095540E-016
   1.6195776526344395E-015  -2.4401521206816767E-016   4.0387931707718323E-002   1.7088352761193323E-015  -1.3795604228794944E-015  -5.0632951284607776E-018  0.48888013401647379        4.9745752986063801E-016   2.7439049533511084E-016   2.9602840717181896E-016  -5.3791948350652742E-016   2.6083917754719722E-016   6.6954167851988939E-016  -2.0778517604450916E-015  -6.5182889565848075E-017  -1.5915835726489998E-016  -1.8616396073316762E-016   7.0501534222934056E-016  -2.6154734983198509E-017   1.5556898869323376E-016   4.7977210988042020E-015   1.8631185380282898E-016  -7.6044984644106102E-016  0.50556613233212855        3.6716629197097422E-015  -3.7939598324275908E-017  -9.5838241104708482E-016  -1.1028348303753449E-003   6.1157959419098749E-016   6.5776676978718015E-016   2.4880274605367482E-016  -1.2857913322493236E-015   2.9472904122062945E-005   1.1464953115067204E-015   2.3852254420367234E-016   1.0632924194253165E-016  -9.7170384765532818E-016   4.7609048037684075E-016  -1.7756536030375943E-017
   2.4516026512788148E-016   4.2266137833852461E-018  -1.2030817981495427E-016   9.9065219182638536E-003   8.7549438713731681E-016   1.1638523469777804E-016   2.3264778185630188E-016  -1.3050196009330161E-014  -2.7499210682697871E-016   1.8396488520931704E-016  -1.2680234252794898E-014   2.1028856865586740E-016  -1.1996568736040734E-014  -2.0210185095786599E-002   1.0908840366103888E-014  -2.0125167834104803E-016  -2.4689011777157284E-016   1.5189439161344682E-014   5.1390838979568542E-016   1.1103931360201778E-014   1.9874196300114805E-002   9.6263111322097235E-016  -9.0236441042546673E-016   3.6716629197097422E-015   2.0233231804771932       -9.8265303848918084E-016   1.5246070975096259E-014  -4.4428862659937097E-015   2.0861868945798827E-003   2.6849929126669534E-004   2.1647292353142386E-016  -2.2690896621554051E-015   2.7011348239391364E-015   1.3893441113417344E-013   6.1929306159823386E-016  -1.3007118701016978E-015   5.4808198986539362E-014  -3.0167960696703480E-016   1.6382884393935799E-014
   1.3371091629584056E-003  -5.0305969214485067E-016  -4.5465111568372961E-016   1.6976202732343935E-015  -2.5269881234718482E-003   2.5552802952790954E-016   1.1248294901723758E-015  -1.2253701419665723E-015   3.3142340578292606E-016   4.5635279898924820E-016   9.3792264643659576E-018  -1.4243718165887693E-016  -5.9325090795856224E-016   8.8566473188428491E-016  -7.7175838373037850E-016   6.8027471878556554E-016   2.6310189001479014E-016   7.9495987860664290E-016   1.0520321376126889E-016   1.8321653664468284E-016  -1.3907063934471801E-015  -1.1028348303667758E-003   6.5754018116987466E-017  -3.7939598324275908E-017  -9.8265303848918084E-016   2.0002919359316569        3.9762191427038359E-019  -3.1014561200122566E-016  -2.7728651436310304E-016  -1.5483433914377574E-015  -2.4281181103835789E-005   5.6990818973468937E-016  -8.1111152290975063E-016   8.0538262655443565E-017   2.3177141771244829E-016   5.2480887161059448E-016  -4.0051019963513649E-017  -1.2685812071633449E-017   1.1428094423492474E-016
  -5.0197817179512358E-017   1.3371091629596702E-003   3.7054907606724444E-016   2.4941288271146462E-015   2.4758308912225928E-016  -2.5269881234741037E-003   1.3801745624200905E-016   5.4720061531879749E-015   3.4906989266015907E-016  -2.7749921288874821E-016   5.7082050972515540E-015  -3.9307717741309542E-016   5.2168309324419377E-015  -3.7040468279338326E-014   5.1289528820105234E-015  -9.8288408649850737E-018   1.1363795283354839E-016   4.1973996370932984E-015   4.2267676855128154E-016   5.7464813377068823E-015   1.3307917954706603E-014  -3.9568881359501146E-016  -1.1028348303655691E-003  -9.5838241104708482E-016   1.5246070975096259E-014   3.9762191427038359E-019   2.0002919359316551        1.6863230304829085E-015   2.8455850882244877E-015   1.5643562474546652E-016   2.5112200592478559E-016  -2.4281181103721694E-005   1.4146817973183049E-017  -3.4097187106979587E-016   7.6723394157221435E-017   5.6337073358465464E-016   4.1110476842159148E-016  -4.4257656108547235E-020   8.4453351830291446E-016
  -1.2770899655577525E-016   1.9000877496534076E-016   1.3371091629579529E-003  -5.1879439295520877E-015  -3.1544500454808584E-016   2.0685092096973123E-016  -2.5269881234701477E-003  -2.4147032810732837E-015   9.3603310415140125E-017  -3.6416549471164346E-016  -2.0357927323320529E-015   1.7449618300994205E-015  -1.7067564941366320E-015   2.1102095768571199E-014  -1.1805817957278701E-015  -7.1682992677650087E-017   2.8405385812135186E-016  -2.5476016911593699E-015   6.0623415496375720E-016  -2.3887990202164980E-015  -6.2657243418650490E-015   5.0680942320235072E-016  -9.6501166535585434E-016  -1.1028348303753449E-003  -4.4428862659937097E-015  -3.1014561200122566E-016   1.6863230304829085E-015   2.0002919359316511       -1.1801905590526706E-015  -3.5032796649213049E-016   1.2782386845240833E-016   1.5408049335963883E-016  -2.4281181104574768E-005  -1.0390865341567924E-016   8.6215249674619761E-016   1.5414103368913030E-015  -7.3324901556281468E-018  -6.2076090109542018E-017  -1.3083539851747215E-018
  -5.1294771643596577E-016  -1.0053717191266230E-015   1.6439399381081094E-016   1.7828385432445040E-003   8.6050632578252312E-016   1.4918453682049792E-015  -2.4946513074586284E-016  -2.5799031494950231E-015  -3.6239466740151210E-016  -1.3955038309427974E-015  -2.8337660433730405E-015  -8.7013257957980992E-016  -3.0541029814998714E-015  -2.1803931033247295E-003  -1.5788958120536892E-014  -1.4713780126234781E-016   1.7658372047891825E-015  -1.6490263093532345E-014   9.6386162406445746E-016  -1.5379661991643178E-014   5.0964469973783424E-003  -2.4253135303647568E-016  -2.7684987904454496E-016   6.1157959419098749E-016   2.0861868945798827E-003  -2.7728651436310304E-016   2.8455850882244877E-015  -1.1801905590526706E-015   2.0010469314490238        6.6698858435593420E-005   6.3382825946771855E-017  -7.3929785672937203E-016   1.1298124707510029E-015  -6.1308534842622904E-014  -1.6355841846047999E-016  -1.3704564720707138E-015  -7.8030237881882006E-014  -5.3764874606706690E-016  -8.2840488966239401E-014
  -2.7228289789079344E-015   5.5421555653617366E-016  -8.9333719513211936E-016   2.0016657403119085E-004   5.2346187538224548E-015  -1.0181207479164413E-017   2.8479661951247659E-016  -3.0078094810623566E-015  -4.2633995588955151E-016  -5.9710737307351867E-016   2.5662580765937737E-016   1.0386654001268934E-015  -5.0806745110747764E-016  -1.0425040983555189E-004   1.6809175116898131E-016   6.9397738877420616E-016   1.3874429235254430E-015  -2.5747435854275605E-015  -1.1694542475379053E-015  -1.5374507996381568E-015   7.0304042128437115E-004  -3.5482728218678119E-015  -2.9534321055083688E-017   6.5776676978718015E-016   2.6849929126669534E-004  -1.5483433914377574E-015   1.5643562474546652E-016  -3.5032796649213049E-016   6.6698858435593420E-005   2.0000167487200979       -9.5394945707902815E-017   2.7709594610576878E-015  -3.6596039381752762E-015  -1.2775991750149194E-015  -6.4281494306038540E-017  -1.4825740744886862E-016  -3.3101254554491415E-015   3.0110219823398286E-016  -4.8070383656045605E-015
  -1.4197427887236780E-004  -1.5735014883890246E-016  -5.6634144843373697E-016   2.0559289842453784E-017   4.6049557951557214E-004  -5.6014506076415313E-016   2.0137491845774243E-016   6.8789804974947479E-016   5.5763733313267780E-016   2.5004777145655322E-016   5.9921459830231413E-016   7.7655765922171217E-016  -8.4942603667155159E-016  -3.9026799809453857E-016  -8.0062121538967220E-016  -3.0615160414237578E-016  -7.5771291952260269E-016  -4.3409230387924909E-016  -7.3957580021396269E-016   1.0762080868518866E-015   3.0662450172961685E-016   2.9472904121680384E-005   8.0274351128366569E-016   2.4880274605367482E-016   2.1647292353142386E-016  -2.4281181103835789E-005   2.5112200592478559E-016   1.2782386845240833E-016   6.3382825946771855E-017  -9.5394945707902815E-017   1.9999926147584084        6.3119448512210197E-017   3.1613123661117597E-016   2.7313272290182343E-016  -2.8577207355430594E-017   1.9274652536304711E-016   2.7622594906439010E-016   1.5319687687815081E-016  -4.0965217812326832E-016
   1.3061800472154512E-015  -1.4197427887235051E-004  -9.8686138951085079E-016  -7.7967383535481998E-016  -2.3906382535859637E-015   4.6049557951583143E-004   9.3116300406665230E-016  -2.3219008014050066E-015  -1.6492562793571817E-016   4.0514525995880993E-016   4.0008432068231301E-015   1.6686486705448153E-016  -3.1116335240017271E-015   3.4908577328913765E-015   6.9652977012163441E-016   2.8480656350764009E-017  -1.0113262004047631E-015  -1.3843353378188501E-015  -4.0573461835961305E-016  -9.2323650573761115E-017  -1.4488715757823772E-015   1.5659881137645140E-015   2.9472904121867985E-005  -1.2857913322493236E-015  -2.2690896621554051E-015   5.6990818973468937E-016  -2.4281181103721694E-005   1.5408049335963883E-016  -7.3929785672937203E-016   2.7709594610576878E-015   6.3119448512210197E-017   1.9999926147584111        3.5792958941878627E-016  -5.7547855173253586E-016   2.1427653064907375E-016   3.4160735528450281E-016   1.5239793274451857E-015   5.4013500757914570E-017  -8.4760637453407394E-016
   1.5741575733780467E-015   3.3881784102586598E-016  -1.4197427887318868E-004  -5.0863489198268430E-016  -4.6698604150411620E-016  -5.4615082333029460E-016   4.6049557951547527E-004  -9.3885745112611659E-016  -2.0058135247188309E-015  -1.4460798181156312E-015   3.8660183557153950E-015   3.7928174048288058E-015   2.8921804845799554E-016  -4.3932568484443912E-015   1.7640630262418842E-015   1.7696777249575198E-015   9.2191809876674589E-016   5.9889824065967640E-016  -4.4909840891284502E-015  -1.8339494936654827E-016   1.5950312051191823E-015  -6.6481529911719975E-016   4.0340631244106899E-016   2.9472904122062945E-005   2.7011348239391364E-015  -8.1111152290975063E-016   1.4146817973183049E-017  -2.4281181104574768E-005   1.1298124707510029E-015  -3.6596039381752762E-015   3.1613123661117597E-016   3.5792958941878627E-016   1.9999926147584144       -9.9073246881606003E-017  -2.9060233048636307E-016  -1.9747835924736731E-018   7.3522495346441504E-016   1.1259619270797913E-015  -6.9901757449867496E-016
   3.2133383502324589E-016  -7.9756747386474063E-016  -1.2712343505858769E-015   2.8837781453812723E-014   6.0711940017778608E-017   1.0791460203102019E-015  -3.2835433146671829E-016   1.3090812817160614E-002   3.3053554942472272E-017   1.0321117638117213E-015  -6.5454064085731633E-003  -3.2900118100446263E-015  -6.5454064085807787E-003  -1.5897573026793331E-013   1.5394553898835891E-002  -9.9004471951930598E-016  -7.7599187045159996E-016  -7.6972769494187418E-003   2.3531834177442233E-015  -7.6972769494089511E-003   9.2755237019137847E-014   2.1543499004194888E-016  -1.8303014421027138E-015   1.1464953115067204E-015   1.3893441113417344E-013   8.0538262655443565E-017  -3.4097187106979587E-016  -1.0390865341567924E-016  -6.1308534842622904E-014  -1.2775991750149194E-015   2.7313272290182343E-016  -5.7547855173253586E-016  -9.9073246881606003E-017   1.9900761015773680        2.3081037948957563E-015   1.5898198556241224E-015 -0.99503805078867114       -5.5637189733807581E-016 -0.99503805078867746     
   2.3057828989541391E-016   2.6296738731206913E-017   2.3096155901456415E-016  -4.0999820726745725E-016  -1.9561788124062089E-016   1.4495182346099783E-016  -7.0289621790145549E-016   7.7602511649484054E-017   1.3090812817156721E-002   6.9477178696352520E-016  -1.1313770107382899E-016  -1.5345580232469298E-015   9.6647592188283607E-016  -2.2620796426048936E-015  -1.4047437919237589E-015   1.5394553898834103E-002  -5.5047728917903178E-016   1.4413737317277771E-015   4.2544463825245633E-016   1.4474234527952930E-015   7.2666561649177831E-016   2.5081890821799152E-016  -4.8010207641008316E-017   2.3852254420367234E-016   6.1929306159823386E-016   2.3177141771244829E-016   7.6723394157221435E-017   8.6215249674619761E-016  -1.6355841846047999E-016  -6.4281494306038540E-017  -2.8577207355430594E-017   2.1427653064907375E-016  -2.9060233048636307E-016   2.3081037948957563E-015   1.9900761015773685       -9.7734049585990190E-016  -1.1353527981042965E-015   1.1978706058752421E-015  -3.4213354805495349E-016
   1.2679973283707322E-015   8.6864056193068345E-017   1.3807325407636840E-016   2.9828141123459693E-016  -1.9689154709244437E-015   4.2571758804297743E-018  -8.5800830630334240E-016  -7.2299937168901296E-016  -1.0284409347765690E-016   1.3090812817158693E-002  -7.3891469725144773E-016  -8.8938830038615959E-016   2.1458859740682505E-015  -2.2994684487828738E-015   7.3124269633168835E-016  -2.3036056264293726E-016   1.5394553898834113E-002   1.5771075322121679E-015   2.5903398845416681E-015  -1.0510094923814468E-015   5.3197208490102198E-017   1.4450386127081368E-015  -9.4089715635494691E-017   1.0632924194253165E-016  -1.3007118701016978E-015   5.2480887161059448E-016   5.6337073358465464E-016   1.5414103368913030E-015  -1.3704564720707138E-015  -1.4825740744886862E-016   1.9274652536304711E-016   3.4160735528450281E-016  -1.9747835924736731E-018   1.5898198556241224E-015  -9.7734049585990190E-016   1.9900761015773665       -1.1297318874663178E-015  -1.6650634863946134E-015   2.3468098124534974E-015
   1.5294994310177585E-016   1.1304659068999729E-016  -1.2565465564684264E-015   7.0648270504315146E-015  -5.7927651169349618E-016  -6.8363083236752213E-016   1.5474850226370821E-015  -6.5454064085822316E-003  -1.5545026315998944E-015  -3.9897422337604816E-016   1.3090812817163700E-002   4.3308607981166229E-016  -6.5454064085832741E-003   5.2615174325875687E-015  -7.6972769494132853E-003   1.6850614975279246E-015   4.6262663177983633E-017   1.5394553898824857E-002   6.9020545881466160E-017  -7.6972769494105765E-003  -3.3581944652267914E-014   3.5211438940985500E-016  -6.0280171771542257E-016  -9.7170384765532818E-016   5.4808198986539362E-014  -4.0051019963513649E-017   4.1110476842159148E-016  -7.3324901556281468E-018  -7.8030237881882006E-014  -3.3101254554491415E-015   2.7622594906439010E-016   1.5239793274451857E-015   7.3522495346441504E-016 -0.99503805078867114       -1.1353527981042965E-015  -1.1297318874663178E-015   1.9900761015773587        4.1351809671775947E-016 -0.99503805078868768     
  -3.1892294528709875E-016  -8.1468703009078201E-018   8.1368882781631782E-017   1.3391696526618885E-015  -1.8982980714758705E-016  -1.1545219004262896E-017  -1.5116651441204337E-016  -2.6855803220705095E-015  -1.8601763346545594E-015  -2.1612957268402960E-015  -1.5184009227177041E-016   1.3090812817158645E-002   1.2018213792994566E-015   7.3068283606628571E-017   9.9330992565183160E-016   1.8752311806217018E-015   7.9064426988968735E-016   5.5122032236223692E-017   1.5394553898831624E-002  -1.7010873741248457E-015   6.5597533906321349E-016   2.3271358549530119E-016   5.9968506927660750E-018   4.7609048037684075E-016  -3.0167960696703480E-016  -1.2685812071633449E-017  -4.4257656108547235E-020  -6.2076090109542018E-017  -5.3764874606706690E-016   3.0110219823398286E-016   1.5319687687815081E-016   5.4013500757914570E-017   1.1259619270797913E-015  -5.5637189733807581E-016   1.1978706058752421E-015  -1.6650634863946134E-015   4.1351809671775947E-016   1.9900761015773725        5.5463717386210985E-016
  -4.6567465265012021E-016   5.5035956336892606E-016   2.5402504741290523E-015  -3.5894936991266786E-014   6.2147687659707884E-016  -2.0278975384874071E-015  -1.0672102858059537E-015  -6.5454064085782538E-003   1.5269129420930273E-015  -6.1467359861407535E-016  -6.5454064085905365E-003   2.8596344754238296E-015   1.3090812817163927E-002   1.1942907012330533E-013  -7.6972769494224567E-003  -6.8859130518476185E-016   7.5144273805780763E-016  -7.6972769494061156E-003  -2.4190183124157405E-015   1.5394553898819380E-002  -9.5358889213421006E-014  -4.6103873272321808E-016   7.4567118278095540E-016  -1.7756536030375943E-017   1.6382884393935799E-014   1.1428094423492474E-016   8.4453351830291446E-016  -1.3083539851747215E-018  -8.2840488966239401E-014  -4.8070383656045605E-015  -4.0965217812326832E-016  -8.4760637453407394E-016  -6.9901757449867496E-016 -0.99503805078867746       -3.4213354805495349E-016   2.3468098124534974E-015 -0.99503805078868768        5.5463717386210985E-016   1.9900761015773460     
