   2.5481917752830430E-002  -6.2233345872826093E-017  -2.4817783010236260E-017  -1.1148174316514340E-016  -5.5806350088866391E-018  -6.4346489467475860E-018   5.9147207827363766E-019   3.7008404497933289E-018  -4.3242207803195599E-018   1.1434604114910193E-017   6.1693665144625633E-002  -2.1970622930197767E-016   3.3036261353129307E-017  -3.3769422078838256E-016   5.2890036331147665E-018   3.5875208670258165E-018   2.2246349946541076E-018   5.6625827879366443E-018   1.0648015662896969E-018  -1.1247114694788730E-018   7.2865924057148715E-002  -2.2927713691732004E-016   2.6230351621939663E-017  -4.4533699230342454E-016  -8.6466269349233667E-016
  -6.2233345872826093E-017   2.5481917752829809E-002  -2.5742919453831828E-018   1.2774858400388550E-016  -5.9414297145172562E-017  -4.9114106188853476E-018   8.1108029121901207E-019  -5.5298517229346041E-017  -6.0387273834335290E-018  -5.8576879274333758E-017   1.2441502273586933E-016   6.1693665144624751E-002   4.9197544107621175E-017   3.4260022451230947E-016  -2.1609898155797026E-017  -3.6266953470178478E-019  -2.3736245646192385E-019  -2.2340179518965314E-017   1.1737352662593900E-018  -2.2497348198379399E-017   1.0595026917435676E-016   7.2865924057147577E-002   5.6587165418586437E-017   2.3565714020145663E-016   1.5633067924750257E-016
  -2.4817783010236260E-017  -2.5742919453831828E-018   2.5481917752830603E-002   3.1073876930940274E-016  -9.4282276608323978E-017   1.9972114203141946E-017   1.4379879829828283E-017  -9.7369627817163978E-017   2.1196435608624568E-018  -9.0505236015533539E-017  -7.5443530546044778E-017  -5.8872813240673627E-017   6.1693665144625542E-002   2.6338434480401674E-016  -8.4615716000104238E-017  -3.0852693424965000E-018  -9.3765698562251564E-019  -9.1750363365276772E-017  -2.3431809485767507E-018  -8.7305567657197180E-017  -8.2339508113961346E-017  -5.1331537739110194E-017   7.2865924057148729E-002   8.9172956767146728E-017   2.1791718050673217E-015
  -1.1148174316514340E-016   1.2774858400388550E-016   3.1073876930940274E-016   1.5114145462790917E-004  -3.4605867295272292E-017  -2.3023833123920377E-018  -2.1588832650330039E-018  -3.2822837147836311E-017  -3.3567318743459415E-018  -3.1895228170356353E-017  -2.4556758884079459E-016   2.9462821430025695E-016   7.2924995311787883E-016   9.0546316282423493E-003  -1.5655477461414211E-017   1.8353530957085471E-019   1.5001345249794471E-018  -1.5382127167808521E-017   2.5991695385269630E-019  -1.5105616555550001E-017  -2.9768307296486846E-016   3.5183780024869310E-016   8.7020015113928317E-016   9.3707934702511181E-003   3.0150488138391530E-003
  -5.5806350088866391E-018  -5.9414297145172562E-017  -9.4282276608323978E-017  -3.4605867295272292E-017   1.4974068059194539E-029   5.9989496981953455E-031   6.2277346059794726E-031   1.0065107452167690E-029   2.1046571415912796E-030   9.3723373801830354E-030  -1.3511142719798483E-017  -1.4384654202372110E-016  -2.2826457798691310E-016  -2.3812099698149832E-015   3.1227011777510268E-030   1.5079789746606373E-031  -3.8510404417725912E-031   5.4910845119970729E-030  -4.1952354172222334E-031   5.5962514544058117E-030  -1.5957909082536542E-017  -1.6989606927084951E-016  -2.6960157684812553E-016  -2.4507340214421059E-015   2.8802557027140601E-015
  -6.4346489467475860E-018  -4.9114106188853476E-018   1.9972114203141946E-017  -2.3023833123920377E-018   5.9989496981953455E-031   5.6024985296572266E-032   4.7596507401921418E-032   4.7543218593813302E-031   8.2141501619921775E-032   4.5596443273111151E-031  -1.5578775557415707E-017  -1.1890899462447768E-017   4.8354010786413007E-017  -1.4421124850691648E-016   1.5819409624296972E-031  -2.3532253340924440E-033  -2.5023603299617335E-032   1.9746961344300999E-031  -1.3746206971262804E-032   2.0221733787943291E-031  -1.8399974681499455E-017  -1.4044251953109797E-017   5.7110558589146470E-017  -1.4896902377666319E-016   2.6858731303391077E-017
   5.9147207827363766E-019   8.1108029121901207E-019   1.4379879829828283E-017  -2.1588832650330039E-018   6.2277346059794726E-031   4.7596507401921418E-032   4.4133795382411493E-032   4.6992371195492199E-031   8.6051465584692371E-032   4.4771953508706854E-031   1.4319989842739010E-018   1.9636872066396039E-018   3.4814785121219264E-017  -1.3795796486732994E-016   1.5223499198810969E-031   7.8557854103317728E-034  -2.3177057052967645E-032   2.1155700327143750E-031  -1.5210432713493744E-032   2.1507789555281140E-031   1.6913232338102150E-018   2.3192961957368645E-018   4.1119480950949990E-017  -1.4239376180614580E-016   5.6887206617848548E-017
   3.7008404497933289E-018  -5.5298517229346041E-017  -9.7369627817163978E-017  -3.2822837147836311E-017   1.0065107452167690E-029   4.7543218593813302E-031   4.6992371195492199E-031   8.2682468968497778E-030   1.1508292271372258E-030   7.9040043655024485E-030   8.9600168118337828E-018  -1.3388192513738872E-016  -2.3573929058544374E-016  -2.0631307653916792E-015   3.5119276265173193E-030   3.0210291972059988E-032  -3.3554604205122019E-031   4.2363677034540984E-030  -1.6477459812926914E-031   4.2162027478216885E-030   1.0582608490374670E-017  -1.5812693518559245E-016  -2.7842990369946408E-016  -2.1308902787690604E-015   4.6695483392553619E-016
  -4.3242207803195599E-018  -6.0387273834335290E-018   2.1196435608624568E-018  -3.3567318743459415E-018   2.1046571415912796E-030   8.2141501619921775E-032   8.6051465584692371E-032   1.1508292271372258E-030   3.4601481256053968E-031   1.0369171748910909E-030  -1.0469268106903933E-017  -1.4620219274973794E-017   5.1318186228439533E-018  -2.6347703272290481E-016   1.7798110361433633E-031   3.1869554714218222E-032  -4.2862381250712275E-032   6.5806072734082106E-031  -8.0488529515865627E-032   6.9055296593700539E-031  -1.2365173847644380E-017  -1.7267831063233576E-017   6.0611523917515905E-018  -2.6991843904668673E-016   6.5613737063166354E-016
   1.1434604114910193E-017  -5.8576879274333758E-017  -9.0505236015533539E-017  -3.1895228170356353E-017   9.3723373801830354E-030   4.5596443273111151E-031   4.4771953508706854E-031   7.9040043655024485E-030   1.0369171748910909E-030   7.5824503567661991E-030   2.7684048122640023E-017  -1.4181908952933723E-016  -2.1912007482079509E-016  -1.9859223084236931E-015   3.4553253737713222E-030   1.8902831431270572E-032  -3.2271363084667450E-031   4.0109381191451432E-030  -1.3794977535410116E-031   3.9787684301100282E-030   3.2697421094530013E-017  -1.6750146037317903E-016  -2.5880107291177453E-016  -2.0519427015703758E-015   2.3465044717914694E-016
   6.1693665144625633E-002   1.2441502273586933E-016  -7.5443530546044778E-017  -2.4556758884079459E-016  -1.3511142719798483E-017  -1.5578775557415707E-017   1.4319989842739010E-018   8.9600168118337828E-018  -1.0469268106903933E-017   2.7684048122640023E-017  0.14936506568680169        1.3408079804130349E-016   4.2802268890652856E-017   4.0920207669485241E-016   1.2805080930526206E-017   8.6856614645916018E-018   5.3860108866400790E-018   1.3709544539042492E-017   2.5779657525520080E-018  -2.7230121945855215E-018  0.17641395607817337        2.3151895078438649E-016   1.9591307381360651E-017   2.0165349721668627E-016   1.0729740583213892E-015
  -2.1970622930197767E-016   6.1693665144624751E-002  -5.8872813240673627E-017   2.9462821430025695E-016  -1.4384654202372110E-016  -1.1890899462447768E-017   1.9636872066396039E-018  -1.3388192513738872E-016  -1.4620219274973794E-017  -1.4181908952933723E-016   1.3408079804130349E-016  0.14936506568680108       -8.3351571313765542E-018  -1.5756210635751484E-017  -5.2319210569820140E-017  -8.7805058665826273E-019  -5.7467259917064043E-019  -5.4087277413049309E-017   2.8417025432476609E-018  -5.4467794765512689E-017   5.9107088436668277E-017  0.17641395607817240       -1.3523728035862099E-017  -3.0564933860175506E-016  -2.9753344731442057E-016
   3.3036261353129307E-017   4.9197544107621175E-017   6.1693665144625542E-002   7.2924995311787883E-016  -2.2826457798691310E-016   4.8354010786413007E-017   3.4814785121219264E-017  -2.3573929058544374E-016   5.1318186228439533E-018  -2.1912007482079509E-016   4.2802268890652856E-017  -8.3351571313765542E-018  0.14936506568680019       -1.2246290344485686E-016  -2.0486109795653749E-016  -7.4696722414396802E-018  -2.2701390316312394E-018  -2.2213462303975730E-016  -5.6730196768131404E-018  -2.1137343384236811E-016   6.6934802246563133E-017   3.4227119090888391E-017  0.17641395607817192       -5.9829215835046277E-016  -2.3953427223656281E-015
  -3.3769422078838256E-016   3.4260022451230947E-016   2.6338434480401674E-016   9.0546316282423493E-003  -2.3812099698149832E-015  -1.4421124850691648E-016  -1.3795796486732994E-016  -2.0631307653916792E-015  -2.6347703272290481E-016  -1.9859223084236931E-015   4.0920207669485241E-016  -1.5756210635751484E-017  -1.2246290344485686E-016  0.55690726089236586       -8.9920730078426970E-016   2.4826516285009499E-018   9.1990600796034271E-017  -9.9562968793248276E-016   3.2738281492603976E-017  -9.8765801650594860E-016   3.0519003625557269E-016   1.7735550809344488E-016   1.1842918860792475E-016  0.57571347898351677        1.3017318446577174E-002
   5.2890036331147665E-018  -2.1609898155797026E-017  -8.4615716000104238E-017  -1.5655477461414211E-017   3.1227011777510268E-030   1.5819409624296972E-031   1.5223499198810969E-031   3.5119276265173193E-030   1.7798110361433633E-031   3.4553253737713222E-030   1.2805080930526206E-017  -5.2319210569820140E-017  -2.0486109795653749E-016  -8.9920730078426970E-016   2.0255249534748217E-030  -3.0489241581387774E-032  -1.4593754247787825E-031   1.7198076255016237E-030   2.6014303312833951E-032   1.6521390709275315E-030   1.5123984811765450E-017  -6.1793826240887834E-017  -2.4195990254382991E-016  -9.3231573591011722E-016  -7.6074147224617586E-016
   3.5875208670258165E-018  -3.6266953470178478E-019  -3.0852693424965000E-018   1.8353530957085471E-019   1.5079789746606373E-031  -2.3532253340924440E-033   7.8557854103317728E-034   3.0210291972059988E-032   3.1869554714218222E-032   1.8902831431270572E-032   8.6856614645916018E-018  -8.7805058665826273E-019  -7.4696722414396802E-018   2.4826516285009499E-018  -3.0489241581387774E-032   6.1182766947108964E-033   1.0036324469570419E-033   3.7176828526861529E-032  -9.3741766198210366E-033   4.1080400450957852E-032   1.0258569452493573E-017  -1.0370589462595350E-018  -8.8223737234703892E-018   2.9457646362264212E-018   1.0233713645563984E-016
   2.2246349946541076E-018  -2.3736245646192385E-019  -9.3765698562251564E-019   1.5001345249794471E-018  -3.8510404417725912E-031  -2.5023603299617335E-032  -2.3177057052967645E-032  -3.3554604205122019E-031  -4.2862381250712275E-032  -3.2271363084667450E-031   5.3860108866400790E-018  -5.7467259917064043E-019  -2.2701390316312394E-018   9.1990600796034271E-017  -1.4593754247787825E-031   1.0036324469570419E-033   1.5431160432352610E-032  -1.5946105996435398E-031   5.2650704713436704E-033  -1.5873123099104523E-031   6.3613769633700955E-018  -6.7874148619192100E-019  -2.6812441421697308E-018   9.5108901586395577E-017   5.3504923272972273E-018
   5.6625827879366443E-018  -2.2340179518965314E-017  -9.1750363365276772E-017  -1.5382127167808521E-017   5.4910845119970729E-030   1.9746961344300999E-031   2.1155700327143750E-031   4.2363677034540984E-030   6.5806072734082106E-031   4.0109381191451432E-030   1.3709544539042492E-017  -5.4087277413049309E-017  -2.2213462303975730E-016  -9.9562968793248276E-016   1.7198076255016237E-030   3.7176828526861529E-032  -1.5946105996435398E-031   2.2965510662485623E-030  -1.0679844020868606E-031   2.2950820995033735E-030   1.6192239979552446E-017  -6.3882076696176361E-017  -2.6236153314824315E-016  -1.0271170153024250E-015   5.5223458946142362E-016
   1.0648015662896969E-018   1.1737352662593900E-018  -2.3431809485767507E-018   2.5991695385269630E-019  -4.1952354172222334E-031  -1.3746206971262804E-032  -1.5210432713493744E-032  -1.6477459812926914E-031  -8.0488529515865627E-032  -1.3794977535410116E-031   2.5779657525520080E-018   2.8417025432476609E-018  -5.6730196768131404E-018   3.2738281492603976E-017   2.6014303312833951E-032  -9.3741766198210366E-033   5.2650704713436704E-033  -1.0679844020868606E-031   2.1142787577611625E-032  -1.1722535276578915E-031   3.0448159678476878E-018   3.3563135084271453E-018  -6.7003608875619935E-018   3.3122286114014706E-017  -1.9381059589555124E-016
  -1.1247114694788730E-018  -2.2497348198379399E-017  -8.7305567657197180E-017  -1.5105616555550001E-017   5.5962514544058117E-030   2.0221733787943291E-031   2.1507789555281140E-031   4.2162027478216885E-030   6.9055296593700539E-031   3.9787684301100282E-030  -2.7230121945855215E-018  -5.4467794765512689E-017  -2.1137343384236811E-016  -9.8765801650594860E-016   1.6521390709275315E-030   4.1080400450957852E-032  -1.5873123099104523E-031   2.2950820995033735E-030  -1.1722535276578915E-031   2.3018105316749026E-030  -3.2161292299991349E-018  -6.4331502880242804E-017  -2.4965157349544261E-016  -1.0184869893092275E-015   6.5736508278447800E-016
   7.2865924057148715E-002   1.0595026917435676E-016  -8.2339508113961346E-017  -2.9768307296486846E-016  -1.5957909082536542E-017  -1.8399974681499455E-017   1.6913232338102150E-018   1.0582608490374670E-017  -1.2365173847644380E-017   3.2697421094530013E-017  0.17641395607817337        5.9107088436668277E-017   6.6934802246563133E-017   3.0519003625557269E-016   1.5123984811765450E-017   1.0258569452493573E-017   6.3613769633700955E-018   1.6192239979552446E-017   3.0448159678476878E-018  -3.2161292299991349E-018  0.20836119715174942        1.5621546301895287E-016   4.2488302011538016E-017   4.1460225665872014E-017  -2.1295777391686142E-015
  -2.2927713691732004E-016   7.2865924057147577E-002  -5.1331537739110194E-017   3.5183780024869310E-016  -1.6989606927084951E-016  -1.4044251953109797E-017   2.3192961957368645E-018  -1.5812693518559245E-016  -1.7267831063233576E-017  -1.6750146037317903E-016   2.3151895078438649E-016  0.17641395607817240        3.4227119090888391E-017   1.7735550809344488E-016  -6.1793826240887834E-017  -1.0370589462595350E-018  -6.7874148619192100E-019  -6.3882076696176361E-017   3.3563135084271453E-018  -6.4331502880242804E-017   1.5621546301895287E-016  0.20836119715174795        3.6082191831454532E-017  -1.5664665147881993E-016   1.3071896306420670E-016
   2.6230351621939663E-017   5.6587165418586437E-017   7.2865924057148729E-002   8.7020015113928317E-016  -2.6960157684812553E-016   5.7110558589146470E-017   4.1119480950949990E-017  -2.7842990369946408E-016   6.0611523917515905E-018  -2.5880107291177453E-016   1.9591307381360651E-017  -1.3523728035862099E-017  0.17641395607817192        1.1842918860792475E-016  -2.4195990254382991E-016  -8.8223737234703892E-018  -2.6812441421697308E-018  -2.6236153314824315E-016  -6.7003608875619935E-018  -2.4965157349544261E-016   4.2488302011538016E-017   3.6082191831454532E-017  0.20836119715174808       -4.2246958672630323E-016   4.7130284484987777E-016
  -4.4533699230342454E-016   2.3565714020145663E-016   8.9172956767146728E-017   9.3707934702511181E-003  -2.4507340214421059E-015  -1.4896902377666319E-016  -1.4239376180614580E-016  -2.1308902787690604E-015  -2.6991843904668673E-016  -2.0519427015703758E-015   2.0165349721668627E-016  -3.0564933860175506E-016  -5.9829215835046277E-016  0.57571347898351677       -9.3231573591011722E-016   2.9457646362264212E-018   9.5108901586395577E-017  -1.0271170153024250E-015   3.3122286114014706E-017  -1.0184869893092275E-015   4.1460225665872014E-017  -1.5664665147881993E-016  -4.2246958672630323E-016  0.59518230435857700        2.0883464224123738E-002
  -8.6466269349233667E-016   1.5633067924750257E-016   2.1791718050673217E-015   3.0150488138391530E-003   2.8802557027140601E-015   2.6858731303391077E-017   5.6887206617848548E-017   4.6695483392553619E-016   6.5613737063166354E-016   2.3465044717914694E-016   1.0729740583213892E-015  -2.9753344731442057E-016  -2.3953427223656281E-015   1.3017318446577174E-002  -7.6074147224617586E-016   1.0233713645563984E-016   5.3504923272972273E-018   5.5223458946142362E-016  -1.9381059589555124E-016   6.5736508278447800E-016  -2.1295777391686142E-015   1.3071896306420670E-016   4.7130284484987777E-016   2.0883464224123738E-002   2.0030192914578020     
