   2.4085578404894159E-003  -3.1868956110394210E-009   1.7217145592735971E-012   4.1764131142724413E-009   3.0053394398759786E-002  -1.9706280748405077E-008   3.1739482280662650E-010  -3.6278121999315391E-010   1.7352188383425922E-009  -4.2787594669855387E-010   1.5642686454782577E-009  -7.4218628156579631E-010  -1.2014883916095305E-009   2.6680584689906010E-010   3.9042966261798373E-002  -2.4068329345740327E-008   6.2758212347523241E-010  -5.2532221935073536E-010  -4.8915009523397736E-010   1.2294086858787196E-009  -4.7469599128476674E-010   1.0832625808369647E-009  -5.6676094719505464E-010  -5.9411274610015131E-010  -1.0375842196847528E-009  -8.8544605596598696E-004  -5.9287579775635720E-011   2.5947524276588573E-011  -9.7305940633748995E-011  -2.0999465044193791E-011   1.9861839584819159E-010  -7.7854599014269079E-011   2.2557708758439399E-010  -1.3359084162626143E-010  -2.0457770923528938E-010
  -3.1868956110394210E-009   2.4085631970565671E-003   1.3897423843153101E-009  -6.2399133620479092E-009  -2.0729360641626285E-008   3.0053428188971474E-002   8.3721200721158018E-009  -3.2448026497648728E-010  -1.0781730410950582E-009  -1.9936971137825075E-009  -6.5402488533451177E-010   2.4302166320078961E-009   9.7850469907182656E-010  -7.4279415144733297E-009  -2.5354784829215856E-008   3.9043007981654346E-002   1.0361637721307737E-008  -8.1985988283945468E-009  -4.9135772314726788E-010  -1.1645622317145948E-009  -1.5439300519803691E-009  -3.4147191786273806E-010   1.4407943688012438E-009   8.3282950257422986E-010   6.7870594016786548E-010  -5.9619979825307893E-011  -8.8544590821683974E-004   2.4659490754445256E-011   5.5672436510048565E-011  -5.5086240237771421E-011  -2.0462254954397044E-010  -3.8012305285872339E-010  -1.9725966705130512E-010   3.8090679384333626E-010   2.5234592578577361E-010
   1.7217145592735971E-012   1.3897423843153101E-009   2.4085606651813186E-003   1.0329392668894577E-010  -3.2294670357051445E-010   9.1814754996322659E-009   3.0053412126461301E-002   3.9963977012894183E-010   8.6731429355342425E-010  -1.2005788324219517E-009   1.3229112272353740E-009   1.7272882862779955E-009  -1.7225510278853494E-009   1.1139380248222990E-009  -5.7437498351131833E-010   1.1266793558936178E-008   3.9042988349350077E-002   1.1510150205349974E-009   3.5260425384096599E-010   6.7188534211451701E-010  -1.2333446881708745E-009   1.0927598273893519E-009   1.2912197662030721E-009  -1.4453640007728678E-009  -7.5230385354241510E-011  -5.1441752270553573E-012   1.6168265685134483E-011  -8.8544595801075948E-004   3.7910056258018324E-012   7.1831068295493842E-011   1.7993554991669183E-010  -2.0857144738498562E-010   2.2713252851682760E-010   1.9982197444459415E-010  -2.9896359319118948E-010
   4.1764131142724413E-009  -6.2399133620479092E-009   1.0329392668894577E-010   3.8194232305754276E-004   5.1855774057877389E-008  -7.5082056826543937E-008   9.7002804728412618E-010  -5.8786050597457828E-011  -7.8076215795526513E-011  -6.5364286404527014E-012   5.5286446358798374E-011   4.8256491831630153E-011   3.5001452033699127E-012   1.4186899792260777E-002   6.6794991943665368E-008  -9.6512437963925831E-008   1.0978639812152054E-009   1.4757594978595147E-002   1.5172586923162855E-011   7.8823971045389872E-011  -2.7379891306098763E-011  -4.5031645779507355E-011  -2.2672237228645723E-011   2.9859330600393921E-011   8.1556192154768267E-003  -7.6383171172801779E-011  -8.2559997696768288E-011  -1.3575574324658609E-010   4.2382518560929515E-004   3.7198093633799212E-013   1.0812535545176651E-011  -7.6270932075902636E-012  -7.7971554929048867E-012  -2.4129770769047215E-012   7.4252310523955414E-012
   3.0053394398759786E-002  -2.0729360641626285E-008  -3.2294670357051445E-010   5.1855774057877389E-008  0.37511090949720960       -8.2079150005807726E-009  -3.3942131375329253E-010  -4.5263477139562611E-009   2.1655542958792160E-008  -5.3396531116407221E-009   1.9522828402049909E-008  -9.2632238746857721E-009  -1.4996492738830350E-008  -8.0057390779958445E-009  0.48726318679863762        8.4164886666975573E-009   2.2466702828481281E-009  -1.8205985415781107E-008  -6.1071488961622567E-009   1.5348005392313018E-008  -5.9259273293432681E-009   1.3519315135173552E-008  -7.0736960675484416E-009  -7.4121694923983259E-009  -1.0639957732223460E-008   3.9149203080530290E-003   2.5249134747700632E-009   1.7601259514432637E-010  -1.5402881103664078E-009  -2.8911799714035743E-010   2.4958119579661593E-009  -9.7693922591150847E-010   2.8256209534105714E-009  -1.6651511830854307E-009  -2.5365040400417589E-009
  -1.9706280748405077E-008   3.0053428188971474E-002   9.1814754996322659E-009  -7.5082056826543937E-008  -8.2079150005807726E-009  0.37511091849401290        2.5889238910990508E-009  -4.0488362649213269E-009  -1.3455561833609770E-008  -2.4883302283550029E-008  -8.1648217883727027E-009   3.0332111063405156E-008   1.2213652441240308E-008   2.1505864688403244E-008   8.9474164796449870E-009  0.48726317138969016       -3.0422377162195933E-009   1.5376987884322284E-008  -6.1335943130408459E-009  -1.4536087053031355E-008  -1.9266330026933224E-008  -4.2576849951509958E-009   1.7980836912869097E-008   1.0391277562337153E-008   8.8772791072642045E-009   2.5419439374009664E-009   3.9149163831986968E-003  -9.2540308335652491E-010   1.2293338047062692E-009  -6.9919713301499957E-010  -2.5722823690576987E-009  -4.7390874637441303E-009  -2.4353755977740005E-009   4.7418199045590432E-009   3.1345729548830361E-009
   3.1739482280662650E-010   8.3721200721158018E-009   3.0053412126461301E-002   9.7002804728412618E-010  -3.3942131375329253E-010   2.5889238910990508E-009  0.37511091196847862        4.9875215124830068E-009   1.0824934036745338E-008  -1.4983382324054552E-008   1.6510900148772499E-008   2.1556572146922290E-008  -2.1498422051948584E-008   6.9628856274112443E-010  -2.3729737746290015E-009  -4.8669805334062038E-009  0.48726317828655030        7.6769660181223433E-010   4.4007543231357457E-009   8.3813629410851550E-009  -1.5397433337052966E-008   1.3641840443788115E-008   1.6121294847057809E-008  -1.8042593742357209E-008   2.3793553500431485E-010  -1.6789960264824971E-010  -1.0370174603714021E-009   3.9149183586486428E-003  -2.2437248957353635E-011   8.9900739235023212E-010   2.2439137217845230E-009  -2.6206527496506581E-009   2.8345543783905046E-009   2.5107293048809007E-009  -3.7335617185981434E-009
  -3.6278121999315391E-010  -3.2448026497648728E-010   3.9963977012894183E-010  -5.8786050597457828E-011  -4.5263477139562611E-009  -4.0488362649213269E-009   4.9875215124830068E-009   1.7452969962781550E-016   4.0904553352816555E-017   1.3489819251731297E-016   6.2785471220538937E-017   6.2933532174509210E-017  -2.3731499642350798E-016  -2.3960728771163475E-009  -5.8804281169806560E-009  -5.2599014383032514E-009   6.4789726451372410E-009  -2.4697853442735430E-009   1.9587380498765733E-016   7.0066595370447017E-017   7.9394336485519060E-017   7.1727236021608622E-017   1.0934885598941194E-016  -2.6760101279126279E-016  -3.7136385344303972E-011   1.8012041833771571E-010   1.1252060199635578E-010  -2.4547612887985509E-011  -4.5009689309256660E-012   2.1937737536084910E-017   2.5193112706067746E-017   2.9526409312868793E-017   3.2066063562535418E-017   2.7028086161835293E-018  -5.4003817609105786E-017
   1.7352188383425922E-009  -1.0781730410950582E-009   8.6731429355342425E-010  -7.8076215795526513E-011   2.1655542958792160E-008  -1.3455561833609770E-008   1.0824934036745338E-008   4.0904553352816555E-017   2.0626643968183803E-015   1.5336447969079993E-016   1.8841534570818456E-015  -1.0114576940686277E-015  -1.9250585527940337E-015  -3.1776609167304089E-009   2.8131369113310394E-008  -1.7479293600885879E-008   1.4061615799432943E-008  -3.2758938485228725E-009  -8.8457788691310101E-018   1.6318579210163858E-015  -8.9133201716173798E-017   1.3369335354693192E-015  -5.8319587236761715E-016  -1.3280879098562396E-015  -7.7425217191488663E-011  -1.1479874678680166E-010   7.4632159287126906E-011   5.5284730814159826E-011  -5.6364356174783732E-012   3.4107421610437650E-017   2.9734725787801568E-016   4.0039560124552267E-017   3.3475873087632174E-016  -1.9328756186847331E-016  -3.6886625806607870E-016
  -4.2787594669855387E-010  -1.9936971137825075E-009  -1.2005788324219517E-009  -6.5364286404527014E-012  -5.3396531116407221E-009  -2.4883302283550029E-008  -1.4983382324054552E-008   1.3489819251731297E-016   1.5336447969079993E-016   2.3253173350035339E-015  -3.9685787577676327E-016  -2.7422295648828029E-015   2.6196023927909446E-016  -2.6461374745279707E-010  -6.9365304851606027E-009  -3.2323455887515630E-008  -1.9463906842863449E-008  -2.7294601815121791E-010   3.1772703827673910E-016   4.0950185807832212E-016   1.9779241175980906E-015  -4.5402259764839179E-016  -1.7355582344507202E-015   1.3629567589854093E-016  -1.5478760042457242E-011   6.2948849731938107E-011  -1.3079829766375301E-010   5.7992924619489131E-011  -8.5603606350086775E-013   1.4255880210332740E-017   4.5167142893441356E-017   4.3286354395093037E-016   8.6018023067317293E-018  -3.9092502088291835E-016  -2.2857686918078329E-017
   1.5642686454782577E-009  -6.5402488533451177E-010   1.3229112272353740E-009   5.5286446358798374E-011   1.9522828402049909E-008  -8.1648217883727027E-009   1.6510900148772499E-008   6.2785471220538937E-017   1.8841534570818456E-015  -3.9685787577676327E-016   1.9292994931392129E-015  -1.8587626909086466E-016  -1.9920854614596944E-015   2.2521468172783341E-009   2.5360554805700831E-008  -1.0605229116087050E-008   2.1447847864673162E-008   2.3215381497085996E-009   1.1751597591603780E-017   1.4964638531260317E-015  -5.7114583138127117E-016   1.3896269822479193E-015  -5.3491067966689347E-017  -1.4013786253469631E-015   4.1239162295355293E-011  -4.2839462190576795E-012  -3.0422942339196411E-010   4.0645020589000538E-011   4.0772407386021997E-012   4.0742069741132897E-017   2.8692643915965094E-016  -6.4179106193798877E-017   3.2266080932403116E-016  -7.9911657646502673E-017  -3.6340291201269416E-016
  -7.4218628156579631E-010   2.4302166320078961E-009   1.7272882862779955E-009   4.8256491831630153E-011  -9.2632238746857721E-009   3.0332111063405156E-008   2.1556572146922290E-008   6.2933532174509210E-017  -1.0114576940686277E-015  -2.7422295648828029E-015  -1.8587626909086466E-016   3.9269373380433279E-015   1.2294258119946316E-016   1.9640347596557663E-009  -1.2032936510097345E-008   3.9401183164501625E-008   2.8002794484113412E-008   2.0247626280095792E-009  -9.0203979947803837E-017  -1.0618815589377354E-015  -2.3001440530314110E-015   9.9578951521275583E-017   2.5519009281458985E-015  -9.3749384644928974E-018   4.8598108632256230E-011  -5.0983796636517441E-011   2.4314266784941303E-010  -1.1217090990099859E-010   4.0378560403593316E-012   2.5945848779168736E-018  -1.3856405644509572E-016  -5.1045538252017468E-016  -1.0533648876343675E-016   5.6804931126048550E-016   1.0274197412151102E-016
  -1.2014883916095305E-009   9.7850469907182656E-010  -1.7225510278853494E-009   3.5001452033699127E-012  -1.4996492738830350E-008   1.2213652441240308E-008  -2.1498422051948584E-008  -2.3731499642350798E-016  -1.9250585527940337E-015   2.6196023927909446E-016  -1.9920854614596944E-015   1.2294258119946316E-016   2.2294007805636263E-015   1.4393125292022617E-010  -1.9480142346042008E-008   1.5865123255298522E-008  -2.7926821012886718E-008   1.4825418656653908E-010  -2.0762510962146961E-016  -1.5665306911114111E-015   4.9175197971876585E-016  -1.4613546259061002E-015  -5.5857860041752189E-017   1.6689797528174690E-015  -4.0050465328508603E-012  -1.7583553847242162E-010   1.9171144491255657E-010  -1.6098713655533141E-011   4.1290532018514466E-013  -6.2679824000127070E-017  -3.1211963202908850E-016   3.4652806597261723E-017  -3.5472689652889715E-016   7.7208837370099077E-017   4.1740676998578576E-016
   2.6680584689906010E-010  -7.4279415144733297E-009   1.1139380248222990E-009   1.4186899792260777E-002  -8.0057390779958445E-009   2.1505864688403244E-008   6.9628856274112443E-010  -2.3960728771163475E-009  -3.1776609167304089E-009  -2.6461374745279707E-010   2.2521468172783341E-009   1.9640347596557663E-009   1.4393125292022617E-010  0.58297636070910219       -3.3290697399206088E-008   6.9351729678286085E-008  -5.5884868837701074E-009  0.60045095175749152        6.0768049851945514E-010   3.1928682650327295E-009  -1.1222135253898089E-009  -1.8252975738984876E-009  -9.1534306325184194E-010   1.2176275266052839E-009  -1.8179247732941068E-002  -1.2028957906804982E-009   3.3648471145061836E-009   1.0036976672708807E-010   1.4130103109186986E-004   1.3262086256814928E-010   5.8660318533209869E-010  -3.3348163547307303E-010  -4.3593121423699128E-010  -1.4687199290116648E-010   3.0331746864016496E-010
   3.9042966261798373E-002  -2.5354784829215856E-008  -5.7437498351131833E-010   6.6794991943665368E-008  0.48726318679863762        8.9474164796449870E-009  -2.3729737746290015E-009  -5.8804281169806560E-009   2.8131369113310394E-008  -6.9365304851606027E-009   2.5360554805700831E-008  -1.2032936510097345E-008  -1.9480142346042008E-008  -3.3290697399206088E-008  0.63297036089453895        3.6417238192727449E-008   4.0840608762487055E-010  -4.7262711936211979E-008  -7.9322611282683697E-009   1.9935376282453155E-008  -7.6972306372399624E-009   1.7562016210554620E-008  -9.1887598936429482E-009  -9.6297593074791820E-009  -1.5408170050322750E-008  -1.7137151118315412E-003   1.7058146633487185E-009   2.7327778365658524E-010  -1.9026261339315679E-009  -3.6328808529076246E-010   3.2344058147095776E-009  -1.2666687186188377E-009   3.6658551762938243E-009  -2.1640306030043119E-009  -3.3025684980385592E-009
  -2.4068329345740327E-008   3.9043007981654346E-002   1.1266793558936178E-008  -9.6512437963925831E-008   8.4164886666975573E-009  0.48726317138969016       -4.8669805334062038E-009  -5.2599014383032514E-009  -1.7479293600885879E-008  -3.2323455887515630E-008  -1.0605229116087050E-008   3.9401183164501625E-008   1.5865123255298522E-008   6.9351729678286085E-008   3.6417238192727449E-008  0.63297030566099366       -1.4646915089608242E-008   6.2680721524523509E-008  -7.9671141730592398E-009  -1.8881852431572934E-008  -2.5028560005924728E-008  -5.5326557012340535E-009   2.3357905739431410E-008   1.3499767614620815E-008   1.3111762697836205E-008   1.7256285477330339E-009  -1.7137174449477423E-003  -6.1129345893329329E-010   1.5743886054531685E-009  -9.0295837861019861E-010  -3.3330435753603499E-009  -6.1584560346743626E-009  -3.1756501707719725E-009   6.1652070719783079E-009   4.0786088435538707E-009
   6.2758212347523241E-010   1.0361637721307737E-008   3.9042988349350077E-002   1.0978639812152054E-009   2.2466702828481281E-009  -3.0422377162195933E-009  0.48726317828655030        6.4789726451372410E-009   1.4061615799432943E-008  -1.9463906842863449E-008   2.1447847864673162E-008   2.8002794484113412E-008  -2.7926821012886718E-008  -5.5884868837701074E-009   4.0840608762487055E-010  -1.4646915089608242E-008  0.63297033459865371       -5.7051081065843066E-009   5.7166327715607220E-009   1.0889422160164445E-008  -1.9999443484101162E-008   1.7719362368174634E-008   2.0939049058852053E-008  -2.3435993818079131E-008  -5.8740048889306119E-010  -1.8029035068036664E-010  -7.6265324787630151E-010  -1.7137160282010458E-003  -2.7258048602387191E-011   1.1666836994108492E-009   2.9156937157901299E-009  -3.3962934708917235E-009   3.6822212565906076E-009   3.2538303999776800E-009  -4.8489048914245015E-009
  -5.2532221935073536E-010  -8.1985988283945468E-009   1.1510150205349974E-009   1.4757594978595147E-002  -1.8205985415781107E-008   1.5376987884322284E-008   7.6769660181223433E-010  -2.4697853442735430E-009  -3.2758938485228725E-009  -2.7294601815121791E-010   2.3215381497085996E-009   2.0247626280095792E-009   1.4825418656653908E-010  0.60045095175749152       -4.7262711936211979E-008   6.2680721524523509E-008  -5.7051081065843066E-009  0.61902575784913216        6.2741821139893434E-010   3.2930105484548189E-009  -1.1561424789037483E-009  -1.8824492150799968E-009  -9.4433611582374702E-010   1.2550418372564416E-009   1.5351897218824921E-002  -2.1881769643939779E-009   3.2689987203822301E-009  -1.0171004564400259E-009   1.7868619866346952E-003   1.2527916192610297E-010   5.9045979045394477E-010  -3.4154560137398822E-010  -4.3785961734391260E-010  -1.4666770743287217E-010   3.1258732318874684E-010
  -4.8915009523397736E-010  -4.9135772314726788E-010   3.5260425384096599E-010   1.5172586923162855E-011  -6.1071488961622567E-009  -6.1335943130408459E-009   4.4007543231357457E-009   1.9587380498765733E-016  -8.8457788691310101E-018   3.1772703827673910E-016   1.1751597591603780E-017  -9.0203979947803837E-017  -2.0762510962146961E-016   6.0768049851945514E-010  -7.9322611282683697E-009  -7.9671141730592398E-009   5.7166327715607220E-009   6.2741821139893434E-010   2.5202459873725774E-016   8.9438950801187766E-017   2.2969772098076738E-016   7.6360296901616961E-018   9.3272864228249219E-018  -2.5966052369125162E-016   7.1430561354472793E-011  -3.0772446706999868E-010  -1.6060893398473874E-010   1.0051811994773397E-011  -3.4695115328539405E-012   2.7304856351900579E-017   2.8176212193368836E-017   6.2400051440569780E-017   2.6312031613489476E-017  -2.1106950828442821E-017  -5.3616867136038807E-017
   1.2294086858787196E-009  -1.1645622317145948E-009   6.7188534211451701E-010   7.8823971045389872E-011   1.5348005392313018E-008  -1.4536087053031355E-008   8.3813629410851550E-009   7.0066595370447017E-017   1.6318579210163858E-015   4.0950185807832212E-016   1.4964638531260317E-015  -1.0618815589377354E-015  -1.5665306911114111E-015   3.1928682650327295E-009   1.9935376282453155E-008  -1.8881852431572934E-008   1.0889422160164445E-008   3.2930105484548189E-009   8.9438950801187766E-017   1.3963594459582717E-015   1.5404439909480869E-016   1.0127649776551112E-015  -6.3121468114901516E-016  -1.1022039140328742E-015   1.6331005539321945E-010   5.8386034168055488E-010  -2.3836557887086355E-010  -5.4851265063223277E-010   1.3763996444143337E-012   3.5190167676551680E-017   2.5570541574670103E-016   8.3867454888415388E-017   2.7116762132706950E-016  -1.9712523636633362E-016  -3.0635780577342429E-016
  -4.7469599128476674E-010  -1.5439300519803691E-009  -1.2333446881708745E-009  -2.7379891306098763E-011  -5.9259273293432681E-009  -1.9266330026933224E-008  -1.5397433337052966E-008   7.9394336485519060E-017  -8.9133201716173798E-017   1.9779241175980906E-015  -5.7114583138127117E-016  -2.3001440530314110E-015   4.9175197971876585E-016  -1.1222135253898089E-009  -7.6972306372399624E-009  -2.5028560005924728E-008  -1.9999443484101162E-008  -1.1561424789037483E-009   2.2969772098076738E-016   1.5404439909480869E-016   1.7176304174740122E-015  -5.5124863870116545E-016  -1.4720024163325955E-015   3.2155099529776377E-016   1.7846142879081980E-011  -1.9617690452719869E-010   3.5781094303081078E-010  -6.2526510908585591E-010  -2.6667091490176689E-012   3.0593780706060409E-018  -1.3144173787275298E-018   3.6784155595319246E-016  -3.4152634004815136E-017  -3.2102375914831461E-016   3.1093245482857001E-017
   1.0832625808369647E-009  -3.4147191786273806E-010   1.0927598273893519E-009  -4.5031645779507355E-011   1.3519315135173552E-008  -4.2576849951509958E-009   1.3641840443788115E-008   7.1727236021608622E-017   1.3369335354693192E-015  -4.5402259764839179E-016   1.3896269822479193E-015   9.9578951521275583E-017  -1.4613546259061002E-015  -1.8252975738984876E-009   1.7562016210554620E-008  -5.5326557012340535E-009   1.7719362368174634E-008  -1.8824492150799968E-009   7.6360296901616961E-018   1.0127649776551112E-015  -5.5124863870116545E-016   1.0376675786519903E-015   1.3014819866027721E-016  -1.0453037017664782E-015  -8.7598653312439318E-011  -4.6529909802732280E-011   5.4072397825057558E-010   4.8758304371247384E-010   1.4055577001124827E-013   2.9783617338962769E-017   1.9800454526730358E-016  -7.5813712372381007E-017   2.3479258673207585E-016  -2.2217136356713219E-017  -2.6457626417459983E-016
  -5.6676094719505464E-010   1.4407943688012438E-009   1.2912197662030721E-009  -2.2672237228645723E-011  -7.0736960675484416E-009   1.7980836912869097E-008   1.6121294847057809E-008   1.0934885598941194E-016  -5.8319587236761715E-016  -1.7355582344507202E-015  -5.3491067966689347E-017   2.5519009281458985E-015  -5.5857860041752189E-017  -9.1534306325184194E-010  -9.1887598936429482E-009   2.3357905739431410E-008   2.0939049058852053E-008  -9.4433611582374702E-010   9.3272864228249219E-018  -6.3121468114901516E-016  -1.4720024163325955E-015   1.3014819866027721E-016   1.6898645198050606E-015  -1.3947547871733211E-016  -6.3656230341092215E-011  -3.2497885289981532E-011  -1.3068092406726317E-010   8.3248404287344720E-010   1.5547818009222651E-013   1.0677345310555776E-017  -7.4464054877338012E-017  -3.2175502888744810E-016  -4.8105278840143641E-017   3.6783178952147577E-016   3.7427957479998459E-017
  -5.9411274610015131E-010   8.3282950257422986E-010  -1.4453640007728678E-009   2.9859330600393921E-011  -7.4121694923983259E-009   1.0391277562337153E-008  -1.8042593742357209E-008  -2.6760101279126279E-016  -1.3280879098562396E-015   1.3629567589854093E-016  -1.4013786253469631E-015  -9.3749384644928974E-018   1.6689797528174690E-015   1.2176275266052839E-009  -9.6297593074791820E-009   1.3499767614620815E-008  -2.3435993818079131E-008   1.2550418372564416E-009  -2.5966052369125162E-016  -1.1022039140328742E-015   3.2155099529776377E-016  -1.0453037017664782E-015  -1.3947547871733211E-016   1.3049642141461484E-015   1.6172145775529864E-011   3.5425407645631247E-010  -3.8011746301115703E-010  -4.9763212844148672E-010   3.3230164114168539E-012  -5.7088461756024196E-017  -2.2618074997205635E-016   1.3413674648566497E-017  -2.6110463469551044E-016   4.3324089354758831E-017   3.1819313572581645E-016
  -1.0375842196847528E-009   6.7870594016786548E-010  -7.5230385354241510E-011   8.1556192154768267E-003  -1.0639957732223460E-008   8.8772791072642045E-009   2.3793553500431485E-010  -3.7136385344303972E-011  -7.7425217191488663E-011  -1.5478760042457242E-011   4.1239162295355293E-011   4.8598108632256230E-011  -4.0050465328508603E-012  -1.8179247732941068E-002  -1.5408170050322750E-008   1.3111762697836205E-008  -5.8740048889306119E-010   1.5351897218824921E-002   7.1430561354472793E-011   1.6331005539321945E-010   1.7846142879081980E-011  -8.7598653312439318E-011  -6.3656230341092215E-011   1.6172145775529864E-011   2.0196847445970514       -4.1411546278633215E-010   7.4838064989258192E-011  -4.0875761356579090E-010   7.4797726788878780E-004  -6.7467201327448458E-010  -8.3164238253854388E-010   1.2492507648590781E-010   6.7358249251301760E-010   2.7753674301932510E-010   1.0617799277621852E-012
  -8.8544605596598696E-004  -5.9619979825307893E-011  -5.1441752270553573E-012  -7.6383171172801779E-011   3.9149203080530290E-003   2.5419439374009664E-009  -1.6789960264824971E-010   1.8012041833771571E-010  -1.1479874678680166E-010   6.2948849731938107E-011  -4.2839462190576795E-012  -5.0983796636517441E-011  -1.7583553847242162E-010  -1.2028957906804982E-009  -1.7137151118315412E-003   1.7256285477330339E-009  -1.8029035068036664E-010  -2.1881769643939779E-009  -3.0772446706999868E-010   5.8386034168055488E-010  -1.9617690452719869E-010  -4.6529909802732280E-011  -3.2497885289981532E-011   3.5425407645631247E-010  -4.1411546278633215E-010   1.9990742730294360       -2.1617015473016167E-010   5.5006109190167377E-012  -3.5452095421582194E-011  -3.6110559592390773E-009   2.2648383456166848E-009  -7.0413466084263432E-010   1.3766530764679207E-009   2.8415526222321184E-010   2.2344026459599242E-009
  -5.9287579775635720E-011  -8.8544590821683974E-004   1.6168265685134483E-011  -8.2559997696768288E-011   2.5249134747700632E-009   3.9149163831986968E-003  -1.0370174603714021E-009   1.1252060199635578E-010   7.4632159287126906E-011  -1.3079829766375301E-010  -3.0422942339196411E-010   2.4314266784941303E-010   1.9171144491255657E-010   3.3648471145061836E-009   1.7058146633487185E-009  -1.7137174449477423E-003  -7.6265324787630151E-010   3.2689987203822301E-009  -1.6060893398473874E-010  -2.3836557887086355E-010   3.5781094303081078E-010   5.4072397825057558E-010  -1.3068092406726317E-010  -3.8011746301115703E-010   7.4838064989258192E-011  -2.1617015473016167E-010   1.9990742734090226        8.0584459377668492E-011  -6.4429161407346530E-012  -1.5619501349219204E-009  -2.4702610040132061E-009   6.7266242597278020E-010   3.5426369200135248E-009  -1.6140062996350797E-009  -1.9806876873328450E-009
   2.5947524276588573E-011   2.4659490754445256E-011  -8.8544595801075948E-004  -1.3575574324658609E-010   1.7601259514432637E-010  -9.2540308335652491E-010   3.9149183586486428E-003  -2.4547612887985509E-011   5.5284730814159826E-011   5.7992924619489131E-011   4.0645020589000538E-011  -1.1217090990099859E-010  -1.6098713655533141E-011   1.0036976672708807E-010   2.7327778365658524E-010  -6.1129345893329329E-010  -1.7137160282010458E-003  -1.0171004564400259E-009   1.0051811994773397E-011  -5.4851265063223277E-010  -6.2526510908585591E-010   4.8758304371247384E-010   8.3248404287344720E-010  -4.9763212844148672E-010  -4.0875761356579090E-010   5.5006109190167377E-012   8.0584459377668492E-011   1.9990742732518816       -4.7957634079468036E-011   3.3655442226240467E-010  -2.3678486520342247E-010  -2.3480479757355606E-009  -2.3223653891711102E-011   2.2511201010795530E-009  -3.1332984010436998E-010
  -9.7305940633748995E-011   5.5672436510048565E-011   3.7910056258018324E-012   4.2382518560929515E-004  -1.5402881103664078E-009   1.2293338047062692E-009  -2.2437248957353635E-011  -4.5009689309256660E-012  -5.6364356174783732E-012  -8.5603606350086775E-013   4.0772407386021997E-012   4.0378560403593316E-012   4.1290532018514466E-013   1.4130103109186986E-004  -1.9026261339315679E-009   1.5743886054531685E-009  -2.7258048602387191E-011   1.7868619866346952E-003  -3.4695115328539405E-012   1.3763996444143337E-012  -2.6667091490176689E-012   1.4055577001124827E-013   1.5547818009222651E-013   3.3230164114168539E-012   7.4797726788878780E-004  -3.5452095421582194E-011  -6.4429161407346530E-012  -4.7957634079468036E-011   2.0001336921831250       -9.0107412721003391E-013  -1.7274188904332847E-013  -1.0955369527802100E-012   3.0537294816890397E-013   2.8148603867557958E-013   5.9802408504015242E-013
  -2.0999465044193791E-011  -5.5086240237771421E-011   7.1831068295493842E-011   3.7198093633799212E-013  -2.8911799714035743E-010  -6.9919713301499957E-010   8.9900739235023212E-010   2.1937737536084910E-017   3.4107421610437650E-017   1.4255880210332740E-017   4.0742069741132897E-017   2.5945848779168736E-018  -6.2679824000127070E-017   1.3262086256814928E-010  -3.6328808529076246E-010  -9.0295837861019861E-010   1.1666836994108492E-009   1.2527916192610297E-010   2.7304856351900579E-017   3.5190167676551680E-017   3.0593780706060409E-018   2.9783617338962769E-017   1.0677345310555776E-017  -5.7088461756024196E-017  -6.7467201327448458E-010  -3.6110559592390773E-009  -1.5619501349219204E-009   3.3655442226240467E-010  -9.0107412721003391E-013   1.1708297941268149E-017   6.4693194747086037E-018   3.5029187306922362E-018   3.6216817730073276E-018  -5.4833532880305533E-019  -1.5329967152266465E-017
   1.9861839584819159E-010  -2.0462254954397044E-010   1.7993554991669183E-010   1.0812535545176651E-011   2.4958119579661593E-009  -2.5722823690576987E-009   2.2439137217845230E-009   2.5193112706067746E-017   2.9734725787801568E-016   4.5167142893441356E-017   2.8692643915965094E-016  -1.3856405644509572E-016  -3.1211963202908850E-016   5.8660318533209869E-010   3.2344058147095776E-009  -3.3330435753603499E-009   2.9156937157901299E-009   5.9045979045394477E-010   2.8176212193368836E-017   2.5570541574670103E-016  -1.3144173787275298E-018   1.9800454526730358E-016  -7.4464054877338012E-017  -2.2618074997205635E-016  -8.3164238253854388E-010   2.2648383456166848E-009  -2.4702610040132061E-009  -2.3678486520342247E-010  -1.7274188904332847E-013   6.4693194747086037E-018   5.4113845201410257E-017   8.5815019575326923E-018   4.8906866586777977E-017  -2.6752823781654036E-017  -5.5376175518292614E-017
  -7.7854599014269079E-011  -3.8012305285872339E-010  -2.0857144738498562E-010  -7.6270932075902636E-012  -9.7693922591150847E-010  -4.7390874637441303E-009  -2.6206527496506581E-009   2.9526409312868793E-017   4.0039560124552267E-017   4.3286354395093037E-016  -6.4179106193798877E-017  -5.1045538252017468E-016   3.4652806597261723E-017  -3.3348163547307303E-010  -1.2666687186188377E-009  -6.1584560346743626E-009  -3.3962934708917235E-009  -3.4154560137398822E-010   6.2400051440569780E-017   8.3867454888415388E-017   3.6784155595319246E-016  -7.5813712372381007E-017  -3.2175502888744810E-016   1.3413674648566497E-017   1.2492507648590781E-010  -7.0413466084263432E-010   6.7266242597278020E-010  -2.3480479757355606E-009  -1.0955369527802100E-012   3.5029187306922362E-018   8.5815019575326923E-018   8.4119066046818650E-017   4.7752717749704627E-018  -7.6300450982960595E-017  -8.2781978372932403E-018
   2.2557708758439399E-010  -1.9725966705130512E-010   2.2713252851682760E-010  -7.7971554929048867E-012   2.8256209534105714E-009  -2.4353755977740005E-009   2.8345543783905046E-009   3.2066063562535418E-017   3.3475873087632174E-016   8.6018023067317293E-018   3.2266080932403116E-016  -1.0533648876343675E-016  -3.5472689652889715E-016  -4.3593121423699128E-010   3.6658551762938243E-009  -3.1756501707719725E-009   3.6822212565906076E-009  -4.3785961734391260E-010   2.6312031613489476E-017   2.7116762132706950E-016  -3.4152634004815136E-017   2.3479258673207585E-016  -4.8105278840143641E-017  -2.6110463469551044E-016   6.7358249251301760E-010   1.3766530764679207E-009   3.5426369200135248E-009  -2.3223653891711102E-011   3.0537294816890397E-013   3.6216817730073276E-018   4.8906866586777977E-017   4.7752717749704627E-018   6.6335269937072292E-017  -2.6982203588087628E-017  -6.9956977042562410E-017
  -1.3359084162626143E-010   3.8090679384333626E-010   1.9982197444459415E-010  -2.4129770769047215E-012  -1.6651511830854307E-009   4.7418199045590432E-009   2.5107293048809007E-009   2.7028086161835293E-018  -1.9328756186847331E-016  -3.9092502088291835E-016  -7.9911657646502673E-017   5.6804931126048550E-016   7.7208837370099077E-017  -1.4687199290116648E-010  -2.1640306030043119E-009   6.1652070719783079E-009   3.2538303999776800E-009  -1.4666770743287217E-010  -2.1106950828442821E-017  -1.9712523636633362E-016  -3.2102375914831461E-016  -2.2217136356713219E-017   3.6783178952147577E-016   4.3324089354758831E-017   2.7753674301932510E-010   2.8415526222321184E-010  -1.6140062996350797E-009   2.2511201010795530E-009   2.8148603867557958E-013  -5.4833532880305533E-019  -2.6752823781654036E-017  -7.6300450982960595E-017  -2.6982203588087628E-017   8.8118687950497809E-017   2.7530543148000101E-017
  -2.0457770923528938E-010   2.5234592578577361E-010  -2.9896359319118948E-010   7.4252310523955414E-012  -2.5365040400417589E-009   3.1345729548830361E-009  -3.7335617185981434E-009  -5.4003817609105786E-017  -3.6886625806607870E-016  -2.2857686918078329E-017  -3.6340291201269416E-016   1.0274197412151102E-016   4.1740676998578576E-016   3.0331746864016496E-010  -3.3025684980385592E-009   4.0786088435538707E-009  -4.8489048914245015E-009   3.1258732318874684E-010  -5.3616867136038807E-017  -3.0635780577342429E-016   3.1093245482857001E-017  -2.6457626417459983E-016   3.7427957479998459E-017   3.1819313572581645E-016   1.0617799277621852E-012   2.2344026459599242E-009  -1.9806876873328450E-009  -3.1332984010436998E-010   5.9802408504015242E-013  -1.5329967152266465E-017  -5.5376175518292614E-017  -8.2781978372932403E-018  -6.9956977042562410E-017   2.7530543148000101E-017   8.5286956965771458E-017
