   4.7776199780019943E-002   9.1876450082009979E-017   5.9739415885351812E-017  -9.2218233979511483E-017   9.8872700209029179E-018   2.3232000729851684E-018   5.6436707367165263E-018   1.2437725262421381E-019   4.5175488393298691E-018   2.1957396314323112E-017   6.7744542996369367E-002   4.9435952148963822E-017   2.2547731299477214E-017  -8.4558100698491252E-016   3.2165392571874687E-017  -2.4521950038629329E-018  -1.0628186120657507E-017   7.4434259479701024E-018  -6.1081632813891739E-018   2.3095714364424768E-017  -1.1728702080459168E-015   3.9414777671143229E-002   2.5354265497568994E-017   3.1413510335375954E-017  -1.5049238990331976E-015   6.0689560615916332E-004   1.4830313364142294E-017  -2.7564578509285787E-017  -6.5655363657339414E-016   4.0597777141559979E-017  -1.5798625701594237E-004  -1.2675914986291019E-017   4.7957632243430896E-016   1.8045316204763462E-016  -1.6503944677141718E-016  -2.9612687111392703E-016  -5.5331928712187591E-016  -1.2418113112045799E-016   4.0644330103768913E-016
   9.1876450082009979E-017   4.7776199780020887E-002   9.4743389017625567E-017  -7.5608497490456863E-017   1.6793787507275153E-018  -5.4289099940260328E-018   3.0418591431169927E-018   1.7704801392381927E-018  -6.2995740309974884E-019  -6.2883245453280110E-018   4.4877240734335104E-017   6.7744542996369811E-002   5.2431322826200528E-017  -1.6225409006143333E-015  -3.0990062676017517E-017   6.7164138278394645E-018   1.1740873905556244E-018  -2.9504144762116262E-017  -1.4927577669146153E-019  -4.5396906078011200E-017  -2.3101823689134419E-015   2.1900080630004506E-017   3.9414777671143493E-002   3.5985658901164749E-017   1.8534475439580749E-016  -1.0716129707895499E-015   6.0689560615515849E-004  -1.1893843944253565E-015   6.7157705240855633E-016   6.6213682224916473E-018  -4.8114116073146433E-016  -1.5798625701622594E-004  -8.0822127343213105E-017   3.1433138712590702E-017   3.2726504278507539E-016   7.5306226957061304E-017   5.1206980290121475E-016   5.5294556751150533E-017  -5.7342635005684315E-016
   5.9739415885351812E-017   9.4743389017625567E-017   4.7776199780020921E-002   4.5099611977055802E-017   4.0774149366299252E-017   2.5355674633267986E-018   4.7963933961907970E-018   4.2155122763418949E-017  -1.2347155994216767E-017   3.3260259852186442E-017  -4.5630642906260571E-017   9.7534195806638996E-017   6.7744542996370088E-002   1.5742111003252410E-015   6.0361878406972134E-017   3.6785719995806461E-018  -1.8257281302012864E-018   7.9593951190098334E-017   5.8703856488230095E-018   5.2013419717891791E-017   2.2845114877186315E-015  -3.7854525072999993E-017   3.3129214248354663E-017   3.9414777671143875E-002  -6.1864257608223735E-016  -1.5429867245794202E-015  -8.1507201429283686E-016   6.0689560615563402E-004  -4.6612432064956136E-016   6.8748950716463526E-016  -3.4312094583180937E-016   3.7497997222467663E-016  -1.5798625701669844E-004  -6.4662140565761460E-017   2.2531473980059296E-016   1.2108161156483606E-016   1.0788178160630392E-015   2.3869109790169205E-016  -6.0357922606164682E-016
  -9.2218233979511483E-017  -7.5608497490456863E-017   4.5099611977055802E-017   2.2811204363307397E-004   1.3563009856257364E-017   1.3059033978254192E-017  -1.7297439453291768E-017  -1.5793404154556766E-016  -1.2540835895905488E-017  -1.9173881539114943E-016  -9.1028965365072253E-017  -5.8401067781566239E-018   1.4641877518666169E-017   8.8220263962243833E-003   1.5735123972035449E-016   3.7659404697937552E-018  -3.4568114680370658E-017  -3.4938468963068586E-016  -1.1991854843903315E-017  -3.8734063743902306E-016   1.1963011643774481E-002  -6.7005417263735607E-017  -6.2007161598880849E-017   2.7379648480261040E-017   9.1165566932913025E-003   1.5283688378702584E-015  -1.5392958586417111E-016  -2.5024926731593572E-015   1.6040424456516464E-003   1.4687090356679176E-004  -2.8559845028376903E-015   1.5486345406590488E-015   4.3563237828205792E-016   2.5350098125958811E-014   4.8279411468218584E-016  -1.9917434455528649E-015  -1.0585389269894235E-014  -6.4678681542491567E-016  -1.6518733975132939E-014
   9.8872700209029179E-018   1.6793787507275153E-018   4.0774149366299252E-017   1.3563009856257364E-017   2.6694173772984597E-005   4.3867802217075418E-018  -3.0884380492323646E-018  -1.3347086886479971E-005  -6.5974891681274073E-019  -1.3347086886509451E-005   1.6706428857073860E-017   8.0756828704058272E-018   5.8000552680815577E-017  -1.8142368007029511E-015   1.2707501177896283E-004   1.8895058017110386E-017   7.4085629198116022E-018  -6.3537505889475898E-005   9.0472226025305288E-018  -6.3537505889506621E-005  -2.1583395007140220E-015   9.7004299261589173E-018   6.0839934611880691E-018   3.2954334391459947E-017  -1.1060365025672119E-014  -7.3010393756499834E-016  -1.4763830086043911E-015   7.2268822566108027E-016   3.0131688068604936E-015   2.1950863942431151E-016   2.0313402047126534E-015  -3.6303103349918100E-016   1.2484022790788640E-016   7.2764408750534285E-003   1.0807204700255956E-015   2.8881351223956818E-016  -3.6382204375243229E-003   2.6996476599700366E-016  -3.6382204375291181E-003
   2.3232000729851684E-018  -5.4289099940260328E-018   2.5355674633267986E-018   1.3059033978254192E-017   4.3867802217075418E-018   2.6694173773001436E-005  -6.2703921754412481E-018  -3.9162926071960284E-018  -9.9407257294497594E-020   2.0345975928269140E-018   3.8524994168493933E-018  -1.2879804548668421E-017  -7.5127859847163566E-019   3.5331411037697248E-016   5.9542441589057761E-018   1.2707501177901132E-004  -2.0018462346775336E-017  -1.0269728442858736E-017  -9.4745267361854605E-020   1.4099381428906924E-017   5.0571403609628064E-016   2.8218286529829763E-018  -8.0338311326491304E-018  -1.5142723223990086E-019   7.1821534621224197E-016   1.3509454925554520E-016   6.5445985669017553E-016   5.0908361746000191E-016   3.9837961161742040E-016  -3.5894098087796279E-016   2.9520534343702848E-016   1.4616184367218407E-015   4.5384638411133422E-016   1.1894968381586059E-016   7.2764408750557695E-003  -1.0159533397934364E-015  -8.0570769206543186E-016   6.1365525325324442E-017   7.0331690679831702E-016
   5.6436707367165263E-018   3.0418591431169927E-018   4.7963933961907970E-018  -1.7297439453291768E-017  -3.0884380492323646E-018  -6.2703921754412481E-018   2.6694173773045252E-005   2.0407568313755170E-018   8.2228970038618496E-018   4.3017922734607033E-018   1.3009782820787947E-017   3.7449548335282094E-018   5.5766438889999754E-018  -3.3030426965160607E-016  -1.6354102691175736E-017  -1.5583301882000643E-017   1.2707501177910217E-004   1.5118896009540825E-017   1.1407293794416660E-017   7.7993122878334273E-018  -4.6302912117398971E-016   6.2647742911283116E-018   2.2936235454280266E-018   4.3573862501393963E-018  -7.3713753674561107E-016  -5.0478160653112271E-016  -5.7266686371359579E-017   2.7125662228584993E-017   5.2769093004178412E-016  -1.2976998872401600E-015  -4.0251973230472639E-016  -4.4799036837202365E-016   9.2937531349060201E-016  -1.1312475999858625E-015  -6.7956712204383659E-016   7.2764408750617343E-003   7.7352781190338673E-016   7.6742868499222269E-016   3.6490528768807446E-016
   1.2437725262421381E-019   1.7704801392381927E-018   4.2155122763418949E-017  -1.5793404154556766E-016  -1.3347086886479971E-005  -3.9162926071960284E-018   2.0407568313755170E-018   2.6694173772987304E-005   5.4493402474769736E-019  -1.3347086886514611E-005  -8.9472749967416732E-018  -9.3249883303639359E-018   5.1361964060763817E-017  -3.2920177830891125E-015  -6.3537505889485778E-005  -3.4470477279812723E-020  -2.7352484712870493E-018   1.2707501177895746E-004  -1.1172898054080214E-017  -6.3537505889475844E-005  -4.8883774956307649E-015  -5.3384818944260225E-018  -5.3670348616060614E-018   2.8854161675450749E-017  -1.1321161081332853E-014   2.8816301545000241E-015   1.8594175720004004E-015   2.4600697500548350E-016   2.2705351577114081E-015   5.4887070446471237E-016   6.3717143186455755E-016   9.5398417369255102E-016  -8.7117491401956247E-016  -3.6382204375257445E-003  -2.5893503383010299E-016  -2.1716580102796534E-016   7.2764408750538136E-003  -4.1390661517967157E-016  -3.6382204375280751E-003
   4.5175488393298691E-018  -6.2995740309974884E-019  -1.2347155994216767E-017  -1.2540835895905488E-017  -6.5974891681274073E-019  -9.9407257294497594E-020   8.2228970038618496E-018   5.4493402474769736E-019   2.6694173773026702E-005   1.1401547371071724E-019   5.2190670311749195E-018  -1.4666228872867131E-018  -2.1072652829371941E-017  -2.4911823687238706E-016  -8.8728834316833402E-018  -3.9020632394993346E-018   2.1552746725440750E-017   4.4023967971406354E-018   1.2707501177905309E-004   2.8870452126765870E-018  -3.6265900466365381E-016   2.6356473773009738E-018  -9.5718010253464896E-019  -1.0922990526885500E-017  -9.4197788827616001E-016   6.8526951935460585E-016  -8.5071005456913850E-018   1.1505614986992326E-016  -7.1231111607786841E-016   9.3368851000471363E-017   3.5695258702664129E-016  -7.0761319616867997E-016   8.4761917880469311E-016  -4.6040213797188817E-016  -8.2232393739170771E-017   1.4768666356792192E-015   5.6460699980549142E-016   7.2764408750592121E-003  -1.0804312215088768E-016
   2.1957396314323112E-017  -6.2883245453280110E-018   3.3260259852186442E-017  -1.9173881539114943E-016  -1.3347086886509451E-005   2.0345975928269140E-018   4.3017922734607033E-018  -1.3347086886514611E-005   1.1401547371071724E-019   2.6694173773036165E-005   1.2802493882135595E-017  -7.5975695302382362E-018   5.0656655646380483E-017  -3.7884264232553865E-015  -6.3537505889500021E-005  -6.9353639106413164E-018   1.0817559926189987E-017  -6.3537505889516230E-005   2.1218661297333607E-018   1.2707501177904008E-004  -5.4718615574138342E-015   9.9116617199901373E-018  -5.3865723812355754E-018   3.1761366122566717E-017  -1.1780213860975669E-014   3.3059368999153091E-015   6.5020083284342650E-016   4.7286797597004923E-017   1.8250520445730803E-015  -5.0667312595476016E-016   1.1804953872184143E-015  -5.3970021666208766E-016   8.0664792978752483E-016  -3.6382204375289989E-003  -1.3893573060879837E-016   8.1537519672978888E-016  -3.6382204375314748E-003   1.4372372992694077E-016   7.2764408750604923E-003
   6.7744542996369367E-002   4.4877240734335104E-017  -4.5630642906260571E-017  -9.1028965365072253E-017   1.6706428857073860E-017   3.8524994168493933E-018   1.3009782820787947E-017  -8.9472749967416732E-018   5.2190670311749195E-018   1.2802493882135595E-017   9.6102594460434815E-002  -6.6566067908527960E-017  -1.7807817086352744E-016   3.5330742020932122E-016   7.8734541022178396E-019   7.6818463566456915E-019  -1.4589779830881769E-018   3.6784682883614625E-017   2.9810275070614401E-018   1.9395195126491126E-017   3.5329243418871989E-016   5.5909536987060748E-002  -3.2405686487706556E-017  -6.6100067682788259E-017   1.1717111012727908E-015  -8.4939407792426307E-003   2.3710437006293192E-016   5.3778026529969091E-016   6.5045279044947553E-016  -3.2432198784406652E-017   1.6609084489024189E-004  -1.6782680213039014E-016  -1.0021938013143627E-015  -4.5628838028104537E-017   7.4366318333566009E-017   3.2282719355725488E-016   3.6490414941193981E-016   3.5457655793169739E-016  -2.7317316812316203E-016
   4.9435952148963822E-017   6.7744542996369811E-002   9.7534195806638996E-017  -5.8401067781566239E-018   8.0756828704058272E-018  -1.2879804548668421E-017   3.7449548335282094E-018  -9.3249883303639359E-018  -1.4666228872867131E-018  -7.5975695302382362E-018  -6.6566067908527960E-017   9.6102594460434079E-002  -1.1195093453028235E-018   2.1787092168047240E-015  -7.3053429874367070E-017  -9.0535019595282965E-019  -1.1441650534350301E-019  -4.6419660197750380E-017   1.8001634796845983E-018  -4.4361991809327065E-017   2.7091713309071478E-015  -4.1375979045332473E-017   5.5909536987060339E-002   9.0650421374777453E-018   1.8803571782682773E-015   1.6216607088646440E-015  -8.4939407792402541E-003   1.2182437411112312E-015  -4.0000781991153104E-017   3.6767858983940527E-016   1.3015532172569425E-016   1.6609084489004682E-004   7.3918078602552260E-017  -2.6891774045435080E-016  -1.9569733037153455E-016  -9.9522956514225409E-017  -1.8943778468539353E-016  -5.1782784574029444E-017   3.9858201267797978E-016
   2.2547731299477214E-017   5.2431322826200528E-017   6.7744542996370088E-002   1.4641877518666169E-017   5.8000552680815577E-017  -7.5127859847163566E-019   5.5766438889999754E-018   5.1361964060763817E-017  -2.1072652829371941E-017   5.0656655646380483E-017  -1.7807817086352744E-016  -1.1195093453028235E-018   9.6102594460434884E-002  -7.6500856020388351E-016   1.0407991878959332E-016  -1.3897338420951407E-018  -1.2999866846632452E-017   7.7500947294366880E-017  -7.4839018650736819E-018   8.1981239544501755E-017  -7.3212191862472238E-016  -1.1307424425779879E-016  -2.8411190666992783E-017   5.5909536987061088E-002  -4.0825737874022550E-016   2.6167395192274228E-015   8.6723000377246074E-016  -8.4939407792449882E-003  -8.2080298482502010E-016  -5.1174461807954679E-016   4.8303710384216566E-016  -7.7959590321174042E-016   1.6609084489031369E-004   8.6393765317575651E-016  -2.4056746794663914E-016  -1.7640911322816681E-016  -4.1031599423976771E-016  -5.3031927628193244E-016   1.0680841983527430E-016
  -8.4558100698491252E-016  -1.6225409006143333E-015   1.5742111003252410E-015   8.8220263962243833E-003  -1.8142368007029511E-015   3.5331411037697248E-016  -3.3030426965160607E-016  -3.2920177830891125E-015  -2.4911823687238706E-016  -3.7884264232553865E-015   3.5330742020932122E-016   2.1787092168047240E-015  -7.6500856020388351E-016  0.41926936744004006       -4.7101923104491432E-015  -2.0297612641245550E-016   3.1718320010352152E-018   2.4727255526088788E-015  -5.1996441420829738E-018   4.8952993530672890E-015  0.55981591238319306       -2.1967604198234062E-016  -1.2735016420140703E-015   3.9593306140371275E-016  -8.3927747586975341E-005  -1.5337894983197147E-014  -4.3521504282942006E-015   1.6072512284153214E-015   1.6781835707480833E-003   5.0500215606317416E-004  -1.8892969979111451E-015  -2.6751199705621048E-015  -1.3287368572203273E-015  -6.2536250115161169E-014  -3.6200820005292269E-015   8.2863264074920964E-016   3.5779398930165742E-014   1.4689144836781318E-015   2.3417100508443410E-014
   3.2165392571874687E-017  -3.0990062676017517E-017   6.0361878406972134E-017   1.5735123972035449E-016   1.2707501177896283E-004   5.9542441589057761E-018  -1.6354102691175736E-017  -6.3537505889485778E-005  -8.8728834316833402E-018  -6.3537505889500021E-005   7.8734541022178396E-019  -7.3053429874367070E-017   1.0407991878959332E-016  -4.7101923104491432E-015   6.0492820478174616E-004   1.8881957544161075E-017   2.7404053633795399E-017  -3.0246410239114684E-004   1.5780805315318801E-017  -3.0246410239069289E-004  -4.9882615359242389E-015   6.4565082634027242E-018  -3.0388147882814513E-017   5.5033952185934137E-017  -5.0288836238678368E-014   8.4659074079178861E-015   5.0684427162290132E-015  -3.2425238838396150E-016   1.3732995670118117E-014   5.6107792262225709E-016   6.1018256053426593E-016   8.2675367174526125E-017   6.6584902936404217E-016   3.4638787391206759E-002   1.0753496193955143E-015   9.2458580159724559E-016  -1.7319393695609180E-002  -2.7737592047367723E-016  -1.7319393695597637E-002
  -2.4521950038629329E-018   6.7164138278394645E-018   3.6785719995806461E-018   3.7659404697937552E-018   1.8895058017110386E-017   1.2707501177901132E-004  -1.5583301882000643E-017  -3.4470477279812723E-020  -3.9020632394993346E-018  -6.9353639106413164E-018   7.6818463566456915E-019  -9.0535019595282965E-019  -1.3897338420951407E-018  -2.0297612641245550E-016   1.8881957544161075E-017   6.0492820478182617E-004  -2.7382642890820618E-017   3.9696619280824813E-017  -1.6773694192803391E-017  -1.2003293969373523E-017  -1.9059852176384694E-016   3.1182123136158537E-018  -4.2401921549018575E-018  -7.3727641441665453E-019  -3.2452825453547964E-016   2.3404503991619273E-016  -2.1607472849401628E-016  -7.0651350585452606E-016  -5.6569308888647261E-016  -2.7160369320932483E-017  -2.5917128022540709E-016   7.0718425829990405E-017  -6.6394922368559514E-016   2.4407783770727801E-017   3.4638787391209271E-002  -9.4756474666507148E-016   1.2369542677785568E-015  -6.4252721829335339E-016  -1.1825327979641518E-015
  -1.0628186120657507E-017   1.1740873905556244E-018  -1.8257281302012864E-018  -3.4568114680370658E-017   7.4085629198116022E-018  -2.0018462346775336E-017   1.2707501177910217E-004  -2.7352484712870493E-018   2.1552746725440750E-017   1.0817559926189987E-017  -1.4589779830881769E-018  -1.1441650534350301E-019  -1.2999866846632452E-017   3.1718320010352152E-018   2.7404053633795399E-017  -2.7382642890820618E-017   6.0492820478169835E-004   1.2704680263091593E-017  -2.9439536671774566E-017  -8.8609638624599210E-018  -3.7949247451313852E-017  -6.1089821495950368E-018   3.0621048517350771E-019  -1.5568229332293639E-018   4.1149370834736079E-016  -1.4639927407113207E-016  -3.8559617869274969E-016   8.4338628251799142E-016  -2.1110337276539727E-015   1.2109337788357731E-015  -2.2655522580106394E-016  -8.9748766832768718E-017  -1.9373149545598860E-015   6.4187944984694007E-016  -5.5519113340962017E-016   3.4638787391205579E-002   2.8859656592595218E-016  -1.1419295854232531E-015  -8.9626938429141770E-016
   7.4434259479701024E-018  -2.9504144762116262E-017   7.9593951190098334E-017  -3.4938468963068586E-016  -6.3537505889475898E-005  -1.0269728442858736E-017   1.5118896009540825E-017   1.2707501177895746E-004   4.4023967971406354E-018  -6.3537505889516230E-005   3.6784682883614625E-017  -4.6419660197750380E-017   7.7500947294366880E-017   2.4727255526088788E-015  -3.0246410239114684E-004   3.9696619280824813E-017   1.2704680263091593E-017   6.0492820478163373E-004  -4.4579298725855129E-017  -3.0246410239050662E-004   1.0452576380828483E-015   1.3905782029850101E-017  -3.1662597227877507E-017   3.9502155700386797E-017  -4.9789540374218671E-014  -1.2475086209112198E-015  -2.4423122635000919E-015   4.0270560387455842E-016   1.3697699674675708E-014   9.7712472621383302E-016   1.3808357838484910E-015  -8.7188305433992894E-016   1.4900392791245906E-015  -1.7319393695613253E-002   1.0498297607743825E-015   4.3927493927566499E-016   3.4638787391203622E-002  -1.4774488649513387E-015  -1.7319393695590393E-002
  -6.1081632813891739E-018  -1.4927577669146153E-019   5.8703856488230095E-018  -1.1991854843903315E-017   9.0472226025305288E-018  -9.4745267361854605E-020   1.1407293794416660E-017  -1.1172898054080214E-017   1.2707501177905309E-004   2.1218661297333607E-018   2.9810275070614401E-018   1.8001634796845983E-018  -7.4839018650736819E-018  -5.1996441420829738E-018   1.5780805315318801E-017  -1.6773694192803391E-017  -2.9439536671774566E-017  -4.4579298725855129E-017   6.0492820478165118E-004   2.1260689517073271E-017  -5.0685015230775706E-017  -1.8331259459075931E-018  -4.1905888442074838E-020   2.0724584475627202E-018  -2.3597696182500953E-017  -4.9930966422313410E-016  -9.2543702135633456E-016   1.1585259717924378E-016   1.1568926821777455E-016  -3.0216148151487385E-016   1.7233132594020911E-016  -2.7776707691229257E-016  -3.7897828293439933E-016   1.1305426568155182E-015  -2.8829105172979014E-016  -5.3022060212456340E-016  -1.0649265084026335E-015   3.4638787391204261E-002  -8.3887152010969768E-017
   2.3095714364424768E-017  -4.5396906078011200E-017   5.2013419717891791E-017  -3.8734063743902306E-016  -6.3537505889506621E-005   1.4099381428906924E-017   7.7993122878334273E-018  -6.3537505889475844E-005   2.8870452126765870E-018   1.2707501177904008E-004   1.9395195126491126E-017  -4.4361991809327065E-017   8.1981239544501755E-017   4.8952993530672890E-015  -3.0246410239069289E-004  -1.2003293969373523E-017  -8.8609638624599210E-018  -3.0246410239050662E-004   2.1260689517073271E-017   6.0492820478131291E-004   4.7541337183566449E-015   1.5878738235568517E-017  -3.1916241942449119E-017   5.9663430034561503E-017  -4.7574607508253624E-014  -3.0172255293954722E-016   3.0617938674109529E-016   1.7765684186523951E-015   1.4184888357905148E-014   9.6795985424878066E-016   4.3334262861596129E-017   9.5854276850303909E-016  -2.0452195531092241E-015  -1.7319393695598869E-002   5.4176830817359959E-016   4.2541785083549931E-016  -1.7319393695595570E-002   1.3232015182783700E-015   3.4638787391194525E-002
  -1.1728702080459168E-015  -2.3101823689134419E-015   2.2845114877186315E-015   1.1963011643774481E-002  -2.1583395007140220E-015   5.0571403609628064E-016  -4.6302912117398971E-016  -4.8883774956307649E-015  -3.6265900466365381E-016  -5.4718615574138342E-015   3.5329243418871989E-016   2.7091713309071478E-015  -7.3212191862472238E-016  0.55981591238319306       -4.9882615359242389E-015  -1.9059852176384694E-016  -3.7949247451313852E-017   1.0452576380828483E-015  -5.0685015230775706E-017   4.7541337183566449E-015  0.74827038271764335       -3.7626365828017422E-016  -1.8360782942482865E-015   7.0501639472904859E-016   3.9265059093405608E-002   6.7509327954270756E-015  -4.7316770326753314E-016  -2.5557757769114800E-015   9.2953669107167861E-003   1.2761830103230861E-003   1.7530284142227765E-016   1.1031467837372001E-015   1.5777807196688583E-015   4.2622832295813493E-014   2.0221678333829583E-016  -1.4047856788244867E-015  -3.1237032460520518E-014  -5.3251221924623063E-016  -2.3102626830547860E-014
   3.9414777671143229E-002   2.1900080630004506E-017  -3.7854525072999993E-017  -6.7005417263735607E-017   9.7004299261589173E-018   2.8218286529829763E-018   6.2647742911283116E-018  -5.3384818944260225E-018   2.6356473773009738E-018   9.9116617199901373E-018   5.5909536987060748E-002  -4.1375979045332473E-017  -1.1307424425779879E-016  -2.1967604198234062E-016   6.4565082634027242E-018   3.1182123136158537E-018  -6.1089821495950368E-018   1.3905782029850101E-017  -1.8331259459075931E-018   1.5878738235568517E-017  -3.7626365828017422E-016   3.2526890653739496E-002  -2.1666753445128740E-017  -4.5548245343031416E-017  -5.5490997592996750E-016  -4.0113685742973765E-003  -2.5650473043868655E-016  -5.7430688473065728E-016  -2.8269674227590748E-016  -8.6764942133854908E-017  -2.1849068970931417E-005   2.4018710201290782E-016   6.8493661058317702E-016   9.2937954352021306E-017   1.8914401849954985E-016  -1.1023795230525474E-016  -1.7874733285238573E-016   1.5931248405064598E-017   1.1263308369390746E-016
   2.5354265497568994E-017   3.9414777671143493E-002   3.3129214248354663E-017  -6.2007161598880849E-017   6.0839934611880691E-018  -8.0338311326491304E-018   2.2936235454280266E-018  -5.3670348616060614E-018  -9.5718010253464896E-019  -5.3865723812355754E-018  -3.2405686487706556E-017   5.5909536987060339E-002  -2.8411190666992783E-017  -1.2735016420140703E-015  -3.0388147882814513E-017  -4.2401921549018575E-018   3.0621048517350771E-019  -3.1662597227877507E-017  -4.1905888442074838E-020  -3.1916241942449119E-017  -1.8360782942482865E-015  -2.1666753445128740E-017   3.2526890653739267E-002  -1.1376177765057798E-017  -1.0380641982104323E-016  -1.4498897486006574E-015  -4.0113685742948161E-003  -2.9998163941379391E-016   5.3409516375305992E-016  -4.2982516094721690E-016  -6.6842013198575104E-016  -2.1849068970798054E-005   8.4333716498306422E-018   4.0283529488799759E-016  -3.2008722156614118E-016  -2.6371422319048155E-017  -3.1381121219667095E-016  -6.8760155535546160E-017  -1.2208453381084166E-016
   3.1413510335375954E-017   3.5985658901164749E-017   3.9414777671143875E-002   2.7379648480261040E-017   3.2954334391459947E-017  -1.5142723223990086E-019   4.3573862501393963E-018   2.8854161675450749E-017  -1.0922990526885500E-017   3.1761366122566717E-017  -6.6100067682788259E-017   9.0650421374777453E-018   5.5909536987061088E-002   3.9593306140371275E-016   5.5033952185934137E-017  -7.3727641441665453E-019  -1.5568229332293639E-018   3.9502155700386797E-017   2.0724584475627202E-018   5.9663430034561503E-017   7.0501639472904859E-016  -4.5548245343031416E-017  -1.1376177765057798E-017   3.2526890653739871E-002   7.6430726017400574E-017  -8.9272975713047966E-016   3.4593656497226452E-016  -4.0113685742934431E-003   6.9988163844726876E-016   5.8453517304265084E-017  -1.7394610922752939E-016  -1.1569141945737549E-015  -2.1849068970483432E-005   1.9827473272051739E-016  -1.1931374082725620E-016   2.1219828943975854E-016  -5.6379818363375103E-016   5.4946966439122125E-017   6.9374252984617651E-016
  -1.5049238990331976E-015   1.8534475439580749E-016  -6.1864257608223735E-016   9.1165566932913025E-003  -1.1060365025672119E-014   7.1821534621224197E-016  -7.3713753674561107E-016  -1.1321161081332853E-014  -9.4197788827616001E-016  -1.1780213860975669E-014   1.1717111012727908E-015   1.8803571782682773E-015  -4.0825737874022550E-016  -8.3927747586975341E-005  -5.0288836238678368E-014  -3.2452825453547964E-016   4.1149370834736079E-016  -4.9789540374218671E-014  -2.3597696182500953E-017  -4.7574607508253624E-014   3.9265059093405608E-002  -5.5490997592996750E-016  -1.0380641982104323E-016   7.6430726017400574E-017   2.0153657883412435        4.5411360413974018E-015  -1.8145308350851033E-015  -4.3415220364635311E-015   1.4362931907846248E-003   1.6995567362023591E-004  -1.8916910159267601E-016   6.3391674556033377E-016   1.0835898361763760E-015  -1.0157865428043819E-013  -2.2234490359825618E-015  -1.9294883393491756E-015  -1.4551628773683086E-013   1.0197274949557226E-016  -1.4195328994739640E-013
   6.0689560615916332E-004  -1.0716129707895499E-015  -1.5429867245794202E-015   1.5283688378702584E-015  -7.3010393756499834E-016   1.3509454925554520E-016  -5.0478160653112271E-016   2.8816301545000241E-015   6.8526951935460585E-016   3.3059368999153091E-015  -8.4939407792426307E-003   1.6216607088646440E-015   2.6167395192274228E-015  -1.5337894983197147E-014   8.4659074079178861E-015   2.3404503991619273E-016  -1.4639927407113207E-016  -1.2475086209112198E-015  -4.9930966422313410E-016  -3.0172255293954722E-016   6.7509327954270756E-015  -4.0113685742973765E-003  -1.4498897486006574E-015  -8.9272975713047966E-016   4.5411360413974018E-015   2.0003445536448461       -4.4877665030092044E-016  -3.7072923697628944E-015   9.9884461850352912E-016   4.7616299550800530E-016  -1.7570613749709302E-005   1.9926914691677643E-017  -1.1269073010073330E-016  -9.8803906052199947E-016   5.4032161455036455E-017  -6.4953312921512215E-019   6.6541482538826878E-016   8.4155762122105928E-017   8.0196493062790096E-016
   1.4830313364142294E-017   6.0689560615515849E-004  -8.1507201429283686E-016  -1.5392958586417111E-016  -1.4763830086043911E-015   6.5445985669017553E-016  -5.7266686371359579E-017   1.8594175720004004E-015  -8.5071005456913850E-018   6.5020083284342650E-016   2.3710437006293192E-016  -8.4939407792402541E-003   8.6723000377246074E-016  -4.3521504282942006E-015   5.0684427162290132E-015  -2.1607472849401628E-016  -3.8559617869274969E-016  -2.4423122635000919E-015  -9.2543702135633456E-016   3.0617938674109529E-016  -4.7316770326753314E-016  -2.5650473043868655E-016  -4.0113685742948161E-003   3.4593656497226452E-016  -1.8145308350851033E-015  -4.4877665030092044E-016   2.0003445536448434        9.9322853196881212E-017  -8.9146573960509983E-016  -1.2597128611980287E-016  -1.3563614495809083E-016  -1.7570613750022240E-005   3.3084858759154548E-016   6.3859094418082782E-016   8.1519484460896880E-016   4.6030532785001633E-016   1.9241307160416015E-015   1.8296449635818732E-016   1.1545326796237366E-015
  -2.7564578509285787E-017  -1.1893843944253565E-015   6.0689560615563402E-004  -2.5024926731593572E-015   7.2268822566108027E-016   5.0908361746000191E-016   2.7125662228584993E-017   2.4600697500548350E-016   1.1505614986992326E-016   4.7286797597004923E-017   5.3778026529969091E-016   1.2182437411112312E-015  -8.4939407792449882E-003   1.6072512284153214E-015  -3.2425238838396150E-016  -7.0651350585452606E-016   8.4338628251799142E-016   4.0270560387455842E-016   1.1585259717924378E-016   1.7765684186523951E-015  -2.5557757769114800E-015  -5.7430688473065728E-016  -2.9998163941379391E-016  -4.0113685742934431E-003  -4.3415220364635311E-015  -3.7072923697628944E-015   9.9322853196881212E-017   2.0003445536448350       -1.3834112776277060E-015   1.0944561684671411E-017  -2.8177994675630579E-016  -3.6978364276553300E-016  -1.7570613750072089E-005   1.8415638507594403E-015   5.5981559817733186E-018  -9.9995607285216200E-017   1.3543619161753243E-015  -2.2589816448091174E-016   1.4715096918556777E-015
  -6.5655363657339414E-016   6.7157705240855633E-016  -4.6612432064956136E-016   1.6040424456516464E-003   3.0131688068604936E-015   3.9837961161742040E-016   5.2769093004178412E-016   2.2705351577114081E-015  -7.1231111607786841E-016   1.8250520445730803E-015   6.5045279044947553E-016  -4.0000781991153104E-017  -8.2080298482502010E-016   1.6781835707480833E-003   1.3732995670118117E-014  -5.6569308888647261E-016  -2.1110337276539727E-015   1.3697699674675708E-014   1.1568926821777455E-016   1.4184888357905148E-014   9.2953669107167861E-003  -2.8269674227590748E-016   5.3409516375305992E-016   6.9988163844726876E-016   1.4362931907846248E-003   9.9884461850352912E-016  -8.9146573960509983E-016  -1.3834112776277060E-015   2.0006568621410477        4.4671910292253705E-005  -2.8316947158763574E-016   3.2075642006621064E-016  -7.4756245616950632E-016   3.8468096347234307E-014  -7.9518048771883765E-016  -3.7070810750049793E-016   3.0622207240197695E-014   1.7622912499953252E-016   2.8129162034298279E-014
   4.0597777141559979E-017   6.6213682224916473E-018   6.8748950716463526E-016   1.4687090356679176E-004   2.1950863942431151E-016  -3.5894098087796279E-016  -1.2976998872401600E-015   5.4887070446471237E-016   9.3368851000471363E-017  -5.0667312595476016E-016  -3.2432198784406652E-017   3.6767858983940527E-016  -5.1174461807954679E-016   5.0500215606317416E-004   5.6107792262225709E-016  -2.7160369320932483E-017   1.2109337788357731E-015   9.7712472621383302E-016  -3.0216148151487385E-016   9.6795985424878066E-016   1.2761830103230861E-003  -8.6764942133854908E-017  -4.2982516094721690E-016   5.8453517304265084E-017   1.6995567362023591E-004   4.7616299550800530E-016  -1.2597128611980287E-016   1.0944561684671411E-017   4.4671910292253705E-005   2.0000087882044060        1.2158037437334810E-017   1.2520963486328900E-017   1.5630093460675078E-017   2.3763238644263739E-015   1.6293673779613564E-017  -5.1526700921727114E-016   1.1524034727693180E-015  -1.0508745112197660E-017   1.1498866506910592E-015
  -1.5798625701594237E-004  -4.8114116073146433E-016  -3.4312094583180937E-016  -2.8559845028376903E-015   2.0313402047126534E-015   2.9520534343702848E-016  -4.0251973230472639E-016   6.3717143186455755E-016   3.5695258702664129E-016   1.1804953872184143E-015   1.6609084489024189E-004   1.3015532172569425E-016   4.8303710384216566E-016  -1.8892969979111451E-015   6.1018256053426593E-016  -2.5917128022540709E-016  -2.2655522580106394E-016   1.3808357838484910E-015   1.7233132594020911E-016   4.3334262861596129E-017   1.7530284142227765E-016  -2.1849068970931417E-005  -6.6842013198575104E-016  -1.7394610922752939E-016  -1.8916910159267601E-016  -1.7570613749709302E-005  -1.3563614495809083E-016  -2.8177994675630579E-016  -2.8316947158763574E-016   1.2158037437334810E-017   1.9999983021269632       -2.5191928171436888E-018  -8.2414626431795347E-017   1.7418856928663837E-015  -8.5642200614273102E-017  -1.2722974325409713E-016   8.3945882861683520E-016   1.4702730381272959E-016   1.1659463828719065E-015
  -1.2675914986291019E-017  -1.5798625701622594E-004   3.7497997222467663E-016   1.5486345406590488E-015  -3.6303103349918100E-016   1.4616184367218407E-015  -4.4799036837202365E-016   9.5398417369255102E-016  -7.0761319616867997E-016  -5.3970021666208766E-016  -1.6782680213039014E-016   1.6609084489004682E-004  -7.7959590321174042E-016  -2.6751199705621048E-015   8.2675367174526125E-017   7.0718425829990405E-017  -8.9748766832768718E-017  -8.7188305433992894E-016  -2.7776707691229257E-016   9.5854276850303909E-016   1.1031467837372001E-015   2.4018710201290782E-016  -2.1849068970798054E-005  -1.1569141945737549E-015   6.3391674556033377E-016   1.9926914691677643E-017  -1.7570613750022240E-005  -3.6978364276553300E-016   3.2075642006621064E-016   1.2520963486328900E-017  -2.5191928171436888E-018   1.9999983021269530       -4.0491953475424332E-016   5.4561474120396239E-017  -5.5585130459705538E-016  -1.0076956855701868E-016   4.4895602450960810E-016   8.9616471021595155E-016  -2.8847773628887804E-016
   4.7957632243430896E-016  -8.0822127343213105E-017  -1.5798625701669844E-004   4.3563237828205792E-016   1.2484022790788640E-016   4.5384638411133422E-016   9.2937531349060201E-016  -8.7117491401956247E-016   8.4761917880469311E-016   8.0664792978752483E-016  -1.0021938013143627E-015   7.3918078602552260E-017   1.6609084489031369E-004  -1.3287368572203273E-015   6.6584902936404217E-016  -6.6394922368559514E-016  -1.9373149545598860E-015   1.4900392791245906E-015  -3.7897828293439933E-016  -2.0452195531092241E-015   1.5777807196688583E-015   6.8493661058317702E-016   8.4333716498306422E-018  -2.1849068970483432E-005   1.0835898361763760E-015  -1.1269073010073330E-016   3.3084858759154548E-016  -1.7570613750072089E-005  -7.4756245616950632E-016   1.5630093460675078E-017  -8.2414626431795347E-017  -4.0491953475424332E-016   1.9999983021269567       -5.6897735814837946E-017   1.2061147906295028E-018   4.8511114252574901E-016   2.4979523143328740E-016   4.8701017130754934E-016   7.9883654892308184E-017
   1.8045316204763462E-016   3.1433138712590702E-017  -6.4662140565761460E-017   2.5350098125958811E-014   7.2764408750534285E-003   1.1894968381586059E-016  -1.1312475999858625E-015  -3.6382204375257445E-003  -4.6040213797188817E-016  -3.6382204375289989E-003  -4.5628838028104537E-017  -2.6891774045435080E-016   8.6393765317575651E-016  -6.2536250115161169E-014   3.4638787391206759E-002   2.4407783770727801E-017   6.4187944984694007E-016  -1.7319393695613253E-002   1.1305426568155182E-015  -1.7319393695598869E-002   4.2622832295813493E-014   9.2937954352021306E-017   4.0283529488799759E-016   1.9827473272051739E-016  -1.0157865428043819E-013  -9.8803906052199947E-016   6.3859094418082782E-016   1.8415638507594403E-015   3.8468096347234307E-014   2.3763238644263739E-015   1.7418856928663837E-015   5.4561474120396239E-017  -5.6897735814837946E-017   1.9834512301606442        1.0626197729894664E-015  -1.5567787944176311E-016 -0.99172561508032198       -2.8891921136347412E-015 -0.99172561508032564     
  -1.6503944677141718E-016   3.2726504278507539E-016   2.2531473980059296E-016   4.8279411468218584E-016   1.0807204700255956E-015   7.2764408750557695E-003  -6.7956712204383659E-016  -2.5893503383010299E-016  -8.2232393739170771E-017  -1.3893573060879837E-016   7.4366318333566009E-017  -1.9569733037153455E-016  -2.4056746794663914E-016  -3.6200820005292269E-015   1.0753496193955143E-015   3.4638787391209271E-002  -5.5519113340962017E-016   1.0498297607743825E-015  -2.8829105172979014E-016   5.4176830817359959E-016   2.0221678333829583E-016   1.8914401849954985E-016  -3.2008722156614118E-016  -1.1931374082725620E-016  -2.2234490359825618E-015   5.4032161455036455E-017   8.1519484460896880E-016   5.5981559817733186E-018  -7.9518048771883765E-016   1.6293673779613564E-017  -8.5642200614273102E-017  -5.5585130459705538E-016   1.2061147906295028E-018   1.0626197729894664E-015   1.9834512301606693        3.7335043910624588E-015   7.8531812671735419E-016   1.6983213880356063E-015   2.6658091966530493E-015
  -2.9612687111392703E-016   7.5306226957061304E-017   1.2108161156483606E-016  -1.9917434455528649E-015   2.8881351223956818E-016  -1.0159533397934364E-015   7.2764408750617343E-003  -2.1716580102796534E-016   1.4768666356792192E-015   8.1537519672978888E-016   3.2282719355725488E-016  -9.9522956514225409E-017  -1.7640911322816681E-016   8.2863264074920964E-016   9.2458580159724559E-016  -9.4756474666507148E-016   3.4638787391205579E-002   4.3927493927566499E-016  -5.3022060212456340E-016   4.2541785083549931E-016  -1.4047856788244867E-015  -1.1023795230525474E-016  -2.6371422319048155E-017   2.1219828943975854E-016  -1.9294883393491756E-015  -6.4953312921512215E-019   4.6030532785001633E-016  -9.9995607285216200E-017  -3.7070810750049793E-016  -5.1526700921727114E-016  -1.2722974325409713E-016  -1.0076956855701868E-016   4.8511114252574901E-016  -1.5567787944176311E-016   3.7335043910624588E-015   1.9834512301606657        2.2287130908154124E-017   7.7794216381266157E-016   2.0920900645551838E-015
  -5.5331928712187591E-016   5.1206980290121475E-016   1.0788178160630392E-015  -1.0585389269894235E-014  -3.6382204375243229E-003  -8.0570769206543186E-016   7.7352781190338673E-016   7.2764408750538136E-003   5.6460699980549142E-016  -3.6382204375314748E-003   3.6490414941193981E-016  -1.8943778468539353E-016  -4.1031599423976771E-016   3.5779398930165742E-014  -1.7319393695609180E-002   1.2369542677785568E-015   2.8859656592595218E-016   3.4638787391203622E-002  -1.0649265084026335E-015  -1.7319393695595570E-002  -3.1237032460520518E-014  -1.7874733285238573E-016  -3.1381121219667095E-016  -5.6379818363375103E-016  -1.4551628773683086E-013   6.6541482538826878E-016   1.9241307160416015E-015   1.3543619161753243E-015   3.0622207240197695E-014   1.1524034727693180E-015   8.3945882861683520E-016   4.4895602450960810E-016   2.4979523143328740E-016 -0.99172561508032198        7.8531812671735419E-016   2.2287130908154124E-017   1.9834512301606533        5.8861717109064004E-016 -0.99172561508033286     
  -1.2418113112045799E-016   5.5294556751150533E-017   2.3869109790169205E-016  -6.4678681542491567E-016   2.6996476599700366E-016   6.1365525325324442E-017   7.6742868499222269E-016  -4.1390661517967157E-016   7.2764408750592121E-003   1.4372372992694077E-016   3.5457655793169739E-016  -5.1782784574029444E-017  -5.3031927628193244E-016   1.4689144836781318E-015  -2.7737592047367723E-016  -6.4252721829335339E-016  -1.1419295854232531E-015  -1.4774488649513387E-015   3.4638787391204261E-002   1.3232015182783700E-015  -5.3251221924623063E-016   1.5931248405064598E-017  -6.8760155535546160E-017   5.4946966439122125E-017   1.0197274949557226E-016   8.4155762122105928E-017   1.8296449635818732E-016  -2.2589816448091174E-016   1.7622912499953252E-016  -1.0508745112197660E-017   1.4702730381272959E-016   8.9616471021595155E-016   4.8701017130754934E-016  -2.8891921136347412E-015   1.6983213880356063E-015   7.7794216381266157E-016   5.8861717109064004E-016   1.9834512301606688        1.2543693975229947E-015
   4.0644330103768913E-016  -5.7342635005684315E-016  -6.0357922606164682E-016  -1.6518733975132939E-014  -3.6382204375291181E-003   7.0331690679831702E-016   3.6490528768807446E-016  -3.6382204375280751E-003  -1.0804312215088768E-016   7.2764408750604923E-003  -2.7317316812316203E-016   3.9858201267797978E-016   1.0680841983527430E-016   2.3417100508443410E-014  -1.7319393695597637E-002  -1.1825327979641518E-015  -8.9626938429141770E-016  -1.7319393695590393E-002  -8.3887152010969768E-017   3.4638787391194525E-002  -2.3102626830547860E-014   1.1263308369390746E-016  -1.2208453381084166E-016   6.9374252984617651E-016  -1.4195328994739640E-013   8.0196493062790096E-016   1.1545326796237366E-015   1.4715096918556777E-015   2.8129162034298279E-014   1.1498866506910592E-015   1.1659463828719065E-015  -2.8847773628887804E-016   7.9883654892308184E-017 -0.99172561508032564        2.6658091966530493E-015   2.0920900645551838E-015 -0.99172561508033286        1.2543693975229947E-015   1.9834512301606635     
