   2.8047201229917385E-002   8.5140007939534228E-017  -4.1389882611672530E-016  -1.5594484016903370E-016  -1.0506608594021073E-018   1.4249756659388135E-017   1.7403463808394130E-017  -5.7065335215440134E-018   6.5054721317748520E-018  -1.5364963967338820E-017   7.7113335044305634E-002   1.8425647267614843E-016  -5.7938084219498940E-016  -4.3952267118422463E-016   9.7781884172550110E-018   9.3114604724181226E-018   3.3255205567754423E-018   6.8113950098407262E-018   1.0056192060418420E-018  -5.3793857220722421E-018  -9.7951457477351801E-016   5.6055903619823794E-002   1.3562261494121711E-016  -4.6134527202699669E-016  -1.5485113940448128E-015   1.1196238106355436E-003  -3.7286530155244285E-016  -1.0603491925386383E-017  -1.0715833090285477E-016  -1.3383585820328957E-016  -1.8583809375009955E-004   1.7201366755997333E-015   4.6658324078234757E-016   2.0544789785572489E-016   2.7301994720656071E-016   3.2997667210031065E-016  -8.9653288156594668E-017   5.9400679352217347E-016  -8.3969261824679928E-017
   8.5140007939534228E-017   2.8047201229916295E-002  -1.3452679245363931E-017  -2.3361862682577453E-017  -1.2905530830518330E-017   2.4853873975927235E-017  -9.8182764799352654E-018  -2.4857444991744379E-017   9.5097099358740001E-018  -1.7651684726361016E-017  -9.0600140318324885E-018   7.7113335044304079E-002  -6.7216871444437062E-017   6.7837311795569679E-016  -1.4035470535139663E-017  -4.3594752901480642E-020   1.9169322679575343E-018  -1.2125094333973755E-017   9.5551535331244961E-019  -2.2791811775590041E-017   6.5576717376429743E-016   2.7194577503675071E-017   5.6055903619822801E-002  -1.7504299356269154E-017   7.6925310467079243E-016   1.3829321657828184E-016   1.1196238106343692E-003  -2.5995176869750013E-015   1.8896374420107038E-016   7.1642504501626199E-017   1.4691335522754736E-016  -1.8583809374995807E-004  -1.3934452222442334E-016   3.6749370821437873E-016   2.9664407552511357E-016  -5.4137931145217300E-017   2.1528590049279164E-017   1.8450574577132302E-016  -3.6981684199254268E-016
  -4.1389882611672530E-016  -1.3452679245363931E-017   2.8047201229917249E-002   2.3500901244024110E-016  -1.4977390157011904E-016   1.2368061181122885E-017  -4.4142822174687178E-018  -1.3149789114638541E-016   3.4412019310539598E-018  -1.1878745966928576E-016  -3.9039206018176045E-016   4.8589041060325068E-018   7.7113335044304995E-002   9.0919149858794526E-017  -9.8307554320740000E-017   2.0485578031386726E-017   1.3537482837773640E-017  -1.0621134685898183E-016   2.4118405372888453E-017  -1.1024945204447690E-016  -2.2499017617618993E-016  -3.7154154825888368E-016   8.2575933902493960E-018   5.6055903619823669E-002   3.3761990064636558E-015   7.2681640103719770E-017   1.1730234392991423E-015   1.1196238106321442E-003  -8.0744965736940940E-017  -5.9286410725450706E-016   9.7587046856003811E-017   5.6248179499087226E-017  -1.8583809375238505E-004  -1.9188049560236029E-016   1.1288467432515389E-015   5.6160773432427741E-016   1.9267432050942425E-016   1.3751787376139263E-015  -3.6767913822037151E-016
  -1.5594484016903370E-016  -2.3361862682577453E-017   2.3500901244024110E-016   4.4285015836229464E-004   1.3575275789796764E-017   3.6877921240798153E-018  -1.4301034339432636E-018  -1.5803455818526547E-016  -3.3256706854815864E-017   1.0998552199890368E-016  -3.7236154134466071E-016  -1.8312513771854725E-016   6.0400042060186801E-016   1.2774374212273114E-002  -2.2525104522272311E-016   3.2278024252614788E-018   1.3456111867106456E-017  -6.8561933810206752E-016  -1.7644547268029331E-017  -3.5222319910496872E-016   1.7164805624103587E-002  -2.3188935343023511E-016  -8.4232664881614070E-017   4.3545290879330923E-016   1.0652689837980400E-002  -9.3965771107750825E-016   3.2615893069792078E-015   2.6559661116935952E-015   1.9354310719905366E-003   1.8942451515761472E-004   3.2733429153272139E-016   2.3841190221368344E-015  -1.0491060598069481E-016   3.2076955734267996E-015   2.8440759607447486E-016   1.3546976093680009E-016  -1.8110476824405997E-014  -2.9020098501390478E-015   1.2347392591357986E-014
  -1.0506608594021073E-018  -1.2905530830518330E-017  -1.4977390157011904E-016   1.3575275789796764E-017   5.5202203728587058E-005   1.4414010948624567E-017  -2.4360727533627379E-018  -2.7601101864275037E-005   5.4818985933407972E-018  -2.7601101864305764E-005   8.1793855964996982E-020  -3.8552017195290284E-017  -3.8398387725936190E-016   1.6104561421194040E-015   1.3336999594422489E-004   1.5706895900405830E-017  -7.2753217007169009E-018  -6.6684997972150069E-005   1.7982617003787221E-019  -6.6684997972100494E-005   2.4747808375308841E-015  -4.5003976768799476E-018  -2.7656035856957377E-017  -2.8267021573041541E-016  -1.1800288702185996E-014  -6.5749448312766156E-016  -5.4071120338477411E-016  -3.7847726389469674E-015  -4.5185927756324973E-016   9.2591264722449487E-016  -1.5837199929721526E-015  -1.5902143667774053E-016   7.0697835800503349E-016   1.0471783126620629E-002   9.3448041697059828E-016  -3.0538229725103044E-016  -5.2358915633117942E-003   1.3894114367872820E-016  -5.2358915633088773E-003
   1.4249756659388135E-017   2.4853873975927235E-017   1.2368061181122885E-017   3.6877921240798153E-018   1.4414010948624567E-017   5.5202203728600631E-005   1.2979150577660578E-017   2.2308653734099977E-018  -6.4996899499631518E-018  -1.6708087189698827E-017   3.0949769833053164E-017   6.3850739141541133E-017   1.1973117297737198E-017   1.6537619676013116E-016   2.4597486063683415E-017   1.3336999594427664E-004   4.1467879324458207E-018   1.5283758275465107E-018  -4.4232523726761099E-018  -2.5020281235822064E-017   2.1745369297639225E-016   2.6832274738232055E-017   5.0734778171578973E-017   1.8013584652294337E-017  -6.3626791411128692E-016   2.1585416854557008E-016  -3.1536949727623120E-016  -2.5155247434391732E-016   2.2712338925196971E-016   2.5902925965273598E-015  -5.1053139103833537E-018   3.3193493645703408E-016   3.7485039100324978E-016   1.7948111462220740E-015   1.0471783126621980E-002   4.6521865847755795E-016   2.8303050067130219E-016  -9.7209323263077992E-016  -2.0684896090623176E-015
   1.7403463808394130E-017  -9.8182764799352654E-018  -4.4142822174687178E-018  -1.4301034339432636E-018  -2.4360727533627379E-018   1.2979150577660578E-017   5.5202203728553082E-005  -5.7062452395334031E-018  -1.1386985217908767E-017   1.4882902414754190E-018   4.0330206598445957E-017  -2.5422776070254020E-017  -2.2154639083686305E-017   1.2464557985558925E-016  -8.4025854483266236E-018   3.4741803275728264E-017   1.3336999594421378E-004   5.3014111441035606E-018   3.0184267229590897E-018  -9.9084764388761181E-018   1.2533817833292383E-016   2.8919386316280133E-017  -1.8687291906732296E-017  -1.8052746629673965E-017  -1.0368700058669907E-015   4.0325871699619823E-016  -4.4550350296242054E-017   3.7051027749091881E-016   7.9736024425118099E-017   8.3932146081449320E-016   8.7749153240692527E-016  -2.2398266176023983E-016  -3.6922449839270975E-016  -1.6308510315616316E-016   1.9932885416974180E-015   1.0471783126617500E-002   8.0925729612744602E-017  -4.3201017591508147E-016   5.7568329562341877E-017
  -5.7065335215440134E-018  -2.4857444991744379E-017  -1.3149789114638541E-016  -1.5803455818526547E-016  -2.7601101864275037E-005   2.2308653734099977E-018  -5.7062452395334031E-018   5.5202203728562264E-005  -1.0466663137802606E-017  -2.7601101864318140E-005  -1.2595628702593813E-017  -3.9759350134998615E-017  -3.6690799081413556E-016   4.2688796298859687E-016  -6.6684997972059768E-005  -4.8197245897660881E-018  -8.9125851025630198E-018   1.3336999594417719E-004  -1.7910664698107016E-017  -6.6684997972134104E-005  -3.9941316932313776E-016  -9.9129697698557215E-018  -3.4735876512401393E-017  -2.6072724444025502E-016  -1.3457239549017925E-014  -2.9047625635870831E-016  -4.2151506026198605E-015  -3.3512487485098538E-016   1.7382698696039847E-015  -4.3883730254071631E-016  -4.9576440673995346E-017  -1.0068749429415129E-015   3.4351672670654330E-016  -5.2358915633053610E-003   1.4962180562712975E-016  -1.1728024672779041E-015   1.0471783126618273E-002  -1.8986165956250913E-015  -5.2358915633129496E-003
   6.5054721317748520E-018   9.5097099358740001E-018   3.4412019310539598E-018  -3.3256706854815864E-017   5.4818985933407972E-018  -6.4996899499631518E-018  -1.1386985217908767E-017  -1.0466663137802606E-017   5.5202203728537300E-005   4.0466151194917797E-018   6.4942050292012914E-018   1.2740061504191512E-017  -7.7064458156019222E-018  -4.8919608745368366E-016   7.8547478645439297E-018   6.1252707815940581E-018  -1.2722687364642024E-017   1.3140033587903406E-017   1.3336999594420416E-004  -1.9822680276293964E-017  -7.0126273511218093E-016   7.3498650150527894E-018   1.2435131998452266E-017  -8.7594786946063423E-018  -5.8348066827640750E-016   8.9435849762965787E-017   1.4575020806189065E-015  -3.2578705818575053E-016   4.5843778452542277E-016   3.4699609615938240E-016   1.6091273236467090E-016   4.2655333258917800E-016   9.1539559539512724E-017   9.0889875141412613E-016  -2.8561834514384819E-016  -1.7366946936986351E-015  -1.0352216320424015E-016   1.0471783126616016E-002  -8.0400383235243405E-016
  -1.5364963967338820E-017  -1.7651684726361016E-017  -1.1878745966928576E-016   1.0998552199890368E-016  -2.7601101864305764E-005  -1.6708087189698827E-017   1.4882902414754190E-018  -2.7601101864318140E-005   4.0466151194917797E-018   5.5202203728648566E-005  -4.4817945390170943E-017  -2.1323847669265269E-017  -3.1833162977643918E-016   3.0901736574564052E-015  -6.6684997972150001E-005  -1.1039889944823107E-017   1.1159783157344745E-019  -6.6684997972101795E-005   1.5464244122077715E-017   1.3336999594429417E-004   3.9374583044641854E-015  -2.7938557647944125E-017  -2.0937885781088530E-017  -2.4022761248085627E-016  -1.0205556230545775E-014   3.9021908087386617E-016  -2.8591469762915149E-015  -2.9920326578535261E-016  -2.2625024094008414E-016  -1.9461015022948219E-015   4.3136404658564916E-016   5.0507650910915314E-016  -7.6544116309543897E-016  -5.2358915633140797E-003  -1.0960932445155316E-015   2.1592487129045708E-016  -5.2358915633123433E-003   1.5817096739728381E-015   1.0471783126626505E-002
   7.7113335044305634E-002  -9.0600140318324885E-018  -3.9039206018176045E-016  -3.7236154134466071E-016   8.1793855964996982E-020   3.0949769833053164E-017   4.0330206598445957E-017  -1.2595628702593813E-017   6.4942050292012914E-018  -4.4817945390170943E-017  0.21211332045857856       -1.6896954929696092E-016   4.6489040076428116E-016  -3.1096989900179298E-016   2.5328317496369004E-017   6.7045219412734503E-018  -2.1672678576491674E-018   2.4160608908357096E-017  -2.5192263562465026E-017  -6.9712513705518257E-018  -1.3777565332566911E-015  0.15417116369870923       -1.1571095413185898E-016   2.2509592743547408E-016  -8.7506828827463794E-017  -1.0833135219931116E-002   1.9691091096870382E-016   1.3124180443971234E-016  -6.1448128581091641E-016   7.3533902036774229E-017   1.2261944257775762E-004  -7.0271146488318931E-017  -2.3035159717693734E-016   3.6200581759690713E-016  -5.2500967326860511E-016  -4.3140598660946873E-017  -3.5082807326142188E-017  -4.1927275586937067E-016  -2.2626966258556965E-016
   1.8425647267614843E-016   7.7113335044304079E-002   4.8589041060325068E-018  -1.8312513771854725E-016  -3.8552017195290284E-017   6.3850739141541133E-017  -2.5422776070254020E-017  -3.9759350134998615E-017   1.2740061504191512E-017  -2.1323847669265269E-017  -1.6896954929696092E-016  0.21211332045857811       -8.7850360721013207E-017  -7.6856913071732970E-016  -2.9237813370478002E-017  -2.0846193188853172E-017   1.0996423027313844E-017  -2.6166692285628034E-017  -4.7019466216261723E-018  -2.6712153777176906E-017  -1.5910076549489854E-015  -3.0562732590481143E-017  0.15417116369870931       -2.1932935050279897E-018  -1.7128198958193574E-015  -6.4986013350370954E-017  -1.0833135219931398E-002   2.6637815413099365E-015   2.3241888147630313E-016   4.7442227169632886E-017   2.2484753074919747E-016   1.2261944257688353E-004   7.7473997465103579E-016  -2.6827683031078366E-016  -4.6593197188135132E-016   1.0407008446699634E-016   5.9510164999752624E-018  -1.3981654467536459E-016   3.5724466667916707E-016
  -5.7938084219498940E-016  -6.7216871444437062E-017   7.7113335044304995E-002   6.0400042060186801E-016  -3.8398387725936190E-016   1.1973117297737198E-017  -2.2154639083686305E-017  -3.6690799081413556E-016  -7.7064458156019222E-018  -3.1833162977643918E-016   4.6489040076428116E-016  -8.7850360721013207E-017  0.21211332045857587        1.4754750842289973E-015  -2.6761529662757482E-016  -5.9162754511103041E-018   1.6707029221573786E-017  -2.9198302174517293E-016   2.5878478269931446E-017  -2.7427520948602055E-016   8.2742236015212602E-016   9.6504445080201803E-017  -4.3260325391676918E-017  0.15417116369870823       -2.3822539400177897E-015  -3.3859278655369127E-016  -3.9100129315361197E-015  -1.0833135219928198E-002   1.2222311355932613E-016   2.1531683250846684E-016  -1.8235434039034276E-017   4.1217313554315798E-016   1.2261944257920281E-004  -2.5788100067613025E-016  -1.4410034551272469E-015   1.5735015847666641E-016  -9.5323936191026120E-016   9.2316100466114257E-017   2.2976318410151196E-016
  -4.3952267118422463E-016   6.7837311795569679E-016   9.0919149858794526E-017   1.2774374212273114E-002   1.6104561421194040E-015   1.6537619676013116E-016   1.2464557985558925E-016   4.2688796298859687E-016  -4.8919608745368366E-016   3.0901736574564052E-015  -3.1096989900179298E-016  -7.6856913071732970E-016   1.4754750842289973E-015  0.42565698054876228       -4.2283558683293179E-015  -2.0870096486417944E-016   2.9846615206436764E-016  -9.2127566206773113E-015   5.4550669568032239E-016  -1.1792495491611256E-014  0.56375497675639841        1.0880999580282807E-015   5.1048866876118386E-016   5.9054120984586526E-016  -4.5421670877809316E-003   3.7509092897382443E-015   1.4455638567170776E-014   6.0683830261313043E-015   9.6249184306074166E-004   4.1729117829019676E-004   1.3763967227053171E-015  -2.1601583126317286E-015  -2.4031907387478044E-016  -6.5914699567233778E-014  -1.0145337266024314E-015   2.6301253783902485E-015   5.0057053461704988E-014   4.1576967778094116E-015  -2.8211896334085736E-014
   9.7781884172550110E-018  -1.4035470535139663E-017  -9.8307554320740000E-017  -2.2525104522272311E-016   1.3336999594422489E-004   2.4597486063683415E-017  -8.4025854483266236E-018  -6.6684997972059768E-005   7.8547478645439297E-018  -6.6684997972150001E-005   2.5328317496369004E-017  -2.9237813370478002E-017  -2.6761529662757482E-016  -4.2283558683293179E-015   3.2222546595456089E-004   1.3239217609814622E-017  -2.3658436717915080E-017  -1.6111273297735203E-004  -1.2587109773915661E-017  -1.6111273297727088E-004  -4.8334425251244407E-015   8.9879160901265199E-018  -2.3834184746485776E-017  -1.8962684031313246E-016  -3.1563399201086375E-014  -8.3304630254579599E-017  -3.7226361617545529E-015   3.5550969973200544E-017   1.8161107249117968E-015  -2.0429975922011325E-015   1.6342857229491961E-015  -5.0397455521393518E-016  -6.7715168571459464E-016   2.5300107220229327E-002   3.1765387236282733E-016  -1.2152776623369083E-015  -1.2650053610116722E-002  -6.8672592687667767E-016  -1.2650053610112710E-002
   9.3114604724181226E-018  -4.3594752901480642E-020   2.0485578031386726E-017   3.2278024252614788E-018   1.5706895900405830E-017   1.3336999594427664E-004   3.4741803275728264E-017  -4.8197245897660881E-018   6.1252707815940581E-018  -1.1039889944823107E-017   6.7045219412734503E-018  -2.0846193188853172E-017  -5.9162754511103041E-018  -2.0870096486417944E-016   1.3239217609814622E-017   3.2222546595473171E-004   1.8194170099710019E-017  -2.0973960179028698E-017   4.2052012766346141E-017   1.0405859314026132E-017  -2.2836557932478418E-016   1.5163470707270766E-017  -2.6255539269970595E-018   2.0107218572663554E-017   1.1130507256623662E-015   3.5295212779111818E-016   6.1298992571820800E-016   6.3380857125155810E-016  -2.0152387387138625E-016  -3.3767034923524976E-015  -5.8295242718580419E-016  -2.0507412685534454E-016  -2.7801818457162911E-016   7.0970222496654448E-016   2.5300107220236193E-002   1.7658884650842530E-015  -1.2529293356335436E-015   1.7922706826550274E-015   5.6582139689766569E-016
   3.3255205567754423E-018   1.9169322679575343E-018   1.3537482837773640E-017   1.3456111867106456E-017  -7.2753217007169009E-018   4.1467879324458207E-018   1.3336999594421378E-004  -8.9125851025630198E-018  -1.2722687364642024E-017   1.1159783157344745E-019  -2.1672678576491674E-018   1.0996423027313844E-017   1.6707029221573786E-017   2.9846615206436764E-016  -2.3658436717915080E-017   1.8194170099710019E-017   3.2222546595470552E-004   2.4583714850644287E-017   4.3022183541898421E-017  -3.2356941480895531E-017   3.6930831784153998E-016  -3.8237921999201314E-018   7.0303015555492310E-018   6.6566901732075201E-018   1.0091203482668312E-015  -1.6646409819562681E-016  -3.1070979558160324E-016   3.8476299473626010E-016  -1.4976665231873228E-015  -8.5540867385729267E-017  -1.2421607289554599E-015   1.0674228191393938E-015  -4.6599658329515838E-016  -6.5764310357227615E-016  -3.4608707433626609E-016   2.5300107220235235E-002   1.1200826998894155E-015   1.7616238659530646E-015  -5.2185165190791087E-016
   6.8113950098407262E-018  -1.2125094333973755E-017  -1.0621134685898183E-016  -6.8561933810206752E-016  -6.6684997972150069E-005   1.5283758275465107E-018   5.3014111441035606E-018   1.3336999594417719E-004   1.3140033587903406E-017  -6.6684997972101795E-005   2.4160608908357096E-017  -2.6166692285628034E-017  -2.9198302174517293E-016  -9.2127566206773113E-015  -1.6111273297735203E-004  -2.0973960179028698E-017   2.4583714850644287E-017   3.2222546595447508E-004   4.9569879125488763E-017  -1.6111273297716341E-004  -1.4517718885496996E-014   1.6219394048711429E-017  -2.0387882554027354E-017  -2.0050045814863124E-016  -3.1616891655451759E-014  -4.7787659835139264E-016  -1.1654975841980812E-015  -2.6436657823024887E-015   3.6694115451356213E-015  -2.1131686559256070E-015  -1.6689889966642680E-015   1.0042159025260090E-016   1.4274345194454753E-015  -1.2650053610118313E-002  -3.7102234787490721E-016   7.8741733905844833E-016   2.5300107220225951E-002   2.7025879892626430E-015  -1.2650053610107733E-002
   1.0056192060418420E-018   9.5551535331244961E-019   2.4118405372888453E-017  -1.7644547268029331E-017   1.7982617003787221E-019  -4.4232523726761099E-018   3.0184267229590897E-018  -1.7910664698107016E-017   1.3336999594420416E-004   1.5464244122077715E-017  -2.5192263562465026E-017  -4.7019466216261723E-018   2.5878478269931446E-017   5.4550669568032239E-016  -1.2587109773915661E-017   4.2052012766346141E-017   4.3022183541898421E-017   4.9569879125488763E-017   3.2222546595475122E-004  -3.4150939065214053E-017   6.3833109527604231E-016  -1.1841657267156308E-017  -8.7489423787732985E-019   1.0973949863744604E-017   8.6941792102841609E-016   2.4399634966227596E-016  -1.6285842579206791E-016  -9.4491854145678198E-016  -2.4604118964353405E-016  -6.1766402640283887E-016  -3.5463210562769038E-016  -7.0584923036427493E-016   4.1379604383881881E-017  -2.8241126664733628E-016   1.4497712163668572E-015   1.5955394720702335E-015   1.1493091217481604E-015   2.5300107220237063E-002  -8.6358079467012330E-016
  -5.3793857220722421E-018  -2.2791811775590041E-017  -1.1024945204447690E-016  -3.5222319910496872E-016  -6.6684997972100494E-005  -2.5020281235822064E-017  -9.9084764388761181E-018  -6.6684997972134104E-005  -1.9822680276293964E-017   1.3336999594429417E-004  -6.9712513705518257E-018  -2.6712153777176906E-017  -2.7427520948602055E-016  -1.1792495491611256E-014  -1.6111273297727088E-004   1.0405859314026132E-017  -3.2356941480895531E-017  -1.6111273297716341E-004  -3.4150939065214053E-017   3.2222546595453666E-004  -1.6157884251779372E-014   3.3119262716465797E-018  -2.6306872738736188E-017  -2.2262953332621422E-016  -3.3564349224125219E-014  -1.1621149707519234E-015  -2.7074287287647994E-015  -1.8860973027723780E-015   8.1481521339620240E-015   1.5815269187428199E-016  -8.7784750589871680E-016  -6.2199500109815933E-016   4.9443814618115615E-016  -1.2650053610115888E-002   2.6309690374664294E-016  -2.0400525425010535E-015  -1.2650053610112398E-002  -1.7935153975710240E-015   2.5300107220228480E-002
  -9.7951457477351801E-016   6.5576717376429743E-016  -2.2499017617618993E-016   1.7164805624103587E-002   2.4747808375308841E-015   2.1745369297639225E-016   1.2533817833292383E-016  -3.9941316932313776E-016  -7.0126273511218093E-016   3.9374583044641854E-015  -1.3777565332566911E-015  -1.5910076549489854E-015   8.2742236015212602E-016  0.56375497675639841       -4.8334425251244407E-015  -2.2836557932478418E-016   3.6930831784153998E-016  -1.4517718885496996E-014   6.3833109527604231E-016  -1.6157884251779372E-014  0.74767406243852630        7.3546403606488490E-016   2.7540436563387064E-016  -2.2922311833274778E-017   3.8567732767821342E-002  -2.2206464940770292E-016  -6.6365106967002320E-015  -3.2307600262443236E-015   9.3558796626549614E-003   1.2884317210364116E-003   1.2455838428962562E-016   2.2097026753861004E-015  -9.7786621962191193E-016   2.6231100229912892E-014   6.5252260211440570E-016   2.2880147973698857E-016  -6.3877383798354612E-014  -2.5701184657482073E-015  -2.5812053250964604E-014
   5.6055903619823794E-002   2.7194577503675071E-017  -3.7154154825888368E-016  -2.3188935343023511E-016  -4.5003976768799476E-018   2.6832274738232055E-017   2.8919386316280133E-017  -9.9129697698557215E-018   7.3498650150527894E-018  -2.7938557647944125E-017  0.15417116369870923       -3.0562732590481143E-017   9.6504445080201803E-017   1.0880999580282807E-015   8.9879160901265199E-018   1.5163470707270766E-017  -3.8237921999201314E-018   1.6219394048711429E-017  -1.1841657267156308E-017   3.3119262716465797E-018   7.3546403606488490E-016  0.11206101297688911       -1.7067414064153196E-017  -1.1441997676789944E-017  -5.5818389621156090E-017  -4.9913329469172436E-003   1.2176859891923035E-016   7.0967334753832179E-018   3.7892101126018327E-016   4.5836477554783637E-017  -1.2180391125508953E-004  -5.2089167875403193E-016  -8.5680621698955834E-017  -4.5490472176396398E-016   3.8129570674675265E-016  -1.9886840711646717E-016  -9.1594958154002072E-017   1.7262740145688849E-016   6.1701876266525151E-016
   1.3562261494121711E-016   5.6055903619822801E-002   8.2575933902493960E-018  -8.4232664881614070E-017  -2.7656035856957377E-017   5.0734778171578973E-017  -1.8687291906732296E-017  -3.4735876512401393E-017   1.2435131998452266E-017  -2.0937885781088530E-017  -1.1571095413185898E-016  0.15417116369870931       -4.3260325391676918E-017   5.1048866876118386E-016  -2.3834184746485776E-017  -2.6255539269970595E-018   7.0303015555492310E-018  -2.0387882554027354E-017  -8.7489423787732985E-019  -2.6306872738736188E-017   2.7540436563387064E-016  -1.7067414064153196E-017  0.11206101297688947        1.7682723299985842E-017   1.2864656134659219E-015  -8.1155180298436584E-017  -4.9913329469170268E-003  -6.9949629204515908E-016  -4.7825865732693600E-016  -7.2806337086077361E-017   9.1924573341769252E-017  -1.2180391125465513E-004  -6.9835224832403995E-016   1.8064313662613916E-017   5.7263273634216498E-016   4.4118221143963785E-017   2.5073374036110522E-017   1.1066917571468160E-016   1.7193801327580506E-017
  -4.6134527202699669E-016  -1.7504299356269154E-017   5.6055903619823669E-002   4.3545290879330923E-016  -2.8267021573041541E-016   1.8013584652294337E-017  -1.8052746629673965E-017  -2.6072724444025502E-016  -8.7594786946063423E-018  -2.4022761248085627E-016   2.2509592743547408E-016  -2.1932935050279897E-018  0.15417116369870823        5.9054120984586526E-016  -1.8962684031313246E-016   2.0107218572663554E-017   6.6566901732075201E-018  -2.0050045814863124E-016   1.0973949863744604E-017  -2.2262953332621422E-016  -2.2922311833274778E-017  -1.1441997676789944E-017   1.7682723299985842E-017  0.11206101297688910       -4.0618487094957478E-016   1.4413214883788068E-016   2.7322682225630927E-015  -4.9913329469144490E-003   3.9136828620950343E-016  -3.5991256501537859E-016  -3.5544245673429391E-017   9.3379371572017208E-016  -1.2180391125540130E-004   1.8350599222640517E-016   7.9712303535201110E-016  -3.6438360087634712E-016   5.4205493082061917E-016  -4.4163869592006085E-016  -1.4447295021809318E-015
  -1.5485113940448128E-015   7.6925310467079243E-016   3.3761990064636558E-015   1.0652689837980400E-002  -1.1800288702185996E-014  -6.3626791411128692E-016  -1.0368700058669907E-015  -1.3457239549017925E-014  -5.8348066827640750E-016  -1.0205556230545775E-014  -8.7506828827463794E-017  -1.7128198958193574E-015  -2.3822539400177897E-015  -4.5421670877809316E-003  -3.1563399201086375E-014   1.1130507256623662E-015   1.0091203482668312E-015  -3.1616891655451759E-014   8.6941792102841609E-016  -3.3564349224125219E-014   3.8567732767821342E-002  -5.5818389621156090E-017   1.2864656134659219E-015  -4.0618487094957478E-016   2.0186353652526847        6.0511034427858850E-016  -2.1941228080478999E-015   1.1606870261606377E-015   1.8208177758791870E-003   2.1945684834087442E-004   1.2142273353993128E-016   2.0989335235008082E-015  -2.0121749425067862E-015  -4.6504764221459306E-014  -4.4359101692030260E-016   2.6232796364999010E-015  -1.0178329734099000E-013  -2.1094138121566023E-015  -8.7550180972066109E-014
   1.1196238106355436E-003   1.3829321657828184E-016   7.2681640103719770E-017  -9.3965771107750825E-016  -6.5749448312766156E-016   2.1585416854557008E-016   4.0325871699619823E-016  -2.9047625635870831E-016   8.9435849762965787E-017   3.9021908087386617E-016  -1.0833135219931116E-002  -6.4986013350370954E-017  -3.3859278655369127E-016   3.7509092897382443E-015  -8.3304630254579599E-017   3.5295212779111818E-016  -1.6646409819562681E-016  -4.7787659835139264E-016   2.4399634966227596E-016  -1.1621149707519234E-015  -2.2206464940770292E-016  -4.9913329469172436E-003  -8.1155180298436584E-017   1.4413214883788068E-016   6.0511034427858850E-016   2.0008188369295876       -1.8844145312778527E-017   2.1220067366500696E-017  -4.8897939135630917E-017   1.0682641643152517E-016  -1.7281023326647559E-005  -1.7266857424291253E-016  -3.4813535551269026E-017  -8.6126145601878640E-016  -1.0279086371274836E-016   3.5077524905504104E-016  -6.4747405702324216E-016  -4.8800839591799323E-017  -4.7028357387419202E-016
  -3.7286530155244285E-016   1.1196238106343692E-003   1.1730234392991423E-015   3.2615893069792078E-015  -5.4071120338477411E-016  -3.1536949727623120E-016  -4.4550350296242054E-017  -4.2151506026198605E-015   1.4575020806189065E-015  -2.8591469762915149E-015   1.9691091096870382E-016  -1.0833135219931398E-002  -3.9100129315361197E-015   1.4455638567170776E-014  -3.7226361617545529E-015   6.1298992571820800E-016  -3.1070979558160324E-016  -1.1654975841980812E-015  -1.6285842579206791E-016  -2.7074287287647994E-015  -6.6365106967002320E-015   1.2176859891923035E-016  -4.9913329469170268E-003   2.7322682225630927E-015  -2.1941228080478999E-015  -1.8844145312778527E-017   2.0008188369295858       -1.2792665126715792E-015   1.5892948178556354E-015  -1.2642940395719545E-016   5.3049894438390451E-018  -1.7281023324932991E-005  -1.5211771131372910E-016  -9.4864995563123540E-016  -8.5067605397742137E-016   6.1812169473905239E-017  -3.2055646694652197E-015   6.1886538045986805E-017  -1.9729800486832609E-015
  -1.0603491925386383E-017  -2.5995176869750013E-015   1.1196238106321442E-003   2.6559661116935952E-015  -3.7847726389469674E-015  -2.5155247434391732E-016   3.7051027749091881E-016  -3.3512487485098538E-016  -3.2578705818575053E-016  -2.9920326578535261E-016   1.3124180443971234E-016   2.6637815413099365E-015  -1.0833135219928198E-002   6.0683830261313043E-015   3.5550969973200544E-017   6.3380857125155810E-016   3.8476299473626010E-016  -2.6436657823024887E-015  -9.4491854145678198E-016  -1.8860973027723780E-015  -3.2307600262443236E-015   7.0967334753832179E-018  -6.9949629204515908E-016  -4.9913329469144490E-003   1.1606870261606377E-015   2.1220067366500696E-017  -1.2792665126715792E-015   2.0008188369295867       -1.7310345725938500E-015   5.9412135713800049E-017   4.1724045441782132E-018  -3.3051818637408928E-016  -1.7281023326943217E-005  -3.0127722538388593E-015   1.5321625477137915E-015  -3.5030046012732941E-016   1.4110468646787410E-015  -4.3843769520611353E-016  -2.2106822532100255E-015
  -1.0715833090285477E-016   1.8896374420107038E-016  -8.0744965736940940E-017   1.9354310719905366E-003  -4.5185927756324973E-016   2.2712338925196971E-016   7.9736024425118099E-017   1.7382698696039847E-015   4.5843778452542277E-016  -2.2625024094008414E-016  -6.1448128581091641E-016   2.3241888147630313E-016   1.2222311355932613E-016   9.6249184306074166E-004   1.8161107249117968E-015  -2.0152387387138625E-016  -1.4976665231873228E-015   3.6694115451356213E-015  -2.4604118964353405E-016   8.1481521339620240E-015   9.3558796626549614E-003   3.7892101126018327E-016  -4.7825865732693600E-016   3.9136828620950343E-016   1.8208177758791870E-003  -4.8897939135630917E-017   1.5892948178556354E-015  -1.7310345725938500E-015   2.0008235127639469        5.6589435916879663E-005   7.8246060150368299E-017   8.4413398274956447E-016  -7.1761559605150555E-016   2.0906336137957254E-014  -2.0846640032585487E-016   1.8475645782359705E-015   5.8867293440823412E-015  -4.1215082050258013E-016   5.7086783578817182E-015
  -1.3383585820328957E-016   7.1642504501626199E-017  -5.9286410725450706E-016   1.8942451515761472E-004   9.2591264722449487E-016   2.5902925965273598E-015   8.3932146081449320E-016  -4.3883730254071631E-016   3.4699609615938240E-016  -1.9461015022948219E-015   7.3533902036774229E-017   4.7442227169632886E-017   2.1531683250846684E-016   4.1729117829019676E-004  -2.0429975922011325E-015  -3.3767034923524976E-015  -8.5540867385729267E-017  -2.1131686559256070E-015  -6.1766402640283887E-016   1.5815269187428199E-016   1.2884317210364116E-003   4.5836477554783637E-017  -7.2806337086077361E-017  -3.5991256501537859E-016   2.1945684834087442E-004   1.0682641643152517E-016  -1.2642940395719545E-016   5.9412135713800049E-017   5.6589435916879663E-005   2.0000114907189261       -1.0920152091779979E-016   1.6605039000402443E-016  -2.6385483800630533E-016  -2.2060068241453464E-015   1.2421279266838718E-015   2.6172596874272301E-016  -3.9984534318860878E-015   3.2264777516453591E-016  -4.1067346974715970E-015
  -1.8583809375009955E-004   1.4691335522754736E-016   9.7587046856003811E-017   3.2733429153272139E-016  -1.5837199929721526E-015  -5.1053139103833537E-018   8.7749153240692527E-016  -4.9576440673995346E-017   1.6091273236467090E-016   4.3136404658564916E-016   1.2261944257775762E-004   2.2484753074919747E-016  -1.8235434039034276E-017   1.3763967227053171E-015   1.6342857229491961E-015  -5.8295242718580419E-016  -1.2421607289554599E-015  -1.6689889966642680E-015  -3.5463210562769038E-016  -8.7784750589871680E-016   1.2455838428962562E-016  -1.2180391125508953E-004   9.1924573341769252E-017  -3.5544245673429391E-017   1.2142273353993128E-016  -1.7281023326647559E-005   5.3049894438390451E-018   4.1724045441782132E-018   7.8246060150368299E-017  -1.0920152091779979E-016   1.9999968727088846        2.4408496000509147E-019   1.6585350238114614E-017  -1.2444005544357096E-015   8.4814616153338574E-016   2.7089380559125564E-016  -4.4277216283757557E-016   4.8324119086975191E-016  -2.5995014536220601E-016
   1.7201366755997333E-015  -1.8583809374995807E-004   5.6248179499087226E-017   2.3841190221368344E-015  -1.5902143667774053E-016   3.3193493645703408E-016  -2.2398266176023983E-016  -1.0068749429415129E-015   4.2655333258917800E-016   5.0507650910915314E-016  -7.0271146488318931E-017   1.2261944257688353E-004   4.1217313554315798E-016  -2.1601583126317286E-015  -5.0397455521393518E-016  -2.0507412685534454E-016   1.0674228191393938E-015   1.0042159025260090E-016  -7.0584923036427493E-016  -6.2199500109815933E-016   2.2097026753861004E-015  -5.2089167875403193E-016  -1.2180391125465513E-004   9.3379371572017208E-016   2.0989335235008082E-015  -1.7266857424291253E-016  -1.7281023324932991E-005  -3.3051818637408928E-016   8.4413398274956447E-016   1.6605039000402443E-016   2.4408496000509147E-019   1.9999968727088959       -2.4749407062327457E-015  -5.1063653749776070E-016   2.7737450880891118E-016  -2.7598994955002034E-017  -1.4254003066685800E-017   3.4408807189892900E-016  -1.0309375703535172E-015
   4.6658324078234757E-016  -1.3934452222442334E-016  -1.8583809375238505E-004  -1.0491060598069481E-016   7.0697835800503349E-016   3.7485039100324978E-016  -3.6922449839270975E-016   3.4351672670654330E-016   9.1539559539512724E-017  -7.6544116309543897E-016  -2.3035159717693734E-016   7.7473997465103579E-016   1.2261944257920281E-004  -2.4031907387478044E-016  -6.7715168571459464E-016  -2.7801818457162911E-016  -4.6599658329515838E-016   1.4274345194454753E-015   4.1379604383881881E-017   4.9443814618115615E-016  -9.7786621962191193E-016  -8.5680621698955834E-017  -6.9835224832403995E-016  -1.2180391125540130E-004  -2.0121749425067862E-015  -3.4813535551269026E-017  -1.5211771131372910E-016  -1.7281023326943217E-005  -7.1761559605150555E-016  -2.6385483800630533E-016   1.6585350238114614E-017  -2.4749407062327457E-015   1.9999968727088966        1.6402769048625229E-015   1.2997620935983485E-016  -1.8002086129749160E-016   1.2233540063473665E-015   1.0640395734649648E-016   1.5716363112888082E-016
   2.0544789785572489E-016   3.6749370821437873E-016  -1.9188049560236029E-016   3.2076955734267996E-015   1.0471783126620629E-002   1.7948111462220740E-015  -1.6308510315616316E-016  -5.2358915633053610E-003   9.0889875141412613E-016  -5.2358915633140797E-003   3.6200581759690713E-016  -2.6827683031078366E-016  -2.5788100067613025E-016  -6.5914699567233778E-014   2.5300107220229327E-002   7.0970222496654448E-016  -6.5764310357227615E-016  -1.2650053610118313E-002  -2.8241126664733628E-016  -1.2650053610115888E-002   2.6231100229912892E-014  -4.5490472176396398E-016   1.8064313662613916E-017   1.8350599222640517E-016  -4.6504764221459306E-014  -8.6126145601878640E-016  -9.4864995563123540E-016  -3.0127722538388593E-015   2.0906336137957254E-014  -2.2060068241453464E-015  -1.2444005544357096E-015  -5.1063653749776070E-016   1.6402769048625229E-015   1.9864830467662797       -9.5355581070102521E-016  -1.2041589784756512E-015 -0.99324152338314642        1.5045405784945464E-015 -0.99324152338314131     
   2.7301994720656071E-016   2.9664407552511357E-016   1.1288467432515389E-015   2.8440759607447486E-016   9.3448041697059828E-016   1.0471783126621980E-002   1.9932885416974180E-015   1.4962180562712975E-016  -2.8561834514384819E-016  -1.0960932445155316E-015  -5.2500967326860511E-016  -4.6593197188135132E-016  -1.4410034551272469E-015  -1.0145337266024314E-015   3.1765387236282733E-016   2.5300107220236193E-002  -3.4608707433626609E-016  -3.7102234787490721E-016   1.4497712163668572E-015   2.6309690374664294E-016   6.5252260211440570E-016   3.8129570674675265E-016   5.7263273634216498E-016   7.9712303535201110E-016  -4.4359101692030260E-016  -1.0279086371274836E-016  -8.5067605397742137E-016   1.5321625477137915E-015  -2.0846640032585487E-016   1.2421279266838718E-015   8.4814616153338574E-016   2.7737450880891118E-016   1.2997620935983485E-016  -9.5355581070102521E-016   1.9864830467663044       -6.8672010352516254E-016   1.7945714358979837E-015  -4.6910988548559684E-015   9.3301017953237994E-016
   3.2997667210031065E-016  -5.4137931145217300E-017   5.6160773432427741E-016   1.3546976093680009E-016  -3.0538229725103044E-016   4.6521865847755795E-016   1.0471783126617500E-002  -1.1728024672779041E-015  -1.7366946936986351E-015   2.1592487129045708E-016  -4.3140598660946873E-017   1.0407008446699634E-016   1.5735015847666641E-016   2.6301253783902485E-015  -1.2152776623369083E-015   1.7658884650842530E-015   2.5300107220235235E-002   7.8741733905844833E-016   1.5955394720702335E-015  -2.0400525425010535E-015   2.2880147973698857E-016  -1.9886840711646717E-016   4.4118221143963785E-017  -3.6438360087634712E-016   2.6232796364999010E-015   3.5077524905504104E-016   6.1812169473905239E-017  -3.5030046012732941E-016   1.8475645782359705E-015   2.6172596874272301E-016   2.7089380559125564E-016  -2.7598994955002034E-017  -1.8002086129749160E-016  -1.2041589784756512E-015  -6.8672010352516254E-016   1.9864830467663155       -1.7851151600748528E-015  -1.6331540612056494E-015  -1.6756683388942310E-015
  -8.9653288156594668E-017   2.1528590049279164E-017   1.9267432050942425E-016  -1.8110476824405997E-014  -5.2358915633117942E-003   2.8303050067130219E-016   8.0925729612744602E-017   1.0471783126618273E-002  -1.0352216320424015E-016  -5.2358915633123433E-003  -3.5082807326142188E-017   5.9510164999752624E-018  -9.5323936191026120E-016   5.0057053461704988E-014  -1.2650053610116722E-002  -1.2529293356335436E-015   1.1200826998894155E-015   2.5300107220225951E-002   1.1493091217481604E-015  -1.2650053610112398E-002  -6.3877383798354612E-014  -9.1594958154002072E-017   2.5073374036110522E-017   5.4205493082061917E-016  -1.0178329734099000E-013  -6.4747405702324216E-016  -3.2055646694652197E-015   1.4110468646787410E-015   5.8867293440823412E-015  -3.9984534318860878E-015  -4.4277216283757557E-016  -1.4254003066685800E-017   1.2233540063473665E-015 -0.99324152338314642        1.7945714358979837E-015  -1.7851151600748528E-015   1.9864830467662782       -3.1540728687683249E-015 -0.99324152338313909     
   5.9400679352217347E-016   1.8450574577132302E-016   1.3751787376139263E-015  -2.9020098501390478E-015   1.3894114367872820E-016  -9.7209323263077992E-016  -4.3201017591508147E-016  -1.8986165956250913E-015   1.0471783126616016E-002   1.5817096739728381E-015  -4.1927275586937067E-016  -1.3981654467536459E-016   9.2316100466114257E-017   4.1576967778094116E-015  -6.8672592687667767E-016   1.7922706826550274E-015   1.7616238659530646E-015   2.7025879892626430E-015   2.5300107220237063E-002  -1.7935153975710240E-015  -2.5701184657482073E-015   1.7262740145688849E-016   1.1066917571468160E-016  -4.4163869592006085E-016  -2.1094138121566023E-015  -4.8800839591799323E-017   6.1886538045986805E-017  -4.3843769520611353E-016  -4.1215082050258013E-016   3.2264777516453591E-016   4.8324119086975191E-016   3.4408807189892900E-016   1.0640395734649648E-016   1.5045405784945464E-015  -4.6910988548559684E-015  -1.6331540612056494E-015  -3.1540728687683249E-015   1.9864830467663208        1.9099305470504559E-015
  -8.3969261824679928E-017  -3.6981684199254268E-016  -3.6767913822037151E-016   1.2347392591357986E-014  -5.2358915633088773E-003  -2.0684896090623176E-015   5.7568329562341877E-017  -5.2358915633129496E-003  -8.0400383235243405E-016   1.0471783126626505E-002  -2.2626966258556965E-016   3.5724466667916707E-016   2.2976318410151196E-016  -2.8211896334085736E-014  -1.2650053610112710E-002   5.6582139689766569E-016  -5.2185165190791087E-016  -1.2650053610107733E-002  -8.6358079467012330E-016   2.5300107220228480E-002  -2.5812053250964604E-014   6.1701876266525151E-016   1.7193801327580506E-017  -1.4447295021809318E-015  -8.7550180972066109E-014  -4.7028357387419202E-016  -1.9729800486832609E-015  -2.2106822532100255E-015   5.7086783578817182E-015  -4.1067346974715970E-015  -2.5995014536220601E-016  -1.0309375703535172E-015   1.5716363112888082E-016 -0.99324152338314131        9.3301017953237994E-016  -1.6756683388942310E-015 -0.99324152338313909        1.9099305470504559E-015   1.9864830467662959     
