   2.7833195553306770E-002   8.7987433023320974E-002  -4.1784208756579782E-018   1.6985723654500150E-017   5.5853330639699541E-018   7.4721190900689169E-002  -7.5926695556559183E-021  -5.9353186480673320E-018  -1.8642852560632624E-018
   8.7987433023320974E-002  0.27814946204096991       -1.3208994498532290E-017   5.3695962417991575E-017   1.7656582692338758E-017  0.23621167634903750       -2.4002256683642396E-020  -1.8762971395745735E-017  -5.8934545905830351E-018
  -4.1784208756579782E-018  -1.3208994498532290E-017   6.2727978829078847E-034  -2.5499588133957124E-033  -8.3849057961374098E-034  -1.1217417824536184E-017   1.1398392582182784E-036   8.9103169254384062E-034   2.7987330514015085E-034
   1.6985723654500150E-017   5.3695962417991575E-017  -2.5499588133957124E-033   1.0365852800282157E-032   3.4085530625197992E-033   4.5599992187151816E-017  -4.6335673755213394E-036  -3.6221382544590909E-033  -1.1377146440839585E-033
   5.5853330639699541E-018   1.7656582692338758E-017  -8.3849057961374098E-034   3.4085530625197992E-033   1.1208179591067367E-033   1.4994424097568164E-017  -1.5236334696741191E-036  -1.1910501410719038E-033  -3.7410918417252091E-034
   7.4721190900689169E-002  0.23621167634903750       -1.1217417824536184E-017   4.5599992187151816E-017   1.4994424097568164E-017  0.20059703022328335       -2.0383333643003619E-020  -1.5933997837555861E-017  -5.0048732005942191E-018
  -7.5926695556559183E-021  -2.4002256683642396E-020   1.1398392582182784E-036  -4.6335673755213394E-036  -1.5236334696741191E-036  -2.0383333643003619E-020   2.0712185516382501E-039   1.6191066927973943E-036   5.0856186741691014E-037
  -5.9353186480673320E-018  -1.8762971395745735E-017   8.9103169254384062E-034  -3.6221382544590909E-033  -1.1910501410719038E-033  -1.5933997837555861E-017   1.6191066927973943E-036   1.2656831798787292E-033   3.9755144264470387E-034
  -1.8642852560632624E-018  -5.8934545905830351E-018   2.7987330514015085E-034  -1.1377146440839585E-033  -3.7410918417252091E-034  -5.0048732005942191E-018   5.0856186741691014E-037   3.9755144264470387E-034   1.2487101990565165E-034
