   1.2652171813538778E-003  -2.3440891178602416E-017   5.5436165150288179E-018  -6.2835407392028248E-018   2.4955036017946148E-002   4.2490982410227603E-019   4.4478535664171590E-018   5.3292965911411718E-018   2.9903733261397423E-002
  -2.3440891178602416E-017   4.3429332714174847E-031  -1.0270751407725927E-031   1.1641621442917418E-031  -4.6234614284072491E-016  -7.8723756634748757E-033  -8.2406129924014663E-032  -9.8736772858047574E-032  -5.5403148767255877E-016
   5.5436165150288179E-018  -1.0270751407725927E-031   2.4289651230324773E-032  -2.7531668655832395E-032   1.0934182039338874E-016   1.8617650416118798E-033   1.9488507467812707E-032   2.3350597060753734E-032   1.3102480112663959E-016
  -6.2835407392028248E-018   1.1641621442917418E-031  -2.7531668655832395E-032   3.1206408514759435E-032  -1.2393602282514391E-016  -2.1102607754481510E-033  -2.2089700881775919E-032  -2.6467275923250457E-032  -1.4851310033679490E-016
   2.4955036017946148E-002  -4.6234614284072491E-016   1.0934182039338874E-016  -1.2393602282514391E-016  0.49221100680169072        8.3808852117426709E-018   8.7729085241883898E-017   1.0511459245276234E-016  0.58981869010874832     
   4.2490982410227603E-019  -7.8723756634748757E-033   1.8617650416118798E-033  -2.1102607754481510E-033   8.3808852117426709E-018   1.4270147550907172E-034   1.4937646313944467E-033   1.7897879593347763E-033   1.0042852900958052E-017
   4.4478535664171590E-018  -8.2406129924014663E-032   1.9488507467812707E-032  -2.2089700881775919E-032   8.7729085241883898E-017   1.4937646313944467E-033   1.5636367921529574E-032   1.8735068728704012E-032   1.0512616220842494E-016
   5.3292965911411718E-018  -9.8736772858047574E-032   2.3350597060753734E-032  -2.6467275923250457E-032   1.0511459245276234E-016   1.7897879593347763E-033   1.8735068728704012E-032   2.2447847353730427E-032   1.2595929464206823E-016
   2.9903733261397423E-002  -5.5403148767255877E-016   1.3102480112663959E-016  -1.4851310033679490E-016  0.58981869010874832        1.0042852900958052E-017   1.0512616220842494E-016   1.2595929464206823E-016  0.70678242134833291     
