   1.4637729161458375E-003  -5.9387014611181698E-017  -2.5227486670540247E-018  -5.2686591055330511E-017   2.7322512987774598E-002  -4.9773822349067825E-016   1.0336910567418887E-015  -2.5309939295759659E-016   7.3429285324726368E-017   3.0241986549373705E-018  -5.0151406954554793E-018   4.8060922340982773E-017   1.0762417979271852E-017   4.4095290210902439E-017   9.8115768981151211E-018   7.7632435013494143E-018  -3.0199733034501202E-019   2.0150863872636665E-017   1.2758386125362864E-017   2.1849827172585331E-017   7.8839735425003365E-020   3.1693888124744593E-002  -5.9943883127823003E-016   1.1627676547168930E-015   2.6898257739418911E-016   5.9115528284141587E-004   8.5067542272085205E-016   4.1752821538785828E-016   9.0727421812512896E-016  -1.5428581804514510E-004   7.3108061153452993E-016  -5.1111696414670800E-015  -1.0431691655090696E-015   2.1288576803402315E-016   7.3410312173597586E-018  -2.6012713252622945E-016  -5.9294854198388161E-016   2.6906648055751506E-016   4.1843180463876304E-016
  -5.9387014611181698E-017   1.4637729161450228E-003  -1.0722949272084963E-016  -7.2674869147160914E-017  -5.7090106278985064E-016   2.7322512987767254E-002  -1.6464743385488984E-015  -1.2284972672466461E-015   3.0353350126023639E-017   4.8089786372289682E-018  -7.8808368033162407E-019   2.2066037361123588E-017   5.6256621682299684E-018   3.2057164335878172E-017  -5.5175259287628787E-018   2.0988038811361555E-018   3.5698773805577516E-020  -1.3633077453189385E-017  -1.0172930768113972E-018  -7.1565105969205716E-018  -1.3206153101229055E-015  -6.9085045152234150E-016   3.1693888124735885E-002  -1.7882139068151078E-015  -1.5316216402041480E-016  -1.6171094791429369E-016   5.9115528283906250E-004  -2.7802394941252066E-015  -3.4757479133243248E-016  -3.7738194085266375E-016  -1.5428581804490576E-004   2.1967404106189211E-016   2.4676649925674172E-016   2.9923870519864695E-016   8.9470761499086566E-017   4.5824168467408280E-017  -9.9855603712696890E-016   1.7003486972312171E-016   6.3063866486409127E-016
  -2.5227486670540247E-018  -1.0722949272084963E-016   1.4637729161458329E-003   4.2591085799744475E-017  -1.1298884826824412E-015  -3.0250965902685810E-016   2.7322512987774418E-002  -3.1827940529966403E-016   2.8255095201226311E-017   1.2823855977405380E-017   2.5897116746797262E-018   3.2874450420238929E-017  -5.4479151579662197E-017   9.3683306394442669E-018   1.1121876230267234E-017   2.1799660401053910E-018   2.8369142305282064E-018   1.1096966327897996E-017  -6.4561533412019556E-019   2.0357539772523344E-017  -7.3729990747335582E-017  -1.1706512021152256E-015  -4.6012104568079010E-016   3.1693888124744753E-002  -4.7719672646087637E-016  -1.0742413826631491E-015  -2.3625750732753579E-015   5.9115528284157807E-004  -8.7274507383169348E-016  -9.7390218729492724E-016   1.2253991699000120E-015  -1.5428581804344753E-004   8.3827780019052410E-016   2.1302908141356550E-015  -3.0894665157797487E-016   5.3432323524143757E-016  -9.5407671056089565E-017  -4.6725858269722773E-016  -1.9946186486529556E-015
  -5.2686591055330511E-017  -7.2674869147160914E-017   4.2591085799744475E-017   3.4447934030823138E-004  -1.0032447153172162E-015  -7.6637876210864045E-016   9.1592834376528002E-016   1.2558049091629541E-002  -1.1208281085941389E-016  -1.3480108754817225E-017   3.8995657595255877E-018  -1.8163334814595327E-016   1.1819680315195217E-017  -1.9920518613700016E-017  -2.7936478644327328E-016  -2.2892704555053684E-017   1.0132233649061465E-017  -2.2224086850462825E-016   2.1582864925695447E-017  -1.3557612990023984E-016   1.4268139987947927E-002  -1.1222456661960130E-015  -9.2646420446055098E-016   1.0549693211949840E-015   9.7144720495520101E-003  -5.5872092925606794E-016  -2.3225474487496901E-015   3.8322697806241644E-015   1.7134270025436645E-003  -5.9762691903769745E-016   9.4933441414212380E-016   2.9660909067996474E-016   2.0117581405049083E-004  -4.9907962462011350E-015  -1.4627863962216993E-015   6.1797454411755587E-016  -4.7440426900066075E-015   1.6689787216802037E-015   1.0007415045901646E-014
   2.7322512987774598E-002  -5.7090106278985064E-016  -1.1298884826824412E-015  -1.0032447153172162E-015  0.51005034761589341        7.9813489371283836E-016  -7.5394741448284175E-016  -4.0561044014252561E-015   1.3418398820155902E-015   5.3307399485049711E-017  -4.6407185907726824E-017   9.9920983331838141E-016   1.6163585165591820E-016   7.4789097079447063E-016   1.6387350960481246E-016   1.4317894840145508E-016   1.8764529095239016E-017   4.4338512065511080E-016   2.0852625808339635E-016   3.6305505008886304E-016   5.9152392936548010E-016  0.59164990060577560        5.1158153018544024E-016  -1.5856185722057381E-015   4.1297732995119258E-016   1.3554479048524376E-003  -4.9982422715849288E-016  -8.3167793398647438E-016  -6.7131561803924227E-016   7.4169420076684476E-004  -1.7846327460406036E-015   9.3155848682179314E-015   1.4488145649990409E-015   2.7418291284401718E-016  -2.7310691725471073E-016   3.9014666106445538E-016   1.2611104532094808E-015   2.5505374802856179E-017  -8.2542539851491218E-016
  -4.9773822349067825E-016   2.7322512987767254E-002  -3.0250965902685810E-016  -7.6637876210864045E-016   7.9813489371283836E-016  0.51005034761590273        4.4829227147639245E-016   5.0914817549444109E-016   5.1229832012002703E-016   7.6113056719959975E-017  -3.2641996339755950E-017   5.7876699426080547E-016   7.0896100594157070E-017   4.9969469642667436E-016  -1.4166576093951745E-016   3.2980363282475993E-017   4.7743243628959358E-018  -1.5049101498487154E-016  -3.0862101566941590E-017  -1.9722897515644809E-016   1.7707765724743407E-015   3.9207371756884419E-016  0.59164990060578271        2.8101708159002291E-015   1.6628712945867764E-015  -4.0850014209801320E-017   1.3554479048553392E-003   3.7091597219019150E-015   3.1281664129197557E-016   1.0102783923684937E-015   7.4169420076863196E-004  -8.4437656804242456E-016  -6.8391643223455672E-017  -1.5349347456643461E-015   9.6563759755471176E-017  -2.4282920205466247E-016   1.0347942835957939E-015  -8.1744172657316637E-017  -7.7642886559956356E-016
   1.0336910567418887E-015  -1.6464743385488984E-015   2.7322512987774418E-002   9.1592834376528002E-016  -7.5394741448284175E-016   4.4829227147639245E-016  0.51005034761588830       -3.0520653929515159E-015   2.3590639221094429E-016   2.9166122379414522E-016  -3.5183503495873991E-017   6.5907414796658630E-016  -9.4463592604294989E-016   5.0449131409918179E-016   2.2022637096819827E-017   7.2943461035070965E-017  -2.6457095424362648E-018   2.4113475538970938E-016   3.3621475600953607E-017   5.6290185162649639E-016   2.3075599496046047E-015   1.7010623866529212E-015  -1.4680655585510355E-015  0.59164990060577638        1.9317446649369677E-015   1.2046417872555934E-015   1.4726307346174156E-016   1.3554479048517769E-003   1.3287971175198741E-015   7.1514377637793818E-016  -1.7492885560501606E-015   7.4169420076284557E-004  -5.7661830540738276E-016   1.2887895038945582E-015   5.9027983084631062E-016  -4.4803732262777759E-016   9.5511822641552013E-016  -6.8614719270099173E-016  -1.4790269423795666E-015
  -2.5309939295759659E-016  -1.2284972672466461E-015  -3.1827940529966403E-016   1.2558049091629541E-002  -4.0561044014252561E-015   5.0914817549444109E-016  -3.0520653929515159E-015  0.54286856147071161       -7.0593286517340122E-015  -1.5842511206927525E-016   1.4337578979109464E-016  -1.1152976289695298E-014   2.7845980533762490E-016  -9.0403515762924610E-015  -1.1342123702804735E-014  -4.1259808807355304E-016   9.0141771185122512E-017  -8.0002788565285428E-015  -2.2033015128037567E-017  -8.4636152986504989E-015  0.60701359359592333       -3.3107627786479221E-015  -9.3841295165024343E-016  -3.5087241375505234E-015  -2.5131965509588471E-002  -3.3557346639722067E-015   8.3301489207958243E-015   2.2314459223809854E-014  -3.1900814436653484E-003  -8.4181712256011032E-015  -5.3634384293196013E-017   2.9894818291780565E-015  -2.8243541304341559E-004   1.7458032545785720E-014   2.3637955201661411E-015   2.0198940207192557E-017   1.2763547046350978E-014  -3.9244610155081870E-015  -1.7646911094582409E-014
   7.3429285324726368E-017   3.0353350126023639E-017   2.8255095201226311E-017  -1.1208281085941389E-016   1.3418398820155902E-015   5.1229832012002703E-016   2.3590639221094429E-016  -7.0593286517340122E-015   1.3571099576907653E-004   3.5781424549101492E-017  -3.9673666673196417E-018  -6.7855497884620352E-005   2.2955530893406359E-017  -6.7855497884502716E-005   8.7611618844906294E-005  -6.4208695637493394E-018  -2.6207518679765727E-017  -4.3805809422491975E-005  -4.6073083307772447E-018  -4.3805809422421671E-005  -7.6590906868706174E-015   1.5553565958444820E-015   6.0717213777332085E-016   2.8334572001603462E-016   1.9801576979238192E-014   1.0393502320250460E-015  -1.0632314166366807E-015  -5.5720816354356525E-015  -3.8100915730115626E-015   3.6641549210466820E-015  -3.6239413825566086E-016  -5.2525532549161894E-016  -1.6582888143649368E-015   1.6438113758408378E-002   1.9220615411628043E-015  -8.7290810972702579E-016  -8.2190568792102989E-003   1.0833358695386964E-015  -8.2190568791981038E-003
   3.0241986549373705E-018   4.8089786372289682E-018   1.2823855977405380E-017  -1.3480108754817225E-017   5.3307399485049711E-017   7.6113056719959975E-017   2.9166122379414522E-016  -1.5842511206927525E-016   3.5781424549101492E-017   1.3571099576887858E-004  -1.9178414112613931E-018  -3.5542081493195856E-018  -2.2044075465685463E-017  -2.6970241359404931E-017   1.6852829734828460E-017   8.7611618845046021E-005  -1.4682417822508113E-017  -1.1764054311066770E-017  -1.1188345703719347E-018  -5.4528122346650006E-018  -1.9958035080032785E-016   6.4764708454995068E-017   8.5680430690304337E-017   3.3442157597652389E-016   3.1234903898305432E-016  -5.6504119377832939E-017   3.7040252904504438E-016  -4.7442557184744332E-016   1.1615642435011821E-015  -3.8480532332413472E-017   6.2337488608720989E-016  -1.4012374347999953E-015   5.4386414840017792E-016   2.4002065576901725E-015   1.6438113758396215E-002  -5.3132047440657321E-016  -7.9979635500565304E-016  -7.3855280242473185E-016  -1.5956721270250680E-015
  -5.0151406954554793E-018  -7.8808368033162407E-019   2.5897116746797262E-018   3.8995657595255877E-018  -4.6407185907726824E-017  -3.2641996339755950E-017  -3.5183503495873991E-017   1.4337578979109464E-016  -3.9673666673196417E-018  -1.9178414112613931E-018   1.3571099576888338E-004   8.9350891714968789E-019   3.9260092910522732E-017  -1.4303531413553488E-018  -3.8595899965886320E-018  -1.0923680994927652E-018   8.7611618845038594E-005  -2.0079759738903416E-018   4.3236862967044472E-018   2.6547805996292211E-020   1.4626644281838627E-016  -6.0762588548895014E-017  -3.1783766504310928E-017  -3.7636616380051515E-017  -4.7586963753513246E-016  -4.1827512210305969E-016   9.6029585943191424E-016  -3.0945510560168876E-016  -2.4754508979812086E-015   1.0413849221192944E-015  -2.3343066667132628E-015   5.7292611900831224E-016   9.6712089706753231E-016   4.1734541508992872E-016   2.8070248355533886E-016   1.6438113758396513E-002   2.1977180376931222E-016   1.3236482222789281E-015  -6.4140903223258225E-016
   4.8060922340982773E-017   2.2066037361123588E-017   3.2874450420238929E-017  -1.8163334814595327E-016   9.9920983331838141E-016   5.7876699426080547E-016   6.5907414796658630E-016  -1.1152976289695298E-014  -6.7855497884620352E-005  -3.5542081493195856E-018   8.9350891714968789E-019   1.3571099576908030E-004   8.6357473970785504E-018  -6.7855497884412145E-005  -4.3805809422443620E-005   1.0495801143575720E-017   3.6656773543061282E-018   8.7611618844961941E-005  -3.1073445029091521E-018  -4.3805809422518328E-005  -1.2130014537005883E-014   1.1409861722084340E-015   6.4856472047079423E-016   7.5882278084527330E-016   2.4139067939248518E-014   6.0876667751501127E-016  -8.6270273720857693E-016  -5.1380088021001799E-015  -2.8431082000525110E-015   1.7368562095414753E-015   1.5067279093483930E-016  -1.1295111202755997E-015   1.7092860626266945E-015  -8.2190568792080369E-003   3.8928406058034130E-016  -1.3281031920650333E-016   1.6438113758408576E-002   3.1369441685088666E-016  -8.2190568792005429E-003
   1.0762417979271852E-017   5.6256621682299684E-018  -5.4479151579662197E-017   1.1819680315195217E-017   1.6163585165591820E-016   7.0896100594157070E-017  -9.4463592604294989E-016   2.7845980533762490E-016   2.2955530893406359E-017  -2.2044075465685463E-017   3.9260092910522732E-017   8.6357473970785504E-018   1.3571099576894548E-004  -2.4623044445348789E-017   8.6743841763100217E-018  -1.6967868224155637E-017   1.7341586770545531E-017   4.5218374124399188E-018   8.7611618845066024E-005  -7.1486771565384719E-018   3.2354797061586664E-016   1.8683784337651581E-016   8.4214373534649989E-017  -1.0918171776084863E-015  -1.6454589130578202E-015  -1.1000023848697306E-016   1.3256454958513617E-015  -7.2571947583974330E-016  -1.0832250458836989E-015   8.0589418515804957E-016  -4.6343296148159228E-016   1.3894061414912143E-015   6.6247256699087117E-016   1.7048196130487058E-015  -1.9340307519822176E-015   3.4352649373671669E-015   7.4426138097275369E-016   1.6438113758400257E-002  -2.4288261962475105E-015
   4.4095290210902439E-017   3.2057164335878172E-017   9.3683306394442669E-018  -1.9920518613700016E-017   7.4789097079447063E-016   4.9969469642667436E-016   5.0449131409918179E-016  -9.0403515762924610E-015  -6.7855497884502716E-005  -2.6970241359404931E-017  -1.4303531413553488E-018  -6.7855497884412145E-005  -2.4623044445348789E-017   1.3571099576891357E-004  -4.3805809422492707E-005  -6.8116008629898916E-019   1.9634035003851024E-017  -4.3805809422439100E-005   1.2213172580413694E-017   8.7611618844939172E-005  -9.3547917661938214E-015   8.8575744104561609E-016   5.8863441950763972E-016   5.7606554666317569E-016   2.0820061576243982E-014   9.5161097338564715E-016  -9.6426012109055523E-016  -7.2360733618419802E-015  -4.0292896910240691E-016   3.3067017728396435E-016   8.3198580139624816E-017  -2.4217096148925286E-016   2.0755971251615427E-015  -8.2190568792059777E-003  -1.6745901271637479E-015   4.6014177791100806E-016  -8.2190568791924851E-003  -5.5299661000963261E-016   1.6438113758398491E-002
   9.8115768981151211E-018  -5.5175259287628787E-018   1.1121876230267234E-017  -2.7936478644327328E-016   1.6387350960481246E-016  -1.4166576093951745E-016   2.2022637096819827E-017  -1.1342123702804735E-014   8.7611618844906294E-005   1.6852829734828460E-017  -3.8595899965886320E-018  -4.3805809422443620E-005   8.6743841763100217E-018  -4.3805809422492707E-005   5.6559866156211396E-005  -8.1779054095635066E-018  -1.7757106062013637E-017  -2.8279933078090407E-005  -6.9415061402872807E-018  -2.8279933078125732E-005  -1.2742562409696832E-014   1.9000790067213416E-016  -1.5572168179014831E-016   3.1326818243390810E-017  -1.1345783600292331E-015  -3.5053177327747535E-016  -7.3268850071011397E-018  -3.5740549729011177E-015   2.2104554225068014E-014  -7.0083007627309358E-016  -3.9950502419495154E-016   1.1711144012112013E-015   4.3686899215984724E-015   1.0612034411577473E-002   4.8419029067192227E-016  -7.2079263910318007E-016  -5.3060172057851091E-003  -4.4959873565558200E-017  -5.3060172057923793E-003
   7.7632435013494143E-018   2.0988038811361555E-018   2.1799660401053910E-018  -2.2892704555053684E-017   1.4317894840145508E-016   3.2980363282475993E-017   7.2943461035070965E-017  -4.1259808807355304E-016  -6.4208695637493394E-018   8.7611618845046021E-005  -1.0923680994927652E-018   1.0495801143575720E-017  -1.6967868224155637E-017  -6.8116008629898916E-019  -8.1779054095635066E-018   5.6559866156474301E-005  -9.3845121147438507E-018   6.6252410777770187E-019  -2.4890791074008076E-018   7.2803672310434779E-018  -5.0507163449599967E-016   1.6764130373646126E-016   3.6528604654707752E-017   8.1873763017821462E-017  -7.2669716395162967E-016   4.8590777612711948E-016  -5.4091985995912246E-016   5.9215895707730558E-016  -1.6377242261379249E-015   1.5300158892188448E-015  -2.3604214710241853E-016   6.7172543290141622E-016  -5.7239719153996230E-016  -2.0261788310393013E-015   1.0612034411602023E-002  -3.2535403712808622E-016   1.0329088218150937E-015  -8.0828415453273198E-016   9.9632824815004592E-016
  -3.0199733034501202E-019   3.5698773805577516E-020   2.8369142305282064E-018   1.0132233649061465E-017   1.8764529095239016E-017   4.7743243628959358E-018  -2.6457095424362648E-018   9.0141771185122512E-017  -2.6207518679765727E-017  -1.4682417822508113E-017   8.7611618845038594E-005   3.6656773543061282E-018   1.7341586770545531E-017   1.9634035003851024E-017  -1.7757106062013637E-017  -9.3845121147438507E-018   5.6559866156462714E-005   6.9778723087093177E-019  -2.3757570178419817E-018   1.3288502917712791E-017   1.2367420740617831E-016   1.8002787907056655E-017   7.6273565319897337E-018  -9.2418479078429696E-019   5.7330466514989049E-016   4.1678368801312835E-016  -1.1476332658154075E-015   1.7800884017460287E-016   2.1823457061467032E-015  -8.4893100768145032E-016   2.4294560753081927E-015   4.5102064820621359E-016  -9.6427394412413234E-016  -2.5947494851255148E-015  -1.4472385878545662E-015   1.0612034411600940E-002   5.1601924773089967E-016  -1.1494702962361831E-016   2.0759597497884645E-015
   2.0150863872636665E-017  -1.3633077453189385E-017   1.1096966327897996E-017  -2.2224086850462825E-016   4.4338512065511080E-016  -1.5049101498487154E-016   2.4113475538970938E-016  -8.0002788565285428E-015  -4.3805809422491975E-005  -1.1764054311066770E-017  -2.0079759738903416E-018   8.7611618844961941E-005   4.5218374124399188E-018  -4.3805809422439100E-005  -2.8279933078090407E-005   6.6252410777770187E-019   6.9778723087093177E-019   5.6559866156281672E-005  -2.6859356854831198E-018  -2.8279933078191269E-005  -9.0897209829467697E-015   5.0257765578495950E-016  -1.8895266885247940E-016   2.7515787123324830E-016  -5.4956678333492163E-015   7.6126838489845340E-017   4.8460176670586463E-017  -3.2343464109691141E-015   2.1583791063617341E-014   1.0221923147767495E-015  -3.2595935977923771E-016   2.0781651696470101E-015   2.5133470935940967E-015  -5.3060172057895058E-003  -8.9569520183229710E-016  -3.9882546321468948E-016   1.0612034411584046E-002   7.4945157535697521E-017  -5.3060172057945425E-003
   1.2758386125362864E-017  -1.0172930768113972E-018  -6.4561533412019556E-019   2.1582864925695447E-017   2.0852625808339635E-016  -3.0862101566941590E-017   3.3621475600953607E-017  -2.2033015128037567E-017  -4.6073083307772447E-018  -1.1188345703719347E-018   4.3236862967044472E-018  -3.1073445029091521E-018   8.7611618845066024E-005   1.2213172580413694E-017  -6.9415061402872807E-018  -2.4890791074008076E-018  -2.3757570178419817E-018  -2.6859356854831198E-018   5.6559866156472248E-005   1.3531583718436847E-017   6.1222312681795574E-017   2.4193421696389742E-016  -3.5171238896709084E-017   4.1417384936842661E-017   2.3326339283436953E-015   4.6953798969686551E-016  -1.2873797133532776E-015   1.1535730425696758E-016   9.6045473650209607E-016  -4.0451937317755153E-016  -4.1766137044569312E-016   1.8764374924493384E-015  -2.7348226531199537E-016  -1.2525024310281324E-015   3.3967312910142016E-016  -3.2854502199862973E-016  -5.7118300957465951E-016   1.0612034411601823E-002   1.8367613926120246E-015
   2.1849827172585331E-017  -7.1565105969205716E-018   2.0357539772523344E-017  -1.3557612990023984E-016   3.6305505008886304E-016  -1.9722897515644809E-016   5.6290185162649639E-016  -8.4636152986504989E-015  -4.3805809422421671E-005  -5.4528122346650006E-018   2.6547805996292211E-020  -4.3805809422518328E-005  -7.1486771565384719E-018   8.7611618844939172E-005  -2.8279933078125732E-005   7.2803672310434779E-018   1.3288502917712791E-017  -2.8279933078191269E-005   1.3531583718436847E-017   5.6559866156321754E-005  -9.2380563462235524E-015   4.3240358277805215E-016  -2.2312697467572116E-016   6.4990131499029753E-016  -2.0585286044987568E-015   2.8990768573473547E-016  -3.7902501558988162E-016  -8.3942845958084087E-017   1.9464713855405390E-014   1.4233018047764297E-015   7.6912471289951338E-016  -4.4157625181465564E-015   1.5260961697831632E-015  -5.3060172057888579E-003   3.6741051170665604E-016   4.1211946499646780E-016  -5.3060172057989366E-003   7.0252885513746770E-016   1.0612034411587814E-002
   7.8839735425003365E-020  -1.3206153101229055E-015  -7.3729990747335582E-017   1.4268139987947927E-002   5.9152392936548010E-016   1.7707765724743407E-015   2.3075599496046047E-015  0.60701359359592333       -7.6590906868706174E-015  -1.9958035080032785E-016   1.4626644281838627E-016  -1.2130014537005883E-014   3.2354797061586664E-016  -9.3547917661938214E-015  -1.2742562409696832E-014  -5.0507163449599967E-016   1.2367420740617831E-016  -9.0897209829467697E-015   6.1222312681795574E-017  -9.2380563462235524E-015  0.67968623248909088        2.2816072416720117E-015   3.3568164538904708E-016   2.6636769076563701E-015   1.5074652552036006E-002   2.0279757330427918E-015  -4.9120138352420762E-015  -9.9994620075477429E-015   3.8004213535367875E-003   3.6404622091079644E-015  -2.1251985701246089E-016  -7.1114634927468124E-016   5.2368887087611690E-004  -7.7134399875062734E-016  -1.4423652758495932E-015   5.9694753774733424E-016  -4.3987662977271838E-015   1.7286373266412694E-015   1.9131483382738058E-014
   3.1693888124744593E-002  -6.9085045152234150E-016  -1.1706512021152256E-015  -1.1222456661960130E-015  0.59164990060577560        3.9207371756884419E-016   1.7010623866529212E-015  -3.3107627786479221E-015   1.5553565958444820E-015   6.4764708454995068E-017  -6.0762588548895014E-017   1.1409861722084340E-015   1.8683784337651581E-016   8.8575744104561609E-016   1.9000790067213416E-016   1.6764130373646126E-016   1.8002787907056655E-017   5.0257765578495950E-016   2.4193421696389742E-016   4.3240358277805215E-016   2.2816072416720117E-015  0.68630443491440440       -2.6136304209201478E-017   1.1543229479910044E-015   2.0224474282145976E-015   2.2122299476415529E-003   2.5041558599639556E-016   6.6633032641885692E-016   6.5800609582899759E-016   2.1478417697623711E-004   1.2979924895682795E-015  -6.1463078639255200E-015  -1.8502059106661594E-016   2.8097178259818166E-016   3.9330674884704797E-017  -3.3008548170288064E-016  -6.8266188083271851E-016  -1.4386843762687527E-017   1.2251914648536638E-015
  -5.9943883127823003E-016   3.1693888124735885E-002  -4.6012104568079010E-016  -9.2646420446055098E-016   5.1158153018544024E-016  0.59164990060578271       -1.4680655585510355E-015  -9.3841295165024343E-016   6.0717213777332085E-016   8.5680430690304337E-017  -3.1783766504310928E-017   6.4856472047079423E-016   8.4214373534649989E-017   5.8863441950763972E-016  -1.5572168179014831E-016   3.6528604654707752E-017   7.6273565319897337E-018  -1.8895266885247940E-016  -3.5171238896709084E-017  -2.2312697467572116E-016   3.3568164538904708E-016  -2.6136304209201478E-017  0.68630443491440862        9.5052313197992524E-016   1.7504049498131919E-015  -1.3894764673226225E-016   2.2122299476410256E-003  -7.9139016634664808E-016   5.7644817907115283E-016  -1.5579854630233439E-016   2.1478417697374231E-004   1.2213170102159568E-015   7.4685140546719749E-016  -1.8980860522252593E-016  -1.9414285006452580E-016   3.2654421646268573E-016  -1.5218656534865899E-015   7.5149936395842297E-017   2.3049998077296852E-016
   1.1627676547168930E-015  -1.7882139068151078E-015   3.1693888124744753E-002   1.0549693211949840E-015  -1.5856185722057381E-015   2.8101708159002291E-015  0.59164990060577638       -3.5087241375505234E-015   2.8334572001603462E-016   3.3442157597652389E-016  -3.7636616380051515E-017   7.5882278084527330E-016  -1.0918171776084863E-015   5.7606554666317569E-016   3.1326818243390810E-017   8.1873763017821462E-017  -9.2418479078429696E-019   2.7515787123324830E-016   4.1417384936842661E-017   6.4990131499029753E-016   2.6636769076563701E-015   1.1543229479910044E-015   9.5052313197992524E-016  0.68630443491441318        6.9513216616880641E-016   5.1280221659722597E-016   1.7288591649250342E-015   2.2122299476428102E-003  -9.4851504348452997E-017   1.6921537176301741E-016   1.8437804035143640E-015   2.1478417697787803E-004   1.4953898092876777E-016   2.8672071008681935E-015   1.7613313001058663E-016  -1.0084055189652374E-016   5.7370755763776623E-016  -2.3579860914173197E-016  -2.5541719178529678E-015
   2.6898257739418911E-016  -1.5316216402041480E-016  -4.7719672646087637E-016   9.7144720495520101E-003   4.1297732995119258E-016   1.6628712945867764E-015   1.9317446649369677E-015  -2.5131965509588471E-002   1.9801576979238192E-014   3.1234903898305432E-016  -4.7586963753513246E-016   2.4139067939248518E-014  -1.6454589130578202E-015   2.0820061576243982E-014  -1.1345783600292331E-015  -7.2669716395162967E-016   5.7330466514989049E-016  -5.4956678333492163E-015   2.3326339283436953E-015  -2.0585286044987568E-015   1.5074652552036006E-002   2.0224474282145976E-015   1.7504049498131919E-015   6.9513216616880641E-016   2.0249853879576083        7.6991906481319830E-016  -3.3708987180745489E-015  -7.5733626642170642E-015   2.2249544012550170E-003   2.6679364135582892E-015   6.3440926075390441E-017  -8.2270361425743591E-017   2.9597443894313814E-004  -2.7793955221253678E-014  -1.8055394094479589E-015   7.4379659958055832E-016  -2.5424454751509626E-014  -7.8702125806265848E-016  -1.1329039442447856E-014
   5.9115528284141587E-004  -1.6171094791429369E-016  -1.0742413826631491E-015  -5.5872092925606794E-016   1.3554479048524376E-003  -4.0850014209801320E-017   1.2046417872555934E-015  -3.3557346639722067E-015   1.0393502320250460E-015  -5.6504119377832939E-017  -4.1827512210305969E-016   6.0876667751501127E-016  -1.1000023848697306E-016   9.5161097338564715E-016  -3.5053177327747535E-016   4.8590777612711948E-016   4.1678368801312835E-016   7.6126838489845340E-017   4.6953798969686551E-016   2.8990768573473547E-016   2.0279757330427918E-015   2.2122299476415529E-003  -1.3894764673226225E-016   5.1280221659722597E-016   7.6991906481319830E-016   2.0001244091235928        5.1854193864371825E-017   4.9057268392948411E-016  -2.1232143914672509E-017  -2.8089978363583350E-005   3.7971424437168919E-016  -2.1915057657090510E-015  -6.0307355441671754E-016   5.8058100451886602E-016   1.3639583960597997E-016  -1.8837372016443654E-016   3.2633164744295739E-016  -1.0298994299308404E-016   1.0734144769370087E-015
   8.5067542272085205E-016   5.9115528283906250E-004  -2.3625750732753579E-015  -2.3225474487496901E-015  -4.9982422715849288E-016   1.3554479048553392E-003   1.4726307346174156E-016   8.3301489207958243E-015  -1.0632314166366807E-015   3.7040252904504438E-016   9.6029585943191424E-016  -8.6270273720857693E-016   1.3256454958513617E-015  -9.6426012109055523E-016  -7.3268850071011397E-018  -5.4091985995912246E-016  -1.1476332658154075E-015   4.8460176670586463E-017  -1.2873797133532776E-015  -3.7902501558988162E-016  -4.9120138352420762E-015   2.5041558599639556E-016   2.2122299476410256E-003   1.7288591649250342E-015  -3.3708987180745489E-015   5.1854193864371825E-017   2.0001244091235892       -5.4930474759953354E-016  -6.8637846771276920E-016   1.6773868448791679E-016  -2.8089978363858886E-005  -9.1706964311700597E-016  -3.3892839605158941E-016  -1.8134724814369199E-016  -1.8233957474419818E-018   8.9780731358142297E-017  -1.1516787133545364E-015   2.9047873413262719E-016   2.1181339114275275E-016
   4.1752821538785828E-016  -2.7802394941252066E-015   5.9115528284157807E-004   3.8322697806241644E-015  -8.3167793398647438E-016   3.7091597219019150E-015   1.3554479048517769E-003   2.2314459223809854E-014  -5.5720816354356525E-015  -4.7442557184744332E-016  -3.0945510560168876E-016  -5.1380088021001799E-015  -7.2571947583974330E-016  -7.2360733618419802E-015  -3.5740549729011177E-015   5.9215895707730558E-016   1.7800884017460287E-016  -3.2343464109691141E-015   1.1535730425696758E-016  -8.3942845958084087E-017  -9.9994620075477429E-015   6.6633032641885692E-016  -7.9139016634664808E-016   2.2122299476428102E-003  -7.5733626642170642E-015   4.9057268392948411E-016  -5.4930474759953354E-016   2.0001244091235906       -1.7280183189023783E-015   1.2706905048067276E-016   4.9854862564584214E-016  -2.8089978363035835E-005  -2.9590593847729054E-016   3.1969396331153198E-016   2.7229981053955275E-016  -2.5635107472320445E-016  -1.9395601113808216E-015   2.1073012437627552E-016  -1.7913142604818326E-015
   9.0727421812512896E-016  -3.4757479133243248E-016  -8.7274507383169348E-016   1.7134270025436645E-003  -6.7131561803924227E-016   3.1281664129197557E-016   1.3287971175198741E-015  -3.1900814436653484E-003  -3.8100915730115626E-015   1.1615642435011821E-015  -2.4754508979812086E-015  -2.8431082000525110E-015  -1.0832250458836989E-015  -4.0292896910240691E-016   2.2104554225068014E-014  -1.6377242261379249E-015   2.1823457061467032E-015   2.1583791063617341E-014   9.6045473650209607E-016   1.9464713855405390E-014   3.8004213535367875E-003   6.5800609582899759E-016   5.7644817907115283E-016  -9.4851504348452997E-017   2.2249544012550170E-003  -2.1232143914672509E-017  -6.8637846771276920E-016  -1.7280183189023783E-015   2.0011027753225452        4.7411851733984908E-016   2.3199497409930168E-016   1.4204790302723672E-015   7.0194298713819995E-005   1.1360315388484090E-013  -5.0029999453799026E-016  -3.5563175015342710E-017   1.1052752577381280E-013  -6.7075903760955656E-016   1.1737608090344965E-013
  -1.5428581804514510E-004  -3.7738194085266375E-016  -9.7390218729492724E-016  -5.9762691903769745E-016   7.4169420076684476E-004   1.0102783923684937E-015   7.1514377637793818E-016  -8.4181712256011032E-015   3.6641549210466820E-015  -3.8480532332413472E-017   1.0413849221192944E-015   1.7368562095414753E-015   8.0589418515804957E-016   3.3067017728396435E-016  -7.0083007627309358E-016   1.5300158892188448E-015  -8.4893100768145032E-016   1.0221923147767495E-015  -4.0451937317755153E-016   1.4233018047764297E-015   3.6404622091079644E-015   2.1478417697623711E-004  -1.5579854630233439E-016   1.6921537176301741E-016   2.6679364135582892E-015  -2.8089978363583350E-005   1.6773868448791679E-016   1.2706905048067276E-016   4.7411851733984908E-016   1.9999896734692280        3.2194567929537668E-017  -1.1896799428590812E-016   6.5035305045770215E-017   1.1360653068809298E-015  -1.9187689158275246E-015  -4.7661633475015207E-017  -1.0030031487202178E-016   4.1032952092197186E-016   7.2072462741218939E-016
   7.3108061153452993E-016  -1.5428581804490576E-004   1.2253991699000120E-015   9.4933441414212380E-016  -1.7846327460406036E-015   7.4169420076863196E-004  -1.7492885560501606E-015  -5.3634384293196013E-017  -3.6239413825566086E-016   6.2337488608720989E-016  -2.3343066667132628E-015   1.5067279093483930E-016  -4.6343296148159228E-016   8.3198580139624816E-017  -3.9950502419495154E-016  -2.3604214710241853E-016   2.4294560753081927E-015  -3.2595935977923771E-016  -4.1766137044569312E-016   7.6912471289951338E-016  -2.1251985701246089E-016   1.2979924895682795E-015   2.1478417697374231E-004   1.8437804035143640E-015   6.3440926075390441E-017   3.7971424437168919E-016  -2.8089978363858886E-005   4.9854862564584214E-016   2.3199497409930168E-016   3.2194567929537668E-017   1.9999896734692226       -2.2998385417438004E-016   4.4270900995618471E-017   1.8796529722765397E-015   3.2374276505823041E-016  -5.5688269750329349E-016   2.6295393546524210E-016  -4.1380318483743838E-017  -2.0902453520902523E-015
  -5.1111696414670800E-015   2.1967404106189211E-016  -1.5428581804344753E-004   2.9660909067996474E-016   9.3155848682179314E-015  -8.4437656804242456E-016   7.4169420076284557E-004   2.9894818291780565E-015  -5.2525532549161894E-016  -1.4012374347999953E-015   5.7292611900831224E-016  -1.1295111202755997E-015   1.3894061414912143E-015  -2.4217096148925286E-016   1.1711144012112013E-015   6.7172543290141622E-016   4.5102064820621359E-016   2.0781651696470101E-015   1.8764374924493384E-015  -4.4157625181465564E-015  -7.1114634927468124E-016  -6.1463078639255200E-015   1.2213170102159568E-015   2.1478417697787803E-004  -8.2270361425743591E-017  -2.1915057657090510E-015  -9.1706964311700597E-016  -2.8089978363035835E-005   1.4204790302723672E-015  -1.1896799428590812E-016  -2.2998385417438004E-016   1.9999896734692253        9.2518388190558430E-016  -6.2333305390715689E-015  -5.5229704189928140E-016   2.7327790319325280E-016  -2.7908410175238721E-015   4.9732535121030737E-016   7.2104065471693424E-015
  -1.0431691655090696E-015   2.4676649925674172E-016   8.3827780019052410E-016   2.0117581405049083E-004   1.4488145649990409E-015  -6.8391643223455672E-017  -5.7661830540738276E-016  -2.8243541304341559E-004  -1.6582888143649368E-015   5.4386414840017792E-016   9.6712089706753231E-016   1.7092860626266945E-015   6.6247256699087117E-016   2.0755971251615427E-015   4.3686899215984724E-015  -5.7239719153996230E-016  -9.6427394412413234E-016   2.5133470935940967E-015  -2.7348226531199537E-016   1.5260961697831632E-015   5.2368887087611690E-004  -1.8502059106661594E-016   7.4685140546719749E-016   1.4953898092876777E-016   2.9597443894313814E-004  -6.0307355441671754E-016  -3.3892839605158941E-016  -2.9590593847729054E-016   7.0194298713819995E-005   6.5035305045770215E-017   4.4270900995618471E-017   9.2518388190558430E-016   2.0000186379953062        1.0308335475056867E-014   2.4156422827890585E-017   1.3497953867783911E-016   1.2299781633781074E-014   1.7443855853477919E-016   1.3973254711445692E-014
   2.1288576803402315E-016   2.9923870519864695E-016   2.1302908141356550E-015  -4.9907962462011350E-015   2.7418291284401718E-016  -1.5349347456643461E-015   1.2887895038945582E-015   1.7458032545785720E-014   1.6438113758408378E-002   2.4002065576901725E-015   4.1734541508992872E-016  -8.2190568792080369E-003   1.7048196130487058E-015  -8.2190568792059777E-003   1.0612034411577473E-002  -2.0261788310393013E-015  -2.5947494851255148E-015  -5.3060172057895058E-003  -1.2525024310281324E-015  -5.3060172057888579E-003  -7.7134399875062734E-016   2.8097178259818166E-016  -1.8980860522252593E-016   2.8672071008681935E-015  -2.7793955221253678E-014   5.8058100451886602E-016  -1.8134724814369199E-016   3.1969396331153198E-016   1.1360315388484090E-013   1.1360653068809298E-015   1.8796529722765397E-015  -6.2333305390715689E-015   1.0308335475056867E-014   1.9910809909180991       -1.4279078136905654E-015   3.0267129948191585E-015 -0.99554049545905143        9.2623391595436585E-016 -0.99554049545905055     
   7.3410312173597586E-018   8.9470761499086566E-017  -3.0894665157797487E-016  -1.4627863962216993E-015  -2.7310691725471073E-016   9.6563759755471176E-017   5.9027983084631062E-016   2.3637955201661411E-015   1.9220615411628043E-015   1.6438113758396215E-002   2.8070248355533886E-016   3.8928406058034130E-016  -1.9340307519822176E-015  -1.6745901271637479E-015   4.8419029067192227E-016   1.0612034411602023E-002  -1.4472385878545662E-015  -8.9569520183229710E-016   3.3967312910142016E-016   3.6741051170665604E-016  -1.4423652758495932E-015   3.9330674884704797E-017  -1.9414285006452580E-016   1.7613313001058663E-016  -1.8055394094479589E-015   1.3639583960597997E-016  -1.8233957474419818E-018   2.7229981053955275E-016  -5.0029999453799026E-016  -1.9187689158275246E-015   3.2374276505823041E-016  -5.5229704189928140E-016   2.4156422827890585E-017  -1.4279078136905654E-015   1.9910809909180565       -2.2186029055570877E-015   2.4217959452080277E-015  -2.9986321585517824E-016  -4.2001801579675329E-016
  -2.6012713252622945E-016   4.5824168467408280E-017   5.3432323524143757E-016   6.1797454411755587E-016   3.9014666106445538E-016  -2.4282920205466247E-016  -4.4803732262777759E-016   2.0198940207192557E-017  -8.7290810972702579E-016  -5.3132047440657321E-016   1.6438113758396513E-002  -1.3281031920650333E-016   3.4352649373671669E-015   4.6014177791100806E-016  -7.2079263910318007E-016  -3.2535403712808622E-016   1.0612034411600940E-002  -3.9882546321468948E-016  -3.2854502199862973E-016   4.1211946499646780E-016   5.9694753774733424E-016  -3.3008548170288064E-016   3.2654421646268573E-016  -1.0084055189652374E-016   7.4379659958055832E-016  -1.8837372016443654E-016   8.9780731358142297E-017  -2.5635107472320445E-016  -3.5563175015342710E-017  -4.7661633475015207E-017  -5.5688269750329349E-016   2.7327790319325280E-016   1.3497953867783911E-016   3.0267129948191585E-015  -2.2186029055570877E-015   1.9910809909180582       -2.5757119961194988E-015   4.2386883933320816E-016  -9.7072898019010866E-016
  -5.9294854198388161E-016  -9.9855603712696890E-016  -9.5407671056089565E-017  -4.7440426900066075E-015   1.2611104532094808E-015   1.0347942835957939E-015   9.5511822641552013E-016   1.2763547046350978E-014  -8.2190568792102989E-003  -7.9979635500565304E-016   2.1977180376931222E-016   1.6438113758408576E-002   7.4426138097275369E-016  -8.2190568791924851E-003  -5.3060172057851091E-003   1.0329088218150937E-015   5.1601924773089967E-016   1.0612034411584046E-002  -5.7118300957465951E-016  -5.3060172057989366E-003  -4.3987662977271838E-015  -6.8266188083271851E-016  -1.5218656534865899E-015   5.7370755763776623E-016  -2.5424454751509626E-014   3.2633164744295739E-016  -1.1516787133545364E-015  -1.9395601113808216E-015   1.1052752577381280E-013  -1.0030031487202178E-016   2.6295393546524210E-016  -2.7908410175238721E-015   1.2299781633781074E-014 -0.99554049545905143        2.4217959452080277E-015  -2.5757119961194988E-015   1.9910809909180913        1.4465696435844783E-015 -0.99554049545904044     
   2.6906648055751506E-016   1.7003486972312171E-016  -4.6725858269722773E-016   1.6689787216802037E-015   2.5505374802856179E-017  -8.1744172657316637E-017  -6.8614719270099173E-016  -3.9244610155081870E-015   1.0833358695386964E-015  -7.3855280242473185E-016   1.3236482222789281E-015   3.1369441685088666E-016   1.6438113758400257E-002  -5.5299661000963261E-016  -4.4959873565558200E-017  -8.0828415453273198E-016  -1.1494702962361831E-016   7.4945157535697521E-017   1.0612034411601823E-002   7.0252885513746770E-016   1.7286373266412694E-015  -1.4386843762687527E-017   7.5149936395842297E-017  -2.3579860914173197E-016  -7.8702125806265848E-016  -1.0298994299308404E-016   2.9047873413262719E-016   2.1073012437627552E-016  -6.7075903760955656E-016   4.1032952092197186E-016  -4.1380318483743838E-017   4.9732535121030737E-016   1.7443855853477919E-016   9.2623391595436585E-016  -2.9986321585517824E-016   4.2386883933320816E-016   1.4465696435844783E-015   1.9910809909180540        8.0550080426803512E-017
   4.1843180463876304E-016   6.3063866486409127E-016  -1.9946186486529556E-015   1.0007415045901646E-014  -8.2542539851491218E-016  -7.7642886559956356E-016  -1.4790269423795666E-015  -1.7646911094582409E-014  -8.2190568791981038E-003  -1.5956721270250680E-015  -6.4140903223258225E-016  -8.2190568792005429E-003  -2.4288261962475105E-015   1.6438113758398491E-002  -5.3060172057923793E-003   9.9632824815004592E-016   2.0759597497884645E-015  -5.3060172057945425E-003   1.8367613926120246E-015   1.0612034411587814E-002   1.9131483382738058E-014   1.2251914648536638E-015   2.3049998077296852E-016  -2.5541719178529678E-015  -1.1329039442447856E-014   1.0734144769370087E-015   2.1181339114275275E-016  -1.7913142604818326E-015   1.1737608090344965E-013   7.2072462741218939E-016  -2.0902453520902523E-015   7.2104065471693424E-015   1.3973254711445692E-014 -0.99554049545905055       -4.2001801579675329E-016  -9.7072898019010866E-016 -0.99554049545904044        8.0550080426803512E-017   1.9910809909180944     
