   8.6486432223870447E-011   1.0222488919633753E-020   1.6040704519965447E-020   1.0786685602710804E-017   1.5676084713160519E-009   9.0196232092211553E-020   3.0406826911669582E-019  -1.0935270885922770E-016   1.3908574537208056E-022   1.4598157579082599E-021   1.0183580257947021E-021   1.7849828201909227E-021  -3.7028103731551880E-021   6.2247116648120859E-021  -7.2937935052593095E-017  -9.8267932239833970E-011   2.9995865922133700E-021  -2.2188419650279961E-020   2.5222583040032123E-015  -1.3152036043485083E-005  -7.1135229088451443E-016  -2.5091765635830852E-015   2.2379705990585655E-021  -1.5431372747757576E-021   7.4472259318941916E-022   3.6637314977720824E-022   5.0383997166314640E-021  -2.9462563329205011E-021  -2.7867152439515196E-015
   1.0222488919633753E-020   8.6486432178560544E-011  -8.1166642618559590E-021   1.4636277756583435E-017   9.9469918929650339E-020   1.5676084709069865E-009  -1.2570086019131648E-020   5.1844331460198289E-016  -8.6115743692797507E-021   7.0067977716419907E-021  -7.3027886951631734E-021   3.2196787746220038E-021   3.3799140936159351E-021   1.5980222023438149E-020   5.9646599618110438E-016  -6.1695444423300005E-021  -9.8267932204299054E-011   8.7348623693089784E-022   7.5009065486033859E-016  -8.4318626128940418E-016  -1.3152036040039949E-005   1.5564473748683202E-016   7.6281506246131112E-021  -1.7106207766048563E-021   6.6597058094834364E-021  -5.9288145028470986E-022  -8.3847399747820610E-022  -7.0800629796599719E-021   1.9508812968606656E-016
   1.6040704519965447E-020  -8.1166642618559590E-021   8.6486432224946312E-011   2.2598816153974155E-018  -4.2226937871905130E-020  -1.3453710269303928E-019   1.5676084713023939E-009   5.4476583751052097E-016   5.4360151807274571E-022   3.4211839061923124E-021  -2.0331016916837730E-020   1.9239478964425108E-021   8.4138483239602929E-022   2.5448800841378653E-020   5.7665859999027654E-016   3.0853407115785724E-020   1.6320913456105155E-020  -9.8267932209986088E-011  -1.7615252681451217E-015   6.9862151386528512E-017   1.0786355386820289E-015  -1.3152036043566888E-005   1.4473104164691249E-020  -5.6231609769502656E-021   2.1597351210963687E-020   1.1048975123039462E-020  -5.1516721824247606E-021  -2.4099448319324701E-020   8.1137171259613818E-016
   1.0786685602710804E-017   1.4636277756583435E-017   2.2598816153974155E-018   2.6117944950027088E-004  -6.7782545634492538E-018  -1.3661753471379750E-017   3.3155756624353541E-017   1.0128000650186670E-002  -3.8092042138364263E-018   3.4610448105817219E-018  -1.4703648492602427E-017   1.1546315550000452E-017   7.9208124796681389E-018  -3.3745073122848351E-017   1.1556861548003439E-002   1.6943139924931493E-017  -9.6491230327741119E-019  -1.6370760483306727E-017   9.8456386345432950E-003  -3.3199102320779412E-015   1.3511613655662166E-015  -9.4328724709255777E-015   2.0811737580844213E-018  -5.1128446513658918E-018   1.1675734635488795E-017  -6.2960531342715122E-018  -9.9656486101550798E-018   1.6623338095586159E-017   2.2370039539409318E-005
   1.5676084713160519E-009   9.9469918929650339E-020  -4.2226937871905130E-020  -6.7782545634492538E-018   2.8413662769448852E-008   7.9364034790048012E-020  -5.2390275299411267E-019   1.2516729762361933E-015   2.5209965917786811E-021   2.6459867602392766E-020   1.8458232623666979E-020   3.2353678227710331E-020  -6.7115231493946449E-020   1.1282591387380233E-019   1.2787475767518760E-015  -1.7811538651418500E-009   1.5187699861778998E-019  -2.3844640419937508E-020  -6.4166951372462156E-015  -2.3838702310500517E-004   1.5672823864908456E-016   5.1552545337204277E-015   4.0564301108373972E-020  -2.7970110426408237E-020   1.3498457498498712E-020   6.6406908298187538E-021   9.1323435219379305E-020  -5.3402322976908127E-020   6.2126898817913907E-015
   9.0196232092211553E-020   1.5676084709069865E-009  -1.3453710269303928E-019  -1.3661753471379750E-017   7.9364034790048012E-020   2.8413662769505640E-008   2.0449430193006843E-022  -4.9913588833032857E-016  -1.5608895625864523E-019   1.2700160318296114E-019  -1.3236658201749716E-019   5.8358237140389976E-020   6.1262579923737905E-020   2.8964926384361306E-019  -5.7164531321342055E-016  -3.7809595837376039E-021  -1.7811538649661124E-009   1.5371126940013373E-021  -6.0717708953118930E-016  -8.2257201825378441E-016  -2.3838702310524366E-004   9.0788114883452000E-016   1.3826392459151890E-019  -3.1005830068032535E-020   1.2071039325519543E-019  -1.0746263417308542E-020  -1.5197747295377398E-020  -1.2832957057408050E-019  -5.9316932138319076E-017
   3.0406826911669582E-019  -1.2570086019131648E-020   1.5676084713023939E-009   3.3155756624353541E-017  -5.2390275299411267E-019   2.0449430193006843E-022   2.8413662768600281E-008   6.1314355186505413E-016   9.8530407564566979E-021   6.2010615270679564E-020  -3.6850952844028851E-019   3.4872487412913460E-020   1.5250507654575137E-020   4.6127184056575297E-019   7.6544421964411083E-016   5.4409534490311566E-019   1.4294740010536066E-019  -1.7811538645631673E-009   3.7228347693237219E-015  -7.5970916047832377E-016  -9.1005024748790757E-016  -2.3838702310144546E-004   2.6233202251769242E-019  -1.0192251614245174E-019   3.9146245082554856E-019   2.0026802528216505E-019  -9.3376553432474450E-020  -4.3681417267271975E-019  -1.7655836559954743E-015
  -1.0935270885922770E-016   5.1844331460198289E-016   5.4476583751052097E-016   1.0128000650186670E-002   1.2516729762361933E-015  -4.9913588833032857E-016   6.1314355186505413E-016  0.49487577281325945       -1.7684748935438530E-016   3.8390563949398833E-017   1.1270157447792956E-016   2.2723737036327834E-016  -2.0015987891376568E-016  -7.9364753462794996E-016  0.55465125310718355       -4.2100451661704634E-016  -6.4426533364017584E-017  -7.9809373035357592E-017  -2.7726630172706608E-002   5.0097418625181549E-015   1.2491733641102942E-015   2.0919850841645005E-014   1.2208686095332080E-015  -5.7974314381823347E-017  -1.2487523701292051E-016   6.8372604856780477E-016   7.4921559805304218E-017   1.0544185705296802E-015   2.1886870155061349E-004
   1.3908574537208056E-022  -8.6115743692797507E-021   5.4360151807274571E-022  -3.8092042138364263E-018   2.5209965917786811E-021  -1.5608895625864523E-019   9.8530407564566979E-021  -1.7684748935438530E-016   5.7695287590324246E-030  -5.3193891993179430E-031   1.8390879467450337E-030   7.7662681691407018E-030  -3.6629002797308369E-030   1.0858209474553207E-029  -1.9893078038707225E-016  -1.5803253036967240E-022   9.7846747170503789E-021  -6.1765291285226894E-022  -3.1592773697144525E-017  -2.1150841250034921E-017   1.3095665252300485E-015  -8.2665760990554588E-017   1.3835173134855161E-030   7.8573828033768265E-031  -2.0075813902526760E-030  -9.1727786212948777E-031   3.9380442007980005E-030  -7.3797348659566859E-030   3.1125896284494959E-015
   1.4598157579082599E-021   7.0067977716419907E-021   3.4211839061923124E-021   3.4610448105817219E-018   2.6459867602392766E-020   1.2700160318296114E-019   6.2010615270679564E-020   3.8390563949398833E-017  -5.3193891993179430E-031   8.6902416150854498E-031  -2.1727198718193008E-030   1.0055316962618544E-030   7.1125312253998329E-031   1.8826778290340945E-030   5.3227982800996846E-017  -1.6586772277944286E-021  -7.9612895453964852E-021  -3.8872301664030002E-021   5.1452074044077849E-016  -2.2199492973834658E-016  -1.0655273259931681E-015  -5.2026118896039914E-016   2.6806236603519888E-031  -5.6537259724818424E-031   2.0528376314583622E-030  -5.8850496119083642E-031  -6.1992797183983901E-031  -1.9986778944623822E-030   1.0694059821710016E-016
   1.0183580257947021E-021  -7.3027886951631734E-021  -2.0331016916837730E-020  -1.4703648492602427E-017   1.8458232623666979E-020  -1.3236658201749716E-019  -3.6850952844028851E-019   1.1270157447792956E-016   1.8390879467450337E-030  -2.1727198718193008E-030   1.1108066691103655E-029  -7.7081244653309078E-031  -5.2084687911655681E-030   1.0856094420906697E-030   6.1461221173162526E-017  -1.1570825311020190E-021   8.2976014396059187E-021   2.3100582849378232E-020  -3.2936207011703394E-015  -1.5486222799230365E-016   1.1105388172691766E-015   3.0917481559180630E-015   4.0907769430330412E-030   2.8296066863573213E-030  -1.0521311397669594E-029   3.7957089131160387E-030   5.9591033221099776E-030   6.1288331354363687E-030   7.7727837489243820E-016
   1.7849828201909227E-021   3.2196787746220038E-021   1.9239478964425108E-021   1.1546315550000452E-017   3.2353678227710331E-020   5.8358237140389976E-020   3.4872487412913460E-020   2.2723737036327834E-016   7.7662681691407018E-030   1.0055316962618544E-030  -7.7081244653309078E-031   1.4989079592488729E-029  -4.1493176934647600E-030   1.8830272309085517E-029   2.8097937436882400E-016  -2.0281397630766210E-021  -3.6582752625787231E-021  -2.1860351550608053E-021   1.3112828554576939E-015  -2.7144325245702018E-016  -4.8961820018129925E-016  -2.9257574183875213E-016   2.3405139528469576E-030   2.9477151363729177E-031   1.5770923814690569E-032  -3.5247478352788245E-030   5.0456204826160282E-030  -1.3786738999304773E-029   5.2565382350622572E-015
  -3.7028103731551880E-021   3.3799140936159351E-021   8.4138483239602929E-022   7.9208124796681389E-018  -6.7115231493946449E-020   6.1262579923737905E-020   1.5250507654575137E-020  -2.0015987891376568E-016  -3.6629002797308369E-030   7.1125312253998329E-031  -5.2084687911655681E-030  -4.1493176934647600E-030   5.3822159850606796E-030  -1.1239959779001568E-029  -1.7852070063256097E-016   4.2072208451104820E-021  -3.8403384280044594E-021  -9.5600137790282196E-022   2.3360892345095236E-015   5.6308827084753703E-016  -5.1398526738416195E-016  -1.2794982289802011E-016  -6.9220491319129147E-030  -1.3358432374275462E-030   4.6838777970667786E-030  -4.1263341473541466E-030  -5.5691387593547129E-030   3.3252665537821793E-030  -2.1516857137874384E-015
   6.2247116648120859E-021   1.5980222023438149E-020   2.5448800841378653E-020  -3.3745073122848351E-017   1.1282591387380233E-019   2.8964926384361306E-019   4.6127184056575297E-019  -7.9364753462794996E-016   1.0858209474553207E-029   1.8826778290340945E-030   1.0856094420906697E-030   1.8830272309085517E-029  -1.1239959779001568E-029   4.7243764206897922E-029  -9.5623760095260967E-016  -7.0726648194014159E-021  -1.8157106666692197E-020  -2.8915530105919803E-020  -3.3486039699741795E-015  -9.4659509231145054E-016  -2.4301205484265499E-015  -3.8700121772938730E-015   1.7230957414121469E-029   8.1020452564807729E-031  -4.1733820747158368E-031   6.5077150314324686E-030   1.1826794625968245E-029  -2.7339213870404838E-029   7.6617826371437476E-015
  -7.2937935052593095E-017   5.9646599618110438E-016   5.7665859999027654E-016   1.1556861548003439E-002   1.2787475767518760E-015  -5.7164531321342055E-016   7.6544421964411083E-016  0.55465125310718355       -1.9893078038707225E-016   5.3227982800996846E-017   6.1461221173162526E-017   2.8097937436882400E-016  -1.7852070063256097E-016  -9.5623760095260967E-016  0.62243048917626531       -3.7437331831360230E-016  -7.0918063612634707E-017  -1.4561685354086601E-016   8.6258087806506435E-003  -2.3360087658858893E-015  -1.2749592892193579E-015  -1.1399921486514824E-014   1.2810087186138514E-015  -7.9946572444410758E-017  -8.5699924177931878E-017   6.8895716344252576E-016   4.0131131443427996E-017   1.1628816368176173E-015   3.1473526995463516E-004
  -9.8267932239833970E-011  -6.1695444423300005E-021   3.0853407115785724E-020   1.6943139924931493E-017  -1.7811538651418500E-009  -3.7809595837376039E-021   5.4409534490311566E-019  -4.2100451661704634E-016  -1.5803253036967240E-022  -1.6586772277944286E-021  -1.1570825311020190E-021  -2.0281397630766210E-021   4.2072208451104820E-021  -7.0726648194014159E-021  -3.7437331831360230E-016   1.1165435153685713E-010  -9.5954954597085832E-021  -3.0553981652925845E-020   4.9740302466518811E-015   1.4943654784967929E-005  -1.9843064652038677E-017  -4.6125186420888340E-015  -2.5428352046255163E-021   1.7533491043563975E-021  -8.4617141759122021E-022  -4.1628185567265058E-022  -5.7247490862374905E-021   3.3476062121054945E-021  -5.0637162689605606E-015
   2.9995865922133700E-021  -9.8267932204299054E-011   1.6320913456105155E-020  -9.6491230327741119E-019   1.5187699861778998E-019  -1.7811538649661124E-009   1.4294740010536066E-019  -6.4426533364017584E-017   9.7846747170503789E-021  -7.9612895453964852E-021   8.2976014396059187E-021  -3.6582752625787231E-021  -3.8403384280044594E-021  -1.8157106666692197E-020  -7.0918063612634707E-017  -9.5954954597085832E-021   1.1165435151460122E-010  -9.0580360275115540E-021   7.0064016559041932E-017  -1.2644046379931796E-015   1.4943654783478598E-005  -1.2563300047301021E-015  -8.6672853702362823E-021   1.9436478320660328E-021  -7.5669154368395017E-021   6.7364594278892622E-022   9.5269401033672019E-022   8.0445352082030176E-021  -3.6915924286722968E-017
  -2.2188419650279961E-020   8.7348623693089784E-022  -9.8267932209986088E-011  -1.6370760483306727E-017  -2.3844640419937508E-020   1.5371126940013373E-021  -1.7811538645631673E-009  -7.9809373035357592E-017  -6.1765291285226894E-022  -3.8872301664030002E-021   2.3100582849378232E-020  -2.1860351550608053E-021  -9.5600137790282196E-022  -2.8915530105919803E-020  -1.4561685354086601E-016  -3.0553981652925845E-020  -9.0580360275115540E-021   1.1165435146764044E-010  -2.8301348493244645E-015   5.2321426340317661E-016   4.4044159813612647E-017   1.4943654780335999E-005  -1.6444683648540703E-020   6.3891686554789091E-021  -2.4539421858872148E-020  -1.2554107154408893E-020   5.8534519281456878E-021   2.7382363831515134E-020   1.1430559557918821E-015
   2.5222583040032123E-015   7.5009065486033859E-016  -1.7615252681451217E-015   9.8456386345432950E-003  -6.4166951372462156E-015  -6.0717708953118930E-016   3.7228347693237219E-015  -2.7726630172706608E-002  -3.1592773697144525E-017   5.1452074044077849E-016  -3.2936207011703394E-015   1.3112828554576939E-015   2.3360892345095236E-015  -3.3486039699741795E-015   8.6258087806506435E-003   4.9740302466518811E-015   7.0064016559041932E-017  -2.8301348493244645E-015   2.0132008166762252       -3.2215696144484406E-016  -6.2947657436837451E-016  -5.3371692101340252E-015  -4.4956383648463876E-015  -7.5587693341347532E-016   2.7577444053134852E-015  -3.9569542588933265E-015  -2.2294603790553794E-015  -1.0089934281390048E-015   3.4854418223714866E-004
  -1.3152036043485083E-005  -8.4318626128940418E-016   6.9862151386528512E-017  -3.3199102320779412E-015  -2.3838702310500517E-004  -8.2257201825378441E-016  -7.5970916047832377E-016   5.0097418625181549E-015  -2.1150841250034921E-017  -2.2199492973834658E-016  -1.5486222799230365E-016  -2.7144325245702018E-016   5.6308827084753703E-016  -9.4659509231145054E-016  -2.3360087658858893E-015   1.4943654784967929E-005  -1.2644046379931796E-015   5.2321426340317661E-016  -3.2215696144484406E-016   2.0000368571266951       -8.7219718566787712E-017  -5.6877584781768435E-016  -3.4032933593224655E-016   2.3466567531021745E-016  -1.1325034475726708E-016  -5.5714552862032086E-017  -7.6619202650069858E-016   4.4803870956985438E-016  -1.0231744620907451E-015
  -7.1135229088451443E-016  -1.3152036040039949E-005   1.0786355386820289E-015   1.3511613655662166E-015   1.5672823864908456E-016  -2.3838702310524366E-004  -9.1005024748790757E-016   1.2491733641102942E-015   1.3095665252300485E-015  -1.0655273259931681E-015   1.1105388172691766E-015  -4.8961820018129925E-016  -5.1398526738416195E-016  -2.4301205484265499E-015  -1.2749592892193579E-015  -1.9843064652038677E-017   1.4943654783478598E-005   4.4044159813612647E-017  -6.2947657436837451E-016  -8.7219718566787712E-017   2.0000368571267000        3.8041146370899838E-015  -1.1600167726974638E-015   2.6013497763110793E-016  -1.0127448734757003E-015   9.0159785674112393E-017   1.2750717024174131E-016   1.0766688038040192E-015  -9.2249705865504337E-017
  -2.5091765635830852E-015   1.5564473748683202E-016  -1.3152036043566888E-005  -9.4328724709255777E-015   5.1552545337204277E-015   9.0788114883452000E-016  -2.3838702310144546E-004   2.0919850841645005E-014  -8.2665760990554588E-017  -5.2026118896039914E-016   3.0917481559180630E-015  -2.9257574183875213E-016  -1.2794982289802011E-016  -3.8700121772938730E-015  -1.1399921486514824E-014  -4.6125186420888340E-015  -1.2563300047301021E-015   1.4943654780335999E-005  -5.3371692101340252E-015  -5.6877584781768435E-016   3.8041146370899838E-015   2.0000368571266951       -2.2009323621261107E-015   8.5511696987445321E-016  -3.2843202605303970E-015  -1.6802233052334915E-015   7.8341742773848457E-016   3.6648154488481324E-015  -4.3800410904268013E-016
   2.2379705990585655E-021   7.6281506246131112E-021   1.4473104164691249E-020   2.0811737580844213E-018   4.0564301108373972E-020   1.3826392459151890E-019   2.6233202251769242E-019   1.2208686095332080E-015   1.3835173134855161E-030   2.6806236603519888E-031   4.0907769430330412E-030   2.3405139528469576E-030  -6.9220491319129147E-030   1.7230957414121469E-029   1.2810087186138514E-015  -2.5428352046255163E-021  -8.6672853702362823E-021  -1.6444683648540703E-020  -4.4956383648463876E-015  -3.4032933593224655E-016  -1.1600167726974638E-015  -2.2009323621261107E-015   1.7090623914505321E-029   7.0060965241260384E-031  -2.8669692695245604E-030   1.1680921054611085E-029   6.1834607641594132E-030  -3.7825123925443804E-030   1.5376179495908022E-015
  -1.5431372747757576E-021  -1.7106207766048563E-021  -5.6231609769502656E-021  -5.1128446513658918E-018  -2.7970110426408237E-020  -3.1005830068032535E-020  -1.0192251614245174E-019  -5.7974314381823347E-017   7.8573828033768265E-031  -5.6537259724818424E-031   2.8296066863573213E-030   2.9477151363729177E-031  -1.3358432374275462E-030   8.1020452564807729E-031  -7.9946572444410758E-017   1.7533491043563975E-021   1.9436478320660328E-021   6.3891686554789091E-021  -7.5587693341347532E-016   2.3466567531021745E-016   2.6013497763110793E-016   8.5511696987445321E-016   7.0060965241260384E-031   7.9877975543790600E-031  -2.7597215019871031E-030   5.7305252697664182E-031   1.5840697690464524E-030   1.0303531201098029E-030   3.9618983367012607E-016
   7.4472259318941916E-022   6.6597058094834364E-021   2.1597351210963687E-020   1.1675734635488795E-017   1.3498457498498712E-020   1.2071039325519543E-019   3.9146245082554856E-019  -1.2487523701292051E-016  -2.0075813902526760E-030   2.0528376314583622E-030  -1.0521311397669594E-029   1.5770923814690569E-032   4.6838777970667786E-030  -4.1733820747158368E-031  -8.5699924177931878E-017  -8.4617141759122021E-022  -7.5669154368395017E-021  -2.4539421858872148E-020   2.7577444053134852E-015  -1.1325034475726708E-016  -1.0127448734757003E-015  -3.2843202605303970E-015  -2.8669692695245604E-030  -2.7597215019871031E-030   1.0151053965946327E-029  -2.5465135523160311E-030  -5.5400453645890459E-030  -5.8572973213097206E-030  -9.4362986715127904E-016
   3.6637314977720824E-022  -5.9288145028470986E-022   1.1048975123039462E-020  -6.2960531342715122E-018   6.6406908298187538E-021  -1.0746263417308542E-020   2.0026802528216505E-019   6.8372604856780477E-016  -9.1727786212948777E-031  -5.8850496119083642E-031   3.7957089131160387E-030  -3.5247478352788245E-030  -4.1263341473541466E-030   6.5077150314324686E-030   6.8895716344252576E-016  -4.1628185567265058E-022   6.7364594278892622E-022  -1.2554107154408893E-020  -3.9569542588933265E-015  -5.5714552862032086E-017   9.0159785674112393E-017  -1.6802233052334915E-015   1.1680921054611085E-029   5.7305252697664182E-031  -2.5465135523160311E-030   1.0156146406304741E-029   3.1038159956417775E-030   1.6442937478442218E-030  -5.6766685334492129E-016
   5.0383997166314640E-021  -8.3847399747820610E-022  -5.1516721824247606E-021  -9.9656486101550798E-018   9.1323435219379305E-020  -1.5197747295377398E-020  -9.3376553432474450E-020   7.4921559805304218E-017   3.9380442007980005E-030  -6.1992797183983901E-031   5.9591033221099776E-030   5.0456204826160282E-030  -5.5691387593547129E-030   1.1826794625968245E-029   4.0131131443427996E-017  -5.7247490862374905E-021   9.5269401033672019E-022   5.8534519281456878E-021  -2.2294603790553794E-015  -7.6619202650069858E-016   1.2750717024174131E-016   7.8341742773848457E-016   6.1834607641594132E-030   1.5840697690464524E-030  -5.5400453645890459E-030   3.1038159956417775E-030   6.1565940803958466E-030  -3.4894070187756139E-030   2.4796255146339418E-015
  -2.9462563329205011E-021  -7.0800629796599719E-021  -2.4099448319324701E-020   1.6623338095586159E-017  -5.3402322976908127E-020  -1.2832957057408050E-019  -4.3681417267271975E-019   1.0544185705296802E-015  -7.3797348659566859E-030  -1.9986778944623822E-030   6.1288331354363687E-030  -1.3786738999304773E-029   3.3252665537821793E-030  -2.7339213870404838E-029   1.1628816368176173E-015   3.3476062121054945E-021   8.0445352082030176E-021   2.7382363831515134E-020  -1.0089934281390048E-015   4.4803870956985438E-016   1.0766688038040192E-015   3.6648154488481324E-015  -3.7825123925443804E-030   1.0303531201098029E-030  -5.8572973213097206E-030   1.6442937478442218E-030  -3.4894070187756139E-030   2.1923659377037614E-029  -4.8645197644589089E-015
  -2.7867152439515196E-015   1.9508812968606656E-016   8.1137171259613818E-016   2.2370039539409318E-005   6.2126898817913907E-015  -5.9316932138319076E-017  -1.7655836559954743E-015   2.1886870155061349E-004   3.1125896284494959E-015   1.0694059821710016E-016   7.7727837489243820E-016   5.2565382350622572E-015  -2.1516857137874384E-015   7.6617826371437476E-015   3.1473526995463516E-004  -5.0637162689605606E-015  -3.6915924286722968E-017   1.1430559557918821E-015   3.4854418223714866E-004  -1.0231744620907451E-015  -9.2249705865504337E-017  -4.3800410904268013E-016   1.5376179495908022E-015   3.9618983367012607E-016  -9.4362986715127904E-016  -5.6766685334492129E-016   2.4796255146339418E-015  -4.8645197644589089E-015   2.0000025389235132     
