   3.5434887155638786E-003  -1.9222248067633872E-016  -1.1371643106176936E-016   4.1965694827766882E-017   3.6589068646078048E-002  -1.3433709609392708E-015  -6.7220902706755800E-016  -1.4343833496234621E-016  -3.2093542587876370E-018   3.1796579571795236E-018  -6.3194278001607410E-018  -2.2822917623160073E-018   1.5939468470558939E-019  -1.4126597552873543E-018   5.8778725505210558E-002  -2.2086663620528475E-015  -1.0169311384150068E-015  -1.2016840983685326E-016  -1.5682796128671876E-016  -2.8440769185695833E-018  -3.9604638318587749E-019   2.3703584998993605E-018   3.3097285592839534E-019  -5.2447860201785084E-019  -6.7845577385382539E-019
  -1.9222248067633872E-016   3.5434887155632588E-003  -1.3218302099870733E-016   3.7750193941631157E-017  -5.4809553841047090E-016   3.6589068646074974E-002  -3.0468040472277690E-016   2.2278707447853484E-016  -7.2666568172027691E-017   6.4154329602909800E-019   2.4552025429491689E-018  -7.7569092152600164E-017   3.0184891735733159E-018  -6.7892225802835168E-017  -9.8911510085968393E-016   5.8778725505205368E-002  -5.8583493255670864E-016  -2.5559398572507520E-017  -3.9006278547124757E-016  -4.3996353661335489E-018  -9.9687498282462218E-019  -1.2076915182890793E-018  -3.4402455188240436E-018  -2.4393369637829599E-019  -5.0678582299858036E-018
  -1.1371643106176936E-016  -1.3218302099870733E-016   3.5434887155635949E-003   2.7721395645651246E-017  -5.3146470823562276E-016  -1.0395593870272502E-015   3.6589068646076597E-002  -8.3703892601772246E-016   1.6743197002885375E-016  -4.5026416145929388E-018  -1.5870582130169331E-018   1.8654955042291122E-016  -3.6265325425138785E-019   1.6997623205544014E-016  -8.1011781708177576E-016  -1.6198484176839257E-015   5.8778725505208247E-002  -1.3313504232701901E-016   2.5130565803436464E-016   2.0449696959304786E-017   2.0965390733724021E-018   1.8874458025215992E-018   2.1491941563155960E-017   3.7295491767836253E-019   2.8671387960502486E-017
   4.1965694827766882E-017   3.7750193941631157E-017   2.7721395645651246E-017   6.5341706019079614E-004   5.0319074669791814E-016   3.9433399066544880E-016   3.9624400328641354E-016   1.9753899189542807E-002  -4.2272061047165336E-016   3.7057157845388471E-018   2.6996106991213043E-018  -4.2141869323913017E-016   8.0651893665749598E-019  -4.1086695330098251E-016   7.8561955559197593E-016   6.1262159918303592E-016   6.2446280330787086E-016   1.8928213816870716E-002   2.0622413387473798E-003  -1.7713544658752428E-016   2.0220443543854248E-019   1.6155352197285709E-019  -1.5084499192678782E-016  -4.0094771309485452E-019  -1.7175152562330464E-016
   3.6589068646078048E-002  -5.4809553841047090E-016  -5.3146470823562276E-016   5.0319074669791814E-016  0.37780844017006382        9.6409628869663366E-016  -3.0429839948101011E-016   5.8496979644039854E-016  -3.3138890147651352E-017   3.2832254482789784E-017  -6.5252635508172640E-017  -2.3566303342555614E-017   1.6458647193944276E-018  -1.4586727631691343E-017  0.60693260091189294        1.0262990002112005E-015   1.6109139935656261E-016   7.4383810011999099E-016   1.9500879592948662E-017  -2.9367138986859148E-017  -4.0894636513928815E-018   2.4475655725301031E-017   3.4175326966084178E-018  -5.4156186495932682E-018  -7.0055436536006998E-018
  -1.3433709609392708E-015   3.6589068646074974E-002  -1.0395593870272502E-015   3.9433399066544880E-016   9.6409628869663366E-016  0.37780844017006632        2.1317315241240419E-016   2.2904340381500850E-015  -7.5033456137260769E-016   6.6243957811222838E-018   2.5351731470012143E-017  -8.0095664623387402E-016   3.1168070916731522E-017  -7.0103604380742066E-016   4.2715532716855464E-016  0.60693260091189449       -6.5273269475834683E-016  -2.5769440510561748E-016   5.1790616231451461E-016  -4.5429398355958551E-017  -1.0293450919689925E-017  -1.2470283218875536E-017  -3.5523008411104316E-017  -2.5187907958272198E-018  -5.2329279856634716E-017
  -6.7220902706755800E-016  -3.0468040472277690E-016   3.6589068646076597E-002   3.9624400328641354E-016  -3.0429839948101011E-016   2.1317315241240419E-016  0.37780844017006410       -5.2356992028715843E-015   1.7288554689128882E-015  -4.6493011929575368E-017  -1.6387517094761755E-017   1.9262582314256493E-015  -3.7446555865257916E-018   1.7551268035824524E-015  -3.8049222916475603E-017   8.6036958688793770E-016  0.60693260091189372        1.8814011394787802E-015   4.2220082853009041E-016   2.1115782379917979E-016   2.1648273278782894E-017   1.9489234925707967E-017   2.2191974867531562E-016   3.8510276679843470E-018   2.9605269452598384E-016
  -1.4343833496234621E-016   2.2278707447853484E-016  -8.3703892601772246E-016   1.9753899189542807E-002   5.8496979644039854E-016   2.2904340381500850E-015  -5.2356992028715843E-015  0.59929831849342718       -1.2872168626407662E-014   1.3970495993858923E-016   9.1710087243994199E-017  -1.2855269627974618E-014   2.7627827657751077E-018  -1.2455982077474336E-014   2.5303444415873204E-016   3.1212358822533072E-015  -8.8285133879114873E-015  0.57402234900059068       -2.4704152814583077E-003  -5.3226402032983679E-015   1.0239509932401631E-017   2.0378491160984034E-017  -4.5376504321742858E-015  -4.6693880783863430E-018  -5.1320370845318499E-015
  -3.2093542587876370E-018  -7.2666568172027691E-017   1.6743197002885375E-016  -4.2272061047165336E-016  -3.3138890147651352E-017  -7.5033456137260769E-016   1.7288554689128882E-015  -1.2872168626407662E-014   2.8695381548398101E-028  -3.8439541743017480E-030  -2.3103703806023536E-030   2.8810289620361851E-028   3.5039325217071159E-031   2.7676116261840499E-028  -5.3236165871749260E-017  -1.2053793893089395E-015   2.7773300826094072E-015  -1.2324179111724458E-014   1.5179682979672960E-015   1.1422630303750224E-028  -1.9253143910898427E-031  -6.7452433791218762E-031   9.7676588890737605E-029  -4.5423668112480002E-032   1.0991848284648105E-028
   3.1796579571795236E-018   6.4154329602909800E-019  -4.5026416145929388E-018   3.7057157845388471E-018   3.2832254482789784E-017   6.6243957811222838E-018  -4.6493011929575368E-017   1.3970495993858923E-016  -3.8439541743017480E-030   3.9361664003091475E-031   1.4486158387733274E-031  -4.1562570836330603E-030  -2.7856183101739706E-031  -3.0170463051586829E-030   5.2743569196259662E-017   1.0641799741416022E-017  -7.4688973708324872E-017   1.3089190658470113E-016  -8.4059113658631281E-016  -6.0705016751864832E-031   5.2208400449122404E-032   2.0416959055574192E-031  -5.8531267762349540E-031   9.4726197790786158E-032  -2.1908573341050252E-031
  -6.3194278001607410E-018   2.4552025429491689E-018  -1.5870582130169331E-018   2.6996106991213043E-018  -6.5252635508172640E-017   2.5351731470012143E-017  -1.6387517094761755E-017   9.1710087243994199E-017  -2.3103703806023536E-030   1.4486158387733274E-031   7.3268975362912524E-032  -2.4263487247288992E-030  -9.8410893302291233E-032  -1.9850107948374230E-030  -1.0482548184340195E-016   4.0726438805306537E-017  -2.6325823659034660E-017   8.6791918421428069E-017  -3.0240914570994314E-016  -5.8324575438745115E-031   1.9707582965194831E-032   6.9087266399715907E-032  -5.2717440324322295E-031   3.4690821245721945E-032  -4.3546584373975569E-031
  -2.2822917623160073E-018  -7.7569092152600164E-017   1.8654955042291122E-016  -4.2141869323913017E-016  -2.3566303342555614E-017  -8.0095664623387402E-016   1.9262582314256493E-015  -1.2855269627974618E-014   2.8810289620361851E-028  -4.1562570836330603E-030  -2.4263487247288992E-030   2.8960442606407678E-028   5.7662747278210742E-031   2.7732430302458179E-028  -3.7858227241112736E-017  -1.2867015366241267E-015   3.0944489167602080E-015  -1.2305573196780244E-014   2.2137680470699908E-015   1.1364260210495853E-028  -2.2357892587244594E-031  -8.2708054215263802E-031   9.7255140008768729E-029  -1.2353494511259799E-031   1.0909427752766025E-028
   1.5939468470558939E-019   3.0184891735733159E-018  -3.6265325425138785E-019   8.0651893665749598E-019   1.6458647193944276E-018   3.1168070916731522E-017  -3.7446555865257916E-018   2.7627827657751077E-018   3.5039325217071159E-031  -2.7856183101739706E-031  -9.8410893302291233E-032   5.7662747278210742E-031   2.2569533351163498E-031  -2.2514277840243162E-031   2.6440091027121652E-018   5.0070131674090452E-017  -6.0156240914738242E-018   4.9702632563981760E-018   6.6835159093265034E-016  -5.5807890084436676E-031  -4.3221076928884132E-032  -1.6008017697513721E-031  -4.2395204028255830E-031  -7.7313261441909367E-032  -8.3870920216937979E-031
  -1.4126597552873543E-018  -6.7892225802835168E-017   1.6997623205544014E-016  -4.1086695330098251E-016  -1.4586727631691343E-017  -7.0103604380742066E-016   1.7551268035824524E-015  -1.2455982077474336E-014   2.7676116261840499E-028  -3.0170463051586829E-030  -1.9850107948374230E-030   2.7732430302458179E-028  -2.2514277840243162E-031   2.6838175769970453E-028  -2.3432934786485275E-017  -1.1261834944965532E-015   2.8195338234079118E-015  -1.1931602280398509E-014  -2.2558922604444585E-016   1.1191219874001803E-028  -7.5515019814544919E-032  -2.4491425800471538E-031   9.5573379577630070E-029   1.5173677794959708E-031   1.0847307209410286E-028
   5.8778725505210558E-002  -9.8911510085968393E-016  -8.1011781708177576E-016   7.8561955559197593E-016  0.60693260091189294        4.2715532716855464E-016  -3.8049222916475603E-017   2.5303444415873204E-016  -5.3236165871749260E-017   5.2743569196259662E-017  -1.0482548184340195E-016  -3.7858227241112736E-017   2.6440091027121652E-018  -2.3432934786485275E-017  0.97501046266690383       -1.5315710939073357E-016   9.8295370379201735E-016   5.3688782361487486E-016  -5.8877543707253667E-017  -4.7177013934918695E-017  -6.5695430445049556E-018   3.9319061749108338E-017   5.4901155922362077E-018  -8.6999525766683198E-018  -1.1254096993082811E-017
  -2.2086663620528475E-015   5.8778725505205368E-002  -1.6198484176839257E-015   6.1262159918303592E-016   1.0262990002112005E-015  0.60693260091189449        8.6036958688793770E-016   3.1212358822533072E-015  -1.2053793893089395E-015   1.0641799741416022E-017   4.0726438805306537E-017  -1.2867015366241267E-015   5.0070131674090452E-017  -1.1261834944965532E-015  -1.5315710939073357E-016  0.97501046266690228       -2.1657467790989985E-016  -9.5665939622076044E-016  -1.4617791122731698E-015  -7.2980325398845752E-017  -1.6535975046597854E-017  -2.0032960154974180E-017  -5.7066146742141044E-017  -4.0463263556952430E-018  -8.4064680802086195E-017
  -1.0169311384150068E-015  -5.8583493255670864E-016   5.8778725505208247E-002   6.2446280330787086E-016   1.6109139935656261E-016  -6.5273269475834683E-016  0.60693260091189372       -8.8285133879114873E-015   2.7773300826094072E-015  -7.4688973708324872E-017  -2.6325823659034660E-017   3.0944489167602080E-015  -6.0156240914738242E-018   2.8195338234079118E-015   9.8295370379201735E-016  -2.1657467790989985E-016  0.97501046266690539        2.6278604020083898E-015   2.2483466131970238E-015   3.3921573362321945E-016   3.4776996512912203E-017   3.1308596594396534E-017   3.5650429142502846E-016   6.1865061502099681E-018   4.7559560028555392E-016
  -1.2016840983685326E-016  -2.5559398572507520E-017  -1.3313504232701901E-016   1.8928213816870716E-002   7.4383810011999099E-016  -2.5769440510561748E-016   1.8814011394787802E-015  0.57402234900059068       -1.2324179111724458E-014   1.3089190658470113E-016   8.6791918421428069E-017  -1.2305573196780244E-014   4.9702632563981760E-018  -1.1931602280398509E-014   5.3688782361487486E-016  -9.5665939622076044E-016   2.6278604020083898E-015  0.54983662967879399        4.5970550985079735E-003  -5.1036493215437678E-015   9.3681305176532356E-018   1.7861869476728715E-017  -4.3504164364653668E-015  -5.2749007647068205E-018  -4.9240042619702657E-015
  -1.5682796128671876E-016  -3.9006278547124757E-016   2.5130565803436464E-016   2.0622413387473798E-003   1.9500879592948662E-017   5.1790616231451461E-016   4.2220082853009041E-016  -2.4704152814583077E-003   1.5179682979672960E-015  -8.4059113658631281E-016  -3.0240914570994314E-016   2.2137680470699908E-015   6.6835159093265034E-016  -2.2558922604444585E-016  -5.8877543707253667E-017  -1.4617791122731698E-015   2.2483466131970238E-015   4.5970550985079735E-003   2.0025878610788133       -1.5587951224543534E-015  -1.2644385940139783E-016  -4.7666282026398069E-016  -1.1735542485121373E-015  -2.3075789659575824E-016  -2.3991152704527911E-015
  -2.8440769185695833E-018  -4.3996353661335489E-018   2.0449696959304786E-017  -1.7713544658752428E-016  -2.9367138986859148E-017  -4.5429398355958551E-017   2.1115782379917979E-016  -5.3226402032983679E-015   1.1422630303750224E-028  -6.0705016751864832E-031  -5.8324575438745115E-031   1.1364260210495853E-028  -5.5807890084436676E-031   1.1191219874001803E-028  -4.7177013934918695E-017  -7.2980325398845752E-017   3.3921573362321945E-016  -5.1036493215437678E-015  -1.5587951224543534E-015   4.8646298791375590E-029   2.2488358588166626E-032   2.0568673101639414E-031   4.1370079507817478E-029   2.2651121825860674E-031   4.7662692502130291E-029
  -3.9604638318587749E-019  -9.9687498282462218E-019   2.0965390733724021E-018   2.0220443543854248E-019  -4.0894636513928815E-018  -1.0293450919689925E-017   2.1648273278782894E-017   1.0239509932401631E-017  -1.9253143910898427E-031   5.2208400449122404E-032   1.9707582965194831E-032  -2.2357892587244594E-031  -4.3221076928884132E-032  -7.5515019814544919E-032  -6.5695430445049556E-018  -1.6535975046597854E-017   3.4776996512912203E-017   9.3681305176532356E-018  -1.2644385940139783E-016   2.2488358588166626E-032   9.7185054671049939E-033   3.1621139367065695E-032   1.1371999465765197E-032   1.4834658477103084E-032   8.3546329242438586E-032
   2.3703584998993605E-018  -1.2076915182890793E-018   1.8874458025215992E-018   1.6155352197285709E-019   2.4475655725301031E-017  -1.2470283218875536E-017   1.9489234925707967E-017   2.0378491160984034E-017  -6.7452433791218762E-031   2.0416959055574192E-031   6.9087266399715907E-032  -8.2708054215263802E-031  -1.6008017697513721E-031  -2.4491425800471538E-031   3.9319061749108338E-017  -2.0032960154974180E-017   3.1308596594396534E-017   1.7861869476728715E-017  -4.7666282026398069E-016   2.0568673101639414E-031   3.1621139367065695E-032   1.1711302496396213E-031   1.4228079182964182E-031   5.4693138722123047E-032   4.1801834674061427E-031
   3.3097285592839534E-019  -3.4402455188240436E-018   2.1491941563155960E-017  -1.5084499192678782E-016   3.4175326966084178E-018  -3.5523008411104316E-017   2.2191974867531562E-016  -4.5376504321742858E-015   9.7676588890737605E-029  -5.8531267762349540E-031  -5.2717440324322295E-031   9.7255140008768729E-029  -4.2395204028255830E-031   9.5573379577630070E-029   5.4901155922362077E-018  -5.7066146742141044E-017   3.5650429142502846E-016  -4.3504164364653668E-015  -1.1735542485121373E-015   4.1370079507817478E-029   1.1371999465765197E-032   1.4228079182964182E-031   3.5200848783868944E-029   1.7520065863358506E-031   4.0477452220459235E-029
  -5.2447860201785084E-019  -2.4393369637829599E-019   3.7295491767836253E-019  -4.0094771309485452E-019  -5.4156186495932682E-018  -2.5187907958272198E-018   3.8510276679843470E-018  -4.6693880783863430E-018  -4.5423668112480002E-032   9.4726197790786158E-032   3.4690821245721945E-032  -1.2353494511259799E-031  -7.7313261441909367E-032   1.5173677794959708E-031  -8.6999525766683198E-018  -4.0463263556952430E-018   6.1865061502099681E-018  -5.2749007647068205E-018  -2.3075789659575824E-016   2.2651121825860674E-031   1.4834658477103084E-032   5.4693138722123047E-032   1.7520065863358506E-031   2.6764825338834514E-032   3.2236493907525030E-031
  -6.7845577385382539E-019  -5.0678582299858036E-018   2.8671387960502486E-017  -1.7175152562330464E-016  -7.0055436536006998E-018  -5.2329279856634716E-017   2.9605269452598384E-016  -5.1320370845318499E-015   1.0991848284648105E-028  -2.1908573341050252E-031  -4.3546584373975569E-031   1.0909427752766025E-028  -8.3870920216937979E-031   1.0847307209410286E-028  -1.1254096993082811E-017  -8.4064680802086195E-017   4.7559560028555392E-016  -4.9240042619702657E-015  -2.3991152704527911E-015   4.7662692502130291E-029   8.3546329242438586E-032   4.1801834674061427E-031   4.0477452220459235E-029   3.2236493907525030E-031   4.7112187500101014E-029
