   8.7559101322446306E-003  -4.4575038263178597E-017  -7.7358672039787946E-017  -4.0272845604096047E-017   4.9464540335009494E-002  -2.3851713699460142E-016  -1.3525196226304060E-016   1.5496893657462450E-017   3.4861599320427980E-018   7.0330928649903159E-018   4.1351321326264296E-019  -4.7826352724585329E-018   1.2399220930544181E-017   4.0000827032420604E-017   7.0650078912137163E-002  -3.4322904400007254E-016  -2.3355070048053382E-016   5.4849904065226210E-017   6.0186884979129641E-018   2.9281369505573816E-019  -1.3023745175941350E-019   6.3128674460552009E-018   3.3061726177748137E-019   5.1886434065937395E-018  -8.8637820632267943E-017
  -4.4575038263178597E-017   8.7559101322450747E-003   1.0144970078127905E-016   5.5885819466953591E-017  -1.1382993433834835E-017   4.9464540335011020E-002   4.1454865347025326E-016  -5.6069681972625444E-017   3.1560096915435845E-018  -5.7993115255836152E-018  -5.3898203669762111E-017  -1.6317785256913779E-018  -5.3810613341831553E-017   2.0756629827830820E-016  -3.3969974005317943E-017   7.0650078912138814E-002   6.3289398317030890E-016   2.3261671512911515E-017  -1.5013356951874836E-017  -3.0959655086710904E-019  -1.1217819756076447E-018  -1.7183969583427472E-017   2.6678372609330621E-019  -1.8006360628795312E-017  -3.0852654212237262E-016
  -7.7358672039787946E-017   1.0144970078127905E-016   8.7559101322451840E-003  -2.8585018903592725E-017  -2.6843716413478140E-016   1.5210396509298072E-016   4.9464540335011249E-002   1.0063615642706684E-016  -7.0654366145124350E-018  -3.6853009534210633E-018   9.5534714343763399E-017  -5.1783293674626734E-018   8.9143254355618857E-017   1.2410433225151447E-015  -4.1034793474050374E-016   2.0944075466988722E-016   7.0650078912139216E-002   1.5299110433273094E-015   4.7576353729872921E-017  -9.6400373862578124E-019  -2.7406308343941014E-018   4.1902491448133740E-017   6.8679726500448578E-019   4.4288753680944919E-017   1.4773375632666027E-015
  -4.0272845604096047E-017   5.5885819466953591E-017  -2.8585018903592725E-017   3.9582848755480857E-004  -2.3982361357006621E-016   3.0665580037141509E-016  -3.9337789749144715E-016   8.9530614972303202E-017  -1.8814853917902769E-018  -5.5217258475531956E-018   9.0170555665332429E-017  -6.0356575218628826E-018   9.4341789067853512E-017   1.5125040773395000E-002  -3.3608009775715042E-016   4.3570061112023623E-016  -5.7427681777549401E-016   1.4970251819327943E-002   1.3067536573560077E-016   9.4863679870536956E-019  -8.3443693184551777E-019   1.2663740714617066E-016   4.5559453288219311E-019   1.2082327132446348E-016   2.4323977739158734E-003
   4.9464540335009494E-002  -1.1382993433834835E-017  -2.6843716413478140E-016  -2.3982361357006621E-016  0.27943876919697708        1.0828469197698977E-017   1.8829881230641998E-016   8.7546207054361436E-017   1.9694274606335796E-017   3.9731872580446238E-017   2.3360496747366682E-018  -2.7018419760952673E-017   7.0046603331723744E-017  -2.7502239940161650E-016  0.39912169326081592        1.0254745548092626E-018   4.0874421902703899E-017  -1.8376187042791265E-016   3.4001223798824123E-017   1.6541849574711291E-018  -7.3574712261603612E-019   3.5663121445820904E-017   1.8677476851226415E-018   2.9312071183125881E-017   1.1475601129540870E-016
  -2.3851713699460142E-016   4.9464540335011020E-002   1.5210396509298072E-016   3.0665580037141509E-016   1.0828469197698977E-017  0.27943876919698019       -3.6519543176553406E-017  -3.1675302779690922E-016   1.7829165252637883E-017  -3.2761903050615924E-017  -3.0448575066908383E-016  -9.2183649081340248E-018  -3.0399092885805024E-016   7.5583556143191288E-016  -8.4599392017233502E-017  0.39912169326081737        1.7829704726524120E-016  -2.7589610787388222E-016  -8.4814575446032390E-017  -1.7489959178027253E-018  -6.3372543734988531E-018  -9.7076962158946819E-017   1.5071345160872306E-018  -1.0172287496759248E-016  -2.0191922861203025E-016
  -1.3525196226304060E-016   4.1454865347025326E-016   4.9464540335011249E-002  -3.9337789749144715E-016   1.8829881230641998E-016  -3.6519543176553406E-017  0.27943876919697930        5.6852127803536754E-016  -3.9914591301701238E-017  -2.0819276911696000E-017   5.3970183106925544E-016  -2.9253804344279889E-017   5.0359471877501813E-016  -1.5025414737901853E-015   1.1676857397668898E-016  -9.6286187934816967E-017  0.39912169326081648        1.9094986051505767E-016   2.6877188464929614E-016  -5.4459217936427391E-018  -1.5482576043352872E-017   2.3671867882014859E-016   3.8799063151287108E-018   2.5019932933872100E-016  -9.3208351879277727E-016
   1.5496893657462450E-017  -5.6069681972625444E-017   1.0063615642706684E-016   8.9530614972303202E-017   8.7546207054361436E-017  -3.1675302779690922E-016   5.6852127803536754E-016   3.1814979047350324E-029   3.9083230611830209E-031  -2.3452287115191342E-030   3.2463726181796873E-029  -1.2650861176454838E-030   3.1938313511092890E-029   3.6184696144855829E-015   1.2504202798527539E-016  -4.5241755524150682E-016   8.1201751566664691E-016   3.5669302030886434E-015   3.0870544155755823E-029  -4.4277829848224203E-031   3.1685588621750116E-031   2.9394250710134099E-029   7.6158420328069935E-031   2.7609961100473615E-029  -3.9127032228821286E-015
   3.4861599320427980E-018   3.1560096915435845E-018  -7.0654366145124350E-018  -1.8814853917902769E-018   1.9694274606335796E-017   1.7829165252637883E-017  -3.9914591301701238E-017   3.9083230611830209E-031   1.0010266762713276E-031  -7.0457807423087137E-032   4.4156090740694369E-031   4.4714499409500598E-032   3.0287400105708218E-031  -5.3935472607385142E-017   2.8129283030456759E-017   2.5465352017935562E-017  -5.7009910657453656E-017  -5.4703312397737208E-017  -6.0249593931781055E-031  -6.2744834763124781E-032   5.3948638087944808E-032  -6.2598186539272158E-031   5.6799312186209137E-032  -6.4649313344137635E-031  -4.1755130885339981E-016
   7.0330928649903159E-018  -5.7993115255836152E-018  -3.6853009534210633E-018  -5.5217258475531956E-018   3.9731872580446238E-017  -3.2761903050615924E-017  -2.0819276911696000E-017  -2.3452287115191342E-030  -7.0457807423087137E-032   2.0958544562600190E-031  -2.4319892560601767E-030   6.6257737253790635E-032  -2.3219828597111179E-030  -2.3272911148012961E-016   5.6748933966111198E-017  -4.6793743966110499E-017  -2.9736121001893975E-017  -2.2874977082230354E-016  -1.9008265661092242E-030   5.9053279505330602E-032  -4.4945524771699952E-032  -1.7840365201997267E-030  -7.8326336342511481E-032  -1.6492432761454456E-030   4.5750904372411076E-016
   4.1351321326264296E-019  -5.3898203669762111E-017   9.5534714343763399E-017   9.0170555665332429E-017   2.3360496747366682E-018  -3.0448575066908383E-016   5.3970183106925544E-016   3.2463726181796873E-029   4.4156090740694369E-031  -2.4319892560601767E-030   3.3179314096577877E-029  -1.2545046493694660E-030   3.2558502326613814E-029   3.6548053987602443E-015   3.3365738920273680E-018  -4.3489623408400500E-016   7.7085477183904700E-016   3.6020208054302045E-015   3.1079731276664326E-029  -4.8031689221717159E-031   3.4896168437392951E-031   2.9568339810945837E-029   8.0065042689412695E-031   2.7744899960518313E-029  -4.1774148808379715E-015
  -4.7826352724585329E-018  -1.6317785256913779E-018  -5.1783293674626734E-018  -6.0356575218628826E-018  -2.7018419760952673E-017  -9.2183649081340248E-018  -2.9253804344279889E-017  -1.2650861176454838E-030   4.4714499409500598E-032   6.6257737253790635E-032  -1.2545046493694660E-030   1.0049091414879770E-031  -1.3431647193303034E-030  -2.2752411674715320E-016  -3.8590341187129705E-017  -1.3166567480251780E-017  -4.1783135381544632E-017  -2.2542384241579681E-016  -2.0108038110316648E-030  -2.4201451337263106E-032   2.2963153108715628E-032  -1.9536888558832723E-030   2.6680469409019071E-033  -1.8735410560701896E-030  -1.0728551148978290E-016
   1.2399220930544181E-017  -5.3810613341831553E-017   8.9143254355618857E-017   9.4341789067853512E-017   7.0046603331723744E-017  -3.0399092885805024E-016   5.0359471877501813E-016   3.1938313511092890E-029   3.0287400105708218E-031  -2.3219828597111179E-030   3.2558502326613814E-029  -1.3431647193303034E-030   3.2202820850462239E-029   3.7862979957784909E-015   1.0004738787415661E-016  -4.3418948133223161E-016   7.1928307389946840E-016   3.7342178092961071E-015   3.2336872814899457E-029  -3.7754384928384005E-031   2.6706732463770801E-031   3.0859825549176876E-029   7.1330685248820898E-031   2.9042469328329254E-029  -3.5211495381446407E-015
   4.0000827032420604E-017   2.0756629827830820E-016   1.2410433225151447E-015   1.5125040773395000E-002  -2.7502239940161650E-016   7.5583556143191288E-016  -1.5025414737901853E-015   3.6184696144855829E-015  -5.3935472607385142E-017  -2.3272911148012961E-016   3.6548053987602443E-015  -2.2752411674715320E-016   3.7862979957784909E-015  0.58183304620944265       -1.2880788605116455E-016   9.8006567815745143E-016  -2.7473131827671181E-015  0.57559280291845405        5.0062516928492419E-015   2.3468613493452458E-017  -2.1441708908739112E-017   4.8418677228292034E-015   3.0247659599248603E-017   4.6098554582134710E-015   5.0319278254935158E-003
   7.0650078912137163E-002  -3.3969974005317943E-017  -4.1034793474050374E-016  -3.3608009775715042E-016  0.39912169326081592       -8.4599392017233502E-017   1.1676857397668898E-016   1.2504202798527539E-016   2.8129283030456759E-017   5.6748933966111198E-017   3.3365738920273680E-018  -3.8590341187129705E-017   1.0004738787415661E-016  -1.2880788605116455E-016  0.57006451355749843       -1.4146127845504619E-016  -1.5898017855879110E-016  -2.4256179245809232E-018   4.8563862682780583E-017   2.3626682263513901E-018  -1.0508657701082163E-018   5.0937546924239360E-017   2.6676993346784300E-018   4.1866357761347608E-017  -1.8494252086980720E-016
  -3.4322904400007254E-016   7.0650078912138814E-002   2.0944075466988722E-016   4.3570061112023623E-016   1.0254745548092626E-018  0.39912169326081737       -9.6286187934816967E-017  -4.5241755524150682E-016   2.5465352017935562E-017  -4.6793743966110499E-017  -4.3489623408400500E-016  -1.3166567480251780E-017  -4.3418948133223161E-016   9.8006567815745143E-016  -1.4146127845504619E-016  0.57006451355749621        1.9165983904112532E-016  -4.9166908502383437E-016  -1.2114044540954784E-016  -2.4980864832238000E-018  -9.0514845289503345E-018  -1.3865478159969676E-016   2.1526364496993601E-018  -1.4529052721315405E-016  -3.5869055943113141E-017
  -2.3355070048053382E-016   6.3289398317030890E-016   7.0650078912139216E-002  -5.7427681777549401E-016   4.0874421902703899E-017   1.7829704726524120E-016  0.39912169326081648        8.1201751566664691E-016  -5.7009910657453656E-017  -2.9736121001893975E-017   7.7085477183904700E-016  -4.1783135381544632E-017   7.1928307389946840E-016  -2.7473131827671181E-015  -1.5898017855879110E-016   1.9165983904112532E-016  0.57006451355749554       -3.1303155410304917E-016   3.8388620881202424E-016  -7.7783964404466095E-018  -2.2113724535146712E-017   3.3810469531004946E-016   5.5416604597760475E-018   3.5735907463862910E-016   1.4590923805472215E-015
   5.4849904065226210E-017   2.3261671512911515E-017   1.5299110433273094E-015   1.4970251819327943E-002  -1.8376187042791265E-016  -2.7589610787388222E-016   1.9094986051505767E-016   3.5669302030886434E-015  -5.4703312397737208E-017  -2.2874977082230354E-016   3.6020208054302045E-015  -2.2542384241579681E-016   3.7342178092961071E-015  0.57559280291845405       -2.4256179245809232E-018  -4.9166908502383437E-016  -3.1303155410304917E-016  0.56944035065394705        4.9540623380906137E-015   2.4167675984516670E-017  -2.1989774469058047E-017   4.7921021554451245E-015   2.8994527247749845E-017   4.5631880425962985E-015   1.1441468247794476E-002
   6.0186884979129641E-018  -1.5013356951874836E-017   4.7576353729872921E-017   1.3067536573560077E-016   3.4001223798824123E-017  -8.4814575446032390E-017   2.6877188464929614E-016   3.0870544155755823E-029  -6.0249593931781055E-031  -1.9008265661092242E-030   3.1079731276664326E-029  -2.0108038110316648E-030   3.2336872814899457E-029   5.0062516928492419E-015   4.8563862682780583E-017  -1.2114044540954784E-016   3.8388620881202424E-016   4.9540623380906137E-015   4.3471895255317347E-029   2.6593635220001172E-031  -2.5361257259446282E-031   4.2078197786557985E-029   1.9683750527999748E-031   4.0139444774183318E-029   5.0905379630773522E-016
   2.9281369505573816E-019  -3.0959655086710904E-019  -9.6400373862578124E-019   9.4863679870536956E-019   1.6541849574711291E-018  -1.7489959178027253E-018  -5.4459217936427391E-018  -4.4277829848224203E-031  -6.2744834763124781E-032   5.9053279505330602E-032  -4.8031689221717159E-031  -2.4201451337263106E-032  -3.7754384928384005E-031   2.3468613493452458E-017   2.3626682263513901E-018  -2.4980864832238000E-018  -7.7783964404466095E-018   2.4167675984516670E-017   2.6593635220001172E-031   4.4400676936976786E-032  -3.5983297273999809E-032   2.9012777552679754E-031  -4.1176510194315085E-032   3.0828663008669403E-031   2.9475008719702401E-016
  -1.3023745175941350E-019  -1.1217819756076447E-018  -2.7406308343941014E-018  -8.3443693184551777E-019  -7.3574712261603612E-019  -6.3372543734988531E-018  -1.5482576043352872E-017   3.1685588621750116E-031   5.3948638087944808E-032  -4.4945524771699952E-032   3.4896168437392951E-031   2.2963153108715628E-032   2.6706732463770801E-031  -2.1441708908739112E-017  -1.0508657701082163E-018  -9.0514845289503345E-018  -2.2113724535146712E-017  -2.1989774469058047E-017  -2.5361257259446282E-031  -3.5983297273999809E-032   3.0807562640780308E-032  -2.7014520570938845E-031   3.3264637133329308E-032  -2.8495975278418442E-031  -2.4121909089510698E-016
   6.3128674460552009E-018  -1.7183969583427472E-017   4.1902491448133740E-017   1.2663740714617066E-016   3.5663121445820904E-017  -9.7076962158946819E-017   2.3671867882014859E-016   2.9394250710134099E-029  -6.2598186539272158E-031  -1.7840365201997267E-030   2.9568339810945837E-029  -1.9536888558832723E-030   3.0859825549176876E-029   4.8418677228292034E-015   5.0937546924239360E-017  -1.3865478159969676E-016   3.3810469531004946E-016   4.7921021554451245E-015   4.2078197786557985E-029   2.9012777552679754E-031  -2.7014520570938845E-031   4.0756093765493274E-029   1.5837909557961011E-031   3.8900822335223117E-029   7.1233083283569062E-016
   3.3061726177748137E-019   2.6678372609330621E-019   6.8679726500448578E-019   4.5559453288219311E-019   1.8677476851226415E-018   1.5071345160872306E-018   3.8799063151287108E-018   7.6158420328069935E-031   5.6799312186209137E-032  -7.8326336342511481E-032   8.0065042689412695E-031   2.6680469409019071E-033   7.1330685248820898E-031   3.0247659599248603E-017   2.6676993346784300E-018   2.1526364496993601E-018   5.5416604597760475E-018   2.8994527247749845E-017   1.9683750527999748E-031  -4.1176510194315085E-032   3.3264637133329308E-032   1.5837909557961011E-031   4.2988231031124165E-032   1.1929303549291634E-031  -2.8745602321567889E-016
   5.1886434065937395E-018  -1.8006360628795312E-017   4.4288753680944919E-017   1.2082327132446348E-016   2.9312071183125881E-017  -1.0172287496759248E-016   2.5019932933872100E-016   2.7609961100473615E-029  -6.4649313344137635E-031  -1.6492432761454456E-030   2.7744899960518313E-029  -1.8735410560701896E-030   2.9042469328329254E-029   4.6098554582134710E-015   4.1866357761347608E-017  -1.4529052721315405E-016   3.5735907463862910E-016   4.5631880425962985E-015   4.0139444774183318E-029   3.0828663008669403E-031  -2.8495975278418442E-031   3.8900822335223117E-029   1.1929303549291634E-031   3.7156762736916098E-029   8.9923597384520953E-016
  -8.8637820632267943E-017  -3.0852654212237262E-016   1.4773375632666027E-015   2.4323977739158734E-003   1.1475601129540870E-016  -2.0191922861203025E-016  -9.3208351879277727E-016  -3.9127032228821286E-015  -4.1755130885339981E-016   4.5750904372411076E-016  -4.1774148808379715E-015  -1.0728551148978290E-016  -3.5211495381446407E-015   5.0319278254935158E-003  -1.8494252086980720E-016  -3.5869055943113141E-017   1.4590923805472215E-015   1.1441468247794476E-002   5.0905379630773522E-016   2.9475008719702401E-016  -2.4121909089510698E-016   7.1233083283569062E-016  -2.8745602321567889E-016   8.9923597384520953E-016   2.0024356245136827     
