   1.8119046221187991E-002  -9.1462360738175371E-009   2.1802600814057699E-009  -9.2556137955249343E-009  -1.4064355278428628E-009  -3.2138596474941926E-009   1.4651169263108332E-009  -8.9157060246101570E-010  -6.7926823162526173E-012   2.2980060207045255E-009   7.3734785860932017E-002  -2.1919886689308011E-008   2.7036721908653290E-009  -5.2017295639599515E-009  -2.6308302179891118E-009  -3.1823159687903599E-009   2.5128580604581902E-009   2.3459134112677813E-010  -8.0675074168799012E-011   2.3962388180399890E-009  -6.2746031755727560E-009   6.4485463955740258E-002  -1.8728215105273314E-008   2.5204347924912672E-009   4.4311163212359096E-010   5.7600852026000037E-004   3.3370257027472629E-010  -4.2607654735241017E-011   1.1855034925853815E-010  -2.8121984552767745E-010  -4.2853769213638630E-010   3.2212557947269429E-010  -4.9249269939347114E-011  -1.4980247342629884E-011   3.3046909813394554E-010
  -9.1462360738175371E-009   1.8119039550902407E-002   2.9641725627910380E-009  -4.3756267377030585E-009   1.8956104454760305E-009  -5.4388822073580073E-010   2.0188135066941255E-010  -3.9304089157358120E-010   2.8680734346514874E-009  -1.5025692224009614E-009  -1.2349222237668773E-008   7.3734773006565849E-002   1.4797966641394895E-009  -7.6061137905207106E-009   1.6248137051966812E-009  -2.4142570445785063E-009   1.3661950729002115E-010  -1.6444958619367080E-009   3.3561369550456659E-009   1.9682016555959277E-011  -6.9218440703834953E-009  -1.0799573008088301E-008   6.4485453580887558E-002   1.4415114565688499E-009   2.9206469386227702E-010   2.2950399093499903E-010   5.7600876694155684E-004  -3.4864545119075172E-011   9.6123581007456070E-011   2.2716854394612114E-010  -2.2570208034299664E-010   2.1167069804146225E-011  -1.2967704658727675E-010   4.7015338614848006E-010  -9.7491411949127337E-011
   2.1802600814057699E-009   2.9641725627910380E-009   1.8119052317634800E-002   2.4614951345242166E-008  -5.3502279238136406E-010  -2.1081440477122138E-009  -2.3896085373606810E-009  -4.8675000988090258E-010  -1.9884820463038270E-009   1.0217731109865366E-009   5.2993519268462722E-009   9.5816056672030293E-009   7.3734797210565250E-002   2.3624885536531548E-009  -1.2199890885582332E-009  -1.1100223682032773E-009  -2.9375109085301119E-009  -8.5086320283379265E-010  -2.4694957572939514E-009   2.0708523457707567E-009   7.9021197735616917E-009   4.7000416654788289E-009   8.1769000142307364E-009   6.4485473874886595E-002  -1.2521646246284304E-009  -6.7329816395939150E-011  -1.2223347574600196E-010   5.7600834245864318E-004  -2.1785445177674934E-010  -1.4670776233312803E-010  -2.1555126041340422E-010  -3.6298015664046980E-010  -9.8915780592140718E-011  -3.0181705196470211E-010   2.4562358662069164E-010
  -9.2556137955249343E-009  -4.3756267377030585E-009   2.4614951345242166E-008   3.9397627143912761E-004   2.2060443489101679E-013  -2.1701955711572930E-011   1.1965790564629718E-011  -9.9844570135870086E-012   1.1240325918390201E-011   9.7651922592609211E-012  -3.6637532033183823E-008  -1.6795956650958101E-008   9.8604661733397617E-008   1.3320414212640977E-002  -3.7494983021389796E-012   1.4373172763082786E-010  -3.7615874026329648E-011   1.0253502316136460E-010  -4.5716430506695674E-011  -9.8783560624161765E-011   1.5378385342500377E-002  -3.1751132286246466E-008  -1.4221365435328020E-008   8.5599218932550950E-008   9.5700714047349464E-003  -7.6845205430149377E-010  -9.1112981399936482E-010  -3.7567055960177108E-011   4.5632672402865236E-004  -1.8723606044117765E-012   2.3535575397310402E-011  -5.2701172695413663E-012   1.8370070040372568E-011  -6.5038237060130172E-012  -1.6497075915649776E-011
  -1.4064355278428628E-009   1.8956104454760305E-009  -5.3502279238136406E-010   2.2060443489101679E-013   3.2350039552250878E-016   2.5489489385922217E-016  -2.2074312013470284E-017   4.2345340046586065E-017   3.5942974175281472E-016  -3.6584570115941259E-016  -5.7262943435377563E-009   7.7160390196007976E-009  -2.1782947568920467E-009   9.5204721467721144E-012   4.1000469684364263E-016   2.7358035912816689E-017  -9.3975935701906979E-017  -1.6480358688450201E-016   4.3013917853910087E-016  -2.4520112075418274E-016   1.0750534363800306E-011  -5.0071586228497559E-009   6.7475800903193899E-009  -1.9047480729370325E-009  -5.6688263442952190E-012   4.7452924465856638E-010  -2.8875197912967281E-010   1.7165646340330022E-010  -2.2168641152155593E-014   4.7832295172056676E-017   1.5963034225044186E-017  -1.1118328319081450E-017  -5.5361078980512167E-018   5.8025458549866883E-017  -4.2296177934526726E-017
  -3.2138596474941926E-009  -5.4388822073580073E-010  -2.1081440477122138E-009  -2.1701955711572930E-011   2.5489489385922217E-016   8.3324626763311314E-016   1.1290504142974717E-017   2.2724502964748207E-016   1.4572779997628177E-016  -4.8214001352642053E-016  -1.3081880945112258E-008  -2.2154599712248475E-009  -8.5797474011835171E-009  -8.2442577434165875E-010   5.5986047871691596E-016   7.5705638988075892E-016  -1.0569157273737806E-016   1.0050349302729211E-016   2.0367174404815503E-016  -6.6036407338776967E-016  -9.4111991319479214E-010  -1.1439959652415604E-008  -1.9369376293384463E-009  -7.5032873564750251E-009  -3.8168415672730914E-011   4.7846555213751084E-010   3.6836641469836305E-010   6.6708357410815836E-011  -4.1893932447746088E-012   5.8869675724672161E-017   1.0431919441430451E-016  -1.3925087584456357E-017   2.2622712715944254E-017   2.4887969639970183E-017  -8.1492428666826833E-017
   1.4651169263108332E-009   2.0188135066941255E-010  -2.3896085373606810E-009   1.1965790564629718E-011  -2.2074312013470284E-017   1.1290504142974717E-017   4.3647320534020907E-016  -1.2538032856693078E-017   2.9417014923180674E-016   3.4612334317128506E-017   5.9642044668099755E-009   8.2168181252688798E-010  -9.7273006853199644E-009   4.5358826946873315E-010  -3.3799024852827883E-017  -1.3285197193852058E-016   5.9068888525212965E-016   1.1617196851246887E-016   3.5485703339285733E-016  -8.2372896520195773E-017   5.1791139923984341E-010   5.2154840522585541E-009   7.1857180055636632E-010  -8.5062716845012698E-009   2.7256193009999684E-011  -3.1014257260160509E-010  -1.7437959097423841E-011   4.4666567493665847E-010   2.5859934033092434E-012  -8.0338712580912643E-019  -7.0858329446887331E-018   7.1792289632997167E-017   6.9836374741851368E-018   4.2549204012665239E-017  -6.1802368883615665E-018
  -8.9157060246101570E-010  -3.9304089157358120E-010  -4.8675000988090258E-010  -9.9844570135870086E-012   4.2345340046586065E-017   2.2724502964748207E-016  -1.2538032856693078E-017   6.5904006745073403E-017  -8.8332008515620538E-018  -1.0824938557069125E-016  -3.6273135709184798E-009  -1.6020886832584947E-009  -1.9819472607826121E-009  -3.8062361946546107E-010   1.2714713140904873E-016   2.3461012375560738E-016  -4.6736393091473324E-017   4.3860690061871857E-017  -1.1992582637104509E-018  -1.7100786735708777E-016  -4.3436162025622350E-010  -3.1725622341311756E-009  -1.4003637584091581E-009  -1.7330021523781815E-009  -1.0474862053609893E-011  -1.9181304338952944E-010   4.6361634515238502E-010   1.9097856471385831E-010  -1.7458611937059743E-012   1.3541901974045383E-017   3.0220227811895045E-017  -7.3051829914831288E-018   5.6262857445003140E-018  -2.9591014048574456E-019  -1.9168206250020922E-017
  -6.7926823162526173E-012   2.8680734346514874E-009  -1.9884820463038270E-009   1.1240325918390201E-011   3.5942974175281472E-016   1.4572779997628177E-016   2.9417014923180674E-016  -8.8332008515620538E-018   6.7279399713991695E-016  -3.5059648882732351E-016  -2.7593833988647413E-011   1.1673942580162152E-008  -8.0947701329510542E-009   4.2750825161812634E-010   3.9186856341438298E-016  -2.5437146460674215E-016   3.4179251479839340E-016  -1.6366079123111653E-016   8.0062102838669829E-016  -2.2820774329126789E-016   4.8798249794957630E-010  -2.4145280795585387E-011   1.0208858311121361E-008  -7.0785734293747045E-009   1.7852097457210620E-011  -8.2721949974592693E-012  -3.4849940598879642E-010   4.2990662844650688E-010   2.2989212111423458E-012   5.0874401011445126E-017  -9.9402266978817343E-018   4.1713139361176297E-017  -8.7930377558631091E-018   1.0527023013625796E-016  -4.2081335974664153E-017
   2.2980060207045255E-009  -1.5025692224009614E-009   1.0217731109865366E-009   9.7651922592609211E-012  -3.6584570115941259E-016  -4.8214001352642053E-016   3.4612334317128506E-017  -1.0824938557069125E-016  -3.5059648882732351E-016   4.7409509110536516E-016   9.3536074997287257E-009  -6.1139489507824480E-009   4.1602432626602750E-009   3.7113965545214988E-010  -5.3715181241465573E-016  -2.6196779693883393E-016   1.4071215979477646E-016   1.2094313808572999E-016  -4.2894003003165819E-016   4.1620873101677544E-016   4.2365426887217607E-010   8.1797204852325196E-009  -5.3472151307160391E-009   3.6377513174101776E-009   1.6223192393847677E-011  -2.8272188386117656E-010  -1.7487098672478444E-010  -3.6263295734082011E-010   1.7811304161526387E-012  -6.1374191416041967E-017  -4.6183188475850157E-017   1.8423470808613847E-017  -9.0138351136102650E-020  -5.7729579173602867E-017   6.1464338961298304E-017
   7.3734785860932017E-002  -1.2349222237668773E-008   5.2993519268462722E-009  -3.6637532033183823E-008  -5.7262943435377563E-009  -1.3081880945112258E-008   5.9642044668099755E-009  -3.6273135709184798E-009  -2.7593833988647413E-011   9.3536074997287257E-009  0.30012166714306993        1.2023612929569189E-008  -3.5422181039383839E-009   1.7007625115931344E-008  -1.0702392604158384E-008  -1.2948249868716501E-008   1.0224141994715426E-008   9.5130677862326129E-010  -3.2784011037695112E-010   9.7510856000640866E-009   1.8180463455715435E-008  0.26245673065299946        1.2312444406491016E-008  -2.4627674597837461E-009   7.5994278386117618E-009  -8.6754782156210648E-003   5.0589947740906150E-010  -3.2239360351975182E-011   6.7964201171508848E-010  -1.1141169355118128E-009  -1.7239356513824368E-009   1.2811254095387886E-009  -2.1663040466266908E-010  -6.1381287975693562E-011   1.3307472739500875E-009
  -2.1919886689308011E-008   7.3734773006565849E-002   9.5816056672030293E-009  -1.6795956650958101E-008   7.7160390196007976E-009  -2.2154599712248475E-009   8.2168181252688798E-010  -1.6020886832584947E-009   1.1673942580162152E-008  -6.1139489507824480E-009   1.2023612929569189E-008  0.30012167299304937       -4.0781167383867947E-009   6.5072945774127924E-009   6.6114819920891277E-009  -9.8209970594749939E-009   5.5669708683175951E-010  -6.6885758851853706E-009   1.3656244486315094E-008   7.7093335247632435E-011   1.4729801132868384E-008   1.0516928687537842E-008  0.26245673929825392       -2.9675503766847484E-009   6.8920518631023785E-009   5.2938449583684286E-010  -8.6754774172007228E-003  -1.9945891496409662E-010   6.2947984042686706E-010   9.1282513008324411E-010  -8.9193876014198388E-010   8.5865554482974528E-011  -5.0198454815651019E-010   1.8847146784628039E-009  -4.1084022926337580E-010
   2.7036721908653290E-009   1.4797966641394895E-009   7.3734797210565250E-002   9.8604661733397617E-008  -2.1782947568920467E-009  -8.5797474011835171E-009  -9.7273006853199644E-009  -1.9819472607826121E-009  -8.0947701329510542E-009   4.1602432626602750E-009  -3.5422181039383839E-009  -4.0781167383867947E-009  0.30012165854672040       -4.9216536016637316E-008  -4.9634597533834670E-009  -4.5184364254514934E-009  -1.1951808381737416E-008  -3.4615643127576437E-009  -1.0045898847220764E-008   8.4250242845317627E-009  -3.5137899913356260E-008  -2.8306373607182826E-009  -4.3914064690825025E-009  0.26245672310840568       -1.1927160951029483E-008  -7.1323350636473874E-012  -1.6471131359182588E-010  -8.6754784792989811E-003  -1.1461221064420907E-009  -5.7966652443813370E-010  -8.7882641205905519E-010  -1.4516656216817189E-009  -3.8457199702365295E-010  -1.2080026378747539E-009   9.6423869770928105E-010
  -5.2017295639599515E-009  -7.6061137905207106E-009   2.3624885536531548E-009   1.3320414212640977E-002   9.5204721467721144E-012  -8.2442577434165875E-010   4.5358826946873315E-010  -3.8062361946546107E-010   4.2750825161812634E-010   3.7113965545214988E-010   1.7007625115931344E-008   6.5072945774127924E-009  -4.9216536016637316E-008  0.51174025742226392       -1.4389484948698300E-010   5.4582572358485958E-009  -1.4293500597360559E-009   3.8974832354944403E-009  -1.7352964181055609E-009  -3.7535215508975379E-009  0.58357847199259694        2.6712696752744642E-008   2.4296833749752251E-008  -6.7945382431096849E-008  -7.2701093809164506E-003   6.6390010963207621E-009   7.4850793863683805E-009  -7.9759120236342126E-009   1.8133382829325991E-003  -8.6939118325195169E-011   9.9090012124314108E-010  -2.1616492431267875E-010   7.8220991521136694E-010  -2.8289295995693888E-010  -6.9524912635164991E-010
  -2.6308302179891118E-009   1.6248137051966812E-009  -1.2199890885582332E-009  -3.7494983021389796E-012   4.1000469684364263E-016   5.5986047871691596E-016  -3.3799024852827883E-017   1.2714713140904873E-016   3.9186856341438298E-016  -5.3715181241465573E-016  -1.0702392604158384E-008   6.6114819920891277E-009  -4.9634597533834670E-009  -1.4389484948698300E-010   6.1013101738862737E-016   3.1883105366922380E-016  -1.5449035596182384E-016  -1.2555746231956806E-016   4.7955351412534291E-016  -4.8457358092004586E-016  -1.6410797389836770E-010  -9.3609415784340927E-009   5.7823189821056167E-009  -4.3411998000583772E-009   1.3720749224746350E-012  -7.5010816455438685E-010   1.6717409171897548E-010  -2.6385867007853467E-010  -5.8355008883964528E-013   7.3414709547009058E-017   5.7114242969218515E-017  -2.1649032311425574E-017   1.0791020235273384E-018   6.5424316690820723E-017  -7.4493810259800291E-017
  -3.1823159687903599E-009  -2.4142570445785063E-009  -1.1100223682032773E-009   1.4373172763082786E-010   2.7358035912816689E-017   7.5705638988075892E-016  -1.3285197193852058E-016   2.3461012375560738E-016  -2.5437146460674215E-016  -2.6196779693883393E-016  -1.2948249868716501E-008  -9.8209970594749939E-009  -4.5184364254514934E-009   5.4582572358485958E-009   3.1883105366922380E-016   1.0072133094657229E-015  -2.9491137308145112E-016   2.7174194375644524E-016  -3.0040350500893865E-016  -5.9057224970928281E-016   6.2310731032468649E-009  -1.1324614392543284E-008  -8.5901275855325355E-009  -3.9512823936536031E-009   2.6435337712279838E-010  -4.7690325529740286E-010  -7.5512549999032278E-010   1.9062665632679962E-010   3.0112624310318037E-011   2.7158244843918476E-017   1.3138387870024375E-016  -4.1005966342633667E-017   4.0924796654953901E-017  -4.6698430010539575E-017  -6.8082818447364619E-017
   2.5128580604581902E-009   1.3661950729002115E-010  -2.9375109085301119E-009  -3.7615874026329648E-011  -9.3975935701906979E-017  -1.0569157273737806E-016   5.9068888525212965E-016  -4.6736393091473324E-017   3.4179251479839340E-016   1.4071215979477646E-016   1.0224141994715426E-008   5.5669708683175951E-010  -1.1951808381737416E-008  -1.4293500597360559E-009  -1.5449035596182384E-016  -2.9491137308145112E-016   8.2991203007474254E-016   1.4736610808903729E-016   4.1943561607618196E-016   7.1240408594516601E-018  -1.6316157660065521E-009   8.9421538054938054E-009   4.8665472632280803E-010  -1.0453228351744279E-008  -6.3382842207429876E-011   4.1417938055394852E-010  -1.2756827523472837E-010  -5.0766333162386683E-010  -8.2787113351068881E-012  -1.3670041883743251E-017  -2.9287000023311648E-017   1.0613879709678831E-016   7.5359237636994914E-018   5.1613170111273118E-017   6.1340480236732346E-018
   2.3459134112677813E-010  -1.6444958619367080E-009  -8.5086320283379265E-010   1.0253502316136460E-010  -1.6480358688450201E-016   1.0050349302729211E-016   1.1617196851246887E-016   4.3860690061871857E-017  -1.6366079123111653E-016   1.2094313808572999E-016   9.5130677862326129E-010  -6.6885758851853706E-009  -3.4615643127576437E-009   3.8974832354944403E-009  -1.2555746231956806E-016   2.7174194375644524E-016   1.4736610808903729E-016   2.2237725459653874E-016  -2.0296406447993468E-016  -9.6819268743473911E-017   4.4489337846669437E-009   8.3294390830379364E-010  -5.8506105839647594E-009  -3.0276309827284334E-009   1.6898366007876855E-010   6.1607695081128765E-010  -7.1309405188473859E-010  -2.0694480115799321E-010   2.1248173137397601E-011  -2.0110118230722466E-017   3.3015071164451158E-017   1.9699406632755087E-017   2.4420337382863590E-017  -3.2185980929647095E-017  -4.3100624966433311E-018
  -8.0675074168799012E-011   3.3561369550456659E-009  -2.4694957572939514E-009  -4.5716430506695674E-011   4.3013917853910087E-016   2.0367174404815503E-016   3.5485703339285733E-016  -1.1992582637104509E-018   8.0062102838669829E-016  -4.2894003003165819E-016  -3.2784011037695112E-010   1.3656244486315094E-008  -1.0045898847220764E-008  -1.7352964181055609E-009   4.7955351412534291E-016  -3.0040350500893865E-016   4.1943561607618196E-016  -2.0296406447993468E-016   9.6472529750644328E-016  -2.7658971234223406E-016  -1.9810599653644437E-009  -2.8684853274620563E-010   1.1943614070675814E-008  -8.7867845295488059E-009  -8.7606767940144529E-011  -8.5926672068444244E-011   3.6687304154467045E-010  -7.3617692390391154E-010  -9.3482011270100892E-012   6.5154952978307251E-017  -1.4428247878100991E-017   5.3988359910556426E-017  -1.2606641584398858E-017   1.3111522426911016E-016  -5.2548375915827194E-017
   2.3962388180399890E-009   1.9682016555959277E-011   2.0708523457707567E-009  -9.8783560624161765E-011  -2.4520112075418274E-016  -6.6036407338776967E-016  -8.2372896520195773E-017  -1.7100786735708777E-016  -2.2820774329126789E-016   4.1620873101677544E-016   9.7510856000640866E-009   7.7093335247632435E-011   8.4250242845317627E-009  -3.7535215508975379E-009  -4.8457358092004586E-016  -5.9057224970928281E-016   7.1240408594516601E-018  -9.6819268743473911E-017  -2.7658971234223406E-016   5.8139235199081438E-016  -4.2847486996768653E-009   8.5279974689245924E-009   6.8291110340176190E-011   7.3688309746160542E-009  -1.7031037608955222E-010   1.3402868831052988E-010   5.4591766436183001E-010   4.7080399835659571E-010  -2.0660795666141559E-011  -5.3304598408868105E-017  -9.0129182762625991E-017   1.9495887578089126E-018  -2.5499345043795175E-017  -3.3238380119622036E-017   7.8803785489590857E-017
  -6.2746031755727560E-009  -6.9218440703834953E-009   7.9021197735616917E-009   1.5378385342500377E-002   1.0750534363800306E-011  -9.4111991319479214E-010   5.1791139923984341E-010  -4.3436162025622350E-010   4.8798249794957630E-010   4.2365426887217607E-010   1.8180463455715435E-008   1.4729801132868384E-008  -3.5137899913356260E-008  0.58357847199259694       -1.6410797389836770E-010   6.2310731032468649E-009  -1.6316157660065521E-009   4.4489337846669437E-009  -1.9810599653644437E-009  -4.2847486996768653E-009  0.66624974681708904        2.9317678641628945E-008   3.4022671414724474E-008  -5.9060869352397665E-008   3.0548149060000140E-002  -2.9857057420944061E-009  -2.2198104748760906E-009   1.7570988590641063E-009   3.7262924635840344E-003  -9.7588641922958544E-011   1.1210200744162063E-009  -2.4508868965824147E-010   8.8409517105003544E-010  -3.1918196228131912E-010  -7.8648154011231799E-010
   6.4485463955740258E-002  -1.0799573008088301E-008   4.7000416654788289E-009  -3.1751132286246466E-008  -5.0071586228497559E-009  -1.1439959652415604E-008   5.2154840522585541E-009  -3.1725622341311756E-009  -2.4145280795585387E-011   8.1797204852325196E-009  0.26245673065299946        1.0516928687537842E-008  -2.8306373607182826E-009   2.6712696752744642E-008  -9.3609415784340927E-009  -1.1324614392543284E-008   8.9421538054938054E-009   8.3294390830379364E-010  -2.8684853274620563E-010   8.5279974689245924E-009   2.9317678641628945E-008  0.22952377616263958        1.0768878999123931E-008  -1.9202388532818453E-009   3.0477720865721566E-009  -4.4006800994119879E-003   3.1319936240715044E-010  -6.0814070042240112E-011   6.9523020906789679E-010  -9.8312255018891771E-010  -1.5134628955268010E-009   1.1290241825914403E-009  -1.8476804815736311E-010  -5.3560031944038110E-011   1.1678905391832006E-009
  -1.8728215105273314E-008   6.4485453580887558E-002   8.1769000142307364E-009  -1.4221365435328020E-008   6.7475800903193899E-009  -1.9369376293384463E-009   7.1857180055636632E-010  -1.4003637584091581E-009   1.0208858311121361E-008  -5.3472151307160391E-009   1.2312444406491016E-008  0.26245673929825392       -4.3914064690825025E-009   2.4296833749752251E-008   5.7823189821056167E-009  -8.5901275855325355E-009   4.8665472632280803E-010  -5.8506105839647594E-009   1.1943614070675814E-008   6.8291110340176190E-011   3.4022671414724474E-008   1.0768878999123931E-008  0.22952378680885760       -3.3163016107423034E-009   2.6425989290856924E-009   3.2086798525774691E-010  -4.4006796812575784E-003  -5.6081197520316278E-011   6.4317494522815995E-010   8.0168269555144769E-010  -7.8773050037272560E-010   7.5173599431331974E-011  -4.4645620362602496E-010   1.6565533339348016E-009  -3.5522618497142234E-010
   2.5204347924912672E-009   1.4415114565688499E-009   6.4485473874886595E-002   8.5599218932550950E-008  -1.9047480729370325E-009  -7.5032873564750251E-009  -8.5062716845012698E-009  -1.7330021523781815E-009  -7.0785734293747045E-009   3.6377513174101776E-009  -2.4627674597837461E-009  -2.9675503766847484E-009  0.26245672310840568       -6.7945382431096849E-008  -4.3411998000583772E-009  -3.9512823936536031E-009  -1.0453228351744279E-008  -3.0276309827284334E-009  -8.7867845295488059E-009   7.3688309746160542E-009  -5.9060869352397665E-008  -1.9202388532818453E-009  -3.3163016107423034E-009  0.22952376954142403       -7.4286724406784956E-009  -4.2989304303110575E-011  -2.5699956577637411E-011  -4.4006802609019473E-003  -1.2432409122725744E-009  -5.1197155495864442E-010  -7.6810930754633288E-010  -1.2769328567072438E-009  -3.4152529027557208E-010  -1.0623204216076629E-009   8.5349699982518817E-010
   4.4311163212359096E-010   2.9206469386227702E-010  -1.2521646246284304E-009   9.5700714047349464E-003  -5.6688263442952190E-012  -3.8168415672730914E-011   2.7256193009999684E-011  -1.0474862053609893E-011   1.7852097457210620E-011   1.6223192393847677E-011   7.5994278386117618E-009   6.8920518631023785E-009  -1.1927160951029483E-008  -7.2701093809164506E-003   1.3720749224746350E-012   2.6435337712279838E-010  -6.3382842207429876E-011   1.6898366007876855E-010  -8.7606767940144529E-011  -1.7031037608955222E-010   3.0548149060000140E-002   3.0477720865721566E-009   2.6425989290856924E-009  -7.4286724406784956E-009   2.0193322900465596       -3.2127744805023984E-009  -3.2222096092918886E-009   3.3510909649990296E-009   7.6254550745618677E-004   8.2073063513524657E-011  -4.8113217596421667E-010   7.7004892319082801E-011  -4.2297867696503146E-010   1.8202224004471884E-010   3.4091967075684692E-010
   5.7600852026000037E-004   2.2950399093499903E-010  -6.7329816395939150E-011  -7.6845205430149377E-010   4.7452924465856638E-010   4.7846555213751084E-010  -3.1014257260160509E-010  -1.9181304338952944E-010  -8.2721949974592693E-012  -2.8272188386117656E-010  -8.6754782156210648E-003   5.2938449583684286E-010  -7.1323350636473874E-012   6.6390010963207621E-009  -7.5010816455438685E-010  -4.7690325529740286E-010   4.1417938055394852E-010   6.1607695081128765E-010  -8.5926672068444244E-011   1.3402868831052988E-010  -2.9857057420944061E-009  -4.4006800994119879E-003   3.2086798525774691E-010  -4.2989304303110575E-011  -3.2127744805023984E-009   2.0007166429934808       -3.6138941142985019E-011  -5.5112206314931004E-012  -3.6053672737151045E-010  -5.5095464152064388E-009  -3.6416828749030067E-009   5.4121344157399787E-009   2.9419177075503766E-009   7.5852677772154906E-011   2.5676279245559259E-009
   3.3370257027472629E-010   5.7600876694155684E-004  -1.2223347574600196E-010  -9.1112981399936482E-010  -2.8875197912967281E-010   3.6836641469836305E-010  -1.7437959097423841E-011   4.6361634515238502E-010  -3.4849940598879642E-010  -1.7487098672478444E-010   5.0589947740906150E-010  -8.6754774172007228E-003  -1.6471131359182588E-010   7.4850793863683805E-009   1.6717409171897548E-010  -7.5512549999032278E-010  -1.2756827523472837E-010  -7.1309405188473859E-010   3.6687304154467045E-010   5.4591766436183001E-010  -2.2198104748760906E-009   3.1319936240715044E-010  -4.4006796812575784E-003  -2.5699956577637411E-011  -3.2222096092918886E-009  -3.6138941142985019E-011   2.0007166429294614        2.7268392782082101E-011  -3.6564100541809174E-010   2.1185367648417810E-009  -4.8271986867445039E-009   5.0305912840104545E-011  -4.6759100976572651E-009   5.1998200489691832E-009   2.5573724113921152E-009
  -4.2607654735241017E-011  -3.4864545119075172E-011   5.7600834245864318E-004  -3.7567055960177108E-011   1.7165646340330022E-010   6.6708357410815836E-011   4.4666567493665847E-010   1.9097856471385831E-010   4.2990662844650688E-010  -3.6263295734082011E-010  -3.2239360351975182E-011  -1.9945891496409662E-010  -8.6754784792989811E-003  -7.9759120236342126E-009  -2.6385867007853467E-010   1.9062665632679962E-010  -5.0766333162386683E-010  -2.0694480115799321E-010  -7.3617692390391154E-010   4.7080399835659571E-010   1.7570988590641063E-009  -6.0814070042240112E-011  -5.6081197520316278E-011  -4.4006802609019473E-003   3.3510909649990296E-009  -5.5112206314931004E-012   2.7268392782082101E-011   2.0007166430130576        3.7130186241760549E-010  -3.1556617090780503E-009   2.9251805675551498E-010  -4.6355812801772889E-009  -3.2643193161491169E-009  -3.6826622136464246E-009   6.4199813110803478E-009
   1.1855034925853815E-010   9.6123581007456070E-011  -2.1785445177674934E-010   4.5632672402865236E-004  -2.2168641152155593E-014  -4.1893932447746088E-012   2.5859934033092434E-012  -1.7458611937059743E-012   2.2989212111423458E-012   1.7811304161526387E-012   6.7964201171508848E-010   6.2947984042686706E-010  -1.1461221064420907E-009   1.8133382829325991E-003  -5.8355008883964528E-013   3.0112624310318037E-011  -8.2787113351068881E-012   2.1248173137397601E-011  -9.3482011270100892E-012  -2.0660795666141559E-011   3.7262924635840344E-003   6.9523020906789679E-010   6.4317494522815995E-010  -1.2432409122725744E-009   7.6254550745618677E-004  -3.6053672737151045E-010  -3.6564100541809174E-010   3.7130186241760549E-010   2.0001209463054961       -9.7174330251952689E-014   4.2503933361797433E-012  -1.2272849333685830E-012   3.2566857973158465E-012  -1.0993248260985477E-012  -3.1593573961470716E-012
  -2.8121984552767745E-010   2.2716854394612114E-010  -1.4670776233312803E-010  -1.8723606044117765E-012   4.7832295172056676E-017   5.8869675724672161E-017  -8.0338712580912643E-019   1.3541901974045383E-017   5.0874401011445126E-017  -6.1374191416041967E-017  -1.1141169355118128E-009   9.1282513008324411E-010  -5.7966652443813370E-010  -8.6939118325195169E-011   7.3414709547009058E-017   2.7158244843918476E-017  -1.3670041883743251E-017  -2.0110118230722466E-017   6.5154952978307251E-017  -5.3304598408868105E-017  -9.7588641922958544E-011  -9.8312255018891771E-010   8.0168269555144769E-010  -5.1197155495864442E-010   8.2073063513524657E-011  -5.5095464152064388E-009   2.1185367648417810E-009  -3.1556617090780503E-009  -9.7174330251952689E-014   3.0732502365999004E-017   9.7964605798570907E-018  -9.2721839533558757E-018  -8.0964681228894084E-018   1.9672619188425260E-017  -2.2636035635294698E-017
  -4.2853769213638630E-010  -2.2570208034299664E-010  -2.1555126041340422E-010   2.3535575397310402E-011   1.5963034225044186E-017   1.0431919441430451E-016  -7.0858329446887331E-018   3.0220227811895045E-017  -9.9402266978817343E-018  -4.6183188475850157E-017  -1.7239356513824368E-009  -8.9193876014198388E-010  -8.7882641205905519E-010   9.9090012124314108E-010   5.7114242969218515E-017   1.3138387870024375E-016  -2.9287000023311648E-017   3.3015071164451158E-017  -1.4428247878100991E-017  -9.0129182762625991E-017   1.1210200744162063E-009  -1.5134628955268010E-009  -7.8773050037272560E-010  -7.6810930754633288E-010  -4.8113217596421667E-010  -3.6416828749030067E-009  -4.8271986867445039E-009   2.9251805675551498E-010   4.2503933361797433E-012   9.7964605798570907E-018   3.5774123785163238E-017  -1.4607115238028705E-017   1.0996222536105864E-017  -1.5679916336685656E-017  -2.0792641962997976E-017
   3.2212557947269429E-010   2.1167069804146225E-011  -3.6298015664046980E-010  -5.2701172695413663E-012  -1.1118328319081450E-017  -1.3925087584456357E-017   7.1792289632997167E-017  -7.3051829914831288E-018   4.1713139361176297E-017   1.8423470808613847E-017   1.2811254095387886E-009   8.5865554482974528E-011  -1.4516656216817189E-009  -2.1616492431267875E-010  -2.1649032311425574E-017  -4.1005966342633667E-017   1.0613879709678831E-016   1.9699406632755087E-017   5.3988359910556426E-017   1.9495887578089126E-018  -2.4508868965824147E-010   1.1290241825914403E-009   7.5173599431331974E-011  -1.2769328567072438E-009   7.7004892319082801E-011   5.4121344157399787E-009   5.0305912840104545E-011  -4.6355812801772889E-009  -1.2272849333685830E-012  -9.2721839533558757E-018  -1.4607115238028705E-017   3.8390712078117053E-017   1.5977824230269449E-017   1.5279221137682598E-017  -6.7056527818244300E-018
  -4.9249269939347114E-011  -1.2967704658727675E-010  -9.8915780592140718E-011   1.8370070040372568E-011  -5.5361078980512167E-018   2.2622712715944254E-017   6.9836374741851368E-018   5.6262857445003140E-018  -8.7930377558631091E-018  -9.0138351136102650E-020  -2.1663040466266908E-010  -5.0198454815651019E-010  -3.8457199702365295E-010   7.8220991521136694E-010   1.0791020235273384E-018   4.0924796654953901E-017   7.5359237636994914E-018   2.4420337382863590E-017  -1.2606641584398858E-017  -2.5499345043795175E-017   8.8409517105003544E-010  -1.8476804815736311E-010  -4.4645620362602496E-010  -3.4152529027557208E-010  -4.2297867696503146E-010   2.9419177075503766E-009  -4.6759100976572651E-009  -3.2643193161491169E-009   3.2566857973158465E-012  -8.0964681228894084E-018   1.0996222536105864E-017   1.5977824230269449E-017   2.3436898664399285E-017  -8.1528037024191176E-018  -1.5340400607293412E-017
  -1.4980247342629884E-011   4.7015338614848006E-010  -3.0181705196470211E-010  -6.5038237060130172E-012   5.8025458549866883E-017   2.4887969639970183E-017   4.2549204012665239E-017  -2.9591014048574456E-019   1.0527023013625796E-016  -5.7729579173602867E-017  -6.1381287975693562E-011   1.8847146784628039E-009  -1.2080026378747539E-009  -2.8289295995693888E-010   6.5424316690820723E-017  -4.6698430010539575E-017   5.1613170111273118E-017  -3.2185980929647095E-017   1.3111522426911016E-016  -3.3238380119622036E-017  -3.1918196228131912E-010  -5.3560031944038110E-011   1.6565533339348016E-009  -1.0623204216076629E-009   1.8202224004471884E-010   7.5852677772154906E-011   5.1998200489691832E-009  -3.6826622136464246E-009  -1.0993248260985477E-012   1.9672619188425260E-017  -1.5679916336685656E-017   1.5279221137682598E-017  -8.1528037024191176E-018   3.7594553548411838E-017  -1.1519827643596772E-017
   3.3046909813394554E-010  -9.7491411949127337E-011   2.4562358662069164E-010  -1.6497075915649776E-011  -4.2296177934526726E-017  -8.1492428666826833E-017  -6.1802368883615665E-018  -1.9168206250020922E-017  -4.2081335974664153E-017   6.1464338961298304E-017   1.3307472739500875E-009  -4.1084022926337580E-010   9.6423869770928105E-010  -6.9524912635164991E-010  -7.4493810259800291E-017  -6.8082818447364619E-017   6.1340480236732346E-018  -4.3100624966433311E-018  -5.2548375915827194E-017   7.8803785489590857E-017  -7.8648154011231799E-010   1.1678905391832006E-009  -3.5522618497142234E-010   8.5349699982518817E-010   3.4091967075684692E-010   2.5676279245559259E-009   2.5573724113921152E-009   6.4199813110803478E-009  -3.1593573961470716E-012  -2.2636035635294698E-017  -2.0792641962997976E-017  -6.7056527818244300E-018  -1.5340400607293412E-017  -1.1519827643596772E-017   3.7976407701577919E-017
