   6.7974040714305697E-003   1.3745719721784716E-009   3.4213715157901465E-009   5.2760818074094827E-009   4.9980162424847617E-002  -4.4826648809438439E-010   1.8178514044270853E-008  -8.2905190623618943E-009   2.2027263528450757E-009  -1.4626520838203251E-008   2.0024283201260963E-009  -1.0807013811324059E-008   6.2880909792964996E-009  -1.1781905257356835E-008  -5.4501167992237348E-009   2.2612576249232370E-009  -9.7069431542019532E-009   1.9465600283164789E-009  -8.1732184635186714E-009   3.5035568794235560E-009  -6.0450718102633000E-009   5.2170464164455518E-002   1.0675482979712602E-010   1.8372225357058248E-008   8.7309460894559576E-010   5.0148223502063396E-005   4.1530398422858110E-011  -1.1447284914838881E-010   1.3401990031984160E-010  -1.2337173599212987E-009   3.2247327166322830E-010  -1.9125064386296987E-009   4.4277382504175064E-010  -1.7673373558205414E-009   7.9094356937495580E-010
   1.3745719721784716E-009   6.7974028410898949E-003  -6.5308200134422966E-009   7.8099322037527073E-010   9.5529972262377095E-009   4.9980158798421749E-002  -2.4033415696848157E-008  -9.2116084015576763E-009   1.3202826321223555E-009  -5.1629515314530530E-009   9.1094225220322631E-009  -3.2049088889473856E-010   1.0218629881000955E-010   3.8716624500019007E-009  -7.4821785779580168E-009   1.7369840774778344E-009  -2.5062918208200676E-009   5.6916464804919102E-009   1.4026407712224556E-009   1.7905322831411386E-009  -2.0448405090828115E-009   1.0677233401309770E-008   5.2170458879326705E-002  -2.2757485125637809E-008  -1.1855330253317390E-009   4.5594806173558341E-011   5.0148113548094533E-005   2.6139556917699883E-010  -2.9101263421763760E-010  -1.5383057634065268E-009   2.8191922886337616E-010  -5.1084506853288053E-010   1.0249293055238578E-009   4.7277168997685600E-010   5.1337646234188055E-010
   3.4213715157901465E-009  -6.5308200134422966E-009   6.7974065893468098E-003   2.3798242145160189E-008   6.8053859092070233E-009  -2.4430244494059647E-008   4.9980172451633831E-002  -1.5059139509021073E-009  -8.0392574887219741E-009   6.7459679049280668E-009   1.0577857802211973E-009  -2.5913961735594004E-009   4.4812814092987919E-010  -1.1244415690734755E-008  -1.9511656193676791E-009  -5.9957458144388169E-009   6.0048823664444949E-009   1.9858870210637956E-009  -1.5872091957932205E-009  -3.4721409950444007E-011   3.4185214108693980E-009   6.0930519475412589E-009  -2.3150333045070685E-008   5.2170472313615338E-002   6.2755601331123632E-010  -1.4436359916718126E-010   2.6410628686195070E-010   5.0148010367413140E-005   2.1514557885985104E-010  -4.7336947164914369E-010  -1.2710742184840995E-009   1.1961443196005741E-009   2.5425383668261358E-010  -5.5273184609900618E-010   2.1911562894745267E-010
   5.2760818074094827E-009   7.8099322037527073E-010   2.3798242145160189E-008   3.8658140627138415E-004   3.9716447094352446E-008   5.9352276359789351E-009   1.7386141941663535E-007  -1.3628506886508226E-010  -1.3917819855537365E-010   2.4418295190312689E-010  -3.1315888012589171E-011  -3.5573764205991199E-010   1.6760601980016056E-010   1.3811481254349384E-002   5.7091230329738755E-011  -1.2352887123544272E-011  -4.2044106550326709E-011  -6.1321586839788524E-011   1.2172982554292064E-010   4.2355364263229048E-012   1.5026084940938765E-002   4.2760723018013230E-008   5.3657451278295674E-009   1.8174787035776956E-007   8.6888392119959957E-003  -3.6941780755776534E-010   1.3411511231079706E-009  -1.6547481896066557E-009   4.3789548988417543E-004   8.1224562677487590E-012  -5.8376483875196796E-012   3.6951741088115950E-012  -2.3452867827684493E-011   1.9775926958689133E-011   1.5331654884060542E-011
   4.9980162424847617E-002   9.5529972262377095E-009   6.8053859092070233E-009   3.9716447094352446E-008  0.36749944925237232       -7.3693523679036108E-009  -1.2713860813856994E-009  -6.0958888394241639E-008   1.6196942546555349E-008  -1.0754723013221826E-007   1.4723481900552400E-008  -7.9462247427822494E-008   4.6235408239403990E-008  -5.0477859489502479E-008  -4.0073316049068393E-008   1.6626676112819279E-008  -7.1372311346872435E-008   1.4312979746045822E-008  -6.0097218115484467E-008   2.5760337101378130E-008  -5.4704602323267740E-009  0.38360582374595714       -3.4671014740545787E-009  -5.7608683922186951E-009   8.9870215859301358E-009  -2.3765417561838788E-003   5.9862175868368077E-011  -6.6723457195443151E-010   1.1931934154939636E-009  -9.0738548670745033E-009   2.3577471691413419E-009  -1.4054874541103146E-008   3.2566061104835630E-009  -1.2998743914412266E-008   5.8172490110178274E-009
  -4.4826648809438439E-010   4.9980158798421749E-002  -2.4430244494059647E-008   5.9352276359789351E-009  -7.3693523679036108E-009  0.36749946244038134       -3.2630590177445145E-009  -6.7731804452667884E-008   9.7078512023119588E-009  -3.7962452136850287E-008   6.6980974833509809E-008  -2.3572232202937940E-009   7.5083271782211606E-010   3.7733882850787501E-008  -5.5016330088456147E-008   1.2771414557782972E-008  -1.8426456944863144E-008   4.1848039320677245E-008   1.0314868179723549E-008   1.3168292127786305E-008  -5.2277631417914024E-009  -2.5045526759655932E-009  0.38360582648507646        1.3720914956802911E-008  -1.7345750280562582E-008   3.5861552059663643E-010  -2.3765424016493992E-003   2.4745608134274289E-009  -1.8282068725308500E-009  -1.1306397040136540E-008   2.0734946819013468E-009  -3.7571400321368702E-009   7.5221926088651739E-009   3.4892676556610214E-009   3.7842044614181158E-009
   1.8178514044270853E-008  -2.4033415696848157E-008   4.9980172451633831E-002   1.7386141941663535E-007  -1.2713860813856994E-009  -3.2630590177445145E-009  0.36749946057503508       -1.1072350957376381E-008  -5.9111394469816332E-008   4.9602029489533840E-008   7.7780628876082112E-009  -1.9053465074849196E-008   3.2942878583039180E-009  -1.2829915451530139E-007  -1.4346136967004937E-008  -4.4085566698308271E-008   4.4152828047770517E-008   1.4600093776329850E-008  -1.1672981901959674E-008  -2.5395687166712797E-010  -2.3884296103524270E-008  -8.7580592389002416E-009   1.3878076247994235E-008  0.38360581852736120        9.7248400134620134E-009  -1.1688228596969053E-009   2.4765027693214571E-009  -2.3765437547062871E-003   1.1160726171834361E-009  -3.4887616729731465E-009  -9.3487343669052295E-009   8.7979502502368171E-009   1.8639263995682104E-009  -4.0788907549734214E-009   1.6248352282300800E-009
  -8.2905190623618943E-009  -9.2116084015576763E-009  -1.5059139509021073E-009  -1.3628506886508226E-010  -6.0958888394241639E-008  -6.7731804452667884E-008  -1.1072350957376381E-008   2.2981148069452319E-014  -2.6410852150686315E-015   2.3247347192312882E-014  -1.5009379703067651E-014   1.4326698752201777E-014  -7.9717710531196684E-015  -5.3792265271419035E-009   1.7197426010596814E-014  -3.7786180672662509E-015   1.3921066762122564E-014  -1.0503568727374660E-014   8.3722442573721952E-015  -6.6938594560378408E-015  -5.7955912628007158E-009  -6.3630353865536532E-008  -7.0700181891459970E-008  -1.1557443802465539E-008  -1.9125708268652894E-010   1.7837404281290820E-011   2.2789902019958202E-010  -3.0343006145747535E-010  -2.1061579191077510E-011   3.6895881744297873E-015  -4.9128594747270401E-016   2.7587820696920148E-015  -1.9749820891032525E-015   1.6254490239241203E-015  -1.7146065194439403E-015
   2.2027263528450757E-009   1.3202826321223555E-009  -8.0392574887219741E-009  -1.3917819855537365E-010   1.6196942546555349E-008   9.7078512023119588E-009  -5.9111394469816332E-008  -2.6410852150686315E-015   1.0533177870170108E-014  -1.3817395495449508E-014   1.1795499724558145E-015  -3.5935518304431527E-016   1.4615335627169106E-015  -5.4937737288710585E-009  -9.3407917361881611E-016   8.1662682652425057E-015  -1.0717698259529768E-014  -5.8816076974683554E-016  -5.4672368230440713E-016   1.5222381955495714E-015  -5.9189309320310218E-009   1.6906970472450504E-008   1.0133302756431913E-008  -6.1701891749521555E-008  -1.9034844867270885E-010  -4.5507016838009963E-010  -3.8833088415215977E-011   1.8492954036640603E-011  -2.1869226435523453E-011  -1.4230363564546865E-016   1.6628417556409200E-015  -2.1338059381051117E-015   5.1577087435742952E-017   1.6362539979158775E-016   9.0726171886104323E-017
  -1.4626520838203251E-008  -5.1629515314530530E-009   6.7459679049280668E-009   2.4418295190312689E-010  -1.0754723013221826E-007  -3.7962452136850287E-008   4.9602029489533840E-008   2.3247347192312882E-014  -1.3817395495449508E-014   4.2258541320056487E-014  -1.0199729998658589E-014   2.0680059319069679E-014  -1.3047614764839624E-014   9.6405454245334730E-009   1.5513281806187220E-014  -1.2144165186186137E-014   2.8721174945793959E-014  -6.5832250368814731E-015   1.5030224096945601E-014  -8.9300539428700804E-015   1.0386538244055127E-008  -1.1226061960146948E-007  -3.9626158410654494E-008   5.1775785300189298E-008   3.3101921993843031E-010   5.3254146139837456E-010   9.6642474126245464E-011  -9.1787079769369038E-012   3.7665540582611205E-011   3.3595661495796533E-015  -2.1708318837195433E-015   5.6911099908233392E-015  -1.4954944829346643E-015   2.9113512768226040E-015  -1.8640710561932544E-015
   2.0024283201260963E-009   9.1094225220322631E-009   1.0577857802211973E-009  -3.1315888012589171E-011   1.4723481900552400E-008   6.6980974833509809E-008   7.7780628876082112E-009  -1.5009379703067651E-014   1.1795499724558145E-015  -1.0199729998658589E-014   1.2965368615747637E-014  -3.9849292795257597E-015   2.0440112970236838E-015  -1.2371172603183216E-009  -1.1941554611431721E-014   2.0619421334029473E-015  -5.2797106591122836E-015   8.5149104640822251E-015  -7.8557807695408073E-016   3.4266440138145137E-015  -1.3328060039762924E-009   1.5368705252259698E-008   6.9916625507325374E-008   8.1190343831020178E-009  -4.0032872255482345E-011   3.7477255631982216E-011  -6.0588834044956327E-010  -2.2099758447266014E-010  -4.5835863074421643E-012  -2.4989661136890863E-015   2.7559434208803052E-016  -1.0622216240991420E-015   1.5418264719570009E-015   2.6859288500542881E-017   9.5713956720551535E-016
  -1.0807013811324059E-008  -3.2049088889473856E-010  -2.5913961735594004E-009  -3.5573764205991199E-010  -7.9462247427822494E-008  -2.3572232202937940E-009  -1.9053465074849196E-008   1.4326698752201777E-014  -3.5935518304431527E-016   2.0680059319069679E-014  -3.9849292795257597E-015   1.8543426136723672E-014  -1.0341774650224757E-014  -1.4045279665400799E-008   9.7047779874230236E-015  -1.3784058397658371E-015   1.3303217959656332E-014  -4.0583957744083581E-015   1.3410694462330337E-014  -5.6463870654805894E-015  -1.5132069531540936E-008  -8.2944593281140001E-008  -2.4607707205265963E-009  -1.9888239831828960E-008  -4.7934704112033730E-010  -4.2185539614142393E-013   5.1864835505061950E-010  -4.6954135685401249E-010  -5.4039860009069866E-011   2.2035093675248522E-015  -3.5206412297403850E-017   2.6057562263673960E-015  -8.2283733687133689E-016   2.9699705410365336E-015  -1.3806730942473331E-015
   6.2880909792964996E-009   1.0218629881000955E-010   4.4812814092987919E-010   1.6760601980016056E-010   4.6235408239403990E-008   7.5083271782211606E-010   3.2942878583039180E-009  -7.9717710531196684E-015   1.4615335627169106E-015  -1.3047614764839624E-014   2.0440112970236838E-015  -1.0341774650224757E-014   5.9277622331943931E-015   6.6165303396166605E-009  -5.2558712784769444E-015   1.7166759775508404E-015  -8.6413571782192713E-015   1.9886578371610638E-015  -7.5866647347850110E-015   3.2672157477340355E-015   7.1285995953192217E-009   4.8261650436415197E-008   7.8355962397135253E-010   3.4384092011383623E-009   2.3137125038362324E-010  -5.5316577721591218E-011   3.7797786266649064E-010   5.2442232498161317E-010   2.5662936763869311E-011  -1.1906220832022957E-015   2.1569154668556509E-016  -1.6965604939118528E-015   4.3315530607146360E-016  -1.6523080374014316E-015   7.5746728579050771E-016
  -1.1781905257356835E-008   3.8716624500019007E-009  -1.1244415690734755E-008   1.3811481254349384E-002  -5.0477859489502479E-008   3.7733882850787501E-008  -1.2829915451530139E-007  -5.3792265271419035E-009  -5.4937737288710585E-009   9.6405454245334730E-009  -1.2371172603183216E-009  -1.4045279665400799E-008   6.6165303396166605E-009  0.55097716385769790        2.2372106778479996E-009  -5.0108382114452364E-010  -1.6397742651052998E-009  -2.4227632068145043E-009   4.7783378690343896E-009   1.8573366120283405E-010  0.59304287463265648       -9.1956688112048947E-010   5.5239940169857321E-009  -1.2253202507187981E-007  -1.3136028051847937E-002   6.5394176127343337E-009  -9.7021266268487231E-009   6.0236411941185792E-009   9.0804333205296160E-004   3.4809381643765962E-010  -2.5200125971948996E-010   1.3256949947684363E-010  -9.7073031485695118E-010   9.3536742700963990E-010   6.2267519732635941E-010
  -5.4501167992237348E-009  -7.4821785779580168E-009  -1.9511656193676791E-009   5.7091230329738755E-011  -4.0073316049068393E-008  -5.5016330088456147E-008  -1.4346136967004937E-008   1.7197426010596814E-014  -9.3407917361881611E-016   1.5513281806187220E-014  -1.1941554611431721E-014   9.7047779874230236E-015  -5.2558712784769444E-015   2.2372106778479996E-009   1.3175449630161689E-014  -2.0058918788891351E-015   8.8109685694254962E-015  -8.4053509568414402E-015   5.4834688956604092E-015  -4.7700982092639426E-015   2.4120699761918716E-009  -4.1829306876155537E-008  -5.7427721476578029E-008  -1.4974673314995249E-008   1.7542594950903006E-010  -3.7888460031589842E-010   7.6963994545118122E-010  -3.5849793482939695E-010   7.8528627971582765E-012   2.8170505012099270E-015  -2.0720010640547583E-016   1.7545244634526035E-015  -1.5564862023646804E-015   1.0527628177275894E-015  -1.2605641648473542E-015
   2.2612576249232370E-009   1.7369840774778344E-009  -5.9957458144388169E-009  -1.2352887123544272E-011   1.6626676112819279E-008   1.2771414557782972E-008  -4.4085566698308271E-008  -3.7786180672662509E-015   8.1662682652425057E-015  -1.2144165186186137E-014   2.0619421334029473E-015  -1.3784058397658371E-015   1.7166759775508404E-015  -5.0108382114452364E-010  -2.0058918788891351E-015   6.4852197372486994E-015  -9.1649621755968184E-015   3.5257166678165909E-016  -9.6504766765948066E-016   1.6533201421694063E-015  -5.3845239918681485E-010   1.7355320203586965E-008   1.3330992304037101E-008  -4.6017501206865429E-008   6.2848241556866112E-011   5.5714542489428608E-012   2.4055224935440741E-010  -1.3661704999405053E-010  -1.9971723167189880E-012  -3.8694307282430148E-016   1.3005206375604447E-015  -1.8217474120717457E-015   1.8679422189424143E-016   1.7956563313005697E-017   2.0014883539039072E-016
  -9.7069431542019532E-009  -2.5062918208200676E-009   6.0048823664444949E-009  -4.2044106550326709E-011  -7.1372311346872435E-008  -1.8426456944863144E-008   4.4152828047770517E-008   1.3921066762122564E-014  -1.0717698259529768E-014   2.8721174945793959E-014  -5.2797106591122836E-015   1.3303217959656332E-014  -8.6413571782192713E-015  -1.6397742651052998E-009   8.8109685694254962E-015  -9.1649621755968184E-015   2.0096940863568377E-014  -3.1174830321014763E-015   9.7385277031878198E-015  -5.6934863245812829E-015  -1.7687391057761083E-009  -7.4499674974511096E-008  -1.9233331958396214E-008   4.6087736817912144E-008  -1.7408019385682199E-010  -9.5738797455058235E-010  -1.3654268768032739E-009   8.0787042860687448E-011  -4.5582184426048662E-012   1.9112850350911912E-015  -1.6905679838295889E-015   3.9776500397590458E-015  -7.8917710637495859E-016   1.8638936104267337E-015  -1.1221081075951273E-015
   1.9465600283164789E-009   5.6916464804919102E-009   1.9858870210637956E-009  -6.1321586839788524E-011   1.4312979746045822E-008   4.1848039320677245E-008   1.4600093776329850E-008  -1.0503568727374660E-014  -5.8816076974683554E-016  -6.5832250368814731E-015   8.5149104640822251E-015  -4.0583957744083581E-015   1.9886578371610638E-015  -2.4227632068145043E-009  -8.4053509568414402E-015   3.5257166678165909E-016  -3.1174830321014763E-015   5.9156902898513869E-015  -1.6503422892283176E-015   2.4896600483163988E-015  -2.6101092075497882E-009   1.4940312324860184E-008   4.3681386769026536E-008   1.5239299622320444E-008  -7.5996678107200401E-011  -1.7437177656720434E-010   1.2679451273239294E-009   1.3356486403567923E-009  -1.0520159146901386E-011  -1.7794444396309306E-015  -4.1707801318676830E-017  -6.2699703799273068E-016   1.0725018721202144E-015  -2.7478023513125640E-016   7.0694240681783634E-016
  -8.1732184635186714E-009   1.4026407712224556E-009  -1.5872091957932205E-009   1.2172982554292064E-010  -6.0097218115484467E-008   1.0314868179723549E-008  -1.1672981901959674E-008   8.3722442573721952E-015  -5.4672368230440713E-016   1.5030224096945601E-014  -7.8557807695408073E-016   1.3410694462330337E-014  -7.5866647347850110E-015   4.7783378690343896E-009   5.4834688956604092E-015  -9.6504766765948066E-016   9.7385277031878198E-015  -1.6503422892283176E-015   1.0531576049689115E-014  -3.8331250958448276E-015   5.1509231568555956E-009  -6.2731201523443699E-008   1.0767406016531817E-008  -1.2185392072929481E-008   3.2511427449803868E-010   6.1692182943891477E-010  -1.0673772251599557E-009   1.8211561649783880E-009   1.3878681180827567E-011   1.2873573104800731E-015  -2.9575717462747793E-017   1.9118876292685753E-015  -3.9064064764086182E-016   2.3755191794051805E-015  -8.9671635370456158E-016
   3.5035568794235560E-009   1.7905322831411386E-009  -3.4721409950444007E-011   4.2355364263229048E-012   2.5760337101378130E-008   1.3168292127786305E-008  -2.5395687166712797E-010  -6.6938594560378408E-015   1.5222381955495714E-015  -8.9300539428700804E-015   3.4266440138145137E-015  -5.6463870654805894E-015   3.2672157477340355E-015   1.8573366120283405E-010  -4.7700982092639426E-015   1.6533201421694063E-015  -5.6934863245812829E-015   2.4896600483163988E-015  -3.8331250958448276E-015   2.2804383156346030E-015   1.9823672925046631E-010   2.6888995384805948E-008   1.3746336125355687E-008  -2.6462637295624286E-010  -9.9291032940437253E-011   5.5325605612637154E-010  -2.0375812600078244E-009  -9.7714951427430958E-010   2.6806543100189129E-012  -1.0376060207942317E-015   2.4890784571285187E-016  -1.1275274209857644E-015   4.8398408165158264E-016  -7.7798235987801266E-016   5.5362196585468716E-016
  -6.0450718102633000E-009  -2.0448405090828115E-009   3.4185214108693980E-009   1.5026084940938765E-002  -5.4704602323267740E-009  -5.2277631417914024E-009  -2.3884296103524270E-008  -5.7955912628007158E-009  -5.9189309320310218E-009   1.0386538244055127E-008  -1.3328060039762924E-009  -1.5132069531540936E-008   7.1285995953192217E-009  0.59304287463265648        2.4120699761918716E-009  -5.3845239918681485E-010  -1.7687391057761083E-009  -2.6101092075497882E-009   5.1509231568555956E-009   1.9823672925046631E-010  0.63895544709445040        5.0037112645326102E-008  -4.1832345641848078E-008  -1.2743445795928536E-008   2.1636043933883124E-002   3.8406213311988269E-009   2.2237568422618350E-009  -2.8407014374463360E-009   2.6313521198210346E-003   3.7228699050534164E-010  -2.6932556683519829E-010   1.4415761272770293E-010  -1.0413548119281508E-009   9.9222670161038001E-010   6.6911055887995784E-010
   5.2170464164455518E-002   1.0677233401309770E-008   6.0930519475412589E-009   4.2760723018013230E-008  0.38360582374595714       -2.5045526759655932E-009  -8.7580592389002416E-009  -6.3630353865536532E-008   1.6906970472450504E-008  -1.1226061960146948E-007   1.5368705252259698E-008  -8.2944593281140001E-008   4.8261650436415197E-008  -9.1956688112048947E-010  -4.1829306876155537E-008   1.7355320203586965E-008  -7.4499674974511096E-008   1.4940312324860184E-008  -6.2731201523443699E-008   2.6888995384805948E-008   5.0037112645326102E-008  0.40041853360101604        1.7958378233786784E-009  -1.3770207479936010E-008   9.4324098026357279E-009  -3.4212212079721034E-003   2.8092708645823124E-010  -3.8519873862396225E-010   1.4056755062363846E-009  -9.4723729141739666E-009   2.4564990056127700E-009  -1.4668249944177554E-008   3.3996526303759055E-009  -1.3569699392200594E-008   6.0727205496475370E-009
   1.0675482979712602E-010   5.2170458879326705E-002  -2.3150333045070685E-008   5.3657451278295674E-009  -3.4671014740545787E-009  0.38360582648507646        1.3878076247994235E-008  -7.0700181891459970E-008   1.0133302756431913E-008  -3.9626158410654494E-008   6.9916625507325374E-008  -2.4607707205265963E-009   7.8355962397135253E-010   5.5239940169857321E-009  -5.7427721476578029E-008   1.3330992304037101E-008  -1.9233331958396214E-008   4.3681386769026536E-008   1.0767406016531817E-008   1.3746336125355687E-008  -4.1832345641848078E-008   1.7958378233786784E-009  0.40041852495069175        3.2364659863217953E-008  -1.2806075797382231E-008   6.1534150645638470E-010  -3.4212225175474465E-003   1.6749703457832869E-009  -2.2526174027589592E-009  -1.1800338243289075E-008   2.1645656913403425E-009  -3.9221293635183193E-009   7.8470648617097167E-009   3.6466518416630937E-009   3.9532734121400519E-009
   1.8372225357058248E-008  -2.2757485125637809E-008   5.2170472313615338E-002   1.8174787035776956E-007  -5.7608683922186951E-009   1.3720914956802911E-008  0.38360581852736120       -1.1557443802465539E-008  -6.1701891749521555E-008   5.1775785300189298E-008   8.1190343831020178E-009  -1.9888239831828960E-008   3.4384092011383623E-009  -1.2253202507187981E-007  -1.4974673314995249E-008  -4.6017501206865429E-008   4.6087736817912144E-008   1.5239299622320444E-008  -1.2185392072929481E-008  -2.6462637295624286E-010  -1.2743445795928536E-008  -1.3770207479936010E-008   3.2364659863217953E-008  0.40041851036902659        5.5747236012641982E-009  -9.6243898714073781E-010   1.6863538031552408E-009  -3.4212226759882895E-003   1.4311122388654334E-009  -3.6444444108903746E-009  -9.7593671162861584E-009   9.1845012828828611E-009   1.9437046967121519E-009  -4.2626948886801832E-009   1.7007396667110108E-009
   8.7309460894559576E-010  -1.1855330253317390E-009   6.2755601331123632E-010   8.6888392119959957E-003   8.9870215859301358E-009  -1.7345750280562582E-008   9.7248400134620134E-009  -1.9125708268652894E-010  -1.9034844867270885E-010   3.3101921993843031E-010  -4.0032872255482345E-011  -4.7934704112033730E-010   2.3137125038362324E-010  -1.3136028051847937E-002   1.7542594950903006E-010   6.2848241556866112E-011  -1.7408019385682199E-010  -7.5996678107200401E-011   3.2511427449803868E-010  -9.9291032940437253E-011   2.1636043933883124E-002   9.4324098026357279E-009  -1.2806075797382231E-008   5.5747236012641982E-009   2.0193031774283607       -8.9158290815195761E-010   4.1143472700554062E-009  -2.9943785405791148E-009   7.3154640167144612E-004  -1.4270655364133206E-010   1.1430705791111073E-010   7.9481027140523483E-011   2.2007307980277658E-010  -8.4346278601377364E-010  -7.7306341705862094E-011
   5.0148223502063396E-005   4.5594806173558341E-011  -1.4436359916718126E-010  -3.6941780755776534E-010  -2.3765417561838788E-003   3.5861552059663643E-010  -1.1688228596969053E-009   1.7837404281290820E-011  -4.5507016838009963E-010   5.3254146139837456E-010   3.7477255631982216E-011  -4.2185539614142393E-013  -5.5316577721591218E-011   6.5394176127343337E-009  -3.7888460031589842E-010   5.5714542489428608E-012  -9.5738797455058235E-010  -1.7437177656720434E-010   6.1692182943891477E-010   5.5325605612637154E-010   3.8406213311988269E-009  -3.4212212079721034E-003   6.1534150645638470E-010  -9.6243898714073781E-010  -8.9158290815195761E-010   1.9998301585087055        4.1527191511216319E-011   5.2253565005098674E-011  -1.0698441488068683E-010   1.8420811484920602E-009   9.7256453633957971E-009  -5.4520857294739737E-009  -7.0035549666525534E-010   2.7644309991783950E-009  -1.1417262236564881E-009
   4.1530398422858110E-011   5.0148113548094533E-005   2.6410628686195070E-010   1.3411511231079706E-009   5.9862175868368077E-011  -2.3765424016493992E-003   2.4765027693214571E-009   2.2789902019958202E-010  -3.8833088415215977E-011   9.6642474126245464E-011  -6.0588834044956327E-010   5.1864835505061950E-010   3.7797786266649064E-010  -9.7021266268487231E-009   7.6963994545118122E-010   2.4055224935440741E-010  -1.3654268768032739E-009   1.2679451273239294E-009  -1.0673772251599557E-009  -2.0375812600078244E-009   2.2237568422618350E-009   2.8092708645823124E-010  -3.4212225175474465E-003   1.6863538031552408E-009   4.1143472700554062E-009   4.1527191511216319E-011   1.9998301583932312       -1.6247582021797670E-010   4.6285475528211268E-010  -3.2937997095103836E-009  -4.3133146071674403E-010   7.1694508234141113E-010   1.0162491253104697E-008  -9.5074409477134009E-009  -6.8686896193971782E-009
  -1.1447284914838881E-010   2.6139556917699883E-010   5.0148010367413140E-005  -1.6547481896066557E-009  -6.6723457195443151E-010   2.4745608134274289E-009  -2.3765437547062871E-003  -3.0343006145747535E-010   1.8492954036640603E-011  -9.1787079769369038E-012  -2.2099758447266014E-010  -4.6954135685401249E-010   5.2442232498161317E-010   6.0236411941185792E-009  -3.5849793482939695E-010  -1.3661704999405053E-010   8.0787042860687448E-011   1.3356486403567923E-009   1.8211561649783880E-009  -9.7714951427430958E-010  -2.8407014374463360E-009  -3.8519873862396225E-010   1.6749703457832869E-009  -3.4212226759882895E-003  -2.9943785405791148E-009   5.2253565005098674E-011  -1.6247582021797670E-010   1.9998301586194200       -3.2761236571007914E-010   5.9352377749161371E-009   1.9887228872495504E-009  -2.1071612938346019E-009   4.0535748445903194E-009   1.0741529952354198E-008  -9.9888119533686250E-009
   1.3401990031984160E-010  -2.9101263421763760E-010   2.1514557885985104E-010   4.3789548988417543E-004   1.1931934154939636E-009  -1.8282068725308500E-009   1.1160726171834361E-009  -2.1061579191077510E-011  -2.1869226435523453E-011   3.7665540582611205E-011  -4.5835863074421643E-012  -5.4039860009069866E-011   2.5662936763869311E-011   9.0804333205296160E-004   7.8528627971582765E-012  -1.9971723167189880E-012  -4.5582184426048662E-012  -1.0520159146901386E-011   1.3878681180827567E-011   2.6806543100189129E-012   2.6313521198210346E-003   1.4056755062363846E-009  -2.2526174027589592E-009   1.4311122388654334E-009   7.3154640167144612E-004  -1.0698441488068683E-010   4.6285475528211268E-010  -3.2761236571007914E-010   2.0001266249355338        6.7512003139502295E-014  -1.2944728232121293E-012   1.5482742950909697E-012  -3.0674188119119093E-012   1.5361181979797639E-012   3.0014748134582836E-012
  -1.2337173599212987E-009  -1.5383057634065268E-009  -4.7336947164914369E-010   8.1224562677487590E-012  -9.0738548670745033E-009  -1.1306397040136540E-008  -3.4887616729731465E-009   3.6895881744297873E-015  -1.4230363564546865E-016   3.3595661495796533E-015  -2.4989661136890863E-015   2.2035093675248522E-015  -1.1906220832022957E-015   3.4809381643765962E-010   2.8170505012099270E-015  -3.8694307282430148E-016   1.9112850350911912E-015  -1.7794444396309306E-015   1.2873573104800731E-015  -1.0376060207942317E-015   3.7228699050534164E-010  -9.4723729141739666E-009  -1.1800338243289075E-008  -3.6444444108903746E-009  -1.4270655364133206E-010   1.8420811484920602E-009  -3.2937997095103836E-009   5.9352377749161371E-009   6.7512003139502295E-014   6.2997954772050301E-016  -1.8332367064857529E-017   3.6700336124502794E-016  -3.3593212337571260E-016   3.0300667002216287E-016  -2.9404741252461452E-016
   3.2247327166322830E-010   2.8191922886337616E-010  -1.2710742184840995E-009  -5.8376483875196796E-012   2.3577471691413419E-009   2.0734946819013468E-009  -9.3487343669052295E-009  -4.9128594747270401E-016   1.6628417556409200E-015  -2.1708318837195433E-015   2.7559434208803052E-016  -3.5206412297403850E-017   2.1569154668556509E-016  -2.5200125971948996E-010  -2.0720010640547583E-016   1.3005206375604447E-015  -1.6905679838295889E-015  -4.1707801318676830E-017  -2.9575717462747793E-017   2.4890784571285187E-016  -2.6932556683519829E-010   2.4564990056127700E-009   2.1645656913403425E-009  -9.7593671162861584E-009   1.1430705791111073E-010   9.7256453633957971E-009  -4.3133146071674403E-010   1.9887228872495504E-009  -1.2944728232121293E-012  -1.8332367064857529E-017   3.1416036519822684E-016  -3.6435572131430824E-016   1.4850752800453435E-017   6.4951536522130839E-017   3.4816002556765602E-018
  -1.9125064386296987E-009  -5.1084506853288053E-010   1.1961443196005741E-009   3.6951741088115950E-012  -1.4054874541103146E-008  -3.7571400321368702E-009   8.7979502502368171E-009   2.7587820696920148E-015  -2.1338059381051117E-015   5.6911099908233392E-015  -1.0622216240991420E-015   2.6057562263673960E-015  -1.6965604939118528E-015   1.3256949947684363E-010   1.7545244634526035E-015  -1.8217474120717457E-015   3.9776500397590458E-015  -6.2699703799273068E-016   1.9118876292685753E-015  -1.1275274209857644E-015   1.4415761272770293E-010  -1.4668249944177554E-008  -3.9221293635183193E-009   9.1845012828828611E-009   7.9481027140523483E-011  -5.4520857294739737E-009   7.1694508234141113E-010  -2.1071612938346019E-009   1.5482742950909697E-012   3.6700336124502794E-016  -3.6435572131430824E-016   8.0429860035931039E-016  -1.5580269030720501E-016   3.4230205541474454E-016  -2.1120066868010595E-016
   4.4277382504175064E-010   1.0249293055238578E-009   2.5425383668261358E-010  -2.3452867827684493E-011   3.2566061104835630E-009   7.5221926088651739E-009   1.8639263995682104E-009  -1.9749820891032525E-015   5.1577087435742952E-017  -1.4954944829346643E-015   1.5418264719570009E-015  -8.2283733687133689E-016   4.3315530607146360E-016  -9.7073031485695118E-010  -1.5564862023646804E-015   1.8679422189424143E-016  -7.8917710637495859E-016   1.0725018721202144E-015  -3.9064064764086182E-016   4.8398408165158264E-016  -1.0413548119281508E-009   3.3996526303759055E-009   7.8470648617097167E-009   1.9437046967121519E-009   2.2007307980277658E-010  -7.0035549666525534E-010   1.0162491253104697E-008   4.0535748445903194E-009  -3.0674188119119093E-012  -3.3593212337571260E-016   1.4850752800453435E-017  -1.5580269030720501E-016   2.5464491725993753E-016  -9.3740903077408545E-017   8.1287157909837243E-017
  -1.7673373558205414E-009   4.7277168997685600E-010  -5.5273184609900618E-010   1.9775926958689133E-011  -1.2998743914412266E-008   3.4892676556610214E-009  -4.0788907549734214E-009   1.6254490239241203E-015   1.6362539979158775E-016   2.9113512768226040E-015   2.6859288500542881E-017   2.9699705410365336E-015  -1.6523080374014316E-015   9.3536742700963990E-010   1.0527628177275894E-015   1.7956563313005697E-017   1.8638936104267337E-015  -2.7478023513125640E-016   2.3755191794051805E-015  -7.7798235987801266E-016   9.9222670161038001E-010  -1.3569699392200594E-008   3.6466518416630937E-009  -4.2626948886801832E-009  -8.4346278601377364E-010   2.7644309991783950E-009  -9.5074409477134009E-009   1.0741529952354198E-008   1.5361181979797639E-012   3.0300667002216287E-016   6.4951536522130839E-017   3.4230205541474454E-016  -9.3740903077408545E-017   6.4608940061247301E-016  -2.0926574063631559E-016
   7.9094356937495580E-010   5.1337646234188055E-010   2.1911562894745267E-010   1.5331654884060542E-011   5.8172490110178274E-009   3.7842044614181158E-009   1.6248352282300800E-009  -1.7146065194439403E-015   9.0726171886104323E-017  -1.8640710561932544E-015   9.5713956720551535E-016  -1.3806730942473331E-015   7.5746728579050771E-016   6.2267519732635941E-010  -1.2605641648473542E-015   2.0014883539039072E-016  -1.1221081075951273E-015   7.0694240681783634E-016  -8.9671635370456158E-016   5.5362196585468716E-016   6.6911055887995784E-010   6.0727205496475370E-009   3.9532734121400519E-009   1.7007396667110108E-009  -7.7306341705862094E-011  -1.1417262236564881E-009  -6.8686896193971782E-009  -9.9888119533686250E-009   3.0014748134582836E-012  -2.9404741252461452E-016   3.4816002556765602E-018  -2.1120066868010595E-016   8.1287157909837243E-017  -2.0926574063631559E-016   2.1276029100511029E-016
