   7.2476198557906834E-003  -6.1930763091002795E-017   1.1582380984685602E-016  -6.7497479722054398E-017   1.2881520382977195E-017  -2.1655291127705371E-018   5.6183520575543830E-018   1.3933913936475098E-017   8.3098654227388303E-018  -2.5240839580948827E-017   5.4334860389536124E-002  -2.8979301834269901E-016   1.1484120501296764E-015  -2.0757869936751647E-016  -4.5511225119599365E-018   1.8341527714987159E-018   1.0343746330842592E-018  -1.5141196702892806E-017   3.9215152554939095E-018   5.7394525343294072E-018  -3.8847153974675405E-016   5.0372226762228411E-002  -2.7765796350267542E-016   8.8550455309892505E-016  -1.5590734515888991E-015   1.5792522413419264E-003   2.8925852028804301E-017   4.4210972252792218E-016  -2.4178019334160924E-016   9.2908761251650564E-016  -1.4517161726350798E-004  -8.3153261233644828E-016   1.2529193978856677E-016  -3.2280735352210074E-016   1.9694634457440796E-017   2.1922039535915782E-017   2.4534004222657573E-016   3.6599445925657881E-016   6.4089545179295467E-017
  -6.1930763091002795E-017   7.2476198557905889E-003   7.8318957284179451E-018  -3.9004341538198708E-018  -5.9020914256938640E-018   1.0121819450961160E-017  -1.2299774990890542E-017   2.2889953353398651E-018   9.4802230852008706E-018   8.6613647940641438E-018  -1.3622524732087731E-016   5.4334860389535652E-002  -6.1379407171278093E-017   6.2802812494901120E-016  -1.7601356248771754E-017  -4.5573396797256974E-018   1.9062195763623030E-018  -1.8659014456185518E-017  -6.5279891353244996E-019  -2.5624964281057024E-017   7.2217001490599466E-016  -1.2031420835087361E-016   5.0372226762228356E-002  -3.5889975102202663E-017   1.7875816106347856E-015  -9.9434170766370559E-016   1.5792522413403858E-003  -1.4599454157605540E-015   9.8409615906732961E-016   2.2206615914621996E-017  -7.8433584476988533E-016  -1.4517161726393854E-004  -3.6834067817776470E-016   4.8628554358529394E-017   3.2080085138177645E-017  -7.4508929995278726E-018  -4.4220814277548692E-017  -1.6499465735804063E-016   2.4515091663884297E-017
   1.1582380984685602E-016   7.8318957284179451E-018   7.2476198557909592E-003  -5.1364186832835159E-017  -3.7925012326952063E-017  -3.8834996811829747E-018  -7.3495084951547922E-018  -4.8382200483618704E-017  -4.1766033539219581E-018  -4.8659980462854216E-017  -2.2784713404387161E-016   1.2161837096598600E-016   5.4334860389536589E-002   6.4653843738024020E-016  -6.7974654080051796E-017   4.2059679816548571E-018  -1.9417471455518378E-017  -8.1933504284301043E-017  -7.8247000927724719E-018  -7.1079971709945702E-017   3.1530310213785698E-016  -2.0451106594103035E-016   1.1686125649331084E-016   5.0372226762230035E-002   1.1769126565301509E-015   3.6831405708182324E-017  -6.1965682192197822E-016   1.5792522413443761E-003   2.9041311222403333E-016   9.3798946084436218E-016  -1.0721565367949425E-016  -9.1684452103940165E-016  -1.4517161726345474E-004   2.4503634008307120E-016   5.2351203911562887E-016   1.2528024399522164E-016   3.4024834576773473E-016  -5.1985610783843241E-016  -7.9345995482613120E-016
  -6.7497479722054398E-017  -3.9004341538198708E-018  -5.1364186832835159E-017   4.2775492371334184E-004  -6.3752756315763337E-016   4.2436695900829221E-018   2.2338974163493809E-017  -4.6646795870489691E-016   1.5518388678914072E-017  -3.2668941238981901E-016  -3.5084857689481898E-016  -2.2868736455718142E-016  -5.7312696525578683E-016   1.3414129448003225E-002  -3.9046198715735242E-016   3.6772325116183183E-018  -9.2300439663305224E-018  -6.9778840698102403E-016   3.0299535409326080E-018  -4.6326155277537643E-016   1.6475548594806457E-002  -3.8646900353329816E-016  -1.7782903119377561E-016  -4.7203562859362279E-016   1.0075791893791172E-002  -1.1471266181308651E-016  -3.2814070013577317E-015   4.6254338071875855E-015   1.8378347135804866E-003   1.9773782134792876E-004  -4.1533055027119615E-015  -1.2380611783627322E-015   4.3569643228886390E-016  -1.0026677003191152E-014   2.3370146003626316E-016   1.0044578828757730E-015  -8.4972680008964723E-015   7.9815936340842326E-017   1.6315773403105844E-014
   1.2881520382977195E-017  -5.9020914256938640E-018  -3.7925012326952063E-017  -6.3752756315763337E-016   8.0498447553872341E-005   1.4436487100226553E-017  -4.4033524751101227E-018  -4.0249223776948849E-005  -5.6911101478631716E-018  -4.0249223776948828E-005   9.7790019646697702E-017  -4.4156639694604666E-017  -2.9929327777085853E-016  -1.6356379297425055E-014   1.0922946026087300E-004   1.2410802843755235E-018  -1.3102734152886685E-017  -5.4614730130477354E-005   1.3603924437018311E-017  -5.4614730130419932E-005  -2.0613646812013089E-014   8.2250959798951038E-017  -4.1300960039181076E-017  -2.7209040754035105E-016  -1.9970693783661359E-014   2.2357235244675845E-015  -2.1373665552434999E-016  -5.5675104891146448E-016  -1.6186246885214186E-014  -6.2809427719819733E-016   5.7552585393025833E-016  -1.5051198853848047E-016   3.5660316989590767E-016   1.2654538825941341E-002   9.4273856468985369E-016  -6.6410726197900200E-016  -6.3272694129737862E-003   2.4621368422330726E-016  -6.3272694129675967E-003
  -2.1655291127705371E-018   1.0121819450961160E-017  -3.8834996811829747E-018   4.2436695900829221E-018   1.4436487100226553E-017   8.0498447553925223E-005   7.5918752425403177E-018  -4.0313060743226449E-019   7.9949446386057896E-018  -1.7415114855196938E-017  -1.8598969501413358E-017   6.8804694656077214E-017  -5.5042008893071245E-017  -2.5767709261882092E-017   2.4810620728947071E-019   1.0922946026089780E-004   1.1922770418282616E-018  -1.2182955944080418E-018  -1.5636757601906324E-018  -7.7350155388222320E-018  -2.2529929573249540E-017  -1.4957787426642424E-017   6.5496564183106917E-017  -4.2474998042165331E-017   8.5392681521051841E-016   2.0504278259205146E-016   6.1346197055979104E-016  -4.1278752176345349E-016  -8.0232368964687116E-016   5.2656072664209176E-016  -8.9112584530309959E-016   2.3068258094975773E-016   6.0284968037468880E-016   1.3163194814610455E-015   1.2654538825945558E-002   2.5187249958567707E-016  -2.2268453831668435E-016   4.2823529417630388E-016  -1.1127641234669220E-015
   5.6183520575543830E-018  -1.2299774990890542E-017  -7.3495084951547922E-018   2.2338974163493809E-017  -4.4033524751101227E-018   7.5918752425403177E-018   8.0498447553974025E-005   3.9114591323643013E-018  -2.2252641198918999E-018  -5.7591953842144831E-019   4.4062613892618341E-017  -1.0281270508336403E-016  -6.3733118846393917E-017   5.2208999068844283E-016  -3.9581047260886323E-019   7.8479699465964765E-018   1.0922946026089317E-004   7.1561596384651842E-018  -9.9806587006688183E-018  -2.0658771692215129E-018   6.5509962184109535E-016   3.8469642154363734E-017  -9.3505304411577863E-017  -5.4589503643251016E-017   1.9809842934013320E-016  -8.7830166860816006E-017   1.0471089494094423E-015  -2.5780400814425519E-017   5.8814616092444270E-017  -5.7197062200275020E-016   1.7342012119224433E-016  -3.4876383697907311E-016  -1.3927639558059970E-015  -1.9622669658572460E-017   9.3987204637766713E-016   1.2654538825949441E-002   4.1394326093514410E-016  -5.3819621141635069E-016  -3.8000380879156889E-016
   1.3933913936475098E-017   2.2889953353398651E-018  -4.8382200483618704E-017  -4.6646795870489691E-016  -4.0249223776948849E-005  -4.0313060743226449E-019   3.9114591323643013E-018   8.0498447553918650E-005  -1.5403305002696900E-018  -4.0249223776980040E-005   1.0048160981385193E-016   3.9344628307666240E-017  -3.8011435288182192E-016  -1.1170953284040976E-014  -5.4614730130434528E-005   1.9876856470509781E-018   2.5821034513643996E-018   1.0922946026092152E-004  -2.3108030428125578E-017  -5.4614730130491320E-005  -1.4260255605555378E-014   9.6783340593182066E-017   3.2164845639049327E-017  -3.5119388522125585E-016  -1.6711725824392220E-014  -1.0546207652713473E-015  -1.9894567608986684E-015  -1.4721002669801585E-016  -1.5633438595616453E-014  -5.1992510864795901E-016   1.8684498455934268E-015  -7.0057841913697929E-016  -9.4481340034992750E-017  -6.3272694129695812E-003   1.5200969738455951E-016   2.0472751262678916E-016   1.2654538825945012E-002  -1.5051807236444443E-015  -6.3272694129754541E-003
   8.3098654227388303E-018   9.4802230852008706E-018  -4.1766033539219581E-018   1.5518388678914072E-017  -5.6911101478631716E-018   7.9949446386057896E-018  -2.2252641198918999E-018  -1.5403305002696900E-018   8.0498447553986466E-005   2.0500740903799375E-018   3.3653229006014361E-017   8.3645463544472341E-017  -2.4998960183603136E-018   4.8214447093401907E-016  -1.1824425674494035E-017  -3.6426569178609122E-018   3.7784127660167893E-018   1.3036534785071022E-017   1.0922946026090749E-004  -1.3129408142744518E-017   5.8452315511623688E-016   3.7010012580163885E-017   7.5935461543110266E-017  -1.3157975515625983E-017   3.6001946809169481E-016   6.2875800650238831E-016  -3.5333360385967342E-016   3.7333814555082125E-016   1.2462529887630691E-016  -2.9730189763490939E-016  -8.7587022417316464E-016   2.7650636811250542E-016   2.9797730702701020E-016  -1.1538243102828805E-015   8.4975742872914380E-016   1.8475088245794716E-016   1.2697858074445893E-015   1.2654538825950391E-002  -1.3490826099819395E-016
  -2.5240839580948827E-017   8.6613647940641438E-018  -4.8659980462854216E-017  -3.2668941238981901E-016  -4.0249223776948828E-005  -1.7415114855196938E-017  -5.7591953842144831E-019  -4.0249223776980040E-005   2.0500740903799375E-018   8.0498447553964444E-005  -1.9190684480937561E-016   6.5695102110695042E-017  -3.2333543923874999E-016  -1.2222959012527803E-014  -5.4614730130472855E-005  -7.8175218418409214E-018   9.0717013584153226E-018  -5.4614730130458062E-005   2.4734437394608735E-018   1.0922946026095952E-004  -1.4628122863297066E-014  -1.7249482470995730E-016   6.1769380556850754E-017  -3.0783324901402324E-016  -1.7208463792421497E-014  -3.0866121759155736E-016  -1.8623694070098089E-016  -2.6911806698037178E-016  -1.5116123394185590E-014  -8.1004742930322282E-016   2.0569673550819162E-015   7.4149588041437727E-016  -2.9956914128142207E-016  -6.3272694129757430E-003  -1.6263682685069580E-015   2.9151687083029447E-016  -6.3272694129728356E-003   4.4444485780879052E-016   1.2654538825948644E-002
   5.4334860389536124E-002  -1.3622524732087731E-016  -2.2784713404387161E-016  -3.5084857689481898E-016   9.7790019646697702E-017  -1.8598969501413358E-017   4.4062613892618341E-017   1.0048160981385193E-016   3.3653229006014361E-017  -1.9190684480937561E-016  0.40753218337935454        2.1778415109234655E-016   4.4131232000382902E-016   1.2695752131781298E-015   6.4059322760770352E-018   1.8431802653709529E-017   8.9565285955442899E-018  -1.5221152767372651E-016   4.7816797990261653E-018   2.0329925586858517E-017   8.1141499457124265E-016  0.37777972856182379        1.4176797787551848E-016  -9.4521619809049956E-016   3.2801082544466203E-015  -7.4986364277216276E-003   1.5118853001780801E-017  -1.1062456755422018E-015   5.5463277794446770E-016  -6.6430024148844477E-016   2.4049778025077349E-004  -3.5048964584394678E-016   3.0816831269164172E-016   1.0847473133909222E-015   1.7661680551315933E-016   3.1971025387361128E-016  -5.9381299158771139E-016  -7.1108971320512582E-016  -6.0685737172730250E-016
  -2.8979301834269901E-016   5.4334860389535652E-002   1.2161837096598600E-016  -2.2868736455718142E-016  -4.4156639694604666E-017   6.8804694656077214E-017  -1.0281270508336403E-016   3.9344628307666240E-017   8.3645463544472341E-017   6.5695102110695042E-017   2.1778415109234655E-016  0.40753218337935254       -1.2774881879963362E-016  -3.6006365129493382E-016  -1.2399890866700593E-016  -2.5728934594807714E-017   2.8741603805000770E-017  -1.4146161628220309E-016   6.4541393331920137E-018  -1.8163616741393097E-016  -9.7107563173346346E-016   2.5973853795860475E-016  0.37777972856182490        2.6927020783123194E-017  -2.5662266537183701E-015   9.5941678336728936E-016  -7.4986364277195156E-003   5.8798566121937199E-016  -1.4708906741677383E-015  -2.5732693398854921E-016   2.0095866868196404E-015   2.4049778025156106E-004   2.9677648264676531E-016   3.9623923303743838E-017   3.3191284804845161E-017  -9.5371810086817154E-017   1.8175847081820609E-016   1.7131640497539387E-016  -9.1443733672410002E-017
   1.1484120501296764E-015  -6.1379407171278093E-017   5.4334860389536589E-002  -5.7312696525578683E-016  -2.9929327777085853E-016  -5.5042008893071245E-017  -6.3733118846393917E-017  -3.8011435288182192E-016  -2.4998960183603136E-018  -3.2333543923874999E-016   4.4131232000382902E-016  -1.2774881879963362E-016  0.40753218337934621        1.5670287445117678E-015  -5.3739647192637324E-016  -6.5431201348595833E-018  -1.5497997974425737E-016  -6.2847898939467083E-016  -1.5745783528654823E-017  -4.8974164454123730E-016  -1.7010170717499190E-015   4.4274479378640213E-016  -8.9975535769899475E-017  0.37777972856182512       -5.4660452599824473E-016  -5.9161668239879313E-016  -9.6884190175549658E-016  -7.4986364277228566E-003  -1.7117752630970484E-015   1.1666175063991752E-015   1.6330558980280059E-016   1.2233851718030112E-015   2.4049778025138168E-004  -1.3968457664814374E-015  -8.4359301495203717E-016  -3.0712645741531171E-016  -3.9815562575282208E-016   1.1689584845239034E-015   2.0467411681341006E-016
  -2.0757869936751647E-016   6.2802812494901120E-016   6.4653843738024020E-016   1.3414129448003225E-002  -1.6356379297425055E-014  -2.5767709261882092E-017   5.2208999068844283E-016  -1.1170953284040976E-014   4.8214447093401907E-016  -1.2222959012527803E-014   1.2695752131781298E-015  -3.6006365129493382E-016   1.5670287445117678E-015  0.48405214818180164       -6.2413519753965067E-015   1.6992476550895949E-016  -6.1346380234884135E-016  -1.6417402786963195E-014   4.6677795861854004E-018  -1.6299341411938112E-014  0.58611655239549165        7.5772515411991026E-017   6.4804216359847144E-016   3.1546107022766601E-015  -1.4399872370530139E-002  -3.0612929489117892E-015   9.1178577057035297E-015   3.7307523847645200E-015  -9.7357709704272877E-004   9.7628349779251334E-005  -3.4818071914200500E-015   3.7168606816719267E-016   3.5073468993162782E-016   1.0559829373119649E-014   1.0335881384487277E-015  -1.8558229655388966E-015   1.2908430346962940E-014   1.6878692795481861E-015  -6.7513842062047971E-014
  -4.5511225119599365E-018  -1.7601356248771754E-017  -6.7974654080051796E-017  -3.9046198715735242E-016   1.0922946026087300E-004   2.4810620728947071E-019  -3.9581047260886323E-019  -5.4614730130434528E-005  -1.1824425674494035E-017  -5.4614730130472855E-005   6.4059322760770352E-018  -1.2399890866700593E-016  -5.3739647192637324E-016  -6.2413519753965067E-015   1.4821496999550143E-004  -2.4559981694713367E-017  -1.0208843296871040E-017  -7.4107484997780137E-005   1.2893183971343862E-017  -7.4107484997754252E-005  -8.5199956826448427E-015  -1.1993955376125072E-017  -1.1675743139236740E-016  -4.8966565509650463E-016  -1.7369426908158998E-014  -8.9124518887471685E-016  -1.0915381503895538E-015   8.0767812842433429E-018  -4.3831940086746533E-014  -1.9573503475423095E-015   2.2506198473716223E-015  -4.4942512090327855E-017   3.8863517159628294E-016   1.7171119292490527E-002  -1.7612286192040516E-015  -2.4079770261897697E-017  -8.5855596462464778E-003  -3.1076595925444002E-016  -8.5855596462441064E-003
   1.8341527714987159E-018  -4.5573396797256974E-018   4.2059679816548571E-018   3.6772325116183183E-018   1.2410802843755235E-018   1.0922946026089780E-004   7.8479699465964765E-018   1.9876856470509781E-018  -3.6426569178609122E-018  -7.8175218418409214E-018   1.8431802653709529E-017  -2.5728934594807714E-017  -6.5431201348595833E-018   1.6992476550895949E-016  -2.4559981694713367E-017   1.4821496999547137E-004  -1.7114399960947744E-018   1.7862460747876816E-018  -2.1784959484441549E-017   1.0961519544863836E-017   1.8534056689201525E-016   1.8820269223084687E-017  -2.4485205305208567E-017   6.0494072995950645E-018  -6.8105376489296736E-016  -4.6524967394939305E-016  -1.0800470279743870E-015  -2.9491548766433762E-016   8.9410785975457732E-016  -2.8211992451120768E-016  -1.6784657094911253E-016  -3.0097484389441016E-016   2.9180194005638317E-016  -1.0982133679825136E-015   1.7171119292488869E-002  -4.3934540182896522E-017   9.6296899372292036E-017  -1.6969568179575796E-015   9.7596025567234747E-016
   1.0343746330842592E-018   1.9062195763623030E-018  -1.9417471455518378E-017  -9.2300439663305224E-018  -1.3102734152886685E-017   1.1922770418282616E-018   1.0922946026089317E-004   2.5821034513643996E-018   3.7784127660167893E-018   9.0717013584153226E-018   8.9565285955442899E-018   2.8741603805000770E-017  -1.5497997974425737E-016  -6.1346380234884135E-016  -1.0208843296871040E-017  -1.7114399960947744E-018   1.4821496999536894E-004   6.0121477840938557E-018  -4.3187229028364810E-018   1.0566691349268000E-017  -7.2378090966177276E-016   5.3481406423085709E-018   2.4293799569717917E-017  -1.3810251222474768E-016  -4.3241590755646349E-016  -1.4915711995728363E-017  -1.5229129225888421E-015  -1.0695199515496409E-016   9.1968534189736728E-016   7.8688261856572870E-016  -3.8426171477850230E-016   3.8965066979227109E-017   5.6587347325063983E-016  -1.1471270325271484E-015  -1.5666848447357625E-016   1.7171119292482998E-002   1.3324479416891127E-016   3.3836020156339630E-016   1.0333092037013821E-015
  -1.5141196702892806E-017  -1.8659014456185518E-017  -8.1933504284301043E-017  -6.9778840698102403E-016  -5.4614730130477354E-005  -1.2182955944080418E-018   7.1561596384651842E-018   1.0922946026092152E-004   1.3036534785071022E-017  -5.4614730130458062E-005  -1.5221152767372651E-016  -1.4146161628220309E-016  -6.2847898939467083E-016  -1.6417402786963195E-014  -7.4107484997780137E-005   1.7862460747876816E-018   6.0121477840938557E-018   1.4821496999554786E-004  -1.0830074962064920E-017  -7.4107484997773578E-005  -2.1000206841355080E-014  -1.3062923348004902E-016  -1.3181395912228660E-016  -5.8257873536046183E-016  -2.4199045696924284E-014   1.9586670497042399E-015   6.5270914784095265E-016  -1.1636079254134783E-015  -4.4589687935707851E-014  -2.5409750851891395E-015   1.8457091052359301E-015   2.1397609408443306E-016   1.1664277202379205E-017  -8.5855596462475030E-003   1.0073662256532952E-016   5.6840940680633016E-016   1.7171119292493257E-002   3.3554021712374928E-016  -8.5855596462457873E-003
   3.9215152554939095E-018  -6.5279891353244996E-019  -7.8247000927724719E-018   3.0299535409326080E-018   1.3603924437018311E-017  -1.5636757601906324E-018  -9.9806587006688183E-018  -2.3108030428125578E-017   1.0922946026090749E-004   2.4734437394608735E-018   4.7816797990261653E-018   6.4541393331920137E-018  -1.5745783528654823E-017   4.6677795861854004E-018   1.2893183971343862E-017  -2.1784959484441549E-017  -4.3187229028364810E-018  -1.0830074962064920E-017   1.4821496999538490E-004  -1.8233849126515400E-017   6.4965889616730871E-018   9.8709260181549836E-018   4.7494638173300367E-018  -2.9906696296422177E-017   5.6575639093118088E-016  -5.2067084883626064E-016   1.0370250893421971E-016   7.1920783135204680E-017  -2.3143261282528711E-016   7.0985316542217660E-017   2.9549415444824725E-016   3.0546584789928414E-016  -1.6315228743498261E-016   1.7868976350332370E-015  -7.9816698125248931E-016  -8.4361989416778814E-016  -1.5810773903474935E-015   1.7171119292483886E-002  -2.3152936223103176E-016
   5.7394525343294072E-018  -2.5624964281057024E-017  -7.1079971709945702E-017  -4.6326155277537643E-016  -5.4614730130419932E-005  -7.7350155388222320E-018  -2.0658771692215129E-018  -5.4614730130491320E-005  -1.3129408142744518E-017   1.0922946026095952E-004   2.0329925586858517E-017  -1.8163616741393097E-016  -4.8974164454123730E-016  -1.6299341411938112E-014  -7.4107484997754252E-005   1.0961519544863836E-017   1.0566691349268000E-017  -7.4107484997773578E-005  -1.8233849126515400E-017   1.4821496999556664E-004  -1.9619609031919323E-014   2.9421695338329434E-017  -1.6870388048716751E-016  -4.6281280252531939E-016  -2.4079003692277196E-014   1.4829213216832034E-015  -1.3255772629539307E-015   9.9143928879863754E-016  -4.6452605346324583E-014  -2.4069702814084978E-015   1.6401993075321374E-015  -2.7799491454492533E-016  -4.0568025187303344E-016  -8.5855596462468420E-003   2.9201291450002593E-016   1.9365206053307347E-016  -8.5855596462474613E-003  -1.8982005700990918E-015   1.7171119292494388E-002
  -3.8847153974675405E-016   7.2217001490599466E-016   3.1530310213785698E-016   1.6475548594806457E-002  -2.0613646812013089E-014  -2.2529929573249540E-017   6.5509962184109535E-016  -1.4260255605555378E-014   5.8452315511623688E-016  -1.4628122863297066E-014   8.1141499457124265E-016  -9.7107563173346346E-016  -1.7010170717499190E-015  0.58611655239549165       -8.5199956826448427E-015   1.8534056689201525E-016  -7.2378090966177276E-016  -2.1000206841355080E-014   6.4965889616730871E-018  -1.9619609031919323E-014  0.71067070765932716       -7.0707480594925338E-016   3.1778427433947703E-016   4.8301918415213512E-016   2.6116525187889785E-002  -5.8874372696339127E-016  -3.0502164620624764E-015  -9.0908782319517052E-015   6.6517807764966321E-003   9.1948844431898481E-004  -7.4181104279648166E-016   1.3312959540308185E-016  -8.7071548439318413E-016  -3.6684350321427454E-014   2.3203038344200058E-016   6.0160400611687038E-016  -3.3911826988844772E-014   8.8289706371289873E-016   1.3141555737512446E-014
   5.0372226762228411E-002  -1.2031420835087361E-016  -2.0451106594103035E-016  -3.8646900353329816E-016   8.2250959798951038E-017  -1.4957787426642424E-017   3.8469642154363734E-017   9.6783340593182066E-017   3.7010012580163885E-017  -1.7249482470995730E-016  0.37777972856182379        2.5973853795860475E-016   4.4274479378640213E-016   7.5772515411991026E-017  -1.1993955376125072E-017   1.8820269223084687E-017   5.3481406423085709E-018  -1.3062923348004902E-016   9.8709260181549836E-018   2.9421695338329434E-017  -7.0707480594925338E-016  0.35020457712629699        1.8357988095051245E-016  -8.4179168059348127E-016  -2.8846797119859962E-015  -3.7483979301547493E-003  -7.5348882941016681E-017   5.1165825889728806E-016  -5.2958075750186528E-017  -1.6404833390745891E-016  -1.1368606576299327E-004  -2.0561502529549725E-016  -1.2640879932736282E-016  -8.5956434389618107E-016   4.4838678489374434E-016  -5.1230946743838894E-017   3.3662998870830585E-016   7.2646427802542243E-017   4.1808260331775975E-016
  -2.7765796350267542E-016   5.0372226762228356E-002   1.1686125649331084E-016  -1.7782903119377561E-016  -4.1300960039181076E-017   6.5496564183106917E-017  -9.3505304411577863E-017   3.2164845639049327E-017   7.5935461543110266E-017   6.1769380556850754E-017   1.4176797787551848E-016  0.37777972856182490       -8.9975535769899475E-017   6.4804216359847144E-016  -1.1675743139236740E-016  -2.4485205305208567E-017   2.4293799569717917E-017  -1.3181395912228660E-016   4.7494638173300367E-018  -1.6870388048716751E-016   3.1778427433947703E-016   1.8357988095051245E-016  0.35020457712630060        5.7626834398536173E-017  -2.9640680819418562E-016  -1.9534258268337931E-016  -3.7483979301546240E-003   1.2300951862675974E-015   8.0755217225990856E-017   2.2473268709015852E-016  -6.9195725506149694E-016  -1.1368606576335576E-004  -7.7893594829460993E-017   3.4210427742109611E-017   1.5165729018170317E-016  -7.6706675183460019E-017  -2.2841893955363306E-017   2.4256598091325144E-018   1.2344966763366955E-016
   8.8550455309892505E-016  -3.5889975102202663E-017   5.0372226762230035E-002  -4.7203562859362279E-016  -2.7209040754035105E-016  -4.2474998042165331E-017  -5.4589503643251016E-017  -3.5119388522125585E-016  -1.3157975515625983E-017  -3.0783324901402324E-016  -9.4521619809049956E-016   2.6927020783123194E-017  0.37777972856182512        3.1546107022766601E-015  -4.8966565509650463E-016   6.0494072995950645E-018  -1.3810251222474768E-016  -5.8257873536046183E-016  -2.9906696296422177E-017  -4.6281280252531939E-016   4.8301918415213512E-016  -8.4179168059348127E-016   5.7626834398536173E-017  0.35020457712630648       -1.7338187449356907E-016  -1.4249096170481879E-016   2.0450550787222649E-015  -3.7483979301510735E-003   1.9134772715238049E-015  -2.6090194844310960E-015  -3.6233882004409121E-016  -1.2794663100467236E-015  -1.1368606576278828E-004  -3.0089088821359384E-016   6.8270461642365805E-016   3.9084475820807720E-016  -1.4606959118114112E-016  -7.0667507358309012E-016  -1.0224849435538427E-015
  -1.5590734515888991E-015   1.7875816106347856E-015   1.1769126565301509E-015   1.0075791893791172E-002  -1.9970693783661359E-014   8.5392681521051841E-016   1.9809842934013320E-016  -1.6711725824392220E-014   3.6001946809169481E-016  -1.7208463792421497E-014   3.2801082544466203E-015  -2.5662266537183701E-015  -5.4660452599824473E-016  -1.4399872370530139E-002  -1.7369426908158998E-014  -6.8105376489296736E-016  -4.3241590755646349E-016  -2.4199045696924284E-014   5.6575639093118088E-016  -2.4079003692277196E-014   2.6116525187889785E-002  -2.8846797119859962E-015  -2.9640680819418562E-016  -1.7338187449356907E-016   2.0217480591599886       -1.0309525398990541E-015  -9.5782121922975167E-015  -6.0429711965946549E-015   1.9750580674029699E-003   2.4671783505747941E-004   1.1274787956153075E-015  -7.5023114620765449E-016  -1.1603345038402378E-015  -5.0318651011588440E-014   2.0625069031489137E-015  -1.2432389836094901E-015  -4.5579769908069681E-014   2.2071788263728952E-015  -1.9550972552347315E-014
   1.5792522413419264E-003  -9.9434170766370559E-016   3.6831405708182324E-017  -1.1471266181308651E-016   2.2357235244675845E-015   2.0504278259205146E-016  -8.7830166860816006E-017  -1.0546207652713473E-015   6.2875800650238831E-016  -3.0866121759155736E-016  -7.4986364277216276E-003   9.5941678336728936E-016  -5.9161668239879313E-016  -3.0612929489117892E-015  -8.9124518887471685E-016  -4.6524967394939305E-016  -1.4915711995728363E-017   1.9586670497042399E-015  -5.2067084883626064E-016   1.4829213216832034E-015  -5.8874372696339127E-016  -3.7483979301547493E-003  -1.9534258268337931E-016  -1.4249096170481879E-016  -1.0309525398990541E-015   2.0007678339111470       -5.4173966497358160E-016  -4.5993980977027697E-016  -4.3595736574354545E-016  -4.9450643763533429E-016  -2.1002730351054536E-005   9.5283204365273401E-017   2.1733491117662544E-017   1.9721296346103020E-015   4.9301489529153193E-016  -3.6385396497420002E-016   5.7076401340325195E-016  -3.3494281467135257E-016  -9.6165544314489809E-016
   2.8925852028804301E-017   1.5792522413403858E-003  -6.1965682192197822E-016  -3.2814070013577317E-015  -2.1373665552434999E-016   6.1346197055979104E-016   1.0471089494094423E-015  -1.9894567608986684E-015  -3.5333360385967342E-016  -1.8623694070098089E-016   1.5118853001780801E-017  -7.4986364277195156E-003  -9.6884190175549658E-016   9.1178577057035297E-015  -1.0915381503895538E-015  -1.0800470279743870E-015  -1.5229129225888421E-015   6.5270914784095265E-016   1.0370250893421971E-016  -1.3255772629539307E-015  -3.0502164620624764E-015  -7.5348882941016681E-017  -3.7483979301546240E-003   2.0450550787222649E-015  -9.5782121922975167E-015  -5.4173966497358160E-016   2.0007678339111492       -6.6640073355893758E-015  -3.2780217667253071E-015  -4.7859059204778415E-016  -2.8781279325585918E-016  -2.1002730351163756E-005  -7.3956921964460007E-016   3.3465306959259376E-015  -7.4509356624949204E-019   4.4741309335593542E-016   2.3794760883087135E-015  -1.1427283203088783E-016   3.3137344786054540E-015
   4.4210972252792218E-016  -1.4599454157605540E-015   1.5792522413443761E-003   4.6254338071875855E-015  -5.5675104891146448E-016  -4.1278752176345349E-016  -2.5780400814425519E-017  -1.4721002669801585E-016   3.7333814555082125E-016  -2.6911806698037178E-016  -1.1062456755422018E-015   5.8798566121937199E-016  -7.4986364277228566E-003   3.7307523847645200E-015   8.0767812842433429E-018  -2.9491548766433762E-016  -1.0695199515496409E-016  -1.1636079254134783E-015   7.1920783135204680E-017   9.9143928879863754E-016  -9.0908782319517052E-015   5.1165825889728806E-016   1.2300951862675974E-015  -3.7483979301510735E-003  -6.0429711965946549E-015  -4.5993980977027697E-016  -6.6640073355893758E-015   2.0007678339111585       -4.3198005218736192E-015  -1.1794201586198367E-015  -6.3687525994799917E-017  -1.0079793152904738E-015  -2.1002730349167527E-005   1.0485756803892429E-015   4.3207080370896507E-016  -2.1084627271672294E-016   1.7856333530715881E-015  -2.5009264355244167E-017   2.0260091621343249E-016
  -2.4178019334160924E-016   9.8409615906732961E-016   2.9041311222403333E-016   1.8378347135804866E-003  -1.6186246885214186E-014  -8.0232368964687116E-016   5.8814616092444270E-017  -1.5633438595616453E-014   1.2462529887630691E-016  -1.5116123394185590E-014   5.5463277794446770E-016  -1.4708906741677383E-015  -1.7117752630970484E-015  -9.7357709704272877E-004  -4.3831940086746533E-014   8.9410785975457732E-016   9.1968534189736728E-016  -4.4589687935707851E-014  -2.3143261282528711E-016  -4.6452605346324583E-014   6.6517807764966321E-003  -5.2958075750186528E-017   8.0755217225990856E-017   1.9134772715238049E-015   1.9750580674029699E-003  -4.3595736574354545E-016  -3.2780217667253071E-015  -4.3198005218736192E-015   2.0009839376067395        6.3696445355160121E-005   5.5743589047370939E-016  -2.3499363472113134E-016  -6.2920830822658885E-016  -1.3948956934114866E-013   8.8241839037620278E-016  -6.7727260487137917E-016  -1.3718806457659801E-013   1.0176414703065871E-015  -1.3350542439205117E-013
   9.2908761251650564E-016   2.2206615914621996E-017   9.3798946084436218E-016   1.9773782134792876E-004  -6.2809427719819733E-016   5.2656072664209176E-016  -5.7197062200275020E-016  -5.1992510864795901E-016  -2.9730189763490939E-016  -8.1004742930322282E-016  -6.6430024148844477E-016  -2.5732693398854921E-016   1.1666175063991752E-015   9.7628349779251334E-005  -1.9573503475423095E-015  -2.8211992451120768E-016   7.8688261856572870E-016  -2.5409750851891395E-015   7.0985316542217660E-017  -2.4069702814084978E-015   9.1948844431898481E-004  -1.6404833390745891E-016   2.2473268709015852E-016  -2.6090194844310960E-015   2.4671783505747941E-004  -4.9450643763533429E-016  -4.7859059204778415E-016  -1.1794201586198367E-015   6.3696445355160121E-005   2.0000149686760289        1.3094706985278160E-015  -1.6306338959183416E-018  -9.9788416146129284E-017  -8.1273333648084634E-015   3.1174237663321170E-016  -3.5419762377224124E-016  -8.3417036195985234E-015  -1.1674482588544999E-016  -7.5531995753506793E-015
  -1.4517161726350798E-004  -7.8433584476988533E-016  -1.0721565367949425E-016  -4.1533055027119615E-015   5.7552585393025833E-016  -8.9112584530309959E-016   1.7342012119224433E-016   1.8684498455934268E-015  -8.7587022417316464E-016   2.0569673550819162E-015   2.4049778025077349E-004   2.0095866868196404E-015   1.6330558980280059E-016  -3.4818071914200500E-015   2.2506198473716223E-015  -1.6784657094911253E-016  -3.8426171477850230E-016   1.8457091052359301E-015   2.9549415444824725E-016   1.6401993075321374E-015  -7.4181104279648166E-016  -1.1368606576299327E-004  -6.9195725506149694E-016  -3.6233882004409121E-016   1.1274787956153075E-015  -2.1002730351054536E-005  -2.8781279325585918E-016  -6.3687525994799917E-017   5.5743589047370939E-016   1.3094706985278160E-015   1.9999944117652027       -2.7774971979730232E-017   1.1603709612322117E-017  -1.8993775004699621E-016  -9.3302287689093708E-017  -1.0070063084034345E-016   5.9339238474900643E-017  -1.1703685662659347E-016  -3.4600744572849790E-016
  -8.3153261233644828E-016  -1.4517161726393854E-004  -9.1684452103940165E-016  -1.2380611783627322E-015  -1.5051198853848047E-016   2.3068258094975773E-016  -3.4876383697907311E-016  -7.0057841913697929E-016   2.7650636811250542E-016   7.4149588041437727E-016  -3.5048964584394678E-016   2.4049778025156106E-004   1.2233851718030112E-015   3.7168606816719267E-016  -4.4942512090327855E-017  -3.0097484389441016E-016   3.8965066979227109E-017   2.1397609408443306E-016   3.0546584789928414E-016  -2.7799491454492533E-016   1.3312959540308185E-016  -2.0561502529549725E-016  -1.1368606576335576E-004  -1.2794663100467236E-015  -7.5023114620765449E-016   9.5283204365273401E-017  -2.1002730351163756E-005  -1.0079793152904738E-015  -2.3499363472113134E-016  -1.6306338959183416E-018  -2.7774971979730232E-017   1.9999944117651978        2.6529973637880178E-015   2.1232467671315758E-016   7.0265314672068097E-016  -4.2156082399166600E-016  -1.6593572498966434E-016   2.2368639775881759E-017   6.0466969048960453E-016
   1.2529193978856677E-016  -3.6834067817776470E-016  -1.4517161726345474E-004   4.3569643228886390E-016   3.5660316989590767E-016   6.0284968037468880E-016  -1.3927639558059970E-015  -9.4481340034992750E-017   2.9797730702701020E-016  -2.9956914128142207E-016   3.0816831269164172E-016   2.9677648264676531E-016   2.4049778025138168E-004   3.5073468993162782E-016   3.8863517159628294E-016   2.9180194005638317E-016   5.6587347325063983E-016   1.1664277202379205E-017  -1.6315228743498261E-016  -4.0568025187303344E-016  -8.7071548439318413E-016  -1.2640879932736282E-016  -7.7893594829460993E-017  -1.1368606576278828E-004  -1.1603345038402378E-015   2.1733491117662544E-017  -7.3956921964460007E-016  -2.1002730349167527E-005  -6.2920830822658885E-016  -9.9788416146129284E-017   1.1603709612322117E-017   2.6529973637880178E-015   1.9999944117651935        1.9602505880530746E-016  -5.7087039010303241E-016  -7.9927741583960430E-017   1.2105844560859223E-016   3.6402980000823000E-016  -9.8429386343814954E-017
  -3.2280735352210074E-016   4.8628554358529394E-017   2.4503634008307120E-016  -1.0026677003191152E-014   1.2654538825941341E-002   1.3163194814610455E-015  -1.9622669658572460E-017  -6.3272694129695812E-003  -1.1538243102828805E-015  -6.3272694129757430E-003   1.0847473133909222E-015   3.9623923303743838E-017  -1.3968457664814374E-015   1.0559829373119649E-014   1.7171119292490527E-002  -1.0982133679825136E-015  -1.1471270325271484E-015  -8.5855596462475030E-003   1.7868976350332370E-015  -8.5855596462468420E-003  -3.6684350321427454E-014  -8.5956434389618107E-016   3.4210427742109611E-017  -3.0089088821359384E-016  -5.0318651011588440E-014   1.9721296346103020E-015   3.3465306959259376E-015   1.0485756803892429E-015  -1.3948956934114866E-013  -8.1273333648084634E-015  -1.8993775004699621E-016   2.1232467671315758E-016   1.9602505880530746E-016   1.9893222510917048       -1.6334047829580365E-015   1.3342395222514002E-015 -0.99466112554585762       -2.0365585845331939E-015 -0.99466112554585373     
   1.9694634457440796E-017   3.2080085138177645E-017   5.2351203911562887E-016   2.3370146003626316E-016   9.4273856468985369E-016   1.2654538825945558E-002   9.3987204637766713E-016   1.5200969738455951E-016   8.4975742872914380E-016  -1.6263682685069580E-015   1.7661680551315933E-016   3.3191284804845161E-017  -8.4359301495203717E-016   1.0335881384487277E-015  -1.7612286192040516E-015   1.7171119292488869E-002  -1.5666848447357625E-016   1.0073662256532952E-016  -7.9816698125248931E-016   2.9201291450002593E-016   2.3203038344200058E-016   4.4838678489374434E-016   1.5165729018170317E-016   6.8270461642365805E-016   2.0625069031489137E-015   4.9301489529153193E-016  -7.4509356624949204E-019   4.3207080370896507E-016   8.8241839037620278E-016   3.1174237663321170E-016  -9.3302287689093708E-017   7.0265314672068097E-016  -5.7087039010303241E-016  -1.6334047829580365E-015   1.9893222510917239       -2.6968851414219119E-016  -1.1478583925375592E-015   3.3278501482270073E-015  -2.2589352263735436E-016
   2.1922039535915782E-017  -7.4508929995278726E-018   1.2528024399522164E-016   1.0044578828757730E-015  -6.6410726197900200E-016   2.5187249958567707E-016   1.2654538825949441E-002   2.0472751262678916E-016   1.8475088245794716E-016   2.9151687083029447E-016   3.1971025387361128E-016  -9.5371810086817154E-017  -3.0712645741531171E-016  -1.8558229655388966E-015  -2.4079770261897697E-017  -4.3934540182896522E-017   1.7171119292482998E-002   5.6840940680633016E-016  -8.4361989416778814E-016   1.9365206053307347E-016   6.0160400611687038E-016  -5.1230946743838894E-017  -7.6706675183460019E-017   3.9084475820807720E-016  -1.2432389836094901E-015  -3.6385396497420002E-016   4.4741309335593542E-016  -2.1084627271672294E-016  -6.7727260487137917E-016  -3.5419762377224124E-016  -1.0070063084034345E-016  -4.2156082399166600E-016  -7.9927741583960430E-017   1.3342395222514002E-015  -2.6968851414219119E-016   1.9893222510917383        5.9430711491383116E-016  -5.7041400953767446E-016   3.2210968918187268E-016
   2.4534004222657573E-016  -4.4220814277548692E-017   3.4024834576773473E-016  -8.4972680008964723E-015  -6.3272694129737862E-003  -2.2268453831668435E-016   4.1394326093514410E-016   1.2654538825945012E-002   1.2697858074445893E-015  -6.3272694129728356E-003  -5.9381299158771139E-016   1.8175847081820609E-016  -3.9815562575282208E-016   1.2908430346962940E-014  -8.5855596462464778E-003   9.6296899372292036E-017   1.3324479416891127E-016   1.7171119292493257E-002  -1.5810773903474935E-015  -8.5855596462474613E-003  -3.3911826988844772E-014   3.3662998870830585E-016  -2.2841893955363306E-017  -1.4606959118114112E-016  -4.5579769908069681E-014   5.7076401340325195E-016   2.3794760883087135E-015   1.7856333530715881E-015  -1.3718806457659801E-013  -8.3417036195985234E-015   5.9339238474900643E-017  -1.6593572498966434E-016   1.2105844560859223E-016 -0.99466112554585762       -1.1478583925375592E-015   5.9430711491383116E-016   1.9893222510917146        1.0608664147886477E-015 -0.99466112554586061     
   3.6599445925657881E-016  -1.6499465735804063E-016  -5.1985610783843241E-016   7.9815936340842326E-017   2.4621368422330726E-016   4.2823529417630388E-016  -5.3819621141635069E-016  -1.5051807236444443E-015   1.2654538825950391E-002   4.4444485780879052E-016  -7.1108971320512582E-016   1.7131640497539387E-016   1.1689584845239034E-015   1.6878692795481861E-015  -3.1076595925444002E-016  -1.6969568179575796E-015   3.3836020156339630E-016   3.3554021712374928E-016   1.7171119292483886E-002  -1.8982005700990918E-015   8.8289706371289873E-016   7.2646427802542243E-017   2.4256598091325144E-018  -7.0667507358309012E-016   2.2071788263728952E-015  -3.3494281467135257E-016  -1.1427283203088783E-016  -2.5009264355244167E-017   1.0176414703065871E-015  -1.1674482588544999E-016  -1.1703685662659347E-016   2.2368639775881759E-017   3.6402980000823000E-016  -2.0365585845331939E-015   3.3278501482270073E-015  -5.7041400953767446E-016   1.0608664147886477E-015   1.9893222510917299       -2.0027314767516465E-015
   6.4089545179295467E-017   2.4515091663884297E-017  -7.9345995482613120E-016   1.6315773403105844E-014  -6.3272694129675967E-003  -1.1127641234669220E-015  -3.8000380879156889E-016  -6.3272694129754541E-003  -1.3490826099819395E-016   1.2654538825948644E-002  -6.0685737172730250E-016  -9.1443733672410002E-017   2.0467411681341006E-016  -6.7513842062047971E-014  -8.5855596462441064E-003   9.7596025567234747E-016   1.0333092037013821E-015  -8.5855596462457873E-003  -2.3152936223103176E-016   1.7171119292494388E-002   1.3141555737512446E-014   4.1808260331775975E-016   1.2344966763366955E-016  -1.0224849435538427E-015  -1.9550972552347315E-014  -9.6165544314489809E-016   3.3137344786054540E-015   2.0260091621343249E-016  -1.3350542439205117E-013  -7.5531995753506793E-015  -3.4600744572849790E-016   6.0466969048960453E-016  -9.8429386343814954E-017 -0.99466112554585373       -2.2589352263735436E-016   3.2210968918187268E-016 -0.99466112554586061       -2.0027314767516465E-015   1.9893222510917246     
