   4.1958207896728834E-002   1.0771475961197449E-015   2.3354292582016434E-002  -3.5918888281139020E-017  -3.0438814477543510E-018  -2.9637608871892353E-019   1.3436870994185489E-018   6.2509674059456717E-018   1.6133595105940244E-017   9.0471234924602727E-018   4.9424033489060673E-002   2.9159435411796454E-016   6.9417015520598785E-003  -5.6603152506129693E-017   4.0840316338942605E-002   3.5718652460966041E-017   7.2222745370859737E-004  -2.5051641356540051E-016   6.6222350092056286E-017   6.7539069752908369E-018   5.5689211346762114E-019   5.7500972922246127E-017   4.9128227316678354E-018   5.7060097756940863E-017   7.2264373488480321E-005   4.3135441282549477E-017   1.1072784947386675E-003   4.4644477562641064E-004  -4.7785333853045619E-017  -5.4339760652006620E-004  -6.4975115375307887E-017  -2.0903228468910340E-004  -2.9384997245937419E-017  -6.6951319540103666E-004   2.4968743912205681E-002  -5.0918649615357136E-017  -2.2918839238886095E-004  -3.2139931367435051E-017  -1.0571936297875104E-016   4.1490738286016544E-017   1.7205167986096607E-019  -1.2948668064915019E-018   4.4971392446174642E-017  -2.9290990701582079E-019   4.2644416640385662E-017
   1.0771475961197449E-015   5.6283222007754680E-002  -1.6388392270458218E-015   6.0755808610338367E-017  -4.5440381938083164E-017   4.6804301911764771E-019   8.5490266989380892E-018  -4.9288575283240206E-017  -2.9426879604568836E-018  -5.6403879291965851E-017   4.0318770972430906E-016   5.3681921940983868E-002  -6.8340419594358518E-016   3.8693108148607114E-017   3.4772248252419180E-016   4.1283314919575861E-002  -1.5126351786574587E-016   6.5645833134898099E-017  -7.2783436102086947E-017   1.3552901789587716E-018  -8.2363743800907328E-019  -7.3648595351701807E-017   9.9811836628699124E-019  -7.2177222661724821E-017  -1.3112121108413199E-016  -1.1675622255269617E-004   2.8597565751663183E-018   8.1638821716357810E-018   8.1887093692557832E-004  -6.5754673999307094E-017   7.1158151458543327E-004  -1.0896894858284300E-016  -8.3793056033457894E-004  -1.8276207108727860E-017   2.8012301890821015E-017   2.4828164747006266E-002  -1.3034501797855749E-016   5.3663514511805004E-016   7.1350000755686283E-016  -3.6991804441332669E-017  -3.7808990768263308E-019   5.1098227773212578E-019  -3.5576552825712380E-017  -2.7736741711428501E-019  -3.6399389140982363E-017
   2.3354292582016434E-002  -1.6388392270458218E-015   1.8208356756024884E-002   8.3904940130741754E-017   8.9717817065902372E-017   2.5247360541299030E-018  -1.5727443316330510E-018   5.8765244664919026E-017  -2.4208263251956613E-017   4.6875756579189742E-017   6.9417015520599479E-003  -4.8618750808909467E-016   4.2364758285341572E-002  -7.4342851340345363E-017   7.2222745370961738E-004   1.8131261450121874E-016   4.0105856305297255E-002  -6.8989107430039088E-016   3.2553199740306026E-016  -6.0921369748837964E-018  -6.1421359007703654E-018   3.3632781715730766E-016  -9.0938154233795344E-018   3.4252216162975606E-016  -5.4344810442046010E-004  -2.0375722586638837E-017   3.9034945756379871E-004  -2.0903228468917203E-004   1.9842298217273816E-017   9.3814442692454619E-004  -7.2087756970448313E-017   6.5901750192862098E-004  -1.0660064498863545E-016  -7.8215195158877178E-004  -2.2918839238863890E-004  -2.1426592721858706E-017   2.5201814136162529E-002   9.8395023779895908E-017  -8.4637114475745853E-017   2.2106848719795767E-016   8.3883531774434483E-020   1.4879757602802227E-018   2.1540827429817979E-016   4.1836769599974688E-019   2.2014490688656639E-016
  -3.5918888281139020E-017   6.0755808610338367E-017   8.3904940130741754E-017   1.9102185627514834E-003  -2.0700871816092410E-005  -2.2717868750577014E-018  -1.7769373931902430E-004  -1.1509198328248313E-004   7.2236627280286157E-018   1.3579285509839444E-004  -3.7154401969692155E-016   7.3419584665172962E-017   5.9992231873766958E-016   1.4480829122175253E-002  -4.7984601820619324E-016   5.3416176968832403E-017   6.5963081931912635E-016   1.1994034720081878E-002  -7.0930704163814996E-006  -5.6666759483297542E-018  -6.0886044639003058E-005  -3.9435804877980133E-005   6.3237977308901097E-018   4.6528875292769626E-005   3.2858477342208845E-017  -8.5677277037440032E-019  -7.2816682268117873E-018   1.2409818693232198E-017   1.0299329517524935E-018   4.0775025634049235E-017   5.5673794306546151E-021   1.0565773551087562E-017  -1.6352538898895701E-018  -1.0917216233674695E-017  -2.3116515645318523E-016   3.3432486200225445E-017   4.0486799531048143E-016  -4.5471934797264493E-003  -2.5947835938825298E-003  -4.8108889592159928E-006  -1.8865535914178093E-018  -4.1296079515920336E-005  -2.6747412213542214E-005   2.7343035412530685E-018   3.1558301171884224E-005
  -3.0438814477543510E-018  -4.5440381938083164E-017   8.9717817065902372E-017  -2.0700871816092410E-005   2.2439822664781654E-007   1.8867941159472156E-020   1.9262067966920513E-006   1.2476014140569697E-006  -7.8997535644596962E-020  -1.4719996407028241E-006  -3.6539381092094897E-016  -4.3521714827102411E-017   6.7687585500238712E-016  -1.5694348740209887E-004  -3.8909565083201238E-016  -3.3426377885608554E-017   6.9810574875721620E-016  -1.2997091765200032E-004   7.5801183545631738E-008   6.1578070324320868E-020   6.5066804276865040E-007   4.2143676974093410E-007  -7.1427133040084090E-020  -4.9723795326946523E-007  -1.0753649239676939E-017   1.0008272469830679E-019  -4.0271013865246213E-018  -8.3075223155443189E-018  -6.6272408263952381E-019   2.1632758227871615E-017  -5.6093237642933625E-019   1.3676974271442900E-017   6.8355649445890534E-019  -7.1025093951261301E-018  -2.5050568800839634E-016  -2.0124153417009710E-017   4.4559278049420499E-016   5.4482169708086062E-005   3.4707093579840069E-005   5.2411157593376013E-008   2.4422374128192245E-020   4.4989093488714013E-007   2.9139372133184873E-007  -2.9619369076579094E-020  -3.4380487891587916E-007
  -2.9637608871892353E-019   4.6804301911764771E-019   2.5247360541299030E-018  -2.2717868750577014E-018   1.8867941159472156E-020   5.1543701465720413E-031   1.6196008784964171E-019   1.0490131951077122E-019   3.7734369738310660E-032  -1.2376926066988308E-019  -1.0969275451304366E-017   4.4641098929883365E-019   1.9830572931599402E-017  -1.5798658746376571E-017  -1.1653054285845952E-017   3.4330599181998074E-019   2.0495616090671995E-017  -1.4921289709981972E-017   1.0319604028404871E-019  -1.3391658046823589E-032   8.8582212590333945E-019   5.7374573632875931E-019   2.4388995651835404E-031  -6.7694177659694960E-019  -3.0188356654045488E-019  -9.7092762187093456E-022  -1.2449944647853715E-019  -2.3939342540404381E-019   6.8096106071534707E-021   6.4441273105547306E-019   5.9174075066690797E-021   4.0182986392121829E-019  -6.9681076398771000E-021  -2.0670988854300462E-019  -7.4707152001793221E-018   2.0646737647327387E-019   1.3080209626357342E-017  -4.5733576748799021E-016  -5.8262196425206375E-016  -1.8815335931991589E-020  -3.5144699960122274E-031  -1.6150853107859208E-019  -1.0460884682509418E-019  -4.0223415485535816E-033   1.2342418276960217E-019
   1.3436870994185489E-018   8.5490266989380892E-018  -1.5727443316330510E-018  -1.7769373931902430E-004   1.9262067966920513E-006   1.6196008784964171E-019   1.6534322392154047E-005   1.0709257195204010E-005  -6.7810513635743680E-019  -1.2635463991879213E-005   3.2611750908680074E-018   6.5959495080614953E-018  -1.8899643864718412E-018  -1.3471836058888893E-003   1.1997491703920552E-017   5.4448459390286598E-018  -5.4607948060373069E-018  -1.1156543823606206E-003   6.5066804280994284E-007   5.2857858708649003E-019   5.5852545053256216E-006   3.6175614325388813E-006  -6.1312173088341120E-019  -4.2682294752020347E-006  -4.0807124373755208E-018   3.2217996347548999E-020   2.9615079775268376E-019  -1.8960525886109886E-018   1.1058777302175793E-019  -2.0910921056221420E-018   2.2452032842156597E-019   1.2360433742475946E-019  -6.6747162065792926E-020   4.6037882764039860E-019   3.2024319076542774E-019   3.0924067743114227E-018  -1.9539869146477872E-018   4.6766824835326088E-004   2.9792142542855099E-004   4.4989093491050188E-007   2.0963865775416626E-019   3.8618084888419960E-006   2.5012878886232449E-006  -2.5424902362798357E-019  -2.9511788234535257E-006
   6.2509674059456717E-018  -4.9288575283240206E-017   5.8765244664919026E-017  -1.1509198328248313E-004   1.2476014140569697E-006   1.0490131951077122E-019   1.0709257195204010E-005   6.9363707174024403E-006  -4.3920773639269155E-019  -8.1839721314485003E-006  -2.1577839589724948E-016  -4.8019641221515673E-017   4.1939394419056745E-016  -8.7256891346649125E-004  -2.2693777034921295E-016  -3.6687664325623414E-017   4.2939737231499557E-016  -7.2260776331094234E-004   4.2143676976207875E-007   3.4235960220968998E-019   3.6175614324908075E-006   2.3430894161654482E-006  -3.9711807670511826E-019  -2.7645261858324517E-006  -8.9968430420371115E-018   1.3460037034477633E-019  -2.1296690110329786E-018  -6.1586683229367049E-018  -7.2603872705890749E-019   1.2100679177846855E-017  -5.4773360993929181E-019   8.5061087907423020E-018   7.7300030307263185E-019  -4.2518873697416160E-018  -1.5059972381842954E-016  -2.2182291842155198E-017   2.7483971402502196E-016   3.0290806208122591E-004   1.9296328529162457E-004   2.9139372134373086E-007   1.3578266170755638E-019   2.5012878885953538E-006   1.6200806227912215E-006  -1.6467673250120984E-019  -1.9114743440829935E-006
   1.6133595105940244E-017  -2.9426879604568836E-018  -2.4208263251956613E-017   7.2236627280286157E-018  -7.8997535644596962E-020   3.7734369738310660E-032  -6.7810513635743680E-019  -4.3920773639269155E-019   2.5303308614690988E-031   5.1820527203542115E-019   1.5004704400856315E-016  -2.8066826978862653E-018  -2.4262624272070548E-016   5.4937560094697101E-017   1.5593179019892851E-016  -2.1584392195156988E-018  -2.5268165133525707E-016   4.5274798789923029E-017  -1.5036832208762997E-020   4.1995314258657786E-032  -1.2907431947259336E-019  -8.3601253912939287E-020   1.3314427380524699E-031   9.8638086111684261E-020   3.7464444874424601E-018   6.1044325143045276E-021   1.8654625524956904E-018   3.0866409961670468E-018  -4.2813498611657319E-020  -8.1130237249110403E-018  -3.7204024239553175E-020  -5.0203557391114287E-018   4.3810003828496700E-020   2.3515185423381447E-018   9.9606169079226408E-017  -1.2981051701615631E-018  -1.6146549844143874E-016  -7.4751444796941723E-017  -8.2662461593521311E-017  -2.1244687170130340E-020  -5.0963105740148252E-032  -1.8236178346277117E-019  -1.1811546886476085E-019   6.4045323226825681E-033   1.3936015602930606E-019
   9.0471234924602727E-018  -5.6403879291965851E-017   4.6875756579189742E-017   1.3579285509839444E-004  -1.4719996407028241E-006  -1.2376926066988308E-019  -1.2635463991879213E-005  -8.1839721314485003E-006   5.1820527203542115E-019   9.6559717721384527E-006  -1.4882692070273217E-016  -5.2606417355418896E-017   2.9924368566387613E-016   1.0295124008672172E-003  -1.6865306016511525E-016  -4.0740742960868422E-017   3.0973149832610829E-016   8.5257868096180517E-004  -4.9723795330702881E-007  -4.0393767253383319E-019  -4.2682294752536063E-006  -2.7645261859025928E-006   4.6854520974419796E-019   3.2617641390974455E-006  -1.3535317353418713E-018   7.8833055337227329E-020  -1.6985373727267358E-018  -1.9629571023863028E-018  -8.1008585285054126E-019   1.1009729715865357E-017  -8.0208696759191484E-019   5.8191405909440186E-018   7.9347114804057091E-019  -3.6622277187846911E-018  -1.0290866734611801E-016  -2.4362640656266985E-017   1.9626090074190967E-016  -3.5739023178892504E-004  -2.2767037887127460E-004  -3.4380487893665301E-007  -1.6020503583560296E-019  -2.9511788234785988E-006  -1.9114743441205471E-006   1.9429610157755127E-019   2.2552792229958952E-006
   4.9424033489060673E-002   4.0318770972430906E-016   6.9417015520599479E-003  -3.7154401969692155E-016  -3.6539381092094897E-016  -1.0969275451304366E-017   3.2611750908680074E-018  -2.1577839589724948E-016   1.5004704400856315E-016  -1.4882692070273217E-016  0.13943062335963369       -6.3512859261161852E-015 -0.14384236917178558        7.1506184334542212E-016  0.13501206946077066       -7.7129909077541577E-015 -0.15591813866071486        2.3876094681316183E-015  -1.0622004206833982E-015   4.6853539452521870E-017   2.2719866597200042E-017  -1.1360802226487828E-015   5.2490622692547908E-017  -1.1572092262743015E-015   2.3897213194888915E-003   2.4619391883066655E-016   2.1965384553143254E-003   2.3324081945648918E-003  -3.8083592622862817E-016  -5.5385557851908660E-003  -5.7383664195271849E-017  -3.3077262284854883E-003   4.6618118650516613E-016   8.2823046552363722E-004   8.5191375931124885E-002  -4.3679094640055301E-015 -0.10028188078163554       -2.1756365263894134E-016   4.6503319138814966E-016  -7.3299844119031850E-016   2.4958074402320658E-019  -1.1782435285745126E-017  -6.9971580056568035E-016  -2.6406752694684684E-018  -7.2410437826853164E-016
   2.9159435411796454E-016   5.3681921940983868E-002  -4.8618750808909467E-016   7.3419584665172962E-017  -4.3521714827102411E-017   4.4641098929883365E-019   6.5959495080614953E-018  -4.8019641221515673E-017  -2.8066826978862653E-018  -5.2606417355418896E-017  -6.3512859261161852E-015   5.1200848858312317E-002   1.0212763419110734E-014   1.5761468696756164E-016  -6.6650579516106550E-015   3.9375281121474939E-002   1.1172624550369410E-014   1.5817722234312071E-016  -6.9249079136808241E-017   1.2926513266076566E-018   6.7754603235453890E-019  -6.9297043281536161E-017   9.5198729417696054E-019  -6.9959440986916462E-017  -2.9287977236215955E-016  -1.1135997907750226E-004  -8.1170622925092349E-017  -1.3059834265389766E-016   7.8102432923478750E-004   3.0082172679690234E-016   6.7869361344237271E-004   1.2098508969498626E-016  -7.9920305425386232E-004  -1.2254126623317669E-016  -4.4422917997111423E-015   2.3680655697057323E-002   7.1074797688034701E-015  -6.3789984924623443E-016  -7.4912594712139089E-016  -3.5380092886785124E-017  -3.6061533414248287E-019  -3.5365728628111455E-019  -3.4477003756009578E-017  -2.6454803942175072E-019  -3.4074374372569679E-017
   6.9417015520598785E-003  -6.8340419594358518E-016   4.2364758285341572E-002   5.9992231873766958E-016   6.7687585500238712E-016   1.9830572931599402E-017  -1.8899643864718412E-018   4.1939394419056745E-016  -2.4262624272070548E-016   2.9924368566387613E-016 -0.14384236917178558        1.0212763419110734E-014  0.28570929326833311       -1.5534005257660154E-015 -0.15591813866074633        1.2701924101241869E-014  0.29357103973667892       -5.1277458961479556E-015   2.1452009170790134E-015  -7.1694529617263570E-017  -4.1869030292619508E-017   2.2624707480541962E-015  -8.6610523092576075E-017   2.3019088866845574E-015  -4.3019621048287432E-003  -3.5344754353442217E-016  -1.4869625443881590E-003  -3.3077262284772870E-003   5.6349686451764721E-016   9.0794140503258711E-003  -7.7980218135986562E-017   5.6961583601935336E-003  -9.0533562945970131E-016  -3.1373493249127345E-003 -0.10028188078162728        6.9606199533494102E-015  0.18717176057817295        9.2047757285581055E-016  -3.9228683612405583E-016   1.4704859341765841E-015  -5.9354326827045660E-020   1.9468133154252601E-017   1.4166916993297704E-015   4.2487005858417353E-018   1.4561473322928606E-015
  -5.6603152506129693E-017   3.8693108148607114E-017  -7.4342851340345363E-017   1.4480829122175253E-002  -1.5694348740209887E-004  -1.5798658746376571E-017  -1.3471836058888893E-003  -8.7256891346649125E-004   5.4937560094697101E-017   1.0295124008672172E-003   7.1506184334542212E-016   1.5761468696756164E-016  -1.5534005257660154E-015  0.10977904934671071        7.1533617580994164E-017   9.5554978491289896E-017  -1.3242607312351801E-015   9.0921571883455843E-002  -5.3506841032679371E-005  -4.2999243377974013E-017  -4.5929614685389893E-004  -2.9748546380258916E-004   4.8655705745900127E-017   3.5099230482323756E-004   3.4821422936571434E-016  -5.1002466137452704E-018  -1.3197894742267168E-017   1.7148252305204389E-016   1.6757870882294488E-018   1.1063617102102145E-016  -6.6032060563572251E-018  -4.4685672109255526E-017  -5.9009022785140831E-018  -2.0639320828203448E-017   6.3034832464375474E-016   6.9124827779547698E-017  -9.6965522106152253E-016  -3.5758861219546356E-002  -2.1300414849040116E-002  -3.6538283517725791E-005  -1.5285763279451742E-017  -3.1364013476830265E-004  -2.0314427107115675E-004   2.0725006146495159E-017   2.3968255458228825E-004
   4.0840316338942605E-002   3.4772248252419180E-016   7.2222745370961738E-004  -4.7984601820619324E-016  -3.8909565083201238E-016  -1.1653054285845952E-017   1.1997491703920552E-017  -2.2693777034921295E-016   1.5593179019892851E-016  -1.6865306016511525E-016  0.13501206946077066       -6.6650579516106550E-015 -0.15591813866074633        7.1533617580994164E-017  0.13274856441050814       -8.0984283295106479E-015 -0.16705446327121889        2.0494025978835616E-015  -1.1558676512635284E-015   4.8198351762633562E-017   2.2453774412338437E-017  -1.2333240576028854E-015   5.4759217673376898E-017  -1.2534090819492824E-015   2.5364763941315678E-003   2.5059664093056698E-016   2.0325543936807033E-003   2.3677022773059293E-003  -3.9052713743346287E-016  -5.7707424616974924E-003  -3.9896835465508424E-017  -3.4795559357598789E-003   5.0393721379710384E-016   1.0785312705431313E-003   8.3993162064103982E-002  -4.5599468634038978E-015 -0.10724523867216880        2.6417705900414691E-015   4.0015732656212827E-015  -7.9591773018116727E-016   2.1767126314111698E-019  -9.0313275221913586E-018  -7.5959903026837298E-016  -2.7416636803925718E-018  -7.8955429350887490E-016
   3.5718652460966041E-017   4.1283314919575861E-002   1.8131261450121874E-016   5.3416176968832403E-017  -3.3426377885608554E-017   3.4330599181998074E-019   5.4448459390286598E-018  -3.6687664325623414E-017  -2.1584392195156988E-018  -4.0740742960868422E-017  -7.7129909077541577E-015   3.9375281121474939E-002   1.2701924101241869E-014   9.5554978491289896E-017  -8.0984283295106479E-015   3.0280997248417214E-002   1.3620479148738701E-014   1.0370183340614265E-016  -5.3414476558567716E-017   9.9409502990880833E-019  -8.4774393240423199E-019  -5.4178471322250739E-017   7.3211222407501891E-019  -5.2755275977507130E-017  -2.9952696844257934E-016  -8.5639800503939378E-005  -9.6035166441719934E-017  -1.6042212580786798E-016   6.0063559905879332E-004   3.9100312353051984E-016   5.2193962445027981E-004   1.9224148626577428E-016  -6.1461568774905844E-004  -1.4312469145393059E-016  -5.3187536176643572E-015   1.8211269852044871E-002   8.6768688724386037E-015   3.5061834311732450E-016   4.8356850650651376E-016  -2.7156664070998867E-017  -2.7732606929693490E-019   1.7344881804691439E-019  -2.6225546610811491E-017  -2.0344688915585503E-019  -2.6544801855037730E-017
   7.2222745370859737E-004  -1.5126351786574587E-016   4.0105856305297255E-002   6.5963081931912635E-016   6.9810574875721620E-016   2.0495616090671995E-017  -5.4607948060373069E-018   4.2939737231499557E-016  -2.5268165133525707E-016   3.0973149832610829E-016 -0.15591813866071486        1.1172624550369410E-014  0.29357103973667892       -1.3242607312351801E-015 -0.16705446327121889        1.3620479148738701E-014  0.30263247851949288       -5.0270103418898500E-015   2.2019491971148840E-015  -7.4970572050828859E-017  -4.4268164603562118E-017   2.3236866592486146E-015  -9.0070174495477840E-017   2.3658443728462825E-015  -4.4474563625810509E-003  -3.7259843254558074E-016  -1.7032763709939427E-003  -3.4795559357503683E-003   5.9888962286074276E-016   9.4464447880036537E-003  -6.1362714374385161E-017   5.9061924807650565E-003  -9.3981419031823163E-016  -3.1326687083888158E-003 -0.10724523867213823        7.5029569715262933E-015  0.19305484505311157        7.9893241854160780E-016  -5.2614568982636872E-016   1.5099715699483902E-015  -8.7601372767173406E-020   1.9476298450414361E-017   1.4535383957693688E-015   4.4263776218534304E-018   1.4957114335417409E-015
  -2.5051641356540051E-016   6.5645833134898099E-017  -6.8989107430039088E-016   1.1994034720081878E-002  -1.2997091765200032E-004  -1.4921289709981972E-017  -1.1156543823606206E-003  -7.2260776331094234E-004   4.5274798789923029E-017   8.5257868096180517E-004   2.3876094681316183E-015   1.5817722234312071E-016  -5.1277458961479556E-015   9.0921571883455843E-002   2.0494025978835616E-015   1.0370183340614265E-016  -5.0270103418898500E-015   7.5309958890881809E-002  -4.4658299523375705E-005  -3.5561099783619408E-017  -3.8334135411974469E-004  -2.4828965212568023E-004   3.9375458708138020E-017   2.9294795163904252E-004   3.3841074653797158E-016  -4.9642549318418433E-018   5.6655553492784770E-018   1.8229566813620421E-016   1.8689120192039822E-018  -3.1086608968144024E-017  -3.3525290610763197E-018  -1.1252448695489271E-016  -5.6646283942182067E-018   2.6275361526473526E-017   1.7946136536488946E-015   6.9771141041275726E-017  -3.3065706981655074E-015  -2.7956716319542260E-002  -1.5539773135189956E-002  -3.0175471607346086E-005  -1.1391008949783690E-017  -2.5902253938743167E-004  -1.6776853189958229E-004   1.7169741496143015E-017   1.9794400350142639E-004
   6.6222350092056286E-017  -7.2783436102086947E-017   3.2553199740306026E-016  -7.0930704163814996E-006   7.5801183545631738E-008   1.0319604028404871E-019   6.5066804280994284E-007   4.2143676976207875E-007  -1.5036832208762997E-020  -4.9723795330702881E-007  -1.0622004206833982E-015  -6.9249079136808241E-017   2.1452009170790134E-015  -5.3506841032679371E-005  -1.1558676512635284E-015  -5.3414476558567716E-017   2.2019491971148840E-015  -4.4658299523375705E-005   4.3898930929151282E-008   1.8260429785388508E-020   3.7682302744485221E-007   2.4406774116990443E-007   2.4245864818411129E-020  -2.8796667209064221E-007  -3.2016611774541461E-017   1.8829281880175018E-019  -1.0749061738850538E-017  -2.4586563277326790E-017  -1.0590684111187594E-018   6.7974370769720970E-017  -1.0046976170963322E-018   4.2650414028751772E-017   1.1005884217036521E-018  -2.3718391337045168E-017  -7.4357578611586802E-016  -3.2012595475411711E-017   1.4036973296758681E-015  -6.8869797211948495E-005  -9.8906970819314456E-005   1.3316803259976957E-008  -5.8537961576017839E-020   1.1430980239704044E-007   7.4038297112943290E-008  -1.0351456363114472E-020  -8.7355100367603666E-008
   6.7539069752908369E-018   1.3552901789587716E-018  -6.0921369748837964E-018  -5.6666759483297542E-018   6.1578070324320868E-020  -1.3391658046823589E-032   5.2857858708649003E-019   3.4235960220968998E-019   4.1995314258657786E-032  -4.0393767253383319E-019   4.6853539452521870E-017   1.2926513266076566E-018  -7.1694529617263570E-017  -4.2999243377974013E-017   4.8198351762633562E-017   9.9409502990880833E-019  -7.4970572050828859E-017  -3.5561099783619408E-017   1.8260429785388508E-020   3.7001231461728346E-032   1.5674528487717714E-019   1.0152369901148530E-019  -3.1342482406728335E-033  -1.1978412879423270E-019   1.1154546159248104E-018  -2.8114694949544352E-021   6.0558604957681848E-019   9.3712576848512621E-019   1.9718269478035263E-020  -2.4336651767105598E-018   1.7134758882751527E-020  -1.4999991073104326E-018  -2.0177221888636384E-020   6.6665613235102560E-019   3.0735746981005356E-017   5.9785788095853891E-019  -4.7939111707459430E-017   2.7070771652115380E-017   2.4887926018226041E-017   1.4991688091828275E-020   1.6018020966752249E-032   1.2868680794503547E-019   8.3350263242384846E-020  -9.2332743957340874E-033  -9.8341951333036221E-020
   5.5689211346762114E-019  -8.2363743800907328E-019  -6.1421359007703654E-018  -6.0886044639003058E-005   6.5066804276865040E-007   8.8582212590333945E-019   5.5852545053256216E-006   3.6175614324908075E-006  -1.2907431947259336E-019  -4.2682294752536063E-006   2.2719866597200042E-017   6.7754603235453890E-019  -4.1869030292619508E-017  -4.5929614685389893E-004   2.2453774412338437E-017  -8.4774393240423199E-019  -4.4268164603562118E-017  -3.8334135411974469E-004   3.7682302744485221E-007   1.5674528487717714E-019   3.2346025519817624E-006   2.0950474916507973E-006   2.0812352353634348E-019  -2.4718705190234292E-006   2.5624705936355529E-018   3.2195480808764193E-019   5.1601999388097857E-019   1.1155815945921750E-018  -1.3133439388156637E-020  -8.3654663093667626E-019  -7.3580246910343315E-019  -8.5648999371149534E-019   1.5824632574494484E-019   7.6427822572243815E-019   1.6812300235015347E-017   4.4607069357014055E-019  -2.7943048147747578E-017  -5.9116987443923793E-004  -8.4900528079505724E-004   1.1430980240335796E-007  -5.0248266723114108E-019   9.8122129385541442E-007   6.3553564230371457E-007  -8.8855629115131658E-020  -7.4984544466143564E-007
   5.7500972922246127E-017  -7.3648595351701807E-017   3.3632781715730766E-016  -3.9435804877980133E-005   4.2143676974093410E-007   5.7374573632875931E-019   3.6175614325388813E-006   2.3430894161654482E-006  -8.3601253912939287E-020  -2.7645261859025928E-006  -1.1360802226487828E-015  -6.9297043281536161E-017   2.2624707480541962E-015  -2.9748546380258916E-004  -1.2333240576028854E-015  -5.4178471322250739E-017   2.3236866592486146E-015  -2.4828965212568023E-004   2.4406774116990443E-007   1.0152369901148530E-019   2.0950474916507973E-006   1.3569592930615623E-006   1.3480131142080976E-019  -1.6010270341846896E-006  -3.2808541193414996E-017   3.6020268840588195E-019  -1.1540492501534454E-017  -2.5765518178873888E-017  -1.0722667221947317E-018   7.2190258457361926E-017  -1.4009633292740220E-018   4.5080004160127154E-017   1.1910156747723390E-018  -2.4668221422872524E-017  -7.9174859162832295E-016  -3.1964287597836703E-017   1.4816673430004121E-015  -3.8289989038026536E-004  -5.4989951789631932E-004   7.4038297116450311E-008  -3.2545731188252352E-019   6.3553564229869442E-007   4.1163553539301932E-007  -5.7551665128979966E-020  -4.8567383247991067E-007
   4.9128227316678354E-018   9.9811836628699124E-019  -9.0938154233795344E-018   6.3237977308901097E-018  -7.1427133040084090E-020   2.4388995651835404E-031  -6.1312173088341120E-019  -3.9711807670511826E-019   1.3314427380524699E-031   4.6854520974419796E-019   5.2490622692547908E-017   9.5198729417696054E-019  -8.6610523092576075E-017   4.8655705745900127E-017   5.4759217673376898E-017   7.3211222407501891E-019  -9.0070174495477840E-017   3.9375458708138020E-017   2.4245864818411129E-020  -3.1342482406728335E-033   2.0812352353634348E-019   1.3480131142080976E-019   1.7810263158949848E-031  -1.5904717623972585E-019   1.3337912706949040E-018  -2.0705376476201106E-021   6.4275750009841377E-019   1.0911712244471996E-018   1.4521736542393026E-020  -2.8806399938985800E-018   1.2619081734644343E-020  -1.7850844286268529E-018  -1.4859737095543427E-020   8.5144022157166216E-019   3.5001446559287494E-017   4.4029901542702490E-019  -5.7541745573790799E-017  -2.4812158838026132E-016  -3.0359096878560661E-016  -2.8284855895497964E-020  -1.8434155517835077E-031  -2.4279372651264992E-019  -1.5725715278392453E-019   7.1533931240144299E-033   1.8554200868084395E-019
   5.7060097756940863E-017  -7.2177222661724821E-017   3.4252216162975606E-016   4.6528875292769626E-005  -4.9723795326946523E-007  -6.7694177659694960E-019  -4.2682294752020347E-006  -2.7645261858324517E-006   9.8638086111684261E-020   3.2617641390974455E-006  -1.1572092262743015E-015  -6.9959440986916462E-017   2.3019088866845574E-015   3.5099230482323756E-004  -1.2534090819492824E-015  -5.2755275977507130E-017   2.3658443728462825E-015   2.9294795163904252E-004  -2.8796667209064221E-007  -1.1978412879423270E-019  -2.4718705190234292E-006  -1.6010270341846896E-006  -1.5904717623972585E-019   1.8889937062201408E-006  -3.6126724161359105E-017  -9.5003510571102105E-020  -1.2144121800329375E-017  -2.7102421129836021E-017  -1.0492355296943164E-018   7.2731029190182130E-017  -3.5818765002368906E-019   4.5890142812134662E-017   9.6299591148086090E-019  -2.5542926322550599E-017  -8.0803945071689146E-016  -3.2458011425898814E-017   1.5081355191302275E-015   4.5176968758378519E-004   6.4880648870233113E-004  -8.7355100373065665E-008   3.8399527345077517E-019  -7.4984544466687920E-007  -4.8567383248727276E-007   6.7903121489888044E-020   5.7302893282546313E-007
   7.2264373488480321E-005  -1.3112121108413199E-016  -5.4344810442046010E-004   3.2858477342208845E-017  -1.0753649239676939E-017  -3.0188356654045488E-019  -4.0807124373755208E-018  -8.9968430420371115E-018   3.7464444874424601E-018  -1.3535317353418713E-018   2.3897213194888915E-003  -2.9287977236215955E-016  -4.3019621048287432E-003   3.4821422936571434E-016   2.5364763941315678E-003  -2.9952696844257934E-016  -4.4474563625810509E-003   3.3841074653797158E-016  -3.2016611774541461E-017   1.1154546159248104E-018   2.5624705936355529E-018  -3.2808541193414996E-017   1.3337912706949040E-018  -3.6126724161359105E-017   6.5523082072537015E-005   5.8436623330194523E-018   2.7226454188982654E-005   5.2033484325313952E-005  -1.0869442877616983E-017  -1.3994192369156115E-004  -9.3904089583969468E-019  -8.7237560070740455E-005   1.5774681790115340E-017   4.4729637385462903E-005   1.6258924293875104E-003  -1.7015955112341693E-016  -2.8384773250635926E-003  -1.9731414118761614E-015  -2.4044581597116255E-015  -2.2321523139383885E-017   1.6276537769099156E-021  -2.0569209619567934E-018  -2.2424235340983186E-017  -6.5649060731368074E-020  -2.0552501609604705E-017
   4.3135441282549477E-017  -1.1675622255269617E-004  -2.0375722586638837E-017  -8.5677277037440032E-019   1.0008272469830679E-019  -9.7092762187093456E-022   3.2217996347548999E-020   1.3460037034477633E-019   6.1044325143045276E-021   7.8833055337227329E-020   2.4619391883066655E-016  -1.1135997907750226E-004  -3.5344754353442217E-016  -5.1002466137452704E-018   2.5059664093056698E-016  -8.5639800503939378E-005  -3.7259843254558074E-016  -4.9642549318418433E-018   1.8829281880175018E-019  -2.8114694949544352E-021   3.2195480808764193E-019   3.6020268840588195E-019  -2.0705376476201106E-021  -9.5003510571102105E-020   5.8436623330194523E-018   2.4220389342487366E-007   3.3182238619597004E-018   4.7720620889902658E-018  -1.6986994337396816E-006  -1.2127758523767682E-017  -1.4761338586812694E-006  -7.2977392136072570E-018   1.7382374977155719E-006   3.1681342812156077E-018   1.5990440140833581E-016  -5.1504562556441202E-005  -2.3837786898793310E-016  -1.6830904844531659E-016  -2.1431377204901065E-016   6.9619939627884190E-020   7.8432520073264121E-022  -6.2154680345164747E-020   3.4230523061361005E-020   5.7538233821427952E-022   1.2219669660229370E-019
   1.1072784947386675E-003   2.8597565751663183E-018   3.9034945756379871E-004  -7.2816682268117873E-018  -4.0271013865246213E-018  -1.2449944647853715E-019   2.9615079775268376E-019  -2.1296690110329786E-018   1.8654625524956904E-018  -1.6985373727267358E-018   2.1965384553143254E-003  -8.1170622925092349E-017  -1.4869625443881590E-003  -1.3197894742267168E-017   2.0325543936807033E-003  -9.6035166441719934E-017  -1.7032763709939427E-003   5.6655553492784770E-018  -1.0749061738850538E-017   6.0558604957681848E-019   5.1601999388097857E-019  -1.1540492501534454E-017   6.4275750009841377E-019  -1.2144121800329375E-017   2.7226454188982654E-005   3.3182238619597004E-018   3.9023643245089228E-005   3.1629022437213557E-005  -5.0602928725714603E-018  -6.8157143849411039E-005  -1.7072690763679534E-018  -3.9151433749667407E-005   4.9655326374381886E-018   9.5249418345126819E-008   1.2717491315597101E-003  -5.5755470833276062E-017  -1.1048257939683299E-003  -9.4392482581417977E-017  -1.1671055412635058E-016  -7.4934230430151369E-018   5.0558804929439544E-021  -1.3275385779759616E-019  -7.0734601407537947E-018  -3.2950945132347894E-020  -7.3926178468900385E-018
   4.4644477562641064E-004   8.1638821716357810E-018  -2.0903228468917203E-004   1.2409818693232198E-017  -8.3075223155443189E-018  -2.3939342540404381E-019  -1.8960525886109886E-018  -6.1586683229367049E-018   3.0866409961670468E-018  -1.9629571023863028E-018   2.3324081945648918E-003  -1.3059834265389766E-016  -3.3077262284772870E-003   1.7148252305204389E-016   2.3677022773059293E-003  -1.6042212580786798E-016  -3.4795559357503683E-003   1.8229566813620421E-016  -2.4586563277326790E-017   9.3712576848512621E-019   1.1155815945921750E-018  -2.5765518178873888E-017   1.0911712244471996E-018  -2.7102421129836021E-017   5.2033484325313952E-005   4.7720620889902658E-018   3.1629022437213557E-005   4.4935472519257401E-005  -7.4956669362360772E-018  -1.1474571735433280E-004  -6.3550200823766218E-020  -7.0325592539815379E-005   1.0589671986692617E-017   2.8842720415124036E-005   1.5064656812148727E-003  -8.9329841081589887E-017  -2.2271506196215648E-003  -7.6903957824257799E-016  -9.2262902911845360E-016  -1.7039524029729551E-017   2.8742697426931785E-021  -1.0030769899161861E-018  -1.6757651606338357E-017  -5.4182067655721713E-020  -1.6189308352950664E-017
  -4.7785333853045619E-017   8.1887093692557832E-004   1.9842298217273816E-017   1.0299329517524935E-018  -6.6272408263952381E-019   6.8096106071534707E-021   1.1058777302175793E-019  -7.2603872705890749E-019  -4.2813498611657319E-020  -8.1008585285054126E-019  -3.8083592622862817E-016   7.8102432923478750E-004   5.6349686451764721E-016   1.6757870882294488E-018  -3.9052713743346287E-016   6.0063559905879332E-004   5.9888962286074276E-016   1.8689120192039822E-018  -1.0590684111187594E-018   1.9718269478035263E-020  -1.3133439388156637E-020  -1.0722667221947317E-018   1.4521736542393026E-020  -1.0492355296943164E-018  -1.0869442877616983E-017  -1.6986994337396816E-006  -5.0602928725714603E-018  -7.4956669362360772E-018   1.1913845501755151E-005   1.8681215611816540E-017   1.0352879610680651E-005   1.0490608574212801E-017  -1.2191146109673912E-005  -5.4640978034564983E-018  -2.5161692751857925E-016   3.6122776563364534E-004   3.8261727909008483E-016   5.4672038813360752E-018   7.6600907639538409E-018  -5.3867127503808551E-019  -5.5008726562179461E-021   3.3712004927100521E-021  -5.2023896339660147E-019  -4.0354497952014172E-021  -5.2647377854694499E-019
  -5.4339760652006620E-004  -6.5754673999307094E-017   9.3814442692454619E-004   4.0775025634049235E-017   2.1632758227871615E-017   6.4441273105547306E-019  -2.0910921056221420E-018   1.2100679177846855E-017  -8.1130237249110403E-018   1.1009729715865357E-017  -5.5385557851908660E-003   3.0082172679690234E-016   9.0794140503258711E-003   1.1063617102102145E-016  -5.7707424616974924E-003   3.9100312353051984E-016   9.4464447880036537E-003  -3.1086608968144024E-017   6.7974370769720970E-017  -2.4336651767105598E-018  -8.3654663093667626E-019   7.2190258457361926E-017  -2.8806399938985800E-018   7.2731029190182130E-017  -1.3994192369156115E-004  -1.2127758523767682E-017  -6.8157143849411039E-005  -1.1474571735433280E-004   1.8681215611816540E-017   3.0249750992145834E-004  -1.6288102771205966E-018   1.8736706124621673E-004  -2.8277214473898428E-017  -8.8853826297015712E-005  -3.6878292789617982E-003   2.1461551573343405E-016   6.0353675705051967E-003  -6.9356462672640151E-016  -8.9246246945360029E-016   4.6536371484298068E-017  -5.0579964392093693E-021  -1.0532696626503746E-019   4.4337587887773058E-017   1.4225952512907057E-019   4.6719333641682878E-017
  -6.4975115375307887E-017   7.1158151458543327E-004  -7.2087756970448313E-017   5.5673794306546151E-021  -5.6093237642933625E-019   5.9174075066690797E-021   2.2452032842156597E-019  -5.4773360993929181E-019  -3.7204024239553175E-020  -8.0208696759191484E-019  -5.7383664195271849E-017   6.7869361344237271E-004  -7.7980218135986562E-017  -6.6032060563572251E-018  -3.9896835465508424E-017   5.2193962445027981E-004  -6.1362714374385161E-017  -3.3525290610763197E-018  -1.0046976170963322E-018   1.7134758882751527E-020  -7.3580246910343315E-019  -1.4009633292740220E-018   1.2619081734644343E-020  -3.5818765002368906E-019  -9.3904089583969468E-019  -1.4761338586812694E-006  -1.7072690763679534E-018  -6.3550200823766218E-020   1.0352879610680651E-005  -1.6288102771205966E-018   8.9964332857478330E-006  -2.1207056685712641E-018  -1.0593847970504400E-005   1.6222266117452483E-018  -2.5744025366353657E-017   3.1389928374422470E-004  -3.8282367626117999E-017   4.3509571615872750E-016   5.4988454885758075E-016  -4.4314729359519280E-019  -4.7801419240503686E-021   2.1706843315564601E-019  -3.1337916699220131E-019  -3.5067204706166600E-021  -6.2113869902134549E-019
  -2.0903228468910340E-004  -1.0896894858284300E-016   6.5901750192862098E-004   1.0565773551087562E-017   1.3676974271442900E-017   4.0182986392121829E-019   1.2360433742475946E-019   8.5061087907423020E-018  -5.0203557391114287E-018   5.8191405909440186E-018  -3.3077262284854883E-003   1.2098508969498626E-016   5.6961583601935336E-003  -4.4685672109255526E-017  -3.4795559357598789E-003   1.9224148626577428E-016   5.9061924807650565E-003  -1.1252448695489271E-016   4.2650414028751772E-017  -1.4999991073104326E-018  -8.5648999371149534E-019   4.5080004160127154E-017  -1.7850844286268529E-018   4.5890142812134662E-017  -8.7237560070740455E-005  -7.2977392136072570E-018  -3.9151433749667407E-005  -7.0325592539815379E-005   1.0490608574212801E-017   1.8736706124621673E-004  -2.1207056685712641E-018   1.1645219041370992E-004  -1.6704080684624817E-017  -5.7616582204251815E-005  -2.2271506196270318E-003   1.0255480135582270E-016   3.7713382093987734E-003   6.0957305595003910E-017   4.3330028792123312E-017   2.9275596792773110E-017  -2.6257271508328216E-021   4.5928134724467850E-019   2.8193288905051068E-017   8.7999325978773678E-020   2.8927527133471635E-017
  -2.9384997245937419E-017  -8.3793056033457894E-004  -1.0660064498863545E-016  -1.6352538898895701E-018   6.8355649445890534E-019  -6.9681076398771000E-021  -6.6747162065792926E-020   7.7300030307263185E-019   4.3810003828496700E-020   7.9347114804057091E-019   4.6618118650516613E-016  -7.9920305425386232E-004  -9.0533562945970131E-016  -5.9009022785140831E-018   5.0393721379710384E-016  -6.1461568774905844E-004  -9.3981419031823163E-016  -5.6646283942182067E-018   1.1005884217036521E-018  -2.0177221888636384E-020   1.5824632574494484E-019   1.1910156747723390E-018  -1.4859737095543427E-020   9.6299591148086090E-019   1.5774681790115340E-017   1.7382374977155719E-006   4.9655326374381886E-018   1.0589671986692617E-017  -1.2191146109673912E-005  -2.8277214473898428E-017  -1.0593847970504400E-005  -1.6704080684624817E-017   1.2474901025493575E-005   1.0198947905540252E-017   3.2675347172302062E-016  -3.6963551936795294E-004  -5.9883832350552598E-016  -7.6048821199471402E-017  -9.7976414195418449E-017   5.4886404161885284E-019   5.6289081700894515E-021  -2.3579476833164109E-020   5.1930973146638148E-019   4.1293768719968936E-021   5.5411083586670310E-019
  -6.6951319540103666E-004  -1.8276207108727860E-017  -7.8215195158877178E-004  -1.0917216233674695E-017  -7.1025093951261301E-018  -2.0670988854300462E-019   4.6037882764039860E-019  -4.2518873697416160E-018   2.3515185423381447E-018  -3.6622277187846911E-018   8.2823046552363722E-004  -1.2254126623317669E-016  -3.1373493249127345E-003  -2.0639320828203448E-017   1.0785312705431313E-003  -1.4312469145393059E-016  -3.1326687083888158E-003   2.6275361526473526E-017  -2.3718391337045168E-017   6.6665613235102560E-019   7.6427822572243815E-019  -2.4668221422872524E-017   8.5144022157166216E-019  -2.5542926322550599E-017   4.4729637385462903E-005   3.1681342812156077E-018   9.5249418345126819E-008   2.8842720415124036E-005  -5.4640978034564983E-018  -8.8853826297015712E-005   1.6222266117452483E-018  -5.7616582204251815E-005   1.0198947905540252E-017   4.2873870088525176E-005   7.1211422437290938E-004  -7.7832828991881685E-017  -1.9875010079142574E-003  -9.1767646769214877E-017  -1.0701549648791200E-016  -1.6221399978872357E-017  -1.8113293563339123E-021  -1.2257183645292114E-019  -1.5663544158171160E-017  -4.1030640541259632E-020  -1.6143494211691234E-017
