   2.6533566147262419E-004   1.5116334767907263E-003  -1.5311969297339093E-003  -2.8850521953750093E-017   1.2464420159861065E-003   7.1010563291273613E-003  -7.1929576950836927E-003   1.4361575785719122E-017   9.1566648013526400E-018  -2.3775341846501013E-018  -4.8215839328962976E-019   1.0565797466004389E-017  -3.4079213559248756E-018   2.3410915964135943E-018   1.1809058464999644E-003   6.7276927669673728E-003  -6.8147620882570877E-003   1.5141468951741243E-017   8.6019676149996647E-005   2.0793803268356979E-004  -2.1062915191326565E-004  -5.6454478102647104E-005   1.1217902591423492E-004  -5.8953027861475757E-005   9.5346661092263375E-005   3.2578705425740994E-004  -3.3585900206206822E-004  -8.5833632595780138E-005  -3.9661372763522883E-018   1.2572754455122694E-019  -2.4798217832442821E-019  -5.5222578540271038E-019  -1.1487866667789473E-018  -6.8540099880865404E-019   7.2478172110636437E-004   4.1291257530547271E-003  -4.1825646048711399E-003   5.1072258311525439E-016   6.8679681538695108E-016  -1.2705720132156650E-018  -3.3122365702335739E-019  -1.4020909672278823E-019  -1.7762709292195164E-018   5.3453571535716016E-019  -2.1197071860066900E-018
   1.5116334767907263E-003   8.6118682859001074E-003  -8.7233224727455740E-003  -1.6432995447283259E-016   7.1010563291264090E-003   4.0455151818305730E-002  -4.0978719515807706E-002   7.8828403070832282E-017   5.2266699406134059E-017  -1.3576102621903863E-017  -2.7153376590534228E-018   6.0145685104859855E-017  -1.9235404354728852E-017   1.3285030048128982E-017   6.7276927669649607E-003   3.8328076790235650E-002  -3.8824116034008996E-002   8.5130887381922329E-017   4.9005935127362265E-004   1.1846356782875137E-003  -1.1999671489803941E-003  -3.2162461141136545E-004   6.3909076535205033E-004  -3.3585900206172464E-004   5.4319575441673373E-004   1.8560287553783942E-003  -1.9134092574696335E-003  -4.8899944977702785E-004  -1.8980299828963965E-017  -4.0268256780510762E-019  -2.7932804953310138E-019  -4.8816661656768766E-018  -8.7421934771859366E-020  -5.7841958352975342E-018   4.1291257530545631E-003   2.3523881726091416E-002  -2.3828326130279746E-002   6.9264232350137991E-017   1.1035897449681562E-016  -8.9211672126624239E-018  -1.3661731866578987E-018  -1.3263485402832066E-018  -9.3116752009396430E-018   3.9691234469149308E-020  -1.1201309371025215E-017
  -1.5311969297339093E-003  -8.7233224727455740E-003   8.8362190917501259E-003   1.6645802841771589E-016  -7.1929576950823231E-003  -4.0978719515805395E-002   4.1509063189210209E-002  -7.9968036877648728E-017  -5.2939112301222585E-017   1.3750559570917775E-017   2.7517394712742088E-018  -6.0926015841937551E-017   1.9491526487039954E-017  -1.3459053415083213E-017  -6.8147620882544968E-003  -3.8824116034008156E-002   3.9326574982394114E-002  -8.6277819432431839E-017  -4.9640166454281698E-004  -1.1999671489798644E-003   1.2154970384760163E-003   3.2578705425701752E-004  -6.4736183258253509E-004   3.4020566537876662E-004  -5.5022575523613188E-004  -1.8800493475222835E-003   1.9381724639904558E-003   4.9532804587643770E-004   1.9370333869393404E-017   3.6320025721071502E-019   3.2821531700706463E-019   4.8755204620241382E-018   3.4647196815624317E-019   5.7839860163694178E-018  -4.1825646048705917E-003  -2.3828326130277563E-002   2.4136710632291589E-002  -1.8361079866111300E-016  -2.6366228109585166E-016   8.9694158388363080E-018   1.4046571619470301E-018   1.3224417579701982E-018   9.4644535508684424E-018  -1.6025504383692524E-019   1.1381217093845687E-017
  -2.8850521953750093E-017  -1.6432995447283259E-016   1.6645802841771589E-016   5.4263670362400655E-011  -1.3549123351807941E-016  -7.7194647955270610E-016   7.8194227062407519E-016  -4.8828983942394618E-009   1.6430055663960275E-010  -5.0855991874312135E-011   5.1514166507503662E-011  -7.8881963412709675E-011   2.9347935434394152E-010  -8.5418593273133471E-011  -1.2838161665298595E-016  -7.3138324148554940E-016   7.4084379873073151E-016  -1.8467576702801972E-009  -9.3502346785432206E-018  -2.2601269029466877E-017   2.2896125733250989E-017   6.1369644014984056E-018  -1.2194940854072661E-017   6.4096930496179360E-018  -1.0356561150654542E-017  -3.5417901150415235E-017   3.6514101434967232E-017   9.3198061020967515E-018   5.9028806466646101E-009  -1.8271201040296908E-009   1.8507665624555942E-009  -2.8340184878476059E-009   1.0543930197744840E-008  -3.0688621588336164E-009  -7.8785862619398079E-017  -4.4886939375448176E-016   4.5467760541436197E-016  -4.6379376449955151E-006  -6.2087796556079877E-006  -2.7475393790947810E-009   8.5044654240744092E-010  -8.6145296107368944E-010   1.3191148292973469E-009  -4.9077501584600027E-009   1.4284245498617925E-009
   1.2464420159861065E-003   7.1010563291264090E-003  -7.1929576950823231E-003  -1.3549123351807941E-016   5.8552917108573542E-003   3.3357954665364911E-002  -3.3789670942094285E-002   6.4125649044137870E-017   4.3126753577566867E-017  -1.1203495247931032E-017  -2.2297595580794404E-018   4.9579992046443706E-017  -1.5808359964895962E-017   1.0939105842530060E-017   5.5474287015620802E-003   3.1604040289394515E-002  -3.2013057531014300E-002   6.9865658570751753E-017   4.0408642381429763E-004   9.7681065266469881E-004  -9.8945246665722614E-004  -2.6520081434649919E-004   5.2697270482174883E-004  -2.7693801311258850E-004   4.4790091090581306E-004   1.5304187550103498E-003  -1.5777327830489077E-003  -4.0321246476374324E-004  -1.4594436098333556E-017  -6.5892699603116811E-019   1.0079459586916328E-019  -4.5322892525269530E-018   1.8143205129372415E-018  -5.3185004825965941E-018   3.4047379255083819E-003   1.9397000008717986E-002  -1.9648034603240081E-002  -7.7265657630814846E-016  -1.0198092614854553E-015  -7.8476537614773909E-018  -9.7434768697030784E-019  -1.2477841278613162E-018  -7.4420917986332983E-018  -8.4531340373244931E-019  -8.9806639356785045E-018
   7.1010563291273613E-003   4.0455151818305730E-002  -4.0978719515805395E-002  -7.7194647955270610E-016   3.3357954665364911E-002  0.19004230607216105      -0.19250182008078587        3.6934492522347192E-016   2.4556057953366905E-016  -6.3785157547607651E-017  -1.2745457407052859E-017   2.8252514085674768E-016  -9.0302639581922038E-017   6.2391028712145549E-017   3.1604040289387424E-002  0.18005014869901703      -0.18238034491759408        3.9954826253006174E-016   2.3021050482407227E-003   5.5649499764143101E-003  -5.6369711632099639E-003  -1.5108652444735379E-003   3.0021957001275822E-003  -1.5777327830475052E-003   2.5517188584928819E-003   8.7188891637961247E-003  -8.9884400726636393E-003  -2.2971260501262955E-003  -8.8001722807897081E-017  -2.2507667819472046E-018  -9.4840166267751723E-019  -2.3489168051896096E-017   1.6617522734347064E-018  -2.7775054443141868E-017   1.9397000008719818E-002  0.11050589430669965      -0.11193605373120426       -5.8621791579913815E-016  -7.0192251868069257E-016  -4.2448149027841370E-017  -6.2505848087962213E-018  -6.3999808899865481E-018  -4.3483293900065797E-017  -7.7817223686627347E-019  -5.2338563017217932E-017
  -7.1929576950836927E-003  -4.0978719515807706E-002   4.1509063189210209E-002   7.8194227062407519E-016  -3.3789670942094285E-002 -0.19250182008078587       0.19499316494477995       -3.7460319681543571E-016  -2.4872251533172549E-016   6.4605679634408840E-017   1.2915453558101170E-017  -2.8618928691196834E-016   9.1500073575384092E-017  -6.3206854948714594E-017  -3.2013057531008228E-002 -0.18238034491760041       0.18474069836990553       -4.0490006097665691E-016  -2.3318987280402303E-003  -5.6369711632077929E-003   5.7099244430805244E-003   1.5304187550087976E-003  -3.0410499033505910E-003   1.5981516885111050E-003  -2.5847430224711508E-003  -8.8317284072320645E-003   9.1047678247906140E-003   2.3268552920863326E-003   8.9718768742697225E-017   2.1009461175937510E-018   1.1419416947430112E-018   2.3515596654836109E-017  -6.5057572889019332E-019   2.7833949864365356E-017  -1.9648034603241247E-002 -0.11193605373120033       0.11338472217725827        1.3956056246765048E-016   1.0291280496407898E-016   4.2728413262529809E-017   6.4147729980177151E-018   6.3984374428836894E-018   4.4175246992084199E-017   3.0757344154811694E-019   5.3155826273149046E-017
   1.4361575785719122E-017   7.8828403070832282E-017  -7.9968036877648728E-017  -4.8828983942394618E-009   6.4125649044137870E-017   3.6934492522347192E-016  -3.7460319681543571E-016   4.3938599378244302E-007  -1.4784531138978293E-008   4.5762595748148691E-009  -4.6354852010594014E-009   7.0981673357145864E-009  -2.6408642439738349E-008   7.6863638074246329E-009   6.2042752960849857E-017   3.5214097663782745E-016  -3.5625269779241819E-016   1.6617987693307304E-007   4.3975359515500476E-018   1.0509411733455589E-017  -1.0857129596524117E-017  -2.9248710315201370E-018   5.8443339253127828E-018  -3.1551237548292333E-018   4.1989741247852884E-018   1.7126791514514508E-017  -1.7766930192248710E-017  -3.4696533646691388E-018  -5.3116875873839552E-007   1.6441279704203399E-007  -1.6654061576690410E-007   2.5501821441744086E-007  -9.4879206451938073E-007   2.7615054432244952E-007   3.7319579957122252E-017   2.1454841442755061E-016  -2.1723293066213205E-016   4.1734328194325724E-004   5.5869497968131262E-004   2.4723642047603772E-007  -7.6527150275208174E-008   7.7517559211294283E-008  -1.1870011075138262E-007   4.4162227154979769E-007  -1.2853630973044634E-007
   9.1566648013526400E-018   5.2266699406134059E-017  -5.2939112301222585E-017   1.6430055663960275E-010   4.3126753577566867E-017   2.4556057953366905E-016  -2.4872251533172549E-016  -1.4784531138978293E-008   4.9747230019272610E-010  -1.5398272394044040E-010   1.5597555741221316E-010  -2.3884028505585972E-010   8.8860228139583558E-010  -2.5863201527687394E-010   4.0815845736931960E-017   2.3257479551942993E-016  -2.3559975769935424E-016  -5.5916474351822437E-009   2.9772103974824044E-018   7.2009707605966180E-018  -7.2870417008170870E-018  -1.9526301549799673E-018   3.8789231987903440E-018  -2.0356573430724720E-018   3.3227501702720826E-018   1.1259878903583173E-017  -1.1604263179011680E-017  -3.0016727959434631E-018   1.7872852491307723E-008  -5.5321884445821366E-009   5.6037856339352405E-009  -8.5808942146848020E-009   3.1925109176893376E-008  -9.2919582766732219E-009   2.5076297180995016E-017   1.4279603810337397E-016  -1.4464719508789676E-016  -1.4042834398104643E-005  -1.8799059235327100E-005  -8.3190511507915247E-009   2.5749979567653114E-009  -2.6083233971823712E-009   3.9940405666934384E-009  -1.4859777775773070E-008   4.3250105842929502E-009
  -2.3775341846501013E-018  -1.3576102621903863E-017   1.3750559570917775E-017  -5.0855991874312135E-011  -1.1203495247931032E-017  -6.3785157547607651E-017   6.4605679634408840E-017   4.5762595748148691E-009  -1.5398272394044040E-010   4.7662310570723451E-011  -4.8279152807415567E-011   7.3928292420230479E-011  -2.7504928362043739E-010   8.0054431563546483E-011  -1.0601008821661058E-017  -6.0408346935164579E-017   6.1194789093000336E-017   1.7307840115929507E-009  -7.7346832367268633E-019  -1.8709880501678631E-018   1.8929973022593715E-018   5.0722124379367305E-019  -1.0075468067918139E-018   5.2861983836128308E-019  -8.6436850539633492E-019  -2.9244857011786151E-018   3.0137458937564335E-018   7.8136041847040843E-019  -5.5321884457306520E-009   1.7123796555477870E-009  -1.7345411512507623E-009   2.6560463055129754E-009  -9.8817869281355248E-009   2.8761421402332459E-009  -6.5142831239672625E-018  -3.7092100261632751E-017   3.7573103381302635E-017   4.3466819994338357E-006   5.8188774479542075E-006   2.5749979572781538E-009  -7.9703975351025704E-010   8.0735498531300409E-010  -1.2362763630252643E-009   4.5995506848857771E-009  -1.3387215943132063E-009
  -4.8215839328962976E-019  -2.7153376590534228E-018   2.7517394712742088E-018   5.1514166507503662E-011  -2.2297595580794404E-018  -1.2745457407052859E-017   1.2915453558101170E-017  -4.6354852010594014E-009   1.5597555741221316E-010  -4.8279152807415567E-011   4.8903978172504338E-011  -7.4885067127651716E-011   2.7860895190502974E-010  -8.1090490328458855E-011  -2.1261180369995943E-018  -1.2098694495790418E-017   1.2250573239540314E-017  -1.7531836952876336E-009  -1.5358606256391031E-019  -3.6999299303305821E-019   3.7701489442113712E-019   1.0120724067648839E-019  -2.0144783172871164E-019   1.0674992651188851E-019  -1.6311396691282718E-019  -5.8666199318551115E-019   6.0596644406032561E-019   1.4356514344546381E-019   5.6037856354976730E-009  -1.7345411513742814E-009   1.7569894595799275E-009  -2.6904206680697250E-009   1.0009676312394839E-008  -2.9133649674437186E-009  -1.2968968189927695E-018  -7.4089301994601641E-018   7.5038438293154141E-018  -4.4029364490107524E-006  -5.8941849464169050E-006  -2.6083233978710557E-009   8.0735498536537817E-010  -8.1780371616515267E-010   1.2522761638701382E-009  -4.6590777430218643E-009   1.3560472340620149E-009
   1.0565797466004389E-017   6.0145685104859855E-017  -6.0926015841937551E-017  -7.8881963412709675E-011   4.9579992046443706E-017   2.8252514085674768E-016  -2.8618928691196834E-016   7.0981673357145864E-009  -2.3884028505585972E-010   7.3928292420230479E-011  -7.4885067127651716E-011   1.1466906146023526E-010  -4.2662480324562165E-010   1.2417122366284313E-010   4.6993965011907450E-017   2.6770615987957310E-016  -2.7116359440064734E-016   2.6845930252466374E-009   3.4211721979722232E-018   8.2681528056583662E-018  -8.3785787038347245E-018  -2.2459324374330785E-018   4.4633495677343711E-018  -2.3469608862064424E-018   3.7812141961307633E-018   1.2964814962825680E-017  -1.3367419351317198E-017  -3.3989368228781126E-018  -8.5808942168870645E-009   2.6560463056432311E-009  -2.6904206680100779E-009   4.1197534404940965E-009  -1.5327490944309155E-008   4.4611407764171167E-009   2.8830311511485405E-017   1.6427932980968519E-016  -1.6640393248642440E-016   6.7420730145903023E-006   9.0255732124342453E-006   3.9940405676448103E-009  -1.2362763630735229E-009   1.2522761638377847E-009  -1.9175696558464914E-009   7.1342938259223760E-009  -2.0764709118918751E-009
  -3.4079213559248756E-018  -1.9235404354728852E-017   1.9491526487039954E-017   2.9347935434394152E-010  -1.5808359964895962E-017  -9.0302639581922038E-017   9.1500073575384092E-017  -2.6408642439738349E-008   8.8860228139583558E-010  -2.7504928362043739E-010   2.7860895190502974E-010  -4.2662480324562165E-010   1.5872522232815351E-009  -4.6197747840030015E-010  -1.5054636443244085E-017  -8.5687824368284319E-017   8.6770004225131998E-017  -9.9879946395792636E-009  -1.0892915565554636E-018  -2.6259124672338369E-018   2.6726211024696351E-018   7.1722989562468601E-019  -1.4271342407513826E-018   7.5503159766810635E-019  -1.1668090959280191E-018  -4.1538883972053467E-018   4.2889594589659577E-018   1.0317382743458897E-018   3.1925109182309219E-008  -9.8817869277603752E-009   1.0009676311302031E-008  -1.5327490942975588E-008   5.7025737588621978E-008  -1.6597618239423476E-008  -9.1941622206201840E-018  -5.2496093655730423E-017   5.3169955581687609E-017  -2.5083797989527054E-005  -3.3579531801339413E-005  -1.4859777778135852E-008   4.5995506847010726E-009  -4.6590777425325291E-009   7.1342938253573935E-009  -2.6543050592910494E-008   7.7254839531265335E-009
   2.3410915964135943E-018   1.3285030048128982E-017  -1.3459053415083213E-017  -8.5418593273133471E-011   1.0939105842530060E-017   6.2391028712145549E-017  -6.3206854948714594E-017   7.6863638074246329E-009  -2.5863201527687394E-010   8.0054431563546483E-011  -8.1090490328458855E-011   1.2417122366284313E-010  -4.6197747840030015E-010   1.3446079168681963E-010   1.0386487508555215E-017   5.9149356075240096E-017  -5.9907066676419127E-017   2.9070544115093075E-009   7.5444317830485376E-019   1.8216241567453528E-018  -1.8489029456019218E-018  -4.9581739237839676E-019   9.8579104105674089E-019  -5.1952458271603813E-019   8.2443161724244074E-019   2.8655968990029128E-018  -2.9561246159118164E-018  -7.3674600682819595E-019  -9.2919582794507554E-009   2.8761421404958724E-009  -2.9133649675022793E-009   4.4611407766056932E-009  -1.6597618241569149E-008   4.8308175028712135E-009   6.3614323780250359E-018   3.6275344754647687E-017  -3.6743205596280677E-017   7.3007613874665248E-006   9.7734860281836192E-006   4.3250105854880086E-009  -1.3387215944164901E-009   1.3560472340786673E-009  -2.0764709119710209E-009   7.7254839540327976E-009  -2.2485396736182966E-009
   1.1809058464999644E-003   6.7276927669649607E-003  -6.8147620882544968E-003  -1.2838161665298595E-016   5.5474287015620802E-003   3.1604040289387424E-002  -3.2013057531008228E-002   6.2042752960849857E-017   4.0815845736931960E-017  -1.0601008821661058E-017  -2.1261180369995943E-018   4.6993965011907450E-017  -1.5054636443244085E-017   1.0386487508555215E-017   5.2557526966335736E-003   2.9942344266403818E-002  -3.0329855956280516E-002   6.6679634066481120E-017   3.8284012754178975E-004   9.2545132132969331E-004  -9.3742844650894182E-004  -2.5125692823389496E-004   4.9926522059477794E-004  -2.6237700158399097E-004   4.2435091047767604E-004   1.4499514876792020E-003  -1.4947778106172913E-003  -3.8201212002987611E-004  -1.5385024881605020E-017  -1.4205083545718124E-019  -3.9297674297361663E-019  -3.5460070659200213E-018  -1.0639270365718382E-018  -4.2288982662345097E-018   3.2257215903076755E-003   1.8377133008255598E-002  -1.8614968556594651E-002   4.9205670113171687E-016   6.7249033960036686E-016  -6.7098787472342914E-018  -1.1475756970309518E-018  -9.5481463246931802E-019  -7.3989502506897792E-018   4.9443152124879930E-019  -8.8854764755415781E-018
   6.7276927669673728E-003   3.8328076790235650E-002  -3.8824116034008156E-002  -7.3138324148554940E-016   3.1604040289394515E-002  0.18005014869901703      -0.18238034491760041        3.5214097663782745E-016   2.3257479551942993E-016  -6.0408346935164579E-017  -1.2098694495790418E-017   2.6770615987957310E-016  -8.5687824368284319E-017   5.9149356075240096E-017   2.9942344266403818E-002  0.17058336491785503      -0.17279104269405177        3.7937857044197024E-016   2.1810636001181340E-003   5.2723527274791612E-003  -5.3405871414896567E-003  -1.4314260732467856E-003   2.8443444694165616E-003  -1.4947778106162981E-003   2.4175530670274871E-003   8.2604622248461726E-003  -8.5158405257447240E-003  -2.1763463907272193E-003  -8.6053236686449668E-017  -1.3033414266622723E-018  -1.7383491729822873E-018  -2.0968162134629602E-017  -3.2100870834159376E-018  -2.4922138798275912E-017   1.8377133008261461E-002  0.10469564968593985      -0.10605061333780998        1.5491384932709907E-015   2.1523106411968289E-015  -3.8969547730290256E-017  -6.3078407411615325E-018  -5.6725816640801724E-018  -4.1795571591487050E-017   1.4897083427584236E-018  -5.0234844031573073E-017
  -6.8147620882570877E-003  -3.8824116034008996E-002   3.9326574982394114E-002   7.4084379873073151E-016  -3.2013057531014300E-002 -0.18238034491759408       0.18474069836990553       -3.5625269779241819E-016  -2.3559975769935424E-016   6.1194789093000336E-017   1.2250573239540314E-017  -2.7116359440064734E-016   8.6770004225131998E-017  -5.9907066676419127E-017  -3.0329855956280516E-002 -0.17279104269405177       0.17502729207900919       -3.8411990727595466E-016  -2.2092907701049096E-003  -5.3405871414874155E-003   5.4097046404309301E-003   1.4499514876780066E-003  -2.8811557732386132E-003   1.5141231187267268E-003  -2.4488408668749285E-003  -8.3673685394430684E-003   8.6260519281483247E-003   2.2045125109255645E-003   8.6628175417419139E-017   1.4869704990564390E-018   1.5919272308450742E-018   2.1498191571200929E-017   2.2892868979512392E-018   2.5524774510255019E-017  -1.8614968556599290E-002 -0.10605061333780257       0.10742311283288478       -1.1458825908475974E-015  -1.6134901406505607E-015   3.9724656867414321E-017   6.3118560796067067E-018   5.8246206565521836E-018   4.2216091246464566E-017  -1.0610575013413838E-018   5.0754607447944136E-017
   1.5141468951741243E-017   8.5130887381922329E-017  -8.6277819432431839E-017  -1.8467576702801972E-009   6.9865658570751753E-017   3.9954826253006174E-016  -4.0490006097665691E-016   1.6617987693307304E-007  -5.5916474351822437E-009   1.7307840115929507E-009  -1.7531836952876336E-009   2.6845930252466374E-009  -9.9879946395792636E-009   2.9070544115093075E-009   6.6679634066481120E-017   3.7937857044197024E-016  -3.8411990727595466E-016   6.2850777877013821E-008   4.8110235673377509E-018   1.1584115456791125E-017  -1.1814105362776773E-017  -3.1721286439672722E-018   6.3155005522576521E-018  -3.3506451841653377E-018   5.0772406247038350E-018   1.8399478984091317E-017  -1.9010161821888625E-017  -4.4532815834948284E-018  -2.0089297384737621E-007   6.2182451797031456E-008  -6.2987212665239475E-008   9.6450264886153347E-008  -3.5884199939922431E-007   1.0444270896178823E-007   4.0637531878297192E-017   2.3224689969827159E-016  -2.3521776902208425E-016   1.5784311792722998E-004   2.1130364709016385E-004   9.3507117908780159E-008  -2.8943281294190944E-008   2.9317863182191904E-008  -4.4893487902970788E-008   1.6702565802174191E-007  -4.8613630007999679E-008
   8.6019676149996647E-005   4.9005935127362265E-004  -4.9640166454281698E-004  -9.3502346785432206E-018   4.0408642381429763E-004   2.3021050482407227E-003  -2.3318987280402303E-003   4.3975359515500476E-018   2.9772103974824044E-018  -7.7346832367268633E-019  -1.5358606256391031E-019   3.4211721979722232E-018  -1.0892915565554636E-018   7.5444317830485376E-019   3.8284012754178975E-004   2.1810636001181340E-003  -2.2092907701049096E-003   4.8110235673377509E-018   2.7886883519099553E-005   6.7411828969524110E-005  -6.8284268065477868E-005  -1.8302085353528006E-005   3.6367533208347720E-005  -1.9112094983994763E-005   3.0910616626578798E-005   1.0561752892750587E-004  -1.0888277297177755E-004  -2.7826569703027193E-005  -9.7344809785354053E-019  -5.5919300592547804E-020   1.7536551514333493E-020  -3.2898471511510752E-019   1.8548794556705904E-019  -3.8458542184594963E-019   2.3496837395692134E-004   1.3386291842154986E-003  -1.3559536279090568E-003  -7.9836961022356423E-017  -1.0587372485541355E-016  -5.5729084969688783E-019  -6.2380005557490642E-020  -9.1037068701904943E-020  -5.0605381075163190E-019  -8.6393636057433852E-020  -6.1160911845105343E-019
   2.0793803268356979E-004   1.1846356782875137E-003  -1.1999671489798644E-003  -2.2601269029466877E-017   9.7681065266469881E-004   5.5649499764143101E-003  -5.6369711632077929E-003   1.0509411733455589E-017   7.2009707605966180E-018  -1.8709880501678631E-018  -3.6999299303305821E-019   8.2681528056583662E-018  -2.6259124672338369E-018   1.8216241567453528E-018   9.2545132132969331E-004   5.2723527274791612E-003  -5.3405871414874155E-003   1.1584115456791125E-017   6.7411828969524110E-005   1.6295670622011132E-004  -1.6506568032194957E-004  -4.4242198910202932E-005   8.7912366650993401E-005  -4.6200260327689552E-005   7.4721192848470041E-005   2.5531253040048151E-004  -2.6320570616196248E-004  -6.7266030510159343E-005  -2.2070056833712670E-018  -1.8041040088484809E-019   8.8212017749777371E-020  -8.6542819625434879E-019   7.0942720100878884E-019  -1.0056476541503644E-018   5.6799634235151050E-004   3.2359098698907800E-003  -3.2777887852763030E-003  -3.0781614080475665E-016  -4.0964575132065747E-016  -1.4151786934023392E-018  -1.2973818644925445E-019  -2.4139415978402659E-019  -1.1906415859211113E-018  -3.3034568024423181E-019  -1.4430974707599957E-018
  -2.1062915191326565E-004  -1.1999671489803941E-003   1.2154970384760163E-003   2.2896125733250989E-017  -9.8945246665722614E-004  -5.6369711632099639E-003   5.7099244430805244E-003  -1.0857129596524117E-017  -7.2870417008170870E-018   1.8929973022593715E-018   3.7701489442113712E-019  -8.3785787038347245E-018   2.6726211024696351E-018  -1.8489029456019218E-018  -9.3742844650894182E-004  -5.3405871414896567E-003   5.4097046404309301E-003  -1.1814105362776773E-017  -6.8284268065477868E-005  -1.6506568032194957E-004   1.6720194861661605E-004   4.4814778301835715E-005  -8.9050122247549333E-005   4.6798180810923140E-005  -7.5688229211877070E-005  -2.5861676701018630E-004   2.6661209569098156E-004   6.8136582692821714E-005   2.4914973460240008E-018   1.0352756964303617E-019  -9.1107318839179955E-021   7.5375514028538243E-019  -2.6145974159123841E-019   8.8560728862829433E-019  -5.7534731061629704E-004  -3.2777887852774496E-003   3.3202096946073137E-003   1.1071473330232870E-016   1.4575586875897273E-016   1.3143699081781650E-018   1.6828970743669326E-019   2.0716860648845376E-019   1.2632431001086020E-018   1.2183769901031576E-019   1.5237055473475708E-018
  -5.6454478102647104E-005  -3.2162461141136545E-004   3.2578705425701752E-004   6.1369644014984056E-018  -2.6520081434649919E-004  -1.5108652444735379E-003   1.5304187550087976E-003  -2.9248710315201370E-018  -1.9526301549799673E-018   5.0722124379367305E-019   1.0120724067648839E-019  -2.2459324374330785E-018   7.1722989562468601E-019  -4.9581739237839676E-019  -2.5125692823389496E-004  -1.4314260732467856E-003   1.4499514876780066E-003  -3.1721286439672722E-018  -1.8302085353528006E-005  -4.4242198910202932E-005   4.4814778301835715E-005   1.2011608542001765E-005  -2.3867912541054572E-005   1.2543215646245908E-005  -2.0286553118865473E-005  -6.9316495259716333E-005   7.1459465992083375E-005   1.8262501561061657E-005   6.8575229068401933E-019   2.2188606544126163E-020   3.1896879906100979E-021   1.9340385464808978E-019  -3.7994820648554588E-020   2.2802930640130156E-019  -1.5420910094144930E-004  -8.7853867103708180E-004   8.8990865603252715E-004   1.5562050940110191E-017   2.0174203550606514E-017   3.4392736743703920E-019   4.7694115103170210E-020   5.2905677459052233E-020   3.4259820604583179E-019   1.7722314617348072E-020   4.1274200884317137E-019
   1.1217902591423492E-004   6.3909076535205033E-004  -6.4736183258253509E-004  -1.2194940854072661E-017   5.2697270482174883E-004   3.0021957001275822E-003  -3.0410499033505910E-003   5.8443339253127828E-018   3.8789231987903440E-018  -1.0075468067918139E-018  -2.0144783172871164E-019   4.4633495677343711E-018  -1.4271342407513826E-018   9.8579104105674089E-019   4.9926522059477794E-004   2.8443444694165616E-003  -2.8811557732386132E-003   6.3155005522576521E-018   3.6367533208347720E-005   8.7912366650993401E-005  -8.9050122247549333E-005  -2.3867912541054572E-005   4.7427224012121520E-005  -2.4924253315559030E-005   4.0310810488654684E-005   1.3773676029535481E-004  -1.4199499413966658E-004  -3.6288877423543675E-005  -1.4018171061221796E-018  -3.1963243858826087E-020  -1.8622163417300305E-020  -3.6549695442506682E-019   5.5155241359227930E-021  -4.3274144711382210E-019   3.0642434953110606E-004   1.7457182433913106E-003  -1.7683112047349513E-003  -1.3966930696149187E-019   1.1217535926949979E-018  -6.6517176538640393E-019  -1.0041620665640271E-019  -9.9409617158354265E-020  -6.8952209078556320E-019  -2.6414482264006235E-021  -8.2962828706423894E-019
  -5.8953027861475757E-005  -3.3585900206172464E-004   3.4020566537876662E-004   6.4096930496179360E-018  -2.7693801311258850E-004  -1.5777327830475052E-003   1.5981516885111050E-003  -3.1551237548292333E-018  -2.0356573430724720E-018   5.2861983836128308E-019   1.0674992651188851E-019  -2.3469608862064424E-018   7.5503159766810635E-019  -5.1952458271603813E-019  -2.6237700158399097E-004  -1.4947778106162981E-003   1.5141231187267268E-003  -3.3506451841653377E-018  -1.9112094983994763E-005  -4.6200260327689552E-005   4.6798180810923140E-005   1.2543215646245908E-005  -2.4924253315559030E-005   1.3098350499691556E-005  -2.1184390883133623E-005  -7.2384289318481909E-005   7.4622103173777076E-005   1.9070759300829140E-005   8.3796349936102478E-019  -1.4549144464704183E-020   4.1538792497939484E-020   1.4345691298038995E-019   1.7799655913400891E-019   1.7476660731647260E-019  -1.6103405309610176E-004  -9.1742084050201256E-004   9.2929403576922048E-004  -7.9496573964557197E-017  -1.0710936373312523E-016   3.0242756992926075E-019   6.7361895835475866E-020   3.7462999276796695E-020   3.8499315474873500E-019  -8.2810815010578393E-020   4.6049799826775071E-019
   9.5346661092263375E-005   5.4319575441673373E-004  -5.5022575523613188E-004  -1.0356561150654542E-017   4.4790091090581306E-004   2.5517188584928819E-003  -2.5847430224711508E-003   4.1989741247852884E-018   3.3227501702720826E-018  -8.6436850539633492E-019  -1.6311396691282718E-019   3.7812141961307633E-018  -1.1668090959280191E-018   8.2443161724244074E-019   4.2435091047767604E-004   2.4175530670274871E-003  -2.4488408668749285E-003   5.0772406247038350E-018   3.0910616626578798E-005   7.4721192848470041E-005  -7.5688229211877070E-005  -2.0286553118865473E-005   4.0310810488654684E-005  -2.1184390883133623E-005   3.4262208596415475E-005   1.1706947976057473E-004  -1.2068876933718069E-004  -3.0843763073559082E-005  -2.6253828152241469E-019  -3.1470140755901413E-019   2.7542754387563885E-019  -7.5664445665734028E-019   1.6639881226510530E-018  -8.5075636285858080E-019   2.6044564362233603E-004   1.4837747462923122E-003  -1.5029776535269469E-003  -7.2999179625558990E-016  -9.7612333946134207E-016  -9.9774409112348809E-019   4.8486083273279136E-020  -2.2006029891435536E-019  -3.7847056478486346E-019  -7.7457862937133292E-019  -4.8035185827729788E-019
   3.2578705425740994E-004   1.8560287553783942E-003  -1.8800493475222835E-003  -3.5417901150415235E-017   1.5304187550103498E-003   8.7188891637961247E-003  -8.8317284072320645E-003   1.7126791514514508E-017   1.1259878903583173E-017  -2.9244857011786151E-018  -5.8666199318551115E-019   1.2964814962825680E-017  -4.1538883972053467E-018   2.8655968990029128E-018   1.4499514876792020E-003   8.2604622248461726E-003  -8.3673685394430684E-003   1.8399478984091317E-017   1.0561752892750587E-004   2.5531253040048151E-004  -2.5861676701018630E-004  -6.9316495259716333E-005   1.3773676029535481E-004  -7.2384289318481909E-005   1.1706947976057473E-004   4.0001108080479865E-004  -4.1237771930224972E-004  -1.0538909909204620E-004  -4.2571007673176942E-018  -3.5258915153999222E-020  -1.1239478727664788E-019  -9.7217303581016226E-019  -3.1619380880194997E-019  -1.1600632160009550E-018   8.8990865603348255E-004   5.0698639914442886E-003  -5.1354778106329456E-003   1.4572373600767581E-016   1.9888027216494256E-016  -1.8452046107725345E-018  -3.1842117768328161E-019  -2.6156036631485844E-019  -2.0440518187972970E-018   1.4695923361877420E-019  -2.4543882116168958E-018
  -3.3585900206206822E-004  -1.9134092574696335E-003   1.9381724639904558E-003   3.6514101434967232E-017  -1.5777327830489077E-003  -8.9884400726636393E-003   9.1047678247906140E-003  -1.7766930192248710E-017  -1.1604263179011680E-017   3.0137458937564335E-018   6.0596644406032561E-019  -1.3367419351317198E-017   4.2889594589659577E-018  -2.9561246159118164E-018  -1.4947778106172913E-003  -8.5158405257447240E-003   8.6260519281483247E-003  -1.9010161821888625E-017  -1.0888277297177755E-004  -2.6320570616196248E-004   2.6661209569098156E-004   7.1459465992083375E-005  -1.4199499413966658E-004   7.4622103173777076E-005  -1.2068876933718069E-004  -4.1237771930224972E-004   4.2512668157787948E-004   1.0864728105895873E-004   4.5224772286005490E-018  -5.0553557506552614E-021   1.5780973347504689E-019   9.3800685713846949E-019   5.6490493228447942E-019   1.1263840142659129E-018  -9.1742084050291483E-004  -5.2266025875034091E-003   5.2942449064543994E-003  -2.5532909064929821E-016  -3.4572581486144010E-016   1.8399885502031732E-018   3.4753735336095308E-019   2.5012533295075678E-019   2.1371376235855831E-018  -2.6271699970042939E-019   2.5626369346079201E-018
  -8.5833632595780138E-005  -4.8899944977702785E-004   4.9532804587643770E-004   9.3198061020967515E-018  -4.0321246476374324E-004  -2.2971260501262955E-003   2.3268552920863326E-003  -3.4696533646691388E-018  -3.0016727959434631E-018   7.8136041847040843E-019   1.4356514344546381E-019  -3.3989368228781126E-018   1.0317382743458897E-018  -7.3674600682819595E-019  -3.8201212002987611E-004  -2.1763463907272193E-003   2.2045125109255645E-003  -4.4532815834948284E-018  -2.7826569703027193E-005  -6.7266030510159343E-005   6.8136582692821714E-005   1.8262501561061657E-005  -3.6288877423543675E-005   1.9070759300829140E-005  -3.0843763073559082E-005  -1.0538909909204620E-004   1.0864728105895873E-004   2.7766386333815512E-005  -1.3886630208562701E-019   3.9944163156309149E-019  -3.6558930358422584E-019   8.6129309431225815E-019  -2.1681806468501888E-018   9.6094275565711949E-019  -2.3446018381513109E-004  -1.3357339939246734E-003   1.3530209682714050E-003   9.5196385557075614E-016   1.2733870035851018E-015   1.0728405269356969E-018  -9.7706208835210551E-020   2.5286155062475723E-019   2.5686126478338077E-019   1.0092524694131490E-018   3.4162939326753213E-019
  -3.9661372763522883E-018  -1.8980299828963965E-017   1.9370333869393404E-017   5.9028806466646101E-009  -1.4594436098333556E-017  -8.8001722807897081E-017   8.9718768742697225E-017  -5.3116875873839552E-007   1.7872852491307723E-008  -5.5321884457306520E-009   5.6037856354976730E-009  -8.5808942168870645E-009   3.1925109182309219E-008  -9.2919582794507554E-009  -1.5385024881605020E-017  -8.6053236686449668E-017   8.6628175417419139E-017  -2.0089297384737621E-007  -9.7344809785354053E-019  -2.2070056833712670E-018   2.4914973460240008E-018   6.8575229068401933E-019  -1.4018171061221796E-018   8.3796349936102478E-019  -2.6253828152241469E-019  -4.2571007673176942E-018   4.5224772286005490E-018  -1.3886630208562701E-019   6.4212390529541181E-007  -1.9875677095152438E-007   2.0132906694389319E-007  -3.0828863533338845E-007   1.1469839966294727E-006  -3.3383526996383045E-007  -8.5247812202234650E-018  -5.0907196744734391E-017   5.1454630032624570E-017  -5.0452157368350333E-004  -6.7540004249119030E-004  -2.9888131264421846E-007   9.2512806499689657E-008  -9.3710100661698726E-008   1.4349522147294565E-007  -5.3387216964062873E-007   1.5538609117827381E-007
   1.2572754455122694E-019  -4.0268256780510762E-019   3.6320025721071502E-019  -1.8271201040296908E-009  -6.5892699603116811E-019  -2.2507667819472046E-018   2.1009461175937510E-018   1.6441279704203399E-007  -5.5321884445821366E-009   1.7123796555477870E-009  -1.7345411513742814E-009   2.6560463056432311E-009  -9.8817869277603752E-009   2.8761421404958724E-009  -1.4205083545718124E-019  -1.3033414266622723E-018   1.4869704990564390E-018   6.2182451797031456E-008  -5.5919300592547804E-020  -1.8041040088484809E-019   1.0352756964303617E-019   2.2188606544126163E-020  -3.1963243858826087E-020  -1.4549144464704183E-020  -3.1470140755901413E-019  -3.5258915153999222E-020  -5.0553557506552614E-021   3.9944163156309149E-019  -1.9875677095152438E-007   6.1521232387233162E-008  -6.2317435800871165E-008   9.5424657413629160E-008  -3.5502623967607807E-007   1.0333211353845460E-007  -3.7126683670574696E-019  -1.3905204060032531E-018   1.4429993396249312E-018   1.5616468727259396E-004   2.0905674191387335E-004   9.2512806498908508E-008  -2.8635511837987475E-008   2.9006110595575474E-008  -4.4416111332618090E-008   1.6524958448609564E-007  -4.8096695168457432E-008
  -2.4798217832442821E-019  -2.7932804953310138E-019   3.2821531700706463E-019   1.8507665624555942E-009   1.0079459586916328E-019  -9.4840166267751723E-019   1.1419416947430112E-018  -1.6654061576690410E-007   5.6037856339352405E-009  -1.7345411512507623E-009   1.7569894595799275E-009  -2.6904206680100779E-009   1.0009676311302031E-008  -2.9133649675022793E-009  -3.9297674297361663E-019  -1.7383491729822873E-018   1.5919272308450742E-018  -6.2987212665239475E-008   1.7536551514333493E-020   8.8212017749777371E-020  -9.1107318839179955E-021   3.1896879906100979E-021  -1.8622163417300305E-020   4.1538792497939484E-020   2.7542754387563885E-019  -1.1239478727664788E-019   1.5780973347504689E-019  -3.6558930358422584E-019   2.0132906694389319E-007  -6.2317435800871165E-008   6.3123943622455656E-008  -9.6659636542456479E-008   3.5962096401745549E-007  -1.0466943040200333E-007   4.6569899668851584E-020  -4.6867572890709454E-019   4.3981210396549159E-019  -1.5818575954750424E-004  -2.1176233939781464E-004  -9.3710100660313311E-008   2.9006110595391569E-008  -2.9381505615740111E-008   4.4990941486230145E-008  -1.6738823285454728E-007   4.8719159176278232E-008
  -5.5222578540271038E-019  -4.8816661656768766E-018   4.8755204620241382E-018  -2.8340184878476059E-009  -4.5322892525269530E-018  -2.3489168051896096E-017   2.3515596654836109E-017   2.5501821441744086E-007  -8.5808942146848020E-009   2.6560463055129754E-009  -2.6904206680697250E-009   4.1197534404940965E-009  -1.5327490942975588E-008   4.4611407766056932E-009  -3.5460070659200213E-018  -2.0968162134629602E-017   2.1498191571200929E-017   9.6450264886153347E-008  -3.2898471511510752E-019  -8.6542819625434879E-019   7.5375514028538243E-019   1.9340385464808978E-019  -3.6549695442506682E-019   1.4345691298038995E-019  -7.5664445665734028E-019  -9.7217303581016226E-019   9.3800685713846949E-019   8.6129309431225815E-019  -3.0828863533338845E-007   9.5424657413629160E-008  -9.6659636542456479E-008   1.4801174958904318E-007  -5.5067585578745874E-007   1.6027688574521290E-007  -2.6170010472205650E-018  -1.3785284070208434E-017   1.4017178170295035E-017   2.4222469552131814E-004   3.2426476523706127E-004   1.4349522147029825E-007  -4.4416111332173669E-008   4.4990941486065231E-008  -6.8893161646746205E-008   2.5631614282490526E-007  -7.4602059826913265E-008
  -1.1487866667789473E-018  -8.7421934771859366E-020   3.4647196815624317E-019   1.0543930197744840E-008   1.8143205129372415E-018   1.6617522734347064E-018  -6.5057572889019332E-019  -9.4879206451938073E-007   3.1925109176893376E-008  -9.8817869281355248E-009   1.0009676312394839E-008  -1.5327490944309155E-008   5.7025737588621978E-008  -1.6597618241569149E-008  -1.0639270365718382E-018  -3.2100870834159376E-018   2.2892868979512392E-018  -3.5884199939922431E-007   1.8548794556705904E-019   7.0942720100878884E-019  -2.6145974159123841E-019  -3.7994820648554588E-020   5.5155241359227930E-021   1.7799655913400891E-019   1.6639881226510530E-018  -3.1619380880194997E-019   5.6490493228447942E-019  -2.1681806468501888E-018   1.1469839966294727E-006  -3.5502623967607807E-007   3.5962096401745549E-007  -5.5067585578745874E-007   2.0487826067133940E-006  -5.9630814084524200E-007   9.8639828203361556E-019   1.4380008282320607E-018  -1.6556050789299957E-018  -9.0119393811241523E-004  -1.2064229873265187E-003  -5.3387216963495001E-007   1.6524958448573321E-007  -1.6738823285524145E-007   2.5631614282690775E-007  -9.5362099086148394E-007   2.7755602682054770E-007
  -6.8540099880865404E-019  -5.7841958352975342E-018   5.7839860163694178E-018  -3.0688621588336164E-009  -5.3185004825965941E-018  -2.7775054443141868E-017   2.7833949864365356E-017   2.7615054432244952E-007  -9.2919582766732219E-009   2.8761421402332459E-009  -2.9133649674437186E-009   4.4611407764171167E-009  -1.6597618239423476E-008   4.8308175028712135E-009  -4.2288982662345097E-018  -2.4922138798275912E-017   2.5524774510255019E-017   1.0444270896178823E-007  -3.8458542184594963E-019  -1.0056476541503644E-018   8.8560728862829433E-019   2.2802930640130156E-019  -4.3274144711382210E-019   1.7476660731647260E-019  -8.5075636285858080E-019  -1.1600632160009550E-018   1.1263840142659129E-018   9.6094275565711949E-019  -3.3383526996383045E-007   1.0333211353845460E-007  -1.0466943040200333E-007   1.6027688574521290E-007  -5.9630814084524200E-007   1.7355838421955707E-007  -3.0726397635637491E-018  -1.6287950070405741E-017   1.6556665659301543E-017   2.6229687816360512E-004   3.5113527725602985E-004   1.5538609117476134E-007  -4.8096695167776338E-008   4.8719159175897220E-008  -7.4602059826603291E-008   2.7755602681722601E-007  -8.0784031351797821E-008
