   2.4292324622899986E-002  -8.1897708262958513E-017  -1.3615269020040777E-009  -1.7820418481006884E-008   5.6808245732056943E-002  -1.9805289661396317E-016  -1.3007847020579135E-009  -7.8023666993429098E-010  -3.8697296314587382E-017   1.3386180422199356E-010   3.9495429815864177E-010  -3.3055783829120144E-018   3.8528248483309868E-010  -1.1168849026555294E-008   5.0268606128819539E-002  -1.9720461493922708E-016  -1.3363634456829731E-009  -1.9703103618634378E-008  -1.9402056028466250E-010  -8.5787697894129560E-018  -2.5249999166298161E-011   9.5181852184344138E-011   1.6102885090075987E-018   9.8839362870159532E-011  -4.1651036301141832E-010   3.4120147871892105E-018   7.5754383078082335E-011   2.8256355321970866E-010   2.5168572390521916E-018   2.7625341635032242E-010   7.2446514164978339E-018  -1.9042555080745447E-011   1.1496370661670628E-018  -4.2270512660788700E-011   3.0865500038819178E-002  -1.0580251842817017E-016  -7.3523033141935205E-010   7.0781911500566878E-009   4.2395310382938480E-009  -8.6223452998572361E-011  -1.3134532379323942E-018   2.8135378449807421E-012   4.3026006997531287E-011   6.1126024435945090E-019   4.3197848784366508E-011
  -8.1897708262958513E-017   2.4292301893117471E-002   2.1012680148638462E-016  -3.7468103803844525E-017   6.5647516131133386E-017   5.6808224016325140E-002  -4.3855934013856758E-017   3.4217351858051410E-017   8.7774000248374080E-010  -6.8140084040045915E-019   7.3537957024208424E-018  -5.2577147886036622E-011   2.5863345266218096E-017   1.0885392829219494E-017  -9.7478743747332036E-017   5.0268583819139692E-002   1.1188131749313121E-016   1.3015696332277220E-016  -6.4842130649846592E-018  -7.5547363636049315E-010   2.4808887272812486E-018  -2.0079802183724308E-017   4.5253288123707494E-011  -5.5219843952876475E-018   6.0813275011249709E-017   1.4073113666098206E-010  -2.5116821235458990E-017   3.1140486320176491E-017  -1.2178518314366102E-011   2.9265062497723829E-017  -7.9028116154549361E-011  -3.4084333176002107E-017  -3.4710652294818289E-011  -4.5256734203002627E-017   4.4141847001372856E-017   3.0865487764637645E-002  -5.0338354174466272E-017  -6.5934427475653926E-017  -5.6650433843862481E-017   2.4392511069863884E-019  -1.0227423616102746E-010   3.6342478723322281E-020  -2.6580387576315779E-018   6.1262828566002951E-012  -6.6584634104641162E-020
  -1.3615269020040777E-009   2.1012680148638462E-016   2.4292301974675978E-002   1.0674533017711052E-009  -1.3007844200430074E-009   2.0844418078912311E-016   5.6808224094245088E-002   1.3780289402090982E-010  -1.8714932840074121E-018   8.6657218621120805E-010  -2.3657975833069864E-011  -3.2092038527707133E-018  -1.1414490013775327E-010   6.6902106625239376E-010  -1.3363632983729812E-009   1.1237468916564604E-016   5.0268583899182574E-002   1.1802280019056057E-009  -6.6759028568666281E-011  -9.2561109530954588E-019  -7.5125045244440815E-010  -5.7014006466308000E-012  -5.0480072447388027E-018   7.2460507846619903E-011   4.3799424529948798E-011   4.0178200827574329E-018   1.3493174950220119E-010  -1.9042551919509374E-011   3.3351910210617190E-019  -3.9720536014985985E-011   2.1450334264098138E-017  -3.4199850325451497E-011  -1.4883891158580503E-017  -7.5079309702028350E-011  -7.3523021387376586E-010   9.1454421452034136E-017   3.0865487808680994E-002  -4.2398810339050954E-010  -2.5395066042293784E-010  -5.4461831221592056E-012  -1.5788872603010707E-019  -1.0207580109095025E-010  -2.5772603082660123E-012  -1.9793772957577269E-018   8.0234792262790389E-012
  -1.7820418481006884E-008  -3.7468103803844525E-017   1.0674533017711052E-009   1.3528351970873692E-005  -4.1969092557841936E-008  -8.9374167296398957E-017   2.5139727464355594E-009  -1.3843337765622839E-011   2.0063573188497634E-018   1.4388436843589214E-012   6.9590442018461704E-012   2.0972903077106707E-019   6.8843776457694430E-012  -2.4965276258036859E-003  -3.7057805968248346E-008  -7.6651528836443409E-017   2.2197838743048386E-009  -3.3059085269281849E-003  -1.3304741421553164E-011  -7.0211878648907539E-019   1.3828855527525528E-012   6.6886349075131720E-012  -3.4640685533024652E-019   6.6169122103550371E-012   6.7356845079611748E-012  -7.8880084574862486E-019  -1.0875111217507846E-012  -4.5591934361842877E-012  -2.5357248041421800E-019  -4.4776898615735674E-012  -5.3738046789923073E-019   2.7309719413579278E-013  -4.1684829733715945E-019   6.0702506701002000E-013  -2.2757302234601515E-008  -4.8688683656933961E-017   1.3631754775785989E-009   8.4992201646212965E-004   3.4412048175444326E-004  -4.4177472404162049E-012  -3.0192217068845680E-019   4.5918552172197656E-013   2.2210312189586119E-012  -2.3940324744111492E-019   2.1972101904387794E-012
   5.6808245732056943E-002   6.5647516131133386E-017  -1.3007844200430074E-009  -4.1969092557841936E-008  0.13284759006191280        1.3824126590238869E-016   1.3619544341804169E-009  -1.8246038396535152E-009  -9.0494690592049685E-017   3.1303941659127988E-010   9.2361095075440223E-010  -7.7301907519816049E-018   9.0099315328516774E-010   2.9053432430723904E-008  0.11755446931917206        7.0993533629478719E-017   7.7178823346905006E-010   2.7002095699413732E-008  -4.5372193899130393E-010  -2.0061672202240418E-017  -5.9047881941523989E-011   2.2258513836547112E-010   3.7657143734734483E-018   2.3113833180534864E-010  -9.7402068179941504E-010   7.9791017069799540E-018   1.7715366951992796E-010   6.6078246653465432E-010   5.8857430038837756E-018   6.4602604061763563E-010   1.6941830989206915E-017  -4.4531529051046890E-011   2.6884674640069960E-018  -9.8850734771610461E-011   7.2179790862633236E-002   7.9331563993492458E-017   6.7339160980700193E-010  -8.1907667941208672E-009  -4.8861581606165751E-009  -2.0163573693292178E-010  -3.0715432261442741E-018   6.5795149874979310E-012   1.0061741046128353E-010   1.4294517446018008E-018   1.0101926838059661E-010
  -1.9805289661396317E-016   5.6808224016325140E-002   2.0844418078912311E-016  -8.9374167296398957E-017   1.3824126590238869E-016  0.13284761279882282       -7.6422814962428481E-016   8.0018229518643266E-017   2.0526194227527419E-009  -1.5934850975896211E-018   1.7197055393893822E-017  -1.2295312351999267E-010   6.0482153221594199E-017   2.7030923723021345E-016  -2.4147504075686874E-016  0.11755448220368844       -3.2385783704553782E-016   6.2618497058009729E-016  -1.5163510663590443E-017  -1.7666961229785303E-009   5.8016359613842027E-018  -4.6957176782585512E-017   1.0582607364743940E-010  -1.2913315654384831E-017   1.4221353498280074E-016   3.2910367953949236E-010  -5.8736386934899124E-017   7.2822894450170484E-017  -2.8479803998543304E-011   6.8437163884465694E-017  -1.8480944892948825E-010  -7.9707161299317339E-017  -8.1171826366750167E-011  -1.0583413157047869E-016   9.4926592715951726E-017   7.2179802104445995E-002  -4.7722079882211288E-016   5.1144793542896100E-016   7.3796904246685435E-016   5.7042634914338294E-019  -2.3917114748933248E-010   8.4989023371190071E-020  -6.2158978909076254E-018   1.4326482950704820E-011  -1.5571042478981180E-019
  -1.3007847020579135E-009  -4.3855934013856758E-017   5.6808224094245088E-002   2.5139727464355594E-009   1.3619544341804169E-009  -7.6422814962428481E-016  0.13284761271723888        3.2225582317782683E-010  -4.3765587343292342E-018   2.0265031818646306E-009  -5.5324794929363401E-011  -7.5048111723725631E-018  -2.6693098603771733E-010  -1.7403157758014434E-009   7.7178799437762873E-010  -8.4479963666228544E-016  0.11755448215743736       -1.6174390638588523E-009  -1.5611787855741773E-010  -2.1645523185616757E-018  -1.7568200864957568E-009  -1.3332867796444238E-011  -1.1804906984955875E-017   1.6945093023647569E-010   1.0242614961320735E-010   9.3957804560004911E-018   3.1554165507936582E-010  -4.4531521658331329E-011   7.7994382426960236E-019  -9.2887563205785667E-011   5.0162204595787772E-017  -7.9977302701349224E-011  -3.4806393491310595E-017  -1.7557505727079162E-010   6.7339152636548914E-010  -4.6620085852851823E-016   7.2179802064111703E-002   4.9063266700639148E-010   2.9268531538502927E-010  -1.2736063221221766E-011  -3.6922521419906485E-019  -2.3870710026404924E-010  -6.0269887074334247E-012  -4.6288291809017539E-018   1.8763135638917868E-011
  -7.8023666993429098E-010   3.4217351858051410E-017   1.3780289402090982E-010  -1.3843337765622839E-011  -1.8246038396535152E-009   8.0018229518643266E-017   3.2225582317782683E-010   4.0166940805621750E-017   3.4307995187199945E-025  -8.7257409730784026E-019  -2.0020817080985169E-017  -3.1615643682548119E-025  -2.0146211307971289E-017   2.5825941304665210E-009  -1.6145595652523276E-009   7.0806701800025773E-017   2.8515843899890105E-010   3.4207348919811196E-009   1.9649817026996263E-017  -1.6827819573539262E-026  -4.8846530002274444E-018  -1.0025466066787364E-017   5.2909745539204571E-025  -9.6251754119494279E-018   6.6469624982748991E-018   7.2133671377019236E-025  -5.4086548960802603E-019  -4.4595269300901890E-018   1.6906761507113114E-025  -4.4586047045361117E-018   7.2011256024271864E-025   1.3464346810165466E-019   3.9355203148427791E-025   3.0279439443450484E-019  -9.9135806484279654E-010   4.3476129313618240E-017   1.7509055337760070E-010  -1.1436895125817509E-009  -6.7525193678901574E-010   7.2487183581517344E-018   5.1873500958508343E-026  -1.1382101997257326E-018  -3.6640800891496741E-018   1.4738370661082539E-025  -3.5851452562024113E-018
  -3.8697296314587382E-017   8.7774000248374080E-010  -1.8714932840074121E-018   2.0063573188497634E-018  -9.0494690592049685E-017   2.0526194227527419E-009  -4.3765587343292342E-018   3.4307995187199945E-025   3.1714882984327030E-017  -8.3695955060914041E-026   7.0689757283869350E-025  -1.8997403423983726E-018   1.3866062357482730E-024  -3.8298921839936354E-016  -8.0077135149529630E-017   1.8163263028921406E-009  -3.8727337391415888E-018  -5.0754749617691814E-016  -1.9763971616531070E-024  -2.7297101541593133E-017   4.0147269988671410E-025   1.5704249038083097E-025   1.6351114606125789E-018   6.6011839660957882E-025   3.8960615970279636E-024   5.0849585513074252E-018  -1.2062917978991040E-024  -2.6476276591582393E-026  -4.4003951303312447E-019  -7.0027374879674754E-026  -2.8554782158968241E-018  -1.1564704524505341E-024  -1.2541803640313328E-018  -1.4685152087076275E-024  -4.9168275379312934E-017   1.1152452092187534E-009  -2.3779073808926992E-018   2.5144708960249349E-016   1.9893836687364147E-016  -5.0373484498059672E-025  -3.6954171200809938E-018   7.2290129804415173E-026   1.6256496230300209E-025   2.2135751290378521E-019   2.5160362058442297E-025
   1.3386180422199356E-010  -6.8140084040045915E-019   8.6657218621120805E-010   1.4388436843589214E-012   3.1303941659127988E-010  -1.5934850975896211E-018   2.0265031818646306E-009  -8.7257409730784026E-019  -8.3695955060914041E-026   3.1805370686589330E-017   2.0809122976432294E-018  -9.6915518039638485E-026  -1.2083281970164967E-018  -2.6842867436661262E-010   2.7700301333375319E-010  -1.4100490091627866E-018   1.7932165061725808E-009  -3.5554302514516226E-010  -4.8846284708151804E-018  -1.3986225258084897E-025  -2.6789227072280822E-017   1.0420237119592787E-018  -2.2919174075821488E-025   3.8426947240318663E-018  -7.3126410001821004E-021   9.4788438480444259E-026   5.1137016345833097E-018   3.8674836546291991E-019  -1.4527451454500456E-027  -3.7688544331783558E-019   7.0937550468315261E-025  -1.2955230189612831E-018  -5.8223999810140216E-025  -2.8458380159417536E-018   1.7008302614413159E-010  -8.6578556677125749E-019   1.1010555289465010E-009   1.1887205591003555E-010   7.0183708463012802E-011  -1.1381937098669268E-018  -2.6074622930389450E-026  -3.5770905878432525E-018   3.8083613222582233E-019  -8.5042807648910651E-026   7.5741244563643570E-019
   3.9495429815864177E-010   7.3537957024208424E-018  -2.3657975833069864E-011   6.9590442018461704E-012   9.2361095075440223E-010   1.7197055393893822E-017  -5.5324794929363401E-011  -2.0020817080985169E-017   7.0689757283869350E-025   2.0809122976432294E-018   1.0064413218456842E-017   9.9387789217232529E-026   9.9564479372747282E-018  -1.2982695037392130E-009   8.1728694280507016E-010   1.5217368222167566E-017  -4.8955929411845053E-011  -1.7196026733858718E-009  -1.0025117188711192E-017  -7.5788093283128830E-025   1.0419965640346320E-018   5.0397881728222493E-018  -2.2953122856770153E-025   4.9857436890830371E-018  -3.3059804848408639E-018  -2.1243754754070641E-025   5.3377642145026728E-019   2.2377946091656776E-018  -9.6391300652171504E-026   2.1977933667216054E-018  -4.0078630179324981E-025  -1.3404454550502800E-019  -2.6074259049707613E-025  -2.9794636934028889E-019   5.0182354356085204E-010   9.3436382684526895E-018  -3.0059501368570575E-011   5.7493012307912515E-010   3.3944617053366881E-010  -3.6638444853154386E-018  -1.2990186101094276E-025   3.8081868352286381E-019   1.8419274303430423E-018  -7.1546100012177653E-026   1.8221720299507829E-018
  -3.3055783829120144E-018  -5.2577147886036622E-011  -3.2092038527707133E-018   2.0972903077106707E-019  -7.7301907519816049E-018  -1.2295312351999267E-010  -7.5048111723725631E-018  -3.1615643682548119E-025  -1.8997403423983726E-018  -9.6915518039638485E-026   9.9387789217232529E-026   1.1379557573403587E-019   7.0816348258459526E-026  -5.9008256965158163E-017  -6.8403057808578670E-018  -1.0879902518539620E-010  -6.6408739312747594E-018  -7.8763920434867148E-017  -2.8950441264900381E-025   1.6351126080060755E-018   1.3252217706490403E-025   2.0155284041082692E-025  -9.7944148417124919E-020   1.5739438834913356E-025   8.6984205273640193E-026  -3.0459203977238858E-019  -8.5086794524900906E-028  -2.1685513476055055E-025   2.6358628394472590E-020  -2.0717616120346572E-025   1.7104484245614410E-019   8.7679741612302861E-026   7.5126149302465671E-020   1.2873676924632222E-025  -4.2000268550751721E-018  -6.6803850944886647E-011  -4.0775725825506623E-018   2.1303564756024802E-016   2.4106173584591305E-016  -4.8809447939319273E-026   2.2135768208511775E-019   1.9335996869150592E-026   3.0768850302404689E-026  -1.3259446599960673E-020   2.3408960645217044E-026
   3.8528248483309868E-010   2.5863345266218096E-017  -1.1414490013775327E-010   6.8843776457694430E-012   9.0099315328516774E-010   6.0482153221594199E-017  -2.6693098603771733E-010  -2.0146211307971289E-017   1.3866062357482730E-024  -1.2083281970164967E-018   9.9564479372747282E-018   7.0816348258459526E-026   1.0189806879833184E-017  -1.2843397934457915E-009   7.9727285639825523E-010   5.3519579232397880E-017  -2.3620247223554961E-010  -1.7011522916361171E-009  -9.6247812013300941E-018  -1.3224605839830613E-024   3.8426641182899372E-018   4.9857187573052596E-018  -1.7394459063121094E-025   4.6394722278411043E-018  -3.3409431478174631E-018  -1.1824232396990876E-025   7.0829382111141899E-021   2.2217060247526514E-018  -1.0648490401586873E-025   2.2607854902548158E-018  -5.3870361644853561E-025  -5.9738355680943672E-022  -2.2916574421758214E-025  -4.8446032484420447E-021   4.8953466493052392E-010   3.2861635621894471E-017  -1.4503102907477504E-010   5.6876122876051535E-010   3.3580384390011984E-010  -3.5849018695544706E-018  -2.0588479612661520E-025   7.5739432133423400E-019   1.8221667288261593E-018  -5.8833715676653764E-026   1.7629871561673837E-018
  -1.1168849026555294E-008   1.0885392829219494E-017   6.6902106625239376E-010  -2.4965276258036859E-003   2.9053432430723904E-008   2.7030923723021345E-016  -1.7403157758014434E-009   2.5825941304665210E-009  -3.8298921839936354E-016  -2.6842867436661262E-010  -1.2982695037392130E-009  -5.9008256965158163E-017  -1.2843397934457915E-009  0.46560546552190979        1.0745368181716429E-008  -1.3329898725154128E-016  -6.4365492285596601E-010  0.61670668050171018        2.4872309797892080E-009   1.3986281705542324E-016  -2.5852089203143087E-010  -1.2503921147714896E-009   9.7559759783702323E-017  -1.2369839213094411E-009  -1.2582091895903602E-009   1.1086399780278827E-016   2.0314444478483756E-010   8.5164609819433270E-010   4.7793506726464344E-017   8.3642140409372101E-010   1.6820743050051624E-016  -5.1013854837123119E-011   1.0106208544638733E-016  -1.1339078118350428E-010   7.3319797917742175E-009   2.0805667068439660E-016  -4.3918980450885662E-010 -0.20502759680330798      -0.12033377818052311        8.1339511694242063E-010   2.8573734676996737E-017  -8.4545125457901304E-011  -4.0893508239375118E-010   3.0922678186314421E-017  -4.0454921609377698E-010
   5.0268606128819539E-002  -9.7478743747332036E-017  -1.3363632983729812E-009  -3.7057805968248346E-008  0.11755446931917206       -2.4147504075686874E-016   7.7178799437762873E-010  -1.6145595652523276E-009  -8.0077135149529630E-017   2.7700301333375319E-010   8.1728694280507016E-010  -6.8403057808578670E-018   7.9727285639825523E-010   1.0745368181716429E-008  0.10402185881183049       -2.5910124000650680E-016   2.9945030790919943E-010   4.0722243112865580E-009  -4.0149055239113389E-010  -1.7752216632036632E-017  -5.2250406324225205E-011   1.9696166980413305E-010   3.3322098605168341E-018   2.0453023750511282E-010  -8.6189353506968422E-010   7.0605611294675080E-018   1.5676012334163310E-010   5.8471462322821518E-010   5.2081878201739422E-018   5.7165692507264127E-010   1.4991518954284929E-017  -3.9405156017716210E-011   2.3789738290012703E-018  -8.7471252598237681E-011   6.3870612981923869E-002  -1.2746483761950611E-016   3.6040415258648257E-010  -7.0924830208120512E-011   2.5320298338149941E-010  -1.7842390283035575E-010  -2.7179538750578161E-018   5.8220992563299721E-012   8.9034569804160715E-011   1.2648955768881874E-018   8.9390166507505530E-011
  -1.9720461493922708E-016   5.0268583819139692E-002   1.1237468916564604E-016  -7.6651528836443409E-017   7.0993533629478719E-017  0.11755448220368844       -8.4479963666228544E-016   7.0806701800025773E-017   1.8163263028921406E-009  -1.4100490091627866E-018   1.5217368222167566E-017  -1.0879902518539620E-010   5.3519579232397880E-017  -1.3329898725154128E-016  -2.5910124000650680E-016  0.10402186381101278       -4.3572250174738400E-016   6.3207317002326585E-017  -1.3417921548045949E-017  -1.5633178765696671E-009   5.1337665938261367E-018  -4.1551567008604934E-017   9.3643604346230106E-011  -1.1426761976557249E-017   1.2584222085001171E-016   2.9121797392159433E-010  -5.1974781407980957E-017   6.4439679083585502E-017  -2.5201270401307205E-011   6.0558824438153006E-017  -1.6353458385552191E-010  -7.0531444683547901E-017  -7.1827500826236712E-011  -9.3650734309928719E-017   5.6107724666429073E-017   6.3870618998642908E-002  -5.1386183275052920E-016  -1.4937362440676140E-016  -1.7540503141968377E-016   5.0475936832003948E-019  -2.1163828095087619E-010   7.5205656329755684E-020  -5.5003367520474493E-018   1.2677249139737641E-011  -1.3778502952460635E-019
  -1.3363634456829731E-009   1.1188131749313121E-016   5.0268583899182574E-002   2.2197838743048386E-009   7.7178823346905006E-010  -3.2385783704553782E-016  0.11755448215743736        2.8515843899890105E-010  -3.8727337391415888E-018   1.7932165061725808E-009  -4.8955929411845053E-011  -6.6408739312747594E-018  -2.3620247223554961E-010  -6.4365492285596601E-010   2.9945030790919943E-010  -4.3572250174738400E-016  0.10402186379304079       -2.4393017694781348E-010  -1.3814591892659510E-010  -1.9153780704496817E-018  -1.5545787487499115E-009  -1.1798019956562492E-011  -1.0445951080530740E-017   1.4994410159732122E-010   9.0635073006017522E-011   8.3141595140434272E-018   2.7921718033516918E-010  -3.9405149476046734E-011   6.9015837157411113E-019  -8.2194547828989705E-011   4.4387639656514319E-017  -7.0770488116880157E-011  -3.0799556578604672E-017  -1.5536323537358644E-010   3.6040420865583663E-010  -2.2107112687050121E-016   6.3870618977046323E-002   4.2478931344344046E-012  -1.5168009948258547E-011  -1.1269912885361700E-011  -3.2672139453998850E-019  -2.1122765407108713E-010  -5.3331758820024334E-012  -4.0959682697314782E-018   1.6603162840909484E-011
  -1.9703103618634378E-008   1.3015696332277220E-016   1.1802280019056057E-009  -3.3059085269281849E-003   2.7002095699413732E-008   6.2618497058009729E-016  -1.6174390638588523E-009   3.4207348919811196E-009  -5.0754749617691814E-016  -3.5554302514516226E-010  -1.7196026733858718E-009  -7.8763920434867148E-017  -1.7011522916361171E-009  0.61670668050171018        4.0722243112865580E-009   6.3207317002326585E-017  -2.4393017694781348E-010  0.81684880194842480        3.2945811746802856E-009   1.8552352322734180E-016  -3.4243625089867963E-010  -1.6562668084442062E-009   1.3022420563532612E-016  -1.6385063385083936E-009  -1.6665936066277531E-009   1.4573823866406470E-016   2.6908024356371018E-010   1.1280699236028355E-009   6.3319053767850218E-017   1.1079036594097064E-009   2.2486589121950515E-016  -6.7571723425361692E-011   1.3456966082294157E-016  -1.5019469941645068E-010   3.4759952779463654E-009   4.2240141895214798E-016  -2.0821413304082894E-010 -0.27298123505796329      -0.16109562488803703        1.0770424515379661E-009   3.7001896775547918E-017  -1.1194889885551858E-010  -5.4148397392501665E-010   4.0539825382969945E-017  -5.3567651009936726E-010
  -1.9402056028466250E-010  -6.4842130649846592E-018  -6.6759028568666281E-011  -1.3304741421553164E-011  -4.5372193899130393E-010  -1.5163510663590443E-017  -1.5611787855741773E-010   1.9649817026996263E-017  -1.9763971616531070E-024  -4.8846284708151804E-018  -1.0025117188711192E-017  -2.8950441264900381E-025  -9.6247812013300941E-018   2.4872309797892080E-009  -4.0149055239113389E-010  -1.3417921548045949E-017  -1.3814591892659510E-010   3.2945811746802856E-009   1.5026624712246245E-017   1.0304031620567530E-024   8.8450316951447834E-019  -7.4275243182713901E-018   5.4908627803529032E-025  -7.5998745580743806E-018  -3.5174314127087732E-018   4.7347617552809092E-025   1.0971872615657435E-019   2.3466003458792250E-018   2.3813611111303177E-025   2.3724664917266376E-018   8.8328628094980667E-025  -2.6533201479065223E-020   6.0844788655720868E-025  -6.2004092882704454E-020  -2.4651979482313049E-010  -8.2387565764204827E-018  -8.4823181640203290E-011  -1.1502872736241539E-009  -7.0926496992667768E-010   5.0362608013826556E-018   1.5804223727385071E-025  -1.9228969883138896E-019  -2.5147968637430771E-018   1.4786618587023061E-025  -2.5219401261054429E-018
  -8.5787697894129560E-018  -7.5547363636049315E-010  -9.2561109530954588E-019  -7.0211878648907539E-019  -2.0061672202240418E-017  -1.7666961229785303E-009  -2.1645523185616757E-018  -1.6827819573539262E-026  -2.7297101541593133E-017  -1.3986225258084897E-025  -7.5788093283128830E-025   1.6351126080060755E-018  -1.3224605839830613E-024   1.3986281705542324E-016  -1.7752216632036632E-017  -1.5633178765696671E-009  -1.9153780704496817E-018   1.8552352322734180E-016   1.0304031620567530E-024   2.3494702879410989E-017  -1.1836530543482348E-025   2.1016882296306857E-025  -1.4073456803931108E-018  -2.4275421125390997E-025  -2.1274823715600492E-024  -4.3766401401647648E-018   8.1084178712523673E-025  -8.0917847308563528E-025   3.7874342073132576E-019  -7.5245596063528142E-025   2.4577192622044712E-018   1.0525529259686942E-024   1.0794770633507711E-018   1.3908464740932163E-024  -1.0900067212356820E-017  -9.5989512983113437E-010  -1.1760604844076915E-018  -1.4541455627964445E-016  -1.3734348103163551E-016   2.4842663307700331E-025   3.1806573719740087E-018  -2.1658009187143171E-026  -4.5729104641469090E-026  -1.9052312158035685E-019  -1.2557110264798624E-025
  -2.5249999166298161E-011   2.4808887272812486E-018  -7.5125045244440815E-010   1.3828855527525528E-012  -5.9047881941523989E-011   5.8016359613842027E-018  -1.7568200864957568E-009  -4.8846530002274444E-018   4.0147269988671410E-025  -2.6789227072280822E-017   1.0419965640346320E-018   1.3252217706490403E-025   3.8426641182899372E-018  -2.5852089203143087E-010  -5.2250406324225205E-011   5.1337665938261367E-018  -1.5545787487499115E-009  -3.4243625089867963E-010   8.8450316951447834E-019  -1.1836530543482348E-025   2.3402621250958027E-017   7.7200819692694383E-019   1.0083881492714277E-025  -1.6564345785568524E-018  -2.2273038710130143E-019  -1.7052554865180488E-025  -4.3644003950281577E-018  -1.7783945995816463E-019  -4.0772499122178039E-026   4.7665184344963524E-019  -7.8071706084085595E-025   1.1057741436105785E-018   3.9657047932496162E-025   2.4287801095653405E-018  -3.2082351120872634E-011   3.1521907766584106E-018  -9.5452920489266493E-010   1.1955845451085516E-010   7.3718615862530499E-011  -1.9228266383375357E-019  -1.6651668177261686E-026   3.2006238476995596E-018   2.6138489105049170E-019   4.5721874624666852E-026  -6.9054602715206300E-020
   9.5181852184344138E-011  -2.0079802183724308E-017  -5.7014006466308000E-012   6.6886349075131720E-012   2.2258513836547112E-010  -4.6957176782585512E-017  -1.3332867796444238E-011  -1.0025466066787364E-017   1.5704249038083097E-025   1.0420237119592787E-018   5.0397881728222493E-018   2.0155284041082692E-025   4.9857187573052596E-018  -1.2503921147714896E-009   1.9696166980413305E-010  -4.1551567008604934E-017  -1.1798019956562492E-011  -1.6562668084442062E-009  -7.4275243182713901E-018   2.1016882296306857E-025   7.7200819692694383E-019   3.7339769339319300E-018  -3.1149689989861604E-025   3.6939363878854996E-018   1.7379200117345868E-018  -3.8008467098239369E-025  -2.8059396719278403E-019  -1.1763318285590319E-018  -1.0879897484835201E-025  -1.1553020170364195E-018  -4.0345610853445014E-025   7.0462551294223629E-020  -2.4857481712748478E-025   1.5662041296600083E-019   1.2093671959412793E-010  -2.5513140050345651E-017  -7.2441192881386335E-012   5.7825216083062163E-010   3.5653412868900434E-010  -2.5146891774347342E-018   1.9178820624547770E-026   2.6137793593647946E-019   1.2642438461957890E-018  -7.7089616948745650E-026   1.2506846275767741E-018
   1.6102885090075987E-018   4.5253288123707494E-011  -5.0480072447388027E-018  -3.4640685533024652E-019   3.7657143734734483E-018   1.0582607364743940E-010  -1.1804906984955875E-017   5.2909745539204571E-025   1.6351114606125789E-018  -2.2919174075821488E-025  -2.2953122856770153E-025  -9.7944148417124919E-020  -1.7394459063121094E-025   9.7559759783702323E-017   3.3322098605168341E-018   9.3643604346230106E-011  -1.0445951080530740E-017   1.3022420563532612E-016   5.4908627803529032E-025  -1.4073456803931108E-018   1.0083881492714277E-025  -3.1149689989861604E-025   8.4300783640159912E-020  -2.9735695698760036E-025  -2.0073833727958909E-025   2.6216316194783106E-019  -2.5032649683181570E-026   2.6840453093007582E-025  -2.2686940110672439E-020   2.6543375830654957E-025  -1.4721874139136730E-019  -6.8893472207092391E-026  -6.4661272372047582E-020  -9.6499304758867156E-026   2.0460160434968597E-018   5.7498248500182227E-011  -6.4139341932337542E-018  -3.5281438239729678E-016  -3.9927438533475557E-016   9.6148002479467821E-026  -1.9052313350109916E-019   1.1043304300346195E-026  -5.1972189020784558E-026   1.1412440223030351E-020  -4.8795826298102304E-026
   9.8839362870159532E-011  -5.5219843952876475E-018   7.2460507846619903E-011   6.6169122103550371E-012   2.3113833180534864E-010  -1.2913315654384831E-017   1.6945093023647569E-010  -9.6251754119494279E-018   6.6011839660957882E-025   3.8426947240318663E-018   4.9857436890830371E-018   1.5739438834913356E-025   4.6394722278411043E-018  -1.2369839213094411E-009   2.0453023750511282E-010  -1.1426761976557249E-017   1.4994410159732122E-010  -1.6385063385083936E-009  -7.5998745580743806E-018  -2.4275421125390997E-025  -1.6564345785568524E-018   3.6939363878854996E-018  -2.9735695698760036E-025   3.9063233814323438E-018   1.7798901418306121E-018  -2.7934598939015883E-025   1.7081478034354677E-019  -1.1705248246424625E-018  -1.1326567683212501E-025  -1.2174163020539813E-018  -3.7542805197929635E-025  -4.3914168352707077E-020  -3.1403315833520063E-025  -9.4582571073697339E-020   1.2558390716412510E-010  -7.0161637154382735E-018   9.2067400836716528E-011   5.7205002796618242E-010   3.5270922545285282E-010  -2.5218384587102302E-018  -4.2172314990835011E-026  -6.9060999929334601E-020   1.2506871440336045E-018  -7.8892417747946726E-026   1.2713882377378253E-018
  -4.1651036301141832E-010   6.0813275011249709E-017   4.3799424529948798E-011   6.7356845079611748E-012  -9.7402068179941504E-010   1.4221353498280074E-016   1.0242614961320735E-010   6.6469624982748991E-018   3.8960615970279636E-024  -7.3126410001821004E-021  -3.3059804848408639E-018   8.6984205273640193E-026  -3.3409431478174631E-018  -1.2582091895903602E-009  -8.6189353506968422E-010   1.2584222085001171E-016   9.0635073006017522E-011  -1.6665936066277531E-009  -3.5174314127087732E-018  -2.1274823715600492E-024  -2.2273038710130143E-019   1.7379200117345868E-018  -2.0073833727958909E-025   1.7798901418306121E-018   1.0621279146558861E-017   1.6504096673014177E-026  -1.6046789521636250E-018  -7.1810880862397802E-018  -2.0240099424482239E-025  -7.0690265824543673E-018  -7.6614368701931657E-025   4.0272591936476180E-019  -4.1622127437413057E-025   8.9588454597922244E-019  -5.2921250623357710E-010   7.7268567812596495E-017   5.5650974355861174E-011   5.7335359144150796E-010   3.4848532843683428E-010  -7.2512581437421190E-019  -2.9950131533605705E-025  -4.2719232164193620E-021   3.6051007833816967E-019  -7.6578537722823834E-026   3.6484865306097313E-019
   3.4120147871892105E-018   1.4073113666098206E-010   4.0178200827574329E-018  -7.8880084574862486E-019   7.9791017069799540E-018   3.2910367953949236E-010   9.3957804560004911E-018   7.2133671377019236E-025   5.0849585513074252E-018   9.4788438480444259E-026  -2.1243754754070641E-025  -3.0459203977238858E-019  -1.1824232396990876E-025   1.1086399780278827E-016   7.0605611294675080E-018   2.9121797392159433E-010   8.3141595140434272E-018   1.4573823866406470E-016   4.7347617552809092E-025  -4.3766401401647648E-018  -1.7052554865180488E-025  -3.8008467098239369E-025   2.6216316194783106E-019  -2.7934598939015883E-025   1.6504096673014177E-026   8.1528925966091243E-019  -6.6609833619856292E-026   4.0954231499474431E-025  -7.0553080262546670E-020   3.9092834128375478E-025  -4.5782884897243456E-019  -2.1732683218050126E-025  -2.0108714164636297E-019  -3.0618136698878109E-025   4.3352654563678648E-018   1.7881118042353008E-010   5.1049887801940570E-018   2.9199908138134843E-016   3.8278748027332858E-016   2.5924321788855603E-025  -5.9249920280909660E-019  -4.4429073883383281E-026  -1.4595435117785008E-025   3.5491027310299134E-020  -1.2770316569773245E-025
   7.5754383078082335E-011  -2.5116821235458990E-017   1.3493174950220119E-010  -1.0875111217507846E-012   1.7715366951992796E-010  -5.8736386934899124E-017   3.1554165507936582E-010  -5.4086548960802603E-019  -1.2062917978991040E-024   5.1137016345833097E-018   5.3377642145026728E-019  -8.5086794524900906E-028   7.0829382111141899E-021   2.0314444478483756E-010   1.5676012334163310E-010  -5.1974781407980957E-017   2.7921718033516918E-010   2.6908024356371018E-010   1.0971872615657435E-019   8.1084178712523673E-025  -4.3644003950281577E-018  -2.8059396719278403E-019  -2.5032649683181570E-026   1.7081478034354677E-019  -1.6046789521636250E-018  -6.6609833619856292E-026   1.0743700441897294E-018   1.1470561109427374E-018   4.3179157507001826E-026   1.0058780373917555E-018   3.0139434540418553E-025  -2.7160956123359337E-019   2.4577004230522015E-027  -5.9833199739562792E-019   9.6252512372381273E-011  -3.1913112380664276E-017   1.7144255555879730E-010  -9.2571493302472588E-011  -5.6265454207538035E-011   5.5045458490105155E-020   1.1138054320150082E-025  -5.9502065386276842E-019  -5.8205111661539662E-020  -2.8508431051031964E-027   3.1223978315596012E-021
   2.8256355321970866E-010   3.1140486320176491E-017  -1.9042551919509374E-011  -4.5591934361842877E-012   6.6078246653465432E-010   7.2822894450170484E-017  -4.4531521658331329E-011  -4.4595269300901890E-018  -2.6476276591582393E-026   3.8674836546291991E-019   2.2377946091656776E-018  -2.1685513476055055E-025   2.2217060247526514E-018   8.5164609819433270E-010   5.8471462322821518E-010   6.4439679083585502E-017  -3.9405149476046734E-011   1.1280699236028355E-009   2.3466003458792250E-018  -8.0917847308563528E-025  -1.7783945995816463E-019  -1.1763318285590319E-018   2.6840453093007582E-025  -1.1705248246424625E-018  -7.1810880862397802E-018   4.0954231499474431E-025   1.1470561109427374E-018   4.8598009790949291E-018   1.0096336886713637E-025   4.7747572895118941E-018   2.9291765371624876E-025  -2.8802391557556634E-019   1.7194949307414198E-025  -6.4028511963071793E-019   3.5902147844121721E-010   3.9566703688975751E-017  -2.4195213404836800E-011  -3.8808727213109151E-010  -2.3588042826102556E-010   4.8616974085223788E-019  -1.0178745345677202E-025  -4.1592337938605810E-020  -2.4401132601009126E-019   6.9219932635198130E-026  -2.4231604350643980E-019
   2.5168572390521916E-018  -1.2178518314366102E-011   3.3351910210617190E-019  -2.5357248041421800E-019   5.8857430038837756E-018  -2.8479803998543304E-011   7.7994382426960236E-019   1.6906761507113114E-025  -4.4003951303312447E-019  -1.4527451454500456E-027  -9.6391300652171504E-026   2.6358628394472590E-020  -1.0648490401586873E-025   4.7793506726464344E-017   5.2081878201739422E-018  -2.5201270401307205E-011   6.9015837157411113E-019   6.3319053767850218E-017   2.3813611111303177E-025   3.7874342073132576E-019  -4.0772499122178039E-026  -1.0879897484835201E-025  -2.2686940110672439E-020  -1.1326567683212501E-025  -2.0240099424482239E-025  -7.0553080262546670E-020   4.3179157507001826E-026   1.0096336886713637E-025   6.1054859677788957E-021   9.9400596649722832E-026   3.9619356130730649E-020   9.4001682321943217E-027   1.7401575056010339E-020   5.6202121376715451E-027   3.1978870212873918E-018  -1.5473869445446903E-011   4.2376522943969225E-019  -2.5768217642636200E-017  -1.8053134179639646E-017   7.3293769541041590E-026   5.1273389555880937E-020  -9.6954083756475496E-027  -3.5683759924921394E-026  -3.0713041644352353E-021  -3.6375164544973125E-026
   2.7625341635032242E-010   2.9265062497723829E-017  -3.9720536014985985E-011  -4.4776898615735674E-012   6.4602604061763563E-010   6.8437163884465694E-017  -9.2887563205785667E-011  -4.4586047045361117E-018  -7.0027374879674754E-026  -3.7688544331783558E-019   2.1977933667216054E-018  -2.0717616120346572E-025   2.2607854902548158E-018   8.3642140409372101E-010   5.7165692507264127E-010   6.0558824438153006E-017  -8.2194547828989705E-011   1.1079036594097064E-009   2.3724664917266376E-018  -7.5245596063528142E-025   4.7665184344963524E-019  -1.1553020170364195E-018   2.6543375830654957E-025  -1.2174163020539813E-018  -7.0690265824543673E-018   3.9092834128375478E-025   1.0058780373917555E-018   4.7747572895118941E-018   9.9400596649722832E-026   4.7094520855901284E-018   2.7303611156787915E-025  -2.5229750073040827E-019   1.8357816412313598E-025  -5.6168765785001173E-019   3.5100390208793170E-010   3.7183814335266930E-017  -5.0468395416338955E-011  -3.8114926417711546E-010  -2.3166333641807951E-010   4.8665887744881947E-019  -9.4210937715409824E-026   4.7324339621425472E-020  -2.3964887243876950E-019   6.9330946289382288E-026  -2.4716486764052415E-019
   7.2446514164978339E-018  -7.9028116154549361E-011   2.1450334264098138E-017  -5.3738046789923073E-019   1.6941830989206915E-017  -1.8480944892948825E-010   5.0162204595787772E-017   7.2011256024271864E-025  -2.8554782158968241E-018   7.0937550468315261E-025  -4.0078630179324981E-025   1.7104484245614410E-019  -5.3870361644853561E-025   1.6820743050051624E-016   1.4991518954284929E-017  -1.6353458385552191E-010   4.4387639656514319E-017   2.2486589121950515E-016   8.8328628094980667E-025   2.4577192622044712E-018  -7.8071706084085595E-025  -4.0345610853445014E-025  -1.4721874139136730E-019  -3.7542805197929635E-025  -7.6614368701931657E-025  -4.5782884897243456E-019   3.0139434540418553E-025   2.9291765371624876E-025   3.9619356130730649E-020   2.7303611156787915E-025   2.5709556757694899E-019   5.5432611496968174E-026   1.1292126507536197E-019   2.4820757851422432E-026   9.2049657970009699E-018  -1.0041211256812575E-010   2.7254520817805576E-017  -7.1330362877599465E-016  -8.1516491218340874E-016   1.1780280097652701E-025   3.3272022760561960E-019  -1.0491187259025851E-025  -5.5754064412616581E-026  -1.9930124173557676E-020  -5.3969580426414328E-026
  -1.9042555080745447E-011  -3.4084333176002107E-017  -3.4199850325451497E-011   2.7309719413579278E-013  -4.4531529051046890E-011  -7.9707161299317339E-017  -7.9977302701349224E-011   1.3464346810165466E-019  -1.1564704524505341E-024  -1.2955230189612831E-018  -1.3404454550502800E-019   8.7679741612302861E-026  -5.9738355680943672E-022  -5.1013854837123119E-011  -3.9405156017716210E-011  -7.0531444683547901E-017  -7.0770488116880157E-011  -6.7571723425361692E-011  -2.6533201479065223E-020   1.0525529259686942E-024   1.1057741436105785E-018   7.0462551294223629E-020  -6.8893472207092391E-026  -4.3914168352707077E-020   4.0272591936476180E-019  -2.1732683218050126E-025  -2.7160956123359337E-019  -2.8802391557556634E-019   9.4001682321943217E-027  -2.5229750073040827E-019   5.5432611496968174E-026   6.8666183523366920E-020   5.7290168497128453E-026   1.5126244277082201E-019  -2.4195217421506150E-011  -4.3307117115374801E-017  -4.3453892508314617E-011   2.3246280231868657E-011   1.4128990489486684E-011  -1.3684844133013967E-020   1.4208795805744463E-025   1.5074636292958492E-019   1.4616352967889925E-020  -9.4453575022185001E-027  -9.2215398991591258E-022
   1.1496370661670628E-018  -3.4710652294818289E-011  -1.4883891158580503E-017  -4.1684829733715945E-019   2.6884674640069960E-018  -8.1171826366750167E-011  -3.4806393491310595E-017   3.9355203148427791E-025  -1.2541803640313328E-018  -5.8223999810140216E-025  -2.6074259049707613E-025   7.5126149302465671E-020  -2.2916574421758214E-025   1.0106208544638733E-016   2.3789738290012703E-018  -7.1827500826236712E-011  -3.0799556578604672E-017   1.3456966082294157E-016   6.0844788655720868E-025   1.0794770633507711E-018   3.9657047932496162E-025  -2.4857481712748478E-025  -6.4661272372047582E-020  -3.1403315833520063E-025  -4.1622127437413057E-025  -2.0108714164636297E-019   2.4577004230522015E-027   1.7194949307414198E-025   1.7401575056010339E-020   1.8357816412313598E-025   1.1292126507536197E-019   5.7290168497128453E-026   4.9597168190823194E-020   8.3182516994951877E-026   1.4607176281063422E-018  -4.4102910396146729E-011  -1.8911281312082320E-017  -2.6376338321661012E-016  -2.9081412222542452E-016   1.2581537591525935E-025   1.4613705468176825E-019   4.9432438711473734E-026  -5.6385141972797559E-026  -8.7536897504466222E-021  -6.5890933057593633E-026
  -4.2270512660788700E-011  -4.5256734203002627E-017  -7.5079309702028350E-011   6.0702506701002000E-013  -9.8850734771610461E-011  -1.0583413157047869E-016  -1.7557505727079162E-010   3.0279439443450484E-019  -1.4685152087076275E-024  -2.8458380159417536E-018  -2.9794636934028889E-019   1.2873676924632222E-025  -4.8446032484420447E-021  -1.1339078118350428E-010  -8.7471252598237681E-011  -9.3650734309928719E-017  -1.5536323537358644E-010  -1.5019469941645068E-010  -6.2004092882704454E-020   1.3908464740932163E-024   2.4287801095653405E-018   1.5662041296600083E-019  -9.6499304758867156E-026  -9.4582571073697339E-020   8.9588454597922244E-019  -3.0618136698878109E-025  -5.9833199739562792E-019  -6.4028511963071793E-019   5.6202121376715451E-027  -5.6168765785001173E-019   2.4820757851422432E-026   1.5126244277082201E-019   8.3182516994951877E-026   3.3322021820881155E-019  -5.3708351609826912E-011  -5.7502626545894533E-017  -9.5394810879703845E-011   5.1671082621590958E-011   3.1405784764776376E-011  -3.0827716778031046E-020   1.8738986377888095E-025   3.3113477010436515E-019   3.2488411212356377E-020  -1.3376672499543094E-026  -1.6398987206204196E-021
