   1.5990649399466085E-003   1.5086915596614902E-009  -7.9038499692820583E-009   4.1561157093464318E-009  -1.8740983918679448E-002  -1.4459714735096931E-008   4.8190812667495385E-008   2.7627837286105559E-009  -4.3316330228276612E-009  -1.5820999671570377E-009   1.6187764128539909E-009  -5.2781352844053379E-009  -4.3815603462380848E-009   1.7860925201813120E-008  -3.0636109208901700E-002  -2.3678780453341902E-008   8.4814994558503932E-008   6.4377569045845416E-009   1.6753522954983003E-010   3.0155923612003840E-011  -2.4914374975459721E-010  -1.1979347118036720E-010  -1.7477640122669106E-011  -1.0497489142839224E-010  -4.9268800215896706E-011   6.3403127990899648E-011   3.5945087738406119E-011   1.3844287089675382E-010   1.2396616646289307E-010  -1.4586628972095805E-009   2.6104508196741132E-011   1.8082149412672829E-009  -2.8996859586885727E-009  -1.9321810326410575E-009  -1.2765072544056219E-002  -1.0075403081288323E-008   3.6135275943128654E-008  -7.2931171495502434E-009   3.8145182005474630E-003   3.3104361041699887E-009  -1.1887232401074291E-008   3.5728991751289301E-010  -6.1951059889622720E-010   2.2824112140530847E-010   3.1385159345137296E-010  -9.0705198338831027E-010  -6.7114140459561453E-010   1.6068763121097947E-002   1.3787778883663138E-008  -4.9515549402781395E-008  -4.1971496735369347E-009   2.1002170076149018E-009   7.2601326585332213E-010
   1.5086915596614902E-009   1.5990529932088785E-003  -2.4651410457025038E-009   3.6134419432793793E-009  -3.0430633674337077E-009  -1.8740916261578176E-002   1.1823469555645161E-008  -5.8419635341460970E-009   8.8154685176750521E-010   6.3565493265385751E-009   6.3647017371522467E-009   1.4177940851923381E-009  -5.2273820133550093E-010   1.3838119021006233E-009  -5.6670650744563736E-009  -3.0635991466111484E-002   1.9610138055368932E-008  -3.4183147891469882E-009  -9.9846464398391777E-011   2.7654080436497971E-011   2.2364878334498982E-011   2.7075311540167141E-011  -2.8177318615255844E-010   1.0688278822047870E-010   1.8829701388242355E-011  -5.9661828096290828E-011  -5.2917423166182054E-011   2.7799593225297601E-011  -4.3306797282224881E-009  -1.0430349911602825E-009   4.3664057678696840E-009   4.1628619977534044E-009   1.2248885196485667E-009   1.6781777959165741E-010  -2.5834029435513501E-009  -1.2765022758801522E-002   8.1527511039797383E-009   1.1924916322393780E-009   8.3098062723002429E-010   3.8145018332802504E-003  -2.6887982003110674E-009  -1.0458817945865825E-009  -3.2481622845221855E-011   1.3121559347258032E-009   8.0878605122988567E-010   5.4818157594084665E-010   2.3709574757851166E-010   3.4460844744053257E-009   1.6068694913275238E-002  -1.1214340312305519E-008   8.9022325992910152E-010  -4.4636574650852075E-010  -1.5734568479858590E-010
  -7.9038499692820583E-009  -2.4651410457025038E-009   1.5990548721726066E-003   1.3247191318971564E-008   3.9938378789488108E-008   1.7155369525306417E-008  -1.8740926076756276E-002  -7.6521007777755825E-010  -1.4697863788070889E-009  -9.3346532318423880E-009   6.8493899981056373E-009  -4.1036389656881178E-009  -6.0841799090212346E-009  -2.5921667789682721E-008   7.1546867633292448E-008   2.8501312808136806E-008  -3.0636010367725300E-002  -2.8018022711116065E-008   1.7690581417271631E-010   3.7314219120212618E-011   1.6808869190858318E-010   1.6229823440657691E-011   9.4100549903449512E-011  -2.5357403351001804E-010  -3.7627070389468310E-011  -4.6345213768760028E-011   1.3167840626851348E-011  -9.0740902855974426E-011   3.8536903087793533E-010   3.9505072870735275E-010  -5.1654595820692972E-009   3.5283328699876913E-009  -1.5417328359448689E-009  -3.9137020755994876E-009   3.0506719283986433E-008   1.1876885324660181E-008  -1.2765030984585608E-002   1.7146088985983020E-008  -1.0048141809541549E-008  -3.9108714507844698E-009   3.8145044876991240E-003  -9.8909073448058301E-011   7.0050396801449327E-011  -1.1651377172681872E-009   8.5766752175830144E-010  -7.1382965514188083E-010  -7.5875853330557517E-010  -4.1848514688878493E-008  -1.6312010597268925E-008   1.6068705957102008E-002   8.4541174067236534E-009  -4.1891621194786293E-009  -1.4349703261013198E-009
   4.1561157093464318E-009   3.6134419432793793E-009   1.3247191318971564E-008   1.2978501468760816E-004  -5.0709892844578485E-008  -4.2573496616660638E-008  -1.5142038175972854E-007   1.1797982465861016E-010   1.4320757847783964E-011  -1.6040089165072473E-010  -1.5767642601275408E-010  -1.0097090711817538E-010   3.9696902180941718E-011  -8.6229891134420259E-003  -8.3301450410305013E-008  -6.8954527764917791E-008  -2.4945743499656774E-007  -9.8142396028095338E-003   6.5021883585257406E-011  -7.1954517620257283E-011   3.0175372211655999E-011   2.8691420190042047E-011  -1.7404920818598933E-011  -1.1592742169105192E-010   7.6682624272108458E-011   9.9816407936283678E-011  -3.0926009235156126E-011  -9.6890170545580255E-011  -8.9838551322743264E-011  -2.8139503784043492E-011   1.8692896862265327E-010   2.7266943086469794E-012   1.6339969271571499E-011   8.7111663667057013E-011  -3.4746975822983083E-008  -2.8754149385298223E-008  -1.0366187135192397E-007   9.7277481619200707E-003   1.1498324897886849E-008   9.2758054187171176E-009   3.3947138436610581E-008  -2.3367844177234046E-011  -8.7022174213903593E-012   6.0691648407196621E-011  -1.0204778782966479E-011   2.0923457779320972E-012   3.3572014843089971E-011   4.7893718021505645E-008   3.8834705426374626E-008   1.4172155627282016E-007   6.0043661626301825E-003  -3.3788001594901962E-003  -1.1959538881847582E-003
  -1.8740983918679448E-002  -3.0430633674337077E-009   3.9938378789488108E-008  -5.0709892844578485E-008  0.21969953075229615       -2.1775379100626109E-009   5.3230540619552145E-008  -3.2388642247058240E-008   5.0780355540444574E-008   1.8548242552152280E-008  -1.8977987602862527E-008   6.1879994235692821E-008   5.1366632246715777E-008  -6.2580929250868200E-008  0.35919737311927880       -3.1373109586334252E-009   1.6500112338200041E-008   9.6420872353045952E-008  -1.9626053509204004E-009  -3.5392976724021781E-010   2.9185797941959599E-009   1.4030646033768240E-009   2.0472468211941484E-010   1.2300033150094041E-009   5.7772475952073657E-010  -7.4261912190581139E-010  -4.2116909091514707E-010  -1.6218651585430742E-009  -1.4557812355074434E-009   1.7102262842882807E-008  -3.0716664155197561E-010  -2.1195298313892793E-008   3.4008340909086143E-008   2.2651078666870026E-008  0.14912751022967716        1.7413432744796382E-009  -4.7993520036816033E-009  -2.6912823562115705E-008  -4.8180588912818033E-002  -7.5612238568000897E-011  -1.2557025383649922E-009  -4.2302625628470288E-009   7.3123052470763583E-009  -2.7151802032321191E-009  -3.6641773659697011E-009   1.0648512084121343E-008   7.8944386813643540E-009 -0.20140195384937062       -1.7898577680566643E-010  -5.1785635213605838E-009  -7.7472709518051920E-009   4.2721976179695925E-009   1.4999572414819503E-009
  -1.4459714735096931E-008  -1.8740916261578176E-002   1.7155369525306417E-008  -4.2573496616660638E-008  -2.1775379100626109E-009  0.21969958647991952       -9.0931542208491430E-010   6.8489660923027351E-008  -1.0334454460481408E-008  -7.4523043387537699E-008  -7.4618543422748861E-008  -1.6621006694538600E-008   6.1288824852716550E-009   8.6365226474526153E-010   4.5375732487553855E-009  0.35919738080581659       -4.7481350350066290E-009   6.0507439447785997E-008   1.1705309776030139E-009  -3.2389071649263530E-010  -2.6236440069167521E-010  -3.1748518118066833E-010   3.3020220859243253E-009  -1.2529470470247726E-009  -2.2061521605972646E-010   6.9919809251370231E-010   6.1988463485653804E-010  -3.2559765841084254E-010   5.0769518803849847E-008   1.2223369090648632E-008  -5.1202353503034452E-008  -4.8791761552055415E-008  -1.4356138348099758E-008  -1.9777577827390411E-009   4.6747379380378257E-009  0.14912750184280871       -2.2246465209592768E-009  -2.2715462156995618E-008  -9.2633226341131144E-010  -4.8180589317492029E-002   5.6148354831332828E-010   1.2248381518180709E-008   3.4937394852804226E-010  -1.5398307001941117E-008  -9.4388833014437348E-009  -6.4697709137227791E-009  -2.8094982407661308E-009  -3.7656128988267935E-009 -0.20140195543113745        2.3704447644328092E-009  -1.3451099615281728E-008   6.1473059471334257E-009   2.0865973509320446E-009
   4.8190812667495385E-008   1.1823469555645161E-008  -1.8740926076756276E-002  -1.5142038175972854E-007   5.3230540619552145E-008  -9.0931542208491430E-010  0.21969955834906274        8.9717736611987804E-009   1.7231761147534520E-008   1.0943607276716657E-007  -8.0299555065631552E-008   4.8108376014642603E-008   7.1327781270750510E-008   1.4742511861685156E-008   1.3865979351935327E-008  -6.7815038151547187E-009  0.35919736825364473       -1.0547055445673588E-008  -2.0727824603041785E-009  -4.3762935717399230E-010  -1.9694734186444348E-009  -1.8955685157602915E-010  -1.1030350854420814E-009   2.9704881473821152E-009   4.4102862511852103E-010   5.4316971255822949E-010  -1.5407318284588325E-010   1.0630884945850224E-009  -4.5137315434451747E-009  -4.6298656804552807E-009   6.0549543802962954E-008  -4.1363434988674826E-008   1.8084363421374402E-008   4.5877168588834662E-008  -4.4258350174486766E-009  -3.4944104767441710E-009  0.14912750125131297        1.5335128840351097E-008  -1.2143918349731007E-009   9.1504141446479995E-010  -4.8180587927311218E-002   1.1792757782678248E-009  -8.2092977051857192E-010   1.3641896193854259E-008  -1.0046823032803740E-008   8.4204132154020547E-009   8.8675482535835428E-009  -4.9248699894822481E-009   3.8328566573707832E-009 -0.20140194947239093        8.7641343855900155E-009  -4.6220834506033671E-009  -1.6256524273038744E-009
   2.7627837286105559E-009  -5.8419635341460970E-009  -7.6521007777755825E-010   1.1797982465861016E-010  -3.2388642247058240E-008   6.8489660923027351E-008   8.9717736611987804E-009   2.6613920799584918E-014  -9.9893954631564094E-015  -2.1662472019652213E-014  -2.3905557646635394E-014  -1.2442937823941357E-014  -2.7083631457892572E-015  -8.7803426060132985E-009  -5.2954359636893871E-008   1.1198108639528235E-007   1.4669543329903067E-008  -1.0294580406606206E-008   6.3723228443151112E-016  -1.4169978317574230E-016  -5.6128692849297004E-016  -2.8378681333526171E-016   9.3647733582791058E-016  -5.7114356227310309E-016  -5.5952452238685589E-017   4.5320066591837059E-016   2.1677017532224745E-016   8.0561744588031792E-017   1.5763878431739648E-014   1.0707326157498126E-015  -1.3251341752845657E-014  -1.3770128950663845E-014  -8.7331302926178577E-015  -1.9937497532016521E-015  -2.1978739433884029E-008   4.6448984029468391E-008   6.0783983115967524E-009   6.5775124896515987E-009   7.1431330038218648E-009  -1.5290493216202088E-008  -2.0443361596175591E-009   4.4725913712636796E-015  -1.0131506415213482E-015  -3.7945267095181704E-015  -2.8223945743301743E-015  -3.2438346782000841E-015  -1.6501972271329582E-015   2.9842526125238393E-008  -6.3803389349670183E-008  -8.5135135737051375E-009   3.2829730497362514E-009  -1.6413189459572014E-009  -5.6508232823836256E-010
  -4.3316330228276612E-009   8.8154685176750521E-010  -1.4697863788070889E-009   1.4320757847783964E-011   5.0780355540444574E-008  -1.0334454460481408E-008   1.7231761147534520E-008  -9.9893954631564094E-015   1.3576647413845615E-014   1.6356192383790344E-014  -7.1944749352345680E-015   1.8845293182687158E-014   1.7183870987596932E-014  -1.0686360509028713E-009   8.3023994822370466E-008  -1.6896379552079839E-008   2.8174290343043775E-008  -1.2532778712035375E-009  -6.6298372698298865E-016  -1.1004345303062970E-016   5.3624441239418536E-016   3.2798479290478024E-016  -1.9665759259701428E-016   5.6149132199641589E-016   1.8823751932104665E-016  -1.4931517886961777E-016  -1.4250402099753097E-016  -2.8840115244949821E-016  -3.0899954329958083E-015   3.0113516154399754E-015   7.1101005509372551E-015  -5.8476337570014963E-015   9.9568005582220112E-015   8.9376291327547435E-015   3.4461239451113032E-008  -7.0139707136090407E-009   1.1683895740903863E-008   7.9629129555807790E-010  -1.1185938364288018E-008   2.2720050934185660E-009  -3.8637854444187661E-009  -1.4636365744392720E-015   1.6091696956953224E-015   1.1717849369918789E-015  -1.1921957011441474E-015   3.4277625336130479E-015   2.6558319876737691E-015  -4.6738091040336361E-008   9.4949588456453086E-009  -1.6115726320996075E-008   3.9596978652353103E-010  -1.9699575758593501E-010  -6.7644783150393003E-011
  -1.5820999671570377E-009   6.3565493265385751E-009  -9.3346532318423880E-009  -1.6040089165072473E-010   1.8548242552152280E-008  -7.4523043387537699E-008   1.0943607276716657E-007  -2.1662472019652213E-014   1.6356192383790344E-014   8.1581562645148549E-014  -1.6069753694466259E-014   3.4966682986837672E-014   3.7732225351065845E-014   1.1933187163830304E-008   3.0326310263077822E-008  -1.2184626147797705E-007   1.7892798194666169E-007   1.3991647814706605E-008  -1.6870088242708107E-015  -3.6048775345111769E-017  -6.8789048014537694E-016   9.1357637381105548E-017  -1.6281906383019237E-015   2.1719994738730214E-015   2.3457775191082732E-016  -1.7008947003365529E-016  -2.7867312396590263E-016   6.3949316159115087E-016  -1.9464991739121383E-014  -4.9683604637043528E-015   4.7240143805910432E-014  -5.8494088757416578E-015   1.6726889386210506E-014   2.5314402182653063E-014   1.2580876264793531E-008  -5.0535307404396370E-008   7.4226338125730064E-008  -8.9335869807719615E-009  -4.1297689213889190E-009   1.6674031172522970E-008  -2.4378873011612519E-008  -3.8980607133184159E-015   1.0405164466183734E-016   1.1720804329404238E-014  -2.0972626899315691E-015   7.2961003007955058E-015   5.9953246843053698E-015  -1.7237076080924812E-008   6.9561526766169741E-008  -1.0174868953863733E-007  -4.4569322280962190E-009   2.2266839256812205E-009   7.6630621791000362E-010
   1.6187764128539909E-009   6.3647017371522467E-009   6.8493899981056373E-009  -1.5767642601275408E-010  -1.8977987602862527E-008  -7.4618543422748861E-008  -8.0299555065631552E-008  -2.3905557646635394E-014  -7.1944749352345680E-015  -1.6069753694466259E-014   5.6549085438304949E-014  -1.7145509157561093E-014  -3.2643528439024169E-014   1.1729482562369306E-008  -3.1028928910694398E-008  -1.2200222441247680E-007  -1.3128945327559835E-007   1.3749565761528276E-008   4.3912785178443812E-016   4.0077885534217609E-016   5.1519006955024001E-016   1.6158532708256480E-017  -7.1242121837715034E-016  -6.0530724838099145E-016  -2.4299918496540313E-016  -5.1021226672700767E-016  -7.4763629824782807E-017  -3.7042052784665912E-018  -1.5343102034739719E-014  -3.8974549781532239E-015  -4.9711094644517382E-015   3.3514339522306612E-014  -4.6957241221402812E-015  -1.8171237555215837E-014  -1.2872650866995576E-008  -5.0601821570213724E-008  -5.4467255879176934E-008  -8.8168333355028436E-009   4.2235860602324978E-009   1.6683629656314069E-008   1.7867292946731092E-008  -4.2017863233400985E-015  -4.3821535262307191E-016   4.1543776658160849E-016   7.2071495922027131E-015  -1.8021648692727637E-015  -3.0053626533124635E-015   1.7629424972261003E-008   6.9606392892136036E-008   7.4580283525412239E-008  -4.4112073705870122E-009   2.2106273820487214E-009   7.6188984763276894E-010
  -5.2781352844053379E-009   1.4177940851923381E-009  -4.1036389656881178E-009  -1.0097090711817538E-010   6.1879994235692821E-008  -1.6621006694538600E-008   4.8108376014642603E-008  -1.2442937823941357E-014   1.8845293182687158E-014   3.4966682986837672E-014  -1.7145509157561093E-014   2.9309626004042263E-014   2.9588447312818556E-014   7.4977269848611466E-009   1.0117480588273475E-007  -2.7174704475356996E-008   7.8655940292949475E-008   8.7871640554305050E-009  -1.1528147309917485E-015  -1.0697934464082275E-016   3.8387558933744972E-016   3.5221336274857672E-016  -4.1866730672352278E-016   1.1944380789712505E-015   2.0772371975323979E-016  -2.3151182566006724E-016  -1.7171189990532682E-016  -1.1356850343783301E-016  -5.1595013824776378E-015   2.9035653776697972E-015   1.6880110096904783E-014  -1.1339404277497683E-014   1.4611712343171049E-014   1.6498906177252196E-014   4.1960758960932750E-008  -1.1279777823831481E-008   3.2642402169700938E-008  -5.6568569965875927E-009  -1.3852544380098452E-008   3.6598679522040536E-009  -1.0634409647269548E-008  -1.8477434995949961E-015   1.8640052695617733E-015   3.3413500030067790E-015  -2.5055473982103861E-015   5.3339815469500315E-015   4.3532913211615542E-015  -5.7787716561565245E-008   1.5292579826444665E-008  -4.4418218036636780E-008  -2.8375311024926585E-009   1.4255682742980278E-009   4.9185723106392039E-010
  -4.3815603462380848E-009  -5.2273820133550093E-010  -6.0841799090212346E-009   3.9696902180941718E-011   5.1366632246715777E-008   6.1288824852716550E-009   7.1327781270750510E-008  -2.7083631457892572E-015   1.7183870987596932E-014   3.7732225351065845E-014  -3.2643528439024169E-014   2.9588447312818556E-014   3.5351892225009159E-014  -2.9491664522404788E-009   8.3983292462740140E-008   1.0021137998345431E-008   1.1661990972605608E-007  -3.4550175947446618E-009  -1.0763599469218381E-015  -2.5907930915605302E-016   4.6096987831107873E-017   2.6762838796904670E-016  -2.2405616741424016E-016   1.1764504493468813E-015   2.9895189196659312E-016   5.7011912527981724E-017  -1.4200665030759112E-016  -7.6857867719184566E-017  -4.2077670412429193E-016   2.8267224604335523E-015   1.8222451778487085E-014  -1.9744210755982166E-014   1.3428854827864306E-014   2.0164987799879775E-014   3.4851391962425272E-008   4.1528374834428844E-009   4.8388857487471460E-008   2.2393277244094882E-009  -1.1366719357438396E-008  -1.3931367552553963E-009  -1.5822956686516542E-008  -2.7080512255694229E-016   1.4513660507141655E-015   3.3790890094653070E-015  -4.3847550985247962E-015   5.0459996545456962E-015   4.6555600357289566E-015  -4.7471952420986857E-008  -5.8030047267252020E-009  -6.6066769560998763E-008   1.1282331803140576E-009  -5.6930707261477349E-010  -1.9680711845901637E-010
   1.7860925201813120E-008   1.3838119021006233E-009  -2.5921667789682721E-008  -8.6229891134420259E-003  -6.2580929250868200E-008   8.6365226474526153E-010   1.4742511861685156E-008  -8.7803426060132985E-009  -1.0686360509028713E-009   1.1933187163830304E-008   1.1729482562369306E-008   7.4977269848611466E-009  -2.9491664522404788E-009  0.63634175309801089       -7.3921974077766707E-008  -4.5747327055524824E-008   1.6374989918345929E-007  0.74455745224813330       -4.8942507480577745E-009   5.4307095351750945E-009  -2.2561223088706809E-009  -2.1531651848820162E-009   1.2753251400986089E-009   8.7194909483757220E-009  -5.7865230367868304E-009  -7.4982137084367251E-009   2.3327251322475023E-009   7.2704538109299947E-009   6.7735842220222435E-009   2.1108200868143795E-009  -1.4038112900246782E-008  -2.9110469125748939E-010  -1.2349130022449080E-009  -6.4824566650500431E-009  -1.4654330736070029E-008  -1.0695108985431095E-008   8.0910730794678531E-008 -0.49355129022207550        6.2924177137168418E-009   6.8878247349890705E-009  -2.1673174998357048E-008   1.2994325754785657E-009   5.5155405797013157E-010  -3.6545505299102617E-009   9.3666454777999318E-010  -1.0848645032938153E-010  -2.2360502088632940E-009   3.0228581160348777E-008   2.4504108988299494E-008  -9.1602570908957678E-008 -0.25226433092739503       0.12827570482578296        4.4391921383707983E-002
  -3.0636109208901700E-002  -5.6670650744563736E-009   7.1546867633292448E-008  -8.3301450410305013E-008  0.35919737311927880        4.5375732487553855E-009   1.3865979351935327E-008  -5.2954359636893871E-008   8.3023994822370466E-008   3.0326310263077822E-008  -3.1028928910694398E-008   1.0117480588273475E-007   8.3983292462740140E-008  -7.3921974077766707E-008  0.58731740427907353        8.1008867957817539E-009  -9.2581739928688757E-008   1.9076325991996329E-007  -3.2074483481511252E-009  -5.7904107825095643E-010   4.7697638492367388E-009   2.2927605433083752E-009   3.3456671656317279E-010   2.0104122023795113E-009   9.4468839109783994E-010  -1.2135374249254399E-009  -6.8839099927420645E-010  -2.6506544041241165E-009  -2.3824299927938283E-009   2.7963603392679413E-008  -5.0348086055624816E-010  -3.4650988245426903E-008   5.5616202819822382E-008   3.7033416793214338E-008  0.24333551057517916        8.3909330900971449E-009  -5.7835802797263831E-008  -6.7087388647854290E-008  -8.1991481745320088E-002  -1.6126397806592799E-009   1.2016239713649488E-008  -6.9550783129457292E-009   1.2001543050956472E-008  -4.4759624733358208E-009  -5.9766957006984855E-009   1.7423855658738494E-008   1.2931771973649840E-008 -0.34139071842176999       -6.6378182711950337E-009   5.1181427905702831E-008  -2.4816214115447418E-008   1.3360840844999588E-008   4.6915537969281291E-009
  -2.3678780453341902E-008  -3.0635991466111484E-002   2.8501312808136806E-008  -6.8954527764917791E-008  -3.1373109586334252E-009  0.35919738080581659       -6.7815038151547187E-009   1.1198108639528235E-007  -1.6896379552079839E-008  -1.2184626147797705E-007  -1.2200222441247680E-007  -2.7174704475356996E-008   1.0021137998345431E-008  -4.5747327055524824E-008   8.1008867957817539E-009  0.58731728050912291       -1.6415438445006910E-008   4.4046279784305634E-008   1.9137881670900073E-009  -5.2926799746072081E-010  -4.2911859067092913E-010  -5.1914697788896094E-010   5.3975172409567277E-009  -2.0484694919738631E-009  -3.6057762890566564E-010   1.1429511133452773E-009   1.0130459495343210E-009  -5.3206107591885327E-010   8.3006450836078191E-008   1.9980747702594858E-008  -8.3727175515138299E-008  -7.9763202144364605E-008  -2.3468552674495336E-008  -3.2432495180365498E-009   7.9832674581936652E-009  0.24333543990726034       -7.2549596504250193E-009   2.3915337402577069E-009  -1.2844287544481512E-009  -8.1991466075186301E-002   1.9340924280057219E-009   2.0013864464504695E-008   5.4201945949709180E-010  -2.5190229867698896E-008  -1.5392570257616541E-008  -1.0618118095876782E-008  -4.6212942225146254E-009  -5.3308815204793907E-009 -0.34139065190784101        8.1841627474951239E-009  -8.6201997164539785E-010  -1.1336465565103393E-009  -5.1674992348081898E-010
   8.4814994558503932E-008   1.9610138055368932E-008  -3.0636010367725300E-002  -2.4945743499656774E-007   1.6500112338200041E-008  -4.7481350350066290E-009  0.35919736825364473        1.4669543329903067E-008   2.8174290343043775E-008   1.7892798194666169E-007  -1.3128945327559835E-007   7.8655940292949475E-008   1.1661990972605608E-007   1.6374989918345929E-007  -9.2581739928688757E-008  -1.6415438445006910E-008  0.58731731465299142        1.4631476941888329E-007  -3.3878858222371782E-009  -7.1567821236005790E-010  -3.2190404305865378E-009  -3.0926494886196135E-010  -1.8033109081065126E-009   4.8545936957632527E-009   7.2098617279768883E-010   8.8792577766685537E-010  -2.5162713340855919E-010   1.7374849477632639E-009  -7.3760876977930490E-009  -7.5684273265818866E-009   9.8990700890444193E-008  -6.7627761390071637E-008   2.9576823916176691E-008   7.5003852458229744E-008  -5.5439265599011628E-008  -7.9499152487296974E-009  0.24333546168393036       -8.1649463614842652E-008   1.1492157512634301E-008   2.0708663273600844E-009  -8.1991470896611310E-002   1.9464265084419410E-009  -1.3419452040850838E-009   2.2288015918027605E-008  -1.6418953623706541E-008   1.3815431828253112E-008   1.4472528751150728E-008   4.9129014663805441E-008   8.7285518556649185E-009 -0.34139067192118822       -3.9693217675310487E-008   1.9955338301931182E-008   6.9097101765828095E-009
   6.4377569045845416E-009  -3.4183147891469882E-009  -2.8018022711116065E-008  -9.8142396028095338E-003   9.6420872353045952E-008   6.0507439447785997E-008  -1.0547055445673588E-008  -1.0294580406606206E-008  -1.2532778712035375E-009   1.3991647814706605E-008   1.3749565761528276E-008   8.7871640554305050E-009  -3.4550175947446618E-009  0.74455745224813330        1.9076325991996329E-007   4.4046279784305634E-008   1.4631476941888329E-007  0.87702955768726232       -5.7542447028793214E-009   6.3890538065425800E-009  -2.6482562689431703E-009  -2.5296628230842884E-009   1.4895850777579448E-009   1.0249791452701548E-008  -6.8073664366910340E-009  -8.8114474221278612E-009   2.7439859057479884E-009   8.5415598991664997E-009   7.9671159215404764E-009   2.4797396432622208E-009  -1.6494968994321901E-008  -3.6746006525044513E-010  -1.4529115680397334E-009  -7.5996266234380174E-009   9.8277988510726851E-008   2.7216681957083331E-008   7.5732821666111017E-008 -0.51282164157893562       -2.9372291987975087E-008  -7.3403129612535420E-009  -2.0694445743333211E-008   1.3979433446266369E-009   6.1925594084585359E-010  -4.0383276448832615E-009   1.1486665208734973E-009  -1.1354336965500086E-010  -2.5465543836824080E-009  -1.1842685720522355E-007  -3.4353798735574078E-008  -8.6893443119702274E-008 -0.24016001701206643       0.11487126295954951        3.9095311192140034E-002
   1.6753522954983003E-010  -9.9846464398391777E-011   1.7690581417271631E-010   6.5021883585257406E-011  -1.9626053509204004E-009   1.1705309776030139E-009  -2.0727824603041785E-009   6.3723228443151112E-016  -6.6298372698298865E-016  -1.6870088242708107E-015   4.3912785178443812E-016  -1.1528147309917485E-015  -1.0763599469218381E-015  -4.8942507480577745E-009  -3.2074483481511252E-009   1.9137881670900073E-009  -3.3878858222371782E-009  -5.7542447028793214E-009   8.1154869817505481E-017  -3.6382571870792528E-017   8.4700999166866257E-018   4.1540924280350591E-018   1.6371463499100943E-017  -1.1303439241929468E-016   3.4184691143278627E-017   6.3098965751906735E-017  -9.4809556997740230E-018  -5.3344299031218433E-017   2.7380303196561988E-016  -6.0169150322209613E-017  -7.3315819756936089E-016   3.2204952923346643E-016  -5.4077615755948118E-016  -5.9585276301310344E-016  -1.3452032054144944E-009   7.9422789946545170E-010  -1.4169738049842284E-009   3.4901661472251335E-009   3.4309358868196847E-010  -2.5873894437477365E-010   3.8746557522385564E-010   8.1828923329422185E-017  -5.8591523761957853E-017  -1.6084346076578232E-016   7.0331465199567988E-017  -2.0689931646163809E-016  -1.5216075054279791E-016   1.4706860405353031E-009  -1.0807143611886853E-009   1.6477177525334878E-009   1.6802025834209938E-009  -8.1253881513735713E-010  -2.7596510975953840E-010
   3.0155923612003840E-011   2.7654080436497971E-011   3.7314219120212618E-011  -7.1954517620257283E-011  -3.5392976724021781E-010  -3.2389071649263530E-010  -4.3762935717399230E-010  -1.4169978317574230E-016  -1.1004345303062970E-016  -3.6048775345111769E-017   4.0077885534217609E-016  -1.0697934464082275E-016  -2.5907930915605302E-016   5.4307095351750945E-009  -5.7904107825095643E-010  -5.2926799746072081E-010  -7.1567821236005790E-010   6.3890538065425800E-009  -3.6382571870792528E-017   4.8478888920586355E-017  -1.9685362365297165E-017  -1.9845275022338000E-017   7.8621696980193590E-018   6.8657676124147734E-017  -5.1086764587784788E-017  -6.5140306943643339E-017   2.0061181917477999E-017   6.3225360902597925E-017  -5.4448841710553625E-018  -1.8320034372928095E-017  -1.6490341759170309E-016   1.8586092045494903E-016  -8.0365103907457296E-017  -1.8041582805791139E-016  -2.3641366292364954E-010  -2.2260471496585168E-010  -2.9527961684572008E-010  -3.8275487495454995E-009   1.0326120823021950E-010   5.2570230213384955E-011   1.0785852909892243E-010  -3.0550010860652754E-018  -6.6449853147134359E-018  -2.9607864433677167E-017   4.8226618482491007E-017  -2.5758589863650751E-017  -4.5171213268605909E-017   4.2092543143704948E-010   2.2746930021944864E-010   4.4589512762374683E-010  -1.8259879538001178E-009   8.7469561280896585E-010   2.9579161705537200E-010
  -2.4914374975459721E-010   2.2364878334498982E-011   1.6808869190858318E-010   3.0175372211655999E-011   2.9185797941959599E-009  -2.6236440069167521E-010  -1.9694734186444348E-009  -5.6128692849297004E-016   5.3624441239418536E-016  -6.8789048014537694E-016   5.1519006955024001E-016   3.8387558933744972E-016   4.6096987831107873E-017  -2.2561223088706809E-009   4.7697638492367388E-009  -4.2911859067092913E-010  -3.2190404305865378E-009  -2.6482562689431703E-009   8.4700999166866257E-018  -1.9685362365297165E-017   6.4850375399758853E-017   2.8427148166749165E-017   4.1583436766487027E-018  -3.9791582699528506E-017   2.4546268145909744E-017   1.1043755062556903E-017  -1.3246910519656748E-017  -5.6568004689497903E-017  -6.3418854264596180E-017   2.4654538700252713E-016  -4.3584496444772039E-016   1.4843464448346917E-016   3.1079940684231207E-016  -8.5015904306520794E-017   2.0006095346721994E-009  -1.7642906177529054E-010  -1.3462677768318633E-009   1.6563684161184950E-009  -5.0910976509167591E-010   6.8651157209949922E-011   3.6871442038999545E-010  -8.3845144493716006E-017   1.0038563468040728E-016  -1.2612148766213068E-016   4.8693319715363611E-017   7.4585121598033905E-017   3.5151632072285938E-017  -2.1829003825012201E-009   2.8232513855418642E-010   1.5677026517837408E-009   8.1489284999874594E-010  -4.0227558786844069E-010  -1.3781087269434032E-010
  -1.1979347118036720E-010   2.7075311540167141E-011   1.6229823440657691E-011   2.8691420190042047E-011   1.4030646033768240E-009  -3.1748518118066833E-010  -1.8955685157602915E-010  -2.8378681333526171E-016   3.2798479290478024E-016   9.1357637381105548E-017   1.6158532708256480E-017   3.5221336274857672E-016   2.6762838796904670E-016  -2.1531651848820162E-009   2.2927605433083752E-009  -5.1914697788896094E-010  -3.0926494886196135E-010  -2.5296628230842884E-009   4.1540924280350591E-018  -1.9845275022338000E-017   2.8427148166749165E-017   1.6924187864555314E-017  -6.8165856575200604E-018  -2.2497771577895942E-017   2.3267903637863467E-017   1.9200863178611315E-017  -1.1371900103373309E-017  -3.5499810209215256E-017  -1.0165822057235851E-016   8.8356913291505841E-017   6.7400667751515307E-017  -2.8207323335435224E-017   2.2630098091725124E-016   1.2986545560655518E-016   9.6408619612347860E-010  -2.1475201176436781E-010  -1.3515034602184439E-010   1.5558347448192823E-009  -2.2918101136525946E-010   7.4653378358329194E-011  -1.8762492025120673E-012  -4.8700775335748400E-017   4.4001048635041460E-017   5.7950708942169909E-018  -4.6631868541344519E-018   7.0806100296729793E-017   5.3363793604647621E-017  -9.9083717072581921E-010   3.0995982065778980E-010   1.0322054473072586E-011   7.5651500713197249E-010  -3.6881791611667955E-010  -1.2561434847543154E-010
  -1.7477640122669106E-011  -2.8177318615255844E-010   9.4100549903449512E-011  -1.7404920818598933E-011   2.0472468211941484E-010   3.3020220859243253E-009  -1.1030350854420814E-009   9.3647733582791058E-016  -1.9665759259701428E-016  -1.6281906383019237E-015  -7.1242121837715034E-016  -4.1866730672352278E-016  -2.2405616741424016E-016   1.2753251400986089E-009   3.3456671656317279E-010   5.3975172409567277E-009  -1.8033109081065126E-009   1.4895850777579448E-009   1.6371463499100943E-017   7.8621696980193590E-018   4.1583436766487027E-018  -6.8165856575200604E-018   5.7940777109150736E-017  -1.5148091186049196E-017  -1.6575502792520710E-017  -7.9182286923064183E-018   1.4376316920521486E-017   2.8025176175071984E-018   7.9790589204723884E-016   2.2720497179320756E-016  -1.1016259762122536E-015  -5.4618827847524785E-016  -2.7743883743007935E-016  -2.5171758893078490E-016   1.4043669398669857E-010   2.2524550486162434E-009  -7.4965253596342006E-010  -1.0181316558675982E-009  -3.5021529199434114E-011  -6.4967234764917060E-010   2.3562960954885069E-010   1.7730942223806840E-016   1.7837310326888858E-017  -3.0945976596112865E-016  -9.3926395046359692E-017  -1.2883004552915888E-016  -8.3382940524770796E-017  -1.5052393615154519E-010  -2.7468612264035209E-009   9.8758724877891893E-010  -5.3018501379166245E-010   2.7502460275914232E-010   9.6082039250608713E-011
  -1.0497489142839224E-010   1.0688278822047870E-010  -2.5357403351001804E-010  -1.1592742169105192E-010   1.2300033150094041E-009  -1.2529470470247726E-009   2.9704881473821152E-009  -5.7114356227310309E-016   5.6149132199641589E-016   2.1719994738730214E-015  -6.0530724838099145E-016   1.1944380789712505E-015   1.1764504493468813E-015   8.7194909483757220E-009   2.0104122023795113E-009  -2.0484694919738631E-009   4.8545936957632527E-009   1.0249791452701548E-008  -1.1303439241929468E-016   6.8657676124147734E-017  -3.9791582699528506E-017  -2.2497771577895942E-017  -1.5148091186049196E-017   1.7414909225931084E-016  -6.9131583343584827E-017  -1.0385684687945667E-016   2.4092017457213720E-017   1.0706902598075074E-016  -2.6568689404278449E-016  -7.6349444577481415E-018   9.1623486852216022E-016  -4.0386356513468845E-016   4.9921988298819562E-016   6.6955081824078718E-016   8.4066090485634165E-010  -8.5081660928183937E-010   2.0362214631653825E-009  -6.2383833535355957E-009  -2.3113711141032941E-010   2.7248142869781525E-010  -5.1796348825955158E-010  -6.1083641901383289E-017   3.4606553242561883E-017   2.0999951986458105E-016  -8.9695645558532568E-017   2.0677650866521460E-016   1.5077994173784334E-016  -9.8232797727894466E-010   1.1399709808847902E-009  -2.2209680068017033E-009  -3.0107429409353872E-009   1.4589532205887997E-009   4.9586050867573645E-010
  -4.9268800215896706E-011   1.8829701388242355E-011  -3.7627070389468310E-011   7.6682624272108458E-011   5.7772475952073657E-010  -2.2061521605972646E-010   4.4102862511852103E-010  -5.5952452238685589E-017   1.8823751932104665E-016   2.3457775191082732E-016  -2.4299918496540313E-016   2.0772371975323979E-016   2.9895189196659312E-016  -5.7865230367868304E-009   9.4468839109783994E-010  -3.6057762890566564E-010   7.2098617279768883E-010  -6.8073664366910340E-009   3.4184691143278627E-017  -5.1086764587784788E-017   2.4546268145909744E-017   2.3267903637863467E-017  -1.6575502792520710E-017  -6.9131583343584827E-017   5.5477546102734893E-017   6.6860888493682961E-017  -2.3344176286605433E-017  -6.8130910256426232E-017  -1.2573666341548344E-016   4.1424466384647026E-018   3.0021745863827613E-016  -8.6929455730107200E-017   1.5146130622398895E-016   2.1266589805027871E-016   3.9076743998060619E-010  -1.5090638724099952E-010   3.0006942127301755E-010   4.0815329019649235E-009  -1.3594416359044897E-010   4.0623827176064854E-011  -9.1965956323581603E-011  -3.2269063401045586E-017   1.2440658245349923E-017   6.7327454009132664E-017  -2.9049055594382505E-017   5.2175373022731424E-017   6.1317687417270420E-017  -5.6440007844867165E-010   1.7305702828253071E-010  -3.8641819867914667E-010   1.9483545008623155E-009  -9.3368280273025032E-010  -3.1576540219372173E-010
   6.3403127990899648E-011  -5.9661828096290828E-011  -4.6345213768760028E-011   9.9816407936283678E-011  -7.4261912190581139E-010   6.9919809251370231E-010   5.4316971255822949E-010   4.5320066591837059E-016  -1.4931517886961777E-016  -1.7008947003365529E-016  -5.1021226672700767E-016  -2.3151182566006724E-016   5.7011912527981724E-017  -7.4982137084367251E-009  -1.2135374249254399E-009   1.1429511133452773E-009   8.8792577766685537E-010  -8.8114474221278612E-009   6.3098965751906735E-017  -6.5140306943643339E-017   1.1043755062556903E-017   1.9200863178611315E-017  -7.9182286923064183E-018  -1.0385684687945667E-016   6.6860888493682961E-017   9.4688914292423941E-017  -2.4562958472826488E-017  -7.8808532302325988E-017   7.5207656618535868E-017  -5.5249378102372048E-017   1.5370748530761389E-016  -1.8230343191150330E-016  -1.0118653330664886E-016   1.0709549587460759E-016  -5.1011334754245172E-010   4.7660982372351361E-010   3.6995591150007360E-010   5.3947728462304280E-009   1.2238852578959846E-010  -1.3987392889417389E-010  -1.1064481189014203E-010   4.1192827252781549E-017  -3.1260112359414374E-017   3.5056093511196733E-017  -5.3880443234201627E-017  -3.4356215936984888E-017   1.2687065784165920E-017   5.2852236382529852E-010  -5.9032194529641052E-010  -4.6605427941954038E-010   2.6146707806677860E-009  -1.2725659185868733E-009  -4.3336433028549942E-010
   3.5945087738406119E-011  -5.2917423166182054E-011   1.3167840626851348E-011  -3.0926009235156126E-011  -4.2116909091514707E-010   6.1988463485653804E-010  -1.5407318284588325E-010   2.1677017532224745E-016  -1.4250402099753097E-016  -2.7867312396590263E-016  -7.4763629824782807E-017  -1.7171189990532682E-016  -1.4200665030759112E-016   2.3327251322475023E-009  -6.8839099927420645E-010   1.0130459495343210E-009  -2.5162713340855919E-010   2.7439859057479884E-009  -9.4809556997740230E-018   2.0061181917477999E-017  -1.3246910519656748E-017  -1.1371900103373309E-017   1.4376316920521486E-017   2.4092017457213720E-017  -2.3344176286605433E-017  -2.4562958472826488E-017   1.1258336369117717E-017   2.8181823845635587E-017   1.7414006651459780E-016   1.2762810553674386E-017  -2.3788245503208355E-016  -6.9234420105740985E-017  -1.2284206202170110E-016  -1.0490555800442765E-016  -2.8785572667585501E-010   4.2507239431138758E-010  -1.0730619955355286E-010  -1.6484016196232746E-009   7.9126847467637045E-011  -1.0707183497743322E-010   1.5526402069174686E-011   4.6348914828753935E-017  -1.0045861968909113E-017  -6.0721947239009337E-017  -9.2535554538403210E-018  -4.4242209359790116E-017  -3.7095184479953740E-017   3.3629603858429983E-010  -4.5964667784717432E-010   7.2538033969575087E-011  -7.8800350399399811E-010   3.7797269513603864E-010   1.2785304965204954E-010
   1.3844287089675382E-010   2.7799593225297601E-011  -9.0740902855974426E-011  -9.6890170545580255E-011  -1.6218651585430742E-009  -3.2559765841084254E-010   1.0630884945850224E-009   8.0561744588031792E-017  -2.8840115244949821E-016   6.3949316159115087E-016  -3.7042052784665912E-018  -1.1356850343783301E-016  -7.6857867719184566E-017   7.2704538109299947E-009  -2.6506544041241165E-009  -5.3206107591885327E-010   1.7374849477632639E-009   8.5415598991664997E-009  -5.3344299031218433E-017   6.3225360902597925E-017  -5.6568004689497903E-017  -3.5499810209215256E-017   2.8025176175071984E-018   1.0706902598075074E-016  -6.8130910256426232E-017  -7.8808532302325988E-017   2.8181823845635587E-017   1.0090364850636724E-016  -8.7867656694203694E-018  -1.4258333956022082E-016   2.1028880603677263E-016   2.5247439069807178E-017  -1.5623738841925279E-016  -1.6460380098479910E-017  -1.1109501235678387E-009  -2.2374210928368468E-010   7.2768890527635213E-010  -5.2556122683196655E-009   2.8824513909640803E-010   5.3087435337644450E-011  -1.9235340543357911E-010   3.1791042351018181E-017  -5.1523053439086820E-017   6.7875226240520285E-017   3.8670012630899073E-018  -2.9985355398636825E-017  -3.5657489886684031E-017   1.2331011037684508E-009   2.2957155887841775E-010  -8.2111757500735674E-010  -2.5562471095772684E-009   1.2483551437213091E-009   4.2572989764570590E-010
   1.2396616646289307E-010  -4.3306797282224881E-009   3.8536903087793533E-010  -8.9838551322743264E-011  -1.4557812355074434E-009   5.0769518803849847E-008  -4.5137315434451747E-009   1.5763878431739648E-014  -3.0899954329958083E-015  -1.9464991739121383E-014  -1.5343102034739719E-014  -5.1595013824776378E-015  -4.2077670412429193E-016   6.7735842220222435E-009  -2.3824299927938283E-009   8.3006450836078191E-008  -7.3760876977930490E-009   7.9671159215404764E-009   2.7380303196561988E-016  -5.4448841710553625E-018  -6.3418854264596180E-017  -1.0165822057235851E-016   7.9790589204723884E-016  -2.6568689404278449E-016  -1.2573666341548344E-016   7.5207656618535868E-017   1.7414006651459780E-016  -8.7867656694203694E-018   1.1907309384370616E-014   2.8288919150254271E-015  -1.3224592119284556E-014  -1.0288118556501543E-014  -3.9274841319264091E-015  -1.6191907244543341E-015  -9.6520299812627571E-010   3.4452015746749002E-008  -3.0999194834883240E-009  -4.7939059561144508E-009   4.7305879982278984E-010  -1.1196030471654335E-008   7.4797514711377715E-010   2.8502056831135585E-015   5.2075344045247230E-017  -3.8575413079107032E-015  -1.9395335174514878E-015  -1.7374992726111687E-015  -9.1067167917191393E-016   1.9131501955933088E-009  -4.6775063621043787E-008   3.2277829540479505E-009  -2.2944020050779539E-009   1.1035876116123409E-009   3.7399606911704200E-010
