   1.4732156391860537E-002   1.6577494647739147E-016  -3.1521767394584255E-009  -2.1825501555511143E-008   5.2264731490304202E-002   1.9419896885017433E-016  -5.2802980652190933E-009   1.9983632550742385E-008   4.3460126098572669E-009   8.4559003542151108E-018   9.4868885263534780E-010  -2.2232854923736569E-009   5.9271954286989044E-018  -2.1227269738176438E-009   5.2615556509427994E-002   2.4565421714319707E-016  -5.1842867556737392E-009   1.2249735832726563E-008  -3.2887625444152939E-009   3.6132362359231259E-018  -6.6086999863431696E-010   1.6771847371491936E-009   1.8729887620164220E-018   1.6115783268581388E-009  -4.6247049797479966E-010   6.8850911604419423E-018  -1.1744747758772910E-010   3.1698286365816681E-010   9.3306179610429677E-019   3.0348371787749611E-010   1.1039458681446166E-017   2.9663238889268769E-011   6.9273864987062568E-018   6.5430506936076286E-011   3.3348369692611797E-002   1.5720052334205779E-016  -3.3062178293979244E-009  -4.1823083781382233E-009  -2.4782560214691019E-009  -3.5332643988251354E-010   1.1221020332633396E-018  -6.0878363215520273E-011   1.7925672415058575E-010  -3.2786465452913665E-019   1.7406996496255493E-010
   1.6577494647739147E-016   1.4732185908676960E-002   4.7369734469224417E-017  -4.2243018635102183E-017   3.1097631445653257E-016   5.2264780934736979E-002  -1.1495513489491970E-017  -3.9246698725473525E-016   4.9591593077636950E-017  -1.2979010028346406E-009   1.0636769340636473E-018   4.6761554289792433E-017  -1.3860620370115803E-010   1.9456268178879992E-017   4.1498388464993033E-016   5.2615605054813185E-002   1.9092996552528400E-017  -5.2227138782877775E-016   6.9765437730894021E-017   4.5417036049637123E-010  -2.7217824900342683E-018   7.8799049026761771E-017   4.8501993947150805E-011   7.4106500211688148E-017  -5.6780300997158792E-017  -1.5466328937335057E-010  -1.0649341962046933E-017  -2.3696003125516809E-017  -2.3908144897855741E-011  -2.4577425256745266E-017   8.7693555690141071E-011  -8.4550578144266268E-018   3.7006601039603436E-011  -1.9574083722241752E-017   1.8850280330683921E-016   3.3348400651859775E-002  -3.6726399158497281E-017   2.0413528937935987E-016   1.2086669726754994E-016   4.1852746025462019E-017  -4.4912282945835266E-011  -1.6103738230677767E-020   4.3973823204487102E-017  -4.7963003492756223E-012   4.0813904814090202E-017
  -3.1521767394584255E-009   4.7369734469224417E-017   1.4732185572049881E-002  -2.3308013232375642E-009  -5.2802977632532066E-009   1.6054382124191506E-016   5.2264780370841132E-002   2.1341037918350717E-009   7.0419480049108566E-010  -1.5718522920499625E-017  -1.1817859605011012E-009  -2.3743032821149546E-010   1.0409850139718960E-018  -4.6676438573694466E-010  -5.1842863818056626E-009   1.4824655804286030E-016   5.2615604501175986E-002   1.3081815611999587E-009  -4.3522332365772962E-010   3.2399722770325104E-018   3.7841470828382665E-010   1.7911086471157302E-010   2.4563593068419982E-018   2.5611251389191805E-010  -1.2455529370067189E-011   6.3056357381747205E-018  -1.6278397096951886E-010   2.9663247642155940E-011   1.2694092662360742E-019  -1.2952343092361344E-011   8.0851960046467755E-018   4.2385191145709020E-011  -2.2933927228600604E-018   8.9735952615775072E-011  -3.3062175929213649E-009   1.0799798828074303E-016   3.3348400298782027E-002  -4.4664089758372431E-010  -2.6466089547586217E-010  -2.9425203296665999E-011   3.7224485717909923E-020  -5.0901429999549766E-011   1.9143285451871670E-011   1.4325893465943991E-018   1.0281942402622145E-011
  -2.1825501555511143E-008  -4.2243018635102183E-017  -2.3308013232375642E-009   4.9249360461735570E-005  -7.6836712357367518E-008  -1.6205038199750502E-016  -8.2055897102290535E-009  -4.7826821616304875E-003  -3.3163178605691291E-011   8.3053162419767506E-020  -6.1693697225028882E-012   1.6866805244370969E-011   3.6133615865696080E-018   1.6296230072845912E-011  -7.7868128857971022E-008  -1.5677210339011167E-016  -8.3157373012581637E-009  -6.3828833285350947E-003  -9.7284089667307022E-011  -6.6597689720496344E-019  -1.8097847428975848E-011   4.9478884370248519E-011  -1.7812952908685758E-018   4.7805095640314425E-011   2.4816356033795286E-011  -6.1286115253321537E-019   7.2143847284271479E-012  -1.7130231907173573E-011   6.9942349841167096E-020  -1.6164432491979067E-011  -4.6337664026063393E-019  -1.8293818994411808E-012  -3.5349451552285035E-019  -4.0137438896181277E-012  -4.9305758766369669E-008  -1.0564528720773570E-016  -5.2654885106639377E-009   2.0284619488032821E-003   1.1467929644329998E-003  -1.2658427281480983E-011   2.1184718304166952E-019  -2.3548608973098189E-012   6.4381229654423922E-012   4.3490848400793833E-019   6.2203343341267277E-012
   5.2264731490304202E-002   3.1097631445653257E-016  -5.2802977632532066E-009  -7.6836712357367518E-008  0.18541767308843776       -2.9423643799433725E-016   2.2075695291831412E-009   1.3305419425202238E-008   1.5418189594212787E-008   2.9998706412355025E-017   3.3656281376614728E-009  -7.8874683789530396E-009   2.1027740323740775E-017  -7.5307207055829497E-009  0.18666228215562269       -1.1829055295220484E-016   2.6887450796927453E-009  -3.3397424418774116E-008  -1.1667423734261348E-008   1.2818530668951152E-017  -2.3445443481762930E-009   5.9500875125347874E-009   6.6447124650510651E-018   5.7173380650629038E-009  -1.6406893485932026E-009   2.4425984385660292E-017  -4.1666409174820989E-010   1.1245482979137846E-009   3.3101904978607983E-018   1.0766578675400936E-009   3.9164277606408657E-017   1.0523518081032827E-010   2.4576029803027678E-017   2.3212539994873482E-010  0.11830878937633083       -6.9645372274866890E-017   1.6319469437763268E-009   1.0508864269309551E-008   6.1135906077320033E-009  -1.2534834307690266E-009   3.9808437895092767E-018  -2.1597598764104094E-010   6.3594259834151154E-010  -1.1631475626532302E-018   6.1754171661424649E-010
   1.9419896885017433E-016   5.2264780934736979E-002   1.6054382124191506E-016  -1.6205038199750502E-016  -2.9423643799433725E-016  0.18541765241688840       -6.7416614994582128E-017  -1.9749969659989557E-016   1.7593398358469371E-016  -4.6045109672540017E-009   3.7735404832620736E-018   1.6589413285002928E-016  -4.9172763074961279E-010   6.9024269710056189E-017   6.5366190454664751E-017  0.18666225697836122        4.0919855534847869E-017  -2.5989484234317039E-016   2.4750413803454164E-016   1.6112418445936582E-009  -9.6559358361664126E-018   2.7955214641246259E-016   1.7206856499501161E-010   2.6290458263791178E-016  -2.0143717425044371E-016  -5.4869270506442739E-010  -3.7780238903173869E-017  -8.4065357548581716E-017  -8.4817960035816400E-011  -8.7192343097093247E-017   3.1110688569534809E-010  -2.9995667487973807E-017   1.3128682386059987E-010  -6.9442187065826539E-017  -2.2293804412673520E-016  0.11830877409487009       -1.4728769556529336E-016  -3.0355579355295972E-016  -4.7814083955435114E-016   1.4847930964874938E-016  -1.5933349225931730E-010  -5.7128278953198595E-020   1.5600414996086411E-016  -1.7015641032906654E-011   1.4479383531540016E-016
  -5.2802980652190933E-009  -1.1495513489491970E-017   5.2264780370841132E-002  -8.2055897102290535E-009   2.2075695291831412E-009  -6.7416614994582128E-017  0.18541765265262081        1.4209217927920204E-009   2.4982451809557573E-009  -5.5763950337867483E-017  -4.1925739996987199E-009  -8.4232286514559308E-010   3.6930692153950510E-018  -1.6559220087864388E-009   2.6887453275872526E-009  -1.1532094815322714E-016  0.18666225726549843       -3.5665929712752623E-009  -1.5440256686179188E-009   1.1494313996325030E-017   1.3424863050492319E-009   6.3542512394372866E-010   8.7143247023653181E-018   9.0860073960311867E-010  -4.4188132425229473E-011   2.2370253428622934E-017  -5.7750216393182461E-010   1.0523521186278359E-010   4.5034395958669369E-019  -4.5950404189866709E-011   2.8683526257793550E-017   1.5036824209385349E-010  -8.1361749221960431E-018   3.1835263967663056E-010   1.6319470991739454E-009  -2.3290348286992785E-017  0.11830877426914189        1.1222690498531541E-009   6.5288727604474138E-010  -1.0439076445260678E-010   1.3206108678472043E-019  -1.8058097697711532E-010   6.7913941575934125E-011   5.0823399078159117E-018   3.6476909999625539E-011
   1.9983632550742385E-008  -3.9246698725473525E-016   2.1341037918350717E-009  -4.7826821616304875E-003   1.3305419425202238E-008  -1.9749969659989557E-016   1.4209217927920204E-009  0.46466177212576526        3.2221258940941044E-009  -1.8978349628574618E-018   5.9941439411961693E-010  -1.6387744815843915E-009  -3.4816319521452726E-016  -1.5833375554811863E-009   6.3478597335445749E-008  -8.5248189973785792E-016   6.7790419450256402E-009  0.62009882115686099        9.4496727968356224E-009   6.3482524242901901E-017   1.7579311942531785E-009  -4.8061226757806657E-009   1.7065190457905931E-016  -4.6435395065937401E-009  -2.4083321418978366E-009   5.2601677546458182E-017  -7.0012836236555568E-010   1.6624232847956533E-009  -6.8527456357910841E-018   1.5686961648932999E-009   6.0766767204425752E-017   1.7753449318560678E-010   3.0278633734502164E-017   3.8951844844443375E-010   3.5589098591996905E-008   1.0799958781497831E-016   3.8006515661956788E-009 -0.20664207864862061      -0.12280944549054797        1.2358723679394412E-009  -2.1680766159486829E-017   2.2991066681703224E-010  -6.2856924221373855E-010  -4.1829613004470530E-017  -6.0730599358736462E-010
   4.3460126098572669E-009   4.9591593077636950E-017   7.0419480049108566E-010  -3.3163178605691291E-011   1.5418189594212787E-008   1.7593398358469371E-016   2.4982451809557573E-009   3.2221258940941044E-009   1.3380881756537968E-015  -2.6157009077454800E-024   2.2753286053326583E-016  -6.7858766056255128E-016  -1.0716409507607504E-024  -6.5950037272567851E-016   1.5521683958041247E-008   1.7711493909388235E-016   2.5150145742582835E-009   4.2998605094492967E-009  -9.2547649615110844E-016   3.1852162213976153E-024  -1.6468131987495271E-016   4.7001141141314231E-016   2.0074782200902444E-024   4.5546531410131372E-016  -1.5371522884594955E-016   2.1504570672714131E-024  -4.7280291488681667E-017   1.0644934173165346E-016   1.5310721177208267E-025   9.9780504333351077E-017   4.4191482332673262E-024   1.2007062928871311E-017   2.2531612043435949E-024   2.6290920524835747E-017   9.8378291038284767E-009   1.1225757542645795E-016   1.5940463495244780E-009  -1.4690365395175058E-009  -8.9460476556299859E-010  -9.7045888124865815E-017   2.7129162983922950E-026  -1.8793821134307205E-017   4.9425890648786581E-017  -3.3284888270058988E-025   4.7620052470092238E-017
   8.4559003542151108E-018  -1.2979010028346406E-009  -1.5718522920499625E-017   8.3053162419767506E-020   2.9998706412355025E-017  -4.6045109672540017E-009  -5.5763950337867483E-017  -1.8978349628574618E-018  -2.6157009077454800E-024   1.1434467523023886E-016   1.7136090117816821E-024  -5.1476211326631754E-024   1.2211163495899207E-017  -2.4394534681824373E-024   3.0200061834532937E-017  -4.6354184632690565E-009  -5.6138265125658297E-017  -3.4397684963079911E-018  -7.6806969843522783E-024  -4.0012267697411160E-017  -5.6394872848949635E-025  -6.1141181310670252E-024  -4.2730106023445603E-018  -5.8224306416657862E-024   4.8381750537827848E-024   1.3625787756394140E-017   1.0700582952170394E-024   2.1771532882335972E-024   2.1063001397889339E-018   2.2959520868987141E-024  -7.7257750192608148E-018   7.1020349714249225E-025  -3.2602700575829144E-018   1.6520486281698638E-024   1.9141167934504831E-017  -2.9379837396355016E-009  -3.5581100442323969E-017  -2.8282175080744953E-016  -3.3730645059759660E-016  -3.6860185559421458E-024   3.9567581780691223E-018   5.2894361136220408E-026  -3.8794010328741855E-024   4.2255257107193157E-019  -3.5915652716444485E-024
   9.4868885263534780E-010   1.0636769340636473E-018  -1.1817859605011012E-009  -6.1693697225028882E-012   3.3656281376614728E-009   3.7735404832620736E-018  -4.1925739996987199E-009   5.9941439411961693E-010   2.2753286053326583E-016   1.7136090117816821E-024   1.5666534697382146E-016  -1.2623830766458978E-016  -1.5892462266892136E-025  -1.0129453272896581E-016   3.3882198423761580E-009   3.7988735757453985E-018  -4.2207163799764232E-009   7.9990613558658027E-010  -1.6468132384552862E-016   8.6600260411573477E-026  -7.0645475983239992E-017   8.7436676985766046E-017   1.4551888088344109E-025   7.7244689576792535E-017  -3.1886882301896898E-017  -1.0638799703789361E-026   4.5924491694333451E-018   2.0176077598013616E-017   3.9295791801092542E-026   2.2604489276586292E-017   1.5809747414371140E-025  -1.2609832367235268E-018   6.6894277186362091E-025  -2.4828073943478954E-018   2.1474942996091900E-009   2.4077714043743612E-018  -2.6751405942032367E-009  -2.7328686865216224E-010  -1.6642509379762544E-010  -1.8793817233655043E-017   3.7290176077935154E-026   4.6026662343042688E-019   9.1947461148977587E-018  -1.9004122925859965E-025   9.5990815327572602E-018
  -2.2232854923736569E-009   4.6761554289792433E-017  -2.3743032821149546E-010   1.6866805244370969E-011  -7.8874683789530396E-009   1.6589413285002928E-016  -8.4232286514559308E-010  -1.6387744815843915E-009  -6.7858766056255128E-016  -5.1476211326631754E-024  -1.2623830766458978E-016   3.4513137074667958E-016  -1.2887624104904388E-025   3.3345621799205893E-016  -7.9404128887035976E-009   1.6700768200977134E-016  -8.4797694437666031E-010  -2.1869107214820195E-009   4.7001140421878637E-016   6.2253399941736906E-025   8.7436676537483006E-017  -2.3904905977122075E-016  -7.6552679508887423E-025  -2.3096246110662735E-016   7.8482568483155326E-017  -1.8037902493574437E-024   2.2815690737260746E-017  -5.4174699212946941E-017  -1.9446637774816041E-025  -5.1120318958733154E-017  -1.7625111168740910E-024  -5.7854476290320384E-018  -9.8999781811444919E-025  -1.2693528998849939E-017  -5.0327287443929834E-009   1.0585146626783373E-016  -5.3745793856866802E-010   7.4715386199138953E-010   4.5499788809382089E-010   4.9425877229110884E-017  -2.3392412474211030E-025   9.1947455533637372E-018  -2.5138141471447784E-017   1.5787804270382902E-025  -2.4287763744670559E-017
   5.9271954286989044E-018  -1.3860620370115803E-010   1.0409850139718960E-018   3.6133615865696080E-018   2.1027740323740775E-017  -4.9172763074961279E-010   3.6930692153950510E-018  -3.4816319521452726E-016  -1.0716409507607504E-024   1.2211163495899207E-017  -1.5892462266892136E-025  -1.2887624104904388E-025   1.3040617206124238E-018   1.1092541626293167E-025   2.1168849552381249E-017  -4.9502832215766253E-010   3.7178544511843041E-018  -4.6505488021049929E-016  -9.1247717826433230E-024  -4.2730135155919096E-018  -1.5370526007181357E-024   3.5644989784420956E-024  -4.5632584971616204E-019   3.4652882292922939E-024   2.1884414478783382E-024   1.4551331027763971E-018   5.7668795966526141E-025  -9.1835765727780042E-025   2.2493723758110415E-019  -8.4685252158556242E-025  -8.2505548861591101E-019  -4.1247693898141778E-026  -3.4817266858971744E-019  -8.0961635996768930E-026   1.3417074741158489E-017  -3.1375487945322953E-010   2.3564215293042801E-018   2.1820614539362670E-017  -6.6381450326198955E-017  -1.3807181344174791E-024   4.2255243568492026E-019  -1.8471020682015920E-025   8.8359728314216322E-026   4.5125481537171511E-020   1.0087790622137690E-025
  -2.1227269738176438E-009   1.9456268178879992E-017  -4.6676438573694466E-010   1.6296230072845912E-011  -7.5307207055829497E-009   6.9024269710056189E-017  -1.6559220087864388E-009  -1.5833375554811863E-009  -6.5950037272567851E-016  -2.4394534681824373E-024  -1.0129453272896581E-016   3.3345621799205893E-016   1.1092541626293167E-025   3.2604408419230127E-016  -7.5812705562381640E-009   6.9487586355436005E-017  -1.6670373207968584E-009  -2.1129312861054693E-009   4.5546533986334921E-016  -2.3752387681679100E-025   7.7244691680470887E-017  -2.3096247794428351E-016  -8.6067236680726140E-025  -2.2450297462301575E-016   7.5232583146510469E-017  -1.5624679967097722E-024   2.4464577534581150E-017  -5.2274589116064946E-017  -1.4658245448457007E-025  -4.8660135180688386E-017  -1.9672827347813721E-024  -6.2216094072965077E-018  -9.7225303410494840E-025  -1.3597378613241547E-017  -4.8051000342270408E-009   4.4042061532108389E-017  -1.0565882150542000E-009   7.2187946354716033E-010   4.3960672628671588E-010   4.7620042286701042E-017  -1.4625988317461597E-025   9.5990812010871637E-018  -2.4287765122707663E-017   1.3726584706579384E-025  -2.3332304171095855E-017
   5.2615556509427994E-002   4.1498388464993033E-016  -5.1842863818056626E-009  -7.7868128857971022E-008  0.18666228215562269        6.5366190454664751E-017   2.6887453275872526E-009   6.3478597335445749E-008   1.5521683958041247E-008   3.0200061834532937E-017   3.3882198423761580E-009  -7.9404128887035976E-009   2.1168849552381249E-017  -7.5812705562381640E-009  0.18791524561376358        2.4492072356513051E-016   3.1762817238365306E-009   3.3218264771598143E-008  -1.1745739856786094E-008   1.2904584665771202E-017  -2.3602818199109688E-009   5.9900267317771545E-009   6.6893337626841696E-018   5.7557149807197563E-009  -1.6517026732216593E-009   2.4589948012442632E-017  -4.1946101056082563E-010   1.1320969651004477E-009   3.3324091265579549E-018   1.0838850615474341E-009   3.9427172464674955E-017   1.0594158747996318E-010   2.4740999247776702E-017   2.3368357566791946E-010  0.11910293261809056        1.6059798660420018E-016   1.9404687347985210E-009  -1.1030417308919820E-008  -6.2926524505544076E-009  -1.2618972580156644E-009   4.0075624807038059E-018  -2.1742569398094295E-010   6.4021127143819109E-010  -1.1709597047770127E-018   6.2168687669896227E-010
   2.4565421714319707E-016   5.2615605054813185E-002   1.4824655804286030E-016  -1.5677210339011167E-016  -1.1829055295220484E-016  0.18666225697836122       -1.1532094815322714E-016  -8.5248189973785792E-016   1.7711493909388235E-016  -4.6354184632690565E-009   3.7988735757453985E-018   1.6700768200977134E-016  -4.9502832215766253E-010   6.9487586355436005E-017   2.4492072356513051E-016  0.18791521587122720       -6.5757770623274346E-018  -1.1287877265705420E-015   2.4916547062238847E-016   1.6220572061478446E-009  -9.7207556996724888E-018   2.8142863505968622E-016   1.7322356463009148E-010   2.6466932502470638E-016  -2.0278930748512217E-016  -5.5237577102210984E-010  -3.8033835824377776E-017  -8.4629642057844162E-017  -8.5387295363814426E-011  -8.7777617196829615E-017   3.1319517148688342E-010  -3.0197011711269779E-017   1.3216807857237236E-010  -6.9908313800288681E-017  -1.1090889973237699E-016  0.11910291444764330       -1.7855237535773082E-016   1.6009930448294819E-015   1.6157260992195504E-015   1.4947596393490552E-016  -1.6040300850373328E-010  -5.7512421716304477E-020   1.5705132019211762E-016  -1.7129857474382916E-011   1.4576575694373493E-016
  -5.1842867556737392E-009   1.9092996552528400E-017   5.2615604501175986E-002  -8.3157373012581637E-009   2.6887450796927453E-009   4.0919855534847869E-017  0.18666225726549843        6.7790419450256402E-009   2.5150145742582835E-009  -5.6138265125658297E-017  -4.2207163799764232E-009  -8.4797694437666031E-010   3.7178544511843041E-018  -1.6670373207968584E-009   3.1762817238365306E-009  -6.5757770623274346E-018  0.18791521621044879        3.5474643959269017E-009  -1.5543897667045309E-009   1.1571470590877000E-017   1.3514976763142885E-009   6.3969033572156726E-010   8.7728211718959396E-018   9.1469962722046775E-010  -4.4484774419678318E-011   2.2520412778081749E-017  -5.8137862087394823E-010   1.0594161874085201E-010   4.5336674587979633E-019  -4.6258822680167420E-011   2.8876063531174145E-017   1.5137758199928546E-010  -8.1907879795209699E-018   3.2048956730125330E-010   1.9404687330663093E-009   4.5969068817916843E-017  0.11910291465487499       -1.1779673703404517E-009  -6.7200936641372891E-010  -1.0509147002302985E-010   1.3294721382439754E-019  -1.8179311360642162E-010   6.8369804127136648E-011   5.1164543049678557E-018   3.6721753603622425E-011
   1.2249735832726563E-008  -5.2227138782877775E-016   1.3081815611999587E-009  -6.3828833285350947E-003  -3.3397424418774116E-008  -2.5989484234317039E-016  -3.5665929712752623E-009  0.62009882115686099        4.2998605094492967E-009  -3.4397684963079911E-018   7.9990613558658027E-010  -2.1869107214820195E-009  -4.6505488021049929E-016  -2.1129312861054693E-009   3.3218264771598143E-008  -1.1287877265705420E-015   3.5474643959269017E-009  0.82753663028977231        1.2611107164652206E-008   8.4897749483238774E-017   2.3460556956897255E-009  -6.4140345798328088E-009   2.2809193207046299E-016  -6.1970584138887864E-009  -3.2143460844116984E-009   7.1217756816957327E-017  -9.3444538642151736E-010   2.2187985133101436E-009  -9.1366723923277515E-018   2.0937030588973044E-009   7.8779586755969427E-017   2.3695124672908170E-010   4.1004646999893619E-017   5.1988140533859162E-010   1.4853401728583315E-008   1.4415159627193496E-016   1.5862341435588933E-009 -0.27436124189006827      -0.16221684208353374        1.6484119241012795E-009  -2.8771881082916848E-017   3.0665584512808980E-010  -8.3838838390651343E-010  -5.5884614209897591E-017  -8.1002737454417709E-010
  -3.2887625444152939E-009   6.9765437730894021E-017  -4.3522332365772962E-010  -9.7284089667307022E-011  -1.1667423734261348E-008   2.4750413803454164E-016  -1.5440256686179188E-009   9.4496727968356224E-009  -9.2547649615110844E-016  -7.6806969843522783E-024  -1.6468132384552862E-016   4.7001140421878637E-016  -9.1247717826433230E-024   4.5546533986334921E-016  -1.1745739856786094E-008   2.4916547062238847E-016  -1.5543897667045309E-009   1.2611107164652206E-008   9.3923483537628665E-016   2.5537846425869942E-024   1.7210720985322024E-016  -4.7745630005446330E-016   3.2377877865961939E-024  -4.6177843661435283E-016   5.4600076755138737E-017  -1.3044720847960453E-024   1.6780370633286108E-017  -3.7809102080273453E-017  -4.6395153388205547E-025  -3.5443929279656703E-017  -1.2371431538023931E-024  -4.2613497083334746E-018  -6.3995567844211598E-025  -9.3310092704822985E-018  -7.4445906494694298E-009   1.5792407148036150E-016  -9.8519085629980387E-010  -4.0900683487214973E-009  -2.3637486068531122E-009   1.0480802372614981E-016  -8.9229402174593508E-025   1.9756586990782330E-017  -5.3329507070575368E-017  -8.4749747008493193E-025  -5.1478631911887309E-017
   3.6132362359231259E-018   4.5417036049637123E-010   3.2399722770325104E-018  -6.6597689720496344E-019   1.2818530668951152E-017   1.6112418445936582E-009   1.1494313996325030E-017   6.3482524242901901E-017   3.1852162213976153E-024  -4.0012267697411160E-017   8.6600260411573477E-026   6.2253399941736906E-025  -4.2730135155919096E-018  -2.3752387681679100E-025   1.2904584665771202E-017   1.6220572061478446E-009   1.1571470590877000E-017   8.4897749483238774E-017   2.5537846425869942E-024   1.4001365284965266E-017   8.0063560518434215E-026   2.2160892550334629E-024   1.4952409786518317E-018   2.0947278561278934E-024  -2.2110918422284714E-024  -4.7680284735530294E-018  -4.9305169703566377E-025  -4.0845724124648784E-025  -7.3705089349050800E-019  -4.6171954863747293E-025   2.7034558244028830E-018  -2.1866564862266957E-025   1.1408559082195228E-018  -5.1194067719040542E-025   8.1790772261294286E-018   1.0280792843587436E-009   7.3341350599775029E-018   2.7832496922492016E-017   4.9986554592983879E-017   1.3308615815053753E-024  -1.3845757759689324E-018  -1.7431117947862173E-027   1.3358010209121752E-024  -1.4786247418969250E-019   1.2374654828486234E-024
  -6.6086999863431696E-010  -2.7217824900342683E-018   3.7841470828382665E-010  -1.8097847428975848E-011  -2.3445443481762930E-009  -9.6559358361664126E-018   1.3424863050492319E-009   1.7579311942531785E-009  -1.6468131987495271E-016  -5.6394872848949635E-025  -7.0645475983239992E-017   8.7436676537483006E-017  -1.5370526007181357E-024   7.7244691680470887E-017  -2.3602818199109688E-009  -9.7207556996724888E-018   1.3514976763142885E-009   2.3460556956897255E-009   1.7210720985322024E-016   8.0063560518434215E-026   4.6017717529254936E-017  -8.8821649243724208E-017   6.2099657961417646E-025  -8.3285542263787233E-017   1.1308950317286566E-017   9.5850174197254475E-026  -1.5631668910735631E-018  -7.1642610353315718E-018  -5.9978894443819417E-026  -8.0081546366219221E-018  -1.0825236704966168E-025   4.3013495855759263E-019  -2.5307093794876551E-025   8.4440938631227218E-019  -1.4959748957358023E-009  -6.1611287234894284E-018   8.5659541288140285E-010  -7.6087883674333147E-010  -4.3972995630427729E-010   1.9756578687917000E-017  -1.2070643093105991E-025   2.2908513880006984E-018  -9.9209386981556962E-018  -1.0678638223318250E-025  -9.8356614951796935E-018
   1.6771847371491936E-009   7.8799049026761771E-017   1.7911086471157302E-010   4.9478884370248519E-011   5.9500875125347874E-009   2.7955214641246259E-016   6.3542512394372866E-010  -4.8061226757806657E-009   4.7001141141314231E-016  -6.1141181310670252E-024   8.7436676985766046E-017  -2.3904905977122075E-016   3.5644989784420956E-024  -2.3096247794428351E-016   5.9900267317771545E-009   2.8142863505968622E-016   6.3969033572156726E-010  -6.4140345798328088E-009  -4.7745630005446330E-016   2.2160892550334629E-024  -8.8821649243724208E-017   2.4283547252562456E-016  -1.2769708001509116E-024   2.3462077732765363E-016  -2.7875679210328957E-017  -5.5228290486848949E-025  -8.1037289245899996E-018   1.9241839625017481E-017   5.0426048624164824E-026   1.8156972614808679E-017   1.2896746755294127E-024   2.0548792480806578E-018   6.2125279276566836E-025   4.5084978089325822E-018   3.7965507103297197E-009   1.7837283338683727E-016   4.0544339904040131E-010   2.0802178111982783E-009   1.2022082527606849E-009  -5.3329443958697994E-017   1.0566190089342089E-025  -9.9209312638060518E-018   2.7123520279251804E-017   3.8962417833752233E-025   2.6205982304973262E-017
   1.8729887620164220E-018   4.8501993947150805E-011   2.4563593068419982E-018  -1.7812952908685758E-018   6.6447124650510651E-018   1.7206856499501161E-010   8.7143247023653181E-018   1.7065190457905931E-016   2.0074782200902444E-024  -4.2730106023445603E-018   1.4551888088344109E-025  -7.6552679508887423E-025  -4.5632584971616204E-019  -8.6067236680726140E-025   6.6893337626841696E-018   1.7322356463009148E-010   8.7728211718959396E-018   2.2809193207046299E-016   3.2377877865961939E-024   1.4952409786518317E-018   6.2099657961417646E-025  -1.2769708001509116E-024   1.5968054105706441E-019  -1.2277246844591897E-024  -1.1628126093484577E-024  -5.0918974085257545E-019  -3.4313542880350839E-025   5.9884188263825948E-025  -7.8711516832030479E-020   5.5150821793306603E-025   2.8870884019865121E-019   5.0453387501497277E-026   1.2183486895662772E-019   1.0682871608528557E-025   4.2397776638016165E-018   1.0979116993161273E-010   5.5603187606891216E-018   3.4859355215204854E-017   8.6786394173301859E-017   4.7249107878865834E-025  -1.4786232600476204E-019   5.5254387354717632E-026  -2.4818162101923227E-026  -1.5790605138410913E-020  -3.0742783699575947E-026
   1.6115783268581388E-009   7.4106500211688148E-017   2.5611251389191805E-010   4.7805095640314425E-011   5.7173380650629038E-009   2.6290458263791178E-016   9.0860073960311867E-010  -4.6435395065937401E-009   4.5546531410131372E-016  -5.8224306416657862E-024   7.7244689576792535E-017  -2.3096246110662735E-016   3.4652882292922939E-024  -2.2450297462301575E-016   5.7557149807197563E-009   2.6466932502470638E-016   9.1469962722046775E-010  -6.1970584138887864E-009  -4.6177843661435283E-016   2.0947278561278934E-024  -8.3285542263787233E-017   2.3462077732765363E-016  -1.2277246844591897E-024   2.2715761078068551E-016  -2.6724469412891244E-017  -4.8091483335947214E-025  -8.6766625956537667E-018   1.8567312063515067E-017   5.2163504805020163E-026   1.7287003477704734E-017   1.2729196831060124E-024   2.2064757566006092E-018   5.7804427330405576E-025   4.8225230820882794E-018   3.6480411153113333E-009   1.6775058224910755E-016   5.7974758163707063E-010   2.0098476175017692E-009   1.1615396927284573E-009  -5.1478565234715664E-017   1.0780101608833003E-025  -9.8356530217604344E-018   2.6205979399754259E-017   3.8537812482427799E-025   2.5272642465683346E-017
  -4.6247049797479966E-010  -5.6780300997158792E-017  -1.2455529370067189E-011   2.4816356033795286E-011  -1.6406893485932026E-009  -2.0143717425044371E-016  -4.4188132425229473E-011  -2.4083321418978366E-009  -1.5371522884594955E-016   4.8381750537827848E-024  -3.1886882301896898E-017   7.8482568483155326E-017   2.1884414478783382E-024   7.5232583146510469E-017  -1.6517026732216593E-009  -2.0278930748512217E-016  -4.4484774419678318E-011  -3.2143460844116984E-009   5.4600076755138737E-017  -2.2110918422284714E-024   1.1308950317286566E-017  -2.7875679210328957E-017  -1.1628126093484577E-024  -2.6724469412891244E-017   2.7044080465707357E-017   1.4099910067993605E-026   7.4629849405129720E-018  -1.8615125182683876E-017   9.7539129667626323E-026  -1.7668246009640511E-017  -8.0685161253938076E-025  -1.8896395833886439E-018  -5.6656330028691590E-025  -4.1541228177997438E-018  -1.0468689061430725E-009  -1.2853029479416759E-016  -2.8194979577314049E-011   9.4985276744252145E-010   4.9222302865933641E-010   4.7868513863272329E-018   2.3629958860372157E-025   7.7661795668525589E-019  -2.4241284753262563E-018   2.4973798083445757E-025  -2.3627152761864138E-018
   6.8850911604419423E-018  -1.5466328937335057E-010   6.3056357381747205E-018  -6.1286115253321537E-019   2.4425984385660292E-017  -5.4869270506442739E-010   2.2370253428622934E-017   5.2601677546458182E-017   2.1504570672714131E-024   1.3625787756394140E-017  -1.0638799703789361E-026  -1.8037902493574437E-024   1.4551331027763971E-018  -1.5624679967097722E-024   2.4589948012442632E-017  -5.5237577102210984E-010   2.2520412778081749E-017   7.1217756816957327E-017  -1.3044720847960453E-024  -4.7680284735530294E-018   9.5850174197254475E-026  -5.5228290486848949E-025  -5.0918974085257545E-019  -4.8091483335947214E-025   1.4099910067993605E-026   1.6237056216959308E-018  -1.1757352479798949E-025   6.5847428420890448E-025   2.5099549758866424E-019   6.2914731635962966E-025  -9.2063552985042842E-019   1.4734594426483404E-025  -3.8850735938236966E-019   3.3279410008511607E-025   1.5585403104257904E-017  -3.5010237938412088E-010   1.4273707722294911E-017   2.9557551749986923E-016   3.6594609563444042E-016  -6.7695756212806622E-025   4.7150378475598857E-019  -6.1203368676837855E-026  -3.3924180021923127E-025   5.0353124338753742E-020  -3.1331542796635987E-025
  -1.1744747758772910E-010  -1.0649341962046933E-017  -1.6278397096951886E-010   7.2143847284271479E-012  -4.1666409174820989E-010  -3.7780238903173869E-017  -5.7750216393182461E-010  -7.0012836236555568E-010  -4.7280291488681667E-017   1.0700582952170394E-024   4.5924491694333451E-018   2.2815690737260746E-017   5.7668795966526141E-025   2.4464577534581150E-017  -4.1946101056082563E-010  -3.8033835824377776E-017  -5.8137862087394823E-010  -9.3444538642151736E-010   1.6780370633286108E-017  -4.9305169703566377E-025  -1.5631668910735631E-018  -8.1037289245899996E-018  -3.4313542880350839E-025  -8.6766625956537667E-018   7.4629849405129720E-018  -1.1757352479798949E-025   3.7927412445214305E-018  -5.3663649921606743E-018   1.8555255846308006E-026  -4.6462633336070944E-018  -2.7430847158179652E-025  -9.7303334832951088E-019  -1.1722278829638743E-025  -2.1016419406250658E-018  -2.6585940349615647E-010  -2.4106301674048327E-017  -3.6848473204151037E-010   2.7613269067069334E-010   1.4309477491002280E-010   1.3018309122721478E-018   5.1730884625942635E-026   7.0545779731258379E-019  -7.0471679818323457E-019   5.4838963491324224E-026  -5.9711187232508655E-019
   3.1698286365816681E-010  -2.3696003125516809E-017   2.9663247642155940E-011  -1.7130231907173573E-011   1.1245482979137846E-009  -8.4065357548581716E-017   1.0523521186278359E-010   1.6624232847956533E-009   1.0644934173165346E-016   2.1771532882335972E-024   2.0176077598013616E-017  -5.4174699212946941E-017  -9.1835765727780042E-025  -5.2274589116064946E-017   1.1320969651004477E-009  -8.4629642057844162E-017   1.0594161874085201E-010   2.2187985133101436E-009  -3.7809102080273453E-017  -4.0845724124648784E-025  -7.1642610353315718E-018   1.9241839625017481E-017   5.9884188263825948E-025   1.8567312063515067E-017  -1.8615125182683876E-017   6.5847428420890448E-025  -5.3663649921606743E-018   1.2843623908859765E-017   3.4771231604689702E-026   1.2131139324784591E-017   1.9247203289751381E-025   1.3604536664676910E-018   2.2877170501573118E-025   2.9858218482604185E-018   7.1753659449331105E-010  -5.3639278683715379E-017   6.7147064568592030E-011  -6.5566429491424256E-010  -3.3977168480524758E-010  -3.2923503171074407E-018   2.8495173829571464E-026  -5.9956451988855099E-019   1.6733077608624666E-018  -1.4981560789459250E-025   1.6190372831155114E-018
   9.3306179610429677E-019  -2.3908144897855741E-011   1.2694092662360742E-019   6.9942349841167096E-020   3.3101904978607983E-018  -8.4817960035816400E-011   4.5034395958669369E-019  -6.8527456357910841E-018   1.5310721177208267E-025   2.1063001397889339E-018   3.9295791801092542E-026  -1.9446637774816041E-025   2.2493723758110415E-019  -1.4658245448457007E-025   3.3324091265579549E-018  -8.5387295363814426E-011   4.5336674587979633E-019  -9.1366723923277515E-018  -4.6395153388205547E-025  -7.3705089349050800E-019  -5.9978894443819417E-026   5.0426048624164824E-026  -7.8711516832030479E-020   5.2163504805020163E-026   9.7539129667626323E-026   2.5099549758866424E-019   1.8555255846308006E-026   3.4771231604689702E-026   3.8799360529397582E-020   3.6333470026835607E-026  -1.4231358802045058E-019   1.3400553598075083E-026  -6.0056205190219361E-020   3.1056053187585927E-026   2.1121209882097414E-018  -5.4119490470644797E-011   2.8734935813936255E-019   5.6841083619970616E-018   4.9509967639265879E-018  -1.1042989921927188E-025   7.2885950192232276E-020  -7.9660524612654259E-027  -4.9734955689546606E-026   7.7836815551306763E-021  -4.5353739592036702E-026
   3.0348371787749611E-010  -2.4577425256745266E-017  -1.2952343092361344E-011  -1.6164432491979067E-011   1.0766578675400936E-009  -8.7192343097093247E-017  -4.5950404189866709E-011   1.5686961648932999E-009   9.9780504333351077E-017   2.2959520868987141E-024   2.2604489276586292E-017  -5.1120318958733154E-017  -8.4685252158556242E-025  -4.8660135180688386E-017   1.0838850615474341E-009  -8.7777617196829615E-017  -4.6258822680167420E-011   2.0937030588973044E-009  -3.5443929279656703E-017  -4.6171954863747293E-025  -8.0081546366219221E-018   1.8156972614808679E-017   5.5150821793306603E-025   1.7287003477704734E-017  -1.7668246009640511E-017   6.2914731635962966E-025  -4.6462633336070944E-018   1.2131139324784591E-017   3.6333470026835607E-026   1.1573253930485504E-017   1.4922824654647500E-025   1.1747596720770633E-018   2.1873309757169923E-025   2.5875094682251895E-018   6.8697931377510918E-010  -5.5634503183559099E-017  -2.9319397956792263E-011  -6.1869842754555430E-010  -3.2061585458740750E-010  -3.1298124154060796E-018   3.3878070760235177E-026  -4.4236542072869358E-019   1.5789651863170921E-018  -1.4472581357311546E-025   1.5508422589770469E-018
   1.1039458681446166E-017   8.7693555690141071E-011   8.0851960046467755E-018  -4.6337664026063393E-019   3.9164277606408657E-017   3.1110688569534809E-010   2.8683526257793550E-017   6.0766767204425752E-017   4.4191482332673262E-024  -7.7257750192608148E-018   1.5809747414371140E-025  -1.7625111168740910E-024  -8.2505548861591101E-019  -1.9672827347813721E-024   3.9427172464674955E-017   3.1319517148688342E-010   2.8876063531174145E-017   7.8779586755969427E-017  -1.2371431538023931E-024   2.7034558244028830E-018  -1.0825236704966168E-025   1.2896746755294127E-024   2.8870884019865121E-019   1.2729196831060124E-024  -8.0685161253938076E-025  -9.2063552985042842E-019  -2.7430847158179652E-025   1.9247203289751381E-025  -1.4231358802045058E-019   1.4922824654647500E-025   5.2199719425671809E-019   3.6733627785693340E-027   2.2028234297895336E-019   4.4093595505746010E-028   2.4989414309991092E-017   1.9850685077348677E-010   1.8301994686687989E-017  -7.5088134793352545E-016  -8.7807819222057550E-016   5.8316420072674265E-025  -2.6734103208428316E-019   4.0748928701311958E-026   9.3822877250788230E-026  -2.8550049150392356E-020   7.6845728125902534E-026
   2.9663238889268769E-011  -8.4550578144266268E-018   4.2385191145709020E-011  -1.8293818994411808E-012   1.0523518081032827E-010  -2.9995667487973807E-017   1.5036824209385349E-010   1.7753449318560678E-010   1.2007062928871311E-017   7.1020349714249225E-025  -1.2609832367235268E-018  -5.7854476290320384E-018  -4.1247693898141778E-026  -6.2216094072965077E-018   1.0594158747996318E-010  -3.0197011711269779E-017   1.5137758199928546E-010   2.3695124672908170E-010  -4.2613497083334746E-018  -2.1866564862266957E-025   4.3013495855759263E-019   2.0548792480806578E-018   5.0453387501497277E-026   2.2064757566006092E-018  -1.8896395833886439E-018   1.4734594426483404E-025  -9.7303334832951088E-019   1.3604536664676910E-018   1.3400553598075083E-026   1.1747596720770633E-018   3.6733627785693340E-027   2.4968370817707935E-019   1.4746405609561791E-027   5.3914147101045985E-019   6.7147044755067868E-011  -1.9139227431476471E-017   9.5944924256018842E-011  -7.0020018270618527E-011  -3.6285013616519645E-011  -3.2948270494140111E-019   2.0884501374250645E-026  -1.8222270581338430E-019   1.7869618144217441E-019  -1.0163594247442016E-026   1.5078595488780931E-019
   6.9273864987062568E-018   3.7006601039603436E-011  -2.2933927228600604E-018  -3.5349451552285035E-019   2.4576029803027678E-017   1.3128682386059987E-010  -8.1361749221960431E-018   3.0278633734502164E-017   2.2531612043435949E-024  -3.2602700575829144E-018   6.6894277186362091E-025  -9.8999781811444919E-025  -3.4817266858971744E-019  -9.7225303410494840E-025   2.4740999247776702E-017   1.3216807857237236E-010  -8.1907879795209699E-018   4.1004646999893619E-017  -6.3995567844211598E-025   1.1408559082195228E-018  -2.5307093794876551E-025   6.2125279276566836E-025   1.2183486895662772E-019   5.7804427330405576E-025  -5.6656330028691590E-025  -3.8850735938236966E-019  -1.1722278829638743E-025   2.2877170501573118E-025  -6.0056205190219361E-020   2.1873309757169923E-025   2.2028234297895336E-019   1.4746405609561791E-027   9.2958949133205595E-020   1.3357765719619798E-027   1.5681140705864444E-017   8.3769711153682862E-011  -5.1914197237202976E-018   1.7333185994163848E-016   2.1444796230404758E-016  -9.2880101844310609E-026  -1.1281767329416431E-019  -2.7523825664328911E-026   2.1030953053204590E-025  -1.2048094871473243E-020   2.0068483278234617E-025
   6.5430506936076286E-011  -1.9574083722241752E-017   8.9735952615775072E-011  -4.0137438896181277E-012   2.3212539994873482E-010  -6.9442187065826539E-017   3.1835263967663056E-010   3.8951844844443375E-010   2.6290920524835747E-017   1.6520486281698638E-024  -2.4828073943478954E-018  -1.2693528998849939E-017  -8.0961635996768930E-026  -1.3597378613241547E-017   2.3368357566791946E-010  -6.9908313800288681E-017   3.2048956730125330E-010   5.1988140533859162E-010  -9.3310092704822985E-018  -5.1194067719040542E-025   8.4440938631227218E-019   4.5084978089325822E-018   1.0682871608528557E-025   4.8225230820882794E-018  -4.1541228177997438E-018   3.3279410008511607E-025  -2.1016419406250658E-018   2.9858218482604185E-018   3.1056053187585927E-026   2.5875094682251895E-018   4.4093595505746010E-028   5.3914147101045985E-019   1.3357765719619798E-027   1.1645947021307291E-018   1.4811144414503803E-010  -4.4308726008875309E-017   2.0313012568090315E-010  -1.5362728327680418E-010  -7.9611263518793278E-011  -7.2473761709894964E-019   4.8959417519021778E-026  -3.8998260079874896E-019   3.9206744343792949E-019  -2.2290859561557706E-026   3.3266892655989922E-019
