   4.7240818264318981E-004  -5.0750943396842144E-015   6.4091624592427388E-003  -5.6118751468071264E-014   6.5002722386848122E-004  -7.0966775625154822E-015   8.9206607160418634E-003  -1.5332862809310402E-013   1.2496258336870259E-015   2.5512521371501721E-018  -3.1604789756622843E-016   1.2788278689032095E-015  -7.0729242388841493E-019  -2.4655698941141593E-015   6.6136823853569463E-004  -7.1049763033607175E-015   8.9131570897962482E-003  -1.0669791672980666E-013   1.4532638155407070E-005  -6.7569900371482871E-017   8.8316387822987333E-005   6.5559791839277264E-006   3.0703149819993218E-017  -2.6053559268603775E-005  -1.5889568912706308E-016   9.0673627328629816E-005   2.8840332382368026E-016  -1.3341128039118607E-004  -3.0245966036678117E-016  -2.1059058225203263E-019   8.0521127114537694E-017  -3.0696311287966134E-016   1.4661673502812173E-018   6.3465711043915144E-016  -1.5141261248744300E-005  -7.0386331500860337E-016   8.8173369292928187E-004  -1.4015275139066367E-003   8.9131108535472795E-016  -1.2480822798745649E-003   4.5809622476656537E-014   3.8501239028872655E-017   3.1997957420472632E-019  -1.0133252540453820E-017   3.9212615155766518E-017   6.1276975611869536E-020  -8.1401766568409250E-017   2.7002778117055189E-014  -9.9808106377826723E-004   5.4349070904895368E-016  -7.7424586444411515E-004  -9.3210939625971386E-015  -2.9546873149829417E-015
  -5.0750943396842144E-015   2.0246091688860950E-006  -6.9138624932304713E-014   4.1429025214820635E-017  -7.0596487403076333E-015  -4.6811396733300830E-006  -9.6248059941092578E-014  -1.4050193021674990E-016  -3.1176429581355561E-019   3.0314587315153697E-019   4.1269844723467239E-019  -6.4594197335471615E-019   3.0962540509286863E-021  -2.4536904791476367E-019  -7.0607512675030880E-015   7.2105838502829909E-006  -9.6137970622026789E-014   1.9150072712660538E-016  -1.5892381429427367E-016  -9.6126618383673263E-008  -9.5331088843089801E-016  -7.1702956395172602E-017   4.1628751168985374E-008   2.8553440466692037E-016  -2.2086208523404929E-007  -9.8090208467188005E-016   3.9244420011905024E-007   1.4398406079020609E-015  -1.0379210211828580E-018  -2.0393827670926419E-019   4.7456095421995572E-020  -1.0145557964806949E-019   4.7029862755342826E-019  -7.7071126489918151E-019  -6.7072854025903897E-016  -7.9853779923516269E-005  -9.7030100841367486E-015   1.4230042057124555E-015  -1.3099278069993788E-003   1.0166732677471072E-014   2.6921617192745229E-015   1.4611899171717212E-018   4.3298689713959117E-019   9.1412821758115849E-020   1.0806143544412588E-018   7.5788689804226122E-020  -1.8767569451093901E-018   3.9152243090061478E-015   9.2532551083599535E-016  -9.4125733075947214E-004   5.9808686091937352E-015   1.6131026220933142E-015   1.2348019270694596E-015
   6.4091624592427388E-003  -6.9138624932304713E-014   8.7329401127792111E-002  -7.6463328050955311E-013   8.9206607160433951E-003  -9.6727712490038126E-014  0.12154285367452809       -2.0892132330787059E-012   1.7028384795761313E-014   2.8069716779477512E-017  -4.3062640180382954E-015   1.7412950557618174E-014  -6.9037502993561828E-018  -3.3603185113695945E-014   8.9131570897958250E-003  -9.6790220333866289E-014  0.12145250551903884       -1.4536964050867281E-012   2.0094166939593056E-004  -9.3100156322105797E-016   1.2022671970718874E-003   9.0673627328878369E-005   4.2308890556362370E-016  -3.6026516669693568E-004  -2.1579666775650949E-015   1.2353653063427697E-003   3.9292438693479347E-015  -1.8169039939364762E-003  -4.1274328103827249E-015  -7.9657668204334664E-019   1.0953284734457871E-015  -4.1805817925996614E-015   1.8530225098572082E-017   8.6387068274015940E-015   8.8173369292922485E-004  -9.4925792153491919E-015   1.1934116950456746E-002  -1.2480822798757185E-003   1.3906562791247310E-014  -1.8315543107576722E-002   6.2549144211757867E-013   5.2638055328863261E-016   2.4448941042414750E-018  -1.3784424444090813E-016   5.3532910329939538E-016   7.7148636289579050E-019  -1.1073157934338021E-015   3.6978694414435870E-013  -7.7424586444499639E-004   8.6671831254182091E-015  -1.1490663833127234E-002  -1.3940628959164688E-013  -4.6933222805378784E-014
  -5.6118751468071264E-014   4.1429025214820635E-017  -7.6463328050955311E-013   7.4259821340424501E-005  -7.8117068672219664E-014  -4.8157145933425508E-017  -1.0641469583287842E-012  -2.6677381277714310E-004  -2.9723249913973474E-007   2.6735630502520776E-018   7.6390924799823024E-008  -3.0208787962530488E-007   6.4704223838096368E-018   5.9932037859490961E-007  -7.8041326094934225E-014   2.3114114964726131E-017  -1.0633783186812916E-012   3.7211180892566295E-004  -1.7591499030973460E-015   7.2336196232200583E-018  -1.0531403578658878E-014  -7.9481629318051938E-016   3.5141240578677070E-018   3.1530502395064253E-015  -6.0063673002049146E-018  -1.0819619788667171E-014   4.1687128927121195E-018   1.5911690795681410E-014   3.5178900852900998E-007  -3.1638876587730951E-019  -9.0412346498802787E-008   3.5753558566279384E-007  -3.7543771935451961E-018  -7.0932459426128647E-007  -7.7327678639081787E-015  -1.9006393317236203E-016  -1.0499959584423890E-013   1.0663085651685394E-014  -3.2257386354382628E-015   1.5136213706713599E-013   5.5486243971934216E-003   2.1735791143095445E-006   8.7325238426893147E-019  -5.5862571952279525E-007   2.2090851696413946E-006   5.3486653323993830E-018  -4.3826642838247328E-006   8.0349633569343458E-003   6.5893936334259982E-015  -2.3143605170191959E-015   9.4132352868460863E-014  -3.2905931675461489E-003  -1.1054080035107308E-003
   6.5002722386848122E-004  -7.0596487403076333E-015   8.9206607160433951E-003  -7.8117068672219664E-014   9.2205294947791136E-004  -9.8895435678702628E-015   1.2415864036501816E-002  -2.1338549275922492E-013   1.7402823561538547E-015   1.6892708887795094E-018  -4.3980604285888642E-016   1.7776460611808805E-015  -6.7234600920774545E-020  -3.4330797780626872E-015   8.9384241778842012E-004  -9.8767125387146993E-015   1.2406115910359096E-002  -1.4853305338815581E-013   2.1030324663887910E-005  -9.6981493558490952E-017   1.2269846581087449E-004   9.4938773847135075E-006   4.4176245787729237E-017  -3.7709018707020288E-005  -2.1950799813490775E-016   1.2624615339357914E-004   4.0193600845751652E-016  -1.8555236372503486E-004  -4.2253402700234823E-016   2.7116989445141204E-019   1.1151665704227943E-016  -4.2656668179977832E-016   1.7508721527814435E-018   8.8116105110417405E-016   2.7446044339511687E-004  -1.0401939582791614E-015   1.2239544580559696E-003   2.8981405500670605E-003   2.9045257261217380E-016  -1.7790671274175828E-003   6.3292755478007227E-014   5.3900570903681570E-017  -1.7676765608711461E-020  -1.3922373739212843E-017   5.4488127735119885E-017   9.4671424578262705E-020  -1.1210758637940226E-016   3.6898620476430116E-014   2.0950180831576389E-003   7.2294917627841654E-017  -1.1074989745818026E-003  -1.5195234868127196E-014  -5.3979954107036834E-015
  -7.0966775625154822E-015  -4.6811396733300830E-006  -9.6727712490038126E-014  -4.8157145933425508E-017  -9.8895435678702628E-015   1.0823357405459675E-005  -1.3460206559345153E-013   1.5379201193782699E-016   5.3192454857352448E-019  -7.0090968448844410E-019  -9.0565664392583210E-019   1.3014975605387018E-018  -7.1589113901516894E-021   9.4823258160130316E-019  -9.8612620572686433E-015  -1.6671736277873136E-005  -1.3454109625614814E-013  -2.0434150210089837E-016  -2.2318468838137156E-016   2.2225629217437862E-007  -1.3297000236280755E-015  -1.0073466063786008E-016  -9.6250674768769129E-008   3.9875152727637962E-016   5.1065967961230995E-007  -1.3631924527069325E-015  -9.0737814634925796E-007   2.0114100360051394E-015   2.6263245919703578E-018   4.7152980075857776E-019  -1.6794315493409834E-019   4.6480434315092849E-019  -1.0873869375418291E-018   1.3252237235240739E-018  -1.0666979655318391E-015   1.8463153432768620E-004  -1.2994261783837772E-014  -7.9530771450259432E-017   3.0287104893023673E-003   2.4106228802017614E-014  -2.6905115083876248E-015  -1.9942433061890341E-018  -1.0011177334370152E-018  -5.6710780822925409E-019  -1.0916955058683505E-018  -1.7523255751560662E-019   1.5482694820255124E-018  -3.9250838086149689E-015  -1.9297069838875429E-016   2.1763000491868425E-003   1.5471829346095302E-014  -3.0351751825077204E-015  -2.0196618308854686E-015
   8.9206607160418634E-003  -9.6248059941092578E-014  0.12154285367452809       -1.0641469583287842E-012   1.2415864036501816E-002  -1.3460206559345153E-013  0.16918188750414681       -2.9082268397057621E-012   2.3707032045399859E-014   3.8489933089139650E-017  -5.9923099014020667E-015   2.4246916825263678E-014  -7.2360220148333929E-018  -4.6754693248122317E-014   1.2406115910356372E-002  -1.3472538993837937E-013  0.16902157033153709       -2.0228356580672774E-012   2.7977494977420025E-004  -1.2960506574909986E-015   1.6743089454295940E-003   1.2624615339389895E-004   5.9031030446023018E-016  -5.0160363705067218E-004  -3.0038177775677821E-015   1.7203822070825890E-003   5.4714015302791781E-015  -2.5302533932166356E-003  -5.7414682815310379E-015  -1.0977733193529623E-018   1.5233314219874439E-015  -5.8153837975441486E-015   2.7201699895432323E-017   1.2024058053356897E-014   1.2239544580557300E-003  -1.3182239534336990E-014   1.6861495708074825E-002  -1.7790671274182143E-003   1.9847551094684013E-014  -2.1211783627683532E-002   8.7772489348283472E-013   7.3748862276353568E-016   4.1867515214899559E-018  -1.9206963493514496E-016   7.4733270465480321E-016   1.4366089116355508E-018  -1.5462281195336761E-015   5.2504077547649733E-013  -1.1074989745823579E-003   1.2412773531503459E-014  -1.2913812046185687E-002  -1.9719047346241552E-013  -6.6151712861766996E-014
  -1.5332862809310402E-013  -1.4050193021674990E-016  -2.0892132330787059E-012  -2.6677381277714310E-004  -2.1338549275922492E-013   1.5379201193782699E-016  -2.9082268397057621E-012   9.5836870085462436E-004   1.0677996060314991E-006  -9.6017244949917238E-018  -2.7443230347191778E-007   1.0852424273401914E-006  -2.3260715846055307E-017  -2.1530420327605254E-006  -2.1324070784795816E-013  -5.3511199992720847E-017  -2.9054539626978793E-012  -1.3367901121986350E-003  -4.8099708178659902E-015  -2.6397319278879739E-017  -2.8761163992603616E-014  -2.1668332295258184E-015  -1.2478810045454880E-017   8.6269584965708772E-015   2.0683710097993357E-017  -2.9558862117406830E-014  -1.3371133151276518E-017   4.3477884250809941E-014  -1.2637750468701660E-006   1.1376881293269222E-018   3.2479942426837029E-007  -1.2844191847213454E-006   1.3481745534006348E-017   2.5481942318410931E-006  -2.1080288668107573E-014   3.5644530204874199E-016  -2.8754914021457380E-013   3.0129700398184727E-014   6.2355177187340293E-015   4.0479227935492608E-013  -1.9933236553095850E-002  -7.8085072295675270E-006  -3.1464284314085867E-018   2.0068434320145541E-006  -7.9360614961350122E-006  -1.9221956551596700E-017   1.5744568725249187E-005  -2.8865264197451588E-002   1.8711399524646445E-014   4.4678949105338277E-015   2.5088086330647063E-013   1.1837781031903732E-002   3.9802097051092750E-003
   1.2496258336870259E-015  -3.1176429581355561E-019   1.7028384795761313E-014  -2.9723249913973474E-007   1.7402823561538547E-015   5.3192454857352448E-019   2.3707032045399859E-014   1.0677996060314991E-006   1.1900690388033400E-009  -1.0598233972442913E-020  -3.0585644138146796E-010   1.2095091673371010E-009  -2.6473970401039349E-020  -2.3995782054600694E-009   1.7372673297833879E-015  -6.1726242344462193E-019   2.3677416280754117E-014  -1.4894677346421464E-006   3.9251146744018712E-017  -2.2578147386359703E-020   2.3479928119009052E-016   1.7715836881811625E-017  -1.7987088951195501E-020  -7.0369161702391984E-017   4.0491084725307707E-020   2.4126032469798326E-016  -4.5324518645299644E-020  -3.5482415112362587E-016  -1.4078858760480408E-009   1.3049605933486691E-021   3.6183696070601981E-010  -1.4308841067674454E-009   1.4826625661270586E-020   2.8387699830924983E-009   1.8264421000135702E-016   6.5943914128762530E-018   2.4172147704444675E-015  -6.3547608665587425E-017   1.0863126730289320E-016  -2.0372686323330478E-015  -2.2214172409515790E-005  -8.7020691901579119E-009  -3.8280213306010541E-021   2.2364953871181005E-009  -8.8442200546617727E-009  -2.1665801270678802E-020   1.7546289244315755E-008  -3.2166311155803363E-005  -2.1668658412455426E-017   7.8041904086395814E-017  -1.1369189870490417E-015   1.3760829478773384E-005   4.7492741127865748E-006
   2.5512521371501721E-018   3.0314587315153697E-019   2.8069716779477512E-017   2.6735630502520776E-018   1.6892708887795094E-018  -7.0090968448844410E-019   3.8489933089139650E-017  -9.6017244949917238E-018  -1.0598233972442913E-020   3.2165454560475980E-031   2.7238235951318232E-021  -1.0771359248043389E-020  -5.9474162772604425E-032   2.1369593213544816E-020   4.6397935222733943E-018   1.0796447881894054E-018   3.9385300081857427E-017   1.3382343101084726E-017   7.2657212162110896E-021  -1.4393092806642861E-020   3.7291368000693119E-019   2.8491493261898907E-021   6.2330963999572404E-021  -1.2597137253746561E-020  -3.3069804636627601E-020   3.6530158362919528E-019   5.8760891507879898E-020  -5.5023317050883709E-019   1.2717622300806850E-020  -6.9748450064667981E-032  -3.2685218873676658E-021   1.2925368408889126E-020  -1.3538313878121369E-031  -2.5642990712675450E-020  -1.9593279832752379E-017  -1.1956551522622919E-017  -3.0190612614270281E-018  -3.2682390184938099E-016  -1.9613622962246018E-016  -1.2329511768503614E-016   1.9829112314296237E-016   7.7664370188348195E-020   1.2614909629878408E-032  -1.9960310803484384E-020   7.8933040561262398E-020   1.2090051118539308E-031  -1.5659741074479098E-019   2.8771797608232992E-016  -2.3481092862359125E-016  -1.4093499120578032E-016  -8.8178162166025969E-017   4.7640179123631507E-017   5.1654280847901639E-017
  -3.1604789756622843E-016   4.1269844723467239E-019  -4.3062640180382954E-015   7.6390924799823024E-008  -4.3980604285888642E-016  -9.0565664392583210E-019  -5.9923099014020667E-015  -2.7443230347191778E-007  -3.0585644138146796E-010   2.7238235951318232E-021   7.8607340989730834E-011  -3.1085269650571969E-010   6.8040038958462708E-021   6.1670913771232720E-010  -4.3957895918178960E-016   1.3430886481375199E-018  -5.9894581696082482E-015   3.8280409456610758E-007  -9.8999304714410494E-018  -9.9875052291889509E-021  -5.9243459719887099E-017  -4.4682809714417734E-018   1.1460966709583791E-020   1.7748474475786517E-017  -4.6686450006568578E-020  -6.0872441446473261E-017   7.6113641024859922E-020   8.9526606327331386E-017   3.6183696061233825E-010  -3.3538441067679628E-022  -9.2994743626936366E-011   3.6774767400505266E-010  -3.8105511649412409E-021  -7.2958463468858506E-010  -4.2396289159583816E-017  -1.4812000549589607E-017  -5.7747906770799140E-016   7.9741290776861670E-017  -2.4309452757343516E-016   1.0896805413040550E-015   5.7092046762608708E-006   2.2364953867159575E-009   9.8382946169712717E-022  -5.7479566139951424E-010   2.2730291978973417E-009   5.5682692854521485E-021  -4.5095245844837860E-009   8.2669770758652236E-006   5.1267314434212943E-017  -1.7467312370259337E-016   7.0080584704905752E-016  -3.5366337560655220E-006  -1.2205981601348018E-006
   1.2788278689032095E-015  -6.4594197335471615E-019   1.7412950557618174E-014  -3.0208787962530488E-007   1.7776460611808805E-015   1.3014975605387018E-018   2.4246916825263678E-014   1.0852424273401914E-006   1.2095091673371010E-009  -1.0771359248043389E-020  -3.1085269650571969E-010   1.2292668561006358E-009  -2.6906430511680648E-020  -2.4387760227462514E-009   1.7797971948917414E-015  -1.7993714851391034E-018   2.4209455612847899E-014  -1.5137986291224859E-006   4.0067131558182301E-017  -7.3223129121382057E-021   2.4033806188510085E-016   1.8083253315316073E-017  -2.5047352170626006E-020  -7.1831212257529270E-017   7.7051980920600654E-020   2.4691586420862552E-016  -1.0985374614035164E-019  -3.6316774584621943E-016  -1.4308841068207737E-009   1.3262775093310884E-021   3.6774767411397033E-010  -1.4542580204179228E-009   1.5068822961639481E-020   2.8851421275202337E-009   1.5190755032540558E-016   1.9681741028784403E-017   2.5238703879266716E-015  -6.3473969318292210E-016   3.2332465397381014E-016  -1.2003912779000956E-015  -2.2577047463674718E-005  -8.8442200554011514E-009  -3.8905531878474611E-021   2.2730291984960795E-009  -8.9886929961770723E-009  -2.2019718521049236E-020   1.7832913051066062E-008  -3.2691757329871581E-005  -4.3150763373178344E-016   2.3231100546807598E-016  -5.2746877524127103E-016   1.3985616685533489E-005   4.8268549059120348E-006
  -7.0729242388841493E-019   3.0962540509286863E-021  -6.9037502993561828E-018   6.4704223838096368E-018  -6.7234600920774545E-020  -7.1589113901516894E-021  -7.2360220148333929E-018  -2.3260715846055307E-017  -2.6473970401039349E-020  -5.9474162772604425E-032   6.8040038958462708E-021  -2.6906430511680648E-020   1.7639626455300890E-030   5.3380400902282721E-020  -1.5235798000943663E-018   1.1027214429131192E-020  -1.1024496271821728E-017   3.2505248823353213E-017   2.4194319548459539E-020  -1.4700734965860673E-022   1.0211670038382394E-020   1.1092925511651727E-020   6.3663246743375457E-023  -4.3553011419232847E-020  -3.3776648723397794E-022   1.7794459242747344E-020   6.0016864602822754E-022  -2.0874536281882830E-020   3.0360304790118360E-020  -6.7656171895374882E-032  -7.8028202411230712E-021   3.0856249318656621E-020   1.3375756955506603E-031  -6.1216554112466073E-020   9.8772851774030049E-018  -1.2212114471780462E-019   2.6772744742331858E-017   1.6449501649910454E-016  -2.0032850473243465E-018   4.7279935489623356E-016   4.9170660028715186E-016   1.9268921853474830E-019   6.7064177427879977E-031  -4.9522537569496320E-020   1.9583685369940852E-019   9.1128622623271598E-031  -3.8852607222480321E-019   7.0884060558095907E-016   1.1821967848645593E-016  -1.4394737834527788E-018   3.4001504475790328E-016  -1.2149832697801562E-015  -6.0737258434986529E-016
  -2.4655698941141593E-015  -2.4536904791476367E-019  -3.3603185113695945E-014   5.9932037859490961E-007  -3.4330797780626872E-015   9.4823258160130316E-019  -4.6754693248122317E-014  -2.1530420327605254E-006  -2.3995782054600694E-009   2.1369593213544816E-020   6.1670913771232720E-010  -2.4387760227462514E-009   5.3380400902282721E-020   4.8383542268344641E-009  -3.4280759089696946E-015  -1.8680821648435634E-018  -4.6740847123626776E-014   3.0032663629122048E-006  -7.7281839873866266E-017   8.7021391855430641E-020  -4.6203307077435402E-016  -3.4881359755638478E-017   1.8297556714782861E-020   1.3855047466379378E-016   1.3698917802328578E-020  -4.7476108229933346E-016  -7.8022264666435105E-020   6.9822551898333917E-016   2.8387699820625621E-009  -2.6312381019278303E-021  -7.2958463461277736E-010   2.8851421263659454E-009  -2.9895448611928776E-020  -5.7239121089870566E-009  -3.5218884613925391E-016   2.1175056170623909E-017  -4.4451591503303891E-015   2.7445731478718231E-016   3.4643718044103688E-016   9.5401203696787869E-015   4.4791219860487020E-005   1.7546289240582761E-008   7.7185745179717738E-021  -4.5095245843352342E-009   1.7832913045781254E-008   4.3685519780400970E-020  -3.5379202285347923E-008   6.4858068467275735E-005   1.5021248558948289E-016   2.4896662644553189E-016   6.2146186273680605E-015  -2.7746446157722124E-005  -9.5761290166913507E-006
   6.6136823853569463E-004  -7.0607512675030880E-015   8.9131570897958250E-003  -7.8041326094934225E-014   8.9384241778842012E-004  -9.8612620572686433E-015   1.2406115910356372E-002  -2.1324070784795816E-013   1.7372673297833879E-015   4.6397935222733943E-018  -4.3957895918178960E-016   1.7797971948917414E-015  -1.5235798000943663E-018  -3.4280759089696946E-015   9.3540112903233851E-004  -9.8896679023835030E-015   1.2395306888382860E-002  -1.4837920212068221E-013   1.9739662674599848E-005  -9.2227873158594835E-017   1.2295194721830208E-004   8.9010773587924726E-006   4.1842917612825904E-017  -3.5384613914705515E-005  -2.2189442752863246E-016   1.2607378220041643E-004   4.0068663152757247E-016  -1.8561281970929064E-004  -4.1973101285662615E-016  -6.2362496746918185E-019   1.1231047237433831E-016  -4.2730447057151582E-016   2.2074723195741365E-018   8.8391671848432878E-016  -1.9427819733847782E-004  -9.2589097876457161E-016   1.2279016952309490E-003  -4.7911613718584446E-003   2.0834179484065430E-015  -1.7153475693774344E-003   6.3861170213591306E-014   5.3311500926718014E-017   7.1562762268388027E-019  -1.4187195741110725E-017   5.4538626541171255E-017   7.9360223131804001E-020  -1.1380980812157817E-016   3.7767829856938092E-014  -3.4302217964119011E-003   1.3630554866359083E-015  -1.0622699344874783E-003  -1.5239877529567062E-014  -5.3455711447790760E-015
  -7.1049763033607175E-015   7.2105838502829909E-006  -9.6790220333866289E-014   2.3114114964726131E-017  -9.8767125387146993E-015  -1.6671736277873136E-005  -1.3472538993837937E-013  -5.3511199992720847E-017  -6.1726242344462193E-019   1.0796447881894054E-018   1.3430886481375199E-018  -1.7993714851391034E-018   1.1027214429131192E-020  -1.8680821648435634E-018  -9.8896679023835030E-015   2.5680274623357192E-005  -1.3459272939407653E-013   5.9204674060818718E-017  -2.2183477382206959E-016  -3.4235202168968648E-007  -1.3346624966744577E-015  -1.0006622929833234E-016   1.4825952855468007E-007   3.9987119657578053E-016  -7.8659358527189306E-007  -1.3762732718845851E-015   1.3976780580681309E-006   2.0140711458212699E-015  -4.2885298140458786E-018  -7.2631995700490879E-019   3.2116323733348405E-019  -9.6300727303454654E-019   1.6749542286247298E-018  -1.5511826315988522E-018  -9.0110036567646452E-016  -2.8439680346669061E-004  -1.3370831873675646E-014   2.6169153532656593E-015  -4.6652679615113071E-003   1.7836669641428324E-014   3.6183722972117577E-016   1.5903903659124532E-018   1.5420696378828184E-018   1.2542837898402733E-018   1.7595299182502401E-019   2.6991910889694065E-019   6.0220242643065411E-019   5.5575900747621374E-016   1.7448546342109913E-015  -3.3522592964788473E-003   1.0968562745065261E-014   3.2198262522840099E-015   1.8240800716514009E-015
   8.9131570897962482E-003  -9.6137970622026789E-014  0.12145250551903884       -1.0633783186812916E-012   1.2406115910359096E-002  -1.3454109625614814E-013  0.16902157033153709       -2.9054539626978793E-012   2.3677416280754117E-014   3.9385300081857427E-017  -5.9894581696082482E-015   2.4209455612847899E-014  -1.1024496271821728E-017  -4.6740847123626776E-014   1.2395306888382860E-002  -1.3459272939407653E-013  0.16891664513770469       -2.0216523732334457E-012   2.7939126654161417E-004  -1.2947042934508023E-015   1.6714277106677144E-003   1.2607378220077061E-004   5.8757395316543965E-016  -5.0091650078361066E-004  -3.0011757587834794E-015   1.7174534320207621E-003   5.4633376254717291E-015  -2.5259228675781134E-003  -5.7417010159057961E-015  -1.1149110197751135E-018   1.5239179026521246E-015  -5.8156486502882987E-015   2.4924645371352526E-017   1.2013089014903670E-014   1.2279016952309470E-003  -1.3310166968760793E-014   1.6446250039891207E-002  -1.7153475693787647E-003   1.7553921051384256E-014  -2.8037557867387920E-002   8.6991310318392839E-013   7.3082237486130137E-016   2.9306583498331372E-018  -1.9200801242988545E-016   7.4486038790127438E-016   8.5538660952116456E-019  -1.5403494064618644E-015   5.1431981405576201E-013  -1.0622699344884998E-003   1.0772538074822821E-014  -1.7826107809959569E-002  -1.9278361697995282E-013  -6.4664679366527315E-014
  -1.0669791672980666E-013   1.9150072712660538E-016  -1.4536964050867281E-012   3.7211180892566295E-004  -1.4853305338815581E-013  -2.0434150210089837E-016  -2.0228356580672774E-012  -1.3367901121986350E-003  -1.4894677346421464E-006   1.3382343101084726E-017   3.8280409456610758E-007  -1.5137986291224859E-006   3.2505248823353213E-017   3.0032663629122048E-006  -1.4837920212068221E-013   5.9204674060818718E-017  -2.0216523732334457E-012   1.8646389343459195E-003  -3.3425675708467714E-015   3.7090823469195028E-017  -2.0030488149316559E-014  -1.5133600310048112E-015   1.7409805255323969E-017   5.9883037566923693E-015  -2.8417237828784621E-017  -2.0573321001112618E-014   1.7818934193483223E-017   3.0252149159012891E-014   1.7627685016402111E-006  -1.5909260615166069E-018  -4.5304438940226963E-007   1.7915638446388414E-006  -1.8784268425113475E-017  -3.5543323466270689E-006  -1.4588177653223061E-014  -3.2856761484378490E-016  -1.9968183009697867E-013   2.2010978478963525E-014  -5.9340947903465396E-015   2.8557171328391781E-013   2.7804595704008842E-002   1.0891983356849768E-005   4.4234212060135434E-018  -2.7993193344993010E-006   1.1069907114579951E-005   2.6838661530994306E-017  -2.1961890470797480E-005   4.0263545980449296E-002   1.3780162493206609E-014  -4.2461181759402220E-015   1.7738599996185082E-013  -1.6573369735389736E-002  -5.5855992844684559E-003
   1.4532638155407070E-005  -1.5892381429427367E-016   2.0094166939593056E-004  -1.7591499030973460E-015   2.1030324663887910E-005  -2.2318468838137156E-016   2.7977494977420025E-004  -4.8099708178659902E-015   3.9251146744018712E-017   7.2657212162110896E-021  -9.8999304714410494E-018   4.0067131558182301E-017   2.4194319548459539E-020  -7.7281839873866266E-017   1.9739662674599848E-005  -2.2183477382206959E-016   2.7939126654161417E-004  -3.3425675708467714E-015   4.8629085010143639E-007  -2.2371251695013104E-018   2.7656250262165526E-006   2.1962322936341413E-007   1.0271522853568594E-018  -8.7205086795876787E-007  -4.9381875862991331E-018   2.8495730343552096E-006   9.1045913111795653E-018  -4.1853215235295445E-006  -9.5243020145779446E-018   1.4611773831080191E-020   2.4975489640275498E-018  -9.5813597805603880E-018   4.2226399306470891E-020   1.9817102175957204E-017   1.0590929499195123E-005  -3.0092995338351504E-017   2.8792284969962698E-005   1.3766864485842279E-004  -1.0204555706061482E-016  -1.9100014667377142E-005   1.4781603639031235E-015   1.2525514683095529E-018  -3.3733963909607784E-021  -3.1433918245279972E-019   1.2467307194159391E-018   4.1047504593036277E-021  -2.5514458279702725E-018   9.0746923587955651E-016   9.9206828751866868E-005  -7.6440413971844514E-017  -9.8533431895540460E-006  -2.4509943282048054E-016  -6.1278149153910818E-017
  -6.7569900371482871E-017  -9.6126618383673263E-008  -9.3100156322105797E-016   7.2336196232200583E-018  -9.6981493558490952E-017   2.2225629217437862E-007  -1.2960506574909986E-015  -2.6397319278879739E-017  -2.2578147386359703E-020  -1.4393092806642861E-020  -9.9875052291889509E-021  -7.3223129121382057E-021  -1.4700734965860673E-022   8.7021391855430641E-020  -9.2227873158594835E-017  -3.4235202168968648E-007  -1.2947042934508023E-015   3.7090823469195028E-017  -2.2371251695013104E-018   4.5640051936365669E-009  -1.2792147042172541E-017  -1.0106030850038643E-018  -1.9764955819159791E-009   3.9829273540231679E-018   1.0486332724847113E-008  -1.3106249424807042E-017  -1.8632896877813273E-008   1.9390726177247344E-017   9.2584501944797871E-020   9.6828055508638834E-021  -1.3382860649990083E-020   4.8829365977874837E-020  -2.2329354916600169E-020  -5.0724617807961153E-020  -3.9941965147437486E-017   3.7913854916625325E-006  -1.3143843428243500E-016  -4.8786539046062448E-016   6.2194191525305457E-005   1.2256604234614625E-016   5.6757625002848018E-016   2.0310307276648366E-019  -2.0557827587226818E-020  -7.4369306590430322E-020   2.2562348306154649E-019  -3.5983786760250956E-021  -4.6030240341014205E-019   8.1803376122016352E-016  -3.5187847738481999E-016   4.4690049627964086E-005   7.0107251650662549E-017  -1.3779033503866242E-015  -6.8756474973227057E-016
   8.8316387822987333E-005  -9.5331088843089801E-016   1.2022671970718874E-003  -1.0531403578658878E-014   1.2269846581087449E-004  -1.3297000236280755E-015   1.6743089454295940E-003  -2.8761163992603616E-014   2.3479928119009052E-016   3.7291368000693119E-019  -5.9243459719887099E-017   2.4033806188510085E-016   1.0211670038382394E-020  -4.6203307077435402E-016   1.2295194721830208E-004  -1.3346624966744577E-015   1.6714277106677144E-003  -2.0030488149316559E-014   2.7656250262165526E-006  -1.2792147042172541E-017   1.6601658298333873E-005   1.2478993840134173E-006   5.8755452989017648E-018  -4.9583747193380908E-006  -2.9699543478279970E-017   1.7055741874076767E-005   5.4148601324143041E-017  -2.5086744910524235E-005  -5.6703473011225691E-017  -1.4607806721524646E-020   1.5039301773007825E-017  -5.7449546075499158E-017   3.2389557439173626E-019   1.1905667558567813E-016   9.8106652190031146E-006  -1.1403417552239517E-016   1.7621430957529758E-004  -5.4870657831573280E-005   4.6485300669607590E-016  -4.9803051213921054E-005   8.4185907518040587E-015   7.2654075778678884E-018   7.4083873875593088E-020  -1.8556205414613420E-018   7.2649033718526594E-018   2.7684289760072278E-020  -1.5071011919961799E-017   4.8129474408441024E-015  -3.7727663110438453E-005   3.1559436703497495E-016  -1.2622966986236908E-005  -1.2186811114717053E-015  -2.8440559920069795E-016
   6.5559791839277264E-006  -7.1702956395172602E-017   9.0673627328878369E-005  -7.9481629318051938E-016   9.4938773847135075E-006  -1.0073466063786008E-016   1.2624615339389895E-004  -2.1668332295258184E-015   1.7715836881811625E-017   2.8491493261898907E-021  -4.4682809714417734E-018   1.8083253315316073E-017   1.1092925511651727E-020  -3.4881359755638478E-017   8.9010773587924726E-006  -1.0006622929833234E-016   1.2607378220077061E-004  -1.5133600310048112E-015   2.1962322936341413E-007  -1.0106030850038643E-018   1.2478993840134173E-006   9.9189783932751527E-008   4.6399594394105002E-019  -3.9384526610842533E-007  -2.2289105074340850E-018   1.2858432012716068E-006   4.1102081651086096E-018  -1.8885402193982468E-006  -4.3030415525397216E-018   6.7264779095338213E-021   1.1281354597193410E-018  -4.3283408999471370E-018   1.8961510295856639E-020   8.9515719000951351E-018   4.8489047974255576E-006  -1.3949331103400823E-017   1.2987189066439028E-005   6.3267382319663276E-005  -5.2108087544578558E-017  -8.7028082408946821E-006   5.9326415711149295E-016   5.3641407204356322E-019  -1.6451103922662618E-021  -1.3439994073120279E-019   5.3326756129960083E-019   1.8481684608009285E-021  -1.0929221387236171E-018   3.0197722857717091E-016   4.5589400222688724E-005  -3.8848462695027935E-017  -4.5066547126525241E-006  -2.7497557775697685E-016  -1.2777113344279121E-016
   3.0703149819993218E-017   4.1628751168985374E-008   4.2308890556362370E-016   3.5141240578677070E-018   4.4176245787729237E-017  -9.6250674768769129E-008   5.9031030446023018E-016  -1.2478810045454880E-017  -1.7987088951195501E-020   6.2330963999572404E-021   1.1460966709583791E-020  -2.5047352170626006E-020   6.3663246743375457E-023   1.8297556714782861E-020   4.1842917612825904E-017   1.4825952855468007E-007   5.8757395316543965E-016   1.7409805255323969E-017   1.0271522853568594E-018  -1.9764955819159791E-009   5.8755452989017648E-018   4.6399594394105002E-019   8.5594442153136245E-010  -1.8294658039363899E-018  -4.5412284653091701E-009   6.0215358481276319E-018   8.0691929116649006E-009  -8.9053242099861191E-018  -9.1960684318810287E-021  -4.1932516683339544E-021  -2.1455953312484159E-021   1.0257342414928982E-020   9.6699870988335840E-021  -4.0335309525156547E-020   1.9421874083395580E-017  -1.6419036253638538E-006   7.5192752018935529E-017   2.4321976999838483E-016  -2.6933918686594538E-005   2.0704235477615448E-016   2.6746641358177802E-016   1.1324973677279900E-019   8.9028065660358649E-021  -1.9504889585393725E-020   1.0678376837020170E-019   1.5583197782410467E-021  -2.0635921674325747E-019   3.8254199014727539E-016   1.7538334252478780E-016  -1.9353546259857866E-005   1.5716010688676517E-016  -1.5700316101920838E-015  -8.3193115770359827E-016
  -2.6053559268603775E-005   2.8553440466692037E-016  -3.6026516669693568E-004   3.1530502395064253E-015  -3.7709018707020288E-005   3.9875152727637962E-016  -5.0160363705067218E-004   8.6269584965708772E-015  -7.0369161702391984E-017  -1.2597137253746561E-020   1.7748474475786517E-017  -7.1831212257529270E-017  -4.3553011419232847E-020   1.3855047466379378E-016  -3.5384613914705515E-005   3.9987119657578053E-016  -5.0091650078361066E-004   5.9883037566923693E-015  -8.7205086795876787E-007   3.9829273540231679E-018  -4.9583747193380908E-006  -3.9384526610842533E-007  -1.8294658039363899E-018   1.5638242784601652E-006   8.7873372996371266E-018  -5.1089466082600645E-006  -1.6206520333750523E-017   7.5037382799626905E-006   1.7072147567397285E-017  -2.6330229644230953E-020  -4.4766138398007465E-018   1.7173849517843260E-017  -7.5614169872131932E-020  -3.5520683964915104E-017  -1.9058127780346250E-005   3.0154426631859312E-017  -5.1616092918548109E-005  -2.4796925128168547E-004  -2.0745191198218652E-016   3.4328166941172136E-005  -2.7187599333809301E-015  -2.2726403065143717E-018   6.1709965793697829E-021   5.7045890523975205E-019  -2.2625951685868215E-018  -7.3552690954799312E-021   4.6284608478033247E-018  -1.7258338655479992E-015  -1.7868932797391671E-004  -1.4348102227785211E-016   1.7726301818997047E-005   6.1815927896810496E-016   1.9968790043600163E-016
  -1.5889568912706308E-016  -2.2086208523404929E-007  -2.1579666775650949E-015  -6.0063673002049146E-018  -2.1950799813490775E-016   5.1065967961230995E-007  -3.0038177775677821E-015   2.0683710097993357E-017   4.0491084725307707E-020  -3.3069804636627601E-020  -4.6686450006568578E-020   7.7051980920600654E-020  -3.3776648723397794E-022   1.3698917802328578E-020  -2.2189442752863246E-016  -7.8659358527189306E-007  -3.0011757587834794E-015  -2.8417237828784621E-017  -4.9381875862991331E-018   1.0486332724847113E-008  -2.9699543478279970E-017  -2.2289105074340850E-018  -4.5412284653091701E-009   8.7873372996371266E-018   2.4093568992760415E-008  -3.0347446126351372E-017  -4.2811247577224811E-008   4.4956738372529659E-017   1.0645009450038286E-019   2.2247371861016819E-020  -3.4355954589999157E-021   4.1815708755971489E-021  -5.1304289818233773E-020   9.7737433910682738E-020  -2.5248693668303844E-018   8.7111491041167488E-006  -3.0060696238917611E-016   3.4695882767319602E-016   1.4289838819564533E-004   3.5725447555365761E-016  -4.1237137618219635E-016  -2.0595874665422586E-019  -4.7233999753011404E-020   1.9939862716075198E-021  -1.6520279483115654E-019  -8.2676935014412574E-021   2.9861235937171076E-019  -5.9603285801674484E-016   2.4626227787105953E-016   1.0268058645992829E-004   2.1522402675013216E-016   7.4412101739864110E-016   3.5771169250611554E-016
   9.0673627328629816E-005  -9.8090208467188005E-016   1.2353653063427697E-003  -1.0819619788667171E-014   1.2624615339357914E-004  -1.3631924527069325E-015   1.7203822070825890E-003  -2.9558862117406830E-014   2.4126032469798326E-016   3.6530158362919528E-019  -6.0872441446473261E-017   2.4691586420862552E-016   1.7794459242747344E-020  -4.7476108229933346E-016   1.2607378220041643E-004  -1.3762732718845851E-015   1.7174534320207621E-003  -2.0573321001112618E-014   2.8495730343552096E-006  -1.3106249424807042E-017   1.7055741874076767E-005   1.2858432012716068E-006   6.0215358481276319E-018  -5.1089466082600645E-006  -3.0347446126351372E-017   1.7524941521596554E-005   5.5370211032853185E-017  -2.5774919593759120E-005  -5.8273249491462582E-017  -9.4728042241861116E-021   1.5446431417084267E-017  -5.9017792838425049E-017   3.2894580990137895E-019   1.2229458398102267E-016   1.2987189066451220E-005  -6.2406547773744785E-017   1.8085133823462918E-004  -8.7028082400735446E-006   1.3764612227317725E-015  -5.4673106587099427E-005   8.7756377285214865E-015   7.5178658641566055E-018   7.1007627534868675E-020  -1.9183556561079290E-018   7.5161389939447644E-018   2.8276848023015703E-020  -1.5577185549170222E-017   5.1272110063046085E-015  -4.5066547120670194E-006   9.7011787588448274E-016  -1.5484800818733473E-005  -1.2354952987617553E-015  -2.6697021454366871E-016
   2.8840332382368026E-016   3.9244420011905024E-007   3.9292438693479347E-015   4.1687128927121195E-018   4.0193600845751652E-016  -9.0737814634925796E-007   5.4714015302791781E-015  -1.3371133151276518E-017  -4.5324518645299644E-020   5.8760891507879898E-020   7.6113641024859922E-020  -1.0985374614035164E-019   6.0016864602822754E-022  -7.8022264666435105E-020   4.0068663152757247E-016   1.3976780580681309E-006   5.4633376254717291E-015   1.7818934193483223E-017   9.1045913111795653E-018  -1.8632896877813273E-008   5.4148601324143041E-017   4.1102081651086096E-018   8.0691929116649006E-009  -1.6206520333750523E-017  -4.2811247577224811E-008   5.5370211032853185E-017   7.6070212747192162E-008  -8.1986508481500913E-017  -2.1965934698306253E-019  -3.9530787031463605E-020   1.3946144103881741E-020  -3.8439422926841795E-020   9.1161282657836672E-020  -1.1214696244986470E-019   4.2406527970256322E-017  -1.5478618426789365E-005   5.7115483921499587E-016  -1.0352199336276109E-017  -2.5391249744977063E-004  -2.4419310318370729E-016   2.3830894008548695E-016   1.7220752507307165E-019   8.3928888164391731E-020   4.6253468406785915E-020   9.6624264738407627E-020   1.4690653488022820E-020  -1.3992100047528451E-019   3.4638606893852894E-016  -1.8623874535857071E-018  -1.8245051240152482E-004  -9.9553713882517620E-017  -8.1069400196306940E-017  -1.4153387351504690E-017
  -1.3341128039118607E-004   1.4398406079020609E-015  -1.8169039939364762E-003   1.5911690795681410E-014  -1.8555236372503486E-004   2.0114100360051394E-015  -2.5302533932166356E-003   4.3477884250809941E-014  -3.5482415112362587E-016  -5.5023317050883709E-019   8.9526606327331386E-017  -3.6316774584621943E-016  -2.0874536281882830E-020   6.9822551898333917E-016  -1.8561281970929064E-004   2.0140711458212699E-015  -2.5259228675781134E-003   3.0252149159012891E-014  -4.1853215235295445E-006   1.9390726177247344E-017  -2.5086744910524235E-005  -1.8885402193982468E-006  -8.9053242099861191E-018   7.5037382799626905E-006   4.4956738372529659E-017  -2.5774919593759120E-005  -8.1986508481500913E-017   3.7910046426863833E-005   8.5687130172124117E-017   1.7948627671725813E-020  -2.2719778886818287E-017   8.6797982861540826E-017  -4.8659923793330265E-019  -1.7986950254371489E-016  -1.6992517307833223E-005   2.0395043429739054E-016  -2.6614102031103829E-004   4.7384863900702974E-005  -1.8413477567404444E-016   7.7871930299188027E-005  -1.2997293833678639E-014  -1.1089894343962472E-017  -1.0814482003620494E-019   2.8312271681072896E-018  -1.1089392721323739E-017  -4.1710969393355925E-020   2.2987164756705782E-017  -7.6715639784875592E-015   3.1479601878297203E-005  -1.0445258961267992E-016   2.0950293175510555E-005   1.9897155438832687E-015   4.7628596002681203E-016
  -3.0245966036678117E-016  -1.0379210211828580E-018  -4.1274328103827249E-015   3.5178900852900998E-007  -4.2253402700234823E-016   2.6263245919703578E-018  -5.7414682815310379E-015  -1.2637750468701660E-006  -1.4078858760480408E-009   1.2717622300806850E-020   3.6183696061233825E-010  -1.4308841068207737E-009   3.0360304790118360E-020   2.8387699820625621E-009  -4.1973101285662615E-016  -4.2885298140458786E-018  -5.7417010159057961E-015   1.7627685016402111E-006  -9.5243020145779446E-018   9.2584501944797871E-020  -5.6703473011225691E-017  -4.3030415525397216E-018  -9.1960684318810287E-021   1.7072147567397285E-017   1.0645009450038286E-019  -5.8273249491462582E-017  -2.1965934698306253E-019   8.5687130172124117E-017   1.6666144534311539E-009  -1.4792519724087728E-021  -4.2833209620066231E-010   1.6938390917129249E-009  -1.7887272318596302E-020  -3.3604535454737949E-009  -5.7675898410143395E-017   4.7817001806404585E-017  -5.3450466421237825E-016  -2.0248957771075735E-016   7.8389508589547622E-016   1.3648645271625719E-015   2.6282689103745871E-005   1.0295772806734913E-008   3.9680786966017249E-021  -2.6460888652918017E-009   1.0463957289440786E-008   2.5207628949488152E-020  -2.0759730095577204E-008   3.8060995102363152E-005  -1.5125728555889544E-016   5.6328879220786740E-016   9.0221425792590772E-016  -1.5289259009915697E-005  -5.0719071669944180E-006
