   2.3265870742378080E-002   3.9537126973945027E-017  -6.5764435471949435E-016  -4.6001234013264820E-017   4.4919705210518426E-002   3.4422621759261163E-018  -7.8834578498774164E-016  -1.1377683251062312E-015  -1.1289555692074364E-017  -1.4316792043261947E-017  -5.4904393725167987E-018  -7.7237216312296334E-018  -5.7142577431458296E-019   5.2166711634015954E-018   5.9260209003427086E-002   6.0512119444770122E-017  -1.4240473097088969E-015  -1.3537389171372113E-015   2.3679367579178160E-015  -1.1184496724035753E-018   1.9045445047472087E-017   1.1849191408081076E-015  -1.1205284884490490E-018   1.1049928522416326E-015  -7.7795758828803501E-019   2.0426380319949187E-017   5.1969066918201359E-019   2.2878733374490757E-017   4.9691462741573314E-019  -3.8140228264327487E-019   5.8705346576341987E-019   5.3025630501563543E-018   2.4230692711622078E-018   1.1803857220072379E-017   2.1022531353226549E-002  -5.3749348430797263E-017  -1.1046684324511731E-016  -1.9600252306638446E-002  -1.0105992057480680E-015   5.2090298166273256E-015   4.2862469199817082E-015   5.3104839452083251E-018  -1.0034093380390105E-018   2.4263699664834998E-020   5.5108071522764949E-018   4.5790541164515069E-019   4.9769953805482370E-018   3.7697943257258728E-015  -1.0595862734731211E-002  -5.7975866394954150E-016   2.9710409812727806E-015  -6.0572137379042165E-015  -3.3475394148645203E-015
   3.9537126973945027E-017   2.3265870742370912E-002   1.0558075264171662E-017  -4.6934213061624467E-017   3.2949262728021170E-017   4.4919705210513389E-002   5.7997494171699378E-017   2.5256212321996191E-016   6.6876028326840480E-017  -4.1774479945082659E-019   1.6789586472797768E-018   3.9381068967346017E-017   5.4800743583654255E-019   3.8158584431470875E-017   1.3948375847002019E-016   5.9260209003420702E-002  -7.1919526788013101E-017   9.6205309724962892E-016  -2.6806465476874167E-017   5.7109129077081980E-016   3.2512241672587758E-017  -1.7388104153064967E-017  -2.5666670668841043E-019  -1.1901619239055304E-017   1.0974950178632368E-015   3.1243302673753905E-017   4.7853250381137491E-016   7.6365776460450148E-017  -8.1431871968379383E-018  -2.3416189438769761E-018   5.0808014129288016E-019  -8.4812554756962878E-019  -4.2594698183330969E-018   8.7121509756047968E-019   1.1621302829952758E-016   2.1022531353223142E-002   1.9183431172576337E-017   1.7929649303838437E-015  -1.9600252306631035E-002  -9.0035043038237927E-016   3.4177149774014148E-015  -1.4845460354099462E-017   2.0280902815965568E-018  -9.3932675515481074E-019  -1.3261436264493437E-017   3.8538725110560787E-019  -1.4567179516875412E-017   3.4050298209041285E-015   1.0285034130836754E-015  -1.0595862734727055E-002  -5.1770673391698754E-016  -3.1861733663052114E-015  -1.5399920627366889E-015
  -6.5764435471949435E-016   1.0558075264171662E-017   2.3265870742370812E-002   2.4587090354728170E-018   1.8934135809486173E-016  -1.0223827151193709E-016   4.4919705210513909E-002  -7.3609696114832081E-017   2.8647194046403177E-017   1.9093328432394613E-017  -7.0638716105972519E-018   3.4803456108204526E-017   7.2940486212887062E-018   2.7937736440264695E-017  -4.2124918315890050E-016   2.1034371511532141E-016   5.9260209003420099E-002  -3.2537853365310914E-016  -1.2550969395427676E-016  -5.6186953003149883E-017   6.4516849572275650E-016  -5.6544987659765958E-017  -5.0725284203059546E-018  -4.7025667716934488E-017  -1.2490079698027408E-016   5.7933434272486046E-016  -5.1144279354041109E-017   1.2915702442458687E-015   3.7830088777833434E-017  -4.7485108381086306E-018   8.3758608467710579E-019   9.9381725258516224E-018  -4.6614721675034136E-018   3.5436676468389723E-017  -2.9838890150679203E-016   1.0751549773834159E-016   2.1022531353223586E-002  -1.9460291747270367E-015   2.8114868235551891E-015  -1.9600252306628235E-002  -3.5476005326889998E-015  -7.0144673193170261E-018  -7.9119152897463387E-019   6.7245131083271057E-019  -3.6561628739186620E-018   1.5248629764553472E-018  -5.7166187617452782E-018  -3.4749968156542793E-015  -1.1195578343897995E-015   1.6135255997137360E-015  -1.0595862734725445E-002   5.5356174306667968E-015   3.0476050465816846E-015
  -4.6001234013264820E-017  -4.6934213061624467E-017   2.4587090354728170E-018   4.9406274256643963E-004  -3.9557651555628565E-017  -2.6248915712798282E-016   1.1873513243979682E-016   1.4760721913702920E-002  -1.7374217672919749E-016  -9.9332977671856384E-018  -2.1520521195066796E-018  -2.5576496258204660E-016   5.9481638429425288E-018  -2.8395203082819818E-016  -2.0419800022026097E-016  -1.6194171459450825E-016   5.7521747995152954E-017   1.9975667160583986E-002   4.6157828404615418E-017   7.1397852528079801E-019   6.0601295947459742E-018   2.3965544374534112E-017   2.6806732120662932E-018   2.1500002624864217E-017   2.0411649327197210E-018   1.0961451550668572E-018  -1.1312627577969802E-018   7.3414402916696153E-018  -1.1883358612102519E-015  -5.3360647533553616E-018   4.5570689116001167E-018  -7.3139362036169132E-016   1.2689498311772926E-019  -7.6317814785109226E-016   2.3948335037632263E-016  -1.0432181560674150E-016   1.0586121782618601E-016   4.1009213604185003E-015   3.1142209106923436E-016   1.0136355863442460E-015  -4.8176478662217163E-003  -3.2678856682245283E-016   9.0632275474644165E-019  -1.4816060483941291E-019  -4.3586309954605081E-016   1.2096765709354166E-018  -4.6421601121025295E-016  -2.3340129477105343E-004   2.3437307443311471E-015   1.7339950271198744E-016   5.8108058252581553E-016  -3.3366272245410433E-004  -1.3245956679269589E-004
   4.4919705210518426E-002   3.2949262728021170E-017   1.8934135809486173E-016  -3.9557651555628565E-017   8.6774004306625727E-002  -9.1810094622621296E-017   1.2320716900075017E-015   2.8753572262140604E-015  -2.6836450337049429E-017  -2.4315143894539294E-017  -1.0811280693227320E-017  -1.5934986963239423E-017  -4.5583061308054841E-018   8.0301020953325992E-018  0.11439889617274691       -3.1425679635659310E-017   1.0364027803086380E-015   2.6871420892272580E-015   4.6265113467106607E-015  -5.0305905723507423E-018   3.7191040402531627E-017   2.3196561758479444E-015  -2.6176404406240757E-019   2.1639748273783043E-015  -1.2456245312913144E-018   3.9631419558462558E-017   2.0601913225295646E-018   4.2246271939199832E-017   3.1085530705399965E-018  -1.8208589113678890E-018   1.2710227542503776E-019   8.3460686392309821E-018   3.3988404187881351E-018   2.2721288861838491E-017   4.1034153155305821E-002   8.0769491703916811E-018   1.3553904967682627E-016  -3.1085805096777608E-002   5.3002206446265350E-016  -6.2232888477725215E-015  -9.1504245310551047E-015   7.4561233125888495E-018  -5.9987521087254747E-019  -2.2797003714918967E-019   1.0234595553697277E-017   2.9977199518775158E-019   1.0494397643912711E-017  -7.9847011127840072E-015  -1.6579705954435493E-002   3.0396003166194169E-016  -3.5626077553429369E-015   1.5527305886165939E-014   8.8234970145885172E-015
   3.4422621759261163E-018   4.4919705210513389E-002  -1.0223827151193709E-016  -2.6248915712798282E-016  -9.1810094622621296E-017   8.6774004306632763E-002  -1.5687088437672466E-016  -1.0981244154232477E-015   1.2883686771036225E-016  -1.1574107326591747E-018   4.3739497315149146E-018   7.6466907290664446E-017  -7.3494738477936576E-019   7.4704136189905593E-017   1.1854820130974007E-016  0.11439889617275714       -4.9232207317554202E-016  -1.5881389392943917E-015  -5.2141252396610828E-017   1.1100030420212186E-015   5.9971012552732782E-017  -3.2343863271737089E-017   1.3938299374673676E-018  -2.2131872260429270E-017   2.1290799769010679E-015   5.8698008981114870E-017   9.3019864852872575E-016   1.4267570192112851E-016  -1.1838715541976317E-017  -8.3195346882215268E-019  -3.3075550529211630E-019   1.7412186495147439E-018  -5.9970555334382988E-018   4.2092366206953963E-018  -1.4191594066539894E-016   4.1034153155305939E-002   1.2798149831716150E-016  -1.0256148979460253E-015  -3.1085805096788505E-002   1.8714630071885716E-015  -5.2571576049583261E-015  -2.8614374417379573E-017  -2.1130223465377213E-019  -6.8753553595774050E-019  -2.4286948831325125E-017  -3.1424679520090156E-019  -2.6169128570152281E-017  -5.5377082604868180E-015  -5.9421965911211603E-016  -1.6579705954441679E-002   1.0709469512483530E-015   3.5108065636734454E-015   1.4365807473187299E-015
  -7.8834578498774164E-016   5.7997494171699378E-017   4.4919705210513909E-002   1.1873513243979682E-016   1.2320716900075017E-015  -1.5687088437672466E-016   8.6774004306634983E-002  -1.4399697673928932E-016   5.6490048468285394E-017   3.0697323055214751E-017  -1.0985596450917117E-017   6.6050178752996920E-017   1.4124338267767776E-017   5.8225973545102522E-017   3.3260688341534890E-016   5.2563282396106812E-016  0.11439889617275784        6.1425847796068454E-016  -2.3753930964334024E-016  -1.0840770343169286E-016   1.2473456692693423E-015  -1.1516537006323472E-016  -1.1330624975000015E-017  -9.4469131526817522E-017  -2.4519611584014971E-016   1.1209602677920640E-015  -1.0274243472186385E-016   2.4783237334837878E-015   6.8161231254619232E-017  -7.5016492059758589E-018   8.7484774390308179E-019   1.9898418338146496E-017  -5.7009657953556734E-018   6.1035962184279255E-017   2.2703712549166156E-016  -2.8411990052148117E-016   4.1034153155306528E-002   1.8466558219971744E-015  -2.7123994503485524E-015  -3.1085805096796579E-002   4.1450407188445900E-015  -2.0688437211624024E-017  -2.3977478611257078E-019   5.1462792344930276E-019  -1.4890971780396630E-017   1.8518732806602532E-018  -1.2113759675236059E-017   3.9729544609724817E-015   1.0685179855201000E-015  -1.5559522734932094E-015  -1.6579705954446283E-002  -4.7556160568681895E-015  -2.4655960518505458E-015
  -1.1377683251062312E-015   2.5256212321996191E-016  -7.3609696114832081E-017   1.4760721913702920E-002   2.8753572262140604E-015  -1.0981244154232477E-015  -1.4399697673928932E-016  0.50066098459450281       -4.0472739973845814E-015  -1.5857533041614021E-016  -9.3544999231481204E-017  -7.0499563206001746E-015   1.3535528189206763E-016  -7.6724829852584614E-015  -5.0880771157220130E-015   4.2646216486458077E-016  -1.4247862157536814E-015  0.65624571112622465        1.8227945458023139E-015   1.3112078964705471E-016   2.9719260189359836E-016   3.6445068368572303E-016   7.0972735984044369E-017   4.2144060050892419E-016   3.5257950459883217E-016   1.2866797622419044E-016   1.2582973190890405E-016   5.8768279501625853E-016  -4.5086271111997343E-014  -1.4511991780088039E-016   1.0493070087504691E-016  -3.0536153028759180E-014   1.0457042291886805E-016  -3.2276330427543180E-014   1.8329408817307131E-015  -5.1808982259496686E-016  -2.7498584027411498E-016  -3.8966634989892742E-015   5.0127727704157097E-016  -5.7512485964644343E-015 -0.36751906153000097       -1.9833693724075779E-014  -3.1745370048215382E-017   4.2917314768366599E-017  -2.5420514789469359E-014   2.6437584633079168E-017  -2.5301193328319945E-014 -0.20902915223400287       -2.1613865493525263E-015   2.2569351168714913E-016  -3.2911747902747197E-015   9.4989037916556149E-002   3.4141002195099822E-002
  -1.1289555692074364E-017   6.6876028326840480E-017   2.8647194046403177E-017  -1.7374217672919749E-016  -2.6836450337049429E-017   1.2883686771036225E-016   5.6490048468285394E-017  -4.0472739973845814E-015   9.2522850928690084E-029   4.8099494675954989E-030  -1.7303241971694494E-030   1.1211327922217569E-028  -3.1638525262417303E-030   1.2655556123441076E-028  -2.7089909192472261E-017   1.7043213611118195E-016   7.2576736582342831E-017  -5.8836440384337233E-015  -2.5498314778282325E-029   1.8053874779749378E-030   4.0821955070959987E-031  -1.2542485670374346E-029  -1.1535828611810216E-030  -1.0924355461465350E-029   4.4901580031723944E-030   2.1297207037824081E-030   2.3754042022975077E-030   2.4201285930022830E-030   2.0243731767847295E-028   2.8673497220236984E-030  -1.2047924726881925E-030   5.9319968568599218E-029   2.8943603744514811E-030   5.4280196955729559E-029  -5.8018299939552167E-017   5.7756644550644911E-017   3.7086536454880104E-017  -7.1539601896702961E-016  -9.6832710025782716E-017   1.4568109460562017E-016  -2.5231478636241804E-015  -1.3225816932214732E-028  -7.8684415595264077E-031  -9.5706894721837368E-032  -1.3795611171627857E-028  -8.2072831021159465E-031  -1.1189242060334076E-028  -3.7728387595728896E-015  -4.1090599951957659E-016  -5.3697403407395276E-017   8.4415579109392364E-017  -6.0587385220927578E-016  -9.7885399563949817E-016
  -1.4316792043261947E-017  -4.1774479945082659E-019   1.9093328432394613E-017  -9.9332977671856384E-018  -2.4315143894539294E-017  -1.1574107326591747E-018   3.0697323055214751E-017  -1.5857533041614021E-016   4.8099494675954989E-030   1.6751853355802213E-030  -2.0224844095667048E-031   5.5827430585288411E-030  -3.8418983118935788E-031   5.8452809930455331E-030  -3.7565519330744619E-017  -9.4807139697461867E-019   5.0670375885561736E-017  -2.6409460243123611E-016   2.8298532269317834E-030   1.0052614308120807E-031   5.4704420573170175E-031   2.9211016556270840E-031   2.2193606361380823E-031   5.0114724742015717E-031   1.2986079333434090E-030   3.8525185779361714E-031   1.1036741041556922E-030   4.0236433296153862E-030   5.5642528902781688E-030  -2.4430734410547908E-031  -2.1529212082393086E-031  -2.5635670563141240E-030  -3.9486054393379441E-031  -2.4718662141688274E-030   1.8626412480182898E-017  -3.7066115226416551E-018  -4.1256855652195231E-017   4.9055016470558106E-016  -5.0117691085214357E-017  -9.0307986433356350E-016  -4.2759767874469398E-016  -1.0719585358190904E-029  -2.7042046363125784E-031   2.9146556658357987E-031  -1.3747674530601956E-029   8.8882019433802151E-032  -1.1501464103073093E-029  -4.6499105942489209E-016   2.8114059257006264E-016  -2.8775898600879233E-017  -5.1777062291263925E-016   5.1716956821632629E-016   2.6254485668916787E-016
  -5.4904393725167987E-018   1.6789586472797768E-018  -7.0638716105972519E-018  -2.1520521195066796E-018  -1.0811280693227320E-017   4.3739497315149146E-018  -1.0985596450917117E-017  -9.3544999231481204E-017  -1.7303241971694494E-030  -2.0224844095667048E-031   6.6843345282957799E-031  -1.6762689968475600E-030   1.1823288285717111E-031  -1.3589777802883658E-030  -1.3914953125259713E-017   3.9022082870549732E-018  -1.8869019733948225E-017  -1.1654504089806297E-016   1.5290552534258290E-030   6.3180212272037697E-031  -1.2042070436375433E-031  -2.2392471163403716E-030  -1.0692699879770292E-031  -1.6810385588314360E-030   7.1609289724454422E-031  -9.4547174032957239E-032   3.9187239731642433E-031  -7.2156379814237066E-031   1.6921957164794006E-029   6.8712723504845015E-032  -2.8073387060862289E-031   1.4868584604031783E-029   7.1965562631269899E-033   1.5062392538313412E-029  -6.9613931995296095E-018   1.2261363956248860E-017   1.8787140260078547E-017  -2.5699795577706738E-017   1.6146827925036701E-016   3.8752479019018239E-016   1.1499851290875670E-016   1.8482013224072173E-029  -1.7798687150472948E-031   2.0491050081700498E-031   1.9886058601616808E-029  -2.7105667907755338E-032   2.0492429797761724E-029   9.6056008952785896E-017  -1.4904129443427704E-017   9.2719028087913858E-017   2.2221466886410445E-016   5.8074805738555982E-016   3.8681957433318068E-016
  -7.7237216312296334E-018   3.9381068967346017E-017   3.4803456108204526E-017  -2.5576496258204660E-016  -1.5934986963239423E-017   7.6466907290664446E-017   6.6050178752996920E-017  -7.0499563206001746E-015   1.1211327922217569E-028   5.5827430585288411E-030  -1.6762689968475600E-030   1.5134717643968629E-028  -4.2253328941189975E-030   1.6811269915873941E-028  -1.9334991833842322E-017   1.0016379413874901E-016   8.9025965808209236E-017  -9.7497080997932821E-015  -3.4787947924742487E-029  -5.6631805985123160E-031  -1.7550461684945106E-030  -8.5339661720529938E-030  -1.1991853204573059E-030  -8.4102248562568905E-030  -1.9543538646254364E-031   1.0148404992927101E-030   4.2476410343402054E-031  -2.2373736219798399E-030   4.8206518442258438E-028   3.6323234457063311E-030  -1.5468391987750253E-030   2.5408327515202770E-028   1.8844642871248488E-030   2.6203206370846046E-028  -1.6682768259070256E-017   3.9696030632585399E-017   2.0580736644394858E-017  -1.4060181583071991E-016   2.9163587105655894E-017  -1.9406152994163698E-016   3.6043672517388175E-016   3.5099648850618443E-030  -2.4679831789126873E-031  -7.0542345466559561E-031   3.7902826049323810E-029  -9.9897036405487212E-031   5.8983970890321523E-029  -1.8604835284595656E-015  -8.0912838761717234E-017   1.7843835898628401E-017  -1.1040084380406781E-016  -2.1170275335441888E-015  -1.6915707579099904E-015
  -5.7142577431458296E-019   5.4800743583654255E-019   7.2940486212887062E-018   5.9481638429425288E-018  -4.5583061308054841E-018  -7.3494738477936576E-019   1.4124338267767776E-017   1.3535528189206763E-016  -3.1638525262417303E-030  -3.8418983118935788E-031   1.1823288285717111E-031  -4.2253328941189975E-030   4.7569790859179192E-031  -4.6734198407313859E-030  -3.1357768345864904E-019   1.9884071352468613E-018   1.8564822108155277E-017   1.9816682001738361E-016  -3.0630827136323206E-030  -2.6595717669490533E-033   3.1417427995973666E-031  -2.4272136643004433E-030  -1.9302142989458515E-031  -2.2752816460515152E-030  -3.6523822727492456E-031   1.8933508447360855E-031  -2.9219309614455845E-031   8.2135122378725520E-031  -5.4420915655009962E-030  -1.8003543531863688E-031   1.3338004563940795E-031  -2.5018518812542441E-031  -1.2117175380521031E-031  -1.1958942920118009E-031  -3.3299126485772581E-017  -1.6517421646356127E-017   6.9857260594454742E-018  -4.9650345181835491E-016  -2.5837128345161929E-016  -1.5692572167592961E-019   9.5630675297369280E-017   7.4827528159813277E-030   5.7198736310697846E-032   2.0660771948248060E-032   7.5355652412570959E-030   1.2338974081587222E-031   6.5781682005354451E-030   1.3930948900545070E-016  -2.8497547126585051E-016  -1.4827226499554040E-016   1.1476834311996857E-019   1.2684941033284087E-016   1.0320194108176799E-016
   5.2166711634015954E-018   3.8158584431470875E-017   2.7937736440264695E-017  -2.8395203082819818E-016   8.0301020953325992E-018   7.4704136189905593E-017   5.8225973545102522E-017  -7.6724829852584614E-015   1.2655556123441076E-028   5.8452809930455331E-030  -1.3589777802883658E-030   1.6811269915873941E-028  -4.6734198407313859E-030   1.8796268873771815E-028   1.3962129864400174E-017   9.6852546840693421E-017   6.9743256936022057E-017  -1.0670539276676246E-014  -3.5190459227813256E-029  -7.3411621022236756E-032  -1.7082524387155981E-030  -1.1811006507725100E-029  -1.5772266697135917E-030  -1.0843262697065504E-029   3.5948165399107149E-031   1.3986049190500662E-030   6.3786726638076203E-031  -3.5056156380739567E-030   5.1366742077344451E-028   4.2604848273199293E-030  -1.9923056883118117E-030   2.6365839013045759E-028   2.6978180287019835E-030   2.6951284085162755E-028  -1.4659604187532639E-017   4.4260679031701938E-017   6.5913390245859324E-017  -2.9809219406921037E-016   1.1613901457553730E-016   5.9301006197138819E-016  -1.8683447344506949E-016  -1.6276457194638921E-029  -4.3973552334607427E-031  -6.0503066670493686E-031   1.5664281106082146E-029  -1.2338319139814226E-030   4.2653937725017950E-029  -2.5906170825011675E-015  -1.7093827663167683E-016   6.7727522808673157E-017   3.4113224978308733E-016  -1.7423455609296574E-015  -1.5634659441824704E-015
   5.9260209003427086E-002   1.3948375847002019E-016  -4.2124918315890050E-016  -2.0419800022026097E-016  0.11439889617274691        1.1854820130974007E-016   3.3260688341534890E-016  -5.0880771157220130E-015  -2.7089909192472261E-017  -3.7565519330744619E-017  -1.3914953125259713E-017  -1.9334991833842322E-017  -3.1357768345864904E-019   1.3962129864400174E-017  0.15094606957229426        2.5544758586849723E-016  -4.2315448968612818E-016  -6.4666931889329792E-015   6.0132616622772962E-015  -1.8998617228928172E-018   4.8371683497323627E-017   3.0075438194202812E-015  -3.4825811969413100E-018   2.8044162525995150E-015  -2.0662622905786312E-018   5.1963676644005708E-017   9.7441903865441177E-019   5.8910673770978111E-017   5.5538930373369081E-019  -6.1304389034408849E-019   1.8278685211777407E-018   1.4131284697898479E-017   6.5946145696576553E-018   3.0088118048223354E-017   5.3398926242312843E-002   1.3337152993776965E-016   2.1392173398561970E-016  -5.2156630505878473E-002   9.0827954469878956E-016   2.6615735485167842E-015   1.1359513522693005E-014   1.4450641336053549E-017  -2.9977888426921594E-018   1.5262859258528791E-019   1.4170422885098258E-017   1.3594402722161306E-018   1.2384267221602798E-017   9.2587606354040243E-015  -2.8270222405590992E-002   5.2287417147145534E-016   1.5140825287233386E-015  -2.1091705900832971E-014  -1.2235624229334437E-014
   6.0512119444770122E-017   5.9260209003420702E-002   2.1034371511532141E-016  -1.6194171459450825E-016  -3.1425679635659310E-017  0.11439889617275714        5.2563282396106812E-016   4.2646216486458077E-016   1.7043213611118195E-016  -9.4807139697461867E-019   3.9022082870549732E-018   1.0016379413874901E-016   1.9884071352468613E-018   9.6852546840693421E-017   2.5544758586849723E-016  0.15094606957230813        2.9334430477178379E-016   1.7910149582192082E-015  -6.8150947338038263E-017   1.4521771017684514E-015   8.3737181890364048E-017  -4.4694733567784831E-017  -1.2781928514723511E-018  -3.0594310786399495E-017   2.7920669926207282E-015   8.0116100119753296E-017   1.2167853193792154E-015   1.9608503382068411E-016  -2.2024887123022901E-017  -7.1835365516928274E-018   1.7276456914589163E-018  -3.2769126816868799E-018  -1.1585185579243009E-017   1.3838306743667766E-018  -4.5281137455146569E-017   5.3398926242315681E-002   2.7232149452842717E-016  -2.4495088822808805E-017  -5.2156630505858198E-002  -1.7212234899672514E-015   5.1796068732243123E-015  -3.7828530977446729E-017   6.5296849200235369E-018  -2.7647019939530932E-018  -3.4213330896732350E-017   1.3313895980077609E-018  -3.7750308309683133E-017   5.1743463013284789E-015  -1.5728973926549433E-017  -2.8270222405579273E-002  -9.8589055614538228E-016  -4.0203818538178104E-015  -1.8082087725240564E-015
  -1.4240473097088969E-015  -7.1919526788013101E-017   5.9260209003420099E-002   5.7521747995152954E-017   1.0364027803086380E-015  -4.9232207317554202E-016  0.11439889617275784       -1.4247862157536814E-015   7.2576736582342831E-017   5.0670375885561736E-017  -1.8869019733948225E-017   8.9025965808209236E-017   1.8564822108155277E-017   6.9743256936022057E-017  -4.2315448968612818E-016   2.9334430477178379E-016  0.15094606957230572       -1.5150499906339003E-015  -3.2126522621989200E-016  -1.4313726074643056E-016   1.6427351865034242E-015  -1.4204425847839633E-016  -1.2412184656706653E-017  -1.1856354239074533E-016  -3.1679519881531716E-016   1.4748114094834544E-015  -1.2894776786044163E-016   3.2948080119425147E-015   9.7968657615727781E-017  -1.2645604838888154E-017   2.3787320783983465E-018   2.5078520170072150E-017  -1.2963496482929786E-017   9.2700091415975315E-017  -1.9294816144196466E-016  -1.3265298458461235E-016   5.3398926242316590E-002  -1.5140417303683507E-016   2.4814169947508716E-015  -5.2156630505849538E-002   1.4299851177314704E-015  -1.5504867087935962E-017  -2.4408484116083539E-018   1.9717994418258755E-018  -6.7240983697867435E-018   4.2449312905119289E-018  -1.4204907529914933E-017   8.6176586668914492E-016  -8.6740603769928766E-017   1.4212337822147603E-015  -2.8270222405574301E-002  -2.7464269625373467E-015  -1.6431052231690989E-015
  -1.3537389171372113E-015   9.6205309724962892E-016  -3.2537853365310914E-016   1.9975667160583986E-002   2.6871420892272580E-015  -1.5881389392943917E-015   6.1425847796068454E-016  0.65624571112622465       -5.8836440384337233E-015  -2.6409460243123611E-016  -1.1654504089806297E-016  -9.7497080997932821E-015   1.9816682001738361E-016  -1.0670539276676246E-014  -6.4666931889329792E-015   1.7910149582192082E-015  -1.5150499906339003E-015  0.86687650550508322        2.3063034890258134E-015   1.3788793284156480E-016   3.6062113123026632E-016   6.2004276831364426E-016   9.9344894278897128E-017   6.5013570655152328E-016   3.7243634977937889E-016   1.3985503595945696E-016   1.1288782072713027E-016   6.6310442697881070E-016  -5.7600533816000258E-014  -2.0137992157985752E-016   1.5332054644122335E-016  -3.8230609967242067E-014   1.0570138911949915E-016  -4.0303528478391391E-014   2.0917926015722147E-015  -8.2662288589240204E-016   8.1942827046786561E-016   1.3698175199817890E-015  -1.6166549990104192E-015   8.5666974966644924E-015 -0.41754009152639959       -2.3256794533251670E-014  -2.1819590546055863E-017   4.0974431824545776E-017  -2.9986250809356338E-014   3.9191982086721974E-017  -3.0170210374051038E-014 -0.21075088963792454        7.6072595144198338E-016  -1.0118819453856820E-015   4.9108945780617108E-015   9.0550276007117209E-002   3.2261272888036513E-002
   2.3679367579178160E-015  -2.6806465476874167E-017  -1.2550969395427676E-016   4.6157828404615418E-017   4.6265113467106607E-015  -5.2141252396610828E-017  -2.3753930964334024E-016   1.8227945458023139E-015  -2.5498314778282325E-029   2.8298532269317834E-030   1.5290552534258290E-030  -3.4787947924742487E-029  -3.0630827136323206E-030  -3.5190459227813256E-029   6.0132616622772962E-015  -6.8150947338038263E-017  -3.2126522621989200E-016   2.3063034890258134E-015   3.2654135799913374E-028  -6.7649756559477430E-031   1.2454760500839292E-030   1.4866439435774209E-028   1.8648319445186768E-030   1.4233822430745283E-028   5.3950138962246867E-030   4.2380175665523634E-031   4.2504443205449015E-030  -5.3499580946547113E-031  -1.4202563331346594E-028  -2.2514025113057266E-030  -2.0849381520015653E-030  -9.5901102365403359E-029  -1.1367953516755507E-030  -1.0205986440329014E-028   2.6586916125359854E-015  -2.7881184991420921E-017  -6.8017178100653987E-017   5.8742914381322976E-015  -3.2893978622832924E-017   7.9385390924400398E-016  -2.1956826781147953E-015  -4.2494110323700146E-029   3.6457944623221751E-031   1.2205831206578455E-030  -6.8314439237864836E-029  -3.9405724191249867E-031  -5.8637388070011307E-029  -1.5458814371726591E-015   3.4379431905743407E-015  -1.9631705683329595E-017   4.5209389877618851E-016   4.0930912483120098E-015   2.4174895542286162E-015
  -1.1184496724035753E-018   5.7109129077081980E-016  -5.6186953003149883E-017   7.1397852528079801E-019  -5.0305905723507423E-018   1.1100030420212186E-015  -1.0840770343169286E-016   1.3112078964705471E-016   1.8053874779749378E-030   1.0052614308120807E-031   6.3180212272037697E-031  -5.6631805985123160E-031  -2.6595717669490533E-033  -7.3411621022236756E-032  -1.8998617228928172E-018   1.4521771017684514E-015  -1.4313726074643056E-016   1.3788793284156480E-016  -6.7649756559477430E-031   1.6103896739907861E-029  -8.7649196839475925E-031  -4.2215351427819591E-030   1.2314224523617875E-031  -3.4029320363811760E-030   3.0044321806872621E-029  -6.8258122338663338E-031   1.3544716970060365E-029  -4.1011277823301646E-031  -1.2358472146293311E-029   4.9338645410129560E-031  -3.8071531099794289E-031  -9.5774454142643937E-030   3.4823174442141981E-031  -1.1202948214369370E-029  -2.8253507144133352E-017   5.8614474151368596E-016  -5.0075285997894263E-017  -4.1205815960250405E-016   5.8188743600328162E-016   5.7855712331084604E-017  -4.3302048026514729E-016  -7.4295727130766800E-030  -9.4459534389402840E-031   4.8381226904761257E-031  -1.1968655879533181E-029  -8.7863869322110624E-032  -9.6956955100440660E-030  -3.7590121466365227E-016  -2.3652494255197799E-016   3.5000157355288218E-016   3.1627414052548013E-017   7.8515291389342785E-016   4.5028219778445673E-016
   1.9045445047472087E-017   3.2512241672587758E-017   6.4516849572275650E-016   6.0601295947459742E-018   3.7191040402531627E-017   5.9971012552732782E-017   1.2473456692693423E-015   2.9719260189359836E-016   4.0821955070959987E-031   5.4704420573170175E-031  -1.2042070436375433E-031  -1.7550461684945106E-030   3.1417427995973666E-031  -1.7082524387155981E-030   4.8371683497323627E-017   8.3737181890364048E-017   1.6427351865034242E-015   3.6062113123026632E-016   1.2454760500839292E-030  -8.7649196839475925E-031   1.8523781471628745E-029  -1.4784164484589086E-030  -2.9337895654988295E-031  -8.1830001643625360E-031  -1.8746602787996451E-030   1.6523841567545056E-029  -8.2079594710300466E-031   3.6703510756642368E-029  -3.0487602399357781E-029  -3.8133570598554726E-031   2.0167849192513905E-033  -2.3681989928485681E-029  -1.4168355092424657E-032  -2.5076594670436216E-029   2.1191921648840886E-017   2.8025280241451824E-018   5.9919334277897688E-016   4.4335319541990909E-017  -4.3026219191802118E-016  -2.9742557270415522E-016  -4.9879783046528666E-016  -2.0496364018580484E-029   1.3232334158412290E-031   7.9899582210499134E-032  -2.6405183566117044E-029   7.4149012836337991E-032  -2.4548700902257909E-029  -3.9731662470131994E-016   2.5980315381684107E-017  -2.4602840217217506E-016  -1.5258441105966128E-016   3.8233628350810433E-016   1.8945569524677725E-016
   1.1849191408081076E-015  -1.7388104153064967E-017  -5.6544987659765958E-017   2.3965544374534112E-017   2.3196561758479444E-015  -3.2343863271737089E-017  -1.1516537006323472E-016   3.6445068368572303E-016  -1.2542485670374346E-029   2.9211016556270840E-031  -2.2392471163403716E-030  -8.5339661720529938E-030  -2.4272136643004433E-030  -1.1811006507725100E-029   3.0075438194202812E-015  -4.4694733567784831E-017  -1.4204425847839633E-016   6.2004276831364426E-016   1.4866439435774209E-028  -4.2215351427819591E-030  -1.4784164484589086E-030   9.1685268516186803E-029   1.8545788768511582E-030   8.3857884630247640E-029  -3.7493489277225912E-030  -1.2558408661130788E-030  -1.5076513415369020E-030  -6.2600311540129694E-030  -2.3973431772641919E-029  -7.3231498695595438E-031   5.1972442117139278E-031  -1.0431649680826261E-029  -1.0319655028734089E-030  -5.3575245241906929E-030   1.3735179668083797E-015  -4.0639072703435074E-018  -1.0795914576755889E-016   3.5929677940677408E-015   1.9122536238391332E-016  -8.1445335121167718E-016   1.1372362145825774E-015  -2.0028093999277076E-031   1.5631560626777663E-030  -1.1803292900937510E-030   1.0633892423797754E-029  -3.5126857835240152E-031   1.6341010552338208E-030   1.1929597216607419E-015   2.0953958410552151E-015   1.0926213711328036E-016  -4.6902908641967631E-016  -2.8020006403464145E-015  -1.6223081893219516E-015
  -1.1205284884490490E-018  -2.5666670668841043E-019  -5.0725284203059546E-018   2.6806732120662932E-018  -2.6176404406240757E-019   1.3938299374673676E-018  -1.1330624975000015E-017   7.0972735984044369E-017  -1.1535828611810216E-030   2.2193606361380823E-031  -1.0692699879770292E-031  -1.1991853204573059E-030  -1.9302142989458515E-031  -1.5772266697135917E-030  -3.4825811969413100E-018  -1.2781928514723511E-018  -1.2412184656706653E-017   9.9344894278897128E-017   1.8648319445186768E-030   1.2314224523617875E-031  -2.9337895654988295E-031   1.8545788768511582E-030   2.2615471281927481E-031   1.6242966102409979E-030   4.4991117328531789E-031  -2.7768071803160288E-031   3.4673925690839683E-031  -1.6352915283213095E-031  -5.3986846144697351E-030   3.5171078445753593E-032  -1.6840296222717184E-032  -3.4230224310767339E-030  -6.2822217408085939E-032  -3.1943898452367383E-030   1.7031131061055265E-017   1.7695230880807376E-017  -1.9167362620721239E-017   2.7448389479507382E-016   2.7199050964360750E-016  -2.1681809216746231E-016   9.7603795117735912E-018  -1.5078050301784826E-030  -1.2082546544080909E-031   2.4429982345668379E-032  -1.5528695326843103E-030  -2.9333684025284588E-032  -2.0600472218105043E-030   3.0051039767282946E-017   1.5750373724596454E-016   1.5609696184782179E-016  -1.2458137877998686E-016  -8.8281305425197570E-017  -5.1756797437685097E-017
   1.1049928522416326E-015  -1.1901619239055304E-017  -4.7025667716934488E-017   2.1500002624864217E-017   2.1639748273783043E-015  -2.2131872260429270E-017  -9.4469131526817522E-017   4.2144060050892419E-016  -1.0924355461465350E-029   5.0114724742015717E-031  -1.6810385588314360E-030  -8.4102248562568905E-030  -2.2752816460515152E-030  -1.0843262697065504E-029   2.8044162525995150E-015  -3.0594310786399495E-017  -1.1856354239074533E-016   6.5013570655152328E-016   1.4233822430745283E-028  -3.4029320363811760E-030  -8.1830001643625360E-031   8.3857884630247640E-029   1.6242966102409979E-030   7.7237417184210805E-029  -2.4571119317038956E-030  -7.1082119137486474E-031  -8.4264339919150194E-031  -4.8210435188623235E-030  -3.2032658010060502E-029  -7.2974568018608851E-031   2.2167393587939957E-031  -1.8384365224868010E-029  -8.3208751165711106E-031  -1.5175412103514573E-029   1.2883308223946350E-015  -2.7199319025754597E-018  -7.7371514445332384E-017   3.4637150578497599E-015   1.3182301180579643E-016  -4.8916394261837600E-016   6.5595963303804582E-016  -8.2906757528130454E-030   1.3192123955973831E-030  -8.6988843546906497E-031  -2.3168839922952549E-030  -3.4865176324489230E-031  -8.1978588765121650E-030   7.4763603898430143E-016   2.0189689983464224E-015   7.5323275378645616E-017  -2.8206762742758493E-016  -1.9340019261842509E-015  -1.1296051874392695E-015
  -7.7795758828803501E-019   1.0974950178632368E-015  -1.2490079698027408E-016   2.0411649327197210E-018  -1.2456245312913144E-018   2.1290799769010679E-015  -2.4519611584014971E-016   3.5257950459883217E-016   4.4901580031723944E-030   1.2986079333434090E-030   7.1609289724454422E-031  -1.9543538646254364E-031  -3.6523822727492456E-031   3.5948165399107149E-031  -2.0662622905786312E-018   2.7920669926207282E-015  -3.1679519881531716E-016   3.7243634977937889E-016   5.3950138962246867E-030   3.0044321806872621E-029  -1.8746602787996451E-030  -3.7493489277225912E-030   4.4991117328531789E-031  -2.4571119317038956E-030   5.7581281496319430E-029  -1.6615676982378423E-030   2.6115909631427266E-029   1.3986476843135514E-031  -3.9534601292152122E-029   3.9170323279342820E-031  -6.6749323999219413E-031  -3.3298779180544590E-029   2.0547188531476219E-031  -3.6567331424271567E-029   1.7297595234391949E-018   1.0878156844119018E-015  -1.5127225753638062E-016   3.7535018316735015E-017   5.3294332308196688E-016  -4.7714079247089375E-016  -1.1373799905165873E-015  -3.0728953303581035E-029  -1.4491276008955279E-030   8.7906443955274024E-031  -4.2460498564977589E-029  -7.6768397916060341E-032  -3.7444768950487677E-029  -9.9481352188595091E-016   2.1520716870632761E-017   3.3669354765076986E-016  -2.7735405860718006E-016   1.5141872444470144E-015   8.2929734522651300E-016
   2.0426380319949187E-017   3.1243302673753905E-017   5.7933434272486046E-016   1.0961451550668572E-018   3.9631419558462558E-017   5.8698008981114870E-017   1.1209602677920640E-015   1.2866797622419044E-016   2.1297207037824081E-030   3.8525185779361714E-031  -9.4547174032957239E-032   1.0148404992927101E-030   1.8933508447360855E-031   1.3986049190500662E-030   5.1963676644005708E-017   8.0116100119753296E-017   1.4748114094834544E-015   1.3985503595945696E-016   4.2380175665523634E-031  -6.8258122338663338E-031   1.6523841567545056E-029  -1.2558408661130788E-030  -2.7768071803160288E-031  -7.1082119137486474E-031  -1.6615676982378423E-030   1.4828357406096762E-029  -7.5549005293307804E-031   3.2325896581828392E-029  -1.6888196558598351E-029  -1.6762195396311092E-031  -3.2398892992069142E-032  -1.4816521115383596E-029   1.1552358587638577E-031  -1.5883621285014190E-029   2.0297136456916646E-017   1.2823315880217983E-017   5.4655209570583921E-016   1.0690779089496628E-017  -2.5989660952166779E-016  -1.3819332677412049E-016  -3.7141480517436131E-016  -1.6450832789502292E-029   9.0318063076234002E-032   3.0827370902098758E-032  -2.0434999908278237E-029   8.4414085526723425E-033  -1.8618023372959080E-029  -3.2567328328552035E-016   6.7094028148298870E-018  -1.4828570693661770E-016  -6.3044633240657006E-017   2.2024283048719930E-016   9.4498309441293002E-017
   5.1969066918201359E-019   4.7853250381137491E-016  -5.1144279354041109E-017  -1.1312627577969802E-018   2.0601913225295646E-018   9.3019864852872575E-016  -1.0274243472186385E-016   1.2582973190890405E-016   2.3754042022975077E-030   1.1036741041556922E-030   3.9187239731642433E-031   4.2476410343402054E-031  -2.9219309614455845E-031   6.3786726638076203E-031   9.7441903865441177E-019   1.2167853193792154E-015  -1.2894776786044163E-016   1.1288782072713027E-016   4.2504443205449015E-030   1.3544716970060365E-029  -8.2079594710300466E-031  -1.5076513415369020E-030   3.4673925690839683E-031  -8.4264339919150194E-031   2.6115909631427266E-029  -7.5549005293307804E-031   1.2118038832266364E-029   1.2357343762415759E-030  -1.4447418028241544E-029   1.9457880077089688E-031  -4.4110614616897214E-031  -1.3461570204145720E-029  -2.1121201744906814E-032  -1.4735081284265181E-029   1.0497071919353991E-017   4.9207347406023828E-016  -8.4143028145776693E-017   1.5157822099007663E-016   5.0163646120829337E-016  -5.3193241140786892E-016  -6.0377208366918561E-016  -1.2581913648734014E-029  -9.3032710400774002E-031   5.7744835316569486E-031  -1.8458555922532286E-029  -2.3616430222738050E-032  -1.5688184401226373E-029  -5.4431310784423188E-016   8.7010248259909501E-017   3.0134368139883740E-016  -3.0672949770822733E-016   9.5455524846060040E-016   5.3427015099283556E-016
   2.2878733374490757E-017   7.6365776460450148E-017   1.2915702442458687E-015   7.3414402916696153E-018   4.2246271939199832E-017   1.4267570192112851E-016   2.4783237334837878E-015   5.8768279501625853E-016   2.4201285930022830E-030   4.0236433296153862E-030  -7.2156379814237066E-031  -2.2373736219798399E-030   8.2135122378725520E-031  -3.5056156380739567E-030   5.8910673770978111E-017   1.9608503382068411E-016   3.2948080119425147E-015   6.6310442697881070E-016  -5.3499580946547113E-031  -4.1011277823301646E-031   3.6703510756642368E-029  -6.2600311540129694E-030  -1.6352915283213095E-031  -4.8210435188623235E-030   1.3986476843135514E-031   3.2325896581828392E-029   1.2357343762415759E-030   8.1497054560478595E-029  -6.0251549282204871E-029  -1.3886125969454347E-030  -4.1462064549527159E-032  -5.0953133987889555E-029  -1.2452642845989593E-030  -5.1925898956742787E-029   2.3982717552240712E-018   2.3793639182173920E-017   1.0216066171688219E-015  -2.9631345624186329E-016  -7.4969627411018661E-016  -3.2927564128128490E-015  -1.4806650725215092E-015  -4.1922588816987933E-029  -7.5948608457903985E-031   9.2680096417389229E-031  -5.8081961465364913E-029   6.4014977786743940E-031  -5.3935807199272237E-029  -1.2582572049781870E-015  -1.6942141136475497E-016  -4.2813047113324359E-016  -1.8535494708642780E-015   1.8072301647143921E-015   9.8063317043181392E-016
   4.9691462741573314E-019  -8.1431871968379383E-018   3.7830088777833434E-017  -1.1883358612102519E-015   3.1085530705399965E-018  -1.1838715541976317E-017   6.8161231254619232E-017  -4.5086271111997343E-014   2.0243731767847295E-028   5.5642528902781688E-030   1.6921957164794006E-029   4.8206518442258438E-028  -5.4420915655009962E-030   5.1366742077344451E-028   5.5538930373369081E-019  -2.2024887123022901E-017   9.7968657615727781E-017  -5.7600533816000258E-014  -1.4202563331346594E-028  -1.2358472146293311E-029  -3.0487602399357781E-029  -2.3973431772641919E-029  -5.3986846144697351E-030  -3.2032658010060502E-029  -3.9534601292152122E-029  -1.6888196558598351E-029  -1.4447418028241544E-029  -6.0251549282204871E-029   4.5119763731070627E-027   8.4710087208519022E-030  -9.2613505163935021E-030   3.2685221164123998E-027  -1.9676061552287773E-029   3.4753909985706129E-027   2.0840987565545689E-017   2.9489516710375638E-017  -1.2099884326430929E-017   3.0872240901033537E-016   5.6546596325704845E-016  -7.3350650153692942E-016   4.7254497819647652E-014   2.5999941310415056E-027   4.1786990723406916E-030  -3.2695302789441980E-030   3.2335443070558973E-027  -4.3322767811054333E-031   3.1547743846863392E-027   3.2951620713742458E-014   1.7719975173906067E-016   3.2431056618304334E-016  -4.1992080366998000E-016  -6.1786407784930796E-015   5.3985156172419040E-016
