  0.17469681839897486       -3.7913816637625755E-009  -1.2808353218104650E-009   1.2716515896313286E-008   1.2048167571035775E-008   1.8367280961266135E-008   2.0405268688948049E-009  -5.1458537856725046E-009  -1.3689382798872158E-009  -6.9023134069106996E-009   8.9842629874425525E-002   1.2495639016493022E-009   4.3978894693680695E-010  -1.1749515968713427E-008   2.7930966995767319E-010  -7.6716501854699335E-010  -3.3480749374227639E-010   2.0344908440664700E-011  -2.6104940349416451E-010  -3.9507163583881502E-010   4.6354075549121551E-010   8.1468309429434347E-011   1.4525989962620470E-010   1.8882793903306925E-010   2.4033354061328724E-009   4.2633107180625190E-009   7.7654618021771974E-010  -1.1587423647139799E-009  -1.0567398791208475E-010  -1.2445930533444222E-009  -4.6835093137930252E-002   2.3600013734032220E-010   9.4882759818341925E-011  -4.5381013074925200E-010   2.9970141771646558E-010   4.1592700820271354E-010   2.2318364011331149E-011  -1.2532989947159453E-010  -3.7889475866426402E-011  -1.7437152284399513E-010  -1.4231607932368557E-010
  -3.7913816637625755E-009  0.17469681593107769       -2.6963519224346208E-010   3.4376809399403192E-008  -8.0593279578591149E-009   3.2683600704453096E-009  -5.6877492270722544E-010   2.0180138320680652E-008   3.4289622451135091E-009  -1.2120808798176790E-008   1.2759958343920062E-009   8.9842630694815406E-002   8.4862052258166662E-011  -3.0735292336569062E-008   4.9342188103117983E-010   6.0827880639013492E-011   8.6703841417746756E-011  -7.8444150674968822E-010  -2.4097745273365350E-010   1.2244647754396362E-010   2.8603749212442296E-010  -3.9707444092130982E-010  -4.4458904541158625E-010   2.3133658194294233E-010  -2.1425140466597482E-009   1.2853723428223092E-009  -5.3944635593695072E-011   4.8487204588857730E-009   9.3251083706702014E-010  -2.7062056176006148E-009   2.2846280333678214E-010  -4.6835093118415549E-002   1.1866072203854638E-010  -1.4599956258494295E-009  -1.5995895355450395E-010   4.0014277787557672E-011  -1.4676172034836345E-011   4.5432302058973211E-010   6.6612102099843080E-011  -2.9436391229212575E-010  -3.4039974370974671E-010
  -1.2808353218104650E-009  -2.6963519224346208E-010  0.17469681468304712        7.1538088824449620E-009  -3.4661989129951145E-009   2.1248241517656357E-010   5.6522373772780884E-009  -3.0700992757864425E-009   1.3176362554942491E-008   6.5362979456876151E-009   4.1416450374576553E-010   9.7624755237014329E-011   8.9842631114932792E-002  -7.7795638981664706E-009   1.9549032325300402E-010   1.0762193511876089E-010   3.7471794312645729E-010   8.5825890525149966E-011  -6.4847506875561521E-010  -3.4810371099180946E-010   1.8002270036978941E-010   2.6677766284367660E-010  -3.4914787655502534E-010  -4.7814789354099979E-010  -7.1864095826835193E-010   4.2926286492319621E-011   1.5535121843119880E-009  -6.3012733475582827E-010   3.7526228729901214E-009   1.3487678857134314E-009   1.0141910403864308E-010   1.1511182315798356E-010  -4.6835092798865385E-002   3.1434925575030715E-011  -8.3043924856100083E-011   1.3077400269550042E-011   1.2066195393722555E-010  -6.7756288477528107E-011   2.6584855568855733E-010   1.5080010729018866E-010  -1.4938974324337949E-010
   1.2716515896313286E-008   3.4376809399403192E-008   7.1538088824449620E-009  0.31106566228555999       -8.2271496136732603E-009   2.5597995881063386E-008   1.0252546438946545E-008  -1.0246655237446296E-008   1.4360920212360153E-008   1.8473771514176799E-008  -8.5699231552982700E-009  -3.2568177309705988E-008  -7.1369026284258699E-009  0.53911175724262883        2.2634649733037304E-009   1.1576303240767177E-009  -9.5307254339442750E-010  -1.2078217165949200E-009  -1.1080781838507680E-009  -1.8289353480918658E-009   4.1674701844516333E-010  -6.8904656215960572E-010  -1.7167555554056392E-009   1.2239635132154342E-009  -2.2104315049470354E-009   7.0790430882182545E-009   2.3902954889836000E-009  -5.9732351515776062E-010   2.0570069610761241E-009   2.8078410070084279E-009  -1.1099667133485066E-009  -2.1145558725300516E-010  -1.5246720194905955E-010 -0.22855013490677567       -6.8523094166220700E-010   2.1548320769830207E-009   7.7166109195150652E-010  -3.0127598328956743E-010   7.3808269875868452E-010   9.8652148979941929E-010   4.9115516620350082E-002
   1.2048167571035775E-008  -8.0593279578591149E-009  -3.4661989129951145E-009  -8.2271496136732603E-009   1.4893325078872432E-015   4.3491144428003834E-016  -2.1635684888371119E-016  -9.5412510592363590E-016  -8.9393971551915778E-016  -5.3520655907937448E-016   6.2098047272091207E-009  -4.1511271069945915E-009  -1.7862127615365892E-009  -1.4259673494331722E-008  -6.7242489471637548E-017  -8.8507762805411065E-017  -9.3402428990068264E-018   6.7842949894085595E-017   3.5293955557019578E-017   2.2372777269575036E-017   4.1983079633409567E-018   3.6876677217125808E-017   8.2875236002785337E-017  -2.0524341576811983E-017   3.3764352456609066E-016   4.6976952655754110E-017  -3.7962740195529398E-017  -2.7561417310528005E-016  -1.7931032939314478E-016  -6.2031657059136249E-017  -2.6226414753924360E-009   1.8770711110359835E-009   7.6858676453597731E-010   5.9582707392348802E-009   4.9736444765814112E-017  -2.8181885859169954E-017  -2.0188824181063884E-017  -2.2219220945480279E-017  -3.1471615001074899E-017  -2.7517615206380526E-017  -1.2080325991156143E-009
   1.8367280961266135E-008   3.2683600704453096E-009   2.1248241517656357E-010   2.5597995881063386E-008   4.3491144428003834E-016   4.0993568194672572E-015   1.0544935095421077E-015  -1.0105211881603155E-015   1.1180330301824032E-015   5.7560706076617606E-016   9.4632986027868436E-009   1.6823680493609664E-009   1.0931340236131344E-010   4.4367544719840883E-008   2.2512410446621421E-016   1.5827183274823179E-017  -1.1157343082896975E-016  -1.1184370117025537E-016  -1.2393893179681153E-016  -1.9019130506809078E-016   8.8632819820661047E-017  -5.5237090405206322E-017  -1.3474064809831905E-016   1.2433323741522245E-016   3.0058825809985347E-017   1.0554232891889087E-015   2.7933531086043394E-016  -8.1115252134858712E-017   1.8018702341643921E-016   5.1063519272544119E-017  -4.1519662576317467E-009  -8.0850015862508927E-010  -5.5224960074434957E-011  -1.8547647247202170E-008  -2.6672431461692479E-017   2.2510896831631747E-016   6.6512546135218069E-017  -2.9894266370608321E-017   5.8383362990069913E-017   5.6567900973759014E-017   3.7609073893916502E-009
   2.0405268688948049E-009  -5.6877492270722544E-010   5.6522373772780884E-009   1.0252546438946545E-008  -2.1635684888371119E-016   1.0544935095421077E-015   5.4651047180932348E-016  -5.6290164217996311E-016   8.7254335034979824E-016   7.7925738092476196E-016   1.0497582623314106E-009  -2.9327763770674161E-010   2.9114323497707954E-009   1.7770159294849318E-008   8.2585998529345160E-017   3.2477901475777977E-017  -2.3475794118967977E-017  -3.4237713863550162E-017  -5.9779105376253589E-017  -7.6562959342475526E-017   2.4045108053099433E-017  -1.1832394003956477E-017  -6.4737811673349125E-017   2.6317004616738192E-017  -6.1055788894379684E-017   2.8032286727189985E-016   1.3835388403373474E-016  -6.9440426838930996E-017   1.8506939017306043E-016   1.3049903554570166E-016  -5.3101463175913808E-010   1.1844897708626673E-010  -1.3108007020744954E-009  -7.4282225101267704E-009  -2.1214243500463371E-017   7.6103779765178398E-017   3.0002685591681120E-017  -1.5363472418367994E-017   3.3138800241629637E-017   3.6578192937476096E-017   1.5061697752737026E-009
  -5.1458537856725046E-009   2.0180138320680652E-008  -3.0700992757864425E-009  -1.0246655237446296E-008  -9.5412510592363590E-016  -1.0105211881603155E-015  -5.6290164217996311E-016   2.8745648375606956E-015  -2.6818095452279958E-016  -1.9204384581839755E-015  -2.6523523327723588E-009   1.0396702030308263E-008  -1.5817855294703088E-009  -1.7759901012492379E-008  -2.9197784527583994E-017  -1.0378187582702700E-017   4.4692907293768764E-017  -5.2987902339621066E-017   2.7745667266254479E-017   9.2160641412116868E-017   2.4942534720664872E-018  -3.0278167299481708E-017   7.0316198912407869E-018  -1.0744027802297852E-017  -2.3325443120456308E-016  -2.1098424614316309E-016  -1.3521023520419594E-016   6.2567219297933690E-016  -2.2838733914783255E-017  -3.9242049562984615E-016   1.1155505632436694E-009  -4.5897220711954320E-009   6.9440159625796518E-010   7.4304928787156206E-009  -5.8832323401715451E-018  -7.8458354301854546E-017  -3.0342803645499477E-017   7.1803859464183559E-017  -1.9843231560374485E-017  -6.5921087893076554E-017  -1.5069698420596592E-009
  -1.3689382798872158E-009   3.4289622451135091E-009   1.3176362554942491E-008   1.4360920212360153E-008  -8.9393971551915778E-016   1.1180330301824032E-015   8.7254335034979824E-016  -2.6818095452279958E-016   1.7349632104288200E-015   1.1621191365491262E-015  -7.0576781603140212E-010   1.7657857165045969E-009   6.7859450586334919E-009   2.4890915068054601E-008   1.2674769750982271E-016   6.8774682462152772E-017  -1.1395731320745695E-017  -6.4848027628477825E-017  -1.0277809417656822E-016  -1.0520191528049817E-016   3.4801132356149543E-017  -2.0121335043694800E-017  -1.1546536416211980E-016   2.3491041674492719E-017  -2.1724107881011099E-016   3.2185278267568064E-016   2.2049666973204608E-016   2.9208474228890648E-017   3.9742798783520504E-016   1.8803656166948660E-016   2.8929655522053383E-010  -8.1511812326195890E-010  -3.1052479037060859E-009  -1.0411047183445068E-008  -4.4001048346261959E-017   9.7741530372709680E-017   4.4918548293819458E-017  -8.7487528372711076E-018   5.7756304333248366E-017   5.2750469958491608E-017   2.1112937377020345E-009
  -6.9023134069106996E-009  -1.2120808798176790E-008   6.5362979456876151E-009   1.8473771514176799E-008  -5.3520655907937448E-016   5.7560706076617606E-016   7.7925738092476196E-016  -1.9204384581839755E-015   1.1621191365491262E-015   2.4556429009311455E-015  -3.5574522355851890E-009  -6.2455742035492327E-009   3.3679982204402788E-009   3.2019516200725265E-008   9.6440036121042998E-017   9.8885825200614739E-017  -3.5352562616249777E-017  -1.4854924781751447E-017  -6.3039506247679627E-017  -1.1453322230730936E-016  -6.6926029182233238E-018  -6.5984398785456523E-018  -8.9906675051493756E-017   3.1268241313819380E-017  -1.0438886921254258E-016   1.6400655448933539E-016   1.7317271927317143E-016  -3.5005791774365837E-016   2.0214884774405404E-016   4.5445182639954750E-016   1.5070892248358948E-009   2.7126467775831679E-009  -1.4629858822498407E-009  -1.3388795037149623E-008  -4.3853150919364149E-017   1.0664004546585718E-016   5.0531564734378540E-017  -4.9584626611485244E-017   5.1314789085629737E-017   9.3438629683779198E-017   2.7150194264535960E-009
   8.9842629874425525E-002   1.2759958343920062E-009   4.1416450374576553E-010  -8.5699231552982700E-009   6.2098047272091207E-009   9.4632986027868436E-009   1.0497582623314106E-009  -2.6523523327723588E-009  -7.0576781603140212E-010  -3.5574522355851890E-009   4.7209782195589134E-002   2.3050649312044748E-009   7.7822780877952755E-010  -3.2106021826226906E-008   1.4487288452076815E-010  -3.9727850014965154E-010  -1.7335783500096827E-010   9.7768155825737887E-012  -1.3480802162617010E-010  -2.0414068549768858E-010   2.4016176324898658E-010   4.2217116832012582E-011   7.5067727965563566E-011   9.7746549263728227E-011   1.2510245114024489E-009   2.2227950450706155E-009   4.0568735890785741E-010  -6.0374568840498768E-010  -5.4045512839637246E-011  -6.4727885530898187E-010   2.0491186857791936E-002  -6.6692736271028532E-010  -2.3401363475748384E-010   1.2601444186667260E-008   2.3500352560545289E-010   4.0992639139016542E-010   6.1515989721669153E-011  -1.0555588569004874E-010  -1.6883669563399416E-011  -1.2944764396180412E-010  -2.8016458706247449E-009
   1.2495639016493022E-009   8.9842630694815406E-002   9.7624755237014329E-011  -3.2568177309705988E-008  -4.1511271069945915E-009   1.6823680493609664E-009  -2.9327763770674161E-010   1.0396702030308263E-008   1.7657857165045969E-009  -6.2455742035492327E-009   2.3050649312044748E-009   4.7209783692136346E-002   1.6510143163865109E-010  -1.0257400070633699E-007   2.5575146564719240E-010   3.1636607463762649E-011   4.4747144046478232E-011  -4.0642991836698279E-010  -1.2474450189628748E-010   6.3303302549357706E-011   1.4762777941525007E-010  -2.0511199835096726E-010  -2.2970117473831992E-010   1.1952891179984004E-010  -1.1199036420570556E-009   6.7386375846401482E-010  -2.7254131008335706E-011   2.5280279897321717E-009   4.8614777980128832E-010  -1.4081238991920328E-009  -6.6320142188933652E-010   2.0491186307863670E-002  -3.5971516487206307E-012   4.0583875340403428E-008  -2.0029528317083766E-010   1.0019090882531112E-010  -4.8289728469419563E-012   4.6222390745000982E-010   8.3603031053780439E-011  -2.6192854498000268E-010  -8.8665263482116070E-009
   4.3978894693680695E-010   8.4862052258166662E-011   8.9842631114932792E-002  -7.1369026284258699E-009  -1.7862127615365892E-009   1.0931340236131344E-010   2.9114323497707954E-009  -1.5817855294703088E-009   6.7859450586334919E-009   3.3679982204402788E-009   7.7822780877952755E-010   1.6510143163865109E-010   4.7209784446224451E-002  -2.2668636397514255E-008   1.0122174865218464E-010   5.5536462442586912E-011   1.9421229172238428E-010   4.4465017273829297E-011  -3.3620505131729970E-010  -1.8026828838297768E-010   9.2866600622592881E-011   1.3752095342854569E-010  -1.8013014374625631E-010  -2.4726223115400364E-010  -3.7327864638716632E-010   2.1978268152109070E-011   8.1209599115437536E-010  -3.2773447722808832E-010   1.9590339061839551E-009   7.0101290714033992E-010  -2.3366801210830549E-010  -1.9190141432117870E-012   2.0491186009516146E-002   8.9843696188745261E-009  -6.7783240794676337E-011   9.3171637036303963E-012   1.4346074409163848E-010  -6.0646234476829675E-011   3.4035299849672020E-010   1.2842942513706043E-010  -1.9611316130377329E-009
  -1.1749515968713427E-008  -3.0735292336569062E-008  -7.7795638981664706E-009  0.53911175724262883       -1.4259673494331722E-008   4.4367544719840883E-008   1.7770159294849318E-008  -1.7759901012492379E-008   2.4890915068054601E-008   3.2019516200725265E-008  -3.2106021826226906E-008  -1.0257400070633699E-007  -2.2668636397514255E-008  0.93455143804009932        3.9228675819844883E-009   2.0063171628650128E-009  -1.6518101255537839E-009  -2.0933720906844723E-009  -1.9203584160668556E-009  -3.1697073045676299E-009   7.2229632368486869E-010  -1.1941701559617335E-009  -2.9753800940924400E-009   2.1212687891886353E-009  -3.8308095388079677E-009   1.2268607317852140E-008   4.1425359525721715E-009  -1.0349652973254463E-009   3.5647602555884857E-009   4.8659241521515863E-009   1.1935657930076549E-008   3.6215033527923566E-008   8.1907742948933372E-009 -0.37766139660190445       -1.1819746665324607E-009   3.7185501124482354E-009   1.3316158753654096E-009  -5.2048541878960067E-010   1.2743301279725187E-009   1.7024855103326009E-009   7.0648213523590755E-002
   2.7930966995767319E-010   4.9342188103117983E-010   1.9549032325300402E-010   2.2634649733037304E-009  -6.7242489471637548E-017   2.2512410446621421E-016   8.2585998529345160E-017  -2.9197784527583994E-017   1.2674769750982271E-016   9.6440036121042998E-017   1.4487288452076815E-010   2.5575146564719240E-010   1.0122174865218464E-010   3.9228675819844883E-009   1.8535185386543861E-017   7.4867405525097356E-018  -6.8062901571987508E-018  -1.0882417281280476E-017  -9.8908553630967579E-018  -1.3985134115335880E-017   4.7863578733308464E-018  -5.7078314415942699E-018  -1.3908321773215466E-017   9.3274710215570226E-018  -1.9117471328738961E-017   6.2068511866847948E-017   2.0238524666600989E-017   6.8468860730407237E-018   2.1665524921203049E-017   1.2271212673364141E-017  -2.0349668404677017E-011  -4.3811170666459205E-011  -2.2023720998733497E-011  -1.6707184677471021E-009  -5.2063663856321867E-018   1.6878479466320956E-017   5.8687293745220677E-018  -8.0013871252444475E-019   6.0376564509981949E-018   6.0066112400914413E-018   3.4008852495905576E-010
  -7.6716501854699335E-010   6.0827880639013492E-011   1.0762193511876089E-010   1.1576303240767177E-009  -8.8507762805411065E-017   1.5827183274823179E-017   3.2477901475777977E-017  -1.0378187582702700E-017   6.8774682462152772E-017   9.8885825200614739E-017  -3.9727850014965154E-010   3.1636607463762649E-011   5.5536462442586912E-011   2.0063171628650128E-009   7.4867405525097356E-018   7.7722305469617193E-018  -1.8120503462076485E-018  -4.8036835517731111E-018  -3.4600844055464468E-018  -5.2408625269559204E-018  -2.7875664448797743E-019  -2.8971259760779585E-018  -7.3982419334709648E-018   3.5100099724586929E-018  -2.0017083482719816E-017   8.0190431116057167E-018   6.4091387135036992E-018   4.1983778671482099E-018   1.0762829041576528E-017   1.5819025736912406E-017   8.4103783143350431E-011  -5.9946413153375093E-013  -2.0476900713472708E-011  -8.5459933722630457E-010  -4.2411350102507894E-018   5.7121580860426151E-018   2.7240074454201285E-018  -2.6695730253264515E-019   3.1497551772753964E-018   4.5081464515388166E-018   1.7396749723574983E-010
  -3.3480749374227639E-010   8.6703841417746756E-011   3.7471794312645729E-010  -9.5307254339442750E-010  -9.3402428990068264E-018  -1.1157343082896975E-016  -2.3475794118967977E-017   4.4692907293768764E-017  -1.1395731320745695E-017  -3.5352562616249777E-017  -1.7335783500096827E-010   4.4747144046478232E-011   1.9421229172238428E-010  -1.6518101255537839E-009  -6.8062901571987508E-018  -1.8120503462076485E-018   4.4122380088461177E-018   3.4572729594718405E-018   2.3813026062568527E-018   5.6743111269484395E-018  -1.6387179004472314E-018   2.3301830555920841E-018   4.0106211718075502E-018  -5.0255162396503422E-018  -4.6410459774052696E-019  -2.9163830521620668E-017  -5.4941535552645274E-018   5.1148160856091459E-018   2.4562667368361674E-018  -4.6509753677460762E-018   3.7727061077751693E-011  -1.6278722091816088E-011  -3.3830200141311361E-011   7.0164907640868255E-010   1.1176767006332851E-018  -7.5650980536221322E-018  -2.0922693711633393E-018   1.2886845365750107E-018  -1.2768261772388995E-018  -2.4064059536169755E-018  -1.4271427311413970E-010
   2.0344908440664700E-011  -7.8444150674968822E-010   8.5825890525149966E-011  -1.2078217165949200E-009   6.7842949894085595E-017  -1.1184370117025537E-016  -3.4237713863550162E-017  -5.2987902339621066E-017  -6.4848027628477825E-017  -1.4854924781751447E-017   9.7768155825737887E-012  -4.0642991836698279E-010   4.4465017273829297E-011  -2.0933720906844723E-009  -1.0882417281280476E-017  -4.8036835517731111E-018   3.4572729594718405E-018   8.2663441316737770E-018   5.0375429420120522E-018   6.3339522996487131E-018  -2.7628445198455697E-018   4.6016173967501262E-018   8.5104381106350107E-018  -6.0067456284736343E-018   1.8172767749345702E-017  -3.2800272374873963E-017  -8.1868474530362177E-018  -1.9996356621828461E-017  -1.0353450573693466E-017   1.8232510543671575E-018  -3.5866672690403816E-011   7.6912321268730261E-011  -8.5310569615151293E-012   8.8398756840539326E-010   3.6618429039449572E-018  -8.8598384525729429E-018  -2.8832243929263237E-018  -1.5827450119930458E-018  -3.1211756740972611E-018  -2.0791551959431732E-018  -1.7947713682054896E-010
  -2.6104940349416451E-010  -2.4097745273365350E-010  -6.4847506875561521E-010  -1.1080781838507680E-009   3.5293955557019578E-017  -1.2393893179681153E-016  -5.9779105376253589E-017   2.7745667266254479E-017  -1.0277809417656822E-016  -6.3039506247679627E-017  -1.3480802162617010E-010  -1.2474450189628748E-010  -3.3620505131729970E-010  -1.9203584160668556E-009  -9.8908553630967579E-018  -3.4600844055464468E-018   2.3813026062568527E-018   5.0375429420120522E-018   7.0852131638738981E-018   8.2324230082116651E-018  -3.2421949464824942E-018   1.8899804058243733E-018   7.8099497748071443E-018  -3.1836071202726905E-018   9.9221918768086371E-018  -3.3547483240922908E-017  -1.5406911283960042E-017  -5.0348930358417693E-019  -2.2469930121715662E-017  -9.4190082702074948E-018   4.5331040700360615E-011   2.8463328620839229E-011   5.3782212436117799E-011   8.2691774361970559E-010   2.6443774634950323E-018  -8.5922352058009629E-018  -3.4629531652219972E-018   7.9336857577699086E-019  -4.2445966754715288E-018  -3.4377975679847227E-018  -1.6888068597797488E-010
  -3.9507163583881502E-010   1.2244647754396362E-010  -3.4810371099180946E-010  -1.8289353480918658E-009   2.2372777269575036E-017  -1.9019130506809078E-016  -7.6562959342475526E-017   9.2160641412116868E-017  -1.0520191528049817E-016  -1.1453322230730936E-016  -2.0414068549768858E-010   6.3303302549357706E-011  -1.8026828838297768E-010  -3.1697073045676299E-009  -1.3985134115335880E-017  -5.2408625269559204E-018   5.6743111269484395E-018   6.3339522996487131E-018   8.2324230082116651E-018   1.2429060001683225E-017  -3.6587112488715506E-018   3.0562456217246490E-018   1.0149540207705644E-017  -6.5073633405357307E-018   7.4761052896942273E-018  -5.0473214654180744E-017  -1.8965954454363510E-017   1.0810249363874459E-017  -1.8713907958840254E-017  -1.8286858604630533E-017   6.3173466382556297E-011  -1.8131772820232578E-011   3.8077679501382039E-011   1.3575163707408629E-009   3.3232504167075622E-018  -1.3784971397071700E-017  -4.9904966405555914E-018   2.6562421292260629E-018  -4.9791959942727736E-018  -5.9795776462963013E-018  -2.7679809822817321E-010
   4.6354075549121551E-010   2.8603749212442296E-010   1.8002270036978941E-010   4.1674701844516333E-010   4.1983079633409567E-018   8.8632819820661047E-017   2.4045108053099433E-017   2.4942534720664872E-018   3.4801132356149543E-017  -6.6926029182233238E-018   2.4016176324898658E-010   1.4762777941525007E-010   9.2866600622592881E-011   7.2229632368486869E-010   4.7863578733308464E-018  -2.7875664448797743E-019  -1.6387179004472314E-018  -2.7628445198455697E-018  -3.2421949464824942E-018  -3.6587112488715506E-018   2.4456309166372615E-018  -1.0820331974428242E-018  -3.0024048430273069E-018   2.0279230487024571E-018  -8.1693068146556980E-019   2.3005287575191363E-017   6.7905719689881765E-018   3.4179292607885805E-018   7.8815514105860903E-018  -2.6008825343137598E-018  -4.5677822345209683E-011  -5.3406064656343061E-011  -3.5631039829731776E-011  -3.0512995825933797E-010  -3.9611345608320245E-019   4.4565193970271309E-018   1.3057317102803273E-018  -2.2442314514632617E-020   1.3591027638900199E-018   4.1857541468532563E-019   6.1954917798446986E-011
   8.1468309429434347E-011  -3.9707444092130982E-010   2.6677766284367660E-010  -6.8904656215960572E-010   3.6876677217125808E-017  -5.5237090405206322E-017  -1.1832394003956477E-017  -3.0278167299481708E-017  -2.0121335043694800E-017  -6.5984398785456523E-018   4.2217116832012582E-011  -2.0511199835096726E-010   1.3752095342854569E-010  -1.1941701559617335E-009  -5.7078314415942699E-018  -2.8971259760779585E-018   2.3301830555920841E-018   4.6016173967501262E-018   1.8899804058243733E-018   3.0562456217246490E-018  -1.0820331974428242E-018   2.8752830380058892E-018   4.3488305236785692E-018  -3.8799338913083818E-018   9.8094780597037143E-018  -1.6551035694642835E-017  -2.4320075093186510E-018  -1.1234888768847835E-017  -9.9135804580619807E-019   1.4252178377307891E-018  -7.6677529745167686E-012   6.6310600374905705E-011  -5.7196480547569458E-011   5.1241331691589513E-010   2.0202001410296825E-018  -4.6640882334334215E-018  -1.4435891255139520E-018  -7.5383854571336642E-019  -1.3778313120293213E-018  -1.2663942829867790E-018  -1.0453979374268698E-010
   1.4525989962620470E-010  -4.4458904541158625E-010  -3.4914787655502534E-010  -1.7167555554056392E-009   8.2875236002785337E-017  -1.3474064809831905E-016  -6.4737811673349125E-017   7.0316198912407869E-018  -1.1546536416211980E-016  -8.9906675051493756E-017   7.5067727965563566E-011  -2.2970117473831992E-010  -1.8013014374625631E-010  -2.9753800940924400E-009  -1.3908321773215466E-017  -7.3982419334709648E-018   4.0106211718075502E-018   8.5104381106350107E-018   7.8099497748071443E-018   1.0149540207705644E-017  -3.0024048430273069E-018   4.3488305236785692E-018   1.1426397827625755E-017  -6.2307577722829712E-018   2.1113140604937068E-017  -3.8883898720454642E-017  -1.5519650780554559E-017  -8.7840648281986822E-018  -2.1337056012765313E-017  -1.2329551588901956E-017  -2.2820065887115778E-011   7.2238575358010760E-011   6.8281523761520750E-011   1.2639764478608695E-009   4.7726154167336758E-018  -1.1691232328734253E-017  -4.4758312859564159E-018   2.9699547781859502E-019  -4.9731973031537275E-018  -5.0696913886219756E-018  -2.5709148775877539E-010
   1.8882793903306925E-010   2.3133658194294233E-010  -4.7814789354099979E-010   1.2239635132154342E-009  -2.0524341576811983E-017   1.2433323741522245E-016   2.6317004616738192E-017  -1.0744027802297852E-017   2.3491041674492719E-017   3.1268241313819380E-017   9.7746549263728227E-011   1.1952891179984004E-010  -2.4726223115400364E-010   2.1212687891886353E-009   9.3274710215570226E-018   3.5100099724586929E-018  -5.0255162396503422E-018  -6.0067456284736343E-018  -3.1836071202726905E-018  -6.5073633405357307E-018   2.0279230487024571E-018  -3.8799338913083818E-018  -6.2307577722829712E-018   6.6377461544233151E-018  -6.9656084882044886E-018   3.4073854151556443E-017   5.9077644132834557E-018   4.5616519055189611E-018  -1.0919951665488882E-018   2.4042970250564367E-018  -2.2404975682256586E-011  -3.7291166206464309E-011   6.7842339175063802E-011  -9.0490926977856735E-010  -2.3388308480327314E-018   9.1150987872928958E-018   2.6354586153524210E-018  -3.9864312753083139E-019   1.9786287351802617E-018   2.7375316691686776E-018   1.8429376184712384E-010
   2.4033354061328724E-009  -2.1425140466597482E-009  -7.1864095826835193E-010  -2.2104315049470354E-009   3.3764352456609066E-016   3.0058825809985347E-017  -6.1055788894379684E-017  -2.3325443120456308E-016  -2.1724107881011099E-016  -1.0438886921254258E-016   1.2510245114024489E-009  -1.1199036420570556E-009  -3.7327864638716632E-010  -3.8308095388079677E-009  -1.9117471328738961E-017  -2.0017083482719816E-017  -4.6410459774052696E-019   1.8172767749345702E-017   9.9221918768086371E-018   7.4761052896942273E-018  -8.1693068146556980E-019   9.8094780597037143E-018   2.1113140604937068E-017  -6.9656084882044886E-018   7.8566098004691366E-017  -7.3714325345247420E-018  -1.1994329366889931E-017  -6.9291484991940668E-017  -4.3165681162035848E-017  -9.2752330343516544E-018   2.2441788024265447E-011  -2.2595982587265239E-010   2.8761864534050088E-011   1.6478645304455894E-009   1.4723926695899535E-017  -8.6623382358053624E-018  -5.0998679150451790E-018  -9.4981543988853136E-018  -9.2786478501126029E-018  -5.2258770211257603E-018  -3.3654647175700517E-010
   4.2633107180625190E-009   1.2853723428223092E-009   4.2926286492319621E-011   7.0790430882182545E-009   4.6976952655754110E-017   1.0554232891889087E-015   2.8032286727189985E-016  -2.1098424614316309E-016   3.2185278267568064E-016   1.6400655448933539E-016   2.2227950450706155E-009   6.7386375846401482E-010   2.1978268152109070E-011   1.2268607317852140E-008   6.2068511866847948E-017   8.0190431116057167E-018  -2.9163830521620668E-017  -3.2800272374873963E-017  -3.3547483240922908E-017  -5.0473214654180744E-017   2.3005287575191363E-017  -1.6551035694642835E-017  -3.8883898720454642E-017   3.4073854151556443E-017  -7.3714325345247420E-018   2.7568826321250436E-016   7.3529144091504039E-017  -6.1478374023173277E-018   5.2108051054557594E-017   1.3521231285323351E-017   1.9872361109837412E-010   2.2392045209534018E-010  -1.5831245012157261E-011  -5.2538549276617207E-009  -8.5622063771030434E-018   6.6447019000305831E-017   1.9576578876403671E-017  -4.9128723258816748E-018   1.7129404788606487E-017   1.3475410309141504E-017   1.0724451625602587E-009
   7.7654618021771974E-010  -5.3944635593695072E-011   1.5535121843119880E-009   2.3902954889836000E-009  -3.7962740195529398E-017   2.7933531086043394E-016   1.3835388403373474E-016  -1.3521023520419594E-016   2.2049666973204608E-016   1.7317271927317143E-016   4.0568735890785741E-010  -2.7254131008335706E-011   8.1209599115437536E-010   4.1425359525721715E-009   2.0238524666600989E-017   6.4091387135036992E-018  -5.4941535552645274E-018  -8.1868474530362177E-018  -1.5406911283960042E-017  -1.8965954454363510E-017   6.7905719689881765E-018  -2.4320075093186510E-018  -1.5519650780554559E-017   5.9077644132834557E-018  -1.1994329366889931E-017   7.3529144091504039E-017   3.5863527733539410E-017  -1.6922443784561411E-017   4.8806487798736573E-017   2.8917429414539259E-017   7.2256141221572870E-011   3.6124917617829305E-011   1.6679167028000311E-010  -1.7805433501532747E-009  -4.5063934702953650E-018   1.9837896004228221E-017   8.4952392201525977E-018  -4.1022897997507765E-018   1.0557902342593186E-017   8.6087938803293676E-018   3.6385508626836096E-010
  -1.1587423647139799E-009   4.8487204588857730E-009  -6.3012733475582827E-010  -5.9732351515776062E-010  -2.7561417310528005E-016  -8.1115252134858712E-017  -6.9440426838930996E-017   6.2567219297933690E-016   2.9208474228890648E-017  -3.5005791774365837E-016  -6.0374568840498768E-010   2.5280279897321717E-009  -3.2773447722808832E-010  -1.0349652973254463E-009   6.8468860730407237E-018   4.1983778671482099E-018   5.1148160856091459E-018  -1.9996356621828461E-017  -5.0348930358417693E-019   1.0810249363874459E-017   3.4179292607885805E-018  -1.1234888768847835E-017  -8.7840648281986822E-018   4.5616519055189611E-018  -6.9291484991940668E-017  -6.1478374023173277E-018  -1.6922443784561411E-017   1.4693646089717234E-016   9.2130475880005919E-018  -7.7645115347593482E-017  -3.6429605005324454E-011   2.2658167683346069E-010   6.0814545715444178E-012   4.7177815422948079E-010  -9.3821304335090714E-018  -4.6712420769816845E-018  -3.0765523832368890E-018   2.2508490070316610E-017   6.4087136233712156E-019  -1.3126382514003777E-017  -9.8198550051223687E-011
  -1.0567398791208475E-010   9.3251083706702014E-010   3.7526228729901214E-009   2.0570069610761241E-009  -1.7931032939314478E-016   1.8018702341643921E-016   1.8506939017306043E-016  -2.2838733914783255E-017   3.9742798783520504E-016   2.0214884774405404E-016  -5.4045512839637246E-011   4.8614777980128832E-010   1.9590339061839551E-009   3.5647602555884857E-009   2.1665524921203049E-017   1.0762829041576528E-017   2.4562667368361674E-018  -1.0353450573693466E-017  -2.2469930121715662E-017  -1.8713907958840254E-017   7.8815514105860903E-018  -9.9135804580619807E-019  -2.1337056012765313E-017  -1.0919951665488882E-018  -4.3165681162035848E-017   5.2108051054557594E-017   4.8806487798736573E-017   9.2130475880005919E-018   1.0014186771900499E-016   3.3953197183787263E-017   4.1640340908333190E-011   4.1591531200136395E-011   2.8571828132416687E-010  -1.5508348157137005E-009  -8.8368201916675236E-018   1.5181005314442418E-017   1.0006972199216980E-017  -2.1512436190075008E-019   1.7204770234807954E-017   9.0520390332693800E-018   3.1826806030807853E-010
  -1.2445930533444222E-009  -2.7062056176006148E-009   1.3487678857134314E-009   2.8078410070084279E-009  -6.2031657059136249E-017   5.1063519272544119E-017   1.3049903554570166E-016  -3.9242049562984615E-016   1.8803656166948660E-016   4.5445182639954750E-016  -6.4727885530898187E-010  -1.4081238991920328E-009   7.0101290714033992E-010   4.8659241521515863E-009   1.2271212673364141E-017   1.5819025736912406E-017  -4.6509753677460762E-018   1.8232510543671575E-018  -9.4190082702074948E-018  -1.8286858604630533E-017  -2.6008825343137598E-018   1.4252178377307891E-018  -1.2329551588901956E-017   2.4042970250564367E-018  -9.2752330343516544E-018   1.3521231285323351E-017   2.8917429414539259E-017  -7.7645115347593482E-017   3.3953197183787263E-017   8.6921107870152051E-017   1.3986660059746667E-011  -6.2029821895124205E-013  -3.4843520220597045E-011  -2.1196746150630679E-009  -5.3419833434002798E-018   1.3334146990827826E-017   8.1766217377523735E-018  -1.3010403597510283E-017   8.6379724456181742E-018   1.8352514546596299E-017   4.3474713298812287E-010
  -4.6835093137930252E-002   2.2846280333678214E-010   1.0141910403864308E-010  -1.1099667133485066E-009  -2.6226414753924360E-009  -4.1519662576317467E-009  -5.3101463175913808E-010   1.1155505632436694E-009   2.8929655522053383E-010   1.5070892248358948E-009   2.0491186857791936E-002  -6.6320142188933652E-010  -2.3366801210830549E-010   1.1935657930076549E-008  -2.0349668404677017E-011   8.4103783143350431E-011   3.7727061077751693E-011  -3.5866672690403816E-011   4.5331040700360615E-011   6.3173466382556297E-011  -4.5677822345209683E-011  -7.6677529745167686E-012  -2.2820065887115778E-011  -2.2404975682256586E-011   2.2441788024265447E-011   1.9872361109837412E-010   7.2256141221572870E-011  -3.6429605005324454E-011   4.1640340908333190E-011   1.3986660059746667E-011   1.9883497190525583        1.2842935954183578E-010   4.5536786819860747E-011  -3.4663807474132826E-009   3.5042017771101697E-009   8.5768421880039031E-009   2.2118468239213964E-009  -1.7881343141962875E-009   1.2548863128576685E-010  -1.7160675361647027E-009   8.4382716565136012E-010
   2.3600013734032220E-010  -4.6835093118415549E-002   1.1511182315798356E-010  -2.1145558725300516E-010   1.8770711110359835E-009  -8.0850015862508927E-010   1.1844897708626673E-010  -4.5897220711954320E-009  -8.1511812326195890E-010   2.7126467775831679E-009  -6.6692736271028532E-010   2.0491186307863670E-002  -1.9190141432117870E-012   3.6215033527923566E-008  -4.3811170666459205E-011  -5.9946413153375093E-013  -1.6278722091816088E-011   7.6912321268730261E-011   2.8463328620839229E-011  -1.8131772820232578E-011  -5.3406064656343061E-011   6.6310600374905705E-011   7.2238575358010760E-011  -3.7291166206464309E-011  -2.2595982587265239E-010   2.2392045209534018E-010   3.6124917617829305E-011   2.2658167683346069E-010   4.1591531200136395E-011  -6.2029821895124205E-013   1.2842935954183578E-010   1.9883497192185402       -2.9446817725242141E-011  -1.1105417832716874E-008  -5.1886236266002807E-009   3.5179308899465833E-009   1.2443825595506304E-010   1.0009305044956067E-008   2.1692941706476520E-009  -4.8206814722255341E-009   2.6195667898286357E-009
   9.4882759818341925E-011   1.1866072203854638E-010  -4.6835092798865385E-002  -1.5246720194905955E-010   7.6858676453597731E-010  -5.5224960074434957E-011  -1.3108007020744954E-009   6.9440159625796518E-010  -3.1052479037060859E-009  -1.4629858822498407E-009  -2.3401363475748384E-010  -3.5971516487206307E-012   2.0491186009516146E-002   8.1907742948933372E-009  -2.2023720998733497E-011  -2.0476900713472708E-011  -3.3830200141311361E-011  -8.5310569615151293E-012   5.3782212436117799E-011   3.8077679501382039E-011  -3.5631039829731776E-011  -5.7196480547569458E-011   6.8281523761520750E-011   6.7842339175063802E-011   2.8761864534050088E-011  -1.5831245012157261E-011   1.6679167028000311E-010   6.0814545715444178E-012   2.8571828132416687E-010  -3.4843520220597045E-011   4.5536786819860747E-011  -2.9446817725242141E-011   1.9883497192691719       -2.4883632939220565E-009  -1.0891580793527921E-009   1.1137083811926864E-010   3.5758352502519659E-009  -1.1253934527130648E-009   8.9543061417918068E-009   2.2145517555952363E-009   5.8837327367824388E-010
  -4.5381013074925200E-010  -1.4599956258494295E-009   3.1434925575030715E-011 -0.22855013490677567        5.9582707392348802E-009  -1.8547647247202170E-008  -7.4282225101267704E-009   7.4304928787156206E-009  -1.0411047183445068E-008  -1.3388795037149623E-008   1.2601444186667260E-008   4.0583875340403428E-008   8.9843696188745261E-009 -0.37766139660190445       -1.6707184677471021E-009  -8.5459933722630457E-010   7.0164907640868255E-010   8.8398756840539326E-010   8.2691774361970559E-010   1.3575163707408629E-009  -3.0512995825933797E-010   5.1241331691589513E-010   1.2639764478608695E-009  -9.0490926977856735E-010   1.6478645304455894E-009  -5.2538549276617207E-009  -1.7805433501532747E-009   4.7177815422948079E-010  -1.5508348157137005E-009  -2.1196746150630679E-009  -3.4663807474132826E-009  -1.1105417832716874E-008  -2.4883632939220565E-009   2.2863066665525178        1.1470688162351819E-009  -3.4225819341707742E-009  -1.2284503101809333E-009   4.1252948028376305E-010  -1.0998877805378794E-009  -1.5595843829084890E-009 -0.55442132173808290     
   2.9970141771646558E-010  -1.5995895355450395E-010  -8.3043924856100083E-011  -6.8523094166220700E-010   4.9736444765814112E-017  -2.6672431461692479E-017  -2.1214243500463371E-017  -5.8832323401715451E-018  -4.4001048346261959E-017  -4.3853150919364149E-017   2.3500352560545289E-010  -2.0029528317083766E-010  -6.7783240794676337E-011  -1.1819746665324607E-009  -5.2063663856321867E-018  -4.2411350102507894E-018   1.1176767006332851E-018   3.6618429039449572E-018   2.6443774634950323E-018   3.3232504167075622E-018  -3.9611345608320245E-019   2.0202001410296825E-018   4.7726154167336758E-018  -2.3388308480327314E-018   1.4723926695899535E-017  -8.5622063771030434E-018  -4.5063934702953650E-018  -9.3821304335090714E-018  -8.8368201916675236E-018  -5.3419833434002798E-018   3.5042017771101697E-009  -5.1886236266002807E-009  -1.0891580793527921E-009   1.1470688162351819E-009   2.3385489416780398E-017   1.7199700535813337E-018  -2.3153893312258006E-019  -2.9363976574726897E-017  -1.2706628266332050E-017   5.9784622380518216E-018  -2.6660174929776402E-010
   4.1592700820271354E-010   4.0014277787557672E-011   1.3077400269550042E-011   2.1548320769830207E-009  -2.8181885859169954E-017   2.2510896831631747E-016   7.6103779765178398E-017  -7.8458354301854546E-017   9.7741530372709680E-017   1.0664004546585718E-016   4.0992639139016542E-010   1.0019090882531112E-010   9.3171637036303963E-012   3.7185501124482354E-009   1.6878479466320956E-017   5.7121580860426151E-018  -7.5650980536221322E-018  -8.8598384525729429E-018  -8.5922352058009629E-018  -1.3784971397071700E-017   4.4565193970271309E-018  -4.6640882334334215E-018  -1.1691232328734253E-017   9.1150987872928958E-018  -8.6623382358053624E-018   6.6447019000305831E-017   1.9837896004228221E-017  -4.6712420769816845E-018   1.5181005314442418E-017   1.3334146990827826E-017   8.5768421880039031E-009   3.5179308899465833E-009   1.1137083811926864E-010  -3.4225819341707742E-009   1.7199700535813337E-018   6.2039358331315635E-017   1.6156341017504257E-017   7.5638086971402270E-018   1.0480042222652314E-017  -9.2836995485042410E-018   7.9098594889990689E-010
   2.2318364011331149E-011  -1.4676172034836345E-011   1.2066195393722555E-010   7.7166109195150652E-010  -2.0188824181063884E-017   6.6512546135218069E-017   3.0002685591681120E-017  -3.0342803645499477E-017   4.4918548293819458E-017   5.0531564734378540E-017   6.1515989721669153E-011  -4.8289728469419563E-012   1.4346074409163848E-010   1.3316158753654096E-009   5.8687293745220677E-018   2.7240074454201285E-018  -2.0922693711633393E-018  -2.8832243929263237E-018  -3.4629531652219972E-018  -4.9904966405555914E-018   1.3057317102803273E-018  -1.4435891255139520E-018  -4.4758312859564159E-018   2.6354586153524210E-018  -5.0998679150451790E-018   1.9576578876403671E-017   8.4952392201525977E-018  -3.0765523832368890E-018   1.0006972199216980E-017   8.1766217377523735E-018   2.2118468239213964E-009   1.2443825595506304E-010   3.5758352502519659E-009  -1.2284503101809333E-009  -2.3153893312258006E-019   1.6156341017504257E-017   1.1294353867254399E-017  -4.4234121614383692E-018   1.8923578186867733E-017   4.6549797250680624E-018   2.8388528290968960E-010
