  0.30126929019212345       -1.1215948672401471E-009   2.6537052086379386E-008   2.4252972757791253E-008  -2.6967707074745266E-007  -4.6846810732043389E-008   6.6847157698076132E-008   1.0645415362729932E-007   4.5999664923510216E-008   1.6322291683073579E-007  0.58407622438865481        1.0652617485316497E-008   1.9156757017729574E-008   8.7024231141101809E-008   5.0397862929339104E-010   1.9136735873881722E-010   1.6260198259926236E-009  -5.3249349666237841E-010  -8.3156070104791576E-011  -1.4365333353480219E-010  -2.4700879697931666E-010  -5.4426918554674634E-010   1.4002959264297582E-010  -8.0628936784762879E-010  -2.4566110306483822E-007  -6.0842463434310991E-008   6.1843634927717789E-008   9.7913695174477767E-008   1.8804749216507145E-008   1.4774740796950150E-007 -0.24053986483396667       -3.6331428113515544E-009  -9.6569386860290886E-009  -3.3544523813379922E-008  -5.9861864455098832E-008  -2.4608161902918659E-008   1.5749469256575850E-008   2.3255101693074354E-008   5.8267628718148971E-009   3.6606762519165282E-008   7.1630689564822876E-009
  -1.1215948672401471E-009  0.30126905171655061        2.9231007880402294E-008  -4.1826287190430664E-008  -8.9756111921978057E-008   1.3008290921476666E-008   7.4741571118194316E-008   1.5484448336269348E-007  -1.6590318075347984E-007  -6.5088372247026630E-008  -1.1782965904665253E-008  0.58407610400175791        9.1177137947562249E-009  -3.8194156336116320E-008   3.8020343969210721E-010   2.3885222917085581E-009  -5.0584872656301854E-010  -5.7761751572509744E-010   1.1040944521588910E-009   6.7520825648123237E-011  -1.6348424536904507E-009  -4.1370759840626638E-010  -1.9512487918831023E-010   6.8539693612833053E-010  -1.1617319955770720E-007  -2.3960154749894382E-008   4.6202196153445242E-008   1.4705293191912059E-007  -9.9058398133889400E-008  -3.0879731161374718E-008   4.3244374132502522E-009 -0.24053979894554997       -6.1401274930305004E-009   2.3152909326438461E-008  -3.1457153591177647E-008   3.7178713282777033E-009   1.4833811546584516E-008   3.6348004751764363E-008  -3.0844849745784443E-008  -4.8908512414116074E-009  -4.3022661882061084E-009
   2.6537052086379386E-008   2.9231007880402294E-008  0.30126918883242865        2.3787279601334742E-008   8.2331970370346848E-008  -4.2521692663388213E-008   1.8494977715648186E-007  -2.0600866230970732E-007  -6.2333918913513520E-008   1.2367669290886336E-007   7.6190646758008471E-009   2.0391384151542516E-008  0.58407617322607297       -1.9586234517467280E-008  -1.4457832396611654E-009  -6.7219740106497396E-010   1.1414998519951447E-009  -4.9428238318287388E-010  -1.2609830091272914E-010   2.4340043531164305E-009  -8.3130395633002097E-010  -2.1073470725252506E-009   1.7875096087780715E-009   7.1990005919986563E-010   6.7472900856848569E-008  -4.5672985106627254E-008   1.1579631746063662E-007  -1.4819367931975984E-007  -5.2139152519959139E-009   8.0720780370273407E-008  -5.5704077022240989E-009  -1.0135096436992765E-008 -0.24053983664258505       -1.2183449126548481E-009   2.2128804309706241E-008  -1.5291378341958056E-008   4.6050641255481894E-008  -4.3338641290166710E-008  -7.8852224096335097E-009   2.1209838150667492E-008  -2.0542653765988503E-010
   2.4252972757791253E-008  -4.1826287190430664E-008   2.3787279601334742E-008  0.24064025906726400        4.3681942990034547E-009   1.6158515364440825E-009  -1.3876421901570547E-009  -6.2106572217818692E-009  -6.1988705205137070E-010   1.8424214659322422E-009  -5.3192376700094812E-008  -9.9341201850230183E-009   4.3130623209216582E-008  0.52521602992329142       -1.6839522668256500E-008  -1.0353033754264742E-008   6.5387322602959060E-009   5.1901893312921471E-009   8.8586414225005681E-010   1.7402401029168385E-008   1.0181727843102554E-008  -1.4425312078355279E-008  -3.3071875883739547E-009   5.8783095227187413E-009  -5.0752215391137029E-009   2.0027176931152583E-009  -1.5834454261210995E-009   5.5026244849807252E-009  -3.0052972228740167E-009  -4.2756332979975758E-010   2.3648353478773976E-008   3.6251849820374393E-009  -1.9288181804556973E-008 -0.28330672732057549       -1.2630476828378345E-009   7.5260462933774319E-010  -5.7231981545621973E-010   1.5848295183598468E-009  -8.6224435329319860E-010  -3.2183622835180412E-010   6.8185304932830385E-002
  -2.6967707074745266E-007  -8.9756111921978057E-008   8.2331970370346848E-008   4.3681942990034547E-009   2.9076770262718380E-013   2.6472876581530068E-014  -3.1594124088912087E-014  -1.9786754550545809E-013  -8.7957067110027204E-015  -9.2900157129258599E-014  -5.2310150163397310E-007  -1.7410355222490101E-007   1.5969196399505860E-007   9.5497562480721666E-009  -1.2666253973780463E-015  -1.2554900679201613E-015  -8.7426491625139198E-016   6.0864453997016542E-016  -2.7293700449825858E-016   1.0907016597685577E-015   6.6655014365650177E-016  -2.2779821823971729E-016   3.6121176491007181E-016   8.2142937624309691E-016   2.7292345128938569E-013   4.9176473986909386E-014  -3.7513940726765492E-014  -1.7188835128796507E-013   1.1209321862176175E-014  -1.0103510285836212E-013   2.0623662097449234E-007   6.8623289246555417E-008  -6.3300522542088293E-008  -4.7290161175299034E-009   6.9092113517659655E-014   1.6711730348953555E-014  -6.0139694146290463E-015  -4.3543487624192363E-014   1.8038259027008076E-015  -2.5548626341640878E-014   1.0499031871599829E-009
  -4.6846810732043389E-008   1.3008290921476666E-008  -4.2521692663388213E-008   1.6158515364440825E-009   2.6472876581530068E-014   1.3860566271337466E-014  -3.3285928595779301E-014   1.9168873742980789E-014  -5.5228732680095366E-015  -4.5641750731948866E-014  -9.0867802745524373E-008   2.5223534288374767E-008  -8.2473008954977492E-008   3.5300489963896568E-009   2.8870605338265679E-017   9.8761551755190227E-017  -3.9204948790165403E-016   1.6263443424833192E-016   8.4377418136094144E-017  -2.0137023163433263E-016   1.5363470650194165E-016   2.6741965151839659E-016  -3.0488312173612653E-016   9.2893602729245589E-017   2.3633077094405888E-014   1.4889607138183674E-014  -2.3982428148857489E-014   1.2078914713307109E-014  -6.4861182630286722E-015  -3.5711993120196819E-014   3.5908988506774608E-008  -1.0249854883649031E-008   3.2775271781941811E-008  -1.8182058727856623E-009   4.8418506900060903E-015   6.1324342586784167E-015  -8.2958087363658113E-015   4.0708965795773849E-015  -1.1390119966525255E-015  -8.9127477682765305E-015   4.0932196151051305E-010
   6.6847157698076132E-008   7.4741571118194316E-008   1.8494977715648186E-007  -1.3876421901570547E-009  -3.1594124088912087E-014  -3.3285928595779301E-014   1.4694538170361754E-013  -6.4406109804305451E-014  -6.9224462132866579E-014   9.6000234467447270E-014   1.2967183181153519E-007   1.4496910038203796E-007   3.5873343816747399E-007  -3.0309440181969617E-009  -5.8430935517789882E-016   2.8222966620329264E-016   8.9881445671925361E-016  -5.9525459665746472E-016   1.7299644187815308E-016   1.3791904572332857E-015  -1.0301694152730692E-015  -1.4345141608222131E-015   1.0998946617622687E-015   3.9928702338358182E-016  -4.1891908635283946E-014  -4.7498859443485468E-014   9.6303929914077122E-014  -3.2804234659397002E-014  -2.3593576770456052E-014   7.4696145713315943E-014  -5.0914987811468815E-008  -5.7479094017095883E-008  -1.4209807260864265E-007   1.5765293481282095E-009  -7.5529472281287157E-015  -1.3933738968575307E-014   3.5354878085989084E-014  -1.2404989189988960E-014  -1.1135883944533946E-014   1.9957937378721758E-014  -3.5680048714853385E-010
   1.0645415362729932E-007   1.5484448336269348E-007  -2.0600866230970732E-007  -6.2106572217818692E-009  -1.9786754550545809E-013   1.9168873742980789E-014  -6.4406109804305451E-014   2.5827397038481579E-013  -2.6380871087972955E-014  -6.0406424972804353E-014   2.0649050566889265E-007   3.0035617814818453E-007  -3.9959237457517569E-007  -1.3576086937108460E-008   1.7981851498508361E-015   2.0238679957581583E-015  -6.3553305238357847E-016  -2.8143332583797816E-016   6.0165589247336179E-016  -2.1310814391425406E-015  -6.2285118975576209E-016   1.4096520746790286E-015  -1.1882126434262577E-015  -5.7699423020799349E-016  -1.9256626473487891E-013  -2.6417699237107405E-015  -3.3557884441050769E-014   2.1141577120050356E-013  -4.0642803218663103E-014  -1.8849502945049121E-014  -8.1482502129307781E-008  -1.1845006782455285E-007   1.5786261773630406E-007   6.7685259668463045E-009  -5.2447894483859505E-014   3.6042681754288658E-015  -1.8158645688944789E-014   5.6550143960667706E-014  -8.3994105214608975E-015  -4.1022489726778587E-015  -1.5067696539756427E-009
   4.5999664923510216E-008  -1.6590318075347984E-007  -6.2333918913513520E-008  -6.1988705205137070E-010  -8.7957067110027204E-015  -5.5228732680095366E-015  -6.9224462132866579E-014  -2.6380871087972955E-014   1.1129786698419882E-013   3.5176578102773189E-014   8.9221862432467764E-008  -3.2179356298979974E-007  -1.2090081008880964E-007  -1.3524612654885118E-009   2.1018997873265877E-016  -1.1212720978941137E-015   2.7403104852354337E-016   3.2584971350554395E-016  -5.9712501867984661E-016  -6.0784732606715170E-016   1.0092956969616076E-015   6.1796995232963550E-016  -2.3285479438493260E-016  -6.6485836888654001E-016   1.2522145687814879E-014   1.3344034804462043E-014  -3.9958231009631194E-014  -3.5393077124075315E-014   5.8524568160345089E-014   2.2870930801251273E-014  -3.5351488909282543E-008   1.2735545564765224E-007   4.8013585177234821E-008   7.4517499665445567E-010   3.6079193357769868E-015  -2.5534292877332164E-015  -1.5251133202815075E-014  -7.5255881852302626E-015   1.9460206962014978E-014   3.9176687503068833E-015  -1.7172179876589004E-010
   1.6322291683073579E-007  -6.5088372247026630E-008   1.2367669290886336E-007   1.8424214659322422E-009  -9.2900157129258599E-014  -4.5641750731948866E-014   9.6000234467447270E-014  -6.0406424972804353E-014   3.5176578102773189E-014   1.5330658220304987E-013   3.1661099548013881E-007  -1.2625262743707581E-007   2.3990041244521569E-007   4.0262393877996271E-009  -5.3155682796019708E-016  -7.6837613384789298E-016   1.5097968343162863E-015  -3.2721211704380865E-016  -3.2871904524343490E-016   1.0403767586402430E-015  -4.3700724485170125E-017  -1.1818513515856629E-015   8.2700146001431404E-016  -2.4443616757155184E-016  -8.0357184925947033E-014  -4.6534704439150672E-014   7.1071825635941923E-014  -3.9527421824883147E-014   2.9433482103098098E-014   1.1988460608722485E-013  -1.2475411608811224E-007   4.9826780861700642E-008  -9.4562096449180090E-008  -2.0394833241142776E-009  -1.6644218660197414E-014  -2.0315998685871410E-014   2.4172615300852401E-014  -1.3006656813286184E-014   6.5955848164430590E-015   2.9650875417536901E-014   4.5686029742000677E-010
  0.58407622438865481       -1.1782965904665253E-008   7.6190646758008471E-009  -5.3192376700094812E-008  -5.2310150163397310E-007  -9.0867802745524373E-008   1.2967183181153519E-007   2.0649050566889265E-007   8.9221862432467764E-008   3.1661099548013881E-007   1.1341384185274881        2.0179537126108833E-009  -4.7781984259046040E-008  -5.1539263830167751E-008   9.8158106186340859E-010   3.7025957363855846E-010   3.1566583859134116E-009  -1.0359607871665726E-009  -1.6164897282138234E-010  -2.8094640533445999E-010  -4.7897497659509206E-010  -1.0570372830879440E-009   2.7235257776115317E-010  -1.5649652567541274E-009  -4.7661360756995162E-007  -1.1809813278075600E-007   1.1999631984753225E-007   1.8992002235896168E-007   3.6461359787001985E-008   2.8669358545202518E-007 -0.40731020568119974        2.1445878722601372E-010   1.6926586027431887E-008   2.8733185284952716E-008  -1.1679948169415250E-007  -4.7118367883039378E-008   3.0725990897790778E-008   4.5499312338014913E-008   1.1287431261987729E-008   7.1300168915752847E-008  -5.1503191454138077E-009
   1.0652617485316497E-008  0.58407610400175791        2.0391384151542516E-008  -9.9341201850230183E-009  -1.7410355222490101E-007   2.5223534288374767E-008   1.4496910038203796E-007   3.0035617814818453E-007  -3.2179356298979974E-007  -1.2625262743707581E-007   2.0179537126108833E-009   1.1341388480631751       -5.2646517902094122E-008   8.2132407128631222E-008   7.3813248124214187E-010   4.6420749751183379E-009  -9.8357850146814753E-010  -1.1221025313925610E-009   2.1431964356793177E-009   1.3179344134605559E-010  -3.1794133825910966E-009  -8.0136427461047448E-010  -3.7639322389693658E-010   1.3304180056734213E-009  -2.2539652770514460E-007  -4.6431510672723372E-008   8.9572700333710256E-008   2.8531152928107856E-007  -1.9224419403207494E-007  -5.9914999171958144E-008  -1.6487717994463255E-009 -0.40731035117736875        1.7424174819688467E-008  -2.5380470446526750E-008  -6.1108312440865112E-008   6.3178439441787005E-009   2.8719494898693936E-008   7.0842239763692198E-008  -5.9400531108076920E-008  -9.7339274128276552E-009   6.3915737499320364E-009
   1.9156757017729574E-008   9.1177137947562249E-009  0.58407617322607297        4.3130623209216582E-008   1.5969196399505860E-007  -8.2473008954977492E-008   3.5873343816747399E-007  -3.9959237457517569E-007  -1.2090081008880964E-007   2.3990041244521569E-007  -4.7781984259046040E-008  -5.2646517902094122E-008   1.1341386010833980       -4.4165219917542166E-008  -2.8061426965585676E-009  -1.3061608524862256E-009   2.2174698080444027E-009  -9.6010605462526238E-010  -2.4471548074332232E-010   4.7249419257518536E-009  -1.6148598808184595E-009  -4.0919901351212390E-009   3.4727244680279818E-009   1.3971849622919240E-009   1.3089118450828002E-007  -8.8538032749090851E-008   2.2469417800595451E-007  -2.8747361468978721E-007  -1.0109264437771358E-008   1.5658243386011879E-007   1.5973719266028056E-008   1.8357049123886194E-008 -0.40731026769379192        6.3056033803833783E-009   4.2658272785072432E-008  -2.9599279366054379E-008   8.8217298261022054E-008  -8.4009636772533765E-008  -1.4811890094986976E-008   4.1351366224251749E-008  -3.0102927503251564E-009
   8.7024231141101809E-008  -3.8194156336116320E-008  -1.9586234517467280E-008  0.52521602992329142        9.5497562480721666E-009   3.5300489963896568E-009  -3.0309440181969617E-009  -1.3576086937108460E-008  -1.3524612654885118E-009   4.0262393877996271E-009  -5.1539263830167751E-008   8.2132407128631222E-008  -4.4165219917542166E-008   1.1493195827411811       -3.6858727513941537E-008  -2.2663678552691910E-008   1.4312045180160441E-008   1.1360326059246810E-008   1.9386092707902222E-009   3.8090845890743302E-008   2.2287537342433056E-008  -3.1573458627063680E-008  -7.2381905466312304E-009   1.2865897938934629E-008  -1.1113956774204284E-008   4.3746974133255172E-009  -3.4672380338074795E-009   1.2049969228712763E-008  -6.5733461498685203E-009  -9.3636630429417456E-010   4.5559339563493780E-009  -2.2735613411307471E-008   1.9217649941849529E-008 -0.54093154410505795       -2.6745093376602266E-009   1.6303541678997487E-009  -1.2127363292164162E-009   3.3641780170505843E-009  -1.8497522743178263E-009  -6.8978976536465176E-010  0.11132359076665459     
   5.0397862929339104E-010   3.8020343969210721E-010  -1.4457832396611654E-009  -1.6839522668256500E-008  -1.2666253973780463E-015   2.8870605338265679E-017  -5.8430935517789882E-016   1.7981851498508361E-015   2.1018997873265877E-016  -5.3155682796019708E-016   9.8158106186340859E-010   7.3813248124214187E-010  -2.8061426965585676E-009  -3.6858727513941537E-008   1.1903966162711083E-015   7.3344043732814237E-016  -4.6240477877527334E-016  -3.6359821102851873E-016  -6.0312472339525760E-017  -1.2334864166885064E-015  -7.1328948141943410E-016   1.0212948436421511E-015   2.2353785130601161E-016  -4.1657205864131869E-016  -5.2602364683874065E-016  -5.3469461931186040E-017  -2.8283885720632906E-016   6.7473284127721225E-016   1.4216605309525977E-016  -1.4869784377482156E-016  -2.5305530483019417E-010  -2.6940415096659653E-010   1.0489797615814897E-009   1.7053774388297419E-008  -1.6211098852991476E-016  -1.4422345680627607E-017  -1.3482290068064118E-016   1.8649007023594821E-016   6.7207794443777974E-017  -2.4375196720250423E-017  -3.6756157118890484E-009
   1.9136735873881722E-010   2.3885222917085581E-009  -6.7219740106497396E-010  -1.0353033754264742E-008  -1.2554900679201613E-015   9.8761551755190227E-017   2.8222966620329264E-016   2.0238679957581583E-015  -1.1212720978941137E-015  -7.6837613384789298E-016   3.7025957363855846E-010   4.6420749751183379E-009  -1.3061608524862256E-009  -2.2663678552691910E-008   7.3344043732814237E-016   4.6758276645155109E-016  -2.8779169762791091E-016  -2.2785512947690605E-016  -2.9229219027216681E-017  -7.5615846590915995E-016  -4.5084647610668100E-016   6.2373138464911223E-016   1.3729146167218558E-016  -2.5039465779560680E-016  -1.0095211402303262E-015  -2.1276871302300205E-016   2.1522351324534242E-016   1.3226963020656765E-015  -6.3342985068757042E-016  -3.1316816962789491E-016  -1.7774655139890595E-010  -1.5287152036975383E-009   4.3853030721165772E-010   1.0411051375982688E-008  -2.8440601584171582E-016   9.8349136036084970E-018   5.0081883436271606E-017   3.3583815898549893E-016  -1.8512153062802677E-016  -5.1429751667878073E-017  -2.2392511451027897E-009
   1.6260198259926236E-009  -5.0584872656301854E-010   1.1414998519951447E-009   6.5387322602959060E-009  -8.7426491625139198E-016  -3.9204948790165403E-016   8.9881445671925361E-016  -6.3553305238357847E-016   2.7403104852354337E-016   1.5097968343162863E-015   3.1566583859134116E-009  -9.8357850146814753E-010   2.2174698080444027E-009   1.4312045180160441E-008  -4.6240477877527334E-016  -2.8779169762791091E-016   1.9220724028618441E-016   1.3768599697196494E-016   2.1354943185255309E-017   4.8269517363294805E-016   2.7582359527579160E-016  -4.0343885819985054E-016  -8.2264529129714810E-017   1.5744275163339256E-016  -1.0139422884757628E-015  -4.0708752824206886E-016   6.5250605079180045E-016  -1.3042638823101979E-016   1.6653817600528344E-016   1.1443642722603310E-015  -1.1566798056286159E-009   3.0827658593581298E-010  -7.6466128731568216E-010  -6.6240138668521561E-009  -2.2179617067175125E-016  -1.7374578814309835E-016   2.1741935225639421E-016  -5.7561056339702100E-017   3.0892935964946587E-017   2.7935571938135575E-016   1.4281053635703805E-009
  -5.3249349666237841E-010  -5.7761751572509744E-010  -4.9428238318287388E-010   5.1901893312921471E-009   6.0864453997016542E-016   1.6263443424833192E-016  -5.9525459665746472E-016  -2.8143332583797816E-016   3.2584971350554395E-016  -3.2721211704380865E-016  -1.0359607871665726E-009  -1.1221025313925610E-009  -9.6010605462526238E-010   1.1360326059246810E-008  -3.6359821102851873E-016  -2.2785512947690605E-016   1.3768599697196494E-016   1.1516680536408577E-016   1.7397166587082494E-017   3.7265136247219256E-016   2.2526190576286211E-016  -3.0687595951925594E-016  -7.4365482591012732E-017   1.2610675223083387E-016   4.3721092482686874E-016   2.7189703383591172E-016  -4.2255256722874058E-016  -9.3041602569622964E-017   1.0051222550628621E-016  -3.4417282864577684E-016   3.0559199149298087E-010   3.8600802908326784E-010   3.3387755143239654E-010  -5.2583366045097321E-009   1.0538794580405892E-016   7.7442803759277024E-017  -1.4302120459759193E-016  -7.8774039862946809E-018   4.2554328439878988E-017  -9.7511742447243497E-017   1.1334190809927595E-009
  -8.3156070104791576E-011   1.1040944521588910E-009  -1.2609830091272914E-010   8.8586414225005681E-010  -2.7293700449825858E-016   8.4377418136094144E-017   1.7299644187815308E-016   6.0165589247336179E-016  -5.9712501867984661E-016  -3.2871904524343490E-016  -1.6164897282138234E-010   2.1431964356793177E-009  -2.4471548074332232E-010   1.9386092707902222E-009  -6.0312472339525760E-017  -2.9229219027216681E-017   2.1354943185255309E-017   1.7397166587082494E-017   7.3961610309854069E-018   6.3520501805169161E-017   3.2004718993719141E-017  -5.3739087030335843E-017  -1.3709521266982826E-017   2.4137716069366538E-017  -4.0511490888521539E-016  -4.4456378948188839E-017   9.7884422914140948E-017   5.9457499861667176E-016  -3.7742352303449979E-016  -1.8946068304384194E-016   5.2048296198841362E-011  -7.9305296759126749E-010   9.2512251881737891E-011  -9.0780832030184054E-010  -1.1249779573455795E-016   2.8083119502931272E-017   2.8739420217389012E-017   1.5105590823418861E-016  -1.1393201428273024E-016  -3.8558317484698322E-017   1.9583735637300259E-010
  -1.4365333353480219E-010   6.7520825648123237E-011   2.4340043531164305E-009   1.7402401029168385E-008   1.0907016597685577E-015  -2.0137023163433263E-016   1.3791904572332857E-015  -2.1310814391425406E-015  -6.0784732606715170E-016   1.0403767586402430E-015  -2.8094640533445999E-010   1.3179344134605559E-010   4.7249419257518536E-009   3.8090845890743302E-008  -1.2334864166885064E-015  -7.5615846590915995E-016   4.8269517363294805E-016   3.7265136247219256E-016   6.3520501805169161E-017   1.2822443124782534E-015   7.3171634183452025E-016  -1.0633348729118390E-015  -2.2554200806421200E-016   4.3278327908803785E-016   2.6851469552542114E-016  -2.0016253138160278E-016   8.0202309312724934E-016  -8.1220400472454982E-016  -2.9124721083131223E-016   5.4367758707447298E-016   3.3901165369194147E-011  -2.4563110783246878E-011  -1.7412325769547059E-009  -1.7621704254687715E-008   1.1210462168994646E-016  -5.8094233420102955E-017   3.2390571605235746E-016  -2.4232449685151245E-016  -1.3272280353190489E-016   1.3021586353572083E-016   3.7979364462691730E-009
  -2.4700879697931666E-010  -1.6348424536904507E-009  -8.3130395633002097E-010   1.0181727843102554E-008   6.6655014365650177E-016   1.5363470650194165E-016  -1.0301694152730692E-015  -6.2285118975576209E-016   1.0092956969616076E-015  -4.3700724485170125E-017  -4.7897497659509206E-010  -3.1794133825910966E-009  -1.6148598808184595E-009   2.2287537342433056E-008  -7.1328948141943410E-016  -4.5084647610668100E-016   2.7582359527579160E-016   2.2526190576286211E-016   3.2004718993719141E-017   7.3171634183452025E-016   4.4365586393587856E-016  -6.0378824642633814E-016  -1.4438047219485852E-016   2.4445041737626202E-016   4.3092218026545442E-016   3.9062335712450010E-016  -6.8854564611363613E-016  -2.3656080105426699E-016   4.1015035799372403E-016  -1.9436826078407891E-016   1.9421764256110184E-010   9.7632193137898175E-010   5.5771376930322180E-010  -1.0269737404714067E-008   1.0825807748913855E-016   7.8613093952919622E-017  -2.4177093681739191E-016  -3.3896663223307319E-017   1.4551538978201065E-016  -7.4363771026539569E-017   2.2101209079313490E-009
  -5.4426918554674634E-010  -4.1370759840626638E-010  -2.1073470725252506E-009  -1.4425312078355279E-008  -2.2779821823971729E-016   2.6741965151839659E-016  -1.4345141608222131E-015   1.4096520746790286E-015   6.1796995232963550E-016  -1.1818513515856629E-015  -1.0570372830879440E-009  -8.0136427461047448E-010  -4.0919901351212390E-009  -3.1573458627063680E-008   1.0212948436421511E-015   6.2373138464911223E-016  -4.0343885819985054E-016  -3.0687595951925594E-016  -5.3739087030335843E-017  -1.0633348729118390E-015  -6.0378824642633814E-016   8.8372148456941844E-016   1.8633551061878395E-016  -3.5798153345706111E-016   4.3672027172900874E-016   3.4226052738781039E-016  -8.9071559882788819E-016   3.2730992818695837E-016   3.1902288298295739E-016  -7.6402048678259387E-016   3.7287576201047963E-010   3.5362594414828338E-010   1.4689819392677574E-009   1.4635719666108302E-008   7.1385701148991437E-017   1.0043429967535211E-016  -3.3411189587124128E-016   1.1876758669143988E-016   1.3614581851968742E-016  -1.9014996307379188E-016  -3.1557676312515629E-009
   1.4002959264297582E-010  -1.9512487918831023E-010   1.7875096087780715E-009  -3.3071875883739547E-009   3.6121176491007181E-016  -3.0488312173612653E-016   1.0998946617622687E-015  -1.1882126434262577E-015  -2.3285479438493260E-016   8.2700146001431404E-016   2.7235257776115317E-010  -3.7639322389693658E-010   3.4727244680279818E-009  -7.2381905466312304E-009   2.2353785130601161E-016   1.3729146167218558E-016  -8.2264529129714810E-017  -7.4365482591012732E-017  -1.3709521266982826E-017  -2.2554200806421200E-016  -1.4438047219485852E-016   1.8633551061878395E-016   5.6415257252287856E-017  -7.7569929820780586E-017   4.3136855687573829E-016  -3.1130970073366113E-016   7.0856173409870975E-016  -1.0053043702618740E-015   8.3146743357776201E-017   5.7393805377766019E-016  -8.2822665653916232E-011   2.1883713192785007E-010  -1.1867838005221736E-009   3.3672474429004245E-009   1.3915989025888450E-016  -1.1530539453979749E-016   2.7428929919499692E-016  -2.9035789729848892E-016  -1.0110450801655394E-017   1.5119877748999571E-016  -7.2593743204120879E-010
  -8.0628936784762879E-010   6.8539693612833053E-010   7.1990005919986563E-010   5.8783095227187413E-009   8.2142937624309691E-016   9.2893602729245589E-017   3.9928702338358182E-016  -5.7699423020799349E-016  -6.6485836888654001E-016  -2.4443616757155184E-016  -1.5649652567541274E-009   1.3304180056734213E-009   1.3971849622919240E-009   1.2865897938934629E-008  -4.1657205864131869E-016  -2.5039465779560680E-016   1.5744275163339256E-016   1.2610675223083387E-016   2.4137716069366538E-017   4.3278327908803785E-016   2.4445041737626202E-016  -3.5798153345706111E-016  -7.7569929820780586E-017   1.4947278304631823E-016   4.3023588832605261E-016   4.8319185506812163E-017   1.7755093122589576E-016  -1.4674829984795633E-016  -3.6191588550913558E-016  -2.8349154533970127E-016   5.8421316428423403E-010  -4.9335374927378238E-010  -5.2497246969053130E-010  -5.9715728582109653E-009   1.1210935669664491E-016   5.4643168365307100E-017   8.6977548477484027E-017  -4.5620654002005765E-017  -1.2450337781938124E-016  -6.6490057108249183E-017   1.2877239032972912E-009
  -2.4566110306483822E-007  -1.1617319955770720E-007   6.7472900856848569E-008  -5.0752215391137029E-009   2.7292345128938569E-013   2.3633077094405888E-014  -4.1891908635283946E-014  -1.9256626473487891E-013   1.2522145687814879E-014  -8.0357184925947033E-014  -4.7661360756995162E-007  -2.2539652770514460E-007   1.3089118450828002E-007  -1.1113956774204284E-008  -5.2602364683874065E-016  -1.0095211402303262E-015  -1.0139422884757628E-015   4.3721092482686874E-016  -4.0511490888521539E-016   2.6851469552542114E-016   4.3092218026545442E-016   4.3672027172900874E-016   4.3136855687573829E-016   4.3023588832605261E-016   2.6042081330202186E-013   4.8606237602708049E-014  -4.2287473298395242E-014  -1.6989895470247335E-013   2.1778197724202242E-014  -9.0521855295149205E-014   1.8466301252674449E-007   8.7138849139522121E-008  -5.1212023858748584E-008   5.0007515538236579E-009   6.6069813690499207E-014   1.5163995202061983E-014  -8.3188333233578509E-015  -4.2832956869757345E-014   5.3799080320738189E-015  -2.3236855166248973E-014  -1.0700000517219490E-009
  -6.0842463434310991E-008  -2.3960154749894382E-008  -4.5672985106627254E-008   2.0027176931152583E-009   4.9176473986909386E-014   1.4889607138183674E-014  -4.7498859443485468E-014  -2.6417699237107405E-015   1.3344034804462043E-014  -4.6534704439150672E-014  -1.1809813278075600E-007  -4.6431510672723372E-008  -8.8538032749090851E-008   4.3746974133255172E-009  -5.3469461931186040E-017  -2.1276871302300205E-016  -4.0708752824206886E-016   2.7189703383591172E-016  -4.4456378948188839E-017  -2.0016253138160278E-016   3.9062335712450010E-016   3.4226052738781039E-016  -3.1130970073366113E-016   4.8319185506812163E-017   4.8606237602708049E-014   2.1145290022711349E-014  -3.3739066121933732E-014  -8.9627351127999484E-015   4.8432874925059755E-015  -3.9643504235984889E-014   4.3875108264619223E-008   1.9810367070135345E-008   3.6765597165098560E-008  -2.2672151986580042E-009   1.1282608698357353E-014   6.9414585212143946E-015  -1.1367641590060985E-014  -1.0325762429456883E-015   2.4723787141570729E-015  -1.0250033034626429E-014   5.1092495176586368E-010
   6.1843634927717789E-008   4.6202196153445242E-008   1.1579631746063662E-007  -1.5834454261210995E-009  -3.7513940726765492E-014  -2.3982428148857489E-014   9.6303929914077122E-014  -3.3557884441050769E-014  -3.9958231009631194E-014   7.1071825635941923E-014   1.1999631984753225E-007   8.9572700333710256E-008   2.2469417800595451E-007  -3.4672380338074795E-009  -2.8283885720632906E-016   2.1522351324534242E-016   6.5250605079180045E-016  -4.2255256722874058E-016   9.7884422914140948E-017   8.0202309312724934E-016  -6.8854564611363613E-016  -8.9071559882788819E-016   7.0856173409870975E-016   1.7755093122589576E-016  -4.2287473298395242E-014  -3.3739066121933732E-014   6.4326167007575265E-014  -1.4358591343007825E-014  -1.3315301477789756E-014   5.6646066647256863E-014  -4.6094090645275739E-008  -3.6901248560005689E-008  -8.5894762950444632E-008   1.5673527008769312E-009  -8.6674219790282665E-015  -1.0325489145867361E-014   2.3104311822163016E-014  -6.2954900450085213E-015  -6.5072127927326455E-015   1.4962912776679296E-014  -3.3497375597996305E-010
   9.7913695174477767E-008   1.4705293191912059E-007  -1.4819367931975984E-007   5.5026244849807252E-009  -1.7188835128796507E-013   1.2078914713307109E-014  -3.2804234659397002E-014   2.1141577120050356E-013  -3.5393077124075315E-014  -3.9527421824883147E-014   1.8992002235896168E-007   2.8531152928107856E-007  -2.8747361468978721E-007   1.2049969228712763E-008   6.7473284127721225E-016   1.3226963020656765E-015  -1.3042638823101979E-016  -9.3041602569622964E-017   5.9457499861667176E-016  -8.1220400472454982E-016  -2.3656080105426699E-016   3.2730992818695837E-016  -1.0053043702618740E-015  -1.4674829984795633E-016  -1.6989895470247335E-013  -8.9627351127999484E-015  -1.4358591343007825E-014   1.7667030476912099E-013  -3.9767965882489384E-014  -6.7713540962573653E-015  -7.5092538461614839E-008  -1.1020587668331400E-007   1.1275608756342819E-007  -5.4199943938025070E-009  -4.5753620109694680E-014   1.2736397098762040E-015  -1.0200225449727768E-014   4.6719151254310786E-014  -9.2991522453721097E-015  -9.6553310196741137E-016   1.1604252816301794E-009
   1.8804749216507145E-008  -9.9058398133889400E-008  -5.2139152519959139E-009  -3.0052972228740167E-009   1.1209321862176175E-014  -6.4861182630286722E-015  -2.3593576770456052E-014  -4.0642803218663103E-014   5.8524568160345089E-014   2.9433482103098098E-014   3.6461359787001985E-008  -1.9224419403207494E-007  -1.0109264437771358E-008  -6.5733461498685203E-009   1.4216605309525977E-016  -6.3342985068757042E-016   1.6653817600528344E-016   1.0051222550628621E-016  -3.7742352303449979E-016  -2.9124721083131223E-016   4.1015035799372403E-016   3.1902288298295739E-016   8.3146743357776201E-017  -3.6191588550913558E-016   2.1778197724202242E-014   4.8432874925059755E-015  -1.3315301477789756E-014  -3.9767965882489384E-014   3.3894363720680160E-014   1.7989769748166334E-014  -1.4873218544888030E-008   7.2529110807179692E-008   4.1309251719484584E-009   3.1702572623122465E-009   6.2510447912647782E-015  -2.4028360686154940E-015  -4.6789761722266428E-015  -9.8096683077163654E-015   1.0608054614006593E-014   3.5586241908351618E-015  -6.9678874157174222E-010
   1.4774740796950150E-007  -3.0879731161374718E-008   8.0720780370273407E-008  -4.2756332979975758E-010  -1.0103510285836212E-013  -3.5711993120196819E-014   7.4696145713315943E-014  -1.8849502945049121E-014   2.2870930801251273E-014   1.1988460608722485E-013   2.8669358545202518E-007  -5.9914999171958144E-008   1.5658243386011879E-007  -9.3636630429417456E-010  -1.4869784377482156E-016  -3.1316816962789491E-016   1.1443642722603310E-015  -3.4417282864577684E-016  -1.8946068304384194E-016   5.4367758707447298E-016  -1.9436826078407891E-016  -7.6402048678259387E-016   5.7393805377766019E-016  -2.8349154533970127E-016  -9.0521855295149205E-014  -3.9643504235984889E-014   5.6646066647256863E-014  -6.7713540962573653E-015   1.7989769748166334E-014   9.7293210116728793E-014  -1.0957047122429177E-007   2.3067029156336484E-008  -6.1544065865473499E-008   4.1933141936251616E-010  -2.0316192885653087E-014  -1.6437635496334205E-014   1.8519059481406260E-014  -3.8861954049689630E-015   3.9192445868451103E-015   2.4202388593519801E-014  -9.0431547909052429E-011
 -0.24053986483396667        4.3244374132502522E-009  -5.5704077022240989E-009   2.3648353478773976E-008   2.0623662097449234E-007   3.5908988506774608E-008  -5.0914987811468815E-008  -8.1482502129307781E-008  -3.5351488909282543E-008  -1.2475411608811224E-007 -0.40731020568119974       -1.6487717994463255E-009   1.5973719266028056E-008   4.5559339563493780E-009  -2.5305530483019417E-010  -1.7774655139890595E-010  -1.1566798056286159E-009   3.0559199149298087E-010   5.2048296198841362E-011   3.3901165369194147E-011   1.9421764256110184E-010   3.7287576201047963E-010  -8.2822665653916232E-011   5.8421316428423403E-010   1.8466301252674449E-007   4.3875108264619223E-008  -4.6094090645275739E-008  -7.5092538461614839E-008  -1.4873218544888030E-008  -1.0957047122429177E-007   2.1503781057081244        2.3848876726186112E-010  -5.3653322821532479E-009  -6.8664245786751810E-009   2.3105576906863059E-008   3.9218709499587270E-008  -6.1977687600577588E-009  -4.8252566289665359E-009  -4.9515198360265804E-009  -1.8280319074544754E-008   8.9835784120889146E-010
  -3.6331428113515544E-009 -0.24053979894554997       -1.0135096436992765E-008   3.6251849820374393E-009   6.8623289246555417E-008  -1.0249854883649031E-008  -5.7479094017095883E-008  -1.1845006782455285E-007   1.2735545564765224E-007   4.9826780861700642E-008   2.1445878722601372E-010 -0.40731035117736875        1.8357049123886194E-008  -2.2735613411307471E-008  -2.6940415096659653E-010  -1.5287152036975383E-009   3.0827658593581298E-010   3.8600802908326784E-010  -7.9305296759126749E-010  -2.4563110783246878E-011   9.7632193137898175E-010   3.5362594414828338E-010   2.1883713192785007E-010  -4.9335374927378238E-010   8.7138849139522121E-008   1.9810367070135345E-008  -3.6901248560005689E-008  -1.1020587668331400E-007   7.2529110807179692E-008   2.3067029156336484E-008   2.3848876726186112E-010   2.1503781526757524       -5.7872479932594115E-009   6.8118439218790628E-009   2.1077982696809986E-008  -3.2497054547760259E-008  -1.3140669973753303E-008  -1.6624671414246746E-008   3.7863386122016172E-008  -4.4533090047727365E-009  -1.7442311961039527E-009
  -9.6569386860290886E-009  -6.1401274930305004E-009 -0.24053983664258505       -1.9288181804556973E-008  -6.3300522542088293E-008   3.2775271781941811E-008  -1.4209807260864265E-007   1.5786261773630406E-007   4.8013585177234821E-008  -9.4562096449180090E-008   1.6926586027431887E-008   1.7424174819688467E-008 -0.40731026769379192        1.9217649941849529E-008   1.0489797615814897E-009   4.3853030721165772E-010  -7.6466128731568216E-010   3.3387755143239654E-010   9.2512251881737891E-011  -1.7412325769547059E-009   5.5771376930322180E-010   1.4689819392677574E-009  -1.1867838005221736E-009  -5.2497246969053130E-010  -5.1212023858748584E-008   3.6765597165098560E-008  -8.5894762950444632E-008   1.1275608756342819E-007   4.1309251719484584E-009  -6.1544065865473499E-008  -5.3653322821532479E-009  -5.7872479932594115E-009   2.1503781257629067       -2.2951348194390405E-009  -2.5738547294238948E-008   1.3748251413782041E-008  -7.1998230554316805E-008   3.4994001363261633E-008   2.2065267891822569E-008  -9.2554560620544152E-009   1.1836477666173954E-009
  -3.3544523813379922E-008   2.3152909326438461E-008  -1.2183449126548481E-009 -0.28330672732057549       -4.7290161175299034E-009  -1.8182058727856623E-009   1.5765293481282095E-009   6.7685259668463045E-009   7.4517499665445567E-010  -2.0394833241142776E-009   2.8733185284952716E-008  -2.5380470446526750E-008   6.3056033803833783E-009 -0.54093154410505795        1.7053774388297419E-008   1.0411051375982688E-008  -6.6240138668521561E-009  -5.2583366045097321E-009  -9.0780832030184054E-010  -1.7621704254687715E-008  -1.0269737404714067E-008   1.4635719666108302E-008   3.3672474429004245E-009  -5.9715728582109653E-009   5.0007515538236579E-009  -2.2672151986580042E-009   1.5673527008769312E-009  -5.4199943938025070E-009   3.1702572623122465E-009   4.1933141936251616E-010  -6.8664245786751810E-009   6.8118439218790628E-009  -2.2951348194390405E-009   2.4323479722602621        3.7152732653822882E-009  -1.2201654143223628E-009   1.6603353155016966E-009  -4.4371412183509157E-009   1.8880743393028650E-009   7.2186810858716400E-010 -0.64328523616451661     
  -5.9861864455098832E-008  -3.1457153591177647E-008   2.2128804309706241E-008  -1.2630476828378345E-009   6.9092113517659655E-014   4.8418506900060903E-015  -7.5529472281287157E-015  -5.2447894483859505E-014   3.6079193357769868E-015  -1.6644218660197414E-014  -1.1679948169415250E-007  -6.1108312440865112E-008   4.2658272785072432E-008  -2.6745093376602266E-009  -1.6211098852991476E-016  -2.8440601584171582E-016  -2.2179617067175125E-016   1.0538794580405892E-016  -1.1249779573455795E-016   1.1210462168994646E-016   1.0825807748913855E-016   7.1385701148991437E-017   1.3915989025888450E-016   1.1210935669664491E-016   6.6069813690499207E-014   1.1282608698357353E-014  -8.6674219790282665E-015  -4.5753620109694680E-014   6.2510447912647782E-015  -2.0316192885653087E-014   2.3105576906863059E-008   2.1077982696809986E-008  -2.5738547294238948E-008   3.7152732653822882E-009   1.7166353149448204E-014   3.1817288500516506E-015  -1.2242549249320077E-015  -1.1810840950977248E-014   1.4006690430888422E-015  -5.3555118510816046E-015  -9.5864447183072086E-010
  -2.4608161902918659E-008   3.7178713282777033E-009  -1.5291378341958056E-008   7.5260462933774319E-010   1.6711730348953555E-014   6.1324342586784167E-015  -1.3933738968575307E-014   3.6042681754288658E-015  -2.5534292877332164E-015  -2.0315998685871410E-014  -4.7118367883039378E-008   6.3178439441787005E-009  -2.9599279366054379E-008   1.6303541678997487E-009  -1.4422345680627607E-017   9.8349136036084970E-018  -1.7374578814309835E-016   7.7442803759277024E-017   2.8083119502931272E-017  -5.8094233420102955E-017   7.8613093952919622E-017   1.0043429967535211E-016  -1.1530539453979749E-016   5.4643168365307100E-017   1.5163995202061983E-014   6.9414585212143946E-015  -1.0325489145867361E-014   1.2736397098762040E-015  -2.4028360686154940E-015  -1.6437635496334205E-014   3.9218709499587270E-008  -3.2497054547760259E-008   1.3748251413782041E-008  -1.2201654143223628E-009   3.1817288500516506E-015   3.4765050200228169E-015  -3.3871046602903857E-015   7.0485487640996089E-016  -6.4937365318216862E-016  -3.8865839510848441E-015   2.9595373973486236E-010
   1.5749469256575850E-008   1.4833811546584516E-008   4.6050641255481894E-008  -5.7231981545621973E-010  -6.0139694146290463E-015  -8.2958087363658113E-015   3.5354878085989084E-014  -1.8158645688944789E-014  -1.5251133202815075E-014   2.4172615300852401E-014   3.0725990897790778E-008   2.8719494898693936E-008   8.8217298261022054E-008  -1.2127363292164162E-009  -1.3482290068064118E-016   5.0081883436271606E-017   2.1741935225639421E-016  -1.4302120459759193E-016   2.8739420217389012E-017   3.2390571605235746E-016  -2.4177093681739191E-016  -3.3411189587124128E-016   2.7428929919499692E-016   8.6977548477484027E-017  -8.3188333233578509E-015  -1.1367641590060985E-014   2.3104311822163016E-014  -1.0200225449727768E-014  -4.6789761722266428E-015   1.8519059481406260E-014  -6.1977687600577588E-009  -1.3140669973753303E-008  -7.1998230554316805E-008   1.6603353155016966E-009  -1.2242549249320077E-015  -3.3871046602903857E-015   9.2500570232510086E-015  -3.5946286753494828E-015  -2.7103991385959824E-015   4.8188838826813848E-015  -4.2892180125079067E-010
