   1.2086975350753764E-030  -2.8806897185093928E-031  -1.5344162252128455E-031   2.6077269280766337E-030   9.1895316764255187E-032   2.5688465075487075E-030  -3.7337314712285639E-032   2.3972048366367718E-031   7.4538295532615120E-031   7.3927371163209168E-016  -2.7164164487699073E-031  -7.2652121745221645E-031  -6.5460482573386919E-031   3.0252432659072228E-016  -1.8046145536824819E-031  -4.8176006144213940E-032  -1.0761250261109129E-031   2.1823587735005712E-031  -1.0737657531867516E-031   8.8702514526646174E-032   1.6542988452724779E-031  -1.8656031398725407E-031  -8.7650315585312297E-033   3.4831250709297799E-031   4.1992160344060714E-030   1.2774610251214167E-031  -4.0366370670407553E-032   5.1201585679116877E-030   6.6971370068513292E-032   4.5865875137246726E-030   2.4997448745700690E-031   2.3162338813338130E-032  -2.8713120330174846E-031   1.2839479558912051E-030   1.9829291720968209E-031   1.5549344441743940E-030   9.8625605521890111E-016
  -2.8806897185093928E-031   7.8202217936730148E-032   1.1021257513148822E-031  -5.7942878585303286E-031  -4.6043666387696777E-033  -6.0444394226283636E-031  -1.3388024897101659E-032  -9.3636670126342516E-032  -1.4471052197226930E-031  -9.4089145300638845E-017   6.4625258950684767E-032   2.0198791958098583E-031   1.5257395922317683E-031  -4.2533081428068781E-017   4.1559646541154198E-032   1.3286266815645267E-032   3.0763588065323583E-032  -7.1044230227080358E-032   3.3746837385439015E-032  -3.1478899064714578E-032  -3.8633671144778054E-032   5.3907870289116946E-032   2.3516612683931595E-033  -1.1203928416500358E-031  -4.1275137098198665E-031  -3.6494906786069414E-032  -5.8535708944434588E-033  -8.8450213200130523E-031  -2.5935279987038862E-032  -7.1319969275846524E-031   1.5784238411565155E-031  -5.6093710112739728E-033   8.7949667009030974E-032  -1.2900219282419227E-031  -6.0324916056951398E-032  -2.1271209617210471E-031  -3.4587347377159137E-016
  -1.5344162252128455E-031   1.1021257513148822E-031   5.8755544809241610E-031  -6.5125627024989915E-033   1.2176250533129199E-031  -2.6602246006229827E-031  -1.6717784495954057E-031  -3.1202223959929856E-031   1.5944657288366473E-031   5.3948079690661705E-016   3.3596354834296126E-032   3.1467003884642966E-031   5.6579747298158619E-032   1.8967759807932056E-016   1.1725954930318188E-032   2.0035461929173354E-032   5.3127958122352370E-032  -1.7451675011301806E-031   7.6544359558314320E-032  -9.1010574147801152E-032  -1.4881930328019672E-032   9.6541124677147574E-032   3.1390825360678391E-033  -2.6812191256257594E-031   4.0030863785490841E-030  -6.2880029523622287E-032  -1.1424179238084748E-031   1.9402370195998628E-030  -8.5440629909125001E-032   2.3484384006578003E-030   1.6454221415526552E-030  -3.6276385375753444E-033   1.8700882433592503E-031   1.2023823718157933E-030  -1.2596129504297762E-031   1.0204468925214413E-030  -9.8005429598518278E-016
   2.6077269280766337E-030  -5.7942878585303286E-031  -6.5125627024989915E-033   5.8114893051656080E-030   2.7448677552812902E-031   5.5765324403419220E-030  -1.7876793030113866E-031   3.5632142510334547E-031   1.7532871949881721E-030   1.9567710900960113E-015  -5.8656559860145904E-031  -1.4403704545906309E-030  -1.4274403317357608E-030   7.8298655688971290E-016  -3.9572872682690369E-031  -9.5986163485704189E-032  -2.0962385443018094E-031   3.8696560928790811E-031  -1.9572032379934836E-031   1.4581300375545264E-031   3.6040548803630895E-031  -3.6087558533942023E-031  -1.7752641523583609E-032   6.2356030657539054E-031   1.1651116647090570E-029   2.4895041633169606E-031  -1.5528118235991875E-031   1.2526338238485139E-029   1.0053474829952622E-031   1.1569678033890823E-029   1.4974443599845403E-030   4.9579415325598382E-032  -5.3346510377772083E-031   3.5500952631898340E-030   3.7023192342929060E-031   4.0504561045402934E-030   1.6394536715474802E-015
   9.1895316764255187E-032  -4.6043666387696777E-033   1.2176250533129199E-031   2.7448677552812902E-031   3.8326002982924904E-032   2.0941838635089549E-031  -4.3218325301373326E-032  -4.7913682379927723E-032   1.1634594071937370E-031   2.0496083897972729E-016  -2.0861041935419408E-032  -2.9901263379791360E-033  -5.5997726406919628E-032   7.6571893155025201E-017  -1.6346887262340378E-032  -3.9333679500779296E-034   1.0882581740855173E-033  -1.7890771110438922E-032   6.6132187276649247E-033  -1.1987576047418438E-032   1.4014593576621217E-032   2.9287607520414149E-033  -1.9043981445221038E-034  -2.6108489689279466E-032   1.3847039654445637E-030  -1.2477484806510531E-033  -3.1105443405766376E-032   9.9766453166435011E-031  -1.2979466891979675E-032   1.0370657510734906E-030   4.1293154043609369E-031   1.5995806194037096E-033   1.3532612437024235E-032   4.1831295872417355E-031  -8.5970559386279491E-033   4.0426311440013934E-031  -1.2580195506329377E-016
   2.5688465075487075E-030  -6.0444394226283636E-031  -2.6602246006229827E-031   5.5765324403419220E-030   2.0941838635089549E-031   5.4659285756654254E-030  -9.7537327036198864E-032   4.7969358202379139E-031   1.6110373352024855E-030   1.6381687369696161E-015  -5.7741428040216726E-031  -1.5205483792246131E-030  -1.3940377284558785E-030   6.6708035872319808E-016  -3.8471786293009469E-031  -1.0091620909098060E-031  -2.2453447207518880E-031   4.4828822007251563E-031  -2.2155306088166023E-031   1.8008416772865253E-031   3.5223558846824391E-031  -3.8879050089445770E-031  -1.8413996819331627E-032   7.1658597149439815E-031   9.4044043275120517E-030   2.6656327939534764E-031  -9.8416443700666481E-032   1.1155856779224732E-029   1.3419628869879747E-031   1.0057869621446845E-029   7.0866918430059019E-031   4.9154259751784262E-032  -5.9431532791912651E-031   2.8731965480073003E-030   4.1077149583344750E-031   3.4335193288736158E-030   2.0056710262512978E-015
  -3.7337314712285639E-032  -1.3388024897101659E-032  -1.6717784495954057E-031  -1.7876793030113866E-031  -4.3218325301373326E-032  -9.7537327036198864E-032   5.3181074538521086E-032   7.7812948188496282E-032  -9.9915254490254236E-032  -2.1450211591812360E-016   8.6598876899719024E-033  -4.4874603734194434E-032   2.8247170635525511E-032  -7.8370041653391996E-017   8.9589533580433247E-033  -2.7243309721810342E-033  -8.6196775656678608E-033   3.7688545987241563E-032  -1.5722567634651330E-032   2.1394778008381464E-032  -6.9620336133823494E-033  -1.6286074104892281E-032  -3.4248971730959676E-034   5.7000931053311975E-032  -1.5025028964140213E-030   1.0175521691389241E-032   3.7370903899643998E-032  -9.4204948801970675E-031   2.1215301001774776E-032  -1.0286027869394226E-030  -5.1528186663383902E-031  -5.0752026356504771E-034  -3.6693976560116972E-032  -4.5286774753554141E-031   2.4376366751366709E-032  -4.1659015107866343E-031   2.2823881762451041E-016
   2.3972048366367718E-031  -9.3636670126342516E-032  -3.1202223959929856E-031   3.5632142510334547E-031  -4.7913682379927723E-032   4.7969358202379139E-031   7.7812948188496282E-032   1.8712535044051542E-031   2.1890647660635175E-032  -1.6731603076264319E-016  -5.3434410150923454E-032  -2.5435196283367635E-031  -1.1668130644959662E-031  -5.3058837541040845E-017  -3.0247412241099985E-032  -1.6454554466362511E-032  -4.0906061296327802E-032   1.1605607043658474E-031  -5.2481410989599796E-032   5.7123662719425104E-032   2.9776485291393404E-032  -7.3115313802802032E-032  -2.7428230889674880E-033   1.8006801269022293E-031  -1.4157080163634323E-030   4.8466216750315144E-032   5.1162891380682036E-032  -2.6847447217884867E-031   5.1420237435599833E-032  -5.4306309264926359E-031  -7.8177341122227049E-031   4.9344297544891835E-033  -1.3157688835082950E-031  -4.2215989521715762E-031   8.9287247625260318E-032  -2.9528385499182454E-031   6.1934561336903096E-016
   7.4538295532615120E-031  -1.4471052197226930E-031   1.5944657288366473E-031   1.7532871949881721E-030   1.1634594071937370E-031   1.6110373352024855E-030  -9.9915254490254236E-032   2.1890647660635175E-032   5.7329791217011365E-031   7.3915337162798337E-016  -1.6791387396270029E-031  -3.4854727374833253E-031  -4.1554498909174346E-031   2.8857109910822561E-016  -1.1628916487597991E-031  -2.3483782757216357E-032  -4.8711315127962096E-032   6.8920767042474934E-032  -3.8079473748288575E-032   1.9033244825025917E-032   1.0475449658172257E-031  -8.2463032964642027E-032  -4.4989482618907767E-033   1.1465739982828746E-031   4.6183792281732473E-030   5.7908889794477522E-032  -7.8279624999723938E-032   4.3159906637922304E-030   6.8893370081926622E-033   4.1392193842085542E-030   9.0426065331901480E-031   1.3976453640721377E-032  -1.0973195404855351E-031   1.4024515500612072E-030   7.7206341338835860E-032   1.5035797300735900E-030   2.2587610658370113E-016
   7.3927371163209168E-016  -9.4089145300638845E-017   5.3948079690661705E-016   1.9567710900960113E-015   2.0496083897972729E-016   1.6381687369696161E-015  -2.1450211591812360E-016  -1.6731603076264319E-016   7.3915337162798337E-016   1.1582400693868433       -1.6713372259496794E-016  -1.9637014007862976E-016  -4.2994225796126268E-016  0.43931422227406858       -1.2284319165875918E-016  -1.3947277419384955E-017  -2.1818621672515541E-017  -3.0196899688412891E-017   4.4652613849137620E-018  -3.4657706366679362E-017   1.0800354069917844E-016  -3.2878895597035022E-017  -3.1017960370041773E-018  -3.6585961945219215E-017   7.6255874881716340E-015   2.6110143266324603E-017  -1.5776677369134801E-016   6.0193988310013770E-015  -4.4814951234775234E-017   6.0726258326033887E-015   2.0226986084268936E-015   1.3400575202860382E-017  -7.7651900406479729E-018   2.3075137468539647E-015   8.9158044151340635E-018   2.3087755164547869E-015 -0.34982385147515987     
  -2.7164164487699073E-031   6.4625258950684767E-032   3.3596354834296126E-032  -5.8656559860145904E-031  -2.0861041935419408E-032  -5.7741428040216726E-031   8.6598876899719024E-033  -5.3434410150923454E-032  -1.6791387396270029E-031  -1.6713372259496794E-016   6.1049897774146032E-032   1.6293004917632594E-031   1.4715678176146141E-031  -6.8345582083374488E-017   4.0574233327255674E-032   1.0805275874357244E-032   2.4123049179504861E-032  -4.8816655328213544E-032   2.4033377126584025E-032  -1.9810266390694716E-032  -3.7188134957564007E-032   4.1813517735313475E-032   1.9666781388548119E-033  -7.7929459269953485E-032  -9.5081887206232597E-031  -2.8636608509286610E-032   9.2584896812175057E-033  -1.1547489302102771E-030  -1.4930822003075703E-032  -1.0353668260709390E-030  -5.8800682667849417E-032  -5.2044098770282873E-033   6.4294276192130511E-032  -2.9068763645537997E-031  -4.4406633207821856E-032  -3.5135828991173529E-031  -2.2031408497071258E-016
  -7.2652121745221645E-031   2.0198791958098583E-031   3.1467003884642966E-031  -1.4403704545906309E-030  -2.9901263379791360E-033  -1.5205483792246131E-030  -4.4874603734194434E-032  -2.5435196283367635E-031  -3.4854727374833253E-031  -1.9637014007862976E-016   1.6293004917632594E-031   5.2379569155527307E-031   3.8308368550170121E-031  -9.2531200814155979E-017   1.0409238279682349E-031   3.4407983187971445E-032   8.0137351782249147E-032  -1.8866346405046786E-031   8.9176347937867254E-032  -8.4544531211195527E-032  -9.7040211715660834E-032   1.4066588793477056E-031   6.0619282580087587E-033  -2.9703636270287436E-031  -7.4784378686806105E-031  -9.5056983803368025E-032  -2.2476488772519201E-032  -2.0633659282462833E-030  -7.0381643346700600E-032  -1.6093332733170875E-030   5.0646401138026615E-031  -1.4191462458929764E-032   2.3154170416962993E-031  -2.3711667777100201E-031  -1.5865483838643559E-031  -4.5777013092633978E-031  -9.2754769438189442E-016
  -6.5460482573386919E-031   1.5257395922317683E-031   5.6579747298158619E-032  -1.4274403317357608E-030  -5.5997726406919628E-032  -1.3940377284558785E-030   2.8247170635525511E-032  -1.1668130644959662E-031  -4.1554498909174346E-031  -4.2994225796126268E-016   1.4715678176146141E-031   3.8308368550170121E-031   3.5575816919163606E-031  -1.7448888494258358E-016   9.8256174608379927E-032   2.5441252959303954E-032   5.6438109294871109E-032  -1.1133789153844850E-031   5.5215729924677744E-032  -4.4316218840907473E-032  -8.9878971064586368E-032   9.7635688081832859E-032   4.6523515952419917E-033  -1.7818552888048757E-031  -2.4859794795163202E-030  -6.7006081455253067E-032   2.7434245394823768E-032  -2.8938951319230490E-030  -3.2678337563802462E-032  -2.6208192514267469E-030  -2.1367982419906682E-031  -1.2512145443283396E-032   1.4847524969806145E-031  -7.5910224036001788E-031  -1.0268585353644762E-031  -8.9897502462256246E-031  -4.9422605206801165E-016
   3.0252432659072228E-016  -4.2533081428068781E-017   1.8967759807932056E-016   7.8298655688971290E-016   7.6571893155025201E-017   6.6708035872319808E-016  -7.8370041653391996E-017  -5.3058837541040845E-017   2.8857109910822561E-016  0.43931422227406858       -6.8345582083374488E-017  -9.2531200814155979E-017  -1.7448888494258358E-016  0.16729367189264452       -4.9657681190021556E-017  -6.4692281415899125E-018  -1.1088386941504259E-017  -4.3228709794204523E-018  -1.6156359470850746E-018  -9.8182732880541054E-018   4.3862161520741012E-017  -1.7441761018402983E-017  -1.3802047420466315E-018  -2.7185436053171172E-018   2.8722894227328627E-015   1.3238363460566432E-017  -5.8028768360561228E-017   2.3214985112301365E-015  -1.4128646943826460E-017   2.3246480904176056E-015   7.3594340594046800E-016   5.5213688717675732E-018  -1.1416906983950623E-017   8.6955698578602428E-016   9.1641273967285565E-018   8.7814709718605299E-016  -9.6372839302206872E-002
  -1.8046145536824819E-031   4.1559646541154198E-032   1.1725954930318188E-032  -3.9572872682690369E-031  -1.6346887262340378E-032  -3.8471786293009469E-031   8.9589533580433247E-033  -3.0247412241099985E-032  -1.1628916487597991E-031  -1.2284319165875918E-016   4.0574233327255674E-032   1.0409238279682349E-031   9.8256174608379927E-032  -4.9657681190021556E-017   2.7163485634166473E-032   6.9187698210720149E-033   1.5289856257945360E-032  -2.9692972952763972E-032   1.4793062814739586E-032  -1.1673527441643283E-032  -2.4819541124606106E-032   2.6419615628352159E-032   1.2687486696754888E-033  -4.7596076822116949E-032  -7.1625286284386839E-031  -1.8154186541804813E-032   8.3766604171495722E-033  -8.1544373886858626E-031  -8.4843573747474026E-033  -7.4248275997223207E-031  -7.0338573568390353E-032  -3.4446641231706199E-033   3.9905467627512037E-032  -2.1857556940918645E-031  -2.7621472183062631E-032  -2.5613011936152686E-031  -1.3042165893229146E-016
  -4.8176006144213940E-032   1.3286266815645267E-032   2.0035461929173354E-032  -9.5986163485704189E-032  -3.9333679500779296E-034  -1.0091620909098060E-031  -2.7243309721810342E-033  -1.6454554466362511E-032  -2.3483782757216357E-032  -1.3947277419384955E-017   1.0805275874357244E-032   3.4407983187971445E-032   2.5441252959303954E-032  -6.4692281415899125E-018   6.9187698210720149E-033   2.2612623745106562E-033   5.2562534233656048E-033  -1.2295748357796662E-032   5.8213576544266709E-033  -5.4896055337932595E-033  -6.4437332354313961E-033   9.2211182673294584E-033   3.9900728945694722E-034  -1.9369310949018914E-032  -5.6221372505760339E-032  -6.2350620068697424E-033  -1.3159255553851293E-033  -1.4060956170518963E-031  -4.5545666929105052E-033  -1.1100014534012479E-031   3.1132050639910038E-032  -9.4003871717633625E-034   1.5133550895761814E-032  -1.7719386212706015E-032  -1.0373142941499328E-032  -3.2135351950314093E-032  -6.0256465319333606E-017
  -1.0761250261109129E-031   3.0763588065323583E-032   5.3127958122352370E-032  -2.0962385443018094E-031   1.0882581740855173E-033  -2.2453447207518880E-031  -8.6196775656678608E-033  -4.0906061296327802E-032  -4.8711315127962096E-032  -2.1818621672515541E-017   2.4123049179504861E-032   8.0137351782249147E-032   5.6438109294871109E-032  -1.1088386941504259E-017   1.5289856257945360E-032   5.2562534233656048E-033   1.2322864949220383E-032  -2.9629620383395044E-032   1.3930781655060422E-032  -1.3437926876016853E-032  -1.4303401124869431E-032   2.1671543703429885E-032   9.2114801761397629E-034  -4.6566511744771831E-032  -5.8716059390412540E-032  -1.4615343914296712E-032  -4.6990088306382248E-033  -2.7590211088984795E-031  -1.1307856283586556E-032  -2.0474367172190315E-031   9.4263758883375028E-032  -2.1099292117385660E-033   3.6023742612627299E-032  -1.9453413456079182E-032  -2.4656590413252820E-032  -5.3829685965193083E-032  -1.4719842929806096E-016
   2.1823587735005712E-031  -7.1044230227080358E-032  -1.7451675011301806E-031   3.8696560928790811E-031  -1.7890771110438922E-032   4.4828822007251563E-031   3.7688545987241563E-032   1.1605607043658474E-031   6.8920767042474934E-032  -3.0196899688412891E-017  -4.8816655328213544E-032  -1.8866346405046786E-031  -1.1133789153844850E-031  -4.3228709794204523E-018  -2.9692972952763972E-032  -1.2295748357796662E-032  -2.9629620383395044E-032   7.7345237317111589E-032  -3.5646436277957315E-032   3.6626019733341099E-032   2.8287733009525760E-032  -5.2513467804995070E-032  -2.1062589633757011E-033   1.2075467624538341E-031  -4.1412767598461527E-031   3.5124588984385721E-032   2.3560359092944253E-032   2.5505573153219842E-031   3.1975837486669937E-032   7.0727983680182560E-032  -3.8830572454343605E-031   4.3596718122975964E-033  -9.0752699284464210E-032  -1.2104173099014067E-031   6.1850190445620850E-032  -3.3985498776874177E-032   3.9899853753961082E-016
  -1.0737657531867516E-031   3.3746837385439015E-032   7.6544359558314320E-032  -1.9572032379934836E-031   6.6132187276649247E-033  -2.2155306088166023E-031  -1.5722567634651330E-032  -5.2481410989599796E-032  -3.8079473748288575E-032   4.4652613849137620E-018   2.4033377126584025E-032   8.9176347937867254E-032   5.5215729924677744E-032  -1.6156359470850746E-018   1.4793062814739586E-032   5.8213576544266709E-033   1.3930781655060422E-032  -3.5646436277957315E-032   1.6506451328223205E-032  -1.6712152817790402E-032  -1.4018557734284075E-032   2.4642201413233427E-032   1.0030724330907480E-033  -5.5739782971974373E-032   1.2932594579631135E-031  -1.6516339268912638E-032  -9.6335186217195271E-033  -1.6799549715391150E-031  -1.4470295759693651E-032  -8.2889085754502029E-032   1.6353420935874964E-031  -2.1337722542447857E-033   4.2181718510321402E-032   3.7150730028027705E-032  -2.8777750202790796E-032  -3.2618673638227937E-033  -1.8228839773854031E-016
   8.8702514526646174E-032  -3.1478899064714578E-032  -9.1010574147801152E-032   1.4581300375545264E-031  -1.1987576047418438E-032   1.8008416772865253E-031   2.1394778008381464E-032   5.7123662719425104E-032   1.9033244825025917E-032  -3.4657706366679362E-017  -1.9810266390694716E-032  -8.4544531211195527E-032  -4.4316218840907473E-032  -9.8182732880541054E-018  -1.1673527441643283E-032  -5.4896055337932595E-033  -1.3437926876016853E-032   3.6626019733341099E-032  -1.6712152817790402E-032   1.7705380092298531E-032   1.1281350801436827E-032  -2.3919275087600041E-032  -9.2771355725852473E-034   5.6994602546011106E-032  -3.2864728549484056E-031   1.5925707760629852E-032   1.3794986611483484E-032   1.2120222547729187E-032   1.5715943574342361E-032  -7.4833496792528624E-032  -2.1710438774341801E-031   1.7962884864690886E-033  -4.2207911187899802E-032  -9.7454911970736715E-032   2.8701379384437475E-032  -5.6856310943577843E-032   1.9238737985939731E-016
   1.6542988452724779E-031  -3.8633671144778054E-032  -1.4881930328019672E-032   3.6040548803630895E-031   1.4014593576621217E-032   3.5223558846824391E-031  -6.9620336133823494E-033   2.9776485291393404E-032   1.0475449658172257E-031   1.0800354069917844E-016  -3.7188134957564007E-032  -9.7040211715660834E-032  -8.9878971064586368E-032   4.3862161520741012E-017  -2.4819541124606106E-032  -6.4437332354313961E-033  -1.4303401124869431E-032   2.8287733009525760E-032  -1.4018557734284075E-032   1.1281350801436827E-032   2.2707677407309402E-032  -2.4749020156798889E-032  -1.1778096962213685E-033   4.5260431531197695E-032   6.2359233811705295E-031   1.6981497676058201E-032  -6.8105492186611170E-033   7.2867756692106574E-031   8.3373719414089259E-033   6.5931703749016248E-031   5.2278590167932183E-032   3.1627396840710656E-033  -3.7676827431446395E-032   1.9043631443698875E-031   2.6053960814589881E-032   2.2593604646820229E-031   1.2577710747295006E-016
  -1.8656031398725407E-031   5.3907870289116946E-032   9.6541124677147574E-032  -3.6087558533942023E-031   2.9287607520414149E-033  -3.8879050089445770E-031  -1.6286074104892281E-032  -7.3115313802802032E-032  -8.2463032964642027E-032  -3.2878895597035022E-017   4.1813517735313475E-032   1.4066588793477056E-031   9.7635688081832859E-032  -1.7441761018402983E-017   2.6419615628352159E-032   9.2211182673294584E-033   2.1671543703429885E-032  -5.2513467804995070E-032   2.4642201413233427E-032  -2.3919275087600041E-032  -2.4749020156798889E-032   3.8139492894098594E-032   1.6127570211021912E-033  -8.2477896237416859E-032  -6.6362871648983331E-032  -2.5702059602321588E-032  -9.0786373296175941E-033  -4.5808169092002231E-031  -2.0204563164720861E-032  -3.3206009498517017E-031   1.7651770614510257E-031  -3.6632050756813362E-033   6.3627770209051676E-032  -2.3060953686087370E-032  -4.3532609812111183E-032  -8.3809002512481240E-032  -2.6186437296511903E-016
  -8.7650315585312297E-033   2.3516612683931595E-033   3.1390825360678391E-033  -1.7752641523583609E-032  -1.9043981445221038E-034  -1.8413996819331627E-032  -3.4248971730959676E-034  -2.7428230889674880E-033  -4.4989482618907767E-033  -3.1017960370041773E-018   1.9666781388548119E-033   6.0619282580087587E-033   4.6523515952419917E-033  -1.3802047420466315E-018   1.2687486696754888E-033   3.9900728945694722E-034   9.2114801761397629E-034  -2.1062589633757011E-033   1.0030724330907480E-033  -9.2771355725852473E-034  -1.1778096962213685E-033   1.6127570211021912E-033   7.0789079182694269E-035  -3.3245219369795725E-033  -1.4270250910406174E-032  -1.0928188390756912E-033  -1.3306805223730472E-034  -2.7889925503595252E-032  -7.6009938050545202E-034  -2.2806191756978386E-032   4.1698444756620730E-033  -1.7041619774646725E-034   2.6192247874451822E-033  -4.4402962940650528E-033  -1.7974690579120373E-033  -6.9316593289206351E-033  -1.0201299428403551E-017
   3.4831250709297799E-031  -1.1203928416500358E-031  -2.6812191256257594E-031   6.2356030657539054E-031  -2.6108489689279466E-032   7.1658597149439815E-031   5.7000931053311975E-032   1.8006801269022293E-031   1.1465739982828746E-031  -3.6585961945219215E-017  -7.7929459269953485E-032  -2.9703636270287436E-031  -1.7818552888048757E-031  -2.7185436053171172E-018  -4.7596076822116949E-032  -1.9369310949018914E-032  -4.6566511744771831E-032   1.2075467624538341E-031  -5.5739782971974373E-032   5.6994602546011106E-032   4.5260431531197695E-032  -8.2477896237416859E-032  -3.3245219369795725E-033   1.8862458479827387E-031  -5.7781175943319949E-031   5.5204773490864437E-032   3.5415131667896201E-032   4.5455917197752181E-031   4.9624271955269261E-032   1.6660627446978136E-031  -5.8900675907119218E-031   6.9455995690964504E-033  -1.4208481377836105E-031  -1.6815870807598480E-031   9.6867658910094843E-032  -3.1918163439680380E-032   6.2114633045362699E-016
   4.1992160344060714E-030  -4.1275137098198665E-031   4.0030863785490841E-030   1.1651116647090570E-029   1.3847039654445637E-030   9.4044043275120517E-030  -1.5025028964140213E-030  -1.4157080163634323E-030   4.6183792281732473E-030   7.6255874881716340E-015  -9.5081887206232597E-031  -7.4784378686806105E-031  -2.4859794795163202E-030   2.8722894227328627E-015  -7.1625286284386839E-031  -5.6221372505760339E-032  -5.8716059390412540E-032  -4.1412767598461527E-031   1.2932594579631135E-031  -3.2864728549484056E-031   6.2359233811705295E-031  -6.6362871648983331E-032  -1.4270250910406174E-032  -5.7781175943319949E-031   5.0810701905716578E-029   7.1201255494781189E-032  -1.0933952009227636E-030   3.8471628818382931E-029  -3.8169690453797423E-031   3.9336579538982794E-029   1.4260773969002904E-029   7.4982201752650355E-032   2.0468584988215543E-031   1.5363371228249290E-029  -1.1590693527241397E-031   1.5126741474419614E-029  -3.3996870150777931E-015
   1.2774610251214167E-031  -3.6494906786069414E-032  -6.2880029523622287E-032   2.4895041633169606E-031  -1.2477484806510531E-033   2.6656327939534764E-031   1.0175521691389241E-032   4.8466216750315144E-032   5.7908889794477522E-032   2.6110143266324603E-017  -2.8636608509286610E-032  -9.5056983803368025E-032  -6.7006081455253067E-032   1.3238363460566432E-017  -1.8154186541804813E-032  -6.2350620068697424E-033  -1.4615343914296712E-032   3.5124588984385721E-032  -1.6516339268912638E-032   1.5925707760629852E-032   1.6981497676058201E-032  -2.5702059602321588E-032  -1.0928188390756912E-033   5.5204773490864437E-032   7.1201255494781189E-032   1.7334351516191609E-032   5.5386965369030012E-033   3.2837801628144548E-031   1.3398044282968545E-032   2.4401886446819897E-031  -1.1134537393947228E-031   2.5044560358349347E-033  -4.2713771395739534E-032   2.3544458175521993E-032   2.9236354352006291E-032   6.4303528285608618E-032   1.7445565755774171E-016
  -4.0366370670407553E-032  -5.8535708944434588E-033  -1.1424179238084748E-031  -1.5528118235991875E-031  -3.1105443405766376E-032  -9.8416443700666481E-032   3.7370903899643998E-032   5.1162891380682036E-032  -7.8279624999723938E-032  -1.5776677369134801E-016   9.2584896812175057E-033  -2.2476488772519201E-032   2.7434245394823768E-032  -5.8028768360561228E-017   8.3766604171495722E-033  -1.3159255553851293E-033  -4.6990088306382248E-033   2.3560359092944253E-032  -9.6335186217195271E-033   1.3794986611483484E-032  -6.8105492186611170E-033  -9.0786373296175941E-033  -1.3306805223730472E-034   3.5415131667896201E-032  -1.0933952009227636E-030   5.5386965369030012E-033   2.6429752194532663E-032  -7.1526421989062194E-031   1.3930028924567482E-032  -7.6898461898513178E-031  -3.6075823644795232E-031  -6.2914022468207919E-034  -2.2046604168203888E-032  -3.2977731017102742E-031   1.4555714795378425E-032  -3.0782690075207102E-031   1.4668677173788381E-016
   5.1201585679116877E-030  -8.8450213200130523E-031   1.9402370195998628E-030   1.2526338238485139E-029   9.9766453166435011E-031   1.1155856779224732E-029  -9.4204948801970675E-031  -2.6847447217884867E-031   4.3159906637922304E-030   6.0193988310013770E-015  -1.1547489302102771E-030  -2.0633659282462833E-030  -2.8938951319230490E-030   2.3214985112301365E-015  -8.1544373886858626E-031  -1.4060956170518963E-031  -2.7590211088984795E-031   2.5505573153219842E-031  -1.6799549715391150E-031   1.2120222547729187E-032   7.2867756692106574E-031  -4.5808169092002231E-031  -2.7889925503595252E-032   4.5455917197752181E-031   3.8471628818382931E-029   3.2837801628144548E-031  -7.1526421989062194E-031   3.3500031403010881E-029  -6.7116798652778152E-032   3.2792178154147785E-029   8.7061628782116498E-030   9.4984365563291857E-032  -5.2982267440543938E-031   1.1664569839915737E-029   3.8042766622000151E-031   1.2139789463140717E-029   2.8005145590985621E-016
   6.6971370068513292E-032  -2.5935279987038862E-032  -8.5440629909125001E-032   1.0053474829952622E-031  -1.2979466891979675E-032   1.3419628869879747E-031   2.1215301001774776E-032   5.1420237435599833E-032   6.8893370081926622E-033  -4.4814951234775234E-017  -1.4930822003075703E-032  -7.0381643346700600E-032  -3.2678337563802462E-032  -1.4128646943826460E-017  -8.4843573747474026E-033  -4.5545666929105052E-033  -1.1307856283586556E-032   3.1975837486669937E-032  -1.4470295759693651E-032   1.5715943574342361E-032   8.3373719414089259E-033  -2.0204563164720861E-032  -7.6009938050545202E-034   4.9624271955269261E-032  -3.8169690453797423E-031   1.3398044282968545E-032   1.3930028924567482E-032  -6.7116798652778152E-032   1.4131122587056249E-032  -1.4279260533396986E-031  -2.1329898656141278E-031   1.3764524802925473E-033  -3.6300524007746892E-032  -1.1378218595224493E-031   2.4637507318514130E-032  -7.8785742838592775E-032   1.7042513149835713E-016
   4.5865875137246726E-030  -7.1319969275846524E-031   2.3484384006578003E-030   1.1569678033890823E-029   1.0370657510734906E-030   1.0057869621446845E-029  -1.0286027869394226E-030  -5.4306309264926359E-031   4.1392193842085542E-030   6.0726258326033887E-015  -1.0353668260709390E-030  -1.6093332733170875E-030  -2.6208192514267469E-030   2.3246480904176056E-015  -7.4248275997223207E-031  -1.1100014534012479E-031  -2.0474367172190315E-031   7.0727983680182560E-032  -8.2889085754502029E-032  -7.4833496792528624E-032   6.5931703749016248E-031  -3.3206009498517017E-031  -2.2806191756978386E-032   1.6660627446978136E-031   3.9336579538982794E-029   2.4401886446819897E-031  -7.6898461898513178E-031   3.2792178154147785E-029  -1.4279260533396986E-031   3.2523917656336161E-029   9.6009845560351707E-030   8.4347636494836069E-032  -3.1283650060607147E-031   1.1916092421646395E-029   2.3248704172233199E-031   1.2183265103147576E-029  -6.6766298603663683E-016
   2.4997448745700690E-031   1.5784238411565155E-031   1.6454221415526552E-030   1.4974443599845403E-030   4.1293154043609369E-031   7.0866918430059019E-031  -5.1528186663383902E-031  -7.8177341122227049E-031   9.0426065331901480E-031   2.0226986084268936E-015  -5.8800682667849417E-032   5.0646401138026615E-031  -2.1367982419906682E-031   7.3594340594046800E-016  -7.0338573568390353E-032   3.1132050639910038E-032   9.4263758883375028E-032  -3.8830572454343605E-031   1.6353420935874964E-031  -2.1710438774341801E-031   5.2278590167932183E-032   1.7651770614510257E-031   4.1698444756620730E-033  -5.8900675907119218E-031   1.4260773969002904E-029  -1.1134537393947228E-031  -3.6075823644795232E-031   8.7061628782116498E-030  -2.1329898656141278E-031   9.6009845560351707E-030   5.0032363242932187E-030   2.7613425366991150E-033   3.8511661524295624E-031   4.2965972356156655E-030  -2.5655235931738107E-031   3.9170689959815177E-030  -2.3198425864762110E-015
   2.3162338813338130E-032  -5.6093710112739728E-033  -3.6276385375753444E-033   4.9579415325598382E-032   1.5995806194037096E-033   4.9154259751784262E-032  -5.0752026356504771E-034   4.9344297544891835E-033   1.3976453640721377E-032   1.3400575202860382E-017  -5.2044098770282873E-033  -1.4191462458929764E-032  -1.2512145443283396E-032   5.5213688717675732E-018  -3.4446641231706199E-033  -9.4003871717633625E-034  -2.1099292117385660E-033   4.3596718122975964E-033  -2.1337722542447857E-033   1.7962884864690886E-033   3.1627396840710656E-033  -3.6632050756813362E-033  -1.7041619774646725E-034   6.9455995690964504E-033   7.4982201752650355E-032   2.5044560358349347E-033  -6.2914022468207919E-034   9.4984365563291857E-032   1.3764524802925473E-033   8.4347636494836069E-032   2.7613425366991150E-033   4.4469257222968932E-034  -5.6844484727934557E-033   2.2952607639401126E-032   3.9218267129681977E-033   2.8324015991956369E-032   1.9933832995118549E-017
  -2.8713120330174846E-031   8.7949667009030974E-032   1.8700882433592503E-031  -5.3346510377772083E-031   1.3532612437024235E-032  -5.9431532791912651E-031  -3.6693976560116972E-032  -1.3157688835082950E-031  -1.0973195404855351E-031  -7.7651900406479729E-018   6.4294276192130511E-032   2.3154170416962993E-031   1.4847524969806145E-031  -1.1416906983950623E-017   3.9905467627512037E-032   1.5133550895761814E-032   3.6023742612627299E-032  -9.0752699284464210E-032   4.2181718510321402E-032  -4.2207911187899802E-032  -3.7676827431446395E-032   6.3627770209051676E-032   2.6192247874451822E-033  -1.4208481377836105E-031   2.0468584988215543E-031  -4.2713771395739534E-032  -2.2046604168203888E-032  -5.2982267440543938E-031  -3.6300524007746892E-032  -3.1283650060607147E-031   3.8511661524295624E-031  -5.6844484727934557E-033   1.0811187136215151E-031   5.6860600488424373E-032  -7.3817425344247969E-032  -4.6614621526117791E-032  -4.6085175966656039E-016
   1.2839479558912051E-030  -1.2900219282419227E-031   1.2023823718157933E-030   3.5500952631898340E-030   4.1831295872417355E-031   2.8731965480073003E-030  -4.5286774753554141E-031  -4.2215989521715762E-031   1.4024515500612072E-030   2.3075137468539647E-015  -2.9068763645537997E-031  -2.3711667777100201E-031  -7.5910224036001788E-031   8.6955698578602428E-016  -2.1857556940918645E-031  -1.7719386212706015E-032  -1.9453413456079182E-032  -1.2104173099014067E-031   3.7150730028027705E-032  -9.7454911970736715E-032   1.9043631443698875E-031  -2.3060953686087370E-032  -4.4402962940650528E-033  -1.6815870807598480E-031   1.5363371228249290E-029   2.3544458175521993E-032  -3.2977731017102742E-031   1.1664569839915737E-029  -1.1378218595224493E-031   1.1916092421646395E-029   4.2965972356156655E-030   2.2952607639401126E-032   5.6860600488424373E-032   4.6455794793346460E-030  -3.1607800474133133E-032   4.5788367843770098E-030  -1.0069849731947308E-015
   1.9829291720968209E-031  -6.0324916056951398E-032  -1.2596129504297762E-031   3.7023192342929060E-031  -8.5970559386279491E-033   4.1077149583344750E-031   2.4376366751366709E-032   8.9287247625260318E-032   7.7206341338835860E-032   8.9158044151340635E-018  -4.4406633207821856E-032  -1.5865483838643559E-031  -1.0268585353644762E-031   9.1641273967285565E-018  -2.7621472183062631E-032  -1.0373142941499328E-032  -2.4656590413252820E-032   6.1850190445620850E-032  -2.8777750202790796E-032   2.8701379384437475E-032   2.6053960814589881E-032  -4.3532609812111183E-032  -1.7974690579120373E-033   9.6867658910094843E-032  -1.1590693527241397E-031   2.9236354352006291E-032   1.4555714795378425E-032   3.8042766622000151E-031   2.4637507318514130E-032   2.3248704172233199E-031  -2.5655235931738107E-031   3.9218267129681977E-033  -7.3817425344247969E-032  -3.1607800474133133E-032   5.0412890107758561E-032   3.9024517499859770E-032   3.1346844140380281E-016
   1.5549344441743940E-030  -2.1271209617210471E-031   1.0204468925214413E-030   4.0504561045402934E-030   4.0426311440013934E-031   3.4335193288736158E-030  -4.1659015107866343E-031  -2.9528385499182454E-031   1.5035797300735900E-030   2.3087755164547869E-015  -3.5135828991173529E-031  -4.5777013092633978E-031  -8.9897502462256246E-031   8.7814709718605299E-016  -2.5613011936152686E-031  -3.2135351950314093E-032  -5.3829685965193083E-032  -3.3985498776874177E-032  -3.2618673638227937E-033  -5.6856310943577843E-032   2.2593604646820229E-031  -8.3809002512481240E-032  -6.9316593289206351E-033  -3.1918163439680380E-032   1.5126741474419614E-029   6.4303528285608618E-032  -3.0782690075207102E-031   1.2139789463140717E-029  -7.8785742838592775E-032   1.2183265103147576E-029   3.9170689959815177E-030   2.8324015991956369E-032  -4.6614621526117791E-032   4.5788367843770098E-030   3.9024517499859770E-032   4.6111644043318130E-030  -5.6385702917492209E-016
   9.8625605521890111E-016  -3.4587347377159137E-016  -9.8005429598518278E-016   1.6394536715474802E-015  -1.2580195506329377E-016   2.0056710262512978E-015   2.2823881762451041E-016   6.1934561336903096E-016   2.2587610658370113E-016 -0.34982385147515987       -2.2031408497071258E-016  -9.2754769438189442E-016  -4.9422605206801165E-016  -9.6372839302206872E-002  -1.3042165893229146E-016  -6.0256465319333606E-017  -1.4719842929806096E-016   3.9899853753961082E-016  -1.8228839773854031E-016   1.9238737985939731E-016   1.2577710747295006E-016  -2.6186437296511903E-016  -1.0201299428403551E-017   6.2114633045362699E-016  -3.3996870150777931E-015   1.7445565755774171E-016   1.4668677173788381E-016   2.8005145590985621E-016   1.7042513149835713E-016  -6.6766298603663683E-016  -2.3198425864762110E-015   1.9933832995118549E-017  -4.6085175966656039E-016  -1.0069849731947308E-015   3.1346844140380281E-016  -5.6385702917492209E-016   2.0911462229970663     
