   3.0455154385997881E-030   4.0900748359701140E-031  -2.7246007108492669E-031   1.8134427266967153E-030   1.5476473666373916E-032   4.5206087609674793E-030   4.5755677392715033E-017  -1.7157168470755291E-017   3.0970902172764303E-018   9.8865189482572254E-016   4.2788994925385354E-017  -1.6044741034606190E-017   2.8962827159797900E-018   8.9273759978184133E-016   7.8165594291728843E-030   1.2384099454171508E-032  -2.6332814987257779E-032   9.4327057322499704E-030   6.9020315718394921E-032   1.2468832278369894E-029   3.3574463375049392E-031   1.9086500645325334E-031   5.5162287444416938E-032   1.0500568157440902E-031   2.4874309501660483E-032   1.3832276806433609E-031  -3.0688347627770959E-031   1.8731547809777968E-031  -2.0640375919877528E-031  -1.5864413866874739E-031   1.3826167656226138E-031  -1.1900471176530100E-031   2.6814680014445956E-031  -1.1504383946774877E-030  -1.6244069839265070E-031  -1.6452950563151068E-030   1.3555643472011078E-015
   4.0900748359701140E-031   6.5155530068670272E-032  -1.4756115077410642E-032   4.1382371786172955E-031   2.0867921938011106E-033   8.9027771424135987E-031   2.4998675473421185E-017  -1.4755347984195146E-017  -1.8562243948975988E-017   1.7808163517130458E-016   2.3377824543886816E-017  -1.3798648517408814E-017  -1.7358714970373771E-017   1.5715777758886260E-016   2.0344438077795181E-030  -5.8145396367423883E-033  -1.7713996340358630E-032   2.0634045274329249E-030   1.6494405448155086E-032   2.6119791075092627E-030   1.5462076884101957E-031  -3.6190053172159274E-032  -8.9998252397800318E-032   7.4051185498865506E-032   1.9844258018527507E-033   7.3222366998350911E-032  -1.4660252341836082E-031  -7.9364292085417653E-032  -7.4069848306279079E-032  -2.2957885818817480E-031   1.9673309127615396E-031  -7.7934081338984135E-033   2.1242936451450372E-032   1.3388826190560012E-031  -2.0579161514463636E-032   4.2492033895533739E-032   8.2702677950650170E-017
  -2.7246007108492669E-031  -1.4756115077410642E-032   8.0822657306292232E-032   3.1887819904487843E-031   8.6430781922099703E-033   3.9165027464833185E-031   1.1663048415968346E-017  -3.4863978812707138E-017  -1.0112615808916064E-017   3.9370756612784939E-017   1.0906845836902557E-017  -3.2603486550790411E-017  -9.4569393611246269E-018   2.5436156564046647E-017   2.0044475313622006E-030  -1.7594658167483985E-032  -3.8821406222618932E-032   1.3393768180931362E-030   8.1621630011736706E-033   1.4648299015056173E-030   6.2935913182334398E-032  -2.0375714783994340E-031  -6.7702088616651957E-032   5.1529394244580791E-032  -5.2316950076631292E-033   3.9651646307661874E-032  -3.0226811732151392E-031  -9.5651180762424367E-032  -1.2370691801335779E-031  -9.5811259079863628E-032   4.6940514961219319E-031   3.2333252230392968E-032  -6.3728950821577284E-032   8.8973214641972148E-031   1.8731944388698945E-032   8.6069794152854814E-031  -3.9382887982296141E-016
   1.8134427266967153E-030   4.1382371786172955E-031   3.1887819904487843E-031   5.9715495760764604E-030   2.5770148128256382E-031   1.0590116238071549E-029   2.1885382448410823E-017   2.6066856545645610E-017   4.5774232601440842E-017   1.8828569869328080E-015   2.0466389569267971E-017   2.4376747455389211E-017   4.2806347061278025E-017   1.5993494824198436E-015   3.1593289487132551E-029  -1.1846169996217932E-031  -4.4826441740535369E-031   2.7399274358191553E-029   1.4189261898440554E-031   3.3249240770951190E-029   2.3200838935264504E-031   4.8031883219818235E-032   1.9749046814435703E-031   2.2338378910997405E-031  -1.1300436766593872E-032   2.0298106698352477E-031   3.5474649983740621E-031   1.4194940574926139E-031   1.3041808633639419E-031   5.3560372461697858E-031   4.8002291652794621E-030   1.3329478210843967E-031  -2.2715393433356442E-031   7.0513692717460889E-030  -5.7606841993280061E-032   6.0077088767896733E-030  -1.8828146444529824E-015
   1.5476473666373916E-032   2.0867921938011106E-033   8.6430781922099703E-033   2.5770148128256382E-031   5.3327463397653641E-032   3.5708730767419289E-031   1.7806863318024311E-017   6.6206827720876961E-017   7.0908891874121990E-017   6.4724429987211749E-017   1.6652311310187033E-017   6.1914144359833173E-017   6.6311338558603022E-017   5.3802273148598057E-017   1.2150005695028492E-030  -8.3218805718457950E-034  -2.4725396190526655E-032   9.8814662442866110E-031  -9.6328177386938996E-033   1.1922709633744228E-030   7.3591953801452083E-032   2.9239949554125838E-031   3.3944204172324494E-031   4.7120700356702967E-032   3.5683706796381530E-034   4.4878171612582810E-032   6.6054093628666556E-031   3.4405213597268344E-031   2.8173543733973141E-031   7.5976242124316627E-031   1.8203330907226217E-031   7.5438228196189896E-033  -1.4352345113431855E-032   3.1379671225987993E-031   2.3558630872907647E-033   2.7718949310134278E-031  -1.1680445207020465E-016
   4.5206087609674793E-030   8.9027771424135987E-031   3.9165027464833185E-031   1.0590116238071549E-029   3.5708730767419289E-031   1.9588762163440486E-029  -2.5617578723612670E-017  -7.6381362823880832E-017  -2.0674237478131676E-017   3.5694623950546363E-015  -2.3956599671718102E-017  -7.1428988324524537E-017  -1.9333772177503727E-017   3.0596425797147547E-015   5.5399983138364563E-029  -1.8924101052741175E-031  -7.3399123135137220E-031   4.9435789294393094E-029   2.8866146950544606E-031   6.0504185256185843E-029   1.3352124720270058E-031  -3.3124677997175266E-031  -1.0639924482582010E-031   1.9988475624742056E-031  -7.4871893369342338E-033   1.9442741781716968E-031  -6.9276962211437452E-031  -1.4417818793021618E-031  -3.6177335685913818E-031  -2.1003564060003518E-031   7.9146991391545063E-030   1.5522048077570361E-031  -2.3188471539216461E-031   1.0895771611307618E-029  -1.8012620919829078E-031   8.9405170672293129E-030  -2.3454878793088456E-015
   4.5755677392715033E-017   2.4998675473421185E-017   1.1663048415968346E-017   2.1885382448410823E-017   1.7806863318024311E-017  -2.5617578723612670E-017  0.22674547364774592       -7.2957771190172072E-018   2.0802338620481511E-016  -4.2137538825248978E-018  0.21204387027198413        1.9949319973733251E-017   2.6484913257021149E-016   2.2073723435025286E-016   2.6278380417015624E-017  -1.6096256405054600E-017   2.2188741737240527E-018   3.8911993786494109E-017  -3.2380398622003724E-018   3.5254515307817365E-017   1.2024746650322196E-015   3.3742446413878868E-017  -5.1358733157450808E-017   6.1048732266809953E-016   3.5173560035846916E-019   5.7098896674722595E-016   1.0294394996118923E-016  -4.4259309341724674E-017   1.6329698050254327E-017  -1.3867079555800155E-016  -2.1376723480235067E-017   3.1888675322372540E-018   1.9880858785157547E-018  -3.0476850658942791E-017   3.3132154079361492E-019  -1.6789004338160545E-017  -5.4709729204639471E-017
  -1.7157168470755291E-017  -1.4755347984195146E-017  -3.4863978812707138E-017   2.6066856545645610E-017   6.6206827720876961E-017  -7.6381362823880832E-017  -7.2957771190172072E-018  0.22674547364774356       -1.8288231895304442E-016  -7.2785456967164764E-016   4.4393561454230244E-017  0.21204387027198240       -1.7620995808320599E-016  -6.7194911805829586E-016  -1.1986341736711433E-017   1.1906115695909439E-017  -8.4749090822654425E-018  -6.1635624794366317E-018  -1.3816886618974873E-017   6.2608957637806925E-018   1.2333081972726662E-017   1.0341573294795067E-015   5.1665309101310709E-017   7.9528484616581136E-018   6.1630347719941909E-019   1.9953219223871540E-017   2.2205087490723636E-015   5.9604937095514710E-017   9.6247956205054758E-016   8.5131704372662239E-017  -2.7919939292435258E-017  -3.6549905452862376E-018   1.2536401901889402E-018  -3.0996158252032755E-017  -1.7650330203130473E-018  -2.8508859053803908E-017   3.3974926534428388E-016
   3.0970902172764303E-018  -1.8562243948975988E-017  -1.0112615808916064E-017   4.5774232601440842E-017   7.0908891874121990E-017  -2.0674237478131676E-017   2.0802338620481511E-016  -1.8288231895304442E-016  0.22674547364774472        2.2645649484962544E-016   1.6929478110182260E-016  -7.3667020111337983E-017  0.21204387027198318        3.2916493512722212E-016  -2.1264556692418429E-016   9.1146163700466240E-018  -8.0022735510486398E-018  -2.1429570775853593E-016  -3.4371942880211869E-017  -2.1764159079886995E-016  -9.0956038998133734E-017  -9.7826524113377031E-018   1.0564686713436648E-015  -3.6430033152000171E-017   4.0379903531578077E-018  -3.9326501655988976E-017  -1.1764707661488437E-017   1.0804457783375246E-015  -1.4675687911595495E-017   2.3646052643885102E-015  -8.6481774250630547E-017  -1.4685722988237548E-018   5.1035674026357403E-018  -8.2932558690076369E-017   6.1771660004214252E-018  -8.7325484318229384E-017   1.7139250081913278E-016
   9.8865189482572254E-016   1.7808163517130458E-016   3.9370756612784939E-017   1.8828569869328080E-015   6.4724429987211749E-017   3.5694623950546363E-015  -4.2137538825248978E-018  -7.2785456967164764E-016   2.2645649484962544E-016  0.66490341036558021       -8.3188824754424456E-016  -6.1750888614950667E-017  -2.4556960662040770E-016  0.57366150828334561        9.6969293957910844E-015  -2.9096413008850018E-017  -1.2279612321518058E-016   8.8550810153016061E-015   5.1544697820361030E-017   1.0915131009336450E-014   5.1200550907594713E-017   2.4860314613438448E-017   4.7738098895862804E-018   4.2446784651133005E-017   9.1571081151881967E-019   4.4916225359667318E-017  -2.3598272090409818E-018   1.0296285096717799E-017  -1.7297115905539070E-017  -9.8355103568103427E-018   1.3024508602011492E-015   1.5352338337620931E-017  -1.5708126701214240E-017   1.6837015316797474E-015  -4.2832008257744780E-017   1.3234438450656361E-015 -0.27199258081060024     
   4.2788994925385354E-017   2.3377824543886816E-017   1.0906845836902557E-017   2.0466389569267971E-017   1.6652311310187033E-017  -2.3956599671718102E-017  0.21204387027198413        4.4393561454230244E-017   1.6929478110182260E-016  -8.3188824754424456E-016  0.19829548169844585        6.6556460863454064E-017   2.2407183711212713E-016  -4.9052210082259659E-016   2.4574556653583347E-017  -1.5052615825620945E-017   2.0750079808604203E-018   3.6389038465671559E-017  -3.0280935422005500E-018   3.2968701646686079E-017   1.1245092471991416E-015   3.1554671477849370E-017  -4.8028762716958568E-017   5.7090486777093938E-016   3.2892995309938843E-019   5.3396748540954447E-016   9.6269324453053468E-017  -4.1389647596511518E-017   1.5270921704607382E-017  -1.2967973168670171E-016  -1.9990710762876777E-017   2.9821094218211395E-018   1.8591834153589169E-018  -2.8500808697349621E-017   3.0983948955690922E-019  -1.5700447733779115E-017   1.0571757702044575E-015
  -1.6044741034606190E-017  -1.3798648517408814E-017  -3.2603486550790411E-017   2.4376747455389211E-017   6.1914144359833173E-017  -7.1428988324524537E-017   1.9949319973733251E-017  0.21204387027198240       -7.3667020111337983E-017  -6.1750888614950667E-017   6.6556460863454064E-017  0.19829548169844471       -7.3739300256170259E-017  -9.3986057452941927E-017  -1.1209177635895751E-017   1.1134153248804017E-017  -7.9254173990636935E-018  -5.7639326676547548E-018  -1.2921034614997907E-017   5.8549551078855839E-018   1.1533436111458344E-017   9.6710518223460267E-016   4.8315461051538940E-017   7.4372058695045592E-018   5.7634391754371604E-019   1.8659502924358234E-017   2.0765365744745830E-015   5.5740303635282185E-017   9.0007482006868175E-016   7.9611979845179208E-017  -2.6109681000838005E-017  -3.4180101969047918E-018   1.1723573290337665E-018  -2.8986445698731768E-017  -1.6505927406800883E-018  -2.6660416693468685E-017   8.2904516163328618E-017
   2.8962827159797900E-018  -1.7358714970373771E-017  -9.4569393611246269E-018   4.2806347061278025E-017   6.6311338558603022E-017  -1.9333772177503727E-017   2.6484913257021149E-016  -1.7620995808320599E-016  0.21204387027198318       -2.4556960662040770E-016   2.2407183711212713E-016  -7.3739300256170259E-017  0.19829548169844516       -8.9769410863815841E-017  -1.9885816586060852E-016   8.5236476832678178E-018  -7.4834263610286669E-018  -2.0040131573425610E-016  -3.2143352984458406E-017  -2.0353026017551241E-016  -8.5058679335473779E-017  -9.1483699562098772E-018   9.8796991308778300E-016  -3.4068001885177064E-017   3.7761772653274294E-018  -3.6776670692656044E-017  -1.1001913753903397E-017   1.0103924050701451E-015  -1.3724153402563052E-017   2.2112902359646854E-015  -8.0874514604777909E-017  -1.3733537830200889E-018   4.7726649923341319E-018  -7.7555421209958513E-017   5.7766541707321199E-018  -8.1663520644206063E-017   2.1418802216547172E-016
   8.9273759978184133E-016   1.5715777758886260E-016   2.5436156564046647E-017   1.5993494824198436E-015   5.3802273148598057E-017   3.0596425797147547E-015   2.2073723435025286E-016  -6.7194911805829586E-016   3.2916493512722212E-016  0.57366150828334561       -4.9052210082259659E-016  -9.3986057452941927E-017  -8.9769410863815841E-017  0.49595025119309349        8.1984641784353713E-015  -2.3587739754852212E-017  -1.0200079689078694E-016   7.5449411561935999E-015   4.4279774612033115E-017   9.3216574563048680E-015   4.4660700146920060E-017   2.7176751429756102E-017   5.3357333716654893E-018   3.4584577644454774E-017   1.3853406356360289E-018   3.7694795968201741E-017  -5.9981476445990879E-018   1.3219500763375331E-017  -1.7742068889955557E-017  -1.2090420991657080E-017   1.0781219037339282E-015   9.6196848678170501E-018  -6.1568770094815292E-018   1.3599560517063742E-015  -3.9470278764070310E-017   1.0501079828113015E-015 -0.18995798280518714     
   7.8165594291728843E-030   2.0344438077795181E-030   2.0044475313622006E-030   3.1593289487132551E-029   1.2150005695028492E-030   5.5399983138364563E-029   2.6278380417015624E-017  -1.1986341736711433E-017  -2.1264556692418429E-016   9.6969293957910844E-015   2.4574556653583347E-017  -1.1209177635895751E-017  -1.9885816586060852E-016   8.1984641784353713E-015   1.6950234358883547E-028  -6.8725137155681925E-031  -2.4380327910003554E-030   1.4513141960065797E-028   8.1616052077872823E-031   1.7528379479984397E-028   8.8993421375873568E-031  -6.3072038610052160E-031  -1.1320437127898137E-030   1.0620568386706142E-030  -8.9331926370390049E-032   9.3280576707312959E-031   5.2948181338099500E-031  -1.5918320795372955E-030   1.8082334402481335E-031  -1.7826694762300942E-030   2.6651342572911812E-029   8.2828803672648004E-031  -1.4625107737700907E-030   4.0032835504207935E-029  -2.1229789866468498E-031   3.4622764092145781E-029  -1.1395379289552024E-014
   1.2384099454171508E-032  -5.8145396367423883E-033  -1.7594658167483985E-032  -1.1846169996217932E-031  -8.3218805718457950E-034  -1.8924101052741175E-031  -1.6096256405054600E-017   1.1906115695909439E-017   9.1146163700466240E-018  -2.9096413008850018E-017  -1.5052615825620945E-017   1.1134153248804017E-017   8.5236476832678178E-018  -2.3587739754852212E-017  -6.8725137155681925E-031   5.6828800446128097E-033   1.0370273944003391E-032  -5.4179105149192781E-031  -4.4206164193587510E-033  -6.3212523971091921E-031  -8.9880921397994108E-032   5.9023609657744226E-032   5.0444086188365990E-032  -4.9299917683327651E-032   1.0231852534422254E-033  -4.4619886990006225E-032   1.0297131884266935E-031   5.5761060992830145E-032   4.5315606960393428E-032   1.0438532091427906E-031  -1.2886629851008298E-031  -6.5917626303703295E-033   1.1918403168810228E-032  -2.1562004575016215E-031  -1.7700340839004678E-033  -1.9941223871698120E-031   7.9013908042562963E-017
  -2.6332814987257779E-032  -1.7713996340358630E-032  -3.8821406222618932E-032  -4.4826441740535369E-031  -2.4725396190526655E-032  -7.3399123135137220E-031   2.2188741737240527E-018  -8.4749090822654425E-018  -8.0022735510486398E-018  -1.2279612321518058E-016   2.0750079808604203E-018  -7.9254173990636935E-018  -7.4834263610286669E-018  -1.0200079689078694E-016  -2.4380327910003554E-030   1.0370273944003391E-032   3.8705962588980564E-032  -1.9982396078938949E-030  -8.5702226451508055E-033  -2.3815835209404263E-030   6.9592763371158120E-033  -2.0196415504743566E-032  -3.5846568556243850E-032  -8.8345115079363147E-033   1.9938946501422396E-033  -6.1970384848914609E-033  -9.6611600592546530E-032  -2.5757130535773665E-032  -4.3110624659522217E-032  -1.0025284665848965E-031  -4.1475703638666651E-031  -1.6777967969710171E-032   3.1579987516399418E-032  -6.6922895437650580E-031  -2.0653068876696933E-033  -5.9869932238751059E-031   2.2486382988151331E-016
   9.4327057322499704E-030   2.0634045274329249E-030   1.3393768180931362E-030   2.7399274358191553E-029   9.8814662442866110E-031   4.9435789294393094E-029   3.8911993786494109E-017  -6.1635624794366317E-018  -2.1429570775853593E-016   8.8550810153016061E-015   3.6389038465671559E-017  -5.7639326676547548E-018  -2.0040131573425610E-016   7.5449411561935999E-015   1.4513141960065797E-028  -5.4179105149192781E-031  -1.9982396078938949E-030   1.2707541290114981E-028   7.3679710373213258E-031   1.5457339647909253E-028   9.2813348734251360E-031  -2.2077328964124770E-031  -1.0595788680459582E-030   8.9592454287468080E-031  -4.7571966323789631E-032   8.3229649437694366E-031   3.0968891328060100E-031  -1.3010827162400850E-030   2.5271291291412858E-032  -2.0528140696108900E-030   2.1713845400245014E-029   5.4755874029612776E-031  -9.0937445883068390E-031   3.1216726859691375E-029  -3.3950790849884072E-031   2.6333783453551829E-029  -7.8279249856305321E-015
   6.9020315718394921E-032   1.6494405448155086E-032   8.1621630011736706E-033   1.4189261898440554E-031  -9.6328177386938996E-033   2.8866146950544606E-031  -3.2380398622003724E-018  -1.3816886618974873E-017  -3.4371942880211869E-017   5.1544697820361030E-017  -3.0280935422005500E-018  -1.2921034614997907E-017  -3.2143352984458406E-017   4.4279774612033115E-017   8.1616052077872823E-031  -4.4206164193587510E-033  -8.5702226451508055E-033   7.3679710373213258E-031   1.0130789784582586E-032   8.9642058650765103E-031  -2.5870162200835967E-034  -6.1175819963136092E-032  -1.6242392849951288E-031  -3.0887310405133196E-036  -6.9667669091045484E-034   2.7430454602751829E-034  -1.3442587719946233E-031  -1.6680760288620664E-031  -5.7463865684757042E-032  -3.6173195576655665E-031   1.2473878348798517E-031   2.2780764728197064E-033  -3.4997155817841215E-033   1.6301205897226884E-031  -3.6765133974186777E-033   1.3521836206743412E-031  -2.9570605374396000E-017
   1.2468832278369894E-029   2.6119791075092627E-030   1.4648299015056173E-030   3.3249240770951190E-029   1.1922709633744228E-030   6.0504185256185843E-029   3.5254515307817365E-017   6.2608957637806925E-018  -2.1764159079886995E-016   1.0915131009336450E-014   3.2968701646686079E-017   5.8549551078855839E-018  -2.0353026017551241E-016   9.3216574563048680E-015   1.7528379479984397E-028  -6.3212523971091921E-031  -2.3815835209404263E-030   1.5457339647909253E-028   8.9642058650765103E-031   1.8845516712514466E-028   1.0690793128891524E-030  -9.1122365326777666E-032  -1.0574915587825401E-030   1.0198566654907249E-030  -4.5144579381426496E-032   9.6459456551257673E-031   4.2508033300769218E-031  -1.2839004368329221E-030   2.6163030017309749E-032  -2.1089876109006939E-030   2.5778253758780518E-029   5.9719826991699357E-031  -9.6278033640113689E-031   3.6492204940476302E-029  -4.7080761863120118E-031   3.0492448216391286E-029  -8.6990399446004248E-015
   3.3574463375049392E-031   1.5462076884101957E-031   6.2935913182334398E-032   2.3200838935264504E-031   7.3591953801452083E-032   1.3352124720270058E-031   1.2024746650322196E-015   1.2333081972726662E-017  -9.0956038998133734E-017   5.1200550907594713E-017   1.1245092471991416E-015   1.1533436111458344E-017  -8.5058679335473779E-017   4.4660700146920060E-017   8.8993421375873568E-031  -8.9880921397994108E-032   6.9592763371158120E-033   9.2813348734251360E-031  -2.5870162200835967E-034   1.0690793128891524E-030   6.4182868020736691E-030   2.4378834261425330E-031  -6.9239039164714106E-031   3.2548649253389481E-030   6.3615213558089494E-034   3.0478739620968108E-030   6.6933891558028717E-031  -6.6200018906773203E-031   1.4214855751717611E-031  -1.6817910974253945E-030  -1.8501072508783144E-033   1.6738087604152010E-032   1.0914984376490570E-032  -4.5017239836432249E-032  -5.3263041872117317E-033   2.1964288949790915E-033   5.7967678170257717E-019
   1.9086500645325334E-031  -3.6190053172159274E-032  -2.0375714783994340E-031   4.8031883219818235E-032   2.9239949554125838E-031  -3.3124677997175266E-031   3.3742446413878868E-017   1.0341573294795067E-015  -9.7826524113377031E-018   2.4860314613438448E-017   3.1554671477849370E-017   9.6710518223460267E-016  -9.1483699562098772E-018   2.7176751429756102E-017  -6.3072038610052160E-031   5.9023609657744226E-032  -2.0196415504743566E-032  -2.2077328964124770E-031  -6.1175819963136092E-032  -9.1122365326777666E-032   2.4378834261425330E-031   4.7555204906486143E-030   1.8949717823241850E-031   1.1872285561226230E-031   6.0995793048739824E-033   1.7335081328115444E-031   1.0120724911942228E-029   2.4362817630442477E-031   4.3761774352459253E-030   2.4480894013336095E-031  -3.3671819726488557E-031  -3.6123330179651621E-032   4.7152553691752627E-032  -6.0513542148814186E-031  -2.4138467879671964E-032  -5.9951609129017911E-031   2.4341550749043101E-016
   5.5162287444416938E-032  -8.9998252397800318E-032  -6.7702088616651957E-032   1.9749046814435703E-031   3.3944204172324494E-031  -1.0639924482582010E-031  -5.1358733157450808E-017   5.1665309101310709E-017   1.0564686713436648E-015   4.7738098895862804E-018  -4.8028762716958568E-017   4.8315461051538940E-017   9.8796991308778300E-016   5.3357333716654893E-018  -1.1320437127898137E-030   5.0444086188365990E-032  -3.5846568556243850E-032  -1.0595788680459582E-030  -1.6242392849951288E-031  -1.0574915587825401E-030  -6.9239039164714106E-031   1.8949717823241850E-031   4.9472802056447520E-030  -3.0835355149998362E-031   1.9598797122938703E-032  -3.0896981102961009E-031   4.2303234496079335E-031   5.0629955345918172E-030   1.4370917530070078E-031   1.1063730174083077E-029  -4.5006123435905122E-031  -1.2656875566929612E-032   3.2413867472674244E-032  -4.8618513653860190E-031   2.4964457045548604E-032  -5.1060061128672600E-031   5.1926567423264482E-017
   1.0500568157440902E-031   7.4051185498865506E-032   5.1529394244580791E-032   2.2338378910997405E-031   4.7120700356702967E-032   1.9988475624742056E-031   6.1048732266809953E-016   7.9528484616581136E-018  -3.6430033152000171E-017   4.2446784651133005E-017   5.7090486777093938E-016   7.4372058695045592E-018  -3.4068001885177064E-017   3.4584577644454774E-017   1.0620568386706142E-030  -4.9299917683327651E-032  -8.8345115079363147E-033   8.9592454287468080E-031  -3.0887310405133196E-036   1.0198566654907249E-030   3.2548649253389481E-030   1.1872285561226230E-031  -3.0835355149998362E-031   1.6566222461930208E-030  -8.2263703082946547E-034   1.5493447829043976E-030   3.6478011279734517E-031  -2.9875300964089139E-031   8.4663743913247161E-032  -7.4363486379310204E-031   1.3050130257987965E-031   1.6988563449812934E-032  -1.1346414808753489E-032   2.2468017551291112E-031   2.1790558280814759E-033   2.3736482751358722E-031  -1.0756371995081955E-016
   2.4874309501660483E-032   1.9844258018527507E-033  -5.2316950076631292E-033  -1.1300436766593872E-032   3.5683706796381530E-034  -7.4871893369342338E-033   3.5173560035846916E-019   6.1630347719941909E-019   4.0379903531578077E-018   9.1571081151881967E-019   3.2892995309938843E-019   5.7634391754371604E-019   3.7761772653274294E-018   1.3853406356360289E-018  -8.9331926370390049E-032   1.0231852534422254E-033   1.9938946501422396E-033  -4.7571966323789631E-032  -6.9667669091045484E-034  -4.5144579381426496E-032   6.3615213558089494E-034   6.0995793048739824E-033   1.9598797122938703E-032  -8.2263703082946547E-034   4.2628671842497702E-034  -3.2201550508003122E-034   3.6468647152284030E-033   2.1904562584015011E-032   6.9480825428277876E-034   3.9988003543032597E-032  -2.6733896662742113E-032  -2.1473018762774075E-033   4.4351502065124877E-033  -5.3930771804429106E-032  -1.4362849577657686E-033  -5.3903640983958917E-032   2.5979934332736865E-017
   1.3832276806433609E-031   7.3222366998350911E-032   3.9651646307661874E-032   2.0298106698352477E-031   4.4878171612582810E-032   1.9442741781716968E-031   5.7098896674722595E-016   1.9953219223871540E-017  -3.9326501655988976E-017   4.4916225359667318E-017   5.3396748540954447E-016   1.8659502924358234E-017  -3.6776670692656044E-017   3.7694795968201741E-017   9.3280576707312959E-031  -4.4619886990006225E-032  -6.1970384848914609E-033   8.3229649437694366E-031   2.7430454602751829E-034   9.6459456551257673E-031   3.0478739620968108E-030   1.7335081328115444E-031  -3.0896981102961009E-031   1.5493447829043976E-030  -3.2201550508003122E-034   1.4505793955454926E-030   4.6066477880494991E-031  -2.9744586261621011E-031   1.3014692482310771E-031  -7.4871213574069754E-031   9.4456330676393354E-032   1.2798116762701176E-032  -4.5757799966586771E-033   1.4574007445929183E-031  -6.5061574264807844E-034   1.5583393100998499E-031  -6.5203072191444545E-017
  -3.0688347627770959E-031  -1.4660252341836082E-031  -3.0226811732151392E-031   3.5474649983740621E-031   6.6054093628666556E-031  -6.9276962211437452E-031   1.0294394996118923E-016   2.2205087490723636E-015  -1.1764707661488437E-017  -2.3598272090409818E-018   9.6269324453053468E-017   2.0765365744745830E-015  -1.1001913753903397E-017  -5.9981476445990879E-018   5.2948181338099500E-031   1.0297131884266935E-031  -9.6611600592546530E-032   3.0968891328060100E-031  -1.3442587719946233E-031   4.2508033300769218E-031   6.6933891558028717E-031   1.0120724911942228E-029   4.2303234496079335E-031   3.6478011279734517E-031   3.6468647152284030E-033   4.6066477880494991E-031   2.1808248169155737E-029   4.9050707485153193E-031   9.4448159891763684E-030   6.6222277138407805E-031  -1.0436042235718077E-031  -2.0098127886040786E-032  -1.6045115339977221E-032   4.4629445867854766E-032  -7.4322182183802558E-033   7.2891112941773099E-032  -1.7444622909855979E-016
   1.8731547809777968E-031  -7.9364292085417653E-032  -9.5651180762424367E-032   1.4194940574926139E-031   3.4405213597268344E-031  -1.4417818793021618E-031  -4.4259309341724674E-017   5.9604937095514710E-017   1.0804457783375246E-015   1.0296285096717799E-017  -4.1389647596511518E-017   5.5740303635282185E-017   1.0103924050701451E-015   1.3219500763375331E-017  -1.5918320795372955E-030   5.5761060992830145E-032  -2.5757130535773665E-032  -1.3010827162400850E-030  -1.6680760288620664E-031  -1.2839004368329221E-030  -6.6200018906773203E-031   2.4362817630442477E-031   5.0629955345918172E-030  -2.9875300964089139E-031   2.1904562584015011E-032  -2.9744586261621011E-031   4.9050707485153193E-031   5.1914259827146111E-030   1.6752148326966857E-031   1.1301198912874529E-029  -5.9086984001700936E-031  -2.3911567429225086E-032   5.5771068878153895E-032  -7.6931175448702312E-031   1.7439949899230438E-032  -7.9366323223677604E-031   1.8775651918626493E-016
  -2.0640375919877528E-031  -7.4069848306279079E-032  -1.2370691801335779E-031   1.3041808633639419E-031   2.8173543733973141E-031  -3.6177335685913818E-031   1.6329698050254327E-017   9.6247956205054758E-016  -1.4675687911595495E-017  -1.7297115905539070E-017   1.5270921704607382E-017   9.0007482006868175E-016  -1.3724153402563052E-017  -1.7742068889955557E-017   1.8082334402481335E-031   4.5315606960393428E-032  -4.3110624659522217E-032   2.5271291291412858E-032  -5.7463865684757042E-032   2.6163030017309749E-032   1.4214855751717611E-031   4.3761774352459253E-030   1.4370917530070078E-031   8.4663743913247161E-032   6.9480825428277876E-034   1.3014692482310771E-031   9.4448159891763684E-030   1.6752148326966857E-031   4.0959346591118498E-030   2.0864795047153563E-031  -2.1074302623596481E-032  -5.4695551290486035E-033  -1.5097938728158480E-032   8.6514938303566100E-032   2.6794092231729027E-034   1.0499944326420707E-031  -1.1770718624737473E-016
  -1.5864413866874739E-031  -2.2957885818817480E-031  -9.5811259079863628E-032   5.3560372461697858E-031   7.5976242124316627E-031  -2.1003564060003518E-031  -1.3867079555800155E-016   8.5131704372662239E-017   2.3646052643885102E-015  -9.8355103568103427E-018  -1.2967973168670171E-016   7.9611979845179208E-017   2.2112902359646854E-015  -1.2090420991657080E-017  -1.7826694762300942E-030   1.0438532091427906E-031  -1.0025284665848965E-031  -2.0528140696108900E-030  -3.6173195576655665E-031  -2.1089876109006939E-030  -1.6817910974253945E-030   2.4480894013336095E-031   1.1063730174083077E-029  -7.4363486379310204E-031   3.9988003543032597E-032  -7.4871213574069754E-031   6.6222277138407805E-031   1.1301198912874529E-029   2.0864795047153563E-031   2.4788963569499068E-029  -7.5579221638270025E-031  -5.9227089627859913E-033   2.6312425167015761E-032  -5.5189997291578446E-031   7.3166566197688583E-032  -6.0329232799426245E-031  -1.5555861500656390E-016
   1.3826167656226138E-031   1.9673309127615396E-031   4.6940514961219319E-031   4.8002291652794621E-030   1.8203330907226217E-031   7.9146991391545063E-030  -2.1376723480235067E-017  -2.7919939292435258E-017  -8.6481774250630547E-017   1.3024508602011492E-015  -1.9990710762876777E-017  -2.6109681000838005E-017  -8.0874514604777909E-017   1.0781219037339282E-015   2.6651342572911812E-029  -1.2886629851008298E-031  -4.1475703638666651E-031   2.1713845400245014E-029   1.2473878348798517E-031   2.5778253758780518E-029  -1.8501072508783144E-033  -3.3671819726488557E-031  -4.5006123435905122E-031   1.3050130257987965E-031  -2.6733896662742113E-032   9.4456330676393354E-032  -1.0436042235718077E-031  -5.9086984001700936E-031  -2.1074302623596481E-032  -7.5579221638270025E-031   4.6486433921612460E-030   1.9449995881210259E-031  -3.6698846174385471E-031   7.5219603775575135E-030   2.7527447637245412E-032   6.7724142928541763E-030  -2.5515494986341878E-015
  -1.1900471176530100E-031  -7.7934081338984135E-033   3.2333252230392968E-032   1.3329478210843967E-031   7.5438228196189896E-033   1.5522048077570361E-031   3.1888675322372540E-018  -3.6549905452862376E-018  -1.4685722988237548E-018   1.5352338337620931E-017   2.9821094218211395E-018  -3.4180101969047918E-018  -1.3733537830200889E-018   9.6196848678170501E-018   8.2828803672648004E-031  -6.5917626303703295E-033  -1.6777967969710171E-032   5.4755874029612776E-031   2.2780764728197064E-033   5.9719826991699357E-031   1.6738087604152010E-032  -3.6123330179651621E-032  -1.2656875566929612E-032   1.6988563449812934E-032  -2.1473018762774075E-033   1.2798116762701176E-032  -2.0098127886040786E-032  -2.3911567429225086E-032  -5.4695551290486035E-033  -5.9227089627859913E-033   1.9449995881210259E-031   1.3486116474184455E-032  -2.6941218715066217E-032   3.7230442146127802E-031   8.0372256255045772E-033   3.6067377089339741E-031  -1.6680611107027594E-016
   2.6814680014445956E-031   2.1242936451450372E-032  -6.3728950821577284E-032  -2.2715393433356442E-031  -1.4352345113431855E-032  -2.3188471539216461E-031   1.9880858785157547E-018   1.2536401901889402E-018   5.1035674026357403E-018  -1.5708126701214240E-017   1.8591834153589169E-018   1.1723573290337665E-018   4.7726649923341319E-018  -6.1568770094815292E-018  -1.4625107737700907E-030   1.1918403168810228E-032   3.1579987516399418E-032  -9.0937445883068390E-031  -3.4997155817841215E-033  -9.6278033640113689E-031   1.0914984376490570E-032   4.7152553691752627E-032   3.2413867472674244E-032  -1.1346414808753489E-032   4.4351502065124877E-033  -4.5757799966586771E-033  -1.6045115339977221E-032   5.5771068878153895E-032  -1.5097938728158480E-032   2.6312425167015761E-032  -3.6698846174385471E-031  -2.6941218715066217E-032   5.4670261720916826E-032  -7.2092722050868742E-031  -1.7280500905985782E-032  -7.0525613987478581E-031   3.3384635163786960E-016
  -1.1504383946774877E-030   1.3388826190560012E-031   8.8973214641972148E-031   7.0513692717460889E-030   3.1379671225987993E-031   1.0895771611307618E-029  -3.0476850658942791E-017  -3.0996158252032755E-017  -8.2932558690076369E-017   1.6837015316797474E-015  -2.8500808697349621E-017  -2.8986445698731768E-017  -7.7555421209958513E-017   1.3599560517063742E-015   4.0032835504207935E-029  -2.1562004575016215E-031  -6.6922895437650580E-031   3.1216726859691375E-029   1.6301205897226884E-031   3.6492204940476302E-029  -4.5017239836432249E-032  -6.0513542148814186E-031  -4.8618513653860190E-031   2.2468017551291112E-031  -5.3930771804429106E-032   1.4574007445929183E-031   4.4629445867854766E-032  -7.6931175448702312E-031   8.6514938303566100E-032  -5.5189997291578446E-031   7.5219603775575135E-030   3.7230442146127802E-031  -7.2092722050868742E-031   1.2810920408149595E-029   1.2041125631558526E-031   1.1808776772366271E-029  -4.7926705860867306E-015
  -1.6244069839265070E-031  -2.0579161514463636E-032   1.8731944388698945E-032  -5.7606841993280061E-032   2.3558630872907647E-033  -1.8012620919829078E-031   3.3132154079361492E-019  -1.7650330203130473E-018   6.1771660004214252E-018  -4.2832008257744780E-017   3.0983948955690922E-019  -1.6505927406800883E-018   5.7766541707321199E-018  -3.9470278764070310E-017  -2.1229789866468498E-031  -1.7700340839004678E-033  -2.0653068876696933E-033  -3.3950790849884072E-031  -3.6765133974186777E-033  -4.7080761863120118E-031  -5.3263041872117317E-033  -2.4138467879671964E-032   2.4964457045548604E-032   2.1790558280814759E-033  -1.4362849577657686E-033  -6.5061574264807844E-034  -7.4322182183802558E-033   1.7439949899230438E-032   2.6794092231729027E-034   7.3166566197688583E-032   2.7527447637245412E-032   8.0372256255045772E-033  -1.7280500905985782E-032   1.2041125631558526E-031   9.2095003596594079E-033   1.4107552438141075E-031  -9.3863340794872581E-017
  -1.6452950563151068E-030   4.2492033895533739E-032   8.6069794152854814E-031   6.0077088767896733E-030   2.7718949310134278E-031   8.9405170672293129E-030  -1.6789004338160545E-017  -2.8508859053803908E-017  -8.7325484318229384E-017   1.3234438450656361E-015  -1.5700447733779115E-017  -2.6660416693468685E-017  -8.1663520644206063E-017   1.0501079828113015E-015   3.4622764092145781E-029  -1.9941223871698120E-031  -5.9869932238751059E-031   2.6333783453551829E-029   1.3521836206743412E-031   3.0492448216391286E-029   2.1964288949790915E-033  -5.9951609129017911E-031  -5.1060061128672600E-031   2.3736482751358722E-031  -5.3903640983958917E-032   1.5583393100998499E-031   7.2891112941773099E-032  -7.9366323223677604E-031   1.0499944326420707E-031  -6.0329232799426245E-031   6.7724142928541763E-030   3.6067377089339741E-031  -7.0525613987478581E-031   1.1808776772366271E-029   1.4107552438141075E-031   1.1003703871688670E-029  -4.6022245896196791E-015
   1.3555643472011078E-015   8.2702677950650170E-017  -3.9382887982296141E-016  -1.8828146444529824E-015  -1.1680445207020465E-016  -2.3454878793088456E-015  -5.4709729204639471E-017   3.3974926534428388E-016   1.7139250081913278E-016 -0.27199258081060024        1.0571757702044575E-015   8.2904516163328618E-017   2.1418802216547172E-016 -0.18995798280518714       -1.1395379289552024E-014   7.9013908042562963E-017   2.2486382988151331E-016  -7.8279249856305321E-015  -2.9570605374396000E-017  -8.6990399446004248E-015   5.7967678170257717E-019   2.4341550749043101E-016   5.1926567423264482E-017  -1.0756371995081955E-016   2.5979934332736865E-017  -6.5203072191444545E-017  -1.7444622909855979E-016   1.8775651918626493E-016  -1.1770718624737473E-016  -1.5555861500656390E-016  -2.5515494986341878E-015  -1.6680611107027594E-016   3.3384635163786960E-016  -4.7926705860867306E-015  -9.3863340794872581E-017  -4.6022245896196791E-015   2.0906659936932885     
