  0.27769082964624997       -2.8573038288020570E-008   1.4434570881556980E-008  -1.3389103333124852E-009  -1.2574736160854068E-009  -1.0985158343331582E-009   1.4222841356880948E-008   5.2034042740998312E-009   7.9544596786769106E-009  -3.9459298986154645E-009  0.49617001207974798       -8.8932590405451846E-009   6.7879470215623559E-009  -5.7212713518712398E-009   6.7403943303416856E-011  -1.8089963532785931E-010  -1.6903092944602062E-010  -2.7647783254545779E-010   3.1839536729348333E-011   1.8607811160982665E-010   8.7760740534786435E-011   4.1293164458259292E-011   6.3156753991432301E-011   9.5209736369175531E-011  -3.2908342839411446E-009  -6.0391772150603481E-009  -2.9746240841422916E-009   7.4677291983786507E-009   1.6834117388120725E-008  -4.1768941859020723E-009 -0.20030022112340132        5.6117457130669829E-009  -3.6071434886148948E-009   2.4001571451140191E-009  -1.2513721303189329E-009  -2.0964044904950799E-009   3.1782014703396079E-010   2.2145435005590893E-009   4.7382529156144175E-009  -9.6317117580425681E-010  -5.5001648321987143E-010
  -2.8573038288020570E-008  0.27769086588087299       -2.1656561127013086E-008   1.0953430277157121E-009   2.7858641355486239E-009   3.7992193633899517E-009  -1.4461941646137293E-008  -3.9799919219891116E-009   2.1520408903300479E-009   1.1941273926317411E-009  -1.5287036996554358E-008  0.49617002741156274       -1.2493072002342764E-008  -4.9233799040868810E-009  -1.7959851010844440E-010   4.1534234480076454E-010   4.5410123959205089E-011   6.5014213312266148E-010  -3.4309971764287696E-010  -4.0918499377430951E-010  -1.2650905120278696E-010  -1.8270786467068638E-010  -2.4560807014139890E-010   1.0233554479303530E-010   3.7585682549779320E-009   1.1712448163886504E-008  -9.6207374081547150E-009   9.4204678888688319E-009  -3.7474187527171624E-010  -1.3179036736992515E-008   7.7975917799122451E-009 -0.20030022963216609        6.1810053714567897E-009   1.2520726696659058E-009   1.4014625361920862E-009   2.7972056330901911E-009  -2.9853057625829873E-009   1.9115474726010113E-009   6.4488377682998554E-010  -3.3130103237510379E-009  -2.8723494757754716E-010
   1.4434570881556980E-008  -2.1656561127013086E-008  0.27769083754134621       -8.5093247531218090E-010   3.5728526067097687E-009   6.2166903721686204E-011  -8.7270819866697353E-009   1.7673998633524793E-008   2.3061015813985601E-008  -2.1246849221154300E-008   5.4282985353621580E-009  -5.8363101246645618E-009  0.49617001541833083        1.0537569114436350E-008  -1.2289100719317846E-010  -2.8104547018809002E-010  -1.1312382535023839E-010  -2.4597178385352728E-010  -9.5494019037836118E-011   4.1084743533709557E-010  -1.7818282297708645E-011  -2.5190114684830885E-011   3.0495152423566520E-010   1.0310769865939226E-010  -1.1868911722144676E-008   6.7413366258341471E-009  -7.3975960905952350E-009   2.1334205318880628E-008   1.0293144183900755E-008  -9.4652925741600387E-009  -3.1412556073409647E-009   3.9099778729894804E-009 -0.20030022304426670       -3.1310663515443889E-009  -3.8359787021165437E-009   1.8512643092771772E-009  -2.2471007801627709E-009   5.3667007066954703E-009   2.4362126304608353E-009  -1.5307221323651673E-009   7.4212024995207646E-010
  -1.3389103333124852E-009   1.0953430277157121E-009  -8.5093247531218090E-010  0.21450907511779177       -1.3927703606916765E-009  -2.0427162769357869E-009   6.3968337873070062E-010   7.0502550279183063E-010  -1.7598375021460514E-010   6.8767456121702795E-010   5.0841521144451980E-009   7.3308653246137241E-009  -1.3159478090654931E-008  0.50611938816800872        1.1310004891474566E-010  -8.6682026334399419E-010  -5.4630041069871784E-010   1.1378525557695185E-009   7.7158701162670789E-010  -1.2895924940135769E-009   4.1967347189940522E-010   2.0190191383516580E-009   3.0376964147396185E-010  -1.0976997233760180E-009   8.3791500211665285E-011   6.8142330412422527E-010  -8.4986826419960536E-010  -9.8045119776082646E-010   1.6240506433028174E-009   8.9663817226253826E-010  -1.7322950015279849E-009  -2.9751252611212196E-009   5.2720617825424572E-009 -0.25965610329847827       -8.5755599834370423E-011  -3.2899840345298264E-011  -1.7498147597410170E-010  -1.0573169039249097E-010   3.5824177038548392E-010   1.9149099107754902E-010   6.1377529369262544E-002
  -1.2574736160854068E-009   2.7858641355486239E-009   3.5728526067097687E-009  -1.3927703606916765E-009   8.8668876609026029E-017   5.7161172160216826E-017  -3.2596426545782528E-016   1.5936005707640115E-016   2.8346553872124367E-016  -2.4802845755893140E-016  -2.2483513579005083E-009   4.9772000308596988E-009   6.3873416210965741E-009  -3.2895710802335744E-009  -4.4214318583446748E-018   7.0054093549085382E-018   3.3165608250038753E-018  -2.7906977178973741E-018  -9.8307818697463885E-018   8.7225324108794653E-018  -4.6238108514458266E-018  -1.5461571369302643E-017  -8.0187119743937937E-019   9.0525454717500254E-018  -1.0065300772960870E-016   2.2716777533051074E-016  -1.7270294480700643E-016   3.4158374400592490E-016   4.1870711189470763E-017  -2.4093059257678939E-016   8.5396435923070952E-010  -2.0268242244496101E-009  -2.4570415325493930E-009   1.5887639316740046E-009  -2.8927238728749567E-017   6.1504551058408977E-017  -5.9085525255995650E-017   7.8887529049799364E-017   1.4224036267289258E-017  -4.9960321757565956E-017  -3.4782458969759008E-010
  -1.0985158343331582E-009   3.7992193633899517E-009   6.2166903721686204E-011  -2.0427162769357869E-009   5.7161172160216826E-017   7.5812924319810068E-017  -2.6220829182680325E-016  -7.7789666481549955E-017   4.8462958723541009E-018   2.0629159429848238E-017  -1.9626620488734525E-009   6.7918863423773825E-009   1.1212818939184845E-010  -4.8254623780283288E-009  -3.8264771971288469E-018   1.4596547200077991E-017   6.4748981731590951E-018  -9.1763948537050249E-019  -1.2200174292406306E-017   6.0512793496002629E-018  -6.0824206067432760E-018  -2.1914813161022668E-017  -6.4360665416939036E-018   1.1508236343954688E-017   6.0961675838412244E-017   1.7919487094480731E-016  -1.1338178985836666E-016   1.1350785191869386E-016  -8.4878753474530500E-017  -1.7446933363106531E-016   7.9700724768796740E-010  -2.6175439679696212E-009  -8.5273613364267793E-012   2.3064833383324085E-009   2.4073448326569052E-017   4.7286501942873230E-017  -4.0932807357462387E-017   1.9700563804943893E-017  -1.2902775437590301E-017  -4.3774055674853979E-017  -5.0323325549842611E-010
   1.4222841356880948E-008  -1.4461941646137293E-008  -8.7270819866697353E-009   6.3968337873070062E-010  -3.2596426545782528E-016  -2.6220829182680325E-016   1.7580846726299939E-015  -7.9616484112009506E-017  -4.3007093735550433E-016   4.0558054073645661E-016   2.5425904933778787E-008  -2.5852722999980949E-008  -1.5604102772488960E-008   1.5115064577213699E-009   1.7008543511191877E-017  -2.4663392186832355E-017  -9.0997986549943305E-018  -3.6888119710836632E-017   2.4810321956592500E-017   1.4070387740454493E-017   1.2899676717858677E-017   1.8442975338598795E-017   7.3564374919404406E-018  -6.9644665591062033E-018   9.0361145254955444E-018  -1.1294483340497491E-015   5.7838215213390223E-016  -7.8163680854312754E-016   5.6308432149345607E-016   7.7260066580694687E-016  -9.8112957744166695E-009   9.9974934682334441E-009   5.9212139044910879E-009  -7.1037776716574388E-010  -1.6928837031062268E-017  -3.1054939846831877E-016   2.4120679628322250E-016  -1.5569925307239457E-016   1.3364537418843578E-016   1.7262813188792852E-016   1.5411284322074637E-010
   5.2034042740998312E-009  -3.9799919219891116E-009   1.7673998633524793E-008   7.0502550279183063E-010   1.5936005707640115E-016  -7.7789666481549955E-017  -7.9616484112009506E-017   1.2819894769895130E-015   1.5856701657700098E-015  -1.4413496250943102E-015   9.3041210482223722E-009  -7.1125691066081520E-009   3.1597955472562221E-008   1.6660279960279224E-009  -3.6235617399039111E-018  -3.0089071677281610E-017  -1.2816852901256089E-017  -2.6420972778655695E-017   1.9648392406204887E-018   3.1283092672385648E-017   3.7201827455836654E-018   8.4355255792460855E-018   2.5097887926012800E-017   3.2665787724912240E-018  -8.7070031966439073E-016   1.5030263725785287E-016  -3.9167700247112876E-016   1.3597778783302352E-015   9.8125161784648252E-016  -4.8907754107433004E-016  -3.5169700706812401E-009   2.8279861103993915E-009  -1.2106130846926331E-008  -7.7924239107806448E-010  -2.8721339342813565E-016   3.8453469227221878E-017  -9.4888421482674943E-017   3.5527253831928026E-016   2.3637095076102433E-016  -6.8059130119993102E-017   1.6872743858413388E-010
   7.9544596786769106E-009   2.1520408903300479E-009   2.3061015813985601E-008  -1.7598375021460514E-010   2.8346553872124367E-016   4.8462958723541009E-018  -4.3007093735550433E-016   1.5856701657700098E-015   2.1601868705374717E-015  -1.8691354678557742E-015   1.4220489128256436E-008   3.8505254292485342E-009   4.1228266944298173E-008  -4.1708011486503676E-010  -9.7718435157904025E-018  -2.4598441435634762E-017  -1.3432699812185276E-017  -2.4261699170004273E-017  -1.0330221668435159E-017   3.7372936227010441E-017  -2.7256371662179218E-019  -3.9865757330373835E-018   2.4964200373719155E-017   1.2984769475166274E-017  -1.0509404382303314E-015   4.7719573114029264E-016  -7.7357406921823670E-016   2.0597961273121079E-015   1.3327829030587898E-015  -1.0088555689792787E-015  -5.4715425838375583E-009  -1.3683277765778856E-009  -1.5820789976940047E-008   1.5798751664524666E-010  -3.4264079528286258E-016   1.1545859931193504E-016  -2.0049330838848344E-016   5.2417536804656220E-016   3.4319129570898723E-016  -1.8153458285463969E-016  -3.1406063088722294E-011
  -3.9459298986154645E-009   1.1941273926317411E-009  -2.1246849221154300E-008   6.8767456121702795E-010  -2.4802845755893140E-016   2.0629159429848238E-017   4.0558054073645661E-016  -1.4413496250943102E-015  -1.8691354678557742E-015   1.6893776975799336E-015  -7.0557681839263158E-009   2.1353682179926793E-009  -3.7985294117851777E-008   1.6233753994810858E-009   8.0449574834022740E-018   2.3083945762196607E-017   9.5004721456846975E-018   2.9211289169328289E-017   7.8656870987796633E-018  -4.0005195302678125E-017   9.0348882613017736E-019   7.0253782570217617E-018  -2.4296113305117063E-017  -1.2318760910469435E-017   9.7135319863487493E-016  -3.7747063288038832E-016   5.6438018076932346E-016  -1.7013611406517491E-015  -1.0231227451182371E-015   7.3000778073282576E-016   2.6630103369848710E-009  -8.0116693372356646E-010   1.4563149063017353E-008  -8.0949191756832478E-010   3.1614061083261225E-016  -9.9957981539736107E-017   1.5397397263183992E-016  -4.3416000565575077E-016  -2.5059508088528596E-016   1.1801941148617436E-016   1.7909016759234649E-010
  0.49617001207974798       -1.5287036996554358E-008   5.4282985353621580E-009   5.0841521144451980E-009  -2.2483513579005083E-009  -1.9626620488734525E-009   2.5425904933778787E-008   9.3041210482223722E-009   1.4220489128256436E-008  -7.0557681839263158E-009  0.88818093140590071        4.8036338306121118E-008  -2.4268041772467210E-008   7.4489236156947081E-009   1.1999788868346581E-010  -3.2524202939531278E-010  -3.0185761883199603E-010  -4.9403421524381672E-010   5.6224922662005929E-011   3.3309807285074527E-010   1.5825771593338237E-010   7.2718271281308732E-011   1.1291790856075047E-010   1.7078972776483453E-010  -5.8803610080001985E-009  -1.0801135002151667E-008  -5.3378552105503228E-009   1.3355410533110857E-008   3.0085232359704805E-008  -7.4750481772782564E-009 -0.30119913366835782       -1.5525016935912287E-008   8.0070711709132787E-009  -4.0753216812393502E-009  -2.2300767479778797E-009  -3.6726345906524618E-009   5.0906716944556729E-010   3.9374469531639602E-009   8.4396512139668200E-009  -1.7073698647137945E-009   8.5925664081597781E-010
  -8.8932590405451846E-009  0.49617002741156274       -5.8363101246645618E-009   7.3308653246137241E-009   4.9772000308596988E-009   6.7918863423773825E-009  -2.5852722999980949E-008  -7.1125691066081520E-009   3.8505254292485342E-009   2.1353682179926793E-009   4.8036338306121118E-008  0.88818087048967498        3.6411069312783578E-008   3.9491947562766328E-009  -3.2137725598680073E-010   7.4144537342226427E-010   8.1421391505121857E-011   1.1624098727009343E-009  -6.1377793909759729E-010  -7.3123620797142518E-010  -2.2557482412695694E-010  -3.2714355572525690E-010  -4.3879664578834771E-010   1.8315025023585828E-010   6.7090103941963510E-009   2.0953578161569074E-008  -1.7173847774766475E-008   1.6842521462735353E-008  -6.5808654948240743E-010  -2.3551532915046948E-008  -1.6036212000595120E-008 -0.30119911364570162       -1.2175311265394388E-008  -3.2009447075333197E-009   2.4747780904633386E-009   4.9847931712849072E-009  -5.3254296400890314E-009   3.4694135469455936E-009   1.0681487303457619E-009  -5.9441921783600380E-009   5.3616857440420102E-010
   6.7879470215623559E-009  -1.2493072002342764E-008  0.49617001541833083       -1.3159478090654931E-008   6.3873416210965741E-009   1.1212818939184845E-010  -1.5604102772488960E-008   3.1597955472562221E-008   4.1228266944298173E-008  -3.7985294117851777E-008  -2.4268041772467210E-008   3.6411069312783578E-008  0.88818091813741806       -8.7650791286395039E-009  -2.2027209556725361E-010  -5.0202239147816068E-010  -2.0216493387050035E-010  -4.4067845309398651E-010  -1.7143005220000956E-010   7.3620464771469863E-010  -3.1036490096397787E-011  -4.4453111998710735E-011   5.4366275849258426E-010   1.8384493428878607E-010  -2.1210254030747390E-008   1.2052937675360327E-008  -1.3225855631984412E-008   3.8137668292357168E-008   1.8387556812589143E-008  -1.6927412359560307E-008   7.8998846356441134E-009  -1.1649152554332354E-008 -0.30119912922284353        6.3047657987903168E-009  -6.7914348323367821E-009   3.2907574928722297E-009  -3.9968261424798464E-009   9.5946639102917808E-009   4.4108248696133128E-009  -2.8032292039121050E-009  -1.1432118258645613E-009
  -5.7212713518712398E-009  -4.9233799040868810E-009   1.0537569114436350E-008  0.50611938816800872       -3.2895710802335744E-009  -4.8254623780283288E-009   1.5115064577213699E-009   1.6660279960279224E-009  -4.1708011486503676E-010   1.6233753994810858E-009   7.4489236156947081E-009   3.9491947562766328E-009  -8.7650791286395039E-009   1.1965977673351944        2.6543419700761202E-010  -2.0487215685486757E-009  -1.2920604375384330E-009   2.6916431233221814E-009   1.8242579055986339E-009  -3.0477611843777774E-009   9.9255339660462552E-010   4.7714132763093367E-009   7.1707238184254930E-010  -2.5933565004645355E-009   2.0089293510991270E-010   1.6160864652992721E-009  -2.0101047996296537E-009  -2.3199203598975946E-009   3.8400543076039553E-009   2.1189766965250918E-009  -1.9878037747092213E-009  -5.8789878878104121E-010   1.4735462170061350E-009 -0.54303429789536528       -2.0827942107856985E-010  -8.9853128729339662E-011  -4.0406912366935266E-010  -2.4156498657418371E-010   8.3195934042052730E-010   4.4985452684896042E-010  0.10977334200164192     
   6.7403943303416856E-011  -1.7959851010844440E-010  -1.2289100719317846E-010   1.1310004891474566E-010  -4.4214318583446748E-018  -3.8264771971288469E-018   1.7008543511191877E-017  -3.6235617399039111E-018  -9.7718435157904025E-018   8.0449574834022740E-018   1.1999788868346581E-010  -3.2137725598680073E-010  -2.2027209556725361E-010   2.6543419700761202E-010   2.4795722960126972E-019  -6.4244051466180876E-019  -3.0663222148758735E-019   2.1733301905597735E-019   6.7721673957164426E-019  -5.4999537147814243E-019   3.3001062182482464E-019   1.1995976466784417E-018   1.9968206624263309E-019  -6.6558385377342775E-019   2.0685289466000539E-018  -1.1678132330773110E-017   8.3336637163059690E-018  -1.4248497538742355E-017   6.2130877655592692E-019   1.2179957270240697E-017  -6.3756701150893548E-011   1.1308323088473109E-010   6.4633024261657237E-011  -1.7975280491163153E-010   4.2632531127025080E-019  -3.1555757917565196E-018   2.9101621563591507E-018  -3.1472333441972610E-018  -1.4102649391219173E-019   2.7209094121624193E-018   4.3483476746615209E-011
  -1.8089963532785931E-010   4.1534234480076454E-010  -2.8104547018809002E-010  -8.6682026334399419E-010   7.0054093549085382E-018   1.4596547200077991E-017  -2.4663392186832355E-017  -3.0089071677281610E-017  -2.4598441435634762E-017   2.3083945762196607E-017  -3.2524202939531278E-010   7.4144537342226427E-010  -5.0202239147816068E-010  -2.0487215685486757E-009  -6.4244051466180876E-019   4.5341520453742166E-018   2.5042777582632644E-018  -3.2070057761495513E-018  -3.5595949060896368E-018   4.0689104914290311E-018  -1.9295711960293635E-018  -8.4428935622531456E-018  -1.9453561052223462E-018   4.4263681890950889E-018   1.9437485090293966E-017   1.1866825649839218E-017  -1.5028345770826250E-018  -8.4127515445160574E-018  -2.8532164678848670E-017  -1.1024649097212443E-017   6.0741783837886375E-011  -3.2298641723203293E-010   2.0761504982925346E-010   9.4735370264630213E-010   7.1592291296688011E-018   3.7406415650977954E-018  -1.6333391935933920E-018  -3.5972485066335427E-018  -5.9436227894553779E-018  -3.5619980538230468E-018  -2.0382519555289006E-010
  -1.6903092944602062E-010   4.5410123959205089E-011  -1.1312382535023839E-010  -5.4630041069871784E-010   3.3165608250038753E-018   6.4748981731590951E-018  -9.0997986549943305E-018  -1.2816852901256089E-017  -1.3432699812185276E-017   9.5004721456846975E-018  -3.0185761883199603E-010   8.1421391505121857E-011  -2.0216493387050035E-010  -1.2920604375384330E-009  -3.0663222148758735E-019   2.5042777582632644E-018   1.5517418338316841E-018  -2.5318024298375554E-018  -2.0066085131097310E-018   2.9431740196004601E-018  -1.1384827068762974E-018  -5.1967284001677907E-018  -9.7684357426130605E-019   2.7168068437743443E-018   7.2341856547062251E-018   1.1022694032651320E-018   5.4224199295797105E-018  -9.1880538264123910E-018  -1.8645260169002234E-017   1.9539219604168230E-018   1.2752813623034352E-010  -2.2930681372268855E-011   8.0262276462733066E-011   5.7048795537406446E-010   2.7737258980384632E-018   1.0844233076278880E-018   6.6319189551613338E-019  -2.9554034943697024E-018  -4.6847403204599546E-018   1.8166626656261116E-019  -1.2088672022584603E-010
  -2.7647783254545779E-010   6.5014213312266148E-010  -2.4597178385352728E-010   1.1378525557695185E-009  -2.7906977178973741E-018  -9.1763948537050249E-019  -3.6888119710836632E-017  -2.6420972778655695E-017  -2.4261699170004273E-017   2.9211289169328289E-017  -4.9403421524381672E-010   1.1624098727009343E-009  -4.4067845309398651E-010   2.6916431233221814E-009   2.1733301905597735E-019  -3.2070057761495513E-018  -2.5318024298375554E-018   8.0722404670874553E-018   3.3534974036822378E-018  -8.3638559754162520E-018   1.8647757562535640E-018   1.0284526680300811E-017   7.0515861889527748E-019  -5.7785528474303397E-018   2.3042384130571670E-017   3.1108538430679465E-017  -1.7518751480515972E-017  -9.5053900963947479E-018  -1.8108983884192529E-017  -1.3537111115662651E-017   1.9832871032551343E-010  -4.4284033812492854E-010   1.3648646090482282E-010  -1.1736180866640692E-009   7.3938352325843902E-018   6.7909279308110600E-018  -6.2258401512123952E-018  -2.9997132893674953E-018  -3.5843206004850808E-018  -4.3940991835633606E-018   2.4636773936421348E-010
   3.1839536729348333E-011  -3.4309971764287696E-010  -9.5494019037836118E-011   7.7158701162670789E-010  -9.8307818697463885E-018  -1.2200174292406306E-017   2.4810321956592500E-017   1.9648392406204887E-018  -1.0330221668435159E-017   7.8656870987796633E-018   5.6224922662005929E-011  -6.1377793909759729E-010  -1.7143005220000956E-010   1.8242579055986339E-009   6.7721673957164426E-019  -3.5595949060896368E-018  -2.0066085131097310E-018   3.3534974036822378E-018   3.2425996985529852E-018  -4.2620772102615916E-018   1.6845314553461234E-018   7.5138476821707875E-018   1.2995544569175993E-018  -4.1048589340546137E-018  -6.2851254250086487E-019  -1.5029196598733615E-017   1.1031099304952119E-017  -2.1675275765000780E-017   4.7020542670263372E-018   2.2303711382273957E-017  -4.5975037815238390E-011   2.2197182575151212E-010   4.1063579249973797E-011  -8.2471886166750565E-010  -8.9357587519634705E-019  -4.4859993973570252E-018   3.8930989115268839E-018  -4.3404504809166393E-018   1.9665154482528863E-019   5.2340422220360417E-018   1.7596248554592185E-010
   1.8607811160982665E-010  -4.0918499377430951E-010   4.1084743533709557E-010  -1.2895924940135769E-009   8.7225324108794653E-018   6.0512793496002629E-018   1.4070387740454493E-017   3.1283092672385648E-017   3.7372936227010441E-017  -4.0005195302678125E-017   3.3309807285074527E-010  -7.3123620797142518E-010   7.3620464771469863E-010  -3.0477611843777774E-009  -5.4999537147814243E-019   4.0689104914290311E-018   2.9431740196004601E-018  -8.3638559754162520E-018  -4.2620772102615916E-018   9.1017752346040503E-018  -2.3075216701881543E-018  -1.1893954469612899E-017  -9.7305368424075205E-019   6.6715402349670224E-018  -2.5817985064192008E-017  -1.5441361851779275E-017   6.3376011946414401E-018   2.8622646195469357E-017   1.7277361505157166E-017  -2.8045288597377686E-018  -1.1279742341284001E-010   2.9112365777615754E-010  -2.2319898046183652E-010   1.4147819163877660E-009  -7.9659507520453680E-018  -2.5574966542417622E-018   2.3214637540380067E-018   7.2224262622514760E-018   3.7740707364998619E-018   7.4349987971547441E-019  -3.0470677344138408E-010
   8.7760740534786435E-011  -1.2650905120278696E-010  -1.7818282297708645E-011   4.1967347189940522E-010  -4.6238108514458266E-018  -6.0824206067432760E-018   1.2899676717858677E-017   3.7201827455836654E-018  -2.7256371662179218E-019   9.0348882613017736E-019   1.5825771593338237E-010  -2.2557482412695694E-010  -3.1036490096397787E-011   9.9255339660462552E-010   3.3001062182482464E-019  -1.9295711960293635E-018  -1.1384827068762974E-018   1.8647757562535640E-018   1.6845314553461234E-018  -2.3075216701881543E-018   9.1169754666067515E-019   4.0545924103689296E-018   7.0639941737976744E-019  -2.1735404995946591E-018  -1.8275063604962263E-018  -6.3337942418095464E-018   2.2304989501025389E-018  -5.2024914776891471E-018   8.0229732717419949E-018   7.0299562965555266E-018  -1.3158132491908048E-011   1.0743938050710452E-010   4.0556638589040301E-011  -4.3887034985188609E-010  -9.3410417340123011E-019  -2.0795391571471530E-018   1.2304101124744687E-018  -7.1340340595629676E-019   1.7158237965355599E-018   1.6475164443107563E-018   9.3033184740014882E-011
   4.1293164458259292E-011  -1.8270786467068638E-010  -2.5190114684830885E-011   2.0190191383516580E-009  -1.5461571369302643E-017  -2.1914813161022668E-017   1.8442975338598795E-017   8.4355255792460855E-018  -3.9865757330373835E-018   7.0253782570217617E-018   7.2718271281308732E-011  -3.2714355572525690E-010  -4.4453111998710735E-011   4.7714132763093367E-009   1.1995976466784417E-018  -8.4428935622531456E-018  -5.1967284001677907E-018   1.0284526680300811E-017   7.5138476821707875E-018  -1.1893954469612899E-017   4.0545924103689296E-018   1.9157570604182231E-017   3.0030877553468430E-018  -1.0405798486354958E-017  -1.0848825192051253E-018  -2.7772112115372342E-018  -1.4506303387771229E-018  -1.6278335633058708E-017   1.7117716199610659E-017   1.7363016138957553E-017  -6.6570287630721676E-011   1.0803793786415123E-010   3.7406021268757405E-011  -2.2221914922247266E-009  -1.5565556992464561E-018  -2.7164383633101680E-018   6.3704941412779184E-019  -2.3933085537171370E-018   3.4608905638494717E-018   3.9499037559206593E-018   4.7924174191299733E-010
   6.3156753991432301E-011  -2.4560807014139890E-010   3.0495152423566520E-010   3.0376964147396185E-010  -8.0187119743937937E-019  -6.4360665416939036E-018   7.3564374919404406E-018   2.5097887926012800E-017   2.4964200373719155E-017  -2.4296113305117063E-017   1.1291790856075047E-010  -4.3879664578834771E-010   5.4366275849258426E-010   7.1707238184254930E-010   1.9968206624263309E-019  -1.9453561052223462E-018  -9.7684357426130605E-019   7.0515861889527748E-019   1.2995544569175993E-018  -9.7305368424075205E-019   7.0639941737976744E-019   3.0030877553468430E-018   9.9761887544454182E-019  -1.5102576731976952E-018  -1.6985586418342134E-017  -3.3689555252882310E-018  -1.4898655178664212E-018   1.5392818528169565E-017   1.7768257132398974E-017   1.5927391754986477E-018  -4.3089401730355574E-011   1.7884410506308254E-010  -2.6202859726729246E-010  -3.5855015892527019E-010  -5.9059846459151169E-018  -9.5060442052721680E-019  -1.7479585782579100E-020   4.5544267519254283E-018   3.6416173259990595E-018   1.3515634311547598E-018   7.9008042750355232E-011
   9.5209736369175531E-011   1.0233554479303530E-010   1.0310769865939226E-010  -1.0976997233760180E-009   9.0525454717500254E-018   1.1508236343954688E-017  -6.9644665591062033E-018   3.2665787724912240E-018   1.2984769475166274E-017  -1.2318760910469435E-017   1.7078972776483453E-010   1.8315025023585828E-010   1.8384493428878607E-010  -2.5933565004645355E-009  -6.6558385377342775E-019   4.4263681890950889E-018   2.7168068437743443E-018  -5.7785528474303397E-018  -4.1048589340546137E-018   6.6715402349670224E-018  -2.1735404995946591E-018  -1.0405798486354958E-017  -1.5102576731976952E-018   5.7310410853667290E-018  -4.5840419095746809E-018   1.2487870049974115E-018  -2.9607792966377288E-018   1.8982638225254852E-017   1.1390805599391752E-018  -1.4398485835507273E-017  -4.5434785446003044E-011  -6.3434097074587316E-011  -8.7692640947065613E-011   1.2311068468046236E-009  -9.0740097980122054E-019   1.2165240059739588E-018  -9.6925227390902581E-019   3.9869753228241118E-018   9.1234649349152638E-019  -3.0795953420526564E-018  -2.6710006065278111E-010
  -3.2908342839411446E-009   3.7585682549779320E-009  -1.1868911722144676E-008   8.3791500211665285E-011  -1.0065300772960870E-016   6.0961675838412244E-017   9.0361145254955444E-018  -8.7070031966439073E-016  -1.0509404382303314E-015   9.7135319863487493E-016  -5.8803610080001985E-009   6.7090103941963510E-009  -2.1210254030747390E-008   2.0089293510991270E-010   2.0685289466000539E-018   1.9437485090293966E-017   7.2341856547062251E-018   2.3042384130571670E-017  -6.2851254250086487E-019  -2.5817985064192008E-017  -1.8275063604962263E-018  -1.0848825192051253E-018  -1.6985586418342134E-017  -4.5840419095746809E-018   5.9723661473664356E-016  -5.7879013160358381E-017   2.2083467722979707E-016  -8.7331905201028130E-016  -6.4390776717333551E-016   2.7608236841191725E-016   2.3600674165700246E-009  -2.9425056397685048E-009   8.4495825225391469E-009  -6.2669819931533000E-012   1.9770740576616534E-016  -1.6381319878583861E-017   5.1758346518124107E-017  -2.3000850781163954E-016  -1.5119276100133474E-016   3.2301103955479895E-017  -6.1484508404611456E-012
  -6.0391772150603481E-009   1.1712448163886504E-008   6.7413366258341471E-009   6.8142330412422527E-010   2.2716777533051074E-016   1.7919487094480731E-016  -1.1294483340497491E-015   1.5030263725785287E-016   4.7719573114029264E-016  -3.7747063288038832E-016  -1.0801135002151667E-008   2.0953578161569074E-008   1.2052937675360327E-008   1.6160864652992721E-009  -1.1678132330773110E-017   1.1866825649839218E-017   1.1022694032651320E-018   3.1108538430679465E-017  -1.5029196598733615E-017  -1.5441361851779275E-017  -6.3337942418095464E-018  -2.7772112115372342E-018  -3.3689555252882310E-018   1.2487870049974115E-018  -5.7879013160358381E-017   7.9171582585352939E-016  -5.2302851465164505E-016   7.4988159645213375E-016  -1.2672069822863235E-016  -6.9200266741569800E-016   3.9925647177978678E-009  -7.5447805971333678E-009  -4.5958389199611480E-009  -5.7856619241721612E-010  -7.3018244099145439E-018   2.0760798632800715E-016  -1.8730209516793500E-016   1.6345026217774985E-016  -1.6511533586064930E-017  -1.5614844092982226E-016   1.1089833927350333E-010
  -2.9746240841422916E-009  -9.6207374081547150E-009  -7.3975960905952350E-009  -8.4986826419960536E-010  -1.7270294480700643E-016  -1.1338178985836666E-016   5.7838215213390223E-016  -3.9167700247112876E-016  -7.7357406921823670E-016   5.6438018076932346E-016  -5.3378552105503228E-009  -1.7173847774766475E-008  -1.3225855631984412E-008  -2.0101047996296537E-009   8.3336637163059690E-018  -1.5028345770826250E-018   5.4224199295797105E-018  -1.7518751480515972E-017   1.1031099304952119E-017   6.3376011946414401E-018   2.2304989501025389E-018  -1.4506303387771229E-018  -1.4898655178664212E-018  -2.9607792966377288E-018   2.2083467722979707E-016  -5.2302851465164505E-016   5.6614546006987648E-016  -9.7096937181258266E-016  -4.4795914372907748E-016   7.5013476425278282E-016   1.3539640930121484E-009   7.5003203351394022E-009   5.0576744533252770E-009   8.8534737801045729E-010   6.6712889173053877E-017  -1.2468384027823268E-016   1.6137717136793585E-016  -2.3173602789956246E-016  -1.4013611052672482E-016   1.6502313328445753E-016  -1.8727062318812467E-010
   7.4677291983786507E-009   9.4204678888688319E-009   2.1334205318880628E-008  -9.8045119776082646E-010   3.4158374400592490E-016   1.1350785191869386E-016  -7.8163680854312754E-016   1.3597778783302352E-015   2.0597961273121079E-015  -1.7013611406517491E-015   1.3355410533110857E-008   1.6842521462735353E-008   3.8137668292357168E-008  -2.3199203598975946E-009  -1.4248497538742355E-017  -8.4127515445160574E-018  -9.1880538264123910E-018  -9.5053900963947479E-018  -2.1675275765000780E-017   2.8622646195469357E-017  -5.2024914776891471E-018  -1.6278335633058708E-017   1.5392818528169565E-017   1.8982638225254852E-017  -8.7331905201028130E-016   7.4988159645213375E-016  -9.7096937181258266E-016   2.1643150279231767E-015   1.2234191013381061E-015  -1.2909957984661874E-015  -4.9614337213743857E-009  -6.4387701801034220E-009  -1.4754586459114801E-008   9.9254918081740118E-010  -2.7984815881162595E-016   1.8120351602445993E-016  -2.6477357998658962E-016   5.3742736438236877E-016   3.3478617383940620E-016  -2.5757924034831633E-016  -2.0757558146536742E-010
   1.6834117388120725E-008  -3.7474187527171624E-010   1.0293144183900755E-008   1.6240506433028174E-009   4.1870711189470763E-017  -8.4878753474530500E-017   5.6308432149345607E-016   9.8125161784648252E-016   1.3327829030587898E-015  -1.0231227451182371E-015   3.0085232359704805E-008  -6.5808654948240743E-010   1.8387556812589143E-008   3.8400543076039553E-009   6.2130877655592692E-019  -2.8532164678848670E-017  -1.8645260169002234E-017  -1.8108983884192529E-017   4.7020542670263372E-018   1.7277361505157166E-017   8.0229732717419949E-018   1.7117716199610659E-017   1.7768257132398974E-017   1.1390805599391752E-018  -6.4390776717333551E-016  -1.2672069822863235E-016  -4.4795914372907748E-016   1.2234191013381061E-015   1.4149947809216515E-015  -5.7951141404542098E-016  -1.1917158803093256E-008   6.6775022229145722E-010  -7.5607034451505027E-009  -1.7260085115415051E-009  -2.2094192643548296E-016  -6.2293676765556730E-017  -6.1509247506302617E-017   3.3011104830963794E-016   3.7850630328338881E-016  -1.0916908177201417E-016   3.6835377098853782E-010
  -4.1768941859020723E-009  -1.3179036736992515E-008  -9.4652925741600387E-009   8.9663817226253826E-010  -2.4093059257678939E-016  -1.7446933363106531E-016   7.7260066580694687E-016  -4.8907754107433004E-016  -1.0088555689792787E-015   7.3000778073282576E-016  -7.4750481772782564E-009  -2.3551532915046948E-008  -1.6927412359560307E-008   2.1189766965250918E-009   1.2179957270240697E-017  -1.1024649097212443E-017   1.9539219604168230E-018  -1.3537111115662651E-017   2.2303711382273957E-017  -2.8045288597377686E-018   7.0299562965555266E-018   1.7363016138957553E-017   1.5927391754986477E-018  -1.4398485835507273E-017   2.7608236841191725E-016  -6.9200266741569800E-016   7.5013476425278282E-016  -1.2909957984661874E-015  -5.7951141404542098E-016   1.0149133214714557E-015   2.6013673745184929E-009   9.3812763065553618E-009   6.3050057917259475E-009  -9.8625437441868552E-010   8.2140744093949768E-017  -1.6482219654621735E-016   2.1301524937431263E-016  -3.0741882450560375E-016  -1.8359342728684960E-016   2.2527811327889013E-016   2.1371733569077104E-010
 -0.20030022112340132        7.7975917799122451E-009  -3.1412556073409647E-009  -1.7322950015279849E-009   8.5396435923070952E-010   7.9700724768796740E-010  -9.8112957744166695E-009  -3.5169700706812401E-009  -5.4715425838375583E-009   2.6630103369848710E-009 -0.30119913366835782       -1.6036212000595120E-008   7.8998846356441134E-009  -1.9878037747092213E-009  -6.3756701150893548E-011   6.0741783837886375E-011   1.2752813623034352E-010   1.9832871032551343E-010  -4.5975037815238390E-011  -1.1279742341284001E-010  -1.3158132491908048E-011  -6.6570287630721676E-011  -4.3089401730355574E-011  -4.5434785446003044E-011   2.3600674165700246E-009   3.9925647177978678E-009   1.3539640930121484E-009  -4.9614337213743857E-009  -1.1917158803093256E-008   2.6013673745184929E-009   2.1058904401278609        4.9469413108980730E-009  -2.4883675098237531E-009   1.1914699348839268E-009   1.1046276754243290E-009   4.0433588247135011E-009  -2.2637627994463355E-009  -2.2698012584935784E-009  -4.3353799834469686E-009   1.1651732027005174E-009  -2.4473500569410049E-010
   5.6117457130669829E-009 -0.20030022963216609        3.9099778729894804E-009  -2.9751252611212196E-009  -2.0268242244496101E-009  -2.6175439679696212E-009   9.9974934682334441E-009   2.8279861103993915E-009  -1.3683277765778856E-009  -8.0116693372356646E-010  -1.5525016935912287E-008 -0.30119911364570162       -1.1649152554332354E-008  -5.8789878878104121E-010   1.1308323088473109E-010  -3.2298641723203293E-010  -2.2930681372268855E-011  -4.4284033812492854E-010   2.2197182575151212E-010   2.9112365777615754E-010   1.0743938050710452E-010   1.0803793786415123E-010   1.7884410506308254E-010  -6.3434097074587316E-011  -2.9425056397685048E-009  -7.5447805971333678E-009   7.5003203351394022E-009  -6.4387701801034220E-009   6.6775022229145722E-010   9.3812763065553618E-009   4.9469413108980730E-009   2.1058904338482010        3.7219061240654162E-009   9.6195394480041338E-010  -2.0250916916548943E-009  -2.4734033706534165E-009   2.4518591003622861E-009   4.8652713201467635E-010  -3.3752637784002166E-009   1.5385655412828682E-009  -1.4253425005018963E-010
  -3.6071434886148948E-009   6.1810053714567897E-009 -0.20030022304426670        5.2720617825424572E-009  -2.4570415325493930E-009  -8.5273613364267793E-012   5.9212139044910879E-009  -1.2106130846926331E-008  -1.5820789976940047E-008   1.4563149063017353E-008   8.0070711709132787E-009  -1.2175311265394388E-008 -0.30119912922284353        1.4735462170061350E-009   6.4633024261657237E-011   2.0761504982925346E-010   8.0262276462733066E-011   1.3648646090482282E-010   4.1063579249973797E-011  -2.2319898046183652E-010   4.0556638589040301E-011   3.7406021268757405E-011  -2.6202859726729246E-010  -8.7692640947065613E-011   8.4495825225391469E-009  -4.5958389199611480E-009   5.0576744533252770E-009  -1.4754586459114801E-008  -7.5607034451505027E-009   6.3050057917259475E-009  -2.4883675098237531E-009   3.7219061240654162E-009   2.1058904387133484       -1.8458699912889762E-009   4.9321108594217829E-009  -1.9244921262283137E-009   2.2515455542533958E-009  -3.6773867027162775E-009   2.4494111740178000E-010  -1.2547205228089664E-009   2.9867710692830656E-010
   2.4001571451140191E-009   1.2520726696659058E-009  -3.1310663515443889E-009 -0.25965610329847827        1.5887639316740046E-009   2.3064833383324085E-009  -7.1037776716574388E-010  -7.7924239107806448E-010   1.5798751664524666E-010  -8.0949191756832478E-010  -4.0753216812393502E-009  -3.2009447075333197E-009   6.3047657987903168E-009 -0.54303429789536528       -1.7975280491163153E-010   9.4735370264630213E-010   5.7048795537406446E-010  -1.1736180866640692E-009  -8.2471886166750565E-010   1.4147819163877660E-009  -4.3887034985188609E-010  -2.2221914922247266E-009  -3.5855015892527019E-010   1.2311068468046236E-009  -6.2669819931533000E-012  -5.7856619241721612E-010   8.8534737801045729E-010   9.9254918081740118E-010  -1.7260085115415051E-009  -9.8625437441868552E-010   1.1914699348839268E-009   9.6195394480041338E-010  -1.8458699912889762E-009   2.4156717612956742       -7.4910045141420042E-011  -3.2858389259818798E-010   4.7725472437840183E-010   3.6663186161835573E-010  -8.3549590685927073E-010  -2.9168548848261169E-010 -0.63015811999778759     
  -1.2513721303189329E-009   1.4014625361920862E-009  -3.8359787021165437E-009  -8.5755599834370423E-011  -2.8927238728749567E-017   2.4073448326569052E-017  -1.6928837031062268E-017  -2.8721339342813565E-016  -3.4264079528286258E-016   3.1614061083261225E-016  -2.2300767479778797E-009   2.4747780904633386E-009  -6.7914348323367821E-009  -2.0827942107856985E-010   4.2632531127025080E-019   7.1592291296688011E-018   2.7737258980384632E-018   7.3938352325843902E-018  -8.9357587519634705E-019  -7.9659507520453680E-018  -9.3410417340123011E-019  -1.5565556992464561E-018  -5.9059846459151169E-018  -9.0740097980122054E-019   1.9770740576616534E-016  -7.3018244099145439E-018   6.6712889173053877E-017  -2.7984815881162595E-016  -2.2094192643548296E-016   8.2140744093949768E-017   1.1046276754243290E-009  -2.0250916916548943E-009   4.9321108594217829E-009  -7.4910045141420042E-011   6.8686566412955776E-017  -2.1184259106435769E-018   1.4922227849898290E-017  -7.5265046344424757E-017  -4.8239639067155696E-017   6.5784777692877683E-018   2.5742727699459600E-011
  -2.0964044904950799E-009   2.7972056330901911E-009   1.8512643092771772E-009  -3.2899840345298264E-011   6.1504551058408977E-017   4.7286501942873230E-017  -3.1054939846831877E-016   3.8453469227221878E-017   1.1545859931193504E-016  -9.9957981539736107E-017  -3.6726345906524618E-009   4.9847931712849072E-009   3.2907574928722297E-009  -8.9853128729339662E-011  -3.1555757917565196E-018   3.7406415650977954E-018   1.0844233076278880E-018   6.7909279308110600E-018  -4.4859993973570252E-018  -2.5574966542417622E-018  -2.0795391571471530E-018  -2.7164383633101680E-018  -9.5060442052721680E-019   1.2165240059739588E-018  -1.6381319878583861E-017   2.0760798632800715E-016  -1.2468384027823268E-016   1.8120351602445993E-016  -6.2293676765556730E-017  -1.6482219654621735E-016   4.0433588247135011E-009  -2.4734033706534165E-009  -1.9244921262283137E-009  -3.2858389259818798E-010  -2.1184259106435769E-018   5.9963899258913342E-017  -5.0355291859779395E-017   3.6929526623766638E-017  -1.4127663922580178E-017  -3.4811115482923046E-017   9.1043130955697170E-011
   3.1782014703396079E-010  -2.9853057625829873E-009  -2.2471007801627709E-009  -1.7498147597410170E-010  -5.9085525255995650E-017  -4.0932807357462387E-017   2.4120679628322250E-016  -9.4888421482674943E-017  -2.0049330838848344E-016   1.5397397263183992E-016   5.0906716944556729E-010  -5.3254296400890314E-009  -3.9968261424798464E-009  -4.0406912366935266E-010   2.9101621563591507E-018  -1.6333391935933920E-018   6.6319189551613338E-019  -6.2258401512123952E-018   3.8930989115268839E-018   2.3214637540380067E-018   1.2304101124744687E-018   6.3704941412779184E-019  -1.7479585782579100E-020  -9.6925227390902581E-019   5.1758346518124107E-017  -1.8730209516793500E-016   1.6137717136793585E-016  -2.6477357998658962E-016  -6.1509247506302617E-017   2.1301524937431263E-016  -2.2637627994463355E-009   2.4518591003622861E-009   2.2515455542533958E-009   4.7725472437840183E-010   1.4922227849898290E-017  -5.0355291859779395E-017   5.3175786095944065E-017  -6.0283238220111763E-017  -2.0414156394690654E-017   4.5361018650157204E-017  -1.1967501352771797E-010
