  0.57649731995663700       -1.7097325175361800E-016   1.6620583687028811E-016   4.2163767701780127E-017  0.24353022041775430        2.3818326531074370E-017  -2.6664683176641823E-017  -8.0330990814926716E-018  -5.5751676717084887E-017   3.0682752455258153E-019   3.5443381152161394E-019  -1.4004804727196850E-016  -5.1889950692615844E-019  -5.5751676717084887E-017  -6.7194285042516982E-018   6.6366434923305681E-018   3.7242953263445146E-018
  -1.7097325175361800E-016   5.0705964803799614E-032  -4.9292080650577857E-032  -1.2504614020928596E-032  -7.2224366434575378E-017  -7.0638606588033537E-033   7.9080117667040682E-033   2.3823962819551564E-033   1.6534414175166435E-032  -9.0996606201419675E-035  -1.0511532177085822E-034   4.1534399579921589E-032   1.5389132431558838E-034   1.6534414175166435E-032   1.9927977139326098E-033  -1.9682459559371306E-033  -1.1045235778092067E-033
   1.6620583687028811E-016  -4.9292080650577857E-032   4.7917621216054709E-032   1.2155935602625021E-032   7.0210463581657442E-017   6.8668921032360947E-033  -7.6875049177820991E-033  -2.3159655895743966E-033  -1.6073368886401486E-032   8.8459258573719909E-035   1.0218428814813368E-034  -4.0376255176065746E-032  -1.4960022157037809E-034  -1.6073368886401486E-032  -1.9372305805744700E-033   1.9133634233295706E-033   1.0737250634812193E-033
   4.2163767701780127E-017  -1.2504614020928596E-032   1.2155935602625021E-032   3.0837668194943189E-033   1.7811273854369098E-017   1.7420209116963553E-033  -1.9501972834601502E-033  -5.8752350075611300E-034  -4.0775571103448079E-033   2.2440701841806278E-035   2.5922522754794297E-035  -1.0242811419673835E-032  -3.7951188172476628E-035  -4.0775571103448079E-033  -4.9144447464785962E-034   4.8538975784172744E-034   2.7238690893589417E-034
  0.24353022041775430       -7.2224366434575378E-017   7.0210463581657442E-017   1.7811273854369098E-017  0.10287466429363619        1.0061594580406528E-017  -1.1263983277260698E-017  -3.3934284206225265E-018  -2.3551225044016365E-017   1.2961339471646551E-019   1.4972375630446279E-019  -5.9160607760993482E-017  -2.1919913054564859E-019  -2.3551225044016365E-017  -2.8384935160580499E-018   2.8035225777682491E-018   1.5732570305681786E-018
   2.3818326531074370E-017  -7.0638606588033537E-033   6.8668921032360947E-033   1.7420209116963553E-033   1.0061594580406528E-017   9.8406819789475078E-034  -1.1016671001986133E-033  -3.3189222283610600E-034  -2.3034133806594404E-033   1.2676760004824184E-035   1.4643641807580412E-035  -5.7861676099621606E-033  -2.1438638940611856E-035  -2.3034133806594404E-033  -2.7761714872935389E-034   2.7419683717271960E-034   1.5387145631084663E-034
  -2.6664683176641823E-017   7.9080117667040682E-033  -7.6875049177820991E-033  -1.9501972834601502E-033  -1.1263983277260698E-017  -1.1016671001986133E-033   1.2333194002778122E-033   3.7155427184065009E-034   2.5786777228026772E-033  -1.4191668285089810E-035  -1.6393597965076914E-035   6.4776308245375486E-033   2.4000616262608845E-035   2.5786777228026772E-033   3.1079317455880752E-034  -3.0696412620379089E-034  -1.7225952575233836E-034
  -8.0330990814926716E-018   2.3823962819551564E-033  -2.3159655895743966E-033  -5.8752350075611300E-034  -3.3934284206225265E-018  -3.3189222283610600E-034   3.7155427184065009E-034   1.1193578637613142E-034   7.7686179540501255E-034  -4.2754334154500643E-036  -4.9387947302138103E-036   1.9514745358918827E-033   7.2305126289035667E-036   7.7686179540501255E-034   9.3630678022440936E-035  -9.2477125039271800E-035  -5.1895528963631458E-035
  -5.5751676717084887E-017   1.6534414175166435E-032  -1.6073368886401486E-032  -4.0775571103448079E-033  -2.3551225044016365E-017  -2.3034133806594404E-033   2.5786777228026772E-033   7.7686179540501255E-034   5.3916112862417848E-033  -2.9672555907190762E-035  -3.4276446036286081E-035   1.3543711628968382E-032   5.0181530004298995E-035   5.3916112862417848E-033   6.4981985644058859E-034  -6.4181391597586278E-034  -3.6016769175774747E-034
   3.0682752455258153E-019  -9.0996606201419675E-035   8.8459258573719909E-035   2.2440701841806278E-035   1.2961339471646551E-019   1.2676760004824184E-035  -1.4191668285089810E-035  -4.2754334154500643E-036  -2.9672555907190762E-035   1.6330193838567419E-037   1.8863929673618089E-037  -7.4537372812267679E-035  -2.7617240478010203E-037  -2.9672555907190762E-035  -3.5762622704346335E-036   3.5322018396251257E-036   1.9821710806409111E-036
   3.5443381152161394E-019  -1.0511532177085822E-034   1.0218428814813368E-034   2.5922522754794297E-035   1.4972375630446279E-019   1.4643641807580412E-035  -1.6393597965076914E-035  -4.9387947302138103E-036  -3.4276446036286081E-035   1.8863929673618089E-037   2.1790791110561991E-037  -8.6102331220718642E-035  -3.1902235044277093E-037  -3.4276446036286081E-035  -4.1311426325243726E-036   4.0802459391723974E-036   2.2897178218412335E-036
  -1.4004804727196850E-016   4.1534399579921589E-032  -4.0376255176065746E-032  -1.0242811419673835E-032  -5.9160607760993482E-017  -5.7861676099621606E-033   6.4776308245375486E-033   1.9514745358918827E-033   1.3543711628968382E-032  -7.4537372812267679E-035  -8.6102331220718642E-035   3.4021763615773288E-032   1.2605585517875773E-034   1.3543711628968382E-032   1.6323455603832431E-033  -1.6122346615783485E-033  -9.0474017807732420E-034
  -5.1889950692615844E-019   1.5389132431558838E-034  -1.4960022157037809E-034  -3.7951188172476628E-035  -2.1919913054564859E-019  -2.1438638940611856E-035   2.4000616262608845E-035   7.2305126289035667E-036   5.0181530004298995E-035  -2.7617240478010203E-037  -3.1902235044277093E-037   1.2605585517875773E-034   4.6705628797799679E-037   5.0181530004298995E-035   6.0480908010882764E-036  -5.9735768347961491E-036  -3.3522012012699846E-036
  -5.5751676717084887E-017   1.6534414175166435E-032  -1.6073368886401486E-032  -4.0775571103448079E-033  -2.3551225044016365E-017  -2.3034133806594404E-033   2.5786777228026772E-033   7.7686179540501255E-034   5.3916112862417848E-033  -2.9672555907190762E-035  -3.4276446036286081E-035   1.3543711628968382E-032   5.0181530004298995E-035   5.3916112862417848E-033   6.4981985644058859E-034  -6.4181391597586278E-034  -3.6016769175774747E-034
  -6.7194285042516982E-018   1.9927977139326098E-033  -1.9372305805744700E-033  -4.9144447464785962E-034  -2.8384935160580499E-018  -2.7761714872935389E-034   3.1079317455880752E-034   9.3630678022440936E-035   6.4981985644058859E-034  -3.5762622704346335E-036  -4.1311426325243726E-036   1.6323455603832431E-033   6.0480908010882764E-036   6.4981985644058859E-034   7.8319044791303383E-035  -7.7354134895678026E-035  -4.3408937574892896E-035
   6.6366434923305681E-018  -1.9682459559371306E-033   1.9133634233295706E-033   4.8538975784172744E-034   2.8035225777682491E-018   2.7419683717271960E-034  -3.0696412620379089E-034  -9.2477125039271800E-035  -6.4181391597586278E-034   3.5322018396251257E-036   4.0802459391723974E-036  -1.6122346615783485E-033  -5.9735768347961491E-036  -6.4181391597586278E-034  -7.7354134895678026E-035   7.6401112927301481E-035   4.2874128786861701E-035
   3.7242953263445146E-018  -1.1045235778092067E-033   1.0737250634812193E-033   2.7238690893589417E-034   1.5732570305681786E-018   1.5387145631084663E-034  -1.7225952575233836E-034  -5.1895528963631458E-035  -3.6016769175774747E-034   1.9821710806409111E-036   2.2897178218412335E-036  -9.0474017807732420E-034  -3.3522012012699846E-036  -3.6016769175774747E-034  -4.3408937574892896E-035   4.2874128786861701E-035   2.4059740084958067E-035
