   8.6365701551339402E-017  -2.2166766481082456E-017  -3.4031472387087468E-017  -1.6087458628167223E-017  -1.2247764683054365E-016  -7.0278238356141942E-017   4.8870916649107755E-018   4.5446957012842218E-018  -5.8998501636722553E-018   7.2606029411796694E-009  -1.7392178073463110E-017  -1.6173644491302062E-017   2.0996364721595049E-017   6.7595477371504246E-009  -5.3183745548158754E-017  -2.4833604385168534E-018   1.6598220363268152E-017   3.0872197700058166E-017  -1.2117328086168869E-017   2.2311645768460517E-017   2.1274302188652769E-025   5.5975764107655966E-026   4.1774917387908223E-025  -7.2879429137788879E-026   6.5633020718636231E-027  -7.2361668932911760E-025  -3.6308106067846259E-026   9.9597017706006640E-025   4.4030311274794014E-025   7.8790271132366113E-025  -6.3298676959797523E-017  -7.7743077632775605E-019   2.0343417509976806E-017   3.3913046263718851E-017  -2.6031133588469616E-018   2.9385600980615580E-017  -7.5741261571954127E-016  -7.0434622260091176E-016   9.1437116256427608E-016  -3.1449098273419319E-009   5.8029757095304843E-010
  -2.2166766481082456E-017   5.6897835156619704E-018   8.7346895516153554E-018   4.1284834293570187E-018   3.1437619121372649E-017   1.8038281925310197E-017   9.6211683286730759E-019  -3.5301919462630393E-018   1.2311091320322704E-018  -1.8636686192602719E-009  -3.4239803038513417E-018   1.2563240040493941E-017  -4.3812658619105946E-018  -1.7349375005538973E-009   1.3641782083175031E-017   6.3739099268938798E-019  -4.2573822123928012E-018  -7.9193290351671792E-018   3.1103101763569559E-018  -5.7224783690787667E-018  -3.3851700060499356E-026   2.5529139680848984E-026  -1.1518100072691959E-025   6.2651107104972927E-028  -8.0356217482261569E-027   1.7447297113000311E-025  -3.1150534176694729E-026  -2.5120976711587654E-025  -1.0658713331087481E-025  -1.9964923015117946E-025   1.6268397098853000E-017   2.0012630634457111E-019  -5.2283769580439562E-018  -8.7164085125489549E-018   6.7075593115615062E-019  -7.5519810526377003E-018  -1.4911100341552969E-016   5.4711678441289470E-016  -1.9079983538271426E-016   8.3719933852175568E-010  -1.5615189269200150E-010
  -3.4031472387087468E-017   8.7346895516153554E-018   1.3409765261046474E-017   6.3389406137158785E-018   4.8261615902666318E-017   2.7692529986141122E-017  -1.8217115811935274E-018  -1.2892361169442577E-018   1.5919838764318947E-018  -2.8610027438058371E-009   6.4831058095432308E-018   4.5881266052219280E-018  -5.6655442269527476E-018  -2.6635323755124278E-009   2.0954198755643797E-017   9.7854340414972031E-019  -6.5396080212597061E-018  -1.2163672685153860E-017   4.7747715731226060E-018  -8.7905647059309819E-018  -7.5372096835417731E-026  -2.8799836336716278E-026  -1.5533006416104871E-025   2.3934734750931478E-026   1.3161834177844022E-027   2.7816780549818466E-025   1.3136086516219725E-026  -3.9692733898853110E-025  -1.6733691610715650E-025  -3.1406253218948080E-025   2.4948117522991906E-017   3.0649748430099264E-019  -8.0179953654439830E-018  -1.3366373333166389E-017   1.0264409393780301E-018  -1.1581732505935683E-017   2.8233301613981028E-016   1.9980835333661592E-016  -2.4672891019996990E-016   1.2473278107013042E-009  -2.3060975132034116E-010
  -1.6087458628167223E-017   4.1284834293570187E-018   6.3389406137158785E-018   2.9973489029637876E-018   2.2811091990425085E-017   1.3090108815035973E-017   1.1992124707461432E-018  -2.7475773685610596E-018  -5.2630933550469144E-019  -1.3522475826056573E-009  -4.2677562984734749E-018   9.7780731960212157E-018   1.8730322831425161E-018  -1.2590835555206233E-009   9.9175870532922940E-018   4.6256921262266246E-019  -3.0953404128677202E-018  -5.7563001184828527E-018   2.2567783652285369E-018  -4.1613049293802575E-018  -3.3543552700922695E-026   1.1828835167138310E-026  -6.8744721193869896E-026   2.0812986096835994E-026  -2.1995999578125198E-026   1.2132088712679313E-025   1.1043577004701707E-026  -1.8330296152350757E-025  -9.9652409621902585E-026  -1.5509203902854163E-025   1.1762076747174217E-017   1.4404693701170032E-019  -3.7802989241812691E-018  -6.3011392411741726E-018   4.8145958329114464E-019  -5.4609318498049656E-018  -1.8585664205121697E-016   4.2582550187078958E-016   8.1568742954101646E-017   5.4679554741625260E-010  -9.8718282072048995E-011
  -1.2247764683054365E-016   3.1437619121372649E-017   4.8261615902666318E-017   2.2811091990425085E-017   1.7370149798122127E-016   9.9666548611810902E-017  -7.7188655059193076E-018   5.9717696434075859E-018   5.5774235173378707E-019  -1.0297280681595224E-008   2.7469892977618301E-017  -2.1252349196410633E-017  -1.9848696039800479E-018  -9.5860177600618982E-009   7.5375539654460687E-017   3.5217645475222563E-018  -2.3523512333750215E-017  -4.3756965696738375E-017   1.7185316889019264E-017  -3.1618713845022561E-017  -1.9153041648735776E-025  -2.4831766636611699E-025  -4.8080893270973560E-025   2.5037882749804373E-026   8.2790079511384245E-026   9.4861794287529250E-025   5.8351200344962323E-026  -1.4812791492412040E-024  -5.0793177237789483E-025  -1.1495662653031966E-024   8.9885297235082932E-017   1.1056957558943997E-018  -2.8887563609222188E-017  -4.8159403538101994E-017   3.7058538778835936E-018  -4.1725852062082496E-017   1.1962873350154386E-015  -9.2551934987614077E-016  -8.6439100909341518E-017   4.6227780176216550E-009  -8.6206470946358889E-010
  -7.0278238356141942E-017   1.8038281925310197E-017   2.7692529986141122E-017   1.3090108815035973E-017   9.9666548611810902E-017   5.7188125884268002E-017  -6.4135898942081140E-018  -1.9775790808710999E-018   6.1698704818374279E-018  -5.9083549838799230E-009   2.2824678635535622E-017   7.0377948310864411E-018  -2.1957315898359544E-017  -5.5004638406976975E-009   4.3266154776525629E-017   2.0207910953944797E-018  -1.3502878778285663E-017  -2.5115895479168648E-017   9.8605491077446208E-018  -1.8150339223107070E-017  -1.7873354580803249E-025  -6.4902142776039102E-026  -3.4395281922237173E-025   5.2825557482350756E-026   1.5360888279309347E-026   6.0091115790869845E-025   2.3172535015940399E-026  -8.1388204125331710E-025  -3.4074602542550323E-025  -6.3567080555545264E-025   5.1536599215858674E-017   6.3338386106552988E-019  -1.6563118256264101E-017  -2.7611906532686828E-017   2.1216539190011753E-018  -2.3924668623904655E-017   9.9399274120873144E-016   3.0648892847536441E-016  -9.5621966559146981E-016   2.5981173673686634E-009  -4.8157377565016850E-010
   4.8870916649107755E-018   9.6211683286730759E-019  -1.8217115811935274E-018   1.1992124707461432E-018  -7.7188655059193076E-018  -6.4135898942081140E-018   8.2453533885919609E-005   1.9887403122562164E-013   6.1250804521326439E-012  -5.9799327648069885E-017  -2.9343556316835216E-004  -4.1302760261764348E-013  -2.0950714345859363E-011  -4.5343504301325622E-017   1.1743069466658383E-017  -1.6215152009958786E-018  -2.2787565723165311E-018  -4.6513195135810977E-018   3.8536741206067769E-018  -6.1141596370523895E-018   3.2920406908359085E-013  -4.0184568063393636E-014  -4.3632187744525179E-013  -2.6103979028368434E-013  -1.5415001480033570E-013  -1.8069019710695976E-013   1.5954738704896371E-014   1.1628723139346678E-013   1.8774935125912273E-014   2.3854199131989709E-013   5.6186739065185903E-018  -1.9541764732570133E-019  -1.2798136541200644E-018  -1.0777730138610505E-018  -1.1443245656591169E-018  -4.3647239718680825E-018  -1.2778834630653583E-002  -1.5402892481366496E-011  -4.7243126628670502E-010   1.0753017488360314E-015  -1.6662651424033145E-015
   4.5446957012842218E-018  -3.5301919462630393E-018  -1.2892361169442577E-018  -2.7475773685610596E-018   5.9717696434075859E-018  -1.9775790808710999E-018   1.9887403122562164E-013   8.2453566401064239E-005   1.5561368313096247E-012   4.6174725323436004E-016  -4.1306440082252770E-013  -2.9343567517691968E-004  -3.8786277490183062E-012   4.2624439749275648E-016  -1.5184455352290174E-018   3.1600514465192651E-018   5.9335991510100841E-018  -4.9769690890695910E-018  -3.8465283559633528E-018   4.3326781431709979E-019   1.4970027794382808E-014  -1.2753755560855642E-012   1.5958650809017471E-014  -3.9016252917803401E-014   3.3188812777099855E-013   1.8931502139799521E-014   7.7427688288302237E-013  -1.5659853052747691E-013   2.3666438487695311E-013   1.0482804302883683E-013  -4.1616166213067397E-018  -3.2038665508912625E-020  -2.9146351984687961E-018   3.1868006699047347E-018   1.9644594429747612E-018  -1.6868806700732537E-018  -1.5404996258050503E-011  -1.2778837138377705E-002  -1.2037600372304514E-010  -2.0655871890475201E-015   1.1733672877008263E-015
  -5.8998501636722553E-018   1.2311091320322704E-018   1.5919838764318947E-018  -5.2630933550469144E-019   5.5774235173378707E-019   6.1698704818374279E-018   6.1250804521326439E-012   1.5561368313096247E-012   8.2453566142777398E-005  -4.1210698235813052E-016  -2.0950715912327685E-011  -3.8785972490261629E-012  -2.9343567348133210E-004  -3.9315896322775086E-016  -6.1282712823031166E-018  -2.0054240080876758E-018   1.1048420509664282E-018   5.0404447329823804E-018   7.9181754837818737E-018   7.7808312298232066E-019  -5.8039037037385452E-013   1.5943510805266942E-014  -1.0793461833813575E-012   1.1628472415532390E-013  -1.3107288033021955E-014   6.6237983565583582E-013   1.0662866317162106E-013   3.5257094779822658E-013  -1.5900873893901323E-013   5.4171234676428802E-013   2.0376538479835532E-019   1.6819760105115752E-018   7.4586942015692257E-019  -1.2778531359478318E-018  -1.7590451061354212E-019   9.1783970813785161E-019  -4.7243215039470790E-010  -1.2037464491109709E-010  -1.2778837118652424E-002  -1.1210322499050872E-015   1.0914087787325683E-015
   7.2606029411796694E-009  -1.8636686192602719E-009  -2.8610027438058371E-009  -1.3522475826056573E-009  -1.0297280681595224E-008  -5.9083549838799230E-009  -5.9799327648069885E-017   4.6174725323436004E-016  -4.1210698235813052E-016  0.61044087333467167        1.3295572145867323E-016  -3.9613496584258730E-016   8.9100949717115574E-017  0.56826475560702283       -4.4680657253987264E-009  -2.0877412368648658E-010   1.3944090266664819E-009   2.5938160165763546E-009  -1.0187718687270950E-009   1.8742580267902218E-009   9.1194414902333427E-018   9.5730771056894170E-018   3.0424447822762011E-017   3.2607491338301292E-019  -2.4511667129772295E-018  -5.5175533461489637E-017   1.8517137769966522E-019   8.6724766378969562E-017   3.1131393501966233E-017   6.7383930609670749E-017  -5.3292175570110083E-009  -6.5566130888433209E-011   1.7127145663871893E-009   2.8553408160573533E-009  -2.1977332286471473E-010   2.4738742796290073E-009   2.3722831999364224E-016   1.6549444626365818E-016  -2.4761268588288490E-016 -0.27500856591595918        5.3555518454745488E-002
  -1.7392178073463110E-017  -3.4239803038513417E-018   6.4831058095432308E-018  -4.2677562984734749E-018   2.7469892977618301E-017   2.2824678635535622E-017  -2.9343556316835216E-004  -4.1306440082252770E-013  -2.0950715912327685E-011   1.3295572145867323E-016   1.0442782216109703E-003   4.2114574680710954E-013   7.1544315808785598E-011   1.2109478913856740E-016  -4.1791226610464652E-017   5.7706468653409752E-018   8.1096373423723343E-018   1.6553112468816920E-017  -1.3714451841666291E-017   2.1759066568237277E-017  -1.1715711546070740E-012   1.4300880074276563E-013   1.5527818989326418E-012   9.2898817489425378E-013   5.4858893682626642E-013   6.4304011987159160E-013  -5.6779706071118879E-014  -4.1384289274837206E-013  -6.6816223240547777E-014  -8.4892302092547613E-013  -1.9995726890694330E-017   6.9545229023189575E-019   4.5545981576783026E-018   3.8355749715381948E-018   4.0724217990141072E-018   1.5533173638766685E-017   4.5477305335016267E-002   9.1443492025970340E-012   1.5499847118193363E-009   2.1924996368945210E-015   1.3922523330593084E-015
  -1.6173644491302062E-017   1.2563240040493941E-017   4.5881266052219280E-018   9.7780731960212157E-018  -2.1252349196410633E-017   7.0377948310864411E-018  -4.1302760261764348E-013  -2.9343567517691968E-004  -3.8785972490261629E-012  -3.9613496584258730E-016   4.2114574680710954E-013   1.0442786070369826E-003   7.8978530851095580E-012  -3.8856267859201429E-016   5.4038353488274872E-018  -1.1245988602146615E-017  -2.1116484907687497E-017   1.7712037279660526E-017   1.3689019619201801E-017  -1.5419102199195714E-018  -5.3275331450906730E-014   4.5388053392180447E-012  -5.6793654890807705E-014   1.3885100588792750E-013  -1.1811231602664990E-012  -6.7373399467012870E-014  -2.7554958461819562E-012   5.5730271184210253E-013  -8.4224099521940651E-013  -3.7306192996927044E-013   1.4810342188633517E-017   1.1401895297619478E-019   1.0372605897465946E-017  -1.1341175058389559E-017  -6.9911174262095300E-018   6.0032763203381416E-018   9.1461330505958197E-012   4.5477313685091968E-002   1.7121944394681138E-010   5.7320234931391672E-016  -1.9650961842726496E-016
   2.0996364721595049E-017  -4.3812658619105946E-018  -5.6655442269527476E-018   1.8730322831425161E-018  -1.9848696039800479E-018  -2.1957315898359544E-017  -2.0950714345859363E-011  -3.8786277490183062E-012  -2.9343567348133210E-004   8.9100949717115574E-017   7.1544315808785598E-011   7.8978530851095580E-012   1.0442785982396879E-003   9.4729955612791363E-017   2.1809297353687435E-017   7.1369015940293242E-018  -3.9319142614356907E-018  -1.7937936554960958E-017  -2.8179193184145142E-017  -2.7690462969172710E-018   2.0654927067869186E-012  -5.6739777307380291E-014   3.8411761760358904E-012  -4.1383397019992002E-013   4.6646209394313906E-014  -2.3572767363539889E-012  -3.7946997025798911E-013  -1.2547291587038052E-012   5.6588015523558314E-013  -1.9278453845724017E-012  -7.2515042423372474E-019  -5.9858145614853004E-018  -2.6544025761474615E-018   4.5476174602446193E-018   6.2600903393814133E-019  -3.2664116995304283E-018   1.5499876154059279E-009   1.7121933516448754E-010   4.5477313494565998E-002   1.1838828167996606E-015  -6.2704662288677083E-016
   6.7595477371504246E-009  -1.7349375005538973E-009  -2.6635323755124278E-009  -1.2590835555206233E-009  -9.5860177600618982E-009  -5.5004638406976975E-009  -4.5343504301325622E-017   4.2624439749275648E-016  -3.9315896322775086E-016  0.56826475560702283        1.2109478913856740E-016  -3.8856267859201429E-016   9.4729955612791363E-017  0.52905806485695850       -4.1621037908840613E-009  -1.9436449001345242E-010   1.2989539842391192E-009   2.4160507009271094E-009  -9.4839415210052730E-010   1.7460607235279135E-009   1.1111840256033836E-017   9.4413373441842157E-018   2.8825327940425427E-017  -3.3109840157142622E-018  -1.4845380157793268E-018  -5.1161300593605446E-017  -4.3023626835896372E-018   8.0106617798875486E-017   3.0710236629861577E-017   6.3243190169085480E-017  -4.9552196258472295E-009  -6.0874900803008628E-011   1.5925426411483376E-009   2.6548396975369984E-009  -2.0386223502970060E-010   2.3003775992417458E-009  -1.1147143367370241E-017  -7.8549347021835496E-016   2.1152501513493734E-017 -0.24760851660533670        4.1207848021017277E-002
  -5.3183745548158754E-017   1.3641782083175031E-017   2.0954198755643797E-017   9.9175870532922940E-018   7.5375539654460687E-017   4.3266154776525629E-017   1.1743069466658383E-017  -1.5184455352290174E-018  -6.1282712823031166E-018  -4.4680657253987264E-009  -4.1791226610464652E-017   5.4038353488274872E-018   2.1809297353687435E-017  -4.1621037908840613E-009   3.2918752478049918E-017   1.5290962394241903E-018  -1.0275841853474985E-017  -1.9098324953307001E-017   7.4567065013548737E-018  -1.3820484046915445E-017  -2.0910712237875533E-025  -1.5219889467547029E-025  -2.1773360472111343E-025   2.1867787064130531E-025  -1.6927940208142460E-025   4.0608197326205350E-025   3.8982586084976069E-025  -5.9706192898090245E-025  -4.8703575825661946E-025  -5.2557253250475557E-025   3.8539648275451751E-017   4.6698874627174765E-019  -1.2387885757000645E-017  -2.0639835070473145E-017   1.5504453893688524E-018  -1.7899793046409476E-017  -1.8199674122085521E-015   2.3533162784084212E-016   9.4977371795935387E-016   1.3383222814544362E-009  -2.1166838940418089E-010
  -2.4833604385168534E-018   6.3739099268938798E-019   9.7854340414972031E-019   4.6256921262266246E-019   3.5217645475222563E-018   2.0207910953944797E-018  -1.6215152009958786E-018   3.1600514465192651E-018  -2.0054240080876758E-018  -2.0877412368648658E-010   5.7706468653409752E-018  -1.1245988602146615E-017   7.1369015940293242E-018  -1.9436449001345242E-010   1.5290962394241903E-018   7.1406709769054851E-020  -4.7721674521310407E-019  -8.8762184302537702E-019   3.4842634640148462E-019  -6.4147721532378441E-019   4.0610121335689086E-027  -5.2129110893087476E-026   2.4943414410926258E-026   1.9507734523350944E-027   1.6300839403389469E-026   7.2708188224165361E-027   2.8520602654946093E-026  -4.6312483861916618E-026   8.5846252338937575E-028  -3.7028099788919905E-026   1.8204820463232709E-018   2.2364711449969450E-020  -5.8507904824543124E-019  -9.7535303928488737E-019   7.4896713879934758E-020  -8.4512815424700542E-019   2.5130607444879809E-016  -4.8975183001089011E-016   3.1080509184789248E-016   9.0961261883276602E-011  -1.6810928927244148E-011
   1.6598220363268152E-017  -4.2573822123928012E-018  -6.5396080212597061E-018  -3.0953404128677202E-018  -2.3523512333750215E-017  -1.3502878778285663E-017  -2.2787565723165311E-018   5.9335991510100841E-018   1.1048420509664282E-018   1.3944090266664819E-009   8.1096373423723343E-018  -2.1116484907687497E-017  -3.9319142614356907E-018   1.2989539842391192E-009  -1.0275841853474985E-017  -4.7721674521310407E-019   3.2077107480847756E-018   5.9615559620797704E-018  -2.3271126426906845E-018   4.3143034830070371E-018   8.0118341649451294E-026  -3.6639341533448797E-026   7.2382128970417429E-026  -7.9376546497811020E-026   7.4199303476047433E-026  -1.3591989501773086E-025  -7.5861771511141179E-026   1.7396100644009661E-025   1.7265128400116676E-025   1.6993573446504906E-025  -1.2022267965410743E-017  -1.4559245277057804E-019   3.8643669114969500E-018   6.4383953625516086E-018  -4.8320641836690472E-019   5.5838662876384303E-018   3.5316683684352204E-016  -9.1960226065569505E-016  -1.7123105127211116E-016  -4.0999189772499889E-010   6.4191145386622546E-011
   3.0872197700058166E-017  -7.9193290351671792E-018  -1.2163672685153860E-017  -5.7563001184828527E-018  -4.3756965696738375E-017  -2.5115895479168648E-017  -4.6513195135810977E-018  -4.9769690890695910E-018   5.0404447329823804E-018   2.5938160165763546E-009   1.6553112468816920E-017   1.7712037279660526E-017  -1.7937936554960958E-017   2.4160507009271094E-009  -1.9098324953307001E-017  -8.8762184302537702E-019   5.9615559620797704E-018   1.1080830215464606E-017  -4.3287985556936196E-018   8.0175277815573257E-018   1.0578794338844674E-025   1.7270188692944949E-025   9.3737764430067257E-026  -1.1440323372986619E-025   6.1470900506368494E-026  -2.2551273399280301E-025  -2.5637556180267625E-025   3.6955594789039005E-025   2.4858186052992053E-025   3.1237362796037261E-025  -2.2398746959832895E-017  -2.7180524405328570E-019   7.1995722292023986E-018   1.1996122646826937E-017  -9.0325511295236891E-019   1.0402612726357791E-017   7.2087200603373699E-016   7.7134200312064634E-016  -7.8117967969440195E-016  -8.1387553231495369E-010   1.3188267628251820E-010
  -1.2117328086168869E-017   3.1103101763569559E-018   4.7747715731226060E-018   2.2567783652285369E-018   1.7185316889019264E-017   9.8605491077446208E-018   3.8536741206067769E-018  -3.8465283559633528E-018   7.9181754837818737E-018  -1.0187718687270950E-009  -1.3714451841666291E-017   1.3689019619201801E-017  -2.8179193184145142E-017  -9.4839415210052730E-010   7.4567065013548737E-018   3.4842634640148462E-019  -2.3271126426906845E-018  -4.3287985556936196E-018   1.7002470315521988E-018  -3.1279217985218396E-018  -5.5966386518717916E-026   4.3638600449290934E-026  -1.7575369850435394E-025   2.4628172174701959E-028  -1.9065517279139454E-026   1.4564376799106203E-025  -2.6075778859354491E-026  -9.8124035916327245E-026  -7.6283792729344540E-026  -5.4285498220476868E-026   8.8943013764261307E-018   1.0943207988402802E-019  -2.8584671758734702E-018  -4.7654821028249499E-018   3.6681780730831756E-019  -4.1288151608373744E-018  -5.9725104623193962E-016   5.9614341394104893E-016  -1.2271763285198625E-015   4.5939363804868211E-010  -8.5812183040289731E-011
   2.2311645768460517E-017  -5.7224783690787667E-018  -8.7905647059309819E-018  -4.1613049293802575E-018  -3.1618713845022561E-017  -1.8150339223107070E-017  -6.1141596370523895E-018   4.3326781431709979E-019   7.7808312298232066E-019   1.8742580267902218E-009   2.1759066568237277E-017  -1.5419102199195714E-018  -2.7690462969172710E-018   1.7460607235279135E-009  -1.3820484046915445E-017  -6.4147721532378441E-019   4.3143034830070371E-018   8.0175277815573257E-018  -3.1279217985218396E-018   5.8029797441609503E-018   1.0829827234173640E-025   7.2728826581390462E-026   1.2170329176228973E-025  -1.0493188809289771E-025   8.1629044953453246E-026  -1.8659403928145218E-025  -1.9058172703724212E-025   2.3907592070851358E-025   2.2187326774047859E-025   2.0628485365858104E-025  -1.6140982982285273E-017  -1.9518464830431239E-019   5.1883397358249836E-018   8.6437563635044813E-018  -6.4719441110928601E-019   7.4972180468976353E-018   9.4758625141010323E-016  -6.7148633402973411E-017  -1.2058931617823205E-016  -5.2446364310178466E-010   7.9806880216468089E-011
   2.1274302188652769E-025  -3.3851700060499356E-026  -7.5372096835417731E-026  -3.3543552700922695E-026  -1.9153041648735776E-025  -1.7873354580803249E-025   3.2920406908359085E-013   1.4970027794382808E-014  -5.8039037037385452E-013   9.1194414902333427E-018  -1.1715711546070740E-012  -5.3275331450906730E-014   2.0654927067869186E-012   1.1111840256033836E-017  -2.0910712237875533E-025   4.0610121335689086E-027   8.0118341649451294E-026   1.0578794338844674E-025  -5.5966386518717916E-026   1.0829827234173640E-025   5.4024646210447860E-021  -5.0422089811861086E-022   5.8583523983907322E-021  -1.8678393795370385E-021  -4.6294076109319103E-022  -5.3804764205301624E-021  -5.4628237638275726E-022  -2.0458888049077392E-021   1.2371909754457947E-021  -2.8416760968514486E-021   4.4706889217735766E-025   3.8541449340566696E-028  -1.4596721166118610E-025  -2.3350292300688008E-025   5.6730142054665353E-026  -2.1224816234502442E-025  -5.1020792400532420E-011  -2.3200889970654292E-012   8.9950192744695769E-011   7.2685939888907268E-016  -8.9600359662333588E-017
   5.5975764107655966E-026   2.5529139680848984E-026  -2.8799836336716278E-026   1.1828835167138310E-026  -2.4831766636611699E-025  -6.4902142776039102E-026  -4.0184568063393636E-014  -1.2753755560855642E-012   1.5943510805266942E-014   9.5730771056894170E-018   1.4300880074276563E-013   4.5388053392180447E-012  -5.6739777307380291E-014   9.4413373441842157E-018  -1.5219889467547029E-025  -5.2129110893087476E-026  -3.6639341533448797E-026   1.7270188692944949E-025   4.3638600449290934E-026   7.2728826581390462E-026  -5.0422089811861086E-022   1.9749925642339850E-020  -2.4290589904658521E-022   7.5320138038071878E-022  -5.0609882193955462E-021  -7.6687247005469724E-023  -1.1963520192943262E-020   2.4337359950306264E-021  -3.7005748762252521E-021  -1.6329678441702408E-021   1.9797382893382262E-025   5.9360227299572550E-027   2.9491218510219350E-027  -1.2638816753035058E-025  -6.1023206714495435E-027  -3.0531784449531969E-026   6.2278948363457373E-012   1.9766054076444800E-010  -2.4709628756545109E-012   3.1222506461834249E-016   1.4398189120132743E-016
   4.1774917387908223E-025  -1.1518100072691959E-025  -1.5533006416104871E-025  -6.8744721193869896E-026  -4.8080893270973560E-025  -3.4395281922237173E-025  -4.3632187744525179E-013   1.5958650809017471E-014  -1.0793461833813575E-012   3.0424447822762011E-017   1.5527818989326418E-012  -5.6793654890807705E-014   3.8411761760358904E-012   2.8825327940425427E-017  -2.1773360472111343E-025   2.4943414410926258E-026   7.2382128970417429E-026   9.3737764430067257E-026  -1.7575369850435394E-025   1.2170329176228973E-025   5.8583523983907322E-021  -2.4290589904658521E-022   1.6441006877722765E-020  -1.4840743232970729E-022   1.0515352652890267E-021  -7.7109569906997915E-021  -1.3303755602173618E-021  -5.2609473927677290E-021   2.0279341562245289E-021  -8.3332154501850910E-021  -2.7356837521967005E-025  -2.3544363561568466E-026   7.3801689023577260E-026   1.5130838543233730E-025   1.0103788847208173E-027   1.2285746225975223E-025   6.7622142319420670E-011  -2.4733088652129180E-012   1.6727947026638719E-010   2.3232763865104071E-017  -1.1333097388905523E-016
  -7.2879429137788879E-026   6.2651107104972927E-028   2.3934734750931478E-026   2.0812986096835994E-026   2.5037882749804373E-026   5.2825557482350756E-026  -2.6103979028368434E-013  -3.9016252917803401E-014   1.1628472415532390E-013   3.2607491338301292E-019   9.2898817489425378E-013   1.3885100588792750E-013  -4.1383397019992002E-013  -3.3109840157142622E-018   2.1867787064130531E-025   1.9507734523350944E-027  -7.9376546497811020E-026  -1.1440323372986619E-025   2.4628172174701959E-028  -1.0493188809289771E-025  -1.8678393795370385E-021   7.5320138038071878E-022  -1.4840743232970729E-022   1.0088855143438711E-021   3.1249218845818300E-022   1.4972473652997856E-021  -2.6651267344633095E-022   2.0317985054538445E-022  -3.9567792082892930E-022  -4.0824112516990706E-023  -5.9447196009225238E-025  -1.2970480744074549E-026   1.9015240799616765E-025   3.2179870026879584E-025  -6.9468028419043901E-026   2.7315739698299312E-025   4.0456536059684809E-011   6.0468257902063447E-012  -1.8022066819819713E-011  -8.3249959295269019E-016   2.9198433348449286E-016
   6.5633020718636231E-027  -8.0356217482261569E-027   1.3161834177844022E-027  -2.1995999578125198E-026   8.2790079511384245E-026   1.5360888279309347E-026  -1.5415001480033570E-013   3.3188812777099855E-013  -1.3107288033021955E-014  -2.4511667129772295E-018   5.4858893682626642E-013  -1.1811231602664990E-012   4.6646209394313906E-014  -1.4845380157793268E-018  -1.6927940208142460E-025   1.6300839403389469E-026   7.4199303476047433E-026   6.1470900506368494E-026  -1.9065517279139454E-026   8.1629044953453246E-026  -4.6294076109319103E-022  -5.0609882193955462E-021   1.0515352652890267E-021   3.1249218845818300E-022   1.6261730422136320E-021   3.0871373476755346E-022   3.0698037733014920E-021  -9.0378293020074422E-022   9.4278656495583917E-022  -1.1012816444756071E-022   3.5127802189479075E-025   1.0054323759937900E-026  -1.2965578471153216E-025  -1.9484001547640355E-025   5.5136684101411490E-026  -1.6745721927162928E-025   2.3890516918756584E-011  -5.1436760373437676E-011   2.0313962544255700E-012   5.1520427034461486E-016   2.5121623336182596E-016
  -7.2361668932911760E-025   1.7447297113000311E-025   2.7816780549818466E-025   1.2132088712679313E-025   9.4861794287529250E-025   6.0091115790869845E-025  -1.8069019710695976E-013   1.8931502139799521E-014   6.6237983565583582E-013  -5.5175533461489637E-017   6.4304011987159160E-013  -6.7373399467012870E-014  -2.3572767363539889E-012  -5.1161300593605446E-017   4.0608197326205350E-025   7.2708188224165361E-027  -1.3591989501773086E-025  -2.2551273399280301E-025   1.4564376799106203E-025  -1.8659403928145218E-025  -5.3804764205301624E-021  -7.6687247005469724E-023  -7.7109569906997915E-021   1.4972473652997856E-021   3.0871373476755346E-022   5.7214556987780547E-021   9.9939917621691170E-022   2.5415428421568917E-021  -1.2641809066306675E-021   3.8530979334394573E-021   2.9257807950661586E-025   1.5003856581268000E-026  -9.0361995099176519E-026  -1.6669243307062265E-025  -4.0533140577056585E-028  -1.2813766708211460E-025   2.8003778073964216E-011  -2.9340453780242779E-012  -1.0265710157088162E-010  -2.2979837947970512E-016  -3.0898262654965958E-016
  -3.6308106067846259E-026  -3.1150534176694729E-026   1.3136086516219725E-026   1.1043577004701707E-026   5.8351200344962323E-026   2.3172535015940399E-026   1.5954738704896371E-014   7.7427688288302237E-013   1.0662866317162106E-013   1.8517137769966522E-019  -5.6779706071118879E-014  -2.7554958461819562E-012  -3.7946997025798911E-013  -4.3023626835896372E-018   3.8982586084976069E-025   2.8520602654946093E-026  -7.5861771511141179E-026  -2.5637556180267625E-025  -2.6075778859354491E-026  -1.9058172703724212E-025  -5.4628237638275726E-022  -1.1963520192943262E-020  -1.3303755602173618E-021  -2.6651267344633095E-022   3.0698037733014920E-021   9.9939917621691170E-022   7.4117947872118738E-021  -9.9208718256429780E-022   2.0203907636976723E-021   1.7310816947829435E-021  -9.3763289109330196E-025  -2.2991105021746325E-026   2.5884440671313622E-025   5.2810108751723292E-025  -9.3750324040752782E-026   3.8437298228412586E-025  -2.4727006241451235E-012  -1.1999915352501422E-010  -1.6525546212902484E-011  -1.2963862607811522E-015   1.0739673728700913E-016
   9.9597017706006640E-025  -2.5120976711587654E-025  -3.9692733898853110E-025  -1.8330296152350757E-025  -1.4812791492412040E-024  -8.1388204125331710E-025   1.1628723139346678E-013  -1.5659853052747691E-013   3.5257094779822658E-013   8.6724766378969562E-017  -4.1384289274837206E-013   5.5730271184210253E-013  -1.2547291587038052E-012   8.0106617798875486E-017  -5.9706192898090245E-025  -4.6312483861916618E-026   1.7396100644009661E-025   3.6955594789039005E-025  -9.8124035916327245E-026   2.3907592070851358E-025  -2.0458888049077392E-021   2.4337359950306264E-021  -5.2609473927677290E-021   2.0317985054538445E-022  -9.0378293020074422E-022   2.5415428421568917E-021  -9.9208718256429780E-022   1.9690124038360348E-021  -1.1029222383024336E-021   2.4536901941684663E-021  -8.3649962555181509E-025  -4.9972854254866281E-027   2.8072362262454647E-025   4.4601914709843143E-025  -4.9299636184609591E-026   3.9511613735321422E-025  -1.8022455362334610E-011   2.4269989152067644E-011  -5.4642229425786418E-011  -1.7792307185967650E-016   6.3307363318267218E-017
   4.4030311274794014E-025  -1.0658713331087481E-025  -1.6733691610715650E-025  -9.9652409621902585E-026  -5.0793177237789483E-025  -3.4074602542550323E-025   1.8774935125912273E-014   2.3666438487695311E-013  -1.5900873893901323E-013   3.1131393501966233E-017  -6.6816223240547777E-014  -8.4224099521940651E-013   5.6588015523558314E-013   3.0710236629861577E-017  -4.8703575825661946E-025   8.5846252338937575E-028   1.7265128400116676E-025   2.4858186052992053E-025  -7.6283792729344540E-026   2.2187326774047859E-025   1.2371909754457947E-021  -3.7005748762252521E-021   2.0279341562245289E-021  -3.9567792082892930E-022   9.4278656495583917E-022  -1.2641809066306675E-021   2.0203907636976723E-021  -1.1029222383024336E-021   9.9020956862382705E-022  -6.8947073560382974E-022   3.1486030605323421E-025   9.7296142897272031E-027  -1.1238189952548341E-025  -1.7508401731686169E-025   6.8532439562662904E-026  -1.4707659059215703E-025  -2.9097826623337267E-012  -3.6678773056400844E-011   2.4643528569361088E-011   8.4682571594225341E-016   3.0500270353501729E-016
   7.8790271132366113E-025  -1.9964923015117946E-025  -3.1406253218948080E-025  -1.5509203902854163E-025  -1.1495662653031966E-024  -6.3567080555545264E-025   2.3854199131989709E-013   1.0482804302883683E-013   5.4171234676428802E-013   6.7383930609670749E-017  -8.4892302092547613E-013  -3.7306192996927044E-013  -1.9278453845724017E-012   6.3243190169085480E-017  -5.2557253250475557E-025  -3.7028099788919905E-026   1.6993573446504906E-025   3.1237362796037261E-025  -5.4285498220476868E-026   2.0628485365858104E-025  -2.8416760968514486E-021  -1.6329678441702408E-021  -8.3332154501850910E-021  -4.0824112516990706E-023  -1.1012816444756071E-022   3.8530979334394573E-021   1.7310816947829435E-021   2.4536901941684663E-021  -6.8947073560382974E-022   4.3823873791490237E-021  -5.2514893783636290E-025   4.6213032801512281E-027   1.7043271313542460E-025   2.7947355439106583E-025  -1.9850279464237107E-026   2.4177394776337825E-025  -3.6969772621650981E-011  -1.6246482459814132E-011  -8.3955783138181118E-011   4.3328983354965722E-017  -7.8569931219356587E-017
  -6.3298676959797523E-017   1.6268397098853000E-017   2.4948117522991906E-017   1.1762076747174217E-017   8.9885297235082932E-017   5.1536599215858674E-017   5.6186739065185903E-018  -4.1616166213067397E-018   2.0376538479835532E-019  -5.3292175570110083E-009  -1.9995726890694330E-017   1.4810342188633517E-017  -7.2515042423372474E-019  -4.9552196258472295E-009   3.8539648275451751E-017   1.8204820463232709E-018  -1.2022267965410743E-017  -2.2398746959832895E-017   8.8943013764261307E-018  -1.6140982982285273E-017   4.4706889217735766E-025   1.9797382893382262E-025  -2.7356837521967005E-025  -5.9447196009225238E-025   3.5127802189479075E-025   2.9257807950661586E-025  -9.3763289109330196E-025  -8.3649962555181509E-025   3.1486030605323421E-025  -5.2514893783636290E-025   4.7539802703445073E-017   6.0046563998060536E-019  -1.5274229143055027E-017  -2.5491588456959701E-017   2.0450250504706031E-018  -2.2048197330646287E-017  -8.7079456269992838E-016   6.4497577757153909E-016  -3.1579566448056020E-017   3.8667708261487902E-009  -8.1021871095909117E-010
  -7.7743077632775605E-019   2.0012630634457111E-019   3.0649748430099264E-019   1.4404693701170032E-019   1.1056957558943997E-018   6.3338386106552988E-019  -1.9541764732570133E-019  -3.2038665508912625E-020   1.6819760105115752E-018  -6.5566130888433209E-011   6.9545229023189575E-019   1.1401895297619478E-019  -5.9858145614853004E-018  -6.0874900803008628E-011   4.6698874627174765E-019   2.2364711449969450E-020  -1.4559245277057804E-019  -2.7180524405328570E-019   1.0943207988402802E-019  -1.9518464830431239E-019   3.8541449340566696E-028   5.9360227299572550E-027  -2.3544363561568466E-026  -1.2970480744074549E-026   1.0054323759937900E-026   1.5003856581268000E-026  -2.2991105021746325E-026  -4.9972854254866281E-027   9.7296142897272031E-027   4.6213032801512281E-027   6.0046563998060536E-019   7.8183101594035207E-021  -1.9286250825977794E-019  -3.2228314487527416E-019   2.7099667716330218E-020  -2.7818235763563109E-019   3.0286281487809995E-017   4.9654128553686797E-018  -2.6067638224765546E-016   7.0068287420836496E-011  -1.5510491332858343E-011
   2.0343417509976806E-017  -5.2283769580439562E-018  -8.0179953654439830E-018  -3.7802989241812691E-018  -2.8887563609222188E-017  -1.6563118256264101E-017  -1.2798136541200644E-018  -2.9146351984687961E-018   7.4586942015692257E-019   1.7127145663871893E-009   4.5545981576783026E-018   1.0372605897465946E-017  -2.6544025761474615E-018   1.5925426411483376E-009  -1.2387885757000645E-017  -5.8507904824543124E-019   3.8643669114969500E-018   7.1995722292023986E-018  -2.8584671758734702E-018   5.1883397358249836E-018  -1.4596721166118610E-025   2.9491218510219350E-027   7.3801689023577260E-026   1.9015240799616765E-025  -1.2965578471153216E-025  -9.0361995099176519E-026   2.5884440671313622E-025   2.8072362262454647E-025  -1.1238189952548341E-025   1.7043271313542460E-025  -1.5274229143055027E-017  -1.9286250825977794E-019   4.9075274636975001E-018   8.1901993047913916E-018  -6.5671036247252143E-019   7.0840243827356398E-018   1.9834834947504101E-016   4.5171691189243741E-016  -1.1559664927999966E-016  -1.2366343504469714E-009   2.5889327111036921E-010
   3.3913046263718851E-017  -8.7164085125489549E-018  -1.3366373333166389E-017  -6.3011392411741726E-018  -4.8159403538101994E-017  -2.7611906532686828E-017  -1.0777730138610505E-018   3.1868006699047347E-018  -1.2778531359478318E-018   2.8553408160573533E-009   3.8355749715381948E-018  -1.1341175058389559E-017   4.5476174602446193E-018   2.6548396975369984E-009  -2.0639835070473145E-017  -9.7535303928488737E-019   6.4383953625516086E-018   1.1996122646826937E-017  -4.7654821028249499E-018   8.6437563635044813E-018  -2.3350292300688008E-025  -1.2638816753035058E-025   1.5130838543233730E-025   3.2179870026879584E-025  -1.9484001547640355E-025  -1.6669243307062265E-025   5.2810108751723292E-025   4.4601914709843143E-025  -1.7508401731686169E-025   2.7947355439106583E-025  -2.5491588456959701E-017  -3.2228314487527416E-019   8.1901993047913916E-018   1.3669385016532094E-017  -1.0982242147645599E-018   1.1822194468909834E-017   1.6703558134314826E-016  -4.9389701277129177E-016   1.9804429821830987E-016  -2.1010111066608453E-009   4.4131124019108218E-010
  -2.6031133588469616E-018   6.7075593115615062E-019   1.0264409393780301E-018   4.8145958329114464E-019   3.7058538778835936E-018   2.1216539190011753E-018  -1.1443245656591169E-018   1.9644594429747612E-018  -1.7590451061354212E-019  -2.1977332286471473E-010   4.0724217990141072E-018  -6.9911174262095300E-018   6.2600903393814133E-019  -2.0386223502970060E-010   1.5504453893688524E-018   7.4896713879934758E-020  -4.8320641836690472E-019  -9.0325511295236891E-019   3.6681780730831756E-019  -6.4719441110928601E-019   5.6730142054665353E-026  -6.1023206714495435E-027   1.0103788847208173E-027  -6.9468028419043901E-026   5.5136684101411490E-026  -4.0533140577056585E-028  -9.3750324040752782E-026  -4.9299636184609591E-026   6.8532439562662904E-026  -1.9850279464237107E-026   2.0450250504706031E-018   2.7099667716330218E-020  -6.5671036247252143E-019  -1.0982242147645599E-018   9.4858438276601222E-020  -9.4680052143083147E-019   1.7735001849183825E-016  -3.0445634556154421E-016   2.7262074221850914E-017   2.8151592157811735E-010  -6.3482851094344041E-011
   2.9385600980615580E-017  -7.5519810526377003E-018  -1.1581732505935683E-017  -5.4609318498049656E-018  -4.1725852062082496E-017  -2.3924668623904655E-017  -4.3647239718680825E-018  -1.6868806700732537E-018   9.1783970813785161E-019   2.4738742796290073E-009   1.5533173638766685E-017   6.0032763203381416E-018  -3.2664116995304283E-018   2.3003775992417458E-009  -1.7899793046409476E-017  -8.4512815424700542E-019   5.5838662876384303E-018   1.0402612726357791E-017  -4.1288151608373744E-018   7.4972180468976353E-018  -2.1224816234502442E-025  -3.0531784449531969E-026   1.2285746225975223E-025   2.7315739698299312E-025  -1.6745721927162928E-025  -1.2813766708211460E-025   3.8437298228412586E-025   3.9511613735321422E-025  -1.4707659059215703E-025   2.4177394776337825E-025  -2.2048197330646287E-017  -2.7818235763563109E-019   7.0840243827356398E-018   1.1822194468909834E-017  -9.4680052143083147E-019   1.0225994917451866E-017   6.7645468345691552E-016   2.6143689833146933E-016  -1.4224906533235739E-016  -1.7657652283451400E-009   3.6891230219434621E-010
  -7.5741261571954127E-016  -1.4911100341552969E-016   2.8233301613981028E-016  -1.8585664205121697E-016   1.1962873350154386E-015   9.9399274120873144E-016  -1.2778834630653583E-002  -1.5404996258050503E-011  -4.7243215039470790E-010   2.3722831999364224E-016   4.5477305335016267E-002   9.1461330505958197E-012   1.5499876154059279E-009  -1.1147143367370241E-017  -1.8199674122085521E-015   2.5130607444879809E-016   3.5316683684352204E-016   7.2087200603373699E-016  -5.9725104623193962E-016   9.4758625141010323E-016  -5.1020792400532420E-011   6.2278948363457373E-012   6.7622142319420670E-011   4.0456536059684809E-011   2.3890516918756584E-011   2.8003778073964216E-011  -2.4727006241451235E-012  -1.8022455362334610E-011  -2.9097826623337267E-012  -3.6969772621650981E-011  -8.7079456269992838E-016   3.0286281487809995E-017   1.9834834947504101E-016   1.6703558134314826E-016   1.7735001849183825E-016   6.7645468345691552E-016   1.9804926098561997       -2.1774322050819618E-012  -6.8428868853828012E-010  -8.5455706472876582E-016   4.4001407125958642E-016
