  0.42194418005011086       -1.5840051367663880E-016  -9.0199860926752640E-016  -1.5267027762469191E-015   1.5659775106904293E-016   2.3032107068488531E-018  -9.8437564161156792E-017   2.1658695920377512E-016   1.8257707177800118E-016   2.6222145936830925E-017  0.63408177449526826        1.8787819233451945E-016  -8.4481033280070505E-016  -2.0916601364871082E-015   4.4601591594039551E-016   2.8127166903243290E-017  -6.4800885962300705E-018   5.5635468571386213E-016   3.4210571130838500E-017   5.4203230344073707E-016   1.3070972419606329E-015   2.5985664246833487E-017  -1.1955141686231191E-017   1.8135337599430993E-016   2.3197401650913791E-018   1.4075086736893518E-016   1.4167713788977431E-016  -8.1375639535177728E-018   1.2756951221991499E-016   6.1776854658598012E-017   1.9753434280426778E-016  -7.2086568086083392E-018   5.4141765471182921E-018   2.5400134384090620E-016   1.5253922618480342E-017   2.5399988684844858E-016  -2.5974257078106596E-016
  -1.5840051367663880E-016  0.42194418005010975        3.6070267199704027E-016  -1.0335802129979358E-015   1.9905337368488602E-017  -6.0511084092204210E-017  -3.3985418197513004E-017   4.4813236936924892E-016  -3.4775787751269241E-017   4.2182641907739428E-016  -4.1958014732718215E-016  0.63408177449525649        3.6831636403880114E-016  -9.9842850208963240E-016   4.8513097504806192E-016   9.6105075623724527E-019   7.1942881890388294E-018   4.3280653266356021E-016   2.7160298136021298E-017   4.3228845959906480E-016  -5.2382397612286954E-017   2.1894598190005309E-015  -8.7997491115025537E-017  -2.2907654226339944E-017   1.3135456299653962E-018  -2.3615892601132118E-017   5.9930360239947206E-015  -1.1065229515562741E-016   2.0332561410843948E-015  -2.3987215748407497E-016   1.8786041503018471E-016  -3.0808886039324410E-018  -2.7909273105610374E-018   1.8422497975123967E-016  -8.5416320687617162E-019   1.8978016566705220E-016  -4.9205478718411436E-016
  -9.0199860926752640E-016   3.6070267199704027E-016  0.42194418005010820        1.3156527881778349E-015  -1.3090170414974888E-016   2.6886929256248887E-017   1.7052141394794253E-016  -2.7930198572694667E-016   3.0754366855216358E-017  -1.4635485556039724E-016   2.8948198005362968E-017   1.6884627058411753E-016  0.63408177449525360        6.1105745364439509E-015  -2.3341912217841118E-015  -7.3673225039170363E-018  -1.5992076974565473E-017  -2.2757159035873199E-015  -3.4939295154978909E-017  -2.2455916058753473E-015   4.5843468233446293E-017  -8.7350716701714141E-017   3.2681438963038399E-015   1.1906443611458390E-017  -9.6698768501023966E-018   2.5035788817222797E-017  -1.3591869203264908E-016   3.5577301554047956E-015  -1.2947415068832954E-016   8.3725775478525799E-015  -1.0843576410845480E-015   2.1242479927425662E-018  -7.6466871602025534E-018  -1.0736531433668264E-015   1.4300580598847612E-018  -1.0805190264096617E-015   2.4124704346860242E-017
  -1.5267027762469191E-015  -1.0335802129979358E-015   1.3156527881778349E-015  0.60174889926059094       -1.1924620193685747E-014  -9.7117084089261165E-017  -5.1927599789898855E-017  -1.1601745388201508E-014  -1.7138819137855422E-016  -1.2515845895388094E-014  -1.2205263241678158E-015  -1.2820674571599730E-015   2.1609055613364450E-015  0.59832761656362099       -2.5265683828518363E-014   1.6663463184951812E-017   1.8571265779926269E-017  -2.5163606596886209E-014  -4.7246121601754067E-019  -2.4882569650380231E-014   8.1956529003349509E-017   1.3293908136373990E-016  -1.3465785674576104E-016  -4.3347042666418868E-017  -1.6752777789023330E-017  -6.0403257345513139E-017  -2.0135664803600270E-016  -1.2276238444101709E-016  -5.3019355798190956E-017  -4.9535843099669402E-016  -8.8437086256389069E-015   6.3864962855756267E-018  -2.3712402516397454E-017  -9.1991187730349077E-015   1.4012557985823511E-017  -9.1102577435758476E-015 -0.27610773059081856     
   1.5659775106904293E-016   1.9905337368488602E-017  -1.3090170414974888E-016  -1.1924620193685747E-014   2.4925480434468043E-028   2.9037801756202393E-030   3.0154254762180261E-030   2.3365353900044072E-028   7.1900935046406790E-030   2.5445489640495507E-028   2.3532918469933155E-016   2.9912989057077980E-017  -1.9671413607806928E-016  -1.1735944714297593E-014   4.9072508595305551E-028  -4.5423492004530143E-031  -1.7300715395437360E-030   5.0906296367853839E-028   1.2813608325468344E-030   5.0018155043869759E-028  -1.0921826387295509E-030  -4.7337752110248644E-030  -4.4989549352685699E-031   9.4257661127047997E-031   8.0370837106973660E-031   1.6728309520509433E-030   5.2130966715498622E-030  -1.0412657065008380E-030   4.5173341170625402E-030   8.8050443797137210E-030   1.8084638818626173E-028   1.0059155010290605E-031   5.0402164066672314E-031   1.7533087568508738E-028  -1.9976038913316013E-030   1.7502601612326960E-028   1.0509512808741161E-014
   2.3032107068488531E-018  -6.0511084092204210E-017   2.6886929256248887E-017  -9.7117084089261165E-017   2.9037801756202393E-030   1.0228896280456374E-031   1.8357264912587387E-031   2.0655644422409774E-030   3.2341583964175497E-031   2.4399435318294312E-030   3.4611780445981277E-018  -9.0933771318423728E-017   4.0404661610704251E-017  -8.7255794023700263E-017   3.0248440313671336E-030  -1.3677816702145421E-032  -1.1020214978928795E-031   4.5866746863827836E-030   9.0190717837286252E-032   4.2892807000031827E-030   9.2317377291355446E-033  -5.1333370295031164E-031   8.1128372951495482E-032   1.3651048789612206E-032   3.7938736772091961E-032   4.8806082538289485E-032  -7.6974425591060988E-031   8.0434120434132409E-032  -3.7734554415898977E-032   7.6946009003925012E-031   1.7309217084494548E-030   1.7268627690893659E-032   6.0700790034848734E-033   8.2127776345193214E-031  -1.3481978170395072E-031   9.1765391778522046E-031   4.3255264915199895E-016
  -9.8437564161156792E-017  -3.3985418197513004E-017   1.7052141394794253E-016  -5.1927599789898855E-017   3.0154254762180261E-030   1.8357264912587387E-031   4.3496087811257068E-031   1.3769248923977820E-030   5.9162506549297642E-031   2.0087683265283551E-030  -1.4792825286246318E-016  -5.1072002640451631E-017   2.5625313929608117E-016  -3.2089828802018740E-017  -6.6314704098245332E-031  -3.3170113526025857E-032  -2.2780775977372052E-031   2.6186264196883016E-030   1.7738675357947361E-031   2.0768118570005792E-030  -2.7899929512060520E-031  -5.9123553054891816E-031   1.0034148902522845E-030  -2.8507621422252790E-032   7.2521562353786941E-032   5.4317160255958034E-032  -4.1663256574180880E-031   1.0773244799362619E-030   2.8953035327579518E-031   3.6858521352102584E-030   1.1004646193045983E-030   3.9523780012228763E-032   2.7472029452419166E-033  -9.1061359971890960E-031  -2.8302238516593967E-031  -6.8648469976264268E-031   8.3833191906673229E-016
   2.1658695920377512E-016   4.4813236936924892E-016  -2.7930198572694667E-016  -1.1601745388201508E-014   2.3365353900044072E-028   2.0655644422409774E-030   1.3769248923977820E-030   2.2543944797470012E-028   4.3756514170505673E-030   2.4362506398063662E-028   3.2547870054315130E-016   6.7343639612393649E-016  -4.1972447329113537E-016  -1.1502311107553288E-014   4.8640347671085063E-028  -3.3881557674064475E-031  -7.2111850345021929E-031   4.9003017609740310E-028   4.2399684808268881E-031   4.8367081883473861E-028  -9.7757792860300800E-031  -7.8666974375340168E-031  -2.4706720076160765E-031   9.0244195835128170E-031   4.6151887996146270E-031   1.3149309062708798E-030   1.0643959151022462E-029  -7.6390171347118093E-031   4.2420059835884520E-030   4.2213450687793256E-030   1.7295893136806598E-028  -6.7647298715895571E-032   4.7032467861655624E-031   1.7634690679999449E-028  -7.4187932598029730E-031   1.7504663885963430E-028   6.7184268467096521E-015
   1.8257707177800118E-016  -3.4775787751269241E-017   3.0754366855216358E-017  -1.7138819137855422E-016   7.1900935046406790E-030   3.2341583964175497E-031   5.9162506549297642E-031   4.3756514170505673E-030   1.2198432967446785E-030   5.3798755704866235E-030   2.7436992647083493E-016  -5.2259740148984173E-017   4.6216500738837125E-017  -1.3525789572209028E-016   4.0182565033247951E-030  -3.2975828207214535E-032  -4.0683234670410703E-031   9.9612774607821371E-030   3.7288167012063528E-031   8.9182233709938976E-030   5.6837183592463801E-031  -8.6474390559273961E-031  -3.3092491685625303E-031   9.9697368354009310E-032   1.4101745784082403E-031   2.0766277087285801E-031  -1.3930514319362534E-031  -3.8709382780928608E-031   8.4818141572372898E-031   1.2557897821621617E-030   4.0150387838306980E-030   6.2546800122689588E-032   1.7457153745599168E-032   4.8418451057186105E-031  -4.9894271812050605E-031   8.8070160939739866E-031   1.5438868797878610E-015
   2.6222145936830925E-017   4.2182641907739428E-016  -1.4635485556039724E-016  -1.2515845895388094E-014   2.5445489640495507E-028   2.4399435318294312E-030   2.0087683265283551E-030   2.4362506398063662E-028   5.3798755704866235E-030   2.6393886795756043E-028   3.9405650350993376E-017   6.3390480775397143E-016  -2.1993654826264929E-016  -1.2384873521285742E-014   5.2144876443138038E-028  -4.0900857139763769E-031  -1.0493353694441913E-030   5.2932476759738475E-028   6.6835687004084186E-031   5.2183590069153293E-028  -1.6602389130916604E-030  -1.6523604136937472E-030   5.4137983623823557E-031   8.9623722635651754E-031   5.8473323348699339E-031   1.4467924319121685E-030   1.0653685663301818E-029   3.9410676380191426E-032   4.8128996297598525E-030   7.9420874824662003E-030   1.8707849964794514E-028  -2.2977575972783834E-032   5.0817716411931466E-031   1.8824399963293802E-028  -1.1454679087501813E-030   1.8712301274447574E-028   8.2357070159037005E-015
  0.63408177449526826       -4.1958014732718215E-016   2.8948198005362968E-017  -1.2205263241678158E-015   2.3532918469933155E-016   3.4611780445981277E-018  -1.4792825286246318E-016   3.2547870054315130E-016   2.7436992647083493E-016   3.9405650350993376E-017  0.95287413775755581        9.5207596481332868E-018   8.1091546238337697E-016  -2.0159658274166784E-015   6.7025586986175915E-016   4.2268443895623708E-017  -9.7380323518064104E-018   8.3606880494070716E-016   5.1410353963319653E-017   8.1454566990027455E-016   1.9642563585587049E-015   3.9050274600570857E-017  -1.7965735310873458E-017   2.7253100267320396E-016   3.4860178900310274E-018   2.1151508650372536E-016   2.1290705085181813E-016  -1.2228823706249774E-017   1.9170664392217242E-016   9.2835923510118359E-017   2.9684714834603089E-016  -1.0832897139111791E-017   8.1362199900937045E-018   3.8170362441706651E-016   2.2923018681737681E-017   3.8170143490384112E-016   1.6036144863121287E-015
   1.8787819233451945E-016  0.63408177449525649        1.6884627058411753E-016  -1.2820674571599730E-015   2.9912989057077980E-017  -9.0933771318423728E-017  -5.1072002640451631E-017   6.7343639612393649E-016  -5.2259740148984173E-017   6.3390480775397143E-016   9.5207596481332868E-018  0.95287413775752272       -7.3550696890959437E-018  -1.2121801581273472E-015   7.2903650308567533E-016   1.4442307720005988E-018   1.0811304520408772E-017   6.5040530766855158E-016   4.0815470036494985E-017   6.4962676703785812E-016  -7.8718288344135662E-017   3.2902375073713459E-015  -1.3223930547097691E-016  -3.4424757416102554E-017   1.9739467524592133E-018  -3.5489071291460482E-017   9.0061081450567115E-015  -1.6628408917957380E-016   3.0555005209197589E-015  -3.6047081690153390E-016   2.8230953512762648E-016  -4.6298430109207404E-018  -4.1941001327655429E-018   2.7684634032194569E-016  -1.2836042005849780E-018   2.8519446386456986E-016  -8.8457982997977831E-017
  -8.4481033280070505E-016   3.6831636403880114E-016  0.63408177449525360        2.1609055613364450E-015  -1.9671413607806928E-016   4.0404661610704251E-017   2.5625313929608117E-016  -4.1972447329113537E-016   4.6216500738837125E-017  -2.1993654826264929E-016   8.1091546238337697E-016  -7.3550696890959437E-018  0.95287413775751784        9.3787883862762821E-015  -3.5077343921282457E-015  -1.1071333952296143E-017  -2.4032289163682773E-017  -3.4198598928947357E-015  -5.2505452898654557E-017  -3.3745902362629922E-015   6.8891832286984172E-017  -1.3126735731507892E-016   4.9112431905757714E-015   1.7892553683723616E-017  -1.4531525642883219E-017   3.7622837687269283E-017  -2.0425347594770050E-016   5.3464224813965861E-015  -1.9456886266323784E-016   1.2581993257996881E-014  -1.6295317005313962E-015   3.1922396383005877E-018  -1.1491152604535284E-017  -1.6134453857322996E-015   2.1490372307901355E-018  -1.6237631754047649E-015   5.0626892972105685E-016
  -2.0916601364871082E-015  -9.9842850208963240E-016   6.1105745364439509E-015  0.59832761656362099       -1.1735944714297593E-014  -8.7255794023700263E-017  -3.2089828802018740E-017  -1.1502311107553288E-014  -1.3525789572209028E-016  -1.2384873521285742E-014  -2.0159658274166784E-015  -1.2121801581273472E-015   9.3787883862762821E-015  0.59606288413771080       -2.5224265729652960E-014   1.5281917409047276E-017   5.6255475322713464E-018  -2.4931426105385140E-014   1.1262515878639617E-017  -2.4683007032756758E-014   8.2087934881392306E-017   1.1111704949583213E-016  -1.5360826989677872E-016  -4.2902539025861759E-017  -1.2256889336669388E-017  -5.5991403456493927E-017  -1.9225891030736377E-016  -1.4428412289167989E-016  -2.1832329029884458E-017  -4.7772994194074730E-016  -8.7447406902448759E-015   8.5197326084936825E-018  -2.3296573554642351E-017  -9.2164331646014091E-015  -2.2952092035082703E-018  -9.1144025900726836E-015 -0.22714523935670888     
   4.4601591594039551E-016   4.8513097504806192E-016  -2.3341912217841118E-015  -2.5265683828518363E-014   4.9072508595305551E-028   3.0248440313671336E-030  -6.6314704098245332E-031   4.8640347671085063E-028   4.0182565033247951E-030   5.2144876443138038E-028   6.7025586986175915E-016   7.2903650308567533E-016  -3.5077343921282457E-015  -2.5224265729652960E-014   1.0839656496081933E-027  -5.1236651543343285E-031   4.6453712785034533E-031   1.0622099118994183E-027  -7.7428858326246654E-031   1.0530164824478752E-027  -2.4269891787412773E-030  -6.5972775442037984E-031  -1.0766680295630988E-029   1.9017052206835591E-030   3.6521387632839751E-031   2.1535126448875760E-030   1.5531530496837071E-029  -1.2665040813789267E-029   2.6381756461653527E-030  -2.7060545824985969E-029   3.7336783412610719E-028  -4.8611847311745275E-031   1.0151658622539826E-030   3.9892287712097155E-028   8.7788265368769804E-031   3.9400678932937387E-028   7.3320900266742456E-015
   2.8127166903243290E-017   9.6105075623724527E-019  -7.3673225039170363E-018   1.6663463184951812E-017  -4.5423492004530143E-031  -1.3677816702145421E-032  -3.3170113526025857E-032  -3.3881557674064475E-031  -3.2975828207214535E-032  -4.0900857139763769E-031   4.2268443895623708E-017   1.4442307720005988E-018  -1.1071333952296143E-017   1.5281917409047276E-017  -5.1236651543343285E-031   3.9234675234977668E-033   1.4908531399573826E-032  -7.1985897356091981E-031  -1.0337581264176297E-032  -6.7845447928519490E-031   8.7805979655201019E-032   3.5765289087868845E-032  -3.9477683482462173E-032   1.0404626362664350E-032  -5.1174570091403459E-033   2.6149191505636912E-033   1.0891818760751392E-032  -4.1168372303159749E-032  -2.1024402090105272E-032  -1.7309650067954693E-031  -2.6746481710335348E-031  -2.8029716204783858E-033  -4.8657335061775599E-034  -1.3985940112941338E-031   1.9742586794624792E-032  -1.5274138989538872E-031  -6.1278106355844712E-017
  -6.4800885962300705E-018   7.1942881890388294E-018  -1.5992076974565473E-017   1.8571265779926269E-017  -1.7300715395437360E-030  -1.1020214978928795E-031  -2.2780775977372052E-031  -7.2111850345021929E-031  -4.0683234670410703E-031  -1.0493353694441913E-030  -9.7380323518064104E-018   1.0811304520408772E-017  -2.4032289163682773E-017   5.6255475322713464E-018   4.6453712785034533E-031   1.4908531399573826E-032   1.4639237322234555E-031  -1.6977605793188668E-030  -1.3123384226625061E-031  -1.3397392972730458E-030  -2.6920856472895384E-032   2.8222519273018403E-031   9.3295250788989594E-032  -7.2011974417189522E-033  -4.9855839804062663E-032  -5.1318057370550403E-032   9.1401792339785344E-033   1.1051361451887969E-031  -3.1278099516604914E-031  -5.0491334989348493E-031  -7.8143638586198543E-031  -2.4323788142575947E-032  -3.7459096499323966E-033   5.4213948261131828E-031   1.8337733211096773E-031   3.9082119535151303E-031  -5.4367987564065190E-016
   5.5635468571386213E-016   4.3280653266356021E-016  -2.2757159035873199E-015  -2.5163606596886209E-014   5.0906296367853839E-028   4.5866746863827836E-030   2.6186264196883016E-030   4.9003017609740310E-028   9.9612774607821371E-030   5.2932476759738475E-028   8.3606880494070716E-016   6.5040530766855158E-016  -3.4198598928947357E-015  -2.4931426105385140E-014   1.0622099118994183E-027  -7.1985897356091981E-031  -1.6977605793188668E-030   1.0727127242703226E-027   1.2005930144909632E-030   1.0583476354086809E-027  -1.9579084096873868E-030  -4.4588662832100704E-030  -1.3646490022376364E-029   1.9795935696792806E-030   1.1019837147549228E-030   2.8710765843950688E-030   1.6110660525104981E-029  -1.5920196028472283E-029   7.5896624099425013E-030  -2.3445884111488157E-029   3.7993832834302490E-028  -1.2116788303746182E-031   1.0591320567453978E-030   3.8554259534439196E-028  -1.8461953112811166E-030   3.8294103297534742E-028   1.5260150289771536E-014
   3.4210571130838500E-017   2.7160298136021298E-017  -3.4939295154978909E-017  -4.7246121601754067E-019   1.2813608325468344E-030   9.0190717837286252E-032   1.7738675357947361E-031   4.2399684808268881E-031   3.7288167012063528E-031   6.6835687004084186E-031   5.1410353963319653E-017   4.0815470036494985E-017  -5.2505452898654557E-017   1.1262515878639617E-017  -7.7428858326246654E-031  -1.0337581264176297E-032  -1.3123384226625061E-031   1.2005930144909632E-030   1.2846635510337571E-031   8.7662665849893226E-031   1.0490869151829325E-031  -6.7185804708936145E-032  -4.8057304637274031E-031   1.4320851212331984E-032   4.6491181395427824E-032   4.9843037782629446E-032   4.9072417648151225E-031  -5.3154293601018108E-031   4.7065499358974227E-031  -5.5051069339738204E-031   6.2717701685916674E-031   2.1421139366252374E-032   3.8105231872699974E-033  -5.8970663689451645E-031  -1.6638501397726177E-031  -4.4775761312631735E-031   4.8920219877972235E-016
   5.4203230344073707E-016   4.3228845959906480E-016  -2.2455916058753473E-015  -2.4882569650380231E-014   5.0018155043869759E-028   4.2892807000031827E-030   2.0768118570005792E-030   4.8367081883473861E-028   8.9182233709938976E-030   5.2183590069153293E-028   8.1454566990027455E-016   6.4962676703785812E-016  -3.3745902362629922E-015  -2.4683007032756758E-014   1.0530164824478752E-027  -6.7845447928519490E-031  -1.3397392972730458E-030   1.0583476354086809E-027   8.7662665849893226E-031   1.0449626632469073E-027  -1.9769588986063726E-030  -3.8319004516824302E-030  -1.2937687328329261E-029   1.9486685679601528E-030   9.7333952446409042E-031   2.7289184068474154E-030   1.5777793712448288E-029  -1.5116964095070546E-029   6.7062721873883226E-030  -2.3485357147423227E-029   3.7439550156673500E-028  -1.7697024723754218E-031   1.0396653275531026E-030   3.8305993649125059E-028  -1.3973634222392974E-030   3.8012633079565340E-028   1.3838327822219563E-014
   1.3070972419606329E-015  -5.2382397612286954E-017   4.5843468233446293E-017   8.1956529003349509E-017  -1.0921826387295509E-030   9.2317377291355446E-033  -2.7899929512060520E-031  -9.7757792860300800E-031   5.6837183592463801E-031  -1.6602389130916604E-030   1.9642563585587049E-015  -7.8718288344135662E-017   6.8891832286984172E-017   8.2087934881392306E-017  -2.4269891787412773E-030   8.7805979655201019E-032  -2.6920856472895384E-032  -1.9579084096873868E-030   1.0490869151829325E-031  -1.9769588986063726E-030   4.0720813006225747E-030  -1.9376459865455446E-031   3.0026992928449318E-031   5.6013366075900754E-031   6.0025939956340926E-033   4.3558004654021580E-031  -3.4313392378391255E-031   3.4667633153622686E-031   1.3770268709580189E-031   1.0711315674637389E-030  -7.0812537378207512E-031  -1.9708083326215705E-032   1.3205765194896806E-032  -6.4214416671420565E-031   4.0897996673526040E-032  -6.2429762466706623E-031  -1.2707351424668522E-017
   2.5985664246833487E-017   2.1894598190005309E-015  -8.7350716701714141E-017   1.3293908136373990E-016  -4.7337752110248644E-030  -5.1333370295031164E-031  -5.9123553054891816E-031  -7.8666974375340168E-031  -8.6474390559273961E-031  -1.6523604136937472E-030   3.9050274600570857E-017   3.2902375073713459E-015  -1.3126735731507892E-016   1.1111704949583213E-016  -6.5972775442037984E-031   3.5765289087868845E-032   2.8222519273018403E-031  -4.4588662832100704E-030  -6.7185804708936145E-032  -3.8319004516824302E-030  -1.9376459865455446E-031   1.1800393647805893E-029  -7.9840767442065618E-031  -1.2340890581039996E-031  -7.6267827138064991E-032  -2.0777423460994282E-031   3.0942784071357758E-029  -9.2666585280549001E-031   1.0001277213438485E-029  -3.3580230556137171E-030  -1.6442888240222532E-030  -5.5653096466780475E-032  -2.3010267350270437E-032   4.5130555176870879E-031   2.9995303038589933E-031   2.4784129475970510E-031  -9.3900760780032140E-016
  -1.1955141686231191E-017  -8.7997491115025537E-017   3.2681438963038399E-015  -1.3465785674576104E-016  -4.4989549352685699E-031   8.1128372951495482E-032   1.0034148902522845E-030  -2.4706720076160765E-031  -3.3092491685625303E-031   5.4137983623823557E-031  -1.7965735310873458E-017  -1.3223930547097691E-016   4.9112431905757714E-015  -1.5360826989677872E-016  -1.0766680295630988E-029  -3.9477683482462173E-032   9.3295250788989594E-032  -1.3646490022376364E-029  -4.8057304637274031E-031  -1.2937687328329261E-029   3.0026992928449318E-031  -7.9840767442065618E-031   2.5703894886674071E-029   9.8125843022497059E-032  -1.4779042684003398E-031   1.3782531693139039E-031  -2.3994623297284052E-030   2.7992234126440095E-029  -1.9541465290154531E-030   6.4751608660984635E-029  -7.3087500567621935E-030  -2.1746674931523494E-032  -5.8364422683234150E-032  -5.0959050394076556E-030   2.8906382511830756E-031  -5.4072332281896051E-030  -7.5994930748955960E-016
   1.8135337599430993E-016  -2.2907654226339944E-017   1.1906443611458390E-017  -4.3347042666418868E-017   9.4257661127047997E-031   1.3651048789612206E-032  -2.8507621422252790E-032   9.0244195835128170E-031   9.9697368354009310E-032   8.9623722635651754E-031   2.7253100267320396E-016  -3.4424757416102554E-017   1.7892553683723616E-017  -4.2902539025861759E-017   1.9017052206835591E-030   1.0404626362664350E-032  -7.2011974417189522E-033   1.9795935696792806E-030   1.4320851212331984E-032   1.9486685679601528E-030   5.6013366075900754E-031  -1.2340890581039996E-031   9.8125843022497059E-032   8.2683094051631119E-032   2.6261137517516293E-033   6.7543660106740600E-032  -2.5241826260589332E-031   1.0787519441787807E-031  -5.0011870132517780E-032   3.1409568154112628E-031   6.8964082933910158E-031  -2.9532816549288637E-033   4.0198521881410689E-033   7.1940689071686766E-031   2.8070429526252356E-033   7.1489158250103688E-031   2.8143944056193733E-017
   2.3197401650913791E-018   1.3135456299653962E-018  -9.6698768501023966E-018  -1.6752777789023330E-017   8.0370837106973660E-031   3.7938736772091961E-032   7.2521562353786941E-032   4.6151887996146270E-031   1.4101745784082403E-031   5.8473323348699339E-031   3.4860178900310274E-018   1.9739467524592133E-018  -1.4531525642883219E-017  -1.2256889336669388E-017   3.6521387632839751E-031  -5.1174570091403459E-033  -4.9855839804062663E-032   1.1019837147549228E-030   4.6491181395427824E-032   9.7333952446409042E-031   6.0025939956340926E-033  -7.6267827138064991E-032  -1.4779042684003398E-031   2.6261137517516293E-033   1.7735592106020020E-032   1.7553233041891354E-032   5.8934654230256192E-032  -1.6449715271684053E-031   1.3100338453910020E-031  -1.2117051931421102E-031   4.6115117382795689E-031   8.1205731960922577E-033   1.9440043995874312E-033   1.3259742094243082E-032  -6.3145403184047681E-032   6.3882660947520579E-032   1.9109935376895641E-016
   1.4075086736893518E-016  -2.3615892601132118E-017   2.5035788817222797E-017  -6.0403257345513139E-017   1.6728309520509433E-030   4.8806082538289485E-032   5.4317160255958034E-032   1.3149309062708798E-030   2.0766277087285801E-031   1.4467924319121685E-030   2.1151508650372536E-016  -3.5489071291460482E-017   3.7622837687269283E-017  -5.5991403456493927E-017   2.1535126448875760E-030   2.6149191505636912E-033  -5.1318057370550403E-032   2.8710765843950688E-030   4.9843037782629446E-032   2.7289184068474154E-030   4.3558004654021580E-031  -2.0777423460994282E-031   1.3782531693139039E-031   6.7543660106740600E-032   1.7553233041891354E-032   7.0378181766471679E-032  -2.4756322901490032E-031   1.4739713014430726E-031   3.6899860764479377E-032   6.3353442070953625E-031   1.0529613297190997E-030   5.0151891574353866E-033   4.8942070934881577E-033   6.8503518865188434E-031  -5.4248112665416279E-032   7.2432357132863820E-031   1.9728189275627505E-016
   1.4167713788977431E-016   5.9930360239947206E-015  -1.3591869203264908E-016  -2.0135664803600270E-016   5.2130966715498622E-030  -7.6974425591060988E-031  -4.1663256574180880E-031   1.0643959151022462E-029  -1.3930514319362534E-031   1.0653685663301818E-029   2.1290705085181813E-016   9.0061081450567115E-015  -2.0425347594770050E-016  -1.9225891030736377E-016   1.5531530496837071E-029   1.0891818760751392E-032   9.1401792339785344E-033   1.6110660525104981E-029   4.9072417648151225E-031   1.5777793712448288E-029  -3.4313392378391255E-031   3.0942784071357758E-029  -2.3994623297284052E-030  -2.5241826260589332E-031   5.8934654230256192E-032  -2.4756322901490032E-031   8.5335758237402349E-029  -2.8347297181381811E-030   2.9197419055284547E-029  -5.8139161215450839E-030   6.3836674443858865E-030  -3.3826933190401183E-032  -2.5459479077849304E-032   5.6390546681967047E-030  -1.2565965838423342E-031   5.7860755966519004E-030   4.2385708805189461E-016
  -8.1375639535177728E-018  -1.1065229515562741E-016   3.5577301554047956E-015  -1.2276238444101709E-016  -1.0412657065008380E-030   8.0434120434132409E-032   1.0773244799362619E-030  -7.6390171347118093E-031  -3.8709382780928608E-031   3.9410676380191426E-032  -1.2228823706249774E-017  -1.6628408917957380E-016   5.3464224813965861E-015  -1.4428412289167989E-016  -1.2665040813789267E-029  -4.1168372303159749E-032   1.1051361451887969E-031  -1.5920196028472283E-029  -5.3154293601018108E-031  -1.5116964095070546E-029   3.4667633153622686E-031  -9.2666585280549001E-031   2.7992234126440095E-029   1.0787519441787807E-031  -1.6449715271684053E-031   1.4739713014430726E-031  -2.8347297181381811E-030   3.0486319269487910E-029  -2.2200735636749547E-030   7.0468859093517414E-029  -8.3432823398729766E-030  -2.4839293265012430E-032  -6.4501105074513416E-032  -5.8689276897610702E-030   3.2623761874514522E-031  -6.2136191569563569E-030  -8.6975785270460049E-016
   1.2756951221991499E-016   2.0332561410843948E-015  -1.2947415068832954E-016  -5.3019355798190956E-017   4.5173341170625402E-030  -3.7734554415898977E-032   2.8953035327579518E-031   4.2420059835884520E-030   8.4818141572372898E-031   4.8128996297598525E-030   1.9170664392217242E-016   3.0555005209197589E-015  -1.9456886266323784E-016  -2.1832329029884458E-017   2.6381756461653527E-030  -2.1024402090105272E-032  -3.1278099516604914E-031   7.5896624099425013E-030   4.7065499358974227E-031   6.7062721873883226E-030   1.3770268709580189E-031   1.0001277213438485E-029  -1.9541465290154531E-030  -5.0011870132517780E-032   1.3100338453910020E-031   3.6899860764479377E-032   2.9197419055284547E-029  -2.2200735636749547E-030   1.0719690158834170E-029  -3.2603827011534468E-030   3.3993342144463257E-030   4.0688593681173070E-032   2.5644917805220929E-034   2.1360046836695507E-031  -4.4196118629097843E-031   6.0607731640783333E-031   1.3115952014444037E-015
   6.1776854658598012E-017  -2.3987215748407497E-016   8.3725775478525799E-015  -4.9535843099669402E-016   8.8050443797137210E-030   7.6946009003925012E-031   3.6858521352102584E-030   4.2213450687793256E-030   1.2557897821621617E-030   7.9420874824662003E-030   9.2835923510118359E-017  -3.6047081690153390E-016   1.2581993257996881E-014  -4.7772994194074730E-016  -2.7060545824985969E-029  -1.7309650067954693E-031  -5.0491334989348493E-031  -2.3445884111488157E-029  -5.5051069339738204E-031  -2.3485357147423227E-029   1.0711315674637389E-030  -3.3580230556137171E-030   6.4751608660984635E-029   3.1409568154112628E-031  -1.2117051931421102E-031   6.3353442070953625E-031  -5.8139161215450839E-030   7.0468859093517414E-029  -3.2603827011534468E-030   1.6688198349270459E-028  -1.3680305684847491E-029   6.5850843931848949E-032  -1.2617229390051386E-031  -1.4706032619122343E-029  -1.9183057743908445E-031  -1.4740449251877695E-029   8.4463868494855354E-016
   1.9753434280426778E-016   1.8786041503018471E-016  -1.0843576410845480E-015  -8.8437086256389069E-015   1.8084638818626173E-028   1.7309217084494548E-030   1.1004646193045983E-030   1.7295893136806598E-028   4.0150387838306980E-030   1.8707849964794514E-028   2.9684714834603089E-016   2.8230953512762648E-016  -1.6295317005313962E-015  -8.7447406902448759E-015   3.7336783412610719E-028  -2.6746481710335348E-031  -7.8143638586198543E-031   3.7993832834302490E-028   6.2717701685916674E-031   3.7439550156673500E-028  -7.0812537378207512E-031  -1.6442888240222532E-030  -7.3087500567621935E-030   6.8964082933910158E-031   4.6115117382795689E-031   1.0529613297190997E-030   6.3836674443858865E-030  -8.3432823398729766E-030   3.3993342144463257E-030  -1.3680305684847491E-029   1.3502051467572288E-028  -1.1173643515612798E-032   3.8146870649007364E-031   1.3517586002415450E-028  -8.9768092173204021E-031   1.3447551994459883E-028   6.0870488365116220E-015
  -7.2086568086083392E-018  -3.0808886039324410E-018   2.1242479927425662E-018   6.3864962855756267E-018   1.0059155010290605E-031   1.7268627690893659E-032   3.9523780012228763E-032  -6.7647298715895571E-032   6.2546800122689588E-032  -2.2977575972783834E-032  -1.0832897139111791E-017  -4.6298430109207404E-018   3.1922396383005877E-018   8.5197326084936825E-018  -4.8611847311745275E-031  -2.8029716204783858E-033  -2.4323788142575947E-032  -1.2116788303746182E-031   2.1421139366252374E-032  -1.7697024723754218E-031  -1.9708083326215705E-032  -5.5653096466780475E-032  -2.1746674931523494E-032  -2.9532816549288637E-033   8.1205731960922577E-033   5.0151891574353866E-033  -3.3826933190401183E-032  -2.4839293265012430E-032   4.0688593681173070E-032   6.5850843931848949E-032  -1.1173643515612798E-032   4.3635531276723103E-033   1.7387784774008110E-034  -2.4154835452342826E-031  -3.1061139302403079E-032  -2.1458933239213642E-031   8.7493286719420290E-017
   5.4141765471182921E-018  -2.7909273105610374E-018  -7.6466871602025534E-018  -2.3712402516397454E-017   5.0402164066672314E-031   6.0700790034848734E-033   2.7472029452419166E-033   4.7032467861655624E-031   1.7457153745599168E-032   5.0817716411931466E-031   8.1362199900937045E-018  -4.1941001327655429E-018  -1.1491152604535284E-017  -2.3296573554642351E-017   1.0151658622539826E-030  -4.8657335061775599E-034  -3.7459096499323966E-033   1.0591320567453978E-030   3.8105231872699974E-033   1.0396653275531026E-030   1.3205765194896806E-032  -2.3010267350270437E-032  -5.8364422683234150E-032   4.0198521881410689E-033   1.9440043995874312E-033   4.8942070934881577E-033  -2.5459479077849304E-032  -6.4501105074513416E-032   2.5644917805220929E-034  -1.2617229390051386E-031   3.8146870649007364E-031   1.7387784774008110E-034   1.2303620139649689E-033   3.6679237140549019E-031  -4.3871536561006131E-033   3.6675783361431401E-031   2.2592373762875977E-017
   2.5400134384090620E-016   1.8422497975123967E-016  -1.0736531433668264E-015  -9.1991187730349077E-015   1.7533087568508738E-028   8.2127776345193214E-031  -9.1061359971890960E-031   1.7634690679999449E-028   4.8418451057186105E-031   1.8824399963293802E-028   3.8170362441706651E-016   2.7684634032194569E-016  -1.6134453857322996E-015  -9.2164331646014091E-015   3.9892287712097155E-028  -1.3985940112941338E-031   5.4213948261131828E-031   3.8554259534439196E-028  -5.8970663689451645E-031   3.8305993649125059E-028  -6.4214416671420565E-031   4.5130555176870879E-031  -5.0959050394076556E-030   7.1940689071686766E-031   1.3259742094243082E-032   6.8503518865188434E-031   5.6390546681967047E-030  -5.8689276897610702E-030   2.1360046836695507E-031  -1.4706032619122343E-029   1.3517586002415450E-028  -2.4154835452342826E-031   3.6679237140549019E-031   1.4785715768476822E-028   7.8448950520834404E-031   1.4568139653855555E-028   1.3194215748783053E-015
   1.5253922618480342E-017  -8.5416320687617162E-019   1.4300580598847612E-018   1.4012557985823511E-017  -1.9976038913316013E-030  -1.3481978170395072E-031  -2.8302238516593967E-031  -7.4187932598029730E-031  -4.9894271812050605E-031  -1.1454679087501813E-030   2.2923018681737681E-017  -1.2836042005849780E-018   2.1490372307901355E-018  -2.2952092035082703E-018   8.7788265368769804E-031   1.9742586794624792E-032   1.8337733211096773E-031  -1.8461953112811166E-030  -1.6638501397726177E-031  -1.3973634222392974E-030   4.0897996673526040E-032   2.9995303038589933E-031   2.8906382511830756E-031   2.8070429526252356E-033  -6.3145403184047681E-032  -5.4248112665416279E-032  -1.2565965838423342E-031   3.2623761874514522E-031  -4.4196118629097843E-031  -1.9183057743908445E-031  -8.9768092173204021E-031  -3.1061139302403079E-032  -4.3871536561006131E-033   7.8448950520834404E-031   2.3248361260540010E-031   5.9136471938276016E-031  -6.8279388912504073E-016
   2.5399988684844858E-016   1.8978016566705220E-016  -1.0805190264096617E-015  -9.1102577435758476E-015   1.7502601612326960E-028   9.1765391778522046E-031  -6.8648469976264268E-031   1.7504663885963430E-028   8.8070160939739866E-031   1.8712301274447574E-028   3.8170143490384112E-016   2.8519446386456986E-016  -1.6237631754047649E-015  -9.1144025900726836E-015   3.9400678932937387E-028  -1.5274138989538872E-031   3.9082119535151303E-031   3.8294103297534742E-028  -4.4775761312631735E-031   3.8012633079565340E-028  -6.2429762466706623E-031   2.4784129475970510E-031  -5.4072332281896051E-030   7.1489158250103688E-031   6.3882660947520579E-032   7.2432357132863820E-031   5.7860755966519004E-030  -6.2136191569563569E-030   6.0607731640783333E-031  -1.4740449251877695E-029   1.3447551994459883E-028  -2.1458933239213642E-031   3.6675783361431401E-031   1.4568139653855555E-028   5.9136471938276016E-031   1.4368339556845154E-028   1.8485936202967920E-015
  -2.5974257078106596E-016  -4.9205478718411436E-016   2.4124704346860242E-017 -0.27610773059081856        1.0509512808741161E-014   4.3255264915199895E-016   8.3833191906673229E-016   6.7184268467096521E-015   1.5438868797878610E-015   8.2357070159037005E-015   1.6036144863121287E-015  -8.8457982997977831E-017   5.0626892972105685E-016 -0.22714523935670888        7.3320900266742456E-015  -6.1278106355844712E-017  -5.4367987564065190E-016   1.5260150289771536E-014   4.8920219877972235E-016   1.3838327822219563E-014  -1.2707351424668522E-017  -9.3900760780032140E-016  -7.5994930748955960E-016   2.8143944056193733E-017   1.9109935376895641E-016   1.9728189275627505E-016   4.2385708805189461E-016  -8.6975785270460049E-016   1.3115952014444037E-015   8.4463868494855354E-016   6.0870488365116220E-015   8.7493286719420290E-017   2.2592373762875977E-017   1.3194215748783053E-015  -6.8279388912504073E-016   1.8485936202967920E-015   2.1019495001752526     
