  0.32062518423172659        2.5189178723174697E-016  -6.1013025505716566E-016  -8.4760814921148266E-016  -7.5123694779158600E-017  -3.5772265658035102E-018  -4.4632515135233470E-017   1.2494802191951747E-016  -7.8510834543120128E-017  -1.0426562779959304E-016  0.43127790810976008        1.4134834072874573E-016  -2.5902493402489260E-016  -9.1721810078632421E-016   1.7925029535757213E-017   4.6519608417457681E-018   6.1503975979224471E-018  -9.4412891564981552E-018  -9.6048345407290095E-018   3.3007385646484172E-017  -6.4011498371444333E-016  -2.3071973241956703E-017  -2.2540336461710344E-019  -6.6810458593696087E-016  -1.9013421899608655E-020  -6.7334237379492906E-016  -6.0203047311979961E-017  -1.7777108111954432E-018  -1.4359578744258667E-017   2.3368230522325614E-017   1.3340738041815741E-018  -2.1218744552166526E-018  -4.9505619985296077E-018   1.0462519814447799E-017   2.0581626752997357E-018   2.7689485168931129E-018  -3.0820866429294681E-016
   2.5189178723174697E-016  0.32062518423172798        2.3525606014767222E-016   1.5608381669396763E-016   3.8489197468567320E-017  -4.7280841271695714E-018   1.8189360091769801E-017  -1.3248100459376881E-016   3.6252425869866602E-017  -1.1481291514904581E-016   3.1648313165757090E-016  0.43127790810976402        5.9337481398321237E-017  -4.5595536603481094E-016  -3.9642300182398971E-017   3.0263418978809753E-018   1.2830138708339220E-017   4.1401654890406244E-017  -1.1787723499011425E-019   3.0548583792234048E-017   6.9170484712933267E-017  -1.2535372049554721E-015  -3.0888393954100568E-018   1.8088716819084215E-017  -1.2494823503257414E-018   3.5158999895349123E-017  -2.8721599941289931E-015   5.0967782223053715E-018  -1.3890228401863569E-015   2.3622616140857257E-017   1.1774354943959944E-016   1.4960285343148636E-018   3.0358844322615298E-018   9.8110343577944068E-017   2.9475598378788822E-018   9.9058999462113869E-017   1.3508216681530904E-016
  -6.1013025505716566E-016   2.3525606014767222E-016  0.32062518423172587        8.0195904527893579E-016  -1.1188884429404760E-016   3.7965960140250239E-018   3.4486470962883326E-017  -4.4661049543298171E-017   9.5193009572375304E-017  -2.4289023151763472E-016   1.3110714770780950E-016  -3.1076509457496828E-017  0.43127790810976085        9.6387961992829083E-016  -3.4219958303030972E-016   1.8306388981484609E-017   1.3620525747670844E-017  -3.7551496193258015E-016  -5.3421758400053443E-017  -3.6902447066340043E-016  -5.1771587560017621E-017  -9.0731235275388984E-018  -2.9221221344524264E-016  -2.3144151129691184E-017  -2.6478633186412863E-018  -2.6790457859972544E-017   5.6336727343396898E-018  -5.1439351686737282E-016   2.0447990723585435E-017   8.5432453535519568E-018  -2.1105560989319065E-016   3.3606891526966355E-018  -1.4828691004770264E-018  -2.0929292276253669E-016   1.4248207205959163E-017  -2.1471894064811575E-016  -1.3059322361169323E-015
  -8.4760814921148266E-016   1.5608381669396763E-016   8.0195904527893579E-016  0.54267434724313579        7.4247003090665528E-015   5.7190991476869043E-017  -2.5884570558799738E-016   8.0728675027275468E-015  -1.0790877453161610E-016   6.8638330459735360E-015  -6.7630642666501991E-016   4.2859705520656775E-016   1.2792788705107556E-015  0.59289426648387156        1.3220018692596177E-014   4.1567110450175160E-017   8.2602747652968067E-017   1.0635446959335950E-014  -1.3342646351237227E-017   1.0740141818598806E-014   3.5768759160279422E-017  -1.7708030997003113E-016  -4.7855801893256300E-017   1.7451003783581152E-017  -4.5412276030896364E-018  -2.0568818022629316E-018   2.4137760775695697E-016  -4.6037133553271319E-017  -1.4479145866243145E-016  -1.0355060785549985E-016   5.5047975080575242E-015   1.0678136403528269E-017   1.0648812338954323E-017   5.6948252297811285E-015   7.6282405413405210E-018   5.4752147301005246E-015 -0.25218284192874169     
  -7.5123694779158600E-017   3.8489197468567320E-017  -1.1188884429404760E-016   7.4247003090665528E-015   1.0411050637320418E-028   5.4618616961625824E-031  -3.3823046597659389E-030   1.1398227128005753E-028  -1.4232790002979876E-030   9.6172605325756179E-029  -1.0105004699323175E-016   5.1772416470787657E-017  -1.5050341982206281E-016   8.1649987503960675E-015   1.8888253486084313E-028   9.5082103494890850E-031   1.1113412691167434E-030   1.5142477875306335E-028   1.4251123659906887E-031   1.5272493230530671E-028   6.2783282982991992E-031  -2.6748643743781581E-030  -1.0177477376273399E-030  -6.2492918666996420E-031  -3.9864614032323136E-032   1.3587997095932147E-030   3.5954468162340870E-030  -8.5657103263109566E-031  -2.3466602335758684E-030  -1.2286887617369908E-030   8.1502835287414191E-029  -2.3952563491877320E-032   4.4939770215075526E-031   8.2848878009310703E-029   8.3530770826990032E-032   7.9908697027544297E-029  -1.2421445592381805E-015
  -3.5772265658035102E-018  -4.7280841271695714E-018   3.7965960140250239E-018   5.7190991476869043E-017   5.4618616961625824E-031   2.8612553098273413E-032  -4.1758393816648487E-032   5.1120117680485254E-031  -1.5965264571078599E-032   5.1657007325133627E-031  -4.8117829353647240E-018  -6.3598192906109578E-018   5.1068601825210261E-018   5.7410029085094517E-017   6.3623994849189157E-031  -3.2614808556403674E-032   9.9580114985065069E-033   5.6513458752272038E-031  -3.0935795669915057E-032   5.8725363262482455E-031   1.2891936600976485E-032   1.0481486454387706E-032   3.5852749701491366E-032   1.0701569840409494E-031  -2.5403925845120136E-033  -1.0945667757978921E-031   8.8713733395099664E-033   2.7835370483496496E-032   2.4235610685884013E-032  -2.9889523781384566E-032  -5.8362307047239429E-033   1.7334702849759945E-032  -2.7650507818669090E-032   1.3347579570305731E-031   2.4067309351620591E-033   1.0455572175033294E-031  -2.3713916487846552E-016
  -4.4632515135233470E-017   1.8189360091769801E-017   3.4486470962883326E-017  -2.5884570558799738E-016  -3.3823046597659389E-030  -4.1758393816648487E-032   1.4460752668910031E-031  -3.6514406331038946E-030   7.8780460122567203E-032  -3.1526913665859166E-030  -6.0035888345217509E-017   2.4466790370914868E-017   4.6388286966912046E-017  -2.7938034472684562E-016  -5.8395532421794133E-030   6.6809053350239887E-033  -3.8972619695115356E-032  -4.7384535323049189E-030   2.1497371790376107E-032  -4.8018484368253472E-030   6.7966039144132368E-032   8.5033889646935919E-033  -3.8609874711792537E-032   1.6990681241228118E-032   3.1940445738912630E-033   1.7194976127302422E-031  -2.2887842994547842E-031  -5.9004952014763222E-032  -1.8081285828947812E-032   6.0844986291441939E-032  -2.2498372276468643E-030  -1.5248113361592817E-032   1.5009499512910398E-032  -2.4229250512891291E-030  -3.2365740337444338E-033  -2.3137358400117506E-030   2.6219721475704939E-016
   1.2494802191951747E-016  -1.3248100459376881E-016  -4.4661049543298171E-017   8.0728675027275468E-015   1.1398227128005753E-028   5.1120117680485254E-031  -3.6514406331038946E-030   1.2534402611540856E-028  -1.5723203331889560E-030   1.0527814378509182E-028   1.6806952218999162E-016  -1.7820225401940234E-016  -6.0074270420057243E-017   8.8967572356359981E-015   2.0813847739368727E-028   1.1783091843028058E-030   1.2035751428198614E-030   1.6658385837514793E-028   2.4441847544754012E-031   1.6799000869214037E-028   2.0656449904730648E-031  -2.2831302849327716E-030  -1.3408528978993050E-030  -1.4927405449799759E-030  -3.5654248305218971E-032   1.4512119469295464E-030   5.6565290143052433E-030  -1.2039478226084918E-030  -1.8701846034325815E-030  -1.2626506340911636E-030   9.0678495030610922E-029  -8.7851301173692967E-032   5.9095494592664422E-031   9.1713931436018036E-029   8.8359474429587574E-032   8.8531917329746710E-029  -5.6352577703973918E-016
  -7.8510834543120128E-017   3.6252425869866602E-017   9.5193009572375304E-017  -1.0790877453161610E-016  -1.4232790002979876E-030  -1.5965264571078599E-032   7.8780460122567203E-032  -1.5723203331889560E-030   7.4681722336470284E-032  -1.3685346023342257E-030  -1.0560614122325626E-016   4.8763700301721801E-017   1.2804559359059873E-016  -1.1652377359487736E-016  -2.5356484779304134E-030   6.4027399364691582E-033  -1.2801319218040021E-032  -2.0704817283191196E-030  -3.0306298909021788E-033  -2.1040540306314664E-030   1.4110470684955891E-031  -1.0640702603054426E-031  -8.9509050027775361E-032   1.2874682631647487E-031   5.3397801363614936E-034   1.9263519483583245E-031  -3.4020968441866535E-031  -1.5305077493706932E-031  -1.2370443023335728E-031   2.5066867277391841E-032  -9.8708185858907264E-031  -4.8059614636601877E-033   6.7712830695721600E-033  -1.0609788912607926E-030   2.1372188784104014E-033  -1.0153670489979278E-030   1.0704718811782952E-016
  -1.0426562779959304E-016  -1.1481291514904581E-016  -2.4289023151763472E-016   6.8638330459735360E-015   9.6172605325756179E-029   5.1657007325133627E-031  -3.1526913665859166E-030   1.0527814378509182E-028  -1.3685346023342257E-030   8.8979950706729290E-029  -1.4024931308158897E-016  -1.5443663288057965E-016  -3.2671541756841795E-016   7.5457912772316130E-015   1.7442074148793879E-028   8.5142273419739463E-031   1.0154224539302361E-030   1.3986853842548159E-028   1.4225816071567558E-031   1.4107353078628555E-028   6.4171024654384066E-031  -1.8733516674158397E-030  -7.9118455263535956E-031  -4.5676773160932168E-031  -3.6089779753490476E-032   1.2691995702438712E-030   4.6467383328460398E-030  -5.5182689711147075E-031  -1.5163144462310305E-030  -1.1620070319274292E-030   7.5105283792002194E-029  -1.6372160505705621E-032   4.0150153583441635E-031   7.6413837049076581E-029   7.0132544521313786E-032   7.3695754104090032E-029  -1.2486450793859120E-015
  0.43127790810976008        3.1648313165757090E-016   1.3110714770780950E-016  -6.7630642666501991E-016  -1.0105004699323175E-016  -4.8117829353647240E-018  -6.0035888345217509E-017   1.6806952218999162E-016  -1.0560614122325626E-016  -1.4024931308158897E-016  0.58011860318839381        1.6008245076748480E-016   9.3187176725128968E-016  -7.1772038451493089E-016   2.4111235240347067E-017   6.2574246787384991E-018   8.2729951997727287E-018  -1.2699624475936881E-017  -1.2919611908814361E-017   4.4398746367666353E-017  -8.6102859258415289E-016  -3.1034469047085114E-017  -3.0319356168548842E-019  -8.9867784064392905E-016  -2.5575248689596356E-020  -9.0572327032818789E-016  -8.0980052670404804E-017  -2.3912263838978095E-018  -1.9315292081626958E-017   3.1432969309770042E-017   1.7944833650911099E-018  -2.8541662393431695E-018  -6.6590777259418863E-018   1.4073297672937740E-017   2.7684665360265177E-018   3.7245555956321095E-018  -2.4429327614692396E-016
   1.4134834072874573E-016  0.43127790810976402       -3.1076509457496828E-017   4.2859705520656775E-016   5.1772416470787657E-017  -6.3598192906109578E-018   2.4466790370914868E-017  -1.7820225401940234E-016   4.8763700301721801E-017  -1.5443663288057965E-016   1.6008245076748480E-016  0.58011860318840180       -3.8764406362229947E-016  -3.9528657114153132E-016  -5.3323472815432276E-017   4.0707794244873652E-018   1.7258018568159292E-017   5.5690008120237459E-017  -1.5855849702553807E-019   4.1091373858234778E-017   9.3042291800671280E-017  -1.6861523363686484E-015  -4.1548457777307026E-018   2.4331413543879776E-017  -1.6806980885166357E-018   4.7292916064692154E-017  -3.8633869544360217E-015   6.8557554363128751E-018  -1.8683961656589502E-015   3.1775147350701018E-017   1.5837867451805738E-016   2.0123311844572358E-018   4.0836152354845220E-018   1.3196974480845848E-016   3.9648084536927690E-018   1.3324579655162113E-016  -7.8539821925697549E-016
  -2.5902493402489260E-016   5.9337481398321237E-017  0.43127790810976085        1.2792788705107556E-015  -1.5050341982206281E-016   5.1068601825210261E-018   4.6388286966912046E-017  -6.0074270420057243E-017   1.2804559359059873E-016  -3.2671541756841795E-016   9.3187176725128968E-016  -3.8764406362229947E-016  0.58011860318839714        1.5899428124109110E-015  -4.6029796654612239E-016   2.4624207745553674E-017   1.8321180433428243E-017  -5.0511099941902421E-016  -7.1858435779232189E-017  -4.9638053894729332E-016  -6.9638765388650811E-017  -1.2204399178294481E-017  -3.9305918042827660E-016  -3.1131556643336608E-017  -3.5616820174638547E-018  -3.6036260379349889E-017   7.5779405715242447E-018  -6.9191869762622341E-016   2.7504909464449201E-017   1.1491651828215373E-017  -2.8389417427601704E-016   4.5205151025646600E-018  -1.9946302259026367E-018  -2.8152315647783162E-016   1.9165484498121467E-017  -2.8882177729162082E-016   1.2339104239589313E-015
  -9.1721810078632421E-016  -4.5595536603481094E-016   9.6387961992829083E-016  0.59289426648387156        8.1649987503960675E-015   5.7410029085094517E-017  -2.7938034472684562E-016   8.8967572356359981E-015  -1.1652377359487736E-016   7.5457912772316130E-015  -7.1772038451493089E-016  -3.9528657114153132E-016   1.5899428124109110E-015  0.64890916585613834        1.4613808208530956E-014   5.3808814454996859E-017   8.9941749238012350E-017   1.1744240164673451E-014  -8.0166750984012688E-018   1.1856062725303726E-014   3.8261504308864483E-017  -1.9584441584998324E-016  -6.2306316147418851E-017  -3.1597582058077944E-018  -4.4980063883506473E-018   2.3971411712114777E-017   2.7720911922749384E-016  -5.9081037165287552E-017  -1.6239982938021944E-016  -1.0895599538787385E-016   6.1457967627502093E-015   8.0093559054400459E-018   1.8140636241872551E-017   6.3264764981493418E-015   7.9947734052209290E-018   6.0878510492210073E-015 -0.22789416294177470     
   1.7925029535757213E-017  -3.9642300182398971E-017  -3.4219958303030972E-016   1.3220018692596177E-014   1.8888253486084313E-028   6.3623994849189157E-031  -5.8395532421794133E-030   2.0813847739368727E-028  -2.5356484779304134E-030   1.7442074148793879E-028   2.4111235240347067E-017  -5.3323472815432276E-017  -4.6029796654612239E-016   1.4613808208530956E-014   3.4772160690504298E-028   2.2394525473388510E-030   1.9511814636593546E-030   2.7798042331949656E-028   7.0559241473436812E-031   2.8014742275254426E-028   7.6091401884511261E-031  -4.5033591878959417E-030  -2.3416130163133381E-030  -2.8898411309329272E-030  -3.8832184145394933E-032   3.8294425521463644E-030   8.2295051810770737E-030  -1.8774117568551389E-030  -4.0031075448950018E-030  -1.9130622871448572E-030   1.5384897345431249E-028  -2.8674653446264104E-031   1.2264112173434722E-030   1.5448018811541359E-028   1.1998063431038685E-031   1.4932976270467129E-028   9.2813324191313577E-016
   4.6519608417457681E-018   3.0263418978809753E-018   1.8306388981484609E-017   4.1567110450175160E-017   9.5082103494890850E-031  -3.2614808556403674E-032   6.6809053350239887E-033   1.1783091843028058E-030   6.4027399364691582E-033   8.5142273419739463E-031   6.2574246787384991E-018   4.0707794244873652E-018   2.4624207745553674E-017   5.3808814454996859E-017   2.2394525473388510E-030   6.5739733031022598E-032   5.0825193175127751E-033   1.7047767198571953E-030   4.3782920468840638E-032   1.6949453756463878E-030  -1.4830137062886944E-032  -4.3636415225551498E-032  -9.3698031756934025E-032  -1.7210176451731674E-031   2.8794875138683920E-033   1.8068003749307676E-031   8.9543973991562043E-032  -9.7130673248724612E-032  -5.4034624182027735E-032   2.3677917708643965E-032   1.3732925519807015E-030  -2.5759642305767902E-032   4.8285753862556211E-032   1.1908617262409167E-030  -1.0273880365326950E-033   1.1831976439401493E-030   3.2909651996284859E-016
   6.1503975979224471E-018   1.2830138708339220E-017   1.3620525747670844E-017   8.2602747652968067E-017   1.1113412691167434E-030   9.9580114985065069E-033  -3.8972619695115356E-032   1.2035751428198614E-030  -1.2801319218040021E-032   1.0154224539302361E-030   8.2729951997727287E-018   1.7258018568159292E-017   1.8321180433428243E-017   8.9941749238012350E-017   1.9511814636593546E-030   5.0825193175127751E-033   1.3864480246632114E-032   1.5712602232352178E-030  -6.2341004025965425E-033   1.5885330284159135E-030  -6.0485231399845295E-033  -7.7311604796011261E-032  -1.7160520869712045E-032  -4.5082073199990600E-033  -9.7734537955946474E-034  -1.9933329511021330E-032  -8.2695440946162042E-032  -2.6353751849726572E-032  -7.5909865281385827E-032  -1.5116340605257013E-032   7.9868774953908298E-031   2.7598345598503282E-033  -1.4589917873300206E-034   8.3423978728263162E-031   2.0140973218564307E-033   8.0012393180571761E-031  -5.1051652726795307E-017
  -9.4412891564981552E-018   4.1401654890406244E-017  -3.7551496193258015E-016   1.0635446959335950E-014   1.5142477875306335E-028   5.6513458752272038E-031  -4.7384535323049189E-030   1.6658385837514793E-028  -2.0704817283191196E-030   1.3986853842548159E-028  -1.2699624475936881E-017   5.5690008120237459E-017  -5.0511099941902421E-016   1.1744240164673451E-014   2.7798042331949656E-028   1.7047767198571953E-030   1.5712602232352178E-030   2.2240416025743599E-028   5.1354263155142214E-031   2.2416773811693037E-028   7.0069178373873223E-031  -3.8790344043620989E-030  -1.6839671527474807E-030  -2.0215898125857969E-030  -3.5747153241493957E-032   2.8616005469788038E-030   5.8197169083993890E-030  -1.2525792440321328E-030  -3.4974654010281403E-030  -1.5835782294864207E-030   1.2242987710996273E-028  -1.9138875821220495E-031   9.1727150125532038E-031   1.2322544938596259E-028   9.6289241713588962E-032   1.1907018596039266E-028   2.2771993724494213E-016
  -9.6048345407290095E-018  -1.1787723499011425E-019  -5.3421758400053443E-017  -1.3342646351237227E-017   1.4251123659906887E-031  -3.0935795669915057E-032   2.1497371790376107E-032   2.4441847544754012E-031  -3.0306298909021788E-033   1.4225816071567558E-031  -1.2919611908814361E-017  -1.5855849702553807E-019  -7.1858435779232189E-017  -8.0166750984012688E-018   7.0559241473436812E-031   4.3782920468840638E-032  -6.2341004025965425E-033   5.1354263155142214E-031   4.7025423010950788E-032   4.9397829294359091E-031   2.2223922148388326E-032  -6.5710330056277385E-033  -7.4242980626370206E-033  -1.0363297816034874E-031   3.2036090853261716E-033   1.7456825218944565E-031   7.3133538704639211E-032   3.6673356608145182E-032  -2.2970499472100901E-032   2.4296305211506008E-032   6.5198071512331111E-031  -2.1666805928430646E-032   3.7330287795441485E-032   4.9276615199801563E-031  -4.5646719478907821E-033   5.0677872663857305E-031   2.7848558786991588E-016
   3.3007385646484172E-017   3.0548583792234048E-017  -3.6902447066340043E-016   1.0740141818598806E-014   1.5272493230530671E-028   5.8725363262482455E-031  -4.8018484368253472E-030   1.6799000869214037E-028  -2.1040540306314664E-030   1.4107353078628555E-028   4.4398746367666353E-017   4.1091373858234778E-017  -4.9638053894729332E-016   1.1856062725303726E-014   2.8014742275254426E-028   1.6949453756463878E-030   1.5885330284159135E-030   2.2416773811693037E-028   4.9397829294359091E-031   2.2596334786334751E-028   6.2128000801664625E-031  -3.8686995911626517E-030  -1.6766750922614266E-030  -2.0581568044536686E-030  -3.7671394454089207E-032   2.7118145861413551E-030   5.9255358956242210E-030  -1.2526800421008040E-030  -3.4704749896194198E-030  -1.6104108242150670E-030   1.2319017066489376E-028  -1.8143122140707144E-031   9.0401783948661444E-031   1.2408441839512028E-028   9.8979465064443134E-032   1.1988270701451761E-028   7.2783593002625477E-017
  -6.4011498371444333E-016   6.9170484712933267E-017  -5.1771587560017621E-017   3.5768759160279422E-017   6.2783282982991992E-031   1.2891936600976485E-032   6.7966039144132368E-032   2.0656449904730648E-031   1.4110470684955891E-031   6.4171024654384066E-031  -8.6102859258415289E-016   9.3042291800671280E-017  -6.9638765388650811E-017   3.8261504308864483E-017   7.6091401884511261E-031  -1.4830137062886944E-032  -6.0485231399845295E-033   7.0069178373873223E-031   2.2223922148388326E-032   6.2128000801664625E-031   1.3041851527639986E-030  -2.3288497885786543E-031   5.0951222407916099E-032   1.3584634335533605E-030  -4.3348003552817946E-034   1.3374013155346277E-030  -4.9404742480533932E-031   9.0929934903529687E-032  -2.8084157099300869E-031  -5.2737508998354429E-032   3.2593330060826719E-031   7.3248342353451753E-033   6.8456674556431391E-033   3.3489714343903896E-031  -5.0292802750408301E-033   3.3593114005246271E-031  -5.0543848416881568E-017
  -2.3071973241956703E-017  -1.2535372049554721E-015  -9.0731235275388984E-018  -1.7708030997003113E-016  -2.6748643743781581E-030   1.0481486454387706E-032   8.5033889646935919E-033  -2.2831302849327716E-030  -1.0640702603054426E-031  -1.8733516674158397E-030  -3.1034469047085114E-017  -1.6861523363686484E-015  -1.2204399178294481E-017  -1.9584441584998324E-016  -4.5033591878959417E-030  -4.3636415225551498E-032  -7.7311604796011261E-032  -3.8790344043620989E-030  -6.5710330056277385E-033  -3.8686995911626517E-030  -2.3288497885786543E-031   4.9655341511687399E-030   5.6734881342944536E-032   1.8350147311557428E-032   5.4832547412793155E-033  -1.4188169707958702E-031   1.1126644366849244E-029   2.7972646063020057E-032   5.4870342669175106E-030  -6.9142365282473764E-032  -2.5232577117024988E-030  -1.7014524245623951E-033  -2.8421968068477558E-032  -2.4534283848293902E-030  -1.3861489129420442E-032  -2.3874783834383370E-030  -1.6353744182343996E-017
  -2.2540336461710344E-019  -3.0888393954100568E-018  -2.9221221344524264E-016  -4.7855801893256300E-017  -1.0177477376273399E-030   3.5852749701491366E-032  -3.8609874711792537E-032  -1.3408528978993050E-030  -8.9509050027775361E-032  -7.9118455263535956E-031  -3.0319356168548842E-019  -4.1548457777307026E-018  -3.9305918042827660E-016  -6.2306316147418851E-017  -2.3416130163133381E-030  -9.3698031756934025E-032  -1.7160520869712045E-032  -1.6839671527474807E-030  -7.4242980626370206E-033  -1.6766750922614266E-030   5.0951222407916099E-032   5.6734881342944536E-032   3.5809075228192122E-031   2.1395251740065643E-031  -1.2218974403086543E-033  -2.0424178339354879E-031  -1.1655528987394595E-031   5.4953031209165901E-031   4.4283739551109288E-032  -3.5380382948339433E-032  -1.4433185390736412E-030   2.7919659250399484E-032  -5.6435155973496409E-032  -1.2262831687529571E-030  -1.0724073101798698E-032  -1.2133997065089297E-030  -3.9369200948704317E-016
  -6.6810458593696087E-016   1.8088716819084215E-017  -2.3144151129691184E-017   1.7451003783581152E-017  -6.2492918666996420E-031   1.0701569840409494E-031   1.6990681241228118E-032  -1.4927405449799759E-030   1.2874682631647487E-031  -4.5676773160932168E-031  -8.9867784064392905E-016   2.4331413543879776E-017  -3.1131556643336608E-017  -3.1597582058077944E-018  -2.8898411309329272E-030  -1.7210176451731674E-031  -4.5082073199990600E-033  -2.0215898125857969E-030  -1.0363297816034874E-031  -2.0581568044536686E-030   1.3584634335533605E-030   1.8350147311557428E-032   2.1395251740065643E-031   1.8258851752609584E-030  -8.9622957373444804E-033   8.9913139052280934E-031  -2.9058685807876474E-031   2.0976199722683341E-031   2.6947660531487306E-032  -1.3221413084883686E-031  -2.3522536606961578E-030   7.5434268542525986E-032  -1.1507837429081980E-031  -1.8447539677367779E-030   1.6677947437210341E-033  -1.8606754120144710E-030  -9.3052818575025374E-016
  -1.9013421899608655E-020  -1.2494823503257414E-018  -2.6478633186412863E-018  -4.5412276030896364E-018  -3.9864614032323136E-032  -2.5403925845120136E-033   3.1940445738912630E-033  -3.5654248305218971E-032   5.3397801363614936E-034  -3.6089779753490476E-032  -2.5575248689596356E-020  -1.6806980885166357E-018  -3.5616820174638547E-018  -4.4980063883506473E-018  -3.8832184145394933E-032   2.8794875138683920E-033  -9.7734537955946474E-034  -3.5747153241493957E-032   3.2036090853261716E-033  -3.7671394454089207E-032  -4.3348003552817946E-034   5.4832547412793155E-033  -1.2218974403086543E-033  -8.9622957373444804E-033   2.5192742852559492E-034   1.0730565820839541E-032   1.4579983944935534E-032   1.0660749257904100E-033   4.7566892523571232E-033   2.3896858491822794E-033   8.3598920546468668E-033  -1.5997860356528384E-033   2.5393900330096647E-033  -4.0467787915209862E-033  -3.3018706131726519E-034  -1.6391226353133640E-033   2.1345554241802642E-017
  -6.7334237379492906E-016   3.5158999895349123E-017  -2.6790457859972544E-017  -2.0568818022629316E-018   1.3587997095932147E-030  -1.0945667757978921E-031   1.7194976127302422E-031   1.4512119469295464E-030   1.9263519483583245E-031   1.2691995702438712E-030  -9.0572327032818789E-016   4.7292916064692154E-017  -3.6036260379349889E-017   2.3971411712114777E-017   3.8294425521463644E-030   1.8068003749307676E-031  -1.9933329511021330E-032   2.8616005469788038E-030   1.7456825218944565E-031   2.7118145861413551E-030   1.3374013155346277E-030  -1.4188169707958702E-031  -2.0424178339354879E-031   8.9913139052280934E-031   1.0730565820839541E-032   2.0192120988552229E-030   1.1839698617276369E-031  -1.5323408178549178E-031  -2.1948861174934184E-031   4.8635340124337971E-032   3.0130768228519235E-030  -7.9253166380815542E-032   1.5946704959295866E-031   2.3755249147980908E-030  -1.2972901351469201E-032   2.4229596932493328E-030   1.0890906360330494E-015
  -6.0203047311979961E-017  -2.8721599941289931E-015   5.6336727343396898E-018   2.4137760775695697E-016   3.5954468162340870E-030   8.8713733395099664E-033  -2.2887842994547842E-031   5.6565290143052433E-030  -3.4020968441866535E-031   4.6467383328460398E-030  -8.0980052670404804E-017  -3.8633869544360217E-015   7.5779405715242447E-018   2.7720911922749384E-016   8.2295051810770737E-030   8.9543973991562043E-032  -8.2695440946162042E-032   5.8197169083993890E-030   7.3133538704639211E-032   5.9255358956242210E-030  -4.9404742480533932E-031   1.1126644366849244E-029  -1.1655528987394595E-031  -2.9058685807876474E-031   1.4579983944935534E-032   1.1839698617276369E-031   2.6006248351935616E-029  -1.7812429902634532E-031   1.2332022864265838E-029  -2.1278621661251715E-031   2.9370000480747954E-030  -5.1196482367933024E-032   5.4952916334225478E-032   2.8790038569370836E-030  -2.7138313868304023E-032   2.7895563748297630E-030   4.4786574028509334E-016
  -1.7777108111954432E-018   5.0967782223053715E-018  -5.1439351686737282E-016  -4.6037133553271319E-017  -8.5657103263109566E-031   2.7835370483496496E-032  -5.9004952014763222E-032  -1.2039478226084918E-030  -1.5305077493706932E-031  -5.5182689711147075E-031  -2.3912263838978095E-018   6.8557554363128751E-018  -6.9191869762622341E-016  -5.9081037165287552E-017  -1.8774117568551389E-030  -9.7130673248724612E-032  -2.6353751849726572E-032  -1.2525792440321328E-030   3.6673356608145182E-032  -1.2526800421008040E-030   9.0929934903529687E-032   2.7972646063020057E-032   5.4953031209165901E-031   2.0976199722683341E-031   1.0660749257904100E-033  -1.5323408178549178E-031  -1.7812429902634532E-031   8.9649206820575441E-031  -1.0305709587007300E-032  -3.6649891191255562E-032  -1.1336341682110016E-030   2.1728909438299630E-032  -4.8249483289901378E-032  -9.4679240536959022E-031  -2.0872936173980464E-032  -9.2941182739128650E-031  -3.4314446707287079E-016
  -1.4359578744258667E-017  -1.3890228401863569E-015   2.0447990723585435E-017  -1.4479145866243145E-016  -2.3466602335758684E-030   2.4235610685884013E-032  -1.8081285828947812E-032  -1.8701846034325815E-030  -1.2370443023335728E-031  -1.5163144462310305E-030  -1.9315292081626958E-017  -1.8683961656589502E-015   2.7504909464449201E-017  -1.6239982938021944E-016  -4.0031075448950018E-030  -5.4034624182027735E-032  -7.5909865281385827E-032  -3.4974654010281403E-030  -2.2970499472100901E-032  -3.4704749896194198E-030  -2.8084157099300869E-031   5.4870342669175106E-030   4.4283739551109288E-032   2.6947660531487306E-032   4.7566892523571232E-033  -2.1948861174934184E-031   1.2332022864265838E-029  -1.0305709587007300E-032   6.0735878952543464E-030  -9.0534191438882886E-032  -2.4749680370430947E-030   4.3926398884162937E-033  -3.9731170699735913E-032  -2.3421201465169979E-030  -1.2743421160041189E-032  -2.2924351293866232E-030  -1.0740425509374985E-016
   2.3368230522325614E-017   2.3622616140857257E-017   8.5432453535519568E-018  -1.0355060785549985E-016  -1.2286887617369908E-030  -2.9889523781384566E-032   6.0844986291441939E-032  -1.2626506340911636E-030   2.5066867277391841E-032  -1.1620070319274292E-030   3.1432969309770042E-017   3.1775147350701018E-017   1.1491651828215373E-017  -1.0895599538787385E-016  -1.9130622871448572E-030   2.3677917708643965E-032  -1.5116340605257013E-032  -1.5835782294864207E-030   2.4296305211506008E-032  -1.6104108242150670E-030  -5.2737508998354429E-032  -6.9142365282473764E-032  -3.5380382948339433E-032  -1.3221413084883686E-031   2.3896858491822794E-033   4.8635340124337971E-032  -2.1278621661251715E-031  -3.6649891191255562E-032  -9.0534191438882886E-032   3.8636752813182756E-032  -5.6828233559100106E-031  -1.5304556660240813E-032   2.1476025613826186E-032  -7.0332055864443335E-031  -1.9442399724143517E-033  -6.5728897885242024E-031   2.2148993668847678E-016
   1.3340738041815741E-018   1.1774354943959944E-016  -2.1105560989319065E-016   5.5047975080575242E-015   8.1502835287414191E-029  -5.8362307047239429E-033  -2.2498372276468643E-030   9.0678495030610922E-029  -9.8708185858907264E-031   7.5105283792002194E-029   1.7944833650911099E-018   1.5837867451805738E-016  -2.8389417427601704E-016   6.1457967627502093E-015   1.5384897345431249E-028   1.3732925519807015E-030   7.9868774953908298E-031   1.2242987710996273E-028   6.5198071512331111E-031   1.2319017066489376E-028   3.2593330060826719E-031  -2.5232577117024988E-030  -1.4433185390736412E-030  -2.3522536606961578E-030   8.3598920546468668E-033   3.0130768228519235E-030   2.9370000480747954E-030  -1.1336341682110016E-030  -2.4749680370430947E-030  -5.6828233559100106E-031   7.1108350595408252E-029  -3.1265593769059626E-031   8.5610199044970471E-031   6.9939472647812334E-029   3.0176777459872527E-032   6.7865658899235909E-029   2.9026448699539389E-015
  -2.1218744552166526E-018   1.4960285343148636E-018   3.3606891526966355E-018   1.0678136403528269E-017  -2.3952563491877320E-032   1.7334702849759945E-032  -1.5248113361592817E-032  -8.7851301173692967E-032  -4.8059614636601877E-033  -1.6372160505705621E-032  -2.8541662393431695E-018   2.0123311844572358E-018   4.5205151025646600E-018   8.0093559054400459E-018  -2.8674653446264104E-031  -2.5759642305767902E-032   2.7598345598503282E-033  -1.9138875821220495E-031  -2.1666805928430646E-032  -1.8143122140707144E-031   7.3248342353451753E-033  -1.7014524245623951E-033   2.7919659250399484E-032   7.5434268542525986E-032  -1.5997860356528384E-033  -7.9253166380815542E-032  -5.1196482367933024E-032   2.1728909438299630E-032   4.3926398884162937E-033  -1.5304556660240813E-032  -3.1265593769059626E-031   1.1920125711322851E-032  -2.0493196859895580E-032  -2.2322036678922035E-031   1.3811461107166235E-033  -2.3171186721805960E-031  -1.5673420325034824E-016
  -4.9505619985296077E-018   3.0358844322615298E-018  -1.4828691004770264E-018   1.0648812338954323E-017   4.4939770215075526E-031  -2.7650507818669090E-032   1.5009499512910398E-032   5.9095494592664422E-031   6.7712830695721600E-033   4.0150153583441635E-031  -6.6590777259418863E-018   4.0836152354845220E-018  -1.9946302259026367E-018   1.8140636241872551E-017   1.2264112173434722E-030   4.8285753862556211E-032  -1.4589917873300206E-034   9.1727150125532038E-031   3.7330287795441485E-032   9.0401783948661444E-031   6.8456674556431391E-033  -2.8421968068477558E-032  -5.6435155973496409E-032  -1.1507837429081980E-031   2.5393900330096647E-033   1.5946704959295866E-031   5.4952916334225478E-032  -4.8249483289901378E-032  -3.9731170699735913E-032   2.1476025613826186E-032   8.5610199044970471E-031  -2.0493196859895580E-032   3.7210678409001690E-032   7.0678913141347865E-031  -1.8443811867418783E-033   7.1004951108275581E-031   2.6508085334319533E-016
   1.0462519814447799E-017   9.8110343577944068E-017  -2.0929292276253669E-016   5.6948252297811285E-015   8.2848878009310703E-029   1.3347579570305731E-031  -2.4229250512891291E-030   9.1713931436018036E-029  -1.0609788912607926E-030   7.6413837049076581E-029   1.4073297672937740E-017   1.3196974480845848E-016  -2.8152315647783162E-016   6.3264764981493418E-015   1.5448018811541359E-028   1.1908617262409167E-030   8.3423978728263162E-031   1.2322544938596259E-028   4.9276615199801563E-031   1.2408441839512028E-028   3.3489714343903896E-031  -2.4534283848293902E-030  -1.2262831687529571E-030  -1.8447539677367779E-030  -4.0467787915209862E-033   2.3755249147980908E-030   2.8790038569370836E-030  -9.4679240536959022E-031  -2.3421201465169979E-030  -7.0332055864443335E-031   6.9939472647812334E-029  -2.2322036678922035E-031   7.0678913141347865E-031   6.9470745876515853E-029   4.0770139970458508E-032   6.7289021765716171E-029   1.6965374478111171E-015
   2.0581626752997357E-018   2.9475598378788822E-018   1.4248207205959163E-017   7.6282405413405210E-018   8.3530770826990032E-032   2.4067309351620591E-033  -3.2365740337444338E-033   8.8359474429587574E-032   2.1372188784104014E-033   7.0132544521313786E-032   2.7684665360265177E-018   3.9648084536927690E-018   1.9165484498121467E-017   7.9947734052209290E-018   1.1998063431038685E-031  -1.0273880365326950E-033   2.0140973218564307E-033   9.6289241713588962E-032  -4.5646719478907821E-033   9.8979465064443134E-032  -5.0292802750408301E-033  -1.3861489129420442E-032  -1.0724073101798698E-032   1.6677947437210341E-033  -3.3018706131726519E-034  -1.2972901351469201E-032  -2.7138313868304023E-032  -2.0872936173980464E-032  -1.2743421160041189E-032  -1.9442399724143517E-033   3.0176777459872527E-032   1.3811461107166235E-033  -1.8443811867418783E-033   4.0770139970458508E-032   8.8108990176300451E-034   3.7014444780371330E-032  -1.7630609509569863E-017
   2.7689485168931129E-018   9.9058999462113869E-017  -2.1471894064811575E-016   5.4752147301005246E-015   7.9908697027544297E-029   1.0455572175033294E-031  -2.3137358400117506E-030   8.8531917329746710E-029  -1.0153670489979278E-030   7.3695754104090032E-029   3.7245555956321095E-018   1.3324579655162113E-016  -2.8882177729162082E-016   6.0878510492210073E-015   1.4932976270467129E-028   1.1831976439401493E-030   8.0012393180571761E-031   1.1907018596039266E-028   5.0677872663857305E-031   1.1988270701451761E-028   3.3593114005246271E-031  -2.3874783834383370E-030  -1.2133997065089297E-030  -1.8606754120144710E-030  -1.6391226353133640E-033   2.4229596932493328E-030   2.7895563748297630E-030  -9.2941182739128650E-031  -2.2924351293866232E-030  -6.5728897885242024E-031   6.7865658899235909E-029  -2.3171186721805960E-031   7.1004951108275581E-031   6.7289021765716171E-029   3.7014444780371330E-032   6.5197940509943120E-029   1.8528823309965067E-015
  -3.0820866429294681E-016   1.3508216681530904E-016  -1.3059322361169323E-015 -0.25218284192874169       -1.2421445592381805E-015  -2.3713916487846552E-016   2.6219721475704939E-016  -5.6352577703973918E-016   1.0704718811782952E-016  -1.2486450793859120E-015  -2.4429327614692396E-016  -7.8539821925697549E-016   1.2339104239589313E-015 -0.22789416294177470        9.2813324191313577E-016   3.2909651996284859E-016  -5.1051652726795307E-017   2.2771993724494213E-016   2.7848558786991588E-016   7.2783593002625477E-017  -5.0543848416881568E-017  -1.6353744182343996E-017  -3.9369200948704317E-016  -9.3052818575025374E-016   2.1345554241802642E-017   1.0890906360330494E-015   4.4786574028509334E-016  -3.4314446707287079E-016  -1.0740425509374985E-016   2.2148993668847678E-016   2.9026448699539389E-015  -1.5673420325034824E-016   2.6508085334319533E-016   1.6965374478111171E-015  -1.7630609509569863E-017   1.8528823309965067E-015   2.0937833159718644     
