  0.27041814638879502        2.3585537461448613E-009  -3.2422225951170892E-009  -1.2858385072680254E-007  -1.8139745237679398E-008  -1.5429136611941192E-008  -1.9107792160728401E-008   1.2627253191820923E-008   1.3010111744242603E-008   5.5124894792198670E-009  0.31379164185478181       -1.3672088837949063E-011  -9.4382233684750098E-010   3.6343594639845771E-008  -1.4203870393052560E-010   7.3600485876197272E-010   1.9397989623281249E-010  -3.1459434392084716E-010   4.1296458545208655E-011   5.0516415489521084E-010  -5.8731289720474165E-010   1.5270911850401211E-010   5.1958325732093690E-011  -2.5840680494167480E-010  -1.2470891895034901E-008  -7.9647582138007073E-009  -1.0062786266632945E-008   7.3841871209938913E-009   3.7925761984018649E-009   5.0867047366005456E-009 -0.12821326072906025       -4.3183832941183791E-010   5.5426454713957957E-010   2.6185310268112228E-008  -1.5972743465098931E-009   2.7448406604296213E-010  -1.2522301030757509E-009   1.0367066275664951E-009   9.6584822838101512E-010   5.6056780990115566E-010  -3.0476489680882587E-009
   2.3585537461448613E-009  0.27041813976169771       -7.9344042840178185E-010   8.9060673509178118E-008   1.8595985007529135E-008  -1.9397447606942281E-008   5.9780850667558449E-009  -3.2748682464559384E-008   3.3461671800680340E-009   1.4152699407032621E-008   3.2734431277994109E-010  0.31379164140227483        6.7814109911630634E-010  -7.1932714476131753E-009  -1.8885281815004390E-010  -3.0547685016155783E-010   4.0338365737819935E-011  -2.2546801448613182E-011   4.7364891228146217E-010   2.7591953097773223E-010  -2.0135217213402820E-010   3.5543113207994948E-010   5.7562207336418299E-010  -2.9498929905184057E-010   1.0319211452851032E-008  -1.2735760259184465E-008   1.7140951849201167E-009  -1.9255011287524367E-008  -6.0296019147323025E-010   8.9358007506026804E-009  -5.3636199294653777E-010 -0.12821325982111600       -5.3908270213900267E-011  -2.2169385008927382E-008   1.0701325915147295E-009  -1.7811223082896367E-009   4.0703883229774322E-010  -1.7128717943252003E-009   8.4745878511759753E-010   6.4273951473775397E-010   2.9376359356995065E-009
  -3.2422225951170892E-009  -7.9344042840178185E-010  0.27041812212024002        3.8620361839686561E-008  -5.1518644972700312E-009  -5.5592953596572486E-009  -3.2205197469926834E-008   4.6504898641339781E-009   2.0391790101508524E-009   5.0137533016288082E-010   4.9510875633974194E-010  -7.8272296096122742E-010  0.31379164018798461       -1.8081738191542881E-009  -2.8948411592483207E-010  -6.3723267511002229E-011  -3.4270929355883921E-010   5.8337823381227013E-011   5.7483877181873840E-010   3.3004586283686996E-010   1.8564639545657926E-010  -4.1716480912228424E-010  -1.8534738901012210E-010   5.6637513526302751E-010  -2.3660976040823907E-009  -6.1928318987786027E-010  -1.7919952720136747E-008   3.8403401249447721E-009  -3.5436412810846276E-009  -1.4742416117755604E-009   1.0814242510659041E-010   4.0035491147773456E-010 -0.12821325777409096       -9.8987287061237266E-009  -1.0149710601113600E-009  -2.6679183620534616E-010  -2.9596202999360054E-009   2.3941958371590555E-010   1.4305195284473424E-009   7.7555145636475903E-010   1.3517514117678073E-009
  -1.2858385072680254E-007   8.9060673509178118E-008   3.8620361839686561E-008  0.26011370782998211        1.7278239789159226E-009   1.3339119457013364E-010  -5.0706137819803362E-010   5.1716078273715705E-010  -1.6908128344736583E-009  -2.2450332767248104E-009  -2.6447062003586429E-008  -3.6129561066572729E-008  -1.7227747742452915E-008  0.52543629275492987        9.7229117599686629E-010   1.8052228490857749E-009  -2.1310580502874941E-009  -1.0027631510862656E-010   5.3225385754605666E-010  -1.2041898343051285E-009  -2.5316106427803315E-009   1.0200344882032247E-009   1.5912888422411621E-009   8.2810818215375953E-010   4.5750652756410913E-010   1.3903840490661755E-009   5.5099006753536075E-010  -4.0796482808836080E-010  -1.3546861030344720E-009  -4.9553570780610181E-011   2.6224661306915572E-008   2.9514382611596915E-009   1.9608584835696649E-009 -0.25116203790190988        4.7372783226650562E-010   3.3827331403409804E-010  -1.8627448291558578E-011   4.9099881044780947E-011  -4.9273101777227223E-010  -5.2282494373930113E-010   5.7935290488014463E-002
  -1.8139745237679398E-008   1.8595985007529135E-008  -5.1518644972700312E-009   1.7278239789159226E-009   2.6055671160982750E-015  -1.9217797226611013E-016   2.3033407938850977E-015  -3.1847454177372810E-015  -6.9271234112885112E-016   5.7917826049838437E-016  -2.1056535283892643E-008   2.1594633148084065E-008  -5.9845229867809694E-009   3.4912194303780579E-009   8.5165544201508995E-018  -5.7189119391139031E-017  -1.7873802891193695E-017   1.7775336677615752E-017   2.2393307183193421E-017  -2.9201821699815869E-017   5.1978397739615071E-018   2.8938295037262061E-017   5.0215669900039782E-017  -8.2469607353026258E-018   1.5946136178639379E-015  -3.2078417076855202E-016   1.1382975638048180E-015  -1.8959293547009414E-015  -2.3743445373212740E-016   3.0131570327718864E-016   8.2915941232921888E-009  -8.1395679022707564E-009   2.1740861845166305E-009  -1.6209713532513251E-009   2.0562911843296364E-016  -1.3699563963981753E-016   1.6982109617332071E-016  -1.9360966811469101E-016  -3.6956760892566296E-017  -1.2019415676498069E-017   3.4924560455117518E-010
  -1.5429136611941192E-008  -1.9397447606942281E-008  -5.5592953596572486E-009   1.3339119457013364E-010  -1.9217797226611013E-016   2.3863135006115716E-015   1.3234042494334006E-015   1.5334838407276517E-015  -1.0252693530433365E-015  -1.3413058941322477E-015  -1.7915217325291511E-008  -2.2518735582100774E-008  -6.4539539338032507E-009   2.6906381787191570E-010   2.8102242328222013E-017  -1.7854036116311219E-017  -8.0063031664813291E-018   1.8323327884497359E-017  -4.7885563397301791E-017  -5.6026731109313639E-017   4.2850462402912743E-017  -2.5126681018326347E-017  -3.9636121640604093E-017   2.4695913639425073E-017   2.0338086756922943E-017   1.3817789739473674E-015   8.2014115884867924E-016   8.8079369080206041E-016  -1.0086436323934423E-016  -9.0113186254951559E-016   6.8342826546148374E-009   8.7704066879020095E-009   2.5093989007884372E-009  -1.5142180401429910E-010   3.8496038456010814E-017   1.2116057186998326E-016   1.0391514043720111E-016   5.7712327895358589E-017  -1.4499069259809053E-016  -9.6208391728898038E-017   3.3839902049956964E-011
  -1.9107792160728401E-008   5.9780850667558449E-009  -3.2205197469926834E-008  -5.0706137819803362E-010   2.3033407938850977E-015   1.3234042494334006E-015   5.3194042503570294E-015  -2.1713775296240224E-015  -1.0850333141518233E-015  -1.3196303482616294E-016  -2.2188314203505099E-008   6.9418206695484345E-009  -3.7391718434525398E-008  -1.0246824287289775E-009   3.8445681681412285E-017  -5.4707696436417817E-017   3.2150824413781599E-017   1.4978941051007644E-017  -6.1958716454117263E-017  -6.6559581272293460E-017   1.9879960001787537E-017   4.4759921157203439E-017   2.8035966175043048E-017  -5.7325700471081586E-017   1.3905704916200899E-015   3.5230418050897085E-016   2.8828545925963525E-015  -1.4045581273698545E-015   1.4353428361470457E-016   1.3987572252062835E-017   8.3914839629075596E-009  -2.6270794633259647E-009   1.4378595968181258E-008   4.7029640681145847E-010   2.6072650892299970E-016  -2.7617390876455232E-017   4.5517450798290617E-016  -1.4247113776315909E-016  -2.1734601360127127E-016  -1.1825537408818035E-016  -1.0107977701132726E-010
   1.2627253191820923E-008  -3.2748682464559384E-008   4.6504898641339781E-009   5.1716078273715705E-010  -3.1847454177372810E-015   1.5334838407276517E-015  -2.1713775296240224E-015   4.6374698555552374E-015   2.3394315981352436E-016  -1.4527248598707708E-015   1.4659392568085622E-008  -3.8030613509381908E-008   5.4006732613595282E-009   1.0450991531322941E-009   1.3194274543109944E-017   7.3882675921369634E-017  -5.9494066591346733E-018  -1.1154871970268093E-017  -4.4506538360311571E-017  -6.5468868345088716E-018  -4.8863707704336357E-018  -4.1089349220123172E-017  -6.7327271702007955E-017   3.5060605600667929E-017  -1.8722699053263091E-015   1.1631369144100468E-015  -9.8487442340612879E-016   2.7428329412045156E-015   1.8669831929768304E-016  -8.7056314904212014E-016  -5.6983386738438033E-009   1.4286581814461066E-008  -2.0236555483934033E-009  -4.8033003833247017E-010  -2.2336746957699738E-016   2.3140654040374047E-016  -1.5975592435564816E-016   2.6278707327982491E-016  -3.3444096866749670E-017  -3.9419630418054957E-017   1.0326441176972548E-010
   1.3010111744242603E-008   3.3461671800680340E-009   2.0391790101508524E-009  -1.6908128344736583E-009  -6.9271234112885112E-016  -1.0252693530433365E-015  -1.0850333141518233E-015   2.3394315981352436E-016   6.9381092996242592E-016   4.5876940020572602E-016   1.5106746394215125E-008   3.8868987869139162E-009   2.3676976166686316E-009  -3.4162074999538344E-009  -1.7675900249362350E-017   1.9423591264157388E-017   2.1102405029775590E-017  -1.4329013087049626E-017   8.7251731347286447E-018   3.8043965229761260E-017  -1.2899055724289733E-017   1.9771422065049990E-018  -2.1176395036422249E-018  -1.7202496171640833E-017  -4.9327546394822283E-016  -5.5468780266910037E-016  -6.0185153628862769E-016   1.4865830501059104E-016   1.5703814023787001E-016   3.4461724977099044E-016  -5.7487977166142427E-009  -1.4157039073593351E-009  -9.0549512216362014E-010   1.6000535194200192E-009  -7.7118166883092868E-017  -1.4819022068761486E-017  -7.7847421484812343E-017   3.1401536314510928E-017   7.0667652623656832E-017   4.5716619343994400E-017  -3.4574147884107841E-010
   5.5124894792198670E-009   1.4152699407032621E-008   5.0137533016288082E-010  -2.2450332767248104E-009   5.7917826049838437E-016  -1.3413058941322477E-015  -1.3196303482616294E-016  -1.4527248598707708E-015   4.5876940020572602E-016   8.7354706257658153E-016   6.3971396508346674E-009   1.6435981939369064E-008   5.8385080390384473E-010  -4.5364173258853905E-009  -2.1711012172248492E-017  -1.6693903650108940E-017   2.3823607258498081E-017  -6.6204429129352234E-018   2.2113135355889910E-017   3.5748932540623634E-017  -3.1098927693065779E-019   1.2150861994479578E-017   1.7111305300958911E-017  -2.6813798050742167E-017   2.7765638513987689E-016  -8.4235300473721961E-016  -1.5342318954562825E-016  -8.4690368842747416E-016   5.0736340662292086E-017   5.6924745001298859E-016  -2.5932579092230141E-009  -6.1470438951222403E-009  -1.5041952343571263E-010   2.1013006662948815E-009   1.7738300113498963E-017  -9.4410802763554095E-017  -1.0065224530382209E-017  -6.9177406594976943E-017   7.0400943771722515E-017   5.1439098553372123E-017  -4.5252280269045955E-010
  0.31379164185478181        3.2734431277994109E-010   4.9510875633974194E-010  -2.6447062003586429E-008  -2.1056535283892643E-008  -1.7915217325291511E-008  -2.2188314203505099E-008   1.4659392568085622E-008   1.5106746394215125E-008   6.3971396508346674E-009  0.36521646723774859       -2.7833425956103568E-009   3.8498166409015352E-009   2.8973158008631848E-007  -1.6491004738581132E-010   8.5547469984187997E-010   2.2525767833315945E-010  -3.6576117574183868E-010   4.7787865796334439E-011   5.8701720379464530E-010  -6.8267433938797504E-010   1.7773898354321430E-010   6.0429290829034242E-011  -3.0037605926738513E-010  -1.4494315965805937E-008  -9.2539948642260876E-009  -1.1698150147974148E-008   8.5845100264568009E-009   4.4011035248449817E-009   5.9098057684386572E-009 -0.10233070848975501        1.2518205930207981E-009  -1.2440696734735512E-009  -9.4932255136357724E-008  -2.1771339273487106E-009   2.3443659321140489E-010  -1.4628881862294112E-009   1.3642507258374574E-009   1.1155942433776079E-009   8.1288326542777444E-010   2.4172122164650376E-008
  -1.3672088837949063E-011  0.31379164140227483       -7.8272296096122742E-010  -3.6129561066572729E-008   2.1594633148084065E-008  -2.2518735582100774E-008   6.9418206695484345E-009  -3.8030613509381908E-008   3.8868987869139162E-009   1.6435981939369064E-008  -2.7833425956103568E-009  0.36521647509032906        9.3395326575279002E-010  -2.9018838725959925E-007  -2.1921479011988065E-010  -3.5517056029032224E-010   4.6485654837842070E-011  -2.6285768662705264E-011   5.5042937178619677E-010   3.2039338624776768E-010  -2.3367666105877523E-010   4.1369179457007239E-010   6.6868437758592454E-010  -3.4299617858542964E-010   1.1986439587073104E-008  -1.4802969142590458E-008   1.9923151141770383E-009  -2.2373317638965130E-008  -7.0947655673343708E-010   1.0386878829336088E-008   1.2743635464340641E-009 -0.10233071130462787       -4.3118043846627340E-010   1.0768271828593807E-007   1.2705427201952419E-009  -2.3415362971338091E-009   4.7103918641235976E-010  -2.0511518558599117E-009   9.5239415829100306E-010   7.8060944488516475E-010  -2.5300768014424126E-008
  -9.4382233684750098E-010   6.7814109911630634E-010  0.31379164018798461       -1.7227747742452915E-008  -5.9845229867809694E-009  -6.4539539338032507E-009  -3.7391718434525398E-008   5.4006732613595282E-009   2.3676976166686316E-009   5.8385080390384473E-010   3.8498166409015352E-009   9.3395326575279002E-010  0.36521649602018247       -1.2748881512585599E-007  -3.3608561316064219E-010  -7.4252531762715050E-011  -3.9764597256701896E-010   6.8179027977314002E-011   6.6804278017825657E-010   3.8272712812864822E-010   2.1605055135411928E-010  -4.8419027573729808E-010  -2.1560952038105150E-010   6.5728038087627768E-010  -2.7438344246746639E-009  -7.1644412864581905E-010  -2.0821097798315714E-008   4.4664379077433799E-009  -4.1238701957198079E-009  -1.7226023511762253E-009  -1.1387150124404548E-009  -5.4216843665486287E-010 -0.10233071819553555        4.7430531103364703E-008  -1.1499806343310953E-009  -3.1250094319879212E-010  -3.6975486560261517E-009   2.8506714082604118E-010   1.5745472209213716E-009   8.6491348594618851E-010  -1.1120394146234487E-008
   3.6343594639845771E-008  -7.1932714476131753E-009  -1.8081738191542881E-009  0.52543629275492987        3.4912194303780579E-009   2.6906381787191570E-010  -1.0246824287289775E-009   1.0450991531322941E-009  -3.4162074999538344E-009  -4.5364173258853905E-009   2.8973158008631848E-007  -2.9018838725959925E-007  -1.2748881512585599E-007   1.0621543249940602        1.9651081084450734E-009   3.6479504541735408E-009  -4.3071305201519837E-009  -2.0246895037706791E-010   1.0759006743906499E-009  -2.4340015701007616E-009  -5.1164903153640213E-009   2.0615661783433428E-009   3.2165408350006239E-009   1.6737450808977374E-009   9.2292021773255505E-010   2.8093754636412343E-009   1.1139487292355399E-009  -8.2500254449708536E-010  -2.7365800913634843E-009  -9.7940975018235288E-011  -1.0050278598534578E-007   9.2087456906369097E-008   4.0155373924935303E-008 -0.46996188977524339        9.5495576747089544E-010   6.8385229926433336E-010  -3.7537693058628468E-011   9.8768973553747576E-011  -9.9123105947137231E-010  -1.0537182827496345E-009   9.3394266893672653E-002
  -1.4203870393052560E-010  -1.8885281815004390E-010  -2.8948411592483207E-010   9.7229117599686629E-010   8.5165544201508995E-018   2.8102242328222013E-017   3.8445681681412285E-017   1.3194274543109944E-017  -1.7675900249362350E-017  -2.1711012172248492E-017  -1.6491004738581132E-010  -2.1921479011988065E-010  -3.3608561316064219E-010   1.9651081084450734E-009   4.1522829307701359E-018   6.6446462029246833E-018  -7.7322515731347890E-018  -2.5616345925194392E-019   1.0225327383750111E-018  -5.3147137804604338E-018  -9.2162583269075981E-018   3.9323715899853758E-018   5.7202580574103254E-018   2.8322655361002520E-018   3.5858197882541292E-018   1.8941235604838874E-017   2.5338470072853240E-017   3.9303151701156003E-018  -2.8388512397248227E-018  -7.5161799466078700E-018   6.3541405160054212E-011   8.6546687292205398E-011   1.3005271064682262E-010  -8.8482806681706207E-010   2.9663851384521434E-018   2.6755622249132003E-018   3.5139584925150514E-018   5.6809214686125225E-019  -4.4507486035160559E-018  -3.5344659280708172E-018   1.8837813911569216E-010
   7.3600485876197272E-010  -3.0547685016155783E-010  -6.3723267511002229E-011   1.8052228490857749E-009  -5.7189119391139031E-017  -1.7854036116311219E-017  -5.4707696436417817E-017   7.3882675921369634E-017   1.9423591264157388E-017  -1.6693903650108940E-017   8.5547469984187997E-010  -3.5517056029032224E-010  -7.4252531762715050E-011   3.6479504541735408E-009   6.6446462029246833E-018   1.4896567664945297E-017  -1.4230424633183509E-017  -1.5412612832267474E-018   3.1361317000167801E-018  -7.3734580173180828E-018  -1.8990747362455297E-017   7.1934348444314099E-018   1.0582187888799571E-017   5.2450635684283703E-018  -4.1907181989904742E-017   2.5054801537216653E-018  -2.1298301529891279E-017   3.8148063935525730E-017   2.4465635881153554E-018   3.7590355172803681E-018  -2.8878091916279228E-010   1.1529833657760186E-010   1.7142671879792378E-011  -1.6766339669979841E-009  -2.4783270821164679E-018   5.2371891508455187E-018  -3.2375488911262969E-018   5.2874993285959189E-018  -2.0409364206090700E-018  -2.8091516148184369E-018   3.5962146373589267E-010
   1.9397989623281249E-010   4.0338365737819935E-011  -3.4270929355883921E-010  -2.1310580502874941E-009  -1.7873802891193695E-017  -8.0063031664813291E-018   3.2150824413781599E-017  -5.9494066591346733E-018   2.1102405029775590E-017   2.3823607258498081E-017   2.2525767833315945E-010   4.6485654837842070E-011  -3.9764597256701896E-010  -4.3071305201519837E-009  -7.7322515731347890E-018  -1.4230424633183509E-017   1.8046216008595823E-017   5.1821940235404043E-019  -4.9914086820073986E-018   9.8556936457773429E-018   2.0062199521085146E-017  -7.6693056404181202E-018  -1.2685836887726012E-017  -7.7344913529351870E-018  -8.1590692615317305E-018  -1.8216285858925621E-017   1.1225772041454176E-017   9.1443108267624844E-019   1.8222961445035493E-017   7.2447323281173068E-018  -8.4945824977229387E-011  -3.2871272586770231E-011   1.6382180878236701E-010   1.9378521633994927E-009  -3.6312686703311549E-018  -2.4352490114776769E-018   3.0569358829257913E-018  -1.7280432839535967E-019   3.0359271908179689E-018   3.8040476928725993E-018  -4.1248546167631287E-010
  -3.1459434392084716E-010  -2.2546801448613182E-011   5.8337823381227013E-011  -1.0027631510862656E-010   1.7775336677615752E-017   1.8323327884497359E-017   1.4978941051007644E-017  -1.1154871970268093E-017  -1.4329013087049626E-017  -6.6204429129352234E-018  -3.6576117574183868E-010  -2.6285768662705264E-011   6.8179027977314002E-011  -2.0246895037706791E-010  -2.5616345925194392E-019  -1.5412612832267474E-018   5.1821940235404043E-019   4.1981119645834137E-019  -1.6817597991576228E-019  -7.6137501793574754E-020   1.7167586697345705E-018  -6.9092023010589031E-019  -7.6201250459388982E-019   1.2872343398844679E-019   1.2975182498182662E-017   9.6695494248060687E-018   7.4871078157946199E-018  -6.0019011493885933E-018  -4.6083716486215880E-018  -6.9732763676040194E-018   1.1912581265104524E-010   5.4851619597004665E-012  -7.1141658810477600E-012   1.0246821068726579E-010   1.5854387815661767E-018  -2.7485336603107556E-019   6.8162110991764489E-019  -1.1245375048772509E-018  -7.2607321882788235E-019  -4.6090231193946109E-019  -2.2701322498669044E-011
   4.1296458545208655E-011   4.7364891228146217E-010   5.7483877181873840E-010   5.3225385754605666E-010   2.2393307183193421E-017  -4.7885563397301791E-017  -6.1958716454117263E-017  -4.4506538360311571E-017   8.7251731347286447E-018   2.2113135355889910E-017   4.7787865796334439E-011   5.5042937178619677E-010   6.6804278017825657E-010   1.0759006743906499E-009   1.0225327383750111E-018   3.1361317000167801E-018  -4.9914086820073986E-018  -1.6817597991576228E-019   3.1492601432293887E-018  -1.2036961459253831E-018  -5.2298292848647743E-018   1.8481270282132718E-018   3.8804254482471513E-018   2.3428607151559125E-018   1.2088606847004528E-017  -2.2008906591008545E-017  -3.5518818060912982E-017  -2.5285233682577798E-017  -1.0799978616363350E-017   1.3196606627186617E-017  -2.5205523892394550E-011  -1.9018743704470537E-010  -2.2997072599327634E-010  -4.7558799491010539E-010   5.2616792040875080E-019  -3.1480778092259645E-018  -6.0487514604707851E-018  -2.2927897443838599E-018   3.5681239623227622E-018   1.7666288720176704E-018   1.0059507541173347E-010
   5.0516415489521084E-010   2.7591953097773223E-010   3.3004586283686996E-010  -1.2041898343051285E-009  -2.9201821699815869E-017  -5.6026731109313639E-017  -6.6559581272293460E-017  -6.5468868345088716E-018   3.8043965229761260E-017   3.5748932540623634E-017   5.8701720379464530E-010   3.2039338624776768E-010   3.8272712812864822E-010  -2.4340015701007616E-009  -5.3147137804604338E-018  -7.3734580173180828E-018   9.8556936457773429E-018  -7.6137501793574754E-020  -1.2036961459253831E-018   7.2065867746822865E-018   1.0648144777169251E-017  -4.5849094025434591E-018  -6.9125218687579708E-018  -3.9286134362647246E-018  -1.7786294243722064E-017  -3.5082038874346263E-017  -4.1482420900036638E-017   7.2896244761893750E-019   8.4171621271874770E-018   1.7057387172943238E-017  -2.0436492423983420E-010  -1.2159916151210025E-010  -1.6736975629826900E-010   1.0846529809026199E-009  -5.5653815318493410E-018  -3.3148135247016599E-018  -5.3961167918384600E-018   3.6242414098935208E-019   6.6973958836723922E-018   5.2029431887333816E-018  -2.3003420170972502E-010
  -5.8731289720474165E-010  -2.0135217213402820E-010   1.8564639545657926E-010  -2.5316106427803315E-009   5.1978397739615071E-018   4.2850462402912743E-017   1.9879960001787537E-017  -4.8863707704336357E-018  -1.2899055724289733E-017  -3.1098927693065779E-019  -6.8267433938797504E-010  -2.3367666105877523E-010   2.1605055135411928E-010  -5.1164903153640213E-009  -9.2162583269075981E-018  -1.8990747362455297E-017   2.0062199521085146E-017   1.7167586697345705E-018  -5.2298292848647743E-018   1.0648144777169251E-017   2.6202731774171494E-017  -1.0814726675580394E-017  -1.6163905031311917E-017  -6.8926611185086641E-018   1.3353999034039691E-017   1.2835821999298042E-017   2.9176824421141698E-018   4.8996157363798081E-018   2.9574002527722803E-018  -1.8253501358088478E-017   2.2929059714715760E-010   9.4187869623523851E-011  -6.1414592694971611E-011   2.3136651203155137E-009  -2.2704343777662716E-018  -2.6523291817370807E-018   4.2539474028109611E-019  -1.4530817005979974E-018   2.9920074760383317E-018   3.7234857179272543E-018  -4.9335971942898206E-010
   1.5270911850401211E-010   3.5543113207994948E-010  -4.1716480912228424E-010   1.0200344882032247E-009   2.8938295037262061E-017  -2.5126681018326347E-017   4.4759921157203439E-017  -4.1089349220123172E-017   1.9771422065049990E-018   1.2150861994479578E-017   1.7773898354321430E-010   4.1369179457007239E-010  -4.8419027573729808E-010   2.0615661783433428E-009   3.9323715899853758E-018   7.1934348444314099E-018  -7.6693056404181202E-018  -6.9092023010589031E-019   1.8481270282132718E-018  -4.5849094025434591E-018  -1.0814726675580394E-017   5.2002417549937795E-018   7.3160461073211774E-018   1.8403342142784361E-018   1.1965491339019163E-017  -1.4862554941557849E-017   2.6373029434086921E-017  -2.8691333216422758E-017   1.4935273654455102E-018   1.6725795682258718E-017  -4.9668335088352321E-011  -1.1538293578666997E-010   1.9293621325262123E-010  -9.3031088662816181E-010   3.7966934594946173E-018  -8.0234248607427062E-019   4.3418741236275019E-018  -1.8378355004649564E-018  -2.5028110070087598E-018  -1.9588454292839909E-018   1.9821862209268725E-010
   5.1958325732093690E-011   5.7562207336418299E-010  -1.8534738901012210E-010   1.5912888422411621E-009   5.0215669900039782E-017  -3.9636121640604093E-017   2.8035966175043048E-017  -6.7327271702007955E-017  -2.1176395036422249E-018   1.7111305300958911E-017   6.0429290829034242E-011   6.6868437758592454E-010  -2.1560952038105150E-010   3.2165408350006239E-009   5.7202580574103254E-018   1.0582187888799571E-017  -1.2685836887726012E-017  -7.6201250459388982E-019   3.8804254482471513E-018  -6.9125218687579708E-018  -1.6163905031311917E-017   7.3160461073211774E-018   1.1103970337460740E-017   4.0024071150402453E-018   2.3991014838081333E-017  -1.9726696079177507E-017   1.7383820906208628E-017  -4.4721795802705260E-017  -6.4143377876849465E-018   2.0730711343099646E-017  -1.8846247804154854E-011  -2.4165454405598444E-010   6.5255327202893071E-011  -1.4274714478909352E-009   5.5244614551146677E-018  -1.6788012329212142E-018   2.6668141195198008E-018  -3.3380236944860472E-018  -1.9732618543163606E-018  -2.1864176594635521E-018   3.0229213168567040E-010
  -2.5840680494167480E-010  -2.9498929905184057E-010   5.6637513526302751E-010   8.2810818215375953E-010  -8.2469607353026258E-018   2.4695913639425073E-017  -5.7325700471081586E-017   3.5060605600667929E-017  -1.7202496171640833E-017  -2.6813798050742167E-017  -3.0037605926738513E-010  -3.4299617858542964E-010   6.5728038087627768E-010   1.6737450808977374E-009   2.8322655361002520E-018   5.2450635684283703E-018  -7.7344913529351870E-018   1.2872343398844679E-019   2.3428607151559125E-018  -3.9286134362647246E-018  -6.8926611185086641E-018   1.8403342142784361E-018   4.0024071150402453E-018   4.3932426421769609E-018  -2.8371268963096051E-018   2.4655525443320792E-017  -2.8024392159269455E-017   2.0703668069946773E-017  -1.4695786661127893E-017  -1.7866576916500353E-017   1.0033546875433346E-010   1.1050198568923246E-010  -2.6589896796161588E-010  -7.5097617885396005E-010  -1.2328709003695117E-019   2.4131614673728693E-018  -5.5147980153917551E-018   1.4986437040913039E-018  -3.9739241520471874E-019  -1.3753470912803434E-018   1.5970486585070241E-010
  -1.2470891895034901E-008   1.0319211452851032E-008  -2.3660976040823907E-009   4.5750652756410913E-010   1.5946136178639379E-015   2.0338086756922943E-017   1.3905704916200899E-015  -1.8722699053263091E-015  -4.9327546394822283E-016   2.7765638513987689E-016  -1.4494315965805937E-008   1.1986439587073104E-008  -2.7438344246746639E-009   9.2292021773255505E-010   3.5858197882541292E-018  -4.1907181989904742E-017  -8.1590692615317305E-018   1.2975182498182662E-017   1.2088606847004528E-017  -1.7786294243722064E-017   1.3353999034039691E-017   1.1965491339019163E-017   2.3991014838081333E-017  -2.8371268963096051E-018   9.9104073940824890E-016  -1.1084333136000294E-016   6.8768412630746340E-016  -1.1102815961324032E-015  -1.6942041526418451E-016   1.1924086303749431E-016   4.9297132993344626E-009  -4.3797149967249615E-009   1.1970313437155724E-009  -5.1286505504361558E-010   1.3142932632627284E-016  -7.8957139338058595E-017   9.8912195062498973E-017  -1.1928443797241037E-016  -2.5965206464830450E-017  -1.2144876903106521E-017   1.1700677527816528E-010
  -7.9647582138007073E-009  -1.2735760259184465E-008  -6.1928318987786027E-010   1.3903840490661755E-009  -3.2078417076855202E-016   1.3817789739473674E-015   3.5230418050897085E-016   1.1631369144100468E-015  -5.5468780266910037E-016  -8.4235300473721961E-016  -9.2539948642260876E-009  -1.4802969142590458E-008  -7.1644412864581905E-010   2.8093754636412343E-009   1.8941235604838874E-017   2.5054801537216653E-018  -1.8216285858925621E-017   9.6695494248060687E-018  -2.2008906591008545E-017  -3.5082038874346263E-017   1.2835821999298042E-017  -1.4862554941557849E-017  -1.9726696079177507E-017   2.4655525443320792E-017  -1.1084333136000294E-016   8.4392831923027843E-016   2.5974288639317158E-016   6.7889596229672059E-016  -8.2239931770687819E-017  -5.6805272993749819E-016   3.2782512426723563E-009   5.0001102767386940E-009   3.8566977050276641E-010  -1.3060420193298915E-009   4.3832465810987887E-018   8.5257076650085932E-017   2.4003028584998434E-017   4.9555045231503340E-017  -7.3686839488398358E-017  -5.3938291831439329E-017   2.8339069740435491E-010
  -1.0062786266632945E-008   1.7140951849201167E-009  -1.7919952720136747E-008   5.5099006753536075E-010   1.1382975638048180E-015   8.2014115884867924E-016   2.8828545925963525E-015  -9.8487442340612879E-016  -6.0185153628862769E-016  -1.5342318954562825E-016  -1.1698150147974148E-008   1.9923151141770383E-009  -2.0821097798315714E-008   1.1139487292355399E-009   2.5338470072853240E-017  -2.1298301529891279E-017   1.1225772041454176E-017   7.4871078157946199E-018  -3.5518818060912982E-017  -4.1482420900036638E-017   2.9176824421141698E-018   2.6373029434086921E-017   1.7383820906208628E-017  -2.8024392159269455E-017   6.8768412630746340E-016   2.5974288639317158E-016   1.5750880772449485E-015  -6.5283656350449613E-016   8.7265109049190084E-017  -3.4847640379044942E-017   3.8649499252737880E-009  -6.7311631335127588E-010   7.3553499702026186E-009  -4.8195442189622007E-010   1.4019948670834560E-016  -2.2210220226003134E-018   2.5191936799468109E-016  -6.8712497618656420E-017  -1.2429844598460262E-016  -7.1486981883315265E-017   1.0179763937032744E-010
   7.3841871209938913E-009  -1.9255011287524367E-008   3.8403401249447721E-009  -4.0796482808836080E-010  -1.8959293547009414E-015   8.8079369080206041E-016  -1.4045581273698545E-015   2.7428329412045156E-015   1.4865830501059104E-016  -8.4690368842747416E-016   8.5845100264568009E-009  -2.2373317638965130E-008   4.4664379077433799E-009  -8.2500254449708536E-010   3.9303151701156003E-018   3.8148063935525730E-017   9.1443108267624844E-019  -6.0019011493885933E-018  -2.5285233682577798E-017   7.2896244761893750E-019   4.8996157363798081E-018  -2.8691333216422758E-017  -4.4721795802705260E-017   2.0703668069946773E-017  -1.1102815961324032E-015   6.7889596229672059E-016  -6.5283656350449613E-016   1.6290049279707639E-015   9.8456950292207128E-017  -5.1872336075988581E-016  -2.8245052156924508E-009   7.8598692696273294E-009  -1.3909586117170916E-009   3.4414069662742637E-010  -1.4021250215734402E-016   1.3625663603345833E-016  -1.0772281402507907E-016   1.5774973068979023E-016  -1.2904914557087488E-017  -1.7537253051261066E-017  -7.1862948324480213E-011
   3.7925761984018649E-009  -6.0296019147323025E-010  -3.5436412810846276E-009  -1.3546861030344720E-009  -2.3743445373212740E-016  -1.0086436323934423E-016   1.4353428361470457E-016   1.8669831929768304E-016   1.5703814023787001E-016   5.0736340662292086E-017   4.4011035248449817E-009  -7.0947655673343708E-010  -4.1238701957198079E-009  -2.7365800913634843E-009  -2.8388512397248227E-018   2.4465635881153554E-018   1.8222961445035493E-017  -4.6083716486215880E-018  -1.0799978616363350E-017   8.4171621271874770E-018   2.9574002527722803E-018   1.4935273654455102E-018  -6.4143377876849465E-018  -1.4695786661127893E-017  -1.6942041526418451E-016  -8.2239931770687819E-017   8.7265109049190084E-017   9.8456950292207128E-017   1.0824331711298408E-016   7.0963513997492469E-017  -1.7887986623327563E-009  -1.3025397524412283E-010   1.1772767645089555E-009   1.3099106831231805E-009  -1.4578382777545144E-017   1.2031405558292584E-017   2.3270206953422823E-017   1.5489161992614172E-017  -3.3218481441782641E-018  -9.1079246777379018E-019  -2.8544779770680714E-010
   5.0867047366005456E-009   8.9358007506026804E-009  -1.4742416117755604E-009  -4.9553570780610181E-011   3.0131570327718864E-016  -9.0113186254951559E-016   1.3987572252062835E-017  -8.7056314904212014E-016   3.4461724977099044E-016   5.6924745001298859E-016   5.9098057684386572E-009   1.0386878829336088E-008  -1.7226023511762253E-009  -9.7940975018235288E-011  -7.5161799466078700E-018   3.7590355172803681E-018   7.2447323281173068E-018  -6.9732763676040194E-018   1.3196606627186617E-017   1.7057387172943238E-017  -1.8253501358088478E-017   1.6725795682258718E-017   2.0730711343099646E-017  -1.7866576916500353E-017   1.1924086303749431E-016  -5.6805272993749819E-016  -3.4847640379044942E-017  -5.1872336075988581E-016   7.0963513997492469E-017   3.9948252033185083E-016  -2.1052134749885215E-009  -3.4801668190190336E-009   1.9393010429480477E-010   1.6877187665352304E-010   8.7831848599833223E-018  -5.7299437385534586E-017   8.8105944628704145E-018  -3.8465302199363655E-017   3.8870157696551301E-017   2.9682130408162679E-017  -4.5161601313156010E-011
 -0.12821326072906025       -5.3636199294653777E-010   1.0814242510659041E-010   2.6224661306915572E-008   8.2915941232921888E-009   6.8342826546148374E-009   8.3914839629075596E-009  -5.6983386738438033E-009  -5.7487977166142427E-009  -2.5932579092230141E-009 -0.10233070848975501        1.2743635464340641E-009  -1.1387150124404548E-009  -1.0050278598534578E-007   6.3541405160054212E-011  -2.8878091916279228E-010  -8.4945824977229387E-011   1.1912581265104524E-010  -2.5205523892394550E-011  -2.0436492423983420E-010   2.2929059714715760E-010  -4.9668335088352321E-011  -1.8846247804154854E-011   1.0033546875433346E-010   4.9297132993344626E-009   3.2782512426723563E-009   3.8649499252737880E-009  -2.8245052156924508E-009  -1.7887986623327563E-009  -2.1052134749885215E-009   2.0319134976922015       -4.6205865394269837E-010   3.4762325532507367E-010   2.7852550096448019E-008  -1.2978413493859964E-008  -3.6980377298308662E-009   1.7750475443739827E-010   6.3521079099934743E-009  -6.7734964961157236E-010   6.6263037739864826E-009  -7.5877038571706027E-009
  -4.3183832941183791E-010 -0.12821325982111600        4.0035491147773456E-010   2.9514382611596915E-009  -8.1395679022707564E-009   8.7704066879020095E-009  -2.6270794633259647E-009   1.4286581814461066E-008  -1.4157039073593351E-009  -6.1470438951222403E-009   1.2518205930207981E-009 -0.10233071130462787       -5.4216843665486287E-010   9.2087456906369097E-008   8.6546687292205398E-011   1.1529833657760186E-010  -3.2871272586770231E-011   5.4851619597004665E-012  -1.9018743704470537E-010  -1.2159916151210025E-010   9.4187869623523851E-011  -1.1538293578666997E-010  -2.4165454405598444E-010   1.1050198568923246E-010  -4.3797149967249615E-009   5.0001102767386940E-009  -6.7311631335127588E-010   7.8598692696273294E-009  -1.3025397524412283E-010  -3.4801668190190336E-009  -4.6205865394269837E-010   2.0319134986034268        1.9246943665661930E-010  -3.1825384910600916E-008   7.1344366900623564E-010  -1.0814580736408434E-008  -2.4757868643278696E-010  -1.8846089906704518E-009  -1.7170571004559150E-009   1.1711629357383533E-009   7.6919801055586824E-009
   5.5426454713957957E-010  -5.3908270213900267E-011 -0.12821325777409096        1.9608584835696649E-009   2.1740861845166305E-009   2.5093989007884372E-009   1.4378595968181258E-008  -2.0236555483934033E-009  -9.0549512216362014E-010  -1.5041952343571263E-010  -1.2440696734735512E-009  -4.3118043846627340E-010 -0.10233071819553555        4.0155373924935303E-008   1.3005271064682262E-010   1.7142671879792378E-011   1.6382180878236701E-010  -7.1141658810477600E-012  -2.2997072599327634E-010  -1.6736975629826900E-010  -6.1414592694971611E-011   1.9293621325262123E-010   6.5255327202893071E-011  -2.6589896796161588E-010   1.1970313437155724E-009   3.8566977050276641E-010   7.3553499702026186E-009  -1.3909586117170916E-009   1.1772767645089555E-009   1.9393010429480477E-010   3.4762325532507367E-010   1.9246943665661930E-010   2.0319135007112759       -1.3997044317590023E-008   1.6604124534993756E-009   2.6966663457149435E-012  -9.7673631389375957E-009   1.9399094531637807E-010  -4.3032824448415003E-009  -1.8544027236657909E-009   3.3679966190721037E-009
   2.6185310268112228E-008  -2.2169385008927382E-008  -9.8987287061237266E-009 -0.25116203790190988       -1.6209713532513251E-009  -1.5142180401429910E-010   4.7029640681145847E-010  -4.8033003833247017E-010   1.6000535194200192E-009   2.1013006662948815E-009  -9.4932255136357724E-008   1.0768271828593807E-007   4.7430531103364703E-008 -0.46996188977524339       -8.8482806681706207E-010  -1.6766339669979841E-009   1.9378521633994927E-009   1.0246821068726579E-010  -4.7558799491010539E-010   1.0846529809026199E-009   2.3136651203155137E-009  -9.3031088662816181E-010  -1.4274714478909352E-009  -7.5097617885396005E-010  -5.1286505504361558E-010  -1.3060420193298915E-009  -4.8195442189622007E-010   3.4414069662742637E-010   1.3099106831231805E-009   1.6877187665352304E-010   2.7852550096448019E-008  -3.1825384910600916E-008  -1.3997044317590023E-008   2.3595589038398699       -5.7156356733462081E-010  -2.9885977517927250E-010   2.2998906577399978E-011  -7.0920813169148971E-011   7.0930822003174175E-010   6.4253022927385086E-010 -0.59648336852212724     
  -1.5972743465098931E-009   1.0701325915147295E-009  -1.0149710601113600E-009   4.7372783226650562E-010   2.0562911843296364E-016   3.8496038456010814E-017   2.6072650892299970E-016  -2.2336746957699738E-016  -7.7118166883092868E-017   1.7738300113498963E-017  -2.1771339273487106E-009   1.2705427201952419E-009  -1.1499806343310953E-009   9.5495576747089544E-010   2.9663851384521434E-018  -2.4783270821164679E-018  -3.6312686703311549E-018   1.5854387815661767E-018   5.2616792040875080E-019  -5.5653815318493410E-018  -2.2704343777662716E-018   3.7966934594946173E-018   5.5244614551146677E-018  -1.2328709003695117E-019   1.3142932632627284E-016   4.3832465810987887E-018   1.4019948670834560E-016  -1.4021250215734402E-016  -1.4578382777545144E-017   8.7831848599833223E-018  -1.2978413493859964E-008   7.1344366900623564E-010   1.6604124534993756E-009  -5.7156356733462081E-010   1.1552655752143935E-016   1.0513823450371822E-017   1.6265561870284465E-017  -6.2885844565660279E-017  -1.0084728907711663E-017  -5.2640698429760844E-017   1.3017252665799842E-010
   2.7448406604296213E-010  -1.7811223082896367E-009  -2.6679183620534616E-010   3.3827331403409804E-010  -1.3699563963981753E-016   1.2116057186998326E-016  -2.7617390876455232E-017   2.3140654040374047E-016  -1.4819022068761486E-017  -9.4410802763554095E-017   2.3443659321140489E-010  -2.3415362971338091E-009  -3.1250094319879212E-010   6.8385229926433336E-010   2.6755622249132003E-018   5.2371891508455187E-018  -2.4352490114776769E-018  -2.7485336603107556E-019  -3.1480778092259645E-018  -3.3148135247016599E-018  -2.6523291817370807E-018  -8.0234248607427062E-019  -1.6788012329212142E-018   2.4131614673728693E-018  -7.8957139338058595E-017   8.5257076650085932E-017  -2.2210220226003134E-018   1.3625663603345833E-016   1.2031405558292584E-017  -5.7299437385534586E-017  -3.6980377298308662E-009  -1.0814580736408434E-008   2.6966663457149435E-012  -2.9885977517927250E-010   1.0513823450371822E-017   8.8142109534495352E-017   7.2158511057261132E-019   1.5705666051815049E-017   1.7539196257249934E-018  -2.6219470809669094E-017   6.2654191285245086E-011
  -1.2522301030757509E-009   4.0703883229774322E-010  -2.9596202999360054E-009  -1.8627448291558578E-011   1.6982109617332071E-016   1.0391514043720111E-016   4.5517450798290617E-016  -1.5975592435564816E-016  -7.7847421484812343E-017  -1.0065224530382209E-017  -1.4628881862294112E-009   4.7103918641235976E-010  -3.6975486560261517E-009  -3.7537693058628468E-011   3.5139584925150514E-018  -3.2375488911262969E-018   3.0569358829257913E-018   6.8162110991764489E-019  -6.0487514604707851E-018  -5.3961167918384600E-018   4.2539474028109611E-019   4.3418741236275019E-018   2.6668141195198008E-018  -5.5147980153917551E-018   9.8912195062498973E-017   2.4003028584998434E-017   2.5191936799468109E-016  -1.0772281402507907E-016   2.3270206953422823E-017   8.8105944628704145E-018   1.7750475443739827E-010  -2.4757868643278696E-010  -9.7673631389375957E-009   2.2998906577399978E-011   1.6265561870284465E-017   7.2158511057261132E-019   1.0219927276312509E-016  -1.3115941938165194E-017   1.8086658733469363E-018  -3.1496230851593360E-018  -5.7785327761532049E-012
