  0.26477281455783919        5.1753975403333343E-009   2.8536973262526623E-010  -2.7597169755332793E-008   1.2033751679322249E-008   2.5199130545810695E-008  -2.5305439590245928E-008  -2.3722529216466769E-008   4.3545591261157883E-008   1.1688779130223416E-008  0.40832579204486663        3.2997323297893609E-009  -1.9901767206881008E-010   1.7229101777034053E-008   6.1614129430887693E-010   2.1867641577578154E-010  -1.0630393092771274E-009   4.1102381497823608E-010  -9.3718155903921337E-010  -1.2376554244412089E-009  -7.3326124270676637E-011   8.8586884081288152E-010  -1.2029922277659959E-010   1.3205508364337203E-010   5.3902751467367729E-010   1.8174378705835228E-008  -1.7573722384118033E-008  -9.2694278651437348E-009   2.0633376176194990E-008   8.7304002737034383E-009 -0.16369220593362996       -1.4393959747441778E-009   7.0844602238215316E-011   1.3293215933757793E-009   2.7572757774539373E-010   2.0982361162888241E-009  -2.2443193148807866E-009  -2.4698220923320054E-009   5.3954699352481517E-009   2.1940943215749383E-009   3.3925540026355164E-010
   5.1753975403333343E-009  0.26477281366845062        2.7191186112669924E-009   1.5783916347316600E-008   3.6660604641191510E-009  -1.6013894406206687E-008   3.5234835354375855E-008   1.3708750043801136E-008  -2.2659330186602881E-008  -1.7374811505925385E-008  -3.1216810076049660E-010  0.40832579178880396       -2.5434650482984975E-009  -2.7730487741832988E-008  -4.3933644457653378E-011   2.5914901169974668E-010  -9.3906341963778236E-010   1.3793826495443472E-010   5.5041981903010434E-010  -7.8995333976472276E-011   4.9786444265004236E-010   1.3373732076700900E-009  -9.2710109621629356E-010  -2.9688308842525390E-010  -4.3680792352684322E-009  -7.6440458226104380E-009   1.6278357029240563E-008   1.9028589329154716E-008  -1.5153873391075734E-008  -1.4660510229083795E-008  -2.5802853702770953E-010 -0.16369220577022689        6.4239733202242234E-010   4.1080491592137260E-009   4.1755570937105712E-010  -1.8167536629362889E-009   4.2215358970195754E-009   1.8570925845786897E-009  -1.6145416549552217E-009  -2.2746484159708866E-009  -1.2195915708141228E-009
   2.8536973262526623E-010   2.7191186112669924E-009  0.26477280029668826        6.5417559106705173E-009   3.3230104444380155E-009  -1.4880378947927855E-008  -7.5527753655398900E-009  -7.5895704761743636E-009   2.2370355127724345E-008   4.2665599564683751E-009   3.6547263510582125E-010   4.1129566604465181E-009  0.40832578793291852        1.3018717058125166E-009  -1.6052057111729303E-010  -5.7298687747845546E-010  -2.8971271653880443E-010   3.7791000272889091E-010   7.3624835597630438E-011  -1.6254874511364473E-010   5.1253491808314033E-010   2.1244401087608024E-010  -1.1465061047774755E-010   5.7584939400349443E-011   4.6478088063298606E-009  -7.6532718259990044E-009  -1.4518331863789216E-009   1.1736563620868633E-009   1.5532127835219965E-008  -5.8214644011796071E-009  -1.0970976723324935E-010  -1.5348167200612762E-009 -0.16369220345537561       -5.9992253162818761E-010  -1.1046866549739873E-011  -2.3419239714317411E-009  -5.0949311502309249E-010  -1.0455614336509689E-009   1.5924654966292555E-009   1.0566081924508968E-009  -1.2863443553058322E-010
  -2.7597169755332793E-008   1.5783916347316600E-008   6.5417559106705173E-009  0.20861923726113485       -1.0721270148506911E-009  -1.5251149053858222E-009  -8.5387681773421535E-010  -2.2586733791978596E-009   4.4801366157578399E-012   3.3307613438702821E-009  -3.4308711807070658E-008   5.1753233885693336E-008  -1.1170421825161645E-008  0.49847826410851509        3.2974587946806421E-010   8.3545433774970306E-010  -8.3002857278666883E-010  -1.4694845930462518E-009   1.6597023424130611E-009   1.0270839275746922E-009   1.1538568852635837E-010  -8.3430323393010396E-010  -9.9026058161193322E-010   1.2405195721786561E-009  -1.7366959448167270E-009  -2.1539995565211037E-009  -8.7153425990240286E-010  -2.2046203716988412E-009  -3.1587878327056388E-010   3.9412707520943707E-009   1.3686717294332749E-008  -2.0775953624694020E-008   5.5849775349952087E-009 -0.24449927288308013       -6.3103173167422555E-010  -8.1543852349866633E-010  -2.1278469326378508E-010  -8.3089092509590683E-010  -1.6786614295627326E-010   1.4619141797698461E-009   5.7142462297198784E-002
   1.2033751679322249E-008   3.6660604641191510E-009   3.3230104444380155E-009  -1.0721270148506911E-009   6.4498485275792813E-016   7.4478820743220672E-016  -7.5275141778136568E-016  -9.7214425614920831E-016   1.9463966351746570E-015   3.2715966315443574E-016   1.8569050039398360E-008   5.6572806332091459E-009   5.1258778786268241E-009  -2.5633977807393379E-009   2.3691379302870559E-017   2.0533675350830656E-018  -6.0698417866455307E-017   3.2905913162282821E-017  -4.2597378343187410E-017  -6.4690836812817134E-017   9.4005247144174382E-018   6.5755405470795390E-017  -1.4665453385374954E-017  -3.7693593974249972E-018   3.1367999300068273E-017   6.3536537627165093E-016  -5.8728475279123678E-016  -1.3178074312686527E-016   9.2450588149944656E-016   1.0041298244211644E-016  -7.0609145242662618E-009  -2.1422838459197775E-009  -2.0121558269398950E-009   1.2067698616395420E-009   2.0776832776504199E-017   4.6607622487689811E-017  -5.0137111742868333E-017  -9.4370717660023232E-017   2.4332249574279756E-016   7.3593916061927747E-017  -2.6252716619087606E-010
   2.5199130545810695E-008  -1.6013894406206687E-008  -1.4880378947927855E-008  -1.5251149053858222E-009   7.4478820743220672E-016   4.2152285940810188E-015  -4.1097084830393025E-015  -2.6444541694766037E-015   4.2586191792505923E-015   1.8996664658028381E-015   3.8892325963219103E-008  -2.4718539499845640E-008  -2.2959909622975689E-008  -3.6462475951960150E-009   6.7949437042420458E-017   3.1261953870680491E-017  -2.2013143143426725E-017   2.0281640598991420E-017  -1.3885096185060140E-016  -1.1144454892366510E-016  -6.6779072358464466E-017  -2.4192875972679908E-018   5.8331357709110601E-017   1.8211330437357156E-017   6.7316597221500323E-017   2.6382348450723955E-015  -2.5701785054923350E-015  -2.0835827316183345E-015   2.0103307201392729E-015   2.0162664249891987E-015  -1.4506902863558415E-008   9.1252259986671522E-009   8.7908070472673407E-009   1.7236594189517505E-009   6.5142096138589356E-018   4.5238401239015727E-016  -4.4140957621332880E-016  -2.8655903086758744E-016   5.2293950583537980E-016   2.8004487741580149E-016  -3.7524975078530407E-010
  -2.5305439590245928E-008   3.5234835354375855E-008  -7.5527753655398900E-009  -8.5387681773421535E-010  -7.5275141778136568E-016  -4.1097084830393025E-015   7.3278247684227254E-015   4.3181931479630557E-015  -7.8168830943677630E-015  -3.5654418530018661E-015  -3.9051930135040989E-008   5.4377587637729130E-008  -1.1656886791533500E-008  -2.0417239388259077E-009  -6.1535406084600272E-017   2.6524146876959610E-017  -1.1740357374135831E-017  -2.5682228589472856E-017   1.5401961826100680E-016   1.0823976635906195E-016   5.8198229870764603E-017   9.0689615512865982E-017  -1.0460484202676881E-016  -5.8845145649012614E-017  -7.5880109157043897E-016  -2.5277319414459101E-015   3.8916874235553034E-015   3.3943983399273735E-015  -4.4316150630742455E-015  -2.6355970939453740E-015   1.4723442999842317E-008  -2.0417700222007585E-008   4.3502913581363250E-009   9.5679188008709887E-010   2.8552499401414819E-017  -3.7723378797569671E-016   7.9436014446594484E-016   5.2206356619392125E-016  -7.8072488701783421E-016  -5.5061602622200351E-016  -2.0770381349846911E-010
  -2.3722529216466769E-008   1.3708750043801136E-008  -7.5895704761743636E-009  -2.2586733791978596E-009  -9.7214425614920831E-016  -2.6444541694766037E-015   4.3181931479630557E-015   3.0778730347905999E-015  -5.7171419675211072E-015  -2.1057285456578432E-015  -3.6609828180107818E-008   2.1158349301366351E-008  -1.1714687535438013E-008  -5.4006578101332900E-009  -5.6471594124938987E-017   1.1981569958415426E-018   6.3915980786234783E-017  -2.4613784282988386E-017   9.2437439673722307E-017   1.0037757776577733E-016   1.6417493216095820E-017  -7.1860847220238507E-018  -2.3224367584705795E-017  -4.2283768313603521E-017  -3.8927533252797379E-016  -1.7819909568463272E-015   2.4690460384434505E-015   1.8063050875409317E-015  -3.0757320845332488E-015  -1.4170292831886669E-015   1.3778782867842961E-008  -7.8825843461285160E-009   4.3363399032631629E-009   2.5332478385343282E-009   2.5408142156201698E-018  -2.1052792855937647E-016   4.3946179625035185E-016   3.5799320632713185E-016  -6.1398842267586799E-016  -3.6053391626007908E-016  -5.5042408850516528E-010
   4.3545591261157883E-008  -2.2659330186602881E-008   2.2370355127724345E-008   4.4801366157578399E-012   1.9463966351746570E-015   4.2586191792505923E-015  -7.8168830943677630E-015  -5.7171419675211072E-015   1.0993056061019610E-014   3.7707456734922044E-015   6.7202709913194743E-008  -3.4968605971227648E-008   3.4523834799048748E-008   1.1075594949962949E-011   9.1568959909157087E-017  -3.4605131124328644E-017  -1.1896611503580250E-016   8.7736408875228602E-017  -1.9508954995119625E-016  -2.1058758042982445E-016  -1.1369283936940163E-017   4.9203532735984112E-017   4.9858357368158433E-017   5.1997340661440775E-017   8.5586783289852685E-016   2.9976831007511345E-015  -4.4070988408507829E-015  -3.0543480863538419E-015   6.0037049857409005E-015   2.1984803161218976E-015  -2.5260958795224445E-008   1.3176490783953506E-008  -1.2967365106685515E-008   6.3727407662108532E-012   1.1095429682139363E-017   3.1075819748188339E-016  -7.7918120354043087E-016  -6.5466847889368128E-016   1.1659983996165822E-015   6.4357301908409489E-016  -2.1364578308293162E-012
   1.1688779130223416E-008  -1.7374811505925385E-008   4.2665599564683751E-009   3.3307613438702821E-009   3.2715966315443574E-016   1.8996664658028381E-015  -3.5654418530018661E-015  -2.1057285456578432E-015   3.7707456734922044E-015   1.7785683897656009E-015   1.8040780612804976E-008  -2.6815631494280470E-008   6.5888095732805467E-009   7.9639605579650752E-009   3.2780155000818470E-017  -3.2516827341172792E-018  -3.2174073909501793E-018  -8.2918469757825659E-018  -4.9840386621906469E-017  -3.5686942597788840E-017  -2.5818041719496325E-017  -5.8569161399398101E-017   3.7890011089522848E-017   4.6052893014655499E-017   3.5790767946377955E-016   1.1466261275756906E-015  -1.8817612880239415E-015  -1.6745240571628264E-015   2.1512264405087154E-015   1.3166156672682414E-015  -6.7178687975160739E-009   1.0024868093720868E-008  -2.3241828998992736E-009  -3.7400294424029063E-009  -2.3317536774762769E-017   1.6392046694843178E-016  -3.8932468021366631E-016  -2.6362237001002987E-016   3.7066600161893925E-016   2.8693977132448886E-016   8.1295496266201035E-010
  0.40832579204486663       -3.1216810076049660E-010   3.6547263510582125E-010  -3.4308711807070658E-008   1.8569050039398360E-008   3.8892325963219103E-008  -3.9051930135040989E-008  -3.6609828180107818E-008   6.7202709913194743E-008   1.8040780612804976E-008  0.63133785103167184       -7.7242165124843108E-009  -4.2809921784961800E-010   4.6345901072851089E-008   9.5163770295032693E-010   3.3904163861529579E-010  -1.6406712583747143E-009   6.3550083765129442E-010  -1.4480101128305319E-009  -1.9122432198571172E-009  -1.1368429939666208E-010   1.3680812270034230E-009  -1.8651834286464037E-010   2.0317664235301636E-010   8.4661094620982486E-010   2.8052203425764516E-008  -2.7141154924750775E-008  -1.4307960287633377E-008   3.1831310309503452E-008   1.3461349211326254E-008 -0.19590247776266670        2.4487172072807364E-009   6.7139260874020554E-011  -7.4792852073723004E-009   3.7026085462343627E-010   3.4881651684617668E-009  -3.6390525203383560E-009  -3.7637507173494439E-009   8.2929129705471132E-009   3.3934895696346777E-009   2.6925328956777568E-009
   3.2997323297893609E-009  0.40832579178880396        4.1129566604465181E-009   5.1753233885693336E-008   5.6572806332091459E-009  -2.4718539499845640E-008   5.4377587637729130E-008   2.1158349301366351E-008  -3.4968605971227648E-008  -2.6815631494280470E-008  -7.7242165124843108E-009  0.63133785235695361       -4.0576917435352212E-009   2.3091788600806006E-008  -6.8297973668438784E-011   4.0095624935373823E-010  -1.4506114987985043E-009   2.1443993960297104E-010   8.5127037528971372E-010  -1.2280896627058476E-010   7.6899727979897052E-010   2.0650842083008362E-009  -1.4326695713031312E-009  -4.5800166757956635E-010  -6.7453637663644974E-009  -1.1792440190445682E-008   2.5117346738965486E-008   2.9368632580720139E-008  -2.3409968008213439E-008  -2.2623269013772289E-008   2.1676415468711933E-009 -0.19590247820323997        9.6700325028226657E-010  -2.0246209767869207E-008   4.8620521944644931E-010  -2.8393582960305661E-009   6.4882027172594610E-009   3.1562588395638064E-009  -2.6727568014329382E-009  -3.6424642425965490E-009   3.3584645088282855E-009
  -1.9901767206881008E-010  -2.5434650482984975E-009  0.40832578793291852       -1.1170421825161645E-008   5.1258778786268241E-009  -2.2959909622975689E-008  -1.1656886791533500E-008  -1.1714687535438013E-008   3.4523834799048748E-008   6.5888095732805467E-009  -4.2809921784961800E-010  -4.0576917435352212E-009  0.63133787230672045       -4.9205760857918022E-008  -2.4883288089649325E-010  -8.8578878785750252E-010  -4.4690109168627233E-010   5.8433461573373709E-010   1.1393491840904050E-010  -2.5048980882865845E-010   7.9219340786601425E-010   3.2857329064696826E-010  -1.7704986336439359E-010   8.8183851978199733E-011   7.1783596598104410E-009  -1.1778556184477701E-008  -2.2201232076463271E-009   1.8242988801553071E-009   2.3965422461905839E-008  -9.0026573297850678E-009   1.0423441143880960E-010   1.4850927990109955E-009 -0.19590248430081733        1.8626386690164194E-008   9.5624710459038743E-011  -3.6042733564848799E-009  -8.4087264785731480E-010  -1.4951914157686945E-009   2.7211505500388407E-009   1.3995665542890970E-009  -4.0505230987131762E-009
   1.7229101777034053E-008  -2.7730487741832988E-008   1.3018717058125166E-009  0.49847826410851509       -2.5633977807393379E-009  -3.6462475951960150E-009  -2.0417239388259077E-009  -5.4006578101332900E-009   1.1075594949962949E-011   7.9639605579650752E-009   4.6345901072851089E-008   2.3091788600806006E-008  -4.9205760857918022E-008   1.1931038262961515        7.9017811950034947E-010   1.9988894981956636E-009  -1.9866351626367032E-009  -3.5169238440342124E-009   3.9735345048021592E-009   2.4567883391986152E-009   2.7543222925400629E-010  -1.9968828116709037E-009  -2.3684208044045678E-009   2.9691387629668171E-009  -4.1524636523728142E-009  -5.1500779651268874E-009  -2.0840588363881818E-009  -5.2708686834995542E-009  -7.5551036392597182E-010   9.4232231738922801E-009  -1.6792789140714582E-008  -2.8661804363877862E-009   1.3641593682507388E-008 -0.52094614531238503       -1.4949452214143534E-009  -1.9320985828957243E-009  -5.0430294442654111E-010  -1.9695866270137598E-009  -3.9871057993255998E-010   3.4645124157191845E-009  0.10406276869666144     
   6.1614129430887693E-010  -4.3933644457653378E-011  -1.6052057111729303E-010   3.2974587946806421E-010   2.3691379302870559E-017   6.7949437042420458E-017  -6.1535406084600272E-017  -5.6471594124938987E-017   9.1568959909157087E-017   3.2780155000818470E-017   9.5163770295032693E-010  -6.8297973668438784E-011  -2.4883288089649325E-010   7.9017811950034947E-010   2.0646768263736653E-018   2.1396124447038895E-018  -3.4582901563266048E-018  -1.6250328373587384E-018   3.1188679922269427E-019  -1.1450017634097431E-018  -3.8425089544812318E-019   3.8827770229159716E-019  -1.6240867853461198E-018   2.2882572739363953E-018  -3.5785208434909105E-018   4.4796480795121109E-017  -4.4149412044042102E-017  -2.8957934845308144E-017   4.0626497514895514E-017   3.2536382666917586E-017  -3.3090437563830660E-010   8.2494092539905071E-012   5.4721134699283699E-011  -3.1283763306476230E-010  -4.8795095270437046E-019   5.5640967494761239E-018  -6.0523311311027506E-018  -6.8667751588781350E-018   1.1423124861956229E-017   7.3547133403107069E-018   6.3339752936843149E-011
   2.1867641577578154E-010   2.5914901169974668E-010  -5.7298687747845546E-010   8.3545433774970306E-010   2.0533675350830656E-018   3.1261953870680491E-017   2.6524146876959610E-017   1.1981569958415426E-018  -3.4605131124328644E-017  -3.2516827341172792E-018   3.3904163861529579E-010   4.0095624935373823E-010  -8.8578878785750252E-010   1.9988894981956636E-009   2.1396124447038895E-018   5.0292736172292153E-018  -4.5017075068569322E-018  -6.2344740911697624E-018   6.2606085411438464E-018   3.3638887173217536E-018  -2.2275245831140522E-019  -1.7617057878647179E-018  -4.7304177309831013E-018   4.6684892494528014E-018  -2.0851022624987045E-017   1.5452283266222014E-017   1.0101424030057235E-018  -4.1844504502159264E-019  -3.2705269141481679E-017   2.1269282915092789E-017  -7.2538844947478517E-011  -1.1496513831719652E-010   2.7982962456569031E-010  -8.9565031165237272E-010  -2.1852120616111037E-018   2.0186438011171875E-018   2.3918713830318091E-018  -1.1365022937644871E-018  -1.7657625504328500E-018   3.3216814563372299E-018   1.9099620466008079E-010
  -1.0630393092771274E-009  -9.3906341963778236E-010  -2.8971271653880443E-010  -8.3002857278666883E-010  -6.0698417866455307E-017  -2.2013143143426725E-017  -1.1740357374135831E-017   6.3915980786234783E-017  -1.1896611503580250E-016  -3.2174073909501793E-018  -1.6406712583747143E-009  -1.4506114987985043E-009  -4.4690109168627233E-010  -1.9866351626367032E-009  -3.4582901563266048E-018  -4.5017075068569322E-018   1.1228142016595650E-017   3.2992247420803503E-018  -4.8879552704900754E-018   1.3405244162260251E-018  -2.4922269304739213E-018  -5.2127696659360209E-018   7.8453702739806791E-018  -4.4835832370363304E-018   1.5157274852918727E-017  -2.8922724893285916E-017   1.7891610643581541E-017  -2.2805273567591984E-017  -4.4782629473033463E-017   7.6481804408727090E-018   6.1278328379726955E-010   4.9681259184144541E-010   1.7516241910058085E-010   8.6589404144597375E-010   1.8203322348922516E-019   3.6554039792787212E-018  -4.3881293487316135E-018   7.2762058222988120E-018  -1.6740499858389303E-017  -7.4582054348884922E-018  -1.8266284004787414E-010
   4.1102381497823608E-010   1.3793826495443472E-010   3.7791000272889091E-010  -1.4694845930462518E-009   3.2905913162282821E-017   2.0281640598991420E-017  -2.5682228589472856E-017  -2.4613784282988386E-017   8.7736408875228602E-017  -8.2918469757825659E-018   6.3550083765129442E-010   2.1443993960297104E-010   5.8433461573373709E-010  -3.5169238440342124E-009  -1.6250328373587384E-018  -6.2344740911697624E-018   3.2992247420803503E-018   1.1621226133769175E-017  -1.2775705116397836E-017  -9.4410009142107406E-018   6.7451866145828594E-020   8.2670271580799107E-018   6.1439801774954212E-018  -8.6209862483815316E-018   1.7451574182195802E-017   2.8531698870196487E-017  -1.4736807647742383E-017   1.2761633015524389E-017   4.8512248846378163E-017  -3.0212884472392003E-017  -1.9749311048535185E-010  -2.5720086846965591E-011  -1.8046508427750910E-010   1.5402064147291863E-009   4.9224340820337469E-018   4.8849331410481143E-018  -7.7833587262514517E-019   1.9117565412532397E-018   1.1012064143921131E-017  -6.8341338381917832E-018  -3.2554555274077482E-010
  -9.3718155903921337E-010   5.5041981903010434E-010   7.3624835597630438E-011   1.6597023424130611E-009  -4.2597378343187410E-017  -1.3885096185060140E-016   1.5401961826100680E-016   9.2437439673722307E-017  -1.9508954995119625E-016  -4.9840386621906469E-017  -1.4480101128305319E-009   8.5127037528971372E-010   1.1393491840904050E-010   3.9735345048021592E-009   3.1188679922269427E-019   6.2606085411438464E-018  -4.8879552704900754E-018  -1.2775705116397836E-017   1.7724607105323846E-017   1.2357232584628360E-017   2.3571387211959581E-018  -6.9459794719057187E-018  -9.4230356713435563E-018   8.8204900710346570E-018  -2.3559595387306767E-017  -9.9537614933276601E-017   8.8790041411130105E-017   5.5202073150053974E-017  -1.0280779577855985E-016  -3.1642841184460075E-017   4.8520091363486277E-010  -2.5602338035270203E-010  -3.1879682603951760E-011  -1.6947354106392426E-009  -5.1966754010107599E-018  -1.8752088363109902E-017   1.5151805238289413E-017   6.1528655015294107E-018  -2.3499336041543696E-017  -9.5625376871660081E-019   3.5441087555678699E-010
  -1.2376554244412089E-009  -7.8995333976472276E-011  -1.6254874511364473E-010   1.0270839275746922E-009  -6.4690836812817134E-017  -1.1144454892366510E-016   1.0823976635906195E-016   1.0037757776577733E-016  -2.1058758042982445E-016  -3.5686942597788840E-017  -1.9122432198571172E-009  -1.2280896627058476E-010  -2.5048980882865845E-010   2.4567883391986152E-009  -1.1450017634097431E-018   3.3638887173217536E-018   1.3405244162260251E-018  -9.4410009142107406E-018   1.2357232584628360E-017   1.0977140208300856E-017   4.4807238394236174E-019  -8.7879275463919058E-018  -3.9650418032755796E-018   5.5509708007810318E-018  -1.2650454743148980E-017  -8.8631886891767513E-017   7.3968862810344898E-017   2.6089193564554698E-017  -1.0301770495000904E-016  -1.3438963577575404E-017   6.4144901109884857E-010   1.4652273742128657E-011   1.0704820172249215E-010  -1.1204895190328958E-009  -4.2677767299415905E-018  -1.2349854889487670E-017   8.8982927195319053E-018   7.3009088523568419E-018  -2.6337619196749828E-017  -3.0331717730393943E-018   2.4056557410305158E-010
  -7.3326124270676637E-011   4.9786444265004236E-010   5.1253491808314033E-010   1.1538568852635837E-010   9.4005247144174382E-018  -6.6779072358464466E-017   5.8198229870764603E-017   1.6417493216095820E-017  -1.1369283936940163E-017  -2.5818041719496325E-017  -1.1368429939666208E-010   7.6899727979897052E-010   7.9219340786601425E-010   2.7543222925400629E-010  -3.8425089544812318E-019  -2.2275245831140522E-019  -2.4922269304739213E-018   6.7451866145828594E-020   2.3571387211959581E-018   4.4807238394236174E-019   2.0155158613180526E-018   2.2219178738590468E-018  -2.4813395346222138E-018   2.0145989166634638E-019  -3.2671961332993749E-019  -3.5398032951320324E-017   3.2228544335204049E-017   3.9437893363429169E-017  -4.3373814215378254E-018  -3.9111197612311337E-017   2.4408493494644473E-011  -2.6600764980747497E-010  -2.5522688641492572E-010  -1.4465830663992521E-010   3.6303723916734113E-019  -9.0971859622492574E-018   7.4442852452023633E-018   2.0172640031816377E-018  -1.3763216042734094E-018  -2.3803064352571866E-018   3.2612074800534998E-011
   8.8586884081288152E-010   1.3373732076700900E-009   2.1244401087608024E-010  -8.3430323393010396E-010   6.5755405470795390E-017  -2.4192875972679908E-018   9.0689615512865982E-017  -7.1860847220238507E-018   4.9203532735984112E-017  -5.8569161399398101E-017   1.3680812270034230E-009   2.0650842083008362E-009   3.2857329064696826E-010  -1.9968828116709037E-009   3.8827770229159716E-019  -1.7617057878647179E-018  -5.2127696659360209E-018   8.2670271580799107E-018  -6.9459794719057187E-018  -8.7879275463919058E-018   2.2219178738590468E-018   1.3238709501960545E-017  -1.2192939532362500E-018  -5.9821909341453048E-018  -9.5709392713568330E-018   2.4711990065008521E-017   2.5733827919791636E-017   7.4894471532263865E-017   6.1744898338560072E-018  -6.5323349845551026E-017  -4.8110583487444708E-010  -7.3577538936689907E-010  -9.8439786142302134E-011   8.6980544902441059E-010   5.2712423804105281E-018  -5.6131941191932267E-019   1.3971968648542549E-017   4.1658051574049352E-018   1.1669057900962807E-017  -9.4370164093967215E-018  -1.8346322176676610E-010
  -1.2029922277659959E-010  -9.2710109621629356E-010  -1.1465061047774755E-010  -9.9026058161193322E-010  -1.4665453385374954E-017   5.8331357709110601E-017  -1.0460484202676881E-016  -2.3224367584705795E-017   4.9858357368158433E-017   3.7890011089522848E-017  -1.8651834286464037E-010  -1.4326695713031312E-009  -1.7704986336439359E-010  -2.3684208044045678E-009  -1.6240867853461198E-018  -4.7304177309831013E-018   7.8453702739806791E-018   6.1439801774954212E-018  -9.4230356713435563E-018  -3.9650418032755796E-018  -2.4813395346222138E-018  -1.2192939532362500E-018   8.0594735107455713E-018  -4.9387800600367630E-018   2.1289315941689739E-017   3.2039054148174408E-017  -4.4249071886742021E-017  -5.2492809416298085E-017   3.8524303293441830E-017   3.1203710244056928E-017   3.9791397619981619E-011   4.7184723600748279E-010   6.2590601097461901E-011   1.0897308648031353E-009   1.6981545323392983E-018   1.0186488595608904E-017  -1.2379373327114634E-017  -1.5699373022219860E-018   3.6122689560022323E-018  -1.2817736405244247E-019  -2.3475164747153753E-010
   1.3205508364337203E-010  -2.9688308842525390E-010   5.7584939400349443E-011   1.2405195721786561E-009  -3.7693593974249972E-018   1.8211330437357156E-017  -5.8845145649012614E-017  -4.2283768313603521E-017   5.1997340661440775E-017   4.6052893014655499E-017   2.0317664235301636E-010  -4.5800166757956635E-010   8.8183851978199733E-011   2.9691387629668171E-009   2.2882572739363953E-018   4.6684892494528014E-018  -4.4835832370363304E-018  -8.6209862483815316E-018   8.8204900710346570E-018   5.5509708007810318E-018   2.0145989166634638E-019  -5.9821909341453048E-018  -4.9387800600367630E-018   7.8007259970796123E-018  -4.1639390988734563E-018   3.1387293043634187E-018  -3.2516476916730818E-017  -3.8825069946120370E-017   2.8776378872148838E-017   4.2988737629892064E-017  -9.8146288870876410E-011   1.7811340497964876E-010  -5.7199162219670505E-011  -1.2937126923111797E-009  -4.0646703033136450E-018  -2.3061231655256930E-018  -7.1433484299078610E-018  -8.5283775615398244E-018   3.7798981586408128E-018   1.2592999611032054E-017   2.7289330532683939E-010
   5.3902751467367729E-010  -4.3680792352684322E-009   4.6478088063298606E-009  -1.7366959448167270E-009   3.1367999300068273E-017   6.7316597221500323E-017  -7.5880109157043897E-016  -3.8927533252797379E-016   8.5586783289852685E-016   3.5790767946377955E-016   8.4661094620982486E-010  -6.7453637663644974E-009   7.1783596598104410E-009  -4.1524636523728142E-009  -3.5785208434909105E-018  -2.0851022624987045E-017   1.5157274852918727E-017   1.7451574182195802E-017  -2.3559595387306767E-017  -1.2650454743148980E-017  -3.2671961332993749E-019  -9.5709392713568330E-018   2.1289315941689739E-017  -4.1639390988734563E-018   1.6947214045384189E-016   4.7104718356557551E-017  -3.2287804914359972E-016  -2.9399147363034198E-016   5.6769246876533034E-016   1.2451972842351308E-016   1.9926310057078383E-010   2.3871580041506530E-009  -2.5044095280673171E-009   1.9510891909255742E-009  -1.9321928981795767E-019   2.5330345249761956E-018  -8.3304329933129730E-017  -4.7552661601208682E-017   6.9451054425304360E-017   4.7745950242960902E-017  -4.2398660976898225E-010
   1.8174378705835228E-008  -7.6440458226104380E-009  -7.6532718259990044E-009  -2.1539995565211037E-009   6.3536537627165093E-016   2.6382348450723955E-015  -2.5277319414459101E-015  -1.7819909568463272E-015   2.9976831007511345E-015   1.1466261275756906E-015   2.8052203425764516E-008  -1.1792440190445682E-008  -1.1778556184477701E-008  -5.1500779651268874E-009   4.4796480795121109E-017   1.5452283266222014E-017  -2.8922724893285916E-017   2.8531698870196487E-017  -9.9537614933276601E-017  -8.8631886891767513E-017  -3.5398032951320324E-017   2.4711990065008521E-017   3.2039054148174408E-017   3.1387293043634187E-018   4.7104718356557551E-017   1.7123889448910958E-015  -1.6256157243158686E-015  -1.1968185985349921E-015   1.4085474886925108E-015   1.1497143277374307E-015  -1.0397673232620010E-008   4.5873017658211083E-009   5.5690842505642642E-009   2.4250480881875939E-009   1.4926394395455766E-017   2.7650616501214168E-016  -2.6241334166920058E-016  -1.8268034572129855E-016   3.7662905761631009E-016   1.6775403127432633E-016  -5.2755407318065487E-010
  -1.7573722384118033E-008   1.6278357029240563E-008  -1.4518331863789216E-009  -8.7153425990240286E-010  -5.8728475279123678E-016  -2.5701785054923350E-015   3.8916874235553034E-015   2.4690460384434505E-015  -4.4070988408507829E-015  -1.8817612880239415E-015  -2.7141154924750775E-008   2.5117346738965486E-008  -2.2201232076463271E-009  -2.0840588363881818E-009  -4.4149412044042102E-017   1.0101424030057235E-018   1.7891610643581541E-017  -1.4736807647742383E-017   8.8790041411130105E-017   7.3968862810344898E-017   3.2228544335204049E-017   2.5733827919791636E-017  -4.4249071886742021E-017  -3.2516476916730818E-017  -3.2287804914359972E-016  -1.6256157243158686E-015   2.1801026913755419E-015   1.7885691829246599E-015  -2.3854636335562895E-015  -1.4656909499612320E-015   9.4962053027469779E-009  -9.6025999630961475E-009   1.5523132511534306E-009   9.7249754045794611E-010   1.1405557723224364E-017  -2.4105387130251283E-016   4.1567058779385690E-016   2.8994587899299150E-016  -4.6315376353671682E-016  -3.0135139592657063E-016  -2.1115889965276497E-010
  -9.2694278651437348E-009   1.9028589329154716E-008   1.1736563620868633E-009  -2.2046203716988412E-009  -1.3178074312686527E-016  -2.0835827316183345E-015   3.3943983399273735E-015   1.8063050875409317E-015  -3.0543480863538419E-015  -1.6745240571628264E-015  -1.4307960287633377E-008   2.9368632580720139E-008   1.8242988801553071E-009  -5.2708686834995542E-009  -2.8957934845308144E-017  -4.1844504502159264E-019  -2.2805273567591984E-017   1.2761633015524389E-017   5.5202073150053974E-017   2.6089193564554698E-017   3.9437893363429169E-017   7.4894471532263865E-017  -5.2492809416298085E-017  -3.8825069946120370E-017  -2.9399147363034198E-016  -1.1968185985349921E-015   1.7885691829246599E-015   1.7211169575081093E-015  -1.7397898657688598E-015  -1.4271250051206414E-015   5.2832245352069332E-009  -1.0957449951884832E-008  -2.2850522471040758E-010   2.4905344081240727E-009   2.6131281778894591E-017  -2.0827926178607357E-016   3.8255458208843488E-016   2.2889765858170378E-016  -2.9615004754090207E-016  -2.5502885426257138E-016  -5.4227790563601595E-010
   2.0633376176194990E-008  -1.5153873391075734E-008   1.5532127835219965E-008  -3.1587878327056388E-010   9.2450588149944656E-016   2.0103307201392729E-015  -4.4316150630742455E-015  -3.0757320845332488E-015   6.0037049857409005E-015   2.1512264405087154E-015   3.1831310309503452E-008  -2.3409968008213439E-008   2.3965422461905839E-008  -7.5551036392597182E-010   4.0626497514895514E-017  -3.2705269141481679E-017  -4.4782629473033463E-017   4.8512248846378163E-017  -1.0280779577855985E-016  -1.0301770495000904E-016  -4.3373814215378254E-018   6.1744898338560072E-018   3.8524303293441830E-017   2.8776378872148838E-017   5.6769246876533034E-016   1.4085474886925108E-015  -2.3854636335562895E-015  -1.7397898657688598E-015   3.3880165074805913E-015   1.1720975127641431E-015  -1.2372620490457488E-008   7.9778844720459539E-009  -9.1797969585644981E-009   3.4660903050150433E-010   2.2410532453185605E-018   1.3403075885243316E-016  -4.4715230223305308E-016  -3.6484749318231480E-016   6.1283046100506072E-016   3.6260643811659206E-016  -7.4899823182124352E-011
   8.7304002737034383E-009  -1.4660510229083795E-008  -5.8214644011796071E-009   3.9412707520943707E-009   1.0041298244211644E-016   2.0162664249891987E-015  -2.6355970939453740E-015  -1.4170292831886669E-015   2.1984803161218976E-015   1.3166156672682414E-015   1.3461349211326254E-008  -2.2623269013772289E-008  -9.0026573297850678E-009   9.4232231738922801E-009   3.2536382666917586E-017   2.1269282915092789E-017   7.6481804408727090E-018  -3.0212884472392003E-017  -3.1642841184460075E-017  -1.3438963577575404E-017  -3.9111197612311337E-017  -6.5323349845551026E-017   3.1203710244056928E-017   4.2988737629892064E-017   1.2451972842351308E-016   1.1497143277374307E-015  -1.4656909499612320E-015  -1.4271250051206414E-015   1.1720975127641431E-015   1.3026044027029933E-015  -5.4824879948368974E-009   8.5702923468515849E-009   2.7329152146281960E-009  -4.4415802790538848E-009  -2.5937925669257488E-017   2.0574639437564659E-016  -2.9925020908290457E-016  -1.8134481804595044E-016   2.2669903684147232E-016   2.0728258826695001E-016   9.6625294568497259E-010
 -0.16369220593362996       -2.5802853702770953E-010  -1.0970976723324935E-010   1.3686717294332749E-008  -7.0609145242662618E-009  -1.4506902863558415E-008   1.4723442999842317E-008   1.3778782867842961E-008  -2.5260958795224445E-008  -6.7178687975160739E-009 -0.19590247776266670        2.1676415468711933E-009   1.0423441143880960E-010  -1.6792789140714582E-008  -3.3090437563830660E-010  -7.2538844947478517E-011   6.1278328379726955E-010  -1.9749311048535185E-010   4.8520091363486277E-010   6.4144901109884857E-010   2.4408493494644473E-011  -4.8110583487444708E-010   3.9791397619981619E-011  -9.8146288870876410E-011   1.9926310057078383E-010  -1.0397673232620010E-008   9.4962053027469779E-009   5.2832245352069332E-009  -1.2372620490457488E-008  -5.4824879948368974E-009   2.0643360471467869       -6.5898200535844969E-010  -1.3243852372036828E-011   2.3625032848010681E-009  -2.0787278932034850E-009   7.4637205128132710E-009  -4.7901760062900932E-009   3.0944442997050833E-009  -4.3023715841005228E-009  -1.0157161286147159E-009  -9.1969913518351355E-010
  -1.4393959747441778E-009 -0.16369220577022689       -1.5348167200612762E-009  -2.0775953624694020E-008  -2.1422838459197775E-009   9.1252259986671522E-009  -2.0417700222007585E-008  -7.8825843461285160E-009   1.3176490783953506E-008   1.0024868093720868E-008   2.4487172072807364E-009 -0.19590247820323997        1.4850927990109955E-009  -2.8661804363877862E-009   8.2494092539905071E-012  -1.1496513831719652E-010   4.9681259184144541E-010  -2.5720086846965591E-011  -2.5602338035270203E-010   1.4652273742128657E-011  -2.6600764980747497E-010  -7.3577538936689907E-010   4.7184723600748279E-010   1.7811340497964876E-010   2.3871580041506530E-009   4.5873017658211083E-009  -9.6025999630961475E-009  -1.0957449951884832E-008   7.9778844720459539E-009   8.5702923468515849E-009  -6.5898200535844969E-010   2.0643360472861767       -3.5494085652008577E-010   6.1021043097134620E-009  -5.7350658065442849E-009  -1.8261033548494104E-010  -3.3786727621643369E-009   9.0009394226733378E-009  -5.3507438932370587E-009  -3.2658733812289064E-009  -8.9010933788867266E-010
   7.0844602238215316E-011   6.4239733202242234E-010 -0.16369220345537561        5.5849775349952087E-009  -2.0121558269398950E-009   8.7908070472673407E-009   4.3502913581363250E-009   4.3363399032631629E-009  -1.2967365106685515E-008  -2.3241828998992736E-009   6.7139260874020554E-011   9.6700325028226657E-010 -0.19590248430081733        1.3641593682507388E-008   5.4721134699283699E-011   2.7982962456569031E-010   1.7516241910058085E-010  -1.8046508427750910E-010  -3.1879682603951760E-011   1.0704820172249215E-010  -2.5522688641492572E-010  -9.8439786142302134E-011   6.2590601097461901E-011  -5.7199162219670505E-011  -2.5044095280673171E-009   5.5690842505642642E-009   1.5523132511534306E-009  -2.2850522471040758E-010  -9.1797969585644981E-009   2.7329152146281960E-009  -1.3243852372036828E-011  -3.5494085652008577E-010   2.0643360490577853       -5.8605257058246830E-009   3.9185879374318165E-009   1.7041530703917899E-009  -1.5997466699733537E-009   4.7173812129131017E-009   8.2268012680440039E-009  -8.6359685577813255E-009   1.2295041919518675E-009
   1.3293215933757793E-009   4.1080491592137260E-009  -5.9992253162818761E-010 -0.24449927288308013        1.2067698616395420E-009   1.7236594189517505E-009   9.5679188008709887E-010   2.5332478385343282E-009   6.3727407662108532E-012  -3.7400294424029063E-009  -7.4792852073723004E-009  -2.0246209767869207E-008   1.8626386690164194E-008 -0.52094614531238503       -3.1283763306476230E-010  -8.9565031165237272E-010   8.6589404144597375E-010   1.5402064147291863E-009  -1.6947354106392426E-009  -1.1204895190328958E-009  -1.4465830663992521E-010   8.6980544902441059E-010   1.0897308648031353E-009  -1.2937126923111797E-009   1.9510891909255742E-009   2.4250480881875939E-009   9.7249754045794611E-010   2.4905344081240727E-009   3.4660903050150433E-010  -4.4415802790538848E-009   2.3625032848010681E-009   6.1021043097134620E-009  -5.8605257058246830E-009   2.3892686291845622        1.1680689333641918E-009   1.5000890768508587E-009   3.8729220826027062E-010   1.4994437652805034E-009   2.7663793643089863E-010  -2.6674732852866306E-009 -0.61416884497890023     
   2.7572757774539373E-010   4.1755570937105712E-010  -1.1046866549739873E-011  -6.3103173167422555E-010   2.0776832776504199E-017   6.5142096138589356E-018   2.8552499401414819E-017   2.5408142156201698E-018   1.1095429682139363E-017  -2.3317536774762769E-017   3.7026085462343627E-010   4.8620521944644931E-010   9.5624710459038743E-011  -1.4949452214143534E-009  -4.8795095270437046E-019  -2.1852120616111037E-018   1.8203322348922516E-019   4.9224340820337469E-018  -5.1966754010107599E-018  -4.2677767299415905E-018   3.6303723916734113E-019   5.2712423804105281E-018   1.6981545323392983E-018  -4.0646703033136450E-018  -1.9321928981795767E-019   1.4926394395455766E-017   1.1405557723224364E-017   2.6131281778894591E-017   2.2410532453185605E-018  -2.5937925669257488E-017  -2.0787278932034850E-009  -5.7350658065442849E-009   3.9185879374318165E-009   1.1680689333641918E-009   2.7871658444447930E-017  -2.3671732048799068E-018   9.3478020883328750E-018  -1.8705796598408713E-017   4.0537064602710167E-017  -9.1658301172702027E-018  -2.7936203898750880E-010
   2.0982361162888241E-009  -1.8167536629362889E-009  -2.3419239714317411E-009  -8.1543852349866633E-010   4.6607622487689811E-017   4.5238401239015727E-016  -3.7723378797569671E-016  -2.1052792855937647E-016   3.1075819748188339E-016   1.6392046694843178E-016   3.4881651684617668E-009  -2.8393582960305661E-009  -3.6042733564848799E-009  -1.9320985828957243E-009   5.5640967494761239E-018   2.0186438011171875E-018   3.6554039792787212E-018   4.8849331410481143E-018  -1.8752088363109902E-017  -1.2349854889487670E-017  -9.0971859622492574E-018  -5.6131941191932267E-019   1.0186488595608904E-017  -2.3061231655256930E-018   2.5330345249761956E-018   2.7650616501214168E-016  -2.4105387130251283E-016  -2.0827926178607357E-016   1.3403075885243316E-016   2.0574639437564659E-016   7.4637205128132710E-009  -1.8261033548494104E-010   1.7041530703917899E-009   1.5000890768508587E-009  -2.3671732048799068E-018   9.3135871187075967E-017  -6.8685826720417985E-017  -1.8907069827965004E-017   4.1538478918470086E-017   2.1274284759015976E-017  -3.5790540365613809E-010
  -2.2443193148807866E-009   4.2215358970195754E-009  -5.0949311502309249E-010  -2.1278469326378508E-010  -5.0137111742868333E-017  -4.4140957621332880E-016   7.9436014446594484E-016   4.3946179625035185E-016  -7.7918120354043087E-016  -3.8932468021366631E-016  -3.6390525203383560E-009   6.4882027172594610E-009  -8.4087264785731480E-010  -5.0430294442654111E-010  -6.0523311311027506E-018   2.3918713830318091E-018  -4.3881293487316135E-018  -7.7833587262514517E-019   1.5151805238289413E-017   8.8982927195319053E-018   7.4442852452023633E-018   1.3971968648542549E-017  -1.2379373327114634E-017  -7.1433484299078610E-018  -8.3304329933129730E-017  -2.6241334166920058E-016   4.1567058779385690E-016   3.8255458208843488E-016  -4.4715230223305308E-016  -2.9925020908290457E-016  -4.7901760062900932E-009  -3.3786727621643369E-009  -1.5997466699733537E-009   3.8729220826027062E-010   9.3478020883328750E-018  -6.8685826720417985E-017   1.0914722959206116E-016   4.0560860360603862E-017  -7.7820178789873904E-017  -4.9908653036078892E-017  -9.1766353675285118E-011
