  0.24878621103442480       -1.2627003241802158E-008  -2.1763436875319855E-009  -6.9831844724212908E-008  -2.2827578060869954E-008   1.1754804971457356E-007  -5.8639341776261273E-008   4.9832099015902078E-008  -8.2279923928500978E-008  -2.7004520434813344E-008  0.20501931903211795        1.4829630720637822E-009  -1.1206153420184662E-010   1.0265252221194510E-007  -9.9149126399201674E-010   7.3202732915034758E-011   1.7537292007675785E-010   8.0318670204787294E-010  -8.1016832171294843E-010   5.2704768623545368E-010  -4.3532315012650935E-011  -3.0816838211357566E-010  -1.4797855815891816E-011   9.8979814679857600E-011  -1.6039721706757793E-008   3.6884703593694244E-008  -2.2979341376947237E-008   1.6006921489487585E-008  -1.8190797661343068E-008   3.2800043806526738E-011  -9.0575480392217259E-002   5.5785990156240443E-010   1.5232627863199343E-010  -9.4575084283326167E-009  -3.5549763246529710E-010   6.0666664453853134E-009  -1.6460993084695436E-009   2.0694481134160890E-009  -4.1761093486769103E-009  -1.7139505211537101E-009   3.9188797214088329E-009
  -1.2627003241802158E-008  0.24878621393509326       -5.2507176433966630E-009   1.3820762378162570E-007  -2.0008429815237330E-008  -7.6090506951413688E-008  -3.0491943454069949E-008  -2.8630684112839336E-008  -3.8151441550713486E-009   4.8639111354829826E-008   1.8260367666738823E-009  0.20501931863860065        1.4287470987487044E-010  -1.0087425966657535E-007  -1.1100990048186964E-009  -1.8854588627222018E-010   7.2635383192378220E-010   6.8879250926340742E-011  -1.3977576741087188E-010   1.4204747888481301E-009   3.2548655443893403E-010  -1.0824298597713695E-009  -2.4814448497684877E-010   2.6540328486669006E-010  -8.0795693911700822E-009  -3.0019088465932529E-008  -8.6735747371586113E-009   3.0862945996716047E-009  -1.1727473767609220E-008   4.9932748098415140E-009   4.8031804443685423E-010  -9.0575480997135457E-002   4.9330934250117061E-010  -9.3447056767541063E-009  -9.1584440764925259E-010  -3.5253062773795610E-009  -1.5940669949616796E-009  -1.6445105685533914E-009   9.9131727462131982E-010   2.5603550299989673E-009  -1.1779066844537627E-009
  -2.1763436875319855E-009  -5.2507176433966630E-009  0.24878621922692487       -4.9402913116253655E-008   1.3209644640879138E-008  -8.7500377477327035E-008  -1.3380034868740687E-007   6.2967134944688693E-008   8.5560744192237217E-008  -7.6176779367600401E-008   6.7934170083974484E-010   1.2378590843219057E-009  0.20501931795509215        1.1232140849990015E-008  -5.8783807573328208E-010   5.0504613421447359E-010  -1.0125462174678085E-009   4.0194712572242610E-010  -7.3186195916310409E-010   3.8672047786863200E-010   2.4824916428401433E-010   6.5313083471576626E-010  -8.3810776095936207E-010   2.6790377446324843E-010   8.9071896019385714E-009  -1.9419652723302252E-008  -4.3186937671103309E-008   1.9979555256033067E-008   2.8296724226650148E-008  -2.8886745354244231E-008  -7.8653199728333356E-011   1.6172994560478626E-010  -9.0575480845968587E-002   1.2194426723279177E-008  -6.3527934614513442E-011  -4.4637854563088492E-009  -6.4272877921397346E-009   2.4443864263868156E-009   4.1639339554227137E-009  -2.3808580817187243E-009  -1.8531265965463521E-009
  -6.9831844724212908E-008   1.3820762378162570E-007  -4.9402913116253655E-008  0.29227267177589550        6.5051551525328990E-009   1.5206361728248028E-008   3.1042795247940480E-009  -3.7176447927693862E-009   1.4188033308540456E-008  -2.7875620097945812E-009   3.6170405074857992E-009  -3.4908335744426084E-008  -1.2176165254117624E-007  0.53581944622938471        2.0286295785778716E-008   1.6656626751497221E-008  -2.0507039784856203E-010  -9.5340723201612629E-009  -1.4043457541138454E-008  -1.7682849842175529E-008  -1.6230090303192111E-008   3.6058145785730635E-009   5.1183248386109224E-009  -2.5347650034592523E-009   3.7953793462859096E-010   6.8179664610128704E-009   1.3878337026439890E-009   1.4185648542323981E-011   4.3964425991895108E-009  -3.9371893225513573E-010   1.6536651945220992E-008  -1.3452432553615274E-008   4.7747458065072775E-008 -0.24632084490052883        6.4500993207484621E-010   1.9324892102941390E-009   3.8170936677192756E-010  -3.6685430987707874E-010   1.4345638519653256E-009  -2.7814935474123768E-010   5.5625679429965123E-002
  -2.2827578060869954E-008  -2.0008429815237330E-008   1.3209644640879138E-008   6.5051551525328990E-009   4.5500074925809261E-015  -8.9740818857995450E-015   7.9612857457376952E-016   9.9141267370309076E-016   1.2715579963494186E-014  -5.5414211543459592E-015  -1.8806753987623620E-008  -1.6487103841081019E-008   1.0895753172741417E-008   1.1928699706543608E-008   6.0059963879657830E-016   4.0601600577348750E-016  -1.3287667444527371E-016  -2.7010634310346240E-016  -2.6590659532514617E-016  -5.3568347692474490E-016  -3.7027068611886738E-016   2.3030468436459321E-016   9.0754570936800686E-017  -7.2617928403604780E-017   2.6030747506515386E-015  -1.8494121866842518E-015   5.4297044125031460E-016  -6.5516612235662331E-016   4.2129329404066024E-015  -1.9479085329485850E-015   8.5058859229524970E-009   7.3400578267870018E-009  -4.4167598819930899E-009  -5.3303098913730562E-009   1.1567819018234253E-016  -4.6557315219811014E-016  -5.9009048118472492E-017   6.8030225940886853E-017   5.6011469028816930E-016  -1.8370825067771386E-016   1.1329238325758747E-009
   1.1754804971457356E-007  -7.6090506951413688E-008  -8.7500377477327035E-008   1.5206361728248028E-008  -8.9740818857995450E-015   1.1040320922069427E-013   2.8849348040157743E-014   9.9644587215392440E-015  -6.7080808820036255E-014  -9.9037857230146323E-016   9.6993882279974681E-008  -6.2781772377740556E-008  -7.2210867958496704E-008   2.7883815871725609E-008   1.1337415932395027E-015   7.8136389423013627E-016   2.0631182627320418E-016  -2.7910975653148974E-016  -8.1349330810792316E-016  -1.2419598224644565E-015  -1.0521084377542967E-015   1.4325941537727200E-016   6.3018930415249795E-016  -2.6055903430214506E-016  -8.2267428992457018E-015   3.3803853823617453E-014   7.0556567055585606E-015  -4.1130229127313954E-016  -1.4733493746315945E-014   8.6380455285755870E-015  -3.7873799227229185E-008   2.4663282025625104E-008   2.7775732311879219E-008  -1.2503015316158548E-008   9.5237842761629875E-017   5.6874587348976103E-015   1.9871409979597158E-015   5.7710369744734144E-016  -3.6751136466187757E-015  -6.7234138572460438E-016   2.6590617235688827E-009
  -5.8639341776261273E-008  -3.0491943454069949E-008  -1.3380034868740687E-007   3.1042795247940480E-009   7.9612857457376952E-016   2.8849348040157743E-014   8.9572949771880639E-014  -4.2147916597886602E-014  -2.6009965417503641E-014   4.1351787543209527E-014  -4.8380751866667136E-008  -2.5175745769992731E-008  -1.1041121096513261E-007   5.6921127068499399E-009   9.0145389132485597E-016  -8.8549789060812767E-017   4.1254833215623534E-016  -5.1522196093719807E-016   4.5268927039379404E-016  -6.9420757519466478E-016  -3.3582155853219044E-016  -1.0794748599901262E-016   5.3910244406207878E-016  -2.2704216954548950E-016  -1.8191990524506740E-017   5.5028130622862737E-015   2.9733533184201771E-014  -1.4905589339598462E-014  -9.4504679157926241E-015   1.4923781673963357E-014   1.9092584319386754E-008   9.2129031289730234E-009   4.2840018990374822E-008  -2.5575071436828321E-009   2.5765483599158975E-016   1.4158657726830377E-015   4.1193705838464128E-015  -1.6743508749701396E-015  -1.4069313340337076E-015   1.4166958851398612E-015   5.4408493517940556E-010
   4.9832099015902078E-008  -2.8630684112839336E-008   6.2967134944688693E-008  -3.7176447927693862E-009   9.9141267370309076E-016   9.9644587215392440E-015  -4.2147916597886602E-014   2.9268445697483322E-014   5.4340786515631922E-015  -3.0259857257787156E-014   4.1107604277998383E-008  -2.3656566375531639E-008   5.1957434267524774E-008  -6.8174451848934805E-009  -4.7764306373800768E-016  -4.7568716286157426E-017  -3.0238640489869973E-016   3.7600531862860473E-016  -1.5287990459431228E-016   2.6482199041713330E-016   2.2303449927567184E-016   1.8247692926345171E-016  -2.5166302297915385E-016   8.9378127031990138E-017  -3.1656770035098112E-017   5.8444815327777074E-015  -1.4557917204668557E-014   7.9102735409519334E-015   4.8183014161899990E-015  -7.8786169643125858E-015  -1.6487610925849121E-008   7.9585474630194167E-009  -2.0265072833551111E-008   3.0213617764080233E-009   1.5404275179805931E-017   5.1115147889864463E-016  -1.8202795975763086E-015   1.2170187079600326E-015   1.3538426195491352E-016  -1.2324229687905130E-015  -6.4094263889702583E-010
  -8.2279923928500978E-008  -3.8151441550713486E-009   8.5560744192237217E-008   1.4188033308540456E-008   1.2715579963494186E-014  -6.7080808820036255E-014  -2.6009965417503641E-014   5.4340786515631922E-015   5.7398503202716021E-014  -1.8149661215726840E-014  -6.7903502457442079E-008  -3.1366965037359160E-009   7.0596594039817460E-008   2.6016391910581824E-008   1.1273526142476148E-015   9.6118079821246587E-016  -4.2748117539858813E-016  -5.9119050851865269E-016  -6.6335930708238140E-016  -9.2131481765580683E-016  -6.9320584002624642E-016   5.1837454216819825E-016  -3.1147680180485702E-017  -6.7743964172603208E-017   8.5161555386470569E-015  -1.8092187978084515E-014  -7.0505743914086379E-015   1.5330911259935169E-015   1.6145933033074299E-014  -1.0049246534149429E-014   2.6083560629672606E-008   1.6758343559125827E-009  -2.7693423471972215E-008  -1.1660498267971838E-008   2.1492739890906783E-016  -3.4282038923759059E-015  -1.6251348877171702E-015   1.5517204914352419E-016   2.8951473046544523E-015  -3.7009897689225734E-016   2.4797433893288269E-009
  -2.7004520434813344E-008   4.8639111354829826E-008  -7.6176779367600401E-008  -2.7875620097945812E-009  -5.5414211543459592E-015  -9.9037857230146323E-016   4.1351787543209527E-014  -3.0259857257787156E-014  -1.8149661215726840E-014   3.5801278286814010E-014  -2.2300849697451528E-008   4.0143668242716383E-008  -6.2853187341336917E-008  -5.1113513793614018E-009  -1.2296018263108215E-016  -3.5845025968448442E-016   4.3526311213157452E-016  -1.0589728214523980E-016   4.1878901606597096E-016   2.7086463319423086E-016   1.4723908900976077E-016  -4.1278225593893954E-016   1.6090752857435813E-016  -1.6759744316496590E-017  -2.5714179914867329E-015  -3.9950701823702845E-015   1.4014946510147218E-014  -7.2551074073906668E-015  -9.0312350372948008E-015   9.8265254969243607E-015   7.9817312756897990E-009  -1.5298598583216063E-008   2.4681829460511512E-008   2.3088542423776672E-009  -1.3108268908388817E-016  -4.5578540685953665E-017   1.8792885838134614E-015  -1.2850487666935777E-015  -6.9549923041506932E-016   1.4161312759776292E-015  -4.9196980096454475E-010
  0.20501931903211795        1.8260367666738823E-009   6.7934170083974484E-010   3.6170405074857992E-009  -1.8806753987623620E-008   9.6993882279974681E-008  -4.8380751866667136E-008   4.1107604277998383E-008  -6.7903502457442079E-008  -2.2300849697451528E-008  0.17022463337897950        1.1341702264380873E-008   1.9591943090332241E-009   1.9596945261048936E-007  -8.1467430476336223E-010   5.7919586299795973E-011   1.4295824584533361E-010   6.6108166317513424E-010  -6.6926711345331947E-010   4.3192651487536840E-010  -3.4650939028097145E-011  -2.5364580301024172E-010  -1.1430355264614599E-011   8.2501576521885404E-011  -1.3256365142711392E-008   3.0458005118890529E-008  -1.9022646828422036E-008   1.3216511274502172E-008  -1.5004804839988990E-008   3.9853722559237580E-011  -2.4564920588186080E-002  -3.1330997690849412E-009  -4.6932270529926799E-010  -6.7942845405567166E-008  -1.0630778678760879E-009   5.4569518759684900E-009  -1.7708536915858016E-009   2.0718563011934615E-009  -3.3807617057940792E-009  -1.0087784735861910E-009   1.6967168006965658E-008
   1.4829630720637822E-009  0.20501931863860065        1.2378590843219057E-009  -3.4908335744426084E-008  -1.6487103841081019E-008  -6.2781772377740556E-008  -2.5175745769992731E-008  -2.3656566375531639E-008  -3.1366965037359160E-009   4.0143668242716383E-008   1.1341702264380873E-008  0.17022463080967495        4.7137616214629134E-009  -3.5524547502742518E-007  -9.1558461167100815E-010  -1.5990453100333679E-010   5.9863968149519331E-010   5.6157676123499868E-011  -1.1489978719088592E-010   1.1722279339853317E-009   2.7179641634041163E-010  -8.9310157571088246E-010  -2.0475277685268752E-010   2.1947890054731678E-010  -6.6735475348032260E-009  -2.4786079693875331E-008  -7.1751283418560844E-009   2.5720143275200899E-009  -9.7379449938842318E-009   4.1015328532418723E-009  -3.2391835509789363E-009  -2.4564919115510155E-002  -1.4152371177124355E-009   1.2652357305257429E-007  -1.1248006414238748E-009  -3.4393491025684899E-009  -1.2667370484956976E-009  -6.5813042447861846E-010   3.8150698139038504E-010   1.7829310225027683E-009  -3.0418412071507614E-008
  -1.1206153420184662E-010   1.4287470987487044E-010  0.20501931795509215       -1.2176165254117624E-007   1.0895753172741417E-008  -7.2210867958496704E-008  -1.1041121096513261E-007   5.1957434267524774E-008   7.0596594039817460E-008  -6.2853187341336917E-008   1.9591943090332241E-009   4.7137616214629134E-009  0.17022462603148142       -1.3991971599242956E-007  -4.8573167723233719E-010   4.1610986269307247E-010  -8.3834133833475018E-010   3.3198229303943922E-010  -6.0402531013476129E-010   3.1969519546899144E-010   2.0533435899875762E-010   5.4095579004457658E-010  -6.9159519892875602E-010   2.2166765373189238E-010   7.3826434015486735E-009  -1.6018791678168137E-008  -3.5658343273401769E-008   1.6525527651923517E-008   2.3380091546183521E-008  -2.3908171239713024E-008  -4.4516372771807712E-010  -1.3039245430180315E-009  -2.4564918284490284E-002   7.0161733654162606E-008   1.8673264092705862E-010  -3.6189998377949839E-009  -5.7944433320866324E-009   2.2431824426729326E-009   3.9364392485443828E-009  -2.4299146766815215E-009  -1.3673328557380412E-008
   1.0265252221194510E-007  -1.0087425966657535E-007   1.1232140849990015E-008  0.53581944622938471        1.1928699706543608E-008   2.7883815871725609E-008   5.6921127068499399E-009  -6.8174451848934805E-009   2.6016391910581824E-008  -5.1113513793614018E-009   1.9596945261048936E-007  -3.5524547502742518E-007  -1.3991971599242956E-007  0.98294298482702536        3.7200201408643108E-008   3.0544836277222105E-008  -3.7712336844183167E-010  -1.7481285602369364E-008  -2.5755750007590314E-008  -3.2428022474059153E-008  -2.9764969507929301E-008   6.6148290201620949E-009   9.3890616966400920E-009  -4.6493112122337977E-009   6.9386672887408168E-010   1.2501251435500987E-008   2.5448707985506236E-009   2.8064788624091480E-011   8.0596746504508552E-009  -7.2192247162315270E-010  -7.7695709764464797E-008   1.2548487288965059E-007   3.3003522906575494E-008 -0.41702035811937715        1.1727316790290080E-009   3.5205912047054298E-009   6.9611307477614284E-010  -6.6391879407568970E-010   2.6136325924613594E-009  -5.0880040028274973E-010   8.1665150411250803E-002
  -9.9149126399201674E-010  -1.1100990048186964E-009  -5.8783807573328208E-010   2.0286295785778716E-008   6.0059963879657830E-016   1.1337415932395027E-015   9.0145389132485597E-016  -4.7764306373800768E-016   1.1273526142476148E-015  -1.2296018263108215E-016  -8.1467430476336223E-010  -9.1558461167100815E-010  -4.8573167723233719E-010   3.7200201408643108E-008   1.4184944688429358E-015   1.1556003025886307E-015  -1.5797566470797234E-017  -6.6624911331387883E-016  -9.6931258767999389E-016  -1.2368609806418630E-015  -1.1285374502764664E-015   2.5485367543027572E-016   3.5849162276747077E-016  -1.7818192636074739E-016   1.0513740124810891E-016   5.0625442853616908E-016   3.2858728879066990E-016  -1.2378822848824122E-016   3.6306868407422394E-016   1.8651159866720735E-017   4.5493180101434553E-010   3.7402597145829625E-010   1.6280736694713635E-010  -1.6585449590559587E-008   4.8811573442496040E-017   1.3702201272409427E-016   5.5002747864930486E-017  -3.1986008213847488E-017   1.0157025785056983E-016  -1.6825116512628995E-017   3.5167462394710917E-009
   7.3202732915034758E-011  -1.8854588627222018E-010   5.0504613421447359E-010   1.6656626751497221E-008   4.0601600577348750E-016   7.8136389423013627E-016  -8.8549789060812767E-017  -4.7568716286157426E-017   9.6118079821246587E-016  -3.5845025968448442E-016   5.7919586299795973E-011  -1.5990453100333679E-010   4.1610986269307247E-010   3.0544836277222105E-008   1.1556003025886307E-015   9.5058564661202437E-016  -1.4253853183532999E-017  -5.4237876340313271E-016  -8.0208757279047666E-016  -1.0080217517662985E-015  -9.2486515294751435E-016   2.0761179518073376E-016   2.9025119610062999E-016  -1.4412047522602684E-016   4.1214556937150734E-017   3.8281776049083969E-016  -8.4947078594128494E-018   4.3611747925487285E-017   3.1181369495710885E-016  -8.4826032538117453E-017  -1.2142749611803316E-010  -1.0918619533994171E-010  -1.8713842239909546E-010  -1.3582945757822778E-008   3.9847382824655064E-017   1.0626269131788958E-016   1.0031537766919911E-017  -1.7159907284336087E-017   8.9412218854635610E-017  -2.2687104130190369E-017   2.8778463382746222E-009
   1.7537292007675785E-010   7.2635383192378220E-010  -1.0125462174678085E-009  -2.0507039784856203E-010  -1.3287667444527371E-016   2.0631182627320418E-016   4.1254833215623534E-016  -3.0238640489869973E-016  -4.2748117539858813E-016   4.3526311213157452E-016   1.4295824584533361E-010   5.9863968149519331E-010  -8.3834133833475018E-010  -3.7712336844183167E-010  -1.5797566470797234E-017  -1.4253853183532999E-017   6.5255250834503101E-018   5.8238733448675641E-018   1.1876684225483845E-017   1.5370792130390455E-017   1.1313022519412830E-017  -8.5829005917019091E-018  -9.2417033075104508E-019   1.5334299239258857E-018  -7.1494267855211604E-017   1.2575965329814156E-017   1.3358838582774042E-016  -6.1252917513801752E-017  -1.6548797743351463E-016   1.3274718245891936E-016  -1.2533891485967928E-010  -2.6180051460283521E-010   2.1423369860648375E-010   1.0275205237222722E-010  -2.9097695909948127E-018   1.0067084237898675E-017   2.2130289575846438E-017  -1.4169830601378799E-017  -1.9624624165748080E-017   1.7079592055911044E-017  -1.7318688797963576E-011
   8.0318670204787294E-010   6.8879250926340742E-011   4.0194712572242610E-010  -9.5340723201612629E-009  -2.7010634310346240E-016  -2.7910975653148974E-016  -5.1522196093719807E-016   3.7600531862860473E-016  -5.9119050851865269E-016  -1.0589728214523980E-016   6.6108166317513424E-010   5.6157676123499868E-011   3.3198229303943922E-010  -1.7481285602369364E-008  -6.6624911331387883E-016  -5.4237876340313271E-016   5.8238733448675641E-018   3.1428076398207332E-016   4.5430849304397418E-016   5.7958626098363303E-016   5.2982482714389539E-016  -1.1787765074943096E-016  -1.6845585096000639E-016   8.3519971056276597E-017  -5.1946616880839078E-017  -1.4304696568364168E-016  -1.9160944652066914E-016   8.4346508077832964E-017  -1.5959176902031990E-016  -3.2400046285464633E-017  -3.2409384441933201E-010  -4.9045588167357444E-011  -1.1707281404694971E-010   7.9107350632383586E-009  -2.1705273638971978E-017  -5.1560089931907661E-017  -2.8629432778203834E-017   2.1679003339536149E-017  -5.2752697701051428E-017   2.6062829479820331E-020  -1.6853452685526500E-009
  -8.1016832171294843E-010  -1.3977576741087188E-010  -7.3186195916310409E-010  -1.4043457541138454E-008  -2.6590659532514617E-016  -8.1349330810792316E-016   4.5268927039379404E-016  -1.5287990459431228E-016  -6.6335930708238140E-016   4.1878901606597096E-016  -6.6926711345331947E-010  -1.1489978719088592E-010  -6.0402531013476129E-010  -2.5755750007590314E-008  -9.6931258767999389E-016  -8.0208757279047666E-016   1.1876684225483845E-017   4.5430849304397418E-016   6.7980986520402943E-016   8.4616079454139550E-016   7.7923814703742671E-016  -1.7363833267465105E-016  -2.4337012733738202E-016   1.2056997863514472E-016   1.2379748734587830E-017  -3.7382833140683606E-016   1.4020911050090942E-016  -1.1341987568329956E-016  -2.2869734437103857E-016   1.0103989709362765E-016   2.3113492534127373E-010   6.1876035225436033E-011   2.3033935317147292E-010   1.1274661062218654E-008  -2.8246836153322415E-017  -9.7881251335809981E-017   7.7795885161942652E-018   4.0020258400789006E-018  -6.8408196928474246E-017   2.4244491904869582E-017  -2.3764786439189880E-009
   5.2704768623545368E-010   1.4204747888481301E-009   3.8672047786863200E-010  -1.7682849842175529E-008  -5.3568347692474490E-016  -1.2419598224644565E-015  -6.9420757519466478E-016   2.6482199041713330E-016  -9.2131481765580683E-016   2.7086463319423086E-016   4.3192651487536840E-010   1.1722279339853317E-009   3.1969519546899144E-010  -3.2428022474059153E-008  -1.2368609806418630E-015  -1.0080217517662985E-015   1.5370792130390455E-017   5.7958626098363303E-016   8.4616079454139550E-016   1.0798369166350375E-015   9.8426706209677952E-016  -2.2404444980344774E-016  -3.1251113805472636E-016   1.5553617550117981E-016  -8.9110610335549476E-017  -5.3616324229333346E-016  -2.4923754712264768E-016   8.1733434618206504E-017  -3.2751666102240126E-016   7.3768845404057100E-018  -2.8625417644614250E-010  -4.5276277717498519E-010  -1.0135600890486851E-010   1.4340981032221921E-008  -4.3782497936888007E-017  -1.3227391334089224E-016  -4.5164648285205230E-017   2.1234887169718441E-017  -8.3518245652889075E-017   2.2547216221407514E-017  -3.0328649943376209E-009
  -4.3532315012650935E-011   3.2548655443893403E-010   2.4824916428401433E-010  -1.6230090303192111E-008  -3.7027068611886738E-016  -1.0521084377542967E-015  -3.3582155853219044E-016   2.2303449927567184E-016  -6.9320584002624642E-016   1.4723908900976077E-016  -3.4650939028097145E-011   2.7179641634041163E-010   2.0533435899875762E-010  -2.9764969507929301E-008  -1.1285374502764664E-015  -9.2486515294751435E-016   1.1313022519412830E-017   5.2982482714389539E-016   7.7923814703742671E-016   9.8426706209677952E-016   9.0213691247013419E-016  -2.0101770756652425E-016  -2.8547855789483989E-016   1.4139753277855592E-016  -1.9974144468819308E-017  -4.4382808825941303E-016  -1.2769746974335418E-016   2.0491646834442406E-017  -2.2824031783880395E-016  -5.1777059408945720E-019   6.4108261700244342E-011   2.1645085452973717E-011  -6.0748496282261795E-011   1.3095055439919389E-008  -3.8488932353628553E-017  -1.1808413605554343E-016  -2.9908137432264672E-017   2.2590932799951438E-017  -7.4065166562955095E-017   1.5897635029536620E-017  -2.7647936275429776E-009
  -3.0816838211357566E-010  -1.0824298597713695E-009   6.5313083471576626E-010   3.6058145785730635E-009   2.3030468436459321E-016   1.4325941537727200E-016  -1.0794748599901262E-016   1.8247692926345171E-016   5.1837454216819825E-016  -4.1278225593893954E-016  -2.5364580301024172E-010  -8.9310157571088246E-010   5.4095579004457658E-010   6.6148290201620949E-009   2.5485367543027572E-016   2.0761179518073376E-016  -8.5829005917019091E-018  -1.1787765074943096E-016  -1.7363833267465105E-016  -2.2404444980344774E-016  -2.0101770756652425E-016   5.1328723783958560E-017   6.2081783943012978E-017  -3.1860824170261451E-017   8.3168044962542848E-017   1.1808797951477477E-016  -3.0194772742537018E-017   1.9497810572076594E-017   2.0227169170048414E-016  -1.0266579510602677E-016   1.2432822577983034E-010   3.5108136283434156E-010  -1.3052724834402158E-010  -2.7888756410093833E-009   1.2788542560547949E-017   2.0482289385017809E-017  -4.4232176513092505E-018   6.5255402555159755E-018   3.0841778770554645E-017  -1.9313997240089632E-017   5.8041379050532535E-010
  -1.4797855815891816E-011  -2.4814448497684877E-010  -8.3810776095936207E-010   5.1183248386109224E-009   9.0754570936800686E-017   6.3018930415249795E-016   5.3910244406207878E-016  -2.5166302297915385E-016  -3.1147680180485702E-017   1.6090752857435813E-016  -1.1430355264614599E-011  -2.0475277685268752E-010  -6.9159519892875602E-010   9.3890616966400920E-009   3.5849162276747077E-016   2.9025119610062999E-016  -9.2417033075104508E-019  -1.6845585096000639E-016  -2.4337012733738202E-016  -3.1251113805472636E-016  -2.8547855789483989E-016   6.2081783943012978E-017   9.2758495040239760E-017  -4.5584231371037254E-017  -1.4416307488027342E-017   2.1264071590401723E-016   1.7981906940973293E-016  -7.1104270139104312E-017  -5.5969911994268735E-018   8.5520665169041760E-017   3.5417033734992650E-011   8.0125092206665036E-011   2.6863978183279997E-010  -3.9859148256534171E-009   1.1791118957225055E-017   5.2164117003641882E-017   3.0094471956261667E-017  -1.3149308808710557E-017   9.9567877855728662E-018   1.3583075018672994E-018   8.3151267369924575E-010
   9.8979814679857600E-011   2.6540328486669006E-010   2.6790377446324843E-010  -2.5347650034592523E-009  -7.2617928403604780E-017  -2.6055903430214506E-016  -2.2704216954548950E-016   8.9378127031990138E-017  -6.7743964172603208E-017  -1.6759744316496590E-017   8.2501576521885404E-011   2.1947890054731678E-010   2.2166765373189238E-010  -4.6493112122337977E-009  -1.7818192636074739E-016  -1.4412047522602684E-016   1.5334299239258857E-018   8.3519971056276597E-017   1.2056997863514472E-016   1.5553617550117981E-016   1.4139753277855592E-016  -3.1860824170261451E-017  -4.5584231371037254E-017   2.2604716919597877E-017  -8.7006985399277897E-018  -9.7392042093916610E-017  -7.7067022351665203E-017   3.1123335766296640E-017  -2.7415651647515839E-017  -2.2422680098148789E-017   7.5364182397425914E-013  -6.6543653348401138E-011  -6.2387865393325899E-011   2.0021174096705128E-009  -7.3631910209040860E-018  -2.2770375327648510E-017  -1.3198437923877113E-017   5.6978972351509242E-018  -8.3605270949137953E-018   1.6652360657495798E-018  -4.1970540049279163E-010
  -1.6039721706757793E-008  -8.0795693911700822E-009   8.9071896019385714E-009   3.7953793462859096E-010   2.6030747506515386E-015  -8.2267428992457018E-015  -1.8191990524506740E-017  -3.1656770035098112E-017   8.5161555386470569E-015  -2.5714179914867329E-015  -1.3256365142711392E-008  -6.6735475348032260E-009   7.3826434015486735E-009   6.9386672887408168E-010   1.0513740124810891E-016   4.1214556937150734E-017  -7.1494267855211604E-017  -5.1946616880839078E-017   1.2379748734587830E-017  -8.9110610335549476E-017  -1.9974144468819308E-017   8.3168044962542848E-017  -1.4416307488027342E-017  -8.7006985399277897E-018   1.6186597663383619E-015  -2.0913640670088735E-015   2.1942379352619785E-016  -4.1598537588168038E-016   2.5758237636886401E-015  -1.2026743810837082E-015   4.3294754753502531E-009   2.3375755562350053E-009  -1.5736114634030926E-009  -4.3930626466396141E-010   8.6915893653998576E-017  -4.3924145752233014E-016  -7.6375239198251378E-017  -4.8360549106727334E-018   4.0830283703623871E-016  -8.2079814883484225E-017   9.9304007404701025E-011
   3.6884703593694244E-008  -3.0019088465932529E-008  -1.9419652723302252E-008   6.8179664610128704E-009  -1.8494121866842518E-015   3.3803853823617453E-014   5.5028130622862737E-015   5.8444815327777074E-015  -1.8092187978084515E-014  -3.9950701823702845E-015   3.0458005118890529E-008  -2.4786079693875331E-008  -1.6018791678168137E-008   1.2501251435500987E-008   5.0625442853616908E-016   3.8281776049083969E-016   1.2575965329814156E-017  -1.4304696568364168E-016  -3.7382833140683606E-016  -5.3616324229333346E-016  -4.4382808825941303E-016   1.1808797951477477E-016   2.1264071590401723E-016  -9.7392042093916610E-017  -2.0913640670088735E-015   1.0770579179164586E-014   1.0408123268828209E-015   4.4097249910839434E-016  -3.3867584088307154E-015   1.6503916999720426E-015  -1.0984259099676821E-008   9.0404071970667854E-009   6.4611734745959911E-009  -5.6545843187477374E-009   5.1240414154994022E-017   1.7600187816006924E-015   4.4294876005914076E-016   2.9472158383983281E-016  -1.0171214464849502E-015  -3.4596189144326649E-016   1.2053192885917044E-009
  -2.2979341376947237E-008  -8.6735747371586113E-009  -4.3186937671103309E-008   1.3878337026439890E-009   5.4297044125031460E-016   7.0556567055585606E-015   2.9733533184201771E-014  -1.4557917204668557E-014  -7.0505743914086379E-015   1.4014946510147218E-014  -1.9022646828422036E-008  -7.1751283418560844E-009  -3.5658343273401769E-008   2.5448707985506236E-009   3.2858728879066990E-016  -8.4947078594128494E-018   1.3358838582774042E-016  -1.9160944652066914E-016   1.4020911050090942E-016  -2.4923754712264768E-016  -1.2769746974335418E-016  -3.0194772742537018E-017   1.7981906940973293E-016  -7.7067022351665203E-017   2.1942379352619785E-016   1.0408123268828209E-015   9.9384500852553531E-015  -5.0599197226179292E-015  -2.8028815977033230E-015   4.8404960492851015E-015   4.9873010835885930E-009   2.0788335484743545E-009   1.3010980568173219E-008  -1.1378492299926673E-009   1.2583412007588769E-016   3.2399477964472189E-016   1.3790528972146014E-015  -6.1200740814526587E-016  -3.8691836873998165E-016   4.8617324804010582E-016   2.4214112338540042E-010
   1.6006921489487585E-008   3.0862945996716047E-009   1.9979555256033067E-008   1.4185648542323981E-011  -6.5516612235662331E-016  -4.1130229127313954E-016  -1.4905589339598462E-014   7.9102735409519334E-015   1.5330911259935169E-015  -7.2551074073906668E-015   1.3216511274502172E-008   2.5720143275200899E-009   1.6525527651923517E-008   2.8064788624091480E-011  -1.2378822848824122E-016   4.3611747925487285E-017  -6.1252917513801752E-017   8.4346508077832964E-017  -1.1341987568329956E-016   8.1733434618206504E-017   2.0491646834442406E-017   1.9497810572076594E-017  -7.1104270139104312E-017   3.1123335766296640E-017  -4.1598537588168038E-016   4.4097249910839434E-016  -5.0599197226179292E-015   2.6767662395720329E-015   9.5777814350231788E-016  -2.2607809104415435E-015  -4.8221316915812592E-009   4.2674598498424035E-012  -4.8812048734580952E-009   1.1254952560255493E-010  -5.1714713465633580E-017  -1.1869618443244491E-017  -6.7289513704890008E-016   3.4305718220130937E-016   9.3557735068176884E-017  -2.9134243271510494E-016  -2.9378542997404054E-011
  -1.8190797661343068E-008  -1.1727473767609220E-008   2.8296724226650148E-008   4.3964425991895108E-009   4.2129329404066024E-015  -1.4733493746315945E-014  -9.4504679157926241E-015   4.8183014161899990E-015   1.6145933033074299E-014  -9.0312350372948008E-015  -1.5004804839988990E-008  -9.7379449938842318E-009   2.3380091546183521E-008   8.0596746504508552E-009   3.6306868407422394E-016   3.1181369495710885E-016  -1.6548797743351463E-016  -1.5959176902031990E-016  -2.2869734437103857E-016  -3.2751666102240126E-016  -2.2824031783880395E-016   2.0227169170048414E-016  -5.5969911994268735E-018  -2.7415651647515839E-017   2.5758237636886401E-015  -3.3867584088307154E-015  -2.8028815977033230E-015   9.5777814350231788E-016   5.1748477370872523E-015  -3.5336018497846115E-015   6.0654024815917416E-009   1.3741727732886482E-009  -7.8869075450945006E-009  -3.7374669186911027E-009   1.1315020367445679E-016  -7.2735531349961546E-016  -5.5189746001987261E-016   1.6535348667391317E-016   8.0267386809871356E-016  -2.7850354140189965E-016   8.0143695866594325E-010
   3.2800043806526738E-011   4.9932748098415140E-009  -2.8886745354244231E-008  -3.9371893225513573E-010  -1.9479085329485850E-015   8.6380455285755870E-015   1.4923781673963357E-014  -7.8786169643125858E-015  -1.0049246534149429E-014   9.8265254969243607E-015   3.9853722559237580E-011   4.1015328532418723E-009  -2.3908171239713024E-008  -7.2192247162315270E-010   1.8651159866720735E-017  -8.4826032538117453E-017   1.3274718245891936E-016  -3.2400046285464633E-017   1.0103989709362765E-016   7.3768845404057100E-018  -5.1777059408945720E-019  -1.0266579510602677E-016   8.5520665169041760E-017  -2.2422680098148789E-017  -1.2026743810837082E-015   1.6503916999720426E-015   4.8404960492851015E-015  -2.2607809104415435E-015  -3.5336018497846115E-015   3.4634553289041422E-015   4.9265617301953001E-010  -2.3418575481954005E-009   6.4548252813935013E-009   3.2677880781632441E-010  -3.5201026134945140E-017   4.5111125884594404E-016   7.4927029356914120E-016  -3.3822129600063147E-016  -5.0186035230816152E-016   3.7342226225605891E-016  -6.9947348495957742E-011
  -9.0575480392217259E-002   4.8031804443685423E-010  -7.8653199728333356E-011   1.6536651945220992E-008   8.5058859229524970E-009  -3.7873799227229185E-008   1.9092584319386754E-008  -1.6487610925849121E-008   2.6083560629672606E-008   7.9817312756897990E-009  -2.4564920588186080E-002  -3.2391835509789363E-009  -4.4516372771807712E-010  -7.7695709764464797E-008   4.5493180101434553E-010  -1.2142749611803316E-010  -1.2533891485967928E-010  -3.2409384441933201E-010   2.3113492534127373E-010  -2.8625417644614250E-010   6.4108261700244342E-011   1.2432822577983034E-010   3.5417033734992650E-011   7.5364182397425914E-013   4.3294754753502531E-009  -1.0984259099676821E-008   4.9873010835885930E-009  -4.8221316915812592E-009   6.0654024815917416E-009   4.9265617301953001E-010   2.0033697494120433        8.1193379249931075E-010   9.3471488370532655E-011   2.1321835403649763E-008  -3.0173090327087070E-008   1.5794632956602941E-008  -1.5704021868490234E-008   1.3666324273616931E-008   3.9079788049504816E-009   1.6506765787181878E-008  -5.7672748868250688E-009
   5.5785990156240443E-010  -9.0575480997135457E-002   1.6172994560478626E-010  -1.3452432553615274E-008   7.3400578267870018E-009   2.4663282025625104E-008   9.2129031289730234E-009   7.9585474630194167E-009   1.6758343559125827E-009  -1.5298598583216063E-008  -3.1330997690849412E-009  -2.4564919115510155E-002  -1.3039245430180315E-009   1.2548487288965059E-007   3.7402597145829625E-010  -1.0918619533994171E-010  -2.6180051460283521E-010  -4.9045588167357444E-011   6.1876035225436033E-011  -4.5276277717498519E-010   2.1645085452973717E-011   3.5108136283434156E-010   8.0125092206665036E-011  -6.6543653348401138E-011   2.3375755562350053E-009   9.0404071970667854E-009   2.0788335484743545E-009   4.2674598498424035E-012   1.3741727732886482E-009  -2.3418575481954005E-009   8.1193379249931075E-010   2.0033697488604933        3.4076900717925190E-010  -3.7218825806599530E-008  -1.4228111689166413E-008  -1.9736911812331829E-008   2.4257381109061036E-009   2.8027058152549663E-008  -1.7493531139050709E-008  -1.3798949934916557E-008   9.5633349617912026E-009
   1.5232627863199343E-010   4.9330934250117061E-010  -9.0575480845968587E-002   4.7747458065072775E-008  -4.4167598819930899E-009   2.7775732311879219E-008   4.2840018990374822E-008  -2.0265072833551111E-008  -2.7693423471972215E-008   2.4681829460511512E-008  -4.6932270529926799E-010  -1.4152371177124355E-009  -2.4564918284490284E-002   3.3003522906575494E-008   1.6280736694713635E-010  -1.8713842239909546E-010   2.1423369860648375E-010  -1.1707281404694971E-010   2.3033935317147292E-010  -1.0135600890486851E-010  -6.0748496282261795E-011  -1.3052724834402158E-010   2.6863978183279997E-010  -6.2387865393325899E-011  -1.5736114634030926E-009   6.4611734745959911E-009   1.3010980568173219E-008  -4.8812048734580952E-009  -7.8869075450945006E-009   6.4548252813935013E-009   9.3471488370532655E-011   3.4076900717925190E-010   2.0033697487627298       -2.1415775984232173E-008   9.4305864191183731E-009   3.9666884217191755E-009  -1.7249508582704286E-008   8.1134993140362574E-009   1.8355933455792344E-008  -1.7544083167279714E-008   3.9087080055053949E-009
  -9.4575084283326167E-009  -9.3447056767541063E-009   1.2194426723279177E-008 -0.24632084490052883       -5.3303098913730562E-009  -1.2503015316158548E-008  -2.5575071436828321E-009   3.0213617764080233E-009  -1.1660498267971838E-008   2.3088542423776672E-009  -6.7942845405567166E-008   1.2652357305257429E-007   7.0161733654162606E-008 -0.41702035811937715       -1.6585449590559587E-008  -1.3582945757822778E-008   1.0275205237222722E-010   7.9107350632383586E-009   1.1274661062218654E-008   1.4340981032221921E-008   1.3095055439919389E-008  -2.7888756410093833E-009  -3.9859148256534171E-009   2.0021174096705128E-009  -4.3930626466396141E-010  -5.6545843187477374E-009  -1.1378492299926673E-009   1.1254952560255493E-010  -3.7374669186911027E-009   3.2677880781632441E-010   2.1321835403649763E-008  -3.7218825806599530E-008  -2.1415775984232173E-008   2.3221910802844543       -1.1403869536363549E-009  -2.9909834603205784E-009  -5.4695868313081788E-010   8.3580307879717115E-010  -2.2096521974445512E-009   3.0463847339399862E-010 -0.57678473586703383     
  -3.5549763246529710E-010  -9.1584440764925259E-010  -6.3527934614513442E-011   6.4500993207484621E-010   1.1567819018234253E-016   9.5237842761629875E-017   2.5765483599158975E-016   1.5404275179805931E-017   2.1492739890906783E-016  -1.3108268908388817E-016  -1.0630778678760879E-009  -1.1248006414238748E-009   1.8673264092705862E-010   1.1727316790290080E-009   4.8811573442496040E-017   3.9847382824655064E-017  -2.9097695909948127E-018  -2.1705273638971978E-017  -2.8246836153322415E-017  -4.3782497936888007E-017  -3.8488932353628553E-017   1.2788542560547949E-017   1.1791118957225055E-017  -7.3631910209040860E-018   8.6915893653998576E-017   5.1240414154994022E-017   1.2583412007588769E-016  -5.1714713465633580E-017   1.1315020367445679E-016  -3.5201026134945140E-017  -3.0173090327087070E-008  -1.4228111689166413E-008   9.4305864191183731E-009  -1.1403869536363549E-009   6.2403453949360797E-016  -1.0025009805904396E-016   1.5432891101877980E-016  -3.7995973353529377E-016   1.8947408491509328E-016  -2.4407476647876894E-016   2.7310661870000950E-010
   6.0666664453853134E-009  -3.5253062773795610E-009  -4.4637854563088492E-009   1.9324892102941390E-009  -4.6557315219811014E-016   5.6874587348976103E-015   1.4158657726830377E-015   5.1115147889864463E-016  -3.4282038923759059E-015  -4.5578540685953665E-017   5.4569518759684900E-009  -3.4393491025684899E-009  -3.6189998377949839E-009   3.5205912047054298E-009   1.3702201272409427E-016   1.0626269131788958E-016   1.0067084237898675E-017  -5.1560089931907661E-017  -9.7881251335809981E-017  -1.3227391334089224E-016  -1.1808413605554343E-016   2.0482289385017809E-017   5.2164117003641882E-017  -2.2770375327648510E-017  -4.3924145752233014E-016   1.7600187816006924E-015   3.2399477964472189E-016  -1.1869618443244491E-017  -7.2735531349961546E-016   4.5111125884594404E-016   1.5794632956602941E-008  -1.9736911812331829E-008   3.9666884217191755E-009  -2.9909834603205784E-009  -1.0025009805904396E-016   6.8316022402701107E-016  -9.1491642023916437E-017  -1.2301331775811597E-016   4.7740869558429368E-017   2.2326344707445305E-016   7.0234238952755101E-010
  -1.6460993084695436E-009  -1.5940669949616796E-009  -6.4272877921397346E-009   3.8170936677192756E-010  -5.9009048118472492E-017   1.9871409979597158E-015   4.1193705838464128E-015  -1.8202795975763086E-015  -1.6251348877171702E-015   1.8792885838134614E-015  -1.7708536915858016E-009  -1.2667370484956976E-009  -5.7944433320866324E-009   6.9611307477614284E-010   5.5002747864930486E-017   1.0031537766919911E-017   2.2130289575846438E-017  -2.8629432778203834E-017   7.7795885161942652E-018  -4.5164648285205230E-017  -2.9908137432264672E-017  -4.4232176513092505E-018   3.0094471956261667E-017  -1.3198437923877113E-017  -7.6375239198251378E-017   4.4294876005914076E-016   1.3790528972146014E-015  -6.7289513704890008E-016  -5.5189746001987261E-016   7.4927029356914120E-016  -1.5704021868490234E-008   2.4257381109061036E-009  -1.7249508582704286E-008  -5.4695868313081788E-010   1.5432891101877980E-016  -9.1491642023916437E-017   5.1905529907492141E-016  -2.4997454727160980E-016  -3.1767934459596505E-016   9.5645599487637494E-017   1.2682100595491355E-010
