   1.3954159231693677E-003   1.8262244548191464E-004  -9.1329725878973905E-005  -3.4737654793529222E-005  -8.1970805451736655E-005   9.5922118240550435E-006  -1.0065164003080754E-004   1.9694117256059167E-009  -5.4381956646524004E-010  -2.0684388713621334E-010   1.0081175667216778E-002   1.6875884469004987E-004  -8.4396604690859190E-005  -3.2100777051500274E-005  -7.5748039923754644E-005   8.8640734839988458E-006  -9.3010804763582860E-005   1.3262761415233944E-002   1.7628660638617936E-009  -4.8678596603319816E-010  -1.8515165171591950E-010  -5.8056114638717039E-011   4.8416395847271220E-011   1.8415451119382603E-011   3.1638759279911232E-011  -7.5034513069918914E-012   4.6251690585461307E-011  -2.6568028480351385E-011  -3.3229801481091137E-012  -1.2771644649960909E-011  -1.1249263576984156E-011   2.4799311349031105E-005  -1.2402222308025373E-005  -4.7173159101012874E-006  -1.1131290265056120E-005   1.3026239323173585E-006  -1.3668021079499207E-005   6.4867456895819216E-011  -1.7911668689759833E-011  -6.8129566989481294E-012  -5.6182821781912895E-003   4.9547050388431510E-006  -2.4778568581785677E-006  -9.4246819021131682E-007  -2.2239375177757395E-006   2.6024601945886965E-007  -2.7307675188348859E-006  -3.1556630319824145E-010   8.7139157304414363E-011   3.3143460004150045E-011   8.7374712811290290E-004  -3.3081596882591187E-010   9.1350371819864343E-011   3.4745104500618238E-011   2.1033650827477829E-003
   1.8262244548191464E-004   2.4028936512144131E-005  -1.2016902879754444E-005  -4.5706808313279921E-006  -1.0785483022774435E-005   1.2621156967060661E-006  -1.3243453489442423E-005   1.8806449651010099E-010  -1.0797200359706692E-010  -4.1067850830873864E-011   1.3265481196367700E-003   2.2036025473726692E-005  -1.1020256351977031E-005  -4.1916235208158820E-006  -9.8909525951079602E-006   1.1574442067081483E-006  -1.2145072878273970E-005   1.7388347187768144E-003   1.7481198250684345E-010  -7.5968982501811501E-011  -2.8895314513113157E-011  -5.2773778478854003E-012   5.8604139143475231E-012   2.2290454830418862E-012   2.4727257002073465E-012  -1.0962301230095318E-012   4.6076194499445415E-012  -3.1914469590379829E-012  -3.3940785597517342E-013  -1.5786384449961007E-012  -1.4084527446055906E-012   3.3280182797190476E-006  -1.6643534586858651E-006  -6.3305419865320873E-007  -1.4937969775373608E-006   1.7480944399694405E-007  -1.8342213016461960E-006   4.7498907037186224E-012  -2.4164062020120648E-012  -9.1936608623129509E-013  -1.0724011476805941E-003   1.3599352281251061E-006  -6.8010617740045327E-007  -2.5868266984096955E-007  -6.1041217035578688E-007   7.1430825628708696E-008  -7.4952305755747990E-007  -3.4670945327207283E-011   1.5602509821473742E-011   5.9339473103950800E-012   2.8005491394683657E-004  -3.7408824149271924E-011   1.6578154393510490E-011   6.3048527597942952E-012   2.0228321303979979E-004
  -9.1329725878973905E-005  -1.2016902879754444E-005   6.0096689983957887E-006   2.2858035192970459E-006   5.3938343018392442E-006  -6.3118572653707467E-007   6.6230685779515712E-006  -1.2935958268754444E-010  -7.2517816193674975E-011   1.6984768369677189E-011  -6.6340846625532232E-004  -1.1020245385656416E-005   5.5112447277040623E-006   2.0962364478456202E-006   4.9464784303296600E-006  -5.7883937343140771E-007   6.0737669551543403E-006  -8.6959353716719754E-004  -1.0487435052230194E-010  -2.4535969130130593E-011   1.2694410279884402E-011   4.2751942071274204E-012  -8.2559985778096687E-013  -1.2375109768030869E-012  -3.2187382339531209E-012   1.4325484828967796E-013  -2.5170365763432266E-012   5.3828868843767220E-013   3.5076731998813776E-013   1.0340976788063967E-013   6.6093970622939303E-013  -1.6643463558279095E-006   8.3234537221571643E-007   3.1659124440229075E-007   7.4704984977451919E-007  -8.7422434802582670E-008   9.1729650578559110E-007  -3.0710227476590001E-012  -1.2859449626481002E-012   3.8969874075181806E-013   5.3630933371691099E-004  -6.8010562307026416E-007   3.4012210726580071E-007   1.2936758656678752E-007   3.0526803105313309E-007  -3.5722661760628178E-008   3.7483759191118991E-007   2.1138367445890276E-011   5.8066009032272981E-012  -2.5853825607801504E-012  -1.4005588205598211E-004   2.2646303247417811E-011   5.8143020982662076E-012  -2.7569677809413787E-012  -1.0116213966382498E-004
  -3.4737654793529222E-005  -4.5706808313279921E-006   2.2858035192970459E-006   8.6941522573474428E-007   2.0515681367710363E-006  -2.4007421297809042E-007   2.5191126945707895E-006  -4.9202594031985207E-011   1.6984711029054539E-011  -1.1071248219688214E-010  -2.5233027090642375E-004  -4.1915977971121372E-006   2.0962256693537106E-006   7.9731256152003906E-007   1.8814143756743245E-006  -2.2016404877109507E-007   2.3101834213722339E-006  -3.3075364981763772E-004  -3.9889505526318883E-011   1.2694354303495964E-011  -5.3082609276857700E-011   1.6260935200455127E-012  -1.2375075565262947E-012   1.9572636053836514E-012  -5.7252899524247001E-013  -7.9167599734394863E-013  -1.6091043527618585E-012   5.7735639002370453E-013  -3.7314913938070951E-013   4.6290266369176016E-013  -1.1807292070666764E-012  -6.3304133553473130E-007   3.1658616261480812E-007   1.2041684921723205E-007   2.8414364171033652E-007  -3.3251501221065529E-008   3.4889769372253610E-007  -1.1684347536346530E-012   3.8959294388437418E-013  -2.1618138132624519E-012   2.0398768389385093E-004  -2.5868135257413467E-007   1.2936703324213825E-007   4.9205566219688786E-008   1.1611012244540578E-007  -1.3587281369757701E-008   1.4257123008843376E-007   8.0393147734320807E-012  -2.5855864044128042E-012   1.1621494662009061E-011  -5.3270914468297408E-005   8.6126091124422281E-012  -2.7572404952147116E-012   1.2015376263870689E-011  -3.8477497379267890E-005
  -8.1970805451736655E-005  -1.0785483022774435E-005   5.3938343018392442E-006   2.0515681367710363E-006   4.8411066372315250E-006  -5.6650561345987497E-007   5.9443763855755534E-006  -7.7495591904853840E-011   7.7440205009214690E-011   8.1392057210133513E-012  -5.9542636081560171E-004  -9.8909569903224145E-006   4.9464855506584913E-006   1.8814267578990260E-006   4.4395931030381833E-006  -5.1952339957573817E-007   5.4513638871294842E-006  -7.8048282711823012E-004  -7.5046818863760608E-011   4.8420447132616199E-011   7.8821016310845502E-012   2.0482020755169585E-012  -3.1297415106321224E-012  -7.4873223399327226E-013  -6.6031900492758881E-013   4.9205471483463277E-013  -2.0876323414738163E-012   1.6747825383793878E-012   6.9352409509436923E-014   8.8278492117420487E-013   5.0637983037305407E-013  -1.4937941609616386E-006   7.4705162934711991E-007   2.8414887961494960E-007   6.7049667855063684E-007  -7.8463909983555436E-008   8.2329748217064452E-007  -1.9956180654135066E-012   1.6554356760989674E-012   2.1046478406486241E-013   4.8135157775188023E-004  -6.1041248418349485E-007   3.0526843681218424E-007   1.1611077340099723E-007   2.7398599696285116E-007  -3.2062017967902578E-008   3.3642648712555868E-007   1.4818179546100937E-011  -1.0121384967158204E-011  -1.5545019437402497E-012  -1.2570379634214933E-004   1.6020011356003601E-011  -1.0673168673499320E-011  -1.6801267747758647E-012  -9.0795652627244442E-005
   9.5922118240550435E-006   1.2621156967060661E-006  -6.3118572653707467E-007  -2.4007421297809042E-007  -5.6650561345987497E-007   6.6292406701694560E-008  -6.9561008325001099E-007   1.6984837091400126E-011   7.6164950932576004E-012   3.0571406572319585E-011   6.9676708399543752E-005   1.1574383409762066E-006  -5.7883701597518521E-007  -2.2016428414984363E-007  -5.1952053586094230E-007   6.0794552265435574E-008  -6.3791780509715581E-007   9.1331988359291406E-005   1.2694465389428727E-011   2.5769807565970415E-012   1.4657880821898840E-011  -6.0647669677994781E-013   1.3640825464884912E-013  -5.2156340153890116E-013   3.5076888539944117E-013   2.5511489209707666E-013   4.6290497569877821E-013  -5.6536768660475200E-014   8.4137085744918901E-014  -6.0556216665242636E-014   3.2603832493283180E-013   1.7480359849631293E-007  -8.7419884536373768E-008  -3.3251064948162717E-008  -7.8461434147665096E-008   9.1818365445709034E-009  -9.6342164320521267E-008   3.8987267966246397E-013   1.3480766164333979E-013   5.9711997542514132E-013  -5.6327784973885729E-005   7.1430576368271936E-008  -3.5722566221290331E-008  -1.3587303145846376E-008  -3.2061889602555172E-008   3.7519029874629057E-009  -3.9368686754589948E-008  -2.5850069908270307E-012  -6.1040427097005951E-013  -3.2087222920436980E-012   1.4709884373282142E-005  -2.7564630500876814E-012  -6.1139213117903019E-013  -3.3173680717217157E-012   1.0624928107858291E-005
  -1.0065164003080754E-004  -1.3243453489442423E-005   6.6230685779515712E-006   2.5191126945707895E-006   5.9443763855755534E-006  -6.9561008325001099E-007   7.2990771039069518E-006  -1.1056982566925138E-010   3.0531949377406535E-011   3.2928550693625853E-011  -7.3112175882521072E-004  -1.2145068483486985E-005   6.0737708013599031E-006   2.3101967629325894E-006   5.4513594921069024E-006  -6.3792080713675458E-007   6.6937089911900709E-006  -9.5835189166439724E-004  -9.9765969691577561E-011   2.7548702288859472E-011   2.1013210571961252E-011   3.2292035162549872E-012  -2.7306924225894209E-012  -1.4803180109433608E-012  -1.8124222696228292E-012   6.0417697148027927E-013  -2.5200087564574177E-012   1.5166753361332431E-012   2.7005641049176659E-013   6.9585889804992473E-013   9.0207574499674313E-013  -1.8342241187615188E-006   9.1730182934080048E-007   3.4890531903904095E-007   8.2330029898856881E-007  -9.6345534013604499E-008   1.0109238194778164E-006  -2.7542890239789831E-012   7.6086872239697625E-013   7.0907397040016201E-013   5.9104956990009214E-004  -7.4952274387821996E-007   3.7483774055656682E-007   1.4257189642791422E-007   3.3642617336448224E-007  -3.9368807657476478E-008   4.1309657039698328E-007   1.9852940023886238E-011  -5.4813815767179575E-012  -4.3790749522948481E-012  -1.5435111759031512E-004   2.1389003785228125E-011  -5.9053189953640351E-012  -4.6242353971776475E-012  -1.1148756039837150E-004
   1.9694117256059167E-009   1.8806449651010099E-010  -1.2935958268754444E-010  -4.9202594031985207E-011  -7.7495591904853840E-011   1.6984837091400126E-011  -1.1056982566925138E-010  0.64040581958576415      -0.12764363628843708       -4.8549921375213342E-002   1.8316836690485385E-008  -2.4817781536305293E-010   7.4606489453491790E-011   2.8376561812463595E-011   1.2109853048815083E-010  -3.0702063363959348E-012   1.2707789107705505E-010   2.4091018593114658E-008  0.56736518399302760      -0.13236785695986358       -5.0347014082378648E-002  -1.8998766566313066E-002   1.4563701359907508E-002   5.5393941955815566E-003   1.0707593925268308E-002  -2.0920867216068020E-003   1.4781926193257874E-002  -8.0130979493875567E-003  -1.0546719166960729E-003  -3.8130023247878613E-003  -3.3427146252622995E-003  -2.4728250786605446E-010   1.0420179311074283E-010   3.9633551376664167E-011   1.1480905077456319E-010  -9.0710200613173380E-012   1.3247471014109450E-010   1.6621258312589031E-002  -3.9139836331456151E-003  -1.4887036804171598E-003  -1.3388566681160248E-008  -1.5920884447079077E-011   5.2747439527039372E-012   2.0062340335887842E-012   7.6728761639880560E-012  -2.9530534847666998E-013   8.2480436028378391E-012 -0.11072229854751738        2.4662307162816394E-002   9.3804651020292576E-003   3.2436472311823839E-009 -0.11861570250928485        2.6445153921873694E-002   1.0058584129688460E-002   2.3114929952041213E-009
  -5.4381956646524004E-010  -1.0797200359706692E-010  -7.2517816193674975E-011   1.6984711029054539E-011   7.7440205009214690E-011   7.6164950932576004E-012   3.0531949377406535E-011 -0.12764363628843708       0.21339890415152019        1.3406253185812428E-002  -5.0578915259180558E-009  -1.0047551087685211E-011  -1.7236732426644173E-010  -3.0708659512464040E-012   4.5138384027178618E-011   1.8103320962910167E-011  -3.5090436969756589E-011  -6.6523358361306554E-009 -0.13236776511714102       0.12455468516142118        1.3902491475668959E-002   2.9677467929966140E-003  -6.9924881846237250E-003  -1.2560941750854584E-003  -1.6865314754052532E-004   1.1059697127591610E-003  -3.8129969939408701E-003   3.7015849632903476E-003   1.7712627125075146E-005   2.0262908231738763E-003   9.2303510777232590E-004   3.7388462856018265E-011  -8.8443862438219674E-011  -9.0707513956168748E-012  -8.0779391220629835E-013   9.2892471494177418E-012  -3.6580560919875711E-011  -3.9139839296498599E-003   3.5277887138118222E-003   4.1108076741240898E-004   3.6970307390867947E-009   1.3106838521396848E-013  -9.6945739268382334E-012  -2.9534717505429133E-013   2.1466336161359004E-012   1.0181918335312074E-012  -2.2774801182677460E-012   2.4662294902168924E-002  -2.8219405671616515E-002  -2.5902595727840135E-003  -8.9567946881184218E-010   2.6445139892370243E-002  -3.0148650177650810E-002  -2.7775108806807128E-003  -6.3828066164873705E-010
  -2.0684388713621334E-010  -4.1067850830873864E-011   1.6984768369677189E-011  -1.1071248219688214E-010   8.1392057210133513E-012   3.0571406572319585E-011   3.2928550693625853E-011  -4.8549921375213342E-002   1.3406253185812428E-002  0.18325137600792565       -1.9237987843824590E-009  -3.8216331599780571E-012  -3.0709923845302392E-012  -1.6546131524817857E-010  -1.2718753525027057E-011   4.5689362929273053E-011   1.6540711856177234E-011  -2.5302529254916614E-009  -5.0346791487793585E-002   1.3902439656282135E-002   9.3291387863559394E-002   1.1287971859147631E-003  -1.2560911478773139E-003  -4.1678338880509706E-003  -1.0546721815168736E-003   1.7066826090156597E-003  -4.5976816278980631E-004   8.4160661276968412E-004   7.7662809439302618E-004   1.2695738999696883E-004   2.5276555600976759E-003   1.4220842684054674E-011  -9.0707921870318493E-012  -6.8045768438978987E-011  -1.2058265536249397E-011   1.8789752597699252E-011  -2.1626896736772459E-012  -1.4887047352939709E-003   4.1108102755185348E-004   2.6033638738863535E-003   1.4061864138310113E-009   4.9811218467422767E-014  -2.9535759088385037E-013  -9.0303769235442401E-012  -8.0587947012992012E-013   2.4935841640599002E-012   7.5603353113457042E-013   9.3804354914916333E-003  -2.5902526840625804E-003  -2.2394538571528868E-002  -3.4067663921590710E-010   1.0058550183460080E-002  -2.7775029805148501E-003  -2.3902701622383019E-002  -2.4277391331621518E-010
   1.0081175667216778E-002   1.3265481196367700E-003  -6.6340846625532232E-004  -2.5233027090642375E-004  -5.9542636081560171E-004   6.9676708399543752E-005  -7.3112175882521072E-004   1.8316836690485385E-008  -5.0578915259180558E-009  -1.9237987843824590E-009   7.3239859252002965E-002   1.2168848403236196E-003  -6.0856631824865155E-004  -2.3147201042751888E-004  -5.4620331987681057E-004   6.3916984979669160E-005  -6.7068152042776470E-004   9.6000559186434589E-002   1.6391401189208443E-008  -4.5262157818661277E-009  -1.7215758678260847E-009  -5.3906618568446853E-010   4.4955912213257849E-010   1.7099258752190728E-010   2.9377409080376166E-010  -6.9671648739041777E-011   4.2945907867901574E-010  -2.4669121197854480E-010  -3.0854777982889065E-011  -1.1858812699265082E-010  -1.0445255692081951E-010   1.8362490828631290E-004  -9.1831452282881037E-005  -3.4929051048368363E-005  -8.2420921448369836E-005   9.6451900031949656E-006  -1.0120398680830730E-004   4.7659579706250607E-010  -1.3160456132746982E-010  -5.0057181534010479E-011  -5.8453527406407038E-002   7.3520578672488617E-005  -3.6767780183982674E-005  -1.3984856786754039E-005  -3.2999994928190826E-005   3.8616805134980636E-006  -4.0520583732524535E-005  -3.2093076598544835E-009   8.8619635906733403E-010   3.3706913044007359E-010   1.5187393540971952E-002  -3.4426013944571199E-009   9.5061625561600609E-010   3.6157125461165559E-010   7.5709120972695812E-003
   1.6875884469004987E-004   2.2036025473726692E-005  -1.1020245385656416E-005  -4.1915977971121372E-006  -9.8909569903224145E-006   1.1574383409762066E-006  -1.2145068483486985E-005  -2.4817781536305293E-010  -1.0047551087685211E-011  -3.8216331599780571E-012   1.2168848403236196E-003   2.0467675503021882E-005  -1.0235921690338668E-005  -3.8932968999173048E-006  -9.1869928761987617E-006   1.0750665025175722E-006  -1.1280682626489470E-005   1.6036222417463762E-003  -2.1279193144965306E-010   2.0010647249233576E-011   7.6112980309306804E-012   7.6076927986807821E-012  -4.3018532977197088E-012  -1.6362400737339443E-012  -4.7104423530905722E-012   4.0354426347723271E-013  -5.4963487512075991E-012   2.3947515007711930E-012   3.8317277318972660E-013   1.0889570941846622E-012   9.3398125158692979E-013   2.9549899119345704E-006  -1.4778008549753948E-006  -5.6209722503362591E-007  -1.3263614710561363E-006   1.5521568049695082E-007  -1.6286284403085108E-006  -2.2593941854097749E-012   1.1134382379341474E-012   4.2435552055954459E-013  -4.6818194723798322E-004   1.5509667309768112E-007  -7.7564039269529220E-008  -2.9501914943913559E-008  -6.9615549045202189E-008   8.1463386055387395E-009  -8.5481123740051196E-008   5.0413058882166589E-011  -1.1719233603362232E-012  -4.4396117036283430E-013   9.3933048177252427E-006   5.6218048584139573E-011  -1.0529240163045031E-012  -3.9810871437699385E-013  -2.2166561685162849E-006
  -8.4396604690859190E-005  -1.1020256351977031E-005   5.5112447277040623E-006   2.0962256693537106E-006   4.9464855506584913E-006  -5.7883701597518521E-007   6.0737708013599031E-006   7.4606489453491790E-011  -1.7236732426644173E-010  -3.0709923845302392E-012  -6.0856631824865155E-004  -1.0235921690338668E-005   5.1190030267619047E-006   1.9470448502522134E-006   4.5944318218541740E-006  -5.3764271033376145E-007   5.6414898683176342E-006  -8.0197439514830210E-004   8.2004118720633236E-011  -9.7483156666214414E-011  -6.2632249396976336E-012  -1.5146576605032282E-012   5.0981136359498062E-012   6.4644531948773006E-013  -4.1878765504254464E-013  -7.6867058056771941E-013   2.4509142271882180E-012  -2.6782130935864066E-012   6.1771043611615718E-014  -1.5049137563762812E-012  -5.2787332528533364E-013  -1.4777958181361673E-006   7.3905088971731195E-007   2.8110584242125533E-007   6.6331577896332572E-007  -7.7623643526221769E-008   8.1448003888782203E-007   1.4375943354747495E-012   5.4838134178801432E-013  -1.8098856380156945E-013   2.3413862903859308E-004  -7.7564100513348828E-008   3.8789903213026309E-008   1.4753956034904587E-008   3.4814850219430552E-008  -4.0739972933760284E-009   4.2749250137672568E-008  -1.7180937938307410E-011   2.9367099002671286E-011   1.0307680545237043E-012  -4.6976025921836298E-006  -1.8999661384257959E-011   3.3194994216157672E-011   1.1171523950977183E-012   1.1085579565660851E-006
  -3.2100777051500274E-005  -4.1916235208158820E-006   2.0962364478456202E-006   7.9731256152003906E-007   1.8814267578990260E-006  -2.2016428414984363E-007   2.3101967629325894E-006   2.8376561812463595E-011  -3.0708659512464040E-012  -1.6546131524817857E-010  -2.3147201042751888E-004  -3.8932968999173048E-006   1.9470448502522134E-006   7.4057069884027771E-007   1.7475209082333936E-006  -2.0449577094572985E-007   2.1457759916204454E-006  -3.0503598307611384E-004   3.1190365511750914E-011  -6.2630573143781659E-012  -8.3398743461559411E-011  -5.7609605846530346E-013   6.4643273050228927E-013   3.6444116732831248E-012   7.5297350345566653E-013  -1.4767849516082993E-012   1.9940494897975730E-014  -4.9709776985617251E-013  -6.8556993563606465E-013   2.0493896545152188E-014  -2.2053904257384707E-012  -5.6208890208576035E-007   2.8110263819164304E-007   1.0692036910470300E-007   2.5229631411726613E-007  -2.9524639351451819E-008   3.0979258786008523E-007   5.4716561111583731E-013  -1.8068606555602280E-013   9.5480246423308368E-013   8.9056134141369923E-005  -2.9502076646545178E-008   1.4754025253093364E-008   5.6117757945476710E-009   1.3242084583244184E-008  -1.5495748628358132E-009   1.6259992003871998E-008  -6.5339711337475720E-012   1.0313670009663575E-012   2.7047921055438396E-011  -1.7867818550271045E-006  -7.2254546943098411E-012   1.1179542778116446E-012   3.0681155086109106E-011   4.2163118373119150E-007
  -7.5748039923754644E-005  -9.8909525951079602E-006   4.9464784303296600E-006   1.8814143756743245E-006   4.4395931030381833E-006  -5.1952053586094230E-007   5.4513594921069024E-006   1.2109853048815083E-010   4.5138384027178618E-011  -1.2718753525027057E-011  -5.4620331987681057E-004  -9.1869928761987617E-006   4.5944318218541740E-006   1.7475209082333936E-006   4.1236161915341125E-006  -4.8254762973014147E-007   5.0633766845148878E-006  -7.1979185285486139E-004   1.0029723690730285E-010   1.1052939280310200E-011  -1.0534161751439588E-011  -3.8635498929103311E-012   1.2321202751605142E-012   1.0868921852034973E-012   2.7436405548219812E-012  -1.8113189660049230E-013   2.4398556314985017E-012  -7.3578905738357378E-013  -2.8816151567915561E-013  -2.4495570296384109E-013  -5.9533870444286121E-013  -1.3263582777597226E-006   6.6331644279415278E-007   2.5229944248479628E-007   5.9534230872726820E-007  -6.9669138914429702E-008   7.3101596877664194E-007   9.5353610625590615E-013  -7.5242190595023349E-013  -1.0127200054089675E-013   2.1014513865120235E-004  -6.9615548018340441E-008   3.4814822216356038E-008   1.3242011807041194E-008   3.1247121556818896E-008  -3.6565054234425223E-009   3.8368426321287300E-008  -2.4202685716450762E-011  -6.0647425237115270E-012   2.5396062326239151E-012  -4.2161804760737032E-006  -2.7021019830605510E-011  -7.0081623705202669E-012   2.8348326613819901E-012   9.9498530478433372E-007
   8.8640734839988458E-006   1.1574442067081483E-006  -5.7883937343140771E-007  -2.2016404877109507E-007  -5.1952339957573817E-007   6.0794552265435574E-008  -6.3792080713675458E-007  -3.0702063363959348E-012   1.8103320962910167E-011   4.5689362929273053E-011   6.3916984979669160E-005   1.0750665025175722E-006  -5.3764271033376145E-007  -2.0449577094572985E-007  -4.8254762973014147E-007   5.6467965043956502E-008  -5.9251887276990573E-007   8.4230402145262333E-005  -6.2624607304807266E-012   1.0238361721284646E-011   2.3029125255013307E-011  -6.1337037072869080E-014  -4.6587007691957475E-013  -9.7988041144992077E-013   6.1782793416724279E-014   4.5888793844816749E-013   2.0509469131862524E-014   2.8127945871015114E-013   1.6285006950805653E-013   8.8494087091175445E-014   6.0897846300126692E-013   1.5521110233736427E-007  -7.7621618540731086E-008  -2.9524205671905612E-008  -6.9667251718523737E-008   8.1527171286520999E-009  -8.5543850588905255E-008  -1.8087438552036406E-013  -5.7284805551437321E-014  -2.6385918839373814E-013  -2.4591262560195234E-005   8.1463902172569274E-009  -4.0740198876459140E-009  -1.5495761867838504E-009  -3.6565286435060436E-009   4.2788315045746329E-010  -4.4898615573405800E-009   1.0308059098250185E-012  -3.0836823268074011E-012  -7.4692574985286111E-012   4.9336686595383341E-007   1.1172371992712070E-012  -3.4854972151494672E-012  -8.4726558644534569E-012  -1.1644320890161183E-007
  -9.3010804763582860E-005  -1.2145072878273970E-005   6.0737669551543403E-006   2.3101834213722339E-006   5.4513638871294842E-006  -6.3791780509715581E-007   6.6937089911900709E-006   1.2707789107705505E-010  -3.5090436969756589E-011   1.6540711856177234E-011  -6.7068152042776470E-004  -1.1280682626489470E-005   5.6414898683176342E-006   2.1457759916204454E-006   5.0633766845148878E-006  -5.9251887276990573E-007   6.2173059417906900E-006  -8.8383038886594460E-004   1.1249343984534612E-010  -3.1063235468578404E-011   2.9231006896116660E-012  -3.7441025032621398E-012   3.0696987199997572E-012   5.4933067920784620E-013   1.9667793545054632E-012  -2.2240531264058938E-013   3.0564613578191962E-012  -1.6589434526050137E-012  -9.5008135382827285E-014  -8.4399256746989488E-013  -3.3863204716896437E-013  -1.6286316341337126E-006   8.1448441216067028E-007   3.0979778254100496E-007   7.3101916231040414E-007  -8.5546541580360394E-008   8.9761247150919716E-007   1.3058356218515738E-012  -3.6103055285700887E-013  -3.2268595896417891E-013   2.5803680860606167E-004  -8.5481125133374125E-008   4.2749217080195386E-008   1.6259903147150461E-008   3.8368427512636519E-008  -4.4898331849343401E-009   4.7112697448544278E-008  -2.6210100344468233E-011   7.2365458621422968E-012  -2.0948676274513043E-012  -5.1771243544763366E-006  -2.9196729103565777E-011   8.0609445965689695E-012  -2.4356783613470854E-012   1.2216708615158149E-006
   1.3262761415233944E-002   1.7388347187768144E-003  -8.6959353716719754E-004  -3.3075364981763772E-004  -7.8048282711823012E-004   9.1331988359291406E-005  -9.5835189166439724E-004   2.4091018593114658E-008  -6.6523358361306554E-009  -2.5302529254916614E-009   9.6000559186434589E-002   1.6036222417463762E-003  -8.0197439514830210E-004  -3.0503598307611384E-004  -7.1979185285486139E-004   8.4230402145262333E-005  -8.8383038886594460E-004  0.12614947038442809        2.1559013972209136E-008  -5.9531667422104871E-009  -2.2643249337580922E-009  -7.0900606859300795E-010   5.9128200584955914E-010   2.2489771627746142E-010   3.8638597325816086E-010  -9.1635517716638389E-011   5.6484547207928561E-010  -3.2446026876176749E-010  -4.0581695197911511E-011  -1.5597287037964030E-010  -1.3738105040736230E-010   2.3742459511090180E-004  -1.1873686774420956E-004  -4.5162815103096054E-005  -1.0656917137483918E-004   1.2471108855325998E-005  -1.3085542369453335E-004   6.4870193604477573E-010  -1.7912808707055439E-010  -6.8132127093558375E-011  -5.9755584046131474E-002   6.0547134481659263E-005  -3.0279732895556316E-005  -1.1517085245066372E-005  -2.7176808134638268E-005   3.1802435156425431E-006  -3.3370326327490489E-005  -4.1716158821068468E-009   1.1519233998697585E-009   4.3814170147245942E-010   1.1595204245506025E-002  -4.4620835582156189E-009   1.2321314533036405E-009   4.6864955230082603E-010   1.1981341494026337E-002
   1.7628660638617936E-009   1.7481198250684345E-010  -1.0487435052230194E-010  -3.9889505526318883E-011  -7.5046818863760608E-011   1.2694465389428727E-011  -9.9765969691577561E-011  0.56736518399302760      -0.13236776511714102       -5.0346791487793585E-002   1.6391401189208443E-008  -2.1279193144965306E-010   8.2004118720633236E-011   3.1190365511750914E-011   1.0029723690730285E-010  -6.2624607304807266E-012   1.1249343984534612E-010   2.1559013972209136E-008  0.50502211493783633      -0.12741053229097413       -4.8461459093804546E-002  -1.6740884479037217E-002   1.3327120003232057E-002   5.0690528655715590E-003   9.2984856800144341E-003  -1.9837176513043523E-003   1.3161767739117820E-002  -7.3237285789027788E-003  -9.4197814225016531E-004  -3.5013070325184297E-003  -3.0761398765197104E-003  -2.1798445912829665E-010   9.9313074517412700E-011   3.7774116732705110E-011   9.9744946081437891E-011  -9.4972098880519007E-012   1.1824058678547534E-010   1.7745585433287771E-002  -3.6591502950302128E-003  -1.3917767531809457E-003  -1.2013760932014506E-008  -1.4527073881327824E-011   5.6983082712227431E-012   2.1673487776745489E-012   6.8276173616715209E-012  -4.4765659029054942E-013   7.6994658970984105E-012  -9.2008515982360650E-002   2.4397950144942303E-002   9.2799155024165560E-003   2.9166060923586436E-009  -9.6902030383983581E-002   2.6182458503895823E-002   9.9586663422015845E-003   2.0817304055534736E-009
  -4.8678596603319816E-010  -7.5968982501811501E-011  -2.4535969130130593E-011   1.2694354303495964E-011   4.8420447132616199E-011   2.5769807565970415E-012   2.7548702288859472E-011 -0.13236785695986358       0.12455468516142118        1.3902439656282135E-002  -4.5262157818661277E-009   2.0010647249233576E-011  -9.7483156666214414E-011  -6.2630573143781659E-012   1.1052939280310200E-011   1.0238361721284646E-011  -3.1063235468578404E-011  -5.9531667422104871E-009 -0.12741053229097413        7.8795384666512369E-002   1.3381835901417640E-002   3.4944473193040701E-003  -5.1512679097262086E-003  -1.2642914822460632E-003  -1.1869885960709649E-003   8.0936937156227823E-004  -3.5013044537757720E-003   2.7596217650831959E-003   1.2466762583858930E-004   1.4488467943750689E-003   8.4942547056816669E-004   4.4794556500615265E-011  -5.7164201814659465E-011  -9.4969741243445983E-012  -1.2144504531613590E-011   6.0039533091906757E-012  -3.2650121518616295E-011  -3.6591530264846496E-003   5.5046122237298739E-003   3.8431630919836699E-004   3.3174021836535454E-009   1.5248036392118248E-012  -6.3762445916852759E-012  -4.4769096674424755E-013   6.0136168225863703E-013   6.6967870184441555E-013  -2.1260507608795934E-012   2.4397955059633769E-002  -1.0389982593181262E-002  -2.5624962051813841E-003  -8.0537277517003932E-010   2.6182462939543835E-002  -9.3137789748417108E-003  -2.7499220886162993E-003  -5.7483569151128926E-010
  -1.8515165171591950E-010  -2.8895314513113157E-011   1.2694410279884402E-011  -5.3082609276857700E-011   7.8821016310845502E-012   1.4657880821898840E-011   2.1013210571961252E-011  -5.0347014082378648E-002   1.3902491475668959E-002   9.3291387863559394E-002  -1.7215758678260847E-009   7.6112980309306804E-012  -6.2632249396976336E-012  -8.3398743461559411E-011  -1.0534161751439588E-011   2.3029125255013307E-011   2.9231006896116660E-012  -2.2643249337580922E-009  -4.8461459093804546E-002   1.3381835901417640E-002   4.8702930666356697E-002   1.3291370247700178E-003  -1.2642934217944571E-003  -2.3081822898788820E-003  -9.4198197027974776E-004   9.4467832278091334E-004  -8.4124247299617030E-004   7.6920591867518022E-004   4.2866353315555684E-004   2.3229538808229420E-004   1.4009105683367739E-003   1.7037876325080487E-011  -9.4970479254473131E-012  -3.5807666443961154E-011  -1.0476104211694914E-011   9.8877292508786374E-012  -6.5618772542620707E-012  -1.3917836877002663E-003   3.8431793715059239E-004   4.6403753457089116E-003   1.2617951899182127E-009   5.7995312076488096E-013  -4.4770763439019113E-013  -5.3694714766890133E-012  -7.1711269584409426E-013   1.4826898172402382E-012   1.3713979804974262E-013   9.2799274953963631E-003  -2.5624990006599905E-003  -4.6275520328988356E-003  -3.0632867242606696E-010   9.9586771271839517E-003  -2.7499246008480965E-003  -3.1298744034358918E-003  -2.1864217453947741E-010
  -5.8056114638717039E-011  -5.2773778478854003E-012   4.2751942071274204E-012   1.6260935200455127E-012   2.0482020755169585E-012  -6.0647669677994781E-013   3.2292035162549872E-012  -1.8998766566313066E-002   2.9677467929966140E-003   1.1287971859147631E-003  -5.3906618568446853E-010   7.6076927986807821E-012  -1.5146576605032282E-012  -5.7609605846530346E-013  -3.8635498929103311E-012  -6.1337037072869080E-014  -3.7441025032621398E-012  -7.0900606859300795E-010  -1.6740884479037217E-002   3.4944473193040701E-003   1.3291370247700178E-003   5.6786668957179245E-004  -4.1416025035415831E-004  -1.5752842359697381E-004  -3.2588949424614336E-004   5.6531056028310753E-005  -4.3598361777714924E-004   2.2825981531210117E-004   3.0982710841928650E-005   1.0791757221245157E-004   9.4321605327072830E-005   7.3997288238929926E-012  -2.7929658666131483E-012  -1.0623142651777484E-012  -3.4993026553156659E-012   2.0599037694944355E-013  -3.9004648579938097E-012  -5.9939921489584051E-004   6.9812367266297535E-005   2.6553426838341098E-005   3.9512029226224393E-010   5.1541114144503303E-013  -1.1631020680995685E-013  -4.4238047196178954E-014  -2.5906831949086122E-013  -1.3991761175506302E-015  -2.5634482563320565E-013   3.0358836350068133E-003  -7.0021158935076227E-004  -2.6632996081903170E-004  -9.5920626568823857E-011   3.1905969813818165E-003  -7.6922804417633333E-004  -2.9258087281302224E-004  -6.8430200597088062E-011
   4.8416395847271220E-011   5.8604139143475231E-012  -8.2559985778096687E-013  -1.2375075565262947E-012  -3.1297415106321224E-012   1.3640825464884912E-013  -2.7306924225894209E-012   1.4563701359907508E-002  -6.9924881846237250E-003  -1.2560911478773139E-003   4.4955912213257849E-010  -4.3018532977197088E-012   5.0981136359498062E-012   6.4643273050228927E-013   1.2321202751605142E-012  -4.6587007691957475E-013   3.0696987199997572E-012   5.9128200584955914E-010   1.3327120003232057E-002  -5.1512679097262086E-003  -1.2642934217944571E-003  -4.1416025035415831E-004   4.2038526089265997E-004   1.3077041241401933E-004   2.0082434498347980E-004  -6.3197002033118328E-005   3.5482993903795062E-004  -2.2818452971883302E-004  -2.0068137571822293E-005  -1.1424358897342657E-004  -8.2512603936921969E-005  -5.3614341533902253E-012   3.8492670440632748E-012   9.5172079622334532E-013   2.1295310042864397E-012  -3.7671854405088463E-013   3.2319237689615787E-012   4.4608986958764515E-004  -2.4796990392468912E-004  -3.5363709630807072E-005  -3.2951411465361570E-010  -3.0366156652047217E-013   3.3387874819954888E-013   4.7145921413554475E-014   9.3134941015606487E-014  -3.0769080105483192E-014   2.1052238097130388E-013  -2.4541912435134595E-003   8.5775582875333633E-004   2.4118358686948621E-004   7.9993866579343777E-011  -2.5979935563410468E-003   8.6317747993303680E-004   2.5944366627383579E-004   5.7067987235876637E-011
   1.8415451119382603E-011   2.2290454830418862E-012  -1.2375109768030869E-012   1.9572636053836514E-012  -7.4873223399327226E-013  -5.2156340153890116E-013  -1.4803180109433608E-012   5.5393941955815566E-003  -1.2560941750854584E-003  -4.1678338880509706E-003   1.7099258752190728E-010  -1.6362400737339443E-012   6.4644531948773006E-013   3.6444116732831248E-012   1.0868921852034973E-012  -9.7988041144992077E-013   5.4933067920784620E-013   2.2489771627746142E-010   5.0690528655715590E-003  -1.2642914822460632E-003  -2.3081822898788820E-003  -1.5752842359697381E-004   1.3077041241401933E-004   1.2631417973378567E-004   9.6939774048223292E-005  -5.0724338127333381E-005   1.1440678408223412E-004  -7.5039515668100124E-005  -2.3609504246467461E-005  -3.0094337594467176E-005  -7.6551545332092871E-005  -2.0392532682059719E-012   9.5172692181940377E-013   1.7090610625292191E-012   1.0550335759158889E-012  -4.6144485111992144E-013   9.8423080604657658E-013   1.6967304986750085E-004  -3.5363813321941140E-005  -1.6844511826775104E-004  -1.2533268308402930E-010  -1.1549887917232372E-013   4.7147149767697082E-014   2.2785628112503072E-013   7.3614069467958090E-014  -6.1284212749428567E-014   4.1885805708186786E-014  -9.3346688154141125E-004   2.4118349155460026E-004   3.1539252311362442E-004   3.0426143121869342E-011  -9.8816298569875624E-004   2.5944351667141273E-004   2.7975185132334847E-004   2.1706144501266151E-011
   3.1638759279911232E-011   2.4727257002073465E-012  -3.2187382339531209E-012  -5.7252899524247001E-013  -6.6031900492758881E-013   3.5076888539944117E-013  -1.8124222696228292E-012   1.0707593925268308E-002  -1.6865314754052532E-004  -1.0546721815168736E-003   2.9377409080376166E-010  -4.7104423530905722E-012  -4.1878765504254464E-013   7.5297350345566653E-013   2.7436405548219812E-012   6.1782793416724279E-014   1.9667793545054632E-012   3.8638597325816086E-010   9.2984856800144341E-003  -1.1869885960709649E-003  -9.4198197027974776E-004  -3.2588949424614336E-004   2.0082434498347980E-004   9.6939774048223292E-005   2.0014051126407851E-004  -3.0179129080362505E-005   2.3708612610787077E-004  -1.1226460185231020E-004  -2.0758665456146018E-005  -5.0205576258248420E-005  -5.6782045804342300E-005  -4.2563627396423810E-012   1.0289072688046902E-012   7.5294047477395845E-013   2.1599436736294355E-012  -1.0101881280161826E-013   2.0964438354638534E-012   3.4151714560114795E-004   2.2803243602060105E-005  -3.2931704166679908E-005  -2.1532807323380840E-010  -3.1575013010285202E-013  -1.3469170985344109E-014   5.1226114215652552E-014   1.8060130997459872E-013   2.5140105650813567E-015   1.3515191928407280E-013  -1.6759086008039312E-003   2.9378835526377891E-004   1.7178047407180675E-004   5.2273699836525376E-011  -1.7561385968897863E-003   3.4811885890484868E-004   1.8101408799981144E-004   3.7292278504551388E-011
  -7.5034513069918914E-012  -1.0962301230095318E-012   1.4325484828967796E-013  -7.9167599734394863E-013   4.9205471483463277E-013   2.5511489209707666E-013   6.0417697148027927E-013  -2.0920867216068020E-003   1.1059697127591610E-003   1.7066826090156597E-003  -6.9671648739041777E-011   4.0354426347723271E-013  -7.6867058056771941E-013  -1.4767849516082993E-012  -1.8113189660049230E-013   4.5888793844816749E-013  -2.2240531264058938E-013  -9.1635517716638389E-011  -1.9837176513043523E-003   8.0936937156227823E-004   9.4467832278091334E-004   5.6531056028310753E-005  -6.3197002033118328E-005  -5.0724338127333381E-005  -3.0179129080362505E-005   2.2503929628389839E-005  -4.5665241391022213E-005   3.5550135091022268E-005   8.7376196092084619E-006   1.5501490829395827E-005   3.1295052252833155E-005   7.2659906604363379E-013  -5.8805884118372310E-013  -6.9313535627690685E-013  -3.2613727148259595E-013   2.1165364647581159E-013  -4.0046479423354309E-013  -6.2205123369452232E-005   3.9366075707645010E-005   6.8989935647274515E-005   5.1067336909437725E-011   3.0806368656521443E-014  -5.0420513281871869E-014  -9.2337843972449403E-014  -1.3827491257177637E-014   2.8653887258799739E-014  -1.6978498468755324E-014   3.7034625319897006E-004  -1.3428395310470265E-004  -1.2902197982396548E-004  -1.2397264377493462E-011   3.9453612511229343E-004  -1.3486692531473345E-004  -1.1440213688077505E-004  -8.8442647305106926E-012
   4.6251690585461307E-011   4.6076194499445415E-012  -2.5170365763432266E-012  -1.6091043527618585E-012  -2.0876323414738163E-012   4.6290497569877821E-013  -2.5200087564574177E-012   1.4781926193257874E-002  -3.8129969939408701E-003  -4.5976816278980631E-004   4.2945907867901574E-010  -5.4963487512075991E-012   2.4509142271882180E-012   1.9940494897975730E-014   2.4398556314985017E-012   2.0509469131862524E-014   3.0564613578191962E-012   5.6484547207928561E-010   1.3161767739117820E-002  -3.5013044537757720E-003  -8.4124247299617030E-004  -4.3598361777714924E-004   3.5482993903795062E-004   1.1440678408223412E-004   2.3708612610787077E-004  -4.5665241391022213E-005   3.4784727774702707E-004  -1.9397807628894446E-004  -2.0809003085666840E-005  -9.4581040201836361E-005  -6.9763666950437399E-005  -5.6714153057656373E-012   2.7182496762680908E-012   6.7230368026401240E-013   2.5348635138017819E-012  -1.7534628096887444E-013   3.1365789298121088E-012   4.6266128848805057E-004  -1.1646636292773308E-004  -2.6934563010311491E-006  -3.1478132923310090E-010  -3.7574667669808647E-013   1.6951578715951093E-013   8.1254918092021034E-015   1.6697540264755733E-013  -6.3682919857245274E-016   2.0877086311222454E-013  -2.3971567070058728E-003   6.4564407218947034E-004   1.8553866402920267E-004   7.6417280917171569E-011  -2.5244964466396560E-003   6.8390885928248512E-004   2.1152434431505741E-004   5.4516418845572233E-011
