   2.4370301559585749E-004  -1.0829393663093349E-010   9.8835554240322487E-011   3.9778102785893446E-017  -9.3304890579926123E-018  -3.3460048476897467E-018   1.1372417835340147E-018  -8.5237205257569992E-018   6.2701024163342866E-018  -5.5655161452998310E-018   7.2800258094701271E-003  -1.4869388089507492E-009   1.4426065837080546E-009   4.1141987843930877E-016  -2.5763172986538194E-018   2.8524383689240137E-018  -1.9844515189538987E-019  -5.2485886939877893E-018  -3.4200416276226915E-018  -1.8901879922364665E-018   1.2563540647234367E-002  -2.8750214285626900E-009   2.5563280790721785E-009   6.2315220282525403E-016   2.1331152302070386E-011   2.9891896303297548E-012  -2.7992500924448361E-011  -3.4670834654957601E-011   1.7179435477365701E-011   6.0506355329862943E-012  -1.1036285085087865E-011   4.0168147110861950E-011   1.1817549688357368E-011  -9.0752048076368160E-012   3.7981991302069815E-019  -1.0002857078894102E-018   5.4719250402875103E-019  -3.8148273579939410E-018  -4.5585412779347267E-019   1.4960917670214107E-019   5.9276332134199378E-003  -1.3596770500197583E-009   1.2334392460878993E-009  -6.3985083091365592E-016  -2.8059880623934590E-003   5.4463824475664784E-010  -4.9241046729798577E-010   1.0700918053449661E-018   4.0430119276470537E-019  -3.3342797968316072E-019   3.8155663626505857E-019   6.8534204603972554E-020   3.3235297387790914E-019  -5.4719860546906260E-003   1.0559332980298141E-009  -9.5770645632538821E-010   1.0666315257141105E-016   8.0639701836382849E-017
  -1.0829393663093349E-010   2.4370287216598618E-004   7.2196329808732353E-011  -9.1939985089325868E-018  -3.3659138775779858E-018  -1.4195304144506608E-017  -6.2109321721121882E-018  -3.3611289187247212E-018  -1.0955167030610341E-018   1.6418057886139110E-017  -1.4869384462052260E-009   7.2800237703637199E-003   9.7737561029850020E-010   4.0875639243122663E-016   1.6382277320846084E-017   9.2013160403603661E-018   6.6213767355383433E-018   2.6509007303581867E-017   1.0208045186630054E-019   1.5886928824391114E-017  -2.8750208140947111E-009   1.2563536894512509E-002   1.9276924513930031E-009   6.7665972139511558E-016   3.0019386844285025E-011  -3.1334455245691586E-011  -1.8907104457244654E-012  -5.2216734996353133E-011   3.5715399989056899E-011   1.1941504697684225E-011   3.1197437899851925E-011   4.5693422360408374E-011  -1.0522320104256702E-011  -3.2648605690052350E-011   1.7920424414097192E-017  -1.1753680760312608E-018  -5.9974732474457788E-018   1.2055594113837651E-017  -3.6153947079681229E-019   1.1330361050541942E-017  -1.3596767502741574E-009   5.9276314186973078E-003   9.0767446482456778E-010   2.4574018240562161E-016   5.4463818779866445E-010  -2.8059873448469451E-003  -3.6385191584656791E-010  -2.7503698227155617E-018   4.6455052047950781E-019   8.9217920352706458E-019  -5.4825991822238228E-019   1.4609289022887749E-018  -1.1516636153903613E-018   1.0559331911293921E-009  -5.4719846610551378E-003  -7.0493511581524554E-010  -9.1033210255510061E-017  -6.4267267510074056E-016
   9.8835554240322487E-011   7.2196329808732353E-011   2.4370305922272292E-004  -2.4090178401108268E-017   9.6179898915746318E-018  -1.0828251894727236E-018  -4.0039353842920040E-019   1.8369043477644416E-017   3.6881102323794170E-018   3.8634463525112404E-017   1.4426063109542341E-009   9.7737481255388109E-010   7.2800264309944599E-003   5.7297722927396634E-016   3.4468065542770476E-017   7.7414829013836329E-019   1.1727077815122637E-019   3.3326656342011881E-017  -6.0691478878377851E-018   2.5926906233318106E-017   2.5563276032757726E-009   1.9276910529329201E-009   1.2563541787673880E-002   1.0447065741527295E-015  -7.1778413560846630E-012  -1.7386432255772458E-012   5.4312263115355324E-012   4.0143403795528200E-011  -7.7867196740696904E-012  -3.0513315881318305E-011   9.0881397909617949E-012  -1.4476597627391450E-011  -1.0454314900522117E-011   6.7402951758198571E-012   8.1845602323044079E-018   4.9062313517199158E-018  -2.9996402846437047E-018   4.4549782806361703E-019  -3.0498118527968950E-018   6.7901746370093362E-018   1.2334389085155178E-009   9.0767387792471442E-010   5.9276337592047024E-003  -1.2146647096172211E-015  -4.9241106580656277E-010  -3.6385134606270378E-010  -2.8059882805802003E-003  -4.4303106444494078E-018  -5.2860279649322828E-019   4.0553754699504564E-019  -3.7971678615685748E-018  -5.4276365153575961E-019  -3.5580541513898654E-018  -9.5770765751728968E-010  -7.0493399285141126E-010  -5.4719864785040791E-003   2.0651864645758912E-016   7.1386909818204999E-016
   3.9778102785893446E-017  -9.1939985089325868E-018  -2.4090178401108268E-017   1.3398939634901106E-004   2.2662104313495926E-011  -1.0906928227003978E-010   5.9667450486657652E-011  -7.4289107760183575E-011   7.9203581487264712E-011   5.1629489615505213E-011   7.4196971981641753E-016  -6.3705308285397954E-016  -1.1736766892242119E-015   7.8954957329895759E-003  -4.2492470240488622E-013   4.3229652979591854E-011   3.0031301140659672E-011   1.0338411604897125E-013  -4.0129625830283675E-011   3.2309805443386256E-013   1.4284550614715641E-015  -1.0119611388258397E-015  -1.9411305802523128E-015   1.1764290806465861E-002  -2.0721257704964950E-018  -3.7876490685509416E-018  -4.2466867276208210E-018  -3.7740244389418951E-019   1.8342560022393395E-018  -7.8503303715714538E-022  -6.2705623987469158E-018  -1.7715947283548953E-018   1.9906015689618797E-020  -2.9059161514643830E-018  -1.0660304511307136E-011   1.1902236492994316E-010   2.3150949716114617E-011   3.2824034056844199E-011  -1.0079746390858865E-010  -2.2163225510459717E-011  -1.1606562351519514E-016  -8.7171538592469855E-016  -1.3069359198556929E-015  -7.4155770944058768E-003  -4.5776727513163592E-015  -1.8540298434123231E-015  -1.6515635511440764E-015  -3.5454941649490726E-012   3.8176910744342705E-011   6.6343594710875635E-012   1.0960983290350819E-011  -3.2202364533785243E-011  -7.4154729902338043E-012  -9.1279837856492836E-015  -3.7137035833460345E-015  -3.3170205193445953E-015   8.3246343573709363E-004   1.9911730391281262E-003
  -9.3304890579926123E-018  -3.3659138775779858E-018   9.6179898915746318E-018   2.2662104313495926E-011   3.8828537012360518E-018  -1.8683186548399794E-017   1.0226580703194133E-017  -1.2728613258822665E-017   1.3566359366009859E-017   8.8461762727205434E-018  -2.1410939690529359E-016  -5.8688798057259484E-017   3.0628853921820513E-016   1.3538169680847608E-009  -7.0503888863750302E-020   7.3802544855589649E-018   5.1398395327945288E-018   1.0629487188234117E-020  -6.8531001650118312E-018   6.0123757732914450E-020  -4.0099995346286234E-016  -1.2168861603750879E-016   5.1932892675429353E-016   2.0111510707888876E-009  -1.6119231524619005E-024  -6.4813721849357097E-025   5.0372479533791484E-025   3.0067802817809707E-024  -7.9466600027811962E-025  -1.5786336681788037E-024  -7.1662309519562565E-025  -2.5198263367754675E-024  -7.9961928471248842E-025   2.1049668209993463E-025  -1.8332476126449129E-018   2.0468591821107507E-017   3.9815640280483465E-018   5.6447042809325907E-018  -1.7334445474988996E-017  -3.8113823112972273E-018   3.3981249847271545E-017   8.7165537895671500E-017   3.1056327982726146E-016  -1.5010741760177998E-009   1.3052092143040017E-015   8.1470287418721569E-016   2.4099330597422531E-016  -6.1979193762498944E-019   6.6510845171843517E-018   1.1425878638350220E-018   1.9168321715091929E-018  -5.6080601666931368E-018  -1.2970254542474308E-018   2.6026408543013046E-015   1.6259059171593369E-015   4.8680144216306861E-016   2.0408419340933510E-010   2.5928781508366816E-010
  -3.3460048476897467E-018  -1.4195304144506608E-017  -1.0828251894727236E-018  -1.0906928227003978E-010  -1.8683186548399794E-017   8.9898690968080605E-017  -4.9207002264806144E-017   6.1246445597480287E-017  -6.5277943823633520E-017  -4.2565265061580235E-017  -9.5589102573897019E-017  -4.1348668454533676E-016  -2.5018000474175373E-017  -6.5140893996118058E-009   3.3951649018255510E-019  -3.5514812883280821E-017  -2.4732102709596692E-017  -5.1982546469729755E-020   3.2977825259459173E-017  -2.8873541053413780E-019  -1.6709099716376011E-016  -7.1872602071511925E-016  -4.6747470014024444E-017  -9.6775708481694977E-009   2.0559832031307665E-025   4.8908484724175408E-024   3.2972670350180380E-024   3.6338776830031710E-024  -3.7895308487948360E-024  -3.9579451876253318E-025   3.9819185423227310E-024  -1.4899830218362688E-024   1.3417920393461815E-024   4.8734236960511176E-024   8.8202689620670800E-018  -9.8480114424796676E-017  -1.9156399255540880E-017  -2.7158259603421139E-017   8.3400857736734141E-017   1.8337631740023092E-017  -6.3761209123376067E-017  -3.0262039165775816E-016   3.2554318918648028E-018   7.1954870721235483E-009   1.1942871463221282E-016   3.5924761853278923E-016   1.4831203043777867E-016   2.9808113728491261E-018  -3.1990170706948563E-017  -5.4971139277894345E-018  -9.2186796184006757E-018   2.6973715338187228E-017   6.2377980887847552E-018   2.3677207831480291E-016   7.0994579153969171E-016   2.9572784158938460E-016  -9.7535232386613459E-010  -1.2382160357175510E-009
   1.1372417835340147E-018  -6.2109321721121882E-018  -4.0039353842920040E-019   5.9667450486657652E-011   1.0226580703194133E-017  -4.9207002264806144E-017   2.6934857544400618E-017  -3.3524374715989744E-017   3.5730431389779798E-017   2.3298890865709088E-017   3.0919862540020429E-017  -1.8106922146171128E-016   4.9500269346524474E-019   3.5657257330683368E-009  -1.8548508611014782E-019   1.9435584864853143E-017   1.3536704020546145E-017   2.7359971690837646E-020  -1.8047534657143627E-017   1.5878061889338519E-019   5.4848085006778984E-017  -3.1465879470726490E-016  -5.2178558488616782E-018   5.2965602925035937E-009  -1.8474203140453885E-024  -9.2581028993752410E-025  -1.6212502136460092E-024   9.3942421270444939E-025   2.3985202288351996E-026  -4.1048096169549498E-025  -3.9433771640101563E-024  -1.8320194378148318E-024  -1.4222571804275679E-025  -8.2692198530351956E-025  -4.8289755433771577E-018   5.3916539714882992E-017   1.0487894517028199E-017   1.4868769077415737E-017  -4.5660853037152942E-017  -1.0039598543255727E-017   1.5335692018951442E-017  -1.3303060910342110E-016   4.0559723143321726E-017  -3.9742128055910144E-009  -6.9673822521228304E-017   1.5432028912392202E-016   2.3550351154289423E-016  -1.6334981311959286E-018   1.7527336279193025E-017   3.0098516997870783E-018   5.0519875719853438E-018  -1.4778506530812078E-017  -3.4184497852513187E-018  -1.3858017057176315E-016   3.0490567674069475E-016   4.7031093484385068E-016   5.4256231162340625E-010   6.9002747360010255E-010
  -8.5237205257569992E-018  -3.3611289187247212E-018   1.8369043477644416E-017  -7.4289107760183575E-011  -1.2728613258822665E-017   6.1246445597480287E-017  -3.3524374715989744E-017   4.1726423468241804E-017  -4.4472671673451004E-017  -2.8999176237229356E-017  -1.6830263337596401E-016  -9.0344763078148624E-017   5.7227647421376151E-016  -4.4380309528147464E-009   2.3111376238105847E-019  -2.4193544253446480E-017  -1.6849190809886507E-017  -3.4816777180621808E-020   2.2465464358237179E-017  -1.9711435804891402E-019  -3.3253038099394111E-016  -1.6081739200308990E-016   9.7613030307537315E-016  -6.5928572460229155E-009   4.0566915923759920E-026   2.1667902195385135E-024   3.0767561746863993E-024   4.8332929900343060E-024  -2.4815654510159911E-024  -2.4794471186998911E-024   4.5070170835723202E-024  -1.6267065844855821E-024  -3.1519612873904356E-025   3.1547617460110450E-024   6.0097048697703177E-018  -6.7099608826532159E-017  -1.3052260932702330E-017  -1.8504323372911163E-017   5.6825331357055469E-017   1.2494374787318615E-017   1.4125813302041927E-016  -4.1126892390499365E-017   5.4187766241843530E-016   4.9216848934305976E-009   1.6982892660098121E-015   2.2519355230371920E-016   2.2497680869323622E-016   2.0318259756742648E-018  -2.1803754544957694E-017  -3.7456086451287830E-018  -6.2838364289942736E-018   1.8384477113226398E-017   4.2519619702652335E-018   3.3884521582481234E-015   4.4807991541416311E-016   4.5962424658352890E-016  -6.6924655515728560E-010  -8.5028391004381486E-010
   6.2701024163342866E-018  -1.0955167030610341E-018   3.6881102323794170E-018   7.9203581487264712E-011   1.3566359366009859E-017  -6.5277943823633520E-017   3.5730431389779798E-017  -4.4472671673451004E-017   4.7400156857211704E-017   3.0907769117757211E-017   1.9089906001837504E-016  -4.0233997062725529E-017   1.2166088512274156E-016   4.7300341317232989E-009  -2.4658982636123103E-019   2.5788917623804998E-017   1.7958778593477040E-017   3.7923946814344876E-020  -2.3946643067450193E-017   2.0953864506407762E-019   3.2769230542067816E-016  -6.5773926879823036E-017   2.0435664538187040E-016   7.0272450799612422E-009  -1.2969097690025562E-024  -2.0780829609441934E-024  -2.6949688422054804E-024  -2.1718989280095389E-025   1.2403520589639003E-024  -5.9013694462587378E-025  -4.4138689797195501E-024  -6.0247413184017453E-025  -4.0117934470382200E-025  -2.0597961829769526E-024  -6.4044626638835472E-018   7.1507135092999491E-017   1.3909598545892763E-017   1.9719814114606040E-017  -6.0557975334169182E-017  -1.3315090605131359E-017   1.6702745752754778E-016  -5.6964951093764201E-017   1.3609633071799021E-016  -5.2190340122699335E-009  -5.5462164519189666E-018  -1.2656113931047906E-016   1.7048585888880034E-016  -2.1641377050748398E-018   2.3226157777753033E-017   3.9914532151123376E-018   6.6929559012702849E-018  -1.9584061380375018E-017  -4.5287674576944834E-018  -7.6252455418706663E-018  -2.5347063638159560E-016   3.4266040259901112E-016   7.0681526146692264E-010   8.9710692937719565E-010
  -5.5655161452998310E-018   1.6418057886139110E-017   3.8634463525112404E-017   5.1629489615505213E-011   8.8461762727205434E-018  -4.2565265061580235E-017   2.3298890865709088E-017  -2.8999176237229356E-017   3.0907769117757211E-017   2.0153949323762611E-017  -1.0587727659333269E-016   4.7310306122846605E-016   1.1958584158176283E-015   3.0843590887543319E-009  -1.6061791092470400E-019   1.6814087261024307E-017   1.1709904041220159E-017   2.4189879820541531E-020  -1.5613104294483033E-017   1.3699607798388200E-019  -2.1215232906257749E-016   8.2491584175253946E-016   2.0434061964643650E-015   4.5819229043772094E-009  -5.8138127563222183E-025  -3.9997342894080356E-024  -1.2638009298572135E-025   3.5179460924619706E-024   1.5384570192267181E-024  -4.4119014374112726E-024   1.0577879902404015E-024  -8.1631266552916165E-025  -2.9088590013297614E-024  -2.2413928538281546E-024  -4.1766526249217977E-018   4.6633198263201617E-017   9.0711211634529517E-018   1.2860220649176087E-017  -3.9492733139434462E-017  -8.6833986551782796E-018   1.0844751663959970E-016   3.2929493194367544E-016   1.1083032816408507E-015  -3.4207246393419089E-009   1.1833180084395951E-015  -5.1057181425019136E-016   3.2906910505298513E-016  -1.4120980380620712E-018   1.5153361361202532E-017   2.6031422040070390E-018   4.3672020447218828E-018  -1.2777000297696571E-017  -2.9550703037985677E-018   2.3611796945245775E-015  -1.0110635639889957E-015   6.7876873404034451E-016   4.6517211964830549E-010   5.9102744938868415E-010
   7.2800258094701271E-003  -1.4869384462052260E-009   1.4426063109542341E-009   7.4196971981641753E-016  -2.1410939690529359E-016  -9.5589102573897019E-017   3.0919862540020429E-017  -1.6830263337596401E-016   1.9089906001837504E-016  -1.0587727659333269E-016  0.21817280303662837        8.0976026060115564E-009  -2.2680821261570976E-009  -1.1893241982057554E-015  -4.0773911714392979E-017   7.5364031285279099E-017  -2.0396091285153182E-018  -1.4953369835719550E-016  -1.0916679423538754E-016  -2.4595511618193906E-017  0.37617155032622274        4.6513652810376723E-009  -1.8503160341258075E-009  -1.3299332453175028E-015   6.3914201430301566E-010   8.8260874690643804E-011  -8.3846008829275557E-010  -1.0389923392885656E-009   5.1539739637910020E-010   1.8144900182832847E-010  -3.2987447885778819E-010   1.2032360146657690E-009   3.5431244984985120E-010  -2.7188834053152540E-010   1.2496096122487187E-017  -1.6704811224566057E-017   1.3576273674999215E-017  -9.6030163354465487E-017  -4.0609215419891639E-018   1.7209887163451226E-017  0.17990013732293328        2.6226190111900984E-009  -5.0416325375095207E-010   1.9395023242554037E-015  -7.0846003777066652E-002  -1.1656767597722975E-009   3.2033332892108725E-010   3.0247412598383640E-017   8.4760259336466781E-018  -8.2126772555940624E-018   1.5568010320794571E-017  -3.0700539937137070E-019   1.3758852831527079E-017 -0.13753634353592695       -2.3154543863351720E-009   5.9361862784197239E-010  -3.4641243687361219E-016  -1.8494903727770254E-015
  -1.4869388089507492E-009   7.2800237703637199E-003   9.7737481255388109E-010  -6.3705308285397954E-016  -5.8688798057259484E-017  -4.1348668454533676E-016  -1.8106922146171128E-016  -9.0344763078148624E-017  -4.0233997062725529E-017   4.7310306122846605E-016   8.0976026060115564E-009  0.21817280958574173       -6.2321531355613416E-009  -1.9069832530431965E-015   4.5327356197465603E-016   2.6793345170470358E-016   1.9686076858859257E-016   8.0687754029653918E-016   1.4017883343397550E-017   4.8173587881824492E-016   4.6513650291810852E-009  0.37617155453442808       -3.4907142344097899E-009  -1.3503777177830972E-015   8.9997895679732753E-010  -9.3834837931857315E-010  -5.6876803079099125E-011  -1.5654728888749322E-009   1.0699106488803989E-009   3.5802451053121911E-010   9.3399274887240667E-010   1.3698072535080043E-009  -3.1476521741653415E-010  -9.7860031740474760E-010   5.5912776358063194E-016  -4.0473873275505805E-017  -1.6510603198505957E-016   3.5172066696102735E-016  -1.8396129435394505E-017   3.3053175743700443E-016   2.6226187951510708E-009  0.17990013925621046       -2.0559479348707296E-009   1.0917076650921545E-015  -1.1656763765680351E-009  -7.0846004714809618E-002   8.9814342050464159E-010  -8.9466806167854026E-017   1.3622059849830673E-017   2.3643050885714853E-017  -1.1089881542185501E-017   3.7698223742834031E-017  -3.5486704289120997E-017  -2.3154536038067656E-009 -0.13753634536382481        1.7909830583049247E-009  -2.7690326656792448E-017   2.0369521833775925E-015
   1.4426065837080546E-009   9.7737561029850020E-010   7.2800264309944599E-003  -1.1736766892242119E-015   3.0628853921820513E-016  -2.5018000474175373E-017   4.9500269346524474E-019   5.7227647421376151E-016   1.2166088512274156E-016   1.1958584158176283E-015  -2.2680821261570976E-009  -6.2321531355613416E-009  0.21817280112197934       -3.7103600715619578E-015   1.0404569568499075E-015   1.0956299432738433E-018  -1.7287360755827710E-017   9.7415269514214935E-016  -1.9366682430523731E-016   7.4569921878723691E-016  -1.8503165644700764E-009  -3.4907149021709253E-009  0.37617154908241462        2.0844363252584701E-016  -2.1504369738507343E-010  -5.2322835280960582E-011   1.6269590680396570E-010   1.2024950042389220E-009  -2.3420380924525765E-010  -9.1398350581419158E-010   2.7165052939636078E-010  -4.3411704639924716E-010  -3.1213266720526994E-010   2.0225314063812184E-010   2.3174823508114089E-016   1.6867918006242038E-016  -8.3446150068713934E-017   1.7847546295578856E-017  -8.8808485347639559E-017   2.2068724267280777E-016  -5.0416289158338075E-010  -2.0559476142760395E-009  0.17990013676343400        1.3388652781113576E-015   3.2033457567248220E-010   8.9814202326214336E-010  -7.0846003503068938E-002  -1.4228126223128630E-016  -2.3724459894551257E-017   1.2483895584851446E-017  -1.1795772557976057E-016  -1.4079544894261495E-017  -1.1146965027260563E-016   5.9362117366725800E-010   1.7909802726871096E-009 -0.13753634300289561       -6.2770247705277951E-017   5.3464539510546840E-016
   4.1141987843930877E-016   4.0875639243122663E-016   5.7297722927396634E-016   7.8954957329895759E-003   1.3538169680847608E-009  -6.5140893996118058E-009   3.5657257330683368E-009  -4.4380309528147464E-009   4.7300341317232989E-009   3.0843590887543319E-009  -1.1893241982057554E-015  -1.9069832530431965E-015  -3.7103600715619578E-015  0.47205015662476696       -2.4533908716595889E-011   2.5726815160665047E-009   1.7919663675229211E-009   3.5572755145584686E-012  -2.3889649400971872E-009   2.1063217057299213E-011   1.8341536724932229E-016  -1.0664466516251050E-015  -4.5552363187784340E-015  0.70112530382496752       -1.5921776163979218E-016  -2.2815279426344625E-016  -2.0264481609060996E-016  -2.6754200063629366E-017   1.1334994470672037E-016  -1.9710354562428120E-017  -4.1192822574168682E-016  -1.1508721356293423E-016  -6.5503292996319521E-017  -2.1409937985220041E-016  -6.3933185151275201E-010   7.1382808262388111E-009   1.3885477867081012E-009   1.9685492117848736E-009  -6.0452695766345867E-009  -1.3291916800181699E-009  -2.6497141182628536E-016  -1.0549150554380125E-015  -2.0756702051643722E-015 -0.52821737323213858        6.7817691367076885E-016   2.3522634780884159E-015   4.2730256136700854E-015  -2.1635880634096177E-010   2.3213136369945925E-009   3.9850441979283211E-010   6.6914847065754285E-010  -1.9572402890953014E-009  -4.5278426903736748E-010   1.1815211758969383E-015   4.5433128894216927E-015   8.4793197371219813E-015   7.2434636443602873E-002   8.9113174346384313E-002
  -2.5763172986538194E-018   1.6382277320846084E-017   3.4468065542770476E-017  -4.2492470240488622E-013  -7.0503888863750302E-020   3.3951649018255510E-019  -1.8548508611014782E-019   2.3111376238105847E-019  -2.4658982636123103E-019  -1.6061791092470400E-019  -4.0773911714392979E-017   4.5327356197465603E-016   1.0404569568499075E-015  -2.4533908716595889E-011   1.4233024665505689E-021  -1.3565618031356521E-019  -9.3674358918170384E-020  -6.3335465359492730E-022   1.2583624040285953E-019  -7.9533276853439094E-022  -8.8006708167696246E-017   7.9984063406848956E-016   1.7903046198413426E-015  -3.6772549403742195E-011   7.0438838538911163E-025  -2.3135412539337595E-024   8.6276834814723677E-025   2.7064971780633735E-024   1.0513214336201869E-024  -3.6487572789493008E-024   3.4067139335623936E-024   5.0226955050132972E-025  -2.2223576164222168E-024  -9.9252775691997642E-025   3.2868288199907032E-020  -3.6696695683669724E-019  -7.1373391677167729E-020  -1.0120519253645757E-019   3.1077554604453312E-019   6.8334969324609313E-020   8.3465056179647492E-017   2.5266613165659324E-016   8.8202029514850250E-016   1.2908230729061527E-011   7.0046264475560178E-016  -8.5792563027770203E-016  -1.9650338121552285E-016   1.0490228593506617E-020  -1.1394947673732307E-019  -2.0381712619754418E-020  -3.2399140729536934E-020   9.6211150225826356E-020   2.1909143850277133E-020   1.3980912813940241E-015  -1.7050897363995242E-015  -3.7361176296755682E-016  -2.1489824896988135E-013   4.3159368764465542E-013
   2.8524383689240137E-018   9.2013160403603661E-018   7.7414829013836329E-019   4.3229652979591854E-011   7.3802544855589649E-018  -3.5514812883280821E-017   1.9435584864853143E-017  -2.4193544253446480E-017   2.5788917623804998E-017   1.6814087261024307E-017   7.5364031285279099E-017   2.6793345170470358E-016   1.0956299432738433E-018   2.5726815160665047E-009  -1.3565618031356521E-019   1.4046830761514397E-017   9.7734327320826020E-018   2.5272682755894853E-020  -1.3041998170445241E-017   1.1086734742085365E-019   1.3485943067058698E-016   4.6576732535594317E-016   1.2630176139561934E-017   3.8255871455338117E-009   5.1861286614377768E-025  -2.3329227235717156E-024  -1.5282256599825574E-024  -2.3924463409078863E-024   2.0761267403437529E-024   4.2203854732694158E-025  -1.1696051886567989E-024   1.4783449372289309E-024  -5.7223020358694662E-025  -2.4380730763899608E-024  -3.4796804178742830E-018   3.8851191477142008E-017   7.5572523067505684E-018   1.0714207214136700E-017  -3.2902287984899243E-017  -7.2343787146809976E-018   2.9622827810964856E-017   1.9580823184270590E-016  -7.0130442403985421E-017  -2.6879770183196020E-009  -2.1534772032818838E-016  -2.3446271447710145E-016  -4.1727976151187736E-016  -1.1692644038543678E-018   1.2563413159909694E-017   2.1675475388657533E-018   3.6156803921900889E-018  -1.0594727206929229E-017  -2.4463936781893438E-018  -4.2868850906224716E-016  -4.6338049425753837E-016  -8.3329049253843990E-016   3.4769164890302737E-010   4.3472670868388997E-010
  -1.9844515189538987E-019   6.6213767355383433E-018   1.1727077815122637E-019   3.0031301140659672E-011   5.1398395327945288E-018  -2.4732102709596692E-017   1.3536704020546145E-017  -1.6849190809886507E-017   1.7958778593477040E-017   1.1709904041220159E-017  -2.0396091285153182E-018   1.9686076858859257E-016  -1.7287360755827710E-017   1.7919663675229211E-009  -9.3674358918170384E-020   9.7734327320826020E-018   6.8045849037808439E-018   1.5136525603120531E-020  -9.0750237729573286E-018   7.8870003769839676E-020  -5.4154426159970385E-018   3.4018999245249343E-016  -1.9698629749737195E-017   2.6628336359220509E-009   2.3429936840546844E-025  -1.7085531595562957E-024  -8.4141926817433862E-025  -1.5800170006453582E-024   1.4259719937241943E-024   3.1905206783874016E-025  -7.0186653594956706E-025   8.2717384573297323E-025  -5.1636581444145718E-025  -1.7036913201154677E-024  -2.4257047725145268E-018   2.7083464241701464E-017   5.2682706047586772E-018   7.4689266850901050E-018  -2.2936446349242999E-017  -5.0431220572676469E-018   1.0875282054021993E-017   1.5727117288151120E-016  -8.1102312336761670E-017  -1.9522811207788189E-009   7.4364533930790735E-017  -9.3598424362950330E-017  -3.8673935055388746E-016  -8.1858640277626493E-019   8.7877132332942802E-018   1.5115908995539002E-018   2.5315377545839240E-018  -7.4099401200532466E-018  -1.7129330151853931E-018   1.4846957233777702E-016  -1.8335829447276523E-016  -7.7263338160830947E-016   2.6167866462772165E-010   3.3148907665362532E-010
  -5.2485886939877893E-018   2.6509007303581867E-017   3.3326656342011881E-017   1.0338411604897125E-013   1.0629487188234117E-020  -5.1982546469729755E-020   2.7359971690837646E-020  -3.4816777180621808E-020   3.7923946814344876E-020   2.4189879820541531E-020  -1.4953369835719550E-016   8.0687754029653918E-016   9.7415269514214935E-016   3.5572755145584686E-012  -6.3335465359492730E-022   2.5272682755894853E-020   1.5136525603120531E-020   1.3840358169038343E-021  -2.3066473108938226E-020  -7.4736008508446125E-022  -2.6159524938961288E-016   1.3851672470545684E-015   1.6915805007532439E-015   6.2890055823501399E-012   1.9458567490148055E-024  -3.7569200779759207E-024   1.0798861554070364E-024   3.0166003743761736E-025   2.5723154301190431E-024  -2.8818793373265612E-024   4.9103164752963747E-024   2.3120794572338972E-024  -2.8098858967498220E-024  -2.5372055841142277E-024  -3.7282238509606036E-021   4.1582263592383732E-020   8.0600884002037112E-021   1.1483523110535687E-020  -3.5210547829698746E-020  -7.7532955623728202E-021  -9.8365958178912119E-017   7.0530047469551187E-016   7.2419941277446948E-016   4.0038812634293239E-011   1.9491580912980713E-016  -2.7423945706925201E-017  -7.8038610685946650E-016   6.5348785617545996E-022  -2.7750952418774397E-021   2.0044420434513585E-021  -2.1564846701975495E-021   1.9360427736366603E-021   1.5014977295516772E-021   3.8654520350324901E-016  -4.0181122766828554E-017  -1.5408277025542469E-015  -1.0183526300388548E-011  -1.5071443635154438E-011
  -3.4200416276226915E-018   1.0208045186630054E-019  -6.0691478878377851E-018  -4.0129625830283675E-011  -6.8531001650118312E-018   3.2977825259459173E-017  -1.8047534657143627E-017   2.2465464358237179E-017  -2.3946643067450193E-017  -1.5613104294483033E-017  -1.0916679423538754E-016   1.4017883343397550E-017  -1.9366682430523731E-016  -2.3889649400971872E-009   1.2583624040285953E-019  -1.3041998170445241E-017  -9.0750237729573286E-018  -2.3066473108938226E-020   1.2109164287921989E-017  -1.0321827612217499E-019  -1.8498194350396614E-016   1.8844444068639824E-017  -3.2819312667878480E-016  -3.5521025482470138E-009   6.8353360579010952E-025   1.1113901066096082E-024   1.3458034584570328E-024  -5.1806039959717749E-025  -5.0508166215842170E-025   7.9419263480159762E-025   2.0390705826220715E-024   4.7162867305866179E-025   3.1583155272951160E-025   9.4233476882117579E-025   3.2315169136589577E-018  -3.6080419116938303E-017  -7.0182959265618163E-018  -9.9500912433959746E-018   3.0555778311355896E-017   6.7184373579731658E-018  -1.1145967354136116E-016   4.6774902745751119E-017  -1.9755716017842758E-016   2.5090482842333701E-009  -9.0409571609742306E-017   2.0214424146326477E-016  -1.5934984194902858E-016   1.0864422029760236E-018  -1.1672248498362769E-017  -2.0130572088667260E-018  -3.3596122346453883E-018   9.8430877012556413E-018   2.2731488595819614E-018  -1.8252171830711354E-016   4.0393669612484664E-016  -3.2172324648595243E-016  -3.2603614437352487E-010  -4.0835359181894815E-010
  -1.8901879922364665E-018   1.5886928824391114E-017   2.5926906233318106E-017   3.2309805443386256E-013   6.0123757732914450E-020  -2.8873541053413780E-019   1.5878061889338519E-019  -1.9711435804891402E-019   2.0953864506407762E-019   1.3699607798388200E-019  -2.4595511618193906E-017   4.8173587881824492E-016   7.4569921878723691E-016   2.1063217057299213E-011  -7.9533276853439094E-022   1.1086734742085365E-019   7.8870003769839676E-020  -7.4736008508446125E-022  -1.0321827612217499E-019   1.5447789548888253E-021  -5.7981738957457712E-017   8.2787104003837669E-016   1.3009352655424188E-015   3.0614336957253297E-011   1.1573023886812714E-024  -2.3183181433246996E-024   5.4595529943757195E-025   7.9046466078158593E-025   1.5780492575133775E-024  -2.3763580019531155E-024   3.0715190837838958E-024   1.3913083677297437E-024  -1.8585941586567144E-024  -1.4605825061584429E-024  -2.9255282928472905E-020   3.2667100889307393E-019   6.3563439803303679E-020   9.0076446096834017E-020  -2.7665434067072646E-019  -6.0821222846262759E-020   8.2716937119198402E-017   4.1530587914874862E-016   5.1431453063557591E-016  -5.2957557534287082E-011   6.1251886338824264E-016  -5.0325756138124495E-017  -8.3243738295320488E-016  -1.1178934528593312E-020   1.1711077070866311E-019   1.8448458620263799E-020   3.4664278686020911E-020  -9.8473616296387113E-020  -2.3484079923525084E-020   1.2227594311004064E-015  -9.1793260392496191E-017  -1.6489038243716779E-015   1.0389167492655575E-011   1.4670690209889000E-011
   1.2563540647234367E-002  -2.8750208140947111E-009   2.5563276032757726E-009   1.4284550614715641E-015  -4.0099995346286234E-016  -1.6709099716376011E-016   5.4848085006778984E-017  -3.3253038099394111E-016   3.2769230542067816E-016  -2.1215232906257749E-016  0.37617155032622274        4.6513650291810852E-009  -1.8503165644700764E-009   1.8341536724932229E-016  -8.8006708167696246E-017   1.3485943067058698E-016  -5.4154426159970385E-018  -2.6159524938961288E-016  -1.8498194350396614E-016  -5.7981738957457712E-017  0.64875736465499301       -8.0405770980065541E-009   3.6172151915197983E-010   1.0151922296607995E-015   1.1020634341499703E-009   1.5282053552848448E-010  -1.4458782424574560E-009  -1.7914441467690849E-009   8.8837519924432399E-010   3.1279479517664439E-010  -5.6918852723279769E-010   2.0748761920060407E-009   6.1082647401993094E-010  -4.6882811171338954E-010   2.1004655374016257E-017  -3.5251774091980170E-017   2.4779527647341838E-017  -1.7446441480682850E-016  -1.1666828580661367E-017   2.3489121786594175E-017  0.30908555319312542       -3.1373864254088032E-009   8.3133134629872563E-010  -2.1790832503097874E-015 -0.12858848108787033        1.1610872154512600E-009  -1.0941305278725919E-010   5.3037593890748288E-017   1.6383204708439659E-017  -1.5025036775920193E-017   2.4833770879614549E-017   6.1789925092100578E-019   2.1877030803401272E-017 -0.24999253527047660        2.1664790983499797E-009  -2.6459045840438865E-010   2.9036429614414602E-016   4.0896154411824035E-015
  -2.8750214285626900E-009   1.2563536894512509E-002   1.9276910529329201E-009  -1.0119611388258397E-015  -1.2168861603750879E-016  -7.1872602071511925E-016  -3.1465879470726490E-016  -1.6081739200308990E-016  -6.5773926879823036E-017   8.2491584175253946E-016   4.6513652810376723E-009  0.37617155453442808       -3.4907149021709253E-009  -1.0664466516251050E-015   7.9984063406848956E-016   4.6576732535594317E-016   3.4018999245249343E-016   1.3851672470545684E-015   1.8844444068639824E-017   8.2787104003837669E-016  -8.0405770980065541E-009  0.64875735969300741        6.4959496535773861E-009   1.0067843738703973E-015   1.5515716951414326E-009  -1.6182339061807623E-009  -9.7962213662844829E-011  -2.6988798820541707E-009   1.8449406995815203E-009   6.1722818352903105E-010   1.6108451294564684E-009   2.3615978035609239E-009  -5.4299465377897715E-010  -1.6872139095899203E-009   9.5331565790296935E-016  -6.7233833356843728E-017  -2.9178359244146477E-016   6.1108369691647395E-016  -2.8044171272150169E-017   5.7428499096485097E-016  -3.1373867235371301E-009  0.30908555069436550        2.4223428786133894E-009  -1.0383642460448835E-015   1.1610870412570484E-009 -0.12858848032474829       -9.2873277559571771E-010  -1.5083604377432265E-016   2.3632749548334098E-017   4.2268769705100843E-017  -2.1716274206851627E-017   6.7955268828420712E-017  -6.0713108805386626E-017   2.1664787806137731E-009 -0.24999253379728728       -1.7230914774276880E-009   6.6226434977086681E-016  -4.0747209992573536E-015
   2.5563280790721785E-009   1.9276924513930031E-009   1.2563541787673880E-002  -1.9411305802523128E-015   5.1932892675429353E-016  -4.6747470014024444E-017  -5.2178558488616782E-018   9.7613030307537315E-016   2.0435664538187040E-016   2.0434061964643650E-015  -1.8503160341258075E-009  -3.4907142344097899E-009  0.37617154908241462       -4.5552363187784340E-015   1.7903046198413426E-015   1.2630176139561934E-017  -1.9698629749737195E-017   1.6915805007532439E-015  -3.2819312667878480E-016   1.3009352655424188E-015   3.6172151915197983E-010   6.4959496535773861E-009  0.64875736605892897        3.2440596461231586E-015  -3.7080891334378058E-010  -9.0108593330708549E-011   2.8055327359142561E-010   2.0735982802602622E-009  -4.0340103215873482E-010  -1.5761057439286111E-009   4.6872189041271190E-010  -7.4836840743611959E-010  -5.3874453897963963E-010   3.4859899320376359E-010   4.0615383229382164E-016   2.8031669740420935E-016  -1.4701089480389537E-016   2.8587541439021240E-017  -1.5438138872480112E-016   3.7215162131679315E-016   8.3133176434675455E-010   2.4223447899446386E-009  0.30908555392248005       -8.0653354158260727E-017  -1.0941480212692394E-010  -9.2873060113818537E-010 -0.12858848130564596       -2.4069856482360499E-016  -3.7075029430909738E-017   2.1364027731669169E-017  -2.0135941683635231E-016  -2.5338197506671042E-017  -1.8984333078209887E-016  -2.6459388794253626E-010  -1.7230871241207600E-009 -0.24999253569272459        3.3673501000688033E-016  -2.1466411775554734E-015
   6.2315220282525403E-016   6.7665972139511558E-016   1.0447065741527295E-015   1.1764290806465861E-002   2.0111510707888876E-009  -9.6775708481694977E-009   5.2965602925035937E-009  -6.5928572460229155E-009   7.0272450799612422E-009   4.5819229043772094E-009  -1.3299332453175028E-015  -1.3503777177830972E-015   2.0844363252584701E-016  0.70112530382496752       -3.6772549403742195E-011   3.8255871455338117E-009   2.6628336359220509E-009   6.2890055823501399E-012  -3.5521025482470138E-009   3.0614336957253297E-011   1.0151922296607995E-015   1.0067843738703973E-015   3.2440596461231586E-015   1.0421550097455723       -2.2454004495559220E-016  -3.3696984428795108E-016  -3.1465602966540454E-016  -3.8597387111336296E-017   1.6142334577009766E-016  -2.1103439413822677E-017  -6.0487827411487301E-016  -1.7001161341757708E-016  -7.7948014160528456E-017  -3.0943999276669135E-016  -9.4879734460302313E-010   1.0593490454067688E-008   2.0606337487769184E-009   2.9214194242121116E-009  -8.9714143857248688E-009  -1.9725824467144247E-009  -2.3571137961095790E-016  -8.8105302933963589E-016   5.0661219688409720E-016 -0.75197584634429693       -3.4175570918746744E-016  -2.4755196053453579E-016  -2.1255561932425182E-015  -3.1966579704369015E-010   3.4328356801950236E-009   5.9116166568657545E-010   9.8855272828088441E-010  -2.8947314420495982E-009  -6.6888028611844455E-010  -8.6273196928661805E-016  -6.5235304594099873E-016  -4.1481196868020724E-015   9.9335962676317821E-002  0.13014844852790494     
   2.1331152302070386E-011   3.0019386844285025E-011  -7.1778413560846630E-012  -2.0721257704964950E-018  -1.6119231524619005E-024   2.0559832031307665E-025  -1.8474203140453885E-024   4.0566915923759920E-026  -1.2969097690025562E-024  -5.8138127563222183E-025   6.3914201430301566E-010   8.9997895679732753E-010  -2.1504369738507343E-010  -1.5921776163979218E-016   7.0438838538911163E-025   5.1861286614377768E-025   2.3429936840546844E-025   1.9458567490148055E-024   6.8353360579010952E-025   1.1573023886812714E-024   1.1020634341499703E-009   1.5515716951414326E-009  -3.7080891334378058E-010  -2.2454004495559220E-016   5.7970096926408754E-018  -3.5600697805980646E-018  -2.8514581430884227E-018  -1.0687041341098097E-017   6.1537861575951228E-018   2.9094072212647416E-018   2.6179805447120912E-018   9.6036333017080726E-018   4.7551902180430460E-020  -5.0327229172275867E-018   2.3506318580905683E-024  -2.9190661150197366E-024  -1.0442794710744774E-024   4.4594866192838676E-025   2.1408143300123727E-024   1.6631195498303179E-024   5.2662020140098665E-010   7.4318409119102721E-010  -1.7710452514538034E-010   6.5177800664044471E-016  -2.0989959370144734E-010  -2.8588998783670173E-010   7.1094221680482183E-011  -4.6695098509270679E-026  -8.9589279024378076E-025  -8.5486051915194409E-026  -1.8537643657941731E-025   1.0050367406193958E-024   2.0762398611146191E-025  -4.0761802974185978E-010  -5.5465658015458071E-010   1.3808859662216424E-010  -1.4751568286855881E-016   3.3303339743060080E-017
   2.9891896303297548E-012  -3.1334455245691586E-011  -1.7386432255772458E-012  -3.7876490685509416E-018  -6.4813721849357097E-025   4.8908484724175408E-024  -9.2581028993752410E-025   2.1667902195385135E-024  -2.0780829609441934E-024  -3.9997342894080356E-024   8.8260874690643804E-011  -9.3834837931857315E-010  -5.2322835280960582E-011  -2.2815279426344625E-016  -2.3135412539337595E-024  -2.3329227235717156E-024  -1.7085531595562957E-024  -3.7569200779759207E-024   1.1113901066096082E-024  -2.3183181433246996E-024   1.5282053552848448E-010  -1.6182339061807623E-009  -9.0108593330708549E-011  -3.3696984428795108E-016  -3.5600697805980646E-018   4.0872937999048101E-018  -1.3460773503994755E-019   6.0237750325623548E-018  -4.3381635468161605E-018  -1.2474572234255287E-018  -4.2180146636996943E-018  -5.2990279253318735E-018   1.5718986772348102E-018   4.0500043025433939E-018  -2.1186725783585809E-024  -3.3978132756138003E-024   7.5172668149139598E-026  -2.5630962009899295E-024   3.0260113407590019E-024  -8.5644954770190081E-025   6.8532754210386728E-011  -7.7147653256899257E-010  -4.3845137449429367E-011   3.7700013010655809E-016  -5.3576474909683857E-011   3.1798893564966483E-010   1.2876359437301576E-011   5.4141352457107386E-025  -1.2192158688184349E-024  -3.1013909237436652E-025  -2.6233281632208727E-025   8.3154101525376489E-025   4.1085088452031245E-025  -1.0539720109388504E-010   6.1806483513842823E-010   2.4768411592015106E-011  -5.8693549051604586E-017  -2.6865178524705005E-016
