   2.5925628370514735E-004   1.6991279903238789E-015  -3.7241145251248950E-017  -9.2828868661580344E-017   1.6594577430267666E-015  -6.6433990922406439E-017   1.3744407209357848E-015   1.8209905698839419E-015  -3.9258609946300872E-016   1.8448565797394503E-015   1.1278730858468212E-002  -2.3427950469594944E-015   1.5250931207372445E-016   3.0151368954717493E-016  -2.2251256162603011E-015   1.8957497644096723E-016  -1.6969365494259472E-015   1.3720898713310150E-015  -2.3179706650960799E-016   1.4385833429877872E-015   1.4894146191168684E-002  -6.5265416871976893E-018  -1.9200235018367778E-018   7.1103041167433021E-019   3.9927325934640658E-018  -1.1927390983066370E-023   4.0998111366296637E-018  -8.4380402329633948E-019   1.1364017676828101E-018   3.0136833357419259E-018  -1.5312802703341362E-018   1.0667465787494749E-015  -1.2934073931517655E-016  -1.8471135676308640E-016   1.0073818814880367E-015  -1.0309695022567380E-016   4.5961486960799687E-016   3.8422586605066417E-015   1.2900281553330282E-015   3.1327689093911781E-015   2.1560160006950503E-016   1.8034499646099286E-015   5.0572231075743992E-016   2.0609044103225524E-016   5.2901668766589235E-017   2.5812576890067755E-016  -4.6106268323407871E-003  -4.7515167900203409E-016   1.6217557677429849E-015   1.7071092744054927E-017   1.1716097284996987E-014   5.9115984469139260E-015   1.4770373138837262E-014  -5.7175140894382310E-015   8.5395532665126407E-015  -6.5099859497379087E-015  -1.0231363682748113E-003   8.5656347155185926E-004   1.9526319613968336E-015  -6.9929452763664761E-016  -6.2097470208855347E-016  -9.2323571085014655E-004
   1.6991279903238789E-015   4.2454475695403922E-005   5.1298778319354097E-017   3.0521408702196071E-017  -2.1227237847695259E-005  -2.8197457981590821E-018  -2.1227237847693647E-005  -5.1397330328563717E-016   2.7640901127991713E-016   1.6509041166391141E-016   8.4484544549468656E-014  -1.5028192256748163E-004  -1.0336832994391497E-016  -1.1135092343184784E-016   7.5140961283793765E-005  -2.0514310800058289E-018   7.5140961283758380E-005  -4.3575891841455662E-016   2.4690376948665443E-016   6.7600184882379059E-017   1.0967909558848444E-013   1.0544366768904262E-017  -5.9507732935323872E-018   9.8900749540583888E-018  -1.2180636154333156E-018   7.2638280704923409E-019   3.8557535929791872E-018  -1.5938610537948682E-017   9.9198498620648978E-018  -6.5272890007402557E-018   2.6326553249610344E-017   9.0233680912268709E-005   9.1549053675395564E-017   5.6539599414021905E-017  -4.5116840456105827E-005   3.5987030216219695E-018  -4.5116840456090770E-005  -1.7668575768239787E-003  -7.6851721497333001E-016  -1.3741878592099295E-015   8.8342878841230149E-004  -2.8337963706486573E-017   8.8342878841173229E-004  -3.4519297993887699E-016  -4.8325223310024920E-016  -4.4478559622132508E-016  -5.7472967294392498E-014  -4.6484005778978737E-015  -7.2256037278622649E-015  -6.7680294337817051E-015  -8.3742896081339998E-003  -3.4570549658141383E-015  -6.5667388347537019E-015   4.1871448040683304E-003  -1.3712404624887122E-016   4.1871448040656191E-003  -3.6451380457147251E-014   2.2620854044304413E-014  -2.6696391478205259E-015   4.4459241455743755E-015   5.9006460489609614E-015  -1.1155523225506574E-014
  -3.7241145251248950E-017   5.1298778319354097E-017   4.2454475695440128E-005   2.4805419830936928E-017  -9.8313567360412764E-018   3.1004511932713187E-018  -2.6329017863296506E-017  -2.8341911145671093E-016   1.7954361603540091E-016  -1.9520578719505208E-016  -8.0853998767038974E-016  -1.3272113176561340E-016  -1.5028192256766925E-004  -4.9297536319472978E-017   5.8992962879060355E-017  -2.4190445373499401E-017   1.1811155464076685E-016  -2.1761088217097567E-016   1.8025972811642927E-016  -1.5230897306158965E-016  -9.5043546274715382E-016  -1.1435971378767889E-017  -5.8332338507838392E-018  -8.2165417984406260E-019  -8.1967202774602915E-018  -8.1068341321799962E-019  -1.0014671434227436E-017  -1.6077498256567138E-017  -6.3462954442185537E-019  -4.6406345189193904E-018  -3.6932304470785116E-019   1.1708451313008475E-016   9.0233680912422097E-005   3.2664968341555343E-017  -3.1745756751444024E-017   2.4296934951197741E-017  -6.3752246622193958E-017  -1.4314575434840827E-015  -1.7668575768248133E-003  -4.8050255902812322E-016   3.8505861025315123E-016  -2.5858719445635768E-016   1.0559176909687198E-015  -2.3975513782056661E-016   1.1028603886147464E-016   3.2532314015885855E-016   1.4354456570055482E-015  -3.3147525721181408E-015   1.7201284033326286E-015   4.8713853039084340E-015  -6.6331182657313020E-015  -8.3742896081377503E-003  -2.2322577913508767E-015   1.7275421188917645E-015  -1.1727841369555295E-015   4.9133177368099099E-015   1.5617656123051718E-015   1.3628454768915702E-015  -2.6831756383504058E-015   1.4382868382895966E-015  -3.9127892248859626E-015  -8.1599156026256159E-016
  -9.2828868661580344E-017   3.0521408702196071E-017   2.4805419830936928E-017   4.2454475695403807E-005   6.1904229386405462E-018  -2.5641244274094149E-017   2.3723639022802533E-017  -7.7053151993443763E-018  -5.1225951763313966E-016  -2.2721833696899818E-016  -8.1850392986451784E-016   2.0536381324997285E-017  -5.1462264467009532E-017  -1.5028192256753286E-004   5.2222993318422406E-017   8.0164704424040471E-017   2.4948915608210851E-017  -3.0179656620219441E-017  -3.9807902576908592E-016  -1.9141964030232202E-016  -1.0031858802154087E-015   6.0953941855221666E-018   7.7262251937102448E-018   3.7257832115418429E-018   3.1821387443219138E-018   1.5805436335573334E-018   4.1552321741290723E-018   6.7926911010298805E-018   6.4133804879623920E-018   4.4353623341714407E-018   1.0724942420046641E-017   2.0950023019580033E-017   3.5784401055142551E-017   9.0233680912283007E-005   1.4472058554832543E-017  -5.0004657663172598E-017   1.0772416130640401E-017   1.1816365378432308E-016  -5.6924801243750160E-016  -1.7668575768239763E-003   1.7102223862221824E-017   8.3770772992740702E-016  -1.1584241954962931E-016  -1.7925875839401979E-016  -2.8660003795932812E-017   6.9114807961281336E-017   6.4059885950431361E-017  -2.9504001374609502E-015   9.1547170467806030E-016   1.4581930283407847E-015   5.4800159054526809E-016  -2.6518682982732195E-015  -8.3742896081341767E-003   5.3566998859126647E-017   3.9415583675092368E-015  -5.8223689541541005E-016  -2.0933239481096048E-016   1.0881084385646417E-015  -1.2681665513076254E-015   2.1010487630391998E-015   3.2904409441834517E-016  -1.9147776871708430E-015
   1.6594577430267666E-015  -2.1227237847695259E-005  -9.8313567360412764E-018   6.1904229386405462E-018   4.2454475695429767E-005  -6.2669072636321397E-018  -2.1227237847728778E-005  -3.9785114342439060E-016  -4.2606099472740239E-016  -1.1666004728915651E-015   7.6804157502581857E-014   7.5140961283729784E-005   1.6214318266924032E-017  -3.6562556430305233E-017  -1.5028192256754931E-004   2.3560810380647099E-017   7.5140961283847284E-005  -2.7706400850921749E-016  -3.3388081002867619E-016  -7.9217916461519300E-016   1.0028976322793387E-013  -4.6550131429461082E-018  -2.6560945041547232E-018  -9.9943210828202460E-018  -3.2744971588266436E-018   3.0686177450902990E-018   5.5015363229125249E-019   5.4681805093046870E-019  -8.8888011300073274E-018   5.5786719129579334E-019  -2.9438252514928691E-017  -4.5116840456117550E-005  -1.9660206287983685E-017   4.0441044195233022E-017   9.0233680912227374E-005  -2.6118823411431878E-017  -4.5116840456157780E-005   8.8342878841141928E-004   5.2764316027861372E-017  -2.8509507399694274E-016  -1.7668575768245210E-003   3.4032661502016986E-016   8.8342878841305111E-004  -1.6923156288493482E-016  -7.1245937519164257E-017   3.1156953705263810E-016  -4.8205327977357678E-014  -1.4888088135254699E-015  -2.2409700796957979E-016   7.3850948737927708E-015   4.1871448040642955E-003   2.0910681193067991E-016  -1.2717253673099071E-015  -8.3742896081365568E-003   1.5864149949341681E-015   4.1871448040722093E-003  -2.8152159702602463E-014   1.6028005111750719E-014   2.9968441926832950E-016  -8.3187214641391421E-016  -4.0841588247426135E-015  -7.0866657186839469E-015
  -6.6433990922406439E-017  -2.8197457981590821E-018   3.1004511932713187E-018  -2.5641244274094149E-017  -6.2669072636321397E-018   4.2454475695417109E-005   3.5207271867577664E-018  -1.6737355199916352E-016  -4.1665794006216365E-017   8.3614470994131659E-018  -1.3403356149365971E-015   7.0616243476213948E-019  -1.2944681754775123E-018   5.2418361798408005E-017   2.9499179704253232E-018  -1.5028192256762027E-004  -1.0976537835950018E-017  -1.9772110484891986E-016  -1.8092893025634740E-017  -1.9509516201219852E-017  -1.8103454356662281E-015   7.3330287005204323E-019   3.7965709272362018E-018   8.1385066003351994E-018  -1.5466677987064915E-018  -4.4212772286547091E-019   1.2356300829019064E-018   4.0876301991534819E-018   2.5493327664360485E-018   1.5898320835850753E-018   1.2418939062322129E-017   4.0974995483817640E-018   3.0996078826413661E-018  -4.1270481770256142E-017  -1.3710740337539814E-017   9.0233680912391238E-005   9.6160126712093985E-018   1.4154267302722196E-016   1.1096060140626009E-016   2.5409025021726901E-016  -6.0612883612230865E-017  -1.7668575768243161E-003  -7.9181698700653905E-017   1.4805244431293623E-016   6.7612187341261320E-017  -2.1833956763999581E-016   1.7318260752845742E-015   2.0520851741586915E-015   1.2109871035618696E-015  -2.2047996048533128E-015   6.9589516440986539E-016   5.7583343221332292E-016   1.1063379756636751E-015  -3.3888750604279210E-016  -8.3742896081354656E-003  -3.3338518001744143E-016   1.6015552311211260E-015  -9.5439404748660295E-016  -6.7796314619004066E-016  -4.3544899910652701E-016   1.2893126164278500E-014  -1.4947655525323665E-016
   1.3744407209357848E-015  -2.1227237847693647E-005  -2.6329017863296506E-017   2.3723639022802533E-017  -2.1227237847728778E-005   3.5207271867577664E-018   4.2454475695401679E-005  -5.7187993212507043E-016   3.3887759276873773E-016  -5.4978003565991432E-016   6.4948110438975336E-014   7.5140961283698694E-005   3.3566528518023641E-017  -6.6018234291007461E-017   7.5140961283735259E-005  -1.8068966386441447E-018  -1.5028192256753224E-004  -4.2638807371370881E-016   2.3175656664117272E-016  -4.6763687770888446E-016   8.4166454371891829E-014  -5.8893536258013588E-018   8.6068677976375813E-018   1.0424612889087699E-019   4.4925607744444095E-018  -3.7950005521357217E-018  -4.4059072250798421E-018   1.5391792486955143E-017  -1.0310487319136014E-018   5.9694218094806644E-018   3.1116992655576734E-018  -4.5116840456119244E-005  -3.9713349836223777E-017   3.1470245429914293E-017  -4.5116840456109357E-005   1.0690177834146902E-017   9.0233680912204457E-005   8.8342878841193449E-004   8.5727344324030057E-017  -8.5590227556701207E-016   8.8342878841198090E-004  -8.0347586612898541E-017  -1.7668575768239199E-003   3.4780946114948159E-016   5.8586762508555909E-016  -1.0999390128106813E-016  -4.5521709941700206E-014   6.7954161561854775E-015   7.4963007053625911E-015  -9.5591662163063996E-016   4.1871448040667423E-003   2.6184673605627031E-016  -4.0826378193934212E-015   4.1871448040670953E-003  -3.5139310047628671E-016  -8.3742896081337361E-003  -2.9566329804156564E-014   2.1049580442711838E-014   2.5806076526068602E-015  -3.8331388486597364E-015  -1.4070841142095614E-015  -9.1555665518246925E-015
   1.8209905698839419E-015  -5.1397330328563717E-016  -2.8341911145671093E-016  -7.7053151993443763E-018  -3.9785114342439060E-016  -1.6737355199916352E-016  -5.7187993212507043E-016  0.36675877958263231       -4.9596264990057906E-016  -1.7109920818125350E-015   1.3679974848735288E-015  -5.2915354182875459E-016   2.5746039709291767E-016  -1.3874097006283478E-016  -5.1983142446560999E-016  -4.2475153259521645E-017   3.0392170392999801E-017  0.28199020835770583       -3.9634816304287712E-016  -1.5781709160068047E-016   3.2519170088170340E-015  -6.3267303390575830E-014   6.6461699568292950E-017  -4.5635203335031216E-017  -2.6308327395849060E-014   5.8413797613348222E-017  -2.6146589060961839E-014  -8.3978918135691677E-018   4.2420608839168186E-017   1.8057038072104767E-018   1.1454466377606693E-016  -4.3881897817882027E-016  -2.6586279249287840E-016   4.6527030328488090E-017  -3.8202384056360783E-016   5.7646371694291045E-018  -8.1695414350695544E-016  -3.8765854765791436E-016   1.3570389026639395E-016   1.1582200508186824E-016  -2.5599604955208452E-016  -1.0183950132644031E-015  -4.4833454624865558E-016   4.0012437997960240E-002   2.3283445926378473E-016   4.6761636721754422E-018  -1.8788167538865783E-015 -0.16806686230234982        8.1496842900927688E-016   2.7178420203214044E-015   2.2791332960088641E-016  -4.2632714650693090E-016   6.6451740651360277E-016   1.1611186341175562E-015  -4.9468998548822365E-015  -1.4406511587370243E-015  -5.1411830723428065E-016   6.8937184689580528E-017   5.0272408830471703E-002  -6.1703765830544573E-015   3.3836903386710213E-015   7.4946305618897815E-016
  -3.9258609946300872E-016   2.7640901127991713E-016   1.7954361603540091E-016  -5.1225951763313966E-016  -4.2606099472740239E-016  -4.1665794006216365E-017   3.3887759276873773E-016  -4.9596264990057906E-016  0.36675877958262770        7.1795437205267481E-016  -3.6399060307143754E-015   6.7154171405330395E-016  -1.9180259215660247E-016   3.6899975403668998E-016   1.3263960730824678E-015  -2.7196329517426351E-017   6.3511308096669630E-016   2.2384792905023638E-015  0.28199020835770761       -1.7740564748287540E-015   1.3425215403470307E-015  -6.4025497059305882E-016  -2.6359302906998430E-014   4.2774412838171868E-016  -3.1293822207691308E-016   1.1082363210308940E-017  -2.6512066752755426E-016  -6.4093535654836854E-014   4.7505231211836721E-016  -2.6534251156308005E-014   1.0766296520001473E-015  -1.0800895052561847E-016   1.2613207166765415E-017  -1.3442121257297693E-016  -3.1397395857910204E-016   6.8927223647783422E-017  -5.8858550356044702E-017  -9.2024294974657294E-017   1.3589816599731581E-016   1.5542204173937314E-016  -1.8134578206413958E-016   1.5138414309685293E-016  -2.8830876723260304E-016  -1.0657279438458062E-015   4.0012437997958027E-002   9.1490660473491447E-016   6.9078741746661541E-016  -5.9039755295120013E-015 -0.16806686230234902        8.8004735339271805E-016  -7.5367249002881031E-017   8.2867001438875074E-016   3.2110949807640114E-016  -6.3997242452933302E-016   7.2664457327798131E-016  -6.0210759071319522E-016   7.4188332289502025E-016  -1.3947469435070934E-016   2.0408672707366727E-015   5.0272408830470836E-002  -1.1232775791262961E-015  -4.2690843683151636E-017
   1.8448565797394503E-015   1.6509041166391141E-016  -1.9520578719505208E-016  -2.2721833696899818E-016  -1.1666004728915651E-015   8.3614470994131659E-018  -5.4978003565991432E-016  -1.7109920818125350E-015   7.1795437205267481E-016  0.36675877958263137        4.9003463713047829E-015  -2.5315299281742615E-015   4.4637687453062021E-016   9.0098791784408207E-017  -9.8691805060304810E-016  -3.4392242486379585E-016  -1.5652154357476582E-015   7.7472079186131347E-015  -3.3859041545337147E-015  0.28199020835769506       -4.1736870961720603E-015  -3.1628148677703660E-015   6.0106193698797444E-016  -2.5383484651038280E-014  -1.3847822214767648E-015   1.3415796659059826E-017  -1.4320849947933384E-015   1.2953799422123659E-015  -2.5871203435450603E-014   6.8748472126655229E-016  -5.7633298376121309E-014   2.3416747118485215E-016  -5.9828672263158664E-016  -5.2584042666824608E-017  -9.0514574274158718E-016   2.5427793859313850E-016  -5.0181899429343279E-016  -5.6576482594242882E-016   4.8100456248451199E-016   1.2184665172216896E-017   1.4104328754520621E-015  -8.9012104888414990E-016  -8.7216957925329415E-017  -2.7148346166071447E-015   1.3294366601520097E-015   4.0012437997964341E-002   1.8482879291930445E-015  -2.2902035932050974E-015   2.5463010666620986E-015 -0.16806686230234197       -3.7504175491929112E-015   5.4835339433620284E-016  -3.2293967914632326E-016   3.3085955341237848E-015  -3.7817110084626240E-015  -3.4927190696385746E-015   1.2444085263277692E-015   8.3088566414159664E-016  -1.0063831942872068E-015  -6.4860372346913332E-016   5.0272408830466145E-002  -7.6513907246426747E-016
   1.1278730858468212E-002   8.4484544549468656E-014  -8.0853998767038974E-016  -8.1850392986451784E-016   7.6804157502581857E-014  -1.3403356149365971E-015   6.4948110438975336E-014   1.3679974848735288E-015  -3.6399060307143754E-015   4.9003463713047829E-015  0.55471927530287468       -1.0453961792732353E-013   2.6200181457634957E-015   1.7297263358974921E-015  -8.1981910969579805E-014   1.9051779000577138E-015  -6.0212320041242672E-014  -7.3100661787410746E-016   5.4141891802156587E-016   4.6990194477721177E-015  0.71808568806262540       -2.8895202811035433E-016  -8.8389133182267580E-017   3.0166656892217921E-017   1.7856561575693626E-016  -5.2449004445366505E-022   1.8318263445573628E-016  -4.1110084072295681E-017   4.8845390133954762E-017   1.2808242480104996E-016  -7.0503364956489758E-017   5.0956388915713353E-014  -3.2579791540064272E-015  -1.2410169470447020E-015   3.7376035350238346E-014  -8.1882819740305261E-016   1.4692872024648592E-014   5.0160182640954367E-014   2.7620928924619443E-015   3.7215676199208061E-015   5.5515517745551620E-014  -2.9064543657928357E-015   6.7484150193482782E-014  -2.8443529735236927E-016  -1.2251132577534110E-015   7.7147532109170325E-016 -0.40639049065213262       -7.4468038110717389E-015  -6.4801346570026723E-015   5.0771113591011765E-015   4.7133267800322899E-014   3.1852375100460948E-015   1.3413785235719335E-014   5.9333810856280006E-014  -1.5358678652679196E-014   2.6737021138046173E-014 -0.27776937109674960       0.13380994325191817       -1.1803626766285967E-014   4.5871818476069717E-015  -1.4145918661136401E-015  -3.8186274565401947E-002
  -2.3427950469594944E-015  -1.5028192256748163E-004  -1.3272113176561340E-016   2.0536381324997285E-017   7.5140961283729784E-005   7.0616243476213948E-019   7.5140961283698694E-005  -5.2915354182875459E-016   6.7154171405330395E-016  -2.5315299281742615E-015  -1.0453961792732353E-013   5.3197350528164783E-004   1.9292164350810543E-016  -6.0978180633099261E-017  -2.6598675264105626E-004   4.0094688369802923E-017  -2.6598675264084115E-004  -2.8186003556925362E-016   4.1043798957516363E-016  -1.7220258691621349E-015  -1.3928382812614452E-013  -3.7325339303193211E-017   2.1064767298748264E-017  -3.5009252948673373E-017   4.3117466168023690E-018  -2.5712767140493746E-018  -1.3648739111641014E-017   5.6420082817176316E-017  -3.5114651268747224E-017   2.3105538912417801E-017  -9.3191706459732605E-017  -3.1941251954512907E-004  -2.2020321568119820E-016   7.3139845568465070E-017   1.5970625977249054E-004  -3.2452697562908795E-017   1.5970625977238328E-004   6.2543877694566617E-003   6.8664437348518359E-016  -4.8668578870108796E-016  -3.1271938847299645E-003   4.8632746067706001E-016  -3.1271938847268928E-003   4.8734273554012404E-016   1.0855984530849226E-015   1.7864294659910935E-016   2.3233426876456813E-014   1.0084787307985297E-014   1.3696958657768460E-014   8.2328474416963571E-015   2.9643619944257241E-002   2.5979967976866400E-015  -2.1171031063064963E-015  -1.4821809972135834E-002   2.3149761967136894E-015  -1.4821809972121227E-002  -1.4944342085566661E-014   5.1168967494196435E-015   7.7666168889106933E-015  -6.2798304809099322E-015  -9.7507730978138904E-015  -5.4385147732492881E-015
   1.5250931207372445E-016  -1.0336832994391497E-016  -1.5028192256766925E-004  -5.1462264467009532E-017   1.6214318266924032E-017  -1.2944681754775123E-018   3.3566528518023641E-017   2.5746039709291767E-016  -1.9180259215660247E-016   4.4637687453062021E-016   2.6200181457634957E-015   1.9292164350810543E-016   5.3197350528252246E-004   4.5850259462303265E-017  -1.4303023493666276E-016   5.1362397090500897E-017  -2.0700135933909415E-016   1.6667990421982179E-016  -2.9001904404774391E-016   3.5049706210748910E-016   3.2933689697722617E-015   4.0481474263703510E-017   2.0648696833962963E-017   2.9085218415857428E-018   2.9015053463101739E-017   2.8696871162896577E-018   3.5450304175733177E-017   5.6911722698019181E-017   2.2464851229952665E-018   1.6427089629785706E-017   1.3073433671931264E-018  -2.4820748149410774E-016  -3.1941251954579840E-004  -3.8380435132733652E-017   7.2869417271845422E-017  -6.5431773163068220E-017   9.8925348486812569E-017   1.8117490258405539E-015   6.2543877694620914E-003   1.8830997593597082E-016  -5.8949316197653040E-016   5.1247102671484776E-016  -1.2559506492165037E-015   1.8023257893486748E-016  -1.9929877342485163E-016  -6.3194891634137321E-016  -2.2118422770127250E-015   2.7191461830973037E-015  -4.0320973267287633E-015  -9.2797235631344207E-015   8.0508028417346658E-015   2.9643619944282242E-002   7.3267608783668516E-016  -2.4488531421587689E-015   2.2419280753420963E-015  -5.6293540741560954E-015  -1.8161630355190103E-015  -2.9419932639865485E-015   5.9402545879445805E-015  -4.3025586902466008E-015   1.0032066915037959E-014   2.9663034679297877E-016
   3.0151368954717493E-016  -1.1135092343184784E-016  -4.9297536319472978E-017  -1.5028192256753286E-004  -3.6562556430305233E-017   5.2418361798408005E-017  -6.6018234291007461E-017  -1.3874097006283478E-016   3.6899975403668998E-016   9.0098791784408207E-017   1.7297263358974921E-015  -6.0978180633099261E-017   4.5850259462303265E-017   5.3197350528201191E-004  -1.3300415078541556E-016  -1.4802623047379353E-016  -1.5188908287097158E-016  -4.3125784942029205E-017   3.0860536816119200E-016   1.3516707539698924E-016   1.9983481015023854E-015  -2.1576701678609358E-017  -2.7349577571692421E-017  -1.3188665150799242E-017  -1.1264252367691548E-017  -5.5948667852433214E-018  -1.4708844464859914E-017  -2.4045019078452670E-017  -2.2702321347743039E-017  -1.5700459561475753E-017  -3.7964547669186634E-017  -8.1195052588977713E-017  -4.4821772660365360E-017  -3.1941251954528942E-004  -8.2365036286149836E-017   9.5503793637895574E-017   3.9089247086686125E-020  -2.8052084792750050E-016   4.1236386212590195E-016   6.2543877694588032E-003   5.4913814332452780E-016  -1.3694156358805659E-015  -3.3737309054219720E-016   2.5729450640645337E-016   7.7709966503039169E-017  -7.0502583385494766E-017  -1.6247080475514774E-016   4.6823110264993713E-015  -3.5429019790806350E-016  -1.0037018564747465E-015  -1.2869057859117033E-015   1.7910286941263425E-015   2.9643619944268052E-002   2.7000391215404664E-015  -6.3883070298406513E-015  -1.4815641215860916E-015   4.4116640184448423E-016  -2.2321435836988270E-015   1.4165707028620500E-015  -6.0964266402945127E-015  -1.3059407160699133E-015   4.8338214560972774E-016
  -2.2251256162603011E-015   7.5140961283793765E-005   5.8992962879060355E-017   5.2222993318422406E-017  -1.5028192256754931E-004   2.9499179704253232E-018   7.5140961283735259E-005  -5.1983142446560999E-016   1.3263960730824678E-015  -9.8691805060304810E-016  -8.1981910969579805E-014  -2.6598675264105626E-004  -1.4303023493666276E-016  -1.3300415078541556E-016   5.3197350528180309E-004  -1.5316499738748019E-017  -2.6598675264084506E-004  -4.9148770945079883E-016   1.0264673830676252E-015  -1.1268757294302384E-015  -1.1132363652726174E-013   1.6477987615094458E-017   9.4021415190081805E-018   3.5378267249695629E-017   1.1591186098028971E-017  -1.0862406537896627E-017  -1.9474541659856397E-018  -1.9356467520866128E-018   3.1464906850734172E-017  -1.9747589075444439E-018   1.0420661455679011E-016   1.5970625977266802E-004   1.2101120319139149E-016   1.4415760435861918E-017  -3.1941251954493212E-004   5.1576206735268301E-017   1.5970625977243389E-004  -3.1271938847295044E-003  -1.1935740841903120E-015  -2.0761829313897169E-015   6.2543877694575907E-003  -4.0422953341808835E-016  -3.1271938847279076E-003   4.2415310924854297E-016   3.4889002529464323E-016  -6.8215675690724333E-016   3.2956892502165296E-015   6.9700604785377574E-015   2.0888364121639923E-015  -9.6117912066404533E-015  -1.4821809972134172E-002  -5.5120719864553932E-015  -1.0121892894884900E-014   2.9643619944261592E-002  -1.8216968190005588E-015  -1.4821809972127238E-002  -3.0320326096110163E-014   1.6878461560300328E-014   9.4202840529520628E-016  -1.6763010475284558E-015   7.9221984514286755E-015  -1.4667797746121943E-014
   1.8957497644096723E-016  -2.0514310800058289E-018  -2.4190445373499401E-017   8.0164704424040471E-017   2.3560810380647099E-017  -1.5028192256762027E-004  -1.8068966386441447E-018  -4.2475153259521645E-017  -2.7196329517426351E-017  -3.4392242486379585E-016   1.9051779000577138E-015   4.0094688369802923E-017   5.1362397090500897E-017  -1.4802623047379353E-016  -1.5316499738748019E-017   5.3197350528246413E-004   1.1350109142508739E-018   2.1275812076407435E-016  -7.6078170509838762E-017  -1.0392024866030472E-016   2.8514259584797374E-015  -2.5957726087858209E-018  -1.3439242123740476E-017  -2.8808986536584715E-017   5.4749518527318564E-018   1.5650600584333720E-018  -4.3739290474500243E-018  -1.4469544494628972E-017  -9.0242223729852983E-018  -5.6277463840104979E-018  -4.3961019608972581E-017  -4.0079408689682233E-017  -3.9060308940263464E-017   1.2355891865028761E-016   5.1460427919357871E-017  -3.1941251954575829E-004  -1.1390832900183402E-017  -2.5765683449041152E-019   1.5721005616423269E-016  -4.5824388478739836E-016   1.5725314896557337E-016   6.2543877694616837E-003  -1.6318354426629041E-016  -2.6737832932292105E-016  -1.0898778709704544E-016   4.3996019281277292E-016  -2.5942040215940180E-015  -2.2465205345944454E-015  -2.2278595478325948E-015   5.6940809311485596E-015  -8.9831232188174202E-017   5.6841628233157973E-016  -1.8251491135356480E-015   9.2799405041868613E-016   2.9643619944280563E-002  -9.2178191078365207E-016  -2.3876636045391782E-015   2.3215527853239003E-015   3.9450838356308436E-016  -8.9843591393891425E-016  -2.6921297638667154E-014   1.0336293090065473E-015
  -1.6969365494259472E-015   7.5140961283758380E-005   1.1811155464076685E-016   2.4948915608210851E-017   7.5140961283847284E-005  -1.0976537835950018E-017  -1.5028192256753224E-004   3.0392170392999801E-017   6.3511308096669630E-016  -1.5652154357476582E-015  -6.0212320041242672E-014  -2.6598675264084115E-004  -2.0700135933909415E-016  -1.5188908287097158E-016  -2.6598675264084506E-004   1.1350109142508739E-018   5.3197350528203413E-004   1.2939747634836808E-017   5.8495072614105420E-016  -1.0606153064983471E-015  -8.1106910572312764E-014   2.0847351688411400E-017  -3.0466908817925116E-017  -3.6901430065791771E-019  -1.5902932714881895E-017   1.3433683251959756E-017   1.5596193277593591E-017  -5.4484436065609035E-017   3.6497444183851153E-018  -2.1130780005171697E-017  -1.1014908096141736E-017   1.5970625977261094E-004   1.9352543737969454E-016   1.2011574957221734E-016   1.5970625977250057E-004  -3.4682544883796753E-017  -3.1941251954502602E-004  -3.1271938847300925E-003  -1.3402045400245390E-015  -1.5035252903933979E-015  -3.1271938847287815E-003   2.2256256557233825E-016   6.2543877694588900E-003  -7.8611635393206980E-016  -1.0891528949922059E-015  -4.0752126125123297E-016  -1.0548839501689965E-015  -1.2503441337515725E-014  -1.6233958826939102E-014  -1.4500901749705446E-015  -1.4821809972136979E-002  -5.8406983236168704E-015  -7.0342958600313263E-015  -1.4821809972131233E-002   9.5070385076783435E-016   2.9643619944267851E-002  -2.6897785645621589E-014   9.3813098931219007E-015  -4.8710285744869060E-015   7.2898261067194930E-015   3.3062776823732421E-015  -6.8581283138315120E-015
   1.3720898713310150E-015  -4.3575891841455662E-016  -2.1761088217097567E-016  -3.0179656620219441E-017  -2.7706400850921749E-016  -1.9772110484891986E-016  -4.2638807371370881E-016  0.28199020835770583        2.2384792905023638E-015   7.7472079186131347E-015  -7.3100661787410746E-016  -2.8186003556925362E-016   1.6667990421982179E-016  -4.3125784942029205E-017  -4.9148770945079883E-016   2.1275812076407435E-016   1.2939747634836808E-017  0.21684445673076813        1.8315581465971957E-015   6.7151033192325803E-015   2.8745514115994801E-016  -4.8665793392942815E-014   5.3844311210946341E-017  -2.8982057212901713E-017  -2.0229245286646516E-014   4.4757615344004741E-017  -2.0110673163062646E-014  -1.0622622753557790E-017   3.6781112573365100E-017  -3.0958044485202903E-018   9.8265541503139850E-017  -4.4947356838214601E-016  -2.0187674462820789E-016  -4.3915100025234195E-018  -2.3191031059316029E-016  -1.4262937972699972E-016  -5.6348539497843102E-016   6.6543055039074326E-016  -5.7556274221705810E-016   6.7898713484931972E-016  -1.4621581413603238E-015   2.1330424661698496E-015  -3.6816176433272108E-017   3.0752504868408286E-002   3.6790851331290585E-016  -4.9142747252224000E-016  -3.4582748500994029E-016 -0.12848887741367054        1.4540652234231259E-015  -2.7122515896345400E-014   4.4488125182244525E-015  -3.6315817094540012E-015   3.2790370336727970E-015  -5.1155671944589323E-015   1.0015549369114867E-014   6.3085648812800063E-016   3.7447439858230049E-016   8.3182786790867229E-016   4.6140701335504714E-002   2.4412445694482614E-014  -1.7294830816554886E-014   8.9344319037966120E-016
  -2.3179706650960799E-016   2.4690376948665443E-016   1.8025972811642927E-016  -3.9807902576908592E-016  -3.3388081002867619E-016  -1.8092893025634740E-017   2.3175656664117272E-016  -3.9634816304287712E-016  0.28199020835770761       -3.3859041545337147E-015   5.4141891802156587E-016   4.1043798957516363E-016  -2.9001904404774391E-016   3.0860536816119200E-016   1.0264673830676252E-015  -7.6078170509838762E-017   5.8495072614105420E-016   1.8315581465971957E-015  0.21684445673077346       -4.3734225983653945E-015   5.3632138292204168E-015  -5.2116216381893025E-016  -2.0267564599974723E-014   3.0606461040323877E-016  -2.4753652383619855E-016   8.6435462469019210E-018  -2.2177414829784585E-016  -4.9287398633404036E-014   3.4676228315247126E-016  -2.0405149455319534E-014   7.8538381707220049E-016  -3.7555117316729010E-017   1.2185876669482022E-016  -9.6928323254901033E-017  -2.3072765410011154E-016   9.4573245397906109E-017  -1.0111186759764416E-016  -1.3019710713149299E-015  -1.3140912916367745E-015   6.6945383305702244E-016  -4.7495689853766667E-017  -4.4954135257867384E-016   9.2062683683040689E-016  -2.1115923976325525E-016   3.0752504868409358E-002   2.3441358882594422E-017  -1.6018951538666819E-015   5.0743597567925443E-015 -0.12848887741364262       -2.6363910012409390E-015  -5.9881453260606544E-015  -5.9661808186588001E-015   2.9877182363324854E-015   1.3730927759607970E-017  -2.0961215076496390E-015   4.9632733032759493E-015  -7.3251361548316112E-016   1.9370376183690104E-016  -1.1594539030085390E-015   4.6140701335479026E-002  -1.6848270838067532E-014  -6.1298251985606877E-017
   1.4385833429877872E-015   6.7600184882379059E-017  -1.5230897306158965E-016  -1.9141964030232202E-016  -7.9217916461519300E-016  -1.9509516201219852E-017  -4.6763687770888446E-016  -1.5781709160068047E-016  -1.7740564748287540E-015  0.28199020835769506        4.6990194477721177E-015  -1.7220258691621349E-015   3.5049706210748910E-016   1.3516707539698924E-016  -1.1268757294302384E-015  -1.0392024866030472E-016  -1.0606153064983471E-015   6.7151033192325803E-015  -4.3734225983653945E-015  0.21684445673075214       -1.9828588246229839E-015  -2.3905117696714753E-015   4.8742157104260034E-016  -1.9521252542860000E-014  -1.0469629886212394E-015   9.1438163492101311E-018  -1.0829065768352584E-015   1.0298840952555562E-015  -1.9895702598579671E-014   5.3997705595569038E-016  -4.4329521612945356E-014   6.7610139009191396E-017  -4.8463859356096297E-016  -7.6897906147741708E-017  -4.8330467542998573E-016   1.9061166758698155E-016  -4.8357001846705934E-016   2.4577022259052026E-015   2.1534917535163523E-016   8.6326167268639762E-016  -3.3886754762621736E-015   2.2097537813291543E-015   1.5151506540707300E-015  -1.4348038000818458E-015   1.4794310808665896E-015   3.0752504868407408E-002   1.3071168491376403E-015   4.3807481535035257E-015   1.5446752918183588E-014 -0.12848887741370277        1.0951094675115913E-014  -4.2249224218922571E-016   3.8013655240890310E-015  -1.8700646850826998E-014   1.1307023794214391E-014   4.7286837637032620E-015   1.1278719462650254E-015  -6.7244437718833638E-016  -4.9092898833873401E-015   1.5967758979747470E-014   4.6140701335518404E-002   7.2118535024114072E-016
   1.4894146191168684E-002   1.0967909558848444E-013  -9.5043546274715382E-016  -1.0031858802154087E-015   1.0028976322793387E-013  -1.8103454356662281E-015   8.4166454371891829E-014   3.2519170088170340E-015   1.3425215403470307E-015  -4.1736870961720603E-015  0.71808568806262540       -1.3928382812614452E-013   3.2933689697722617E-015   1.9983481015023854E-015  -1.1132363652726174E-013   2.8514259584797374E-015  -8.1106910572312764E-014   2.8745514115994801E-016   5.3632138292204168E-015  -1.9828588246229839E-015  0.93246127310016780       -3.8131492131001307E-016  -1.1588618394752874E-016   4.0057759846744104E-017   2.3520472540090645E-016  -6.9284850764959407E-022   2.4132654527657503E-016  -5.3369955279316604E-017   6.4738737146152729E-017   1.7019025987796239E-016  -9.2527123915621763E-017   6.7326682838321253E-014  -4.1999405024766273E-015  -1.4602038201967483E-015   5.0617922349063603E-014  -1.2496490028791872E-015   1.9678335017767922E-014   7.1399937077832648E-014   2.9927471563474850E-015   1.2038650849286342E-015   6.6602204388277965E-014   1.6588788305210171E-015   9.6366074576356504E-014   3.0665906326239330E-016   1.5906442489744380E-016  -1.3061304938859224E-015 -0.48956340793199021        1.6009441336006763E-016   3.8889588920658068E-015  -5.4645214134252179E-015   6.6000789856623287E-014   1.3066355594258924E-015   2.9777860171071201E-016   2.6481860126043631E-014   6.0565685639787470E-015   4.8414157431505901E-014 -0.31362810141195069       0.14932467288634835        5.6674311094659345E-015  -4.0122036250168652E-015   9.5720466457554412E-016  -4.7537727600247402E-002
  -6.5265416871976893E-018   1.0544366768904262E-017  -1.1435971378767889E-017   6.0953941855221666E-018  -4.6550131429461082E-018   7.3330287005204323E-019  -5.8893536258013588E-018  -6.3267303390575830E-014  -6.4025497059305882E-016  -3.1628148677703660E-015  -2.8895202811035433E-016  -3.7325339303193211E-017   4.0481474263703510E-017  -2.1576701678609358E-017   1.6477987615094458E-017  -2.5957726087858209E-018   2.0847351688411400E-017  -4.8665793392942815E-014  -5.2116216381893025E-016  -2.3905117696714753E-015  -3.8131492131001307E-016   1.1572659765754330E-026   7.1640134822298813E-029   2.6057586957207677E-028   4.8079026684619682E-027  -2.4266722703899894E-029   4.7749590630767538E-027   1.6217382096002574E-028   2.3788369924914311E-028   7.3925205810639043E-029   4.9072158023308463E-028   2.2411230167426964E-017  -2.4306266310429400E-017   1.2955285513699570E-017  -9.8938678126090113E-018   1.5585781264402830E-018  -1.2517362354616443E-017  -4.3883227888423549E-016   4.7593881088268695E-016  -2.5367627850600660E-016   1.9373093430712172E-016  -3.0518377879984416E-017   2.4510134457717774E-016  -9.1432749074603285E-015  -1.6394763369398892E-016   1.3605072309957277E-016   9.1011103272771160E-017  -3.9233730733671273E-015  -1.9227121534071096E-015   9.6091310631780191E-015  -2.0799121791008772E-015   2.2557842184694578E-015  -1.2023372176615507E-015   9.1821716205270135E-016  -1.4464648316258250E-016   1.1616950170481926E-015   7.5813289053680543E-018   2.5326627294874885E-016   1.0593407975800960E-015  -6.5116930690279484E-015   6.4338692349939951E-015  -3.7265039081558552E-016
  -1.9200235018367778E-018  -5.9507732935323872E-018  -5.8332338507838392E-018   7.7262251937102448E-018  -2.6560945041547232E-018   3.7965709272362018E-018   8.6068677976375813E-018   6.6461699568292950E-017  -2.6359302906998430E-014   6.0106193698797444E-016  -8.8389133182267580E-017   2.1064767298748264E-017   2.0648696833962963E-017  -2.7349577571692421E-017   9.4021415190081805E-018  -1.3439242123740476E-017  -3.0466908817925116E-017   5.3844311210946341E-017  -2.0267564599974723E-014   4.8742157104260034E-016  -1.1588618394752874E-016   7.1640134822298813E-029   2.1014015464185151E-027  -4.5655494763586325E-029   2.3806001224252208E-029   2.8290117969782716E-030   3.7336243492498432E-029   5.0464654744495189E-027  -4.1535496861495005E-029   2.1029195968640853E-027  -1.1279967619081856E-028  -1.2647905073610694E-017  -1.2398084144422331E-017   1.6421489780869096E-017  -5.6453219603832377E-018   8.0693157552863683E-018   1.8293227034013249E-017   2.4765748980493651E-016   2.4276576869116949E-016  -3.2154771199256708E-016   1.1054054072226511E-016  -1.5800454484032987E-016  -3.5819803052718366E-016   4.5757911375482745E-017  -4.2251080025663398E-015   1.1075343203136579E-016   3.7278966353343256E-017   6.0593961893104694E-016  -7.3763708588332205E-015   1.1286224981731383E-015   1.1738102552550535E-015   1.1506252007108745E-015  -1.5240241762433277E-015   5.2392366741427968E-016  -7.4888651765136541E-016  -1.6977339226692083E-015   1.4578743151409368E-017   8.3339888019608994E-017   4.2193128549321196E-016   5.2303511291142694E-015   5.9524662837921870E-015  -8.0099584702054544E-017
   7.1103041167433021E-019   9.8900749540583888E-018  -8.2165417984406260E-019   3.7257832115418429E-018  -9.9943210828202460E-018   8.1385066003351994E-018   1.0424612889087699E-019  -4.5635203335031216E-017   4.2774412838171868E-016  -2.5383484651038280E-014   3.0166656892217921E-017  -3.5009252948673373E-017   2.9085218415857428E-018  -1.3188665150799242E-017   3.5378267249695629E-017  -2.8808986536584715E-017  -3.6901430065791771E-019  -2.8982057212901713E-017   3.0606461040323877E-016  -1.9521252542860000E-014   4.0057759846744104E-017   2.6057586957207677E-028  -4.5655494763586325E-029   1.8032381617993707E-027   1.0983327991250265E-028   1.4338038652245566E-030   1.2280115102058023E-028  -9.8020191214704009E-029   1.8370418122756344E-027  -4.6453456331028778E-029   4.0903468717464651E-027   2.1020583883906526E-017  -1.7463619529154732E-018   7.9188619798198013E-018  -2.1242150909963148E-017   1.7297761794209804E-017   2.2156702616668626E-019  -4.1160215929331506E-016   3.4195356070468013E-017  -1.5505852301995525E-016   4.1594064327183235E-016  -3.3870591534344862E-016  -4.3384839785458775E-018  -1.7014885564428230E-016  -1.7827867967663635E-016  -3.1417573980455483E-015  -7.9194273648360171E-018  -2.1762082620025351E-015  -4.1158295146095325E-015   6.1290096217666893E-015  -1.9508508950965412E-015   1.6207407928259902E-016  -7.3492340017178905E-016   1.9714137982833309E-015  -1.6053480848030844E-015  -2.0562903186513832E-017   2.0233056701001294E-018  -1.3176695056564664E-017   2.5863276574405096E-015  -4.0096543596120784E-015  -2.1229781098471337E-015   2.2530677544081875E-017
