   4.8599043605192134E-007  -2.2267482778942497E-018  -1.5056225187409865E-018  -1.7278897222536035E-016   3.2482896660615262E-006  -1.9041366734221726E-017  -1.0649987092760285E-017  -5.6843688114123350E-017  -3.9077358852868959E-017  -1.2099406156595033E-016   5.3525019572873895E-017  -1.1829172077542563E-017   2.4073797143051074E-018  -1.2827912594047408E-016  -1.5594048653706090E-016  -1.0719823736227081E-016  -3.3598498392195662E-016   1.4644754722239247E-016  -3.2504158999688979E-017   8.2906578112673139E-018   1.1577528426291568E-004  -6.4923835612911956E-016  -3.2064196306400938E-016  -6.2687137147063569E-017  -5.3505991690089640E-020   1.2488209156644292E-019  -2.7791573230452021E-017  -9.3863936710576899E-020  -2.7794181345907240E-017   4.1295265062024017E-019  -6.8936701225903251E-019  -7.9145970382136161E-019  -4.7018378933585074E-019  -8.9239768384611707E-016  -3.1526826835027635E-016  -2.1739301910363583E-016  -6.7922616599616467E-016   2.9886391660441058E-016  -6.6641851061149789E-017   1.6119442826310646E-017   4.7715729180381275E-004  -2.6792195860411444E-015  -1.3330888412274366E-015  -1.5739716887080696E-019   6.2178980200178185E-020  -9.5210707207118839E-021   6.5514939690498208E-021  -2.1643800809351057E-021   1.8778199246858261E-019   4.7155748869376023E-020  -1.5353777439509923E-020  -1.3525560207091379E-019  -1.4412988960377308E-020  -5.9509300269230190E-020  -7.5164837213993621E-021   3.8807746049959311E-020   5.6939023560447158E-021  -2.0806428277929994E-019  -7.6535952761169646E-018   4.3772860477388717E-019  -1.3371295660000850E-019   3.9848387637061854E-019  -1.2760800454713889E-019   9.3457562097937797E-019  -3.9179369563749987E-019   2.4452853068506212E-019   1.9547721316654422E-019   2.4820315823827943E-019  -2.0083581524665327E-015  -4.5039599793404982E-004   2.5287086014028928E-015   1.2565911384738641E-015   1.8314936810017364E-015  -5.6488968075025923E-016
  -2.2267482778942497E-018   4.8599043604945287E-007   1.4480297148144178E-018  -5.5690530278434494E-015   6.0311205108159527E-018   3.2482896660557719E-006   5.3044847719458553E-018  -1.6093298154518314E-016   5.6894116426522514E-017  -1.4662616039821248E-018   9.5954964494012077E-016   2.5436854555303039E-016  -7.9769979940603819E-016  -2.9538391581644584E-015  -4.4654259292500688E-016   1.5794010201958713E-016  -3.6591100154843833E-018   2.6678928328581479E-015   7.0756625663457527E-016  -2.2197250394029975E-015   1.2407203225328342E-016   1.1577528426248530E-004   2.4328292645113261E-016  -1.8542373396989935E-018  -4.6773815618997112E-018  -3.7706710122296283E-019  -8.2349318125254812E-019   1.4218686526053633E-019  -7.2941116424034971E-019  -9.8547167423226311E-018  -6.4391286139989651E-019  -6.4524587474226511E-018  -7.7331102713046071E-019   1.0629720101412821E-014  -9.0740327110469055E-016   3.1943743503008739E-016  -7.1803238218107067E-018   5.3952503470838315E-015   1.4316167736201917E-015  -4.4931820987228214E-015   4.9033714510067287E-016   4.7715729180267211E-004   9.8505294437528701E-016  -6.2486986780098626E-019  -2.5570901565454022E-019  -5.5080445365972928E-020  -2.0183339787884291E-019   1.0676288217585770E-019  -2.8557744972775954E-019  -2.6319341659084463E-019   5.1305976718692318E-020   7.1305242821676883E-019   5.3135104883784038E-020  -2.5112263294143345E-019  -6.5521992659369793E-020  -1.9772643259112556E-019  -4.6478233802832749E-020  -3.8229010649126809E-019   8.7659220263236643E-020  -3.2616568957518060E-018   1.8612869934638148E-019  -2.9851022304044485E-019   7.8228121123234094E-020  -4.1338916874917922E-019  -1.6181806287697983E-017  -3.1183681505229792E-021  -3.0118404222505774E-018   4.3827525747787518E-019   2.3920744295874654E-014  -4.6476603949059926E-016  -4.5039599793291325E-004  -9.3165042358162847E-016  -2.0611223000482212E-014   6.3035710980186352E-015
  -1.5056225187409865E-018   1.4480297148144178E-018   4.8599043604856730E-007  -1.6687869152211050E-016  -7.7439759728206400E-019   8.5369619167384308E-019   3.2482896660556652E-006  -1.2868382505323576E-016  -2.4938738547830335E-016   2.4074567163005610E-017   2.5346451758290317E-016   1.2291655432997400E-016  -1.2169174257926974E-016  -5.6420642733794825E-018  -3.5864628070740007E-016  -6.9489521430537926E-016   6.7094832841938454E-017   7.0584401411217187E-016   3.4052853058237474E-016  -3.4455276276266030E-016  -3.2879499597965552E-017   1.0234572326552907E-016   1.1577528426226689E-004  -6.7237003714891583E-019  -1.2853674562426207E-020   1.7694207180367713E-017  -5.3674760367876217E-019   2.8226286105835044E-019  -7.2854263395462823E-019   2.8307473916113361E-018   1.7866234110757390E-017   1.8453263146595488E-019   3.5375802125508067E-017   3.2150717683364652E-015  -7.2845452623912753E-016  -1.4051225829132418E-015   1.3328486913041440E-016   1.4240713317590187E-015   6.9039787174803227E-016  -6.9557129643383037E-016  -1.4862908301295392E-016   4.3619242944808614E-016   4.7715729180227150E-004   4.5926639785754197E-021   1.5916314872383774E-019  -1.9608226588788588E-020  -3.4315222099921602E-019   7.7053410487475930E-020  -3.8106210527125943E-020   1.4727443788729985E-019   2.2550833218340239E-020  -5.7571029904590015E-019   1.7579792732831247E-020   2.8595884603253076E-021   2.2187840017280798E-020   3.3705033332674113E-019   3.2177597079383220E-020  -5.4697576266838127E-020  -1.1807786210257558E-019   7.1115593974920909E-019  -2.9780747663410139E-019  -2.1574966142462951E-019   1.7915761815505586E-019  -1.7442510523986885E-019   7.5768804426542072E-021  -3.3709239249037722E-019   3.4877405315183613E-019  -6.2929627154666783E-018   7.2251822216742886E-015   1.3857326668182503E-016  -4.1057671694142160E-016  -4.5039599793250321E-004  -6.4658840847419684E-015   1.9887426417252380E-015
  -1.7278897222536035E-016  -5.5690530278434494E-015  -1.6687869152211050E-016  0.53195749038261109        3.9850032193195429E-016   8.1664656471174584E-015   1.7969188042811185E-016  -7.3984451122422621E-014  -2.5466770703858680E-016  -8.2654953713252608E-017   4.4467635233222551E-014   3.1277455500367325E-016   7.4952133849069205E-014  0.30769302073841970       -1.1162144023773448E-013  -8.0590433263812269E-016  -4.8576713253977844E-016   7.1315869431287118E-014   9.8977135226188338E-016   1.0337100991239041E-013   4.4013343525314090E-015  -4.6495309085984540E-015  -1.8326207348227304E-015  -2.0770967758732055E-015  -1.4787074609116501E-018   3.8391322780639443E-016  -8.7162418569937685E-016  -2.5555270174989135E-018  -8.9748179497931154E-016  -1.8538489118068678E-016   3.6931823520004721E-016  -1.0719634072933990E-016   7.8398989995697352E-016 -0.14038920258394694       -1.0555167786101609E-014  -1.3504126494432852E-015   2.1115870024229656E-017   4.5520146202964164E-014   2.0256193963786994E-015   2.7643483693320516E-014  -8.9427932095928753E-016   1.0298341895809242E-014   8.2402200549197119E-016   1.4814762219098215E-014   1.0148446575281722E-016  -5.1689498867616892E-017   3.7922463001202531E-015   2.0731942075133921E-019  -3.4119070446734183E-015   1.1266749567523000E-016  -2.3038276536427524E-017   3.3578596187990801E-017  -3.6384160497527697E-017   9.2137674225693842E-015  -6.3732953922691801E-018   6.1732315319003068E-015  -7.4507309806902861E-018   1.3467746857656995E-014   1.4639919926541812E-016  -2.5990137329743224E-017   9.8928701217461533E-017   4.2493953305576237E-017   1.4064101326715449E-017   4.7595022343042147E-017  -1.3664521164171005E-017   1.1483888180564400E-016   4.3492311222792044E-018   2.8610924668759373E-016 -0.32041528611590159       -7.8013283321705662E-016  -6.5235875109448057E-015  -1.5999382519201551E-016  0.20320377087571656       -5.8744334373577546E-002
   3.2482896660615262E-006   6.0311205108159527E-018  -7.7439759728206400E-019   3.9850032193195429E-016   2.1711097527678163E-005   1.2518972017787711E-017  -9.0968732916171283E-018   1.5845020021330003E-016  -7.6286614927123719E-017   1.0321268633538864E-016  -2.3668105410846105E-016  -1.4908772467250958E-017   7.2139931400152056E-017   3.1233483674746762E-016   4.5513948060099766E-016  -2.0222865812403713E-016   2.9066767056645259E-016  -6.7448027234403630E-016  -3.8815362660316669E-017   2.1130491635606479E-016   7.7382522691534330E-004   6.4292302227199667E-016   6.9743369387943627E-017  -4.1899174280893860E-016  -3.5762629691957962E-019   8.3469380787856230E-019  -1.8575484913135272E-016  -6.2737295429631146E-019  -1.8577228139720109E-016   2.7601156892988498E-018  -4.6076292366863059E-018  -5.2900019968499322E-018  -3.1426403288165322E-018   2.5036538345340314E-015   9.2233713756785706E-016  -4.1256912022945058E-016   5.9160822939896844E-016  -1.3473764922316968E-015  -8.4414255199603587E-017   4.2313506471262439E-016   3.1892502096206666E-003   2.6267373847438252E-015   2.0996051526214163E-016  -1.0520198749683668E-018   4.1559529539030979E-019  -6.3637457309116212E-020   4.3789236285284272E-020  -1.4466402887304948E-020   1.2551076326402227E-018   3.1518219368456140E-019  -1.0262242398457942E-019  -9.0402884887122442E-019  -9.6334330069383138E-020  -3.9775154267795304E-019  -5.0239088231676780E-020   2.5938535195055936E-019   3.8057218439020317E-020  -1.3906715238649996E-018  -5.1155522000791403E-017   2.9257145776706851E-018  -8.9371803007572047E-019   2.6634084987575126E-018  -8.5291341500773449E-019   6.2465680527230600E-018  -2.6186923007011278E-018   1.6343932726940724E-018   1.3065413726638206E-018   1.6589539508005239E-018   5.6256631221971222E-015  -3.0103815984731429E-003  -2.4810705589960276E-015  -2.0975881554157838E-016  -5.1189677237178644E-015   1.5783306991543196E-015
  -1.9041366734221726E-017   3.2482896660557719E-006   8.5369619167384308E-019   8.1664656471174584E-015   1.2518972017787711E-017   2.1711097527711519E-005  -2.3528773251955496E-017   1.8902226957152507E-016  -1.3958753644483638E-016   4.4499084855462403E-017  -9.5730590232148641E-016  -2.4100789862013444E-016   7.7441181882454081E-016   4.1045016824632931E-015   5.3284373847231092E-016  -3.9024863921091030E-016   1.2656711422142863E-016  -2.6687576146752816E-015  -6.6975164199935464E-016   2.1467764811049089E-015  -1.6128662000563172E-016   7.7382522691502639E-004  -4.7620605305229712E-016  -1.2393453742473703E-017  -3.1262940718015621E-017  -2.5202618767058192E-018  -5.5041091184300230E-018   9.5035640784353381E-019  -4.8752785469905662E-018  -6.5867498990826137E-017  -4.3038202780652535E-018  -4.3127299459503973E-017  -5.1686988713252260E-018  -1.9700507784166101E-014   1.0514944643235137E-015  -7.9022567282960109E-016   2.5755544458945674E-016  -5.4151021319367904E-015  -1.3544312990708559E-015   4.3279491486037941E-015  -8.0518557737875699E-016   3.1892502096235917E-003  -2.0803792288348113E-015  -4.1765396535730206E-018  -1.7091220144423808E-018  -3.6814971704466326E-019  -1.3490251876005035E-018   7.1358763703797011E-019  -1.9087583018755807E-018  -1.7591466659569108E-018   3.4292171535447555E-019   4.7659391257196335E-018   3.5514734304726552E-019  -1.6784672867935394E-018  -4.3793950640088563E-019  -1.3215748257652970E-018  -3.1065378122334719E-019  -2.5551716729722728E-018   5.8590152860721830E-019  -2.1800442154418833E-017   1.2440572608560635E-018  -1.9951990836839315E-018   5.2286542820435916E-019  -2.7630333136339616E-018  -1.0815684886676962E-016  -2.0842720894677676E-020  -2.0130705038005632E-017   2.9293683254589645E-018  -4.4765621311911936E-014   7.4713118201877903E-016  -3.0103815984755039E-003   1.9513762933400411E-015   3.8864635635028929E-014  -1.1903382308368399E-014
  -1.0649987092760285E-017   5.3044847719458553E-018   3.2482896660556652E-006   1.7969188042811185E-016  -9.0968732916171283E-018  -2.3528773251955496E-017   2.1711097527749649E-005   1.6056023273939845E-016   2.9019032936047478E-016  -1.2015570255257960E-016  -2.5656481194346089E-016  -4.0618189043254648E-017   1.1665067315728219E-016  -9.6438050570982862E-017   4.4165729668416583E-016   7.9863571333887733E-016  -3.3328493107999161E-016  -7.0772581902166804E-016  -1.2194280901367462E-016   2.8374712291805536E-016  -3.5951061425634510E-016  -3.5791884380942550E-016   7.7382522691495103E-004  -4.4940239174854151E-018  -8.5912098619929128E-020   1.1826551732242905E-016  -3.5875432208520568E-018   1.8866040701015785E-018  -4.8694734166668132E-018   1.8920305457262865E-017   1.1941532040254789E-016   1.2333893742758345E-018   2.3644673629181547E-016  -5.2961973824713916E-015   8.7449039362373016E-016   1.6209239863235976E-015  -6.9073184403951939E-016  -1.4584030554031691E-015  -2.3701925574898131E-016   5.8421683794632974E-016  -1.5693773507168420E-015  -1.3789903509708088E-015   3.1892502096266206E-003   3.0696704979516605E-020   1.0638234271410621E-018  -1.3105854577749737E-019  -2.2935797295946094E-018   5.1501383247591944E-019  -2.5469639078285286E-019   9.8436100636374180E-019   1.5072650213973955E-019  -3.8479642320208500E-018   1.1750078772656561E-019   1.9113078117296037E-020   1.4830030816665753E-019   2.2527955985428861E-018   2.1507039707480231E-019  -3.6559067116302901E-019  -7.8921532358661172E-019   4.7532632716696845E-018  -1.9905020285628219E-018  -1.4420394799261758E-018   1.1974635640623459E-018  -1.1658321333618215E-018   5.0642771265498498E-020  -2.2530767146976719E-018   2.3311552421976451E-018  -4.2061251089055004E-017  -1.2012037516632604E-014   1.4698629437548448E-015   1.3093491987486238E-015  -3.0103815984781493E-003   1.0752164199055991E-014  -3.3080196777601649E-015
  -5.6843688114123350E-017  -1.6093298154518314E-016  -1.2868382505323576E-016  -7.3984451122422621E-014   1.5845020021330003E-016   1.8902226957152507E-016   1.6056023273939845E-016   3.0532248991640736E-002   3.4950802865218684E-017  -3.7796727688316835E-018  -1.5266124495826223E-002  -1.5509882654321485E-016  -1.5266124495815282E-002   9.0321504071032716E-014   8.4920047889067971E-002   1.9574931411777140E-018  -9.5212856018288911E-017  -4.2460023944544727E-002  -3.3371255825166906E-016  -4.2460023944523168E-002  -4.1418387454210815E-016   8.7543097765857872E-016   1.9368221690410593E-015   2.0745598080222960E-017  -2.2759060085473509E-016  -4.3930734977972954E-016   2.9106556055019990E-017  -7.9692231076876770E-017   2.0475236842825953E-017  -4.3437672734574197E-016  -3.8345683519569958E-016  -2.8227497896784570E-016  -8.1893889649106313E-016   2.6804840729825063E-014  0.17180786761827935        2.2237748887339307E-016  -2.3968703066671970E-016  -8.5903933809148389E-002  -7.3471574317383070E-016  -8.5903933809129168E-002  -8.1197206674870010E-016  -3.3499579208732802E-016   2.1396523582930132E-016   7.4138823492079484E-016   3.4390943094666381E-017  -5.7056950520634840E-017   2.1784527950522423E-015   2.5338418229962030E-017   1.8304268229319773E-015   3.3001530032075770E-017   1.0983580013845593E-017   1.7147762395415152E-017   5.3853146853007393E-017  -3.6553394696123696E-015   3.3265942961278285E-017   2.1318929836392759E-015   3.0888344062492651E-017  -3.0007018310673230E-015   3.0778047383524205E-017  -7.2862849382927738E-018  -6.4567187899163799E-017   1.4077838543510903E-017   3.6862384890919320E-017  -4.2743327155861080E-019  -1.5901178503153760E-017  -5.6246053016197208E-017  -6.0126348797651478E-018  -1.7266159783760186E-016  -1.3145796975428169E-013   8.1198999027497099E-016   7.8456808232859588E-018  -7.4569379256607154E-016   6.5977052437417327E-014  -1.6291787138038774E-014
  -3.9077358852868959E-017   5.6894116426522514E-017  -2.4938738547830335E-016  -2.5466770703858680E-016  -7.6286614927123719E-017  -1.3958753644483638E-016   2.9019032936047478E-016   3.4950802865218684E-017   3.0532248991657598E-002   1.0983137413867616E-016  -3.2514947867133387E-016   2.5599665006629906E-016   3.3312630557295493E-016   1.0081309965552922E-016  -5.2455903390473916E-017   8.4920047889121775E-002   3.1280249115743528E-016  -1.1096101962878354E-015   6.7189363881642307E-016   1.3898180126019288E-015  -1.1631429623462156E-015   4.8851810158535397E-015   1.4751164390283693E-015   4.8234899457767910E-016  -1.0031333681750008E-015  -3.2305501151356990E-016   2.0439925916158341E-016   3.9678075633699219E-017   2.2111139659630247E-016  -2.1943318281068632E-015  -3.0890864877719181E-016  -9.1134137841425555E-016  -7.2348139409325894E-016  -2.1426446326040007E-015  -4.1724842981708969E-017  0.17180786761829292        4.6732501765914278E-016  -2.1655667845977243E-015   1.3305938924464132E-015   2.1654465059191653E-015  -8.4524577470564548E-017  -1.6173727834771772E-015  -2.9307279178908165E-016   2.0033998541385181E-016   4.6674462001606005E-016   6.4830655255109968E-019   1.1350671085857873E-016  -5.1652143642803973E-017   1.3384596408528734E-016   1.2023834988463591E-015  -3.2297315314807096E-018   9.4432745941082638E-016  -1.5711909777517296E-017   2.1566220171216157E-016   1.5236404393601540E-017   1.7002688506170642E-016   1.8635920222859071E-018   2.2924466769634314E-016   5.8394769115736626E-017  -9.6364190688422764E-017   3.4279217360080763E-017   4.4094123030695576E-017  -7.0151776833893824E-018  -4.1690417804630671E-018  -2.5612225574712602E-016   2.9814219712152047E-017  -9.9189690846432107E-017   9.6277761682066444E-017  -8.6787254861918825E-018   4.6268867143571864E-016  -1.7384241547420738E-016  -2.7654241720904242E-016   8.9693277531746569E-016  -2.8322171215754634E-016
  -1.2099406156595033E-016  -1.4662616039821248E-018   2.4074567163005610E-017  -8.2654953713252608E-017   1.0321268633538864E-016   4.4499084855462403E-017  -1.2015570255257960E-016  -3.7796727688316835E-018   1.0983137413867616E-016   3.0532248991660287E-002   2.6159320850701865E-016   6.8479013895484302E-017  -2.9956431910441393E-017  -1.2540695185467809E-016   3.6915749896249780E-016   2.0190554957111324E-016   8.4920047889125244E-002  -7.9507594627019549E-017   7.3112495875202003E-017   2.2872716548318927E-016  -3.5034019363667067E-016  -1.6965808631806228E-016  -8.3990295152279270E-016   1.1977980021447534E-017  -5.3049443892842645E-017   2.6382742630190804E-016  -5.0194109747246559E-018  -6.0893563508380529E-018   4.6674290916473366E-019   2.7712001450083165E-016   1.8827874886693044E-016  -8.0664576738410191E-017   4.1004273071078932E-016  -6.4531149873477790E-015   9.0014064249782743E-016   4.1232208619623753E-016  0.17180786761830000        8.3448838930541672E-016   1.1160506113022275E-017   3.2793049959531100E-016  -3.9622040365889680E-017  -3.6874662083641817E-016   6.5049094943053736E-016   5.5792694269386349E-016  -1.8344548978871574E-017   2.3760691168900996E-016   3.2122228117390500E-016   3.2245662776102824E-018   2.2598056468151681E-016  -1.7885116828744876E-017   5.7057121092843771E-016  -1.3822758263937604E-018   1.4106978973526739E-015   4.9108777372847984E-016   4.2968514950248547E-017   3.3082649149616635E-016   3.4068166786003925E-017   5.1801372532065917E-016  -1.0321679450745882E-018   9.0371621673365815E-017   4.3844145905859042E-017   4.0543988876413775E-018  -2.2491417821284414E-018  -7.8787520599635071E-018  -2.0917367966981293E-018   4.9502461032812705E-017   1.0234522788069895E-016   1.8115222344937464E-016   1.1199377795978979E-015   2.1446738556284702E-016   2.6133962294940305E-016  -2.9781285160141414E-016   1.9547596011481408E-015  -6.5246080897688311E-016
   5.3525019572873895E-017   9.5954964494012077E-016   2.5346451758290317E-016   4.4467635233222551E-014  -2.3668105410846105E-016  -9.5730590232148641E-016  -2.5656481194346089E-016  -1.5266124495826223E-002  -3.2514947867133387E-016   2.6159320850701865E-016   3.0532248991656744E-002   2.9726160709725543E-016  -1.5266124495829677E-002  -2.3328765353845403E-014  -4.2460023944546912E-002   4.7500125374359889E-016   6.1925223521036539E-016   8.4920047889109798E-002  -2.7960769347063248E-017  -4.2460023944562948E-002   3.3737743848470202E-016  -5.6568873498691187E-016  -1.4326118062335429E-015  -3.3630115274665304E-020   2.7117045466348411E-016   3.5250558699683502E-016  -3.0591219829522164E-017   3.9530955709993827E-017   1.7307522226301797E-017   3.4545211665422873E-016   3.6542417662734917E-016   3.2475789023534981E-016   8.1170600146355082E-016  -1.6370330347207716E-015  -8.5903933809153857E-002   4.6483728189301213E-016   1.5522810494676063E-015  0.17180786761830022       -1.2281088350584839E-016  -8.5903933809149707E-002   3.9349205502083538E-016   7.2180722988510102E-016   7.9537601849215849E-016  -8.2057001164874152E-016  -4.6967805838153566E-017   2.8516022088842202E-017  -9.2980656235131081E-016  -6.8462867785500096E-018  -1.0487275935960337E-015  -3.9254121499037213E-017  -2.8097210365843391E-017  -3.0789077829751861E-017   2.0753044538186554E-017   3.3516201736172308E-015   9.7332438325563227E-018  -4.6059438316292642E-016  -1.2507397745803660E-018  -1.0933961455542200E-015  -1.9665985971834489E-017   2.6467531891111841E-018   4.5526533237198817E-017   5.1724058640755972E-018  -3.4574904582640755E-017  -1.6702668568019119E-017   1.3669838547997759E-016   3.1725766507190593E-017  -1.4982849972201087E-017   7.8380202909059303E-017   3.4149614173497409E-014  -4.3744358506618263E-016  -4.0060657187935914E-016  -2.6273985554535442E-016  -2.1799807419090272E-014   5.9971236208308804E-015
  -1.1829172077542563E-017   2.5436854555303039E-016   1.2291655432997400E-016   3.1277455500367325E-016  -1.4908772467250958E-017  -2.4100789862013444E-016  -4.0618189043254648E-017  -1.5509882654321485E-016   2.5599665006629906E-016   6.8479013895484302E-017   2.9726160709725543E-016   3.0532248991660491E-002  -3.8083990971980657E-016  -2.7798339006531168E-016  -2.9345848210367009E-016  -2.4317977102492066E-016   3.4309577748303773E-016   8.5196627889736316E-016   8.4920047889126007E-002  -7.8567827453858184E-016   3.3914864701762536E-017   4.7848988818035470E-016   1.2536420274695058E-015   1.0829488266158782E-018  -1.9634879984337206E-016  -2.9364268313483397E-016  -4.4129052581534652E-018   2.1769823381959208E-017   1.3647022545101921E-018  -2.2161217705850174E-016  -2.3667029328671792E-016  -6.3232288699845839E-017  -4.9359530903093233E-016   2.0258682215695502E-015  -7.2921617000542119E-016  -4.6430958036691808E-017   2.2463313761182350E-018   1.2430898832809039E-015  0.17180786761829955       -1.2491129228105449E-015  -8.1000313090595634E-017  -1.0076851428480029E-016  -1.1765282201177888E-016  -1.0342095819406778E-016   3.2116618271163042E-017   9.5730688141108919E-018  -5.7304549646728065E-017   2.7371262955097286E-016  -7.7842842608637467E-017   3.8887929137982968E-017   2.9762804543158328E-018  -2.9837579178998904E-017   2.3251719460386209E-017  -1.4088596074155237E-016   4.6493843250790695E-016  -7.8983471058203097E-017   1.1129192254741848E-015  -1.4273243891138527E-016  -1.1334117217010700E-017   2.3872737972159506E-017  -1.6946572126136046E-017   9.5517198067485648E-018  -1.8531504336898579E-017   1.0778070663167817E-017  -2.4237516728730780E-017  -4.6694076361075424E-017  -6.2904618754695402E-017  -1.2373810547642107E-016  -4.1596016409185438E-016   5.5898590764876724E-017   9.5253342727926031E-019  -2.8871482174771984E-016  -5.4184027421473699E-016   1.8276551665412447E-016
   2.4073797143051074E-018  -7.9769979940603819E-016  -1.2169174257926974E-016   7.4952133849069205E-014   7.2139931400152056E-017   7.7441181882454081E-016   1.1665067315728219E-016  -1.5266124495815282E-002   3.3312630557295493E-016  -2.9956431910441393E-017  -1.5266124495829677E-002  -3.8083990971980657E-016   3.0532248991644879E-002  -4.0844788242778143E-014  -4.2460023944523195E-002  -3.5756352373868250E-016   1.0970696617436417E-016  -4.2460023944562712E-002  -3.0216047508717877E-016   8.4920047889085901E-002  -1.4028574345164796E-016  -9.1321917628774342E-017   2.3165609063981625E-016  -2.0711967964979194E-017  -4.3579853808749972E-017   8.6801762783061995E-017   1.4846637744871412E-018   4.0161275366884564E-017  -3.7782759069145053E-017   8.8924610691509288E-017   1.8032658568519778E-017  -4.2482911267516726E-017   7.2328950278519087E-018  -4.1498880149164509E-014  -8.5903933809129807E-002  -4.4565791486846159E-016  -3.0416953136084935E-017  -8.5903933809147057E-002  -4.8552902624490948E-016  0.17180786761827843       -4.7624563810328611E-016   5.1338804291610737E-016   2.0234653269160270E-015   7.9181776729879434E-017   1.2576862743495596E-017   2.8540928431787639E-017  -1.2486462327005170E-015  -1.8492131451413739E-017  -7.8169922933634463E-016   6.2525914669744057E-018   1.7113630351998563E-017   1.3641315434333364E-017  -7.4606191391184927E-017   3.0371929599659718E-016  -4.2999186793839427E-017  -1.6712986004756735E-015  -2.9637604287922032E-017   4.0940979766233949E-015  -1.1112061411662531E-017   4.6395317491776920E-018   1.9040654661977524E-017  -1.9250244407582310E-017  -2.2874803082763540E-018   1.7130101839576935E-017  -1.2079720697685597E-016   2.4520286509017880E-017   2.0995484851963763E-017   9.4281394928536125E-017   6.0171410273620150E-014   4.6999869313688437E-016  -4.5695103920241170E-016  -1.8542784389935879E-015  -1.8044440761850018E-014   2.5760271270755403E-015
  -1.2827912594047408E-016  -2.9538391581644584E-015  -5.6420642733794825E-018  0.30769302073841970        3.1233483674746762E-016   4.1045016824632931E-015  -9.6438050570982862E-017   9.0321504071032716E-014   1.0081309965552922E-016  -1.2540695185467809E-016  -2.3328765353845403E-014  -2.7798339006531168E-016  -4.0844788242778143E-014  0.17830451253240326        3.1179890251354542E-013   2.7832386115734454E-016  -3.9679834691396195E-016  -9.8089448934704891E-014  -7.1975040736448103E-016  -1.7807291466711239E-013   2.6786139725131310E-015  -4.8531564121499734E-015  -2.2024595158430911E-015  -1.2916870345627165E-015   6.8897994353720453E-019   2.0804775668647623E-016  -5.3658928578659741E-016   4.0550628841762091E-018  -5.5119854166193886E-016  -1.0473063020186059E-016   1.9323535585678842E-016  -5.3488483937660731E-017   4.1926093321698918E-016  -7.0408555581827903E-002   7.3752470806788789E-013   7.0800107131961458E-016  -2.7170442185559496E-016  -2.5346643609233554E-013  -1.4595698914236464E-015  -4.5945235817271204E-013  -1.4436833978536093E-016  -6.1823390440061200E-015  -5.3973352361635922E-015   6.8507782046961978E-015   5.7363639647623236E-017  -2.1211146917407875E-017   1.8413811136430651E-015  -5.6398566520453796E-019  -1.8190321335231040E-015   5.7644083276366904E-017  -1.0768158138927077E-017   3.1417286962125061E-017  -2.5914495436998197E-017   3.9761045235203392E-015  -1.9237026371232511E-018   3.1094610721252544E-015  -3.6096121061311629E-018   6.1125140548069346E-015   8.0661321575568661E-017  -1.5681364450892093E-017   4.9804847705287818E-017   1.6297628108235861E-017   6.5987660257952620E-018   2.9368618337428248E-017   2.1313747643993636E-018   6.1933059712839180E-017   2.3083399521803516E-018   1.6020784190076332E-016 -0.16103432444966340       -7.3401873600592868E-016   7.0541821992040671E-015   5.3030502755249696E-015   9.5706820236281659E-002  -2.7260349636585902E-002
  -1.5594048653706090E-016  -4.4654259292500688E-016  -3.5864628070740007E-016  -1.1162144023773448E-013   4.5513948060099766E-016   5.3284373847231092E-016   4.4165729668416583E-016   8.4920047889067971E-002  -5.2455903390473916E-017   3.6915749896249780E-016  -4.2460023944546912E-002  -2.9345848210367009E-016  -4.2460023944523195E-002   3.1179890251354542E-013  0.23619008660174270       -4.1082199084651049E-016   7.9116646570204917E-016 -0.11809504330089189       -5.4455472893285922E-016 -0.11809504330085061       -6.3737088888168897E-016   2.6883325459418845E-015   5.2118343695442539E-015   5.7700210124422327E-017  -6.3300298412265472E-016  -1.2218556579809753E-015   8.0954735261324891E-017  -2.2164983920066856E-016   5.6948248184471867E-017  -1.2081420041542157E-015  -1.0665173344136627E-015  -7.8509790544395638E-016  -2.2777336293601121E-015   2.5022901283276750E-013  0.47785318237963509       -2.2368107257895317E-016   1.4697902048008794E-015 -0.23892659118982296       -1.2673815176590269E-015 -0.23892659118980725       -1.3744550660798840E-016   1.1294751400637035E-016  -1.2652659931991239E-016   2.0620401867614205E-015   9.5652322740733329E-017  -1.5869381164611620E-016   6.0589809722297433E-015   7.0474326673754396E-017   5.0910083139779110E-015   9.1787916163650720E-017   3.0548884264175448E-017   4.7693466806670245E-017   1.4978299865772321E-016  -1.0166679922464260E-014   9.2523333938529623E-017   5.9294830955412419E-015   8.5910463317642116E-017  -8.3459211689812582E-015   8.5603692621985286E-017  -2.0265512247829295E-017  -1.7958220797833170E-016   3.9155016835230430E-017   1.0252620077539252E-016  -1.1888300104831826E-018  -4.4226314292964201E-017  -1.5643844372604478E-016  -1.6723079982390089E-017  -4.8022768191716209E-016   2.9039297037498120E-014   2.5644633404223557E-016  -9.6426699524524969E-016  -1.3928549708610707E-015  -1.8603411485314665E-013   6.9088864930077359E-014
  -1.0719823736227081E-016   1.5794010201958713E-016  -6.9489521430537926E-016  -8.0590433263812269E-016  -2.0222865812403713E-016  -3.9024863921091030E-016   7.9863571333887733E-016   1.9574931411777140E-018   8.4920047889121775E-002   2.0190554957111324E-016   4.7500125374359889E-016  -2.4317977102492066E-016  -3.5756352373868250E-016   2.7832386115734454E-016  -4.1082199084651049E-016  0.23619008660191157        5.8193873981801716E-016   7.5022385764664755E-016  -7.8793037632668457E-016   2.9404664060626586E-016  -2.8804726344213291E-015   1.3515604680793507E-014   3.8006267190391613E-015   1.3415683767675268E-015  -2.7900379591386186E-015  -8.9852034994375598E-016   5.6850037091085588E-016   1.1035754634002105E-016   6.1498222397296688E-016  -6.1031456928827413E-015  -8.5917474519127742E-016  -2.5347347822108391E-015  -2.0122354776445329E-015  -4.1536010114141942E-015  -6.5203918653264205E-016  0.47785318237971175        7.1699644919182084E-016   1.7385757818208554E-015  -1.6741369033256021E-015  -1.2029172281751002E-015   1.2263766928684211E-015  -4.7937841246869220E-015  -2.0604081942113326E-015   5.5721021926976812E-016   1.2981675701185165E-015   1.8031499580830360E-018   3.1569883124165612E-016  -1.4366129769613290E-016   3.7226886506114741E-016   3.3442169402922563E-015  -8.9829267538523597E-018   2.6264797296160950E-015  -4.3699896823879835E-017   5.9982625263767704E-016   4.2377362739174570E-017   4.7289969454336531E-016   5.1832514473631927E-018   6.3760347835515314E-016   1.6241471734154804E-016  -2.6801994475720555E-016   9.5341577379873394E-017   1.2264000075522235E-016  -1.9511475390723655E-017  -1.1595452000451341E-017  -7.1235873352985055E-016   8.2922976503453927E-017  -2.7587857347448019E-016   2.6777955776965693E-016   4.0414761361295765E-015  -9.2614036542328497E-017  -2.0472853877685449E-016   4.0628305259881302E-016  -1.1422286580161178E-015   3.3087273754519028E-016
  -3.3598498392195662E-016  -3.6591100154843833E-018   6.7094832841938454E-017  -4.8576713253977844E-016   2.9066767056645259E-016   1.2656711422142863E-016  -3.3328493107999161E-016  -9.5212856018288911E-017   3.1280249115743528E-016   8.4920047889125244E-002   6.1925223521036539E-016   3.4309577748303773E-016   1.0970696617436417E-016  -3.9679834691396195E-016   7.9116646570204917E-016   5.8193873981801716E-016  0.23619008660191007       -5.2242027571347368E-016   6.2786994841582747E-016   1.1730292471143227E-015  -8.4610379255451117E-016  -3.7204863032886615E-016  -2.3037179936716681E-015   3.3314631926104212E-017  -1.4754764108933887E-016   7.3378930199810230E-016  -1.3960603441511908E-017  -1.6936467178303733E-017   1.2981628116471197E-018   7.7076028395004198E-016   5.2366402405048518E-016  -2.2435424660178178E-016   1.1404612984146331E-015  -1.4607176369544640E-014   2.0269633953070790E-015   1.1880280830281483E-015  0.47785318237970886        1.7114317639930332E-015   8.8992330757146771E-016   1.9982489783944585E-015   4.1859758978554405E-016  -6.1418252711874154E-016   1.9424436074254544E-015   1.5517750659350822E-015  -5.1022116916958626E-017   6.6086158032214916E-016   8.9342293480540566E-016   8.9685605142010295E-018   6.2852495340284401E-016  -4.9744287687897695E-017   1.5869428606269322E-015  -3.8445556174153950E-018   3.9236065785065180E-015   1.3658737446483131E-015   1.1950932105579420E-016   9.2013534635181063E-016   9.4754577553476499E-017   1.4407635144549984E-015  -2.8707924971264212E-018   2.5135267442684211E-016   1.2194473361593038E-016   1.1276593080126196E-017  -6.2555898813732151E-018  -2.1913354709682724E-017  -5.8177957672212582E-018   1.3768233590274340E-016   2.8465514136303076E-016   5.0384285464016188E-016   1.0637632703321849E-014   9.7361426113038606E-017   3.3852344928332174E-016  -9.5406036588165629E-016  -1.2806396609675889E-015   2.5085589113173254E-016
   1.4644754722239247E-016   2.6678928328581479E-015   7.0584401411217187E-016   7.1315869431287118E-014  -6.7448027234403630E-016  -2.6687576146752816E-015  -7.0772581902166804E-016  -4.2460023944544727E-002  -1.1096101962878354E-015  -7.9507594627019549E-017   8.4920047889109798E-002   8.5196627889736316E-016  -4.2460023944562712E-002  -9.8089448934704891E-014 -0.11809504330089189        7.5022385764664755E-016  -5.2242027571347368E-016  0.23619008660185153       -7.7232464129964509E-018 -0.11809504330095982        3.6117746546885459E-016  -1.7936530956985940E-015  -3.7755589179589237E-015  -9.3536213469976029E-020   7.5421263603696328E-016   9.8043191437132488E-016  -8.5084064839230162E-017   1.0994835830503277E-016   4.8137810507071326E-017   9.6081393472479109E-016   1.0163626854843576E-015   9.0325660578381814E-016   2.2576166117014464E-015  -8.6219328221071811E-014 -0.23892659118982584        1.3782242491356175E-016  -2.2413847037081818E-016  0.47785318237967800       -1.9985234170682684E-016 -0.23892659118986145       -1.2843587925081153E-015   1.0996740012525106E-015   3.0735610789200052E-015  -2.2822702875310333E-015  -1.3063264098600342E-016   7.9312269530177654E-017  -2.5860924239143114E-015  -1.9041735224142715E-017  -2.9168502292499471E-015  -1.0917839293307625E-016  -7.8147418831508751E-017  -8.5634371856527910E-017   5.7720921131943463E-017   9.3219384437675504E-015   2.7071295422838470E-017  -1.2810617745919262E-015  -3.4787113646032634E-018  -3.0410879024081291E-015  -5.4697460084555087E-017   7.3614756525706257E-018   1.2662399627966977E-016   1.4386131653825236E-017  -9.6163979067544807E-017  -4.6455517084919357E-017   3.8020237043443769E-016   8.8239605665671254E-017  -4.1672145982507772E-017   2.1800066501532648E-016  -8.8415606313603423E-014   1.0287014654769430E-015  -2.5723092554659124E-016  -1.5438184054329553E-015   1.1245760647052874E-013  -3.6964230260361437E-014
  -3.2504158999688979E-017   7.0756625663457527E-016   3.4052853058237474E-016   9.8977135226188338E-016  -3.8815362660316669E-017  -6.6975164199935464E-016  -1.2194280901367462E-016  -3.3371255825166906E-016   6.7189363881642307E-016   7.3112495875202003E-017  -2.7960769347063248E-017   8.4920047889126007E-002  -3.0216047508717877E-016  -7.1975040736448103E-016  -5.4455472893285922E-016  -7.8793037632668457E-016   6.2786994841582747E-016  -7.7232464129964509E-018  0.23619008660191271       -7.9552063856578564E-017   1.8880601217381051E-016   1.3511216833089308E-015   3.1670574859462575E-015   3.0120305334004628E-018  -5.4610944284602251E-016  -8.1671516306952116E-016  -1.2273715112028673E-017   6.0548911566871390E-017   3.7956778368480947E-018  -6.1637505621554815E-016  -6.5825654197084680E-016  -1.7586942206572716E-016  -1.3728480103842685E-015   5.0822078986927595E-015  -1.4785946887708853E-015  -3.5486614731808393E-016  -6.5408561813334945E-016  -1.3522838651266860E-015  0.47785318237970875        7.8593815483486582E-016   1.6409368292402124E-016  -1.9665988883520373E-016  -1.6449520249135991E-015  -2.8764709487909857E-016   8.9326690685933212E-017   2.6625796952009538E-017  -1.5938246480282356E-016   7.6128324564875460E-016  -2.1650609242564151E-016   1.0815989367859646E-016   8.2779974308789789E-018  -8.2987946727024121E-017   6.4670543287513309E-017  -3.9184937003317354E-016   1.2931439791693950E-015  -2.1967854862390948E-016   3.0953878946097544E-015  -3.9698502232810507E-016  -3.1523841467183684E-017   6.6397796388795165E-017  -4.7133891673065657E-017   2.6566418465740189E-017  -5.1542100163561594E-017   2.9977296370098510E-017  -6.7412363952610814E-017  -1.2987131088194875E-016  -1.7495806609447737E-016  -3.4415564492602482E-016  -2.4013268879952051E-015  -2.1207126745504097E-016  -7.6271350855936437E-017   4.4080812030383964E-016  -4.0816734098208747E-016   1.7099455100089993E-016
   8.2906578112673139E-018  -2.2197250394029975E-015  -3.4455276276266030E-016   1.0337100991239041E-013   2.1130491635606479E-016   2.1467764811049089E-015   2.8374712291805536E-016  -4.2460023944523168E-002   1.3898180126019288E-015   2.2872716548318927E-016  -4.2460023944562948E-002  -7.8567827453858184E-016   8.4920047889085901E-002  -1.7807291466711239E-013 -0.11809504330085061        2.9404664060626586E-016   1.1730292471143227E-015 -0.11809504330095982       -7.9552063856578564E-017  0.23619008660181040       -1.0220613774418676E-017  -5.0751534255398812E-016  -8.0617616305574020E-016  -5.7606673910819214E-017  -1.2120965191433585E-016   2.4142374360982948E-016   4.1293295779493208E-018   1.1170148089562344E-016  -1.0508605869150371E-016   2.4732806942936639E-016   5.0154648929499340E-017  -1.1815870033992336E-016   2.0117017659039666E-017  -2.0820091042281961E-013 -0.23892659118980886        1.3674415197177242E-015   1.6713103543802962E-015 -0.23892659118985543        1.8892646372059392E-016  0.47785318237966867        2.4137492518572726E-016   3.8304010014027657E-016  -3.5013763760489280E-016   2.2023010077576667E-016   3.4980318245288434E-017   7.9381542115913795E-017  -3.4728885483140743E-015  -5.1432591449611441E-017  -2.1741580847287547E-015   1.7390476769466383E-017   4.7598534567334074E-017   3.7940905049837937E-017  -2.0750391978963449E-016   8.4474147870125552E-016  -1.1959462936137599E-016  -4.6484213209473932E-015  -8.2431751953049154E-017   1.1387009071395271E-014  -3.0906232537383422E-017   1.2904036595249745E-017   5.2958211698692876E-017  -5.3541148489032301E-017  -6.3622217078404195E-018   4.7644347095398624E-017  -3.3597605614155574E-016   6.8198838060397411E-017   5.8395225964891722E-017   2.6222701690185393E-016  -4.0619422279572795E-014  -1.7092262682611700E-016  -2.8467125649322886E-016   4.8542309725048649E-016   1.5337425841962489E-013  -5.6233608781408553E-014
