   1.7219785819667791E-004  -9.5142324504323248E-012  -6.9212954960026128E-012   1.3601354954969619E-015  -2.2830651786307900E-018  -1.0592702835544396E-018  -1.8670307645404874E-018  -2.8725790374114710E-018  -9.6104324025672061E-019   6.8355726858774250E-018  -4.9708072053369955E-004   2.5464143430435738E-011   1.8469683534023351E-011   1.6779148770573755E-015   1.5881519916898111E-018  -1.0041918784201374E-017   8.5613734364334045E-018  -4.3775213486941922E-018   8.0875756506911487E-018  -7.1602613964518878E-019  -8.3901083199128725E-003   2.3092401161283442E-010   1.6790765127893348E-010  -2.8759973648512010E-015  -5.3049863770277933E-018  -2.6700067794126475E-018  -2.5490930828537028E-019   2.0758466216414477E-018  -1.8160439081160625E-019   3.6602101145012889E-018  -6.3668606648164709E-015  -1.0948273227495257E-002   3.0001342090561720E-010   2.1834324123409252E-010  -5.0776878512416344E-012   1.6579465319623651E-012   1.3365023214244122E-012   3.9790419498499539E-012   2.7076082992962990E-012   2.8329209677322596E-012  -6.2268747834982097E-013  -1.7434161055409207E-012  -8.2252260698285163E-013   3.0329396639385547E-013   6.1301274171025886E-015  -2.6849806572263244E-015
  -9.5142324504323248E-012   1.7219777022717199E-004  -6.2422248426923509E-011  -1.6695043628762381E-016  -1.1326553350436708E-017  -3.2586547200902671E-018   7.8549257971684485E-018   5.3137930522446574E-018  -2.3921023246372921E-019  -1.6258932952076505E-018   2.5464249922015214E-011  -4.9708048497828779E-004   1.6642401052503532E-010  -1.8563466681038595E-016   1.3859334604480516E-018  -1.8476420545634562E-018  -3.4144671308339826E-018  -2.6420161144335956E-018  -1.7310934835268555E-018  -5.3943543048986769E-018   2.3092610570983767E-010  -8.3901061845957220E-003   1.5141442033693440E-009   3.6671842180850835E-016  -2.4016744691699020E-018  -4.4359789156849899E-018  -2.1020703730414365E-018  -3.8963738184271443E-018  -2.1870737132971546E-018   2.5761910424911618E-018   8.1387853337695842E-016   3.0001614943225670E-010  -1.0948270453726639E-002   1.9695185467264311E-009   7.6400727303530492E-013  -1.4765233644205803E-013   7.2336672035991899E-012  -2.0222143970726065E-013  -2.4277994708709045E-012  -8.2280286104164910E-013   2.9606927365198228E-012  -1.1288248594293776E-011  -3.8249214941763176E-012   3.0221064018357253E-012  -7.8885881669809911E-016   3.4555669918066820E-016
  -6.9212954960026128E-012  -6.2422248426923509E-011   1.7219780026524924E-004  -1.1677645350376037E-016   1.6087945460956809E-017  -6.8536433107823024E-018   1.1495610649656504E-017   9.4052876918284937E-018  -7.1569667425732445E-018   7.0460724456141143E-018   1.8469955038761420E-011   1.6642406489539365E-010  -4.9708056505452704E-004  -2.5513912025516527E-017   7.8953638119380372E-018   8.3293999237787122E-018  -2.0775174313082328E-017   1.3630903642099938E-017   8.3788066772809681E-018   1.4148245576496241E-017   1.6791443736332915E-010   1.5141454090198350E-009  -8.3901069132024959E-003   1.8095610538086709E-015   5.8120422992476181E-018  -2.1555750782760470E-018   8.2207613534294078E-018   2.4136185996251315E-018   5.2005565606953035E-018   8.9020982325748833E-018   5.3098314445822479E-015   2.1835205330112522E-010   1.9695201171054049E-009  -1.0948271401489918E-002   1.5314009405640703E-012   7.2335313650951674E-012  -3.7358555313830071E-012  -1.7450566817072927E-012  -5.8388766501239714E-013  -3.0953798364804386E-013  -1.1387543534401172E-012  -6.2628426026046995E-012  -5.7057158730582510E-012   7.4531175899401710E-012  -5.1849541936627766E-015   2.2797054295703987E-015
   1.3601354954969619E-015  -1.6695043628762381E-016  -1.1677645350376037E-016  0.59595292596513549       -5.8290062252123178E-009   1.8408839144809437E-009   2.1497825192046771E-009   7.4811005799569687E-009   2.1659004368051605E-008  -1.6520775588930860E-009  -1.5967373795160357E-015   4.8412433625502847E-016   6.4427941068505499E-016  0.75390508123574085        9.9768868765807394E-009  -2.8587370934961476E-009  -3.0153047338749440E-009  -1.1262826252762780E-008  -2.9815364648169916E-008   1.2859780257344201E-009   2.6213934953879831E-016   4.2020577188164366E-017   1.9015334898635075E-015 -0.37179952858682597        1.6503404620573347E-008  -3.7549710442220436E-009  -2.7732788457385382E-009  -1.3490440665249517E-008  -2.5128377114327087E-008  -3.0129538536097103E-009 -0.45145580776692590       -8.6425151306807382E-017   7.7606771217129196E-017   2.4548665676881566E-015  -1.5254174257081902E-016  -5.3664669431948038E-017  -9.6868262234115148E-017  -2.0917254513700980E-017  -4.5353531932891832E-017  -5.7700390652334915E-017  -7.9275399788826786E-017  -8.7467171202075527E-017  -7.5564186994704810E-017  -1.7225369920998614E-016  0.34815418305048407      -0.14797911310933134     
  -2.2830651786307900E-018  -1.1326553350436708E-017   1.6087945460956809E-017  -5.8290062252123178E-009   5.7024985682535807E-017  -1.8007789798112396E-017  -2.1027799342401585E-017  -7.3179350106039897E-017  -2.1185161270889859E-016   1.6154203232553739E-017   6.5904646239732107E-018   3.2696174863421237E-017  -4.6440810993053740E-017  -7.3750961117618638E-009  -9.7679939766976716E-017   2.7981256350499834E-017   2.9504518025968675E-017   1.1023017642074660E-016   2.9172317340352584E-016  -1.2550614294782268E-017   1.1123864038804397E-016   5.5187110909002462E-016  -7.8386345003384593E-016   3.5821915915497434E-009  -1.6116570698858017E-016   3.6667720112631801E-017   2.7078561992816913E-017   1.3173259009159666E-016   2.4534811019278457E-016   2.9433008092217910E-017   4.2709990115950947E-009   1.4515558268489374E-016   7.2013798377798432E-016  -1.0228653666896841E-015   1.6444911263564903E-024   1.1528219490158702E-024   1.7669139036457830E-025  -4.8587417078817807E-026   5.0934967027468846E-025   5.1580397871686839E-025   5.6548071942764602E-025   1.1357580871413037E-024   3.7571328941775894E-025   2.0008050688903904E-024  -3.2609144356814207E-009   1.3838666344578279E-009
  -1.0592702835544396E-018  -3.2586547200902671E-018  -6.8536433107823024E-018   1.8408839144809437E-009  -1.8007789798112396E-017   5.6868384462876675E-018   6.6407746821329995E-018   2.3110193642089212E-017   6.6905095758460814E-017  -5.1023525316467506E-018   3.0577852279120097E-018   9.4067058195237176E-018   1.9784301052900286E-017   2.3290085774871625E-009   3.0836091718274354E-017  -8.8342555036164545E-018  -9.3163909582095224E-018  -3.4803252548946310E-017  -9.2117286891274991E-017   3.9672801463314294E-018   5.1611728233644530E-017   1.5877363324806829E-016   3.3393460200586157E-016  -1.1384525765733281E-009   5.0931801084774654E-017  -1.1588023650186640E-017  -8.5579532891107364E-018  -4.1631585679131299E-017  -7.7541245391250366E-017  -9.3001823575966514E-018  -1.3678549952785161E-009   6.7348271390678850E-017   2.0718410973575257E-016   4.3575209360283445E-016  -5.1395911203155297E-025  -4.5450856237984176E-025  -3.0888040578920115E-025  -6.4605886099255510E-027  -8.6924454359840532E-026  -1.6109475159467515E-025  -2.6705364255661029E-025   1.8503169981383647E-025   8.8233637591050459E-026  -8.5504767167801357E-025   1.0488154328640043E-009  -4.4539114467122097E-010
  -1.8670307645404874E-018   7.8549257971684485E-018   1.1495610649656504E-017   2.1497825192046771E-009  -2.1027799342401585E-017   6.6407746821329995E-018   7.7549727510958277E-018   2.6987071213760595E-017   7.8130948416343430E-017  -5.9592115000093250E-018   5.3895351080921613E-018  -2.2674686625611619E-017  -3.3184190128369808E-017   2.7196451502318661E-009   3.5996385589802299E-017  -1.0313730116531240E-017  -1.0877947921819406E-017  -4.0633230618078539E-017  -1.0756001507118865E-016   4.6369844216146974E-018   9.0968771713768443E-017  -3.8272088854738978E-016  -5.6010829422637117E-016  -1.3373847639650629E-009   5.9514993888425434E-017  -1.3541142485614327E-017  -1.0000775329063774E-017  -4.8648887483585428E-017  -9.0615388985204892E-017  -1.0866069264442060E-017  -1.6184033108823846E-009   1.1870537496538183E-016  -4.9941344086075072E-016  -7.3088670814061090E-016  -3.5758915816510218E-025   2.6709570666578973E-025  -2.8838158219768569E-025  -2.4076792203208791E-025  -3.4244118961104699E-025  -2.9451937199143250E-025  -2.2599740264661151E-025  -1.2366225714959088E-024  -8.1254414927730222E-025   2.3187421675205644E-026   1.2457845985737421E-009  -5.2935652151298988E-010
  -2.8725790374114710E-018   5.3137930522446574E-018   9.4052876918284937E-018   7.4811005799569687E-009  -7.3179350106039897E-017   2.3110193642089212E-017   2.6987071213760595E-017   9.3915578999953204E-017   2.7189232851785795E-016  -2.0736019874646792E-017   8.2922552256832540E-018  -1.5339240106207494E-017  -2.7150085824557426E-017   9.4645869907620136E-009   1.2529831466947275E-016  -3.5898015997836453E-017  -3.7858645055764224E-017  -1.4142470520606371E-016  -3.7433617315156616E-016   1.6126875481310615E-017   1.3996334442630879E-016  -2.5890764326356779E-016  -4.5826011105872120E-016  -4.6351929903379201E-009   2.0702038597848817E-016  -4.7101654268325164E-017  -3.4785826539116930E-017  -1.6921973522946917E-016  -3.1518598728978620E-016  -3.7800518042150899E-017  -5.5818652646172956E-009   1.8263851113707315E-016  -3.3784922848851790E-016  -5.9798476063545875E-016  -1.7184394728134009E-024  -2.8978349865888633E-025  -1.2614642280658786E-024  -4.0061200651615443E-025  -7.1924753076496560E-025  -7.9252451019335239E-025  -1.0045413773179142E-024  -1.8181520012975258E-024  -1.3097833807282914E-024  -1.5623407365194912E-024   4.2852831030786232E-009  -1.8201448542341454E-009
  -9.6104324025672061E-019  -2.3921023246372921E-019  -7.1569667425732445E-018   2.1659004368051605E-008  -2.1185161270889859E-016   6.6905095758460814E-017   7.8130948416343430E-017   2.7189232851785795E-016   7.8716599806837168E-016  -6.0040106786051992E-017   2.7743120672795344E-018   6.9052494042644695E-019   2.0659909982582796E-017   2.7400061256683766E-008   3.6263829260314694E-016  -1.0390550070101082E-016  -1.0959204032829547E-016  -4.0936136446104684E-016  -1.0836391846330051E-015   4.6724476341009471E-017   4.6827951178395077E-017   1.1654970731720564E-017   3.4871348197954627E-016  -1.3487902152433177E-008   5.9967640523336613E-016  -1.3644177484492425E-016  -1.0076943120225612E-016  -4.9019137088505779E-016  -9.1305730338377920E-016  -1.0948466269491691E-016  -1.6342051677406263E-008   6.1105894590564842E-017   1.5208601417570022E-017   4.5503708980458646E-016  -5.5768043499182415E-024  -2.2439503457099947E-024  -3.4152243651695377E-024  -6.8668329336192742E-025  -1.6341964716581282E-024  -2.0824650243683877E-024  -2.8719692044561812E-024  -2.9382556001353345E-024  -2.4572524110858377E-024  -6.4956851961999345E-024   1.2587849771486810E-008  -5.3493554757883619E-009
   6.8355726858774250E-018  -1.6258932952076505E-018   7.0460724456141143E-018  -1.6520775588930860E-009   1.6154203232553739E-017  -5.1023525316467506E-018  -5.9592115000093250E-018  -2.0736019874646792E-017  -6.0040106786051992E-017   4.5817688150816841E-018  -1.9732141885281124E-017   4.6934389286726447E-018  -2.0339782237563166E-017  -2.0894699419536583E-009  -2.7618119403003723E-017   7.9166844183121909E-018   8.3540452186941800E-018   3.1194229695776806E-017   8.2612186043317544E-017  -3.5762175952800378E-018  -3.3305425469916018E-016   7.9219429360368886E-017  -3.4331040525498230E-016   1.0529763998231661E-009  -4.5854146085011585E-017   1.0433812414441659E-017   7.7071738792449587E-018   3.7486706931595231E-017   6.9837053493362080E-017   8.3674152489314291E-018   1.3108148920391353E-009  -4.3460332458920186E-016   1.0337363026581009E-016  -4.4798660264781284E-016   2.7989461080055692E-025   5.2655691834163859E-025   7.0999858753320133E-026   1.6722046792634405E-025   2.3367286941561505E-025   2.8235421392670294E-025   8.6485957430392074E-026  -1.7303080928610288E-026   1.7512384681926070E-026   8.3875855444662863E-025  -1.0243202997659188E-009   4.3625708769162921E-010
  -4.9708072053369955E-004   2.5464249922015214E-011   1.8469955038761420E-011  -1.5967373795160357E-015   6.5904646239732107E-018   3.0577852279120097E-018   5.3895351080921613E-018   8.2922552256832540E-018   2.7743120672795344E-018  -1.9732141885281124E-017   1.4349147272440862E-003  -6.7732608676385265E-011  -4.8958293454944240E-011  -1.9748050285921948E-015  -4.5844597450111656E-018   2.8987831645911175E-017  -2.4713986428742537E-017   1.2636479265662781E-017  -2.3346381303799538E-017   2.0669476776398183E-018   2.4219587471608506E-002  -5.6914121099889025E-010  -4.1114130911059031E-010   3.1922309767461590E-015   1.5313898339819406E-017   7.7074459704311084E-018   7.3582846316948075E-019  -5.9923795613239904E-018   5.2410709646544983E-019  -1.0565882590416795E-017   6.8847596973463432E-015   3.1604199968081524E-002  -7.3886365882487025E-010  -5.3430581080923052E-010   1.4657677849961636E-011  -4.7859670031293433E-012  -3.8580592854979190E-012  -1.1486234829745874E-011  -7.8160082401381327E-012  -8.1777462768080939E-012   1.7975016614240082E-012   5.0326907375197987E-012   2.3743625541031174E-012  -8.7551379688526781E-013  -6.6258302563293677E-015   2.9010145590123727E-015
   2.5464143430435738E-011  -4.9708048497828779E-004   1.6642406489539365E-010   4.8412433625502847E-016   3.2696174863421237E-017   9.4067058195237176E-018  -2.2674686625611619E-017  -1.5339240106207494E-017   6.9052494042644695E-019   4.6934389286726447E-018  -6.7732608676385265E-011   1.4349141003410072E-003  -4.4066609166608159E-010   5.4184237730327585E-016  -4.0007517850884117E-018   5.3335574638513995E-018   9.8564879004541720E-018   7.6266634064198387E-018   4.9971180785198656E-018   1.5571793089250152E-017  -5.6914206733416509E-010   2.4219582203394294E-002  -3.6999686054370780E-009  -9.1018659214387064E-016   6.9328733406305329E-018   1.2805268086601693E-017   6.0680116060035248E-018   1.1247598861846719E-017   6.3133905769482906E-018  -7.4366491826836582E-018  -1.9525187964813090E-015  -7.3886476452219783E-010   3.1604193129982680E-002  -4.8099352487666453E-009  -2.2054473541377502E-012   4.2622498533692934E-013  -2.0881308441025657E-011   5.8374941358606702E-013   7.0082890123475193E-012   2.3751715441120859E-012  -8.5465831669831609E-012   3.2585602985024537E-011   1.1041338741084819E-011  -8.7238656872791759E-012   1.8807606200990645E-015  -8.2309627275133659E-016
   1.8469683534023351E-011   1.6642401052503532E-010  -4.9708056505452704E-004   6.4427941068505499E-016  -4.6440810993053740E-017   1.9784301052900286E-017  -3.3184190128369808E-017  -2.7150085824557426E-017   2.0659909982582796E-017  -2.0339782237563166E-017  -4.8958293454944240E-011  -4.4066609166608159E-010   1.4349143123449785E-003   5.3068068689788126E-016  -2.2791406509958322E-017  -2.4044344527807108E-017   5.9971352809754536E-017  -3.9348115520859188E-017  -2.4186984939981517E-017  -4.0841508917798543E-017  -4.1114766968533794E-010  -3.6999694366456234E-009   2.4219583983409690E-002  -2.2140682634133739E-015  -1.6777533355534513E-017   6.2224651665209088E-018  -2.3730735435989746E-017  -6.9673470880936766E-018  -1.5012348639952621E-017  -2.5697540559222478E-017  -7.0424178720109013E-015  -5.3431398628992226E-010  -4.8099363251067374E-009   3.1604195444076326E-002  -4.4206699884727858E-012  -2.0880916325486267E-011   1.0784232284158838E-011   5.0374264760382161E-012   1.6854991140795776E-012   8.9353826025971122E-013   3.2872232790895330E-012   1.8078845914514044E-011   1.6470596719353636E-011  -2.1514792519931740E-011   6.6467642407095078E-015  -2.9176916569012510E-015
   1.6779148770573755E-015  -1.8563466681038595E-016  -2.5513912025516527E-017  0.75390508123574085       -7.3750961117618638E-009   2.3290085774871625E-009   2.7196451502318661E-009   9.4645869907620136E-009   2.7400061256683766E-008  -2.0894699419536583E-009  -1.9748050285921948E-015   5.4184237730327585E-016   5.3068068689788126E-016  0.95383788293824667        1.2630837466656290E-008  -3.6184296403491731E-009  -3.8156778373019826E-009  -1.4254838946787765E-008  -3.7727672749939963E-008   1.6240503342584917E-009   2.9952385278619374E-016  -9.1967659672341260E-016  -1.5423781240339516E-015 -0.46487800348734126        2.0851982227693830E-008  -4.7442053564646542E-009  -3.5036061334437779E-009  -1.7044139714554197E-008  -3.1745010594048631E-008  -3.8078287291944415E-009 -0.55657171897933300       -1.3021098140168959E-016  -1.1736310405197904E-015  -2.0774054772987987E-015  -1.9220193914916571E-016  -6.4309774028311786E-017  -1.2975508374517221E-016  -2.1367670252262877E-017  -5.7022877905537084E-017  -6.9355340599313452E-017  -1.0862369549322378E-016  -1.2067271792997258E-016  -8.6266262313149841E-017  -2.0006945062406297E-016  0.42592174298022312      -0.18081739307493594     
   1.5881519916898111E-018   1.3859334604480516E-018   7.8953638119380372E-018   9.9768868765807394E-009  -9.7679939766976716E-017   3.0836091718274354E-017   3.5996385589802299E-017   1.2529831466947275E-016   3.6263829260314694E-016  -2.7618119403003723E-017  -4.5844597450111656E-018  -4.0007517850884117E-018  -2.2791406509958322E-017   1.2630837466656290E-008   1.6782320379873393E-016  -4.8024525005743321E-017  -5.0578094249017913E-017  -1.8912243836470996E-016  -4.9996866969457333E-016   2.1299878361244249E-017  -7.7379633780841261E-017  -6.7527940421143882E-017  -3.8469092587093969E-016  -5.7722751052084299E-009   2.7417427813348454E-016  -6.2366781273949032E-017  -4.6038272741463447E-017  -2.2403863355954712E-016  -4.1708303468741846E-016  -5.0135392323367865E-017  -6.3550043266973893E-009  -1.0097288218032075E-016  -8.8117377730954234E-017  -5.0198415009694841E-016  -2.4604980873906468E-024  -2.5659342970983721E-025  -2.3191679108399047E-024   2.6294018652308239E-026  -7.5154890764229578E-025  -6.5966021629908923E-025  -2.0510462890550016E-024  -2.6876453911505349E-024  -7.9345513196598118E-025  -1.0389828175787052E-024   4.6281773363139721E-009  -1.9492878708545572E-009
  -1.0041918784201374E-017  -1.8476420545634562E-018   8.3293999237787122E-018  -2.8587370934961476E-009   2.7981256350499834E-017  -8.8342555036164545E-018  -1.0313730116531240E-017  -3.5898015997836453E-017  -1.0390550070101082E-016   7.9166844183121909E-018   2.8987831645911175E-017   5.3335574638513995E-018  -2.4044344527807108E-017  -3.6184296403491731E-009  -4.8024525005743321E-017   1.3747685010351884E-017   1.4484684971156423E-017   5.4145508988384740E-017   1.4319393441406165E-016  -6.1211687078562837E-018   4.8927865621004181E-016   9.0023863257661162E-017  -4.0583883225233896E-016   1.6895076752894960E-009  -7.8726723700961421E-017   1.7909281747199459E-017   1.3222236898425285E-017   6.4337108978895613E-017   1.1979178776286553E-016   1.4389548980060546E-017   1.9155141892097431E-009   6.3846093784997257E-016   1.1747236305054172E-016  -5.2958010192356563E-016   1.0804799087893442E-024   4.5066759109762576E-025   2.5247495009950652E-025  -3.0155987263709245E-025   5.1424958148578525E-026   4.2855715665388490E-026   4.7314809130021881E-025   5.1183271041589998E-025   1.5078150278109964E-026   8.2984147295989419E-025  -1.4205154415494862E-009   6.0005956343011058E-010
   8.5613734364334045E-018  -3.4144671308339826E-018  -2.0775174313082328E-017  -3.0153047338749440E-009   2.9504518025968675E-017  -9.3163909582095224E-018  -1.0877947921819406E-017  -3.7858645055764224E-017  -1.0959204032829547E-016   8.3540452186941800E-018  -2.4713986428742537E-017   9.8564879004541720E-018   5.9971352809754536E-017  -3.8156778373019826E-009  -5.0578094249017913E-017   1.4484684971156423E-017   1.5268523777292400E-017   5.7056243245974823E-017   1.5095704809499921E-016  -6.4783441497783536E-018  -4.1714166012590152E-016   1.6636555782757113E-016   1.0122425309477028E-015   1.8253743885890176E-009  -8.3240742757576027E-017   1.8937634439027630E-017   1.3983721026804361E-017   6.8033837051354889E-017   1.2669698093903936E-016   1.5206844333634506E-017   2.1357348953685929E-009  -5.4432918838612722E-016   2.1709083130303292E-016   1.3208777995476304E-015   3.1158347052384013E-025  -5.5236427760527449E-025   9.3750826263393989E-025   4.6619581242939458E-025   4.7908808076320813E-025   4.4929941786958328E-025   5.3396376371177195E-025   1.4376548283474852E-024   1.0104225575732350E-024  -2.5466911524573061E-025  -1.6133813258250106E-009   6.8354456542051026E-010
  -4.3775213486941922E-018  -2.6420161144335956E-018   1.3630903642099938E-017  -1.1262826252762780E-008   1.1023017642074660E-016  -3.4803252548946310E-017  -4.0633230618078539E-017  -1.4142470520606371E-016  -4.0936136446104684E-016   3.1194229695776806E-017   1.2636479265662781E-017   7.6266634064198387E-018  -3.9348115520859188E-017  -1.4254838946787765E-008  -1.8912243836470996E-016   5.4145508988384740E-017   5.7056243245974823E-017   2.1326191206516669E-016   5.6406703763120015E-016  -2.4140201820121122E-017   2.1328767936392152E-016   1.2872872554410976E-016  -6.6414752110393107E-016   6.7038845210487766E-009  -3.1038893418768793E-016   7.0610968759055495E-017   5.2133829050310962E-017   2.5366480455541987E-016   4.7233272773454593E-016   5.6723879372675811E-017   7.6733246173330002E-009   2.7831963043850413E-016   1.6797843377304754E-016  -8.6664775147953920E-016   3.0759885448869538E-024   1.3355759657905237E-024   1.8160100860901416E-024  -1.4170618344026494E-025   7.5858520606908940E-025   7.9170713618802936E-025   1.8708764010804213E-024   1.9667708510089708E-024   5.0523178527042668E-025   2.7377167477392995E-024  -5.7228644542720628E-009   2.4196852734235448E-009
   8.0875756506911487E-018  -1.7310934835268555E-018   8.3788066772809681E-018  -2.9815364648169916E-008   2.9172317340352584E-016  -9.2117286891274991E-017  -1.0756001507118865E-016  -3.7433617315156616E-016  -1.0836391846330051E-015   8.2612186043317544E-017  -2.3346381303799538E-017   4.9971180785198656E-018  -2.4186984939981517E-017  -3.7727672749939963E-008  -4.9996866969457333E-016   1.4319393441406165E-016   1.5095704809499921E-016   5.6406703763120015E-016   1.4925115872780938E-015  -6.4100298209607752E-017  -3.9405936574474465E-016   8.4345512359001528E-017  -4.0824609494406517E-016   1.8133033125583575E-008  -8.2347612845004573E-016   1.8734727398273830E-016   1.3834328487697418E-016   6.7305368216017902E-016   1.2534463967381226E-015   1.5042185483288746E-016   2.1340918552864327E-008  -5.1420902745868894E-016   1.1006266781253495E-016  -5.3272134174959198E-016   7.3940465550160470E-024   2.8096578956836165E-024   5.2723697968060542E-024   7.1420657617540434E-025   2.3621061621426996E-024   2.7013841724010044E-024   4.5658144405545735E-024   4.9613467109408851E-024   2.7038691863340988E-024   7.4363642691286319E-024  -1.6175408369719279E-008   6.8566810968985126E-009
  -7.1602613964518878E-019  -5.3943543048986769E-018   1.4148245576496241E-017   1.2859780257344201E-009  -1.2550614294782268E-017   3.9672801463314294E-018   4.6369844216146974E-018   1.6126875481310615E-017   4.6724476341009471E-017  -3.5762175952800378E-018   2.0669476776398183E-018   1.5571793089250152E-017  -4.0841508917798543E-017   1.6240503342584917E-009   2.1299878361244249E-017  -6.1211687078562837E-018  -6.4783441497783536E-018  -2.4140201820121122E-017  -6.4100298209607752E-017   2.8404077858004423E-018   3.4887594599546742E-017   2.6283255465426278E-016  -6.8935430108002923E-016  -9.3163535991373552E-010   3.6215734906147601E-017  -8.2444330150429318E-018  -6.0957377429806643E-018  -2.9627053212842239E-017  -5.5251337264320530E-017  -6.5886836839607243E-018  -1.3183544428295731E-009   4.5524907576446947E-017   3.4297085468003395E-016  -8.9954014301241169E-016  -2.2437889737994276E-025   3.9154775229353120E-025  -5.7738683158375817E-025  -3.1930778278529369E-025  -8.9358871686105234E-026  -2.2207120250347718E-025  -1.5741868581888897E-025  -1.0515940474925491E-025  -7.2938188666264844E-025  -2.7756647022375291E-025   1.0947145603527285E-009  -4.7040913905653147E-010
  -8.3901083199128725E-003   2.3092610570983767E-010   1.6791443736332915E-010   2.6213934953879831E-016   1.1123864038804397E-016   5.1611728233644530E-017   9.0968771713768443E-017   1.3996334442630879E-016   4.6827951178395077E-017  -3.3305425469916018E-016   2.4219587471608506E-002  -5.6914206733416509E-010  -4.1114766968533794E-010   2.9952385278619374E-016  -7.7379633780841261E-017   4.8927865621004181E-016  -4.1714166012590152E-016   2.1328767936392152E-016  -3.9405936574474465E-016   3.4887594599546742E-017  0.40879670837409610        8.3712745751950645E-011   6.8640293779788711E-011  -2.3494368063015171E-016   2.5848060548109210E-016   1.3009195864612309E-016   1.2419712130217877E-017  -1.0114472409396471E-016   8.8448357217607333E-018  -1.7833921488640169E-016  -3.2300142271744436E-015  0.53343984214816187        1.7354717259427548E-010   1.2659258764277951E-010   2.4740348745181530E-010  -8.0781214864509252E-011  -6.5119278568916615E-011  -1.9387344869339650E-010  -1.3192455755967633E-010  -1.3803025070178310E-010   3.0339604403610275E-011   8.4945619021508143E-011   4.0076315096736722E-011  -1.4777600734843459E-011   2.6736606627488170E-015  -1.1734346383470380E-015
   2.3092401161283442E-010  -8.3901061845957220E-003   1.5141454090198350E-009   4.2020577188164366E-017   5.5187110909002462E-016   1.5877363324806829E-016  -3.8272088854738978E-016  -2.5890764326356779E-016   1.1654970731720564E-017   7.9219429360368886E-017  -5.6914121099889025E-010   2.4219582203394294E-002  -3.6999694366456234E-009  -9.1967659672341260E-016  -6.7527940421143882E-017   9.0023863257661162E-017   1.6636555782757113E-016   1.2872872554410976E-016   8.4345512359001528E-017   2.6283255465426278E-016   8.3712745751950645E-011  0.40879670913233440        6.4075884758720578E-010  -5.9340443455488765E-017   1.1701805024157902E-016   2.1613723097417996E-016   1.0242054525481681E-016   1.8984581612326940E-016   1.0656264005793269E-016  -1.2552149944507996E-016   4.2790444743263655E-016   1.7354737069834119E-010  0.53343984375209408        1.1426968288875508E-009  -3.7225239883883949E-011   7.1940963351078507E-012  -3.5245073421878915E-010   9.8529794504470131E-012   1.1829128559853272E-010   4.0089968515358474E-011  -1.4425578520857154E-010   5.5000488211956749E-010   1.8636423890514620E-010  -1.4724816141793094E-010  -1.7218711347840312E-016   7.7599204115840027E-017
   1.6790765127893348E-010   1.5141442033693440E-009  -8.3901069132024959E-003   1.9015334898635075E-015  -7.8386345003384593E-016   3.3393460200586157E-016  -5.6010829422637117E-016  -4.5826011105872120E-016   3.4871348197954627E-016  -3.4331040525498230E-016  -4.1114130911059031E-010  -3.6999686054370780E-009   2.4219583983409690E-002  -1.5423781240339516E-015  -3.8469092587093969E-016  -4.0583883225233896E-016   1.0122425309477028E-015  -6.6414752110393107E-016  -4.0824609494406517E-016  -6.8935430108002923E-016   6.8640293779788711E-011   6.4075884758720578E-010  0.40879670882286334        8.0716193841167283E-015  -2.8318448414041084E-016   1.0502767394596126E-016  -4.0054545611873088E-016  -1.1759983651413581E-016  -2.5338921942990517E-016  -4.3374274334236202E-016  -6.0482473651240934E-015   1.2659468818284475E-010   1.1426969690854796E-009  0.53343984320221471       -7.4615459115132160E-011  -3.5244411644568357E-010   1.8202448578348661E-010   8.5025544703117430E-011   2.8449162397643192E-011   1.5081827697499711E-011   5.5484253237270566E-011   3.0514870963031103E-010   2.7800338969858699E-010  -3.6314318758402189E-010   1.1504496507907962E-015  -4.7630837176297903E-016
  -2.8759973648512010E-015   3.6671842180850835E-016   1.8095610538086709E-015 -0.37179952858682597        3.5821915915497434E-009  -1.1384525765733281E-009  -1.3373847639650629E-009  -4.6351929903379201E-009  -1.3487902152433177E-008   1.0529763998231661E-009   3.1922309767461590E-015  -9.1018659214387064E-016  -2.2140682634133739E-015 -0.46487800348734126       -5.7722751052084299E-009   1.6895076752894960E-009   1.8253743885890176E-009   6.7038845210487766E-009   1.8133033125583575E-008  -9.3163535991373552E-010  -2.3494368063015171E-016  -5.9340443455488765E-017   8.0716193841167283E-015  0.48755039086746293       -1.1489244328966462E-008   2.6227561501190732E-009   1.9503330493434924E-009   9.4373184761433412E-009   1.7708356099569199E-008   2.0519665578281313E-009  0.96176253249006072        9.4307587868796742E-016  -2.0170657002999987E-016   9.0852911500379706E-015   1.3117183696354043E-016   2.0086997072752525E-016  -2.7697695868897123E-016   2.5132409350898595E-016   4.4724682713209354E-017   2.0618478522067095E-016  -3.4054780599082713E-016  -4.1431221123016431E-016   4.8339115162775102E-016   9.4195192300693237E-016 -0.89587224311162028       0.39088359862909122     
  -5.3049863770277933E-018  -2.4016744691699020E-018   5.8120422992476181E-018   1.6503404620573347E-008  -1.6116570698858017E-016   5.0931801084774654E-017   5.9514993888425434E-017   2.0702038597848817E-016   5.9967640523336613E-016  -4.5854146085011585E-017   1.5313898339819406E-017   6.9328733406305329E-018  -1.6777533355534513E-017   2.0851982227693830E-008   2.7417427813348454E-016  -7.8726723700961421E-017  -8.3240742757576027E-017  -3.1038893418768793E-016  -8.2347612845004573E-016   3.6215734906147601E-017   2.5848060548109210E-016   1.1701805024157902E-016  -2.8318448414041084E-016  -1.1489244328966462E-008   4.6259018173103708E-016  -1.0529212633673875E-016  -7.7826687001189708E-017  -3.7834982581880040E-016  -7.0534998767864457E-016  -8.4240295616157545E-017  -1.5676908063650985E-008   3.3729196892555064E-016   1.5269714613702027E-016  -3.6952813224070142E-016  -4.1948753196285257E-024  -2.0724098692931271E-024  -1.3755329708919181E-024  -1.8702588857882744E-024  -1.4019127915449111E-024  -2.4786034404100134E-024  -4.3519983053832220E-025  -2.3352523663237349E-025  -4.2430058941881231E-024  -8.4657284950945475E-024   1.2809494759077358E-008  -5.4916989879619136E-009
  -2.6700067794126475E-018  -4.4359789156849899E-018  -2.1555750782760470E-018  -3.7549710442220436E-009   3.6667720112631801E-017  -1.1588023650186640E-017  -1.3541142485614327E-017  -4.7101654268325164E-017  -1.3644177484492425E-016   1.0433812414441659E-017   7.7074459704311084E-018   1.2805268086601693E-017   6.2224651665209088E-018  -4.7442053564646542E-009  -6.2366781273949032E-017   1.7909281747199459E-017   1.8937634439027630E-017   7.0610968759055495E-017   1.8734727398273830E-016  -8.2444330150429318E-018   1.3009195864612309E-016   2.1613723097417996E-016   1.0502767394596126E-016   2.6227561501190732E-009  -1.0529212633673875E-016   2.3966279125099354E-017   1.7715120857500076E-017   8.6119343260587233E-017   1.6055489195008425E-016   1.9172770946583107E-017   3.5899168233455475E-009   1.6975732442301526E-016   2.8203801076868525E-016   1.3705087197567317E-016   1.0404734597815915E-024   4.0913321225449771E-025   8.0245715020459902E-026   3.5829757122566608E-025   3.3163868448525387E-025   5.3122547641100397E-025   1.9696802501874063E-026   4.3345299888689811E-025   1.1369469405391103E-024   1.8240649744821508E-024  -2.9374539255657701E-009   1.2596052019522915E-009
  -2.5490930828537028E-019  -2.1020703730414365E-018   8.2207613534294078E-018  -2.7732788457385382E-009   2.7078561992816913E-017  -8.5579532891107364E-018  -1.0000775329063774E-017  -3.4785826539116930E-017  -1.0076943120225612E-016   7.7071738792449587E-018   7.3582846316948075E-019   6.0680116060035248E-018  -2.3730735435989746E-017  -3.5036061334437779E-009  -4.6038272741463447E-017   1.3222236898425285E-017   1.3983721026804361E-017   5.2133829050310962E-017   1.3834328487697418E-016  -6.0957377429806643E-018   1.2419712130217877E-017   1.0242054525481681E-016  -4.0054545611873088E-016   1.9503330493434924E-009  -7.7826687001189708E-017   1.7715120857500076E-017   1.3095140610842684E-017   6.3657460558821087E-017   1.1868516705626734E-016   1.4169219923555714E-017   2.6866731172720188E-009   1.6206516088177494E-017   1.3364882405638798E-016  -5.2267276406377718E-016   8.1216834661580764E-025   7.3858968034805802E-025  -1.0848302101823704E-025   2.1584590988766585E-025   2.2295931192342862E-025   4.0617399783987252E-025  -5.6606890205357316E-026  -1.5545049173462870E-025   5.0292021625627365E-025   1.8388454544009632E-024  -2.2047139332292439E-009   9.4579163013354202E-010
   2.0758466216414477E-018  -3.8963738184271443E-018   2.4136185996251315E-018  -1.3490440665249517E-008   1.3173259009159666E-016  -4.1631585679131299E-017  -4.8648887483585428E-017  -1.6921973522946917E-016  -4.9019137088505779E-016   3.7486706931595231E-017  -5.9923795613239904E-018   1.1247598861846719E-017  -6.9673470880936766E-018  -1.7044139714554197E-008  -2.2403863355954712E-016   6.4337108978895613E-017   6.8033837051354889E-017   2.5366480455541987E-016   6.7305368216017902E-016  -2.9627053212842239E-017  -1.0114472409396471E-016   1.8984581612326940E-016  -1.1759983651413581E-016   9.4373184761433412E-009  -3.7834982581880040E-016   8.6119343260587233E-017   6.3657460558821087E-017   3.0945817260380950E-016   5.7693951113772868E-016   6.8891612317411107E-017   1.2936229728598631E-008  -1.3198398855081819E-016   2.4773027716318275E-016  -1.5345632459370020E-016   3.5398385115210732E-024   2.0081576425757018E-024   6.4505068224335414E-025   1.4533812484858914E-024   1.1716778328007258E-024   2.0344002978476043E-024   1.4618149902463119E-025   2.5362992603207731E-025   3.4498014475022815E-024   7.2724038173806900E-024  -1.0592051607484707E-008   4.5423918988154983E-009
  -1.8160439081160625E-019  -2.1870737132971546E-018   5.2005565606953035E-018  -2.5128377114327087E-008   2.4534811019278457E-016  -7.7541245391250366E-017  -9.0615388985204892E-017  -3.1518598728978620E-016  -9.1305730338377920E-016   6.9837053493362080E-017   5.2410709646544983E-019   6.3133905769482906E-018  -1.5012348639952621E-017  -3.1745010594048631E-008  -4.1708303468741846E-016   1.1979178776286553E-016   1.2669698093903936E-016   4.7233272773454593E-016   1.2534463967381226E-015  -5.5251337264320530E-017   8.8448357217607333E-018   1.0656264005793269E-016  -2.5338921942990517E-016   1.7708356099569199E-008  -7.0534998767864457E-016   1.6055489195008425E-016   1.1868516705626734E-016   5.7693951113772868E-016   1.0756842510551490E-015   1.2841042420608195E-016   2.4441043873745647E-008   1.1541674014409264E-017   1.3905385235535435E-016  -3.3064823378436962E-016   6.7599882143599614E-024   3.8117435802582912E-024   1.1966688711349813E-024   2.7214075428582358E-024   2.0532613496810573E-024   3.7836687650996853E-024   1.7162043803034619E-025  -8.2452343097230516E-026   6.5305172758831395E-024   1.4081818144379424E-023  -2.0073857628107845E-008   8.6124690224262331E-009
   3.6602101145012889E-018   2.5761910424911618E-018   8.9020982325748833E-018  -3.0129538536097103E-009   2.9433008092217910E-017  -9.3001823575966514E-018  -1.0866069264442060E-017  -3.7800518042150899E-017  -1.0948466269491691E-016   8.3674152489314291E-018  -1.0565882590416795E-017  -7.4366491826836582E-018  -2.5697540559222478E-017  -3.8078287291944415E-009  -5.0135392323367865E-017   1.4389548980060546E-017   1.5206844333634506E-017   5.6723879372675811E-017   1.5042185483288746E-016  -6.5886836839607243E-018  -1.7833921488640169E-016  -1.2552149944507996E-016  -4.3374274334236202E-016   2.0519665578281313E-009  -8.4240295616157545E-017   1.9172770946583107E-017   1.4169219923555714E-017   6.8891612317411107E-017   1.2841042420608195E-016   1.5348663909065299E-017   2.7407957641081557E-009  -2.3271528257676255E-016  -1.6379331774823716E-016  -5.6599198672279707E-016   7.7813823683669623E-025   7.9111139585988005E-025   2.0582804657517287E-025   2.5767968825299323E-025   2.3141256685960201E-025   4.3832077422886041E-025   1.1012770177098770E-025  -4.0351205258310938E-025   3.0637302846276682E-025   1.8702440526811873E-024  -2.2175620662611001E-009   9.4935949058539998E-010
  -6.3668606648164709E-015   8.1387853337695842E-016   5.3098314445822479E-015 -0.45145580776692590        4.2709990115950947E-009  -1.3678549952785161E-009  -1.6184033108823846E-009  -5.5818652646172956E-009  -1.6342051677406263E-008   1.3108148920391353E-009   6.8847596973463432E-015  -1.9525187964813090E-015  -7.0424178720109013E-015 -0.55657171897933300       -6.3550043266973893E-009   1.9155141892097431E-009   2.1357348953685929E-009   7.6733246173330002E-009   2.1340918552864327E-008  -1.3183544428295731E-009  -3.2300142271744436E-015   4.2790444743263655E-016  -6.0482473651240934E-015  0.96176253249006072       -1.5676908063650985E-008   3.5899168233455475E-009   2.6866731172720188E-009   1.2936229728598631E-008   2.4441043873745647E-008   2.7407957641081557E-009   2.1517014631571394       -1.2763744111557330E-015   2.4824955080757508E-016  -1.1767591390414576E-014   2.1136160769867482E-016   4.8606096040830837E-016  -8.2443457870608276E-016   6.4986984635907745E-016   7.8074973448982643E-017   4.9656076417096171E-016  -9.7771215241822912E-016  -1.1813852059762634E-015   1.2180565768441155E-015   2.3509758108602155E-015  -2.0696068357016366       0.90654657074891110     
  -1.0948273227495257E-002   3.0001614943225670E-010   2.1835205330112522E-010  -8.6425151306807382E-017   1.4515558268489374E-016   6.7348271390678850E-017   1.1870537496538183E-016   1.8263851113707315E-016   6.1105894590564842E-017  -4.3460332458920186E-016   3.1604199968081524E-002  -7.3886476452219783E-010  -5.3431398628992226E-010  -1.3021098140168959E-016  -1.0097288218032075E-016   6.3846093784997257E-016  -5.4432918838612722E-016   2.7831963043850413E-016  -5.1420902745868894E-016   4.5524907576446947E-017  0.53343984214816187        1.7354737069834119E-010   1.2659468818284475E-010   9.4307587868796742E-016   3.3729196892555064E-016   1.6975732442301526E-016   1.6206516088177494E-017  -1.3198398855081819E-016   1.1541674014409264E-017  -2.3271528257676255E-016  -1.2763744111557330E-015  0.69608697761492833        3.1038093912044641E-010   2.1350603872220299E-010   3.2283742648747609E-010  -1.0541160835134063E-010  -8.4974308708824415E-011  -2.5298594569235705E-010  -1.7214868346503165E-010  -1.8011601765519370E-010   3.9590225276144331E-011   1.1084574978332174E-010   5.2295683363962112E-011  -1.9283328032633990E-011   6.3020761289991755E-016  -2.7734744375716234E-016
   3.0001342090561720E-010  -1.0948270453726639E-002   1.9695201171054049E-009   7.7606771217129196E-017   7.2013798377798432E-016   2.0718410973575257E-016  -4.9941344086075072E-016  -3.3784922848851790E-016   1.5208601417570022E-017   1.0337363026581009E-016  -7.3886365882487025E-010   3.1604193129982680E-002  -4.8099363251067374E-009  -1.1736310405197904E-015  -8.8117377730954234E-017   1.1747236305054172E-016   2.1709083130303292E-016   1.6797843377304754E-016   1.1006266781253495E-016   3.4297085468003395E-016   1.7354717259427548E-010  0.53343984375209408        1.1426969690854796E-009  -2.0170657002999987E-016   1.5269714613702027E-016   2.8203801076868525E-016   1.3364882405638798E-016   2.4773027716318275E-016   1.3905385235535435E-016  -1.6379331774823716E-016   2.4824955080757508E-016   3.1038093912044641E-010  0.69608698050977280        1.8911507889817709E-009  -4.8575308241606507E-011   9.3875939457516341E-012  -4.5991384064567905E-010   1.2857177454517547E-011   1.5435859315277957E-010   5.2313499739263284E-011  -1.8823973330500696E-010   7.1770274056875121E-010   2.4318715965534272E-010  -1.9214449279339900E-010   8.0867586520461207E-017  -3.2963958654118049E-017
