   1.9609008548215391E-004   5.8359518726389765E-011  -7.5180668237819431E-011  -4.3002891732571851E-011   3.3046821927815430E-012  -2.2586291869556263E-010  -6.1660215618838785E-011   1.4070081850324560E-015   1.2608891168086046E-016  -5.1158582923097706E-017   9.2035668263093715E-003   2.1785347666502645E-010  -1.3895896799166365E-010  -1.0266371893891348E-010  -1.7452894789570669E-010  -2.0234562180600937E-010  -4.3313717690396692E-011   1.7491760406692553E-015   1.4944630234418461E-016  -4.8326971211213100E-017   1.6336999361540653E-002  -5.3026859592509788E-018   1.1775080874017846E-017   2.5485767347393840E-018   6.4802038017903752E-018  -2.3778434204699426E-018   1.1938061382201413E-018  -4.3059937651741567E-018   6.3763593481414153E-018  -6.5768680232173746E-018  -6.9094842784380548E-018  -1.2029449776756124E-010  -4.9022925906771522E-011   3.7630174458398745E-011   2.7930892535975409E-010  -4.4318811569468590E-010  -1.5901374572160433E-010   1.5241416582927287E-015   3.6369887027851614E-017  -1.0116653299144938E-016  -1.7886343403857472E-009   3.2685595592390669E-010   7.8249010658454864E-010   2.9190615698708662E-009  -2.7736166838817149E-009  -1.1304309097738942E-009   1.7956045598374156E-014  -2.1948072612536770E-015  -2.3095598321715199E-015  -5.7352822544558023E-003  -3.4744868833594153E-018   3.4994218968890404E-018   6.7874965035194487E-019   2.8530653637871642E-018  -4.6554962215137328E-019   1.4643829769484317E-018  -1.3109253331515187E-018   2.1183656032957254E-018  -1.9297214446037249E-018  -2.0615696191653497E-018  -1.1864811517836735E-002  -4.7486145932096719E-015   5.6625229971551276E-016   6.0439229504769594E-016   6.9403175517409087E-003  -1.7618351487578014E-003
   5.8359518726389765E-011   2.2577854880810109E-007  -1.9260498142010097E-014   6.0211567555495268E-014  -1.1288936872264817E-007   4.2110483677897180E-013  -1.1288918007806012E-007  -2.7755202342255200E-016  -3.3575673007401582E-017  -4.7155042220725420E-017   2.8044888593119239E-009   9.6900553583012395E-006  -3.8621810406812916E-012  -1.7819489132666469E-012  -4.8450291683820272E-006   9.9332684482411439E-012  -4.8450261899329308E-006  -3.0593436922732812E-016  -3.1417018121747614E-017  -5.3568166799009347E-017   4.9424262082747102E-009   2.4217834667704299E-020  -7.9889673700418516E-020  -1.7665144158321794E-019   1.2719884718967932E-019   9.4853702946820092E-020   1.1194876940773353E-019   7.5719246942191398E-020   2.4961884627942884E-020   2.7754574702016048E-019  -3.7911997387779435E-020   8.7877083905880859E-005  -3.7487942170679742E-011  -1.6714229423682066E-011  -4.3938562993748828E-005   9.4549032388146524E-011  -4.3938520912123995E-005  -2.5495337340809892E-016  -1.4441645207658254E-016  -6.2698348042947905E-017   6.1574503933838206E-004  -2.6479158602529445E-010  -1.2195332680821455E-010  -3.0787268308078144E-004   6.8978482289323980E-010  -3.0787235625750255E-004  -2.1751176223638582E-015  -4.6600193248499709E-015  -1.1366792019936735E-015  -2.0464955824098704E-009   2.7344235254780814E-019   1.3856427627233736E-019   7.3312190826929941E-021  -7.8424514768006831E-020  -2.5836093196805847E-020  -1.0250560690206762E-019   6.4461145954452468E-020  -8.1376852155750476E-020  -7.8239756578330908E-020  -1.1881016717222072E-019  -4.2552827205509167E-009   5.7953492260503631E-016   1.2164201385242707E-015   2.9848927069576376E-016   2.7318089786769580E-009  -7.1985291106814710E-010
  -7.5180668237819431E-011  -1.9260498142010097E-014   2.2577847009284946E-007  -7.2729725034782679E-013  -4.2276125494683113E-015  -6.0032374573796810E-014   2.3488225136978272E-014  -8.2166097987790957E-017   4.4087705901466059E-017   3.7363833560380597E-017  -3.5688505262735619E-009   3.3648920379054548E-012   9.6900515067331119E-006  -1.9632674512865897E-011  -3.0331472504027540E-012  -3.6031189574027175E-012  -3.3174540090406377E-013  -9.4158862879874052E-017   5.1118437873932509E-017   4.1804937841247393E-017  -6.3078272978543072E-009   9.6514019539985935E-020   2.3784364473654795E-019   1.0705636946018705E-019  -1.3499179360400023E-019  -3.9488757827951939E-020   2.4460661119377265E-019   7.7583662284399582E-020   1.4422948602645175E-019   1.8080535752812545E-019   1.7050453810986944E-019   3.0593363782924347E-011   8.7877064394369840E-005  -1.7151269046434934E-010  -3.0609525043899750E-011  -2.9523782865789983E-011   1.6160977646271360E-014   2.3767050067569095E-017   5.9786138085881299E-018   4.8430548089131424E-017   2.1183273196568737E-010   6.1574493544072921E-004  -1.1913721656123914E-009  -2.2154007497570140E-010  -2.0712033400477511E-010   9.7073418732655630E-012   3.2415985763431121E-015  -9.8256083916926950E-016   8.6495915666986186E-016   2.5520950372432144E-009   1.8342833285760764E-019   1.3435787149756586E-019   1.3329414902453876E-019   6.4348573234632681E-020  -5.5270252572526655E-020   8.8889498049204390E-021   1.0959549125997416E-019   1.7513460735400504E-019  -1.8189543533086137E-020   4.7490235690265816E-020   5.3110925906466545E-009  -8.4141741523919569E-016   2.5417711715034830E-016  -2.2717684052388307E-016  -3.3716895112067337E-009   8.8478640099363157E-010
  -4.3002891732571851E-011   6.0211567555495268E-014  -7.2729725034782679E-013   2.2577763538118169E-007  -2.5075889330096530E-014  -3.1128220620368967E-013  -3.5137120009765830E-014  -6.1735146804808270E-017  -3.3000436243330873E-017  -8.2833817075171579E-017  -2.0609981318429613E-009   4.5656780031797708E-012  -1.3778587897232233E-011   9.6900328137593598E-006   1.5921088533205608E-012  -9.4962409418845384E-012  -6.1577840526571286E-012  -7.3596903371847106E-017  -4.1304220446395949E-017  -9.1631246980193980E-017  -3.6230066749054029E-009   1.5599817237550748E-019   2.1577334704094945E-019   1.3912466432403749E-019  -4.7554220058347912E-021   2.4547356162185304E-020   5.2325878381123933E-020   3.5440714730755977E-019  -2.0356665132919121E-019   1.2072321738321407E-019  -1.7038886598421694E-019   4.1824646924838658E-011  -1.1453714915174853E-010   8.7876898545343949E-005   1.3582678027808649E-011  -8.2039598308543780E-011  -5.5407324124350726E-011  -5.0937331420240104E-017  -3.9577856610906894E-017  -1.0758741711766464E-016   2.8502854425135727E-010  -7.8944698718089881E-010   6.1574379978620881E-004   1.0255750242628503E-010  -5.5799688973656090E-010  -3.8758604794260576E-010  -2.9423509791574944E-016  -6.4043975779278430E-016  -1.8979568117420253E-015   1.5036035253042624E-009  -1.4485343348214580E-019   6.2503244097250496E-022  -1.3006545852329292E-019   1.4047242646874650E-019  -7.2619431326341091E-020   1.3856536497395909E-019   1.6089952292092736E-019   8.7943035358200875E-021   2.2560494845695998E-019  -5.1775165467674583E-020   3.1238700187268884E-009   7.9538823453557026E-017   1.6852869968841092E-016   4.9854714018246570E-016  -2.0069542380096354E-009   5.2897086038441853E-010
   3.3046821927815430E-012  -1.1288936872264817E-007  -4.2276125494683113E-015  -2.5075889330096530E-014   2.2577858899887664E-007  -3.8836151892014115E-015  -1.1288922028779255E-007  -3.3465900587787832E-016   8.7262494550795058E-017   6.0535799695654527E-017   9.4728447884630226E-011  -4.8450283948829070E-006   3.4886831530547589E-012  -2.2634338959364336E-012   9.6900538243343739E-006  -2.7982222213742758E-012  -4.8450254294442950E-006  -3.7724425194997444E-016   9.7447444896708589E-017   6.9209011572148422E-017   1.8848933765414444E-010   1.0068060003243044E-019  -1.5155682536157292E-020  -3.9431225582259311E-019   1.8007931357091144E-019   1.2891003422766106E-019   3.0406759293992549E-020   1.2037966079806863E-019  -5.5862215715126436E-020   1.5549330197088587E-019  -1.4661603600452349E-019  -4.3938553933296773E-005   3.0826252445411847E-011  -2.4744467778987270E-011   8.7877087970970080E-005  -3.4000883823768491E-011  -4.3938534037696171E-005  -3.0237536811238206E-016   8.9400371952223951E-017   6.4101127370113710E-017  -3.0787261652368171E-004   2.0858214132087448E-010  -1.7014507146049107E-010   6.1574509740727182E-004  -2.6919892750828322E-010  -3.0787248088378402E-004  -2.4494518003692457E-015   1.0765501462321060E-015   7.9669676736817424E-016   2.7544812391963335E-012  -8.6483238431690285E-020  -1.8048940335877154E-020   3.9978416592067520E-020   1.6036357929538064E-019  -6.7627546508241757E-020   9.0284588928810180E-020   1.6655294321829215E-019  -1.0194268581565647E-019   5.7495043973714089E-020  -3.6944541951820371E-020   4.5249136401068282E-013   6.5371399670626580E-016  -2.8457929828797290E-016  -2.1048075283707046E-016  -5.1846234441462963E-011   1.8675246062360590E-011
  -2.2586291869556263E-010   4.2110483677897180E-013  -6.0032374573796810E-014  -3.1128220620368967E-013  -3.8836151892014115E-015   2.2577833994108167E-007  -4.1722151241000799E-013   1.5141506940204253E-016   2.2440215208203794E-016   1.7557797066395078E-016  -1.0655053534351728E-008   6.9363993496741569E-012   1.2595985910668965E-013  -5.3332767805384934E-012   4.9995667608110487E-012   9.6900481823323699E-006  -1.1935965644077376E-011   1.7025682821399254E-016   2.5341024124849221E-016   1.9871860962541298E-016  -1.8831955504614163E-008   3.2026465894428028E-019  -2.2216321128728918E-019   4.6029927037458903E-020   2.2103044575665241E-020  -1.3193076220683069E-019  -3.1758339845632227E-020   3.1394206473799290E-019   1.7020274695621106E-019   2.6262310328892590E-019   1.0082688369929337E-019   6.3093519238468514E-011   6.1800826403168945E-012  -4.3294355591720633E-011   4.0318140941037327E-011   8.7877038533141304E-005  -1.0341166013498618E-010   1.2848926645012260E-016   1.1561070186268240E-016   1.1005367744453658E-016   4.6333397811276943E-010   4.3414825278363403E-011  -2.8783503589209611E-010   2.5269817263099629E-010   6.1574475814616043E-004  -7.1603215127662777E-010   7.9761844719833418E-016  -1.6943265122406982E-015  -5.7631723248483797E-016   7.5581468025752244E-009   7.4795132411831192E-020   7.4783958304793402E-020   4.0596931919083573E-020  -1.6954602457828197E-019   1.1685915763015020E-019  -6.5968249320201543E-020   1.5910991317765943E-019   4.1965168913539448E-020   3.1735302177313218E-021  -2.5479199953880376E-019   1.5728355988650091E-008  -2.1476328145493055E-016   4.3167737200024244E-016   1.4236558609370184E-016  -9.9436179780039542E-009   2.6052477942620503E-009
  -6.1660215618838785E-011  -1.1288918007806012E-007   2.3488225136978272E-014  -3.5137120009765830E-014  -1.1288922028779255E-007  -4.1722151241000799E-013   2.2577840037002395E-007  -2.8103021190244961E-016   6.3605867088417669E-017   6.5495094257572076E-017  -2.8990374994969770E-009  -4.8450269631010899E-006   3.7350285930569501E-013   4.0453209636954882E-012  -4.8450246564486647E-006  -7.1350585228766900E-012   9.6900516195563013E-006  -3.2637618766359731E-016   6.7909677372250743E-017   7.3852407871936742E-017  -5.1305928056722693E-009  -1.2491074350665753E-019   9.5030755430550549E-020   5.7095213966812056E-019  -3.0728012629973122E-019  -2.2375123521006229E-019  -1.4233704909187380E-019  -1.9609496115168404E-019   3.0895473383023033E-020  -4.3302974311092822E-019   1.8454026876691543E-019  -4.3938529969707129E-005   6.6617348363404516E-012   4.1458136358142808E-011  -4.3938524981722230E-005  -6.0548260046195896E-011   8.7877054951444164E-005  -1.2964830673999410E-016   1.1371554762005069E-016   5.1314288473886444E-017  -3.0787242279454183E-004   5.6209760805688970E-011   2.9209446850204098E-010  -3.0787241435802825E-004  -4.2058667651840646E-010   6.1574483715266587E-004   2.6963269002613160E-015   2.6097186626630003E-015   2.0086742742640585E-016   2.0437024919986925E-009  -1.8696045334184100E-019  -1.2052013192302901E-019  -4.7314056627515028E-020  -8.1940692581885510E-020   9.3466948987857912E-020   1.2224442728524026E-020  -2.3101227694912417E-019   1.8331916443964840E-019   2.0747077230893722E-020   1.5575828273467214E-019   4.2547586990933355E-009  -6.9025953076560813E-016  -6.8326486143594763E-016  -5.5296867021135235E-017  -2.6799798542102187E-009   7.0118844240207533E-010
   1.4070081850324560E-015  -2.7755202342255200E-016  -8.2166097987790957E-017  -6.1735146804808270E-017  -3.3465900587787832E-016   1.5141506940204253E-016  -2.8103021190244961E-016  0.17842362176661075       -8.7199712964084004E-009  -5.2477803939506722E-009  -7.2151059601424751E-015   2.5062450496703675E-016   3.6588610331792959E-018   3.0369810510165639E-018   4.9448441355027244E-016  -2.3674316204321478E-016   5.6153814223075042E-016  0.20229043078071662       -1.1897209563931032E-008  -1.2266691620755514E-008  -5.5137460644340231E-015   2.1911237481887381E-009   2.5894257062353281E-009   1.4065348622539326E-009   6.5127154753354412E-010  -2.6933922244590638E-009  -3.5909712559969300E-009  -3.3812595634664293E-010   1.2293784362689475E-009  -2.1357773144413549E-009  -1.9646938127093949E-009  -6.5698463758585413E-016  -3.2568370651056014E-016   6.0814892214780943E-016   2.7050249889661808E-016   1.7132110384139463E-016   7.5376385146813103E-016  0.12270010441996150       -6.5076043884143593E-009  -6.4352779804378637E-009  -5.6460211417761203E-015  -2.4619253773189231E-015   4.0318059250788911E-015   1.0819130274188451E-015   3.6686416015493297E-016   4.6627868832331377E-015 -0.18035077441618538        1.0077794276815343E-008   9.9364280340255198E-009   5.1169581070842847E-015   6.7162213387081140E-010   1.0911037511456359E-009   4.1535367864509002E-010   3.3663352473988054E-010  -1.0155610508288983E-009  -1.2377109871736050E-009  -2.0042175052076981E-010   3.4177879489932978E-010  -8.2220870809796357E-010  -5.6433342289452767E-010   1.1400169069473144E-014   3.8973160010985122E-002  -2.1912675639676987E-009  -2.1644729885181348E-009  -8.9085686062335810E-015   2.5130354015757027E-015
   1.2608891168086046E-016  -3.3575673007401582E-017   4.4087705901466059E-017  -3.3000436243330873E-017   8.7262494550795058E-017   2.2440215208203794E-016   6.3605867088417669E-017  -8.7199712964084004E-009  0.17842367008211646       -6.4548245756702897E-008  -6.0526922519053252E-015   1.5246644749769262E-015   5.5724728127270276E-017  -5.3305179356796125E-017   1.4199795526129577E-015   6.0731274494018176E-017   1.4197084995896348E-015   9.2556635157381275E-009  0.20229043862576954       -2.0025829171914256E-008   1.3682383026568956E-015   4.1891597466344223E-010  -1.4194487394960064E-009  -3.5849171776827932E-009   1.3350931355574862E-009  -2.7660834715441162E-009  -1.8971290735965079E-009   1.3690214143547862E-009   1.0769957706324570E-009  -4.1728609932143160E-010   1.8692941290833013E-009   3.6905840685365443E-016  -7.7692887682253256E-017   6.2772406067188391E-016   7.0119930059205674E-016   4.4423058358179771E-016   6.8865116146465334E-016   1.8725390563632477E-009  0.12270011652811501       -2.2101473788654979E-008  -9.8170880464073849E-016  -2.6463405503420706E-016   4.2016831598549998E-015   4.9935640595215072E-016   3.0367173093976801E-015   8.2900577534109104E-016  -3.2185260630068485E-009 -0.18035079100024751        3.1630861969917389E-008   2.9764560182096359E-016  -7.6653760385761237E-011  -5.8643437793688808E-010  -1.2655839986344550E-009   8.8774146916221794E-010  -8.1943231392335806E-010  -7.8489962310211311E-010   6.4095832094062315E-010   5.2636158806112595E-010  -2.7350770875588257E-010   5.5098525086970474E-010  -5.6714005466185711E-016   6.7785630338768018E-010   3.8973163573479463E-002  -6.8867951065917319E-009   5.8410301676769245E-016  -1.8407002174236462E-016
  -5.1158582923097706E-017  -4.7155042220725420E-017   3.7363833560380597E-017  -8.2833817075171579E-017   6.0535799695654527E-017   1.7557797066395078E-016   6.5495094257572076E-017  -5.2477803939506722E-009  -6.4548245756702897E-008  0.17842361247349467        1.3533354352949316E-016   6.0601712498176364E-017   1.0230318648755824E-016   1.3961920902477197E-016  -5.8587825646829042E-017  -1.2395385817128567E-016  -1.1867860196790249E-016   1.1184698749036486E-008   1.4025943201640097E-009  0.20229042969261812       -1.4257490954603367E-015  -9.4260963010140665E-011  -1.6298034387115141E-009  -5.1201355707438872E-009   9.2034358387570332E-011  -4.4156072406966076E-010   3.4427361868216732E-011   4.0146456036042991E-009   1.8549592497626884E-009  -3.7564079157612160E-009   2.4337428226064127E-009   3.7764024694740783E-016  -1.0583894119375607E-016  -1.6269778587893904E-017  -1.1412007309315413E-017   2.3904712909654988E-016   2.0612463642559264E-016   2.9102553270116019E-009  -1.3616960577662703E-008  0.12270010148722990        2.8371944479696573E-015  -4.0323517013876995E-016   3.2506836337672194E-016   2.4667745560776582E-016   9.0046078886099835E-016   1.2268462022159096E-015  -4.8509477952322383E-009   1.8156957354613402E-008 -0.18035077014756623       -4.0987167553608205E-015  -2.2354906860058115E-011  -6.3878315699092864E-010  -1.9779396325950286E-009   7.6352453690828316E-011  -4.2980683994692774E-011  -4.6361318584523245E-011   1.4591349353715752E-009   5.9122775301782137E-010  -1.3188504987602223E-009   1.0336023312036277E-009   1.6048994346368262E-015   1.0264115632377089E-009  -3.9790229178382089E-009   3.8973159057786713E-002   1.0346979323498993E-015  -3.8995961956496303E-016
   9.2035668263093715E-003   2.8044888593119239E-009  -3.5688505262735619E-009  -2.0609981318429613E-009   9.4728447884630226E-011  -1.0655053534351728E-008  -2.8990374994969770E-009  -7.2151059601424751E-015  -6.0526922519053252E-015   1.3533354352949316E-016  0.43577269911132954        1.1825873973355626E-008  -6.8957078985512433E-009  -5.7319794104451931E-009  -1.0577431891996777E-008  -7.9442782201891900E-009  -1.2479451706099950E-009   7.3202342602324626E-016  -6.7170115409159752E-015   4.6534129290382514E-016  0.77165641813562169       -2.2806464619182023E-016   5.6879278578370748E-016   1.2652956943029985E-016   2.9730011198724154E-016  -1.2025646677116887E-016   3.8150880380128068E-017  -2.0750989902047712E-016   3.0323132915171658E-016  -3.1866896775154994E-016  -3.3212827193399940E-016   8.3314046039411585E-009  -5.3714231620658460E-009  -6.3522566523152383E-009  -8.0624416915799464E-009  -6.4232089077434820E-009  -2.6893075903550316E-010  -3.1201760289548154E-015  -3.9504055307043166E-015  -8.6858741403523031E-017   1.3303200025007461E-008  -5.6800967312034278E-009  -1.9706955783128442E-008  -1.0693534648053400E-008  -2.8956406306297121E-008  -2.6098631778890430E-009  -3.7857087649801227E-014   1.0582106615760894E-014   3.2949033160264198E-015 -0.31007592887838142       -1.4653909878544675E-016   1.6886965588673286E-016   3.4448845585586983E-017   1.2502393986646418E-016  -2.5228243162251132E-017   5.6538153542237126E-017  -6.3374742508240630E-017   9.9304771510873612E-017  -9.2010542794671081E-017  -1.0004974991541513E-016 -0.64584235197204076        1.0015330789301816E-014  -2.4990255513922791E-015  -8.6738149111016487E-016  0.40870641057832324      -0.10712693653173194     
   2.1785347666502645E-010   9.6900553583012395E-006   3.3648920379054548E-012   4.5656780031797708E-012  -4.8450283948829070E-006   6.9363993496741569E-012  -4.8450269631010899E-006   2.5062450496703675E-016   1.5246644749769262E-015   6.0601712498176364E-017   1.1825873973355626E-008   4.1588172724512387E-004   1.4098400368110199E-011   8.5434177856920896E-012  -2.0794078450503542E-004  -5.1763585221448424E-011  -2.0794094274067734E-004   5.3764371467325876E-016   1.7801130938423232E-015   4.4188136282499725E-018   2.0050958536105703E-008   1.0396717377585644E-018  -3.4287287147248131E-018  -7.5817237794818666E-018   5.4591612825295232E-018   4.0707168147316457E-018   4.8042842037409326E-018   3.2498594485766456E-018   1.0714500606826650E-018   1.1911674594802142E-017  -1.6271389179788694E-018   3.7715443399372684E-003   2.2149123015602924E-011   5.3685649831825128E-011  -1.8857717758797193E-003  -2.7776397939740242E-010  -1.8857725640572039E-003   2.1481031680892341E-016   1.2046928268452426E-015   1.1292010149191391E-016   2.6426795414026899E-002   6.4300393306079045E-011   1.6849975436217122E-010  -1.3213395631558109E-002  -7.7501676556481520E-010  -1.3213399782464578E-002   3.1072692414368741E-015   5.8528140890605706E-015   2.4724783208133572E-015  -7.9857873530950935E-009   1.1735717629440465E-017   5.9469137887849513E-018   3.1477124542827519E-019  -3.3659072822325745E-018  -1.1088300715342825E-018  -4.3993140736667498E-018   2.7666248396185595E-018  -3.4927018786123577E-018  -3.3579526890293413E-018  -5.0991251457966148E-018  -1.6061193340920920E-008  -8.2366867585770743E-016  -1.5946874374085469E-015  -6.4643845825449989E-016   1.0009362718861030E-008  -2.6029551113259608E-009
  -1.3895896799166365E-010  -3.8621810406812916E-012   9.6900515067331119E-006  -1.3778587897232233E-011   3.4886831530547589E-012   1.2595985910668965E-013   3.7350285930569501E-013   3.6588610331792959E-018   5.5724728127270276E-017   1.0230318648755824E-016  -6.8957078985512433E-009   1.4098400368110199E-011   4.1588154165425454E-004  -9.4255035901311185E-011   2.7333398850417558E-011  -3.8503940362150480E-011  -4.1431825377819126E-011   1.1768757820514182E-016   6.3079400414535784E-017   1.3575534552982518E-016  -1.1741721836766386E-008   4.1421339588421707E-018   1.0208173691749288E-017   4.5948467421242333E-018  -5.7935064119425270E-018  -1.6947942072092890E-018   1.0498162382129051E-017   3.3296371843705478E-018   6.1902218660548407E-018   7.7598076803864315E-018   7.3175505219009317E-018   1.3116393113786223E-010   3.7715433185448867E-003  -5.7442257844247803E-010   1.1475413041228331E-010  -2.1387654951640959E-010  -2.4591807369957527E-010  -1.4167538799433950E-016   1.1130091414285459E-016   4.4833436568963929E-017   8.1038350545483906E-010   2.6426789665713355E-002  -3.5786219813611264E-009   5.0097407910000977E-010  -1.5093514343009203E-009  -1.3113576334125910E-009  -4.2141090295062152E-015   3.2067803707442930E-015  -3.5103556840860278E-016   4.6696632027393037E-009   7.8725216059432351E-018   5.7665493307839168E-018   5.7208003740960309E-018   2.7617153456534893E-018  -2.3721768082325605E-018   3.8142808845730469E-019   4.7036582766820898E-018   7.5164837817628171E-018  -7.8074588843199545E-019   2.0381811767850852E-018   9.4535320913479766E-009   1.0980678929730946E-015  -8.3841517896274199E-016   8.7350337514669971E-017  -5.8961333519903643E-009   1.5344782628187066E-009
  -1.0266371893891348E-010  -1.7819489132666469E-012  -1.9632674512865897E-011   9.6900328137593598E-006  -2.2634338959364336E-012  -5.3332767805384934E-012   4.0453209636954882E-012   3.0369810510165639E-018  -5.3305179356796125E-017   1.3961920902477197E-016  -5.7319794104451931E-009   8.5434177856920896E-012  -9.4255035901311185E-011   4.1588147460658504E-004   1.7374787301302052E-011  -6.2994801373021045E-011  -2.5918084656514794E-011  -1.6517668956318835E-016  -2.5901602498943236E-016   1.5904988130321425E-016  -9.1062875119033950E-009   6.6952282176128619E-018   9.2607507960901458E-018   5.9709122651719008E-018  -2.0403667176406778E-019   1.0533981884975144E-018   2.2456744355574369E-018   1.5210701647918825E-017  -8.7366377812143615E-018   5.1810780845372089E-018  -7.3128113926788248E-018   9.5462786672135589E-011  -4.0764340489679363E-010   3.7715428681610523E-003   1.2085383613843467E-010  -3.9617351358699884E-010  -2.1631658725513617E-010  -4.2011203299374175E-017  -3.5534467130497458E-017   1.5262128731772429E-016   3.2416204020814127E-010  -2.2939783379888419E-009   2.6426787644312288E-002   1.1637771460044329E-009  -2.0529553606772718E-009  -1.4879392405409762E-009  -2.8498518524572501E-015  -6.0346431571363726E-016   1.6173763643086653E-015   3.6900235017063685E-009  -6.2169236719903601E-018   2.6891251348390851E-020  -5.5821662233828625E-018   6.0288836293227151E-018  -3.1167177659944271E-018   5.9470411230559803E-018   6.9055560262166639E-018   3.7750015422836586E-019   9.6825775547527267E-018  -2.2221775428122165E-018   7.1490920089770020E-009   7.4478819593189849E-016   1.6283896212343423E-016  -4.2804302463896992E-016  -4.4324930397087337E-009   1.1477836368906178E-009
  -1.7452894789570669E-010  -4.8450291683820272E-006  -3.0331472504027540E-012   1.5921088533205608E-012   9.6900538243343739E-006   4.9995667608110487E-012  -4.8450246564486647E-006   4.9448441355027244E-016   1.4199795526129577E-015  -5.8587825646829042E-017  -1.0577431891996777E-008  -2.0794078450503542E-004   2.7333398850417558E-011   1.7374787301302052E-011   4.1588152151630838E-004   1.0161675923056062E-010  -2.0794073701096516E-004   5.1593970136518130E-016   1.6042840535330975E-015   4.7112881998682582E-019  -1.8003998384093323E-008   4.3213024869645256E-018  -6.5022071722636212E-019  -1.6922981909634237E-017   7.7287225568135330E-018   5.5324004073819948E-018   1.3046728373360210E-018   5.1664257970444094E-018  -2.3974926816816660E-018   6.6734038915772083E-018  -6.2927430251204538E-018  -1.8857716880545466E-003   2.1303417119864223E-010  -2.3456744858517226E-011   3.7715432457126039E-003   5.5139431391684027E-010  -1.8857715576590386E-003   4.1035014440743227E-016   9.0311581761188940E-016  -4.3311261249769649E-017  -1.3213394884340793E-002   1.1745081721105036E-009  -2.5445356886431626E-011   2.6426789016655114E-002   2.5348714909384966E-009  -1.3213394132322642E-002   3.3144229481526090E-015  -3.4234708668039804E-015  -7.9465183137439357E-016   7.1599234255071478E-009  -3.7117515105392483E-018  -7.7458904679503898E-019   1.7158400146664155E-018   6.8826269394173828E-018  -2.9025113796859838E-018   3.8748254081815736E-018   7.1481543183146516E-018  -4.3751835346488194E-018   2.4676031358484911E-018  -1.5856583416955946E-018   1.4350241496406226E-008  -8.8512725705370189E-016   8.2942541505594137E-016   2.0787436318408405E-016  -8.9357201147102192E-009   2.3225140477043990E-009
  -2.0234562180600937E-010   9.9332684482411439E-012  -3.6031189574027175E-012  -9.4962409418845384E-012  -2.7982222213742758E-012   9.6900481823323699E-006  -7.1350585228766900E-012  -2.3674316204321478E-016   6.0731274494018176E-017  -1.2395385817128567E-016  -7.9442782201891900E-009  -5.1763585221448424E-011  -3.8503940362150480E-011  -6.2994801373021045E-011   1.0161675923056062E-010   4.1588149644994474E-004  -4.9853153478511627E-011  -2.8110397272512670E-016  -5.0212106725844876E-017  -1.7416769336514380E-016  -1.2510703148290230E-008   1.3744896390152235E-017  -9.5342475322386317E-018   1.9760256176938609E-018   9.4883041832282874E-019  -5.6621148704753769E-018  -1.3627396374804295E-018   1.3473438573625179E-017   7.3049904829358432E-018   1.1271288536237646E-017   4.3268533571913417E-018  -4.6143338895492097E-010  -1.3291146510557781E-010  -3.5355626935396894E-010   7.0610015583824895E-010   3.7715430926384503E-003  -2.4466676493902615E-010  -2.1581926847098819E-016   1.1765064559887389E-016  -1.1290732557548676E-016  -2.3214725478067122E-009  -9.2646995360633696E-010  -1.8110487845856304E-009   3.6683612261452348E-009   2.6426788250722848E-002  -1.3468887014102125E-009  -1.7403491237449053E-015   4.6026646436145651E-015  -2.0470326268163119E-016   5.0881328415438087E-009   3.2099382622807458E-018   3.2098071590038973E-018   1.7425682541203468E-018  -7.2766326709295526E-018   5.0154761696988337E-018  -2.8310961228233972E-018   6.8285883501369224E-018   1.8010756330484125E-018   1.3619418797106272E-019  -1.0935415613830372E-017   1.0034824340902075E-008   4.6485757184851485E-016  -1.1996459678407962E-015   6.0340537981905821E-017  -6.2436569619291109E-009   1.6207858853663144E-009
  -4.3313717690396692E-011  -4.8450261899329308E-006  -3.3174540090406377E-013  -6.1577840526571286E-012  -4.8450254294442950E-006  -1.1935965644077376E-011   9.6900516195563013E-006   5.6153814223075042E-016   1.4197084995896348E-015  -1.1867860196790249E-016  -1.2479451706099950E-009  -2.0794094274067734E-004  -4.1431825377819126E-011  -2.5918084656514794E-011  -2.0794073701096516E-004  -4.9853153478511627E-011   4.1588167975192358E-004   4.2568404008939175E-016   1.5619183729031957E-015  -1.3845341675357410E-016  -2.0460729211261894E-009  -5.3609465856272615E-018   4.0789345081827402E-018   2.4504630924339053E-017  -1.3187846729047403E-017  -9.6032053801698971E-018  -6.1090312331817260E-018  -8.4162563094925436E-018   1.3260772259118358E-018  -1.8585102384547335E-017   7.9199118764676202E-018  -1.8857726518880624E-003  -2.3518353138126353E-010  -3.0227812761213753E-011  -1.8857714698300935E-003  -2.7363014825602044E-010   3.7715441217187917E-003   3.2301694703530608E-016   9.3553660694011034E-016  -1.2015760808820247E-016  -1.3213400529723526E-002  -1.2388102271844742E-009  -1.4304674443743763E-010  -1.3213393385077448E-002  -1.7598534202313027E-009   2.6426793914805083E-002  -5.8106425452551228E-015  -5.2043596023938640E-015  -4.0415670068723516E-016   8.2566083992316613E-010  -8.0239645768421005E-018  -5.1723312651594418E-018  -2.0306361227625456E-018  -3.5166957285253242E-018   4.0113152359584525E-018   5.2446266792881517E-019  -9.9147660007029754E-018   7.8678994546661473E-018   8.9033842387616629E-019   6.6847915532265326E-018   1.7105438140955188E-009   1.4905679584030943E-015   1.2919264217876782E-015   1.1176821268752793E-016  -1.0734894701268594E-009   2.8041152592084722E-010
   1.7491760406692553E-015  -3.0593436922732812E-016  -9.4158862879874052E-017  -7.3596903371847106E-017  -3.7724425194997444E-016   1.7025682821399254E-016  -3.2637618766359731E-016  0.20229043078071662        9.2556635157381275E-009   1.1184698749036486E-008   7.3202342602324626E-016   5.3764371467325876E-016   1.1768757820514182E-016  -1.6517668956318835E-016   5.1593970136518130E-016  -2.8110397272512670E-016   4.2568404008939175E-016  0.22935296438641270        8.2162036770586447E-009   5.5247363525068852E-009   9.1475940799464285E-015   2.4827180598098485E-009   2.9358782129822575E-009   1.5945746780682065E-009   7.3882091678547626E-010  -3.0526696927964677E-009  -4.0697351830846703E-009  -3.8381894416038400E-010   1.3940076390025280E-009  -2.4209255955852478E-009  -2.2275577854283816E-009   1.5914987726416050E-015   6.1524917395374210E-016  -8.7263871839145675E-016  -5.6290324337653293E-017   5.7590886996728451E-017  -1.1194674197496811E-015  0.13904004558269051        5.7572502406373472E-009   4.4149873987603667E-009   9.9483548464645597E-015   4.1277167545631578E-015  -6.3475148195311985E-015  -1.3454501422832488E-015  -5.3155461211623484E-016  -8.4907697972431115E-015 -0.20731879545423249       -8.9933726348392356E-009  -8.7458383453727731E-009  -5.9618344255700578E-015   7.6363191191173703E-010   1.2382721388142260E-009   4.7076221787468959E-010   3.8064093358679762E-010  -1.1523927054374056E-009  -1.4051627637726908E-009  -2.2732521589710285E-010   3.8757085291551884E-010  -9.3328216726199108E-010  -6.3976392168986564E-010  -1.2176506394658398E-014   4.4927704865976116E-002   1.9759219783534135E-009   1.9906093211551150E-009   9.6063444427579128E-015  -2.7037350928466619E-015
   1.4944630234418461E-016  -3.1417018121747614E-017   5.1118437873932509E-017  -4.1304220446395949E-017   9.7447444896708589E-017   2.5341024124849221E-016   6.7909677372250743E-017  -1.1897209563931032E-008  0.20229043862576954        1.4025943201640097E-009  -6.7170115409159752E-015   1.7801130938423232E-015   6.3079400414535784E-017  -2.5901602498943236E-016   1.6042840535330975E-015  -5.0212106725844876E-017   1.5619183729031957E-015   8.2162036770586447E-009  0.22935292008485997        6.1863129783938834E-008   1.8486872860110856E-015   4.7471315866327832E-010  -1.6095851230858593E-009  -4.0638391938315289E-009   1.5134904006350454E-009  -3.1360418896151867E-009  -2.1503862730376005E-009   1.5523466317113124E-009   1.2196546609185420E-009  -4.7310621007746123E-010   2.1199298507592373E-009   9.6727476597290843E-016  -5.3957340100273198E-017  -1.0983577298919389E-015   7.1929467504362178E-016  -5.2569159356878285E-016   3.0571447419646705E-016   7.1533220085204662E-010  0.13904002685124042        2.6163629778386922E-008   2.6832622204329795E-015  -7.4425193103737744E-017  -7.9027936945707501E-015   6.9203623679788528E-017  -3.7965085006386067E-015  -2.3568992279895022E-015  -2.5495005808368483E-009 -0.20731877367430540       -4.2162225145039172E-008   6.9481674878128683E-016  -8.7200891422263977E-011  -6.6438229616321097E-010  -1.4363497154730460E-009   1.0080083129856034E-009  -9.2980701848636182E-010  -8.9101600133119381E-010   7.2606215722443121E-010   5.9902048289577728E-010  -3.0973934295742253E-010   6.2410995090394051E-010   1.8488389486364066E-016   5.7256807129457706E-010   4.4927700441595456E-002   9.1702902942679050E-009  -1.9255865884283161E-016   4.9760770918985506E-017
  -4.8326971211213100E-017  -5.3568166799009347E-017   4.1804937841247393E-017  -9.1631246980193980E-017   6.9209011572148422E-017   1.9871860962541298E-016   7.3852407871936742E-017  -1.2266691620755514E-008  -2.0025829171914256E-008  0.20229042969261812        4.6534129290382514E-016   4.4188136282499725E-018   1.3575534552982518E-016   1.5904988130321425E-016   4.7112881998682582E-019  -1.7416769336514380E-016  -1.3845341675357410E-016   5.5247363525068852E-009   6.1863129783938834E-008  0.22935297387220333       -1.0457988273913614E-015  -1.0718303864922944E-010  -1.8470004332419545E-009  -5.8039468375429543E-009   1.0452519112822276E-010  -4.9975687484790607E-010   3.9272959014264076E-011   4.5508074452271641E-009   2.1036181805359688E-009  -4.2585473927032834E-009   2.7580894405073578E-009  -1.2876728585285983E-016   5.7224868100002447E-017   7.5571566028136398E-018   5.8469970745058602E-016  -3.8516886962219076E-017   1.9296386068173969E-016  -1.1121506949090573E-009   2.1051034735377337E-008  0.13904004866589864       -6.8871023446183047E-016   7.8043236506384469E-016   5.4205817591167246E-016   4.4707791678553781E-015  -1.1405269792347830E-015   1.1069074438765171E-015  -1.6344626099881912E-009  -3.5623481715805619E-008 -0.20731880350814358       -4.7036135237933158E-015  -2.4828090465283536E-011  -7.2552367289235768E-010  -2.2445070256711103E-009   8.6620837656279261E-011  -4.9047240394440524E-011  -5.3311729299666647E-011   1.6556157957196450E-009   6.6934153460068466E-010  -1.4957165506494470E-009   1.1740684637208983E-009   1.7309630789618112E-015   4.4095045206257687E-010   7.7459542333573989E-009   4.4927706720800833E-002   1.1091568506054042E-015  -4.1270553212762203E-016
   1.6336999361540653E-002   4.9424262082747102E-009  -6.3078272978543072E-009  -3.6230066749054029E-009   1.8848933765414444E-010  -1.8831955504614163E-008  -5.1305928056722693E-009  -5.5137460644340231E-015   1.3682383026568956E-015  -1.4257490954603367E-015  0.77165641813562169        2.0050958536105703E-008  -1.1741721836766386E-008  -9.1062875119033950E-009  -1.8003998384093323E-008  -1.2510703148290230E-008  -2.0460729211261894E-009   9.1475940799464285E-015   1.8486872860110856E-015  -1.0457988273913614E-015   1.3673457251117906       -4.1508765305174414E-016   1.0017046596798521E-015   2.2119429769899977E-016   5.3110413994526620E-016  -2.0920167161799895E-016   7.6529792924129496E-017  -3.6568171718161983E-016   5.3630953328797483E-016  -5.6074323088572181E-016  -5.8569472376877922E-016   6.5227802496513866E-009  -5.1689256369583513E-009  -1.6680406213508768E-009  -7.5419129137710047E-009   2.8811092820339758E-009   1.0191896649832344E-009   2.0463869307640369E-015   9.4351375828067247E-016  -1.5207760385052531E-015  -3.3967751828881971E-008   2.0264557151618802E-008   3.2116190812322300E-008   2.8131943601035185E-008   4.8441967561980967E-008   5.8354694644384679E-009   2.9995567603535070E-014  -8.6188095999203237E-015  -1.3977044619534460E-015 -0.53026491003218867       -2.6826401458878467E-016   2.9747856247293878E-016   5.9872522622229709E-017   2.2630370751955731E-016  -4.3118091207820806E-017   1.0636592994890067E-016  -1.1158535827802640E-016   1.7633305367938119E-016  -1.6261685675008278E-016  -1.7597523352610643E-016  -1.1025921620014356       -7.8914105766610642E-015   2.1622987281798339E-015   4.2492382848926492E-016  0.68461577604631974      -0.17812113614056574     
  -5.3026859592509788E-018   2.4217834667704299E-020   9.6514019539985935E-020   1.5599817237550748E-019   1.0068060003243044E-019   3.2026465894428028E-019  -1.2491074350665753E-019   2.1911237481887381E-009   4.1891597466344223E-010  -9.4260963010140665E-011  -2.2806464619182023E-016   1.0396717377585644E-018   4.1421339588421707E-018   6.6952282176128619E-018   4.3213024869645256E-018   1.3744896390152235E-017  -5.3609465856272615E-018   2.4827180598098485E-009   4.7471315866327832E-010  -1.0718303864922944E-010  -4.1508765305174414E-016   2.8697664471622899E-017   2.9230276143416857E-017   1.1457230130469436E-017   1.0876962459399308E-017  -3.9899538387716075E-017  -4.9378948771170807E-017  -2.7706232919158741E-018   1.6613838113784148E-017  -2.5513044026854307E-017  -2.0922951572619568E-017   9.4285221786775347E-018   3.7564147853833211E-017   6.0717642977309482E-017   3.9188841792074492E-017   1.2464961517434724E-016  -4.8617355172462136E-017   1.5412329395204937E-009   2.9356154076239629E-010  -5.7638013288193129E-011   6.6064644875693687E-017   2.6320783481677230E-016   4.2544187004226044E-016   2.7459183443425623E-016   8.7340614738185292E-016  -3.4065648003388186E-016  -8.7448082970419178E-010  -2.1014943122004708E-010   3.7503769367272465E-010  -6.8957663571164399E-017   7.0277595797494273E-018   1.1876126629546875E-017   3.5515666064192673E-018   6.5406254604295279E-018  -1.3819903251831980E-017  -1.5969350367420672E-017  -1.7630806710086598E-018   5.0126622482660181E-018  -9.5107134170620565E-018  -6.3834018997242881E-018  -1.6663266609630386E-016   1.2917803100342972E-010   3.5897153829446006E-011  -9.3524962106384447E-011   2.6690853413832723E-016  -8.6248365466849752E-017
   1.1775080874017846E-017  -7.9889673700418516E-020   2.3784364473654795E-019   2.1577334704094945E-019  -1.5155682536157292E-020  -2.2216321128728918E-019   9.5030755430550549E-020   2.5894257062353281E-009  -1.4194487394960064E-009  -1.6298034387115141E-009   5.6879278578370748E-016  -3.4287287147248131E-018   1.0208173691749288E-017   9.2607507960901458E-018  -6.5022071722636212E-019  -9.5342475322386317E-018   4.0789345081827402E-018   2.9358782129822575E-009  -1.6095851230858593E-009  -1.8470004332419545E-009   1.0017046596798521E-015   2.9230276143416857E-017   6.3991468514735362E-017   9.5925901311058166E-017  -1.9378787384314183E-018  -1.2806274784529314E-017  -3.7278598188498285E-017  -5.2716941784268472E-017  -7.4139560051708822E-018   6.7357845693030220E-018  -6.5973129966631214E-017  -3.1094482205618438E-017   9.2575891816602210E-017   8.3983907491364374E-017  -5.8965711692433166E-018  -8.6464006006313320E-017   3.6991039620682097E-017   1.7789175297169546E-009  -9.7009390790574614E-010  -1.1394649330706979E-009  -2.1787568141564385E-016   6.4866915384931660E-016   5.8846605952935029E-016  -4.1316518309268833E-017  -6.0584376067619669E-016   2.5919215923671158E-016  -2.6876419807383213E-009   1.6702387546128631E-009   9.2056528592037951E-010  -5.1793069215446639E-016   1.0771260208776300E-017   2.5993584559966111E-017   3.3773888616858042E-017  -3.0113478692793423E-018  -7.8691760446675361E-018  -1.1439832094938514E-017  -2.0953830246367079E-017  -5.0607860588054590E-018   2.1189758455026385E-018  -2.1401575888587776E-017  -1.0900349481901665E-015   5.8392378273583233E-010  -3.7143696429042011E-010  -1.6650484774656949E-010   7.6884648412213941E-016  -2.0949810757126177E-016
