   5.7463207753606912E-006  -7.5849624154202164E-018  -1.7136274793784554E-018  -7.8826062636058095E-019  -2.9414657479613965E-018   1.0948287773498673E-018  -9.1359712809992880E-018   2.4775016990229489E-016   2.0003382292417270E-017   2.3449233685197035E-020  -3.9266619095123574E-004  -1.2117955339166250E-003   2.1632754486343886E-016   1.7912643472085501E-017  -7.6525924882548134E-020  -1.6012928851938353E-017   1.5630275561473357E-018   6.8921259691952222E-020  -3.6166121053700863E-017  -1.5455275521446226E-021   1.1639217659487110E-017  -1.0837183844052136E-003   4.3084298343970427E-019  -1.0217775084457434E-020  -1.2214566839565959E-020   3.5014090273538357E-019  -2.7533206908737546E-024   3.5026021120733274E-019  -5.5061678152366256E-020  -1.2231890037131136E-020  -1.0170206061677577E-020  -2.1013632389508371E-020   2.3118513381304325E-016   1.8658660136398181E-017  -1.9194750260621042E-019  -2.4368661145659948E-018  -7.1813050300635507E-019  -3.8204710294438507E-019  -2.2264338178800357E-018   9.7247954788464786E-021  -1.1464161657323337E-017  -9.1085466402821675E-004  -8.8324212811617794E-004
  -7.5849624154202164E-018   1.5245655221523715E-029   2.0320655247351801E-030   1.6669076180817605E-030   2.1717938132541192E-030  -2.3849351956484414E-030   1.2630229441374259E-029  -1.3190711427915868E-016  -6.1494547657149828E-017  -2.8324923627246271E-017   8.8510077838097006E-016   2.8091891535206254E-015  -1.1444538416226155E-016  -5.3353961755338092E-017  -2.4575298941243573E-017   3.4527585634628873E-029  -2.3277497686987775E-030  -5.5031965479721216E-031   8.3255771675074925E-029   4.8135441168075268E-031  -1.7220428620110206E-029   2.4206802112623353E-015  -7.0459619699984868E-031   1.4767337963757556E-031   2.0314207116682451E-031  -6.1338212412194337E-031  -1.2858101438378269E-033  -6.7094032831960838E-031   3.5603613968279031E-031   1.9755933191335192E-031   1.5397184863755230E-031   4.4057715182905316E-031  -1.2257811863420578E-016  -5.7145408716336423E-017  -2.6321672395451999E-017  -1.1539640605542331E-029   9.2479125635208330E-031   6.8846959767035164E-031  -1.3111018026416597E-029  -1.4965551971408089E-031   5.7770240879421466E-030  -7.2487567438588100E-016  -1.2095089911855831E-016
  -1.7136274793784554E-018   2.0320655247351801E-030   5.2931608523924045E-031   1.9820095019102470E-031   9.4512312783059171E-031  -2.8873848569896603E-031   2.6969337520963978E-030   8.3641239555435579E-018   1.6786746094191141E-017  -2.7329356922217365E-017   1.0121869540861650E-016   3.0900393958320053E-016   7.2568897023025841E-018   1.4564533657511914E-017  -2.3711524347743285E-017   4.1764445472000670E-030  -4.6042123157131112E-031   1.0721907669616214E-032   9.2381940903684962E-030  -2.0248829161653442E-032  -3.4152976297080997E-030   2.8031028423984206E-016  -1.0017086526183406E-031  -3.7853993610471586E-032   1.0700295623973635E-031  -8.7120886388941012E-032   4.7189674550425905E-034  -8.5192083596826829E-032  -8.0461836116316270E-032   1.1767814562228261E-031  -4.1627458534381939E-032   2.4794639181002065E-031   7.7725798498175471E-018   1.5599520658615280E-017  -2.5396516126631869E-017   1.3613268000656617E-030   2.1619097267427187E-031   1.0304433176652123E-031   1.3532974930626192E-030   2.6172423695786715E-033   3.8190355017394907E-030   3.5506114282648117E-016   3.1910332732870856E-016
  -7.8826062636058095E-019   1.6669076180817605E-030   1.9820095019102470E-031   2.2476143545898961E-031   1.0387678031045644E-031  -2.7058915707087458E-031   1.2454562035026595E-030   3.9336778240723025E-017  -9.0150290554361924E-018   4.1764478841852536E-017   1.0268047644888188E-016   3.2722089754075729E-016   3.4129415400125166E-017  -7.8216286446833077E-018   3.6235739455850010E-017   3.6442070002744464E-030  -2.4643735640339276E-031  -8.9495333765897353E-032   9.3643401078657015E-030   6.7828683819574611E-032  -2.1623834394930267E-030   2.8044538610589660E-016  -1.2768951026019277E-031   2.6588283586109945E-032  -1.8389115372034575E-031  -1.1384803608033623E-031  -8.2938871870559773E-034  -9.5040884514724581E-032   6.5685051589861893E-032  -1.9412776853471283E-031   3.1852256851377556E-032  -4.2525544653572671E-031   3.6554724862482843E-017  -8.3774503527492981E-018   3.8810728823451178E-017  -1.6651668659258140E-030   9.7253118762716702E-032   8.0467973206688540E-032  -1.8569458025578266E-030  -2.0465447968006440E-032   2.9872738175940746E-031  -1.3153607200358320E-016  -5.0097938346823599E-017
  -2.9414657479613965E-018   2.1717938132541192E-030   9.4512312783059171E-031   1.0387678031045644E-031   2.4226801391138323E-030  -2.1162497519620363E-031   4.7864480101682706E-030  -1.6226554012382258E-016  -1.2391663787268973E-017   5.5467462938473836E-018   6.4118582002558565E-017   1.6887580306790818E-016  -1.4078499235807927E-016  -1.0751267892513791E-017   4.8124736404021683E-018   4.4591621249419238E-030  -6.8715897939853313E-031   1.4822015722558475E-031   6.4306998940650772E-030  -1.9002563049232787E-031  -4.0481509352571395E-030   1.8521074772632431E-016  -1.1039259750015404E-031   2.3063438386664048E-032   6.8278204431641267E-032  -2.1015800566332811E-032   2.8144854078701067E-033  -8.7686576360528193E-032   6.7108439299309231E-032   4.7757576999735550E-032   1.4234312883693188E-032   1.4141119205258180E-031  -1.5078947588412146E-016  -1.1515276049299864E-017   5.1544583395418062E-018   6.8919358340105985E-030   3.6495088978310190E-031   1.2859369372435976E-031   7.2351645583918352E-030   5.2856176965034508E-032   9.4778647548027590E-030   1.1854479766207340E-015   9.3233587619310423E-016
   1.0948287773498673E-018  -2.3849351956484414E-030  -2.8873848569896603E-031  -2.7058915707087458E-031  -2.1162497519620363E-031   3.8365184669019196E-031  -1.8164053330088098E-030   1.6650478949988628E-018  -4.7198004007210122E-018   1.0625028468752316E-017  -1.4283878219999077E-016  -4.5522180434759063E-016   1.4446305419770798E-018  -4.0949980066015713E-018   9.2184979671979650E-018  -5.3972257009269301E-030   3.5097538262507541E-031   9.5339794406739490E-032  -1.3352292357285245E-029  -9.0844103324294464E-032   2.7002923464600050E-030  -3.9012041315719000E-016   1.0779644747146053E-031   1.1551078683114606E-032  -4.5847280736714331E-032   1.0301656420803212E-031  -1.7848593129197094E-034   1.0429063349272550E-031   2.9924149940190544E-032  -4.9417454218810181E-032   1.2895297724408611E-032  -1.0401126361399802E-031   1.5472890868713069E-018  -4.3859973482928243E-018   9.8735842054603139E-018   2.2898261043019719E-030  -1.3407989908080471E-031  -1.0577189140757293E-031   2.5684184942759512E-030   2.7667867069168595E-032  -4.3399762449836350E-031   1.8387015315999482E-016   7.0368080487842145E-017
  -9.1359712809992880E-018   1.2630229441374259E-029   2.6969337520963978E-030   1.2454562035026595E-030   4.7864480101682706E-030  -1.8164053330088098E-030   1.4909332005818719E-029  -2.0062682760974973E-016   5.7976126605978823E-017   2.2303058538786404E-017   6.5275563812729034E-016   2.0204797743866130E-015  -1.7406805148099165E-016   5.0301305717439736E-017   1.9350602250785188E-017   2.7627272378748816E-029  -2.5033601181587304E-030  -1.2434782140196867E-031   6.1304580422584748E-029   3.3482182145798522E-032  -1.7603319261733164E-029   1.7998230785034969E-015  -6.5281588156134985E-031  -1.5164609976404732E-031   3.4155330143302755E-032  -4.8640835472626409E-031   8.1429219475515794E-033  -5.6590451980862276E-031  -3.6499697519758769E-031   3.9191352879854371E-033  -1.8165001903599954E-031   5.2231943918580674E-032  -1.8643770057698697E-016   5.3875824392758078E-017   2.0725697551743126E-017   2.8320554174150677E-030   1.1305362068316498E-030   6.2177689790731692E-031   2.3510988359445181E-030  -1.5584582156486592E-032   1.7590056480975501E-029   1.2986047471835981E-015   1.3043962440662876E-015
   2.4775016990229489E-016  -1.3190711427915868E-016   8.3641239555435579E-018   3.9336778240723025E-017  -1.6226554012382258E-016   1.6650478949988628E-018  -2.0062682760974973E-016  0.12468736592455476        3.6560906618811079E-017  -1.2346691052357588E-016   5.7862999710964796E-016   2.5293118825566017E-015  0.10818137877852603       -1.2645496041718110E-018   1.5309598184637334E-016  -7.4139220812973711E-016  -5.6116974369988969E-018  -1.0380488223707179E-017  -6.9035899641073950E-016   6.1125363356784665E-018  -7.0620290661791041E-016  -7.9498038192907719E-016  -3.5251828828507065E-017   1.2677681302656453E-017  -6.5243288193003755E-017  -5.9293660528747721E-017  -2.6810866791483860E-018  -8.1260009718123844E-018   4.7468105447492442E-017  -5.1025610227793240E-017   2.1896585199194285E-017  -1.4007941933119177E-016  0.11586897959226600        6.2919724904417614E-017  -1.0495514663349096E-016  -7.6590367702965688E-017   6.4038148551018188E-018  -4.2620191893756885E-019  -5.4094925507442883E-017  -4.8626083015709621E-018  -6.5865641884546727E-017   1.7882266272854888E-016   2.1309851831032601E-016
   2.0003382292417270E-017  -6.1494547657149828E-017   1.6786746094191141E-017  -9.0150290554361924E-018  -1.2391663787268973E-017  -4.7198004007210122E-018   5.7976126605978823E-017   3.6560906618811079E-017  0.12468736592455168        2.1448229477194491E-016   8.9698646609861513E-018   1.5114124629674745E-016  -1.0335707780633783E-017  0.10818137877852738        1.9930346435714785E-016  -9.0373943560082049E-018  -1.8665978066114079E-017   2.4955775312079025E-017  -1.6251514064844116E-018   5.1426743571540616E-018  -6.8101036486915697E-017   7.8350866324282025E-017   1.4621294217750820E-017  -3.1524725436064529E-016  -4.2922908804980380E-018   2.9569233590184511E-018   7.5777610437083811E-018   6.1163293158772876E-018  -7.9194307695177593E-016  -3.3462183051186254E-018  -3.4772803262848571E-016  -3.0810612598624470E-018   6.8841896927303910E-017  0.11586897959226505        2.7621857347689033E-016  -2.7270337944406780E-017   1.8923959913837150E-018  -5.1092297131001378E-018  -4.9205118688599923E-017   4.6786377782127386E-018  -2.3457395108361848E-017   3.4494879410756813E-017   5.3596375533635360E-017
   2.3449233685197035E-020  -2.8324923627246271E-017  -2.7329356922217365E-017   4.1764478841852536E-017   5.5467462938473836E-018   1.0625028468752316E-017   2.2303058538786404E-017  -1.2346691052357588E-016   2.1448229477194491E-016  0.12468736592455057        9.2522638686044283E-018   4.8495046181811206E-017   2.8885926966523993E-016   8.6749726325996448E-017  0.10818137877852736        9.9762011606847329E-018   1.5403018601195621E-017  -3.8349797008993839E-017  -2.4077526344343333E-017   2.9324986564652041E-018   8.6629168879415008E-018   2.6694286351263921E-017  -9.3978265682585840E-017  -1.5255047561166400E-018  -4.9485977537894645E-016  -5.0984776681805944E-017   1.6858664298308502E-018  -4.2393917917421650E-017  -1.7840529570880462E-017  -5.3860136695910891E-016  -1.5225449116255768E-018  -1.1478712970307668E-015   1.2872924388055097E-017   1.9565783455216532E-016  0.11586897959226423       -2.2055752650034143E-018  -2.9850271075181139E-018   1.0154784340242356E-017  -5.3775922928613022E-018   3.6349293858178498E-018   2.9831765241924064E-018  -1.5203866344880514E-016  -1.0950293532548839E-016
  -3.9266619095123574E-004   8.8510077838097006E-016   1.0121869540861650E-016   1.0268047644888188E-016   6.4118582002558565E-017  -1.4283878219999077E-016   6.5275563812729034E-016   5.7862999710964796E-016   8.9698646609861513E-018   9.2522638686044283E-018   5.3434207308526396E-002  0.17053739068424123        4.4720243939297854E-016  -8.6758339054288957E-018  -1.4708456602971082E-017   2.0083697379594432E-015  -1.2684206099855599E-016  -3.8559610208828492E-017   4.9938737889989711E-015   3.5569439574476946E-017  -9.8650722890281502E-016  0.14586959678049297       -4.3027074552644866E-017   1.0167047383038649E-019   1.0859778846421121E-018  -4.0176291549937319E-017  -2.1251043497823566E-022  -4.0167078684355867E-017  -6.6571382283886933E-019   1.0846405935815007E-018   1.0534205302882518E-019   1.6078749892284797E-018   4.7161860290696419E-016  -1.1452034305946962E-017  -7.5119484999856675E-018  -9.1057341162409569E-016   4.7905534873022201E-017   3.9416200334303864E-017  -1.0178840071541566E-015  -1.0733268897963482E-017   9.9043090036504269E-017  -7.7527727364865351E-002  -3.2971166157017742E-002
  -1.2117955339166250E-003   2.8091891535206254E-015   3.0900393958320053E-016   3.2722089754075729E-016   1.6887580306790818E-016  -4.5522180434759063E-016   2.0204797743866130E-015   2.5293118825566017E-015   1.5114124629674745E-016   4.8495046181811206E-017  0.17053739068424123       0.54487637661912269        2.0335570290821225E-015   8.4922825743268434E-017  -3.4308308498734089E-017   6.3916345763383049E-015  -3.9568796494626733E-016  -1.2616884056788287E-016   1.5945845068410710E-014   1.1728285944541063E-016  -3.0849280830913717E-015  0.46537803423796409       -1.3566281157364114E-016   1.8738316298661244E-019   3.4046454655664200E-018  -1.2742943950595378E-016  -7.4070139602445936E-022  -1.2739732901999533E-016  -2.9925752507096508E-018   3.3999844039930443E-018   2.0018037966453461E-019   4.9984412500412740E-018   2.1463263304673103E-015   7.6207568183250578E-017  -1.1157954416873446E-017  -3.0382773965516190E-015   1.4759266089464906E-016   1.2446082638871806E-016  -3.3891330250852630E-015  -3.5256700963663966E-017   1.6067488060155588E-016 -0.26886642093490515      -0.12152262821186360     
   2.1632754486343886E-016  -1.1444538416226155E-016   7.2568897023025841E-018   3.4129415400125166E-017  -1.4078499235807927E-016   1.4446305419770798E-018  -1.7406805148099165E-016  0.10818137877852603       -1.0335707780633783E-017   2.8885926966523993E-016   4.4720243939297854E-016   2.0335570290821225E-015   9.3860437484133266E-002  -3.7585534140672912E-017   4.7639363473676281E-016  -6.4324745892588000E-016  -4.8688266170426708E-018  -9.0063297119806069E-018  -5.9896997205846307E-016   5.3033649698531335E-018  -6.1271648148822413E-016  -8.4341984664426473E-016  -3.0585227451512798E-017   1.0999422699056626E-017  -5.6606447817934951E-017  -5.1444425834667533E-017  -2.3261671415090276E-018  -7.0502891978504590E-018   4.1184325751346615E-017  -4.4270891653919244E-017   1.8997937439977850E-017  -1.2153584775311875E-016  0.10053036149257311        1.5508114473042144E-017   2.7691497573169126E-016  -6.6451412441215816E-017   5.5560843340493597E-018  -3.6978174081103594E-019  -4.6933894087216880E-017  -4.2189011422548597E-018  -5.7146414958471324E-017  -2.6802597615930715E-016  -1.6345349521045853E-016
   1.7912643472085501E-017  -5.3353961755338092E-017   1.4564533657511914E-017  -7.8216286446833077E-018  -1.0751267892513791E-017  -4.0949980066015713E-018   5.0301305717439736E-017  -1.2645496041718110E-018  0.10818137877852738        8.6749726325996448E-017  -8.6758339054288957E-018   8.4922825743268434E-017  -3.7585534140672912E-017   9.3860437484137943E-002   8.6724880026210289E-017  -7.8410332494305746E-018  -1.6194994805358551E-017   2.1652155065826506E-017  -1.4100155101831766E-018   4.4618923372120047E-018  -5.9085890288669094E-017   2.1252446844706786E-017   1.2685742106060097E-017  -2.7351514229209072E-016  -3.7240817634378582E-018   2.5654888412240739E-018   6.5746247158563739E-018   5.3066558391771432E-018  -6.8710645496026891E-016  -2.9032493168607811E-018  -3.0169614804804529E-016  -2.6731934925515690E-018   2.9076311738635157E-017  0.10053036149257601        1.4733404022267599E-016  -2.3660318242407851E-017   1.6418825277511845E-018  -4.4328750612459809E-018  -4.2691394939844689E-017   4.0592844503478015E-018  -2.0352128915057912E-017  -1.7201858024164229E-016  -1.1501660679723970E-016
  -7.6525924882548134E-020  -2.4575298941243573E-017  -2.3711524347743285E-017   3.6235739455850010E-017   4.8124736404021683E-018   9.2184979671979650E-018   1.9350602250785188E-017   1.5309598184637334E-016   1.9930346435714785E-016  0.10818137877852736       -1.4708456602971082E-017  -3.4308308498734089E-017   4.7639363473676281E-016   8.6724880026210289E-017   9.3860437484138720E-002   8.6555617606646000E-018   1.3363982607804456E-017  -3.3273089743671643E-017  -2.0890167806447840E-017   2.5442974560433608E-018   7.5161287290983883E-018  -3.7818981173907774E-017  -8.1537518106757202E-017  -1.3235599824104220E-018  -4.2935073979284368E-016  -4.4235463611370474E-017   1.4626931402648572E-018  -3.6781854024453123E-017  -1.5478818345435277E-017  -4.6730186380626282E-016  -1.3209919591336374E-018  -9.9591725795399588E-016   2.5298573028312575E-016   1.8203528600579017E-016  0.10053036149257617       -1.9136034464961945E-018  -2.5898722439769076E-018   8.8105042798864045E-018  -4.6657120746491048E-018   3.1537411172701232E-018   2.5882666389973579E-018   3.7679942671201368E-017   2.2868693168851256E-017
  -1.6012928851938353E-017   3.4527585634628873E-029   4.1764445472000670E-030   3.6442070002744464E-030   4.4591621249419238E-030  -5.3972257009269301E-030   2.7627272378748816E-029  -7.4139220812973711E-016  -9.0373943560082049E-018   9.9762011606847329E-018   2.0083697379594432E-015   6.3916345763383049E-015  -6.4324745892588000E-016  -7.8410332494305746E-018   8.6555617606646000E-018   8.0445939022143547E-029  -5.0081236947521969E-030  -1.2984351436942202E-030   1.9156886568426784E-028   1.1865035649249169E-030  -3.4798580891479530E-029   5.4877974272228927E-015  -1.4664476547767290E-030  -4.4680860396817833E-032   3.9132845785504320E-031  -1.1858630908056618E-030   1.5521316405018510E-032  -1.4893838180472675E-030  -2.2500896373663334E-031   3.0318333179557713E-031  -9.7036774065588493E-032   8.0576193932865799E-031  -6.8895800305564613E-016  -8.3982338903310263E-018   9.2706445446533988E-018  -2.9765379242574103E-029   1.9226211445346195E-030   1.5257158476185865E-030  -3.3677684766382749E-029  -3.4423714064714333E-031   8.8232823808213849E-030  -2.2648227907160789E-015  -7.4578585203746452E-016
   1.5630275561473357E-018  -2.3277497686987775E-030  -4.6042123157131112E-031  -2.4643735640339276E-031  -6.8715897939853313E-031   3.5097538262507541E-031  -2.5033601181587304E-030  -5.6116974369988969E-018  -1.8665978066114079E-017   1.5403018601195621E-017  -1.2684206099855599E-016  -3.9568796494626733E-016  -4.8688266170426708E-018  -1.6194994805358551E-017   1.3363982607804456E-017  -5.0081236947521969E-030   4.4518992417483554E-031   3.6234384011219371E-032  -1.1708824807548514E-029  -2.7812233089256033E-032   3.3529418499400576E-030  -3.4886354115378946E-016   1.1521186781952448E-031   4.4104192205865854E-032  -6.1064350920749796E-032   1.0340609807342946E-031  -8.0592927587459993E-034   1.0171089823704749E-031   1.0257344875712506E-031  -6.7252211279605779E-032   4.8559821512058662E-032  -1.4087974568670199E-031  -5.2148158795735235E-018  -1.7345845872796368E-017   1.4313655876258971E-017   1.5561630567728535E-031  -1.9539650508946238E-031  -1.1190414224935127E-031   2.8472414670075618E-031   1.0195814261430693E-032  -2.5960595907834129E-030  -1.4249125053472650E-016  -1.6995877745874950E-016
   6.8921259691952222E-020  -5.5031965479721216E-031   1.0721907669616214E-032  -8.9495333765897353E-032   1.4822015722558475E-031   9.5339794406739490E-032  -1.2434782140196867E-031  -1.0380488223707179E-017   2.4955775312079025E-017  -3.8349797008993839E-017  -3.8559610208828492E-017  -1.2616884056788287E-016  -9.0063297119806069E-018   2.1652155065826506E-017  -3.3273089743671643E-017  -1.2984351436942202E-030   3.6234384011219371E-032   6.1553630636153610E-032  -3.5790282470981222E-030  -4.5526450557067552E-032   4.2534113504668053E-031  -1.0438038844455569E-016   5.7221145406162582E-032  -6.3045442005949731E-032   1.5630911142018651E-031   4.6086424986497864E-032   1.2218295286929665E-033   3.9796017366953902E-032  -1.5199511301954284E-031   1.6877131049353884E-031  -7.0323006633410850E-032   3.6362246929168020E-031  -9.6463388189486479E-018   2.3190803646410703E-017  -3.5637546868151901E-017   1.3429289703612872E-030  -6.3647684772943936E-033  -2.5628606750894582E-032   1.4584167405534887E-030   1.3151979483506781E-032   7.3317085758328137E-031   1.6692677028266708E-016   1.0816045640999753E-016
  -3.6166121053700863E-017   8.3255771675074925E-029   9.2381940903684962E-030   9.3643401078657015E-030   6.4306998940650772E-030  -1.3352292357285245E-029   6.1304580422584748E-029  -6.9035899641073950E-016  -1.6251514064844116E-018  -2.4077526344343333E-017   4.9938737889989711E-015   1.5945845068410710E-014  -5.9896997205846307E-016  -1.4100155101831766E-018  -2.0890167806447840E-017   1.9156886568426784E-028  -1.1708824807548514E-029  -3.5790282470981222E-030   4.7064515288942296E-028   3.3380894230945351E-030  -8.7472030484638598E-029   1.3630544074741030E-014  -3.7867893726907100E-030  -5.8047956503313290E-032   5.5755532654019791E-031  -3.4065051998011653E-030   1.4399449166837730E-032  -3.6906105054939287E-030  -3.2241245917928575E-031   4.8714030973397537E-031  -1.0831066799553595E-031   1.1458376880756561E-030  -6.4153406300085504E-016  -1.5102142366731721E-018  -2.2374667937995263E-017  -8.6372820021254972E-029   4.3742119432502406E-030   3.6670631610166475E-030  -9.6633023976807346E-029  -9.8980874303359303E-031   7.6249238638629907E-030  -7.5208544842258868E-015  -3.2906687634007077E-015
  -1.5455275521446226E-021   4.8135441168075268E-031  -2.0248829161653442E-032   6.7828683819574611E-032  -1.9002563049232787E-031  -9.0844103324294464E-032   3.3482182145798522E-032   6.1125363356784665E-018   5.1426743571540616E-018   2.9324986564652041E-018   3.5569439574476946E-017   1.1728285944541063E-016   5.3033649698531335E-018   4.4618923372120047E-018   2.5442974560433608E-018   1.1865035649249169E-030  -2.7812233089256033E-032  -4.5526450557067552E-032   3.3380894230945351E-030   4.7858994185660528E-032  -2.9519492016716030E-031   9.6030555841238043E-017  -2.1563210790128060E-032  -1.3209136848678306E-032  -1.4675643713793877E-032  -2.5741326235520247E-032   2.2022289362739316E-034  -2.2877465553039429E-032  -3.6644545704412255E-032  -1.4971738029819428E-032  -1.4087569621378392E-032  -3.3755875108963548E-032   5.6802334597737790E-018   4.7789639769863393E-018   2.7251006905215374E-018  -1.4401794955312584E-030  -1.0406107699967731E-033   1.7853353412403589E-032  -1.5640016068578381E-030  -1.3385463190045633E-032  -9.1336038250635718E-031  -1.8608590044249708E-016  -1.2417826682888205E-016
   1.1639217659487110E-017  -1.7220428620110206E-029  -3.4152976297080997E-030  -2.1623834394930267E-030  -4.0481509352571395E-030   2.7002923464600050E-030  -1.7603319261733164E-029  -7.0620290661791041E-016  -6.8101036486915697E-017   8.6629168879415008E-018  -9.8650722890281502E-016  -3.0849280830913717E-015  -6.1271648148822413E-016  -5.9085890288669094E-017   7.5161287290983883E-018  -3.4798580891479530E-029   3.3529418499400576E-030   4.2534113504668053E-031  -8.7472030484638598E-029  -2.9519492016716030E-031   2.8986553983456422E-029  -2.7111373334766313E-015   1.1554476546600310E-030   8.3860786801915020E-032   3.1094050582813329E-031   1.1566529605408834E-030   1.1160761571108495E-032   8.6583829769791416E-031   8.2743354354210053E-032   2.2684184872408735E-031   4.9433844272434098E-032   6.7151345198361867E-031  -6.5625742887551931E-016  -6.3284660385633965E-017   8.0502409578988330E-018   3.2525163252244902E-030  -1.4837050329338322E-030  -8.6357068066219686E-031   4.2308913492206869E-030   1.1728851291989233E-031  -1.7917064230084088E-029  -8.4057378433772926E-016  -1.1183818361190094E-015
  -1.0837183844052136E-003   2.4206802112623353E-015   2.8031028423984206E-016   2.8044538610589660E-016   1.8521074772632431E-016  -3.9012041315719000E-016   1.7998230785034969E-015  -7.9498038192907719E-016   7.8350866324282025E-017   2.6694286351263921E-017  0.14586959678049297       0.46537803423796409       -8.4341984664426473E-016   2.1252446844706786E-017  -3.7818981173907774E-017   5.4877974272228927E-015  -3.4886354115378946E-016  -1.0438038844455569E-016   1.3630544074741030E-014   9.6030555841238043E-017  -2.7111373334766313E-015  0.39825672096687170       -1.1793146131502207E-016   3.1655459019253235E-019   2.9820405192073408E-018  -1.0990303811099045E-016  -5.6235907346447782E-022  -1.0987865819454046E-016  -1.5704047385052072E-018   2.9785016795248021E-018   3.2627056661453234E-019   4.4272069140322653E-018  -9.2111091759213395E-016   1.9102405532562475E-017  -1.7803937619634285E-017  -2.4481714961382389E-015   1.3228468572225055E-016   1.0798248292655990E-016  -2.7387366638055043E-015  -2.9015865746926637E-017   3.1459492920532386E-016 -0.20554449151800161       -8.5372155425813737E-002
   4.3084298343970427E-019  -7.0459619699984868E-031  -1.0017086526183406E-031  -1.2768951026019277E-031  -1.1039259750015404E-031   1.0779644747146053E-031  -6.5281588156134985E-031  -3.5251828828507065E-017   1.4621294217750820E-017  -9.3978265682585840E-017  -4.3027074552644866E-017  -1.3566281157364114E-016  -3.0585227451512798E-017   1.2685742106060097E-017  -8.1537518106757202E-017  -1.4664476547767290E-030   1.1521186781952448E-031   5.7221145406162582E-032  -3.7867893726907100E-030  -2.1563210790128060E-032   1.1554476546600310E-030  -1.1793146131502207E-016   1.2175550708148169E-031  -3.9862940198012412E-032   3.8987956312057692E-031   9.0089843648135671E-032   3.7593907358586034E-034   6.9519167358071512E-032  -9.4706562080727688E-032   4.1893937310268268E-031  -4.6280338505459667E-032   9.0274231111296283E-031  -3.2758679316329677E-017   1.3587218149705773E-017  -8.7331749032865564E-017   3.8749852319005184E-031  -5.2586225534617689E-032  -4.3574653652779702E-032   4.4419626972817729E-031   5.0551253743442152E-033  -4.9642251618202450E-031   3.0893785787250770E-018  -1.8559751406442884E-017
  -1.0217775084457434E-020   1.4767337963757556E-031  -3.7853993610471586E-032   2.6588283586109945E-032   2.3063438386664048E-032   1.1551078683114606E-032  -1.5164609976404732E-031   1.2677681302656453E-017  -3.1524725436064529E-016  -1.5255047561166400E-018   1.0167047383038649E-019   1.8738316298661244E-019   1.0999422699056626E-017  -2.7351514229209072E-016  -1.3235599824104220E-018  -4.4680860396817833E-032   4.4104192205865854E-032  -6.3045442005949731E-032  -5.8047956503313290E-032  -1.3209136848678306E-032   8.3860786801915020E-032   3.1655459019253235E-019  -3.9862940198012412E-032   7.9837932909692820E-031   1.0289058937697966E-032  -1.3139138050769894E-032  -1.9452078197752592E-032  -1.6030266384601937E-032   2.0075127083203565E-030   9.8779451453982539E-033   8.8143759246098691E-031   7.6244709584017389E-033   1.1781065268662160E-017  -2.9295171496472149E-016  -1.4176149936583247E-018   8.9674021711480407E-032  -2.7938100155300744E-033   1.3130966721086789E-032   1.4916759938251809E-031  -1.2159390011186439E-032   8.8305158239686650E-032   4.7539469218139911E-018   3.6633593693371201E-018
  -1.2214566839565959E-020   2.0314207116682451E-031   1.0700295623973635E-031  -1.8389115372034575E-031   6.8278204431641267E-032  -4.5847280736714331E-032   3.4155330143302755E-032  -6.5243288193003755E-017  -4.2922908804980380E-018  -4.9485977537894645E-016   1.0859778846421121E-018   3.4046454655664200E-018  -5.6606447817934951E-017  -3.7240817634378582E-018  -4.2935073979284368E-016   3.9132845785504320E-031  -6.1064350920749796E-032   1.5630911142018651E-031   5.5755532654019791E-031  -1.4675643713793877E-032   3.1094050582813329E-031   2.9820405192073408E-018   3.8987956312057692E-031   1.0289058937697966E-032   1.9983166637046270E-030   2.3237473660811139E-031  -5.5488402021297446E-033   1.7139671372841202E-031   7.3305041053519414E-032   2.1644464618004593E-030   6.5715706925372784E-033   4.6291263485157141E-030  -6.0629023414783791E-017  -3.9887230013138229E-018  -4.5986132427492205E-016   4.4772931149324025E-032   9.9464744325756130E-033  -3.8965628885312806E-032   4.5021046861005797E-032  -1.2158791968462794E-032   4.1335862815518597E-032   6.1571170217761736E-019   9.9577763017615308E-019
   3.5014090273538357E-019  -6.1338212412194337E-031  -8.7120886388941012E-032  -1.1384803608033623E-031  -2.1015800566332811E-032   1.0301656420803212E-031  -4.8640835472626409E-031  -5.9293660528747721E-017   2.9569233590184511E-018  -5.0984776681805944E-017  -4.0176291549937319E-017  -1.2742943950595378E-016  -5.1444425834667533E-017   2.5654888412240739E-018  -4.4235463611370474E-017  -1.1858630908056618E-030   1.0340609807342946E-031   4.6086424986497864E-032  -3.4065051998011653E-030  -2.5741326235520247E-032   1.1566529605408834E-030  -1.0990303811099045E-016   9.0089843648135671E-032  -1.3139138050769894E-032   2.3237473660811139E-031   8.0375785452815179E-032   7.6538930408440543E-034   5.2602362559054631E-032  -3.4708646016126018E-032   2.4352257796931067E-031  -1.8295895141746564E-032   5.3452026628799158E-031  -5.5100177077389411E-017   2.7477979809864422E-018  -4.7378930536033907E-017   5.4613889169356893E-031  -4.4824925681684117E-032  -3.5480316176547760E-032   6.0580797664599613E-031   7.6800873563813372E-033  -2.5096636852760133E-031   2.9877821155371219E-017   3.1901353208531147E-018
  -2.7533206908737546E-024  -1.2858101438378269E-033   4.7189674550425905E-034  -8.2938871870559773E-034   2.8144854078701067E-033  -1.7848593129197094E-034   8.1429219475515794E-033  -2.6810866791483860E-018   7.5777610437083811E-018   1.6858664298308502E-018  -2.1251043497823566E-022  -7.4070139602445936E-022  -2.3261671415090276E-018   6.5746247158563739E-018   1.4626931402648572E-018   1.5521316405018510E-032  -8.0592927587459993E-034   1.2218295286929665E-033   1.4399449166837730E-032   2.2022289362739316E-034   1.1160761571108495E-032  -5.6235907346447782E-022   3.7593907358586034E-034  -1.9452078197752592E-032  -5.5488402021297446E-033   7.6538930408440543E-034   5.4097569751846457E-034  -2.6677363398998069E-035  -4.9391424714505464E-032  -6.3884777177794445E-033  -2.1624257236031052E-032  -1.2695265650664795E-032  -2.4914695679697783E-018   7.0418316500470601E-018   1.5666352521357811E-018  -2.2878868027015120E-035  -6.2687348340792858E-035  -1.6406150776563450E-034  -1.8812420382840618E-033   4.3819199991093526E-034   4.6807080757801294E-035   2.5415143826677263E-021   1.8287953260651259E-021
   3.5026021120733274E-019  -6.7094032831960838E-031  -8.5192083596826829E-032  -9.5040884514724581E-032  -8.7686576360528193E-032   1.0429063349272550E-031  -5.6590451980862276E-031  -8.1260009718123844E-018   6.1163293158772876E-018  -4.2393917917421650E-017  -4.0167078684355867E-017  -1.2739732901999533E-016  -7.0502891978504590E-018   5.3066558391771432E-018  -3.6781854024453123E-017  -1.4893838180472675E-030   1.0171089823704749E-031   3.9796017366953902E-032  -3.6906105054939287E-030  -2.2877465553039429E-032   8.6583829769791416E-031  -1.0987865819454046E-016   6.9519167358071512E-032  -1.6030266384601937E-032   1.7139671372841202E-031   5.2602362559054631E-032  -2.6677363398998069E-035   4.6498463174435614E-032  -3.6529249648244238E-032   1.8538923983430435E-031  -1.8226692385334347E-032   3.9787040738399112E-031  -7.5512978703822325E-018   5.6837581853304161E-018  -3.9395651464657881E-017   5.1311201155941798E-031  -4.2370394519117349E-032  -3.5084263901673352E-032   5.8118185560835482E-031   6.0472532990449338E-033  -2.7906909750074869E-031   2.9767668510645749E-017   3.1108740322884910E-018
  -5.5061678152366256E-020   3.5603613968279031E-031  -8.0461836116316270E-032   6.5685051589861893E-032   6.7108439299309231E-032   2.9924149940190544E-032  -3.6499697519758769E-031   4.7468105447492442E-017  -7.9194307695177593E-016  -1.7840529570880462E-017  -6.6571382283886933E-019  -2.9925752507096508E-018   4.1184325751346615E-017  -6.8710645496026891E-016  -1.5478818345435277E-017  -2.2500896373663334E-031   1.0257344875712506E-031  -1.5199511301954284E-031  -3.2241245917928575E-031  -3.6644545704412255E-032   8.2743354354210053E-032  -1.5704047385052072E-018  -9.4706562080727688E-032   2.0075127083203565E-030   7.3305041053519414E-032  -3.4708646016126018E-032  -4.9391424714505464E-032  -3.6529249648244238E-032   5.0518593985500976E-030   7.8967978811627965E-032   2.2173196753446043E-030   1.3065389366029574E-031   4.4110972275306259E-017  -7.3593371342118072E-016  -1.6578776377507672E-017   3.4701107160659713E-031  -2.0789872539775411E-033   3.2280928847316089E-032   5.0879940485761837E-031  -3.0504413864146644E-032   3.4725535494575591E-031   3.1994503511792639E-017   2.3998754619032156E-017
  -1.2231890037131136E-020   1.9755933191335192E-031   1.1767814562228261E-031  -1.9412776853471283E-031   4.7757576999735550E-032  -4.9417454218810181E-032   3.9191352879854371E-033  -5.1025610227793240E-017  -3.3462183051186254E-018  -5.3860136695910891E-016   1.0846405935815007E-018   3.3999844039930443E-018  -4.4270891653919244E-017  -2.9032493168607811E-018  -4.6730186380626282E-016   3.0318333179557713E-031  -6.7252211279605779E-032   1.6877131049353884E-031   4.8714030973397537E-031  -1.4971738029819428E-032   2.2684184872408735E-031   2.9785016795248021E-018   4.1893937310268268E-031   9.8779451453982539E-033   2.1644464618004593E-030   2.4352257796931067E-031  -6.3884777177794445E-033   1.8538923983430435E-031   7.8967978811627965E-032   2.3475496258393029E-030   6.9641683630531906E-033   5.0158151199859539E-030  -4.7416876171275771E-017  -3.1095604404833155E-018  -5.0050933656192363E-016   3.6715835416017581E-032   1.1740491670396709E-032  -4.2615504676083308E-032   4.0483547121992959E-032  -1.3952004463937027E-032   3.2700329081753707E-032   6.3170347196837913E-019   1.0072847518300598E-018
  -1.0170206061677577E-020   1.5397184863755230E-031  -4.1627458534381939E-032   3.1852256851377556E-032   1.4234312883693188E-032   1.2895297724408611E-032  -1.8165001903599954E-031   2.1896585199194285E-017  -3.4772803262848571E-016  -1.5225449116255768E-018   1.0534205302882518E-019   2.0018037966453461E-019   1.8997937439977850E-017  -3.0169614804804529E-016  -1.3209919591336374E-018  -9.7036774065588493E-032   4.8559821512058662E-032  -7.0323006633410850E-032  -1.0831066799553595E-031  -1.4087569621378392E-032   4.9433844272434098E-032   3.2627056661453234E-019  -4.6280338505459667E-032   8.8143759246098691E-031   6.5715706925372784E-033  -1.8295895141746564E-032  -2.1624257236031052E-032  -1.8226692385334347E-032   2.2173196753446043E-030   6.9641683630531906E-033   9.7363863801420544E-031  -1.9572301231080467E-033   2.0347971623050420E-017  -3.2313532343500219E-016  -1.4148644811393870E-018   9.0814589166074156E-032  -2.8196207813263628E-033   1.4430939549004802E-032   1.5766283924097658E-031  -1.3740140378973591E-032   8.9272999352929349E-032   4.7100370376054670E-018   3.6317631835884975E-018
  -2.1013632389508371E-020   4.4057715182905316E-031   2.4794639181002065E-031  -4.2525544653572671E-031   1.4141119205258180E-031  -1.0401126361399802E-031   5.2231943918580674E-032  -1.4007941933119177E-016  -3.0810612598624470E-018  -1.1478712970307668E-015   1.6078749892284797E-018   4.9984412500412740E-018  -1.2153584775311875E-016  -2.6731934925515690E-018  -9.9591725795399588E-016   8.0576193932865799E-031  -1.4087974568670199E-031   3.6362246929168020E-031   1.1458376880756561E-030  -3.3755875108963548E-032   6.7151345198361867E-031   4.4272069140322653E-018   9.0274231111296283E-031   7.6244709584017389E-033   4.6291263485157141E-030   5.3452026628799158E-031  -1.2695265650664795E-032   3.9787040738399112E-031   1.3065389366029574E-031   5.0158151199859539E-030  -1.9572301231080467E-033   1.0724823332241110E-029  -1.3017244577612914E-016  -2.8631563558535718E-018  -1.0666892744424877E-015   1.0897306945269392E-031   2.2857627475722911E-032  -9.1396703390812908E-032   1.1207408170479094E-031  -2.8216520408883258E-032   8.4612876786734979E-032   2.4274985846891285E-018   2.6267067933508159E-018
   2.3118513381304325E-016  -1.2257811863420578E-016   7.7725798498175471E-018   3.6554724862482843E-017  -1.5078947588412146E-016   1.5472890868713069E-018  -1.8643770057698697E-016  0.11586897959226600        6.8841896927303910E-017   1.2872924388055097E-017   4.7161860290696419E-016   2.1463263304673103E-015  0.10053036149257311        2.9076311738635157E-017   2.5298573028312575E-016  -6.8895800305564613E-016  -5.2148158795735235E-018  -9.6463388189486479E-018  -6.4153406300085504E-016   5.6802334597737790E-018  -6.5625742887551931E-016  -9.2111091759213395E-016  -3.2758679316329677E-017   1.1781065268662160E-017  -6.0629023414783791E-017  -5.5100177077389411E-017  -2.4914695679697783E-018  -7.5512978703822325E-018   4.4110972275306259E-017  -4.7416876171275771E-017   2.0347971623050420E-017  -1.3017244577612914E-016  0.10767426460734172        9.0872800368914610E-017   2.1052580387532008E-017  -7.1173592340613230E-017   5.9509116040465173E-018  -3.9605922445622442E-019  -5.0269117269344350E-017  -4.5187053065249852E-018  -6.1207361778498763E-017   1.8205165160600851E-017   5.3425528604049705E-017
   1.8658660136398181E-017  -5.7145408716336423E-017   1.5599520658615280E-017  -8.3774503527492981E-018  -1.1515276049299864E-017  -4.3859973482928243E-018   5.3875824392758078E-017   6.2919724904417614E-017  0.11586897959226505        1.9565783455216532E-016  -1.1452034305946962E-017   7.6207568183250578E-017   1.5508114473042144E-017  0.10053036149257601        1.8203528600579017E-016  -8.3982338903310263E-018  -1.7345845872796368E-017   2.3190803646410703E-017  -1.5102142366731721E-018   4.7789639769863393E-018  -6.3284660385633965E-017   1.9102405532562475E-017   1.3587218149705773E-017  -2.9295171496472149E-016  -3.9887230013138229E-018   2.7477979809864422E-018   7.0418316500470601E-018   5.6837581853304161E-018  -7.3593371342118072E-016  -3.1095604404833155E-018  -3.2313532343500219E-016  -2.8631563558535718E-018   9.0872800368914610E-017  0.10767426460734261        2.5328769752882191E-016  -2.5341671205618032E-017   1.7585582218394387E-018  -4.7478846711511694E-018  -4.5725137032842377E-017   4.3477459101298421E-018  -2.1798394848946449E-017   9.9794838156024501E-017   9.1686087876274961E-017
  -1.9194750260621042E-019  -2.6321672395451999E-017  -2.5396516126631869E-017   3.8810728823451178E-017   5.1544583395418062E-018   9.8735842054603139E-018   2.0725697551743126E-017  -1.0495514663349096E-016   2.7621857347689033E-016  0.11586897959226423       -7.5119484999856675E-018  -1.1157954416873446E-017   2.7691497573169126E-016   1.4733404022267599E-016  0.10053036149257617        9.2706445446533988E-018   1.4313655876258971E-017  -3.5637546868151901E-017  -2.2374667937995263E-017   2.7251006905215374E-018   8.0502409578988330E-018  -1.7803937619634285E-017  -8.7331749032865564E-017  -1.4176149936583247E-018  -4.5986132427492205E-016  -4.7378930536033907E-017   1.5666352521357811E-018  -3.9395651464657881E-017  -1.6578776377507672E-017  -5.0050933656192363E-016  -1.4148644811393870E-018  -1.0666892744424877E-015   2.1052580387532008E-017   2.5328769752882191E-016  0.10767426460734209       -2.0495882118831522E-018  -2.7739141206388019E-018   9.4365976116246716E-018  -4.9972675821376342E-018   3.3778527255079623E-018   2.7721944179258816E-018   5.3975783922643576E-017   3.8851305759559133E-017
