   6.0900677418622255E-006   3.3989169576291713E-012   5.1133723818241187E-012   6.4357971188556881E-016   3.3903250079989807E-018   4.4107426665090203E-019  -1.2363476185418307E-018  -7.0450101288534385E-019   8.0190535459720095E-019  -2.1130419465314860E-018   7.9243567440986125E-016   1.4152764065686417E-005  -3.0830501032751513E-012  -7.4955169834686826E-012   8.6163442820274801E-004   2.7771808180038810E-010   4.2236048131957460E-010  -2.4509652465142177E-018  -5.0262293619754461E-019  -6.5727940011310767E-019   4.9122245942721880E-019  -2.1180631698654590E-018   1.8365927481935178E-018  -7.4332925533545859E-016   2.6471865942933564E-003   9.5410989753279309E-010   1.4244358710530709E-009  -6.0313282594605987E-016  -5.7468963479874490E-019  -3.6425206513687558E-019  -4.5460395399905374E-019   2.1621235661155331E-019   4.3000958701637129E-019  -4.8333327537330455E-019  -2.5475605913648225E-003  -3.3219283161581907E-010  -5.1117363484714671E-010   2.1738930369754254E-015  -3.9856570846648342E-015
   3.3989169576291713E-012   6.0900702300315979E-006   9.1134226568701854E-012   8.3731330420348486E-016  -8.3400759108078421E-019   4.6097222002248573E-019   7.0118380127992858E-019  -3.1125096009435988E-018  -7.7645266679829156E-019  -4.0975842876700843E-018   1.0817360062496375E-015  -3.0830533643593152E-012   1.4152762717529471E-005  -1.3963191500302654E-011   2.7771790443767758E-010   8.6163463005609130E-004   7.5372548947419097E-010   1.0016949295315031E-018  -1.3158649959724639E-018  -1.1120973722115061E-018   1.1533852363700037E-018   1.1461038121389798E-018   5.4444548039730311E-019  -7.2078007876703637E-016   9.5410941677544672E-010   2.6471872962292270E-003   2.5364214487916329E-009  -1.7672361824628816E-016  -1.0546693345995453E-018   7.0197593631635312E-019   2.0303060743044793E-019   7.4046500072050269E-020  -7.7608200319829198E-019   1.0287137728855133E-018  -3.3219059283859281E-010  -2.5475608309090867E-003  -9.1346276711714249E-010   7.9339689730676978E-015  -7.6590538891562286E-015
   5.1133723818241187E-012   9.1134226568701854E-012   6.0900638682475142E-006  -2.2920401297037979E-016   1.8870231622705379E-018   5.0049163563887377E-020   4.6623160008499787E-019   4.0113145103049404E-020  -1.3636583556077240E-018   4.8589648472850470E-018  -3.3681072949922499E-016  -7.4955326718542455E-012  -1.3963238686345689E-011   1.4152773530616182E-005   4.2235961276101876E-010   7.5372365496654686E-010   8.6163410220480041E-004   6.6880429917108988E-019  -1.3151268539804859E-018   2.2827237376327880E-019  -4.0038680912061617E-019  -1.8440470699702074E-019   1.7751200771296510E-018  -7.2853794408245870E-016   1.4244332049722679E-009   2.5364157525402631E-009   2.6471855297128511E-003  -1.0354595206683842E-015  -9.9084760913743317E-019   1.8065790172182481E-018  -2.1976352355654978E-018   3.1224162080635424E-018   1.1409851721909652E-018  -6.3607931386134100E-019  -5.1117098049268762E-010  -9.1345814964559881E-010  -2.5475601890019633E-003   1.1448038629409455E-015  -2.4851396946375169E-015
   6.4357971188556881E-016   8.3731330420348486E-016  -2.2920401297037979E-016  0.54444790072275040       -3.2823218298733213E-008   3.1127728526223465E-008  -5.8149055345749013E-009   1.4127048900132735E-009  -2.1494238454805500E-008   3.1410525953060991E-008  0.67453259875278926       -1.9003596216785141E-016  -9.8570387655539677E-016   2.4122775199736099E-016   1.0584184328337291E-016   7.0204880658148148E-016  -1.0125343747494759E-016   7.5343538562802722E-010  -2.4550624907002382E-008  -3.1679044435615085E-008  -1.6258887372418871E-008  -5.5349645141518081E-008   1.5505476117124389E-008 -0.34032717661961454       -3.2267183076101001E-016   9.1340298566184056E-016   8.6427176853428393E-016 -0.21960375190773729       -1.6965833336796773E-009  -1.5676611384108501E-008  -2.3370479171546321E-008  -1.1694145539513991E-008  -4.1607449333627773E-008   1.3390734419277143E-008   8.2007537156380359E-016   2.5987543162565492E-015  -2.7815169694907071E-015   9.6939732191668904E-002  -2.5900995296067139E-002
   3.3903250079989807E-018  -8.3400759108078421E-019   1.8870231622705379E-018  -3.2823218298733213E-008   1.9790812696623904E-015  -1.8765083564987076E-015   3.5106856735422587E-016  -8.4945718049055004E-017   1.2968023749558093E-015  -1.8941363189037811E-015  -4.0681028465681867E-008   6.3197154368645086E-018   3.2115940078028491E-018  -1.4772191312522392E-018   4.3691678469158171E-016   2.3229159930177238E-017   1.0620958969953755E-016  -4.5945812504247309E-017   1.4810895743829885E-015   1.9104220136244853E-015   9.8056900218324381E-016   3.3377152789462232E-015  -9.3462468095977880E-016   2.0185304499800525E-008   1.3264426788890845E-015   1.2384809077154135E-016   2.6655988282554047E-016   1.2797122118171573E-008   1.0221183532704733E-016   9.4455637233755635E-016   1.4081149433965824E-015   7.0459545249561579E-016   2.5069228016952432E-015  -8.0680765895483308E-016  -1.7080308107318992E-015   1.3059687142980633E-015  -1.8789649948266841E-015  -5.6962071902526725E-009   1.5620085903292576E-009
   4.4107426665090203E-019   4.6097222002248573E-019   5.0049163563887377E-020   3.1127728526223465E-008  -1.8765083564987076E-015   1.7797144296303700E-015  -3.3225554053587298E-016   8.0858141505141552E-017  -1.2285067710546184E-015   1.7956509268148378E-015   3.8559571049174340E-008   1.2790842626645896E-018   1.5007871210728336E-018  -2.8839574082864112E-018   6.9368860668189890E-017   7.6996214605998118E-017  -7.5195803598907681E-017   4.2860875263279318E-017  -1.4032268179420448E-015  -1.8109546851392915E-015  -9.2942266458185988E-016  -3.1641732324755841E-015   8.8656315413199867E-016  -1.9594906974015763E-008   2.1571115820184148E-016   2.4093344969300080E-016  -2.6160006648875121E-016  -1.2729772950906626E-008  -9.7019575338846166E-017  -8.9653063205432443E-016  -1.3365264016926335E-015  -6.6877329276721265E-016  -2.3794723185369486E-015   7.6579317440150798E-016  -1.3725255580879024E-016  -1.1294642886599169E-016  -5.7858400261411297E-016   5.7787244314726232E-009  -1.5717416464513885E-009
  -1.2363476185418307E-018   7.0118380127992858E-019   4.6623160008499787E-019  -5.8149055345749013E-009   3.5106856735422587E-016  -3.3225554053587298E-016   6.3100287211258360E-017  -1.4648027729512322E-017   2.3148639456021596E-016  -3.3642069669040051E-016  -7.2337694919832763E-009  -2.5828961644277204E-018  -6.3309944430091114E-019   2.3616023984046467E-021  -1.6696031408659822E-016   3.7157399974143225E-017   3.6315170512016948E-017  -9.0894178527998131E-018   2.6419814684812531E-016   3.3949362319105828E-016   1.7437639483130091E-016   5.9281440232585132E-016  -1.6528730714979653E-016   2.9723592992989057E-009  -5.0999163403677404E-016   9.1098932226689277E-017   1.0055253180824413E-016   1.4747482100089823E-009   1.7990876780887344E-017   1.6631431574322350E-016   2.4792718265737364E-016   1.2405903162491494E-016   4.4139267021228944E-016  -1.4205003510266167E-016   5.7112515999265330E-016  -7.1385389225662275E-016  -3.9596701951085304E-016  -5.0627930230504974E-010   1.5604503583949315E-010
  -7.0450101288534385E-019  -3.1125096009435988E-018   4.0113145103049404E-020   1.4127048900132735E-009  -8.4945718049055004E-017   8.0858141505141552E-017  -1.4648027729512322E-017   3.8604831116252805E-018  -5.4923006362085149E-017   8.1085257182069080E-017   1.7372402799662278E-009  -4.1686795821063825E-018  -4.4868748010286594E-018   8.0990763933800301E-018  -1.6909614586847041E-016  -3.6505050194139901E-016   2.2522289153240107E-016   1.4930807366721703E-018  -6.2822177938211191E-017  -8.1690412005200508E-017  -4.1866627546705028E-017  -1.4288420374633724E-016   4.0373577341747951E-017  -1.1766588755469591E-009  -5.4531080765214586E-016  -1.0935503533586841E-015   7.7353924875731292E-016  -9.5493761044818167E-010  -4.4587511315792216E-018  -4.1174636671683479E-017  -6.1386429646410417E-017  -3.0716301777965508E-017  -1.0928966728275643E-016   3.5175037796169395E-017  -1.7580211156625954E-016   1.8124457472097655E-015   1.4711991726468031E-015   5.0164117698726544E-010  -1.2877874006892332E-010
   8.0190535459720095E-019  -7.7645266679829156E-019  -1.3636583556077240E-018  -2.1494238454805500E-008   1.2968023749558093E-015  -1.2285067710546184E-015   2.3148639456021596E-016  -5.4923006362085149E-017   8.5227603292636891E-016  -1.2418799081508057E-015  -2.6686937067991092E-008   4.4066035524540470E-018  -1.5058829468272956E-018  -1.2730983650278089E-017   1.8319581052900698E-016  -1.0166618751287685E-016  -4.5515509838524874E-016  -3.1754702869409192E-017   9.7306814506218314E-016   1.2528741998284918E-015   6.4328359326599056E-016   2.1883495704545368E-015  -6.1152998277742177E-016   1.2158706656283740E-008   5.8874609670475096E-016  -3.0930658533348421E-016  -1.4958153234767520E-015   6.9892665103042761E-009   6.6728251505023788E-017   6.1674796420856108E-016   9.1941272870773952E-016   4.6005889293097081E-016   1.6368635375175854E-015  -5.2678749445795463E-016   1.3718285519028925E-016   3.8024458407278996E-016  -1.2067547645626150E-015  -2.8474509057205491E-009   8.1103907459832506E-010
  -2.1130419465314860E-018  -4.0975842876700843E-018   4.8589648472850470E-018   3.1410525953060991E-008  -1.8941363189037811E-015   1.7956509268148378E-015  -3.3642069669040051E-016   8.1085257182069080E-017  -1.2418799081508057E-015   1.8130518067684382E-015   3.8943804371576914E-008  -8.1643544942520445E-018  -1.5780083131335114E-018   1.0330194774009148E-017  -3.8819098088395678E-016  -3.6187330450177931E-016   6.6108553659757367E-016   4.4452773832656938E-017  -1.4182680088462996E-015  -1.8287323582592569E-015  -9.3870276618313412E-016  -3.1948323889250266E-015   8.9425145310180544E-016  -1.9008637715654549E-008  -1.2257933306090118E-015  -1.0308115816946610E-015   2.0212422271746719E-015  -1.1842169436068455E-008  -9.7753120769340989E-017  -9.0338206846877555E-016  -1.3467290106921113E-015  -6.7387939931092095E-016  -2.3976340193107489E-015   7.7163290632724383E-016   2.7918606286784616E-016   3.1906978631177108E-015  -2.2113225485759536E-015   5.1945439404179495E-009  -1.4332223419322267E-009
   7.9243567440986125E-016   1.0817360062496375E-015  -3.3681072949922499E-016  0.67453259875278926       -4.0681028465681867E-008   3.8559571049174340E-008  -7.2337694919832763E-009   1.7372402799662278E-009  -2.6686937067991092E-008   3.8943804371576914E-008  0.83659828323524266       -2.0111040204855670E-016  -1.2618508541434840E-015   3.1713674937337628E-016   8.5988415199923874E-017   1.1565755670069015E-015  -2.1669009282910543E-015   9.6406375376162062E-010  -3.0475113300818470E-008  -3.9282173487578753E-008  -2.0165076187141209E-008  -6.8623589594938258E-008   1.9201044466215817E-008 -0.40221960821704078       -3.8050173772933271E-016   1.5938225813782485E-015  -4.7314383191407440E-015 -0.24620369011333665       -2.0978239668564318E-009  -1.9390540554657079E-008  -2.8906152537234286E-008  -1.4464173786203352E-008  -5.1462628309514835E-008   1.6562006779850891E-008   2.7951079981176897E-015  -1.0275559422864658E-014   7.8346978867867420E-015  0.11161464800029715       -3.2099305056924210E-002
   1.4152764065686417E-005  -3.0830533643593152E-012  -7.4955326718542455E-012  -1.9003596216785141E-016   6.3197154368645086E-018   1.2790842626645896E-018  -2.5828961644277204E-018  -4.1686795821063825E-018   4.4066035524540470E-018  -8.1643544942520445E-018  -2.0111040204855670E-016   6.5711279769642899E-005  -6.3399866828027422E-011  -1.1411173085384952E-010   2.9024387542654268E-003  -1.6420435283053556E-009  -2.9225257225031195E-009  -7.4688152147972937E-018  -1.9064014777563089E-018  -9.4512587421285217E-020   2.3907234484479803E-018  -7.1238457904365672E-018   1.1915991691561341E-018   1.1506351676019289E-015   9.2516159358012433E-003  -4.8831380622259139E-009  -8.8466416236875324E-009   1.3181673175757920E-015  -2.3399579864816463E-019  -8.2607821389874152E-019  -2.0780637338470161E-018  -1.3209340670398647E-018   1.1455146898506690E-018  -1.1160112301773278E-020   1.7998122323511354E-004   1.8261455820879204E-009   3.3823852492163006E-009  -3.1439863130460853E-015   5.6595801191034536E-015
  -3.0830501032751513E-012   1.4152762717529471E-005  -1.3963238686345689E-011  -9.8570387655539677E-016   3.2115940078028491E-018   1.5007871210728336E-018  -6.3309944430091114E-019  -4.4868748010286594E-018  -1.5058829468272956E-018  -1.5780083131335114E-018  -1.2618508541434840E-015  -6.3399866828027422E-011   6.5711239315577129E-005  -2.0733898981676352E-010  -1.6420430986223108E-009   2.9024376960338502E-003  -5.3043558483383645E-009   6.7957229351128359E-018   4.5495327133184458E-020  -1.1872606809535980E-018   3.7760659836710252E-018   8.6167079175655343E-019   4.5368190884133374E-018   1.2963490074158282E-015  -4.8831367704150950E-009   9.2516128383034069E-003  -1.6084373773397855E-008   8.6078925664876935E-016   5.8099851057297607E-019  -1.3639125788591427E-018  -6.5238718619197992E-019   3.3050132176396825E-018  -8.5479818570230373E-020   1.4690028864069556E-018   1.8261431918212602E-009   1.7998235806684118E-004   6.1626197600623882E-009  -1.0033364212945177E-014   9.9749661204645755E-015
  -7.4955169834686826E-012  -1.3963191500302654E-011   1.4152773530616182E-005   2.4122775199736099E-016  -1.4772191312522392E-018  -2.8839574082864112E-018   2.3616023984046467E-021   8.0990763933800301E-018  -1.2730983650278089E-017   1.0330194774009148E-017   3.1713674937337628E-016  -1.1411173085384952E-010  -2.0733898981676352E-010   6.5711391039976802E-005  -2.9225256598631272E-009  -5.3043540751170219E-009   2.9024415675261775E-003   1.3632027570513128E-017   9.2216908866891387E-018  -4.6128860667189513E-018   1.4785609886409786E-018   1.3145488966671617E-017   1.1984225169990717E-018   7.9662794120652811E-016  -8.8466414766628357E-009  -1.6084368493931717E-008   9.2516246259727163E-003   1.1535051013390900E-015  -9.8811019132194914E-019  -3.4861825828368616E-018   4.6046660258114867E-018  -1.7104591881951288E-018   2.5927878918584210E-019   2.0347964782360321E-018   3.3823835102665802E-009   6.1626107781651437E-009   1.7997781924397314E-004  -5.0866138975511254E-016   4.5060557710758553E-015
   8.6163442820274801E-004   2.7771790443767758E-010   4.2235961276101876E-010   1.0584184328337291E-016   4.3691678469158171E-016   6.9368860668189890E-017  -1.6696031408659822E-016  -1.6909614586847041E-016   1.8319581052900698E-016  -3.8819098088395678E-016   8.5988415199923874E-017   2.9024387542654268E-003  -1.6420430986223108E-009  -2.9225256598631272E-009  0.14658891257365217       -6.5952463980178300E-009  -7.7433638318462935E-009  -3.9538872872867762E-016  -9.1358103666738853E-017  -5.3694337513355753E-017   1.0375688271426410E-016  -3.6003996371866840E-016   1.7547599135912685E-016  -1.2601239407432059E-015  0.45953596792185225       -6.8780337198950077E-009  -7.7119361974629041E-009  -7.9391086436436986E-016  -5.1100358453384594E-017  -5.0974048551322519E-017  -9.2332227931154252E-017  -1.9412465730013081E-017   6.4851636149450283E-017  -3.7887450403680655E-017 -0.19314324297683991        3.4418834390823814E-009   3.9277598478830306E-009   2.7858864811074107E-015  -4.0732579346745103E-015
   2.7771808180038810E-010   8.6163463005609130E-004   7.5372365496654686E-010   7.0204880658148148E-016   2.3229159930177238E-017   7.6996214605998118E-017   3.7157399974143225E-017  -3.6505050194139901E-016  -1.0166618751287685E-016  -3.6187330450177931E-016   1.1565755670069015E-015  -1.6420435283053556E-009   2.9024376960338502E-003  -5.3043540751170219E-009  -6.5952463980178300E-009  0.14658890705252903       -1.3340179360928560E-008   2.6424621033563196E-016  -1.0106223087087952E-016  -1.1902483917615661E-016   1.9323223746295818E-016   1.1274626523502606E-016   1.6674603701195806E-016  -3.0163542189934705E-015  -6.8780333854853678E-009  0.45953596204839892       -1.3187572315698596E-008   1.9221465041808126E-016  -6.6070067787267268E-017   1.7178306161019275E-017  -2.1029547826844136E-018   9.6392942946857791E-017  -6.2683427501089455E-017   1.2026911846811876E-016   3.4418844622992851E-009 -0.19314324005948164        6.7360069976065807E-009   5.9096659716838027E-015  -6.8579849666182647E-015
   4.2236048131957460E-010   7.5372548947419097E-010   8.6163410220480041E-004  -1.0125343747494759E-016   1.0620958969953755E-016  -7.5195803598907681E-017   3.6315170512016948E-017   2.2522289153240107E-016  -4.5515509838524874E-016   6.6108553659757367E-016  -2.1669009282910543E-015  -2.9225257225031195E-009  -5.3043558483383645E-009   2.9024415675261775E-003  -7.7433638318462935E-009  -1.3340179360928560E-008  0.14658891555250356        4.2583779221702207E-016   1.5063520394043481E-016  -1.0875309362281292E-016   9.4158973252150411E-018   3.4615484754870341E-016   1.7088504522211999E-016  -6.8412301390664333E-016  -7.7119358463948525E-009  -1.3187575090257724E-008  0.45953597027145254       -1.8347502174502545E-015  -1.0413816705038695E-016   4.4862569610532730E-017  -4.4596141473802789E-017   1.9586852014315460E-016   9.5823945361312767E-017   6.3446259312642380E-018   3.9277609296779355E-009   6.7360124593014753E-009 -0.19314324429546983       -2.2023812667445358E-015  -3.6355736681704739E-015
  -2.4509652465142177E-018   1.0016949295315031E-018   6.6880429917108988E-019   7.5343538562802722E-010  -4.5945812504247309E-017   4.2860875263279318E-017  -9.0894178527998131E-018   1.4930807366721703E-018  -3.1754702869409192E-017   4.4452773832656938E-017   9.6406375376162062E-010  -7.4688152147972937E-018   6.7957229351128359E-018   1.3632027570513128E-017  -3.9538872872867762E-016   2.6424621033563196E-016   4.2583779221702207E-016   2.1388840639268826E-018  -3.6062531356103469E-017  -4.5044281769177157E-017  -2.3260821141477528E-017  -7.8334295503033893E-017   2.1122046527131412E-017   2.2605489174382053E-010  -1.2328159089486891E-015   8.5737376350978759E-016   1.4313842148667230E-015   6.0780666654340407E-010  -2.2161786021062204E-018  -2.0503873280369480E-017  -3.0562850198073028E-017  -1.5293379027250548E-017  -5.4411469732725432E-017   1.7509633913658727E-017   6.9574446527544974E-016   4.1139073422473879E-016   1.9650290019744716E-015  -5.1440303005347925E-010   1.2255582931123666E-010
  -5.0262293619754461E-019  -1.3158649959724639E-018  -1.3151268539804859E-018  -2.4550624907002382E-008   1.4810895743829885E-015  -1.4032268179420448E-015   2.6419814684812531E-016  -6.2822177938211191E-017   9.7306814506218314E-016  -1.4182680088462996E-015  -3.0475113300818470E-008  -1.9064014777563089E-018   4.5495327133184458E-020   9.2216908866891387E-018  -9.1358103666738853E-017  -1.0106223087087952E-016   1.5063520394043481E-016  -3.6062531356103469E-017   1.1110334985964340E-015   1.4307921274800976E-015   7.3460800431309412E-016   2.4991816294678701E-015  -6.9854670601509653E-016   1.4018903154485714E-008  -2.8820361589055293E-016  -2.7886480324494441E-016   5.8792347709868127E-016   8.1631346199590575E-009   7.6249770690650346E-017   7.0464410572965768E-016   1.0504601744472178E-015   5.2563147243506921E-016   1.8701756194743752E-015  -6.0188162547368882E-016   7.2998477614624762E-017   1.1272191393550202E-015   2.8321481860921858E-015  -3.2005634245315678E-009   9.0660675708275709E-010
  -6.5727940011310767E-019  -1.1120973722115061E-018   2.2827237376327880E-019  -3.1679044435615085E-008   1.9104220136244853E-015  -1.8109546851392915E-015   3.3949362319105828E-016  -8.1690412005200508E-017   1.2528741998284918E-015  -1.8287323582592569E-015  -3.9282173487578753E-008  -9.4512587421285217E-020  -1.1872606809535980E-018  -4.6128860667189513E-018  -5.3694337513355753E-017  -1.1902483917615661E-016  -1.0875309362281292E-016  -4.5044281769177157E-017   1.4307921274800976E-015   1.8445940419623719E-015   9.4687216108530354E-016   3.2224722546853136E-015  -9.0182936708228929E-016   1.9036270922034667E-008  -1.5036164399618926E-016  -3.5144111180213503E-016  -3.8653815648973064E-016   1.1771757691838273E-008   9.8568043170361437E-017   9.1085908165464634E-016   1.3578839157448716E-015   6.7946041319219845E-016   2.4174953332708023E-015  -7.7802885659312733E-016   5.4124490358579959E-016   7.2482955114072962E-016  -1.0514323699778610E-015  -5.0137805629622790E-009   1.3868135967352618E-009
   4.9122245942721880E-019   1.1533852363700037E-018  -4.0038680912061617E-019  -1.6258887372418871E-008   9.8056900218324381E-016  -9.2942266458185988E-016   1.7437639483130091E-016  -4.1866627546705028E-017   6.4328359326599056E-016  -9.3870276618313412E-016  -2.0165076187141209E-008   2.3907234484479803E-018   3.7760659836710252E-018   1.4785609886409786E-018   1.0375688271426410E-016   1.9323223746295818E-016   9.4158973252150411E-018  -2.3260821141477528E-017   7.3460800431309412E-016   9.4687216108530354E-016   4.8606954094709458E-016   1.6541208030641631E-015  -4.6280949326203935E-016   9.6796019544714002E-009   3.3150102788007784E-016   6.0483046139002067E-016   5.3479979652825292E-017   5.9233061234454810E-009   5.0571773208871571E-017   4.6733279418659204E-016   6.9668650159862823E-016   3.4860929149490979E-016   1.2403388844286945E-015  -3.9918127902205370E-016   2.6671421534465098E-017  -2.7885314076718953E-016   6.1524451769488186E-016  -2.4887503147545610E-009   6.9102118957074691E-010
  -2.1180631698654590E-018   1.1461038121389798E-018  -1.8440470699702074E-019  -5.5349645141518081E-008   3.3377152789462232E-015  -3.1641732324755841E-015   5.9281440232585132E-016  -1.4288420374633724E-016   2.1883495704545368E-015  -3.1948323889250266E-015  -6.8623589594938258E-008  -7.1238457904365672E-018   8.6167079175655343E-019   1.3145488966671617E-017  -3.6003996371866840E-016   1.1274626523502606E-016   3.4615484754870341E-016  -7.8334295503033893E-017   2.4991816294678701E-015   3.2224722546853136E-015   1.6541208030641631E-015   5.6297232845653287E-015  -1.5757890815187052E-015   3.3493598550982531E-008  -1.1285848282620564E-015   3.2802341151004300E-016   1.2018249703716734E-015   2.0872895835946835E-008   1.7226219335033603E-016   1.5918522186811358E-015   2.3730912349882087E-015   1.1874515925125818E-015   4.2249100188228328E-015  -1.3597144621879830E-015   4.7675480730568426E-016  -8.1440032951152443E-016   2.6000602782445264E-015  -8.9779738736707230E-009   2.4765323292561427E-009
   1.8365927481935178E-018   5.4444548039730311E-019   1.7751200771296510E-018   1.5505476117124389E-008  -9.3462468095977880E-016   8.8656315413199867E-016  -1.6528730714979653E-016   4.0373577341747951E-017  -6.1152998277742177E-016   8.9425145310180544E-016   1.9201044466215817E-008   1.1915991691561341E-018   4.5368190884133374E-018   1.1984225169990717E-018   1.7547599135912685E-016   1.6674603701195806E-016   1.7088504522211999E-016   2.1122046527131412E-017  -6.9854670601509653E-016  -9.0182936708228929E-016  -4.6280949326203935E-016  -1.5757890815187052E-015   4.4168811074810937E-016  -9.9056235813994943E-009   5.0775933663536517E-016   5.4563424307545271E-016   4.9517945773028752E-016  -6.5310591400570216E-009  -4.8355660523236909E-017  -4.4682953361716962E-016  -6.6612456425661784E-016  -3.3331636928837940E-016  -1.1859290397716886E-015   3.8167216785067471E-016  -1.3400540982894806E-015   3.8034175235210062E-016  -1.2865422612389518E-015   3.0031157307377773E-009  -8.1356720619607460E-010
  -7.4332925533545859E-016  -7.2078007876703637E-016  -7.2853794408245870E-016 -0.34032717661961454        2.0185304499800525E-008  -1.9594906974015763E-008   2.9723592992989057E-009  -1.1766588755469591E-009   1.2158706656283740E-008  -1.9008637715654549E-008 -0.40221960821704078        1.1506351676019289E-015   1.2963490074158282E-015   7.9662794120652811E-016  -1.2601239407432059E-015  -3.0163542189934705E-015  -6.8412301390664333E-016   2.2605489174382053E-010   1.4018903154485714E-008   1.9036270922034667E-008   9.6796019544714002E-009   3.3493598550982531E-008  -9.9056235813994943E-009  0.65595541156427739       -3.9073187102576895E-016  -4.5072577914516928E-015   1.8241818267913190E-015  0.71659561698575003        1.1438281139105218E-009   1.0557387068684241E-008   1.5740613563057470E-008   7.8761733534756528E-009   2.8024061520192794E-008  -9.0199615089255319E-009  -1.7071810513279125E-015   6.9369718237739059E-015  -8.4383682018167232E-015 -0.48126241483634186       0.12321832556814041     
   2.6471865942933564E-003   9.5410941677544672E-010   1.4244332049722679E-009  -3.2267183076101001E-016   1.3264426788890845E-015   2.1571115820184148E-016  -5.0999163403677404E-016  -5.4531080765214586E-016   5.8874609670475096E-016  -1.2257933306090118E-015  -3.8050173772933271E-016   9.2516159358012433E-003  -4.8831367704150950E-009  -8.8466414766628357E-009  0.45953596792185225       -6.8780333854853678E-009  -7.7119358463948525E-009  -1.2328159089486891E-015  -2.8820361589055293E-016  -1.5036164399618926E-016   3.3150102788007784E-016  -1.1285848282620564E-015   5.0775933663536517E-016  -3.9073187102576895E-016   1.4434166697692656        2.1696865474235111E-008   2.7755137937523350E-008   1.5454537399151846E-015  -1.4576886003926206E-016  -1.5639929559807923E-016  -2.9408325885692062E-016  -7.8223788234945677E-017   2.0073148226183992E-016  -1.0506713605856451E-016 -0.53122085134901065       -7.3064809494097219E-009  -9.3795813444169478E-009  -1.8395168094555220E-015   2.6343955594272976E-015
   9.5410989753279309E-010   2.6471872962292270E-003   2.5364157525402631E-009   9.1340298566184056E-016   1.2384809077154135E-016   2.4093344969300080E-016   9.1098932226689277E-017  -1.0935503533586841E-015  -3.0930658533348421E-016  -1.0308115816946610E-015   1.5938225813782485E-015  -4.8831380622259139E-009   9.2516128383034069E-003  -1.6084368493931717E-008  -6.8780337198950077E-009  0.45953596204839892       -1.3187575090257724E-008   8.5737376350978759E-016  -2.7886480324494441E-016  -3.5144111180213503E-016   6.0483046139002067E-016   3.2802341151004300E-016   5.4563424307545271E-016  -4.5072577914516928E-015   2.1696865474235111E-008   1.4434166872069314        4.8434254276047902E-008   5.1303597599706276E-015  -1.7208646776444387E-016   2.2250159651552142E-017  -1.7919467954619776E-017   3.2807501427050123E-016  -1.7507413596232851E-016   3.6010903948023944E-016  -7.3064814815491779E-009 -0.53122085721071111       -1.6376084417363905E-008  -3.7768763308494886E-015   6.0622544395299835E-015
   1.4244358710530709E-009   2.5364214487916329E-009   2.6471855297128511E-003   8.6427176853428393E-016   2.6655988282554047E-016  -2.6160006648875121E-016   1.0055253180824413E-016   7.7353924875731292E-016  -1.4958153234767520E-015   2.0212422271746719E-015  -4.7314383191407440E-015  -8.8466416236875324E-009  -1.6084373773397855E-008   9.2516246259727163E-003  -7.7119361974629041E-009  -1.3187572315698596E-008  0.45953597027145254        1.4313842148667230E-015   5.8792347709868127E-016  -3.8653815648973064E-016   5.3479979652825292E-017   1.2018249703716734E-015   4.9517945773028752E-016   1.8241818267913190E-015   2.7755137937523350E-008   4.8434254276047902E-008   1.4434166552182053        1.0279843613625789E-015  -3.0654528318134383E-016   5.9515019330574116E-017  -3.8035566442140590E-017   5.1038133784219630E-016   2.7001833427877066E-016   5.5294605970673953E-017  -9.3795812612281480E-009  -1.6376087196906578E-008 -0.53122084638024736        7.3691984874112332E-016   9.1968787847103250E-016
  -6.0313282594605987E-016  -1.7672361824628816E-016  -1.0354595206683842E-015 -0.21960375190773729        1.2797122118171573E-008  -1.2729772950906626E-008   1.4747482100089823E-009  -9.5493761044818167E-010   6.9892665103042761E-009  -1.1842169436068455E-008 -0.24620369011333665        1.3181673175757920E-015   8.6078925664876935E-016   1.1535051013390900E-015  -7.9391086436436986E-016   1.9221465041808126E-016  -1.8347502174502545E-015   6.0780666654340407E-010   8.1631346199590575E-009   1.1771757691838273E-008   5.9233061234454810E-009   2.0872895835946835E-008  -6.5310591400570216E-009  0.71659561698575003        1.5454537399151846E-015   5.1303597599706276E-015   1.0279843613625789E-015  0.85063632026374580        7.9798355574764532E-010   7.2985885710974608E-009   1.0892294585656814E-008   5.4493571177355739E-009   1.9394496931360058E-008  -6.2472835727998785E-009  -1.0187750640071602E-015  -5.6021768705742675E-015   4.3649279331242853E-015 -0.48863569348653008       0.11206410626622146     
  -5.7468963479874490E-019  -1.0546693345995453E-018  -9.9084760913743317E-019  -1.6965833336796773E-009   1.0221183532704733E-016  -9.7019575338846166E-017   1.7990876780887344E-017  -4.4587511315792216E-018   6.6728251505023788E-017  -9.7753120769340989E-017  -2.0978239668564318E-009  -2.3399579864816463E-019   5.8099851057297607E-019  -9.8811019132194914E-019  -5.1100358453384594E-017  -6.6070067787267268E-017  -1.0413816705038695E-016  -2.2161786021062204E-018   7.6249770690650346E-017   9.8568043170361437E-017   5.0571773208871571E-017   1.7226219335033603E-016  -4.8355660523236909E-017   1.1438281139105218E-009  -1.4576886003926206E-016  -1.7208646776444387E-016  -3.0654528318134383E-016   7.9798355574764532E-010   5.3072128266056108E-018   4.8977823732890963E-017   7.3025054213422062E-017   3.6539566638989416E-017   1.3001162657933609E-016  -4.1846785991145763E-017   4.4513089478746385E-016   1.0047044461642016E-015   6.5880687893833938E-016  -2.8141173811677001E-010   7.2407870150381135E-011
  -3.6425206513687558E-019   7.0197593631635312E-019   1.8065790172182481E-018  -1.5676611384108501E-008   9.4455637233755635E-016  -8.9653063205432443E-016   1.6631431574322350E-016  -4.1174636671683479E-017   6.1674796420856108E-016  -9.0338206846877555E-016  -1.9390540554657079E-008  -8.2607821389874152E-019  -1.3639125788591427E-018  -3.4861825828368616E-018  -5.0974048551322519E-017   1.7178306161019275E-017   4.4862569610532730E-017  -2.0503873280369480E-017   7.0464410572965768E-016   9.1085908165464634E-016   4.6733279418659204E-016   1.5918522186811358E-015  -4.4682953361716962E-016   1.0557387068684241E-008  -1.5639929559807923E-016   2.2250159651552142E-017   5.9515019330574116E-017   7.2985885710974608E-009   4.8977823732890963E-017   4.5273304167892962E-016   6.7490125944903632E-016   3.3771008102429009E-016   1.2015494002715710E-015  -3.8668799859014596E-016   1.5614750137959840E-016  -8.5037565940792875E-016  -2.1839710818213876E-015  -3.8355553168292403E-009   1.0287684473410625E-009
  -4.5460395399905374E-019   2.0303060743044793E-019  -2.1976352355654978E-018  -2.3370479171546321E-008   1.4081149433965824E-015  -1.3365264016926335E-015   2.4792718265737364E-016  -6.1386429646410417E-017   9.1941272870773952E-016  -1.3467290106921113E-015  -2.8906152537234286E-008  -2.0780637338470161E-018  -6.5238718619197992E-019   4.6046660258114867E-018  -9.2332227931154252E-017  -2.1029547826844136E-018  -4.4596141473802789E-017  -3.0562850198073028E-017   1.0504601744472178E-015   1.3578839157448716E-015   6.9668650159862823E-016   2.3730912349882087E-015  -6.6612456425661784E-016   1.5740613563057470E-008  -2.9408325885692062E-016  -1.7919467954619776E-017  -3.8035566442140590E-017   1.0892294585656814E-008   7.3025054213422062E-017   6.7490125944903632E-016   1.0061114019399804E-015   5.0344098811122547E-016   1.7912177996829780E-015  -5.7646617697594252E-016   2.6280353815194303E-019  -2.9391988080374121E-016   2.7243591024318903E-015  -5.5251101210184495E-009   1.4775020656671978E-009
   2.1621235661155331E-019   7.4046500072050269E-020   3.1224162080635424E-018  -1.1694145539513991E-008   7.0459545249561579E-016  -6.6877329276721265E-016   1.2405903162491494E-016  -3.0716301777965508E-017   4.6005889293097081E-016  -6.7387939931092095E-016  -1.4464173786203352E-008  -1.3209340670398647E-018   3.3050132176396825E-018  -1.7104591881951288E-018  -1.9412465730013081E-017   9.6392942946857791E-017   1.9586852014315460E-016  -1.5293379027250548E-017   5.2563147243506921E-016   6.7946041319219845E-016   3.4860929149490979E-016   1.1874515925125818E-015  -3.3331636928837940E-016   7.8761733534756528E-009  -7.8223788234945677E-017   3.2807501427050123E-016   5.1038133784219630E-016   5.4493571177355739E-009   3.6539566638989416E-017   3.3771008102429009E-016   5.0344098811122547E-016   2.5191340839545062E-016   8.9629452286063722E-016  -2.8845304284230250E-016  -4.2935598337972301E-016   5.5130107786999411E-016  -2.9727105683882479E-015  -2.7806206065539493E-009   7.4396202958878435E-010
   4.3000958701637129E-019  -7.7608200319829198E-019   1.1409851721909652E-018  -4.1607449333627773E-008   2.5069228016952432E-015  -2.3794723185369486E-015   4.4139267021228944E-016  -1.0928966728275643E-016   1.6368635375175854E-015  -2.3976340193107489E-015  -5.1462628309514835E-008   1.1455146898506690E-018  -8.5479818570230373E-020   2.5927878918584210E-019   6.4851636149450283E-017  -6.2683427501089455E-017   9.5823945361312767E-017  -5.4411469732725432E-017   1.8701756194743752E-015   2.4174953332708023E-015   1.2403388844286945E-015   4.2249100188228328E-015  -1.1859290397716886E-015   2.8024061520192794E-008   2.0073148226183992E-016  -1.7507413596232851E-016   2.7001833427877066E-016   1.9394496931360058E-008   1.3001162657933609E-016   1.2015494002715710E-015   1.7912177996829780E-015   8.9629452286063722E-016   3.1889729367174489E-015  -1.0263063880487734E-015  -1.5275075566454969E-016   6.4389825433583334E-016  -9.2190832669572843E-016  -9.7954284788204709E-009   2.6184689793218781E-009
  -4.8333327537330455E-019   1.0287137728855133E-018  -6.3607931386134100E-019   1.3390734419277143E-008  -8.0680765895483308E-016   7.6579317440150798E-016  -1.4205003510266167E-016   3.5175037796169395E-017  -5.2678749445795463E-016   7.7163290632724383E-016   1.6562006779850891E-008  -1.1160112301773278E-020   1.4690028864069556E-018   2.0347964782360321E-018  -3.7887450403680655E-017   1.2026911846811876E-016   6.3446259312642380E-018   1.7509633913658727E-017  -6.0188162547368882E-016  -7.7802885659312733E-016  -3.9918127902205370E-016  -1.3597144621879830E-015   3.8167216785067471E-016  -9.0199615089255319E-009  -1.0506713605856451E-016   3.6010903948023944E-016   5.5294605970673953E-017  -6.2472835727998785E-009  -4.1846785991145763E-017  -3.8668799859014596E-016  -5.7646617697594252E-016  -2.8845304284230250E-016  -1.0263063880487734E-015   3.3029990317261548E-016   4.0889098803112988E-016  -6.0159918205965301E-016   9.1900841674915983E-016   3.0620467403771705E-009  -8.1636883366588994E-010
  -2.5475605913648225E-003  -3.3219059283859281E-010  -5.1117098049268762E-010   8.2007537156380359E-016  -1.7080308107318992E-015  -1.3725255580879024E-016   5.7112515999265330E-016  -1.7580211156625954E-016   1.3718285519028925E-016   2.7918606286784616E-016   2.7951079981176897E-015   1.7998122323511354E-004   1.8261431918212602E-009   3.3823835102665802E-009 -0.19314324297683991        3.4418844622992851E-009   3.9277609296779355E-009   6.9574446527544974E-016   7.2998477614624762E-017   5.4124490358579959E-016   2.6671421534465098E-017   4.7675480730568426E-016  -1.3400540982894806E-015  -1.7071810513279125E-015 -0.53122085134901065       -7.3064814815491779E-009  -9.3795812612281480E-009  -1.0187750640071602E-015   4.4513089478746385E-016   1.5614750137959840E-016   2.6280353815194303E-019  -4.2935598337972301E-016  -1.5275075566454969E-016   4.0889098803112988E-016   2.1994911810757714        2.3278859702349958E-009   3.0101090244808902E-009   9.7093828329342197E-016  -1.1763580397108904E-015
  -3.3219283161581907E-010  -2.5475608309090867E-003  -9.1345814964559881E-010   2.5987543162565492E-015   1.3059687142980633E-015  -1.1294642886599169E-016  -7.1385389225662275E-016   1.8124457472097655E-015   3.8024458407278996E-016   3.1906978631177108E-015  -1.0275559422864658E-014   1.8261455820879204E-009   1.7998235806684118E-004   6.1626107781651437E-009   3.4418834390823814E-009 -0.19314324005948164        6.7360124593014753E-009   4.1139073422473879E-016   1.1272191393550202E-015   7.2482955114072962E-016  -2.7885314076718953E-016  -8.1440032951152443E-016   3.8034175235210062E-016   6.9369718237739059E-015  -7.3064809494097219E-009 -0.53122085721071111       -1.6376087196906578E-008  -5.6021768705742675E-015   1.0047044461642016E-015  -8.5037565940792875E-016  -2.9391988080374121E-016   5.5130107786999411E-016   6.4389825433583334E-016  -6.0159918205965301E-016   2.3278859702349958E-009   2.1994911829365118        5.2608235183787769E-009   3.2460206515782442E-015  -4.8274375431430891E-015
  -5.1117363484714671E-010  -9.1346276711714249E-010  -2.5475601890019633E-003  -2.7815169694907071E-015  -1.8789649948266841E-015  -5.7858400261411297E-016  -3.9596701951085304E-016   1.4711991726468031E-015  -1.2067547645626150E-015  -2.2113225485759536E-015   7.8346978867867420E-015   3.3823852492163006E-009   6.1626197600623882E-009   1.7997781924397314E-004   3.9277598478830306E-009   6.7360069976065807E-009 -0.19314324429546983        1.9650290019744716E-015   2.8321481860921858E-015  -1.0514323699778610E-015   6.1524451769488186E-016   2.6000602782445264E-015  -1.2865422612389518E-015  -8.4383682018167232E-015  -9.3795813444169478E-009  -1.6376084417363905E-008 -0.53122084638024736        4.3649279331242853E-015   6.5880687893833938E-016  -2.1839710818213876E-015   2.7243591024318903E-015  -2.9727105683882479E-015  -9.2190832669572843E-016   9.1900841674915983E-016   3.0101090244808902E-009   5.2608235183787769E-009   2.1994911794474707        1.4944695797737139E-015  -7.9888222138820653E-016
   2.1738930369754254E-015   7.9339689730676978E-015   1.1448038629409455E-015   9.6939732191668904E-002  -5.6962071902526725E-009   5.7787244314726232E-009  -5.0627930230504974E-010   5.0164117698726544E-010  -2.8474509057205491E-009   5.1945439404179495E-009  0.11161464800029715       -3.1439863130460853E-015  -1.0033364212945177E-014  -5.0866138975511254E-016   2.7858864811074107E-015   5.9096659716838027E-015  -2.2023812667445358E-015  -5.1440303005347925E-010  -3.2005634245315678E-009  -5.0137805629622790E-009  -2.4887503147545610E-009  -8.9779738736707230E-009   3.0031157307377773E-009 -0.48126241483634186       -1.8395168094555220E-015  -3.7768763308494886E-015   7.3691984874112332E-016 -0.48863569348653008       -2.8141173811677001E-010  -3.8355553168292403E-009  -5.5251101210184495E-009  -2.7806206065539493E-009  -9.7954284788204709E-009   3.0620467403771705E-009   9.7093828329342197E-016   3.2460206515782442E-015   1.4944695797737139E-015   2.5168976524012545      -0.70382315919414251     
  -3.9856570846648342E-015  -7.6590538891562286E-015  -2.4851396946375169E-015  -2.5900995296067139E-002   1.5620085903292576E-009  -1.5717416464513885E-009   1.5604503583949315E-010  -1.2877874006892332E-010   8.1103907459832506E-010  -1.4332223419322267E-009  -3.2099305056924210E-002   5.6595801191034536E-015   9.9749661204645755E-015   4.5060557710758553E-015  -4.0732579346745103E-015  -6.8579849666182647E-015  -3.6355736681704739E-015   1.2255582931123666E-010   9.0660675708275709E-010   1.3868135967352618E-009   6.9102118957074691E-010   2.4765323292561427E-009  -8.1356720619607460E-010  0.12321832556814041        2.6343955594272976E-015   6.0622544395299835E-015   9.1968787847103250E-016  0.11206410626622146        7.2407870150381135E-011   1.0287684473410625E-009   1.4775020656671978E-009   7.4396202958878435E-010   2.6184689793218781E-009  -8.1636883366588994E-010  -1.1763580397108904E-015  -4.8274375431430891E-015  -7.9888222138820653E-016 -0.70382315919414251        2.1969118161110286     
