 4.2113418131621788E-004 -6.9823980820760685E-015  2.7364636882396542E-015 -4.1819065368935880E-015 -8.2350746044106572E-004 -3.0066284989815253E-015  1.3061363003614612E-015 -1.7801632415107952E-015  1.7493182612192159E-003 -1.6510424246040964E-003  2.4300966184645049E-003 -1.2115944747925415E-003 -9.8191550183008907E-004 -5.3772378642530762E-004  2.3399956141658932E-016  7.4525800171741061E-016 -1.5520884462802839E-016  5.3090633496393680E-003 -5.0108035705419491E-003  7.3751787538897679E-003 -3.6771092691316428E-003 -2.9800477592805265E-003 -1.6319540805070408E-003 -1.8515790410953408E-003  2.8939369359412563E-019 -2.8133311903820542E-017 -4.8765421758101371E-018  3.6440490894808299E-018 -2.4806250004561490E-017 -4.6576863548534398E-018 -1.2674665901407354E-017 -2.7297876551870028E-018 -2.9447424196094122E-017 -3.8409063197043080E-017  1.4876741376564763E-015  3.5991972196729678E-015 -5.0597993902386450E-016  9.2856827074891922E-003 -8.7640190627105933E-003  1.2899369801248246E-002 -6.4313545437122950E-003 -5.2121770457540994E-003 -2.8543281637765953E-003  9.7015483691992389E-006  2.0129269414996358E-005 -2.9627346559679994E-005  3.8175231357186914E-006  3.5957783206629219E-005 -2.0859458305607174E-005 -2.8010617878932891E-005  6.0715700876466572E-006  1.0573938551876706E-005  2.5101865411709111E-005 -1.0935176128054154E-006 -1.6658597044082060E-005 -1.8966280835143719E-006 -1.0142752145978152E-005  1.2954472047434536E-005 -3.0280127747497301E-003  8.5604041009856288E-018  9.0873877845887073E-018 -3.3987337062472465E-017  7.3767865367934026E-019 -1.3412411206098142E-018  9.2914324690036860E-018  1.4465899292064951E-017 -2.0107501508669418E-017  1.3359613143075341E-017 -6.3501031653215807E-017  2.6361730957516869E-003 -7.4016929204839062E-004
-6.9823980820760685E-015  7.7027000746267060E-001 -3.1123813385542787E-001  4.5809820766342252E-001  1.0043868794141599E-014  3.3678019425127781E-001 -1.3608046214218694E-001  2.0029106124524126E-001 -2.5013251170163546E-015  9.0384687268082038E-017 -3.6141691605524900E-016 -2.3314608562716095E-015  3.8923749942583789E-016 -3.5834539584025681E-015 -3.2296780834193663E-002  1.3057167600879030E-002 -1.9218292589113325E-002 -3.1286401681311115E-015 -7.5148543099104511E-016  1.6174067588167120E-016  1.7503770605759130E-016 -1.3740272046059637E-015 -5.5652162273903030E-016  2.6373258863222442E-015 -3.7486813097927771E-004  1.5757247260288281E-003 -2.3192446374703207E-003  7.8447241338448271E-004  1.5533232264591005E-003 -2.8153403935622038E-004 -1.2592620560274109E-003  4.6653132637633162E-004  1.1375260922390519E-004  1.3809309687970875E-003 -1.9669229073429212E-001  7.9513636385992265E-002 -1.1703274627012032E-001 -9.6122248150736549E-016 -9.4115766404729201E-016 -3.4298951550975932E-016  3.4412278634923177E-015 -1.7486278664832594E-015  1.1972231065105215E-015  1.1983984850646522E-016  8.4975954453118446E-017 -2.5915948250339905E-016 -2.5569751129032514E-016  4.7222227700500782E-017 -2.5099594830189917E-016  1.1669176964282849E-016 -1.3261789205689595E-016  2.5697499742413875E-017 -2.5084447263899575E-016 -8.7952227088029109E-016  1.2064063609055238E-016 -4.9957696505687024E-016  1.0207908763705068E-016 -9.8167499046943941E-016  4.4242986564257036E-015  1.1865185112504346E-005 -5.0004698868216632E-005  7.3598211130943440E-005 -2.4881877754342396E-005 -4.9315208239101613E-005  8.9630614631807097E-006  3.9972087396429513E-005 -1.4802658240561540E-005 -3.6234839056070792E-006 -4.3823617684285939E-005 -4.6942700646253830E-015  1.3923440326392005E-015
 2.7364636882396542E-015 -3.1123813385542787E-001  1.2576003236879993E-001 -1.8510084898669796E-001 -3.8999537375879236E-015 -1.3608046424176981E-001  5.4985621725250816E-002 -8.0930343887507347E-002  7.6313315903351963E-016  2.7199473028340700E-016 -5.7592085021270524E-016  9.1047256129744457E-016 -1.0191937500855638E-016  1.7269963073083109E-015  1.3057169924628105E-002 -5.2580743831941845E-003  7.7654141367758927E-003  5.2289438815562910E-016  1.2347062511154949E-015 -2.2721182832958891E-015 -1.9345795527258316E-016  7.0686801860425573E-016  1.0884577409304503E-015 -1.3075752944156070E-015  1.5137167119402435E-004 -6.3675130316868662E-004  9.3704698817094305E-004 -3.1684089363403226E-004 -6.2773181893368678E-004  1.1375448566069290E-004  5.0887131252677490E-004 -1.8843282431209730E-004 -4.5971204794808286E-005 -5.5798405309798866E-004  7.9513634471175779E-002 -3.2035956370188114E-002  4.7288682765555624E-002 -9.1829466351915122E-016  2.0135615448739566E-015 -3.7036880210614419E-015 -1.5768539253997770E-015  9.8854297789751011E-016  1.0093015119545904E-015 -5.2712837447106671E-017 -3.7081047137376492E-017  1.1232012874144546E-016  1.0398277617774523E-016 -2.6364765977223390E-017  1.0807636838314341E-016 -4.3698472343185506E-017  5.2637098608999429E-017 -1.1381890782124734E-017  9.4481179605310869E-017  3.5504692767295512E-016 -4.6722870354384803E-017  2.0147945852251950E-016 -3.7815359830954011E-017  3.9289365460316238E-016 -2.4394785625171725E-015 -4.8295725836540531E-006  2.0184337550521695E-005 -2.9765306384907815E-005  1.0102338734581098E-005  1.9894273710019120E-005 -3.6227871730320850E-006 -1.6133704501553679E-005  6.0081585960149862E-006  1.4612984465976308E-006  1.7707532471215339E-005  2.3781558218204945E-015 -6.9612373195588130E-016
-4.1819065368935880E-015  4.5809820766342252E-001 -1.8510084898669796E-001  2.7244209403494446E-001  5.9737906074186589E-015  2.0029106329639604E-001 -8.0930343467632018E-002  1.1911838940194114E-001 -1.4750946221547894E-015  2.9417394514913562E-016 -7.7483712021154677E-016 -1.4279281205293476E-015  9.0869431983327010E-017 -2.1031242085845873E-015 -1.9218294408527299E-002  7.7654134899363273E-003 -1.1411731034164213E-002 -1.7941718877465299E-015  2.7614091512965680E-016 -1.6008546368172917E-015 -4.9787036126921042E-017 -1.2793904784608239E-015 -2.4364071595335341E-016 -2.9354430146801190E-015 -2.2279754414126428E-004  9.3704608071764998E-004 -1.3793092072063274E-003  4.6653162689796275E-004  9.2384630305589709E-004 -1.6761735457725707E-004 -7.4891361405827908E-004  2.7747949226801364E-004  6.7726969464792795E-005  8.2125538073708879E-004 -1.1703274503133727E-001  4.7288683403750142E-002 -6.9509590951970290E-002 -4.8027269906625978E-016  7.0799760412342970E-016 -3.1678663634787502E-015  1.8048430318201875E-015 -1.8139057357873718E-015  8.6216041099801921E-016  6.6580521134144800E-017  4.9079973231599273E-017 -1.5034387371321323E-016 -1.5037094928535231E-016  2.3946639586124410E-017 -1.4257921942696058E-016  7.0898305985106585E-017 -8.0515477361801640E-017  1.5135876885959448E-017 -1.5176557699425206E-016 -5.2295474178742755E-016  7.2808154924268816E-017 -2.9876718600040656E-016  6.2587080159242574E-017 -5.8659063877990751E-016 -6.6180281442899198E-015  7.1084423149410684E-006 -2.9765945861790591E-005  4.3771241719240833E-005 -1.4802526376076141E-005 -2.9312043852681774E-005  5.2655502349892639E-006  2.3772367557953670E-005 -8.7956440817566395E-006 -2.1280320463620284E-006 -2.6069271293394190E-005  4.6233559528338221E-015 -1.2417428127620511E-015
-8.2350746044106572E-004  1.0043868794141599E-014 -3.8999537375879236E-015  5.9737906074186589E-015  1.6675741431694505E-003  4.1680745297204812E-015 -1.8602463728081678E-015  2.6276804029974337E-015 -3.3268452403763271E-003  3.1399245308067055E-003 -4.6215596275714921E-003  2.3041741696494494E-003  1.8673919173924434E-003  1.0226710707252915E-003 -2.1355157083121378E-015 -2.6746634175039094E-016  1.9641753347226814E-015 -1.0111055598018191E-002  9.5429607516241619E-003 -1.4045993428591013E-002  7.0029208804718640E-003  5.6754381299444533E-003  3.1081347175454734E-003  8.2139246362292820E-003 -2.7698036119249410E-019  2.0126278332811873E-017  2.1041600657799154E-017 -2.2091662518158347E-017  3.6445168852146844E-017 -1.0772535086332845E-017  3.9629647394858645E-017  3.3408365553947640E-018  6.3155926568410152E-017  4.8515027661170482E-017 -1.2169218138107165E-014 -8.2832237706563453E-016  9.7227201236815944E-015 -1.7673895888818267E-002  1.6680880084509693E-002 -2.4552076239767014E-002  1.2240949173998983E-002  9.9205374030256234E-003  5.4329467148103274E-003 -1.8469378993862747E-005 -3.8320964853727973E-005  5.6403431724293009E-005 -7.2676479982824299E-006 -6.8454644164416109E-005  3.9711330953107706E-005  5.3325001439573363E-005 -1.1558732611640203E-005 -2.0130027445787046E-005 -4.7788061107910802E-005  2.0817922770815455E-006  3.1713655941399754E-005  3.6107297778680926E-006  1.9309423300969906E-005 -2.4662167964851773E-005  1.5303272962196328E-002 -1.6199875792791286E-017 -2.0175932558099437E-017  6.4797732933821940E-017 -1.9601144279387049E-018  7.0623597386351354E-019 -3.2763556374950756E-017 -2.3125538555629669E-017  3.8325812267653963E-017 -2.6543691907668206E-017  1.2043258133101396E-016 -1.2690587701375974E-002  3.5511156891858612E-003
-3.0066284989815253E-015  3.3678019425127781E-001 -1.3608046424176981E-001  2.0029106329639604E-001  4.1680745297204812E-015  1.4727759123369491E-001 -5.9495228307163368E-002  8.7568503365739792E-002 -4.8518871466951199E-016  2.6174068544658467E-016 -7.9523975417436233E-017 -1.3924872229889659E-015  6.8578190834881446E-016 -1.7580144647816357E-015 -1.2867926591587024E-002  5.7679165705329157E-003 -8.4895538167412531E-003  4.0651267709269877E-016  3.3393888309766140E-016  3.4044343842185914E-016 -1.0588512124166762E-015  1.0084465278740663E-015 -9.0251559696517905E-016 -5.9499606501987157E-015 -1.7184606203653934E-004  6.9596395612551163E-004 -1.0243607928741040E-003  3.4917315423647937E-004  6.8163755276489052E-004 -1.1861746843302930E-004 -5.5427682188666108E-004  2.0662939145438383E-004  4.7676435126791534E-005  6.0950100029868038E-004 -7.9343794474240406E-002  3.5008962405289855E-002 -5.1528213183832342E-002  2.6884682889873065E-015  7.5438834256238462E-016  2.9788519520402691E-016 -5.2017389398907004E-016  2.0208513092451377E-015 -6.0007256439113254E-016  4.3441474771587595E-017  4.1575882074822798E-017 -1.2073458358446218E-016 -1.0797025514983448E-016  1.9034847070223723E-017 -1.0993882509729991E-016  5.0650149252459572E-017 -5.0015543853197833E-017  5.4020476183923095E-018 -1.0705280069300899E-016 -3.9743838586281666E-016  5.4633208334308108E-017 -2.1773549999593950E-016  4.6031355186813610E-017 -4.3618852617487363E-016 -1.2760962571367042E-014  2.3495216730198319E-006 -1.9339928557545595E-005  2.8464920909678170E-005 -8.6638819269859066E-006 -2.0655062347337411E-005  5.5116678188182152E-006  1.6142238898558456E-005 -5.5208132490762514E-006 -2.3171575347351881E-006 -1.7101528139624666E-005  9.7343847900073026E-015 -2.6829740784548553E-015
 1.3061363003614612E-015 -1.3608046214218694E-001  5.4985621725250816E-002 -8.0930343467632018E-002 -1.8602463728081678E-015 -5.9495228307163368E-002  2.4075243061100648E-002 -3.5383251467233659E-002  3.1230720927475466E-016 -1.0650847873886257E-016  8.0549280164198941E-016  9.6844300245131058E-016 -4.3336349974899971E-016  1.8082376166541056E-016  5.7679174830572904E-003 -9.2375823976271164E-004  3.4303198385051956E-003  1.2652178442396510E-016 -1.3043090875126816E-016  2.2662322466228053E-015  1.7640218840819938E-015 -9.1112858385636797E-016 -1.2953404717833583E-015  1.4663357995538858E-015  6.1641098477137863E-005 -2.8579745430533615E-004  4.0795414138565587E-004 -1.3037746604682560E-004 -2.8254204563321275E-004  4.7677254214448995E-005  2.2784402594113186E-004 -7.7538581005277108E-005 -1.9887383856934683E-005 -2.4627721794281526E-004  3.5008960889543327E-002 -6.8474547484211482E-003  2.0820676694478860E-002 -5.2254126952904587E-016 -3.1619671964767548E-016  4.0313003479888817E-015  2.4735275337725689E-015 -1.6731693019550388E-015 -2.5856396917756904E-015 -2.0286019977276295E-017 -1.9426855415960773E-017  4.1416550707965655E-017  4.0513278189599529E-017 -1.4656286078053447E-018  3.5550226653172734E-017 -1.9156065710700899E-017  2.0351016843087137E-017 -4.3401147711045875E-018  5.2087306819701692E-017  1.5216184948277899E-016 -2.2897676351280168E-017  8.1696772450609459E-017 -2.0402977554676833E-017  1.6970840434320091E-016  2.9574345437603694E-015 -3.7296809846145632E-006  6.1797846594943208E-006 -1.3624731045509678E-005  7.3207444729732853E-006  5.8076506025985919E-006 -2.3168523425707769E-006 -5.1383738061787907E-006  4.3538480233236208E-006  7.1406721528064536E-007  6.9101082172246939E-006 -2.2021433354216991E-015  6.0037764240477397E-016
-1.7801632415107952E-015  2.0029106124524126E-001 -8.0930343887507347E-002  1.1911838940194114E-001  2.6276804029974337E-015  8.7568503365739792E-002 -3.5383251467233659E-002  5.2114489731173656E-002 -1.2292584201904745E-016 -8.5842390211463232E-017  3.3097976543335576E-016 -1.0327003648823764E-015  5.0391175940358301E-016 -1.0700770909969056E-015 -8.4895545245993447E-003  3.4303195818639709E-003 -3.6420931191046635E-003  8.0002337371195118E-016 -5.0054696138506815E-016  1.3304039725475953E-015 -1.2087434369636408E-015  8.9130150452861916E-016 -5.1945002156486514E-016  3.9822473991500529E-015 -9.0726909907334427E-005  4.0795373973932070E-004 -6.0907854342113750E-004  2.0662952221088218E-004  4.0912130161867885E-004 -8.4906599459639117E-005 -3.2964183425567050E-004  1.2462309517872160E-004  3.4307190033351111E-005  3.6109177144307361E-004 -5.1528212062066314E-002  2.0820677142877345E-002 -2.3346666285849541E-002  2.5786129568738742E-015 -7.8388529440177154E-016  2.1742724432451269E-015 -1.3029775384927475E-015  1.7044775844015694E-015 -3.5921064900145953E-016  3.2194489980375493E-017  2.5367242672269728E-017 -7.7607665773875846E-017 -5.9756315293498085E-017  1.4243644533202044E-017 -6.9019748436868240E-017  2.5418667887070197E-017 -2.9096508451880072E-017  1.4747162719563969E-018 -6.0192896831467592E-017 -2.2921796446746414E-016  2.6806547752670105E-017 -1.2681145764847333E-016  1.9413996953368064E-017 -2.5075635122851332E-016  8.0143759958921045E-015  5.4895600978857325E-006 -1.3625013453225754E-005  1.6976426627674643E-005 -5.5207549788945283E-006 -1.0951988934214835E-005 -1.8442627495405571E-006  9.6001798421422206E-006 -2.6643588930984190E-006  7.4502061892330795E-007 -1.0667585452350697E-005 -6.7081226696876672E-015  1.8936340375108938E-015
 1.7493182612192159E-003 -2.5013251170163546E-015  7.6313315903351963E-016 -1.4750946221547894E-015 -3.3268452403763271E-003 -4.8518871466951199E-016  3.1230720927475466E-016 -1.2292584201904745E-016  3.0810938921738414E-002 -1.1805097473042793E-004  1.7375580926869946E-004 -1.5347887489688199E-002  1.6780897086893148E-004 -1.5463051432022909E-002  1.1561799702282894E-015  3.5370303397879200E-016 -1.1863603106861105E-015  9.4093753736970598E-002 -3.8113056310175970E-005  5.6096311584603360E-005 -4.7016906547247911E-002  8.7351100048141048E-005 -4.7076847189709829E-002 -1.5957401320512853E-004 -2.2748608430188274E-016 -2.3617528476160332E-017  1.6783761272896995E-017 -9.1811069157378063E-017 -1.1695584205047484E-017 -8.9363717246617762E-017 -2.5314699500203598E-016  7.0766212119895970E-017 -7.0300679526609099E-017  1.3486174297736591E-016  6.9665633397363283E-015 -9.2142134001235400E-016 -6.7367755020356159E-016  1.6389612106653692E-001 -4.0802218910421044E-004  6.0054682341768167E-004 -8.1752295106734915E-002  5.7052760483439463E-004 -8.2143825959842737E-002 -2.0830798145448235E-004  2.1594367728168995E-004 -3.1783814851114921E-004  2.1261733395252675E-004  8.6432392211981793E-005  1.5330065979986271E-004 -1.6161114939957185E-004  1.0670993726686001E-004 -7.2894735440397868E-005  2.3830125730985174E-004 -9.5203917240457676E-005 -3.1920613662747983E-005 -4.5380216342172308E-005 -3.2502287818551207E-005 -6.1436415037106638E-005  2.8060754642145760E-003 -3.3775900910289700E-016  9.5101460747167514E-017 -1.2831427114587739E-016 -1.6314953658100205E-016  1.2724183664177943E-017 -1.2756331168225763E-016  1.0343941918861804E-016 -1.1369307617199117E-016  2.0194799957396349E-017 -2.2641858288420696E-016 -1.4060621112145127E-003  3.7498905570935282E-004
-1.6510424246040964E-003  9.0384687268082038E-017  2.7199473028340700E-016  2.9417394514913562E-016  3.1399245308067055E-003  2.6174068544658467E-016 -1.0650847873886257E-016 -8.5842390211463232E-017 -1.1805097473042793E-004  3.0616919672431860E-002 -1.1609056307589592E-004 -1.4403851791230200E-004  3.3147095021759422E-004  2.6208949264323097E-004 -2.1385115993336169E-016 -4.8752335509298054E-016  4.5769718527967193E-016 -3.8109694611750860E-005  9.4005977281329006E-002 -3.0798957256009118E-005 -7.7967242889843622E-005  1.4397176958151625E-004  1.1607693750223438E-004  1.5061261386765192E-004 -6.5060514161239584E-018  2.2813164300357357E-016 -6.4964532861488764E-017 -4.6681264040617031E-017  1.6194323956866572E-017 -1.9224545631825744E-017  3.7171050332617086E-016 -1.3442626934957551E-016  1.9590061585162517E-016 -2.5439894880147731E-016 -7.1357564771559652E-016  1.3581204733033227E-015 -1.8753403090240530E-015 -4.0801617738800628E-004  1.6323271381860416E-001 -4.0314347672799206E-004 -4.8884267980257076E-004  1.1351080472709468E-003  8.9685885719364370E-004 -1.3106678570216535E-004 -2.4168117325298750E-004 -3.5846241240925872E-005  2.5921511825657785E-004 -2.4609038730313924E-004 -2.8980563946551469E-005  2.0739066682187946E-004  1.0014683113775493E-004  4.6005542016729748E-005 -3.8798799476915629E-005 -1.3178412340244744E-004  9.1486218422938005E-005 -2.7720474101481549E-005  9.1938726450031436E-005  3.2278485847276234E-005 -2.6484213045867670E-003  7.8093960445548961E-018  3.5254610067957700E-017  2.0683339047178288E-017  1.9406282051573357E-017  1.3976561369863231E-017  3.9893795871001929E-017  1.3375674551800004E-016 -5.0624976482066042E-018  3.8160956740294464E-017 -4.5838536528413215E-018  1.3270649661211520E-003 -3.5392099228162338E-004
 2.4300966184645049E-003 -3.6141691605524900E-016 -5.7592085021270524E-016 -7.7483712021154677E-016 -4.6215596275714921E-003 -7.9523975417436233E-017  8.0549280164198941E-016  3.3097976543335576E-016  1.7375580926869946E-004 -1.1609056307589592E-004  3.0708921189752301E-002 -3.7704948732549367E-004 -2.1837996365693928E-004  2.0329367805590082E-004  5.2218001710585801E-016 -9.3634508656280664E-016  6.4422141781389661E-016  5.6098857087112224E-005 -3.0805752370032663E-005  9.4030395124300101E-002 -1.5750424893582349E-004 -8.7350196716670658E-005  1.0140539184795333E-004 -2.2167383482351948E-004 -1.2101721082978997E-016  9.4124220757316225E-017 -3.8647355643871678E-016 -1.1348755883389619E-017 -8.2079200109347156E-018 -1.0174236805429514E-016  1.8276400697067537E-016 -2.0460723737544635E-016 -2.6078750235288452E-017 -6.8472256309578113E-016 -5.6729077121570531E-016 -1.2137862145602087E-015 -1.6221308247333154E-017  6.0055135742008968E-004 -4.0315570454654143E-004  1.6355220265744413E-001 -1.2929854391327406E-003 -7.4998151994052492E-004  6.9243408171234177E-004  1.9291159082441699E-004 -3.5846209492218713E-005 -2.1327496653264410E-004  4.3413415836837687E-005  1.6779205911463883E-004 -3.8228579984148574E-004 -3.8942003196378770E-005  1.0638712916596362E-004  1.0033891649245140E-004  1.3397868229403229E-004 -4.8709904163667294E-005 -6.3436146739798298E-005  4.2151382410660643E-005 -6.1628670014939797E-005  1.9363003495675966E-004  3.8981167446256598E-003  3.1253246852285048E-016  6.4123716027555970E-017 -2.8799225233513040E-016  9.6653639437844728E-017  1.2981234272923271E-017  1.6513017996190307E-016  1.4063137604136436E-016 -1.7570483481989065E-016  1.1795783656585275E-016 -5.3503554868848475E-016 -1.9532595136888741E-003  5.2092356288791321E-004
-1.2115944747925415E-003 -2.3314608562716095E-015  9.1047256129744457E-016 -1.4279281205293476E-015  2.3041741696494494E-003 -1.3924872229889659E-015  9.6844300245131058E-016 -1.0327003648823764E-015 -1.5347887489688199E-002 -1.4403851791230200E-004 -3.7704948732549367E-004  3.0340922958027688E-002 -8.5663259463480143E-005 -1.4993035468374728E-002 -3.9814246295981100E-017 -1.6859402561415276E-015 -1.0758870684892004E-017 -4.7016901856480740E-002 -7.7977701774911527E-005 -1.5749849546201587E-004  9.3885581161173959E-002 -4.6374820017031776E-005 -4.6868679304715187E-002  1.1052726264405834E-004  2.3319369165743909E-016  1.1645485918614565E-016  9.3046931449988184E-017  1.4570358463085755E-016 -1.0720661941423534E-017  1.0767286207792404E-016  3.2181530930544853E-016 -5.8082081747018479E-017  1.2011912966448496E-016 -3.8748474339989902E-017  1.2572286177123361E-016 -2.8142445118376059E-015 -3.0203233814341416E-015 -8.1752286670017230E-002 -4.8886151401744075E-004 -1.2929751665131345E-003  1.6228771953900376E-001 -2.9073693066413234E-004 -8.0535432868934262E-002  1.1011707577544633E-004 -1.6012153591012050E-004  8.1230348186194320E-005 -2.2680759500009589E-004 -4.3096459410701195E-005  3.3373722876998678E-005  2.1351486673713412E-004 -2.1215784498892305E-004 -7.1634670364671541E-005  7.6902772932274110E-005  1.4456531259573221E-004  1.2698244171036234E-004 -2.7138743398843382E-005 -9.4860237433099965E-005 -3.5494182155444359E-006 -1.9434986247222027E-003  1.6009418036970242E-016 -4.9070019272588072E-017  1.1014494050969989E-016  6.3084376673175738E-017  8.9896776787628624E-018  6.2531737645945675E-017 -4.3624831194377892E-017  1.1503803593041103E-016 -1.3296415199936878E-017  2.2072210105154827E-016  9.7384384923259121E-004 -2.5971887847286258E-004
-9.8191550183008907E-004  3.8923749942583789E-016 -1.0191937500855638E-016  9.0869431983327010E-017  1.8673919173924434E-003  6.8578190834881446E-016 -4.3336349974899971E-016  5.0391175940358301E-016  1.6780897086893148E-004  3.3147095021759422E-004 -2.1837996365693928E-004 -8.5663259463480143E-005  3.0256703021897934E-002 -8.2145711405590951E-005  3.7292136896974243E-016  1.9617405587829658E-016 -4.0154706301796890E-017  8.7346910745887641E-005  1.4397250441324644E-004 -8.7342286590814250E-005 -4.6369703242663853E-005  9.3849521421580526E-002 -4.0977207503332426E-005  8.9573048402334838E-005 -5.6452609987846300E-016  1.3050757431310772E-016  6.6583406407257183E-017 -2.1862137029729869E-016  5.3043348181057851E-017 -1.5385660961318939E-016  1.5886556050146129E-016 -7.9862849080271000E-017  3.2592109410629409E-016 -1.7722296030916172E-016 -2.4985192298069503E-015  2.4321247082188397E-015  5.6375084154802276E-016  5.7052012364480287E-004  1.1351093692395509E-003 -7.4996735526010327E-004 -2.9072771652491683E-004  1.6199916491294214E-001 -2.7979240712014321E-004  1.7377983641990037E-005  9.0091712596588632E-005 -6.1940582642782267E-005 -1.5143549575487563E-005 -1.5338780090283385E-004 -1.5382966331390851E-005  9.1486219625000977E-005  1.6578554756075867E-004 -2.4361235979655758E-004 -6.1628668701122917E-005 -7.8375204218515451E-005  1.0797008283232922E-004  1.5281901110082973E-004  6.3584337473087025E-006 -7.8238910234374411E-005 -1.5750820041205578E-003 -8.7275821081003695E-017 -1.1013552430660378E-016  1.0530493986518141E-016 -3.7483761541804784E-017  3.2313048352223861E-018 -7.8355177528220708E-017 -1.3385134734450321E-016  2.3419310196442695E-017 -1.1447019094498817E-016  1.8859474070912468E-016  7.8923842400556714E-004 -2.1048557670464585E-004
-5.3772378642530762E-004 -3.5834539584025681E-015  1.7269963073083109E-015 -2.1031242085845873E-015  1.0226710707252915E-003 -1.7580144647816357E-015  1.8082376166541056E-016 -1.0700770909969056E-015 -1.5463051432022909E-002  2.6208949264323097E-004  2.0329367805590082E-004 -1.4993035468374728E-002 -8.2145711405590951E-005  3.0456086900405577E-002  1.0962224772619737E-015  1.4093701434167908E-016 -1.0655113652140673E-017 -4.7076851880406556E-002  1.1609075808664089E-004  1.0140218387318361E-004 -4.6868674614034773E-002 -4.0976280031827447E-005  9.3945526494450440E-002  4.9046750642229674E-005 -1.5815267121855506E-017 -9.2266745280646401E-017 -9.2509548691724398E-017 -6.2471738821303328E-017  1.0675332992148481E-017  3.8309271125084671E-018 -6.2523797511295845E-017 -2.0899768961196873E-017 -5.8632769909579047E-017 -1.0290011168320463E-016  4.8935308755871187E-015 -2.6495540493365296E-015 -2.2698709063599187E-015 -8.2143834396374613E-002  8.9688370312437926E-004  6.9242834308952872E-004 -8.0535424432457037E-002 -2.7979067417119047E-004  1.6267925882882012E-001  9.8190905678834683E-005 -5.5822141371331229E-005  2.3660780032475705E-004  1.4190261047874596E-005 -4.3335932801214164E-005 -1.8667438267681323E-004 -5.1903717337827912E-005  1.0544790772230422E-004  1.4452940580510616E-004 -3.1520403024210778E-004 -4.9361395355450408E-005 -9.5061828047745162E-005  7.2518959741019255E-005  1.2736252525173247E-004  6.4985833252621607E-005 -8.6257683932415075E-004  1.7246373405214523E-016 -3.9117065527686402E-017  1.4469464364817065E-017  1.0034623975453272E-016 -1.9285554040927006E-017  7.1728494946125752E-017 -6.2986340812529279E-017 -2.2881803411981588E-018 -9.5574077582935429E-018  9.1572344426494318E-018  4.3221826184746846E-004 -1.1527017719896840E-004
 2.3399956141658932E-016 -3.2296780834193663E-002  1.3057169924628105E-002 -1.9218294408527299E-002 -2.1355157083121378E-015 -1.2867926591587024E-002  5.7679174830572904E-003 -8.4895545245993447E-003  1.1561799702282894E-015 -2.1385115993336169E-016  5.2218001710585801E-016 -3.9814246295981100E-017  3.7292136896974243E-016  1.0962224772619737E-015  5.4981006636015843E-002  3.8669837513103788E-004 -5.6916532154101197E-004 -9.3841649734614630E-016 -7.6434845433691623E-017  1.4342189827641481E-015  3.5578037395255790E-016  2.8452200725606966E-015 -1.3356410125959728E-016  1.1936557434044888E-014 -3.0834006444957235E-004  2.4149291392976319E-004 -3.5544269451728578E-004  2.2772033562878431E-004  6.0847795203377696E-005  1.8596127089973611E-004 -1.1653096742683617E-004  9.4389264662151197E-005 -8.5150215140641653E-005  1.9457773830548723E-004  2.9333051866044652E-001 -1.2675842453643209E-003  1.8657029327437680E-003 -6.0321020943432180E-016 -5.6464712723599265E-016  2.6305436166498250E-015 -1.9723648577529284E-015  4.2464278326683412E-015  6.3275227648350526E-016 -2.0242658248791420E-016  1.3055256129397363E-017  1.4211510985067597E-017 -8.3037655389596330E-017  2.2590326484564296E-017 -4.6382840771351584E-017  4.2276628981575208E-018  7.5926712689180563E-017 -6.1299866528222038E-017  2.1309220750240556E-019 -3.1158410576804812E-016  1.5792498965539670E-017 -1.6261201027414888E-017  2.6644795754074727E-017 -1.7079260782117551E-016  1.3256812484870055E-014 -1.1628075853583712E-004  1.1266195958276730E-004 -1.6582273649984943E-004  9.4425765024800553E-005  4.7858577827769263E-005  6.1581243279937189E-005 -6.2765802238320506E-005  4.1519784523689719E-005 -2.8452799302740384E-005  9.2649950140918851E-005 -1.2205614798228061E-014  3.3725767304107621E-015
 7.4525800171741061E-016  1.3057167600879030E-002 -5.2580743831941845E-003  7.7654134899363273E-003 -2.6746634175039094E-016  5.7679165705329157E-003 -9.2375823976271164E-004  3.4303195818639709E-003  3.5370303397879200E-016 -4.8752335509298054E-016 -9.3634508656280664E-016 -1.6859402561415276E-015  1.9617405587829658E-016  1.4093701434167908E-016  3.8669837513103788E-004  5.5781778678434285E-002  2.2997915855345124E-004  7.1101373155948464E-016 -2.3524428027824468E-015 -2.0726100542632169E-015 -3.3839479659926652E-015 -1.2830560618618562E-015  1.6479410085816702E-015  3.5944985086292491E-015 -1.8537595534174093E-004 -2.7983217745858899E-004 -9.3071388162795326E-005  3.3385842726787622E-004 -3.0756998704857232E-004 -8.5150484747268689E-005  2.0139518187532631E-004  1.9855365854144573E-004  9.6321872397811328E-006 -7.8621842331209725E-005 -1.2675835444320971E-003  2.9070561245975529E-001 -7.5386211385551952E-004  2.6539813531537471E-015 -3.7188806597844359E-015 -4.1841093649303501E-015 -5.4279400259752762E-015 -9.5169620216251323E-016  3.5195408068482158E-015 -1.9922583712913822E-016 -2.6171941125199971E-017  1.5690851861081316E-017 -6.4659369006813916E-017  2.9650751501553838E-017 -5.6847389360636880E-017  5.8074894146164449E-018  2.4642829277011776E-017 -1.1335204918489225E-016 -3.7820857355888137E-019 -2.4591450833556725E-016 -4.7678192761535664E-017 -2.0436734722786588E-016  8.1728770003259646E-017 -3.7091533436035344E-016 -4.4171764231261970E-015 -6.3564373230996581E-005 -1.1052343770113974E-004 -1.7413871507106848E-005  1.1373341878955348E-004 -1.2026428690094307E-004 -2.8452863095604953E-005  8.0395665391217811E-005  6.7640046681059649E-005  2.6613339506534274E-006 -3.7436380647441280E-005  1.4379605834187700E-015 -3.7611283624371667E-016
-1.5520884462802839E-016 -1.9218292589113325E-002  7.7654141367758927E-003 -1.1411731034164213E-002  1.9641753347226814E-015 -8.4895538167412531E-003  3.4303198385051956E-003 -3.6420931191046635E-003 -1.1863603106861105E-015  4.5769718527967193E-016  6.4422141781389661E-016 -1.0758870684892004E-017 -4.0154706301796890E-017 -1.0655113652140673E-017 -5.6916532154101197E-004  2.2997915855345124E-004  5.5599533359450767E-002 -2.8871330798455804E-015  2.5169949023721235E-015  2.2591604748969244E-015  1.2687274701338932E-015 -3.6014479733439655E-016  1.0548619228490769E-015 -2.2735772321393575E-015  2.7284670584408146E-004 -9.3071220689519194E-005 -2.0607816848179357E-004  9.4389238386867355E-005  1.8469410421863866E-004 -4.6045150740551779E-004 -6.9303759837470392E-005  1.2514497373084906E-004  1.8605197154628489E-004  6.0324041670048644E-005  1.8657023603580389E-003 -7.5386229911364911E-004  2.9130300604231019E-001 -5.2013727384235907E-015  4.0680155118907886E-015  4.1577890932788935E-015  1.8980046316204292E-015 -1.9746002413861956E-016  1.5024142957571602E-015  5.3226225710259710E-017 -1.0734300559732985E-016 -5.5288500966882991E-017  1.1803306843999897E-016 -2.9113808575353867E-017 -2.3250936941112293E-017 -4.7265722271364495E-017 -2.4678601033906929E-017 -1.0109164319940555E-016  4.2511276255538424E-017  1.3134028950406216E-016 -1.4586674267407427E-016  4.9743995477630513E-017 -2.5317449638931107E-016  1.8466396494936088E-016 -2.7456188924501519E-015  9.3557505217131231E-005 -1.7413827917291206E-005 -9.6724141464080349E-005  4.1519776411730047E-005  8.1427587590071033E-005 -1.6704034129170789E-004 -3.7328331494685880E-005  4.9305075228987600E-005  6.7495039941445418E-005  3.5344085177417846E-005  2.3882408755080428E-015 -6.6781879593710926E-016
 5.3090633496393680E-003 -3.1286401681311115E-015  5.2289438815562910E-016 -1.7941718877465299E-015 -1.0111055598018191E-002  4.0651267709269877E-016  1.2652178442396510E-016  8.0002337371195118E-016  9.4093753736970598E-002 -3.8109694611750860E-005  5.6098857087112224E-005 -4.7016901856480740E-002  8.7346910745887641E-005 -4.7076851880406556E-002 -9.3841649734614630E-016  7.1101373155948464E-016 -2.8871330798455804E-015  2.8737493727925362E-001  8.7425582474356532E-004 -1.2867757920755007E-003 -1.4405549089011213E-001 -1.0725096681142049E-003 -1.4331944638910227E-001 -1.6320421796737680E-003 -6.5360289857247098E-016 -8.5399844726507195E-017  7.5214814035686484E-017 -2.9176425266703898E-016 -3.1870891464823613E-017 -2.9085017442285891E-016 -7.7309486644612464E-016  2.1437289320181451E-016 -2.0780856664743101E-016  4.1489755824282110E-016 -2.3097412753048365E-015 -4.5442520369083485E-015  1.3464027697198986E-015  5.0053979695132400E-001  4.7267196181287655E-004 -6.9570633033043719E-004 -2.5045836372714914E-001 -5.4923361502491217E-004 -2.5008143322429738E-001 -6.4087340665588011E-004  6.5658352817827821E-004 -9.6639689678709219E-004  6.5243257020380474E-004  2.6096411573636209E-004  4.7333855760026497E-004 -4.9296623449540959E-004  3.2398118600623829E-004 -2.1951563458200263E-004  7.2491557833948743E-004 -2.9091548954214216E-004 -9.7808405953067517E-005 -1.4140456474571916E-004 -9.6702761538466629E-005 -1.8896173789322696E-004  6.1718735546204438E-003 -1.0228845630256355E-015  2.8204132509285869E-016 -3.7636578454406148E-016 -5.0642387298853697E-016  3.6714754854858447E-017 -3.9562248977560778E-016  3.2057386088785683E-016 -3.4805028500445248E-016  6.6019151843249313E-017 -6.9391479249304303E-016 -2.3843146579022798E-003  6.1238869565251016E-004
-5.0108035705419491E-003 -7.5148543099104511E-016  1.2347062511154949E-015  2.7614091512965680E-016  9.5429607516241619E-003  3.3393888309766140E-016 -1.3043090875126816E-016 -5.0054696138506815E-016 -3.8113056310175970E-005  9.4005977281329006E-002 -3.0805752370032663E-005 -7.7977701774911527E-005  1.4397250441324644E-004  1.1609075808664089E-004 -7.6434845433691623E-017 -2.3524428027824468E-015  2.5169949023721235E-015  8.7425582474356532E-004  2.8868278088394805E-001  8.9399711689414074E-004  9.0520807075362975E-004 -2.2651191198461706E-003 -1.7794638954953552E-003  1.5403656796611031E-003 -3.1371325639906667E-018  7.0288984340812385E-016 -2.1072650408397564E-016 -1.3941536818440446E-016  5.6854115708563839E-017 -6.1437331023566333E-017  1.1356427432534720E-015 -4.1271912745900989E-016  5.9581885986844669E-016 -7.7923686528910982E-016  1.0545238919156305E-015 -2.7861467607895479E-016  1.7079578449221921E-016  4.7267251990955501E-004  5.0122368652310501E-001  4.8950987295398596E-004  4.6035430634681213E-004 -1.1905249988985178E-003 -9.3302682624857303E-004 -4.0303261735339914E-004 -7.4410692643322985E-004 -1.1570721302099599E-004  7.9636996998623815E-004 -7.4862805560983823E-004 -8.8394760769709620E-005  6.3522773856146799E-004  3.0130844427272963E-004  1.4607675924671468E-004 -1.0887484150669189E-004 -4.0170050014735843E-004  2.7941946795568634E-004 -9.0734784671691910E-005  2.7857493944650395E-004  1.0197397960285832E-004 -5.8251098230890450E-003  2.6498751880451253E-017  1.1636044166167835E-016  5.3221602066940428E-017  5.9452081058636080E-017  4.7366942520130802E-017  1.2099869294505092E-016  4.1519221685117191E-016 -1.7802979080272710E-017  1.2198984947843984E-016 -2.2259529851614775E-017  2.2503489010693416E-003 -5.7798082076668603E-004
 7.3751787538897679E-003  1.6174067588167120E-016 -2.2721182832958891E-015 -1.6008546368172917E-015 -1.4045993428591013E-002  3.4044343842185914E-016  2.2662322466228053E-015  1.3304039725475953E-015  5.6096311584603360E-005 -3.0798957256009118E-005  9.4030395124300101E-002 -1.5749849546201587E-004 -8.7342286590814250E-005  1.0140218387318361E-004  1.4342189827641481E-015 -2.0726100542632169E-015  2.2591604748969244E-015 -1.2867757920755007E-003  8.9399711689414074E-004  2.8797433335427253E-001  2.6087449476476969E-003  1.5308211633210805E-003 -1.3219691555753860E-003 -2.2671751454911284E-003 -3.6979994132147620E-016  2.9701679174705310E-016 -1.1835499886377720E-015 -2.3949331999811276E-017 -2.6039853055148982E-017 -3.1584768887557484E-016  5.7732769048139840E-016 -6.2590924983338783E-016 -6.5886959523670971E-017 -2.0997877703053749E-015 -2.5724307305434034E-015  6.9580672111007595E-016  1.2152761275603027E-015 -6.9570608584385279E-004  4.8950898412269961E-004  5.0083576971596810E-001  1.3774018016884659E-003  8.1209965125103589E-004 -6.8169571584098324E-004  5.9320638717456822E-004 -1.1570717682571214E-004 -6.5241511198285056E-004  1.2804702205594973E-004  5.0701414184040961E-004 -1.1700853037879273E-003 -1.0836049184523068E-004  3.2306532722817548E-004  3.0061832322487417E-004  4.1161643439533818E-004 -1.4733436928426815E-004 -1.8702442500648724E-004  1.3076349706006341E-004 -1.9088160389566894E-004  5.9165996575089215E-004  8.5737909982003119E-003  9.6206867695652800E-016  1.8982784035789741E-016 -8.7585569702013836E-016  2.9948527817547884E-016  3.8795269027955391E-017  5.0772989382550897E-016  4.2879718867875965E-016 -5.3232798414401293E-016  3.6088672255120401E-016 -1.6293286046126425E-015 -3.3122246197328791E-003  8.5071361274218849E-004
-3.6771092691316428E-003  1.7503770605759130E-016 -1.9345795527258316E-016 -4.9787036126921042E-017  7.0029208804718640E-003 -1.0588512124166762E-015  1.7640218840819938E-015 -1.2087434369636408E-015 -4.7016906547247911E-002 -7.7967242889843622E-005 -1.5750424893582349E-004  9.3885581161173959E-002 -4.6369703242663853E-005 -4.6868674614034773E-002  3.5578037395255790E-016 -3.3839479659926652E-015  1.2687274701338932E-015 -1.4405549089011213E-001  9.0520807075362975E-004  2.6087449476476969E-003  2.9056615703346939E-001  5.3834898269380579E-004 -1.4651066614342517E-001  1.1303831968766688E-003  7.0195573036547329E-016  3.7526890555651029E-016  2.3771258469230525E-016  4.7010850636997878E-016 -2.0492476913612124E-017  3.1238274609683670E-016  9.9579357500988216E-016 -1.7279359620925594E-016  3.8066603669938246E-016 -1.2992939576764859E-016  2.5141455207818070E-015  1.0562968679830278E-015 -2.7401664090587363E-015 -2.5045836307708080E-001  4.6035241592656817E-004  1.3774024145418260E-003  5.0221304373411702E-001  2.7378282239453114E-004 -2.5175468065687617E-001  3.4252464289660626E-004 -4.9624033773232573E-004  2.3775905535061589E-004 -6.9542820582811182E-004 -1.3062919260100329E-004  9.3742522600418247E-005  6.6160186919260434E-004 -6.5067883699796640E-004 -2.2185577512541890E-004  2.4722831499936410E-004  4.4316966706593698E-004  3.9347058293063815E-004 -8.3052552938328646E-005 -2.9610533143014750E-004 -6.0855329582145585E-006 -4.2746505230366544E-003  4.9810987487055556E-016 -1.5088878068649878E-016  3.2582856756108142E-016  2.0120670398637778E-016  2.7411907820993477E-017  1.9116958740661840E-016 -1.2671825196197301E-016  3.5280930928636530E-016 -3.6567152333860214E-017  6.6544613190643660E-016  1.6513744375304599E-003 -4.2413987594386727E-004
-2.9800477592805265E-003 -1.3740272046059637E-015  7.0686801860425573E-016 -1.2793904784608239E-015  5.6754381299444533E-003  1.0084465278740663E-015 -9.1112858385636797E-016  8.9130150452861916E-016  8.7351100048141048E-005  1.4397176958151625E-004 -8.7350196716670658E-005 -4.6374820017031776E-005  9.3849521421580526E-002 -4.0976280031827447E-005  2.8452200725606966E-015 -1.2830560618618562E-015 -3.6014479733439655E-016 -1.0725096681142049E-003 -2.2651191198461706E-003  1.5308211633210805E-003  5.3834898269380579E-004  2.9114434598427974E-001  5.3416068541990366E-004  9.1609281971671613E-004 -1.7559953051216153E-015  4.1372711444443963E-016  1.9748799972792872E-016 -6.8374356871665060E-016  1.7292750582612042E-016 -4.6641361580874085E-016  4.8179963850506552E-016 -2.5457592504131401E-016  1.0019737144113253E-015 -5.5311640264217794E-016  1.2274951904468467E-015 -2.4195879902027103E-015  7.5062095409596834E-016 -5.4923455162643594E-004 -1.1905249364468629E-003  8.1210110055279783E-004  2.7378371286228623E-004  5.0251746019150878E-001  2.7545083876269819E-004  6.4370209851696033E-005  2.8268412714087504E-004 -1.9068131389354877E-004 -5.6684090909451070E-005 -4.6677695260368269E-004 -5.6389915571952351E-005  2.7941946318277506E-004  5.1192044199791355E-004 -7.5414110301546102E-004 -1.9088165523142422E-004 -2.3890098809033626E-004  3.3157491733907765E-004  4.7634237597762863E-004  1.6340081445946148E-005 -2.3906845476738203E-004 -3.4643391241833245E-003 -2.6264833970519187E-016 -3.3508961626185570E-016  3.1808379535290436E-016 -1.1396527094335780E-016  1.4844625644055706E-017 -2.3674215122463973E-016 -4.2211362656624660E-016  6.9629812247540444E-017 -3.5605346941710836E-016  5.8245905288358172E-016  1.3383393567682447E-003 -3.4373979802040456E-004
