   6.1312903973677899E-004   1.2099900157808213E-011   3.6130281428231206E-010   8.3403967220595527E-010   1.7819682147900934E-010  -5.5913941113442130E-012  -6.2389114073688774E-011   7.9727548897313029E-011  -4.3402155339544940E-012  -2.5792426290143441E-010   1.1236520521631033E-002   1.2021927673126617E-010   3.5575230748764234E-009   3.8758912568143639E-010   2.0463121790831239E-010  -1.7716561520359099E-011  -5.8801763214813813E-011   9.0492663758657754E-011  -6.2442816894920629E-012  -2.9512382491722465E-010   1.7752815561009085E-002   1.6907017334152549E-010   5.0087943503834323E-009   8.0979362474286715E-010   3.1781618032029569E-012   4.0548804723071433E-013   5.4267290328211297E-012   2.4754246319110446E-012   1.2839225661202600E-013  -6.7393092638375509E-012  -2.4104573314230477E-013  -1.8213142213625391E-012  -8.2087970380727844E-014  -2.6872568504005418E-012   1.4888872942470423E-010  -1.2414183877619770E-011  -8.9436534799732362E-011   4.2670015214489925E-011  -3.8097186546478811E-012  -1.9155874507771049E-010   8.1681587622096253E-003   7.8592563646897810E-011   2.3354381556771806E-009  -6.5467570863531523E-010  -3.7345706447075222E-003  -3.2228442277211249E-011  -9.5341033403293887E-010   3.1753190018828072E-011  -1.1854289807383492E-012  -1.4345189132811456E-011   1.2784720375538148E-011  -9.2762057749310153E-013  -4.4537922522724107E-011  -7.3041095665162406E-003  -6.2281329616064244E-011  -1.8439022192794423E-009   9.7421870656714254E-011   1.1495377542808215E-010
   1.2099900157808213E-011   6.1312916609585725E-004  -6.7909822073777457E-012  -3.5437910569771193E-011  -6.2425937601888936E-013   8.6244174189894881E-011  -5.8045123648346280E-012  -1.5524563093130096E-011  -2.1578915598883088E-010   1.6148901015119155E-011   1.1890675586999765E-010   1.1236521765801541E-002  -6.4051246797525111E-011  -2.6334828290429275E-012   5.2875673592271060E-012   1.0117687530882217E-010  -6.6200560755523722E-012  -2.9995757102208252E-011  -2.3460525025622521E-010   2.4708182271752123E-011   1.6681580448980144E-010   1.7752817316327760E-002  -9.1805304467945476E-011  -6.9570140521408932E-012  -2.2975682572957629E-013   8.7124090021291939E-013  -4.5239068088541744E-014   3.8897995010273907E-013   4.0464925366229712E-012  -8.0715822465918432E-014   4.2694317716937156E-012   2.0463004189305665E-013  -6.5989051901780153E-012  -1.1883944940313074E-013   4.1064044606730223E-012   8.2850656624472993E-011  -4.0106125042964511E-012  -2.0109898423624293E-011  -1.9632681997567728E-010   1.6003422073030704E-011   7.7556661298618024E-011   8.1681595809700181E-003  -4.3162641070340236E-011   1.0150122163829968E-011  -3.1816034662938310E-011  -3.7345709786928282E-003   1.7373814476425788E-011  -6.8711323769022429E-014   1.6222529847932893E-011  -9.8012079495436924E-013  -2.7844988369378074E-012  -4.0512785806097862E-011   2.8531950046838205E-012  -6.1475974806034871E-011  -7.3041102125709738E-003   3.3694499051532132E-011  -1.1369748247926189E-012  -1.6768599445213746E-012
   3.6130281428231206E-010  -6.7909822073777457E-012   6.1312824528421156E-004  -2.1512782019959826E-009  -8.2828613975242266E-011  -8.1548871401221187E-012  -3.0445259920193947E-010  -2.0978818648242642E-010   9.0114739711511965E-012   2.9261679842528968E-010   3.5666941979635420E-009  -6.7599116903531940E-011   1.1236512686983975E-002  -1.0213454366496922E-009  -9.6737955140502607E-011  -7.3412768129052383E-012  -3.4513419775235684E-010  -2.4831242491622769E-010   3.4893499137044645E-012   3.4505025711796712E-010   5.0242842203587161E-009  -9.7896788509891500E-011   1.7752804531903421E-002  -2.1324142605815986E-009  -3.8951418255478062E-012  -4.6682800936936052E-014   4.6831922488815020E-012  -1.8209594384763724E-012   3.1902059703695820E-013   7.0467510088126984E-012  -8.2320784130091210E-014   6.4235109178304263E-012   1.5704574987624718E-013  -8.2808039992014572E-012  -2.7517417210709909E-011  -4.4112686441651533E-012  -1.8828299731089592E-010  -1.1984295524807630E-010   6.7251391741621788E-013   1.4736026923519841E-010   2.3425653133720085E-009  -4.5961245337743089E-011   8.1681536194105047E-003   1.7165307007321991E-009  -9.5625827871634303E-010   1.8492156688503084E-011  -3.7345685454979326E-003  -1.1086288771565018E-011  -1.0852796514580569E-012  -5.0146005255276723E-011  -3.3687303390402937E-011   2.0184365577626850E-012   4.4773527725626639E-011  -1.8494617344202139E-009   3.5878609490574476E-011  -7.3041055065622843E-003  -2.5608786474444172E-010  -3.0159554176619709E-010
   8.3403967220595527E-010  -3.5437910569771193E-011  -2.1512782019959826E-009   1.4471026663681434E-004   1.3486361651255885E-011   5.0485865362331772E-013   2.5784166673628550E-011   2.1988221117060358E-011  -9.9292421963467712E-013  -3.5476413023375821E-011   1.5103224749050927E-008  -6.4489572829821477E-010  -3.8951658102371694E-008   8.0250638257854598E-003   9.9113410793992049E-013  -3.8686856604941911E-013   1.6715022901474800E-012   1.9827748719854279E-012  -6.2319674577824348E-013  -2.9751123085354218E-012   2.3757525113009029E-008  -1.0230752886616036E-009  -6.1256663995140469E-008   1.2271782457200286E-002   1.0572748692656771E-011  -2.0406477817149947E-013  -5.3419480909301330E-012   6.1347284730025818E-012  -4.5776736584307556E-013  -2.0319546077584033E-011  -6.7719121221849581E-013  -1.5783435432027986E-011   1.1126007234645146E-012   1.5745896920177821E-011  -2.0856987477377709E-012  -4.3626418823687348E-013  -4.4328307629611845E-012  -3.2895406317809158E-012  -3.0690864275633467E-013   5.3747510421450599E-012   1.1048973553480337E-008  -4.7815489667712155E-010  -2.8484631156644587E-008  -7.4121908102227950E-003  -4.3823433974515709E-009   1.8459216182240313E-010   1.1306753175984165E-008   4.2462329957674671E-013  -7.0840630099102139E-014   6.3399465955959221E-013   6.6269528835738220E-013  -1.3113908626026731E-013  -1.0873715024030383E-012  -8.5254057338967735E-009   3.5692205761261413E-010   2.1999972997768531E-008   9.2207461976915282E-004   1.9813178155297629E-003
   1.7819682147900934E-010  -6.2425937601888936E-013  -8.2828613975242266E-011   1.3486361651255885E-011   6.4329306322471398E-017  -5.6587786506084383E-019   2.5431068284301597E-017   5.3647696333269133E-017  -2.3555981582708588E-018  -1.1797714496770030E-016   3.2708438466722588E-009  -1.1394686422130744E-011  -1.5196319692241153E-009   7.5695759382942412E-010   7.2726548286750153E-017  -4.2976262120554369E-018   2.9763245865027931E-017   6.0158249752282387E-017  -2.1120464219513582E-018  -1.3288488022548725E-016   5.1640241739382233E-009  -1.8035432489430622E-011  -2.3997070723869295E-009   1.1545412622769681E-009   2.4487878073023676E-018   1.0444320293162229E-019   4.4717582992694945E-019   1.5452202422417311E-018  -5.2936842395745245E-020  -4.8305851981199411E-018  -1.2708994045191999E-019  -2.8850666489969504E-018   6.6075309140905953E-020   1.8174313707860279E-018   4.6868051949220031E-017  -3.1540416961889603E-018  -1.0646600313871115E-018   2.8293765402343418E-017  -1.0255557792397163E-018  -7.5161851282848350E-017   2.3997284991270654E-009  -8.0854809349880420E-012  -1.1118652797264624E-009  -8.1441061719089738E-010  -9.5439769046934681E-010   4.9763752787375348E-012   4.6174652893521556E-010   1.0791696238999780E-017  -2.5119927595660868E-019   2.4669294397516395E-018   8.2245804619973558E-018  -5.0303105455254386E-019  -1.9016276681022765E-017  -1.8583897508602804E-009   9.8066035966512727E-012   9.0040158999890994E-010   1.2131924844179030E-010   1.3899968588702013E-010
  -5.5913941113442130E-012   8.6244174189894881E-011  -8.1548871401221187E-012   5.0485865362331772E-013  -5.6587786506084383E-019   1.2311866234444955E-017   3.8977289544959863E-018  -4.5188958344707416E-020  -3.0483880079356888E-017   6.1107051435511916E-019  -1.0272344932452281E-010   1.5832051908906134E-009  -1.4966564178154301E-010   2.8317466286254627E-011   1.6627337836417900E-019   1.4505650215692812E-017   4.2069436864856802E-018  -1.7353760623928477E-018  -3.3031034326131043E-017   1.5690990930881070E-018  -1.6211461227318722E-010   2.4994481696121309E-009  -2.3630655139781475E-010   4.3198198830180451E-011   2.7591320240612819E-020   1.1924262583980231E-019  -1.3747570306045858E-019   7.8047912004679627E-020   5.6459533668882060E-019  -1.1506297518884368E-019   6.0412826871634840E-019  -9.5726850897102879E-020  -9.2971067294211417E-019   1.7384506213837032E-019  -4.2265998212053047E-019   1.1857724657105146E-017   2.7454436715933469E-018  -1.6465843856503081E-018  -2.7660794181677658E-017   2.0692353992164290E-018  -7.5762033901460135E-011   1.1623022243522052E-009  -1.0972281416723791E-010  -3.0141960540338894E-011   2.7587061970429455E-011  -4.5746213819480225E-010   4.4168848179847155E-011  -1.4874107435570280E-019   2.3424318988534994E-018   6.6414676517200790E-019  -7.7693109932338941E-020  -5.7800049663332361E-018   2.2643317012562820E-019   5.3548535089858885E-011  -8.9044589470111367E-010   8.6040141578661944E-011   4.4491113721089922E-012   5.1026488428277314E-012
  -6.2389114073688774E-011  -5.8045123648346280E-012  -3.0445259920193947E-010   2.5784166673628550E-011   2.5431068284301597E-017   3.8977289544959863E-018   1.6239682606267654E-016   1.0025589260391904E-016  -2.1682133828889226E-018  -1.2568729742818782E-016  -1.1458691754077753E-009  -1.0652824894971870E-010  -5.5871192761319861E-009   1.4472283409605052E-009   2.7400242917789941E-017   4.4259002694901321E-018   1.7798451657549499E-016   1.1490845341990405E-016   1.0041270404653534E-018  -1.4230886024311583E-016  -1.8086017720557270E-009  -1.6819794063175177E-010  -8.8218128707454121E-009   2.2073606293288354E-009   3.5173247785827591E-018  -6.3186551255385428E-020  -3.8481637293716483E-018   1.7524745799737204E-018  -2.9259920047537185E-019  -6.4714204559118945E-018  -9.6749074253919020E-020  -5.8521601201879261E-018   1.9301921822382182E-019   7.2313613157581824E-018  -1.9933417418196923E-018   2.5990175703107008E-018   1.0191888087720648E-016   5.4764410866076906E-017   1.8805703598523968E-018  -5.2771110425749472E-017  -8.4372365061622173E-010  -7.8092676612965706E-011  -4.0940340121882741E-009  -1.5574575877051062E-009   3.1611609023571178E-010   3.1469967761529435E-011   1.6608421290403642E-009   2.1567805725256986E-018   5.0327941446552655E-019   2.6347838430673315E-017   1.5403060228980306E-017  -4.9657276381583712E-019  -1.7559818821177185E-017   6.1424844553229695E-010   6.1305158285335309E-011   3.2361287975410159E-009   2.3205545527775302E-010   2.6589657958365673E-010
   7.9727548897313029E-011  -1.5524563093130096E-011  -2.0978818648242642E-010   2.1988221117060358E-011   5.3647696333269133E-017  -4.5188958344707416E-020   1.0025589260391904E-016   8.5996210315144012E-017   1.6705918532551020E-018  -1.3964417388614268E-016   1.4629832597849300E-009  -2.8504068513831802E-010  -3.8496714839814010E-009   1.2341908171794893E-009   5.9817699761434779E-017  -2.4137010451811344E-018   1.1104457314399707E-016   9.7944683929441786E-017   3.8381411690359327E-018  -1.5776252151535865E-016   2.3100753127270887E-009  -4.4996392722286082E-010  -6.0786224386160755E-009   1.8824197190650735E-009   3.3774800388474003E-018   1.5397800574911862E-020  -1.7170774193485787E-018   1.8781416552036524E-018  -2.6580659952200325E-019  -6.4094678245190563E-018  -2.1565763842478367E-019  -4.8663137486765016E-018   2.7395118605354909E-019   4.9077856414063798E-018   2.8351200824891961E-017  -2.2814438796253469E-018   5.2201166980816990E-017   4.6554889187671821E-017   4.2243314719991025E-018  -7.4906132147289504E-017   1.0714777338763782E-009  -2.0948710420345241E-010  -2.8199165550723684E-009  -1.3285956084864663E-009  -4.3815270838928331E-010   8.1002451346052384E-011   1.1502608891682514E-009   7.9015586644226951E-018  -2.2392143771261674E-019   1.5220796600965199E-017   1.3209348584797626E-017   2.3917321894188331E-019  -2.1110895681095201E-017  -8.5396095804467257E-010   1.5757356988978155E-010   2.2416769920250693E-009   1.9800655228027596E-010   2.2687633751321798E-010
  -4.3402155339544940E-012  -2.1578915598883088E-010   9.0114739711511965E-012  -9.9292421963467712E-013  -2.3555981582708588E-018  -3.0483880079356888E-017  -2.1682133828889226E-018   1.6705918532551020E-018   7.6231169065743520E-017   6.8499084524010298E-019  -7.9653363921020945E-011  -3.9611669654063325E-009   1.6527358116482115E-010  -5.5761383009250438E-011  -4.7403004229186197E-018  -3.5627483387295218E-017  -2.3387518796426999E-018   6.2574365682051398E-018   8.2764657610896155E-017  -1.5171287740699004E-018  -1.2576587644885461E-010  -6.2536900631782757E-009   2.6103035541428514E-010  -8.5038032068256436E-011  -7.2014644940412109E-020  -3.1001734692960210E-019   8.3325980515907545E-020  -2.2419932488880021E-019  -1.4231937403499901E-018   3.2081083588923827E-019  -1.5039499504538469E-018   1.4468981078749654E-019   2.3276413438184799E-018  -1.6997595252616841E-019  -2.9017842510158851E-018  -2.9212408549143615E-017  -6.8859321723365096E-019   5.0650654446082380E-018   6.9307999421793147E-017  -2.1632578548846765E-018  -5.8386578193314391E-011  -2.9075252232075508E-009   1.2067915710950097E-010   6.0502034282805758E-011   2.3560362474718607E-011   1.1478507105081666E-009  -5.1699998240396424E-011  -3.8750831943526255E-019  -5.7995678319158852E-018  -2.8863863996594185E-019   4.3711658046783888E-019   1.4451424599700963E-017  -4.9604372793421237E-020   4.5898896894932974E-011   2.2345152669130381E-009  -1.0091500225793394E-010  -9.0768258069320617E-012  -1.0394369812786595E-011
  -2.5792426290143441E-010   1.6148901015119155E-011   2.9261679842528968E-010  -3.5476413023375821E-011  -1.1797714496770030E-016   6.1107051435511916E-019  -1.2568729742818782E-016  -1.3964417388614268E-016   6.8499084524010298E-019   2.5762172842713473E-016  -4.7338253148666435E-009   2.9643679334051791E-010   5.3693033848783426E-009  -1.9912504294037432E-009  -1.3254422597261171E-016   6.7113420528980165E-018  -1.4080784929231072E-016  -1.5810294690624139E-016  -1.7261176705857787E-018   2.9064739290535798E-016  -7.4740965290296494E-009   4.6800161863941126E-010   8.4783294252230933E-009  -3.0371169415490710E-009  -5.8264018648731234E-018  -1.1983824078117209E-019   1.2699702013169704E-018  -3.4234395189286425E-018   3.1874978433415402E-019   1.1240310449080029E-017   3.4275668556157566E-019   7.7515808363328830E-018  -3.4004147567657724E-019  -6.7254175501304754E-018  -7.5219202873268015E-017   5.4354999650844926E-018  -5.1136462453289690E-017  -7.4848607135968157E-017  -3.1987970263502756E-018   1.5006788608151822E-016  -3.4712056982166076E-009   2.1757354239528192E-010   3.9317816511729611E-009   2.1430969256380892E-009   1.3925451851704535E-009  -8.5979758101809169E-011  -1.6120082013596117E-009  -1.8693257900137637E-017   4.7512427032011724E-019  -1.7687732739551825E-017  -2.1433934507169421E-017   2.6385474020767568E-019   4.0127180819695235E-017   2.7123402254837686E-009  -1.6738202374291206E-010  -3.1420801639126001E-009  -3.1933737064512072E-010  -3.6587442970698216E-010
   1.1236520521631033E-002   1.1890675586999765E-010   3.5666941979635420E-009   1.5103224749050927E-008   3.2708438466722588E-009  -1.0272344932452281E-010  -1.1458691754077753E-009   1.4629832597849300E-009  -7.9653363921020945E-011  -4.7338253148666435E-009  0.20629530363401966        3.1310550791932175E-010   9.0507862002966162E-009  -4.4844596307604423E-009   3.7556031389446673E-009  -3.2485070907948299E-010  -1.0772851341416796E-009   1.6620516521032479E-009  -1.1464479325665508E-010  -5.4176538141009038E-009  0.32566696568300807        1.1355463425403054E-010   3.1279535246922256E-009  -2.8056324628730048E-009   5.8494209461781037E-011   7.4562135719699359E-012   9.9919674682128219E-011   4.5573091709169939E-011   2.3558765630914680E-012  -1.2405036122515047E-010  -4.4318527014001820E-012  -3.3506417449178358E-011  -1.5102025406181654E-012  -4.9500394729206799E-011   2.7350885746377924E-009  -2.2875980689899940E-010  -1.6463402243866358E-009   7.8150637744145367E-010  -6.9910232343599193E-011  -3.5165949785229540E-009  0.15155291147825467        5.4598614108053568E-011   1.6296024714652837E-009   6.5705754656759859E-010  -5.8993247120902911E-002  -3.2062447206844216E-011  -9.2367045605033485E-010   5.8666316839622043E-010  -2.3870093735086717E-011  -2.7331120617348014E-010   2.3026773948693423E-010  -1.6942025590831218E-011  -8.1693112938047673E-010 -0.11478593470912961       -5.3849513898147058E-011  -1.5712038119327389E-009  -1.2125982019365622E-010  -6.3494232511780773E-011
   1.2021927673126617E-010   1.1236521765801541E-002  -6.7599116903531940E-011  -6.4489572829821477E-010  -1.1394686422130744E-011   1.5832051908906134E-009  -1.0652824894971870E-010  -2.8504068513831802E-010  -3.9611669654063325E-009   2.9643679334051791E-010   3.1310550791932175E-010  0.20629530674009616       -1.2857020408072359E-010   2.7823817485984252E-010   9.6836998696904859E-011   1.8564163326104456E-009  -1.2154092092340215E-010  -5.5022365353172364E-010  -4.3049392469625316E-009   4.5338660291212727E-010   1.1021260142417368E-010  0.32566696674946571       -3.1957668543050861E-011   3.6768093776894796E-010  -4.2245260366348774E-012   1.6036887783232768E-011  -8.3004332850292275E-013   7.1530502450996050E-012   7.4498347756579103E-011  -1.4850200078714817E-012   7.8613981081967154E-011   3.7546119651217912E-012  -1.2150154473997477E-010  -2.1804630920070902E-012   7.5906613700591505E-011   1.5228903635164962E-009  -7.3595387724878717E-011  -3.7012360635521729E-010  -3.6077797484184576E-009   2.9421590000071011E-010   5.3254569991543137E-011  0.15155291204097679       -2.4222399696255693E-011  -1.7097201595999641E-010  -3.1554168000769813E-011  -5.8993247437881320E-002   1.2411949446033070E-011   2.5054213088770073E-014   3.0205442289844909E-010  -1.7905229026851399E-011  -5.3427968952262464E-011  -7.5135100165539748E-010   5.3402691921220231E-011  -5.2819693273480627E-011 -0.11478593524885905        2.1701849077545889E-011   3.2706081122084752E-011   2.4153055098825789E-011
   3.5575230748764234E-009  -6.4051246797525111E-011   1.1236512686983975E-002  -3.8951658102371694E-008  -1.5196319692241153E-009  -1.4966564178154301E-010  -5.5871192761319861E-009  -3.8496714839814010E-009   1.6527358116482115E-010   5.3693033848783426E-009   9.0507862002966162E-009  -1.2857020408072359E-010  0.20629528365644575        1.1419651037830950E-008  -1.7773660190692101E-009  -1.3477680742821636E-010  -6.3376018650521865E-009  -4.5601958468722650E-009   6.4484885246954658E-011   6.3375596854055699E-009   3.1464884908251309E-009  -4.0948329238639231E-011  0.32566695875282481        6.8187620312049237E-009  -7.1666736332492820E-011  -8.5650213688052064E-013   8.6199698058533876E-011  -3.3499883926286929E-011   5.8650760332596658E-012   1.2964932540660237E-010  -1.5104981097064077E-012   1.1820638582540375E-010   2.8817564810665499E-012  -1.5239892572272029E-010  -5.0195193805349778E-010  -8.0943581455678651E-011  -3.4524032162264364E-009  -2.1961206660048987E-009   1.1384053642155749E-011   2.6980709082061733E-009   1.6369795183049136E-009  -2.7840124679476536E-011  0.15155290786578934       -1.4548866400510363E-009  -9.2644965910284443E-010   1.3771741957776089E-011  -5.8993245077015165E-002  -1.9605285640726716E-010  -1.9833490771895579E-011  -9.1040539863405447E-010  -6.0892415079776316E-010   3.4644962707277562E-011   8.0497594770045754E-010  -1.5768455527120440E-009   2.4456860200536490E-011 -0.11478593122837964        2.6607839964184432E-010   1.2796685632006339E-010
   3.8758912568143639E-010  -2.6334828290429275E-012  -1.0213454366496922E-009   8.0250638257854598E-003   7.5695759382942412E-010   2.8317466286254627E-011   1.4472283409605052E-009   1.2341908171794893E-009  -5.5761383009250438E-011  -1.9912504294037432E-009  -4.4844596307604423E-009   2.7823817485984252E-010   1.1419651037830950E-008  0.45109235728374530        5.6629016528789194E-011  -2.1631057392235078E-011   9.5698956589134842E-011   1.1283593270861248E-010  -3.4986530553217657E-011  -1.6953295654533493E-010  -1.1964351256957124E-008   1.5375792363276480E-010   3.1465773663005321E-008  0.68779391155515912        5.9203741912718729E-010  -1.1427970495758938E-011  -2.9912983259531960E-010   3.4352459884896053E-010  -2.5633039579612902E-011  -1.1378253856837140E-009  -3.7921321204558667E-011  -8.8381980196714716E-010   6.2304039332124641E-011   8.8171660902166332E-010  -1.1721265882091430E-010  -2.4615181073997569E-011  -2.4920621797703740E-010  -1.8481114366608750E-010  -1.7376630298194577E-011   3.0199593094450585E-010  -5.2387286797295786E-009  -2.1034280861210428E-011   1.3933966497993262E-008 -0.49501990771927734        1.7284510425607262E-009   5.9960808206318406E-011  -4.6898998035034826E-009   1.8220607191714159E-011  -4.4434197864101935E-012   2.4973659167121914E-011   2.8476685584825686E-011  -7.3400217583670242E-012  -4.6700058678874107E-011   3.8012861914196744E-009  -1.3868097916301937E-011  -1.0059541914123482E-008   7.5044200341893380E-002   8.3227318929727859E-002
   2.0463121790831239E-010   5.2875673592271060E-012  -9.6737955140502607E-011   9.9113410793992049E-013   7.2726548286750153E-017   1.6627337836417900E-019   2.7400242917789941E-017   5.9817699761434779E-017  -4.7403004229186197E-018  -1.3254422597261171E-016   3.7556031389446673E-009   9.6836998696904859E-011  -1.7773660190692101E-009   5.6629016528789194E-011   8.3745998707932881E-017  -3.8847243816503733E-018   3.4942021103460015E-017   6.9304947125664999E-017  -4.6708066530288904E-018  -1.5305091789621436E-016   5.9296852793493398E-009   1.5304165332633455E-010  -2.8048913828109630E-009   8.5981054372003592E-011   1.7542747416720185E-018   1.4915142518721480E-019   1.0368652949453290E-018   1.1642959526162293E-018   2.3970960307518336E-020  -3.5178707300818195E-018  -3.5627025621572936E-020  -1.7376621957150402E-018  -1.0133820785639441E-019   5.2274020719359746E-019   5.4120343132228306E-017  -2.7538108414617240E-018  -2.9306949824709605E-019   3.2943925953938549E-017  -3.0610517539171399E-018  -8.7064259804572925E-017   2.7534453942738042E-009   7.0110663464135222E-011  -1.3113935671052419E-009  -7.8437537932138248E-011  -1.1075039353660326E-009  -3.3887510593984991E-011   4.7416160710348717E-010   1.2329998516405008E-017  -1.1822047007286331E-019   2.8588993418734684E-018   9.3980199651108237E-018  -9.4734410984155525E-019  -2.1728014345704351E-017  -2.1573397255001844E-009  -6.6383133638303523E-011   9.2014018444337537E-010   1.3886266512964429E-011   1.5924338110361854E-011
  -1.7716561520359099E-011   1.0117687530882217E-010  -7.3412768129052383E-012  -3.8686856604941911E-013  -4.2976262120554369E-018   1.4505650215692812E-017   4.4259002694901321E-018  -2.4137010451811344E-018  -3.5627483387295218E-017   6.7113420528980165E-018  -3.2485070907948299E-010   1.8564163326104456E-009  -1.3477680742821636E-010  -2.1631057392235078E-011  -3.8847243816503733E-018   1.7310098370398372E-017   4.7411339832462943E-018  -4.5954243688487720E-018  -3.8606225661575636E-017   8.4801511006255145E-018  -5.1311870068394755E-010   2.9314236585262028E-009  -2.1276774309529806E-010  -3.3024202931343275E-011  -1.1156662356497170E-019   1.3356739279590360E-019  -2.0643317400582754E-019  -1.9066872030585294E-021   6.6345489586416574E-019   1.5159032625295231E-019   7.1651359763894402E-019   5.1715966835020887E-020  -1.0948071864031134E-018   1.1534051283543657E-019  -3.2900382704409264E-018   1.4112072770110032E-017   4.1927482012269812E-018  -3.1169405922873376E-018  -3.2352098687200456E-017   6.4069708002020286E-018  -2.3686713200936193E-010   1.3589535257529087E-009  -9.8993989079802115E-011   2.1860648688541072E-011   1.0361401003416869E-010  -5.6002286111638458E-010   3.8652935282625745E-011  -7.9620308296071091E-019   2.7536747846601225E-018   8.5130063854732907E-019  -4.4499070708826423E-019  -6.7337776230068997E-018   1.2411927903440177E-018   2.0237927532329181E-010  -1.0917643172463684E-009   7.5216869657728252E-011  -3.0784603714398017E-012  -3.5407237067888494E-012
  -5.8801763214813813E-011  -6.6200560755523722E-012  -3.4513419775235684E-010   1.6715022901474800E-012   2.9763245865027931E-017   4.2069436864856802E-018   1.7798451657549499E-016   1.1104457314399707E-016  -2.3387518796426999E-018  -1.4080784929231072E-016  -1.0772851341416796E-009  -1.2154092092340215E-010  -6.3376018650521865E-009   9.5698956589134842E-011   3.4942021103460015E-017   4.7411339832462943E-018   2.0043347728111107E-016   1.3177148145462458E-016   1.1451782602843131E-018  -1.6671345565660692E-016  -1.7022711499393432E-009  -1.9186925573712098E-010  -1.0003998105613235E-008   1.4522670596016391E-010   2.0248247694510089E-018  -2.4410475928644237E-020  -3.2313765976566447E-018   8.6032136791454372E-019  -2.4180974635788326E-019  -3.5768673391173230E-018   1.5198002192179504E-020  -3.6461637838500702E-018   4.0545381352939265E-021   5.1275514578241312E-018   1.0677447030508154E-018   2.7734450585063006E-018   1.1460878492061429E-016   6.3540418015580177E-017   2.1403945633556601E-018  -6.4608116571002094E-017  -7.8162414222769052E-010  -8.9292902092503961E-011  -4.6608348506892969E-009  -1.3590280178139766E-010   3.6698785568664490E-010   3.4732368588381405E-011   1.7824015039278659E-009   2.9603286032719511E-018   5.4160896306053859E-019   2.9314242321099076E-017   1.7481099023802862E-017  -5.2662837893798841E-019  -2.0441394808963151E-017   7.1831298303113368E-010   6.7578666221906638E-011   3.4659447963889625E-009   2.4387803019504622E-011   2.7935842028783568E-011
   9.0492663758657754E-011  -2.9995757102208252E-011  -2.4831242491622769E-010   1.9827748719854279E-012   6.0158249752282387E-017  -1.7353760623928477E-018   1.1490845341990405E-016   9.7944683929441786E-017   6.2574365682051398E-018  -1.5810294690624139E-016   1.6620516521032479E-009  -5.5022365353172364E-010  -4.5601958468722650E-009   1.1283593270861248E-010   6.9304947125664999E-017  -4.5954243688487720E-018   1.3177148145462458E-016   1.1569742483456636E-016   9.1255370714078464E-018  -1.8500233300027108E-016   2.6233166771398966E-009  -8.6894893352566067E-010  -7.1979774936505480E-009   1.7149450767815675E-010   2.2149590520272523E-018   3.3459353899140373E-020  -1.1729793529049968E-018   1.1746290154596045E-018  -3.1551227743934052E-019  -4.1462671578392273E-018  -2.2115110975650307E-019  -3.1141124597793728E-018   2.6325528126565868E-019   3.1963855590783228E-018   3.2891445809715912E-017  -4.1210874907833932E-018   6.3162506425224180E-017   5.5763531147759570E-017   8.8024710359052902E-018  -8.8654944264694682E-017   1.2238646396462452E-009  -4.0215464143882333E-010  -3.3558542735942941E-009  -1.4854519779001651E-010  -4.5811800602423238E-010   1.6975114586483449E-010   1.2694678355832609E-009   9.0442965424446717E-018  -5.5941680921705150E-019   1.7918615153098827E-017   1.5416937418691718E-017   1.0988948832599210E-018  -2.4461212838966932E-017  -8.9014397750986410E-010   3.3118711689452913E-010   2.4675698864905251E-009   2.5541336718896798E-011   2.9286842043658298E-011
  -6.2442816894920629E-012  -2.3460525025622521E-010   3.4893499137044645E-012  -6.2319674577824348E-013  -2.1120464219513582E-018  -3.3031034326131043E-017   1.0041270404653534E-018   3.8381411690359327E-018   8.2764657610896155E-017  -1.7261176705857787E-018  -1.1464479325665508E-010  -4.3049392469625316E-009   6.4484885246954658E-011  -3.4986530553217657E-011  -4.6708066530288904E-018  -3.8606225661575636E-017   1.1451782602843131E-018   9.1255370714078464E-018   8.9935729486767901E-017  -4.4547246760550081E-018  -1.8098066209662133E-010  -6.7975804143766821E-009   1.0149767430430276E-010  -5.3360060632278261E-011  -1.2904965458016625E-020  -3.3792577526747989E-019   1.2197704519329938E-020  -2.1172876834496887E-019  -1.5508292089523337E-018   2.2903669203377168E-019  -1.6341633383020982E-018   4.6095629447559778E-020   2.5302389692602796E-018  -4.3450600947421440E-020  -3.2449375757461211E-018  -3.1664601123842594E-017   1.3961056651082873E-018   6.6163434111139461E-018   7.5308783601755417E-017  -3.3713797719972464E-018  -8.4239127753533147E-011  -3.1528487658001501E-009   4.9191835066275733E-011   3.7768830403690298E-011   3.2685687541761500E-011   1.2896312283100443E-009  -7.4984305617997317E-012  -3.7289992110334990E-019  -6.2698739357339669E-018   2.5128899921742335E-019   7.9119491510647861E-019   1.5650857762964723E-017  -4.1828985701010910E-019   6.3590962869208092E-011   2.5135181376151500E-009  -1.3801282221055127E-011  -5.6416818697016385E-012  -6.4811096763837947E-012
  -2.9512382491722465E-010   2.4708182271752123E-011   3.4505025711796712E-010  -2.9751123085354218E-012  -1.3288488022548725E-016   1.5690990930881070E-018  -1.4230886024311583E-016  -1.5776252151535865E-016  -1.5171287740699004E-018   2.9064739290535798E-016  -5.4176538141009038E-009   4.5338660291212727E-010   6.3375596854055699E-009  -1.6953295654533493E-010  -1.5305091789621436E-016   8.4801511006255145E-018  -1.6671345565660692E-016  -1.8500233300027108E-016  -4.4547246760550081E-018   3.3805318400964209E-016  -8.5530003679732879E-009   7.1590713750814822E-010   1.0002865379639752E-008  -2.5757922660477848E-010  -3.9693221193622341E-018  -1.8260900739568041E-019   1.3615873555963454E-019  -2.3389762503769747E-018   2.9154516373320706E-019   7.6643076715018709E-018   2.5678388486508188E-019   4.8519066292005106E-018  -1.6192655867928306E-019  -3.7192574336621595E-018  -8.7011752503483610E-017   6.8749020029025606E-018  -6.2869368946269137E-017  -8.8707401234456818E-017  -5.7414171879265520E-018   1.7571911176794722E-016  -3.9773095956845525E-009   3.3204430665599477E-010   4.6672465681874630E-009   2.2705467570445937E-010   1.5656199805408179E-009  -1.3586141335437430E-010  -1.7436268372444816E-009  -2.1374291946193110E-017   6.7763931604803416E-019  -2.0777506394046412E-017  -2.4814952200568712E-017  -1.5155218237882636E-019   4.6189218889125682E-017   3.0474797664817493E-009  -2.6479950086967242E-010  -3.3877048585356706E-009  -3.9438763335004961E-011  -4.5204492202705157E-011
   1.7752815561009085E-002   1.6681580448980144E-010   5.0242842203587161E-009   2.3757525113009029E-008   5.1640241739382233E-009  -1.6211461227318722E-010  -1.8086017720557270E-009   2.3100753127270887E-009  -1.2576587644885461E-010  -7.4740965290296494E-009  0.32566696568300807        1.1021260142417368E-010   3.1464884908251309E-009  -1.1964351256957124E-008   5.9296852793493398E-009  -5.1311870068394755E-010  -1.7022711499393432E-009   2.6233166771398966E-009  -1.8098066209662133E-010  -8.5530003679732879E-009  0.51429997878385247       -4.2711423413143935E-010  -1.2654044098290657E-008  -1.1891970912477550E-008   9.2238135706701755E-011   1.1762367675503408E-011   1.5753219055459106E-010   7.1854039305303938E-011   3.7200327945720245E-012  -1.9560278874020281E-010  -6.9917549090253676E-012  -5.2846105153222857E-011  -2.3818519864059025E-012  -7.8026633246502035E-011   4.3166023627942256E-009  -3.6052965738223333E-010  -2.5958915967684315E-009   1.2350660803486881E-009  -1.1038742880880100E-010  -5.5516684717847602E-009  0.23811500754637785       -1.9587539443477157E-010  -5.6051100206758624E-009   6.2607191984986445E-009  -9.9947317032437241E-002   6.0328017789013516E-011   1.7889540966252439E-009   9.2350056872279490E-010  -3.6181914642446009E-011  -4.2437832683008496E-010   3.6668210981688290E-010  -2.6808477022220975E-011  -1.2901830290394246E-009 -0.19496367400047773        1.3136752423295068E-010   3.8526587002818562E-009  -9.6774205035191949E-010  -9.9828646035831398E-010
   1.6907017334152549E-010   1.7752817316327760E-002  -9.7896788509891500E-011  -1.0230752886616036E-009  -1.8035432489430622E-011   2.4994481696121309E-009  -1.6819794063175177E-010  -4.4996392722286082E-010  -6.2536900631782757E-009   4.6800161863941126E-010   1.1355463425403054E-010  0.32566696674946571       -4.0948329238639231E-011   1.5375792363276480E-010   1.5304165332633455E-010   2.9314236585262028E-009  -1.9186925573712098E-010  -8.6894893352566067E-010  -6.7975804143766821E-009   7.1590713750814822E-010  -4.2711423413143935E-010  0.51429997440899866        2.0544498341127022E-010   1.4701631362992276E-010  -6.6645106740918985E-012   2.5287007788214972E-011  -1.3107119837829752E-012   1.1283839666772317E-011   1.1745870724753614E-010  -2.3420877741508919E-012   1.2393972151265801E-010   5.9288113869814119E-012  -1.9155850826556703E-010  -3.4431401902404020E-012   1.1946220105861447E-010   2.4028163663773823E-009  -1.1620722982540193E-010  -5.8363912135766030E-010  -5.6930186127262683E-009   4.6417503354199212E-010  -1.9554809907476891E-010  0.23811500561863269        8.0452699478228711E-011   4.4758563060380036E-011   6.0139774426751510E-011  -9.9947316413738926E-002  -2.8973286915061817E-011  -8.7692696500032147E-013   4.7383101956072470E-010  -2.8329505971037502E-011  -8.2700842067964937E-011  -1.1807291600327585E-009   8.3577377792190926E-011   1.3106336490939287E-010 -0.19496367266991452       -6.0464880770861894E-011   4.1100945540153452E-012  -1.2222405300611700E-011
   5.0087943503834323E-009  -9.1805304467945476E-011   1.7752804531903421E-002  -6.1256663995140469E-008  -2.3997070723869295E-009  -2.3630655139781475E-010  -8.8218128707454121E-009  -6.0786224386160755E-009   2.6103035541428514E-010   8.4783294252230933E-009   3.1279535246922256E-009  -3.1957668543050861E-011  0.32566695875282481        3.1465773663005321E-008  -2.8048913828109630E-009  -2.1276774309529806E-010  -1.0003998105613235E-008  -7.1979774936505480E-009   1.0149767430430276E-010   1.0002865379639752E-008  -1.2654044098290657E-008   2.0544498341127022E-010  0.51430000669769338        3.1289489519113463E-008  -1.1302630359939034E-010  -1.3525174531724524E-012   1.3592247196051612E-010  -5.2835804660779399E-011   9.2531281196946080E-012   2.0447396763711885E-010  -2.3851536205249483E-012   1.8641008800729039E-010   4.5503459267716092E-012  -2.4032111385987272E-010  -7.9471993900618712E-010  -1.2781281402533750E-010  -5.4532191344058038E-009  -3.4698296375129209E-009   1.8657280113300916E-011   4.2645467574206587E-009  -5.6070528186897692E-009   8.1334396904655289E-011  0.23811501990445294       -1.6682352974323503E-008   1.7900233316582564E-009  -2.9463867627790377E-011  -9.9947320980685345E-002  -3.1482946166954450E-010  -3.1375250310371870E-011  -1.4445036309396846E-009  -9.6808036169215943E-010   5.6410457469390580E-011   1.2829080628008856E-009   3.8543801557966101E-009  -6.1251693458803129E-011 -0.19496368249920518        2.5593571035149237E-009   2.6688258335561351E-009
   8.0979362474286715E-010  -6.9570140521408932E-012  -2.1324142605815986E-009   1.2271782457200286E-002   1.1545412622769681E-009   4.3198198830180451E-011   2.2073606293288354E-009   1.8824197190650735E-009  -8.5038032068256436E-011  -3.0371169415490710E-009  -2.8056324628730048E-009   3.6768093776894796E-010   6.8187620312049237E-009  0.68779391155515912        8.5981054372003592E-011  -3.3024202931343275E-011   1.4522670596016391E-010   1.7149450767815675E-010  -5.3360060632278261E-011  -2.5757922660477848E-010  -1.1891970912477550E-008   1.4701631362992276E-010   3.1289489519113463E-008   1.0494133697002697        9.0354757135459312E-010  -1.7440596298119610E-011  -4.5652220301958578E-010   5.2427530236120146E-010  -3.9120409881531574E-011  -1.7365104203799772E-009  -5.7873882592723352E-011  -1.3488553123817419E-009   9.5085499098882667E-011   1.3456459269053445E-009  -1.7874198225467238E-010  -3.7495820484065148E-011  -3.7998435546691603E-010  -2.8184641689704978E-010  -2.6445856261004136E-011   4.6054601666272362E-010  -4.9568883628937267E-009  -8.4647244828455400E-011   1.3300356954338518E-008 -0.72461033850213019        1.9003276818055969E-009   4.0193534164923507E-011  -5.1124879333712574E-009   2.9949808721054429E-011  -6.5975684059266857E-012   4.2172218137220800E-011   4.6787490703883138E-011  -1.1203265028019696E-011  -7.6741518947315848E-011   4.3709223098230278E-009  -1.2029394237047018E-010  -1.1386947533134595E-008  0.10588140832060605       0.12539883603256838     
   3.1781618032029569E-012  -2.2975682572957629E-013  -3.8951418255478062E-012   1.0572748692656771E-011   2.4487878073023676E-018   2.7591320240612819E-020   3.5173247785827591E-018   3.3774800388474003E-018  -7.2014644940412109E-020  -5.8264018648731234E-018   5.8494209461781037E-011  -4.2245260366348774E-012  -7.1666736332492820E-011   5.9203741912718729E-010   1.7542747416720185E-018  -1.1156662356497170E-019   2.0248247694510089E-018   2.2149590520272523E-018  -1.2904965458016625E-020  -3.9693221193622341E-018   9.2238135706701755E-011  -6.6645106740918985E-012  -1.1302630359939034E-010   9.0354757135459312E-010   8.1976266860493164E-019  -1.2931487819374024E-020  -3.9470020077435669E-019   4.7596011404624804E-019  -3.6590346541397567E-020  -1.5757854794701402E-018  -5.2185348086108749E-020  -1.2123231127886327E-018   8.2944820876322225E-020   1.1978174937315759E-018   7.9373048937347700E-019  -1.0057251336411509E-019   4.0343258408499592E-019   7.4701586142489549E-019   2.7831148830317082E-020  -1.5407823130609309E-018   4.3597027323267340E-011  -3.1307832744480399E-012  -5.3313770302768247E-011  -6.1194277841820830E-010  -1.2968054304783071E-011   1.0439655575872442E-012   1.6496250728677940E-011   2.5938186597770199E-019  -1.2611308881069153E-020   2.6885473462356417E-019   3.1381158383833553E-019  -9.9291402457808724E-021  -5.7319676912670726E-019  -2.4961562817510400E-011   2.0194632586646751E-012   3.1809334072623435E-011   8.8084523630377867E-011   9.8512053851037154E-011
   4.0548804723071433E-013   8.7124090021291939E-013  -4.6682800936936052E-014  -2.0406477817149947E-013   1.0444320293162229E-019   1.1924262583980231E-019  -6.3186551255385428E-020   1.5397800574911862E-020  -3.1001734692960210E-019  -1.1983824078117209E-019   7.4562135719699359E-012   1.6036887783232768E-011  -8.5650213688052064E-013  -1.1427970495758938E-011   1.4915142518721480E-019   1.3356739279590360E-019  -2.4410475928644237E-020   3.3459353899140373E-020  -3.3792577526747989E-019  -1.8260900739568041E-019   1.1762367675503408E-011   2.5287007788214972E-011  -1.3525174531724524E-012  -1.7440596298119610E-011  -1.2931487819374024E-020   1.8146292230553177E-021   1.0786719285211020E-020  -6.3668239401811762E-021   6.5255924344250347E-021   2.3716265898413753E-020   6.9448966741443859E-021   2.1008285420638123E-020  -1.1131600681304989E-020  -2.3698367829363704E-020   1.0992347700998077E-019   1.1125228966849808E-019  -4.4704623156638990E-020   1.3118717026942222E-020  -2.8297058801872298E-019  -1.2304154363222297E-019   5.5280409359359296E-012   1.1959785745164636E-011  -6.2678018458871944E-013   1.1829837299787711E-011  -1.8289557295153155E-012  -3.5123961269163299E-012   2.5961915150485880E-013   2.1780131363324954E-020   2.3215623707625987E-020  -8.5088934206928184E-021   5.5115945361402225E-021  -5.9827298851094267E-020  -2.7291671296996267E-020  -3.5368242512076614E-012  -6.7568430232008808E-012   5.0621212245879022E-013  -1.7050714712773744E-012  -1.9087056416299716E-012
