  0.47942183616448364       -6.4056786584040297E-016   3.8685864605169815E-016   1.6276784729840455E-016   1.1657084243716919E-008  -5.6127175807958933E-009  -2.2473702526738998E-010   4.6320927834295329E-009   4.3902451192247629E-010  -1.6288718535944213E-008  0.29654165309937242        6.8210569049357641E-016  -4.0546254197645227E-016   4.1792238046533229E-016   5.4390900989279596E-009   2.0542476944733914E-009  -5.1002704943373925E-011   7.9989883894822668E-009   4.1888904431063577E-010  -1.3438208239551700E-008  -4.0441698310109054E-016  -2.0895145581216929E-017   4.3298122537982101E-017 -0.16413257220350677       -5.8532272090758508E-016  -2.1254008300336304E-015   2.1252340941703484E-015   1.3821062313878747E-009   2.5427668161917909E-009   1.0332504744579668E-011   4.5566842526349707E-009   1.9898762772758717E-010  -5.9387187542100027E-009 -0.17838322735659798       -5.0136384942009168E-018   8.7034052575198154E-018  -4.9334998539426368E-018   8.1134811579379335E-018   3.9376775346341689E-018  -4.6154793015915875E-018   3.1987331550219275E-017   7.4584414928801645E-018   2.4970103651045145E-017   1.8825594193183653E-017   8.5059084139227331E-002
  -6.4056786584040297E-016   1.0422922427386022E-005  -3.6622241168972752E-012  -6.8851864176855367E-014  -2.9068204112321003E-019   1.1553066880113529E-018  -1.4853855066488201E-018   3.7253014351124294E-018  -6.6750573281495118E-019  -5.9287750609075802E-019  -4.0736614013066140E-016  -1.3365084208682236E-005  -8.7503577707531572E-012  -2.7526377847325540E-013  -1.0156132619235104E-019  -1.1435990244106391E-018   3.8798088698835114E-018   1.9083800458075026E-019   4.8831416886078406E-018  -3.3872850028270600E-020   6.0594719427677882E-004  -4.1291386729796619E-011  -5.0677345039689507E-013  -7.0594730111481355E-016   4.1286034895973737E-003  -7.6978809903567274E-010  -1.4628647583863710E-011  -1.9825171291205267E-019   6.1461230974202753E-019  -8.1188016275813078E-019  -2.0362256183430141E-020  -1.3906016129600327E-018   4.3639575904474653E-019  -1.7358901016230287E-015  -1.7766781400548226E-012   9.7703369424393329E-012   2.1750667367114482E-013  -2.6213231465221876E-012  -2.0866334604915389E-013   5.0052857049587280E-012  -5.8742931497532173E-012  -6.4678700081583442E-014  -1.8891321285841082E-012  -1.1390244581661662E-013   1.0198885766529529E-015
   3.8685864605169815E-016  -3.6622241168972752E-012   1.0422917142722910E-005  -5.1729798812167942E-014  -6.3953491778331644E-018   2.0975817516801570E-018   3.9846957393709346E-018   1.9614293113009232E-018   4.8852242652555285E-018   6.5858289499467145E-018   2.5891762025616780E-016  -8.7503717571745949E-012  -1.3365096846415426E-005   3.5754651954268625E-013   2.6677148994781651E-018  -3.1111691093594685E-018  -3.0747178870721675E-018   1.0526476646768552E-019  -5.4988218259676319E-018  -3.7220276153369767E-018  -4.1291246280815180E-011   6.0594713471926896E-004  -1.7524893714085437E-012   1.1109895560926035E-015  -7.6978729351072803E-010   4.1286023787628721E-003  -1.0191736813648002E-011   2.9570570795308911E-018   1.7354121575587306E-018  -8.2293962539421059E-019  -2.7650242133184209E-018   3.3886797111596604E-018  -1.4863521061955065E-018   2.5076731372628883E-015   5.5580547400153327E-012  -4.2922894874835438E-012  -1.1787210703367079E-013  -5.5677734291595171E-012  -2.8652725203508448E-014  -1.8891379123177054E-012   1.4991041228728646E-012  -3.1125489115999151E-015   2.2810326249628721E-012   9.0180517215721072E-014  -1.4543648161398698E-015
   1.6276784729840455E-016  -6.8851864176855367E-014  -5.1729798812167942E-014   1.0422920982871600E-005  -1.5542279039968824E-018   1.0141507653144180E-018   2.1679251140578387E-018  -2.1062206654791657E-018   3.0522491354307937E-018   8.0312761017859289E-019   9.3571661025375019E-017  -2.7526963990485445E-013   3.5754069336552490E-013  -1.3365115559499127E-005  -2.6820318461252842E-019   2.9264379177412823E-019  -1.8212325835300838E-018  -1.1914881769076680E-019  -4.5022949379317904E-018   1.0667144586514274E-018  -5.0688175687350068E-013  -1.7531158731869915E-012   6.0594724580313719E-004  -5.2973058061843148E-019  -1.4629477846829158E-011  -1.0196121367573478E-011   4.1286031465663682E-003   2.3681571291500142E-019  -1.4615456491757103E-018   1.7441019858272233E-018   1.0934674734000502E-018   5.2744146714811153E-018  -1.8377102673878921E-018   5.5377979691930298E-017   1.0256070754897620E-013  -1.1783846451734362E-013  -4.2984847334788834E-014  -6.4819593218926154E-014  -8.4088415894223502E-013  -7.2742647048830399E-014   9.1222233041458879E-014  -1.0901847513092052E-012  -4.5405109727542849E-015   8.4467003119280013E-013  -3.7422919680710457E-017
   1.1657084243716919E-008  -2.9068204112321003E-019  -6.3953491778331644E-018  -1.5542279039968824E-018   2.8405988368568920E-016  -1.3719208932044757E-016  -5.4812483216902428E-018   1.1234854727454388E-016   1.0678849212418654E-017  -3.9639702518138696E-016   7.2167595199183268E-009   3.7274069676472540E-019   8.2006291621853515E-018   1.9929732427615472E-018   1.3058009621288619E-016   5.2145352202178605E-017  -1.1918679890200354E-018   1.9556936221450592E-016   1.0186069671025484E-017  -3.2615269350075042E-016  -1.6898234785289473E-017  -3.7180092743097455E-016  -9.0356874671063009E-017  -3.5365115439925697E-009  -1.1513526130153086E-016  -2.5332543723007679E-015  -6.1564377138752369E-016   3.0902583400399407E-017   6.4721640130909453E-017   3.2171157960059788E-019   1.1171076823203006E-016   4.8095056823061998E-018  -1.4261155738248487E-016  -3.3673252170939975E-009  -3.5115692314778393E-024   2.5323645992758902E-024  -8.1288171391560712E-026   3.6878201712752772E-024   2.4518620011562311E-025   9.0615695942752387E-025   1.3424200000235881E-025   3.1595909581695269E-025  -7.9163081622645508E-025   2.7442079982276190E-025   1.5112354448551980E-009
  -5.6127175807958933E-009   1.1553066880113529E-018   2.0975817516801570E-018   1.0141507653144180E-018  -1.3719208932044757E-016   6.6545581650081900E-017   2.6505689062980714E-018  -5.3903532136233122E-017  -5.1444474746712857E-018   1.9108995445384324E-016  -3.4791097057818141E-009  -1.4814261549299482E-018  -2.6896883468755966E-018  -1.3004348903931443E-018  -6.1735666368990359E-017  -2.6601779319510375E-017   5.4103334910884277E-019  -9.4895199331587506E-017  -4.9050120822573608E-018   1.5663247790296735E-016   6.7164449760225497E-017   1.2194549141944122E-016   5.8958815801852709E-017   1.3936375722810580E-009   4.5762287440907298E-016   8.3087189391306237E-016   4.0171407201387677E-016  -1.3039912663135962E-017  -3.3132002900206669E-017  -2.0285274718260061E-019  -5.4410053886603551E-017  -2.2960748221329590E-018   6.7449068523460902E-017   9.6130136543474065E-010   1.0060568291541030E-024   1.7324113053028805E-025   9.3466321668965073E-026  -1.5024309473256384E-024  -1.5757037120508456E-025   2.3554658546513148E-025  -8.6153593259593724E-025  -1.6439136140810817E-025   1.7912247158203279E-026  -1.2663304690187894E-025  -3.4867791620730950E-010
  -2.2473702526738998E-010  -1.4853855066488201E-018   3.9846957393709346E-018   2.1679251140578387E-018  -5.4812483216902428E-018   2.6505689062980714E-018   1.0580470903381939E-019  -2.1637714619548930E-018  -2.0590915049085958E-019   7.6447978716896173E-018  -1.3918202787317523E-010   1.9046720018240480E-018  -5.1094931791091691E-018  -2.7798897597659814E-018  -2.5043556124562093E-018  -1.0225326594788245E-018   2.2599681313397086E-020  -3.7788112076328028E-018  -1.9638385380750061E-019   6.2832298178172337E-018  -8.6354349770488851E-017   2.3165442243004482E-016   1.2603456376014053E-016   6.4618130113958823E-011  -5.8837302749224548E-016   1.5783704353654522E-015   8.5873267168332757E-016  -5.7457726776466248E-019  -1.2704636573516392E-018  -6.7548561595013737E-021  -2.1608510392350751E-018  -9.2496269254688782E-020   2.7353933224572569E-018   5.7313172026902139E-011   2.4020990993915004E-024  -3.0603472125357869E-024  -8.1765796172496159E-026  -1.7720532238799388E-024  -1.5798111313129310E-025  -1.4481701996015487E-024   1.4108226368667155E-024  -2.2136387071431807E-025   1.1300394881490494E-024   2.1771292755990645E-025  -2.4768281646631553E-011
   4.6320927834295329E-009   3.7253014351124294E-018   1.9614293113009232E-018  -2.1062206654791657E-018   1.1234854727454388E-016  -5.3903532136233122E-017  -2.1637714619548930E-018   4.4881305029354002E-017   4.2399611026600813E-018  -1.5722553901491602E-016   2.8622461203507546E-009  -4.7768761733458782E-018  -2.5151049107536860E-018   2.7007726927469932E-018   5.3307587556548342E-017   1.8853828075924527E-017  -5.1461608052688608E-019   7.6798462468530567E-017   4.0468582465699592E-018  -1.3010726737200863E-016   2.1657454231403095E-016   1.1402962089138193E-016  -1.2244739487376298E-016  -1.7914196106350842E-009   1.4756242365226431E-015   7.7693717117251017E-016  -8.3429159235887624E-016   1.4576882436332689E-017   2.3257964120682640E-017   6.7939003820697241E-020   4.3611623795546393E-017   1.9356417758160008E-018  -5.8187835883044670E-017  -2.1624610457290241E-009   3.4790087121828232E-025   2.8184950508780960E-024   3.1963115196310181E-026  -1.8893145190526093E-024   1.2770119870025886E-025   1.4090074359595278E-024  -1.5838859414506266E-024   2.8299062231779575E-025   1.9992742678788338E-026  -1.0180276579253879E-026   1.0738585689470809E-009
   4.3902451192247629E-010  -6.6750573281495118E-019   4.8852242652555285E-018   3.0522491354307937E-018   1.0678849212418654E-017  -5.1444474746712857E-018  -2.0590915049085958E-019   4.2399611026600813E-018   4.0205727963770189E-019  -1.4918388784785673E-017   2.7159574387822391E-010   8.5592138897341145E-019  -6.2642237157487123E-018  -3.9138409249140042E-018   4.9699301740976976E-018   1.8954139147178122E-018  -4.6391751669459259E-020   7.3319524710265180E-018   3.8359777827487244E-019  -1.2302001983777578E-017  -3.8806008901037275E-017   2.8400756462122158E-016   1.7744563867650434E-016  -1.4735219977106230E-010  -2.6440383705095766E-016   1.9350769362078546E-015   1.2090204703845103E-015   1.2480945761775687E-018   2.3473013369152397E-018   9.9194790408219046E-021   4.1786709012920816E-018   1.8203306110148442E-019  -5.4266994661819213E-018  -1.5705365496972911E-010   2.7441979293065948E-024  -2.6644224088657405E-024  -8.6502454639581358E-026  -2.4533496503508848E-024  -2.4270081943925678E-025  -1.2315938593093867E-024   1.1356553655341660E-024  -3.0994216020326998E-025   1.2112994320170183E-024   3.1412086722609431E-025   7.4275370850031791E-011
  -1.6288718535944213E-008  -5.9287750609075802E-019   6.5858289499467145E-018   8.0312761017859289E-019  -3.9639702518138696E-016   1.9108995445384324E-016   7.6447978716896173E-018  -1.5722553901491602E-016  -1.4918388784785673E-017   5.5360684567412090E-016  -1.0078719388942852E-008   7.6022967270442661E-019  -8.4448776989147068E-018  -1.0298570431035222E-018  -1.8388317715726492E-016  -7.0996301948165920E-017   1.7064553681757659E-018  -2.7235972774986869E-016  -1.4232526969922597E-017   4.5624735716997605E-016  -3.4468718599878776E-017   3.8287482687680064E-016   4.6690974050491458E-017   5.3279631972398303E-009  -2.3485199669217645E-016   2.6087060995458986E-015   3.1812746984188793E-016  -4.5479268580325286E-017  -8.7975968362152259E-017  -3.8961138334040002E-019  -1.5531765341722727E-016  -6.7449691613330372E-018   2.0079445748823322E-016   5.5300192025006895E-009   3.7986553654600909E-024  -3.5409359113530649E-024   9.6055962300718330E-026  -3.6449383923966642E-024  -2.0517122457073352E-025  -1.3206038188429546E-024   1.3263557565823561E-025  -3.1837130676570168E-025   7.2876594344375709E-025  -5.0821716446308836E-025  -2.5852443647930435E-009
  0.29654165309937242       -4.0736614013066140E-016   2.5891762025616780E-016   9.3571661025375019E-017   7.2167595199183268E-009  -3.4791097057818141E-009  -1.3918202787317523E-010   2.8622461203507546E-009   2.7159574387822391E-010  -1.0078719388942852E-008  0.18348874732014417        4.4228865223308002E-016  -2.8513487005041099E-016   2.7754064163560473E-016   3.3470701331708522E-009   1.2932816471235160E-009  -3.1049686446779001E-011   4.9587780866282246E-009   2.5910827923677429E-010  -8.3059293028614203E-009  -1.6181039560699638E-016   1.4559206344470870E-016  -4.3679178406770645E-016  -9.6838137176110492E-002   3.7535226711231442E-016  -4.7062682149778929E-016  -1.7945141225023951E-015   8.2701811997837668E-010   1.6026468791078113E-009   7.1177088340564589E-012   2.8279315113129458E-009   1.2278434138007350E-010  -3.6549047464861112E-009 -0.10033589544291399       -3.2410408953678484E-018   4.7848880418000495E-018  -3.4021084994593555E-018   4.9305079095045401E-018   2.4423360761094706E-018  -2.9788970424453319E-018   2.1085439002117957E-017   4.2868197491071283E-018   1.4903468425975892E-017   1.1590672143770827E-017   4.6870045021848404E-002
   6.8210569049357641E-016  -1.3365084208682236E-005  -8.7503717571745949E-012  -2.7526963990485445E-013   3.7274069676472540E-019  -1.4814261549299482E-018   1.9046720018240480E-018  -4.7768761733458782E-018   8.5592138897341145E-019   7.6022967270442661E-019   4.4228865223308002E-016   1.7137753557103461E-005   2.8462389627377695E-011   8.1914645258439028E-013   1.3022325109707126E-019   1.4664173782695172E-018  -4.9749894985166979E-018  -2.4470880784462217E-019  -6.2615380676565154E-018   4.3443646686557293E-020  -7.7699276128616790E-004  -7.2877116443096827E-010  -2.0485930296585675E-011   1.3857383186488655E-015  -5.2940174588419955E-003  -4.3391308481783129E-009  -1.2524983189574000E-010   2.5420701176687360E-019  -7.8810401733987312E-019   1.0410571428695691E-018   2.6113150642737546E-020   1.7831332253881381E-018  -5.5957527472730059E-019   3.2018178324734107E-015   2.2781881325566949E-012  -1.2528282651447341E-011  -2.7890387069839517E-013   3.3612722080031650E-012   2.6756448602842937E-013  -6.4181653440164505E-012   7.5324749818736045E-012   8.2936116748239797E-014   2.4223896403152373E-012   1.4605445553624379E-013  -1.8630800935198219E-015
  -4.0546254197645227E-016  -8.7503577707531572E-012  -1.3365096846415426E-005   3.5754069336552490E-013   8.2006291621853515E-018  -2.6896883468755966E-018  -5.1094931791091691E-018  -2.5151049107536860E-018  -6.2642237157487123E-018  -8.4448776989147068E-018  -2.8513487005041099E-016   2.8462389627377695E-011   1.7137794656552335E-005  -8.3188556454612279E-013  -3.4207535658945081E-018   3.9893882407690406E-018   3.9426437197073275E-018  -1.3497917267875543E-019   7.0510221927312028E-018   4.7726777680333030E-018  -7.2877053141243596E-010  -7.7699381357814259E-004   1.9176890000888734E-011  -2.1080727532177856E-015  -4.3391263409631111E-009  -5.2940237245425207E-003   1.2841872546674603E-010  -3.7917703643424766E-018  -2.2252885869314197E-018   1.0552399133310219E-018   3.5455344940036050E-018  -4.3452337615949540E-018   1.9059150828796646E-018  -4.6422423024293230E-015  -7.1269794186338169E-012   5.5039038013923528E-012   1.5114474836909739E-013   7.1394471729002794E-012   3.6741058467818614E-014   2.4223970587740229E-012  -1.9222634600623310E-012   3.9912117974649348E-015  -2.9249197824769577E-012  -1.1563649141574631E-013   2.6807879011381972E-015
   4.1792238046533229E-016  -2.7526377847325540E-013   3.5754651954268625E-013  -1.3365115559499127E-005   1.9929732427615472E-018  -1.3004348903931443E-018  -2.7798897597659814E-018   2.7007726927469932E-018  -3.9138409249140042E-018  -1.0298570431035222E-018   2.7754064163560473E-016   8.1914645258439028E-013  -8.3188556454612279E-013   1.7137836333241863E-005   3.4391648974229907E-019  -3.7524557785931455E-019   2.3353320782902428E-018   1.5279441074326139E-019   5.7732083521403253E-018  -1.3678446306927272E-018  -2.0485450653472266E-011   1.9178032061049580E-011  -7.7699475765266091E-004   4.9248151425222138E-016  -1.2524644548183968E-010   1.2842665548004251E-010  -5.2940301709904058E-003  -3.0366664132656284E-019   1.8741203501429923E-018  -2.2364290478821768E-018  -1.4021254743943667E-018  -6.7632823824687394E-018   2.3564562753546180E-018   1.2038545541220240E-015  -1.3151144923866243E-013   1.5110158622746489E-013   5.5118650470452637E-014   8.3116881235467423E-014   1.0782499495486534E-012   9.3276300922560376E-014  -1.1697230709433320E-013   1.3979234064043208E-012   5.8223414544940179E-015  -1.0831044893670533E-012  -7.0669293344368276E-016
   5.4390900989279596E-009  -1.0156132619235104E-019   2.6677148994781651E-018  -2.6820318461252842E-019   1.3058009621288619E-016  -6.1735666368990359E-017  -2.5043556124562093E-018   5.3307587556548342E-017   4.9699301740976976E-018  -1.8388317715726492E-016   3.3470701331708522E-009   1.3022325109707126E-019  -3.4207535658945081E-018   3.4391648974229907E-019   6.6214379124620795E-017   1.7379674633827717E-017  -7.0881945093931911E-019   8.7849382899158676E-017   4.7500921105367792E-018  -1.5406501772444709E-016  -5.9041019561128304E-018   1.5509038188493775E-016  -1.5592361742524867E-017  -3.0878686637052822E-009  -4.0227561603227629E-017   1.0567036454725282E-015  -1.0623807456136077E-016   2.2972828835274526E-017   2.1038873257590251E-017  -7.2914679056421564E-020   4.9226077762115181E-017   2.3353799344510880E-018  -7.2198228106839183E-017  -4.6407889774464265E-009   1.4169682100879813E-024  -9.3541081524280581E-025   4.5718504694258735E-027  -1.2827700991978273E-024   5.9251302253151413E-026  -5.5032313612941801E-025   4.6131476202267925E-025   1.9794458728828106E-025   1.0273400075280914E-024   2.3008928173782026E-025   2.4676068843777885E-009
   2.0542476944733914E-009  -1.1435990244106391E-018  -3.1111691093594685E-018   2.9264379177412823E-019   5.2145352202178605E-017  -2.6601779319510375E-017  -1.0225326594788245E-018   1.8853828075924527E-017   1.8954139147178122E-018  -7.0996301948165920E-017   1.2932816471235160E-009   1.4664173782695172E-018   3.9893882407690406E-018  -3.7524557785931455E-019   1.7379674633827717E-017   1.6593242100405070E-017  -4.7374745287141319E-020   3.8087111119787262E-017   1.7978286574455396E-018  -5.5467626146774735E-017  -6.6483932114540515E-017  -1.8087150713903657E-016   1.7013089763731789E-017   9.0828188878018067E-010  -4.5298612599044632E-016  -1.2323625506013087E-015   1.1591819570521640E-016  -3.6658744781337394E-018   2.1162256240329387E-017   2.9425497684559223E-019   2.2772051295400260E-017   7.5028532357297341E-019  -1.9105691593162025E-017   2.6763439766197564E-009  -1.5308438274869869E-024   3.7309634140887116E-026  -1.3162125530425251E-025   1.9522248516113363E-024   2.7023121692060086E-026  -4.9770138782876247E-026   7.8389883755866730E-025  -1.0295823156914236E-025  -5.5303916555051388E-025   7.1480749961405763E-026  -1.6110652482244254E-009
  -5.1002704943373925E-011   3.8798088698835114E-018  -3.0747178870721675E-018  -1.8212325835300838E-018  -1.1918679890200354E-018   5.4103334910884277E-019   2.2599681313397086E-020  -5.1461608052688608E-019  -4.6391751669459259E-020   1.7064553681757659E-018  -3.1049686446779001E-011  -4.9749894985166979E-018   3.9426437197073275E-018   2.3353320782902428E-018  -7.0881945093931911E-019  -4.7374745287141319E-020   9.1861804714201262E-021  -7.6720102035024789E-019  -4.4498089743207371E-020   1.4760280260334503E-018   2.2555658439863426E-016  -1.7875186544503374E-016  -1.0587923036084937E-016   5.2865695994605656E-011   1.5368233390976948E-015  -1.2179205840094271E-015  -7.2140492324402969E-016  -3.5767326527019874E-019  -4.4954409219987271E-020   4.3926699630319128E-021  -4.1341538644993341E-019  -2.3417497728466279E-020   7.7108492854730446E-019   9.4565981009515255E-011  -2.3193946420609719E-024   4.9182388631995675E-024   1.2112240043247838E-025   6.7651148212318883E-025   7.7342479009038136E-026   2.4327093779486956E-024  -2.6383818217149466E-024   1.6407270509479876E-025  -1.3820577488225341E-024  -2.1900246511993835E-025  -5.2449569130343819E-011
   7.9989883894822668E-009   1.9083800458075026E-019   1.0526476646768552E-019  -1.1914881769076680E-019   1.9556936221450592E-016  -9.4895199331587506E-017  -3.7788112076328028E-018   7.6798462468530567E-017   7.3319524710265180E-018  -2.7235972774986869E-016   4.9587780866282246E-009  -2.4470880784462217E-019  -1.3497917267875543E-019   1.5279441074326139E-019   8.7849382899158676E-017   3.8087111119787262E-017  -7.6720102035024789E-019   1.3532616766399106E-016   6.9904654229539204E-018  -2.2317785460620438E-016   1.1095301734228202E-017   6.1191388368977003E-018  -6.9270047962516535E-018  -1.9498527737033765E-009   7.5597568143844659E-017   4.1692484628262686E-017  -4.7196898009800515E-017   1.8367945945820772E-017   4.7449446906075512E-017   2.9472656362512981E-019   7.7615857761585227E-017   3.2699557880817040E-018  -9.5982519875358484E-017  -1.2925113402993216E-009  -8.4781148786339756E-026   1.8135390646458914E-025  -1.3804472211544537E-025   1.7071618854986414E-026   7.2333389666841675E-026  -2.4485534370450832E-026   6.5908896933731608E-025   8.0716594064732918E-026   3.1394245121918981E-025   2.9422483456787712E-025   4.5242680365376355E-010
   4.1888904431063577E-010   4.8831416886078406E-018  -5.4988218259676319E-018  -4.5022949379317904E-018   1.0186069671025484E-017  -4.9050120822573608E-018  -1.9638385380750061E-019   4.0468582465699592E-018   3.8359777827487244E-019  -1.4232526969922597E-017   2.5910827923677429E-010  -6.2615380676565154E-018   7.0510221927312028E-018   5.7732083521403253E-018   4.7500921105367792E-018   1.7978286574455396E-018  -4.4498089743207371E-020   6.9904654229539204E-018   3.6600036827161316E-019  -1.1740671009845287E-017   2.8388634791415141E-016  -3.1967966914819742E-016  -2.6174556034678165E-016  -1.4279772174545086E-010   1.9342515947762612E-015  -2.1781279373315428E-015  -1.7833954264021547E-015   1.2039627152178402E-018   2.2256052055103732E-018   9.1226987057690663E-021   3.9825793400478302E-018   1.7382422740763441E-019  -5.1864793147537389E-018  -1.5455542473978094E-010  -3.8133390285583463E-024   6.9003159677347874E-024   1.7829917013097966E-025   1.7443782680361031E-024   2.8402803744910590E-025   3.3690028436438738E-024  -3.5542759414710475E-024   4.4873149913653510E-025  -2.0647554428718495E-024  -4.4936272068924663E-025   7.3570193661369156E-011
  -1.3438208239551700E-008  -3.3872850028270600E-020  -3.7220276153369767E-018   1.0667144586514274E-018  -3.2615269350075042E-016   1.5663247790296735E-016   6.2832298178172337E-018  -1.3010726737200863E-016  -1.2302001983777578E-017   4.5624735716997605E-016  -8.3059293028614203E-009   4.3443646686557293E-020   4.7726777680333030E-018  -1.3678446306927272E-018  -1.5406501772444709E-016  -5.5467626146774735E-017   1.4760280260334503E-018  -2.2317785460620438E-016  -1.1740671009845287E-017   3.7724643211987349E-016  -1.9702572944904538E-018  -2.1638340987569039E-016   6.2014802514797200E-017   5.0377070250790113E-009  -1.3424165367943468E-017  -1.4743217487833861E-015   4.2253592523961256E-016  -4.1340798807400923E-017  -6.8489383153480386E-017  -2.2182380704193820E-019  -1.2684328730031126E-016  -5.6053858403909272E-018   1.6818212375920760E-016   5.9332229864755416E-009  -1.8410260036934763E-024   1.1891460256404216E-024   1.4256576048574047E-025   1.7545065565846224E-024  -1.8489460104411323E-025   7.6868944720874714E-025  -1.2822073162192567E-024  -3.4977736358254927E-025  -1.5593171919017450E-024  -4.7807997776101511E-025  -2.9199845878998774E-009
  -4.0441698310109054E-016   6.0594719427677882E-004  -4.1291246280815180E-011  -5.0688175687350068E-013  -1.6898234785289473E-017   6.7164449760225497E-017  -8.6354349770488851E-017   2.1657454231403095E-016  -3.8806008901037275E-017  -3.4468718599878776E-017  -1.6181039560699638E-016  -7.7699276128616790E-004  -7.2877053141243596E-010  -2.0485450653472266E-011  -5.9041019561128304E-018  -6.6483932114540515E-017   2.2555658439863426E-016   1.1095301734228202E-017   2.8388634791415141E-016  -1.9702572944904538E-018   3.5227356320641189E-002   7.5765508361210431E-009   1.7377547665621369E-010  -1.2417743116356247E-015  0.24002056220141821        2.3226032764902551E-008   5.3429966557333973E-010  -1.1525721783105699E-017   3.5731668965124642E-017  -4.7199482895712052E-017  -1.1833699151148706E-018  -8.0843969332655104E-017   2.5370036046764615E-017  -2.7281002819926491E-015  -1.0328889880836858E-010   5.6800840278899380E-010   1.2644969698922171E-011  -1.5239337841563636E-010  -1.2130856563951002E-011   2.9098734315091917E-010  -3.4150798105442780E-010  -3.7601624172376816E-012  -1.0982657977769465E-010  -6.6218327456041201E-012   1.5809598434962051E-015
  -2.0895145581216929E-017  -4.1291386729796619E-011   6.0594713471926896E-004  -1.7531158731869915E-012  -3.7180092743097455E-016   1.2194549141944122E-016   2.3165442243004482E-016   1.1402962089138193E-016   2.8400756462122158E-016   3.8287482687680064E-016   1.4559206344470870E-016  -7.2877116443096827E-010  -7.7699381357814259E-004   1.9178032061049580E-011   1.5509038188493775E-016  -1.8087150713903657E-016  -1.7875186544503374E-016   6.1191388368977003E-018  -3.1967966914819742E-016  -2.1638340987569039E-016   7.5765508361210431E-009   3.5227367256859959E-002  -2.8965631131804687E-011   2.3665942386182021E-015   2.3226023962007614E-008  0.24002059572672405       -9.5688540736340276E-011   1.7191193849303557E-016   1.0088943678740163E-016  -4.7842476006126236E-017  -1.6074791514148997E-016   1.9700439427939447E-016  -8.6410615789883018E-017   4.8642595574408421E-015   3.2312326706919895E-010  -2.4953655527681915E-010  -6.8526140300938494E-012  -3.2368834558593180E-010  -1.6657595340937057E-012  -1.0982691606286393E-010   8.7151881517951869E-011  -1.8095246619340534E-013   1.3261017430730347E-010   5.2427364410644742E-012  -2.8230029960960814E-015
   4.3298122537982101E-017  -5.0677345039689507E-013  -1.7524893714085437E-012   6.0594724580313719E-004  -9.0356874671063009E-017   5.8958815801852709E-017   1.2603456376014053E-016  -1.2244739487376298E-016   1.7744563867650434E-016   4.6690974050491458E-017  -4.3679178406770645E-016  -2.0485930296585675E-011   1.9176890000888734E-011  -7.7699475765266091E-004  -1.5592361742524867E-017   1.7013089763731789E-017  -1.0587923036084937E-016  -6.9270047962516535E-018  -2.6174556034678165E-016   6.2014802514797200E-017   1.7377547665621369E-010  -2.8965631131804687E-011   3.5227367193879339E-002  -3.9342575794502275E-016   5.3429429836601011E-010  -9.5695278849554366E-011  0.24002059593344569        1.3767519842469285E-017  -8.4968533944423986E-017   1.0139516404869145E-016   6.3569760622159740E-017   3.0663352525419117E-016  -1.0683707650155190E-016  -9.3488410906683589E-016   5.9624724328679638E-012  -6.8506577350523844E-012  -2.4989683107162133E-012  -3.7683553584119422E-012  -4.8885666671877379E-011  -4.2289672517194528E-012   5.3032966769086009E-012  -6.3379013309991955E-011  -2.6396764064423638E-013   4.9105762153411012E-011   5.5079701588638782E-016
 -0.16413257220350677       -7.0594730111481355E-016   1.1109895560926035E-015  -5.2973058061843148E-019  -3.5365115439925697E-009   1.3936375722810580E-009   6.4618130113958823E-011  -1.7914196106350842E-009  -1.4735219977106230E-010   5.3279631972398303E-009  -9.6838137176110492E-002   1.3857383186488655E-015  -2.1080727532177856E-015   4.9248151425222138E-016  -3.0878686637052822E-009   9.0828188878018067E-010   5.2865695994605656E-011  -1.9498527737033765E-009  -1.4279772174545086E-010   5.0377070250790113E-009  -1.2417743116356247E-015   2.3665942386182021E-015  -3.9342575794502275E-016  0.38953812044108505        4.3925993329808464E-016   7.7606546280848866E-018   2.1429888384743315E-016  -2.4564124033284037E-009   1.2531425362997225E-009   4.8170480479758454E-011  -8.8829729909183281E-010  -8.9294282922169704E-011   3.3447219377672989E-009  0.77276482794024881       -8.2392257166522713E-018  -4.5570376319271078E-017  -2.3255560847107294E-017  -9.0401037915368495E-018  -8.6961429590350153E-019  -7.2464657837424144E-018   8.1556649437642236E-017  -2.5789146254712666E-017  -4.7084998949686363E-017  -1.0267272117105793E-017 -0.43775196081521039     
  -5.8532272090758508E-016   4.1286034895973737E-003  -7.6978729351072803E-010  -1.4629477846829158E-011  -1.1513526130153086E-016   4.5762287440907298E-016  -5.8837302749224548E-016   1.4756242365226431E-015  -2.6440383705095766E-016  -2.3485199669217645E-016   3.7535226711231442E-016  -5.2940174588419955E-003  -4.3391263409631111E-009  -1.2524644548183968E-010  -4.0227561603227629E-017  -4.5298612599044632E-016   1.5368233390976948E-015   7.5597568143844659E-017   1.9342515947762612E-015  -1.3424165367943468E-017  0.24002056220141821        2.3226023962007614E-008   5.3429429836601011E-010   4.3925993329808464E-016   1.6353730820762622       -3.5229363969612165E-008  -7.8641125596658028E-010  -7.8530358289498725E-017   2.4345667484219195E-016  -3.2159225830359870E-016  -8.0626878504933902E-018  -5.5082818524667843E-016   1.7285808143924599E-016   1.1925309524495755E-015  -7.0375615231995849E-010   3.8701088444465013E-009   8.6156136859787732E-011  -1.0383275666807401E-009  -8.2653234233601957E-011   1.9826338423560432E-009  -2.3268547131704189E-009  -2.5619755363481871E-011  -7.4830029674861728E-010  -4.5117668913836602E-011  -6.6400486696752466E-016
  -2.1254008300336304E-015  -7.6978809903567274E-010   4.1286023787628721E-003  -1.0196121367573478E-011  -2.5332543723007679E-015   8.3087189391306237E-016   1.5783704353654522E-015   7.7693717117251017E-016   1.9350769362078546E-015   2.6087060995458986E-015  -4.7062682149778929E-016  -4.3391308481783129E-009  -5.2940237245425207E-003   1.2842665548004251E-010   1.0567036454725282E-015  -1.2323625506013087E-015  -1.2179205840094271E-015   4.1692484628262686E-017  -2.1781279373315428E-015  -1.4743217487833861E-015   2.3226032764902551E-008  0.24002059572672405       -9.5695278849554366E-011   7.7606546280848866E-018  -3.5229363969612165E-008   1.6353730312274106        4.0694841105855944E-011   1.1713168695301849E-015   6.8740696346847479E-016  -3.2597321993936313E-016  -1.0952510838776286E-015   1.3422835168575140E-015  -5.8875616567354337E-016  -1.9788107915260299E-015   2.2015906389845452E-009  -1.7002101901800351E-009  -4.6690087542550014E-011  -2.2054405781669346E-009  -1.1349592301076626E-011  -7.4830258791419176E-010   5.9380697019777401E-010  -1.2329112784596320E-012   9.0353547919872275E-010   3.5721230816844848E-011   1.0028660874289704E-015
   2.1252340941703484E-015  -1.4628647583863710E-011  -1.0191736813648002E-011   4.1286031465663682E-003  -6.1564377138752369E-016   4.0171407201387677E-016   8.5873267168332757E-016  -8.3429159235887624E-016   1.2090204703845103E-015   3.1812746984188793E-016  -1.7945141225023951E-015  -1.2524983189574000E-010   1.2841872546674603E-010  -5.2940301709904058E-003  -1.0623807456136077E-016   1.1591819570521640E-016  -7.2140492324402969E-016  -4.7196898009800515E-017  -1.7833954264021547E-015   4.2253592523961256E-016   5.3429966557333973E-010  -9.5688540736340276E-011  0.24002059593344569        2.1429888384743315E-016  -7.8641125596658028E-010   4.0694841105855944E-011   1.6353730369681436        9.3804563131706730E-017  -5.7893049234647587E-016   6.9085287050345542E-016   4.3313065637560976E-016   2.0892382093461841E-015  -7.2793118385461485E-016   4.6756235242814938E-016   4.0625127579275020E-011  -4.6676759505382995E-011  -1.7026644902756964E-011  -2.5675572850325170E-011  -3.3308100417774709E-010  -2.8813945549177168E-011   3.6133857308753738E-011  -4.3183098124223463E-010  -1.7985330901324419E-012   3.3458061840939762E-010  -2.3923587783431705E-016
   1.3821062313878747E-009  -1.9825171291205267E-019   2.9570570795308911E-018   2.3681571291500142E-019   3.0902583400399407E-017  -1.3039912663135962E-017  -5.7457726776466248E-019   1.4576882436332689E-017   1.2480945761775687E-018  -4.5479268580325286E-017   8.2701811997837668E-010   2.5420701176687360E-019  -3.7917703643424766E-018  -3.0366664132656284E-019   2.2972828835274526E-017  -3.6658744781337394E-018  -3.5767326527019874E-019   1.8367945945820772E-017   1.2039627152178402E-018  -4.1340798807400923E-017  -1.1525721783105699E-017   1.7191193849303557E-016   1.3767519842469285E-017  -2.4564124033284037E-009  -7.8530358289498725E-017   1.1713168695301849E-015   9.3804563131706730E-017   1.5783689996289783E-017  -5.3043211773506542E-018  -2.7784820693587886E-019   9.1399691437049210E-018   6.9960320872764087E-019  -2.4923671249067072E-017  -4.7484717523396493E-009   1.6577656578496800E-024  -1.1277913346041753E-024   9.5629771569267933E-026  -1.4705853623406364E-024  -1.4760335503989026E-026  -5.9361352631540411E-025   8.0956718617826761E-026   1.3531972735263220E-025   9.8423376469697784E-025   1.2395479665636267E-025   2.6763622068270387E-009
   2.5427668161917909E-009   6.1461230974202753E-019   1.7354121575587306E-018  -1.4615456491757103E-018   6.4721640130909453E-017  -3.3132002900206669E-017  -1.2704636573516392E-018   2.3257964120682640E-017   2.3473013369152397E-018  -8.7975968362152259E-017   1.6026468791078113E-009  -7.8810401733987312E-019  -2.2252885869314197E-018   1.8741203501429923E-018   2.1038873257590251E-017   2.1162256240329387E-017  -4.4954409219987271E-020   4.7449446906075512E-017   2.2256052055103732E-018  -6.8489383153480386E-017   3.5731668965124642E-017   1.0088943678740163E-016  -8.4968533944423986E-017   1.2531425362997225E-009   2.4345667484219195E-016   6.8740696346847479E-016  -5.7893049234647587E-016  -5.3043211773506542E-018   2.7015791353497582E-017   3.8422040916506614E-019   2.8447119988630967E-017   9.2052643266248473E-019  -2.3142183973427848E-017   3.5879253149144914E-009   7.1624311744021712E-025  -3.4717074493578844E-025  -1.8585441885216960E-025  -1.0693768097955451E-024   1.2477017966385789E-025  -8.9897342309851672E-026   6.4940987486729164E-025   4.0067150036329926E-026   1.5595763432832123E-025  -3.4647950481279398E-026  -2.1521574709860756E-009
   1.0332504744579668E-011  -8.1188016275813078E-019  -8.2293962539421059E-019   1.7441019858272233E-018   3.2171157960059788E-019  -2.0285274718260061E-019  -6.7548561595013737E-021   6.7939003820697241E-020   9.9194790408219046E-021  -3.8961138334040002E-019   7.1177088340564589E-012   1.0410571428695691E-018   1.0552399133310219E-018  -2.2364290478821768E-018  -7.2914679056421564E-020   2.9425497684559223E-019   4.3926699630319128E-021   2.9472656362512981E-019   9.1226987057690663E-021  -2.2182380704193820E-019  -4.7199482895712052E-017  -4.7842476006126236E-017   1.0139516404869145E-016   4.8170480479758454E-011  -3.2159225830359870E-016  -3.2597321993936313E-016   6.9085287050345542E-016  -2.7784820693587886E-019   3.8422040916506614E-019   8.2434806933920702E-021   2.0239926990935769E-019   1.0047730293382206E-021   7.5456190096501594E-020   1.0655172873668800E-010  -2.8493395372859051E-025  -4.4828808486172511E-025  -1.8804291434366261E-026   6.3214445257792231E-025  -1.2203301527193561E-025  -2.5436461923599584E-025   3.6951248488450326E-025  -1.8058393754902834E-025  -3.9146383255464643E-026   1.4290636925664577E-025  -6.1552702825537321E-011
   4.5566842526349707E-009  -2.0362256183430141E-020  -2.7650242133184209E-018   1.0934674734000502E-018   1.1171076823203006E-016  -5.4410053886603551E-017  -2.1608510392350751E-018   4.3611623795546393E-017   4.1786709012920816E-018  -1.5531765341722727E-016   2.8279315113129458E-009   2.6113150642737546E-020   3.5455344940036050E-018  -1.4021254743943667E-018   4.9226077762115181E-017   2.2772051295400260E-017  -4.1341538644993341E-019   7.7615857761585227E-017   3.9825793400478302E-018  -1.2684328730031126E-016  -1.1833699151148706E-018  -1.6074791514148997E-016   6.3569760622159740E-017  -8.8829729909183281E-010  -8.0626878504933902E-018  -1.0952510838776286E-015   4.3313065637560976E-016   9.1399691437049210E-018   2.8447119988630967E-017   2.0239926990935769E-019   4.4662709010864099E-017   1.8486278568791667E-018  -5.3801922257354465E-017  -2.6135601655905590E-010  -1.5279456084031335E-024   1.1041311257915193E-024  -7.0819774739771012E-026   1.5398546821026619E-024  -4.1818367158294664E-026   4.2209718040716828E-025   1.1378606879138590E-025  -8.9350851521364324E-026  -4.4223088772462647E-025   2.3613978477977043E-025  -1.4962484177311313E-011
   1.9898762772758717E-010  -1.3906016129600327E-018   3.3886797111596604E-018   5.2744146714811153E-018   4.8095056823061998E-018  -2.2960748221329590E-018  -9.2496269254688782E-020   1.9356417758160008E-018   1.8203306110148442E-019  -6.7449691613330372E-018   1.2278434138007350E-010   1.7831332253881381E-018  -4.3452337615949540E-018  -6.7632823824687394E-018   2.3353799344510880E-018   7.5028532357297341E-019  -2.3417497728466279E-020   3.2699557880817040E-018   1.7382422740763441E-019  -5.6053858403909272E-018  -8.0843969332655104E-017   1.9700439427939447E-016   3.0663352525419117E-016  -8.9294282922169704E-011  -5.5082818524667843E-016   1.3422835168575140E-015   2.0892382093461841E-015   6.9960320872764087E-019   9.2052643266248473E-019   1.0047730293382206E-021   1.8486278568791667E-018   8.3935738737048735E-020  -2.5482036301866014E-018  -1.1923685827555886E-010   2.0945153433908404E-024  -2.7523486765722309E-024  -8.9557134880449249E-026  -1.4894896725546018E-024  -4.0539319712918510E-025  -1.3201514519216024E-024   1.3246831653785773E-024  -5.3948842235464179E-025   1.0041619744867032E-024   4.8000913760467194E-025   6.1255365818834473E-011
  -5.9387187542100027E-009   4.3639575904474653E-019  -1.4863521061955065E-018  -1.8377102673878921E-018  -1.4261155738248487E-016   6.7449068523460902E-017   2.7353933224572569E-018  -5.8187835883044670E-017  -5.4266994661819213E-018   2.0079445748823322E-016  -3.6549047464861112E-009  -5.5957527472730059E-019   1.9059150828796646E-018   2.3564562753546180E-018  -7.2198228106839183E-017  -1.9105691593162025E-017   7.7108492854730446E-019  -9.5982519875358484E-017  -5.1864793147537389E-018   1.6818212375920760E-016   2.5370036046764615E-017  -8.6410615789883018E-017  -1.0683707650155190E-016   3.3447219377672989E-009   1.7285808143924599E-016  -5.8875616567354337E-016  -7.2793118385461485E-016  -2.4923671249067072E-017  -2.3142183973427848E-017   7.5456190096501594E-020  -5.3801922257354465E-017  -2.5482036301866014E-018   7.8724849733072447E-017   5.0098796314652072E-009  -8.6213760903864029E-025   7.6655659200680539E-025  -3.5387662155336795E-027   5.7052254151275228E-025   9.6714946633853359E-026   5.1423219194871949E-025  -5.0806795372062104E-025   6.1390692208639499E-027  -8.6451365945045546E-025  -4.1479246611913795E-025  -2.6614320981926561E-009
 -0.17838322735659798       -1.7358901016230287E-015   2.5076731372628883E-015   5.5377979691930298E-017  -3.3673252170939975E-009   9.6130136543474065E-010   5.7313172026902139E-011  -2.1624610457290241E-009  -1.5705365496972911E-010   5.5300192025006895E-009 -0.10033589544291399        3.2018178324734107E-015  -4.6422423024293230E-015   1.2038545541220240E-015  -4.6407889774464265E-009   2.6763439766197564E-009   9.4565981009515255E-011  -1.2925113402993216E-009  -1.5455542473978094E-010   5.9332229864755416E-009  -2.7281002819926491E-015   4.8642595574408421E-015  -9.3488410906683589E-016  0.77276482794024881        1.1925309524495755E-015  -1.9788107915260299E-015   4.6756235242814938E-016  -4.7484717523396493E-009   3.5879253149144914E-009   1.0655172873668800E-010  -2.6135601655905590E-010  -1.1923685827555886E-010   5.0098796314652072E-009   1.5858396482583228       -1.9389875680576693E-017  -9.4169504908264845E-017  -5.1420976799826211E-017  -1.6389103359000508E-017  -4.4359711747402463E-019  -1.7127452484951982E-017   1.8560196048978854E-016  -5.2383353449414475E-017  -9.1565950951258021E-017  -1.5165085854787748E-017 -0.90407670659262940     
