   4.7170792669748234E-004   4.3095176578554681E-017   4.7030180907316467E-018  -6.8295290585518824E-017   7.6980148646452989E-018  -1.3695383529248778E-018  -1.7209359688944925E-018  -4.8293098608435164E-018  -3.1504853462440805E-018   7.7208555833254018E-018   7.1266418025995315E-003   3.7586617195821677E-016   1.3810078111593262E-016   1.5987205205532162E-016   1.0966786991339477E-016   1.2271213994755725E-002   6.9354237158014449E-016   2.1311772469391880E-016   2.6623448633575362E-018  -6.7444019184990419E-019  -1.1688900941631453E-018   1.2464957383416512E-018  -3.7988837792903612E-018   3.6356063457925705E-018   1.3491371111720703E-016   4.3952724488536189E-018  -1.7200658938876711E-019   1.4235445909226926E-018  -9.1901972743426275E-018   2.4524482964362279E-018  -5.6667151164573465E-018   3.1454126352911451E-018   8.8714781301466813E-019   5.1490447026335900E-019   1.3055186708558025E-018   1.4218509374573141E-002   7.9505860856408264E-016   2.6195270340707561E-016   6.5615057743714081E-020   5.7644325012699923E-019  -6.2798189025101941E-019   4.4826852547892719E-019   7.8134733221372738E-020   6.1010259761199372E-019  -2.6828963848678501E-016  -1.5368616899779611E-016
   4.3095176578554681E-017   4.7170792669739084E-004  -1.8467077387580336E-017  -6.1321534541530914E-017   2.4371533518027159E-017   2.4463345303185957E-019   5.5052838015480112E-018   2.1794537053402778E-017  -1.8962851771573305E-018   2.1837671708491299E-017   2.4121305757725529E-016   7.1266418025989356E-003  -1.6413866214712660E-016  -7.7135449409597616E-017  -3.3482972741802977E-016   4.3844564990400327E-016   1.2271213994754393E-002  -3.4795107621582050E-016   5.7761576970524671E-017  -3.1606484273315838E-018   2.4240994014473285E-019   5.8866866248040290E-017   2.1903424095096191E-019   5.7493898838792260E-017  -5.3025978932218560E-017   7.2482087956241229E-019  -6.2839278539664333E-020   4.7235553841388566E-018  -1.2155760179178275E-018  -2.4000726480093354E-019   6.9699795895094404E-019   4.6305984753859044E-017   4.5600257138864968E-018   9.9819999744795282E-018   1.1036171498915684E-017   4.9997253500578014E-016   1.4218509374571767E-002  -3.6970023532334830E-016   1.9698155386191165E-017   8.5887399093565703E-019  -2.4410213187891133E-019   2.0499269691194340E-017  -8.0328637466624811E-020   1.9736749351592011E-017   9.5668449335016208E-016   5.9393522899488591E-016
   4.7030180907316467E-018  -1.8467077387580336E-017   4.7170792669742271E-004  -4.7453483419740369E-017  -1.0604018663365728E-017   4.1288224763358397E-018  -1.5639837736810754E-019   1.1572485995992696E-017  -2.7336840667947991E-019   1.4561266604723770E-017  -5.8258573181756429E-017  -6.5019925450614120E-017   7.1266418025991811E-003   1.2005822177659068E-016   7.3147232131531670E-017  -9.5461319016348665E-017  -1.6942970639171250E-016   1.2271213994754754E-002   9.3719777265996018E-018   3.8013415325139643E-018   8.0653399622157742E-019   7.9976680265721206E-018  -2.1967161359828563E-018   7.4355207953896426E-018   1.3247959565400564E-016  -3.4186664869390098E-018   4.5948633023751086E-018  -4.1262937191010183E-018   4.8134248208284420E-019   2.3301915174978660E-019  -5.6518831263083508E-019   9.4512733223646771E-018   6.7205613728439018E-018   2.6579342773316258E-018   4.6905965910572455E-017  -1.0801611194663116E-016  -1.7185063243408294E-016   1.4218509374572147E-002  -4.1896885805865584E-018   5.3315515890871887E-020  -8.5196580355589419E-019  -3.3908230851115539E-018   8.2171696006986415E-019  -4.7796896703000116E-018  -5.8582145499407808E-016  -3.6124437981076369E-016
  -6.8295290585518824E-017  -6.1321534541530914E-017  -4.7453483419740369E-017   1.1207802501124172E-005  -6.0511858594109857E-018  -1.1004401718094571E-018   1.1465952259928760E-018  -4.0675136561123642E-018   1.6850792739755361E-018  -3.4082969149112912E-018  -1.0462924838290614E-015  -8.9460326341410439E-016  -7.4095545529113202E-016   8.7526034549409795E-004   2.3623845445258709E-003  -1.8009580436086414E-015  -1.5450943801747877E-015  -1.2652359884640566E-015   4.8949628287248990E-017   7.8726515079201233E-019  -1.3002145112359299E-018  -1.6159097831135248E-017  -4.9491899345834586E-020  -1.6712605678753962E-017   1.6460553420575346E-003   8.0713780927606521E-020  -1.8833710391347594E-019  -3.6183380622096054E-019  -1.1076189070974553E-018   1.9894733516179341E-019  -1.4768976168604598E-018  -1.5644255917053672E-018  -2.7536960309667530E-019  -3.5929909379181868E-019  -8.2891144243071883E-019  -2.0870973856319127E-015  -1.7883877727896952E-015  -1.4699851802802193E-015   4.8963116240544194E-017  -2.1492642316447046E-019  -5.1439036856182700E-019   5.5337728664599501E-017   5.0441203823777548E-019   5.6136483466464227E-017  -2.4127443208075768E-003  -1.2829376770183184E-003
   7.6980148646452989E-018   2.4371533518027159E-017  -1.0604018663365728E-017  -6.0511858594109857E-018   6.3986602900766453E-030   3.4710871225212475E-031  -1.0584863019016009E-030   5.8608041582480852E-030  -1.4442591219489835E-030   3.3854897624552235E-030   1.1630288877166511E-016   3.6820918142937452E-016  -1.6020727743747384E-016  -3.2297554777650905E-016  -9.0459647920580915E-016   2.0025948768812579E-016   6.3401161238460141E-016  -2.7585752720663004E-016  -5.3259357916680975E-030  -3.0522452901475762E-031   1.4260994350385406E-030   2.0299888682191554E-029  -1.3911136772967364E-031   1.8691562486744555E-029  -5.7862646582139840E-016  -3.1310205542445984E-031  -1.7081417360739108E-031   9.2524212878064891E-031   9.7172317784694300E-031   7.1780900418058008E-032   4.0772940814946595E-031   3.7147698568639875E-030   5.3894280518363951E-031   5.0220862879777194E-031  -1.3885307695032188E-032   2.3203828115602185E-016   7.3462169742385006E-016  -3.1963282836646969E-016  -1.6991917244334918E-029   1.6151246018267015E-031   5.5107648599279027E-031  -2.0353818753898922E-029  -4.4427568904792688E-031  -2.0355415434904386E-029   2.1475868747369484E-015   1.2929555749580943E-015
  -1.3695383529248778E-018   2.4463345303185957E-019   4.1288224763358397E-018  -1.1004401718094571E-018   3.4710871225212475E-031   1.6213242781395722E-031  -3.9103540871398167E-032   2.5031168234212517E-031  -1.2219973388568515E-031   3.9176618616178145E-031  -2.0691213193195460E-017   3.6959628914819725E-018   6.2378936604644077E-017  -1.0026771555486825E-016  -2.6748068498055225E-016  -3.5627762968555165E-017   6.3640004386783766E-018   1.0740897340478805E-016  -6.4535855148461768E-030  -8.0070119479078624E-032   6.6507707128581931E-032   8.5067043013165426E-031   1.2537222530387253E-032   1.0733033370147625E-030  -1.9132488911009812E-016  -6.5917040601063726E-033   7.4807085208926149E-032  -3.7704598127810430E-032   8.1794645838482186E-032  -3.9761204522186331E-032   1.9001330129196503E-031   1.9001706070368519E-031   5.7747638420889729E-032   7.7185168730987937E-032   4.9373850085140288E-031  -4.1281464244691947E-017   7.3738914451178552E-018   1.2445349709669628E-016  -5.6321731338389677E-030   2.1022370513676648E-032   1.8202758040266591E-032  -6.2565709539023538E-030  -2.8175273165733438E-032  -6.3897098456240665E-030   1.5595243499547281E-016   6.8458427219733282E-017
  -1.7209359688944925E-018   5.5052838015480112E-018  -1.5639837736810754E-019   1.1465952259928760E-018  -1.0584863019016009E-030  -3.9103540871398167E-032   5.1208661890133513E-031  -1.4820793063015953E-030   3.4321990681216675E-031  -4.1349862991699608E-031  -2.6000186813459331E-017   8.3174743214475648E-017  -2.3628926946741630E-018   2.0192751918376656E-017   6.9737913787265351E-017  -4.4769172511967149E-017   1.4321683356828053E-016  -4.0686150231915959E-018  -2.8082440149701695E-030  -1.3112886908544614E-031  -4.7333550897982727E-031  -5.0036830840018934E-030   8.8361724481675221E-032  -4.2096286730538816E-030   2.4634359977894386E-017   2.1301467291567755E-031   5.4742557583155999E-032  -1.5717799145650949E-031  -3.7105307962072503E-031  -6.4171768365104181E-032   3.8267378675111303E-032   6.9631792804038038E-032  -1.1545162628250354E-031   1.4938363642628671E-031   2.2982431888461551E-032  -5.1873506510874393E-017   1.6594363781428379E-016  -4.7142557267376321E-018   1.3779308928904301E-030  -1.0787366253976261E-032  -1.8134786465657015E-031   2.0145238279915709E-030   1.1992422434415975E-031   1.8854498301606730E-030  -6.3854941725039465E-016  -4.0954881065832556E-016
  -4.8293098608435164E-018   2.1794537053402778E-017   1.1572485995992696E-017  -4.0675136561123642E-018   5.8608041582480852E-030   2.5031168234212517E-031  -1.4820793063015953E-030   8.3063700614768232E-030  -1.4199846847006699E-030   3.7038275705193527E-030  -7.2962016502367205E-017   3.2927549028171818E-016   1.7483904295709125E-016  -3.2274341996439608E-017  -1.4980844070284040E-016  -1.2563175515049596E-016   5.6697251193418297E-016   3.0105165521044470E-016   1.9990837867144080E-029   3.9258335560360804E-031   1.9433347958529231E-030   2.5352839340208007E-029  -3.0081455532077254E-031   2.1850429072021373E-029  -5.7979066432315221E-018  -9.9376336143242590E-031  -1.3132230903741998E-031   9.3933346716522769E-031   1.5912477412509450E-030   1.9647589373191046E-031  -4.7550121264192564E-032   4.1255778576623759E-030   1.0220926877694741E-030   3.5360203494893296E-031   1.9510227309021896E-030  -1.4556801707759171E-016   6.5694429088325876E-016   3.4882496415350261E-016  -1.0698998108838013E-030   9.9522195496192129E-032   6.8949943536425276E-031  -3.2350339168810356E-030  -4.5470724541591783E-031  -2.7656319522326649E-030   2.4875533379817725E-015   1.6108105827662722E-015
  -3.1504853462440805E-018  -1.8962851771573305E-018  -2.7336840667947991E-019   1.6850792739755361E-018  -1.4442591219489835E-030  -1.2219973388568515E-031   3.4321990681216675E-031  -1.4199846847006699E-030   3.8364560618189326E-031  -8.2061683686509506E-031  -4.7598056543620689E-017  -2.8649391812834167E-017  -4.1300953498817056E-018   9.2796481224325491E-017   2.5898780010911420E-016  -8.1958088221607472E-017  -4.9330782645292672E-017  -7.1115239492781498E-018   2.3614468609394978E-030   3.4918212424825274E-032  -3.8333311270070284E-031  -4.9339301071713285E-030   6.0999489117972744E-032  -4.5376064358780563E-030   1.6705364719898101E-016   1.0000400135532817E-031   1.2739193491866557E-032  -1.7643312689555210E-031  -2.5546672176020034E-031  -2.6310245567992186E-032  -9.6960861311021363E-032  -6.1352844748105680E-031  -1.4509920850612190E-031  -5.8622204272162466E-032  -2.0528882936344504E-031  -9.4963859826667367E-017  -5.7158989794887473E-017  -8.2400380258667221E-018   5.1236154219979815E-030  -3.7802919206653686E-032  -1.4353001011957472E-031   6.0627896974052894E-030   1.1422165982076499E-031   6.0727951483256729E-030  -5.8190174894287603E-016  -3.4858458535512911E-016
   7.7208555833254018E-018   2.1837671708491299E-017   1.4561266604723770E-017  -3.4082969149112912E-018   3.3854897624552235E-030   3.9176618616178145E-031  -4.1349862991699608E-031   3.7038275705193527E-030  -8.2061683686509506E-031   2.8768219709748367E-030   1.1664797014793566E-016   3.2992717582420161E-016   2.1999403743450262E-016  -2.0484234445066511E-016  -5.6635611483937333E-016   2.0085367602130235E-016   5.6809463550522575E-016   3.7880308646131498E-016  -4.3823164346683760E-030  -1.2380636989636165E-031   7.1935910782876087E-031   1.1470526618454569E-029  -1.7225398990515242E-031   1.0823081032837045E-029  -3.7343871434947172E-016  -2.1134122595247667E-031   1.2650189527347186E-031   3.7625869400630214E-031   3.8986566785253416E-031   4.0010256040932723E-032   2.2938671798249021E-031   3.2245909506408550E-030   6.3623536703199945E-031   5.9783139071214453E-031   2.2329343231762388E-030   2.3272676009454723E-016   6.5824448208855846E-016   4.3891462069436160E-016  -1.0690740139969936E-029   1.1328602143055057E-031   2.2213282675909751E-031  -1.2540700361348382E-029  -1.9220358668917665E-031  -1.2680713475963090E-029   1.0801072715151697E-015   6.3623890665607656E-016
   7.1266418025995315E-003   2.4121305757725529E-016  -5.8258573181756429E-017  -1.0462924838290614E-015   1.1630288877166511E-016  -2.0691213193195460E-017  -2.6000186813459331E-017  -7.2962016502367205E-017  -4.7598056543620689E-017   1.1664797014793566E-016  0.10767048952970279       -5.1382642060261515E-016   1.3277382620369213E-016   1.5443013700138648E-015  -7.5119241211156010E-016  0.18539554176234133       -1.8453742133197898E-016  -1.4417065450899884E-016   4.0223148949261590E-017  -1.0189554579337522E-017  -1.7659785931578732E-017   1.8832264909800135E-017  -5.7394167900151983E-017   5.4927345281456699E-017   4.5002286751913524E-016   6.6404507100645903E-017  -2.5987041575565919E-018   2.1507148418219231E-017  -1.3884702877055638E-016   3.7051996710043383E-017  -8.5613674366483227E-017   4.7521417182900057E-017   1.3403176693631121E-017   7.7792623664627142E-018   1.9723993189861979E-017  0.21481560420007900       -3.4285564364249183E-016   5.9808996405626159E-017   9.9132320425405788E-019   8.7090004866842153E-018  -9.4876548326647444E-018   6.7725154308923829E-018   1.1804725434834746E-018   9.2175315060376345E-018   5.2815041114832543E-016   3.7610803553981897E-016
   3.7586617195821677E-016   7.1266418025989356E-003  -6.5019925450614120E-017  -8.9460326341410439E-016   3.6820918142937452E-016   3.6959628914819725E-018   8.3174743214475648E-017   3.2927549028171818E-016  -2.8649391812834167E-017   3.2992717582420161E-016  -5.1382642060261515E-016  0.10767048952970572        7.5306875897222010E-016  -2.0564849714428879E-016  -2.1326398796997255E-015  -5.3565657723572493E-016  0.18539554176234171        3.0976277225405863E-016   8.7267151074659429E-016  -4.7751602062836848E-017   3.6623696889969151E-018   8.8937040496322589E-016   3.3092057381608317E-018   8.6862738501685466E-016   7.0987633095178384E-016   1.0950714387719341E-017  -9.4938627048270686E-019   7.1364260281102276E-017  -1.8365124631643360E-017  -3.6260696703453117E-018   1.0530361076110651E-017   6.9959851844733107E-016   6.8893626827595866E-017   1.5080971564275709E-016   1.6673631434497381E-016  -7.4226908889473093E-016  0.21481560420008203        8.6453829483088938E-016   2.9760300742073673E-016   1.2976011087668857E-017  -3.6879356031466586E-018   3.0970637556779474E-016  -1.2136184136696932E-018   2.9818609146828800E-016  -1.0328726511007109E-015  -8.0382588497648015E-016
   1.3810078111593262E-016  -1.6413866214712660E-016   7.1266418025991811E-003  -7.4095545529113202E-016  -1.6020727743747384E-016   6.2378936604644077E-017  -2.3628926946741630E-018   1.7483904295709125E-016  -4.1300953498817056E-018   2.1999403743450262E-016   1.3277382620369213E-016   7.5306875897222010E-016  0.10767048952970586        1.0067390254000815E-015  -1.3081530751289468E-015   3.0193901126458112E-016   4.2838126618754878E-016  0.18539554176234099        1.4159339807379379E-016   5.7431300044588690E-017   1.2185249743281993E-017   1.2083009857515646E-016  -3.3188352701103427E-017   1.1233708472013163E-016   6.8921028573241087E-016  -5.1649781816352057E-017   6.9419958908046714E-017  -6.2340731719796606E-017   7.2722022676146906E-018   3.5204920962286828E-018  -8.5389590192726844E-018   1.4279140912162208E-016   1.0153535886490801E-016   4.0156513082181623E-017   7.0866313354111899E-016   3.8904505611705750E-016   8.6599236805700696E-016  0.21481560420008064       -6.3298511829868932E-017   8.0549968056628611E-019  -1.2871641043886294E-017  -5.1229119071175591E-017   1.2414636486051639E-017  -7.2212346411736494E-017   2.3568948111265583E-015   1.5806201481741781E-015
   1.5987205205532162E-016  -7.7135449409597616E-017   1.2005822177659068E-016   8.7526034549409795E-004  -3.2297554777650905E-016  -1.0026771555486825E-016   2.0192751918376656E-017  -3.2274341996439608E-017   9.2796481224325491E-017  -2.0484234445066511E-016   1.5443013700138648E-015  -2.0564849714428879E-016   1.0067390254000815E-015   8.3186694998805946E-002  0.22126713933631842        2.4635261364752057E-015  -4.3676191368559382E-016   1.7761401052705084E-015   5.6360057172151402E-015   9.9124041421786846E-017  -2.7282107241893364E-017  -3.9980037334203845E-016  -2.0181948710374401E-017  -6.3024402421786465E-016  0.15929851023855215       -3.8873749978890680E-017  -3.0887716672937445E-017   8.4202951178893142E-018  -2.7262797015579885E-017   3.1087358639906016E-017  -1.4963926400823089E-016  -5.8823953525901938E-017   7.3802729468170269E-018  -4.3546168222450582E-017  -6.4582090305091178E-017   2.9216804711245501E-015  -5.2067283863652129E-016   2.0952090294836110E-015   4.6498678836413823E-015  -1.7489712177773762E-017  -1.2694727668914406E-017   5.1526570028275032E-015   2.4457336757422112E-017   5.2581925822532927E-015 -0.10462955095610060       -4.0659371819538610E-002
   1.0966786991339477E-016  -3.3482972741802977E-016   7.3147232131531670E-017   2.3623845445258709E-003  -9.0459647920580915E-016  -2.6748068498055225E-016   6.9737913787265351E-017  -1.4980844070284040E-016   2.5898780010911420E-016  -5.6635611483937333E-016  -7.5119241211156010E-016  -2.1326398796997255E-015  -1.3081530751289468E-015  0.22126713933631842       0.58913376534086981       -1.7675357222111681E-015  -3.9576623468630608E-015  -1.9648551117134692E-015   1.4813545972655353E-014   2.5927177705620657E-016  -8.9950715754830586E-017  -1.2685002785984341E-015  -5.0887482656182814E-017  -1.8493499619218572E-015  0.42320072979658513       -9.4997176095402657E-017  -7.9813186731304588E-017   1.4668749759619960E-017  -8.6598362859056331E-017   8.0490217053964572E-017  -3.9634964036969171E-016  -1.7268753980684046E-016   1.3573677258461739E-017  -1.1413134338837669E-016  -1.7434438694305618E-016  -1.8873387973196154E-015  -4.5893919268858500E-015  -2.2525190025372705E-015   1.2368786463773399E-014  -4.7050915739474789E-017  -4.0300500608117161E-017   1.3724754780944438E-014   6.9293041754521669E-017   1.4000120205056471E-014 -0.30081121920068649      -0.12282134479470784     
   1.2271213994755725E-002   4.3844564990400327E-016  -9.5461319016348665E-017  -1.8009580436086414E-015   2.0025948768812579E-016  -3.5627762968555165E-017  -4.4769172511967149E-017  -1.2563175515049596E-016  -8.1958088221607472E-017   2.0085367602130235E-016  0.18539554176234133       -5.3565657723572493E-016   3.0193901126458112E-016   2.4635261364752057E-015  -1.7675357222111681E-015  0.31922866753447854        2.8333816774287811E-016  -1.2200662572250750E-016   6.9259390603735430E-017  -1.7545178811805806E-017  -3.0408012394974280E-017   3.2426879183082442E-017  -9.8825805458161575E-017   9.4578235693937468E-017   3.5997823598708869E-016   1.1434051821589739E-016  -4.4746538004483686E-018   3.7032704598773228E-017  -2.3907776618687647E-016   6.3799050542441744E-017  -1.4741637760511991E-016   8.1826124525120339E-017   2.3078646853988780E-017   1.3394947559367806E-017   3.3962327273923288E-017  0.36988645165109674        1.0611911107517684E-016   2.4925920883168051E-016   1.7069384871932640E-018   1.4995843991142070E-017  -1.6336592463163158E-017   1.1661451274972562E-017   2.0326307393108221E-018   1.5871472812434416E-017  -6.0938609623412737E-016  -4.0715982220856641E-016
   6.9354237158014449E-016   1.2271213994754393E-002  -1.6942970639171250E-016  -1.5450943801747877E-015   6.3401161238460141E-016   6.3640004386783766E-018   1.4321683356828053E-016   5.6697251193418297E-016  -4.9330782645292672E-017   5.6809463550522575E-016  -1.8453742133197898E-016  0.18539554176234171        4.2838126618754878E-016  -4.3676191368559382E-016  -3.9576623468630608E-015   2.8333816774287811E-016  0.31922866753447121       -9.6175508963042416E-016   1.5026346422507037E-015  -8.2222475008037636E-017   6.3061570128593308E-018   1.5313881154971616E-015   5.6980514652538082E-018   1.4956711475745457E-015   1.1215130535089495E-015   1.8855803809044322E-017  -1.6347281667127248E-018   1.2288061246005226E-016  -3.1622520204823709E-017  -6.2436527774506567E-018   1.8132006320264091E-017   1.2046239123663541E-015   1.1862648089986481E-016   2.5967606404259677E-016   2.8709973795478523E-016   1.1890366169240116E-016  0.36988645165109268       -2.4376478844715760E-016   5.1243633266520016E-016   2.2343119419447014E-017  -6.3501784204415835E-018   5.3327686663670714E-016  -2.0897039130952764E-018   5.1344033277108540E-016   8.3694284621541765E-016   2.9338925838979098E-016
   2.1311772469391880E-016  -3.4795107621582050E-016   1.2271213994754754E-002  -1.2652359884640566E-015  -2.7585752720663004E-016   1.0740897340478805E-016  -4.0686150231915959E-018   3.0105165521044470E-016  -7.1115239492781498E-018   3.7880308646131498E-016  -1.4417065450899884E-016   3.0976277225405863E-016  0.18539554176234099        1.7761401052705084E-015  -1.9648551117134692E-015  -1.2200662572250750E-016  -9.6175508963042416E-016  0.31922866753446838        2.4380668148270195E-016   9.8889742513378194E-017   2.0981524162582774E-017   2.0805479462736454E-016  -5.7146323529280846E-017   1.9343085345533187E-016   1.1159260017028475E-015  -8.8934668390331672E-017   1.1953276099228677E-016  -1.0734318922051571E-016   1.2521851485010639E-017   6.0618609825323106E-018  -1.4703053179930553E-017   2.4586951140225117E-016   1.7483158985359258E-016   6.9144651711679046E-017   1.2202320816383552E-015  -7.3878213659519866E-017  -4.7791292949981907E-016  0.36988645165108841       -1.0899237056232391E-016   1.3869728866305944E-018  -2.2163406845508052E-017  -8.8210338094423920E-017   2.1376500349979358E-017  -1.2434091405556059E-016  -2.6581532191635576E-015  -1.6423107285660825E-015
   2.6623448633575362E-018   5.7761576970524671E-017   9.3719777265996018E-018   4.8949628287248990E-017  -5.3259357916680975E-030  -6.4535855148461768E-030  -2.8082440149701695E-030   1.9990837867144080E-029   2.3614468609394978E-030  -4.3823164346683760E-030   4.0223148949261590E-017   8.7267151074659429E-016   1.4159339807379379E-016   5.6360057172151402E-015   1.4813545972655353E-014   6.9259390603735430E-017   1.5026346422507037E-015   2.4380668148270195E-016   4.4272288824839668E-028   7.7245851884701585E-030   3.4376181673581144E-030   4.2186451896314839E-029  -2.2490032270503468E-030   1.6717653829254259E-029   1.0948176251433714E-014  -5.1242885373095344E-030  -2.7177436582352974E-030   3.4076036538869635E-030   2.2123086505064896E-030   2.7589082715831790E-030  -1.0601316614321101E-029   6.7869014947388654E-030   3.0251506160661394E-030  -2.1843421640833157E-030  -1.3110993705067046E-030   8.0250030273891389E-017   1.7410848475571232E-015   2.8249589549389670E-016   3.1716236106525458E-028  -9.1541275616964762E-031   1.0617277832680163E-030   3.4572702932322232E-028   3.8437892380007591E-031   3.5437111546968963E-028  -2.9494980250790500E-016   1.6737964481610871E-015
  -6.7444019184990419E-019  -3.1606484273315838E-018   3.8013415325139643E-018   7.8726515079201233E-019  -3.0522452901475762E-031  -8.0070119479078624E-032  -1.3112886908544614E-031   3.9258335560360804E-031   3.4918212424825274E-032  -1.2380636989636165E-031  -1.0189554579337522E-017  -4.7751602062836848E-017   5.7431300044588690E-017   9.9124041421786846E-017   2.5927177705620657E-016  -1.7545178811805806E-017  -8.2222475008037636E-017   9.8889742513378194E-017   7.7245851884701585E-030   2.0359966136155556E-031   1.0365021561024184E-031   7.2091257706305325E-031  -5.8621055055403148E-032   2.0820047604713739E-031   1.9365895200723975E-016  -1.4766268740722748E-031  -1.6591608241703335E-032   7.1863633884759661E-034   9.7677959102202014E-032   5.3415875189313477E-032  -1.9191041824340425E-031  -1.8773971361646353E-031   7.6292157796119345E-032  -1.1073882197026371E-031   2.4434398673300855E-031  -2.0329389538869766E-017  -9.5270201644436079E-017   1.1458236581780014E-016   5.3698960458235324E-030  -2.3036084384618189E-032   2.9258865815668707E-032   5.8308030671256247E-030   4.5827356263319583E-033   5.9901124251478775E-030   4.3150876151374081E-017   6.0947186888060404E-017
  -1.1688900941631453E-018   2.4240994014473285E-019   8.0653399622157742E-019  -1.3002145112359299E-018   1.4260994350385406E-030   6.6507707128581931E-032  -4.7333550897982727E-031   1.9433347958529231E-030  -3.8333311270070284E-031   7.1935910782876087E-031  -1.7659785931578732E-017   3.6623696889969151E-018   1.2185249743281993E-017  -2.7282107241893364E-017  -8.9950715754830586E-017  -3.0408012394974280E-017   6.3061570128593308E-018   2.0981524162582774E-017   3.4376181673581144E-030   1.0365021561024184E-031   5.2694823106718637E-031   6.2310403308466268E-030  -7.0166847877174778E-032   5.3504977456331926E-030  -3.7022877080295450E-017  -2.5187285743180737E-031  -5.0892607221197046E-032   2.1741845804615101E-031   4.4798419781763702E-031   4.8961574922104641E-032   1.3057754048267340E-032   5.3075566592930593E-031   1.8817248344799016E-031  -2.7444155707154674E-032   1.7955362360638827E-031  -3.5233401478031873E-017   7.3068689571528063E-018   2.4311041933262621E-017  -1.5418978381129286E-030   2.0507202929073590E-032   1.9718638116976997E-031  -2.2557013598439628E-030  -1.3210326628031474E-031  -2.1354951783609972E-030   6.9933872976099287E-016   4.4682669789762742E-016
   1.2464957383416512E-018   5.8866866248040290E-017   7.9976680265721206E-018  -1.6159097831135248E-017   2.0299888682191554E-029   8.5067043013165426E-031  -5.0036830840018934E-030   2.5352839340208007E-029  -4.9339301071713285E-030   1.1470526618454569E-029   1.8832264909800135E-017   8.8937040496322589E-016   1.2083009857515646E-016  -3.9980037334203845E-016  -1.2685002785984341E-015   3.2426879183082442E-017   1.5313881154971616E-015   2.0805479462736454E-016   4.2186451896314839E-029   7.2091257706305325E-031   6.2310403308466268E-030   8.0887281493553157E-029  -8.9688791368999924E-031   7.0630159555614450E-029  -5.8603173630113787E-016  -2.6978265697210521E-030  -5.9917496645078014E-031   3.1765426305991478E-030   4.8717101276548907E-030   5.9741213504011354E-031   1.9819960042427093E-031   1.1884476417917969E-029   2.7610915906595024E-030   9.1008926778711581E-031   3.3798522242594104E-030   3.7572638359164084E-017   1.7744011542469922E-015   2.4107061038123121E-016  -2.0192734324235449E-029   3.7849641340560298E-031   2.2918951448888291E-030  -2.8980032791207375E-029  -1.5910640455096922E-030  -2.7741725556752047E-029   8.3483235846667679E-015   5.3094316289705591E-015
  -3.7988837792903612E-018   2.1903424095096191E-019  -2.1967161359828563E-018  -4.9491899345834586E-020  -1.3911136772967364E-031   1.2537222530387253E-032   8.8361724481675221E-032  -3.0081455532077254E-031   6.0999489117972744E-032  -1.7225398990515242E-031  -5.7394167900151983E-017   3.3092057381608317E-018  -3.3188352701103427E-017  -2.0181948710374401E-017  -5.0887482656182814E-017  -9.8825805458161575E-017   5.6980514652538082E-018  -5.7146323529280846E-017  -2.2490032270503468E-030  -5.8621055055403148E-032  -7.0166847877174778E-032  -8.9688791368999924E-031   5.9092228968787943E-032  -7.0577342858954367E-031  -4.1094083275801212E-017   3.0195937389150310E-032  -1.4133568671880455E-033  -2.8800590546861003E-032   1.0941988612587080E-032  -3.8930930636725806E-032   9.2845347715695503E-032  -1.1061507080227412E-031  -6.6880462648334687E-032   6.7321295501705611E-033  -2.2033322926415815E-031  -1.1450828271409217E-016   6.6022643081717973E-018  -6.6214763850645192E-017  -1.0968078057458869E-030  -2.7669846802360083E-033  -1.9039111224598933E-032  -1.1368550769753379E-030   9.7061558463330279E-033  -1.1830431443917404E-030  -8.1511520776028729E-017  -5.9814945925519324E-017
   3.6356063457925705E-018   5.7493898838792260E-017   7.4355207953896426E-018  -1.6712605678753962E-017   1.8691562486744555E-029   1.0733033370147625E-030  -4.2096286730538816E-030   2.1850429072021373E-029  -4.5376064358780563E-030   1.0823081032837045E-029   5.4927345281456699E-017   8.6862738501685466E-016   1.1233708472013163E-016  -6.3024402421786465E-016  -1.8493499619218572E-015   9.4578235693937468E-017   1.4956711475745457E-015   1.9343085345533187E-016   1.6717653829254259E-029   2.0820047604713739E-031   5.3504977456331926E-030   7.0630159555614450E-029  -7.0577342858954367E-031   6.2779956040126785E-029  -1.0554308800096994E-015  -2.1074233916597209E-030  -3.9183871646899348E-031   2.7298993524260588E-030   4.1352385856030380E-030   4.0416763325902325E-031   6.7400383960237476E-031   1.1032130662651329E-029   2.3933554717863338E-030   1.0936777766103824E-030   3.3374766146910164E-030   1.0958667426218693E-016   1.7330163292854149E-015   2.2412602407243825E-016  -3.3089393720714876E-029   3.9836805889262519E-031   1.9690787708491809E-030  -4.2255593331379332E-029  -1.4278459276801029E-030  -4.1596718509687919E-029   7.4099823104094552E-015   4.6214806696874022E-015
   1.3491371111720703E-016  -5.3025978932218560E-017   1.3247959565400564E-016   1.6460553420575346E-003  -5.7862646582139840E-016  -1.9132488911009812E-016   2.4634359977894386E-017  -5.7979066432315221E-018   1.6705364719898101E-016  -3.7343871434947172E-016   4.5002286751913524E-016   7.0987633095178384E-016   6.8921028573241087E-016  0.15929851023855215       0.42320072979658513        3.5997823598708869E-016   1.1215130535089495E-015   1.1159260017028475E-015   1.0948176251433714E-014   1.9365895200723975E-016  -3.7022877080295450E-017  -5.8603173630113787E-016  -4.1094083275801212E-017  -1.0554308800096994E-015  0.30550005692419174       -8.1798710406235846E-017  -6.1201457350987168E-017   2.2891393347725234E-017  -3.9876269187904621E-017   6.1455918709977031E-017  -2.8801753924578714E-016  -9.8440481292357445E-017   1.9436426793876395E-017  -8.4874286359592554E-017  -1.2142707695493648E-016   5.6169502780205291E-016   1.2407493514815833E-015   1.4298234975364907E-015   8.9036886078035844E-015  -3.3027645432231394E-017  -1.8588600692806767E-017   9.8502135514294094E-015   4.3122650678083697E-017   1.0056991147541183E-014 -0.18065192171912101       -6.5013790393653376E-002
   4.3952724488536189E-018   7.2482087956241229E-019  -3.4186664869390098E-018   8.0713780927606521E-020  -3.1310205542445984E-031  -6.5917040601063726E-033   2.1301467291567755E-031  -9.9376336143242590E-031   1.0000400135532817E-031  -2.1134122595247667E-031   6.6404507100645903E-017   1.0950714387719341E-017  -5.1649781816352057E-017  -3.8873749978890680E-017  -9.4997176095402657E-017   1.1434051821589739E-016   1.8855803809044322E-017  -8.8934668390331672E-017  -5.1242885373095344E-030  -1.4766268740722748E-031  -2.5187285743180737E-031  -2.6978265697210521E-030   3.0195937389150310E-032  -2.1074233916597209E-030  -8.1798710406235846E-017   2.0501009953097911E-031   1.2918126740867771E-032  -6.3877240755118806E-032  -2.7936379678671771E-031  -2.5132664452693344E-032   4.6197029205726759E-032  -1.7222560037443452E-031  -1.2338440147743336E-031   4.5450583725854439E-032  -3.1725342661779309E-031   1.3248499544063623E-016   2.1847995099636578E-017  -1.0304754010262690E-016  -2.1021449495776529E-030   6.9046044576896086E-033  -8.7433150527503281E-032  -2.0723703773755867E-030   4.3763030386714771E-032  -2.1876509669455550E-030  -2.7255674140846626E-016  -1.9053538494233193E-016
  -1.7200658938876711E-019  -6.2839278539664333E-020   4.5948633023751086E-018  -1.8833710391347594E-019  -1.7081417360739108E-031   7.4807085208926149E-032   5.4742557583155999E-032  -1.3132230903741998E-031   1.2739193491866557E-032   1.2650189527347186E-031  -2.5987041575565919E-018  -9.4938627048270686E-019   6.9419958908046714E-017  -3.0887716672937445E-017  -7.9813186731304588E-017  -4.4746538004483686E-018  -1.6347281667127248E-018   1.1953276099228677E-016  -2.7177436582352974E-030  -1.6591608241703335E-032  -5.0892607221197046E-032  -5.9917496645078014E-031  -1.4133568671880455E-033  -3.9183871646899348E-031  -6.1201457350987168E-017   1.2918126740867771E-032   6.5641352132656046E-032  -7.5265886950566656E-032  -3.7793821672473029E-032  -1.8896902715255482E-032   5.8699968045848686E-032   4.1943226007541179E-032   3.7655876869734665E-032   4.7302701550100150E-032   4.6872507562991729E-031  -5.1847280176872037E-018  -1.8941400397069573E-018   1.3850118525060273E-016  -1.7673243379798392E-030   4.5756266013622753E-033  -2.9361658627091942E-032  -1.8723306261355185E-030   1.5798977408207463E-032  -1.9463114816515052E-030  -5.0846910209198404E-017  -4.3371040974147137E-017
   1.4235445909226926E-018   4.7235553841388566E-018  -4.1262937191010183E-018  -3.6183380622096054E-019   9.2524212878064891E-031  -3.7704598127810430E-032  -1.5717799145650949E-031   9.3933346716522769E-031  -1.7643312689555210E-031   3.7625869400630214E-031   2.1507148418219231E-017   7.1364260281102276E-017  -6.2340731719796606E-017   8.4202951178893142E-018   1.4668749759619960E-017   3.7032704598773228E-017   1.2288061246005226E-016  -1.0734318922051571E-016   3.4076036538869635E-030   7.1863633884759661E-034   2.1741845804615101E-031   3.1765426305991478E-030  -2.8800590546861003E-032   2.7298993524260588E-030   2.2891393347725234E-017  -6.3877240755118806E-032  -7.5265886950566656E-032   1.9005652820194832E-031   1.3809876402291079E-031   3.4985496061222526E-032  -4.2309814929370969E-032   5.9764478983065515E-031   6.9858919830832862E-032   5.1568666932075710E-032  -2.6872621208147784E-031   4.2909353363773550E-017   1.4238030083765432E-016  -1.2437727374657041E-016   6.9600306482219907E-031   1.5068685694470567E-032   8.7653366440945613E-032   5.0468428935971736E-031  -6.0965344383643710E-032   5.9060548521853484E-031   2.8506404890889315E-016   1.8860518687162851E-016
  -9.1901972743426275E-018  -1.2155760179178275E-018   4.8134248208284420E-019  -1.1076189070974553E-018   9.7172317784694300E-031   8.1794645838482186E-032  -3.7105307962072503E-031   1.5912477412509450E-030  -2.5546672176020034E-031   3.8986566785253416E-031  -1.3884702877055638E-016  -1.8365124631643360E-017   7.2722022676146906E-018  -2.7262797015579885E-017  -8.6598362859056331E-017  -2.3907776618687647E-016  -3.1622520204823709E-017   1.2521851485010639E-017   2.2123086505064896E-030   9.7677959102202014E-032   4.4798419781763702E-031   4.8717101276548907E-030   1.0941988612587080E-032   4.1352385856030380E-030  -3.9876269187904621E-017  -2.7936379678671771E-031  -3.7793821672473029E-032   1.3809876402291079E-031   5.2867177176099039E-031  -4.4887436144931514E-033   1.1701041373052517E-031   2.3659761439945392E-031   1.2037819870292601E-031  -5.9377294488974758E-032   7.6508852014071468E-032  -2.7701655771245236E-016  -3.6640637199553466E-017   1.4508920046765053E-017  -1.5961869441410122E-030   5.0343329814990201E-033   1.7254531338857077E-031  -2.2150163394423925E-030  -1.0995992074855398E-031  -2.1242236404582670E-030   5.7303097389261953E-016   3.6450015065015370E-016
   2.4524482964362279E-018  -2.4000726480093354E-019   2.3301915174978660E-019   1.9894733516179341E-019   7.1780900418058008E-032  -3.9761204522186331E-032  -6.4171768365104181E-032   1.9647589373191046E-031  -2.6310245567992186E-032   4.0010256040932723E-032   3.7051996710043383E-017  -3.6260696703453117E-018   3.5204920962286828E-018   3.1087358639906016E-017   8.0490217053964572E-017   6.3799050542441744E-017  -6.2436527774506567E-018   6.0618609825323106E-018   2.7589082715831790E-030   5.3415875189313477E-032   4.8961574922104641E-032   5.9741213504011354E-031  -3.8930930636725806E-032   4.0416763325902325E-031   6.1455918709977031E-017  -2.5132664452693344E-032  -1.8896902715255482E-032   3.4985496061222526E-032  -4.4887436144931514E-033   3.2821131402344992E-032  -9.2271239077459996E-032   3.6099573664227154E-032   3.1004238768458120E-032  -2.3701909499132852E-032   9.7875746498803538E-033   7.3923199335799078E-017  -7.2344460446785761E-018   7.0238060589877041E-018   1.7234387907905889E-030  -1.9681493496515151E-033   1.6110747910016155E-032   1.8437809314475267E-030  -5.8487734257860471E-033   1.9037451486085835E-030   4.5010188423922410E-017   3.9632510066576089E-017
  -5.6667151164573465E-018   6.9699795895094404E-019  -5.6518831263083508E-019  -1.4768976168604598E-018   4.0772940814946595E-031   1.9001330129196503E-031   3.8267378675111303E-032  -4.7550121264192564E-032  -9.6960861311021363E-032   2.2938671798249021E-031  -8.5613674366483227E-017   1.0530361076110651E-017  -8.5389590192726844E-018  -1.4963926400823089E-016  -3.9634964036969171E-016  -1.4741637760511991E-016   1.8132006320264091E-017  -1.4703053179930553E-017  -1.0601316614321101E-029  -1.9191041824340425E-031   1.3057754048267340E-032   1.9819960042427093E-031   9.2845347715695503E-032   6.7400383960237476E-031  -2.8801753924578714E-016   4.6197029205726759E-032   5.8699968045848686E-032  -4.2309814929370969E-032   1.1701041373052517E-031  -9.2271239077459996E-032   3.4372047886641871E-031   7.8976227575118546E-032  -4.2478795341672433E-032   8.8537788237783906E-032   5.3302483025357299E-032  -1.7080959942836837E-016   2.1009339577541289E-017  -1.7036252449271910E-017  -8.3291162418564738E-030   2.4232893493436513E-032   1.2452132029569925E-032  -9.1849903915751543E-030  -3.3976694896471151E-032  -9.3914500714317407E-030   1.2417938019992838E-016   3.1400644033846277E-017
   3.1454126352911451E-018   4.6305984753859044E-017   9.4512733223646771E-018  -1.5644255917053672E-018   3.7147698568639875E-030   1.9001706070368519E-031   6.9631792804038038E-032   4.1255778576623759E-030  -6.1352844748105680E-031   3.2245909506408550E-030   4.7521417182900057E-017   6.9959851844733107E-016   1.4279140912162208E-016  -5.8823953525901938E-017  -1.7268753980684046E-016   8.1826124525120339E-017   1.2046239123663541E-015   2.4586951140225117E-016   6.7869014947388654E-030  -1.8773971361646353E-031   5.3075566592930593E-031   1.1884476417917969E-029  -1.1061507080227412E-031   1.1032130662651329E-029  -9.8440481292357445E-017  -1.7222560037443452E-031   4.1943226007541179E-032   5.9764478983065515E-031   2.3659761439945392E-031   3.6099573664227154E-032   7.8976227575118546E-032   5.2449346846850774E-030   7.5000018184766170E-031   1.0206042375348258E-030   2.1482568777300379E-030   9.4810955064643448E-017   1.3957833673291043E-015   2.8488607193133019E-016  -1.4562719153642285E-030   1.1621320176925060E-031   1.4391329376806595E-031  -2.2276340252898456E-030  -1.2508267540776666E-031  -2.2564293298851748E-030   6.9459950993554432E-016   4.3329409431057170E-016
   8.8714781301466813E-019   4.5600257138864968E-018   6.7205613728439018E-018  -2.7536960309667530E-019   5.3894280518363951E-031   5.7747638420889729E-032  -1.1545162628250354E-031   1.0220926877694741E-030  -1.4509920850612190E-031   6.3623536703199945E-031   1.3403176693631121E-017   6.8893626827595866E-017   1.0153535886490801E-016   7.3802729468170269E-018   1.3573677258461739E-017   2.3078646853988780E-017   1.1862648089986481E-016   1.7483158985359258E-016   3.0251506160661394E-030   7.6292157796119345E-032   1.8817248344799016E-031   2.7610915906595024E-030  -6.6880462648334687E-032   2.3933554717863338E-030   1.9436426793876395E-017  -1.2338440147743336E-031   3.7655876869734665E-032   6.9858919830832862E-032   1.2037819870292601E-031   3.1004238768458120E-032  -4.2478795341672433E-032   7.5000018184766170E-031   2.0451012557270840E-031   1.1400487236372234E-031   7.9808515325520379E-031   2.6740952996675071E-017   1.3745108931098425E-016   2.0257527905284917E-016   5.3651962730046399E-031   1.4053822009286281E-032   5.0459950940287894E-032   4.0942433921390454E-031  -3.0394913020146773E-032   4.4698067225974674E-031   2.2243571907040700E-016   1.4743694485711004E-016
