   1.7654523226190051E-004  -1.5336253667746938E-015   2.9018370967400850E-018   7.0254306869627225E-017  -1.5729417961474997E-015  -8.6041922322729923E-018  -1.2724106768712212E-015  -2.3920309048890548E-016   7.1315888440756769E-017   1.7168782032332635E-015   9.0499541004354957E-003  -2.8965706774227105E-015   3.1340101646757927E-017  -2.6368122501788151E-016  -2.7201204223896486E-015   8.9480401371323248E-017  -3.9782485626320697E-015   1.1548003833086158E-002  -5.7204088205873479E-017   4.2207418244824633E-017   6.5095517511040031E-016   3.2452518377130431E-019   1.5924090722919532E-018  -7.4771745290225162E-019  -3.6357167373997212E-019   1.4011837508415871E-025  -3.6346774004289388E-019  -2.3775310627954979E-018  -7.4802522204557144E-019   1.5926970211008813E-018   1.1543388402037697E-018  -1.1619613403288112E-015  -1.3761794619951632E-017   1.6668383168834403E-016  -1.3700578475424068E-015  -6.2953940954216959E-017  -5.1040749833566166E-016   2.7047135440004559E-015   3.7840152194804523E-016  -2.5547901689370038E-015   4.5807082776705653E-015   9.1662014725317633E-016  -8.5686813739430778E-015   7.1121996660816904E-016   3.7772565105450712E-016   4.7764405265870019E-018  -2.4006230904039931E-003   1.2626874858520777E-014   1.6632812133688521E-015  -1.1080101183686542E-014   2.0550293516386981E-014   3.9374695151502494E-015  -3.6235453068092665E-014   2.0050096766289803E-015   6.6314238897084026E-016  -1.1866760559515320E-016   1.6996407778466769E-004   3.0222303195672796E-004   2.3051824202399743E-015  -8.4996046079307881E-015  -7.1120161207016705E-016  -5.9575579304645240E-004
  -1.5336253667746938E-015   6.0776176002696055E-005  -8.1690695439218872E-018  -1.8460268519341330E-017  -3.0388088001336437E-005  -6.3039930792178698E-018  -3.0388088001349915E-005   4.3261067924680315E-017   7.0552933600747107E-017  -4.0668826140621874E-016  -7.9153301574000452E-014  -2.4071302290571401E-004   4.1504309392682475E-017  -2.0132473477801118E-017   1.2035651145281497E-004   6.0346855709730831E-017   1.2035651145292383E-004  -1.0048139961928515E-013  -1.8338800478817825E-017  -1.6002901013472528E-017  -1.5845645514129242E-016   2.6695545790764829E-018  -1.2560276607490012E-017  -2.3060713373604548E-018  -9.7773116028854284E-019   1.4067295264852488E-018  -4.5768033948570094E-018  -1.2215798549686081E-018  -6.8297437313840703E-019   2.1709448459723635E-018   1.0734732058339444E-018   1.5629564881542565E-004  -3.5108646296961329E-017   2.5600527135665669E-017  -7.8147824407643723E-005  -5.0074149313214810E-017  -7.8147824407756372E-005  -2.3140621789023309E-003   3.4148916443167039E-016  -3.2324526919656261E-016   1.1570310894507443E-003   2.8408770366852912E-016   1.1570310894516091E-003  -4.6457065263538693E-016  -8.0113109208172856E-016   4.8469087476970524E-017   3.4581423709621751E-014  -9.9845292151720094E-003   1.3954893978009653E-015  -1.3451775366315852E-015   4.9922646075843151E-003   1.1473410671648712E-015   4.9922646075878227E-003  -1.1926331791979545E-015  -2.1775207480437533E-015   1.3976703050930807E-016   1.5889562733875368E-014  -9.3905376843143554E-015   8.8153253624143651E-016  -8.9405545732385880E-016  -1.1308971815985748E-016  -1.1713472228505412E-016
   2.9018370967400850E-018  -8.1690695439218872E-018   6.0776176002706816E-005  -4.9386799754285590E-017   1.6008262199284998E-017  -8.1483774139995226E-018  -1.7683376403890709E-017   1.2438698663925977E-017  -2.0957706122229320E-017  -1.8848648575374308E-017   7.2363847524448243E-016  -1.3269245403650727E-017  -2.4071302290568238E-004   1.1421313563589004E-016  -2.3585867749410220E-017  -3.0835878653732230E-017   2.1491133143317120E-017   8.2233841766057397E-016  -6.1534933581487813E-018   4.7410602208981883E-017   2.2250941633147327E-017   1.5185662217538832E-018   4.9101843222683147E-018  -5.3297478492750161E-019  -9.9484841565770710E-019  -8.9001223824360869E-019  -2.1190973541750610E-018  -5.9163867898620846E-019   5.1834622675848402E-018   7.3632872921313989E-019   9.9479477803329581E-019  -9.5033250292792545E-018   1.5629564881535654E-004  -6.2894519748263537E-017   3.7625607284496472E-017   2.0264947900450473E-017  -1.4066258428921444E-017   1.9136095552145156E-018  -2.3140621789024753E-003   8.1072913933001394E-016  -8.7341292812899996E-017  -2.0740384391817075E-016   1.0097234174291703E-016  -2.4302492047036521E-018   8.9438274699207559E-016   6.6436289708484260E-016  -1.8550984192367606E-016  -7.1757703072106014E-017  -9.9845292151730745E-003   3.4226320175037524E-015  -3.2592285283947925E-016  -9.1077426103032869E-016   4.0597515251708498E-016  -1.1720924644151689E-016   2.2856266125500965E-015   1.6844947402096982E-015  -2.9256730697938853E-017  -3.3160216591512446E-016  -2.4387285386053763E-015  -2.6806259457297266E-015  -2.0205833119412013E-015  -4.2182120466455795E-016
   7.0254306869627225E-017  -1.8460268519341330E-017  -4.9386799754285590E-017   6.0776176002731773E-005   7.4067861354393349E-019   1.0858916371878990E-017   1.9041131909388672E-017  -8.5428254922878889E-018  -1.1898000550296434E-017   2.3453582644557282E-017  -4.4099020809365208E-017   1.0644062887242047E-016   1.3533655833017069E-016  -2.4071302290579893E-004  -7.9317618537322654E-017  -4.0465385639289580E-017  -5.3043155510195489E-017   7.7004838141625131E-017   2.9473254143848816E-017   2.3233929146506527E-017  -5.9759551566551728E-017  -4.1459879690567305E-018  -5.0612152451975346E-018  -1.9006688700566237E-018  -9.1944692314145040E-019   4.0170512429080560E-018  -1.0511550262512951E-017  -2.3962940275243596E-018   1.7461386798400341E-018   4.5322826114498360E-018  -1.4967830838287288E-018  -6.3232958763675869E-017  -9.0216305326443685E-017   1.5629564881551502E-004   6.8192974012451915E-017   2.5304210981076938E-017   4.4721765283494187E-017   1.0390687398838173E-015   1.1031313558387846E-015  -2.3140621789030061E-003  -5.6171408119687866E-016  -2.7789124076040570E-016  -4.4454138316884308E-016   3.1947067721149633E-016   4.7054754012338393E-016  -1.2748242100481650E-015   3.7366418088566403E-016   4.3987993520521583E-015   4.6351615368644009E-015  -9.9845292151751180E-003  -2.4299449315562412E-015  -1.1977341276916156E-015  -1.9241478627212667E-015   8.0711750640590874E-016   1.2052606932370573E-015  -3.3503138905618432E-015   4.5049811384070438E-016  -2.0390732231734056E-015  -1.4251162807448419E-015  -1.6846960061189638E-015   1.5423378050817908E-015  -5.1715330245298254E-016
  -1.5729417961474997E-015  -3.0388088001336437E-005   1.6008262199284998E-017   7.4067861354393349E-019   6.0776176002601289E-005   1.3178257707277200E-017  -3.0388088001262742E-005   4.9774926467793569E-017   3.2464921355325753E-017  -4.3130443885512387E-016  -7.9143417104111415E-014   1.2035651145281582E-004  -8.6887948826667535E-017   4.5267574000052790E-017  -2.4071302290545163E-004  -5.2710641931910693E-017   1.2035651145263390E-004  -1.0043362588699208E-013   3.1371115611844230E-017   3.1815181228535351E-017  -1.4508819328386992E-016  -2.2937723300376323E-018   6.2377377644209990E-018  -2.5732594637382225E-018  -1.9080252478375730E-018  -7.9530529186479983E-020   3.3158873985107390E-018   8.5595634492792070E-018  -1.6094264758440216E-018   7.5385150344259785E-018  -7.3179590029794821E-018  -7.8147824407620033E-005   8.6055810093501331E-017  -3.0249616152301740E-017   1.5629564881514081E-004   5.5487308577295095E-017  -7.8147824407523526E-005   1.1570310894510666E-003  -5.6643103231777671E-016   5.4135125694363542E-016  -2.3140621789004261E-003  -2.1791648397753913E-016   1.1570310894493570E-003   1.2201580546672872E-016   4.5540378951453201E-016   2.0384674053947334E-017   3.6014500668800504E-014   4.9922646075858832E-003  -2.2837074593046722E-015   2.3065217491089196E-015  -9.9845292151643072E-003  -8.2917579866043654E-016   4.9922646075783780E-003   2.9532047248831879E-016   1.2642915082526711E-015   8.1514285064998648E-017   1.8292858132786640E-014  -1.0706982833792684E-014  -2.2643660065029330E-016   1.5187967470513174E-015  -4.9722255106717464E-016   2.2796078979328756E-015
  -8.6041922322729923E-018  -6.3039930792178698E-018  -8.1483774139995226E-018   1.0858916371878990E-017   1.3178257707277200E-017   6.0776176002711681E-005  -6.7191310404231327E-018   2.0446356671837783E-017  -3.2377695234086244E-017  -4.0719045125763464E-017   9.9885033887143152E-016  -2.1550668847995676E-017   1.7735011137270314E-017  -3.5856396063918794E-017  -1.5513646657234307E-017  -2.4071302290573309E-004   3.7956896324978477E-017   1.1643241847811181E-015   1.5403729085884474E-017   5.9297500007937004E-017   1.6651039008078539E-017  -3.3437407110520003E-018   6.1757062635773861E-019   6.8658239236782603E-019   4.0058806560262630E-018   2.4628510487953967E-018  -1.0450629392170117E-017  -2.5881593837900789E-018   9.9643932036454113E-018   2.7616895822557734E-019   1.3208858495575406E-017   1.6508265169046249E-017   1.3576129307282911E-017   3.5661672371049565E-017   2.4864910246916633E-017   1.5629564881537882E-004  -3.7636413468784663E-017  -3.4809824819076994E-017   4.9488910923477100E-016  -1.4835969675721993E-016  -3.1135967641093926E-016  -2.3140621789025668E-003   3.4634197831379809E-016   2.7808877081841486E-016   1.3851648703255177E-015   9.8396056948211815E-016  -6.5541177451802680E-016  -1.1737737890762792E-016   2.2584362247059418E-015  -5.9696973651374210E-016  -1.3239705183154554E-015  -9.9845292151734457E-003   1.4573153153114770E-015   5.1046780034724226E-016   3.3723328456755438E-015   2.5411041154119781E-015  -5.4266046872672233E-016  -4.8136954090698133E-017  -5.5023483147885406E-015  -7.6735051198278867E-015  -1.8490379813218825E-015   8.2139560606698772E-016
  -1.2724106768712212E-015  -3.0388088001349915E-005  -1.7683376403890709E-017   1.9041131909388672E-017  -3.0388088001262742E-005  -6.7191310404231327E-018   6.0776176002600842E-005   3.9290328828250537E-018   7.5818569576207371E-017  -4.0566347241436647E-016  -8.2028144351554031E-014   1.2035651145285977E-004   8.4372988375419711E-017  -3.0369253145510944E-017   1.2035651145262832E-004  -8.2506468454170573E-018  -2.4071302290551094E-004  -1.0300640883274512E-013   2.9266545751380224E-017   5.2331617326027466E-017  -1.8276419552462538E-016  -3.7578224904678337E-019   6.3225388430288358E-018   4.8793308011245052E-018   2.8857564081320937E-018  -1.3271989972986075E-018   1.2609159963506706E-018  -7.3379835942589374E-018   2.2924008490077438E-018  -9.7094598804335760E-018   6.2444857971395827E-018  -7.8147824407780671E-005  -7.6263060255017379E-017   8.0476393523911025E-018  -7.8147824407491664E-005  -5.0142001284375569E-018   1.5629564881524953E-004   1.1570310894508950E-003   5.9976074316222642E-016  -2.6842387079088835E-016   1.1570310894496016E-003  -7.2077951009321845E-017  -2.3140621789005163E-003   4.3522536804553786E-016   3.2494568134233782E-016  -1.7014960122383451E-016   3.6275982788168805E-014   4.9922646075845319E-003   2.5054563637044235E-015  -1.1784517270494371E-015   4.9922646075796460E-003  -3.4365100758011941E-016  -9.9845292151642586E-003   1.1263187183251759E-015   8.5714167509177662E-016  -4.3921000716581258E-016   1.8320303554751579E-014  -9.4858845300395174E-015  -9.7654709618727825E-016  -4.1541191369273992E-016   3.1443840945993717E-016   1.5524534061197052E-015
  -2.3920309048890548E-016   4.3261067924680315E-017   1.2438698663925977E-017  -8.5428254922878889E-018   4.9774926467793569E-017   2.0446356671837783E-017   3.9290328828250537E-018  0.20978611022751958       -1.3571093169772453E-016  -2.1624212014652093E-016   7.3174596240921044E-016  -1.6850926074903471E-017  -1.9020114186412240E-017   1.0911208718445038E-017  -1.0635564242914444E-016  -6.6071630234283316E-019  -3.8332784692809505E-017   1.3147664912785267E-016   8.0257892849968260E-002  -9.6313162846048606E-017   1.6252937895668650E-016  -4.0483273739343230E-016   4.5302365237625036E-017   2.2291164348781096E-017  -7.4702239610582928E-016   6.6003305782582181E-018  -4.7744956766590837E-016   5.6442175157678505E-017  -4.4331524606186357E-017   2.6547809733847995E-017  -8.1525161337839081E-017  -6.8383102612837010E-017   1.0878963843675423E-017   1.1801928552065708E-017  -1.5111174412686833E-017  -1.3957018141143610E-017  -3.3772213703959613E-017   4.6853437998135739E-016  -1.7579599248011129E-016   5.4156351149719773E-017  -4.2558329070733327E-016   1.5420259208225400E-016   6.9141067429139749E-017  -1.2077505330015656E-002   1.3102452140845658E-015  -3.6568989166013396E-016   2.9732075084127098E-017   1.9136193934049657E-015  -7.9198188953689847E-016   3.0790656506893691E-016  -1.9941220612732895E-015   6.2670881206492378E-016   2.0790685354972842E-016  -4.2628119066350730E-002   3.3594166662444804E-015  -8.9384934057505479E-016   1.8915520218708555E-016   3.6291895917864831E-016   1.6025962838449922E-002  -2.0938285996794217E-015  -1.9737215865132158E-016  -7.1519561618032412E-017
   7.1315888440756769E-017   7.0552933600747107E-017  -2.0957706122229320E-017  -1.1898000550296434E-017   3.2464921355325753E-017  -3.2377695234086244E-017   7.5818569576207371E-017  -1.3571093169772453E-016  0.20978611022752033       -3.5166316791506400E-016  -1.6600645262080316E-015   3.1001923470401460E-016   3.6162850122170392E-017   3.1379677034326503E-017   4.3448736983315125E-016   5.0885697441648129E-017   3.3519426095663382E-016   1.8176375342559999E-016  -7.5411291126526654E-016   8.0257892849967288E-002  -2.2981708016507219E-016   4.4182598073567724E-016  -4.5355047821852425E-016   1.4173855224511928E-017   2.1549149202813819E-016   4.1603044543012034E-017   2.0136758339929680E-016  -5.0373730669654563E-016   1.3821508437206706E-017  -1.8123751407027402E-016   1.6644669204218185E-017   2.4003974552123575E-016  -1.7241936613355416E-017  -2.5712974287971901E-017   1.6762025825123148E-016  -4.8234858479310926E-017   2.1976942394983247E-016  -2.1014542756674208E-016   2.3832738714424143E-016   2.1350064392789738E-016   4.9804386337178724E-016   1.7970565002667517E-016  -3.2656057890590862E-016  -1.2756298539132732E-017  -1.2077505330014298E-002  -1.0023186416182140E-015  -1.9782399438048391E-016  -7.4010408512546901E-016   1.0395315179361230E-015   8.8171343614404312E-016   2.2662294332918281E-015   6.6976359862058648E-016  -1.3080665324002582E-015  -5.3255396613601564E-016  -4.2628119066346871E-002  -2.5634898400861900E-015  -4.9262783964972769E-016   3.9510105312576792E-016  -2.3576184469630065E-016   1.6025962838441116E-002   1.2852479042058081E-015  -6.8642788679807845E-016
   1.7168782032332635E-015  -4.0668826140621874E-016  -1.8848648575374308E-017   2.3453582644557282E-017  -4.3130443885512387E-016  -4.0719045125763464E-017  -4.0566347241436647E-016  -2.1624212014652093E-016  -3.5166316791506400E-016  0.20978611022752158       -1.0315496324590958E-015   4.4671375580784426E-017  -2.1731657764751006E-018  -3.7000958003039445E-017   1.8071337072020281E-016   3.6783314653274842E-017   5.4835958082230213E-017   7.4721290497539330E-017  -1.6128818066120966E-016  -6.8004134358609981E-016   8.0257892849971216E-002   1.3298645715822642E-016   1.4592814244331273E-016  -1.4276806654418627E-015   5.3749243358597780E-017   1.2110721243999555E-017   1.2217840975971754E-016   3.3301157884087197E-016  -1.4305324954318601E-015   1.7396698103643442E-016  -3.4572130024243982E-015   1.6567789989823679E-016   2.2484022557525397E-018   2.6100955142682352E-017   9.8799990927567107E-017  -2.2091010294210363E-017   1.4879916854651168E-016  -4.0759755115689479E-016  -1.4589870015891154E-016  -1.1081341989983257E-016   8.6127628739859444E-016   5.7458568003657391E-017  -1.8871691773790697E-016  -1.1595300036249896E-016   1.8101031437679823E-016  -1.2077505330011650E-002   4.1610830558786001E-016  -2.3251128305723102E-015  -6.5396652850920740E-016  -4.3149048408475786E-016   3.2862930444689797E-015   2.3110203448869845E-016  -1.3623777436160775E-015  -4.8092264931966688E-016   4.7376070340649994E-017  -4.2628119066336401E-002   1.8900521375094245E-016  -7.4028283440327061E-017  -2.0485282718085927E-016  -1.5559757807138541E-015   1.6025962838443177E-002   1.1693604390023243E-016
   9.0499541004354957E-003  -7.9153301574000452E-014   7.2363847524448243E-016  -4.4099020809365208E-017  -7.9143417104111415E-014   9.9885033887143152E-016  -8.2028144351554031E-014   7.3174596240921044E-016  -1.6600645262080316E-015  -1.0315496324590958E-015  0.52936530718378427       -1.7881123083236578E-013  -7.0268139250238636E-016   5.3885844312873233E-016  -1.7882772014355505E-013  -5.4524439523078348E-016  -1.7101176565867308E-013  0.66414828250018720       -2.1371201423465667E-016  -6.0187685962092571E-016  -7.8320864934632758E-016   7.2604170567116631E-018   7.3669137237492080E-017  -3.4830055207981273E-017  -1.2592330629374699E-017   8.1173852166105831E-024  -1.2587715172048257E-017  -1.0907234674363823E-016  -3.4844739815158131E-017   7.3683990442822625E-017   6.1273510730728837E-017  -4.3558774248392148E-014   8.5557941454369899E-016  -5.0551351488744637E-016  -4.9314221286920378E-014   1.9272679762524112E-016  -5.1490743632522938E-014  -2.8460575145431579E-014  -2.0274771242316614E-015   4.4227778379494618E-015  -2.9130311140859703E-014  -1.6009511523592770E-015  -7.9619748561516235E-015  -1.7351463262045218E-015  -6.0651371785003937E-016   7.7363108608512443E-016 -0.31994058162765038       -3.6074970432925558E-014  -6.7328243084384392E-015   1.6569563421694295E-014  -5.3032528828725096E-014  -7.1920660032848823E-015   3.9292173160323858E-014  -4.8875084793530046E-015  -7.1067987327672464E-016   1.9471832658053824E-015 -0.22712526575600300       0.10828414538042434       -3.6380317544839684E-015   1.5299074107585744E-014   2.9844300048201561E-015  -3.0623490869341151E-002
  -2.8965706774227105E-015  -2.4071302290571401E-004  -1.3269245403650727E-017   1.0644062887242047E-016   1.2035651145281582E-004  -2.1550668847995676E-017   1.2035651145285977E-004  -1.6850926074903471E-017   3.1001923470401460E-016   4.4671375580784426E-017  -1.7881123083236578E-013   9.5337948530747365E-004   1.6316841513470598E-017  -5.2254924971478357E-017  -4.7668974265358899E-004  -5.4769018020469507E-017  -4.7668974265398288E-004  -2.2462026594003220E-013   4.5300010725159976E-017   1.8209862380180705E-016   2.9321676271739646E-017  -1.0573165256584435E-017   4.9746830905958578E-017   9.1335361841594344E-018   3.8724486906391051E-018  -5.5715600915014139E-018   1.8127105930043328E-017   4.8382474673497768E-018   2.7050208937186014E-018  -8.5983477541576753E-018  -4.2516492050290320E-018  -6.1903200510183534E-004   2.1723441234896449E-017  -1.5691512822460667E-017   3.0951600255065611E-004   7.8696163533312250E-017   3.0951600255107802E-004   9.1651850924390731E-003   3.8462448270679048E-016   1.1367857131521742E-017  -4.5825925462180481E-003   6.4602969953009333E-016  -4.5825925462211143E-003   3.0803854038235515E-016   1.4028484917467808E-015  -6.9660992077751083E-017   8.1871255180035720E-014   3.9545202869753680E-002   1.9682416583332051E-015  -1.4714306958524329E-016  -1.9772601434870918E-002   3.0980230045822651E-015  -1.9772601434883266E-002   6.9733687399461766E-016   3.7515145070273395E-015  -1.7414288080945563E-016   4.4519839299329995E-014  -2.2855435149213685E-014  -1.6784852736704332E-015   9.3266410088928734E-016  -2.5610606253639962E-016   8.0978223480591047E-015
   3.1340101646757927E-017   4.1504309392682475E-017  -2.4071302290568238E-004   1.3533655833017069E-016  -8.6887948826667535E-017   1.7735011137270314E-017   8.4372988375419711E-017  -1.9020114186412240E-017   3.6162850122170392E-017  -2.1731657764751006E-018  -7.0268139250238636E-016   1.6316841513470598E-017   9.5337948530705428E-004  -2.1366098398811505E-016   1.8643057195357170E-016   1.7970934152870940E-016  -1.4189615005037592E-016  -4.9093990685446917E-016   3.1371227443139892E-017  -5.5065228727069191E-017  -5.3087687843647409E-018  -6.0145058436183173E-018  -1.9447510340008685E-017   2.1109253666401793E-018   3.9402441090522611E-018   3.5250249420186390E-018   8.3929981039339490E-018   2.3432723848272034E-018  -2.0529868011001433E-017  -2.9163387024443623E-018  -3.9400316693621754E-018   6.1168733887769032E-017  -6.1903200510137054E-004   9.4116361631907277E-017  -2.0941684584140854E-016  -1.1764872061822475E-016   9.2577164937831731E-017  -3.5594786463998581E-016   9.1651850924368179E-003  -9.1633084100489075E-016   1.2401179490714584E-015   1.3749841760596017E-015  -9.4573720359817817E-016   4.1480682254928969E-017  -7.8023023203386832E-016  -5.5706954782312954E-016   2.4824936922742365E-016  -1.2189065632411212E-015   3.9545202869745694E-002  -3.6549323790673124E-015   5.1490446502204461E-015   5.9955844125411453E-015  -3.9629886451818391E-015   3.8994508955760336E-016  -1.9493510244123138E-015  -1.3539011989566038E-015   2.6116803653941987E-016   9.3792853926463481E-016   5.9290080963687344E-015   3.9475883777303085E-015   2.5536877268437828E-015   1.7689353704581016E-016
  -2.6368122501788151E-016  -2.0132473477801118E-017   1.1421313563589004E-016  -2.4071302290579893E-004   4.5267574000052790E-017  -3.5856396063918794E-017  -3.0369253145510944E-017   1.0911208718445038E-017   3.1379677034326503E-017  -3.7000958003039445E-017   5.3885844312873233E-016  -5.2254924971478357E-017  -2.1366098398811505E-016   9.5337948530758608E-004   1.2324140785366624E-016   1.3194279203239022E-016   3.1674068316418399E-017   2.3492906657637983E-016  -8.2911419873444848E-017  -5.4828884358471804E-017   8.1925687134871632E-017   1.6420797796102178E-017   2.0045690620505573E-017   7.5278798263854971E-018   3.6416053596507700E-018  -1.5910124845706133E-017   4.1632547579190543E-017   9.4908764761609955E-018  -6.9158401808200023E-018  -1.7950774790721670E-017   5.9282305080938503E-018   1.0643646443160309E-017   1.4800611840438433E-016  -6.1903200510204394E-004  -1.4613141115335753E-016  -8.1828696513020478E-017  -6.1284268892224339E-017  -5.6498790324267903E-016  -1.2701562979186607E-015   9.1651850924395952E-003   3.8948586618001961E-016   8.2831788663361468E-016   4.5540091134412167E-017  -4.0934939157939049E-016  -1.0678696657751312E-015   1.9144395343887698E-015   9.8232401814311002E-017  -2.1031255803689439E-015  -4.9871046495821263E-015   3.9545202869756699E-002   1.7054987217141512E-015   3.5688560091927998E-015   2.2055980910803891E-016  -1.0929721309965036E-015  -2.7312076828055460E-015   5.0824601220643876E-015   1.3475239769757969E-016   3.6562609218237531E-016   1.2628022454987529E-015   4.6504162389696919E-015  -1.5037598283674368E-015   2.7245189194562423E-016
  -2.7201204223896486E-015   1.2035651145281497E-004  -2.3585867749410220E-017  -7.9317618537322654E-017  -2.4071302290545163E-004  -1.5513646657234307E-017   1.2035651145262832E-004  -1.0635564242914444E-016   4.3448736983315125E-016   1.8071337072020281E-016  -1.7882772014355505E-013  -4.7668974265358899E-004   1.8643057195357170E-016   1.2324140785366624E-016   9.5337948530688189E-004   6.3488613407713438E-017  -4.7668974265328531E-004  -2.2459390650929695E-013  -8.2616994404251811E-017   1.7042607084986722E-016  -2.5483347823155937E-017   9.0848241487903081E-018  -2.4705481853697463E-017   1.0191774227663712E-017   7.5570158472720720E-018   3.1499240907266619E-019  -1.3133061864146718E-017  -3.3901415458172119E-017   6.3743713018559838E-018  -2.9857402382198839E-017   2.8983857639025950E-017   3.0951600255056010E-004  -2.3844039379698442E-016  -7.6625723842522666E-017  -6.1903200510099769E-004  -1.2543515039516849E-016   3.0951600255044848E-004  -4.5825925462192919E-003   7.2738702882570108E-016   7.6423282968222146E-016   9.1651850924358309E-003  -5.3353631259674803E-016  -4.5825925462165277E-003  -3.9743902502980290E-016  -5.3002353235824548E-016  -2.3242078732408702E-016   7.9465886749128793E-014  -1.9772601434876993E-002   2.5036454535853653E-015   3.4133275251879818E-015   3.9545202869741732E-002  -2.7419794814681772E-015  -1.9772601434864555E-002  -9.0747012053992077E-016  -1.5296930309078050E-015  -6.9257745976452933E-016   3.9192349372458336E-014  -2.1492031029288530E-014   1.7844555196773242E-015  -3.5850032225696038E-015   9.1652646505722276E-016   5.3697489348776977E-015
   8.9480401371323248E-017   6.0346855709730831E-017  -3.0835878653732230E-017  -4.0465385639289580E-017  -5.2710641931910693E-017  -2.4071302290573309E-004  -8.2506468454170573E-018  -6.6071630234283316E-019   5.0885697441648129E-017   3.6783314653274842E-017  -5.4524439523078348E-016  -5.4769018020469507E-017   1.7970934152870940E-016   1.3194279203239022E-016   6.3488613407713438E-017   9.5337948530737975E-004  -1.2254793271443596E-017  -3.5629142078658086E-016  -2.7500445180153031E-017  -1.1074928132357415E-016   9.4425776673660273E-018   1.3243379022947239E-017  -2.4459796931768192E-018  -2.7193109868223011E-018  -1.5865882086265608E-017  -9.7544853907218276E-018   4.1391261472966907E-017   1.0250787561929644E-017  -3.9465451221621317E-017  -1.0938079547146430E-018  -5.2315635282228901E-017   2.5599228255296125E-017  -2.1606444726547852E-016  -1.3470369757832674E-016  -9.9808671501800562E-017  -6.1903200510153979E-004   5.9409395377902040E-017  -1.2091899306658616E-015   4.4279352075600470E-016   4.9077700415822961E-016   1.2528405030532175E-015   9.1651850924383792E-003  -4.4333492701040953E-017  -6.4425729974342687E-016  -2.4046539357491676E-015  -1.7315071758761619E-015   2.3018619697575444E-016  -5.3472944320608898E-015   1.4228589943991175E-015   1.9466199909190230E-015   5.3285843212890637E-015   3.9545202869752334E-002  -4.4531910168909906E-017  -1.3919541207772699E-015  -5.7749053888013147E-015  -4.3651263742124414E-015   2.6665706270207773E-016   1.0959626657911071E-015   7.8998836072722912E-015   1.4817942841510137E-014   5.0586866175854711E-015   1.8800356675788297E-016
  -3.9782485626320697E-015   1.2035651145292383E-004   2.1491133143317120E-017  -5.3043155510195489E-017   1.2035651145263390E-004   3.7956896324978477E-017  -2.4071302290551094E-004  -3.8332784692809505E-017   3.3519426095663382E-016   5.4835958082230213E-017  -1.7101176565867308E-013  -4.7668974265398288E-004  -1.4189615005037592E-016   3.1674068316418399E-017  -4.7668974265328531E-004  -1.2254793271443596E-017   9.5337948530735872E-004  -2.1899466279131904E-013  -1.0359250063923405E-017   5.9236278594063320E-017   7.6817490644403653E-017   1.4883411077817604E-018  -2.5041349052347545E-017  -1.9325310411784987E-017  -1.1429464537894649E-017   5.2565676824271272E-018  -4.9940440658796807E-018   2.9063167990941034E-017  -9.0793921955384598E-018   3.8455750136277313E-017  -2.4732208434057904E-017   3.0951600255133905E-004   1.7720604277278541E-016   2.5659454448576881E-017   3.0951600255033659E-004   4.9034406444335681E-017  -6.1903200510158532E-004  -4.5825925462207257E-003  -5.2702564347822884E-016   2.1131276365775783E-016  -4.5825925462177090E-003  -1.4647910163473279E-016   9.1651850924385127E-003   3.5244237926874367E-016  -9.7330090868306012E-016  -1.3245452372714540E-016   7.9222886590921189E-014  -1.9772601434880757E-002  -1.9478368331569889E-015   9.9206976353878546E-016  -1.9772601434870495E-002  -5.0268186694376025E-016   3.9545202869751571E-002   9.0183173679796486E-016  -2.5206289504648216E-015  -3.5526440461601596E-016   3.9006373381339501E-014  -2.2208569318691159E-014  -5.7596590586553071E-016   3.2784610804100458E-015  -1.7419083841715963E-015   4.5793306865481420E-015
   1.1548003833086158E-002  -1.0048139961928515E-013   8.2233841766057397E-016   7.7004838141625131E-017  -1.0043362588699208E-013   1.1643241847811181E-015  -1.0300640883274512E-013   1.3147664912785267E-016   1.8176375342559999E-016   7.4721290497539330E-017  0.66414828250018720       -2.2462026594003220E-013  -4.9093990685446917E-016   2.3492906657637983E-016  -2.2459390650929695E-013  -3.5629142078658086E-016  -2.1899466279131904E-013  0.83497568662572796       -4.0825135783901690E-016   2.0280106349245029E-016  -5.6106389015153050E-016   1.0901050908894991E-017   9.5130440978193290E-017  -4.4930724661204618E-017  -1.7084071909509144E-017   1.0195991340800190E-023  -1.7078069266435764E-017  -1.4101148400271273E-016  -4.4949573188029492E-017   9.5149259876624324E-017   7.7630379286438343E-017  -5.7244096862370850E-014   8.1742689478588572E-016  -3.6277932135908302E-016  -6.4448175914009068E-014   1.0417100329885929E-017  -6.4509830271294882E-014  -2.3733569246862113E-014   1.1925206496359227E-015   1.2475668742329316E-015  -2.2439913115284896E-014   1.1055322618678099E-015  -3.7499531582036401E-014   1.0065281699495253E-015   5.4888441610719197E-016  -2.2187133430667015E-016 -0.37373875726982048        1.7386181755009685E-015   7.6379793481199524E-015   2.1156046223317839E-015  -9.7025923852230505E-015   4.3036782270184948E-015  -7.4041816385457400E-014   2.6737812255605366E-015   1.3479954218585443E-015  -1.1000721366993610E-015 -0.24859416007831070       0.11835800372057356        2.5867475997438779E-015  -1.0822358795633673E-014  -1.7028128237073576E-015  -3.6954509403083938E-002
  -5.7204088205873479E-017  -1.8338800478817825E-017  -6.1534933581487813E-018   2.9473254143848816E-017   3.1371115611844230E-017   1.5403729085884474E-017   2.9266545751380224E-017   8.0257892849968260E-002  -7.5411291126526654E-016  -1.6128818066120966E-016  -2.1371201423465667E-016   4.5300010725159976E-017   3.1371227443139892E-017  -8.2911419873444848E-017  -8.2616994404251811E-017  -2.7500445180153031E-017  -1.0359250063923405E-017  -4.0825135783901690E-016   3.1338384761246778E-002  -2.3772224951316601E-016   2.9740363511161378E-018  -4.4458153986396324E-016   7.3144489571457993E-018   9.1032148196944862E-018  -4.0335975392035383E-016  -1.3201611165023447E-017  -3.4019841609234238E-016  -7.4128102466137109E-018   6.8595085986315895E-018   3.0174541604452850E-017  -1.2108308761900596E-017  -3.9459873646093789E-017   4.0851043105782172E-018  -1.1691198210007648E-017   8.2839659644959387E-017   7.5956183335041725E-017  -8.5068502859443282E-017   5.3860898667085017E-016   1.2786895969870790E-016  -5.2231841897165479E-016  -4.3463374256159420E-016  -4.5243526493758361E-017  -5.8868824622480738E-017   6.4883309649042065E-003   8.3148572809352298E-016   3.2552665538412186E-016  -3.1711444191904445E-016   2.2397839948160348E-015   7.5436956540034400E-016  -2.5474550339449016E-015  -1.6592262575925587E-015   9.5212724767524195E-017  -5.2897232452861722E-016   1.2917653502420523E-002   1.9897687668711731E-015   7.8981848335217829E-016  -4.6092050091578726E-016   7.8574691422892937E-017  -4.9158306288524141E-003  -6.7904572385454612E-015  -3.4171814898036581E-017   4.9700748726697692E-016
   4.2207418244824633E-017  -1.6002901013472528E-017   4.7410602208981883E-017   2.3233929146506527E-017   3.1815181228535351E-017   5.9297500007937004E-017   5.2331617326027466E-017  -9.6313162846048606E-017   8.0257892849967288E-002  -6.8004134358609981E-016  -6.0187685962092571E-016   1.8209862380180705E-016  -5.5065228727069191E-017  -5.4828884358471804E-017   1.7042607084986722E-016  -1.1074928132357415E-016   5.9236278594063320E-017   2.0280106349245029E-016  -2.3772224951316601E-016   3.1338384761245799E-002  -8.8851918723113085E-017   1.3431712969943917E-016  -2.9591210105869884E-016  -3.6348231541552069E-017   7.3296251196074689E-017   3.5394587374732941E-018   4.3733151078557960E-017  -4.8521339015685260E-016  -2.3244945834175787E-017  -1.8315530793259812E-016  -6.5418879443043077E-017   3.1199193698484472E-017   1.6967418326126591E-017   6.4713231893496180E-017   3.8735166589755677E-017   1.5773941271239178E-016   1.6860546289287006E-016  -2.5662674604390554E-016  -1.8375656367544986E-016  -7.5090065646373044E-017   5.8061643231266369E-016  -1.9664158593611245E-016  -3.3902299233668941E-016   1.1073427243810525E-015   6.4883309649036462E-003   5.9154723452040839E-016   8.6186907654432539E-016  -1.1575126009364363E-015  -8.2442502416294588E-016  -1.0229692183601588E-016   2.4793817230272109E-015  -3.5620536251702951E-016  -1.2337812071758936E-015   2.6614804347760932E-015   1.2917653502418965E-002   1.6435673430870674E-015   1.0563214508986066E-015  -8.4606788884348322E-016  -3.3253482246590518E-015  -4.9158306288488961E-003  -1.3985117470144536E-016   1.0778721366623606E-015
   6.5095517511040031E-016  -1.5845645514129242E-016   2.2250941633147327E-017  -5.9759551566551728E-017  -1.4508819328386992E-016   1.6651039008078539E-017  -1.8276419552462538E-016   1.6252937895668650E-016  -2.2981708016507219E-016   8.0257892849971216E-002  -7.8320864934632758E-016   2.9321676271739646E-017  -5.3087687843647409E-018   8.1925687134871632E-017  -2.5483347823155937E-017   9.4425776673660273E-018   7.6817490644403653E-017  -5.6106389015153050E-016   2.9740363511161378E-018  -8.8851918723113085E-017   3.1338384761248006E-002   4.8880249030098004E-017   7.9299351678769563E-017  -6.2252201443195895E-016   2.0026346121508463E-018   5.0523798789037442E-018   6.1497055868271244E-017   1.2268200924383411E-016  -6.0801382479269494E-016   7.5979097718471139E-017  -1.4596587438398942E-015   7.9167838753015034E-017   1.8176372633930712E-017  -8.6810713346330255E-017  -1.5017373707012350E-017   2.7726024123455717E-017   9.3123755444433091E-017  -4.7539266100459349E-017   1.4214777746383875E-016  -1.1228754424512509E-016  -3.5053583486833614E-016   8.1903159142657293E-016   4.9318999141262282E-016  -1.0842837699927522E-015   2.6077221123500633E-015   6.4883309648994672E-003   2.1108518043889156E-017  -1.8660367726913847E-016   7.1319306147823087E-016  -7.5455605759473983E-016  -2.1760466418452551E-015   3.6960545768286464E-015   2.2092862875961116E-015  -2.8581832962269328E-015   6.8691734926414476E-015   1.2917653502407592E-002  -2.8682952923262358E-016   3.1520852647255734E-017   3.5970613945964573E-015   6.6896932815216230E-017  -4.9158306288489273E-003   3.7082442954140734E-017
   3.2452518377130431E-019   2.6695545790764829E-018   1.5185662217538832E-018  -4.1459879690567305E-018  -2.2937723300376323E-018  -3.3437407110520003E-018  -3.7578224904678337E-019  -4.0483273739343230E-016   4.4182598073567724E-016   1.3298645715822642E-016   7.2604170567116631E-018  -1.0573165256584435E-017  -6.0145058436183173E-018   1.6420797796102178E-017   9.0848241487903081E-018   1.3243379022947239E-017   1.4883411077817604E-018   1.0901050908894991E-017  -4.4458153986396324E-016   1.3431712969943917E-016   4.8880249030098004E-017   1.4523918854656882E-028   1.3152657918065005E-029   1.3151779920548669E-030   5.8383181707978066E-029   7.1751721159844288E-030   7.5394563084447657E-029   2.4048477764679548E-029  -1.1868817863981665E-029  -3.0225896192606840E-030  -7.7758688396416847E-030   6.8651862032969943E-018   3.9052357108962463E-018  -1.0662070604333019E-017  -5.8988020987491886E-018  -8.5989635788114803E-018  -9.6638410455641249E-019  -1.0164369811064178E-016  -5.7819640705290003E-017   1.5785912481432322E-016   8.7335731614884170E-017   1.2731343800128710E-016   1.4307966495752616E-017  -4.9815809921294249E-015  -7.3719192399378820E-016  -4.7158533124416610E-017   2.4841834897839964E-017  -4.3856404662611195E-016  -2.4947553142535119E-016   6.8111784461125044E-016   3.7682918453417946E-016   5.4932177397682048E-016   6.1734862091913546E-017  -1.3181807289714874E-014  -1.8196165337115661E-015  -1.2471366144633260E-016   3.4645795422075724E-017  -3.7183999706312880E-017   2.6573973143631852E-015   4.1137499807595581E-015   1.9677779687648953E-016  -4.3977341720977885E-017
   1.5924090722919532E-018  -1.2560276607490012E-017   4.9101843222683147E-018  -5.0612152451975346E-018   6.2377377644209990E-018   6.1757062635773861E-019   6.3225388430288358E-018   4.5302365237625036E-017  -4.5355047821852425E-016   1.4592814244331273E-016   7.3669137237492080E-017   4.9746830905958578E-017  -1.9447510340008685E-017   2.0045690620505573E-017  -2.4705481853697463E-017  -2.4459796931768192E-018  -2.5041349052347545E-017   9.5130440978193290E-017   7.3144489571457993E-018  -2.9591210105869884E-016   7.9299351678769563E-017   1.3152657918065005E-029   3.1367825072869371E-029   3.4079688155058728E-030   4.6970247538273434E-030   1.8987674441179771E-030   1.1691557121650786E-029   5.6482680843230839E-029   1.1630528028896390E-030   2.2525040953832409E-029   5.4871867727253359E-030  -3.2300758467938150E-017   1.2627323647655232E-017  -1.3015723801186295E-017   1.6041339471387155E-017   1.5881815554187427E-018   1.6259418996513953E-017   4.7823444918025003E-016  -1.8695601761969186E-016   1.9270654306484306E-016  -2.3750281758348135E-016  -2.3514095872630699E-017  -2.4073163159678653E-016  -1.8854933800815256E-016  -2.1790566445950270E-015   4.1329378439943646E-016  -1.3862297251923928E-017   2.0634475050307116E-015  -8.0666277548407470E-016   8.3147467977641781E-016  -1.0247580391174941E-015  -1.0145672806439037E-016  -1.0386894659132828E-015  -4.8399254394426315E-016  -5.6254569185780319E-015   1.0653104156810280E-015   1.3448255089043419E-017   6.0247146966847828E-017   5.2867042306062796E-016   4.1408485610768429E-015  -7.4997505503307587E-016  -3.4070065675362475E-016
  -7.4771745290225162E-019  -2.3060713373604548E-018  -5.3297478492750161E-019  -1.9006688700566237E-018  -2.5732594637382225E-018   6.8658239236782603E-019   4.8793308011245052E-018   2.2291164348781096E-017   1.4173855224511928E-017  -1.4276806654418627E-015  -3.4830055207981273E-017   9.1335361841594344E-018   2.1109253666401793E-018   7.5278798263854971E-018   1.0191774227663712E-017  -2.7193109868223011E-018  -1.9325310411784987E-017  -4.4930724661204618E-017   9.1032148196944862E-018  -3.6348231541552069E-017  -6.2252201443195895E-016   1.3151779920548669E-030   3.4079688155058728E-030   2.4030486616997917E-029   1.0221730998300963E-030  -3.3966925302970830E-032  -2.1606922415600340E-030   1.7589896244056146E-029   2.0126012748013487E-029   3.6471566021186018E-030   4.5986345094989114E-029  -5.9304309615185314E-018  -1.3706298304763025E-018  -4.8878737322350990E-018  -6.6175479259801213E-018   1.7656563400063757E-018   1.2547978887505592E-017   8.7804018196625805E-017   2.0293096295585673E-017   7.2368257368482206E-017   9.7977246895174829E-017  -2.6141729397653036E-017  -1.8578126509179896E-016   5.6885592357062697E-017  -6.9869396994340840E-016  -1.2508128380354356E-015   7.2684739819371466E-018   3.7884970978156401E-016   8.7559018369053624E-017   3.1224873148809679E-016   4.2274433805888986E-016  -1.1279422968220880E-016  -8.0159404784044351E-016   8.2292715436614993E-017  -1.8855659484262867E-015  -3.2227348500136399E-015  -5.3557814036994593E-018  -2.6746136254907152E-017  -1.6208437422123443E-015  -4.0752407519048187E-016   1.0777928424533728E-015   1.6752109962625968E-016
