   4.9016133802249637E-033  -2.3173830180896703E-033  -1.1402894519601998E-032   4.1734148367668296E-017   2.3407734292507409E-017  -2.8519922064460814E-033  -1.7516562955267416E-032  -1.9235822258030822E-032   1.1774069557584250E-031  -1.1704167192802980E-033   4.2523221500086398E-034   1.1508064206591525E-031  -9.3214028851033864E-035   1.2180454761187549E-031   1.3739311655041408E-017   3.2875402778008269E-035   4.7162838267261802E-034  -3.1138947242124007E-033
  -2.3173830180896703E-033   1.0956115131797515E-033   5.3910563863322588E-033  -1.9731055715624489E-017  -1.1066700233897739E-017   1.3483638537478665E-033   8.2814743593613012E-033   9.0943051566637499E-033  -5.5665403878304311E-032   5.5334919728489561E-034  -2.0104113428514242E-034  -5.4407784732742017E-032   4.4069695169877388E-035  -5.7586710388182451E-032  -6.4956668426943855E-018  -1.5542821149047413E-035  -2.2297629781736480E-034   1.4721860322809969E-033
  -1.1402894519601998E-032   5.3910563863322588E-033   2.6527184691829294E-032  -9.7088459408461160E-017  -5.4454707945179100E-017   6.6347473327933212E-033   4.0749749976346557E-032   4.4749358056483597E-032  -2.7390669727898506E-031   2.7228051987485248E-033  -9.8924123913033457E-034  -2.6771846756005820E-031   2.1684895488160544E-034  -2.8336066121198446E-031  -3.1962521198925147E-017  -7.6479869195610372E-035  -1.0971752120971087E-033   7.2440256566521607E-033
   4.1734148367668296E-017  -1.9731055715624489E-017  -9.7088459408461160E-017  0.35533996765257148       0.19930210323312475       -2.4282915981796927E-017  -1.4914249259560754E-016  -1.6378090188212879E-016   1.0024878089934449E-015  -9.9653606323805336E-018   3.6205842800975428E-018   9.7983913003048959E-016  -7.9365870138020061E-019   1.0370889475696310E-015  0.11698157863581149        2.7991333276499281E-019   4.0156184035794173E-018  -2.6512850839250696E-017
   2.3407734292507409E-017  -1.1066700233897739E-017  -5.4454707945179100E-017  0.19930210323312475       0.11178401522224506       -1.3619735094188083E-017  -8.3650630836995890E-017  -9.1860981555672999E-017   5.6227260366419056E-016  -5.5893440488290919E-018   2.0307033479041494E-018   5.4956947493204000E-016  -4.4514510844161659E-019   5.8167959505345419E-016   6.5612305915567562E-002   1.5699701981625056E-019   2.2522690000285111E-018  -1.4870454820706239E-017
  -2.8519922064460814E-033   1.3483638537478665E-033   6.6347473327933212E-033  -2.4282915981796927E-017  -1.3619735094188083E-017   1.6594249514750341E-033   1.0191970919961049E-032   1.1192317897983235E-032  -6.8507146548639429E-032   6.8100421284724010E-034  -2.4742036326345431E-034  -6.6959400675892954E-032   5.4236363252784239E-035  -7.0871689289132804E-032  -7.9941861429131132E-018  -1.9128475714735428E-035  -2.7441586420252167E-034   1.8118123148953346E-033
  -1.7516562955267416E-032   8.2814743593613012E-033   4.0749749976346557E-032  -1.4914249259560754E-016  -8.3650630836995890E-017   1.0191970919961049E-032   6.2597751794076523E-032   6.8741752039951113E-032  -4.2076193009669092E-031   4.1826387674480248E-033  -1.5196234967696664E-033  -4.1125587746532600E-031   3.3311264639323912E-034  -4.3528464221373602E-031  -4.9099245268611255E-017  -1.1748459492215711E-034  -1.6854263312372274E-033   1.1127914166546976E-032
  -1.9235822258030822E-032   9.0943051566637499E-033   4.4749358056483597E-032  -1.6378090188212879E-016  -9.1860981555672999E-017   1.1192317897983235E-032   6.8741752039951113E-032   7.5488788943523678E-032  -4.6205992128450486E-031   4.5931668276272883E-033  -1.6687752932831175E-033  -4.5162084489381175E-031   3.6580781710922106E-034  -4.7800804476634494E-031  -5.3918360434200162E-017  -1.2901576592112125E-034  -1.8508517578178818E-033   1.2220124436338257E-032
   1.1774069557584250E-031  -5.5665403878304311E-032  -2.7390669727898506E-031   1.0024878089934449E-015   5.6227260366419056E-016  -6.8507146548639429E-032  -4.2076193009669092E-031  -4.6205992128450486E-031   2.8282262021340762E-030  -2.8114350919152499E-032   1.0214419802558983E-032   2.7643295774448758E-030  -2.2390759415308412E-033   2.9258431964425640E-030   3.3002931596445309E-016   7.8969361517472976E-034   1.1328893064722924E-032  -7.4798255663707088E-032
  -1.1704167192802980E-033   5.5334919728489561E-034   2.7228051987485248E-033  -9.9653606323805336E-018  -5.5893440488290919E-018   6.8100421284724010E-034   4.1826387674480248E-033   4.5931668276272883E-033  -2.8114350919152499E-032   2.7947436701096656E-034  -1.0153777040464242E-034  -2.7479178199337494E-032   2.2257826020892514E-035  -2.9084725365012196E-032  -3.2806993993730875E-018  -7.8500522337583587E-036  -1.1261633701959250E-034   7.4354180237888050E-034
   4.2523221500086398E-034  -2.0104113428514242E-034  -9.8924123913033457E-034   3.6205842800975428E-018   2.0307033479041494E-018  -2.4742036326345431E-034  -1.5196234967696664E-033  -1.6687752932831175E-033   1.0214419802558983E-032  -1.0153777040464242E-034   3.6890391519667763E-035   9.9836507968657437E-033  -8.0866451273764826E-036   1.0566973271930891E-032   1.1919336500979405E-018   2.8520569163487158E-036   4.0915422385261236E-035  -2.7014132860792295E-034
   1.1508064206591525E-031  -5.4407784732742017E-032  -2.6771846756005820E-031   9.7983913003048959E-016   5.4956947493204000E-016  -6.6959400675892954E-032  -4.1125587746532600E-031  -4.5162084489381175E-031   2.7643295774448758E-030  -2.7479178199337494E-032   9.9836507968657437E-033   2.7018765355368517E-030  -2.1884896783179979E-033   2.8597411624251031E-030   3.2257313748668419E-016   7.7185248333378895E-034   1.1072945351716632E-032  -7.3108378076849144E-032
  -9.3214028851033864E-035   4.4069695169877388E-035   2.1684895488160544E-034  -7.9365870138020061E-019  -4.4514510844161659E-019   5.4236363252784239E-035   3.3311264639323912E-034   3.6580781710922106E-034  -2.2390759415308412E-033   2.2257826020892514E-035  -8.0866451273764826E-036  -2.1884896783179979E-033   1.7726520842495726E-036  -2.3163582548322885E-033  -2.6128062204440881E-019  -6.2519185119777363E-037  -8.9689614947546451E-036   5.9216965955094408E-035
   1.2180454761187549E-031  -5.7586710388182451E-032  -2.8336066121198446E-031   1.0370889475696310E-015   5.8167959505345419E-016  -7.0871689289132804E-032  -4.3528464221373602E-031  -4.7800804476634494E-031   2.9258431964425640E-030  -2.9084725365012196E-032   1.0566973271930891E-032   2.8597411624251031E-030  -2.3163582548322885E-033   3.0268294677808145E-030   3.4142036730038468E-016   8.1695010444697868E-034   1.1719912880954758E-032  -7.7379937741293180E-032
   1.3739311655041408E-017  -6.4956668426943855E-018  -3.1962521198925147E-017  0.11698157863581149        6.5612305915567562E-002  -7.9941861429131132E-018  -4.9099245268611255E-017  -5.3918360434200162E-017   3.3002931596445309E-016  -3.2806993993730875E-018   1.1919336500979405E-018   3.2257313748668419E-016  -2.6128062204440881E-019   3.4142036730038468E-016   3.8511541019518966E-002   9.2150353264161215E-020   1.3219829538258752E-018  -8.7283036743668754E-018
   3.2875402778008269E-035  -1.5542821149047413E-035  -7.6479869195610372E-035   2.7991333276499281E-019   1.5699701981625056E-019  -1.9128475714735428E-035  -1.1748459492215711E-034  -1.2901576592112125E-034   7.8969361517472976E-034  -7.8500522337583587E-036   2.8520569163487158E-036   7.7185248333378895E-034  -6.2519185119777363E-037   8.1695010444697868E-034   9.2150353264161215E-020   2.2049721672798886E-037   3.1632386806466816E-036  -2.0885070960472054E-035
   4.7162838267261802E-034  -2.2297629781736480E-034  -1.0971752120971087E-033   4.0156184035794173E-018   2.2522690000285111E-018  -2.7441586420252167E-034  -1.6854263312372274E-033  -1.8508517578178818E-033   1.1328893064722924E-032  -1.1261633701959250E-034   4.0915422385261236E-035   1.1072945351716632E-032  -8.9689614947546451E-036   1.1719912880954758E-032   1.3219829538258752E-018   3.1632386806466816E-036   4.5379615666909388E-035  -2.9961586495540574E-034
  -3.1138947242124007E-033   1.4721860322809969E-033   7.2440256566521607E-033  -2.6512850839250696E-017  -1.4870454820706239E-017   1.8118123148953346E-033   1.1127914166546976E-032   1.2220124436338257E-032  -7.4798255663707088E-032   7.4354180237888050E-034  -2.7014132860792295E-034  -7.3108378076849144E-032   5.9216965955094408E-035  -7.7379937741293180E-032  -8.7283036743668754E-018  -2.0885070960472054E-035  -2.9961586495540574E-034   1.9781936275506091E-033
