   6.1298111080623221E-033   1.8687892702863260E-032   3.9395929860088456E-032   4.4013251073376767E-017   3.7268529920536733E-033   2.1050668117193667E-032  -2.7007353068330394E-032   5.3969349176291570E-017   3.1255857626400268E-031   1.8340011378300535E-034   4.3165558033530031E-034   3.2445966736855690E-031  -7.5943874552540016E-034   3.2599626014261609E-031   4.2807150234981529E-034  -2.0941370537494762E-033   5.6232696184922396E-033   2.9181300691968819E-017
   1.8687892702863260E-032   5.6973588177030538E-032   1.2010597018014584E-031   1.3418275034309325E-016   1.1362018764858791E-032   6.4176957521624864E-032  -8.2337042272881062E-032   1.6453580524257231E-016   9.5289414854869614E-031   5.5913005925449015E-034   1.3159839720490536E-033   9.8917688380564171E-031  -2.3152931698187432E-033   9.9386147854818526E-031   1.3050572299927864E-033  -6.3843743103417201E-033   1.7143604821922905E-032   8.8964734254900690E-017
   3.9395929860088456E-032   1.2010597018014584E-031   2.5319528810596912E-031   2.8287053575282618E-016   2.3952261576330875E-032   1.3529138664031578E-031  -1.7357464503060695E-031   3.4685778358607597E-016   2.0087953006366222E-030   1.1787015768600846E-033   2.7742246321813370E-033   2.0852829023176714E-030  -4.8808674564867270E-033   2.0951584922964122E-030   2.7511899770443228E-033  -1.3458893762389630E-032   3.6140417962163789E-032   1.8754647655861605E-016
   4.4013251073376767E-017   1.3418275034309325E-016   2.8287053575282618E-016  0.31602381148420960        2.6759538517766029E-017   1.5114794318633554E-016  -1.9391811435434409E-016  0.38751055679980506        2.2442321385973881E-015   1.3168489391460077E-018   3.0993720849788655E-018   2.3296843167473695E-015  -5.4529197706755648E-018   2.3407173555098936E-015   3.0736376991289922E-018  -1.5036316503702629E-017   4.0376183410686956E-017  0.20952748646920766     
   3.7268529920536733E-033   1.1362018764858791E-032   2.3952261576330875E-032   2.6759538517766029E-017   2.2658827457360216E-033   1.2798558401596746E-032  -1.6420152728323475E-032   3.2812728958695795E-017   1.9003193485186453E-031   1.1150511014869409E-034   2.6244151128790753E-034   1.9726765814085374E-031  -4.6172981697922331E-034   1.9820188845833262E-031   2.6026243406538267E-034  -1.2732106759817876E-033   3.4188817295264125E-033   1.7741887291248033E-017
   2.1050668117193667E-032   6.4176957521624864E-032   1.3529138664031578E-031   1.5114794318633554E-016   1.2798558401596746E-032   7.2291073961055687E-032  -9.2747201527553990E-032   1.8533864061761926E-016   1.0733718772283566E-030   6.2982282159131584E-034   1.4823684127267324E-033   1.1142419651736358E-030  -2.6080237556368367E-033   1.1195188495584504E-030   1.4700601645852272E-033  -7.1915730082477092E-033   1.9311130536581437E-032   1.0021285570883600E-016
  -2.7007353068330394E-032  -8.2337042272881062E-032  -1.7357464503060695E-031  -1.9391811435434409E-016  -1.6420152728323475E-032  -9.2747201527553990E-032   1.1899177754402662E-031  -2.3778371672089919E-016  -1.3771027646502755E-030  -8.0804310906006373E-034  -1.9018326105835991E-033  -1.4295378174916776E-030   3.3460134370531850E-033  -1.4363078961840992E-030  -1.8860415106831285E-033   9.2265646994729975E-033  -2.4775580406594711E-032  -1.2856997987173592E-016
   5.3969349176291570E-017   1.6453580524257231E-016   3.4685778358607597E-016  0.38751055679980506        3.2812728958695795E-017   1.8533864061761926E-016  -2.3778371672089919E-016  0.47516809232204976        2.7518927815328393E-015   1.6147291662394219E-018   3.8004712263270196E-018   2.8566748262121209E-015  -6.6864074785856268E-018   2.8702036137233534E-015   3.7689155465738064E-018  -1.8437634028912538E-017   4.9509551958897659E-017  0.25692403545548409     
   3.1255857626400268E-031   9.5289414854869614E-031   2.0087953006366222E-030   2.2442321385973881E-015   1.9003193485186453E-031   1.0733718772283566E-030  -1.3771027646502755E-030   2.7518927815328393E-015   1.5937336709721519E-029   9.3515570773913382E-033   2.2010083385532210E-032   1.6544172389655464E-029  -3.8723720662278845E-032   1.6622523131838337E-029   2.1827331536802492E-032  -1.0677988024145404E-031   2.8673006637885560E-031   1.4879521794427207E-015
   1.8340011378300535E-034   5.5913005925449015E-034   1.1787015768600846E-033   1.3168489391460077E-018   1.1150511014869409E-034   6.2982282159131584E-034  -8.0804310906006373E-034   1.6147291662394219E-018   9.3515570773913382E-033   5.4872166764453160E-036   1.2914864936774232E-035   9.7076302783822108E-033  -2.2721932190926686E-035   9.7536041729496865E-033   1.2807631565507610E-035  -6.2655270637901801E-035   1.6824470928762405E-034   8.7308626202267023E-019
   4.3165558033530031E-034   1.3159839720490536E-033   2.7742246321813370E-033   3.0993720849788655E-018   2.6244151128790753E-034   1.4823684127267324E-033  -1.9018326105835991E-033   3.8004712263270196E-018   2.2010083385532210E-032   1.2914864936774232E-035   3.0396783318418451E-035   2.2848147119764230E-032  -5.3478968054613365E-035   2.2956352549578075E-032   3.0144395889912427E-035  -1.4746717791172362E-034   3.9598540114222587E-034   2.0549199743795165E-018
   3.2445966736855690E-031   9.8917688380564171E-031   2.0852829023176714E-030   2.3296843167473695E-015   1.9726765814085374E-031   1.1142419651736358E-030  -1.4295378174916776E-030   2.8566748262121209E-015   1.6544172389655464E-029   9.7076302783822108E-033   2.2848147119764230E-032   1.7174114159970011E-029  -4.0198178771915960E-032   1.7255448212775722E-029   2.2658436746884397E-032  -1.1084566879883970E-031   2.9764770198872397E-031   1.5446079738811064E-015
  -7.5943874552540016E-034  -2.3152931698187432E-033  -4.8808674564867270E-033  -5.4529197706755648E-018  -4.6172981697922331E-034  -2.6080237556368367E-033   3.3460134370531850E-033  -6.6864074785856268E-018  -3.8723720662278845E-032  -2.2721932190926686E-035  -5.3478968054613365E-035  -4.0198178771915960E-032   9.4088903889162008E-035  -4.0388551373639373E-032  -5.3034927016288060E-035   2.5944825852235549E-034  -6.9668196124379232E-034  -3.6153496412246996E-018
   3.2599626014261609E-031   9.9386147854818526E-031   2.0951584922964122E-030   2.3407173555098936E-015   1.9820188845833262E-031   1.1195188495584504E-030  -1.4363078961840992E-030   2.8702036137233534E-015   1.6622523131838337E-029   9.7536041729496865E-033   2.2956352549578075E-032   1.7255448212775722E-029  -4.0388551373639373E-032   1.7337167451570310E-029   2.2765743736560843E-032  -1.1137061741600814E-031   2.9905731727866286E-031   1.5519230077362201E-015
   4.2807150234981529E-034   1.3050572299927864E-033   2.7511899770443228E-033   3.0736376991289922E-018   2.6026243406538267E-034   1.4700601645852272E-033  -1.8860415106831285E-033   3.7689155465738064E-018   2.1827331536802492E-032   1.2807631565507610E-035   3.0144395889912427E-035   2.2658436746884397E-032  -5.3034927016288060E-035   2.2765743736560843E-032   2.9894104058608269E-035  -1.4624274368681573E-034   3.9269749610065345E-034   2.0378577753077795E-018
  -2.0941370537494762E-033  -6.3843743103417201E-033  -1.3458893762389630E-032  -1.5036316503702629E-017  -1.2732106759817876E-033  -7.1915730082477092E-033   9.2265646994729975E-033  -1.8437634028912538E-017  -1.0677988024145404E-031  -6.2655270637901801E-035  -1.4746717791172362E-034  -1.1084566879883970E-031   2.5944825852235549E-034  -1.1137061741600814E-031  -1.4624274368681573E-034   7.1542335034085516E-034  -1.9210864843485734E-033  -9.9692538609031201E-018
   5.6232696184922396E-033   1.7143604821922905E-032   3.6140417962163789E-032   4.0376183410686956E-017   3.4188817295264125E-033   1.9311130536581437E-032  -2.4775580406594711E-032   4.9509551958897659E-017   2.8673006637885560E-031   1.6824470928762405E-034   3.9598540114222587E-034   2.9764770198872397E-031  -6.9668196124379232E-034   2.9905731727866286E-031   3.9269749610065345E-034  -1.9210864843485734E-033   5.1585865607942919E-033   2.6769882255165652E-017
   2.9181300691968819E-017   8.8964734254900690E-017   1.8754647655861605E-016  0.20952748646920766        1.7741887291248033E-017   1.0021285570883600E-016  -1.2856997987173592E-016  0.25692403545548409        1.4879521794427207E-015   8.7308626202267023E-019   2.0549199743795165E-018   1.5446079738811064E-015  -3.6153496412246996E-018   1.5519230077362201E-015   2.0378577753077795E-018  -9.9692538609031201E-018   2.6769882255165652E-017  0.13891917631117359     
