 5.2101978588263708E-007 -1.1516548977312101E-017 -2.5643101912839930E-017 -1.6671931823027422E-006  6.6184628047287947E-017  4.0287613355004182E-017 -4.2620822986439761E-014  7.1080171486582559E-006 -3.9814807964294856E-016  5.1089003974026269E-017  1.1671517014942417E-016 -1.6730951745817609E-015 -2.9900240730930923E-016 -5.1933548541531663E-016  4.7987967757346541E-016  4.0156813351239009E-016 -5.0043319817347275E-014  3.4931157385601109E-016 -5.0796182389445757E-015 -9.0838452520670755E-016 -1.5785015749436988E-015  1.4547632214957069E-015  1.2273129284027366E-015  1.4068219345404108E-004 -8.2136526607985741E-015  1.8424118567575998E-015 -1.1198797851784656E-016  6.5830536524716161E-019  7.6126464707278754E-019 -4.9775356645673041E-017 -3.7880077386349958E-019 -5.2301190176549575E-017 -1.3907344864753299E-018  4.9950626090905591E-019 -5.1898945195917583E-019  1.5694692077275216E-018  2.6899704908285018E-014  7.4840496325880076E-016 -1.0796780134568332E-014 -1.9312103453709524E-015 -3.3530649874382192E-015  3.0927653774725413E-015  2.6049015017117705E-015  5.0797912014466037E-004 -2.9646391982867069E-014  6.5961233870747410E-015 -1.1984179160424685E-019  2.6240645422114409E-020 -3.4421440235934388E-020  9.8862288261233870E-020 -3.6238975002353571E-020  1.9409098955409976E-019  2.9800647001067232E-020 -2.2538074950761523E-020  8.5575163010833425E-021 -4.2703281205567510E-020 -1.7641738217484624E-019 -2.4281784816526629E-020  9.3515896949098632E-020 -1.9397837123652697E-020 -1.6245359160033627E-019 -1.8432681902860030E-018 -4.5954524661804526E-019  2.3936427445278474E-019  3.6312059097790781E-018 -9.6658268335085409E-020  4.0987123670596192E-018  4.0405091387829422E-019 -6.5030082864222052E-020 -3.2398949052851207E-019  3.5640541699406390E-019  5.3340032699351803E-014  4.2830372261183056E-004 -2.4997140037909668E-014  5.5662194146399032E-015 -3.5801675947030392E-014  8.4172219351637324E-015
-1.1516548977312101E-017  5.2101978583651857E-007 -1.5944778164321745E-017 -6.6299720971122633E-018 -1.6671931821955953E-006  3.9190815187704106E-017  4.8675737954507974E-015  2.2491742593064276E-016  7.1080171483349426E-006 -6.8226417580639771E-017  9.8010397524824759E-016  8.3989330901033615E-016 -3.0957639200053159E-016 -1.2334282320003873E-015 -4.6411388107231761E-016  2.5188277825360223E-016  5.8757287858593416E-015  2.9726954212600120E-015  2.5503155808139881E-015 -9.4151973732868605E-016 -3.7377571904827031E-015 -1.4025873731880739E-015  7.6300279552839793E-016  5.1197257824171298E-015  1.4068219344782050E-004 -9.5637530660055029E-016 -2.7461609247068445E-018 -5.4381624666769622E-017  1.6768312760905363E-018 -1.0327509184431863E-018 -4.1208160492689777E-019 -7.6565921240766706E-019 -1.1061551828193169E-016  1.5102956346957927E-018 -5.3915458509432178E-017  4.2778763638936411E-018  9.5183138004916366E-016  6.3225195892029130E-015  5.4187072493764723E-015 -1.9993058091940619E-015 -7.9488042007482639E-015 -2.9870986647884182E-015  1.6247465781234382E-015  1.8409398345858572E-014  5.0797912012217521E-004 -3.4356524942791757E-015  2.2543821205781328E-020  3.1382690708442352E-019  1.2090995395490543E-019 -7.7327865298079428E-020 -7.8567030012562890E-020 -1.8387942661160589E-019  3.5514332269184618E-019  1.6479089773653403E-020  1.4780444988136705E-019 -4.6651685101407544E-021  6.7039501370656316E-020 -1.3329171725602325E-019 -4.7083427707421716E-020 -1.7642938244795933E-019 -4.5302301819171936E-019  4.7399108122306688E-019  5.9895766019204245E-018  6.0877601750699628E-019  3.3449129990516633E-019  1.5694298660183552E-019 -1.7150603785545699E-020 -5.6487783730024677E-018  1.0634950343510350E-019  4.9672925909309615E-018  6.4922065545828357E-019  1.7423123783389852E-015  1.5530194379249144E-014  4.2830372259287171E-004 -2.8981585246165560E-015 -2.7219687657800345E-015  7.3734446969733286E-016
-2.5643101912839930E-017 -1.5944778164321745E-017  5.2101978587352301E-007  9.1786925380669040E-017  4.9334339235085380E-017 -1.6671931822796544E-006 -2.3881037015096303E-014 -4.3383015854926075E-016 -1.7595717186860204E-016  7.1080171485904653E-006 -1.2165227670662245E-015 -1.4788221775034298E-015  2.4868042024802254E-015  1.5620695640072772E-015  9.3140851129299157E-017 -3.4548969920321181E-016 -2.7803184299368009E-014 -3.6836554415846153E-015 -4.4925138936797271E-015  7.5461072033371281E-015  4.7384239874548849E-015  2.8434051980847483E-016 -1.0509335688690737E-015 -8.7501823820534926E-015 -3.3463062069724244E-015  1.4068219345279257E-004 -1.9378459182624902E-018 -1.8708372916757851E-018 -4.9240239593852294E-017 -1.8397578879280617E-018  4.1893899656203288E-019 -1.5936391367703375E-018 -1.4614007697928691E-018 -4.7975459248520880E-017 -1.2990121057104843E-018 -9.7057169031461736E-017  2.1535060570926694E-014 -7.8366269852239941E-015 -9.5461000872497337E-015  1.6041642377048854E-014  1.0074997138060129E-014  6.0296344452658742E-016 -2.2342127629633540E-015 -3.1603680176325318E-014 -1.2111049418659368E-014  5.0797912014023032E-004  4.1723015733223415E-019 -1.0252480055556793E-019  9.4164891966827829E-020  3.2422359177333217E-019  1.9320248756910349E-020  3.4286252194707791E-019 -1.1549231546776813E-019 -1.5557062038574479E-020 -5.5724798840836524E-020  2.4055428329455812E-020  4.0415157686166036E-019 -1.1787682837014114E-020  1.6145857613606407E-019  8.1752516654231280E-021  3.5051542170072153E-019 -5.9341625448588731E-019  7.4380467718213610E-020  3.0466948832323029E-018  1.1370821330968486E-019 -5.8153958079632389E-020  1.9050155097709150E-019 -5.1155226959509365E-019  2.0231343629681783E-018 -1.6175238913517009E-019 -7.9993731417407942E-018  4.2490011330951543E-014 -2.6647392246342834E-014 -1.0208942662123362E-014  4.2830372260808616E-004 -3.1008947322846916E-014  7.4465230337440573E-015
-1.6671931823027422E-006 -6.6299720971122633E-018  9.1786925380669040E-017  5.3347937687396211E-006 -7.2647342149393697E-017 -1.6005746328929721E-016  6.7849625468203128E-014 -2.2744698092143863E-005  6.8082515984201990E-016 -3.0702826759249867E-017 -1.2512809215964357E-016  2.3345328631818708E-015  1.1217990105037636E-016  8.3734131148664987E-016 -1.0810209333350448E-015 -7.0884637935058903E-016  7.9749088932025428E-014 -3.6389425101853160E-016  7.0894109963349049E-015  3.4294465159030647E-016  2.5483195398664672E-015 -3.2753126687031761E-015 -2.1784189089590761E-015 -4.5016408234985016E-004  1.4542038908353550E-014 -3.2675820599619041E-015  3.5834645697491233E-016 -2.1064885522752401E-018 -2.4359444004390667E-018  1.5927444119186215E-016  1.2121114874504608E-018  1.6735676849764129E-016  4.4501631642421169E-018 -1.5983527990176248E-018  1.6606963914805810E-018 -5.0220902059982271E-018 -4.0887679472343554E-014 -7.9237693745122101E-016  1.5067519426813563E-014  7.3000119735589830E-016  5.4096005086356162E-015 -6.9636297173570170E-015 -4.6179962668391807E-015 -1.6254648072963826E-003  5.2471385688575744E-014 -1.1617876799483466E-014  3.8347759790145301E-019 -8.3966533009883728E-020  1.1014397546398698E-019 -3.1634601709341811E-019  1.1595984201810587E-019 -6.2106504277410871E-019 -9.5358058686785147E-020  7.2118806132073681E-020 -2.7382900209565922E-020  1.3664475181096244E-019  5.6451187211561969E-019  7.7698442921869537E-020 -2.9923828389337656E-019  6.2070467733210847E-020  5.1982962174076474E-019  5.8982100934417811E-018  1.4704829310058281E-018 -7.6593345830227223E-019 -1.1619370128318296E-017  3.0929344786150381E-019 -1.3115327862285948E-017 -1.2929085362125256E-018  2.0808751176145557E-019  1.0367227582444515E-018 -1.1404493601039121E-018 -8.1124083556152002E-014 -1.3705142599981341E-003  4.4243665486262046E-014 -9.8105930931129557E-015  5.3703007013009309E-014 -1.2578902154563720E-014
 6.6184628047287947E-017 -1.6671931821955953E-006  4.9334339235085380E-017 -7.2647342149393697E-017  5.3347937685261256E-006 -1.2000778553203711E-016 -8.8008923688010873E-015 -3.1952674741014986E-016 -2.2744698091660820E-005  1.9530310521052676E-016 -1.7214443354232438E-015 -1.4565439987522505E-015  5.8239626828534203E-016  2.0270864570555469E-015  5.4479736193629053E-016 -3.0102958446671860E-016 -1.0668957841093767E-014 -5.2177017728452501E-015 -4.4239351275603592E-015  1.7736168326926649E-015  6.1329753384875286E-015  1.6337761537997087E-015 -9.0868512696524724E-016 -8.4620778231582007E-015 -4.5016408234086077E-004  2.6048128179120202E-015  8.7873453026027852E-018  1.7401387883114135E-016 -5.3656343715331206E-018  3.3046639215957279E-018  1.3186056670160303E-018  2.4500064143365631E-018  3.5395476897012837E-016 -4.8327427358145230E-018  1.7252220987642453E-016 -1.3688628535669620E-017 -2.7302201995038349E-015 -1.1102645082641692E-014 -9.3962264723571644E-015  3.7636000636071223E-015  1.3048326847928636E-014  3.4910976672834079E-015 -1.9407602653709026E-015 -3.0308559833799547E-014 -1.6254648072638479E-003  9.3490401308454981E-015 -7.2137193765109399E-020 -1.0042038597124722E-018 -3.8689557739145990E-019  2.4743875984353718E-019  2.5140392043912183E-019  5.8838941354292345E-019 -1.1364108282869957E-018 -5.2730869071527588E-020 -4.7295434425403744E-019  1.4927911306280275E-020 -2.1451738060109701E-019  4.2651555342132755E-019  1.5066063066268941E-019  5.6455027539226166E-019  1.4496126779346069E-018 -1.5167076578819176E-018 -1.9165838892154873E-017 -1.9480013110198745E-018 -1.0703271348982993E-018 -5.0219643163606989E-019  5.4879623761937142E-020  1.8075330433183693E-017 -3.4030409571462010E-019 -1.5894667662727659E-017 -2.0774187083321038E-018 -5.1109901808241094E-015 -2.5581190154185556E-014 -1.3705142599707008E-003  7.8870813463165908E-015  6.6280065452439403E-015 -1.7589753738552598E-015
 4.0287613355004182E-017  3.9190815187704106E-017 -1.6671931822796544E-006 -1.6005746328929721E-016 -1.2000778553203711E-016  5.3347937686851865E-006  3.6517190172650911E-014  8.1839391627128589E-016  4.0164389899714681E-016 -2.2744698092009839E-005  1.5762274781571034E-015  1.9369798002163698E-015 -4.0254841208654310E-015 -2.4052034480495303E-015  1.4422697761170315E-016  8.2879326481793219E-016  4.2521387479283595E-014  4.7554721395302250E-015  5.8909993863108649E-015 -1.2210995197203905E-014 -7.2905779789300125E-015  4.3265395819753390E-016  2.5228344291910437E-015  1.6721826289099696E-014  7.5133851221777993E-015 -4.5016408234749576E-004  6.2008461011418574E-018  5.9864275082198070E-018  1.5756213865682613E-016  5.8869776024104710E-018 -1.3405483971446768E-018  5.0994307279978474E-018  4.6762857523857865E-018  1.5351501179910708E-016  4.1566638844339307E-018  3.1056987640011186E-016 -3.3518430983522157E-014  1.0129298576911291E-014  1.2511456915822678E-014 -2.5960574788644001E-014 -1.5506228313471424E-014  9.2426737880373761E-016  5.3636266485328163E-015  6.0406052989491782E-014  2.7219501939996899E-014 -1.6254648072881314E-003 -1.3350803452466046E-018  3.2806556147089163E-019 -3.0131497948632484E-019 -1.0374718532924595E-018 -6.1822195393738304E-020 -1.0971139207683886E-018  3.6955986385439115E-019  4.9780504257127726E-020  1.7831185542993000E-019 -7.6974132938043278E-020 -1.2932306490635968E-018  3.7718998335757134E-020 -5.1664571206807839E-019 -2.6159704905921290E-020 -1.1216021718140693E-018  1.8988521369433110E-018 -2.3800748471476687E-019 -9.7490135222047981E-018 -3.6385097708506716E-019  1.8608483798324312E-019 -6.0957932078576788E-019  1.6368984046596036E-018 -6.4737576349506424E-018  5.1758587226457907E-019  2.5596917288050334E-017 -6.6127774346616231E-014  5.0933703869137359E-014  2.2942134098730652E-014 -1.3705142599911473E-003  4.8414276160929296E-014 -1.1635114241531314E-014
-4.2620822986439761E-014  4.8675737954507974E-015 -2.3881037015096303E-014  6.7849625468203128E-014 -8.8008923688010873E-015  3.6517190172650911E-014  6.1018795419989902E-001 -3.3749502737564830E-014  5.4064025895740719E-015 -1.7986499202266792E-014  2.8348918178150547E-014 -5.9817120500980830E-016  2.6428456561521299E-016  2.5968377423147960E-014 -2.3172061947544224E-015  3.1733764214285809E-014  7.2027279469935068E-001  1.3456633043042972E-013  1.3817028169084362E-015 -6.3383745048249852E-016  1.1263495213041466E-013  2.4354804831799752E-016  1.4646572163681195E-013  9.3214713618026909E-015 -3.7006183922447282E-015  1.2066761236873926E-014  6.6688781965341117E-017  1.6465780048997304E-016 -1.1518439334193484E-015 -3.9410539529615946E-017  1.4227709745095597E-016  1.3559900795609912E-016  1.0406773221986006E-015 -1.0066726001984442E-015  2.4508093248593413E-016 -2.0527250161284914E-015 -2.8525078134205756E-001  6.9956192094008305E-014  9.4864554208334473E-016 -1.5103107016326103E-015  1.2380940860577617E-013 -8.4361657470666455E-016  9.2505976773601123E-014  1.1132894809876216E-016  5.1403750768800263E-016  1.6813597786998312E-015  1.5942469192926540E-014 -1.8831746422376825E-016 -3.3848150577022205E-017  7.6405361880171721E-015  2.1272079652892453E-017  7.5565538596482503E-015 -1.7215789163828383E-016 -4.2651788500324542E-017 -7.0319260030627832E-017 -7.6763426956462412E-017  1.6265049307811816E-014  3.9055273620611855E-017  2.4321003286912444E-015  3.8847979101789291E-017  1.5384041342264783E-014 -4.4398955190222955E-017  1.7477835971491499E-016 -6.1795937572029822E-017  8.5829232882349118E-017 -5.0453759120160321E-017 -6.4087996643056048E-017  2.8287716008868117E-016 -9.3976835314372969E-017  1.7556977500258931E-016 -2.8366171661556805E-016 -5.6927867274191801E-001  2.3689466745119051E-015 -5.9585531996911771E-016  4.7601184397302656E-015  3.4359894982393380E-001 -7.8371081153593619E-002
 7.1080171486582559E-006  2.2491742593064276E-016 -4.3383015854926075E-016 -2.2744698092143863E-005 -3.1952674741014986E-016  8.1839391627128589E-016 -3.3749502737564830E-014  9.6971188339862142E-005 -2.1986308461693600E-016 -4.4890713325202697E-016  8.8212644449651152E-017 -1.0543848590959162E-015  2.8104575523482094E-016 -4.7330258355176177E-016  8.1488909103669781E-016  3.7073554004030665E-016 -3.9718346872272661E-014  1.9983416625893713E-016 -3.2129148636619656E-015  8.4280209765539862E-016 -1.4646547838617709E-015  2.4473952584876361E-015  1.2392126367996657E-015  1.9192580985925014E-003 -8.9011537978610612E-015  2.4556637105700158E-015 -1.5277970113946057E-015  8.9809368693507121E-018  1.0385559850862324E-017 -6.7906075393808702E-016 -5.1677929892087017E-018 -7.1351946076348966E-016 -1.8973107909664316E-017  6.8145186962921986E-018 -7.0803183386604407E-018  2.1411497898537827E-017  2.0587232910028735E-014  5.0523569470409964E-016 -6.8211827522776280E-015  1.7871029234638212E-015 -3.0826884433399210E-015  5.2087699097144912E-015  2.5807471084770674E-015  6.9301097481966186E-003 -3.1981046771521914E-014  8.0959544623824034E-015 -1.6349426995590728E-018  3.5798824155646904E-019 -4.6959481043383464E-019  1.3487296787952296E-018 -4.9439054474403739E-019  2.6478880983508698E-018  4.0655559407760760E-019 -3.0747589198917648E-019  1.1674599324801279E-019 -5.8257990114735311E-019 -2.4067757053032956E-018 -3.3126446901833042E-019  1.2757914818131463E-018 -2.6463516861861629E-019 -2.2162745646776356E-018 -2.5146802983153363E-017 -6.2693501853751980E-018  3.2655292824050413E-018  4.9538759518521651E-017 -1.3186613013154710E-018  5.5916720596627733E-017  5.5122682490858697E-018 -8.8717349498269482E-019 -4.4200295556276459E-018  4.8622641310604885E-018  4.0686045206872613E-014  5.8431374156006199E-003 -2.6974697311309931E-014  6.8899963859267840E-015 -2.7024457089768840E-014  6.3341863366980558E-015
-3.9814807964294856E-016  7.1080171483349426E-006 -1.7595717186860204E-016  6.8082515984201990E-016 -2.2744698091660820E-005  4.0164389899714681E-016  5.4064025895740719E-015 -2.1986308461693600E-016  9.6971188339624011E-005 -3.6366575708642219E-016  9.7473491342512880E-016  9.4387258592383305E-016 -3.2921583273959689E-016 -1.2294956220133872E-015 -2.4549301383424859E-016  2.3509532509118899E-016  6.6784082824679284E-015  2.9256620456597712E-015  2.8760799823897093E-015 -1.0238162111361218E-015 -3.6456593077246627E-015 -6.6006700122708777E-016  6.9190769473144163E-016  4.7637027533594864E-015  1.9192580985902229E-003 -1.8230178152071598E-015 -3.7464525242394740E-017 -7.4190180717484490E-016  2.2876185871499448E-017 -1.4089313738170743E-017 -5.6218270281905526E-018 -1.0445512717773333E-017 -1.5090732102568345E-015  2.0604221875295517E-017 -7.3554213114953869E-016  5.8360967042157431E-017  3.5926680015909159E-015  6.2689409699910199E-015  6.0818400601115988E-015 -2.1487439274482144E-015 -7.8000241774778911E-015 -1.4810561760968570E-015  1.5101005726521513E-015  1.6149782642532878E-014  6.9301097481880691E-003 -6.3417622532855239E-015  3.0755428984187839E-019  4.2813864236267649E-018  1.6495151418354589E-018 -1.0549460995557107E-018 -1.0718514187378397E-018 -2.5085767401389930E-018  4.8450459984939812E-018  2.2481613135526945E-019  2.0164235467130880E-018 -6.3644603996328203E-020  9.1458700733936476E-019 -1.8184334607761026E-018 -6.4233608603786207E-019 -2.4069394486448845E-018 -6.1803706237386297E-018  6.4664276203528007E-018  8.1712853053035244E-017  8.3052323341681841E-018  4.5633005875510565E-018  2.1410961165442353E-018 -2.3397726933939858E-019 -7.7063510127790867E-017  1.4508740643753714E-018  6.7766334171926356E-017  8.8569986729605652E-018  6.8258704465898077E-015  1.3729539137013386E-014  5.8431374155934043E-003 -5.3659043843532594E-015 -7.2949539755772395E-015  1.8863624409652026E-015
 5.1089003974026269E-017 -6.8226417580639771E-017  7.1080171485904653E-006 -3.0702826759249867E-017  1.9530310521052676E-016 -2.2744698092009839E-005 -1.7986499202266792E-014 -4.4890713325202697E-016 -3.6366575708642219E-016  9.6971188339708769E-005 -4.8012791356987875E-016 -5.9754141769751241E-016  2.2153067299427984E-015  1.1611811603366776E-015 -2.2120446045229881E-016 -6.8027429036970817E-016 -2.1144392948673169E-014 -1.3329452995407468E-015 -1.8618386239886036E-015  6.6885939991555017E-015  3.4801583929345401E-015 -6.4951354982914439E-016 -2.0948943847881171E-015 -1.1119414850687387E-014 -5.3389514859191794E-015  1.9192580985907376E-003 -2.6437080580078288E-017 -2.5522914714775265E-017 -6.7176041471688188E-016 -2.5098913690081816E-017  5.7153790551923088E-018 -2.1741236399547575E-017 -1.9937173274054119E-017 -6.5450563739846902E-016 -1.7721784435796158E-017 -1.3241033077336860E-015  1.6859533440489336E-014 -2.9225643358568318E-015 -3.9122744635164942E-015  1.4236748046010908E-014  7.4365781000844335E-015 -1.4002597159466004E-015 -4.4572965348720254E-015 -4.0263040297642519E-014 -1.9661594863051275E-014  6.9301097481913165E-003  5.6920662290805958E-018 -1.3986955214752843E-018  1.2846453946916109E-018  4.4232233047762829E-018  2.6357666863514830E-019  4.6775050770904064E-018 -1.5756049623451483E-018 -2.1223735826242446E-019 -7.6022607326627550E-019  3.2817640127109330E-019  5.5136415832634283E-018 -1.6081356970116104E-019  2.2027001013553426E-018  1.1153094492141799E-019  4.7819098463665535E-018 -8.0956866286120552E-018  1.0147362059254833E-018  4.1564562544082948E-017  1.5512653332703214E-018 -7.9336590001466938E-019  2.5989191382981308E-018 -6.9788564732634789E-018  2.7600628873710827E-017 -2.2067084329032108E-018 -1.0913152055103065E-016  3.3314309736057673E-014 -3.3957212042249356E-014 -1.6543399128574566E-014  5.8431374155960229E-003 -2.4446722285602086E-014  5.8779528151873216E-015
 1.1671517014942417E-016  9.8010397524824759E-016 -1.2165227670662245E-015 -1.2512809215964357E-016 -1.7214443354232438E-015  1.5762274781571034E-015  2.8348918178150547E-014  8.8212644449651152E-017  9.7473491342512880E-016 -4.8012791356987875E-016  2.3912925088406659E-002 -8.1954842218192277E-016 -2.5427251450208734E-016 -1.1956462544203923E-002 -2.7346289295493326E-016 -1.1956462544201320E-002  3.7576434451114451E-014  7.2588194659827965E-002 -1.8064976597958733E-015 -2.7061686225226052E-016 -3.6294097329915363E-002 -6.4089900921058394E-016 -3.6294097329909868E-002 -7.4283615294988645E-016  6.5617391139289481E-016 -8.5812619181194543E-018  4.9117129978884000E-016 -5.8521797072159226E-017 -2.1815389121143305E-016  2.0412073357436578E-016 -2.2399253507937011E-017  1.6740470315849233E-016 -4.0178610329460478E-016 -1.3809364173712760E-016 -1.9520786973953155E-016 -2.5646920379539875E-016  5.3911461915268345E-014  1.5429562240742742E-001 -3.8607355160047151E-015 -3.1116602350296847E-016 -7.7147811203724909E-002 -1.5594621947946756E-015 -7.7147811203724145E-002  1.2365242462617353E-015 -1.3135265171220869E-016 -1.9714604729855599E-015  3.2484622671577492E-016 -9.3407168541143112E-018  6.6006594120456707E-017 -3.7732384828305803E-016 -7.1136503970033148E-017  4.0499262542120969E-016 -2.9258465027923308E-017 -1.2515388883883597E-017 -9.2571617386245334E-018 -1.7827559291707607E-017  2.9683685683028924E-015 -1.6760198329697472E-017  1.7128566494616910E-015  4.5618502394543283E-018  3.0451568628582507E-015  1.8810578083874941E-017  2.6053489789791153E-017 -2.5340808790869363E-017 -3.8652719639832777E-018  1.9015152988719554E-017  2.3302260149428874E-017  9.3134082215812355E-017 -4.9955683918628629E-017  3.6202882405674755E-017 -8.2415056516217044E-017  8.1799114305165336E-014  7.1399220985692823E-016  1.8284366992378426E-016 -1.5255024115238067E-015 -8.3797547627210785E-014  2.1525547964890812E-014
-1.6730951745817609E-015  8.3989330901033615E-016 -1.4788221775034298E-015  2.3345328631818708E-015 -1.4565439987522505E-015  1.9369798002163698E-015 -5.9817120500980830E-016 -1.0543848590959162E-015  9.4387258592383305E-016 -5.9754141769751241E-016 -8.1954842218192277E-016  2.3912925088412740E-002 -6.5225602696728055E-016 -5.2292426031680452E-016  4.8181944545255502E-016 -4.7771811191958793E-017  1.6416111224132137E-015 -1.1699625643294662E-015  7.2588194659832100E-002 -1.4779844015322414E-015 -1.2269915986014758E-015  1.5768636396629188E-015  5.9802220142123409E-016 -1.1101986560799488E-015 -3.8755606180665146E-016  6.9927540207204082E-015  5.9286389489780260E-016 -5.9233626720581923E-017 -1.4159972224703069E-015  2.7763038169535696E-016 -2.1340235081312121E-017  3.0109528710503890E-016  4.2728950352280528E-017 -1.4008270412382362E-015 -9.1219055949541290E-018 -3.0600020252219185E-015 -9.5774530973541397E-016 -1.1508806060946600E-015  1.5429562240745787E-001 -2.6922908347160097E-015 -5.1206868606451572E-016  3.3809760546787990E-015  2.6765461862935023E-015  8.0584779012788941E-016  1.2815978282246212E-016 -1.5861935077785387E-015  2.4653364774397754E-017 -1.4762340334959154E-015  8.8033555905184878E-017  7.5347258412841596E-017 -1.1903833894741909E-017  7.3574252614336382E-017 -2.9340928046327890E-015 -3.6089971942723780E-017 -4.5406540136598823E-016  6.1786685158296978E-017  1.4468528755399953E-016 -1.3426563516588730E-016  7.4011473342945196E-017 -1.0798689994068621E-016  1.0453497975066478E-016  2.8765565520307305E-017 -2.5721582209048577E-017 -1.8009810015923069E-016  7.3103521559508703E-018 -1.4532069060965400E-017  4.6689092522751376E-018 -8.2480907509351165E-017 -2.0146340592394131E-016 -2.6833308182235860E-017 -4.4521438049008259E-016  5.8101922303072647E-015  2.4497620615227584E-016 -5.4200233843787321E-017  8.4053182152720004E-016 -3.6313555364608922E-015  8.7666709818888446E-016
-2.9900240730930923E-016 -3.0957639200053159E-016  2.4868042024802254E-015  1.1217990105037636E-016  5.8239626828534203E-016 -4.0254841208654310E-015  2.6428456561521299E-016  2.8104575523482094E-016 -3.2921583273959689E-016  2.2153067299427984E-015 -2.5427251450208734E-016 -6.5225602696728055E-016  2.3912925088409483E-002  9.1447032238283462E-016 -7.0776717819853542E-016  4.7216496391961610E-016 -1.9185460749043383E-015  4.0885263924449213E-016 -2.5673907444457179E-016  7.2588194659827646E-002  1.0846358533542837E-015 -7.6848249985772633E-016  6.2104455692247397E-017  2.1622426000663177E-016  2.5068222048110266E-016 -1.1128290049827858E-015 -1.0668921111671741E-016 -1.9163095011764067E-017  9.0445612096652988E-017 -3.8675701755699078E-017 -1.0452135821565554E-017 -1.3972169881123535E-016  6.9282667121231780E-018  1.2996979562767853E-016 -5.8106408520222040E-017  3.9233500106310100E-016  5.8792195951803070E-015 -2.2722709130943660E-015 -1.1587952819525160E-015  1.5429562240744746E-001  4.0744317641982690E-016 -2.1718737919229637E-015 -1.6077430727886371E-015  2.0105209958057163E-016  1.6463956547023289E-016  9.9960679265858123E-016 -6.9700635648561828E-016 -7.7291452151137288E-017 -2.1230848791732916E-015 -3.0913663816255756E-016 -4.5250938219013860E-017 -2.5448608455472932E-016 -6.4437684261541184E-017 -1.2519391815237004E-015 -8.9366943139964291E-017 -1.8880090580707624E-015 -4.9322964916073729E-016 -1.0526977409023692E-016 -2.6007370388907068E-016 -9.8909233676771993E-017 -5.1009710026461429E-016 -3.3103960340195378E-017  2.0732507217736035E-017  8.0804906290417578E-017 -1.2519889629446420E-017  6.7246115278616206E-018  3.3451907302966780E-017  6.6582439428715801E-017  6.8453891535477345E-017  3.4221299419438271E-017  8.1111319464448787E-017 -9.8321256936992037E-015  2.2105879107160614E-016  2.6257837646619440E-016  4.9850143973990699E-016  4.3224181926608871E-015 -9.8845358561721154E-016
-5.1933548541531663E-016 -1.2334282320003873E-015  1.5620695640072772E-015  8.3734131148664987E-016  2.0270864570555469E-015 -2.4052034480495303E-015  2.5968377423147960E-014 -4.7330258355176177E-016 -1.2294956220133872E-015  1.1611811603366776E-015 -1.1956462544203923E-002 -5.2292426031680452E-016  9.1447032238283462E-016  2.3912925088406405E-002  1.2551673025574177E-016 -1.1956462544203112E-002  3.0959893223449227E-014 -3.6294097329914024E-002 -1.0016401770502870E-015  1.9716216506647869E-015  7.2588194659829491E-002  6.2276572787575037E-016 -3.6294097329914531E-002  8.8124570981031490E-016 -2.3939548118596261E-015 -3.4458451290266405E-017 -3.4827216796203444E-016  3.8410485450600991E-016  2.4422085517256975E-017 -1.5304265581685603E-016  2.4646240769280718E-017 -1.2978076002893216E-016  1.0705942781867097E-015  3.4821113380347774E-017  4.8386456311378733E-016  5.4123530069800753E-017 -4.6611903182870259E-015 -7.7147811203709102E-002 -2.4483453459058471E-015  4.2836827834899125E-015  1.5429562240744274E-001  1.6105823272273444E-015 -7.7147811203706382E-002  5.9884266739197454E-017 -9.8027028683037246E-016  1.0730051642856671E-015  1.2799560794389567E-015  3.0465579763593005E-017 -2.1123434455374024E-017  4.8314402185438890E-016  4.3356304449630128E-017  1.3462821812564291E-015  5.1080751039974267E-017  2.8002876309404454E-017  1.1300274678638420E-017 -2.4824777861169407E-017 -3.2820105536841190E-015 -1.0073000606199789E-016  5.9318360375574631E-016  2.1097429174572675E-017  2.9338607153862099E-015 -8.3964680319716014E-017  1.8138548558151225E-017  1.5682947140936655E-018 -2.7653659868439390E-017  1.9013587963407363E-018 -4.8495056296696475E-017  1.0245382462695046E-016 -4.0441428873426839E-019  2.8351913791315876E-017 -1.2742979073428662E-017  8.6053084721157565E-014  2.7792642050068924E-016 -1.4745123990285747E-015  8.0574482941465069E-016 -6.0127011164890061E-014  1.4510085354906252E-014
 4.7987967757346541E-016 -4.6411388107231761E-016  9.3140851129299157E-017 -1.0810209333350448E-015  5.4479736193629053E-016  1.4422697761170315E-016 -2.3172061947544224E-015  8.1488909103669781E-016 -2.4549301383424859E-016 -2.2120446045229881E-016 -2.7346289295493326E-016  4.8181944545255502E-016 -7.0776717819853542E-016  1.2551673025574177E-016  2.3912925088413872E-002  5.3418556334660067E-017 -2.5058489796857033E-015  3.3257901641608086E-017 -5.7592819402431277E-016 -9.6971042307103221E-016 -4.4411631490500939E-016  7.2588194659833405E-002  7.1817382498721098E-016 -3.5781295619054952E-016  2.8209290518671873E-015  1.1125205733142810E-015  1.0766046751772132E-017 -6.4348851781110308E-016 -2.5329586893458438E-016  5.8354103490522146E-018 -6.8898567316076307E-018 -2.4915049319662416E-017 -1.3440456734699110E-015 -2.0942882320851695E-016 -5.7493873329347008E-016 -5.2649773091170103E-016 -6.9323974366634774E-015  5.8720389662037596E-016 -5.5684623578858141E-016 -2.6992297286199028E-015  7.5395419074575369E-016  1.5429562240746050E-001  1.8233112637965247E-015  8.5650815441060861E-016 -2.2079224692899815E-015 -5.7803366755298727E-016  6.4380656803978284E-016  1.4426938741313018E-016  2.5410611903389866E-017  4.3510121323590999E-016 -3.1013869457119408E-016  3.7590608068912995E-016  1.1503224770469211E-016 -1.7448992159625365E-018  8.2002468418141070E-017  5.0900147421662424E-017  8.1390085228746501E-016 -2.2832364548988146E-015  2.9045334056030340E-016 -1.2243120195379009E-015  6.6897538953609547E-016  1.2989566261541276E-017 -2.0703036208178965E-016 -6.3913925883608334E-017 -2.1836340520556358E-018  5.5416432228216548E-018  1.7410920712945042E-017 -4.7482787005645321E-016 -1.0521880911705559E-016 -1.4501579733338430E-016 -1.8036077687310895E-016  8.6222816826772486E-015  4.9390751085581225E-016 -9.1801928158453836E-016 -2.0769658127661415E-016 -2.3718575324339699E-015  4.7620896631851167E-016
 4.0156813351239009E-016  2.5188277825360223E-016 -3.4548969920321181E-016 -7.0884637935058903E-016 -3.0102958446671860E-016  8.2879326481793219E-016  3.1733764214285809E-014  3.7073554004030665E-016  2.3509532509118899E-016 -6.8027429036970817E-016 -1.1956462544201320E-002 -4.7771811191958793E-017  4.7216496391961610E-016 -1.1956462544203112E-002  5.3418556334660067E-017  2.3912925088403651E-002  3.9293697585312261E-014 -3.6294097329909666E-002 -1.4117244021993683E-015  1.7363362267081584E-015 -3.6294097329916036E-002 -2.6870087372552860E-016  7.2588194659822025E-002 -4.2251246532122030E-016  1.3485627503036961E-015  5.8456853060060814E-017 -1.4289913182689526E-016 -3.2558305743330930E-016  1.9373180569370859E-016 -5.1078077757578034E-017 -2.2469872611747518E-018 -3.7623943129580614E-017 -6.6880817489089861E-016  1.0327252835628774E-016 -2.8865669337390489E-016  2.0234567372467963E-016  7.1074714537952364E-014 -7.7147811203709199E-002 -2.6603271994164469E-015  3.3335964197405048E-015 -7.7147811203721883E-002 -6.6088559863363274E-016  1.5429562240742548E-001 -2.3222550819762505E-015 -2.9377662630561896E-016  9.5412393984187667E-016 -1.6048023061765905E-015 -2.1124862909399385E-017 -4.4883159665310569E-017 -1.0582017358602494E-016  2.7780199520433188E-017 -1.7512748066910358E-015 -2.1822286011880925E-017 -1.5487487425528609E-017 -2.0431129399726538E-018  4.2652337152911394E-017  3.1364198535616310E-016  1.1749020439172637E-016 -2.3060402532314254E-015 -2.5659279413962784E-017 -5.9790175782702335E-015  6.5154102235807288E-017 -4.4192038347772248E-017  2.3772514076612111E-017  3.1518931832231795E-017 -2.0916511785019893E-017  2.5192796146935179E-017 -1.9558790684276850E-016  5.0360098207250220E-017 -6.4554796196921564E-017  9.5158035589622077E-017  6.4652210631051112E-014 -1.8568634418600474E-015  1.0670296671150802E-016  7.6669471201441073E-016 -7.9472819729845771E-014  2.0707530239469441E-014
-5.0043319817347275E-014  5.8757287858593416E-015 -2.7803184299368009E-014  7.9749088932025428E-014 -1.0668957841093767E-014  4.2521387479283595E-014  7.2027279469935068E-001 -3.9718346872272661E-014  6.6784082824679284E-015 -2.1144392948673169E-014  3.7576434451114451E-014  1.6416111224132137E-015 -1.9185460749043383E-015  3.0959893223449227E-014 -2.5058489796857033E-015  3.9293697585312261E-014  8.5087847281161377E-001  1.6725637125527073E-013  8.4427095134532287E-015 -7.1689004565959896E-015  1.3188186201550062E-013  8.5382952704134276E-016  1.7404789190892511E-013  9.6764063013830022E-015 -3.5202328792124276E-015  9.6031390153763705E-015  4.4766904423742089E-017  2.3302020431872399E-016 -1.3984809950627456E-015 -6.3387373700973315E-017  1.8350999810077694E-016  1.4604315230594187E-016  1.3094979174533965E-015 -1.2326065106617704E-015  3.0787444962641416E-016 -2.5060787665386524E-015 -3.1976359396516646E-001  8.5578386043127341E-014  1.5852959191759143E-014 -1.5548089523936186E-014  1.2607619252661381E-013  3.6008284449795709E-016  9.6767547937233292E-014 -4.3964441317357300E-015  4.9430241265077392E-015 -1.5358162952038434E-014  1.6274864076615551E-014 -2.1958464305243635E-016 -5.2737105401559461E-017  7.3583732301328701E-015  2.8410076183025642E-017  7.3916401087401595E-015 -2.0006490611872358E-016 -4.4424963825794387E-017 -7.9811408040419347E-017 -7.5885998539802174E-017  1.6297208263442865E-014  4.7657341603162013E-017  1.3484726926588075E-015  5.1284456396697557E-017  1.5191765910015243E-014 -5.5297809338677732E-017  2.2279407582877423E-016 -9.0473736179772409E-017  8.0899148363805685E-017 -5.4757865812684718E-017 -1.0918425414879956E-016  3.2585993833624403E-016 -1.2273374622060496E-016  2.1266049389036720E-016 -3.3542609085111162E-016 -6.3896181731229407E-001 -1.0519056952290116E-015  2.8495168220225743E-015 -8.9200062064229310E-015  3.7688827749267878E-001 -8.5352883446122879E-002
 3.4931157385601109E-016  2.9726954212600120E-015 -3.6836554415846153E-015 -3.6389425101853160E-016 -5.2177017728452501E-015  4.7554721395302250E-015  1.3456633043042972E-013  1.9983416625893713E-016  2.9256620456597712E-015 -1.3329452995407468E-015  7.2588194659827965E-002 -1.1699625643294662E-015  4.0885263924449213E-016 -3.6294097329914024E-002  3.3257901641608086E-017 -3.6294097329909666E-002  1.6725637125527073E-013  2.2034301468738296E-001 -1.4839475134823593E-015  2.7638481781003824E-015 -1.1017150734369033E-001  6.7610847476171198E-016 -1.1017150734368437E-001 -3.5995110916629643E-015  1.3353951822221013E-015  2.4379270361087751E-015  1.4909609672849643E-015 -1.7764416448477098E-016 -6.6221079447747246E-016  6.1961284485433625E-016 -6.7993412259672451E-017  5.0816055061973313E-016 -1.2196302949026962E-015 -4.1918619786822475E-016 -5.9255765638849137E-016 -7.7851774387962502E-016  3.6428060307739030E-014  4.6836765611328746E-001 -3.2157436435949904E-015  6.6743485738217892E-015 -2.3418382805666635E-001  8.3700407715839498E-016 -2.3418382805668683E-001 -1.1016808808950148E-015 -2.7689963141174750E-015  2.9125804191665022E-015  9.8607765685662977E-016 -2.8353945440166808E-017  2.0036442572934646E-016 -1.1453745975219211E-015 -2.1593637660415521E-016  1.2293637612893145E-015 -8.8814695276612992E-017 -3.7990730167496858E-017 -2.8100312103090628E-017 -5.4115936858262575E-017  9.0105461653874707E-015 -5.0875939869267417E-017  5.1994129298726898E-015  1.3847593799767849E-017  9.2436386729830964E-015  5.7099911389697871E-017  7.9085924512987514E-017 -7.6922566124605833E-017 -1.1733115572236786E-017  5.7720902881093380E-017  7.0734508199696839E-017  2.8271049502954069E-016 -1.5164154511595938E-016  1.0989462249363223E-016 -2.5017266366150050E-016 -6.2625072921178688E-016 -1.9263143552757179E-015 -1.4434746851818574E-015  2.8708223797698628E-015 -5.0036018816624775E-014  1.4965842642927459E-014
-5.0796182389445757E-015  2.5503155808139881E-015 -4.4925138936797271E-015  7.0894109963349049E-015 -4.4239351275603592E-015  5.8909993863108649E-015  1.3817028169084362E-015 -3.2129148636619656E-015  2.8760799823897093E-015 -1.8618386239886036E-015 -1.8064976597958733E-015  7.2588194659832100E-002 -2.5673907444457179E-016 -1.0016401770502870E-015 -5.7592819402431277E-016 -1.4117244021993683E-015  8.4427095134532287E-015 -1.4839475134823593E-015  2.2034301468735204E-001  7.3552275381415921E-016 -1.9460344793927370E-015 -1.4190038033490231E-015 -2.0301550154489060E-015 -3.6136146389364174E-015 -9.6001669426929685E-016  2.0276855816754129E-014  1.7996510109290728E-015 -1.7980493858048975E-016 -4.2982898011190157E-015  8.4275295119599389E-016 -6.4778739214957016E-017  9.1398117255557239E-016  1.2970464108063242E-016 -4.2522403920974468E-015 -2.7689739191150238E-017 -9.2887014802677451E-015 -1.2481994130004842E-014  9.0205620750269416E-016  4.6836765611328746E-001  2.9420910152566435E-015  2.2234818153348415E-015 -2.9073965457371200E-015 -4.9480276642518622E-017  1.5666323060477321E-015  1.1704798245592838E-015 -8.2444820382500105E-015  7.4835815136701609E-017 -4.4811399270763064E-015  2.6722773851433527E-016  2.2871821161789808E-016 -3.6134341940796487E-017  2.2333621466192960E-016 -8.9065013529398752E-015 -1.0955188037275794E-016 -1.3783252203897262E-015  1.8755480197719006E-016  4.3919527948109245E-016 -4.0756620219019892E-016  2.2466340751853302E-016 -3.2779654034889696E-016  3.1731816291352555E-016  8.7318488297362590E-017 -7.8078411965311255E-017 -5.4669162822572819E-016  2.2190730049384280E-017 -4.4112405902138523E-017  1.4172573719039733E-017 -2.5037255575681146E-016 -6.1154647003539944E-016 -8.1453079892873537E-017 -1.3514577575467214E-015 -1.0874902622530639E-015  2.0478864522095647E-018  4.9435370552005572E-016 -3.4018696347300901E-016  4.4587874472443926E-015 -1.1614185065856088E-015
-9.0838452520670755E-016 -9.4151973732868605E-016  7.5461072033371281E-015  3.4294465159030647E-016  1.7736168326926649E-015 -1.2210995197203905E-014 -6.3383745048249852E-016  8.4280209765539862E-016 -1.0238162111361218E-015  6.6885939991555017E-015 -2.7061686225226052E-016 -1.4779844015322414E-015  7.2588194659827646E-002  1.9716216506647869E-015 -9.6971042307103221E-016  1.7363362267081584E-015 -7.1689004565959896E-015  2.7638481781003824E-015  7.3552275381415921E-016  2.2034301468735501E-001  8.5001450322829025E-016  1.2351231148954855E-015  1.1082985657682917E-015  4.5213324417563071E-016  2.7655039955740866E-016 -4.0908638569661834E-015 -3.2385737821730829E-016 -5.8169984050543328E-017  2.7454958658259679E-016 -1.1740091842661064E-016 -3.1727681445142505E-017 -4.2412819987570237E-016  2.1030901527243943E-017  3.9452608955384072E-016 -1.7638324366641144E-016  1.1909412722931117E-015  2.7503772332245572E-014 -3.6620012577858289E-015 -3.0531133177193235E-016  4.6836765611329101E-001 -3.9534348017515055E-015  9.8532293435482446E-016 -2.9244998350090779E-015 -1.2710564282552274E-016 -1.2493208885173140E-015  4.6035791764313776E-016 -2.1157776765784115E-015 -2.3461985321935519E-016 -6.4446694797477830E-015 -9.3839086537875035E-016 -1.3736018909598199E-016 -7.7249794308308999E-016 -1.9560196635558139E-016 -3.8002881150978444E-015 -2.7127526393422274E-016 -5.7310918057943643E-015 -1.4972091307501912E-015 -3.1954864681797431E-016 -7.8945928087115403E-016 -3.0024109059185238E-016 -1.5484106387054979E-015 -1.0048777840022026E-016  6.2933968309723424E-017  2.4528501827324037E-016 -3.8004392276656892E-017  2.0412701866941224E-017  1.0154397883455448E-016  2.0211241645716210E-016  2.0779324928374245E-016  1.0387948503104416E-016  2.4621514200515408E-016 -1.0999504990285998E-014  4.9285211778009078E-017 -6.7768499664133584E-016 -6.5703662297856961E-016 -2.9032000902301769E-015  9.7841026745482964E-016
