   1.2824265135170221E-004   9.4037762764935598E-010  -1.0411075963290061E-010   6.2947118663072837E-010   3.2387494825784866E-010   1.3984708674341887E-009  -7.3553197202270365E-010  -7.9337185597932111E-011  -6.1311057515067908E-011  -2.4453775106887490E-010   3.9514383974296151E-003   6.1202320210469215E-009   2.7036891151069641E-009  -1.8112901942026759E-008  -1.3536925839924906E-009   2.1474727539653313E-009  -8.2547537472598665E-011   7.8170253878902769E-010  -2.2157402986663729E-010   5.7199000336794983E-010   8.3247423526382168E-003   8.3472237014497006E-009   6.5140421364580002E-009  -3.0344093976448878E-008  -1.6375216846210423E-010   4.1943399868181723E-010  -2.8719032142490075E-010   5.8814888667809927E-011  -4.7074078317037281E-011   1.6088223424334403E-010  -1.6255308278787636E-010   2.2470433194547327E-010  -2.0134611340219184E-010   4.6574307531913212E-011   5.1699484475870158E-003   5.3154127341584730E-009   3.9494617800931924E-009  -7.5625262107462739E-010   8.1056150716265092E-010   1.3433099228141020E-010   4.0177442121395061E-010  -8.4799875285887184E-011   3.5447818627810776E-010  -6.7469656339929568E-003  -7.1712736220173969E-009  -5.3359263345609984E-009   1.9667024040073706E-009  -2.0658687195029870E-009  -3.0266442711088860E-010  -1.0740293228138765E-009   1.0929886610074543E-011  -8.9267303731341268E-010   1.6580634289461238E-008  -1.0233336978821323E-010   1.8851910616721262E-010  -1.6038465780986636E-010   1.8526396133441235E-011  -2.9229091614056692E-011   1.1876858614430884E-010  -7.8885899177392207E-011   1.0292807854458326E-010  -8.2682554094409426E-011   4.2825604638326042E-011   1.9500958437409366E-008  -1.8984467905911521E-008  -8.6322035111721694E-004  -9.2164170083000312E-010  -6.8955432760290112E-010   8.9932989521080417E-009
   9.4037762764935598E-010   1.2823940218868865E-004   1.1471444401902592E-009   5.8713081485524429E-009   1.1288347471337513E-009   2.3216354971606456E-010  -5.1237458351774086E-011  -1.2005748930241380E-009   1.6185616420794122E-009   7.1740111086725798E-011   2.4927533477537234E-008   3.9513865795897541E-003   4.7487952012502720E-009   1.5772564815496585E-008   1.1728066972758328E-009  -8.1005204009899077E-010  -2.5723936539104751E-010  -1.3437508255345108E-009   3.0997297770338203E-009   1.7094420823339333E-010   5.1230217283932937E-008   8.3246383259251260E-003   6.6715663372639134E-009   2.5313805770513405E-008   2.7559173653127269E-011   1.4263789297099507E-010  -1.0940680868472130E-010   2.8924569511834550E-011   1.0535101622240796E-010  -6.5899108021558280E-011  -1.1333046742299591E-010  -1.8650859295549964E-010   9.4112656914480754E-012   2.2056230606475874E-010   3.1653370020624099E-008   5.1698839409909875E-003   4.2372838789997194E-009   4.2391086944534385E-010  -5.3401100034866956E-010  -7.6330543509263819E-011  -4.7616518143953576E-010   1.3190313126842714E-009   5.2254269390048930E-011  -4.0944730537958460E-008  -6.7468816719018073E-003  -5.9431513588842979E-009   1.5530356999659922E-009   1.6722273397788806E-009   1.8869333448301330E-011  -2.8497489355907678E-009   3.1652115521437909E-011   1.2967130100804064E-009  -1.5281308485309213E-008   3.2474561277424695E-011   7.1884773628882812E-011  -4.6002658153159424E-011   1.7181687699178901E-011   3.8326775023960002E-011  -6.0750886973386173E-011  -4.6815883576584929E-011  -1.0390848950453091E-010  -9.0747446725358698E-012   1.1173716574548714E-010  -1.8031755178890215E-008   1.7968488442971764E-008  -5.2197230764833884E-009  -8.6320962707792256E-004  -7.7242056480107686E-010  -8.5339012241520200E-009
  -1.0411075963290061E-010   1.1471444401902592E-009   1.2824292292394060E-004  -3.4860420246824614E-009  -3.4135128967409298E-010  -3.1927973947493916E-011   8.8244978711011110E-011   1.6753485978792245E-009   1.7251929190726470E-010  -1.3339972138703466E-009  -5.9311669478924006E-009   3.1548468866119368E-008   3.9514433590744514E-003   3.4825310309675157E-009  -9.5732388402062291E-010  -2.4705152678565801E-010  -1.0888381276949070E-009   1.8348771726319555E-009   9.7215958510989673E-010  -8.7755323948983345E-010  -1.3212337751844625E-008   6.6995036015342583E-008   8.3247506161377941E-003   6.6547801826927554E-009  -7.4421998257446191E-011  -5.6780599213323489E-011   3.4736028063560005E-011   1.9927961515238562E-010  -5.5161703448614705E-011  -9.9432076202097539E-011  -2.6709209133808521E-010  -5.9986773472789755E-010   4.1512217810234681E-010   4.2122375670936051E-010  -8.1690031837127538E-009   4.1364457331963762E-008   5.1699537006372927E-003  -4.4986863708910496E-010  -9.2129678191399646E-011  -6.2285974484615005E-010   5.8176908607653122E-010   3.7650968128289736E-010  -1.3190034126771860E-010   1.0200935004355333E-008  -5.3527926069801799E-008  -6.7469719466981271E-003   5.0210967545661087E-011  -3.1441950195075437E-011   1.6723200358051012E-009   3.4720593404166025E-010  -2.3735950155356019E-009  -3.9741661417541604E-010  -2.8026827380794098E-009  -2.1360766224993971E-011  -3.4912514493963856E-011  -2.4294220446997369E-011   9.9154726340648062E-011  -1.9542564409294959E-011  -7.0496285707769759E-011  -1.1027006238065258E-010  -2.6865920529157130E-010   1.8285530196839856E-010   2.1835440883629225E-010  -3.2087337090985929E-009   2.8815246695641297E-009   1.2877024834358883E-009  -6.8276711226289982E-009  -8.6322113627865845E-004  -1.3517626733713363E-009
   6.2947118663072837E-010   5.8713081485524429E-009  -3.4860420246824614E-009   1.1545382630352674E-004   2.7998303506010634E-011   1.1525750360599008E-010  -8.4543442040980281E-012  -1.7174655269245047E-010   7.0755997884959249E-011   1.4374915863298041E-010   2.8691449688526795E-008   1.7370288537267823E-007  -1.0978920122779553E-007   7.3442262221932167E-003  -1.9408795161573516E-010   8.9204592372802496E-011  -1.2773504706367875E-010   6.6837350939718943E-011  -1.8021021441347323E-010   1.2726003157678341E-010   5.8467776067771218E-008   3.6336480746850077E-007  -2.2847629222303806E-007   1.2134253159297758E-002  -3.3454162017981171E-011   1.3926222994257622E-010  -6.1131554872513036E-011   3.4118602339263632E-011  -4.9064575316680450E-011   1.0764706307382645E-011  -1.6683281882103726E-010   2.4513481433400412E-010   8.4567321895958247E-011  -1.3714794586273176E-010   3.5051395463976767E-008   2.2567253984686720E-007  -1.4085544527815328E-007   3.4969904324876386E-010   7.3842035836706844E-011   2.0681345235174846E-010  -3.4301995824869424E-010   3.4127811384123263E-010  -6.6783267707007829E-012  -4.5722252399943532E-008  -2.8840050002926819E-007   1.8072109956455499E-007   3.3305581982278631E-009   1.7184917327080729E-009   1.4561468055531213E-009  -4.4668693324554116E-009   3.6720439661153388E-009   1.1363000424675425E-009  -5.3615367588766040E-003  -2.7302770183043727E-011  -7.4035859106130715E-011   1.8625637245856935E-011   1.0481265560596556E-011  -1.6660007708606470E-011   2.6149188347865082E-011   2.7732868726620574E-011  -4.8537659890657290E-011   3.6828286324391456E-011   2.2295095003958052E-011  -5.9162698467109193E-003   4.9552040640151295E-003  -5.8224745762621141E-009  -3.6663234792764781E-008   2.2980652846577803E-008  -2.2937083149490835E-003
   3.2387494825784866E-010   1.1288347471337513E-009  -3.4135128967409298E-010   2.7998303506010634E-011   5.7179504522719181E-007   1.0582051655434346E-013  -5.4619790193249822E-013  -2.8589792128664221E-007   7.2678391122014974E-013  -2.8589712393456955E-007   1.0000014424333150E-008   3.4820527160586769E-008  -1.0526786885826120E-008   1.9388981395374683E-009  -8.3792553640731903E-006  -8.9098340691856006E-012   9.3400125622614543E-012   4.1896297303980705E-006  -4.9613251486659958E-012   4.1896256338248049E-006   2.1060802469703025E-008   7.3336554311339295E-008  -2.2170256118171606E-008   3.1678662922513813E-009   1.1694304249420717E-011  -8.5125054079036835E-012  -4.3118650485624149E-012  -7.7945165909594566E-012  -3.8621040814097909E-014  -7.8950389977476297E-012   5.6556660374857263E-012  -9.8124470927525523E-013   9.2463298309097605E-013   3.9452530017797587E-012   1.3126914880386608E-008   4.5585186335866557E-008  -1.3767820790535464E-008  -1.3084115853332257E-004  -9.2074503396565553E-011   1.0633144202758252E-010   6.5420630959903012E-005  -7.8044828778299619E-011   6.5420527573361795E-005  -1.6064612184848219E-008  -5.9046917946823774E-008   1.8182712941253980E-008  -9.9354394494878496E-004  -5.9057843332084021E-010   7.3076105805164517E-010   4.9677239875120396E-004  -6.3606804716454507E-010   4.9677154619696170E-004  -1.6247911679027803E-009   3.2959767316432809E-011  -2.7661967391700560E-011  -1.0073354179658378E-011  -2.2079993754076130E-011   4.2232561201821555E-014  -2.2140174524661990E-011   1.7409286264044853E-011  -2.1482545163451221E-012   4.3049597694497329E-012   9.1094493006649144E-012  -1.8672036780199440E-009   1.7411687544592047E-009  -2.0156855101621449E-009  -7.5382667446704779E-009   2.3344035528191105E-009  -8.1944215861571596E-010
   1.3984708674341887E-009   2.3216354971606456E-010  -3.1927973947493916E-011   1.1525750360599008E-010   1.0582051655434346E-013   5.7179642069938283E-007  -8.1330656839987645E-013  -3.1047772666143351E-013  -2.4883849722750371E-013   2.0466138896324111E-013   4.3067406457031544E-008   7.1737571199934333E-009  -9.8631495523856667E-010   7.6208851539499924E-009   1.1438570155791827E-012  -8.3792708263639195E-006   4.2869255512593232E-012  -1.3775484373795867E-012   1.4080464306677870E-012   2.3369425345770641E-013   9.0746995800292022E-008   1.5105226835120433E-008  -2.0765393238683116E-009   1.2511914350130765E-008   6.2052734298392649E-012   1.2441073783117264E-011  -2.6106126001084594E-013  -1.0909694013110028E-011  -2.2354544518382274E-012   2.5844463345675792E-012  -6.8085487208698171E-012  -2.9149075944278619E-013  -3.3064458379393092E-012   4.1184745924564216E-013   5.6369648272600959E-008   9.4184742100312732E-009  -1.2893733704835559E-009   4.4979263816407907E-011  -1.3084133643833141E-004   4.3585749761703829E-011  -3.0302378757562498E-011   3.7888727712573808E-011  -1.4676881992912960E-011  -7.3221375994613723E-008  -1.1514816876966571E-008   1.7391297150237352E-009   4.3282450276031664E-010  -9.9354512236608816E-004   2.8827162337318113E-010  -2.8107179906365393E-010   3.8236354656677235E-010  -1.5175269751475110E-010  -7.0016214191317087E-009   1.9540790607659074E-011   3.4572361333645429E-011  -5.4415605323643484E-013  -3.4522236335870250E-011  -5.3198974254821426E-012   8.3055146629798165E-012  -1.9165916234455438E-011  -5.8596123843010964E-013  -8.8585866648229496E-012   8.4234010258874865E-013  -8.3528766607569131E-009   8.1857795701830710E-009  -9.3556228578527987E-009  -1.4443383665807164E-009   2.2461134208774013E-010  -3.8814120468014381E-009
  -7.3553197202270365E-010  -5.1237458351774086E-011   8.8244978711011110E-011  -8.4543442040980281E-012  -5.4619790193249822E-013  -8.1330656839987645E-013   5.7179542451541690E-007   8.1581492185029520E-013  -5.4329225774894820E-013  -2.6961641716053244E-013  -2.2665927687527596E-008  -1.5803168986775386E-009   2.7375540708076274E-009  -5.1476593567336458E-010   4.6126792372654693E-012   1.1307481949877970E-011  -8.3792623884930307E-006  -9.1837188338610702E-012   3.0311123049161372E-012   4.5710422709989750E-012  -4.7754614705733858E-008  -3.3278073341492953E-009   5.7611422353516109E-009  -8.5112046411219341E-010   2.4037265894608461E-012  -3.7177841719992296E-013   1.2240417703837037E-011   2.6663447672546019E-012  -6.3337602122820060E-012  -5.8912827427514008E-012   4.1876168373360417E-013  -2.9592865781728981E-012  -1.9004646630463077E-013  -6.9177488438298779E-012  -2.9690090739603225E-008  -2.0670438344534745E-009   3.6114620500689729E-009   3.7006499248683113E-011   1.4970907828563693E-010  -1.3084121522701758E-004  -9.8781298690215239E-011   2.2397288636489018E-011   6.1774805962193095E-011   3.7919995281349630E-008   2.7309256878173597E-009  -3.9202513355269312E-009   2.0098380041295083E-010   1.1044440392128044E-009  -9.9354427235844403E-004  -6.7613812369023666E-010   8.5404950330771017E-011   4.7515431700686088E-010   5.9702582825165502E-010   5.7173158172137430E-012  -5.9174259752845193E-013   3.4211267626302106E-011   6.1394463810062832E-012  -2.1352355733961450E-011  -1.3810030532879000E-011   8.9767659490331224E-013  -8.3499408246052518E-012  -6.1261641478014973E-013  -1.9275895430633877E-011   7.6786574634223778E-010  -8.2445878674654826E-010   4.8209111109887747E-009   3.5064545790872571E-010  -4.7202297331236389E-010   3.9590632999275661E-010
  -7.9337185597932111E-011  -1.2005748930241380E-009   1.6753485978792245E-009  -1.7174655269245047E-010  -2.8589792128664221E-007  -3.1047772666143351E-013   8.1581492185029520E-013   5.7179729002534893E-007  -7.7920257620213620E-013  -2.8589936874958151E-007  -2.4556788414387026E-009  -3.7057523667548145E-008   5.1640392156085690E-008  -1.1418748804619096E-008   4.1896298053155029E-006   8.6116457303131110E-012  -9.2179848318704513E-012  -8.3792775399709610E-006   3.3557021449891624E-012   4.1896477346369351E-006  -5.1710489066242074E-009  -7.8033221907370534E-008   1.0878592695584746E-007  -1.8732760246422550E-008  -6.0693493654589699E-012   7.4943281515594461E-012   6.7345683850377856E-013   1.1023840542886410E-011  -6.4763140682565328E-014  -2.8809540898474074E-012  -1.1435334399767240E-011  -2.6643355422874946E-012   7.8477831861276582E-012   1.4839125069186886E-012  -3.2330912912821364E-009  -4.8513712851437824E-008   6.7607411280512073E-008   6.5420613299268664E-005   1.1307258458843417E-010  -1.0398989379780610E-010  -1.3084142981638469E-004   1.3841267007928850E-011   6.5420816517044252E-005   3.7004260572366915E-009   6.2846328302022797E-008  -8.7363319680017511E-008   4.9677222488720958E-004   8.0592134287517798E-010  -7.2622075756575736E-010  -9.9354586466645343E-004  -4.9976031935891934E-012   4.9677363977922064E-004   1.0428663034602188E-008  -1.6725254407646510E-011   2.3673823637695794E-011   1.5856924885867494E-012   3.0504877360035191E-011  -2.1913150146712789E-014  -8.0655938871436556E-012  -3.5370226831105104E-011  -6.3426835298961812E-012   2.3780314954345212E-011   3.5456514219064870E-012   1.2415404787567949E-008  -1.2133956953353218E-008   4.5412905456273433E-010   8.0234949355904309E-009  -1.1145443783895203E-008   5.7512171553315441E-009
  -6.1311057515067908E-011   1.6185616420794122E-009   1.7251929190726470E-010   7.0755997884959249E-011   7.2678391122014974E-013  -2.4883849722750371E-013  -5.4329225774894820E-013  -7.7920257620213620E-013   5.7179653809731531E-007   5.2422914665399691E-014  -1.8910289678073394E-009   4.9901325483084462E-008   5.2787935719173283E-009   4.7604648531086426E-009  -5.0459604761834458E-012  -1.2175947066033632E-012   8.8976500965516652E-012   1.5729218903914243E-011  -8.3792661595401835E-006  -1.0683263104750114E-011  -3.9824871567283610E-009   1.0510970163704471E-007   1.1142115934061430E-008   7.7997574982936463E-009   4.5226229986169983E-013  -1.0097939512466314E-013   2.8612477241451505E-012  -2.5751632226194705E-013   9.3609267949810501E-012  -3.4925714380485068E-013   3.0969631170294750E-012  -1.1155051288167036E-011  -4.0540332706665802E-012   6.1818378784161859E-012  -2.4733552139373774E-009   6.5298085732783698E-008   6.8986346317928750E-009  -7.5495153247322387E-011  -2.6512210930572258E-012   1.1924841229732148E-010   1.8888375800674918E-010  -1.3084131739911988E-004  -1.1338858724047579E-010   3.2561924475170698E-009  -8.5266701888066233E-008  -9.1490642092550761E-009  -6.0908240615993810E-010   6.8446218016850930E-011   8.4679983816807052E-010   1.3178323379101376E-009  -9.9354524083960518E-004  -7.0874992909116059E-010  -4.2535909981869995E-009   9.4795630451880713E-013  -2.9074679677816617E-013   9.0415917543636215E-012  -5.7842850504330508E-013   2.5794444692652018E-011  -6.9338834270832716E-013   7.3364434022336842E-012  -3.5126253913422878E-011  -9.5521250408773958E-012   1.9442359571161816E-011  -5.0205797924773093E-009   4.8532284524392643E-009   4.1765926516493549E-010  -1.0911320909885352E-008  -1.1760218472567591E-009  -2.2965862220695603E-009
  -2.4453775106887490E-010   7.1740111086725798E-011  -1.3339972138703466E-009   1.4374915863298041E-010  -2.8589712393456955E-007   2.0466138896324111E-013  -2.6961641716053244E-013  -2.8589936874958151E-007   5.2422914665399691E-014   5.7179649268904558E-007  -7.5443352267590237E-009   2.2369954747535736E-009  -4.1113602345689544E-008   9.4799139312565648E-009   4.1896255586700457E-006   2.9812711670421298E-013  -1.2203656622766082E-013   4.1896478097322564E-006   1.6055607302460955E-012  -8.3792733685334651E-006  -1.5889752812422446E-008   4.6966654073216393E-009  -8.6615664682542456E-008   1.5564996614769197E-008  -5.6249548841424361E-012   1.0181772574708982E-012   3.6384082095682447E-012  -3.2293239517866213E-012   1.0338418106207638E-013   1.0775993087697122E-011   5.7796683608460972E-012   3.6455802532485875E-012  -8.7724161684194831E-012  -5.4291655095894796E-012  -9.8938231370958797E-009   2.9285256801081408E-009  -5.3839586434179928E-008   6.5420545232685437E-005  -2.0999037182755351E-011  -2.3416861715114705E-012   6.5420798858970125E-005   6.4202589406103194E-011  -1.3084134409152600E-004   1.2364184917932379E-008  -3.7993863438128748E-009   6.9180611652189992E-008   4.9677172005118374E-004  -2.1535016887275132E-010  -4.5413479469670727E-012   4.9677346593414548E-004   6.4105826670973785E-010  -9.9354518598468683E-004  -8.8039519400927562E-009  -1.6234512908606578E-011   3.9881437531625831E-012   8.4876616912683901E-012  -8.4248836066195904E-012  -2.0319411113503289E-014   3.0205768412225049E-011   1.7960940567728035E-011   8.4909380456942307E-012  -2.8085274723848689E-011  -1.2655100722310296E-011  -1.0548304486449164E-008   1.0392902847256419E-008   1.5615562777709430E-009  -4.8522426605475307E-010   8.8110412394476282E-009  -4.9318302466083117E-009
   3.9514383974296151E-003   2.4927533477537234E-008  -5.9311669478924006E-009   2.8691449688526795E-008   1.0000014424333150E-008   4.3067406457031544E-008  -2.2665927687527596E-008  -2.4556788414387026E-009  -1.8910289678073394E-009  -7.5443352267590237E-009  0.12176005580966026        6.3836092931375664E-008  -5.6602238630846981E-010   5.0036629561034222E-008  -4.1991386232980640E-008   6.6515644708413680E-008  -2.5272617280575056E-009   2.4238259918730827E-008  -6.8001952961618339E-009   1.7753125022147444E-008  0.25651688745052997       -5.6184797135095106E-009   2.4001566255277879E-008   6.3965963191847513E-008  -5.0475299856068520E-009   1.2927750223370486E-008  -8.8509003251005846E-009   1.8162433980006653E-009  -1.4520206073104635E-009   4.9557452526988791E-009  -5.0095885004645382E-009   6.9267995634135331E-009  -6.2066807533510730E-009   1.4341400588058618E-009  0.15940385196342363        5.9645661047810152E-010   1.2109986372403135E-008  -2.7600227450684607E-008   3.0240825784556942E-008   4.3957339723191036E-009   1.4703378085099887E-008  -2.1771831160958531E-009   1.2896848955163416E-008 -0.20373354428958240       -6.8523056447934925E-009  -1.4673152865685674E-008   2.7754607254011208E-008  -2.3396389523303948E-008  -7.3562983878139593E-009  -1.5338572365884820E-008   3.6417080099768711E-009  -1.2416033520349698E-008  -3.8824239120447758E-008  -3.1398417107385211E-009   5.8011026405027644E-009  -4.9280007399171470E-009   5.6236396895370205E-010  -8.9378653027945234E-010   3.6501868504262950E-009  -2.4277394760660852E-009   3.1641022271237777E-009  -2.5439479629124377E-009   1.3147322960980056E-009  -5.2504888877083529E-008   4.9858789774014200E-008  -2.5906312522192533E-002  -9.6111413853534835E-010  -1.8383160176349429E-009  -2.3548521878642818E-008
   6.1202320210469215E-009   3.9513865795897541E-003   3.1548468866119368E-008   1.7370288537267823E-007   3.4820527160586769E-008   7.1737571199934333E-009  -1.5803168986775386E-009  -3.7057523667548145E-008   4.9901325483084462E-008   2.2369954747535736E-009   6.3836092931375664E-008  0.12175994737450570        2.9282978749103188E-008   1.1348467090844241E-008   3.5592959751622412E-008  -2.5242966841500418E-008  -7.9013230046997039E-009  -4.0473978694397605E-008   9.5092051327914355E-008   4.8810214610576944E-009   9.4859640177320995E-008  0.25651681744337723       -4.1029156024680561E-008   1.1160549729336536E-009   8.5195582165576104E-010   4.3977038908615996E-009  -3.3727703576458867E-009   8.8862784841907907E-010   3.2505461068431991E-009  -2.0316473624597538E-009  -3.4891752685227654E-009  -5.7511499796763307E-009   2.8352777220544306E-010   6.8005683356582115E-009   5.3562682382300121E-008  0.15940381183325603       -2.2381945990141126E-008   4.4797362049475340E-009  -2.0806681699663789E-008  -1.9515510215809998E-009  -6.2365178901869033E-011   3.3900228287067538E-008  -4.4173723641767114E-009  -7.4123524142557395E-008 -0.20373348229579408        2.4652788081287702E-008  -1.7348865097261692E-008   1.8301348702400329E-008   3.6173853443900890E-009   2.3266271328373007E-008  -5.0064244253257255E-008  -5.9174132891395242E-009  -2.7548079849780926E-008   9.9313673026443440E-010   2.2140671796159986E-009  -1.4160676671066405E-009   5.3361662921107767E-010   1.1789177323087336E-009  -1.8660494759177428E-009  -1.4484247950665707E-009  -3.1870675355911861E-009  -2.7080336266081241E-010   3.4309742091117475E-009  -2.3765123843028775E-008   2.8063304326586300E-008  -9.4776379829794066E-009  -2.5906304541320660E-002   3.0875841464367784E-009  -1.3435670305876607E-008
   2.7036891151069641E-009   4.7487952012502720E-009   3.9514433590744514E-003  -1.0978920122779553E-007  -1.0526786885826120E-008  -9.8631495523856667E-010   2.7375540708076274E-009   5.1640392156085690E-008   5.2787935719173283E-009  -4.1113602345689544E-008  -5.6602238630846981E-010   2.9282978749103188E-008  0.12176010367591740       -4.6148336263670132E-008  -2.9367340706036895E-008  -7.5738332491489746E-009  -3.3805062930848271E-008   5.6287753472790337E-008   3.0487631426491048E-008  -2.6920411245147456E-008  -2.3295901641671153E-008   7.8017448114061735E-008  0.25651692085552269       -4.7523947179085068E-008  -2.2966215373913289E-009  -1.7506579440664043E-009   1.0735605838554267E-009   6.1429854858919982E-009  -1.7032161653676698E-009  -3.0617458810441612E-009  -8.2338223131995981E-009  -1.8488921719024420E-008   1.2797487794256128E-008   1.2980626786802660E-008  -1.3013477200588735E-008   4.0649943154293968E-008  0.15940387596807856       -1.1763353339944591E-008  -2.2312742802094863E-009  -2.3099648211563421E-008   1.3917701418772467E-008   1.9877546166763170E-008  -2.1543447773970086E-009   1.7124965331679505E-008  -5.5095232190965728E-008 -0.20373357896701330        1.7421549511325958E-008   3.6377369233328325E-009   2.1660608318027462E-008  -1.9672675984500024E-008  -1.0096121652900566E-008   2.2511352648201284E-009   4.3196597041779245E-008  -6.5764148810358974E-010  -1.0736105786754194E-009  -7.4214117437635395E-010   3.0473448700410529E-009  -5.9718801123221168E-010  -2.1650272932483226E-009  -3.3940701452470273E-009  -8.2677578520616961E-009   5.6272327237517123E-009   6.7155763521570118E-009   5.1913132148036370E-008  -5.2025469917876465E-008   2.1867013844097361E-009  -7.0047090945900912E-009  -2.5906317012626724E-002   2.4658931572605724E-008
  -1.8112901942026759E-008   1.5772564815496585E-008   3.4825310309675157E-009   7.3442262221932167E-003   1.9388981395374683E-009   7.6208851539499924E-009  -5.1476593567336458E-010  -1.1418748804619096E-008   4.7604648531086426E-009   9.4799139312565648E-009   5.0036629561034222E-008   1.1348467090844241E-008  -4.6148336263670132E-008  0.48284134325638334       -1.4605411919565543E-008   4.9329754985939649E-009  -9.1988570088687800E-009   6.8635320918360574E-009  -1.3879297017010900E-008   7.7424558767672185E-009  -2.3462236684311722E-008  -1.4493625852074527E-007   8.6855759027884900E-008  0.79235266447542141       -2.1987410585622290E-009   9.2045221813969432E-009  -4.0372144356854308E-009   2.2478156906383657E-009  -3.2301244050116133E-009   7.0209455187771375E-010  -1.1009001935818826E-008   1.6179595828664978E-008   5.5655932529692511E-009  -9.0503975501138665E-009  -9.9846990393178888E-008  -9.9467248531513624E-008   1.2923655435131748E-007  -7.3354965531599775E-009  -9.6150428827395506E-009  -7.1233536189985274E-011   1.6655914348607232E-008  -1.0514727436007269E-008  -9.3203211249621700E-009   7.0607063177748814E-008   1.0300228307802106E-007  -1.0597252358015942E-007  -1.0763136851722211E-008   2.9666761414876369E-009  -7.7004448556790050E-009   3.7634061444922038E-009  -8.2686152194449905E-009   6.9991014298888831E-009 -0.45051343195507038       -1.8403464362549293E-009  -4.7442060451437240E-009   1.1617598165258896E-009   7.2664294222904077E-010  -1.1479587845108475E-009   1.7424372332198304E-009   1.6502410224210560E-009  -2.9364239625030307E-009   2.5301736917253419E-009   1.3227558981635706E-009 -0.54056962839033995       0.53393750721089728        8.6376303100283777E-009   1.2600815189476445E-008  -1.2935425627016284E-008 -0.25346094506832628     
  -1.3536925839924906E-009   1.1728066972758328E-009  -9.5732388402062291E-010  -1.9408795161573516E-010  -8.3792553640731903E-006   1.1438570155791827E-012   4.6126792372654693E-012   4.1896298053155029E-006  -5.0459604761834458E-012   4.1896255586700457E-006  -4.1991386232980640E-008   3.5592959751622412E-008  -2.9367340706036895E-008  -1.4605411919565543E-008   1.2279211345345845E-004   9.2073774632982715E-011  -8.7608390457074128E-011  -6.1396034694564123E-005  -5.9117375182327960E-012  -6.1396078761087855E-005  -8.8373578670462867E-008   7.5303585892414909E-008  -6.1976289874144382E-008  -2.3649555684125030E-008  -1.7136894012277054E-010   1.2477854861361550E-010   6.3162877256435779E-011   1.1421941108502095E-010   5.8186332761902377E-013   1.1569614909162579E-010  -8.2887609027509242E-011   1.4387907141838039E-011  -1.3573148745937823E-011  -5.7802970057347235E-011  -5.5281089146466531E-008   4.6381566915151402E-008  -3.8474219825595898E-008   1.9173854552891349E-003   7.4884473402039778E-010  -7.8915298860599087E-010  -9.5869266990478402E-004  -8.9616197194874206E-011  -9.5869278538350403E-004   6.9517574720631945E-008  -5.7762221142438628E-008   4.8144859108260681E-008   1.4559690013183968E-002   4.0955920068455480E-009  -4.8691779394914314E-009  -7.2798450625453596E-003  -4.5126711777223962E-011  -7.2798449506295358E-003   1.3004546163871125E-008  -4.8299947307163936E-010   4.0538319490005897E-010   1.4760846666403105E-010   3.2356472519654843E-010  -6.1312898300811852E-013   3.2444706970083465E-010  -2.5512406999400028E-010   3.1481717243333711E-011  -6.3098350078832805E-011  -1.3348594207512022E-010   1.5117454181724829E-008  -1.4658857169112373E-008   8.7968892919270750E-009  -7.2846005077768878E-009   6.0819799939126270E-009   6.9362051841580049E-009
   2.1474727539653313E-009  -8.1005204009899077E-010  -2.4705152678565801E-010   8.9204592372802496E-011  -8.9098340691856006E-012  -8.3792708263639195E-006   1.1307481949877970E-011   8.6116457303131110E-012  -1.2175947066033632E-012   2.9812711670421298E-013   6.6515644708413680E-008  -2.5242966841500418E-008  -7.5738332491489746E-009   4.9329754985939649E-009   9.2073774632982715E-011   1.2279227251851805E-004  -5.5811983973564465E-011  -3.9971975840724158E-011   5.0984897022607749E-011  -5.2101840156096493E-011   1.3991875307362236E-007  -5.3067797579172946E-008  -1.5976773201608828E-008   8.1013036965418640E-009  -9.0962507964975818E-011  -1.8223551203390097E-010   3.7715970741972258E-012   1.5988434097219811E-010   3.2752277672538098E-011  -3.7845333761837808E-011   9.9742190645525811E-011   4.3148470103743730E-012   4.8417302119851303E-011  -6.0272722321293183E-012   8.6924697496299386E-008  -3.3287297831942921E-008  -9.9165720565669725E-009   1.0435352694400146E-009   1.9173870050074569E-003  -5.2898488930891535E-010  -4.9685055307417711E-010   5.6286364325751143E-010  -5.4668476127576017E-010  -1.0900819414712905E-007   4.1721949871002221E-008   1.2503217850649661E-008   6.5878622145894162E-009   1.4559699237236566E-002  -3.3914119562288716E-009  -3.0266254919089958E-009   2.8869715940427520E-009  -3.5612368134166431E-009  -4.5224517581427808E-009  -2.8637459454355999E-010  -5.0659930382595556E-010   7.9454487390464326E-012   5.0590242870636795E-010   7.7954579136389727E-011  -1.2169059248618820E-010   2.8084873356261757E-010   8.6040482343647327E-012   1.2980119188129674E-010  -1.2335272706014712E-011  -5.5531782015167720E-009   5.4321463456445746E-009  -1.3777525405768217E-008   5.2740957289527902E-009   1.5833330480228788E-009  -2.5771092581495705E-009
  -8.2547537472598665E-011  -2.5723936539104751E-010  -1.0888381276949070E-009  -1.2773504706367875E-010   9.3400125622614543E-012   4.2869255512593232E-012  -8.3792623884930307E-006  -9.2179848318704513E-012   8.8976500965516652E-012  -1.2203656622766082E-013  -2.5272617280575056E-009  -7.9013230046997039E-009  -3.3805062930848271E-008  -9.1988570088687800E-009  -8.7608390457074128E-011  -5.5811983973564465E-011   1.2279223599222656E-004   9.4697999283143596E-011  -5.8248735616205605E-011  -7.0896480332099706E-012  -5.2745189065516689E-009  -1.6668535932154632E-008  -7.1133623862801606E-008  -1.4932639756611789E-008  -3.5211380487601505E-011   5.4109262285837492E-012  -1.7934939243292670E-010  -3.9078213550271471E-011   9.2820054541829876E-011   8.6319242749879041E-011  -6.1220116506682434E-012   4.3347131510915908E-011   2.8025722156240793E-012   1.0137013156221339E-010  -3.0732477839199812E-009  -1.0345166271814826E-008  -4.4456977118944868E-008  -8.5637261317037303E-010  -4.7525695840567686E-010   1.9173865946292244E-003   8.2560008878365729E-010  -5.4411618330576913E-010   3.0772428827692993E-011   3.9165366974792564E-009   1.3067401866357219E-008   5.5665706955728896E-008  -5.3307948001270746E-009  -3.1338087849196831E-009   1.4559697154301342E-002   5.1857314184380962E-009  -2.8909758142610849E-009   1.4506347359238397E-010   8.1297668504304416E-009  -8.3775041398939665E-011   8.6547336193603976E-012  -5.0132841281220006E-010  -8.9970307805538094E-011   3.1290614249300225E-010   2.0236632111807045E-010  -1.3147911566021484E-011   1.2235424771098774E-010   8.9850331668804702E-012   2.8247067265352054E-010   9.4362614643754286E-009  -9.1023652286114809E-009   4.9603335081328535E-010   1.6556835458015744E-009   7.0338252689866803E-009   4.3038193285249871E-009
   7.8170253878902769E-010  -1.3437508255345108E-009   1.8348771726319555E-009   6.6837350939718943E-011   4.1896297303980705E-006  -1.3775484373795867E-012  -9.1837188338610702E-012  -8.3792775399709610E-006   1.5729218903914243E-011   4.1896478097322564E-006   2.4238259918730827E-008  -4.0473978694397605E-008   5.6287753472790337E-008   6.8635320918360574E-009  -6.1396034694564123E-005  -3.9971975840724158E-011   9.4697999283143596E-011   1.2279228679686890E-004  -1.1559911469875417E-010  -6.1396252102033551E-005   5.1031653518765251E-008  -8.5823078709749889E-008   1.1869375699486879E-007   1.1013825539540518E-008   8.8923750294272548E-011  -1.0986120257083766E-010  -9.8434395220662352E-012  -1.6151052055645694E-010   9.2340808354422693E-013   4.2206793246184530E-011   1.6754259861613296E-010   3.8941874008711536E-011  -1.1492078566689963E-010  -2.1688679947929115E-011   3.1872567954883840E-008  -5.2756851658922139E-008   7.3390244307403764E-008  -9.5869239228749505E-004  -3.1148437318056614E-010   8.9602740784387349E-010   1.9173870569461670E-003  -1.2362044687649949E-009  -9.5869466465761991E-004  -4.0021004188233253E-008   6.5786333877199769E-008  -9.2041375311269263E-008  -7.2798423710932203E-003  -1.5937379952841183E-009   5.8757413610868211E-009   1.4559700119066266E-002  -7.7733064596938127E-009  -7.2798577479727062E-003  -6.1256451117775058E-009   2.4508822161139065E-010  -3.4694003463956106E-010  -2.3235090279659663E-011  -4.4700914341877768E-010   3.1207759915858667E-013   1.1818878908086825E-010   5.1830942438852190E-010   9.2907896591682246E-011  -3.4844502397921300E-010  -5.1931038504707547E-011  -6.9650418860021568E-009   6.7912232529791673E-009  -5.0617291628854000E-009   8.3008277314963600E-009  -1.1633268165447344E-008  -3.2138281020282296E-009
  -2.2157402986663729E-010   3.0997297770338203E-009   9.7215958510989673E-010  -1.8021021441347323E-010  -4.9613251486659958E-012   1.4080464306677870E-012   3.0311123049161372E-012   3.3557021449891624E-012  -8.3792661595401835E-006   1.6055607302460955E-012  -6.8001952961618339E-009   9.5092051327914355E-008   3.0487631426491048E-008  -1.3879297017010900E-008  -5.9117375182327960E-012   5.0984897022607749E-011  -5.8248735616205605E-011  -1.1559911469875417E-010   1.2279211216811140E-004   1.2151092084223190E-010  -1.4348118758386415E-008   2.0063490948826501E-007   6.3922781421028217E-008  -2.2473470477903757E-008  -6.6225968950978776E-012   1.5052980499766375E-012  -4.1949545857028789E-011   3.7848072175687822E-012  -1.3715700671833606E-010   5.1003376804124955E-012  -4.5414423045697789E-011   1.6341382540133357E-010   5.9424553566333379E-011  -9.0534153436085609E-011  -8.9094416679836459E-009   1.2442124792236792E-007   3.9992849232110666E-008  -1.4412370611215736E-010   5.5927188784203180E-010  -6.1976831782869120E-010  -9.7017084753874604E-010   1.9173852853533028E-003   1.1142942969280994E-009   1.1206002369838874E-008  -1.5579537787748107E-007  -5.0625594830172130E-008  -5.6996513398940066E-010   2.9500837262124819E-009  -3.8454915401644952E-009  -5.6603152855130742E-009   1.4559690032898941E-002   6.2302803804192430E-009   1.2425127993837379E-008  -1.3884546042139841E-011   4.2720507432704921E-012  -1.3250710954518251E-010   8.4823215810375584E-012  -3.7799120417347529E-010   1.0145751770766654E-011  -1.0752166603842130E-010   5.1471980952852973E-010   1.3998340390262181E-010  -2.8488453101695851E-010   1.4462478827491704E-008  -1.4065512906157425E-008   1.4180557033690012E-009  -1.9684302633188905E-008  -6.4183250171625528E-009   6.6583352808615786E-009
   5.7199000336794983E-010   1.7094420823339333E-010  -8.7755323948983345E-010   1.2726003157678341E-010   4.1896256338248049E-006   2.3369425345770641E-013   4.5710422709989750E-012   4.1896477346369351E-006  -1.0683263104750114E-011  -8.3792733685334651E-006   1.7753125022147444E-008   4.8810214610576944E-009  -2.6920411245147456E-008   7.7424558767672185E-009  -6.1396078761087855E-005  -5.2101840156096493E-011  -7.0896480332099706E-012  -6.1396252102033551E-005   1.2151092084223190E-010   1.2279233086504365E-004   3.7341922430710833E-008   1.0519498103467825E-008  -5.6717463917733718E-008   1.2636690140536859E-008   8.2445189829002147E-011  -1.4917346033727021E-011  -5.3319437740395124E-011   4.7291109473019155E-011  -1.5052714150559236E-012  -1.5790294234006992E-010  -8.4654989601458111E-011  -5.3329781132473500E-011   1.2849393442100577E-010   7.9491649996294435E-011   2.3408519452304129E-008   6.3752887373646402E-009  -3.4916022384838494E-008  -9.5869306303589101E-004  -4.3736100680240294E-010  -1.0687503127759409E-010  -9.5869438703714762E-004   1.3258217377422504E-009   1.9173874500711396E-003  -2.9496570422628086E-008  -8.0240868455483505E-009   4.3896518179918544E-008  -7.2798476423508347E-003  -2.5018589165613573E-009  -1.0065680691489518E-009  -7.2798550564887460E-003   7.8184413101126893E-009   1.4559702698830166E-002  -6.8791722085144904E-009   2.3791125146687241E-010  -5.8443160272302154E-011  -1.2437337638579685E-010   1.2344441821970299E-010   3.0105138230938179E-013  -4.4263585878806330E-010  -2.6318535439126449E-010  -1.2438961384058272E-010   4.1154337406548014E-010   1.8541698058503944E-010  -8.1526453025760916E-009   7.8677053594695282E-009  -3.7351601953621139E-009  -1.0162227542591832E-009   5.5512885998338076E-009  -3.7224005406522189E-009
   8.3247423526382168E-003   5.1230217283932937E-008  -1.3212337751844625E-008   5.8467776067771218E-008   2.1060802469703025E-008   9.0746995800292022E-008  -4.7754614705733858E-008  -5.1710489066242074E-009  -3.9824871567283610E-009  -1.5889752812422446E-008  0.25651688745052997        9.4859640177320995E-008  -2.3295901641671153E-008  -2.3462236684311722E-008  -8.8373578670462867E-008   1.3991875307362236E-007  -5.2745189065516689E-009   5.1031653518765251E-008  -1.4348118758386415E-008   3.7341922430710833E-008  0.54041553514426777       -9.5316427525851849E-008   4.0046793829358079E-009  -7.7109799704806049E-008  -1.0633260031539595E-008   2.7234278145005301E-008  -1.8646067940527390E-008   3.8249828406348801E-009  -3.0585177198261561E-009   1.0441067354912865E-008  -1.0553670302362008E-008   1.4592030186708864E-008  -1.3075041061672389E-008   3.0217013880618871E-009  0.33578888421601677       -5.0681793701438532E-008  -3.5296853712319311E-009  -5.6737626928142349E-008   6.0424587479162618E-008   1.0037196848772861E-008   3.0486232259327131E-008  -4.9297629450715767E-009   2.6251393801344878E-008 -0.43067069780821554        4.9316787102073968E-008   1.5654393011482075E-009   6.9246618507170521E-008  -7.4335761794313979E-008  -9.6093087123301041E-009  -3.6075746687235500E-008   5.0694837795702843E-009  -3.3170868943961042E-008   3.1533157248247671E-008  -6.6195415747790433E-009   1.2224195837321126E-008  -1.0386951129085015E-008   1.1877278027051764E-009  -1.8853826921318514E-009   7.6933425695547455E-009  -5.1156847250703345E-009   6.6685823582049195E-009  -5.3607837639262644E-009   2.7715083809310893E-009   2.2935720452915589E-008  -2.2749830587231909E-008  -5.4820131195611674E-002   5.9819033729414234E-009   8.0625440303859798E-011   1.0779715003963717E-008
   8.3472237014497006E-009   8.3246383259251260E-003   6.6995036015342583E-008   3.6336480746850077E-007   7.3336554311339295E-008   1.5105226835120433E-008  -3.3278073341492953E-009  -7.8033221907370534E-008   1.0510970163704471E-007   4.6966654073216393E-009  -5.6184797135095106E-009  0.25651681744337723        7.8017448114061735E-008  -1.4493625852074527E-007   7.5303585892414909E-008  -5.3067797579172946E-008  -1.6668535932154632E-008  -8.5823078709749889E-008   2.0063490948826501E-007   1.0519498103467825E-008  -9.5316427525851849E-008  0.54041572142621219       -5.2035856108947466E-008  -2.7503676380090598E-007   1.7939134538822849E-009   9.2639459160187103E-009  -7.1050181119569848E-009   1.8730340461391288E-009   6.8465985801368560E-009  -4.2798232631815152E-009  -7.3518321502760084E-009  -1.2114827251319201E-008   5.9959681363777359E-010   1.4325626151510299E-008  -7.0627818229889351E-008  0.33578900743864953       -2.5933919153311812E-008   1.4424503771286310E-008  -4.2088594327214727E-008  -4.4643625981611974E-009  -8.8082815259526203E-009   7.6151089541990677E-008  -5.6162250556514967E-009   7.6140787488938825E-008 -0.43067081766652565        1.8093308342910328E-008   1.3281199705801194E-009   5.1877777159092165E-008   4.9428174120732764E-009  -1.6918879090176579E-008  -6.9602229261047746E-008   1.5590744288333795E-008   9.3941407310157897E-008   2.0949328511113577E-009   4.6648127842504611E-009  -2.9837920711161524E-009   1.1227325567149810E-009   2.4844137265990618E-009  -3.9333801314223779E-009  -3.0494181185699763E-009  -6.7195151684397427E-009  -5.7359326587681760E-010   7.2324177792060292E-009   1.3044602250549955E-007  -1.1585727849888129E-007   9.4884379710881824E-009  -5.4820145657195889E-002   1.9457573468399894E-009   5.4539497319538255E-008
