   1.3945192032198492E-004  -2.6898790534097770E-010   1.7285501641758514E-011   1.0651418713196935E-011   3.5717473959419857E-010  -3.1878390211852981E-010  -8.8189787087026878E-011  -5.2749085974250970E-017  -1.7081413037086694E-017  -7.7977548849108611E-017   8.0126514886409601E-003  -3.7136745767783091E-016  -4.7872716118855968E-016   3.1716756531532814E-016  -5.4186712940431854E-010   9.1553091915455470E-011  -5.1918370252730757E-011   5.9550845681733141E-010  -6.2688256650342419E-010  -5.3642382730467690E-011   1.1875334811427045E-002   4.3557627978804101E-017   1.7480050899943363E-016  -1.7602346578884845E-016  -2.6437771959601538E-018  -1.7946386075918833E-017   4.7319995086343493E-018   1.4060196143389213E-017   5.2070365617813840E-019  -9.3802602889783375E-018   9.1584990262915260E-018  -8.4400423296686549E-019   5.7563017557798909E-018  -9.7068394781136210E-019   1.1796422122996508E-009  -1.2323022676023317E-010   6.1594555267276858E-010  -9.5318929524816882E-010   1.0531416254596980E-009  -2.2645337268698093E-010   2.3704365499321017E-015   4.9522266561588432E-015  -5.9316604458210099E-015   6.4939760327584441E-009  -8.5101570389572652E-010   2.9338301411230033E-009  -5.6116955060990258E-009   6.3345001103268367E-009  -8.8228065395849203E-010   2.5767519153332290E-019  -2.7029758636196401E-018   8.5902603271038122E-019   1.1808891823865591E-018   8.0430568751261561E-020  -1.6516625065603235E-018   9.0665217079337269E-019  -2.6486277718847491E-020   6.7806412034138256E-019  -4.5627241576656573E-019  -4.0498905558900480E-003  -4.6321684153371716E-003   6.5947363469891791E-003   4.3544296587010450E-016   9.1282146998916523E-016  -1.0941781223215730E-015  -4.8111748154194417E-003
  -2.6898790534097770E-010   2.2125563354453677E-006   1.4907964421005518E-013  -8.1355965234651674E-013  -1.1062786160929066E-006   1.0336361382605068E-012  -1.1062777193452852E-006   1.1440596473401622E-016   1.0258574855258583E-016  -6.6717274011813912E-017  -1.5380542029355211E-008   5.3800361814483432E-017   4.8339367683680533E-017  -3.7699897856587064E-017  -2.8789920912403692E-005   5.4386012149276327E-014   4.6597390840203153E-012   1.4394968064581230E-005  -1.1128462671997572E-011   1.4394952847825329E-005  -2.2792551391780627E-008   5.9746288256606897E-017   8.2686370386628526E-017  -1.4750852503112654E-017  -2.0543010955318010E-019   4.7232806681151596E-019   3.3486916533742409E-020   4.6368887786789643E-019  -1.3567988511706958E-020   1.9181106444771096E-019   1.6886393402774857E-018  -3.6468881922670504E-020   5.3615609545004570E-019  -5.6049266595659091E-019  -3.5079902146682940E-004  -1.7574556107729325E-012   4.7823118774197600E-011   1.7539957621989482E-004  -5.8896959834576299E-011   1.7539944524685953E-004   1.3266252602821437E-015   4.0084822723750018E-015   9.2693388085341650E-016  -1.9034952116012912E-003  -9.7969875246909701E-012   2.7034595786957751E-010   9.5174796920859247E-004  -3.5955787934336481E-010   9.5174724239292449E-004  -2.2935083450306191E-019  -1.5161120149583612E-019  -5.7838297175961158E-021   3.3883439142600116E-020   9.0843556921479712E-022  -6.0175743032869116E-019  -4.2531005231046266E-019  -1.0580655428658010E-019   1.4676695349431201E-019  -4.3411806331232991E-019   1.0176540691326009E-008   1.3385706980412164E-008  -2.3031573618214425E-008   2.4595635937515060E-016   7.4054430736679562E-016   1.7027741510106208E-016   1.6964437933205698E-008
   1.7285501641758514E-011   1.4907964421005518E-013   2.2125585742510945E-006  -1.9708398817897719E-012   6.5123739519789178E-014  -1.3743215705230108E-012  -2.1420131107739660E-013   1.9422000749722533E-017   1.1758570370338560E-017  -4.7992083313887264E-018   9.5686262431957586E-010   1.8085117221488836E-017   6.8919029712387889E-018  -6.9110815870709251E-019  -1.6103516226606274E-012  -2.8789937679936560E-005   1.4051253193627991E-011  -1.5219422647744522E-012   1.2902453636175300E-011   3.1323109229926428E-012   1.4288293490266143E-009   1.5213286626833072E-017   7.5711609500752590E-018  -9.3421222358109215E-018   4.5655995117888378E-019  -2.9863430780606663E-019   2.5572786381344323E-019  -3.2371463179158048E-019  -3.9486139653767619E-020   4.3326485084328782E-019  -4.1557045280219414E-019   6.8199486565879046E-019  -8.2012668193651797E-019   1.0480664969543298E-018  -2.1709108489501289E-011  -3.5079919263980661E-004   1.1192551047202033E-010  -1.3267195921072865E-011   1.3098385773216462E-010   3.4976313097393282E-011   1.0041881482610810E-015   2.9114400007708034E-016  -5.3755932762647454E-016  -1.1868838523349158E-010  -1.9034961783863762E-003   6.1678680005036404E-010  -7.2246834545814291E-011   7.2305136497733554E-010   1.9093521514567715E-010   3.4086673141265839E-019  -3.5273936424136287E-019   2.2277640732474999E-020   1.5230111902654563E-019  -8.8199997168767910E-020   5.2333005481991052E-019  -1.9674589709970216E-019  -4.0349370259134340E-021  -1.8398102137640184E-019   2.1889634533785254E-019  -6.3799977146855596E-010  -8.4570464628906648E-010   1.4565723002460173E-009   1.8545662407700493E-016   5.3859174280680902E-017  -9.9242910476408328E-017  -1.0729807860809344E-009
   1.0651418713196935E-011  -8.1355965234651674E-013  -1.9708398817897719E-012   2.2125583464632073E-006   1.7612016264718426E-012  -6.2749977276439866E-014  -9.4764203755454662E-013  -2.4981617366734605E-018  -1.8559052375131449E-017   1.7691131495716235E-017   8.2323043339986360E-010   5.8580513525111072E-018  -1.2672610496415328E-017   1.0309649685915388E-017   7.1517121125424803E-012   2.0997724231725747E-011  -2.8789933157914118E-005  -1.3170845682950959E-011   7.2367437411114847E-013   6.0191545854425224E-012   1.2220929373435741E-009  -1.2797571253217492E-017   1.6849859864507173E-017   3.5412714690353766E-018  -1.3548723981394872E-019   5.2952193218922009E-019   9.5467033035908343E-019  -2.9763526119204131E-019   3.2363502490287133E-019   6.1504745456330429E-019  -5.0891736005576079E-019   7.4969765019536725E-020   5.7651828217603301E-019   2.8407667355197032E-019   7.7388722263911008E-011   1.9662693658882721E-010  -3.5079918121156230E-004  -1.3511499061983400E-010   1.3692681343573902E-011   5.7726277877472057E-011  -9.4149963395753459E-016   1.8433222385034659E-015  -2.7331312642152462E-016   4.3167272158689760E-010   1.0792079639200741E-009  -1.9034960769347912E-003  -7.4697812211720211E-010   7.1863663767559437E-011   3.1530539157352310E-010   1.5559435115829193E-019   1.3861567668829426E-019   3.0133497219272945E-020  -7.2878415466943023E-020   1.0681201818191379E-019   1.7277356719574840E-019  -3.5559009223219835E-020  -1.9099389872544077E-019  -3.3162994947859184E-019   2.9090801653118614E-019  -5.0851154540165822E-010  -6.4439747686768530E-010   1.0683955649318198E-009  -1.7370067205942880E-016   3.3989735581226236E-016  -5.0247135522821381E-017  -7.8554676468839817E-010
   3.5717473959419857E-010  -1.1062786160929066E-006   6.5123739519789178E-014   1.7612016264718426E-012   2.2125601512809610E-006  -7.0617569430897251E-013  -1.1062815351523250E-006   1.0306691930343356E-016   4.7977850385817310E-017  -6.2919048242858833E-017   2.0624704109015482E-008   7.0277443849990298E-017   2.1175932953147806E-017  -2.6991569972644608E-017   1.4394962941421680E-005  -2.6887078118865155E-013  -1.3475291489401883E-011  -2.8789955336082799E-005   9.0343372224171339E-012   1.4394992394689508E-005   3.0557938584442941E-008   4.4850054427128613E-017  -2.9988753509667360E-018  -3.1781410745621283E-017  -6.9216027499886565E-020   5.8374077872183482E-020  -3.4454099590123145E-020  -5.9345323434831590E-019   1.0083789229583965E-019   1.8612698484823754E-019  -5.8059260037214174E-020  -1.8550545906088960E-019  -1.7167048413563405E-019   1.2092774469067948E-019   1.7539951377456992E-004   2.9891691804889518E-012  -1.3939998171871388E-010  -3.5079931159834164E-004   7.2894724684587076E-011   1.7539979782380173E-004   1.0245606629010250E-015  -1.9999230419310323E-015  -5.5236387782061265E-016   9.5174762839582948E-004   1.6438396984392115E-011  -7.7038121537844425E-010  -1.9034968584952590E-003   4.1190074888523229E-010   9.5174923009987090E-004  -2.2432789196726404E-019   3.2271297709359146E-019   6.2443866868401177E-020  -6.4301632580958059E-020   4.4313562584109701E-020   2.2338130132901745E-019   1.0370290595914374E-018   2.6745713398082266E-019  -1.0237288290236655E-019   4.1720886142122759E-019  -1.3594757507821903E-008  -1.7848778729115656E-008   3.0656482148831486E-008   1.9010234138517696E-016  -3.6847044661143503E-016  -1.0253464468592500E-016  -2.2578854649133340E-008
  -3.1878390211852981E-010   1.0336361382605068E-012  -1.3743215705230108E-012  -6.2749977276439866E-014  -7.0617569430897251E-013   2.2125621061983872E-006  -3.2746083328277987E-013  -4.3570451294619773E-018   9.8294435389643459E-018  -2.4133921608320345E-017  -1.8315783955210903E-008  -3.1284711462769533E-018   7.8298129098682654E-018  -1.2140784058335359E-017  -1.3637942796954385E-011   9.0296236304319304E-012  -6.8001883643923780E-013   5.7344471290220123E-012  -2.8789969646527230E-005   7.9035005487793588E-012  -2.7152267100479945E-008   1.8439221547005415E-017  -2.2045333004699853E-019  -1.3166879578723313E-017   7.9835917313173941E-020   6.7230249643913928E-019  -1.0063255936507967E-018   1.4779845366619650E-019   2.4632480647763253E-019  -5.9146389638472742E-019  -3.9737788223190244E-019  -8.0936173786940717E-019   4.3002404962501506E-019  -1.1221250794182183E-018  -9.1090062818694634E-011   8.2951638040080840E-011  -2.8299055227741130E-012   3.3490900082938183E-011  -3.5079946995661209E-004   5.7599164039340673E-011   1.7147407658216907E-015  -2.7039600973135573E-016  -4.9992002266248419E-016  -5.3532028103900872E-010   4.6090159864352117E-010  -1.8304473510193607E-011   1.9713208988116387E-010  -1.9034976970912032E-003   3.3818818535523414E-010   4.4838351832875435E-019  -1.8861705456388182E-019  -1.3053131293806675E-021   1.7921037333872826E-019  -1.6010147305620828E-020   2.9181728756810721E-019  -1.6505943107902032E-020   3.0121152093360043E-019  -5.1353514986817125E-020   1.0887840853791548E-019   1.2088007487237812E-008   1.5883615223400915E-008  -2.7292339401223214E-008   3.1628333289629165E-016  -4.9730840116201152E-017  -9.2482428399833958E-017   2.0101578899505015E-008
  -8.8189787087026878E-011  -1.1062777193452852E-006  -2.1420131107739660E-013  -9.4764203755454662E-013  -1.1062815351523250E-006  -3.2746083328277987E-013   2.2125592544547051E-006   6.7441056002540570E-017   8.1471800674615152E-017  -6.7265981564200590E-017  -5.2443362907420988E-009   2.7145123783241333E-017   5.3184567952608093E-017  -3.9517208245486303E-017   1.4394957970888726E-005   2.1445779273590471E-013   8.8155532289868774E-012   1.4394987271036545E-005   2.0941306193446389E-012  -2.8789945241956523E-005  -7.7656441603753030E-009  -1.0464401989276878E-017   1.0499487923544894E-017  -2.7421387300415612E-017   2.7464715760366308E-019  -5.3069859400446875E-019   9.6593602529169797E-022   1.2976275540929233E-019  -8.7269043254979997E-020  -3.7793781752479721E-019  -1.6305814246188693E-018   2.2197683221992874E-019  -3.6448735832858790E-019   4.3956399383965963E-019   1.7539950769112264E-004  -1.2320422431972389E-012   9.1576872953354503E-011   1.7539973537278075E-004  -1.3997702045601892E-011  -3.5079924306385837E-004  -3.4214559099387794E-015  -1.6859665063284480E-015  -4.2070323785614770E-016   9.5174758319929286E-004  -6.6431928939676373E-012   5.0003531182715197E-010   9.5174888925592159E-004  -5.2342528768495918E-011  -1.9034964724558817E-003   4.5367758075158965E-019  -1.7110071639355045E-019  -5.6660783159489364E-020   3.0419515487588953E-020  -4.5222851335004808E-020   3.7837634408776501E-019  -6.1171973193701455E-019  -1.6164958800578443E-019  -4.4394157532638413E-020   1.6909018777961274E-020   3.4183326211521197E-009   4.4632240131530157E-009  -7.6251715455305791E-009  -6.3055708226499475E-016  -3.1015140396134290E-016  -7.8296685652201579E-017   5.6146104740531632E-009
  -5.2749085974250970E-017   1.1440596473401622E-016   1.9422000749722533E-017  -2.4981617366734605E-018   1.0306691930343356E-016  -4.3570451294619773E-018   6.7441056002540570E-017  0.12542185355481031        5.8653939565870772E-009   2.4243729815030985E-008   1.0923705279623639E-014   6.6407603210243263E-002  -1.2556441749251901E-009  -5.0558475426700194E-009   2.4729695630734102E-016   3.8605488603747196E-017   3.1280741081532667E-017   3.7123111588618072E-016  -2.0451316160967315E-018   2.8830433691855383E-016   1.7044470205855486E-014   4.6237878623130807E-002   8.8015720636120557E-010   3.1309866680255385E-009   2.5894194910488014E-010   1.9473972695013416E-010  -6.6467273889334033E-011  -2.9646797933693498E-010   2.5631480865299349E-010  -5.0960205011150989E-011   4.7711996417805210E-011   1.2023262180685830E-010  -2.5875244001683744E-010  -4.0074039541370455E-011  -2.3179343655374403E-016   5.6644474435713015E-016   4.5859055248597762E-016   1.1938873932295664E-015  -5.6467924691346572E-017  -3.0207408208984425E-016  -4.7318437195780438E-002  -7.4895870114687885E-010  -2.0014746860042727E-009  -2.7562496043942840E-015   3.0496395015276296E-015   2.4565074935520440E-015   4.9733022980299534E-015  -3.0862086628474091E-016  -3.0619561995024998E-015   2.1163301038668390E-011   1.4334637996029019E-011  -1.1413026424744177E-011  -9.4054755588242112E-012   5.7085390000971893E-013  -1.8994995945005959E-011   5.9479532808120204E-012   1.6533517373492640E-011  -2.2314796111669387E-011  -3.8164119437938030E-012  -1.4737492072322963E-014  -2.5036638456489313E-014   5.1246281608164840E-014  -7.4285805068939866E-003  -1.2171845631583863E-010  -3.0844720454671393E-010  -3.8055755189512421E-014
  -1.7081413037086694E-017   1.0258574855258583E-016   1.1758570370338560E-017  -1.8559052375131449E-017   4.7977850385817310E-017   9.8294435389643459E-018   8.1471800674615152E-017   5.8653939565870772E-009  0.12542178180719943        1.6404622819768421E-008   1.4594194990834761E-014  -1.2853051324117414E-009   6.6407616709294653E-002  -2.1021994452268071E-009   3.1351395697257214E-017   5.7648735230618878E-018   5.6125054604056787E-018   6.9383272741337408E-017   1.7931560083996962E-017   1.3519031577429506E-016   2.1639195728395900E-014   8.6160359851402205E-010   4.6237871081766607E-002   1.4387444866630956E-009   1.3071304991937106E-010   9.5123683481294384E-010  -3.1066248689635177E-010  -2.2088840919229636E-010   3.9567383271531924E-011   4.5517864847171496E-011  -7.3666522903776380E-010   6.7843903311235836E-010   3.7095519930805378E-011  -2.7412533143578407E-010  -5.1682682738907407E-016  -8.5668538519898490E-019   9.4493405782557080E-017  -3.3056981533570587E-016   1.4645352649610249E-016   6.1968341914359477E-016  -7.2221418164284081E-010  -4.7318433470084298E-002  -3.3119999951334882E-010  -2.2948698712608125E-015   4.9717317073952902E-019   5.1158133737730391E-016  -1.2396638016484444E-015   8.0188632097468554E-016   3.8850878708886555E-015   7.0557364514765864E-012   3.9516930336422628E-011  -3.7691433627755524E-011  -1.6913390119649244E-011  -1.0977116308710257E-011   7.4469130898906840E-012  -2.9871970227455904E-011   3.5676529486170965E-011   5.5756078846200353E-013   1.5012953079977789E-012  -2.1760559581921978E-014  -3.4281950807090025E-014   7.2193099314663700E-014  -1.1724629112068787E-010  -7.4285799817499004E-003  -2.2977455237508413E-011  -5.3601283648667003E-014
  -7.7977548849108611E-017  -6.6717274011813912E-017  -4.7992083313887264E-018   1.7691131495716235E-017  -6.2919048242858833E-017  -2.4133921608320345E-017  -6.7265981564200590E-017   2.4243729815030985E-008   1.6404622819768421E-008  0.12542180651725787       -1.0105252279600316E-014  -4.8669255930607795E-009  -3.4194900152185534E-009   6.6407612484341183E-002  -5.0017890947748592E-016   2.9597370125325748E-017   1.3868595837500592E-017  -4.3185395326129104E-016  -4.8390631589058014E-018  -4.9658243808369774E-016  -1.7986578308538335E-014   3.1903267844112411E-009   1.0157781275295127E-009   4.6237873026901910E-002  -1.7688258001709617E-010  -8.9453775900568046E-010   2.3180582799745861E-010   3.7121413085686967E-010  -1.4935328739715846E-011  -1.3390144747149929E-010   7.3831399480276346E-011  -6.3635997858704169E-010   7.9548463365000918E-010   3.0153653743581239E-010  -1.9810924392330248E-016   4.1140221468228404E-016   1.3005649129637132E-016   5.7162835362658703E-016   2.8834001624702128E-019  -8.9586736447790233E-017  -2.0806109468450519E-009   1.6111241373992225E-010  -4.7318434175159269E-002  -1.9386541685274224E-015   2.2412831980936220E-015   7.0358501366426746E-016   2.2133777238893762E-015   6.7618601723962498E-018  -1.3608397310001832E-015  -1.7256402333993362E-012  -7.9560405252166413E-011   1.3730396055221830E-011   3.2169032194921881E-011  -2.0940391290640508E-012  -2.9853807363338386E-011   2.3060141787727163E-011  -1.1962293031710724E-011   4.8622497528059685E-011  -1.3168282180378376E-012   1.8430519118930435E-014   2.7936085432232421E-014  -5.9554772128720979E-014  -3.2107260983583924E-010   5.3938423679838598E-011  -7.4285800636508690E-003   4.4205509108152605E-014
   8.0126514886409601E-003  -1.5380542029355211E-008   9.5686262431957586E-010   8.2323043339986360E-010   2.0624704109015482E-008  -1.8315783955210903E-008  -5.2443362907420988E-009   1.0923705279623639E-014   1.4594194990834761E-014  -1.0105252279600316E-014  0.47237790103955463       -1.7542224483590886E-014  -2.4541904146717457E-014   1.9445851622583773E-014  -3.8028914237887736E-008   6.1983129869951814E-009  -5.6589134176912965E-009   4.0492166647752918E-008  -4.2971891889217581E-008  -2.4633283652719981E-009  0.69686708446732837        7.2423658544718846E-015   1.4375692806155747E-014  -9.6837177513069697E-015  -2.1373842406667400E-016  -1.2704001887120616E-015   3.0853142217353021E-016   1.0215996412264345E-015   3.5347981353386604E-017  -6.1067518143000620E-016   6.9143720565782644E-016  -8.8707087300754699E-017   4.0098470569714222E-016  -4.8617423991806739E-017  -6.3798375370439977E-009   2.6940980155115860E-009   4.3128173577854909E-009   1.1211704585626198E-008  -1.3022506306356416E-008  -4.8319105831023490E-009  -6.9030305071729359E-015  -2.3877949090589626E-014   2.0332717330179341E-014  -2.8141609892551663E-008   3.8062698307373147E-009  -4.4286373895925125E-010   3.4074845801200510E-008  -3.3273234707333244E-008  -5.9332133535812076E-009  -4.6341457527662874E-018  -2.2051694226805750E-016   5.7695429522778721E-017   9.8674818038934762E-017   6.0565906893332230E-018  -1.2196143493165571E-016   8.7665900417802837E-017  -1.5984568876049539E-017   5.6652522102354479E-017  -3.0117071612280797E-017 -0.31191523728536547      -0.40898273448418904       0.70415319063941673       -1.2547920171919712E-015  -4.3229545104775580E-015   3.7321616814441771E-015 -0.51865926718919153     
  -3.7136745767783091E-016   5.3800361814483432E-017   1.8085117221488836E-017   5.8580513525111072E-018   7.0277443849990298E-017  -3.1284711462769533E-018   2.7145123783241333E-017   6.6407603210243263E-002  -1.2853051324117414E-009  -4.8669255930607795E-009  -1.7542224483590886E-014   3.5161435769058516E-002  -2.9900914679673894E-009  -1.2049419051697263E-008   2.1324614218946625E-016  -8.6218746059238373E-017  -7.2864753318518079E-017  -1.3023736370266386E-017   2.0341510500988200E-018   2.7976419127519205E-016  -2.4568895075770349E-014   2.4471678921041459E-002  -1.1462639862083498E-009  -4.8843348021395350E-009   1.3703377341513718E-010   1.0307932248653695E-010  -3.5317247941223022E-011  -1.5694553635270807E-010   1.3585730172168256E-010  -2.6915724599081755E-011   2.5277909085967095E-011   6.3693224736590572E-011  -1.3699338259869811E-010  -2.1150053350974964E-011   8.6793258877486737E-016  -9.9836346774232691E-016  -8.3834672036345435E-016  -1.9223197776508863E-015  -4.2426248864057886E-018   1.4046644823341170E-015  -2.5943270146567599E-002   1.8122900452768986E-009   4.3162161713016087E-009   3.9194433385975929E-015  -5.4304918650269326E-015  -4.5667718064795665E-015  -1.1229670859375750E-014  -1.9848253537686708E-017   6.8635022934309257E-015   1.0019686913548474E-011   7.6703420128696198E-012  -6.3770394197968273E-012  -3.6159137460803209E-012  -6.0077590024227450E-013  -9.8305583996935627E-012   3.0768883024667088E-012   8.8650980175559730E-012  -1.1798495362827017E-011  -1.8543957804814580E-012   2.6241315256817227E-014   4.1560887609746635E-014  -8.7980856952441152E-014  -4.0973236119799979E-003   2.9751525785919743E-010   6.4480692738067732E-010   6.5335718119798225E-014
  -4.7872716118855968E-016   4.8339367683680533E-017   6.8919029712387889E-018  -1.2672610496415328E-017   2.1175932953147806E-017   7.8298129098682654E-018   5.3184567952608093E-017  -1.2556441749251901E-009   6.6407616709294653E-002  -3.4194900152185534E-009  -2.4541904146717457E-014  -2.9900914679673894E-009   3.5161470168798399E-002  -7.5184622196810272E-009   7.5557938891049504E-017  -5.9043866632438562E-018   3.1256569074373081E-017   1.0005853094368850E-016  -2.3184630288864439E-017  -5.1690054024880491E-017  -3.4927734096054058E-014  -1.1456718345730950E-009   2.4471694048231879E-002  -3.7634666990351445E-009   6.9242318289597734E-011   5.0370726951257984E-010  -1.6446558709554253E-010  -1.1701978533464473E-010   2.0889423441960758E-011   2.4121158800981052E-011  -3.9008047897203590E-010   3.5931943459737498E-010   1.9636524873756315E-011  -1.4523594712204781E-010   4.2725979399673513E-016  -1.2390039271794704E-016   3.8945057226502293E-016   6.1533190497852606E-016  -3.2268207617998778E-016  -1.1642159815590234E-015   1.7685307656102607E-009  -2.5943275856745725E-002  -9.0577092259085317E-010   2.5966352824617844E-015  -6.7023755734745419E-016   2.1147027823079582E-015   3.6309103598474024E-015  -1.7449269573895953E-015  -6.0423027938571968E-015   3.6454924313404757E-012   1.9436756551202274E-011  -1.9668106166669598E-011  -8.8332107328726169E-012  -6.0941039908888809E-012   3.9421572984124670E-012  -1.4368954617896271E-011   1.7564626440528105E-011  -1.6034052878971632E-013   1.5675637746389106E-012   3.7746770197327413E-014   6.1699685456865958E-014  -1.3034982213704901E-013   2.8950541435980270E-010  -4.0973242170289793E-003  -2.7257292839364818E-010   9.6828343816305115E-014
   3.1716756531532814E-016  -3.7699897856587064E-017  -6.9110815870709251E-019   1.0309649685915388E-017  -2.6991569972644608E-017  -1.2140784058335359E-017  -3.9517208245486303E-017  -5.0558475426700194E-009  -2.1021994452268071E-009   6.6407612484341183E-002   1.9445851622583773E-014  -1.2049419051697263E-008  -7.5184622196810272E-009   3.5161458771862497E-002  -2.3852232334686994E-016  -6.4229501739604398E-018  -3.1142844410348652E-018  -3.0748993328864590E-016  -9.2150459069991647E-018  -2.1082913096756773E-016   2.6072647838244055E-014  -4.9222555356645925E-009  -3.5016744064594601E-009   2.4471688630152699E-002  -9.3632827482466341E-011  -4.7363211767737153E-010   1.2264515765629712E-010   1.9658872280886543E-010  -7.9340124848992943E-012  -7.0967209281480127E-011   3.9041042487827158E-011  -3.3711577577207360E-010   4.2125416793938834E-010   1.5985679154122675E-010   2.1687198684902594E-016  -4.1547466954050955E-017  -6.4882608636930427E-017  -6.6529474926715260E-016  -6.9578811899079948E-017   5.9831155289338351E-016   4.3735248834825257E-009  -1.1327001012402172E-009  -2.5943275400024019E-002   7.1926511408792054E-016  -2.2683643042652886E-016  -3.5159866083103230E-016  -4.0766817336885782E-015  -3.7787703075730911E-016   2.7828558763787861E-015  -6.7468027741834306E-013  -4.1712241364189528E-011   6.2801753926508809E-012   1.7068912784586240E-011  -1.0345768369495317E-012  -1.6163716036091840E-011   1.2942322726672642E-011  -5.3142059530889028E-012   2.4348567757461638E-011  -7.1943805383002334E-013  -2.9262461127661586E-014  -4.8717443787064214E-014   1.0299459690911317E-013   6.5446509347347363E-010  -3.0813810410284794E-010  -4.0973242868957288E-003  -7.6527016138648158E-014
  -5.4186712940431854E-010  -2.8789920912403692E-005  -1.6103516226606274E-012   7.1517121125424803E-012   1.4394962941421680E-005  -1.3637942796954385E-011   1.4394957970888726E-005   2.4729695630734102E-016   3.1351395697257214E-017  -5.0017890947748592E-016  -3.8028914237887736E-008   2.1324614218946625E-016   7.5557938891049504E-017  -2.3852232334686994E-016   3.7461624507803570E-004  -5.0043102933196295E-012  -1.5947075078226576E-011  -1.8730817805803532E-004   1.4739500510441964E-010  -1.8730806702003765E-004  -5.4799005175052241E-008   3.5840935385881615E-017  -1.4821771154053345E-017  -1.7696953726032111E-016   2.6731831662273532E-018  -6.1453050213571285E-018  -4.3589511925055071E-019  -6.0340684693025950E-018   1.7653435973758758E-019  -2.4955517322328076E-018  -2.1973033990174531E-017   4.7459227589163623E-019  -6.9767119502069405E-018   7.2931847093161628E-018   4.5646187286225810E-003  -2.9448658261776969E-011  -7.7828201335287806E-011  -2.2823096864827068E-003   7.9768124221168080E-010  -2.2823090421388976E-003  -2.6164241754931202E-015  -3.4548689739546361E-015   4.2130900983664112E-016   2.4768398316467616E-002  -1.5639531885823023E-010  -5.6347236007920646E-010  -1.2384201011349112E-002   4.8484658922478091E-009  -1.2384197305121443E-002   2.9843525048233338E-018   1.9729610143335526E-018   7.5232752027913438E-020  -4.4097402444829107E-019  -1.1793872866308608E-020   7.8301674463791751E-018   5.5340262181216377E-018   1.3768276815397138E-018  -1.9097257132108890E-018   5.6487402683075209E-018   2.4081310243161257E-008   3.0609880228211053E-008  -5.2048163435380632E-008  -4.8040117653680356E-016  -6.3647288975222070E-016   7.3066131108815151E-017   3.8308350751629245E-008
   9.1553091915455470E-011   5.4386012149276327E-014  -2.8789937679936560E-005   2.0997724231725747E-011  -2.6887078118865155E-013   9.0296236304319304E-012   2.1445779273590471E-013   3.8605488603747196E-017   5.7648735230618878E-018   2.9597370125325748E-017   6.1983129869951814E-009  -8.6218746059238373E-017  -5.9043866632438562E-018  -6.4229501739604398E-018  -5.0043102933196295E-012   3.7461630225853762E-004  -1.2236904408286388E-010   1.2288025572140140E-011  -5.2701231243067291E-011  -7.2839369494803941E-012   8.9218684702345491E-009   6.1656288430263350E-017  -3.1433998974132936E-017   5.0940979158865822E-017  -5.9407908069961413E-018   3.8857957677256305E-018  -3.3275305440909374E-018   4.2122322851824343E-018   5.1379404688229495E-019  -5.6376908232963122E-018   5.4074570858672824E-018  -8.8741568268310193E-018   1.0671547821133326E-017  -1.3637499702917998E-017  -3.3798401673843768E-011   4.5646189944173006E-003  -7.1960488842203278E-010   8.1038992529235402E-011  -3.0083023448244627E-010  -4.7240703890593760E-011   2.6314671186504378E-016  -3.0932913610113406E-015   1.8411373089645533E-015  -1.7180087005570732E-010   2.4768400252803417E-002  -4.0277926530993215E-009   4.4307134002799032E-010  -1.7925413436139886E-009  -2.7127040967797228E-010  -4.4353606232951226E-018   4.5898590620088164E-018  -2.8987668113452046E-019  -1.9817680596140356E-018   1.1476777916000016E-018  -6.8096128314688649E-018   2.5600768418157181E-018   5.2506968264404139E-020   2.3939666832433964E-018  -2.8482974021892159E-018  -3.9631546962692328E-009  -5.0503513628221052E-009   8.6338470660029453E-009   4.9048430385825092E-017  -5.7093406285010796E-016   3.4022240987395708E-016  -6.3561631663770825E-009
  -5.1918370252730757E-011   4.6597390840203153E-012   1.4051253193627991E-011  -2.8789933157914118E-005  -1.3475291489401883E-011  -6.8001883643923780E-013   8.8155532289868774E-012   3.1280741081532667E-017   5.6125054604056787E-018   1.3868595837500592E-017  -5.6589134176912965E-009  -7.2864753318518079E-017   3.1256569074373081E-017  -3.1142844410348652E-018  -1.5947075078226576E-011  -1.2236904408286388E-010   3.7461622314387808E-004   4.8528948107817596E-011   1.0053381858023708E-011  -3.2582146479119080E-011  -8.4325953558804644E-009   4.7392531799760516E-017  -4.7281907026902763E-017  -9.6234937606436773E-018   1.7629608269842610E-018  -6.8901858601347662E-018  -1.2422222958982208E-017   3.8728590091359819E-018  -4.2111532527282389E-018  -8.0030399477772296E-018   6.6220712320003190E-018  -9.7552100925112888E-019  -7.5016791793034786E-018  -3.6964206255860404E-018  -6.7395698439993633E-011  -7.2039160053289159E-010   4.5646185986836802E-003   2.6120807960730986E-010   5.9071609241268966E-011  -1.9381250506254227E-010   1.7725951031200943E-015  -1.0343324751447640E-015  -1.2614079994704338E-015  -5.1857046664716165E-010  -4.0687129082888545E-009   2.4768397592290221E-002   1.5972009046545527E-009   3.5221945787874590E-010  -1.0786303214596574E-009  -2.0246155649588638E-018  -1.8036325561385168E-018  -3.9211455260677341E-019   9.4831097277182377E-019  -1.3898462401540124E-018  -2.2481414322682156E-018   4.6266793056311514E-019   2.4852648442541788E-018   4.3151930857285994E-018  -3.7853290183559542E-018   3.6195324767070230E-009   4.6403393352309403E-009  -7.8323528459014766E-009   3.2705622091608201E-016  -1.9096274850049932E-016  -2.3248108691962220E-016   5.7634967654555641E-009
   5.9550845681733141E-010   1.4394968064581230E-005  -1.5219422647744522E-012  -1.3170845682950959E-011  -2.8789955336082799E-005   5.7344471290220123E-012   1.4394987271036545E-005   3.7123111588618072E-016   6.9383272741337408E-017  -4.3185395326129104E-016   4.0492166647752918E-008  -1.3023736370266386E-017   1.0005853094368850E-016  -3.0748993328864590E-016  -1.8730817805803532E-004   1.2288025572140140E-011   4.8528948107817596E-011   3.7461649493272776E-004  -7.2791033763808325E-011  -1.8730831687506188E-004   5.8084306088807531E-008   2.0147588950532847E-016   4.7918494263039126E-017  -1.4865177234675274E-016   9.0051005237677386E-019  -7.6037044339545385E-019   4.4852220101521552E-019   7.7226995476354389E-018  -1.3120840557251687E-018  -2.4222880211197993E-018   7.5592158627042001E-019   2.4137626856409486E-018   2.2340406545965684E-018  -1.5735570117211134E-018  -2.2823096861574973E-003   6.8154653469784158E-011   2.6874756282845561E-010   4.5646200903276006E-003  -4.0273323091311597E-010  -2.2823104041704936E-003  -3.9837383789913640E-016   3.9668131991315293E-015  -1.2726379908547334E-015  -1.2384200983910526E-002   3.6696656657316474E-010   1.6400742907023923E-009   2.4768406649854410E-002  -2.3981723205650456E-009  -1.2384205665949631E-002   2.9189809082232691E-018  -4.1993333779979859E-018  -8.1248346677938775E-019   8.3674170935885797E-019  -5.7659835599358720E-019  -2.9067387560220914E-018  -1.3493778883556500E-017  -3.4802017648799432E-018   1.3320913410299542E-018  -5.4287485530748526E-018  -2.5626935850592856E-008  -3.2521353594190529E-008   5.5375207561400084E-008  -6.9797273097200535E-017   7.3258531981330985E-016  -2.3957917290732990E-016  -4.0758692977976024E-008
  -6.2688256650342419E-010  -1.1128462671997572E-011   1.2902453636175300E-011   7.2367437411114847E-013   9.0343372224171339E-012  -2.8789969646527230E-005   2.0941306193446389E-012  -2.0451316160967315E-018   1.7931560083996962E-017  -4.8390631589058014E-018  -4.2971891889217581E-008   2.0341510500988200E-018  -2.3184630288864439E-017  -9.2150459069991647E-018   1.4739500510441964E-010  -5.2701231243067291E-011   1.0053381858023708E-011  -7.2791033763808325E-011   3.7461653632076951E-004  -7.4604034805463058E-011  -6.1726120663977194E-008  -3.7036294807552133E-017   1.3310964378029415E-017   4.7300118855652353E-018  -1.0387017217707040E-018  -8.7472754317394330E-018   1.3094177032941648E-017  -1.9237668438166172E-018  -3.2052153150455952E-018   7.6965187957826800E-018   5.1702931719316269E-018   1.0531507396409564E-017  -5.5957317063689797E-018   1.4601172127599857E-017   8.1869004003830422E-010  -2.8984258143744311E-010   5.1461341622908336E-011  -4.1325011512725961E-010   4.5646203863021232E-003  -4.0543994184797850E-010  -2.4632701323074085E-015  -3.6108734330268421E-016   2.2946672948196952E-015   4.9764935743145129E-009  -1.7131532678528148E-009   3.1762374123670858E-010  -2.4427971588867266E-009   2.4768407986729479E-002  -2.5336963399374559E-009  -5.8343605191387566E-018   2.4544197766754573E-018   1.6954335142821723E-020  -2.3319828305738730E-018   2.0834075279117862E-019  -3.7970775985061157E-018   2.1473633560389236E-019  -3.9193733204126887E-018   6.6817238946588490E-019  -1.4167147807915304E-018   2.7248629582342297E-008   3.4629625886210130E-008  -5.8994662845163067E-008  -4.5415501238127010E-016  -6.7115151840401021E-017   4.2331579981025500E-016   4.3424224489077979E-008
  -5.3642382730467690E-011   1.4394952847825329E-005   3.1323109229926428E-012   6.0191545854425224E-012   1.4394992394689508E-005   7.9035005487793588E-012  -2.8789945241956523E-005   2.8830433691855383E-016   1.3519031577429506E-016  -4.9658243808369774E-016  -2.4633283652719981E-009   2.7976419127519205E-016  -5.1690054024880491E-017  -2.1082913096756773E-016  -1.8730806702003765E-004  -7.2839369494803941E-012  -3.2582146479119080E-011  -1.8730831687506188E-004  -7.4604034805463058E-011   3.7461638389550624E-004  -3.2854093550869084E-009   1.0166349956048863E-016   8.3179477872057308E-017  -1.8843366063048125E-016  -3.5736891773599129E-018   6.9056887121723307E-018  -1.2630681339835395E-020  -1.6886377398256899E-018   1.1355519350477951E-018   4.9178409927029551E-018   2.1217110680520436E-017  -2.8883456585586577E-018   4.7426603601992277E-018  -5.7196319486682483E-018  -2.2823090424655373E-003  -3.8708696206141950E-011  -1.9092269342873016E-010  -2.2823104038493950E-003  -3.9494878468371822E-010   4.5646194463143464E-003   3.0848744294372518E-015   1.9861175115700297E-015   2.5043195135249209E-015  -1.2384197332559556E-002  -2.1058590378991498E-010  -1.0766200102688407E-009  -1.2384205638529724E-002  -2.4502977682099521E-009   2.4768402971097964E-002  -5.9033327141218601E-018   2.2263772172833790E-018   7.3725096012786463E-019  -3.9576918364722892E-019   5.8839338212139304E-019  -4.9234281293534782E-018   7.9597472949969879E-018   2.1033769325537947E-018   5.7763672374193073E-019  -2.1999402180185127E-019   1.5457575009717673E-009   1.9116909667481988E-009  -3.3275097096170799E-009   5.7253490371142634E-016   3.6720295675813153E-016   4.5665214053277057E-016   2.4506882131505875E-009
   1.1875334811427045E-002  -2.2792551391780627E-008   1.4288293490266143E-009   1.2220929373435741E-009   3.0557938584442941E-008  -2.7152267100479945E-008  -7.7656441603753030E-009   1.7044470205855486E-014   2.1639195728395900E-014  -1.7986578308538335E-014  0.69686708446732837       -2.4568895075770349E-014  -3.4927734096054058E-014   2.6072647838244055E-014  -5.4799005175052241E-008   8.9218684702345491E-009  -8.4325953558804644E-009   5.8084306088807531E-008  -6.1726120663977194E-008  -3.2854093550869084E-009   1.0288898900915191        1.0898650342612816E-014   2.1215495911240949E-014  -1.5501296924758207E-014  -3.0010535997213221E-016  -1.8183255566652922E-015   4.4738770120026821E-016   1.4564620601592908E-015   5.0924509554515812E-017  -8.8573331974284485E-016   9.8021879192925598E-016  -1.2062864780569780E-016   5.7535157163437088E-016  -7.3984028755991088E-017   6.9305969747749369E-009   1.2157538705561108E-009   5.4241073195410887E-009  -4.0497452878413712E-009   1.5844707147558423E-009  -2.8809115292857218E-009   3.7126429546947122E-015   4.3230469155172392E-015  -9.4291090903401285E-015   4.6900340864817601E-008  -9.3375035811472647E-009  -5.8055565009268642E-009  -6.1231126094844378E-008   6.3534714684620244E-008   1.4330810605145825E-008  -1.6270286894519347E-018  -3.0924121319171821E-016   8.3261055536722376E-017   1.3793305506257582E-016   8.5893258796291387E-018  -1.7346005400992489E-016   1.2033684855945274E-016  -1.9791105875605365E-017   7.9193207896432459E-017  -4.3584032150449156E-017 -0.44092361632630406      -0.56763449922094944       0.95592017749101199        7.2646731377191716E-016   9.2836751529059465E-016  -1.8072061376874802E-015 -0.70338611277017282     
   4.3557627978804101E-017   5.9746288256606897E-017   1.5213286626833072E-017  -1.2797571253217492E-017   4.4850054427128613E-017   1.8439221547005415E-017  -1.0464401989276878E-017   4.6237878623130807E-002   8.6160359851402205E-010   3.1903267844112411E-009   7.2423658544718846E-015   2.4471678921041459E-002  -1.1456718345730950E-009  -4.9222555356645925E-009   3.5840935385881615E-017   6.1656288430263350E-017   4.7392531799760516E-017   2.0147588950532847E-016  -3.7036294807552133E-017   1.0166349956048863E-016   1.0898650342612816E-014   1.7344146631120640E-002  -1.6697319758680528E-010  -9.1393512197025615E-010   9.7511280515238483E-011   7.2691796378201399E-011  -2.0817682196112783E-011  -1.1008222703030638E-010   9.0192414272065957E-011  -2.0751038899686245E-011   1.7126686071988950E-011   4.3344583430001523E-011  -9.5669800080770650E-011  -1.6790463137363968E-011  -3.9757274755692042E-016   7.4711650731826995E-016   3.5457729274171480E-016   1.2504853708684816E-015  -9.8870009269478036E-017  -6.3368354635670116E-016   8.8801492434488691E-003  -3.2362119500305888E-010   3.6658156450041285E-009  -2.8076995987016599E-015   4.0600011657941095E-015   1.9382794350250244E-015   6.2901568418160148E-015  -6.6600667614618971E-016  -3.8125563474181549E-015   4.2897705961385324E-011   2.9015290684821435E-012   5.6824006339013379E-012  -4.3840900011873347E-011   2.6938636853127818E-011  -1.3715390027562926E-011   4.3355653369462018E-012   2.8089582077491281E-012  -8.7183630991896847E-012  -6.3290219408807424E-012  -1.4218643843217230E-014  -2.4158616701702868E-014   5.1866017284969383E-014   2.1180005111960166E-003  -6.7302765417438534E-011   6.3973308694278340E-010  -3.8546944215326417E-014
   1.7480050899943363E-016   8.2686370386628526E-017   7.5711609500752590E-018   1.6849859864507173E-017  -2.9988753509667360E-018  -2.2045333004699853E-019   1.0499487923544894E-017   8.8015720636120557E-010   4.6237871081766607E-002   1.0157781275295127E-009   1.4375692806155747E-014  -1.1462639862083498E-009   2.4471694048231879E-002  -3.5016744064594601E-009  -1.4821771154053345E-017  -3.1433998974132936E-017  -4.7281907026902763E-017   4.7918494263039126E-017   1.3310964378029415E-017   8.3179477872057308E-017   2.1215495911240949E-014  -1.6697319758680528E-010   1.7344150479148761E-002  -1.1765120100422097E-009   4.7208754261638678E-011   3.4915232839727497E-010  -1.1518718238617372E-010  -7.9508225040279645E-011   1.6377105928276060E-011   1.6170768555999079E-011  -2.7053863605396675E-010   2.4705482794984717E-010   1.3809772679174836E-011  -9.8288695901821275E-011   4.7098590650860381E-018   1.4500321773240557E-017  -4.1194092971850255E-016  -4.0510676434228764E-016   1.9500487353527088E-016   3.4770218489658892E-016  -2.9384531495942580E-010   8.8801284101212193E-003   8.2853984616736442E-009  -3.7413174954439205E-017   1.0005875772652781E-016  -2.2974953062262500E-015  -1.9539370198174115E-015   9.9599051286795662E-016   2.1314404122145102E-015   5.2751257974180841E-012   5.8565442342199530E-011  -2.2435933992989917E-011  -9.8462877839745271E-012   4.3001366314578899E-012   2.7688616719900413E-012  -5.3856324446874516E-011   5.2376347219821925E-011   1.3689040060772604E-011  -2.2316484758255109E-011  -2.5211969391132790E-014  -4.0517161023809198E-014   8.6724541440295020E-014  -6.1792359028982973E-011   2.1179967997487373E-003   1.4923658866928457E-009  -6.4401163441667691E-014
