   1.9994054687346950E-006   8.6183743951289366E-013   2.7571764468875025E-013  -2.4396316628385179E-016  -1.1055237462401235E-016  -1.3058460176818708E-005  -7.1043147222101358E-012  -1.8181749092815898E-012   4.9197586107001198E-019   1.2193207753071553E-018  -1.5817652208510753E-019   1.0450513796964797E-018  -3.2800825154674484E-019  -1.6002166019356546E-018   3.1907040048470813E-020  -7.9776083796344093E-019   7.1864709209821411E-021  -6.9741606513939156E-019  -7.2085283953728354E-019   3.1104934297831589E-019  -4.6175810685844933E-004  -1.5585367983752879E-010  -4.8555798473874922E-011   5.4760507778685747E-016  -1.3355763718529057E-003  -4.5774724734344339E-010  -1.4867087660239519E-010   7.0224228434318862E-016  -2.2520638211987477E-019  -8.3879400638553740E-019   6.2211184109602086E-019  -4.8201045540318286E-019   1.0852431270472535E-018   6.3000694256153427E-019  -7.1099919906724850E-004   1.7977994626257981E-010   5.9326966711528158E-011   2.6157702599626181E-017   8.8294675225014810E-016
   8.6183743951289366E-013   1.9994049590063216E-006  -3.2949487100358116E-013  -6.4462559487712909E-016  -2.1783491462893147E-016  -7.1043460899215198E-012  -1.3058456105852469E-005   2.5818126100437706E-012   2.1339637622599360E-019   8.8642373693964343E-019  -4.0763004684525222E-019   7.6555176518217629E-019  -3.8488234316613375E-019   9.1563174489598681E-019   5.8210322649476027E-019  -8.0655740894178894E-019   9.8773792606274660E-019   6.9063324033947064E-019   1.0567447771521185E-019  -2.0846534732894763E-019  -1.5585508129773166E-010  -4.6175801505610333E-004   5.9201772150224906E-011   4.9212680120195194E-015  -4.5775116932560227E-010  -1.3355761004819485E-003   1.7566790092129492E-010   6.3620269067746171E-015  -1.8255235038380691E-019   2.2244047873224378E-019  -1.6863474015472126E-019  -7.9458457898269604E-020   6.0168808393243186E-020   1.1561257333405685E-019   1.7978192028727240E-010  -7.1099930591344868E-004  -6.9270972185918422E-011  -7.6233111701881577E-015   3.2680586318296540E-015
   2.7571764468875025E-013  -3.2949487100358116E-013   1.9994061505226515E-006   2.5230587941468814E-016   8.2237367815800556E-017  -1.8181602849504579E-012   2.5817580398338883E-012  -1.3058464252869859E-005  -2.1324306837382330E-018  -8.5996492763074266E-019  -2.7521785152759156E-019  -1.7825154196692187E-018   1.5750019378027073E-018  -1.6337339575097395E-018  -1.1712448911066413E-018   1.3054311676861977E-019  -1.8105631955014488E-020  -1.7575687050476989E-018  -1.6500903345635752E-018  -1.1917615759905538E-018  -4.8555068565811347E-011   5.9199344093381759E-011  -4.6175822571980926E-004  -2.1685788772226188E-015  -1.4866872476686170E-010   1.7566098808093233E-010  -1.3355767415368482E-003  -2.7788649221816953E-015  -1.8694526251371915E-019   5.1204490490264073E-019  -1.9214932088597694E-020   6.0058366193031673E-019   2.6262080025731088E-019  -8.7698474041841741E-019   5.9330069950468986E-011  -6.9271761604820892E-011  -7.1099905068675278E-004   4.1716838097019053E-015  -1.1607970619392838E-015
  -2.4396316628385179E-016  -6.4462559487712909E-016   2.5230587941468814E-016  0.51431248926779971       0.26643746493328241        1.6185258881342982E-016   5.2609242508374162E-016  -1.5002701427755296E-016   7.0322954731041393E-009   1.9434525907889435E-008  -2.8674808845828965E-009  -6.5791900346207949E-010  -4.7459491080138485E-009  -6.3743231368459879E-009   4.4816206916248483E-009   1.0611435534203230E-009  -4.7230043636794068E-009   5.1998497843916266E-009   1.0900202217326705E-009  -9.6814258236424010E-009   5.0041289580160224E-016  -3.0913999884460496E-016  -9.5619801163084134E-016 -0.16051713114851307        1.3215581262968343E-015  -1.4097071316529844E-016  -2.7057639630803591E-015  -9.9625018487914205E-002   2.1782606525087843E-009   1.1555769266281122E-009  -2.1319928574091505E-009   2.2098805177304307E-009   2.9732860025896452E-010  -4.3881351723648472E-009   3.0756618514591322E-016  -1.4913773259168864E-016   1.5427892202649166E-015   4.5007612040071469E-002  -1.1230754502840503E-002
  -1.1055237462401235E-016  -2.1783491462893147E-016   8.2237367815800556E-017  0.26643746493328241       0.13836858073642408        1.9965914002940031E-017   1.6538568577396763E-016  -3.8186830799532857E-017   3.6423301106748198E-009   1.0088438837972332E-008  -1.4794496753891144E-009  -3.5190797433915182E-010  -2.4662920710230083E-009  -3.2903930307401516E-009   2.3338472275021114E-009   4.8598950858320772E-010  -2.4765823982045814E-009   2.7409245960045116E-009   5.9184106193857073E-010  -5.0747484252740329E-009  -2.4754599934684196E-015   1.7383099701118530E-015   3.4287612383578177E-018  -7.1400399116689495E-002  -6.7339743337924331E-015   4.7745642515822144E-015  -1.4389550727792373E-016  -3.5453380144460089E-002   1.1406452809493674E-009   5.7216772352189121E-010  -1.1248422028261851E-009   1.1735527304589253E-009   1.6766789931517971E-010  -2.3141945568903219E-009   1.1732599023235638E-014  -5.9461314526750549E-015  -4.8004043332473756E-015   1.9111023669277860E-002  -6.0131905206553139E-003
  -1.3058460176818708E-005  -7.1043460899215198E-012  -1.8181602849504579E-012   1.6185258881342982E-016   1.9965914002940031E-017   1.0722709389014050E-004   5.7620714991388917E-011   1.0120060860157637E-011   1.8898301812106977E-017  -7.0793440506551506E-018   5.4680280462784017E-018   1.4878293365774730E-018   3.7726831851338668E-018   1.7512553294662604E-017   4.5444103889011335E-019   1.2941097895271506E-018  -6.6211186745494155E-018   1.4194910270115782E-017   4.8572080504595962E-018   7.2195387978146837E-018   4.2288616293845302E-003   1.1286931501637885E-009   1.7676370363418954E-010  -3.2959913313897924E-016   1.1964062506160993E-002   3.3535789872409885E-009   6.0893027010571745E-010  -4.4596043377342618E-016   4.2550280993899393E-018   7.3223873117924771E-018  -2.1999804505905686E-018   5.3467405588098706E-018  -8.1766701974497920E-018  -5.5417759668824908E-018  -1.8493865455012182E-003  -1.2854118322045460E-009  -2.3597027524669136E-010  -6.6348066972590364E-016  -1.4547750042731095E-015
  -7.1043147222101358E-012  -1.3058456105852469E-005   2.5817580398338883E-012   5.2609242508374162E-016   1.6538568577396763E-016   5.7620714991388917E-011   1.0722706220317624E-004  -1.9572954913985453E-011  -9.4868487637516359E-018  -3.0099358131247879E-018   3.5145853916127942E-018  -9.7493020579391079E-018   3.7323926794708665E-018  -1.5083175055926113E-017  -7.7658069965737001E-018   3.0580622736635995E-018  -8.4492762963263850E-018  -8.6381799847329990E-018  -2.5925830041582312E-018  -2.4495217616825155E-018   1.1286942907921270E-009   4.2288610148695409E-003  -3.7705901839848503E-010  -6.0865779426364717E-015   3.3535821332237078E-009   1.1964060656214887E-002  -1.1450569917006709E-009  -7.8838543955771272E-015   1.2048497851409006E-018  -2.3513473409241973E-018   1.1895361744914988E-018  -1.4332370397434950E-018   7.7207293321381930E-020  -2.0207330226042107E-018  -1.2854144855837828E-009  -1.8493858356925178E-003   4.3965386197282871E-010   1.0574351098162103E-014  -5.0585953107084861E-015
  -1.8181749092815898E-012   2.5818126100437706E-012  -1.3058464252869859E-005  -1.5002701427755296E-016  -3.8186830799532857E-017   1.0120060860157637E-011  -1.9572954913985453E-011   1.0722711123668696E-004   1.6735786592922167E-017   9.4910972677305229E-018   4.0217897343286545E-018   1.1150636512034986E-017  -7.9057605804694422E-018   4.3113898838980161E-018   5.5626462995566289E-018  -4.8777691532253902E-018  -3.1486687210573735E-018   9.7938122771566985E-018   6.7809512940997797E-018   8.9529878315279836E-018   1.7676226344249229E-010  -3.7705630805014917E-010   4.2288618962494457E-003   1.6425796793577960E-015   6.0892605960531006E-010  -1.1450493732890945E-009   1.1964063583436286E-002   2.0461723604402533E-015  -1.8536815115305936E-018  -3.3381203860277203E-018  -1.2469917540156097E-018  -1.8963681266309277E-018   3.1588403848972849E-018   5.6365291880141342E-018  -2.3597669378252715E-010   4.3965484602063541E-010  -1.8493869671525392E-003  -4.5879698373575592E-015   3.2786281909610513E-016
   4.9197586107001198E-019   2.1339637622599360E-019  -2.1324306837382330E-018   7.0322954731041393E-009   3.6423301106748198E-009   1.8898301812106977E-017  -9.4868487637516359E-018   1.6735786592922167E-017   9.6156327494905908E-017   2.6568355425624711E-016  -3.9222682331046415E-017  -8.9687435355198260E-018  -6.4873878617286034E-017  -8.7186857515079216E-017   6.1248773018939225E-017   1.4666639380432590E-017  -6.4505655933033425E-017   7.0983010671304665E-017   1.4837216056157767E-017  -1.3223117376178242E-016   1.1088981436907819E-015  -4.9674228904600698E-016   6.4775913233497292E-016  -2.2242362947051621E-009   2.9378769919219386E-015  -1.3381346613162295E-015   1.8393339804276221E-015  -1.4008591657725986E-009   2.9752831409236817E-017   1.5867158293902305E-017  -2.9099599443647797E-017   3.0143467717664460E-017   4.0309957072921958E-018  -5.9896217947360702E-017  -6.7187347465488315E-015   2.3192133523343694E-015  -7.2855578583989840E-017   6.6875397386620258E-010  -1.7333371715439748E-010
   1.2193207753071553E-018   8.8642373693964343E-019  -8.5996492763074266E-019   1.9434525907889435E-008   1.0088438837972332E-008  -7.0793440506551506E-018  -3.0099358131247879E-018   9.4910972677305229E-018   2.6568355425624711E-016   7.3563858639327944E-016  -1.0797867999497449E-016  -2.5547573067381624E-017  -1.7981031188992818E-016  -2.4013387961337588E-016   1.7009968922966909E-016   3.6138581125468874E-017  -1.8031923089315572E-016   1.9941286148122869E-016   4.2874824942001511E-017  -3.6951084718314219E-016  -2.3270941138314744E-016  -5.1043263683030076E-017   4.1282395702187002E-016  -5.3326302701495995E-009  -6.8385906589326586E-016  -1.8151003806183140E-016   1.1468229204258498E-015  -2.7686267807416265E-009   8.3074151457096946E-017   4.2013140714242558E-017  -8.1835832829398473E-017   8.5301282775437765E-017   1.2087245544898059E-017  -1.6837518617522300E-016  -6.9530358028519326E-016  -1.1378155046489771E-015  -8.4082296824222047E-016   1.1691217051501832E-009  -3.1502553475968341E-010
  -1.5817652208510753E-019  -4.0763004684525222E-019  -2.7521785152759156E-019  -2.8674808845828965E-009  -1.4794496753891144E-009   5.4680280462784017E-018   3.5145853916127942E-018   4.0217897343286545E-018  -3.9222682331046415E-017  -1.0797867999497449E-016   1.6100170045775555E-017   3.4623637253168274E-018   2.6318856509586099E-017   3.5760046421213655E-017  -2.4761987462418177E-017  -7.1041662680182019E-018   2.5778341354626495E-017  -2.8114530418184367E-017  -5.5716706958702908E-018   5.2876273760236797E-017   2.8173361060436048E-016   1.4126252196658869E-016   1.8653986833437881E-016   1.1151835943784991E-009   7.6083060280743632E-016   3.9819756652428525E-016   5.1243546505704581E-016   8.5322280644017590E-010  -1.1914896546765402E-017  -6.9398626444479215E-018   1.1503552010573451E-017  -1.1780725990778597E-017  -1.4014701863557251E-018   2.3695595498676960E-017  -1.2562488414065134E-015  -1.0726152279276175E-016  -5.6040505510669400E-016  -4.4632340386026008E-010   1.1261793216492414E-010
   1.0450513796964797E-018   7.6555176518217629E-019  -1.7825154196692187E-018  -6.5791900346207949E-010  -3.5190797433915182E-010   1.4878293365774730E-018  -9.7493020579391079E-018   1.1150636512034986E-017  -8.9687435355198260E-018  -2.5547573067381624E-017   3.4623637253168274E-018   1.2169265281101203E-018   6.3294911985492971E-018   7.7517024169253859E-018  -6.1430486931423080E-018   8.0830858619199431E-019   7.0525196742283655E-018  -8.2503660170617441E-018  -2.3162926134046819E-018   1.4393348753725077E-017   2.1827736181523038E-016  -4.3938854967325928E-016   3.8450547880864415E-016  -1.9596355144731144E-010   5.3002726611276173E-016  -1.2129958860901558E-015   1.1181202697363278E-015  -4.1615616094375098E-010  -3.2048141472964867E-018  -5.7270139760238752E-019   3.4250282259972495E-018  -3.8107880049678079E-018  -8.4710413661807976E-019   7.0155827930007388E-018  -2.8318863324821767E-015   1.1333051978702189E-015   7.7926572143718054E-016   2.7438012699787675E-010  -6.5162343222334607E-011
  -3.2800825154674484E-019  -3.8488234316613375E-019   1.5750019378027073E-018  -4.7459491080138485E-009  -2.4662920710230083E-009   3.7726831851338668E-018   3.7323926794708665E-018  -7.9057605804694422E-018  -6.4873878617286034E-017  -1.7981031188992818E-016   2.6318856509586099E-017   6.3294911985492971E-018   4.3972481770333226E-017   5.8543863014161400E-017  -4.1637796568864055E-017  -8.3015531890054450E-018   4.4278640824758964E-017  -4.9083452245159257E-017  -1.0692981167461834E-017   9.0720830673757172E-017   1.6589575824665351E-016   1.5626564517719265E-016  -2.3210862955539675E-016   1.2052198259342830E-009   4.5996296114327416E-016   4.3712704860654703E-016  -7.0035967053312982E-016   5.4471053412025028E-010  -2.0388013389139829E-017  -1.0040761360250777E-017   2.0153164006984483E-017  -2.1068609746707087E-017  -3.0645762709574210E-018   4.1456559734995814E-017  -3.6586434412469680E-016  -2.2378348179581264E-016  -1.2646805282036262E-015  -2.0459972638563605E-010   5.7388688451903833E-011
  -1.6002166019356546E-018   9.1563174489598681E-019  -1.6337339575097395E-018  -6.3743231368459879E-009  -3.2903930307401516E-009   1.7512553294662604E-017  -1.5083175055926113E-017   4.3113898838980161E-018  -8.7186857515079216E-017  -2.4013387961337588E-016   3.5760046421213655E-017   7.7517024169253859E-018   5.8543863014161400E-017   7.9434543256776834E-017  -5.5105208483127891E-017  -1.5475104074215082E-017   5.7452521485560464E-017  -6.2731908075314200E-017  -1.2520696881211118E-017   1.1783657259238294E-016   7.5997540324059920E-016  -7.1476023788102757E-016   2.5736377062745813E-017   2.4202321088656315E-009   2.1120775528217376E-015  -1.9564147102559721E-015   1.5193259963683473E-016   1.8170730417051192E-009  -2.6547740829274830E-017  -1.5294446971708777E-017   2.5674265697026765E-017  -2.6332331424321321E-017  -3.1838041608704907E-018   5.2880010435386786E-017  -1.5206916658356630E-015   2.3684154783202094E-015   2.4628091783408051E-015  -9.4312528720993482E-010   2.3850879184378990E-010
   3.1907040048470813E-020   5.8210322649476027E-019  -1.1712448911066413E-018   4.4816206916248483E-009   2.3338472275021114E-009   4.5444103889011335E-019  -7.7658069965737001E-018   5.5626462995566289E-018   6.1248773018939225E-017   1.7009968922966909E-016  -2.4761987462418177E-017  -6.1430486931423080E-018  -4.1637796568864055E-017  -5.5105208483127891E-017   3.9500284855046475E-017   6.8809836014727900E-018  -4.2259824868768338E-017   4.7057136090810007E-017   1.0505353810120765E-017  -8.6557022173052150E-017   2.9278574599410802E-017  -3.5359977308531873E-016   1.5511089292467926E-016  -9.6060030244672236E-010   7.6606585578401432E-017  -9.7443376579520360E-016   4.7407187021457094E-016  -2.7369367773179070E-010   1.9437467725245816E-017   9.0810757461674711E-018  -1.9339256032630840E-017   2.0330245137298502E-017   3.1002993509584375E-018  -3.9767647819947366E-017  -2.0751125352394965E-016   9.6612114499211672E-016   1.0341246073423740E-015   5.2312387891072986E-011  -2.0506473436061303E-011
  -7.9776083796344093E-019  -8.0655740894178894E-019   1.3054311676861977E-019   1.0611435534203230E-009   4.8598950858320772E-010   1.2941097895271506E-018   3.0580622736635995E-018  -4.8777691532253902E-018   1.4666639380432590E-017   3.6138581125468874E-017  -7.1041662680182019E-018   8.0830858619199431E-019  -8.3015531890054450E-018  -1.5475104074215082E-017   6.8809836014727900E-018   1.4689417086141057E-017  -3.9121541052836921E-018   1.5032562722044120E-018  -3.0716825496439790E-018  -8.3841986390019696E-018  -3.2281060543543909E-017   6.4102286913547002E-017  -2.5269666746833133E-016  -2.6480392554304726E-009  -4.5642928437121819E-017   2.1233533646846577E-016  -6.8183794814891001E-016  -3.3410463574341545E-009   2.0784121776786996E-018   7.6128622587005219E-018  -3.6963130638678729E-019  -1.1218259926764959E-018  -2.0817315492334388E-018  -9.5664122745673449E-019   1.4426616749100308E-015   9.4071492050810172E-016   1.1448307426946729E-015   2.0784081514310306E-009  -5.0665543850946969E-010
   7.1864709209821411E-021   9.8773792606274660E-019  -1.8105631955014488E-020  -4.7230043636794068E-009  -2.4765823982045814E-009  -6.6211186745494155E-018  -8.4492762963263850E-018  -3.1486687210573735E-018  -6.4505655933033425E-017  -1.8031923089315572E-016   2.5778341354626495E-017   7.0525196742283655E-018   4.4278640824758964E-017   5.7452521485560464E-017  -4.2259824868768338E-017  -3.9121541052836921E-018   4.6094188094729452E-017  -5.2056278652938474E-017  -1.2492627702898478E-017   9.4315669671343895E-017  -3.6513872019792933E-016  -3.3859322987335381E-016  -1.7644302323293664E-016   3.9340082929565124E-010  -9.7599857002938758E-016  -9.5498638019976544E-016  -4.7052530684958284E-016  -5.4929041128966271E-010  -2.1129746367275834E-017  -8.1733997150351838E-018   2.1457229169864183E-017  -2.2942952610253891E-017  -3.9872784656259701E-018   4.4072612419605859E-017   1.9430420469090727E-015   2.4009887051004591E-016   9.7327247468895933E-016   4.7314840962076035E-010  -1.0669367021099412E-010
  -6.9741606513939156E-019   6.9063324033947064E-019  -1.7575687050476989E-018   5.1998497843916266E-009   2.7409245960045116E-009   1.4194910270115782E-017  -8.6381799847329990E-018   9.7938122771566985E-018   7.0983010671304665E-017   1.9941286148122869E-016  -2.8114530418184367E-017  -8.2503660170617441E-018  -4.9083452245159257E-017  -6.2731908075314200E-017   4.7057136090810007E-017   1.5032562722044120E-018  -5.2056278652938474E-017   5.9381344371007817E-017   1.4947393350144957E-017  -1.0643799139054006E-016   6.9404946997992734E-016  -3.8770765985418564E-016   3.1273571089377966E-016   8.6555846545861348E-011   1.8899687067144603E-015  -1.0710925611705502E-015   9.2508466632585665E-016   1.3081224556393158E-009   2.3804914943792714E-017   7.8258266464344693E-018  -2.4527325868814114E-017   2.6533626854018149E-017   4.9943679369198721E-018  -5.0338431377431642E-017  -2.6048945257540236E-015   9.7595220604744853E-016   1.1237061442247432E-015  -9.6447193570586332E-010   2.2520171061158881E-010
  -7.2085283953728354E-019   1.0567447771521185E-019  -1.6500903345635752E-018   1.0900202217326705E-009   5.9184106193857073E-010   4.8572080504595962E-018  -2.5925830041582312E-018   6.7809512940997797E-018   1.4837216056157767E-017   4.2874824942001511E-017  -5.5716706958702908E-018  -2.3162926134046819E-018  -1.0692981167461834E-017  -1.2520696881211118E-017   1.0505353810120765E-017  -3.0716825496439790E-018  -1.2492627702898478E-017   1.4947393350144957E-017   4.5749576657882488E-018  -2.5452630846315260E-017   1.7472807391309106E-016  -1.2958764172410265E-016   1.6014668891859846E-016   6.4585993179566557E-010   5.0356047458490756E-016  -3.5163083426392666E-016   5.1190305792013247E-016   1.1238213186280850E-009   5.6446263701096209E-018   2.2389293485708283E-019  -6.2331582377003851E-018   7.1013477230759650E-018   1.7771511042462693E-018  -1.2745932678761803E-017   2.1218695361653495E-016   5.2544625449507072E-016   1.7693887807755344E-015  -7.3794554222768870E-010   1.7733614368993657E-010
   3.1104934297831589E-019  -2.0846534732894763E-019  -1.1917615759905538E-018  -9.6814258236424010E-009  -5.0747484252740329E-009   7.2195387978146837E-018  -2.4495217616825155E-018   8.9529878315279836E-018  -1.3223117376178242E-016  -3.6951084718314219E-016   5.2876273760236797E-017   1.4393348753725077E-017   9.0720830673757172E-017   1.1783657259238294E-016  -8.6557022173052150E-017  -8.3841986390019696E-018   9.4315669671343895E-017  -1.0643799139054006E-016  -2.5452630846315260E-017   1.9299412572366646E-016   4.3964393638697008E-016  -1.6256343218620133E-016   3.3988828438928277E-016   8.7403992584886845E-010   1.1588729893867217E-015  -4.2374995703400896E-016   9.6883271928427627E-016  -1.0344245675538749E-009  -4.3242183795477156E-017  -1.6906823241621337E-017   4.3866380513962481E-017  -4.6863657154774728E-017  -8.0946305671724812E-018   9.0105665488069071E-017  -2.8484083343269746E-015   1.2019704591699826E-015   7.7732836738899088E-017   9.1215925975283439E-010  -2.0468733098407081E-010
  -4.6175810685844933E-004  -1.5585508129773166E-010  -4.8555068565811347E-011   5.0041289580160224E-016  -2.4754599934684196E-015   4.2288616293845302E-003   1.1286942907921270E-009   1.7676226344249229E-010   1.1088981436907819E-015  -2.3270941138314744E-016   2.8173361060436048E-016   2.1827736181523038E-016   1.6589575824665351E-016   7.5997540324059920E-016   2.9278574599410802E-017  -3.2281060543543909E-017  -3.6513872019792933E-016   6.9404946997992734E-016   1.7472807391309106E-016   4.3964393638697008E-016  0.17370957779478149       -4.2533974195904024E-009  -2.5322998628088682E-009   1.5361538768089203E-016  0.48764965040812375       -4.4185654087446525E-009  -2.4950891369142488E-009   2.8292411095741629E-016   2.0594431932730511E-016   2.9567479231648005E-016  -4.0664525408960916E-017   2.3287992533097800E-016  -3.1083081497923986E-016  -2.2440098907682821E-016 -0.19478934150654431        1.9480886627405423E-009   1.1130365199047364E-009   6.0954196949932121E-016   6.7706458580339918E-016
  -1.5585367983752879E-010  -4.6175801505610333E-004   5.9199344093381759E-011  -3.0913999884460496E-016   1.7383099701118530E-015   1.1286931501637885E-009   4.2288610148695409E-003  -3.7705630805014917E-010  -4.9674228904600698E-016  -5.1043263683030076E-017   1.4126252196658869E-016  -4.3938854967325928E-016   1.5626564517719265E-016  -7.1476023788102757E-016  -3.5359977308531873E-016   6.4102286913547002E-017  -3.3859322987335381E-016  -3.8770765985418564E-016  -1.2958764172410265E-016  -1.6256343218620133E-016  -4.2533974195904024E-009  0.17370958064758979        1.9722709587980160E-009   4.3643879969913416E-015  -4.4185661148522789E-009  0.48764965333270699        2.0088135435921711E-009   5.6143823730250819E-015   4.2854851630016415E-017  -1.0105128239231077E-016   4.3820005763370944E-017  -8.9584350114972014E-017   1.2099675239733017E-017  -9.6676066158250528E-017   1.9480898807668249E-009 -0.19478934279968901       -8.8949290838997155E-010  -8.1503111358203225E-015   3.2390402978857323E-015
  -4.8555798473874922E-011   5.9201772150224906E-011  -4.6175822571980926E-004  -9.5619801163084134E-016   3.4287612383578177E-018   1.7676370363418954E-010  -3.7705901839848503E-010   4.2288618962494457E-003   6.4775913233497292E-016   4.1282395702187002E-016   1.8653986833437881E-016   3.8450547880864415E-016  -2.3210862955539675E-016   2.5736377062745813E-017   1.5511089292467926E-016  -2.5269666746833133E-016  -1.7644302323293664E-016   3.1273571089377966E-016   1.6014668891859846E-016   3.3988828438928277E-016  -2.5322998628088682E-009   1.9722709587980160E-009  0.17370957045110547       -1.0479397380207962E-016  -2.4950869430989155E-009   2.0088090063971712E-009  0.48764964323962462       -1.0378709699415350E-015  -1.2681937941384141E-016  -1.1791701048865527E-016  -7.1445837491034280E-017  -2.6679756996757085E-017   2.0882982582722167E-016   1.9749435947434834E-016   1.1130426300548285E-009  -8.8949301488780524E-010 -0.19478933830194836        1.3720659141138648E-015   8.9511395202257876E-016
   5.4760507778685747E-016   4.9212680120195194E-015  -2.1685788772226188E-015 -0.16051713114851307       -7.1400399116689495E-002  -3.2959913313897924E-016  -6.0865779426364717E-015   1.6425796793577960E-015  -2.2242362947051621E-009  -5.3326302701495995E-009   1.1151835943784991E-009  -1.9596355144731144E-010   1.2052198259342830E-009   2.4202321088656315E-009  -9.6060030244672236E-010  -2.6480392554304726E-009   3.9340082929565124E-010   8.6555846545861348E-011   6.4585993179566557E-010   8.7403992584886845E-010   1.5361538768089203E-016   4.3643879969913416E-015  -1.0479397380207962E-016  0.47972008681965428        1.6792956922711208E-016  -2.7816422693610917E-015   4.7848437542052039E-016  0.61166327573588020       -2.3168253492382141E-010  -1.3304099563838896E-009  -8.1989535307683415E-011   3.6412018561264892E-010   4.0710832950504057E-010  -1.3242703839014272E-010   3.3341424596686407E-016   1.4558598595421520E-015  -6.7849818942795033E-016 -0.40251759279451899       0.10141595955877221     
  -1.3355763718529057E-003  -4.5775116932560227E-010  -1.4866872476686170E-010   1.3215581262968343E-015  -6.7339743337924331E-015   1.1964062506160993E-002   3.3535821332237078E-009   6.0892605960531006E-010   2.9378769919219386E-015  -6.8385906589326586E-016   7.6083060280743632E-016   5.3002726611276173E-016   4.5996296114327416E-016   2.1120775528217376E-015   7.6606585578401432E-017  -4.5642928437121819E-017  -9.7599857002938758E-016   1.8899687067144603E-015   5.0356047458490756E-016   1.1588729893867217E-015  0.48764965040812375       -4.4185661148522789E-009  -2.4950869430989155E-009   1.6792956922711208E-016   1.3709645667609387        8.7268643460147265E-009   5.9584073234717448E-009   2.7183664741458575E-016   5.6173742098985024E-016   8.3272796190853901E-016  -1.4032270480270733E-016   6.4678088955229192E-016  -8.8576985881396481E-016  -6.3165943341418368E-016 -0.48427361425641896       -2.7331862002646876E-009  -1.8833691316704837E-009  -7.4281796727288673E-017  -6.2199109921053887E-017
  -4.5774724734344339E-010  -1.3355761004819485E-003   1.7566098808093233E-010  -1.4097071316529844E-016   4.7745642515822144E-015   3.3535789872409885E-009   1.1964060656214887E-002  -1.1450493732890945E-009  -1.3381346613162295E-015  -1.8151003806183140E-016   3.9819756652428525E-016  -1.2129958860901558E-015   4.3712704860654703E-016  -1.9564147102559721E-015  -9.7443376579520360E-016   2.1233533646846577E-016  -9.5498638019976544E-016  -1.0710925611705502E-015  -3.5163083426392666E-016  -4.2374995703400896E-016  -4.4185654087446525E-009  0.48764965333270699        2.0088090063971712E-009  -2.7816422693610917E-015   8.7268643460147265E-009   1.3709645606882133       -4.2719524386685693E-009  -3.7994030473559248E-015   1.2379913720657921E-016  -2.8132817405269812E-016   1.2566913346444070E-016  -2.3531968663462842E-016   2.9267046447170213E-017  -2.6419958527576788E-016  -2.7331876440363233E-009 -0.48427361234953492        1.3430359069788474E-009   5.6043086050061389E-015  -2.3530033625115319E-015
  -1.4867087660239519E-010   1.7566790092129492E-010  -1.3355767415368482E-003  -2.7057639630803591E-015  -1.4389550727792373E-016   6.0893027010571745E-010  -1.1450569917006709E-009   1.1964063583436286E-002   1.8393339804276221E-015   1.1468229204258498E-015   5.1243546505704581E-016   1.1181202697363278E-015  -7.0035967053312982E-016   1.5193259963683473E-016   4.7407187021457094E-016  -6.8183794814891001E-016  -4.7052530684958284E-016   9.2508466632585665E-016   5.1190305792013247E-016   9.6883271928427627E-016  -2.4950891369142488E-009   2.0088135435921711E-009  0.48764964323962462        4.7848437542052039E-016   5.9584073234717448E-009  -4.2719524386685693E-009   1.3709645844188572       -1.8118880609759971E-015  -3.2933863966286461E-016  -3.4113426310379281E-016  -1.8992150056371723E-016  -1.0186039398683364E-016   5.4461404403248631E-016   5.7233913067405325E-016  -1.8833770852420958E-009   1.3430363084430582E-009 -0.48427361984530892        1.5730473866057880E-015  -7.1256607879564889E-016
   7.0224228434318862E-016   6.3620269067746171E-015  -2.7788649221816953E-015  -9.9625018487914205E-002  -3.5453380144460089E-002  -4.4596043377342618E-016  -7.8838543955771272E-015   2.0461723604402533E-015  -1.4008591657725986E-009  -2.7686267807416265E-009   8.5322280644017590E-010  -4.1615616094375098E-010   5.4471053412025028E-010   1.8170730417051192E-009  -2.7369367773179070E-010  -3.3410463574341545E-009  -5.4929041128966271E-010   1.3081224556393158E-009   1.1238213186280850E-009  -1.0344245675538749E-009   2.8292411095741629E-016   5.6143823730250819E-015  -1.0378709699415350E-015  0.61166327573588020        2.7183664741458575E-016  -3.7994030473559248E-015  -1.8118880609759971E-015  0.80755093357911834        1.8289794573324971E-010  -1.5334949473002692E-009  -5.9592823652045777E-010   9.9462349739519533E-010   6.1739822480938823E-010  -1.1775056636894519E-009  -1.6323635311276022E-015   3.4812182172367054E-016   3.7350674842043374E-015 -0.44569444695919169       0.10194191655400070     
  -2.2520638211987477E-019  -1.8255235038380691E-019  -1.8694526251371915E-019   2.1782606525087843E-009   1.1406452809493674E-009   4.2550280993899393E-018   1.2048497851409006E-018  -1.8536815115305936E-018   2.9752831409236817E-017   8.3074151457096946E-017  -1.1914896546765402E-017  -3.2048141472964867E-018  -2.0388013389139829E-017  -2.6547740829274830E-017   1.9437467725245816E-017   2.0784121776786996E-018  -2.1129746367275834E-017   2.3804914943792714E-017   5.6446263701096209E-018  -4.3242183795477156E-017   2.0594431932730511E-016   4.2854851630016415E-017  -1.2681937941384141E-016  -2.3168253492382141E-010   5.6173742098985024E-016   1.2379913720657921E-016  -3.2933863966286461E-016   1.8289794573324971E-010   9.6932176574571421E-018   3.8824301760264111E-018  -9.8094668358686872E-018   1.0459074154090785E-017   1.7808647458742692E-018  -2.0152253394682503E-017  -7.4387620851958839E-016   6.1200698912801920E-017   9.7640421937245965E-016  -2.3350265257894482E-010   5.6099445735686554E-011
  -8.3879400638553740E-019   2.2244047873224378E-019   5.1204490490264073E-019   1.1555769266281122E-009   5.7216772352189121E-010   7.3223873117924771E-018  -2.3513473409241973E-018  -3.3381203860277203E-018   1.5867158293902305E-017   4.2013140714242558E-017  -6.9398626444479215E-018  -5.7270139760238752E-019  -1.0040761360250777E-017  -1.5294446971708777E-017   9.0810757461674711E-018   7.6128622587005219E-018  -8.1733997150351838E-018   7.8258266464344693E-018   2.2389293485708283E-019  -1.6906823241621337E-017   2.9567479231648005E-016  -1.0105128239231077E-016  -1.1791701048865527E-016  -1.3304099563838896E-009   8.3272796190853901E-016  -2.8132817405269812E-016  -3.4113426310379281E-016  -1.5334949473002692E-009   3.8824301760264111E-018   4.7855426678000704E-018  -3.1029690368120848E-018   2.5861899280910996E-018  -4.6048033384151500E-019  -6.4686347980595749E-018  -2.4746959399569421E-016   1.8679681844466954E-016  -1.8388985368365415E-016   9.9805676280659901E-010  -2.4820374654822409E-010
   6.2211184109602086E-019  -1.6863474015472126E-019  -1.9214932088597694E-020  -2.1319928574091505E-009  -1.1248422028261851E-009  -2.1999804505905686E-018   1.1895361744914988E-018  -1.2469917540156097E-018  -2.9099599443647797E-017  -8.1835832829398473E-017   1.1503552010573451E-017   3.4250282259972495E-018   2.0153164006984483E-017   2.5674265697026765E-017  -1.9339256032630840E-017  -3.6963130638678729E-019   2.1457229169864183E-017  -2.4527325868814114E-017  -6.2331582377003851E-018   4.3866380513962481E-017  -4.0664525408960916E-017   4.3820005763370944E-017  -7.1445837491034280E-017  -8.1989535307683415E-011  -1.4032270480270733E-016   1.2566913346444070E-016  -1.8992150056371723E-016  -5.9592823652045777E-010  -9.8094668358686872E-018  -3.1029690368120848E-018   1.0138319245256414E-017  -1.0994382998168553E-017  -2.1023487157956815E-018   2.0803803264893961E-017  -7.7261213097032520E-016   3.3868416539938785E-017   4.1301902236994113E-016   5.1541314371554746E-010  -1.2598283240716691E-010
  -4.8201045540318286E-019  -7.9458457898269604E-020   6.0058366193031673E-019   2.2098805177304307E-009   1.1735527304589253E-009   5.3467405588098706E-018  -1.4332370397434950E-018  -1.8963681266309277E-018   3.0143467717664460E-017   8.5301282775437765E-017  -1.1780725990778597E-017  -3.8107880049678079E-018  -2.1068609746707087E-017  -2.6332331424321321E-017   2.0330245137298502E-017  -1.1218259926764959E-018  -2.2942952610253891E-017   2.6533626854018149E-017   7.1013477230759650E-018  -4.6863657154774728E-017   2.3287992533097800E-016  -8.9584350114972014E-017  -2.6679756996757085E-017   3.6412018561264892E-010   6.4678088955229192E-016  -2.3531968663462842E-016  -1.0186039398683364E-016   9.9462349739519533E-010   1.0459074154090785E-017   2.5861899280910996E-018  -1.0994382998168553E-017   1.2080848726239514E-017   2.5039988296651293E-018  -2.2539866501848412E-017  -4.7927264629751626E-016   6.0601410135668635E-016  -8.1320681823283357E-016  -7.9359658815361442E-010   1.9484194802746755E-010
   1.0852431270472535E-018   6.0168808393243186E-020   2.6262080025731088E-019   2.9732860025896452E-010   1.6766789931517971E-010  -8.1766701974497920E-018   7.7207293321381930E-020   3.1588403848972849E-018   4.0309957072921958E-018   1.2087245544898059E-017  -1.4014701863557251E-018  -8.4710413661807976E-019  -3.0645762709574210E-018  -3.1838041608704907E-018   3.1002993509584375E-018  -2.0817315492334388E-018  -3.9872784656259701E-018   4.9943679369198721E-018   1.7771511042462693E-018  -8.0946305671724812E-018  -3.1083081497923986E-016   1.2099675239733017E-017   2.0882982582722167E-016   4.0710832950504057E-010  -8.8576985881396481E-016   2.9267046447170213E-017   5.4461404403248631E-016   6.1739822480938823E-010   1.7808647458742692E-018  -4.6048033384151500E-019  -2.1023487157956815E-018   2.5039988296651293E-018   7.5366245886991878E-019  -4.2848455878536416E-018  -6.3704206767188425E-017  -1.6053384736235860E-016  -1.5358476223894675E-015  -4.3951365136269583E-010   1.0865214473342799E-010
   6.3000694256153427E-019   1.1561257333405685E-019  -8.7698474041841741E-019  -4.3881351723648472E-009  -2.3141945568903219E-009  -5.5417759668824908E-018  -2.0207330226042107E-018   5.6365291880141342E-018  -5.9896217947360702E-017  -1.6837518617522300E-016   2.3695595498676960E-017   7.0155827930007388E-018   4.1456559734995814E-017   5.2880010435386786E-017  -3.9767647819947366E-017  -9.5664122745673449E-019   4.4072612419605859E-017  -5.0338431377431642E-017  -1.2745932678761803E-017   9.0105665488069071E-017  -2.2440098907682821E-016  -9.6676066158250528E-017   1.9749435947434834E-016  -1.3242703839014272E-010  -6.3165943341418368E-016  -2.6419958527576788E-016   5.7233913067405325E-016  -1.1775056636894519E-009  -2.0152253394682503E-017  -6.4686347980595749E-018   2.0803803264893961E-017  -2.2539866501848412E-017  -4.2848455878536416E-018   4.2692025101621502E-017   1.9830768398048024E-016   3.3342889415519227E-016   3.3886361052863762E-016   1.0270899473838947E-009  -2.5094151707056996E-010
  -7.1099919906724850E-004   1.7978192028727240E-010   5.9330069950468986E-011   3.0756618514591322E-016   1.1732599023235638E-014  -1.8493865455012182E-003  -1.2854144855837828E-009  -2.3597669378252715E-010  -6.7187347465488315E-015  -6.9530358028519326E-016  -1.2562488414065134E-015  -2.8318863324821767E-015  -3.6586434412469680E-016  -1.5206916658356630E-015  -2.0751125352394965E-016   1.4426616749100308E-015   1.9430420469090727E-015  -2.6048945257540236E-015   2.1218695361653495E-016  -2.8484083343269746E-015 -0.19478934150654431        1.9480898807668249E-009   1.1130426300548285E-009   3.3341424596686407E-016 -0.48427361425641896       -2.7331876440363233E-009  -1.8833770852420958E-009  -1.6323635311276022E-015  -7.4387620851958839E-016  -2.4746959399569421E-016  -7.7261213097032520E-016  -4.7927264629751626E-016  -6.3704206767188425E-017   1.9830768398048024E-016   2.1744179762712728        8.0663453925661991E-010   5.6599856645090047E-010   2.0871379428575138E-016   4.4889949810906841E-016
   1.7977994626257981E-010  -7.1099930591344868E-004  -6.9271761604820892E-011  -1.4913773259168864E-016  -5.9461314526750549E-015  -1.2854118322045460E-009  -1.8493858356925178E-003   4.3965484602063541E-010   2.3192133523343694E-015  -1.1378155046489771E-015  -1.0726152279276175E-016   1.1333051978702189E-015  -2.2378348179581264E-016   2.3684154783202094E-015   9.6612114499211672E-016   9.4071492050810172E-016   2.4009887051004591E-016   9.7595220604744853E-016   5.2544625449507072E-016   1.2019704591699826E-015   1.9480886627405423E-009 -0.19478934279968901       -8.8949301488780524E-010   1.4558598595421520E-015  -2.7331862002646876E-009 -0.48427361234953492        1.3430363084430582E-009   3.4812182172367054E-016   6.1200698912801920E-017   1.8679681844466954E-016   3.3868416539938785E-017   6.0601410135668635E-016  -1.6053384736235860E-016   3.3342889415519227E-016   8.0663453925661991E-010   2.1744179757056132       -3.9937175333402981E-010  -8.6621121512030277E-016   7.7193999764293901E-016
   5.9326966711528158E-011  -6.9270972185918422E-011  -7.1099905068675278E-004   1.5427892202649166E-015  -4.8004043332473756E-015  -2.3597027524669136E-010   4.3965386197282871E-010  -1.8493869671525392E-003  -7.2855578583989840E-017  -8.4082296824222047E-016  -5.6040505510669400E-016   7.7926572143718054E-016  -1.2646805282036262E-015   2.4628091783408051E-015   1.0341246073423740E-015   1.1448307426946729E-015   9.7327247468895933E-016   1.1237061442247432E-015   1.7693887807755344E-015   7.7732836738899088E-017   1.1130365199047364E-009  -8.8949290838997155E-010 -0.19478933830194836       -6.7849818942795033E-016  -1.8833691316704837E-009   1.3430359069788474E-009 -0.48427361984530892        3.7350674842043374E-015   9.7640421937245965E-016  -1.8388985368365415E-016   4.1301902236994113E-016  -8.1320681823283357E-016  -1.5358476223894675E-015   3.3886361052863762E-016   5.6599856645090047E-010  -3.9937175333402981E-010   2.1744179779552080       -1.1598837230323124E-015  -1.4501817177645774E-016
   2.6157702599626181E-017  -7.6233111701881577E-015   4.1716838097019053E-015   4.5007612040071469E-002   1.9111023669277860E-002  -6.6348066972590364E-016   1.0574351098162103E-014  -4.5879698373575592E-015   6.6875397386620258E-010   1.1691217051501832E-009  -4.4632340386026008E-010   2.7438012699787675E-010  -2.0459972638563605E-010  -9.4312528720993482E-010   5.2312387891072986E-011   2.0784081514310306E-009   4.7314840962076035E-010  -9.6447193570586332E-010  -7.3794554222768870E-010   9.1215925975283439E-010   6.0954196949932121E-016  -8.1503111358203225E-015   1.3720659141138648E-015 -0.40251759279451899       -7.4281796727288673E-017   5.6043086050061389E-015   1.5730473866057880E-015 -0.44569444695919169       -2.3350265257894482E-010   9.9805676280659901E-010   5.1541314371554746E-010  -7.9359658815361442E-010  -4.3951365136269583E-010   1.0270899473838947E-009   2.0871379428575138E-016  -8.6621121512030277E-016  -1.1598837230323124E-015   2.4645554605137110      -0.68438136348123924     
   8.8294675225014810E-016   3.2680586318296540E-015  -1.1607970619392838E-015  -1.1230754502840503E-002  -6.0131905206553139E-003  -1.4547750042731095E-015  -5.0585953107084861E-015   3.2786281909610513E-016  -1.7333371715439748E-010  -3.1502553475968341E-010   1.1261793216492414E-010  -6.5162343222334607E-011   5.7388688451903833E-011   2.3850879184378990E-010  -2.0506473436061303E-011  -5.0665543850946969E-010  -1.0669367021099412E-010   2.2520171061158881E-010   1.7733614368993657E-010  -2.0468733098407081E-010   6.7706458580339918E-016   3.2390402978857323E-015   8.9511395202257876E-016  0.10141595955877221       -6.2199109921053887E-017  -2.3530033625115319E-015  -7.1256607879564889E-016  0.10194191655400070        5.6099445735686554E-011  -2.4820374654822409E-010  -1.2598283240716691E-010   1.9484194802746755E-010   1.0865214473342799E-010  -2.5094151707056996E-010   4.4889949810906841E-016   7.7193999764293901E-016  -1.4501817177645774E-016 -0.68438136348123924        2.1901665975076323     
