  0.39069630891801432       -5.1000396039174245E-003  -2.2124268164310974E-002   2.8987278010684416E-015  0.26509059905730686       -3.4604180355903317E-003  -1.5011494522750864E-002   6.7903508772775803E-016   1.4348562744292320E-017   1.7996934948607549E-017  -1.3081231835078444E-017  -1.0668416480242722E-018  -2.8880643922464323E-017   1.1639516507410537E-018   6.0322745345237135E-002  -7.8743613199143512E-004  -3.4159436983714439E-003  -4.1692544804366872E-016  -7.0576904186581017E-016   4.3901073140428584E-003  -5.7307224706245871E-005  -2.4860207088971852E-004  -2.2452603589700895E-016
  -5.1000396039174245E-003   6.6574480914751493E-005   2.8880396684104122E-004  -3.8708605052540857E-017  -3.4604180355903105E-003   4.5171322648262408E-005   1.9595582254677629E-004  -6.1138779748039855E-018  -1.1119289071858254E-019  -2.3665063841744595E-019   1.6328113158858311E-019  -2.4301964397214429E-020   3.7709740381412504E-019  -5.3074889296849253E-020  -7.8743613199144227E-004   1.0278969539880132E-005   4.4590767173340065E-005   8.1832043142145317E-017   2.3984160564714927E-016  -5.7307224706247484E-005   7.4807237468368363E-007   3.2451814317485912E-006   8.7917030647673883E-017
  -2.2124268164310974E-002   2.8880396684104122E-004   1.2528483905105425E-003  -1.6254766387556371E-016  -1.5011494522750730E-002   1.9595582254677574E-004   8.5006774517063291E-004  -4.3515943554182166E-017  -9.5266759491054008E-019  -1.0159527479367978E-018   7.5452974699609300E-019   1.3080266042071195E-019   1.6352672814363502E-018   3.8384254793105820E-021  -3.4159436983714278E-003   4.4590767173339441E-005   1.9343733916057321E-004  -1.1704696203438748E-016  -3.8469146920327368E-016  -2.4860207088971749E-004   3.2451814317484865E-006   1.4077785627919398E-005  -1.4377091591092340E-016
   2.8987278010684416E-015  -3.8708605052540857E-017  -1.6254766387556371E-016   1.2255261842456014E-005   1.9658636767490002E-015  -2.4535795208370905E-017  -1.1609698612642058E-016  -3.8764130526781871E-005  -1.0728175946610438E-006   2.4297114719491023E-008   1.0540229557328932E-007   5.3885598216707770E-007  -1.3758918895656452E-009   5.3396161251767718E-007   4.4767460883524874E-016  -5.9854373651697337E-018  -2.4661310366152816E-017  -1.0767701698842173E-003  -3.2508881870061054E-003   3.2853148784543997E-017  -3.9644804272289243E-019  -3.7211439727460693E-018  -1.1979446397694781E-003
  0.26509059905730686       -3.4604180355903105E-003  -1.5011494522750730E-002   1.9658636767490002E-015  0.17986611110602604       -2.3479215674797843E-003  -1.0185420197088594E-002   4.6372472858049342E-016   9.8184745130624025E-018   1.2209189039255334E-017  -8.8838621114081427E-018  -7.6547911616886074E-019  -1.9595643741132056E-017   7.4851015839268113E-019   4.0929469604244234E-002  -5.3428177124852636E-004  -2.3177453707077136E-003  -1.9972312677745399E-016  -2.2778821349220945E-016   2.9787232467806562E-003  -3.8883414511290655E-005  -1.6867851165922271E-004  -5.9819683816973932E-017
  -3.4604180355903317E-003   4.5171322648262408E-005   1.9595582254677574E-004  -2.4535795208370905E-017  -2.3479215674797843E-003   3.0649107011532167E-005   1.3295760723092264E-004  -9.6150506260058811E-018  -2.2674002729728433E-019  -1.5714285288848192E-019   1.2565198849459196E-019   5.9503413468069867E-020   2.5566959619230992E-019   3.9290520231449599E-020  -5.3428177124853450E-004   6.9743637982268446E-006   3.0255195435916386E-005  -9.6328466019811186E-017  -2.9572401754163876E-016  -3.8883414511291990E-005   5.0757314419557208E-007   2.2018817945178258E-006  -1.0928845616201379E-016
  -1.5011494522750864E-002   1.9595582254677629E-004   8.5006774517063291E-004  -1.1609698612642058E-016  -1.0185420197088594E-002   1.3295760723092264E-004   5.7677782631385620E-004  -1.1157762224387621E-017  -1.3804430485302827E-019  -7.0084518542706484E-019   4.6201026164822559E-019  -1.6658309719616211E-019   1.1101940076411757E-018  -2.5041018692442911E-019  -2.3177453707077236E-003   3.0255195435916048E-005   1.3124879592576029E-004   4.3080394383141779E-016   1.2793981022184618E-015  -1.6867851165922355E-004   2.2018817945177610E-006   9.5518911756308649E-006   4.7008933983268865E-016
   6.7903508772775803E-016  -6.1138779748039855E-018  -4.3515943554182166E-017  -3.8764130526781871E-005   4.6372472858049342E-016  -9.6150506260058811E-018  -1.1157762224387621E-017   1.2261327704086346E-004   3.3933865963433927E-006  -7.6853235656512949E-008  -3.3339380226629331E-007  -1.7044338910408566E-006   4.3520288251282737E-009  -1.6889527053775352E-006   1.0447252656848020E-016  -9.1580527986614167E-019  -8.0970191288865700E-018   3.4058888295749358E-003   1.0282754920218282E-002   6.7404953895300670E-018  -1.9049606747454234E-019   5.5039420542738082E-018   3.7891709680987506E-003
   1.4348562744292320E-017  -1.1119289071858254E-019  -9.5266759491054008E-019  -1.0728175946610438E-006   9.8184745130624025E-018  -2.2674002729728433E-019  -1.3804430485302827E-019   3.3933865963433927E-006   9.3913749555893144E-008  -2.1269535082690631E-009  -9.2268479174352236E-009  -4.7171099735666334E-008   1.2044467482235696E-010  -4.6742649822302458E-008   2.2051732549793932E-018  -1.6388469393072181E-020  -1.8523359760452369E-019   9.4259755402047453E-005   2.8458062260356879E-004   1.3661018647752020E-019  -4.6202206741563771E-021   1.5515227257955205E-019   1.0486728912819594E-004
   1.7996934948607549E-017  -2.3665063841744595E-019  -1.0159527479367978E-018   2.4297114719491023E-008   1.2209189039255334E-017  -1.5714285288848192E-019  -7.0084518542706484E-019  -7.6853235656512949E-008  -2.1269535082690631E-009   4.8171127739348111E-011   2.0896915138686913E-010   1.0683285093624457E-009  -2.7278244652905905E-012   1.0586249989536264E-009   2.7789229170646405E-018  -3.6556049316961935E-020  -1.5599724178726738E-019  -2.1347898299135476E-006  -6.4451665117663546E-006   2.0278235615613607E-019  -2.5828126930748440E-021  -1.5172199732331310E-020  -2.3750286786402317E-006
  -1.3081231835078444E-017   1.6328113158858311E-019   7.5452974699609300E-019   1.0540229557328932E-007  -8.8838621114081427E-018   1.2565198849459196E-019   4.6201026164822559E-019  -3.3339380226629331E-007  -9.2268479174352236E-009   2.0896915138686913E-010   9.0652032204092161E-010   4.6344711548347557E-009  -1.1833461045971949E-011   4.5923767628043961E-009  -2.0187128140333456E-018   2.5133703175200821E-020   1.2024545102412402E-019  -9.2608423361024204E-006  -2.7959506860594601E-005  -1.4457008587561646E-019   2.1659021310784351E-021  -7.8167731644157364E-021  -1.0303012422304619E-005
  -1.0668416480242722E-018  -2.4301964397214429E-020   1.3080266042071195E-019   5.3885598216707770E-007  -7.6547911616886074E-019   5.9503413468069867E-020  -1.6658309719616211E-019  -1.7044338910408566E-006  -4.7171099735666334E-008   1.0683285093624457E-009   4.6344711548347557E-009   2.3693151011374489E-008  -6.0497081583287520E-011   2.3477948725334400E-008  -1.5958658359427921E-019  -4.1437014687711727E-021   3.9354476233565700E-020  -4.7344891926429144E-005  -1.4293946301954035E-004   3.7806573700083423E-022   1.4200110345566265E-021  -8.1837073070636781E-020  -5.2672855443079037E-005
  -2.8880643922464323E-017   3.7709740381412504E-019   1.6352672814363502E-018  -1.3758918895656452E-009  -1.9595643741132056E-017   2.5566959619230992E-019   1.1101940076411757E-018   4.3520288251282737E-009   1.2044467482235696E-010  -2.7278244652905905E-012  -1.1833461045971949E-011  -6.0497081583287520E-011   1.5447066868977965E-013  -5.9947593241731459E-011  -4.4591279934622350E-018   5.8224100720906002E-020   2.5243314810322075E-019   1.2088842839224172E-007   3.6497553033841011E-007  -3.2455249551284758E-019   4.2329784917074426E-021   1.8587594879972234E-020   1.3449262326631345E-007
   1.1639516507410537E-018  -5.3074889296849253E-020   3.8384254793105820E-021   5.3396161251767718E-007   7.4851015839268113E-019   3.9290520231449599E-020  -2.5041018692442911E-019  -1.6889527053775352E-006  -4.6742649822302458E-008   1.0586249989536264E-009   4.5923767628043961E-009   2.3477948725334400E-008  -5.9947593241731459E-011   2.3264701098001147E-008   1.8479692469183284E-019  -8.5826285677415684E-021   1.9577429591421457E-020  -4.6914863477701611E-005  -1.4164115959031809E-004   2.5332333200671129E-020   1.0813224240623775E-021  -8.2507055381999070E-020  -5.2194433687434626E-005
   6.0322745345237135E-002  -7.8743613199144227E-004  -3.4159436983714278E-003   4.4767460883524874E-016   4.0929469604244234E-002  -5.3428177124853450E-004  -2.3177453707077236E-003   1.0447252656848020E-016   2.2051732549793932E-018   2.7789229170646405E-018  -2.0187128140333456E-018  -1.5958658359427921E-019  -4.4591279934622350E-018   1.8479692469183284E-019   9.3137138051384034E-003  -1.2157859744645188E-004  -5.2741502063631887E-004  -7.4626861343647455E-017  -1.3992849043026760E-016   6.7782397606126917E-004  -8.8481233210794706E-006  -3.8383673129929653E-005  -4.6074747616834871E-017
  -7.8743613199143512E-004   1.0278969539880132E-005   4.4590767173339441E-005  -5.9854373651697337E-018  -5.3428177124852636E-004   6.9743637982268446E-006   3.0255195435916048E-005  -9.1580527986614167E-019  -1.6388469393072181E-020  -3.6556049316961935E-020   2.5133703175200821E-020  -4.1437014687711727E-021   5.8224100720906002E-020  -8.5826285677415684E-021  -1.2157859744645188E-004   1.5870527768301705E-006   6.8847271692822069E-006   1.3417074456310310E-017   3.9393127437825948E-017  -8.8481233210796383E-006   1.1550091036902954E-007   5.0104966092100813E-007   1.4444628407130780E-017
  -3.4159436983714439E-003   4.4590767173340065E-005   1.9343733916057321E-004  -2.4661310366152816E-017  -2.3177453707077136E-003   3.0255195435916386E-005   1.3124879592576029E-004  -8.0970191288865700E-018  -1.8523359760452369E-019  -1.5599724178726738E-019   1.2024545102412402E-019   3.9354476233565700E-020   2.5243314810322075E-019   1.9577429591421457E-020  -5.2741502063631887E-004   6.8847271692822069E-006   2.9866346530783816E-005  -5.6355939714865890E-017  -1.7497959430756224E-016  -3.8383673129929673E-005   5.0104966092099892E-007   2.1735825449941164E-006  -6.4790374025563408E-017
  -4.1692544804366872E-016   8.1832043142145317E-017  -1.1704696203438748E-016  -1.0767701698842173E-003  -1.9972312677745399E-016  -9.6328466019811186E-017   4.3080394383141779E-016   3.4058888295749358E-003   9.4259755402047453E-005  -2.1347898299135476E-006  -9.2608423361024204E-006  -4.7344891926429144E-005   1.2088842839224172E-007  -4.6914863477701611E-005  -7.4626861343647455E-017   1.3417074456310310E-017  -5.6355939714865890E-017   9.4607036035398953E-002  0.28562910122984775       -2.9394749080326337E-017  -2.4636911457020553E-018   1.6515289305857163E-016  0.10525365103239309     
  -7.0576904186581017E-016   2.3984160564714927E-016  -3.8469146920327368E-016  -3.2508881870061054E-003  -2.2778821349220945E-016  -2.9572401754163876E-016   1.2793981022184618E-015   1.0282754920218282E-002   2.8458062260356879E-004  -6.4451665117663546E-006  -2.7959506860594601E-005  -1.4293946301954035E-004   3.6497553033841011E-007  -1.4164115959031809E-004  -1.3992849043026760E-016   3.9393127437825948E-017  -1.7497959430756224E-016  0.28562910122984775       0.86234583481554650       -8.2532425624806681E-017  -7.5192661608563862E-018   4.9826298207416775E-016  0.31777240896008691     
   4.3901073140428584E-003  -5.7307224706247484E-005  -2.4860207088971749E-004   3.2853148784543997E-017   2.9787232467806562E-003  -3.8883414511291990E-005  -1.6867851165922355E-004   6.7404953895300670E-018   1.3661018647752020E-019   2.0278235615613607E-019  -1.4457008587561646E-019   3.7806573700083423E-022  -3.2455249551284758E-019   2.5332333200671129E-020   6.7782397606126917E-004  -8.8481233210796383E-006  -3.8383673129929673E-005  -2.9394749080326337E-017  -8.2532425624806681E-017   4.9329982876436532E-005  -6.4393970607790271E-007  -2.7934478642033377E-006  -3.0013562778675684E-017
  -5.7307224706245871E-005   7.4807237468368363E-007   3.2451814317484865E-006  -3.9644804272289243E-019  -3.8883414511290655E-005   5.0757314419557208E-007   2.2018817945177610E-006  -1.9049606747454234E-019  -4.6202206741563771E-021  -2.5828126930748440E-021   2.1659021310784351E-021   1.4200110345566265E-021   4.2329784917074426E-021   1.0813224240623775E-021  -8.8481233210794706E-006   1.1550091036902954E-007   5.0104966092099892E-007  -2.4636911457020553E-018  -7.5192661608563862E-018  -6.4393970607790271E-007   8.4058076018867965E-009   3.6464881837173339E-008  -2.7760460684437138E-018
  -2.4860207088971852E-004   3.2451814317485912E-006   1.4077785627919398E-005  -3.7211439727460693E-018  -1.6867851165922271E-004   2.2018817945178258E-006   9.5518911756308649E-006   5.5039420542738082E-018   1.5515227257955205E-019  -1.5172199732331310E-020  -7.8167731644157364E-021  -8.1837073070636781E-020   1.8587594879972234E-020  -8.2507055381999070E-020  -3.8383673129929653E-005   5.0104966092100813E-007   2.1735825449941164E-006   1.6515289305857163E-016   4.9826298207416775E-016  -2.7934478642033377E-006   3.6464881837173339E-008   1.5818677637833965E-007   1.8358611578719924E-016
  -2.2452603589700895E-016   8.7917030647673883E-017  -1.4377091591092340E-016  -1.1979446397694781E-003  -5.9819683816973932E-017  -1.0928845616201379E-016   4.7008933983268865E-016   3.7891709680987506E-003   1.0486728912819594E-004  -2.3750286786402317E-006  -1.0303012422304619E-005  -5.2672855443079037E-005   1.3449262326631345E-007  -5.2194433687434626E-005  -4.6074747616834871E-017   1.4444628407130780E-017  -6.4790374025563408E-017  0.10525365103239309       0.31777240896008691       -3.0013562778675684E-017  -2.7760460684437138E-018   1.8358611578719924E-016  0.11709838422063687     
