   9.4265459727776650E-006  -5.9356818687513990E-018  -4.7034644322209016E-018   1.1194962436608362E-016  -2.0409096314347665E-005   1.0510133392546864E-017   3.1692644518274941E-018   1.1626065038360655E-018   4.8681571129675756E-020  -8.1874635864654473E-019   9.3120380742496339E-019  -6.3762751483052670E-019   2.6413503109745893E-018   1.8429972243075395E-016  -1.4054632795122716E-005   9.5452009964176087E-018  -2.5213893430588650E-017   5.9460102477726456E-019   8.9323068662218399E-019   8.5242943838500782E-019   9.3721931689453342E-019  -4.3018189829619904E-019   1.4440683173525531E-018  -9.4331285133995954E-004   5.3581133719893703E-016  -6.5249514172131179E-016   2.5558930291420064E-016  -3.7613704890745122E-003   2.1397206769117333E-015  -2.6356517664712510E-015  -3.0689292010308791E-016  -3.1352117349277234E-019  -7.6796042613016401E-020   4.1520699261007027E-020  -1.5502611523451778E-019  -4.3086121707340968E-020  -1.3433065349158902E-019   5.9037298705145182E-015
  -5.9356818687513990E-018   9.4265459727751781E-006  -1.2376745068728175E-017  -1.7579496172312514E-015   4.2390096637966828E-018  -2.0409096314330698E-005   2.8132170129962928E-017   5.0110055916526982E-018  -2.2206522371510839E-019   1.1630292093419725E-018   4.2829253107816181E-018   7.3448083747614780E-019   7.6105883900244671E-018  -2.6822774672978038E-015   1.4354805369370112E-018  -1.4054632795128544E-005   3.0194604891388464E-018   3.9667079113445195E-018  -2.6006044878782782E-018   7.6103938990707491E-020   3.5198916471387670E-018   2.2113918357513295E-020   2.3995963095356834E-019   5.5517705608583552E-017  -9.4331285133982792E-004   8.7539977140152384E-016  -2.8499307781808986E-015   2.2930976694879194E-016  -3.7613704890740287E-003   3.5169368209306225E-015   1.9265736847615161E-015  -1.6822543419004906E-019  -5.0937369553550079E-019   4.9270691118638439E-019  -3.9690187828652086E-019  -7.7942206586917126E-021  -3.5757038243044038E-019   1.5030944865396093E-015
  -4.7034644322209016E-018  -1.2376745068728175E-017   9.4265459728024729E-006  -1.3674128883106372E-015   1.6108936335491431E-017   2.4069480078553916E-017  -2.0409096314389028E-005   3.2036418125920700E-018   7.0821117784969578E-019  -9.8298455521259356E-020   3.0386648900400868E-018  -2.2765848817519973E-019   3.6336209147161291E-018  -2.0962279301367551E-015   2.0246717925419915E-017  -1.6986615956013498E-017  -1.4054632795148161E-005   4.5862410331014112E-018   8.4210327064562367E-019  -1.0808099491782968E-018   1.9334990274021870E-018   9.5531398098412879E-019   2.6704940027754380E-018   1.1320483604496671E-015   3.6203491746611447E-016  -9.4331285134119911E-004  -7.2848172413216440E-016   4.5073168854454751E-015   1.4360860166579637E-015  -3.7613704890794592E-003   7.1023934716910125E-016   1.2639934851660283E-018  -9.0771908322262644E-019   7.2937301370418634E-019   6.9433556534207496E-020  -2.1455959161737147E-020  -6.8960171898948116E-020  -1.0857112741556187E-015
   1.1194962436608362E-016  -1.7579496172312514E-015  -1.3674128883106372E-015  0.39041070527306360       -2.5061964945352768E-016   2.0808504638964650E-015   1.4878485728802747E-015   1.0897064534679489E-014   9.4398478586692375E-017  -3.5646560699312216E-016   1.1989268041838173E-014  -6.2774528186807967E-016   1.2032680896153354E-014  0.59504567978583689        4.0884698020922226E-016  -7.8365854809274265E-016  -3.1898036956119409E-016   1.7402091594017262E-014   5.5613109517432621E-017   6.5322469865065064E-017   1.9047464721877281E-014   1.5768047628071294E-016   1.7001327968222472E-014   3.7782171967639749E-017   1.7965447844039222E-015   6.1188481864227218E-016 -0.26157960440607608        8.9400298593902924E-016   6.4533220162347655E-015   2.1779852425696609E-015   7.0575074522477785E-002   1.5355645136731790E-015  -5.9897370838634995E-018   9.5567022320523515E-018   1.6777828655228086E-015   1.3709996143853711E-017   1.6414188164193582E-015   4.4000431863912441E-002
  -2.0409096314347665E-005   4.2390096637966828E-018   1.6108936335491431E-017  -2.5061964945352768E-016   4.4187045135216435E-005  -4.1092929274520206E-018  -1.9691036446382507E-017  -2.5171200756992070E-018  -1.0539882548514315E-019   1.7726400888369032E-018  -2.0161179130946423E-018   1.3805057971864852E-018  -5.7186983495900631E-018  -4.0127170318778228E-016   3.0429210784820123E-005  -7.8256167908605637E-018   4.5754861549432252E-017  -1.2873505967776714E-018  -1.9339035917098388E-018  -1.8455661871657597E-018  -2.0291418894598601E-018   9.3137229907884946E-019  -3.1265035420897565E-018   2.0423347950730072E-003  -2.9825218021963556E-016   8.1971898020665791E-016  -2.1438541786457238E-015   8.1436162097076655E-003  -1.1962320261103672E-015   3.3419242359203566E-015   1.3276969334116745E-015   6.7879410390272762E-019   1.6626851816125500E-019  -8.9895063655850169E-020   3.3564180626281634E-019   9.3284306923359112E-020   2.9083476101033639E-019  -2.6677460918012305E-015
   1.0510133392546864E-017  -2.0409096314330698E-005   2.4069480078553916E-017   2.0808504638964650E-015  -4.1092929274520206E-018   4.4187045135154622E-005  -5.5003891444323837E-017  -1.0849158965303137E-017   4.8078591585249071E-019  -2.5180352610977104E-018  -9.2728169393231409E-018  -1.5901996549242066E-018  -1.6477427883995181E-017   3.1617608861281651E-015   3.8245064005384625E-019   3.0429210784815471E-005  -2.4714858365918637E-018  -8.5881853277349839E-018   5.6304809441193370E-018  -1.6477006797791564E-019  -7.6207985248325589E-018  -4.7878097763786524E-020  -5.1952849271567974E-019   1.1406505586486531E-016   2.0423347950715631E-003  -1.6224087080198565E-015   3.9722556160364200E-015   4.3763690040660806E-016   8.1436162097019964E-003  -6.5262793725008556E-015  -2.6690559737987719E-015   3.6421920598048571E-019   1.1028277846627280E-018  -1.0667430927707703E-018   8.5931885179432927E-019   1.6875003907197716E-020   7.7416355849641204E-019   2.6507034935338292E-016
   3.1692644518274941E-018   2.8132170129962928E-017  -2.0409096314389028E-005   1.4878485728802747E-015  -1.9691036446382507E-017  -5.5003891444323837E-017   4.4187045135279265E-005  -6.9360966889785622E-018  -1.5333241021019706E-018   2.1282266612881679E-019  -6.5789107258826034E-018   4.9289570383404950E-019  -7.8670299209185961E-018   2.2864628299425796E-015  -3.3377798575644929E-017   3.4785673045168309E-017   3.0429210784856806E-005  -9.9295155655495113E-018  -1.8232093501553804E-018   2.3400251177863093E-018  -4.1861534424883442E-018  -2.0683180355399915E-018  -5.7817963724584746E-018  -1.7490651202023723E-015  -9.1749257708669760E-016   2.0423347950744557E-003   1.4781786063239507E-015  -6.9599016444881427E-015  -3.6421897024060133E-015   8.1436162097134491E-003  -1.1922507351437242E-015  -2.7366296047155324E-018   1.9652719298615319E-018  -1.5791408781914323E-018  -1.5032824819648706E-019   4.6453572529365006E-020   1.4930333913726456E-019   2.3580208432856095E-015
   1.1626065038360655E-018   5.0110055916526982E-018   3.2036418125920700E-018   1.0897064534679489E-014  -2.5171200756992070E-018  -1.0849158965303137E-017  -6.9360966889785622E-018   3.5764092461755176E-028   5.9888220284688188E-030  -1.4921536540857149E-029   3.9800024375124157E-028  -2.0625985329689553E-029   4.0559421650593626E-028   1.6653326315802340E-014  -1.7334034696696602E-018  -7.4712247444693446E-018  -4.7765119285536084E-018   5.7226369998348293E-028   2.3291155482671461E-030  -1.3871608646350525E-030   6.0922678808700535E-028   7.2443592868538483E-030   5.4674112355546651E-028  -1.1634183499242412E-016  -5.0145047682042138E-016  -3.2058789101352744E-016  -4.9857556117097785E-016  -4.6390202801074349E-016  -1.9994861965100399E-015  -1.2783137966370954E-015  -1.8420486585757269E-015  -7.6801267137250373E-029   6.4972788991790034E-032  -1.2981222144119405E-031  -7.1933310396094988E-029   4.3685342579097336E-031  -7.5964173644583949E-029  -7.1923934356143251E-016
   4.8681571129675756E-020  -2.2206522371510839E-019   7.0821117784969578E-019   9.4398478586692375E-017  -1.0539882548514315E-019   4.8078591585249071E-019  -1.5333241021019706E-018   5.9888220284688188E-030   2.9919513292371740E-031  -5.1710241530005917E-031   6.6677531644801677E-030  -3.8943020692123382E-031   7.0498539019091242E-030   1.4700259761830002E-016  -7.2582429244238843E-020   3.3109106822612401E-019  -1.0559167774535297E-018   9.5993678010445390E-030   2.6517081213759482E-031  -1.6724662961497698E-031   9.5792292652271491E-030   3.0239226017549330E-031   8.7711731643291931E-030  -4.8715565384617477E-018   2.2222029147085366E-017  -7.0870572048101180E-017   3.7295718831336624E-016  -1.9424869462553073E-017   8.8608232700811554E-017  -2.8258968153237960E-016  -2.3034843134129849E-016  -7.4795358714491918E-030   2.9963607493925911E-032  -4.4088719742534705E-032  -7.4630067688452907E-030   2.7049061262789000E-032  -7.6762248207998890E-030   1.1078185530281009E-017
  -8.1874635864654473E-019   1.1630292093419725E-018  -9.8298455521259356E-020  -3.5646560699312216E-016   1.7726400888369032E-018  -2.5180352610977104E-018   2.1282266612881679E-019  -1.4921536540857149E-029  -5.1710241530005917E-031   1.3151334130159317E-030  -1.5897685906198857E-029   1.0080879219271770E-030  -1.6721932129051920E-029  -5.4927916339853178E-016   1.2207206601764565E-018  -1.7340337080427536E-018   1.4655937612095902E-019  -2.3445430312421939E-029  -6.8909191055905190E-031  -2.0614602185618694E-031  -2.5456035846309135E-029  -5.3029820795901293E-031  -2.2709276736483583E-029   8.1931808779855466E-017  -1.1638413506070307E-016   9.8367097164834684E-018  -4.8027112886419295E-016   3.2669531346179802E-016  -4.6407069551947047E-016   3.9222946644505929E-017   3.5249879371193286E-016   1.2472119271328548E-029  -2.9393468868541606E-031   2.8431193092496708E-031   1.2279005756737036E-029  -1.1476256518283164E-031   1.2639271540734703E-029  -4.2219073995105397E-016
   9.3120380742496339E-019   4.2829253107816181E-018   3.0386648900400868E-018   1.1989268041838173E-014  -2.0161179130946423E-018  -9.2728169393231409E-018  -6.5789107258826034E-018   3.9800024375124157E-028   6.6677531644801677E-030  -1.5897685906198857E-029   4.5230686381422650E-028  -2.3686552161163110E-029   4.5650458267937312E-028   1.8319734197730370E-014  -1.3883905736101627E-018  -6.3856838663634967E-018  -4.5305374143658663E-018   6.4603759455289345E-028   2.7544414256674435E-030  -4.8160014692070815E-030   6.7673745344014057E-028   7.2594689231614117E-030   6.1429651237937542E-028  -9.3185406542473169E-017  -4.2859160701538543E-016  -3.0407867844889849E-016   3.9598096194805390E-016  -3.7156796674953617E-016  -1.7089683663302839E-015  -1.2124848780018355E-015  -2.4572494285668326E-015  -9.2715663194381325E-029  -8.7025860389158337E-031   6.6617656001792352E-031  -8.6267180152659360E-029  -1.9619993925593424E-031  -9.1072176876257305E-029  -5.2138038980260938E-015
  -6.3762751483052670E-019   7.3448083747614780E-019  -2.2765848817519973E-019  -6.2774528186807967E-016   1.3805057971864852E-018  -1.5901996549242066E-018   4.9289570383404950E-019  -2.0625985329689553E-029  -3.8943020692123382E-031   1.0080879219271770E-030  -2.3686552161163110E-029   1.3776061053246116E-030  -2.3641016904540753E-029  -9.5928008896264284E-016   9.5067913601185946E-019  -1.0950838722365203E-018   3.3943041950774533E-019  -3.3938996574746230E-029  -4.7424438925795246E-031   2.6678187997645042E-031  -3.5436789984143377E-029  -3.5545723492115815E-031  -3.2607856388922307E-029   6.3807276901249734E-017  -7.3499372415974247E-017   2.2781746170368667E-017  -5.1075761807373649E-017   2.5442546233059064E-016  -2.9307177356720606E-016   9.0840051222767859E-017   1.4433151969138886E-016   5.2686851609120582E-030   1.7291451646902187E-032  -2.6058797498923642E-033   4.8893646761211919E-030   2.1316585320238006E-032   5.1574155413602908E-030   3.3763735764416658E-016
   2.6413503109745893E-018   7.6105883900244671E-018   3.6336209147161291E-018   1.2032680896153354E-014  -5.7186983495900631E-018  -1.6477427883995181E-017  -7.8670299209185961E-018   4.0559421650593626E-028   7.0498539019091242E-030  -1.6721932129051920E-029   4.5650458267937312E-028  -2.3641016904540753E-029   4.6451001618035366E-028   1.8393239980899041E-014  -3.9381560128966435E-018  -1.1347106934772125E-017  -5.4175949304887060E-018   6.5291168177745761E-028   2.3306804197542220E-030  -3.5443533489207238E-030   6.8724637695379471E-028   7.9325565596868461E-030   6.2022594052046367E-028  -2.6431947612920407E-016  -7.6159028507278767E-016  -3.6361582659251398E-016   8.4548489475538902E-016  -1.0539488312786513E-015  -3.0367689987151310E-015  -1.4498836070798414E-015  -2.7640969397487626E-015  -1.0501312202152731E-028  -5.1204151536109095E-031   3.4103786365735835E-031  -9.8959736530218961E-029   1.2370541635715472E-031  -1.0399118070525929E-028  -3.3894811208251885E-015
   1.8429972243075395E-016  -2.6822774672978038E-015  -2.0962279301367551E-015  0.59504567978583689       -4.0127170318778228E-016   3.1617608861281651E-015   2.2864628299425796E-015   1.6653326315802340E-014   1.4700259761830002E-016  -5.4927916339853178E-016   1.8319734197730370E-014  -9.5928008896264284E-016   1.8393239980899041E-014  0.90698730519988457        6.3076087782246007E-016  -1.2517901851900705E-015  -4.9966231552685396E-016   2.6590633999239888E-014   8.6575026757496064E-017   9.9479341096617163E-017   2.9099488642513015E-014   2.4345932991053103E-016   2.5971765543758149E-014   1.9843781844464521E-016   5.2289609387716979E-016   7.6998424625993182E-016 -0.39275926847640197        1.8986699323671225E-015   9.5440655551972335E-016   2.6349895674211083E-015  0.10415914863652051        2.2284976283294832E-015  -7.3908264247642548E-018   1.2864470417698717E-017   2.4457770504630205E-015   2.1560702843866354E-017   2.3877065228957697E-015   6.8991350726816281E-002
  -1.4054632795122716E-005   1.4354805369370112E-018   2.0246717925419915E-017   4.0884698020922226E-016   3.0429210784820123E-005   3.8245064005384625E-019  -3.3377798575644929E-017  -1.7334034696696602E-018  -7.2582429244238843E-020   1.2207206601764565E-018  -1.3883905736101627E-018   9.5067913601185946E-019  -3.9381560128966435E-018   6.3076087782246007E-016   2.0954939760139224E-005  -3.1769421200682243E-018   1.7861541491752990E-017  -8.8652822426030561E-019  -1.3317740493731848E-018  -1.2709408912737053E-018  -1.3973594766117181E-018   6.4138536354178835E-019  -2.1530526652536610E-018   1.4064447120705743E-003  -5.6916974180458160E-017  -3.5148048052729411E-016   3.0525111120630939E-015   5.6080648397640060E-003  -2.3175760979758596E-016  -1.3509673509336067E-015  -1.6117237481864208E-015   4.6744852027874368E-019   1.1450007056256188E-019  -6.1905833080046347E-020   2.3113822697496838E-019   6.4239820281355017E-020   2.0028205588314359E-019  -8.4366163917647987E-015
   9.5452009964176087E-018  -1.4054632795128544E-005  -1.6986615956013498E-017  -7.8365854809274265E-016  -7.8256167908605637E-018   3.0429210784815471E-005   3.4785673045168309E-017  -7.4712247444693446E-018   3.3109106822612401E-019  -1.7340337080427536E-018  -6.3856838663634967E-018  -1.0950838722365203E-018  -1.1347106934772125E-017  -1.2517901851900705E-015  -3.1769421200682243E-018   2.0954939760162131E-005   4.8337661580069685E-017  -5.9142153725425555E-018   3.8774054916824635E-018  -1.1346816954924139E-019  -5.2480287821935556E-018  -3.2971037658349160E-020  -3.5777097049927927E-019  -1.5235520732805293E-016   1.4064447120713322E-003   2.2412746288536401E-015  -2.9814665230269573E-015  -6.1933747392028912E-016   5.6080648397670895E-003   8.8975631450331428E-015   1.8357462616970222E-015   2.5081792552388265E-019   7.5945741599814702E-019  -7.3460785449531994E-019   5.9176607980707661E-019   1.1620895882498686E-020   5.3312426836420856E-019   3.6755247465416577E-016
  -2.5213893430588650E-017   3.0194604891388464E-018  -1.4054632795148161E-005  -3.1898036956119409E-016   4.5754861549432252E-017  -2.4714858365918637E-018   3.0429210784856806E-005  -4.7765119285536084E-018  -1.0559167774535297E-018   1.4655937612095902E-019  -4.5305374143658663E-018   3.3943041950774533E-019  -5.4175949304887060E-018  -4.9966231552685396E-016   1.7861541491752990E-017   4.8337661580069685E-017   2.0954939760159949E-005  -6.8379164348921318E-018  -1.2555449555615007E-018   1.6114478198934650E-018  -2.8827758247693071E-018  -1.4243379542792239E-018  -3.9816081839806837E-018   1.5370665444074511E-015   1.0046781033148238E-015   1.4064447120712674E-003  -7.6944696509778874E-016   6.1387749881673586E-015   4.0172317688752418E-015   5.6080648397667755E-003   5.3954430512996267E-016  -1.8845677239729869E-018   1.3533757149911151E-018  -1.0874682951607739E-018  -1.0352287497421175E-019   3.1990044725796623E-020   1.0281707604356873E-019  -1.8564361263447950E-015
   5.9460102477726456E-019   3.9667079113445195E-018   4.5862410331014112E-018   1.7402091594017262E-014  -1.2873505967776714E-018  -8.5881853277349839E-018  -9.9295155655495113E-018   5.7226369998348293E-028   9.5993678010445390E-030  -2.3445430312421939E-029   6.4603759455289345E-028  -3.3938996574746230E-029   6.5291168177745761E-028   2.6590633999239888E-014  -8.8652822426030561E-019  -5.9142153725425555E-018  -6.8379164348921318E-018   9.2565768996070104E-028   4.5456404292726068E-030  -5.3436492281324061E-030   9.7559447658607641E-028   1.0847034473121766E-029   8.8284797616271103E-028  -5.9501623363508048E-017  -3.9694778566967327E-016  -4.5894435972957298E-016  -1.0474945240938613E-016  -2.3725707738785506E-016  -1.5827916312182796E-015  -1.8299970877762759E-015  -3.2355638938397711E-015  -1.2676831295149937E-028  -6.4423865481020777E-031   4.2744686863090898E-031  -1.1793817976067509E-028   6.0715281681182467E-032  -1.2464944396356674E-028  -5.2823441767551972E-015
   8.9323068662218399E-019  -2.6006044878782782E-018   8.4210327064562367E-019   5.5613109517432621E-017  -1.9339035917098388E-018   5.6304809441193370E-018  -1.8232093501553804E-018   2.3291155482671461E-030   2.6517081213759482E-031  -6.8909191055905190E-031   2.7544414256674435E-030  -4.7424438925795246E-031   2.3306804197542220E-030   8.6575026757496064E-017  -1.3317740493731848E-018   3.8774054916824635E-018  -1.2555449555615007E-018   4.5456404292726068E-030   9.5585599901842617E-031  -4.3561050991031680E-032   4.7004419304182007E-030   1.8075295076801551E-031   5.0949794287746131E-030  -8.9385442805107908E-017   2.6024204854574433E-016  -8.4269130989137117E-017   1.9831406144369111E-016  -3.5641597190413630E-016   1.0376904756739022E-015  -3.3601516399597410E-016  -1.2494112890363461E-016  -4.0623021353372969E-030   1.1518733062742914E-031  -1.2847380613269659E-031  -4.0465064458706974E-030   2.1447334857003135E-032  -4.1778983807345946E-030   6.4445359953459439E-017
   8.5242943838500782E-019   7.6103938990707491E-020  -1.0808099491782968E-018   6.5322469865065064E-017  -1.8455661871657597E-018  -1.6477006797791564E-019   2.3400251177863093E-018  -1.3871608646350525E-030  -1.6724662961497698E-031  -2.0614602185618694E-031  -4.8160014692070815E-030   2.6678187997645042E-031  -3.5443533489207238E-030   9.9479341096617163E-017  -1.2709408912737053E-018  -1.1346816954924139E-019   1.6114478198934650E-018  -5.3436492281324061E-030  -4.3561050991031680E-032   1.4172286050161567E-030  -1.0662676188512579E-030   5.1203983473621054E-032  -3.4238640169880158E-030  -8.5302468837269882E-017  -7.6157082235869351E-018   1.0815646768789602E-016  -5.2496722981891287E-016  -3.4013550061781591E-016  -3.0366913929884595E-017   4.3126365254741756E-016   2.4752188515802085E-016   5.6557591958933943E-030   4.3681639485933718E-031  -3.6701901617854748E-031   5.4504497673803099E-030   2.3313004977146666E-031   5.6589253228956076E-030   1.5725586054781737E-015
   9.3721931689453342E-019   3.5198916471387670E-018   1.9334990274021870E-018   1.9047464721877281E-014  -2.0291418894598601E-018  -7.6207985248325589E-018  -4.1861534424883442E-018   6.0922678808700535E-028   9.5792292652271491E-030  -2.5456035846309135E-029   6.7673745344014057E-028  -3.5436789984143377E-029   6.8724637695379471E-028   2.9099488642513015E-014  -1.3973594766117181E-018  -5.2480287821935556E-018  -2.8827758247693071E-018   9.7559447658607641E-028   4.7004419304182007E-030  -1.0662676188512579E-030   1.0444661538086244E-027   1.1841354078658104E-029   9.3686260855183764E-028  -9.3787377549675775E-017  -3.5223495814715447E-016  -1.9348491864883963E-016  -2.5083162166005944E-015  -3.7396826902318712E-016  -1.4045034740205882E-015  -7.7150275441811215E-016  -2.3148820059646841E-015  -1.0679684150291410E-028   7.0721251081320839E-031  -6.9946569490752304E-031  -9.8154247354928999E-029   8.5028916672237047E-031  -1.0445590403141091E-028  -2.7093045211911238E-016
  -4.3018189829619904E-019   2.2113918357513295E-020   9.5531398098412879E-019   1.5768047628071294E-016   9.3137229907884946E-019  -4.7878097763786524E-020  -2.0683180355399915E-018   7.2443592868538483E-030   3.0239226017549330E-031  -5.3029820795901293E-031   7.2594689231614117E-030  -3.5545723492115815E-031   7.9325565596868461E-030   2.4345932991053103E-016   6.4138536354178835E-019  -3.2971037658349160E-020  -1.4243379542792239E-018   1.0847034473121766E-029   1.8075295076801551E-031   5.1203983473621054E-032   1.1841354078658104E-029   4.1692241163262896E-031   1.0156205435472035E-029   4.3048229356828234E-017  -2.2129360471097684E-018  -9.5598107507164729E-017   2.2276314743469851E-016   1.7165072995631622E-016  -8.8238725148157708E-018  -3.8118838291882315E-016  -1.6636819177034565E-016  -5.9598845578684864E-030   7.6252596337230991E-032  -8.1096240462650003E-032  -6.0525455941169696E-030   8.4572884112465898E-032  -6.2314162693355780E-030   3.7984620289787318E-016
   1.4440683173525531E-018   2.3995963095356834E-019   2.6704940027754380E-018   1.7001327968222472E-014  -3.1265035420897565E-018  -5.1952849271567974E-019  -5.7817963724584746E-018   5.4674112355546651E-028   8.7711731643291931E-030  -2.2709276736483583E-029   6.1429651237937542E-028  -3.2607856388922307E-029   6.2022594052046367E-028   2.5971765543758149E-014  -2.1530526652536610E-018  -3.5777097049927927E-019  -3.9816081839806837E-018   8.8284797616271103E-028   5.0949794287746131E-030  -3.4238640169880158E-030   9.3686260855183764E-028   1.0156205435472035E-029   8.4619430359590057E-028  -1.4450767077362125E-016  -2.4012719446620134E-017  -2.6723588041564359E-016  -1.5263331015962032E-015  -5.7621062569065683E-016  -9.5748440361822690E-017  -1.0655777166498595E-015  -2.3943482556385769E-015  -1.0162588669202930E-028  -6.6464450256723991E-032  -4.6865784526540448E-032  -9.3218457246195266E-029   2.6626324495866461E-031  -9.9149446576300538E-029  -3.4383002059453708E-015
  -9.4331285133995954E-004   5.5517705608583552E-017   1.1320483604496671E-015   3.7782171967639749E-017   2.0423347950730072E-003   1.1406505586486531E-016  -1.7490651202023723E-015  -1.1634183499242412E-016  -4.8715565384617477E-018   8.1931808779855466E-017  -9.3185406542473169E-017   6.3807276901249734E-017  -2.6431947612920407E-016   1.9843781844464521E-016   1.4064447120705743E-003  -1.5235520732805293E-016   1.5370665444074511E-015  -5.9501623363508048E-017  -8.9385442805107908E-017  -8.5302468837269882E-017  -9.3787377549675775E-017   4.3048229356828234E-017  -1.4450767077362125E-016   9.4397156505981697E-002   2.6554831812143203E-016  -8.8845307013326790E-016  -2.2771360238773307E-015  0.37639970475308088        7.3624314994958216E-016  -1.5132582415874532E-016   1.0084594908864867E-015   3.1374010476532141E-017   7.6849669157120391E-018  -4.1549693094258810E-018   1.5513436968235676E-017   4.3116208672036113E-018   1.3442445633423569E-017   9.8172114717687490E-015
   5.3581133719893703E-016  -9.4331285133982792E-004   3.6203491746611447E-016   1.7965447844039222E-015  -2.9825218021963556E-016   2.0423347950715631E-003  -9.1749257708669760E-016  -5.0145047682042138E-016   2.2222029147085366E-017  -1.1638413506070307E-016  -4.2859160701538543E-016  -7.3499372415974247E-017  -7.6159028507278767E-016   5.2289609387716979E-016  -5.6916974180458160E-017   1.4064447120713322E-003   1.0046781033148238E-015  -3.9694778566967327E-016   2.6024204854574433E-016  -7.6157082235869351E-018  -3.5223495814715447E-016  -2.2129360471097684E-018  -2.4012719446620134E-017   2.6554831812143203E-016   9.4397156505980240E-002   1.1048828727642105E-016   1.6212526803967132E-015   2.6447642452833746E-016  0.37639970475307921       -2.1976179234313733E-015  -1.2655560619951635E-015   1.6834290577902365E-017   5.0972939029984090E-017  -4.9305096756403984E-017   3.9717903423737837E-017   7.7996633494018717E-019   3.5782007326833754E-017  -1.8517631171635668E-015
  -6.5249514172131179E-016   8.7539977140152384E-016  -9.4331285134119911E-004   6.1188481864227218E-016   8.1971898020665791E-016  -1.6224087080198565E-015   2.0423347950744557E-003  -3.2058789101352744E-016  -7.0870572048101180E-017   9.8367097164834684E-018  -3.0407867844889849E-016   2.2781746170368667E-017  -3.6361582659251398E-016   7.6998424625993182E-016  -3.5148048052729411E-016   2.2412746288536401E-015   1.4064447120712674E-003  -4.5894435972957298E-016  -8.4269130989137117E-017   1.0815646768789602E-016  -1.9348491864883963E-016  -9.5598107507164729E-017  -2.6723588041564359E-016  -8.8845307013326790E-016   1.1048828727642105E-016   9.4397156505981350E-002   5.2459527739743916E-016  -2.8803067380180298E-015   1.1904804807470450E-015  0.37639970475307993       -6.7552561552751933E-016  -1.2648761295850698E-016   9.0835294187476888E-017  -7.2988233360707067E-017  -6.9482041839490026E-018   2.1470941820349973E-018   6.9008326693643740E-018   4.1111751884270498E-016
   2.5558930291420064E-016  -2.8499307781808986E-015  -7.2848172413216440E-016 -0.26157960440607608       -2.1438541786457238E-015   3.9722556160364200E-015   1.4781786063239507E-015  -4.9857556117097785E-016   3.7295718831336624E-016  -4.8027112886419295E-016   3.9598096194805390E-016  -5.1075761807373649E-017   8.4548489475538902E-016 -0.39275926847640197        3.0525111120630939E-015  -2.9814665230269573E-015  -7.6944696509778874E-016  -1.0474945240938613E-016   1.9831406144369111E-016  -5.2496722981891287E-016  -2.5083162166005944E-015   2.2276314743469851E-016  -1.5263331015962032E-015  -2.2771360238773307E-015   1.6212526803967132E-015   5.2459527739743916E-016   1.1133957076286227        5.3168546616317757E-016  -1.9383650541468403E-015  -1.9774882129941192E-015 -0.57062495101368516       -1.7370369012912103E-014   8.9221863895851404E-017  -1.0727731113237018E-016  -1.7252309999904412E-014  -1.5900013897876227E-017  -1.7639556059004081E-014 -0.39724880577347371     
  -3.7613704890745122E-003   2.2930976694879194E-016   4.5073168854454751E-015   8.9400298593902924E-016   8.1436162097076655E-003   4.3763690040660806E-016  -6.9599016444881427E-015  -4.6390202801074349E-016  -1.9424869462553073E-017   3.2669531346179802E-016  -3.7156796674953617E-016   2.5442546233059064E-016  -1.0539488312786513E-015   1.8986699323671225E-015   5.6080648397640060E-003  -6.1933747392028912E-016   6.1387749881673586E-015  -2.3725707738785506E-016  -3.5641597190413630E-016  -3.4013550061781591E-016  -3.7396826902318712E-016   1.7165072995631622E-016  -5.7621062569065683E-016  0.37639970475308088        2.6447642452833746E-016  -2.8803067380180298E-015   5.3168546616317757E-016   1.5008581082548687       -2.3178646423900503E-016   2.0375242020931277E-015  -4.9481352376473622E-016   1.2510088987193187E-016   3.0643076393163443E-017  -1.6567545879690124E-017   6.1858357928102027E-017   1.7192179102547082E-017   5.3600476485238432E-017  -6.3499954640215359E-015
   2.1397206769117333E-015  -3.7613704890740287E-003   1.4360860166579637E-015   6.4533220162347655E-015  -1.1962320261103672E-015   8.1436162097019964E-003  -3.6421897024060133E-015  -1.9994861965100399E-015   8.8608232700811554E-017  -4.6407069551947047E-016  -1.7089683663302839E-015  -2.9307177356720606E-016  -3.0367689987151310E-015   9.5440655551972335E-016  -2.3175760979758596E-016   5.6080648397670895E-003   4.0172317688752418E-015  -1.5827916312182796E-015   1.0376904756739022E-015  -3.0366913929884595E-017  -1.4045034740205882E-015  -8.8238725148157708E-018  -9.5748440361822690E-017   7.3624314994958216E-016  0.37639970475307921        1.1904804807470450E-015  -1.9383650541468403E-015  -2.3178646423900503E-016   1.5008581082548784       -5.7725952529073635E-015  -3.1024350391483756E-016   6.7125136368510013E-017   2.0324975784696784E-016  -1.9659939503322649E-016   1.5837137129413913E-016   3.1100417539620628E-018   1.4267735906275102E-016  -2.5513468847657919E-016
  -2.6356517664712510E-015   3.5169368209306225E-015  -3.7613704890794592E-003   2.1779852425696609E-015   3.3419242359203566E-015  -6.5262793725008556E-015   8.1436162097134491E-003  -1.2783137966370954E-015  -2.8258968153237960E-016   3.9222946644505929E-017  -1.2124848780018355E-015   9.0840051222767859E-017  -1.4498836070798414E-015   2.6349895674211083E-015  -1.3509673509336067E-015   8.8975631450331428E-015   5.6080648397667755E-003  -1.8299970877762759E-015  -3.3601516399597410E-016   4.3126365254741756E-016  -7.7150275441811215E-016  -3.8118838291882315E-016  -1.0655777166498595E-015  -1.5132582415874532E-016  -2.1976179234313733E-015  0.37639970475307993       -1.9774882129941192E-015   2.0375242020931277E-015  -5.7725952529073635E-015   1.5008581082548667       -2.6980370681578336E-016  -5.0435735497476933E-016   3.6219711672309505E-016  -2.9103365508343466E-016  -2.7705304907454046E-017   8.5613343251898333E-018   2.7516415488028028E-017  -1.0679476471798995E-015
  -3.0689292010308791E-016   1.9265736847615161E-015   7.1023934716910125E-016   7.0575074522477785E-002   1.3276969334116745E-015  -2.6690559737987719E-015  -1.1922507351437242E-015  -1.8420486585757269E-015  -2.3034843134129849E-016   3.5249879371193286E-016  -2.4572494285668326E-015   1.4433151969138886E-016  -2.7640969397487626E-015  0.10415914863652051       -1.6117237481864208E-015   1.8357462616970222E-015   5.3954430512996267E-016  -3.2355638938397711E-015  -1.2494112890363461E-016   2.4752188515802085E-016  -2.3148820059646841E-015  -1.6636819177034565E-016  -2.3943482556385769E-015   1.0084594908864867E-015  -1.2655560619951635E-015  -6.7552561552751933E-016 -0.57062495101368516       -4.9481352376473622E-016  -3.1024350391483756E-016  -2.6980370681578336E-016  0.30582086044588686        9.4896704137391141E-015  -6.1889549252002448E-017   6.9768747006624081E-017   9.4055580836481560E-015  -1.5960471212764684E-018   9.6291012793828110E-015  0.16608449928080474     
  -3.1352117349277234E-019  -1.6822543419004906E-019   1.2639934851660283E-018   1.5355645136731790E-015   6.7879410390272762E-019   3.6421920598048571E-019  -2.7366296047155324E-018  -7.6801267137250373E-029  -7.4795358714491918E-030   1.2472119271328548E-029  -9.2715663194381325E-029   5.2686851609120582E-030  -1.0501312202152731E-028   2.2284976283294832E-015   4.6744852027874368E-019   2.5081792552388265E-019  -1.8845677239729869E-018  -1.2676831295149937E-028  -4.0623021353372969E-030   5.6557591958933943E-030  -1.0679684150291410E-028  -5.9598845578684864E-030  -1.0162588669202930E-028   3.1374010476532141E-017   1.6834290577902365E-017  -1.2648761295850698E-016  -1.7370369012912103E-014   1.2510088987193187E-016   6.7125136368510013E-017  -5.0435735497476933E-016   9.4896704137391141E-015   2.9911396587118946E-028  -2.7570812521180586E-030   2.8924094273326091E-030   2.9658477127361887E-028  -5.0158592709427120E-031   3.0363459356358520E-028   2.5429070473347000E-015
  -7.6796042613016401E-020  -5.0937369553550079E-019  -9.0771908322262644E-019  -5.9897370838634995E-018   1.6626851816125500E-019   1.1028277846627280E-018   1.9652719298615319E-018   6.4972788991790034E-032   2.9963607493925911E-032  -2.9393468868541606E-031  -8.7025860389158337E-031   1.7291451646902187E-032  -5.1204151536109095E-031  -7.3908264247642548E-018   1.1450007056256188E-019   7.5945741599814702E-019   1.3533757149911151E-018  -6.4423865481020777E-031   1.1518733062742914E-031   4.3681639485933718E-031   7.0721251081320839E-031   7.6252596337230991E-032  -6.6464450256723991E-032   7.6849669157120391E-018   5.0972939029984090E-017   9.0835294187476888E-017   8.9221863895851404E-017   3.0643076393163443E-017   2.0324975784696784E-016   3.6219711672309505E-016  -6.1889549252002448E-017  -2.7570812521180586E-030   2.8096755799895860E-031  -2.4622039705967004E-031  -2.7229468994831944E-030   9.4856458983679199E-032  -2.7546742016478392E-030   5.2425288596461198E-016
   4.1520699261007027E-020   4.9270691118638439E-019   7.2937301370418634E-019   9.5567022320523515E-018  -8.9895063655850169E-020  -1.0667430927707703E-018  -1.5791408781914323E-018  -1.2981222144119405E-031  -4.4088719742534705E-032   2.8431193092496708E-031   6.6617656001792352E-031  -2.6058797498923642E-033   3.4103786365735835E-031   1.2864470417698717E-017  -6.1905833080046347E-020  -7.3460785449531994E-019  -1.0874682951607739E-018   4.2744686863090898E-031  -1.2847380613269659E-031  -3.6701901617854748E-031  -6.9946569490752304E-031  -8.1096240462650003E-032  -4.6865784526540448E-032  -4.1549693094258810E-018  -4.9305096756403984E-017  -7.2988233360707067E-017  -1.0727731113237018E-016  -1.6567545879690124E-017  -1.9659939503322649E-016  -2.9103365508343466E-016   6.9768747006624081E-017   2.8924094273326091E-030  -2.4622039705967004E-031   2.1732808801865313E-031   2.8660496489387698E-030  -8.3513946046646060E-032   2.9061169320489544E-030  -4.5441705034709656E-016
  -1.5502611523451778E-019  -3.9690187828652086E-019   6.9433556534207496E-020   1.6777828655228086E-015   3.3564180626281634E-019   8.5931885179432927E-019  -1.5032824819648706E-019  -7.1933310396094988E-029  -7.4630067688452907E-030   1.2279005756737036E-029  -8.6267180152659360E-029   4.8893646761211919E-030  -9.8959736530218961E-029   2.4457770504630205E-015   2.3113822697496838E-019   5.9176607980707661E-019  -1.0352287497421175E-019  -1.1793817976067509E-028  -4.0465064458706974E-030   5.4504497673803099E-030  -9.8154247354928999E-029  -6.0525455941169696E-030  -9.3218457246195266E-029   1.5513436968235676E-017   3.9717903423737837E-017  -6.9482041839490026E-018  -1.7252309999904412E-014   6.1858357928102027E-017   1.5837137129413913E-016  -2.7705304907454046E-017   9.4055580836481560E-015   2.9658477127361887E-028  -2.7229468994831944E-030   2.8660496489387698E-030   2.9439110617533837E-028  -5.6024497087182601E-031   3.0135511567615351E-028   2.0885376730206855E-015
  -4.3086121707340968E-020  -7.7942206586917126E-021  -2.1455959161737147E-020   1.3709996143853711E-017   9.3284306923359112E-020   1.6875003907197716E-020   4.6453572529365006E-020   4.3685342579097336E-031   2.7049061262789000E-032  -1.1476256518283164E-031  -1.9619993925593424E-031   2.1316585320238006E-032   1.2370541635715472E-031   2.1560702843866354E-017   6.4239820281355017E-020   1.1620895882498686E-020   3.1990044725796623E-020   6.0715281681182467E-032   2.1447334857003135E-032   2.3313004977146666E-031   8.5028916672237047E-031   8.4572884112465898E-032   2.6626324495866461E-031   4.3116208672036113E-018   7.7996633494018717E-019   2.1470941820349973E-018  -1.5900013897876227E-017   1.7192179102547082E-017   3.1100417539620628E-018   8.5613343251898333E-018  -1.5960471212764684E-018  -5.0158592709427120E-031   9.4856458983679199E-032  -8.3513946046646060E-032  -5.6024497087182601E-031   5.5478099500833054E-032  -5.6188314573056867E-031   3.3312217712941684E-016
  -1.3433065349158902E-019  -3.5757038243044038E-019  -6.8960171898948116E-020   1.6414188164193582E-015   2.9083476101033639E-019   7.7416355849641204E-019   1.4930333913726456E-019  -7.5964173644583949E-029  -7.6762248207998890E-030   1.2639271540734703E-029  -9.1072176876257305E-029   5.1574155413602908E-030  -1.0399118070525929E-028   2.3877065228957697E-015   2.0028205588314359E-019   5.3312426836420856E-019   1.0281707604356873E-019  -1.2464944396356674E-028  -4.1778983807345946E-030   5.6589253228956076E-030  -1.0445590403141091E-028  -6.2314162693355780E-030  -9.9149446576300538E-029   1.3442445633423569E-017   3.5782007326833754E-017   6.9008326693643740E-018  -1.7639556059004081E-014   5.3600476485238432E-017   1.4267735906275102E-016   2.7516415488028028E-017   9.6291012793828110E-015   3.0363459356358520E-028  -2.7546742016478392E-030   2.9061169320489544E-030   3.0135511567615351E-028  -5.6188314573056867E-031   3.0850557266604974E-028   2.2247804823360161E-015
   5.9037298705145182E-015   1.5030944865396093E-015  -1.0857112741556187E-015   4.4000431863912441E-002  -2.6677460918012305E-015   2.6507034935338292E-016   2.3580208432856095E-015  -7.1923934356143251E-016   1.1078185530281009E-017  -4.2219073995105397E-016  -5.2138038980260938E-015   3.3763735764416658E-016  -3.3894811208251885E-015   6.8991350726816281E-002  -8.4366163917647987E-015   3.6755247465416577E-016  -1.8564361263447950E-015  -5.2823441767551972E-015   6.4445359953459439E-017   1.5725586054781737E-015  -2.7093045211911238E-016   3.7984620289787318E-016  -3.4383002059453708E-015   9.8172114717687490E-015  -1.8517631171635668E-015   4.1111751884270498E-016 -0.39724880577347371       -6.3499954640215359E-015  -2.5513468847657919E-016  -1.0679476471798995E-015  0.16608449928080474        2.5429070473347000E-015   5.2425288596461198E-016  -4.5441705034709656E-016   2.0885376730206855E-015   3.3312217712941684E-016   2.2247804823360161E-015   2.1274118849974708     
