 7.1620656489970411E-006  5.2051693530902381E-018  1.0700794761346091E-017 -5.5972012475630319E-017 -2.5062046640645422E-005 -2.2562911998650954E-017 -2.7608512004156471E-017  4.5593470482123232E-016  2.2943136511489519E-016  5.7776289512405310E-017 -2.6647773479479022E-016  1.0101590188143898E-016 -1.8955632190050869E-016  6.4446767926537678E-017 -4.0332000078292502E-005 -5.1179318611876051E-017 -3.6960676590447298E-017  1.0510088592050293E-015  5.2238138755783284E-016  1.2584803393181466E-016 -6.1159610368750913E-016  2.4097730312815176E-016 -4.4065514160312405E-016 -1.0196878750228133E-003 -1.2919442414421145E-015 -1.0320743244470149E-015  3.5820582141712999E-017  1.4337297406883202E-015  7.1200765465664438E-016  1.7132484137224788E-016 -8.2683969507009581E-016  3.2717726561230000E-016 -5.9104201515121553E-016 -9.2743960372749329E-018  1.3881490770446119E-018  3.4226071104282318E-018 -7.6320588938367233E-019 -8.1136396011388668E-019 -1.5211104289561132E-020  3.1677319914552788E-019  5.5158999917388545E-018  1.9594508857411996E-018  1.1913031213328337E-017 -3.1353029213877946E-003 -3.8028906281205851E-015 -3.1954670031173203E-015  9.1244336617848034E-017  1.0760537887657560E-018  1.0939572455305952E-019  1.1780621265991504E-018  1.0744768432250982E-018  3.0278404381498770E-019  7.8158108844741362E-019 -1.3889770813443623E-019  5.5999455034515834E-019  4.3975499222504564E-019  3.9524114006588890E-020  1.7124666156508365E-019 -5.8937749362935389E-021  5.5628221235655935E-019 -1.0953252490252368E-019  1.1242812887739371E-018  2.1027624021378082E-015  1.0502090975356525E-015  2.5573925875661699E-016 -1.2273956404801272E-015  4.7891253829283476E-016 -8.7732222883459293E-016  7.4953997116412229E-017 -6.6325364033274051E-019  1.6223472782428302E-018  3.6864435623734222E-017 -2.9832831519489703E-019  3.5225352995525393E-017  7.9961600148724264E-020  8.7962635612702357E-019  1.7542675601452823E-019  2.1162668841112466E-018 -8.3847777552024635E-016  2.2427780743751818E-003  7.2089833093184526E-015 -6.9195066877064667E-016  4.7506495187307836E-015
 5.2051693530902381E-018  7.1620656490056554E-006  6.2795515661157605E-018 -1.6215793635253751E-017  3.0414446133844895E-018 -2.5062046640682844E-005  1.2247584976475842E-017 -1.8210166325442679E-016  1.4819659452841917E-016 -2.1906149928936465E-017 -4.0081808160458617E-017 -1.2816898569428889E-016  2.2418665221349530E-016  2.6973490631414629E-017  3.2379871170669146E-017 -4.0332000078292244E-005  4.4610452799660886E-017 -4.3152101126324455E-016  3.5218019568728190E-016 -3.2593950997534750E-017 -9.4647116512334433E-017 -2.5812197886163958E-016  5.2577190847588436E-016  5.9946385741119327E-016 -1.0196878750236636E-003  1.1132217107254616E-015  1.8698464330585133E-016 -5.6370680885894014E-016  4.6979843181553768E-016 -6.6103670066576085E-017 -1.1606210005741179E-016 -3.8365644790566744E-016  7.1354852383242305E-016  8.4778265924078843E-019  2.1744888000092850E-017 -3.1939740131518618E-018  1.5663101763718420E-018  3.6223064149289013E-018  2.1417193193042728E-019  7.5698577081247696E-017 -1.9841350857714649E-018  3.0657441283119419E-017 -3.9711633006813710E-018  1.7626897910117440E-015 -3.1353029213899656E-003  3.3707934864957854E-015  5.2529190381393398E-016  1.8331528417297783E-018  5.8624034821077539E-019  1.4799726768598969E-018  1.0418826413897856E-018  2.1132354509730118E-019  2.5347339495513560E-018  3.7344054621033846E-019 -2.6625977094440211E-020  1.7918502302467873E-019 -2.0404952721761884E-019  4.1949083713665062E-018  1.3211442213915843E-018  2.9712808228557341E-018  3.6171673217963146E-019  4.7923500294501133E-018 -8.5778169872488198E-016  7.0011101810356405E-016 -8.2979485203937616E-017 -1.9541347288475103E-016 -5.4410611315793474E-016  1.0335032920656717E-015  1.7880898977293500E-019  4.6799823456585009E-017  1.9127586616516004E-019  1.2633532402462419E-018 -1.3035831675767004E-018 -8.7177506992953110E-019  9.6594615795218473E-017 -1.1026052763402031E-018  4.6101342256061342E-017 -2.6064697872438387E-018  2.9125745521727054E-015 -4.6463144985580793E-015  2.2427780743753431E-003 -3.1251989403798335E-015 -3.3828511762731776E-015
 1.0700794761346091E-017  6.2795515661157605E-018  7.1620656489925510E-006 -2.4451296048528468E-017 -2.4059451083575405E-017 -4.0685384812856346E-017 -2.5062046640622484E-005 -4.6900818223632951E-017  1.4667802464177633E-017  9.4597904231156681E-017 -1.8257470189465810E-017  2.2565799963059115E-016  7.4264932934841353E-017  4.3295093450226697E-017 -2.1621166132593585E-017 -8.3285446661401661E-017 -4.0332000078236658E-005 -1.1782360657380058E-016  3.7090844211725075E-017  2.1266387586934829E-016 -4.3830992901577898E-017  5.3115745757227632E-016  1.7249953459682675E-016 -7.0018025295393751E-016 -2.0135905447980626E-015 -1.0196878750223012E-003  1.0092485739012381E-015 -1.7069281002314869E-016  5.0004415071470440E-017  2.9442343794300987E-016 -7.1993394094806028E-017  7.1989312770529492E-016  2.1478139315283743E-016  3.1429057031129473E-018  2.1435086782618087E-018  2.2529107893005699E-017  1.9274882922143913E-018 -4.9171869900583142E-021  1.1588704561692590E-018 -2.2884356150638206E-018  3.1829079902675176E-017 -2.3062094189768403E-018  8.1541925651660652E-017 -2.1506185308420953E-015 -6.1711105237266555E-015 -3.1353029213853235E-003  1.2111258060813849E-015 -4.1132253489078781E-018 -5.1982954881894381E-020  2.6023822475002453E-020 -8.1977477667751288E-019  2.4034310748566957E-019 -1.6296627921396992E-018  5.4643011081646000E-019  3.9944103581397477E-019  2.0914764964957984E-019  1.1918612107355348E-019  2.5463634277323613E-019  2.4876625708677700E-019 -1.4751366044884497E-018  2.0817607972851519E-019 -2.0043396082423094E-018 -2.4362100628933903E-016  7.4415371605403388E-017  4.3256756949093907E-016 -9.7531249192526699E-017  1.0590679411992960E-015  3.2626171290815258E-016 -6.7165229083276064E-019  3.5672597938052285E-019  4.3088083592782703E-017 -4.1235910265100297E-019  4.5289112658642635E-019  2.1074240622853057E-019  1.4177633639434130E-018  3.9087979726141437E-017 -9.8421366180035046E-019  7.8835102967189075E-017 -2.0150418060108364E-016  1.3169595046733576E-015  4.8803917170131234E-015  2.2427780743802064E-003  3.2839570063578864E-015
-5.5972012475630319E-017 -1.6215793635253751E-017 -2.4451296048528468E-017  1.3314928845574943E-004  1.7002637263792465E-016  1.9511217988734184E-017  2.0331781015693044E-017 -5.0947509333003180E-015  1.5502688430204483E-016  3.3569928071755404E-016  4.3108965151806276E-015  7.2567572344539238E-016  3.1613071314499081E-016 -4.0396980274439500E-004  3.4451115147809059E-016  5.7782625941337631E-017  8.9449755020177545E-017 -1.1456109866580282E-014  3.2508620694829934E-016  8.6840209349502742E-016  1.0300776249614788E-014  1.6937872581887799E-015  9.3495706928172622E-016  7.7000028094211599E-015  1.1394949487732004E-015  1.4558414452842810E-015 -7.9304015969173889E-003 -1.9175188842948480E-014  4.9364171417004275E-016  1.1123691576576228E-015  1.0773581432520784E-014  2.2711785257715571E-015 -2.0494380484057018E-015 -3.9989264194955826E-018 -2.7045951614749443E-018 -6.4828522955631971E-018 -5.8993346437236511E-019  7.7093734546352346E-018 -3.3105390370160246E-018 -3.8012700335465064E-018 -7.0782963911619422E-018 -6.3127912062537432E-018 -1.4069364545819740E-017  2.3613028088891476E-014  3.4501628410534815E-015  4.5845864781418630E-015 -1.0056301758250364E-002 -1.0646812870457115E-015 -1.9940429980948213E-018 -1.5889685598027091E-018 -6.2802841271375869E-016 -3.8266028109631591E-018 -6.2568411361045730E-016  8.8295857635799189E-019 -3.5153584858518459E-018 -3.1788351474630585E-018  3.2420455907021529E-018 -1.1105530382542916E-015 -2.7105373842060052E-018 -6.6935692159990730E-016 -4.8917686868979144E-018 -1.1434533989020063E-015 -2.0323484401961581E-014  6.9609826201254365E-016  1.6628998775648563E-015  2.3343709148671799E-014  3.3461704683668655E-015  4.7210752192301237E-015 -3.4488246880134732E-018 -8.7816946937426198E-019  1.3052939053389812E-018  1.1244148728723256E-018 -1.5990904948794178E-018 -3.0866410317955209E-018 -2.8643601871119594E-018  7.5429759762041572E-019 -3.7194222435916660E-018 -1.7406115902267052E-018  5.9278581658318910E-003 -2.1423588620545434E-014 -4.0306824221730876E-015  5.7073532116989229E-016 -1.0375526741091359E-003
-2.5062046640645422E-005  3.0414446133844895E-018 -2.4059451083575405E-017  1.7002637263792465E-016  8.7759935438920373E-005  4.5992336363437028E-018  4.9131422743347288E-017 -6.4551001661919135E-016 -1.0356857019377069E-016 -1.2886139287294647E-016  3.8175697360832711E-016 -9.6760807268988255E-017  2.6405390199279119E-016 -1.4852039484416176E-016  1.4306889165155261E-004  8.5907590332197008E-017  3.5187628212750736E-017 -1.4878216524077525E-015 -2.1600544497320172E-016 -2.7124868377859045E-016  8.6962047933932153E-016 -2.5246901977731538E-016  6.2213386357418076E-016  3.5882947161784370E-003  1.7301047789544280E-015  1.5098972906211097E-015  1.3228082422066564E-015 -2.0332834227088434E-015 -2.9489543622516942E-016 -3.6920738111128588E-016  1.1626738695571446E-015 -3.3887467485738521E-016  8.1486343151835408E-016  3.3817147540993393E-017 -4.8568876616763868E-018 -1.2307419199103036E-017  3.6326612568210075E-018  2.8753415633851264E-018  7.7085331177168672E-019 -8.8870008048911148E-019 -1.9282278199015902E-017 -6.8200110627910200E-018 -4.2141061410810392E-017  1.1047473994407749E-002  4.9509884539571518E-015  4.5810203453217838E-015  1.5945150389164690E-015 -3.9010616616939671E-018 -3.5018323309539953E-019 -4.0705221597305114E-018 -3.7347413559191475E-018 -1.0481412743589681E-018 -2.7676842252133173E-018  4.8993036662391582E-019 -1.9290606272654080E-018 -1.5205699045765024E-018 -2.0728789549117450E-019 -5.2890949843734216E-019 -2.3138122632311397E-020 -1.9743447118030584E-018  3.2934751587270857E-019 -3.9632233069772342E-018 -2.9748038257590110E-015 -4.4847036565868722E-016 -5.5633804493548019E-016  1.7525833257790571E-015 -4.9246909660912060E-016  1.2288676223567360E-015 -2.6603919332386713E-016  2.2806843039139564E-018 -5.6470375981138173E-018 -1.3146419850149090E-016  1.0244016412862865E-018 -1.2546122212377510E-016 -4.1579157514979836E-019 -3.2228843441245174E-018 -5.8873337057334697E-019 -7.4448423458690983E-018  4.3778068783809504E-015 -7.5412452152576921E-003 -1.3563013707969691E-014  3.7073729180000218E-015 -1.0606514517367274E-014
-2.2562911998650954E-017 -2.5062046640682844E-005 -4.0685384812856346E-017  1.9511217988734184E-017  4.5992336363437028E-018  8.7759935439073097E-005  2.4206767544069196E-017  1.9021662233839036E-016 -2.4703510337726787E-016 -3.8853183691977862E-017  3.9135921769989327E-017  7.0708648612109434E-017 -2.3608372151277322E-016  1.5104027150860598E-017 -1.1192315148447017E-016  1.4306889165153556E-004 -3.7532652796454532E-017  4.7887466826142884E-016 -6.0702441043291478E-016 -1.5178127737345891E-016  9.8710538118481489E-017  3.3464511311896159E-017 -5.7591725191805997E-016 -1.6816694340895838E-015  3.5882947161818093E-003 -1.0763634109860820E-015  1.3434927578343245E-015  5.6821383798048701E-016 -7.9178991832356182E-016 -1.3198574410168544E-016  8.8934799034278189E-017  1.5647197743230168E-016 -7.7426905477764775E-016 -2.6845988491148520E-018 -7.5713306619307770E-017  1.1088036978775175E-017 -5.2735799247846780E-018 -1.2605664113629087E-017 -6.0535552568038169E-019 -2.6534751808351530E-016  6.9352089129321786E-018 -1.0730744801268172E-016  1.3532740666942754E-017 -5.0996070388624639E-015  1.1047473994416133E-002 -3.0308574524225632E-015  8.4011463359115005E-016 -6.2957678776217971E-018 -2.0499304911436530E-018 -5.0941881359554961E-018 -3.7322977108146832E-018 -6.5448149177760383E-019 -8.7920241289751170E-018 -1.3460009717262584E-018  1.6202243781300518E-019 -5.9037740142428127E-019  8.1148642851896010E-019 -1.4493187817427430E-017 -4.5008484898266566E-018 -1.0145227236916612E-017 -1.2570262228395562E-018 -1.6633099044063906E-017  9.3727309748173666E-016 -1.1979296839145315E-015 -2.4236988865144924E-016  2.1707841570705697E-016  1.6257319031915618E-016 -1.0871657551958521E-015 -5.5731465935956059E-019 -1.6656024611832294E-016 -6.1516583350621501E-019 -4.0993791437311974E-018  4.5178517890958930E-018  2.8528264311025573E-018 -3.4423703349216608E-016  3.8116484354001651E-018 -1.6424485067611971E-016  9.1031941780027709E-018 -8.8277015814161891E-015  9.9587195988574323E-015 -7.5412452152697112E-003  7.2244975176409345E-015  7.0977137994780920E-015
-2.7608512004156471E-017  1.2247584976475842E-017 -2.5062046640622484E-005  2.0331781015693044E-017  4.9131422743347288E-017  2.4206767544069196E-017  8.7759935438816547E-005  8.3759667236574965E-017  3.3669009190011976E-017 -5.0336471803134638E-017 -9.7293816096307342E-017 -2.9044745481465307E-016 -1.7931347882643755E-017  4.7039592977753419E-017  1.3589066218277550E-017  1.3366999249913478E-016  1.4306889165135328E-004  2.2685748801134118E-016  6.6025949857550702E-017 -9.7063204792985231E-017 -2.1887659332307476E-016 -7.0754280638946730E-016 -4.5613886812875170E-017  9.5805870719859959E-016  2.5404733615305702E-015  3.5882947161760713E-003  4.4791774472394513E-016  3.4375147913518450E-016  9.2231995948201941E-017 -1.4852505221001668E-016 -2.5604822753083496E-016 -9.5057316053884446E-016  8.4142845179965926E-018 -1.1356247821828576E-017 -7.2841306679784274E-018 -7.8613708854683291E-017 -6.9117024518558431E-018 -1.4451049579798280E-019 -4.1518575130560695E-018  7.7719027341253861E-018 -1.1160422862659174E-016  7.7103735395216833E-018 -2.8589746822109739E-016  2.9166047982344173E-015  8.0062565078450820E-015  1.1047473994397537E-002  7.5350547854328414E-016  1.4246166838405313E-017  1.2734165812536650E-019 -7.7497045235186672E-020  2.9130686184252011E-018 -8.1120496365764025E-019  5.6222003252670088E-018 -1.9586122688979799E-018 -1.2505601637613869E-018 -7.2498369977655526E-019 -4.9991985836699055E-019 -1.0495900703707712E-018 -9.6626300328909331E-019  4.8840373809549781E-018 -7.8757868635416168E-019  6.6711290263883152E-018  4.8105298263370734E-016  1.3181511107951053E-016 -2.1806646486941434E-016 -4.0384190368451500E-016 -1.4022799165041339E-015 -2.4741749419007914E-017  2.3307059034296945E-018 -1.0535792128310124E-018 -1.5327145022309017E-016  1.2952371785451960E-018 -1.4221211741675422E-018 -5.7785634473909426E-019 -4.8068036346418714E-018 -1.3861765378829723E-016  3.4487758919931888E-018 -2.8045438938605258E-016 -3.4929009858012640E-015 -1.7046590537965009E-015 -4.9754225615925288E-016 -7.5412452152689323E-003 -1.1482951315609638E-014
 4.5593470482123232E-016 -1.8210166325442679E-016 -4.6900818223632951E-017 -5.0947509333003180E-015 -6.4551001661919135E-016  1.9021662233839036E-016  8.3759667236574965E-017  2.9800912634678038E-002 -5.8963092856640240E-016 -2.3512644737081997E-016 -1.4900456317337513E-002 -2.4681947573495365E-017 -1.4900456317337708E-002  5.2493915674881655E-015  3.6106454991630069E-016 -1.3310671417786793E-016 -1.1673909031517635E-016  6.8690523068006090E-002 -9.2994438154110356E-016 -2.4398090361135110E-016 -3.4345261534000429E-002  1.1472373415085404E-016 -3.4345261534001539E-002 -3.2676537799047543E-016  4.4980739929507269E-016 -3.3781849059030463E-016  1.0708385768466381E-014  9.3589725341280308E-002 -1.1677987974836674E-015 -3.3585718594321422E-016 -4.6794862670638968E-002  1.3045917147607216E-016 -4.6794862670638628E-002  4.4713504380341649E-017 -1.7639666039023039E-016 -6.5566793501082666E-017  3.4796451095690281E-017  1.0650527272099484E-017  3.9312970960624035E-018 -3.9179586822207267E-016 -7.3965296748294461E-017 -1.5837517637111717E-016 -1.4704230051447326E-016 -2.4013731439748878E-016 -1.1550803924673904E-015 -2.0868913392731018E-015 -5.9775852027283956E-015  3.9080206660889395E-015 -2.1112770912493266E-017 -3.4591341831096548E-017  2.3459298947077618E-016  2.2274987904255116E-017  1.1300498407372234E-016 -1.8161523666353361E-017 -8.2192471465426709E-018 -8.6949501112688092E-018 -1.3739804268609287E-017 -2.3360632884100896E-015 -3.3166142519847527E-017 -1.3156336155682469E-015 -3.5282843271660493E-017 -2.5416136767752183E-015  1.3748714567955536E-001 -1.7730230694053442E-015 -5.4226717086049091E-016 -6.8743572839771672E-002  1.3729338180058926E-016 -6.8743572839768827E-002 -3.0651044348719949E-017  3.0995653754154571E-017 -1.0843017110275190E-017 -1.3120242729874212E-017 -2.4446802528250709E-018 -1.2508269040624506E-017  6.0746582124893386E-017 -7.1669547090319455E-018  2.7421998929382457E-017 -2.8896771651399066E-017 -9.3522547450894817E-015 -7.0582497054609921E-016  2.4880318290099870E-015  2.4276122094869698E-015  4.0541234133056126E-015
 2.2943136511489519E-016  1.4819659452841917E-016  1.4667802464177633E-017  1.5502688430204483E-016 -1.0356857019377069E-016 -2.4703510337726787E-016  3.3669009190011976E-017 -5.8963092856640240E-016  2.9800912634676904E-002 -1.7413818674047536E-016  9.5773033026273895E-017  1.8821216337898635E-016 -3.8821351464041759E-016  3.4846607026722031E-016  8.4151093577330092E-017  2.8594956464566421E-016 -4.3815755120630190E-017 -5.5801313645743235E-016  6.8690523067998943E-002  6.8091403796867333E-016  3.1160678750750156E-016  2.8034928367616902E-016 -2.4291500438007141E-016 -1.9679941161575230E-016 -2.7378257857750414E-016  4.8882979807787013E-016 -1.2827431256781487E-015 -3.4220676014898273E-016  9.3589725341282529E-002  7.1392947952844808E-016  8.5557647048373635E-016  2.5268695716673075E-016  2.2276699787118880E-016 -6.0185160411241110E-017  1.4892405760073354E-016 -8.1594901284353281E-017 -3.2118168338051537E-017  1.2024440163209896E-017 -4.0075113444933665E-017  3.3335420727689186E-016 -5.9243317598072306E-017  1.5287895096146007E-016 -1.4392488527700568E-016 -1.2488151390597771E-015  1.6744939470231083E-015  2.8241743720469493E-016  2.9727706470166662E-016  7.9748325672404989E-017  1.0664719881254752E-015 -5.3509042385169551E-018  3.5963277239805106E-017 -1.3841478623493078E-017  3.7535448651236022E-017  1.4135941010035480E-015  4.6151927267742568E-017  7.2031662565056102E-016  3.8563149353900228E-018  6.8894987510665348E-017 -7.6245698111833423E-018  2.5000586723453157E-017  1.5876432001463774E-017  1.4782387404535238E-017 -8.8931639256939144E-016  1.3748714567955017E-001  1.1561843809398159E-015  7.3241292401358759E-016  4.3665132334487226E-016 -1.8625190452781234E-016  1.7427785428916943E-016  1.7518460985378744E-017  4.7838355490040399E-017  7.7574242051582406E-017 -2.8189562848164253E-018  8.0521670546454113E-017  3.8181868769121231E-017  4.2276954829236321E-017  1.8881545956673893E-017  8.7191746949655946E-017  5.7706542019834938E-016  2.3226692456910252E-016  5.1920248437354239E-017 -4.3151911420294729E-016  1.0768516751656665E-015
 5.7776289512405310E-017 -2.1906149928936465E-017  9.4597904231156681E-017  3.3569928071755404E-016 -1.2886139287294647E-016 -3.8853183691977862E-017 -5.0336471803134638E-017 -2.3512644737081997E-016 -1.7413818674047536E-016  2.9800912634673517E-002  7.4063674578451846E-016 -9.5944767873543244E-017 -1.8904371774010989E-016 -6.4750446747346780E-016  7.3956421882588498E-017  8.2835646549996112E-017  9.6907573386760404E-017  1.4646560521882846E-016 -1.1979385672598161E-015  6.8690523067995543E-002  8.9136458869413239E-016 -1.7912318929313399E-016 -3.3382206274660792E-016 -7.6895172228896934E-016 -1.1917704915551788E-016 -7.7326752684601892E-016  1.3442180106962578E-015 -2.6110759799783154E-016 -1.2257786412072146E-015  9.3589725341277089E-002  9.7354917358240706E-016 -8.3001927675418732E-017 -5.4086423734007413E-016  1.8172661292055374E-016  1.5880281304800454E-016  1.4533316901315713E-016  7.7995245575599339E-017  1.5557474591450745E-017  8.0806223338357690E-017  3.8410205731167986E-016  1.3346767395190727E-016  1.5353662589902478E-016  2.9143833201223504E-016 -1.2001875516512872E-015  1.6072053627891002E-015 -5.2819046275060674E-016  1.7183245350767825E-015  7.5829723919148780E-017 -8.0662066461585029E-017  1.5527669528768250E-015  2.6609484429613460E-017 -1.7404572690681649E-017  2.6190800580224934E-017 -8.6120927975488191E-017  8.6838821051921723E-016  9.1751633025804560E-018  2.0364236116364961E-015  4.7739414529709996E-018 -3.4652011612853726E-017  2.8506424874021086E-017 -2.4261484080897265E-017  7.8604519768353618E-017 -2.9335620069567823E-016 -2.0231335436538550E-015  1.3748714567954276E-001  1.4386861038443941E-015 -2.1011675588538205E-016 -7.8647778395474127E-016  1.5074932605504388E-018  8.3796943829868539E-017  1.8802247319608262E-017 -1.2075001985848927E-018  6.6391519235310280E-019  9.5101423327646251E-019  1.7864750830716167E-016  2.4439505236578281E-017  8.4223303692265908E-017  5.4407738595701457E-017 -2.6465401501427386E-015  5.9955181829666798E-016 -1.2720223222905573E-015 -6.0145097423463047E-017  3.2952369715953419E-016
-2.6647773479479022E-016 -4.0081808160458617E-017 -1.8257470189465810E-017  4.3108965151806276E-015  3.8175697360832711E-016  3.9135921769989327E-017 -9.7293816096307342E-017 -1.4900456317337513E-002  9.5773033026273895E-017  7.4063674578451846E-016  2.9800912634667571E-002  7.4888730064751293E-016 -1.4900456317331286E-002 -5.7685834990201225E-015 -2.1038093106120681E-016 -3.6837468529836530E-017  1.4283773862624302E-016 -3.4345261533998278E-002 -3.2219502802708417E-016  9.3551230193619763E-016  6.8690523067992199E-002  1.3340109272783520E-015 -3.4345261533992762E-002  2.5938269005888491E-016 -5.2120507684095823E-016 -4.9204417786494189E-016  1.5267712377086212E-014 -4.6794862670634485E-002 -5.3417688238323538E-016  1.3438523587824921E-015  9.3589725341262822E-002  1.5355455200200028E-015 -4.6794862670628767E-002  2.2912894569075482E-017  1.1181525381435382E-016  7.8076531259788987E-017  8.2688068870631121E-018 -3.9889414154899277E-018  2.2966601187893775E-017  2.3054422604489357E-016  1.1199794934003300E-016  9.3512694760759698E-017  1.9591538851980743E-016  7.1166604977538606E-016 -3.7995146558659975E-016 -7.0798626522351395E-016  1.5226918357051589E-014 -1.6790572044512753E-015  5.7029851123393589E-018 -2.0426312063143349E-017  8.6452278011597043E-016  1.6099426598242170E-017 -9.3106027995003151E-016  4.6866575797192817E-019 -1.6468276988049464E-017  5.8175917325649810E-018  6.1031077851727097E-019  4.5871044884938767E-015  1.1621509389760794E-016  5.9605981613158172E-016  2.4224582400053212E-017 -2.2081283915840620E-015 -6.8743572839768854E-002 -8.0684070339316901E-016  1.8802014873330027E-015  1.3748714567952711E-001  2.3854486037708092E-015 -6.8743572839759959E-002  2.6224338078807226E-017 -1.1276141534232069E-017  1.6777523335107386E-016  9.3033544910948782E-018  5.6641183282975108E-019  9.6055694895116623E-018 -1.4716577521727234E-017  1.5293480090176253E-016 -2.1279151399940739E-018  3.6709539995045044E-016 -1.0006716688308036E-014  1.3243617364449750E-015 -1.7594613549764374E-016  2.4620004988710983E-015  3.6526984925722118E-015
 1.0101590188143898E-016 -1.2816898569428889E-016  2.2565799963059115E-016  7.2567572344539238E-016 -9.6760807268988255E-017  7.0708648612109434E-017 -2.9044745481465307E-016 -2.4681947573495365E-017  1.8821216337898635E-016 -9.5944767873543244E-017  7.4888730064751293E-016  2.9800912634668955E-002 -7.2700989266693364E-017 -2.0154620151112174E-015  7.1792674124107217E-017  5.0791676382671541E-017  3.1520966061885390E-016  3.7299830267637856E-016  1.8938682375356724E-016  2.1657007668556640E-017  1.0183247965988399E-015  6.8690523067990603E-002  1.1021423211054292E-017  3.7641830132282298E-016  5.8768491908385779E-016 -1.1611388339479613E-015  7.3850630987377922E-015 -1.4388604299374569E-015  1.9360310653500804E-016 -2.0297126097215068E-016 -1.3059823547224016E-015  9.3589725341269372E-002 -1.9011818465984483E-015  5.5165458598934797E-017  1.6363877571929329E-016  4.0064766118980177E-016  2.6380668524172985E-017 -2.8968860473518287E-018  1.5229973303824153E-017  3.7625843219025846E-016  3.9709472055952893E-016  1.7270545826953303E-016  8.6702807257156986E-016  1.4548513921281240E-015  4.0946437760874092E-015  1.6411114213491098E-015 -2.8882221730226237E-015 -5.2751993760642853E-016  3.2292743536917282E-017  4.3428088631528065E-017 -2.1979686804139345E-016  9.0117176030238861E-016 -2.8384562110597319E-016  3.5478373886228189E-017  1.4761930686474903E-017  1.4923420964616433E-018  5.1282136202032655E-017 -2.2709173106404092E-016  1.7440701704316839E-015 -1.2296832630966102E-016  2.1557809745071023E-015 -4.2622132897171267E-016 -1.2691781240102315E-016  2.9815754198977793E-016 -8.1921533187947627E-017  7.0076996162842797E-016  1.3748714567953316E-001 -5.2507818654368697E-016  4.4424012422193399E-017  1.5061835738770389E-017  9.9946441889657124E-017  1.6502948212683473E-017 -1.9807162917869254E-018  2.4847915976759461E-017  2.5176686295678130E-017  1.0045683620704259E-016  1.2140633062289020E-017  2.1921054329994464E-016 -8.6726148261937649E-016  1.3526883192918951E-016 -4.5658371710665721E-015 -2.0147786837506106E-015 -4.3794326483658621E-016
-1.8955632190050869E-016  2.2418665221349530E-016  7.4264932934841353E-017  3.1613071314499081E-016  2.6405390199279119E-016 -2.3608372151277322E-016 -1.7931347882643755E-017 -1.4900456317337708E-002 -3.8821351464041759E-016 -1.8904371774010989E-016 -1.4900456317331286E-002 -7.2700989266693364E-017  2.9800912634667397E-002  1.9430645092448050E-015 -1.5161175138124382E-016  1.6751623990073351E-016 -6.4629592594338090E-017 -3.4345261534001324E-002 -7.8324624320700598E-016  3.4652015222257949E-017 -3.4345261533994600E-002  5.2346668200330650E-017  6.8690523067990616E-002  6.6064329963837400E-017 -1.2178089936145231E-016 -3.3413131802009937E-016  2.3355423981996337E-015 -4.6794862670636976E-002 -1.0682084354991452E-015 -1.6198273000047739E-017 -4.6794862670627699E-002  3.8117806121581907E-016  9.3589725341262378E-002 -6.7626398949379192E-017  6.4581406575887154E-017 -1.2509737758637707E-017 -4.3065257982738322E-017 -6.6615858566400788E-018 -2.6897898283934687E-017  1.6125164217715969E-016 -3.8032652591656678E-017  6.4862481610373779E-017 -4.8873088005149372E-017 -4.8657214335599922E-016  1.0064515711287715E-015 -6.8993035083511082E-016  2.6305576993460102E-014 -2.2289634616336832E-015  1.5409785800127573E-017  5.5017653894260160E-017 -1.0991157695845783E-015 -3.8374414502462101E-017  8.1805529587843309E-016  1.7692857908341566E-017  2.4687524134615038E-017  2.8773583786944474E-018  1.3129493490104683E-017 -2.2510412000801891E-015 -8.3048951377710829E-017  7.1957379943880917E-016  1.1058260871671735E-017  4.7497420683629126E-015 -6.8743572839773504E-002 -1.4885118404373132E-015  1.2403598581163926E-016 -6.8743572839761097E-002  4.8092111734339447E-016  1.3748714567952142E-001  4.4267062699196886E-018 -1.9719512219914077E-017 -1.5693221624076275E-016  3.8168882387705104E-018  1.8782684200014059E-018  2.9026995511263039E-018 -4.6030004603147798E-017 -1.4576784619269507E-016 -2.5294083789373168E-017 -3.3819862829897154E-016 -9.5114297864380059E-015 -8.8542522165894524E-016 -2.8171448985320874E-016 -1.6851700177829556E-017  2.5086219525213408E-015
 6.4446767926537678E-017  2.6973490631414629E-017  4.3295093450226697E-017 -4.0396980274439500E-004 -1.4852039484416176E-016  1.5104027150860598E-017  4.7039592977753419E-017  5.2493915674881655E-015  3.4846607026722031E-016 -6.4750446747346780E-016 -5.7685834990201225E-015 -2.0154620151112174E-015  1.9430645092448050E-015  1.2263033496750968E-003 -4.7283067466332502E-016 -1.0868946099002736E-016 -8.9451933862482309E-017  1.1229938447923278E-014  9.0088278735467294E-016 -1.7842098713127465E-015 -1.4396558253822498E-014 -4.7089914151735200E-015  3.8530525584077333E-015 -8.5608283341396433E-015 -9.9986745240929251E-016  4.6401270146376511E-017  2.4124684866057004E-002  2.6044586708875530E-014  1.0729247750656776E-015 -2.2099383827985910E-015 -9.8023865478312551E-015 -6.3050788077551753E-015  1.5249289879170752E-014  1.3811652623736671E-017  8.7815438214402994E-018  2.0796988508382157E-017  2.4438212162289102E-018 -2.4164248043731183E-017  1.0747074513791046E-017  9.7474605084303901E-018  2.3014584085116892E-017  1.9629932911699327E-017  4.5549730475305860E-017 -2.6353867665477885E-014 -3.2358336003421669E-015 -1.3375353797435538E-016  3.0541184822126182E-002  3.2123306979802610E-015  6.0649654549753097E-018  4.7927926436350612E-018  1.8949433002828336E-015  1.1595103212979740E-017  1.8868812278651229E-015 -1.9875999798044430E-018  1.1029835054403032E-017  9.8324720969075891E-018 -9.5550288885827711E-018  3.3522994293504880E-015  8.6503578786143536E-018  2.0188453746185034E-015  1.5398288258601204E-017  3.4522444843366380E-015  1.4558802930960160E-014  1.6648456257677747E-015 -3.3378137041097731E-015 -3.7097618605248317E-014 -9.2923054901459067E-015 -9.3811612948149085E-016  1.0538468902442120E-017  2.5655738208398820E-018 -3.9118363975161541E-018 -3.9276726445513598E-018  4.9250466279280115E-018  1.0089284375506706E-017  8.6961657018327488E-018 -2.3384478146174973E-018  1.1436709690233841E-017  5.4248445035237081E-018 -1.9191219453934018E-002  2.6249610071478143E-014 -4.9702450669248216E-016 -1.0901528845269934E-014  3.8239469626365984E-003
-4.0332000078292502E-005  3.2379871170669146E-017 -2.1621166132593585E-017  3.4451115147809059E-016  1.4306889165155261E-004 -1.1192315148447017E-016  1.3589066218277550E-017  3.6106454991630069E-016  8.4151093577330092E-017  7.3956421882588498E-017 -2.1038093106120681E-016  7.1792674124107217E-017 -1.5161175138124382E-016 -4.7283067466332502E-016  2.8866368665974977E-004  2.3746462597865905E-017 -1.6637497426862851E-016  8.4367473094700040E-016  2.3462226818252945E-016  2.1621519010107667E-016 -5.3530940817131158E-016  8.9093470510652529E-017 -3.1455273269538788E-016  6.3819058511640266E-003 -1.9212758615752281E-015 -1.3435511313833864E-015 -2.2321288820309449E-015  1.1384902809767351E-015  3.2953388358128838E-016  2.9128131268355470E-016 -7.5293617839736504E-016  1.6234467856356193E-016 -4.8400129483588719E-016  9.5566894136730465E-017 -7.7971243420812891E-018 -2.9787816519685984E-017  3.4875983296520685E-017  5.7182900700517437E-018  2.2896255030941688E-017  5.2020181878415283E-018 -3.0445872199831546E-017 -9.8693939610011134E-018 -8.1519563184062826E-017  2.0077506688918726E-002 -5.3373539573268974E-015 -5.1717793176204838E-015 -3.7948657044734551E-015 -1.0371488446939552E-017  4.2090590900342632E-019 -4.9861799131103088E-018 -5.2513169931820517E-018 -1.3432322486177448E-018 -5.4412649763712330E-018  9.0579334122004965E-019 -2.1835601866897191E-018 -1.8961724891777173E-018 -2.4152533531955163E-018  1.2711732908304409E-018 -1.3578406767049894E-018 -4.0149830595757243E-018 -1.0976402366549478E-018 -7.2546727586314227E-018  1.6955949493485189E-015  4.4694174517919617E-016  4.1256304008391186E-016 -1.0341547780802796E-015  2.2652118906595015E-016 -6.5664558469442855E-016 -5.4143081925315191E-016  2.4564532297655619E-018 -8.1822760108865896E-018 -2.8596024967583671E-016  1.0591525913896044E-018 -2.6823123708700760E-016 -4.7727021566430613E-018 -9.5570270903333559E-018 -1.8899395626306774E-019 -1.3171051667720579E-017 -6.8167995199593594E-015 -2.8760800060571102E-003  1.7441784135140121E-014 -6.6564500144585948E-015  1.5018606025084442E-014
-5.1179318611876051E-017 -4.0332000078292244E-005 -8.3285446661401661E-017  5.7782625941337631E-017  8.5907590332197008E-017  1.4306889165153556E-004  1.3366999249913478E-016 -1.3310671417786793E-016  2.8594956464566421E-016  8.2835646549996112E-017 -3.6837468529836530E-017  5.0791676382671541E-017  1.6751623990073351E-016 -1.0868946099002736E-016  2.3746462597865905E-017  2.8866368665955282E-004 -5.5208095521185023E-017 -2.6568289039939400E-016  5.8179288467907127E-016  1.0314269222285043E-016 -5.3210788974401480E-017 -6.0483431865908190E-017  3.3007190524788431E-016  1.7781290070973837E-015  6.3819058511612754E-003  3.5417280581332938E-016 -1.3099322816069962E-015 -4.8081938763140549E-016  8.5347138725643366E-016  2.2764791697828673E-016 -1.5910008725225431E-016  6.6067099155268242E-017  4.8414463391034206E-016  4.1904189014305723E-018 -1.1043552872454444E-016  1.5171335123068910E-017 -2.2288432876343206E-018 -1.8180164055475966E-017  3.3740408515364585E-018 -4.4081936717614676E-016  1.0924509900565271E-017 -1.7355113127565800E-016  1.0810034469358205E-017  5.2639159806926708E-015  2.0077506688907922E-002  8.0054148195410590E-016 -1.8730211071791466E-015 -6.5424341519472994E-018 -3.2540672830461542E-018 -5.6436737559048638E-018 -8.6155060237106939E-018  1.5117301174222570E-018 -1.1803822153809041E-017 -3.3499207218481671E-018  2.3384456711681520E-018  1.5561178810585923E-019  4.2469798210640132E-018 -1.7712113303546994E-017 -3.5555262131388002E-018 -8.7188068958934530E-018 -1.7597547070576854E-018 -2.2643498194179556E-017 -5.8028937546875606E-016  1.2004883451298317E-015  2.8555106846077567E-016 -1.1725612832453994E-016  1.7392500586771721E-017  7.5371492146135751E-016  1.1668430411993407E-018 -3.5237951426759980E-016  6.4444309501840554E-019  3.1030864197322787E-018  5.9503985002072450E-018 -1.3766374014945854E-018 -7.4185083288315621E-016  4.7256122157693057E-018 -3.5253966444549144E-016  1.4119621302181820E-017  1.1438303517164390E-014 -8.1028265124081026E-015 -2.8760800060341376E-003 -7.3423897893901843E-015 -9.2711380878669767E-015
-3.6960676590447298E-017  4.4610452799660886E-017 -4.0332000078236658E-005  8.9449755020177545E-017  3.5187628212750736E-017 -3.7532652796454532E-017  1.4306889165135328E-004 -1.1673909031517635E-016 -4.3815755120630190E-017  9.6907573386760404E-017  1.4283773862624302E-016  3.1520966061885390E-016 -6.4629592594338090E-017 -8.9451933862482309E-017 -1.6637497426862851E-016 -5.5208095521185023E-017  2.8866368665982507E-004 -2.2113684117534924E-016 -1.2253909601199929E-016  2.5770778841042452E-016  3.1579589178016568E-016  6.8024455545832755E-016 -1.4567233900965747E-016 -1.7171261217621250E-015 -7.0779976343580757E-016  6.3819058511649703E-003 -1.1262145419399350E-015 -2.7240255240911448E-016 -1.5081636741798161E-016  3.2709460356341479E-016  4.7447240622320354E-016  9.5280439299254307E-016 -9.3533026148682512E-017 -2.9089423554371297E-017 -5.1859730271863555E-018 -1.1981674583830894E-016 -1.6159083117381929E-017 -5.1126837309645541E-018 -9.5981135175305356E-018  5.3864912302055661E-018 -1.8640751650434410E-016  1.5538434592080212E-018 -4.7698200929933576E-016 -5.5663721623660614E-015 -2.5983137490711150E-015  2.0077506688918341E-002 -1.3040602094280140E-015  1.8485767127304533E-017 -1.4415561596511312E-018  2.8471056646936734E-019  6.0293298667568656E-018 -4.0552508534843613E-019  6.6202938201557312E-018 -4.5552646543979714E-018  2.4293655422580109E-018 -9.5903706603817306E-019 -3.3048139815589046E-018 -6.4735564753886310E-018 -4.4447703235159090E-018 -5.2554638576818113E-019 -3.0512899636319472E-018  3.9686490784653966E-019 -4.0757571822308444E-016 -2.3740916144322921E-016  4.8943467328985763E-016  6.8571751004315866E-016  1.3738156842184866E-015 -1.8274317360682782E-016  3.1595747592470465E-018  4.1800448945891253E-018 -3.2192911776477061E-016 -2.3733667827804386E-018  2.6202816620144158E-018  3.8859866684268804E-018 -3.0779507941976616E-018 -2.7854101368134203E-016  5.6931156588082615E-018 -5.8980060299560968E-016  8.5749521509412166E-016  3.0546962936234677E-015 -3.7970215564305622E-015 -2.8760800060426729E-003  1.8790015401041405E-014
 1.0510088592050293E-015 -4.3152101126324455E-016 -1.1782360657380058E-016 -1.1456109866580282E-014 -1.4878216524077525E-015  4.7887466826142884E-016  2.2685748801134118E-016  6.8690523068006090E-002 -5.5801313645743235E-016  1.4646560521882846E-016 -3.4345261533998278E-002  3.7299830267637856E-016 -3.4345261534001324E-002  1.1229938447923278E-014  8.4367473094700040E-016 -2.6568289039939400E-016 -2.2113684117534924E-016  1.5833031750395768E-001 -3.0143163429752642E-016  1.0277815361262946E-015 -7.9165158751969777E-002  1.2537663831095545E-015 -7.9165158751978340E-002 -6.4179500728666135E-016  2.4519059837779436E-015  5.3444600589585368E-016  7.7400387855398764E-015  2.1572249367969815E-001 -1.8319230093553949E-016  1.3971622747381565E-015 -1.0786124683984222E-001  1.6470355591503071E-015 -1.0786124683984963E-001  1.0306375652788649E-016 -4.0659086579636451E-016 -1.5113018170596261E-016  8.0205141901993009E-017  2.4549257878075983E-017  9.0615632203776069E-018 -9.0308184363265530E-016 -1.7048856807861226E-016 -3.6505169621087672E-016 -3.3892963813840520E-016 -1.2290945844983131E-016  1.5024317231265490E-015 -8.2283201316729373E-016 -3.5441094892044786E-014  9.0079115027430049E-015 -4.8664525653015381E-017 -7.9732369042834285E-017  5.4073227059638012E-016  5.1343413177775807E-017  2.6047428682565496E-016 -4.1861958244230510E-017 -1.8945204552687627E-017 -2.0041690619160755E-017 -3.1669981172423267E-017 -5.3845803706762269E-015 -7.6447312394882355E-017 -3.0325098538800641E-015 -8.1326266392123820E-017 -5.8583700115081180E-015  3.1690519238884524E-001 -4.0625870018686089E-016  1.9282416965042588E-015 -1.5845259619440272E-001  2.2976879534038895E-015 -1.5845259619440819E-001 -7.0650060107385282E-017  7.1444378073471047E-017 -2.4992943205186010E-017 -3.0241903895454921E-017 -5.6349403576690280E-018 -2.8831316463653376E-017  1.4001968838680981E-016 -1.6519690984098764E-017  6.3207173321146430E-017 -6.6606495715284836E-017 -1.3912415244976452E-014  2.9073802996922001E-016 -1.9501449862901927E-015  1.4775610311541630E-015  1.1928337210606012E-015
 5.2238138755783284E-016  3.5218019568728190E-016  3.7090844211725075E-017  3.2508620694829934E-016 -2.1600544497320172E-016 -6.0702441043291478E-016  6.6025949857550702E-017 -9.2994438154110356E-016  6.8690523067998943E-002 -1.1979385672598161E-015 -3.2219502802708417E-016  1.8938682375356724E-016 -7.8324624320700598E-016  9.0088278735467294E-016  2.3462226818252945E-016  5.8179288467907127E-016 -1.2253909601199929E-016 -3.0143163429752642E-016  1.5833031750393078E-001 -2.7355382847703867E-016 -5.3107989630887088E-016  7.7471061118808325E-017 -2.9936104338999120E-016  5.1002409666678885E-016 -2.3225661565309350E-015  6.2765163242936762E-016 -1.0437604164628248E-015  5.5250133477059320E-016  2.1572249367968901E-001 -8.6059384181803955E-016  2.7574415811869568E-016 -1.7884106485216280E-016  8.6523862827218338E-016 -1.3872562227402361E-016  3.4326705156339121E-016 -1.8807465790099263E-016 -7.4031752321557133E-017  2.7716100326729214E-017 -9.2372355782781369E-017  7.6837495366252272E-016 -1.3655469293782699E-016  3.5238300371415837E-016 -3.3174405674661782E-016  1.1635389062336733E-016 -1.4719107356869532E-015 -9.0625492138103471E-016  3.0952429915750823E-015  1.8381833708907831E-016  2.4581971565684552E-015 -1.2333730028255891E-017  8.2894653433223045E-017 -3.1904338579753617E-017  8.6518477908950031E-017  3.2583068644274823E-015  1.0637929326123807E-016  1.6603157895553318E-015  8.8887308007098120E-018  1.5880160406124630E-016 -1.7574484879690489E-017  5.7625865358450400E-017  3.6594866472800160E-017  3.4073114990369011E-017 -6.6652999116180356E-017  3.1690519238881237E-001 -1.0221548592361105E-015 -8.1179328386290692E-016 -1.1478392269006583E-016  9.5470406667174720E-017  4.0170705900997499E-016  4.0379711292281674E-017  1.1026647746017592E-016  1.7880711669632107E-016 -6.4976393200965897E-018  1.8560088195782062E-016  8.8008463687740785E-017  9.7447557279292330E-017  4.3521595596706541E-017  2.0097527812675487E-016 -8.6484279155747309E-016 -8.0174098345407028E-016  6.3375141434955385E-016 -4.5248056931378676E-016 -6.6112160201644393E-016
