   1.7964611324480654E-004  -5.2162314328291495E-011  -5.8619095135191260E-013   5.5609388319305987E-012  -5.0653477502908479E-011  -1.8495291394663490E-011   1.0282033735480941E-010   1.7621838000766711E-009  -6.1203867677903517E-009   5.9769351675596338E-008   8.3649245249062306E-003   4.6999232709240447E-011   5.2391641778468467E-013  -5.0846769202045742E-012   4.5639208518781920E-011   1.6715609725157122E-011  -9.2632705034544741E-011   1.6625803932718163E-009  -5.7770916110942039E-009   5.6432688095942978E-008   1.3721136214508333E-002  -1.4509467452775139E-012   2.1747835644082332E-012  -2.1043981107805722E-011  -6.2272275484523302E-013  -3.9225023466952835E-013   2.5693688445355715E-012   4.7964227816003393E-012  -2.0038622090935948E-011  -8.6098582685166339E-012   3.0621140947179567E-011   5.7060327011064345E-011   6.2467283522323850E-013  -6.1378262491612548E-012   5.5414163311667384E-011   2.0269433849413932E-011  -1.1247256682266831E-010   7.6637548315199542E-010  -2.6641861451908543E-009   2.6027946195027641E-008  -6.9235406257648069E-003  -3.2360445759594437E-010   1.1203923719667651E-009  -1.0931457031035167E-008   1.2388545462951030E-011   1.3729072318075731E-013  -1.3418107620563420E-012   1.2034969309906411E-011   4.4068935638040620E-012  -2.4423769521549130E-011  -6.1310205595809429E-010   2.1212527207110978E-009  -2.0691852837616145E-008   9.8951247518782172E-004   2.2157517780666118E-003
  -5.2162314328291495E-011   2.6947741526256413E-016   2.6906680716783710E-018  -2.5994097568256606E-017   2.6146680209555345E-016   9.6078684811323555E-017  -5.3094538009841496E-016   4.3479969065116904E-010  -8.1465516192791524E-010   7.7414935656019736E-009  -2.4733420957506283E-009  -5.3863064152793418E-017  -3.4929819304075852E-019   4.3478099223602641E-018  -5.2483996752258229E-017  -1.7162683901996214E-017   1.0634540046884393E-016   4.0968825380661768E-010  -7.6752134628109799E-010   7.2936624869272796E-009  -4.0454635028006372E-009  -2.3703168713941238E-018   2.9286925459670180E-018  -2.8436016259206804E-017  -9.7512234615519659E-019  -5.9432533048664489E-019   4.1552724369110533E-018   6.4940695546976602E-018  -2.7075375985995219E-017  -1.1641205900317104E-017   4.1377246984442516E-017  -6.4905572568109461E-017  -6.2982736960910776E-019   6.6631332030524208E-018  -6.3142642133703649E-017  -2.2047325807382324E-017   1.2804754098912696E-016   1.8914781523072544E-010  -3.5489451480296072E-010   3.3720608148120559E-009   2.5031505221142271E-009  -8.0414601145873634E-011   1.4761063557466838E-010  -1.4053105152564718E-009  -6.1845493385118683E-018  -5.6845144577074219E-020   5.9685836046164951E-019  -6.0165007762325675E-018  -2.0989670509654936E-018   1.2201132034920614E-017  -1.5230448022531710E-010   2.7907185009415902E-010  -2.6573071727938764E-009  -4.6538279659969073E-010  -4.2390310403672381E-010
  -5.8619095135191260E-013   2.6906680716783710E-018   7.8118694327224523E-019  -7.5564649003327309E-018   2.6061771592642684E-018   2.8484041956681458E-018  -5.2968588044553953E-018  -4.0687402074610319E-010   9.3032951207774049E-011   1.1044432644697391E-010  -2.7794267852182340E-011  -5.7602675884576840E-019   1.9790504905003099E-020  -1.3123342482043405E-018  -6.8258405961278759E-019   1.4204917871752671E-019   1.2585904010257826E-018  -3.8339875323938854E-010   8.7679008993467578E-011   1.0405824269026169E-010  -4.5461246750669591E-011   7.8954070420246421E-019  -4.4911505858641057E-020  -4.5357100444309076E-019   3.3385216582729608E-019   2.2634614277268516E-019  -1.3931936544266199E-018  -1.1982263471216507E-019  -4.1829849595433887E-019   2.0564668017949986E-019   6.4987397487530593E-019  -7.6936579557176870E-019   1.2092496674045842E-019  -1.6777107863500356E-018  -8.0563142547739160E-019   1.7984884255572924E-019   1.5749905114881123E-018  -1.7686073367324763E-010   4.0357892297698976E-011   4.8090303245719293E-011   2.8119627494552163E-011   7.6096840996485458E-011  -1.7899209337065967E-011  -2.0154728102316127E-011  -6.9161366668824613E-020   2.9246524712266723E-021  -8.0658079236976565E-020  -7.3209442304442451E-020  -3.0177632518336312E-021   1.4237213216571858E-019   1.4426557724194786E-010  -3.4014588753319561E-011  -3.8128332219777115E-011  -5.2263058232643353E-012  -4.7619447835157361E-012
   5.5609388319305987E-012  -2.5994097568256606E-017  -7.5564649003327309E-018   7.7674832973140448E-017  -2.8365177552074007E-017  -9.9142901115309358E-018   5.4359406082251156E-017   4.1920777893578958E-009   1.1074288702445429E-010  -9.7635694604738174E-010   2.6367952647372842E-010   5.3908465579492948E-018  -3.6388521981485344E-019   1.3526351791708359E-017   6.3242869531211554E-018   1.9427868105226128E-018  -1.1714940773372881E-017   3.9500448161562519E-009   1.0433955040283438E-010  -9.1987731563456268E-010   4.3128109971106914E-010  -8.1448264006264292E-018  -4.7264617931333969E-019   4.4040437786143782E-018  -3.4759558187679066E-018  -2.1638751801361824E-018   1.4404016231123786E-017  -7.5765457927234606E-019   3.0744117113647688E-018   1.4891128012588292E-018  -5.5742942872752145E-018   7.3765424641818515E-018  -1.2498701330985860E-018   1.7320176501199738E-017   7.1848124992690308E-018   2.5271310938002117E-018  -1.4561292667881210E-017   1.8231971417509248E-009   4.8220242581628048E-011  -4.2527951875645243E-010  -2.6686135969514714E-010  -7.7807241938868303E-010  -2.0209588058757232E-011   1.7726641821964689E-010   6.5470302196599672E-019  -3.7852616734498777E-020   8.4596280181632610E-019   6.8015640975289679E-019   2.3153272178403164E-019  -1.3348718552314881E-018  -1.4741147748671327E-009  -3.8232177778074690E-011   3.3519856099525408E-010   4.9615185693265375E-011   4.5194307724571901E-011
  -5.0653477502908479E-011   2.6146680209555345E-016   2.6061771592642684E-018  -2.8365177552074007E-017   2.5591243002168811E-016   8.0944359684440286E-017  -5.1738036305164804E-016   2.4611821505289136E-010  -1.4943702071541091E-009   7.4467810861571913E-009  -2.4017980243362689E-009  -5.2165070273467759E-017  -2.1952327887162555E-019   3.6520262104668676E-018  -5.0757653176238132E-017  -1.8973566454655841E-017   1.0292111192817141E-016   2.3187266701532623E-010  -1.4080222626013666E-009   7.0159906645196106E-009  -3.9284443276254699E-009  -1.9511011029206692E-018   3.4717985178115489E-018  -2.7585433525013059E-017  -7.7641149692290507E-019  -5.9576332760641722E-019   3.3941000822704998E-018   7.6326412296466530E-018  -2.5578234447537608E-017  -1.3711688225100956E-017   3.9627298960788480E-017  -6.2965882263119509E-017  -5.5632786375693159E-019   5.7198299218621797E-018  -6.0876411341443901E-017  -2.4376168211818226E-017   1.2384164046151669E-016   1.0725287597050687E-010  -6.5033553532671030E-010   3.2437362006825421E-009   2.4307346419725308E-009  -4.4384616898285706E-011   2.7485077657145527E-010  -1.3515243155480415E-009  -5.9989412221838539E-018  -4.9464161916410382E-020   5.4421063601093686E-019  -5.8254037326593235E-018  -2.1862650568044658E-018   1.1824424347965412E-017  -8.3878072442811674E-011   5.2031424107906704E-010  -2.5555546620934117E-009  -4.5191775811839342E-010  -4.1163649488689741E-010
  -1.8495291394663490E-011   9.6078684811323555E-017   2.8484041956681458E-018  -9.9142901115309358E-018   8.0944359684440286E-017   1.0682828233005307E-016  -1.7702344780701745E-016   1.1084257353749078E-010   3.8526508837989185E-009   3.1995356801136708E-009  -8.7697763413186383E-010  -1.9826832692630712E-017  -7.2721805825350494E-019   1.3325801890146007E-018  -2.0016547734897447E-017   7.4954602447962648E-018   3.9842782457288595E-017   1.0443347540178019E-010   3.6302440152654243E-009   3.0144832719499811E-009  -1.4344078208087037E-009  -7.6488860181757744E-019  -2.6238674910494009E-018  -1.0592196549862023E-017  -4.3750972080614246E-019   4.6765603089187300E-019   1.4637053626983151E-018  -5.5047342478485486E-018  -1.3852968193355937E-017   1.0008233731813825E-017   1.8220971372185742E-017  -2.3489141240856854E-017  -2.1302659563864135E-019   2.1849875776171398E-018  -2.5089201552412528E-017   9.6342544330137694E-018   4.8578100013854760E-017   4.8263636607639215E-011   1.6754028218998163E-009   1.3934556595173626E-009   8.8754234925258932E-010  -2.0227854631585665E-011  -7.1612573576284407E-010  -5.8207269163817653E-010  -2.2306310294871736E-018  -4.3651954751182483E-020   2.0002981495047334E-019  -2.2450308980184475E-018   1.3811646347922948E-019   4.4756928549274060E-018  -3.8266746569926398E-011  -1.3569243071304470E-009  -1.1008544059443396E-009  -1.6501004373349417E-010  -1.5030348808664302E-010
   1.0282033735480941E-010  -5.3094538009841496E-016  -5.2968588044553953E-018   5.4359406082251156E-017  -5.1738036305164804E-016  -1.7702344780701745E-016   1.0483280369403298E-015  -6.8091734185507329E-010   2.3090253717888158E-009  -1.5188269877107474E-008   4.8753514086046249E-009   1.0602929836866418E-016   5.6883450710284198E-019  -7.9999620075665002E-018   1.0324278006653807E-016   3.6136667250407777E-017  -2.0926880633192315E-016  -6.4156038504858214E-010   2.1755436031733916E-009  -1.4309648662364939E-008   7.9742546332607166E-009   4.3213790268820302E-018  -6.4004344017078830E-018   5.6020897015842136E-017   1.7515171398356466E-018   1.1900782416054784E-018  -7.5493035624958761E-018  -1.4126585743024185E-017   5.2653083533182038E-017   2.5352669702835282E-017  -8.1003741207335495E-017   1.2787286498707217E-016   1.1861706139126062E-018  -1.2383113715656103E-017   1.2402042262325578E-016   4.6423997636241017E-017  -2.5189196070596137E-016  -2.9640047263940921E-010   1.0052301004812006E-009  -6.6157948799640646E-009  -4.9340438268902029E-009   1.2479895066534885E-010  -4.2246111255266509E-010   2.7568343044394275E-009   1.2183796086918038E-017   1.0631272293710664E-019  -1.1411024209594260E-018   1.1842201211887020E-017   4.2853416166837695E-018  -2.4026158618017716E-017   2.3618201950993841E-010  -7.9938547453547860E-010   5.2128608964479338E-009   9.1732046204209249E-010   8.3556791491285927E-010
   1.7621838000766711E-009   4.3479969065116904E-010  -4.0687402074610319E-010   4.1920777893578958E-009   2.4611821505289136E-010   1.1084257353749078E-010  -6.8091734185507329E-010  0.23923495400104597       -1.4340899377287236E-010   1.3849835169341132E-009  -1.1784641164931604E-009  -6.3918261806816688E-011  -2.2787434514604867E-011   7.9142842919365489E-010  -1.9488296696607661E-012  -8.6166963329429470E-012   6.5867976601888611E-011  0.22535925104783697       -6.4494442388924241E-012   6.0216083873915355E-011  -3.1497472313308505E-010  -4.7626435443523999E-010  -4.6973036289288057E-012   3.9075746632244240E-011  -2.0298328443943411E-010  -1.2635311060455680E-010   8.4199471291846411E-010   5.9048306903961637E-012  -2.5433518882999424E-011  -3.2252285250041088E-012  -1.0167973578673198E-011  -2.7311959927154757E-011  -7.4606365503029265E-011   1.0206504868664290E-009  -2.5794390126949506E-011  -9.6555271713885886E-012   5.3105699999623908E-011  0.10442360538573410       -1.9207670864474196E-011   1.8266807255774392E-010   1.9527925031811080E-010  -4.2104074899186834E-002   9.2562135384861845E-012  -8.8631935070159774E-011  -2.8153691692364352E-012  -2.8528854482094890E-012   5.5819422914291704E-011  -3.8117605688244152E-013  -4.6429125904168030E-013   3.1963520316270530E-012  -7.9393533258433610E-002   1.3507926485398571E-011  -1.2967653057193662E-010  -3.9682925943807154E-011  -3.1311754637456197E-011
  -6.1203867677903517E-009  -8.1465516192791524E-010   9.3032951207774049E-011   1.1074288702445429E-010  -1.4943702071541091E-009   3.8526508837989185E-009   2.3090253717888158E-009  -1.4340899377287236E-010  0.23923495443069995       -4.6001215179076055E-009   4.0104927740995588E-009   9.1560601564983432E-011  -3.4148694887427132E-011  -8.4887432623258824E-012   5.0470577861773705E-011   8.1664823780182065E-010  -1.4203168995206112E-010  -9.8898302902714188E-012  0.22535925107361693       -2.6123148354949520E-010   1.2286320252503807E-009   5.8761902856829604E-012  -2.2125082069114264E-010   8.7762465244130632E-011  -4.6899398256291730E-012   3.9056590591728932E-011  -3.1946488836313523E-012  -4.7240413958709023E-010  -1.3267561259919100E-010   8.5498514192678440E-010   3.3476443972916891E-011   1.3331974999864196E-010   8.0425507783797705E-013  -9.6022156242685814E-012   2.1245117524673994E-012   1.0498457176872535E-009  -1.3544412744852262E-010  -2.0576495861991340E-011  0.10442360544345734       -6.2068098013417344E-010  -7.1723574991329605E-010   9.7622222471991298E-012  -4.2104074927388671E-002   3.0137867632123743E-010   5.8582447816993198E-012  -1.2865831426048350E-012  -4.5536840011811486E-013   8.4874561154842209E-013   5.7186875904955278E-011  -6.7069173704117499E-012   1.4520504088225532E-011  -7.9393533300238517E-002   4.4536884494086838E-010   1.4880378435639421E-010   1.1436716982018461E-010
   5.9769351675596338E-008   7.7414935656019736E-009   1.1044432644697391E-010  -9.7635694604738174E-010   7.4467810861571913E-009   3.1995356801136708E-009  -1.5188269877107474E-008   1.3849835169341132E-009  -4.6001215179076055E-009  0.23923499848206398       -3.8931535903556000E-008  -1.2234449443625720E-009  -8.3418688613788387E-012   4.2746771745080363E-011  -1.2010143428344505E-009  -2.9179623336489791E-010   2.4244592229890531E-009   9.9578833922254799E-011  -2.8053737330508597E-010  0.22535925367877277       -1.2514407158004933E-008  -5.9143103644906340E-011   8.7355158209812210E-011  -1.0639770925151776E-009  -2.4918138846126804E-011  -1.0743626226771173E-011   1.0426593940702536E-010   1.9446259644597843E-010  -1.0323181089373704E-009  -3.4825459548760070E-010   1.5625323231619609E-009  -1.4674991838516131E-009  -9.4591996676774932E-012   9.1314955406304890E-011  -1.4419887751884656E-009  -3.8460679312240162E-010   2.9094846687708093E-009   1.9839207723232329E-010  -6.2856632325051704E-010  0.10442361140833911        7.1753347654229940E-009  -9.4427074609349430E-011   3.0422788961131507E-010  -4.2104077824857325E-002  -7.3783481065697905E-011  -4.3975744587278080E-013   2.7429101442001167E-012  -7.2586800608841488E-011  -1.7303733674409088E-011   1.4637058888415359E-010  -1.4128579567976919E-010   4.5112383491141745E-010  -7.9393537588903856E-002  -1.4997474317470833E-009  -1.1424947413457175E-009
   8.3649245249062306E-003  -2.4733420957506283E-009  -2.7794267852182340E-011   2.6367952647372842E-010  -2.4017980243362689E-009  -8.7697763413186383E-010   4.8753514086046249E-009  -1.1784641164931604E-009   4.0104927740995588E-009  -3.8931535903556000E-008  0.39744076852271509        2.2240982278714835E-009   2.4790749606210907E-011  -2.4061924165722489E-010   2.1597345144329208E-009   7.9101791651867180E-010  -4.3835664175525961E-009  -1.0050574147421500E-009   3.2807763581681046E-009  -3.1046587929832692E-008  0.64983482651266966       -6.8866911316149617E-011   1.0322280443289453E-010  -9.9881955560424660E-010  -2.9556653901855104E-011  -1.8617390442410486E-011   1.2195115142232598E-010   2.2765481556846194E-010  -9.5110165459245823E-010  -4.0865371046920271E-010   1.4533843483662082E-009   2.7185661948537377E-009   2.9772619977634850E-011  -2.9243161332226136E-010   2.6401438580666160E-009   9.6570990672774565E-010  -5.3586192470159869E-009  -5.3819950096905047E-010   1.7552413477787271E-009  -1.6656037230193799E-008 -0.41239083584129066        2.2685218752971305E-010  -7.1552155659031617E-010   6.7012357501195357E-009   6.1739435353553642E-010   6.8766447810051875E-012  -6.6818243824152636E-011   5.9979730024997512E-010   2.1957185758068229E-010  -1.2172033492451904E-009   4.0370737108029272E-010  -1.3027808880103342E-009   1.2313131199248349E-008   7.8473885798826845E-002   6.8335980044911968E-002
   4.6999232709240447E-011  -5.3863064152793418E-017  -5.7602675884576840E-019   5.3908465579492948E-018  -5.2165070273467759E-017  -1.9826832692630712E-017   1.0602929836866418E-016  -6.3918261806816688E-011   9.1560601564983432E-011  -1.2234449443625720E-009   2.2240982278714835E-009   1.8767751261967642E-017   1.7451585211062890E-019  -1.7809681602727532E-018   1.8260086917716842E-017   6.2384123252616148E-018  -3.7026340266937644E-017  -6.0302424989686685E-011   8.6180184951975836E-011  -1.1521348651162618E-009   3.6391054236489569E-009   4.6383245485878758E-020   4.7415515556485999E-020  -1.2476873007062460E-019   1.4383073025077828E-020  -5.8964356745326855E-022  -7.6618352895096813E-020   9.6968551101432333E-020  -8.6856355473804618E-020  -1.7753333685802528E-019   1.5749334207824683E-019   2.2764005671807196E-017   2.3514241137770042E-019  -2.3789159661482036E-018   2.2144639366314978E-017   7.7706899429267348E-018  -4.4908118994196255E-017  -2.7355199045684184E-011   4.0381119895984204E-011  -5.3610283940633958E-010  -2.1881001616370407E-009   1.4571980079023921E-011  -1.3576288093998571E-011   2.0261556705940186E-010   3.8086174502552739E-018   4.0018509859838620E-020  -3.9259707492305792E-019   3.7017738849541936E-018   1.3315996529324631E-018  -7.5104575486018792E-018   2.8050232911831188E-011  -2.5162781385245499E-011   3.7987271689706574E-010   3.9628664807921910E-010   3.5880810356463227E-010
   5.2391641778468467E-013  -3.4929819304075852E-019   1.9790504905003099E-020  -3.6388521981485344E-019  -2.1952327887162555E-019  -7.2721805825350494E-019   5.6883450710284198E-019  -2.2787434514604867E-011  -3.4148694887427132E-011  -8.3418688613788387E-012   2.4790749606210907E-011   1.7451585211062890E-019   8.9980231706794445E-021  -9.1093311619506953E-020   1.6967774675088861E-019  -5.5921705862929742E-020  -3.4417689624445644E-019  -2.1343804975734877E-011  -3.2247069351083421E-011  -7.8580400642386270E-012   4.0563601435979686E-011   4.2547675221545136E-020   3.5350122038687065E-020  -4.1460753380194714E-020   1.9135445196622171E-020   5.7563057131289055E-021  -7.6222503315610511E-020   7.4125707305357248E-020  -2.0213182209876969E-021  -1.3479135771169990E-019   3.2407899917354200E-020   2.0425239954277664E-019   8.9763617981163654E-021  -1.1653117504681055E-019   2.1705823370812478E-019  -7.5801499074229685E-020  -4.2130480699115693E-019  -1.0672545916195720E-011  -1.4435154283501324E-011  -3.6411191421578339E-012  -2.4362267713686780E-011  -4.2048640945679314E-013   8.8807049388811100E-012   1.4682511235361795E-012   4.0216889169986810E-020   1.6581098318311098E-021  -1.7911226991657802E-020   3.8936162629025938E-020   1.1489265310877165E-020  -7.9153784368010138E-020  -1.5564524075438675E-012   1.7240593207502832E-011   2.7686290012386249E-012   4.4075173626617585E-012   3.9909885865451417E-012
  -5.0846769202045742E-012   4.3478099223602641E-018  -1.3123342482043405E-018   1.3526351791708359E-017   3.6520262104668676E-018   1.3325801890146007E-018  -7.9999620075665002E-018   7.9142842919365489E-010  -8.4887432623258824E-012   4.2746771745080363E-011  -2.4061924165722489E-010  -1.7809681602727532E-018  -9.1093311619506953E-020   2.7740142520948949E-018  -1.5319495833841003E-018  -5.8903303937905352E-019   3.3127585914304080E-018   7.4490983489047679E-010  -7.9964172123250165E-012   4.0189035929280508E-011  -3.9370425236747664E-010  -1.5459399035027973E-018  -5.4578963167447036E-020   5.4065501917139254E-019  -6.5844675129991874E-019  -4.1037615656164097E-019   2.7326614546993806E-018  -6.6744556645474168E-020   3.1167457263486587E-019   1.4412723886848286E-019  -6.3527883639486957E-019  -2.0023307648462876E-018  -2.6582469802111040E-019   3.5663248673620153E-018  -1.9398538526675534E-018  -7.2209302983704138E-019   3.9421268679548132E-018   3.4911489024208771E-010  -3.7050989634537355E-012   1.9125265748507064E-011   2.3676416139350888E-010  -1.1692387668898689E-010   1.4948892218597494E-012  -4.6748151047932088E-012  -3.9473369944037809E-019  -1.7144043294412839E-020   2.6783387280779773E-019  -3.7654006370275324E-019  -1.3849609195522237E-019   7.7128022393266965E-019  -2.1662371709136493E-010   2.8189950705031626E-012  -8.3242156070807118E-012  -4.2887281504169550E-011  -3.8827657888403708E-011
   4.5639208518781920E-011  -5.2483996752258229E-017  -6.8258405961278759E-019   6.3242869531211554E-018  -5.0757653176238132E-017  -2.0016547734897447E-017   1.0324278006653807E-016  -1.9488296696607661E-012   5.0470577861773705E-011  -1.2010143428344505E-009   2.1597345144329208E-009   1.8260086917716842E-017   1.6967774675088861E-019  -1.5319495833841003E-018   1.7788411228578536E-017   5.9396310412755182E-018  -3.6047043283339561E-017  -1.7902769436385818E-012   4.7684587826799969E-011  -1.1310049356402451E-009   3.5337938965216597E-009  -7.2100111719820338E-020   7.5879399264579106E-020  -6.7785359794594109E-020  -3.4811252268187601E-020  -3.7980087898761580E-020   1.3154733872568200E-019   1.6143005544379484E-019  -1.3239428693334388E-020  -2.9247068762525800E-019   6.0154184644844873E-020   2.2156741346760409E-017   2.0997261252365294E-019  -2.0561804966731426E-018   2.1574783291833259E-017   7.3967870487988069E-018  -4.3731013853418777E-017  -1.1216165458526374E-012   2.1188367117048681E-011  -5.2631399205124683E-010  -2.1247101047871744E-009  -1.3106920052678039E-012  -1.4018069522369498E-011   1.9865643667158564E-010   3.7003262758762325E-018   3.8997954821220886E-020  -3.7658972665405303E-019   3.6001960646623097E-018   1.2702622321887449E-018  -7.3005867244001750E-018  -2.7564751323169865E-012  -2.7318143252769926E-011   3.7240520866271698E-010   3.8479434106880573E-010   3.4840026254921878E-010
   1.6715609725157122E-011  -1.7162683901996214E-017   1.4204917871752671E-019   1.9427868105226128E-018  -1.8973566454655841E-017   7.4954602447962648E-018   3.6136667250407777E-017  -8.6166963329429470E-012   8.1664823780182065E-010  -2.9179623336489791E-010   7.9101791651867180E-010   6.2384123252616148E-018  -5.5921705862929742E-020  -5.8903303937905352E-019   5.9396310412755182E-018   4.7219068751435401E-018  -1.2177512229830134E-017  -8.1169387577021005E-012   7.6866713441512783E-010  -2.7475192582781093E-010   1.2942756068082354E-009  -2.7706712810120724E-020  -6.5678872154099172E-019  -3.9171378687465709E-019  -3.7149416059154615E-020   1.1402939426161105E-019   7.4318484491827262E-020  -1.3981671463918051E-018  -1.0861124916620852E-018   2.5324141457179433E-018   1.1014485962847725E-018   7.6520490360859581E-018   7.5719196241446131E-020  -7.6243416194429597E-019   7.0182960931905834E-018   5.9700477408977793E-018  -1.4670159563185994E-017  -3.7610059117132967E-012   3.6012155952541832E-010  -1.2808025746252210E-010  -7.7824637961921152E-010   1.5170607089944284E-012  -1.2137168316746668E-010   4.6995936598392600E-011   1.3312237981404355E-018   1.0206441475505675E-020  -1.3843930374472309E-019   1.2717842772722903E-018   6.9150730026861386E-019  -2.6030312136400151E-018   2.8607427995654327E-012  -2.2501231642722488E-010   8.7866767809576481E-011   1.4095375297041116E-010   1.2761760347275203E-010
  -9.2632705034544741E-011   1.0634540046884393E-016   1.2585904010257826E-018  -1.1714940773372881E-017   1.0292111192817141E-016   3.9842782457288595E-017  -2.0926880633192315E-016   6.5867976601888611E-011  -1.4203168995206112E-010   2.4244592229890531E-009  -4.3835664175525961E-009  -3.7026340266937644E-017  -3.4417689624445644E-019   3.3127585914304080E-018  -3.6047043283339561E-017  -1.2177512229830134E-017   7.3070430958111425E-017   6.2093543771695921E-011  -1.3386526998047988E-010   2.2831397245742009E-009  -7.1724621557248266E-009   2.5668918654789586E-020  -1.2322524269054509E-019   1.9188417184091423E-019   2.0407621038269311E-020   3.8556700371913483E-020  -5.4844099173052879E-020  -2.5824491962579800E-019   9.9458091177017034E-020   4.6972815988162370E-019  -2.1667289175604323E-019  -4.4918932187520306E-017  -4.4509545563807557E-019   4.4349050623833300E-018  -4.3717659882813271E-017  -1.5166834585591126E-017   8.8635555302602380E-017   2.8477154009505908E-011  -6.1569612885455211E-011   1.0624168969183659E-009   4.3126081260795947E-009  -1.3261736354659144E-011   2.7595039224435571E-011  -4.0127142190940988E-010  -7.5085561949698202E-018  -7.9012120271738024E-020   7.6914441434045205E-019  -7.3015936343393073E-018  -2.6017228953610342E-018   1.4810280418850923E-017  -2.5294653485817696E-011   5.2482311886588969E-011  -7.5227673013354658E-010  -7.8105553545091895E-010  -7.0715840429889246E-010
   1.6625803932718163E-009   4.0968825380661768E-010  -3.8339875323938854E-010   3.9500448161562519E-009   2.3187266701532623E-010   1.0443347540178019E-010  -6.4156038504858214E-010  0.22535925104783697       -9.8898302902714188E-012   9.9578833922254799E-011  -1.0050574147421500E-009  -6.0302424989686685E-011  -2.1343804975734877E-011   7.4490983489047679E-010  -1.7902769436385818E-012  -8.1169387577021005E-012   6.2093543771695921E-011  0.21247309455246136        1.1187347292960678E-010  -1.0785473637909183E-009  -1.2408929294803218E-010  -4.4825461821793256E-010  -4.4192118172786106E-012   3.6776026404397384E-011  -1.9104525671154573E-010  -1.1892062456630844E-010   7.9247546681794984E-010   5.5595403134013948E-012  -2.3941589802099562E-011  -3.0401050529586385E-012  -9.5658938109825064E-012  -2.5560900280963284E-011  -7.0493798089984367E-011   9.6255563957958861E-010  -2.4370297740024216E-011  -9.0930666799779049E-012   4.9930568750495458E-011   9.7267043337870882E-002   3.6539700315218568E-011  -3.5380849379466122E-010   8.2611114691972225E-011  -4.6374751514582230E-002  -1.3430186589813655E-011   1.2977783066839501E-010  -2.8036592939089398E-012  -1.6175962234017067E-012   3.9787730305189095E-011  -2.7572359066861910E-013  -4.3586665562127148E-013   3.0791875829671017E-012  -8.8603301085116562E-002  -2.9184765581872060E-011   2.8125777083340030E-010  -1.9319111874052933E-011  -1.5276353714801153E-011
  -5.7770916110942039E-009  -7.6752134628109799E-010   8.7679008993467578E-011   1.0433955040283438E-010  -1.4080222626013666E-009   3.6302440152654243E-009   2.1755436031733916E-009  -6.4494442388924241E-012  0.22535925107361693       -2.8053737330508597E-010   3.2807763581681046E-009   8.6180184951975836E-011  -3.2247069351083421E-011  -7.9964172123250165E-012   4.7684587826799969E-011   7.6866713441512783E-010  -1.3386526998047988E-010   1.1187347292960678E-010  0.21247309421974603        3.5719229308314206E-009   3.4293541489688057E-010   5.5330621461294162E-012  -2.0823900505948784E-010   8.2610906370717037E-011  -4.4128977243358715E-012   3.6757914217372663E-011  -3.0112618872067181E-012  -4.4462104053940157E-010  -1.2486168410708612E-010   8.0470218643280342E-010   3.1492008069235045E-011   1.2568529290021407E-010   8.9519981427477493E-013  -9.0427685824402956E-012   1.7283756278239930E-012   9.9004896036599374E-010  -1.2741355669276641E-010   3.6747541073960414E-011   9.7267043226867148E-002   1.1838845201061423E-009  -1.8182220217437760E-010  -1.3583446031100704E-011  -4.6374751474093846E-002  -4.3344856548651300E-010   4.8845079764156096E-012  -1.3476894546943881E-012  -4.2742640646569999E-013   2.0190449066853119E-012   4.1070466424641514E-011  -6.9034845913036453E-012  -2.9422767211207530E-011  -8.8603300997658202E-002  -9.3739905446510047E-010   4.9935235041315196E-011   3.4109438408481120E-011
   5.6432688095942978E-008   7.2936624869272796E-009   1.0405824269026169E-010  -9.1987731563456268E-010   7.0159906645196106E-009   3.0144832719499811E-009  -1.4309648662364939E-008   6.0216083873915355E-011  -2.6123148354949520E-010  0.22535925367877277       -3.1046587929832692E-008  -1.1521348651162618E-009  -7.8580400642386270E-012   4.0189035929280508E-011  -1.1310049356402451E-009  -2.7475192582781093E-010   2.2831397245742009E-009  -1.0785473637909183E-009   3.5719229308314206E-009  0.21247306003552482       -2.5766179657800901E-009  -5.5669466065230851E-011   8.2227036990416090E-011  -1.0014904618246200E-009  -2.3455885225924404E-011  -1.0117690935969525E-011   9.8143351673563930E-011   1.8304629800334496E-010  -9.7169219349577199E-010  -3.2780987277842820E-010   1.4707667056525605E-009  -1.3827728017853770E-009  -8.9078995600275121E-012   8.6128864046775494E-011  -1.3587491919351123E-009  -3.6242519257879939E-010   2.7415188852532800E-009  -3.5613136100843465E-010   1.1848626811074235E-009   9.7267031874368498E-002   1.1215240138482481E-009   1.3150378530397649E-010  -4.3428069829867900E-010  -4.6374747319442869E-002  -6.1962996392035901E-011  -4.1273372847999395E-013   2.4302510910962100E-012  -6.0840371381280303E-011  -1.5174186483739943E-011   1.2280365637370893E-010   2.8391198465475689E-010  -9.3862642902701775E-010  -8.8603292015468987E-002  -3.7503902545680189E-010  -2.1808305331957555E-010
   1.3721136214508333E-002  -4.0454635028006372E-009  -4.5461246750669591E-011   4.3128109971106914E-010  -3.9284443276254699E-009  -1.4344078208087037E-009   7.9742546332607166E-009  -3.1497472313308505E-010   1.2286320252503807E-009  -1.2514407158004933E-008  0.64983482651266966        3.6391054236489569E-009   4.0563601435979686E-011  -3.9370425236747664E-010   3.5337938965216597E-009   1.2942756068082354E-009  -7.1724621557248266E-009  -1.2408929294803218E-010   3.4293541489688057E-010  -2.5766179657800901E-009   1.0630890454223176       -1.1261910069793459E-010   1.6880177975272616E-010  -1.6333847423609960E-009  -4.8334413055557202E-011  -3.0445349669631921E-011   1.9942853246023630E-010   3.7228732465872393E-010  -1.5553509725454529E-009  -6.6827750767940131E-010   2.3767414554114406E-009   4.4426384576786219E-009   4.8650676094761220E-011  -4.7788619851370411E-010   4.3144798053061251E-009   1.5781483116116279E-009  -8.7569696143354326E-009  -1.8084418069591866E-010   5.5214556457548439E-010  -4.9665109511961474E-009 -0.64913277589567775        6.2414036385939427E-011  -1.8979017111712557E-010   1.6926067866202703E-009   1.0007976698247337E-009   1.1137105678861519E-011  -1.0832744413766303E-010   9.7226600033639219E-010   3.5594070946591354E-010  -1.9730827437325960E-009   7.4020590107982934E-011  -2.7262570423289743E-010   2.5915493415636532E-009  0.11912493345619465       0.11277830187676895     
  -1.4509467452775139E-012  -2.3703168713941238E-018   7.8954070420246421E-019  -8.1448264006264292E-018  -1.9511011029206692E-018  -7.6488860181757744E-019   4.3213790268820302E-018  -4.7626435443523999E-010   5.8761902856829604E-012  -5.9143103644906340E-011  -6.8866911316149617E-011   4.6383245485878758E-020   4.2547675221545136E-020  -1.5459399035027973E-018  -7.2100111719820338E-020  -2.7706712810120724E-020   2.5668918654789586E-020  -4.4825461821793256E-010   5.5330621461294162E-012  -5.5669466065230851E-011  -1.1261910069793459E-010   9.7565478710734645E-019  -3.5570682269533457E-020   3.6059152940632982E-019   4.1561069334237244E-019   2.5860122941077167E-019  -1.7246601553144370E-018  -1.1092519154898689E-019   4.6760213551432048E-019   1.8439162497942919E-019  -6.1731104813443411E-019  -5.0301059537012243E-020   1.4527529353913221E-019  -2.0017054530944884E-018  -4.9761054164492200E-020  -2.7258530455575771E-020   1.0004844757639305E-019  -2.1018415540029420E-010   2.5786260924460635E-012  -2.6073196100475458E-011   7.0720676580094466E-011   6.9785931158471219E-011  -9.5038976254358472E-013   8.8353384720817942E-012  -8.1277526316993343E-020   6.8068344423963908E-021  -1.2704686462102878E-019  -8.3033326425876355E-020  -3.0923007350892005E-020   1.6431316491203810E-019   1.2917340233762288E-010  -1.7776633043610293E-012   1.6389194351058455E-011  -1.3320575623798267E-011  -1.2142479843574592E-011
   2.1747835644082332E-012   2.9286925459670180E-018  -4.4911505858641057E-020  -4.7264617931333969E-019   3.4717985178115489E-018  -2.6238674910494009E-018  -6.4004344017078830E-018  -4.6973036289288057E-012  -2.2125082069114264E-010   8.7355158209812210E-011   1.0322280443289453E-010   4.7415515556485999E-020   3.5350122038687065E-020  -5.4578963167447036E-020   7.5879399264579106E-020  -6.5678872154099172E-019  -1.2322524269054509E-019  -4.4192118172786106E-012  -2.0823900505948784E-010   8.2227036990416090E-011   1.6880177975272616E-010  -3.5570682269533457E-020   2.6361275760550599E-019  -7.3018096014450125E-019  -8.4483596091456383E-021  -4.2428301755023600E-020   5.6171143636673125E-020   5.6732959706692284E-019  -5.0090914543863816E-019  -1.0247076049023184E-018   9.1761686521461696E-019   4.7584088760896058E-020   5.1243987761652041E-021  -5.3756504669405108E-020   1.5747229283569402E-019  -8.5929077307667027E-019  -2.0503411447820364E-019  -2.0839472709830282E-012  -9.7640602412344492E-011   3.8495647619517428E-011  -1.0600289121098361E-010   6.2151428375319373E-013   3.2428067988459442E-011  -1.3140313654152180E-011   1.2453550134976773E-019   2.7671759163415097E-021  -1.7325235193830229E-020   1.2680432431684806E-019  -1.5094213839395015E-020  -2.5134282017298700E-019   1.1365995619975722E-012   6.0025986779338962E-011  -2.4393101191074229E-011   1.9966399751009662E-011   1.8200616130053387E-011
  -2.1043981107805722E-011  -2.8436016259206804E-017  -4.5357100444309076E-019   4.4040437786143782E-018  -2.7585433525013059E-017  -1.0592196549862023E-017   5.6020897015842136E-017   3.9075746632244240E-011   8.7762465244130632E-011  -1.0639770925151776E-009  -9.9881955560424660E-010  -1.2476873007062460E-019  -4.1460753380194714E-020   5.4065501917139254E-019  -6.7785359794594109E-020  -3.9171378687465709E-019   1.9188417184091423E-019   3.6776026404397384E-011   8.2610906370717037E-011  -1.0014904618246200E-009  -1.6333847423609960E-009   3.6059152940632982E-019  -7.3018096014450125E-019   7.2840978451161444E-018   1.5026966397559961E-019   8.8265483133023973E-020  -6.3404365505241090E-019  -1.6100496814058710E-018   6.9317947393612117E-018   2.8902682711734670E-018  -1.0596104111892178E-017  -2.6182045889149491E-019  -4.4628201456946251E-020   4.9214884784243189E-019  -2.2596172875731702E-019  -3.3344361926157095E-019   4.8756845206349080E-019   1.7254541454775557E-011   3.8672322148778498E-011  -4.6903192559141964E-010   1.0257023120033256E-009  -5.6664900638481469E-012  -1.3218775762596930E-011   1.5907877489985444E-010  -1.1861798685586706E-018  -1.6360314109495331E-020   1.6594393486004650E-019  -1.1494974233306793E-018  -4.4367548709957178E-019   2.3357053582968842E-018  -1.0476393030413474E-011  -2.4542221337326124E-011   2.9511149748974134E-010  -1.9319554934853025E-010  -1.7610089338077694E-010
  -6.2272275484523302E-013  -9.7512234615519659E-019   3.3385216582729608E-019  -3.4759558187679066E-018  -7.7641149692290507E-019  -4.3750972080614246E-019   1.7515171398356466E-018  -2.0298328443943411E-010  -4.6899398256291730E-012  -2.4918138846126804E-011  -2.9556653901855104E-011   1.4383073025077828E-020   1.9135445196622171E-020  -6.5844675129991874E-019  -3.4811252268187601E-020  -3.7149416059154615E-020   2.0407621038269311E-020  -1.9104525671154573E-010  -4.4128977243358715E-012  -2.3455885225924404E-011  -4.8334413055557202E-011   4.1561069334237244E-019  -8.4483596091456383E-021   1.5026966397559961E-019   1.7725935053850135E-019   1.0903674513274947E-019  -7.3488993073930868E-019  -3.2939539839354431E-020   2.0252617972923278E-019   5.2642920822219469E-020  -2.6296353068245387E-019  -2.8617838924578687E-020   6.1869240004844354E-020  -8.5257311000820417E-019  -2.4383395965563375E-020  -4.4115961236157722E-020   5.2995354970414688E-020  -8.9582089916660578E-011  -2.0770259447973835E-012  -1.0977658734819542E-011   3.0353941181096148E-011   2.9731325167368590E-011   6.4284152510369766E-013   3.7681814449160953E-012  -3.5305667044154890E-020   2.9330523964437814E-021  -5.4116026900108898E-020  -3.5832092221627389E-020  -1.5458664593209141E-020   7.1138748945922755E-020   5.5030181236030130E-011   1.1807138097070157E-012   6.9990977324332714E-012  -5.7175550556802094E-012  -5.2130291596490525E-012
  -3.9225023466952835E-013  -5.9432533048664489E-019   2.2634614277268516E-019  -2.1638751801361824E-018  -5.9576332760641722E-019   4.6765603089187300E-019   1.1900782416054784E-018  -1.2635311060455680E-010   3.9056590591728932E-011  -1.0743626226771173E-011  -1.8617390442410486E-011  -5.8964356745326855E-022   5.7563057131289055E-021  -4.1037615656164097E-019  -3.7980087898761580E-020   1.1402939426161105E-019   3.8556700371913483E-020  -1.1892062456630844E-010   3.6757914217372663E-011  -1.0117690935969525E-011  -3.0445349669631921E-011   2.5860122941077167E-019  -4.2428301755023600E-020   8.8265483133023973E-020   1.0903674513274947E-019   7.4529443949584634E-020  -4.5600575174221029E-019  -9.9712135544649375E-020   8.2686651523472181E-020   1.7619613816617483E-019  -1.2742236977088719E-019  -2.5164859450518249E-020   3.8419795380103980E-020  -5.3041146018070685E-019  -4.4924919147285584E-020   1.4833663294157270E-019   7.0086029555827869E-020  -5.5770821211545755E-011   1.7246545833528892E-011  -4.7061447171874567E-012   1.9116176566407091E-011   1.8460001851453757E-011  -5.6608734829766293E-012   1.7891310605065721E-012  -2.2950895348659483E-020   1.6217716858585879E-021  -3.3758535169137883E-020  -2.4488486611242239E-020   2.4281350133277642E-021   4.7440023403615947E-020   3.4158144356743052E-011  -1.0465415243592029E-011   3.3561506534510031E-012  -3.6002286244274120E-012  -3.2819029064118627E-012
   2.5693688445355715E-012   4.1552724369110533E-018  -1.3931936544266199E-018   1.4404016231123786E-017   3.3941000822704998E-018   1.4637053626983151E-018  -7.5493035624958761E-018   8.4199471291846411E-010  -3.1946488836313523E-012   1.0426593940702536E-010   1.2195115142232598E-010  -7.6618352895096813E-020  -7.6222503315610511E-020   2.7326614546993806E-018   1.3154733872568200E-019   7.4318484491827262E-020  -5.4844099173052879E-020   7.9247546681794984E-010  -3.0112618872067181E-012   9.8143351673563930E-011   1.9942853246023630E-010  -1.7246601553144370E-018   5.6171143636673125E-020  -6.3404365505241090E-019  -7.3488993073930868E-019  -4.5600575174221029E-019   3.0488901990621372E-018   1.8176302986272523E-019  -8.2987898080972584E-019  -3.0003227065076235E-019   1.0911645587347088E-018   9.6104195674195276E-020  -2.5678744013152040E-019   3.5382942099923291E-018   9.1146011002191450E-020   8.0683311122700443E-020  -1.8722599183393828E-019   3.7159016507381777E-010  -1.3830845882079232E-012   4.5958194320737964E-011  -1.2523546204024280E-010  -1.2336015922654189E-010   6.3148302263737091E-013  -1.5621193557367665E-011   1.4434979588722005E-019  -1.2066634606037881E-020   2.2458539361055096E-019   1.4723233040741126E-019   5.6944094669458655E-020  -2.9158621809101783E-019  -2.2833583578895336E-010   1.2026878047850899E-012  -2.8985814354796970E-011   2.3588929460520390E-011   2.1503869329049760E-011
