 4.2597704722488277E-006  3.3541372049574729E-018  7.6149393325848994E-019  6.6885629396247243E-018 -3.6804557130087591E-017 -3.0410980249808945E-005 -2.1054339656292459E-017  2.0143701459482086E-018 -3.5326279659114303E-016  6.5272402634895557E-017 -5.5582994666652020E-017  4.4056614824224951E-016 -4.4082088771698085E-016 -7.2562626626920684E-017 -6.1704463990332235E-016  9.7722776936137626E-017 -8.9128960508995115E-017  7.5283513397720122E-016 -7.7106527077128379E-016 -1.2550586039483671E-016 -5.0736024725707418E-004 -3.1392762235482286E-016 -5.6416090305362031E-017  1.0638251239843730E-016  1.2821482604950887E-018 -5.7919575669074748E-019  4.5088054248234689E-017  1.2329630183326843E-018  3.7939353429927212E-017 -2.1765240820561309E-018  4.0432527804290546E-020  7.3661508287441756E-019  1.5305125391139685E-019 -6.3516235431849401E-016 -2.5188407990092651E-003 -1.5495052780075715E-015 -2.6963493981171744E-016 -1.0201558621710396E-015  1.7369066761213542E-016 -1.5361226002372295E-016  1.2365730462758065E-015 -1.2606647346085633E-015 -2.1405926031702725E-016  1.9092037739650923E-018 -2.0759272436176588E-019 -7.0405765299135676E-019 -1.3156412011126587E-018  9.9097733447982645E-020 -7.9823341052257315E-019 -4.3887044784929754E-019 -5.3864150996628178E-020 -1.5571443616945712E-019  4.3014931457427044E-019  1.6288333877151985E-018 -3.0459796401773603E-019 -9.2978590144559967E-019  3.3010175476919760E-020  1.7575442559906579E-018 -1.2699025643570720E-015 -3.2037406211167266E-017  2.2861026247802146E-018  2.2546610425611835E-019 -6.1323435501020865E-018  1.6873279708671560E-021 -1.1996381112518721E-017 -3.0631011625883912E-018  9.3390552926752161E-019  1.7748507665361407E-018 -8.4473691403998580E-019  9.9519769816547606E-016 -2.6843988642537980E-016
 3.3541372049574729E-018  4.2597704723004010E-006 -3.2865575533569618E-018 -1.4998189775932250E-018 -2.8957172078261528E-017 -1.1244047958065015E-017 -3.0410980250021073E-005  1.2072624675038970E-017  1.9179499605683305E-016  1.0712541415936272E-016 -2.5606810385527855E-016 -2.2242303495528028E-016  7.4535796043833401E-017  8.2989720480579457E-017  3.0742357442050684E-016  1.8194753300294712E-016 -4.3609445854009865E-016 -4.0134739927336753E-016  1.2428749724433888E-016  1.3606453485036404E-016 -8.7540126086172612E-017 -5.0736024726011787E-004  4.8666282607368919E-017  1.0159000760222661E-018  3.8035116969799426E-017  6.3924210832295881E-019  7.6720369574257271E-019 -6.8041730857719933E-019 -3.3782667028743750E-019  1.0020979659360585E-016  2.3376703659510146E-018  3.5387139936030675E-017  1.4420052603728806E-018  1.5898526923691620E-015 -4.3109768430231304E-016 -2.5188407990245289E-003  3.3544594871161329E-016  4.8551779843868990E-016  3.0458202998237585E-016 -7.2356893041417864E-016 -6.8602708844837347E-016  2.0801100133158902E-016  1.8989689645134716E-016  6.2367588535527922E-018 -2.0522060150450937E-020  6.5822688788052921E-019  3.1062077901609358E-018 -3.3423232388705756E-019  3.3379818725216583E-018  2.0807994823857485E-019  2.9049765732587348E-019  1.2339854411378869E-019  3.5921238842716739E-019  6.6643506974382136E-018 -2.3576324258820600E-019  3.3151517367404653E-018 -8.7105478285016968E-020  6.8034077468217965E-018  3.3202022902457891E-015 -4.8126608960914569E-019 -9.1496327121651124E-018 -8.8965791542657062E-019  1.6066135972458820E-018 -4.7955318813862486E-019  3.7695706329117767E-019 -1.9923259090775592E-017 -2.6429486682143070E-019 -1.2883644966386687E-017 -4.4354421525838687E-019 -2.5661722032820965E-015  6.9159558173519437E-016
 7.6149393325848994E-019 -3.2865575533569618E-018  4.2597704722900926E-006 -4.4259110858464245E-017  1.7547400228579903E-016 -1.2979954358769396E-018  2.2388728746231703E-017 -3.0410980249980984E-005 -2.9805447187460978E-016  5.7209343491851497E-017  1.1991745445658695E-016  2.6261057012884710E-016  5.3077858055370253E-016 -8.9074263368666981E-018 -4.9796080671886191E-016  8.6553428021027734E-017  2.0112202364209389E-016  4.6636132404298305E-016  9.2041438362464892E-016 -3.7650563172336354E-019 -3.8099012409931342E-017  3.2841017235169840E-016 -5.0736024725951852E-004  2.5382104774204670E-018 -6.3684762086837453E-019  3.2650614969433000E-017 -1.9854474301010965E-018  6.3524329351392147E-020 -1.3705709393104349E-018 -3.4102965192230446E-018  4.0303082397144084E-017 -8.8724026327601056E-019  1.0582946950508961E-016  3.1854910514327286E-015 -1.7711836616812778E-016  1.6153758805501281E-015 -2.5188407990214901E-003 -8.0046066035533803E-016  1.5109034216074967E-016  3.3461654337959163E-016  7.8484103633885568E-016  1.5140344861228765E-015  1.4826247961344103E-017 -3.2393778771875183E-018 -7.4352745636157919E-020  1.8536109160038759E-020 -2.1490197943346969E-018  2.8951220578265873E-019 -2.2099870053743683E-018 -3.9953268239920146E-019  1.8027197859166052E-019  9.6458238429349328E-019 -7.4127857300425175E-020 -3.4486820130535644E-018  2.7822482518697295E-019 -2.6200728608253578E-018 -1.4716328611983119E-019 -3.5205983100316193E-018  6.4143219015994961E-015 -1.3314012412756853E-018 -7.4485043174258324E-019 -3.6621749347286337E-018  7.7038487201858384E-020  6.9379667583804544E-019 -1.7088209159468924E-018 -9.1028259236282532E-019  3.3509666190999545E-018 -2.1735395462579522E-019 -2.3107418372132062E-017 -5.0148373189761285E-015  1.3509353870114731E-015
 6.6885629396247243E-018 -1.4998189775932250E-018 -4.4259110858464245E-017  3.0530266428705155E-005 -1.1064052719438171E-004 -1.5977503347580607E-017 -6.4702350746425690E-017  1.2046880500274268E-016 -6.6145687620047290E-015  3.6714609940220473E-015 -1.7508878743989061E-015 -8.0170867372482361E-016  1.9058059098708197E-015  3.1258800068882047E-015 -9.8613976078730962E-015  6.2933530661987765E-015 -3.0221493581541019E-015  2.9166923369399872E-016  3.2811148111117027E-015  6.8016858240704318E-015 -1.3019898195678376E-016 -1.6074695971942818E-015  1.8397377753433807E-015  1.7212830552362870E-017  6.2275895672888187E-019 -2.2153166912099751E-019  4.1568133010844677E-018  5.0348017455853010E-019  3.6566685243776924E-018  5.7559864705277934E-018  7.8415473947820760E-019 -4.5663668931737966E-019  4.4475171249450740E-018 -3.3581676425585467E-003 -5.9361792388458938E-016 -7.7566637741510770E-015  9.1360268263594354E-015 -1.4688942866218252E-014  1.0386330107449203E-014 -4.9787245914243985E-015  1.9867384822865034E-015  5.4229561641676200E-015  1.3047441856454405E-014 -2.0616875259948513E-016  1.8510854350300382E-018  4.6011595045958893E-019 -1.1551542031312639E-016  3.6925668810880430E-018 -1.2133729568349257E-016  2.7990323914777444E-018  1.7837070376611403E-018 -1.6091540583377396E-018 -1.7500523788464707E-018 -1.6835163800057237E-016 -9.1701079641661838E-019 -1.2736601152997590E-016 -1.9111252476894270E-018 -2.1431710116078925E-016 -6.8385540490199948E-003  6.4230340699110875E-018  1.4291378743537449E-018  1.7540598460032434E-018  3.6096337768206766E-018  1.0029100804311157E-019  2.4266750106461804E-018  1.1896163464376804E-018  2.1561722448413803E-018  1.2144856899133040E-018  2.5809885064152540E-018  5.3273905228242140E-003 -1.4351006419500698E-003
-3.6804557130087591E-017 -2.8957172078261528E-017  1.7547400228579903E-016 -1.1064052719438171E-004  4.0095707276046510E-004  1.4760808885669997E-016  4.8001049622438124E-016 -5.4423693248258580E-016  1.6036797506828815E-014 -8.2692980726110200E-015  5.5055566596834073E-015 -6.7483425410104407E-015 -4.9031104109960521E-015  6.2597825351213478E-015  2.2134683219117491E-014 -1.4173044177829406E-014  9.5127173902100186E-015 -1.7607726311026451E-014 -8.4558207576204382E-015  5.5043242717073532E-015  1.9684459830539939E-015  9.9217249807252508E-015 -8.4633233635342032E-015 -6.2378644853280216E-017 -2.2568548315888105E-018  8.0282236388427619E-019 -1.5064133690415484E-017 -1.8245930501464089E-018 -1.3251627995490002E-017 -2.0859476583370933E-017 -2.8417470243012379E-018  1.6548340365477048E-018 -1.6117633318042662E-017  1.2169872125008824E-002  9.5813182485779500E-015  4.8446427310029932E-014 -4.2025947438717138E-014  3.0759965554308658E-014 -2.3376180126505064E-014  1.5664691822260513E-014 -3.4542437008872098E-014 -1.3978113624014667E-014  2.5313439527216552E-015  7.4714773720994081E-016 -6.7082633846769428E-018 -1.6674427473700595E-018  4.1862350046561790E-016 -1.3381722278008720E-017  4.3972175592129394E-016 -1.0143587189075848E-017 -6.4640866292234056E-018  5.8315132548823898E-018  6.3421234225350536E-018  6.1009994871627827E-016  3.3232123341028847E-018  4.6156959341440516E-016  6.9258453880012579E-018  7.7667704324193430E-016  2.4782660413322031E-002 -2.3276831774132149E-017 -5.1791414339530331E-018 -6.3566463314799259E-018 -1.3081175854750695E-017 -3.6345080801813079E-019 -8.7941781685325324E-018 -4.3111245043483397E-018 -7.8138864083807201E-018 -4.4012500615851379E-018 -9.3534044225662255E-018 -1.9306261129167043E-002  5.2007502775364908E-003
-3.0410980249808945E-005 -1.1244047958065015E-017 -1.2979954358769396E-018 -1.5977503347580607E-017  1.4760808885669997E-016  2.1710740655611722E-004  5.9631757085372316E-017 -4.3925320402338547E-017  3.5658954187268171E-016 -2.6378811168516584E-016  9.2673130838957678E-017 -6.7292111047746950E-016  2.8538436746391062E-016  2.1109587562201261E-016  6.9270720980785525E-016 -3.5099534072027466E-016  1.1487070507193369E-016 -1.1359049680777866E-015  5.9852430868373305E-016  3.6977460231866183E-016  3.6221018384419153E-003  7.2834983932892650E-016 -9.0140319351042615E-017 -7.5947671466108974E-016 -9.1534005601431174E-018  4.1349436154729391E-018 -3.2188868770703943E-016 -8.8022615874598338E-018 -2.7085330896688843E-016  1.5538450089062212E-017 -2.8865236104895685E-019 -5.2587778807593463E-018 -1.0926501063495587E-018  1.0396447631514307E-015  1.7982287611530551E-002  3.5515719308979626E-015 -5.2209205644013293E-016  1.1498775876372140E-015 -6.6730116380627961E-016  2.3522700267101136E-016 -1.8255546383094890E-015  8.9476119348820325E-016  6.5884356769458992E-016 -1.3630020359681595E-017  1.4820277951098282E-018  5.0263467290819055E-018  9.3925104281869721E-018 -7.0746985887576857E-019  5.6986780483807287E-018  3.1331454614082998E-018  3.8454222894852653E-019  1.1116628639530090E-018 -3.0708843106067851E-018 -1.1628424655275902E-017  2.1745591055076473E-018  6.6378460691787566E-018 -2.3566335356837681E-019 -1.2547306012497658E-017  1.9490825187600365E-015  2.2871864432371122E-016 -1.6320743623218190E-017 -1.6096278633457982E-018  4.3779489951903248E-017 -1.2046024060290482E-020  8.5643513296948720E-017  2.1867823528351572E-017 -6.6672565554376481E-018 -1.2670859136488313E-017  6.0306717876808950E-018 -1.5606040089492192E-015  4.2291088589543334E-016
-2.1054339656292459E-017 -3.0410980250021073E-005  2.2388728746231703E-017 -6.4702350746425690E-017  4.8001049622438124E-016  5.9631757085372316E-017  2.1710740655651750E-004 -7.8517740227581408E-017 -5.9439635449107661E-017 -9.5930921014285238E-017  2.0906391684914047E-016 -1.4009098567788378E-016  2.5262843940033873E-017 -1.7428530974580037E-016  5.0857260995471597E-017 -1.5223947522297351E-016  3.3758366197077505E-016 -9.7283474606701849E-017  6.8297845844322611E-017 -2.5442105216520685E-016  2.8059950428876341E-016  3.6221018384450573E-003 -2.1947054697367629E-016 -7.2526248417974163E-018 -2.7153697564159430E-016 -4.5636212696513681E-018 -5.4771534265955575E-018  4.8575756528358430E-018  2.4117825748894090E-018 -7.1540900264072500E-016 -1.6688891524161134E-017 -2.5263276993377460E-016 -1.0294637652176349E-017 -3.0554664276225947E-015  1.3680485874978191E-015  1.7982287611547243E-002 -1.7594986391210154E-015  2.4365080379299576E-016 -2.8003635179502408E-016  5.7998231152035682E-016  3.3580322638806723E-018  9.3682128608529691E-017 -1.7124576548771682E-016 -4.4524922539888069E-017  1.4650929434168535E-019 -4.6991557450459050E-018 -2.2175566587914625E-017  2.3861221318742824E-018 -2.3830227815974808E-017 -1.4855061411048186E-018 -2.0738954310136459E-018 -8.8095607785478939E-019 -2.5644576207156677E-018 -4.7577548779831335E-017  1.6831402914001513E-018 -2.3667240910274070E-017  6.2185580117559437E-019 -4.8570292686949794E-017 -6.8120758346416315E-015  3.4358127136504988E-018  6.5320256458403700E-017  6.3513678662375789E-018 -1.1469795073001957E-017  3.4235841175358527E-018 -2.6911388492523126E-018  1.4223438625753618E-016  1.8868307640870141E-018  9.1977789688157647E-017  3.1665120123212801E-018  5.1615426545741036E-015 -1.3926814755881239E-015
 2.0143701459482086E-018  1.2072624675038970E-017 -3.0410980249980984E-005  1.2046880500274268E-016 -5.4423693248258580E-016 -4.3925320402338547E-017 -7.8517740227581408E-017  2.1710740655647050E-004  4.5556352700248042E-016 -2.2281172790471756E-018  8.2192378990632763E-017 -8.0501232980817355E-017 -1.5304655199433422E-016 -5.8433177200700147E-017  6.8796759041082885E-016  7.8485015876383154E-017  1.7282346038334253E-016 -2.5317160480983343E-016 -3.3681230060151657E-016 -2.0651581057771717E-016 -6.1542872266727643E-016 -9.8789335637803070E-016  3.6221018384447689E-003 -1.8120569922954126E-017  4.5465267544382602E-018 -2.3309641057993286E-016  1.4174332391179430E-017 -4.5350732812108694E-019  9.7846600040692969E-018  2.4346490207857817E-017 -2.8772823577371627E-016  6.3341079756770147E-018 -7.5552847927396107E-016 -1.2373980368600010E-015 -3.1412455538864652E-015 -4.7970566815367781E-015  1.7982287611545359E-002  9.7811083649091603E-016  7.1833686396352917E-017  2.6870969442263486E-016 -5.2098630375769128E-016 -5.0979075207332575E-016 -4.5146053189219485E-016  2.3126282810642562E-017  5.3081260922058595E-019 -1.3233136696392765E-019  1.5342093887585439E-017 -2.0668601816268018E-018  1.5777345660633890E-017  2.8523087317893835E-018 -1.2869819198777634E-018 -6.8862620718542762E-018  5.2920710615073926E-019  2.4620528564613805E-017 -1.9862783027339824E-018  1.8704994681238865E-017  1.0506152426420142E-018  2.5133947093305283E-017 -2.0015703033105458E-015  9.5050231265242737E-018  5.3175709621735207E-018  2.6144678530547343E-017 -5.4998642020692398E-019 -4.9530924597132372E-018  1.2199464610473810E-017  6.4986097533769553E-018 -2.3922927381832127E-017  1.5517143152394788E-018  1.6496645730421899E-016  1.6872975639677381E-015 -4.5474674553332681E-016
-3.5326279659114303E-016  1.9179499605683305E-016 -2.9805447187460978E-016 -6.6145687620047290E-015  1.6036797506828815E-014  3.5658954187268171E-016 -5.9439635449107661E-017  4.5556352700248042E-016  9.5640148347666210E-002  4.6921894100498421E-015 -4.6429166359043240E-015 -4.7820074173837712E-002  2.0823746933933174E-015 -4.7820074173854865E-002  1.6396960479957920E-001  8.1439468303594901E-015 -6.9255632268313326E-015 -8.1984802399781176E-002  3.6697128284377632E-015 -8.1984802399809528E-002 -1.7550477149289858E-015 -3.8168798177565252E-015  7.5198933560006602E-016  4.4438704397630560E-016  2.7488433330708798E-016  3.1577163373135715E-016  2.1207632677349658E-016  1.9669210197968821E-017  1.7403556841936332E-016  8.7508415674835396E-016  3.5145568764829479E-016  3.5355557334283884E-016  6.9584440236538353E-016  1.4941685574457261E-013 -5.0002345072297930E-015 -1.1529339376737815E-014  7.7680917989598041E-015  2.7088540913932957E-001  1.3313765971822708E-014 -1.1296680177735480E-014 -1.3544270456963903E-001  6.0630779325485574E-015 -1.3544270456968774E-001  3.1745999856955895E-015 -4.2199548371800556E-016  3.0171656737613900E-016 -2.5770622324967882E-016 -8.4165629236444587E-017  6.8751435405234978E-016  1.8566670901635952E-016 -8.8069806470645386E-017  9.3250928934774488E-017 -2.1723716857877404E-016  1.3383509522845552E-015  6.7362636345410796E-017 -4.2221938318771237E-016  7.5301009320931303E-017 -1.4129639668003357E-015  3.2078673988413609E-013  1.9611173162059993E-016  6.7475168431708229E-017  3.2133510095255226E-016  9.1715071280445632E-017 -8.5684244539345793E-018  9.0911360325591451E-017  1.4340708651213922E-016  3.3295287155596364E-016  7.2056825359962135E-017  7.4396258808085484E-016 -2.4743986531793210E-013  6.6276417178762789E-014
 6.5272402634895557E-017  1.0712541415936272E-016  5.7209343491851497E-017  3.6714609940220473E-015 -8.2692980726110200E-015 -2.6378811168516584E-016 -9.5930921014285238E-017 -2.2281172790471756E-018  4.6921894100498421E-015  9.5640148347709356E-002  3.0136522547022542E-016  6.3378628736181416E-015 -1.1612804084945244E-015  4.0021858879444143E-015  4.6440269640059528E-015  1.6396960479961217E-001  4.7432635419691586E-016  5.3059738962018018E-015 -1.0850869628356970E-015  3.2423987003928202E-015 -1.2840077253034889E-016 -2.0422728839174100E-016  5.9982695577669636E-016 -1.2186506985625509E-016  4.7709339334822480E-017 -3.0849138046349755E-016 -6.6906147984889258E-017 -1.7456817724664407E-017 -4.6222542576545522E-017  1.3360102185119751E-016 -2.8792492453499120E-016  9.2108687959352457E-017 -6.2460585190898399E-016 -1.5631122221323714E-014 -3.7170326214473340E-015 -2.0512775699603740E-016 -2.8091183287100244E-015  1.4686144392622265E-015  2.7088540913938514E-001  4.7913823200292815E-016  2.8079292129552915E-015 -1.8275503508514691E-015 -1.2874799864484564E-016  1.4307243628771176E-015  2.7225746796307665E-015  3.3288083433404056E-017  3.8166834797156355E-016  1.8192938949389215E-016  8.4229898930682071E-016  5.1765833914937485E-016 -1.3358783625781205E-016  2.0556378315439676E-015  5.6256779630144477E-017  1.7370816313270034E-015 -6.4261889416022062E-017  9.0627545956200375E-016 -4.3569356185387353E-017  1.2926665778184280E-015  3.1764649685164124E-015  4.1315441180370903E-017  2.0226399113429266E-018 -1.0880967103371679E-016  5.6614647889034607E-018 -7.5928264899084001E-018  1.1491120845513423E-017  2.5679913815626111E-017 -7.3980499002862034E-017  3.4351946353667047E-017 -1.7586369430492422E-016  3.7799327865382024E-015 -9.9093407501335775E-016
-5.5582994666652020E-017 -2.5606810385527855E-016  1.1991745445658695E-016 -1.7508878743989061E-015  5.5055566596834073E-015  9.2673130838957678E-017  2.0906391684914047E-016  8.2192378990632763E-017 -4.6429166359043240E-015  3.0136522547022542E-016  9.5640148347697879E-002 -1.1794050133694733E-015  8.5637363215355782E-016 -4.0910943378397367E-015 -3.0560774246159748E-015  2.5071952419735256E-016  1.6396960479960263E-001 -1.4446133973902763E-015 -2.2258787079668298E-016 -3.6922597820989520E-015  2.2571517017909537E-016 -3.4667172364436468E-016 -9.4879900301972872E-016 -9.4410837758962598E-017  3.7417102623913504E-017  1.3505453323958884E-016 -6.7768717264101474E-017 -1.5028836067142136E-017 -2.8969910893368320E-017  1.8606416847252666E-016  2.1051263710723514E-016  9.2229298110131229E-017  3.6855667469431884E-016  8.3594171173732204E-015  1.2206781052959213E-015  1.1570226811646473E-015 -8.6845705420633439E-016 -3.4022328064811143E-015  4.3755751264937186E-016  2.7088540913937176E-001  4.1844134164413414E-016  2.7629555004536669E-016 -3.5190394321796185E-015 -9.5978073590478683E-016  6.2231629077375986E-017  1.6335642846707171E-015 -2.9019705274866439E-016 -2.1570505192453394E-016  4.5848534675254128E-018  2.0902050224524687E-017  1.1826634593005189E-016 -1.1543832023109509E-016  2.5540568016819652E-015 -1.3763615290610950E-016  1.9453935781008667E-016 -1.3324298588116606E-016  2.2357873154264251E-016 -2.7626903149041234E-016 -2.0360914521995924E-015 -8.2610346841559397E-017 -1.0432520357474680E-016  1.8249657175821584E-017 -2.5813041514793382E-017  4.5893587659145324E-018 -3.3973407089523602E-017 -2.6585981810249752E-016 -7.4358980549782696E-018 -1.3160139503174616E-016  2.6244931883974958E-017 -1.7289893836629652E-015  3.6795855832468908E-016
 4.4056614824224951E-016 -2.2242303495528028E-016  2.6261057012884710E-016 -8.0170867372482361E-016 -6.7483425410104407E-015 -6.7292111047746950E-016 -1.4009098567788378E-016 -8.0501232980817355E-017 -4.7820074173837712E-002  6.3378628736181416E-015 -1.1794050133694733E-015  9.5640148347699877E-002  3.4582586278694143E-015 -4.7820074173843562E-002 -8.1984802399816301E-002  9.4544912458745912E-015 -4.4939099815445073E-015  1.6396960479961903E-001  5.0891214824994347E-015 -8.1984802399789378E-002  7.2794664053433073E-017 -2.5779289897443281E-015  2.6480113768847579E-015 -1.6654929292987628E-016  1.4235567930126327E-016 -2.3841691459345984E-016 -5.4090238448794160E-017 -3.4839555894465169E-017 -6.5191975072863699E-017  2.1437088639766609E-016 -2.8710512125086675E-016  1.0427002231399099E-016 -6.5505234769063084E-016  1.4497991030533277E-013 -2.2661542575837084E-015 -1.1238353984646766E-014  9.3519833690559027E-015 -1.3544270456968413E-001  1.6040582039428293E-014 -6.7897030408388906E-015  2.7088540913939702E-001  8.7156738381116855E-015 -1.3544270456965349E-001 -4.3223895975101961E-015  1.9205386166218910E-016  4.9053582976092162E-017 -1.0634058791114612E-015  4.9526807400364534E-017 -2.7922907995900646E-015 -3.9941811671768579E-016  2.1118445029779935E-016  6.4975590952886131E-017  1.6945466311402381E-017 -5.6018871275390969E-015 -1.7537750930217567E-016 -1.0113002317604185E-015  1.4648887307877462E-016 -4.4775113839884226E-015  3.0703452334732675E-013 -3.3004667915376791E-017  2.5365892990258015E-017 -2.2202342244113232E-016 -2.4108815366100004E-017  9.3231065370833262E-019 -3.5052036268551840E-017  7.6014536033550642E-017 -2.0892494714704492E-016  2.5423827529949634E-017 -4.6747571490596851E-016 -2.3911036564392280E-013  6.5373773979302264E-014
-4.4082088771698085E-016  7.4535796043833401E-017  5.3077858055370253E-016  1.9058059098708197E-015 -4.9031104109960521E-015  2.8538436746391062E-016  2.5262843940033873E-017 -1.5304655199433422E-016  2.0823746933933174E-015 -1.1612804084945244E-015  8.5637363215355782E-016  3.4582586278694143E-015  9.5640148347703791E-002  2.3937151687423288E-015  2.0074586798198150E-015 -1.0496406503634762E-016  1.2769694599341504E-015  2.4441335994331118E-015  1.6396960479960743E-001  1.5404647418682902E-015 -5.6851141990126635E-016 -2.4036441534915794E-016  5.6135286631847295E-016 -9.1292935322810907E-017  1.8031538507403425E-018 -7.3920883689474427E-017 -3.5290624431131405E-017  1.0631931093342685E-017 -5.1185786391156774E-017 -3.5522280360387627E-017 -1.0554188560947671E-016  8.5752930872431455E-018 -6.0233868082080766E-017 -4.3524874807087256E-015 -3.2587420137963235E-015 -3.2622131601555672E-016  2.5354482406444727E-015  4.7497137228527438E-016 -1.0453372050099040E-015  1.8003768418918486E-015  1.5302566946483254E-015  2.7088540913937870E-001 -4.2756667129643336E-016  4.2920852092221527E-016 -1.6270446642691966E-016 -3.5643327067644415E-017  3.4687943123062009E-016  1.4453910092087094E-015  2.2986582072873929E-016 -1.8152850065492030E-016 -3.5046442315406886E-016  1.2257388038086996E-016  2.9630981918371507E-017  6.5626634406780344E-016  3.6696858802922571E-016  6.8725868151380595E-017  3.4889620793834222E-015  4.4138290699560609E-016  2.5379108838832397E-015 -6.4418200267409473E-017 -9.7610696504598653E-017 -5.8100168658846028E-018 -2.9851989038595487E-017  5.3116887592277603E-018 -2.3503561939143599E-017 -2.1335765664819735E-016  2.0729984161750303E-017 -8.3025779026732872E-017 -3.1002155605188490E-017  2.2658110039197628E-016 -2.6647200564017922E-017
-7.2562626626920684E-017  8.2989720480579457E-017 -8.9074263368666981E-018  3.1258800068882047E-015  6.2597825351213478E-015  2.1109587562201261E-016 -1.7428530974580037E-016 -5.8433177200700147E-017 -4.7820074173854865E-002  4.0021858879444143E-015 -4.0910943378397367E-015 -4.7820074173843562E-002  2.3937151687423288E-015  9.5640148347706164E-002 -8.1984802399808099E-002  8.1721691718236687E-015 -5.5890239802187791E-015 -8.1984802399805989E-002  4.8324983850268408E-015  1.6396960479961220E-001 -7.3441989990255044E-017  1.5826721772596772E-016  1.8824671882558783E-015 -2.7783775104862931E-016 -4.1724001260801103E-016 -7.7354719138362069E-017 -1.5798608832516137E-016  1.5170345696413222E-017 -1.0884359334692694E-016 -1.0894550431457622E-015 -6.4350566398110160E-017 -4.5782559565638936E-016 -4.0792054676817806E-017  1.7752423250755251E-013 -1.4499352346797334E-015 -8.1942424347032620E-015  9.1052661743071620E-015 -1.3544270456972010E-001  1.3213960941172712E-014 -1.0001315624615275E-014 -1.3544270456970528E-001  7.6938607350587684E-015  2.7088540913936321E-001  1.1477896118429744E-015  2.2994162205607908E-016 -3.5077015035252547E-016  1.3211121023775290E-015  3.4638821835748996E-017  2.1047764455546040E-015  2.1375140770092787E-016 -1.2311464382742852E-016 -1.5822651988711565E-016  2.0029170226742358E-016  4.2635361752779233E-015  1.0801487295685775E-016  1.4335196149662803E-015 -2.2178988239918421E-016  5.8904753508192686E-015  3.3319605305828602E-013 -1.6310706370626810E-016 -9.2841061422274972E-017 -9.9311678511751150E-017 -6.7606255914877699E-017  7.6361138001999198E-018 -5.5859324057420606E-017 -2.1942162254611750E-016 -1.2402792440936078E-016 -9.7480652890235452E-017 -2.7648687317526213E-016 -2.6210431009652059E-013  7.0023519051214067E-014
-6.1704463990332235E-016  3.0742357442050684E-016 -4.9796080671886191E-016 -9.8613976078730962E-015  2.2134683219117491E-014  6.9270720980785525E-016  5.0857260995471597E-017  6.8796759041082885E-016  1.6396960479957920E-001  4.6440269640059528E-015 -3.0560774246159748E-015 -8.1984802399816301E-002  2.0074586798198150E-015 -8.1984802399808099E-002  2.8111657878650970E-001  8.1410373139540958E-015 -3.4464312676735636E-015 -1.4055828939327258E-001  3.6146381994260881E-015 -1.4055828939325682E-001 -1.6516523903411219E-015 -3.9952066291095807E-015 -2.6348978476580412E-016  7.6187635880719126E-016  4.7127358412379534E-016  5.4137253950760702E-016  3.6359282256645112E-016  3.3721744252840842E-017  2.9837410196254700E-016  1.5002821077479457E-015  6.0255082414539922E-016  6.0615095895657992E-016  1.1929857243963390E-015  9.3494995415805773E-014 -1.8342790939829923E-015 -7.1135326404307044E-015  5.6092547295694651E-015  4.6441765565948162E-001  1.3202175032971965E-014 -5.4607175489005856E-015 -2.3220882782974989E-001  5.9691038785490497E-015 -2.3220882782972690E-001  5.4426714517225688E-015 -7.2348729992467319E-016  5.1727592615516131E-016 -4.4182268964646001E-016 -1.4429719319785311E-016  1.1787043294590055E-015  3.1831503221014181E-016 -1.5099068342373540E-016  1.5987342375325787E-016 -3.7244079285772204E-016  2.2945267287838258E-015  1.1548941580123008E-016 -7.2387116286050870E-016  1.2909930560188363E-016 -2.4224465063664290E-015  2.1870685908098436E-013  3.3622243049575217E-016  1.1568234567476582E-016  5.5091078821730005E-016  1.5724028299673555E-016 -1.4690077292210358E-017  1.5586236619170116E-016  2.4586330852799399E-016  5.7082879636981157E-016  1.2353733637514506E-016  1.2754816221097528E-015 -1.6615950408513948E-013  4.4109990439186895E-014
 9.7722776936137626E-017  1.8194753300294712E-016  8.6553428021027734E-017  6.2933530661987765E-015 -1.4173044177829406E-014 -3.5099534072027466E-016 -1.5223947522297351E-016  7.8485015876383154E-017  8.1439468303594901E-015  1.6396960479961217E-001  2.5071952419735256E-016  9.4544912458745912E-015 -1.0496406503634762E-016  8.1721691718236687E-015  8.1410373139540958E-015  2.8111657878649593E-001  3.5862188363101173E-016  6.6802105538125636E-015  1.3577522422447325E-015  7.8103981281268131E-015  1.4691375027841149E-015 -1.4612006912944748E-016  2.4015010403004411E-015 -2.0893074392351357E-016  8.1794953804738666E-017 -5.2889095858356931E-016 -1.1470679242232082E-016 -2.9928722956032061E-017 -7.9245925169069187E-017  2.2905136736214990E-016 -4.9363093746290660E-016  1.5791511644665593E-016 -1.0708512738889036E-015 -2.6671256298549710E-014  2.0139253863200459E-015  6.6117809870058849E-016  2.0009764337976571E-015  2.8097242538053414E-015  4.6441765565946069E-001  5.0304292276420188E-017  8.3937957156093773E-016  2.1942371455622828E-015  3.4962286953745116E-015  2.4528956971631853E-015  4.6676997262016400E-015  5.7070529264207924E-017  6.5434871508039815E-016  3.1190761005825359E-016  1.4440737994010662E-015  8.8749583472995515E-016 -2.2902876141089146E-016  3.5242743625195227E-015  9.6449054948313283E-017  2.9781278418540560E-015 -1.1017336122181945E-016  1.5537578256750100E-015 -7.4697187724054628E-017  2.2162034622946332E-015  5.7053368001547598E-015  7.0832978404091275E-017  3.4677013016398250E-018 -1.8654800380389240E-016  9.7062599761999663E-018 -1.3017469968115887E-017  1.9700874332580889E-017  4.4026754374420128E-017 -1.2683536562779637E-016  5.8894461844934247E-017 -3.0150832000944345E-016  6.2783486936746515E-015 -1.6444497271846213E-015
-8.9128960508995115E-017 -4.3609445854009865E-016  2.0112202364209389E-016 -3.0221493581541019E-015  9.5127173902100186E-015  1.1487070507193369E-016  3.3758366197077505E-016  1.7282346038334253E-016 -6.9255632268313326E-015  4.7432635419691586E-016  1.6396960479960263E-001 -4.4939099815445073E-015  1.2769694599341504E-015 -5.5890239802187791E-015 -3.4464312676735636E-015  3.5862188363101173E-016  2.8111657878649693E-001 -6.7113219786573690E-015 -7.1711606022119011E-016 -3.8835418072775752E-015 -3.4729836097184285E-016 -9.4210819972562231E-016 -1.0943047497797837E-015 -1.6186202158369345E-016  6.4149498259735812E-017  2.3154333012094796E-016 -1.1618561848280403E-016 -2.5766086242028033E-017 -4.9667267589243286E-017  3.1899645388355056E-016  3.6091196540498800E-016  1.5812189570311498E-016  6.3186949560318804E-016  1.6570302910926025E-014 -1.5525945786051007E-015  2.5716424756558027E-016  1.1540207422401893E-015 -2.9015196564499799E-015  6.3210354270156906E-016  4.6441765565946652E-001 -6.2650802527318722E-015 -7.3711237543605475E-017 -1.9826335949755269E-015 -1.6454895844412746E-015  1.0669259513018943E-016  2.8006532277472172E-015 -4.9752637229512364E-016 -3.6981406583311324E-016  7.8604709856389222E-018  3.5835378489352518E-017  2.0276093605316860E-016 -1.9791244654085230E-016  4.3787853913090416E-015 -2.3596937047902354E-016  3.3352668486169870E-016 -2.2843753501735935E-016  3.8331304254532805E-016 -4.7364757054891896E-016  1.0678215698174136E-015 -1.4163074982619827E-016 -1.7885963893113770E-016  3.1288001185126287E-017 -4.4254994256909506E-017  7.8681950638003494E-018 -5.8245477766459758E-017 -4.5580156513226461E-016 -1.2748425075337912E-017 -2.2562312070014628E-016  4.4995445776245378E-017 -6.5154962841267106E-015  1.5874831218523382E-015
 7.5283513397720122E-016 -4.0134739927336753E-016  4.6636132404298305E-016  2.9166923369399872E-016 -1.7607726311026451E-014 -1.1359049680777866E-015 -9.7283474606701849E-017 -2.5317160480983343E-016 -8.1984802399781176E-002  5.3059738962018018E-015 -1.4446133973902763E-015  1.6396960479961903E-001  2.4441335994331118E-015 -8.1984802399805989E-002 -1.4055828939327258E-001  6.6802105538125636E-015 -6.7113219786573690E-015  2.8111657878654744E-001  2.7519972410263738E-015 -1.4055828939325185E-001  4.2143539477240258E-016 -2.0357376935735433E-015  2.6186516016937678E-015 -2.8553930763466573E-016  2.4406073055364342E-016 -4.0875226501423452E-016 -9.2734643088399672E-017 -5.9730440720757403E-017 -1.1176794027884546E-016  3.6752671477854084E-016 -4.9222543127267891E-016  1.7876503379209367E-016 -1.1230500624417960E-015  6.5291791735713116E-014 -2.4125281879771422E-015 -7.4320360344171863E-015  6.4953872176680559E-015 -2.3220882782972774E-001  1.1753115605576869E-014 -1.0014453558355740E-014  4.6441765565954657E-001  5.0681442621344900E-015 -2.3220882782971711E-001 -7.4104915805670269E-015  3.2926544281901560E-016  8.4099583214363028E-017 -1.8231490096209948E-015  8.4910899624641684E-017 -4.7872240560577771E-015 -6.8477968593165707E-016  3.6206375098119759E-016  1.1139696198938306E-016  2.9052039987581284E-017 -9.6041174580388350E-015 -3.0067478342338239E-016 -1.7338168353038594E-015  2.5114685664146150E-016 -7.6764390771378556E-015  1.5318724724468428E-013 -5.6584629447831501E-017  4.3488383496576770E-017 -3.8064655338644656E-016 -4.1333195274598712E-017  1.5983936880169315E-018 -6.0094726259396424E-017  1.3032260664372648E-016 -3.5818996110215688E-016  4.3587708975909188E-017 -8.0146057435912586E-016 -1.1920510007055928E-013  3.3760701161342799E-014
-7.7106527077128379E-016  1.2428749724433888E-016  9.2041438362464892E-016  3.2811148111117027E-015 -8.4558207576204382E-015  5.9852430868373305E-016  6.8297845844322611E-017 -3.3681230060151657E-016  3.6697128284377632E-015 -1.0850869628356970E-015 -2.2258787079668298E-016  5.0891214824994347E-015  1.6396960479960743E-001  4.8324983850268408E-015  3.6146381994260881E-015  1.3577522422447325E-015 -7.1711606022119011E-016  2.7519972410263738E-015  2.8111657878649610E-001  3.8940832269378161E-015  8.4797051839364348E-016  4.7639212678298447E-018 -2.7921980619368979E-016 -1.5651655486241288E-016  3.0914049110427513E-018 -1.2673315855730252E-016 -6.0503772119658513E-017  1.8227842279100953E-017 -8.7755124923222434E-017 -6.0900933059060022E-017 -1.8094557120788855E-016  1.4701853174051811E-017 -1.0326754731747127E-016 -8.9710849974830893E-015  3.4618057503117469E-015  1.5102308278356403E-015 -1.8173017378146832E-015  1.0983161926887939E-015  7.6818439875010076E-016 -1.7102613420142921E-015  2.6423743484861567E-016  4.6441765565946336E-001  1.3492687211334302E-015  7.3585364272309455E-016 -2.7894757086908157E-016 -6.1108460766704898E-017  5.9470509231345979E-016  2.4780408296653240E-015  3.9409190003343776E-016 -3.1122030890248257E-016 -6.0085135744433545E-016  2.1014595932807620E-016  5.0800636332261198E-017  1.1251313903118010E-015  6.2914681117249290E-016  1.1782659934109782E-016  5.9816274148538649E-015  7.5672593649949887E-016  1.2782005324212883E-015 -1.1044134730256883E-016 -1.6734799774552824E-016 -9.9609440787933061E-018 -5.1179540493216364E-017  9.1065888302775251E-018 -4.0295522634800837E-017 -3.6578958989467519E-016  3.5540380993005097E-017 -1.4234298472331023E-016 -5.3151435776142204E-017  2.7823228488252344E-015 -6.9054744702433908E-016
-1.2550586039483671E-016  1.3606453485036404E-016 -3.7650563172336354E-019  6.8016858240704318E-015  5.5043242717073532E-015  3.6977460231866183E-016 -2.5442105216520685E-016 -2.0651581057771717E-016 -8.1984802399809528E-002  3.2423987003928202E-015 -3.6922597820989520E-015 -8.1984802399789378E-002  1.5404647418682902E-015  1.6396960479961220E-001 -1.4055828939325682E-001  7.8103981281268131E-015 -3.8835418072775752E-015 -1.4055828939325185E-001  3.8940832269378161E-015  2.8111657878650537E-001  5.2650126959044763E-018  1.0117722376179162E-015  1.4533404113021520E-015 -4.7633705117390027E-016 -7.1533431467711079E-016 -1.3262027449369785E-016 -2.7085817947832260E-016  2.6008696467861198E-017 -1.8660616168396016E-016 -1.8678088225260317E-015 -1.1032539287318926E-016 -7.8491599274828083E-016 -6.9935661955963840E-017  1.4568323595528907E-013 -1.8345896110190105E-015 -1.0372614201068334E-014  6.8030490818604347E-015 -2.3220882782978650E-001  1.2419818057214119E-014 -7.7183120108247890E-015 -2.3220882782975882E-001  5.9179723432311930E-015  4.6441765565943871E-001  1.9678201288628756E-015  3.9422185710589839E-016 -6.0137550936971408E-016  2.2649716992779748E-015  5.9386293573016508E-017  3.6085197266096065E-015  3.6646465372126894E-016 -2.1107306755764462E-016 -2.7127038574219944E-016  3.4338875287011191E-016  7.3095907292699759E-015  1.8518536762220462E-016  2.4576879981760272E-015 -3.8024616224296788E-016  1.0098885583523663E-014  2.4812696794564121E-013 -2.7963780104858305E-016 -1.5917072917155031E-016 -1.7026423483105546E-016 -1.1590708772247118E-016  1.3091683604173952E-017 -9.5767639932543969E-017 -3.7618591517201447E-016 -2.1263883526792847E-016 -1.6712504535127719E-016 -4.7402104775082184E-016 -1.9764603981188200E-013  5.2243457579418621E-014
-5.0736024725707418E-004 -8.7540126086172612E-017 -3.8099012409931342E-017 -1.3019898195678376E-016  1.9684459830539939E-015  3.6221018384419153E-003  2.8059950428876341E-016 -6.1542872266727643E-016 -1.7550477149289858E-015 -1.2840077253034889E-016  2.2571517017909537E-016  7.2794664053433073E-017 -5.6851141990126635E-016 -7.3441989990255044E-017 -1.6516523903411219E-015  1.4691375027841149E-015 -3.4729836097184285E-016  4.2143539477240258E-016  8.4797051839364348E-016  5.2650126959044763E-018  6.0429176213540117E-002  2.3499573961482624E-016  4.5456597513965100E-016 -1.2670696260731674E-014 -1.5271035439375044E-016  6.8985149373762978E-017 -5.3702157195450386E-015 -1.4685214283626100E-016 -4.5187692300283698E-015  2.5923504650267481E-016 -4.8157189302875318E-018 -8.7734588754120994E-017 -1.8229179841739153E-017  2.3458806754950836E-015  3.0000670198361262E-001  9.2347993534891476E-017  1.0127848571940282E-015 -2.6369630164000550E-015  9.6827296900640081E-016  1.8459775859186119E-016  1.5473068447749229E-015 -1.6783839620377455E-016  8.0881550107227745E-016 -2.2739584331183857E-016  2.4725345332420531E-017  8.3856833890865621E-017  1.5669953332803958E-016 -1.1803042176848129E-017  9.5073643792214567E-017  5.2271694070191517E-017  6.4154933106068307E-018  1.8546378343978659E-017 -5.1232962907793540E-017 -1.9400230968823680E-016  3.6279160894548420E-017  1.1074221203105777E-016 -3.9316791619240044E-018 -2.0933242627016597E-016  1.9735781634473541E-015  3.8158174114466623E-015 -2.7228640616256822E-016 -2.6854155440952115E-017  7.3039318904977793E-016 -2.0096931094989048E-019  1.4288297754748659E-015  3.6483086902056972E-016 -1.1123288058153989E-016 -2.1139371936218354E-016  1.0061244669492980E-016 -2.2419049640421362E-015  6.4585300818882534E-016
-3.1392762235482286E-016 -5.0736024726011787E-004  3.2841017235169840E-016 -1.6074695971942818E-015  9.9217249807252508E-015  7.2834983932892650E-016  3.6221018384450573E-003 -9.8789335637803070E-016 -3.8168798177565252E-015 -2.0422728839174100E-016 -3.4667172364436468E-016 -2.5779289897443281E-015 -2.4036441534915794E-016  1.5826721772596772E-016 -3.9952066291095807E-015 -1.4612006912944748E-016 -9.4210819972562231E-016 -2.0357376935735433E-015  4.7639212678298447E-018  1.0117722376179162E-015  2.3499573961482624E-016  6.0429176213533546E-002  1.7114448189150551E-015 -1.2099884655965794E-016 -4.5301751528278580E-015 -7.6136974104322502E-017 -9.1377847538699320E-017  8.1041149086467415E-017  4.0236868179912421E-017 -1.1935494531507746E-014 -2.7842838542515542E-016 -4.2147876709603723E-015 -1.7175013306897257E-016  7.1026508797643856E-015  7.4931031786912131E-016  3.0000670198359825E-001 -2.6798598710727654E-015 -3.9370495564773933E-015 -7.1737050344523953E-016 -1.1847256754066621E-015 -6.2579770415362537E-016 -3.1160273711216208E-016  5.8268371057762292E-015 -7.4282958073831874E-016  2.4442813481359541E-018 -7.8398157544476324E-017 -3.6996508677510188E-016  3.9808763310674211E-017 -3.9757055436921693E-016 -2.4783376164206743E-017 -3.4599742922497915E-017 -1.4697391856812641E-017 -4.2784015570667778E-017 -7.9375793593025247E-016  2.8080596790945708E-017 -3.9485136951886776E-016  1.0374703822452683E-017 -8.1032033510363508E-016  4.6215465878124376E-015  5.7321229818772100E-017  1.0897676166754672E-015  1.0596276557221581E-016 -1.9135582004992223E-016  5.7117214575394151E-017 -4.4897496257818814E-017  2.3729611077059463E-015  3.1478857805060707E-017  1.5345073961761047E-015  5.2828363450319858E-017 -6.0230745084401177E-015  1.5848473806615494E-015
