   6.2176090235939625E-004   3.8362971460748033E-010  -4.9538700048492368E-011  -8.4757017272149745E-017   1.3485677096055289E-017  -8.7627472346219278E-018   1.3361618441857652E-017   2.1127633845385494E-017  -4.7944614064081645E-018   2.0052815319695067E-017   9.0770888094779140E-003   3.0359098034853041E-009  -9.6417934546090933E-010  -8.4553306374575198E-016  -1.1859322233385751E-017  -1.5024755996732486E-017   1.6323991365002758E-017   2.6513566039071268E-017   8.4105915677303043E-019  -3.8924925362756812E-017   1.5976054770415925E-002   4.7915710870214383E-009  -1.8124682884341726E-009   2.2403399541174572E-011   2.2799297363399112E-011  -1.0752807703558898E-011  -2.7964606089490653E-011  -5.2613060075261731E-012  -2.0942675499936878E-012  -8.9508477088294182E-012   1.0440960478506239E-011  -1.0790465030233540E-011   2.3238901379812282E-013  -1.7512482287062840E-015  -3.1773474493832429E-017  -1.1346783016577386E-016   2.9191621950680974E-016   1.6355531061488591E-016  -1.8516908271192096E-017  -1.5043508748542984E-016   9.0768862381256990E-003   2.7531325201862211E-009  -1.0243606141237756E-009  -2.0955659440703071E-016  -8.9575720899701966E-016   2.2274980398043826E-015   1.4157510042390689E-015  -1.2051687482405045E-016  -1.1721937632729381E-015  -1.5222671548397125E-002  -4.4893113922188382E-009   1.6375714062679811E-009   5.2697344948118643E-016   7.6960921245757793E-012   6.0973043041255972E-012  -2.8173003826942837E-012  -5.0993135656592035E-012  -1.1152734810979209E-012  -5.2261069770958262E-012  -1.6361610345961546E-012   3.9427783702312013E-012  -3.9021411711064165E-012  -8.3887919385486705E-013   1.2895497706952583E-015  -4.0920372335364356E-003  -1.2002580260747882E-009   4.3668546510998155E-010  -7.1337567408245612E-016   1.8265814332493621E-016
   3.8362971460748033E-010   6.2175990424479552E-004   4.2193455483739354E-012  -2.0964411227319844E-016   3.8609376352736870E-017   4.5584004443518621E-018  -3.3914761787016148E-018   4.7923287890215375E-017  -3.7917213210734737E-018   3.8080426347628585E-017   2.9628378222596485E-009   9.0770810044115795E-003   1.3561301313459861E-009  -2.2620241267656763E-015   1.0186641335343987E-016   1.2406510944024493E-017  -1.4047932016576347E-017   4.4028773010612041E-017  -5.1687742690301242E-018   1.1198634445448211E-016   4.6578063879842939E-009   1.5976042474611592E-002   2.6683374166625669E-009  -4.3705851737646981E-012   1.3116446831524607E-011  -2.3532920543024175E-012   1.5522440627676841E-011   8.9389175509132177E-012  -9.6585958477042177E-012  -4.7725638542938389E-011  -3.1651898673382920E-011   5.0910002962304136E-011   2.5345893839117436E-011  -3.7645596029088913E-015   2.1554191488629329E-016   5.8882248303800239E-017  -1.1526460836135117E-016  -4.1106932437116921E-016  -3.9481185914584883E-017   3.1924334577669827E-016   2.6778802082826380E-009   9.0768791797459850E-003   1.5034641252110344E-009   1.3788313914938970E-015   4.8640107577412674E-016  -9.1619445272783880E-016  -3.4600469044032228E-015  -3.1581153373462793E-016   2.1620499455869331E-015  -4.3693371943684436E-009  -1.5222660025113860E-002  -2.3830484872118497E-009   5.9105254484308190E-016   4.6587695473978819E-014   1.6774058245322973E-012  -1.7806142268250250E-012   2.7634444926314613E-012   5.0978375689656716E-012  -2.8258996354296922E-012  -1.1631556327508645E-011  -1.1881873605212533E-011   1.3927479263954398E-011   1.0183376722180486E-011   1.4099340717470649E-015  -1.1682977765269296E-009  -4.0920341524136117E-003  -6.3472583849322136E-010  -2.1509475529967987E-016  -9.6002796596122604E-018
  -4.9538700048492368E-011   4.2193455483739354E-012   6.2176073505772894E-004   1.7092947700848500E-016  -4.7441756400719597E-017  -7.0799299450082701E-018  -3.0102814631125408E-018  -4.2019727855464153E-017  -8.6649167844066167E-018  -1.0278571368764603E-017   2.7988162547793722E-010  -1.4018225974816528E-009   9.0770873199081080E-003   3.1957276677892638E-015  -1.3171246733075655E-016   1.0263289927215525E-017   1.4651265283645562E-017  -1.1507079473455523E-016   5.1192650986587754E-018  -8.3389319096570370E-017   5.3451133112325004E-010  -2.4978577955822753E-009   1.5976052830921347E-002  -1.3323200601124948E-011   2.7997895473423251E-012  -2.2412764117150452E-011   1.4198918088437748E-011  -1.2394572824957059E-011   3.6759789171472086E-012  -3.8064698619379834E-011   7.2125624792906534E-011   4.8269338006153885E-011  -3.7053134685645826E-011   5.1429616264299358E-015  -4.0798302102269508E-016   8.7243954657262325E-017   2.4518709693996562E-017  -2.2930783591855690E-016  -9.9716284653320419E-017   5.0141764640293439E-016   2.8870362862345843E-010  -1.3939833754359885E-009   9.0768851157706238E-003  -2.8572415207256017E-015   6.7703211146552754E-016   1.9509393523698475E-016  -1.4056368575641581E-015  -6.9957750252314723E-016   4.1315548852202978E-015  -4.7101214660618711E-010   2.2594471672100704E-009  -1.5222669659065458E-002  -2.9894777449044491E-015  -5.4944531601931985E-012   2.5005365320394927E-013  -6.3388974283084536E-012   4.6064341303684649E-012  -6.1047104874286549E-012   2.7651582717201769E-012  -1.4072949312864425E-011   3.1937022668852642E-011   1.8630788836814433E-011  -1.9079559009125470E-011  -6.9046100591298959E-015  -1.2569480498632780E-010   6.0311976643347833E-010  -4.0920367266146698E-003   5.0233332690125076E-015  -1.4204295209026472E-015
  -8.4757017272149745E-017  -2.0964411227319844E-016   1.7092947700848500E-016   1.2634394620725307E-004   1.6005920461681839E-011   1.8268566802660373E-011  -3.1352076411696622E-012  -2.5164605602288870E-011   1.0453399171452395E-012   9.1577822184493199E-012  -1.0073401999695130E-015  -2.3944415180438301E-015   1.7019553028571390E-015   7.3089779046000012E-003  -7.5119256333730107E-012  -7.8072614928233382E-012  -1.5816141653132834E-012   9.4974761810728182E-012   3.7666461260560242E-012  -2.0084138611345249E-012  -1.7498789504432565E-015  -4.3807538932644840E-015   3.2793242720760672E-015  -4.6670738762874979E-018  -1.7671680989975677E-018   1.0224608814614996E-018  -2.0913864758953300E-018  -1.9685016549760485E-018  -5.4834590087324490E-019  -3.5740974166074150E-018   7.8104415507435442E-018  -5.3227786783701362E-018   6.1837664921366433E-018   1.3556243163971016E-002   8.7851097104789792E-011   9.5487439283121667E-011  -1.0719602102385423E-011  -1.3054169992169378E-010  -6.5319737887944147E-012   4.2681125690875773E-011  -1.1463697078668450E-015  -1.8277167311607921E-015   1.7829653193915270E-015   8.0807515597474590E-010   8.1716701069107476E-010  -3.5817850726017379E-011  -1.0582101991053871E-009  -1.1130224137341085E-010   2.5013636104285642E-010  -1.4078794587616592E-015   2.2700178467398231E-014  -1.9314728871854611E-015  -4.6555355101191428E-003  -6.4837960621003782E-019  -1.7973079082877257E-018  -1.5625976125215215E-018  -1.7080466114964060E-018   1.0038656429222137E-018  -4.3755828318228463E-019  -3.6812884951629725E-019   6.1183398802348190E-018  -2.4504746857244036E-019   3.7544152811839548E-018  -1.0486466805907733E-002  -5.2646222471484598E-016   6.9840054451504583E-015  -4.6823048609584063E-016   6.1130599210123832E-003  -1.5939703393300288E-003
   1.3485677096055289E-017   3.8609376352736870E-017  -4.7441756400719597E-017   1.6005920461681839E-011   5.0467537192681308E-008   2.8041087403411684E-014  -7.3510135903895226E-015  -2.5233718973424996E-008   4.2430682167484290E-015  -2.5233818226346862E-008   1.9721950773103568E-016   5.3100971335226952E-016  -6.9019262369555765E-016   9.2245499573400065E-010   3.8307549809517258E-006   1.0883220664634661E-012  -9.7777556222514436E-013  -1.9153756630043197E-006   1.7365520636486913E-013  -1.9153793179321667E-006   3.4783365310735501E-016   9.6288331996765845E-016  -1.2139087847598118E-015  -1.1924089389802430E-019   6.6851574514304726E-020   9.6697123769152837E-020   4.3624289579887871E-020  -3.1064237656733965E-020  -6.5343605242543042E-021  -1.5181164739248891E-019   5.0412175939656020E-021   1.2780373373873761E-019  -1.5872212866040225E-020   1.7097729731576871E-009   3.7725675154548922E-005   1.0849268074700372E-011  -9.5994607462845987E-012  -1.8862819102784874E-005   1.8947040708723049E-012  -1.8862856051749889E-005   1.9698033250846535E-016   3.1820037534421882E-016  -7.3796138252439376E-016   2.9382974751277944E-004   8.4310977883807271E-011  -7.4240742796905449E-011  -1.4691472986698821E-004   1.4914584461431253E-011  -1.4691501764585080E-004  -3.3298794935538333E-016  -7.1540976813702597E-015  -2.2723746229698131E-016  -6.4218634846382294E-010  -8.2702358341177277E-020  -4.5553541053177616E-020  -1.3911215101729182E-021   7.4875188463411967E-020   2.1412131744992486E-020   7.5208810548096010E-021  -6.6914718505855176E-020  -2.2389045354478216E-021  -2.1894626848317973E-020  -1.2015770906486056E-019  -1.4475654915491391E-009  -8.9641617742330791E-017  -2.2200107991031450E-015  -1.2685384872957302E-016   8.8991071622740550E-010  -2.3708776633495492E-010
  -8.7627472346219278E-018   4.5584004443518621E-018  -7.0799299450082701E-018   1.8268566802660373E-011   2.8041087403411684E-014   5.0467460613409758E-008  -3.7576737959408392E-015   2.6342484912385235E-014  -4.2277307824997219E-016  -5.4386399849785650E-014  -1.2736241297560710E-016   7.5625212447688632E-017  -9.2801113827681841E-017   1.0545273129155121E-009   1.0185220197942985E-012   3.8307521167562727E-006   5.8566058363421299E-013   9.9833032480191714E-013  -3.5488708484962835E-013  -2.0168435007390460E-012  -2.2240398112942818E-016   1.2214959508021534E-016  -1.7387955616888243E-016   5.5742702366293737E-020   7.7859236023336130E-020  -8.2879517212408196E-020  -5.6458973692431802E-020   1.1327085746112783E-021  -6.9819135642656973E-020   3.3192740547236876E-019  -6.7549517034442995E-020   2.0929205257591542E-019  -2.9531612654179879E-019   1.9539346699576645E-009   1.0156503665360291E-011   3.7725646451180383E-005   5.7189112431594601E-012   1.0082951346978341E-011  -3.5908010668686230E-012  -2.0239450597887137E-011  -1.4074485314434594E-016   1.5044097957145216E-016   1.4020714148870949E-018   7.8909459814530287E-011   2.9382952462563309E-004   4.4602126853913603E-011   7.8668044266132353E-011  -2.8510154979966399E-011  -1.5757750764953678E-010  -1.7368665725164398E-016   2.0641671692680052E-015   2.9084603512846812E-015  -7.4019263507330977E-010   4.9965382322485745E-020  -1.2991799810493602E-020  -7.5487561592049634E-020  -1.8329309325876573E-020   2.2110438544980607E-020  -2.5508492377248720E-020   1.9232679859700521E-020  -7.9283364232908631E-020  -4.0926592681700511E-020  -1.4482970528750974E-019  -1.6682495885703152E-009  -6.5062452520532588E-017   6.5873365645256330E-016   9.1237797842961619E-016   1.0303310301485781E-009  -2.7499015606543558E-010
   1.3361618441857652E-017  -3.3914761787016148E-018  -3.0102814631125408E-018  -3.1352076411696622E-012  -7.3510135903895226E-015  -3.7576737959408392E-015   5.0467556413019019E-008   1.1200301506647706E-014   4.3819547173797912E-014  -3.8461263934042250E-015   1.9161913321293241E-016  -5.6040297111206651E-017  -4.0432960475675374E-017  -1.8237402882186922E-010   3.9469549062952202E-013  -8.5492548862632635E-013   3.8307556560113459E-006   4.4562938290739427E-013   1.6112569808968195E-012  -8.4032860450360627E-013   3.3599264442649445E-016  -9.0464618361053402E-017  -7.4434804097551709E-017  -1.1964796296037793E-019   9.2338229151613616E-021  -6.8517562928095836E-020   1.0380978924245999E-019  -7.2357373793849965E-020  -7.8680827231446778E-020  -5.8763556101366102E-020  -2.4277720311283790E-019   5.1709305168577050E-020  -5.5799803662496019E-019  -3.3739439156196476E-010   3.9767229029304962E-012  -8.5422610192147967E-012   3.7725682213368963E-005   4.3257397127345771E-012   1.6326913334306652E-011  -8.3024655388729051E-012   2.1261386355621424E-016  -1.2375878916523073E-016  -9.1450845373325017E-018   3.1535809268002750E-011  -6.6472273012648785E-011   2.9382980356786157E-004   3.3160052761249926E-011   1.2790175601150541E-010  -6.4695861219231312E-011   2.7958131411654112E-016  -1.8854053279281918E-015   9.7248083831427704E-016   1.3101163458550451E-010   3.3707236751505216E-020  -2.8564152844006372E-021  -2.0278051338342036E-019   3.7594022994073090E-020   9.3269072582032779E-020  -9.2597319587489993E-020   2.5032311352974928E-020  -1.5503686868581673E-020  -6.9611410829667516E-021  -9.8265933009593604E-020   2.9500156530318791E-010   1.0369818591351166E-016  -6.0067254480739980E-016   3.0432558301169420E-016  -1.8456016059869784E-010   4.9500839860282064E-011
   2.1127633845385494E-017   4.7923287890215375E-017  -4.2019727855464153E-017  -2.5164605602288870E-011  -2.5233718973424996E-008   2.6342484912385235E-014   1.1200301506647706E-014   5.0467407121578985E-008  -1.4392482809674202E-014  -2.5233688147240752E-008   3.0932850265723631E-016   6.7788252557083279E-016  -6.1964172869299438E-016  -1.4527287102326254E-009  -1.9153756455569584E-006   9.4841945061324375E-013   4.2940342479158600E-013   3.8307501046008895E-006   6.6926411043493943E-013  -1.9153744590747063E-006   5.4070674249184708E-016   1.2210739196404502E-015  -1.0814153754461113E-015  -9.0884810978373290E-020   2.0772784178366471E-019   4.6496175814254091E-019   5.4951415112831585E-020   3.6463802240078995E-020   1.4745926393182900E-019  -2.0847294784804649E-019   2.7853350853390257E-020   1.8500595813043478E-019   1.9859397819481540E-020  -2.6918887851706405E-009  -1.8862818948670410E-005   9.5820511691953277E-012   4.1704829569864607E-012   3.7725626346502112E-005   6.7830403256967724E-012  -1.8862807397846819E-005   3.4552106132998389E-016   4.4508051557221488E-016  -6.9234392029290130E-016  -1.4691472870098234E-004   7.4756159237297058E-011   3.1956954605819221E-011   2.9382936896849292E-004   5.4440471771291833E-011  -1.4691464026745976E-004   5.3176407748912697E-016  -7.9320224060725387E-015  -1.0713256462392445E-015   1.0137350246020985E-009  -4.5348993232659075E-020   3.5839003037587307E-020  -1.0621537673677893E-019  -1.0773181804385407E-020   9.4349227796004818E-021   6.1164738154365178E-020  -2.3334500635114556E-019   2.5363461270494551E-019   1.4886405579730523E-019  -5.6948849248576197E-021   2.2844306493656186E-009   1.9279693891788371E-016  -2.4544449129450442E-015  -3.8808148275062187E-016  -1.4063066745562745E-009   3.7486030354229001E-010
  -4.7944614064081645E-018  -3.7917213210734737E-018  -8.6649167844066167E-018   1.0453399171452395E-012   4.2430682167484290E-015  -4.2277307824997219E-016   4.3819547173797912E-014  -1.4392482809674202E-014   5.0467450703255294E-008   1.0151795581409816E-014  -7.0624276918111281E-017  -5.5970616963774462E-017  -1.2499431801334238E-016   6.2819876204414012E-011   1.1048866021105813E-013   3.5404972206544645E-013   1.6029011176481207E-012  -1.8263778343767370E-012   3.8307518395096344E-006   1.7158961649647817E-012  -1.2239695500399105E-016  -9.7294074389831059E-017  -2.1988594756149775E-016  -1.1467484575098632E-020   2.9798211646552971E-020  -1.5262175205885726E-020  -8.3895635721003369E-020  -1.0144649580201859E-019  -4.6034148662277413E-020  -1.8757607963126771E-019  -2.0814702030724600E-019  -3.2139673026686150E-020  -7.4840521521825040E-020   1.1547553636361250E-010   1.2492738780067195E-012   3.4083311853591485E-012   1.6255616807289316E-011  -1.7924309402759168E-011   3.7725643137492713E-005   1.6675037314476425E-011  -7.4279529057351247E-017  -6.6947161989762204E-017  -1.2878078243283555E-016   9.8177487204362748E-012   2.5951403276357689E-011   1.2736609210128717E-010  -1.3796480540842217E-010   2.9382949550097359E-004   1.2814705907819261E-010   6.3449894653296367E-018  -2.3114301876428577E-016   1.0252234982140787E-016  -5.2611530401905790E-011  -3.6210089391824088E-020  -8.8506853272283768E-020  -1.1832870959865810E-019  -4.4034273291188657E-021  -2.7107665205342464E-020   4.2131191287170222E-020  -1.6432389796499631E-019   9.7963612553532490E-020  -1.5067187447849003E-020  -4.4333863423841758E-020  -1.1822123722546001E-010  -3.5810320707884482E-018  -7.7518892861767213E-017   2.2468719987124151E-017   7.9640766642570946E-011  -2.1937920888626288E-011
   2.0052815319695067E-017   3.8080426347628585E-017  -1.0278571368764603E-017   9.1577822184493199E-012  -2.5233818226346862E-008  -5.4386399849785650E-014  -3.8461263934042250E-015  -2.5233688147240752E-008   1.0151795581409816E-014   5.0467506379764933E-008   2.9077079726725556E-016   5.3369064002910639E-016  -1.6668852656130147E-016   5.3022399556736191E-010  -1.9153793359329691E-006  -2.0369561323207306E-012   5.4861211218140756E-013  -1.9153744415272634E-006  -8.4273858664216028E-013   3.8307537774757684E-006   5.1549231717627791E-016   9.5634725318913405E-016  -2.8389502181981139E-016   2.1012887086487569E-019  -2.7457522125432935E-019  -5.6165659976388691E-019  -9.8577493951371339E-020  -5.3964732518084029E-021  -1.4092736184789591E-019   3.6028161612256520E-019  -3.2910863245488552E-020  -3.1280989073890951E-019  -3.9767408120442919E-021   9.8202228877670694E-010  -1.8862856211178780E-005  -2.0433432798458299E-011   5.4313410856896781E-012  -1.8862807243034702E-005  -8.6759645468445010E-012   3.7725663454214441E-005   2.4926513198518444E-016   4.1474289716596832E-016  -1.9656821101088660E-016  -1.4691501885307870E-004  -1.5908359872771142E-010   4.2302194933140683E-011  -1.4691463909618870E-004  -6.9341193716002911E-011   2.9382965794927618E-004  -1.6984002032180170E-015  -4.4100908053809296E-015  -6.4037360511828509E-016  -3.7154475235446012E-010   1.2805436498144219E-019   9.7128193441422560E-021   1.0760631508601949E-019  -6.4104971610431120E-020  -3.0845035939053199E-020  -6.8686697152172141E-020   3.0026109201098880E-019  -2.5140262129952363E-019  -1.2696954456214056E-019   1.2585788309988474E-019  -8.3685643940544305E-010  -5.1397529815627920E-016  -1.3520769888999828E-015  -2.1558261354051998E-016   5.1641438072641859E-010  -1.3777991373965313E-010
   9.0770888094779140E-003   2.9628378222596485E-009   2.7988162547793722E-010  -1.0073401999695130E-015   1.9721950773103568E-016  -1.2736241297560710E-016   1.9161913321293241E-016   3.0932850265723631E-016  -7.0624276918111281E-017   2.9077079726725556E-016  0.13257671256735451        5.7948797902486115E-009   5.7206941022589385E-010   1.7343326163697028E-015  -1.7418345915084450E-016  -4.5461353458572995E-017  -2.3772777501104033E-016   8.9245399064952234E-017   5.6284716785517216E-018  -2.9535030077629845E-016  0.23328291105597498        2.1456889687834763E-009  -6.8465501106050954E-010   3.2737156789759603E-010   3.3306868182082748E-010  -1.5722378941966234E-010  -4.0859119676046051E-010  -7.6931716716703360E-011  -3.0646690884555076E-011  -1.3070870317257540E-010   1.5264066561945428E-010  -1.5770441014343801E-010   3.4153527855469442E-012   3.5577348106828118E-016  -2.0691709051679878E-016   1.0917199295831500E-016  -3.9945931506275025E-016  -5.9592339915384404E-016  -3.5722858451104010E-016   5.1481067764081961E-016  0.13301768408122872        1.6026694693218578E-009  -2.7094398854901280E-010  -1.0237012423072567E-015   6.4276491063254439E-016  -3.7514587960430522E-015  -2.4727406289484598E-015  -2.4257025380313585E-015   3.9764934009692799E-015 -0.20930349325186981       -2.8604947860713850E-009   3.9262726925797572E-010   7.3879035698036653E-016   1.1345696402197321E-010   9.0649866192688136E-011  -4.1017193244795209E-011  -7.6435413577456160E-011  -1.6474758316662018E-011  -7.5783837983544432E-011  -2.4963825669153774E-011   5.7285342408430511E-011  -5.7157049897400966E-011  -1.2125528849232344E-011   2.7906970408751938E-015  -5.5645421160946507E-002  -7.6519964883656829E-010   1.0407687220653360E-010  -2.6434402204912842E-015   8.0727097312108155E-016
   3.0359098034853041E-009   9.0770810044115795E-003  -1.4018225974816528E-009  -2.3944415180438301E-015   5.3100971335226952E-016   7.5625212447688632E-017  -5.6040297111206651E-017   6.7788252557083279E-016  -5.5970616963774462E-017   5.3369064002910639E-016   5.7948797902486115E-009  0.13257669744897438       -1.5691598349487872E-009  -3.7579169744501701E-016   1.1570776236535149E-015   8.8877243513440575E-017  -2.9952816801794672E-018   1.3404782542022021E-015  -9.8088536162152495E-018   1.1272973790071733E-015   2.0700226344841868E-009  0.23328290548794545        1.3586637133160824E-009  -6.3706712771796302E-011   1.9147453326445898E-010  -3.4355459349030372E-011   2.2667594408969838E-010   1.3073298311003663E-010  -1.4120311292640181E-010  -6.9759800056618376E-010  -4.6287241418068797E-010   7.4438978625450566E-010   3.7061063480059427E-010   5.6637221789291656E-015   3.7769547905594657E-016   8.1343027785085559E-017   2.8424061125456622E-016   1.2110864478358989E-015   9.1591680088284105E-017   1.6484806559546659E-016   1.5737365338123955E-009  0.13301768002372047        5.2226167922033259E-010  -1.3401968746192844E-015   9.5836784233701229E-016   1.9217193403693294E-015   5.8645563575714529E-015   5.7037026899854768E-016  -3.3700752490153389E-015  -2.8120812016177254E-009 -0.20930348591524792       -7.0898242846915280E-010   3.7622481874314120E-016  -5.6179117723926632E-013   2.6437905097090267E-011  -2.5815740245446461E-011   4.2259475356855667E-011   7.3894439481842297E-011  -4.1505041030946786E-011  -1.7128191674569874E-010  -1.7279360704528258E-010   2.0335382143167604E-010   1.4803407404954235E-010   1.7172119459881869E-015  -7.5234931558508402E-010  -5.5645419199657806E-002  -1.8801679924443214E-010  -2.6010573499800444E-015   8.6065908807153942E-016
  -9.6417934546090933E-010   1.3561301313459861E-009   9.0770873199081080E-003   1.7019553028571390E-015  -6.9019262369555765E-016  -9.2801113827681841E-017  -4.0432960475675374E-017  -6.1964172869299438E-016  -1.2499431801334238E-016  -1.6668852656130147E-016   5.7206941022589385E-010  -1.5691598349487872E-009  0.13257670473346281       -1.5498917795453961E-015  -1.2369900138631290E-015  -3.2878935592478690E-017   1.5983894551602566E-016  -1.3768404381506915E-015   2.2338733633375963E-016  -2.1404984718179038E-015   1.6193187576312300E-009  -3.2118677934145245E-009  0.23328290723515596       -1.9469836537432776E-010   4.0881019166278547E-011  -3.2750241223606704E-010   2.0754762797209278E-010  -1.8115383841014442E-010   5.3666874332904510E-011  -5.5625094469424126E-010   1.0538344318852575E-009   7.0540755590087146E-010  -5.4136643300656142E-010  -1.3297612461675403E-014   6.6792258767805403E-016  -3.3775508204552741E-016  -1.4109238569789408E-016  -6.7313046871923153E-016   4.6871367094375351E-017  -1.9202621724613468E-015   6.9433923372353873E-010  -1.4172614924706366E-009  0.13301768161203958        9.6838386744182721E-015  -2.7801134230822842E-015  -1.0631799878846952E-015   2.5240845983112369E-016   1.4368303790018455E-015  -1.1825764173859321E-014  -1.1886048289162623E-009   2.4347508480401187E-009 -0.20930348884862343        8.8107050934267345E-015  -7.9860753191970136E-011   3.8023825267608838E-012  -9.1461554620267152E-011   6.7013080192210321E-011  -8.7471250724568981E-011   4.0131507297111513E-011  -2.0456090304958508E-010   4.6302066267357912E-010   2.7064484407418180E-010  -2.7694113273251820E-010   1.6995262616625696E-014  -3.1581421552207306E-010   6.4643403893014333E-010  -5.5645419984048795E-002  -1.3680337833379989E-014   3.9523136270323943E-015
  -8.4553306374575198E-016  -2.2620241267656763E-015   3.1957276677892638E-015   7.3089779046000012E-003   9.2245499573400065E-010   1.0545273129155121E-009  -1.8237402882186922E-010  -1.4527287102326254E-009   6.2819876204414012E-011   5.3022399556736191E-010   1.7343326163697028E-015  -3.7579169744501701E-016  -1.5498917795453961E-015  0.42591113568285743       -1.0769559282321945E-009  -1.1014947358950013E-009  -6.5397139585561296E-011   1.3907051660943979E-009   3.0908491959431953E-010  -3.1503601756854502E-010   3.9198863900492262E-015  -5.0447372884153296E-015   1.4976066436224383E-014  -2.8729555125066103E-016  -1.2252240222745024E-016   8.2071631915451195E-017  -1.2184370575403247E-016  -1.4583538833211421E-016  -5.2240515641313353E-017  -2.1723597733457894E-016   4.6698424298529586E-016  -3.3420508639709437E-016   4.0614232223771825E-016  0.78834831599395438       -1.2241287486191597E-009  -8.3675309416573817E-010  -3.6764986951447983E-010   7.0018699322864958E-010   5.2763430683615217E-010   5.2340744711538543E-010   6.3174327495371279E-016  -2.6351744836263054E-015   6.3040683278507076E-016  -2.2819163670496110E-009  -2.2230620992571929E-009  -7.4705619064505849E-011   2.9973863720904640E-009   5.6278089001391279E-010  -7.1539803017714150E-010   2.0254028718416847E-014   4.8787307570720542E-014  -1.8500220946531479E-014 -0.30535447077402228       -5.0335346752321875E-017  -1.0364486345988099E-016  -8.1185452637322921E-017  -1.4326296529981025E-016   6.8722373118132068E-017   1.2817577485353524E-017  -9.0340137529855801E-018   3.8561895680097944E-016  -3.2961842405799122E-017   2.4561078839570212E-016 -0.68794971678986172        6.4796309602705727E-015   1.5182398666107237E-014  -5.5275559210488404E-015  0.42989773032979611      -0.11525415952618920     
  -1.1859322233385751E-017   1.0186641335343987E-016  -1.3171246733075655E-016  -7.5119256333730107E-012   3.8307549809517258E-006   1.0185220197942985E-012   3.9469549062952202E-013  -1.9153756455569584E-006   1.1048866021105813E-013  -1.9153793359329691E-006  -1.7418345915084450E-016   1.1570776236535149E-015  -1.2369900138631290E-015  -1.0769559282321945E-009   2.9077471461834897E-004  -1.6278130893605445E-012  -1.9074401496170468E-012  -1.4538736447632672E-004  -2.8782918043553281E-012  -1.4538735014086530E-004  -2.2613963391732887E-016   2.1293952491943568E-015  -2.5928696401886675E-015  -9.0510576884992480E-018   5.0743138751914444E-018   7.3396899400458176E-018   3.3113957637024012E-018  -2.3580146330325339E-018  -4.9593108380156388E-019  -1.1523285468234349E-017   3.8308233548753362E-019   9.7011258907662590E-018  -1.2051607807743141E-018  -1.8875337812691423E-009   2.8635797594439350E-003  -6.0617277573890745E-012  -1.6524617381033910E-011  -1.4317899140693462E-003  -1.4338526916202410E-011  -1.4317898453735135E-003  -3.9108205623333720E-016   8.2669302439127842E-016  -1.1595117735094105E-015   2.2303243460935551E-002  -6.1597331284763184E-011  -8.8815345629237783E-011  -1.1151621998045596E-002  -9.9720131484262069E-011  -1.1151621462894478E-002  -5.7230110171324698E-015  -1.2855678169315215E-014   5.7283560969859658E-015   7.0869891316172268E-010  -6.2776232302325249E-018  -3.4576855779241939E-018  -1.0558300589903031E-019   5.6835363367411894E-018   1.6252238543365826E-018   5.7089573549887278E-019  -5.0792347908320039E-018  -1.6979687241738294E-019  -1.6618834569568204E-018  -9.1208059628009345E-018   1.5339980566955350E-009  -1.8254068025902903E-015  -3.9706093984580295E-015   1.7036486523064672E-015  -9.2978114305782139E-010   2.4606037734237686E-010
  -1.5024755996732486E-017   1.2406510944024493E-017   1.0263289927215525E-017  -7.8072614928233382E-012   1.0883220664634661E-012   3.8307521167562727E-006  -8.5492548862632635E-013   9.4841945061324375E-013   3.5404972206544645E-013  -2.0369561323207306E-012  -4.5461353458572995E-017   8.8877243513440575E-017  -3.2878935592478690E-017  -1.1014947358950013E-009  -1.6278130893605445E-012   2.9077472102725016E-004   1.2090997150089836E-012  -4.0281452993060860E-012   2.3731043134447644E-012   5.6566299326389155E-012  -7.1742875414398096E-017   7.1954581978021035E-017   8.2703306774895784E-017   4.2312520784731021E-018   5.9099665831269008E-018  -6.2910646464107035E-018  -4.2855537394200637E-018   8.5983982435913820E-020  -5.2996359956653773E-018   2.5195135868993916E-017  -5.1273731344799722E-018   1.5886419964057505E-017  -2.2416201490305754E-017  -1.9432250717445726E-009  -6.4691768941909395E-012   2.8635797848741906E-003   8.2080116598861210E-012  -2.0592835831758548E-011   1.6096562620613474E-011   2.7062347909183663E-011  -9.6595800890518031E-017   1.3856038740331490E-017  -1.3143283701885444E-016  -6.5216361992504518E-011   2.2303243709977532E-002   6.8473678666421047E-011  -1.5005884080589294E-010   8.4162231900189524E-011   2.1527493188762333E-010  -9.9231082969893675E-016  -2.7751935542213219E-015  -3.8124652719146809E-015   7.3980954624088599E-010   3.7926713580125573E-018  -9.8614654902562075E-019  -5.7299181680990300E-018  -1.3912987932705561E-018   1.6782563269380888E-018  -1.9362277877899623E-018   1.4598714419683616E-018  -6.0180342835714793E-018  -3.1065224800402993E-018  -1.0993435450733557E-017   1.6141854087525337E-009  -3.1843606280406680E-016  -8.7110643073324623E-016  -1.2047534310651114E-015  -9.8863162985302091E-010   2.6278388732536273E-010
   1.6323991365002758E-017  -1.4047932016576347E-017   1.4651265283645562E-017  -1.5816141653132834E-012  -9.7777556222514436E-013   5.8566058363421299E-013   3.8307556560113459E-006   4.2940342479158600E-013   1.6029011176481207E-012   5.4861211218140756E-013  -2.3772777501104033E-016  -2.9952816801794672E-018   1.5983894551602566E-016  -6.5397139585561296E-011  -1.9074401496170468E-012   1.2090997150089836E-012   2.9077470634786355E-004   1.8913591060730793E-012  -8.5000710799031029E-012   1.5797801933541758E-014  -3.0944618583029324E-016  -5.2252548224148811E-017   3.3976557133902695E-016  -9.0819622876750695E-018   7.0085665784111587E-019  -5.2008446123155959E-018   7.8797679015257741E-018  -5.4922991131708230E-018  -5.9722975015060440E-018  -4.4604810361871061E-018  -1.8428074470162731E-017   3.9250659037879837E-018  -4.2355000918764085E-017  -1.0902687141256341E-010  -1.1974115689969464E-011   2.5815066532059441E-012   2.8635797091759643E-003   1.3854102007759901E-011  -4.8862551075337974E-011  -1.8802082220272913E-012  -2.2279911382500544E-016  -5.1832633110332798E-018   1.7189839855985685E-016  -5.0545339254681059E-011   2.4651687439333396E-011   2.2303243151158152E-002   6.7571263190014054E-011  -3.2454070507526649E-010  -1.7025862448431568E-011  -3.4559904889162810E-016   6.0912122385255399E-016  -9.6787021963471761E-016   4.0963400065456952E-011   2.5585262902014116E-018  -2.1681058142857141E-019  -1.5392119113539251E-017   2.8536217543263880E-018   7.0796083256336970E-018  -7.0286261749272843E-018   1.9000707041886968E-018  -1.1767811801257672E-018  -5.2836383396160608E-019  -7.4589157202717853E-018   7.9917865568069357E-011  -1.2402624366627289E-016   1.9116879026525934E-016  -2.9159599791912892E-016  -4.6939044078661657E-011   1.2198872567075209E-011
   2.6513566039071268E-017   4.4028773010612041E-017  -1.1507079473455523E-016   9.4974761810728182E-012  -1.9153756630043197E-006   9.9833032480191714E-013   4.4562938290739427E-013   3.8307501046008895E-006  -1.8263778343767370E-012  -1.9153744415272634E-006   8.9245399064952234E-017   1.3404782542022021E-015  -1.3768404381506915E-015   1.3907051660943979E-009  -1.4538736447632672E-004  -4.0281452993060860E-012   1.8913591060730793E-012   2.9077472377425265E-004  -4.9081065115567792E-012  -1.4538735930026228E-004   2.2349117345581769E-016   2.2368437112810928E-015  -2.4659613620922442E-015  -6.8988250488169430E-018   1.5767518668340436E-017   3.5293076005963694E-017   4.1711405068961869E-018   2.7676737040737499E-018   1.1193021822515628E-017  -1.5824221342360502E-017   2.1148411419046408E-018   1.4042896510232204E-017   1.5072378271291419E-018   2.4549980741203779E-009  -1.4317899154132386E-003  -2.1304112444314695E-011   1.4199043608875833E-011   2.8635797900068509E-003  -3.3757984881010671E-011  -1.4317898745947600E-003   1.4779839585591773E-016   9.6932235534177410E-016  -1.2001630775868287E-015  -1.1151622011116727E-002  -1.5640104283398680E-010   7.0724194743619648E-011   2.2303243820539831E-002  -1.4070772001010794E-010  -1.1151621809419247E-002   6.3857336765727799E-016  -1.0165647176828584E-014   9.3462701541325712E-015  -9.1098012418907445E-010  -3.4423468911921179E-018   2.7203928402825378E-018  -8.0623351819276741E-018  -8.1767313237072256E-019   7.1612372151962016E-019   4.6427650666776358E-018  -1.7712194148947715E-017   1.9252547959093195E-017   1.1299590629110420E-017  -4.3236345747475559E-019  -2.0036072170020761E-009   2.1283502710125197E-016  -3.1142234010809522E-015   2.8426656680764125E-015   1.2112074172210595E-009  -3.2041620836835118E-010
   8.4105915677303043E-019  -5.1687742690301242E-018   5.1192650986587754E-018   3.7666461260560242E-012   1.7365520636486913E-013  -3.5488708484962835E-013   1.6112569808968195E-012   6.6926411043493943E-013   3.8307518395096344E-006  -8.4273858664216028E-013   5.6284716785517216E-018  -9.8088536162152495E-018   2.2338733633375963E-016   3.0908491959431953E-010  -2.8782918043553281E-012   2.3731043134447644E-012  -8.5000710799031029E-012  -4.9081065115567792E-012   2.9077473602147217E-004   7.7869289669427956E-012   1.1512399584147118E-016  -3.2349052346279848E-017   3.6854936115636666E-016  -8.7044609435787625E-019   2.2618788869068100E-018  -1.1584888614485981E-018  -6.3681242401958989E-018  -7.7003429023153028E-018  -3.4942319345613664E-018  -1.4238116009276677E-017  -1.5799409310558761E-017  -2.4394923481321984E-018  -5.6808100509229255E-018   5.3963365308885872E-010  -1.6112125410583022E-011   1.7420464684107256E-011  -4.8028059373249792E-011  -4.3625485821659835E-011   2.8635798882626121E-003   5.9737747086976326E-011   3.1248653740707901E-017  -1.5566317605520713E-017   1.8930855933389448E-016  -1.1883625811448815E-010   9.0540997911130803E-011  -3.1655071656794834E-010  -2.1527632626620261E-010   2.2303244263547944E-002   3.3411276580986003E-010   3.8344023843815789E-016  -3.5827921291072301E-016  -1.0599611050191675E-015  -1.9360384636550283E-010  -2.7485482010913122E-018  -6.7181363556138444E-018  -8.9817924862275433E-018  -3.3423656134631542E-019  -2.0576264623725315E-018   3.1979884818959770E-018  -1.2473107595637511E-017   7.4360047438747600E-018  -1.1436503909153678E-018  -3.3651972129653511E-018  -4.1032627792721002E-010   1.2378259602346961E-016  -1.1234229428734145E-016  -3.1842868370633711E-016   2.4034918152911199E-010  -6.2632100708916085E-011
  -3.8924925362756812E-017   1.1198634445448211E-016  -8.3389319096570370E-017  -2.0084138611345249E-012  -1.9153793179321667E-006  -2.0168435007390460E-012  -8.4032860450360627E-013  -1.9153744590747063E-006   1.7158961649647817E-012   3.8307537774757684E-006  -2.9535030077629845E-016   1.1272973790071733E-015  -2.1404984718179038E-015  -3.1503601756854502E-010  -1.4538735014086530E-004   5.6566299326389155E-012   1.5797801933541758E-014  -1.4538735930026228E-004   7.7869289669427956E-012   2.9077470944230698E-004  -6.4185395379002547E-016   2.1474830694658096E-015  -3.3719608518012506E-015   1.5949886552679718E-017  -2.0841829538995859E-017  -4.2632754822327649E-017  -7.4825360021400959E-018  -4.0964929070429740E-019  -1.0697096124839473E-017   2.7347508975966444E-017  -2.4979726289325511E-018  -2.3744028310740619E-017  -3.0204870406326174E-019  -5.6986957728921292E-010  -1.4317898440193025E-003   2.7372453606002759E-011   2.3227843783525481E-012  -1.4317898759605135E-003   4.8101737711673527E-011   2.8635797199798884E-003  -3.2819406704679450E-016   7.9787549290906548E-016  -1.9094555113691822E-015  -1.1151621449730082E-002   2.1804988318798900E-010   1.8069425437526780E-011  -1.1151621822673440E-002   2.4046855399895147E-010   2.2303243272404190E-002   1.0879972629517872E-016  -1.3323500558196103E-014   7.1404844275508468E-015   2.0270523756544027E-010   9.7199755529579762E-018   7.3728799748553023E-019   8.1679216408386059E-018  -4.8658681554353685E-018  -2.3413390602475859E-018  -5.2136631378383583E-018   2.2791436509478320E-017  -1.9082778093921218E-017  -9.6377125875867626E-018   9.5531869761821179E-018   4.7056256029479880E-010   8.9455956137344072E-018  -4.1199064905599510E-015   2.1005413941890941E-015  -2.8164691637319857E-010   7.4376677418839769E-011
   1.5976054770415925E-002   4.6578063879842939E-009   5.3451133112325004E-010  -1.7498789504432565E-015   3.4783365310735501E-016  -2.2240398112942818E-016   3.3599264442649445E-016   5.4070674249184708E-016  -1.2239695500399105E-016   5.1549231717627791E-016  0.23328291105597498        2.0700226344841868E-009   1.6193187576312300E-009   3.9198863900492262E-015  -2.2613963391732887E-016  -7.1742875414398096E-017  -3.0944618583029324E-016   2.2349117345581769E-016   1.1512399584147118E-016  -6.4185395379002547E-016  0.41054132222758755       -1.0517854918153935E-008  -1.2577893553937482E-010   5.7589665907412232E-010   5.8600273531578181E-010  -2.7648759777556617E-010  -7.1881646758838977E-010  -1.3528653789111678E-010  -5.3870102415670405E-011  -2.3001888021085162E-010   2.6845048758254853E-010  -2.7739976868181196E-010   5.9892681015315832E-012   2.2757607294123061E-015   1.7234968140143683E-016   2.2268505521987109E-016   3.4424725597747940E-016  -3.4635331033222265E-016   4.2792715402771158E-016  -3.1791934951945751E-016  0.23363456866627408       -5.3609441683298835E-009   1.3349018262303462E-010   2.3441968194233327E-015   1.4000224971210412E-015   1.5227781991286688E-015   1.0263295392597001E-015   3.9504948259733454E-015  -2.5100077782831191E-015 -0.38074835045832128        7.0794019773016420E-009  -3.9440915982732431E-010  -4.1506957192733938E-015   1.9863557010566817E-010   1.5798390724043402E-010  -7.2299618382800406E-011  -1.3262624651741688E-010  -2.8811872308165562E-011  -1.3387235894792169E-010  -4.2907060698103575E-011   1.0108792248154894E-010  -1.0041746197812978E-010  -2.1457472094699069E-011  -7.0249379040757545E-015 -0.10185304294964957        1.8375214527222912E-009  -1.1135772042702119E-010   6.3328663700697698E-015  -1.8790215412341335E-015
   4.7915710870214383E-009   1.5976042474611592E-002  -2.4978577955822753E-009  -4.3807538932644840E-015   9.6288331996765845E-016   1.2214959508021534E-016  -9.0464618361053402E-017   1.2210739196404502E-015  -9.7294074389831059E-017   9.5634725318913405E-016   2.1456889687834763E-009  0.23328290548794545       -3.2118677934145245E-009  -5.0447372884153296E-015   2.1293952491943568E-015   7.1954581978021035E-017  -5.2252548224148811E-017   2.2368437112810928E-015  -3.2349052346279848E-017   2.1474830694658096E-015  -1.0517854918153935E-008  0.41054134942455695        1.5945931697941274E-009  -1.1222171395052524E-010   3.3701516766428006E-010  -6.0467212634467258E-011   3.9889841071952382E-010   2.2987220703928735E-010  -2.4833488289215903E-010  -1.2269880616048573E-009  -8.1392355742437366E-010   1.3090537173366575E-009   6.5173038291482196E-010   1.9724396622215177E-015   1.1190843196180592E-015  -8.1319105753563424E-016   5.9805959287041755E-017   5.9932284630800349E-016  -7.8620590298011966E-018   1.4182547789416856E-015  -5.3359837741505922E-009  0.23363458270704182        4.8090415535092638E-010   1.0871330303838757E-015  -5.6845507659249026E-015  -2.6506392989535037E-017  -1.8074177246668709E-015  -2.9217218245042031E-016   2.7765604112429263E-015   7.0439802290815854E-009 -0.38074836875409235       -1.5541068195476721E-010  -4.2768392961840491E-015   1.9868820830819238E-013   4.4667801895402744E-011  -4.5608358886566281E-011   7.2546525912160200E-011   1.3056309816945853E-010  -7.2811840122666524E-011  -3.0005517924412228E-010  -3.0476472557968600E-010   3.5788599995271464E-010   2.6115163659531942E-010  -7.8186245474739853E-015   1.8280089122189344E-009 -0.10185304769346309       -2.1270571709418471E-011   8.1318505722805390E-015  -2.4954076787555049E-015
