   4.3267267094230348E-015   1.2027999929733904E-016   8.9217227576441691E-016  -2.4497563719276337E-015  -1.6848059060695039E-015  -1.8769719054640457E-015   4.6372573871496318E-008  -1.1028640807481789E-018  -8.6424904712978166E-019   4.4923278659823159E-019   2.6178031126495839E-008   8.1242085707131772E-018   6.3663066510753826E-018  -3.3093120235186858E-018  -1.9654700384962015E-015   5.0576066555821510E-017  -4.3295480363207110E-016   9.9300431594862277E-016  -8.6528050652215964E-017   9.7245987584268060E-016   1.9056098969793695E-016   1.4932757709859932E-016  -7.7623261185923931E-017  -1.4647570210265361E-008  -8.0352361350706972E-016   1.7643116867653876E-017  -1.7620278720851434E-016   4.0941491769376049E-016  -1.0814468959474243E-017   3.9410676576196509E-016   6.6515437437035891E-016   5.2122885303434568E-016  -2.7094449298817079E-016  -1.2425805126470500E-008  -5.5904143350721961E-025  -1.3705626658861846E-024  -5.6515244054731282E-025   1.1373775863548353E-024   4.3901860259859714E-025   1.0875766045145185E-024   3.1080667693957414E-024   2.1376113741189985E-025   8.9187673340965687E-025   1.6159317800819256E-024   7.1820287996006507E-009   2.0086586286362123E-009
   1.2027999929733904E-016   3.3437713924326587E-018   2.4801751355129545E-017  -6.8101607460211082E-017  -4.6837008811871689E-017  -5.2178435370176076E-017   1.2891851675817184E-009   4.3725254156557094E-020  -2.5631346606296637E-020  -1.1137078657711366E-018   7.2766236558760019E-010  -3.2208576128425733E-019   1.8880671582299450E-019   8.2038730764015477E-018  -5.4629089747224965E-017   1.4059874022186626E-018  -1.2033792616219575E-017   2.7599683531486829E-017  -2.4070629055145684E-018   2.7029244144991218E-017  -7.5547640945159271E-018   4.4286174657952527E-018   1.9242888454109388E-016  -4.1239353242662182E-010  -2.2370573824931832E-017   4.9113678604971617E-019  -4.9055748959460459E-018   1.1398420821246943E-017  -3.0061116906825425E-019   1.0972100551180133E-017  -2.6369952471714033E-017   1.5458112059651131E-017   6.7167428021379338E-016  -3.5488840963904206E-010   1.0281827936404068E-025  -1.2848363849124115E-025  -4.5154885687983354E-025   1.7704680985739661E-026  -2.0249738433565653E-026  -1.1417798018392860E-025  -1.7639035361071657E-026   1.6206626961001676E-025   2.5551049432559615E-025   2.5329324486030791E-025   2.0625047414315967E-010   5.7783345847700797E-011
   8.9217227576441691E-016   2.4801751355129545E-017   1.8396618143800230E-016  -5.0514043810581183E-016  -3.4740730514931007E-016  -3.8703216098875102E-016   9.5620221698628526E-009  -3.4865588167615589E-018   3.7122724936362381E-019  -3.5806430593076605E-019   5.3979355243828284E-009   2.5683014424909570E-017  -2.7345592685398224E-018   2.6375743406872825E-018  -4.0528300797180874E-016   1.0428797215122991E-017  -8.9275942638680302E-017   2.0475912546915095E-016  -1.7841676486240090E-017   2.0052267678852981E-016   6.0241808080168521E-016  -6.4141367033145306E-017   6.1866572315557525E-017  -3.0189652971834683E-009  -1.6567807273169756E-016   3.6378394074164407E-018  -3.6331155563318835E-017   8.4417009361144455E-017  -2.2299527657683365E-018   8.1260665077415239E-017   2.1027443085414746E-015  -2.2388586762368509E-016   2.1594568670556293E-016  -2.5597168193194109E-009  -4.1520859310357885E-025  -1.2552026400386882E-025  -1.7510248612348913E-025   4.9280768180586957E-025   4.4387457795385698E-025   3.6819605816927973E-025   4.9566581812630399E-025  -3.2448984469528416E-026   2.2143664384607335E-025   4.3392777185929255E-025   1.4792019907229356E-009   4.1367473305362466E-010
  -2.4497563719276337E-015  -6.8101607460211082E-017  -5.0514043810581183E-016   1.3870316020587363E-015   9.5392362609042455E-016   1.0627256575765270E-015  -2.6255830456349263E-008   1.5018879683256461E-018  -1.4714083225082747E-019  -6.5714234166932066E-019  -1.4821703402055220E-008  -1.1063442938772969E-017   1.0838723862410407E-018   4.8407684053352859E-018   1.1128217054112055E-015  -2.8635753616780272E-017   2.4513304390671264E-016  -5.6222485450823851E-016   4.8993327298125448E-017  -5.5059354107550554E-016  -2.5950314692100834E-016   2.5422934829173234E-017   1.1354463659983562E-016   8.2992531694592511E-009   4.5498610115461216E-016  -9.9901480380521419E-018   9.9772805596754421E-017  -2.3182661355739644E-016   6.1230347916277779E-018  -2.2315839618636925E-016  -9.0579744243470491E-016   8.8738934767762007E-017   3.9632828728959496E-016   7.0461567340595011E-009   4.5430749688815825E-025   4.8147656665569054E-025   9.4535286171755803E-026  -7.2363835920138869E-025  -3.8959982619119425E-025  -7.2148427018726158E-025  -1.6408821320526290E-024   7.4065446825595403E-026  -3.7078322787843836E-025  -8.9217287300860162E-025  -4.0739131360771600E-009  -1.1394990037160203E-009
  -1.6848059060695039E-015  -4.6837008811871689E-017  -3.4740730514931007E-016   9.5392362609042455E-016   6.5605970584664931E-016   7.3088289008978630E-016  -1.8057734313074610E-008   2.1840259924083564E-018   3.4398980663335236E-019  -2.9985972157308401E-020  -1.0193038901004291E-008  -1.6088229001108109E-017  -2.5339275820937470E-018   2.2093792292688508E-019   7.6526644215783736E-016  -1.9694132915416807E-017   1.6857384981149724E-016  -3.8662927594779859E-016   3.3706897888208862E-017  -3.7863489328580482E-016  -3.7736391700955913E-016  -5.9435593898971935E-017   5.1824350755644262E-018   5.7458049408633555E-009   3.1315672135658427E-016  -6.8755701451806389E-018   6.8671271741146570E-017  -1.5956154306199039E-016   4.2109097631423086E-018  -1.5359443647123112E-016  -1.3171912497426345E-015  -2.0746031719010059E-016   1.8089316358785402E-017   4.9151403704167545E-009   3.8171931751409339E-025   5.7020381924298770E-025   2.3942297314786142E-025  -5.7844277259042345E-025  -3.3829099597430624E-025  -5.1178716800840017E-025  -1.2239553364264125E-024  -9.3334925895615715E-026  -3.7150813964384509E-025  -6.3520732557678102E-025  -2.8500456687077677E-009  -7.9790225088913665E-010
  -1.8769719054640457E-015  -5.2178435370176076E-017  -3.8703216098875102E-016   1.0627256575765270E-015   7.3088289008978630E-016   8.1424692814914548E-016  -2.0116760173448641E-008  -1.3162641160137136E-018   9.0370194996182578E-019   2.3815468232526225E-019  -1.1356337264830885E-008   9.6958837421689077E-018  -6.6569202516524657E-018  -1.7542495284026457E-018   8.5264905286491042E-016  -2.1940331261235066E-017   1.8782191822639208E-016  -4.3077982531799669E-016   3.7534753427359579E-017  -4.2186669066699634E-016   2.2742538478022717E-016  -1.5614394587079127E-016  -4.1147156035894264E-017   6.3483182853653962E-009   3.4853777762370842E-016  -7.6529746995634974E-018   7.6430039794318641E-017  -1.7758843924639036E-016   4.6914381053250675E-018  -1.7094849973518427E-016   7.9382982669438246E-016  -5.4502144699816590E-016  -1.4362441423066436E-016   5.3796455048451463E-009   8.2894644800381546E-027   8.3333610134041054E-025   4.9350355723707337E-025  -3.4336813962722637E-025   3.4647725194442449E-026  -3.0708628440725989E-025  -1.4244953940039653E-024  -2.7597001336529832E-025  -5.2261609777708574E-025  -7.4965621310159702E-025  -3.1081131136876364E-009  -8.6915883402246970E-010
   4.6372573871496318E-008   1.2891851675817184E-009   9.5620221698628526E-009  -2.6255830456349263E-008  -1.8057734313074610E-008  -2.0116760173448641E-008  0.49705793681821475        3.3151604927672266E-016   3.8742955039077112E-017  -2.4573890063092339E-016  0.28051040396842325       -1.8811915023450983E-016  -1.5472550698848886E-016   3.0279552817792668E-016  -2.1057216716940288E-008   5.4206591149088619E-010  -4.6385517452726409E-009   1.0638384296857735E-008  -9.2876794280200144E-010   1.0418770147858487E-008   6.1674217222803364E-016   3.4295304768478359E-016   1.4887895900681635E-015 -0.16137541052875834       -8.6399100266465276E-009   1.8965914318862455E-010  -1.8946125766184164E-009   4.4023016139817757E-009  -1.1588639802286112E-010   4.2375887404459937E-009   1.9106125743016041E-015   8.7727530993634335E-016   5.3265478626695165E-015 -0.14115502763418902       -4.0908154612170911E-018  -1.0817860023637921E-017  -7.5262016499073789E-018   1.1332807195955586E-017   3.7495248754715177E-018   1.0359946468087690E-017   3.0591932904213084E-017   1.2134427498906772E-018   9.9679924734523263E-018   1.9120624593326150E-017   8.2537589258369390E-002   2.3167938757392328E-002
  -1.1028640807481789E-018   4.3725254156557094E-020  -3.4865588167615589E-018   1.5018879683256461E-018   2.1840259924083564E-018  -1.3162641160137136E-018   3.3151604927672266E-016   3.6568939280001699E-006  -3.9921080488945484E-015  -2.1328987854243567E-012   1.7047423203301536E-016  -2.6937708783834054E-005  -9.8054434189177396E-014   1.2326353440095764E-011   2.0106550485749800E-018  -4.8454088635434308E-019   2.5819145272399822E-018  -1.2897944787658228E-018  -1.2016678260962717E-018   1.0173320273612383E-018  -6.3184795007747475E-004   6.5993573051349005E-013   1.8581033371721838E-010  -1.2406445939099515E-015   1.3980603236314785E-018   6.4118877509399693E-020  -7.2968832609604879E-019   3.2271814796691669E-018   7.7613785526254651E-019   3.4126219466964944E-018  -2.2054694673712435E-003   9.7700710316246702E-013   6.4052169788403260E-010  -2.0977467151940440E-015   3.7813690123406363E-013   4.7635317790164365E-014  -7.9401375674004139E-014  -2.8532781415060716E-013  -3.6325792273802122E-013  -2.2192850649230747E-013  -4.6076420753991415E-014   2.6172329260242074E-014   1.4183954825181002E-014   3.9677151704908929E-014   1.4604454819341173E-015   4.2927468363105271E-016
  -8.6424904712978166E-019  -2.5631346606296637E-020   3.7122724936362381E-019  -1.4714083225082747E-019   3.4398980663335236E-019   9.0370194996182578E-019   3.8742955039077112E-017  -3.9921080488945484E-015   3.6569116427294967E-006   1.6745625115432791E-012   2.4959964540744129E-017  -9.8038681398815063E-014  -2.6937810736479907E-005  -8.6724789658513707E-012   1.1642408239449093E-018  -1.8309208197062828E-019  -1.4773681334248978E-019   9.3275794341739624E-019   1.2839189958806374E-019  -2.2287244441038126E-018   6.6033488883418323E-013  -6.3184949441531173E-004  -1.4847429731474150E-010  -6.7401124166122146E-017  -5.1651001709314791E-019   1.4335512198316979E-019  -7.6218624611018663E-019   4.2715953299616022E-019   3.3860698909922513E-019   3.8611600347724887E-020   9.7841880072431083E-013  -2.2054747864418771E-003  -5.0104632323441701E-010  -1.0143806233180070E-016  -4.6265560559096854E-014   1.5702790989755571E-012   2.9489878379270230E-013   4.7961871316890130E-014   2.6169852273358999E-013   1.4096914690576097E-014  -9.6247240785258167E-013  -7.6701489332462447E-013  -2.7905714620405049E-013   3.5190191652462196E-013   7.0478124756588370E-017   2.0590481203605453E-017
   4.4923278659823159E-019  -1.1137078657711366E-018  -3.5806430593076605E-019  -6.5714234166932066E-019  -2.9985972157308401E-020   2.3815468232526225E-019  -2.4573890063092339E-016  -2.1328987854243567E-012   1.6745625115432791E-012   3.6569108351744389E-006  -1.2187647798647638E-016   1.2326377680611724E-011  -8.6724780514227457E-012  -2.6937806399966462E-005   1.1115101187594865E-018   8.8207028464302925E-019   5.6440896067700979E-019  -2.4511999244756612E-019  -5.6620115378068142E-019   3.8568367257419248E-020   1.8581101372676294E-010  -1.4847428989506292E-010  -6.3184942321173538E-004   1.0908199310253544E-016   6.9350595676087947E-019  -5.6260981010453404E-019  -8.5651511139461126E-019  -4.8907014470576709E-019   3.0380760521997326E-020   3.8125325648306147E-019   6.4052406620234754E-010  -5.0104629493117173E-010  -2.2054745445314575E-003   1.5158963613008371E-016  -3.5803852892813983E-013   2.9488735631547814E-013   1.4091598466930478E-012   2.6180859610409624E-014   7.9710371953641703E-014   4.5418224303601401E-013   3.3736394630253749E-013  -5.0368111693947670E-013  -7.4750375042039752E-013  -6.7490194196394782E-013  -9.5052146337685742E-017  -2.7661815470712756E-017
   2.6178031126495839E-008   7.2766236558760019E-010   5.3979355243828284E-009  -1.4821703402055220E-008  -1.0193038901004291E-008  -1.1356337264830885E-008  0.28051040396842325        1.7047423203301536E-016   2.4959964540744129E-017  -1.2187647798647638E-016  0.15845178815255581       -1.3444229282421757E-016  -1.2374557774552255E-016   4.9817771274761317E-017  -1.1901018776574480E-008   3.0599318551962164E-010  -2.6214977460191699E-009   6.0129720354966933E-009  -5.2192853476106140E-010   5.8880109173090733E-009  -5.6328974115579233E-016  -5.0377108521032107E-016  -1.9112151254296811E-015  -8.3580280098678739E-002  -4.8294060860286367E-009   1.0609643591036561E-010  -1.0590437145643322E-009   2.4606357035430443E-009  -6.5453713171001363E-011   2.3687575402771334E-009  -2.1557197167912131E-015  -1.9878330732466936E-015  -6.6452142506815441E-015  -6.6009861305840523E-002  -2.8651280983191867E-018  -6.3266739251972338E-018  -4.0704806595174421E-018   6.4352353435261860E-018   2.6984588431953860E-018   5.8769927080761040E-018   1.6735535673137591E-017   4.8372714217262082E-019   5.4798828742466703E-018   1.0976727459993023E-017   3.7060305384778086E-002   1.0268480760695741E-002
   8.1242085707131772E-018  -3.2208576128425733E-019   2.5683014424909570E-017  -1.1063442938772969E-017  -1.6088229001108109E-017   9.6958837421689077E-018  -1.8811915023450983E-016  -2.6937708783834054E-005  -9.8038681398815063E-014   1.2326377680611724E-011  -1.3444229282421757E-016   1.9843073625039204E-004   1.6610927921054219E-012  -6.5863410773348225E-011  -1.4811129065655293E-017   3.5692659577134705E-018  -1.9019126010858289E-017   9.5010277325920851E-018   8.8518171041913405E-018  -7.4939148511097751E-018   4.6543696399086150E-003   1.7158949913658523E-011  -7.8383643406604691E-010   7.8887244366184350E-016  -1.0298592446245543E-017  -4.7231535044316156E-019   5.3750712469847646E-018  -2.3772281507646475E-017  -5.7172501578761252E-018  -2.5138290756556441E-017   1.6246108148992938E-002   6.9664803906554649E-011  -2.6766840477941615E-009   9.2995621265824345E-016  -2.7854623919949171E-012  -3.5089547087714938E-013   5.8489154163885870E-013   2.1018048710487280E-012   2.6758599034090240E-012   1.6347873515500858E-012   3.3941159058676498E-013  -1.9279224251689177E-013  -1.0448229728250666E-013  -2.9227244192842563E-013  -7.0236074863302968E-016  -2.0309700994339088E-016
   6.3663066510753826E-018   1.8880671582299450E-019  -2.7345592685398224E-018   1.0838723862410407E-018  -2.5339275820937470E-018  -6.6569202516524657E-018  -1.5472550698848886E-016  -9.8054434189177396E-014  -2.6937810736479907E-005  -8.6724780514227457E-012  -1.2374557774552255E-016   1.6610927921054219E-012   1.9843127703594391E-004   3.6902610572064868E-011  -8.5761190189399203E-018   1.3487073572334261E-018   1.0882693520265486E-018  -6.8709482286220637E-018  -9.4577079983918817E-019   1.6417395434069001E-017   1.7158731411557141E-011   4.6543760848967615E-003   4.6083406537652410E-010  -2.3481677389116452E-016   3.8047480706092601E-018  -1.0559934428616018E-018   5.6144699586396981E-018  -3.1465711387544531E-018  -2.4942716582606927E-018  -2.8442013861557008E-019   6.9663905442613871E-011   1.6246130118940424E-002   1.4818136074730472E-009  -5.4522553529366383E-016   3.4080439345926650E-013  -1.1567104767683114E-011  -2.1723036345211942E-012  -3.5330021779641175E-013  -1.9277427583368997E-012  -1.0384126419591568E-013   7.0898351768868774E-012   5.6500408538163356E-012   2.0556104669037333E-012  -2.5922063829694759E-012   3.7798477680907012E-016   1.1249042396388319E-016
  -3.3093120235186858E-018   8.2038730764015477E-018   2.6375743406872825E-018   4.8407684053352859E-018   2.2093792292688508E-019  -1.7542495284026457E-018   3.0279552817792668E-016   1.2326353440095764E-011  -8.6724789658513707E-012  -2.6937806399966462E-005   4.9817771274761317E-017  -6.5863410773348225E-011   3.6902610572064868E-011   1.9843125696759978E-004  -8.1876250030879694E-018  -6.4975725868517348E-018  -4.1575794684686943E-018   1.8055910100762220E-018   4.1707968113927061E-018  -2.8413977071082189E-019  -7.8383725486562940E-010   4.6083416871637670E-010   4.6543758389442471E-003  -1.7650768690143996E-016  -5.1085295018687518E-018   4.1443373842637473E-018   6.3093306514554495E-018   3.6026082367231272E-018  -2.2379302851201999E-019  -2.8084322548951289E-018  -2.6766868740577623E-009   1.4818139504665455E-009   1.6246129309251456E-002  -4.3778223584297733E-016   2.6374094313988207E-012  -2.1722194720868996E-012  -1.0380256861273254E-011  -1.9285506751375889E-013  -5.8716782450903758E-013  -3.3456305285394837E-012  -2.4851161132472898E-012   3.7102522125793770E-012   5.5063169843374876E-012   4.9715127947208268E-012   2.7497270324476848E-016   8.1945158458042273E-017
  -1.9654700384962015E-015  -5.4629089747224965E-017  -4.0528300797180874E-016   1.1128217054112055E-015   7.6526644215783736E-016   8.5264905286491042E-016  -2.1057216716940288E-008   2.0106550485749800E-018   1.1642408239449093E-018   1.1115101187594865E-018  -1.1901018776574480E-008  -1.4811129065655293E-017  -8.5761190189399203E-018  -8.1876250030879694E-018   8.9414290042907707E-016  -2.2973749133068246E-017   1.9695317510650879E-016  -4.5178259689808655E-016   3.9083664384121948E-017  -4.4235758473468487E-016  -3.4740843705052983E-016  -2.0116040832439391E-016  -1.9204760006958054E-016   5.9486202776172666E-009   3.6051258948216606E-016  -7.9237123618432750E-018   7.9058007997853185E-017  -1.8368092244756626E-016   4.9158032206174134E-018  -1.7683062736518751E-016  -1.2126314438425080E-015  -7.0215169505159749E-016  -6.7034340302284877E-016   4.3619702800283710E-009   3.2362131443567460E-025   1.1003102179670460E-024   7.7641121562823005E-025  -6.1845536924939761E-025  -3.2006588802964708E-025  -4.2198243316603540E-025  -1.4625286812463453E-024  -4.1046775953778339E-025  -7.1328357741144554E-025  -9.0337013283965253E-025  -2.3683211975367785E-009  -6.4887278001847459E-010
   5.0576066555821510E-017   1.4059874022186626E-018   1.0428797215122991E-017  -2.8635753616780272E-017  -1.9694132915416807E-017  -2.1940331261235066E-017   5.4206591149088619E-010  -4.8454088635434308E-019  -1.8309208197062828E-019   8.8207028464302925E-019   3.0599318551962164E-010   3.5692659577134705E-018   1.3487073572334261E-018  -6.4975725868517348E-018  -2.2973749133068246E-017   5.9119571159779771E-019  -5.0606773341030136E-018   1.1606876896200842E-017  -1.0116276438696700E-018   1.1366803944815979E-017   8.3720292081131540E-017   3.1635107085356214E-017  -1.5240614990126124E-016  -1.7179511134720993E-010  -9.3962420160988658E-018   2.0630859385844744E-019  -2.0604779417266203E-018   4.7876223326034590E-018  -1.2641011109793891E-019   4.6085972558604658E-018   2.9222623352843461E-016   1.1042255181846856E-016  -5.3197466277049340E-016  -1.4629633806825219E-010  -1.3892088817193089E-025  -2.5724480857731948E-026   3.2754557680703346E-025   5.4100950683789500E-026   5.8671004312768705E-026   1.4956660496557352E-025   1.6873415153661536E-025  -8.5345649338023250E-026  -1.5742121971165015E-025  -1.6471060836125599E-025   8.4683211574004251E-011   2.3695099464960366E-011
  -4.3295480363207110E-016  -1.2033792616219575E-017  -8.9275942638680302E-017   2.4513304390671264E-016   1.6857384981149724E-016   1.8782191822639208E-016  -4.6385517452726409E-009   2.5819145272399822E-018  -1.4773681334248978E-019   5.6440896067700979E-019  -2.6214977460191699E-009  -1.9019126010858289E-017   1.0882693520265486E-018  -4.1575794684686943E-018   1.9695317510650879E-016  -5.0606773341030136E-018   4.3383009557301123E-017  -9.9514038771212742E-017   8.6109273666168596E-018  -9.7438537876551663E-017  -4.4611059558241567E-016   2.5526262139566655E-017  -9.7519628146514355E-017   1.3152926387681083E-009   7.9445336362858142E-017  -1.7460747271194811E-018   1.7421818193864507E-017  -4.0477409607213975E-017   1.0828334726708951E-018  -3.8967698875005164E-017  -1.5571519951592151E-015   8.9099590641873656E-017  -3.4039290628765333E-016   9.6981867161911851E-010   2.6593054823729042E-025   1.2230309888714716E-025   2.1524843637347237E-025  -3.0611752216219416E-025  -3.0456119018947624E-025  -1.8461566677183673E-025  -2.1360505429809949E-025  -3.4478537579575318E-026  -1.8340046032429036E-025  -2.7354007020089711E-025  -5.2794283169207614E-010  -1.4477570287607172E-010
   9.9300431594862277E-016   2.7599683531486829E-017   2.0475912546915095E-016  -5.6222485450823851E-016  -3.8662927594779859E-016  -4.3077982531799669E-016   1.0638384296857735E-008  -1.2897944787658228E-018   9.3275794341739624E-019  -2.4511999244756612E-019   6.0129720354966933E-009   9.5010277325920851E-018  -6.8709482286220637E-018   1.8055910100762220E-018  -4.5178259689808655E-016   1.1606876896200842E-017  -9.9514038771212742E-017   2.2827288235302894E-016  -1.9739307594674340E-017   2.2350833904251476E-016   2.2285516678629162E-016  -1.6116390372731234E-016   4.2351626300595662E-017  -2.9840842339094590E-009  -1.8200402114714619E-016   4.0005102484184290E-018  -3.9912331685896942E-017   9.2730649754167152E-017  -2.4836824897131873E-018   8.9272841203940532E-017   7.7787743188681319E-016  -5.6254366901276690E-016   1.4782863565041713E-016  -2.1650249310618582E-009  -2.4362970686984290E-025   1.1852290336296496E-025  -1.4121816116089074E-025   3.5615508427253243E-025   3.0630958133768872E-025   2.7506790216795337E-025   3.6973130081574253E-025  -1.5774973010929049E-025   1.7814165650673115E-025   5.4191074018797908E-025   1.1695184892670923E-009   3.1986305829776508E-010
  -8.6528050652215964E-017  -2.4070629055145684E-018  -1.7841676486240090E-017   4.8993327298125448E-017   3.3706897888208862E-017   3.7534753427359579E-017  -9.2876794280200144E-010  -1.2016678260962717E-018   1.2839189958806374E-019  -5.6620115378068142E-019  -5.2192853476106140E-010   8.8518171041913405E-018  -9.4577079983918817E-019   4.1707968113927061E-018   3.9083664384121948E-017  -1.0116276438696700E-018   8.6109273666168596E-018  -1.9739307594674340E-017   1.7685129345924644E-018  -1.9344250608236437E-017   2.0762725654735718E-016  -2.2183881222235487E-017   9.7829674957330231E-017   4.1347283277028744E-010   1.6838129695705251E-017  -3.6837260997469314E-019   3.6920418490749163E-018  -8.5809858511461133E-018   2.1572711418378622E-019  -8.2571330941435878E-018   7.2472431919347056E-016  -7.7432984635863162E-017   3.4147512262247556E-016   4.6773303732350461E-010  -7.1118592212596466E-026   1.0721205525444019E-026  -1.6503011665177569E-025   7.0806974659607239E-026   1.1791211560697018E-025  -1.5802961957278988E-026  -1.3594906374377450E-025   3.7183483074638705E-026   8.0478840892246454E-026   7.0867260411176575E-026  -2.9647595843818843E-010  -8.5224731190869524E-011
   9.7245987584268060E-016   2.7029244144991218E-017   2.0052267678852981E-016  -5.5059354107550554E-016  -3.7863489328580482E-016  -4.2186669066699634E-016   1.0418770147858487E-008   1.0173320273612383E-018  -2.2287244441038126E-018   3.8568367257419248E-020   5.8880109173090733E-009  -7.4939148511097751E-018   1.6417395434069001E-017  -2.8413977071082189E-019  -4.4235758473468487E-016   1.1366803944815979E-017  -9.7438537876551663E-017   2.2350833904251476E-016  -1.9344250608236437E-017   2.1884790240934056E-016  -1.7577635818422399E-016   3.8508420832559704E-016  -6.6649177325995666E-018  -2.9645502598841289E-009  -1.7850769945601285E-016   3.9231826557252836E-018  -3.9145485678322022E-017   9.0949830414853664E-017  -2.4321059632519907E-018   8.7557359571254203E-017  -6.1354855330108248E-016   1.3441389342651920E-015  -2.3263951587755408E-017  -2.1969904118727458E-009   1.2811644460054228E-026  -1.1797775058745044E-024  -3.3483797560911650E-025   1.3142801951096597E-025  -1.4861153067631854E-025   1.5331282467784599E-025   1.1890502644518753E-024   4.8364348372056497E-025   3.6695375477592272E-025   2.0062456030718393E-025   1.1988361263526630E-009   3.2901971886489175E-010
   1.9056098969793695E-016  -7.5547640945159271E-018   6.0241808080168521E-016  -2.5950314692100834E-016  -3.7736391700955913E-016   2.2742538478022717E-016   6.1674217222803364E-016  -6.3184795007747475E-004   6.6033488883418323E-013   1.8581101372676294E-010  -5.6328974115579233E-016   4.6543696399086150E-003   1.7158731411557141E-011  -7.8383725486562940E-010  -3.4740843705052983E-016   8.3720292081131540E-017  -4.4611059558241567E-016   2.2285516678629162E-016   2.0762725654735718E-016  -1.7577635818422399E-016  0.10917238505615245       -1.0894713307031613E-010  -5.3455302209201317E-010   4.3288301549093060E-015  -2.4156284289843629E-016  -1.1078557688462518E-017   1.2607707049440803E-016  -5.5759993570675078E-016  -1.3410319586574747E-016  -5.8964092757045414E-016  0.38106693531555824       -1.5108481140973205E-010  -4.7487601111493455E-010  -2.4702389191345777E-015  -6.5335491041525325E-011  -8.2305728348615105E-012   1.3719112436909399E-011   4.9299704403703227E-011   6.2764675098172046E-011   3.8345380441701016E-011   7.9611908247660202E-012  -4.5221001386039674E-012  -2.4507044414083123E-012  -6.8554910692303257E-012   2.9922543373867794E-016   1.6916493682849088E-016
   1.4932757709859932E-016   4.4286174657952527E-018  -6.4141367033145306E-017   2.5422934829173234E-017  -5.9435593898971935E-017  -1.5614394587079127E-016   3.4295304768478359E-016   6.5993573051349005E-013  -6.3184949441531173E-004  -1.4847428989506292E-010  -5.0377108521032107E-016   1.7158949913658523E-011   4.6543760848967615E-003   4.6083416871637670E-010  -2.0116040832439391E-016   3.1635107085356214E-017   2.5526262139566655E-017  -1.6116390372731234E-016  -2.2183881222235487E-017   3.8508420832559704E-016  -1.0894713307031613E-010  0.10917238987347234        1.3155400427812343E-009   1.1476854264890895E-015   8.9243626620783235E-017  -2.4769241336680598E-017   1.3169219872675229E-016  -7.3805524196447906E-017  -5.8505284594227859E-017  -6.6713004221074380E-018  -1.5108799628071878E-010  0.38106693978500616        1.6193233880723964E-009   5.6136487806088476E-016   7.9938547767514591E-012  -2.7131637572233809E-010  -5.0953226971268913E-011  -8.2869599834896552E-012  -4.5216861711267700E-011  -2.4356794222380064E-012   1.6629818032986491E-010   1.3252655490603212E-010   4.8216098356776943E-011  -6.0802437912363068E-011  -5.7120473326301844E-016  -1.5273773620692924E-016
  -7.7623261185923931E-017   1.9242888454109388E-016   6.1866572315557525E-017   1.1354463659983562E-016   5.1824350755644262E-018  -4.1147156035894264E-017   1.4887895900681635E-015   1.8581033371721838E-010  -1.4847429731474150E-010  -6.3184942321173538E-004  -1.9112151254296811E-015  -7.8383643406604691E-010   4.6083406537652410E-010   4.6543758389442471E-003  -1.9204760006958054E-016  -1.5240614990126124E-016  -9.7519628146514355E-017   4.2351626300595662E-017   9.7829674957330231E-017  -6.6649177325995666E-018  -5.3455302209201317E-010   1.3155400427812343E-009  0.10917238937656842        2.1432223182738888E-015  -1.1982487626014212E-016   9.7208996288398743E-017   1.4799081484464439E-016   8.4502126823137379E-017  -5.2492735721538530E-018  -6.5874351784344713E-017  -4.7487510235869643E-010   1.6193229725578430E-009  0.38106693919543788       -5.4554813422533810E-016   6.1862695750092994E-011  -5.0951254190254057E-011  -2.4347784795149689E-010  -4.5235727364637792E-012  -1.3772512258674815E-011  -7.8474635749699698E-011  -5.8290549495683820E-011   8.7027145243910239E-011   1.2915539725746996E-010   1.1661111366788591E-010  -1.5133221615407045E-016  -1.0703451222637321E-017
  -1.4647570210265361E-008  -4.1239353242662182E-010  -3.0189652971834683E-009   8.2992531694592511E-009   5.7458049408633555E-009   6.3483182853653962E-009 -0.16137541052875834       -1.2406445939099515E-015  -6.7401124166122146E-017   1.0908199310253544E-016  -8.3580280098678739E-002   7.8887244366184350E-016  -2.3481677389116452E-016  -1.7650768690143996E-016   5.9486202776172666E-009  -1.7179511134720993E-010   1.3152926387681083E-009  -2.9840842339094590E-009   4.1347283277028744E-010  -2.9645502598841289E-009   4.3288301549093060E-015   1.1476854264890895E-015   2.1432223182738888E-015  0.43115524902849084        5.1539775126122789E-009  -1.0890835380459734E-010   1.1290903243735163E-009  -2.6309752500692252E-009   3.4882480899362425E-011  -2.5230838777203166E-009   1.2513053205648517E-014   1.6352661171249713E-015   5.0407634858031192E-015  0.73603380431084409       -2.6812034597763709E-017  -7.6987223357627551E-018   1.1386489013793989E-017  -1.6737664619008992E-018   2.8234309599255750E-017  -1.8240761544553652E-018  -3.6669016605579353E-017  -1.0560932408955533E-017  -1.0591714914084557E-017   3.2059704835309743E-018 -0.50813275436705396      -0.14941570836315332     
  -8.0352361350706972E-016  -2.2370573824931832E-017  -1.6567807273169756E-016   4.5498610115461216E-016   3.1315672135658427E-016   3.4853777762370842E-016  -8.6399100266465276E-009   1.3980603236314785E-018  -5.1651001709314791E-019   6.9350595676087947E-019  -4.8294060860286367E-009  -1.0298592446245543E-017   3.8047480706092601E-018  -5.1085295018687518E-018   3.6051258948216606E-016  -9.3962420160988658E-018   7.9445336362858142E-017  -1.8200402114714619E-016   1.6838129695705251E-017  -1.7850769945601285E-016  -2.4156284289843629E-016   8.9243626620783235E-017  -1.1982487626014212E-016   5.1539775126122789E-009   1.6474690602894225E-016  -3.5902164559780571E-018   3.6119858049560107E-017  -8.3973814057314401E-017   1.9973481534404875E-018  -8.0773295779836499E-017  -8.4317672166048804E-016   3.1150545447822175E-016  -4.1824953697586008E-016   6.7339502130035902E-009  -2.0205134374262677E-026  -2.9142927792516456E-026   3.8150941122697862E-025  -2.9544374823800882E-025  -4.3251675668321018E-026  -1.7123598601025919E-025  -5.1525989092459109E-025  -6.1321886242457389E-026  -3.1580099453102372E-025  -4.3650043704806280E-025  -4.4197274642740065E-009  -1.2826763800904104E-009
   1.7643116867653876E-017   4.9113678604971617E-019   3.6378394074164407E-018  -9.9901480380521419E-018  -6.8755701451806389E-018  -7.6529746995634974E-018   1.8965914318862455E-010   6.4118877509399693E-020   1.4335512198316979E-019  -5.6260981010453404E-019   1.0609643591036561E-010  -4.7231535044316156E-019  -1.0559934428616018E-018   4.1443373842637473E-018  -7.9237123618432750E-018   2.0630859385844744E-019  -1.7460747271194811E-018   4.0005102484184290E-018  -3.6837260997469314E-019   3.9231826557252836E-018  -1.1078557688462518E-017  -2.4769241336680598E-017   9.7208996288398743E-017  -1.0890835380459734E-010  -3.5902164559780571E-018   7.8282176202461524E-020  -7.8714657399374964E-019   1.8299342888834209E-018  -4.3875434370915418E-020   1.7602856583616384E-018  -3.8669777782487255E-017  -8.6457201119861668E-017   3.3930863825334223E-016  -1.4011356806257150E-010   6.1855777612717074E-026   1.4297421580829930E-026  -2.1061805061069181E-025  -3.0769705775948164E-027  -1.0623449403743528E-026  -6.9453168288182152E-026  -7.5426811064324417E-026   4.9615052842122826E-026   1.0903417074747005E-025   1.2444253669327759E-025   9.1645116327078381E-011   2.6572301693422925E-011
  -1.7620278720851434E-016  -4.9055748959460459E-018  -3.6331155563318835E-017   9.9772805596754421E-017   6.8671271741146570E-017   7.6430039794318641E-017  -1.8946125766184164E-009  -7.2968832609604879E-019  -7.6218624611018663E-019  -8.5651511139461126E-019  -1.0590437145643322E-009   5.3750712469847646E-018   5.6144699586396981E-018   6.3093306514554495E-018   7.9058007997853185E-017  -2.0604779417266203E-018   1.7421818193864507E-017  -3.9912331685896942E-017   3.6920418490749163E-018  -3.9145485678322022E-017   1.2607707049440803E-016   1.3169219872675229E-016   1.4799081484464439E-016   1.1290903243735163E-009   3.6119858049560107E-017  -7.8714657399374964E-019   7.9190842582825435E-018  -1.8410786487834476E-017   4.3799878144335496E-019  -1.7709115997182092E-017   4.4007285159704520E-016   4.5967247374528023E-016   5.1656290146727204E-016   1.4746473999208176E-009  -4.5438475111948134E-027  -3.7983511863912673E-025  -3.3484856333035461E-025   3.2988861903660200E-028   2.4943845379237205E-026  -1.0243259386386796E-025  -2.2109329626374955E-026   2.5419100864577802E-025   1.8243501902173350E-025   1.6706130327777212E-026  -9.6778006740681798E-010  -2.8085899653463859E-010
   4.0941491769376049E-016   1.1398420821246943E-017   8.4417009361144455E-017  -2.3182661355739644E-016  -1.5956154306199039E-016  -1.7758843924639036E-016   4.4023016139817757E-009   3.2271814796691669E-018   4.2715953299616022E-019  -4.8907014470576709E-019   2.4606357035430443E-009  -2.3772281507646475E-017  -3.1465711387544531E-018   3.6026082367231272E-018  -1.8368092244756626E-016   4.7876223326034590E-018  -4.0477409607213975E-017   9.2730649754167152E-017  -8.5809858511461133E-018   9.0949830414853664E-017  -5.5759993570675078E-016  -7.3805524196447906E-017   8.4502126823137379E-017  -2.6309752500692252E-009  -8.3973814057314401E-017   1.8299342888834209E-018  -1.8410786487834476E-017   4.2802690493799634E-017  -1.0176755088733942E-018   4.1171228540256762E-017  -1.9463062726846366E-015  -2.5761866263479427E-016   2.9495523005301247E-016  -3.4400198781920596E-009   4.2923165894606332E-025   1.2578103971061661E-025  -3.1911314971142710E-025  -1.5568977503141557E-025  -3.6089740939285081E-025  -1.6807339163707380E-025   1.5756842817264665E-025   4.3868212054514055E-026   1.9151100613583032E-025   3.0585834258631663E-025   2.2581693886368194E-009   6.5538555754029058E-010
  -1.0814468959474243E-017  -3.0061116906825425E-019  -2.2299527657683365E-018   6.1230347916277779E-018   4.2109097631423086E-018   4.6914381053250675E-018  -1.1588639802286112E-010   7.7613785526254651E-019   3.3860698909922513E-019   3.0380760521997326E-020  -6.5453713171001363E-011  -5.7172501578761252E-018  -2.4942716582606927E-018  -2.2379302851201999E-019   4.9158032206174134E-018  -1.2641011109793891E-019   1.0828334726708951E-018  -2.4836824897131873E-018   2.1572711418378622E-019  -2.4321059632519907E-018  -1.3410319586574747E-016  -5.8505284594227859E-017  -5.2492735721538530E-018   3.4882480899362425E-011   1.9973481534404875E-018  -4.3875434370915418E-020   4.3799878144335496E-019  -1.0176755088733942E-018   2.7038134200321963E-020  -9.7966742117017682E-019  -4.6808809618597154E-016  -2.0421307798105971E-016  -1.8322623866704052E-017   2.7914106264510332E-011   7.4154644627451766E-026   1.6056119836560258E-025   2.3850679559305308E-026  -5.8556105084841674E-026  -5.3291225253716279E-026  -4.4449984181232742E-026  -1.0303419768266768E-025  -6.9859762973834621E-026  -3.1309419880573483E-026   3.0871990567517555E-026  -1.5759482352924797E-011  -4.3745098415353114E-012
   3.9410676576196509E-016   1.0972100551180133E-017   8.1260665077415239E-017  -2.2315839618636925E-016  -1.5359443647123112E-016  -1.7094849973518427E-016   4.2375887404459937E-009   3.4126219466964944E-018   3.8611600347724887E-020   3.8125325648306147E-019   2.3687575402771334E-009  -2.5138290756556441E-017  -2.8442013861557008E-019  -2.8084322548951289E-018  -1.7683062736518751E-016   4.6085972558604658E-018  -3.8967698875005164E-017   8.9272841203940532E-017  -8.2571330941435878E-018   8.7557359571254203E-017  -5.8964092757045414E-016  -6.6713004221074380E-018  -6.5874351784344713E-017  -2.5230838777203166E-009  -8.0773295779836499E-017   1.7602856583616384E-018  -1.7709115997182092E-017   4.1171228540256762E-017  -9.7966742117017682E-019   3.9602166092289144E-017  -2.0581455697255412E-015  -2.3286212364181463E-017  -2.2993485473505356E-016  -3.2940851111695996E-009   3.6542443591194883E-025   3.3509486670418592E-026  -1.5322014884410886E-026  -1.7249112033644232E-025  -3.8516449014058676E-025  -7.5944328775370816E-026   3.2380700212173413E-025   4.9551013492763734E-027   3.9618756727087987E-026   1.0487422378236750E-025   2.1616666428900189E-009   6.2732287334940012E-010
   6.6515437437035891E-016  -2.6369952471714033E-017   2.1027443085414746E-015  -9.0579744243470491E-016  -1.3171912497426345E-015   7.9382982669438246E-016   1.9106125743016041E-015  -2.2054694673712435E-003   9.7841880072431083E-013   6.4052406620234754E-010  -2.1557197167912131E-015   1.6246108148992938E-002   6.9663905442613871E-011  -2.6766868740577623E-009  -1.2126314438425080E-015   2.9222623352843461E-016  -1.5571519951592151E-015   7.7787743188681319E-016   7.2472431919347056E-016  -6.1354855330108248E-016  0.38106693531555824       -1.5108799628071878E-010  -4.7487510235869643E-010   1.2513053205648517E-014  -8.4317672166048804E-016  -3.8669777782487255E-017   4.4007285159704520E-016  -1.9463062726846366E-015  -4.6808809618597154E-016  -2.0581455697255412E-015   1.3301166693033457        2.7263602443358681E-010   3.1976870592948501E-009  -1.3428852368479284E-014  -2.2805396472599840E-010  -2.8728870377936290E-011   4.7886649893572965E-011   1.7208094566430711E-010   2.1908051513131738E-010   1.3384480417091835E-010   2.7788589069740788E-011  -1.5784419188917697E-011  -8.5541983869571477E-012  -2.3929135762877947E-011   4.4041279644704349E-015   1.5814445910548268E-015
   5.2122885303434568E-016   1.5458112059651131E-017  -2.2388586762368509E-016   8.8738934767762007E-017  -2.0746031719010059E-016  -5.4502144699816590E-016   8.7727530993634335E-016   9.7700710316246702E-013  -2.2054747864418771E-003  -5.0104629493117173E-010  -1.9878330732466936E-015   6.9664803906554649E-011   1.6246130118940424E-002   1.4818139504665455E-009  -7.0215169505159749E-016   1.1042255181846856E-016   8.9099590641873656E-017  -5.6254366901276690E-016  -7.7432984635863162E-017   1.3441389342651920E-015  -1.5108481140973205E-010  0.38106693978500616        1.6193229725578430E-009   1.6352661171249713E-015   3.1150545447822175E-016  -8.6457201119861668E-017   4.5967247374528023E-016  -2.5761866263479427E-016  -2.0421307798105971E-016  -2.3286212364181463E-017   2.7263602443358681E-010   1.3301166418121473       -4.7235445690062375E-009  -2.4590466765032713E-015   2.7902600479173913E-011  -9.4703157987404913E-010  -1.7785256482627391E-010  -2.8925687712279137E-011  -1.5782975057740475E-010  -8.5017527118776627E-012   5.8046488602713087E-010   4.6258480296244862E-010   1.6829860265950101E-010  -2.1223130978255642E-010   1.0978063166847987E-015   3.7899534517673304E-016
  -2.7094449298817079E-016   6.7167428021379338E-016   2.1594568670556293E-016   3.9632828728959496E-016   1.8089316358785402E-017  -1.4362441423066436E-016   5.3265478626695165E-015   6.4052169788403260E-010  -5.0104632323441701E-010  -2.2054745445314575E-003  -6.6452142506815441E-015  -2.6766840477941615E-009   1.4818136074730472E-009   1.6246129309251456E-002  -6.7034340302284877E-016  -5.3197466277049340E-016  -3.4039290628765333E-016   1.4782863565041713E-016   3.4147512262247556E-016  -2.3263951587755408E-017  -4.7487601111493455E-010   1.6193233880723964E-009  0.38106693919543788        5.0407634858031192E-015  -4.1824953697586008E-016   3.3930863825334223E-016   5.1656290146727204E-016   2.9495523005301247E-016  -1.8322623866704052E-017  -2.2993485473505356E-016   3.1976870592948501E-009  -4.7235445690062375E-009   1.3301166437504601       -6.3109035008409930E-015   2.1593214309810791E-010  -1.7784567873125290E-010  -8.4986101925636917E-010  -1.5789559370708276E-011  -4.8073042091501007E-011  -2.7391622881760573E-010  -2.0346354870903153E-010   3.0376881603633579E-010   4.5081775756483828E-010   4.0703185655780901E-010   2.5407370345779623E-015   8.6704104889374613E-016
