   3.2967787671729563E-005   4.4391785524162764E-010   5.8602235584174008E-010   1.0258648623511057E-016  -1.8630196123517677E-017  -1.6941582602687986E-018   2.5493008986121532E-018  -2.0249988751912428E-017  -4.2589266314825495E-019  -1.9823311759438292E-017   2.0952174652909177E-003   2.1817628191572215E-008   1.8276647816092940E-008   2.1821784199324548E-015   3.9034802353832863E-017   9.8120363820146117E-017   3.0387176601645702E-018  -2.7073106445599910E-017  -2.3761332811494547E-018  -8.3828884022734679E-018   4.8967347894598853E-003   5.1240473816867136E-008   4.1517517572356319E-008   4.2552859340032676E-015  -1.7493315744495929E-010  -3.1636517459386096E-010  -1.0760356875585853E-011  -1.0833528567636036E-011   1.0912406050076202E-010   2.4553070898714840E-010   1.8478153755055144E-010   8.1008266482304039E-011   6.8454751942346581E-011  -5.2359758854907232E-011   3.2514292066521427E-016   8.4625722733448877E-016   6.7999079303717211E-017  -2.3642758069008311E-016  -2.9555216977799033E-017  -7.4949185453824704E-017   2.8694242889627610E-003   3.0220871029366048E-008   2.4577573755219985E-008   2.2709784508268453E-015   5.9799642618733319E-015   4.6296132864526253E-016  -1.7002197023131260E-015  -2.0140775043517908E-016  -5.6761281049434388E-016  -5.3401774655641191E-003  -5.1861781444029962E-008  -4.2446059076145467E-008  -3.9989961933295677E-015  -7.1484842521565589E-011  -1.4982640159449520E-010  -2.3136398132967285E-011  -1.7390321153507915E-011   4.3761412292618308E-011   1.1329715455123687E-010   8.9409816347236503E-011   3.9214547872103403E-011   2.9870552752260394E-011  -1.1983955873575211E-011  -8.6961918876952761E-015  -1.4676581299969678E-003  -1.4043818249798822E-008  -1.1508360684344237E-008   6.7225694950723843E-015  -1.5665443453544506E-015
   4.4391785524162764E-010   3.2967793938510168E-005  -2.5965773739356979E-010   2.9922271006071310E-018   2.1475413389831206E-017  -1.7686519578715517E-018  -5.5245325991303441E-018  -3.0459608733661744E-017  -1.1087378167174943E-018  -2.6605010884436909E-017   6.7208435066580884E-009   2.0952172997891678E-003  -5.3349313969712045E-009  -1.3871184037452552E-015  -1.1042316867917958E-016   1.0961123946679557E-017   3.0558572477488796E-017  -2.4520476275681946E-017   1.4681156440367309E-018  -4.7600152247985025E-017   1.4420237979536064E-008   4.8967355498827731E-003  -1.1922904823194650E-008  -3.1860428487103105E-015  -3.0298299519647018E-011  -1.7294775992509885E-010   8.4026420381622975E-011   2.1792103166522854E-010   2.9298908951780857E-010  -1.7727158319816692E-010   1.8792766218265169E-010   5.5470350124123774E-011  -7.9183653833726339E-011  -1.0397469612559470E-010   1.2672019830032400E-017   8.6394433687980471E-017   1.6978123770756305E-016   3.9703654549756650E-017  -2.2764513164235341E-017  -9.4088358473869770E-017   8.6237828921160525E-009   2.8694246099049137E-003  -7.1804055955155419E-009  -4.1659181111026869E-017   6.0315000536849413E-016   1.2573727418544004E-015   5.0798458657907883E-016  -1.2090816650870002E-016  -4.6865625645233364E-016  -1.4850877576897685E-008  -5.3401779033021490E-003   1.2002357667610963E-008   2.3256997387220701E-015   2.4834542177799543E-012  -6.5523197202658786E-011   3.4252960895537003E-011   6.8913945984451784E-011   1.1226802766527576E-010  -7.2245841183975029E-011   6.8573373842619930E-011   9.9250641323132004E-012  -2.6477802863655219E-011  -3.2928336505833668E-011   5.1499723335984442E-015  -4.0250804523626144E-009  -1.4676582403350350E-003   3.2368055179649339E-009  -3.8019668047610678E-015   8.7135964020423046E-016
   5.8602235584174008E-010  -2.5965773739356979E-010   3.2968015709215070E-005   2.1725341858786481E-017  -2.2851298996664918E-017  -4.2725490050598880E-018   2.0199459438344207E-018  -9.9397123840927446E-018  -3.0228523008485242E-018  -3.1386760914610066E-018   1.9664553003676233E-008  -1.1290837515272544E-008   2.0952247316449995E-003  -2.6003471014265435E-016  -4.8788968494225799E-017   4.9737128476300114E-018  -7.1073027545438934E-019  -5.8423100708590726E-017   3.0052410026667862E-017  -4.5433926523680218E-017   4.4975869851390263E-008  -2.6459125518013999E-008   4.8967517010705475E-003  -1.0822498539406064E-015  -3.3139534290857723E-011  -4.5041546228150062E-011   3.5501700629014070E-010   1.9835897720335555E-010   1.5238623963085672E-010  -1.5389764686172084E-010   2.3211586429979645E-010  -3.0913659995989578E-010  -2.6637458564228815E-010  -3.4197346151179091E-011  -1.7358497286955374E-016   1.7928341303397149E-017   3.4160574405087344E-017  -3.9330548906035857E-017   2.0114268862228599E-016   1.7655749949454138E-016   2.6596265043314767E-008  -1.5708593195322838E-008   2.8694342967535338E-003  -1.0319421292643473E-015   1.3612240049135098E-016   2.1270750358977048E-016  -2.2455744996323421E-016   1.4409361249348622E-015   1.2583216161830587E-015  -4.5921860888092553E-008   2.6611382386843052E-008  -5.3401944336211047E-003  -1.6855564168721756E-015  -5.9528863652574280E-012  -1.3486356519966635E-011   1.5925265418718010E-010   8.7121237366833433E-011   4.9727863606819684E-011  -7.9134612651628875E-011   1.0113198960740978E-010  -1.4793589653224445E-010  -1.2219644396677675E-010  -8.4349133953404654E-012  -3.3284881647285117E-015  -1.2449941375141529E-008   7.1912127747779823E-009  -1.4676627144084697E-003   3.3856455840101990E-015  -8.5511476645162706E-016
   1.0258648623511057E-016   2.9922271006071310E-018   2.1725341858786481E-017   5.1141770767043760E-005   7.3484793100306666E-013   8.2387923436463772E-011   8.7772593477482088E-011  -3.3419752236101553E-011  -7.1193696096440952E-011   3.2685150327715405E-011   5.0210637885289137E-015   1.4433268483175834E-015   2.0247021000065921E-015   4.5648969466281272E-003  -6.4276845608880558E-011   2.7616178703098320E-011  -3.3134787754167342E-011   3.4851477015580594E-011  -4.6976494438936084E-011   2.9416929075486530E-011   1.1998132935236414E-014   3.1972391785867017E-015   4.6917913848442956E-015   8.9265009797790031E-003   1.4150578490617152E-018   4.6391261368419639E-018  -7.7151361967313611E-018   1.5722948559821435E-018  -4.2986475392399549E-019   1.7571423998624221E-018   5.8223366602712455E-018  -2.4680684008120529E-018   1.1299068118734492E-018  -6.7268645354747044E-019   5.8682498986433281E-011   3.2640753134302778E-010   6.6479521168030593E-010  -9.9769094712823063E-011  -1.1258659956044912E-011   4.1086090985885723E-011   6.3894397374569475E-015   2.9073092476189236E-015   3.1540697947696716E-015   6.0479490475789847E-010   2.2046138496287922E-009   4.7592437886517245E-009  -9.9812078200050408E-010  -6.3710310131792118E-011   3.9332737850613687E-010  -2.6912644270192095E-014   2.0780618741090423E-014   5.1079521762864169E-015  -2.7572686163466662E-003   6.8674919870093174E-019  -5.5424555655564285E-019   4.2549435185161184E-018  -1.3859542388646039E-018  -6.2931118848253591E-019   6.8067633398949760E-019  -5.5911903402606271E-018   4.7972132739243966E-018  -2.2438870623902554E-018   9.6320341188954990E-018  -6.6485334872072258E-003  -8.1189588937878489E-015   6.9737886599825980E-015   1.9336058449001131E-015   3.3859345613757455E-003  -6.4540650753590182E-004
  -1.8630196123517677E-017   2.1475413389831206E-017  -2.2851298996664918E-017   7.3484793100306666E-013   9.1317710100399263E-009  -1.9217671445423086E-014   7.2322579545462629E-014  -4.5658783935469476E-009   1.9510140374857965E-014  -4.5658926140566324E-009  -1.1409535841716920E-015   1.1867556132949061E-015  -1.4015411873000031E-015   6.0006791029259676E-011   2.0028787402542677E-006   4.7573726465304049E-012   5.4995857327499331E-012  -1.0014359462267598E-006   8.0405393965555877E-012  -1.0014427940261639E-006  -2.6824335616701008E-015   2.8298744294146573E-015  -3.2907221007720428E-015   1.1723073617014899E-010   3.0024972866815882E-021  -6.3795089711913133E-020  -1.4860710983239874E-020  -2.1920454690471582E-020   6.0924203044680033E-021  -5.4910160998904648E-021   2.3355904796379762E-019  -4.1136710972742567E-020  -7.3284879889985897E-020  -1.6732849321814057E-020   1.7491732727552368E-005   4.4643401200671515E-011   4.9511405998904467E-011  -8.7458356882655517E-006   6.8440868506773115E-011  -8.7458970392928120E-006  -1.3376624501793892E-015   8.8405642338047967E-016  -1.7298675904125970E-015   1.2329004911284017E-004   3.2099051754377427E-010   3.5082378643663828E-010  -6.1644797949940655E-005   4.8229300888872045E-010  -6.1645251162881776E-005   8.7137259085199104E-015  -2.2167796141633950E-014   8.4727077414984074E-015  -2.2659981587303597E-011  -5.5148700609229118E-021   7.5514936749481043E-020   2.1009072760234693E-020  -1.0045678047001209E-019  -1.0954108222493820E-021   4.3529567619279610E-020  -1.0869087412453865E-020  -5.8411386962263893E-020   2.7597120928522898E-020   1.4438841840598017E-020  -5.9176940838862096E-011   2.6951930823316951E-015  -7.0827228760508719E-015   2.5820662985052632E-015   1.8485541242792577E-011  -2.0747791985788852E-012
  -1.6941582602687986E-018  -1.7686519578715517E-018  -4.2725490050598880E-018   8.2387923436463772E-011  -1.9217671445423086E-014   9.1318145280059308E-009  -1.6486585464523159E-016   1.0892219349720567E-013   2.8646346651773640E-013  -8.9704186508390172E-014  -1.3661236010796127E-016  -1.1991556300446917E-016  -2.8105407648528650E-016   7.5203525854371730E-009  -9.8263307742488318E-012   2.0028837075131328E-006   1.3355124103094670E-012   2.4067335005234209E-011   3.0384131452359243E-011  -1.4241002723162661E-011  -3.1506677154387381E-016  -2.7863220769675522E-016  -6.5368293171760319E-016   1.4643117793418692E-008   1.9143062161499012E-022   1.0891232449234565E-020   3.9288324039641349E-020   5.7916286275169866E-020   8.6671725547062682E-021  -4.2645032500357759E-020   7.3357602906237897E-020   5.3407714615103248E-021   8.0021281411141168E-021   4.7187109269845663E-020  -8.3518291620783813E-011   1.7491775011059491E-005   1.1931439513128751E-011   2.0967143315596256E-010   2.6542272500090022E-010  -1.2615314122052025E-010  -1.8564275657293554E-016  -1.8331705636444572E-016  -4.2132416749606358E-016  -5.7876723529891345E-010   1.2329034137016341E-004   7.9929725706787284E-011   1.4697545903529571E-009   1.8605259418199877E-009  -8.9098735465799468E-010   3.8095821422192022E-016  -1.8825632763399771E-016  -2.2738110069710904E-016  -5.7014190658266969E-009   2.5898216379221109E-020   3.2015115016489953E-020  -8.7255151771169916E-021  -4.3838111422540680E-020  -4.1456510294316369E-021  -1.7894679284698380E-020   1.3276757498434132E-020  -3.0740086723405023E-020  -1.0303679721972487E-020   2.8709554780933779E-020  -1.3333783450142702E-008   1.0652185373996266E-016  -7.7282499678658005E-017  -1.1129450199543106E-016   7.7963131414805613E-009  -1.6111459050052487E-009
   2.5493008986121532E-018  -5.5245325991303441E-018   2.0199459438344207E-018   8.7772593477482088E-011   7.2322579545462629E-014  -1.6486585464523159E-016   9.1319964777850812E-009  -1.2896596290032073E-013   8.8563642472241740E-014   5.6644530984088401E-014   1.5870256920280574E-016  -3.3269550734289079E-016   9.7773288191003902E-017   7.9869253284588561E-009   9.9401539437262988E-012  -1.2691221058042419E-012   2.0029043462955376E-006  -1.5990467089382555E-011   1.8480213301151588E-011   6.0503085234462744E-012   3.7177399140017870E-016  -7.8401171096211180E-016   2.3804812142266842E-016   1.5556778537838605E-008   4.0229789986199085E-020  -6.6936105916995144E-020  -4.0443338455113670E-020  -1.3255246965282336E-020  -9.1738769697305750E-020  -3.5657275804424777E-020  -1.6103163738521669E-019  -1.0803436169465434E-019  -1.5058239379208155E-019  -1.3677965449102748E-019   8.8513290315769232E-011  -1.1363316590766188E-011   1.7491951418672103E-005  -1.4410109985740204E-010   1.6256602330666346E-010   5.5587807372357666E-011   2.1334163580964321E-016  -3.5279821911128238E-016   1.1185158422705626E-017   6.2608061194488546E-010  -8.4947139488624749E-011   1.2329156779655579E-004  -1.0234952233492630E-009   1.1450536379533655E-009   3.9741461032621629E-010  -5.1055612510852997E-016   3.4935424277316458E-015  -3.4243032161638182E-015  -6.0049973589933506E-009  -2.1923223350286972E-020  -1.7659580117059087E-020  -1.4429544294657728E-020   1.0212060345704526E-020  -4.5950851636203770E-020   2.2320517375269770E-020  -3.7229826309337656E-020  -1.4371509156014339E-020  -4.2279973461864460E-020  -9.4204675491398153E-020  -1.4060818527212003E-008  -1.4578921126818703E-016   1.0970460145818478E-015  -1.1053471431285194E-015   8.1854134314915017E-009  -1.6876830707110582E-009
  -2.0249988751912428E-017  -3.0459608733661744E-017  -9.9397123840927446E-018  -3.3419752236101553E-011  -4.5658783935469476E-009   1.0892219349720567E-013  -1.2896596290032073E-013   9.1318415893457676E-009  -3.1857628022361822E-014  -4.5659631951470753E-009  -1.2311539035897399E-015  -1.9356529773775614E-015  -6.7239178999879397E-016  -3.0578610447972792E-009  -1.0014416060377711E-006   3.6325459263995176E-013  -1.1131755449950794E-011   2.0028871134125060E-006  -1.6919170695348177E-012  -1.0014455073719140E-006  -2.8933765727359151E-015  -4.5244580965921656E-015  -1.5583393122314502E-015  -5.9493291446598898E-009  -1.6294281020311571E-020  -4.3444008228444527E-020   2.1162562021880137E-020  -1.2972099785085213E-020   4.5122250034196926E-020   4.0254605533593109E-020  -8.2022078700026164E-020   8.3661880855624680E-020   2.1094379304294516E-020   1.0427751259558661E-019  -8.7458856578171991E-006   1.2522042556558808E-012  -1.0107070319468204E-010   1.7491803029796192E-005  -1.4048543907466722E-011  -8.7459173719708531E-006  -1.4887198112843153E-015  -2.6400643039497664E-015  -1.0945136705617830E-015  -6.1645153472014580E-005  -1.2723611091415850E-013  -7.1848137822205161E-010   1.2329052331438921E-004  -1.0497923315641636E-010  -6.1645369842331806E-005   8.2384730589183567E-015   5.2105723087902362E-015  -2.7693470228690004E-015   2.3612325028595101E-009  -1.2909399988456714E-020  -4.8428019937752219E-020   3.5826925842729273E-020   9.4045950999045903E-020   1.2722563692055321E-020  -5.3728232852755101E-020  -2.6940661014852754E-020   5.0309009722858511E-020  -3.7787705757844583E-020   1.1857304396760304E-019   5.5087493820498956E-009   2.5280275342363616E-015   1.4463848833038364E-015  -9.9303900742176910E-016  -3.2520380761606011E-009   6.7540586093764760E-010
  -4.2589266314825495E-019  -1.1087378167174943E-018  -3.0228523008485242E-018  -7.1193696096440952E-011   1.9510140374857965E-014   2.8646346651773640E-013   8.8563642472241740E-014  -3.1857628022361822E-014   9.1316811230339058E-009   1.2347613421840627E-014  -3.3355554886613842E-017  -5.0841116045836419E-017  -1.9343124221241661E-016  -6.5322354148342369E-009  -3.2166852129404920E-012   3.2687799540988155E-011   9.2197841093072525E-013  -5.3154708506807327E-012   2.0028689175016931E-006   8.5321550390346000E-012  -7.5716381359544318E-017  -1.2480055421839164E-016  -4.5310741721378633E-016  -1.2708535261650334E-008  -2.1787185991696382E-020  -8.0977841768330345E-020  -2.5328487965279031E-020   3.8030542425522478E-020  -4.0185704628730684E-020   5.8277476554493238E-020  -1.3714672489846644E-019   7.9489313718505151E-021  -2.4488005245533054E-020  -7.0012892217544420E-020  -3.0648582491060916E-011   2.8604400031413338E-010   7.8827304564928901E-012  -4.5776250343894972E-011   1.7491646279125985E-005   7.6424832740953383E-011  -7.5923476425130436E-017   9.3176581027312740E-018  -2.4097322205346697E-016  -2.1934576800119707E-010   2.0068316769951480E-009   5.1968088662459805E-011  -3.2666491851082735E-010   1.2328944178362404E-004   5.4601068560435357E-010  -6.9609917708708788E-016   2.1695163878916959E-015   1.1045657387850334E-015   5.0766912498125044E-009   3.3551141674458676E-020   3.7886040056057167E-021  -6.2061859736099456E-020  -1.5614232685350658E-020  -2.4647412907922634E-020  -8.1707371450791816E-021   6.2233587714853241E-020   1.8037844826621649E-020   5.7921690733827322E-020   1.8311231864095330E-020   1.1833691225486686E-008  -2.3171811074056432E-016   7.0177640723069402E-016   3.3523843019750290E-016  -7.0083575771281951E-009   1.4579367281545284E-009
  -1.9823311759438292E-017  -2.6605010884436909E-017  -3.1386760914610066E-018   3.2685150327715405E-011  -4.5658926140566324E-009  -8.9704186508390172E-014   5.6644530984088401E-014  -4.5659631951470753E-009   1.2347613421840627E-014   9.1318558061156183E-009  -1.2091859235228216E-015  -1.6454990303061289E-015  -2.5313375634091237E-016   2.9978834112985053E-009  -1.0014371336821340E-006  -5.1205537608134476E-012   5.6324213052464281E-012  -1.0014511670427511E-006  -6.3485946385084426E-012   2.0028883007207198E-006  -2.8417017952934701E-015  -3.8590803308275911E-015  -5.7560998344534725E-016   5.8321529123841714E-009   1.3669641902256656E-020   1.0802635943640820E-019  -6.7779905600066899E-021   3.4426533982320500E-020  -5.1906563556376408E-020  -3.4804518667921529E-020  -1.5233280118780223E-019  -4.2387371021254062E-020   5.2470960078413996E-020  -8.7292479130969344E-020  -8.7458470650684192E-006  -4.5894963747040716E-011   5.1561494393271807E-011  -8.7459673402818243E-006  -5.4392082785603884E-011   1.7491814405348097E-005  -1.4570381357508404E-015  -2.0741565055228787E-015  -5.4391904958957120E-016  -6.1644895607932090E-005  -3.2085875836192945E-010   3.6767307867480889E-010  -6.1645725355646312E-005  -3.7731207131578936E-010   1.2329062096351785E-004   8.2206898268305453E-015   8.8278068084965533E-015  -4.4565456493685328E-015  -2.3386361319691982E-009   1.8572117984209625E-020  -2.6720662658876859E-020  -5.6970639523242970E-020   6.2858491874611889E-021  -1.1876279032563400E-020   1.0125286893291247E-020   3.7476253271082776E-020   8.1504028679531049E-021   1.0271761042066704E-020  -1.3294732642362144E-019  -5.4497093673092241E-009   2.5251286301217527E-015   2.6658840769272896E-015  -1.4886766332977362E-015   3.2336621847108482E-009  -6.7335694565067265E-010
   2.0952174652909177E-003   6.7208435066580884E-009   1.9664553003676233E-008   5.0210637885289137E-015  -1.1409535841716920E-015  -1.3661236010796127E-016   1.5870256920280574E-016  -1.2311539035897399E-015  -3.3355554886613842E-017  -1.2091859235228216E-015  0.13340985841472830        1.7687392536964530E-008   4.0616287609926806E-008  -1.1167862174381617E-014   8.1199102195277091E-017  -1.6462165170509773E-016  -3.0512837409760405E-016   1.1980428131075653E-016   7.5420195563129272E-017   1.2467916800142917E-016  0.31171209989553278        5.8010031337284054E-008   1.9222254845107013E-008  -1.2576178417656769E-014  -1.1146413510004115E-008  -2.0143062241148725E-008  -6.8063361563134698E-010  -7.0004152108020952E-010   6.9592946248783735E-009   1.5654506294509281E-008   1.1764874262744896E-008   5.1654128979243205E-009   4.3588286583185802E-009  -3.3427608319708098E-009  -4.6106605688591797E-016  -2.2918352099537541E-015  -1.4381306888095893E-016   8.0083056171249479E-016   1.2874043926040581E-018   5.2383445440739907E-016  0.18375157290675434        3.6200590339780056E-008   1.9451441026953348E-008  -4.5972555118321919E-015  -1.5112472831173670E-014  -2.0264634989732719E-015   3.5287093716456536E-015   4.8658865610028044E-016   1.2597286893457678E-015 -0.31303006494386210       -5.9087996467365746E-008  -3.1539926834284069E-008   1.2418400419114070E-014  -4.5030475652979586E-009  -9.4804941513103524E-009  -1.4283205313791371E-009  -1.1156512919334300E-009   2.7770292797461908E-009   7.1571141729761715E-009   5.6521364252061979E-009   2.4453664041686965E-009   1.8973578671929849E-009  -7.5806190823721969E-010   2.7434494281708677E-014  -8.4634477145915446E-002  -1.5959871420529148E-008  -8.5545809701976768E-009  -2.1114658423454865E-014   4.9226142682242455E-015
   2.1817628191572215E-008   2.0952172997891678E-003  -1.1290837515272544E-008   1.4433268483175834E-015   1.1867556132949061E-015  -1.1991556300446917E-016  -3.3269550734289079E-016  -1.9356529773775614E-015  -5.0841116045836419E-017  -1.6454990303061289E-015   1.7687392536964530E-008  0.13340981175270653       -5.7587749579304906E-009   1.6600440185150728E-014  -6.6772965022896219E-015   6.1436140822160559E-017   5.2396636439541156E-016  -2.1686427752681330E-015   1.9420209775305851E-016  -2.6725264135608601E-015  -4.0410293345840621E-008  0.31171206393454221        2.0985945022927103E-008  -1.3397084122373761E-015  -1.9488959937218519E-009  -1.1011302841200115E-008   5.3563601643738471E-009   1.3890743187944543E-008   1.8671850084478545E-008  -1.1276023941491099E-008   1.1981200465917040E-008   3.5478926191317775E-009  -5.0631642811481401E-009  -6.6368344580167718E-009   1.0828009437515968E-015  -9.5111764827037202E-017  -1.1266836212735940E-015  -2.0115922737532290E-015  -2.2026445442060936E-016  -1.7203621074915501E-015  -1.5531545782858846E-008  0.18375154326348628        3.1419915417084697E-009   8.5169878066928856E-016  -1.0028953934247302E-015  -4.4595901504530100E-015  -4.8304511432826070E-016   6.7796837163660727E-016  -5.5230686675428778E-016   2.7140846123248656E-008 -0.31303001646289191       -9.7599650408174935E-009  -2.6314583256177691E-015   1.7580617784764092E-010  -4.1391121612592178E-009   2.1706039481444911E-009   4.3545620629939455E-009   7.1253644940848592E-009  -4.5904302748955456E-009   4.3090894088870559E-009   6.3150194193475891E-010  -1.6421476170396688E-009  -2.0885651770671476E-009  -3.6518144484796099E-015   7.2844903374716689E-009  -8.4634464001025700E-002  -2.6287412810164715E-009   2.1668804577159299E-015  -4.3257866573411082E-016
   1.8276647816092940E-008  -5.3349313969712045E-009   2.0952247316449995E-003   2.0247021000065921E-015  -1.4015411873000031E-015  -2.8105407648528650E-016   9.7773288191003902E-017  -6.7239178999879397E-016  -1.9343124221241661E-016  -2.5313375634091237E-016   4.0616287609926806E-008  -5.7587749579304906E-009  0.13340985914575498        1.2391366751368939E-014  -2.0911334892044561E-015   1.5122363387274040E-016  -2.4096237391963008E-016  -3.3798497784998184E-015   3.6685238615671370E-016  -4.1414912515596923E-015   3.2935913973805271E-008  -1.8485581773672284E-008  0.31171209743006256       -4.7175573746293180E-015  -2.1197191895841471E-009  -2.8606701051694750E-009   2.2627352881059992E-008   1.2638321473635465E-008   9.6997977492345784E-009  -9.7944210444320050E-009   1.4774304329576346E-008  -1.9686366268800310E-008  -1.6961140492298924E-008  -2.1920888786513957E-009  -1.1774775201435547E-015  -2.5656485617583370E-016   1.9318964124655705E-016  -5.0197970805907704E-016  -6.8032082055542191E-016  -5.8305837675819844E-016   2.6351394737485272E-008  -1.7756620543377396E-008  0.18375157370871115        2.8143265002805828E-015  -1.2292238334222076E-015  -2.4601057153371735E-016   2.3889347246914532E-016  -3.2004127404917772E-015  -2.9003434666233810E-015  -4.3335166728558400E-008   2.4953205314954115E-008 -0.31303006544493056        1.5983403585196418E-015  -3.9220381651931658E-010  -8.7223908576808769E-010   1.0084788909776336E-008   5.5007345872704759E-009   3.1517024744380823E-009  -4.9745386090572084E-009   6.4157351858661867E-009  -9.3766561223871451E-009  -7.7353728030116430E-009  -5.2780470450658351E-010   5.6427493730993270E-015  -1.1738144305187362E-008   6.7276315074432945E-009  -8.4634477297600832E-002  -5.1036614844782027E-015   1.2745673884744629E-015
   2.1821784199324548E-015  -1.3871184037452552E-015  -2.6003471014265435E-016   4.5648969466281272E-003   6.0006791029259676E-011   7.5203525854371730E-009   7.9869253284588561E-009  -3.0578610447972792E-009  -6.5322354148342369E-009   2.9978834112985053E-009  -1.1167862174381617E-014   1.6600440185150728E-014   1.2391366751368939E-014  0.41834366757701141       -6.6565199532632867E-009  -8.0806813743308244E-010  -1.0269421634673199E-008   4.4938296177986337E-009  -4.3537138660118834E-009   2.1619723005499056E-009  -1.4658879176874697E-015   2.9687988629139209E-014   2.9923924556467986E-014  0.81425779039853408        1.0515587591001479E-016   4.8275344912667741E-016  -8.1044134781380933E-016   1.2618744573520306E-016  -2.6555097152380626E-017   1.8010639000981914E-016   8.6151228699257701E-016  -2.6989514469734399E-016   1.1405192208627943E-016  -1.8385998973221591E-016  -1.4801828479831420E-009   5.2788245340809951E-010  -2.8238050376930522E-009   1.9929462769037122E-009  -2.1201444037511067E-009  -5.1282293182776342E-010  -1.0294936571257388E-014   1.9123402733038622E-014   1.4505412964602141E-014   7.0918067853464288E-009  -4.7488050246837502E-009  -1.2783490271542504E-008  -1.2354488570341009E-008  -1.2624571747561290E-008   5.2628799193057126E-009  -7.0431479326164641E-016  -7.6949184227849798E-014  -5.9221655835469607E-014 -0.32223476531253276        3.3330299851020560E-017   2.6499908185273596E-017   4.5905299560403256E-016  -1.0326353294060660E-016  -8.0059997593333056E-017   5.6734925606205968E-017  -5.4644513871562610E-016   4.6427499734223367E-016  -2.4007207116646352E-016   1.0224379313670014E-015 -0.75211471608394342       -8.4234036535251120E-016  -2.3222256783576968E-014  -1.7776876022486996E-014  0.44338589279293128       -9.2019594141778169E-002
   3.9034802353832863E-017  -1.1042316867917958E-016  -4.8788968494225799E-017  -6.4276845608880558E-011   2.0028787402542677E-006  -9.8263307742488318E-012   9.9401539437262988E-012  -1.0014416060377711E-006  -3.2166852129404920E-012  -1.0014371336821340E-006   8.1199102195277091E-017  -6.6772965022896219E-015  -2.0911334892044561E-015  -6.6565199532632867E-009   4.3929301817830966E-004  -1.8717598813551961E-010  -9.2632691323434977E-011  -2.1964659066067734E-004   1.1940586709831923E-010  -2.1964642751733744E-004   4.7763297177090624E-016  -1.5821022454839926E-014  -4.9910035223212139E-015  -1.3147612995685117E-008   6.3433437480121778E-019  -1.4014625056359589E-017  -3.2197973504887966E-018  -4.8055590749562529E-018   1.3363646121188278E-018  -1.1742335773168009E-018   5.1261402328552804E-017  -9.0626826333086110E-018  -1.6097373546883068E-017  -3.6695182406936981E-018   3.8364759226875655E-003  -9.5564601327083749E-010  -4.8396243266769534E-010  -1.9182385040589413E-003   6.5249659706674064E-010  -1.9182374186299388E-003   2.1214888576033891E-016  -7.9771080443727723E-015  -3.3212591358767933E-015   2.7041306444338692E-002  -5.3490886866144043E-009  -3.0067601677969672E-009  -1.3520654768421578E-002   4.5748185661624479E-009  -1.3520651675913223E-002   1.7634488926655364E-015   4.7614521792015477E-014  -5.5208940420373435E-015   5.0456210838578931E-009  -1.2183224197236532E-018   1.6554144338159060E-017   4.6225126770420738E-018  -2.2034392273744399E-017  -2.4463621910264709E-019   9.5602291155037001E-018  -2.3733292033948383E-018  -1.2828933524628414E-017   6.0473059602828698E-018   3.1689995252722955E-018   1.1870474739977709E-008   5.9641794538088661E-016   1.4665150802480218E-014  -2.0824005527570610E-015  -6.9047620932011228E-009   1.4230176792235098E-009
   9.8120363820146117E-017   1.0961123946679557E-017   4.9737128476300114E-018   2.7616178703098320E-011   4.7573726465304049E-012   2.0028837075131328E-006  -1.2691221058042419E-012   3.6325459263995176E-013   3.2687799540988155E-011  -5.1205537608134476E-012  -1.6462165170509773E-016   6.1436140822160559E-017   1.5122363387274040E-016  -8.0806813743308244E-010  -1.8717598813551961E-010   4.3929311030676567E-004   2.9464998997848973E-011   1.1591790221679771E-010   4.7338134367900110E-011   7.1258419474085146E-011   5.5519883421131002E-016   1.7654709297542128E-016   4.3504255475209144E-016  -1.4409080142111514E-009   3.7677333223669836E-020   2.3793680755424000E-018   8.6318910057302294E-018   1.2710776524770573E-017   1.9108692675684477E-018  -9.3575480461748231E-018   1.6098707997948796E-017   1.1649928698482610E-018   1.7467694865262177E-018   1.0346982250297555E-017  -1.1308663481331294E-009   3.8364764866352079E-003   3.1577874687277745E-010   8.9938400932768469E-010   4.2843560888059448E-010   2.3148240803103456E-010  -1.2482935260356284E-016   1.0548678676081881E-016   2.1282515850345906E-016  -5.7975312076393814E-009   2.7041309152348713E-002   1.3114322954841131E-009   4.5608305430321374E-009   7.6079905005041501E-010   1.2367007505870595E-009   1.9955578132012757E-015   2.2381228343555577E-016  -9.1452529051713299E-016   4.9298605854050536E-010   5.6788532712388981E-018   7.0185606825976898E-018  -1.9111383953563763E-018  -9.6120831033040600E-018  -9.0560712521629985E-019  -3.9260040097232547E-018   2.9187337043171811E-018  -6.7475741271258430E-018  -2.2620524775536002E-018   6.2917680558190952E-018   1.0237488002588223E-009   6.5777882376794277E-016   8.2349446856540111E-017  -2.7535241538190062E-016  -5.2780285903776199E-010   9.9634462302238871E-011
   3.0387176601645702E-018   3.0558572477488796E-017  -7.1073027545438934E-019  -3.3134787754167342E-011   5.4995857327499331E-012   1.3355124103094670E-012   2.0029043462955376E-006  -1.1131755449950794E-011   9.2197841093072525E-013   5.6324213052464281E-012  -3.0512837409760405E-016   5.2396636439541156E-016  -2.4096237391963008E-016  -1.0269421634673199E-008  -9.2632691323434977E-011   2.9464998997848973E-011   4.3929341175366198E-004   2.5240612603391969E-010  -1.0974296060321524E-011  -1.5977444543432021E-010  -5.9533784007457114E-016   1.5455939818409606E-015  -5.4811827285033957E-016  -1.9325211868642009E-008   8.8254690532958629E-018  -1.4683006402538486E-017  -8.8669990938391951E-018  -2.9022250293337731E-018  -2.0114173185874543E-017  -7.8302928349321477E-018  -3.5321541359288568E-017  -2.3690343868051367E-017  -3.3028045788841404E-017  -3.0001030078522438E-017  -4.3570893696375655E-010   1.9594341964707639E-010   3.8364782773591039E-003   1.2281221019129070E-009   1.6124929130417062E-010  -7.9241364047203831E-010  -3.4583063500924715E-016   6.0078080367391350E-016  -1.6825833634086731E-016  -2.5893044435488828E-009   3.1672141653904208E-010   2.7041318050284306E-002   6.9452342351953610E-009   9.6348852461092101E-010  -4.3559300288515993E-009   2.0561843886156112E-015  -6.6512857167752534E-015   3.5976610629685972E-015   7.5369878044664173E-009  -4.8079550178504499E-018  -3.8740871362291942E-018  -3.1677517972367035E-018   2.2417724549253694E-018  -1.0075115094150860E-017   4.8929748572415429E-018  -8.1629818218576600E-018  -3.1516628547667741E-018  -9.2723335565232360E-018  -2.0666610276187582E-017   1.6917007291505232E-008   6.3456722398921505E-016  -2.0920506534565223E-015   1.1456146364842119E-015  -9.7850415453762560E-009   2.0029452590511911E-009
  -2.7073106445599910E-017  -2.4520476275681946E-017  -5.8423100708590726E-017   3.4851477015580594E-011  -1.0014359462267598E-006   2.4067335005234209E-011  -1.5990467089382555E-011   2.0028871134125060E-006  -5.3154708506807327E-012  -1.0014511670427511E-006   1.1980428131075653E-016  -2.1686427752681330E-015  -3.3798497784998184E-015   4.4938296177986337E-009  -2.1964659066067734E-004   1.1591790221679771E-010   2.5240612603391969E-010   4.3929329696898819E-004  -2.0933313453630245E-012  -2.1964670630769334E-004   7.5012179085953007E-017  -5.0030612518007299E-015  -7.9766381096275335E-015   9.2024512861425544E-009  -3.6045291038693740E-018  -9.6064072038180272E-018   4.6807904907995936E-018  -2.7881234433700621E-018   9.9794745788802442E-018   8.8139358173616289E-018  -1.7911331623186695E-017   1.8348915562557801E-017   4.6012226883360110E-018   2.2840495279871076E-017  -1.9182386225741644E-003   5.9119800517886632E-010   1.3592193955803626E-009   3.8364777382123229E-003   1.4133374840489360E-010  -1.9182391156363737E-003   2.5771991230653328E-016  -3.2747880482012158E-015  -4.2432566312637797E-015  -1.3520656330396640E-002   2.2032798678753757E-009   8.2453418610686702E-009   2.7041314564400846E-002  -3.1066847393300153E-010  -1.3520658233994816E-002   2.7636374589836128E-015  -2.9551510632238396E-015   1.9126478827111177E-014  -3.6488553056408034E-009  -2.8430529376483976E-018  -1.0658204394164100E-017   7.8696271276726701E-018   2.0643312240721274E-017   2.8218424403914940E-018  -1.1784800156365150E-017  -5.8765416472733037E-018   1.1035616198672668E-017  -8.2965566531023971E-018   2.5999493757518173E-017  -8.6519867238245944E-009   9.1205553391514220E-016  -1.2480731754092597E-015   5.7955453910129914E-015   5.1453791221499628E-009  -1.0733443111484800E-009
  -2.3761332811494547E-018   1.4681156440367309E-018   3.0052410026667862E-017  -4.6976494438936084E-011   8.0405393965555877E-012   3.0384131452359243E-011   1.8480213301151588E-011  -1.6919170695348177E-012   2.0028689175016931E-006  -6.3485946385084426E-012   7.5420195563129272E-017   1.9420209775305851E-016   3.6685238615671370E-016  -4.3537138660118834E-009   1.1940586709831923E-010   4.7338134367900110E-011  -1.0974296060321524E-011  -2.0933313453630245E-012   4.3929303841451343E-004  -1.1731276292158520E-010   1.5499281145449993E-016   4.8287898809834346E-016   1.0293464420475698E-015  -7.7860548555512516E-009  -4.7794188618567222E-018  -1.7762520335908616E-017  -5.5507683330193514E-018   8.3463404232019391E-018  -8.8091627446596260E-018   1.2779596204831700E-017  -3.0071592996447015E-017   1.7366323435180911E-018  -5.3759420367599478E-018  -1.5357921943293204E-017   4.8230985857339340E-010   5.3885689108207460E-010  -1.3265489545878078E-010   1.2313251017097095E-010   3.8364759540313004E-003  -6.0544238956518964E-010   1.4707135054255158E-016   1.1171445776518857E-016   5.4078669205286808E-016   2.6714021706097595E-009   1.7490124529201640E-009  -1.7230688292518121E-009  -1.2166983870440388E-011   2.7041307104063033E-002  -2.6592353850743739E-009   9.4465281074561275E-016  -4.2925230342978618E-015  -1.3938590126324329E-015   2.9273298437767741E-009   7.3585574524769886E-018   8.2970928883009920E-019  -1.3606383821880983E-017  -3.4220591783281749E-018  -5.4040303979334987E-018  -1.7943201495483789E-018   1.3651424113249430E-017   3.9546065280674326E-018   1.2699755030694570E-017   4.0192522152622540E-018   6.3083404460471052E-009   3.1835910307286820E-016  -1.3769380563158316E-015  -3.9990850118321735E-016  -3.5140352289229191E-009   7.0242213414493434E-010
  -8.3828884022734679E-018  -4.7600152247985025E-017  -4.5433926523680218E-017   2.9416929075486530E-011  -1.0014427940261639E-006  -1.4241002723162661E-011   6.0503085234462744E-012  -1.0014455073719140E-006   8.5321550390346000E-012   2.0028883007207198E-006   1.2467916800142917E-016  -2.6725264135608601E-015  -4.1414912515596923E-015   2.1619723005499056E-009  -2.1964642751733744E-004   7.1258419474085146E-011  -1.5977444543432021E-010  -2.1964670630769334E-004  -1.1731276292158520E-010   4.3929313382411834E-004   1.7725319162715473E-016  -6.1221617893672150E-015  -9.5259858018012518E-015   3.9437453027964349E-009   2.9704731504176326E-018   2.3622143632667225E-017  -1.4630738172913271E-018   7.5915766408297218E-018  -1.1318123451423782E-017  -7.6379699051358366E-018  -3.3352137079407751E-017  -9.2850998676642999E-018   1.1497811817607471E-017  -1.9170270727353639E-017  -1.9182373001108259E-003   3.6445092111575847E-010  -8.7526579001376054E-010  -1.9182392341479885E-003  -7.9383232946829707E-010   3.8364765342583443E-003   3.8359921251236042E-016  -4.1784640360384278E-015  -5.2310831369800922E-015  -1.3520650113923898E-002   3.1458293511322071E-009  -5.2386439108793164E-009  -1.3520659795941255E-002  -4.2641640763857003E-009   2.7041309909851874E-002   5.1665564718144802E-015  -6.4084197767677925E-015   2.0419858517898389E-014  -1.3965575021586209E-009   4.0613980186537856E-018  -5.8955119252581697E-018  -1.2493067780054106E-017   1.3902680996801917E-018  -2.5780611741346638E-018   2.2253525707439341E-018   8.2490007013231920E-018   1.7939424403618026E-018   2.2499901047380267E-018  -2.9168267545899205E-017  -3.2179051552689054E-009   1.7000485849158537E-015  -2.4444003094537185E-015   6.1309354410102384E-015   1.7592817544619172E-009  -3.4967839761560193E-010
   4.8967347894598853E-003   1.4420237979536064E-008   4.4975869851390263E-008   1.1998132935236414E-014  -2.6824335616701008E-015  -3.1506677154387381E-016   3.7177399140017870E-016  -2.8933765727359151E-015  -7.5716381359544318E-017  -2.8417017952934701E-015  0.31171209989553278       -4.0410293345840621E-008   3.2935913973805271E-008  -1.4658879176874697E-015   4.7763297177090624E-016   5.5519883421131002E-016  -5.9533784007457114E-016   7.5012179085953007E-017   1.5499281145449993E-016   1.7725319162715473E-016  0.72834077387495233       -5.5425731895400844E-008  -9.9825593090393096E-008   1.6984181379750924E-014  -2.6041093697961976E-008  -4.7064532690208074E-008  -1.5918297829826926E-009  -1.6324832804578569E-009   1.6256791213776588E-008   3.6570234304802580E-008   2.7488792291881812E-008   1.2066700142352475E-008   1.0184451461682711E-008  -7.8075160834464326E-009   1.4899192770648096E-015   2.9089021276512972E-015   7.2886073119988538E-016   1.5977467837905756E-016  -1.5153282236084008E-016   3.7224139916671790E-016  0.42900278187449864       -2.8055678564454438E-008  -4.0182828750795626E-008   7.3610130998485075E-015   2.2912087952789972E-014   2.7623806856896861E-015  -3.8285947258764845E-015   3.5711173285235205E-017  -3.0828137981400819E-015 -0.73998856523977030        5.2362564467169862E-008   6.4743262899054333E-008  -1.6399149325333164E-014  -1.0536853068244430E-008  -2.2170086684509768E-008  -3.3515889601752985E-009  -2.6040957248826396E-009   6.4914871250851163E-009   1.6740745621179714E-008   1.3219197841095331E-008   5.7300380396805873E-009   4.4346728060192209E-009  -1.7727928463198814E-009  -3.4584525080704947E-014 -0.20055488063019861        1.4117410399331828E-008   1.7049506849137631E-008   2.7470127992703448E-014  -6.4405800663925582E-015
   5.1240473816867136E-008   4.8967355498827731E-003  -2.6459125518013999E-008   3.1972391785867017E-015   2.8298744294146573E-015  -2.7863220769675522E-016  -7.8401171096211180E-016  -4.5244580965921656E-015  -1.2480055421839164E-016  -3.8590803308275911E-015   5.8010031337284054E-008  0.31171206393454221       -1.8485581773672284E-008   2.9687988629139209E-014  -1.5821022454839926E-014   1.7654709297542128E-016   1.5455939818409606E-015  -5.0030612518007299E-015   4.8287898809834346E-016  -6.1221617893672150E-015  -5.5425731895400844E-008  0.72834086056781144        3.7312008734644367E-008  -2.1274642894121977E-014  -4.5473181221406080E-009  -2.5728179220627335E-008   1.2513211766000550E-008   3.2450977106788904E-008   4.3621624538725757E-008  -2.6350107558255492E-008   2.7989244568340696E-008   8.2845710488616349E-009  -1.1823332630483387E-008  -1.5501743388861665E-008   1.5084059591909067E-015   7.7898443364093426E-017   2.1194626929954418E-017  -4.3846917399480057E-015  -3.7156789631861904E-016  -3.3156414407615124E-015  -1.3424266714020280E-008  0.42900281324884537        2.0902725879253783E-010  -5.7068163640591025E-015  -2.3952266123472106E-016   8.4060863877052762E-015   1.3587820684265522E-015   2.6841195628432097E-015   3.9301459660559425E-015   2.1570216487341561E-008 -0.73998862337186710       -1.6023417467429270E-008  -5.4018540661650433E-016   4.0514814501427631E-010  -9.6815271387121818E-009   5.0749367363121507E-009   1.0185082001970617E-008   1.6655780024191085E-008  -1.0728644047046308E-008   1.0086401967564854E-008   1.4756421958948707E-009  -3.8508239965089489E-009  -4.8825103706129000E-009   4.7581536091398761E-015   5.5543909196502828E-009 -0.20055489625908063       -4.5914642779744884E-009  -1.6754986800175821E-015   2.6467277237442253E-016
