   2.3972822909891283E-004  -2.0140763688126555E-011  -2.4662938043648439E-011   1.0100337132436040E-010   5.7992420855640194E-011   1.8822885049031729E-011  -3.7853642888703546E-011  -2.3120038678487818E-016  -4.1172019717279950E-016  -7.2237672019868834E-016   1.0325532127885874E-002  -3.2824462253755108E-011   3.7972072622912580E-011   1.3374898442237269E-011   9.9857971562081372E-012  -3.0615965950317753E-011   2.2833270587888584E-011  -7.9882511962260135E-016  -7.5890609803774898E-016  -1.2255195805874382E-015   1.6871028963752064E-002   6.3401160052183000E-018  -2.8905354982985539E-018   8.5070279491528129E-018  -5.5256586474779068E-018  -4.3418660496059261E-018  -1.8201334641646127E-018   4.9550632229316044E-018   2.0708842868089538E-018  -3.3193963391563659E-018  -6.5529466512580971E-018  -8.2963602334309049E-017  -4.2463478331620207E-016  -6.6487214475200393E-016   6.3993013785828514E-011  -9.8761952732945579E-011   5.1889235693648348E-011   1.8687523949723866E-011   1.3306444789876637E-010  -8.2681958065510040E-011   4.5104365301600636E-015  -6.0826721179510871E-015  -6.7436366572240906E-015   4.3819133288616596E-010  -7.5223683718678631E-010   5.1231021891665583E-010   2.1414678181574153E-010   9.2863552727981361E-010  -6.5233791492374487E-010   1.9657224235714297E-018  -7.9471283756198597E-019   2.2911518757936268E-018  -1.7870057019146889E-018  -1.2212562084022827E-018  -1.2671141128559335E-021   1.0028951089014955E-018   4.4830656700780777E-019  -8.7278634843018634E-019  -2.1400403845331790E-018  -6.9111838232523365E-003  -7.8355047697832424E-003   6.5658731728840160E-003   8.4993156746660584E-016  -1.1760075447272336E-015  -1.3120453065711638E-015  -3.1842376122621936E-003
  -2.0140763688126555E-011   7.6329145813548239E-007   7.5965900920841560E-014  -7.4474018796886883E-014  -3.8164561640308891E-007   1.6356300644838318E-013  -3.8164584174245538E-007  -4.2790958621131357E-017   3.9567920866333098E-017   3.2324404518839548E-016  -8.7425180146245864E-010  -1.2948117968810336E-005  -6.9400114566050451E-013   6.2471159556116171E-013   6.4740578200400844E-006  -1.4836074305786116E-012   6.4740601487311557E-006  -4.4247046763559894E-017   4.4554304616189630E-017   3.8448213979520342E-016  -1.4252091795487041E-009  -6.8698622736131997E-019   4.4577020649208146E-019  -6.9915775040318375E-020  -9.4007045024167498E-020  -4.1989122033537953E-019  -3.7463764570977476E-019   1.0155099484042336E-018  -4.7289940109186075E-019  -1.6972697764012041E-019  -3.4545827904942682E-019  -3.0920657528686474E-017   7.8148814267316236E-017   3.0084123923760819E-016  -1.8282952934956916E-004  -8.3274452502959066E-012   1.0339521750130588E-011   9.1414750461563785E-005  -1.8804884231923350E-011   9.1414778887947523E-005   2.9004082317210399E-016   3.3897758241173116E-015   2.3427934226506150E-015  -1.1282231569680215E-003  -5.3800580107954802E-011   6.2776450450200914E-011   5.6411149236724979E-004  -1.1841076387168936E-010   5.6411166460096926E-004  -2.1799277705315452E-019   2.4813371601258603E-019  -5.2185496016944936E-019  -3.4054360943890669E-019   2.8035141797235514E-019  -3.3483355782383162E-019   2.2377049028639140E-019   1.1454489706836550E-020  -1.3545193944392368E-019  -2.7004060741832735E-019   7.3248061567236268E-010   9.1091609689974019E-010  -8.8255904188835600E-010   5.4156644711551230E-017   6.4827114956466787E-016   4.5692658947646510E-016   4.3640219444005794E-010
  -2.4662938043648439E-011   7.5965900920841560E-014   7.6329137829018557E-007  -1.4669504273218380E-013   6.4416050700272377E-014  -1.4352757261829780E-013  -1.4038140035820816E-013  -5.0391847581618672E-018  -3.0681250166836054E-017   4.1531901449863540E-017  -1.1074338924848790E-009  -7.4929204962798996E-013  -1.2948117233098743E-005   1.6700875534716160E-012  -3.7650385727838252E-013   1.4753613829532661E-012   1.1257887295920145E-012  -8.4355428045460275E-018  -3.3023041343254353E-017   5.0760325180684598E-017  -1.7957454880967746E-009  -3.1713571351243515E-020  -8.6142063862702572E-020  -3.2273206495568646E-019   2.7577694529848583E-019   3.8986206394813968E-019   7.2010991864899401E-020  -3.5438051255338521E-020  -5.8889825513428444E-019   2.4694311433263082E-019  -8.3658337552071298E-019   7.1810341263343246E-018  -2.1304910570042454E-017  -2.2156401524495868E-017  -9.1285995779414642E-012  -1.8282951922843113E-004   1.8666807451876765E-011  -7.0356681136939170E-012   1.8569451442222381E-011   1.6164267684006912E-011   8.2602145611148263E-016   3.5086769459779556E-016  -4.2666594869011168E-015  -5.8918731288081985E-011  -1.1282230983211694E-003   1.1647602294401115E-010  -4.4044343526489910E-011   1.1194147561654440E-010   1.0296306192113927E-010   2.8265749603517863E-019   7.9078739474951418E-020  -7.6784689827979518E-020   1.0146386754368873E-019  -7.1746982312826235E-020  -9.9721013073692456E-020   5.9374366395872116E-020   1.7791945389377006E-020  -6.7410723296354454E-020  -7.0610995500920681E-019   8.9187634985640320E-010   1.0881322615676733E-009  -1.0355528899995073E-009   1.5752237028590019E-016   6.6107772495184520E-017  -8.1324153997529435E-016   5.1083310730829564E-010
   1.0100337132436040E-010  -7.4474018796886883E-014  -1.4669504273218380E-013   7.6329160623844888E-007   1.6087439270990253E-013   1.4067814104573319E-013  -8.6399865234646647E-014  -2.6477532620507385E-018   2.4988264596728957E-017  -2.0719018427884453E-017   4.4614864910103489E-009   4.3729042897173466E-013   1.4536768119594063E-012  -1.2948119302349746E-005  -1.4588550408927464E-012  -1.2878393650031113E-012   1.0215688084612747E-012  -3.1177984774866282E-018   3.4675961443480645E-017  -2.3275506119607607E-017   7.2530396691833407E-009  -3.0434593579761385E-019  -2.5973018491465952E-019  -3.9185085333721299E-019   4.2728809980805069E-019   1.9586038293137795E-019  -6.6042285083443439E-020   4.1597465861277793E-019  -5.9719435500349804E-019  -6.7301073042843820E-020  -1.1487169674028228E-018   3.5337498771737887E-018   1.0233206106413902E-018  -4.7788815437584262E-017   7.8121894373464297E-012   1.6044522194169789E-011  -1.8282954650486591E-004  -1.9508612646339905E-011  -1.3696225521832990E-011   1.1696423213527376E-011   3.6849721652294679E-016  -1.4227525985486715E-015  -2.4108133988345554E-015   4.7142050182607577E-011   1.0047160762646773E-010  -1.1282232667444354E-003  -1.1810469947510986E-010  -8.2989201077734091E-011   7.0962657564687352E-011  -4.4269904421465533E-020   1.6131396075119579E-019  -3.1527747666915930E-019   1.1850611913614231E-019   1.1574976095669000E-019  -3.2520714650853997E-019  -5.7647143918783794E-020   2.5281115642123593E-019   2.3348401679672918E-020  -7.1649712384816790E-019  -3.6592658705576094E-009  -4.5051692483484874E-009   4.3237642040044215E-009   7.0265613685894815E-017  -2.7082670490809337E-016  -4.6078442755855612E-016  -2.1353108316336014E-009
   5.7992420855640194E-011  -3.8164561640308891E-007   6.4416050700272377E-014   1.6087439270990253E-013   7.6329144387038061E-007  -7.6433073005432984E-014  -3.8164582749222788E-007   9.3955865200230679E-017   1.5868168310525492E-016  -4.0550089867355575E-017   2.5592826889611311E-009   6.4740579214711203E-006  -3.9185269978499265E-013  -1.4649441065669345E-012  -1.2948117805510347E-005   4.6327745118588959E-013   6.4740598839849882E-006   1.0701012187526781E-016   1.9218299383679457E-016  -4.3670946085975676E-017   4.1612171676243665E-009   4.3117128022154313E-019  -1.7767698580273007E-020   8.2084910445472376E-020   7.4892595252360990E-020   3.9230953879910414E-019   2.4749285775854810E-019  -7.3578690688818891E-019   1.3960143419894027E-019   3.6432809294706138E-019  -3.0385052287913516E-019   4.4094522354659402E-017   8.7279041499368532E-017  -2.5193283869794053E-017   9.1414751485184237E-005  -8.0858173719899912E-012  -1.9671824464457556E-011  -1.8282952700793598E-004   8.8483444314184162E-012   9.1414775522730360E-005  -2.5441584211296352E-015  -3.3551709720330877E-015   6.8198515985030886E-016   5.6411149839179914E-004  -5.1451232870474239E-011  -1.1920067847060611E-010  -1.1282231468243906E-003   5.7359330104065787E-011   5.6411164843239118E-004  -2.4891809310394310E-019  -1.3795333700781400E-019   2.7968376212051037E-019   4.4710970440694184E-019  -3.1114273990427904E-019   4.0238338943679263E-019  -1.6239355574267272E-019  -6.1707871410265915E-020   1.0605204542288537E-019   2.1846194540593027E-020  -2.1010593151812821E-009  -2.5878932862252484E-009   2.4847251625970885E-009  -4.8290634452811895E-016  -6.3575393368601777E-016   1.2897434451708276E-016  -1.2271607804983142E-009
   1.8822885049031729E-011   1.6356300644838318E-013  -1.4352757261829780E-013   1.4067814104573319E-013  -7.6433073005432984E-014   7.6329158574431435E-007  -8.7131310285625008E-014  -8.8417094612241556E-017  -4.1602314731229552E-017   1.5506081087611462E-016   8.5628555777817966E-010  -1.5589416520555694E-012   1.3336919361478827E-012  -1.9222711107547922E-012   4.5736245941223745E-013  -1.2948119204638499E-005   1.1015767645949845E-012  -1.0295273801085901E-016  -5.1097584620470629E-017   1.8240925137225665E-016   1.3845984678323583E-009  -3.8731132767738194E-019  -6.3351343072347194E-019   3.2717558162837547E-019   3.0827515043730618E-019  -7.2982164152799786E-020  -3.1487444285025049E-019  -7.1888454685063939E-019  -8.3134212247538722E-019  -1.8989845795957273E-019  -3.5618360367964090E-019  -2.4124711350532416E-017   5.4951671831075651E-018   1.2110962957582032E-016  -1.9681900283924360E-011   1.6591141524632186E-011  -2.0612505840040679E-011   8.6798374913045636E-012  -1.8282954372391175E-004   1.1002061812831295E-011   3.6353639771954520E-015   2.9353001385351565E-015  -6.8142322815625866E-016  -1.2374124182493793E-010   9.9634006661248642E-011  -1.2436957923935751E-010   5.6206821393278336E-011  -1.1282232518210781E-003   6.7534422137450669E-011   1.5886132150648735E-019   2.8997498481950569E-019  -1.7625293137359931E-019   1.2088394179175101E-019   1.5293744114685860E-019  -1.0071506712861692E-019  -1.0225119108300999E-019   4.3879635032630468E-019  -1.8888841402764235E-019  -4.4470698643338852E-020  -6.8106568319691358E-010  -8.2546792370644866E-010   7.8123901389604728E-010   6.9138149352062857E-016   5.5912503830084763E-016  -1.2541877002577894E-016  -3.8508367678304629E-010
  -3.7853642888703546E-011  -3.8164584174245538E-007  -1.4038140035820816E-013  -8.6399865234646647E-014  -3.8164582749222788E-007  -8.7131310285625008E-014   7.6329166926968155E-007  -8.1457765917580231E-017   1.6507592592843661E-016   1.3728976193875687E-016  -1.6851198216296538E-009   6.4740600475099054E-006   1.0858444972755824E-012   8.4022386716051746E-013   6.4740599858932610E-006   1.0203533330315727E-012  -1.2948120033309832E-005  -9.8874245876240789E-017   1.9893361179147388E-016   1.6274544646831167E-016  -2.7361520450159553E-009   2.5581714674594019E-019  -4.2800312373151125E-019  -1.2169696465618093E-020   1.9112421324851881E-020   2.7582811913010458E-020   1.2714386535522671E-019  -2.7972097989727083E-019   3.3330011833002127E-019  -1.9460326539586270E-019   6.4930761658733291E-019  -5.0915093416663280E-017   1.3391491243099439E-016   7.3623315855184061E-017   9.1414777866795095E-005   1.6413130630112908E-011   9.3321806628959819E-012   9.1414776552345000E-005   9.9568695526646762E-012  -1.8282955441906087E-004   1.3445381698196083E-015  -2.6991874122321180E-016  -3.0606924261473698E-015   5.6411165859109513E-004   1.0525099846904799E-010   5.6423474851194434E-011   5.6411165449399834E-004   6.1053468635004284E-011  -1.1282233130850909E-003   4.6691114177794898E-019  -1.1018030427896411E-019   2.4217114755927943E-019  -1.0656645087433059E-019   3.0791286114960327E-020  -6.7549840071540644E-020  -6.1376721982483293E-020   5.0253699638736599E-020   2.9399534161165005E-020   2.4819421357071898E-019   1.3686621413034794E-009   1.6770845550823219E-009  -1.6022755821495847E-009   2.5419597624334823E-016  -4.6522886882883888E-017  -5.8013765425333351E-016   7.9081303781236472E-010
  -2.3120038678487818E-016  -4.2790958621131357E-017  -5.0391847581618672E-018  -2.6477532620507385E-018   9.3955865200230679E-017  -8.8417094612241556E-017  -8.1457765917580231E-017  0.15301672471145022       -9.2688422369168270E-009   2.6351690952560719E-009   9.9798626868962930E-015  -2.6504239043909322E-016  -1.7715384230954159E-017   1.0208049913534107E-017  -6.0012942039234289E-016   1.3152636163899745E-016  -4.5768431110111689E-016  0.18349553791455323       -1.2874997463345773E-009   1.6594521855968993E-009   1.1370843597647599E-014  -9.4383159280895210E-012  -4.9533922395127252E-011   6.6280453993372989E-010   4.6422490517644053E-011  -4.1733214464589301E-010  -3.3822900295512671E-011  -8.6767889426719210E-010  -1.3134362323190524E-010   1.2136460028363860E-009  -3.9613060093281886E-010  0.12546445129757008       -2.5658352861567934E-009   7.6963043809107069E-010   5.3102871161384790E-016  -1.7090439998864760E-016   9.0862472325204814E-017  -4.2420288149690739E-016   2.7314481464667172E-016  -1.3083782660598228E-016 -0.14312146126795372        2.7914168156793562E-009  -1.1189840197790000E-009   3.5601129721621483E-015  -1.0964771531169864E-015   5.9360622034350710E-016  -3.0631510583427491E-015   1.9250612915266655E-015  -6.0597639318626126E-016   2.0293097435292207E-011  -3.3231875498979916E-011   9.9528770708407563E-011  -8.2386484819906889E-012  -8.8535542661702960E-011  -1.9013983883206153E-011  -1.4366576702468320E-010  -2.1004509379035919E-011   2.2597827751458279E-010  -5.8528989805315497E-011  -5.1709059784202123E-015  -6.1529587125020261E-015   5.2646240466133562E-015  -2.2724884902821107E-002   4.4386126530038558E-010  -1.7704792238555473E-010  -2.5658486521353391E-015
  -4.1172019717279950E-016   3.9567920866333098E-017  -3.0681250166836054E-017   2.4988264596728957E-017   1.5868168310525492E-016  -4.1602314731229552E-017   1.6507592592843661E-016  -9.2688422369168270E-009  0.15301671797127525        8.8604807187546981E-009   3.2467187644878899E-015   4.8876147853289099E-016   4.4817499388676359E-017   5.3176373628556018E-017   3.0779842202553929E-016   6.8942259648538066E-017   3.9523144693512915E-016  -2.7058927917991285E-009  0.18349553672440075        2.2638962039903859E-009   7.9684918669992535E-015   5.0216150418690403E-010   2.8029930218053592E-010  -1.5670190324118059E-010  -6.5336398496068170E-010  -6.4300290354107257E-011  -2.0352636231915099E-011  -1.5318551536877078E-010   6.6054593816498074E-010  -7.4747097773877312E-011  -3.7554394260856230E-010  -3.2463389538193297E-009  0.12546444882125327        2.8315158193103549E-009  -2.9717606982709776E-016   3.1626156273340841E-016   4.0028019735653143E-016   3.3060660696648568E-017  -2.6226652780947403E-016  -7.2587502886274955E-017   3.5964253398677757E-009 -0.14312145873759916       -3.1359991551941364E-009  -8.7794671261136961E-016   1.9811742512512121E-015   2.4927399407315702E-015   5.4012328974199031E-016  -1.3072672143157597E-015   2.1535345178649975E-016   8.3491934232153182E-011   5.5864641439669067E-011  -1.9012992493195538E-011  -1.2153115994353059E-010  -2.1399258839455304E-011   9.5165619970518612E-012  -3.1223306323290675E-011   9.2886388889941879E-011  -1.3953730121204611E-011  -5.5062143754127295E-011  -3.5203913415380588E-015  -4.2762395437371295E-015   4.0417145805142867E-015   5.7128246227255085E-010  -2.2724884500130202E-002  -4.9734796085277705E-010  -1.9962168582493927E-015
  -7.2237672019868834E-016   3.2324404518839548E-016   4.1531901449863540E-017  -2.0719018427884453E-017  -4.0550089867355575E-017   1.5506081087611462E-016   1.3728976193875687E-016   2.6351690952560719E-009   8.8604807187546981E-009  0.15301670912130447        5.7197001254755027E-015  -1.6563825147485804E-017   5.8225448027464368E-017   4.9346299678889605E-017   3.6641614872848051E-016  -1.7638595204337980E-016   1.0032506816359779E-016   3.6456062250309342E-011   1.6816972262367184E-009  0.18349553449348271        7.4536043457445359E-015   3.6524860256585876E-010  -4.6626509338328258E-010  -1.7613295275658379E-011  -1.7014826207041348E-010   4.2187800545361861E-010  -3.1988715382854900E-010   8.1141349325075801E-010   2.0450752763277523E-010  -6.2236299718184708E-010  -1.3929281956596059E-010   1.0546789589112258E-010   2.5479059792586526E-009  0.12546444649642480       -6.0485017141442043E-018  -7.3639400095562274E-018   1.7187063813149011E-016   5.7089357370628334E-016  -2.8547427163449485E-016   9.4483993385041913E-017  -2.6500232255772001E-010  -2.8048713879202577E-009 -0.14312145593673717       -1.5463054599212461E-015   1.7724075030754106E-016   1.3816960518771427E-015   3.1556932596672821E-015  -2.1300277297936885E-015  -2.6437626509923333E-016   6.7876628097799988E-011  -7.6716160317258055E-011  -6.8170714123026255E-012  -2.8087797227376142E-011   8.4139122322015781E-011  -6.2979057146541783E-011   1.6025659000450992E-010   1.9417317495665730E-011  -1.3829175334729211E-010  -9.3862150200530604E-012  -2.8492276193308779E-015  -2.2526353805661275E-015   1.3324762512262584E-015  -4.1540883566983990E-011  -4.4500821208486488E-010  -2.2724884055570559E-002  -5.6087753628872844E-016
   1.0325532127885874E-002  -8.7425180146245864E-010  -1.1074338924848790E-009   4.4614864910103489E-009   2.5592826889611311E-009   8.5628555777817966E-010  -1.6851198216296538E-009   9.9798626868962930E-015   3.2467187644878899E-015   5.7197001254755027E-015  0.45547004355851950       -1.6859961711023996E-009   2.0749511849491325E-009   3.2800298454155403E-010   3.3351051874017173E-010  -1.8595716588706499E-009   1.3522394639780439E-009  -1.0337646598329405E-014  -7.8288390651024665E-015  -8.2563155093624143E-015  0.74024823898008940        2.9516656186455558E-016  -1.1547690226265122E-016   3.6536353774270177E-016  -2.1952536568354143E-016  -1.8387155583158227E-016  -1.1570196797384010E-016   2.0417468400993775E-016   8.7309179422029010E-017  -1.3269120345751012E-016  -2.7407932256211933E-016   9.8898873088739728E-015   2.9095357795165493E-015   6.0600151193050706E-015  -6.4233822062224001E-010   1.4395831037392363E-009  -1.4727482366425611E-009  -7.0899518103334087E-010  -1.4944979391089785E-009   1.3512619764122144E-009  -9.3471309274171605E-015   1.1113718191198831E-014   5.3154286923489382E-015  -2.0238343403763506E-009   2.5394015829518632E-009  -5.7075316429292214E-010   1.7191616730020000E-012  -4.4108640026980467E-009   2.0221781785287111E-009   9.5825927700795153E-017  -2.9196300966015916E-017   9.7476058257071022E-017  -5.5301727451533104E-017  -5.0246787477930946E-017  -2.5993670895735318E-017   3.9105892414196920E-017   2.0160540076203438E-017  -3.3452103805379518E-017  -9.0348766892957251E-017 -0.38021621081419138      -0.47128678615459790       0.45634219352120586       -1.6571088660407288E-015   2.1135980085723308E-015   1.0684896725111712E-015 -0.22561698545682835     
  -3.2824462253755108E-011  -1.2948117968810336E-005  -7.4929204962798996E-013   4.3729042897173466E-013   6.4740579214711203E-006  -1.5589416520555694E-012   6.4740600475099054E-006  -2.6504239043909322E-016   4.8876147853289099E-016  -1.6563825147485804E-017  -1.6859961711023996E-009   2.1964579473249070E-004   2.6239029895162680E-012   3.4126857284590197E-012  -1.0982289200520952E-004   4.5447997239881364E-012  -1.0982290272661795E-004  -4.3833986033581071E-016   6.2297935333374841E-016   2.3678168192817540E-017  -2.6674048824868448E-009   1.1653716523582852E-017  -7.5618475493230767E-018   1.1859982726808592E-018   1.5946888553943304E-018   7.1228634219107231E-018   6.3551709418866257E-018  -1.7226608706713608E-017   8.0220514130460515E-018   2.8791421404068718E-018   5.8601978659151611E-018  -2.5090359618816089E-016   3.5833178905379341E-016  -3.1091411360086071E-017   3.1014343066131495E-003   1.2081244351300987E-011   2.2428911651764454E-011  -1.5507171153995060E-003   2.7804409249088435E-011  -1.5507171912126621E-003  -1.2983552585924392E-015  -5.3127386911781431E-015  -1.9830670021986692E-015   1.9138647990750553E-002   1.1548080335157694E-010   1.5584021606564875E-010  -9.5693237884544157E-003   2.1174199886894753E-010  -9.5693242022994868E-003   3.6979295098598003E-018  -4.2092228525934399E-018   8.8525012279001413E-018   5.7768155226685884E-018  -4.7557492123534008E-018   5.6799617623554172E-018  -3.7959386623969124E-018  -1.9429500930255622E-019   2.2977437857979416E-018   4.5808333925438382E-018   1.3453214476689224E-009   1.6096831721212323E-009  -1.5396738482241498E-009  -2.5704944756782711E-016  -9.9880049561162249E-016  -3.7843685423311796E-016   7.5955593660978301E-010
   3.7972072622912580E-011  -6.9400114566050451E-013  -1.2948117233098743E-005   1.4536768119594063E-012  -3.9185269978499265E-013   1.3336919361478827E-012   1.0858444972755824E-012  -1.7715384230954159E-017   4.4817499388676359E-017   5.8225448027464368E-017   2.0749511849491325E-009   2.6239029895162680E-012   2.1964579274836625E-004  -1.0779696206036520E-011  -5.5040166265638575E-012  -6.3502375615193600E-012   2.8802353984714640E-012   1.6296030124727261E-017  -1.1324643965390496E-017   6.8977559895059963E-017   3.2780235420683749E-009   5.3796333794544473E-019   1.4612765343350234E-018   5.4746643450661176E-018  -4.6781423263212614E-018  -6.6134324512777165E-018  -1.2215568022919563E-018   6.0115069107227497E-019   9.9897925016772928E-018  -4.1890221463907669E-018   1.4191417612284896E-017  -2.4013326260571445E-017   3.8777455652847579E-017   8.1504666894674490E-017   1.2426078483606081E-011   3.1014342831320054E-003  -6.8833390314873514E-011  -4.8550782293847649E-011  -5.1280676543070237E-011   3.6124703942093746E-011  -6.5572683322777998E-016  -6.0987260686781566E-016   4.8070131841789333E-015   1.2056530916099954E-010   1.9138647910477001E-002  -4.4656220689739119E-010  -2.8895050949951325E-010  -2.7151530515796258E-010   1.6838541905551155E-010  -4.7948689565220062E-018  -1.3414537700789764E-018   1.3025271954975163E-018  -1.7211840712481658E-018   1.2170976088458490E-018   1.6916162979783901E-018  -1.0071856819028711E-018  -3.0181858308998968E-019   1.1435057935865963E-018   1.1978130953097911E-017  -1.6507063975310736E-009  -1.9531508564348947E-009   1.8663512252843854E-009  -1.2540763275371328E-016  -1.1588148191544798E-016   9.1878404113359783E-016  -9.2035757688759841E-010
   1.3374898442237269E-011   6.2471159556116171E-013   1.6700875534716160E-012  -1.2948119302349746E-005  -1.4649441065669345E-012  -1.9222711107547922E-012   8.4022386716051746E-013   1.0208049913534107E-017   5.3176373628556018E-017   4.9346299678889605E-017   3.2800298454155403E-010   3.4126857284590197E-012  -1.0779696206036520E-011   2.1964579736934023E-004   3.3118233446053787E-012   1.3975189346771821E-011  -6.7245803022526670E-012   9.7382189810817129E-018  -1.1393620831316882E-017   4.1462665054305882E-017   5.5511346575152025E-010   5.1628317724872438E-018   4.4059227637670686E-018   6.6472358507869264E-018  -7.2483529180526736E-018  -3.3225169834623851E-018   1.1202919507506098E-018  -7.0563686832256345E-018   1.0130541129872519E-017   1.1416438040410750E-018   1.9486245504169227E-017   2.9589730090724461E-018   8.9852119063014987E-017   2.8486464888117297E-017   2.0412452988683708E-011  -7.6191448362966083E-011   3.1014343154403528E-003   2.8261182117526792E-011   1.2119909486241655E-010  -4.8673635194993286E-011   4.2250323303602169E-016   3.0481042661116245E-015   2.3286350990989276E-015   1.4405021803581200E-010  -4.9497900073538091E-010   1.9138648111597982E-002   1.3570318728448462E-010   7.2197357757924794E-010  -2.7975354563668471E-010   7.5098981566463835E-019  -2.7364598719798531E-018   5.3482312001948934E-018  -2.0102885824200809E-018  -1.9635266616731858E-018   5.5166543211261772E-018   9.7791198941766951E-019  -4.2885715503951198E-018  -3.9608519345269842E-019   1.2154312719165638E-017  -2.9353685759149968E-010  -4.1849044250170712E-010   4.1093043740786809E-010   8.1013763244224145E-017   5.8292994719340240E-016   4.4475750889938551E-016  -2.0407330095665735E-010
   9.9857971562081372E-012   6.4740578200400844E-006  -3.7650385727838252E-013  -1.4588550408927464E-012  -1.2948117805510347E-005   4.5736245941223745E-013   6.4740599858932610E-006  -6.0012942039234289E-016   3.0779842202553929E-016   3.6641614872848051E-016   3.3351051874017173E-010  -1.0982289200520952E-004  -5.5040166265638575E-012   3.3118233446053787E-012   2.1964579330075107E-004   6.3784006442290524E-012  -1.0982290129462150E-004  -6.1400992701243999E-016   3.4835227028801047E-016   3.5263560526357810E-016   5.4332604751313857E-010  -7.3141487260777737E-018   3.0139881252618754E-019  -1.3924150281565979E-018  -1.2704764089798594E-018  -6.6549745651726178E-018  -4.1983653744686919E-018   1.2481556414835774E-017  -2.3681143698452453E-018  -6.1802971702034811E-018   5.1543389080433562E-018  -5.1002696571594519E-016   2.9807163716206977E-016   3.2478070118774196E-016  -1.5507171084661402E-003  -3.4415898740644809E-011   2.9571636779361096E-011   3.1014342857895905E-003   5.0935110050447679E-011  -1.5507171773230877E-003   3.0109233901136712E-016   4.6183447696953963E-015   4.3405117197539705E-016  -9.5693237407136877E-003  -1.8600889799103267E-010   1.4529656814034227E-010   1.9138647935301945E-002   2.6754655763770364E-010  -9.5693241945848592E-003   4.2225308139912762E-018   2.3401768812661229E-018  -4.7444118007096592E-018  -7.5845595822690183E-018   5.2780617537458600E-018  -6.8258408011861659E-018   2.7547617288886473E-018   1.0467779693569701E-018  -1.7990101985254603E-018  -3.7059681192636137E-019  -2.8173681527868902E-010  -3.7237337872366889E-010   3.6190090702112335E-010   4.0062466660938850E-017   8.9095053714255481E-016   9.3902827448898469E-017  -1.7925355254400907E-010
  -3.0615965950317753E-011  -1.4836074305786116E-012   1.4753613829532661E-012  -1.2878393650031113E-012   4.6327745118588959E-013  -1.2948119204638499E-005   1.0203533330315727E-012   1.3152636163899745E-016   6.8942259648538066E-017  -1.7638595204337980E-016  -1.8595716588706499E-009   4.5447997239881364E-012  -6.3502375615193600E-012   1.3975189346771821E-011   6.3784006442290524E-012   2.1964579993937155E-004  -1.0923159186759502E-011   9.3009988491005153E-017   9.3170932114736528E-017  -1.4974510028292421E-016  -2.8777748227893449E-009   6.5701757064357772E-018   1.0746612629710864E-017  -5.5500481552351922E-018  -5.2294404919711528E-018   1.2380373131819657E-018   5.3413749520453703E-018   1.2194847578177092E-017   1.4102499764469257E-017   3.2213244675687737E-018   6.0421250902731364E-018   3.7608978327389034E-017  -1.6481259148303186E-017  -1.4799594020602580E-016   2.4638599081543569E-011  -5.1655198415815764E-011   8.6555281437985923E-011   5.2374251283501648E-011   3.1014343279610820E-003  -7.7012833746528359E-011  -5.8476783800408353E-015  -5.6665219452975008E-015   1.5825418978913678E-015   1.9082376318208094E-010  -2.7213838105095372E-010   4.8614849913003260E-010   2.7833828487735187E-010   1.9138648226819144E-002  -4.6916207699433225E-010  -2.6948362419852993E-018  -4.9190060395107994E-018   2.9898698104916179E-018  -2.0506274492925593E-018  -2.5943438788343556E-018   1.7084741972206568E-018   1.7345557366213045E-018  -7.4435257867137004E-018   3.2042018102986007E-018   7.5437348032467392E-019   1.4477014984988619E-009   1.6769282392252729E-009  -1.5971136448630231E-009  -1.1128768026919543E-015  -1.0798810390187500E-015   2.9665725644889567E-016   7.8684695361315809E-010
   2.2833270587888584E-011   6.4740601487311557E-006   1.1257887295920145E-012   1.0215688084612747E-012   6.4740598839849882E-006   1.1015767645949845E-012  -1.2948120033309832E-005  -4.5768431110111689E-016   3.9523144693512915E-016   1.0032506816359779E-016   1.3522394639780439E-009  -1.0982290272661795E-004   2.8802353984714640E-012  -6.7245803022526670E-012  -1.0982290129462150E-004  -1.0923159186759502E-011   2.1964580401965619E-004  -5.3260800873290376E-016   4.5787145123509755E-016   1.6297448415004731E-016   2.1236816785879790E-009  -4.3395626830822310E-018   7.2604499139240853E-018   2.0640968890208509E-019  -3.2421845302182071E-019  -4.6788421592820254E-019  -2.1568064217697921E-018   4.7450611616896636E-018  -5.6539301912182445E-018   3.3011419527192249E-018  -1.1014536613843503E-017  -4.0709317642520679E-016   3.1938984794330756E-016   1.0883798387242044E-016  -1.5507171981376446E-003   2.2336373695461471E-011  -5.2001554195720045E-011  -1.5507171703770931E-003  -7.8738937824535617E-011   3.1014343685133940E-003  -3.8249976183403614E-015  -5.2234385156476785E-016   3.5564550561715645E-015  -9.5693242499790745E-003   7.0538704314636316E-011  -3.0114299068542666E-010  -9.5693241467673593E-003  -4.7928496828427276E-010   1.9138648396746390E-002  -7.9204604234630868E-018   1.8690473508122851E-018  -4.1080901891795771E-018   1.8077432556354810E-018  -5.2231325172893417E-019   1.1458799769790115E-018   1.0411771933513572E-018  -8.5248188426195366E-019  -4.9873531521007501E-019  -4.2102368144023126E-018  -1.0633226789704604E-009  -1.2369609427558696E-009   1.1774014149490861E-009  -7.4335633942761572E-016  -8.8621451651019237E-017   6.8129140718061952E-016  -5.8011665360126297E-010
  -7.9882511962260135E-016  -4.4247046763559894E-017  -8.4355428045460275E-018  -3.1177984774866282E-018   1.0701012187526781E-016  -1.0295273801085901E-016  -9.8874245876240789E-017  0.18349553791455323       -2.7058927917991285E-009   3.6456062250309342E-011  -1.0337646598329405E-014  -4.3833986033581071E-016   1.6296030124727261E-017   9.7382189810817129E-018  -6.1400992701243999E-016   9.3009988491005153E-017  -5.3260800873290376E-016  0.22004543292331022        8.5399073768451642E-009  -1.7556289339211619E-009  -2.2856515406008179E-014  -1.1316778131634042E-011  -5.9406981296517974E-011   7.9482780476991038E-010   5.5668327478526961E-011  -5.0044568747214245E-010  -4.0561095079621206E-011  -1.0404993559415054E-009  -1.5750415228030077E-010   1.4553817807724252E-009  -4.7503662782515546E-010  0.15044780215261708        3.8274276967969168E-009  -1.6430501148521853E-009  -1.0696494698910244E-015   3.2272669774618478E-016   7.5157891571571131E-017   9.8276492132665156E-016  -6.0555594881260022E-016   5.8405170477780636E-017 -0.17216942826427586       -3.8508756376404701E-009   1.2322669402071152E-009  -6.2623955441180537E-015   1.9430875767336092E-015   5.0211000791808355E-016   5.5278679757218409E-015  -3.4450347126891170E-015   6.0388635645646768E-016   2.4276147638385111E-011  -3.9763427836415768E-011   1.1934815236663462E-010  -9.8668785674387445E-012  -1.0627423081997669E-010  -2.2734845564720690E-011  -1.7235221305479778E-010  -2.5187102768264257E-011   2.7099644709853558E-010  -7.0184055621685211E-011   7.9114333672138350E-015   8.1722793382460369E-015  -6.0495062318417550E-015  -2.7354485478193236E-002  -5.8924114933388322E-010   1.8524460715044130E-010   2.8718200990085570E-015
  -7.5890609803774898E-016   4.4554304616189630E-017  -3.3023041343254353E-017   3.4675961443480645E-017   1.9218299383679457E-016  -5.1097584620470629E-017   1.9893361179147388E-016  -1.2874997463345773E-009  0.18349553672440075        1.6816972262367184E-009  -7.8288390651024665E-015   6.2297935333374841E-016  -1.1324643965390496E-017  -1.1393620831316882E-017   3.4835227028801047E-016   9.3170932114736528E-017   4.5787145123509755E-016   8.5399073768451642E-009  0.22004543976141264       -8.0098606399148251E-009  -9.5056582228276714E-015   6.0220374546999418E-010   3.3613858228734296E-010  -1.8791425404523490E-010  -7.8351179910562634E-010  -7.7100539465839239E-011  -2.4424830928905308E-011  -1.8369833334965654E-010   7.9211753842926855E-010  -8.9642729585094683E-011  -4.5034746451535186E-010   4.1743890872789678E-009  0.15044780483949158       -3.9508971103196791E-009   1.4767964891597116E-016  -5.4160443208244513E-016  -5.7100909335121025E-016  -2.3683625672695911E-016  -1.8532093734633574E-016  -3.1462126212685256E-016  -4.2110381771716955E-009 -0.17216943132656398        3.6644166501032787E-009   2.0625974506762207E-015  -3.3053551915203016E-015  -3.4983795430389201E-015  -1.0632931532300444E-015  -7.6423890299816524E-016  -1.1465084023111243E-015   1.0007697633902713E-010   6.6953121063052615E-011  -2.2774658671084054E-011  -1.4566782541555528E-010  -2.5681487613633272E-011   1.1402373725738296E-011  -3.7453691059868343E-011   1.1128354019647700E-010  -1.6679203899634115E-011  -6.5970823515615599E-011   5.2613416376828963E-015   6.4974903491631982E-015  -6.2305415210300490E-015  -6.4686868527579576E-010  -2.7354485952066781E-002   5.5232781497189011E-010   3.0718807709983962E-015
  -1.2255195805874382E-015   3.8448213979520342E-016   5.0760325180684598E-017  -2.3275506119607607E-017  -4.3670946085975676E-017   1.8240925137225665E-016   1.6274544646831167E-016   1.6594521855968993E-009   2.2638962039903859E-009  0.18349553449348271       -8.2563155093624143E-015   2.3678168192817540E-017   6.8977559895059963E-017   4.1462665054305882E-017   3.5263560526357810E-016  -1.4974510028292421E-016   1.6297448415004731E-016  -1.7556289339211619E-009  -8.0098606399148251E-009  0.22004544713713289       -1.5914943748291040E-014   4.3799509008184919E-010  -5.5914098901298872E-010  -2.1102910392096561E-011  -2.0403826558505487E-010   5.0587865580309127E-010  -3.8359740075680021E-010   9.7302000011703346E-010   2.4525240480691662E-010  -7.4630551401443959E-010  -1.6705928853805449E-010  -1.1087808122930407E-009  -3.8135707053280721E-009  0.15044780893589044        6.0066246908901409E-016  -4.5657141154324751E-018  -3.6532129118762279E-017  -5.3792890809623147E-016   5.3424138697549302E-016   7.2775949198338358E-016   7.3584781117930567E-010   3.5212712920094429E-009 -0.17216943496792028        1.9003208840033578E-015   2.3596882455501853E-016   1.6101435068635283E-016  -3.7607836155969276E-015   2.8570098678124338E-015   3.4734573034834720E-015   8.1419637596961468E-011  -9.1975946975235112E-011  -8.2465720888331353E-012  -3.3681840690158017E-011   1.0098530310377071E-010  -7.5555027049884019E-011   1.9227107965559500E-010   2.3258328569919897E-011  -1.6598413970251433E-010  -1.1182571121975740E-011   3.6493045180771716E-015   3.6791100877006171E-015  -1.2624654030553421E-015   1.0623769942192248E-010   5.2945389206562904E-010  -2.7354486503455167E-002   5.4023087641713847E-016
   1.6871028963752064E-002  -1.4252091795487041E-009  -1.7957454880967746E-009   7.2530396691833407E-009   4.1612171676243665E-009   1.3845984678323583E-009  -2.7361520450159553E-009   1.1370843597647599E-014   7.9684918669992535E-015   7.4536043457445359E-015  0.74024823898008940       -2.6674048824868448E-009   3.2780235420683749E-009   5.5511346575152025E-010   5.4332604751313857E-010  -2.8777748227893449E-009   2.1236816785879790E-009  -2.2856515406008179E-014  -9.5056582228276714E-015  -1.5914943748291040E-014   1.2045013718399975        4.7414555965214787E-016  -1.9200147572590847E-016   5.9735895021198231E-016  -3.6548721808683146E-016  -3.0158644875038687E-016  -1.7531275974317076E-016   3.3700892981749996E-016   1.4335064984267563E-016  -2.2059114191185927E-016  -4.5082914734977162E-016   1.2482280000692595E-014   6.5959841686109031E-015   8.1390678474885835E-015   2.0402669238850894E-011   9.5515793546372763E-010  -2.0600488691804818E-009  -1.1258434132041147E-009  -3.2563766583480470E-010   1.1053278145400328E-009   7.1219379703986007E-015  -1.0000787308549599E-014  -6.1625318711572298E-015   3.2679996866130560E-009  -4.4001255892613825E-009   1.1149120023745961E-009   1.5970237927738580E-010   5.7855291586360709E-009  -3.4276191555484855E-009   1.5246315473043153E-016  -4.9557324463765845E-017   1.5971222552462879E-016  -9.8335462385206886E-017  -8.2965927231571121E-017  -3.2921733063057301E-017   6.5401635795671772E-017   3.2627254296854904E-017  -5.6182158148026642E-017  -1.4829462814952240E-016 -0.59085316564251689      -0.72078346603858789       0.68173442847150367        1.4164564523710130E-015  -1.8418764080692066E-015  -1.1486880052896095E-015 -0.33606924081689288     
   6.3401160052183000E-018  -6.8698622736131997E-019  -3.1713571351243515E-020  -3.0434593579761385E-019   4.3117128022154313E-019  -3.8731132767738194E-019   2.5581714674594019E-019  -9.4383159280895210E-012   5.0216150418690403E-010   3.6524860256585876E-010   2.9516656186455558E-016   1.1653716523582852E-017   5.3796333794544473E-019   5.1628317724872438E-018  -7.3141487260777737E-018   6.5701757064357772E-018  -4.3395626830822310E-018  -1.1316778131634042E-011   6.0220374546999418E-010   4.3799509008184919E-010   4.7414555965214787E-016   2.5234892416334891E-018  -1.8888683326969385E-019  -5.9799192448220579E-019  -2.5542535230507667E-018   8.2455732280171922E-019  -8.3135358281753334E-019   1.4884737660990195E-018   2.6635389708313052E-018  -1.8080135393990997E-018  -1.5395460275148452E-018  -7.8285832483908397E-012   4.1062761120746952E-010   2.9984004413936470E-010   1.6455235835503719E-016   7.5961090747651884E-018   7.2900013296319606E-017  -1.0327699845836267E-016   9.2771957548227104E-017  -6.1275359415840590E-017   2.3043894965847410E-012  -5.5069512202254515E-010  -3.1558422747075381E-010   1.0154365243447339E-015   4.6874846245907470E-017   4.4985886455449503E-016  -6.3731226561599721E-016   5.7248669228939629E-016  -3.7812425596700354E-016   4.2614112241345484E-019  -3.5377910681162426E-021  -7.7600763001253552E-020  -4.5465036005458472E-019   1.2766843971058003E-019  -1.1707283058663445E-019   2.8189793092102125E-019   3.3809613602650535E-019  -3.7460427162461669E-019  -1.9414891427427974E-019  -3.5266617006190509E-016  -4.8261411967470030E-016   5.3083225355366670E-016   1.5632354899182164E-013  -9.0041947865522592E-011  -4.9271917501373210E-011  -2.6629873524525546E-016
  -2.8905354982985539E-018   4.4577020649208146E-019  -8.6142063862702572E-020  -2.5973018491465952E-019  -1.7767698580273007E-020  -6.3351343072347194E-019  -4.2800312373151125E-019  -4.9533922395127252E-011   2.8029930218053592E-010  -4.6626509338328258E-010  -1.1547690226265122E-016  -7.5618475493230767E-018   1.4612765343350234E-018   4.4059227637670686E-018   3.0139881252618754E-019   1.0746612629710864E-017   7.2604499139240853E-018  -5.9406981296517974E-011   3.3613858228734296E-010  -5.5914098901298872E-010  -1.9200147572590847E-016  -1.8888683326969385E-019   1.9511211052863377E-018  -4.4835074835595795E-019  -6.9378958144395751E-019  -1.2678846688092463E-018   9.4724329249974581E-019  -2.4724402914155642E-018   6.2910567352227628E-019   1.3660720461705412E-018  -1.3475719534904814E-019  -4.0219076488146900E-011   2.2937944724975435E-010  -3.8217257250864612E-010  -1.0677453980106012E-016   2.0633474548662963E-017   6.2212344179844565E-017   4.2558057370183886E-018   1.5174389978891923E-016   1.0251873143165002E-016   7.5096050122819867E-011  -2.9481301187250944E-010   4.4604297680583548E-010  -6.5889524049071821E-016   1.2732715565600569E-016   3.8390629137795051E-016   2.6262158683424592E-017   9.3639677970058881E-016   6.3263307749333612E-016  -6.0476816644521197E-020   3.3944083855438879E-019  -4.3133789863832523E-020  -1.3079233399523071E-019  -2.6419665813044131E-019   2.1194300362825733E-019  -4.9766781782859487E-019   1.1189208023397557E-019   3.2829166607368341E-019  -5.1266028574490708E-020   1.3921014782004512E-017  -1.8039612068750548E-017   6.6768213477892291E-017   1.2847866011393076E-011  -4.7859088648728887E-011   7.1141895125459247E-011  -3.6001294113764047E-017
