   2.0376433454106517E-004   9.0102756268190669E-013  -1.3803993633475722E-011   2.3489620329600366E-011  -1.6409160840434564E-011  -3.8670801955895083E-012   1.5506979089159392E-011   4.0834927334995577E-016  -3.7001300170567571E-016   7.0279265598684847E-016   9.4092511033362289E-003  -1.8625627488703353E-011   6.9948573947464162E-011  -8.1207587974826102E-012   5.5525287531729742E-011  -2.4532370687017730E-012  -3.6899176633581187E-011   4.5236516260920406E-016  -3.3705544271266298E-016   5.8455808982100364E-016   1.5092686808114450E-002   5.8201807018090988E-018  -3.5188511175843263E-019  -1.1782215223973449E-017  -5.9100898931780931E-018  -3.1525579505159084E-018  -1.4436064753153045E-018   2.8425347069491534E-018  -9.3788055228603641E-018  -2.8431125215894316E-018   2.0373968326057228E-017   3.8940973335967517E-016  -2.8866841638713460E-016   3.1422698766363877E-016   4.8741941115681707E-011  -1.3573211764923732E-010   4.1751575748704614E-011  -1.3553445100430854E-010  -3.5531423501603079E-013   8.6791757271541389E-011   8.3636497701681198E-015  -4.0881483171561425E-015  -6.1345121477605509E-015   3.1755615596408461E-010  -9.1415587126932652E-010   2.7436274337500493E-010  -8.9569617120058630E-010   6.7471533573880952E-012   5.7813962995323125E-010   2.5166404105679116E-018   6.5954454805374792E-019  -5.1584215303417788E-018  -4.0777446740358522E-018  -6.9450095746436070E-019   2.4379157445514564E-019  -1.2139923626894554E-019  -4.6089163696657854E-018   1.4891907527413590E-019   8.1356030766388586E-018  -5.5660756071000059E-003  -6.3570479590053528E-003   6.8145686250142860E-003   1.4182144591194958E-015  -6.9543557852430761E-016  -1.0212068830002741E-015  -4.2436481230004840E-003
   9.0102756268190669E-013   1.5492318769032746E-006   8.4262069691250007E-014  -4.3062424308476800E-014  -7.7461606515679904E-007  -2.4494839407200143E-014  -7.7461581172399001E-007  -2.5002906462882710E-016   1.4588870723927970E-016  -1.7742251860703949E-016   5.8029776539110032E-011  -2.1351914743657194E-005  -6.6770144552336618E-013   2.8939243402899590E-013   1.0675958528043772E-005   2.0322494056909573E-013   1.0675956215648553E-005  -2.1904571809914093E-016   1.2751662020770879E-016  -1.5487038799156518E-016   8.8146824702930462E-011   1.5395078746060489E-018   7.6265434109652813E-020  -5.3309850617953674E-019   2.7376671794902443E-019   1.8313525514200744E-019  -1.9871984749051708E-019  -1.0314407408329659E-019  -5.1873113972507122E-019   1.6355995674994501E-019  -6.3128157981651348E-019  -1.5045682709434683E-016   1.0319448399175955E-016  -8.3196774141500515E-017  -2.8490863420553949E-004  -6.4585741793055280E-012   3.4941291406495504E-012   1.4245432885385902E-004   2.3927361815345818E-012   1.4245430535172367E-004  -7.7853413800176730E-016   1.5512059939075743E-015   9.3184947561875354E-016  -1.5940620771920878E-003  -3.5856284547357005E-011   2.0046183045216595E-011   7.9703110438611110E-004   1.3546951330944422E-011   7.9703097280614944E-004   8.5725303819844008E-019   4.8542667471695730E-020  -1.8840073319929531E-019   2.3004502717208505E-019  -1.1524324713478732E-019   2.8274469698830225E-019  -4.0439412759331286E-020  -1.7215745094241308E-019   1.3053270403164083E-019  -5.5504072884702587E-019  -3.8429407809742990E-011  -4.4036788021867157E-011   5.2791578093080566E-011  -1.3562669591635591E-016   2.6403995044656879E-016   1.5401592521779415E-016  -3.3143212028629982E-011
  -1.3803993633475722E-011   8.4262069691250007E-014   1.5492320428394995E-006   2.3400331241903941E-014   8.4981330695395613E-014  -7.5841852948271951E-014  -1.6924017193981692E-013  -3.3259040906377955E-017   5.6742524800834574E-017  -7.5533607040443861E-017  -6.9787345353902675E-010  -9.1073157937747756E-013  -2.1351916183640309E-005  -2.2709838716354756E-013  -6.0429993697644094E-013   6.0805434232425809E-013   1.5150387365183164E-012  -2.3290194462171833E-017   5.2123654396856641E-017  -7.2550313039422417E-017  -1.1003170008992438E-009  -1.2124060662307382E-019   8.8905264006761085E-020   2.3312823216634744E-019   1.5295486056224441E-019  -5.4527412735940855E-019  -1.6254878968611619E-019  -4.9443119551754595E-019   2.1551364369804925E-019   9.4182428412057858E-020   1.1638665021013415E-018   2.0303620690403921E-017   4.2887693398578899E-017  -7.5170027097896634E-017  -9.1180243384989777E-012  -2.8490864942400335E-004  -2.4898559804440102E-012  -6.4664654440443261E-012   6.8145061340317771E-012   1.5584489554582197E-011   2.4883295358341700E-015   6.9926689851555358E-016  -2.2071563628074968E-015  -5.0704497420799213E-011  -1.5940621625240481E-003  -1.3520308869915937E-011  -3.7028266740763330E-011   3.8332851955952306E-011   8.7732771841938943E-011  -2.5072692731394284E-019  -5.0809374205795013E-019   4.3707560368737124E-019   1.4187463338018895E-019   5.8448856274533223E-019   1.0227265158273514E-022   1.6756987333795635E-019   6.9654885776084568E-019  -3.9590194906395083E-019   2.2042463788612562E-019   5.1095017433000225E-010   6.2497785690582548E-010  -7.8261233160356891E-010   4.1891852848010710E-016   1.1885530203741259E-016  -3.7343672720825045E-016   4.9325047307314229E-010
   2.3489620329600366E-011  -4.3062424308476800E-014   2.3400331241903941E-014   1.5492317743317646E-006   9.0982281799943865E-014   1.3910058864265987E-013  -4.7913205880807186E-014  -1.3109046308709023E-017  -5.1952166075617049E-017   1.3179126431709340E-017   1.1266889680046498E-009   3.5457328790189770E-013  -1.8837586642893377E-013  -2.1351913854716482E-005  -7.4680094536705030E-013  -1.1839881253810094E-012   3.9223270321291589E-013  -1.8892899534753688E-017  -4.3462657383470408E-017   1.1175241490829778E-017   1.7947807025190821E-009   6.2760243285467450E-019   1.0724077052693682E-019   1.9798976071053637E-019   2.3251464531869304E-020   4.0210856000947062E-019   9.1050688196232429E-020  -1.4650036379903583E-018   1.7472057128006677E-019  -1.6881597484765805E-019   5.7839093184801907E-019  -7.8558421193011655E-018  -2.8876833232874736E-017  -9.0955221561480034E-018   4.2634755878061556E-012  -1.9498244879396417E-012  -2.8490862490695366E-004  -8.4018673931123031E-012  -1.1659683421037214E-011   4.1383892834775129E-012  -3.0241978650005613E-017  -1.5865236555858523E-016  -9.5500354986651733E-016   2.4356289324165446E-011  -1.0453217930068471E-011  -1.5940620243741451E-003  -4.6772805226868346E-011  -6.5615516714051035E-011   2.2416523068156562E-011   1.3563022315348927E-019  -5.0993057134605651E-019   4.5632621494951727E-019   1.1598364367205456E-019  -9.1753389569899448E-020   4.6159868847203473E-019  -7.4774292480728370E-019   3.6248593080370902E-019  -5.9936178839003156E-019   3.9304468261555821E-019  -8.5386654554537143E-010  -1.0643490972407621E-009   1.3511776363449504E-009  -5.3771637281519762E-018  -2.7620784909726887E-017  -1.6083181155543645E-016  -8.5256759375633108E-010
  -1.6409160840434564E-011  -7.7461606515679904E-007   8.4981330695395613E-014   9.0982281799943865E-014   1.5492320834224273E-006   1.7903467841587294E-014  -7.7461601827437170E-007  -8.6786072165177313E-017   1.8083524079278469E-016  -1.3914874413135211E-016  -8.2100661165969647E-010   1.0675958520917200E-005  -8.3713523534103132E-013  -7.4901731876940748E-013  -2.1351916658583107E-005  -1.9938241136139314E-013   1.0675958137671390E-005  -7.9844402804972026E-017   1.6234554688843778E-016  -1.2928702722022471E-016  -1.2973549791575121E-009  -4.5060070917712488E-019  -3.4614076084925196E-019  -5.0968953696503411E-019  -5.3140285422648095E-019   5.5733522205267924E-019   1.9586985502144279E-020   5.9268112033802204E-019   2.2062974591108850E-020   8.3184841404717291E-019  -1.2158999436810331E-018  -4.3762419978813880E-017   1.0761959579547595E-016  -8.1864473064637038E-017   1.4245432862866744E-004  -8.8991042019960687E-012  -8.3957529798138129E-012  -2.8490865334277138E-004  -2.1185790380084425E-012   1.4245432471412264E-004   2.3606274665481613E-016   6.2599599798971760E-016  -4.9427382230094194E-016   7.9703110307514393E-004  -5.0521804904788079E-011  -4.6753979281201112E-011  -1.5940621832412380E-003  -1.1037690299550587E-011   7.9703108016576500E-004  -6.9128119166720498E-019   2.6880145942751056E-019  -5.0137316965742961E-020  -1.6663604593428534E-019   8.0791447273052324E-020   3.9135633670127636E-019   4.2163424115985653E-019  -1.6479682873153116E-019   3.4097315862817933E-019  -6.8853762547126318E-019   6.0825669860850489E-010   7.4860970243556421E-010  -9.4243425046842714E-010   3.8234301923181260E-017   1.0870039878332916E-016  -8.5805736389233012E-017   5.9423530387532572E-010
  -3.8670801955895083E-012  -2.4494839407200143E-014  -7.5841852948271951E-014   1.3910058864265987E-013   1.7903467841587294E-014   1.5492319733583737E-006   6.5904209893801834E-015   2.3496935645149134E-017   2.5989673125939159E-017   5.0172479393818389E-017  -1.8280681076024874E-010   1.9016953407483951E-013   6.3617952250669118E-013  -1.3451993124593583E-012  -1.4338937076206726E-013  -2.1351915547443945E-005  -4.6782741362417142E-014   1.9542175675006258E-017   2.0206080493854857E-017   4.5507674170326795E-017  -2.9263930522192774E-010   3.2102497728566138E-018  -8.5459936630980377E-019   7.8565655686610738E-019   1.2418076033723993E-018   1.8176618093265478E-019   3.4364176274171262E-019  -4.5408679656457940E-019   1.0487850320821824E-018  -1.2195718137090902E-018   5.7411794535740716E-019   1.4598099602919748E-018   7.6000569683564174E-018   2.1191307076747732E-017   2.0740671922192753E-012   7.0693983152523554E-012  -1.3760597128598241E-011  -1.4368769123671659E-012  -2.8490864283536339E-004  -6.3719155512463494E-013  -5.4505957536709159E-016  -4.9839269549797033E-016  -2.6944088412791194E-016   1.1669610830740608E-011   3.9704158851584604E-011  -7.7483664807943825E-011  -7.1961519449335649E-012  -1.5940621269387228E-003  -4.4734607748584797E-012   1.2200022762446012E-018   2.0372278853950282E-019   2.4220634649145923E-019   4.7725425394724036E-019  -6.1804677970399983E-019   8.2244575250043856E-019  -1.4714188604118260E-018   5.0636779673330756E-019  -1.6639427008480738E-019   8.3707145289008985E-019   1.3995050695552636E-010   1.7560657910600221E-010  -2.2362582891464817E-010  -9.1520610317628071E-017  -8.3539767206264464E-017  -4.4578170963212710E-017   1.4114448905787950E-010
   1.5506979089159392E-011  -7.7461581172399001E-007  -1.6924017193981692E-013  -4.7913205880807186E-014  -7.7461601827437170E-007   6.5904209893801834E-015   1.5492318299846196E-006  -1.4214506138982580E-016   6.1976470490778552E-017  -1.1282879046405454E-017   7.6291669728880250E-010   1.0675956222430092E-005   1.5047921863295638E-012   4.5953320851794950E-013   1.0675958130659841E-005  -3.8294277661660571E-015  -2.1351914353130546E-005  -1.2298218570156349E-016   5.2951389933917996E-017  -4.9838968195002548E-018   1.2091139649989987E-009  -1.0889070649851967E-018   2.6987551940667793E-019   1.0427880863256644E-018   2.5763580570877189E-019  -7.4047030562433802E-019   1.7913305780941788E-019  -4.8953718222885957E-019   4.9666839717361197E-019  -9.9540838105401409E-019   1.8471813183459216E-018  -1.0829460934937526E-016   3.0245078555961797E-018  -1.5945958988621826E-017   1.4245430557273690E-004   1.5357084676579689E-011   4.9004005593027833E-012   1.4245432449052028E-004  -2.7398232502458837E-013  -2.8490863006331907E-004  -2.0883569295101127E-015  -2.1965339710460752E-015  -4.6497616540128685E-016   7.9703097409380779E-004   8.6374767678856027E-011   2.6700951992305956E-011   7.9703107886412337E-004  -2.5082829230289938E-012  -1.5940620529577747E-003  -1.6597192244547382E-019  -3.1734372662566076E-019   2.3853791511411323E-019  -6.3408766278870794E-020   3.4451875380124392E-020  -6.7410114684313040E-019  -3.8119507167740655E-019   3.3695437554415128E-019  -4.7150593654824418E-019   1.2435783835220172E-018  -5.6974706569923240E-010  -7.0445964632457862E-010   8.8947127587779944E-010  -3.5448097947513353E-016  -3.6919214024029650E-016  -7.8570656529314809E-017  -5.6098270219932414E-010
   4.0834927334995577E-016  -2.5002906462882710E-016  -3.3259040906377955E-017  -1.3109046308709023E-017  -8.6786072165177313E-017   2.3496935645149134E-017  -1.4214506138982580E-016  0.15662974659746362       -1.3140931419503261E-009   2.6541254167718727E-009  -1.3133912456466979E-015  -3.8354259020637567E-016   1.7211663868642852E-018  -3.4480163702080980E-017  -4.4525125256493179E-016   3.0138630701898095E-017  -4.1343373726770552E-016  0.13815822379304463        3.2474443618059835E-010  -8.3506432236195762E-011  -4.2512849300099789E-015   4.5751609531047357E-011  -1.1343970167205331E-010   1.0969758094383877E-010  -2.5576173793122486E-010  -3.5699631831001202E-011   1.9437764181466825E-010   1.5799624867762447E-010   2.1594673543897169E-011  -9.8538383290439366E-011  -9.7858918167497994E-011   8.4814171322630139E-002   1.5963117786918606E-010   4.5765986898116597E-010   8.8251033098945074E-018   6.6642707288462777E-016  -6.3000882320273738E-016  -5.1762186887740022E-016   9.6716840718254525E-017  -6.4529193933549673E-017  -9.9885607533584178E-002  -1.8982431004833978E-010  -4.5218886766145866E-010   1.4696020183697806E-015   3.6063399999506269E-015  -3.4669702969688836E-015  -1.6912182219145936E-015   5.0770685741541241E-016   9.0158190590053482E-016   3.2677171871463243E-012  -1.5914861202001843E-011   1.1450756507699784E-011  -2.2779149142694935E-011   1.3890246147735203E-013   1.8397328232653602E-011   1.6100148519836692E-011   2.7045000470887613E-012  -5.6871333906806760E-012  -1.0550696205202279E-011   3.4325147066392480E-016   1.2060730143949949E-015  -5.4582748641082083E-016  -1.4095027591849500E-002  -2.9802680747849151E-011  -6.3423110217543988E-011   3.2982543566194542E-016
  -3.7001300170567571E-016   1.4588870723927970E-016   5.6742524800834574E-017  -5.1952166075617049E-017   1.8083524079278469E-016   2.5989673125939159E-017   6.1976470490778552E-017  -1.3140931419503261E-009  0.15662974356227166       -1.6517983733016335E-009  -1.3666415621318210E-015   6.9768111208391771E-016   4.4126657089105656E-017   1.2846282671893955E-017   6.9549899043235015E-016  -9.1678095978296203E-017   6.6885397754725187E-016  -6.9872120647853058E-010  0.13815822354573618       -1.2012450124859546E-010   4.1974633828703946E-016   6.9797942054311214E-011  -2.2217693713378424E-011   1.3879551101678740E-010  -3.9798580493821593E-010  -1.3309084624486773E-011   3.0433861901370035E-010   1.1182105070865558E-010   4.1168721482578323E-011  -1.2781880963659239E-010  -1.3413681699508834E-010  -1.9578905283842019E-010   8.4814171011586850E-002  -4.1948550550454223E-010   4.4364395768975139E-016   2.3884603129444684E-016   1.3876882371303548E-016   7.6362838209392610E-016  -4.4091687046927220E-016   4.0250730361229230E-016   2.8427186961608123E-010  -9.9885607178323774E-002   4.3441604793571145E-010  -6.5518923696364740E-016   1.2772697818762291E-015   7.2105451167193047E-016   1.2310336259608830E-015  -2.5735366482080325E-015  -7.6028746594267817E-016   1.2525862483741520E-011  -1.9273328448287876E-012   1.1961574634706755E-011  -4.4799335136295080E-011  -1.0818128725045565E-012   2.7992789585311850E-011   1.2434794852848734E-011   8.6612472474989856E-012  -1.4759969879845174E-011  -1.5370873791612626E-011   7.6003658702381678E-016  -3.0107493565265586E-016  -1.0899705006731948E-016   3.6998694401198970E-011  -1.4095027545107231E-002   6.1765789291104635E-011   7.4048377091711356E-017
   7.0279265598684847E-016  -1.7742251860703949E-016  -7.5533607040443861E-017   1.3179126431709340E-017  -1.3914874413135211E-016   5.0172479393818389E-017  -1.1282879046405454E-017   2.6541254167718727E-009  -1.6517983733016335E-009  0.15662974667099541       -1.4112041308181503E-015   4.4384915313671839E-016   3.1703676131625209E-017  -2.0102021964173757E-017   3.7434007660321717E-016  -5.8901799806532210E-017   3.5093296158462378E-016   1.9485079074973971E-010   1.3309802921738198E-010  0.13815822386942411        1.5972295681487933E-015  -2.1601763053655628E-011   1.2109138076322423E-011  -1.2712703597206468E-011   3.6324133897293732E-011  -5.2777650276227561E-011  -7.3434939185665306E-012  -9.5282568190423619E-012  -9.8132776467326377E-011   6.7369500620306799E-013   8.2609822497083022E-011   5.5500230705318499E-010  -3.3076336310841392E-010   8.4814171227490631E-002   2.1348684250125207E-016  -4.9847787157364414E-016  -2.3438309323606660E-016  -4.0253388053130211E-016   2.4763277646667498E-016   4.9432807348471193E-016  -5.8132187250730993E-010   3.1716968932287447E-010  -9.9885607450157440E-002   3.3154384785928636E-016  -2.7448448230525392E-015  -1.3943721871513665E-015  -3.1829412673572542E-015   1.3687855163398758E-015   1.7368585519306860E-015   3.4406581014743485E-013   1.4899624914840474E-012   1.2056977108582454E-013   3.3397311240991181E-012  -1.1174771967524402E-011  -3.8017747167485464E-012  -6.4765997863684908E-013  -1.3663701237406481E-011  -6.2122162584394383E-013   1.0088832580797424E-011   3.7716521297602948E-016  -8.1165432949274922E-016   6.1766010658250866E-016  -8.1611873907229057E-011   4.5260175042753752E-011  -1.4095027578790638E-002  -4.1492438655592558E-016
   9.4092511033362289E-003   5.8029776539110032E-011  -6.9787345353902675E-010   1.1266889680046498E-009  -8.2100661165969647E-010  -1.8280681076024874E-010   7.6291669728880250E-010  -1.3133912456466979E-015  -1.3666415621318210E-015  -1.4112041308181503E-015  0.44712679675397221       -1.1028386223838919E-009   3.9469133388464763E-009  -5.7026682175573535E-010   3.2512123760624125E-009  -1.2483516944621617E-010  -2.1483700577585192E-009   3.0985677182293147E-015  -1.6296779337438266E-015  -2.9772532098536310E-015  0.71300460536130250        2.5308137336465862E-016  -2.3668625742644508E-017  -5.3117687140523063E-016  -2.1649657832715075E-016  -1.4180199245726308E-016  -8.0162394801323303E-017   1.2453726858435257E-016  -4.0727343112338012E-016  -1.1056106057162929E-016   9.1330511694186980E-016   9.8260574245617127E-016  -1.7951288913504560E-015   2.0300215678707499E-016  -6.5279204172320102E-010   2.0949519601922088E-009  -5.2586455602895210E-010   1.9279452124033862E-009  -1.3298009682752466E-010  -1.2752044899195210E-009  -9.3402039217995139E-015   1.1476934054542182E-014   1.5888592852232390E-014  -1.4934871338548087E-009   4.2593746925747609E-009  -9.8618028305482392E-010   4.1740368743161893E-009  -3.2143411761915990E-010  -2.6805173413598538E-009   9.3036265709762795E-017   2.3383388141070228E-017  -2.1115760576136553E-016  -1.5969929503802033E-016  -3.0459465450750040E-017   3.0732065801859825E-018  -1.9538963199490248E-018  -1.8359989756158276E-016   6.7713145318623957E-018   3.3621872142212339E-016 -0.34696747364109709      -0.43624679489498608       0.55994892200333513       -1.5410218293597623E-015   1.9114639290030898E-015   2.6750141810198592E-015 -0.35360280399915678     
  -1.8625627488703353E-011  -2.1351914743657194E-005  -9.1073157937747756E-013   3.5457328790189770E-013   1.0675958520917200E-005   1.9016953407483951E-013   1.0675956222430092E-005  -3.8354259020637567E-016   6.9768111208391771E-016   4.4384915313671839E-016  -1.1028386223838919E-009   2.9427761590582766E-004   5.7487405329627252E-012  -6.9557664803710266E-013  -1.4713881565747285E-004  -7.6905202683323974E-013  -1.4713880024883901E-004  -3.5552948188866305E-016   6.2700787209988422E-016   3.6706639607098382E-016  -1.6955190455131296E-009  -2.1217896368434020E-017  -1.0511081223514036E-018   7.3473022310107716E-018  -3.7731245628509588E-018  -2.5240165810419794E-018   2.7388088719192329E-018   1.4215572466304431E-018   7.1492887657619908E-018  -2.2542262611384450E-018   8.7004851955461249E-018  -2.4424711751627844E-016   3.6483724920103786E-016   2.0552341344259046E-016   3.9266845447618586E-003   4.2929516854621346E-011  -4.2182213890609784E-012  -1.9633423245113920E-003  -5.8654260531464449E-012  -1.9633422202510620E-003  -3.4431957440907143E-015  -1.2996966214925266E-015  -1.8617487968388901E-015   2.1969776168262768E-002   2.3633964548422104E-010  -3.0444529166056312E-011  -1.0984888376390802E-002  -3.5016767729335008E-011  -1.0984887791874346E-002  -1.1814882822726603E-017  -6.6902411679970021E-019   2.5965871702314301E-018  -3.1705412984063688E-018   1.5883126283885374E-018  -3.8968604830404470E-018   5.5734275463979311E-019   2.3727179694149843E-018  -1.7990342952578758E-018   7.6497163079147091E-018   8.1606718633361639E-010   9.8598809581451660E-010  -1.2538598857713375E-009  -5.8702743628214279E-016  -2.0679555297692227E-016  -3.0660024610215662E-016   7.9088776494827414E-010
   6.9948573947464162E-011  -6.6770144552336618E-013  -2.1351916183640309E-005  -1.8837586642893377E-013  -8.3713523534103132E-013   6.3617952250669118E-013   1.5047921863295638E-012   1.7211663868642852E-018   4.4126657089105656E-017   3.1703676131625209E-017   3.9469133388464763E-009   5.7487405329627252E-012   2.9427762407864506E-004   1.2810754356193427E-012   3.7240757890297482E-012  -2.7421100576809733E-012  -9.4729158322464879E-012  -8.8262333646987908E-017   8.1869400519451252E-018   1.1549591399674440E-016   6.1064497721332212E-009   1.6709657514377860E-018  -1.2253142179417882E-018  -3.2130270417182053E-018  -2.1080617953284470E-018   7.5151111232804307E-018   2.2402913581757213E-018   6.8143769969081762E-018  -2.9702593051353188E-018  -1.2980448761862334E-018  -1.6040722369583368E-017  -6.6240646383863495E-017   1.1261549060058434E-017   6.9117951813595191E-017   3.4888526518783534E-011   3.9266845987436221E-003   9.6456303079299008E-012   2.7682456081604894E-011  -1.8685457461485017E-011  -6.2570979458020710E-011  -2.6491930706010759E-015   3.7982393069636475E-016   2.4653429928357181E-015   1.9091763239756415E-010   2.1969776472836738E-002   4.8310701441818565E-011   1.6657656471748371E-010  -1.0738047070661233E-010  -3.5749430296825331E-010   3.4555845942227909E-018   7.0026758761092668E-018  -6.0238849192746668E-018  -1.9553549234298314E-018  -8.0555693737781883E-018  -1.4089841854215561E-021  -2.3094899061489783E-018  -9.6000116028014099E-018   5.4564250292645878E-018  -3.0379574242663747E-018  -2.9288418802782496E-009  -3.5483368019228434E-009   4.5075998027499400E-009  -4.4705719538270179E-016   6.5016452407128458E-017   4.1680327005701235E-016  -2.8431434689048949E-009
  -8.1207587974826102E-012   2.8939243402899590E-013  -2.2709838716354756E-013  -2.1351913854716482E-005  -7.4901731876940748E-013  -1.3451993124593583E-012   4.5953320851794950E-013  -3.4480163702080980E-017   1.2846282671893955E-017  -2.0102021964173757E-017  -5.7026682175573535E-010  -6.9557664803710266E-013   1.2810754356193427E-012   2.9427761088663209E-004   3.3333404238413399E-012   8.4355789308358482E-012  -2.6378333174269803E-012   7.0674392910820574E-017  -2.0808318022117593E-017  -8.8982694107160681E-018  -8.7051529652041942E-010  -8.6497703499797961E-018  -1.4780210159159345E-018  -2.7287646885980134E-018  -3.2046275536394286E-019  -5.5419690883280314E-018  -1.2548881762852466E-018   2.0191063213784878E-017  -2.4080579795965980E-018   2.3266623796973110E-018  -7.9715021199032585E-018  -1.3000997565987723E-017  -1.3107422722279751E-017   2.4343096781664685E-017  -2.8341133339594168E-012   9.3223684135491929E-012   3.9266845131121064E-003   2.2934601635386227E-011   5.5517565348394324E-011  -2.0100453546558517E-011   2.2959987312145387E-016   5.7146737081196159E-016   2.3590436092340419E-016  -2.2777802381709895E-011   4.5873108031200694E-011   2.1969775980261442E-002   1.2507174935040936E-010   3.1585301088355573E-010  -1.0229404572331469E-010  -1.8692873459728372E-018   7.0279961488928863E-018  -6.2892133821066043E-018  -1.5985213132778243E-018   1.2645687877065606E-018  -6.3618730920157552E-018   1.0305586403306910E-017  -4.9958798495895485E-018   8.2605597182434673E-018  -5.4170329737592074E-018   4.1550634769505711E-010   4.8932378016671123E-010  -6.1901098493384588E-010   3.8784355871563274E-017   9.6097490250106077E-017   4.0450639980372449E-017   3.9016054873796557E-010
   5.5525287531729742E-011   1.0675958528043772E-005  -6.0429993697644094E-013  -7.4680094536705030E-013  -2.1351916658583107E-005  -1.4338937076206726E-013   1.0675958130659841E-005  -4.4525125256493179E-016   6.9549899043235015E-016   3.7434007660321717E-016   3.2512123760624125E-009  -1.4713881565747285E-004   3.7240757890297482E-012   3.3333404238413399E-012   2.9427762946153375E-004   1.3234417765331902E-012  -1.4713881380413644E-004  -3.4746992145330870E-016   5.7240861535561921E-016   4.2180390414644615E-016   5.0068784982537480E-009   6.2102919599467955E-018   4.7706022795045657E-018   7.0246845865099689E-018   7.3239300117084854E-018  -7.6813349791969621E-018  -2.6994722620857708E-019  -8.1684862945177585E-018  -3.0406830130923441E-019  -1.1464749536015902E-017   1.6757828640314598E-017  -2.7748325205270752E-016   3.8433500848634638E-016   1.9523250289911189E-016  -1.9633423227186230E-003   1.8390953431112943E-011   2.2443991320492882E-011   3.9266846372361369E-003   1.0191029000882820E-011  -1.9633423145177719E-003  -1.6516654764299862E-015  -1.0413640426431417E-015   1.1783592462160944E-015  -1.0984888365657117E-002   1.1297735056508296E-010   1.2253900179306097E-010   2.1969776671549139E-002   4.5775907985356143E-011  -1.0984888305887485E-002   9.5274151340281421E-018  -3.7046913014896085E-018   6.9100987302163201E-019   2.2966223239319914E-018  -1.1134869471429092E-018  -5.3937735979402449E-018  -5.8110732557391343E-018   2.2712771309945034E-018  -4.6993799218011009E-018   9.4895967754860732E-018  -2.4058646634777356E-009  -2.9058247356456197E-009   3.6928397151699950E-009  -2.8567734283734969E-016  -1.6347257428935737E-016   2.0585453687664404E-016  -2.3291869106701681E-009
  -2.4532370687017730E-012   2.0322494056909573E-013   6.0805434232425809E-013  -1.1839881253810094E-012  -1.9938241136139314E-013  -2.1351915547443945E-005  -3.8294277661660571E-015   3.0138630701898095E-017  -9.1678095978296203E-017  -5.8901799806532210E-017  -1.2483516944621617E-010  -7.6905202683323974E-013  -2.7421100576809733E-012   8.4355789308358482E-012   1.3234417765331902E-012   2.9427761974012794E-004  -5.5435421838707407E-013   4.4734612913828564E-017  -4.1719365752673138E-017  -6.8719578377459451E-017  -1.8509784868049167E-010  -4.4244493301921401E-017   1.1778309189936999E-017  -1.0828118079924947E-017  -1.7114913559898264E-017  -2.5051476919377617E-018  -4.7361579728931677E-018   6.2583407263047367E-018  -1.4454624324017231E-017   1.6808454350483152E-017  -7.9126473791165462E-018   4.0293115053966496E-017  -8.0456232074524610E-017   1.5261112523345473E-017  -3.8744601180891028E-012  -1.7025820206910919E-011   5.4825562907996045E-011   1.1093203066603966E-011   3.9266845670442741E-003  -7.2187253721522123E-012  -1.6439702492507138E-015  -1.4668926089836941E-015   9.1410462945195758E-016  -2.2576437772278883E-011  -9.7339310368803283E-011   3.1354619306520503E-010   5.0445716220092650E-011   2.1969776313093749E-002  -2.7869252412198269E-011  -1.6814388008652401E-017  -2.8077598819329021E-018  -3.3381494957278911E-018  -6.5776388208790925E-018   8.5180804432694906E-018  -1.1335160515637013E-017   2.0279475100482078E-017  -6.9788903642524209E-018   2.2932875986621200E-018  -1.1536736994856687E-017   9.1906340560824090E-011   1.0890536755816784E-010  -1.4004787681954371E-010  -2.7591193291648600E-016  -2.4916547492050273E-016   1.5356385856800406E-016   8.8374037657175918E-011
  -3.6899176633581187E-011   1.0675956215648553E-005   1.5150387365183164E-012   3.9223270321291589E-013   1.0675958137671390E-005  -4.6782741362417142E-014  -2.1351914353130546E-005  -4.1343373726770552E-016   6.6885397754725187E-016   3.5093296158462378E-016  -2.1483700577585192E-009  -1.4713880024883901E-004  -9.4729158322464879E-012  -2.6378333174269803E-012  -1.4713881380413644E-004  -5.5435421838707407E-013   2.9427761405353519E-004  -3.9133892880850869E-016   6.1930407960505026E-016   2.4237523308372115E-016  -3.3113473346791929E-009   1.5007604856546035E-017  -3.7194936305197911E-018  -1.4371985937058053E-017  -3.5508084982187144E-018   1.0205351246713870E-017  -2.4688591975222388E-018   6.7469293159211583E-018  -6.8452208415094773E-018   1.3718974910812535E-017  -2.5458314211200373E-017  -2.5046403118812253E-016   3.7710004391830825E-016   2.3237443304452850E-016  -1.9633422220496966E-003  -6.1321798098524351E-011  -1.8226697857899265E-011  -1.9633423127257531E-003  -4.3251288367403775E-012   3.9266845347763028E-003  -8.8460272293966790E-016   1.6854299052239117E-015  -5.8308695062206729E-017  -1.0984887802641799E-002  -3.4932442515349381E-010  -9.2099664369794967E-011  -1.0984888295163977E-002  -1.0756487608172191E-011   2.1969776097803619E-002   2.2874676008555582E-018   4.3737163686940073E-018  -3.2875972711639983E-018   8.7391917642139056E-019  -4.7482569336617774E-019   9.2906339967420546E-018   5.2537299973279402E-018  -4.6439950422827791E-018   6.4984139425340909E-018  -1.7139312956924248E-017   1.5899168688523557E-009   1.9200319280501009E-009  -2.4393252530108396E-009  -1.5702351883016355E-016   2.9585775318331955E-016  -3.8102594286822281E-018   1.5385214829014712E-009
   4.5236516260920406E-016  -2.1904571809914093E-016  -2.3290194462171833E-017  -1.8892899534753688E-017  -7.9844402804972026E-017   1.9542175675006258E-017  -1.2298218570156349E-016  0.13815822379304463       -6.9872120647853058E-010   1.9485079074973971E-010   3.0985677182293147E-015  -3.5552948188866305E-016  -8.8262333646987908E-017   7.0674392910820574E-017  -3.4746992145330870E-016   4.4734612913828564E-017  -3.9133892880850869E-016  0.12186516530994564        6.9226013328308596E-010  -1.9667335790814185E-009   3.1015580616211748E-015   4.0360127402729915E-011  -1.0007293738498041E-010   9.6762051176013486E-011  -2.2560782473991380E-010  -3.1491300825019119E-011   1.7145738095362756E-010   1.3937062737587233E-010   1.9046614133077685E-011  -8.6915796132846497E-011  -8.6318196665311601E-011   7.4805019328388372E-002   4.0068754858587853E-010  -7.6153721485821601E-010  -2.3222516456400482E-016  -6.1734855085867098E-016   7.9403924442227576E-016   1.4248085319150610E-016   3.2293693650389275E-016  -4.1552526230074836E-016  -8.8576844493373705E-002   2.4849347596215111E-010   7.6663776955695632E-010  -4.5993529073976141E-017  -3.5632429745020956E-015   4.4921201048779073E-015   1.8582568585457165E-015   1.7781622991495776E-015  -1.2130619977690239E-015   2.8635845151024536E-012  -1.3982575435305571E-011   1.0079639661566293E-011  -2.0046724163404276E-011   1.2708585404420301E-013   1.6206824066002457E-011   1.4169530190937750E-011   2.3908985824876856E-012  -5.0290597838961686E-012  -9.2949822427515824E-012  -1.6684414563981602E-015  -9.3007198808321136E-016   1.0466369647825696E-015  -1.2512159088208633E-002   5.1893798707861085E-011   1.0293992536615497E-010  -6.2833755000325367E-016
  -3.3705544271266298E-016   1.2751662020770879E-016   5.2123654396856641E-017  -4.3462657383470408E-017   1.6234554688843778E-016   2.0206080493854857E-017   5.2951389933917996E-017   3.2474443618059835E-010  0.13815822354573618        1.3309802921738198E-010  -1.6296779337438266E-015   6.2700787209988422E-016   8.1869400519451252E-018  -2.0808318022117593E-017   5.7240861535561921E-016  -4.1719365752673138E-017   6.1930407960505026E-016   6.9226013328308596E-010  0.12186516723478484        1.2966232067660711E-009  -3.4260742280536676E-016   6.1570287321512184E-011  -1.9591582795967859E-011   1.2242683995083396E-010  -3.5105861949439906E-010  -1.1738005603038797E-011   2.6845039414465016E-010   9.8620578510240753E-011   3.6310402792469000E-011  -1.1273311663174144E-010  -1.1831522419995038E-010   6.4131959917952926E-010   7.4805020384053761E-002   4.9082031889984487E-010   5.4376640911641506E-016  -1.9784901145773733E-016  -3.0477646169141076E-016   1.2364227755925224E-016   1.2899756335190871E-016   7.5253971946512612E-016   9.6849413309770271E-012  -8.8576844775866345E-002  -6.4406293158284657E-010   2.7564391678784577E-016  -1.1627673064187841E-015  -1.7546553191718144E-015  -1.9893199137140007E-015   6.2959723602580733E-016   1.5513396467893966E-015   1.1019709866902962E-011  -1.7295152118523242E-012   1.0549149297091775E-011  -3.9461756956327221E-011  -9.6945522947818969E-013   2.4676084996924821E-011   1.1022661734632646E-011   7.6461382959891686E-012  -1.3062717824747476E-011  -1.3561552010216305E-011   1.8615769425489925E-016  -1.1692661618739123E-015   1.6927925138103668E-015   1.7989254108321682E-011  -1.2512159104862600E-002  -9.0837623558661007E-011  -1.0922403705534657E-015
   5.8455808982100364E-016  -1.5487038799156518E-016  -7.2550313039422417E-017   1.1175241490829778E-017  -1.2928702722022471E-016   4.5507674170326795E-017  -4.9838968195002548E-018  -8.3506432236195762E-011  -1.2012450124859546E-010  0.13815822386942411       -2.9772532098536310E-015   3.6706639607098382E-016   1.1549591399674440E-016  -8.8982694107160681E-018   4.2180390414644615E-016  -6.8719578377459451E-017   2.4237523308372115E-016  -1.9667335790814185E-009   1.2966232067660711E-009  0.12186516538758177       -1.3482425198260908E-015  -1.9057395797023978E-011   1.0680413601894413E-011  -1.1214113315906081E-011   3.2039155087613462E-011  -4.6560089635486512E-011  -6.4720059429140083E-012  -8.4059786512028209E-012  -8.6564891875684037E-011   5.9680587366838522E-013   7.2871789513339908E-011  -8.2638851204285410E-010   4.3196434497256841E-010   7.4805019246967724E-002  -1.4255270689679485E-016   7.3537160743628032E-016  -8.8279320779143064E-017   8.7168578519193572E-016  -2.9577275055071941E-018  -4.5994614779546786E-016   8.3124654110867296E-010  -5.8575865296462435E-010  -8.8576844678271857E-002  -1.5561251797215220E-015   4.1519128401647760E-015  -5.6685350239067915E-016   4.0534417161956366E-015  -3.0572180513458117E-017  -3.4803145519631947E-015   3.1678475603841161E-013   1.3133639573459223E-012   1.0403798651988504E-013   2.9511306586348533E-012  -9.8183221711565406E-012  -3.3765225342898802E-012  -5.7307999935928775E-013  -1.2004966711117062E-011  -5.4465999185722024E-013   8.8654728915901676E-012   1.6328951124624832E-015   9.1040128466783032E-016  -1.5105141705762534E-015   1.1211390681268193E-010  -8.2569046322699543E-011  -1.2512159120063234E-002   9.3053436252055787E-016
   1.5092686808114450E-002   8.8146824702930462E-011  -1.1003170008992438E-009   1.7947807025190821E-009  -1.2973549791575121E-009  -2.9263930522192774E-010   1.2091139649989987E-009  -4.2512849300099789E-015   4.1974633828703946E-016   1.5972295681487933E-015  0.71300460536130250       -1.6955190455131296E-009   6.1064497721332212E-009  -8.7051529652041942E-010   5.0068784982537480E-009  -1.8509784868049167E-010  -3.3113473346791929E-009   3.1015580616211748E-015  -3.4260742280536676E-016  -1.3482425198260908E-015   1.1383387835683301        4.1115903406717818E-016  -3.5499526160238004E-017  -8.5630577344799395E-016  -3.6601305789975861E-016  -2.2870827537677928E-016  -1.2409619522068895E-016   2.0199509035361452E-016  -6.6185507342417981E-016  -1.8423013052661405E-016   1.4741059375734561E-015   7.6872033185985736E-016  -1.7888084208590958E-015   1.8915069058820554E-015  -1.7840213129105223E-010   7.6450943736518394E-010  -3.0405835932056048E-010   6.4175864810643474E-010  -2.3753288522958195E-011  -4.6343332939959681E-010   8.7820332667372743E-015  -6.8183326178417933E-015  -1.3800065196276122E-014   2.4354814100121540E-009  -7.5863911095243394E-009   1.4118214251981505E-009  -6.9271168753287085E-009   5.3855524547631837E-010   4.4916707557725377E-009   1.5693379331680468E-016   3.9857815160761940E-017  -3.4768907440816544E-016  -2.6566556756015365E-016  -4.9392996389205695E-017   7.6492237855146424E-018  -4.3476863383189708E-018  -3.0421125389312376E-016   1.0896372015686573E-017   5.5241650189285996E-016 -0.52665668291850654      -0.65233243935805507       0.81666758985246635        1.4959090010782361E-015  -1.1381641821242288E-015  -2.2620438200714101E-015 -0.51480241065442678     
   5.8201807018090988E-018   1.5395078746060489E-018  -1.2124060662307382E-019   6.2760243285467450E-019  -4.5060070917712488E-019   3.2102497728566138E-018  -1.0889070649851967E-018   4.5751609531047357E-011   6.9797942054311214E-011  -2.1601763053655628E-011   2.5308137336465862E-016  -2.1217896368434020E-017   1.6709657514377860E-018  -8.6497703499797961E-018   6.2102919599467955E-018  -4.4244493301921401E-017   1.5007604856546035E-017   4.0360127402729915E-011   6.1570287321512184E-011  -1.9057395797023978E-011   4.1115903406717818E-016   4.7860614937057575E-020  -4.4930980388882002E-020   9.5704852201956699E-020  -2.5767444288886103E-019  -8.8817719551689718E-021   1.9346080653661356E-019   9.7128843985224922E-020   3.8169804574745649E-020  -8.5387800813037736E-020  -9.9783164346556564E-020   2.4484196271635300E-011   3.7531061357583946E-011  -1.1471782651822864E-011  -2.8312036042507705E-016   2.2296452418794866E-017  -1.1541793959100386E-016   8.2866817961968000E-017  -5.9037506336094183E-016   2.0025354299297533E-016  -4.8910037416500700E-011  -6.2482488009509387E-011   2.9114339725725994E-011  -1.5840566956731421E-015   1.2474851218642784E-016  -6.4576266983313322E-016   4.6363934082601240E-016  -3.3031448947565080E-015   1.1204173551034209E-015   4.1638109222547225E-021  -4.4862244435333242E-021   7.7975633031012131E-021  -2.3245125765240673E-020  -5.4730265604242217E-022   1.7658475185798811E-020   1.1127774837631895E-020   5.4565518319627731E-021  -1.0445910961656057E-020  -9.8781387666897883E-021  -4.7379553400250887E-017  -4.5111809785307148E-018  -1.0970231243544686E-016  -7.4436764004842205E-012  -9.3105127356693043E-012   4.5295836692514848E-012   7.4401352657175138E-017
  -3.5188511175843263E-019   7.6265434109652813E-020   8.8905264006761085E-020   1.0724077052693682E-019  -3.4614076084925196E-019  -8.5459936630980377E-019   2.6987551940667793E-019  -1.1343970167205331E-010  -2.2217693713378424E-011   1.2109138076322423E-011  -2.3668625742644508E-017  -1.0511081223514036E-018  -1.2253142179417882E-018  -1.4780210159159345E-018   4.7706022795045657E-018   1.1778309189936999E-017  -3.7194936305197911E-018  -1.0007293738498041E-010  -1.9591582795967859E-011   1.0680413601894413E-011  -3.5499526160238004E-017  -4.4930980388882002E-020   8.7939016988455364E-020  -1.0028113087268654E-019   2.4500817456156373E-019   2.4009758951455716E-020  -1.8472510235866141E-019  -1.3265972770932946E-019  -2.9069851539283570E-020   9.0047079160687363E-020   9.6411106929489152E-020  -6.0618424172249507E-011  -1.2456553135516351E-011   6.6057817484925424E-012  -1.4025430833455505E-017  -1.6349940330116985E-017  -1.9721932184328101E-017   6.3656386419185561E-017   1.5716351483141496E-016  -4.9630955425660913E-017   1.2735191751798946E-010  -1.4799153673495430E-011  -4.4057748094633966E-012  -7.8472201095659161E-017  -9.1477816204825038E-017  -1.1034409048865933E-016   3.5615709465124330E-016   8.7932891110135487E-016  -2.7768489401967133E-016  -3.7998348736350970E-021   3.6323574475432659E-021  -7.6538794992934079E-021   2.1036581090426000E-020  -2.5525932980014411E-021  -1.5938774026966484E-020  -6.3923495116533138E-021  -4.8125421384897248E-021   4.9448028633209803E-021   9.2913753100567808E-021   6.2429964936617040E-017   9.4775571666052506E-017  -1.5580211275970536E-016   1.9481454340982039E-011  -2.8838160326074947E-012  -5.3063377373790867E-013   9.9903249181494725E-017
