  0.52166956547476095        1.9071303105951289E-016   2.8971728517434570E-016   1.7297845432102786E-015   1.8238858012610868E-008  -8.6356009447472010E-009  -3.5586253288763710E-011  -6.5151347550486567E-008  -6.3866019738026366E-011   4.6912583028681595E-008  0.69772321649833757       -3.7204460505001332E-016  -8.7451005393906509E-016  -1.6748421529097582E-015   1.4118109528203669E-007  -2.5067495110873490E-008   1.9100219878386967E-010  -1.0088330008443324E-007  -5.4168431923459471E-011  -4.0297859305848343E-008   8.1738092896256859E-019   3.8091866813485029E-016   7.7193224713814407E-016 -0.32895867464214734        1.3740922883165365E-007  -2.5885002690536189E-008   1.6929440380250280E-010  -1.1254955768008066E-007  -6.8391187884922242E-011  -2.4859724902876976E-008   8.2349770198811882E-017  -1.5695049537273567E-016  -6.0948993573757053E-016 -0.33186427449720479       -2.1607199973897287E-016   3.4777304039082781E-017   3.6716695565480113E-019  -6.9020821814316182E-017   2.0708126646149799E-017  -5.7369547987937479E-017   1.1534678291920444E-016   2.5873327275902350E-018   4.8355696636033906E-017   4.3367929453177711E-017  0.17651437041822171       -3.9582204968205269E-002
   1.9071303105951289E-016   1.2773882204069762E-007  -8.5082059062409289E-014   9.5781236842817714E-016  -1.6502968984396461E-019  -4.7693957627552970E-020   5.5696070768275351E-019   2.0508880378925852E-020   5.8367687662367146E-019  -2.6713437407064114E-020   2.5866856567099629E-016  -8.0167912208826125E-006   3.7859686726076393E-012  -3.6321613059143108E-014   1.1925823171459343E-019   1.3484754978909765E-019  -3.1299183486416934E-019  -1.7672518960898446E-019  -2.8947295219131895E-019   5.9719678053706238E-020  -1.0820103852873506E-004   3.6003095419811236E-011  -4.0343102994315280E-013   1.4148893417009161E-017  -3.0319908317966881E-019  -3.8084302445957427E-020  -2.7345493226397515E-019   2.6223039545971491E-019  -9.1929928069756205E-020   5.0005231995245947E-021  -4.1539832518578524E-004   1.3786664627124416E-010  -1.5575938091091902E-012   1.3896629658122247E-016   1.1570075052115875E-012  -2.2785045571174998E-013   1.3958726176892371E-015  -1.0707008258262928E-012  -4.5009348362719906E-016  -4.8159777892485318E-013   1.2745349883970799E-013  -4.0376575483998073E-016   5.6853187342540021E-014  -7.3950143488249268E-016  -1.1136382666464563E-016   2.7317827174457327E-017
   2.8971728517434570E-016  -8.5082059062409289E-014   1.2773787335128581E-007  -4.6336538814199607E-017  -2.0398555654342922E-021   2.6777219147865901E-020   6.2516833764837396E-020   2.3833372232989082E-019   8.4756114406133576E-020  -1.4632316229001875E-019   3.8638330575585292E-016   3.7858670000835640E-012  -8.0167490066962305E-006   4.8493964558295355E-015  -7.2596264976392953E-020  -8.5630446029873579E-020   7.1113899539606904E-020  -2.0715364653861267E-019  -1.2391710922404034E-019   4.3714690932273180E-019   3.6001685233467012E-011  -1.0820063709173710E-004   2.0245374734242980E-014  -2.1707304059226433E-016   1.8657297765715666E-019  -7.5023338114419860E-021  -4.9785285996723404E-020   1.0522314458609421E-019   2.8496262893587857E-021  -2.4538902289990878E-019   1.3786123976199276E-010  -4.1539678796326251E-004   7.1846814604131514E-014  -2.5092554456845505E-016   1.2747007860302601E-013   1.1530757524106015E-012   1.3633745579554224E-016  -2.2787307086626488E-013   1.0421196156027910E-015   5.6853012928678984E-014  -9.7299883379567492E-013  -6.4193731500347949E-016   1.5234121167158968E-013   3.7694671678117327E-016   1.4306342162858867E-016  -3.2683000752742808E-017
   1.7297845432102786E-015   9.5781236842817714E-016  -4.6336538814199607E-017   1.2773778882464693E-007  -1.8950833786848591E-019   1.9412745689201416E-020  -1.6861015212270966E-019  -5.6912812187350434E-020  -1.6170810958150867E-019   2.6075051521686271E-019   2.3154622182208472E-015  -3.6287723351366778E-014   4.8929777173057707E-015  -8.0167518108704546E-006   1.4031360440666575E-019  -7.4304956944755118E-020   1.7408358245184761E-019   1.8617403942165976E-019   2.4982772117536707E-019  -3.0011262469528080E-019  -4.0296123137752944E-013   2.0843493275735044E-014  -1.0820060350690073E-004  -1.0234342245167318E-015  -8.3075477921307815E-020   1.0920634766708153E-019  -2.6305105892872592E-020  -1.5799943318843706E-020  -1.1218320775377135E-019   9.7565228861720048E-020  -1.5557954171311836E-012   7.4142271932426978E-014  -4.1539664612578060E-004  -9.6982400676021760E-016  -9.0644969871209013E-016   1.3609401588632600E-016   9.6403802093710600E-013  -4.0350855317237232E-016  -1.6463775946438939E-013   1.6205925698830994E-015   3.0517705152001136E-016  -6.2578704692534837E-013  -5.4679666654367205E-016  -2.5210401210536442E-013   4.9706954547215484E-016  -1.1028939334569150E-016
   1.8238858012610868E-008  -1.6502968984396461E-019  -2.0398555654342922E-021  -1.8950833786848591E-019   6.3774442833372143E-016  -3.0194077778568888E-016  -1.2441639025880792E-018  -2.2779650486582560E-015  -2.2330098078759542E-018   1.6402238861092973E-015   2.4398750503496754E-008   1.0357546939953753E-017   1.2862619472364306E-019   1.1897175318596588E-017   4.9365713388543833E-015  -8.7654077832338185E-016   6.6783502787373599E-018  -3.5277491940637956E-015  -1.8943279824074394E-018  -1.4088244151392900E-015   1.3979392756834487E-016   1.7364913806573296E-018   1.6057477624542950E-016  -1.1344717513989169E-008   4.8002360801735368E-015  -9.0426501404276729E-016   5.9140896790114895E-018  -3.9318080496950412E-015  -2.3891867872661145E-018  -8.6842998351474235E-016   5.3668767597031329E-016   6.6665662926629447E-018   6.1646800190054736E-016  -1.1299525244964351E-008  -9.2243359494440823E-024   1.5350821777214631E-024  -1.4237651831009817E-024  -1.0969445127537280E-024   9.6919455355648636E-025  -1.4580446841149231E-024   3.9623878828328070E-024   1.0156825471619831E-024   1.6592974152050379E-024   1.8777601584832542E-024   5.9664363682334525E-009  -1.3352031912623420E-009
  -8.6356009447472010E-009  -4.7693957627552970E-020   2.6777219147865901E-020   1.9412745689201416E-020  -3.0194077778568888E-016   1.4295694181894842E-016   5.8908152103975638E-019   1.0785316221771783E-015   1.0572499479060004E-018  -7.7659239122894967E-016  -1.1551216471273539E-008   2.9930431367251271E-018  -1.6808071784651907E-018  -1.2201028168483652E-018  -2.3372253142565471E-015   4.1499425237328215E-016  -3.1619280796349802E-018   1.6701688171686505E-015   8.9681931467285537E-019   6.6705756623673065E-016   4.0396422780500139E-017  -2.2685752192735438E-017  -1.6467888037985931E-017   5.4027447598324355E-009  -2.2735675236024351E-015   4.2829267011972031E-016  -2.8011331575544182E-018   1.8622449168920576E-015   1.1316027238751877E-018   4.1132351665270186E-016   1.5508729291590637E-016  -8.7093624326462216E-017  -6.3222373993474928E-017   5.4107340047208819E-009   3.2190855852154216E-024  -2.6073977926664749E-025   1.4127936317196030E-025   1.5139669963519569E-024  -3.6754850619047650E-025   1.1610978749905501E-024  -2.1825757523079701E-024  -1.3696253828804876E-025  -8.0179322249813474E-025  -7.5220837121437003E-025  -2.8659759788444410E-009   6.4193013052154269E-010
  -3.5586253288763710E-011   5.5696070768275351E-019   6.2516833764837396E-020  -1.6861015212270966E-019  -1.2441639025880792E-018   5.8908152103975638E-019   2.4275602657348053E-021   4.4443376216289075E-018   4.3566624165442570E-021  -3.2001800974355025E-018  -4.7594633716522303E-011  -3.4954431569595868E-017  -3.9235253287449425E-018   1.0581871166341757E-017  -9.6306705036071794E-018   1.7099725059203523E-018  -1.3029296448521867E-020   6.8816877871515048E-018   3.6950261732138137E-021   2.7489870814603612E-018  -4.7177302685101145E-016  -5.2955190900208824E-017   1.4282153963628739E-016   2.2484619239176589E-011  -9.3746328849400735E-018   1.7659827734268925E-018  -1.1549978385836084E-020   7.6785973683893823E-018   4.6659280856010183E-021   1.6960391623518303E-018  -1.8112000393389254E-015  -2.0330209647074459E-016   5.4831106905550032E-016   2.2724423289397332E-011   5.1230021536254512E-024  -4.3166633126851103E-025  -1.2663744550703115E-024  -4.7747235264500709E-024   2.1445190088464951E-025  -2.0702607144767789E-024   7.1264573330642315E-026   8.2376778622751485E-025   3.1988263561882667E-025   3.2676762016402148E-025  -1.2099196746077930E-011   2.7139406362356690E-012
  -6.5151347550486567E-008   2.0508880378925852E-020   2.3833372232989082E-019  -5.6912812187350434E-020  -2.2779650486582560E-015   1.0785316221771783E-015   4.4443376216289075E-018   8.1369411325440565E-015   7.9763885921953700E-018  -5.8589877552310848E-015  -8.7146273555987559E-008  -1.2885791981954644E-018  -1.4959835497631371E-017   3.5584645016242811E-018  -1.7632986998484764E-014   3.1308764484912033E-015  -2.3855000456004628E-017   1.2600337520470796E-014   6.7658622454636984E-018   5.0326575319653385E-015  -1.7392350267572236E-017  -2.0191176754609801E-016   4.8025006250772690E-017   4.0827219246651560E-008  -1.7154607031226799E-014   3.2315692114810314E-015  -2.1135223073210219E-017   1.4051073285514472E-014   8.5382037600939705E-018   3.1035405795878058E-015  -6.6771583469312415E-017  -7.7516620815390714E-016   1.8437489619281602E-016   4.0949563430457653E-008   2.7695281940919153E-023  -2.2995898525706916E-024  -4.6651700392219097E-025   8.1398474874410488E-024  -2.5117711913026876E-024   7.3094652279490493E-024  -1.6330615708741263E-023  -4.0072701847437402E-026  -5.8171781233957100E-024  -5.2814985483359894E-024  -2.1709039509167117E-008   4.8636352330783241E-009
  -6.3866019738026366E-011   5.8367687662367146E-019   8.4756114406133576E-020  -1.6170810958150867E-019  -2.2330098078759542E-018   1.0572499479060004E-018   4.3566624165442570E-021   7.9763885921953700E-018   7.8190071384106646E-021  -5.7433902260283486E-018  -8.5426030579586991E-011  -3.6631118896986806E-017  -5.3192499282519162E-018   1.0148697065181976E-017  -1.7285003482544734E-017   3.0690838859328149E-018  -2.3384286279678675E-020   1.2351620837929623E-017   6.6322830913492668E-021   4.9333905334590610E-018  -4.9440294551869288E-016  -7.1793041677679484E-017   1.3697506834745928E-016   4.0055350883515437E-011  -1.6817018642251528E-017   3.1679742527465628E-018  -2.0719303542178961E-020   1.3774556319627890E-017   8.3701751625240354E-021   3.0424690058487152E-018  -1.8980793378098425E-015  -2.7562313739734874E-016   5.2586568090191167E-016   4.0206781937219925E-011   5.3991359657982101E-024  -2.8051954663525782E-025  -1.2139813077865868E-024  -5.0344909690475824E-024   2.0452014435782944E-025  -2.1577704911637863E-024  -7.7848104048582853E-026   7.8962448480603946E-025   3.5557189187425836E-025   3.1072824598017532E-025  -2.1324739268590782E-011   4.7781329233860664E-012
   4.6912583028681595E-008  -2.6713437407064114E-020  -1.4632316229001875E-019   2.6075051521686271E-019   1.6402238861092973E-015  -7.7659239122894967E-016  -3.2001800974355025E-018  -5.8589877552310848E-015  -5.7433902260283486E-018   4.2187722746991846E-015   6.2747647901030719E-008   1.6775621376930601E-018   9.1847062703711609E-018  -1.6354942733016804E-017   1.2696440939089210E-014  -2.2543401576359474E-015   1.7176684389168853E-017  -9.0726063802070953E-015  -4.8715439513181902E-018  -3.6238403424950575E-015   2.2642191003557896E-017   1.2396544812277739E-016  -2.2073750627151603E-016  -2.9482567244214711E-008   1.2354395741485136E-014  -2.3273088673616730E-015   1.5221163937929656E-017  -1.0119285540549182E-014  -6.1490293107453174E-018  -2.2351150817817288E-015   8.6926422362249632E-017   4.7591986987658564E-016  -8.4744124952293340E-016  -2.9650110368169130E-008  -1.9932268361672704E-023   1.8821160523394149E-024   1.9966511132012261E-024  -5.7681802559664492E-024   1.5254489620468505E-024  -5.1656193933796019E-024   1.1512108019404438E-023  -1.0457196276070140E-024   4.1889140203121419E-024   3.3767230149692576E-024   1.5742643362464357E-008  -3.5284411756920051E-009
  0.69772321649833757        2.5866856567099629E-016   3.8638330575585292E-016   2.3154622182208472E-015   2.4398750503496754E-008  -1.1551216471273539E-008  -4.7594633716522303E-011  -8.7146273555987559E-008  -8.5426030579586991E-011   6.2747647901030719E-008  0.93350187027045184       -4.6818291670472320E-016  -1.1670831829253927E-015  -2.2504983112746976E-015   1.8886270674425077E-007  -3.3535301038227387E-008   2.5549145045527986E-010  -1.3497110023028030E-007  -7.2480513585770171E-011  -5.3891694201840506E-008   2.9078478282982693E-016   6.0630348186799469E-016   1.1212449585584097E-015 -0.42947176316257285        1.8351843541028193E-007  -3.4571119915114458E-008   2.2610176647253248E-010  -1.5031792918640521E-007  -9.1341822174763808E-011  -3.3200583066124782E-008   1.3593115343881008E-015   7.1086681287598756E-017  -5.6172277136124357E-016 -0.42350558546737088       -3.0069790959677519E-016   4.9434572320290330E-017   2.1458417317850966E-019  -9.7105966014046157E-017   2.7716351431508988E-017  -8.1507357728682518E-017   1.5958256124769764E-016   3.1916005980480432E-018   6.7611462107270318E-017   5.7092692331473108E-017  0.22232814812873730       -4.9672296832696118E-002
  -3.7204460505001332E-016  -8.0167912208826125E-006   3.7858670000835640E-012  -3.6287723351366778E-014   1.0357546939953753E-017   2.9930431367251271E-018  -3.4954431569595868E-017  -1.2885791981954644E-018  -3.6631118896986806E-017   1.6775621376930601E-018  -4.6818291670472320E-016   5.0312771366207564E-004  -1.4008785028146208E-010   7.8434522168305063E-013  -7.4813870965177368E-018  -8.4634923704603167E-018   1.9643132706301277E-017   1.1088864048160418E-017   1.8167102421424837E-017  -3.7488578664948473E-018   6.7906148022191621E-003  -9.4336180620719981E-010   5.1389732370480849E-012   4.3191566165030354E-016   1.9031379199178477E-017   2.3896072523587375E-018   1.7161827457609008E-017  -1.6459706608705513E-017   5.7694508283392895E-018  -3.1433853853943135E-019   2.6070082636725497E-002  -3.5994712303293739E-009   2.0279475883838033E-011   6.3091407688511318E-016  -7.2612911722404748E-011   1.4299707106756607E-011  -8.7603724637125819E-014   6.7196371452436883E-011   2.8247480983942063E-014   3.0224709263018391E-011  -7.9988727182852396E-012   2.5339922473581569E-014  -3.5680646072268972E-012   4.6410495450317834E-014  -3.9249205639325913E-016   9.1515042132327425E-017
  -8.7451005393906509E-016   3.7859686726076393E-012  -8.0167490066962305E-006   4.8929777173057707E-015   1.2862619472364306E-019  -1.6808071784651907E-018  -3.9235253287449425E-018  -1.4959835497631371E-017  -5.3192499282519162E-018   9.1847062703711609E-018  -1.1670831829253927E-015  -1.4008785028146208E-010   5.0312615162792279E-004  -4.2891818725262445E-013   4.5607711304174769E-018   5.3732816101415965E-018  -4.4630536991529007E-018   1.2997497265550569E-017   7.7769619750825583E-018  -2.7436405524711163E-017  -9.4335942568034092E-010   6.7906042833803561E-003  -2.9519279942731200E-012   4.4090247619820766E-016  -1.1704583717665567E-017   4.6997272045907994E-019   3.1245024118243067E-018  -6.6075225021145234E-018  -1.7884194367499336E-019   1.5399626138396289E-017  -3.5994625546841971E-009   2.6070042501267182E-002  -1.0963954677345867E-011   3.4156624746333851E-016  -7.9999564489202277E-012  -7.2366309977212745E-011  -8.5564554183005122E-015   1.4301184372008493E-011  -6.5402772110871659E-014  -3.5680536609581471E-012   6.1064796459166585E-011   4.0287579420179843E-014  -9.5608398170487164E-012  -2.3656935014553120E-014  -1.5162701071781107E-016   3.2187229684018866E-017
  -1.6748421529097582E-015  -3.6321613059143108E-014   4.8493964558295355E-015  -8.0167518108704546E-006   1.1897175318596588E-017  -1.2201028168483652E-018   1.0581871166341757E-017   3.5584645016242811E-018   1.0148697065181976E-017  -1.6354942733016804E-017  -2.2504983112746976E-015   7.8434522168305063E-013  -4.2891818725262445E-013   5.0312683653323256E-004  -8.7770635890776274E-018   4.6581984206721269E-018  -1.0925348674857845E-017  -1.1704862828204126E-017  -1.5679058490172141E-017   1.8826645033845063E-017   5.1381952857786680E-012  -2.9525499366849710E-012   6.7906090443758706E-003   5.3102586621871173E-016   5.2418311989239433E-018  -6.8590151242413962E-018   1.6509281770287484E-018   9.6861096276568594E-019   7.0405410638619099E-018  -6.1282152433768657E-018   2.0276817320161210E-011  -1.0966292179960297E-011   2.6070059969723055E-002   4.3005278846244205E-017   5.6888490892992897E-014  -8.5412088338732589E-015  -6.0502484199654798E-011   2.5323767068433592E-014   1.0332573222532934E-011  -1.0170756739768676E-013  -1.9152731229681967E-014   3.9274043239734123E-011   3.4316664280083127E-014   1.5821906063607742E-011   1.2279269405299226E-016  -3.6681689224751003E-017
   1.4118109528203669E-007   1.1925823171459343E-019  -7.2596264976392953E-020   1.4031360440666575E-019   4.9365713388543833E-015  -2.3372253142565471E-015  -9.6306705036071794E-018  -1.7632986998484764E-014  -1.7285003482544734E-017   1.2696440939089210E-014   1.8886270674425077E-007  -7.4813870965177368E-018   4.5607711304174769E-018  -8.7770635890776274E-018   3.8212386547898591E-014  -6.7850152474238627E-015   5.1694935822484364E-017  -2.7307148076299281E-014  -1.4663367342706003E-017  -1.0905256044868187E-014  -1.0097343989868515E-016   6.1559208109344972E-017  -1.1845603665569122E-016  -8.7819920897223728E-008   3.7157177343156898E-014  -6.9996422497275518E-015   4.5779182057135066E-017  -3.0434937875886283E-014  -1.8493972671143567E-017  -6.7222545831428635E-015  -3.8765056554468592E-016   2.3633362447540959E-016  -4.5476960813119016E-016  -8.7473980857475884E-008  -5.8815331634026804E-023   8.8790372297788202E-024   1.1242293160215057E-024  -2.0100017534696070E-023   5.4253056744997295E-024  -1.6555065908704123E-023   3.2499587635384843E-023  -1.5799449276515761E-026   1.3389935616152170E-023   1.1355188313863037E-023   4.6189668036567483E-008  -1.0336662258821100E-008
  -2.5067495110873490E-008   1.3484754978909765E-019  -8.5630446029873579E-020  -7.4304956944755118E-020  -8.7654077832338185E-016   4.1499425237328215E-016   1.7099725059203523E-018   3.1308764484912033E-015   3.0690838859328149E-018  -2.2543401576359474E-015  -3.3535301038227387E-008  -8.4634923704603167E-018   5.3732816101415965E-018   4.6581984206721269E-018  -6.7850152474238627E-015   1.2047605222394144E-015  -9.1788849663133338E-018   4.8487609310836773E-015   2.6037312027884517E-018   1.9362574470298560E-015  -1.1423030369933302E-016   7.2521624288355619E-017   6.2869705887279873E-017   1.5536423135835087E-008  -6.5960462584934108E-015   1.2425590497988994E-015  -8.1265954458062475E-018   5.4027376055418074E-015   3.2830088002703693E-018   1.1933113634874034E-015  -4.3854549138556478E-016   2.7842034233400659E-016   2.4136541703824658E-016   1.5422009499574510E-008   1.1821176247462132E-023  -2.7599153896422398E-024  -5.6928418979153490E-025   2.4627780465041703E-024  -9.0109315099016906E-025   2.3324279844253231E-024  -4.8930353272867674E-024   2.4622223519182955E-025  -2.4410956275127776E-024  -1.9149917735721785E-024  -8.1272464828989207E-009   1.8177548596289907E-009
   1.9100219878386967E-010  -3.1299183486416934E-019   7.1113899539606904E-020   1.7408358245184761E-019   6.6783502787373599E-018  -3.1619280796349802E-018  -1.3029296448521867E-020  -2.3855000456004628E-017  -2.3384286279678675E-020   1.7176684389168853E-017   2.5549145045527986E-010   1.9643132706301277E-017  -4.4630536991529007E-018  -1.0925348674857845E-017   5.1694935822484364E-017  -9.1788849663133338E-018   6.9935676763279372E-020  -3.6941014041910236E-017  -1.9836016010319780E-020  -1.4753945438504596E-017   2.6511945346400208E-016  -6.0237001480590949E-017  -1.4745738438034292E-016  -1.1944116965329549E-010   5.0285335789547801E-017  -9.4727083827563231E-018   6.1953693627912152E-020  -4.1187967185338015E-017  -2.5028083467238861E-020  -9.0973887570471390E-018   1.0178292040681393E-015  -2.3125794428035761E-016  -5.6610870062892851E-016  -1.1956467152156210E-010  -2.8454557921006526E-024   1.2134222203435247E-024   1.3105690089643237E-024   2.4703444628447971E-024  -2.1510390253440009E-025   1.1924327532436273E-024  -8.1082054879999731E-025  -8.5127825845831053E-025  -3.7253927619359516E-026  -3.2575765110082297E-025   6.3315361959190830E-011  -1.4180560390134797E-011
  -1.0088330008443324E-007  -1.7672518960898446E-019  -2.0715364653861267E-019   1.8617403942165976E-019  -3.5277491940637956E-015   1.6701688171686505E-015   6.8816877871515048E-018   1.2600337520470796E-014   1.2351620837929623E-017  -9.0726063802070953E-015  -1.3497110023028030E-007   1.1088864048160418E-017   1.2997497265550569E-017  -1.1704862828204126E-017  -2.7307148076299281E-014   4.8487609310836773E-015  -3.6941014041910236E-017   1.9514936794164071E-014   1.0479576413619551E-017   7.7922239403881775E-015   1.4966326296423015E-016   1.7542256771138068E-016  -1.5798290140230432E-016   6.2207623801502537E-008  -2.6537577121217645E-014   4.9991355761386839E-015  -3.2695328469723973E-017   2.1736625472521147E-014   1.3208418617008814E-017   4.8009627071295546E-015   5.7457734268064091E-016   6.7347114004599480E-016  -6.0651686983234498E-016   6.1448723136669200E-008   4.1546078731421134E-023  -8.6710449329248939E-024   1.3714935080607319E-024   1.5839868929827388E-023  -4.2487339029752434E-024   1.2311129123615103E-023  -2.1616382599448664E-023  -1.3764096983489841E-024  -1.0071394512457516E-023  -8.6322683563054911E-024  -3.2291122638395279E-008   7.2164952802598200E-009
  -5.4168431923459471E-011  -2.8947295219131895E-019  -1.2391710922404034E-019   2.4982772117536707E-019  -1.8943279824074394E-018   8.9681931467285537E-019   3.6950261732138137E-021   6.7658622454636984E-018   6.6322830913492668E-021  -4.8715439513181902E-018  -7.2480513585770171E-011   1.8167102421424837E-017   7.7769619750825583E-018  -1.5679058490172141E-017  -1.4663367342706003E-017   2.6037312027884517E-018  -1.9836016010319780E-020   1.0479576413619551E-017   5.6278190596384682E-021   4.1837977817768395E-018   2.4519778669051193E-016   1.0496430697495388E-016  -2.1161732980515351E-016   3.3099586035798607E-011  -1.4241535202119965E-017   2.6828166156355110E-018  -1.7546089335780130E-020   1.1665110242351104E-017   7.0884044572093660E-021   2.5764310399670275E-018   9.4134724905043147E-016   4.0297208265026670E-016  -8.1242734485934290E-016   3.2408590202318860E-011  -2.7237462601834517E-024  -6.0588768326741073E-025   1.8821472436153512E-024   2.6542672663105420E-024  -3.2413960391795181E-025   1.0458194058370771E-024   6.4315506537551986E-025  -1.2226099948781648E-024  -2.8300795300262970E-025  -4.9616298815021091E-025  -1.6942588768105664E-011   3.7807917700146021E-012
  -4.0297859305848343E-008   5.9719678053706238E-020   4.3714690932273180E-019  -3.0011262469528080E-019  -1.4088244151392900E-015   6.6705756623673065E-016   2.7489870814603612E-018   5.0326575319653385E-015   4.9333905334590610E-018  -3.6238403424950575E-015  -5.3891694201840506E-008  -3.7488578664948473E-018  -2.7436405524711163E-017   1.8826645033845063E-017  -1.0905256044868187E-014   1.9362574470298560E-015  -1.4753945438504596E-017   7.7922239403881775E-015   4.1837977817768395E-018   3.1130370195159845E-015  -5.0598031769605097E-017  -3.7030523797988742E-016   2.5409791399291533E-016   2.5612271684570766E-008  -1.0619615454702486E-014   2.0005095438380476E-015  -1.3083872346896063E-017   8.6983248871949735E-015   5.2855616433220189E-018   1.9212946249843376E-015  -1.9425264718346475E-016  -1.4216514544334607E-015   9.7551628660086522E-016   2.6025170915581144E-008   1.7446637879669051E-023   1.2088002380283157E-024  -2.2964760619284206E-024   3.9604384039471471E-024  -1.2092923352720845E-024   4.3058684118469745E-024  -1.2079858590220635E-023   1.2622012656662015E-024  -3.1299627571761268E-024  -2.7745220349275025E-024  -1.3898480869228126E-008   3.1201513591822328E-009
   8.1738092896256859E-019  -1.0820103852873506E-004   3.6001685233467012E-011  -4.0296123137752944E-013   1.3979392756834487E-016   4.0396422780500139E-017  -4.7177302685101145E-016  -1.7392350267572236E-017  -4.9440294551869288E-016   2.2642191003557896E-017   2.9078478282982693E-016   6.7906148022191621E-003  -9.4335942568034092E-010   5.1381952857786680E-012  -1.0097343989868515E-016  -1.1423030369933302E-016   2.6511945346400208E-016   1.4966326296423015E-016   2.4519778669051193E-016  -5.0598031769605097E-017   9.1651578992705193E-002   5.4231874132812700E-011  -4.1703442863741044E-012  -9.7355991992175604E-016   2.5686413645890249E-016   3.2251788971459873E-017   2.3162978351257216E-016  -2.2215456069651679E-016   7.7869130580624114E-017  -4.2427919790663621E-018  0.35186272638308963        5.0812305043759906E-010  -8.5836590453199947E-012  -1.7261133035237426E-015  -9.8004205962884833E-010   1.9300016984020394E-010  -1.1823694294462582E-012   9.0693610349472163E-010   3.8125040428787599E-013   4.0793688990133725E-010  -1.0795908107455612E-010   3.4200755030532272E-013  -4.8157477191432505E-011   6.2639302152536084E-013   1.1638054705513872E-015  -2.7718784880508203E-016
   3.8091866813485029E-016   3.6003095419811236E-011  -1.0820063709173710E-004   2.0843493275735044E-014   1.7364913806573296E-018  -2.2685752192735438E-017  -5.2955190900208824E-017  -2.0191176754609801E-016  -7.1793041677679484E-017   1.2396544812277739E-016   6.0630348186799469E-016  -9.4336180620719981E-010   6.7906042833803561E-003  -2.9525499366849710E-012   6.1559208109344972E-017   7.2521624288355619E-017  -6.0237001480590949E-017   1.7542256771138068E-016   1.0496430697495388E-016  -3.7030523797988742E-016   5.4231874132812700E-011   9.1651579597408800E-002  -1.5581810337448807E-012   3.7770340144826691E-016  -1.5797149482907927E-016   6.3425481680765692E-018   4.2170890167987101E-017  -8.9183173813685539E-017  -2.4137886085611446E-018   2.0784544666281473E-016   5.0811679443859789E-010  0.35186273204883295       -1.0031781178324040E-012   9.4819107056124982E-016  -1.0797412765108084E-010  -9.7671520227385791E-010  -1.1548546469640156E-013   1.9302067125722027E-010  -8.8272948431509466E-013  -4.8157329451390658E-011   8.2418069400623435E-010   5.4375457109293182E-013  -1.2904096315506557E-010  -3.1929327242288242E-013  -6.8715226616602607E-016   1.6643455537900351E-016
   7.7193224713814407E-016  -4.0343102994315280E-013   2.0245374734242980E-014  -1.0820060350690073E-004   1.6057477624542950E-016  -1.6467888037985931E-017   1.4282153963628739E-016   4.8025006250772690E-017   1.3697506834745928E-016  -2.2073750627151603E-016   1.1212449585584097E-015   5.1389732370480849E-012  -2.9519279942731200E-012   6.7906090443758706E-003  -1.1845603665569122E-016   6.2869705887279873E-017  -1.4745738438034292E-016  -1.5798290140230432E-016  -2.1161732980515351E-016   2.5409791399291533E-016  -4.1703442863741044E-012  -1.5581810337448807E-012   9.1651583348831292E-002   1.9888984381866863E-016   7.0753979788262462E-017  -9.2575970732697217E-017   2.2282276768627818E-017   1.3068277125204959E-017   9.5024866154115634E-017  -8.2712455585001221E-017  -8.5792308112818579E-012  -1.0025003491730654E-012  0.35186273552340996        7.7253488930529601E-016   7.6781408894705289E-013  -1.1527966498582599E-013  -8.1659074130066547E-010   3.4178951260251387E-013   1.3945681303691329E-010  -1.3727284089503667E-012  -2.5850040914242552E-013   5.3007443425313709E-010   4.6316560004952938E-013   2.1354531424877309E-010  -6.1232217080717881E-016   1.4954107161598629E-016
 -0.32895867464214734        1.4148893417009161E-017  -2.1707304059226433E-016  -1.0234342245167318E-015  -1.1344717513989169E-008   5.4027447598324355E-009   2.2484619239176589E-011   4.0827219246651560E-008   4.0055350883515437E-011  -2.9482567244214711E-008 -0.42947176316257285        4.3191566165030354E-016   4.4090247619820766E-016   5.3102586621871173E-016  -8.7819920897223728E-008   1.5536423135835087E-008  -1.1944116965329549E-010   6.2207623801502537E-008   3.3099586035798607E-011   2.5612271684570766E-008  -9.7355991992175604E-016   3.7770340144826691E-016   1.9888984381866863E-016  0.56312842569513621       -9.5581984674863915E-008   1.8001754369928950E-008  -1.1780440262090939E-010   7.8252118250806690E-008   4.7532176636418461E-011   1.7329732674040964E-008   8.5164311146068897E-016  -6.0159957284080609E-016   5.5249777710478537E-017  0.89857712230035169       -2.6012012798323080E-016   7.6965380643787131E-017  -9.5940550823241290E-018  -1.1873822564165713E-016  -1.2393867289704868E-017  -1.2556895959369350E-016   1.0701482690575918E-016  -1.0737207966244144E-017   6.8946335348947122E-017  -5.8198461563038171E-017 -0.57712445256265932       0.13562498295454481     
   1.3740922883165365E-007  -3.0319908317966881E-019   1.8657297765715666E-019  -8.3075477921307815E-020   4.8002360801735368E-015  -2.2735675236024351E-015  -9.3746328849400735E-018  -1.7154607031226799E-014  -1.6817018642251528E-017   1.2354395741485136E-014   1.8351843541028193E-007   1.9031379199178477E-017  -1.1704583717665567E-017   5.2418311989239433E-018   3.7157177343156898E-014  -6.5960462584934108E-015   5.0285335789547801E-017  -2.6537577121217645E-014  -1.4241535202119965E-017  -1.0619615454702486E-014   2.5686413645890249E-016  -1.5797149482907927E-016   7.0753979788262462E-017  -9.5581984674863915E-008   3.6418342012700471E-014  -6.8603507119620338E-015   4.4870131062954433E-017  -2.9828702581774515E-014  -1.8125077198450024E-017  -6.5896493786885742E-015   9.8613583687617791E-016  -6.0647414854314994E-016   2.7163316254846560E-016  -1.0472626202478251E-007  -4.9518870718650344E-023   8.9009239596060210E-024  -3.0165478351100289E-025  -1.1895628962199614E-023   5.5481399442182556E-024  -9.8237504574619225E-024   2.4144798636458841E-023   1.3194354528976472E-024   1.0327379402081015E-023   1.2365235730384843E-023   5.8193583129873664E-008  -1.3205465232087334E-008
  -2.5885002690536189E-008  -3.8084302445957427E-020  -7.5023338114419860E-021   1.0920634766708153E-019  -9.0426501404276729E-016   4.2829267011972031E-016   1.7659827734268925E-018   3.2315692114810314E-015   3.1679742527465628E-018  -2.3273088673616730E-015  -3.4571119915114458E-008   2.3896072523587375E-018   4.6997272045907994E-019  -6.8590151242413962E-018  -6.9996422497275518E-015   1.2425590497988994E-015  -9.4727083827563231E-018   4.9991355761386839E-015   2.6828166156355110E-018   2.0005095438380476E-015   3.2251788971459873E-017   6.3425481680765692E-018  -9.2575970732697217E-017   1.8001754369928950E-008  -6.8603507119620338E-015   1.2923271851386852E-015  -8.4524665754357998E-018   5.6190195506345720E-015   3.4143345217120449E-018   1.2413330371036288E-015   1.2381896930722183E-016   2.4349960803101532E-017  -3.5541141950084267E-016   1.9720707045533170E-008   8.4972650423171026E-024  -1.2583739112221784E-024   7.6198959553762662E-025   2.9910114118585969E-024  -1.1651815635876628E-024   2.2247641771084781E-024  -4.8556636408371227E-024  -7.0662648116419685E-025  -1.9563477972586006E-024  -2.5130247996365544E-024  -1.0957367132245265E-008   2.4864250740372707E-009
   1.6929440380250280E-010  -2.7345493226397515E-019  -4.9785285996723404E-020  -2.6305105892872592E-020   5.9140896790114895E-018  -2.8011331575544182E-018  -1.1549978385836084E-020  -2.1135223073210219E-017  -2.0719303542178961E-020   1.5221163937929656E-017   2.2610176647253248E-010   1.7161827457609008E-017   3.1245024118243067E-018   1.6509281770287484E-018   4.5779182057135066E-017  -8.1265954458062475E-018   6.1953693627912152E-020  -3.2695328469723973E-017  -1.7546089335780130E-020  -1.3083872346896063E-017   2.3162978351257216E-016   4.2170890167987101E-017   2.2282276768627818E-017  -1.1780440262090939E-010   4.4870131062954433E-017  -8.4524665754357998E-018   5.5283374778871113E-020  -3.6751196133239236E-017  -2.2331450739043881E-020  -8.1189471655143017E-018   8.8925786152256324E-016   1.6189971545262963E-016   8.5544651550063084E-017  -1.2911095595662192E-010  -2.5841489818354084E-024   4.6544647660713149E-026  -2.0116036572823847E-025   2.3636249908328925E-024   4.1161668626099964E-026   9.9488808489820641E-025   1.3816609960388525E-025   1.3110842938431122E-025  -1.6836611074942547E-025   6.8385483784848897E-026   7.1753527903538700E-011  -1.6283129747825733E-011
  -1.1254955768008066E-007   2.6223039545971491E-019   1.0522314458609421E-019  -1.5799943318843706E-020  -3.9318080496950412E-015   1.8622449168920576E-015   7.6785973683893823E-018   1.4051073285514472E-014   1.3774556319627890E-017  -1.0119285540549182E-014  -1.5031792918640521E-007  -1.6459706608705513E-017  -6.6075225021145234E-018   9.6861096276568594E-019  -3.0434937875886283E-014   5.4027376055418074E-015  -4.1187967185338015E-017   2.1736625472521147E-014   1.1665110242351104E-017   8.6983248871949735E-015  -2.2215456069651679E-016  -8.9183173813685539E-017   1.3068277125204959E-017   7.8252118250806690E-008  -2.9828702581774515E-014   5.6190195506345720E-015  -3.6751196133239236E-017   2.4431415361129955E-014   1.4845477927788540E-017   5.3972953863414883E-015  -8.5288113041861787E-016  -3.4238590473408714E-016   5.0171580948953209E-017   8.5706908044742555E-008   4.0985667871593963E-023  -4.9965505839465198E-024  -3.8429031507798159E-025   9.1841485129191322E-024  -4.4343342308875860E-024   8.1249335265436079E-024  -2.1747412420730954E-023  -6.7034930730287711E-025  -8.1551702617765507E-024  -9.9587457278304322E-024  -4.7616318766583541E-008   1.0804717806555669E-008
  -6.8391187884922242E-011  -9.1929928069756205E-020   2.8496262893587857E-021  -1.1218320775377135E-019  -2.3891867872661145E-018   1.1316027238751877E-018   4.6659280856010183E-021   8.5382037600939705E-018   8.3701751625240354E-021  -6.1490293107453174E-018  -9.1341822174763808E-011   5.7694508283392895E-018  -1.7884194367499336E-019   7.0405410638619099E-018  -1.8493972671143567E-017   3.2830088002703693E-018  -2.5028083467238861E-020   1.3208418617008814E-017   7.0884044572093660E-021   5.2855616433220189E-018   7.7869130580624114E-017  -2.4137886085611446E-018   9.5024866154115634E-017   4.7532176636418461E-011  -1.8125077198450024E-017   3.4143345217120449E-018  -2.2331450739043881E-020   1.4845477927788540E-017   9.0206905272018551E-021   3.2796042410802709E-018   2.9895005511750951E-016  -9.2668584472905151E-018   3.6481322161791217E-016   5.2045193386936454E-011  -8.0560703923184807E-025   1.8624642890219892E-025  -8.4781139916383644E-025   7.7286200094177687E-025   1.4223014000884750E-025   3.5195474527310971E-025  -1.2659411975916839E-025   5.4940836690408941E-025  -4.2144742395581598E-026   2.1587788758220311E-025  -2.8910626901614599E-011   6.5599186315369848E-012
  -2.4859724902876976E-008   5.0005231995245947E-021  -2.4538902289990878E-019   9.7565228861720048E-020  -8.6842998351474235E-016   4.1132351665270186E-016   1.6960391623518303E-018   3.1035405795878058E-015   3.0424690058487152E-018  -2.2351150817817288E-015  -3.3200583066124782E-008  -3.1433853853943135E-019   1.5399626138396289E-017  -6.1282152433768657E-018  -6.7222545831428635E-015   1.1933113634874034E-015  -9.0973887570471390E-018   4.8009627071295546E-015   2.5764310399670275E-018   1.9212946249843376E-015  -4.2427919790663621E-018   2.0784544666281473E-016  -8.2712455585001221E-017   1.7329732674040964E-008  -6.5896493786885742E-015   1.2413330371036288E-015  -8.1189471655143017E-018   5.3972953863414883E-015   3.2796042410802709E-018   1.1923557744973338E-015  -1.6288630019380743E-017   7.9794666703725596E-016  -3.1754406717033782E-016   1.9019063288652606E-008   8.2539459477963360E-024  -3.4213562688130992E-024   6.7571793351058868E-025   2.9302652695341499E-024  -1.1116141529138343E-024   1.8551432880898365E-024  -2.7868635054068437E-024  -6.4278301913473407E-025  -2.1329184013877229E-024  -2.4035489582161457E-024  -1.0577063001245017E-008   2.4006993451658490E-009
   8.2349770198811882E-017  -4.1539832518578524E-004   1.3786123976199276E-010  -1.5557954171311836E-012   5.3668767597031329E-016   1.5508729291590637E-016  -1.8112000393389254E-015  -6.6771583469312415E-017  -1.8980793378098425E-015   8.6926422362249632E-017   1.3593115343881008E-015   2.6070082636725497E-002  -3.5994625546841971E-009   2.0276817320161210E-011  -3.8765056554468592E-016  -4.3854549138556478E-016   1.0178292040681393E-015   5.7457734268064091E-016   9.4134724905043147E-016  -1.9425264718346475E-016  0.35186272638308963        5.0811679443859789E-010  -8.5792308112818579E-012   8.5164311146068897E-016   9.8613583687617791E-016   1.2381896930722183E-016   8.8925786152256324E-016  -8.5288113041861787E-016   2.9895005511750951E-016  -1.6288630019380743E-017   1.3508482841042506        3.1021602954207613E-009  -4.4241338836761152E-012   2.3133545462977697E-015  -3.7625131491834865E-009   7.4095358100538389E-010  -4.5392751735683956E-012   3.4818495610883050E-009   1.4636715366318437E-012   1.5661245320159093E-009  -4.1446941531197116E-010   1.3130129837241753E-012  -1.8488302596898245E-010   2.4048069902860299E-012  -1.5807631390309588E-015   3.7321309373357127E-016
  -1.5695049537273567E-016   1.3786664627124416E-010  -4.1539678796326251E-004   7.4142271932426978E-014   6.6665662926629447E-018  -8.7093624326462216E-017  -2.0330209647074459E-016  -7.7516620815390714E-016  -2.7562313739734874E-016   4.7591986987658564E-016   7.1086681287598756E-017  -3.5994712303293739E-009   2.6070042501267182E-002  -1.0966292179960297E-011   2.3633362447540959E-016   2.7842034233400659E-016  -2.3125794428035761E-016   6.7347114004599480E-016   4.0297208265026670E-016  -1.4216514544334607E-015   5.0812305043759906E-010  0.35186273204883295       -1.0025003491730654E-012  -6.0159957284080609E-016  -6.0647414854314994E-016   2.4349960803101532E-017   1.6189971545262963E-016  -3.4238590473408714E-016  -9.2668584472905151E-018   7.9794666703725596E-016   3.1021602954207613E-009   1.3508483186946529        1.5265887160073252E-011  -1.2844964976472390E-015  -4.1452719098474622E-010  -3.7497409314431557E-009  -4.4336426845432007E-013   7.4103230190693791E-010  -3.3889171203239052E-012  -1.8488245877520784E-010   3.1641404538406388E-009   2.0875469089713862E-012  -4.9540560081824199E-010  -1.2258097722024807E-012   8.3816546341165489E-016  -1.9419408075129428E-016
  -6.0948993573757053E-016  -1.5575938091091902E-012   7.1846814604131514E-014  -4.1539664612578060E-004   6.1646800190054736E-016  -6.3222373993474928E-017   5.4831106905550032E-016   1.8437489619281602E-016   5.2586568090191167E-016  -8.4744124952293340E-016  -5.6172277136124357E-016   2.0279475883838033E-011  -1.0963954677345867E-011   2.6070059969723055E-002  -4.5476960813119016E-016   2.4136541703824658E-016  -5.6610870062892851E-016  -6.0651686983234498E-016  -8.1242734485934290E-016   9.7551628660086522E-016  -8.5836590453199947E-012  -1.0031781178324040E-012  0.35186273552340996        5.5249777710478537E-017   2.7163316254846560E-016  -3.5541141950084267E-016   8.5544651550063084E-017   5.0171580948953209E-017   3.6481322161791217E-016  -3.1754406717033782E-016  -4.4241338836761152E-012   1.5265887160073252E-011   1.3508482900813508       -5.0019233396348541E-016   2.9477413048702174E-012  -4.4257415114503029E-013  -3.1350015083052533E-009   1.3121759186255956E-012   5.3539343162006821E-010  -5.2700886625786377E-012  -9.9241774631302098E-013   2.0350269319129697E-009   1.7781549219215769E-012   8.1982913643510690E-010   3.1854633277349452E-016  -7.6164072627077180E-017
