   3.0704237445233203E-005  -5.5734062494052184E-012   4.0784649966507841E-012  -1.7538152541529113E-010   7.4515135806457254E-012  -3.5776825934374637E-012   1.5925922076706340E-011   1.4688501857530442E-011   2.7574464318757192E-012  -2.2139985666071322E-011   1.9471834429809038E-003   3.6374604017879038E-010  -1.3261420555117405E-009  -2.3000948327975900E-010  -1.7058121926175346E-012   2.7923152975316675E-011   5.1320849822006678E-011   3.1900934250627522E-011   3.7168826693150596E-012  -3.0195108295943849E-011   4.5861481699101189E-003   9.6505753348030652E-010  -3.2697783741869333E-009  -3.3385392263318320E-010   1.1858055706471653E-011  -6.0523931220068635E-012   2.0250063729549890E-012  -9.7725568070106318E-012  -2.9846435354923718E-012  -6.1365674180376871E-012   4.5145093850259003E-012   6.7868518702064304E-012  -4.4536040797001284E-015  -6.5679652489392455E-012   2.8999463304475452E-003   6.0867838970885980E-010  -2.0575815649996489E-009   3.6206661670776554E-013   2.7670178648849073E-011   4.0958116693108424E-011   1.4891406964072300E-011   1.3093469226295881E-012  -1.5253472509488831E-011  -3.9598248912103848E-003  -7.9820305034830025E-010   2.7374318157378940E-009   1.1477977111981434E-010  -3.1780781158850289E-012   8.8365450401845283E-011  -5.6957881107992243E-011  -6.9019068347829437E-012  -5.7821888962284195E-011   2.6450185380920998E-010   4.0565054107281907E-012  -2.0976453373722731E-012   4.6117353213186151E-014  -3.3498067932550829E-012  -1.5885803865327319E-012  -2.0925564768156010E-012   1.3451746486080742E-012   2.7989855882443029E-012   2.9290543793015624E-013  -2.1206062096850757E-012   2.9414359181761074E-010  -2.8653801985895164E-010  -5.3829764706232774E-004  -1.0732432447997485E-010   3.6929225758690013E-010   1.1382037334372679E-010
  -5.5734062494052184E-012   3.0704200571579950E-005   1.4178107824551906E-011  -2.6536006350691726E-010  -1.1680319865462196E-011   2.4106600738853895E-011   2.8052441458240617E-012   2.5443938088249670E-011   1.6952202702768996E-012  -1.3763600788322248E-011  -7.5220562947033268E-010   1.9471822023673700E-003   8.7442661908510028E-010  -3.4109653307374695E-010  -3.9046476489315866E-011   2.2115406843113237E-011   3.6218275917980328E-012   8.2427521289950577E-011   2.3002653023474276E-011  -4.3381036667111587E-011  -1.7768823676688902E-009   4.5861454606300183E-003   2.0540075907011620E-009  -5.0316952601084064E-010  -2.9638229129805348E-012  -5.6706428121381656E-012  -3.1256866005896516E-012   4.9320354747990636E-012   8.4158312271401101E-012  -9.5565998392375286E-013   4.4053455838312047E-012   5.4887933555853893E-012  -2.3965780398666502E-013  -1.7613506626123870E-012  -1.1191891573842362E-009   2.8999446213096259E-003   1.2973441026882845E-009  -2.7562250119643022E-011   1.3447651405027317E-011   1.9650134072875560E-012   5.8289263959971465E-011   2.8277219106042598E-011  -3.0726972974381684E-011   1.5075243683673593E-009  -3.9598225437443100E-003  -1.7516329665859467E-009  -1.7321870343833188E-012   9.6645002785597229E-011  -1.3459745130658218E-012   1.4409738437436627E-011   8.6414334481746418E-011  -1.2677479275022872E-011   4.1804595096320361E-010  -1.1550369219110319E-012  -2.4176680311426580E-012  -1.1350115856147267E-012   1.9691389206549325E-012   3.1359159384572563E-012  -4.1948893920819305E-013   1.9902775909933987E-012   1.8558962581720453E-012  -2.5248319513168195E-013  -5.3731482678362417E-013   4.8037709868866174E-010  -4.7454061001534909E-010   2.0405119261585080E-010  -5.3829732776416029E-004  -2.3730675996675057E-010   1.8889658757184889E-010
   4.0784649966507841E-012   1.4178107824551906E-011   3.0704211272028385E-005  -4.2960326189919623E-010   5.9666413624050015E-013   2.5754038240288834E-012  -1.8342940451113056E-011  -1.2478147351235918E-011  -6.1188748662636752E-012   1.1881417932381996E-011   1.5792619522214733E-009   5.5653581803660432E-011   1.9471825520496261E-003  -6.2357935407621064E-010  -1.1223500481201787E-011   3.1107865534425314E-012  -4.9855053247805272E-011  -3.6993603005793145E-011   2.2673075802205234E-011   4.8217123012289011E-011   3.8790389241920736E-009   4.1213743699161438E-011   4.5861462518919822E-003  -9.3361854428583993E-010   3.0575098632008896E-012  -2.3595916807485516E-012  -3.5651402931175795E-012   4.4307543765253037E-012  -2.1258664678901376E-012  -8.5328341851702362E-012   1.9533161277527102E-012  -1.4563618535484876E-012  -2.6106932813063863E-013   3.7436947516142204E-012   2.4471936116056658E-009   2.9163074827435316E-011   2.8999451222858500E-003  -1.4554966261808365E-011   2.0733176095723939E-013  -2.3595616409758609E-011  -2.8820195429898224E-011   2.4089074139026365E-011   4.3375123243593387E-011  -3.2657063418871970E-009  -6.2606277453892608E-011  -3.9598232354089999E-003  -4.4365628273056670E-011  -1.4767372080956269E-011   7.6525345128081875E-011  -6.8854719928302011E-011  -1.4935805883776805E-011   1.1322016200895705E-010   7.2813442063469681E-010   1.8290469817952484E-012  -5.7225217717278188E-013  -1.4975224274687777E-012   1.1223098311988846E-012  -7.4779761166817058E-013  -3.5762498015795750E-012   7.1201272074278358E-013  -2.3466938080798475E-013  -3.8300506820224577E-013   1.2914352575778005E-012   8.2981200933249762E-010  -8.0613456317449547E-010  -4.4107788458593642E-010  -9.3487806635106423E-012  -5.3829742207037385E-004   3.2018718039724786E-010
  -1.7538152541529113E-010  -2.6536006350691726E-010  -4.2960326189919623E-010   8.6128714618672152E-005   4.7079556096571074E-012  -1.2731062010374297E-012   2.1494967602384634E-012  -3.8471588944666582E-012   4.2103755905230333E-012  -8.6586385667474928E-013  -1.0925508008286791E-008  -1.6594753041292963E-008  -2.6771253794487166E-008   6.3798130694554950E-003   8.8000397565637040E-013   1.2246845175857659E-013  -1.6765497740078046E-012   6.0665696676458501E-013  -5.1399070401886984E-013  -1.4899418694827044E-012  -2.5666084751572255E-008  -3.8867125339691794E-008  -6.2766186720064833E-008   1.0540367863968182E-002   4.2420882375747544E-012   1.7140375236937338E-012   3.7601496641813607E-013  -5.9506947867682371E-012  -2.0926920047517491E-012   2.5931916276547865E-013  -1.7622233339897699E-012  -1.8040939302774829E-012   6.5023775165517687E-013   1.0644208365011262E-012  -1.6251240773135121E-008  -2.4493401742937606E-008  -3.9624848395365377E-008   4.3113536322526671E-011  -2.5251714670930264E-011   2.3996584322865615E-013  -3.1409329708968973E-011   2.2297331810835634E-011  -1.1706788841892005E-011   2.1618695256181656E-008   3.2875210684835458E-008   5.3010231960949469E-008   3.8136671742194621E-010  -2.1511569124821638E-010  -4.0657008800584866E-012  -2.6480615383583549E-010   1.8992773749480498E-010  -1.1656276299378889E-010  -4.6867133419100987E-003  -4.9412330364996445E-013   1.3693244306097279E-013  -2.9046144880360288E-013  -1.6493976110061504E-013   7.1185130695338621E-014   8.2787028184393006E-013  -4.1461297523192590E-013   4.7802002438930759E-013   4.1932259272817088E-013  -1.3979838714914052E-013  -4.8173463316090320E-003   3.5445709440534933E-003   2.9168012118686638E-009   4.4447998359112689E-009   7.1615722220602262E-009  -1.3330289232678415E-003
   7.4515135806457254E-012  -1.1680319865462196E-011   5.9666413624050015E-013   4.7079556096571074E-012   7.5526280990212828E-007   1.6593317729167309E-014  -4.1935733452786863E-016  -3.7763141736069610E-007   3.3971679866800875E-015  -3.7763139254729805E-007   4.7705350739478416E-010  -7.4188141220567845E-010   3.5620590392668873E-011   3.8514210509498349E-010  -8.3971873974659424E-006   8.2000168695583870E-014  -4.6403770092431698E-013   4.1985938295363263E-006   1.4237657907310352E-014   4.1985935678923839E-006   1.1220774045635893E-009  -1.7468206006201995E-009   8.4762146872314415E-011   6.2896903339315781E-010   6.8131869334645927E-013  -8.4960569912178510E-013  -3.1935422061399023E-013  -4.5917280446783236E-013  -1.8577790471901447E-015  -4.5491253742703552E-013   4.1888456314189224E-013   1.0290326039408555E-013   2.8761286368792936E-013   1.6133260010782347E-013   7.1030773557318771E-010  -1.1031702362590211E-009   5.5633234263612818E-011  -1.4063785350700437E-004   4.9754439465027152E-013  -6.2495137749069364E-012   7.0318928534220975E-005   1.8234174099831370E-013   7.0318924972768233E-005  -1.0214770045164435E-009   1.5519994722396452E-009   9.3603627883200255E-012  -1.1482028437176642E-003   2.7148035218164784E-012  -5.0048155660403978E-011   5.7410143612865157E-004   8.5115851273261307E-013   5.7410140758920938E-004  -3.7318626538791440E-010   1.5729048248736339E-012  -2.7127627542043997E-012  -1.3062603260889198E-012  -1.0539710750208021E-012   2.0978875966995786E-016  -1.0563025149902219E-012   1.3773433194472825E-012   3.8415721054589163E-013   8.6486338822777995E-013   6.8729429170444197E-013  -4.2230111465342837E-010   3.7957828810173281E-010  -1.4087974549252987E-010   2.1276695717894579E-010   4.6104429313856368E-012  -1.4897785615779790E-010
  -3.5776825934374637E-012   2.4106600738853895E-011   2.5754038240288834E-012  -1.2731062010374297E-012   1.6593317729167309E-014   7.5526279213168950E-007  -1.7965800958712147E-014   8.4559781091949289E-015  -9.3701633337713083E-015  -2.5052375996731963E-014  -2.2621135006751180E-010   1.5333683294536721E-009   1.6283920368143673E-010  -1.1014688962844011E-010  -1.9770503513343385E-013  -8.3971871618515512E-006   2.3918686530417496E-013   5.1525269149347742E-014  -3.2521554824826568E-013   1.4618008176417132E-013  -5.3315287906584795E-010   3.6098184107045610E-009   3.8344856706311679E-010  -1.7900588752699627E-010   5.1301903648732022E-013   7.8614968496621872E-013   1.5413398245679026E-014  -9.1140674884805850E-013  -2.8120770098239840E-013   2.2311978226363177E-013  -3.6342012201341205E-013   1.5034674949036996E-014  -2.9857251508826429E-013  -2.2696483327693564E-014  -3.4111592320328627E-010   2.2841775733948018E-009   2.4257437360687810E-010  -3.2818163873427926E-012  -1.4063785113839204E-004   3.2254820960806491E-012   1.3505972380485394E-012  -3.9908926513590873E-012   1.9312186198718513E-012   3.3730025839786069E-010  -3.1186608382467097E-009  -3.2476741772847176E-010  -2.8158087196688363E-011  -1.1482028306602362E-003   2.5338233283081886E-011   1.2981836760463228E-011  -3.0586228922642452E-011   1.5176233835315665E-011   1.0614798154478858E-010   1.6643418759350451E-012   1.8453791014046450E-012   3.9518803106941650E-014  -2.9673624134857519E-012  -1.1261725433913204E-012   7.3441377864342874E-013  -8.4241988675917019E-013   3.7618107520775875E-014  -7.1515457588859711E-013  -5.7494053703401911E-014   1.2054728684428964E-010  -1.0827125964333604E-010   4.0823539625781264E-011  -4.2393697762046207E-010  -4.3895300204165313E-011   4.2502967148825459E-011
   1.5925922076706340E-011   2.8052441458240617E-012  -1.8342940451113056E-011   2.1494967602384634E-012  -4.1935733452786863E-016  -1.7965800958712147E-014   7.5526278763664976E-007   8.9862393280530597E-015   2.1334752083236518E-014  -8.5686091850098185E-015   1.0150264579369959E-009   1.7797564649312408E-010  -1.1613740240607210E-009   1.6714668600199723E-010   4.4109046124634200E-013   4.4662079968163139E-014  -8.3971871324036088E-006  -1.2339297172222406E-013  -1.5715630311349625E-014  -3.1770342559695016E-013   2.3888228721415381E-009   4.1912226493708315E-010  -2.7361257788360510E-009   2.7359892824094191E-010   2.2873788771550553E-013   1.6299746616903092E-014   6.2726415525523622E-013   6.5668519418829587E-014  -7.5869927705165023E-013  -3.7255252089548048E-013  -2.3004438788073526E-014  -5.4582590607361151E-014   1.4566579262634516E-014  -4.2685181385498539E-013   1.5082552508626252E-009   2.6514869009393604E-010  -1.7314018559143925E-009   6.1487907859864410E-012   3.7430933516146516E-013  -1.4063785082357502E-004  -9.4287271891765731E-013  -4.1712594081207715E-013  -5.2059168153569149E-012  -2.1765084185158171E-009  -3.5505713355342589E-010   2.2772849825212900E-009   5.0804322122431612E-011   1.8022295281787004E-012  -1.1482028271811162E-003  -5.5905176735392388E-012  -3.6564131864221049E-012  -4.5213786175423940E-011  -1.6580240918194515E-010   8.9451758693012570E-013   3.9107929447841395E-014   1.4344729836043228E-012   3.0871407230429162E-013  -2.3845234142741477E-012  -1.5088353445035349E-012  -5.9473864890426339E-014  -1.0327377620494200E-013   4.0684708334355263E-014  -9.9221715234146696E-013  -1.8872187000187067E-010   1.7139352676499454E-010  -3.0045577544225880E-010  -4.7991991829640111E-011   3.0617893575062058E-010  -6.7389545098907396E-011
   1.4688501857530442E-011   2.5443938088249670E-011  -1.2478147351235918E-011  -3.8471588944666582E-012  -3.7763141736069610E-007   8.4559781091949289E-015   8.9862393280530597E-015   7.5526287931569947E-007  -5.4755585533908591E-015  -3.7763146195954029E-007   9.3008427963627627E-010   1.6164164244548871E-009  -7.9512159800295039E-010  -3.1289235812087944E-010   4.1985937543822930E-006  -2.8556217823215204E-013  -1.2725713777590391E-013  -8.3971878213224032E-006   1.0411682993754773E-013   4.1985940669065863E-006   2.1909581146202629E-009   3.8060610868631261E-009  -1.8716175554824500E-009  -5.1077522982091386E-010  -4.4645712740654558E-013   5.6682747899608356E-013   6.6611914398107443E-014   6.9276509073967546E-013   2.0882508605430418E-015  -9.3779641452968615E-014  -8.4498831364301826E-013  -3.5942369627836414E-013   5.6684454549973482E-013   2.1825005885769227E-013   1.3862527783654264E-009   2.4040814144239610E-009  -1.1824604097413214E-009   7.0318927352553174E-005  -3.3468846436127652E-012  -1.1509909378950271E-012  -1.4063785986740955E-004   1.8103443956357275E-012   7.0318932514959484E-005  -1.8291661547604596E-009  -3.3702810305414508E-009   1.6775598462189852E-009   5.7410142639901358E-004  -2.5525020910853902E-011  -7.7574973612821398E-012  -1.1482028965159974E-003   1.5799619659838181E-011   5.7410147011728086E-004   3.0571354000009308E-010  -1.0493534490973054E-012   1.8578258323099869E-012   2.8919108171704344E-013   1.6117152450123691E-012  -6.7347976903235550E-016  -2.0385971699954127E-013  -2.7702849665827424E-012  -1.4012969029564838E-012   1.8589001679138674E-012   8.2891551838505785E-013   3.4711400174134132E-010  -3.1331602605334992E-010  -2.4616395950056418E-010  -4.6158733454850380E-010   2.3051296928038516E-010   1.2307374121086566E-010
   2.7574464318757192E-012   1.6952202702768996E-012  -6.1188748662636752E-012   4.2103755905230333E-012   3.3971679866800875E-015  -9.3701633337713083E-015   2.1334752083236518E-014  -5.4755585533908591E-015   7.5526289061500431E-007   2.0740139486206578E-015   1.7471342132266906E-010   1.1185669892614027E-010  -3.8795518074698649E-010   3.3755655014516312E-010  -3.3800742851253168E-014   3.1245567732480887E-013  -2.3880470547043664E-013  -1.0854859363835499E-013  -8.3971878194402926E-006   1.4234291741032624E-013   4.1143361063240460E-010   2.6192961493727043E-010  -9.1407655348350338E-010   5.5169116733394283E-010  -2.4753581272644368E-014   1.2788715728800771E-013   2.3422750295954613E-013   2.2598387608709706E-014   5.2272280518372726E-013   1.0612193062071686E-014   2.1613104831470678E-013  -9.2144542695344726E-013  -4.1785847652429361E-013   5.1222359104064722E-013   2.6029135395796680E-010   1.6224014923816037E-010  -5.8222149260572636E-010  -6.3310198606924021E-013   5.2065872327373060E-012  -3.5062616111852980E-012  -1.0478842359762996E-012  -1.4063786068216889E-004   1.6809870435340816E-012  -3.4844866456848605E-010  -3.6228628737093501E-010   6.6164235702584426E-010  -6.1299705335840942E-012   4.5177765998145541E-011  -2.8797177290874346E-011  -7.2973459441000061E-012  -1.1482029052884842E-003   1.3427342009013989E-011  -3.3277533093918851E-010  -5.8195594983473148E-014   4.7309284612016981E-013   7.5268902899272220E-013   3.8514011480507902E-014   1.2122891465099955E-012   3.9563616808445257E-014   8.5376304805771160E-013  -2.9776579929262245E-012  -1.6185365781752636E-012   1.6583951961550472E-012  -3.7873725448134840E-010   3.4317360946458917E-010  -4.7094602425434728E-011  -5.4755008665917875E-011   8.4724795455366186E-011  -1.3489517305906271E-010
  -2.2139985666071322E-011  -1.3763600788322248E-011   1.1881417932381996E-011  -8.6586385667474928E-013  -3.7763139254729805E-007  -2.5052375996731963E-014  -8.5686091850098185E-015  -3.7763146195954029E-007   2.0740139486206578E-015   7.5526285451724112E-007  -1.4071358884802509E-009  -8.7453394068173212E-010   7.5949676916818231E-010  -7.2652082830258218E-011   4.1985936431488633E-006   2.0359625641074665E-013   5.9131404142125963E-013   4.1985939918365219E-006  -1.1830583032217494E-013  -8.3971876349146309E-006  -3.3130310490765856E-009  -2.0592379575753178E-009   1.7868454398971039E-009  -1.1885020876223269E-010  -2.3486156620995257E-013   2.8277822001670939E-013   2.5274230619982624E-013  -2.3359228591760003E-013  -2.3047167607008688E-016   5.4869217888805726E-013   4.2610375061661717E-013   2.5652043602097698E-013  -8.5445740923362007E-013  -3.7958265905543939E-013  -2.0965575841780475E-009  -1.3009099141419899E-009   1.1268199051116087E-009   7.0318926155543411E-005   2.8499138239647400E-012   7.4008263195919687E-012   7.0318931334033453E-005  -1.9918712115584851E-012  -1.4063785748966482E-004   2.8506432538438109E-009   1.8182665410900901E-009  -1.6869486519467305E-009   5.7410141732756772E-004   2.2814900200203666E-011   5.7808278700044665E-011   5.7410146039424360E-004  -1.6644124919416511E-011  -1.1482028777223053E-003   6.7911655634407186E-011  -5.2355137575688491E-013   8.5493692190113569E-013   1.0170692443876547E-012  -5.5774417001540346E-013   4.6369100358519548E-016   1.2601622319875133E-012   1.3929416471568139E-012   1.0171396924233769E-012  -2.7237635561770182E-012  -1.5162098101107895E-012   7.5698937323970671E-011  -6.6747211041407215E-011   3.8704387747018112E-010   2.4881781785962248E-010  -2.3512877436938967E-010   2.6096256428670303E-011
   1.9471834429809038E-003  -7.5220562947033268E-010   1.5792619522214733E-009  -1.0925508008286791E-008   4.7705350739478416E-010  -2.2621135006751180E-010   1.0150264579369959E-009   9.3008427963627627E-010   1.7471342132266906E-010  -1.4071358884802509E-009  0.12350181670793849       -2.2212879845567792E-009  -3.5048975595054172E-010   1.1705075102093853E-009  -1.5922741430524675E-010   1.7604588318851005E-009   3.1964762323415002E-009   2.0408294406016021E-009   2.3768744534569400E-010  -1.8816011463978693E-009  0.29087812435544830        1.6407666942044663E-009  -1.0109443775690506E-008   4.5281615034091516E-009   7.5225491209250134E-010  -3.8398356448258344E-010   1.2847278749684548E-010  -6.1996047944938419E-010  -1.8935053251893553E-010  -3.8928735568337920E-010   2.8641070788435159E-010   4.3051577115421604E-010  -2.7651997024301400E-013  -4.1664508471921781E-010  0.18409208091497450        8.9357786000288325E-010  -5.6507768904950120E-009  -8.3958106958360537E-010   1.5647040465371463E-009   1.5992619899610453E-009   1.2396815233175333E-009   1.1558419080741097E-010  -4.0010038500960176E-010 -0.24494843159250454       -9.0360615056351385E-010   7.4307291426701055E-009   2.3516217192792577E-010  -1.7264308710580043E-009  -2.5240747929193412E-009  -1.2004487793715266E-009  -1.7261841668374500E-010   9.6528666517588757E-010  -5.0287751696325778E-010   2.5751380696814616E-010  -1.3328050270731792E-010   2.9588090072984567E-012  -2.1269623615087893E-010  -1.0044436571580467E-010  -1.3279432838436437E-010   8.5409325312373356E-011   1.7723954189225916E-010   1.8691947767498622E-011  -1.3431139663159386E-010  -1.5061823173820663E-009   9.7117002915137721E-010  -3.3047753498212838E-002  -1.1689883936295893E-010   9.9768609923281407E-010  -3.6935630429006400E-010
   3.6374604017879038E-010   1.9471822023673700E-003   5.5653581803660432E-011  -1.6594753041292963E-008  -7.4188141220567845E-010   1.5333683294536721E-009   1.7797564649312408E-010   1.6164164244548871E-009   1.1185669892614027E-010  -8.7453394068173212E-010  -2.2212879845567792E-009  0.12350180765138821        1.9620527764481347E-009  -2.5171518490857718E-009  -2.4629226154909054E-009   1.3520789301653982E-009   2.2910690567871057E-010   5.1949426589170089E-009   1.4073374327218539E-009  -2.7320195602948212E-009  -5.5635410836413126E-009  0.29087811651787149        4.2721905044244531E-009  -8.4388894091810048E-010  -1.8799136739897778E-010  -3.5969387058395580E-010  -1.9827125604305499E-010   3.1283029750926171E-010   5.3386337071518488E-010  -6.0614060978838325E-011   2.7943674963586855E-010   3.4815151506184241E-010  -1.5204106726787745E-011  -1.1171382278664203E-010  -3.2067227171081063E-009  0.18409207620666465        2.5770569811457667E-009  -1.5112008970226616E-009  -1.4805675996783389E-012   1.1439569017203203E-010   3.1251616185101879E-009   9.1381696216793715E-010  -1.6139581483296604E-009   4.4132603351918398E-009 -0.24494842446678441       -3.5315684581755822E-009   1.8076705248409464E-009  -8.5091363160697923E-010  -1.6946638238233294E-010  -3.7204089674475023E-009  -1.6801245337288263E-009   1.9127429974104543E-009   3.5421403592504142E-009  -7.2903395385073555E-011  -1.5246580361453383E-010  -7.1930184686799371E-011   1.2428266173254395E-010   1.9866493356460413E-010  -2.6472157627245473E-011   1.2553796901927615E-010   1.1777704126320308E-010  -1.5955770988565618E-011  -3.4172168168357551E-011   3.0820962192200461E-009  -3.2011734725268014E-009   5.9656221748678813E-010  -3.3047752524568465E-002  -4.7831055500110580E-010   1.2578471422502611E-009
  -1.3261420555117405E-009   8.7442661908510028E-010   1.9471825520496261E-003  -2.6771253794487166E-008   3.5620590392668873E-011   1.6283920368143673E-010  -1.1613740240607210E-009  -7.9512159800295039E-010  -3.8795518074698649E-010   7.5949676916818231E-010  -3.5048975595054172E-010   1.9620527764481347E-009  0.12350180897074402       -1.4584082197582611E-009  -6.8520092064059817E-010   2.0289947023047796E-010  -3.1853760155930461E-009  -2.3029576686127960E-009   1.4338500569503154E-009   2.9881597378053135E-009   9.2890907549419174E-009  -1.0792840159662572E-009  0.29087811757397458        2.8516555188712843E-009   1.9391779240528596E-010  -1.4969238491931138E-010  -2.2612530004327638E-010   2.8110760006093890E-010  -1.3488718660641932E-010  -5.4127561124433018E-010   1.2394145987018140E-010  -9.2409140601026798E-011  -1.6593314756830302E-011   2.3747803831182559E-010   5.4075743358728440E-009  -4.5418382033082989E-010  0.18409207692616511       -4.6794980636363255E-010   1.0691398834409173E-010  -1.8893741956877145E-009  -1.0905138088472146E-009   1.4448368853936480E-009   1.5584611266345899E-009  -6.8974288292963714E-009   4.0855562055480080E-010 -0.24494842550694038        8.9020730910537416E-010  -1.7163631635910269E-010   1.6397954853900509E-009   1.6388083608219907E-009  -1.5970359210107458E-009  -2.5290274484419014E-009   3.2121458649618149E-009   1.1581639797479498E-010  -3.6293308211378162E-011  -9.4276568939149673E-011   7.1035088966433305E-011  -4.7666489869695451E-011  -2.2642010465998985E-010   4.4972493069027116E-011  -1.5201522590496247E-011  -2.4043116241351936E-011   8.1621334452837667E-011   2.1347616085065028E-009  -2.6493505123840588E-009  -9.2480666491350603E-010   5.0479605664815205E-011  -3.3047752667285782E-002   1.0551945904266129E-009
  -2.3000948327975900E-010  -3.4109653307374695E-010  -6.2357935407621064E-010   6.3798130694554950E-003   3.8514210509498349E-010  -1.1014688962844011E-010   1.6714668600199723E-010  -3.1289235812087944E-010   3.3755655014516312E-010  -7.2652082830258218E-011   1.1705075102093853E-009  -2.5171518490857718E-009  -1.4584082197582611E-009  0.49767555160420435       -1.5232415760299692E-010   1.3590114156532560E-010  -1.2864675197508946E-010   2.0235341134274359E-010  -1.5095500933727578E-010  -5.0336881848178134E-011   7.8417045226445640E-009   1.0818530105479373E-008   1.8652215993912179E-008  0.81450309150004407        3.3052405772667591E-010   1.3179453706707087E-010   3.0536397099763416E-011  -4.5967430450901487E-010  -1.6231129293705166E-010   1.6228430841033613E-011  -1.3437765296319826E-010  -1.4187880144311267E-010   4.8492328435235062E-011   8.2989280487292875E-011   4.4537067793068533E-009   1.4838065005024349E-008   1.9355680515816313E-008  -4.0901069430159146E-010   1.7705812940597880E-010   5.4223265847438071E-011   1.9001607072228026E-010  -1.3782208621099896E-010   2.1881472037598867E-010  -5.4175145536518494E-009  -1.4091009178563330E-008  -1.9679098398474142E-008  -1.0305268921491701E-009   7.4584162727382694E-010  -4.0677024579870201E-011   8.9947373641585299E-010  -5.2855261278662801E-010   1.3120088172545855E-010 -0.49891145335865195       -4.3781715537564231E-011  -3.6081147435331427E-012  -1.5173614227561274E-011   2.1232135617047461E-011   1.3192694507236803E-011   3.7506794094737104E-011  -1.0352717705159738E-011   3.0972986460908129E-011   1.7497288514753561E-011  -1.1776100386837491E-011 -0.56922235375722552       0.51958140842278155       -6.8198050968101864E-010  -1.8408636998383434E-009  -2.5579200179016342E-009 -0.20448101416505340     
  -1.7058121926175346E-012  -3.9046476489315866E-011  -1.1223500481201787E-011   8.8000397565637040E-013  -8.3971873974659424E-006  -1.9770503513343385E-013   4.4109046124634200E-013   4.1985937543822930E-006  -3.3800742851253168E-014   4.1985936431488633E-006  -1.5922741430524675E-010  -2.4629226154909054E-009  -6.8520092064059817E-010  -1.5232415760299692E-010   9.3361880479973493E-005  -7.6639196732271616E-013   3.0743586174126736E-013  -4.6680940779898436E-005  -2.0253735702279677E-013  -4.6680939699661116E-005  -3.5804529853220695E-010  -5.8066344969233733E-009  -1.6237339770109379E-009  -2.2772890936619933E-010  -7.5750094778221223E-012   9.4461301852582222E-012   3.5506781232445827E-012   5.1051325008633111E-012   2.0599575031564300E-014   5.0578135569672335E-012  -4.6572695210464019E-012  -1.1441155782342312E-012  -3.1977449889280867E-012  -1.7937411427815789E-012  -2.4542417417455952E-010  -3.6815671287544570E-009  -1.0306417025587604E-009   1.5636443309595517E-003  -3.0974247442000606E-012  -1.1778081191635265E-011  -7.8182216995971920E-004  -2.7663814906729625E-012  -7.8182216099966406E-004   5.0105548520245925E-010   4.7420022662054462E-009   1.2017131844659619E-009   1.2765985988837733E-002  -1.0309387229045515E-011  -1.0699396579550981E-010  -6.3829930280083543E-003  -1.5496491573970732E-011  -6.3829929608315676E-003   1.2030473215117336E-010  -1.7487904347387770E-011   3.0161134371963810E-011   1.4523313222882641E-011   1.1718275637771596E-011  -2.3551209263049240E-015   1.1744213703826406E-011  -1.5313630405019072E-011  -4.2711515547630765E-012  -9.6157499960994933E-012  -7.6415013390614440E-012   1.3305897025928495E-010  -1.1138149694145486E-010   7.4697854827514587E-011   6.3340746963093113E-010   1.5521189004928566E-010   4.3360077353740046E-011
   2.7923152975316675E-011   2.2115406843113237E-011   3.1107865534425314E-012   1.2246845175857659E-013   8.2000168695583870E-014  -8.3971871618515512E-006   4.4662079968163139E-014  -2.8556217823215204E-013   3.1245567732480887E-013   2.0359625641074665E-013   1.7604588318851005E-009   1.3520789301653982E-009   2.0289947023047796E-010   1.3590114156532560E-010  -7.6639196732271616E-013   9.3361877439039737E-005  -9.3507963808778259E-013   1.5599919910078662E-012   1.3004880970045292E-012  -7.9360353385613086E-013   4.1508052814336121E-009   3.2031352007340764E-009   4.7876696402872516E-010   2.0672978960889480E-010  -5.7038948089951721E-012  -8.7406490465637126E-012  -1.7140399093525032E-013   1.0133287731470658E-011   3.1266116919232586E-012  -2.4807131162712186E-012   4.0406317958871475E-012  -1.6711115035598058E-013   3.3195958466871640E-012   2.5233463101957966E-013   2.6411305598286230E-009   2.0136382848519766E-009   3.0362494855950773E-010  -1.3156361689771351E-011   1.5636442975685699E-003  -6.9828665408062956E-012   2.0693687391142648E-011   5.5902507443050412E-012  -7.5373198143672786E-012  -3.2845072524975993E-009  -2.5192876616041032E-009  -4.0295979998869240E-010  -9.2238750140906158E-011   1.2765985786054498E-002  -4.5942422192799594E-011   1.4720575639683530E-010   2.3441936696157341E-011  -5.4966821682600032E-011  -1.1730109333624388E-010  -1.8504549731666432E-011  -2.0517376945244322E-011  -4.3939199487288703E-013   3.2991845104819894E-011   1.2521078142301691E-011  -8.1653898799380273E-012   9.3662399410005187E-012  -4.1823120790295507E-013   7.9512513600220468E-012   6.3923009234316212E-013  -1.3646280525332235E-010   1.1920938004909356E-010  -4.3371731995708880E-010  -3.3349089244827851E-010  -5.4342143261197471E-011  -4.6758876166575718E-011
   5.1320849822006678E-011   3.6218275917980328E-012  -4.9855053247805272E-011  -1.6765497740078046E-012  -4.6403770092431698E-013   2.3918686530417496E-013  -8.3971871324036088E-006  -1.2725713777590391E-013  -2.3880470547043664E-013   5.9131404142125963E-013   3.1964762323415002E-009   2.2910690567871057E-010  -3.1853760155930461E-009  -1.2864675197508946E-010   3.0743586174126736E-013  -9.3507963808778259E-013   9.3361877340937505E-005   1.6792581964483694E-012   1.9320984618798147E-013  -1.9866280606031865E-012   7.5493360382175904E-009   5.4023324454559762E-010  -7.4934533156683661E-009  -2.0997968208109435E-010  -2.5431006364674543E-012  -1.8125532674538603E-013  -6.9740272681837712E-012  -7.3022314647637346E-013   8.4353991762557746E-012   4.1421498171267245E-012   2.5579064699661931E-013   6.0693025053715593E-013  -1.6195310693169543E-013   4.7457558869956963E-012   4.7786532932347756E-009   3.4248590281826914E-010  -4.7505755369259937E-009   1.8920482995341095E-011  -1.1509274158178569E-011   1.5636442978992362E-003   1.5620321603548041E-011   4.9492993785936813E-012  -3.4540818516017779E-011  -6.0239349245427646E-009  -4.5476415251267600E-010   6.4039774003408481E-009   1.4775614134375029E-010  -8.0026982191618660E-011   1.2765985778645036E-002   1.0409519894447131E-010   4.3198254373041199E-011  -2.5185154345524896E-010   1.2764451675735337E-010  -9.9454415144377127E-012  -4.3482307840601338E-013  -1.5948791639425836E-011  -3.4323866232979730E-012   2.6511683186246080E-011   1.6775596524914280E-011   6.6125065388528340E-013   1.1482472238451831E-012  -4.5233860182463191E-013   1.1031672756347665E-011   1.4632038425965963E-010  -1.3298507901624069E-010  -7.9912440157341135E-010  -6.1335622463279005E-011   8.6740223912782094E-010   5.2304631388523122E-011
   3.1900934250627522E-011   8.2427521289950577E-011  -3.6993603005793145E-011   6.0665696676458501E-013   4.1985938295363263E-006   5.1525269149347742E-014  -1.2339297172222406E-013  -8.3971878213224032E-006  -1.0854859363835499E-013   4.1985939918365219E-006   2.0408294406016021E-009   5.1949426589170089E-009  -2.3029576686127960E-009   2.0235341134274359E-010  -4.6680940779898436E-005   1.5599919910078662E-012   1.6792581964483694E-012   9.3361881329914270E-005   7.2708728609701821E-013  -4.6680940549643120E-005   4.8024742996441150E-009   1.2247219274969898E-008  -5.4365815091977437E-009   3.1289202385579039E-010   4.9638345829990450E-012  -6.3022127217685006E-012  -7.4061096757735947E-013  -7.7023489336308425E-012  -2.3123434894220256E-014   1.0426620229573816E-012   9.3948467249132379E-012   3.9962739169844528E-012  -6.3023105993497274E-012  -2.4266394852803173E-012   3.0464555744585934E-009   7.7634392751152366E-009  -3.4395272760069307E-009  -7.8182217081529002E-004   1.0157107667930942E-011   1.7214376679830837E-011   1.5636443369654684E-003   1.1434611269410828E-011  -7.8182216615132485E-004  -4.1075898657466868E-009  -1.0010722261356759E-008   4.3719005370006548E-009  -6.3829930340785924E-003   6.2913211961477280E-011   1.2231105375882403E-010   1.2765986047542031E-002   8.2019249791574433E-011  -6.3829930134667416E-003  -1.7873029517719701E-010   1.1666957448780690E-011  -2.0655777562587508E-011  -3.2152985473973782E-012  -1.7919428897619854E-011   7.5189320003341604E-015   2.2665613597326050E-012   3.0800698553614079E-011   1.5579985442113682E-011  -2.0667681401904380E-011  -9.2161021490078634E-012  -2.0514840975249351E-010   1.8014322400081954E-010  -5.5643612104035620E-010  -1.3376362107235872E-009   5.8151474714545446E-010  -7.0651371343695205E-011
   3.7168826693150596E-012   2.3002653023474276E-011   2.2673075802205234E-011  -5.1399070401886984E-013   1.4237657907310352E-014  -3.2521554824826568E-013  -1.5715630311349625E-014   1.0411682993754773E-013  -8.3971878194402926E-006  -1.1830583032217494E-013   2.3768744534569400E-010   1.4073374327218539E-009   1.4338500569503154E-009  -1.5095500933727578E-010  -2.0253735702279677E-013   1.3004880970045292E-012   1.9320984618798147E-013   7.2708728609701821E-013   9.3361879884872959E-005  -5.2447856246192655E-013   5.6049880122681846E-010   3.3320385498288807E-009   3.3812784618040469E-009  -2.3583529104450370E-010   2.7522297941398985E-013  -1.4218895737922715E-012  -2.6041919991010752E-012  -2.5126767473587354E-013  -5.8117432520837014E-012  -1.1798455004413200E-013  -2.4029877463200160E-012   1.0244859912451638E-011   4.6458480581566072E-012  -5.6950353312432487E-012   3.5525020966005844E-010   2.1144097464779297E-009   2.1552134247826206E-009  -2.6465753007414635E-012   2.2074408305070100E-011  -2.2507690930963712E-012   3.6118678342784304E-012   1.5636443221951507E-003  -9.6530166819415491E-013  -4.7197144453772381E-010  -2.5194009258978037E-009  -2.6445337903651402E-009  -1.0920492806036244E-011   1.5053646549559570E-010  -1.6473384732897763E-011   1.5502105230235366E-011   1.2765985950538275E-002  -4.5818962861703120E-012   1.3685840820678455E-010   6.4703142363596860E-013  -5.2599620286328582E-012  -8.3685702979021225E-012  -4.2820831616480844E-013  -1.3478507907868371E-011  -4.3987592626159878E-013  -9.4923318454166662E-012   3.3106297620565401E-011   1.7995266091951946E-011  -1.8438427151900588E-011   1.6062767705381127E-010  -1.4239226299132177E-010  -6.3665855533635064E-011  -3.2793254082538870E-010  -3.4764374478436031E-010   5.5992288429433304E-011
  -3.0195108295943849E-011  -4.3381036667111587E-011   4.8217123012289011E-011  -1.4899418694827044E-012   4.1985935678923839E-006   1.4618008176417132E-013  -3.1770342559695016E-013   4.1985940669065863E-006   1.4234291741032624E-013  -8.3971876349146309E-006  -1.8816011463978693E-009  -2.7320195602948212E-009   2.9881597378053135E-009  -5.0336881848178134E-011  -4.6680939699661116E-005  -7.9360353385613086E-013  -1.9866280606031865E-012  -4.6680940549643120E-005  -5.2447856246192655E-013   9.3361880248517566E-005  -4.4444269297314723E-009  -6.4405836355034820E-009   7.0603182041053707E-009  -8.5651472484891239E-011   2.6111748946008747E-012  -3.1439174635448821E-012  -2.8100671556729564E-012   2.5972164330206301E-012   2.5238599621371015E-015  -6.1004755798795984E-012  -4.7375772037497641E-012  -2.8521583386249714E-012   9.5000555881759064E-012   4.2203806279728130E-012  -2.8010300201679651E-009  -4.0818717449957875E-009   4.4701698156823435E-009  -7.8182216013732890E-004  -7.0597417119720537E-012  -5.4351901482917671E-012  -7.8182216699950683E-004  -8.6670345174056264E-012   1.5636443271378137E-003   3.6065352869129199E-009   5.2687067045390807E-009  -5.5736498461886843E-009  -6.3829929547025398E-003  -5.2604304694603640E-011  -1.5308063689996065E-011  -6.3829930194827115E-003  -6.6512999804040821E-011   1.2765985974190742E-002   5.8994605543643943E-011   5.8209468985882713E-012  -9.5053568092658619E-012  -1.1308014675415370E-011   6.2011532597181399E-012  -5.1638110876036934E-015  -1.4010775063403662E-011  -1.5487068148511067E-011  -1.1308833887235837E-011   3.0283431397780818E-011   1.6857603487931667E-011   7.2819491250796933E-011  -6.9558161526855044E-011   4.8173849820966783E-010   7.0422643768209064E-010  -7.3673291151955305E-010   2.7614176850062499E-011
   4.5861481699101189E-003  -1.7768823676688902E-009   3.8790389241920736E-009  -2.5666084751572255E-008   1.1220774045635893E-009  -5.3315287906584795E-010   2.3888228721415381E-009   2.1909581146202629E-009   4.1143361063240460E-010  -3.3130310490765856E-009  0.29087812435544830       -5.5635410836413126E-009   9.2890907549419174E-009   7.8417045226445640E-009  -3.5804529853220695E-010   4.1508052814336121E-009   7.5493360382175904E-009   4.8024742996441150E-009   5.6049880122681846E-010  -4.4444269297314723E-009  0.68509214401014840        3.0826835415488109E-009   1.2089705213498558E-011   1.9011800412990158E-008   1.7717303336667025E-009  -9.0436379763299191E-010   3.0258101173960793E-010  -1.4601461108100003E-009  -4.4596193387872061E-010  -9.1686063663246287E-010   6.7455939669144083E-010   1.0139662360467088E-009  -6.5212395464599230E-013  -9.8129546862388971E-010  0.43356075192410698        1.6158213041583266E-009   1.7676983886721415E-009  -1.6920034484909773E-009   3.7621087829086585E-009   4.1178759895271004E-009   2.8491481120144366E-009   2.8368723749092710E-010  -1.1571445017739548E-009 -0.57779866519948442       -1.2452404098266007E-009  -2.5631062841164319E-009   2.8845320960448562E-009  -3.4429921824624945E-009  -3.0808425048193832E-009  -3.4042060105635875E-009  -3.1295152518327252E-010   5.1967405174877911E-010  -5.8590729325968237E-009   6.0647818892743663E-010  -3.1387591016004103E-010   6.9639263143489737E-012  -5.0092063617130677E-010  -2.3661647295701776E-010  -3.1275412707648323E-010   2.0114777671496186E-010   4.1748515053679025E-010   4.4008036116548923E-011  -3.1636442817483024E-010  -8.7513648364924629E-009   6.8261976131550118E-009  -7.7991504305877327E-002  -1.4688902185001123E-010  -3.5736929765571199E-010  -2.6408221762614615E-009
   9.6505753348030652E-010   4.5861454606300183E-003   4.1213743699161438E-011  -3.8867125339691794E-008  -1.7468206006201995E-009   3.6098184107045610E-009   4.1912226493708315E-010   3.8060610868631261E-009   2.6192961493727043E-010  -2.0592379575753178E-009   1.6407666942044663E-009  0.29087811651787149       -1.0792840159662572E-009   1.0818530105479373E-008  -5.8066344969233733E-009   3.2031352007340764E-009   5.4023324454559762E-010   1.2247219274969898E-008   3.3320385498288807E-009  -6.4405836355034820E-009   3.0826835415488109E-009  0.68509215732926454       -3.3637737695095538E-009   2.5491722977969257E-008  -4.4276616608292277E-010  -8.4716641223547154E-010  -4.6697602251693289E-010   7.3679304117381250E-010   1.2573721765918945E-009  -1.4276142332642435E-010   6.5814114359638958E-010   8.1998245771556030E-010  -3.5809016891506026E-011  -2.6311469330293869E-010   2.6967184768153307E-009  0.43356076096818746       -2.4293221319808935E-009  -3.6580649622310702E-009   3.0975999156525622E-010   2.7994384537716317E-010   7.5608385482337490E-009   2.4458564993450580E-009  -3.9027675228948793E-009  -3.0344127873879691E-009 -0.57779867438078270        2.9162148916387146E-009   3.4532973002818387E-009   5.5403337865253329E-010  -3.1323577329058612E-010  -7.1322302007286778E-009  -1.5631982978504033E-009   3.6789436310142615E-009  -7.2163319615286799E-009  -1.7175661869710714E-010  -3.5922044985393057E-010  -1.6942222805657707E-010   2.9280422330367871E-010   4.6793955901941093E-010  -6.2367747952632451E-011   2.9577297717049253E-010   2.7738560029735024E-010  -3.7588165160312950E-011  -8.0471003243671225E-011  -1.0111974622033617E-008   7.7032149046709535E-009  -3.9836034879674293E-010  -7.7991505482710596E-002   3.8612694932307597E-010  -2.9917096252789883E-009
