 1.4478322217685607E-004  4.3359044009640757E-017 -3.7411751214327937E-017  6.6806310516311083E-017  4.7816077563460199E-003  6.9654074643887947E-016 -4.4235448637408581E-016  2.2777889246705749E-015  9.4309274819532277E-003  1.3860364726492773E-015 -9.6884306133304676E-016  2.9326470883168861E-015 -2.6718963229872779E-018 -3.5929009517446102E-018 -1.1000077627796381E-018  1.3650172504496560E-018 -3.5744335166626579E-019  1.5845350541470277E-018  5.3939982302839253E-003  9.4862174534798479E-016 -5.2388648974499574E-016 -9.4839767152970925E-004  5.2327996509809831E-016  1.4147652504809677E-016  2.4018443879150320E-017 -6.1711967619021242E-003  2.5415434399102084E-015  8.6898804124713180E-016  5.7308587194910142E-016 -2.1719927105926624E-015 -1.2324343541837068E-015
 4.3359044009640757E-017  1.4478322217703802E-004  2.0477278123444341E-017 -2.0765708035641023E-016  8.3838994291978110E-016  4.7816077563489819E-003 -5.8716236480528766E-016 -8.7995868297695481E-015  1.6659900931332812E-015  9.4309274819590182E-003 -9.9822835756080042E-016 -1.0228417952844478E-014  8.9449118263252130E-020 -3.3100751504591104E-018 -1.3191961794386561E-018  3.8870809204676610E-019 -1.1019412549742716E-018  6.4670857040347786E-019  1.0286143686948641E-015  5.3939982302872629E-003 -7.7802157908249578E-016  1.7920599095355858E-016 -9.4839767153060469E-004 -6.4980918361422772E-016  1.0137478282468762E-014  7.0829781323867741E-016 -6.1711967619074905E-003 -3.2462987690821636E-015  7.0194792666703407E-015 -1.4814266707928722E-015  1.0656685714302650E-016
-3.7411751214327937E-017  2.0477278123444341E-017  1.4478322217712023E-004  2.0394914258941255E-018 -6.9974408212214456E-016  1.0780953863138186E-015  4.7816077563503420E-003  1.1840643319623169E-015 -1.4281111015979064E-015  2.0443577013749234E-015  9.4309274819620037E-003  7.1616341851199471E-016  2.2378925053861570E-018 -4.6959152261092362E-018 -1.8569141295731622E-018  5.2579040399761133E-018 -8.3165402098122400E-019  1.0311208979888028E-017 -7.4419637119405024E-016  1.0772331128351282E-015  5.3939982302891373E-003  4.0173078622376956E-016 -7.7905589191392815E-016 -9.4839767152994549E-004 -8.5629182711106091E-015  2.2813782113439984E-015 -4.3016929104807462E-015 -6.1711967619044513E-003 -7.2616155235320268E-015  1.4981121731725145E-014  8.1756159635822584E-015
 6.6806310516311083E-017 -2.0765708035641023E-016  2.0394914258941255E-018  3.3753740936517420E-004  7.4203025162673276E-017 -4.0231714335303540E-016  4.8697594169070673E-016  1.3903977641636171E-002  3.5667037040549913E-016 -1.3898048383332305E-015  7.8649392925376763E-016  1.6948920021257061E-002  1.8185169108868386E-016 -4.4066009665046492E-019 -2.8260537505486914E-018  2.0253934726121688E-016  2.7450864577805867E-018  1.9094976156908844E-016  1.4991263707958792E-016 -6.2738361599759379E-016  5.9284541923605260E-016 -3.2577312424097240E-017  6.6922553873911830E-016  1.9894312486743347E-016 -7.4084019656381495E-003 -2.5577617768498797E-016  3.5592689410205653E-015  9.7527137561299849E-016 -3.2035787503562722E-003  1.1318455319771570E-003  3.5917371093328312E-004
 4.7816077563460199E-003  8.3838994291978110E-016 -6.9974408212214456E-016  7.4203025162673276E-017  1.5914790303564574E-001 -1.2208394437162370E-015  1.6583956430338276E-015 -3.7107417151201614E-015  3.1349790808160927E-001 -8.4730493206787026E-016  4.4408920985006262E-016 -3.5514666313401176E-015 -7.9317595553872987E-017 -9.4771275320640898E-017 -3.7249153937361004E-017  3.7102910177240074E-017 -2.5422408496436756E-017  5.1720279202810429E-017  1.8151131785599339E-001 -8.3769324896011805E-016  7.9797279894933126E-016 -2.2230722963157909E-002 -1.0659036720695213E-015  9.9204498782423656E-018 -4.8264042927523050E-016 -1.5683680532420471E-001 -5.2580154349358240E-015  1.1275702593849246E-016 -1.0626083571443153E-015  3.8165972741909114E-015  2.1655689892739904E-015
 6.9654074643887947E-016  4.7816077563489819E-003  1.0780953863138186E-015 -4.0231714335303540E-016 -1.2208394437162370E-015  1.5914790303564555E-001 -9.8814309395883747E-018  1.1746307948362692E-014 -1.0530043006251671E-015  3.1349790808160682E-001  3.7546881376979380E-015  1.2361402693590423E-014  3.1258853663602294E-017 -1.0648070372896403E-016 -4.1011219126213481E-017  2.6671023214177716E-017 -3.6701987187202060E-017  7.5853300106444712E-017 -1.1158655326352373E-015  1.8151131785599492E-001  1.6781094850122256E-015 -2.4475084738150780E-016 -2.2230722963157999E-002  1.2661555091918140E-015 -1.2986639455569950E-014 -1.4332303477843421E-015 -1.5683680532420399E-001  6.0285790119924820E-015 -9.2215150865838514E-015  3.4656764352030531E-016 -1.1391044406104364E-015
-4.4235448637408581E-016 -5.8716236480528766E-016  4.7816077563503420E-003  4.8697594169070673E-016  1.6583956430338276E-015 -9.8814309395883747E-018  1.5914790303563703E-001 -1.4145008099676562E-015  1.9984014443252818E-015 -4.1451031154194970E-015  3.1349790808160177E-001  9.0762421085740067E-016  7.8262405245423563E-017 -1.8380697553656145E-016 -5.5209498176836265E-017  1.7789576383050458E-016 -2.3582082177864114E-017  3.4592041374696351E-016  1.4641066137244252E-015 -4.9810708916260271E-016  1.8151131785598995E-001 -1.1382496507839068E-015  1.1577259780052340E-015 -2.2230722963158676E-002  1.3764581464265058E-014 -5.7714250045748372E-015  7.2259225182545995E-015 -1.5683680532420621E-001  1.1890757658446849E-014 -2.3117560244038593E-014 -1.2480862437362800E-014
 2.2777889246705749E-015 -8.7995868297695481E-015  1.1840643319623169E-015  1.3903977641636171E-002 -3.7107417151201614E-015  1.1746307948362692E-014 -1.4145008099676562E-015  6.0357396493886628E-001  1.5813099271059617E-016 -4.2585305651875131E-015 -2.1065038900937371E-015  7.2132254475787894E-001  8.7943139971839078E-015 -1.3700059409740308E-016 -1.9169141428436494E-016  9.3439097867834615E-015  1.0227467439331621E-016  8.9020161227501807E-015 -1.6641048739374979E-015 -1.2667452501758619E-016 -4.9282816739953511E-016  3.7469162077364002E-016  3.9648156928683779E-016 -3.9287199326725287E-016 -4.6924399601889150E-001  7.5563266080890490E-016 -1.3579808685749929E-015 -1.8817012659713165E-015 -2.7313809919265880E-001  1.3116452636366174E-001  4.4947025230390160E-002
 9.4309274819532277E-003  1.6659900931332812E-015 -1.4281111015979064E-015  3.5667037040549913E-016  3.1349790808160927E-001 -1.0530043006251671E-015  1.9984014443252818E-015  1.5813099271059617E-016  6.1767041199745965E-001  8.0246136387133803E-016 -1.6930901125533637E-015  2.6656065452069417E-015 -1.5930465079308875E-016 -1.9458626080920659E-016 -7.3172439300684970E-017  7.5739529728310644E-017 -4.5771593508261297E-017  1.0220558926236449E-016  3.5691974288133343E-001  5.6366838092876858E-016 -5.5511151231257827E-017 -4.6763747417530345E-002  9.7982807460985872E-016 -5.3949900102878701E-016  8.3355063724141671E-016 -3.2440831758848893E-001  5.3185714411839513E-015 -2.2967738821932926E-015  1.2266196184608565E-015 -4.6863032692818114E-015 -2.7110537254742800E-015
 1.3860364726492773E-015  9.4309274819590182E-003  2.0443577013749234E-015 -1.3898048383332305E-015 -8.4730493206787026E-016  3.1349790808160682E-001 -4.1451031154194970E-015 -4.2585305651875131E-015  8.0246136387133803E-016  6.1767041199745065E-001 -4.2314477803696207E-016 -7.2678201743009894E-015  5.2569848299019856E-017 -2.1092615847047316E-016 -8.1708217135933113E-017  4.8164942625946623E-017 -7.2289322267349510E-017  1.3212042413121059E-016 -1.7109168716114685E-016  3.5691974288133432E-001 -2.2364941489150629E-015  5.5211971420612543E-016 -4.6763747417530005E-002 -1.0851748001049565E-015  6.8337437675150296E-015  2.2318779148824064E-015 -3.2440831758848399E-001 -5.6882995991286399E-015  4.6918504741593486E-015  2.5666550289678409E-015  2.2993403497477719E-015
-9.6884306133304676E-016 -9.9822835756080042E-016  9.4309274819620037E-003  7.8649392925376763E-016  4.4408920985006262E-016  3.7546881376979380E-015  3.1349790808160177E-001 -2.1065038900937371E-015 -1.6930901125533637E-015 -4.2314477803696207E-016  6.1767041199746342E-001 -8.7413159878090893E-016  1.5296245233349131E-016 -3.5331249783910001E-016 -1.1085450117125675E-016  3.4950656066393114E-016 -4.7758161552346223E-017  6.8054328723424224E-016  1.5265566588595902E-016  2.6931161541246789E-015  3.5691974288133810E-001  6.2504255243789331E-016 -1.3665746167227872E-015 -4.6763747417531053E-002 -8.9522462411503566E-015  4.1910919179599659E-015 -5.7796538228873485E-015 -3.2440831758848998E-001 -8.2926925938818486E-015  1.7741534544197286E-014  9.7228392589849397E-015
 2.9326470883168861E-015 -1.0228417952844478E-014  7.1616341851199471E-016  1.6948920021257061E-002 -3.5514666313401176E-015  1.2361402693590423E-014  9.0762421085740067E-016  7.2132254475787894E-001  2.6656065452069417E-015 -7.2678201743009894E-015 -8.7413159878090893E-016  8.6845281285599429E-001  1.0111066190338490E-014 -1.1115584206431478E-016 -1.9828693383177929E-016  1.0922979268838900E-014  1.2978853067600755E-016  1.0367210846589470E-014 -8.0876829588253719E-016 -1.7177307579269600E-015  1.6566933029829721E-015  2.2190589028971764E-016  2.5733514355785892E-016  1.7257597531158499E-016 -4.9520177701628632E-001 -8.4293038804965600E-016 -2.6404776097372335E-015  1.7949487829853616E-015 -2.6687925439720717E-001  1.1976669301235872E-001  4.0332682249339877E-002
-2.6718963229872779E-018  8.9449118263252130E-020  2.2378925053861570E-018  1.8185169108868386E-016 -7.9317595553872987E-017  3.1258853663602294E-017  7.8262405245423563E-017  8.7943139971839078E-015 -1.5930465079308875E-016  5.2569848299019856E-017  1.5296245233349131E-016  1.0111066190338490E-014  1.5612098903376588E-028 -4.5769123592329547E-030 -4.2620016183251490E-030  1.5483564523077078E-028  1.0749549932478314E-030  1.4994338082590311E-028 -7.5109793824262813E-017  8.0826131035387019E-017  9.5294244117129386E-017  8.3429829972959241E-017  2.0851088745546735E-016  1.7503903250933959E-017 -1.0902399207386763E-014  4.5453153856075605E-016  1.0765817356593328E-015  7.0798334942534851E-017 -7.6995930222091470E-015  2.7852120598439505E-015  5.9532724592797175E-016
-3.5929009517446102E-018 -3.3100751504591104E-018 -4.6959152261092362E-018 -4.4066009665046492E-019 -9.4771275320640898E-017 -1.0648070372896403E-016 -1.8380697553656145E-016 -1.3700059409740308E-016 -1.9458626080920659E-016 -2.1092615847047316E-016 -3.5331249783910001E-016 -1.1115584206431478E-016 -4.5769123592329547E-030  2.0542467684424773E-030  3.5067318791885480E-031 -3.7925380459378696E-030 -2.1893836874928814E-031 -4.1812026203232891E-030 -6.8455120888067755E-017 -1.1554976892300912E-016 -2.5357956660018413E-016  2.0000273176113857E-016  4.2646147466841647E-017 -1.8140262090617428E-016  6.4808124432988785E-016  1.0649430872331498E-015  2.4940573793805907E-016 -8.9608021389918101E-016  5.4675454721701797E-016 -6.7450526583573931E-016 -3.3339348301736860E-016
-1.1000077627796381E-018 -1.3191961794386561E-018 -1.8569141295731622E-018 -2.8260537505486914E-018 -3.7249153937361004E-017 -4.1011219126213481E-017 -5.5209498176836265E-017 -1.9169141428436494E-016 -7.3172439300684970E-017 -8.1708217135933113E-017 -1.1085450117125675E-016 -1.9828693383177929E-016 -4.2620016183251490E-030  3.5067318791885480E-031  3.5191278372318135E-031 -3.6442960256355350E-030  8.1285114234574498E-032 -3.8236596442920867E-030 -4.3501228229618603E-017 -4.2148207101291333E-017 -5.2433514216362868E-017  4.0683804636874833E-019  2.7527313868824562E-017  5.7351416865429467E-017  4.6668268836676943E-016  1.1757672836017083E-017  1.5381199303415933E-016  3.1263180236956331E-016  3.7041748278951094E-016 -4.5209521008014409E-016 -2.2406996253800403E-016
 1.3650172504496560E-018  3.8870809204676610E-019  5.2579040399761133E-018  2.0253934726121688E-016  3.7102910177240074E-017  2.6671023214177716E-017  1.7789576383050458E-016  9.3439097867834615E-015  7.5739529728310644E-017  4.8164942625946623E-017  3.4950656066393114E-016  1.0922979268838900E-014  1.5483564523077078E-028 -3.7925380459378696E-030 -3.6442960256355350E-030  1.5868287258284129E-028  1.5670404122732658E-030  1.5180668285807365E-028  2.9011866921646472E-017  5.2355594683156322E-017  2.0751805509634974E-016 -6.7878686622415140E-017  9.9647127220690733E-017 -3.0578071806059472E-018 -9.7373314689068239E-015 -3.6270802575675012E-016  5.1146050181942193E-016 -6.1951958692046499E-017 -6.5129993130187948E-015  1.4987265509834802E-015 -7.0344599354335068E-018
-3.5744335166626579E-019 -1.1019412549742716E-018 -8.3165402098122400E-019  2.7450864577805867E-018 -2.5422408496436756E-017 -3.6701987187202060E-017 -2.3582082177864114E-017  1.0227467439331621E-016 -4.5771593508261297E-017 -7.2289322267349510E-017 -4.7758161552346223E-017  1.2978853067600755E-016  1.0749549932478314E-030 -2.1893836874928814E-031  8.1285114234574498E-032  1.5670404122732658E-030  2.1345921098816663E-031  1.2582065567285275E-030 -5.0599252037635907E-017 -4.1900383342330304E-017 -2.0349795025536716E-017 -9.8255770238386373E-017  4.9333389895655635E-018  3.4140981172084295E-017 -1.1286222642626129E-018 -5.0454585249343918E-016  3.5162882504718226E-017  1.8370502336190256E-016  2.2977344137156302E-017 -1.1518949605736943E-016 -6.6802197228232150E-017
 1.5845350541470277E-018  6.4670857040347786E-019  1.0311208979888028E-017  1.9094976156908844E-016  5.1720279202810429E-017  7.5853300106444712E-017  3.4592041374696351E-016  8.9020161227501807E-015  1.0220558926236449E-016  1.3212042413121059E-016  6.8054328723424224E-016  1.0367210846589470E-014  1.4994338082590311E-028 -4.1812026203232891E-030 -3.8236596442920867E-030  1.5180668285807365E-028  1.2582065567285275E-030  1.4759617378546159E-028  5.7361372746671785E-017  1.7329224587991149E-016  3.9888793283181303E-016 -1.4889741945367376E-017  3.9833830925653359E-016 -2.7779814184488731E-017 -9.6850888549066501E-015 -9.0843265756495265E-017  2.0525204910510179E-015 -2.3404600404587816E-016 -6.5621752234499094E-015  2.3171504370094509E-015  4.8970283011406173E-016
 5.3939982302839253E-003  1.0286143686948641E-015 -7.4419637119405024E-016  1.4991263707958792E-016  1.8151131785599339E-001 -1.1158655326352373E-015  1.4641066137244252E-015 -1.6641048739374979E-015  3.5691974288133343E-001 -1.7109168716114685E-016  1.5265566588595902E-016 -8.0876829588253719E-016 -7.5109793824262813E-017 -6.8455120888067755E-017 -4.3501228229618603E-017  2.9011866921646472E-017 -5.0599252037635907E-017  5.7361372746671785E-017  2.1018153365161399E-001 -4.4996893238677942E-016  6.8695049648681561E-016 -1.0443433640811624E-002 -8.6952164779930593E-016  7.9873174047007112E-016 -5.2547260031929565E-016 -1.0130777318327344E-001 -4.3000431113857768E-015  4.1511932780124994E-015 -5.2874390277308913E-016  5.0745980521972967E-015  3.0672533277408224E-015
 9.4862174534798479E-016  5.3939982302872629E-003  1.0772331128351282E-015 -6.2738361599759379E-016 -8.3769324896011805E-016  1.8151131785599492E-001 -4.9810708916260271E-016 -1.2667452501758619E-016  5.6366838092876858E-016  3.5691974288133432E-001  2.6931161541246789E-015 -1.7177307579269600E-015  8.0826131035387019E-017 -1.1554976892300912E-016 -4.2148207101291333E-017  5.2355594683156322E-017 -4.1900383342330304E-017  1.7329224587991149E-016 -4.4996893238677942E-016  2.1018153365161701E-001  9.7762497820511128E-016  1.8233048124355812E-016 -1.0443433640813526E-002  7.8288284481705063E-016  3.7469192958576123E-016  2.3032977945989226E-016 -1.0130777318328377E-001  3.6223322472578219E-015 -5.4865339328788364E-016 -5.1422502822771411E-015 -3.2864387785585579E-015
-5.2388648974499574E-016 -7.7802157908249578E-016  5.3939982302891373E-003  5.9284541923605260E-016  7.9797279894933126E-016  1.6781094850122256E-015  1.8151131785598995E-001 -4.9282816739953511E-016 -5.5511151231257827E-017 -2.2364941489150629E-015  3.5691974288133810E-001  1.6566933029829721E-015  9.5294244117129386E-017 -2.5357956660018413E-016 -5.2433514216362868E-017  2.0751805509634974E-016 -2.0349795025536716E-017  3.9888793283181303E-016  6.8695049648681561E-016  9.7762497820511128E-016  2.1018153365161796E-001 -7.0874296015377425E-016  4.2880638125658997E-017 -1.0443433640812287E-002  4.9521721614767750E-015 -2.8883145875013838E-015  1.4817002987866025E-015 -1.0130777318327652E-001  4.4242367507331863E-015 -9.9578189083171364E-015 -5.4808555650766486E-015
-9.4839767152970925E-004  1.7920599095355858E-016  4.0173078622376956E-016 -3.2577312424097240E-017 -2.2230722963157909E-002 -2.4475084738150780E-016 -1.1382496507839068E-015  3.7469162077364002E-016 -4.6763747417530345E-002  5.5211971420612543E-016  6.2504255243789331E-016  2.2190589028971764E-016  8.3429829972959241E-017  2.0000273176113857E-016  4.0683804636874833E-019 -6.7878686622415140E-017 -9.8255770238386373E-017 -1.4889741945367376E-017 -1.0443433640811624E-002  1.8233048124355812E-016 -7.0874296015377425E-016  7.3371145918439573E-002  3.3958477269110926E-016 -2.7889406821295093E-016  4.1154000789070380E-016  3.8743036036022160E-001  1.6815747341292740E-015 -2.1348482877325825E-015  3.2207478569084642E-016 -1.8719913147274249E-015 -1.0908779782601596E-015
 5.2327996509809831E-016 -9.4839767153060469E-004 -7.7905589191392815E-016  6.6922553873911830E-016 -1.0659036720695213E-015 -2.2230722963157999E-002  1.1577259780052340E-015  3.9648156928683779E-016  9.7982807460985872E-016 -4.6763747417530005E-002 -1.3665746167227872E-015  2.5733514355785892E-016  2.0851088745546735E-016  4.2646147466841647E-017  2.7527313868824562E-017  9.9647127220690733E-017  4.9333389895655635E-018  3.9833830925653359E-016 -8.6952164779930593E-016 -1.0443433640813526E-002  4.2880638125658997E-017  3.3958477269110926E-016  7.3371145918442154E-002 -2.2126593613604459E-016  9.3796111625664887E-016  2.6143525629222859E-016  3.8743036036022871E-001 -1.0890379119552929E-015 -7.7993299772549538E-016  3.3241850971228020E-015  2.0196294870856793E-015
 1.4147652504809677E-016 -6.4980918361422772E-016 -9.4839767152994549E-004  1.9894312486743347E-016  9.9204498782423656E-018  1.2661555091918140E-015 -2.2230722963158676E-002 -3.9287199326725287E-016 -5.3949900102878701E-016 -1.0851748001049565E-015 -4.6763747417531053E-002  1.7257597531158499E-016  1.7503903250933959E-017 -1.8140262090617428E-016  5.7351416865429467E-017 -3.0578071806059472E-018  3.4140981172084295E-017 -2.7779814184488731E-017  7.9873174047007112E-016  7.8288284481705063E-016 -1.0443433640812287E-002 -2.7889406821295093E-016 -2.2126593613604459E-016  7.3371145918440697E-002 -2.5620461895922210E-015  1.0797298385240017E-016 -1.2273422038960216E-016  3.8743036036022388E-001 -1.8619362220665224E-015  2.1433441586088362E-015  1.0014568909218024E-015
 2.4018443879150320E-017  1.0137478282468762E-014 -8.5629182711106091E-015 -7.4084019656381495E-003 -4.8264042927523050E-016 -1.2986639455569950E-014  1.3764581464265058E-014 -4.6924399601889150E-001  8.3355063724141671E-016  6.8337437675150296E-015 -8.9522462411503566E-015 -4.9520177701628632E-001 -1.0902399207386763E-014  6.4808124432988785E-016  4.6668268836676943E-016 -9.7373314689068239E-015 -1.1286222642626129E-018 -9.6850888549066501E-015 -5.2547260031929565E-016  3.7469192958576123E-016  4.9521721614767750E-015  4.1154000789070380E-016  9.3796111625664887E-016 -2.5620461895922210E-015  1.0358901126937625E+000  3.4811719103321894E-016  5.3887909923633858E-015 -2.5711809860599493E-015  8.2142580463406134E-001 -4.8984017227390203E-001 -1.7778252830319780E-001
-6.1711967619021242E-003  7.0829781323867741E-016  2.2813782113439984E-015 -2.5577617768498797E-016 -1.5683680532420471E-001 -1.4332303477843421E-015 -5.7714250045748372E-015  7.5563266080890490E-016 -3.2440831758848893E-001  2.2318779148824064E-015  4.1910919179599659E-015 -8.4293038804965600E-016  4.5453153856075605E-016  1.0649430872331498E-015  1.1757672836017083E-017 -3.6270802575675012E-016 -5.0454585249343918E-016 -9.0843265756495265E-017 -1.0130777318327344E-001  2.3032977945989226E-016 -2.8883145875013838E-015  3.8743036036022160E-001  2.6143525629222859E-016  1.0797298385240017E-016  3.4811719103321894E-016  2.0560052329941456E+000  9.6708588865818335E-016 -3.1704239927821121E-015 -1.6908562441306806E-016 -9.9078361897971850E-016 -5.3710817300345941E-016
 2.5415434399102084E-015 -6.1711967619074905E-003 -4.3016929104807462E-015  3.5592689410205653E-015 -5.2580154349358240E-015 -1.5683680532420399E-001  7.2259225182545995E-015 -1.3579808685749929E-015  5.3185714411839513E-015 -3.2440831758848399E-001 -5.7796538228873485E-015 -2.6404776097372335E-015  1.0765817356593328E-015  2.4940573793805907E-016  1.5381199303415933E-016  5.1146050181942193E-016  3.5162882504718226E-017  2.0525204910510179E-015 -4.3000431113857768E-015 -1.0130777318328377E-001  1.4817002987866025E-015  1.6815747341292740E-015  3.8743036036022871E-001 -1.2273422038960216E-016  5.3887909923633858E-015  9.6708588865818335E-016  2.0560052329941487E+000 -4.8242025654972623E-016 -4.6913665124310044E-015  2.4708138508739988E-015  1.1203187832407726E-015
 8.6898804124713180E-016 -3.2462987690821636E-015 -6.1711967619044513E-003  9.7527137561299849E-016  1.1275702593849246E-016  6.0285790119924820E-015 -1.5683680532420621E-001 -1.8817012659713165E-015 -2.2967738821932926E-015 -5.6882995991286399E-015 -3.2440831758848998E-001  1.7949487829853616E-015  7.0798334942534851E-017 -8.9608021389918101E-016  3.1263180236956331E-016 -6.1951958692046499E-017  1.8370502336190256E-016 -2.3404600404587816E-016  4.1511932780124994E-015  3.6223322472578219E-015 -1.0130777318327652E-001 -2.1348482877325825E-015 -1.0890379119552929E-015  3.8743036036022388E-001 -2.5711809860599493E-015 -3.1704239927821121E-015 -4.8242025654972623E-016  2.0560052329941381E+000  3.1469507839261649E-017  1.5782326667666658E-015  8.1877086310833219E-016
 5.7308587194910142E-016  7.0194792666703407E-015 -7.2616155235320268E-015 -3.2035787503562722E-003 -1.0626083571443153E-015 -9.2215150865838514E-015  1.1890757658446849E-014 -2.7313809919265880E-001  1.2266196184608565E-015  4.6918504741593486E-015 -8.2926925938818486E-015 -2.6687925439720717E-001 -7.6995930222091470E-015  5.4675454721701797E-016  3.7041748278951094E-016 -6.5129993130187948E-015  2.2977344137156302E-017 -6.5621752234499094E-015 -5.2874390277308913E-016 -5.4865339328788364E-016  4.4242367507331863E-015  3.2207478569084642E-016 -7.7993299772549538E-016 -1.8619362220665224E-015  8.2142580463406134E-001 -1.6908562441306806E-016 -4.6913665124310044E-015  3.1469507839261649E-017  6.7676398615450661E-001 -3.9388924131952180E-001 -1.3901381497658441E-001
-2.1719927105926624E-015 -1.4814266707928722E-015  1.4981121731725145E-014  1.1318455319771570E-003  3.8165972741909114E-015  3.4656764352030531E-016 -2.3117560244038593E-014  1.3116452636366174E-001 -4.6863032692818114E-015  2.5666550289678409E-015  1.7741534544197286E-014  1.1976669301235872E-001  2.7852120598439505E-015 -6.7450526583573931E-016 -4.5209521008014409E-016  1.4987265509834802E-015 -1.1518949605736943E-016  2.3171504370094509E-015  5.0745980521972967E-015 -5.1422502822771411E-015 -9.9578189083171364E-015 -1.8719913147274249E-015  3.3241850971228020E-015  2.1433441586088362E-015 -4.8984017227390203E-001 -9.9078361897971850E-016  2.4708138508739988E-015  1.5782326667666658E-015 -3.9388924131952180E-001  1.1092296826960388E+000  6.2920165350343915E-001
-1.2324343541837068E-015  1.0656685714302650E-016  8.1756159635822584E-015  3.5917371093328312E-004  2.1655689892739904E-015 -1.1391044406104364E-015 -1.2480862437362800E-014  4.4947025230390160E-002 -2.7110537254742800E-015  2.2993403497477719E-015  9.7228392589849397E-015  4.0332682249339877E-002  5.9532724592797175E-016 -3.3339348301736860E-016 -2.2406996253800403E-016 -7.0344599354335068E-018 -6.6802197228232150E-017  4.8970283011406173E-016  3.0672533277408224E-015 -3.2864387785585579E-015 -5.4808555650766486E-015 -1.0908779782601596E-015  2.0196294870856793E-015  1.0014568909218024E-015 -1.7778252830319780E-001 -5.3710817300345941E-016  1.1203187832407726E-015  8.1877086310833219E-016 -1.3901381497658441E-001  6.2920165350343915E-001  3.7025983439242038E-001
