 1.6271973675992438E-002 -3.3828607546363630E-004  5.9912877765415547E-003 -1.1847140340015909E-017  7.4874421088826845E-002 -1.5566012191944572E-003  2.7568518286568037E-002  2.0198988083822013E-017  7.0638636254013676E-002 -1.4685414019397929E-003  2.6008916088934752E-002  4.2074051204571999E-017  1.9068322649958281E-017 -1.3736160534349186E-017  6.6495215673837700E-018  2.5548943275632738E-019  1.2250434299065285E-017 -4.6916458761823191E-017  4.3562269111246742E-002 -9.0563746902285836E-004  1.6039485783442119E-002 -5.1407741083522455E-017 -5.5331998131454141E-017
-3.3828607546363630E-004  7.0327958446386429E-006 -1.2455583257793611E-004  2.4504083035868327E-019 -1.5566012191945194E-003  3.2360949445248416E-005 -5.7313550545316924E-004 -3.2541972826546482E-019 -1.4685414019400560E-003  3.0530230530733670E-005 -5.4071216718903285E-004 -8.4052880830036133E-019 -2.3859552576004352E-019  2.7947011809672943E-019 -3.0245756688350249E-020 -1.0138718500643808E-019 -2.5692546179832071E-019  9.1361983325834986E-019 -9.0563746902298607E-004  1.8827743412624335E-005 -3.3345277015417067E-004  8.9957581227660017E-017  1.2014481541554746E-016
 5.9912877765415547E-003 -1.2455583257793611E-004  2.2059726703157262E-003 -4.3414535665921116E-018  2.7568518286565712E-002 -5.7313550545309800E-004  1.0150638755725709E-002  5.8843056164148361E-018  2.6008916088934429E-002 -5.4071216718892920E-004  9.5763982997732911E-003  1.4930073202295999E-017  4.4275815187150178E-018 -4.9574151546389425E-018  6.7381662146716232E-019  1.6727427276425026E-018  4.5474613382089850E-018 -1.6259846997759269E-017  1.6039485783442196E-002 -3.3345277015412518E-004  5.9056864907623312E-003 -1.4795094551704022E-015 -1.9756368164509910E-015
-1.1847140340015909E-017  2.4504083035868327E-019 -4.3414535665921116E-018  7.9045853566837307E-011 -5.4509249496512384E-017  1.1152587138822423E-018 -2.0093866674996228E-017 -5.9515239102599684E-009 -5.1436506092517797E-017  1.0975566350570365E-018 -1.8940325477023671E-017 -2.1517964926949960E-009 -9.9389544132158258E-009  3.8399851639217348E-010 -6.8008877229479297E-009  6.0503122454990446E-009  1.4138700463048833E-010  3.8886421676031820E-009 -3.1717618523544354E-017  6.4436366447309599E-019 -1.1669346995707736E-017 -5.5977244927676381E-006 -7.4936108442966755E-006
 7.4874421088826845E-002 -1.5566012191945194E-003  2.7568518286565712E-002 -5.4509249496512384E-017  3.4452974451761048E-001 -7.1625985559025064E-003  1.2685473121364441E-001  9.2598668872049709E-017  3.2503905803552796E-001 -6.7573970745444844E-003  1.1967832385201363E-001  1.9347601910639907E-016  8.7164404483482639E-017 -6.3183741194127746E-017  3.0202356922264900E-017  1.5270071093295064E-018  5.6377782503949108E-017 -2.1565716802437776E-016  2.0044892807518325E-001 -4.1672314962924216E-003  7.3804643278741686E-002 -5.6165324157467925E-016 -6.8981948516077333E-016
-1.5566012191944572E-003  3.2360949445248416E-005 -5.7313550545309800E-004  1.1152587138822423E-018 -7.1625985559025064E-003  1.4890678929579141E-004 -2.6372454891302045E-003 -5.7276478050452245E-019 -6.7573970745454246E-003  1.4048285611902565E-004 -2.4880516217706409E-003 -3.5333336982670222E-018  4.4624100354608769E-019  1.2263051741648969E-018  9.1741665349801235E-019 -1.4065070985867742E-018 -1.2041916651483154E-018  3.5998197421372160E-018 -4.1672314962928432E-003  8.6634628134204140E-005 -1.5343610813846407E-003  1.2836001856800695E-015  1.7170509539675682E-015
 2.7568518286568037E-002 -5.7313550545316924E-004  1.0150638755725709E-002 -2.0093866674996228E-017  1.2685473121364441E-001 -2.6372454891302045E-003  4.6707499388237664E-002  3.5881835535239911E-017  1.1967832385202223E-001 -2.4880516217704735E-003  4.4065169541756849E-002  7.1883448591418748E-017  3.5078425484090043E-017 -2.3379366877132378E-017  1.3162789564568460E-017 -1.2547350228457433E-018  2.0715656083570483E-017 -8.0572068973533493E-017  7.3804643278748250E-002 -1.5343610813846221E-003  2.7174629576765402E-002  1.4742581894654625E-015  1.9964229307106998E-015
 2.0198988083822013E-017 -3.2541972826546482E-019  5.8843056164148361E-018 -5.9515239102599684E-009  9.2598668872049709E-017 -5.7276478050452245E-019  3.5881835535239911E-017  4.4810240203739653E-007  8.8184330588498180E-017 -3.9578814493716244E-018  3.2587486377091408E-017  1.6201315690087761E-007  7.4832419619862594E-007 -2.8912033315953409E-008  5.1205273986818105E-007 -4.5554037775275776E-007 -1.0645316619256744E-008 -2.9278381843731510E-007  5.4167671620238055E-017  5.4855908301605344E-021  1.9268466013114058E-017  4.2146412061430801E-004  5.6420927982395457E-004
 7.0638636254013676E-002 -1.4685414019400560E-003  2.6008916088934429E-002 -5.1436506092517797E-017  3.2503905803552796E-001 -6.7573970745454246E-003  1.1967832385202223E-001  8.8184330588498180E-017  3.0665099582780159E-001 -6.3751185923214323E-003  1.1290789916149319E-001  1.8282869300399590E-016  8.3609653954098634E-017 -5.9662494175846653E-017  2.9435509761552079E-017  6.0280161083488893E-019  5.3168808177836944E-017 -2.0399552373241797E-016  1.8910916053710583E-001 -3.9314834835737595E-003  6.9629377758250857E-002  2.4526809364310445E-016  3.8688621919515249E-016
-1.4685414019397929E-003  3.0530230530733670E-005 -5.4071216718892920E-004  1.0975566350570365E-018 -6.7573970745444844E-003  1.4048285611902565E-004 -2.4880516217704735E-003 -3.9578814493716244E-018 -6.3751185923214323E-003  1.3253548046191508E-004 -2.3472979281260499E-003 -4.5690636866733883E-018 -5.2862084879687874E-018  1.3774327013120554E-018 -3.0397290221198241E-018  2.1473074688922435E-018 -1.0548802331365438E-018  5.6291302219721170E-018 -3.9314834835736095E-003  8.1733546580784917E-005 -1.4475594299640394E-003 -2.0033737107839914E-015 -2.6831110583320516E-015
 2.6008916088934752E-002 -5.4071216718903285E-004  9.5763982997732911E-003 -1.8940325477023671E-017  1.1967832385201363E-001 -2.4880516217706409E-003  4.4065169541756849E-002  3.2587486377091408E-017  1.1290789916149319E-001 -2.3472979281260499E-003  4.1572321194158456E-002  6.7359702844115490E-017  3.0982366336610856E-017 -2.1975169293813578E-017  1.0973245065687277E-017  1.0168319725066912E-019  1.9573771767859573E-017 -7.5187785591847454E-017  6.9629377758252051E-002 -1.4475594299641192E-003  2.5637310393802890E-002  2.0157689796085578E-016  2.9140612361633387E-016
 4.2074051204571999E-017 -8.4052880830036133E-019  1.4930073202295999E-017 -2.1517964926949960E-009  1.9347601910639907E-016 -3.5333336982670222E-018  7.1883448591418748E-017  1.6201315690087761E-007  1.8282869300399590E-016 -4.5690636866733883E-018  6.7359702844115490E-017  5.8576483610989045E-008  2.7055950796115822E-007 -1.0453257489010390E-008  1.8513464892978745E-007 -1.6470238579391345E-007 -3.8488554041520824E-009 -1.0585712216415234E-007  1.1267126731079897E-016 -1.9332426696680143E-018  4.1240821854063686E-017  1.5238198320453934E-004  2.0399204771372979E-004
 1.9068322649958281E-017 -2.3859552576004352E-019  4.4275815187150178E-018 -9.9389544132158258E-009  8.7164404483482639E-017  4.4624100354608769E-019  3.5078425484090043E-017  7.4832419619862594E-007  8.3609653954098634E-017 -5.2862084879687874E-018  3.0982366336610856E-017  2.7055950796115822E-007  1.2496900263649682E-006 -4.8282655913598800E-008  8.5512028775329391E-007 -7.6074550251886768E-007 -1.7777516849196359E-008 -4.8894452383181698E-007  5.1202537184255130E-017  8.2528669798931166E-019  1.7723874139879804E-017  7.0383867136454602E-004  9.4222091622894429E-004
-1.3736160534349186E-017  2.7947011809672943E-019 -4.9574151546389425E-018  3.8399851639217348E-010 -6.3183741194127746E-017  1.2263051741648969E-018 -2.3379366877132378E-017 -2.8912033315953409E-008 -5.9662494175846653E-017  1.3774327013120554E-018 -2.1975169293813578E-017 -1.0453257489010390E-008 -4.8282655913598800E-008  1.8654344780616444E-009 -3.3038175665388559E-008  2.9391939249748938E-008  6.8684690676828336E-010  1.8890716663298004E-008 -3.6779507566194242E-017  6.9161503094273528E-019 -1.3498485631154547E-017 -2.7193303676294386E-005 -3.6403369902219129E-005
 6.6495215673837700E-018 -3.0245756688350249E-020  6.7381662146716232E-019 -6.8008877229479297E-009  3.0202356922264900E-017  9.1741665349801235E-019  1.3162789564568460E-017  5.1205273986818105E-007  2.9435509761552079E-017 -3.0397290221198241E-018  1.0973245065687277E-017  1.8513464892978745E-007  8.5512028775329391E-007 -3.3038175665388559E-008  5.8512966503721011E-007 -5.2055221638695644E-007 -1.2164548810429689E-008 -3.3456807135656360E-007  1.7907087582545131E-017  9.2082009046773843E-019  5.8209775417305627E-018  4.8161281157042157E-004  6.4472965616640130E-004
 2.5548943275632738E-019 -1.0138718500643808E-019  1.6727427276425026E-018  6.0503122454990446E-009  1.5270071093295064E-018 -1.4065070985867742E-018 -1.2547350228457433E-018 -4.5554037775275776E-007  6.0280161083488893E-019  2.1473074688922435E-018  1.0168319725066912E-019 -1.6470238579391345E-007 -7.6074550251886768E-007  2.9391939249748938E-008 -5.2055221638695644E-007  4.6310181516457668E-007  1.0822016422998825E-008  2.9764368734559589E-007  5.9019329213579343E-019 -1.1626571179887515E-018  9.0442078393550929E-019 -4.2845993201762135E-004 -5.7357449389696866E-004
 1.2250434299065285E-017 -2.5692546179832071E-019  4.5474613382089850E-018  1.4138700463048833E-010  5.6377782503949108E-017 -1.2041916651483154E-018  2.0715656083570483E-017 -1.0645316619256744E-008  5.3168808177836944E-017 -1.0548802331365438E-018  1.9573771767859573E-017 -3.8488554041520824E-009 -1.7777516849196359E-008  6.8684690676828336E-010 -1.2164548810429689E-008  1.0822016422998825E-008  2.5289479683433262E-010  6.9555004259943418E-009  3.2793873920411179E-017 -7.0865087684789958E-019  1.2090654547334206E-017 -1.0012485956773536E-005 -1.3403602381822482E-005
-4.6916458761823191E-017  9.1361983325834986E-019 -1.6259846997759269E-017  3.8886421676031820E-009 -2.1565716802437776E-016  3.5998197421372160E-018 -8.0572068973533493E-017 -2.9278381843731510E-007 -2.0399552373241797E-016  5.6291302219721170E-018 -7.5187785591847454E-017 -1.0585712216415234E-007 -4.8894452383181698E-007  1.8890716663298004E-008 -3.3456807135656360E-007  2.9764368734559589E-007  6.9555004259943418E-009  1.9130083648063261E-007 -1.2566196871761723E-016  1.8730743978966790E-018 -4.5826708155657648E-017 -2.7537873933888000E-004 -3.6864642232120625E-004
 4.3562269111246742E-002 -9.0563746902298607E-004  1.6039485783442196E-002 -3.1717618523544354E-017  2.0044892807518325E-001 -4.1672314962928432E-003  7.3804643278748250E-002  5.4167671620238055E-017  1.8910916053710583E-001 -3.9314834835736095E-003  6.9629377758252051E-002  1.1267126731079897E-016  5.1202537184255130E-017 -3.6779507566194242E-017  1.7907087582545131E-017  5.9019329213579343E-019  3.2793873920411179E-017 -1.2566196871761723E-016  1.1662207227636397E-001 -2.4245137024163700E-003  4.2939867653252382E-002 -5.0854667087057053E-017 -3.1972140917831943E-017
-9.0563746902285836E-004  1.8827743412624335E-005 -3.3345277015412518E-004  6.4436366447309599E-019 -4.1672314962924216E-003  8.6634628134204140E-005 -1.5343610813846221E-003  5.4855908301605344E-021 -3.9314834835737595E-003  8.1733546580784917E-005 -1.4475594299641192E-003 -1.9332426696680143E-018  8.2528669798931166E-019  6.9161503094273528E-019  9.2082009046773843E-019 -1.1626571179887515E-018 -7.0865087684789958E-019  1.8730743978966790E-018 -2.4245137024163700E-003  5.0404409546717469E-005 -8.9269805855058282E-004  1.0653909329776063E-015  1.4254762296250169E-015
 1.6039485783442119E-002 -3.3345277015417067E-004  5.9056864907623312E-003 -1.1669346995707736E-017  7.3804643278741686E-002 -1.5343610813846407E-003  2.7174629576765402E-002  1.9268466013114058E-017  6.9629377758250857E-002 -1.4475594299640394E-003  2.5637310393802890E-002  4.1240821854063686E-017  1.7723874139879804E-017 -1.3498485631154547E-017  5.8209775417305627E-018  9.0442078393550929E-019  1.2090654547334206E-017 -4.5826708155657648E-017  4.2939867653252382E-002 -8.9269805855058282E-004  1.5810319591212780E-002 -6.5443919363011611E-016 -8.6279612063957524E-016
-5.1407741083522455E-017  8.9957581227660017E-017 -1.4795094551704022E-015 -5.5977244927676381E-006 -5.6165324157467925E-016  1.2836001856800695E-015  1.4742581894654625E-015  4.2146412061430801E-004  2.4526809364310445E-016 -2.0033737107839914E-015  2.0157689796085578E-016  1.5238198320453934E-004  7.0383867136454602E-004 -2.7193303676294386E-005  4.8161281157042157E-004 -4.2845993201762135E-004 -1.0012485956773536E-005 -2.7537873933888000E-004 -5.0854667087057053E-017  1.0653909329776063E-015 -6.5443919363011611E-016  3.9640940141706194E-001  5.3066880892013146E-001
-5.5331998131454141E-017  1.2014481541554746E-016 -1.9756368164509910E-015 -7.4936108442966755E-006 -6.8981948516077333E-016  1.7170509539675682E-015  1.9964229307106998E-015  5.6420927982395457E-004  3.8688621919515249E-016 -2.6831110583320516E-015  2.9140612361633387E-016  2.0399204771372979E-004  9.4222091622894429E-004 -3.6403369902219129E-005  6.4472965616640130E-004 -5.7357449389696866E-004 -1.3403602381822482E-005 -3.6864642232120625E-004 -3.1972140917831943E-017  1.4254762296250169E-015 -8.6279612063957524E-016  5.3066880892013146E-001  7.1040036829103859E-001
