 2.4292243684864198E-002  3.6667766424883408E-009 -2.7438917106028936E-009 -1.5643523004596376E-008  5.6808148007801387E-002  3.2725304466505875E-009 -2.4488725848289319E-009  1.4835961525853746E-008  5.0268542721309935E-002  3.6955722751932354E-009 -2.7654397850145825E-009  1.3753547162119267E-008 -9.5175007119044688E-011 -6.4715905004845373E-010  4.8427644632279031E-010  5.7864677381476712E-011 -4.0362104626129553E-011  3.7310316760316934E-011  3.0865462747931706E-002  2.1772432924505836E-009 -1.6292564969432528E-009 -4.2897195082480766E-009 -2.4881882823269166E-009
 3.6667766424883408E-009  2.4292282145684727E-002 -2.9039942259905438E-008 -1.6556302070189055E-007  3.2725302623363195E-009  5.6808182333372752E-002 -2.5917611380698782E-008  1.5701621206787212E-007  3.6955721424865425E-009  5.0268581484167241E-002 -2.9267995900432001E-008  1.4556049809699458E-007  1.2245560262881605E-010 -7.6919317593486274E-012 -4.0362111743769659E-011 -5.1732932509936725E-010  6.0918296375729390E-011  3.9487351885290069E-010  2.1772431989922450E-009  3.0865485585036427E-002 -1.7243214996575165E-008 -4.5400195536375185E-008 -2.6333712144868853E-008
-2.7438917106028936E-009 -2.9039942259905438E-008  2.4292265069331596E-002  1.2389274085631478E-007 -2.4488726507484480E-009 -2.5917611110081371E-008  5.6808167093043482E-002 -1.1749706123018364E-007 -2.7654397876165800E-009 -2.9267995355730650E-008  5.0268564273711756E-002 -1.0892461497819793E-007 -9.1634845525918768E-011 -4.0362107934789538E-011 -3.1426056452924444E-011 -4.5827362585881875E-010 -3.3259776130447372E-010  5.4990856681647760E-010 -1.6292565259998353E-009 -1.7243214767592165E-008  3.0865475445511169E-002  3.3973495550865228E-008  1.9705824283446164E-008
-1.5643523004596376E-008 -1.6556302070189055E-007  1.2389274085631478E-007  1.3528387071882821E-005 -3.6481995199656674E-008 -3.8610671794716390E-007  2.8892816376682675E-007 -2.4965283762232128E-003 -3.2310996075955717E-008 -3.4196300355064020E-007  2.5589490695454224E-007 -3.3059148211887256E-003  5.2238819448527338E-012 -1.1087674991703989E-012  8.2970392807717290E-013 -4.8478764382220904E-012  8.7811590015326747E-012 -3.7607393165380442E-013 -1.9846818572211222E-008 -2.1004854425531441E-007  1.5718177737010755E-007  8.4992248509580448E-004  3.4412003287972537E-004
 5.6808148007801387E-002  3.2725302623363195E-009 -2.4488726507484480E-009 -3.6481995199656674E-008  1.3284757562707503E-001 -4.7467395448858557E-009  3.5520405386155635E-009  1.5923014473244174E-008  1.1755451048879390E-001 -2.3300331545740890E-009  1.7435908438280606E-009  7.3008054040847282E-009 -2.2256964066225710E-010 -1.5134010632764061E-009  1.1324951551396246E-009  1.3531830312420534E-010 -9.4388006259122620E-011  8.7251307189894891E-011  7.2179819981235835E-002 -1.6455328616514869E-009  1.2313713933345295E-009 -2.0308943430445182E-009 -1.2874133685285116E-009
 3.2725304466505875E-009  5.6808182333372752E-002 -2.5917611110081371E-008 -3.8610671794716390E-007 -4.7467395448858557E-009  1.3284752583852436E-001  3.7592976169432063E-008  1.6852100782207409E-007 -2.3300330825832149E-009  1.1755448604907685E-001  1.8453272866235562E-008  7.7267972916179772E-008  2.8636613620672723E-010 -1.7987814835061833E-011 -9.4388022903829086E-011 -1.2097903108662030E-009  1.4245927675329530E-010  9.2342369848853768E-010 -1.6455328460390726E-009  7.2179802721242095E-002  1.3032204035347295E-008 -2.1493938408668662E-008 -1.3625317481045442E-008
-2.4488725848289319E-009 -2.5917611380698782E-008  5.6808167093043482E-002  2.8892816376682675E-007  3.5520405386155635E-009  3.7592976169432063E-008  1.3284754794431677E-001 -1.2610624078415007E-007  1.7435909704629090E-009  1.8453273567063026E-008  1.1755449690015211E-001 -5.7820528924966590E-008 -2.1429086209060676E-010 -9.4388013996499385E-011 -7.3490785527114477E-011 -1.0716867737629239E-009 -7.7778994572275053E-010  1.2859778590272064E-009  1.2313714102481119E-009  1.3032204215758071E-008  7.2179810384567097E-002  1.6084166053218941E-008  1.0195984703364259E-008
 1.4835961525853746E-008  1.5701621206787212E-007 -1.1749706123018364E-007 -2.4965283762232128E-003  1.5923014473244174E-008  1.6852100782207409E-007 -1.2610624078415007E-007  4.6560462998352292E-001  1.9383696778927633E-008  2.0514712301982626E-007 -1.5351397611443841E-007  6.1670656482666064E-001 -9.7656877306396174E-010  2.0727645230053584E-010 -1.5510744287364157E-010  9.0627727390531058E-010 -1.6415773500104041E-009  7.0304481351590199E-011  1.3403412511764949E-008  1.4185485068941233E-007 -1.0615163658212931E-007 -2.0502746633907468E-001 -1.2033369801170801E-001
 5.0268542721309935E-002  3.6955721424865425E-009 -2.7654397876165800E-009 -3.2310996075955717E-008  1.1755451048879390E-001 -2.3300330825832149E-009  1.7435909704629090E-009  1.9383696778927633E-008  1.0402194297510065E-001 -4.0683160228749527E-010  3.0443675871250297E-010  1.3470188971369001E-008 -1.9694801106013350E-010 -1.3391822915554654E-009  1.0021252752075993E-009  1.1974081884332391E-010 -8.3522314489314043E-011  7.7207165362388895E-011  6.3870668057070298E-002 -4.3993011356603960E-010  3.2920483253290259E-010 -3.5672216684091185E-009 -1.8301666304360538E-009
 3.6955722751932354E-009  5.0268581484167241E-002 -2.9267995355730650E-008 -3.4196300355064020E-007 -2.3300331545740890E-009  1.1755448604907685E-001  1.8453273567063026E-008  2.0514712301982626E-007 -4.0683160228749527E-010  1.0402193870784424E-001  3.2220041824886554E-009  1.4256160148853651E-007  2.5340036205711658E-010 -1.5917093233078621E-011 -8.3522329217952546E-011 -1.0705223657110956E-009  1.2605964708862443E-010  8.1712158230003098E-010 -4.3993014132147325E-010  6.3870663442643499E-002  3.4841359026521539E-009 -3.7753655712689307E-008 -1.9369552320341644E-008
-2.7654397850145825E-009 -2.9267995900432001E-008  5.0268564273711756E-002  2.5589490695454224E-007  1.7435908438280606E-009  1.8453272866235562E-008  1.1755449690015211E-001 -1.5351397611443841E-007  3.0443675871250297E-010  3.2220041824886554E-009  1.0402194060247827E-001 -1.0668049474186624E-007 -1.8962221845981824E-010 -8.3522321335988824E-011 -6.5030712187020940E-011 -9.4831703377294706E-010 -6.8825273453650243E-010  1.1379394497141956E-009  3.2920477875644614E-010  3.4841356840778165E-009  6.3870665491419065E-002  2.8251495964794232E-008  1.4494458873500693E-008
 1.3753547162119267E-008  1.4556049809699458E-007 -1.0892461497819793E-007 -3.3059148211887256E-003  7.3008054040847282E-009  7.7267972916179772E-008 -5.7820528924966590E-008  6.1670656482666064E-001  1.3470188971369001E-008  1.4256160148853651E-007 -1.0668049474186624E-007  8.1684996146828170E-001 -1.2935569215667187E-009  2.7455709926145829E-010 -2.0545435404990915E-010  1.2004492434365736E-009 -2.1744231491669201E-009  9.3124880131022976E-011  1.0262913970735498E-008  1.0861743104387525E-007 -8.1279685197644781E-008 -2.7298151461206399E-001 -1.6109579410542568E-001
-9.5175007119044688E-011  1.2245560262881605E-010 -9.1634845525918768E-011  5.2238819448527338E-012 -2.2256964066225710E-010  2.8636613620672723E-010 -2.1429086209060676E-010 -9.7656877306396174E-010 -1.9694801106013350E-010  2.5340036205711658E-010 -1.8962221845981824E-010 -1.2935569215667187E-009  3.3849950734514585E-018  2.2140624962965864E-018 -1.6568081214933284E-018 -3.0074981247422042E-018  5.1643942011796860E-018 -3.7752560615138732E-019 -1.2092834537066972E-010  1.5559069249187296E-010 -1.1643018992746096E-010  4.4958804668717607E-010  2.7600241983359334E-010
-6.4715905004845373E-010 -7.6919317593486274E-012 -4.0362107934789538E-011 -1.1087674991703989E-012 -1.5134010632764061E-009 -1.7987814835061833E-011 -9.4388013996499385E-011  2.0727645230053584E-010 -1.3391822915554654E-009 -1.5917093233078621E-011 -8.3522321335988824E-011  2.7455709926145829E-010  2.2140624962965864E-018  1.7402494098885329E-017 -1.2905481818953246E-017 -2.1268116274979664E-019  8.7749312396237023E-019 -2.0013752828529357E-018 -8.2227331180191572E-010 -9.7732693944062663E-012 -5.1283671397017616E-011 -9.5424942238407271E-011 -5.8581441624306765E-011
 4.8427644632279031E-010 -4.0362111743769659E-011 -3.1426056452924444E-011  8.2970392807717290E-013  1.1324951551396246E-009 -9.4388022903829086E-011 -7.3490785527114477E-011 -1.5510744287364157E-010  1.0021252752075993E-009 -8.3522329217952546E-011 -6.5030712187020940E-011 -2.0545435404990915E-010 -1.6568081214933284E-018 -1.2905481818953246E-017  9.8136724423665826E-018  2.3039264468727998E-018  7.1512216160934069E-020 -6.4712270873468419E-019  6.1531643158770786E-010 -5.1283676236633941E-011 -3.9929599525843400E-011  7.1407664669622104E-011  4.3837242093560950E-011
 5.7864677381476712E-011 -5.1732932509936725E-010 -4.5827362585881875E-010 -4.8478764382220904E-012  1.3531830312420534E-010 -1.2097903108662030E-009 -1.0716867737629239E-009  9.0627727390531058E-010  1.1974081884332391E-010 -1.0705223657110956E-009 -9.4831703377294706E-010  1.2004492434365736E-009 -3.0074981247422042E-018 -2.1268116274979664E-019  2.3039264468727998E-018  2.1565038673644820E-017  1.6843780275201003E-018 -1.8557512688572461E-017  7.3522242051413434E-011 -6.5731299345160876E-010 -5.8227758229849551E-010 -4.1722893427310261E-010 -2.5613793925384000E-010
-4.0362104626129553E-011  6.0918296375729390E-011 -3.3259776130447372E-010  8.7811590015326747E-012 -9.4388006259122620E-011  1.4245927675329530E-010 -7.7778994572275053E-010 -1.6415773500104041E-009 -8.3522314489314043E-011  1.2605964708862443E-010 -6.8825273453650243E-010 -2.1744231491669201E-009  5.1643942011796860E-018  8.7749312396237023E-019  7.1512216160934069E-020  1.6843780275201003E-018  1.0563769711499995E-017 -6.8488199514680695E-018 -5.1283667193084001E-011  7.7402002534136013E-011 -4.2259503453659081E-010  7.5574261606585084E-010  4.6395158572364202E-010
 3.7310316760316934E-011  3.9487351885290069E-010  5.4990856681647760E-010 -3.7607393165380442E-013  8.7251307189894891E-011  9.2342369848853768E-010  1.2859778590272064E-009  7.0304481351590199E-011  7.7207165362388895E-011  8.1712158230003098E-010  1.1379394497141956E-009  9.3124880131022976E-011 -3.7752560615138732E-019 -2.0013752828529357E-018 -6.4712270873468419E-019 -1.8557512688572461E-017 -6.8488199514680695E-018  1.8935039092209721E-017  4.7406086830380971E-011  5.0172204224407389E-010  6.9870789348144704E-010 -3.2366902492981372E-011 -1.9870338829894278E-011
 3.0865462747931706E-002  2.1772431989922450E-009 -1.6292565259998353E-009 -1.9846818572211222E-008  7.2179819981235835E-002 -1.6455328460390726E-009  1.2313714102481119E-009  1.3403412511764949E-008  6.3870668057070298E-002 -4.3993014132147325E-010  3.2920477875644614E-010  1.0262913970735498E-008 -1.2092834537066972E-010 -8.2227331180191572E-010  6.1531643158770786E-010  7.3522242051413434E-011 -5.1283667193084001E-011  4.7406086830380971E-011  3.9217323973971027E-002 -3.8686459839418617E-010  2.8949527130118794E-010 -3.8242269223993127E-009 -2.6860675695527196E-009
 2.1772432924505836E-009  3.0865485585036427E-002 -1.7243214767592165E-008 -2.1004854425531441E-007 -1.6455328616514869E-009  7.2179802721242095E-002  1.3032204215758071E-008  1.4185485068941233E-007 -4.3993011356603960E-010  6.3870663442643499E-002  3.4841356840778165E-009  1.0861743104387525E-007  1.5559069249187296E-010 -9.7732693944062663E-012 -5.1283676236633941E-011 -6.5731299345160876E-010  7.7402002534136013E-011  5.0172204224407389E-010 -3.8686459839418617E-010  3.9217319916148533E-002  3.0638700343761556E-009 -4.0473664562300434E-008 -2.8427968750296968E-008
-1.6292564969432528E-009 -1.7243214996575165E-008  3.0865475445511169E-002  1.5718177737010755E-007  1.2313713933345295E-009  1.3032204035347295E-008  7.2179810384567097E-002 -1.0615163658212931E-007  3.2920483253290259E-010  3.4841359026521539E-009  6.3870665491419065E-002 -8.1279685197644781E-008 -1.1643018992746096E-010 -5.1283671397017616E-011 -3.9929599525843400E-011 -5.8227758229849551E-010 -4.2259503453659081E-010  6.9870789348144704E-010  2.8949527130118794E-010  3.0638700343761556E-009  3.9217321717795448E-002  3.0286912958653331E-008  2.1272978876604529E-008
-4.2897195082480766E-009 -4.5400195536375185E-008  3.3973495550865228E-008  8.4992248509580448E-004 -2.0308943430445182E-009 -2.1493938408668662E-008  1.6084166053218941E-008 -2.0502746633907468E-001 -3.5672216684091185E-009 -3.7753655712689307E-008  2.8251495964794232E-008 -2.7298151461206399E-001  4.4958804668717607E-010 -9.5424942238407271E-011  7.1407664669622104E-011 -4.1722893427310261E-010  7.5574261606585084E-010 -3.2366902492981372E-011 -3.8242269223993127E-009 -4.0473664562300434E-008  3.0286912958653331E-008  5.2764718195609106E-001  5.8098052185961169E-001
-2.4881882823269166E-009 -2.6333712144868853E-008  1.9705824283446164E-008  3.4412003287972537E-004 -1.2874133685285116E-009 -1.3625317481045442E-008  1.0195984703364259E-008 -1.2033369801170801E-001 -1.8301666304360538E-009 -1.9369552320341644E-008  1.4494458873500693E-008 -1.6109579410542568E-001  2.7600241983359334E-010 -5.8581441624306765E-011  4.3837242093560950E-011 -2.5613793925384000E-010  4.6395158572364202E-010 -1.9870338829894278E-011 -2.6860675695527196E-009 -2.8427968750296968E-008  2.1272978876604529E-008  5.8098052185961169E-001  6.6849909603668389E-001
