 8.5058527367741378E-008 -4.2070444976985619E-013  6.7532430923615337E-013  1.5555373105826503E-017 -2.5450237255539091E-007  1.3327476495306427E-012 -2.1373439178589717E-012  1.5359685037202294E-015  2.2044963525453979E-006 -1.2653338718162847E-011  2.0373233581881186E-011  2.0821386376072588E-015 -2.1116644249976962E-019  1.7254994380958506E-020 -3.5359498837184159E-019 -1.6697878154768812E-019  6.2445555446081537E-020  2.8458810811911598E-019  7.3605247742678380E-005 -4.0949204997684616E-010  6.5867980776405618E-010 -2.5812607872300596E-015  1.6871292497415991E-004 -9.1264659270996265E-010  1.4688108351626776E-009 -1.9168226190166326E-015  6.4974984656062048E-019  7.2514951856143505E-020  1.8192265191775517E-019  5.4760228430386408E-019  2.8834321840809233E-019  1.8361537049729790E-019  5.1217190083222878E-005 -4.0237410440868819E-010  6.4822688451486273E-010 -7.1542953852349166E-016 -3.7467776615385782E-004  5.3310500534931942E-010 -8.5294736542690852E-010 -1.0466971423078652E-015  3.0489270061247478E-015 -3.7830599052341615E-005  5.0507600237682180E-011 -8.0769708613173875E-011  1.5335905467698744E-015
-4.2070444976985619E-013  8.5058433389111903E-008  1.5806541041878256E-013  2.9818743951639005E-017  1.3327496507505638E-012 -2.5450208319164861E-007 -5.0546681517213916E-013  1.7438969000847224E-015 -1.2653356301850054E-011  2.2044932695301921E-006  4.6087708769691782E-012  2.5644951143644375E-015 -1.5436582915788984E-020  2.9462143036369071E-019  7.9210541005862957E-020  1.3675760679793708E-019 -3.1390534405232296E-019  5.1093540167434166E-019 -4.0949258247488305E-010  7.3605150649436215E-005  1.5066950533877110E-010 -3.1571996390934294E-016 -9.1264784911114189E-010  1.6871270529253938E-004  3.3393913128070703E-010  2.0740489814790032E-016  1.5292280965318672E-018  8.5291513362248650E-020 -4.4678616097515710E-019  1.2841650766907311E-018  2.5812507266002159E-019  1.2809948779357370E-018 -4.0237418518062027E-010  5.1217090540305133E-005  1.4570668379188922E-010 -1.4158154341372325E-015  5.3311135171001833E-010 -3.7467765873986660E-004 -2.0690781604428202E-010 -1.0584014467142379E-015  3.8774777000443352E-015  5.0508248874872750E-011 -3.7830589044030338E-005 -1.9698278366238134E-011  2.0166356513622298E-015
 6.7532430923615337E-013  1.5806541041878256E-013  8.5058440509650183E-008 -1.2036763402166322E-017 -2.1373447938233880E-012 -5.0546693019518055E-013 -2.5450210059992724E-007 -6.7521653309524948E-016  2.0373242440734083E-011  4.6087480743559892E-012  2.2044936416479098E-006 -9.7652157939096591E-016  3.8516626261033373E-019 -5.2715452938965906E-020  1.0134098838587388E-020  2.9418725337724831E-019 -1.0588688707048107E-019 -9.6054506999447345E-020  6.5868019997588614E-010  1.5066840436751303E-010  7.3605161041132372E-005  3.0525462720267412E-016  1.4688116678604392E-009  3.3393674516232945E-010  1.6871273047797019E-004  2.0966623758887115E-016  1.0224084538205518E-019 -3.5139475556292264E-020 -2.3798242120264957E-019 -8.2281332687008714E-021  2.1857013360492237E-019  3.4862797206960901E-019  6.4822771554566355E-010  1.4570486932336968E-010  5.1217103300112687E-005  1.2855430480203279E-015 -8.5294235504999562E-010 -2.0691539775346103E-010 -3.7467766057255186E-004  1.4277743279995215E-015  2.3709171193501253E-015 -8.0769187676052852E-011 -1.9699072308882548E-011 -3.7830589113974585E-005  1.5020152833631938E-015
 1.5555373105826503E-017  2.9818743951639005E-017 -1.2036763402166322E-017  1.1986264300354869E-004 -2.1085478986828904E-017 -4.5921366737748226E-017  2.4731805440120295E-017  6.5487280308929490E-003  1.7486271281373924E-017  1.3292492773078513E-017 -7.7219889859786466E-017  9.6853840313748472E-003  2.7547554720940233E-010 -2.4880876139076978E-010  5.4697304520059837E-010 -3.0288391765460975E-010 -2.5338950383870636E-010  2.7409729305080703E-011 -2.7957971110433762E-016 -5.5336230869888759E-016 -2.7390457891077176E-015 -1.1824723197737114E-003 -5.1529571429560302E-016 -1.2490603551857505E-015 -6.2046609549801222E-015  1.2075323977355922E-003  1.7177406408996565E-010 -7.1469748981432823E-011  2.1301327419435116E-010 -1.9518437908405111E-010 -2.0416452286124679E-010  2.3411764322074876E-011 -9.0217079690476350E-016 -6.0459409191859342E-017 -2.2049457901210555E-015 -6.6552648187949686E-004 -7.5251561998662030E-015  6.7029433566051452E-015  1.0214026649666049E-014 -2.0076670783072503E-004  1.5996561589620885E-004 -7.7923771265520023E-016  6.8540552427589141E-016  1.0231234839402834E-015  7.7696118522879455E-005
-2.5450237255539091E-007  1.3327496507505638E-012 -2.1373447938233880E-012 -2.1085478986828904E-017  8.0447537477156963E-007 -4.0828484397430162E-012  6.5350954353762046E-012 -1.5390995153494058E-015 -8.0870918202544424E-006  3.4739494243342829E-011 -5.5771526361070458E-011 -2.1536344840457870E-015  4.8140040863404930E-019 -1.7599446738856450E-019  9.9519488456404341E-019  4.6765353829413907E-019 -4.0493687552382565E-020 -6.7412505959705228E-019 -2.8042595250212107E-004  1.0655257281841908E-009 -1.7066967483909436E-009  1.9164196859306671E-015 -6.3854021566907520E-004  2.3620010404567886E-009 -3.7862103209607145E-009  1.3188033097609541E-015 -2.3592753659694394E-018 -2.5866044926525775E-019 -5.8125480141596516E-019 -1.9138569922520725E-018 -9.3514265210131479E-019 -8.2349974770338191E-019 -2.2790164529424686E-004  1.0414862069363252E-009 -1.6711458682936451E-009  1.1599485611599658E-015  1.0156107429322269E-003 -1.3705616367806409E-009  2.1858548789935024E-009  1.1489520733679575E-015 -5.7147350876285882E-015  1.0165645121445166E-004 -1.2977348735785060E-010  2.0687985939548008E-010 -3.0060859596957319E-015
 1.3327476495306427E-012 -2.5450208319164861E-007 -5.0546693019518055E-013 -4.5921366737748226E-017 -4.0828484397430162E-012  8.0447454064556252E-007  1.5781395259815594E-012 -2.7544180464454482E-015  3.4739515459246991E-011 -8.0870840313772755E-006 -1.3035977193249526E-011 -4.0437527746786707E-015 -2.6441681664909852E-019 -9.0006154944810789E-019  2.7482274417737847E-020 -3.7912119985050044E-019  8.2865348947099775E-019 -1.7899236898009500E-018  1.0655264943806774E-009 -2.8042572986913095E-004 -4.0905406687659287E-010  8.0438643305803201E-016  2.3620028164696577E-009 -6.3853971013637823E-004 -8.9996445832170294E-010 -2.6044868435393826E-016 -4.7578749899542914E-018 -3.3652647791090623E-019  1.1606940917834528E-018 -4.3253612548457909E-018 -8.0506287812924421E-019 -4.1858116191712682E-018  1.0414865442052665E-009 -2.2790141542447409E-004 -3.9287971004831427E-010  1.5994395389912298E-016 -1.3705679772954981E-009  1.0156104957314506E-003  5.4834753544091369E-010 -1.8803047050492209E-016 -4.0636005589497996E-015 -1.2977413284966257E-010  1.0165642818486561E-004  5.2134597057855626E-011 -2.2817351656750251E-015
-2.1373439178589717E-012 -5.0546681517213916E-013 -2.5450210059992724E-007  2.4731805440120295E-017  6.5350954353762046E-012  1.5781395259815594E-012  8.0447456171958342E-007  1.1532974948954510E-015 -5.5771488217271019E-011 -1.3035964969796904E-011 -8.0870846367177416E-006  1.6979342718406028E-015 -1.5011271713774041E-018  2.5075833275688458E-019 -1.9951158911217337E-019 -5.4437327946551629E-019  1.7408969246625079E-019 -1.8373120390022937E-020 -1.7066953264259130E-009 -4.0905328700866988E-010 -2.8042573841557375E-004 -2.6847547199486614E-016 -3.7862070349065600E-009 -8.9996281582852198E-010 -6.3853973648163548E-004 -2.4955486725327310E-016 -1.2249153397898570E-020 -3.3124951404003046E-020  6.6383477276500382E-019  2.9355605960113026E-019 -2.3185302901297667E-019 -4.7952825864417728E-019 -1.6711452033389002E-009 -3.9287810260792915E-010 -2.2790143133068222E-004 -3.5488634343499005E-015  2.1858435844664484E-009  5.4835698791164936E-010  1.0156104825969018E-003 -3.5704087204213580E-015 -1.6230782948030840E-015  2.0687871040206339E-010  5.2135580387138177E-011  1.0165642670898830E-004 -1.3645515563709258E-015
 1.5359685037202294E-015  1.7438969000847224E-015 -6.7521653309524948E-016  6.5487280308929490E-003 -1.5390995153494058E-015 -2.7544180464454482E-015  1.1532974948954510E-015  4.4465549812854765E-001  1.0485598448805281E-015  2.1229380963138791E-015 -2.1090054795754508E-016  6.3434818246103408E-001  1.8431950528109247E-008 -1.7721563176398113E-008  3.8241146157781656E-008 -2.0184728353523786E-008 -1.6361752448853183E-008  1.7528533030742724E-009 -1.6358259891743485E-017 -3.9958338533249586E-016  6.7115815524236866E-015 -3.7983874191754530E-001 -4.9463269128858400E-016  1.3784634468655376E-015  1.4579007740078733E-014 -1.7984642767487488E-001  1.1022795246067619E-008 -1.1465622616293917E-008  2.4197054397019823E-008 -1.2005478827400208E-008 -9.3060949052513358E-009  9.8271551166570596E-010  1.7293607921218783E-015 -6.1162502932851070E-016  5.1589342865402103E-015  1.2424253374351603E-001  2.0516539013074308E-014 -1.2931399464659945E-014 -2.6094733724141610E-014  7.1509744285935858E-002 -3.1917059775072067E-002  2.1175435582841402E-015 -1.3283760782493909E-015 -2.6168772170163337E-015 -1.0521394860720784E-002
 2.2044963525453979E-006 -1.2653356301850054E-011  2.0373242440734083E-011  1.7486271281373924E-017 -8.0870918202544424E-006  3.4739515459246991E-011 -5.5771488217271019E-011  1.0485598448805281E-015  1.0885887515086701E-004 -1.7561840149832864E-010  2.8448204148349737E-010  1.5595196033191853E-015 -2.5190860461176093E-019  4.7585122470507206E-018 -6.9799638869333280E-018 -3.2218639283074909E-018 -3.4605895963425181E-018  1.2225313484639143E-018  3.9957242058775251E-003 -3.4409253333649845E-009  5.5541284846045286E-009 -3.4696957924388873E-016  9.0118845115874802E-003 -7.1876542279933770E-009  1.1652607874272636E-008 -4.7807997409286318E-017  3.1243407755199153E-017  3.3222382799834199E-018  6.0019815541896242E-018  2.3743942886889769E-017  9.9842020855827155E-018  1.4267534569245435E-017  3.9171891055692926E-003 -3.1537286908520558E-009  5.1243026267557001E-009 -5.9399633385152774E-016 -6.0524036908074048E-003  4.0545673184327422E-009 -6.5501273206910147E-009 -3.0206253024267330E-016  4.9263778035965902E-015 -5.8029342585663442E-004  3.8285041706757606E-010 -6.1827919739802957E-010  2.6937888919132292E-015
-1.2653338718162847E-011  2.2044932695301921E-006  4.6087480743559892E-012  1.3292492773078513E-017  3.4739494243342829E-011 -8.0870840313772755E-006 -1.3035964969796904E-011  2.1229380963138791E-015 -1.7561840149832864E-010  1.0885882523652665E-004  5.9929424271707425E-011  3.0066106940990676E-015  1.0376453194294722E-017  8.2769834429427580E-018 -7.1185018056558315E-018  2.4993597579150867E-018 -4.3013264033512500E-018  2.2301890134954033E-017 -3.4409266341847846E-009  3.9957233099812547E-003  1.2207138090244375E-009 -1.6991715537860437E-015 -7.1876571205700937E-009  9.0118824296610486E-003  2.4306518579327918E-009 -7.6485367488900384E-016  4.5958484714679445E-017  5.0315899657476901E-018 -5.4687908631993952E-018  5.0037060284510951E-017  7.8238283796740176E-018  4.5444504740887100E-017 -3.1537297593949316E-009  3.9171881444338974E-003  1.0395023838152575E-009  7.2332599050115061E-016  4.0545716003281224E-009 -6.0524026123458235E-003 -1.4255009908847964E-009  5.9304042538236866E-016  1.6389295680173692E-015  3.8285084446276203E-010 -5.8029332490792767E-004 -1.3510330992143709E-010  9.7651067113543515E-016
 2.0373233581881186E-011  4.6087708769691782E-012  2.2044936416479098E-006 -7.7219889859786466E-017 -5.5771526361070458E-011 -1.3035977193249526E-011 -8.0870846367177416E-006 -2.1090054795754508E-016  2.8448204148349737E-010  5.9929424271707425E-011  1.0885883478894795E-004 -6.5384591142908771E-016  2.2077464368650114E-017 -4.5928867553808645E-018  6.1306730068269611E-018 -4.0257291012756638E-018  2.2075057949241655E-018  8.1177420685702634E-018  5.5541259853016806E-009  1.2207130784674594E-009  3.9957234465749260E-003  1.2658888650570046E-015  1.1652602249865446E-008  2.4306503202515252E-009  9.0118828446750319E-003  1.2338864720412964E-015 -7.5376307368283886E-018  3.8861034277396164E-018 -4.4957233680831580E-018 -9.5422867257212237E-018 -8.9785174913716909E-018 -1.0515476747827832E-017  5.1243006617476827E-009  1.0395016109968508E-009  3.9171883558833560E-003  2.4408820982034820E-015 -6.5501176192499753E-009 -1.4255011909530417E-009 -6.0524027873427354E-003  2.5391910750275233E-015 -3.0459576750475990E-015 -6.1827822474670811E-010 -1.3510333835202675E-010 -5.8029334088704771E-004 -1.3468714779298285E-015
 2.0821386376072588E-015  2.5644951143644375E-015 -9.7652157939096591E-016  9.6853840313748472E-003 -2.1536344840457870E-015 -4.0437527746786707E-015  1.6979342718406028E-015  6.3434818246103408E-001  1.5595196033191853E-015  3.0066106940990676E-015 -6.5384591142908771E-016  9.0999451773066820E-001  2.6353913464426975E-008 -2.5102492428734336E-008  5.4316280517379878E-008 -2.8877828912728886E-008 -2.3523991061432080E-008  2.5240267432316954E-009 -8.4147245921827296E-016 -1.2738347587900950E-015 -6.3172770750759173E-015 -4.7682637854299509E-001 -1.4981870751411609E-015  4.4073739255815780E-016 -1.4778381834689129E-014 -1.9994575223202227E-001  1.5864283831889735E-008 -1.4918494357978438E-008  3.2402271282803428E-008 -1.7398151479006224E-008 -1.4266936983238465E-008  1.5339273179483269E-009 -2.1559718024110909E-015  9.1706766417875454E-016 -5.3753344855292244E-015  1.3835567243096739E-001 -1.7960422411409358E-014  1.3302744005046604E-014  2.2735832867430163E-014  8.1484717756160757E-002 -3.5477834880656867E-002 -1.8605942354800575E-015  1.3730104534113723E-015  2.2736909573548818E-015 -1.1421556723913557E-002
-2.1116644249976962E-019 -1.5436582915788984E-020  3.8516626261033373E-019  2.7547554720940233E-010  4.8140040863404930E-019 -2.6441681664909852E-019 -1.5011271713774041E-018  1.8431950528109247E-008 -2.5190860461176093E-019  1.0376453194294722E-017  2.2077464368650114E-017  2.6353913464426975E-008  7.6473411232402757E-016 -7.3251071291899017E-016  1.5824015092243404E-015 -8.3766382198944546E-016 -6.8035938851464570E-016  7.2932880800463948E-017  2.8044215345359694E-017  4.2169331090515532E-016  8.2156415431923969E-016 -1.4990794289980723E-008  4.9454252456419570E-017  9.3597750700959272E-016  1.8487983267164567E-015 -6.7943228957341550E-009  4.5853234181052398E-016 -4.5863539135473059E-016  9.7852947646505812E-016 -5.0079401252433425E-016 -3.9722568741354704E-016  4.2263163351660895E-017  1.3429920178854225E-016  5.3032191034336597E-016  8.3748792079994056E-016  4.7354073683273659E-009  1.2998382208686662E-015  8.3063845146220961E-016 -8.4137272798630593E-016  2.7611844659771275E-009 -1.2246099416921341E-009  1.3435320916057527E-016  9.0287991934088209E-017 -7.7748461088305109E-017 -4.0003225318402214E-010
 1.7254994380958506E-020  2.9462143036369071E-019 -5.2715452938965906E-020 -2.4880876139076978E-010 -1.7599446738856450E-019 -9.0006154944810789E-019  2.5075833275688458E-019 -1.7721563176398113E-008  4.7585122470507206E-018  8.2769834429427580E-018 -4.5928867553808645E-018 -2.5102492428734336E-008 -7.3251071291899017E-016  7.1269857555167408E-016 -1.5326400477927490E-015  8.0153258741433795E-016  6.4559333970096876E-016 -6.9024754287134779E-017  1.8896636429243215E-016  2.8082485539989727E-016 -1.7587070417588321E-016  1.7477026535796395E-008  4.2090111137668849E-016  6.4187200983043016E-016 -3.9396055795876200E-016  9.1894938222322978E-009 -4.3431036735079582E-016  5.0879715011229388E-016 -1.0406807349014510E-015  4.6872132148788003E-016  3.3520334903130587E-016 -3.4411738637515888E-017  2.2620902338382897E-016  2.0946345647298988E-016 -1.9327881087674565E-016 -6.4669372193277020E-009  2.2850378344657173E-016 -1.2528566543483615E-015  4.1709790244262358E-018 -3.7052202869284071E-009  1.6295591800931316E-009  2.5638548654870390E-017 -1.2611797865456022E-016 -1.5002980413143618E-018  5.3082647844732000E-010
-3.5359498837184159E-019  7.9210541005862957E-020  1.0134098838587388E-020  5.4697304520059837E-010  9.9519488456404341E-019  2.7482274417737847E-020 -1.9951158911217337E-019  3.8241146157781656E-008 -6.9799638869333280E-018 -7.1185018056558315E-018  6.1306730068269611E-018  5.4316280517379878E-008  1.5824015092243404E-015 -1.5326400477927490E-015  3.3002207102035238E-015 -1.7320314031012726E-015 -1.3984798116464306E-015  1.4963621427518784E-016 -2.1778292033208658E-016 -3.0168135419930279E-016  2.4564920877124398E-016 -3.5790716599819203E-008 -5.0539836896510401E-016 -6.6546635441734567E-016  5.4640555078297181E-016 -1.8162531112080116E-008  9.4130316604534577E-016 -1.0553568007359018E-015  2.1830041802440588E-015 -1.0194625769188171E-015 -7.5264492535184374E-016  7.8161512014297129E-017 -1.0345633225951228E-016 -4.1141604339948944E-016  2.9986962559390473E-016  1.2753810532398053E-008  1.7129159162733637E-015 -9.9667955710021036E-016  3.7001959208640276E-016  7.3362588033324171E-009 -3.2326708559536515E-009  1.7425341066761636E-016 -1.0609362491858014E-016  4.0854493685707823E-017 -1.0537119522615148E-009
-1.6697878154768812E-019  1.3675760679793708E-019  2.9418725337724831E-019 -3.0288391765460975E-010  4.6765353829413907E-019 -3.7912119985050044E-019 -5.4437327946551629E-019 -2.0184728353523786E-008 -3.2218639283074909E-018  2.4993597579150867E-018 -4.0257291012756638E-018 -2.8877828912728886E-008 -8.3766382198944546E-016  8.0153258741433795E-016 -1.7320314031012726E-015  9.1761160317310231E-016  7.4570315655607467E-016 -7.9951266649415712E-017 -9.9864789579955441E-017  7.6144611097240560E-017 -2.1573585228619467E-016  1.6184927708203952E-008 -2.3203756855866604E-016  1.7750583383305013E-016 -4.6142259876039811E-016  7.2397532165837749E-009 -5.0263092711345793E-016  4.9712561199848795E-016 -1.0640399477400615E-015  5.4938136402535586E-016  4.3852768728735482E-016 -4.6752120628149301E-017 -4.5223781775674420E-017  2.9971993978808700E-017 -4.0615643377260622E-016 -5.0411552344559232E-009  8.1331474486733325E-016 -6.7681550638359018E-016 -2.1196750178923730E-015 -2.9444169861600540E-009  1.3069141956795973E-009  8.2776656828315418E-017 -6.8960580346385998E-017 -2.2095878672593033E-016  4.2703059310206809E-010
 6.2445555446081537E-020 -3.1390534405232296E-019 -1.0588688707048107E-019 -2.5338950383870636E-010 -4.0493687552382565E-020  8.2865348947099775E-019  1.7408969246625079E-019 -1.6361752448853183E-008 -3.4605895963425181E-018 -4.3013264033512500E-018  2.2075057949241655E-018 -2.3523991061432080E-008 -6.8035938851464570E-016  6.4559333970096876E-016 -1.3984798116464306E-015  7.4570315655607467E-016  6.0865797826771537E-016 -6.5346676309722649E-017 -1.5100745583867134E-016 -1.1685876407334202E-016  1.0827699028298042E-016  1.1616763262238340E-008 -3.3170628381579544E-016 -2.7873645946121241E-016  2.3412544792089383E-016  4.5653956668691296E-009 -4.1064521825345870E-016  3.6969884976403704E-016 -8.1353227066854168E-016  4.5159270888091020E-016  3.7838129676423142E-016 -4.0949174543409249E-017 -2.1673452555175291E-016  2.9212620684453840E-018  1.8419066589785214E-016 -3.1476182436539789E-009 -6.3461034521742319E-016  1.6535117224496064E-015  8.1680287301763530E-016 -1.8715487159293572E-009  8.3762847967047480E-010 -6.7101500536695486E-017  1.6923515724233937E-016  8.5421017624455890E-017  2.7444093603674694E-010
 2.8458810811911598E-019  5.1093540167434166E-019 -9.6054506999447345E-020  2.7409729305080703E-011 -6.7412505959705228E-019 -1.7899236898009500E-018 -1.8373120390022937E-020  1.7528533030742724E-009  1.2225313484639143E-018  2.2301890134954033E-017  8.1177420685702634E-018  2.5240267432316954E-009  7.2932880800463948E-017 -6.9024754287134779E-017  1.4963621427518784E-016 -7.9951266649415712E-017 -6.5346676309722649E-017  7.0187001951083986E-018 -2.1342499771728383E-018  8.0787529502803669E-016  3.4508590667216039E-016 -1.1941514950667762E-009  1.2576459852405613E-017  1.8260358788617324E-015  7.6086912017120681E-016 -4.4542020326005451E-010  4.4100555614258706E-017 -3.8491143249704021E-017  8.5513071969286341E-017 -4.8589582571496312E-017 -4.1304284990923699E-017  4.4892180515397724E-018 -1.3672197057510171E-016  7.6127330672877047E-016  4.7325347873403919E-016  3.0574336855362873E-010 -1.6887634957457047E-015 -1.6098292180186081E-015  1.1733157970593507E-015  1.8323219203458362E-010 -8.2301953324516137E-011 -1.7417660108416674E-016 -1.5714553589513932E-016  1.2478560513646631E-016 -2.6996978900119703E-011
 7.3605247742678380E-005 -4.0949258247488305E-010  6.5868019997588614E-010 -2.7957971110433762E-016 -2.8042595250212107E-004  1.0655264943806774E-009 -1.7066953264259130E-009 -1.6358259891743485E-017  3.9957242058775251E-003 -3.4409266341847846E-009  5.5541259853016806E-009 -8.4147245921827296E-016  2.8044215345359694E-017  1.8896636429243215E-016 -2.1778292033208658E-016 -9.9864789579955441E-017 -1.5100745583867134E-016 -2.1342499771728383E-018  1.4798812233898917E-001 -1.4502644783235339E-008  2.1972428008998346E-008 -1.6509712108405517E-015  3.3328036310584108E-001 -1.1709977997430330E-008  1.7561312973257692E-008 -4.6558112714575680E-015  1.1437292236025823E-015  1.2098583375090690E-016  2.0940311539612011E-016  8.5945068089634189E-016  3.5088761618693550E-016  5.4275231737941371E-016  1.4886818028985893E-001 -3.9790479871395856E-009  6.1473602805395267E-009  4.0227450342114951E-015 -1.7654462453609712E-001  6.1727327303848826E-009 -9.3736558133550307E-009  1.6900824052469565E-015 -6.1160370097681337E-015 -1.6581727927691078E-002  5.7331783717144528E-010 -8.7023335499508692E-010 -3.2011412772971365E-015
-4.0949204997684616E-010  7.3605150649436215E-005  1.5066840436751303E-010 -5.5336230869888759E-016  1.0655257281841908E-009 -2.8042572986913095E-004 -4.0905328700866988E-010 -3.9958338533249586E-016 -3.4409253333649845E-009  3.9957233099812547E-003  1.2207130784674594E-009 -1.2738347587900950E-015  4.2169331090515532E-016  2.8082485539989727E-016 -3.0168135419930279E-016  7.6144611097240560E-017 -1.1685876407334202E-016  8.0787529502803669E-016 -1.4502644783235339E-008  1.4798812452403903E-001  8.5221598001017132E-009 -2.1897167933895489E-015 -1.1709975626631168E-008  3.3328036561705660E-001  7.3042844441960369E-009 -3.3858649040821943E-015  1.5786522255083835E-015  1.8769002132969139E-016 -1.3993315703874631E-016  1.7876255163402157E-015  2.6913485593187602E-016  1.6028084096151696E-015 -3.9790473151044063E-009  1.4886818039631627E-001  2.0588557670918394E-009 -1.9901345991303509E-015  6.1727306803541199E-009 -1.7654462537661289E-001 -3.5765577277893072E-009 -2.6585283231678028E-015  3.0172759235933899E-015  5.7331762712765278E-010 -1.6581728007347533E-002 -3.3308830285810590E-010  1.2634622945395971E-015
 6.5867980776405618E-010  1.5066950533877110E-010  7.3605161041132372E-005 -2.7390457891077176E-015 -1.7066967483909436E-009 -4.0905406687659287E-010 -2.8042573841557375E-004  6.7115815524236866E-015  5.5541284846045286E-009  1.2207138090244375E-009  3.9957234465749260E-003 -6.3172770750759173E-015  8.2156415431923969E-016 -1.7587070417588321E-016  2.4564920877124398E-016 -2.1573585228619467E-016  1.0827699028298042E-016  3.4508590667216039E-016  2.1972428008998346E-008  8.5221598001017132E-009  1.4798812142744452E-001  1.0746351312585082E-016  1.7561314985536924E-008  7.3042880152543847E-009  3.3328036265660926E-001 -2.3319161104423839E-015 -3.2279054526739916E-016  1.6323766877060876E-016 -1.3843642621511094E-016 -3.8372487901628987E-016 -4.0199766420280064E-016 -4.8757819002965600E-016  6.1473600446171339E-009  2.0588573629729486E-009  1.4886817985045964E-001 -3.2740268845340296E-015 -9.3736647194253564E-009 -3.5765598227587246E-009 -1.7654462411374822E-001 -3.0322478493551740E-015  5.2826991108210786E-015 -8.7023428133742309E-010 -3.3308851060723196E-010 -1.6581727889074124E-002  2.5101273650120681E-015
-2.5812607872300596E-015 -3.1571996390934294E-016  3.0525462720267412E-016 -1.1824723197737114E-003  1.9164196859306671E-015  8.0438643305803201E-016 -2.6847547199486614E-016 -3.7983874191754530E-001 -3.4696957924388873E-016 -1.6991715537860437E-015  1.2658888650570046E-015 -4.7682637854299509E-001 -1.4990794289980723E-008  1.7477026535796395E-008 -3.5790716599819203E-008  1.6184927708203952E-008  1.1616763262238340E-008 -1.1941514950667762E-009 -1.6509712108405517E-015 -2.1897167933895489E-015  1.0746351312585082E-016  1.1827658988945537E+000  4.0762006143064415E-015 -3.2682800374796055E-015  7.2416371164351940E-015  8.8918900304421544E-001 -7.5816347918559444E-009  2.8883316464507951E-008 -4.8776155993532106E-008  6.6717234741714281E-009 -5.1827844936477740E-009  9.1005505308118185E-010 -1.1358923710226844E-015 -3.1301198658005172E-015 -8.8154219548027047E-016 -7.2007200739031951E-001  6.2194969462529028E-015 -4.6406969393436997E-015 -6.2286358450396601E-015 -4.3016663935305460E-001  1.9874327309770709E-001  6.1953457676467908E-016 -4.8709982150990896E-016 -6.8132886578296681E-016  6.5034106820139478E-002
 1.6871292497415991E-004 -9.1264784911114189E-010  1.4688116678604392E-009 -5.1529571429560302E-016 -6.3854021566907520E-004  2.3620028164696577E-009 -3.7862070349065600E-009 -4.9463269128858400E-016  9.0118845115874802E-003 -7.1876571205700937E-009  1.1652602249865446E-008 -1.4981870751411609E-015  4.9454252456419570E-017  4.2090111137668849E-016 -5.0539836896510401E-016 -2.3203756855866604E-016 -3.3170628381579544E-016  1.2576459852405613E-017  3.3328036310584108E-001 -1.1709975626631168E-008  1.7561314985536924E-008  4.0762006143064415E-015  7.5075182549936681E-001  2.0769716736218508E-008 -3.2279278250335608E-008 -4.1572964113985066E-015  2.5806851501088638E-015  2.7322427194459883E-016  4.7631665827827757E-016  1.9428612076982553E-015  7.9715287601173474E-016  1.2170657482668535E-015  3.3387325766217757E-001  1.2294023160048247E-008 -1.8535526877250241E-008 -7.1686983405455827E-016 -4.1504917515000983E-001 -9.0565542282154481E-009  1.3930544828788527E-008 -2.7697406526008300E-015  4.2242768971910689E-015 -3.9143587472205615E-002 -8.4773223846369273E-010  1.3053038845113607E-009  1.9979348899369341E-015
-9.1264659270996265E-010  1.6871270529253938E-004  3.3393674516232945E-010 -1.2490603551857505E-015  2.3620010404567886E-009 -6.3853971013637823E-004 -8.9996281582852198E-010  1.3784634468655376E-015 -7.1876542279933770E-009  9.0118824296610486E-003  2.4306503202515252E-009  4.4073739255815780E-016  9.3597750700959272E-016  6.4187200983043016E-016 -6.6546635441734567E-016  1.7750583383305013E-016 -2.7873645946121241E-016  1.8260358788617324E-015 -1.1709977997430330E-008  3.3328036561705660E-001  7.3042880152543847E-009 -3.2682800374796055E-015  2.0769716736218508E-008  7.5075182573803645E-001 -1.0296726294410403E-008 -4.5946451329260499E-015  3.6005201786884063E-015  4.2220260397682765E-016 -3.3809690995996282E-016  4.0499110439164059E-015  6.1367746998803535E-016  3.6390865282560695E-015  1.2294022458610099E-008  3.3387325543364721E-001 -7.4374817471692320E-009  4.1433343862381158E-015 -9.0565539209278297E-009 -4.1504917465376018E-001  4.8299704074237290E-009  2.4985192325120250E-015 -4.2162749751654518E-015 -8.4773222880493302E-010 -3.9143587431335197E-002  4.4894420445465959E-010 -2.1265139009916636E-015
 1.4688108351626776E-009  3.3393913128070703E-010  1.6871273047797019E-004 -6.2046609549801222E-015 -3.7862103209607145E-009 -8.9996445832170294E-010 -6.3853973648163548E-004  1.4579007740078733E-014  1.1652607874272636E-008  2.4306518579327918E-009  9.0118828446750319E-003 -1.4778381834689129E-014  1.8487983267164567E-015 -3.9396055795876200E-016  5.4640555078297181E-016 -4.6142259876039811E-016  2.3412544792089383E-016  7.6086912017120681E-016  1.7561312973257692E-008  7.3042844441960369E-009  3.3328036265660926E-001  7.2416371164351940E-015 -3.2279278250335608E-008 -1.0296726294410403E-008  7.5075182809795227E-001  1.9015027225632427E-015 -7.1095631816589503E-016  3.6054371419472291E-016 -3.2206023376790133E-016 -8.5306541138749305E-016 -8.7986180045795391E-016 -1.0620894903800998E-015 -1.8535527168683785E-008 -7.4374816711868429E-009  3.3387325829045555E-001  2.1796789422270921E-015  1.3930555237129383E-008  4.8299709236356635E-009 -4.1504917605260611E-001  3.4210233770966881E-015 -5.6629380265714772E-015  1.3053049205749567E-009  4.4894423712024449E-010 -3.9143587558834965E-002 -2.6774703476805376E-015
-1.9168226190166326E-015  2.0740489814790032E-016  2.0966623758887115E-016  1.2075323977355922E-003  1.3188033097609541E-015 -2.6044868435393826E-016 -2.4955486725327310E-016 -1.7984642767487488E-001 -4.7807997409286318E-017 -7.6485367488900384E-016  1.2338864720412964E-015 -1.9994575223202227E-001 -6.7943228957341550E-009  9.1894938222322978E-009 -1.8162531112080116E-008  7.2397532165837749E-009  4.5653956668691296E-009 -4.4542020326005451E-010 -4.6558112714575680E-015 -3.3858649040821943E-015 -2.3319161104423839E-015  8.8918900304421544E-001 -4.1572964113985066E-015 -4.5946451329260499E-015  1.9015027225632427E-015  7.1089894981121371E-001 -2.8858586379189500E-009  2.0920642863135514E-008 -3.3757244632524428E-008  1.7898124441428069E-009 -7.4490257050675468E-009  1.0961899553847809E-009 -4.6490997615659905E-015 -2.2701956103275221E-015 -2.1151864018280323E-015 -5.0750282643473843E-001  2.4406810481896576E-015  1.7698825979052701E-014  7.5096414962052264E-015 -2.7866663523330631E-001  1.2471172441384300E-001  1.7901100865135892E-016  1.7956174496484018E-015  7.1426021839273027E-016  4.1480924307015402E-002
 6.4974984656062048E-019  1.5292280965318672E-018  1.0224084538205518E-019  1.7177406408996565E-010 -2.3592753659694394E-018 -4.7578749899542914E-018 -1.2249153397898570E-020  1.1022795246067619E-008  3.1243407755199153E-017  4.5958484714679445E-017 -7.5376307368283886E-018  1.5864283831889735E-008  4.5853234181052398E-016 -4.3431036735079582E-016  9.4130316604534577E-016 -5.0263092711345793E-016 -4.1064521825345870E-016  4.4100555614258706E-017  1.1437292236025823E-015  1.5786522255083835E-015 -3.2279054526739916E-016 -7.5816347918559444E-009  2.5806851501088638E-015  3.6005201786884063E-015 -7.1095631816589503E-016 -2.8858586379189500E-009  2.7717071864863714E-016 -2.4343066350053040E-016  5.3976559555028461E-016 -3.0526973012803733E-016 -2.5876049580181829E-016  2.8100169454197312E-017  1.1124353690918395E-015  1.2375177689996639E-015 -4.4852187730223484E-016  1.7694610925195581E-009 -1.8432054026125029E-015 -6.2885661014364316E-015 -1.1709583092116959E-015  9.8668706253206496E-010 -4.0616229441801212E-010 -1.7752590643899154E-016 -6.3117836044595030E-016 -1.2429776865477539E-016 -1.3037610149800402E-010
 7.2514951856143505E-020  8.5291513362248650E-020 -3.5139475556292264E-020 -7.1469748981432823E-011 -2.5866044926525775E-019 -3.3652647791090623E-019 -3.3124951404003046E-020 -1.1465622616293917E-008  3.3222382799834199E-018  5.0315899657476901E-018  3.8861034277396164E-018 -1.4918494357978438E-008 -4.5863539135473059E-016  5.0879715011229388E-016 -1.0553568007359018E-015  4.9712561199848795E-016  3.6969884976403704E-016 -3.8491143249704021E-017  1.2098583375090690E-016  1.8769002132969139E-016  1.6323766877060876E-016  2.8883316464507951E-008  2.7322427194459883E-016  4.2220260397682765E-016  3.6054371419472291E-016  2.0920642863135514E-008 -2.4343066350053040E-016  7.2095533600705937E-016 -1.2501924097459050E-015  2.2980580642063692E-016 -5.2526459458192269E-017  1.3627741058564710E-017  1.1586088250586840E-016  1.9259520426016497E-016  2.1901937124047435E-016 -1.7541448476081517E-008 -2.1778336487301119E-016 -1.7628777678432069E-016  4.9411568198993064E-016 -1.0705430617914905E-008  5.1053170937540471E-009 -2.1130847420925926E-017 -1.6119455982343214E-017  5.2747277703057306E-017  1.6924114317846946E-009
 1.8192265191775517E-019 -4.4678616097515710E-019 -2.3798242120264957E-019  2.1301327419435116E-010 -5.8125480141596516E-019  1.1606940917834528E-018  6.6383477276500382E-019  2.4197054397019823E-008  6.0019815541896242E-018 -5.4687908631993952E-018 -4.4957233680831580E-018  3.2402271282803428E-008  9.7852947646505812E-016 -1.0406807349014510E-015  2.1830041802440588E-015 -1.0640399477400615E-015 -8.1353227066854168E-016  8.5513071969286341E-017  2.0940311539612011E-016 -1.3993315703874631E-016 -1.3843642621511094E-016 -4.8776155993532106E-008  4.7631665827827757E-016 -3.3809690995996282E-016 -3.2206023376790133E-016 -3.3757244632524428E-008  5.3976559555028461E-016 -1.2501924097459050E-015  2.2389067619604003E-015 -5.3586808099640550E-016 -7.5737530791541726E-017 -3.9012294192503018E-018  1.7406545138877009E-016  3.6963245670204751E-017 -5.9590746829907181E-017  2.7912269987597468E-008 -7.0957695981849754E-016  2.4005878603909009E-015  1.1664113761513649E-015  1.6978432795800491E-008 -8.0580130993499478E-009 -7.0876394589309868E-017  2.4602386214176579E-016  1.1876625221926227E-016 -2.6686567440795883E-009
 5.4760228430386408E-019  1.2841650766907311E-018 -8.2281332687008714E-021 -1.9518437908405111E-010 -1.9138569922520725E-018 -4.3253612548457909E-018  2.9355605960113026E-019 -1.2005478827400208E-008  2.3743942886889769E-017  5.0037060284510951E-017 -9.5422867257212237E-018 -1.7398151479006224E-008 -5.0079401252433425E-016  4.6872132148788003E-016 -1.0194625769188171E-015  5.4938136402535586E-016  4.5159270888091020E-016 -4.8589582571496312E-017  8.5945068089634189E-016  1.7876255163402157E-015 -3.8372487901628987E-016  6.6717234741714281E-009  1.9428612076982553E-015  4.0499110439164059E-015 -8.5306541138749305E-016  1.7898124441428069E-009 -3.0526973012803733E-016  2.2980580642063692E-016 -5.3586808099640550E-016  3.3911024736987903E-016  3.0612426637489749E-016 -3.3842087223117654E-017  8.0794269170770940E-016  1.6121115451387648E-015 -4.7203514546113048E-016 -7.4132206386685446E-010 -1.7368715774889724E-015 -4.4719996309903267E-015 -6.2341243120822564E-016 -3.4356400137651998E-010  8.8676224750700775E-011 -1.6968062281099082E-016 -4.4155177156272480E-016 -6.8501121565813905E-017  2.4417901867999909E-011
 2.8834321840809233E-019  2.5812507266002159E-019  2.1857013360492237E-019 -2.0416452286124679E-010 -9.3514265210131479E-019 -8.0506287812924421E-019 -2.3185302901297667E-019 -9.3060949052513358E-009  9.9842020855827155E-018  7.8238283796740176E-018 -8.9785174913716909E-018 -1.4266936983238465E-008 -3.9722568741354704E-016  3.3520334903130587E-016 -7.5264492535184374E-016  4.3852768728735482E-016  3.7838129676423142E-016 -4.1304284990923699E-017  3.5088761618693550E-016  2.6913485593187602E-016 -4.0199766420280064E-016 -5.1827844936477740E-009  7.9715287601173474E-016  6.1367746998803535E-016 -8.7986180045795391E-016 -7.4490257050675468E-009 -2.5876049580181829E-016 -5.2526459458192269E-017 -7.5737530791541726E-017  3.0612426637489749E-016  3.9592616722978828E-016 -4.7367003719078603E-017  2.9934219766682993E-016  2.1216416462368731E-016 -6.0155103904863167E-016  7.1680172904571339E-009 -1.0926334857524109E-015 -1.0571783787842419E-015 -1.9983285619155453E-015  4.5067840462542492E-009 -2.2405341854595723E-009 -1.0882597944605989E-016 -1.0606703576837164E-016 -2.1048945904998940E-016 -7.4878491021401119E-010
 1.8361537049729790E-019  1.2809948779357370E-018  3.4862797206960901E-019  2.3411764322074876E-011 -8.2349974770338191E-019 -4.1858116191712682E-018 -4.7952825864417728E-019  9.8271551166570596E-010  1.4267534569245435E-017  4.5444504740887100E-017 -1.0515476747827832E-017  1.5339273179483269E-009  4.2263163351660895E-017 -3.4411738637515888E-017  7.8161512014297129E-017 -4.6752120628149301E-017 -4.0949174543409249E-017  4.4892180515397724E-018  5.4275231737941371E-016  1.6028084096151696E-015 -4.8757819002965600E-016  9.1005505308118185E-010  1.2170657482668535E-015  3.6390865282560695E-015 -1.0620894903800998E-015  1.0961899553847809E-009  2.8100169454197312E-017  1.3627741058564710E-017 -3.9012294192503018E-018 -3.3842087223117654E-017 -4.7367003719078603E-017  5.7423298257148061E-018  5.8665224757401425E-016  1.3844095172726296E-015 -7.6897709421805657E-016 -1.0281647558392654E-009 -1.3632641483989458E-016 -4.7766747317941840E-015 -2.9184531233057040E-015 -6.4310545100386377E-010  3.1749476278232530E-010 -8.1011442682380092E-018 -4.7499991736337801E-016 -3.0631636686773487E-016  1.0596698776205389E-010
 5.1217190083222878E-005 -4.0237418518062027E-010  6.4822771554566355E-010 -9.0217079690476350E-016 -2.2790164529424686E-004  1.0414865442052665E-009 -1.6711452033389002E-009  1.7293607921218783E-015  3.9171891055692926E-003 -3.1537297593949316E-009  5.1243006617476827E-009 -2.1559718024110909E-015  1.3429920178854225E-016  2.2620902338382897E-016 -1.0345633225951228E-016 -4.5223781775674420E-017 -2.1673452555175291E-016 -1.3672197057510171E-016  1.4886818028985893E-001 -3.9790473151044063E-009  6.1473600446171339E-009 -1.1358923710226844E-015  3.3387325766217757E-001  1.2294022458610099E-008 -1.8535527168683785E-008 -4.6490997615659905E-015  1.1124353690918395E-015  1.1586088250586840E-016  1.7406545138877009E-016  8.0794269170770940E-016  2.9934219766682993E-016  5.8665224757401425E-016  1.6050731343485899E-001  6.4036194285812244E-009 -9.4736695432917628E-009  4.2362057855772240E-015 -4.2442594577934589E-002 -8.0972897305707733E-009  1.2037897088867933E-008  2.3154446553641567E-015 -2.4045631701462631E-015 -2.7428407506044968E-003 -7.7199426553964748E-010  1.1480616104054403E-009 -1.0589510904450297E-015
-4.0237410440868819E-010  5.1217090540305133E-005  1.4570486932336968E-010 -6.0459409191859342E-017  1.0414862069363252E-009 -2.2790141542447409E-004 -3.9287810260792915E-010 -6.1162502932851070E-016 -3.1537286908520558E-009  3.9171881444338974E-003  1.0395016109968508E-009  9.1706766417875454E-016  5.3032191034336597E-016  2.0946345647298988E-016 -4.1141604339948944E-016  2.9971993978808700E-017  2.9212620684453840E-018  7.6127330672877047E-016 -3.9790479871395856E-009  1.4886818039631627E-001  2.0588573629729486E-009 -3.1301198658005172E-015  1.2294023160048247E-008  3.3387325543364721E-001 -7.4374816711868429E-009 -2.2701956103275221E-015  1.2375177689996639E-015  1.9259520426016497E-016  3.6963245670204751E-017  1.6121115451387648E-015  2.1216416462368731E-016  1.3844095172726296E-015  6.4036194285812244E-009  1.6050731152328243E-001 -4.2993514826258344E-009 -2.4683037279125640E-015 -8.0972906771292482E-009 -4.2442592403767368E-002  5.2988055426653168E-009 -2.0611053469759042E-015  4.2772464648967875E-015 -7.7199437626667231E-010 -2.7428405448568635E-003  5.0431646039685543E-010  2.0264759115959623E-015
 6.4822688451486273E-010  1.4570668379188922E-010  5.1217103300112687E-005 -2.2049457901210555E-015 -1.6711458682936451E-009 -3.9287971004831427E-010 -2.2790143133068222E-004  5.1589342865402103E-015  5.1243026267557001E-009  1.0395023838152575E-009  3.9171883558833560E-003 -5.3753344855292244E-015  8.3748792079994056E-016 -1.9327881087674565E-016  2.9986962559390473E-016 -4.0615643377260622E-016  1.8419066589785214E-016  4.7325347873403919E-016  6.1473602805395267E-009  2.0588557670918394E-009  1.4886817985045964E-001 -8.8154219548027047E-016 -1.8535526877250241E-008 -7.4374817471692320E-009  3.3387325829045555E-001 -2.1151864018280323E-015 -4.4852187730223484E-016  2.1901937124047435E-016 -5.9590746829907181E-017 -4.7203514546113048E-016 -6.0155103904863167E-016 -7.6897709421805657E-016 -9.4736695432917628E-009 -4.2993514826258344E-009  1.6050731347383637E-001 -2.3024292670364712E-016  1.2037889903643295E-008  5.2988050207370415E-009 -4.2442594720576002E-002 -2.4953331453885965E-016  3.2829501300313054E-015  1.1480608948320065E-009  5.0431639778477461E-010 -2.7428407647946715E-003  1.7543044266173807E-015
