 1.5990504514141986E-003  5.9406708903188728E-017  7.8960517222164026E-017  5.0636334292589349E-017 -1.8740897272470608E-002 -4.3716707197750084E-016  9.5029801610673205E-016 -1.9548823651410912E-015 -3.0635968282687453E-002 -7.3788474768405782E-016  1.7766256135423281E-015 -2.1760985751533982E-015  8.1844137099659854E-018  6.7059709104298918E-019  6.3357242628674309E-018 -5.6732766029394552E-018  6.1415588600056404E-018  2.6841793190739578E-018 -1.2765014726377080E-002 -4.2155736133522851E-016  7.3551258941875567E-016  2.1513267956781281E-015  3.8144990697175679E-003 -9.1558623977886576E-016 -4.2155135719150442E-017  1.6068683190939764E-002 -3.3646199734180679E-015 -2.4321365234356681E-016  1.3518024479769618E-015  5.4483225733477743E-016  5.4807896817696218E-016
 5.9406708903188728E-017  1.5990504514142695E-003 -1.6189106540727356E-016  1.0194389611627850E-016 -2.3889393016696804E-016 -1.8740897272471163E-002  2.2198549237038576E-015 -4.7704100939073341E-016 -4.7084556683744071E-016 -3.0635968282687963E-002  3.6511847438702355E-015 -7.6164903289046528E-016 -3.8845331836265091E-018  6.2384642837942555E-018  6.2040950396734151E-019 -3.7095729912047455E-018  1.0482515885939242E-018 -4.4774438797935700E-018  1.6390836975873496E-017 -1.2765014726377154E-002  1.8316159324975276E-015 -2.3557004475324789E-015  1.1032167807030362E-015  3.8144990697178425E-003  1.3175027674905939E-015  4.1766174126927642E-015  1.6068683190940895E-002  4.7573538064665752E-015 -2.1434065318020795E-015  1.6093635138234579E-016 -2.6161938028168740E-016
 7.8960517222164026E-017 -1.6189106540727356E-016  1.5990504514161439E-003 -7.2245425542173698E-017 -1.8696363956562005E-015 -1.2659827177926694E-016 -1.8740897272482581E-002  4.0905510500012046E-015 -3.3513103138879585E-015 -5.9437159813030464E-016 -3.0635968282705896E-002  5.0665423348872403E-015 -8.7569044770255094E-018 -4.6596030638890146E-018  5.0698223705797121E-018 -1.6748906362145327E-017  3.2972504394171215E-018 -1.9749273455717056E-017 -1.3393589893846772E-015 -4.8339342911049615E-016 -1.2765014726385063E-002  7.8700144801548106E-016  6.7716557187973773E-016 -2.2939028919301517E-015  3.8144990697177258E-003  2.7249524251606379E-015 -8.5222266366649890E-015  1.6068683190941385E-002  1.7427960330212838E-015 -1.9251312556812654E-015 -8.7463536574347951E-016
 5.0636334292589349E-017  1.0194389611627850E-016 -7.2245425542173698E-017  1.2978456090480215E-004 -2.6910384429087397E-016 -1.2973994815621162E-015  4.9095317983676993E-016 -8.6229717203471033E-003 -3.3915877777331244E-016 -2.0806513461965980E-015  5.6959027737878275E-016 -9.8142200950334206E-003 -1.0544020470181193E-016 -1.3449070758560600E-017 -3.9169757151714352E-019 -1.4093704769022384E-016 -3.3749713947750485E-018 -1.7961483225123068E-016 -3.4506369028469858E-016 -7.6471494457895442E-016  3.3171972836257270E-016  9.7277357235912194E-003 -1.1256268224712430E-015  1.0377203585694573E-015 -2.2436975534510173E-016 -4.2225041592883042E-015  4.0549877304750982E-015 -8.1811736549829025E-016  6.0043600331588188E-003 -3.3787971121743026E-003 -1.1959528419383473E-003
-1.8740897272470608E-002 -2.3889393016696804E-016 -1.8696363956562005E-015 -2.6910384429087397E-016  2.1969949052164639E-001 -2.7128212920632971E-016 -1.1945493896893759E-016  2.3639176314649963E-015  3.5919731604905053E-001 -1.0098993889267189E-016 -2.9166234873899742E-015  2.0341559676167398E-015 -9.3386237489824335E-017 -6.5717573749281557E-018 -7.9753133589649555E-017  6.4096034692374108E-017 -7.2658559669192554E-017 -3.2605210428147207E-017  1.4912749393270339E-001 -3.6073293054688740E-017 -8.1840662176882429E-016 -3.0748328073660347E-015 -4.8180582996087247E-002  2.9725686418762547E-015  1.5710089479372265E-016 -2.0140192771254967E-001  1.0800878472356048E-014  5.8709547640308432E-016 -2.1454910722251016E-015 -3.3361984046838085E-016 -5.4805446659859358E-016
-4.3716707197750084E-016 -1.8740897272471163E-002 -1.2659827177926694E-016 -1.2973994815621162E-015 -2.7128212920632971E-016  2.1969949052164947E-001 -2.2218984930330557E-015  3.5851930689037701E-015  4.4296911210242509E-016  3.5919731604905109E-001 -4.0012916300052385E-015  4.1467020839174909E-015  4.9843792763065373E-017 -7.4455165773152097E-017 -5.8706321976079357E-018  4.8875138393308399E-017 -1.2432438891915226E-017  5.6947445596982961E-017 -6.4475542417751595E-016  1.4912749393270289E-001 -2.5254370950383335E-015  1.7751676565525241E-015 -1.3267647518616978E-015 -4.8180582996082758E-002 -2.0497667892358620E-015 -5.0096385250507965E-015 -2.0140192771253373E-001 -7.5839153740797216E-015  2.4242089281224509E-015  3.9284663464497194E-016  6.7323229024389171E-016
 9.5029801610673205E-016  2.2198549237038576E-015 -1.8740897272482581E-002  4.9095317983676993E-016 -1.1945493896893759E-016 -2.2218984930330557E-015  2.1969949052166060E-001 -7.3632067752156846E-015  3.2549915504775975E-015  1.1394418638235955E-015  3.5919731604906108E-001 -7.8425703456939671E-015  1.0623073128118008E-016  5.0742956835705578E-017 -5.6053066778874805E-017  1.9467066139874364E-016 -3.7969524385523432E-017  2.3836304124202653E-016  8.6036185771239380E-016 -2.3863673403871270E-016  1.4912749393270799E-001  4.5555031529999775E-015 -2.2417506219388798E-015  4.7954638782300337E-015 -4.8180582996082980E-002 -8.4983018885902154E-015  1.7166661341413480E-014 -2.0140192771253415E-001  1.7859409891857277E-015 -2.9165059380812501E-015 -1.5814372772683802E-015
-1.9548823651410912E-015 -4.7704100939073341E-016  4.0905510500012046E-015 -8.6229717203471033E-003  2.3639176314649963E-015  3.5851930689037701E-015 -7.3632067752156846E-015  6.3634168491628529E-001 -1.0125386832039522E-015 -1.2068025056831657E-015  3.5220241126128166E-015  7.4455743952274211E-001  7.8565463277677722E-015  4.7542640728915067E-016  6.7094642440836836E-017  1.0384758653249101E-014  1.8815598193549991E-016  1.3730170121879273E-014  4.8886929324130691E-016  3.2764055543495147E-015 -3.5160910158114039E-015 -4.9355126995198823E-001  7.2983217395490137E-016 -9.3941896684435066E-016 -1.4588709890492671E-016  2.3373635123416192E-015 -8.0916884694742296E-016 -1.7657848276231715E-015 -2.5226432247908359E-001  1.2827570011594935E-001  4.4391919769210780E-002
-3.0635968282687453E-002 -4.7084556683744071E-016 -3.3513103138879585E-015 -3.3915877777331244E-016  3.5919731604905053E-001  4.4296911210242509E-016  3.2549915504775975E-015 -1.0125386832039522E-015  5.8731732522630609E-001  1.3280277467681237E-015  7.4473466063189625E-016 -2.0165904528371700E-015 -1.5030276391901213E-016 -9.5458847586531342E-018 -1.3548484821423723E-016  1.0255220815495545E-016 -1.1940739857575433E-016 -5.4366031688992924E-017  2.4333548972230418E-001 -4.5577661372662773E-016  1.0179167621650116E-015  2.7413295947384516E-015 -8.1991474727513114E-002 -2.1474263831040629E-015 -3.4954678040978249E-016 -3.4139068646043935E-001 -8.7295099618291217E-015 -1.6132928326601511E-015  1.8890053394468996E-015 -4.7159940653843675E-016  4.9803840782551607E-018
-7.3788474768405782E-016 -3.0635968282687963E-002 -5.9437159813030464E-016 -2.0806513461965980E-015 -1.0098993889267189E-016  3.5919731604905109E-001  1.1394418638235955E-015 -1.2068025056831657E-015  1.3280277467681237E-015  5.8731732522630020E-001  1.3106003925860331E-015 -2.3702320709846545E-015  8.5493476002291439E-017 -1.2295870241386809E-016 -8.2947672931162414E-018  8.4915760091536948E-017 -2.0460031772122120E-017  9.7249744234230495E-017 -2.4331531205612797E-016  2.4333548972229754E-001  1.6200193529564186E-016 -1.8590708717808400E-015  1.6237268892024313E-015 -8.1991474727522135E-002  2.5691425186276902E-015  6.0546200849590729E-015 -3.4139068646047471E-001  9.4128271659367401E-015 -1.9857076251786708E-015  6.7376107544499735E-016  5.1415383929410387E-017
 1.7766256135423281E-015  3.6511847438702355E-015 -3.0635968282705896E-002  5.6959027737878275E-016 -2.9166234873899742E-015 -4.0012916300052385E-015  3.5919731604906108E-001  3.5220241126128166E-015  7.4473466063189625E-016  1.3106003925860331E-015  5.8731732522630320E-001  4.8404656682485500E-015  1.7700302000587257E-016  7.9354599618843952E-017 -8.8502085844892157E-017  3.1671812846223817E-016 -6.1442377666511315E-017  3.9607053400972920E-016  3.4742580990918862E-016 -2.1577831943458599E-015  2.4333548972229987E-001 -1.0383144374479562E-014  2.3727222443753713E-015 -2.4247730988903642E-015 -8.1991474727524050E-002  9.0652312045838196E-015 -1.0473898245487464E-014 -3.4139068646048032E-001 -7.9430701099676850E-015  1.2949113392995619E-014  6.8402258412520590E-015
-2.1760985751533982E-015 -7.6164903289046528E-016  5.0665423348872403E-015 -9.8142200950334206E-003  2.0341559676167398E-015  4.1467020839174909E-015 -7.8425703456939671E-015  7.4455743952274211E-001 -2.0165904528371700E-015 -2.3702320709846545E-015  4.8404656682485500E-015  8.7702962167867504E-001  9.2152095639508696E-015  4.0735669553833552E-016  8.9590739616656329E-017  1.2147327204377959E-014  2.0266021590354048E-016  1.6203357958750152E-014  7.4590321783483620E-018  3.5835016951391658E-015 -2.5267658462308528E-015 -5.1282166754258585E-001  1.0322308517239226E-015 -4.7446754302089224E-015  1.1191112090141088E-015  3.1503025113991650E-015 -1.3083513634821961E-014  3.6880678757707956E-015 -2.4016003183491491E-001  1.1487126970362031E-001  3.9095313506232514E-002
 8.1844137099659854E-018 -3.8845331836265091E-018 -8.7569044770255094E-018 -1.0544020470181193E-016 -9.3386237489824335E-017  4.9843792763065373E-017  1.0623073128118008E-016  7.8565463277677722E-015 -1.5030276391901213E-016  8.5493476002291439E-017  1.7700302000587257E-016  9.2152095639508696E-015  1.0363858849957503E-028  5.8796001330942122E-030  1.4915788843264522E-030  1.3620547830442290E-028  2.7002447756519939E-030  1.7954232677153768E-028 -8.7056566664901719E-017 -5.9777201020491341E-018  3.9063795906275586E-017 -5.8282153086255960E-015 -1.3814357365285650E-016 -2.7774366807218284E-016 -2.4475522458104000E-016 -5.1113994987231544E-016 -1.0494548312567042E-015 -9.3052090707372739E-016 -2.9323779339708175E-015 -7.8333323082978273E-016 -9.0290678513014262E-016
 6.7059709104298918E-019  6.2384642837942555E-018 -4.6596030638890146E-018 -1.3449070758560600E-017 -6.5717573749281557E-018 -7.4455165773152097E-017  5.0742956835705578E-017  4.7542640728915067E-016 -9.5458847586531342E-018 -1.2295870241386809E-016  7.9354599618843952E-017  4.0735669553833552E-016  5.8796001330942122E-030  4.6414150154099070E-030 -5.5372281130076004E-031  8.9647463432504095E-030  5.8871672993067589E-031  7.4624119603118493E-030 -1.6385705533316721E-017 -3.8317677042595236E-017  7.0334634652117843E-017 -2.0115042980270633E-015 -7.8480220553218235E-017  9.8233581319738242E-017  2.2941743939415399E-016 -2.9464368385668172E-016  3.7638613685026664E-016  8.5842646863269113E-016 -1.5923881128573991E-015  6.5749767989351587E-016  1.4996561605556746E-016
 6.3357242628674309E-018  6.2040950396734151E-019  5.0698223705797121E-018 -3.9169757151714352E-019 -7.9753133589649555E-017 -5.8706321976079357E-018 -5.6053066778874805E-017  6.7094642440836836E-017 -1.3548484821423723E-016 -8.2947672931162414E-018 -8.8502085844892157E-017  8.9590739616656329E-017  1.4915788843264522E-030 -5.5372281130076004E-031  8.9926751034385275E-031  2.0098717243275158E-030  1.6630116155511678E-031  3.1054861272115074E-030 -3.4682570266025464E-018 -1.6952597063997364E-017 -6.9305444802966821E-017  7.1919877059958180E-017  3.5705936108713552E-016 -8.5622876515200306E-017 -1.9719844053025656E-016  1.3505865667732995E-015 -3.2157897520444033E-016 -7.3673020601013906E-016  7.4757172672144608E-017 -2.6260540029542430E-016 -1.5119152146913749E-016
-5.6732766029394552E-018 -3.7095729912047455E-018 -1.6748906362145327E-017 -1.4093704769022384E-016  6.4096034692374108E-017  4.8875138393308399E-017  1.9467066139874364E-016  1.0384758653249101E-014  1.0255220815495545E-016  8.4915760091536948E-017  3.1671812846223817E-016  1.2147327204377959E-014  1.3620547830442290E-028  8.9647463432504095E-030  2.0098717243275158E-030  1.8070175919224477E-028  3.5967787419969522E-030  2.3601835983272137E-028  6.5807854548933311E-017 -1.6643815910628816E-017  1.4764250647302122E-016 -8.0714019262303909E-015  1.3540444682212687E-016 -3.4460927470756978E-016  6.1217236894556889E-017  5.0352085640512170E-016 -1.3009175463219144E-015  2.1245267648564369E-016 -4.1895297856490394E-015 -8.7373910381213368E-016 -1.1446956450057717E-015
 6.1415588600056404E-018  1.0482515885939242E-018  3.2972504394171215E-018 -3.3749713947750485E-018 -7.2658559669192554E-017 -1.2432438891915226E-017 -3.7969524385523432E-017  1.8815598193549991E-016 -1.1940739857575433E-016 -2.0460031772122120E-017 -6.1442377666511315E-017  2.0266021590354048E-016  2.7002447756519939E-030  5.8871672993067589E-031  1.6630116155511678E-031  3.5967787419969522E-030  1.8820164371463387E-031  4.3448266539124196E-030 -4.3206359348656359E-017 -7.1093261977282686E-018 -3.2098871499889953E-017 -3.3799682538501683E-016  5.6902278202765816E-017  1.1637214738904240E-017 -3.4069926663529267E-017  2.2073111500941420E-016  4.4919679591502679E-017 -1.2469121378941735E-016 -2.4122944448860926E-016 -2.4054697620371551E-017 -5.3526892213681532E-017
 2.6841793190739578E-018 -4.4774438797935700E-018 -1.9749273455717056E-017 -1.7961483225123068E-016 -3.2605210428147207E-017  5.6947445596982961E-017  2.3836304124202653E-016  1.3730170121879273E-014 -5.4366031688992924E-017  9.7249744234230495E-017  3.9607053400972920E-016  1.6203357958750152E-014  1.7954232677153768E-028  7.4624119603118493E-030  3.1054861272115074E-030  2.3601835983272137E-028  4.3448266539124196E-030  3.1388517271258248E-028 -1.1603679901168919E-017 -2.5702933849630660E-018  9.8527110580679993E-017 -9.0982872208752580E-015  7.7709959953473765E-017 -2.8878079694079680E-016 -4.7630395905015797E-016  2.9533807810754930E-016 -1.0916283614612959E-015 -1.8137333075408300E-015 -4.1888114013690548E-015 -1.3962953700188903E-015 -1.4385747508587614E-015
-1.2765014726377080E-002  1.6390836975873496E-017 -1.3393589893846772E-015 -3.4506369028469858E-016  1.4912749393270339E-001 -6.4475542417751595E-016  8.6036185771239380E-016  4.8886929324130691E-016  2.4333548972230418E-001 -2.4331531205612797E-016  3.4742580990918862E-016  7.4590321783483620E-018 -8.7056566664901719E-017 -1.6385705533316721E-017 -3.4682570266025464E-018  6.5807854548933311E-017 -4.3206359348656359E-017 -1.1603679901168919E-017  1.0600279026294503E-001 -4.8757646026483133E-016  9.8662397696436445E-017 -1.7973348941202677E-015 -6.8084587057015006E-004  2.3120390346023054E-015  6.8434841127424767E-016 -1.6234928584559022E-002  7.9322464364749168E-015  2.3002433291505466E-015 -1.5717620862816834E-015  1.3147893372042169E-015  5.5527919880727295E-016
-4.2155736133522851E-016 -1.2765014726377154E-002 -4.8339342911049615E-016 -7.6471494457895442E-016 -3.6073293054688740E-017  1.4912749393270289E-001 -2.3863673403871270E-016  3.2764055543495147E-015 -4.5577661372662773E-016  2.4333548972229754E-001 -2.1577831943458599E-015  3.5835016951391658E-015 -5.9777201020491341E-018 -3.8317677042595236E-017 -1.6952597063997364E-017 -1.6643815910628816E-017 -7.1093261977282686E-018 -2.5702933849630660E-018 -4.8757646026483133E-016  1.0600279026294478E-001 -1.1999513472799497E-015  3.7474375404703801E-015 -1.8630817913544240E-015 -6.8084587056067153E-004 -3.1843025601894075E-015 -7.1085232998387268E-015 -1.6234928584522038E-002 -1.1779144652873865E-014  3.4770913219542302E-015 -7.6246428632297199E-015 -4.1221600341689578E-015
 7.3551258941875567E-016  1.8316159324975276E-015 -1.2765014726385063E-002  3.3171972836257270E-016 -8.1840662176882429E-016 -2.5254370950383335E-015  1.4912749393270799E-001 -3.5160910158114039E-015  1.0179167621650116E-015  1.6200193529564186E-016  2.4333548972229987E-001 -2.5267658462308528E-015  3.9063795906275586E-017  7.0334634652117843E-017 -6.9305444802966821E-017  1.4764250647302122E-016 -3.2098871499889953E-017  9.8527110580679993E-017  9.8662397696436445E-017 -1.1999513472799497E-015  1.0600279026294682E-001  1.0477797763434646E-014 -2.0235549347255295E-015  2.9013429497524430E-015 -6.8084587055945722E-004 -7.5217609918301328E-015  9.9819760115453056E-015 -1.6234928584517666E-002  7.8563834954947588E-015 -1.6399821524584338E-014 -8.9700206351694336E-015
 2.1513267956781281E-015 -2.3557004475324789E-015  7.8700144801548106E-016  9.7277357235912194E-003 -3.0748328073660347E-015  1.7751676565525241E-015  4.5555031529999775E-015 -4.9355126995198823E-001  2.7413295947384516E-015 -1.8590708717808400E-015 -1.0383144374479562E-014 -5.1282166754258585E-001 -5.8282153086255960E-015 -2.0115042980270633E-015  7.1919877059958180E-017 -8.0714019262303909E-015 -3.3799682538501683E-016 -9.0982872208752580E-015 -1.7973348941202677E-015  3.7474375404703801E-015  1.0477797763434646E-014  1.0971798401991477E+000  1.1446819866069798E-015 -3.5387272799015272E-015 -5.5276334913711148E-015  1.1591226661655630E-015  1.7440595329640270E-015 -8.8464924347851532E-015  8.0321242044915953E-001 -4.9469670783207886E-001 -1.8019573550835288E-001
 3.8144990697175679E-003  1.1032167807030362E-015  6.7716557187973773E-016 -1.1256268224712430E-015 -4.8180582996087247E-002 -1.3267647518616978E-015 -2.2417506219388798E-015  7.2983217395490137E-016 -8.1991474727513114E-002  1.6237268892024313E-015  2.3727222443753713E-015  1.0322308517239226E-015 -1.3814357365285650E-016 -7.8480220553218235E-017  3.5705936108713552E-016  1.3540444682212687E-016  5.6902278202765816E-017  7.7709959953473765E-017 -6.8084587057015006E-004 -1.8630817913544240E-015 -2.0235549347255295E-015  1.1446819866069798E-015  2.2518662824928781E-001  1.4717120914303547E-015  3.3501847130472796E-016  8.5158029542402158E-001  2.0704707446333561E-015  1.9515639107280531E-016  5.3242672188887858E-016 -1.4424717817511121E-015 -8.5250995070276633E-016
-9.1558623977886576E-016  3.8144990697178425E-003 -2.2939028919301517E-015  1.0377203585694573E-015  2.9725686418762547E-015 -4.8180582996082758E-002  4.7954638782300337E-015 -9.3941896684435066E-016 -2.1474263831040629E-015 -8.1991474727522135E-002 -2.4247730988903642E-015 -4.7446754302089224E-015 -2.7774366807218284E-016  9.8233581319738242E-017 -8.5622876515200306E-017 -3.4460927470756978E-016  1.1637214738904240E-017 -2.8878079694079680E-016  2.3120390346023054E-015 -6.8084587056067153E-004  2.9013429497524430E-015 -3.5387272799015272E-015  1.4717120914303547E-015  2.2518662824927801E-001  1.0960690512849845E-015  4.7807372273390714E-015  8.5158029542399605E-001  5.2438259680003329E-015 -5.8748488205682700E-015  1.4563996079811301E-014  8.4288055499412936E-015
-4.2155135719150442E-017  1.3175027674905939E-015  3.8144990697177258E-003 -2.2436975534510173E-016  1.5710089479372265E-016 -2.0497667892358620E-015 -4.8180582996082980E-002 -1.4588709890492671E-016 -3.4954678040978249E-016  2.5691425186276902E-015 -8.1991474727524050E-002  1.1191112090141088E-015 -2.4475522458104000E-016  2.2941743939415399E-016 -1.9719844053025656E-016  6.1217236894556889E-017 -3.4069926663529267E-017 -4.7630395905015797E-016  6.8434841127424767E-016 -3.1843025601894075E-015 -6.8084587055945722E-004 -5.5276334913711148E-015  3.3501847130472796E-016  1.0960690512849845E-015  2.2518662824928162E-001  1.6818144099846026E-015  1.6460260443558509E-015  8.5158029542400460E-001 -3.4262015771439181E-015  1.1151597508108516E-014  6.4204384116168045E-015
 1.6068683190939764E-002  4.1766174126927642E-015  2.7249524251606379E-015 -4.2225041592883042E-015 -2.0140192771254967E-001 -5.0096385250507965E-015 -8.4983018885902154E-015  2.3373635123416192E-015 -3.4139068646043935E-001  6.0546200849590729E-015  9.0652312045838196E-015  3.1503025113991650E-015 -5.1113994987231544E-016 -2.9464368385668172E-016  1.3505865667732995E-015  5.0352085640512170E-016  2.2073111500941420E-016  2.9533807810754930E-016 -1.6234928584559022E-002 -7.1085232998387268E-015 -7.5217609918301328E-015  1.1591226661655630E-015  8.5158029542402158E-001  4.7807372273390714E-015  1.6818144099846026E-015  3.2221514129759461E+000  4.9844191772958235E-015  2.3731017152313322E-015 -7.2218308941392779E-016 -1.1652746849822300E-015 -9.9947917349194996E-016
-3.3646199734180679E-015  1.6068683190940895E-002 -8.5222266366649890E-015  4.0549877304750982E-015  1.0800878472356048E-014 -2.0140192771253373E-001  1.7166661341413480E-014 -8.0916884694742296E-016 -8.7295099618291217E-015 -3.4139068646047471E-001 -1.0473898245487464E-014 -1.3083513634821961E-014 -1.0494548312567042E-015  3.7638613685026664E-016 -3.2157897520444033E-016 -1.3009175463219144E-015  4.4919679591502679E-017 -1.0916283614612959E-015  7.9322464364749168E-015 -1.6234928584522038E-002  9.9819760115453056E-015  1.7440595329640270E-015  2.0704707446333561E-015  8.5158029542399605E-001  1.6460260443558509E-015  4.9844191772958235E-015  3.2221514129758932E+000  1.0494429358719526E-014 -9.1405656582962262E-015  1.6840443875150367E-014  1.0153434961258361E-014
-2.4321365234356681E-016  4.7573538064665752E-015  1.6068683190941385E-002 -8.1811736549829025E-016  5.8709547640308432E-016 -7.5839153740797216E-015 -2.0140192771253415E-001 -1.7657848276231715E-015 -1.6132928326601511E-015  9.4128271659367401E-015 -3.4139068646048032E-001  3.6880678757707956E-015 -9.3052090707372739E-016  8.5842646863269113E-016 -7.3673020601013906E-016  2.1245267648564369E-016 -1.2469121378941735E-016 -1.8137333075408300E-015  2.3002433291505466E-015 -1.1779144652873865E-014 -1.6234928584517666E-002 -8.8464924347851532E-015  1.9515639107280531E-016  5.2438259680003329E-015  8.5158029542400460E-001  2.3731017152313322E-015  1.0494429358719526E-014  3.2221514129759057E+000 -3.4534801038206193E-015  1.4407203267501216E-014  8.4783571626118929E-015
 1.3518024479769618E-015 -2.1434065318020795E-015  1.7427960330212838E-015  6.0043600331588188E-003 -2.1454910722251016E-015  2.4242089281224509E-015  1.7859409891857277E-015 -2.5226432247908359E-001  1.8890053394468996E-015 -1.9857076251786708E-015 -7.9430701099676850E-015 -2.4016003183491491E-001 -2.9323779339708175E-015 -1.5923881128573991E-015  7.4757172672144608E-017 -4.1895297856490394E-015 -2.4122944448860926E-016 -4.1888114013690548E-015 -1.5717620862816834E-015  3.4770913219542302E-015  7.8563834954947588E-015  8.0321242044915953E-001  5.3242672188887858E-016 -5.8748488205682700E-015 -3.4262015771439181E-015 -7.2218308941392779E-016 -9.1405656582962262E-015 -3.4534801038206193E-015  6.1703816381833898E-001 -3.7018866736169292E-001 -1.3101458176969094E-001
 5.4483225733477743E-016  1.6093635138234579E-016 -1.9251312556812654E-015 -3.3787971121743026E-003 -3.3361984046838085E-016  3.9284663464497194E-016 -2.9165059380812501E-015  1.2827570011594935E-001 -4.7159940653843675E-016  6.7376107544499735E-016  1.2949113392995619E-014  1.1487126970362031E-001 -7.8333323082978273E-016  6.5749767989351587E-016 -2.6260540029542430E-016 -8.7373910381213368E-016 -2.4054697620371551E-017 -1.3962953700188903E-015  1.3147893372042169E-015 -7.6246428632297199E-015 -1.6399821524584338E-014 -4.9469670783207886E-001 -1.4424717817511121E-015  1.4563996079811301E-014  1.1151597508108516E-014 -1.1652746849822300E-015  1.6840443875150367E-014  1.4407203267501216E-014 -3.7018866736169292E-001  1.1003367569527982E+000  6.2802664135393949E-001
 5.4807896817696218E-016 -2.6161938028168740E-016 -8.7463536574347951E-016 -1.1959528419383473E-003 -5.4805446659859358E-016  6.7323229024389171E-016 -1.5814372772683802E-015  4.4391919769210780E-002  4.9803840782551607E-018  5.1415383929410387E-017  6.8402258412520590E-015  3.9095313506232514E-002 -9.0290678513014262E-016  1.4996561605556746E-016 -1.5119152146913749E-016 -1.1446956450057717E-015 -5.3526892213681532E-017 -1.4385747508587614E-015  5.5527919880727295E-016 -4.1221600341689578E-015 -8.9700206351694336E-015 -1.8019573550835288E-001 -8.5250995070276633E-016  8.4288055499412936E-015  6.4204384116168045E-015 -9.9947917349194996E-016  1.0153434961258361E-014  8.4783571626118929E-015 -1.3101458176969094E-001  6.2802664135393949E-001  3.7158771405580310E-001
