 3.0267221802890654E-002 -3.0531041498146182E-002 -2.9996071275617368E-002 -2.8825747628721701E-016  4.6006988048252553E-002 -4.6408001053196576E-002 -4.5594831982235053E-002 -2.8222510334407836E-016  3.4555455912976263E-002 -3.4856653357119675E-002 -3.4245889010800612E-002 -4.9238258779485989E-016  4.4099135690233780E-017  1.2589573574412707E-018  2.8317885672054888E-018  3.9832689776833630E-017 -1.3958839015156118E-018  4.1051972283124467E-017  1.3189749723852152E-002 -1.3304716197329466E-002 -1.3071588644664785E-002 -1.2402358311948793E-015 -1.9249493284972424E-015
-3.0531041498146182E-002  3.0797160738171892E-002  3.0257527528005909E-002  2.9160622660883405E-016 -4.6408001053197576E-002  4.6812509427800797E-002  4.5992252490701789E-002  2.8123965060021929E-016 -3.4856653357120494E-002  3.5160476143571276E-002  3.4544388161512923E-002  5.0178822954089453E-016 -4.4483533509330724E-017 -1.1174271200122601E-018 -2.7066398741623448E-018 -4.0182192186795208E-017  1.2569133767664524E-018 -4.1407474565115136E-017 -1.3304716197329777E-002  1.3420684758814867E-002  1.3185525184833524E-002  3.6775243269911990E-016  6.7046417300127120E-016
-2.9996071275617368E-002  3.0257527528005909E-002  2.9727349864862251E-002  2.8724123743969724E-016 -4.5594831982235684E-002  4.5992252490701435E-002  4.5186368238405772E-002  2.7324376611068711E-016 -3.4245889010801008E-002  3.4544388161512507E-002  3.3939095380295208E-002  4.9754941129353070E-016 -4.3704098047255344E-017 -9.6205149825919993E-019 -2.5257972288110669E-018 -3.9480166850402020E-017  1.1003101871143662E-018 -4.0679858807758537E-017 -1.3071588644665042E-002  1.3185525184833475E-002  1.2954486117832877E-002 -4.2521394659988953E-016 -4.7327143846696059E-016
-2.8825747628721701E-016  2.9160622660883405E-016  2.8724123743969724E-016  3.3041179391095598E-007 -4.4219017636546065E-016  4.4509106824164167E-016  4.3588168211738564E-016 -1.3614122110037493E-006 -3.2927773812321433E-016  3.3238289289453686E-016  3.2750637994429477E-016  2.0206721423302509E-006 -5.6594687882267359E-012  6.0259746834984053E-008  5.9203865063622179E-008 -9.1147996624952661E-010 -5.9719906666006718E-008  9.1713943219378281E-010 -1.2665225723893941E-016  1.2773575890715552E-016  1.2513426472457757E-016 -3.4902129515369736E-004 -5.0232225658019029E-004
 4.6006988048252553E-002 -4.6408001053197576E-002 -4.5594831982235684E-002 -4.4219017636546065E-016  6.9931854435014734E-002 -7.0541404946317082E-002 -6.9305366172340066E-002 -4.1238021892101195E-016  5.2525218784314875E-002 -5.2983046968979867E-002 -5.2054668799209551E-002 -7.7308732673315314E-016  6.7031936783017226E-017  1.1784680303657501E-018  3.5820955752707258E-018  6.0557875879675108E-017 -1.3931862031474115E-018  6.2388908435858542E-017  2.0048772954997619E-002 -2.0223525074821030E-002 -1.9869164948906271E-002  2.3729374453052599E-015  3.2024567686441849E-015
-4.6408001053196576E-002  4.6812509427800797E-002  4.5992252490701435E-002  4.4509106824164167E-016 -7.0541404946317082E-002  7.1156268513148005E-002  6.9909455992746630E-002  4.1990297956777501E-016 -5.2983046968979979E-002  5.3444865744289333E-002  5.2508395505566498E-002  7.7399524303754069E-016 -6.7616194267217624E-017 -1.3626174971267337E-018 -3.7841491884139272E-018 -6.1083089468474492E-017  1.5776495374912118E-018 -6.2935358366487028E-017 -2.0223525074821065E-002  2.0399800395263852E-002  2.0042351542506633E-002 -1.3865312752686141E-015 -1.7809360728890457E-015
-4.5594831982235053E-002  4.5992252490701789E-002  4.5186368238405772E-002  4.3588168211738564E-016 -6.9305366172340066E-002  6.9909455992746630E-002  6.8684490338313822E-002  4.1835680264891958E-016 -5.2054668799209433E-002  5.2508395505566269E-002  5.1588334261342732E-002  7.5180755634309538E-016 -6.6431387385367884E-017 -1.5959711890531810E-018 -3.9705651568244529E-018 -6.0008890125985428E-017  1.8049309944263701E-018 -6.1836509041214669E-017 -1.9869164948906386E-002  2.0042351542506713E-002  1.9691165970755275E-002  1.2762478117658340E-016  3.9452390892666238E-016
-2.8222510334407836E-016  2.8123965060021929E-016  2.7324376611068711E-016 -1.3614122110037493E-006 -4.1238021892101195E-016  4.1990297956777501E-016  4.1835680264891958E-016  5.6094947045673838E-006 -3.2146807289186111E-016  3.2330159307694147E-016  3.1373237599020467E-016 -8.3258763146477748E-006  2.3318991809847100E-011 -2.4829124348766643E-007 -2.4394064110785027E-007  3.7556164126266209E-009  2.4606691308669372E-007 -3.7789353927183146E-009 -1.1871692066253037E-016  1.1983593415832395E-016  1.1923301344573410E-016  1.4380898680954489E-003  2.0697434733565469E-003
 3.4555455912976263E-002 -3.4856653357120494E-002 -3.4245889010801008E-002 -3.2927773812321433E-016  5.2525218784314875E-002 -5.2983046968979979E-002 -5.2054668799209433E-002 -3.2146807289186111E-016  3.9451243365838301E-002 -3.9795114206379226E-002 -3.9097817289606027E-002 -5.6324489903757842E-016  5.0347066621576788E-017  1.4044628980743848E-018  3.2007073108203355E-018  4.5476648284810993E-017 -1.5610834779781614E-018  4.6867680462468728E-017  1.5058462189028368E-002 -1.5189717014185007E-002 -1.4923560149155690E-002 -1.2256137289369304E-015 -1.9237346568691579E-015
-3.4856653357119675E-002  3.5160476143571276E-002  3.4544388161512507E-002  3.3238289289453686E-016 -5.2983046968979867E-002  5.3444865744289333E-002  5.2508395505566269E-002  3.2330159307694147E-016 -3.9795114206379226E-002  4.0141982345481261E-002  3.9438607544808338E-002  5.6959184387193188E-016 -5.0785913296033929E-017 -1.3738359321725830E-018 -3.1864881934993718E-018 -4.5873687089244097E-017  1.5322057138954281E-018 -4.7275543111071338E-017 -1.5189717014185002E-002  1.5322115902321690E-002  1.5053639120932711E-002  9.8800301969417276E-016  1.5831507811122327E-015
-3.4245889010800612E-002  3.4544388161512923E-002  3.3939095380295208E-002  3.2750637994429477E-016 -5.2054668799209551E-002  5.2508395505566498E-002  5.1588334261342732E-002  3.1373237599020467E-016 -3.9097817289606027E-002  3.9438607544808338E-002  3.8747557399802984E-002  5.6540625838459937E-016 -4.9896049915129972E-017 -1.1769498904141764E-018 -2.9608686106944411E-018 -4.5072494311075666E-017  1.3340928478014662E-018 -4.6444542636394985E-017 -1.4923560149155810E-002  1.5053639120932837E-002  1.4789866636431080E-002 -3.0235382432262824E-017  1.1484620634214268E-016
-4.9238258779485989E-016  5.0178822954089453E-016  4.9754941129353070E-016  2.0206721423302509E-006 -7.7308732673315314E-016  7.7399524303754069E-016  7.5180755634309538E-016 -8.3258763146477748E-006 -5.6324489903757842E-016  5.6959184387193188E-016  5.6540625838459937E-016  1.2357657874312749E-005 -3.4611146246914007E-011  3.6852556106438744E-007  3.6206819204698409E-007 -5.5742628139626601E-009 -3.6522410509076276E-007  5.6088739428169376E-009 -2.2090688712240982E-016  2.2270736287409530E-016  2.1658332758461737E-016 -2.1344807334182604E-003 -3.0720107727680067E-003
 4.4099135690233780E-017 -4.4483533509330724E-017 -4.3704098047255344E-017 -5.6594687882267359E-012  6.7031936783017226E-017 -6.7616194267217624E-017 -6.6431387385367884E-017  2.3318991809847100E-011  5.0347066621576788E-017 -5.0785913296033929E-017 -4.9896049915129972E-017 -3.4611146246914007E-011  9.6938388868601956E-017 -1.0321609660548160E-012 -1.0140752619752257E-012  1.5612313225941741E-014  1.0229142967673945E-012 -1.5709251566097304E-014  1.9217393121442332E-017 -1.9384898293578965E-017 -1.9045226509518172E-017  5.9782222146741720E-009  8.6040425467177721E-009
 1.2589573574412707E-018 -1.1174271200122601E-018 -9.6205149825919993E-019  6.0259746834984053E-008  1.1784680303657501E-018 -1.3626174971267337E-018 -1.5959711890531810E-018 -2.4829124348766643E-007  1.4044628980743848E-018 -1.3738359321725830E-018 -1.1769498904141764E-018  3.6852556106438744E-007 -1.0321609660548160E-012  1.0990034724955878E-008  1.0797465423851909E-008 -1.6623363034722180E-010 -1.0891579910347486E-008  1.6726579079459977E-010  3.5961376539816690E-019 -3.6647676357701501E-019 -4.2631056048680669E-019 -6.3653705084292582E-005 -9.1612383604132810E-005
 2.8317885672054888E-018 -2.7066398741623448E-018 -2.5257972288110669E-018  5.9203865063622179E-008  3.5820955752707258E-018 -3.7841491884139272E-018 -3.9705651568244529E-018 -2.4394064110785027E-007  3.2007073108203355E-018 -3.1864881934993718E-018 -2.9608686106944411E-018  3.6206819204698409E-007 -1.0140752619752257E-012  1.0797465423851909E-008  1.0608270355555728E-008 -1.6332085574576861E-010 -1.0700735751639692E-008  1.6433493049815536E-010  1.0483288184060205E-018 -1.0611295669033497E-018 -1.1076306001899196E-018 -6.2538353785817987E-005 -9.0007135474838346E-005
 3.9832689776833630E-017 -4.0182192186795208E-017 -3.9480166850402020E-017 -9.1147996624952661E-010  6.0557875879675108E-017 -6.1083089468474492E-017 -6.0008890125985428E-017  3.7556164126266209E-009  4.5476648284810993E-017 -4.5873687089244097E-017 -4.5072494311075666E-017 -5.5742628139626601E-009  1.5612313225941741E-014 -1.6623363034722180E-010 -1.6332085574576861E-010  2.5144251633406666E-012  1.6474441746781652E-010 -2.5300374687211799E-012  1.7361016637793537E-017 -1.7512284936737576E-017 -1.7204429465061231E-017  9.6281647383564994E-007  1.3857152859304034E-006
-1.3958839015156118E-018  1.2569133767664524E-018  1.1003101871143662E-018 -5.9719906666006718E-008 -1.3931862031474115E-018  1.5776495374912118E-018  1.8049309944263701E-018  2.4606691308669372E-007 -1.5610834779781614E-018  1.5322057138954281E-018  1.3340928478014662E-018 -3.6522410509076276E-007  1.0229142967673945E-012 -1.0891579910347486E-008 -1.0700735751639692E-008  1.6474441746781652E-010  1.0794007108468094E-008 -1.6576733125055366E-010 -4.2097642223223039E-019  4.2834087702108234E-019  4.8649712881541092E-019  6.3083459958589722E-005  9.0791669159701058E-005
 4.1051972283124467E-017 -4.1407474565115136E-017 -4.0679858807758537E-017  9.1713943219378281E-010  6.2388908435858542E-017 -6.2935358366487028E-017 -6.1836509041214669E-017 -3.7789353927183146E-009  4.6867680462468728E-017 -4.7275543111071338E-017 -4.6444542636394985E-017  5.6088739428169376E-009 -1.5709251566097304E-014  1.6726579079459977E-010  1.6433493049815536E-010 -2.5300374687211799E-012 -1.6576733125055366E-010  2.5457467123931352E-012  1.7886615891199521E-017 -1.8042578640136439E-017 -1.7727441827063790E-017 -9.6879469304617522E-007 -1.3943193241534569E-006
 1.3189749723852152E-002 -1.3304716197329777E-002 -1.3071588644665042E-002 -1.2665225723893941E-016  2.0048772954997619E-002 -2.0223525074821065E-002 -1.9869164948906386E-002 -1.1871692066253037E-016  1.5058462189028368E-002 -1.5189717014185002E-002 -1.4923560149155810E-002 -2.2090688712240982E-016  1.9217393121442332E-017  3.5961376539816690E-019  1.0483288184060205E-018  1.7361016637793537E-017 -4.2097642223223039E-019  1.7886615891199521E-017  5.7477854727070819E-003 -5.7978851819461647E-003 -5.6962936287667573E-003  5.5427306899552751E-016  7.3673412974305813E-016
-1.3304716197329466E-002  1.3420684758814867E-002  1.3185525184833475E-002  1.2773575890715552E-016 -2.0223525074821030E-002  2.0399800395263852E-002  2.0042351542506713E-002  1.1983593415832395E-016 -1.5189717014185007E-002  1.5322115902321690E-002  1.5053639120932837E-002  2.2270736287409530E-016 -1.9384898293578965E-017 -3.6647676357701501E-019 -1.0611295669033497E-018 -1.7512284936737576E-017  4.2834087702108234E-019 -1.8042578640136439E-017 -5.7978851819461647E-003  5.8484215777800689E-003  5.7459445170778764E-003 -5.3750915335105459E-016 -7.1207534829819952E-016
-1.3071588644664785E-002  1.3185525184833524E-002  1.2954486117832877E-002  1.2513426472457757E-016 -1.9869164948906271E-002  2.0042351542506633E-002  1.9691165970755275E-002  1.1923301344573410E-016 -1.4923560149155690E-002  1.5053639120932711E-002  1.4789866636431080E-002  2.1658332758461737E-016 -1.9045226509518172E-017 -4.2631056048680669E-019 -1.1076306001899196E-018 -1.7204429465061231E-017  4.8649712881541092E-019 -1.7727441827063790E-017 -5.6962936287667573E-003  5.7459445170778764E-003  5.6452630772676629E-003 -1.4434379339124923E-016 -1.4729762906977599E-016
-1.2402358311948793E-015  3.6775243269911990E-016 -4.2521394659988953E-016 -3.4902129515369736E-004  2.3729374453052599E-015 -1.3865312752686141E-015  1.2762478117658340E-016  1.4380898680954489E-003 -1.2256137289369304E-015  9.8800301969417276E-016 -3.0235382432262824E-017 -2.1344807334182604E-003  5.9782222146741720E-009 -6.3653705084292582E-005 -6.2538353785817987E-005  9.6281647383564994E-007  6.3083459958589722E-005 -9.6879469304617522E-007  5.5427306899552751E-016 -5.3750915335105459E-016 -1.4434379339124923E-016  3.6867892343937630E-001  5.3061412397220276E-001
-1.9249493284972424E-015  6.7046417300127120E-016 -4.7327143846696059E-016 -5.0232225658019029E-004  3.2024567686441849E-015 -1.7809360728890457E-015  3.9452390892666238E-016  2.0697434733565469E-003 -1.9237346568691579E-015  1.5831507811122327E-015  1.1484620634214268E-016 -3.0720107727680067E-003  8.6040425467177721E-009 -9.1612383604132810E-005 -9.0007135474838346E-005  1.3857152859304034E-006  9.0791669159701058E-005 -1.3943193241534569E-006  7.3673412974305813E-016 -7.1207534829819952E-016 -1.4729762906977599E-016  5.3061412397220276E-001  7.6367627943636707E-001
