 1.4732222096705881E-002  1.6411203855531854E-010  2.7425461531346944E-010  2.1656126340299200E-009  5.2264855089444194E-002  1.8642978220355595E-010  3.1155111418807806E-010 -1.5979627917994937E-009  5.2615657718129545E-002  3.3199886316951884E-010  5.5481775030942589E-010 -1.5174331096298607E-009 -5.9832211139511305E-011  6.8252621904283065E-011  1.1406022072684005E-010  7.0908341430860849E-013  6.2876354513169639E-011  5.9123093216617038E-011  3.3348430397978246E-002  2.0128685818752820E-010  3.3637927861353929E-010  4.4506870382098227E-010  2.5746092518691143E-010
 1.6411203855531854E-010  1.4732221396708964E-002 -1.2309025154276186E-009 -9.7196410722752899E-009  1.8643014215871198E-010  5.2264854294252920E-002 -1.3982955076043554E-009  7.1719246455436236E-009  3.3199911513814105E-010  5.2615656302034693E-002 -2.4901181812182408E-009  6.8104915776288919E-009  1.3580009563064337E-010  2.0549660953464180E-011  6.2876351920664352E-011  1.2955452441397640E-010 -1.5413027431618139E-010 -2.6535447597450975E-010  2.0128705312710799E-010  3.3348429539416843E-002 -1.5097284484748841E-009 -1.9975413624938908E-009 -1.1555265424873899E-009
 2.7425461531346944E-010 -1.2309025154276186E-009  1.4732220076257021E-002 -1.6242916364057294E-008  3.1155096673660229E-010 -1.3982952508651087E-009  5.2264852794230945E-002  1.1985318648425492E-008  5.5481760806213808E-010 -2.4901180355013559E-009  5.2615653630757611E-002  1.1381312732048375E-008  2.2694129308719131E-010  6.2876353174442764E-011  8.8000338568530574E-011 -5.3184618980420270E-012 -3.9496076851836589E-010 -2.2162264964383554E-010  3.3637918710690369E-010 -1.5097283652080628E-009  3.3348427919854193E-002 -3.3381787896540110E-009 -1.9310504977187997E-009
 2.1656126340299200E-009 -9.7196410722752899E-009 -1.6242916364057294E-008  4.9249762497740250E-005  7.6499593568719751E-009 -3.4334330548751262E-008 -5.7377597887661716E-008 -4.7827027762046646E-003  7.7268641254325911E-009 -3.4679492193917864E-008 -5.7954412686759063E-008 -6.3829084655943925E-003  8.0743433217549204E-012  1.6873311315384309E-012  2.8197721812829580E-012  1.8414981011904788E-012 -1.2655621036128802E-011 -9.9159615064585888E-012  4.8948325244460075E-009 -2.1968848411216709E-008 -3.6713101185639097E-008  2.0284717389045344E-003  1.1467994664736670E-003
 5.2264855089444194E-002  1.8643014215871198E-010  3.1155096673660229E-010  7.6499593568719751E-009  1.8541772310990273E-001 -7.4271312547374161E-010 -1.2411795759468227E-009 -2.4746199282374379E-009  1.8666225013596047E-001 -2.3570832505033414E-010 -3.9390246673924906E-010 -1.1201981525385337E-009 -2.1226411790953070E-010  2.4213681436234206E-010  4.0464641096125855E-010  2.5155795079610643E-012  2.2306370229844558E-010  2.0974841597704930E-010  1.1830875687113572E-001 -1.8181314485445870E-010 -3.0383570186284732E-010  2.0559937657139423E-010  1.2537210352506867E-010
 1.8642978220355595E-010  5.2264854294252920E-002 -1.3982952508651087E-009 -3.4334330548751262E-008 -7.4271312547374161E-010  1.8541772627783881E-001  5.5706302078505027E-009  1.1106533909383792E-008 -2.3570871709793225E-010  1.8666225114134197E-001  1.7679042576600498E-009  5.0276621545120612E-009  4.8177210172082584E-010  7.2903144799325338E-011  2.2306369310110203E-010  4.5961489612461979E-010 -5.4680131861434137E-010 -9.4138648673457143E-010 -1.8181327062196034E-010  1.1830875764663329E-001  1.3636684797192042E-009 -9.2277500544043953E-010 -5.6269903515811720E-010
 3.1155111418807806E-010 -1.3982955076043554E-009  5.2264852794230945E-002 -5.7377597887661716E-008 -1.2411795759468227E-009  5.5706302078505027E-009  1.8541773225374408E-001  1.8560597452844011E-008 -3.9390244592261775E-010  1.7679038552037356E-009  1.8666225303786479E-001  8.4019236915040182E-009  8.0510976984325717E-010  2.2306369754909967E-010  3.1219497378415412E-010 -1.8868039351810171E-011 -1.4011851406381964E-009 -7.8624108643164909E-010 -3.0383569145453418E-010  1.3636681952243062E-009  1.1830875910951204E-001 -1.5420832058572931E-009 -9.4034760306614556E-010
-1.5979627917994937E-009  7.1719246455436236E-009  1.1985318648425492E-008 -4.7827027762046646E-003 -2.4746199282374379E-009  1.1106533909383792E-008  1.8560597452844011E-008  4.6466197797268016E-001 -4.9727283813639702E-009  2.2318458329990506E-008  3.7297344448760765E-008  6.2009886536886616E-001 -7.8503020566992253E-010 -1.6405122244872559E-010 -2.7415310978303624E-010 -1.7904014170003683E-010  1.2304461607743038E-009  9.6408202792002808E-010 -2.9068360565593502E-009  1.3046383380325615E-008  2.1802374244895118E-008 -2.0664211927315279E-001 -1.2280946955333336E-001
 5.2615657718129545E-002  3.3199911513814105E-010  5.5481760806213808E-010  7.7268641254325911E-009  1.8666225013596047E-001 -2.3570871709793225E-010 -3.9390244592261775E-010 -4.9727283813639702E-009  1.8791513044935562E-001  2.7813550759949884E-010  4.6480431671834869E-010 -4.4395559121780130E-009 -2.1368882917703961E-010  2.4376204303459116E-010  4.0736240832393393E-010  2.5324662592179714E-012  2.2456089526026153E-010  2.1115623967152784E-010  1.1910284733280184E-001  1.4364960968668392E-010  2.4005926706712531E-010  1.2358119616392529E-009  6.9308018436313994E-010
 3.3199886316951884E-010  5.2615656302034693E-002 -2.4901180355013559E-009 -3.4679492193917864E-008 -2.3570832505033414E-010  1.8666225114134197E-001  1.7679038552037356E-009  2.2318458329990506E-008  2.7813550759949884E-010  1.8791512926301002E-001 -2.0861203634923323E-009  1.9925489390153737E-008  4.8500572282817283E-010  7.3392463254355982E-011  2.2456088600119952E-010  4.6269983010686634E-010 -5.5047139316559058E-010 -9.4770503839331980E-010  1.4364973285207587E-010  1.1910284672008474E-001 -1.0774262567249502E-009 -5.5465353371470939E-009 -3.1106617523948912E-009
 5.5481775030942589E-010 -2.4901181812182408E-009  5.2615653630757611E-002 -5.7954412686759063E-008 -3.9390246673924906E-010  1.7679042576600498E-009  1.8666225303786479E-001  3.7297344448760765E-008  4.6480431671834869E-010 -2.0861203634923323E-009  1.8791512702512003E-001  3.3298347350430626E-008  8.1051361107058324E-010  2.2456089047903917E-010  3.1429040761557963E-010 -1.8994697994763224E-011 -1.4105898107781542E-009 -7.9151826469264729E-010  2.4005926359769914E-010 -1.0774262844804305E-009  1.1910284556427411E-001 -9.2690544502829356E-009 -5.1983606808992280E-009
-1.5174331096298607E-009  6.8104915776288919E-009  1.1381312732048375E-008 -6.3829084655943925E-003 -1.1201981525385337E-009  5.0276621545120612E-009  8.4019236915040182E-009  6.2009886536886616E-001 -4.4395559121780130E-009  1.9925489390153737E-008  3.3298347350430626E-008  8.2753638176942923E-001 -1.0475566796800337E-009 -2.1891253715230415E-010 -3.6583423082030094E-010 -2.3891398813913034E-010  1.6419267513397445E-009  1.2864862536571520E-009 -2.4866139957655441E-009  1.1160356483624830E-008  1.8650549929766581E-008 -2.7436118170404383E-001 -1.6221679911731365E-001
-5.9832211139511305E-011  1.3580009563064337E-010  2.2694129308719131E-010  8.0743433217549204E-012 -2.1226411790953070E-010  4.8177210172082584E-010  8.0510976984325717E-010 -7.8503020566992253E-010 -2.1368882917703961E-010  4.8500572282817283E-010  8.1051361107058324E-010 -1.0475566796800337E-009  6.3183519541174028E-018  1.1582507207447748E-018  1.9356023538846050E-018  1.4122102005442596E-018 -9.8412227724398269E-018 -7.7305776596004792E-018 -1.3543852522127114E-010  3.0740240575652285E-010  5.1371318360666099E-010  3.7376526072161962E-010  2.3683787448722079E-010
 6.8252621904283065E-011  2.0549660953464180E-011  6.2876353174442764E-011  1.6873311315384309E-012  2.4213681436234206E-010  7.2903144799325338E-011  2.2306369754909967E-010 -1.6405122244872559E-010  2.4376204303459116E-010  7.3392463254355982E-011  2.2456089047903917E-010 -2.1891253715230415E-010  1.1582507207447748E-018  6.7120302327875406E-019  1.0886051711786793E-018  2.2457596974734068E-019 -2.0442346573137307E-018 -1.3828300059438401E-018  1.5449928537956088E-010  4.6517017839515764E-011  1.4232936755349756E-010  7.8107302903000668E-011  4.9492969849918964E-011
 1.1406022072684005E-010  6.2876351920664352E-011  8.8000338568530574E-011  2.8197721812829580E-012  4.0464641096125855E-010  2.2306369310110203E-010  3.1219497378415412E-010 -2.7415310978303624E-010  4.0736240832393393E-010  2.2456088600119952E-010  3.1429040761557963E-010 -3.6583423082030094E-010  1.9356023538846050E-018  1.0886051711786793E-018  1.8390083403622693E-018  6.3239777794666429E-019 -3.2569729723415157E-018 -2.5680056037931812E-018  2.5819114490935620E-010  1.4232936471538670E-010  1.9920100476497322E-010  1.3052859747215056E-010  8.2709963624751942E-011
 7.0908341430860849E-013  1.2955452441397640E-010 -5.3184618980420270E-012  1.8414981011904788E-012  2.5155795079610643E-012  4.5961489612461979E-010 -1.8868039351810171E-011 -1.7904014170003683E-010  2.5324662592179714E-012  4.6269983010686634E-010 -1.8994697994763224E-011 -2.3891398813913034E-010  1.4122102005442596E-018  2.2457596974734068E-019  6.3239777794666429E-019  1.2103094270341336E-018 -1.6844054249937594E-018 -2.6225229366674763E-018  1.6051071033663147E-012  2.9326466278914415E-010 -1.2039064515374684E-011  8.5243485406329544E-011  5.4014685771028736E-011
 6.2876354513169639E-011 -1.5413027431618139E-010 -3.9496076851836589E-010 -1.2655621036128802E-011  2.2306370229844558E-010 -5.4680131861434137E-010 -1.4011851406381964E-009  1.2304461607743038E-009  2.2456089526026153E-010 -5.5047139316559058E-010 -1.4105898107781542E-009  1.6419267513397445E-009 -9.8412227724398269E-018 -2.0442346573137307E-018 -3.2569729723415157E-018 -1.6844054249937594E-018  1.5731186802734586E-017  1.1525652662558671E-017  1.4232937058389431E-010 -3.4889532903784960E-010 -8.9404862766900434E-010 -5.8583458443787265E-010 -3.7121633033968257E-010
 5.9123093216617038E-011 -2.6535447597450975E-010 -2.2162264964383554E-010 -9.9159615064585888E-012  2.0974841597704930E-010 -9.4138648673457143E-010 -7.8624108643164909E-010  9.6408202792002808E-010  2.1115623967152784E-010 -9.4770503839331980E-010 -7.9151826469264729E-010  1.2864862536571520E-009 -7.7305776596004792E-018 -1.3828300059438401E-018 -2.5680056037931812E-018 -2.6225229366674763E-018  1.1525652662558671E-017  1.0353119410594132E-017  1.3383334000294198E-010 -6.0066674242302399E-010 -5.0167370813835359E-010 -4.5901457966987851E-010 -2.9085640840604715E-010
 3.3348430397978246E-002  2.0128705312710799E-010  3.3637918710690369E-010  4.8948325244460075E-009  1.1830875687113572E-001 -1.8181327062196034E-010 -3.0383569145453418E-010 -2.9068360565593502E-009  1.1910284733280184E-001  1.4364973285207587E-010  2.4005926359769914E-010 -2.4866139957655441E-009 -1.3543852522127114E-010  1.5449928537956088E-010  2.5819114490935620E-010  1.6051071033663147E-012  1.4232937058389431E-010  1.3383334000294198E-010  7.5488802891280682E-002  7.0361833910645264E-011  1.1758479687788526E-010  7.8541433548294853E-010  5.0681488476200088E-010
 2.0128685818752820E-010  3.3348429539416843E-002 -1.5097283652080628E-009 -2.1968848411216709E-008 -1.8181314485445870E-010  1.1830875764663329E-001  1.3636681952243062E-009  1.3046383380325615E-008  1.4364960968668392E-010  1.1910284672008474E-001 -1.0774262844804305E-009  1.1160356483624830E-008  3.0740240575652285E-010  4.6517017839515764E-011  1.4232936471538670E-010  2.9326466278914415E-010 -3.4889532903784960E-010 -6.0066674242302399E-010  7.0361833910645264E-011  7.5488802591161711E-002 -5.2774005836847293E-010 -3.5250759601134741E-009 -2.2746729335149791E-009
 3.3637927861353929E-010 -1.5097284484748841E-009  3.3348427919854193E-002 -3.6713101185639097E-008 -3.0383570186284732E-010  1.3636684797192042E-009  1.1830875910951204E-001  2.1802374244895118E-008  2.4005926706712531E-010 -1.0774262567249502E-009  1.1910284556427411E-001  1.8650549929766581E-008  5.1371318360666099E-010  1.4232936755349756E-010  1.9920100476497322E-010 -1.2039064515374684E-011 -8.9404862766900434E-010 -5.0167370813835359E-010  1.1758479687788526E-010 -5.2774005836847293E-010  7.5488802025028293E-002 -5.8909060596896395E-009 -3.8013042759177075E-009
 4.4506870382098227E-010 -1.9975413624938908E-009 -3.3381787896540110E-009  2.0284717389045344E-003  2.0559937657139423E-010 -9.2277500544043953E-010 -1.5420832058572931E-009 -2.0664211927315279E-001  1.2358119616392529E-009 -5.5465353371470939E-009 -9.2690544502829356E-009 -2.7436118170404383E-001  3.7376526072161962E-010  7.8107302903000668E-011  1.3052859747215056E-010  8.5243485406329544E-011 -5.8583458443787265E-010 -4.5901457966987851E-010  7.8541433548294853E-010 -3.5250759601134741E-009 -5.8909060596896395E-009  5.3160138406901658E-001  5.7824463632749035E-001
 2.5746092518691143E-010 -1.1555265424873899E-009 -1.9310504977187997E-009  1.1467994664736670E-003  1.2537210352506867E-010 -5.6269903515811720E-010 -9.4034760306614556E-010 -1.2280946955333336E-001  6.9308018436313994E-010 -3.1106617523948912E-009 -5.1983606808992280E-009 -1.6221679911731365E-001  2.3683787448722079E-010  4.9492969849918964E-011  8.2709963624751942E-011  5.4014685771028736E-011 -3.7121633033968257E-010 -2.9085640840604715E-010  5.0681488476200088E-010 -2.2746729335149791E-009 -3.8013042759177075E-009  5.7824463632749035E-001  6.5603112658208895E-001
