 8.4276601278313060E-002 -2.8730096395369086E-014  1.8231672368323050E-002 -3.8288361636773993E-013  1.1700716842567509E-001 -4.0850630290507101E-014  2.5313943143959211E-002 -1.0492840026486421E-012  1.1675127407704670E-001 -4.0093719916249763E-014  2.5256008513397012E-002 -7.2991222665430957E-013  1.4375341811176421E-015  3.3504634863765583E-020  5.7907720702050248E-016 -7.6655869945655630E-016  1.4420565718494349E-018 -6.7161192819691851E-016  1.1477325375622627E-002 -4.0429436182357555E-015  2.5002501560954810E-003 -1.7666191200609974E-002  5.0677373639100241E-015 -3.5383162059613601E-003  3.0951848999579138E-013  1.7924823355103684E-013 -1.1088340935242677E-002  3.0849163013627958E-015 -2.1950832494452240E-003 -6.7003228095919407E-014 -2.2482984804941290E-014
-2.8730096395369086E-014  2.0266389291106194E-006 -6.2081668931368902E-015  1.1556175818650897E-016 -3.9899109198956490E-014 -4.6858795541681060E-006 -8.6449460322915030E-015 -4.2617634174549953E-016 -3.9796310490524010E-014  7.2183724632403896E-006 -8.5968069759536121E-015  6.0490576461168980E-016 -2.1215521377107975E-018  2.9485415102175016E-019 -1.8629572856086074E-018  2.7157360343304553E-018 -2.0002617588777208E-019  3.1175057999049903E-018 -4.0124189116753639E-015 -7.9898456630782570E-005 -9.2801777819055389E-016  4.3501735255532262E-015 -1.3105828300327045E-003 -2.8027025335010222E-017  9.1837348151297839E-015  1.3285926038396415E-014  2.5769316074935088E-015 -9.4172885228329089E-004 -1.3899638609924597E-016 -8.3453968694775982E-015 -3.4291496929681221E-015
 1.8231672368323050E-002 -6.2081668931368902E-015  3.9462040942079652E-003 -8.2792230463397793E-014  2.5313943143961321E-002 -8.8550590357363198E-015  5.4716457391561718E-003 -2.2714537528147840E-013  2.5256008513397352E-002 -8.6494983302463456E-015  5.4710166119460680E-003 -1.5769798799930606E-013  3.1034635377537664E-016 -6.4297486585459956E-019  1.2482901988348436E-016 -1.6477264395098919E-016  2.6033906727684949E-019 -1.4356207925753881E-016  2.5002501560956259E-003 -1.0994377809675824E-015  4.6099708487569208E-004 -3.5383162059619807E-003 -2.5935466145361754E-015 -2.0760500196137588E-003  7.0175939801651044E-014  4.3445106566335403E-014 -2.1950832494456490E-003 -1.9839040389363964E-015 -1.4166056320965782E-003 -1.3337050225808087E-014 -3.8134968249062304E-015
-3.8288361636773993E-013  1.1556175818650897E-016 -8.2792230463397793E-014  7.4253252329441855E-005 -5.3140577060375430E-013 -2.0124548167203648E-016 -1.1502120619884396E-013 -2.6675622766407004E-004 -5.3035264677603062E-013  1.1183295956446799E-016 -1.1470122254823097E-013  3.7208858165719167E-004 -2.2367713755842570E-006 -3.5231845502922544E-018 -8.5821436264011667E-007  1.1987801905532717E-006 -1.1031179122100207E-017  1.0379911851855086E-006 -5.2454777885095478E-014  2.2115000948054488E-016 -1.1208358930892333E-014  7.4616003270535425E-014  4.5269930427655476E-015  1.8668087557995947E-014  5.5483724053883429E-003  8.0346171923798785E-003  4.6326450661377580E-014  3.2418140407037899E-015  1.1831418412020589E-014 -3.2904450090631720E-003 -1.1053572219696377E-003
 1.1700716842567509E-001 -3.9899109198956490E-014  2.5313943143961321E-002 -5.3140577060375430E-013  1.6247114457614575E-001 -5.6703459189187326E-014  3.5146106167944370E-002 -1.4576081585567561E-012  1.6208095090982239E-001 -5.5681662563534791E-014  3.5067647529216373E-002 -1.0124061753890440E-012  1.9887525448604755E-015  1.8352728931241287E-018  8.0058246947303276E-016 -1.0608762850379709E-015  1.1196737451881927E-018 -9.2625568758463706E-016  1.6188145918852041E-002 -5.5015219802623380E-015  3.4621226543627066E-003 -2.0229728168729835E-002  8.8303753871748767E-015 -5.0319850214604360E-003  4.4525507241384945E-013  2.7133292996584586E-013 -1.2303217678623260E-002  5.5714714951182679E-015 -3.1326897533727163E-003 -1.0210688299791090E-013 -3.4239612270994990E-014
-4.0850630290507101E-014 -4.6858795541681060E-006 -8.8550590357363198E-015 -2.0124548167203648E-016 -5.6703459189187326E-014  1.0834424860182969E-005 -1.2234135385282090E-014  7.4841278776247291E-016 -5.6594178008305374E-014 -1.6689911288100979E-005 -1.2275770830594033E-014 -1.0679355657863551E-015  2.9141519414938920E-018 -6.8174503997631744E-019  3.5434391592917785E-018 -5.2120130856392694E-018  4.6248917574923968E-019 -6.2840971959749677E-018 -5.4863254359531895E-015  1.8473667852619035E-004 -1.0120054812242154E-015  9.8251273101256538E-015  3.0302552660374849E-003  4.9599894676458794E-015 -1.6284805627987274E-014 -2.3560158449646582E-014  6.2828986719577073E-015  2.1774120249535606E-003  3.3961853393544855E-015  1.3965479543649131E-014  5.6213330911825944E-015
 2.5313943143959211E-002 -8.6449460322915030E-015  5.4716457391561718E-003 -1.1502120619884396E-013  3.5146106167944370E-002 -1.2234135385282090E-014  7.6142224623330472E-003 -3.1511147630225401E-013  3.5067647529213923E-002 -1.2090106966914502E-014  7.5697246534395940E-003 -2.1933993887573845E-013  4.3075529583685168E-016  1.9004457051234614E-018  1.7385343954216303E-016 -2.3143904100449652E-016  3.6160350005907476E-019 -2.0393519514853042E-016  3.4621226543628584E-003 -8.0232606351779690E-016  9.3372041654421803E-004 -5.0319850214566421E-003  8.2780023687735347E-015  1.9416528890318890E-003  9.1294056008386737E-014  5.1402747935890553E-014 -3.1326897533700019E-003  5.7805974022549382E-015  1.4996966705956233E-003 -2.2500866307885590E-014 -8.2778927892153559E-015
-1.0492840026486421E-012 -4.2617634174549953E-016 -2.2714537528147840E-013 -2.6675622766407004E-004 -1.4576081585567561E-012  7.4841278776247291E-016 -3.1511147630225401E-013  9.5832713188143787E-004 -1.4537550393977293E-012 -4.4087851235734476E-016 -3.1463839062568742E-013 -1.3367368054865896E-003  8.0356750622644805E-006  1.2661926606604277E-017  3.0831634503293897E-006 -4.3066574382682924E-006  3.9639064358473201E-017 -3.7290176245512878E-006 -1.4376429087147449E-013 -3.6206752817979274E-016 -3.1404381309314611E-014  2.0660117966291028E-013 -9.1706633223336249E-015  3.8874695810305215E-014 -1.9932780723061486E-002 -2.8864671422502340E-002  1.2841240524242829E-013 -6.5497888924180067E-015  2.3618299399476983E-014  1.1837523798986224E-002  3.9801214918194876E-003
 1.1675127407704670E-001 -3.9796310490524010E-014  2.5256008513397352E-002 -5.3035264677603062E-013  1.6208095090982239E-001 -5.6594178008305374E-014  3.5067647529213923E-002 -1.4537550393977293E-012  1.6174742647052670E-001 -5.5540953758288495E-014  3.4986321343332398E-002 -1.0108781558323442E-012  1.9904061645045254E-015 -1.0360480605356164E-018  8.0221348954147345E-016 -1.0611233292764015E-015  2.5279443111316486E-018 -9.3164879175662707E-016  1.5747725358682713E-002 -5.5812114540357765E-015  3.4683735051788561E-003 -2.7055417870366472E-002  7.3638230245613792E-015 -4.8432252410731159E-003  4.3265168053859619E-013  2.5392556802137619E-013 -1.7218370387155221E-002  4.5209149768956732E-015 -2.9993273458325522E-003 -9.5337772496773377E-014 -3.2038881150798298E-014
-4.0093719916249763E-014  7.2183724632403896E-006 -8.6494983302463456E-015  1.1183295956446799E-016 -5.5681662563534791E-014 -1.6689911288100979E-005 -1.2090106966914502E-014 -4.4087851235734476E-016 -5.5540953758288495E-014  2.5710006982315845E-005 -1.1975746113676144E-014  6.5170071827232795E-016  1.4876183783025970E-018  1.0501955004786131E-018 -3.1653197953966455E-018  4.8256742874563595E-018 -7.1244236904608356E-019  6.9068020987303094E-018 -5.5491079767510010E-015 -2.8457798323855627E-004 -1.3582262084758585E-015  6.9830936422865533E-015 -4.6679627412739627E-003 -1.0241657585482630E-015  1.0244975022136991E-014  1.4814749695973460E-014  4.2525223246230573E-015 -3.3541986771880687E-003 -9.0184836392652493E-016 -9.0352459218810698E-015 -3.6744728916368716E-015
 2.5256008513397012E-002 -8.5968069759536121E-015  5.4710166119460680E-003 -1.1470122254823097E-013  3.5067647529216373E-002 -1.2275770830594033E-014  7.5697246534395940E-003 -3.1463839062568742E-013  3.4986321343332398E-002 -1.1975746113676144E-014  7.5945307436509043E-003 -2.1848326722795103E-013  4.3151862305380862E-016 -2.5400645600510743E-018  1.7319221593293963E-016 -2.2750163946399603E-016  3.6299207364580614E-019 -1.9687350514718352E-016  3.4683735051790126E-003 -1.4929467444746487E-015  4.6575804240122813E-004 -4.8432252410739425E-003 -3.0991681343702659E-015 -5.7157294749413182E-003  9.7097881210335341E-014  6.0015410432488737E-014 -2.9993273458331212E-003 -2.3932121724400703E-015 -4.0030628658056389E-003 -1.8309574406580423E-014 -5.2061175825851089E-015
-7.2991222665430957E-013  6.0490576461168980E-016 -1.5769798799930606E-013  3.7208858165719167E-004 -1.0124061753890440E-012 -1.0679355657863551E-015 -2.1933993887573845E-013 -1.3367368054865896E-003 -1.0108781558323442E-012  6.5170071827232795E-016 -2.1848326722795103E-013  1.8645711015042709E-003 -1.1208787108833206E-005 -1.7679534566861387E-017 -4.3006371547755000E-006  6.0072621157752951E-006 -5.5325743574724135E-017  5.2015249938321027E-006 -9.9956395588544657E-014  1.0047119117382384E-016 -2.1361282097401154E-014  1.4174801896763208E-013  6.1570387205240346E-015  3.6166176948081693E-014  2.7804057149816781E-002  4.0262859997375618E-002  8.7989637800104831E-014  4.3685227737476933E-015  2.2959437877700058E-014 -1.6573068014466161E-002 -5.5854952857131964E-003
 1.4375341811176421E-015 -2.1215521377107975E-018  3.1034635377537664E-016 -2.2367713755842570E-006  1.9887525448604755E-015  2.9141519414938920E-018  4.3075529583685168E-016  8.0356750622644805E-006  1.9904061645045254E-015  1.4876183783025970E-018  4.3151862305380862E-016 -1.1208787108833206E-005  6.7382867268681679E-008  1.0665327923703120E-019  2.5853757392057180E-008 -3.6113322687380959E-008  3.3331118921516394E-019 -3.1269544585952606E-008  1.8498170551477603E-016 -6.0476368935824382E-017  1.4558643029991651E-017 -4.7664687431234131E-016 -1.0191331845498867E-015 -5.2786007006243947E-016 -1.6715258161899169E-004 -2.4204804877641452E-004 -3.1564259878127879E-016 -7.3196959945227387E-016 -3.7331462780148548E-016  1.0091287165451816E-004  3.4284411753407702E-005
 3.3504634863765583E-020  2.9485415102175016E-019 -6.4297486585459956E-019 -3.5231845502922544E-018  1.8352728931241287E-018 -6.8174503997631744E-019  1.9004457051234614E-018  1.2661926606604277E-017 -1.0360480605356164E-018  1.0501955004786131E-018 -2.5400645600510743E-018 -1.7679534566861387E-017  1.0665327923703120E-019  7.4416862020544815E-031  4.0921203240701684E-020 -5.7159993999377425E-020  5.7311207198538852E-031 -4.9493285244559694E-020  2.1367459488525904E-017 -1.1624365475303992E-017  3.0257038218253073E-017  3.6655926195028787E-016 -1.9067569568162368E-016  4.9978518191732048E-016 -2.6572263135912030E-016 -3.8383807386136304E-016  2.6378168414176722E-016 -1.3701141197469508E-016  3.5920819475996013E-016  4.3340602963160161E-016  2.0510350394097823E-016
 5.7907720702050248E-016 -1.8629572856086074E-018  1.2482901988348436E-016 -8.5821436264011667E-007  8.0058246947303276E-016  3.5434391592917785E-018  1.7385343954216303E-016  3.0831634503293897E-006  8.0221348954147345E-016 -3.1653197953966455E-018  1.7319221593293963E-016 -4.3006371547755000E-006  2.5853757392057180E-008  4.0921203240701684E-020  9.9196843111782946E-009 -1.3856119830249077E-008  1.2788631548815848E-019 -1.1997637563592957E-008  6.6985307849388984E-017  1.8150118963437661E-017  1.2573577480410143E-017 -3.1908094568691668E-016  2.8730784392852314E-016 -1.0322092868670718E-016 -6.4133843925069778E-005 -9.2870068964766362E-005 -2.1853962626662560E-016  2.0657605884987101E-016 -7.1780587187464326E-017  3.8718698197560325E-005  1.3154395170681407E-005
-7.6655869945655630E-016  2.7157360343304553E-018 -1.6477264395098919E-016  1.1987801905532717E-006 -1.0608762850379709E-015 -5.2120130856392694E-018 -2.3143904100449652E-016 -4.3066574382682924E-006 -1.0611233292764015E-015  4.8256742874563595E-018 -2.2750163946399603E-016  6.0072621157752951E-006 -3.6113322687380959E-008 -5.7159993999377425E-020 -1.3856119830249077E-008  1.9354653911099736E-008 -1.7863553480757182E-019  1.6758668778774362E-008 -1.0383926837265101E-016 -2.9827283759390617E-017 -3.7063865088892531E-017  1.6195701843381604E-016 -4.7471841568956614E-016 -2.0062280139662090E-016  8.9584123720433219E-005  1.2972376578246488E-004  1.0189714006891671E-016 -3.4129244841350450E-016 -1.4738400651961366E-016 -5.4083467282010792E-005 -1.8374463345690701E-005
 1.4420565718494349E-018 -2.0002617588777208E-019  2.6033906727684949E-019 -1.1031179122100207E-017  1.1196737451881927E-018  4.6248917574923968E-019  3.6160350005907476E-019  3.9639064358473201E-017  2.5279443111316486E-018 -7.1244236904608356E-019  3.6299207364580614E-019 -5.5325743574724135E-017  3.3331118921516394E-019  5.7311207198538852E-031  1.2788631548815848E-019 -1.7863553480757182E-019  1.9980770569229985E-030 -1.5467565443013162E-019 -1.0063343859533219E-017  7.8858559894651683E-018 -1.4158207876330739E-019 -1.7440123956310663E-016  1.2935252939429653E-016 -4.3410540179500523E-018 -8.2904862778533571E-016 -1.1986951156214899E-015 -1.2543373557671818E-016  9.2947203530351995E-017 -3.1444890193181968E-018  1.0264200538777054E-015  4.6018104800843409E-016
-6.7161192819691851E-016  3.1175057999049903E-018 -1.4356207925753881E-016  1.0379911851855086E-006 -9.2625568758463706E-016 -6.2840971959749677E-018 -2.0393519514853042E-016 -3.7290176245512878E-006 -9.3164879175662707E-016  6.9068020987303094E-018 -1.9687350514718352E-016  5.2015249938321027E-006 -3.1269544585952606E-008 -4.9493285244559694E-020 -1.1997637563592957E-008  1.6758668778774362E-008 -1.5467565443013162E-019  1.4510875809336987E-008 -5.3614797199591891E-017 -5.6026447829879845E-017 -5.6274483334827442E-017  7.7265321979457002E-016 -9.0641650695594855E-016 -5.6235909302932783E-016  7.7568457910091125E-005  1.1232428301065542E-004  5.4296142496406264E-016 -6.5146810879660823E-016 -4.0681432795484818E-016 -4.6829404377813801E-005 -1.5909948409168846E-005
 1.1477325375622627E-002 -4.0124189116753639E-015  2.5002501560956259E-003 -5.2454777885095478E-014  1.6188145918852041E-002 -5.4863254359531895E-015  3.4621226543628584E-003 -1.4376429087147449E-013  1.5747725358682713E-002 -5.5491079767510010E-015  3.4683735051790126E-003 -9.9956395588544657E-014  1.8498170551477603E-016  2.1367459488525904E-017  6.6985307849388984E-017 -1.0383926837265101E-016 -1.0063343859533219E-017 -5.3614797199591891E-017  4.5069179126396288E-003 -4.5446075553127026E-016  2.9356689864473847E-004  4.7535399056712002E-002  1.8504899504390538E-015 -8.9415709375391796E-004  4.4020854784230685E-014  2.6911761266913373E-014  3.4416605743493527E-002  1.2424824385910007E-015 -5.8632092438497285E-004 -1.0542767686588603E-014 -3.6243857516375203E-015
-4.0429436182357555E-015 -7.9898456630782570E-005 -1.0994377809675824E-015  2.2115000948054488E-016 -5.5015219802623380E-015  1.8473667852619035E-004 -8.0232606351779690E-016 -3.6206752817979274E-016 -5.5812114540357765E-015 -2.8457798323855627E-004 -1.4929467444746487E-015  1.0047119117382384E-016 -6.0476368935824382E-017 -1.1624365475303992E-017  1.8150118963437661E-017 -2.9827283759390617E-017  7.8858559894651683E-018 -5.6026447829879845E-017 -4.5446075553127026E-016  3.1499263535722799E-003 -6.7153840250273632E-017  1.2719174362654645E-015  5.1668574950531204E-002  2.0249618613086079E-016 -4.0967209386534277E-015 -5.8093091129947044E-015  8.3328345052708971E-016  3.7126831415960737E-002  1.3225262103622518E-016  3.5438654389952123E-015  1.4391098290636466E-015
 2.5002501560954810E-003 -9.2801777819055389E-016  4.6099708487569208E-004 -1.1208358930892333E-014  3.4621226543627066E-003 -1.0120054812242154E-015  9.3372041654421803E-004 -3.1404381309314611E-014  3.4683735051788561E-003 -1.3582262084758585E-015  4.6575804240122813E-004 -2.1361282097401154E-014  1.4558643029991651E-017  3.0257038218253073E-017  1.2573577480410143E-017 -3.7063865088892531E-017 -1.4158207876330739E-019 -5.6274483334827442E-017  2.9356689864473847E-004 -6.7153840250273632E-017  3.2134356093260243E-003 -8.9415709375199653E-004  1.0078934488517791E-015  5.1475136072334546E-002  8.4523682601413584E-015  4.2777858408812535E-015 -5.8632092438363407E-004  7.0108788055746188E-016  3.6999988758592020E-002 -2.3828464521996115E-015 -9.7610858040243962E-016
-1.7666191200609974E-002  4.3501735255532262E-015 -3.5383162059619807E-003  7.4616003270535425E-014 -2.0229728168729835E-002  9.8251273101256538E-015 -5.0319850214566421E-003  2.0660117966291028E-013 -2.7055417870366472E-002  6.9830936422865533E-015 -4.8432252410739425E-003  1.4174801896763208E-013 -4.7664687431234131E-016  3.6655926195028787E-016 -3.1908094568691668E-016  1.6195701843381604E-016 -1.7440123956310663E-016  7.7265321979457002E-016  4.7535399056712002E-002  1.2719174362654645E-015 -8.9415709375199653E-004  8.5099250070552190E-001 -1.1689378813987595E-015  7.5012628675558894E-004 -6.2056974109519117E-014 -3.6942199118962465E-014  6.1184714719451083E-001 -9.1772471001868081E-016  6.1695011492767979E-004  1.4008662091220120E-014  4.7251496674720037E-015
 5.0677373639100241E-015 -1.3105828300327045E-003 -2.5935466145361754E-015  4.5269930427655476E-015  8.8303753871748767E-015  3.0302552660374849E-003  8.2780023687735347E-015 -9.1706633223336249E-015  7.3638230245613792E-015 -4.6679627412739627E-003 -3.0991681343702659E-015  6.1570387205240346E-015 -1.0191331845498867E-015 -1.9067569568162368E-016  2.8730784392852314E-016 -4.7471841568956614E-016  1.2935252939429653E-016 -9.0641650695594855E-016  1.8504899504390538E-015  5.1668574950531204E-002  1.0078934488517791E-015 -1.1689378813987595E-015  8.4752509670299547E-001  1.3643788863131646E-016  1.9071318722428827E-016  2.2262278399830634E-015 -8.0872269399481447E-016  6.0899534032464031E-001  1.7364864942483857E-016 -2.1102169407000055E-015 -1.0052487974452220E-015
-3.5383162059613601E-003 -2.8027025335010222E-017 -2.0760500196137588E-003  1.8668087557995947E-014 -5.0319850214604360E-003  4.9599894676458794E-015  1.9416528890318890E-003  3.8874695810305215E-014 -4.8432252410731159E-003 -1.0241657585482630E-015 -5.7157294749413182E-003  3.6166176948081693E-014 -5.2786007006243947E-016  4.9978518191732048E-016 -1.0322092868670718E-016 -2.0062280139662090E-016 -4.3410540179500523E-018 -5.6235909302932783E-016 -8.9415709375391796E-004  2.0249618613086079E-016  5.1475136072334546E-002  7.5012628675558894E-004  1.3643788863131646E-016  8.4768737645054892E-001 -1.3359267265773443E-014 -7.7513494397780636E-015  6.1695011492692974E-004  1.1062703441236028E-017  6.0912880919602541E-001  1.3614901657464095E-015  1.3141947277443876E-016
 3.0951848999579138E-013  9.1837348151297839E-015  7.0175939801651044E-014  5.5483724053883429E-003  4.4525507241384945E-013 -1.6284805627987274E-014  9.1294056008386737E-014 -1.9932780723061486E-002  4.3265168053859619E-013  1.0244975022136991E-014  9.7097881210335341E-014  2.7804057149816781E-002 -1.6715258161899169E-004 -2.6572263135912030E-016 -6.4133843925069778E-005  8.9584123720433219E-005 -8.2904862778533571E-016  7.7568457910091125E-005  4.4020854784230685E-014 -4.0967209386534277E-015  8.4523682601413584E-015 -6.2056974109519117E-014  1.9071318722428827E-016 -1.3359267265773443E-014  4.1466207910370495E-001  6.0044445807448943E-001 -3.7920079950456464E-014 -7.0066338523340867E-016 -8.5891113308177950E-015 -2.5431953498053395E-001 -8.7246936698586811E-002
 1.7924823355103684E-013  1.3285926038396415E-014  4.3445106566335403E-014  8.0346171923798785E-003  2.7133292996584586E-013 -2.3560158449646582E-014  5.1402747935890553E-014 -2.8864671422502340E-002  2.5392556802137619E-013  1.4814749695973460E-014  6.0015410432488737E-014  4.0262859997375618E-002 -2.4204804877641452E-004 -3.8383807386136304E-016 -9.2870068964766362E-005  1.2972376578246488E-004 -1.1986951156214899E-015  1.1232428301065542E-004  2.6911761266913373E-014 -5.8093091129947044E-015  4.2777858408812535E-015 -3.6942199118962465E-014  2.2262278399830634E-015 -7.7513494397780636E-015  6.0044445807448943E-001  8.6947481550313266E-001 -2.2011355625578725E-014  3.9010423796913360E-016 -5.2133352929377942E-015 -3.6500091709872590E-001 -1.2453674740356843E-001
-1.1088340935242677E-002  2.5769316074935088E-015 -2.1950832494456490E-003  4.6326450661377580E-014 -1.2303217678623260E-002  6.2828986719577073E-015 -3.1326897533700019E-003  1.2841240524242829E-013 -1.7218370387155221E-002  4.2525223246230573E-015 -2.9993273458331212E-003  8.7989637800104831E-014 -3.1564259878127879E-016  2.6378168414176722E-016 -2.1853962626662560E-016  1.0189714006891671E-016 -1.2543373557671818E-016  5.4296142496406264E-016  3.4416605743493527E-002  8.3328345052708971E-016 -5.8632092438363407E-004  6.1184714719451083E-001 -8.0872269399481447E-016  6.1695011492692974E-004 -3.7920079950456464E-014 -2.2011355625578725E-014  4.3993730734321357E-001 -6.4778338891077747E-016  5.0606821205072846E-004  8.5026227099122215E-015  2.9074631004600238E-015
 3.0849163013627958E-015 -9.4172885228329089E-004 -1.9839040389363964E-015  3.2418140407037899E-015  5.5714714951182679E-015  2.1774120249535606E-003  5.7805974022549382E-015 -6.5497888924180067E-015  4.5209149768956732E-015 -3.3541986771880687E-003 -2.3932121724400703E-015  4.3685227737476933E-015 -7.3196959945227387E-016 -1.3701141197469508E-016  2.0657605884987101E-016 -3.4129244841350450E-016  9.2947203530351995E-017 -6.5146810879660823E-016  1.2424824385910007E-015  3.7126831415960737E-002  7.0108788055746188E-016 -9.1772471001868081E-016  6.0899534032464031E-001  1.1062703441236028E-017 -7.0066338523340867E-016  3.9010423796913360E-016 -6.4778338891077747E-016  4.3759804397520163E-001  5.9946614197631551E-017 -6.3817430995371250E-018  3.4901253027496573E-018
-2.1950832494452240E-003 -1.3899638609924597E-016 -1.4166056320965782E-003  1.1831418412020589E-014 -3.1326897533727163E-003  3.3961853393544855E-015  1.4996966705956233E-003  2.3618299399476983E-014 -2.9993273458325522E-003 -9.0184836392652493E-016 -4.0030628658056389E-003  2.2959437877700058E-014 -3.7331462780148548E-016  3.5920819475996013E-016 -7.1780587187464326E-017 -1.4738400651961366E-016 -3.1444890193181968E-018 -4.0681432795484818E-016 -5.8632092438497285E-004  1.3225262103622518E-016  3.6999988758592020E-002  6.1695011492767979E-004  1.7364864942483857E-016  6.0912880919602541E-001 -8.5891113308177950E-015 -5.2133352929377942E-015  5.0606821205072846E-004  5.9946614197631551E-017  4.3770752503609267E-001  1.6602328796409768E-015  4.9629483195734016E-016
-6.7003228095919407E-014 -8.3453968694775982E-015 -1.3337050225808087E-014 -3.2904450090631720E-003 -1.0210688299791090E-013  1.3965479543649131E-014 -2.2500866307885590E-014  1.1837523798986224E-002 -9.5337772496773377E-014 -9.0352459218810698E-015 -1.8309574406580423E-014 -1.6573068014466161E-002  1.0091287165451816E-004  4.3340602963160161E-016  3.8718698197560325E-005 -5.4083467282010792E-005  1.0264200538777054E-015 -4.6829404377813801E-005 -1.0542767686588603E-014  3.5438654389952123E-015 -2.3828464521996115E-015  1.4008662091220120E-014 -2.1102169407000055E-015  1.3614901657464095E-015 -2.5431953498053395E-001 -3.6500091709872590E-001  8.5026227099122215E-015 -6.3817430995371250E-018  1.6602328796409768E-015  1.0973879237170183E+000  5.7287131087075505E-001
-2.2482984804941290E-014 -3.4291496929681221E-015 -3.8134968249062304E-015 -1.1053572219696377E-003 -3.4239612270994990E-014  5.6213330911825944E-015 -8.2778927892153559E-015  3.9801214918194876E-003 -3.2038881150798298E-014 -3.6744728916368716E-015 -5.2061175825851089E-015 -5.5854952857131964E-003  3.4284411753407702E-005  2.0510350394097823E-016  1.3154395170681407E-005 -1.8374463345690701E-005  4.6018104800843409E-016 -1.5909948409168846E-005 -3.6243857516375203E-015  1.4391098290636466E-015 -9.7610858040243962E-016  4.7251496674720037E-015 -1.0052487974452220E-015  1.3141947277443876E-016 -8.7246936698586811E-002 -1.2453674740356843E-001  2.9074631004600238E-015  3.4901253027496573E-018  4.9629483195734016E-016  5.7287131087075505E-001  3.0488090251283090E-001
