 2.8279360874033247E-003 -5.3659359138892943E-017 -3.1337280903013612E-017 -1.8094235305374881E-016 -2.2065465397809923E-002  8.1931769113183109E-016 -3.6787371465153477E-016  5.5517302150086995E-015 -3.6822253027270803E-002  1.5916576785841697E-015 -9.5474398616783410E-016  8.5438702946813701E-015 -5.4179739108700000E-019  2.4350597392907335E-018  4.7353504908983607E-018  9.0939984365349379E-018  1.3324279680566928E-017  9.7210753955794051E-018 -1.6606855435166070E-002  6.4847897951765743E-016 -4.3456940655583273E-016 -1.3847947548792075E-015  1.0322700137728446E-002 -9.8016382428328007E-016 -1.0861537363960961E-015  3.6860951768286020E-016  5.1215525505905034E-003 -5.0383357509296262E-016 -5.7360393561708908E-016 -3.5963627771609537E-016 -1.0494573249077802E-016
-5.3659359138892943E-017  2.8279360874036668E-003  2.0119124272064535E-016 -5.3988419409365891E-016 -4.5016011068648311E-016 -2.2065465397811866E-002 -2.1868432317970974E-015  1.8320505636658362E-014 -9.0258789563121999E-016 -3.6822253027272538E-002 -4.0322029149709106E-015  2.7362177859907383E-014  3.9154496830645793E-017 -1.9112083117028433E-019  2.6613306044841007E-018  4.2579886117866108E-017  1.3359812042776868E-019  4.2565503292160399E-017 -2.1384396355470022E-016 -1.6606855435167128E-002 -1.0693696793157428E-015 -1.2903157450712252E-014  2.8772546667190765E-015  1.0322700137728935E-002  1.1862172193427596E-014 -6.5884221762934821E-015  1.5050902224868354E-015  5.1215525505907446E-003  6.2023883997670656E-015 -3.0180106959499287E-015 -2.7083321674508614E-015
-3.1337280903013612E-017  2.0119124272064535E-016  2.8279360874016645E-003  3.8386646946990910E-016  6.7015865064273021E-016  3.7855859098716150E-016 -2.2065465397802519E-002 -1.1793919665223465E-014  1.1857144654723436E-015  1.1477613146612926E-015 -3.6822253027260103E-002 -1.7763428657704888E-014 -1.4404149642632287E-017  1.0561322441942141E-017 -4.8903093239110913E-018 -2.4941970877411335E-017 -1.3577233351464958E-017 -1.8608047940763658E-017  9.0328440528145113E-016  5.8162859091185152E-016 -1.6606855435161588E-002  9.6648620196762533E-015  4.8515336713299046E-015  1.6509673969517485E-015  1.0322700137721455E-002  5.3561050927883703E-015  2.5600791560451710E-015  8.7374577685410753E-016  5.1215525505868987E-003 -1.8536352251170010E-015 -4.5458245331377839E-016
-1.8094235305374881E-016 -5.3988419409365891E-016  3.8386646946990910E-016  4.5575951582488283E-004  3.1207357249645990E-016  5.3072320079307223E-016 -6.4579639875590504E-016 -1.4464298773535212E-002  4.4019305109066149E-016 -2.2349628051751017E-016 -1.5986000077162878E-016 -2.1189344732846810E-002  2.9945456446230766E-016  1.4561662374273821E-018 -7.0162535625027828E-018  1.6305612401827800E-016 -3.7583162114562720E-018  7.3714570052395337E-017  1.4524029408935208E-016  1.4978933904152637E-017 -2.1432325846864971E-016  1.5444958192782653E-002  2.1757751717803681E-019 -3.7458770709182005E-016  8.0400274116631246E-016  9.8880612972313663E-003 -6.9834976164409821E-018 -1.7651620643294525E-016  4.0584026988004685E-016 -5.0382321953362889E-003 -1.7648156773927663E-003
-2.2065465397809923E-002 -4.5016011068648311E-016  6.7015865064273021E-016  3.1207357249645990E-016  1.7224626071316584E-001  2.6451587676343190E-016 -6.9994959349107341E-016 -3.0858293932911482E-015  2.8752501684510307E-001 -1.3337153244998481E-015  1.4590963079623384E-015 -4.6924690103872783E-015  3.8199513764396543E-018 -1.7308322646821036E-017 -4.0423715499544968E-017 -7.2853580842948684E-017 -1.0853208458551072E-016 -7.8235765827693262E-017  1.2908259765426533E-001 -2.6931021386787997E-016  2.8197557407503688E-016  9.3694204473620434E-016 -8.9447623497087542E-002  1.2144305051416867E-015  3.7814261270863339E-015 -2.3356122072906808E-017 -4.4639564966692129E-002  6.4360322047192663E-016  1.9583401740519467E-015 -7.3622494503051270E-016 -4.9909836920158960E-016
 8.1931769113183109E-016 -2.2065465397811866E-002  3.7855859098716150E-016  5.3072320079307223E-016  2.6451587676343190E-016  1.7224626071317545E-001  1.1140387366703929E-015 -1.9047117112555128E-014  1.4653272914746206E-015  2.8752501684510740E-001  4.1382751830004072E-015 -2.7999372920401511E-014 -3.0835370110788143E-016  4.8428030937684093E-018 -1.8946568019627587E-017 -3.3834512404128744E-016 -1.0802988842189420E-018 -3.3785459471255010E-016  3.2358851000645453E-016  1.2908259765426905E-001  8.5813318765583653E-016  1.2179549793438101E-014 -3.4945287483500046E-015 -8.9447623497092871E-002 -1.2796153153411498E-014  6.0775307013779852E-015 -1.8258613974390086E-015 -4.4639564966694918E-002 -6.6952706248454901E-015  4.6427457392005935E-015  3.6268071795943251E-015
-3.6787371465153477E-016 -2.1868432317970974E-015 -2.2065465397802519E-002 -6.4579639875590504E-016 -6.9994959349107341E-016  1.1140387366703929E-015  1.7224626071315188E-001  1.4148015787692767E-014 -1.9205425993302190E-015 -2.5246683180651983E-015  2.8752501684509307E-001  2.2630657052863704E-014  1.0084741473319669E-016 -8.5432684027253127E-017  4.1496692970154049E-017  2.0235866643728911E-016  1.1260600386563101E-016  1.4323931911590106E-016 -1.4580096705700785E-015 -6.3295738466374016E-016  1.2908259765426158E-001 -1.1854611584446458E-014 -5.3902737308380456E-015 -6.3167278828821104E-016 -8.9447623497079590E-002 -6.4714213479269401E-015 -2.8581873196336842E-015 -3.1581865142131270E-016 -4.4639564966687903E-002  9.4895925364904402E-016 -2.5065807113873740E-016
 5.5517302150086995E-015  1.8320505636658362E-014 -1.1793919665223465E-014 -1.4464298773535212E-002 -3.0858293932911482E-015 -1.9047117112555128E-014  1.4148015787692767E-014  4.7714578508630645E-001 -2.3908947082971104E-015  6.1811582395029671E-015 -7.1567746349952468E-015  7.0933781502946203E-001 -6.9253609902868653E-015 -4.0983131090663692E-017  1.6900136177508489E-016 -2.0558358030490281E-015  6.6207484220345993E-017  8.6097543674266136E-016  1.2506528315054521E-015 -2.1978336614521653E-015  2.8096008446602506E-015 -3.9757299565089010E-001 -9.6008295509155685E-016  2.1118674424186518E-016 -5.0584876415785189E-015 -2.2359577025904065E-001 -7.0035097059759786E-017 -4.1434086690531078E-016 -2.1770458643376480E-015  1.0638063624557147E-001  3.6870879861591419E-002
-3.6822253027270803E-002 -9.0258789563121999E-016  1.1857144654723436E-015  4.4019305109066149E-016  2.8752501684510307E-001  1.4653272914746206E-015 -1.9205425993302190E-015 -2.3908947082971104E-015  4.8005055334668989E-001 -5.6801980205676119E-016  1.1374669923406760E-015 -3.6916374886307463E-015  5.9219289039185650E-018 -2.7004434849418909E-017 -7.1318663219454729E-017 -1.2368239392462332E-016 -1.8618887229396043E-016 -1.3320760066214326E-016  2.1485934326849673E-001  2.3381475812299001E-016 -6.8984396103464577E-016 -8.6697006434712156E-017 -1.5915788844895690E-001  3.7673828221586039E-016 -2.3339620167093687E-015 -6.2268925609006703E-016 -7.9689725670467296E-002  2.2307487991482526E-016 -1.2875985000436953E-015  3.4729803996826750E-015  2.0432070974017194E-015
 1.5916576785841697E-015 -3.6822253027272538E-002  1.1477613146612926E-015 -2.2349628051751017E-016 -1.3337153244998481E-015  2.8752501684510740E-001 -2.5246683180651983E-015  6.1811582395029671E-015 -5.6801980205676119E-016  4.8005055334667768E-001 -6.7191834754697527E-016  1.0411687709725382E-014 -5.1773156226690733E-016  1.1804707306501709E-017 -2.9596909973305149E-017 -5.7140660009825201E-016 -1.8448495278076833E-018 -5.7016776685125949E-016 -3.7770362252749106E-016  2.1485934326849415E-001 -2.5530023535546115E-016 -3.4697749137912248E-015  1.4900031301807142E-015 -1.5915788844895959E-001  6.3812461450987007E-015 -7.8995081404503043E-016  7.7707649849215523E-016 -7.9689725670468919E-002  3.3451874646580989E-015 -4.7973380605878350E-015 -3.0684943032369553E-015
-9.5474398616783410E-016 -4.0322029149709106E-015 -3.6822253027260103E-002 -1.5986000077162878E-016  1.4590963079623384E-015  4.1382751830004072E-015  2.8752501684509307E-001 -7.1567746349952468E-015  1.1374669923406760E-015 -6.7191834754697527E-016  4.8005055334669589E-001 -8.2349514664509037E-015  1.5546802642462930E-016 -1.4592941278564613E-016  7.2958010670995910E-017  3.4629397798986924E-016  1.9532039289527608E-016  2.3686411005707519E-016  3.3485584097214213E-016  7.2165287345987833E-016  2.1485934326849915E-001  3.9106496455889034E-015  2.2866908019893517E-015 -4.2610110296202179E-016 -1.5915788844897005E-001  1.9180468101359060E-015  1.1811840568144184E-015 -1.5692152617534313E-016 -7.9689725670473985E-002  5.7822963432841411E-016  5.9506251777350457E-016
 8.5438702946813701E-015  2.7362177859907383E-014 -1.7763428657704888E-014 -2.1189344732846810E-002 -4.6924690103872783E-015 -2.7999372920401511E-014  2.2630657052863704E-014  7.0933781502946203E-001 -3.6916374886307463E-015  1.0411687709725382E-014 -8.2349514664509037E-015  1.0602131037069149E+000 -8.6720221184224830E-015 -5.7026738841767025E-017  2.1674750318892599E-016 -1.2285552980108204E-015  6.6457782213284034E-017  3.0905561206425739E-015  2.2146438591058716E-015 -2.8472833501656073E-015  5.9311400985998780E-015 -5.2946362253252532E-001  1.4621623880286005E-015  7.9915010776655478E-016  6.2688897199932872E-016 -2.7597001038736035E-001  1.4695945610945528E-015 -2.6667904352020413E-016  1.0844847830521900E-015  1.2471025066381879E-001  4.2738441230458959E-002
-5.4179739108700000E-019  3.9154496830645793E-017 -1.4404149642632287E-017  2.9945456446230766E-016  3.8199513764396543E-018 -3.0835370110788143E-016  1.0084741473319669E-016 -6.9253609902868653E-015  5.9219289039185650E-018 -5.1773156226690733E-016  1.5546802642462930E-016 -8.6720221184224830E-015  5.6976007529000081E-028  1.9038171425595849E-030 -1.2303176039100229E-029  5.5215474587149327E-028 -1.0347600999057008E-029  5.0770007096739658E-028  5.8162554647327689E-018 -2.1154629997334087E-016  1.5921561699876636E-016  2.3305545078462480E-014  4.5379319212808222E-017  4.7340950118097598E-016  1.2888724371302346E-015  1.9352294442156027E-014  2.3900925636086682E-017  2.4455345422294920E-016  6.7873368799086023E-016 -9.2619710001291585E-015 -2.8409125974661068E-015
 2.4350597392907335E-018 -1.9112083117028433E-019  1.0561322441942141E-017  1.4561662374273821E-018 -1.7308322646821036E-017  4.8428030937684093E-018 -8.5432684027253127E-017 -4.0983131090663692E-017 -2.7004434849418909E-017  1.1804707306501709E-017 -1.4592941278564613E-016 -5.7026738841767025E-017  1.9038171425595849E-030  3.5249653141339116E-031 -1.9024909339797083E-031  7.0228101155779573E-031 -4.4429815407894934E-031  8.2875559823577388E-031 -2.5236226829888989E-017 -2.0545327109189823E-017 -4.2456839974580072E-017  7.6821182286240455E-017 -1.8769638390802709E-016 -3.9017642904046363E-016  3.9021272054146889E-016  5.7639080457557473E-017 -9.8878927956783054E-017 -2.0498464355237891E-016  2.0389566435599687E-016 -6.4999167228680017E-017 -3.2061067420817750E-017
 4.7353504908983607E-018  2.6613306044841007E-018 -4.8903093239110913E-018 -7.0162535625027828E-018 -4.0423715499544968E-017 -1.8946568019627587E-017  4.1496692970154049E-017  1.6900136177508489E-016 -7.1318663219454729E-017 -2.9596909973305149E-017  7.2958010670995910E-017  2.1674750318892599E-016 -1.2303176039100229E-029 -1.9024909339797083E-031  6.9442251350215097E-031 -1.1264826953979853E-029  8.4065360142137563E-031 -1.0360830697258661E-029 -5.3401942067555269E-018 -2.7387800152226219E-017  7.1301644024846129E-018 -5.1733891620130750E-016  4.2114678071270288E-016 -2.0166060258238483E-016 -4.0589458592147472E-016 -4.1957845535994613E-016  2.2077142472148524E-016 -1.0624013323784770E-016 -2.1274111539585571E-016  4.6928132408543654E-016  2.2951887432052737E-016
 9.0939984365349379E-018  4.2579886117866108E-017 -2.4941970877411335E-017  1.6305612401827800E-016 -7.2853580842948684E-017 -3.3834512404128744E-016  2.0235866643728911E-016 -2.0558358030490281E-015 -1.2368239392462332E-016 -5.7140660009825201E-016  3.4629397798986924E-016 -1.2285552980108204E-015  5.5215474587149327E-028  7.0228101155779573E-031 -1.1264826953979853E-029  5.9834218060484500E-028 -9.3781959979353057E-030  5.7968533119387769E-028 -4.1145832146401277E-017 -2.1055853918299331E-016  9.6401473046923076E-017  2.1475864827601902E-014  2.5353495718638302E-016  8.6524395179058815E-016 -9.9103139858564596E-016  1.9087415732581418E-014  1.3223971884248145E-016  4.5006367050003190E-016 -5.1803904471825774E-016 -1.0579593425752441E-014 -3.6509344213841799E-015
 1.3324279680566928E-017  1.3359812042776868E-019 -1.3577233351464958E-017 -3.7583162114562720E-018 -1.0853208458551072E-016 -1.0802988842189420E-018  1.1260600386563101E-016  6.6207484220345993E-017 -1.8618887229396043E-016 -1.8448495278076833E-018  1.9532039289527608E-016  6.6457782213284034E-017 -1.0347600999057008E-029 -4.4429815407894934E-031  8.4065360142137563E-031 -9.3781959979353057E-030  1.2772390847675763E-030 -9.4940076852641605E-030 -4.8719953119675715E-017 -5.3967695121725316E-019  3.6627646745108692E-017 -4.0549738566428321E-016  5.7936913821875823E-016  4.8892080509390414E-018 -8.2435421089671683E-016 -3.4582113780463107E-016  3.0298631413332723E-016  2.5545948692176718E-018 -4.3167844231280117E-016  5.0913248696512805E-016  2.6478370173428019E-016
 9.7210753955794051E-018  4.2565503292160399E-017 -1.8608047940763658E-017  7.3714570052395337E-017 -7.8235765827693262E-017 -3.3785459471255010E-016  1.4323931911590106E-016  8.6097543674266136E-016 -1.3320760066214326E-016 -5.7016776685125949E-016  2.3686411005707519E-016  3.0905561206425739E-015  5.0770007096739658E-028  8.2875559823577388E-031 -1.0360830697258661E-029  5.7968533119387769E-028 -9.4940076852641605E-030  5.8062953458069543E-028 -4.1664938772472780E-017 -2.1291980683172294E-016  1.2190200052653061E-016  1.8851093649561305E-014  3.1268567362990051E-016  8.2122918624294589E-016  1.5905741311420699E-016  1.7555508001797285E-014  1.6325146812973634E-016  4.2693913102282882E-016  8.5559615452005638E-017 -9.1879059130892611E-015 -2.9881823443653645E-015
-1.6606855435166070E-002 -2.1384396355470022E-016  9.0328440528145113E-016  1.4524029408935208E-016  1.2908259765426533E-001  3.2358851000645453E-016 -1.4580096705700785E-015  1.2506528315054521E-015  2.1485934326849673E-001 -3.7770362252749106E-016  3.3485584097214213E-016  2.2146438591058716E-015  5.8162554647327689E-018 -2.5236226829888989E-017 -5.3401942067555269E-018 -4.1145832146401277E-017 -4.8719953119675715E-017 -4.1664938772472780E-017  1.0072464551793213E-001 -1.0503656195502948E-016 -3.8131390406319116E-016  4.8215569293836696E-016 -3.0619992219338421E-003 -5.7772994611847177E-016  1.7459991785699736E-015  6.4085891801785447E-016  1.6560420100812656E-004 -3.1106847960766291E-016  8.9034682404473889E-016 -3.1377380299416428E-015 -1.8425014589944642E-015
 6.4847897951765743E-016 -1.6606855435167128E-002  5.8162859091185152E-016  1.4978933904152637E-017 -2.6931021386787997E-016  1.2908259765426905E-001 -6.3295738466374016E-016 -2.1978336614521653E-015  2.3381475812299001E-016  2.1485934326849415E-001  7.2165287345987833E-016 -2.8472833501656073E-015 -2.1154629997334087E-016 -2.0545327109189823E-017 -2.7387800152226219E-017 -2.1055853918299331E-016 -5.3967695121725316E-019 -2.1291980683172294E-016 -1.0503656195502948E-016  1.0072464551793334E-001 -2.6926677563019452E-016  5.0848724878778940E-016 -9.4016313159063734E-016 -3.0619992219281661E-003 -4.7874600133391337E-015  7.1720791976351274E-017 -4.9699745966164568E-016  1.6560420101137396E-004 -2.5307340059471716E-015  4.3261146693832910E-015  2.6897632578173386E-015
-4.3456940655583273E-016 -1.0693696793157428E-015 -1.6606855435161588E-002 -2.1432325846864971E-016  2.8197557407503688E-016  8.5813318765583653E-016  1.2908259765426158E-001  2.8096008446602506E-015 -6.8984396103464577E-016 -2.5530023535546115E-016  2.1485934326849915E-001  5.9311400985998780E-015  1.5921561699876636E-016 -4.2456839974580072E-017  7.1301644024846129E-018  9.6401473046923076E-017  3.6627646745108692E-017  1.2190200052653061E-016 -3.8131390406319116E-016 -2.6926677563019452E-016  1.0072464551793574E-001 -2.6770115781679126E-015 -1.1353765150274505E-015 -1.8919690138358034E-015 -3.0619992219206443E-003 -1.3311143270817249E-015 -5.3906532016012403E-016 -1.0385657953074775E-015  1.6560420101534301E-004 -5.9948519580760570E-016 -5.3959409630373820E-016
-1.3847947548792075E-015 -1.2903157450712252E-014  9.6648620196762533E-015  1.5444958192782653E-002  9.3694204473620434E-016  1.2179549793438101E-014 -1.1854611584446458E-014 -3.9757299565089010E-001 -8.6697006434712156E-017 -3.4697749137912248E-015  3.9106496455889034E-015 -5.2946362253252532E-001  2.3305545078462480E-014  7.6821182286240455E-017 -5.1733891620130750E-016  2.1475864827601902E-014 -4.0549738566428321E-016  1.8851093649561305E-014  4.8215569293836696E-016  5.0848724878778940E-016 -2.6770115781679126E-015  9.9761433976259861E-001  6.2566027479080922E-016 -7.2852768677585266E-017  2.3830878788297973E-016  7.9670940083097552E-001  5.7982531267223698E-016  1.2767927969278572E-015 -5.3669397124591143E-017 -4.6315077728843845E-001 -1.6934447169403466E-001
 1.0322700137728446E-002  2.8772546667190765E-015  4.8515336713299046E-015  2.1757751717803681E-019 -8.9447623497087542E-002 -3.4945287483500046E-015 -5.3902737308380456E-015 -9.6008295509155685E-016 -1.5915788844895690E-001  1.4900031301807142E-015  2.2866908019893517E-015  1.4621623880286005E-015  4.5379319212808222E-017 -1.8769638390802709E-016  4.2114678071270288E-016  2.5353495718638302E-016  5.7936913821875823E-016  3.1268567362990051E-016 -3.0619992219338421E-003 -9.4016313159063734E-016 -1.1353765150274505E-015  6.2566027479080922E-016  1.0722799349042096E+000  5.9251801492153642E-016  1.8041124149336520E-016 -2.1325887615299528E-015  5.6229040873242497E-001  5.0679387365451851E-017  1.5265566588163183E-016  2.0177020688666534E-015  9.8648976749124465E-016
-9.8016382428328007E-016  1.0322700137728935E-002  1.6509673969517485E-015 -3.7458770709182005E-016  1.2144305051416867E-015 -8.9447623497092871E-002 -6.3167278828821104E-016  2.1118674424186518E-016  3.7673828221586039E-016 -1.5915788844895959E-001 -4.2610110296202179E-016  7.9915010776655478E-016  4.7340950118097598E-016 -3.9017642904046363E-016 -2.0166060258238483E-016  8.6524395179058815E-016  4.8892080509390414E-018  8.2122918624294589E-016 -5.7772994611847177E-016 -3.0619992219281661E-003 -1.8919690138358034E-015 -7.2852768677585266E-017  5.9251801492153642E-016  1.0722799349042056E+000  6.4815970684361164E-016 -2.2549469627775523E-015  2.5308598198306149E-016  5.6229040873242775E-001  5.6397403029794696E-017 -2.3313966624218734E-015 -1.6749031747716844E-015
-1.0861537363960961E-015  1.1862172193427596E-014  1.0322700137721455E-002  8.0400274116631246E-016  3.7814261270863339E-015 -1.2796153153411498E-014 -8.9447623497079590E-002 -5.0584876415785189E-015 -2.3339620167093687E-015  6.3812461450987007E-015 -1.5915788844897005E-001  6.2688897199932872E-016  1.2888724371302346E-015  3.9021272054146889E-016 -4.0589458592147472E-016 -9.9103139858564596E-016 -8.2435421089671683E-016  1.5905741311420699E-016  1.7459991785699736E-015 -4.7874600133391337E-015 -3.0619992219206443E-003  2.3830878788297973E-016  1.8041124149336520E-016  6.4815970684361164E-016  1.0722799349041978E+000  5.7542815040254862E-016  1.2594092435547784E-015 -7.4483617142981866E-016  5.6229040873242131E-001  1.2153215151823940E-015  8.6198519008241339E-016
 3.6860951768286020E-016 -6.5884221762934821E-015  5.3561050927883703E-015  9.8880612972313663E-003 -2.3356122072906808E-017  6.0775307013779852E-015 -6.4714213479269401E-015 -2.2359577025904065E-001 -6.2268925609006703E-016 -7.8995081404503043E-016  1.9180468101359060E-015 -2.7597001038736035E-001  1.9352294442156027E-014  5.7639080457557473E-017 -4.1957845535994613E-016  1.9087415732581418E-014 -3.4582113780463107E-016  1.7555508001797285E-014  6.4085891801785447E-016  7.1720791976351274E-017 -1.3311143270817249E-015  7.9670940083097552E-001 -2.1325887615299528E-015 -2.2549469627775523E-015  5.7542815040254862E-016  6.6429939830625206E-001 -7.9371751254855139E-016 -6.4955081584445603E-017  2.3582254445499897E-016 -3.7529999246140405E-001 -1.3319842164619158E-001
 5.1215525505905034E-003  1.5050902224868354E-015  2.5600791560451710E-015 -6.9834976164409821E-018 -4.4639564966692129E-002 -1.8258613974390086E-015 -2.8581873196336842E-015 -7.0035097059759786E-017 -7.9689725670467296E-002  7.7707649849215523E-016  1.1811840568144184E-015  1.4695945610945528E-015  2.3900925636086682E-017 -9.8878927956783054E-017  2.2077142472148524E-016  1.3223971884248145E-016  3.0298631413332723E-016  1.6325146812973634E-016  1.6560420100812656E-004 -4.9699745966164568E-016 -5.3906532016012403E-016  5.7982531267223698E-016  5.6229040873242497E-001  2.5308598198306149E-016  1.2594092435547784E-015 -7.9371751254855139E-016  2.9488932539899582E-001 -3.8361912657213628E-018  6.8955258169847468E-016 -7.2257557208644737E-016 -5.3944783062107159E-016
-5.0383357509296262E-016  5.1215525505907446E-003  8.7374577685410753E-016 -1.7651620643294525E-016  6.4360322047192663E-016 -4.4639564966694918E-002 -3.1581865142131270E-016 -4.1434086690531078E-016  2.2307487991482526E-016 -7.9689725670468919E-002 -1.5692152617534313E-016 -2.6667904352020413E-016  2.4455345422294920E-016 -2.0498464355237891E-016 -1.0624013323784770E-016  4.5006367050003190E-016  2.5545948692176718E-018  4.2693913102282882E-016 -3.1106847960766291E-016  1.6560420101137396E-004 -1.0385657953074775E-015  1.2767927969278572E-015  5.0679387365451851E-017  5.6229040873242775E-001 -7.4483617142981866E-016 -6.4955081584445603E-017 -3.8361912657213628E-018  2.9488932539899998E-001 -5.4039376263389080E-016  1.3130175801229505E-015  8.7435049173088449E-016
-5.7360393561708908E-016  6.2023883997670656E-015  5.1215525505868987E-003  4.0584026988004685E-016  1.9583401740519467E-015 -6.6952706248454901E-015 -4.4639564966687903E-002 -2.1770458643376480E-015 -1.2875985000436953E-015  3.3451874646580989E-015 -7.9689725670473985E-002  1.0844847830521900E-015  6.7873368799086023E-016  2.0389566435599687E-016 -2.1274111539585571E-016 -5.1803904471825774E-016 -4.3167844231280117E-016  8.5559615452005638E-017  8.9034682404473889E-016 -2.5307340059471716E-015  1.6560420101534301E-004 -5.3669397124591143E-017  1.5265566588163183E-016  5.6397403029794696E-017  5.6229040873242131E-001  2.3582254445499897E-016  6.8955258169847468E-016 -5.4039376263389080E-016  2.9488932539899515E-001 -1.7193096937684508E-015 -1.0249297098876263E-015
-3.5963627771609537E-016 -3.0180106959499287E-015 -1.8536352251170010E-015 -5.0382321953362889E-003 -7.3622494503051270E-016  4.6427457392005935E-015  9.4895925364904402E-016  1.0638063624557147E-001  3.4729803996826750E-015 -4.7973380605878350E-015  5.7822963432841411E-016  1.2471025066381879E-001 -9.2619710001291585E-015 -6.4999167228680017E-017  4.6928132408543654E-016 -1.0579593425752441E-014  5.0913248696512805E-016 -9.1879059130892611E-015 -3.1377380299416428E-015  4.3261146693832910E-015 -5.9948519580760570E-016 -4.6315077728843845E-001  2.0177020688666534E-015 -2.3313966624218734E-015  1.2153215151823940E-015 -3.7529999246140405E-001 -7.2257557208644737E-016  1.3130175801229505E-015 -1.7193096937684508E-015  1.0901001039215796E+000  6.2355857754506838E-001
-1.0494573249077802E-016 -2.7083321674508614E-015 -4.5458245331377839E-016 -1.7648156773927663E-003 -4.9909836920158960E-016  3.6268071795943251E-015 -2.5065807113873740E-016  3.6870879861591419E-002  2.0432070974017194E-015 -3.0684943032369553E-015  5.9506251777350457E-016  4.2738441230458959E-002 -2.8409125974661068E-015 -3.2061067420817750E-017  2.2951887432052737E-016 -3.6509344213841799E-015  2.6478370173428019E-016 -2.9881823443653645E-015 -1.8425014589944642E-015  2.6897632578173386E-015 -5.3959409630373820E-016 -1.6934447169403466E-001  9.8648976749124465E-016 -1.6749031747716844E-015  8.6198519008241339E-016 -1.3319842164619158E-001 -5.3944783062107159E-016  8.7435049173088449E-016 -1.0249297098876263E-015  6.2355857754506838E-001  3.6914529306645277E-001
