  0.13690779457533808        6.5884935807081432E-017  -2.9774243019564902E-017   7.0547065314318762E-017   6.9045091722057264E-002   2.7092065474103134E-017  -3.7852190424654630E-017   1.1692902635940356E-016   3.9793959656993359E-002   4.5250159918074100E-018   6.7538844822898706E-018  -2.1227319535265313E-002  -4.2321755702357805E-016   4.6841352558245289E-016   5.8011173046144829E-016   6.1746974272207223E-016  -1.2248731036548903E-002  -2.6453515907366646E-016   2.9011039909115973E-016  -4.1923305420107784E-017   5.9460330448107111E-017
   6.5884935807081432E-017  0.13690779457533686       -1.9867639435426978E-016   2.9820535046902585E-016   3.1920296823755039E-017   6.9045091722058624E-002  -2.8542120795334468E-017   4.5145068460800066E-016   2.4815926127623800E-017   3.9793959656992804E-002  -8.6946654696461323E-017   2.6867029230709000E-017  -2.1227319535261569E-002  -7.3704441927688822E-016  -3.6281196923384326E-016  -2.6763532323846758E-016   1.6018257712051751E-017  -1.2248731036546629E-002  -4.6526924636229751E-016  -2.0209540771440020E-016  -1.6651819465554349E-016
  -2.9774243019564902E-017  -1.9867639435426978E-016  0.13690779457533811       -2.2710278843579328E-015  -4.9895005567197875E-017  -7.8095328242073508E-017   6.9045091722057042E-002  -2.8922872934947260E-015   3.4553869219188405E-017   4.7261651202782251E-017   3.9793959656993651E-002   9.7340165148295624E-016   2.0783790148521168E-015  -2.1227319535261188E-002   2.3000009000643203E-015   1.7389603896261076E-015   6.1106656174772263E-016   1.3023809466119236E-015  -1.2248731036546319E-002   2.2761626597194923E-015   1.7029735521897989E-015
   7.0547065314318762E-017   2.9820535046902585E-016  -2.2710278843579328E-015  0.49154955617273499       -3.5556873921899510E-017  -4.4725253590243701E-016   1.6374574717750067E-015  0.64358664839096391        7.7022157378440428E-017  -1.2287054193744947E-016  -1.0699290882047971E-015  -1.5717675824002893E-015  -2.9545867642656853E-016   3.4971656316373600E-016 -0.31898189693153167      -0.18092424864210613       -1.0065296548248031E-015  -1.3595181098250756E-016   1.9106998531933266E-016   7.8985855356225085E-002   2.8844195369842038E-002
   6.9045091722057264E-002   3.1920296823755039E-017  -4.9895005567197875E-017  -3.5556873921899510E-017   3.4889352459838721E-002   1.3704746586752028E-017  -1.5232137517917540E-017  -1.6461831875447053E-016   1.9681873887700985E-002   7.1364505525128180E-018  -4.7047384058243107E-017  -1.8716427610377537E-002  -4.9428704692843869E-017  -4.9689797304920094E-016  -9.9525706033287550E-016  -1.0399991845813855E-015  -1.1210136116777469E-002  -3.2266374578498575E-017  -3.1593160732980035E-016   2.1859862565684217E-016  -4.2142268286491934E-018
   2.7092065474103134E-017   6.9045091722058624E-002  -7.8095328242073508E-017  -4.4725253590243701E-016   1.3704746586752028E-017   3.4889352459840511E-002   2.3468560846265789E-017  -5.6668705461899436E-016  -2.2205740747514001E-018   1.9681873887700957E-002  -2.6418103905535035E-017  -2.2917548414039714E-016  -1.8716427610382221E-002  -4.9569583477365156E-016   1.5337330648593132E-016   2.8058551770783304E-017  -1.4536063433240542E-016  -1.1210136116780435E-002  -3.1096043162224561E-016   1.5231623963080702E-016   1.0001200614807226E-016
  -3.7852190424654630E-017  -2.8542120795334468E-017   6.9045091722057042E-002   1.6374574717750067E-015  -1.5232137517917540E-017   2.3468560846265789E-017   3.4889352459838714E-002   2.0440170757198184E-015  -7.6391726579306353E-017  -9.6205137469673428E-017   1.9681873887700378E-002  -1.2683774872324718E-015  -1.9737723577563156E-015  -1.8716427610388338E-002  -2.2542875158323432E-015  -1.8827911370943837E-015  -8.0197132385592642E-016  -1.2412856402374673E-015  -1.1210136116784279E-002  -2.9472201802103554E-015  -2.1613041809999312E-015
   1.1692902635940356E-016   4.5145068460800066E-016  -2.8922872934947260E-015  0.64358664839096391       -1.6461831875447053E-016  -5.6668705461899436E-016   2.0440170757198184E-015  0.84632953345723705        2.9353671483818834E-016  -1.0269741924077431E-016  -1.2836865227042152E-015   8.1746282216214020E-016   4.9647374267536277E-016   1.3123502870080485E-015 -0.37069857190913424      -0.18854142533034496        5.1942216441768898E-016   4.0182159925675872E-016   7.9939867855932263E-016   7.8872615955233677E-002   2.8631821257513526E-002
   3.9793959656993359E-002   2.4815926127623800E-017   3.4553869219188405E-017   7.7022157378440428E-017   1.9681873887700985E-002  -2.2205740747514001E-018  -7.6391726579306353E-017   2.9353671483818834E-016   1.3747404968843371E-002   2.4219107181723720E-017   5.1846983757291788E-017   3.8980132036799259E-002   3.7380269823125479E-018   3.6030889869279401E-016   6.7211384657715490E-016   7.0504566736016078E-016   2.4804762462661275E-002   1.3390814449222481E-017   2.3329306129239159E-016   3.1381518595428412E-016   3.0265996895145642E-016
   4.5250159918074100E-018   3.9793959656992804E-002   4.7261651202782251E-017  -1.2287054193744947E-016   7.1364505525128180E-018   1.9681873887700957E-002  -9.6205137469673428E-017  -1.0269741924077431E-016   2.4219107181723720E-017   1.3747404968843413E-002  -1.1152644478190571E-016   3.1212592359084968E-016   3.8980132036803200E-002  -6.8444210546941252E-016  -5.6146321905638280E-017  -2.9617883506389386E-017   2.0080190093390063E-016   2.4804762462663735E-002  -4.3771764273237897E-016   4.3487838479917068E-016   2.7541647632243443E-016
   6.7538844822898706E-018  -8.6946654696461323E-017   3.9793959656993651E-002  -1.0699290882047971E-015  -4.7047384058243107E-017  -2.6418103905535035E-017   1.9681873887700378E-002  -1.2836865227042152E-015   5.1846983757291788E-017  -1.1152644478190571E-016   1.3747404968844260E-002   8.1585479384305389E-016  -1.2770695540488808E-015   3.8980132036807842E-002   1.5533732235415374E-015   1.2722914715526194E-015   5.3911120111105416E-016  -8.0252368639348285E-016   2.4804762462666774E-002   2.3657643443922549E-015   1.7016372001174169E-015
  -2.1227319535265313E-002   2.6867029230709000E-017   9.7340165148295624E-016  -1.5717675824002893E-015  -1.8716427610377537E-002  -2.2917548414039714E-016  -1.2683774872324718E-015   8.1746282216214020E-016   3.8980132036799259E-002   3.1212592359084968E-016   8.1585479384305389E-016  0.93805781223975759       -1.5579392295485389E-016  -3.5888743623598783E-016   5.4760590495342871E-017  -8.3573190759493263E-016  0.58915479810919213        1.2179331459238073E-016  -5.5632135771073954E-017  -4.0738796703862200E-016  -3.8021000594915706E-016
  -4.2321755702357805E-016  -2.1227319535261569E-002   2.0783790148521168E-015  -2.9545867642656853E-016  -4.9428704692843869E-017  -1.8716427610382221E-002  -1.9737723577563156E-015   4.9647374267536277E-016   3.7380269823125479E-018   3.8980132036803200E-002  -1.2770695540488808E-015  -1.5579392295485389E-016  0.93805781223976137        1.4128675437479624E-015  -6.8414546177860515E-016   2.7428719125405034E-016   4.1308032189732801E-018  0.58915479810919469        7.4042534521934932E-016  -3.2469534544842762E-016  -1.9968509686999038E-016
   4.6841352558245289E-016  -7.3704441927688822E-016  -2.1227319535261188E-002   3.4971656316373600E-016  -4.9689797304920094E-016  -4.9569583477365156E-016  -1.8716427610388338E-002   1.3123502870080485E-015   3.6030889869279401E-016  -6.8444210546941252E-016   3.8980132036807842E-002  -3.5888743623598783E-016   1.4128675437479624E-015  0.93805781223975560       -4.2933260535953765E-016  -1.5242492009237948E-015   3.2842100225743630E-016   9.0233449312367796E-016  0.58915479810919302       -1.4770253592054176E-015  -1.1981450453001054E-015
   5.8011173046144829E-016  -3.6281196923384326E-016   2.3000009000643203E-015 -0.31898189693153167       -9.9525706033287550E-016   1.5337330648593132E-016  -2.2542875158323432E-015 -0.37069857190913424        6.7211384657715490E-016  -5.6146321905638280E-017   1.5533732235415374E-015   5.4760590495342871E-017  -6.8414546177860515E-016  -4.2933260535953765E-016  0.80603348915959949       0.73404615889929581        4.3044469832741756E-016  -1.4492137002196563E-016  -1.2458624453203029E-016 -0.37874559777750516      -0.14456399165976200     
   6.1746974272207223E-016  -2.6763532323846758E-016   1.7389603896261076E-015 -0.18092424864210613       -1.0399991845813855E-015   2.8058551770783304E-017  -1.8827911370943837E-015 -0.18854142533034496        7.0504566736016078E-016  -2.9617883506389386E-017   1.2722914715526194E-015  -8.3573190759493263E-016   2.7428719125405034E-016  -1.5242492009237948E-015  0.73404615889929581       0.70157948325298414       -1.1106065412107293E-016   4.7381922728420593E-016  -7.8717112483836321E-016 -0.35240711124816421      -0.13120794990829437     
  -1.2248731036548903E-002   1.6018257712051751E-017   6.1106656174772263E-016  -1.0065296548248031E-015  -1.1210136116777469E-002  -1.4536063433240542E-016  -8.0197132385592642E-016   5.1942216441768898E-016   2.4804762462661275E-002   2.0080190093390063E-016   5.3911120111105416E-016  0.58915479810919213        4.1308032189732801E-018   3.2842100225743630E-016   4.3044469832741756E-016  -1.1106065412107293E-016  0.37003203863986545        1.4060030475745584E-016   3.1299840281921015E-016   2.5968014108695984E-016   1.5274797863774720E-016
  -2.6453515907366646E-016  -1.2248731036546629E-002   1.3023809466119236E-015  -1.3595181098250756E-016  -3.2266374578498575E-017  -1.1210136116780435E-002  -1.2412856402374673E-015   4.0182159925675872E-016   1.3390814449222481E-017   2.4804762462663735E-002  -8.0252368639348285E-016   1.2179331459238073E-016  0.58915479810919469        9.0233449312367796E-016  -1.4492137002196563E-016   4.7381922728420593E-016   1.4060030475745584E-016  0.37003203863986717        4.7438000801608042E-016  -7.8141872792013432E-016  -4.5688351906594352E-016
   2.9011039909115973E-016  -4.6526924636229751E-016  -1.2248731036546319E-002   1.9106998531933266E-016  -3.1593160732980035E-016  -3.1096043162224561E-016  -1.1210136116784279E-002   7.9939867855932263E-016   2.3329306129239159E-016  -4.3771764273237897E-016   2.4804762462666774E-002  -5.5632135771073954E-017   7.4042534521934932E-016  0.58915479810919302       -1.2458624453203029E-016  -7.8717112483836321E-016   3.1299840281921015E-016   4.7438000801608042E-016  0.37003203863986739        7.8486020454427876E-016   3.7994063291279311E-016
  -4.1923305420107784E-017  -2.0209540771440020E-016   2.2761626597194923E-015   7.8985855356225085E-002   2.1859862565684217E-016   1.5231623963080702E-016  -2.9472201802103554E-015   7.8872615955233677E-002   3.1381518595428412E-016   4.3487838479917068E-016   2.3657643443922549E-015  -4.0738796703862200E-016  -3.2469534544842762E-016  -1.4770253592054176E-015 -0.37874559777750516      -0.35240711124816421        2.5968014108695984E-016  -7.8141872792013432E-016   7.8486020454427876E-016   1.0233994958360821       0.61386011787106820     
   5.9460330448107111E-017  -1.6651819465554349E-016   1.7029735521897989E-015   2.8844195369842038E-002  -4.2142268286491934E-018   1.0001200614807226E-016  -2.1613041809999312E-015   2.8631821257513526E-002   3.0265996895145642E-016   2.7541647632243443E-016   1.7016372001174169E-015  -3.8021000594915706E-016  -1.9968509686999038E-016  -1.1981450453001054E-015 -0.14456399165976200      -0.13120794990829437        1.5274797863774720E-016  -4.5688351906594352E-016   3.7994063291279311E-016  0.61386011787106820       0.37930315045451385     
