  0.16823166984635804        3.3761326853380161E-016   3.9980219808198993E-016   6.0831275218091426E-016  0.32057751293805159       -2.6164114548469886E-016   1.2291270745409919E-015  -7.2486360165490455E-017  0.18713773901507497       -3.0122507650310865E-017   4.4704853120953233E-016  -2.3307636553109006E-002  -5.0114498231927945E-017  -2.2133685719881206E-016  -1.1538998082236634E-015 -0.16308785031366918       -2.0415204974377522E-016  -1.3369691918030412E-015  -1.1135669117291500E-015   5.0117945176247727E-016   1.3980979655860279E-016
   3.3761326853380161E-016  0.16823166984635796       -4.4699993269418361E-017   2.2245789092779805E-016   6.8259732140806877E-016  0.32057751293805081       -1.1476957622116868E-016   8.2357008148367527E-016   2.8202586810387137E-016  0.18713773901507572       -1.6214550538964098E-016   1.0191452987887049E-016  -2.3307636553107774E-002   5.0216024354043320E-016  -2.2076878161708204E-015   3.3827094797397061E-016 -0.16308785031366280        2.6736621449861592E-015  -1.5602128824828392E-015   2.8708580776231209E-015   1.5351256259111990E-015
   3.9980219808198993E-016  -4.4699993269418361E-017  0.16823166984635704        1.5518138705073346E-015  -5.8046294372610346E-016   2.7572690614404869E-016  0.32057751293805092        8.8597519530265559E-016  -9.2364813612463587E-017  -1.1582598512507240E-016  0.18713773901507597        4.5196065063294988E-018  -2.7151763960557561E-017  -2.3307636553107983E-002  -1.2171038083588879E-016   7.2637125103335314E-017  -4.4687690115859493E-016 -0.16308785031366285        2.1015837457341924E-016   1.1855767770987081E-015   7.8544662431115836E-016
   6.0831275218091426E-016   2.2245789092779805E-016   1.5518138705073346E-015  0.63403140268324176        8.6649661526188003E-016  -2.0668419142707710E-015  -4.8711119250639039E-016  0.73237362951608020        6.9143539825572736E-016   1.0332809375910221E-015   1.0298910230808969E-015   4.3177603373095913E-016  -5.5892882284271412E-016   7.3380677216582627E-016 -0.47482305098233529        2.4865266217350992E-015  -4.6354384351541676E-016   3.5783059863926214E-015 -0.27647359225707907       0.13202637829379307        4.5187430142401265E-002
  0.32057751293805159        6.8259732140806877E-016  -5.8046294372610346E-016   8.6649661526188003E-016  0.61094807511563609       -4.0934195876282008E-016  -2.4469225423136157E-016  -1.4518239723017191E-016  0.35614394452971254       -1.5069468038830814E-017  -5.1230077309245142E-016  -4.6544867239798539E-002  -9.5985586187674480E-017   2.2566435224864703E-016   1.4190615685371933E-015 -0.32185207425050055       -4.1134416396286419E-016   1.1773550973158289E-015   1.1263672603409507E-015   4.0981992220154023E-016   4.5027582971613605E-016
  -2.6164114548469886E-016  0.32057751293805081        2.7572690614404869E-016  -2.0668419142707710E-015  -4.0934195876282008E-016  0.61094807511563365        5.3149093978720804E-016  -7.5621043504408395E-016  -5.7898097893477234E-016  0.35614394452971249       -2.8786700586057095E-016  -1.6017565648693670E-016  -4.6544867239799621E-002  -7.3083336683274898E-016   4.1780977280306184E-015  -9.6484344346233131E-016 -0.32185207425050610       -3.7693043709270598E-015   3.8501075308378872E-015  -6.1949672906058557E-015  -3.2695484433485271E-015
   1.2291270745409919E-015  -1.1476957622116868E-016  0.32057751293805092       -4.8711119250639039E-016  -2.4469225423136157E-016   5.3149093978720804E-016  0.61094807511563753       -2.5895375800877390E-015   4.4204261943081862E-016  -3.4234234167645518E-016  0.35614394452971471        4.3961624640411376E-016  -4.6358371697169280E-016  -4.6544867239801550E-002  -1.9388825654727568E-015   2.2390727008071292E-015  -3.0275958943177731E-015 -0.32185207425051471       -1.9780639993133432E-015   8.3812524621796854E-016   1.8038663379447731E-016
  -7.2486360165490455E-017   8.2357008148367527E-016   8.8597519530265559E-016  0.73237362951608020       -1.4518239723017191E-016  -7.5621043504408395E-016  -2.5895375800877390E-015  0.85093682391511527       -3.6523100700972150E-016   1.7535033183290768E-015  -7.1641689187212730E-017  -5.9119640865662153E-016  -6.9351720502610497E-016  -1.2720605839034266E-015 -0.49036371824028363       -2.8742653243323067E-015  -1.2839371291349912E-015  -6.0852910293569361E-015 -0.26681029955114338       0.11979481575306580        4.0341020081454251E-002
  0.18713773901507497        2.8202586810387137E-016  -9.2364813612463587E-017   6.9143539825572736E-016  0.35614394452971254       -5.7898097893477234E-016   4.4204261943081862E-016  -3.6523100700972150E-016  0.21144869447286474       -7.9586447686815304E-017  -2.4697426687038306E-016  -1.0749189827709631E-002   1.4632587448303825E-016   1.1311698474898318E-016  -1.5344325295964776E-015 -0.10250626096980846        9.1806473001072585E-016   3.3946432224503208E-016  -1.6249255038157166E-015  -9.3528074386830700E-016  -8.3459431984432227E-016
  -3.0122507650310865E-017  0.18713773901507572       -1.1582598512507240E-016   1.0332809375910221E-015  -1.5069468038830814E-017  0.35614394452971249       -3.4234234167645518E-016   1.7535033183290768E-015  -7.9586447686815304E-017  0.21144869447286613       -8.2305662089108330E-017   2.3918205109750244E-016  -1.0749189827709168E-002   4.9125398627792974E-016  -3.8475721797306189E-015   1.0777922855279902E-015 -0.10250626096980606        2.6382314979563407E-015  -2.7158039705957996E-015   5.9160842123355258E-015   3.2538289235939513E-015
   4.4704853120953233E-016  -1.6214550538964098E-016  0.18713773901507597        1.0298910230808969E-015  -5.1230077309245142E-016  -2.8786700586057095E-016  0.35614394452971471       -7.1641689187212730E-017  -2.4697426687038306E-016  -8.2305662089108330E-017  0.21144869447286890       -9.6720041877567875E-016   8.1831383940112577E-016  -1.0749189827707194E-002   3.2420094648244845E-015  -4.8053864031557004E-015   4.2432319707053803E-015 -0.10250626096979454        2.6816007211683364E-015  -1.2872733986998153E-015  -3.5127755058023659E-016
  -2.3307636553109006E-002   1.0191452987887049E-016   4.5196065063294988E-018   4.3177603373095913E-016  -4.6544867239798539E-002  -1.6017565648693670E-016   4.3961624640411376E-016  -5.9119640865662153E-016  -1.0749189827709631E-002   2.3918205109750244E-016  -9.6720041877567875E-016   7.3458149700277808E-002  -5.7454580324571436E-017  -1.3303897230359580E-017   8.9711894883237765E-016  0.38771684022122599       -1.3748835482229971E-017  -8.6927929764126874E-016   3.7144304709202162E-016   6.9861550087225960E-016   5.1576238291529236E-016
  -5.0114498231927945E-017  -2.3307636553107774E-002  -2.7151763960557561E-017  -5.5892882284271412E-016  -9.5985586187674480E-017  -4.6544867239799621E-002  -4.6358371697169280E-016  -6.9351720502610497E-016   1.4632587448303825E-016  -1.0749189827709168E-002   8.1831383940112577E-016  -5.7454580324571436E-017   7.3458149700277559E-002  -2.3862592667939458E-016   1.2654152503347526E-015  -5.1967164169749902E-016  0.38771684022122532       -1.2515350563298459E-015   1.1288259839031060E-015  -2.8025541184916453E-015  -1.5778648719234222E-015
  -2.2133685719881206E-016   5.0216024354043320E-016  -2.3307636553107983E-002   7.3380677216582627E-016   2.2566435224864703E-016  -7.3083336683274898E-016  -4.6544867239801550E-002  -1.2720605839034266E-015   1.1311698474898318E-016   4.9125398627792974E-016  -1.0749189827707194E-002  -1.3303897230359580E-017  -2.3862592667939458E-016   7.3458149700276601E-002  -1.0062521858198068E-016   7.4745562048881344E-016   7.0299495011274864E-017  0.38771684022122233       -1.8454981599066368E-015   1.5253057234805213E-016  -1.4556523676045622E-016
  -1.1538998082236634E-015  -2.2076878161708204E-015  -1.2171038083588879E-016 -0.47482305098233529        1.4190615685371933E-015   4.1780977280306184E-015  -1.9388825654727568E-015 -0.49036371824028363       -1.5344325295964776E-015  -3.8475721797306189E-015   3.2420094648244845E-015   8.9711894883237765E-016   1.2654152503347526E-015  -1.0062521858198068E-016   1.0353913751985075        1.5116897326217701E-015   9.6318468033913401E-016   6.1011670498840345E-015  0.82161405055016867      -0.49004031591566488      -0.17786026868273846     
 -0.16308785031366918        3.3827094797397061E-016   7.2637125103335314E-017   2.4865266217350992E-015 -0.32185207425050055       -9.6484344346233131E-016   2.2390727008071292E-015  -2.8742653243323067E-015 -0.10250626096980846        1.0777922855279902E-015  -4.8053864031557004E-015  0.38771684022122599       -5.1967164169749902E-016   7.4745562048881344E-016   1.5116897326217701E-015   2.0563766001419506       -1.2074780574791713E-015  -2.6445398287705763E-016  -9.0447875473401354E-016   5.8446077669587404E-016   3.2334843557286172E-016
  -2.0415204974377522E-016 -0.16308785031366280       -4.4687690115859493E-016  -4.6354384351541676E-016  -4.1134416396286419E-016 -0.32185207425050610       -3.0275958943177731E-015  -1.2839371291349912E-015   9.1806473001072585E-016 -0.10250626096980606        4.2432319707053803E-015  -1.3748835482229971E-017  0.38771684022122532        7.0299495011274864E-017   9.6318468033913401E-016  -1.2074780574791713E-015   2.0563766001419506        3.7198516956429323E-016   1.4968036904359986E-015  -1.9025791616335057E-015  -9.8463785621513230E-016
  -1.3369691918030412E-015   2.6736621449861592E-015 -0.16308785031366285        3.5783059863926214E-015   1.1773550973158289E-015  -3.7693043709270598E-015 -0.32185207425051471       -6.0852910293569361E-015   3.3946432224503208E-016   2.6382314979563407E-015 -0.10250626096979454       -8.6927929764126874E-016  -1.2515350563298459E-015  0.38771684022122233        6.1011670498840345E-015  -2.6445398287705763E-016   3.7198516956429323E-016   2.0563766001419443       -3.5874109918615369E-015  -2.6444318299939020E-016  -4.4112386111577285E-016
  -1.1135669117291500E-015  -1.5602128824828392E-015   2.1015837457341924E-016 -0.27647359225707907        1.1263672603409507E-015   3.8501075308378872E-015  -1.9780639993133432E-015 -0.26681029955114338       -1.6249255038157166E-015  -2.7158039705957996E-015   2.6816007211683364E-015   3.7144304709202162E-016   1.1288259839031060E-015  -1.8454981599066368E-015  0.82161405055016867       -9.0447875473401354E-016   1.4968036904359986E-015  -3.5874109918615369E-015  0.67650287460885383      -0.39376642843831350      -0.13897628884471788     
   5.0117945176247727E-016   2.8708580776231209E-015   1.1855767770987081E-015  0.13202637829379307        4.0981992220154023E-016  -6.1949672906058557E-015   8.3812524621796854E-016  0.11979481575306580       -9.3528074386830700E-016   5.9160842123355258E-015  -1.2872733986998153E-015   6.9861550087225960E-016  -2.8025541184916453E-015   1.5253057234805213E-016 -0.49004031591566488        5.8446077669587404E-016  -1.9025791616335057E-015  -2.6444318299939020E-016 -0.39376642843831350        1.1092078740972571       0.62919822420907578     
   1.3980979655860279E-016   1.5351256259111990E-015   7.8544662431115836E-016   4.5187430142401265E-002   4.5027582971613605E-016  -3.2695484433485271E-015   1.8038663379447731E-016   4.0341020081454251E-002  -8.3459431984432227E-016   3.2538289235939513E-015  -3.5127755058023659E-016   5.1576238291529236E-016  -1.5778648719234222E-015  -1.4556523676045622E-016 -0.17786026868273846        3.2334843557286172E-016  -9.8463785621513230E-016  -4.4112386111577285E-016 -0.13897628884471788       0.62919822420907578       0.37025963395388373     
