  0.24737893999400037        2.0702567780867405E-016  -1.0335697242655088E-015   2.9255468124155341E-016  0.37081281327874754       -6.3982439488024821E-017  -9.3547853283692154E-016  -8.7180401121151429E-016  0.16145954763156892        3.6154575879105760E-016   2.9462505981559732E-016   2.3471071327433920E-016   5.3210731215136674E-016   3.4721441254645451E-016  -1.2056104007473576E-016  -1.7573503210116798E-016  -5.6569311218761701E-017  -8.2412245289301217E-002  -1.8321214549464237E-015  -5.6215121306303838E-016  -5.2576276467317175E-015 -0.18461733834816793       -5.3423037576201583E-015   2.2872238768905413E-016   5.0172226961308895E-016   1.1262205219618723E-015   9.7520606572393592E-016  -1.3826162444428997E-016  -3.7153135077021859E-016  -2.5275270442653517E-016  -5.9183491194312437E-015   6.3895154028013340E-015   7.2315044607947493E-002   5.8464093181624751E-015   7.3263710336550479E-016   6.6131140377677287E-015  -1.7669006431526247E-015   8.6782331130369674E-003   7.5917755039074262E-016   1.0099652092152617E-016  -2.2337407089192418E-016
   2.0702567780867405E-016  0.24737893999403446        8.1249203006378181E-017   5.5274200239372300E-016  -5.4853104311191878E-016  0.37081281327874110        6.6461294434513701E-016   3.5847344938753369E-015  -1.1339775593168855E-016  0.16145954763160508       -1.2264941243251466E-015  -2.2285371691445565E-016  -7.8710536704553953E-016   4.3684175502013631E-016  -5.5880376091085538E-017  -4.0758669214483223E-016   7.4556863220487476E-016  -6.1146726128831542E-016  -8.2412245289332414E-002   6.1640562703422989E-016   6.3365146865620472E-015  -2.3990863175189090E-015 -0.18461733834820329       -6.7849831957768261E-016  -1.2488028805841929E-015  -2.0426268921458661E-015   1.2489698839811180E-015  -9.5974448118764594E-016  -1.1548443654294435E-015   1.1297659800114132E-015   7.3235284639538304E-015  -1.1902422922513512E-014   1.0402076590301531E-015   7.2315044607976012E-002   2.1832657855709046E-015  -1.3533071866048204E-014   1.1866778542601624E-014   1.2525441207487195E-016   8.6782331130406346E-003   2.9079585529628666E-016   5.1380529073917768E-015
  -1.0335697242655088E-015   8.1249203006378181E-017  0.24737893999400931        1.2474930996578114E-015  -1.6441109145558735E-015   2.2360746617371045E-015  0.37081281327874799       -6.1074205417332304E-016  -6.4702596151293592E-017  -1.3547994672116111E-015  0.16145954763158465        6.3540557657406634E-016  -4.8084327674699701E-017  -1.2565863665074055E-016  -1.0733743373281111E-015   1.0806952114902818E-016  -3.6808421706526996E-017   6.6922762467308871E-016   1.4455486597211957E-016  -8.2412245289309530E-002   3.9558387687088448E-015   4.3690387391596272E-015  -2.8154753081118092E-015 -0.18461733834816521       -1.0877780338381389E-018  -1.1660114724789657E-016  -2.2215692442539362E-016  -4.1432890341168849E-015   2.2934643491833384E-016  -1.7725373888843697E-015   3.4480943293978451E-015  -1.2433893332837331E-016  -4.2123932679536301E-015   6.8158434200997484E-015   7.2315044607947229E-002  -6.8716714479658926E-016  -7.7540197438010282E-016  -5.4591471904954860E-016   9.0925585836374103E-016   8.6782331130369553E-003  -3.7008165290576174E-016
   2.9255468124155341E-016   5.5274200239372300E-016   1.2474930996578114E-015  0.36751003743031674        1.9250877569738896E-015  -1.4162922125990874E-015   1.7925183132657608E-016  0.69200576001904701       -6.4937873551111890E-016  -2.6686160637629575E-015   1.2274343657745367E-015  -1.5132408630603669E-014  -6.0521111588869315E-016   1.8561727467063230E-016  -4.9801225496529743E-015   2.5247027081491712E-016  -2.9585163338938364E-014   3.8633207625649794E-015   4.2332715301983125E-015  -8.6685110609556832E-016 -0.39541442214475803        9.4191069427344955E-015   8.0088123517058530E-015  -1.1253130632949890E-015  -1.9181267663477942E-014  -1.4242664266397206E-015   6.6005688903975925E-016   5.0932193152480546E-015   8.4590934893524258E-016  -7.6270430064384793E-014 -0.28123708628739524       0.14770021139852949       -1.4987152986305547E-014  -4.2218706967939549E-015   1.1804662392566827E-015  0.12139441401736818       -4.4798905358938559E-002  -1.9763357551692135E-015  -5.1251882332216159E-016   1.5814409210207324E-016  -1.3736748062255463E-002
  0.37081281327874754       -5.4853104311191878E-016  -1.6441109145558735E-015   1.9250877569738896E-015  0.55593229297702629       -1.1689883032070312E-015  -1.5338166617959944E-015   2.1871761037487992E-015  0.24221399698843793        1.0713842436574596E-016   3.5911581473631212E-016  -6.3018182646034442E-016  -2.0334045723011903E-015  -6.7561828695148089E-016   1.1304800532914213E-015   3.1771997211242906E-016  -4.1449659323994714E-016 -0.12015991047894181        1.8144599382466430E-015   6.7505963621467129E-016   1.0922950337492815E-014 -0.26546726571045953        6.3439135519929485E-015   5.0218329805662704E-015  -1.7606537532194098E-015  -5.5074504694862629E-015  -1.6292615580103442E-015   3.1494003505636303E-015   9.4096914515426110E-016  -1.2284194723027012E-015   1.1317230514080291E-014  -1.1681340314531481E-014   9.8353439163528608E-002  -9.2093151478558189E-015  -4.2050025988802055E-015  -1.2250609077097111E-014   2.6221637305630204E-015   1.1716460468057861E-002  -1.2129007965371764E-015  -5.3948295262195346E-016   6.7186753497873096E-017
  -6.3982439488024821E-017  0.37081281327874110        2.2360746617371045E-015  -1.4162922125990874E-015  -1.1689883032070312E-015  0.55593229297693247        4.1162514866293728E-015   7.6361994536215419E-017  -2.4480444138812096E-016  0.24221399698845614       -4.9416402104391758E-016   1.0253896509269393E-015  -6.3775781430715158E-017  -3.8618320827081089E-016   6.3581496959375287E-016   4.4459936913154528E-016  -9.5419997601614101E-016   2.2551317499716429E-015 -0.12015991047892841       -2.3078520580378728E-015  -8.8010832822734514E-015   7.0175425384624016E-015 -0.26546726571033408       -1.1378660433081511E-014   1.5987723529681256E-015  -2.0957507910577806E-016  -7.9011857741636651E-016   4.0171532609109561E-016   9.7209738811518414E-016  -3.6100327124255535E-015  -7.8045990949227705E-015   1.5086256663508485E-014  -5.3353754014748634E-015   9.8353439163457693E-002   8.6798623688467017E-016   1.6970561156464227E-014  -1.3094034408845745E-014  -6.7919960606167745E-016   1.1716460468049066E-002   3.8264295664521883E-017  -5.3498191352773643E-015
  -9.3547853283692154E-016   6.6461294434513701E-016  0.37081281327874799        1.7925183132657608E-016  -1.5338166617959944E-015   4.1162514866293728E-015  0.55593229297700686       -4.3037437315725935E-015   1.8369106501839120E-016  -1.6809626428624145E-015  0.24221399698845272       -1.7404412993485935E-015  -1.4140082071918593E-015  -4.5477630965296188E-016   1.5697448374859100E-015  -6.2953887701240140E-016  -5.2288668393656965E-016  -8.0227819683488122E-017  -1.1289627389239507E-015 -0.12015991047895948        3.3668545126186402E-015   3.0356273283743782E-015  -8.9646792058485521E-015 -0.26546726571047796       -6.8985504632649028E-015  -3.5942777868998462E-015  -1.0291562652612463E-015   1.9149927865769549E-015  -1.6702304168740533E-015  -3.8593490716373037E-015   1.6681682352869371E-015   7.4939236649348626E-016  -1.2182405571165013E-015   3.0474558122855683E-015   9.8353439163539544E-002  -6.1620615870936283E-016   9.9480634633588383E-016  -1.4727452402613474E-016   3.5398737510853576E-016   1.1716460468059228E-002   6.6068324631206928E-016
  -8.7180401121151429E-016   3.5847344938753369E-015  -6.1074205417332304E-016  0.69200576001904701        2.1871761037487992E-015   7.6361994536215419E-017  -4.3037437315725935E-015   1.3050698730687478       -2.9485928870785912E-015  -3.7390667660530702E-015   5.2637001992409473E-016  -4.5251058540054304E-014   8.5094310389582647E-016  -7.8110558658124357E-016  -6.2386581267056607E-014  -5.9421056797171776E-016   1.8596533091831096E-014  -7.2000134535049013E-016   1.5249561461953473E-015   7.3189872452412938E-017 -0.70505647860368204       -8.9141987428581060E-015  -6.2104532469369122E-015   2.9318344288275430E-015  -7.6429535174533744E-014   2.2856856989348136E-015  -1.5611819652298765E-015  -1.2087781021616216E-013  -1.0784968194189182E-015   5.1289201633125361E-014 -0.48633735192883876       0.25200322735942243        1.6634031550440269E-014   1.6197213013766344E-015  -2.9596966303539305E-015  0.20608630514706236       -7.6373661374797092E-002   2.2075809383001587E-015   1.9661648369729208E-016  -3.7478724866218018E-016  -2.3457071247666838E-002
  0.16145954763156892       -1.1339775593168855E-016  -6.4702596151293592E-017  -6.4937873551111890E-016  0.24221399698843793       -2.4480444138812096E-016   1.8369106501839120E-016  -2.9485928870785912E-015  0.10601738839598572       -8.0095120865254221E-017   2.1253853172607102E-016   1.2980941056172902E-015   2.2398882040200783E-015   5.6483487718124247E-016  -1.9135195478483531E-015  -4.0183003667338678E-016   6.3940064218354369E-016  -4.5249333870157678E-002  -1.2936823806336199E-015  -3.3992577255979474E-015  -1.0976413096817240E-014  -9.0397733209515829E-002  -3.9786812204565398E-015  -1.0415914953888773E-014   3.3299414847876410E-015   5.6519194851868273E-015   1.4800349458620376E-015  -4.8215515752764975E-015  -1.0150143943019497E-015   1.5459941049316369E-015  -1.2281842853587918E-014   9.5403686535209366E-015   4.3329240958868455E-002   9.3406694061145734E-015   7.5917767705483682E-015   9.2363163174404044E-015   2.4785486358852395E-015   5.3407198947789097E-003   1.2442101627505721E-015   9.6236047554804557E-016   2.4418027434821490E-015
   3.6154575879105760E-016  0.16145954763160508       -1.3547994672116111E-015  -2.6686160637629575E-015   1.0713842436574596E-016  0.24221399698845614       -1.6809626428624145E-015  -3.7390667660530702E-015  -8.0095120865254221E-017  0.10601738839601457       -1.0200236443252982E-015  -8.2786739596858270E-016   5.2692358777315239E-016  -7.3322199901488763E-017  -5.1671500009305044E-016  -4.4723329911448260E-016   1.6465677208211469E-015  -3.3541138211433132E-015  -4.5249333870213196E-002   5.9470032244191538E-015   7.9286367054548122E-015  -1.1351201175132607E-014  -9.0397733209658604E-002   1.9201633327385914E-014  -2.5565562241561253E-015   1.3215917368880833E-015  -1.1174738330195826E-016  -1.8425039327348632E-015  -1.1978843712593867E-015   3.7666264324619592E-015   7.2951345759425616E-015  -1.0782552117714631E-014   7.9166391131315728E-015   4.3329240958970963E-002  -5.6954712576955511E-015  -1.2169920634954522E-014   5.3425601831488146E-015   1.0011898441092280E-015   5.3407198947919227E-003  -6.4625662425973864E-016   1.5494163484919304E-015
   2.9462505981559732E-016  -1.2264941243251466E-015  0.16145954763158465        1.2274343657745367E-015   3.5911581473631212E-016  -4.9416402104391758E-016  0.24221399698845272        5.2637001992409473E-016   2.1253853172607102E-016  -1.0200236443252982E-015  0.10601738839600390        8.7587131653971758E-016   9.6514700497231676E-016   3.4245221112575093E-016  -1.7921491245257068E-015   8.8651926794128306E-016   6.7031047414737601E-016  -3.0298934270707159E-015   6.2170297258656171E-015  -4.5249333870155575E-002   3.7880060095721728E-015  -9.0932261375944384E-015   1.9030697483357215E-014  -9.0397733209482467E-002   1.1060439204642947E-015   2.4188810265095478E-015   9.0779132133973201E-016  -5.5852670574913291E-015   2.2627109959344222E-015   5.9445045658396125E-016   4.3450738993237730E-015   1.0993958226314237E-015   6.5953192704644436E-015  -1.4719386030703308E-014   4.3329240958849241E-002   1.6649617510777684E-015  -6.1459742829814493E-015   8.3423696169226045E-016  -1.8776729250504724E-015   5.3407198947765244E-003  -3.1616392153712083E-015
   2.3471071327433920E-016  -2.2285371691445565E-016   6.3540557657406634E-016  -1.5132408630603669E-014  -6.3018182646034442E-016   1.0253896509269393E-015  -1.7404412993485935E-015  -4.5251058540054304E-014   1.2980941056172902E-015  -8.2786739596858270E-016   8.7587131653971758E-016  0.20060750022294849        1.6402962430168873E-016  -1.5485456341703173E-016 -0.10030375011145240        4.5130000133003897E-016 -0.10030375011148998       -9.9219956160506167E-016   5.5540766152468956E-016  -2.8206298274740650E-016   7.5684867605172611E-014  -5.3215765069571781E-016   1.6249737112436074E-016   1.8915625536956964E-015  0.51312302841392610        9.6569209876926136E-016  -3.4021925359416637E-016 -0.25656151420693868        9.1878002601852800E-016 -0.25656151420696227        1.3492340853662051E-014  -1.5189427108453552E-014  -2.2608758151214334E-015  -3.1041099720443055E-016  -1.4763261030653884E-016  -2.8498399431220189E-014   9.7523947655293918E-015  -3.1332655871718081E-016  -4.1379464861726573E-017  -7.9363372596098440E-018   2.5179634573892772E-015
   5.3210731215136674E-016  -7.8710536704553953E-016  -4.8084327674699701E-017  -6.0521111588869315E-016  -2.0334045723011903E-015  -6.3775781430715158E-017  -1.4140082071918593E-015   8.5094310389582647E-016   2.2398882040200783E-015   5.2692358777315239E-016   9.6514700497231676E-016   1.6402962430168873E-016  0.20060750022295629        1.3428765054563129E-016  -2.0206817989688448E-017  -1.7933593317504880E-016  -5.5367748553289163E-016  -1.8191928286283852E-015  -5.5486331650164200E-016  -2.3627301932330086E-016   7.5181601134513740E-016  -5.2541659497494596E-016   5.0016922792022979E-016   7.9610917123444789E-016  -3.6765295668980029E-016  0.51312302841393242       -2.2270274952504632E-016   1.3403449357434563E-017  -2.2098581374096321E-016  -4.6648560800841347E-016   1.1979424445761549E-015  -1.7013082624970184E-015   1.4420827139794410E-015   3.8936211697399952E-016   2.4777166725659328E-015  -1.5913394991662942E-015   1.2500981445063073E-015   1.9676830945722640E-016   5.9561720072456861E-017   3.5347315925133321E-016   5.1755092472675952E-016
   3.4721441254645451E-016   4.3684175502013631E-016  -1.2565863665074055E-016   1.8561727467063230E-016  -6.7561828695148089E-016  -3.8618320827081089E-016  -4.5477630965296188E-016  -7.8110558658124357E-016   5.6483487718124247E-016  -7.3322199901488763E-017   3.4245221112575093E-016  -1.5485456341703173E-016   1.3428765054563129E-016  0.20060750022295587       -2.3882517464303630E-017  -3.7509197060953634E-016   1.2397417737985538E-016  -5.2954659768494885E-016   3.8870046220454285E-016  -2.5758853560144439E-016   5.3788452741716678E-017   6.8258069447295603E-016  -2.0857816347643917E-016   7.5021979037823053E-016  -4.8300190344690792E-016   1.0982036271036168E-016  0.51312302841393265        1.2402934040059371E-016  -1.0103669457480573E-015  -4.5586445012455469E-016   1.0358987635182452E-016   7.0243560126215066E-016  -1.8727857702625721E-015   3.8250108712817066E-016   3.9571628766220198E-017   6.5295630303515342E-016  -6.3667012211661225E-016  -2.4718109053648611E-016   5.3674664494573814E-017   8.2418513878769568E-018  -2.5776484435772255E-016
  -1.2056104007473576E-016  -5.5880376091085538E-017  -1.0733743373281111E-015  -4.9801225496529743E-015   1.1304800532914213E-015   6.3581496959375287E-016   1.5697448374859100E-015  -6.2386581267056607E-014  -1.9135195478483531E-015  -5.1671500009305044E-016  -1.7921491245257068E-015 -0.10030375011145240       -2.0206817989688448E-017  -2.3882517464303630E-017  0.20060750022295865        2.1499136157323992E-016 -0.10030375011151751        1.2410399569704719E-015   2.7170051888725456E-016   1.5401223966874617E-015   1.2387700855100516E-013  -4.6444383272187246E-016   1.4369013819807066E-016   6.0332421374151702E-016 -0.25656151420693779       -8.8093459393521198E-016  -5.0421160844613390E-016  0.51312302841391477        2.6603610807368889E-017 -0.25656151420700091       -2.1066534429138563E-014  -3.1756022891668826E-015   1.4693734313776655E-015   1.3399167627280792E-017   6.1086493592409782E-016  -1.3777153873097401E-014   1.6220407781174782E-015   1.9723682172111701E-016  -3.0453433188333844E-018   8.4758919740299748E-017  -1.1591004613971777E-016
  -1.7573503210116798E-016  -4.0758669214483223E-016   1.0806952114902818E-016   2.5247027081491712E-016   3.1771997211242906E-016   4.4459936913154528E-016  -6.2953887701240140E-016  -5.9421056797171776E-016  -4.0183003667338678E-016  -4.4723329911448260E-016   8.8651926794128306E-016   4.5130000133003897E-016  -1.7933593317504880E-016  -3.7509197060953634E-016   2.1499136157323992E-016  0.20060750022295537       -2.3993118791395646E-016   4.0488320611810236E-016   1.9607519340074497E-016  -7.8198372959311231E-016  -9.9170167946401123E-016   1.9735491947080902E-016  -2.2758925895881572E-016  -1.5193977289279692E-016   8.0475583879092704E-016   3.5091685620151056E-016   1.5269674698390014E-016   9.0648788388793455E-016  0.51312302841393131       -4.8662423984585868E-016  -7.1607302647020063E-016   2.3042240215240256E-016   1.7407790633711577E-015   2.7031253284853641E-018   1.2896475469413019E-016   4.3942746417408288E-016   1.6534117308597071E-016   2.3742664021206204E-016  -4.3463694729326475E-018   2.2558490038229100E-017   1.1398734201781985E-016
  -5.6569311218761701E-017   7.4556863220487476E-016  -3.6808421706526996E-017  -2.9585163338938364E-014  -4.1449659323994714E-016  -9.5419997601614101E-016  -5.2288668393656965E-016   1.8596533091831096E-014   6.3940064218354369E-016   1.6465677208211469E-015   6.7031047414737601E-016 -0.10030375011148998       -5.5367748553289163E-016   1.2397417737985538E-016 -0.10030375011151751       -2.3993118791395646E-016  0.20060750022301271       -3.7613651500631668E-016  -8.5157007362016172E-016  -2.6556287936571466E-016  -5.9111725048469531E-014   5.1467663766881675E-016  -3.2253582107606541E-016   8.1877385878841317E-016 -0.25656151420697271       -1.1330988434316455E-015   7.0435660003636056E-016 -0.25656151420700496        1.4518144715937852E-016  0.51312302841397650        1.4104732526913724E-013  -5.6896865194953409E-014   6.4055317610749210E-017  -1.4055331957291842E-015  -7.2423544436096483E-016  -2.0807699161541055E-014   8.2861952124717147E-015   1.3759852820147514E-017  -1.8744679094730155E-016  -9.0100664854768726E-017   2.8726766976869937E-015
  -8.2412245289301217E-002  -6.1146726128831542E-016   6.6922762467308871E-016   3.8633207625649794E-015 -0.12015991047894181        2.2551317499716429E-015  -8.0227819683488122E-017  -7.2000134535049013E-016  -4.5249333870157678E-002  -3.3541138211433132E-015  -3.0298934270707159E-015  -9.9219956160506167E-016  -1.8191928286283852E-015  -5.2954659768494885E-016   1.2410399569704719E-015   4.0488320611810236E-016  -3.7613651500631668E-016  0.15881588832510066        2.3270970618257362E-015   5.6907837975186166E-015   3.8251767150499942E-015  0.51157074233856870        1.2404384770654450E-016   9.1949599473396990E-015  -1.9934526120326536E-015  -3.0808941259860717E-015  -2.1967659393441812E-015   2.9031324557585965E-015   9.7405802266474182E-016  -1.1915499480244598E-015   6.5431111445291989E-015  -4.8049559113865329E-016 -0.26072306503809323       -3.7559250847383100E-015  -5.5049818971684850E-015   1.7649771397606297E-015  -7.4168909670218082E-015  -3.2077764248549544E-002  -5.0549242451947407E-016  -6.9914162993822643E-016  -3.9379066035066011E-015
  -1.8321214549464237E-015  -8.2412245289332414E-002   1.4455486597211957E-016   4.2332715301983125E-015   1.8144599382466430E-015 -0.12015991047892841       -1.1289627389239507E-015   1.5249561461953473E-015  -1.2936823806336199E-015  -4.5249333870213196E-002   6.2170297258656171E-015   5.5540766152468956E-016  -5.5486331650164200E-016   3.8870046220454285E-016   2.7170051888725456E-016   1.9607519340074497E-016  -8.5157007362016172E-016   2.3270970618257362E-015  0.15881588832517030       -8.5037037609592018E-015  -1.2390871296702491E-015   7.7638019712934480E-015  0.51157074233866207       -1.2624901727219049E-014   1.5393807266589410E-015  -1.5115558279376875E-015   8.8681504068907078E-016   1.0504160422801150E-015   7.4461485951613500E-016  -1.5605260440078990E-015  -3.6848612769282737E-015   2.8204588887199157E-015  -5.5999264688968239E-015 -0.26072306503818166        3.7983641584245964E-015   2.8004417564125701E-015   2.7422437875614845E-015  -7.0286222360854180E-016  -3.2077764248561069E-002   4.2915669683239856E-016   1.8854480122465247E-015
  -5.6215121306303838E-016   6.1640562703422989E-016  -8.2412245289309530E-002  -8.6685110609556832E-016   6.7505963621467129E-016  -2.3078520580378728E-015 -0.12015991047895948        7.3189872452412938E-017  -3.3992577255979474E-015   5.9470032244191538E-015  -4.5249333870155575E-002  -2.8206298274740650E-016  -2.3627301932330086E-016  -2.5758853560144439E-016   1.5401223966874617E-015  -7.8198372959311231E-016  -2.6556287936571466E-016   5.6907837975186166E-015  -8.5037037609592018E-015  0.15881588832509072       -5.4963301462890885E-015   7.5861236373601413E-015  -1.3731889973492503E-014  0.51157074233854849       -8.8689191569084213E-016  -7.2394308965062822E-016  -1.2335676023380602E-015   3.6642546779854822E-015  -1.5786729026546522E-015  -4.2238772120144163E-016  -8.7530423623717585E-016  -2.6946015150060906E-015  -7.3375910416285670E-015   8.3768865802120649E-015 -0.26072306503809023       -3.5415985687850624E-016   5.4437802375010553E-015  -9.5067019885424865E-016   1.0308891641375583E-015  -3.2077764248549315E-002   2.8822954527298843E-015
  -5.2576276467317175E-015   6.3365146865620472E-015   3.9558387687088448E-015 -0.39541442214475803        1.0922950337492815E-014  -8.8010832822734514E-015   3.3668545126186402E-015 -0.70505647860368204       -1.0976413096817240E-014   7.9286367054548122E-015   3.7880060095721728E-015   7.5684867605172611E-014   7.5181601134513740E-016   5.3788452741716678E-017   1.2387700855100516E-013  -9.9170167946401123E-016  -5.9111725048469531E-014   3.8251767150499942E-015  -1.2390871296702491E-015  -5.4963301462890885E-015   1.1957932769629240       -4.3235198568262151E-016   3.1440994770363088E-015  -8.4972457766696081E-015   2.2248328468156842E-013  -1.1516843331629284E-015   1.9003103284224177E-015   3.9761400032179143E-013  -1.4637364605002879E-015  -5.6813113602456085E-014   1.1376370661824968      -0.73875238334487381       -8.0357418805380705E-015  -6.6929725246919789E-015   6.3860794917303624E-015 -0.66171083442660950       0.25848191637435591       -1.0575705150454564E-015  -8.6847478591221480E-016   7.9774955287421686E-016   8.0272508987856497E-002
 -0.18461733834816793       -2.3990863175189090E-015   4.3690387391596272E-015   9.4191069427344955E-015 -0.26546726571045953        7.0175425384624016E-015   3.0356273283743782E-015  -8.9141987428581060E-015  -9.0397733209515829E-002  -1.1351201175132607E-014  -9.0932261375944384E-015  -5.3215765069571781E-016  -5.2541659497494596E-016   6.8258069447295603E-016  -4.6444383272187246E-016   1.9735491947080902E-016   5.1467663766881675E-016  0.51157074233856870        7.7638019712934480E-015   7.5861236373601413E-015  -4.3235198568262151E-016   1.6885471894598187        1.0192498850704658E-015  -6.2837150485989779E-015   8.8961166507405863E-016   3.7291584549079671E-015  -7.7927146271940615E-016  -2.3016939206045059E-015  -4.8038459165846375E-017   4.6980361533118126E-016   5.7894868244927040E-015  -5.8781599914073942E-015 -0.74475568177556128       -1.8437321745070239E-015   3.3317188300469469E-015  -2.6610079361755209E-015   3.3461289827338136E-015  -9.0076637579169783E-002  -2.3466534618459675E-016   3.6776910608337228E-016   1.4944947982480457E-015
  -5.3423037576201583E-015 -0.18461733834820329       -2.8154753081118092E-015   8.0088123517058530E-015   6.3439135519929485E-015 -0.26546726571033408       -8.9646792058485521E-015  -6.2104532469369122E-015  -3.9786812204565398E-015  -9.0397733209658604E-002   1.9030697483357215E-014   1.6249737112436074E-016   5.0016922792022979E-016  -2.0857816347643917E-016   1.4369013819807066E-016  -2.2758925895881572E-016  -3.2253582107606541E-016   1.2404384770654450E-016  0.51157074233866207       -1.3731889973492503E-014   3.1440994770363088E-015   1.0192498850704658E-015   1.6885471894597115        7.6271349565993149E-015   6.6893899041921820E-016   9.4718179284166849E-016  -9.1162858606130964E-016   1.3342443992946583E-015   2.6880775184544536E-016   1.3900069183075909E-015  -6.8060040385324582E-015   2.7064870688495415E-015  -3.8336652950900049E-016 -0.74475568177550511       -5.9706913178615909E-016   1.4611308683942967E-015  -2.5458502805956768E-015  -2.8111882719350548E-017  -9.0076637579163163E-002  -2.4685530173265654E-017  -1.4253677548565870E-015
   2.2872238768905413E-016  -6.7849831957768261E-016 -0.18461733834816521       -1.1253130632949890E-015   5.0218329805662704E-015  -1.1378660433081511E-014 -0.26546726571047796        2.9318344288275430E-015  -1.0415914953888773E-014   1.9201633327385914E-014  -9.0397733209482467E-002   1.8915625536956964E-015   7.9610917123444789E-016   7.5021979037823053E-016   6.0332421374151702E-016  -1.5193977289279692E-016   8.1877385878841317E-016   9.1949599473396990E-015  -1.2624901727219049E-014  0.51157074233854849       -8.4972457766696081E-015  -6.2837150485989779E-015   7.6271349565993149E-015   1.6885471894598254        3.3494281667151513E-015   1.1461805623009561E-015   1.2880875040898736E-017  -3.7656615057698256E-016   1.0315100538000935E-015   2.2591821469243624E-015   9.3398297660735870E-015  -7.9374202230731665E-015   5.5331405193017884E-015  -2.2680528207440080E-015 -0.74475568177555318        2.1832991259377753E-015  -3.4493927928793877E-017   6.8588979947924040E-016  -3.1616801972750701E-016  -9.0076637579168756E-002  -9.2774340160440525E-017
   5.0172226961308895E-016  -1.2488028805841929E-015  -1.0877780338381389E-018  -1.9181267663477942E-014  -1.7606537532194098E-015   1.5987723529681256E-015  -6.8985504632649028E-015  -7.6429535174533744E-014   3.3299414847876410E-015  -2.5565562241561253E-015   1.1060439204642947E-015  0.51312302841392610       -3.6765295668980029E-016  -4.8300190344690792E-016 -0.25656151420693779        8.0475583879092704E-016 -0.25656151420697271       -1.9934526120326536E-015   1.5393807266589410E-015  -8.8689191569084213E-016   2.2248328468156842E-013   8.8961166507405863E-016   6.6893899041921820E-016   3.3494281667151513E-015   1.3124895230540297        4.5648977219784625E-016  -1.0925234241591982E-015 -0.65624476152703082        1.4558734534771333E-015 -0.65624476152693456        7.3553442567066665E-014  -6.9496774162778564E-014  -9.1840965307965039E-016   7.7240927467760083E-016  -3.4093000639569184E-015  -1.0215705339445692E-013   2.9514827810086950E-014  -1.2363077968771640E-016   1.0902085008857409E-016  -4.4383325689664976E-016   5.9219822605407788E-015
   1.1262205219618723E-015  -2.0426268921458661E-015  -1.1660114724789657E-016  -1.4242664266397206E-015  -5.5074504694862629E-015  -2.0957507910577806E-016  -3.5942777868998462E-015   2.2856856989348136E-015   5.6519194851868273E-015   1.3215917368880833E-015   2.4188810265095478E-015   9.6569209876926136E-016  0.51312302841393242        1.0982036271036168E-016  -8.8093459393521198E-016   3.5091685620151056E-016  -1.1330988434316455E-015  -3.0808941259860717E-015  -1.5115558279376875E-015  -7.2394308965062822E-016  -1.1516843331629284E-015   3.7291584549079671E-015   9.4718179284166849E-016   1.1461805623009561E-015   4.5648977219784625E-016   1.3124895230540110       -1.1672503648320004E-015  -2.0868045789643636E-015   1.5056315569306198E-015  -4.6901569542186325E-016   1.7711539412684428E-016   1.3947102136156784E-015  -2.1020264443529970E-015   1.1117151063182942E-015  -6.5632920113484258E-017   2.5294174551893338E-015  -2.6172541489175315E-015  -2.5119858993723746E-016   1.6586441034503271E-016   2.5910052355909254E-017  -1.1752324452909579E-015
   9.7520606572393592E-016   1.2489698839811180E-015  -2.2215692442539362E-016   6.6005688903975925E-016  -1.6292615580103442E-015  -7.9011857741636651E-016  -1.0291562652612463E-015  -1.5611819652298765E-015   1.4800349458620376E-015  -1.1174738330195826E-016   9.0779132133973201E-016  -3.4021925359416637E-016  -2.2270274952504632E-016  0.51312302841393265       -5.0421160844613390E-016   1.5269674698390014E-016   7.0435660003636056E-016  -2.1967659393441812E-015   8.8681504068907078E-016  -1.2335676023380602E-015   1.9003103284224177E-015  -7.7927146271940615E-016  -9.1162858606130964E-016   1.2880875040898736E-017  -1.0925234241591982E-015  -1.1672503648320004E-015   1.3124895230540150       -8.1619078357855875E-016   2.6031821216319138E-016  -1.7550437963814267E-016   2.0627668486898199E-015  -1.2514793525733900E-015   1.1688679821692174E-015   2.8093837640449302E-016   1.4310701787465104E-015  -1.7622368862853849E-015   1.2778721028052237E-015   1.6239818252977003E-016   3.9774427465876923E-017   1.8935657618507528E-016   5.7969314882711311E-016
  -1.3826162444428997E-016  -9.5974448118764594E-016  -4.1432890341168849E-015   5.0932193152480546E-015   3.1494003505636303E-015   4.0171532609109561E-016   1.9149927865769549E-015  -1.2087781021616216E-013  -4.8215515752764975E-015  -1.8425039327348632E-015  -5.5852670574913291E-015 -0.25656151420693868        1.3403449357434563E-017   1.2402934040059371E-016  0.51312302841391477        9.0648788388793455E-016 -0.25656151420700496        2.9031324557585965E-015   1.0504160422801150E-015   3.6642546779854822E-015   3.9761400032179143E-013  -2.3016939206045059E-015   1.3342443992946583E-015  -3.7656615057698256E-016 -0.65624476152703082       -2.0868045789643636E-015  -8.1619078357855875E-016   1.3124895230539053        9.8010521139978747E-016 -0.65624476152693578        4.0771641202555651E-014  -7.6454730120224862E-014   7.4799239585399766E-016   6.2651277176712632E-016  -3.3323016437665204E-015  -9.8637535299948663E-014   2.7179258163452634E-014   8.6961129509484088E-017   7.9166627350422497E-017  -4.6335644353168506E-016   6.2818489247298139E-015
  -3.7153135077021859E-016  -1.1548443654294435E-015   2.2934643491833384E-016   8.4590934893524258E-016   9.4096914515426110E-016   9.7209738811518414E-016  -1.6702304168740533E-015  -1.0784968194189182E-015  -1.0150143943019497E-015  -1.1978843712593867E-015   2.2627109959344222E-015   9.1878002601852800E-016  -2.2098581374096321E-016  -1.0103669457480573E-015   2.6603610807368889E-017  0.51312302841393131        1.4518144715937852E-016   9.7405802266474182E-016   7.4461485951613500E-016  -1.5786729026546522E-015  -1.4637364605002879E-015  -4.8038459165846375E-017   2.6880775184544536E-016   1.0315100538000935E-015   1.4558734534771333E-015   1.5056315569306198E-015   2.6031821216319138E-016   9.8010521139978747E-016   1.3124895230540115        6.9640846637585723E-016  -6.0989359928652765E-016  -4.8745472217288877E-016  -5.6692937380118636E-016   4.5943106591350039E-016  -4.8975383121833662E-016   4.5163358403273238E-017  -2.7404921367440007E-017  -8.0141200057544161E-017   5.6243686169248936E-017  -4.4346852543451169E-017  -9.0883485453571328E-017
  -2.5275270442653517E-016   1.1297659800114132E-015  -1.7725373888843697E-015  -7.6270430064384793E-014  -1.2284194723027012E-015  -3.6100327124255535E-015  -3.8593490716373037E-015   5.1289201633125361E-014   1.5459941049316369E-015   3.7666264324619592E-015   5.9445045658396125E-016 -0.25656151420696227       -4.6648560800841347E-016  -4.5586445012455469E-016 -0.25656151420700091       -4.8662423984585868E-016  0.51312302841397650       -1.1915499480244598E-015  -1.5605260440078990E-015  -4.2238772120144163E-016  -5.6813113602456085E-014   4.6980361533118126E-016   1.3900069183075909E-015   2.2591821469243624E-015 -0.65624476152693456       -4.6901569542186325E-016  -1.7550437963814267E-016 -0.65624476152693578        6.9640846637585723E-016   1.3124895230538673        4.6342405547223159E-013  -2.1128401764423495E-013   3.6621726470466543E-016   1.0929347927030320E-015  -2.5122978055980526E-015  -1.1149387206252446E-013   3.8459868604819662E-014   5.6998568741690238E-017   1.7385605337469903E-016  -3.1974691498748041E-016   1.1419642650139756E-014
  -5.9183491194312437E-015   7.3235284639538304E-015   3.4480943293978451E-015 -0.28123708628739524        1.1317230514080291E-014  -7.8045990949227705E-015   1.6681682352869371E-015 -0.48633735192883876       -1.2281842853587918E-014   7.2951345759425616E-015   4.3450738993237730E-015   1.3492340853662051E-014   1.1979424445761549E-015   1.0358987635182452E-016  -2.1066534429138563E-014  -7.1607302647020063E-016   1.4104732526913724E-013   6.5431111445291989E-015  -3.6848612769282737E-015  -8.7530423623717585E-016   1.1376370661824968        5.7894868244927040E-015  -6.8060040385324582E-015   9.3398297660735870E-015   7.3553442567066665E-014   1.7711539412684428E-016   2.0627668486898199E-015   4.0771641202555651E-014  -6.0989359928652765E-016   4.6342405547223159E-013   1.1264552442354472      -0.68826183058433021        5.3572283122433989E-015   4.6751455113882322E-015  -2.3985368689305439E-015 -0.59883242700011297       0.22077638559744608        7.8066818689168111E-016   6.1789041784834716E-016  -2.6809607235846590E-016   6.7413166261897320E-002
   6.3895154028013340E-015  -1.1902422922513512E-014  -1.2433893332837331E-016  0.14770021139852949       -1.1681340314531481E-014   1.5086256663508485E-014   7.4939236649348626E-016  0.25200322735942243        9.5403686535209366E-015  -1.0782552117714631E-014   1.0993958226314237E-015  -1.5189427108453552E-014  -1.7013082624970184E-015   7.0243560126215066E-016  -3.1756022891668826E-015   2.3042240215240256E-016  -5.6896865194953409E-014  -4.8049559113865329E-016   2.8204588887199157E-015  -2.6946015150060906E-015 -0.73875238334487381       -5.8781599914073942E-015   2.7064870688495415E-015  -7.9374202230731665E-015  -6.9496774162778564E-014   1.3947102136156784E-015  -1.2514793525733900E-015  -7.6454730120224862E-014  -4.8745472217288877E-016  -2.1128401764423495E-013 -0.68826183058433021       0.96376136286092839       -4.4675207969294421E-015   1.6435488224638095E-015   7.5400118927514503E-015   1.0610852710713856      -0.54153527589735850       -9.5858309593692056E-016   2.1851086800458804E-016   1.0684668814004087E-015 -0.17931884131312284     
   7.2315044607947493E-002   1.0402076590301531E-015  -4.2123932679536301E-015  -1.4987152986305547E-014   9.8353439163528608E-002  -5.3353754014748634E-015  -1.2182405571165013E-015   1.6634031550440269E-014   4.3329240958868455E-002   7.9166391131315728E-015   6.5953192704644436E-015  -2.2608758151214334E-015   1.4420827139794410E-015  -1.8727857702625721E-015   1.4693734313776655E-015   1.7407790633711577E-015   6.4055317610749210E-017 -0.26072306503809323       -5.5999264688968239E-015  -7.3375910416285670E-015  -8.0357418805380705E-015 -0.74475568177556128       -3.8336652950900049E-016   5.5331405193017884E-015  -9.1840965307965039E-016  -2.1020264443529970E-015   1.1688679821692174E-015   7.4799239585399766E-016  -5.6692937380118636E-016   3.6621726470466543E-016   5.3572283122433989E-015  -4.4675207969294421E-015   2.0909983997639174        1.3924319718771543E-015  -2.6474354991352632E-015   4.1505570047008236E-015  -8.2663078437357723E-016  0.27980196366633892        6.8912911969235204E-017  -3.6797948789122359E-016  -1.1158703156290501E-017
   5.8464093181624751E-015   7.2315044607976012E-002   6.8158434200997484E-015  -4.2218706967939549E-015  -9.2093151478558189E-015   9.8353439163457693E-002   3.0474558122855683E-015   1.6197213013766344E-015   9.3406694061145734E-015   4.3329240958970963E-002  -1.4719386030703308E-014  -3.1041099720443055E-016   3.8936211697399952E-016   3.8250108712817066E-016   1.3399167627280792E-017   2.7031253284853641E-018  -1.4055331957291842E-015  -3.7559250847383100E-015 -0.26072306503818166        8.3768865802120649E-015  -6.6929725246919789E-015  -1.8437321745070239E-015 -0.74475568177550511       -2.2680528207440080E-015   7.7240927467760083E-016   1.1117151063182942E-015   2.8093837640449302E-016   6.2651277176712632E-016   4.5943106591350039E-016   1.0929347927030320E-015   4.6751455113882322E-015   1.6435488224638095E-015   1.3924319718771543E-015   2.0909983997638948       -2.4615897612329907E-015  -1.7209523005116503E-015  -6.9370266054321842E-016   5.1560166536418188E-017  0.27980196366633692       -1.1728352892860874E-016  -2.2073211613982251E-016
   7.3263710336550479E-016   2.1832657855709046E-015   7.2315044607947229E-002   1.1804662392566827E-015  -4.2050025988802055E-015   8.6798623688467017E-016   9.8353439163539544E-002  -2.9596966303539305E-015   7.5917767705483682E-015  -5.6954712576955511E-015   4.3329240958849241E-002  -1.4763261030653884E-016   2.4777166725659328E-015   3.9571628766220198E-017   6.1086493592409782E-016   1.2896475469413019E-016  -7.2423544436096483E-016  -5.5049818971684850E-015   3.7983641584245964E-015 -0.26072306503809023        6.3860794917303624E-015   3.3317188300469469E-015  -5.9706913178615909E-016 -0.74475568177555318       -3.4093000639569184E-015  -6.5632920113484258E-017   1.4310701787465104E-015  -3.3323016437665204E-015  -4.8975383121833662E-016  -2.5122978055980526E-015  -2.3985368689305439E-015   7.5400118927514503E-015  -2.6474354991352632E-015  -2.4615897612329907E-015   2.0909983997639152       -5.4976284471413302E-015   1.0727924482654818E-015  -5.6216611444660503E-016  -2.9227494666595084E-016  0.27980196366633897        4.9581589059639155E-016
   6.6131140377677287E-015  -1.3533071866048204E-014  -6.8716714479658926E-016  0.12139441401736818       -1.2250609077097111E-014   1.6970561156464227E-014  -6.1620615870936283E-016  0.20608630514706236        9.2363163174404044E-015  -1.2169920634954522E-014   1.6649617510777684E-015  -2.8498399431220189E-014  -1.5913394991662942E-015   6.5295630303515342E-016  -1.3777153873097401E-014   4.3942746417408288E-016  -2.0807699161541055E-014   1.7649771397606297E-015   2.8004417564125701E-015  -3.5415985687850624E-016 -0.66171083442660950       -2.6610079361755209E-015   1.4611308683942967E-015   2.1832991259377753E-015  -1.0215705339445692E-013   2.5294174551893338E-015  -1.7622368862853849E-015  -9.8637535299948663E-014   4.5163358403273238E-017  -1.1149387206252446E-013 -0.59883242700011297        1.0610852710713856        4.1505570047008236E-015  -1.7209523005116503E-015  -5.4976284471413302E-015   1.2081780701685729      -0.62687103729996396        1.5370771157261234E-016  -2.3790079145906523E-016  -6.1456634509742601E-016 -0.20629526259526140     
  -1.7669006431526247E-015   1.1866778542601624E-014  -7.7540197438010282E-016  -4.4798905358938559E-002   2.6221637305630204E-015  -1.3094034408845745E-014   9.9480634633588383E-016  -7.6373661374797092E-002   2.4785486358852395E-015   5.3425601831488146E-015  -6.1459742829814493E-015   9.7523947655293918E-015   1.2500981445063073E-015  -6.3667012211661225E-016   1.6220407781174782E-015   1.6534117308597071E-016   8.2861952124717147E-015  -7.4168909670218082E-015   2.7422437875614845E-015   5.4437802375010553E-015  0.25848191637435591        3.3461289827338136E-015  -2.5458502805956768E-015  -3.4493927928793877E-017   2.9514827810086950E-014  -2.6172541489175315E-015   1.2778721028052237E-015   2.7179258163452634E-014  -2.7404921367440007E-017   3.8459868604819662E-014  0.22077638559744608      -0.54153527589735850       -8.2663078437357723E-016  -6.9370266054321842E-016   1.0727924482654818E-015 -0.62687103729996396        1.2568174708224729        1.8934755765321999E-016   7.3243916131170143E-016   1.4916007767766029E-017  0.64236870764679366     
