  0.22035584480696219       -3.7092033029487589E-009  -2.2441606997618031E-010   5.5702430872636281E-009  0.14372536658474483        1.7795673059303311E-010   1.0766913293628631E-011  -1.1976482688927826E-009   9.6859768801070126E-002  -2.2736538231017693E-010  -1.3756155898430769E-011  -2.7453513611660295E-010  -1.6092944115405770E-010
  -3.7092033029487589E-009  0.22035589249433762        2.9025583702105728E-009  -7.2044503599444930E-008   1.7795683987941166E-010  0.14372536429684279       -1.3925608661677212E-010   1.5490168191109482E-008  -2.2736536495279215E-010   9.6859771724193688E-002   1.7792006679186379E-010   3.5507873488930569E-009   2.0814328659333618E-009
  -2.2441606997618031E-010   2.9025583702105728E-009  0.22035584469578920       -4.3588745726865062E-009   1.0766912063727162E-011  -1.3925608497289456E-010  0.14372536659007440        9.3719584565419174E-010  -1.3756127529190285E-011   1.7792005777786373E-010   9.6859768794253800E-002   2.1483045606914400E-010   1.2593079602484175E-010
   5.5702430872636281E-009  -7.2044503599444930E-008  -4.3588745726865062E-009  0.48622665342481614        1.4133414805024684E-010  -1.8279744378855603E-009  -1.1059721959748650E-010  0.61753328389798356       -1.1589154757685085E-009   1.4989197164056272E-008   9.0688513127400908E-010 -0.20805255551289825      -0.12242742955456042     
  0.14372536658474483        1.7795683987941166E-010   1.0766912063727162E-011   1.4133414805024684E-010   9.3743739894965691E-002   1.8101096405430359E-009   1.0951626464343905E-010  -5.2155485447499072E-009   6.3176022358030950E-002   9.9335362030896321E-010   6.0100422871155255E-011   1.0414268327907268E-009   4.4387019007753925E-010
   1.7795673059303311E-010  0.14372536429684279       -1.3925608497289456E-010  -1.8279744378855603E-009   1.8101096405430359E-009   9.3743716623288981E-002  -1.4164626161668252E-009   6.7456972306594028E-008   9.9335358359109059E-010   6.3176009586979609E-002  -7.7732761784793339E-010  -1.3469636666739841E-008  -5.7409465934204742E-009
   1.0766913293628631E-011  -1.3925608661677212E-010  0.14372536659007440       -1.1059721959748650E-010   1.0951626464343905E-010  -1.4164626161668252E-009   9.3743739949213228E-002   4.0813181368581762E-009   6.0100441915751837E-011  -7.7732762444975357E-010   6.3176022387801012E-002  -8.1494723606641784E-010  -3.4734186882848857E-010
  -1.1976482688927826E-009   1.5490168191109482E-008   9.3719584565419174E-010  0.61753328389798356       -5.2155485447499072E-009   6.7456972306594028E-008   4.0813181368581762E-009  0.78430047061846453       -5.1086427506347030E-009   6.6074247396921051E-008   3.9976606831873901E-009 -0.26486389451823411      -0.15624537461938776     
   9.6859768801070126E-002  -2.2736536495279215E-010  -1.3756127529190285E-011  -1.1589154757685085E-009   6.3176022358030950E-002   9.9335358359109059E-010   6.0100441915751837E-011  -5.1086427506347030E-009   4.2575747516093783E-002   5.1678631601148426E-010   3.1266891493057665E-011   1.8756588688113057E-009   1.3842225356776824E-009
  -2.2736538231017693E-010   9.6859771724193688E-002   1.7792005777786373E-010   1.4989197164056272E-008   9.9335362030896321E-010   6.3176009586979609E-002  -7.7732762444975357E-010   6.6074247396921051E-008   5.1678631601148426E-010   4.2575740872030463E-002  -4.0440007202785418E-010  -2.4259426879158616E-008  -1.7903279661139220E-008
  -1.3756155898430769E-011   1.7792006679186379E-010   9.6859768794253800E-002   9.0688513127400908E-010   6.0100422871155255E-011  -7.7732761784793339E-010   6.3176022387801012E-002   3.9976606831873901E-009   3.1266891493057665E-011  -4.0440007202785418E-010   4.2575747531581519E-002  -1.4677575366223533E-009  -1.0831944272232177E-009
  -2.7453513611660295E-010   3.5507873488930569E-009   2.1483045606914400E-010 -0.20805255551289825        1.0414268327907268E-009  -1.3469636666739841E-008  -8.1494723606641784E-010 -0.26486389451823411        1.8756588688113057E-009  -2.4259426879158616E-008  -1.4677575366223533E-009  0.52602777168949777       0.58001109670997808     
  -1.6092944115405770E-010   2.0814328659333618E-009   1.2593079602484175E-010 -0.12242742955456042        4.4387019007753925E-010  -5.7409465934204742E-009  -3.4734186882848857E-010 -0.15624537461938776        1.3842225356776824E-009  -1.7903279661139220E-008  -1.0831944272232177E-009  0.58001109670997808       0.66786536152571474     
