   3.7629572691607244E-007  -9.5517263920168497E-013   5.2237808619767536E-013   3.0759376373759950E-016  -5.8217448688833379E-006   1.2399496174648278E-011  -5.7964025156460919E-012   4.3518692714572458E-016  -2.0753843126172978E-004   3.4434394540735199E-010  -1.8592594350533305E-010  -4.9328947642913914E-016  -4.7125487975844095E-004   7.3737419034766904E-010  -4.2614639842388377E-010  -1.0769917336755289E-016  -2.6496773715920416E-020   4.5314358868610133E-019  -5.2756629691002584E-021  -2.8128600883372083E-020  -4.3850981577374304E-019   2.0898173389702407E-019  -1.7846895922032601E-004   3.2077416500278839E-010  -1.9343699395584501E-010   2.1116938505091840E-015   6.2819858822018215E-004  -4.5272015901863308E-010   2.0977935990745474E-010   1.9741872061901694E-015  -5.5937627273483897E-016   6.2504886174140467E-005  -4.3051309889741551E-011   1.9562237182307919E-011  -5.6394447034451127E-017
  -9.5517263920168497E-013   3.7629544649264055E-007  -1.1391614852088555E-012  -5.3378723784433083E-016   1.2399507447897542E-011  -5.8217404627306685E-006   1.4040678999277321E-011  -7.6410121844212032E-016   3.4434442591438043E-010  -2.0753832830596822E-004   4.0885620953638062E-010   8.8697160722510256E-017   7.3737527317002754E-010  -4.7125468106976525E-004   8.9677073244932868E-010  -2.5971881397684940E-017   2.6590435533390427E-020  -3.9851324396129354E-020  -6.1405210107828736E-020   3.7934917667021193E-019  -9.5318138977182737E-021   2.4658055582605764E-019   3.2077460196119424E-010  -1.7846887904928829E-004   3.9622598147002363E-010   7.1706502646800994E-016  -4.5272129112045225E-010   6.2819842590657276E-004  -5.1123772475724243E-010   6.8061133184008126E-016   6.9615101470781760E-017  -4.3051421378729130E-011   6.2504870438280776E-005  -4.8322645754626788E-011   1.2624105555597313E-016
   5.2237808619767536E-013  -1.1391614852088555E-012   3.7629693931861808E-007  -6.4032365618948791E-016  -5.7964098837814898E-012   1.4040684442826278E-011  -5.8217596882589263E-006  -8.2501704361732896E-016  -1.8592623568349673E-010   4.0885645746837519E-010  -2.0753886610380573E-004   1.6812304067589396E-015  -4.2614705432501776E-010   8.9677129875630468E-010  -4.7125583706887452E-004   1.2034480465610721E-015  -5.5113961315101753E-019   1.0077054759187426E-019   8.3043162527377801E-020  -1.6078104487964185E-019  -2.5320125938526851E-019   4.4883828926014940E-019  -1.9343731940773761E-010   3.9622622321351422E-010  -1.7846938318988499E-004  -1.2396548986964739E-015   2.0977931934369458E-010  -5.1123811315534553E-010   6.2819912756365036E-004  -8.3052340443058867E-016   3.9473201386822884E-016   1.9562229782251414E-011  -4.8322683073324048E-011   6.2504937101913384E-005   1.2565115557412184E-016
   3.0759376373759950E-016  -5.3378723784433083E-016  -6.4032365618948791E-016  0.46029449425885094       -1.4320857370844678E-016   1.2498979633755518E-015   1.4522973454158855E-015  0.64206448088778223        7.3155825445735424E-016  -1.7530535998851806E-015  -7.8969498425701344E-016 -0.37947981421694649        1.7344360715001371E-015  -2.4085130464158748E-015  -3.1302539709107321E-016 -0.17755331922890374        1.3614717960588686E-009  -4.2330849773288563E-008  -3.7429412385437300E-009  -2.7513189679755018E-008  -3.0078767386243691E-008   2.6151712622024613E-008   8.3789388395673144E-016  -1.3364765131610988E-015  -5.1635385767268332E-016  0.12282689229870822        5.5794866763678500E-016   2.1060774940930842E-015  -2.3782806596522519E-015   7.0921182201553828E-002  -3.1556242897814002E-002   6.5008186533233940E-017   2.0132198552159399E-016  -2.4793373068615889E-016  -1.0365587023729637E-002
  -5.8217448688833379E-006   1.2399507447897542E-011  -5.7964098837814898E-012  -1.4320857370844678E-016   1.0715726842193232E-004  -1.3220864048489241E-010   2.8777293690236453E-011  -1.9497103986841699E-016   3.9678263013161784E-003  -2.7255470430487979E-009   4.7992400726865831E-010   1.6319048055304246E-015   8.9473861509985087E-003  -5.3891144752202112E-009   1.2298031418415881E-009   9.1858566451479275E-016   5.0721335944841362E-020  -6.1759979956951347E-018  -6.9554708388614974E-019  -1.2534724883200723E-018   5.2527103427829968E-018  -2.2170660208659063E-018   3.8996650970266160E-003  -2.3372468317183760E-009   5.8237021352413210E-010  -4.5652295155448815E-015  -5.8845092215386299E-003   3.0505777453317600E-009  -6.0802849752695368E-010  -3.9584174934421494E-015   3.2390818085503748E-015  -5.6328704787131920E-004   2.8803563876147336E-010  -5.6640845102684406E-011   1.2966029162631813E-015
   1.2399496174648278E-011  -5.8217404627306685E-006   1.4040684442826278E-011   1.2498979633755518E-015  -1.3220864048489241E-010   1.0715719575839734E-004  -1.2464805805543222E-010   1.7433638163520296E-015  -2.7255478781755912E-009   3.9678247151862332E-003  -2.4836875088962363E-009  -2.4988052567808335E-015  -5.3891163339594337E-009   8.9473832332262332E-003  -5.1240100984209900E-009  -1.5982168390660208E-015  -4.6722888895369031E-018   2.4285703730491727E-018   3.2924740869106348E-018  -7.5971246905090402E-018  -7.3933927007417907E-020  -6.9393393935010827E-018  -2.3372473682044900E-009   3.8996638697067374E-003  -2.2594569170875367E-009   1.8885668988091624E-015   3.0505822806887319E-009  -5.8845075013651592E-003   2.8336516255039574E-009   1.3813126691924534E-015   4.9748894332129369E-017   2.8803609743204717E-010  -5.6328688485424638E-004   2.6696980925856637E-010   1.8688417081472914E-016
  -5.7964025156460919E-012   1.4040678999277321E-011  -5.8217596882589263E-006   1.4522973454158855E-015   2.8777293690236453E-011  -1.2464805805543222E-010   1.0715739560168274E-004   1.9107634009154274E-015   4.7992438085719838E-010  -2.4836878709123152E-009   3.9678288173923973E-003  -3.4808296013831476E-015   1.2298039746775220E-009  -5.1240109940138307E-009   8.9473913881274354E-003  -2.3031511238034500E-015   1.1149219738531844E-017  -2.1461045289049119E-018  -1.9672001124385371E-018   2.7027067136431820E-018   4.8662638414922215E-018  -1.9376958489465050E-018   5.8237070123506228E-010  -2.2594569989939278E-009   3.8996674141068451E-003   4.0953738675008084E-015  -6.0802757200563066E-010   2.8336555791360203E-009  -5.8845121038227201E-003   3.1127594508421905E-015  -2.9795842417778481E-015  -5.6640745340508726E-011   2.6697021314888527E-010  -5.6328731929856859E-004  -1.2768671567168444E-015
   4.3518692714572458E-016  -7.6410121844212032E-016  -8.2501704361732896E-016  0.64206448088778223       -1.9497103986841699E-016   1.7433638163520296E-015   1.9107634009154274E-015  0.89884535618584738       -9.6202752048509249E-016   5.9966411057282594E-016  -7.0465102760770233E-016 -0.47672485087656025       -2.3225731655540233E-015   3.0993545067327777E-015   3.0992222905919305E-016 -0.20216277606789190        1.5317964255705267E-009  -5.8288164892738857E-008  -4.4597204233623682E-009  -3.7760135950116316E-008  -4.1944183194993526E-008   3.6228333706731987E-008  -8.5912195053341008E-016   1.1058463039889407E-015   8.7783495066590121E-017  0.13955392194010705        1.4753127136519209E-015  -1.8674668147432689E-015   2.1896826045226394E-015   8.1926239699040157E-002  -3.5750595584747823E-002   1.4300625827861273E-016  -1.8062412462958068E-016   2.2583765192798460E-016  -1.1535922394128439E-002
  -2.0753843126172978E-004   3.4434442591438043E-010  -1.8592623568349673E-010   7.3155825445735424E-016   3.9678263013161784E-003  -2.7255478781755912E-009   4.7992438085719838E-010  -9.6202752048509249E-016  0.14799536997361745       -1.9778994327691917E-008  -4.3448718700518472E-009   1.1385085931425425E-015  0.33329115414653271       -1.6458794528867936E-008  -4.1759566961657084E-009  -4.1436709511630625E-017  -1.2986894358507535E-018  -2.1294515273668038E-016  -3.1517312843680130E-017  -5.9288474656348069E-017   1.7400874077545808E-016  -7.0249201042745376E-017  0.14886579505109060       -5.4643222209349779E-009  -8.4273125752613344E-010   5.1930359345456875E-015 -0.17661131868997637        8.3717659068230839E-009   1.6670241236584909E-009   4.3136663005418406E-015  -2.7307536342673306E-015  -1.6588572112109262E-002   7.7585332171988124E-010   1.5532854728653168E-010  -9.2888530540227513E-016
   3.4434394540735199E-010  -2.0753832830596822E-004   4.0885645746837519E-010  -1.7530535998851806E-015  -2.7255470430487979E-009   3.9678247151862332E-003  -2.4836878709123152E-009   5.9966411057282594E-016  -1.9778994327691917E-008  0.14799535237605740       -1.2084477243852966E-008   2.1896095347295783E-015  -1.6458792579064481E-008  0.33329113906715485       -9.6306737944689664E-009   3.3388856613520643E-015  -2.0341517254504200E-016   1.0224843408671677E-016   1.3763455728314260E-016  -2.8577488992932473E-016  -4.5512758736560751E-018  -2.7440280248285718E-016  -5.4643218769195758E-009  0.14886579046753826       -3.6099184077455792E-009  -6.4016440126262376E-015   8.3717612580872651E-009 -0.17661131137531075        5.2454522400108679E-009  -4.7603589475435606E-015   3.7576056791706350E-015   7.7585284598588330E-010  -1.6588571433571841E-002   4.8548700846435032E-010   1.4858198325335794E-015
  -1.8592594350533305E-010   4.0885620953638062E-010  -2.0753886610380573E-004  -7.8969498425701344E-016   4.7992400726865831E-010  -2.4836875088962363E-009   3.9678288173923973E-003  -7.0465102760770233E-016  -4.3448718700518472E-009  -1.2084477243852966E-008  0.14799538092535688        1.6203969061635243E-015  -4.1759566745290988E-009  -9.6306748884115347E-009  0.33329116273667347        2.3678358226973778E-016   4.2013849608657621E-016  -8.1586176447703084E-017  -7.6031533263687449E-017   9.8208012447072596E-017   1.8168269096541639E-016  -2.5774927121729151E-017  -8.4273144389540469E-010  -3.6099178813661276E-009  0.14886579841056588       -3.9062135539933766E-015   1.6670212045906781E-009   5.2454582579889224E-009 -0.17661132348603112       -3.8014063318281467E-015   4.7190698625406705E-015   1.5532825456110366E-010   4.8548763733689375E-010  -1.6588572555801939E-002   2.1449931806842351E-015
  -4.9328947642913914E-016   8.8697160722510256E-017   1.6812304067589396E-015 -0.37947981421694649        1.6319048055304246E-015  -2.4988052567808335E-015  -3.4808296013831476E-015 -0.47672485087656025        1.1385085931425425E-015   2.1896095347295783E-015   1.6203969061635243E-015   1.1841148629240785        6.7757869248461711E-017  -5.3979462389368884E-015  -4.0945060286485050E-016  0.88948571298743617       -7.2340041235635303E-009   4.7621702233612261E-008   1.5754770041189621E-008   3.3024166036823929E-008   2.5079014589878754E-008  -2.5790128498386089E-008   3.1652081082366402E-015   2.3649638209253092E-015  -9.2234855603598189E-018 -0.72036133095001964       -3.6786426169216041E-015   2.6210910878016813E-015   7.8211508258241523E-016 -0.43038729667348624       0.19885050358362094       -3.5997881687433188E-016   3.0502312332440945E-016   8.3243974194100904E-017   6.5077876711488111E-002
  -4.7125487975844095E-004   7.3737527317002754E-010  -4.2614705432501776E-010   1.7344360715001371E-015   8.9473861509985087E-003  -5.3891163339594337E-009   1.2298039746775220E-009  -2.3225731655540233E-015  0.33329115414653271       -1.6458792579064481E-008  -4.1759566745290988E-009   6.7757869248461711E-017  0.75075995877172408        2.6122889546725707E-008   3.2035155458800917E-009  -3.9841019096051142E-015  -1.6390460807103250E-018  -4.8657708426764958E-016  -6.8732524090881871E-017  -1.2846964126128952E-016   4.0070270347601617E-016  -1.6321802007538804E-016  0.33387629132347546        1.6185841852929864E-008   3.8409424694819234E-009  -2.3431445735763581E-015 -0.41501049073142665       -1.1806069135690200E-008  -1.7866957290042464E-009  -4.5168337401894424E-015   5.7489909613013377E-016  -3.9139586639584896E-002  -1.1079579450013452E-009  -1.6063198780530544E-010  -2.4678297769254112E-016
   7.3737419034766904E-010  -4.7125468106976525E-004   8.9677129875630468E-010  -2.4085130464158748E-015  -5.3891144752202112E-009   8.9473832332262332E-003  -5.1240109940138307E-009   3.0993545067327777E-015  -1.6458794528867936E-008  0.33329113906715485       -9.6306748884115347E-009  -5.3979462389368884E-015   2.6122889546725707E-008  0.75075998004218447        1.7883864716754019E-008   9.1182180336700661E-016  -4.4635573304932674E-016   2.2556871604836367E-016   3.0398352403108363E-016  -6.4260327775558554E-016  -9.5256392812234175E-018  -6.1169171017799046E-016   1.6185841528802059E-008  0.33387630594609813        9.6726117080904156E-009   8.1581736174318877E-015  -1.1806066958228062E-008 -0.41501050060802647       -7.8253451596235952E-009   8.0816285820889832E-015  -9.3234120989232405E-015  -1.1079577331328785E-009  -3.9139587560991958E-002  -7.3972500977252667E-010  -4.1668640239333631E-015
  -4.2614639842388377E-010   8.9677073244932868E-010  -4.7125583706887452E-004  -3.1302539709107321E-016   1.2298031418415881E-009  -5.1240100984209900E-009   8.9473913881274354E-003   3.0992222905919305E-016  -4.1759566961657084E-009  -9.6306737944689664E-009  0.33329116273667347       -4.0945060286485050E-016   3.2035155458800917E-009   1.7883864716754019E-008  0.75075994194090423       -1.3153649606715849E-015   9.4444053816547490E-016  -1.8311259772421331E-016  -1.7015449395551722E-016   2.2221720688113433E-016   4.0908641306566461E-016  -7.6783199503919855E-017   3.8409427173068231E-009   9.6726120263789225E-009  0.33387628262768831        4.8001908251278091E-015  -1.7866939070855048E-009  -7.8253577527296328E-009 -0.41501048344125085        2.9635508868407462E-015  -6.9850215185357493E-015  -1.6063178153700680E-010  -7.3972627894044632E-010  -3.9139585948852959E-002  -3.4708971761064466E-015
  -1.0769917336755289E-016  -2.5971881397684940E-017   1.2034480465610721E-015 -0.17755331922890374        9.1858566451479275E-016  -1.5982168390660208E-015  -2.3031511238034500E-015 -0.20216277606789190       -4.1436709511630625E-017   3.3388856613520643E-015   2.3678358226973778E-016  0.88948571298743617       -3.9841019096051142E-015   9.1182180336700661E-016  -1.3153649606715849E-015  0.70992632255920229       -5.7166060287770942E-009   2.7068666776759466E-008   1.2203813349997574E-008   1.9354407989373403E-008   1.1790201590419670E-008  -1.3637777969780237E-008   1.4607250739214365E-015   3.2646121999477088E-015  -9.5207192824073463E-016 -0.50711277875160254        8.1788824750153728E-016  -2.8766077934313292E-015  -3.8925519291172195E-016 -0.27861769016472482       0.12465414776616898        1.1776007042438474E-016  -2.5292141283690121E-016  -4.7568447182048322E-017   4.1453453606185395E-002
  -2.6496773715920416E-020   2.6590435533390427E-020  -5.5113961315101753E-019   1.3614717960588686E-009   5.0721335944841362E-020  -4.6722888895369031E-018   1.1149219738531844E-017   1.5317964255705267E-009  -1.2986894358507535E-018  -2.0341517254504200E-016   4.2013849608657621E-016  -7.2340041235635303E-009  -1.6390460807103250E-018  -4.4635573304932674E-016   9.4444053816547490E-016  -5.7166060287770942E-009   4.6957585537831221E-017  -2.1476760045818535E-016  -1.0006838071203043E-016  -1.5414310632168422E-016  -9.1086254104118983E-017   1.0718529330792634E-016  -1.1367794276077154E-017  -2.9650937257400750E-016   4.3612599448631678E-016   4.8986897084867938E-009  -1.2485096464535540E-016  -9.1175544893732891E-016  -3.3156887471908198E-016   3.0023600486339550E-009  -1.4419163397421032E-009  -1.2889494606985710E-017  -9.6257417005667469E-017  -2.9581415181310874E-017  -4.7876984906024336E-010
   4.5314358868610133E-019  -3.9851324396129354E-020   1.0077054759187426E-019  -4.2330849773288563E-008  -6.1759979956951347E-018   2.4285703730491727E-018  -2.1461045289049119E-018  -5.8288164892738857E-008  -2.1294515273668038E-016   1.0224843408671677E-016  -8.1586176447703084E-017   4.7621702233612261E-008  -4.8657708426764958E-016   2.2556871604836367E-016  -1.8311259772421331E-016   2.7068666776759466E-008  -2.1476760045818535E-016   4.0803768389946615E-015   5.2989557234753232E-016   2.6824196840742930E-015   2.7710568385547681E-015  -2.4676511334508361E-015  -1.5928674857970062E-016   1.3961792595449418E-016  -8.6939462107269702E-017  -2.1342960648149596E-008   9.4395766879715779E-016   3.3989569391810468E-016   3.6137790493228721E-017  -1.2918652928216577E-008   6.0496075743964971E-009   9.5008154362179681E-017   3.6174012933850112E-017   2.8311868309099975E-018   1.9986616026717465E-009
  -5.2756629691002584E-021  -6.1405210107828736E-020   8.3043162527377801E-020  -3.7429412385437300E-009  -6.9554708388614974E-019   3.2924740869106348E-018  -1.9672001124385371E-018  -4.4597204233623682E-009  -3.1517312843680130E-017   1.3763455728314260E-016  -7.6031533263687449E-017   1.5754770041189621E-008  -6.8732524090881871E-017   3.0398352403108363E-016  -1.7015449395551722E-016   1.2203813349997574E-008  -1.0006838071203043E-016   5.2989557234753232E-016   2.1493289940220534E-016   3.7457906946870409E-016   2.4899139409819948E-016  -2.7451020609958524E-016  -4.9276845027044522E-017   1.8520007657439690E-016  -8.4863546151868602E-017  -1.0414553007204893E-008  -1.8317148496212381E-016   4.2314364803338632E-016  -1.4604852524229253E-017  -6.3792033184504677E-009   3.0600784532419652E-009  -1.9235480418563519E-017   4.5147357896106331E-017  -2.3406714889914020E-018   1.0158262017022955E-009
  -2.8128600883372083E-020   3.7934917667021193E-019  -1.6078104487964185E-019  -2.7513189679755018E-008  -1.2534724883200723E-018  -7.5971246905090402E-018   2.7027067136431820E-018  -3.7760135950116316E-008  -5.9288474656348069E-017  -2.8577488992932473E-016   9.8208012447072596E-017   3.3024166036823929E-008  -1.2846964126128952E-016  -6.4260327775558554E-016   2.2221720688113433E-016   1.9354407989373403E-008  -1.5414310632168422E-016   2.6824196840742930E-015   3.7457906946870409E-016   1.7681175183468409E-015   1.8017778941469359E-015  -1.6139737229025922E-015  -9.9160238667868584E-017  -2.9506884069186458E-016   9.0574331453838288E-017  -1.5402665467518864E-008  -4.2577161593449066E-016   2.4538850950707864E-016  -2.2035373330680743E-016  -9.3365959377404510E-009   4.3852529471692867E-009  -4.4558413809203942E-017   2.2168896050884663E-017  -2.1645986604229469E-017   1.4496632848960310E-009
  -4.3850981577374304E-019  -9.5318138977182737E-021  -2.5320125938526851E-019  -3.0078767386243691E-008   5.2527103427829968E-018  -7.3933927007417907E-020   4.8662638414922215E-018  -4.1944183194993526E-008   1.7400874077545808E-016  -4.5512758736560751E-018   1.8168269096541639E-016   2.5079014589878754E-008   4.0070270347601617E-016  -9.5256392812234175E-018   4.0908641306566461E-016   1.1790201590419670E-008  -9.1086254104118983E-017   2.7710568385547681E-015   2.4899139409819948E-016   1.8017778941469359E-015   1.9659991336502375E-015  -1.7106912673675571E-015   1.0594185387611214E-016  -1.0244512586811914E-017   1.8329699107233067E-016  -8.6952141458009920E-009  -1.0756285993588954E-015  -6.5755964577450459E-017  -2.0995564032962897E-016  -5.2059097077217490E-009   2.3826139718700407E-009  -1.0901408170853420E-016  -6.8310317451558991E-018  -1.9657438015813384E-017   7.8349161908195042E-010
   2.0898173389702407E-019   2.4658055582605764E-019   4.4883828926014940E-019   2.6151712622024613E-008  -2.2170660208659063E-018  -6.9393393935010827E-018  -1.9376958489465050E-018   3.6228333706731987E-008  -7.0249201042745376E-017  -2.7440280248285718E-016  -2.5774927121729151E-017  -2.5790128498386089E-008  -1.6321802007538804E-016  -6.1169171017799046E-016  -7.6783199503919855E-017  -1.3637777969780237E-008   1.0718529330792634E-016  -2.4676511334508361E-015  -2.7451020609958524E-016  -1.6139737229025922E-015  -1.7106912673675571E-015   1.5067879679501277E-015  -3.1422522477185862E-017  -3.2511361236233609E-016   1.2070818261096162E-016   1.0503928136938206E-008   5.7679878574706296E-016  -2.8933860978755748E-016   1.8729140363967046E-015   6.3341981047607629E-009  -2.9433155016389930E-009   5.8711221232742853E-017  -3.2849945047375822E-017   1.9286110407863555E-016  -9.7088633100648993E-010
  -1.7846895922032601E-004   3.2077460196119424E-010  -1.9343731940773761E-010   8.3789388395673144E-016   3.8996650970266160E-003  -2.3372473682044900E-009   5.8237070123506228E-010  -8.5912195053341008E-016  0.14886579505109060       -5.4643218769195758E-009  -8.4273144389540469E-010   3.1652081082366402E-015  0.33387629132347546        1.6185841528802059E-008   3.8409427173068231E-009   1.4607250739214365E-015  -1.1367794276077154E-017  -1.5928674857970062E-016  -4.9276845027044522E-017  -9.9160238667868584E-017   1.0594185387611214E-016  -3.1422522477185862E-017  0.16050264409936393        8.7842500741964347E-009   2.6185477661237543E-009   4.6472561521474150E-017  -4.2456961597186108E-002  -1.0277730625570427E-008  -3.0524836644318327E-009  -1.8886872442050915E-017   3.0476448102827414E-015  -2.7443672728917384E-003  -9.7615582318205366E-010  -2.8806500878905858E-010   1.7335020828888628E-015
   3.2077416500278839E-010  -1.7846887904928829E-004   3.9622622321351422E-010  -1.3364765131610988E-015  -2.3372468317183760E-009   3.8996638697067374E-003  -2.2594569989939278E-009   1.1058463039889407E-015  -5.4643222209349779E-009  0.14886579046753826       -3.6099178813661276E-009   2.3649638209253092E-015   1.6185841852929864E-008  0.33387630594609813        9.6726120263789225E-009   3.2646121999477088E-015  -2.9650937257400750E-016   1.3961792595449418E-016   1.8520007657439690E-016  -2.9506884069186458E-016  -1.0244512586811914E-017  -3.2511361236233609E-016   8.7842500741964347E-009  0.16050265245052803        4.8442421829468078E-009  -8.1443587317075619E-015  -1.0277730864189222E-008  -4.2456971359422287E-002  -5.6764039000994854E-009  -6.0189379798411419E-015   8.4549183267970993E-015  -9.7615585150158282E-010  -2.7443681986461699E-003  -5.4053820809118020E-010   3.9296245655021511E-015
  -1.9343699395584501E-010   3.9622598147002363E-010  -1.7846938318988499E-004  -5.1635385767268332E-016   5.8237021352413210E-010  -2.2594569170875367E-009   3.8996674141068451E-003   8.7783495066590121E-017  -8.4273125752613344E-010  -3.6099184077455792E-009  0.14886579841056588       -9.2234855603598189E-018   3.8409424694819234E-009   9.6726117080904156E-009  0.33387628262768831       -9.5207192824073463E-016   4.3612599448631678E-016  -8.6939462107269702E-017  -8.4863546151868602E-017   9.0574331453838288E-017   1.8329699107233067E-016   1.2070818261096162E-016   2.6185477661237543E-009   4.8442421829468078E-009  0.16050263987859159       -1.2305074118004476E-015  -3.0524845565667433E-009  -5.6763962582754139E-009  -4.2456956648227628E-002  -1.4412517411825867E-015   2.2602380692773259E-015  -2.8806508976583185E-010  -5.4053740860022358E-010  -2.7443668011204875E-003   1.0733299153847585E-015
   2.1116938505091840E-015   7.1706502646800994E-016  -1.2396548986964739E-015  0.12282689229870822       -4.5652295155448815E-015   1.8885668988091624E-015   4.0953738675008084E-015  0.13955392194010705        5.1930359345456875E-015  -6.4016440126262376E-015  -3.9062135539933766E-015 -0.72036133095001964       -2.3431445735763581E-015   8.1581736174318877E-015   4.8001908251278091E-015 -0.50711277875160254        4.8986897084867938E-009  -2.1342960648149596E-008  -1.0414553007204893E-008  -1.5402665467518864E-008  -8.6952141458009920E-009   1.0503928136938206E-008   4.6472561521474150E-017  -8.1443587317075619E-015  -1.2305074118004476E-015   1.0905682070312712        1.1742523855211299E-015   1.1883872156309188E-015  -3.2096509127738040E-015  0.87492589169376533      -0.52777903981625351        4.8544024126349900E-016   2.8224911472903643E-018  -3.4808956308378994E-016 -0.18561347525829264     
   6.2819858822018215E-004  -4.5272129112045225E-010   2.0977931934369458E-010   5.5794866763678500E-016  -5.8845092215386299E-003   3.0505822806887319E-009  -6.0802757200563066E-010   1.4753127136519209E-015 -0.17661131868997637        8.3717612580872651E-009   1.6670212045906781E-009  -3.6786426169216041E-015 -0.41501049073142665       -1.1806066958228062E-008  -1.7866939070855048E-009   8.1788824750153728E-016  -1.2485096464535540E-016   9.4395766879715779E-016  -1.8317148496212381E-016  -4.2577161593449066E-016  -1.0756285993588954E-015   5.7679878574706296E-016  -4.2456961597186108E-002  -1.0277730864189222E-008  -3.0524845565667433E-009   1.1742523855211299E-015   1.9091762030567880        8.1811953956968675E-009   2.1302119927839754E-009   1.4788357392912213E-016  -1.0828818516217144E-015  0.19494500382380062        9.4839433269223169E-010   2.5966535469253808E-010  -6.1421023024836244E-016
  -4.5272015901863308E-010   6.2819842590657276E-004  -5.1123811315534553E-010   2.1060774940930842E-015   3.0505777453317600E-009  -5.8845075013651592E-003   2.8336555791360203E-009  -1.8674668147432689E-015   8.3717659068230839E-009 -0.17661131137531075        5.2454582579889224E-009   2.6210910878016813E-015  -1.1806069135690200E-008 -0.41501050060802647       -7.8253577527296328E-009  -2.8766077934313292E-015  -9.1175544893732891E-016   3.3989569391810468E-016   4.2314364803338632E-016   2.4538850950707864E-016  -6.5755964577450459E-017  -2.8933860978755748E-016  -1.0277730625570427E-008  -4.2456971359422287E-002  -5.6763962582754139E-009   1.1883872156309188E-015   8.1811953956968675E-009   1.9091762105947054        4.7458060427635975E-009   1.9302596644311587E-015  -2.7227364584867037E-015   9.4839433381754764E-010  0.19494500470751472        5.4049724224709750E-010  -1.2436320123647158E-015
   2.0977935990745474E-010  -5.1123772475724243E-010   6.2819912756365036E-004  -2.3782806596522519E-015  -6.0802849752695368E-010   2.8336516255039574E-009  -5.8845121038227201E-003   2.1896826045226394E-015   1.6670241236584909E-009   5.2454522400108679E-009 -0.17661132348603112        7.8211508258241523E-016  -1.7866957290042464E-009  -7.8253451596235952E-009 -0.41501048344125085       -3.8925519291172195E-016  -3.3156887471908198E-016   3.6137790493228721E-017  -1.4604852524229253E-017  -2.2035373330680743E-016  -2.0995564032962897E-016   1.8729140363967046E-015  -3.0524836644318327E-009  -5.6764039000994854E-009  -4.2456956648227628E-002  -3.2096509127738040E-015   2.1302119927839754E-009   4.7458060427635975E-009   1.9091761988376668        6.2289497250474820E-016   8.7789145797546844E-016   2.5966538469298924E-010   5.4049727798982396E-010  0.19494500334658160        5.5605083045110851E-016
   1.9741872061901694E-015   6.8061133184008126E-016  -8.3052340443058867E-016   7.0921182201553828E-002  -3.9584174934421494E-015   1.3813126691924534E-015   3.1127594508421905E-015   8.1926239699040157E-002   4.3136663005418406E-015  -4.7603589475435606E-015  -3.8014063318281467E-015 -0.43038729667348624       -4.5168337401894424E-015   8.0816285820889832E-015   2.9635508868407462E-015 -0.27861769016472482        3.0023600486339550E-009  -1.2918652928216577E-008  -6.3792033184504677E-009  -9.3365959377404510E-009  -5.2059097077217490E-009   6.3341981047607629E-009  -1.8886872442050915E-017  -6.0189379798411419E-015  -1.4412517411825867E-015  0.87492589169376533        1.4788357392912213E-016   1.9302596644311587E-015   6.2289497250474820E-016  0.73977147107501329      -0.40237391642397630        3.1886131025142316E-016   1.1132156705757965E-016   3.8745750634562796E-017 -0.13084328171195725     
  -5.5937627273483897E-016   6.9615101470781760E-017   3.9473201386822884E-016  -3.1556242897814002E-002   3.2390818085503748E-015   4.9748894332129369E-017  -2.9795842417778481E-015  -3.5750595584747823E-002  -2.7307536342673306E-015   3.7576056791706350E-015   4.7190698625406705E-015  0.19885050358362094        5.7489909613013377E-016  -9.3234120989232405E-015  -6.9850215185357493E-015  0.12465414776616898       -1.4419163397421032E-009   6.0496075743964971E-009   3.0600784532419652E-009   4.3852529471692867E-009   2.3826139718700407E-009  -2.9433155016389930E-009   3.0476448102827414E-015   8.4549183267970993E-015   2.2602380692773259E-015 -0.52777903981625351       -1.0828818516217144E-015  -2.7227364584867037E-015   8.7789145797546844E-016 -0.40237391642397630        1.2139523921175659       -9.9560570207076087E-016  -6.5779088035381997E-017   4.2634309667190871E-017  0.62280913753199285     
   6.2504886174140467E-005  -4.3051421378729130E-011   1.9562229782251414E-011   6.5008186533233940E-017  -5.6328704787131920E-004   2.8803609743204717E-010  -5.6640745340508726E-011   1.4300625827861273E-016  -1.6588572112109262E-002   7.7585284598588330E-010   1.5532825456110366E-010  -3.5997881687433188E-016  -3.9139586639584896E-002  -1.1079577331328785E-009  -1.6063178153700680E-010   1.1776007042438474E-016  -1.2889494606985710E-017   9.5008154362179681E-017  -1.9235480418563519E-017  -4.4558413809203942E-017  -1.0901408170853420E-016   5.8711221232742853E-017  -2.7443672728917384E-003  -9.7615585150158282E-010  -2.8806508976583185E-010   4.8544024126349900E-016  0.19494500382380062        9.4839433381754764E-010   2.5966538469298924E-010   3.1886131025142316E-016  -9.9560570207076087E-016   1.9921596567175331E-002   1.0906367523535631E-010   3.1061093823945326E-011  -5.1369059084530860E-016
  -4.3051309889741551E-011   6.2504870438280776E-005  -4.8322683073324048E-011   2.0132198552159399E-016   2.8803563876147336E-010  -5.6328688485424638E-004   2.6697021314888527E-010  -1.8062412462958068E-016   7.7585332171988124E-010  -1.6588571433571841E-002   4.8548763733689375E-010   3.0502312332440945E-016  -1.1079579450013452E-009  -3.9139587560991958E-002  -7.3972627894044632E-010  -2.5292141283690121E-016  -9.6257417005667469E-017   3.6174012933850112E-017   4.5147357896106331E-017   2.2168896050884663E-017  -6.8310317451558991E-018  -3.2849945047375822E-017  -9.7615582318205366E-010  -2.7443681986461699E-003  -5.4053740860022358E-010   2.8224911472903643E-018   9.4839433269223169E-010  0.19494500470751472        5.4049727798982396E-010   1.1132156705757965E-016  -6.5779088035381997E-017   1.0906367523535631E-010   1.9921596669733789E-002   6.1245683208194669E-011  -2.0063413830318475E-017
   1.9562237182307919E-011  -4.8322645754626788E-011   6.2504937101913384E-005  -2.4793373068615889E-016  -5.6640845102684406E-011   2.6696980925856637E-010  -5.6328731929856859E-004   2.2583765192798460E-016   1.5532854728653168E-010   4.8548700846435032E-010  -1.6588572555801939E-002   8.3243974194100904E-017  -1.6063198780530544E-010  -7.3972500977252667E-010  -3.9139585948852959E-002  -4.7568447182048322E-017  -2.9581415181310874E-017   2.8311868309099975E-018  -2.3406714889914020E-018  -2.1645986604229469E-017  -1.9657438015813384E-017   1.9286110407863555E-016  -2.8806500878905858E-010  -5.4053820809118020E-010  -2.7443668011204875E-003  -3.4808956308378994E-016   2.5966535469253808E-010   5.4049724224709750E-010  0.19494500334658160        3.8745750634562796E-017   4.2634309667190871E-017   3.1061093823945326E-011   6.1245683208194669E-011   1.9921596513416212E-002   2.7568827413383990E-017
  -5.6394447034451127E-017   1.2624105555597313E-016   1.2565115557412184E-016  -1.0365587023729637E-002   1.2966029162631813E-015   1.8688417081472914E-016  -1.2768671567168444E-015  -1.1535922394128439E-002  -9.2888530540227513E-016   1.4858198325335794E-015   2.1449931806842351E-015   6.5077876711488111E-002  -2.4678297769254112E-016  -4.1668640239333631E-015  -3.4708971761064466E-015   4.1453453606185395E-002  -4.7876984906024336E-010   1.9986616026717465E-009   1.0158262017022955E-009   1.4496632848960310E-009   7.8349161908195042E-010  -9.7088633100648993E-010   1.7335020828888628E-015   3.9296245655021511E-015   1.0733299153847585E-015 -0.18561347525829264       -6.1421023024836244E-016  -1.2436320123647158E-015   5.5605083045110851E-016 -0.13084328171195725       0.62280913753199285       -5.1369059084530860E-016  -2.0063413830318475E-017   2.7568827413383990E-017  0.32903349074874660     
