  0.21034962228916945       -3.4883664795442093E-016  -7.6190717977941517E-017   3.7031159904041690E-015  0.12300067660922813       -1.9708535347829231E-017  -5.8724814064866540E-016   6.6767160886997924E-015   9.9925658430566389E-002  -1.4691212869849548E-016  -1.2614153865065341E-016  -9.8223799216604986E-016   1.0727604857687294E-015   9.0099831508703084E-016   5.2821833638735650E-016  -5.6617588193757867E-016   3.7126222114364640E-016  -2.3735619496485318E-002   6.9614243498451669E-016  -1.6203888511732139E-016  -8.3570234663756350E-015  -2.8973026677170877E-015   3.1647228003025043E-015   2.6045692550008975E-015   1.6305099775051177E-015  -1.6584527683299354E-015   1.1516454787607929E-015  -6.7606880617407453E-002   1.8123029023853428E-015  -4.1400031875067291E-016  -5.2506197173714525E-015   2.7042371341542238E-002  -4.5492446184943806E-015   5.5008282108259745E-016   1.0212914144795227E-014   8.6792101286149031E-015  -8.8136603276012977E-015   3.4646154423822908E-003  -6.4297949075161202E-016   7.7585566303163362E-017  -3.9933307270784911E-015
  -3.4883664795442093E-016  0.21034962228914833       -5.8629499294814399E-016  -1.3838188772560728E-015   1.3341563896602190E-016  0.12300067660923095        4.3320258643832654E-016   2.1982943412023783E-016  -1.3069526303086917E-016   9.9925658430568415E-002  -1.3942723734748492E-016   2.4188140764895792E-015  -1.4332767571843431E-015  -7.1359681466939903E-016  -2.8132563330178633E-015   1.4289792926429764E-015  -9.2237258955220904E-017  -9.0510377439100447E-016  -2.3735619496481879E-002  -1.4566579069374687E-015   1.5555307434159755E-014   7.8692059932645508E-015  -4.2546421164663761E-015  -2.0886635877282309E-015  -7.6601484131791354E-015   4.2297166080362557E-015   3.9565853803247181E-016  -2.5006370194048799E-015  -6.7606880617403428E-002  -4.4358947098547789E-015   1.1236250156579860E-014   1.9452639112341173E-015   2.7042371341530744E-002  -3.5818955363883117E-015  -2.5899570595814999E-014  -2.2411934692395947E-014   2.5676644926402482E-014   2.6339450311242965E-016   3.4646154423806567E-003  -5.4490941928860713E-016   1.2036402533265497E-014
  -7.6190717977941517E-017  -5.8629499294814399E-016  0.21034962228911866       -3.3271075500018773E-015   3.9019477236649016E-017   6.7252893855015005E-017  0.12300067660923381       -6.1743076745904175E-015  -2.1689642084379847E-017  -6.3216666906609290E-017   9.9925658430561365E-002   1.7624209592338991E-015   4.8585343206423192E-016   7.8275574987131006E-016  -4.6876234086650614E-016  -4.9761498119907103E-017  -1.2489008561200792E-015  -3.6068110791032632E-016   1.5783599184635420E-015  -2.3735619496483458E-002   2.8022914522062911E-015   4.9439877608565070E-015   1.4334523319488584E-015   2.3249919646345759E-015  -1.6168933954680342E-015  -1.6340613073513507E-016  -3.9322440996425011E-015  -1.1005938349667741E-015   4.2809617395185871E-015  -6.7606880617415294E-002   1.1098480403046339E-015  -1.3193736550699243E-015  -1.6234781220659986E-015   2.7042371341537048E-002  -1.0382873617588729E-015  -8.2975490683890974E-016   2.5252508207580673E-015  -1.9486090448607039E-016  -2.0612904204186115E-016   3.4646154423814738E-003   1.4165867277031443E-015
   3.7031159904041690E-015  -1.3838188772560728E-015  -3.3271075500018773E-015  0.36636025621516616       -6.7937333875890764E-015   2.1230959710258608E-015   4.5380522119137387E-015  0.63144278715850377        4.5506318153852608E-015  -1.6960952574022875E-015  -3.2005053468510089E-015  -4.3125483092976485E-014  -4.1299958357349240E-016   3.3488373520859726E-016   2.9380924717432101E-014  -2.7333182759388008E-016   2.5129758515905347E-014  -1.2587196261435412E-015   2.3816007455203029E-016   1.3956758655928175E-015 -0.36131298943455609       -1.0672576145468638E-014  -7.8069439521749296E-016  -3.8003790892898750E-016   8.9230573670793829E-014  -5.2575519289723975E-016   7.3609206549747666E-014  -3.0356282315246289E-016  -9.0013141125028975E-016   6.3107533543751413E-016 -0.19271302576060903       -1.9062966439303993E-016  -2.1532913964566369E-015  -3.3275620435681188E-016  0.13513017035164540        8.7848460040132484E-002  -3.8048156794722482E-002  -2.5298165417848920E-017  -3.1570404484462210E-016  -4.0164220665147566E-017  -1.2115219870659668E-002
  0.12300067660922813        1.3341563896602190E-016   3.9019477236649016E-017  -6.7937333875890764E-015   7.1955123780619940E-002   1.7595920109301232E-016  -3.1107829658813377E-016  -1.0947896112409833E-014   5.8279343223428523E-002  -2.7408760808648051E-017   1.9372832989129472E-017   1.4085054739099685E-015  -1.6056198012574834E-015  -1.9398441712822800E-015  -3.2128872053925380E-016   6.4084017587671264E-016  -1.1367835434591106E-015  -1.6120645278014861E-002  -1.5749592512349475E-015   1.0200005426249488E-015   1.3914429848270243E-014   4.1212028322336426E-015  -4.7188301190065214E-015  -5.7661793896680578E-015  -8.9756555525178283E-016   1.9029490273083909E-015  -3.2941931998499845E-015  -4.5940355502316878E-002  -4.1346020806585152E-015   2.7799805558557604E-015   8.5823841507658574E-015   1.6564168653742700E-002   1.0922524893514466E-014  -4.5946465778776025E-015  -1.6369911938520221E-014  -1.3964773432280379E-014   1.3718608845877400E-014   2.0919137490738545E-003   1.5451905444554819E-015  -6.4231450493868328E-016   6.1570580298126845E-015
  -1.9708535347829231E-017  0.12300067660923095        6.7252893855015005E-017   2.1230959710258608E-015   1.7595920109301232E-016   7.1955123780630223E-002   4.7009298350244841E-016   2.8044623449630697E-015   1.1994079471670889E-016   5.8279343223437495E-002   3.9092467796227160E-016  -4.6372711373702031E-015   2.4287222301812445E-015   1.3044994418483168E-015   4.5059539114477308E-015  -2.6124710956212696E-015  -1.5137115717215956E-016   1.1949184508003461E-015  -1.6120645278007727E-002   3.1952715818721287E-015  -3.2112911752735343E-014  -1.3250073156592509E-014   7.1454982064083409E-015   3.8685493255243048E-015   1.3677369335616046E-014  -7.7024936200164923E-015  -5.5523117685869379E-017   3.3470004652197811E-015  -4.5940355502299503E-002   9.3157599098101777E-015  -2.2350735423160654E-014  -3.3809009715773404E-015   1.6564168653744656E-002   6.1113716499831841E-015   5.4117614578910410E-014   4.7431418176070229E-014  -4.8203455047058672E-014  -4.6461281918143203E-016   2.0919137490742483E-003   9.4028814896792113E-016  -2.1760795368716006E-014
  -5.8724814064866540E-016   4.3320258643832654E-016  0.12300067660923381        4.5380522119137387E-015  -3.1107829658813377E-016   4.7009298350244841E-016   7.1955123780643560E-002   7.7153887060513453E-015  -2.6241503615844085E-016   9.6915176642260159E-017   5.8279343223443449E-002  -2.4356602558740971E-015  -1.1981953222577602E-015  -1.5954381263012173E-015   1.0108451551664220E-015  -3.1778757263351562E-016   1.4647986290139305E-015  -3.1542108469028626E-016  -3.2138080187464850E-015  -1.6120645278004057E-002  -2.6520660734234844E-015  -7.3557199651385598E-015  -3.5411409344930054E-015  -4.7015997226179570E-015   2.8523933161781255E-015  -9.3949159554151723E-016   4.1691368416374925E-015  -6.8241191748929144E-016  -9.0314455030154781E-015  -4.5940355502293750E-002  -8.7302193378051490E-016   6.0657903236807803E-015   6.8648770566392460E-015   1.6564168653734619E-002   1.4122443347283073E-015   1.0644223746608608E-015  -7.1405640184556765E-015   8.7002931936323038E-016   9.2866806666037147E-016   2.0919137490728349E-003  -4.1419619113592338E-015
   6.6767160886997924E-015   2.1982943412023783E-016  -6.1743076745904175E-015  0.63144278715850377       -1.0947896112409833E-014   2.8044623449630697E-015   7.7153887060513453E-015   1.0927990226261497        7.7690735781908840E-015  -6.8112508592173110E-016  -5.7107750537815919E-015   9.8903376154202244E-016   5.0473109881390258E-016   7.4027575976715966E-016  -2.7841089311651416E-015  -1.4333220360438257E-017   1.2991717509973960E-014  -9.2013177295035921E-016   1.8488576784509623E-016   2.6223920457132683E-015 -0.55762740532668331        1.6979112532850853E-013   2.3114611971238353E-015  -2.7106260685691993E-016  -2.9113055824291533E-014   4.4268790426807482E-016   9.1820747140138431E-015   2.6895742572590681E-015  -4.0500887375892675E-016   1.7736895005436986E-015 -0.27731578673899410       -1.3467492310366666E-015   3.9905952626092898E-015  -2.8070829076220969E-015  0.18923369918432159       0.12241105419519387       -5.2927756122962494E-002  -1.6812505951957408E-016   5.7193190936594630E-016  -3.8634429691879514E-016  -1.6843188064156217E-002
   9.9925658430566389E-002  -1.3069526303086917E-016  -2.1689642084379847E-017   4.5506318153852608E-015   5.8279343223428523E-002   1.1994079471670889E-016  -2.6241503615844085E-016   7.7690735781908840E-015   4.8248268767929106E-002  -3.9485051776574687E-017  -3.1661032779868921E-018  -1.4991092141298347E-015   1.2680458739736341E-015   1.2035332882229506E-015   2.0814592838840737E-016  -7.0402231572677551E-016   1.2583040113295456E-015   5.1039046956220281E-004   1.2019206268535146E-015  -9.6893439971908362E-016  -1.1615820992577726E-014  -4.2041226538539071E-015   3.6144594827805967E-015   3.5893453638275404E-015   5.7064045369057221E-016  -2.1019825030050033E-015   3.5965449256746660E-015   1.2514581353879201E-003   3.0341636525177258E-015  -2.5175000803356133E-015  -7.1715298192954668E-015  -1.0224718139459701E-004  -9.8664560531130192E-015   5.2723038523833099E-015   1.4887701910771492E-014   1.2878431961958661E-014  -1.3454709364746691E-014   1.5219848230169607E-006  -1.4005674290580928E-015   7.4197691546747260E-016  -6.1525520453593717E-015
  -1.4691212869849548E-016   9.9925658430568415E-002  -6.3216666906609290E-017  -1.6960952574022875E-015  -2.7408760808648051E-017   5.8279343223437495E-002   9.6915176642260159E-017  -6.8112508592173110E-016  -3.9485051776574687E-017   4.8248268767934650E-002   3.8699350565888433E-017   3.2434091950846733E-015  -1.9087900288215164E-015  -6.6459302970182030E-016  -3.5868431839044678E-015   1.7909814558818028E-015   1.1941146346871144E-016  -9.3436370867036586E-016   5.1039046955386747E-004  -2.0885646598052213E-015   2.4341347066801159E-014   9.9249068221698696E-015  -5.6053014579832017E-015  -1.9952229278690157E-015  -1.0298086004483196E-014   5.2802399755173026E-015   6.6663682526873178E-016  -2.5897758499556869E-015   1.2514581353615106E-003  -6.2325888303585175E-015   1.6848009230082719E-014   3.5255952977473813E-015  -1.0224718138609167E-004  -5.6607096872509291E-015  -4.4258573451476339E-014  -3.9120664055820475E-014   3.7442765460685722E-014   4.9013911759385224E-016   1.5219848240679863E-006  -8.5463561962274139E-016   1.6508753201624966E-014
  -1.2614153865065341E-016  -1.3942723734748492E-016   9.9925658430561365E-002  -3.2005053468510089E-015   1.9372832989129472E-017   3.9092467796227160E-016   5.8279343223443449E-002  -5.7107750537815919E-015  -3.1661032779868921E-018   3.8699350565888433E-017   4.8248268767934220E-002   1.2931195157932593E-015   4.7301195959598963E-016   9.0266343154874491E-016  -9.6915808582593412E-016   3.4265934942096540E-016  -3.8578243245495386E-016   1.5390620415345996E-015   2.4285123759975222E-015   5.1039046954884718E-004   3.2233637588816154E-015   3.8320210606489691E-015   1.4213301334548605E-015   2.7027443567987896E-015  -3.0015041511134421E-015   9.7419714459344777E-016  -1.2870821566697121E-015   3.9727722815925994E-015   6.4831725793955214E-015   1.2514581353437193E-003   1.4249861123857578E-015  -8.3150907796843892E-015  -4.5434187128731610E-015  -1.0224718137227806E-004  -2.7143119697632318E-015  -2.2818161638838269E-015   8.5558703126098176E-015  -1.1699096335931644E-015  -6.1145901210020486E-016   1.5219848259378013E-006   4.8219953961984831E-015
  -9.8223799216604986E-016   2.4188140764895792E-015   1.7624209592338991E-015  -4.3125483092976485E-014   1.4085054739099685E-015  -4.6372711373702031E-015  -2.4356602558740971E-015   9.8903376154202244E-016  -1.4991092141298347E-015   3.2434091950846733E-015   1.2931195157932593E-015  0.16486544465788799        4.1658180165305554E-016   2.5610333568586856E-016  -8.2432722328911162E-002  -6.0317975856655840E-016  -8.2432722328955016E-002  -4.1586866330645397E-016  -1.0015951928362321E-015  -1.5759912906723682E-015  -2.0661655638015828E-013  0.48656144300326543        6.3968289489132223E-016   3.1786478025804974E-016 -0.24328072150147645       -6.4668297369086733E-016 -0.24328072150153532       -1.9549730848035083E-015   2.3982489023979072E-016  -1.9526842563562874E-015  -1.3212001436251274E-014   2.4038117450325074E-015   6.8895855703377652E-016   5.0433088122695186E-015   1.4951689785995883E-014  -1.7285581532076452E-014   1.1189402752311625E-014   3.3522490025301743E-016   1.0484714365384402E-016   7.2072875587252996E-016   6.4649661273478352E-016
   1.0727604857687294E-015  -1.4332767571843431E-015   4.8585343206423192E-016  -4.1299958357349240E-016  -1.6056198012574834E-015   2.4287222301812445E-015  -1.1981953222577602E-015   5.0473109881390258E-016   1.2680458739736341E-015  -1.9087900288215164E-015   4.7301195959598963E-016   4.1658180165305554E-016  0.16486544465793312       -6.1231139205544358E-016  -1.1039110409806851E-016  -6.3023575445090078E-016  -1.6280926158291228E-016   9.8432133276001649E-017   3.9882914151484843E-016  -2.6335535088928477E-016  -7.6531182676460056E-016   6.7065699718324285E-016  0.48656144300323334       -5.3753283448537087E-016  -5.3632326275091822E-016  -6.2789303998980720E-016  -2.8102139145970815E-016   9.3037399853755447E-016  -3.6305567705455866E-016   1.8761109737169215E-016  -1.8941417541354556E-016  -1.4740038841617570E-015   1.6846864310444396E-016   1.0582947340527143E-016   1.2363767849043512E-015   1.2252718437063898E-015  -1.5480842850282303E-015  -2.0760261711846652E-016   2.2241489764103680E-017   2.1512692490338808E-017  -7.4067098773894191E-016
   9.0099831508703084E-016  -7.1359681466939903E-016   7.8275574987131006E-016   3.3488373520859726E-016  -1.9398441712822800E-015   1.3044994418483168E-015  -1.5954381263012173E-015   7.4027575976715966E-016   1.2035332882229506E-015  -6.6459302970182030E-016   9.0266343154874491E-016   2.5610333568586856E-016  -6.1231139205544358E-016  0.16486544465792619       -3.5193934408411290E-017  -1.9460435097249893E-016  -5.2701288173590680E-016  -7.5494832419195733E-016   9.8020318169767603E-017  -6.1892229767178017E-016   1.0820542408521549E-015   4.7548302027593707E-016  -9.3779452560736982E-016  0.48656144300322424       -7.0888716823935725E-019  -6.6903831804819101E-016  -1.6767873752972044E-015  -5.3845838651938335E-016   4.1294964176492753E-016  -1.2515503750124528E-017   3.2075303705109291E-016   9.9778802639303029E-016   2.0273540009211939E-016   1.5805699619314859E-015  -1.1137615649046444E-015  -1.1731744868129837E-015   1.6083425489219050E-015   1.4376444926331737E-016   3.3946696877378642E-017   2.2887693182853658E-016   8.0541147496758002E-016
   5.2821833638735650E-016  -2.8132563330178633E-015  -4.6876234086650614E-016   2.9380924717432101E-014  -3.2128872053925380E-016   4.5059539114477308E-015   1.0108451551664220E-015  -2.7841089311651416E-015   2.0814592838840737E-016  -3.5868431839044678E-015  -9.6915808582593412E-016  -8.2432722328911162E-002  -1.1039110409806851E-016  -3.5193934408411290E-017  0.16486544465790690       -1.3178519758203783E-016  -8.2432722328998759E-002   2.9056329593070108E-016   1.2613532155732965E-015   4.5407454126420903E-016  -1.3926830531126280E-014 -0.24328072150154781        3.1854611569372702E-016  -6.1724558768877582E-016  0.48656144300318260       -7.1870999684402419E-016 -0.24328072150166760        4.7460282302337800E-016   2.1030155033828520E-016  -7.3947936121047240E-016  -8.5607740613856913E-014  -1.9680467612397481E-015  -2.0876177313823839E-015   1.4050185951424081E-015   3.4257573530659106E-014   4.2319897346113741E-014  -1.9076642128175891E-014  -2.8134523544951212E-016  -3.0223793608041348E-016   2.0085356141812938E-016  -6.8397267665016443E-015
  -5.6617588193757867E-016   1.4289792926429764E-015  -4.9761498119907103E-017  -2.7333182759388008E-016   6.4084017587671264E-016  -2.6124710956212696E-015  -3.1778757263351562E-016  -1.4333220360438257E-017  -7.0402231572677551E-016   1.7909814558818028E-015   3.4265934942096540E-016  -6.0317975856655840E-016  -6.3023575445090078E-016  -1.9460435097249893E-016  -1.3178519758203783E-016  0.16486544465791697        3.8041816672144617E-016   4.2452662774919148E-016  -2.5606441255426545E-016   1.4228288870661032E-016   3.6029566184930219E-015  -1.9918245511271837E-015  -1.0869987278614803E-015   3.1443937984646109E-016  -1.9271769848892274E-015  0.48656144300321302       -1.7180750433983197E-015   8.4695956260518232E-016   1.4528535696269521E-016   3.1349019580789494E-016   1.2819677161085253E-015  -9.7397700680533190E-016  -6.8641665158601208E-016   5.9710563711289171E-016   6.8014066556404188E-016   3.5019310688916775E-016  -1.3836886444195552E-015  -1.3166921342908312E-016  -9.8913603565006232E-017   8.6755518225556282E-017  -6.5399075871876305E-016
   3.7126222114364640E-016  -9.2237258955220904E-017  -1.2489008561200792E-015   2.5129758515905347E-014  -1.1367835434591106E-015  -1.5137115717215956E-016   1.4647986290139305E-015   1.2991717509973960E-014   1.2583040113295456E-015   1.1941146346871144E-016  -3.8578243245495386E-016  -8.2432722328955016E-002  -1.6280926158291228E-016  -5.2701288173590680E-016  -8.2432722328998759E-002   3.8041816672144617E-016  0.16486544465793496        2.3893304499403553E-016   2.8972155995291240E-018  -2.1111307231405457E-016   8.8018804315482087E-014 -0.24328072150165320       -5.3507304212112123E-016  -6.0401212725593209E-016 -0.24328072150171509        3.1903326551746700E-016  0.48656144300314741        1.7979182731544940E-015   1.7616383463256771E-016  -9.9730321557913086E-016  -1.1047279941606353E-014  -6.8014223010719036E-016  -2.1612955703083131E-015  -2.6438538856056009E-015   2.1379452252782624E-014   1.6346794947764348E-014  -1.5829607117189369E-014  -8.6972598600941502E-017  -3.1093403525793624E-016  -3.9824243787401906E-016  -3.6570392683749671E-015
  -2.3735619496485318E-002  -9.0510377439100447E-016  -3.6068110791032632E-016  -1.2587196261435412E-015  -1.6120645278014861E-002   1.1949184508003461E-015  -3.1542108469028626E-016  -9.2013177295035921E-016   5.1039046956220281E-004  -9.3436370867036586E-016   1.5390620415345996E-015  -4.1586866330645397E-016   9.8432133276001649E-017  -7.5494832419195733E-016   2.9056329593070108E-016   4.2452662774919148E-016   2.3893304499403553E-016  0.18255350788357719        2.8770366348584687E-016   9.6205578634585160E-017   2.0584463561690008E-015   2.2766722698808693E-015  -1.7627526292868035E-015  -1.1735947364554148E-015  -5.1665955995478671E-016   7.4983132297836344E-016  -1.4712860618243231E-015  0.51501805811111534        1.0941695713293218E-016   1.3283684545550373E-015   4.8508590999814770E-015 -0.25227950716494862        4.2509344057708337E-015  -4.6712352263838449E-015  -7.6262535249556926E-015  -4.6673715426567578E-015   5.7749526961876246E-015  -3.2926989392797833E-002   6.1351321490850742E-016  -6.8015999216757815E-016   2.6850424299750482E-015
   6.9614243498451669E-016  -2.3735619496481879E-002   1.5783599184635420E-015   2.3816007455203029E-016  -1.5749592512349475E-015  -1.6120645278007727E-002  -3.2138080187464850E-015   1.8488576784509623E-016   1.2019206268535146E-015   5.1039046955386747E-004   2.4285123759975222E-015  -1.0015951928362321E-015   3.9882914151484843E-016   9.8020318169767603E-017   1.2613532155732965E-015  -2.5606441255426545E-016   2.8972155995291240E-018   2.8770366348584687E-016  0.18255350788357974        7.0070201922463676E-016  -8.3261753293595096E-015  -2.6633425415066280E-015   1.7770024853967807E-015  -3.4031805196515401E-016   3.3834407790464071E-015  -9.8470699427367262E-016  -1.1040905236411302E-016   4.5784045495456455E-016  0.51501805811112045        2.5844280759924916E-015  -5.9814154282429221E-015  -1.5667130792108009E-015 -0.25227950716494801        3.6319989554157234E-015   1.7516403718441190E-014   1.5737644395756114E-014  -1.5779031656580525E-014  -2.2447352925943778E-016  -3.2926989392797659E-002   5.4841858578918986E-016  -7.0620807062087941E-015
  -1.6203888511732139E-016  -1.4566579069374687E-015  -2.3735619496483458E-002   1.3956758655928175E-015   1.0200005426249488E-015   3.1952715818721287E-015  -1.6120645278004057E-002   2.6223920457132683E-015  -9.6893439971908362E-016  -2.0885646598052213E-015   5.1039046954884718E-004  -1.5759912906723682E-015  -2.6335535088928477E-016  -6.1892229767178017E-016   4.5407454126420903E-016   1.4228288870661032E-016  -2.1111307231405457E-016   9.6205578634585160E-017   7.0070201922463676E-016  0.18255350788358266       -2.7526905174031611E-016  -2.2364224033716114E-015  -3.8240183535418930E-016  -1.2154725635347038E-015   8.9876148913251388E-016   5.1278434108167487E-017  -1.5513717755052888E-015  -2.0587531065002371E-015  -1.0318794151554504E-015  0.51501805811112578       -3.0194454998614001E-016   4.2305273720556021E-015   1.2762925634601990E-016 -0.25227950716495184        2.0739159495497150E-015   1.8294827637453098E-015  -5.1705273255742013E-015   5.9365011733736190E-016   2.2149028701235903E-017  -3.2926989392798089E-002  -2.7774740854321532E-015
  -8.3570234663756350E-015   1.5555307434159755E-014   2.8022914522062911E-015 -0.36131298943455609        1.3914429848270243E-014  -3.2112911752735343E-014  -2.6520660734234844E-015 -0.55762740532668331       -1.1615820992577726E-014   2.4341347066801159E-014   3.2233637588816154E-015  -2.0661655638015828E-013  -7.6531182676460056E-016   1.0820542408521549E-015  -1.3926830531126280E-014   3.6029566184930219E-015   8.8018804315482087E-014   2.0584463561690008E-015  -8.3261753293595096E-015  -2.7526905174031611E-016   1.3099289108843231       -1.2110201206407455E-012  -1.4861028924936910E-015   2.8449359449998603E-015  -4.0012321089239654E-013   1.0641888792858135E-014  -1.3995012226024939E-013  -2.8422507796359240E-015   3.7944788051730125E-015   4.6284063219735056E-015  0.98655684648989994        4.5149521786357677E-015   1.3514838741486636E-014  -8.8137057377953241E-015 -0.82966924374757678      -0.56920476614227111       0.25966852994779871        6.6899809240376663E-016   1.9471069748443593E-015  -1.2601831737702760E-015   8.3662798056958948E-002
  -2.8973026677170877E-015   7.8692059932645508E-015   4.9439877608565070E-015  -1.0672576145468638E-014   4.1212028322336426E-015  -1.3250073156592509E-014  -7.3557199651385598E-015   1.6979112532850853E-013  -4.2041226538539071E-015   9.9249068221698696E-015   3.8320210606489691E-015  0.48656144300326543        6.7065699718324285E-016   4.7548302027593707E-016 -0.24328072150154781       -1.9918245511271837E-015 -0.24328072150165320        2.2766722698808693E-015  -2.6633425415066280E-015  -2.2364224033716114E-015  -1.2110201206407455E-012   1.4359712449669662        2.3874899461743063E-016   1.1072972537106663E-016 -0.71798562248305742       -2.5332614576601496E-015 -0.71798562248316022        3.9306435326431823E-015   1.1898433238087193E-015   7.1820963847229617E-016  -5.2248085749702910E-013  -2.8403851860079008E-015  -7.8211975152244528E-015   2.3914804530993890E-015   3.0342488217212188E-013   8.1290257747823677E-014  -2.9565400475009844E-014  -3.7682354518514430E-016  -1.1057533050949207E-015   3.7152324287175527E-016  -2.4336843389650300E-014
   3.1647228003025043E-015  -4.2546421164663761E-015   1.4334523319488584E-015  -7.8069439521749296E-016  -4.7188301190065214E-015   7.1454982064083409E-015  -3.5411409344930054E-015   2.3114611971238353E-015   3.6144594827805967E-015  -5.6053014579832017E-015   1.4213301334548605E-015   6.3968289489132223E-016  0.48656144300323334       -9.3779452560736982E-016   3.1854611569372702E-016  -1.0869987278614803E-015  -5.3507304212112123E-016  -1.7627526292868035E-015   1.7770024853967807E-015  -3.8240183535418930E-016  -1.4861028924936910E-015   2.3874899461743063E-016   1.4359712449663837        9.7910787311773808E-016   3.1878423783140047E-016   4.2818486924616383E-016  -9.9044790720185883E-016  -2.9148708328150792E-015   6.3230522189674553E-016   1.6617198001706828E-015  -6.6561374577504516E-017   2.1192762834103442E-015  -1.9262685221358562E-017  -3.9227584715167826E-016   4.5422321443658847E-016   6.2566511595293644E-016  -7.1536726302364156E-016   2.8126821777683181E-016   2.5064118749560173E-018  -3.0641640252325423E-017  -3.4166683183038530E-016
   2.6045692550008975E-015  -2.0886635877282309E-015   2.3249919646345759E-015  -3.8003790892898750E-016  -5.7661793896680578E-015   3.8685493255243048E-015  -4.7015997226179570E-015  -2.7106260685691993E-016   3.5893453638275404E-015  -1.9952229278690157E-015   2.7027443567987896E-015   3.1786478025804974E-016  -5.3753283448537087E-016  0.48656144300322424       -6.1724558768877582E-016   3.1443937984646109E-016  -6.0401212725593209E-016  -1.1735947364554148E-015  -3.4031805196515401E-016  -1.2154725635347038E-015   2.8449359449998603E-015   1.1072972537106663E-016   9.7910787311773808E-016   1.4359712449663906       -1.5172086444358105E-015   6.4848295840840252E-016  -2.1409779475350833E-015   1.2882395347591938E-015  -5.7443619503178026E-016   1.5341122120567229E-015   5.8692375157306792E-016  -1.2012895479989379E-015   9.9660311955552825E-016  -4.0526315586350512E-016   4.1782081414831338E-016   3.3998039639005287E-017  -7.5857617298315304E-016  -1.5355593886366777E-016   1.4572095312887134E-016  -4.3936425307790718E-017  -3.7947965972569479E-016
   1.6305099775051177E-015  -7.6601484131791354E-015  -1.6168933954680342E-015   8.9230573670793829E-014  -8.9756555525178283E-016   1.3677369335616046E-014   2.8523933161781255E-015  -2.9113055824291533E-014   5.7064045369057221E-016  -1.0298086004483196E-014  -3.0015041511134421E-015 -0.24328072150147645       -5.3632326275091822E-016  -7.0888716823935725E-019  0.48656144300318260       -1.9271769848892274E-015 -0.24328072150171509       -5.1665955995478671E-016   3.3834407790464071E-015   8.9876148913251388E-016  -4.0012321089239654E-013 -0.71798562248305742        3.1878423783140047E-016  -1.5172086444358105E-015   1.4359712449663129       -6.6608739736953161E-015 -0.71798562248335229       -2.2622273441837086E-015  -3.4010803018403728E-016  -3.4215138122072592E-015  -5.6776705468945979E-013   1.9981069055330757E-015  -5.7673717806861656E-015   4.9045116194456692E-015   2.2375314207951085E-013   1.6445904793633096E-013  -7.1401928115914121E-014   2.6920294609672899E-016  -8.4157762271808424E-016   6.9369761723189660E-016  -2.9587748460674231E-014
  -1.6584527683299354E-015   4.2297166080362557E-015  -1.6340613073513507E-016  -5.2575519289723975E-016   1.9029490273083909E-015  -7.7024936200164923E-015  -9.3949159554151723E-016   4.4268790426807482E-016  -2.1019825030050033E-015   5.2802399755173026E-015   9.7419714459344777E-016  -6.4668297369086733E-016  -6.2789303998980720E-016  -6.6903831804819101E-016  -7.1870999684402419E-016  0.48656144300321302        3.1903326551746700E-016   7.4983132297836344E-016  -9.8470699427367262E-016   5.1278434108167487E-017   1.0641888792858135E-014  -2.5332614576601496E-015   4.2818486924616383E-016   6.4848295840840252E-016  -6.6608739736953161E-015   1.4359712449664046       -7.4423668996230137E-015   1.1294688571514477E-015  -1.5241982643561441E-016  -2.0375758022987981E-016   3.5343489237866023E-015  -8.2539813969233833E-016   8.1835299602925296E-017  -1.9096798506872632E-016  -1.0733209568911405E-015  -2.0225003319645015E-015   7.7332339453241028E-016  -1.0266648041598826E-016   7.6221589989031422E-018  -3.2520179025389772E-017   4.9291099262796889E-016
   1.1516454787607929E-015   3.9565853803247181E-016  -3.9322440996425011E-015   7.3609206549747666E-014  -3.2941931998499845E-015  -5.5523117685869379E-017   4.1691368416374925E-015   9.1820747140138431E-015   3.5965449256746660E-015   6.6663682526873178E-016  -1.2870821566697121E-015 -0.24328072150153532       -2.8102139145970815E-016  -1.6767873752972044E-015 -0.24328072150166760       -1.7180750433983197E-015  0.48656144300314741       -1.4712860618243231E-015  -1.1040905236411302E-016  -1.5513717755052888E-015  -1.3995012226024939E-013 -0.71798562248316022       -9.9044790720185883E-016  -2.1409779475350833E-015 -0.71798562248335229       -7.4423668996230137E-015   1.4359712449658608       -8.5910220421178951E-016   1.7880135079739384E-016  -4.9991133897417099E-015  -3.8221397834819782E-013   2.9396206206191213E-016  -6.3281871497154394E-015   9.0251027378608034E-015   2.2017215044695979E-013   1.1279263155968228E-013  -7.9547286344248154E-014   3.4011428111539295E-017  -9.1258855684281888E-016   1.2332648288355821E-015  -2.7525216462942395E-014
  -6.7606880617407453E-002  -2.5006370194048799E-015  -1.1005938349667741E-015  -3.0356282315246289E-016  -4.5940355502316878E-002   3.3470004652197811E-015  -6.8241191748929144E-016   2.6895742572590681E-015   1.2514581353879201E-003  -2.5897758499556869E-015   3.9727722815925994E-015  -1.9549730848035083E-015   9.3037399853755447E-016  -5.3845838651938335E-016   4.7460282302337800E-016   8.4695956260518232E-016   1.7979182731544940E-015  0.51501805811111534        4.5784045495456455E-016  -2.0587531065002371E-015  -2.8422507796359240E-015   3.9306435326431823E-015  -2.9148708328150792E-015   1.2882395347591938E-015  -2.2622273441837086E-015   1.1294688571514477E-015  -8.5910220421178951E-016   1.4551716590455939       -1.0354265815628817E-015  -2.7421573583711798E-015   7.9354481581193378E-015 -0.65073295438655621       -1.1757624546780944E-015   3.1007126165292942E-015  -8.2845478068206749E-015  -1.9248062859899203E-015   4.8968483446061985E-015  -8.4099400686902193E-002  -1.8074897461900781E-016   3.8512188184904592E-016   2.4465550035150800E-015
   1.8123029023853428E-015  -6.7606880617403428E-002   4.2809617395185871E-015  -9.0013141125028975E-016  -4.1346020806585152E-015  -4.5940355502299503E-002  -9.0314455030154781E-015  -4.0500887375892675E-016   3.0341636525177258E-015   1.2514581353615106E-003   6.4831725793955214E-015   2.3982489023979072E-016  -3.6305567705455866E-016   4.1294964176492753E-016   2.1030155033828520E-016   1.4528535696269521E-016   1.7616383463256771E-016   1.0941695713293218E-016  0.51501805811112045       -1.0318794151554504E-015   3.7944788051730125E-015   1.1898433238087193E-015   6.3230522189674553E-016  -5.7443619503178026E-016  -3.4010803018403728E-016  -1.5241982643561441E-016   1.7880135079739384E-016  -1.0354265815628817E-015   1.4551716590456021       -1.7643360647785684E-015   7.9087314869814797E-016   8.0166230859320273E-016 -0.65073295438655354       -1.1276963534827253E-015  -6.3689819283205893E-015  -6.0053489894009120E-015   6.5588160200071963E-015   1.0148834067460043E-016  -8.4099400686901610E-002  -1.3802231960590442E-016   2.9938728489276222E-015
  -4.1400031875067291E-016  -4.4358947098547789E-015  -6.7606880617415294E-002   6.3107533543751413E-016   2.7799805558557604E-015   9.3157599098101777E-015  -4.5940355502293750E-002   1.7736895005436986E-015  -2.5175000803356133E-015  -6.2325888303585175E-015   1.2514581353437193E-003  -1.9526842563562874E-015   1.8761109737169215E-016  -1.2515503750124528E-017  -7.3947936121047240E-016   3.1349019580789494E-016  -9.9730321557913086E-016   1.3283684545550373E-015   2.5844280759924916E-015  0.51501805811112578        4.6284063219735056E-015   7.1820963847229617E-016   1.6617198001706828E-015   1.5341122120567229E-015  -3.4215138122072592E-015  -2.0375758022987981E-016  -4.9991133897417099E-015  -2.7421573583711798E-015  -1.7643360647785684E-015   1.4551716590456087        2.3852207447723462E-015  -3.4082318809072449E-016  -3.6633584667631435E-016 -0.65073295438656176       -6.9670134230385468E-016  -3.8071285487821048E-016   9.7897145640805967E-016  -7.5209396522849759E-017  -4.4539869665219090E-017  -8.4099400686902567E-002   6.9710208518657167E-016
  -5.2506197173714525E-015   1.1236250156579860E-014   1.1098480403046339E-015 -0.19271302576060903        8.5823841507658574E-015  -2.2350735423160654E-014  -8.7302193378051490E-016 -0.27731578673899410       -7.1715298192954668E-015   1.6848009230082719E-014   1.4249861123857578E-015  -1.3212001436251274E-014  -1.8941417541354556E-016   3.2075303705109291E-016  -8.5607740613856913E-014   1.2819677161085253E-015  -1.1047279941606353E-014   4.8508590999814770E-015  -5.9814154282429221E-015  -3.0194454998614001E-016  0.98655684648989994       -5.2248085749702910E-013  -6.6561374577504516E-017   5.8692375157306792E-016  -5.6776705468945979E-013   3.5343489237866023E-015  -3.8221397834819782E-013   7.9354481581193378E-015   7.9087314869814797E-016   2.3852207447723462E-015  0.77467927738124964       -1.1804792365396859E-014  -5.8026093589433468E-016  -3.5056673860567878E-015 -0.58307005898719511      -0.37838698602851195       0.15900141429082099       -1.6512017053313624E-015  -7.1187353850729304E-017  -4.8337506850672001E-016   5.0034484511013284E-002
   2.7042371341542238E-002   1.9452639112341173E-015  -1.3193736550699243E-015  -1.9062966439303993E-016   1.6564168653742700E-002  -3.3809009715773404E-015   6.0657903236807803E-015  -1.3467492310366666E-015  -1.0224718139459701E-004   3.5255952977473813E-015  -8.3150907796843892E-015   2.4038117450325074E-015  -1.4740038841617570E-015   9.9778802639303029E-016  -1.9680467612397481E-015  -9.7397700680533190E-016  -6.8014223010719036E-016 -0.25227950716494862       -1.5667130792108009E-015   4.2305273720556021E-015   4.5149521786357677E-015  -2.8403851860079008E-015   2.1192762834103442E-015  -1.2012895479989379E-015   1.9981069055330757E-015  -8.2539813969233833E-016   2.9396206206191213E-016 -0.65073295438655621        8.0166230859320273E-016  -3.4082318809072449E-016  -1.1804792365396859E-014   2.0342637114823092        2.5783817017272119E-016  -1.5724121991790696E-015   1.2504518088876198E-014  -1.2363870872534775E-015  -4.1179506600877123E-015  0.28852586195475199       -1.6174197925891856E-016  -1.0873061953046552E-016  -2.3256181802543335E-015
  -4.5492446184943806E-015   2.7042371341530744E-002  -1.6234781220659986E-015  -2.1532913964566369E-015   1.0922524893514466E-014   1.6564168653744656E-002   6.8648770566392460E-015   3.9905952626092898E-015  -9.8664560531130192E-015  -1.0224718138609167E-004  -4.5434187128731610E-015   6.8895855703377652E-016   1.6846864310444396E-016   2.0273540009211939E-016  -2.0876177313823839E-015  -6.8641665158601208E-016  -2.1612955703083131E-015   4.2509344057708337E-015 -0.25227950716494801        1.2762925634601990E-016   1.3514838741486636E-014  -7.8211975152244528E-015  -1.9262685221358562E-017   9.9660311955552825E-016  -5.7673717806861656E-015   8.1835299602925296E-017  -6.3281871497154394E-015  -1.1757624546780944E-015 -0.65073295438655354       -3.6633584667631435E-016  -5.8026093589433468E-016   2.5783817017272119E-016   2.0342637114822977        1.8374413899345942E-015   4.0246004278318354E-015  -1.4449570520927613E-015  -2.0239667058406798E-015  -9.5520926364701556E-018  0.28852586195475005        5.6840880858542076E-016  -9.2449811643555278E-016
   5.5008282108259745E-016  -3.5818955363883117E-015   2.7042371341537048E-002  -3.3275620435681188E-016  -4.5946465778776025E-015   6.1113716499831841E-015   1.6564168653734619E-002  -2.8070829076220969E-015   5.2723038523833099E-015  -5.6607096872509291E-015  -1.0224718137227806E-004   5.0433088122695186E-015   1.0582947340527143E-016   1.5805699619314859E-015   1.4050185951424081E-015   5.9710563711289171E-016  -2.6438538856056009E-015  -4.6712352263838449E-015   3.6319989554157234E-015 -0.25227950716495184       -8.8137057377953241E-015   2.3914804530993890E-015  -3.9227584715167826E-016  -4.0526315586350512E-016   4.9045116194456692E-015  -1.9096798506872632E-016   9.0251027378608034E-015   3.1007126165292942E-015  -1.1276963534827253E-015 -0.65073295438656176       -3.5056673860567878E-015  -1.5724121991790696E-015   1.8374413899345942E-015   2.0342637114823088        1.1793995784603881E-015  -1.7638240246303210E-015   1.9417492769957130E-015  -2.9260763750790445E-016  -3.3986474307338197E-017  0.28852586195475088        3.1309638158044812E-016
   1.0212914144795227E-014  -2.5899570595814999E-014  -1.0382873617588729E-015  0.13513017035164540       -1.6369911938520221E-014   5.4117614578910410E-014   1.4122443347283073E-015  0.18923369918432159        1.4887701910771492E-014  -4.4258573451476339E-014  -2.7143119697632318E-015   1.4951689785995883E-014   1.2363767849043512E-015  -1.1137615649046444E-015   3.4257573530659106E-014   6.8014066556404188E-016   2.1379452252782624E-014  -7.6262535249556926E-015   1.7516403718441190E-014   2.0739159495497150E-015 -0.82966924374757678        3.0342488217212188E-013   4.5422321443658847E-016   4.1782081414831338E-016   2.2375314207951085E-013  -1.0733209568911405E-015   2.2017215044695979E-013  -8.2845478068206749E-015  -6.3689819283205893E-015  -6.9670134230385468E-016 -0.58307005898719511        1.2504518088876198E-014   4.0246004278318354E-015   1.1793995784603881E-015   1.1636551288732582        1.0003929312951034      -0.58799014318555898        1.3882677091059518E-015   7.9225838043451117E-016   3.9036782220968032E-016 -0.20232584107994545     
   8.6792101286149031E-015  -2.2411934692395947E-014  -8.2975490683890974E-016   8.7848460040132484E-002  -1.3964773432280379E-014   4.7431418176070229E-014   1.0644223746608608E-015  0.12241105419519387        1.2878431961958661E-014  -3.9120664055820475E-014  -2.2818161638838269E-015  -1.7285581532076452E-014   1.2252718437063898E-015  -1.1731744868129837E-015   4.2319897346113741E-014   3.5019310688916775E-016   1.6346794947764348E-014  -4.6673715426567578E-015   1.5737644395756114E-014   1.8294827637453098E-015 -0.56920476614227111        8.1290257747823677E-014   6.2566511595293644E-016   3.3998039639005287E-017   1.6445904793633096E-013  -2.0225003319645015E-015   1.1279263155968228E-013  -1.9248062859899203E-015  -6.0053489894009120E-015  -3.8071285487821048E-016 -0.37838698602851195       -1.2363870872534775E-015  -1.4449570520927613E-015  -1.7638240246303210E-015   1.0003929312951034       0.89161333823680911      -0.52540430667887894       -5.3241096775812695E-016  -1.2100847527190097E-017  -5.6072610562125632E-017 -0.17813164614268462     
  -8.8136603276012977E-015   2.5676644926402482E-014   2.5252508207580673E-015  -3.8048156794722482E-002   1.3718608845877400E-014  -4.8203455047058672E-014  -7.1405640184556765E-015  -5.2927756122962494E-002  -1.3454709364746691E-014   3.7442765460685722E-014   8.5558703126098176E-015   1.1189402752311625E-014  -1.5480842850282303E-015   1.6083425489219050E-015  -1.9076642128175891E-014  -1.3836886444195552E-015  -1.5829607117189369E-014   5.7749526961876246E-015  -1.5779031656580525E-014  -5.1705273255742013E-015  0.25966852994779871       -2.9565400475009844E-014  -7.1536726302364156E-016  -7.5857617298315304E-016  -7.1401928115914121E-014   7.7332339453241028E-016  -7.9547286344248154E-014   4.8968483446061985E-015   6.5588160200071963E-015   9.7897145640805967E-016  0.15900141429082099       -4.1179506600877123E-015  -2.0239667058406798E-015   1.9417492769957130E-015 -0.58799014318555898      -0.52540430667887894        1.2103215229317743        3.7925701539637999E-016  -1.4956648879566803E-015  -1.2627089707570305E-015  0.64739005496742896     
