   6.2458791767172595E-005   2.0602793499767661E-011  -1.4839814842434941E-012  -2.5326750282412138E-016  -1.3574908058602281E-016  -2.2819118600409587E-004  -7.7462085442685433E-011   5.4565190449541257E-012  -3.8928056230513063E-003  -6.9943813147080867E-010   5.0445998378282975E-011  -5.5756815265743213E-016  -6.2347345882714832E-003  -9.8440902203641330E-010   7.0636833609490924E-011  -8.9051995281948110E-016  -2.1193087093685084E-018  -1.9416473414487048E-018  -8.4871564826552622E-019   2.9818284985380589E-019   4.1174680794857343E-018  -6.5495683463437839E-019  -2.7418768281430054E-003  -4.2900451290425672E-010   3.1345646547332158E-011  -2.9289346952799119E-015   3.7273812865578782E-003   5.7655136634069756E-010  -4.0836043253533140E-011  -2.8562735315941655E-015   3.5255297619513886E-015   3.6316734696039332E-004   5.5965065078064120E-011  -3.9568539847654640E-012   1.5896063980900274E-015
   2.0602793499767661E-011   6.2458738610137886E-005   5.3886522245342237E-013  -1.0209917678315662E-016  -2.1792394459669716E-016  -7.7462062636003610E-011  -2.2819098612363213E-004  -1.6832628412506722E-012  -6.9943773235058336E-010  -3.8928038184510641E-003  -1.8478322423062453E-011  -6.7455107001457264E-015  -9.8440839061480445E-010  -6.2347320483627892E-003  -2.4996937272174333E-011  -5.9011108393188470E-015   4.3323130677417449E-018   1.7060506929559371E-018   2.3764892120374429E-019   1.9192008948838851E-020  -2.0738421762247207E-019   1.2770283165392960E-018  -4.2900420455227576E-010  -2.7418757213519976E-003  -1.2461168597423869E-011   9.5602031914764183E-015   5.7655128081454859E-010   3.7273797988778036E-003   1.3143434677793548E-011   7.4186142596633348E-015  -5.0775020329209403E-015   5.5965059265779218E-011   3.6316720255200746E-004   1.2561208695293289E-012  -1.9399489861429688E-015
  -1.4839814842434941E-012   5.3886522245342237E-013   6.2458730712890902E-005  -9.9529797531782278E-016  -2.7146294012715254E-016   5.4564868457047024E-012  -1.6832878041532833E-012  -2.2819095675339447E-004   5.0445192892301784E-011  -1.8479093627511760E-011  -3.8928035501761839E-003   2.1053170525184584E-015   7.0635549512942721E-011  -2.4998107753127672E-011  -6.2347316717332908E-003   1.5553689853476286E-015  -5.5437548607042057E-018  -2.4205695270842268E-018  -1.8035182347642086E-018  -1.6811137253289001E-018  -1.7190985602081520E-018  -6.4963161067057046E-018   3.1345146971746790E-011  -1.2461354184955151E-011  -2.7418755557450632E-003  -4.6648179538111601E-015  -4.0834439539610794E-011   1.3148984886515969E-011   3.7273795797012847E-003  -3.8094131867334374E-015   5.3361952384786631E-015  -3.9566905565428267E-012   1.2567016290288634E-012   3.6316718129536209E-004   2.5023899876280964E-015
  -2.5326750282412138E-016  -1.0209917678315662E-016  -9.9529797531782278E-016  0.66684466258774189       0.20736660286279671        1.9050230531708769E-016   2.8394153994449333E-016   6.9595766883848465E-016  -3.9556387203088987E-016   3.1107016491711398E-015  -1.3029242934474370E-015 -0.21947279047707824       -1.0387667805602911E-015   4.8978224535245287E-015  -1.2528673369222547E-015 -0.10722176752556152        2.2657497841115151E-009   1.4358473744408139E-009  -5.4566038858134867E-011  -9.4992083625561846E-010  -9.8628756138667697E-011  -1.3158126550342242E-009  -5.5898086469517104E-016   1.9100158938904097E-015  -1.0692386089013677E-015   6.9444668258234823E-002  -2.6257237286509734E-015  -7.1670153319094855E-015  -3.2794753512758912E-015   4.1452720657447019E-002  -1.8359535179387369E-002  -2.8132177968706680E-016  -7.3319799478282632E-016  -3.5441044917854488E-016  -6.0911453904874679E-003
  -1.3574908058602281E-016  -2.1792394459669716E-016  -2.7146294012715254E-016  0.20736660286279671        6.5972589228841499E-002   1.1126817051980665E-016   1.4885693319237937E-016   1.1221033245951429E-016   4.8739089783100579E-016  -3.9324981296824514E-015   1.1768096576393325E-015  -3.4505407160448615E-002   7.2902356406670548E-016  -5.7211948010595066E-015   1.4205583414005697E-015  -8.3750019010836799E-004   2.9340047121041744E-010   1.8234375443720879E-010  -1.5573996663772702E-011  -1.1366225452514799E-010   1.1570587165962935E-011  -1.7972465918041800E-010   5.8799797937909651E-016  -2.3576003836228376E-015   9.4370136012635667E-016   1.5988125001097850E-003   3.5292861598804222E-015   7.6054652307480856E-015   1.1576706943450772E-015   2.2701931231615124E-003  -6.7811001406635051E-004   3.7527553283695949E-016   7.7466682540231966E-016   1.3015796698294566E-016  -1.1639370015632811E-004
  -2.2819118600409587E-004  -7.7462062636003610E-011   5.4564868457047024E-012   1.9050230531708769E-016   1.1126817051980665E-016   8.3376335308062372E-004   2.9102599304374450E-010  -2.0062977205429930E-011   1.4226212111847880E-002   2.6922146092767631E-009  -1.8646348209995679E-010  -4.5615937621956122E-016   2.2782739899336775E-002   3.8150899881363915E-009  -2.6150536963145062E-010   1.3067178639261701E-016   7.4383155527812788E-018   6.9820465524792105E-018   3.0305815687831763E-018  -9.7670477413336742E-019  -1.5064634864441223E-017   2.5603468980058420E-018   1.0046594428694497E-002   1.6670280480323081E-009  -1.1614903401349179E-010   5.8910904224379202E-015  -1.3266221963161509E-002  -2.1939478898983905E-009   1.4984301918399685E-010   5.4325880338651460E-015  -4.9171983355918254E-015  -1.2896260704691315E-003  -2.1264852953583497E-010   1.4508321825217600E-011  -2.0423736457000950E-015
  -7.7462085442685433E-011  -2.2819098612363213E-004  -1.6832878041532833E-012   2.8394153994449333E-016   1.4885693319237937E-016   2.9102599304374450E-010   8.3376260205094072E-004   5.1053769419748634E-012   2.6922145882216574E-009   1.4226205164395793E-002   4.9638998254268534E-011   8.8902361366436246E-015   3.8150899723216627E-009   2.2782730053748226E-002   6.2736357297214684E-011   7.5638505240114594E-015  -1.5718529722779951E-017  -6.2469899582650845E-018  -7.5920367922983245E-019  -2.8694949226831750E-019   7.2281051188791418E-019  -4.7980835524897757E-018   1.6670280620695340E-009   1.0046590126930712E-002   3.2660321038252681E-011  -1.3814145051583602E-014  -2.1939472313167964E-009  -1.3266216301153256E-002  -3.4573459318586742E-011  -1.0886908671121209E-014   9.1419992814173251E-015  -2.1264846038935058E-010  -1.2896255216759791E-003  -3.3086389485101998E-012   3.7795391227176921E-015
   5.4565190449541257E-012  -1.6832628412506722E-012  -2.2819095675339447E-004   6.9595766883848465E-016   1.1221033245951429E-016  -2.0062977205429930E-011   5.1053769419748634E-012   8.3376249285052628E-004  -1.8646249572881916E-010   4.9640331499508542E-011   1.4226204151944694E-002  -5.1735634572653535E-015  -2.6150384525717215E-010   6.2738194157183302E-011   2.2782728626161732E-002  -4.3013157641834416E-015   1.9948120643036539E-017   8.6683972755186174E-018   6.5029739649532315E-018   5.9970088898939141E-018   6.3277494174037884E-018   2.3337683059508705E-017  -1.1614818587326071E-010   3.2660862958664416E-011   1.0046589498209730E-002   9.5301166454779047E-015   1.4984443007015407E-010  -3.4580072175579400E-011  -1.3266215481611355E-002   7.6084565676308302E-015  -8.7903159870274029E-015   1.4508477623898499E-011  -3.3093283345617105E-012  -1.2896254422817271E-003  -3.9691889046284981E-015
  -3.8928056230513063E-003  -6.9943773235058336E-010   5.0445192892301784E-011  -3.9556387203088987E-016   4.8739089783100579E-016   1.4226212111847880E-002   2.6922145882216574E-009  -1.8646249572881916E-010  0.24283557407022302        7.1364525466782111E-009  -5.2093778313137048E-010   8.1252396426816359E-016  0.38881817543994118        2.9517143650367908E-009  -2.0103653699301552E-010  -3.2273132035952033E-016   1.1578551364748392E-016   1.1503475247054716E-016   4.9140418478539836E-017  -1.2551029725983598E-017  -2.5778132278093253E-016   4.9787375982114449E-017  0.17245524782571117        1.0043728054503038E-009  -9.7357659308266575E-011  -8.1979852438505080E-015 -0.21348799512314023       -1.8158033077895395E-009   1.5115635911218709E-010  -7.7887789033897066E-015   5.0530150969385786E-015  -2.0643641102830682E-002  -1.7099918036278316E-010   1.4359213086167373E-011   1.8172509040507293E-015
  -6.9943813147080867E-010  -3.8928038184510641E-003  -1.8479093627511760E-011   3.1107016491711398E-015  -3.9324981296824514E-015   2.6922146092767631E-009   1.4226205164395793E-002   4.9640331499508542E-011   7.1364525466782111E-009  0.24283555565875087        2.0591178238112225E-010  -5.2763598539138194E-015   2.9517147102004404E-009  0.38881816782223566        4.4950344290777782E-011  -6.6583137920168507E-015  -2.6416264767277903E-016  -1.0708363463116438E-016  -8.9744923581779032E-018  -1.2801524074679704E-017   1.1059798725244966E-017  -8.6682359852705190E-017   1.0043723967480981E-009  0.17245524523871672        9.5996029199489397E-011   1.6568615705500079E-014  -1.8158046659083976E-009 -0.21348799044175965       -1.0426078899786495E-010   1.2915265588730559E-014  -1.5212986079247355E-014  -1.7099932950497885E-010  -2.0643640661993881E-002  -1.0165230067368533E-011  -6.8549293962881022E-015
   5.0445998378282975E-011  -1.8478322423062453E-011  -3.8928035501761839E-003  -1.3029242934474370E-015   1.1768096576393325E-015  -1.8646348209995679E-010   4.9638998254268534E-011   1.4226204151944694E-002  -5.2093778313137048E-010   2.0591178238112225E-010  0.24283555290520492        8.0294686270416148E-015  -2.0103733190971959E-010   4.4944936289067798E-011  0.38881816672110109        5.3897032717573180E-015   3.2914918370620933E-016   1.4149208398664977E-016   1.0779572086964042E-016   9.7020924658375702E-017   1.0966482797840711E-016   3.8366900909482502E-016  -9.7358377781941226E-011   9.5996940643242317E-011  0.17245524478825905       -1.7101730771260316E-014   1.5115190990222505E-010  -1.0424784569492988E-010 -0.21348798969244437       -1.3924548999846699E-014   1.7177034401470430E-014   1.4358724927315585E-011  -1.0163879758077612E-011  -2.0643640591103372E-002   7.8360948482421093E-015
  -5.5756815265743213E-016  -6.7455107001457264E-015   2.1053170525184584E-015 -0.21947279047707824       -3.4505407160448615E-002  -4.5615937621956122E-016   8.8902361366436246E-015  -5.1735634572653535E-015   8.1252396426816359E-016  -5.2763598539138194E-015   8.0294686270416148E-015  0.85093156329697295        5.3199876292226737E-016   1.0418151801720153E-014  -8.2779149375280652E-015  0.77593581428042391       -1.0313948818960244E-008  -6.6195455879768237E-009   5.0687967220717731E-011   4.5413261996342370E-009   1.0146172260901474E-009   5.7727968376968162E-009  -5.5797020410411122E-016  -1.5327878752848435E-015   3.6962354814745446E-015 -0.57645422600088336       -5.2806918920306336E-015  -4.0145500267978421E-015  -6.1840533662135403E-017 -0.34777107016654518       0.16077552860689370       -5.6926898361034881E-016  -4.2773297641581398E-016   1.4203827225314195E-017   5.3034558876363255E-002
  -6.2347345882714832E-003  -9.8440839061480445E-010   7.0635549512942721E-011  -1.0387667805602911E-015   7.2902356406670548E-016   2.2782739899336775E-002   3.8150899723216627E-009  -2.6150384525717215E-010  0.38881817543994118        2.9517147102004404E-009  -2.0103733190971959E-010   5.3199876292226737E-016  0.62261457662657316       -8.8328604574954936E-009   6.9141446043465178E-010   9.1070296526621654E-016   1.9374959465806264E-016   1.8728751185978939E-016   8.0617672839390620E-017  -2.3176184924884900E-017  -4.1227464683506850E-016   7.5170764579211974E-017  0.27540760740595843       -4.4831454566691863E-009   2.9604745696196980E-010   1.0034309562522199E-014 -0.35151531750639220        3.6133095403388796E-009  -2.8525745429003899E-010   9.3650057311734088E-015  -6.9463645213348374E-015  -3.4077508849747765E-002   3.4868810247406870E-010  -2.7744015441890168E-011  -2.6549475196668328E-015
  -9.8440902203641330E-010  -6.2347320483627892E-003  -2.4998107753127672E-011   4.8978224535245287E-015  -5.7211948010595066E-015   3.8150899881363915E-009   2.2782730053748226E-002   6.2738194157183302E-011   2.9517143650367908E-009  0.38881816782223566        4.4944936289067798E-011   1.0418151801720153E-014  -8.8328604574954936E-009  0.62261459940649433       -3.8488028488679552E-010   4.2304328441659333E-015  -4.2606397351914221E-016  -1.7112067592275211E-016  -1.7347915953798267E-017  -1.4590667196695000E-017   1.8663811156441487E-017  -1.3521947702082705E-016  -4.4831460680206588E-009  0.27540761897757449       -4.2366683428742067E-011  -1.8221304748509546E-014   3.6133116451991586E-009 -0.35151532682468650        1.6418173622601476E-010  -1.6181735762262065E-014   1.9934507918889589E-014   3.4868831373175226E-010  -3.4077509748934955E-002   1.6446884935906289E-011   9.1406108631715505E-015
   7.0636833609490924E-011  -2.4996937272174333E-011  -6.2347316717332908E-003  -1.2528673369222547E-015   1.4205583414005697E-015  -2.6150536963145062E-010   6.2736357297214684E-011   2.2782728626161732E-002  -2.0103653699301552E-010   4.4950344290777782E-011  0.38881816672110109       -8.2779149375280652E-015   6.9141446043465178E-010  -3.8488028488679552E-010  0.62261460293666260       -8.0129668483279962E-015   5.3550785981403885E-016   2.3138955968096688E-016   1.7499530259192447E-016   1.5934155026226471E-016   1.7435555272917962E-016   6.2529912267206406E-016   2.9604789311617500E-010  -4.2364073482485354E-011  0.27540762062567598        2.2491940939782418E-014  -2.8525169260252517E-010   1.6416106496497187E-010 -0.35151532827512338        1.8655514891112727E-014  -2.4110278376053756E-014  -2.7743429604892969E-011   1.6444714604075465E-011  -3.4077509889470212E-002  -1.1145039570785073E-014
  -8.9051995281948110E-016  -5.9011108393188470E-015   1.5553689853476286E-015 -0.10722176752556152       -8.3750019010836799E-004   1.3067178639261701E-016   7.5638505240114594E-015  -4.3013157641834416E-015  -3.2273132035952033E-016  -6.6583137920168507E-015   5.3897032717573180E-015  0.77593581428042391        9.1070296526621654E-016   4.2304328441659333E-015  -8.0129668483279962E-015  0.72815119413901730       -9.4103025765197124E-009  -6.0424200527294259E-009   3.9523789547920056E-011   4.1508339205558777E-009   9.4495889990031302E-010   5.2596479944501342E-009  -7.0701105564606390E-016  -2.3151100649997715E-015   1.8040724785919327E-015 -0.47445131291648929        4.1320754536012620E-015   3.2078275185295120E-015   1.2559726181745957E-015 -0.26366715095878029       0.11769982503738587        4.0830007695606328E-016   3.3877419687686868E-016   1.2414627825626412E-016   3.9312466052118647E-002
  -2.1193087093685084E-018   4.3323130677417449E-018  -5.5437548607042057E-018   2.2657497841115151E-009   2.9340047121041744E-010   7.4383155527812788E-018  -1.5718529722779951E-017   1.9948120643036539E-017   1.1578551364748392E-016  -2.6416264767277903E-016   3.2914918370620933E-016  -1.0313948818960244E-008   1.9374959465806264E-016  -4.2606397351914221E-016   5.3550785981403885E-016  -9.4103025765197124E-009   1.2573676131545937E-016   8.0709926051423764E-017  -5.9079727136907313E-019  -5.5392808562640517E-017  -1.2446777125574847E-017  -7.0346009549392152E-017  -2.6959056906293004E-017  -1.4713937322887733E-016   1.2288112587301405E-016   7.5796934196317858E-009  -1.5697683080129160E-015   7.7623190802924732E-016  -1.7799997301549857E-015   4.7627262395110585E-009  -2.3127146002211610E-009  -1.6498229363475171E-016   7.9947317151486022E-017  -1.8551458666746060E-016  -7.7547007446715076E-010
  -1.9416473414487048E-018   1.7060506929559371E-018  -2.4205695270842268E-018   1.4358473744408139E-009   1.8234375443720879E-010   6.9820465524792105E-018  -6.2469899582650845E-018   8.6683972755186174E-018   1.1503475247054716E-016  -1.0708363463116438E-016   1.4149208398664977E-016  -6.6195455879768237E-009   1.8728751185978939E-016  -1.7112067592275211E-016   2.3138955968096688E-016  -6.0424200527294259E-009   8.0709926051423764E-017   5.1807929402114777E-017  -3.7792799962100774E-019  -3.5557853857460620E-017  -7.9932629855936650E-018  -4.5153394180853292E-017   4.1217642972025517E-017  -8.0454592461383119E-017   3.7284292175070433E-017   4.8665802269417118E-009  -6.4532961494574515E-016   3.4896214403796900E-017  -9.7408704187443701E-016   3.0577232136461825E-009  -1.4847809665124058E-009  -6.7291286436300345E-017   2.8420045700077943E-018  -1.0182617281813040E-016  -4.9786362540010405E-010
  -8.4871564826552622E-019   2.3764892120374429E-019  -1.8035182347642086E-018  -5.4566038858134867E-011  -1.5573996663772702E-011   3.0305815687831763E-018  -7.5920367922983245E-019   6.5029739649532315E-018   4.9140418478539836E-017  -8.9744923581779032E-018   1.0779572086964042E-016   5.0687967220717731E-011   8.0617672839390620E-017  -1.7347915953798267E-017   1.7499530259192447E-016   3.9523789547920056E-011  -5.9079727136907313E-019  -3.7792799962100774E-019   5.8630294550773933E-021   2.5688199584458710E-019   4.9651062952749000E-020   3.3392083451353710E-019   9.6075340784989488E-018   3.2531823577907744E-017   4.5238387854192110E-017  -3.2693406636375424E-011  -3.8322511547549903E-016   5.3095669097202973E-016  -5.1578965656064121E-016  -2.1016026678052962E-011   1.0219997602606915E-011  -4.0111978668154684E-017   5.6041904937514842E-017  -5.3658372568239010E-017   3.4139971419236272E-012
   2.9818284985380589E-019   1.9192008948838851E-020  -1.6811137253289001E-018  -9.4992083625561846E-010  -1.1366225452514799E-010  -9.7670477413336742E-019  -2.8694949226831750E-019   5.9970088898939141E-018  -1.2551029725983598E-017  -1.2801524074679704E-017   9.7020924658375702E-017   4.5413261996342370E-009  -2.3176184924884900E-017  -1.4590667196695000E-017   1.5934155026226471E-016   4.1508339205558777E-009  -5.5392808562640517E-017  -3.5557853857460620E-017   2.5688199584458710E-019   2.4406797517864555E-017   5.4930788695411509E-018   3.0986921678683038E-017   3.1319766612015728E-017  -8.6246333550804095E-017   1.6705190088421072E-017  -3.3423565014680857E-009   5.5195418486069028E-016  -1.0260665153221297E-015  -7.8705719141373521E-016  -2.0996422509186712E-009   1.0195379655010058E-009   5.8232718253002829E-017  -1.0853834056061358E-016  -8.2411704127191222E-017   3.4187312264169954E-010
   4.1174680794857343E-018  -2.0738421762247207E-019  -1.7190985602081520E-018  -9.8628756138667697E-011   1.1570587165962935E-011  -1.5064634864441223E-017   7.2281051188791418E-019   6.3277494174037884E-018  -2.5778132278093253E-016   1.1059798725244966E-017   1.0966482797840711E-016   1.0146172260901474E-009  -4.1227464683506850E-016   1.8663811156441487E-017   1.7435555272917962E-016   9.4495889990031302E-010  -1.2446777125574847E-017  -7.9932629855936650E-018   4.9651062952749000E-020   5.4930788695411509E-018   1.2573863339748122E-018   6.9539136064819903E-018  -1.8926158752351708E-016  -4.6243200664898967E-018   9.4015726197428426E-017  -7.5867205072479536E-010   1.4337469944639208E-016  -1.7749462829822575E-016   1.2051404241332105E-016  -4.7535899435820160E-010   2.3078444182301925E-010   1.3115832169168103E-017  -1.8670698166537459E-017   1.3602520874800157E-017   7.7420403666859422E-011
  -6.5495683463437839E-019   1.2770283165392960E-018  -6.4963161067057046E-018  -1.3158126550342242E-009  -1.7972465918041800E-010   2.5603468980058420E-018  -4.7980835524897757E-018   2.3337683059508705E-017   4.9787375982114449E-017  -8.6682359852705190E-017   3.8366900909482502E-016   5.7727968376968162E-009   7.5170764579211974E-017  -1.3521947702082705E-016   6.2529912267206406E-016   5.2596479944501342E-009  -7.0346009549392152E-017  -4.5153394180853292E-017   3.3392083451353710E-019   3.0986921678683038E-017   6.9539136064819903E-018   3.9360234094467702E-017   9.4749983356319275E-017  -1.0822700229427223E-016   1.2898391692333734E-016  -4.2373536471868691E-009   7.5473748172696263E-016  -5.5122137974291926E-016  -2.2664361313138180E-015  -2.6630550140564557E-009   1.2931563453904502E-009   8.0155797370853335E-017  -5.8939172628640463E-017  -2.3649169168692019E-016   4.3359121576006735E-010
  -2.7418768281430054E-003  -4.2900420455227576E-010   3.1345146971746790E-011  -5.5898086469517104E-016   5.8799797937909651E-016   1.0046594428694497E-002   1.6670280620695340E-009  -1.1614818587326071E-010  0.17245524782571117        1.0043723967480981E-009  -9.7358377781941226E-011  -5.5797020410411122E-016  0.27540760740595843       -4.4831460680206588E-009   2.9604789311617500E-010  -7.0701105564606390E-016  -2.6959056906293004E-017   4.1217642972025517E-017   9.6075340784989488E-018   3.1319766612015728E-017  -1.8926158752351708E-016   9.4749983356319275E-017  0.13188516321752652       -2.0816905846851313E-009   1.2013008870401546E-010  -5.8997821620334130E-015  -2.5070990953697539E-002   2.8902121120698985E-009  -1.6083773483129856E-010  -5.5660616333165914E-015   4.7460401196792524E-015  -1.2872449231260952E-003   2.8414531130365147E-010  -1.5837317550490600E-011   1.9243065769240275E-015
  -4.2900451290425672E-010  -2.7418757213519976E-003  -1.2461354184955151E-011   1.9100158938904097E-015  -2.3576003836228376E-015   1.6670280480323081E-009   1.0046590126930712E-002   3.2660862958664416E-011   1.0043728054503038E-009  0.17245524523871672        9.5996940643242317E-011  -1.5327878752848435E-015  -4.4831454566691863E-009  0.27540761897757449       -4.2364073482485354E-011  -2.3151100649997715E-015  -1.4713937322887733E-016  -8.0454592461383119E-017   3.2531823577907744E-017  -8.6246333550804095E-017  -4.6243200664898967E-018  -1.0822700229427223E-016  -2.0816905846851313E-009  0.13188516859368332        2.8651859400996352E-011   9.3841575801284828E-015   2.8902094608048035E-009  -2.5070998419000821E-002  -5.6368944052411107E-011   7.7649986651268504E-015  -1.0502741841300970E-014   2.8414502350045613E-010  -1.2872456570582748E-003  -5.4724082057200661E-012  -4.8607279014045526E-015
   3.1345646547332158E-011  -1.2461168597423869E-011  -2.7418755557450632E-003  -1.0692386089013677E-015   9.4370136012635667E-016  -1.1614903401349179E-010   3.2660321038252681E-011   1.0046589498209730E-002  -9.7357659308266575E-011   9.5996029199489397E-011  0.17245524478825905        3.6962354814745446E-015   2.9604745696196980E-010  -4.2366683428742067E-011  0.27540762062567598        1.8040724785919327E-015   1.2288112587301405E-016   3.7284292175070433E-017   4.5238387854192110E-017   1.6705190088421072E-017   9.4015726197428426E-017   1.2898391692333734E-016   1.2013008870401546E-010   2.8651859400996352E-011  0.13188516931358682       -1.2086200260793895E-014  -1.6083948567889372E-010  -5.6352751434586538E-011  -2.5070999402923334E-002  -1.0558833255677911E-014   1.3514609904037424E-014  -1.5837501796779650E-011  -5.4707122975129481E-012  -1.2872457538552985E-003   6.2074786845009475E-015
  -2.9289346952799119E-015   9.5602031914764183E-015  -4.6648179538111601E-015   6.9444668258234823E-002   1.5988125001097850E-003   5.8910904224379202E-015  -1.3814145051583602E-014   9.5301166454779047E-015  -8.1979852438505080E-015   1.6568615705500079E-014  -1.7101730771260316E-014 -0.57645422600088336        1.0034309562522199E-014  -1.8221304748509546E-014   2.2491940939782418E-014 -0.47445131291648929        7.5796934196317858E-009   4.8665802269417118E-009  -3.2693406636375424E-011  -3.3423565014680857E-009  -7.5867205072479536E-010  -4.2373536471868691E-009  -5.8997821620334130E-015   9.3841575801284828E-015  -1.2086200260793895E-014   1.0262122769776116       -6.7308327293561223E-016  -4.3803266318936075E-015   4.8924719309096679E-015  0.83885658086488946      -0.50443765119309980       -2.1221209384840438E-016  -8.6249384526176635E-017   2.5467868720935329E-016 -0.17843978231355798     
   3.7273812865578782E-003   5.7655128081454859E-010  -4.0834439539610794E-011  -2.6257237286509734E-015   3.5292861598804222E-015  -1.3266221963161509E-002  -2.1939472313167964E-009   1.4984443007015407E-010 -0.21348799512314023       -1.8158046659083976E-009   1.5115190990222505E-010  -5.2806918920306336E-015 -0.35151531750639220        3.6133116451991586E-009  -2.8525169260252517E-010   4.1320754536012620E-015  -1.5697683080129160E-015  -6.4532961494574515E-016  -3.8322511547549903E-016   5.5195418486069028E-016   1.4337469944639208E-016   7.5473748172696263E-016  -2.5070990953697539E-002   2.8902094608048035E-009  -1.6083948567889372E-010  -6.7308327293561223E-016   1.8890025588592179       -2.4454254968644322E-009   1.5065920898406460E-010   1.8243378598318401E-015  -2.8697959393787709E-016  0.19794794327936807       -2.9590775545574260E-010   1.6991447706318332E-011   8.3715888624735269E-017
   5.7655136634069756E-010   3.7273797988778036E-003   1.3148984886515969E-011  -7.1670153319094855E-015   7.6054652307480856E-015  -2.1939478898983905E-009  -1.3266216301153256E-002  -3.4580072175579400E-011  -1.8158033077895395E-009 -0.21348799044175965       -1.0424784569492988E-010  -4.0145500267978421E-015   3.6133095403388796E-009 -0.35151532682468650        1.6416106496497187E-010   3.2078275185295120E-015   7.7623190802924732E-016   3.4896214403796900E-017   5.3095669097202973E-016  -1.0260665153221297E-015  -1.7749462829822575E-016  -5.5122137974291926E-016   2.8902121120698985E-009  -2.5070998419000821E-002  -5.6352751434586538E-011  -4.3803266318936075E-015  -2.4454254968644322E-009   1.8890025651732076        7.0627324925011909E-012   5.1819153089110198E-016   2.1945577889142981E-015  -2.9590783193512139E-010  0.19794794404360067        4.3087242159621263E-012   1.2271690853829754E-015
  -4.0836043253533140E-011   1.3143434677793548E-011   3.7273795797012847E-003  -3.2794753512758912E-015   1.1576706943450772E-015   1.4984301918399685E-010  -3.4573459318586742E-011  -1.3266215481611355E-002   1.5115635911218709E-010  -1.0426078899786495E-010 -0.21348798969244437       -6.1840533662135403E-017  -2.8525745429003899E-010   1.6418173622601476E-010 -0.35151532827512338        1.2559726181745957E-015  -1.7799997301549857E-015  -9.7408704187443701E-016  -5.1578965656064121E-016  -7.8705719141373521E-016   1.2051404241332105E-016  -2.2664361313138180E-015  -1.6083773483129856E-010  -5.6368944052411107E-011  -2.5070999402923334E-002   4.8924719309096679E-015   1.5065920898406460E-010   7.0627324925011909E-012   1.8890025660437872        9.2377943257193258E-016  -3.0227569344594899E-015   1.6991604360482654E-011   4.3086953759988333E-012  0.19794794414570907       -1.3337681023203451E-015
  -2.8562735315941655E-015   7.4186142596633348E-015  -3.8094131867334374E-015   4.1452720657447019E-002   2.2701931231615124E-003   5.4325880338651460E-015  -1.0886908671121209E-014   7.6084565676308302E-015  -7.7887789033897066E-015   1.2915265588730559E-014  -1.3924548999846699E-014 -0.34777107016654518        9.3650057311734088E-015  -1.6181735762262065E-014   1.8655514891112727E-014 -0.26366715095878029        4.7627262395110585E-009   3.0577232136461825E-009  -2.1016026678052962E-011  -2.0996422509186712E-009  -4.7535899435820160E-010  -2.6630550140564557E-009  -5.5660616333165914E-015   7.7649986651268504E-015  -1.0558833255677911E-014  0.83885658086488946        1.8243378598318401E-015   5.1819153089110198E-016   9.2377943257193258E-016  0.71877496317304079      -0.38999614236603380        5.4101607027110761E-017   3.1814051543892550E-016  -1.0870755575756845E-016 -0.12786847054032968     
   3.5255297619513886E-015  -5.0775020329209403E-015   5.3361952384786631E-015  -1.8359535179387369E-002  -6.7811001406635051E-004  -4.9171983355918254E-015   9.1419992814173251E-015  -8.7903159870274029E-015   5.0530150969385786E-015  -1.5212986079247355E-014   1.7177034401470430E-014  0.16077552860689370       -6.9463645213348374E-015   1.9934507918889589E-014  -2.4110278376053756E-014  0.11769982503738587       -2.3127146002211610E-009  -1.4847809665124058E-009   1.0219997602606915E-011   1.0195379655010058E-009   2.3078444182301925E-010   1.2931563453904502E-009   4.7460401196792524E-015  -1.0502741841300970E-014   1.3514609904037424E-014 -0.50443765119309980       -2.8697959393787709E-016   2.1945577889142981E-015  -3.0227569344594899E-015 -0.38999614236603380        1.2016034996292808        6.3764739919152194E-017  -1.5166845765654986E-015   5.3811049888874140E-016  0.62109903178550163     
   3.6316734696039332E-004   5.5965059265779218E-011  -3.9566905565428267E-012  -2.8132177968706680E-016   3.7527553283695949E-016  -1.2896260704691315E-003  -2.1264846038935058E-010   1.4508477623898499E-011  -2.0643641102830682E-002  -1.7099932950497885E-010   1.4358724927315585E-011  -5.6926898361034881E-016  -3.4077508849747765E-002   3.4868831373175226E-010  -2.7743429604892969E-011   4.0830007695606328E-016  -1.6498229363475171E-016  -6.7291286436300345E-017  -4.0111978668154684E-017   5.8232718253002829E-017   1.3115832169168103E-017   8.0155797370853335E-017  -1.2872449231260952E-003   2.8414502350045613E-010  -1.5837501796779650E-011  -2.1221209384840438E-016  0.19794794327936807       -2.9590783193512139E-010   1.6991604360482654E-011   5.4101607027110761E-017   6.3764739919152194E-017   2.0756546453021007E-002  -3.5347244975752524E-011   1.9157192282420292E-012   4.3231107275599856E-017
   5.5965065078064120E-011   3.6316720255200746E-004   1.2567016290288634E-012  -7.3319799478282632E-016   7.7466682540231966E-016  -2.1264852953583497E-010  -1.2896255216759791E-003  -3.3093283345617105E-012  -1.7099918036278316E-010  -2.0643640661993881E-002  -1.0163879758077612E-011  -4.2773297641581398E-016   3.4868810247406870E-010  -3.4077509748934955E-002   1.6444714604075465E-011   3.3877419687686868E-016   7.9947317151486022E-017   2.8420045700077943E-018   5.6041904937514842E-017  -1.0853834056061358E-016  -1.8670698166537459E-017  -5.8939172628640463E-017   2.8414531130365147E-010  -1.2872456570582748E-003  -5.4707122975129481E-012  -8.6249384526176635E-017  -2.9590775545574260E-010  0.19794794404360067        4.3086953759988333E-012   3.1814051543892550E-016  -1.5166845765654986E-015  -3.5347244975752524E-011   2.0756546544330699E-002   8.3245966427574945E-013  -8.1114554970760189E-016
  -3.9568539847654640E-012   1.2561208695293289E-012   3.6316718129536209E-004  -3.5441044917854488E-016   1.3015796698294566E-016   1.4508321825217600E-011  -3.3086389485101998E-012  -1.2896254422817271E-003   1.4359213086167373E-011  -1.0165230067368533E-011  -2.0643640591103372E-002   1.4203827225314195E-017  -2.7744015441890168E-011   1.6446884935906289E-011  -3.4077509889470212E-002   1.2414627825626412E-016  -1.8551458666746060E-016  -1.0182617281813040E-016  -5.3658372568239010E-017  -8.2411704127191222E-017   1.3602520874800157E-017  -2.3649169168692019E-016  -1.5837317550490600E-011  -5.4724082057200661E-012  -1.2872457538552985E-003   2.5467868720935329E-016   1.6991447706318332E-011   4.3087242159621263E-012  0.19794794414570907       -1.0870755575756845E-016   5.3811049888874140E-016   1.9157192282420292E-012   8.3245966427574945E-013   2.0756546556230233E-002   3.1052979901113438E-016
   1.5896063980900274E-015  -1.9399489861429688E-015   2.5023899876280964E-015  -6.0911453904874679E-003  -1.1639370015632811E-004  -2.0423736457000950E-015   3.7795391227176921E-015  -3.9691889046284981E-015   1.8172509040507293E-015  -6.8549293962881022E-015   7.8360948482421093E-015   5.3034558876363255E-002  -2.6549475196668328E-015   9.1406108631715505E-015  -1.1145039570785073E-014   3.9312466052118647E-002  -7.7547007446715076E-010  -4.9786362540010405E-010   3.4139971419236272E-012   3.4187312264169954E-010   7.7420403666859422E-011   4.3359121576006735E-010   1.9243065769240275E-015  -4.8607279014045526E-015   6.2074786845009475E-015 -0.17843978231355798        8.3715888624735269E-017   1.2271690853829754E-015  -1.3337681023203451E-015 -0.12786847054032968       0.62109903178550163        4.3231107275599856E-017  -8.1114554970760189E-016   3.1052979901113438E-016  0.33028526812627002     
