  0.18866680341906683        5.5922425477332443E-016   1.7599819984639303E-015  -1.1901503524658782E-015  0.36182551860736900        1.3139710698800623E-015  -2.5242598267714855E-015  -2.8869729358900078E-015  0.18875312927582205        7.5276078253263319E-016   7.6045940378133281E-016   2.1368937948552628E-017   3.6995641773065322E-016  -8.1987126277583855E-017  -1.3835247659250141E-016  -8.5973959731394646E-017   9.6780036555654398E-017  -7.3108643388728689E-002  -1.0010138023298658E-016   1.7186298499789754E-018   1.9018681342745996E-015 -0.18934462108532116       -3.6841372005635684E-016   1.7953168248915907E-015   1.3229714368657772E-016   9.5691148851971092E-016  -1.7506346627396068E-016  -5.9079760520590127E-016  -6.4181272642948013E-016   3.4881228889027709E-016   9.5777976367827598E-016   7.3712751699362811E-002  -2.5186777857623795E-016   2.1105316658828061E-015   3.5055931565228408E-015   3.5953087869561974E-015  -6.8419838599107776E-015   9.2925014625582763E-003  -3.9116246417128490E-017   3.1070862571182245E-016  -3.4712149034645136E-015
   5.5922425477332443E-016  0.18866680341905911       -1.4817706628776456E-015   1.3786889842079585E-015  -5.1684958380575223E-016  0.36182551860736079       -1.4229387622142302E-015   9.6415011886214809E-016  -2.0803570973151174E-016  0.18875312927582952       -6.4447277029978420E-016  -3.5601456773824517E-016  -2.0310972762190668E-016  -5.9629875861139391E-017   1.7379459999901954E-016  -9.4165408008883923E-016  -7.1709547807551974E-017   5.5340163309021555E-016  -7.3108643388740652E-002   1.1688808647078637E-015   8.6374757380882461E-015   1.5162318542914115E-015 -0.18934462108531955        4.2228702236856937E-015  -2.5158019967482767E-015  -4.9995841779045290E-016  -1.0521955742071273E-016  -9.1150729957194986E-016  -2.3576485786757146E-015  -1.8323356871957120E-015   5.7817956435868655E-015  -4.9830567131590124E-016   7.3712751699375606E-002  -6.5658587666261034E-015  -6.6013330685341897E-015  -5.6299301272519497E-015   2.5537249909372574E-015  -6.0900167573645831E-017   9.2925014625601134E-003  -9.0650182922997917E-016   8.3037082362733920E-016
   1.7599819984639303E-015  -1.4817706628776456E-015  0.18866680341910783       -1.8661010124015335E-015   3.1265273573236052E-015   2.3859723736304904E-016  0.36182551860737500       -2.1872679916723691E-015   1.0275187276552467E-015  -1.4255675633690857E-015  0.18875312927587937        1.1246780104017356E-017   5.4060697463683514E-017  -4.6065008266464135E-017  -2.9792973499925876E-016  -1.9768284637840057E-016  -4.5660017143496928E-016  -9.7623088269899877E-017   1.1693136569587789E-015  -7.3108643388756042E-002   2.7792569586608978E-015  -4.5578504078575000E-016   1.9229366781215071E-015 -0.18934462108535158       -4.2581806976353366E-016   2.4114487041223773E-016  -3.7662125607207584E-016  -1.6680267646516140E-015  -3.1502958948825044E-016  -2.0853328954534887E-015   7.5232125356910151E-016   1.2760280299842913E-015  -6.1920682976415820E-015   7.3712751699379506E-002   2.1076757157776823E-015   1.4358113977543736E-015   8.5326509167846226E-016   1.8057471886040802E-016  -8.6981773885058718E-016   9.2925014625604516E-003   8.5833913522215331E-016
  -1.1901503524658782E-015   1.3786889842079585E-015  -1.8661010124015335E-015  0.57101386185440028        4.2053156212814188E-015  -2.2213467444524164E-015   5.6286382848950912E-015  0.75342681053340377       -1.7185818556781546E-015   4.4062924864043148E-015  -4.2321063474584195E-015   2.1998855598834154E-014   4.3114244586294717E-016   2.8102145513006747E-017   1.2063410450685639E-014   8.3801340244261704E-016  -4.7944239548704797E-015  -1.8513349515440424E-016  -3.9718690365037422E-015   2.9936421752735816E-015 -0.60678869622476983       -4.0545793592435327E-015  -4.9653342192711113E-015   3.1146015571690002E-015   4.0143648389473648E-014   2.1789937291466498E-015  -7.0770917775344786E-016   1.1119932262790194E-014   2.9027270354705621E-015  -9.5896301946384394E-015 -0.27657327843198359        9.5737580828025096E-015  -4.4241629272809834E-015  -1.1502813532087601E-016  0.22094438431544175       0.13830940847008741       -6.0393364102445085E-002   1.3247527564735373E-015  -6.5307594141467323E-016   1.6947388430330358E-019  -1.9027510673523717E-002
  0.36182551860736900       -5.1684958380575223E-016   3.1265273573236052E-015   4.2053156212814188E-015  0.69391629564456447       -5.3438192700486294E-016  -5.3012336274221861E-015   3.1763036767987087E-015  0.36197640973770651       -1.9053539883495857E-016   1.0886474013926950E-015  -2.4880015927853818E-016  -7.4938741624865737E-016  -1.1104370784467793E-016  -3.1279731533389801E-016   1.0098928293349084E-015   5.2203283147170443E-016 -0.14020573942164757       -5.1215383007121775E-017  -6.6684616948373479E-016  -7.0219444195044026E-017 -0.36331666990855510       -6.2100369109097891E-016   5.6921969308204590E-016  -6.1437719593034306E-016  -2.5712057396053926E-015  -1.9518220043647030E-016  -1.2762929105219478E-015   2.3288832538303617E-015   1.6796358362983639E-015  -1.6762662499613293E-015  0.13803843578111963        1.9024622275382599E-015  -2.4047197609913806E-015  -1.4208974408905932E-014  -1.4218287309741010E-014   2.0870581188603531E-014   1.7346039460187132E-002   2.6511852694133825E-016  -3.4238765793913328E-016   1.0114799541917842E-014
   1.3139710698800623E-015  0.36182551860736079        2.3859723736304904E-016  -2.2213467444524164E-015  -5.3438192700486294E-016  0.69391629564456159        3.0984219031603093E-015  -6.4851387756079559E-015  -3.0751289832785747E-016  0.36197640973772927        1.3525273858256581E-015   1.0782261593718372E-015   1.1790450578803319E-015   5.4246782631321006E-016  -5.5386754387320648E-016   1.6549733226485559E-015  -1.0103575187321041E-015  -3.2397608793298165E-016 -0.14020573942165596       -3.7577835200941634E-015  -4.1355737923302347E-015  -1.7547601241877625E-015 -0.36331666990850198       -1.0437500909546998E-014   4.9684045626075131E-016   3.7833759694116781E-015   1.7863070664322170E-015  -4.4291035738678665E-015   5.9412193893134986E-015  -6.1443031067901000E-015  -4.0283568551333203E-015   2.4262990753974255E-015  0.13803843578107028        1.8161254428835374E-014   1.0686910848048875E-014   7.3645027509935687E-015  -7.6901330215432277E-015   3.3361233194315890E-016   1.7346039460180478E-002   2.5159611715335623E-015  -3.3114475283359885E-015
  -2.5242598267714855E-015  -1.4229387622142302E-015  0.36182551860737500        5.6286382848950912E-015  -5.3012336274221861E-015   3.0984219031603093E-015  0.69391629564443680        8.6810354262131509E-015  -4.1132123206576165E-015  -1.4209869907806301E-015  0.36197640973774564       -9.5685370258609577E-016   1.3354049629715153E-016   3.0697202055309446E-016   1.1053795348774496E-015  -6.2251429439388104E-016  -1.5709465380517903E-015   5.2531966949175002E-016  -5.0637034218144573E-017 -0.14020573942165643        6.1639413983406605E-015  -3.9834943069833040E-016  -2.5873313637034621E-015 -0.36331666990848743       -3.7776005822472584E-015   5.5476004340271104E-016   4.7141525432507501E-016   1.8719804372865161E-015  -1.3499723919904618E-015  -6.1013797476881238E-015   2.9978459770775476E-015   2.2946054778483216E-015   1.0662318660042404E-014  0.13803843578108307       -1.1706471387103815E-014  -1.2182982897608263E-014   6.2559806651135978E-015   3.2563588734128499E-016   1.4995202563501586E-015   1.7346039460182369E-002   1.9853496601942084E-015
  -2.8869729358900078E-015   9.6415011886214809E-016  -2.1872679916723691E-015  0.75342681053340377        3.1763036767987087E-015  -6.4851387756079559E-015   8.6810354262131509E-015   1.0002785768582141       -3.5986784959072356E-015   5.7651012939081434E-015  -6.3720648096664968E-015   2.3422900794542294E-015  -9.2154958650795735E-016   8.0255609996390960E-016   1.3813571913815997E-014  -1.8533512953305152E-015   2.1714152324943245E-014   3.1016243644474243E-015  -2.0028799669450126E-015   1.9907710118838405E-015 -0.71773955659746136        3.2021712369548126E-015   5.7439384924978794E-015  -5.3525769395264630E-015  -2.7466744996133863E-014  -1.5637317428656042E-015   1.4474630867567779E-015   6.9763834383146935E-015  -4.7294029096200840E-015   6.8096333131364481E-014 -0.30592498857506462       -1.1245357969294595E-014   5.6302560658080721E-015  -1.0722869434076297E-015  0.23579625891511727       0.14579547287695271       -6.3179605033520811E-002  -1.6013185539372068E-015   8.5667573776097168E-016  -1.9847306460725457E-016  -1.9849969904267139E-002
  0.18875312927582205       -2.0803570973151174E-016   1.0275187276552467E-015  -1.7185818556781546E-015  0.36197640973770651       -3.0751289832785747E-016  -4.1132123206576165E-015  -3.5986784959072356E-015  0.19079738430331342       -1.4981103005789707E-017   4.5052666024919530E-016  -2.7802889722703397E-016   1.0721040332566701E-015   2.2420580357406005E-017   2.8973249722927933E-016  -1.7626986761001841E-015  -3.0716991978899177E-017  -5.7553042608789740E-002   2.5580381710132842E-016   1.6826436552148764E-015  -2.6578150114376666E-015 -0.13472937472606467        5.3527417724697913E-016   7.9729246208609661E-015  -7.4865949673096289E-016   3.0914142908458820E-015   1.6528129192893278E-016   7.6240631370672799E-016  -5.5808568114472769E-015  -1.1538947335161477E-016   5.7283797659256070E-016   5.2918642963089124E-002  -2.9115560588807821E-015  -7.7532008862114116E-015   2.8053649444748911E-014   2.7312565825340170E-014  -3.6045777449306922E-014   6.7022863185054043E-003  -4.1331459728160131E-016  -1.0510823372149140E-015  -1.7036123081520772E-014
   7.5276078253263319E-016  0.18875312927582952       -1.4255675633690857E-015   4.4062924864043148E-015  -1.9053539883495857E-016  0.36197640973772927       -1.4209869907806301E-015   5.7651012939081434E-015  -1.4981103005789707E-017  0.19079738430333271       -4.5554047091433152E-016  -1.0217881895459006E-015  -7.7847891534069382E-016  -8.0789166326189409E-016   8.1097725399482615E-016  -1.8570589925940496E-015   2.7309137121078949E-017   5.6953885341084788E-016  -5.7553042608820409E-002   2.9127308089098370E-015   9.9029332103675741E-015   1.5197302039849718E-015 -0.13472937472612792        9.5902569167569734E-015  -4.4787409792263023E-015  -2.2683793774037449E-015  -2.3797199674633944E-015   1.0223338349495244E-015  -5.2541621893300360E-015  -1.4645752308109343E-015   7.6494708695109929E-015  -2.7639556429038345E-015   5.2918642963154863E-002  -2.0393830281830959E-014  -8.0479358490788143E-015  -6.3127892243091045E-015   7.4781838110686688E-015  -3.8419561051845774E-016   6.7022863185143408E-003  -2.8386342507285049E-015   3.7169625487218196E-015
   7.6045940378133281E-016  -6.4447277029978420E-016  0.18875312927587937       -4.2321063474584195E-015   1.0886474013926950E-015   1.3525273858256581E-015  0.36197640973774564       -6.3720648096664968E-015   4.5052666024919530E-016  -4.5554047091433152E-016  0.19079738430338417        1.4539993797008899E-016  -1.9324955673723791E-016   3.5832830701639006E-016  -1.8318153298021071E-015   6.0583988453523621E-016   9.1816541987920067E-016   2.2999587260749688E-015   6.3737550249299318E-016  -5.7553042608834183E-002  -5.1241593466330432E-015   8.0046985207783694E-015   4.2062166392034141E-016 -0.13472937472615379       -1.7203413446748593E-016  -5.1505868950961968E-016   7.8935952113989923E-016  -6.4657608294013061E-015   2.1061603073195195E-015   2.0949029048022930E-015  -4.2818739970879069E-015  -7.1065725461456897E-015  -8.3969054695603247E-015   5.2918642963141298E-002   2.2486094266043583E-014   1.9645102849383527E-014  -1.3337784284729328E-014  -9.5675166601099162E-016  -1.1933857644027592E-015   6.7022863185122461E-003  -4.7274273649385076E-015
   2.1368937948552628E-017  -3.5601456773824517E-016   1.1246780104017356E-017   2.1998855598834154E-014  -2.4880015927853818E-016   1.0782261593718372E-015  -9.5685370258609577E-016   2.3422900794542294E-015  -2.7802889722703397E-016  -1.0217881895459006E-015   1.4539993797008899E-016  0.15482727876204241       -2.9349013995997881E-016  -3.7106480540138809E-016  -7.7413639381017293E-002  -7.6752789372612469E-016  -7.7413639381020860E-002   1.7398003183503381E-016   8.0183684740945879E-016  -1.2517782278626821E-018  -3.1609259384339487E-014  -1.9772102209545836E-017  -6.7675266791087669E-017   5.3907690093298583E-016  0.46824568874916722       -3.3947555866634190E-016  -8.7396097168048843E-016 -0.23412284437456449       -1.0435039334357947E-015 -0.23412284437457170       -2.6762407036140577E-014   1.0816391449777152E-015  -9.7952191355495457E-016  -6.9047044740626456E-016   1.9642940366450077E-014   1.1180898240524541E-014  -5.3327876309425397E-015   1.5809312904119422E-016  -1.3965321961773891E-016  -9.7195631708564368E-017  -2.0340664347094749E-015
   3.6995641773065322E-016  -2.0310972762190668E-016   5.4060697463683514E-017   4.3114244586294717E-016  -7.4938741624865737E-016   1.1790450578803319E-015   1.3354049629715153E-016  -9.2154958650795735E-016   1.0721040332566701E-015  -7.7847891534069382E-016  -1.9324955673723791E-016  -2.9349013995997881E-016  0.15482727876204352        4.7695922334079796E-017  -9.0114480005673666E-016  -9.3625344221765224E-016   6.6121932961506551E-016  -4.8911707469118145E-016   2.1079769392684555E-016  -3.5144554935788086E-016   2.0685295971675880E-015   6.5096228480082824E-017  -2.9595535391820356E-016  -1.2570123006522929E-017  -1.1987769311285755E-015  0.46824568874914646        2.8059567799465518E-016  -1.6238222992258042E-015  -1.4783381966063869E-015   8.0308887795061974E-016  -3.5247972533024327E-016   8.6707277980552902E-016  -7.8040641212661022E-017   7.1657476606131597E-016   7.6053285885840924E-016   2.4762660434410289E-016  -4.5857695043494369E-016   1.2603031161321401E-016  -5.2442769026775733E-018   1.0284166138320623E-016  -1.7323884145080577E-016
  -8.1987126277583855E-017  -5.9629875861139391E-017  -4.6065008266464135E-017   2.8102145513006747E-017  -1.1104370784467793E-016   5.4246782631321006E-016   3.0697202055309446E-016   8.0255609996390960E-016   2.2420580357406005E-017  -8.0789166326189409E-016   3.5832830701639006E-016  -3.7106480540138809E-016   4.7695922334079796E-017  0.15482727876204463       -1.2353783894499506E-015  -6.1971876507594134E-016   5.0912355250731701E-016   3.7315549893174707E-017   4.0625241135451895E-016  -1.5907444967183613E-016   2.2141476682366733E-015  -3.2769571912686478E-017   1.3371535873969070E-016   3.5547307594958680E-016  -2.2705167078614173E-015  -3.4691441376748825E-016  0.46824568874914663       -2.0188661838474019E-015  -1.1299814974879571E-015  -2.5343437540082132E-016   8.1031078558799365E-016   5.7187549766664160E-017   9.7766406256512407E-017  -4.1431728750192368E-016   2.9617173409245751E-016  -1.9664694647732906E-016  -1.9409569239779028E-016   9.0430625347518172E-018   1.4169508833617398E-017  -5.9336984146879934E-017  -3.3400053082238532E-017
  -1.3835247659250141E-016   1.7379459999901954E-016  -2.9792973499925876E-016   1.2063410450685639E-014  -3.1279731533389801E-016  -5.5386754387320648E-016   1.1053795348774496E-015   1.3813571913815997E-014   2.8973249722927933E-016   8.1097725399482615E-016  -1.8318153298021071E-015  -7.7413639381017293E-002  -9.0114480005673666E-016  -1.2353783894499506E-015  0.15482727876202990        1.4857044715717186E-015  -7.7413639381014643E-002  -2.0687770697955879E-016  -5.8300648279767097E-016   1.0950990317080538E-015   1.7042512642997714E-015  -2.1780075567188814E-016   1.0753922882814240E-015  -5.1045063009583243E-016 -0.23412284437457431       -1.0819067131985342E-015  -2.1218018627624579E-015  0.46824568874913658        2.1866553638854866E-015 -0.23412284437457395       -2.2726532531935593E-014   2.1115905242426949E-016  -4.6174549814999474E-016   1.1200133410595714E-017   1.9901979924461273E-014   3.8642522326638381E-015  -5.2436427003798125E-015   3.0359342980737909E-017  -5.6023951139368729E-017  -4.0850192274344802E-018  -2.1280457169480943E-015
  -8.5973959731394646E-017  -9.4165408008883923E-016  -1.9768284637840057E-016   8.3801340244261704E-016   1.0098928293349084E-015   1.6549733226485559E-015  -6.2251429439388104E-016  -1.8533512953305152E-015  -1.7626986761001841E-015  -1.8570589925940496E-015   6.0583988453523621E-016  -7.6752789372612469E-016  -9.3625344221765224E-016  -6.1971876507594134E-016   1.4857044715717186E-015  0.15482727876204375       -3.1862499563690793E-016   1.0933216484066478E-015   1.3980152770500350E-015  -1.3399354604828510E-016  -4.6897026612940827E-016  -1.4957150684683501E-015   7.7556548782085223E-016   1.5275397412227143E-017  -3.5100875927610690E-016  -8.8229879343630343E-016  -3.6330132492331001E-016   1.8590670656007501E-015  0.46824568874914696       -8.1383179682087332E-016  -1.3519981714073825E-015   1.3824117103275506E-015  -8.6189192183201254E-016  -1.5193182557337224E-015   1.9969424444762327E-015   1.5227435699151905E-015  -1.1706518983930874E-015   1.8943274818172625E-016  -1.2744880459026303E-016  -2.1898201309160815E-016  -4.9573657570601776E-016
   9.6780036555654398E-017  -7.1709547807551974E-017  -4.5660017143496928E-016  -4.7944239548704797E-015   5.2203283147170443E-016  -1.0103575187321041E-015  -1.5709465380517903E-015   2.1714152324943245E-014  -3.0716991978899177E-017   2.7309137121078949E-017   9.1816541987920067E-016  -7.7413639381020860E-002   6.6121932961506551E-016   5.0912355250731701E-016  -7.7413639381014643E-002  -3.1862499563690793E-016  0.15482727876203328        3.5665503551521830E-017   4.6861624936650653E-016  -9.5019611263906814E-016  -1.1774336175711718E-014   2.6451093303204833E-016   1.2683507384463841E-015   1.2429373652934276E-016 -0.23412284437458006       -1.9183178672955003E-016  -3.2286608960372985E-016 -0.23412284437457825        6.5223231004436179E-017  0.46824568874913891        2.8606534012717192E-014  -8.8535180749258209E-016  -2.1022468071963879E-016  -8.6430478881420774E-016  -1.4634362418323800E-014   3.3019018651065190E-015   3.1992895511862515E-016  -1.3026660493808459E-016  -2.4134496106264521E-017  -1.1777619138615434E-016   6.0258406004293413E-016
  -7.3108643388728689E-002   5.5340163309021555E-016  -9.7623088269899877E-017  -1.8513349515440424E-016 -0.14020573942164757       -3.2397608793298165E-016   5.2531966949175002E-016   3.1016243644474243E-015  -5.7553042608789740E-002   5.6953885341084788E-016   2.2999587260749688E-015   1.7398003183503381E-016  -4.8911707469118145E-016   3.7315549893174707E-017  -2.0687770697955879E-016   1.0933216484066478E-015   3.5665503551521830E-017  0.15459889636912549       -4.8241445117727212E-016  -3.9387353919844922E-015   3.8175012735451914E-015  0.51286125576214392       -4.8628315358449748E-016  -5.6168109985148262E-015   8.4790041627219022E-016  -1.2228215272178072E-015   2.9888675214058916E-016  -7.8994558491963790E-017   4.6479447319873783E-015  -6.7301658557541355E-016   3.0041661846437989E-015 -0.25729255070697732        2.6372147164298795E-015   1.1979752144442284E-014  -2.8797798405450795E-014  -2.6359124312773407E-014   3.2844935415834530E-014  -3.3186490689169255E-002   3.7297264455927040E-016   1.6769631346332339E-015   1.5302276709674699E-014
  -1.0010138023298658E-016  -7.3108643388740652E-002   1.1693136569587789E-015  -3.9718690365037422E-015  -5.1215383007121775E-017 -0.14020573942165596       -5.0637034218144573E-017  -2.0028799669450126E-015   2.5580381710132842E-016  -5.7553042608820409E-002   6.3737550249299318E-016   8.0183684740945879E-016   2.1079769392684555E-016   4.0625241135451895E-016  -5.8300648279767097E-016   1.3980152770500350E-015   4.6861624936650653E-016  -4.8241445117727212E-016  0.15459889636916216       -1.1902156526746659E-015  -2.3635539872339464E-015  -9.4435367452282236E-016  0.51286125576219443       -3.4404635671100168E-015   3.3228137413763069E-015   3.3377949103191631E-016   1.1357393770212323E-015  -1.1085773270737959E-015   2.9263250209520964E-015   2.7732121397187348E-015  -3.3188391090476681E-015   2.3800571550649591E-015 -0.25729255070703183        1.3565339983312391E-014  -1.7124944447585422E-015  -2.3602806750828407E-015  -3.1204472509111671E-016   3.3325931217182385E-016  -3.3186490689176722E-002   1.9142704960794920E-015  -6.9297845492598025E-016
   1.7186298499789754E-018   1.1688808647078637E-015  -7.3108643388756042E-002   2.9936421752735816E-015  -6.6684616948373479E-016  -3.7577835200941634E-015 -0.14020573942165643        1.9907710118838405E-015   1.6826436552148764E-015   2.9127308089098370E-015  -5.7553042608834183E-002  -1.2517782278626821E-018  -3.5144554935788086E-016  -1.5907444967183613E-016   1.0950990317080538E-015  -1.3399354604828510E-016  -9.5019611263906814E-016  -3.9387353919844922E-015  -1.1902156526746659E-015  0.15459889636916269        1.0013174102898737E-014  -6.3693442914922269E-015   5.2747961225312659E-016  0.51286125576219999       -1.0887047693957557E-015  -1.1244461123647157E-015  -8.8356568355200722E-016   2.3246510888649753E-015  -7.6310935765900064E-016  -2.4047331388816632E-015   2.7299036225493044E-015   4.7118532796460669E-015   4.9272686499995120E-015 -0.25729255070701212       -1.7304792304072840E-014  -1.6680847536151425E-014   1.0939385353697240E-014   6.2772129413358503E-016   7.2059360820202180E-016  -3.3186490689173773E-002   3.9459313464532872E-015
   1.9018681342745996E-015   8.6374757380882461E-015   2.7792569586608978E-015 -0.60678869622476983       -7.0219444195044026E-017  -4.1355737923302347E-015   6.1639413983406605E-015 -0.71773955659746136       -2.6578150114376666E-015   9.9029332103675741E-015  -5.1241593466330432E-015  -3.1609259384339487E-014   2.0685295971675880E-015   2.2141476682366733E-015   1.7042512642997714E-015  -4.6897026612940827E-016  -1.1774336175711718E-014   3.8175012735451914E-015  -2.3635539872339464E-015   1.0013174102898737E-014   1.7631294780724838       -9.3300083602316646E-015  -1.2436528221315950E-014   7.1292537393524404E-015  -6.5906199262041029E-014   6.4025262776962455E-015   8.4443072571406670E-015   1.1759579904981699E-014   3.7460337305603555E-015  -9.8300947215482122E-014   1.0836403360737072        1.5920117698130577E-014  -3.0667930371884087E-015   2.0208615964942895E-015  -1.0359582930683049      -0.69227740064759302       0.31819904406325261        2.0708980132827860E-015  -5.0299240802171215E-016   2.5320214797260944E-016  0.10138703313399983     
 -0.18934462108532116        1.5162318542914115E-015  -4.5578504078575000E-016  -4.0545793592435327E-015 -0.36331666990855510       -1.7547601241877625E-015  -3.9834943069833040E-016   3.2021712369548126E-015 -0.13472937472606467        1.5197302039849718E-015   8.0046985207783694E-015  -1.9772102209545836E-017   6.5096228480082824E-017  -3.2769571912686478E-017  -2.1780075567188814E-016  -1.4957150684683501E-015   2.6451093303204833E-016  0.51286125576214392       -9.4435367452282236E-016  -6.3693442914922269E-015  -9.3300083602316646E-015   1.7255995769719210       -3.5532639423644630E-016   4.0421327038558247E-015   8.3750958577397663E-016   8.6252177948518793E-016   5.4820921921171598E-016   1.1762350599825802E-015  -1.8973387436603109E-016  -1.6978242433363147E-015   3.7586011401511155E-015 -0.77145925870996646       -1.0455112937382498E-015  -5.9206722098810449E-015   1.0883032668964379E-014   1.3691954399900704E-014  -1.4290629761370203E-014  -9.8218629617780079E-002  -1.6676587770875749E-016  -7.8405689465889036E-016  -6.4083679246513022E-015
  -3.6841372005635684E-016 -0.18934462108531955        1.9229366781215071E-015  -4.9653342192711113E-015  -6.2100369109097891E-016 -0.36331666990850198       -2.5873313637034621E-015   5.7439384924978794E-015   5.3527417724697913E-016 -0.13472937472612792        4.2062166392034141E-016  -6.7675266791087669E-017  -2.9595535391820356E-016   1.3371535873969070E-016   1.0753922882814240E-015   7.7556548782085223E-016   1.2683507384463841E-015  -4.8628315358449748E-016  0.51286125576219443        5.2747961225312659E-016  -1.2436528221315950E-014  -3.5532639423644630E-016   1.7255995769718699        7.9101196971154946E-017   2.5463817256321539E-015  -1.8641885313533843E-015   5.7965084420892593E-017   4.9734731754109407E-015  -1.8963649342001414E-015   7.7172745449144781E-015  -9.0041088182668897E-015  -1.0101426219522889E-015 -0.77145925870994370       -5.9020346047645796E-015   8.3682157070134524E-015   7.0754171866088785E-015  -3.5521021714006772E-015  -1.5564338382686112E-016  -9.8218629617777345E-002  -8.2520005231734406E-016  -1.2710905079278928E-015
   1.7953168248915907E-015   4.2228702236856937E-015 -0.18934462108535158        3.1146015571690002E-015   5.6921969308204590E-016  -1.0437500909546998E-014 -0.36331666990848743       -5.3525769395264630E-015   7.9729246208609661E-015   9.5902569167569734E-015 -0.13472937472615379        5.3907690093298583E-016  -1.2570123006522929E-017   3.5547307594958680E-016  -5.1045063009583243E-016   1.5275397412227143E-017   1.2429373652934276E-016  -5.6168109985148262E-015  -3.4404635671100168E-015  0.51286125576219999        7.1292537393524404E-015   4.0421327038558247E-015   7.9101196971154946E-017   1.7255995769719035       -2.2484193651765444E-015  -2.8419375804091586E-016  -3.5284988214299264E-016  -5.2428424263741122E-015  -8.1418210315314356E-016   1.7469718629821052E-015  -6.7130178750378929E-015  -6.4685703896148056E-016  -2.0946106464399230E-015 -0.77145925870996002        1.0413487478119308E-014   5.4564064169817193E-015  -5.6550026180366665E-015  -7.4371398593058892E-017  -2.6575945859993194E-016  -9.8218629617779094E-002  -2.2873679607167147E-015
   1.3229714368657772E-016  -2.5158019967482767E-015  -4.2581806976353366E-016   4.0143648389473648E-014  -6.1437719593034306E-016   4.9684045626075131E-016  -3.7776005822472584E-015  -2.7466744996133863E-014  -7.4865949673096289E-016  -4.4787409792263023E-015  -1.7203413446748593E-016  0.46824568874916722       -1.1987769311285755E-015  -2.2705167078614173E-015 -0.23412284437457431       -3.5100875927610690E-016 -0.23412284437458006        8.4790041627219022E-016   3.3228137413763069E-015  -1.0887047693957557E-015  -6.5906199262041029E-014   8.3750958577397663E-016   2.5463817256321539E-015  -2.2484193651765444E-015   1.4161201229219982       -1.9677625685566880E-015  -6.1159471855411807E-015 -0.70806006146094891        2.8027303785109485E-015 -0.70806006146095546       -6.3976666931253798E-014  -1.4459792443056484E-015  -2.0856549500986362E-015   9.5869901494490197E-016   7.1700966564940645E-014   5.0735872731228550E-014  -2.8284663706950079E-014  -1.8739269487063616E-016  -2.7949141106683150E-016   1.1336094058354737E-016  -1.0244302230325239E-014
   9.5691148851971092E-016  -4.9995841779045290E-016   2.4114487041223773E-016   2.1789937291466498E-015  -2.5712057396053926E-015   3.7833759694116781E-015   5.5476004340271104E-016  -1.5637317428656042E-015   3.0914142908458820E-015  -2.2683793774037449E-015  -5.1505868950961968E-016  -3.3947555866634190E-016  0.46824568874914646       -3.4691441376748825E-016  -1.0819067131985342E-015  -8.8229879343630343E-016  -1.9183178672955003E-016  -1.2228215272178072E-015   3.3377949103191631E-016  -1.1244461123647157E-015   6.4025262776962455E-015   8.6252177948518793E-016  -1.8641885313533843E-015  -2.8419375804091586E-016  -1.9677625685566880E-015   1.4161201229218623       -6.3681779271235560E-016   5.9277059714640758E-017   1.4241018829003418E-015  -4.1991827766724285E-015  -9.6182324276028498E-016  -6.5177204854645916E-016   1.0917866004223744E-015   1.2725481604127848E-015   4.1713236786473043E-017  -1.4202339862461729E-015   8.7507393022392521E-017  -8.0560171212208167E-017   1.6666841778308919E-016   1.8201714257811707E-016   2.6485725114603739E-018
  -1.7506346627396068E-016  -1.0521955742071273E-016  -3.7662125607207584E-016  -7.0770917775344786E-016  -1.9518220043647030E-016   1.7863070664322170E-015   4.7141525432507501E-016   1.4474630867567779E-015   1.6528129192893278E-016  -2.3797199674633944E-015   7.8935952113989923E-016  -8.7396097168048843E-016   2.8059567799465518E-016  0.46824568874914663       -2.1218018627624579E-015  -3.6330132492331001E-016  -3.2286608960372985E-016   2.9888675214058916E-016   1.1357393770212323E-015  -8.8356568355200722E-016   8.4443072571406670E-015   5.4820921921171598E-016   5.7965084420892593E-017  -3.5284988214299264E-016  -6.1159471855411807E-015  -6.3681779271235560E-016   1.4161201229218534       -1.2233256400060718E-015   1.1520756637028365E-015  -6.3995931085880358E-015   3.4551548096149007E-015  -6.1075835547976005E-016  -3.7978933551936342E-016   4.6738107554867348E-016  -2.0876632447317434E-016  -1.3803842158628172E-015  -2.2181892953265804E-016  -7.9813657435566387E-017  -5.5636266865796702E-017   5.5710039304219593E-017   1.0677276217937540E-017
  -5.9079760520590127E-016  -9.1150729957194986E-016  -1.6680267646516140E-015   1.1119932262790194E-014  -1.2762929105219478E-015  -4.4291035738678665E-015   1.8719804372865161E-015   6.9763834383146935E-015   7.6240631370672799E-016   1.0223338349495244E-015  -6.4657608294013061E-015 -0.23412284437456449       -1.6238222992258042E-015  -2.0188661838474019E-015  0.46824568874913658        1.8590670656007501E-015 -0.23412284437457825       -7.8994558491963790E-017  -1.1085773270737959E-015   2.3246510888649753E-015   1.1759579904981699E-014   1.1762350599825802E-015   4.9734731754109407E-015  -5.2428424263741122E-015 -0.70806006146094891        5.9277059714640758E-017  -1.2233256400060718E-015   1.4161201229219276       -1.3534603938904782E-015 -0.70806006146101375       -6.7199860487873949E-014  -4.3677246383093826E-016  -3.1603017324262709E-015   2.0927579739374372E-015   9.3305146967765621E-014   4.4410095176365979E-014  -3.2185613362520638E-014  -4.8926164153978857E-017  -4.0951573720076092E-016   2.5537006226313607E-016  -1.0781995845838861E-014
  -6.4181272642948013E-016  -2.3576485786757146E-015  -3.1502958948825044E-016   2.9027270354705621E-015   2.3288832538303617E-015   5.9412193893134986E-015  -1.3499723919904618E-015  -4.7294029096200840E-015  -5.5808568114472769E-015  -5.2541621893300360E-015   2.1061603073195195E-015  -1.0435039334357947E-015  -1.4783381966063869E-015  -1.1299814974879571E-015   2.1866553638854866E-015  0.46824568874914696        6.5223231004436179E-017   4.6479447319873783E-015   2.9263250209520964E-015  -7.6310935765900064E-016   3.7460337305603555E-015  -1.8973387436603109E-016  -1.8963649342001414E-015  -8.1418210315314356E-016   2.8027303785109485E-015   1.4241018829003418E-015   1.1520756637028365E-015  -1.3534603938904782E-015   1.4161201229218634        6.5025702921167087E-016  -8.0866111648185983E-016  -1.5316226592635557E-015   1.5995580352139439E-015   7.7714465718500251E-016  -1.4654461985237970E-015  -1.7227377818658034E-015   1.3682879801666527E-015  -2.1120635775046750E-016   1.8487213051016827E-016   9.6883593721217907E-017   4.7095725835811734E-016
   3.4881228889027709E-016  -1.8323356871957120E-015  -2.0853328954534887E-015  -9.5896301946384394E-015   1.6796358362983639E-015  -6.1443031067901000E-015  -6.1013797476881238E-015   6.8096333131364481E-014  -1.1538947335161477E-016  -1.4645752308109343E-015   2.0949029048022930E-015 -0.23412284437457170        8.0308887795061974E-016  -2.5343437540082132E-016 -0.23412284437457395       -8.1383179682087332E-016  0.46824568874913891       -6.7301658557541355E-016   2.7732121397187348E-015  -2.4047331388816632E-015  -9.8300947215482122E-014  -1.6978242433363147E-015   7.7172745449144781E-015   1.7469718629821052E-015 -0.70806006146095546       -4.1991827766724285E-015  -6.3995931085880358E-015 -0.70806006146101375        6.5025702921167087E-016   1.4161201229219105        4.7890488937829461E-014   2.0782634837154869E-015  -7.2841869636540876E-015  -3.5459634280556199E-015   3.2979196432716329E-014   7.3878230914591172E-014  -4.0158523237197338E-014   2.6625086227178686E-016  -9.9395872618750616E-016  -4.7990018491092965E-016  -1.3139708182453190E-014
   9.5777976367827598E-016   5.7817956435868655E-015   7.5232125356910151E-016 -0.27657327843198359       -1.6762662499613293E-015  -4.0283568551333203E-015   2.9978459770775476E-015 -0.30592498857506462        5.7283797659256070E-016   7.6494708695109929E-015  -4.2818739970879069E-015  -2.6762407036140577E-014  -3.5247972533024327E-016   8.1031078558799365E-016  -2.2726532531935593E-014  -1.3519981714073825E-015   2.8606534012717192E-014   3.0041661846437989E-015  -3.3188391090476681E-015   2.7299036225493044E-015   1.0836403360737072        3.7586011401511155E-015  -9.0041088182668897E-015  -6.7130178750378929E-015  -6.3976666931253798E-014  -9.6182324276028498E-016   3.4551548096149007E-015  -6.7199860487873949E-014  -8.0866111648185983E-016   4.7890488937829461E-014  0.70136760166359269       -1.4201216471192657E-014   2.0255385185706918E-014   2.2094876582222329E-015 -0.59649629082216782      -0.37443892829833053       0.15702914201689355       -2.0130197533945101E-015   2.8512066002086820E-015   2.7069651977294766E-016   4.8776094379958682E-002
   7.3712751699362811E-002  -4.9830567131590124E-016   1.2760280299842913E-015   9.5737580828025096E-015  0.13803843578111963        2.4262990753974255E-015   2.2946054778483216E-015  -1.1245357969294595E-014   5.2918642963089124E-002  -2.7639556429038345E-015  -7.1065725461456897E-015   1.0816391449777152E-015   8.6707277980552902E-016   5.7187549766664160E-017   2.1115905242426949E-016   1.3824117103275506E-015  -8.8535180749258209E-016 -0.25729255070697732        2.3800571550649591E-015   4.7118532796460669E-015   1.5920117698130577E-014 -0.77145925870996646       -1.0101426219522889E-015  -6.4685703896148056E-016  -1.4459792443056484E-015  -6.5177204854645916E-016  -6.1075835547976005E-016  -4.3677246383093826E-016  -1.5316226592635557E-015   2.0782634837154869E-015  -1.4201216471192657E-014   2.0932019002588422        9.4431385157557123E-016   1.2754859288980486E-015   2.5655245772106469E-015  -5.0194211673061359E-015   4.5214775164476157E-015  0.29282829559758627       -1.6961221088386333E-016   1.5858362596731825E-016   1.5816502179382705E-015
  -2.5186777857623795E-016   7.3712751699375606E-002  -6.1920682976415820E-015  -4.4241629272809834E-015   1.9024622275382599E-015  0.13803843578107028        1.0662318660042404E-014   5.6302560658080721E-015  -2.9115560588807821E-015   5.2918642963154863E-002  -8.3969054695603247E-015  -9.7952191355495457E-016  -7.8040641212661022E-017   9.7766406256512407E-017  -4.6174549814999474E-016  -8.6189192183201254E-016  -2.1022468071963879E-016   2.6372147164298795E-015 -0.25729255070703183        4.9272686499995120E-015  -3.0667930371884087E-015  -1.0455112937382498E-015 -0.77145925870994370       -2.0946106464399230E-015  -2.0856549500986362E-015   1.0917866004223744E-015  -3.7978933551936342E-016  -3.1603017324262709E-015   1.5995580352139439E-015  -7.2841869636540876E-015   2.0255385185706918E-014   9.4431385157557123E-016   2.0932019002588413        2.2995035133769914E-015  -1.3058382310425252E-014   2.4909341002961980E-015  -1.3592880945049738E-015  -7.4847264266771696E-017  0.29282829559758589        1.9785479224216757E-016  -4.7677703843337191E-016
   2.1105316658828061E-015  -6.5658587666261034E-015   7.3712751699379506E-002  -1.1502813532087601E-016  -2.4047197609913806E-015   1.8161254428835374E-014  0.13803843578108307       -1.0722869434076297E-015  -7.7532008862114116E-015  -2.0393830281830959E-014   5.2918642963141298E-002  -6.9047044740626456E-016   7.1657476606131597E-016  -4.1431728750192368E-016   1.1200133410595714E-017  -1.5193182557337224E-015  -8.6430478881420774E-016   1.1979752144442284E-014   1.3565339983312391E-014 -0.25729255070701212        2.0208615964942895E-015  -5.9206722098810449E-015  -5.9020346047645796E-015 -0.77145925870996002        9.5869901494490197E-016   1.2725481604127848E-015   4.6738107554867348E-016   2.0927579739374372E-015   7.7714465718500251E-016  -3.5459634280556199E-015   2.2094876582222329E-015   1.2754859288980486E-015   2.2995035133769914E-015   2.0932019002588445       -1.4207855627689901E-015  -4.0370025442820729E-015   2.5556418465599400E-015  -4.2931229656873772E-017  -1.0697677107415735E-016  0.29282829559758572        6.1959739971019629E-016
   3.5055931565228408E-015  -6.6013330685341897E-015   2.1076757157776823E-015  0.22094438431544175       -1.4208974408905932E-014   1.0686910848048875E-014  -1.1706471387103815E-014  0.23579625891511727        2.8053649444748911E-014  -8.0479358490788143E-015   2.2486094266043583E-014   1.9642940366450077E-014   7.6053285885840924E-016   2.9617173409245751E-016   1.9901979924461273E-014   1.9969424444762327E-015  -1.4634362418323800E-014  -2.8797798405450795E-014  -1.7124944447585422E-015  -1.7304792304072840E-014  -1.0359582930683049        1.0883032668964379E-014   8.3682157070134524E-015   1.0413487478119308E-014   7.1700966564940645E-014   4.1713236786473043E-017  -2.0876632447317434E-016   9.3305146967765621E-014  -1.4654461985237970E-015   3.2979196432716329E-014 -0.59649629082216782        2.5655245772106469E-015  -1.3058382310425252E-014  -1.4207855627689901E-015   1.2590551636944629        1.0541137709920982      -0.62212291101208128        1.1811317549712220E-015  -1.7257297876669368E-015   4.1627702542609387E-016 -0.21180744209405522     
   3.5953087869561974E-015  -5.6299301272519497E-015   1.4358113977543736E-015  0.13830940847008741       -1.4218287309741010E-014   7.3645027509935687E-015  -1.2182982897608263E-014  0.14579547287695271        2.7312565825340170E-014  -6.3127892243091045E-015   1.9645102849383527E-014   1.1180898240524541E-014   2.4762660434410289E-016  -1.9664694647732906E-016   3.8642522326638381E-015   1.5227435699151905E-015   3.3019018651065190E-015  -2.6359124312773407E-014  -2.3602806750828407E-015  -1.6680847536151425E-014 -0.69227740064759302        1.3691954399900704E-014   7.0754171866088785E-015   5.4564064169817193E-015   5.0735872731228550E-014  -1.4202339862461729E-015  -1.3803842158628172E-015   4.4410095176365979E-014  -1.7227377818658034E-015   7.3878230914591172E-014 -0.37443892829833053       -5.0194211673061359E-015   2.4909341002961980E-015  -4.0370025442820729E-015   1.0541137709920982       0.92018667434141888      -0.54528961142190679        8.0154872787915905E-017   5.0033273971405891E-016  -2.1975523967774079E-018 -0.18267202382101058     
  -6.8419838599107776E-015   2.5537249909372574E-015   8.5326509167846226E-016  -6.0393364102445085E-002   2.0870581188603531E-014  -7.6901330215432277E-015   6.2559806651135978E-015  -6.3179605033520811E-002  -3.6045777449306922E-014   7.4781838110686688E-015  -1.3337784284729328E-014  -5.3327876309425397E-015  -4.5857695043494369E-016  -1.9409569239779028E-016  -5.2436427003798125E-015  -1.1706518983930874E-015   3.1992895511862515E-016   3.2844935415834530E-014  -3.1204472509111671E-016   1.0939385353697240E-014  0.31819904406325261       -1.4290629761370203E-014  -3.5521021714006772E-015  -5.6550026180366665E-015  -2.8284663706950079E-014   8.7507393022392521E-017  -2.2181892953265804E-016  -3.2185613362520638E-014   1.3682879801666527E-015  -4.0158523237197338E-014  0.15702914201689355        4.5214775164476157E-015  -1.3592880945049738E-015   2.5556418465599400E-015 -0.62212291101208128      -0.54528961142190679        1.2312663739739078       -9.3853695042364712E-016   4.7260363603734052E-016  -7.3672419437073843E-017  0.65054595360349365     
