  0.26394023697380542        4.6926439108846619E-010  -4.5835543989003840E-010  -3.7580437080440448E-009  0.21510999160517241        4.2002347745198608E-011  -4.1025956066048638E-011  -1.7070253149809405E-009  0.14393831710909408        3.5613576856554310E-011  -3.4785638827366921E-011   8.3156668658773304E-010   4.9151885244424315E-010
   4.6926439108846619E-010  0.26394024460427856       -7.4811721906663450E-009  -6.1337897392852716E-008   4.2002476707643732E-011  0.21510999228815372       -6.6961687082315092E-010  -2.7861657173012003E-008   3.5613637842092830E-011  0.14393831768818913       -5.6776384910713711E-010   1.3572634123482979E-008   8.0224549133009584E-009
  -4.5835543989003840E-010  -7.4811721906663450E-009  0.26394024425231649        5.9912011876785920E-008  -4.1026037036025117E-011  -6.6961512450539470E-010  0.21510999225665081        2.7213978372342953E-008  -3.4785683088612117E-011  -5.6776368608973207E-010  0.14393831766147855       -1.3257120330071855E-008  -7.8359623789905151E-009
  -3.7580437080440448E-009  -6.1337897392852716E-008   5.9912011876785920E-008  0.47126642062054175        6.5050369924285896E-010   1.0617360257020955E-008  -1.0370548835448546E-008  0.61761504452073213        6.3102870814114410E-010   1.0299501436929655E-008  -1.0060067585996949E-008 -0.20719122566808149      -0.12325617067512128     
  0.21510999160517241        4.2002476707643732E-011  -4.1026037036025117E-011   6.5050369924285896E-010  0.17531358241892317       -2.4322935858472431E-010   2.3757500751746831E-010   3.4757025880101046E-009  0.11730901866270861       -1.5663489010638887E-010   1.5299364397084565E-010  -8.3414576846201713E-010  -4.2689226607626462E-010
   4.2002347745198608E-011  0.21510999228815372       -6.6961512450539470E-010   1.0617360257020955E-008  -2.4322935858472431E-010  0.17531357846389428        3.8776461496075588E-009   5.6729587778370302E-008  -1.5663491073335911E-010  0.11730901611574762        2.4971279083000425E-009  -1.3614728290125377E-008  -6.9676342038722748E-009
  -4.1025956066048638E-011  -6.6961687082315092E-010  0.21510999225665081       -1.0370548835448546E-008   2.3757500751746831E-010   3.8776461496075588E-009  0.17531357864632366       -5.5410830460024551E-008   1.5299365205427235E-010   2.4971270888017272E-009  0.11730901623322904        1.3298237330820694E-008   6.8056642426442612E-009
  -1.7070253149809405E-009  -2.7861657173012003E-008   2.7213978372342953E-008  0.61761504452073213        3.4757025880101046E-009   5.6729587778370302E-008  -5.5410830460024551E-008  0.80941854668269553        2.5812310883924414E-009   4.2130244634018401E-008  -4.1150855692790695E-008 -0.26974234690519094      -0.15940000724146242     
  0.14393831710909408        3.5613637842092830E-011  -3.4785683088612117E-011   6.3102870814114410E-010  0.11730901866270861       -1.5663491073335911E-010   1.5299365205427235E-010   2.5812310883924414E-009   7.8495948059083900E-002  -1.0071583112590307E-010   9.8374541735125940E-011  -8.9841823865073204E-010  -6.3956663475676940E-010
   3.5613576856554310E-011  0.14393831768818913       -5.6776368608973207E-010   1.0299501436929655E-008  -1.5663489010638887E-010  0.11730901611574762        2.4971270888017272E-009   4.2130244634018401E-008  -1.0071583112590307E-010   7.8495946421394264E-002   1.6056464513037103E-009  -1.4663767409235222E-008  -1.0438852007826029E-008
  -3.4785638827366921E-011  -5.6776384910713711E-010  0.14393831766147855       -1.0060067585996949E-008   1.5299364397084565E-010   2.4971279083000425E-009  0.11730901623322904       -4.1150855692790695E-008   9.8374541735125940E-011   1.6056464513037103E-009   7.8495946496934851E-002   1.4322882721309077E-008   1.0196182808690012E-008
   8.3156668658773304E-010   1.3572634123482979E-008  -1.3257120330071855E-008 -0.20719122566808149       -8.3414576846201713E-010  -1.3614728290125377E-008   1.3298237330820694E-008 -0.26974234690519094       -8.9841823865073204E-010  -1.4663767409235222E-008   1.4322882721309077E-008  0.53064281008416825       0.57764341369574201     
   4.9151885244424315E-010   8.0224549133009584E-009  -7.8359623789905151E-009 -0.12325617067512128       -4.2689226607626462E-010  -6.9676342038722748E-009   6.8056642426442612E-009 -0.15940000724146242       -6.3956663475676940E-010  -1.0438852007826029E-008   1.0196182808690012E-008  0.57764341369574201       0.65560875980008704     
