   5.5221166461545217E-005  -1.3611052989821906E-003   4.9033508362036540E-003   4.5727092848569705E-016   1.9256302839095360E-005  -6.7848101188286707E-004   2.4442123908060024E-003   1.2704749506498922E-016   9.4121377580202634E-005  -9.9669030467252335E-005   3.5905541198792083E-004   1.4795481161914124E-003   1.1874586371327366E-004  -4.2777926922504312E-004  -5.3319481031582117E-016  -6.9735884541563500E-016   1.0635336697893271E-003   7.2316637243245412E-005  -2.6051903843532975E-004   2.8171141628732055E-016   9.4210005139788783E-017
  -1.3611052989821906E-003   3.5208245979634283E-002 -0.12682754237085242       -1.1554776054358698E-014  -6.7848101188284723E-004   1.7542264892857901E-002  -6.3220736372663525E-002  -3.9080411423710146E-015  -9.9669030467232765E-005   2.6682557254072239E-003  -9.2871419970924785E-003   1.1874586371355173E-004  -1.5872802156855852E-003   1.1064717823649692E-002   2.5400324002902487E-015   1.8043702973440644E-015   7.2316637243445149E-005  -8.0417527626113947E-004   6.7384510081493531E-003   8.9509089355117289E-016   6.4136003714198536E-016
   4.9033508362036540E-003 -0.12682754237085242       0.45689593121192024        4.1622858379455153E-014   2.4442123908060714E-003  -6.3220736372667216E-002  0.22774428790230017        1.4092351334622647E-014   3.5905541198792202E-004  -9.2871419970936443E-003   3.3546985518388722E-002  -4.2777926922545344E-004   1.1064717823646434E-002  -3.8376254909838474E-002  -8.8141052701247552E-015  -5.9853406168858771E-015  -2.6051903843561820E-004   6.7384510081468620E-003  -2.3208786723896094E-002   3.4844365740137264E-015   1.4339111665030733E-015
   4.5727092848569705E-016  -1.1554776054358698E-014   4.1622858379455153E-014   3.3541146948328328E-004   2.1959606745519832E-016  -5.7545392466460229E-015   2.0714198176986380E-014  -6.6333286917785413E-004  -2.4484415091411894E-017  -7.8240792592155678E-016   3.0973227754721592E-015  -1.1035205454166579E-015   2.1044768389770442E-015  -2.8754417368699022E-015  -1.1812705624170075E-002  -1.7068617782405957E-002  -7.9134341925838460E-016   1.4058441245590534E-015  -1.6846353675761796E-015   7.0112122740424278E-003   2.3594383178967555E-003
   1.9256302839095360E-005  -6.7848101188284723E-004   2.4442123908060714E-003   2.1959606745519832E-016   3.1795212215391625E-005  -3.3819236135332559E-004   1.2183302783990739E-003   9.0318571903056668E-017  -2.4035034757664237E-004  -4.9799997430533995E-005   1.7940335639461222E-004  -3.9856004712961988E-003   5.7721626122492949E-005  -2.0794084331818643E-004   2.4620058773686651E-016   3.8624451822180508E-016  -2.8633384341751576E-003   3.5002014202283075E-005  -1.2609395888491819E-004  -1.2389095765273346E-015  -6.4876486685682556E-016
  -6.7848101188286707E-004   1.7542264892857901E-002  -6.3220736372667216E-002  -5.7545392466460229E-015  -3.3819236135332559E-004   8.7662292631072516E-003  -3.1512702265659026E-002  -1.9659261681599333E-015  -4.9799997430522943E-005   1.0458253411669352E-003  -4.6403546359787048E-003   5.7721626122679242E-005  -5.4763666573283670E-003   5.3784905460801859E-003   8.8364000679105829E-016   3.3557188840349714E-016   3.5002014202416642E-005  -3.7673292383341348E-003   3.2614812701462158E-003  -1.7374495785709932E-015  -9.3390362327132037E-016
   2.4442123908060024E-003  -6.3220736372663525E-002  0.22774428790230017        2.0714198176986380E-014   1.2183302783990739E-003  -3.1512702265659026E-002  0.11354251228026552        7.0928762863905070E-015   1.7940335639458384E-004  -4.6403546359789294E-003   1.6474496184451640E-002  -2.0794084331886070E-004   5.3784905460795632E-003  -2.3359258543605082E-002  -3.3265792568302936E-015  -1.4528367268304884E-015  -1.2609395888540088E-004   3.2614812701457262E-003  -1.4611397187035498E-002  -3.1020399051771291E-016  -2.7872426509328260E-016
   1.2704749506498922E-016  -3.9080411423710146E-015   1.4092351334622647E-014  -6.6333286917785413E-004   9.0318571903056668E-017  -1.9659261681599333E-015   7.0928762863905070E-015   1.3118555547734195E-003   1.0302581328634296E-017  -3.2859351127843601E-016   9.1838032806791269E-016   2.1925773296623358E-016  -4.3799117276237443E-016  -3.0229712214516840E-015   2.3362036731786918E-002   3.3756503346732303E-002   1.6439590911355618E-016  -3.6012930491160638E-016  -2.0060367140699949E-015  -1.3916480753424927E-002  -4.6940630998866797E-003
   9.4121377580202634E-005  -9.9669030467232765E-005   3.5905541198792202E-004  -2.4484415091411894E-017  -2.4035034757664237E-004  -4.9799997430522943E-005   1.7940335639458384E-004   1.0302581328634296E-017   3.1357790440810253E-003  -6.6281918027764260E-006   2.3877909991876830E-005   5.1552054681065621E-002   1.4311960047698163E-005  -5.1558510073727162E-005  -2.7589534477237735E-016  -3.6910588687109228E-016   3.7039347356481046E-002   9.2091821302362900E-006  -3.3175868857307194E-005   8.3343430518472335E-017   1.2937781741136239E-017
  -9.9669030467252335E-005   2.6682557254072239E-003  -9.2871419970936443E-003  -7.8240792592155678E-016  -4.9799997430533995E-005   1.0458253411669352E-003  -4.6403546359789294E-003  -3.2859351127843601E-016  -6.6281918027764260E-006   3.3069641765480491E-003  -6.1761369773213101E-004   1.4311960047792365E-005   5.1182422230826377E-002   1.3335858149504957E-003   2.7854109106189926E-016   3.0306615254636536E-016   9.2091821303064057E-006   3.6801503445223649E-002   8.5810990355329633E-004   1.9996452543213770E-015   1.1266930052917859E-015
   3.5905541198792083E-004  -9.2871419970924785E-003   3.3546985518388722E-002   3.0973227754721592E-015   1.7940335639461222E-004  -4.6403546359787048E-003   1.6474496184451640E-002   9.1838032806791269E-016   2.3877909991876830E-005  -6.1761369773213101E-004   5.3604620658535239E-003  -5.1558510073176510E-005   1.3335858149517213E-003   4.6748395481957541E-002  -8.3806281035562869E-016  -6.4665494409061669E-016  -3.3175868856910288E-005   8.5810990355421031E-004   3.3948382016389396E-002  -4.2481337130570066E-016  -2.8998476008615422E-016
   1.4795481161914124E-003   1.1874586371355173E-004  -4.2777926922545344E-004  -1.1035205454166579E-015  -3.9856004712961988E-003   5.7721626122679242E-005  -2.0794084331886070E-004   2.1925773296623358E-016   5.1552054681065621E-002   1.4311960047792365E-005  -5.1558510073176510E-005  0.84760114947890597       -1.0948261877877288E-005   3.9440864034620119E-005  -4.4176321340807117E-017   3.3242833099509953E-016  0.60898756227183937       -8.8197416661230033E-006   3.1772918455636693E-005  -2.2911315262642794E-016  -1.0480727646561702E-016
   1.1874586371327366E-004  -1.5872802156855852E-003   1.1064717823646434E-002   2.1044768389770442E-015   5.7721626122492949E-005  -5.4763666573283670E-003   5.3784905460795632E-003  -4.3799117276237443E-016   1.4311960047698163E-005   5.1182422230826377E-002   1.3335858149517213E-003  -1.0948261877877288E-005  0.84788390829393634       -1.0201570357872421E-003  -1.5896099102649536E-016   4.1908310953761532E-016  -8.8197416660815174E-006  0.60921534817340683       -8.2182191245767791E-004  -1.2672314833611713E-015  -6.8986487555433871E-016
  -4.2777926922504312E-004   1.1064717823649692E-002  -3.8376254909838474E-002  -2.8754417368699022E-015  -2.0794084331818643E-004   5.3784905460801859E-003  -2.3359258543605082E-002  -3.0229712214516840E-015  -5.1558510073727162E-005   1.3335858149504957E-003   4.6748395481957541E-002   3.9440864034620119E-005  -1.0201570357872421E-003  0.85127581868620228       -8.8526829585188892E-017   5.2321442575180719E-016   3.1772918455648443E-005  -8.2182191245702555E-004  0.61194781600696169        8.1412346909063198E-016   4.6311969187057979E-016
  -5.3319481031582117E-016   2.5400324002902487E-015  -8.8141052701247552E-015  -1.1812705624170075E-002   2.4620058773686651E-016   8.8364000679105829E-016  -3.3265792568302936E-015   2.3362036731786918E-002  -2.7589534477237735E-016   2.7854109106189926E-016  -8.3806281035562869E-016  -4.4176321340807117E-017  -1.5896099102649536E-016  -8.8526829585188892E-017  0.41609022517010746       0.60119767987185824        6.2949992834836787E-017  -2.5010050391634362E-016   4.4033191414430611E-016 -0.25471700018243776       -8.7386689782885801E-002
  -6.9735884541563500E-016   1.8043702973440644E-015  -5.9853406168858771E-015  -1.7068617782405957E-002   3.8624451822180508E-016   3.3557188840349714E-016  -1.4528367268304884E-015   3.3756503346732303E-002  -3.6910588687109228E-016   3.0306615254636536E-016  -6.4665494409061669E-016   3.3242833099509953E-016   4.1908310953761532E-016   5.2321442575180719E-016  0.60119767987185824       0.86866555778775933        3.7690257828843206E-016   9.0914236568580006E-017   1.1657755222049834E-015 -0.36480865053426459      -0.12448344173250600     
   1.0635336697893271E-003   7.2316637243445149E-005  -2.6051903843561820E-004  -7.9134341925838460E-016  -2.8633384341751576E-003   3.5002014202416642E-005  -1.2609395888540088E-004   1.6439590911355618E-016   3.7039347356481046E-002   9.2091821303064057E-006  -3.3175868856910288E-005  0.60898756227183937       -8.8197416660815174E-006   3.1772918455648443E-005   6.2949992834836787E-017   3.7690257828843206E-016  0.43754760757156441       -7.1479406420348084E-006   2.5750293347007363E-005  -6.4566373017375294E-017  -7.9497547624611435E-018
   7.2316637243245412E-005  -8.0417527626113947E-004   6.7384510081468620E-003   1.4058441245590534E-015   3.5002014202283075E-005  -3.7673292383341348E-003   3.2614812701457262E-003  -3.6012930491160638E-016   9.2091821302362900E-006   3.6801503445223649E-002   8.5810990355421031E-004  -8.8197416661230033E-006  0.60921534817340683       -8.2182191245702555E-004  -2.5010050391634362E-016   9.0914236568580006E-017  -7.1479406420348084E-006  0.43773221616500974       -6.6604379935262408E-004   4.3072964452481422E-016   2.2520651263867455E-016
  -2.6051903843532975E-004   6.7384510081493531E-003  -2.3208786723896094E-002  -1.6846353675761796E-015  -1.2609395888491819E-004   3.2614812701462158E-003  -1.4611397187035498E-002  -2.0060367140699949E-015  -3.3175868857307194E-005   8.5810990355329633E-004   3.3948382016389396E-002   3.1772918455636693E-005  -8.2182191245767791E-004  0.61194781600696169        4.4033191414430611E-016   1.1657755222049834E-015   2.5750293347007363E-005  -6.6604379935262408E-004  0.43994673883699792       -7.9748473799756921E-016  -3.5940966454779324E-016
   2.8171141628732055E-016   8.9509089355117289E-016   3.4844365740137264E-015   7.0112122740424278E-003  -1.2389095765273346E-015  -1.7374495785709932E-015  -3.1020399051771291E-016  -1.3916480753424927E-002   8.3343430518472335E-017   1.9996452543213770E-015  -4.2481337130570066E-016  -2.2911315262642794E-016  -1.2672314833611713E-015   8.1412346909063198E-016 -0.25471700018243776      -0.36480865053426459       -6.4566373017375294E-017   4.3072964452481422E-016  -7.9748473799756921E-016   1.0973649156787406       0.57286748797526021     
   9.4210005139788783E-017   6.4136003714198536E-016   1.4339111665030733E-015   2.3594383178967555E-003  -6.4876486685682556E-016  -9.3390362327132037E-016  -2.7872426509328260E-016  -4.6940630998866797E-003   1.2937781741136239E-017   1.1266930052917859E-015  -2.8998476008615422E-016  -1.0480727646561702E-016  -6.8986487555433871E-016   4.6311969187057979E-016  -8.7386689782885801E-002 -0.12448344173250600       -7.9497547624611435E-018   2.2520651263867455E-016  -3.5940966454779324E-016  0.57286748797526021       0.30488068138549484     
