  0.29056950596210196        2.7948400155330740E-010   7.2620959022556474E-011  -2.7636333491965931E-008  0.28149367394485014       -3.3285024317246647E-011  -8.6487675363836506E-012   2.9340873830100971E-008  0.18781127197184844        1.5531954960182105E-010   4.0358118522945331E-011  -4.4270403654030395E-009  -2.4857917854446815E-009
   2.7948400155330740E-010  0.29056951074689141       -4.2278554646771833E-012   1.6087954550385305E-009  -3.3284820804602444E-011  0.28149367337500969        5.0324633726635147E-013  -1.7080231266714806E-009   1.5531974578367488E-010  0.18781127463092986       -2.3495210862941646E-012   2.5771220866355981E-010   1.4470613682057390E-010
   7.2620959022556474E-011  -4.2278554646771833E-012  0.29056951076206305        4.1802858708911263E-010  -8.6487528990869779E-012   5.0351550981360928E-013  0.28149367337320624       -4.4381074976224469E-010   4.0358158563891285E-011  -2.3493895654065940E-012  0.18781127463936323        6.6964118502464459E-011   3.7600879015427282E-011
  -2.7636333491965931E-008   1.6087954550385305E-009   4.1802858708911263E-010  0.43883930192095350       -2.5760041498030310E-008   1.4995714365525997E-009   3.8964767747356603E-010  0.61462975542094367       -1.2028646795340114E-008   7.0022446905182773E-010   1.8194593855821909E-010 -0.20179380418049117      -0.11981794030919249     
  0.28149367394485014       -3.3284820804602444E-011  -8.6487528990869779E-012  -2.5760041498030310E-008  0.27270132221412269       -3.2678806133404180E-010  -8.4912467504655011E-011   2.9851941917853550E-008  0.18194505572964853       -4.6049313076952079E-011  -1.1965476762727563E-011  -3.7316256860788296E-009  -1.4886865230983431E-009
  -3.3285024317246647E-011  0.28149367337500969        5.0351550981360928E-013   1.4995714365525997E-009  -3.2678806133404180E-010  0.27270131661948416        4.9431850687869475E-012  -1.7377729848512769E-009  -4.6049254565040150E-011  0.18194505494127727        6.9665935434950510E-013   2.1722928202496423E-010   8.6660942237367945E-011
  -8.6487675363836506E-012   5.0324633726635147E-013  0.28149367337320624        3.8964767747356603E-010  -8.4912467504655011E-011   4.9431850687869475E-012  0.27270131660175123       -4.5154125444087386E-010  -1.1965447433074913E-011   6.9661278432771478E-013  0.18194505493878158        5.6444315023136950E-011   2.2517522896462735E-011
   2.9340873830100971E-008  -1.7080231266714806E-009  -4.4381074976224469E-010  0.61462975542094367        2.9851941917853550E-008  -1.7377729848512769E-009  -4.5154125444087386E-010  0.86087004176150095        2.7122325486552425E-008  -1.5788739998086160E-009  -4.1025314380305389E-010 -0.27887605658053616      -0.16342739250888982     
  0.18781127197184844        1.5531974578367488E-010   4.0358158563891285E-011  -1.2028646795340114E-008  0.18194505572964853       -4.6049254565040150E-011  -1.1965447433074913E-011   2.7122325486552425E-008  0.12139289621218614        8.4021849833571086E-011   2.1832152489656845E-011  -7.1660993451622430E-009  -5.0959167515454179E-009
   1.5531954960182105E-010  0.18781127463092986       -2.3493895654065940E-012   7.0022446905182773E-010  -4.6049313076952079E-011  0.18194505494127727        6.9661278432771478E-013  -1.5788739998086160E-009   8.4021849833571086E-011  0.12139289765064218       -1.2708723322246312E-012   4.1716054992488167E-010   2.9664882836216544E-010
   4.0358118522945331E-011  -2.3495210862941646E-012  0.18781127463936323        1.8194593855821909E-010  -1.1965476762727563E-011   6.9665935434950510E-013  0.18194505493878158       -4.1025314380305389E-010   2.1832152489656845E-011  -1.2708723322246312E-012  0.12139289765520574        1.0839429352380570E-010   7.7080594526000637E-011
  -4.4270403654030395E-009   2.5771220866355981E-010   6.6964118502464459E-011 -0.20179380418049117       -3.7316256860788296E-009   2.1722928202496423E-010   5.6444315023136950E-011 -0.27887605658053616       -7.1660993451622430E-009   4.1716054992488167E-010   1.0839429352380570E-010  0.53823080433497184       0.57589931867421784     
  -2.4857917854446815E-009   1.4470613682057390E-010   3.7600879015427282E-011 -0.11981794030919249       -1.4886865230983431E-009   8.6660942237367945E-011   2.2517522896462735E-011 -0.16342739250888982       -5.0959167515454179E-009   2.9664882836216544E-010   7.7080594526000637E-011  0.57589931867421784       0.64163188966368234     
