  0.19211760602098191       -1.8970388027219458E-016   7.5015699248735374E-017  -3.9173177767285918E-016  0.24927736153040839       -2.3971880093425778E-016   3.0969383113685739E-016  -5.1131845570400814E-016   8.0379708039450243E-002  -6.0991595589380652E-017   1.0338358542944223E-016  -7.3618198615496955E-002  -4.1878881382532385E-017  -9.2500550642427896E-017   5.1918875755451471E-016   3.3737688946960147E-016  -4.0741628104505108E-002  -2.6870144944301845E-017  -5.2591943168511450E-017  -3.8509859525563969E-016  -1.9794369485410123E-016
  -1.8970388027219458E-016  0.19211760602098132       -1.1166575741003170E-017  -3.5494822659129555E-016   1.5334514505127609E-016  0.24927736153040700       -1.1024656392306556E-016  -1.0624310382244875E-016   6.6110375697390398E-017   8.0379708039450951E-002  -8.4922559833114493E-017   3.3514499105422991E-016  -7.3618198615496358E-002  -6.0620757378970809E-016   5.5096536935272385E-016   4.5681029992776585E-016   1.8613535201995689E-016  -4.0741628104504587E-002  -3.6588436513101263E-016  -7.3469513642523162E-016  -4.0311896731803347E-016
   7.5015699248735374E-017  -1.1166575741003170E-017  0.19211760602098144       -2.3833933694157693E-017  -1.5209610452755856E-016   1.8597792872981376E-016  0.24927736153040825       -1.2040514968121088E-016  -1.6887692295715777E-017   1.3555781904976499E-017   8.0379708039451256E-002  -1.0265517535188009E-016  -1.9562262312939962E-017  -7.3618198615494554E-002  -8.0229761745728069E-016  -6.9063302908884533E-016  -7.0380080083901416E-017  -9.9956637570715066E-018  -4.0741628104503554E-002   5.1796233142961063E-016   2.2189356528544904E-016
  -3.9173177767285918E-016  -3.5494822659129555E-016  -2.3833933694157693E-017  0.56040365311734253        7.7774354825907376E-016  -6.6633083958507373E-016  -4.3311823050197329E-016  0.71108221070312583       -2.1091009445186722E-016   2.4795420314295053E-016  -1.9031425091601503E-016  -6.0385606104450887E-016   9.5553429261379633E-016  -3.3150786802072144E-016 -0.42585452305891530      -0.21443224571585257       -3.8194332363230441E-016   4.5007532410181063E-016  -1.2564653491195557E-016  0.10437696565351857        3.7450563529638249E-002
  0.24927736153040839        1.5334514505127609E-016  -1.5209610452755856E-016   7.7774354825907376E-016  0.32344368852410460        2.0733941936005827E-016   7.8347247622740405E-017   9.0274151182436497E-016  0.10431521099493699        1.2867586040107681E-016   2.8614507556023127E-017  -9.5175391709586041E-002   4.7978834316293036E-016  -4.6747510130496748E-017  -1.1674286021007042E-015  -8.2964424959687594E-016  -5.2660046039363820E-002   2.8401303903768653E-016  -2.8270293714607796E-017   7.7345685278946432E-017  -7.7596027978997531E-017
  -2.3971880093425778E-016  0.24927736153040700        1.8597792872981376E-016  -6.6633083958507373E-016   2.0733941936005827E-016  0.32344368852410199        1.1813971515811670E-016  -4.0737727866743251E-016   5.2944567161615983E-017  0.10431521099493737        1.5804746734657394E-016  -1.6643755699102901E-016  -9.5175391709589566E-002   2.2393977894049560E-015   7.7334824758792343E-016   5.7845737681958875E-016  -1.1154783015802285E-016  -5.2660046039365686E-002   1.3049851483051732E-015  -1.2259840186925326E-015  -7.0309633317735591E-016
   3.0969383113685739E-016  -1.1024656392306556E-016  0.24927736153040825       -4.3311823050197329E-016   7.8347247622740405E-017   1.1813971515811670E-016  0.32344368852410504       -3.9953312526938948E-016   9.4330517348323522E-017  -3.0738750382400612E-017  0.10431521099493801        2.4180986728619843E-016  -1.2358729508075347E-016  -9.5175391709591509E-002   2.7437848425328041E-015   2.3879137945240604E-015   1.3190818279549925E-016  -7.1924856421213428E-017  -5.2660046039366859E-002  -4.0315773145864310E-016   1.1814841100997566E-016
  -5.1131845570400814E-016  -1.0624310382244875E-016  -1.2040514968121088E-016  0.71108221070312583        9.0274151182436497E-016  -4.0737727866743251E-016  -3.9953312526938948E-016  0.90629234773499201       -1.6781000857282648E-016   2.3277154160631713E-016  -3.4885283010730162E-016   6.8236218442432186E-016  -7.4901581305792025E-016   4.5684146512627669E-016 -0.48780558561963799      -0.22504823886377773        3.7243213842016920E-016  -5.8154184748599204E-016   3.0775361545738906E-016  0.10472120155761536        3.7180530403316231E-002
   8.0379708039450243E-002   6.6110375697390398E-017  -1.6887692295715777E-017  -2.1091009445186722E-016  0.10431521099493699        5.2944567161615983E-017   9.4330517348323522E-017  -1.6781000857282648E-016   3.6987745367094878E-002   1.8686685016938588E-017   9.0073430671512904E-017   2.5756310636616493E-002  -3.7424033194937105E-018   6.8420542152421344E-016   4.9557391879064810E-016   3.9533693510062359E-016   1.6169226644061941E-002   6.7265003906958206E-019   4.3020446049066730E-016   4.6527389975888393E-016   3.5818252944991992E-016
  -6.0991595589380652E-017   8.0379708039450951E-002   1.3555781904976499E-017   2.4795420314295053E-016   1.2867586040107681E-016  0.10431521099493737       -3.0738750382400612E-017   2.3277154160631713E-016   1.8686685016938588E-017   3.6987745367095697E-002  -4.7473549715868572E-017  -2.2839332862324419E-016   2.5756310636617447E-002  -1.0054069325706798E-015  -1.5483285348295815E-015  -1.3151622000045898E-015  -1.4110743044150906E-016   1.6169226644062500E-002  -5.8894052592032267E-016   1.0292225243776774E-015   4.5533955725583246E-016
   1.0338358542944223E-016  -8.4922559833114493E-017   8.0379708039451256E-002  -1.9031425091601503E-016   2.8614507556023127E-017   1.5804746734657394E-016  0.10431521099493801       -3.4885283010730162E-016   9.0073430671512904E-017  -4.7473549715868572E-017   3.6987745367096550E-002   2.3365229149571212E-016   3.9678665490608132E-016   2.5756310636623168E-002  -1.7836913342988669E-015  -1.5063583682403442E-015   1.7273066437386498E-016   2.2626896998854482E-016   1.6169226644066031E-002  -6.2321119317594509E-017  -2.8756228981849411E-016
  -7.3618198615496955E-002   3.3514499105422991E-016  -1.0265517535188009E-016  -6.0385606104450887E-016  -9.5175391709586041E-002  -1.6643755699102901E-016   2.4180986728619843E-016   6.8236218442432186E-016   2.5756310636616493E-002  -2.2839332862324419E-016   2.3365229149571212E-016  0.98082512661860488       -2.7656133948239652E-016  -1.9602661681387597E-015   1.7615603072936638E-016   7.0138695741458788E-017  0.57506498581587373       -1.2555177624775511E-016  -6.7645046430465993E-016  -3.4322798383511639E-017  -8.2153990296891214E-017
  -4.1878881382532385E-017  -7.3618198615496358E-002  -1.9562262312939962E-017   9.5553429261379633E-016   4.7978834316293036E-016  -9.5175391709589566E-002  -1.2358729508075347E-016  -7.4901581305792025E-016  -3.7424033194937105E-018   2.5756310636617447E-002   3.9678665490608132E-016  -2.7656133948239652E-016  0.98082512661860455       -4.4847557003842113E-016   1.9476894923716793E-016  -2.5999221116442694E-016  -2.0600095387470271E-016  0.57506498581587218       -1.6881408994607421E-016  -5.7008674255215431E-016  -4.0569974551073622E-016
  -9.2500550642427896E-017  -6.0620757378970809E-016  -7.3618198615494554E-002  -3.3150786802072144E-016  -4.6747510130496748E-017   2.2393977894049560E-015  -9.5175391709591509E-002   4.5684146512627669E-016   6.8420542152421344E-016  -1.0054069325706798E-015   2.5756310636623168E-002  -1.9602661681387597E-015  -4.4847557003842113E-016  0.98082512661859866        4.8696298652255273E-017   2.4669551888684550E-015  -4.9470117544427918E-016  -3.7865125603515296E-016  0.57506498581587184       -1.1407929369373580E-015  -3.9476579334989440E-016
   5.1918875755451471E-016   5.5096536935272385E-016  -8.0229761745728069E-016 -0.42585452305891530       -1.1674286021007042E-015   7.7334824758792343E-016   2.7437848425328041E-015 -0.48780558561963799        4.9557391879064810E-016  -1.5483285348295815E-015  -1.7836913342988669E-015   1.7615603072936638E-016   1.9476894923716793E-016   4.8696298652255273E-017   1.0110299322628296       0.77811362085100066        2.1835046131035319E-016   1.2374669977678647E-016  -6.5067208141029673E-016 -0.45109113835313741      -0.16965572842398094     
   3.3737688946960147E-016   4.5681029992776585E-016  -6.9063302908884533E-016 -0.21443224571585257       -8.2964424959687594E-016   5.7845737681958875E-016   2.3879137945240604E-015 -0.22504823886377773        3.9533693510062359E-016  -1.3151622000045898E-015  -1.5063583682403442E-015   7.0138695741458788E-017  -2.5999221116442694E-016   2.4669551888684550E-015  0.77811362085100066       0.63282135332739387        1.2626094253608051E-016  -1.5826054310621070E-016   8.6460006449617157E-016 -0.35772025660124362      -0.13101151920682200     
  -4.0741628104505108E-002   1.8613535201995689E-016  -7.0380080083901416E-017  -3.8194332363230441E-016  -5.2660046039363820E-002  -1.1154783015802285E-016   1.3190818279549925E-016   3.7243213842016920E-016   1.6169226644061941E-002  -1.4110743044150906E-016   1.7273066437386498E-016  0.57506498581587373       -2.0600095387470271E-016  -4.9470117544427918E-016   2.1835046131035319E-016   1.2626094253608051E-016  0.33719624975010720       -9.9467820152024124E-017  -1.1805931978238193E-017  -6.0986262717190568E-016  -4.1558638168161945E-016
  -2.6870144944301845E-017  -4.0741628104504587E-002  -9.9956637570715066E-018   4.5007532410181063E-016   2.8401303903768653E-016  -5.2660046039365686E-002  -7.1924856421213428E-017  -5.8154184748599204E-016   6.7265003906958206E-019   1.6169226644062500E-002   2.2626896998854482E-016  -1.2555177624775511E-016  0.57506498581587218       -3.7865125603515296E-016   1.2374669977678647E-016  -1.5826054310621070E-016  -9.9467820152024124E-017  0.33719624975010537       -1.6693822958799992E-016   6.9655467263741217E-016   4.2592956802361508E-016
  -5.2591943168511450E-017  -3.6588436513101263E-016  -4.0741628104503554E-002  -1.2564653491195557E-016  -2.8270293714607796E-017   1.3049851483051732E-015  -5.2660046039366859E-002   3.0775361545738906E-016   4.3020446049066730E-016  -5.8894052592032267E-016   1.6169226644066031E-002  -6.7645046430465993E-016  -1.6881408994607421E-016  0.57506498581587184       -6.5067208141029673E-016   8.6460006449617157E-016  -1.1805931978238193E-017  -1.6693822958799992E-016  0.33719624975010704       -1.6616787320045118E-016   1.2464874302143409E-019
  -3.8509859525563969E-016  -7.3469513642523162E-016   5.1796233142961063E-016  0.10437696565351857        7.7345685278946432E-017  -1.2259840186925326E-015  -4.0315773145864310E-016  0.10472120155761536        4.6527389975888393E-016   1.0292225243776774E-015  -6.2321119317594509E-017  -3.4322798383511639E-017  -5.7008674255215431E-016  -1.1407929369373580E-015 -0.45109113835313741      -0.35772025660124362       -6.0986262717190568E-016   6.9655467263741217E-016  -1.6616787320045118E-016   1.0554541689406343       0.62488082208232021     
  -1.9794369485410123E-016  -4.0311896731803347E-016   2.2189356528544904E-016   3.7450563529638249E-002  -7.7596027978997531E-017  -7.0309633317735591E-016   1.1814841100997566E-016   3.7180530403316231E-002   3.5818252944991992E-016   4.5533955725583246E-016  -2.8756228981849411E-016  -8.2153990296891214E-017  -4.0569974551073622E-016  -3.9476579334989440E-016 -0.16965572842398094      -0.13101151920682200       -4.1558638168161945E-016   4.2592956802361508E-016   1.2464874302143409E-019  0.62488082208232021       0.38274610616072974     
