  0.27415647017509565       -2.9611970158424300E-016   6.5170121988492491E-016  -1.4635415434663341E-015  0.32267479754828993       -9.2208800832375964E-016   7.3581186057267158E-016  -2.8487982486201328E-015  0.12504147942374846        6.3424381267174974E-016   1.9591721185355893E-016  -2.4936654210305528E-016  -3.0434271124724750E-016   3.2647429313558171E-016  -7.2616387717120807E-017   3.0179179111588324E-016   1.9687735178503494E-016  -6.5358221519701915E-002  -1.0786572736387540E-015   3.8051954377145441E-016   2.3389429922812117E-015 -0.15659999528353716       -2.3766186137324818E-015   7.1991237775917016E-016  -6.5885318156473032E-016  -1.1570835266413314E-015   1.1106450745376763E-015  -1.3532151338572678E-016   1.0003410300091250E-015   5.9339471255869983E-016   1.4060325393116211E-015   6.0787141181306001E-002  -4.1349583658690312E-015  -4.9098631052141196E-015  -3.8321572383033543E-015  -3.2491101125902942E-015   2.6544916598318263E-015   7.7155939962591062E-003  -6.0584658335011911E-016  -6.9541508987539436E-016   1.0764367869609025E-015
  -2.9611970158424300E-016  0.27415647017511202       -1.1947988297652048E-015   2.2674472929481798E-015  -1.0555219617696896E-015  0.32267479754829792        9.2064394268284670E-016   2.7138913060541964E-015   1.1821381535676947E-015  0.12504147942374444       -1.2668855090358946E-015  -5.3576622241347312E-016   2.0991369561578758E-016   2.5420618054287661E-016   3.0599311607829604E-016  -3.3686615060602039E-016   3.1012162810840311E-016  -1.1629268331803228E-015  -6.5358221519701526E-002   1.4197607534714064E-015  -1.0319235321378558E-017  -1.8370436592845829E-015 -0.15659999528353769        2.7050565074079195E-015  -1.5860484032220532E-015   6.6042208912882196E-016   7.3814918241972781E-016   1.1391385402983410E-015  -9.1415989950281200E-016   1.1601624752728649E-015   7.7585523551830609E-016   9.3136683576558908E-016   6.0787141181310782E-002  -4.6339018144413645E-015   1.4721509250850003E-015   1.6993930702019287E-015  -6.1772636342380935E-015   1.2363089168277645E-016   7.7155939962597984E-003  -6.4510211718389612E-016  -3.4248311274409217E-015
   6.5170121988492491E-016  -1.1947988297652048E-015  0.27415647017507438       -3.9293647088701894E-016  -1.5568537085466141E-016   1.7124376221711905E-015  0.32267479754828721       -4.2704957747896434E-015  -8.7400620963684179E-017  -2.1950563441887197E-015  0.12504147942374153       -2.8504764966749296E-016  -2.4598416664632011E-016  -3.2278860644209403E-017   1.1035770192290365E-016  -3.8704975374839491E-016   1.3921643703352796E-016  -5.1695360668689601E-016   1.2035615358529429E-015  -6.5358221519697529E-002   8.3923876881446239E-016  -2.1590630053426160E-015   1.6608542550269509E-016 -0.15659999528353183       -5.8727648009764401E-016  -7.3566557420646321E-016  -2.2111798393150077E-016   1.7175658926639843E-016  -1.1456353699038247E-015   4.1468941469129097E-016  -7.5769269838062170E-016   3.3209532309819652E-015   4.8363242443437361E-016   6.0787141181308790E-002  -7.8078168071892516E-017  -4.0022154694799423E-016   3.2576931363376208E-016   4.5949946361783530E-016   6.7079801070567605E-017   7.7155939962595295E-003   1.2440956643902031E-016
  -1.4635415434663341E-015   2.2674472929481798E-015  -3.9293647088701894E-016  0.27431513345790226       -3.2415375361191955E-015  -5.0890594300177084E-015   4.4927949490851818E-015  0.61608973495169261        2.8557637968131942E-015   3.8342780739353360E-015  -1.1770899237240394E-015   1.5574488656258084E-015   1.3676095867698489E-015  -4.5898167606923658E-016  -5.1242507336575964E-015  -6.8340915423012461E-017   6.2462511769488089E-015  -2.6405003095166134E-015  -2.5198347401777506E-015  -6.7786148793293960E-017 -0.36743184309123822       -3.2656066629591639E-016  -1.3775818264667165E-015  -2.7595323622448028E-015   3.2001619823598226E-014   3.4849566213621316E-015  -1.1509984294229629E-015   5.1238325876711021E-014   7.4168385206704422E-017  -3.2252339759080162E-015 -0.18695114452647091       -3.7527973908744241E-015   2.2214393871422750E-015   1.0114144356188730E-015  0.13974535665142634        8.7976525694192689E-002  -3.8441834696514084E-002  -5.2888282683209002E-016   3.1756780873443627E-016   1.2415320184556474E-016  -1.2186807034827211E-002
  0.32267479754828993       -1.0555219617696896E-015  -1.5568537085466141E-016  -3.2415375361191955E-015  0.37981719824619875       -1.8104325515033895E-015  -2.7814754749848740E-016  -6.8462041016416723E-015  0.14735520160451168        8.0634150737494684E-016  -4.2541313590595673E-016   1.1135527133621741E-016   6.2719469405981584E-016   3.2376375692810096E-016   2.8768418598364418E-016  -8.0951229815706423E-016  -5.4954561035796884E-016  -7.4757393946291481E-002   3.2367401288828367E-015  -2.7553726164345151E-015   2.8821726634489977E-015 -0.17708027195997472        1.2819133835716312E-014  -9.4579858591421150E-015   4.2361208927204716E-016   1.5699345082346640E-015   1.1110818240602767E-015   9.4849244514297661E-016  -2.2730714303511924E-015  -1.6095079964248492E-015   1.9426705208988447E-015   6.5872034666733498E-002   1.6838311581075120E-015   1.3397253973087496E-014   1.8728436176451954E-015   2.4901060127642464E-015  -5.9212658700010480E-016   8.3182625430692630E-003   3.2397222416659134E-016   1.8529739219627513E-015   8.3401042336483944E-017
  -9.2208800832375964E-016  0.32267479754829792        1.7124376221711905E-015  -5.0890594300177084E-015  -1.8104325515033895E-015  0.37981719824619498        4.6447915855263958E-015  -1.4836177924922145E-014   1.3132640999585213E-015  0.14735520160450177       -3.2361613109690776E-016   8.9657745379922623E-016  -3.2990785002091932E-016  -4.8319053798909521E-016  -3.3377830792071587E-016  -2.1103489743277107E-017  -4.7600360907409530E-016   2.0352288874946554E-015  -7.4757393946291065E-002  -2.6136956898960958E-015   2.3672353751994254E-015   8.8852555324652025E-015 -0.17708027195997758       -9.9430646551749688E-015   2.6488829944979334E-015  -9.2935573259989203E-016  -1.4441710409849133E-015  -7.2856768638729300E-016   2.9778806400358626E-017  -1.1368610207347761E-015  -8.0730983372137670E-016  -5.9766912025829289E-015   6.5872034666738410E-002   1.4070114054234165E-014  -4.1783575588742536E-015  -4.1306269162780000E-015   1.1630752654086248E-014  -7.9355654180577987E-016   8.3182625430699569E-003   1.9435014382811713E-015   6.2605141979314155E-015
   7.3581186057267158E-016   9.2064394268284670E-016  0.32267479754828721        4.4927949490851818E-015  -2.7814754749848740E-016   4.6447915855263958E-015  0.37981719824622184        6.7069163235541185E-015  -3.2595906790888273E-017  -1.6945144505787433E-015  0.14735520160451349        1.5601690552597642E-016  -9.2385012168655305E-016   1.8792814751319870E-016  -3.6006414232609677E-016   9.9283477986075770E-016   1.6245145509888351E-016  -3.1351577230829535E-016  -1.5574758951660532E-015  -7.4757393946294992E-002   1.7464792263114553E-015  -1.6199355473748011E-015  -9.2405113602710507E-015 -0.17708027195999262        7.5449329650310302E-016  -2.7740107421073083E-015   4.1720154546694987E-016  -1.2391653284381043E-015   2.9266715838579850E-015   4.9752596462058035E-016   1.5932062186225286E-015  -3.2138107320530467E-015   3.2674496159377611E-015   6.5872034666738827E-002  -4.4804091322940408E-016  -1.0567957123140718E-016  -2.6439254808242843E-015  -4.7014572450321054E-016   4.0391701528822429E-016   8.3182625430698962E-003  -1.5418879034848223E-015
  -2.8487982486201328E-015   2.7138913060541964E-015  -4.2704957747896434E-015  0.61608973495169261       -6.8462041016416723E-015  -1.4836177924922145E-014   6.7069163235541185E-015   1.3900032133213296        6.8752750994853945E-015   8.3233037827983542E-015  -4.7519912638675072E-015  -4.7714990088897080E-015  -1.5236355559604461E-015   8.7279142396389408E-016  -4.3685866839060669E-014  -2.0087649111329572E-016   5.8163215240500577E-014  -3.1662874486171668E-015  -1.8372843791968794E-015   2.1148958702237766E-015 -0.74405752148248561        8.4478041451650105E-015   1.0404519897024696E-014  -1.2280787744541874E-015   4.7890737491100357E-014  -5.8305889176253284E-015   3.0365253809133030E-015   2.0033606162393317E-014   6.0757137325250051E-017   1.2314589193769482E-013 -0.35832731858448486        1.6616781426120267E-016  -6.2959435264987060E-015   1.0651667439486227E-015  0.25961516024965170       0.16162417145589933       -7.0357416088844202E-002   1.0019708299280692E-016  -8.1317958216018585E-016   1.3536355765705135E-016  -2.2276436707573941E-002
  0.12504147942374846        1.1821381535676947E-015  -8.7400620963684179E-017   2.8557637968131942E-015  0.14735520160451168        1.3132640999585213E-015  -3.2595906790888273E-017   6.8752750994853945E-015   5.8101908172324308E-002   5.5665527784580775E-017   3.7754459862455482E-016   5.0500179276332305E-016  -1.9178036907609986E-015  -6.1261457360653162E-016  -7.0535976502294750E-016   8.6083811018263535E-016   1.2447346201289594E-016  -1.7987494107868165E-002  -6.6914614005343087E-015   4.3743752011345192E-015  -4.0323050770665232E-015  -3.1138336511942609E-002  -2.2673330133161285E-014   1.4495334118669326E-014   1.5308018046135327E-015  -5.6618299006249900E-015  -1.8192820656715836E-015  -2.0146414393374942E-015   2.5753571139056470E-015   3.8174311748866407E-016  -2.0363384782655893E-015   1.3887230210883674E-002   4.8832870544516520E-015  -1.7096026598710932E-014  -3.2877881036871527E-016  -9.0111710311754089E-016  -3.7957762839849981E-015   1.8065281853626651E-003   5.5071780795592364E-016  -2.3444678545869513E-015  -2.4757952137443379E-015
   6.3424381267174974E-016  0.12504147942374444       -2.1950563441887197E-015   3.8342780739353360E-015   8.0634150737494684E-016  0.14735520160450177       -1.6945144505787433E-015   8.3233037827983542E-015   5.5665527784580775E-017   5.8101908172318688E-002  -1.1605669181008673E-015  -7.4083917851581320E-016   4.6874346207635869E-016   7.5130933183315881E-016   2.8100377029329419E-016   8.2886730323963565E-017   4.4474916234090848E-016  -3.4573513149329060E-015  -1.7987494107857292E-002   2.7714804483479799E-015   2.5203949737877876E-015  -1.2128796326508827E-014  -3.1138336511906728E-002   7.4061393633905851E-015  -2.1922845749330570E-015   1.4102206371976075E-015   2.2401711149959572E-015   8.4784946284543811E-016   2.7029429056312162E-016   1.3405396163656629E-015   3.3220307903327063E-015   5.7194774287036452E-015   1.3887230210852818E-002  -1.9629415637134471E-014   1.5125895392429346E-015   2.2710891627729452E-015  -1.0811637303571434E-014   7.3511517852325917E-016   1.8065281853584928E-003  -2.7548216945075009E-015  -6.0315532433030436E-015
   1.9591721185355893E-016  -1.2668855090358946E-015  0.12504147942374153       -1.1770899237240394E-015  -4.2541313590595673E-016  -3.2361613109690776E-016  0.14735520160451349       -4.7519912638675072E-015   3.7754459862455482E-016  -1.1605669181008673E-015   5.8101908172323399E-002   5.0089500043702818E-016   1.4195170293526733E-015   6.2520736353474275E-017   3.6555200192624093E-016  -7.7061861182799961E-016  -8.7235701500942697E-016   7.1637730340037212E-016   1.3483787540847102E-015  -1.7987494107861414E-002  -6.7532490679393028E-015   3.4555736816546172E-015   3.0939123923469261E-015  -3.1138336511922306E-002   1.5048399072810452E-015   4.0983567920037607E-015   1.3588579456822595E-016   1.1177707716591128E-015  -2.3419694401183553E-015  -2.4978654122842281E-015  -6.1232302195121659E-015   2.4381232111272598E-015  -5.7137346620914758E-016   1.3887230210870781E-002   4.6035526599506961E-015   2.8243153603646941E-015   3.9888672349814422E-015   3.7186043403665757E-016  -6.1815534789105780E-017   1.8065281853609559E-003   2.7251755201811850E-015
  -2.4936654210305528E-016  -5.3576622241347312E-016  -2.8504764966749296E-016   1.5574488656258084E-015   1.1135527133621741E-016   8.9657745379922623E-016   1.5601690552597642E-016  -4.7714990088897080E-015   5.0500179276332305E-016  -7.4083917851581320E-016   5.0089500043702818E-016  0.16201889129362604       -2.7815037328528226E-016  -2.0438947368890916E-016  -8.1009445646805761E-002  -4.4856196732801006E-016  -8.1009445646826717E-002  -1.9120432485014829E-016  -2.9107144400329870E-017   3.9316006890386900E-016   5.9716815195265284E-014  -3.3366639505005620E-016  -1.4126231274804008E-015   7.0033165943206983E-016  0.47922464115760421       -8.4358044096132455E-016   3.6368376029907501E-016 -0.23961232057880130       -7.4940477678664584E-016 -0.23961232057883292       -2.6627592738770141E-014   1.4345872032988751E-016   5.7270610264920496E-016   1.7206586698400637E-015   3.2070752730736365E-014  -2.5747154684493388E-014   4.3552756488482907E-015   2.3876065269296361E-017   7.0430067513937550E-017   2.4495554742908067E-016   6.6136192883920154E-016
  -3.0434271124724750E-016   2.0991369561578758E-016  -2.4598416664632011E-016   1.3676095867698489E-015   6.2719469405981584E-016  -3.2990785002091932E-016  -9.2385012168655305E-016  -1.5236355559604461E-015  -1.9178036907609986E-015   4.6874346207635869E-016   1.4195170293526733E-015  -2.7815037328528226E-016  0.16201889129363403       -4.1639615585385424E-016   2.2662366503847570E-017   6.8581875459015128E-017   5.4796678940242347E-017   6.6980564028976787E-016  -3.2864322429174018E-016  -9.9483551157158923E-016   2.0082791995841844E-015  -9.7999884392869549E-016  -1.8382874123727017E-018   1.5499496028883092E-015  -1.6535844958934348E-015  0.47922464115763158       -1.2992171451021574E-015  -4.1699262586711888E-016   1.0534785934226931E-015   5.8532602457403692E-016   1.3171168127674425E-016  -4.9894413592625940E-016  -4.5052052855410215E-016  -2.4214504083699537E-015  -2.7322073210144710E-016  -4.9865915821592761E-016   5.5424244780143298E-016  -9.1625843957610903E-017  -6.8019853050960531E-017  -3.4381322177256081E-016   2.9441664703210478E-016
   3.2647429313558171E-016   2.5420618054287661E-016  -3.2278860644209403E-017  -4.5898167606923658E-016   3.2376375692810096E-016  -4.8319053798909521E-016   1.8792814751319870E-016   8.7279142396389408E-016  -6.1261457360653162E-016   7.5130933183315881E-016   6.2520736353474275E-017  -2.0438947368890916E-016  -4.1639615585385424E-016  0.16201889129362734        2.8756472097744207E-016  -5.7781027476330092E-017  -2.4933177132082006E-016   7.0537936926632726E-016  -4.8177906730580866E-016  -4.3934268068100783E-017   2.5748695585376466E-016   4.7728393972141103E-016  -4.5275407120768360E-016  -1.2552965261281757E-016   2.7229568155385536E-016  -1.3240574450715725E-015  0.47922464115762359       -4.4088403717801985E-016  -9.4011059203143309E-016  -7.3261446618970319E-016   1.4783887264053545E-016  -1.0282756154544947E-015  -1.6731854862962909E-016   8.8111031015961366E-016   2.0745034841521225E-016   8.3897730627033752E-017  -2.2383852959150305E-016  -1.4066692992653463E-016  -2.5816090870319759E-017   1.2916775411729903E-016  -1.0020881937628938E-016
  -7.2616387717120807E-017   3.0599311607829604E-016   1.1035770192290365E-016  -5.1242507336575964E-015   2.8768418598364418E-016  -3.3377830792071587E-016  -3.6006414232609677E-016  -4.3685866839060669E-014  -7.0535976502294750E-016   2.8100377029329419E-016   3.6555200192624093E-016  -8.1009445646805761E-002   2.2662366503847570E-017   2.8756472097744207E-016  0.16201889129364172        1.2576554618417895E-015  -8.1009445646825246E-002   2.7852912805698310E-016  -2.6485960930330896E-016  -4.9181391321541005E-016  -4.1352203453673711E-015  -4.8624843847849286E-016  -1.5565788910424983E-016  -4.4389677579603704E-016 -0.23961232057874771        1.8875451603213628E-016   1.3552357749458191E-016  0.47922464115770047        1.9481359681361667E-015 -0.23961232057876725       -1.1610283116075923E-013  -1.7518477011161025E-017  -4.2225436263645150E-016  -1.0051670323425683E-015   3.9907717012592244E-014  -1.5213942087613125E-014   8.8366043092333133E-015  -8.9256777077078926E-018  -5.9386809534598699E-017  -1.4551453567360401E-016   1.1948610055100677E-015
   3.0179179111588324E-016  -3.3686615060602039E-016  -3.8704975374839491E-016  -6.8340915423012461E-017  -8.0951229815706423E-016  -2.1103489743277107E-017   9.9283477986075770E-016  -2.0087649111329572E-016   8.6083811018263535E-016   8.2886730323963565E-017  -7.7061861182799961E-016  -4.4856196732801006E-016   6.8581875459015128E-017  -5.7781027476330092E-017   1.2576554618417895E-015  0.16201889129362845       -3.6017407928204364E-016  -4.5831045513289137E-016   1.1212259553126909E-016   3.7952036635132365E-016  -2.6182921659670695E-015   5.8562399807168859E-016   1.2720050125331991E-016   2.9062126323951676E-016   1.2066949951197542E-015  -5.2842520991374177E-016  -3.3521715346370618E-016   2.3304409007474180E-015  0.47922464115762536        8.4747912185933606E-016  -6.4209303607596909E-016  -8.3025460376039215E-016  -2.9923353608078577E-016   1.7124971156479904E-016  -3.0670430275167596E-016   4.1754572408335470E-016   1.1212496399814803E-016  -1.1393904492426672E-016  -4.7050752025844413E-017   2.5341563813767341E-017   2.1989984682729620E-017
   1.9687735178503494E-016   3.1012162810840311E-016   1.3921643703352796E-016   6.2462511769488089E-015  -5.4954561035796884E-016  -4.7600360907409530E-016   1.6245145509888351E-016   5.8163215240500577E-014   1.2447346201289594E-016   4.4474916234090848E-016  -8.7235701500942697E-016  -8.1009445646826717E-002   5.4796678940242347E-017  -2.4933177132082006E-016  -8.1009445646825246E-002  -3.6017407928204364E-016  0.16201889129364766       -2.6557397741202004E-016  -2.7059038328067899E-016   1.8450224833750597E-016  -1.2219407225211665E-014   1.8267440064471791E-016  -3.6657823100044046E-016   7.0239740332932625E-017 -0.23961232057887555        6.1218459229847011E-017  -9.9066728873550417E-016 -0.23961232057886744        1.2909819731518160E-016  0.47922464115758751        1.7715019623764812E-013   9.7141594339493711E-017  -1.1959653423123350E-016   6.4287099891949399E-017  -9.6706057662610062E-014   2.6434043106952927E-014  -5.3063511452587366E-015   1.2711011278302073E-017  -1.9277610064346559E-017   1.4045322684330264E-017   1.2940541638462998E-015
  -6.5358221519701915E-002  -1.1629268331803228E-015  -5.1695360668689601E-016  -2.6405003095166134E-015  -7.4757393946291481E-002   2.0352288874946554E-015  -3.1351577230829535E-016  -3.1662874486171668E-015  -1.7987494107868165E-002  -3.4573513149329060E-015   7.1637730340037212E-016  -1.9120432485014829E-016   6.6980564028976787E-016   7.0537936926632726E-016   2.7852912805698310E-016  -4.5831045513289137E-016  -2.6557397741202004E-016  0.14892557963240360        7.2936739645904661E-015  -4.6192828840785646E-015   4.9259319603847294E-015  0.48833955858539424        1.5782549977888079E-014  -1.0397251500515083E-014  -5.4069976798895712E-016   3.3446616646326424E-015   1.1405239282911134E-015   1.1500636058526951E-015  -1.6457072717249463E-015  -6.6152052826186762E-016   3.0946416815669442E-015 -0.24035495161250972       -3.6021473486776964E-015   1.2655218850574377E-014  -2.4557037344538919E-015  -2.2078383596387004E-015   5.8476530164617732E-015  -3.1143444152705913E-002  -4.1162876604643072E-016   1.7653252940534252E-015   3.2669028848052758E-015
  -1.0786572736387540E-015  -6.5358221519701526E-002   1.2035615358529429E-015  -2.5198347401777506E-015   3.2367401288828367E-015  -7.4757393946291065E-002  -1.5574758951660532E-015  -1.8372843791968794E-015  -6.6914614005343087E-015  -1.7987494107857292E-002   1.3483787540847102E-015  -2.9107144400329870E-017  -3.2864322429174018E-016  -4.8177906730580866E-016  -2.6485960930330896E-016   1.1212259553126909E-016  -2.7059038328067899E-016   7.2936739645904661E-015  0.14892557963238329       -2.4134420205209662E-015   3.9275833012187995E-016   6.9833275470622404E-015  0.48833955858536593       -6.2541617214141889E-015  -1.2117223366476525E-016  -9.4189410010733602E-016  -1.2206588710247897E-015  -1.8613241368658884E-015   1.2084370359866833E-016  -1.8043338695589439E-015  -4.1494873819068148E-015  -3.5670889214525757E-015 -0.24035495161248902        1.5221052423881537E-014   9.5856057794978998E-016  -9.1800115814186231E-016   4.1533405860398753E-015  -5.1709371280257994E-016  -3.1143444152703197E-002   2.1346078443634825E-015   2.3837762301596853E-015
   3.8051954377145441E-016   1.4197607534714064E-015  -6.5358221519697529E-002  -6.7786148793293960E-017  -2.7553726164345151E-015  -2.6136956898960958E-015  -7.4757393946294992E-002   2.1148958702237766E-015   4.3743752011345192E-015   2.7714804483479799E-015  -1.7987494107861414E-002   3.9316006890386900E-016  -9.9483551157158923E-016  -4.3934268068100783E-017  -4.9181391321541005E-016   3.7952036635132365E-016   1.8450224833750597E-016  -4.6192828840785646E-015  -2.4134420205209662E-015  0.14892557963239450        5.2029993447010466E-015  -1.9630135371656773E-015  -4.7335224024529973E-017  0.48833955858538181        2.4908898624973189E-016  -4.3463436571822540E-015   1.6468170929737373E-016  -4.7170406301792812E-016   4.7401149584735466E-016   1.4314004029893504E-015   4.5580238045320524E-015   1.5674892436910471E-015  -3.5998458744731740E-016 -0.24035495161249820       -3.4430564382238389E-015  -2.2066672561807612E-015  -4.4304764414982433E-015   2.2450890611287223E-016  -2.3457187276217711E-017  -3.1143444152704328E-002  -2.9368020443290154E-015
   2.3389429922812117E-015  -1.0319235321378558E-017   8.3923876881446239E-016 -0.36743184309123822        2.8821726634489977E-015   2.3672353751994254E-015   1.7464792263114553E-015 -0.74405752148248561       -4.0323050770665232E-015   2.5203949737877876E-015  -6.7532490679393028E-015   5.9716815195265284E-014   2.0082791995841844E-015   2.5748695585376466E-016  -4.1352203453673711E-015  -2.6182921659670695E-015  -1.2219407225211665E-014   4.9259319603847294E-015   3.9275833012187995E-016   5.2029993447010466E-015   1.5395573979106898       -7.0972320718512838E-015   9.2535731793072906E-015  -4.0468163825108721E-015   1.4999020263826635E-013   5.8325801034694503E-015   4.1970598988799004E-016  -9.6134855009016156E-014  -7.6572692446270999E-015  -5.6931223971274593E-015   1.0385665370779025       -3.2578773444061002E-015  -4.7268568987183292E-015  -1.2212048052337246E-015 -0.93783005395427776      -0.63347500650678434       0.29047360666407401       -5.2221062385144608E-016  -6.4819905486426429E-016  -2.5109506097040997E-016   9.3078817481114892E-002
 -0.15659999528353716       -1.8370436592845829E-015  -2.1590630053426160E-015  -3.2656066629591639E-016 -0.17708027195997472        8.8852555324652025E-015  -1.6199355473748011E-015   8.4478041451650105E-015  -3.1138336511942609E-002  -1.2128796326508827E-014   3.4555736816546172E-015  -3.3366639505005620E-016  -9.7999884392869549E-016   4.7728393972141103E-016  -4.8624843847849286E-016   5.8562399807168859E-016   1.8267440064471791E-016  0.48833955858539424        6.9833275470622404E-015  -1.9630135371656773E-015  -7.0972320718512838E-015   1.6188166941542927       -6.3317091654847462E-015   9.3912869379258592E-015  -9.1954459602938687E-016   1.8153764595882266E-015  -1.6564790134818063E-015  -2.5266048767949939E-016   8.2174588363836045E-016   9.2691924027472537E-016  -3.5879690298629701E-015 -0.71758403915486690        2.0178137089753179E-016  -5.8622043489759115E-015   5.9383836653309360E-015   2.9698229726235621E-015  -4.0298142817462090E-015  -9.1918546739285900E-002   3.6922667626963261E-018  -6.9539202683924131E-016  -1.8853804804759858E-015
  -2.3766186137324818E-015 -0.15659999528353769        1.6608542550269509E-016  -1.3775818264667165E-015   1.2819133835716312E-014 -0.17708027195997758       -9.2405113602710507E-015   1.0404519897024696E-014  -2.2673330133161285E-014  -3.1138336511906728E-002   3.0939123923469261E-015  -1.4126231274804008E-015  -1.8382874123727017E-018  -4.5275407120768360E-016  -1.5565788910424983E-016   1.2720050125331991E-016  -3.6657823100044046E-016   1.5782549977888079E-014  0.48833955858536593       -4.7335224024529973E-017   9.2535731793072906E-015  -6.3317091654847462E-015   1.6188166941543303        2.9339995801065424E-015  -4.2613127211705238E-015   1.3494252895491623E-016  -5.6775687335008376E-016  -4.0439440383477269E-015  -2.5746892622668686E-016  -4.4471270535413708E-015  -4.3643238328338589E-015   4.1236927642900473E-015 -0.71758403915487501       -5.8739172931810969E-015   4.4544055761834102E-015   4.4661393255110158E-016  -6.5208436174327260E-016   3.8055417088297179E-016  -9.1918546739287010E-002  -8.0608349371845960E-016   6.1424700900267305E-017
   7.1991237775917016E-016   2.7050565074079195E-015 -0.15659999528353183       -2.7595323622448028E-015  -9.4579858591421150E-015  -9.9430646551749688E-015 -0.17708027195999262       -1.2280787744541874E-015   1.4495334118669326E-014   7.4061393633905851E-015  -3.1138336511922306E-002   7.0033165943206983E-016   1.5499496028883092E-015  -1.2552965261281757E-016  -4.4389677579603704E-016   2.9062126323951676E-016   7.0239740332932625E-017  -1.0397251500515083E-014  -6.2541617214141889E-015  0.48833955858538181       -4.0468163825108721E-015   9.3912869379258592E-015   2.9339995801065424E-015   1.6188166941543076       -1.1924264753619238E-015   2.0122054698109572E-016   3.9651223990192871E-016   2.2792626903189402E-015  -1.3960474576768702E-015   3.2368987704192003E-015  -2.4969721646200649E-015  -5.9072823130514832E-015  -2.7997238070252926E-016 -0.71758403915486924        1.3323364713960232E-015   5.6549619565536149E-016   2.6210129141130946E-015  -7.3402985824471284E-016   5.6357931508828895E-017  -9.1918546739286053E-002   1.5574621158744830E-015
  -6.5885318156473032E-016  -1.5860484032220532E-015  -5.8727648009764401E-016   3.2001619823598226E-014   4.2361208927204716E-016   2.6488829944979334E-015   7.5449329650310302E-016   4.7890737491100357E-014   1.5308018046135327E-015  -2.1922845749330570E-015   1.5048399072810452E-015  0.47922464115760421       -1.6535844958934348E-015   2.7229568155385536E-016 -0.23961232057874771        1.2066949951197542E-015 -0.23961232057887555       -5.4069976798895712E-016  -1.2117223366476525E-016   2.4908898624973189E-016   1.4999020263826635E-013  -9.1954459602938687E-016  -4.2613127211705238E-015  -1.1924264753619238E-015   1.4174659193070864       -4.9527236153403176E-015   3.6692721886063125E-015 -0.70873295965344341        5.2769474987585510E-015 -0.70873295965373173       -9.5443407630701583E-014  -3.5588461749654497E-016   2.4932720954678959E-015   1.7908385034288604E-015   5.5517931293994487E-014  -1.1932268427277663E-013   3.3717282808576582E-014  -4.0339397161915482E-017   3.2192209671980989E-016   2.3218379293633831E-016   7.0091296916426029E-015
  -1.1570835266413314E-015   6.6042208912882196E-016  -7.3566557420646321E-016   3.4849566213621316E-015   1.5699345082346640E-015  -9.2935573259989203E-016  -2.7740107421073083E-015  -5.8305889176253284E-015  -5.6618299006249900E-015   1.4102206371976075E-015   4.0983567920037607E-015  -8.4358044096132455E-016  0.47922464115763158       -1.3240574450715725E-015   1.8875451603213628E-016  -5.2842520991374177E-016   6.1218459229847011E-017   3.3446616646326424E-015  -9.4189410010733602E-016  -4.3463436571822540E-015   5.8325801034694503E-015   1.8153764595882266E-015   1.3494252895491623E-016   2.0122054698109572E-016  -4.9527236153403176E-015   1.4174659193071784       -4.1162290284992683E-015  -8.7335873125452075E-016   9.5291693610052907E-016   1.4329679885173837E-015   1.4110021427709206E-016  -3.8975107356559965E-016  -7.9384457545796981E-016   2.7602377693007143E-015  -3.4336141737371137E-016  -1.1105971540523921E-015   5.5974502249115064E-016  -8.5136671732945031E-017  -1.2333213526756011E-016   3.7136792107009410E-016   2.7460366933640281E-016
   1.1106450745376763E-015   7.3814918241972781E-016  -2.2111798393150077E-016  -1.1509984294229629E-015   1.1110818240602767E-015  -1.4441710409849133E-015   4.1720154546694987E-016   3.0365253809133030E-015  -1.8192820656715836E-015   2.2401711149959572E-015   1.3588579456822595E-016   3.6368376029907501E-016  -1.2992171451021574E-015  0.47922464115762359        1.3552357749458191E-016  -3.3521715346370618E-016  -9.9066728873550417E-016   1.1405239282911134E-015  -1.2206588710247897E-015   1.6468170929737373E-016   4.1970598988799004E-016  -1.6564790134818063E-015  -5.6775687335008376E-016   3.9651223990192871E-016   3.6692721886063125E-015  -4.1162290284992683E-015   1.4174659193071895       -3.4190451034611977E-015  -3.2666930988858137E-015  -2.9158245235621307E-015   1.7256845889483150E-016   5.2784371499309829E-016   8.7817118735975474E-016  -1.9680673626795863E-015   1.4126527093822377E-016  -2.7981901843370090E-016   1.6355700897116333E-016   7.3607694740438124E-017   1.2476648832818838E-016  -2.6617581427818949E-016   1.0691801736717256E-016
  -1.3532151338572678E-016   1.1391385402983410E-015   1.7175658926639843E-016   5.1238325876711021E-014   9.4849244514297661E-016  -7.2856768638729300E-016  -1.2391653284381043E-015   2.0033606162393317E-014  -2.0146414393374942E-015   8.4784946284543811E-016   1.1177707716591128E-015 -0.23961232057880130       -4.1699262586711888E-016  -4.4088403717801985E-016  0.47922464115770047        2.3304409007474180E-015 -0.23961232057886744        1.1500636058526951E-015  -1.8613241368658884E-015  -4.7170406301792812E-016  -9.6134855009016156E-014  -2.5266048767949939E-016  -4.0439440383477269E-015   2.2792626903189402E-015 -0.70873295965344341       -8.7335873125452075E-016  -3.4190451034611977E-015   1.4174659193075185        1.6523766269096759E-015 -0.70873295965352645       -3.8965531964198959E-013   6.8825585401025904E-016   6.8297222413364379E-016   1.6413790224198019E-015   1.0877452452961297E-013  -6.6446802895953688E-014   3.7196633362555141E-014   8.7059335652725071E-017   7.6841248878752815E-017   2.5203596457632902E-016   5.7199830998739264E-015
   1.0003410300091250E-015  -9.1415989950281200E-016  -1.1456353699038247E-015   7.4168385206704422E-017  -2.2730714303511924E-015   2.9778806400358626E-017   2.9266715838579850E-015   6.0757137325250051E-017   2.5753571139056470E-015   2.7029429056312162E-016  -2.3419694401183553E-015  -7.4940477678664584E-016   1.0534785934226931E-015  -9.4011059203143309E-016   1.9481359681361667E-015  0.47922464115762536        1.2909819731518160E-016  -1.6457072717249463E-015   1.2084370359866833E-016   4.7401149584735466E-016  -7.6572692446270999E-015   8.2174588363836045E-016  -2.5746892622668686E-016  -1.3960474576768702E-015   5.2769474987585510E-015   9.5291693610052907E-016  -3.2666930988858137E-015   1.6523766269096759E-015   1.4174659193071906        6.0396286699606628E-015  -1.7640269009534604E-015  -1.0488083994312158E-015   6.9002239515450815E-016   3.3141511197024713E-016  -1.2667878563551000E-015   9.2651871203901587E-016   7.0326003546633917E-016  -1.4202553441445086E-016   8.1637818839267270E-017   3.5192078805421331E-017   2.4129869418384513E-016
   5.9339471255869983E-016   1.1601624752728649E-015   4.1468941469129097E-016  -3.2252339759080162E-015  -1.6095079964248492E-015  -1.1368610207347761E-015   4.9752596462058035E-016   1.2314589193769482E-013   3.8174311748866407E-016   1.3405396163656629E-015  -2.4978654122842281E-015 -0.23961232057883292        5.8532602457403692E-016  -7.3261446618970319E-016 -0.23961232057876725        8.4747912185933606E-016  0.47922464115758751       -6.6152052826186762E-016  -1.8043338695589439E-015   1.4314004029893504E-015  -5.6931223971274593E-015   9.2691924027472537E-016  -4.4471270535413708E-015   3.2368987704192003E-015 -0.70873295965373173        1.4329679885173837E-015  -2.9158245235621307E-015 -0.70873295965352645        6.0396286699606628E-015   1.4174659193067982        5.3499929452599814E-013  -6.5334822039505787E-016   8.0370770681121263E-016  -6.3426906524275924E-016  -3.3783453224828793E-013   2.9987525142262075E-014   5.5219676572765844E-015  -9.4205430212912896E-017   8.6323621124788328E-017  -5.6370552615388500E-017   8.7948586329639671E-015
   1.4060325393116211E-015   7.7585523551830609E-016  -7.5769269838062170E-016 -0.18695114452647091        1.9426705208988447E-015  -8.0730983372137670E-016   1.5932062186225286E-015 -0.35832731858448486       -2.0363384782655893E-015   3.3220307903327063E-015  -6.1232302195121659E-015  -2.6627592738770141E-014   1.3171168127674425E-016   1.4783887264053545E-016  -1.1610283116075923E-013  -6.4209303607596909E-016   1.7715019623764812E-013   3.0946416815669442E-015  -4.1494873819068148E-015   4.5580238045320524E-015   1.0385665370779025       -3.5879690298629701E-015  -4.3643238328338589E-015  -2.4969721646200649E-015  -9.5443407630701583E-014   1.4110021427709206E-016   1.7256845889483150E-016  -3.8965531964198959E-013  -1.7640269009534604E-015   5.3499929452599814E-013  0.72928548774351964        1.0306484807832085E-014   7.5696774205875997E-015  -2.9043159232473362E-015 -0.58723981094097144      -0.37392389519610647       0.15698652784278672        1.4518633396424796E-015   1.0133292319464963E-015  -4.4860151893518091E-016   4.9053772422817880E-002
   6.0787141181306001E-002   9.3136683576558908E-016   3.3209532309819652E-015  -3.7527973908744241E-015   6.5872034666733498E-002  -5.9766912025829289E-015  -3.2138107320530467E-015   1.6616781426120267E-016   1.3887230210883674E-002   5.7194774287036452E-015   2.4381232111272598E-015   1.4345872032988751E-016  -4.9894413592625940E-016  -1.0282756154544947E-015  -1.7518477011161025E-017  -8.3025460376039215E-016   9.7141594339493711E-017 -0.24035495161250972       -3.5670889214525757E-015   1.5674892436910471E-015  -3.2578773444061002E-015 -0.71758403915486690        4.1236927642900473E-015  -5.9072823130514832E-015  -3.5588461749654497E-016  -3.8975107356559965E-016   5.2784371499309829E-016   6.8825585401025904E-016  -1.0488083994312158E-015  -6.5334822039505787E-016   1.0306484807832085E-014   2.0640576665929631       -1.2663009139265075E-015   4.1773327147651079E-015  -1.1366033211893477E-014   5.2172958216321459E-015   7.1785307849845608E-016  0.29007791700405294        2.0431418541621704E-016   3.4746011474381087E-016   6.7688743692337454E-016
  -4.1349583658690312E-015   6.0787141181310782E-002   4.8363242443437361E-016   2.2214393871422750E-015   1.6838311581075120E-015   6.5872034666738410E-002   3.2674496159377611E-015  -6.2959435264987060E-015   4.8832870544516520E-015   1.3887230210852818E-002  -5.7137346620914758E-016   5.7270610264920496E-016  -4.5052052855410215E-016  -1.6731854862962909E-016  -4.2225436263645150E-016  -2.9923353608078577E-016  -1.1959653423123350E-016  -3.6021473486776964E-015 -0.24035495161248902       -3.5998458744731740E-016  -4.7268568987183292E-015   2.0178137089753179E-016 -0.71758403915487501       -2.7997238070252926E-016   2.4932720954678959E-015  -7.9384457545796981E-016   8.7817118735975474E-016   6.8297222413364379E-016   6.9002239515450815E-016   8.0370770681121263E-016   7.5696774205875997E-015  -1.2663009139265075E-015   2.0640576665929533        2.2554439657185832E-015  -1.2835023573063173E-015  -3.5256848671940798E-015   4.9077936450699603E-016   1.7080249802636828E-016  0.29007791700405161        4.8770782622346843E-016  -1.8925047435129047E-016
  -4.9098631052141196E-015  -4.6339018144413645E-015   6.0787141181308790E-002   1.0114144356188730E-015   1.3397253973087496E-014   1.4070114054234165E-014   6.5872034666738827E-002   1.0651667439486227E-015  -1.7096026598710932E-014  -1.9629415637134471E-014   1.3887230210870781E-002   1.7206586698400637E-015  -2.4214504083699537E-015   8.8111031015961366E-016  -1.0051670323425683E-015   1.7124971156479904E-016   6.4287099891949399E-017   1.2655218850574377E-014   1.5221052423881537E-014 -0.24035495161249820       -1.2212048052337246E-015  -5.8622043489759115E-015  -5.8739172931810969E-015 -0.71758403915486924        1.7908385034288604E-015   2.7602377693007143E-015  -1.9680673626795863E-015   1.6413790224198019E-015   3.3141511197024713E-016  -6.3426906524275924E-016  -2.9043159232473362E-015   4.1773327147651079E-015   2.2554439657185832E-015   2.0640576665929542        8.8286375097226271E-016   3.3842543941258492E-016  -4.7549034232974252E-016   5.9114669381550430E-016  -1.2061210515341594E-016  0.29007791700405217       -3.7168210645776542E-016
  -3.8321572383033543E-015   1.4721509250850003E-015  -7.8078168071892516E-017  0.13974535665142634        1.8728436176451954E-015  -4.1783575588742536E-015  -4.4804091322940408E-016  0.25961516024965170       -3.2877881036871527E-016   1.5125895392429346E-015   4.6035526599506961E-015   3.2070752730736365E-014  -2.7322073210144710E-016   2.0745034841521225E-016   3.9907717012592244E-014  -3.0670430275167596E-016  -9.6706057662610062E-014  -2.4557037344538919E-015   9.5856057794978998E-016  -3.4430564382238389E-015 -0.93783005395427776        5.9383836653309360E-015   4.4544055761834102E-015   1.3323364713960232E-015   5.5517931293994487E-014  -3.4336141737371137E-016   1.4126527093822377E-016   1.0877452452961297E-013  -1.2667878563551000E-015  -3.3783453224828793E-013 -0.58723981094097144       -1.1366033211893477E-014  -1.2835023573063173E-015   8.8286375097226271E-016   1.2124287483258036        1.0273274431743342      -0.60551406762942395       -1.5050352169130977E-015  -2.7065512780326435E-016   3.4746420252885778E-016 -0.20722683115294832     
  -3.2491101125902942E-015   1.6993930702019287E-015  -4.0022154694799423E-016   8.7976525694192689E-002   2.4901060127642464E-015  -4.1306269162780000E-015  -1.0567957123140718E-016  0.16162417145589933       -9.0111710311754089E-016   2.2710891627729452E-015   2.8243153603646941E-015  -2.5747154684493388E-014  -4.9865915821592761E-016   8.3897730627033752E-017  -1.5213942087613125E-014   4.1754572408335470E-016   2.6434043106952927E-014  -2.2078383596387004E-015  -9.1800115814186231E-016  -2.2066672561807612E-015 -0.63347500650678434        2.9698229726235621E-015   4.4661393255110158E-016   5.6549619565536149E-016  -1.1932268427277663E-013  -1.1105971540523921E-015  -2.7981901843370090E-016  -6.6446802895953688E-014   9.2651871203901587E-016   2.9987525142262075E-014 -0.37392389519610647        5.2172958216321459E-015  -3.5256848671940798E-015   3.3842543941258492E-016   1.0273274431743342       0.90517378689319694      -0.53536246341270899        8.3111012370109485E-016  -6.2979454311882430E-016   2.5707788527764321E-016 -0.18041618634218418     
   2.6544916598318263E-015  -6.1772636342380935E-015   3.2576931363376208E-016  -3.8441834696514084E-002  -5.9212658700010480E-016   1.1630752654086248E-014  -2.6439254808242843E-015  -7.0357416088844202E-002  -3.7957762839849981E-015  -1.0811637303571434E-014   3.9888672349814422E-015   4.3552756488482907E-015   5.5424244780143298E-016  -2.2383852959150305E-016   8.8366043092333133E-015   1.1212496399814803E-016  -5.3063511452587366E-015   5.8476530164617732E-015   4.1533405860398753E-015  -4.4304764414982433E-015  0.29047360666407401       -4.0298142817462090E-015  -6.5208436174327260E-016   2.6210129141130946E-015   3.3717282808576582E-014   5.5974502249115064E-016   1.6355700897116333E-016   3.7196633362555141E-014   7.0326003546633917E-016   5.5219676572765844E-015  0.15698652784278672        7.1785307849845608E-016   4.9077936450699603E-016  -4.7549034232974252E-016 -0.60551406762942395      -0.53536246341270899        1.2208717658552228       -6.6729634389030038E-016  -6.7133304131959723E-017  -1.1864316022083157E-016  0.64905775583519565     
