  0.20032631790541564       -3.2928207473504102E-018  -2.9135218702854368E-016  -1.9295208271680568E-016  0.15492429172186811       -2.0310133373810869E-017  -2.3405062293802731E-016  -4.2039159085697330E-016   6.7985198429706711E-002  -1.8049862927322478E-017  -1.3029293177271921E-016  -5.2345983520011609E-002  -3.0905402625884562E-016   1.0352479032994882E-016  -5.7076125459802192E-016  -6.5081705446688744E-016  -2.7744135315948892E-002  -1.7707566766586814E-016   5.6674612747162681E-017   1.9849520068517296E-015   1.1796108266124604E-015
  -3.2928207473504102E-018  0.20032631790541705        2.3804507874501526E-017   1.0610242444071944E-015  -5.0891736965736779E-017  0.15492429172186689        1.6011639657530611E-016   1.2969642691638708E-015   3.5452917627039596E-017   6.7985198429707197E-002  -2.6200178968329370E-017   5.6844351532315488E-016  -5.2345983520011685E-002  -1.0724017594506370E-015  -4.8061412432194199E-016  -2.0042373083139407E-016   3.2700062064961880E-016  -2.7744135315948947E-002  -6.1568930416587039E-016  -1.1005260049833147E-015  -7.2905377465578784E-016
  -2.9135218702854368E-016   2.3804507874501526E-017  0.20032631790541422       -8.2919961323831338E-016  -2.4999964577066640E-016   6.5824354886934447E-017  0.15492429172186606       -1.1093614704028431E-015  -2.6017915427896212E-016  -2.4258753397056773E-017   6.7985198429705129E-002  -1.0168610944151542E-015  -7.0506518280187233E-016  -5.2345983520012657E-002  -1.2964451049308257E-015  -1.4879020982514026E-015  -5.9494492189987896E-016  -4.0854160444494542E-016  -2.7744135315949540E-002   6.5112470070006964E-016   1.9341253463625588E-016
  -1.9295208271680568E-016   1.0610242444071944E-015  -8.2919961323831338E-016  0.54911430894069679        1.6159292939300915E-016  -1.6758935910465860E-016  -1.9703988317564281E-016  0.67302221668823503       -2.4350568152492673E-016   4.1019483937046763E-016  -7.4324750940745428E-016   5.3937192119485663E-016   1.9575980411621185E-016  -1.4027453806694380E-015 -0.37355890593965524      -0.21022093953690651        2.8627203292736899E-016   1.6806786956394612E-016  -8.7235203953659085E-016   9.4784951405598283E-002   3.4038405136201183E-002
  0.15492429172186811       -5.0891736965736779E-017  -2.4999964577066640E-016   1.6159292939300915E-016  0.11985722158780808       -5.3017350749249955E-017  -2.0831966410225572E-016   1.7925499232512605E-016   5.2156794914408972E-002   1.8370390727331540E-017  -1.3414549018265551E-016  -4.7109726392912825E-002   5.5200794388934000E-016  -4.1918562946094024E-016   8.9284318315418869E-016   8.2030806281201605E-016  -2.5258992815804952E-002   3.1607200745252488E-016  -2.4084773932574803E-016  -3.1368193842908480E-015  -1.8933349167896061E-015
  -2.0310133373810869E-017  0.15492429172186689        6.5824354886934447E-017  -1.6758935910465860E-016  -5.3017350749249955E-017  0.11985722158780544        1.5170164712156997E-016  -1.4914892642203840E-016  -2.3717509269901783E-017   5.2156794914408333E-002   2.0810541274307822E-017  -3.4934762178760558E-016  -4.7109726392915760E-002  -5.0898895588383907E-016   9.3067325767047245E-016   8.9843280936774906E-016  -1.9624234463696119E-016  -2.5258992815806673E-002  -2.9109799539135173E-016   1.2707523859188655E-015   9.4849597806216917E-016
  -2.3405062293802731E-016   1.6011639657530611E-016  0.15492429172186606       -1.9703988317564281E-016  -2.0831966410225572E-016   1.5170164712156997E-016  0.11985722158780573       -8.6250627508022574E-017  -9.5669199430446943E-017   8.2645206082116887E-017   5.2156794914407625E-002   9.3184999144602321E-016   3.7865927633723205E-016  -4.7109726392910820E-002   1.8614652342764050E-015   1.8205412331028660E-015   5.2720761769862943E-016   2.1554033708214887E-016  -2.5258992815803852E-002   1.9251755482345087E-015   1.5056928966823460E-015
  -4.2039159085697330E-016   1.2969642691638708E-015  -1.1093614704028431E-015  0.67302221668823503        1.7925499232512605E-016  -1.4914892642203840E-016  -8.6250627508022574E-017  0.82881714523485528       -4.3897026899868511E-016   4.5505606603081880E-016  -7.1594520158348967E-016  -2.4103336590819848E-016  -5.4374249290763251E-016   2.1158372033143145E-015 -0.40812106679755622      -0.20900999542090234       -1.7388577212444060E-016  -2.6661221002957405E-016   1.0862314367162283E-015   8.9909950181102802E-002   3.2019705257289241E-002
   6.7985198429706711E-002   3.5452917627039596E-017  -2.6017915427896212E-016  -2.4350568152492673E-016   5.2156794914408972E-002  -2.3717509269901783E-017  -9.5669199430446943E-017  -4.3897026899868511E-016   2.6994111427031946E-002  -3.4314420835622733E-017  -1.6115299453370271E-016   4.4088588086560340E-002  -8.4564790721302614E-016   1.3509190832894507E-016  -3.1155348367154425E-016  -3.7222670866408248E-016   2.6075537692516512E-002  -4.8179368153354246E-016   5.5423589200274881E-017   2.1414337002526476E-015   1.3189834457319518E-015
  -1.8049862927322478E-017   6.7985198429707197E-002  -2.4258753397056773E-017   4.1019483937046763E-016   1.8370390727331540E-017   5.2156794914408333E-002   8.2645206082116887E-017   4.5505606603081880E-016  -3.4314420835622733E-017   2.6994111427032189E-002   1.5620542656015763E-017   3.2412287473969267E-016   4.4088588086561131E-002   7.7567003322377045E-016  -9.8368791875745281E-017  -1.1089288283864538E-016   1.5086196774128153E-016   2.6075537692516963E-002   4.3818367849474831E-016  -1.1956869156441941E-015  -7.8235740672064648E-016
  -1.3029293177271921E-016  -2.6200178968329370E-017   6.7985198429705129E-002  -7.4324750940745428E-016  -1.3414549018265551E-016   2.0810541274307822E-017   5.2156794914407625E-002  -7.1594520158348967E-016  -1.6115299453370271E-016   1.5620542656015763E-017   2.6994111427029999E-002  -1.3613614554598202E-015  -7.9166903858478184E-016   4.4088588086552444E-002  -3.7860402207790079E-016  -5.2899145108795996E-016  -7.9931446825646421E-016  -4.5342076007234125E-016   2.6075537692511905E-002  -2.5235895657673559E-015  -1.7052894313159928E-015
  -5.2345983520011609E-002   5.6844351532315488E-016  -1.0168610944151542E-015   5.3937192119485663E-016  -4.7109726392912825E-002  -3.4934762178760558E-016   9.3184999144602321E-016  -2.4103336590819848E-016   4.4088588086560340E-002   3.2412287473969267E-016  -1.3613614554598202E-015  0.98920452586502150        4.9867003656786122E-016   4.8295999296037140E-016  -2.1529095877774106E-017  -2.4622647078642130E-017  0.56700141520470326        3.3874135757037207E-016  -3.9374617721966014E-017  -5.2841386440648515E-016  -3.5998993573020414E-016
  -3.0905402625884562E-016  -5.2345983520011685E-002  -7.0506518280187233E-016   1.9575980411621185E-016   5.5200794388934000E-016  -4.7109726392915760E-002   3.7865927633723205E-016  -5.4374249290763251E-016  -8.4564790721302614E-016   4.4088588086561131E-002  -7.9166903858478184E-016   4.9867003656786122E-016  0.98920452586502405        6.2279671514999094E-016   4.7996303777037099E-016  -1.1101695219670749E-015  -2.7290071012548743E-016  0.56700141520470460        2.4847192699187992E-016   1.8960811337790989E-015   1.0503819406387195E-015
   1.0352479032994882E-016  -1.0724017594506370E-015  -5.2345983520012657E-002  -1.4027453806694380E-015  -4.1918562946094024E-016  -5.0898895588383907E-016  -4.7109726392910820E-002   2.1158372033143145E-015   1.3509190832894507E-016   7.7567003322377045E-016   4.4088588086552444E-002   4.8295999296037140E-016   6.2279671514999094E-016  0.98920452586502716       -2.9541264159307262E-016   8.4945112301807880E-016   6.0898066810495526E-017   3.8682625330352420E-016  0.56700141520470571        1.0245548604343089E-015   7.8289803732547657E-016
  -5.7076125459802192E-016  -4.8061412432194199E-016  -1.2964451049308257E-015 -0.37355890593965524        8.9284318315418869E-016   9.3067325767047245E-016   1.8614652342764050E-015 -0.40812106679755622       -3.1155348367154425E-016  -9.8368791875745281E-017  -3.7860402207790079E-016  -2.1529095877774106E-017   4.7996303777037099E-016  -2.9541264159307262E-016  0.88414422003456450       0.75903835231730776       -7.3096001244218278E-017  -4.2191298906510165E-017  -6.9248635215789410E-016 -0.41123814499586542      -0.15509945259407121     
  -6.5081705446688744E-016  -2.0042373083139407E-016  -1.4879020982514026E-015 -0.21022093953690651        8.2030806281201605E-016   8.9843280936774906E-016   1.8205412331028660E-015 -0.20900999542090234       -3.7222670866408248E-016  -1.1089288283864538E-016  -5.2899145108795996E-016  -2.4622647078642130E-017  -1.1101695219670749E-015   8.4945112301807880E-016  0.75903835231730776       0.68310122418795516       -7.5277869903193345E-017  -9.4034381080080516E-016  -5.4376212006072493E-017 -0.36025670367442636      -0.13230462650067237     
  -2.7744135315948892E-002   3.2700062064961880E-016  -5.9494492189987896E-016   2.8627203292736899E-016  -2.5258992815804952E-002  -1.9624234463696119E-016   5.2720761769862943E-016  -1.7388577212444060E-016   2.6075537692516512E-002   1.5086196774128153E-016  -7.9931446825646421E-016  0.56700141520470326       -2.7290071012548743E-016   6.0898066810495526E-017  -7.3096001244218278E-017  -7.5277869903193345E-017  0.32502497884984782       -1.2638733895128058E-016  -1.4677375881020474E-016   4.3976223635203689E-017   7.4464142283418642E-018
  -1.7707566766586814E-016  -2.7744135315948947E-002  -4.0854160444494542E-016   1.6806786956394612E-016   3.1607200745252488E-016  -2.5258992815806673E-002   2.1554033708214887E-016  -2.6661221002957405E-016  -4.8179368153354246E-016   2.6075537692516963E-002  -4.5342076007234125E-016   3.3874135757037207E-016  0.56700141520470460        3.8682625330352420E-016  -4.2191298906510165E-017  -9.4034381080080516E-016  -1.2638733895128058E-016  0.32502497884984866        1.5942292973414268E-016   7.8427839419504386E-016   3.6308342977463817E-016
   5.6674612747162681E-017  -6.1568930416587039E-016  -2.7744135315949540E-002  -8.7235203953659085E-016  -2.4084773932574803E-016  -2.9109799539135173E-016  -2.5258992815803852E-002   1.0862314367162283E-015   5.5423589200274881E-017   4.3818367849474831E-016   2.6075537692511905E-002  -3.9374617721966014E-017   2.4847192699187992E-016  0.56700141520470571       -6.9248635215789410E-016  -5.4376212006072493E-017  -1.4677375881020474E-016   1.5942292973414268E-016  0.32502497884984893        2.4751892948377748E-016   1.4987707390164719E-016
   1.9849520068517296E-015  -1.1005260049833147E-015   6.5112470070006964E-016   9.4784951405598283E-002  -3.1368193842908480E-015   1.2707523859188655E-015   1.9251755482345087E-015   8.9909950181102802E-002   2.1414337002526476E-015  -1.1956869156441941E-015  -2.5235895657673559E-015  -5.2841386440648515E-016   1.8960811337790989E-015   1.0245548604343089E-015 -0.41123814499586542      -0.36025670367442636        4.3976223635203689E-017   7.8427839419504386E-016   2.4751892948377748E-016   1.0437818721912280       0.61855839236343668     
   1.1796108266124604E-015  -7.2905377465578784E-016   1.9341253463625588E-016   3.4038405136201183E-002  -1.8933349167896061E-015   9.4849597806216917E-016   1.5056928966823460E-015   3.2019705257289241E-002   1.3189834457319518E-015  -7.8235740672064648E-016  -1.7052894313159928E-015  -3.5998993573020414E-016   1.0503819406387195E-015   7.8289803732547657E-016 -0.15509945259407121      -0.13230462650067237        7.4464142283418642E-018   3.6308342977463817E-016   1.4987707390164719E-016  0.61855839236343668       0.37838987658704826     
