 1.3690780949350423E-001  8.4665402822736646E-017 -1.2327092827541579E-016 -4.9025403669865491E-015  6.9045089516442115E-002 -6.6935432023765410E-018 -1.4823034225300785E-016 -5.8020516519604410E-015  2.4035011075349742E-017 -3.7040875399134646E-018  1.1527305794251571E-018  2.6563582039799597E-017  3.5171283746288141E-018  2.1013173054864525E-017  3.9793959285392054E-002 -1.8615028994414136E-017  2.2519726155466705E-016 -2.1227318230787301E-002 -7.6367819568081925E-016  5.2322512641972918E-015  1.2538019716033238E-014  1.1295950819695610E-014 -1.2248729991483747E-002 -4.7885791868559161E-016  3.2864065201834322E-015 -1.2294597501754382E-014 -6.4112027535599423E-015
 8.4665402822736646E-017  1.3690780949349995E-001 -5.8477542613150759E-017 -3.2904401693560797E-016  3.0244163994248982E-017  6.9045089516440658E-002  4.4220295311424822E-017 -4.7134683435875423E-016  2.7584391522018433E-017 -2.4041835775424237E-019 -3.4262109586817961E-019  2.8380139498276099E-017 -1.0321309572965675E-018  2.6983463825608708E-017  7.9651157441741918E-018  3.9793959285390527E-002  2.6102997707967701E-019 -5.0803944143923597E-016 -2.1227318230793057E-002  7.1692064938357556E-019  1.4754191525916800E-016  2.0010009712475295E-017 -3.1846457626661841E-016 -1.2248729991487409E-002  2.1777982216393170E-018 -5.4839820210246511E-016 -3.5373286009290214E-016
-1.2327092827541579E-016 -5.8477542613150759E-017  1.3690780949350539E-001  2.4382801187577468E-016 -8.8646233094752986E-018 -4.8011711902020744E-017  6.9045089516442226E-002  7.3523991913806662E-016 -1.2379680585023221E-016 -4.2437386615736606E-018 -1.2527111177229186E-018 -1.1074832282391412E-016 -3.1754524797642119E-018 -1.1421041473006007E-016 -1.1621800256098117E-016  5.3573170519609511E-017  3.9793959285392082E-002 -1.6231048623194159E-015  1.2505086832142979E-015 -2.1227318230789848E-002 -7.7718916804127244E-016 -5.4040500501500261E-016 -1.0180658399638847E-015  7.8708035227426183E-016 -1.2248729991485362E-002  5.3410864785814055E-016  2.6967477033384710E-016
-4.9025403669865491E-015 -3.2904401693560797E-016  2.4382801187577468E-016  4.9154957759345980E-001  4.2891216728490290E-015  4.6707397772088883E-016  6.8714247888913308E-016  6.4358665211126997E-001 -3.0854681089294371E-014  6.2221358312878412E-016 -2.6219055000717186E-016 -3.1514303163233362E-014 -1.8049528339076343E-016 -3.1612486277176456E-014 -1.5468936994098365E-015 -4.2408879108580666E-016 -7.5911084140983327E-017 -9.8649919869805164E-016 -2.2282351159243949E-015 -2.3063390253014164E-015 -3.1898191050318275E-001 -1.8092424674380431E-001 -7.7225512904458999E-016 -1.4963592959089820E-015 -1.4290742759126010E-015  7.8985856474394212E-002  2.8844195853375151E-002
 6.9045089516442115E-002  3.0244163994248982E-017 -8.8646233094752986E-018  4.2891216728490290E-015  3.4889346522433522E-002 -3.6608744026589982E-017  8.5465624374312888E-019  4.4386504497689509E-015  1.2805695608943669E-017 -3.1693124557906685E-018  2.5948630600794242E-018  1.3738119757773457E-017  4.1888573622352814E-018  8.4159679254829871E-018  1.9681870602490600E-002  7.4701816967982115E-017 -3.1267035401759572E-016 -1.8716430221006143E-002  1.3870551771141744E-015 -6.5451116748597256E-015 -1.6932778498436211E-014 -1.6003751130299798E-014 -1.1210137668812254E-002  8.7220365020185066E-016 -4.1104272763265616E-015  1.8880435003937916E-014  1.0014207405532595E-014
-6.6935432023765410E-018  6.9045089516440658E-002 -4.8011711902020744E-017  4.6707397772088883E-016 -3.6608744026589982E-017  3.4889346522433085E-002  1.1919923367021746E-017  4.5700165072042419E-016  2.0360598458046896E-017 -4.9254662115430051E-018 -4.2134199691909030E-018  3.0546986189205151E-017 -3.8743205684248738E-018  2.0779378093896690E-017  6.2125755695125345E-017  1.9681870602490159E-002  8.9792867681946838E-017  1.1243700762921446E-015 -1.8716430221006216E-002  1.9351092788333829E-015 -1.0424272500620275E-015 -9.5370132847565415E-016  7.0783001737536856E-016 -1.1210137668812285E-002  1.2131314765603529E-015  2.2288495529545523E-015  1.3134371323002313E-015
-1.4823034225300785E-016  4.4220295311424822E-017  6.9045089516442226E-002  6.8714247888913308E-016  8.5465624374312888E-019  1.1919923367021746E-017  3.4889346522433404E-002  1.2591032788044130E-015 -7.4135529689668405E-017 -9.6383436311283902E-018 -1.0354771968928268E-018 -8.0827347427445525E-017 -8.9042668253127187E-018 -7.6100537332099334E-017  6.5695875389061863E-017 -2.7934995235055188E-017  1.9681870602490322E-002  2.6798225097323124E-015 -1.1776195743222715E-015 -1.8716430221010317E-002  1.0994113965504022E-015  1.4152510552370449E-015  1.6755802474676591E-015 -7.4097273868182032E-016 -1.1210137668814926E-002 -2.0919134325301265E-015 -1.1537420666953079E-015
-5.8020516519604410E-015 -4.7134683435875423E-016  7.3523991913806662E-016  6.4358665211126997E-001  4.4386504497689509E-015  4.5700165072042419E-016  1.2591032788044130E-015  8.4632950681842101E-001 -4.2437791470784634E-014  8.0941871963643450E-016 -2.6835183233025866E-016 -4.3346042277960156E-014 -2.6302766082204279E-016 -4.3596134383643651E-014 -1.2594412872858540E-015 -7.5461125975597857E-017 -1.0110803690954653E-016  1.7112694107323483E-015  6.2459914022005126E-015 -3.7326746760683093E-015 -3.7069857105174531E-001 -1.8854141251211304E-001  9.9927504782441219E-016  3.8325367992240326E-015 -2.3143055233532828E-015  7.8872612605697140E-002  2.8631820148596429E-002
 2.4035011075349742E-017  2.7584391522018433E-017 -1.2379680585023221E-016 -3.0854681089294371E-014  1.2805695608943669E-017  2.0360598458046896E-017 -7.4135529689668405E-017 -4.2437791470784634E-014  3.0785886276427673E-027 -3.7924913726198906E-029 -2.3980869434742790E-029  3.1484898717685458E-027  2.5145865134730949E-029  3.2174260135979960E-027  3.1288162791236784E-018 -2.8330058474542287E-017  2.9971815591621554E-017 -8.3585432272560569E-017 -7.5680450469880627E-016  1.3846931821106562E-015 -5.9479734761744897E-015 -1.5431873138934328E-014 -5.2320682570191320E-017 -4.7523414343154827E-016  8.6893357701973995E-016  5.9291244030610063E-015  1.4939499005887874E-015
-3.7040875399134646E-018 -2.4041835775424237E-019 -4.2437386615736606E-018  6.2221358312878412E-016 -3.1693124557906685E-018 -4.9254662115430051E-018 -9.6383436311283902E-018  8.0941871963643450E-016 -3.7924913726198906E-029  2.7476706952257392E-030 -5.6104803812658213E-031 -3.8106896771688476E-029  1.3743423298881694E-030 -3.7305890463607631E-029  6.2572617805835638E-018  2.7006404551780528E-017  4.1025617625594389E-017  1.5241189303825387E-016  5.6061174620245085E-016  8.7557046937813716E-016 -4.8447617892375887E-016 -2.9884110313582775E-016  9.5721495498886651E-017  3.5219555997873615E-016  5.5003273634691599E-016  9.4394159548959944E-016  5.7320756479032545E-016
 1.1527305794251571E-018 -3.4262109586817961E-019 -1.2527111177229186E-018 -2.6219055000717186E-016  2.5948630600794242E-018 -4.2134199691909030E-018 -1.0354771968928268E-018 -2.6835183233025866E-016 -2.3980869434742790E-029 -5.6104803812658213E-031  2.1834321376101293E-030 -2.4948692445264737E-029 -4.4385912684664006E-031 -2.7362743619340748E-029 -1.1013021433862510E-017  2.2673157295627123E-017  1.9111817372147964E-018 -2.3512389116578994E-016  4.7152914105803065E-016  4.7300909537444366E-017  1.1332790392217277E-015  1.0812562891941764E-015 -1.4770455435494844E-016  2.9622969195606452E-016  2.9706270807629218E-017 -9.7220038179810572E-016 -4.7993832743771871E-016
 2.6563582039799597E-017  2.8380139498276099E-017 -1.1074832282391412E-016 -3.1514303163233362E-014  1.3738119757773457E-017  3.0546986189205151E-017 -8.0827347427445525E-017 -4.3346042277960156E-014  3.1484898717685458E-027 -3.8106896771688476E-029 -2.4948692445264737E-029  3.2238228692696997E-027  2.6497398967417686E-029  3.2916505810655685E-027  5.7956642024921678E-018 -8.3246866153486030E-017  1.0856698180656480E-016 -4.3980611412957200E-017 -1.8986878310761779E-015  2.9313444716347987E-015 -6.0856514127997016E-015 -1.5774780531945026E-014 -2.7419361224257174E-017 -1.1926020508003427E-015  1.8407019295126896E-015  5.9306266592007250E-015  1.4429708766736685E-015
 3.5171283746288141E-018 -1.0321309572965675E-018 -3.1754524797642119E-018 -1.8049528339076343E-016  4.1888573622352814E-018 -3.8743205684248738E-018 -8.9042668253127187E-018 -2.6302766082204279E-016  2.5145865134730949E-029  1.3743423298881694E-030 -4.4385912684664006E-031  2.6497398967417686E-029  1.7186035015116096E-030  2.7662069595166785E-029 -1.2589092021714211E-017  1.8601800906445269E-017  4.0235312595080519E-017 -2.8234902214529409E-016  3.9149391973076178E-016  8.5261407101966230E-016 -2.3381147038752538E-016 -2.8501567176834422E-016 -1.7735439121646112E-016  2.4594306877179923E-016  5.3561914239871427E-016  7.5456776551876534E-016  4.4763458348189921E-016
 2.1013173054864525E-017  2.6983463825608708E-017 -1.1421041473006007E-016 -3.1612486277176456E-014  8.4159679254829871E-018  2.0779378093896690E-017 -7.6100537332099334E-017 -4.3596134383643651E-014  3.2174260135979960E-027 -3.7305890463607631E-029 -2.7362743619340748E-029  3.2916505810655685E-027  2.7662069595166785E-029  3.3661920088033290E-027  1.8401730376897449E-017 -3.2572962668615088E-017  7.1080342294968420E-017  2.5127083899392248E-016 -8.4093816844432739E-016  2.1766097474105319E-015 -7.5860635372788553E-015 -1.7335997076856193E-014  1.5802467803334767E-016 -5.2809485955100027E-016  1.3665215856086153E-015  7.5385693194664641E-015  2.2652585776414064E-015
 3.9793959285392054E-002  7.9651157441741918E-018 -1.1621800256098117E-016 -1.5468936994098365E-015  1.9681870602490600E-002  6.2125755695125345E-017  6.5695875389061863E-017 -1.2594412872858540E-015  3.1288162791236784E-018  6.2572617805835638E-018 -1.1013021433862510E-017  5.7956642024921678E-018 -1.2589092021714211E-017  1.8401730376897449E-017  1.3747403946267259E-002 -5.6878673142235456E-017  1.3864235280654919E-016  3.8980137969154283E-002 -9.2758868461240581E-016  3.6795653329809113E-015  9.2805764922851735E-015  9.0569097273242161E-015  2.4804765927142418E-002 -5.8510040149711532E-016  2.3014359515347333E-015 -1.1511007913178525E-014 -6.1978693212322930E-015
-1.8615028994414136E-017  3.9793959285390527E-002  5.3573170519609511E-017 -4.2408879108580666E-016  7.4701816967982115E-017  1.9681870602490159E-002 -2.7934995235055188E-017 -7.5461125975597857E-017 -2.8330058474542287E-017  2.7006404551780528E-017  2.2673157295627123E-017 -8.3246866153486030E-017  1.8601800906445269E-017 -3.2572962668615088E-017 -5.6878673142235456E-017  1.3747403946267018E-002 -5.1548498212062893E-017 -3.8859097773509637E-016  3.8980137969155691E-002 -1.3020072094393782E-015  6.9265711379414162E-016  7.6379555408761306E-016 -2.5269109787751493E-016  2.4804765927143101E-002 -7.9830145036499757E-016 -1.8577757729954216E-015 -1.1011916382710089E-015
 2.2519726155466705E-016  2.6102997707967701E-019  3.9793959285392082E-002 -7.5911084140983327E-017 -3.1267035401759572E-016  8.9792867681946838E-017  1.9681870602490322E-002 -1.0110803690954653E-016  2.9971815591621554E-017  4.1025617625594389E-017  1.9111817372147964E-018  1.0856698180656480E-016  4.0235312595080519E-017  7.1080342294968420E-017  1.3864235280654919E-016 -5.1548498212062893E-017  1.3747403946267375E-002 -6.7112114476840408E-016  8.2141529818326971E-017  3.8980137969155379E-002 -1.2802168290570869E-015 -1.3110513160552547E-015 -3.7350764842118661E-016  6.6093501440303982E-017  2.4804765927143309E-002  1.7162255485111304E-015  9.2808827639527443E-016
-2.1227318230787301E-002 -5.0803944143923597E-016 -1.6231048623194159E-015 -9.8649919869805164E-016 -1.8716430221006143E-002  1.1243700762921446E-015  2.6798225097323124E-015  1.7112694107323483E-015 -8.3585432272560569E-017  1.5241189303825387E-016 -2.3512389116578994E-016 -4.3980611412957200E-017 -2.8234902214529409E-016  2.5127083899392248E-016  3.8980137969154283E-002 -3.8859097773509637E-016 -6.7112114476840408E-016  9.3805781667816912E-001  3.9365114538545158E-016 -6.5377391000731102E-016 -2.9408906402285604E-015 -1.4470371311337119E-015  5.8915479487436739E-001  1.9173424782325268E-016 -6.1159844549816448E-016  3.3294086430070132E-015  1.9203411640836826E-015
-7.6367819568081925E-016 -2.1227318230793057E-002  1.2505086832142979E-015 -2.2282351159243949E-015  1.3870551771141744E-015 -1.8716430221006216E-002 -1.1776195743222715E-015  6.2459914022005126E-015 -7.5680450469880627E-016  5.6061174620245085E-016  4.7152914105803065E-016 -1.8986878310761779E-015  3.9149391973076178E-016 -8.4093816844432739E-016 -9.2758868461240581E-016  3.8980137969155691E-002  8.2141529818326971E-017  3.9365114538545158E-016  9.3805781667817656E-001 -1.7754195275397653E-015 -2.9927305061312848E-015  5.9298929965209807E-016  6.6804780466902560E-017  5.8915479487436817E-001 -7.2058200827688895E-016  3.2752706796164880E-016  2.2647268006344934E-016
 5.2322512641972918E-015  7.1692064938357556E-019 -2.1227318230789848E-002 -2.3063390253014164E-015 -6.5451116748597256E-015  1.9351092788333829E-015 -1.8716430221010317E-002 -3.7326746760683093E-015  1.3846931821106562E-015  8.7557046937813716E-016  4.7300909537444366E-017  2.9313444716347987E-015  8.5261407101966230E-016  2.1766097474105319E-015  3.6795653329809113E-015 -1.3020072094393782E-015  3.8980137969155379E-002 -6.5377391000731102E-016 -1.7754195275397653E-015  9.3805781667816135E-001  2.2483869244893814E-015  7.6233289140778202E-016  5.6823035860047408E-016 -8.2734809941800670E-016  5.8915479487436673E-001 -3.9151092126586814E-016 -1.3598313455822500E-016
 1.2538019716033238E-014  1.4754191525916800E-016 -7.7718916804127244E-016 -3.1898191050318275E-001 -1.6932778498436211E-014 -1.0424272500620275E-015  1.0994113965504022E-015 -3.7069857105174531E-001 -5.9479734761744897E-015 -4.8447617892375887E-016  1.1332790392217277E-015 -6.0856514127997016E-015 -2.3381147038752538E-016 -7.5860635372788553E-015  9.2805764922851735E-015  6.9265711379414162E-016 -1.2802168290570869E-015 -2.9408906402285604E-015 -2.9927305061312848E-015  2.2483869244893814E-015  8.0603351494655939E-001  7.3404615547896002E-001 -1.0828539022226702E-016 -1.3552717044297103E-015  1.4045227543786796E-015 -3.7874560154817377E-001 -1.4456399324419500E-001
 1.1295950819695610E-014  2.0010009712475295E-017 -5.4040500501500261E-016 -1.8092424674380431E-001 -1.6003751130299798E-014 -9.5370132847565415E-016  1.4152510552370449E-015 -1.8854141251211304E-001 -1.5431873138934328E-014 -2.9884110313582775E-016  1.0812562891941764E-015 -1.5774780531945026E-014 -2.8501567176834422E-016 -1.7335997076856193E-014  9.0569097273242161E-015  7.6379555408761306E-016 -1.3110513160552547E-015 -1.4470371311337119E-015  5.9298929965209807E-016  7.6233289140778202E-016  7.3404615547896002E-001  7.0157945650793507E-001  7.8817173855141070E-016  8.7095634686235784E-016  4.8592645484000475E-016 -3.5240710159056898E-001 -1.3120794611764783E-001
-1.2248729991483747E-002 -3.1846457626661841E-016 -1.0180658399638847E-015 -7.7225512904458999E-016 -1.1210137668812254E-002  7.0783001737536856E-016  1.6755802474676591E-015  9.9927504782441219E-016 -5.2320682570191320E-017  9.5721495498886651E-017 -1.4770455435494844E-016 -2.7419361224257174E-017 -1.7735439121646112E-016  1.5802467803334767E-016  2.4804765927142418E-002 -2.5269109787751493E-016 -3.7350764842118661E-016  5.8915479487436739E-001  6.6804780466902560E-017  5.6823035860047408E-016 -1.0828539022226702E-016  7.8817173855141070E-016  3.7003203282626446E-001  7.0642029107147689E-018  2.2849560785183523E-016 -1.6749407669701062E-015 -9.9607733793203692E-016
-4.7885791868559161E-016 -1.2248729991487409E-002  7.8708035227426183E-016 -1.4963592959089820E-015  8.7220365020185066E-016 -1.1210137668812285E-002 -7.4097273868182032E-016  3.8325367992240326E-015 -4.7523414343154827E-016  3.5219555997873615E-016  2.9622969195606452E-016 -1.1926020508003427E-015  2.4594306877179923E-016 -5.2809485955100027E-016 -5.8510040149711532E-016  2.4804765927143101E-002  6.6093501440303982E-017  1.9173424782325268E-016  5.8915479487436817E-001 -8.2734809941800670E-016 -1.3552717044297103E-015  8.7095634686235784E-016  7.0642029107147689E-018  3.7003203282626235E-001 -2.7171177545417139E-016 -8.3171441566770484E-016 -4.6038920773014595E-016
 3.2864065201834322E-015  2.1777982216393170E-018 -1.2248729991485362E-002 -1.4290742759126010E-015 -4.1104272763265616E-015  1.2131314765603529E-015 -1.1210137668814926E-002 -2.3143055233532828E-015  8.6893357701973995E-016  5.5003273634691599E-016  2.9706270807629218E-017  1.8407019295126896E-015  5.3561914239871427E-016  1.3665215856086153E-015  2.3014359515347333E-015 -7.9830145036499757E-016  2.4804765927143309E-002 -6.1159844549816448E-016 -7.2058200827688895E-016  5.8915479487436673E-001  1.4045227543786796E-015  4.8592645484000475E-016  2.2849560785183523E-016 -2.7171177545417139E-016  3.7003203282626679E-001  2.2652658696479360E-016  2.2158533909509533E-016
-1.2294597501754382E-014 -5.4839820210246511E-016  5.3410864785814055E-016  7.8985856474394212E-002  1.8880435003937916E-014  2.2288495529545523E-015 -2.0919134325301265E-015  7.8872612605697140E-002  5.9291244030610063E-015  9.4394159548959944E-016 -9.7220038179810572E-016  5.9306266592007250E-015  7.5456776551876534E-016  7.5385693194664641E-015 -1.1511007913178525E-014 -1.8577757729954216E-015  1.7162255485111304E-015  3.3294086430070132E-015  3.2752706796164880E-016 -3.9151092126586814E-016 -3.7874560154817377E-001 -3.5240710159056898E-001 -1.6749407669701062E-015 -8.3171441566770484E-016  2.2652658696479360E-016  1.0233994934998660E+000  6.1386011681908881E-001
-6.4112027535599423E-015 -3.5373286009290214E-016  2.6967477033384710E-016  2.8844195853375151E-002  1.0014207405532595E-014  1.3134371323002313E-015 -1.1537420666953079E-015  2.8631820148596429E-002  1.4939499005887874E-015  5.7320756479032545E-016 -4.7993832743771871E-016  1.4429708766736685E-015  4.4763458348189921E-016  2.2652585776414064E-015 -6.1978693212322930E-015 -1.1011916382710089E-015  9.2808827639527443E-016  1.9203411640836826E-015  2.2647268006344934E-016 -1.3598313455822500E-016 -1.4456399324419500E-001 -1.3120794611764783E-001 -9.9607733793203692E-016 -4.6038920773014595E-016  2.2158533909509533E-016  6.1386011681908881E-001  3.7930314989886144E-001
