 3.0097541728694832E-001  2.2476025190198164E-016  3.0184468002869049E-015 -1.9064894583868103E-015  2.5934851451686045E-016 -4.9185691419109699E-018  4.4388895425577979E-017  2.3375456618547891E-017  4.0427128034984701E-017  1.6818536679802076E-016  2.4360730183632884E-001 -8.0245018824397405E-016  1.7212353233247276E-015 -1.2056201223113392E-015  9.8192876313696623E-002  3.4831951918975455E-017  8.3864732107648819E-017 -1.2641768178810135E-015  3.1598038684320433E-017  1.0529506500285918E-015  1.0996401910115844E-015 -2.2921113762059768E-016  2.6848272257630186E-016 -5.1006531433012231E-002 -3.4449835142721748E-016 -1.2226547899119006E-015  6.2953212206651104E-015 -4.0436752905888337E-015  2.2653951325366392E-016  3.2522294861826182E-015  3.2300005301472625E-015 -6.6182154671676426E-016  4.6501297321846877E-016 -1.2471588543762240E-001 -7.6863947289499577E-016 -4.0352920657737958E-015  3.9839153873243285E-015  4.9412226213776389E-002  2.2656077874441038E-015  2.8719702397511617E-015 -1.0075752896404830E-014 -8.9255454532909116E-015  5.4675575681880485E-015  6.2939753124724067E-003  3.1870705789739479E-016  3.8508150661253854E-016  1.9122679327683182E-015
 2.2476025190198164E-016  3.0097541728694904E-001 -2.9407976551919476E-015  9.4094070631455913E-016  2.2432064133602291E-016  8.7630708962276456E-017 -1.1258158814722365E-016  3.6930161240659434E-016 -2.1488281042546300E-016 -1.9594029218255619E-016  1.0768312073894875E-016  2.4360730183632837E-001 -1.2325194283242370E-015  4.4848462063035203E-016 -1.5600273597878562E-016  9.8192876313705643E-002  5.8544967235527897E-016 -2.6088196205648263E-016 -2.9731400021927283E-016 -1.1520192897834004E-015  3.3411063300190733E-016  8.7309060186546439E-016 -1.1594587198835499E-015  1.2415638059506012E-015 -5.1006531433009594E-002 -7.1068409466246554E-016  1.1499657417395459E-014 -3.9137252781317264E-015 -8.2169106153057372E-016 -3.5001437978048772E-015 -2.0779623611587975E-015  2.4695840153505980E-015 -7.1206734871187810E-015  3.5310501786830681E-015 -1.2471588543761537E-001 -1.6443743455648900E-015  5.0593973852242177E-015 -2.4661361456015457E-015  4.9412226213760554E-002  6.5677089484509176E-015 -6.2783064110347882E-015 -6.9260540813762356E-015  5.4037831918984291E-015 -3.2943202777402734E-016  6.2939753124701785E-003  9.2611411896841589E-016  2.4792079077212470E-015
 3.0184468002869049E-015 -2.9407976551919476E-015  3.0097541728697352E-001 -2.3748662734721288E-015  2.0879562991077698E-016 -8.3503551333656471E-017 -5.6268522829310103E-017  5.7997417001500154E-016 -2.8418197937241984E-016  2.7706835630005720E-016 -9.2516919553965772E-016 -5.4090976570497224E-016  2.4360730183631954E-001 -5.6025249535500658E-015  8.5471045388820454E-016  2.7558899483116842E-016  9.8192876313715760E-002 -8.4530877356035108E-016  1.1865541850577022E-016 -4.9978722397224469E-016  6.3684740143778366E-016  3.6955349506613965E-016  6.8405200792996358E-016  8.7294537917673841E-016 -4.9297932196967031E-016 -5.1006531433016318E-002  2.9683978730520889E-015 -1.5915032654907915E-015  3.9830978717106862E-016 -1.4483358577223719E-015  3.1120772877296567E-015  9.5468575233227724E-016  3.0580670003465562E-015  3.3587499101429262E-015 -2.1125606175371353E-015 -1.2471588543762341E-001  2.2901056528015066E-015 -5.8484575689302439E-016 -3.7073059148349488E-015  4.9412226213771462E-002 -1.6343595608297622E-015 -3.3527944222524162E-016  3.7753965571880655E-015 -6.2931159849209294E-017 -5.4599429753824254E-016  6.2939753124716877E-003  2.1918877286126522E-015
-1.9064894583868103E-015  9.4094070631455913E-016 -2.3748662734721288E-015  3.7346407894116795E-001 -7.4821641233068246E-015 -4.0867541357644597E-016 -3.0298427739794439E-016  1.3465059445442228E-014  9.6326263613068431E-016 -1.1473428741756468E-015  1.7391235052916607E-015 -4.5760144200557839E-016  4.0202507230782777E-015  6.4466290356881462E-001 -1.3643655117652411E-015  2.3006008508979866E-015 -3.6047908645494364E-015 -6.8185080685408916E-014  4.9932600422730719E-016 -9.5234416740512532E-016  5.2405915346813689E-014  3.9308536475566664E-016 -1.1265416412607765E-014 -1.2372872462304767E-016 -1.7779923707346219E-015  2.3348098506309972E-016 -3.9598949194906546E-001 -1.0734934246058521E-013  1.1088624294827441E-015 -9.8006293643058452E-016  2.3410770664821263E-013 -1.3143626785662877E-015  2.2538652582148714E-015 -1.1019898559106029E-015 -1.4096301453314140E-015 -3.2031871474516424E-015 -2.1019892564217940E-001  1.1949274300350323E-015  2.3580047129216853E-016  8.8824188905987761E-015  1.5147737688385635E-001  9.6133958564964081E-002 -4.1894533161508922E-002  1.6848461798723753E-016  2.8812421525188021E-017  1.2495077780766414E-015 -1.3325070416398705E-002
 2.5934851451686045E-016  2.2432064133602291E-016  2.0879562991077698E-016 -7.4821641233068246E-015  7.7891516620541535E-004 -1.3199314417054388E-017  1.0050215325761189E-016 -3.8945758310036374E-004 -1.9195460650766012E-017 -3.8945758310445031E-004  3.2570647210665528E-016  7.3619948230483471E-017  2.9431297160517097E-016 -5.4284057928226155E-015  2.3033779347578975E-016  1.9985914337934889E-016  1.4688428402127277E-017  1.0823985291602865E-002 -5.0445216580320589E-016  1.2307795299420139E-015 -5.4119926457832594E-003 -4.3842425349882309E-016 -5.4119926458187405E-003  1.6807225997609017E-016 -6.3929056554292304E-016 -1.1952635610268318E-015 -2.9451948035632354E-014  3.3459809148274518E-002 -1.5034631525856585E-015  3.8158495460626555E-015 -1.6729904574095004E-002 -1.3563369177792897E-015 -1.6729904574177570E-002  9.9003805387797786E-016 -1.4086536122120169E-015 -3.4658370469690016E-015 -1.8894412573290700E-014 -1.7924565038946457E-016  4.2043197625415186E-015  2.7891624744818999E-015  1.8824295858424003E-014  1.8245213136870063E-014 -7.5453495292352557E-015 -1.8680973546126756E-017  5.9278097158539039E-016  3.7666336516347809E-016 -2.2349057125328346E-015
-4.9185691419109699E-018  8.7630708962276456E-017 -8.3503551333656471E-017 -4.0867541357644597E-016 -1.3199314417054388E-017  7.7891516620686373E-004 -6.9021644377319187E-017 -3.9853747201261666E-017 -7.2679569394927485E-017 -1.4789068204117384E-016  1.8225169246741759E-017  1.5023214194997934E-016 -4.1806822644835171E-017 -4.8080306075108569E-016 -5.5315405744256374E-017 -8.8076013850465229E-017  1.1254593783109795E-017  2.3829408498519414E-016  1.0823985291615511E-002 -2.7884250508228638E-016  2.2854981795992451E-016 -4.6073213671418874E-016 -5.6093232272610815E-016 -3.9304178703938091E-016 -2.4095198385916498E-016  6.6655500718719559E-016  4.6480161880755025E-016  1.1410685764324449E-015  3.3459809148303120E-002 -7.4454937217481916E-016  8.9929149196797701E-016 -1.4589011727470731E-015 -1.6410077506926274E-015 -1.2275417390354490E-015 -8.7269610102583706E-016  1.9985548605169374E-015  4.8722396919988040E-016  1.1418632052932685E-015  2.1839079233676618E-016 -1.5105436086337300E-015 -7.5552120074651878E-016 -5.6827525215387703E-016  5.3873259611328538E-016  1.5507334484391599E-016  2.5151638394932810E-017 -2.0335206211042998E-016  2.3229775983738358E-016
 4.4388895425577979E-017 -1.1258158814722365E-016 -5.6268522829310103E-017 -3.0298427739794439E-016  1.0050215325761189E-016 -6.9021644377319187E-017  7.7891516620669113E-004  7.2291297432838823E-017  6.9331168745096750E-018  3.2596792425657336E-017 -2.1257730901501357E-016  1.1106651054019958E-016  4.4395813142254083E-017 -7.0723814545050315E-016  1.0560201247004292E-016 -1.7257796339367597E-016  8.4768757022638918E-018  2.6518907512635584E-016 -7.5432884400690210E-016  1.0823985291613946E-002 -2.2429432443282823E-017 -3.6262200449961764E-016  2.2185486954483636E-017 -3.6312372886926388E-016  1.5352315815552219E-016  2.6830579077388338E-016  6.6283415997675977E-016  7.5433366150674632E-016 -2.1681474822297540E-015  3.3459809148299643E-002  1.7021974108091688E-017 -1.2584169444614539E-015  6.8873943007161144E-017 -8.0108208947610881E-016  2.1047156938190696E-016  9.4406484438889698E-016  6.4948136552147020E-016  9.7425538418625568E-016 -1.0373700406535263E-016  1.0496012574924253E-015 -4.8688349607379243E-016 -1.6024259977541119E-016  2.0086141452748101E-015  1.3452739209472992E-016 -1.3932686178876738E-017  1.5589847628951341E-016  1.1832741499119996E-015
 2.3375456618547891E-017  3.6930161240659434E-016  5.7997417001500154E-016  1.3465059445442228E-014 -3.8945758310036374E-004 -3.9853747201261666E-017  7.2291297432838823E-017  7.7891516620734024E-004  6.5084317601120654E-017 -3.8945758310727704E-004 -2.0327677286712661E-016  2.9869133630416801E-016  3.5235335288026185E-016  6.1441992194536058E-015  1.1279873405856453E-016 -7.1805857399976464E-018  2.1830779870946479E-016 -5.4119926457793311E-003 -8.2151353861942337E-016  1.1255373803115167E-015  1.0823985291619889E-002  8.2358707527430463E-017 -5.4119926458411557E-003  4.5477188290778010E-016 -3.7157147448940482E-016 -6.5742363627237888E-019 -2.7591486532314055E-014 -1.6729904574083371E-002 -2.5103346051186252E-015  3.3998411724800409E-015  3.3459809148311787E-002  3.6532192201899452E-016 -1.6729904574229845E-002  1.3836750470578815E-015 -1.2359896962529954E-015  2.4351830466847003E-017 -4.6799987742584673E-014  5.7799440321699937E-016  2.9357846611484187E-015  6.0089975580232687E-016  3.7021944531395638E-014  1.8987756365244972E-014 -7.6196019695117936E-015  9.1507939344951705E-017  4.1181377074723286E-016  8.6388142642786251E-017 -1.9053006055751051E-015
 4.0427128034984701E-017 -2.1488281042546300E-016 -2.8418197937241984E-016  9.6326263613068431E-016 -1.9195460650766012E-017 -7.2679569394927485E-017  6.9331168745096750E-018  6.5084317601120654E-017  7.7891516620673602E-004 -1.8004574678490677E-016  2.8152738988496212E-017 -3.1036028929162078E-016 -2.0588554652487936E-016  2.0827111900233681E-015  6.3610644121741729E-018  6.7911175933051627E-017 -1.2777447714907625E-016  8.3049886412044969E-017 -5.1046377038809248E-016  5.1782861598534715E-016  6.4739066971843615E-016  1.0823985291614128E-002 -1.0001426228000044E-015 -5.8483695919986875E-016  7.7875910986911547E-016  8.7488514879648480E-016  2.7086739241336228E-015 -1.2582166211767406E-016 -1.6612336269236023E-015  1.4441395060588065E-015  1.6650634863957733E-015  3.3459809148300740E-002 -3.6405340547715034E-015 -1.7675700933609315E-015  2.4486288794868562E-015  2.4343653708386082E-015  1.8588037983356875E-015  2.8461102173925027E-016 -2.3509873897307484E-015 -1.0908107899593517E-015 -2.0043028313781019E-015 -1.7645053123737807E-015  1.1643175730426199E-015  2.9291448438731167E-017 -3.2015101777116344E-016 -1.4009535608865036E-016  4.9163323406425800E-016
 1.6818536679802076E-016 -1.9594029218255619E-016  2.7706835630005720E-016 -1.1473428741756468E-015 -3.8945758310445031E-004 -1.4789068204117384E-016  3.2596792425657336E-017 -3.8945758310727704E-004 -1.8004574678490677E-016  7.7891516621142638E-004  2.7978614560296668E-016 -6.0567044384650610E-017  1.9206608600884413E-016  4.7472020021411442E-016 -1.0329111766967715E-016 -4.8564783971017140E-017  6.7686667170075978E-017 -5.4119926458151765E-003 -1.4663495569687631E-015  4.9785547321000804E-016 -5.4119926458408079E-003 -1.5082742997260516E-015  1.0823985291655718E-002  9.4383256724634230E-016  8.4953178829425247E-016  7.1097608609046344E-017 -4.4497478950689465E-014 -1.6729904574165309E-002 -4.6181184961205442E-015  1.6072348530196166E-015 -1.6729904574229688E-002 -4.7720345470319609E-015  3.3459809148394491E-002  2.4183987949943228E-015  2.4690449077434290E-015  2.2563091579312032E-016 -1.2848952429380687E-014 -2.1333351356550257E-015 -4.9131891087391970E-016 -1.1858791115321222E-016  2.0832221422534202E-014  1.7171038138747097E-014 -7.4259936670748232E-015 -2.8950398835255826E-016 -5.4344217208523036E-017 -1.5907793636493999E-017 -2.2369785518445747E-015
 2.4360730183632884E-001  1.0768312073894875E-016 -9.2516919553965772E-016  1.7391235052916607E-015  3.2570647210665528E-016  1.8225169246741759E-017 -2.1257730901501357E-016 -2.0327677286712661E-016  2.8152738988496212E-017  2.7978614560296668E-016  1.9726315069893186E-001 -7.3369135027796199E-016 -1.4208198419879471E-015  3.8675364810456047E-015  7.9676781255468912E-002  1.3847479863059252E-016 -8.2612817411606697E-016  4.8036294324202144E-016  4.8443700719191628E-016 -2.4895109615313533E-015 -2.3009920228614340E-015 -6.9170496391474125E-017  1.9279425192858721E-015 -3.7545421854661441E-002  1.2731171880958448E-015  1.0837684916164826E-015 -1.0545079402203385E-014  1.4131892413782533E-015  1.5653467045262258E-015 -7.7223689519853549E-015 -7.2673060851249209E-015 -2.0695755272553443E-016  5.6827738883565013E-015 -8.9765287323222046E-002  4.0728018060933895E-015  2.8033131371784363E-015 -6.5707030132809249E-015  3.2307870642327971E-002 -3.7874632616897263E-015 -3.5633388600908321E-015  1.5661482797317012E-014  1.3767987000891025E-014 -1.5608212250728921E-015  4.0679114741841221E-003 -5.1552698926527336E-016 -4.9144173973336347E-016  1.1952205351165095E-015
-8.0245018824397405E-016  2.4360730183632837E-001 -5.4090976570497224E-016 -4.5760144200557839E-016  7.3619948230483471E-017  1.5023214194997934E-016  1.1106651054019958E-016  2.9869133630416801E-016 -3.1036028929162078E-016 -6.0567044384650610E-017 -7.3369135027796199E-016  1.9726315069892916E-001  5.5415506265393429E-016 -1.8625951328398658E-015 -6.7316117912488185E-016  7.9676781255475157E-002  9.2574262112197956E-016 -1.4978259814156756E-015  9.5004388724306331E-016  1.8496402806318687E-015  4.3995183616187161E-016 -1.4646511752756896E-015  1.5237768879909305E-016 -1.8584442479312351E-015 -3.7545421854688947E-002 -1.5128610519738681E-015  7.0277722460858558E-015 -7.1689634481321081E-015  3.0043000992770223E-015  5.8048213049419502E-015 -1.2556979542650915E-015 -4.7091063005764763E-015 -2.3436842401490918E-015 -6.1324281367163109E-015 -8.9765287323301760E-002 -4.7900551872828637E-015  3.2478015655179796E-015 -2.3271543612312836E-015  3.2307870642394002E-002 -9.4488004803475705E-015  7.6460151902673896E-015  6.6124270189864390E-015 -8.4337129146023413E-015 -3.7282747315791399E-016  4.0679114741930429E-003 -1.3846222498145934E-015 -3.7130609916825561E-015
 1.7212353233247276E-015 -1.2325194283242370E-015  2.4360730183631954E-001  4.0202507230782777E-015  2.9431297160517097E-016 -4.1806822644835171E-017  4.4395813142254083E-017  3.5235335288026185E-016 -2.0588554652487936E-016  1.9206608600884413E-016 -1.4208198419879471E-015  5.5415506265393429E-016  1.9726315069889985E-001  5.4118188065238149E-015  1.5394315596578896E-016  8.7185024058626369E-016  7.9676781255474560E-002  1.4458802057800784E-015  2.2546683697013176E-016  7.8676777190097647E-016 -1.1345135101890566E-015  3.8263883637326056E-016  6.0276309335112384E-017 -4.8559246901281025E-015  2.6553419405138560E-015 -3.7545421854668373E-002 -9.1685732199647569E-015  5.2513222131932221E-015  7.6526902602764692E-016  2.4829965194827768E-015 -2.5788449960823036E-015  1.0378785194336007E-015  9.7701186542342714E-016 -1.4314504442891684E-014  8.3185032430339551E-015 -8.9765287323235424E-002 -6.6081253131902320E-015  4.4298332363413008E-015  6.4862782074250228E-015  3.2307870642351695E-002 -3.4745101083626041E-015 -4.8640325465830906E-015 -8.0716072623669913E-015  5.4017662738659370E-016  9.8202870605009805E-016  4.0679114741874215E-003 -5.8728736655261896E-015
-1.2056201223113392E-015  4.4848462063035203E-016 -5.6025249535500658E-015  6.4466290356881462E-001 -5.4284057928226155E-015 -4.8080306075108569E-016 -7.0723814545050315E-016  6.1441992194536058E-015  2.0827111900233681E-015  4.7472020021411442E-016  3.8675364810456047E-015 -1.8625951328398658E-015  5.4118188065238149E-015  1.1183856272947379E+000 -1.9010385629791017E-015  3.2114365684638052E-015 -6.0925722508085760E-015  1.8369848153120619E-014  3.6345604450667254E-015 -5.1834531667609518E-015 -1.1607887972445063E-013  3.8744079478118128E-015  4.8002845978530579E-014 -1.0145575221396145E-015  6.0209694562719098E-016  5.1621107335429775E-015 -6.0901892252518619E-001  2.3352132185947386E-013  1.0420036217226868E-014 -1.2139484973629329E-014 -2.2066128260408752E-013  7.7916631786420812E-015  2.2259792637638400E-013 -5.6524512965469826E-015  5.5955734839115294E-015  8.4738970886019930E-015 -3.0328516150185780E-001  5.7238458520772020E-016 -1.3591646705773412E-014 -1.5377684265289218E-014  2.1166097747236035E-001  1.3297737097433809E-001 -5.7811235681435730E-002  4.7298212016763113E-017 -1.9060185554231592E-015 -2.1480674671552302E-015 -1.8369075000208256E-002
 9.8192876313696623E-002 -1.5600273597878562E-016  8.5471045388820454E-016 -1.3643655117652411E-015  2.3033779347578975E-016 -5.5315405744256374E-017  1.0560201247004292E-016  1.1279873405856453E-016  6.3610644121741729E-018 -1.0329111766967715E-016  7.9676781255468912E-002 -6.7316117912488185E-016  1.5394315596578896E-016 -1.9010385629791017E-015  3.2542948473057776E-002  3.2760420016104090E-017  3.5437148007689398E-016  1.3435470163822928E-015 -4.1568850589526836E-016  1.8314489126977469E-015  1.4691863285467930E-015  3.0991975163890469E-016 -2.7078709647824205E-015 -7.7284617381887903E-003 -2.1409697904577427E-015  1.7499023063918263E-016  8.4713521399584662E-017  4.2119700359661476E-015 -1.3486370806830402E-015  5.5913796881083421E-015  4.4897793349057992E-015  8.8775173088026855E-016 -8.4445630171307255E-015 -1.3617547721063338E-002 -5.8265314920784404E-015  1.0842021724855863E-015  7.7240028460410388E-017  7.8326929050130129E-003  2.6072076368417591E-015 -3.8777574901116772E-015  1.7337621680198092E-015  1.4645361094649997E-015 -1.7369069996350208E-014  1.0451947191087876E-003  3.3601102466575236E-016 -5.4792867291986437E-016 -1.0233233899825000E-014
 3.4831951918975455E-017  9.8192876313705643E-002  2.7558899483116842E-016  2.3006008508979866E-015  1.9985914337934889E-016 -8.8076013850465229E-017 -1.7257796339367597E-016 -7.1805857399976464E-018  6.7911175933051627E-017 -4.8564783971017140E-017  1.3847479863059252E-016  7.9676781255475157E-002  8.7185024058626369E-016  3.2114365684638052E-015  3.2760420016104090E-017  3.2542948473067150E-002  5.6763981864239082E-016  1.9125191484530082E-015 -1.4896089820267380E-015 -2.3315016718366325E-015 -1.4367180683976765E-015  1.6432469769782312E-015 -8.3578793314857077E-016  3.5423891398547448E-015 -7.7284617381571975E-003  2.2670869437097451E-015 -4.6633398934574769E-015  4.9126202503486005E-015 -4.6012966465909004E-015 -7.0991795486198456E-015 -5.5979881436337698E-015  4.9938501328158781E-015 -3.6325129661930186E-015  1.0852227773361176E-014 -1.3617547720962696E-002  7.0902888751919666E-015 -4.9437198576668719E-015  6.0623696015135259E-015  7.8326929049336198E-003  6.9640621037827334E-015 -1.3187567580224385E-015 -3.2443521208515785E-015  6.5350989797825010E-015  9.3808651835313084E-016  1.0451947190980957E-003  1.0446597717241673E-015  3.3777253873893360E-015
 8.3864732107648819E-017  5.8544967235527897E-016  9.8192876313715760E-002 -3.6047908645494364E-015  1.4688428402127277E-017  1.1254593783109795E-017  8.4768757022638918E-018  2.1830779870946479E-016 -1.2777447714907625E-016  6.7686667170075978E-017 -8.2612817411606697E-016  9.2574262112197956E-016  7.9676781255474560E-002 -6.0925722508085760E-015  3.5437148007689398E-016  5.6763981864239082E-016  3.2542948473068656E-002 -1.7654623667427441E-016  6.7428520940925592E-017 -6.7163659275524995E-017  5.1828958378725353E-016 -9.7431609982206822E-016 -1.9367529982248385E-016  6.2198510231148276E-015 -3.6426593538199469E-015 -7.7284617381817369E-003  8.1770033949265795E-015 -2.3959515026027763E-016  3.3300909787163215E-016 -1.8991261414868011E-016  2.0205891649940876E-015 -3.0630417501399268E-015 -1.5424292517577131E-016  1.9021242914085671E-014 -1.1052219691542702E-014 -1.3617547721037109E-002  7.4962568889022683E-015 -2.4555010802451661E-015 -3.9814938311212144E-015  7.8326929049836128E-003  1.0247888860345441E-014  1.2459182806605789E-014  1.9338690958730594E-015 -2.2630009845203627E-016 -6.4149542154841021E-016  1.0451947191047559E-003  3.3627964766330063E-015
-1.2641768178810135E-015 -2.6088196205648263E-016 -8.4530877356035108E-016 -6.8185080685408916E-014  1.0823985291602865E-002  2.3829408498519414E-016  2.6518907512635584E-016 -5.4119926457793311E-003  8.3049886412044969E-017 -5.4119926458151765E-003  4.8036294324202144E-016 -1.4978259814156756E-015  1.4458802057800784E-015  1.8369848153120619E-014  1.3435470163822928E-015  1.9125191484530082E-015 -1.7654623667427441E-016  1.5041260290717984E-001 -1.1496879837036784E-015  1.3809483070949712E-015 -7.5206301453482921E-002 -1.2323041892470139E-015 -7.5206301453684926E-002 -1.5496909983413377E-015 -1.5210710198029336E-015  4.5814440545770830E-017 -1.6192782450520169E-014  4.6496524627336794E-001 -2.7764249233009164E-015  4.4244122254785467E-015 -2.3248262313654666E-001 -3.8224631793145978E-015 -2.3248262313679433E-001  1.4571905140141663E-015  3.6956855557888346E-016  1.0666561080083532E-015  5.6804175356671115E-014  8.3909142258953032E-016  2.3319697933700895E-015 -7.1895488779155985E-017 -5.3491649785304488E-014  2.9839954078927425E-014 -3.8746620826037431E-016  1.3544702866352761E-016  3.4185256300361744E-016  6.6907380105054094E-019  2.1746949961622766E-015
 3.1598038684320433E-017 -2.9731400021927283E-016  1.1865541850577022E-016  4.9932600422730719E-016 -5.0445216580320589E-016  1.0823985291615511E-002 -7.5432884400690210E-016 -8.2151353861942337E-016 -5.1046377038809248E-016 -1.4663495569687631E-015  4.8443700719191628E-016  9.5004388724306331E-016  2.2546683697013176E-016  3.6345604450667254E-015 -4.1568850589526836E-016 -1.4896089820267380E-015  6.7428520940925592E-017 -1.1496879837036784E-015  1.5041260290725164E-001 -1.0307052656028179E-015 -5.4394422993595095E-016  5.4484547299185615E-016  3.8727701601181977E-016  6.7046519372583493E-016  8.8912840868027338E-016 -4.8154531877571554E-016 -5.1818122975104505E-015  2.0664893407572665E-015  4.6496524627344415E-001 -1.5524047162780015E-015  9.9616495607984812E-016  1.1861646105441871E-015  2.4871597836817937E-015  1.1624713890137689E-015  6.1771701517979743E-016 -1.1896959483424653E-015 -2.0559609723494532E-016  3.2555350666659221E-016 -3.0200154118027169E-016  7.4623879544778173E-017  2.4533980648400119E-016  7.8739971261984581E-016 -1.6725206796262544E-015  5.0698943744819984E-017 -4.4496366066677418E-017 -1.5739595034942987E-018 -1.0006734472828559E-015
 1.0529506500285918E-015 -1.1520192897834004E-015 -4.9978722397224469E-016 -9.5234416740512532E-016  1.2307795299420139E-015 -2.7884250508228638E-016  1.0823985291613946E-002  1.1255373803115167E-015  5.1782861598534715E-016  4.9785547321000804E-016 -2.4895109615313533E-015  1.8496402806318687E-015  7.8676777190097647E-016 -5.1834531667609518E-015  1.8314489126977469E-015 -2.3315016718366325E-015 -6.7163659275524995E-017  1.3809483070949712E-015 -1.0307052656028179E-015  1.5041260290724151E-001  1.3681547214593592E-015  8.0227403225548870E-016  9.3252228855479144E-016 -6.9971012132280403E-016  8.5374348734771988E-016 -7.1595486090380436E-017 -7.1330733270554654E-015  3.3592920112294790E-015 -9.3466358784544163E-016  4.6496524627343166E-001  5.4329370863242443E-015  6.3716867611078952E-016  2.8864714438079869E-015  1.6949262915341467E-015 -9.0637818092583504E-016  7.2394382947924312E-016 -3.2741330246275232E-015 -4.0719453839416441E-016  9.0304921232459465E-017 -2.7246734383811315E-015  2.0575870026119146E-015  2.6661055088769885E-015 -2.9784174587702018E-015 -4.1750297065512050E-017  4.8685279668473131E-019 -3.9175775156432369E-016 -1.6386851601230389E-015
 1.0996401910115844E-015  3.3411063300190733E-016  6.3684740143778366E-016  5.2405915346813689E-014 -5.4119926457832594E-003  2.2854981795992451E-016 -2.2429432443282823E-017  1.0823985291619889E-002  6.4739066971843615E-016 -5.4119926458408079E-003 -2.3009920228614340E-015  4.3995183616187161E-016 -1.1345135101890566E-015 -1.1607887972445063E-013  1.4691863285467930E-015 -1.4367180683976765E-015  5.1828958378725353E-016 -7.5206301453482921E-002 -5.4394422993595095E-016  1.3681547214593592E-015  1.5041260290728137E-001 -2.4266613024570615E-015 -7.5206301453806745E-002  7.9386329980423317E-016  1.4663419389134168E-015 -9.3108109874381290E-017  1.7740498184318226E-013 -2.3248262313655380E-001 -1.2754554357119277E-015  3.1268390654483557E-015  4.6496524627346830E-001 -5.9644129912774163E-015 -2.3248262313693441E-001  1.9116115424006406E-015  1.0470319660390407E-015 -9.0284123569919155E-016 -2.4505657435929910E-013 -1.2555533630065554E-015  6.7935975094761956E-016  2.6753700228622322E-015  1.4236581164316363E-013  5.0774104363468922E-015 -1.1512239794355287E-014 -1.7084439891284311E-016  1.0142006780837723E-016  3.7928316851759999E-016 -3.5440150355150343E-015
-2.2921113762059768E-016  8.7309060186546439E-016  3.6955349506613965E-016  3.9308536475566664E-016 -4.3842425349882309E-016 -4.6073213671418874E-016 -3.6262200449961764E-016  8.2358707527430463E-017  1.0823985291614128E-002 -1.5082742997260516E-015 -6.9170496391474125E-017 -1.4646511752756896E-015  3.8263883637326056E-016  3.8744079478118128E-015  3.0991975163890469E-016  1.6432469769782312E-015 -9.7431609982206822E-016 -1.2323041892470139E-015  5.4484547299185615E-016  8.0227403225548870E-016 -2.4266613024570615E-015  1.5041260290723793E-001 -8.8687737709313782E-017  2.2348675831373995E-016 -8.5450829316877780E-016  4.9095964058164594E-016  1.5393713977320863E-014 -9.1255128453759716E-015  5.0734563035101377E-016  3.2977703142041106E-016 -1.2173421992667278E-014  4.6496524627342806E-001 -7.8986296669914064E-015  8.8359669410677349E-016 -1.0125812957609961E-016 -9.6385188406591151E-016  5.4107977350375528E-015  7.1057605955420284E-019  7.1613477717290454E-016  7.1251214158947281E-016 -1.0837343918552372E-016 -2.9333412596710263E-015 -4.1261914740526958E-016  8.1458139428815704E-018  1.0470736185607467E-016  9.6310791344205978E-017 -8.5114057095565670E-017
 2.6848272257630186E-016 -1.1594587198835499E-015  6.8405200792996358E-016 -1.1265416412607765E-014 -5.4119926458187405E-003 -5.6093232272610815E-016  2.2185486954483636E-017 -5.4119926458411557E-003 -1.0001426228000044E-015  1.0823985291655718E-002  1.9279425192858721E-015  1.5237768879909305E-016  6.0276309335112384E-017  4.8002845978530579E-014 -2.7078709647824205E-015 -8.3578793314857077E-016 -1.9367529982248385E-016 -7.5206301453684926E-002  3.8727701601181977E-016  9.3252228855479144E-016 -7.5206301453806745E-002 -8.8687737709313782E-017  1.5041260290748798E-001  1.8787176622627066E-015 -3.8757668550696499E-016 -3.8785853640123146E-016 -1.7571503281062538E-013 -2.3248262313677709E-001  1.2143064331835858E-017  3.8265831475703244E-015 -2.3248262313694729E-001 -1.7976072019809518E-015  4.6496524627371721E-001  1.3571155777871152E-016 -2.4505159998730480E-015 -1.2554459458406558E-015  1.7262771060647128E-013  1.3454448400470740E-015  7.2989666742211799E-015  2.1202081121234232E-015 -4.0279643710934550E-014  8.7050387842790373E-015  5.1495743346280755E-016  1.9133907063098974E-016  1.0250454780223797E-015  2.8884167223282836E-016  1.3167221842732357E-015
-5.1006531433012231E-002  1.2415638059506012E-015  8.7294537917673841E-016 -1.2372872462304767E-016  1.6807225997609017E-016 -3.9304178703938091E-016 -3.6312372886926388E-016  4.5477188290778010E-016 -5.8483695919986875E-016  9.4383256724634230E-016 -3.7545421854661441E-002 -1.8584442479312351E-015 -4.8559246901281025E-015 -1.0145575221396145E-015 -7.7284617381887903E-003  3.5423891398547448E-015  6.2198510231148276E-015 -1.5496909983413377E-015  6.7046519372583493E-016 -6.9971012132280403E-016  7.9386329980423317E-016  2.2348675831373995E-016  1.8787176622627066E-015  1.7002899842876232E-001 -1.5918477555070550E-015 -3.2248509418408536E-015  2.5947261735441021E-015 -3.0131795007327452E-015  3.0930883075562625E-016 -3.3150205802546300E-015  2.1333337260113879E-015 -7.5802474160945618E-016  6.6753836196040448E-015  5.0743778319518873E-001  4.3013744813510678E-015  3.9200413748386001E-015  3.4052089708066428E-015 -2.5066651045911265E-001  1.2789681631211143E-015  2.6422006943469963E-016 -1.3632401600999223E-014 -1.0904834156075472E-014  2.3752839618360012E-014 -3.2543317929691756E-002  2.2429049950236066E-016  6.0606901441936826E-017  1.2457202130127270E-014
-3.4449835142721748E-016 -5.1006531433009594E-002 -4.9297932196967031E-016 -1.7779923707346219E-015 -6.3929056554292304E-016 -2.4095198385916498E-016  1.5352315815552219E-016 -3.7157147448940482E-016  7.7875910986911547E-016  8.4953178829425247E-016  1.2731171880958448E-015 -3.7545421854688947E-002  2.6553419405138560E-015  6.0209694562719098E-016 -2.1409697904577427E-015 -7.7284617381571975E-003 -3.6426593538199469E-015 -1.5210710198029336E-015  8.8912840868027338E-016  8.5374348734771988E-016  1.4663419389134168E-015 -8.5450829316877780E-016 -3.8757668550696499E-016 -1.5918477555070550E-015  1.7002899842870473E-001  4.0318595032911577E-016  9.8672177389864406E-015 -4.5693702778532155E-015  2.2308556833111152E-015  4.2406423229297393E-015  1.6515161898017632E-015 -2.6096433718938307E-015  1.3811452129956189E-015 -8.7669407281064848E-015  5.0743778319512534E-001 -5.3562935134432606E-015  9.6572300204706882E-015 -5.8804676439961030E-015 -2.5066651045906208E-001 -8.5855268690412605E-016 -6.4004953880194344E-015 -3.1196134746831583E-015 -7.4542107838898825E-017 -8.9761766033576386E-016 -3.2543317929684797E-002 -1.1758263914599313E-016 -3.7848856372791611E-016
-1.2226547899119006E-015 -7.1068409466246554E-016 -5.1006531433016318E-002  2.3348098506309972E-016 -1.1952635610268318E-015  6.6655500718719559E-016  2.6830579077388338E-016 -6.5742363627237888E-019  8.7488514879648480E-016  7.1097608609046344E-017  1.0837684916164826E-015 -1.5128610519738681E-015 -3.7545421854668373E-002  5.1621107335429775E-015  1.7499023063918263E-016  2.2670869437097451E-015 -7.7284617381817369E-003  4.5814440545770830E-017 -4.8154531877571554E-016 -7.1595486090380436E-017 -9.3108109874381290E-017  4.9095964058164594E-016 -3.8785853640123146E-016 -3.2248509418408536E-015  4.0318595032911577E-016  1.7002899842875385E-001 -4.4360625959895456E-015 -1.2621137522714376E-015  4.6250761159313332E-016 -9.5969483687320065E-016 -1.6309194017801573E-017  1.7918434486462698E-015  4.5194085334336532E-016 -1.2753686995381423E-014  6.5253097934036922E-015  5.0743778319517796E-001 -3.5034788441256326E-015 -3.2455592033353804E-015  6.0953459432908389E-016 -2.5066651045909816E-001 -1.2034371094611726E-014 -1.2690978143657886E-014  8.3661646454497266E-015 -5.0953436348672193E-016  1.5107709380730304E-016 -3.2543317929689682E-002  2.8439502063035102E-015
 6.2953212206651104E-015  1.1499657417395459E-014  2.9683978730520889E-015 -3.9598949194906546E-001 -2.9451948035632354E-014  4.6480161880755025E-016  6.6283415997675977E-016 -2.7591486532314055E-014  2.7086739241336228E-015 -4.4497478950689465E-014 -1.0545079402203385E-014  7.0277722460858558E-015 -9.1685732199647569E-015 -6.0901892252518619E-001  8.4713521399584662E-017 -4.6633398934574769E-015  8.1770033949265795E-015 -1.6192782450520169E-014 -5.1818122975104505E-015 -7.1330733270554654E-015  1.7740498184318226E-013  1.5393713977320863E-014 -1.7571503281062538E-013  2.5947261735441021E-015  9.8672177389864406E-015 -4.4360625959895456E-015  1.4191170604134271E+000 -1.8376084370348172E-013 -1.6313987417933393E-014 -1.7079595583525156E-014  6.5638080479531942E-013  5.2279140544556738E-014 -4.4592971548870840E-013 -1.3007870521453029E-014 -7.6219828309484233E-015 -3.3722403492009842E-015  1.0147529083681115E+000 -4.4214351681764395E-015 -1.8446341452698545E-014 -1.0002804758049573E-014 -8.8432305654245424E-001 -6.0071028807285909E-001  2.7489127050958928E-001 -8.4289421416708230E-016 -2.7787507512861315E-015 -1.5134467605665275E-015  8.8382224397586015E-002
-4.0436752905888337E-015 -3.9137252781317264E-015 -1.5915032654907915E-015 -1.0734934246058521E-013  3.3459809148274518E-002  1.1410685764324449E-015  7.5433366150674632E-016 -1.6729904574083371E-002 -1.2582166211767406E-016 -1.6729904574165309E-002  1.4131892413782533E-015 -7.1689634481321081E-015  5.2513222131932221E-015  2.3352132185947386E-013  4.2119700359661476E-015  4.9126202503486005E-015 -2.3959515026027763E-016  4.6496524627336794E-001  2.0664893407572665E-015  3.3592920112294790E-015 -2.3248262313655380E-001 -9.1255128453759716E-015 -2.3248262313677709E-001 -3.0131795007327452E-015 -4.5693702778532155E-015 -1.2621137522714376E-015 -1.8376084370348172E-013  1.4373308889246934E+000  8.7915785762503810E-015  1.0867175215256071E-014 -7.1866544446254221E-001 -2.8248237082805696E-014 -7.1866544446206770E-001  9.9323576168544676E-015  1.7442842563015184E-015 -2.6586244893950450E-016  9.8176048233412692E-014  1.9549027996107415E-015  1.9153124748578798E-014  1.5242442540590124E-014 -1.0744588816494297E-013  1.2960073602662855E-013 -5.6933828683769444E-015  3.6288537464710461E-016  2.7693425145110132E-015  2.1916026707011323E-015  8.6591328293635906E-015
 2.2653951325366392E-016 -8.2169106153057372E-016  3.9830978717106862E-016  1.1088624294827441E-015 -1.5034631525856585E-015  3.3459809148303120E-002 -2.1681474822297540E-015 -2.5103346051186252E-015 -1.6612336269236023E-015 -4.6181184961205442E-015  1.5653467045262258E-015  3.0043000992770223E-015  7.6526902602764692E-016  1.0420036217226868E-014 -1.3486370806830402E-015 -4.6012966465909004E-015  3.3300909787163215E-016 -2.7764249233009164E-015  4.6496524627344415E-001 -9.3466358784544163E-016 -1.2754554357119277E-015  5.0734563035101377E-016  1.2143064331835858E-017  3.0930883075562625E-016  2.2308556833111152E-015  4.6250761159313332E-016 -1.6313987417933393E-014  8.7915785762503810E-015  1.4373308889244782E+000  2.2144422797201754E-015  4.3385434134181176E-015  1.5791404642251298E-016  4.0262931877422032E-015 -1.8396851091773236E-015  3.5042439190010400E-016  2.2915442176021372E-015 -1.1490858093286603E-015  5.1103837688775225E-016 -3.6781288478571104E-016 -6.4408380657399938E-016 -2.6129059057334898E-016  1.3812000574439175E-015  1.0180587241494423E-015  5.0204641151304247E-017 -6.6818529730395643E-017 -9.0847311666818205E-017  4.5023518406975173E-016
 3.2522294861826182E-015 -3.5001437978048772E-015 -1.4483358577223719E-015 -9.8006293643058452E-016  3.8158495460626555E-015 -7.4454937217481916E-016  3.3459809148299643E-002  3.3998411724800409E-015  1.4441395060588065E-015  1.6072348530196166E-015 -7.7223689519853549E-015  5.8048213049419502E-015  2.4829965194827768E-015 -1.2139484973629329E-014  5.5913796881083421E-015 -7.0991795486198456E-015 -1.8991261414868011E-016  4.4244122254785467E-015 -1.5524047162780015E-015  4.6496524627343166E-001  3.1268390654483557E-015  3.2977703142041106E-016  3.8265831475703244E-015 -3.3150205802546300E-015  4.2406423229297393E-015 -9.5969483687320065E-016 -1.7079595583525156E-014  1.0867175215256071E-014  2.2144422797201754E-015  1.4373308889244980E+000  1.3388595787590004E-014 -4.8649100156325572E-015  1.1855533915694773E-014  1.6900867474182320E-015  2.0183917146463928E-015  3.8489287493312057E-016 -6.2054825111317901E-015 -1.3675294971284188E-015 -2.4011308567287412E-015  1.2585729949365173E-015 -2.8224157178414220E-015  4.1577147141023430E-016  3.4617121191285264E-015 -1.6792420617709402E-016 -3.5035868473843964E-016  1.6207525837029162E-016  1.3685221621904707E-015
 3.2300005301472625E-015 -2.0779623611587975E-015  3.1120772877296567E-015  2.3410770664821263E-013 -1.6729904574095004E-002  8.9929149196797701E-016  1.7021974108091688E-017  3.3459809148311787E-002  1.6650634863957733E-015 -1.6729904574229688E-002 -7.2673060851249209E-015 -1.2556979542650915E-015 -2.5788449960823036E-015 -2.2066128260408752E-013  4.4897793349057992E-015 -5.5979881436337698E-015  2.0205891649940876E-015 -2.3248262313654666E-001  9.9616495607984812E-016  5.4329370863242443E-015  4.6496524627346830E-001 -1.2173421992667278E-014 -2.3248262313694729E-001  2.1333337260113879E-015  1.6515161898017632E-015 -1.6309194017801573E-017  6.5638080479531942E-013 -7.1866544446254221E-001  4.3385434134181176E-015  1.3388595787590004E-014  1.4373308889243432E+000 -3.2876479316713445E-014 -7.1866544446186253E-001  5.2419867235406503E-015 -5.0991959626976215E-015 -1.5886358841829725E-015 -6.5293050391390141E-013  4.0788000026730409E-015  2.1995033048405965E-014  1.4244172273537091E-014  3.2751640667073372E-013 -6.6046443226263555E-014  1.2303117011320336E-014  6.0644100948235467E-016  3.1050497833095349E-015  2.0352970832908420E-015  6.8933974107089193E-015
-6.6182154671676426E-016  2.4695840153505980E-015  9.5468575233227724E-016 -1.3143626785662877E-015 -1.3563369177792897E-015 -1.4589011727470731E-015 -1.2584169444614539E-015  3.6532192201899452E-016  3.3459809148300740E-002 -4.7720345470319609E-015 -2.0695755272553443E-016 -4.7091063005764763E-015  1.0378785194336007E-015  7.7916631786420812E-015  8.8775173088026855E-016  4.9938501328158781E-015 -3.0630417501399268E-015 -3.8224631793145978E-015  1.1861646105441871E-015  6.3716867611078952E-016 -5.9644129912774163E-015  4.6496524627342806E-001 -1.7976072019809518E-015 -7.5802474160945618E-016 -2.6096433718938307E-015  1.7918434486462698E-015  5.2279140544556738E-014 -2.8248237082805696E-014  1.5791404642251298E-016 -4.8649100156325572E-015 -3.2876479316713445E-014  1.4373308889245098E+000 -2.9130343970340811E-014 -1.7129861106808086E-015 -3.8722899063026877E-016 -2.2176654082184243E-015  2.0276429402554731E-014  2.0924512851748671E-016 -1.3193689038818017E-015  7.1490181103508501E-016  1.6590766630063709E-015 -6.1390635024542553E-015 -1.7918851040212651E-015  2.5641115391230628E-017 -1.8238229608516492E-016  8.9832996615377642E-017 -1.4939891347466202E-017
 4.6501297321846877E-016 -7.1206734871187810E-015  3.0580670003465562E-015  2.2538652582148714E-015 -1.6729904574177570E-002 -1.6410077506926274E-015  6.8873943007161144E-017 -1.6729904574229845E-002 -3.6405340547715034E-015  3.3459809148394491E-002  5.6827738883565013E-015 -2.3436842401490918E-015  9.7701186542342714E-016  2.2259792637638400E-013 -8.4445630171307255E-015 -3.6325129661930186E-015 -1.5424292517577131E-016 -2.3248262313679433E-001  2.4871597836817937E-015  2.8864714438079869E-015 -2.3248262313693441E-001 -7.8986296669914064E-015  4.6496524627371721E-001  6.6753836196040448E-015  1.3811452129956189E-015  4.5194085334336532E-016 -4.4592971548870840E-013 -7.1866544446206770E-001  4.0262931877422032E-015  1.1855533915694773E-014 -7.1866544446186253E-001 -2.9130343970340811E-014  1.4373308889239083E+000  3.0095126561359003E-015 -2.0545528325658077E-016  1.6947935111441432E-015  6.2130228111570764E-013  3.1325218423058337E-015  1.7547990307966966E-014  1.6062651045749814E-014 -2.0592022827908630E-013 -2.8975622464773980E-014  4.0202460993123746E-014  4.6153583751824405E-016  2.4989796102515676E-015  2.2901520774618960E-015  2.0150104737781816E-014
-1.2471588543762240E-001  3.5310501786830681E-015  3.3587499101429262E-015 -1.1019898559106029E-015  9.9003805387797786E-016 -1.2275417390354490E-015 -8.0108208947610881E-016  1.3836750470578815E-015 -1.7675700933609315E-015  2.4183987949943228E-015 -8.9765287323222046E-002 -6.1324281367163109E-015 -1.4314504442891684E-014 -5.6524512965469826E-015 -1.3617547721063338E-002  1.0852227773361176E-014  1.9021242914085671E-014  1.4571905140141663E-015  1.1624713890137689E-015  1.6949262915341467E-015  1.9116115424006406E-015  8.8359669410677349E-016  1.3571155777871152E-016  5.0743778319518873E-001 -8.7669407281064848E-015 -1.2753686995381423E-014 -1.3007870521453029E-014  9.9323576168544676E-015 -1.8396851091773236E-015  1.6900867474182320E-015  5.2419867235406503E-015 -1.7129861106808086E-015  3.0095126561359003E-015  1.5200514510104608E+000  1.9709712686127442E-015  3.8311367966948258E-015 -2.6120500843822078E-015 -6.7969081056629566E-001 -3.2543868772869912E-015  1.5959455978986286E-015  5.3599201119164718E-015  8.1326685110931387E-015 -1.2654438986943239E-014 -8.7294459559597429E-002 -4.0421042204244203E-016  2.4085551261765008E-016 -6.7389939758354506E-015
