 4.1138294071836717E-001 -6.2212345758240299E-003 -1.2019687779786384E-001  3.2269448191329601E-015  3.5020922109060965E-001 -7.0226451179727393E-003 -1.3568046772305520E-001  1.9863770333371742E-015  4.1158651289435054E-017 -6.4412903789856645E-017  4.2714680825610881E-017 -6.5490691409941833E-018 -3.8309884001966958E-017 -2.9777765156998212E-017  2.3360859877385906E-001 -4.5156133497789106E-003 -8.7243555820077395E-002 -1.1643252378027908E-015 -8.6271041671259099E-016
-6.2212345758240299E-003  1.5762738586905276E-001  2.9450549416573353E-003  1.1254121669939308E-016 -7.0226451179720741E-003  6.3765238517461298E-002  3.3244327080288573E-003  2.4505646194385477E-017 -7.5025440138964224E-017  1.5231552679869329E-018 -2.1491067405654183E-018 -7.5957909367792338E-017  9.6200792391837462E-019 -7.4914907502371905E-017 -4.5156133497785342E-003  4.9422974989333561E-002  2.1376351025337976E-003  2.0209191390261621E-016  2.8655437278510867E-016
-1.2019687779786384E-001  2.9450549416573353E-003  2.1437465813362649E-001 -1.5741488351306862E-015 -1.3568046772305406E-001  3.3244327080291279E-003  1.2782261325071331E-001 -1.0119083868165400E-015 -6.8395673770842484E-017  3.0392886066589516E-017 -1.8216503023656926E-017 -4.2032283755897263E-017  1.8172165268854091E-017 -3.2651717898729766E-017 -8.7243555820081448E-002  2.1376351025340825E-003  9.0612346178967740E-002 -5.0412025081487118E-016 -9.3070618523074989E-016
 3.2269448191329601E-015  1.1254121669939308E-016 -1.5741488351306862E-015  1.4603551355801880E-001  2.8186373190081254E-015 -4.8155984048541018E-018 -1.3501292173057259E-015  9.6822323179448111E-002  8.1354189891254714E-004 -3.8895383455440319E-005 -7.5147522491121610E-004 -5.6039779283554789E-004  1.8412589954090533E-005 -2.5314410607777115E-004  1.8727543315248385E-015  9.3000797282465171E-018 -8.6515856553089550E-016 -4.0294721348387408E-002 -2.4126723800939935E-002
 3.5020922109060965E-001 -7.0226451179720741E-003 -1.3568046772305406E-001  2.8186373190081254E-015  3.0435413542819451E-001 -6.8280319720701397E-003 -1.3192045960395779E-001  1.7434213261873429E-015  4.6785526277917987E-017 -5.7018720395779980E-017  3.6941438453137475E-017  2.9570666661246261E-018 -3.3902718923845916E-017 -1.7100942387147334E-017  2.0241218876458636E-001 -4.4715614685852086E-003 -8.6392454882463318E-002 -2.5376650167450145E-016  2.1189703235405481E-016
-7.0226451179727393E-003  6.3765238517461298E-002  3.3244327080291279E-003 -4.8155984048541018E-018 -6.8280319720701397E-003  2.5848153941097688E-002  3.2323052693244351E-003 -2.2804829151895833E-017 -3.1466562783868367E-017  1.3953781516056779E-018 -9.5324044577728662E-019 -3.0515217662630035E-017  8.3037777683337834E-019 -2.9994772551835765E-017 -4.4715614685852615E-003  2.0023380293519577E-002  2.1167814907922145E-003 -1.7693295826654443E-016 -2.2107884929770127E-016
-1.3568046772305520E-001  3.3244327080288573E-003  1.2782261325071331E-001 -1.3501292173057259E-015 -1.3192045960395779E-001  3.2323052693244351E-003  8.8130356071195404E-002 -8.4965311078976725E-016 -4.0891033127377962E-017  2.6903594492839857E-017 -1.7610023480151161E-017 -2.0320538387218537E-017  1.6086791851862689E-017 -1.1096808634012329E-017 -8.6392454882467565E-002  2.1167814907923034E-003  6.0810930258540362E-002  4.0740527705456995E-016  2.6281701045265622E-016
 1.9863770333371742E-015  2.4505646194385477E-017 -1.0119083868165400E-015  9.6822323179448111E-002  1.7434213261873429E-015 -2.2804829151895833E-017 -8.4965311078976725E-016  6.4199227290307151E-002  5.4149101615692319E-004 -2.5888649053297047E-005 -5.0017962651689892E-004 -3.7299906827200594E-004  1.2255363931038307E-005 -1.6849194788543206E-004  1.1557533347127689E-015 -8.7861856171550616E-018 -5.4496916945107214E-016 -2.5197652391130993E-002 -1.4074113050039160E-002
 4.1158651289435054E-017 -7.5025440138964224E-017 -6.8395673770842484E-017  8.1354189891254714E-004  4.6785526277917987E-017 -3.1466562783868367E-017 -4.0891033127377962E-017  5.4149101615692319E-004  5.3386956857580485E-006 -2.5524268157192690E-007 -4.9313963380990393E-006 -3.6774913288656459E-006  1.2082870554415548E-007 -1.6612043568978829E-006  2.9372483510507271E-017 -2.3997325163909823E-017 -2.8743174921812102E-017  3.5622485978458645E-004  6.0087276252006295E-004
-6.4412903789856645E-017  1.5231552679869329E-018  3.0392886066589516E-017 -3.8895383455440319E-005 -5.7018720395779980E-017  1.3953781516056779E-018  2.6903594492839857E-017 -2.5888649053297047E-005 -2.5524268157192690E-007  1.2203135434339242E-008  2.3576972716167367E-007  1.7582061302748629E-007 -5.7768122832376605E-009  7.9422068544702632E-008 -3.7788105595456415E-017  9.1339719877014550E-019  1.7834454957438656E-017 -1.7031086581119607E-005 -2.8727686352075138E-005
 4.2714680825610881E-017 -2.1491067405654183E-018 -1.8216503023656926E-017 -7.5147522491121610E-004  3.6941438453137475E-017 -9.5324044577728662E-019 -1.7610023480151161E-017 -5.0017962651689892E-004 -4.9313963380990393E-006  2.3576972716167367E-007  4.5551706399544612E-006  3.3969284521944012E-006 -1.1161045152793520E-007  1.5344678859097000E-006  2.5219944482073010E-017 -8.7111437596419337E-019 -1.1752577014865499E-017 -3.2904778104648742E-004 -5.5503102539804119E-004
-6.5490691409941833E-018 -7.5957909367792338E-017 -4.2032283755897263E-017 -5.6039779283554789E-004  2.9570666661246261E-018 -3.0515217662630035E-017 -2.0320538387218537E-017 -3.7299906827200594E-004 -3.6774913288656459E-006  1.7582061302748629E-007  3.3969284521944012E-006  2.5331922383138665E-006 -8.3231287766048956E-008  1.1442990905555544E-006  1.6112031513535469E-018 -2.3806829821080479E-017 -1.5224824401425818E-017 -2.4538087767022113E-004 -4.1390341461407975E-004
-3.8309884001966958E-017  9.6200792391837462E-019  1.8172165268854091E-017  1.8412589954090533E-005 -3.3902718923845916E-017  8.3037777683337834E-019  1.6086791851862689E-017  1.2255363931038307E-005  1.2082870554415548E-007 -5.7768122832376605E-009 -1.1161045152793520E-007 -8.3231287766048956E-008  2.7346709651241752E-009 -3.7597417778230565E-008 -2.2504367648940398E-017  5.5645388564106682E-019  1.0675606943061328E-017  8.0623042076086139E-006  1.3599328818410122E-005
-2.9777765156998212E-017 -7.4914907502371905E-017 -3.2651717898729766E-017 -2.5314410607777115E-004 -1.7100942387147334E-017 -2.9994772551835765E-017 -1.1096808634012329E-017 -1.6849194788543206E-004 -1.6612043568978829E-006  7.9422068544702632E-008  1.5344678859097000E-006  1.1442990905555544E-006 -3.7597417778230565E-008  5.1690526634403389E-007 -1.2000312819711531E-017 -2.3362580802720436E-017 -9.1067712968752510E-018 -1.1084398211500162E-004 -1.8696934790693115E-004
 2.3360859877385906E-001 -4.5156133497785342E-003 -8.7243555820081448E-002  1.8727543315248385E-015  2.0241218876458636E-001 -4.4715614685852615E-003 -8.6392454882467565E-002  1.1557533347127689E-015  2.9372483510507271E-017 -3.7788105595456415E-017  2.5219944482073010E-017  1.6112031513535469E-018 -2.2504367648940398E-017 -1.2000312819711531E-017  1.3467351270377767E-001 -2.9214050568347567E-003 -5.6442778733812489E-002 -7.3416019706273119E-016 -5.7521775851672339E-016
-4.5156133497789106E-003  4.9422974989333561E-002  2.1376351025340825E-003  9.3000797282465171E-018 -4.4715614685852086E-003  2.0023380293519577E-002  2.1167814907923034E-003 -8.7861856171550616E-018 -2.3997325163909823E-017  9.1339719877014550E-019 -8.7111437596419337E-019 -2.3806829821080479E-017  5.5645388564106682E-019 -2.3362580802720436E-017 -2.9214050568347567E-003  1.5513440518517852E-002  1.3829567579155162E-003  2.1217175762990735E-017  3.1590999239554325E-017
-8.7243555820077395E-002  2.1376351025337976E-003  9.0612346178967740E-002 -8.6515856553089550E-016 -8.6392454882463318E-002  2.1167814907922145E-003  6.0810930258540362E-002 -5.4496916945107214E-016 -2.8743174921812102E-017  1.7834454957438656E-017 -1.1752577014865499E-017 -1.5224824401425818E-017  1.0675606943061328E-017 -9.1067712968752510E-018 -5.6442778733812489E-002  1.3829567579155162E-003  4.2161168736241983E-002  2.0693107485008014E-016  9.9976281364315415E-017
-1.1643252378027908E-015  2.0209191390261621E-016 -5.0412025081487118E-016 -4.0294721348387408E-002 -2.5376650167450145E-016 -1.7693295826654443E-016  4.0740527705456995E-016 -2.5197652391130993E-002  3.5622485978458645E-004 -1.7031086581119607E-005 -3.2904778104648742E-004 -2.4538087767022113E-004  8.0623042076086139E-006 -1.1084398211500162E-004 -7.3416019706273119E-016  2.1217175762990735E-017  2.0693107485008014E-016  4.2919827591572324E-001  5.3602707168510166E-001
-8.6271041671259099E-016  2.8655437278510867E-016 -9.3070618523074989E-016 -2.4126723800939935E-002  2.1189703235405481E-016 -2.2107884929770127E-016  2.6281701045265622E-016 -1.4074113050039160E-002  6.0087276252006295E-004 -2.8727686352075138E-005 -5.5503102539804119E-004 -4.1390341461407975E-004  1.3599328818410122E-005 -1.8696934790693115E-004 -5.7521775851672339E-016  3.1590999239554325E-017  9.9976281364315415E-017  5.3602707168510166E-001  6.7427046531041213E-001
