 2.5580679555517901E-002 -4.0497002903748115E-002  1.0775766525492417E-001  4.2687357142352638E-017  1.9465844109904359E-002 -3.0816552145606298E-002  8.1999147401346340E-002  9.0363284949870309E-017 -8.2286240145274776E-017 -1.5635751101614827E-017 -1.9906153315973268E-017 -4.9147298838536473E-017 -7.0959780783995434E-018 -4.9284673672039274E-017  1.2882934428505650E-002 -2.0395088872743976E-002  5.4268884164516654E-002  9.6997589331530233E-016  1.3580287228451270E-015
-4.0497002903748115E-002  6.4111167986247830E-002 -1.7059212493784087E-001 -6.5977744648299321E-017 -3.0816552145607967E-002  4.8785959693354877E-002 -1.2981358463172235E-001 -1.4205990034552364E-016  1.2872899087341487E-016  2.4290633822494076E-017  3.2744170216784657E-017  7.6647493137639345E-017  9.2855949030145732E-018  8.0720136948533739E-017 -2.0395088872744657E-002  3.2287647851933381E-002 -8.5913556550515427E-002  9.1698986697899434E-017  2.8293229882790286E-017
 1.0775766525492417E-001 -1.7059212493784087E-001  4.5392517411397609E-001  1.7563408825854930E-016  8.1999147401349934E-002 -1.2981358463172102E-001  3.4541837161466182E-001  3.7805110207361604E-016 -3.4260471604745195E-016 -6.4656191888970820E-017 -8.7070486694162021E-017 -2.0400419518063822E-016 -2.4799390887091978E-017 -2.1465986674053599E-016  5.4268884164517799E-002 -8.5913556550514372E-002  2.2860566471139027E-001 -1.6753818488726683E-016  2.7063528440527841E-017
 4.2687357142352638E-017 -6.5977744648299321E-017  1.7563408825854930E-016  3.8372905301207595E-007  3.0910598001767123E-017 -5.0658660800840819E-017  1.3299116562208726E-016  2.3848960877524094E-007 -3.6889276533452146E-007 -1.1084421725338743E-007  2.9494316126718611E-007 -2.7756027412285397E-007 -4.6692716009901136E-007  6.4645303945303820E-007  2.1755407211833696E-017 -3.3051059832227099E-017  8.9577764634303745E-017  3.9002879583872576E-004  5.2207536727879829E-004
 1.9465844109904359E-002 -3.0816552145607967E-002  8.1999147401349934E-002  3.0910598001767123E-017  1.4812706053751538E-002 -2.3450127615617444E-002  6.2397975667357559E-002  6.7785284136107513E-017 -6.1104524786882936E-017 -1.1443865019171765E-017 -1.6356595489507558E-017 -3.6261483223450760E-017 -3.4860340412025819E-018 -4.0153112533125813E-017  9.8033827725001414E-003 -1.5519823065796639E-002  4.1296386863853625E-002 -8.6043148821015338E-016 -1.1063355835012508E-015
-3.0816552145606298E-002  4.8785959693354877E-002 -1.2981358463172102E-001 -5.0658660800840819E-017 -2.3450127615617444E-002  3.7124107046563000E-002 -9.8782794112432903E-002 -1.0838285120481950E-016  9.8392288031805441E-017  1.8614827862058407E-017  2.4569307142556172E-017  5.8652755811014004E-017  7.6163367232644303E-018  6.0662707504555341E-017 -1.5519823065796318E-002  2.4569570890293924E-002 -6.5376679892733866E-002 -3.8995964991776129E-016 -5.9385613057034255E-016
 8.1999147401346340E-002 -1.2981358463172235E-001  3.4541837161466182E-001  1.3299116562208726E-016  6.2397975667357559E-002 -9.8782794112432903E-002  2.6284916160866212E-001  2.8727166376268003E-016 -2.6007442484125086E-016 -4.9010299248202007E-017 -6.6763690850462055E-017 -1.5476201915710080E-016 -1.8069257595109744E-017 -1.6445775831213161E-016  4.1296386863852681E-002 -6.5376679892733727E-002  1.7395950026483561E-001 -7.9745650616255199E-016 -8.7619387785636696E-016
 9.0363284949870309E-017 -1.4205990034552364E-016  3.7805110207361604E-016  2.3848960877524094E-007  6.7785284136107513E-017 -1.0838285120481950E-016  2.8727166376268003E-016  1.4822253631125904E-007 -2.2926877856673037E-007 -6.8890259416782459E-008  1.8330871376405888E-007 -1.7250515869859065E-007 -2.9019766646400655E-007  4.0177393726262539E-007  4.5668590473301770E-017 -7.1434387647640294E-017  1.9109316496641428E-016  2.4240493181455495E-004  3.2447256499390601E-004
-8.2286240145274776E-017  1.2872899087341487E-016 -3.4260471604745195E-016 -3.6889276533452146E-007 -6.1104524786882936E-017  9.8392288031805441E-017 -2.6007442484125086E-016 -2.2926877856673037E-007  3.5463009967052932E-007  1.0655859779961923E-007 -2.8353964215718113E-007  2.6682883733842585E-007  4.4887414686658752E-007 -6.2145893700478565E-007 -4.1688240468036637E-017  6.4660653514187898E-017 -1.7362396839122498E-016 -3.7494893839198868E-004 -5.0189013429340469E-004
-1.5635751101614827E-017  2.4290633822494076E-017 -6.4656191888970820E-017 -1.1084421725338743E-007 -1.1443865019171765E-017  1.8614827862058407E-017 -4.9010299248202007E-017 -6.8890259416782459E-008  1.0655859779961923E-007  3.2018530789039572E-008 -8.5197468339391076E-008  8.0176236550989504E-008  1.3487687515256569E-007 -1.8673483434935587E-007 -7.9487710851846001E-018  1.2182219702542329E-017 -3.2887093904958144E-017 -1.1266396495566960E-004 -1.5080702120168110E-004
-1.9906153315973268E-017  3.2744170216784657E-017 -8.7070486694162021E-017  2.9494316126718611E-007 -1.6356595489507558E-017  2.4569307142556172E-017 -6.6763690850462055E-017  1.8330871376405888E-007 -2.8353964215718113E-007 -8.5197468339391076E-008  2.2670023991001724E-007 -2.1333934464796703E-007 -3.5889118011811832E-007  4.9687898680181448E-007 -9.8274313907391992E-018  1.6626373651971874E-017 -4.2985730336179227E-017  2.9978529154081927E-004  4.0127938720368447E-004
-4.9147298838536473E-017  7.6647493137639345E-017 -2.0400419518063822E-016 -2.7756027412285397E-007 -3.6261483223450760E-017  5.8652755811014004E-017 -1.5476201915710080E-016 -1.7250515869859065E-007  2.6682883733842585E-007  8.0176236550989504E-008 -2.1333934464796703E-007  2.0076589240880173E-007  3.3773942716922394E-007 -4.6759472974409041E-007 -2.4937596470068791E-017  3.8473425610844882E-017 -1.0355425534456500E-016 -2.8211702668600521E-004 -3.7762942606832704E-004
-7.0959780783995434E-018  9.2855949030145732E-018 -2.4799390887091978E-017 -4.6692716009901136E-007 -3.4860340412025819E-018  7.6163367232644303E-018 -1.8069257595109744E-017 -2.9019766646400655E-007  4.4887414686658752E-007  1.3487687515256569E-007 -3.5889118011811832E-007  3.3773942716922394E-007  5.6816384145733854E-007 -7.8661357403053387E-007 -3.8866547114571109E-018  4.4614792030988906E-018 -1.3858349383267460E-017 -4.7459277990108851E-004 -6.3526899172126558E-004
-4.9284673672039274E-017  8.0720136948533739E-017 -2.1465986674053599E-016  6.4645303945303820E-007 -4.0153112533125813E-017  6.0662707504555341E-017 -1.6445775831213161E-016  4.0177393726262539E-007 -6.2145893700478565E-007 -1.8673483434935587E-007  4.9687898680181448E-007 -4.6759472974409041E-007 -7.8661357403053387E-007  1.0890536667415692E-006 -2.4387416976016428E-017  4.0949818256973700E-017 -1.0621173772921136E-016  6.5706596507358547E-004  8.7951956035583090E-004
 1.2882934428505650E-002 -2.0395088872744657E-002  5.4268884164517799E-002  2.1755407211833696E-017  9.8033827725001414E-003 -1.5519823065796318E-002  4.1296386863852681E-002  4.5668590473301770E-017 -4.1688240468036637E-017 -7.9487710851846001E-018 -9.8274313907391992E-018 -2.4937596470068791E-017 -3.8866547114571109E-018 -2.4387416976016428E-017  6.4880997054425592E-003 -1.0271368750812934E-002  2.7330879724374937E-002  7.4993445458741088E-016  1.0338760454863995E-015
-2.0395088872743976E-002  3.2287647851933381E-002 -8.5913556550514372E-002 -3.3051059832227099E-017 -1.5519823065796639E-002  2.4569570890293924E-002 -6.5376679892733727E-002 -7.1434387647640294E-017  6.4660653514187898E-017  1.2182219702542329E-017  1.6626373651971874E-017  3.8473425610844882E-017  4.4614792030988906E-018  4.0949818256973700E-017 -1.0271368750812934E-002  1.6260695859324825E-002 -4.3267760465777703E-002  2.2571404467925915E-016  2.5456349596789471E-016
 5.4268884164516654E-002 -8.5913556550515427E-002  2.2860566471139027E-001  8.9577764634303745E-017  4.1296386863853625E-002 -6.5376679892733866E-002  1.7395950026483561E-001  1.9109316496641428E-016 -1.7362396839122498E-016 -3.2887093904958144E-017 -4.2985730336179227E-017 -1.0355425534456500E-016 -1.3858349383267460E-017 -1.0621173772921136E-016  2.7330879724374937E-002 -4.3267760465777703E-002  1.1513031864810053E-001  1.0590693596284627E-015  1.5441946954176197E-015
 9.6997589331530233E-016  9.1698986697899434E-017 -1.6753818488726683E-016  3.9002879583872576E-004 -8.6043148821015338E-016 -3.8995964991776129E-016 -7.9745650616255199E-016  2.4240493181455495E-004 -3.7494893839198868E-004 -1.1266396495566960E-004  2.9978529154081927E-004 -2.8211702668600521E-004 -4.7459277990108851E-004  6.5706596507358547E-004  7.4993445458741088E-016  2.2571404467925915E-016  1.0590693596284627E-015  3.9643196257704028E-001  5.3064636424702016E-001
 1.3580287228451270E-015  2.8293229882790286E-017  2.7063528440527841E-017  5.2207536727879829E-004 -1.1063355835012508E-015 -5.9385613057034255E-016 -8.7619387785636696E-016  3.2447256499390601E-004 -5.0189013429340469E-004 -1.5080702120168110E-004  4.0127938720368447E-004 -3.7762942606832704E-004 -6.3526899172126558E-004  8.7951956035583090E-004  1.0338760454863995E-015  2.5456349596789471E-016  1.5441946954176197E-015  5.3064636424702016E-001  7.1029985084479530E-001
