 2.4264730104463417E-001 -1.5357185709086481E-015  3.9024680252955342E-015  5.1394161364662614E-015  3.6787133631070762E-001 -1.4351530830172653E-016  3.9172173537578650E-015 -8.7790198718531586E-016  1.5793642163944652E-016  3.5858643546426109E-016  8.6436055487701681E-017  1.8696185137285389E-016  3.5614056575691051E-016  2.4894659046842970E-016  1.6207233964281859E-001  3.2536322929507457E-016 -3.3833127009405784E-016 -8.3439870529540844E-016  9.4166288579406332E-016  8.3548934842934294E-016  7.6316325592753059E-016 -1.5629921292354895E-016  1.2449462933470435E-015 -8.1576468468479990E-002  7.1192827463880951E-016 -1.4369049976564233E-015  3.0828737578526114E-015 -1.8445818916891729E-001  2.3584576187761830E-015 -7.5439261499992034E-015 -1.6382051990967682E-015  2.9106048353690827E-015  2.0878254684349633E-015  2.1176701011451171E-015  2.0839288143237463E-016  3.5079661791699254E-015  3.0764885878518890E-015 -7.9264057403311363E-015  7.2182602652467065E-002 -1.8740328277566323E-015  6.7414793230224434E-015 -8.7508040661754282E-015  8.3686806255740636E-015  8.6604237191474642E-003 -2.3873249002573667E-016  8.6636488608860226E-016  3.6296367561331223E-015
-1.5357185709086481E-015  2.4264730104468193E-001 -8.2673601632232891E-016  7.0324402892685673E-016 -1.8251946253827687E-015  3.6787133631072561E-001 -4.3958261557680406E-016 -3.9018374489612918E-015 -3.9125068166576995E-017 -1.0020992953299402E-016 -3.6612198998794542E-017 -2.3952452947950032E-016 -8.8616723813428999E-018 -1.6962252314659117E-016  3.9376822527458455E-016  1.6207233964283385E-001 -1.2720821706253535E-015 -2.5979584272310605E-016 -1.1372994138678761E-016  8.0871892557402968E-017 -4.9653769125903660E-016  1.1081898548213340E-016 -8.1348219044471847E-017 -9.0380622918191104E-017 -8.1576468468489774E-002  1.6134569600187494E-015  1.0649372040267910E-014 -1.6419011804934350E-016 -1.8445818916892023E-001  2.8646225248010208E-015 -2.1931250406392857E-015 -2.4840047029844212E-016  9.8249882728865007E-017 -2.8872882046882295E-015  2.8801150504776242E-016 -2.0471415878747623E-015  9.2075298998167720E-015 -5.7674545878051368E-015  5.3490479322173121E-016  7.2182602652476266E-002  1.3416240692437281E-015 -7.0945003311561020E-015  1.9798032325507847E-015  7.1117269979546349E-017  8.6604237191487410E-003  2.0362073242881019E-016  4.8323844692085108E-016
 3.9024680252955342E-015 -8.2673601632232891E-016  2.4264730104473350E-001 -2.2628398385101756E-016  2.2855787800818898E-016  6.1768084519461411E-016  3.6787133631075780E-001 -3.6959821104651615E-015  1.1950716492972395E-015  1.7435154086059353E-017  7.5797428863605093E-017  1.0091925124256280E-015  2.9062704962874257E-016  9.4182239592965024E-016  1.5786029159410013E-015 -5.4442475391564946E-016  1.6207233964281645E-001  1.0949368439569444E-015 -1.6692397834510048E-016 -7.2487288693459278E-016  2.8932134675955205E-015 -3.7896697819514494E-016 -2.7337300204800735E-016 -6.4755668817998510E-018  1.4104644618032810E-015 -8.1576468468489469E-002 -5.5899950723009296E-015  1.5859811023069791E-015  3.9153458702156572E-015 -1.8445818916892553E-001  4.5623746434818269E-015 -6.6308187839547667E-017 -1.6069760897861815E-015  8.7787498323341094E-015 -7.6038555444652210E-016  4.3193375664987183E-016 -4.2210301484651589E-015  2.1749594858860985E-015 -5.4381497270821955E-015 -5.0873920080469189E-015  7.2182602652471950E-002  4.5772945712053343E-015  3.8380357362232276E-016 -7.3188898247043698E-016 -6.6725747494976275E-016  8.6604237191481425E-003  5.4137896754515304E-016
 5.1394161364662614E-015  7.0324402892685673E-016 -2.2628398385101756E-016  3.5817216255877382E-001  6.9298787746214761E-015  6.1872227209606834E-015 -8.3694057130992330E-016  6.8798051195460774E-001 -1.1561709905302197E-013  2.0262559321816628E-016  9.7250892759224988E-016 -6.3105490969401896E-014  1.2756979566110558E-016 -1.9230191698787658E-013 -1.1743160366712457E-016 -1.4997582877156628E-015 -5.8043325877386428E-016 -2.4589719638460538E-013  4.6436628440514294E-016 -2.3938164239297599E-016 -1.3901997213184398E-013  1.2636137961624273E-016 -6.3951535220124848E-014 -1.2722182291868896E-015 -1.1650012135536547E-015 -1.2584131948182083E-015 -3.8932347355162122E-001 -1.0468074827990878E-014 -8.2106908090954013E-015 -3.4666893822019775E-015 -3.8265138924076190E-013  8.3460956012738846E-016  1.5555114598249423E-015 -9.0656962612643888E-014 -3.0401801544392947E-016  2.4114463777819080E-013 -2.8063354750211944E-001  1.4681575015234885E-001  3.4228560799503299E-015  9.3417970271134816E-015  7.4277591678194961E-015  1.2015797515293146E-001 -4.4366294644180668E-002  3.8981416571724329E-016  1.2122622163307085E-015  9.9123739569485924E-016 -1.3606000936408805E-002
 3.6787133631070762E-001 -1.8251946253827687E-015  2.2855787800818898E-016  6.9298787746214761E-015  5.5782911495436227E-001  4.7360172468717310E-016 -2.6057839950870046E-015 -4.8320366053745939E-015  8.0191726261150285E-016  1.0549556849128493E-017 -1.2616985595066391E-016  1.8211252126122402E-016  5.0976424445829548E-016 -7.0551147804710958E-017  2.4592066019200770E-001  7.8613668499567457E-016 -3.7582767166377902E-015  4.0094734895697373E-015 -3.3895831216405443E-015 -1.1266049007419666E-015  2.7069919094310909E-016 -4.2186234690792596E-016 -2.4383714483353425E-015 -1.2007891921587412E-001 -9.7861287591269453E-016  5.9163421774546628E-015 -3.6209023255616407E-014 -2.6755825789224774E-001 -2.6911376741075421E-015  1.4024670097131280E-014  1.1596568094849270E-014 -8.5052881109181356E-015 -3.2106970395889222E-015  8.5972150805287141E-016 -2.0199703808711830E-016 -6.2602125709906558E-015 -3.7336908032540408E-014  4.3476671506676077E-014  9.8960033363115624E-002  7.6904269638296676E-015 -1.4332874893451360E-014  4.7035747048103352E-014 -3.5959122049155279E-014  1.1785050720947749E-002  1.0304010566971758E-015 -1.8618919204798487E-015 -1.5090125573137978E-014
-1.4351530830172653E-016  3.6787133631072561E-001  6.1768084519461411E-016  6.1872227209606834E-015  4.7360172468717310E-016  5.5782911495430698E-001  1.9580849953793983E-015  2.7252094166204975E-015 -3.0459437752969569E-017 -1.3255343366618760E-016 -2.6111024758349133E-017 -3.3012315033032072E-016 -5.4392680202501500E-017 -2.6344134090725961E-016  2.0789403525665402E-015  2.4592066019199402E-001 -6.2807365518045085E-016 -1.2790716981207919E-016  2.3744989061841424E-017  4.2494781738473641E-016 -6.2993078363162247E-016 -3.0037212631230206E-016 -4.5005211617549445E-016 -9.8790935685983842E-016 -1.2007891921587341E-001  4.2959192734075471E-016 -1.6492544250904579E-014 -2.2020008605804550E-015 -2.6755825789222332E-001 -1.7428213600617646E-015 -2.6430139805271078E-015  1.5082625977251841E-016  9.5984448808374564E-016 -4.0887914082330656E-015 -7.9233973374463596E-016 -3.9264887794683455E-015 -1.8417893665374487E-014  2.0222372013214130E-014  1.8596702897056252E-015  9.8960033363081984E-002  4.8664996449918982E-016  1.8403169546505202E-014 -4.7590831439252049E-015  2.3859856088963003E-016  1.1785050720943381E-002  5.7733468706580622E-017 -3.8066569041215834E-016
 3.9172173537578650E-015 -4.3958261557680406E-016  3.6787133631075780E-001 -8.3694057130992330E-016 -2.6057839950870046E-015  1.9580849953793983E-015  5.5782911495428578E-001 -6.9310651075437657E-015  1.8909072359698862E-015 -1.4803565787096138E-017  3.7079125479339706E-016  1.0274318805752416E-015  5.3272162372610847E-016  1.8270597619829985E-015  7.7868289412489326E-016 -6.0037038939562286E-016  2.4592066019193684E-001  2.4231928028744866E-015 -8.9492676881304174E-016  1.2764804245695400E-015 -2.6631121058686633E-016  4.9806382124426267E-016  3.3830178848899633E-015 -4.0234064994577239E-015 -3.6054069957018007E-015 -1.2007891921586115E-001 -1.7890197070271038E-014 -1.1555304781606054E-014 -1.2679299534310985E-014 -2.6755825789220788E-001  8.8668483659947232E-015 -1.7525761092873264E-015  3.9226208960600536E-015  7.6815072341106171E-016  1.6921755797929372E-015  1.0724294142594059E-014 -1.7541030197746440E-014  2.1710325455516603E-015  1.4456284205734788E-014  1.6991874562302939E-014  9.8960033363088007E-002  2.6517454976371965E-015 -5.5490755154287229E-015  1.8870157647283881E-015  2.2285585451539347E-015  1.1785050720944322E-002 -3.5519522264474581E-015
-8.7790198718531586E-016 -3.9018374489612918E-015 -3.6959821104651615E-015  6.8798051195460774E-001 -4.8320366053745939E-015  2.7252094166204975E-015 -6.9310651075437657E-015  1.3235105620667218E+000 -1.7458903982605020E-013  3.5902050730797604E-016  1.5708426905195959E-015 -1.2482932896395549E-013  3.3731630486763432E-016 -4.3756030910673664E-013 -5.1120154618275357E-015 -5.0510063093266487E-015 -2.3654500943153675E-015  2.5748003920088899E-014  2.0547225539209885E-015 -2.7142734427766468E-015 -2.3970283287555394E-013  8.7223571806056272E-016 -6.8518896016090371E-013  2.5558307109575523E-015  1.5440276128942664E-015  3.2768159337519276E-015 -7.0860543577528012E-001 -2.8248030462876576E-016 -1.6385479115242906E-015  1.3062341149825368E-014  5.9762638565395954E-013  4.3220686968839654E-015 -3.0732954771846021E-015 -9.8554450773303698E-014  1.1083947997881025E-015 -1.0381882481667713E-012 -4.9595080006250392E-001  2.5605516208547574E-001 -5.5460208632748188E-015 -4.8438478039864317E-015 -1.7888960424209047E-014  2.0849456336566463E-001 -7.7320172643524712E-002 -7.6544210547234682E-016 -6.7386760666328618E-016 -2.3388779457706735E-015 -2.3751951462374625E-002
 1.5793642163944652E-016 -3.9125068166576995E-017  1.1950716492972395E-015 -1.1561709905302197E-013  8.0191726261150285E-016 -3.0459437752969569E-017  1.8909072359698862E-015 -1.7458903982605020E-013  2.1580401331777401E-003 -9.7645958155114559E-018  9.5602914690628347E-017 -1.0790200665952926E-003 -8.8946929791372477E-017 -1.0790200665875046E-003 -3.0410282062230677E-016 -5.8866460503154928E-017  6.9736085048645216E-016  1.9903331551854482E-002 -2.6945134491760153E-016  4.5577148825951029E-016 -9.9516657759624871E-003 -1.0753659247798813E-015 -9.9516657759031214E-003  5.1136061034094142E-017  1.9786563083176906E-017 -6.3486274630552676E-016 -6.8513541291783483E-014 -1.0415090100022640E-015 -1.2421626126531707E-016 -1.9828106866113465E-015  5.3277120586768902E-002 -6.7703004660862038E-016  1.4990179236802842E-015 -2.6638560293467270E-002 -2.7993286941949027E-015 -2.6638560293338678E-002 -2.1531462267684896E-014  4.4681646572874657E-014  8.1380526073380982E-016 -1.4718616606263732E-015  3.3708821719142133E-016  4.6575148292238872E-014 -2.0091878204142516E-014  1.0285820323561151E-016 -2.0125865742800775E-016  3.2696309893807655E-017 -6.4027271780370911E-015
 3.5858643546426109E-016 -1.0020992953299402E-016  1.7435154086059353E-017  2.0262559321816628E-016  1.0549556849128493E-017 -1.3255343366618760E-016 -1.4803565787096138E-017  3.5902050730797604E-016 -9.7645958155114559E-018  2.1580401331845367E-003  7.1452920103510192E-018  5.8724794233450110E-017  1.7029756223225225E-016 -1.3187286549148341E-016  5.8616135728302676E-016 -5.6390760158863781E-017  9.1108571793868825E-017 -2.1358782797163737E-017  1.9903331551899824E-002  5.7161806687225795E-017  4.4094841168215002E-016  8.0392450242299212E-016 -9.8217874805408303E-016 -5.8403977313218047E-016 -8.8721494737988508E-017  7.5707371809388014E-016 -2.0519771512252110E-015 -8.3871245492336751E-016 -2.8938339913292572E-016  2.4843403738374896E-015 -1.0961283963678510E-016  5.3277120586859385E-002  2.7171461695203566E-016  1.2378132915365907E-015  2.2685658851047095E-015 -2.9522554106233461E-015 -2.8211916916077132E-015  3.3125123651532305E-015  1.7667500155888345E-015 -2.3444672831591759E-016 -3.6059108621597624E-015  3.0109883656882503E-015 -4.8086458903516962E-016  2.3576265977576764E-016 -3.4131827664608779E-017 -4.7301529643500977E-016  1.1968503033990408E-016
 8.6436055487701681E-017 -3.6612198998794542E-017  7.5797428863605093E-017  9.7250892759224988E-016 -1.2616985595066391E-016 -2.6111024758349133E-017  3.7079125479339706E-016  1.5708426905195959E-015  9.5602914690628347E-017  7.1452920103510192E-018  2.1580401331856127E-003 -1.4047490858801823E-016 -1.0567210487796716E-016  2.0953392829398146E-016  1.5820496735187959E-016 -8.6056637071349785E-017 -1.2543565893410393E-016  3.6112063860048016E-016 -7.2025117329163839E-017  1.9903331551905115E-002 -7.8212311844039005E-016 -7.9889288848828625E-016  5.3554166309912883E-016 -8.1058968322758893E-017 -9.7988848937754246E-017  1.1588759095870257E-016 -2.2546264541426087E-015  7.2212393114610549E-017 -3.6916783227310481E-016 -2.5319483421127615E-016  1.1446464436013315E-015 -1.1572291180330327E-016  5.3277120586872034E-002 -2.2493671422014617E-015 -2.1223820803313669E-015  1.5542038142579140E-015 -1.9249083056236110E-015  1.0406205502060475E-015 -4.2305558468546368E-016  1.8808572854091769E-016  4.4421957199922185E-016  9.4396483298206361E-016 -5.0066250660725802E-016 -5.6930981834184315E-017  2.2698991434140671E-017  5.8778065103506631E-017 -2.0367122987954426E-016
 1.8696185137285389E-016 -2.3952452947950032E-016  1.0091925124256280E-015 -6.3105490969401896E-014  1.8211252126122402E-016 -3.3012315033032072E-016  1.0274318805752416E-015 -1.2482932896395549E-013 -1.0790200665952926E-003  5.8724794233450110E-017 -1.4047490858801823E-016  2.1580401331818982E-003 -1.3793148040574154E-016 -1.0790200665881200E-003  1.5204859395171660E-016 -4.3437493918964938E-017  8.0800137740044345E-016 -9.9516657759683037E-003 -2.0402990820328200E-016 -3.3556057238361350E-016  1.9903331551881266E-002 -2.5843822253685439E-016 -9.9516657759171484E-003  6.2942306536670670E-017  9.3671569507063120E-016 -3.2424646805805701E-016 -8.5145866131205032E-014  7.2232949154288526E-016  3.3245526121638556E-015 -1.4815819634946230E-016 -2.6638560293484957E-002 -3.7872537137637629E-016 -1.1271772360961031E-015  5.3277120586820999E-002 -8.4702955912270065E-016 -2.6638560293359068E-002 -9.7454736836263049E-014  6.9761012028596276E-014  2.9048986364212909E-015 -9.3040685779945203E-016  2.0572745858838831E-015  5.7770198219579211E-014 -2.0308893093841105E-014  4.0064918170721812E-016 -1.0430691765668951E-016  2.7993216476210262E-016 -5.7656193402409585E-015
 3.5614056575691051E-016 -8.8616723813428999E-018  2.9062704962874257E-016  1.2756979566110558E-016  5.0976424445829548E-016 -5.4392680202501500E-017  5.3272162372610847E-016  3.3731630486763432E-016 -8.8946929791372477E-017  1.7029756223225225E-016 -1.0567210487796716E-016 -1.3793148040574154E-016  2.1580401331854873E-003  1.6943708263666688E-016  1.7567224695169921E-016  1.2199500183953552E-017  1.5029047992845575E-016  2.0771280745712242E-016  7.2508045223107806E-016 -1.5567353839791060E-016 -9.7878892219993691E-016  1.9903331551904702E-002  6.4991143976903600E-016 -4.2952122646571584E-016  2.5847315354559368E-016 -7.5954436512223460E-016  7.4345767100291021E-016 -1.4298763458539436E-015  7.2290307653504888E-016 -2.3682261291373878E-015  5.3188248076639604E-016  1.8613716304920337E-015 -5.0547665215290277E-016 -2.6152752110201327E-015  5.3277120586870556E-002  1.7810731188504015E-015  6.3590656908716875E-016 -2.1917125592502139E-015  6.7068570988305181E-016 -1.5187505184004741E-015  3.3682582389778583E-015 -2.6485195057602643E-015  2.1281331456053588E-015  8.1506550246769013E-017 -2.0163605665755562E-016  4.4274650615148087E-016  8.7720753829868179E-016
 2.4894659046842970E-016 -1.6962252314659117E-016  9.4182239592965024E-016 -1.9230191698787658E-013 -7.0551147804710958E-017 -2.6344134090725961E-016  1.8270597619829985E-015 -4.3756030910673664E-013 -1.0790200665875046E-003 -1.3187286549148341E-016  2.0953392829398146E-016 -1.0790200665881200E-003  1.6943708263666688E-016  2.1580401331821957E-003  6.5591765203730453E-016 -7.6139099210628583E-017  5.8518938063464793E-016 -9.9516657759328164E-003 -2.9120315100339789E-016  1.3984852772360941E-015 -9.9516657759327505E-003  8.0401722606074083E-016  1.9903331551880878E-002  6.8361436636583218E-016  1.1359126210893578E-015 -6.5969730102066496E-016  8.8374690213472231E-014  3.7397446042471808E-015  3.7652384487852803E-015 -1.9238750892823201E-015 -2.6638560293408792E-002 -9.9117762608631836E-016  3.6933347005745688E-015 -2.6638560293391123E-002  2.2283200675275950E-015  5.3277120586859981E-002 -1.0586382094890348E-013  3.8461407084442063E-014  6.1160468151358255E-016 -2.0736400131480677E-015  3.2142373374977111E-015  3.0992791904358773E-014 -8.4812096496849531E-015  1.0965757603921162E-016 -2.5707971335753828E-016  4.2485984452147672E-016 -3.4161694276885253E-015
 1.6207233964281859E-001  3.9376822527458455E-016  1.5786029159410013E-015 -1.1743160366712457E-016  2.4592066019200770E-001  2.0789403525665402E-015  7.7868289412489326E-016 -5.1120154618275357E-015 -3.0410282062230677E-016  5.8616135728302676E-016  1.5820496735187959E-016  1.5204859395171660E-016  1.7567224695169921E-016  6.5591765203730453E-016  1.0889125331355121E-001  1.1262041976280774E-015 -6.7930687117048465E-016 -4.1204852778677272E-015  3.8863797001222552E-015  1.4811129469565107E-015  5.4281184071470019E-016 -4.3834113460586225E-016  4.6252125242433463E-015 -4.5977708497917179E-002  1.3930707800055288E-016 -4.2188339410485989E-015  5.1102562047680385E-014 -9.3052533700686321E-002  3.3263580065092560E-016 -1.4858340252609621E-014 -1.0727444510551734E-014  1.0662069148003160E-014  3.9203880328629610E-015  1.5383845166083083E-015 -8.6287731313450639E-016  1.2545196474831470E-014  5.1097979468945107E-014 -7.0603306362850604E-014  4.4400655923469971E-002 -1.0684053509049226E-014  1.7012595759230048E-014 -7.6445443926957998E-014  5.9248921744206719E-014  5.4694035162094852E-003 -1.4524437228377941E-015  2.2157280757340640E-015  2.4588850478980786E-014
 3.2536322929507457E-016  1.6207233964283385E-001 -5.4442475391564946E-016 -1.4997582877156628E-015  7.8613668499567457E-016  2.4592066019199402E-001 -6.0037038939562286E-016 -5.0510063093266487E-015 -5.8866460503154928E-017 -5.6390760158863781E-017 -8.6056637071349785E-017 -4.3437493918964938E-017  1.2199500183953552E-017 -7.6139099210628583E-017  1.1262041976280774E-015  1.0889125331355082E-001 -7.2517556332273291E-016 -2.8904654429212165E-016  1.1083961342537288E-016 -4.3911572122934664E-016  1.9580644810173846E-016  1.6834974578561374E-016 -3.3175196689190377E-016  2.3154978612294185E-016 -4.5977708497916513E-002 -1.4066780138637017E-015  3.3784832429766489E-014  1.0128676983165865E-015 -9.3052533700669335E-002 -5.9738070940963729E-015 -1.8781183239914190E-015  3.3916731065035580E-016 -1.2598255475552960E-015 -5.1776939869887061E-016  4.6897940810442285E-016 -2.0060606539261347E-015  3.4490584837853720E-014 -2.7014095874551910E-014 -4.4511872402863488E-015  4.4400655923491919E-002  3.4687393674194914E-015 -2.7126562725784629E-014  1.6720752908757952E-015 -5.9868717898347875E-016  5.4694035162126085E-003  4.2859650073818147E-016 -1.9970587736220051E-015
-3.3833127009405784E-016 -1.2720821706253535E-015  1.6207233964281645E-001 -5.8043325877386428E-016 -3.7582767166377902E-015 -6.2807365518045085E-016  2.4592066019193684E-001 -2.3654500943153675E-015  6.9736085048645216E-016  9.1108571793868825E-017 -1.2543565893410393E-016  8.0800137740044345E-016  1.5029047992845575E-016  5.8518938063464793E-016 -6.7930687117048465E-016 -7.2517556332273291E-016  1.0889125331350459E-001 -3.3043851540869224E-017  2.6985817884127214E-016 -2.1124364408182092E-015  2.9200177402655441E-015 -3.9113894179395172E-016 -5.5778623067265600E-016  7.7989508297581464E-015  6.5618394755944464E-015 -4.5977708497897403E-002  1.1397252176698011E-014  2.5657156520891509E-014  2.0493594580196069E-014 -9.3052533700629186E-002  7.5120338424756617E-016  1.1219435118038703E-015 -5.4244263031388132E-015  8.2757066406587639E-015 -8.8727213961552184E-016 -9.7704104864611038E-016  1.3550466191896847E-014 -9.0180978033134280E-015 -2.3986780443851878E-014 -2.1858096042382555E-014  4.4400655923460042E-002 -6.2634309197571972E-015  2.0427039146168256E-014 -3.0962967514360775E-015 -2.8447815185798943E-015  5.4694035162085441E-003  1.1066688422964582E-014
-8.3439870529540844E-016 -2.5979584272310605E-016  1.0949368439569444E-015 -2.4589719638460538E-013  4.0094734895697373E-015 -1.2790716981207919E-016  2.4231928028744866E-015  2.5748003920088899E-014  1.9903331551854482E-002 -2.1358782797163737E-017  3.6112063860048016E-016 -9.9516657759683037E-003  2.0771280745712242E-016 -9.9516657759328164E-003 -4.1204852778677272E-015 -2.8904654429212165E-016 -3.3043851540869224E-017  1.8356591278018602E-001 -1.8513836297374247E-015 -5.9826275877581792E-016 -9.1782956390250497E-002 -4.3628295420841188E-016 -9.1782956390038167E-002  4.4498574764225574E-015  1.4199092026486301E-015 -7.0642929486988168E-016 -3.5969522074856180E-013  3.2331462767874586E-015  4.2308849379922667E-015 -4.0082953079536468E-015  4.9136815338329831E-001 -4.5475775922732874E-015  9.7187882741935943E-016 -2.4568407669196440E-001 -4.3736715638114227E-016 -2.4568407669167569E-001  4.3474392131030157E-013 -4.8904317688609909E-014  1.7178246152853250E-015 -1.2106864493068242E-015  3.6175358256783509E-015  7.5953946978202129E-015 -1.0337437503259452E-014  2.4648392736906693E-016 -1.3566898392969549E-016  4.6432807655503126E-016 -1.3452528418802577E-016
 9.4166288579406332E-016 -1.1372994138678761E-016 -1.6692397834510048E-016  4.6436628440514294E-016 -3.3895831216405443E-015  2.3744989061841424E-017 -8.9492676881304174E-016  2.0547225539209885E-015 -2.6945134491760153E-016  1.9903331551899824E-002 -7.2025117329163839E-017 -2.0402990820328200E-016  7.2508045223107806E-016 -2.9120315100339789E-016  3.8863797001222552E-015  1.1083961342537288E-016  2.6985817884127214E-016 -1.8513836297374247E-015  1.8356591278044423E-001 -7.3720496124742232E-016 -2.8100894007572994E-015 -4.0366286837645514E-016 -5.2659699517699708E-016 -2.1856293457591584E-015 -1.2726352273171291E-016 -5.5389712962529010E-016  1.2255994775121413E-014  1.3381537692495085E-015  3.0969223567531311E-016 -1.6268481033660813E-015 -5.4400928206654711E-015  4.9136815338370465E-001 -8.7065161395555720E-016 -6.9921282305771833E-015  2.0692167868477910E-017 -4.3903682772633452E-015  6.2871694336808771E-015 -1.7749206778603283E-015 -2.4743376396664814E-015  1.0778291222796061E-016  1.4312132982321712E-015 -5.5481116810837803E-015  2.1989874301062449E-015 -3.2138718918823407E-016  1.4826405310554357E-017  1.9600896876552300E-016  9.9298474534902889E-016
 8.3548934842934294E-016  8.0871892557402968E-017 -7.2487288693459278E-016 -2.3938164239297599E-016 -1.1266049007419666E-015  4.2494781738473641E-016  1.2764804245695400E-015 -2.7142734427766468E-015  4.5577148825951029E-016  5.7161806687225795E-017  1.9903331551905115E-002 -3.3556057238361350E-016 -1.5567353839791060E-016  1.3984852772360941E-015  1.4811129469565107E-015 -4.3911572122934664E-016 -2.1124364408182092E-015 -5.9826275877581792E-016 -7.3720496124742232E-016  1.8356591278045037E-001  1.6406689375147530E-015  1.8647091520624335E-016  1.3660947374442382E-017 -1.2062468690266275E-015  9.4572668503341192E-017  1.8281298301234485E-015 -1.2963353158085962E-015 -6.3212008350876189E-016  2.0538269600399516E-016 -5.2377345929104863E-016  4.0332320819608018E-017 -1.2442880113847788E-015  4.9136815338370715E-001  2.9551014413277965E-015  6.4319785662933823E-016  1.1505553454423886E-015 -1.8747910807313883E-016 -1.1345161016296260E-015  5.3377046815007760E-016 -1.1432940127918991E-016 -6.1570679390032961E-017 -6.4555098667436282E-016  8.3318327559277135E-016  7.0315345701204150E-017 -1.7930096609048473E-017 -1.2515860334271369E-017  3.0950358209073896E-016
 7.6316325592753059E-016 -4.9653769125903660E-016  2.8932134675955205E-015 -1.3901997213184398E-013  2.7069919094310909E-016 -6.2993078363162247E-016 -2.6631121058686633E-016 -2.3970283287555394E-013 -9.9516657759624871E-003  4.4094841168215002E-016 -7.8212311844039005E-016  1.9903331551881266E-002 -9.7878892219993691E-016 -9.9516657759327505E-003  5.4281184071470019E-016  1.9580644810173846E-016  2.9200177402655441E-015 -9.1782956390250497E-002 -2.8100894007572994E-015  1.6406689375147530E-015  1.8356591278032644E-001  3.2173699468491818E-016 -9.1782956390114565E-002  3.8337344589001726E-016  6.7814224464459992E-016 -2.8772893194279528E-015 -9.8902978150111717E-014  3.6906759270693796E-015  3.2534302629499351E-015 -4.7144613897892379E-015 -2.4568407669198392E-001 -5.9789413003886180E-015  2.2801855889563833E-015  4.9136815338349338E-001 -5.7156428028035533E-016 -2.4568407669172182E-001  4.0266142203866380E-014  7.5170896732023388E-014  1.4533754950347718E-015 -3.9232935696745886E-015  4.5906476400386362E-015  4.7267163359497890E-014 -2.6348844510412020E-014  2.2346646359039693E-016 -5.1257717046443304E-016  5.9795236599424474E-016 -5.9986566595987587E-015
-1.5629921292354895E-016  1.1081898548213340E-016 -3.7896697819514494E-016  1.2636137961624273E-016 -4.2186234690792596E-016 -3.0037212631230206E-016  4.9806382124426267E-016  8.7223571806056272E-016 -1.0753659247798813E-015  8.0392450242299212E-016 -7.9889288848828625E-016 -2.5843822253685439E-016  1.9903331551904702E-002  8.0401722606074083E-016 -4.3834113460586225E-016  1.6834974578561374E-016 -3.9113894179395172E-016 -4.3628295420841188E-016 -4.0366286837645514E-016  1.8647091520624335E-016  3.2173699468491818E-016  1.8356591278045348E-001 -1.0027785893320071E-015  7.0693428555626502E-016  4.8252033876233415E-018  3.1571010990199718E-016  1.1545807899650031E-015  1.6275765874678949E-015 -6.3181494802644771E-016  6.4272357998934886E-016 -1.3901640255613735E-015 -1.7614947993077267E-015 -3.0616344691685957E-016  9.0614907070887959E-016  4.9136815338371187E-001 -2.3019780526213382E-015  1.1096879840807004E-015  9.3644595604270195E-016  2.8254738895016897E-016  1.3396684197077424E-015 -1.7358025284353252E-015  1.3441807312246353E-015 -2.0823670595401936E-015  4.6866946949521939E-017  1.8135796864503316E-016 -2.3310456385118728E-016 -9.5885284616293093E-016
 1.2449462933470435E-015 -8.1348219044471847E-017 -2.7337300204800735E-016 -6.3951535220124848E-014 -2.4383714483353425E-015 -4.5005211617549445E-016  3.3830178848899633E-015 -6.8518896016090371E-013 -9.9516657759031214E-003 -9.8217874805408303E-016  5.3554166309912883E-016 -9.9516657759171484E-003  6.4991143976903600E-016  1.9903331551880878E-002  4.6252125242433463E-015 -3.3175196689190377E-016 -5.5778623067265600E-016 -9.1782956390038167E-002 -5.2659699517699708E-016  1.3660947374442382E-017 -9.1782956390114565E-002 -1.0027785893320071E-015  1.8356591278029394E-001 -2.1746707739223866E-015  3.4841078751847762E-016 -5.4868393171995921E-016  2.3652247461712867E-013  3.3644432122262658E-015  5.3491995324451354E-016 -3.6518602776048511E-015 -2.4568407669158912E-001 -3.3621109368776072E-015 -4.2457357074308204E-016 -2.4568407669163239E-001 -1.9813794702175867E-015  4.9136815338377549E-001 -9.0617576960237354E-013  2.3692798906391357E-013  7.3923224155958834E-016 -6.4595690606899479E-018  3.2563705937666511E-015  1.6874194494417507E-013 -3.4180030925090873E-014  1.3269708265310400E-016  2.0950199382733146E-018  4.1669765094567425E-016 -1.4583926910315327E-014
-8.1576468468479990E-002 -9.0380622918191104E-017 -6.4755668817998510E-018 -1.2722182291868896E-015 -1.2007891921587412E-001 -9.8790935685983842E-016 -4.0234064994577239E-015  2.5558307109575523E-015  5.1136061034094142E-017 -5.8403977313218047E-016 -8.1058968322758893E-017  6.2942306536670670E-017 -4.2952122646571584E-016  6.8361436636583218E-016 -4.5977708497917179E-002  2.3154978612294185E-016  7.7989508297581464E-015  4.4498574764225574E-015 -2.1856293457591584E-015 -1.2062468690266275E-015  3.8337344589001726E-016  7.0693428555626502E-016 -2.1746707739223866E-015  1.5773475436645801E-001 -7.8709271236137233E-016 -3.0541975198914924E-015 -4.6105075066972191E-014  5.1068249673269117E-001  4.7188432243727560E-017  1.2480468047914306E-014  1.0287125572104699E-014 -6.4582343426773584E-015 -2.1954501327186144E-015  1.6772126823334661E-015  4.8074034991769068E-016 -5.5423393868167105E-015 -4.3054659343663231E-014  5.5211349783735760E-014 -2.6026708956548567E-001  7.6158210633268881E-015 -1.3461237333145111E-014  6.4774758382881037E-014 -4.7965071049424143E-014 -3.2019482098843345E-002  1.0374634989019721E-015 -1.7470291706344702E-015 -1.9809286179851273E-014
 7.1192827463880951E-016 -8.1576468468489774E-002  1.4104644618032810E-015 -1.1650012135536547E-015 -9.7861287591269453E-016 -1.2007891921587341E-001 -3.6054069957018007E-015  1.5440276128942664E-015  1.9786563083176906E-017 -8.8721494737988508E-017 -9.7988848937754246E-017  9.3671569507063120E-016  2.5847315354559368E-016  1.1359126210893578E-015  1.3930707800055288E-016 -4.5977708497916513E-002  6.5618394755944464E-015  1.4199092026486301E-015 -1.2726352273171291E-016  9.4572668503341192E-017  6.7814224464459992E-016  4.8252033876233415E-018  3.4841078751847762E-016 -7.8709271236137233E-016  1.5773475436646217E-001 -2.1968752193518182E-015 -3.1223201804308105E-014 -1.4496497444472178E-015  5.1068249673268407E-001  7.9381854973965797E-015  2.9913554152984464E-015 -2.7850110716984193E-016  2.8755013443051957E-016  1.5232817533930764E-015  6.7725943188938773E-016  3.2944364722701888E-015 -2.3196990971890775E-014  1.7601997316341625E-014  4.8285912594782644E-015 -2.6026708956548772E-001 -3.9349268121020217E-015  2.2247251183020156E-014 -9.3736881545065188E-016  6.6143736650876535E-016 -3.2019482098843775E-002 -5.0436912724118766E-016  1.7123485825999686E-015
-1.4369049976564233E-015  1.6134569600187494E-015 -8.1576468468489469E-002 -1.2584131948182083E-015  5.9163421774546628E-015  4.2959192734075471E-016 -1.2007891921586115E-001  3.2768159337519276E-015 -6.3486274630552676E-016  7.5707371809388014E-016  1.1588759095870257E-016 -3.2424646805805701E-016 -7.5954436512223460E-016 -6.5969730102066496E-016 -4.2188339410485989E-015 -1.4066780138637017E-015 -4.5977708497897403E-002 -7.0642929486988168E-016 -5.5389712962529010E-016  1.8281298301234485E-015 -2.8772893194279528E-015  3.1571010990199718E-016 -5.4868393171995921E-016 -3.0541975198914924E-015 -2.1968752193518182E-015  1.5773475436646037E-001 -6.9488897010273628E-015 -2.2099509722206335E-014 -1.4546828129725432E-014  5.1068249673268362E-001 -6.0128564719220733E-015  7.0852922621551212E-016  4.8395268632094575E-015 -1.1374695648373755E-014  1.6716251760291455E-016 -5.5630607618998784E-015 -3.0829393711460347E-015  1.0131169452570545E-014  1.7731259169262348E-014  1.3134594862952595E-014 -2.6026708956549038E-001  1.1198413830723118E-014 -2.5207190400220195E-014  2.2645730776704621E-015  1.6724620558966879E-015 -3.2019482098844219E-002 -1.2896314366897722E-014
 3.0828737578526114E-015  1.0649372040267910E-014 -5.5899950723009296E-015 -3.8932347355162122E-001 -3.6209023255616407E-014 -1.6492544250904579E-014 -1.7890197070271038E-014 -7.0860543577528012E-001 -6.8513541291783483E-014 -2.0519771512252110E-015 -2.2546264541426087E-015 -8.5145866131205032E-014  7.4345767100291021E-016  8.8374690213472231E-014  5.1102562047680385E-014  3.3784832429766489E-014  1.1397252176698011E-014 -3.5969522074856180E-013  1.2255994775121413E-014 -1.2963353158085962E-015 -9.8902978150111717E-014  1.1545807899650031E-015  2.3652247461712867E-013 -4.6105075066972191E-014 -3.1223201804308105E-014 -6.9488897010273628E-015  1.1909675756486415E+000  3.6501099530565541E-015 -1.0632490511202375E-014  3.4114863740651433E-014 -1.2611028893285415E-012  2.4670595942229602E-014 -6.5469457902885665E-015 -5.0681992242351214E-013  4.3683292439029633E-015  2.7570114610713934E-013  1.1406798985353166E+000 -7.3924191008856044E-001 -1.7838496400165748E-014  1.4793511693454652E-014 -8.6062124803747869E-016 -6.6100864201593668E-001  2.5827432072671380E-001 -2.2524675483736565E-015  2.1749808624756427E-015  2.3070315202639405E-016  8.0212412785251902E-002
-1.8445818916891729E-001 -1.6419011804934350E-016  1.5859811023069791E-015 -1.0468074827990878E-014 -2.6755825789224774E-001 -2.2020008605804550E-015 -1.1555304781606054E-014 -2.8248030462876576E-016 -1.0415090100022640E-015 -8.3871245492336751E-016  7.2212393114610549E-017  7.2232949154288526E-016 -1.4298763458539436E-015  3.7397446042471808E-015 -9.3052533700686321E-002  1.0128676983165865E-015  2.5657156520891509E-014  3.2331462767874586E-015  1.3381537692495085E-015 -6.3212008350876189E-016  3.6906759270693796E-015  1.6275765874678949E-015  3.3644432122262658E-015  5.1068249673269117E-001 -1.4496497444472178E-015 -2.2099509722206335E-014  3.6501099530565541E-015  1.6939133065413772E+000  1.6699767708198209E-015  2.5431046157817752E-015  3.2738679673843747E-015  1.9533781971401143E-015  1.7111886059043391E-015  1.2059238187825198E-014 -5.6413480865864545E-016  1.0297633339831852E-014  1.5531850273845761E-014 -3.0763010555014299E-014 -7.4669883151279426E-001 -3.1022957653422086E-015  4.3836462237935201E-015 -1.6897549374875252E-014  1.7201886975759320E-014 -9.0298558009455396E-002 -4.1310649671688739E-016  6.2894568025885483E-016  7.0688869165857865E-015
 2.3584576187761830E-015 -1.8445818916892023E-001  3.9153458702156572E-015 -8.2106908090954013E-015 -2.6911376741075421E-015 -2.6755825789222332E-001 -1.2679299534310985E-014 -1.6385479115242906E-015 -1.2421626126531707E-016 -2.8938339913292572E-016 -3.6916783227310481E-016  3.3245526121638556E-015  7.2290307653504888E-016  3.7652384487852803E-015  3.3263580065092560E-016 -9.3052533700669335E-002  2.0493594580196069E-014  4.2308849379922667E-015  3.0969223567531311E-016  2.0538269600399516E-016  3.2534302629499351E-015 -6.3181494802644771E-016  5.3491995324451354E-016  4.7188432243727560E-017  5.1068249673268407E-001 -1.4546828129725432E-014 -1.0632490511202375E-014  1.6699767708198209E-015  1.6939133065412950E+000  3.6610053977882463E-016  7.7526934184100977E-015  1.0627410476721646E-015  5.6828673464079890E-016  7.6269002930272309E-015  3.9400765513066938E-016  8.7308103404187703E-015  1.9614841890235644E-014 -2.1442088101381905E-014 -2.3681335249714107E-015 -7.4669883151277816E-001  7.7315071754532935E-016 -5.4611279358749825E-015  4.0316265175576253E-015 -2.6165271244992974E-016 -9.0298558009454077E-002 -2.3151647738922030E-019  9.0545839782092382E-016
-7.5439261499992034E-015  2.8646225248010208E-015 -1.8445818916892553E-001 -3.4666893822019775E-015  1.4024670097131280E-014 -1.7428213600617646E-015 -2.6755825789220788E-001  1.3062341149825368E-014 -1.9828106866113465E-015  2.4843403738374896E-015 -2.5319483421127615E-016 -1.4815819634946230E-016 -2.3682261291373878E-015 -1.9238750892823201E-015 -1.4858340252609621E-014 -5.9738070940963729E-015 -9.3052533700629186E-002 -4.0082953079536468E-015 -1.6268481033660813E-015 -5.2377345929104863E-016 -4.7144613897892379E-015  6.4272357998934886E-016 -3.6518602776048511E-015  1.2480468047914306E-014  7.9381854973965797E-015  5.1068249673268362E-001  3.4114863740651433E-014  2.5431046157817752E-015  3.6610053977882463E-016  1.6939133065413041E+000 -2.4446887774029820E-014  3.2783137543130086E-015 -1.4172273989952240E-015 -2.5002475199127706E-014 -2.1357158464841039E-016 -2.3612080618634117E-014  4.9188411268370737E-014 -1.6793735809927650E-014 -3.5527136788002651E-015 -3.4794832322573433E-015 -7.4669883151276473E-001 -1.3251267440187496E-014  1.0573523458023917E-014 -4.7683211545909142E-016 -5.7721516464016615E-016 -9.0298558009452343E-002  5.8793781377802456E-015
-1.6382051990967682E-015 -2.1931250406392857E-015  4.5623746434818269E-015 -3.8265138924076190E-013  1.1596568094849270E-014 -2.6430139805271078E-015  8.8668483659947232E-015  5.9762638565395954E-013  5.3277120586768902E-002 -1.0961283963678510E-016  1.1446464436013315E-015 -2.6638560293484957E-002  5.3188248076639604E-016 -2.6638560293408792E-002 -1.0727444510551734E-014 -1.8781183239914190E-015  7.5120338424756617E-016  4.9136815338329831E-001 -5.4400928206654711E-015  4.0332320819608018E-017 -2.4568407669198392E-001 -1.3901640255613735E-015 -2.4568407669158912E-001  1.0287125572104699E-014  2.9913554152984464E-015 -6.0128564719220733E-015 -1.2611028893285415E-012  3.2738679673843747E-015  7.7526934184100977E-015 -2.4446887774029820E-014  1.3152913768278538E+000 -1.3466658344008114E-014  6.9961397786207360E-015 -6.5764568841453830E-001 -1.7663821794143001E-015 -6.5764568841423010E-001  9.3943224031777162E-013 -1.0437267758737472E-013  7.0175659007193718E-015 -3.8984214984868872E-015  1.4277593425048367E-014 -6.4101090857825514E-017 -3.7242472290140337E-015  9.5308205798706828E-016 -4.7739620438759487E-016  1.7763392257646306E-015  6.8293011829167664E-015
 2.9106048353690827E-015 -2.4840047029844212E-016 -6.6308187839547667E-017  8.3460956012738846E-016 -8.5052881109181356E-015  1.5082625977251841E-016 -1.7525761092873264E-015  4.3220686968839654E-015 -6.7703004660862038E-016  5.3277120586859385E-002 -1.1572291180330327E-016 -3.7872537137637629E-016  1.8613716304920337E-015 -9.9117762608631836E-016  1.0662069148003160E-014  3.3916731065035580E-016  1.1219435118038703E-015 -4.5475775922732874E-015  4.9136815338370465E-001 -1.2442880113847788E-015 -5.9789413003886180E-015 -1.7614947993077267E-015 -3.3621109368776072E-015 -6.4582343426773584E-015 -2.7850110716984193E-016  7.0852922621551212E-016  2.4670595942229602E-014  1.9533781971401143E-015  1.0627410476721646E-015  3.2783137543130086E-015 -1.3466658344008114E-014  1.3152913768281789E+000 -3.6020584301757608E-016 -1.4583820262537084E-014 -1.8941774282974291E-015 -1.6977738659385049E-014  8.4640428373680386E-015  7.2908241298615104E-015 -1.4396365228873302E-015  1.2421376414683654E-016 -1.1086284751869945E-015 -1.6033986230485564E-015 -4.5111974380459246E-015 -1.6513308455412851E-016  1.8908620346618947E-017 -9.6358554041624205E-017 -1.6802641129784543E-015
 2.0878254684349633E-015  9.8249882728865007E-017 -1.6069760897861815E-015  1.5555114598249423E-015 -3.2106970395889222E-015  9.5984448808374564E-016  3.9226208960600536E-015 -3.0732954771846021E-015  1.4990179236802842E-015  2.7171461695203566E-016  5.3277120586872034E-002 -1.1271772360961031E-015 -5.0547665215290277E-016  3.6933347005745688E-015  3.9203880328629610E-015 -1.2598255475552960E-015 -5.4244263031388132E-015  9.7187882741935943E-016 -8.7065161395555720E-016  4.9136815338370715E-001  2.2801855889563833E-015 -3.0616344691685957E-016 -4.2457357074308204E-016 -2.1954501327186144E-015  2.8755013443051957E-016  4.8395268632094575E-015 -6.5469457902885665E-015  1.7111886059043391E-015  5.6828673464079890E-016 -1.4172273989952240E-015  6.9961397786207360E-015 -3.6020584301757608E-016  1.3152913768281480E+000  2.2581762848554138E-015 -5.2533999828249162E-016  1.8414089697509218E-015 -2.8440893467557332E-015 -4.8184976031248020E-016 -1.7012580331463363E-015 -1.0517859384152339E-015  3.4988060075455691E-016  9.5633081469034030E-016 -2.0281046839992402E-016 -2.1512795555842574E-016 -1.4948434476474112E-016  3.6605991904558371E-017 -2.4421785012632843E-016
 2.1176701011451171E-015 -2.8872882046882295E-015  8.7787498323341094E-015 -9.0656962612643888E-014  8.5972150805287141E-016 -4.0887914082330656E-015  7.6815072341106171E-016 -9.8554450773303698E-014 -2.6638560293467270E-002  1.2378132915365907E-015 -2.2493671422014617E-015  5.3277120586820999E-002 -2.6152752110201327E-015 -2.6638560293391123E-002  1.5383845166083083E-015 -5.1776939869887061E-016  8.2757066406587639E-015 -2.4568407669196440E-001 -6.9921282305771833E-015  2.9551014413277965E-015  4.9136815338349338E-001  9.0614907070887959E-016 -2.4568407669163239E-001  1.6772126823334661E-015  1.5232817533930764E-015 -1.1374695648373755E-014 -5.0681992242351214E-013  1.2059238187825198E-014  7.6269002930272309E-015 -2.5002475199127706E-014 -6.5764568841453830E-001 -1.4583820262537084E-014  2.2581762848554138E-015  1.3152913768278920E+000 -1.4088123029280453E-015 -6.5764568841392201E-001 -5.5404759457578766E-014  1.6165079911204138E-013  1.4479935007698194E-015 -2.1061590839785893E-015  1.6604315185364531E-014  3.7038436938715936E-014 -1.4154803887768587E-014  2.8028164999225974E-016 -2.3632435458161284E-016  2.1049893333865239E-015  1.5760038423130945E-015
