 2.2035576458982342E-001  2.2037621179828284E-009  5.7717522651711789E-009  2.5301084058363127E-008  1.4372536659653837E-001 -1.3564977580262420E-010 -3.5527295899384615E-010  3.3127929283068268E-009  1.0830502680726450E-009 -2.0055911331240943E-009 -5.2527344923308923E-009 -5.7929157102625066E-010  3.8984792099791248E-011 -5.0375875335356333E-010  9.6859769556794387E-002  1.7932658801888522E-010  4.6966436015167731E-010 -3.4660910888139178E-009 -2.0730415387908993E-009
 2.2037621179828284E-009  2.2035576109293500E-001 -1.1946927739000654E-008 -5.2370616041925520E-008 -1.3564975325125947E-010  1.4372536681178405E-001  7.3537833111844549E-010 -6.8571373998487853E-009  1.2195285016636310E-009  9.8034408973491815E-010  3.8984780509813911E-011 -2.2622566861219113E-009 -5.3145947660978403E-009  1.0427283453043474E-009  1.7932659929458008E-010  9.6859769272241589E-002 -9.7215640605844159E-010  7.1744502012246821E-009  4.2909826412579868E-009
 5.7717522651711789E-009 -1.1946927739000654E-008  2.2035573436495701E-001 -1.3716099865534813E-007 -3.5527295899441567E-010  7.3537849071396470E-010  1.4372536845699346E-001 -1.7959141752195596E-008  3.1940005687354776E-009  3.8984790826022589E-011  1.0675618640141524E-009  3.1404278425256181E-009 -2.2097422903049256E-009 -6.3344282788866987E-009  4.6966438964163033E-010 -9.7215631585214627E-010  9.6859767097308883E-002  1.8790203411285563E-008  1.1238272799088608E-008
 2.5301084058363127E-008 -5.2370616041925520E-008 -1.3716099865534813E-007  4.8622635838437517E-001 -2.4984210356407166E-009  5.1714734772952562E-009  1.3544331034428543E-008  6.1753325121561931E-001 -3.3816950575305552E-009 -7.6556328910163767E-010 -2.0050444445387411E-009 -2.3296662951170171E-009  4.1502338713018951E-009  5.7113913189728230E-009 -1.6682800211127366E-009  3.4531667871345917E-009  9.0440056855617030E-009 -2.0805250850687027E-001 -1.2242740197069558E-001
 1.4372536659653837E-001 -1.3564975325125947E-010 -3.5527295899441567E-010 -2.4984210356407166E-009  9.3743774036322697E-002 -1.1144794935139218E-009 -2.9188721494934269E-009 -2.1970118911373373E-008  7.0641133968922588E-010 -1.3081314958842634E-009 -3.4260559470226610E-009 -3.7783845991056014E-010  2.5427450299072738E-011 -3.2857291650574866E-010  6.3176045854393487E-002 -5.7448211962167344E-010 -1.5045946549799082E-009  5.0042356193360527E-009  2.3873154614628032E-009
-1.3564977580262420E-010  1.4372536681178405E-001  7.3537849071396470E-010  5.1714734772952562E-009 -1.1144794935139218E-009  9.3743775804756846E-002  6.0417625696487573E-009  4.5475865913492346E-008  7.9542801881485686E-010  6.3942191952768237E-010  2.5427442739597165E-011 -1.4755397556496225E-009 -3.4664037070586455E-009  6.8011184174778918E-010 -5.7448212395850146E-010  6.3176046765970106E-002  3.1143548508464212E-009 -1.0358250998742626E-008 -4.9414983536419805E-009
-3.5527295899384615E-010  7.3537833111844549E-010  1.4372536845699346E-001  1.3544331034428543E-008 -2.9188721494934269E-009  6.0417625696487573E-009  9.3743789321547630E-002  1.1910335614207090E-007  2.0832621304192394E-009  2.5427449468226378E-011  6.9630886187689849E-010  2.0483198424206786E-009 -1.4412870963917234E-009 -4.1315818864934311E-009 -1.5045946376327154E-009  3.1143548473769561E-009  6.3176053733487197E-002 -2.7128729383410027E-008 -1.2942007993606275E-008
 3.3127929283068268E-009 -6.8571373998487853E-009 -1.7959141752195596E-008  6.1753325121561931E-001 -2.1970118911373373E-008  4.5475865913492346E-008  1.1910335614207090E-007  7.8430086353801376E-001 -4.2949033773259599E-009 -9.7229948349967710E-010 -2.5464957703903174E-009 -2.9587799798999450E-009  5.2709819123620874E-009  7.2537214256597891E-009 -1.4789340820912144E-008  3.0612399848874841E-008  8.0175264437203407E-008 -2.6486399021861473E-001 -1.5624543663305879E-001
 1.0830502680726450E-009  1.2195285016636310E-009  3.1940005687354776E-009 -3.3816950575305552E-009  7.0641133968922588E-010  7.9542801881485686E-010  2.0832621304192394E-009 -4.2949033773259599E-009  8.1889100156706454E-017  1.4578033400302164E-018  3.8180474079871654E-018  4.6355625567388159E-017 -9.0116635551689640E-017 -1.2824493132680842E-016  4.7606656264086248E-010  5.3605687899192922E-010  1.4039573278026039E-009  1.4287434106646078E-009  8.2943668480756160E-010
-2.0055911331240943E-009  9.8034408973491815E-010  3.8984790826022589E-011 -7.6556328910163767E-010 -1.3081314958842634E-009  6.3942191952768237E-010  2.5427449468226378E-011 -9.7229948349967710E-010  1.4578033400302164E-018  2.3827880102759927E-017  5.1327666137421625E-017 -5.6833368238358906E-019 -3.0924695048167247E-017 -8.8951552466372302E-019 -8.8157934856441664E-010  4.3092086378503249E-010  1.7136118885549265E-011  3.2344572377251504E-010  1.8777205991614921E-010
-5.2527344923308923E-009  3.8984780509813911E-011  1.0675618640141524E-009 -2.0050444445387411E-009 -3.4260559470226610E-009  2.5427442739597165E-011  6.9630886187689849E-010 -2.5464957703903174E-009  3.8180474079871654E-018  5.1327666137421625E-017  1.3865951933015940E-016  3.8230245237535140E-017 -2.9689923480913884E-017 -4.2048414039012396E-017 -2.3088964522483359E-009  1.7136114350974703E-011  4.6925822862177892E-010  8.4711865429117422E-010  4.9178324006663197E-010
-5.7929157102625066E-010 -2.2622566861219113E-009  3.1404278425256181E-009 -2.3296662951170171E-009 -3.7783845991056014E-010 -1.4755397556496225E-009  2.0483198424206786E-009 -2.9587799798999450E-009  4.6355625567388159E-017 -5.6833368238358906E-019  3.8230245237535140E-017  8.0666819408072617E-017  3.0810325335718258E-018 -1.2702258797731439E-016 -2.5463386171213204E-010 -9.9439957277145411E-010  1.3804089494241302E-009  9.8426738948942433E-010  5.7140185315737464E-010
 3.8984792099791248E-011 -5.3145947660978403E-009 -2.2097422903049256E-009  4.1502338713018951E-009  2.5427450299072738E-011 -3.4664037070586455E-009 -1.4412870963917234E-009  5.2709819123620874E-009 -9.0116635551689640E-017 -3.0924695048167247E-017 -2.9689923480913884E-017  3.0810325335718258E-018  1.8577090152209582E-016  8.7035853237925599E-017  1.7136119445471945E-011 -2.3360876974263355E-009 -9.7131584389883847E-010 -1.7534481144630071E-009 -1.0179407816084507E-009
-5.0375875335356333E-010  1.0427283453043474E-009 -6.3344282788866987E-009  5.7113913189728230E-009 -3.2857291650574866E-010  6.8011184174778918E-010 -4.1315818864934311E-009  7.2537214256597891E-009 -1.2824493132680842E-016 -8.8951552466372302E-019 -4.2048414039012396E-017 -1.2702258797731439E-016  8.7035853237925599E-017  2.5526786791064016E-016 -2.2143272567996947E-010  4.5834276448283986E-010 -2.7843662190357317E-009 -2.4130303296550916E-009 -1.4008541812191089E-009
 9.6859769556794387E-002  1.7932659929458008E-010  4.6966438964163033E-010 -1.6682800211127366E-009  6.3176045854393487E-002 -5.7448212395850146E-010 -1.5045946376327154E-009 -1.4789340820912144E-008  4.7606656264086248E-010 -8.8157934856441664E-010 -2.3088964522483359E-009 -2.5463386171213204E-010  1.7136119445471945E-011 -2.2143272567996947E-010  4.2575763679516050E-002 -2.6814798945497797E-010 -7.0229171284926335E-010  5.3337341083488278E-009  3.9809362647716224E-009
 1.7932658801888522E-010  9.6859769272241589E-002 -9.7215631585214627E-010  3.4531667871345917E-009 -5.7448211962167344E-010  6.3176046765970106E-002  3.1143548473769561E-009  3.0612399848874841E-008  5.3605687899192922E-010  4.3092086378503249E-010  1.7136114350974703E-011 -9.9439957277145411E-010 -2.3360876974263355E-009  4.5834276448283986E-010 -2.6814798945497797E-010  4.2575764105007602E-002  1.4536710073019029E-009 -1.1040274911144846E-008 -8.2401236434958989E-009
 4.6966436015167731E-010 -9.7215640605844159E-010  9.6859767097308883E-002  9.0440056855617030E-009 -1.5045946549799082E-009  3.1143548508464212E-009  6.3176053733487197E-002  8.0175264437203407E-008  1.4039573278026039E-009  1.7136118885549265E-011  4.6925822862177892E-010  1.3804089494241302E-009 -9.7131584389883847E-010 -2.7843662190357317E-009 -7.0229171284926335E-010  1.4536710073019029E-009  4.2575767357198993E-002 -2.8914981113125576E-008 -2.1581257569473352E-008
-3.4660910888139178E-009  7.1744502012246821E-009  1.8790203411285563E-008 -2.0805250850687027E-001  5.0042356193360527E-009 -1.0358250998742626E-008 -2.7128729383410027E-008 -2.6486399021861473E-001  1.4287434106646078E-009  3.2344572377251504E-010  8.4711865429117422E-010  9.8426738948942433E-010 -1.7534481144630071E-009 -2.4130303296550916E-009  5.3337341083488278E-009 -1.1040274911144846E-008 -2.8914981113125576E-008  5.2602778688450169E-001  5.8001110854717686E-001
-2.0730415387908993E-009  4.2909826412579868E-009  1.1238272799088608E-008 -1.2242740197069558E-001  2.3873154614628032E-009 -4.9414983536419805E-009 -1.2942007993606275E-008 -1.5624543663305879E-001  8.2943668480756160E-010  1.8777205991614921E-010  4.9178324006663197E-010  5.7140185315737464E-010 -1.0179407816084507E-009 -1.4008541812191089E-009  3.9809362647716224E-009 -8.2401236434958989E-009 -2.1581257569473352E-008  5.8001110854717686E-001  6.6786537320196093E-001
