 3.7629947991463890E-007 -7.9835566426511251E-013 -9.8920980846054938E-013 -1.3450764312273106E-015 -5.8217887620403497E-006  9.3841117532938375E-012  1.1544519357987507E-011 -1.8466796437785313E-015 -3.6809757094427689E-019 -3.3688339275719503E-019 -9.1116047505498947E-019  3.8294105100414138E-019 -6.4126595362441221E-019 -1.2808502476648183E-018 -2.0753975201982420E-004  2.8925207573074753E-010  3.5906136952454848E-010  1.3819307119911400E-015 -4.7125783855938208E-004  6.2338559124301553E-010  7.7077592360941596E-010  7.4773053891451302E-016 -1.4669823860926611E-019 -5.5135818680856140E-019  3.2220113812467469E-019 -8.6288957462784937E-019 -6.2507434119179371E-019 -1.2110132722436094E-018 -1.7847027379084396E-004  2.7364768519724236E-010  3.3770641605411836E-010 -7.0004879129820791E-016  6.2820029502259087E-004 -3.6430708207407947E-010 -4.5361030314832731E-010 -4.5211145529237630E-016  3.7999873884326534E-016  6.2505047466773539E-005 -3.4507395092684057E-011 -4.2991097079706276E-011  1.6089181446963768E-016
-7.9835566426511251E-013  3.7629777029624751E-007  1.6149770427659547E-012 -2.2872891100027664E-015  9.3841426761698858E-012 -5.8217671982627824E-006 -2.0032601331822937E-011 -3.1241659323569113E-015 -8.6866856833006428E-019 -6.5014297894630865E-019  3.1612020374008452E-019  3.3723839058749578E-019  1.6754838981928128E-019 -3.1765165840699051E-019  2.8925332169875871E-010 -2.0753914430211485E-004 -5.7676271032448202E-010  3.1530231732674673E-015  6.2338841198956428E-010 -4.7125647465432461E-004 -1.2817436506869209E-009  1.8513935230426492E-015  1.5997239858525660E-019  1.9349167986168286E-020 -4.9335342234866696E-019 -1.2030449467612742E-018  5.2395936293100711E-020 -1.4782790792928438E-018  2.7364880682463980E-010 -1.7846966373260463E-004 -5.7075790455500834E-010 -2.6865891484009422E-015 -3.6431021729807440E-010  6.2819955395898661E-004  7.0900536829553579E-010 -1.9495644477949808E-015  2.2172150384359936E-015 -3.4507704716012629E-011  6.2504977711896968E-005  6.6843413431724016E-011  9.9917674934624591E-016
-9.8920980846054938E-013  1.6149770427659547E-012  3.7629875637571845E-007  2.1332515747853251E-015  1.1544510712533973E-011 -2.0032688470733951E-011 -5.8217794708512640E-006  2.8791085032685357E-015 -1.7444246961473266E-019  2.0882518320059576E-019  1.9082991740528162E-019 -1.1173996574423927E-018 -7.2573960066277065E-020  1.8509936107756829E-018  3.5906093057174642E-010 -5.7676602975663960E-010 -2.0753949613763414E-004 -3.3779407769832315E-015  7.7077495799185609E-010 -1.2817512136380825E-009 -4.7125725807561691E-004 -2.1667994218659930E-015 -3.6358234222470310E-019 -8.6851796600756058E-019 -4.3680069259976563E-019  7.3259360042501276E-019 -5.5831397878468966E-019 -5.3852450412735362E-019  3.3770588142047458E-010 -5.7076033531790717E-010 -1.7847001289937896E-004  2.0778562043416827E-015 -4.5361098123208291E-010  7.0902067237480109E-010  6.2819998578550647E-004  1.3171037731032807E-015 -1.5243183862051700E-015 -4.2991171770648048E-011  6.6844955166886619E-011  6.2505018410863666E-005 -7.0064044887212158E-016
-1.3450764312273106E-015 -2.2872891100027664E-015  2.1332515747853251E-015  4.6029430202680871E-001  1.9156978098489956E-016  1.8938875757346785E-015 -2.4561934254605456E-015  6.4206444864147150E-001  7.1240627051202777E-008  1.2319309170969774E-008  2.5724142387256057E-008 -6.6264983875677136E-008  1.0743832263181425E-007 -4.9756296631038392E-009  1.8746234428887552E-015 -1.2454700095836168E-015  2.9811964526373599E-016 -3.7947971659768559E-001  5.8418640089115762E-015 -1.3469499521021048E-015 -1.6646496368792462E-015 -1.7755330680237127E-001  4.3421718369073384E-008  5.7404140761079659E-009  1.3289784781372147E-008 -4.0629029645388878E-008  6.6552782323561534E-008 -2.7926781977101103E-009  1.7617941214452638E-015 -8.9445290518032063E-016 -5.2689450469623288E-016  1.2282687221021986E-001 -1.1005692299444719E-014  3.1949429492889295E-015 -2.8806815307438826E-016  7.0921164209292314E-002 -3.1556235609888343E-002 -1.1068358511992007E-015  3.1586379085402770E-016 -3.5077117622047108E-017 -1.0365584667034510E-002
-5.8217887620403497E-006  9.3841426761698858E-012  1.1544510712533973E-011  1.9156978098489956E-016  1.0715759085908877E-004 -7.0889402359330274E-011 -8.5022831762098785E-011  1.0077574590515506E-016  5.3326203551793647E-018  3.9772929675958358E-018  1.3371182777999886E-017 -5.2503885409314906E-018  1.0970613366659291E-017  1.3797709829132951E-017  3.9678323891064729E-003 -1.5108007465514965E-009 -1.8414274272071651E-009  1.8130786475823900E-016  8.9473995266330080E-003 -2.8589562570557516E-009 -3.4132791085737801E-009  1.1693288433870434E-016  9.7327891714316492E-019  7.8056275339701031E-018 -2.3551922390543892E-018  1.2924440643324589E-018  8.3034106402236655E-018  1.2519071139538891E-017  3.8996711467921691E-003 -1.2364309076551057E-009 -1.4672122306165492E-009  4.5243590541493172E-017 -5.8845167886952300E-003  1.6325557406960796E-009  1.9640998959614270E-009  8.5237334848674876E-017  1.8046296467216071E-016 -5.6328775895349216E-004  1.5420910848390159E-010  1.8564052275656454E-010  1.1310398118318260E-016
 9.3841117532938375E-012 -5.8217671982627824E-006 -2.0032688470733951E-011  1.8938875757346785E-015 -7.0889402359330274E-011  1.0715738925936659E-004  1.7899667514933565E-010  2.5425057688222985E-015  1.1742248341478662E-017  9.8409869454858200E-018 -2.2571952930607943E-018 -3.9598562124161383E-018 -5.4588386255764936E-018  3.9436867043229845E-018 -1.5108026142118184E-009  3.9678286132470804E-003  3.4426076167067654E-009 -3.4177314052487856E-015 -2.8589604953325002E-009  8.9473911185909381E-003  7.4173125230730309E-009 -2.2665058083504530E-015  4.0557472637292839E-018  1.7461210298141367E-018  9.9824330385088639E-018  1.2194069062248013E-017  1.1878176580031311E-018  1.9990148300166703E-017 -1.2364324443358762E-009  3.8996673520871527E-003  3.3210616364944081E-009  3.4205794658950110E-015  1.6325622682687931E-009 -5.8845122529711229E-003 -4.0457004501713901E-009  2.4161889833520125E-015 -3.7575225430540355E-015  1.5420976103943924E-010 -5.6328733253491745E-004 -3.8070756748386573E-010 -1.7966941707625883E-015
 1.1544519357987507E-011 -2.0032601331822937E-011 -5.8217794708512640E-006 -2.4561934254605456E-015 -8.5022831762098785E-011  1.7899667514933565E-010  1.0715749994215203E-004 -3.2551377527722721E-015  5.8393084946256577E-018 -5.5701196345175382E-018 -2.4704955969016321E-018  1.0161021273516658E-017 -2.2950565220065440E-018 -3.3125201333530167E-017 -1.8414261151056960E-009  3.4426117460501531E-009  3.9678307303405037E-003  4.4765490802557328E-015 -3.4132762696988117E-009  7.4173216706025117E-009  8.9473957113061671E-003  2.8597194207320940E-015 -6.4043971627171775E-018  1.3323826107822266E-017  4.9848032114012557E-018 -1.6353903134629474E-017  1.4818281514513709E-018 -8.9291601263685083E-019 -1.4672111039136515E-009  3.3210644319691425E-009  3.8996694119000819E-003 -3.7475987222196130E-015  1.9640963869410957E-009 -4.0457215606622043E-009 -5.8845147522460462E-003 -2.6537427116992639E-015  3.0038196112083874E-015  1.8564017487674497E-010 -3.8070969890898055E-010 -5.6328756767510006E-004  1.3575484858946432E-015
-1.8466796437785313E-015 -3.1241659323569113E-015  2.8791085032685357E-015  6.4206444864147150E-001  1.0077574590515506E-016  2.5425057688222985E-015 -3.2551377527722721E-015  8.9884563699777364E-001  9.9332248389880311E-008  1.6894954581008511E-008  3.5486516620567522E-008 -9.2432897414629300E-008  1.4997385865307448E-007 -6.8993309093404042E-009 -3.5987476354737252E-015 -1.6497949981565806E-015  1.8420193608976622E-015 -4.7672493851970527E-001 -6.2048403000788490E-015 -1.8737810342746985E-015  7.9291630465292028E-016 -2.0216286855804960E-001  6.0391886217424886E-008  7.9660703088120337E-009  1.8459642288849921E-008 -5.6510167936989505E-008  9.2573848165941030E-008 -3.8816990768737519E-009 -2.0898313215504699E-015 -1.6437162944092833E-015  1.1349146010738374E-015  1.3955397503474201E-001  1.3943768072286886E-014 -1.1580052927821634E-015  2.6375175750822521E-015  8.1926262912487030E-002 -3.5750607016103962E-002  1.4093323454270038E-015 -1.3605125786017514E-016  2.8083941235118351E-016 -1.1535926171802513E-002
-3.6809757094427689E-019 -8.6866856833006428E-019 -1.7444246961473266E-019  7.1240627051202777E-008  5.3326203551793647E-018  1.1742248341478662E-017  5.8393084946256577E-018  9.9332248389880311E-008  1.1026693221190866E-014  1.9106056020939809E-015  3.9867569816263794E-015 -1.0256041105245906E-014  1.6627105232272393E-014 -7.7065003994788400E-016  1.8699507508856340E-016  4.0395342713274631E-016  2.3529908933203993E-016 -5.9446394433206605E-008  4.2591700463672578E-016  9.2342106411256948E-016  5.2285654417576441E-016 -2.8067475617016163E-008  6.7229553654242075E-015  8.8897888833656836E-016  2.0579111500329343E-015 -6.2905389001572366E-015  1.0304204930014235E-014 -4.3241487127412339E-016  1.5055650780059512E-016  2.9909526856614845E-016  2.9181998653110854E-016  1.9706229680444861E-008 -6.9474401102391403E-016 -1.8292298153090469E-015  4.1188588519865098E-016  1.1465538915118163E-008 -5.0924405320559437E-009 -6.9592863322342852E-017 -1.8420515811331857E-016  4.5058399890236184E-017 -1.6636174800322038E-009
-3.3688339275719503E-019 -6.5014297894630865E-019  2.0882518320059576E-019  1.2319309170969774E-008  3.9772929675958358E-018  9.8409869454858200E-018 -5.5701196345175382E-018  1.6894954581008511E-008  1.9106056020939809E-015  3.5604649323137338E-016  7.2456042202923523E-016 -1.7736816628710464E-015  2.8658945726721315E-015 -1.3692368618655216E-016  1.3111174391483148E-016  3.4894503106473541E-016 -2.1880680835537732E-016 -1.4946235768204685E-008  3.0221368375604392E-016  7.9313453682993337E-016 -4.8830860722577173E-016 -8.8374362008681377E-009  1.1784340308205995E-015  1.5732258641378787E-016  3.6274503077607676E-016 -1.1024349120333578E-015  1.8052690355894874E-015 -7.5999198691391418E-017  7.7531930757408106E-017  2.9389127865017611E-016 -2.5493934861539600E-016  6.6904014234514964E-009 -8.3926821858689172E-016 -1.1338333212890024E-015 -1.7664703264285626E-016  3.9420201021177573E-009 -1.7992530500764049E-009 -8.5110299378135352E-017 -1.1309627527977537E-016 -2.0618400334978060E-017 -5.9081604478632383E-010
-9.1116047505498947E-019  3.1612020374008452E-019  1.9082991740528162E-019  2.5724142387256057E-008  1.3371182777999886E-017 -2.2571952930607943E-018 -2.4704955969016321E-018  3.5486516620567522E-008  3.9867569816263794E-015  7.2456042202923523E-016  1.4870630239821209E-015 -3.7035401903699018E-015  5.9912120719316003E-015 -2.8321618480356441E-016  4.7040145877830171E-016 -5.7675481636420909E-017 -8.3913138811372324E-017 -2.7770559347313207E-008  1.0707757261466981E-015 -1.4057264135361434E-016 -1.9229061774337518E-016 -1.5517709298615745E-008  2.4490151372613481E-015  3.2585798955038483E-016  7.5238336236253517E-016 -2.2912217328218977E-015  3.7523579795429849E-015 -1.5779330927122519E-016  3.8384476585535766E-016  2.5608544539668728E-017 -5.8463599404040063E-017  1.1551171676832318E-008 -1.6835161950155103E-015  1.1193762183146629E-015  4.2605826491539302E-016  6.7874730795981404E-009 -3.0800652581230644E-009 -1.6844910359326443E-016  1.1480246258082318E-016  4.3016144223050930E-017 -1.0103010618303487E-009
 3.8294105100414138E-019  3.3723839058749578E-019 -1.1173996574423927E-018 -6.6264983875677136E-008 -5.2503885409314906E-018 -3.9598562124161383E-018  1.0161021273516658E-017 -9.2432897414629300E-008 -1.0256041105245906E-014 -1.7736816628710464E-015 -3.7035401903699018E-015  9.5397100447579275E-015 -1.5467091495579447E-014  7.1632911510342026E-016 -1.8136416844502563E-016 -1.3031897975525608E-016  3.0061651970224251E-016  5.4661139791957962E-008 -4.1426875724014202E-016 -3.0048193990044349E-016  7.0857514548532000E-016  2.5566456323056194E-008 -6.2512522575887137E-015 -8.2640212009974307E-016 -1.9132471264768717E-015  5.8492029988731429E-015 -9.5813531981347964E-015  4.0204772779527849E-016 -1.3680889219327274E-016 -7.6316681929605784E-017  5.5281753107577933E-017 -1.7884347371233009E-008  7.8957652991766406E-016  8.4357166448373463E-016 -3.4630694942823896E-015 -1.0398821879731313E-008  4.6120881811985406E-009  7.9434261832878168E-017  8.5562793231351189E-017 -3.5382892361326444E-016  1.5062832234496767E-009
-6.4126595362441221E-019  1.6754838981928128E-019 -7.2573960066277065E-020  1.0743832263181425E-007  1.0970613366659291E-017 -5.4588386255764936E-018 -2.2950565220065440E-018  1.4997385865307448E-007  1.6627105232272393E-014  2.8658945726721315E-015  5.9912120719316003E-015 -1.5467091495579447E-014  2.5081065658945261E-014 -1.1600105418604379E-015  4.0020657277715388E-016 -2.1934366758664406E-016 -1.1141814660302342E-016 -8.6832228728834105E-008  9.0489998746441683E-016 -4.8763622579599966E-016 -2.4050793112869382E-016 -3.9921909459946930E-008  1.0129335996518480E-014  1.3385009851215563E-015  3.0993889509544293E-015 -9.4779457750793082E-015  1.5525676275198090E-014 -6.5138760273386872E-016  3.7423530884961538E-016 -2.7019935507380913E-016 -1.9354389436929939E-016  2.7735873837379693E-008 -8.3343511995762809E-016 -3.6093333504010689E-016 -8.9054084576748309E-016  1.6107533411185869E-008 -7.1249552610749573E-009 -8.1555084443941535E-017 -3.9628793506918445E-017 -9.3059874395106734E-017 -2.3257774164738675E-009
-1.2808502476648183E-018 -3.1765165840699051E-019  1.8509936107756829E-018 -4.9756296631038392E-009  1.3797709829132951E-017  3.9436867043229845E-018 -3.3125201333530167E-017 -6.8993309093404042E-009 -7.7065003994788400E-016 -1.3692368618655216E-016 -2.8321618480356441E-016  7.1632911510342026E-016 -1.1600105418604379E-015  5.4320794232814613E-017  4.3981502533166712E-016  1.3218978599566017E-016 -1.2196905277173481E-015  4.7852632558570780E-009  1.0206278554479657E-015  3.0370298630493099E-016 -2.7531716932733202E-015  2.5010312213948234E-009 -4.7170189946770832E-016 -6.2576615263579978E-017 -1.4466366287322742E-016  4.4133476971522762E-016 -7.2284987571323569E-016  3.0367066682014916E-017  2.0646646298872211E-016  8.5961457265876700E-017 -1.1769125770276241E-015 -1.8218901878345210E-009 -3.4888839373592172E-015 -7.4827915832248044E-016  2.0830601048236742E-015 -1.0667208871736056E-009  4.8035459652407221E-010 -3.5496314684125315E-016 -7.5715230984023956E-017  2.0142756747564717E-016  1.5733514626068703E-010
-2.0753975201982420E-004  2.8925332169875871E-010  3.5906093057174642E-010  1.8746234428887552E-015  3.9678323891064729E-003 -1.5108026142118184E-009 -1.8414261151056960E-009 -3.5987476354737252E-015  1.8699507508856340E-016  1.3111174391483148E-016  4.7040145877830171E-016 -1.8136416844502563E-016  4.0020657277715388E-016  4.3981502533166712E-016  1.4799537630132731E-001 -1.4288605904669767E-008 -1.9358524040724578E-008  3.0912492536869856E-015  3.3329115567690426E-001 -1.1851910043578717E-008 -1.6154708057380951E-008 -9.1542286640425768E-016  2.3500820623070915E-017  2.7199701751331802E-016 -6.1210753803889652E-017 -5.8227239225061235E-017  2.8420676470227248E-016  3.9252003211283778E-016  1.4886579999782237E-001 -4.1686409136752994E-009 -5.5923518593736787E-009 -2.4186972152746618E-015 -1.7661132233524474E-001  6.5942809443429205E-009  8.9426187045715810E-009 -2.7413238319557343E-015 -1.4840731841806966E-015 -1.6588572339659165E-002  6.1591833979312061E-010  8.3555336391136215E-010 -1.1710697877418188E-015
 2.8925207573074753E-010 -2.0753914430211485E-004 -5.7676602975663960E-010 -1.2454700095836168E-015 -1.5108007465514965E-009  3.9678286132470804E-003  3.4426117460501531E-009 -1.6497949981565806E-015  4.0395342713274631E-016  3.4894503106473541E-016 -5.7675481636420909E-017 -1.3031897975525608E-016 -2.1934366758664406E-016  1.3218978599566017E-016 -1.4288605904669767E-008  1.4799537498528598E-001  7.9722127797715911E-009  3.5744639060191824E-015 -1.1851909769321704E-008  3.3329115631082296E-001  5.3792096390091482E-009 -1.0478014899541014E-015  2.0108848029385646E-016  7.9941239632965463E-017  3.7619092477870601E-016  3.7917109551946186E-016  5.9661437930743265E-017  6.8770979775270895E-016 -4.1686412286415991E-009  1.4886579863289359E-001  3.0270997920941551E-009 -2.6765316101398282E-015  6.5942778847523484E-009 -1.7661132187909814E-001 -3.5711355605865672E-009 -3.3837345765799084E-015  6.4107441684439921E-015  6.1591802255229509E-010 -1.6588572302291507E-002 -3.2980708656007263E-010  3.1569865305359402E-015
 3.5906136952454848E-010 -5.7676271032448202E-010 -2.0753949613763414E-004  2.9811964526373599E-016 -1.8414274272071651E-009  3.4426076167067654E-009  3.9678307303405037E-003  1.8420193608976622E-015  2.3529908933203993E-016 -2.1880680835537732E-016 -8.3913138811372324E-017  3.0061651970224251E-016 -1.1141814660302342E-016 -1.2196905277173481E-015 -1.9358524040724578E-008  7.9722127797715911E-009  1.4799537903527940E-001  6.6222486721828836E-016 -1.6154712720317654E-008  5.3791991173423646E-009  3.3329115886882366E-001 -3.8058363942869288E-016 -3.3236971227764532E-016  4.7399751409715852E-016  1.6236195162980777E-016 -6.2639828218983123E-016 -9.0928654819497157E-018 -1.1161408835075373E-016 -5.5923526851020533E-009  3.0270992419060391E-009  1.4886580027003379E-001  7.6160523036976429E-016  8.9426254075430922E-009 -3.5711124322845173E-009 -1.7661132367797225E-001  4.6964868919277726E-016  5.2496985508676085E-016  8.3555404457348603E-010 -3.2980469779205569E-010 -1.6588572467877458E-002  3.7262738493275057E-016
 1.3819307119911400E-015  3.1530231732674673E-015 -3.3779407769832315E-015 -3.7947971659768559E-001  1.8130786475823900E-016 -3.4177314052487856E-015  4.4765490802557328E-015 -4.7672493851970527E-001 -5.9446394433206605E-008 -1.4946235768204685E-008 -2.7770559347313207E-008  5.4661139791957962E-008 -8.6832228728834105E-008  4.7852632558570780E-009  3.0912492536869856E-015  3.5744639060191824E-015  6.6222486721828836E-016  1.1841147594370149E+000  1.9238663431848694E-015  1.9305467777492264E-015  2.8205670227199385E-015  8.8948576438137028E-001 -3.8762333367798570E-008 -5.4030616555805329E-009 -1.2240193618114674E-008  3.6231562579389094E-008 -5.9243006341926043E-008  2.5308278584587210E-009  1.8162124388799283E-015  2.3908396006760744E-015  2.1964302277710006E-015 -7.2036133515033085E-001 -8.2829124853018346E-015 -5.0567992080115441E-015 -5.1947843386798630E-015 -4.3038728009936184E-001  1.9885049869406804E-001 -8.1732737906022112E-016 -5.1517699391492791E-016 -5.2017303435033417E-016  6.5077875133366436E-002
-4.7125783855938208E-004  6.2338841198956428E-010  7.7077495799185609E-010  5.8418640089115762E-015  8.9473995266330080E-003 -2.8589604953325002E-009 -3.4132762696988117E-009 -6.2048403000788490E-015  4.2591700463672578E-016  3.0221368375604392E-016  1.0707757261466981E-015 -4.1426875724014202E-016  9.0489998746441683E-016  1.0206278554479657E-015  3.3329115567690426E-001 -1.1851909769321704E-008 -1.6154712720317654E-008  1.9238663431848694E-015  7.5075993365004667E-001  1.9072633468814095E-008  2.5401801106994526E-008 -5.0291597356531846E-015  5.8082657343946711E-017  6.2026113115125191E-016 -1.4858078626191263E-016 -8.8244890433560394E-017  6.5031914577055188E-016  9.1395841270720206E-016  3.3387628931569013E-001  1.1121029117536466E-008  1.5090884597501741E-008  6.0860453424530825E-015 -4.1501048755593029E-001 -8.7914735239509811E-009 -1.1815474675047621E-008  4.3562985630650548E-015  1.8031758744562853E-015 -3.9139586112451857E-002 -8.2866368400643044E-010 -1.1134389222254570E-009  1.5450141692150152E-015
 6.2338559124301553E-010 -4.7125647465432461E-004 -1.2817512136380825E-009 -1.3469499521021048E-015 -2.8589562570557516E-009  8.9473911185909381E-003  7.4173216706025117E-009 -1.8737810342746985E-015  9.2342106411256948E-016  7.9313453682993337E-016 -1.4057264135361434E-016 -3.0048193990044349E-016 -4.8763622579599966E-016  3.0370298630493099E-016 -1.1851910043578717E-008  3.3329115631082296E-001  5.3791991173423646E-009  1.9305467777492264E-015  1.9072633468814095E-008  7.5075994316426475E-001 -1.6186808053928738E-008 -6.4765183468206177E-015  4.3278494094464299E-016  1.7406164986230000E-016  8.4564079185050944E-016  8.8439316172583112E-016  1.2816792996003441E-016  1.5720779119634208E-015  1.1121028742372636E-008  3.3387628991749635E-001 -5.9028829415752894E-009  6.3139181447253851E-015 -8.7914727438116138E-009 -4.1501049005460339E-001  6.1124746492074108E-009  1.6059374548118792E-015 -9.4941212581156972E-015 -8.2866361124223716E-010 -3.9139586352574196E-002  5.7943818071573330E-010 -5.0161765863059103E-015
 7.7077592360941596E-010 -1.2817436506869209E-009 -4.7125725807561691E-004 -1.6646496368792462E-015 -3.4132791085737801E-009  7.4173125230730309E-009  8.9473957113061671E-003  7.9291630465292028E-016  5.2285654417576441E-016 -4.8830860722577173E-016 -1.9229061774337518E-016  7.0857514548532000E-016 -2.4050793112869382E-016 -2.7531716932733202E-015 -1.6154708057380951E-008  5.3792096390091482E-009  3.3329115886882366E-001  2.8205670227199385E-015  2.5401801106994526E-008 -1.6186808053928738E-008  7.5075993415569731E-001 -7.0144466714005664E-016 -7.1083475615897924E-016  1.0767141239457820E-015  3.7514119960911538E-016 -1.4040609481528057E-015  5.4615379566436212E-018 -2.1980651221738252E-016  1.5090885860380432E-008 -5.9028784755747521E-009  3.3387628696154609E-001  1.3755619913872092E-015 -1.1815484222965633E-008  6.1124540066946320E-009 -4.1501048677841085E-001  3.5535441638878749E-016 -3.4668779074782129E-015 -1.1134398815275393E-009  5.7943617823033162E-010 -3.9139586041630127E-002 -1.8227473672742978E-015
 7.4773053891451302E-016  1.8513935230426492E-015 -2.1667994218659930E-015 -1.7755330680237127E-001  1.1693288433870434E-016 -2.2665058083504530E-015  2.8597194207320940E-015 -2.0216286855804960E-001 -2.8067475617016163E-008 -8.8374362008681377E-009 -1.5517709298615745E-008  2.5566456323056194E-008 -3.9921909459946930E-008  2.5010312213948234E-009 -9.1542286640425768E-016 -1.0478014899541014E-015 -3.8058363942869288E-016  8.8948576438137028E-001 -5.0291597356531846E-015 -6.4765183468206177E-015 -7.0144466714005664E-016  7.0992646069535514E-001 -1.9254347382662642E-008 -2.7951964269880034E-009 -6.2304955419120614E-009  1.7982157714237139E-008 -2.9360423331106035E-008  1.2722481828678714E-009 -5.2666614836683501E-016 -9.5221868222279996E-016  1.7182614200612235E-015 -5.0711285911317416E-001  1.5517804499544919E-014  1.2154308446253044E-014  1.2506917501908958E-014 -2.7861772334454210E-001  1.2465416500482432E-001  1.5950890286817931E-015  1.2454939016076732E-015  1.2891865783972263E-015  4.1453459329632784E-002
-1.4669823860926611E-019  1.5997239858525660E-019 -3.6358234222470310E-019  4.3421718369073384E-008  9.7327891714316492E-019  4.0557472637292839E-018 -6.4043971627171775E-018  6.0391886217424886E-008  6.7229553654242075E-015  1.1784340308205995E-015  2.4490151372613481E-015 -6.2512522575887137E-015  1.0129335996518480E-014 -4.7170189946770832E-016  2.3500820623070915E-017  2.0108848029385646E-016 -3.3236971227764532E-016 -3.8762333367798570E-008  5.8082657343946711E-017  4.3278494094464299E-016 -7.1083475615897924E-016 -1.9254347382662642E-008  4.1063303198589956E-015  5.4377382494399172E-016  1.2580270388972681E-015 -3.8421062630243605E-015  6.2932519298974401E-015 -2.6422326772770715E-016 -1.6725205265467392E-017  3.5936840325202879E-016 -6.2916098350032274E-016  1.3901636916757436E-008 -5.3513689660163368E-016  1.7336243667094546E-015 -3.3073611211458149E-015  8.1569826573592854E-009 -3.6715388168640988E-009 -5.4927969861759437E-017  1.8098700430605526E-016 -3.4471939125624864E-016 -1.2030449360764612E-009
-5.5135818680856140E-019  1.9349167986168286E-020 -8.6851796600756058E-019  5.7404140761079659E-009  7.8056275339701031E-018  1.7461210298141367E-018  1.3323826107822266E-017  7.9660703088120337E-009  8.8897888833656836E-016  1.5732258641378787E-016  3.2585798955038483E-016 -8.2640212009974307E-016  1.3385009851215563E-015 -6.2576615263579978E-017  2.7199701751331802E-016  7.9941239632965463E-017  4.7399751409715852E-016 -5.4030616555805329E-009  6.2026113115125191E-016  1.7406164986230000E-016  1.0767141239457820E-015 -2.7951964269880034E-009  5.4377382494399172E-016  7.2116445828665582E-017  1.6673818614553648E-016 -5.0876975632652565E-016  8.3330790325772349E-016 -3.5003995521223761E-017  2.1323197749892168E-016  1.2712444360194597E-016  4.0436558174385247E-016  1.9270351140169693E-009 -1.0829462651992762E-015  4.9145217567866111E-016 -1.4754491856468568E-015  1.0926430516354188E-009 -4.7902347358543527E-010 -1.0869316149745018E-016  5.1558404191819932E-017 -1.4695274897796608E-016 -1.5660628805487378E-010
 3.2220113812467469E-019 -4.9335342234866696E-019 -4.3680069259976563E-019  1.3289784781372147E-008 -2.3551922390543892E-018  9.9824330385088639E-018  4.9848032114012557E-018  1.8459642288849921E-008  2.0579111500329343E-015  3.6274503077607676E-016  7.5238336236253517E-016 -1.9132471264768717E-015  3.0993889509544293E-015 -1.4466366287322742E-016 -6.1210753803889652E-017  3.7619092477870601E-016  1.6236195162980777E-016 -1.2240193618114674E-008 -1.4858078626191263E-016  8.4564079185050944E-016  3.7514119960911538E-016 -6.2304955419120614E-009  1.2580270388972681E-015  1.6673818614553648E-016  3.8561013793587281E-016 -1.1770588153373274E-015  1.9279303254179879E-015 -8.0968024234130259E-017  2.2416535521679988E-017  3.9057552088858825E-016  8.9001640257735419E-017  4.3753279345194346E-009  1.1281686028266283E-015 -2.9601382486952423E-016 -1.1273691775700043E-015  2.5158428306892324E-009 -1.1151294657386852E-009  1.1567037174725785E-016 -2.6397188243114035E-017 -1.1447766112922711E-016 -3.6491331423250617E-010
-8.6288957462784937E-019 -1.2030449467612742E-018  7.3259360042501276E-019 -4.0629029645388878E-008  1.2924440643324589E-018  1.2194069062248013E-017 -1.6353903134629474E-017 -5.6510167936989505E-008 -6.2905389001572366E-015 -1.1024349120333578E-015 -2.2912217328218977E-015  5.8492029988731429E-015 -9.4779457750793082E-015  4.4133476971522762E-016 -5.8227239225061235E-017  3.7917109551946186E-016 -6.2639828218983123E-016  3.6231562579389094E-008 -8.8244890433560394E-017  8.8439316172583112E-016 -1.4040609481528057E-015  1.7982157714237139E-008 -3.8421062630243605E-015 -5.0876975632652565E-016 -1.1770588153373274E-015  3.5948858307954789E-015 -5.8883180595756699E-015  2.4721968964509563E-016 -3.9418437105772564E-016  1.4282406069919077E-016 -6.8182212736708879E-016 -1.2995437936691221E-008 -4.1468030823319404E-015 -3.4497042101905257E-015  9.7515361563823600E-017 -7.6304080466330537E-009  3.4362645669263881E-009 -4.2827765438553633E-016 -3.5158839007913799E-016  3.1806996402996845E-018  1.1260039229237827E-009
-6.2507434119179371E-019  5.2395936293100711E-020 -5.5831397878468966E-019  6.6552782323561534E-008  8.3034106402236655E-018  1.1878176580031311E-018  1.4818281514513709E-018  9.2573848165941030E-008  1.0304204930014235E-014  1.8052690355894874E-015  3.7523579795429849E-015 -9.5813531981347964E-015  1.5525676275198090E-014 -7.2284987571323569E-016  2.8420676470227248E-016  5.9661437930743265E-017 -9.0928654819497157E-018 -5.9243006341926043E-008  6.5031914577055188E-016  1.2816792996003441E-016  5.4615379566436212E-018 -2.9360423331106035E-008  6.2932519298974401E-015  8.3330790325772349E-016  1.9279303254179879E-015 -5.8883180595756699E-015  9.6449088946439880E-015 -4.0493264199310990E-016  2.0547094082677027E-016  1.0847143031530641E-016 -2.1214412616236049E-016  2.1253223018735141E-008 -1.3493101048931222E-015  5.3758814493973533E-016 -2.5393863887251415E-015  1.2493617737306271E-008 -5.6312317131043329E-009 -1.3602787923895465E-016  5.6093572628530217E-017 -2.6197370027439799E-016 -1.8453894170055453E-009
-1.2110132722436094E-018 -1.4782790792928438E-018 -5.3852450412735362E-019 -2.7926781977101103E-009  1.2519071139538891E-017  1.9990148300166703E-017 -8.9291601263685083E-019 -3.8816990768737519E-009 -4.3241487127412339E-016 -7.5999198691391418E-017 -1.5779330927122519E-016  4.0204772779527849E-016 -6.5138760273386872E-016  3.0367066682014916E-017  3.9252003211283778E-016  6.8770979775270895E-016 -1.1161408835075373E-016  2.5308278584587210E-009  9.1395841270720206E-016  1.5720779119634208E-015 -2.1980651221738252E-016  1.2722481828678714E-009 -2.6422326772770715E-016 -3.5003995521223761E-017 -8.0968024234130259E-017  2.4721968964509563E-016 -4.0493264199310990E-016  1.7003531570547196E-017  1.6014268169352781E-016  5.0918080970649954E-016 -3.5919703489613349E-016 -9.0618609970478787E-010 -3.4167504171234689E-015 -3.1143369599435710E-015 -2.9689151102329489E-015 -5.2654528384851071E-010  2.3527292130826621E-010 -3.4804351175629506E-016 -3.1361705993545786E-016 -3.0739410062765122E-016  7.7044755374653452E-011
-1.7847027379084396E-004  2.7364880682463980E-010  3.3770588142047458E-010  1.7617941214452638E-015  3.8996711467921691E-003 -1.2364324443358762E-009 -1.4672111039136515E-009 -2.0898313215504699E-015  1.5055650780059512E-016  7.7531930757408106E-017  3.8384476585535766E-016 -1.3680889219327274E-016  3.7423530884961538E-016  2.0646646298872211E-016  1.4886579999782237E-001 -4.1686412286415991E-009 -5.5923526851020533E-009  1.8162124388799283E-015  3.3387628931569013E-001  1.1121028742372636E-008  1.5090885860380432E-008 -5.2666614836683501E-016 -1.6725205265467392E-017  2.1323197749892168E-016  2.2416535521679988E-017 -3.9418437105772564E-016  2.0547094082677027E-016  1.6014268169352781E-016  1.6050264843306608E-001  5.8596961818349648E-009  8.0457585108217877E-009 -3.9668770869121933E-015 -4.2456958759291064E-002 -6.8291611251974943E-009 -9.3365383167787197E-009 -3.7502250044362472E-015 -2.7729542359420177E-016 -2.7443668868462985E-003 -6.5077027425498438E-010 -8.8957974385232841E-010 -6.4354173451699199E-016
 2.7364768519724236E-010 -1.7846966373260463E-004 -5.7076033531790717E-010 -8.9445290518032063E-016 -1.2364309076551057E-009  3.8996673520871527E-003  3.3210644319691425E-009 -1.6437162944092833E-015  2.9909526856614845E-016  2.9389127865017611E-016  2.5608544539668728E-017 -7.6316681929605784E-017 -2.7019935507380913E-016  8.5961457265876700E-017 -4.1686409136752994E-009  1.4886579863289359E-001  3.0270992419060391E-009  2.3908396006760744E-015  1.1121029117536466E-008  3.3387628991749635E-001 -5.9028784755747521E-009 -9.5221868222279996E-016  3.5936840325202879E-016  1.2712444360194597E-016  3.9057552088858825E-016  1.4282406069919077E-016  1.0847143031530641E-016  5.0918080970649954E-016  5.8596961818349648E-009  1.6050264708024350E-001 -1.9165267895066287E-009 -1.8850122519865169E-015 -6.8291620707623416E-009 -4.2456957897064523E-002  2.7442803914630503E-009 -1.7263804510802856E-015  7.4499317750518767E-015 -6.5077036376602012E-010 -2.7443668069060548E-003  2.6309988531468888E-010  3.9167533906243737E-015
 3.3770641605411836E-010 -5.7075790455500834E-010 -1.7847001289937896E-004 -5.2689450469623288E-016 -1.4672122306165492E-009  3.3210616364944081E-009  3.8996694119000819E-003  1.1349146010738374E-015  2.9181998653110854E-016 -2.5493934861539600E-016 -5.8463599404040063E-017  5.5281753107577933E-017 -1.9354389436929939E-016 -1.1769125770276241E-015 -5.5923518593736787E-009  3.0270997920941551E-009  1.4886580027003379E-001  2.1964302277710006E-015  1.5090884597501741E-008 -5.9028829415752894E-009  3.3387628696154609E-001  1.7182614200612235E-015 -6.2916098350032274E-016  4.0436558174385247E-016  8.9001640257735419E-017 -6.8182212736708879E-016 -2.1214412616236049E-016 -3.5919703489613349E-016  8.0457585108217877E-009 -1.9165267895066287E-009  1.6050264629826164E-001 -3.0334104440803574E-015 -9.3365355134655825E-009  2.7442942661975165E-009 -4.2456956653893776E-002 -1.4009484962121991E-015  4.5683415475386989E-015 -8.8957944179360315E-010  2.6310130608906307E-010 -2.7443666874077204E-003  2.3507288631173267E-015
-7.0004879129820791E-016 -2.6865891484009422E-015  2.0778562043416827E-015  1.2282687221021986E-001  4.5243590541493172E-017  3.4205794658950110E-015 -3.7475987222196130E-015  1.3955397503474201E-001  1.9706229680444861E-008  6.6904014234514964E-009  1.1551171676832318E-008 -1.7884347371233009E-008  2.7735873837379693E-008 -1.8218901878345210E-009 -2.4186972152746618E-015 -2.6765316101398282E-015  7.6160523036976429E-016 -7.2036133515033085E-001  6.0860453424530825E-015  6.3139181447253851E-015  1.3755619913872092E-015 -5.0711285911317416E-001  1.3901636916757436E-008  1.9270351140169693E-009  4.3753279345194346E-009 -1.2995437936691221E-008  2.1253223018735141E-008 -9.0618609970478787E-010 -3.9668770869121933E-015 -1.8850122519865169E-015 -3.0334104440803574E-015  1.0905682568705730E+000 -5.1004368666417792E-015 -9.8388227320278879E-015 -9.6606402486632704E-015  8.7492590460300268E-001 -5.2777904974120127E-001 -5.3463686840675845E-016 -8.2488352167331229E-016 -1.0751106427657908E-015 -1.8561347861917854E-001
 6.2820029502259087E-004 -3.6431021729807440E-010 -4.5361098123208291E-010 -1.1005692299444719E-014 -5.8845167886952300E-003  1.6325622682687931E-009  1.9640963869410957E-009  1.3943768072286886E-014 -6.9474401102391403E-016 -8.3926821858689172E-016 -1.6835161950155103E-015  7.8957652991766406E-016 -8.3343511995762809E-016 -3.4888839373592172E-015 -1.7661132233524474E-001  6.5942778847523484E-009  8.9426254075430922E-009 -8.2829124853018346E-015 -4.1501048755593029E-001 -8.7914727438116138E-009 -1.1815484222965633E-008  1.5517804499544919E-014 -5.3513689660163368E-016 -1.0829462651992762E-015  1.1281686028266283E-015 -4.1468030823319404E-015 -1.3493101048931222E-015 -3.4167504171234689E-015 -4.2456958759291064E-002 -6.8291620707623416E-009 -9.3365355134655825E-009 -5.1004368666417792E-015  1.9091761998551455E+000  5.6446535067750284E-009  7.6781532035163913E-009  3.2584437212806493E-015 -1.0849580965468248E-015  1.9494500285333904E-001  6.1892014646234768E-010  8.4106394310050347E-010 -2.2225215210720985E-016
-3.6430708207407947E-010  6.2819955395898661E-004  7.0902067237480109E-010  3.1949429492889295E-015  1.6325557406960796E-009 -5.8845122529711229E-003 -4.0457215606622043E-009 -1.1580052927821634E-015 -1.8292298153090469E-015 -1.1338333212890024E-015  1.1193762183146629E-015  8.4357166448373463E-016 -3.6093333504010689E-016 -7.4827915832248044E-016  6.5942809443429205E-009 -1.7661132187909814E-001 -3.5711124322845173E-009 -5.0567992080115441E-015 -8.7914735239509811E-009 -4.1501049005460339E-001  6.1124540066946320E-009  1.2154308446253044E-014  1.7336243667094546E-015  4.9145217567866111E-016 -2.9601382486952423E-016 -3.4497042101905257E-015  5.3758814493973533E-016 -3.1143369599435710E-015 -6.8291611251974943E-009 -4.2456957897064523E-002  2.7442942661975165E-009 -9.8388227320278879E-015  5.6446535067750284E-009  1.9091761998323693E+000 -2.7614649920183821E-009  5.0758466337432590E-015 -2.9715095689360910E-015  6.1892026092020916E-010  1.9494500286542932E-001 -3.1321323857038577E-010 -1.3156593216635269E-015
-4.5361030314832731E-010  7.0900536829553579E-010  6.2819998578550647E-004 -2.8806815307438826E-016  1.9640998959614270E-009 -4.0457004501713901E-009 -5.8845147522460462E-003  2.6375175750822521E-015  4.1188588519865098E-016 -1.7664703264285626E-016  4.2605826491539302E-016 -3.4630694942823896E-015 -8.9054084576748309E-016  2.0830601048236742E-015  8.9426187045715810E-009 -3.5711355605865672E-009 -1.7661132367797225E-001 -5.1947843386798630E-015 -1.1815474675047621E-008  6.1124746492074108E-009 -4.1501048677841085E-001  1.2506917501908958E-014 -3.3073611211458149E-015 -1.4754491856468568E-015 -1.1273691775700043E-015  9.7515361563823600E-017 -2.5393863887251415E-015 -2.9689151102329489E-015 -9.3365383167787197E-009  2.7442803914630503E-009 -4.2456956653893776E-002 -9.6606402486632704E-015  7.6781532035163913E-009 -2.7614649920183821E-009  1.9091761984844355E+000  6.2974734918142952E-015 -4.0500563719904168E-015  8.4106406897637570E-010 -3.1321374531892407E-010  1.9494500271085755E-001 -1.9138393101681793E-015
-4.5211145529237630E-016 -1.9495644477949808E-015  1.3171037731032807E-015  7.0921164209292314E-002  8.5237334848674876E-017  2.4161889833520125E-015 -2.6537427116992639E-015  8.1926262912487030E-002  1.1465538915118163E-008  3.9420201021177573E-009  6.7874730795981404E-009 -1.0398821879731313E-008  1.6107533411185869E-008 -1.0667208871736056E-009 -2.7413238319557343E-015 -3.3837345765799084E-015  4.6964868919277726E-016 -4.3038728009936184E-001  4.3562985630650548E-015  1.6059374548118792E-015  3.5535441638878749E-016 -2.7861772334454210E-001  8.1569826573592854E-009  1.0926430516354188E-009  2.5158428306892324E-009 -7.6304080466330537E-009  1.2493617737306271E-008 -5.2654528384851071E-010 -3.7502250044362472E-015 -1.7263804510802856E-015 -1.4009484962121991E-015  8.7492590460300268E-001  3.2584437212806493E-015  5.0758466337432590E-015  6.2974734918142952E-015  7.3977146447185071E-001 -4.0237391427298064E-001  3.0895078925477432E-016  7.5081651343189231E-016  6.2618477502453365E-016 -1.3084328077028576E-001
 3.7999873884326534E-016  2.2172150384359936E-015 -1.5243183862051700E-015 -3.1556235609888343E-002  1.8046296467216071E-016 -3.7575225430540355E-015  3.0038196112083874E-015 -3.5750607016103962E-002 -5.0924405320559437E-009 -1.7992530500764049E-009 -3.0800652581230644E-009  4.6120881811985406E-009 -7.1249552610749573E-009  4.8035459652407221E-010 -1.4840731841806966E-015  6.4107441684439921E-015  5.2496985508676085E-016  1.9885049869406804E-001  1.8031758744562853E-015 -9.4941212581156972E-015 -3.4668779074782129E-015  1.2465416500482432E-001 -3.6715388168640988E-009 -4.7902347358543527E-010 -1.1151294657386852E-009  3.4362645669263881E-009 -5.6312317131043329E-009  2.3527292130826621E-010 -2.7729542359420177E-016  7.4499317750518767E-015  4.5683415475386989E-015 -5.2777904974120127E-001 -1.0849580965468248E-015 -2.9715095689360910E-015 -4.0500563719904168E-015 -4.0237391427298064E-001  1.2139523924446476E+000 -3.9944962509150962E-016  6.6975008396417275E-016  5.3185087115310155E-016  6.2280913744406985E-001
 6.2505047466773539E-005 -3.4507704716012629E-011 -4.2991171770648048E-011 -1.1068358511992007E-015 -5.6328775895349216E-004  1.5420976103943924E-010  1.8564017487674497E-010  1.4093323454270038E-015 -6.9592863322342852E-017 -8.5110299378135352E-017 -1.6844910359326443E-016  7.9434261832878168E-017 -8.1555084443941535E-017 -3.5496314684125315E-016 -1.6588572339659165E-002  6.1591802255229509E-010  8.3555404457348603E-010 -8.1732737906022112E-016 -3.9139586112451857E-002 -8.2866361124223716E-010 -1.1134398815275393E-009  1.5950890286817931E-015 -5.4927969861759437E-017 -1.0869316149745018E-016  1.1567037174725785E-016 -4.2827765438553633E-016 -1.3602787923895465E-016 -3.4804351175629506E-016 -2.7443668868462985E-003 -6.5077036376602012E-010 -8.8957944179360315E-010 -5.3463686840675845E-016  1.9494500285333904E-001  6.1892026092020916E-010  8.4106406897637570E-010  3.0895078925477432E-016 -3.9944962509150962E-016  1.9921596403561233E-002  6.7936688299236439E-011  9.2244127741498809E-011 -1.8579554551166672E-016
-3.4507395092684057E-011  6.2504977711896968E-005  6.6844955166886619E-011  3.1586379085402770E-016  1.5420910848390159E-010 -5.6328733253491745E-004 -3.8070969890898055E-010 -1.3605125786017514E-016 -1.8420515811331857E-016 -1.1309627527977537E-016  1.1480246258082318E-016  8.5562793231351189E-017 -3.9628793506918445E-017 -7.5715230984023956E-017  6.1591833979312061E-010 -1.6588572302291507E-002 -3.2980469779205569E-010 -5.1517699391492791E-016 -8.2866368400643044E-010 -3.9139586352574196E-002  5.7943617823033162E-010  1.2454939016076732E-015  1.8098700430605526E-016  5.1558404191819932E-017 -2.6397188243114035E-017 -3.5158839007913799E-016  5.6093572628530217E-017 -3.1361705993545786E-016 -6.5077027425498438E-010 -2.7443668069060548E-003  2.6310130608906307E-010 -8.2488352167331229E-016  6.1892014646234768E-010  1.9494500286542932E-001 -3.1321374531892407E-010  7.5081651343189231E-016  6.6975008396417275E-016  6.7936688299236439E-011  1.9921596406243292E-002 -3.5348807141666805E-011  4.3564091007173191E-016
