 1.8820203253496798E-001  5.5911236555412962E-016  3.0143864419751317E-016 -8.0772141656235961E-016  3.3689049041690700E-001  8.4413151750066017E-016  1.9796051479510008E-015 -1.5764203911640010E-015 -2.7414007638348975E-017  4.9784315599353039E-017  2.6814347945518722E-017 -2.6138841395077323E-017  6.1195360988545819E-017  1.1529672672774103E-016  1.3651894843392773E-001  5.0448220980893440E-016  2.8851636249375909E-016  7.0183258232979491E-016 -4.4665019726184481E-002  9.2291433904540637E-016 -1.2546929641088484E-015 -1.8723170133801134E-001  3.4725361428933179E-015 -4.8588520359937858E-015  8.8932859048533834E-017  1.8673469810909978E-015  1.1864368260897620E-015
 5.5911236555412962E-016  1.8820203253497014E-001 -1.0088595253757819E-015 -1.3725805530286506E-015 -3.0562428333635392E-016  3.3689049041690966E-001 -8.8878590088840997E-016 -3.0540245411888669E-015  2.4177483340072730E-016  2.7786011179535987E-017  7.8654867771841655E-018  1.0074162626203516E-016  3.2544675402251544E-017  1.5661554727772802E-016 -6.1155853096466937E-017  1.3651894843392762E-001 -4.4153773283324037E-016  2.3854787705095853E-015  1.3566775623210000E-018 -4.4665019726185015E-002 -3.0376178754267555E-016  6.9307385316025100E-017 -1.8723170133801656E-001 -1.0403165665715049E-015  1.0647909583620717E-015 -1.1327958858943911E-015 -5.3436083549014503E-016
 3.0143864419751317E-016 -1.0088595253757819E-015  1.8820203253497009E-001  9.9565796463265811E-017 -1.2947235294378528E-015 -2.5023466534894037E-016  3.3689049041690916E-001  1.7753378741315229E-016 -3.2604898861704186E-016 -1.0734568241008525E-017  5.9761537370978942E-017 -4.2942558033108479E-016 -1.7037814177740121E-018 -4.9442888611324774E-016 -4.1752286849237785E-016 -3.9273385137278913E-016  1.3651894843392884E-001 -2.7054907573431867E-016 -6.5843597935044674E-016 -3.7541346538335710E-016 -4.4665019726184370E-002 -2.1691632864917483E-015 -1.3344280536535342E-015 -1.8723170133801242E-001  3.7363015618818687E-016  4.7083845114649638E-016  3.3241612839885498E-016
-8.0772141656235961E-016 -1.3725805530286506E-015  9.9565796463265811E-017  6.1746955193330644E-001  1.6176627656433356E-015  1.7141243273248531E-015 -1.8120179807932460E-016  7.3842811197799785E-001 -5.9465512426716314E-015 -6.9350474032005523E-016  7.2555146890454580E-016 -4.8690971026862890E-015  1.7955704962530070E-016 -2.2477125287696183E-015 -6.4131319853488895E-016 -1.5157321766106117E-015  1.0276201199944731E-015 -4.8354684128423708E-001  7.1243524766798612E-016 -9.3219788486346733E-016 -2.0615538476650674E-016  2.0642385728553428E-015 -4.8446604101807155E-015  3.9856412844705597E-016 -2.4502556490114563E-001  1.2432209328551315E-001  4.3002158511804521E-002
 3.3689049041690700E-001 -3.0562428333635392E-016 -1.2947235294378528E-015  1.6176627656433356E-015  6.0307738805305700E-001 -7.9410901639262652E-016  2.0199237044820360E-016  9.6270643528126685E-016 -4.6941507110836388E-017  8.5979622166762215E-017  4.6264228757024518E-017 -4.5772763720480453E-017  1.1178524736713108E-016  2.0611710737919827E-016  2.4401077087118300E-001 -5.1637779222965660E-016 -2.3742672324716851E-016  3.2418845749894651E-016 -8.2384167605620368E-002 -1.2211838597764614E-015  2.1289935960011588E-015 -3.4430052036907299E-001 -4.4555916010852864E-015  7.9656333612509979E-015  5.2597140553065454E-017 -3.0912013886679283E-015 -1.8890718832342747E-015
 8.4413151750066017E-016  3.3689049041690966E-001 -2.5023466534894037E-016  1.7141243273248531E-015 -7.9410901639262652E-016  6.0307738805305966E-001  1.1806249967965628E-015 -7.0150429838419028E-016  4.4078468760467216E-016  4.7963549153831483E-017  1.4524638768954130E-017  1.8097307343840768E-016  5.9489162732285354E-017  2.8238089284072835E-016 -1.8303234740465584E-016  2.4401077087118220E-001  3.9177964795223260E-016 -9.7628675615297043E-016  2.5996538763393049E-016 -8.2384167605619271E-002 -5.2777299772662135E-016  1.1181348674943149E-015 -3.4430052036907455E-001 -1.9760240176198199E-015 -1.4105235999308777E-015  2.6645532199647731E-015  1.4676752632147875E-015
 1.9796051479510008E-015 -8.8878590088840997E-016  3.3689049041690916E-001 -1.8120179807932460E-016  2.0199237044820360E-016  1.1806249967965628E-015  6.0307738805305822E-001 -8.0613101381936568E-017 -5.9067220169130475E-016 -2.1058166062701151E-017  1.0724504841479753E-016 -7.6153523410655154E-016 -8.9520044619789520E-018 -8.9017284128068739E-016  5.7043942052609426E-016  6.7554241706343051E-017  2.4401077087118345E-001 -7.6821721444069663E-017  3.8028391199929098E-016 -1.0911183366334968E-016 -8.2384167605622075E-002  1.8416258101838786E-015 -3.6817679934729238E-016 -3.4430052036908193E-001  9.1815957797260222E-016  5.9435553628978558E-018  1.0960198171798635E-016
-1.5764203911640010E-015 -3.0540245411888669E-015  1.7753378741315229E-016  7.3842811197799785E-001  9.6270643528126685E-016 -7.0150429838419028E-016 -8.0613101381936568E-017  8.8776250315827010E-001 -7.1603067144363419E-015 -6.7735826848302239E-016  7.9810987105855932E-016 -5.7485320207270268E-015  2.9669538951152595E-016 -2.6737702814496976E-015 -1.3148750867226272E-015 -1.9305751732307084E-015  9.9566471588188815E-016 -5.2013285355523708E-001  3.7442839251203787E-016  4.6567244117644141E-015 -2.1202229227067157E-015  9.0233044828191097E-016  1.6045829332063253E-014 -6.3133001500205303E-015 -2.4374200026124043E-001  1.1708205629835386E-001  3.9891763214613421E-002
-2.7414007638348975E-017  2.4177483340072730E-016 -3.2604898861704186E-016 -5.9465512426716314E-015 -4.6941507110836388E-017  4.4078468760467216E-016 -5.9067220169130475E-016 -7.1603067144363419E-015  6.9778585960033201E-029  6.9108862582039275E-030 -6.6179321734888084E-030  5.2984354448051213E-029  3.4583334214063100E-030  3.3100439865340913E-029 -4.8068525844199391E-017  6.9619531141791662E-017 -1.4354282130429355E-016  4.0657407959089464E-015 -1.8147430373576615E-016 -7.6280418232788547E-016  6.9748095998762836E-016 -6.7983069752681922E-016 -2.8940420770423810E-015  2.6569301387300601E-015  1.8113660134583398E-015 -3.2963726966012179E-015 -1.8195307505387956E-015
 4.9784315599353039E-017  2.7786011179535987E-017 -1.0734568241008525E-017 -6.9350474032005523E-016  8.5979622166762215E-017  4.7963549153831483E-017 -2.1058166062701151E-017 -6.7735826848302239E-016  6.9108862582039275E-030  6.9466460372434350E-030 -2.9744497645019455E-030  9.5537574126357561E-030  3.7359412139208030E-030  5.9252240860231922E-030  7.7598223892589979E-017  4.3628069014147371E-017  1.6586062404236784E-017  2.4357764010606832E-015  2.6489413837099414E-016  1.4996813832296749E-016  1.6511471001485457E-016  9.9133659918629380E-016  5.6127969080142192E-016  6.2218876349754408E-016  1.8653607800981405E-015 -1.8963881565438528E-015 -8.8193154495995341E-016
 2.6814347945518722E-017  7.8654867771841655E-018  5.9761537370978942E-017  7.2555146890454580E-016  4.6264228757024518E-017  1.4524638768954130E-017  1.0724504841479753E-016  7.9810987105855932E-016 -6.6179321734888084E-030 -2.9744497645019455E-030  2.0338006692203068E-030 -7.1518170662578140E-030 -1.2844230626049978E-030 -3.2231575782010135E-030  4.2394163891846274E-017 -1.8071454268042640E-019  3.9791187827261674E-017 -1.4327491996426298E-015  1.4666978915776981E-016 -4.1127973346546381E-017 -3.7921152064487358E-017  5.4897191439273919E-016 -1.5550951311162654E-016 -1.4874680068091154E-016 -1.0195061822065299E-015  6.8162484583508010E-016  2.6339412598470201E-016
-2.6138841395077323E-017  1.0074162626203516E-016 -4.2942558033108479E-016 -4.8690971026862890E-015 -4.5772763720480453E-017  1.8097307343840768E-016 -7.6153523410655154E-016 -5.7485320207270268E-015  5.2984354448051213E-029  9.5537574126357561E-030 -7.1518170662578140E-030  5.0860153814658534E-029  2.8609736346930449E-030  2.7440865120394456E-029 -3.2411513266499242E-017  6.4600901839859762E-017 -4.0615450424343336E-016  4.7544950500910239E-015 -8.3513815324066331E-017 -8.0440845722164431E-017 -5.2944266339565482E-016 -3.1147454724367975E-016 -3.1287329105890869E-016 -1.9476857188388124E-015  2.6780023333359434E-015 -4.1628473474445796E-015 -2.2061905538845483E-015
 6.1195360988545819E-017  3.2544675402251544E-017 -1.7037814177740121E-018  1.7955704962530070E-016  1.1178524736713108E-016  5.9489162732285354E-017 -8.9520044619789520E-018  2.9669538951152595E-016  3.4583334214063100E-030  3.7359412139208030E-030 -1.2844230626049978E-030  2.8609736346930449E-030  5.3188138273332551E-030  5.8715220544420015E-030  1.4728493531102175E-017  7.3041565686059191E-018  7.6826322516442294E-017  8.8661251992288151E-016 -2.1236779280762419E-016 -1.1646700022568810E-016  5.2108202687858962E-016 -8.0508852324932813E-016 -4.4142383818306468E-016  1.9602666146713941E-015  7.7205237327406302E-016 -1.9265098475472479E-015 -1.0748547822018613E-015
 1.1529672672774103E-016  1.5661554727772802E-016 -4.9442888611324774E-016 -2.2477125287696183E-015  2.0611710737919827E-016  2.8238089284072835E-016 -8.9017284128068739E-016 -2.6737702814496976E-015  3.3100439865340913E-029  5.9252240860231922E-030 -3.2231575782010135E-030  2.7440865120394456E-029  5.8715220544420015E-030  2.1856125304707915E-029  8.7198372466308726E-017  8.6735255291107346E-017 -2.9090909581284316E-016  1.9573594902328694E-015 -3.5918047724740032E-018 -2.1640143598618170E-016  5.6918336333632203E-016 -2.5285819941403425E-017 -8.3000641540847169E-016  2.1915244462752273E-015  9.9900057815971211E-016 -3.6318366364110845E-015 -2.1284068476613828E-015
 1.3651894843392773E-001 -6.1155853096466937E-017 -4.1752286849237785E-016 -6.4131319853488895E-016  2.4401077087118300E-001 -1.8303234740465584E-016  5.7043942052609426E-016 -1.3148750867226272E-015 -4.8068525844199391E-017  7.7598223892589979E-017  4.2394163891846274E-017 -3.2411513266499242E-017  1.4728493531102175E-017  8.7198372466308726E-017  1.0385060617915323E-001 -1.2118308269801182E-016 -6.9388939039072912E-017  2.5986659897812151E-016 -2.3779260419918430E-004  2.7597510793083534E-016 -6.9388939039070854E-017 -1.4836799123310429E-002  1.0477930406263495E-015 -4.0245584642661708E-016 -2.7241207985508220E-017  1.3816599527177998E-016  6.9266575331931902E-017
 5.0448220980893440E-016  1.3651894843392762E-001 -3.9273385137278913E-016 -1.5157321766106117E-015 -5.1637779222965660E-016  2.4401077087118220E-001  6.7554241706343051E-017 -1.9305751732307084E-015  6.9619531141791662E-017  4.3628069014147371E-017 -1.8071454268042640E-019  6.4600901839859762E-017  7.3041565686059191E-018  8.6735255291107346E-017 -1.2118308269801182E-016  1.0385060617915318E-001  1.1986283444389859E-016  2.7433765183346628E-015 -3.8919363696628344E-016 -2.3779260419530546E-004  6.3670054648442044E-016 -1.5507983154219885E-015 -1.4836799123297453E-002  2.6332751021138776E-015  1.9645379848086639E-015 -2.3016040228703578E-015 -1.1244613370500186E-015
 2.8851636249375909E-016 -4.4153773283324037E-016  1.3651894843392884E-001  1.0276201199944731E-015 -2.3742672324716851E-016  3.9177964795223260E-016  2.4401077087118345E-001  9.9566471588188815E-016 -1.4354282130429355E-016  1.6586062404236784E-017  3.9791187827261674E-017 -4.0615450424343336E-016  7.6826322516442294E-017 -2.9090909581284316E-016 -6.9388939039072912E-017  1.1986283444389859E-016  1.0385060617915522E-001 -8.0794455029151461E-016 -2.2898349882893864E-016 -8.0123475321734306E-017 -2.3779260419454218E-004 -2.0816681711721715E-016 -2.3228567130847576E-016 -1.4836799123292888E-002 -1.8068317229351579E-016 -2.8748235302652245E-017 -5.9595387842462245E-017
 7.0183258232979491E-016  2.3854787705095853E-015 -2.7054907573431867E-016 -4.8354684128423708E-001  3.2418845749894651E-016 -9.7628675615297043E-016 -7.6821721444069663E-017 -5.2013285355523708E-001  4.0657407959089464E-015  2.4357764010606832E-015 -1.4327491996426298E-015  4.7544950500910239E-015  8.8661251992288151E-016  1.9573594902328694E-015  2.5986659897812151E-016  2.7433765183346628E-015 -8.0794455029151461E-016  1.1008124184794885E+000 -1.6378624950881646E-015 -3.1809084951803826E-015  8.3274870969461026E-016 -3.5249685626734015E-015 -1.1211356847066287E-014  5.5128874456426645E-015  8.0392109673261325E-001 -4.9539018100457816E-001 -1.8046609331288319E-001
-4.4665019726184481E-002  1.3566775623210000E-018 -6.5843597935044674E-016  7.1243524766798612E-016 -8.2384167605620368E-002  2.5996538763393049E-016  3.8028391199929098E-016  3.7442839251203787E-016 -1.8147430373576615E-016  2.6489413837099414E-016  1.4666978915776981E-016 -8.3513815324066331E-017 -2.1236779280762419E-016 -3.5918047724740032E-018 -2.3779260419918430E-004 -3.8919363696628344E-016 -2.2898349882893864E-016 -1.6378624950881646E-015  2.2511873579603595E-001  5.4957291779873427E-016 -1.2065001775418691E-015  8.5136403646135772E-001  1.7956134770766335E-015 -5.2007009809784677E-015  3.0009799672562505E-017  4.6126063991965338E-015  2.8017145968275054E-015
 9.2291433904540637E-016 -4.4665019726185015E-002 -3.7541346538335710E-016 -9.3219788486346733E-016 -1.2211838597764614E-015 -8.2384167605619271E-002 -1.0911183366334968E-016  4.6567244117644141E-015 -7.6280418232788547E-016  1.4996813832296749E-016 -4.1127973346546381E-017 -8.0440845722164431E-017 -1.1646700022568810E-016 -2.1640143598618170E-016  2.7597510793083534E-016 -2.3779260419530546E-004 -8.0123475321734306E-017 -3.1809084951803826E-015  5.4957291779873427E-016  2.2511873579603175E-001 -4.2647829592700045E-016  1.1218987025616934E-015  8.5136403646134651E-001 -2.4045030656532021E-016  4.7407559099637265E-016  1.5783314256398412E-015  1.0235555335072123E-015
-1.2546929641088484E-015 -3.0376178754267555E-016 -4.4665019726184370E-002 -2.0615538476650674E-016  2.1289935960011588E-015 -5.2777299772662135E-016 -8.2384167605622075E-002 -2.1202229227067157E-015  6.9748095998762836E-016  1.6511471001485457E-016 -3.7921152064487358E-017 -5.2944266339565482E-016  5.2108202687858962E-016  5.6918336333632203E-016 -6.9388939039070854E-017  6.3670054648442044E-016 -2.3779260419454218E-004  8.3274870969461026E-016 -1.2065001775418691E-015 -4.2647829592700045E-016  2.2511873579602867E-001 -1.5577816814271722E-015 -1.2845737442141109E-015  8.5136403646133818E-001 -6.7349228583848332E-016 -2.5282524388006436E-016 -2.8672297063661722E-016
-1.8723170133801134E-001  6.9307385316025100E-017 -2.1691632864917483E-015  2.0642385728553428E-015 -3.4430052036907299E-001  1.1181348674943149E-015  1.8416258101838786E-015  9.0233044828191097E-016 -6.7983069752681922E-016  9.9133659918629380E-016  5.4897191439273919E-016 -3.1147454724367975E-016 -8.0508852324932813E-016 -2.5285819941403425E-017 -1.4836799123310429E-002 -1.5507983154219885E-015 -2.0816681711721715E-016 -3.5249685626734015E-015  8.5136403646135772E-001  1.1218987025616934E-015 -1.5577816814271722E-015  3.2215968556371686E+000  3.1857978029498698E-015 -8.4376949871511881E-015  1.9826388935278747E-015  4.0813262765097065E-015  2.5395022649935439E-015
 3.4725361428933179E-015 -1.8723170133801656E-001 -1.3344280536535342E-015 -4.8446604101807155E-015 -4.4555916010852864E-015 -3.4430052036907455E-001 -3.6817679934729238E-016  1.6045829332063253E-014 -2.8940420770423810E-015  5.6127969080142192E-016 -1.5550951311162654E-016 -3.1287329105890869E-016 -4.4142383818306468E-016 -8.3000641540847169E-016  1.0477930406263495E-015 -1.4836799123297453E-002 -2.3228567130847576E-016 -1.1211356847066287E-014  1.7956134770766335E-015  8.5136403646134651E-001 -1.2845737442141109E-015  3.1857978029498698E-015  3.2215968556371437E+000  2.9008730367607840E-016  2.0535404259591118E-015  2.1673159367331868E-015  1.5216859850773573E-015
-4.8588520359937858E-015 -1.0403165665715049E-015 -1.8723170133801242E-001  3.9856412844705597E-016  7.9656333612509979E-015 -1.9760240176198199E-015 -3.4430052036908193E-001 -6.3133001500205303E-015  2.6569301387300601E-015  6.2218876349754408E-016 -1.4874680068091154E-016 -1.9476857188388124E-015  1.9602666146713941E-015  2.1915244462752273E-015 -4.0245584642661708E-016  2.6332751021138776E-015 -1.4836799123292888E-002  5.5128874456426645E-015 -5.2007009809784677E-015 -2.4045030656532021E-016  8.5136403646133818E-001 -8.4376949871511881E-015  2.9008730367607840E-016  3.2215968556371242E+000 -2.6278444987236930E-016 -2.6382891390084656E-015 -1.7405841234411728E-015
 8.8932859048533834E-017  1.0647909583620717E-015  3.7363015618818687E-016 -2.4502556490114563E-001  5.2597140553065454E-017 -1.4105235999308777E-015  9.1815957797260222E-016 -2.4374200026124043E-001  1.8113660134583398E-015  1.8653607800981405E-015 -1.0195061822065299E-015  2.6780023333359434E-015  7.7205237327406302E-016  9.9900057815971211E-016 -2.7241207985508220E-017  1.9645379848086639E-015 -1.8068317229351579E-016  8.0392109673261325E-001  3.0009799672562505E-017  4.7407559099637265E-016 -6.7349228583848332E-016  1.9826388935278747E-015  2.0535404259591118E-015 -2.6278444987236930E-016  6.1628197786107186E-001 -3.6994538579708630E-001 -1.3094647971891443E-001
 1.8673469810909978E-015 -1.1327958858943911E-015  4.7083845114649638E-016  1.2432209328551315E-001 -3.0912013886679283E-015  2.6645532199647731E-015  5.9435553628978558E-018  1.1708205629835386E-001 -3.2963726966012179E-015 -1.8963881565438528E-015  6.8162484583508010E-016 -4.1628473474445796E-015 -1.9265098475472479E-015 -3.6318366364110845E-015  1.3816599527177998E-016 -2.3016040228703578E-015 -2.8748235302652245E-017 -4.9539018100457816E-001  4.6126063991965338E-015  1.5783314256398412E-015 -2.5282524388006436E-016  4.0813262765097065E-015  2.1673159367331868E-015 -2.6382891390084656E-015 -3.6994538579708630E-001  1.1003114242629466E+000  6.2802834639793925E-001
 1.1864368260897620E-015 -5.3436083549014503E-016  3.3241612839885498E-016  4.3002158511804521E-002 -1.8890718832342747E-015  1.4676752632147875E-015  1.0960198171798635E-016  3.9891763214613421E-002 -1.8195307505387956E-015 -8.8193154495995341E-016  2.6339412598470201E-016 -2.2061905538845483E-015 -1.0748547822018613E-015 -2.1284068476613828E-015  6.9266575331931902E-017 -1.1244613370500186E-015 -5.9595387842462245E-017 -1.8046609331288319E-001  2.8017145968275054E-015  1.0235555335072123E-015 -2.8672297063661722E-016  2.5395022649935439E-015  1.5216859850773573E-015 -1.7405841234411728E-015 -1.3094647971891443E-001  6.2802834639793925E-001  3.7159213354404602E-001
