 2.0726338922383250E-001 -1.2041569655864151E-015  1.3394472396297941E-015 -4.3842873629245658E-016  1.2260470226385348E-001  7.8517004104949413E-016 -4.1235533223942693E-016  2.0441203706245463E-016 -9.2016722136983825E-017 -3.2743726246297048E-017  7.2758745731766717E-017  9.8718906346260115E-017 -1.5350265029160812E-016 -1.1852574363048569E-015  1.0043987171828181E-001 -2.3077220996928451E-016  4.4028772598489367E-018  1.6053269078820579E-015 -8.9957302159739934E-016 -2.8168300300818979E-016  2.5163041782016564E-016  1.0113129790425531E-015 -1.3917966784816385E-015 -2.3559174841329612E-002  1.4126362000757858E-015  9.4664402185139916E-016 -2.2526722573726463E-015  5.1574236085289561E-015 -2.7691880778761706E-015 -8.8284733321331093E-016  9.5930721518739264E-016  3.1218615125152644E-015 -4.0037678808087784E-015 -6.7877027524097300E-002  3.6056766798481282E-015  3.2001853424168589E-015 -9.6667570746261366E-016  2.7137190149971645E-002 -2.7242136506834915E-015  5.2887381973842078E-016  4.5972804200359061E-015  4.6126283448326728E-015 -3.4569895899611769E-015  3.4760848536837109E-003 -3.6876387241353290E-016  9.9919394589905213E-017 -1.3874958195292807E-015
-1.2041569655864151E-015  2.0726338922386275E-001  1.5347946078906414E-015 -2.3538296312348233E-016 -7.8019413895649441E-016  1.2260470226384787E-001  7.1132463145231185E-017  1.5278115179363484E-016 -8.3274022780074019E-017 -1.8738720869562405E-017  1.0112331602660502E-016  9.7205544146719037E-018  1.2170326545985386E-016 -2.1529420307493258E-015 -2.5324712141892914E-016  1.0043987171829011E-001  2.5186296918667166E-016  1.1095070667711817E-016 -4.5818477150970860E-016 -2.2777831472971854E-016  1.1521625656764604E-015  3.4146112997003174E-016 -2.3026906563284193E-016 -4.6746853506556524E-016 -2.3559174841334598E-002  1.0698844481567809E-015 -1.2161268580905993E-014  7.8546417400106631E-016 -1.3719048790547717E-015 -7.0678919914145008E-016  3.9963587578455912E-015  1.0374832333320363E-015 -1.9522496458993564E-016 -9.8834062526203739E-016 -6.7877027524109207E-002  3.5854813883598657E-015 -9.0238054310363110E-015  8.0016012729312157E-015  2.7137190149974493E-002  7.0928616926236286E-015  6.5429328618859853E-015  4.8145970796149865E-015 -2.5249771908644570E-015  1.1447499108253080E-015  3.4760848536840570E-003  1.0448891728416557E-015 -1.0109533144928583E-015
 1.3394472396297941E-015  1.5347946078906414E-015  2.0726338922386850E-001  3.5980853898121039E-016  2.1501571377047271E-016  2.4555537689489831E-016  1.2260470226384887E-001  3.7374392796682640E-016 -5.6559300589280776E-019  7.4329460541993285E-017  2.3215776096917742E-016 -4.2899052665370085E-017  1.4257855834058398E-016  5.5853072856036404E-016 -4.2888158031505072E-016  1.1845466958284984E-016  1.0043987171828511E-001  7.9421980888093420E-016  3.5688218477829197E-016  7.6409990842335138E-016 -3.3908803089580433E-016  2.1359161165222316E-016  2.5276221357415224E-017 -5.4199266602550138E-015 -1.0703648918500800E-015 -2.3559174841329689E-002  4.9726400170591063E-015 -9.8543993003933508E-016  1.0083375379991249E-015  2.3201391815108907E-015 -4.4834772062263976E-015  5.8682529773307642E-016 -3.4441674805900969E-015 -1.4895474177017900E-014 -3.0899440275138602E-015 -6.7877027524096648E-002  2.1234201523439216E-015  1.0778514582601673E-014 -6.8198132115096708E-015  2.7137190149969230E-002  3.1079136441804396E-015  2.2694358361124343E-015 -4.0605908868127296E-015  1.4549518816304968E-015 -1.0012552325313319E-015  3.4760848536833809E-003 -1.8714454853866362E-015
-4.3842873629245658E-016 -2.3538296312348233E-016  3.5980853898121039E-016  3.5640716977611819E-001 -1.8303039795813626E-017  3.9957222928419530E-016 -3.1215581332953989E-016 -4.4946367911686975E-014  1.6555376712086309E-015 -5.4967152053567027E-017 -2.4897671244084239E-014 -7.4902337690751416E-016 -3.8225635993448190E-014  6.2802206382783032E-001 -2.0687164790788960E-016 -4.9571994478105620E-016  6.4807777386926431E-016 -8.2870176635343775E-014 -1.8443261474783356E-015  3.4449156303803224E-016  9.1891893029056240E-014 -1.4910313433712043E-016 -5.1520072290826476E-014 -7.5452179226557677E-017 -1.1567274396683059E-015  3.9532709958742845E-015 -3.5655748354174072E-001 -5.3775567596528250E-014 -5.0748065194977866E-015  3.6915213808781129E-015  3.9025389210560963E-013  1.2152361202832540E-015 -1.7558374320978767E-014  1.0335030641237207E-015 -4.0552312513941823E-015  1.0499019360717325E-014 -1.9163981429819524E-001 -2.3483902866773721E-015 -2.0423396758126550E-015 -1.3423323988413365E-014  1.3398809665019462E-001  8.6857639887713015E-002 -3.7639737738173119E-002 -3.2981443509867819E-016 -3.2311561737064033E-016 -1.8660934469928099E-015 -1.1986828944720525E-002
 1.2260470226385348E-001 -7.8019413895649441E-016  2.1501571377047271E-016 -1.8303039795813626E-017  7.2550959187449485E-002  4.8231784649432147E-016 -7.0547849517503271E-016 -1.6017366643580312E-016  1.3204166919110387E-016  2.3984032638243466E-017 -4.3858936258882543E-017 -1.3819224276817284E-016  2.6778062968894718E-016 -3.6602798363271159E-016  5.9280379534553611E-002 -4.2196960583369537E-016 -4.0810725025074954E-016 -2.5553724606327271E-015  1.8258068435059808E-015  3.8966185630079516E-016 -8.8009062817599153E-016 -1.8907940079756024E-015  3.7043107214063389E-015 -1.5923163702239198E-002 -2.8695308548377035E-015 -2.6292986884945810E-015 -2.1931208523334911E-015 -7.6339419282082176E-015  5.5173687750116911E-015  1.1698124323273863E-015 -2.5817062087932047E-015 -5.7203933549933618E-015  1.1385105400411535E-014 -4.5853637523303063E-002 -8.2144919237947613E-015 -7.1609385088322849E-015 -2.1153779683431034E-015  1.6457078986540079E-002  8.9988261434067442E-015 -1.4376520807157708E-015 -4.3671189149699799E-015 -4.7025373497072212E-015  1.5902003944883302E-015  2.0769317139876478E-003  1.2408808971671881E-015 -2.5213121521150307E-016  1.1588451117327021E-016
 7.8517004104949413E-016  1.2260470226384787E-001  2.4555537689489831E-016  3.9957222928419530E-016  4.8231784649432147E-016  7.2550959187432082E-002 -3.1925063021708111E-016  1.4629081520272094E-016  5.4309880375596009E-017 -6.0238931390656338E-018 -1.3511237377865969E-016 -6.6394490052850461E-017  2.1424835521010224E-016  1.6501701711404906E-015  5.8538111795887739E-016  5.9280379534547609E-002 -4.7038359082186666E-016  6.6377962919540682E-016  1.0175827241440427E-015 -3.8375872270490859E-017 -1.7666604614032758E-015 -6.5458741930001643E-016  1.7194517447208863E-015  6.5409104471300526E-016 -1.5923163702232165E-002 -3.2611395268706042E-015  2.2254455487335812E-014  2.2583603085458523E-015  3.1128568161741150E-015 -1.3779497171826193E-016 -5.0961979764500059E-015 -1.9952297075127941E-015  5.4905179751379224E-015  1.0661968617749059E-015 -4.5853637523281351E-002 -9.7156752778320945E-015  1.9586742159114792E-014 -2.2637582120651689E-014  1.6457078986537362E-002 -1.4823328335411616E-014 -1.6413750558700872E-014 -1.0679369010898898E-014  9.0334651274144277E-015 -3.2508864906463288E-015  2.0769317139874058E-003 -2.1971161543469190E-015  4.0655465157114600E-015
-4.1235533223942693E-016  7.1132463145231185E-017  1.2260470226384887E-001 -3.1215581332953989E-016 -7.0547849517503271E-016 -3.1925063021708111E-016  7.2550959187431457E-002  1.3083221291396673E-016  5.4235312317799072E-018 -5.9529713644883599E-017  1.9168106239386273E-016 -2.5590236368406500E-017  1.4762827726898471E-016 -7.0368739599969372E-016  1.6845113628633759E-016 -2.6266724370821708E-016  5.9280379534542793E-002 -1.0314665247751321E-015  4.9894324368772238E-016 -8.0759171868479518E-016  5.3504686241534710E-016  2.2792129880167145E-016  8.1798259530166510E-016  1.2741760771484129E-014  5.6858412099019015E-016 -1.5923163702238511E-002  1.5403555178071060E-015 -5.1045843937914081E-015  1.4042927027250414E-015 -2.4734679365372784E-015 -4.1358142825908323E-016  6.5623584688231151E-016  4.0696929359120498E-016  3.6023701383003301E-014  2.4003295785998742E-015 -4.5853637523300135E-002 -7.6256249842911727E-016 -2.2770088765888787E-014  1.9780555843723896E-014  1.6457078986546664E-002 -3.9151243911507686E-015 -4.8161806515759682E-015  2.5009938883735303E-015 -3.0392355299113625E-015  2.8632350765573476E-015  2.0769317139886214E-003  7.8853889359161911E-016
 2.0441203706245463E-016  1.5278115179363484E-016  3.7374392796682640E-016 -4.4946367911686975E-014 -1.6017366643580312E-016  1.4629081520272094E-016  1.3083221291396673E-016  9.9697086268491050E-004  1.5022976352319964E-017  5.3431685345663267E-017 -4.9848543133866651E-004 -3.7416833411867058E-017 -4.9848543134662021E-004 -6.9044776416628961E-014  2.2512954927812507E-016  8.4782084088805640E-018  1.0092842282220943E-016  1.2440605155345790E-002  8.0534537372216367E-016 -2.6138081499505598E-016 -6.2203025776436573E-003 -3.5342280317577283E-016 -6.2203025777028669E-003  2.8143434841633109E-016 -9.7184294322986091E-016 -3.1272727116679521E-015 -2.9460032624409226E-014  3.7855542129104337E-002  2.4247097385466247E-015 -7.9762043324265165E-016 -1.8927771064489514E-002 -1.1349428341578176E-015 -1.8927771064627452E-002  9.2684841705593378E-016 -2.7601289350521239E-015 -8.5810405989346498E-015 -2.3159225968885044E-014 -3.2286133952434847E-015  3.2641460578663603E-015  6.5577587303234035E-015  1.3230213161587280E-014  1.1288900169368196E-014  1.5701862417188941E-015 -4.5824741205890860E-016  4.5143722316207084E-016  8.8767233221291967E-016  1.8878467398957803E-015
-9.2016722136983825E-017 -8.3274022780074019E-017 -5.6559300589280776E-019  1.6555376712086309E-015  1.3204166919110387E-016  5.4309880375596009E-017  5.4235312317799072E-018  1.5022976352319964E-017  9.9697086269063639E-004 -2.4885319770562834E-016 -7.0656100328315698E-017 -1.6124264767720934E-016  9.7843740352481648E-017  3.1633989648997364E-015 -1.0203558914550241E-016 -7.6877105140050453E-017 -3.5533237077098643E-017 -6.2628938493655673E-016  1.2440605155389233E-002 -1.4916379373672770E-015 -4.7244109666124696E-017 -1.0571119412499473E-015  6.9918842850840988E-016  3.8551606807738668E-017 -2.7575273119786206E-017  1.5053440921918135E-015 -2.1946579961107536E-015 -2.0513647204530635E-015  3.7855542129213576E-002 -4.4685896523593792E-015 -4.7016427209932162E-016 -3.1674229550499901E-015  1.7823199513469770E-015  2.4054402801242604E-017 -7.4482841448569883E-017  4.1044314153832263E-015 -1.3851604007717583E-015  1.4562283223199921E-015  2.1038511707963475E-016 -2.1296657175770324E-015  1.2728733189789595E-015  8.3934625561225014E-016 -3.6460202988082428E-017  2.0951984626279838E-016  2.9781154038751696E-017 -2.7923758619695045E-016  1.0001660450880415E-016
-3.2743726246297048E-017 -1.8738720869562405E-017  7.4329460541993285E-017 -5.4967152053567027E-017  2.3984032638243466E-017 -6.0238931390656338E-018 -5.9529713644883599E-017  5.3431685345663267E-017 -2.4885319770562834E-016  9.9697086269057394E-004 -1.3011484861017181E-016  5.9283174233825997E-018  5.0511962776479709E-017 -2.2431367178671914E-016 -2.0583965140078892E-017 -1.4173092312195355E-018  6.4900371859556790E-017  9.7929883603381106E-016 -1.6224866341470466E-015  1.2440605155388845E-002 -5.3924827927643188E-016 -6.5515880887753623E-017 -3.5923175512838938E-016 -5.5012646411282640E-017 -4.2206705354581558E-017  4.0690145769965808E-016  1.2714783089106216E-015  3.2301635324851905E-015 -4.9232676210830568E-015  3.7855542129212445E-002 -1.3580445362014908E-015 -8.6382537543361758E-017 -5.3783881645307823E-016 -1.2539249968154481E-016 -8.6936256368769071E-017  1.0426715704733165E-015  1.3512365540683149E-015  1.3833825817829112E-015  2.2809982164730318E-015 -2.1247238638922177E-015 -1.5446147213951796E-015 -9.7113422096304661E-016  9.2109428240323888E-016  1.9818976040123999E-016  3.2729645617951056E-016 -2.9872740431512067E-016  4.0077265242624216E-016
 7.2758745731766717E-017  1.0112331602660502E-016  2.3215776096917742E-016 -2.4897671244084239E-014 -4.3858936258882543E-017 -1.3511237377865969E-016  1.9168106239386273E-016 -4.9848543133866651E-004 -7.0656100328315698E-017 -1.3011484861017181E-016  9.9697086269067846E-004  1.4370760983236086E-017 -4.9848543135223812E-004 -7.6068193624257910E-014  8.3659541995325036E-017  9.9153475168377686E-017  9.5236168612946260E-017 -6.2203025776442454E-003 -8.3135267333478592E-016 -1.0445271492357278E-015  1.2440605155389342E-002  4.8732177147807899E-016 -6.2203025777453321E-003  1.3263806295909802E-016 -6.3786957999254559E-016  3.9204412847263148E-017 -1.6537409277668497E-014 -1.8927771064487363E-002 -2.4803835201036777E-015 -3.1976645723652952E-015  3.7855542129212716E-002  1.5230872119076437E-015 -1.8927771064724937E-002  4.7927778147077453E-016 -1.4522649259781966E-015  1.5046079838055656E-016 -7.9974116690197708E-014  2.1550676107446020E-015  4.5604530332433113E-015  1.8248646841610087E-015  3.9025298902192323E-014  1.7076275457451481E-014 -1.5344065088503516E-015  3.1302820580328819E-016  6.4727450752329579E-016  2.6354736477805048E-016  8.2431866448321189E-016
 9.8718906346260115E-017  9.7205544146719037E-018 -4.2899052665370085E-017 -7.4902337690751416E-016 -1.3819224276817284E-016 -6.6394490052850461E-017 -2.5590236368406500E-017 -3.7416833411867058E-017 -1.6124264767720934E-016  5.9283174233825997E-018  1.4370760983236086E-017  9.9697086269061493E-004  6.3044662264278608E-017 -1.5382412794647043E-015  1.1092499873031243E-016  3.7892842260309499E-017  2.8230792278653023E-018 -3.1929753979456252E-017 -9.2980246576114979E-016  8.7215488567874637E-017 -2.7861285327440807E-016  1.2440605155388862E-002  4.7048275648677276E-016 -4.2229005627634859E-016  2.0744712504238236E-016  9.4017378924787217E-016 -6.5222609525422459E-016  1.3151372352397147E-016 -2.8245431709685013E-015  3.2648715545328458E-016 -5.5299731807545145E-016  3.7855542129213327E-002  1.6459273180517865E-015 -1.0781673361757006E-015  6.6374779898920904E-016  2.5787312582957395E-015 -5.3441629864800136E-016  1.7755734148882152E-015  3.8760115168415538E-016 -2.6437955990083960E-015 -8.8123295891764574E-016 -8.5697444357857272E-016  6.3706110543804819E-016  2.4837617687927829E-016  6.0419064974980524E-017 -3.6336003846831921E-016  2.0854113182275793E-016
-1.5350265029160812E-016  1.2170326545985386E-016  1.4257855834058398E-016 -3.8225635993448190E-014  2.6778062968894718E-016  2.1424835521010224E-016  1.4762827726898471E-016 -4.9848543134662021E-004  9.7843740352481648E-017  5.0511962776479709E-017 -4.9848543135223812E-004  6.3044662264278608E-017  9.9697086269946093E-004 -6.0511610317818288E-014 -1.7839311618604843E-016  5.0117801749456278E-018 -3.1806497057537836E-017 -6.2203025777062392E-003  5.5272626753304281E-016  9.7936659867018818E-016 -6.2203025777485066E-003  3.6522705432908318E-016  1.2440605155455715E-002  7.3281443163168469E-016  2.4684214063402244E-016 -2.3827827930100841E-016 -6.4434550608138259E-014 -1.8927771064631262E-002  1.6585447208325858E-015  3.0014849655187434E-015 -1.8927771064731792E-002  1.1307144456851409E-015  3.7855542129375273E-002  1.7450210686620295E-015  6.5369981266267602E-016 -7.5453758129263031E-016 -2.6759020965225813E-014 -2.9964335988653816E-015  2.2093993766677992E-015  2.3202413952990589E-015  2.2092003848128753E-014  1.0545130101242272E-014  5.8164545932282072E-016 -4.1984679198326391E-016  3.2213620305288218E-016  3.2891514087641280E-016  1.1105853386457426E-015
-1.1852574363048569E-015 -2.1529420307493258E-015  5.5853072856036404E-016  6.2802206382783032E-001 -3.6602798363271159E-016  1.6501701711404906E-015 -7.0368739599969372E-016 -6.9044776416628961E-014  3.1633989648997364E-015 -2.2431367178671914E-016 -7.6068193624257910E-014 -1.5382412794647043E-015 -6.0511610317818288E-014  1.1110894459934526E+000 -4.2881583497663487E-016 -2.2624706447095191E-015  8.5245494536353647E-016  3.0478154146946085E-014  5.6939874186914179E-016 -2.7326884734199591E-015 -1.8853425499457054E-013 -2.3889734267552838E-015  4.6724725935127055E-014 -1.6806475633325074E-015  5.0005381583419628E-015  1.1170243537271237E-016 -5.6331562030133886E-001  3.5807948606241718E-013  2.3563098421363823E-015 -3.1841014934238771E-015 -4.4128881582134983E-013 -3.9815392050271878E-015  3.1236616746438161E-013 -1.9922671052075561E-015  1.0935620748331154E-014 -4.0023523040470053E-016 -2.8287711968268370E-001  6.1140290268381507E-015 -8.0955934927520955E-015 -3.2296131331936190E-016  1.9251410542326380E-001  1.2414029365356696E-001 -5.3719663651936339E-002  8.7070099850382772E-016 -1.0933809738133038E-015 -5.1637486285958051E-017 -1.7098723433818144E-002
 1.0043987171828181E-001 -2.5324712141892914E-016 -4.2888158031505072E-016 -2.0687164790788960E-016  5.9280379534553611E-002  5.8538111795887739E-016  1.6845113628633759E-016  2.2512954927812507E-016 -1.0203558914550241E-016 -2.0583965140078892E-017  8.3659541995325036E-017  1.1092499873031243E-016 -1.7839311618604843E-016 -4.2881583497663487E-016  4.9437484513245956E-002  1.5444086793749606E-016 -1.0173611085517340E-015  2.1257459676707326E-015 -1.2194450422427610E-015 -1.8224397803823036E-016  5.8873070749342788E-016  1.5877006961076560E-015 -2.4353041848498245E-015  2.3803914829705931E-004  2.0227285689180645E-015  1.2455314557513388E-015  1.7330946732672945E-015  6.7726954345863811E-015 -3.6265694347088442E-015 -5.7789727269702864E-016  2.0128238136732314E-015  4.7932436862552827E-015 -7.1397212790860902E-015  1.7266598632152685E-004  5.5312376510674518E-015  2.8883145875014067E-015  2.0033880836038617E-015  3.6487045333284500E-004 -7.9448164494987194E-015  3.8849132244500508E-015  5.3292626785183418E-016  1.2586342917224355E-015  3.4281464941940359E-015  6.1738241771057585E-005 -1.1067428341548359E-015  5.7874711967276128E-016  2.2950936567119024E-015
-2.3077220996928451E-016  1.0043987171829011E-001  1.1845466958284984E-016 -4.9571994478105620E-016 -4.2196960583369537E-016  5.9280379534547609E-002 -2.6266724370821708E-016  8.4782084088805640E-018 -7.6877105140050453E-017 -1.4173092312195355E-018  9.9153475168377686E-017  3.7892842260309499E-017  5.0117801749456278E-018 -2.2624706447095191E-015  1.5444086793749606E-016  4.9437484513247025E-002  3.9182831204078987E-017 -4.0771833979097863E-017 -6.3734461613430623E-016 -2.7409698308807183E-017  1.5533481997353910E-015  3.7394836348110827E-016 -1.0695455524986223E-015 -4.4617161434995851E-016  2.3803914829639491E-004  3.1473881499988794E-015 -2.0100351016341119E-014  2.2672431018643749E-016 -1.9697995123851484E-015 -6.1588377946599047E-017  5.0276023473130824E-015  1.1686042503635256E-015 -2.8032458621582184E-015 -3.4806365926778701E-016  1.7266598632042357E-004  9.5598613416420886E-015 -1.6034953820057382E-014  2.0221890911053293E-014  3.6487045332731644E-004  1.4701634948808265E-014  1.4691373023324065E-014  1.0732094365051194E-014 -7.4494435937301603E-015  2.9077087949096284E-015  6.1738241770260046E-005  2.1786508001981980E-015 -3.1216405499970783E-015
 4.4028772598489367E-018  2.5186296918667166E-016  1.0043987171828511E-001  6.4807777386926431E-016 -4.0810725025074954E-016 -4.7038359082186666E-016  5.9280379534542793E-002  1.0092842282220943E-016 -3.5533237077098643E-017  6.4900371859556790E-017  9.5236168612946260E-017  2.8230792278653023E-018 -3.1806497057537836E-017  8.5245494536353647E-016 -1.0173611085517340E-015  3.9182831204078987E-017  4.9437484513241592E-002  1.7630582567257524E-015 -1.5424471445886556E-015  4.1545510589063766E-016 -5.9045553856714761E-016 -3.3386679239978654E-016 -1.1944493144114921E-015 -1.0822072404881291E-014  2.1742584296251280E-016  2.3803914830557160E-004  4.8894747982333634E-015  3.4080880660946882E-015 -4.3168002035737452E-015  1.3643740952104448E-015 -3.4322869773583771E-015 -9.8831931935975534E-016 -5.3236986420377582E-015 -3.0407967810397332E-014  4.8615494044078404E-016  1.7266598634588931E-004  3.1031314884897685E-015  1.8932772016810825E-014 -1.6241695226481218E-014  3.6487045331535899E-004  4.9075052492769356E-015  4.8648106281867860E-015 -2.0144290866515182E-015  2.5264079023257169E-015 -2.3352933416356123E-015  6.1738241768703999E-005 -2.4425301763122161E-016
 1.6053269078820579E-015  1.1095070667711817E-016  7.9421980888093420E-016 -8.2870176635343775E-014 -2.5553724606327271E-015  6.6377962919540682E-016 -1.0314665247751321E-015  1.2440605155345790E-002 -6.2628938493655673E-016  9.7929883603381106E-016 -6.2203025776442454E-003 -3.1929753979456252E-017 -6.2203025777062392E-003  3.0478154146946085E-014  2.1257459676707326E-015 -4.0771833979097863E-017  1.7630582567257524E-015  1.5523889656555628E-001 -1.0451708942771813E-016  6.3826981894299497E-016 -7.7619448282645762E-002  1.0171984782262174E-015 -7.7619448282919695E-002 -9.0278446973268248E-016 -9.0512981787608333E-017 -1.0852098061517255E-015 -1.2985212283772919E-013  4.7237674659965068E-001 -6.4271504784933603E-016  1.9147010366104417E-015 -2.3618837329975084E-001  2.3540197569005414E-015 -2.3618837330005743E-001  3.2774694993230366E-016 -1.2282404950159318E-015 -8.7013198174773035E-016  6.9998230028607424E-014 -1.1839362768863530E-016  1.5003201526435694E-015  3.3572525002121508E-016 -3.0749066615465617E-014  4.4542793036633875E-014 -8.1338276512841436E-015 -1.0455562104644798E-017  2.0491807664606725E-016  4.5328266128723611E-017 -5.9315197168218378E-016
-8.9957302159739934E-016 -4.5818477150970860E-016  3.5688218477829197E-016 -1.8443261474783356E-015  1.8258068435059808E-015  1.0175827241440427E-015  4.9894324368772238E-016  8.0534537372216367E-016  1.2440605155389233E-002 -1.6224866341470466E-015 -8.3135267333478592E-016 -9.2980246576114979E-016  5.5272626753304281E-016  5.6939874186914179E-016 -1.2194450422427610E-015 -6.3734461613430623E-016 -1.5424471445886556E-015 -1.0451708942771813E-016  1.5523889656574888E-001 -1.1653309881735536E-016  3.8597597340457956E-017  3.0682582668160741E-016  3.8814437774968348E-016  5.6626720279694005E-018  3.0396500651820008E-016 -9.2422488970161313E-016  6.1865488662436508E-015 -2.1371793224041332E-015  4.7237674659995033E-001  5.5086618318093538E-016 -3.9543021634895041E-015  1.5619423072640859E-015 -3.1318263954423645E-015 -1.7230510392117868E-015  7.9109285551633725E-016 -4.4420005483318675E-015  3.9490650206109162E-015  1.4329308988292931E-016 -1.2561237496589321E-015  2.1606503828698571E-015 -1.6540830757827175E-015 -1.7119024957791895E-015 -2.9829492188058875E-016  6.3311619744568972E-018 -1.7567607496163771E-016  2.8542050742844171E-016 -2.4387012681227558E-016
-2.8168300300818979E-016 -2.2777831472971854E-016  7.6409990842335138E-016  3.4449156303803224E-016  3.8966185630079516E-016 -3.8375872270490859E-017 -8.0759171868479518E-016 -2.6138081499505598E-016 -1.4916379373672770E-015  1.2440605155388845E-002 -1.0445271492357278E-015  8.7215488567874637E-017  9.7936659867018818E-016 -2.7326884734199591E-015 -1.8224397803823036E-016 -2.7409698308807183E-017  4.1545510589063766E-016  6.3826981894299497E-016 -1.1653309881735536E-016  1.5523889656574891E-001  4.9797405782276761E-016 -6.5829537188119375E-016 -1.2826111700417830E-016  1.7132828002781096E-017  1.9176505762175371E-016 -3.9625476161007823E-016 -1.0921886534663151E-014  5.0658262307260301E-015 -1.9987944676127878E-016  4.7237674659995105E-001  5.0421906233635947E-015 -5.9383108239746645E-016  6.5415338076962514E-015 -1.8108879975545797E-016 -1.2395197359652306E-016 -1.7078553943787903E-015 -5.0996448090422677E-015 -3.7168326872288361E-016 -2.0133680345685098E-015  1.8108897594736891E-015  1.2230203173487890E-015  2.3961184916801375E-015 -8.9388269136594426E-017 -5.5933963745473533E-017 -2.9614632074771694E-016  2.5229687623621875E-016 -6.9766658325099285E-017
 2.5163041782016564E-016  1.1521625656764604E-015 -3.3908803089580433E-016  9.1891893029056240E-014 -8.8009062817599153E-016 -1.7666604614032758E-015  5.3504686241534710E-016 -6.2203025776436573E-003 -4.7244109666124696E-017 -5.3924827927643188E-016  1.2440605155389342E-002 -2.7861285327440807E-016 -6.2203025777485066E-003 -1.8853425499457054E-013  5.8873070749342788E-016  1.5533481997353910E-015 -5.9045553856714761E-016 -7.7619448282645762E-002  3.8597597340457956E-017  4.9797405782276761E-016  1.5523889656574510E-001  3.6689401516916614E-016 -7.7619448283102258E-002  5.6166214809956510E-016 -8.7809352283499954E-016 -1.7513284208323483E-015  1.2858873311424304E-013 -2.3618837329970174E-001  7.3378803033820538E-016  1.2732870313672109E-015  4.7237674659992396E-001  1.6176296413483758E-015 -2.3618837330021700E-001  1.7906576761424838E-015  2.7016657780345402E-016 -5.1763442581019762E-015 -5.7966367071490370E-013 -1.9773307480212935E-015  2.3097487556916026E-015  5.5498656417630753E-015  2.5171245376198460E-013  9.2300831873374405E-014 -3.6037708710333134E-014 -2.7676513438809755E-016  3.3953718049885972E-016  7.6322579802401313E-016 -1.0192384252097054E-014
 1.0113129790425531E-015  3.4146112997003174E-016  2.1359161165222316E-016 -1.4910313433712043E-016 -1.8907940079756024E-015 -6.5458741930001643E-016  2.2792129880167145E-016 -3.5342280317577283E-016 -1.0571119412499473E-015 -6.5515880887753623E-017  4.8732177147807899E-016  1.2440605155388862E-002  3.6522705432908318E-016 -2.3889734267552838E-015  1.5877006961076560E-015  3.7394836348110827E-016 -3.3386679239978654E-016  1.0171984782262174E-015  3.0682582668160741E-016 -6.5829537188119375E-016  3.6689401516916614E-016  1.5523889656574300E-001  6.1230317691153770E-016  3.2040680045087819E-017 -3.4587597159670146E-016 -2.2135522824341681E-016 -9.8997375218476801E-015  5.9509688843403758E-015  9.9266840407341651E-016 -1.2285162579068913E-015  4.7930409641249396E-015  4.7237674659994328E-001  4.5358682088123766E-015  9.4681379958085079E-016 -3.1035646487355213E-016 -9.0420622283936110E-016 -3.7622094756443007E-015 -1.3384133990631196E-015  7.1788926468250976E-016  3.0978670012164240E-015  1.1422845550025952E-015  2.1423363285850737E-015 -8.6867329170491574E-016 -1.8762244603125810E-016  1.0459260091433161E-016  4.4256878106393836E-016 -5.2650192224516620E-016
-1.3917966784816385E-015 -2.3026906563284193E-016  2.5276221357415224E-017 -5.1520072290826476E-014  3.7043107214063389E-015  1.7194517447208863E-015  8.1798259530166510E-016 -6.2203025777028669E-003  6.9918842850840988E-016 -3.5923175512838938E-016 -6.2203025777453321E-003  4.7048275648677276E-016  1.2440605155455715E-002  4.6724725935127055E-014 -2.4353041848498245E-015 -1.0695455524986223E-015 -1.1944493144114921E-015 -7.7619448282919695E-002  3.8814437774968348E-016 -1.2826111700417830E-016 -7.7619448283102258E-002  6.1230317691153770E-016  1.5523889656603404E-001  1.1992502302119818E-015 -1.5685718440434261E-016 -1.3138042128519779E-015 -4.7973066844095151E-013 -2.3618837329997694E-001  8.8449213231375271E-016 -1.2029223103612095E-016 -2.3618837330018200E-001  2.1022680124494089E-015  4.7237674660031126E-001  2.0603275197656526E-016 -2.0848577647098405E-015 -5.4797787642264441E-015  8.1404491567159605E-014 -1.8141505611380707E-015  1.7102736297687391E-015  5.5894730302079705E-015  3.1919871481025357E-014  2.1302109747386916E-015  9.7360569401024648E-015 -2.6021220963305167E-016  2.3017181259256797E-016  7.6730259267745800E-016  3.6129010574183681E-015
-2.3559174841329612E-002 -4.6746853506556524E-016 -5.4199266602550138E-015 -7.5452179226557677E-017 -1.5923163702239198E-002  6.5409104471300526E-016  1.2741760771484129E-014  2.8143434841633109E-016  3.8551606807738668E-017 -5.5012646411282640E-017  1.3263806295909802E-016 -4.2229005627634859E-016  7.3281443163168469E-016 -1.6806475633325074E-015  2.3803914829705931E-004 -4.4617161434995851E-016 -1.0822072404881291E-014 -9.0278446973268248E-016  5.6626720279694005E-018  1.7132828002781096E-017  5.6166214809956510E-016  3.2040680045087819E-017  1.1992502302119818E-015  1.8200599558771069E-001 -1.0754632645281434E-015  5.5877611565558227E-015 -5.8670737399386032E-015  1.6300981574679497E-016  1.4769760492355872E-015 -1.8705681706337748E-016  3.7535397103457616E-015 -9.2368736596458076E-016  6.1639686713183192E-015  5.1459112727340450E-001 -1.5353863199894738E-015 -5.0306980803321923E-016 -4.2948280476729589E-015 -2.5206022935433331E-001  2.1195720779770028E-015 -3.4180557689778218E-015  3.9759884817451209E-015  1.8528734597904733E-015 -5.5734763653772245E-015 -3.2896416156400529E-002  3.0289955395122962E-016 -5.1090316872948419E-016 -3.2294439014788779E-015
 1.4126362000757858E-015 -2.3559174841334598E-002 -1.0703648918500800E-015 -1.1567274396683059E-015 -2.8695308548377035E-015 -1.5923163702232165E-002  5.6858412099019015E-016 -9.7184294322986091E-016 -2.7575273119786206E-017 -4.2206705354581558E-017 -6.3786957999254559E-016  2.0744712504238236E-016  2.4684214063402244E-016  5.0005381583419628E-015  2.0227285689180645E-015  2.3803914829639491E-004  2.1742584296251280E-016 -9.0512981787608333E-017  3.0396500651820008E-016  1.9176505762175371E-016 -8.7809352283499954E-016 -3.4587597159670146E-016 -1.5685718440434261E-016 -1.0754632645281434E-015  1.8200599558771000E-001 -7.4882618458049065E-016  5.9570431631409164E-015  1.6265855958984702E-015  1.7697466860764871E-016  7.8508114511125209E-016 -1.7473531996000697E-015 -4.8287682541683632E-016  2.4801694527558997E-015 -7.6788327076867866E-016  5.1459112727340128E-001 -4.0908432231993605E-015  7.2941998887445745E-015 -1.1354819192952674E-014 -2.5206022935432104E-001 -9.5999213692393611E-015 -7.9616098869769198E-015 -4.7738941048315640E-015  4.0318093065342308E-015 -1.6314884515220492E-015 -3.2896416156398829E-002 -1.4121488479189850E-015  1.7116621418341544E-015
 9.4664402185139916E-016  1.0698844481567809E-015 -2.3559174841329689E-002  3.9532709958742845E-015 -2.6292986884945810E-015 -3.2611395268706042E-015 -1.5923163702238511E-002 -3.1272727116679521E-015  1.5053440921918135E-015  4.0690145769965808E-016  3.9204412847263148E-017  9.4017378924787217E-016 -2.3827827930100841E-016  1.1170243537271237E-016  1.2455314557513388E-015  3.1473881499988794E-015  2.3803914830557160E-004 -1.0852098061517255E-015 -9.2422488970161313E-016 -3.9625476161007823E-016 -1.7513284208323483E-015 -2.2135522824341681E-016 -1.3138042128519779E-015  5.5877611565558227E-015 -7.4882618458049065E-016  1.8200599558770808E-001  1.1415752378139274E-014 -7.8293547717634631E-015  3.6484060038688748E-015  5.0163014323728193E-016 -4.1763988546294349E-015  5.2167924953417307E-016 -3.2231482752076635E-015  1.3729468950618530E-014  1.9732665605092539E-015  5.1459112727339684E-001 -3.6370602175442998E-016 -7.7834873962734742E-015  6.8940992105880373E-015 -2.5206022935432804E-001 -2.2213398301014084E-015 -4.6431577445375160E-015  5.3129936051749077E-016 -1.0165208518681018E-015  9.8466348911695134E-016 -3.2896416156399870E-002 -8.7511962419605701E-017
-2.2526722573726463E-015 -1.2161268580905993E-014  4.9726400170591063E-015 -3.5655748354174072E-001 -2.1931208523334911E-015  2.2254455487335812E-014  1.5403555178071060E-015 -2.9460032624409226E-014 -2.1946579961107536E-015  1.2714783089106216E-015 -1.6537409277668497E-014 -6.5222609525422459E-016 -6.4434550608138259E-014 -5.6331562030133886E-001  1.7330946732672945E-015 -2.0100351016341119E-014  4.8894747982333634E-015 -1.2985212283772919E-013  6.1865488662436508E-015 -1.0921886534663151E-014  1.2858873311424304E-013 -9.8997375218476801E-015 -4.7973066844095151E-013 -5.8670737399386032E-015  5.9570431631409164E-015  1.1415752378139274E-014  1.3092317839198544E+000 -1.8045857184703777E-012  1.3375985119443598E-014 -2.8895673405972212E-014 -6.1383597969729358E-013 -2.6487202201353198E-014 -2.6773973715109691E-012 -1.3046849765475612E-014 -1.2156947128384090E-014  3.0616000614412268E-014  9.8864720986654353E-001  1.7059872497399728E-014 -6.4002564771937246E-015 -2.7426664916059050E-014 -8.3049706425870540E-001 -5.6922041582482641E-001  2.5972855628567965E-001  2.4105211715007426E-015 -9.2440544080738237E-016 -3.7014375794721378E-015  8.3685859213521244E-002
 5.1574236085289561E-015  7.8546417400106631E-016 -9.8543993003933508E-016 -5.3775567596528250E-014 -7.6339419282082176E-015  2.2583603085458523E-015 -5.1045843937914081E-015  3.7855542129104337E-002 -2.0513647204530635E-015  3.2301635324851905E-015 -1.8927771064487363E-002  1.3151372352397147E-016 -1.8927771064631262E-002  3.5807948606241718E-013  6.7726954345863811E-015  2.2672431018643749E-016  3.4080880660946882E-015  4.7237674659965068E-001 -2.1371793224041332E-015  5.0658262307260301E-015 -2.3618837329970174E-001  5.9509688843403758E-015 -2.3618837329997694E-001  1.6300981574679497E-016  1.6265855958984702E-015 -7.8293547717634631E-015 -1.8045857184703777E-012  1.4373961401731574E+000 -7.4870665223154655E-015  1.5333220804165362E-014 -7.1869807008720143E-001  1.5848433676524198E-014 -7.1869807008643538E-001  8.8793090733388558E-015  1.7590238454931586E-015 -1.5218711995106199E-014 -9.3608178455833815E-013 -1.3825617823416725E-014  5.3059215995399187E-015  1.3021659507574629E-014  6.1267118837895688E-013  5.3898903337262639E-013 -1.5548847907913770E-013 -1.9180565097949933E-015  7.6633844770505771E-016  1.7821679892630559E-015 -3.8678165614710888E-014
-2.7691880778761706E-015 -1.3719048790547717E-015  1.0083375379991249E-015 -5.0748065194977866E-015  5.5173687750116911E-015  3.1128568161741150E-015  1.4042927027250414E-015  2.4247097385466247E-015  3.7855542129213576E-002 -4.9232676210830568E-015 -2.4803835201036777E-015 -2.8245431709685013E-015  1.6585447208325858E-015  2.3563098421363823E-015 -3.6265694347088442E-015 -1.9697995123851484E-015 -4.3168002035737452E-015 -6.4271504784933603E-016  4.7237674659995033E-001 -1.9987944676127878E-016  7.3378803033820538E-016  9.9266840407341651E-016  8.8449213231375271E-016  1.4769760492355872E-015  1.7697466860764871E-016  3.6484060038688748E-015  1.3375985119443598E-014 -7.4870665223154655E-015  1.4373961401731974E+000  2.1341706613747818E-015 -1.0162010122271907E-014  4.8239949361483792E-015 -1.0420483920192227E-014 -1.0287282669099433E-015  4.2288978181656606E-016  4.6554663177200403E-015  7.8263557210237723E-015  8.3901634324083746E-016  7.9632981688083076E-016 -4.8699138927991707E-015  5.4032286145370474E-016 -7.3191735923775975E-016 -4.7188236059707724E-016  1.0499190208135302E-016  1.1715271764672751E-016 -6.5920553460076985E-016  1.7015899455741661E-016
-8.8284733321331093E-016 -7.0678919914145008E-016  2.3201391815108907E-015  3.6915213808781129E-015  1.1698124323273863E-015 -1.3779497171826193E-016 -2.4734679365372784E-015 -7.9762043324265165E-016 -4.4685896523593792E-015  3.7855542129212445E-002 -3.1976645723652952E-015  3.2648715545328458E-016  3.0014849655187434E-015 -3.1841014934238771E-015 -5.7789727269702864E-016 -6.1588377946599047E-017  1.3643740952104448E-015  1.9147010366104417E-015  5.5086618318093538E-016  4.7237674659995105E-001  1.2732870313672109E-015 -1.2285162579068913E-015 -1.2029223103612095E-016 -1.8705681706337748E-016  7.8508114511125209E-016  5.0163014323728193E-016 -2.8895673405972212E-014  1.5333220804165362E-014  2.1341706613747818E-015  1.4373961401732016E+000  1.4605504305990082E-014  5.4684447074737679E-016  2.0721705601418588E-014 -1.1396081088052776E-015  4.7087457119218001E-016 -5.2120587503157129E-016 -1.1145387426744039E-014  1.6087098988821380E-015  1.2616370661783029E-015 -1.0044124611150877E-015 -8.0813328011452937E-016  3.9654542906977039E-015  8.2468359473579250E-016  2.2026001234302827E-016  1.6783263196791625E-016 -1.3922027452476788E-016 -5.1162029200355677E-019
 9.5930721518739264E-016  3.9963587578455912E-015 -4.4834772062263976E-015  3.9025389210560963E-013 -2.5817062087932047E-015 -5.0961979764500059E-015 -4.1358142825908323E-016 -1.8927771064489514E-002 -4.7016427209932162E-016 -1.3580445362014908E-015  3.7855542129212716E-002 -5.5299731807545145E-016 -1.8927771064731792E-002 -4.4128881582134983E-013  2.0128238136732314E-015  5.0276023473130824E-015 -3.4322869773583771E-015 -2.3618837329975084E-001 -3.9543021634895041E-015  5.0421906233635947E-015  4.7237674659992396E-001  4.7930409641249396E-015 -2.3618837330018200E-001  3.7535397103457616E-015 -1.7473531996000697E-015 -4.1763988546294349E-015 -6.1383597969729358E-013 -7.1869807008720143E-001 -1.0162010122271907E-014  1.4605504305990082E-014  1.4373961401730719E+000  1.6113846368348608E-014 -7.1869807008585462E-001  1.1104594403707341E-014  3.4240571426227680E-015 -1.2693554478708477E-014 -2.5990371232351845E-012 -1.2214465702211213E-014  5.5001359058334523E-015  9.2606759757482886E-015  1.2241184293543169E-012  5.1912170532938523E-013 -1.7893158507379387E-013 -1.6969940019054685E-015  8.3037598993036806E-016  1.2444737976512430E-015 -5.1391657524431613E-014
 3.1218615125152644E-015  1.0374832333320363E-015  5.8682529773307642E-016  1.2152361202832540E-015 -5.7203933549933618E-015 -1.9952297075127941E-015  6.5623584688231151E-016 -1.1349428341578176E-015 -3.1674229550499901E-015 -8.6382537543361758E-017  1.5230872119076437E-015  3.7855542129213327E-002  1.1307144456851409E-015 -3.9815392050271878E-015  4.7932436862552827E-015  1.1686042503635256E-015 -9.8831931935975534E-016  2.3540197569005414E-015  1.5619423072640859E-015 -5.9383108239746645E-016  1.6176296413483758E-015  4.7237674659994328E-001  2.1022680124494089E-015 -9.2368736596458076E-016 -4.8287682541683632E-016  5.2167924953417307E-016 -2.6487202201353198E-014  1.5848433676524198E-014  4.8239949361483792E-015  5.4684447074737679E-016  1.6113846368348608E-014  1.4373961401732094E+000  1.4533513281733781E-014  1.1116248812349085E-016  5.6579883646447359E-016  2.8468819314102514E-016 -8.1746249577789592E-015  5.6200852228788468E-016 -1.3560809474457482E-015 -1.6741158713857916E-015 -2.1290864654044899E-015  1.8861599186399934E-015  2.3718823112410034E-015  7.7948877964524375E-017 -1.8140368677193106E-016 -2.3109036918396506E-016  7.3446631701246962E-016
-4.0037678808087784E-015 -1.9522496458993564E-016 -3.4441674805900969E-015 -1.7558374320978767E-014  1.1385105400411535E-014  5.4905179751379224E-015  4.0696929359120498E-016 -1.8927771064627452E-002  1.7823199513469770E-015 -5.3783881645307823E-016 -1.8927771064724937E-002  1.6459273180517865E-015  3.7855542129375273E-002  3.1236616746438161E-013 -7.1397212790860902E-015 -2.8032458621582184E-015 -5.3236986420377582E-015 -2.3618837330005743E-001 -3.1318263954423645E-015  6.5415338076962514E-015 -2.3618837330021700E-001  4.5358682088123766E-015  4.7237674660031126E-001  6.1639686713183192E-015  2.4801694527558997E-015 -3.2231482752076635E-015 -2.6773973715109691E-012 -7.1869807008643538E-001 -1.0420483920192227E-014  2.0721705601418588E-014 -7.1869807008585462E-001  1.4533513281733781E-014  1.4373961401727535E+000  7.6150250513869669E-015  2.1992669975958842E-015 -1.4591359451354178E-014 -7.5714535417659667E-013 -1.2284378774543616E-014  6.2389483617562557E-015  1.2492092994394412E-014  6.9672618378983315E-013  3.4102156984653578E-013 -7.9840169661387248E-014 -1.7193889288328836E-015  9.0557187195360723E-016  1.6982250130362216E-015 -2.1383206971470034E-014
-6.7877027524097300E-002 -9.8834062526203739E-016 -1.4895474177017900E-014  1.0335030641237207E-015 -4.5853637523303063E-002  1.0661968617749059E-015  3.6023701383003301E-014  9.2684841705593378E-016  2.4054402801242604E-017 -1.2539249968154481E-016  4.7927778147077453E-016 -1.0781673361757006E-015  1.7450210686620295E-015 -1.9922671052075561E-015  1.7266598632152685E-004 -3.4806365926778701E-016 -3.0407967810397332E-014  3.2774694993230366E-016 -1.7230510392117868E-015 -1.8108879975545797E-016  1.7906576761424838E-015  9.4681379958085079E-016  2.0603275197656526E-016  5.1459112727340450E-001 -7.6788327076867866E-016  1.3729468950618530E-014 -1.3046849765475612E-014  8.8793090733388558E-015 -1.0287282669099433E-015 -1.1396081088052776E-015  1.1104594403707341E-014  1.1116248812349085E-016  7.6150250513869669E-015  1.4571465313135519E+000  3.4179238700504897E-015 -6.9649147560466462E-015 -9.4632179076470294E-015 -6.5146489870925595E-001 -1.4875127355951706E-015  3.6489908317171293E-015  8.7765248591705526E-016 -3.3514341394810307E-015  7.0787801897768299E-015 -8.4186805216573360E-002 -1.6782495856320642E-016  4.4484815137079261E-016  3.2901071600731150E-015
