 3.5367517976198942E-001  1.9921697569588406E-001  7.4378267609663524E-018  1.2493338180929099E-018  1.5644651964953204E-019  1.1723268473438436E-001
 1.9921697569588406E-001  1.1221427365110170E-001  4.1895542516350406E-018  7.0372058633731170E-019  8.8122673815280463E-020  6.6034435668372277E-002
 7.4378267609663524E-018  4.1895542516350406E-018  1.5641829026107072E-034  2.6273623475204323E-035  3.2900869981671127E-036  2.4654158665138186E-018
 1.2493338180929099E-018  7.0372058633731170E-019  2.6273623475204323E-035  4.4131878015330159E-036  5.5263682300983277E-037  4.1411658494965621E-019
 1.5644651964953204E-019  8.8122673815280463E-020  3.2900869981671127E-036  5.5263682300983277E-037  6.9203367697225887E-038  5.1857315880090450E-020
 1.1723268473438436E-001  6.6034435668372277E-002  2.4654158665138186E-018  4.1411658494965621E-019  5.1857315880090450E-020  3.8859109025633172E-002
