 6.2458711984618375E-005 -4.6336618816691463E-012 -8.1457685704031499E-013 -1.6717722596601769E-016 -2.3745950173885992E-016 -2.2819079959140328E-004  2.0593913640688097E-011  2.7361453464311425E-012  4.7089806626781213E-018 -2.1100665896105681E-018 -1.3227607357936596E-018  2.9223925499033768E-018  3.6567053269275878E-018 -3.5763567436154964E-018 -3.8928031518597321E-003  1.3531707637255299E-010  2.6771670902405971E-011 -1.6190817955876001E-015 -6.2347306041736087E-003  2.3618127193263965E-010  3.9411580121530633E-011 -1.5267614681907151E-015  7.5349298187770202E-018  4.1517326410242324E-019 -2.3979540176712997E-018  6.8389413846622830E-018 -2.6161020704598836E-018  1.2231441277355292E-017 -2.7418751265912826E-003  1.0225470316908111E-010  1.7590752679298489E-011  1.7829390763060996E-015  3.7273792001150156E-003 -1.3206003794240170E-010 -2.2548173454651391E-011  1.5022322739866127E-015  3.4373881049509608E-015  3.6316714444220891E-004 -1.2813212813340122E-011 -2.1844408348169246E-012  2.0940142917938649E-015
-4.6336618816691463E-012  6.2458700014664077E-005  3.5825026200354559E-012 -3.5198729481746298E-016 -6.8811662921369362E-017  2.0593858797644650E-011 -2.2819074588026448E-004 -1.4944760761500113E-011  1.0674946713569687E-017  1.4126081333451261E-018 -2.9828937091496297E-018  4.2821073533371259E-018 -3.6673859394331657E-018 -1.0078725774182218E-017  1.3531603220091937E-010 -3.8928028040281734E-003 -1.0791655846441090E-010 -2.1443333922939669E-016  2.3617958446349729E-010 -6.2347299928372539E-003 -1.8027084098940444E-010  2.4401380406352407E-017  9.2242691300924378E-018 -2.8290419859495495E-018 -3.5648538931001396E-019  1.3370691440246966E-017  2.9911352403933427E-018  1.2613649772907689E-017  1.0225410022744882E-010 -2.7418748622190688E-003 -7.8631673184945727E-011  2.9852257581025566E-015 -1.3205736514164869E-010  3.7273788585765518E-003  1.0135830592711762E-010  2.7494454405943824E-015 -2.4920293638148861E-015 -1.2812938411147288E-011  3.6316711130223182E-004  9.8306560011798929E-012 -1.0364837191492079E-015
-8.1457685704031499E-013  3.5825026200354559E-012  6.2458722066542630E-005  7.5489208578418113E-016  2.5499774585345255E-016  2.7360646112409364E-012 -1.4944732141106137E-011 -2.2819083901545574E-004  8.7638032500842524E-018 -8.7145622920567650E-018  3.2219823942904281E-018 -4.7457702032274579E-018 -3.6973948306489696E-018  2.3294143321395086E-018  2.6769413723430921E-011 -1.0791603431993376E-010 -3.8928034644429505E-003 -5.9115957294632291E-016  3.9408080960190569E-011 -1.8027005956138324E-010 -6.2347311052093164E-003 -5.7537467922937111E-016  3.7348231099883861E-018  4.2553000917127000E-018  3.9152793876517798E-018  7.4669465304488811E-018  1.0366670157802158E-018  1.3499586598222843E-017  1.7589278339887872E-011 -7.8631155488304870E-011 -2.7418753467282572E-003 -1.1593690679216364E-015 -2.2544955552172596E-011  1.0135992433016028E-010  3.7273794833628236E-003 -1.1976123867181090E-015  1.1291626171051068E-015 -2.1841176823981354E-012  9.8308310893984315E-012  3.6316717190419478E-004  4.6949881528231217E-016
-1.6717722596601769E-016 -3.5198729481746298E-016  7.5489208578418113E-016  6.6684468872851321E-001  2.0736659213879013E-001  2.3622892221088809E-017  4.0923335813741503E-016  2.3246240601409602E-016  1.7150765412846906E-009 -1.7533570512059230E-009  4.7561881021364662E-010 -2.6004193971778630E-009  4.8918119852650226E-010  8.8531181499786374E-010 -5.7453957634185364E-015  1.9023823590298253E-015  1.1851328146567511E-015 -2.1947279359029009E-001 -8.7946098639096494E-015  2.7493497918138457E-015  1.9792743256456932E-015 -1.0722177059225250E-001  6.3091930553249921E-010 -6.4557315827221687E-010  1.7482164501004881E-010 -9.5788153477335015E-010  1.8044232513905011E-010  3.2695637963144852E-010 -3.5012211114938205E-015  9.2048896722343866E-016  1.3643101686579102E-015  6.9444670435341083E-002  1.0682608886420874E-014 -6.4963005906968460E-015  5.5348256709244480E-015  4.1452721702479212E-002 -1.8359535727452504E-002  1.0866460442785409E-015 -6.7129550278765458E-016  5.9333230712157829E-016 -6.0911455713033857E-003
-2.3745950173885992E-016 -6.8811662921369362E-017  2.5499774585345255E-016  2.0736659213879013E-001  6.5972579988326327E-002  5.2345104472160592E-016 -6.1066397416117814E-018 -1.3854661357574052E-016  5.0494809113387992E-010 -4.8596477266198591E-010  1.4719764670136387E-010 -6.9885218991919806E-010  1.1858927723824163E-010  1.9389440794236061E-010  5.3527911824731331E-015 -1.6258665344423189E-015 -2.2228323703761922E-015 -3.4505401947199865E-002  9.1464638340173625E-015 -2.6635523305814217E-015 -3.8942016702979154E-015 -8.3749913687055505E-004  1.5450115641884604E-010 -9.8294100921975400E-011  5.6976957520105657E-011 -1.0262791222495882E-010 -6.0827789082429112E-012 -5.1877395441719185E-011  3.3197106837741282E-015 -8.0125499781350155E-016 -1.9708579116446782E-015  1.5988115179198237E-003 -1.1422635327068122E-014  6.4742345449893917E-015 -2.5593946687850078E-015  2.2701923012403303E-003 -6.7810964771022712E-004 -1.1687496229324243E-015  6.7105017739326258E-016 -2.8694725321828547E-016 -1.1639357676921356E-004
-2.2819079959140328E-004  2.0593858797644650E-011  2.7360646112409364E-012  2.3622892221088809E-017  5.2345104472160592E-016  8.3376159439160281E-004 -8.8637432107568255E-011 -9.1194202448016607E-012 -1.7101409973817323E-017  8.4499609460136240E-018  4.6501283469535930E-018 -1.0569631600871520E-017 -1.3255591043416117E-017  1.3225257975907053E-017  1.4226197167054304E-002 -7.2293699695532256E-010 -8.2829058833547227E-011  1.7301429406588440E-015  2.2782715869182183E-002 -1.2288153198582305E-009 -1.1999522713794156E-010  1.9186456396747248E-015 -2.7591590540663330E-017 -1.0524408355314321E-018  9.0724733852996474E-018 -2.5673853702279264E-017  9.2940731687797318E-018 -4.5073227731903489E-017  1.0046584023864900E-002 -5.3611201432829843E-010 -5.3664333865750609E-011 -2.2118043170541677E-016 -1.3266208963481376E-002  6.8082480081824542E-010  6.8732307807510515E-011  2.1606608411093626E-017 -5.3009992270520119E-015 -1.2896248091380086E-003  6.5970018323185388E-011  6.6570355410488645E-012 -2.9342116442302785E-015
 2.0593913640688097E-011 -2.2819074588026448E-004 -1.4944732141106137E-011  4.0923335813741503E-016 -6.1066397416117814E-018 -8.8637432107568255E-011  8.3376136167751804E-004  6.1386296604049213E-011 -3.8673965240043578E-017 -4.9165632172544943E-018  1.0922593505680823E-017 -1.6578625018222866E-017  1.3612788993426554E-017  3.7185342209234265E-017 -7.2293659060006731E-010  1.4226195273902054E-002  5.1001179801475261E-010  4.5755682788052901E-016 -1.2288146311904541E-009  2.2782712639253730E-002  8.4391121355231933E-010  1.2173590104989792E-016 -3.4071831266816470E-017  1.0147485099664176E-017  1.0647018181843992E-018 -4.8023038731327542E-017 -1.0759200879813749E-017 -4.5995621322741210E-017 -5.3611200387813036E-010  1.0046582615460266E-002  3.6963525496689859E-010 -3.9373413040303519E-015  6.8082108970326780E-010 -1.3266207175233255E-002 -4.7005349471409991E-010 -3.6315730693370170E-015  2.7194323471715527E-015  6.5969628709201339E-011 -1.2896246358599973E-003 -4.5543615489060926E-011  1.0525613935305650E-015
 2.7361453464311425E-012 -1.4944760761500113E-011 -2.2819083901545574E-004  2.3246240601409602E-016 -1.3854661357574052E-016 -9.1194202448016607E-012  6.1386296604049213E-011  8.3376174789648663E-004 -3.1684275730038461E-017  3.1633581435097896E-017 -1.1776502584918266E-017  1.7212874018106736E-017  1.3651144915340770E-017 -8.8707113185599733E-018 -8.2825803263946187E-011  5.1001170654763345E-010  1.4226198470501966E-002 -1.2334914809397451E-015 -1.1999046438311090E-010  8.4391124272016688E-010  2.2782717958106491E-002 -1.1584880216181081E-015 -1.3667675401899884E-017 -1.5262968462561765E-017 -1.4010682015905259E-017 -2.6077825148017281E-017 -3.9231069136866153E-018 -4.8539252334659408E-017 -5.3662108289672338E-011  3.6963508868071229E-010  1.0046584943220090E-002  1.4676252296501747E-015  6.8730115477049910E-011 -4.7005522796254990E-010 -1.3266210134544376E-002  9.9080678764205946E-016 -2.1803383802310622E-015  6.6568265598717960E-012 -4.5543799043796765E-011 -1.2896249225928707E-003 -1.0995602005864655E-015
 4.7089806626781213E-018  1.0674946713569687E-017  8.7638032500842524E-018  1.7150765412846906E-009  5.0494809113387992E-010 -1.7101409973817323E-017 -3.8673965240043578E-017 -3.1684275730038461E-017  4.9586860050984130E-018 -5.6521338612312776E-018  1.2370635645641725E-018 -8.8043229375103816E-018  1.9042668238246265E-018  3.8455576619083125E-018 -2.8799471139031066E-016 -6.4784348521259886E-016 -5.2833403354961652E-016 -1.2172831259447490E-009 -4.6405471021238320E-016 -1.0464976067053672E-015 -8.5529210505182388E-016 -8.9818596579159778E-010  2.4324824210297167E-018 -3.6503012228735644E-018  3.9888901049903918E-019 -6.2555616869445612E-018  1.6720074627721041E-018  3.8231073036306139E-018 -1.6625723161430363E-016 -3.3993357249667927E-016 -2.5312741498933401E-016  6.2792232822733890E-010  7.6769942222710741E-016  2.1848852353699793E-015  2.1058179199688924E-015  3.7254756180232001E-010 -1.6875865941714623E-010  7.8857320781189051E-017  2.2578633405710896E-016  2.1837437780631897E-016 -5.5722277434179069E-011
-2.1100665896105681E-018  1.4126081333451261E-018 -8.7145622920567650E-018 -1.7533570512059230E-009 -4.8596477266198591E-010  8.4499609460136240E-018 -4.9165632172544943E-018  3.1633581435097896E-017 -5.6521338612312776E-018  6.9943671864478692E-018 -1.2793340977559941E-018  1.1253154676158590E-017 -2.6344715291805197E-018 -5.6009404009071390E-018  1.7117522360562095E-016 -7.4961324544215900E-017  5.3218200936906228E-016  1.9388912862497851E-009  2.5394483801345700E-016 -1.2672366526471660E-016  8.5793053725430831E-016  1.5812838619069466E-009 -3.3477393588191087E-018  5.8474357225462839E-018 -3.5384470029203896E-019  1.0426728175403049E-017 -2.9935696114453956E-018 -7.0790635969815224E-018  3.8456695816511028E-016  3.4268475543988500E-017  3.0187734233159054E-016 -1.1106420696222462E-009  3.3854884392380140E-015  1.2423603133724339E-015 -1.4905167584916816E-015 -6.5484948905546797E-010  2.9714566631629362E-010  3.5913888950132469E-016  1.3070351001422212E-016 -1.5331745177478312E-016  9.8126686763862936E-011
-1.3227607357936596E-018 -2.9828937091496297E-018  3.2219823942904281E-018  4.7561881021364662E-010  1.4719764670136387E-010  4.6501283469535930E-018  1.0922593505680823E-017 -1.1776502584918266E-017  1.2370635645641725E-018 -1.2793340977559941E-018  3.3958512366252201E-019 -1.9079966956451816E-018  3.6516429351652115E-019  6.7091099981593469E-019  7.2670829249928486E-017  1.8723382004143237E-016 -2.0108635692888395E-016 -1.7305643095866057E-010  1.2136896095850949E-016  2.9920093784306012E-016 -3.2192165890029482E-016 -9.2001596037675656E-011  4.7060029587333707E-019 -5.1107730409226050E-019  1.2339890603951404E-019 -7.7967596914347424E-019  1.5943109806982608E-019  3.0907252326320495E-019 -1.3854752999422339E-017  1.4067577296340751E-016 -1.4345154835022010E-016  6.3094100399042203E-011 -9.4402207846388224E-016 -6.0983026572122197E-017  1.6810634342513537E-016  3.8404210483156640E-011 -1.7275867552610438E-011 -9.9192490950352478E-017 -4.9657724354601937E-018  1.6177397255183855E-017 -5.7013153906076295E-012
 2.9223925499033768E-018  4.2821073533371259E-018 -4.7457702032274579E-018 -2.6004193971778630E-009 -6.9885218991919806E-010 -1.0569631600871520E-017 -1.6578625018222866E-017  1.7212874018106736E-017 -8.8043229375103816E-018  1.1253154676158590E-017 -1.9079966956451816E-018  1.8319048049691708E-017 -4.4047117325494286E-018 -9.5146063021645635E-018 -1.7640037830182805E-016 -3.1689181262498597E-016  2.8906000379864990E-016  3.3779641212155373E-009 -2.8544889507777802E-016 -4.8205555980375280E-016  4.6638627401304690E-016  2.8248865526176526E-009 -5.5879085767606379E-018  1.0202914318238971E-017 -4.8576299544540921E-019  1.8380509399403273E-017 -5.3688487743588314E-018 -1.2792745092451337E-017 -8.6034169365699506E-017 -5.5603688686413692E-016  1.5883789555354850E-016 -1.9862757826700333E-009  6.8265704290984723E-016 -4.1714280074660924E-015 -8.7855754159324794E-016 -1.1694212925555094E-009  5.3085066405428663E-010  7.0751379112232418E-017 -4.4334999709670206E-016 -9.0564661988023551E-017  1.7530813597791616E-010
 3.6567053269275878E-018 -3.6673859394331657E-018 -3.6973948306489696E-018  4.8918119852650226E-010  1.1858927723824163E-010 -1.3255591043416117E-017  1.3612788993426554E-017  1.3651144915340770E-017  1.9042668238246265E-018 -2.6344715291805197E-018  3.6516429351652115E-019 -4.4047117325494286E-018  1.1212878639123372E-018  2.5004228249769584E-018 -2.2233738560577561E-016  2.4003605944474558E-016  2.3809023342599673E-016 -9.3100716350741603E-010 -3.5893490432994451E-016  3.7860217819555190E-016  3.7743025734606588E-016 -8.1360546845922725E-010  1.4176078834072592E-018 -2.8197715583919259E-018  6.8419540518274781E-020 -5.1735212525573949E-018  1.5565492339587912E-018  3.7559601363229561E-018 -1.1952526898972862E-016  2.4536278911033085E-016  2.1859159549481872E-016  5.7313315670280553E-010  7.1137403970321704E-016  7.9591762715649965E-016  4.5627831844353000E-016  3.3659641576779950E-010 -1.5290161844727688E-010  7.3423380099862334E-017  8.6010694326848980E-017  5.0101411906632486E-017 -5.0497150498468468E-011
-3.5763567436154964E-018 -1.0078725774182218E-017  2.3294143321395086E-018  8.8531181499786374E-010  1.9389440794236061E-010  1.3225257975907053E-017  3.7185342209234265E-017 -8.8707113185599733E-018  3.8455576619083125E-018 -5.6009404009071390E-018  6.7091099981593469E-019 -9.5146063021645635E-018  2.5004228249769584E-018  5.6690091021974694E-018  2.3142019805338059E-016  6.4760274595112931E-016 -1.6447025950231733E-016 -2.1606714043041667E-009  3.6630235735533738E-016  1.0273000218734815E-015 -2.5358859165972800E-016 -1.9266963636218259E-009  3.1553974775881411E-018 -6.5525847430024928E-018  8.6865803509157482E-020 -1.2124906360988013E-017  3.6968339435382966E-018  8.9696251158553794E-018  2.1970799471607492E-016  5.8550076660716083E-016 -2.4422035919271933E-016  1.3583489797443081E-009  5.4083741102540400E-016  1.1191842873695814E-015 -1.5684945435442794E-015  7.9687044117760995E-010 -3.6209053899498767E-010  5.8985133132964672E-017  1.2339389701760612E-016 -1.6706157308086859E-016 -1.1958541693857177E-010
-3.8928031518597321E-003  1.3531603220091937E-010  2.6769413723430921E-011 -5.7453957634185364E-015  5.3527911824731331E-015  1.4226197167054304E-002 -7.2293659060006731E-010 -8.2825803263946187E-011 -2.8799471139031066E-016  1.7117522360562095E-016  7.2670829249928486E-017 -1.7640037830182805E-016 -2.2233738560577561E-016  2.3142019805338059E-016  2.4283557631668107E-001  1.1416720600485472E-009 -1.7098678015605853E-010 -3.6550527308803337E-015  3.8881817729197415E-001  6.1404612554252788E-010 -5.8007434811905534E-011 -1.5208873068007705E-015 -4.7299385101617829E-016 -1.0158850449868969E-018  1.6613748237639968E-016 -4.6307488240908966E-016  1.4893064447412157E-016 -7.8300530200947488E-016  1.7245525308072826E-001  4.0211918475364932E-010 -3.5691826870459590E-011 -5.0666818249079228E-015 -2.1348799826035864E-001 -5.1050489963493516E-010  5.0297149504844470E-011 -4.2043138327019156E-015  1.0874831222820742E-014 -2.0643641324602415E-002 -4.9507504038690106E-011  4.7807792021838328E-012  5.4860046954559225E-015
 1.3531707637255299E-010 -3.8928028040281734E-003 -1.0791603431993376E-010  1.9023823590298253E-015 -1.6258665344423189E-015 -7.2293699695532256E-010  1.4226195273902054E-002  5.1001170654763345E-010 -6.4784348521259886E-016 -7.4961324544215900E-017  1.8723382004143237E-016 -3.1689181262498597E-016  2.4003605944474558E-016  6.4760274595112931E-016  1.1416720600485472E-009  2.4283557948104095E-001 -4.7184228531720685E-010 -1.4393039681134433E-016  6.1404640035855597E-010  3.8881817897426990E-001 -2.9130964405798715E-010  5.4181691210032003E-016 -5.9478774149836887E-016  1.6624140138128907E-016  9.4932003991250128E-018 -7.8910591090331601E-016 -1.7738861918873085E-016 -7.8145211336217214E-016  4.0211863918981298E-010  1.7245525418108057E-001 -1.9330805215871085E-010  6.4471474086691454E-015 -5.1050607017840528E-010 -2.1348799966019447E-001  2.3990890761289381E-010  5.8294219098417273E-015 -3.8492501816370378E-015 -4.9507636836125147E-011 -2.0643641460299088E-002  2.3372986210716607E-011 -1.3688605006655261E-015
 2.6771670902405971E-011 -1.0791655846441090E-010 -3.8928034644429505E-003  1.1851328146567511E-015 -2.2228323703761922E-015 -8.2829058833547227E-011  5.1001179801475261E-010  1.4226198470501966E-002 -5.2833403354961652E-016  5.3218200936906228E-016 -2.0108635692888395E-016  2.8906000379864990E-016  2.3809023342599673E-016 -1.6447025950231733E-016 -1.7098678015605853E-010 -4.7184228531720685E-010  2.4283557609593187E-001  4.6460014176924910E-015 -5.8015091876835942E-011 -2.9130689259536965E-010  3.8881817696649629E-001  3.7910976039405938E-015 -2.3398804286122822E-016 -2.5003199942918318E-016 -2.2830324692327443E-016 -4.0101515062930821E-016 -7.1874876056994414E-017 -7.9956473624689194E-016 -3.5694234651932664E-011 -1.9330785367226519E-010  1.7245525285360763E-001  1.1117763611686498E-016  5.0296381762803855E-011  2.3990387206667813E-010 -2.1348799800235899E-001  1.1042540609936660E-015  3.3518247051747095E-015  4.7806473861983791E-012  2.3372460467335324E-011 -2.0643641298991832E-002  2.0657694870009111E-015
-1.6190817955876001E-015 -2.1443333922939669E-016 -5.9115957294632291E-016 -2.1947279359029009E-001 -3.4505401947199865E-002  1.7301429406588440E-015  4.5755682788052901E-016 -1.2334914809397451E-015 -1.2172831259447490E-009  1.9388912862497851E-009 -1.7305643095866057E-010  3.3779641212155373E-009 -9.3100716350741603E-010 -2.1606714043041667E-009 -3.6550527308803337E-015 -1.4393039681134433E-016  4.6460014176924910E-015  8.5093158279059999E-001  8.4238147204901692E-016  4.0804921771830493E-015 -4.5873046925294387E-016  7.7593581133690293E-001 -1.1745100109273159E-009  2.5883265809326444E-009  3.0385883876482961E-012  4.8426135156131631E-009 -1.5015665992869858E-009 -3.6681524335922033E-009 -3.4080041248874613E-015 -4.8229354764443949E-016  1.3818211114320520E-015 -5.7645422893502840E-001 -9.6029180593162810E-016 -3.9224533341346557E-015 -7.5599268008674570E-015 -3.4777107322476958E-001  1.6077552987865748E-001 -1.7764398359384689E-016 -4.2826415526377992E-016 -7.4879063685138907E-016  5.3034559235982964E-002
-6.2347306041736087E-003  2.3617958446349729E-010  3.9408080960190569E-011 -8.7946098639096494E-015  9.1464638340173625E-015  2.2782715869182183E-002 -1.2288146311904541E-009 -1.1999046438311090E-010 -4.6405471021238320E-016  2.5394483801345700E-016  1.2136896095850949E-016 -2.8544889507777802E-016 -3.5893490432994451E-016  3.6630235735533738E-016  3.8881817729197415E-001  6.1404640035855597E-010 -5.8015091876835942E-011  8.4238147204901692E-016  6.2261457681451726E-001 -9.6227687480718497E-010  2.5250659508515547E-010  5.7503070320176639E-015 -7.5583098662477196E-016 -1.4294539682945567E-017  2.5758603957884573E-016 -7.2289614945888715E-016  2.4572311261291327E-016 -1.2435331744749400E-015  2.7540761446656192E-001 -2.0664447432804996E-010  9.6670696741104562E-011  6.9488793119693545E-015 -3.5151532243581846E-001  4.0218246878636556E-010 -1.0187178440022675E-010  8.0573741064389386E-015 -1.6129775352217274E-014 -3.4077509206689033E-002  3.9999690658530822E-011 -9.9210776983734429E-012 -7.9327196685047411E-015
 2.3618127193263965E-010 -6.2347299928372539E-003 -1.8027005956138324E-010  2.7493497918138457E-015 -2.6635523305814217E-015 -1.2288153198582305E-009  2.2782712639253730E-002  8.4391124272016688E-010 -1.0464976067053672E-015 -1.2672366526471660E-016  2.9920093784306012E-016 -4.8205555980375280E-016  3.7860217819555190E-016  1.0273000218734815E-015  6.1404612554252788E-010  3.8881817897426990E-001 -2.9130689259536965E-010  4.0804921771830493E-015 -9.6227687480718497E-010  6.2261457408465914E-001  2.7789999760779909E-010  3.1120131685024392E-015 -9.4248714285222342E-016  2.7138992629026491E-016  2.1688348415400212E-017 -1.2863757644129455E-015 -2.8871109329029418E-016 -1.2539753013591657E-015 -2.0664502911260756E-010  2.7540761385577567E-001  1.2759353806834966E-011 -1.0406878753093826E-014  4.0218805669607052E-010 -3.5151532129697521E-001 -1.2020173554405368E-010 -9.3718452352611196E-015  7.1298699778694761E-015  4.0000263304260417E-011 -3.4077509093545448E-002 -1.2187778358418066E-011  2.8426059703241088E-015
 3.9411580121530633E-011 -1.8027084098940444E-010 -6.2347311052093164E-003  1.9792743256456932E-015 -3.8942016702979154E-015 -1.1999522713794156E-010  8.4391121355231933E-010  2.2782717958106491E-002 -8.5529210505182388E-016  8.5793053725430831E-016 -3.2192165890029482E-016  4.6638627401304690E-016  3.7743025734606588E-016 -2.5358859165972800E-016 -5.8007434811905534E-011 -2.9130964405798715E-010  3.8881817696649629E-001 -4.5873046925294387E-016  2.5250659508515547E-010  2.7789999760779909E-010  6.2261457634059303E-001 -2.2392642629375244E-015 -3.7413897442193563E-016 -4.0818927376709621E-016 -3.7366176243301020E-016 -6.7506696857906873E-016 -1.1141399019925435E-016 -1.3018906824855867E-015  9.6672795277037035E-011  1.2758681385652615E-011  2.7540761410633774E-001 -1.0079227448442052E-015 -1.0187314065332525E-010 -1.2019442156769174E-010 -3.5151532226004967E-001 -2.1234756527131328E-015 -6.6247843529641192E-015 -9.9212448127829190E-012 -1.2187017289195230E-011 -3.4077509190490567E-002 -3.9649698477285297E-015
-1.5267614681907151E-015  2.4401380406352407E-017 -5.7537467922937111E-016 -1.0722177059225250E-001 -8.3749913687055505E-004  1.9186456396747248E-015  1.2173590104989792E-016 -1.1584880216181081E-015 -8.9818596579159778E-010  1.5812838619069466E-009 -9.2001596037675656E-011  2.8248865526176526E-009 -8.1360546845922725E-010 -1.9266963636218259E-009 -1.5208873068007705E-015  5.4181691210032003E-016  3.7910976039405938E-015  7.7593581133690293E-001  5.7503070320176639E-015  3.1120131685024392E-015 -2.2392642629375244E-015  7.2815116995097817E-001 -1.0178307542193642E-009  2.3556858266213101E-009  2.9319709191775100E-011  4.4451564137434409E-009 -1.3959557302420715E-009 -3.4273750449561412E-009 -1.0174836773528215E-015  4.2954188554704440E-016  1.1178255247917309E-015 -4.7445130123160828E-001  1.1066438453688065E-014 -4.1501811117516213E-017 -3.9958425944971645E-015 -2.6366714599952662E-001  1.1769982282942330E-001  1.0655462984417857E-015 -1.0335882529034297E-017 -3.7418250301491884E-016  3.9312465303939295E-002
 7.5349298187770202E-018  9.2242691300924378E-018  3.7348231099883861E-018  6.3091930553249921E-010  1.5450115641884604E-010 -2.7591590540663330E-017 -3.4071831266816470E-017 -1.3667675401899884E-017  2.4324824210297167E-018 -3.3477393588191087E-018  4.7060029587333707E-019 -5.5879085767606379E-018  1.4176078834072592E-018  3.1553974775881411E-018 -4.7299385101617829E-016 -5.9478774149836887E-016 -2.3398804286122822E-016 -1.1745100109273159E-009 -7.5583098662477196E-016 -9.4248714285222342E-016 -3.7413897442193563E-016 -1.0178307542193642E-009  1.7990654063176521E-018 -3.5647562890277938E-018  9.0094232184370140E-020 -6.5352463306222138E-018  1.9638131404319033E-018  4.7362376123017690E-018 -3.5559310180783215E-016 -5.5122883782733694E-016 -1.7287178503325466E-016  7.8512276496554119E-010  1.5116425625940492E-016 -1.2091213036315947E-015  1.1563324610805185E-016  4.8458958359323729E-010 -2.3120980211303658E-010  1.2238969654443503E-017 -1.3248144568967673E-016  1.0372003742477037E-017 -7.7281029732105452E-011
 4.1517326410242324E-019 -2.8290419859495495E-018  4.2553000917127000E-018 -6.4557315827221687E-010 -9.8294100921975400E-011 -1.0524408355314321E-018  1.0147485099664176E-017 -1.5262968462561765E-017 -3.6503012228735644E-018  5.8474357225462839E-018 -5.1107730409226050E-019  1.0202914318238971E-017 -2.8197715583919259E-018 -6.5525847430024928E-018 -1.0158850449868969E-018  1.6624140138128907E-016 -2.5003199942918318E-016  2.5883265809326444E-009 -1.4294539682945567E-017  2.7138992629026491E-016 -4.0818927376709621E-016  2.3556858266213101E-009 -3.5647562890277938E-018  7.8836389801710502E-018  1.5809320011340608E-020  1.4759177046141437E-017 -4.5807825462627859E-018 -1.1194568013447190E-017  1.6475716560805096E-016  4.9988395480048626E-017 -7.5043363935865151E-017 -1.8344486865439533E-009  2.2256914238133006E-015 -1.0613497420203971E-015  1.5981927908706050E-015 -1.1339455549745871E-009  5.4310532226730613E-010  2.3520847769379049E-016 -1.1085279959695783E-016  1.6692577556802176E-016  1.8163892051067802E-010
-2.3979540176712997E-018 -3.5648538931001396E-019  3.9152793876517798E-018  1.7482164501004881E-010  5.6976957520105657E-011  9.0724733852996474E-018  1.0647018181843992E-018 -1.4010682015905259E-017  3.9888901049903918E-019 -3.5384470029203896E-019  1.2339890603951404E-019 -4.8576299544540921E-019  6.8419540518274781E-020  8.6865803509157482E-020  1.6613748237639968E-016  9.4932003991250128E-018 -2.2830324692327443E-016  3.0385883876482961E-012  2.5758603957884573E-016  2.1688348415400212E-017 -3.7366176243301020E-016  2.9319709191775100E-011  9.0094232184370140E-020  1.5809320011340608E-020  5.0549534548305661E-020  1.0151270539403497E-019 -6.5025131623104756E-020 -1.9161237469676602E-019  2.2805783007596346E-016 -7.8012456261232996E-017 -5.6167773347961664E-017 -2.6718676147718461E-011  1.3338109185154305E-015 -1.1478354415072098E-015  1.6253988969390548E-015 -1.6890634875634039E-011  8.5512883000819743E-012  1.4227280497891457E-016 -1.2123105945836182E-016  1.6997263055976034E-016  2.8843125315844171E-012
 6.8389413846622830E-018  1.3370691440246966E-017  7.4669465304488811E-018 -9.5788153477335015E-010 -1.0262791222495882E-010 -2.5673853702279264E-017 -4.8023038731327542E-017 -2.6077825148017281E-017 -6.2555616869445612E-018  1.0426728175403049E-017 -7.7967596914347424E-019  1.8380509399403273E-017 -5.1735212525573949E-018 -1.2124906360988013E-017 -4.6307488240908966E-016 -7.8910591090331601E-016 -4.0101515062930821E-016  4.8426135156131631E-009 -7.2289614945888715E-016 -1.2863757644129455E-015 -6.7506696857906873E-016  4.4451564137434409E-009 -6.5352463306222138E-018  1.4759177046141437E-017  1.0151270539403497E-019  2.7733437600019163E-017 -8.6552997013296767E-018 -2.1198474271301166E-017 -5.7130767244454538E-016 -2.6136367787566419E-016  1.4599658675558328E-016 -3.4671310921165288E-009 -2.8524642473072823E-015  4.7141935416480388E-015  6.1443174327644172E-015 -2.1437086824796965E-009  1.0273873880163264E-009 -3.0511346755583968E-016  4.9197390067369586E-016  6.4617862652090413E-016  3.4363852843471401E-010
-2.6161020704598836E-018  2.9911352403933427E-018  1.0366670157802158E-018  1.8044232513905011E-010 -6.0827789082429112E-012  9.2940731687797318E-018 -1.0759200879813749E-017 -3.9231069136866153E-018  1.6720074627721041E-018 -2.9935696114453956E-018  1.5943109806982608E-019 -5.3688487743588314E-018  1.5565492339587912E-018  3.6968339435382966E-018  1.4893064447412157E-016 -1.7738861918873085E-016 -7.1874876056994414E-017 -1.5015665992869858E-009  2.4572311261291327E-016 -2.8871109329029418E-016 -1.1141399019925435E-016 -1.3959557302420715E-009  1.9638131404319033E-018 -4.5807825462627859E-018 -6.5025131623104756E-020 -8.6552997013296767E-018  2.7233812455030391E-018  6.6915778074243295E-018  1.0909969168726246E-017 -6.4792679288747415E-017 -9.8971443462291071E-017  1.0913742347956943E-009 -1.4062426640953517E-015  9.7854546116897149E-016 -5.8118359485973486E-016  6.7503684891194803E-010 -3.2381909420963748E-010 -1.4743867258434316E-016  1.0201378305273424E-016 -6.1988680153268107E-017 -1.0832634715486052E-010
 1.2231441277355292E-017  1.2613649772907689E-017  1.3499586598222843E-017  3.2695637963144852E-010 -5.1877395441719185E-011 -4.5073227731903489E-017 -4.5995621322741210E-017 -4.8539252334659408E-017  3.8231073036306139E-018 -7.0790635969815224E-018  3.0907252326320495E-019 -1.2792745092451337E-017  3.7559601363229561E-018  8.9696251158553794E-018 -7.8300530200947488E-016 -7.8145211336217214E-016 -7.9956473624689194E-016 -3.6681524335922033E-009 -1.2435331744749400E-015 -1.2539753013591657E-015 -1.3018906824855867E-015 -3.4273750449561412E-009  4.7362376123017690E-018 -1.1194568013447190E-017 -1.9161237469676602E-019 -2.1198474271301166E-017  6.6915778074243295E-018  1.6462462977101551E-017 -6.8907709371656174E-016 -5.1908503384800485E-016 -2.8487576675193270E-016  2.6820254983986043E-009 -1.0998657159327803E-015  1.1694187134304455E-015  4.5071380405433450E-015  1.6591223116365687E-009 -7.9618848688870479E-010 -1.2242188218527101E-016  1.1741390532618450E-016  4.7000914978225316E-016 -2.6636367479228237E-010
-2.7418751265912826E-003  1.0225410022744882E-010  1.7589278339887872E-011 -3.5012211114938205E-015  3.3197106837741282E-015  1.0046584023864900E-002 -5.3611200387813036E-010 -5.3662108289672338E-011 -1.6625723161430363E-016  3.8456695816511028E-016 -1.3854752999422339E-017 -8.6034169365699506E-017 -1.1952526898972862E-016  2.1970799471607492E-016  1.7245525308072826E-001  4.0211863918981298E-010 -3.5694234651932664E-011 -3.4080041248874613E-015  2.7540761446656192E-001 -2.0664502911260756E-010  9.6672795277037035E-011 -1.0174836773528215E-015 -3.5559310180783215E-016  1.6475716560805096E-016  2.2805783007596346E-016 -5.7130767244454538E-016  1.0909969168726246E-017 -6.8907709371656174E-016  1.3188516973513070E-001 -1.2211020899808204E-011  3.4279195733179650E-011 -5.8472281576853863E-015 -2.5070995154426026E-002 -5.5165927723766657E-011 -4.7958660943773391E-011 -5.0691687124842403E-015  1.1280309671061191E-014 -1.2872452866623282E-003 -5.5150365208403227E-012 -4.7287245258645458E-012  5.5998985412807618E-015
 1.0225470316908111E-010 -2.7418748622190688E-003 -7.8631155488304870E-011  9.2048896722343866E-016 -8.0125499781350155E-016 -5.3611201432829843E-010  1.0046582615460266E-002  3.6963508868071229E-010 -3.3993357249667927E-016  3.4268475543988500E-017  1.4067577296340751E-016 -5.5603688686413692E-016  2.4536278911033085E-016  5.8550076660716083E-016  4.0211918475364932E-010  1.7245525418108057E-001 -1.9330785367226519E-010 -4.8229354764443949E-016 -2.0664447432804996E-010  2.7540761385577567E-001  1.2758681385652615E-011  4.2954188554704440E-016 -5.5122883782733694E-016  4.9988395480048626E-017 -7.8012456261232996E-017 -2.6136367787566419E-016 -6.4792679288747415E-017 -5.1908503384800485E-016 -1.2211020899808204E-011  1.3188516968251107E-001 -3.0822356516126057E-011  5.9065292040468954E-015 -5.5171302712126217E-011 -2.5070995274786310E-002  8.4943954430976519E-011  5.8258060949400858E-015 -6.8996933187590903E-015 -5.5155914255033018E-012 -1.2872452987328377E-003  8.4192554585992178E-012 -3.1007575068119125E-015
 1.7590752679298489E-011 -7.8631673184945727E-011 -2.7418753467282572E-003  1.3643101686579102E-015 -1.9708579116446782E-015 -5.3664333865750609E-011  3.6963525496689859E-010  1.0046584943220090E-002 -2.5312741498933401E-016  3.0187734233159054E-016 -1.4345154835022010E-016  1.5883789555354850E-016  2.1859159549481872E-016 -2.4422035919271933E-016 -3.5691826870459590E-011 -1.9330805215871085E-010  1.7245525285360763E-001  1.3818211114320520E-015  9.6670696741104562E-011  1.2759353806834966E-011  2.7540761410633774E-001  1.1178255247917309E-015 -1.7287178503325466E-016 -7.5043363935865151E-017 -5.6167773347961664E-017  1.4599658675558328E-016 -9.8971443462291071E-017 -2.8487576675193270E-016  3.4279195733179650E-011 -3.0822356516126057E-011  1.3188516953991544E-001  1.7810433802256340E-015 -4.7955449442456762E-011  8.4940552621404935E-011 -2.5070994801405996E-002  1.6781948301987942E-015  5.6273858096136760E-015 -4.7283871655636187E-012  8.4189047205867284E-012 -1.2872452517705872E-003  3.3854874942624704E-015
 1.7829390763060996E-015  2.9852257581025566E-015 -1.1593690679216364E-015  6.9444670435341083E-002  1.5988115179198237E-003 -2.2118043170541677E-016 -3.9373413040303519E-015  1.4676252296501747E-015  6.2792232822733890E-010 -1.1106420696222462E-009  6.3094100399042203E-011 -1.9862757826700333E-009  5.7313315670280553E-010  1.3583489797443081E-009 -5.0666818249079228E-015  6.4471474086691454E-015  1.1117763611686498E-016 -5.7645422893502840E-001  6.9488793119693545E-015 -1.0406878753093826E-014 -1.0079227448442052E-015 -4.7445130123160828E-001  7.8512276496554119E-010 -1.8344486865439533E-009 -2.6718676147718461E-011 -3.4671310921165288E-009  1.0913742347956943E-009  2.6820254983986043E-009 -5.8472281576853863E-015  5.9065292040468954E-015  1.7810433802256340E-015  1.0262122755833472E+000 -8.4414474024963018E-016 -5.1498101395704447E-015  4.3858755757078340E-015  8.3885657895612020E-001 -5.0443765140374064E-001 -6.0087262816998978E-016 -4.7640783032808102E-016  4.1705381282065849E-016 -1.7843978238066124E-001
 3.7273792001150156E-003 -1.3205736514164869E-010 -2.2544955552172596E-011  1.0682608886420874E-014 -1.1422635327068122E-014 -1.3266208963481376E-002  6.8082108970326780E-010  6.8730115477049910E-011  7.6769942222710741E-016  3.3854884392380140E-015 -9.4402207846388224E-016  6.8265704290984723E-016  7.1137403970321704E-016  5.4083741102540400E-016 -2.1348799826035864E-001 -5.1050607017840528E-010  5.0296381762803855E-011 -9.6029180593162810E-016 -3.5151532243581846E-001  4.0218805669607052E-010 -1.0187314065332525E-010  1.1066438453688065E-014  1.5116425625940492E-016  2.2256914238133006E-015  1.3338109185154305E-015 -2.8524642473072823E-015 -1.4062426640953517E-015 -1.0998657159327803E-015 -2.5070995154426026E-002 -5.5171302712126217E-011 -4.7955449442456762E-011 -8.4414474024963018E-016  1.8890025623663227E+000 -1.3451526132592507E-011  4.8408946511041168E-011 -2.2460166243829800E-016 -2.0186202340654680E-015  1.9794794318852688E-001  3.7756349679610777E-012  5.3626362755941125E-012 -1.1899095657568980E-015
-1.3206003794240170E-010  3.7273788585765518E-003  1.0135992433016028E-010 -6.4963005906968460E-015  6.4742345449893917E-015  6.8082480081824542E-010 -1.3266207175233255E-002 -4.7005522796254990E-010  2.1848852353699793E-015  1.2423603133724339E-015 -6.0983026572122197E-017 -4.1714280074660924E-015  7.9591762715649965E-016  1.1191842873695814E-015 -5.1050489963493516E-010 -2.1348799966019447E-001  2.3990387206667813E-010 -3.9224533341346557E-015  4.0218246878636556E-010 -3.5151532129697521E-001 -1.2019442156769174E-010 -4.1501811117516213E-017 -1.2091213036315947E-015 -1.0613497420203971E-015 -1.1478354415072098E-015  4.7141935416480388E-015  9.7854546116897149E-016  1.1694187134304455E-015 -5.5165927723766657E-011 -2.5070995274786310E-002  8.4940552621404935E-011 -5.1498101395704447E-015 -1.3451526132592507E-011  1.8890025623021296E+000 -4.5716001480006121E-011  3.7523456275845287E-015  1.3052420543488508E-015  3.7758576938451901E-012  1.9794794319555672E-001 -8.1130716631848769E-012  8.8250733360953523E-016
-2.2548173454651391E-011  1.0135830592711762E-010  3.7273794833628236E-003  5.5348256709244480E-015 -2.5593946687850078E-015  6.8732307807510515E-011 -4.7005349471409991E-010 -1.3266210134544376E-002  2.1058179199688924E-015 -1.4905167584916816E-015  1.6810634342513537E-016 -8.7855754159324794E-016  4.5627831844353000E-016 -1.5684945435442794E-015  5.0297149504844470E-011  2.3990890761289381E-010 -2.1348799800235899E-001 -7.5599268008674570E-015 -1.0187178440022675E-010 -1.2020173554405368E-010 -3.5151532226004967E-001 -3.9958425944971645E-015  1.1563324610805185E-016  1.5981927908706050E-015  1.6253988969390548E-015  6.1443174327644172E-015 -5.8118359485973486E-016  4.5071380405433450E-015 -4.7958660943773391E-011  8.4943954430976519E-011 -2.5070994801405996E-002  4.3858755757078340E-015  4.8408946511041168E-011 -4.5716001480006121E-011  1.8890025620864308E+000 -3.6900583289777634E-015 -1.3732541349509394E-015  5.3628916915060985E-012 -8.1129598453695844E-012  1.9794794315169964E-001 -1.1668396250381581E-015
 1.5022322739866127E-015  2.7494454405943824E-015 -1.1976123867181090E-015  4.1452721702479212E-002  2.2701923012403303E-003  2.1606608411093626E-017 -3.6315730693370170E-015  9.9080678764205946E-016  3.7254756180232001E-010 -6.5484948905546797E-010  3.8404210483156640E-011 -1.1694212925555094E-009  3.3659641576779950E-010  7.9687044117760995E-010 -4.2043138327019156E-015  5.8294219098417273E-015  1.1042540609936660E-015 -3.4777107322476958E-001  8.0573741064389386E-015 -9.3718452352611196E-015 -2.1234756527131328E-015 -2.6366714599952662E-001  4.8458958359323729E-010 -1.1339455549745871E-009 -1.6890634875634039E-011 -2.1437086824796965E-009  6.7503684891194803E-010  1.6591223116365687E-009 -5.0691687124842403E-015  5.8258060949400858E-015  1.6781948301987942E-015  8.3885657895612020E-001 -2.2460166243829800E-016  3.7523456275845287E-015 -3.6900583289777634E-015  7.1877495943203795E-001 -3.8999614057346133E-001 -4.9294925192769491E-016  4.6211424015020390E-016 -3.5613132308228978E-016 -1.2786846978990482E-001
 3.4373881049509608E-015 -2.4920293638148861E-015  1.1291626171051068E-015 -1.8359535727452504E-002 -6.7810964771022712E-004 -5.3009992270520119E-015  2.7194323471715527E-015 -2.1803383802310622E-015 -1.6875865941714623E-010  2.9714566631629362E-010 -1.7275867552610438E-011  5.3085066405428663E-010 -1.5290161844727688E-010 -3.6209053899498767E-010  1.0874831222820742E-014 -3.8492501816370378E-015  3.3518247051747095E-015  1.6077552987865748E-001 -1.6129775352217274E-014  7.1298699778694761E-015 -6.6247843529641192E-015  1.1769982282942330E-001 -2.3120980211303658E-010  5.4310532226730613E-010  8.5512883000819743E-012  1.0273873880163264E-009 -3.2381909420963748E-010 -7.9618848688870479E-010  1.1280309671061191E-014 -6.8996933187590903E-015  5.6273858096136760E-015 -5.0443765140374064E-001 -2.0186202340654680E-015  1.3052420543488508E-015 -1.3732541349509394E-015 -3.8999614057346133E-001  1.2016034992173532E+000  6.3785722520877961E-016  2.1504063685044197E-016  1.0929032594839356E-015  6.2109903152707180E-001
 3.6316714444220891E-004 -1.2812938411147288E-011 -2.1841176823981354E-012  1.0866460442785409E-015 -1.1687496229324243E-015 -1.2896248091380086E-003  6.5969628709201339E-011  6.6568265598717960E-012  7.8857320781189051E-017  3.5913888950132469E-016 -9.9192490950352478E-017  7.0751379112232418E-017  7.3423380099862334E-017  5.8985133132964672E-017 -2.0643641324602415E-002 -4.9507636836125147E-011  4.7806473861983791E-012 -1.7764398359384689E-016 -3.4077509206689033E-002  4.0000263304260417E-011 -9.9212448127829190E-012  1.0655462984417857E-015  1.2238969654443503E-017  2.3520847769379049E-016  1.4227280497891457E-016 -3.0511346755583968E-016 -1.4743867258434316E-016 -1.2242188218527101E-016 -1.2872452866623282E-003 -5.5155914255033018E-012 -4.7283871655636187E-012 -6.0087262816998978E-016  1.9794794318852688E-001  3.7758576938451901E-012  5.3628916915060985E-012 -4.9294925192769491E-016  6.3785722520877961E-016  2.0756546396244493E-002  9.4726321567443039E-013  5.9505287395088307E-013  2.8732769597719326E-016
-1.2813212813340122E-011  3.6316711130223182E-004  9.8308310893984315E-012 -6.7129550278765458E-016  6.7105017739326258E-016  6.5970018323185388E-011 -1.2896246358599973E-003 -4.5543799043796765E-011  2.2578633405710896E-016  1.3070351001422212E-016 -4.9657724354601937E-018 -4.4334999709670206E-016  8.6010694326848980E-017  1.2339389701760612E-016 -4.9507504038690106E-011 -2.0643641460299088E-002  2.3372460467335324E-011 -4.2826415526377992E-016  3.9999690658530822E-011 -3.4077509093545448E-002 -1.2187017289195230E-011 -1.0335882529034297E-017 -1.3248144568967673E-016 -1.1085279959695783E-016 -1.2123105945836182E-016  4.9197390067369586E-016  1.0201378305273424E-016  1.1741390532618450E-016 -5.5150365208403227E-012 -1.2872452987328377E-003  8.4189047205867284E-012 -4.7640783032808102E-016  3.7756349679610777E-012  1.9794794319555672E-001 -8.1129598453695844E-012  4.6211424015020390E-016  2.1504063685044197E-016  9.4726321567443039E-013  2.0756546398443251E-002 -1.2060711096617654E-012  1.4479297210051331E-016
