 1.8699595057752616E-001 -2.0677903833643541E-015  6.1946975327131781E-015  9.0972847905655329E-016  3.6029633838026354E-001 -1.9845236565174673E-015 -1.4033912920652369E-015  2.1224370996306336E-016  4.9779388328193563E-017 -2.9889314656566100E-016 -5.5907776041327389E-016  2.8098272162714915E-017 -4.1648251833972656E-016  2.0956417145370412E-015  1.8875214233886578E-001 -2.7755575615628914E-016  7.5746700578527282E-015 -5.4444319426932641E-016  2.2333694351636529E-016  9.9920372533902073E-016  1.1372678011231517E-016 -1.4233470119027028E-015 -6.4010986664194740E-016 -7.2729170737217019E-002 -6.6353172956112871E-016 -3.1995890312219721E-015 -3.6396989854762138E-018 -1.8913707015522180E-001 -1.2906342661267445E-015 -6.7610847476196057E-016 -6.7270501579941246E-016  4.5294117579264498E-016  2.9011091162699506E-015  1.0553246060004542E-015 -3.5581885425346620E-015 -2.0577291526485663E-015  2.7159178745954506E-016  7.3608601705950349E-002 -2.8171909249863347E-015 -2.2655488596257101E-015  1.9609354228666360E-015  1.7122876084047719E-015  6.5723446496494540E-016  9.2785168396218171E-003 -4.0679265511656126E-016 -3.2732063587337379E-016  7.2230400069171189E-016
-2.0677903833643541E-015  1.8699595057753129E-001 -4.1962960883878964E-015  7.5615274069051300E-016  2.4980018054066022E-016  3.6029633838025565E-001 -2.8362728832220796E-015 -2.5905682419786581E-016 -7.2702594958748298E-017  1.9648532262779889E-017 -6.5348652325381707E-017 -1.8073375713044435E-016 -1.1831873703531221E-016  2.4473396680358777E-015 -1.4085954624931674E-015  1.8875214233888235E-001 -2.6745099190872423E-015 -1.1146947005748801E-015 -1.6080830110599320E-016 -5.6050925566561544E-016 -1.1020387925826449E-015 -1.8879156145897958E-016 -7.2912634074879776E-016  1.5759962779249292E-015 -7.2729170737228607E-002  1.5628774316378546E-015  8.1550113599947940E-015  3.4278135885301708E-015 -1.8913707015523218E-001  2.7946395197986362E-015 -6.0244392843968699E-015 -3.0571795275851296E-016 -1.5945161735968127E-015 -5.5084292845912742E-015 -8.6277350660156787E-016 -4.8088586659188045E-015  5.0518028339886425E-015 -2.3175905639050143E-015  7.3608601705953708E-002 -4.8728382440188511E-015  3.0761896885079726E-015  1.7457394594653461E-015  6.5536878659146915E-016 -3.0964814046186007E-016  9.2785168396222507E-003 -6.7662347079389118E-016  1.1117646428316070E-015
 6.1946975327131781E-015 -4.1962960883878964E-015  1.8699595057752455E-001 -2.1837149000255003E-016 -6.4878658001532585E-016 -2.1458529397833104E-015  3.6029633838027098E-001 -7.1322125664982661E-016  6.6729544190489462E-017  2.6032416213388753E-016 -2.5985089716819303E-016  3.2196682064381814E-016 -1.3494852547939237E-016 -2.0083276010446901E-015  7.7368667028565596E-015 -2.9793875699901662E-016  1.8875214233885718E-001  9.1923923035542056E-016 -9.4429343846146661E-016  6.2999893113593907E-016 -3.2085992701669575E-016  1.1649104965983232E-015  3.1691786351378006E-016 -3.4820236971544460E-015  5.1141816476141244E-016 -7.2729170737213522E-002 -5.8045720562790180E-015 -1.9971004017182992E-015  3.9764198878078361E-015 -1.8913707015523362E-001  7.4424662210722611E-015 -3.4089559726998903E-015  2.3027229055907384E-015  4.0695382154369577E-015  3.5000962563921223E-015  5.7066386096479537E-015 -3.5801024611308095E-015 -2.9793875699901662E-015 -1.1091388224526710E-015  7.3608601705947324E-002 -3.1641183273288816E-015 -1.0600981327796805E-015  5.3466846815342701E-015 -4.2663355487304599E-016 -1.2761059570154387E-016  9.2785168396212862E-003  2.6256067830093184E-015
 9.0972847905655329E-016  7.5615274069051300E-016 -2.1837149000255003E-016  5.6635231489136861E-001 -4.9832362083038315E-015 -1.3137564831614746E-015  8.9710480566826830E-015  2.0967192554970019E-014 -4.4886217472421202E-016 -8.3906757986486525E-016 -3.4633195145027200E-015  1.0915063487273931E-015  8.2481702986623286E-016  7.5300014564814099E-001  5.1113896884340816E-015  3.2907149180683992E-016 -4.8842693545901174E-015  8.4124707252552579E-015 -9.4168610246058342E-016 -1.3293653563317381E-016 -2.0728651826829803E-014  7.5096323612866924E-016 -1.3479662431460177E-014 -4.1834661767516854E-015  1.8587244902558969E-015  4.2192133891026561E-015 -6.0427698991518142E-001 -2.5815528954382424E-015  4.3686697775511976E-015  9.8704761924129860E-016 -4.7891379306543758E-016 -2.7452756310332598E-015 -6.7538475217390332E-016 -3.6069134486303746E-014  1.1411718005549885E-015  3.9999134339312921E-016 -2.7654068153899408E-001 -2.2379190445414419E-015 -6.4961310948984569E-015  8.3743754717805847E-015  2.2052246897959935E-001  1.3784156394579974E-001 -6.0206108075639711E-002 -3.2999403578237960E-016 -8.9989495083577073E-016  1.1909465434589551E-015 -1.8969718139617182E-002
 3.6029633838026354E-001  2.4980018054066022E-016 -6.4878658001532585E-016 -4.9832362083038315E-015  6.9421144671729162E-001  4.2466030691912238E-015 -2.7023522308766701E-014  4.3149634462672973E-016  8.3601887748815676E-017 -7.5170918032021875E-016 -1.2413851191178485E-015  3.8618852357589932E-016 -6.6881889759678967E-016 -4.9677634658884761E-015  3.6368208582489153E-001  3.9135361618036768E-015  1.6878859421254333E-015 -6.3108132540882889E-016  2.3143319349253667E-016 -9.5542046880618185E-016 -2.3902570527688040E-015  2.6715473571461354E-015  9.5951503465351056E-016 -1.3999414615050468E-001 -1.7659484985443896E-015 -2.9971684856189285E-015  7.3473203247562439E-015 -3.6414148033774346E-001 -1.9428902930940239E-015  6.0723995276568132E-015 -2.4215533344898273E-017  2.5623239775065881E-016 -3.2984130723011255E-015 -6.0269839355617424E-015  9.8772906947425796E-015  2.8165101323886953E-015  2.7972830120034052E-015  1.3825589456929804E-001  6.6960326172704754E-015  6.4184768611141862E-015 -8.2525723377469204E-015 -7.9735916986424555E-015  4.3318880063777547E-016  1.7371058022643229E-002  9.4715901788333667E-016  9.4889374135931348E-016 -9.3916432345403839E-016
-1.9845236565174673E-015  3.6029633838025565E-001 -2.1458529397833104E-015 -1.3137564831614746E-015  4.2466030691912238E-015  6.9421144671724200E-001  6.0056126738317062E-015 -4.6754874103780875E-016 -8.8167827439456314E-017  1.7162008752350781E-016 -1.0418216238023332E-016 -2.6569065302315487E-016 -2.7744771073510341E-016  4.5250795892503059E-016 -8.6042284408449632E-016  3.6368208582490652E-001  7.4853317988399226E-016 -1.7011765468615551E-015  5.9017924567081280E-016  1.0665427853442850E-015 -1.7880186913770416E-015  1.0381014366103140E-015 -2.1788823121339027E-015  8.2225892761300656E-016 -1.3999414615051309E-001  3.7404974950749903E-016  1.2518900021499089E-014 -4.4408920985006262E-016 -3.6414148033771987E-001 -1.8483478636532880E-015 -1.0229343281406649E-014  2.1918320106485935E-015  3.5706061731227167E-015 -9.5785686356012982E-015  2.6626382446968010E-015 -1.1663085590335753E-014  4.8639032225099726E-015 -1.9637069748057456E-015  1.3825589456930226E-001 -4.2635166230819976E-015 -5.9492302612867195E-015 -9.9253036051653617E-015 -1.7597353500055352E-015 -2.8622937353617317E-016  1.7371058022644027E-002 -6.2048890331345419E-016 -2.0081560191722311E-015
-1.4033912920652369E-015 -2.8362728832220796E-015  3.6029633838027098E-001  8.9710480566826830E-015 -2.7023522308766701E-014  6.0056126738317062E-015  6.9421144671732615E-001 -1.5263191617521988E-015  4.4330413130668574E-016  4.0676788746719969E-016 -3.5280534066719578E-016  2.5269824471658625E-016 -2.6589845288364290E-016  7.8703896886280728E-015  1.4970663597679845E-015  4.1971634501258848E-015  3.6368208582488687E-001 -6.9616009938744777E-016  3.2571383653571649E-015 -2.7032398944533128E-016  1.8667908358172271E-015 -3.7442563677173967E-015  5.6792224362776566E-016 -1.2884658617817735E-015 -4.5025832021150514E-015 -1.3999414615049380E-001 -3.2729062188486722E-014  1.0759622359746146E-014 -1.0795184191003671E-014 -3.6414148033774646E-001  6.7091862456211163E-015  9.1211398804664911E-015 -1.4516059492162430E-016  1.5493951205023776E-014 -1.1777419463365398E-014  1.0840461600575482E-014 -1.8767503924699967E-014 -6.6483277216811132E-015 -1.1086184054098780E-014  1.3825589456930498E-001  1.2372285658302007E-014  1.2233757208364941E-014 -1.5153176170625934E-014 -8.5738707800153691E-016 -1.6428373418586606E-015  1.7371058022644166E-002 -8.0905454148252647E-015
 2.1224370996306336E-016 -2.5905682419786581E-016 -7.1322125664982661E-016  2.0967192554970019E-014  4.3149634462672973E-016 -4.6754874103780875E-016 -1.5263191617521988E-015  5.6423515236369692E-004 -3.0860798400274284E-017  6.0705157263818966E-017 -2.8211757618173635E-004  5.2215981308203381E-017 -2.8211757618217345E-004  2.4963927632265634E-014  2.1563051045656624E-016 -1.9072946653929390E-016 -6.8330607600261280E-016  9.1501431791377267E-003 -9.1913239172454891E-017  6.5380101506306323E-016 -4.5750715895671885E-003  5.1129449795110345E-016 -4.5750715895707724E-003 -2.8775136754248489E-016  7.2764715444985217E-016 -1.0954139025312159E-016 -4.7724963082446895E-014 -8.2901676344851225E-016  2.3392610038585903E-015 -3.7048545513094786E-016  2.8281684385581658E-002 -4.3172930508373363E-016  2.0119539714813328E-015 -1.4140842192784584E-002  1.5844869361881543E-015 -1.4140842192794401E-002 -3.1167045298626050E-014  1.7812278155975443E-015 -2.9817811216724324E-015  4.5645362198936106E-016  1.8342437787010730E-014  9.0845650247949910E-015 -9.3921887158559483E-015  2.4749288716244797E-016 -4.0906265797775709E-016  6.2846395145569091E-017 -4.8645819295221959E-015
 4.9779388328193563E-017 -7.2702594958748298E-017  6.6729544190489462E-017 -4.4886217472421202E-016  8.3601887748815676E-017 -8.8167827439456314E-017  4.4330413130668574E-016 -3.0860798400274284E-017  5.6423515236360725E-004  4.8116288903933333E-017  2.5540584458587625E-017  1.6991391586414453E-017  5.6090521767195373E-017 -6.8936665514265032E-016 -4.2080206443882090E-017 -7.6638932574155680E-017 -7.0633321597659969E-017 -3.3276875178996356E-016  9.1501431791367795E-003  5.1647579848946964E-016  1.5037884132384534E-016  2.9589396652479012E-016  1.7087026238372445E-016 -5.8192925098770287E-016  4.3741149530847180E-016  1.1366823701227292E-016 -1.6645569985349474E-015 -2.0733990082364947E-015  1.5202475892963499E-015 -1.3483421774451150E-016 -1.2200527046973836E-015  2.8281684385578994E-002  1.5786525732475235E-015  5.4719683645384341E-016  8.7686015370069460E-016  5.6432723077878187E-016 -1.3506053340269067E-015  7.4816827237881125E-016  1.2479838256935035E-015 -8.3348885778027180E-016  1.3774559545154704E-015  8.7616269526051069E-016 -1.0534580863646638E-015  9.2474480190609930E-017  1.8787499856748546E-016 -1.1985448752894678E-016 -5.1616976681130047E-016
-2.9889314656566100E-016  1.9648532262779889E-017  2.6032416213388753E-016 -8.3906757986486525E-016 -7.5170918032021875E-016  1.7162008752350781E-016  4.0676788746719969E-016  6.0705157263818966E-017  4.8116288903933333E-017  5.6423515236359045E-004  3.8023309002248710E-017  6.3792082813306528E-017 -1.3437330675239472E-017 -1.0392781950401642E-015 -3.4493224733988540E-016  3.1378667612072653E-017  2.2382508262893836E-016  3.4090026808376711E-016  2.6153497499192125E-016  9.1501431791366165E-003  1.8038413644734347E-017  3.9212267974483348E-016 -3.2797115717686672E-016 -1.1737457583640475E-016  4.1957847001358599E-016  4.3579074426904305E-016  2.7349851240049853E-015 -4.6839395678733634E-016  1.2289794554039120E-015  1.5531350683027302E-015  9.0942878228088766E-016  7.6711708274675329E-016  2.8281684385578584E-002 -5.3071696343134411E-017  1.1596293976473322E-015 -1.2640713129008439E-015  1.6149534117154886E-015 -6.4215774727507936E-016 -1.0843630171730100E-015  1.1285238445634840E-015 -1.5129372352278090E-015 -1.0540648572134320E-015  8.2355666157100459E-016 -9.4206669925435131E-017 -1.4617411582206797E-016  1.7149960814087390E-016  3.6511441081237959E-016
-5.5907776041327389E-016 -6.5348652325381707E-017 -2.5985089716819303E-016 -3.4633195145027200E-015 -1.2413851191178485E-015 -1.0418216238023332E-016 -3.5280534066719578E-016 -2.8211757618173635E-004  2.5540584458587625E-017  3.8023309002248710E-017  5.6423515236362872E-004 -4.2310725083459705E-017 -2.8211757618152363E-004 -5.6629531827019634E-015 -5.0455577838844476E-016 -2.6026893714208560E-017 -2.9947322520024936E-016 -4.5750715895682848E-003  2.1830410742994347E-016  6.1306211843195767E-016  9.1501431791367709E-003 -4.4806433547151009E-016 -4.5750715895680324E-003  1.8063894655982239E-018  3.7970950662521952E-016  4.8713955712298606E-016 -2.0504443668553583E-014  1.3516208703897709E-016  1.2829589479075824E-015  1.5387748452157230E-015 -1.4140842192790864E-002  7.1833814938027865E-016  1.7905598878598693E-015  2.8281684385578470E-002 -1.3728540602507119E-015 -1.4140842192790548E-002 -1.5977772305602738E-014  1.6475396995127760E-015 -1.0660666992832351E-015  2.3409460491414470E-015  6.6465281959040416E-015  1.0117008320905712E-015 -5.8658603114343639E-015  2.3599648990929986E-016 -1.4265007348339514E-016  3.4307284436830336E-016 -3.7056616446795229E-015
 2.8098272162714915E-017 -1.8073375713044435E-016  3.2196682064381814E-016  1.0915063487273931E-015  3.8618852357589932E-016 -2.6569065302315487E-016  2.5269824471658625E-016  5.2215981308203381E-017  1.6991391586414453E-017  6.3792082813306528E-017 -4.2310725083459705E-017  5.6423515236359901E-004 -4.9490864558652306E-017  1.4397769515822265E-015 -4.8181424751311202E-017 -2.1784330897026619E-016  5.2664535942619790E-016  2.9104560287421320E-016 -2.1571546886402036E-017  6.6502536628449060E-016 -2.5693050389067838E-016  9.1501431791367327E-003 -1.1641282013884535E-016  3.2487190519641789E-017  1.8880303028276650E-016 -1.1798087728555052E-016 -1.9509744228210343E-015 -1.1686372095110451E-016  5.5412546316759733E-016  2.8936988801115483E-016  9.0050444314840238E-016 -4.8456213813575699E-017  2.0110633163373087E-015 -7.9304984346000336E-016  2.8281684385578772E-002 -4.4538347619348168E-016 -1.0591131500996312E-015  9.6406589913845271E-016  1.7170457527339443E-015 -1.0089795037462545E-015  1.6040462838360886E-015  1.2011607209477508E-015 -1.1521600519088394E-015  1.3601685629005268E-016  2.4794630920896646E-016 -1.4135072759140234E-016 -5.0810151692083059E-016
-4.1648251833972656E-016 -1.1831873703531221E-016 -1.3494852547939237E-016  8.2481702986623286E-016 -6.6881889759678967E-016 -2.7744771073510341E-016 -2.6589845288364290E-016 -2.8211757618217345E-004  5.6090521767195373E-017 -1.3437330675239472E-017 -2.8211757618152363E-004 -4.9490864558652306E-017  5.6423515236354123E-004 -6.0352975214187521E-016 -5.7462243902677649E-016 -6.7973762769521833E-017 -5.5033860499296974E-017 -4.5750715895728922E-003  6.9651858065899328E-016  1.1584700213009030E-016 -4.5750715895636028E-003 -7.0515154045740418E-016  9.1501431791362765E-003 -2.9936575325058779E-016  4.2280682980328091E-016  5.1395015158510296E-016 -2.5623610488402873E-014 -1.4001436525431014E-015  1.4886715867057146E-015  1.8746856200550508E-015 -1.4140842192801463E-002  2.2570920826803279E-015  4.7151952481397487E-016 -1.4140842192775407E-002 -2.1959634089428097E-015  2.8281684385577138E-002 -1.7965360746927976E-014  1.3574586262919726E-015  2.3605243221639762E-016  1.2148245470657252E-015  7.1670557867142091E-015  1.4704068242325113E-015 -4.3969958864800137E-015  1.8342502563917747E-016  4.3475872334603808E-017  1.8549126062173168E-016 -2.8655466673910757E-015
 2.0956417145370412E-015  2.4473396680358777E-015 -2.0083276010446901E-015  7.5300014564814099E-001 -4.9677634658884761E-015  4.5250795892503059E-016  7.8703896886280728E-015  2.4963927632265634E-014 -6.8936665514265032E-016 -1.0392781950401642E-015 -5.6629531827019634E-015  1.4397769515822265E-015 -6.0352975214187521E-016  1.0072936875411087E+000  8.2596466221980251E-015  2.1745876121502590E-015 -8.1184293695569487E-015 -1.2399009555525322E-014 -5.9926375887941975E-018 -9.8638961301989889E-016 -1.9867314824541383E-014  1.9783018568335442E-015 -2.1323323307101028E-014 -2.1098834693772760E-015 -4.6913560041975168E-015  2.4644167683988042E-015 -7.2077663078083187E-001  9.8703820673765410E-015 -1.3569425473722068E-014 -9.6186899864741074E-015 -7.8014694228811681E-014 -1.4752168950829464E-016 -3.1349935264904685E-015 -3.5766336532836646E-014  4.2168606067318522E-015 -2.0620922319166612E-014 -3.0877584406397784E-001 -5.4005169564287961E-015  1.3834978457957255E-014 -2.0733254111096463E-014  2.3760810760335152E-001  1.4668742231254642E-001 -6.3594793187752990E-002 -6.9641335437351753E-016  1.8843916030752862E-015 -3.0292348570433446E-015 -1.9982573997244572E-002
 1.8875214233886578E-001 -1.4085954624931674E-015  7.7368667028565596E-015  5.1113896884340816E-015  3.6368208582489153E-001 -8.6042284408449632E-016  1.4970663597679845E-015  2.1563051045656624E-016 -4.2080206443882090E-017 -3.4493224733988540E-016 -5.0455577838844476E-016 -4.8181424751311202E-017 -5.7462243902677649E-016  8.2596466221980251E-015  1.9247359460840840E-001  2.4980018054066022E-016  9.0040822020576172E-015 -3.6117232870452679E-016 -6.6040864770758822E-017  8.5776907990192901E-016  1.2395854399091121E-015 -2.7424821700994027E-015 -2.2190629949203835E-015 -5.7879454778944128E-002 -1.8127860323957634E-016 -2.9686539684825597E-015 -3.8573252567475083E-015 -1.3632536832652897E-001  1.5959455978986625E-016 -3.8250652645288596E-016 -3.4136581284122793E-017 -5.4726150715670841E-016  2.3799982444494551E-015  4.4142125481796805E-015 -7.5315417919967858E-015 -7.0758804297349585E-015 -5.5988779901821933E-016  5.3554696710358521E-002 -7.9034001565503331E-015 -9.2235247217686833E-015  9.9291550307248029E-015  9.0983321856313665E-015 -1.7097509641527863E-015  6.7823017332267997E-003 -1.1206313654810174E-015 -1.3121556792505817E-015  5.4155028494165648E-016
-2.7755575615628914E-016  1.8875214233888235E-001 -2.9793875699901662E-016  3.2907149180683992E-016  3.9135361618036768E-015  3.6368208582490652E-001  4.1971634501258848E-015 -1.9072946653929390E-016 -7.6638932574155680E-017  3.1378667612072653E-017 -2.6026893714208560E-017 -2.1784330897026619E-016 -6.7973762769521833E-017  2.1745876121502590E-015  2.4980018054066022E-016  1.9247359460843644E-001  1.7633464133304244E-015 -1.0763576402334551E-015 -1.1168855857676590E-015 -1.1702778789732346E-015 -1.1369436446542843E-015 -1.1107610294925220E-015 -6.8765442768693561E-016 -9.7404723176097718E-016 -5.7879454778959574E-002  1.0973210187725790E-015  2.0006686871968391E-014 -4.8155923693116165E-015 -1.3632536832655195E-001  3.9915987182226331E-015 -6.1941202561533230E-015 -3.2888498876749565E-015 -3.3044338582893126E-015 -5.7835016973752309E-015 -3.5571181149635286E-015 -4.9206243494561016E-015  1.5740816781913387E-014  3.9065972678997696E-015  5.3554696710324333E-002  5.9498846821659512E-015  6.8957349103409272E-015  9.1375196189792072E-015 -6.3164366418087097E-016  5.2215176626901894E-016  6.7823017332218089E-003  8.7850191531069211E-016  1.8103436759203911E-015
 7.5746700578527282E-015 -2.6745099190872423E-015  1.8875214233885718E-001 -4.8842693545901174E-015  1.6878859421254333E-015  7.4853317988399226E-016  3.6368208582488687E-001 -6.8330607600261280E-016 -7.0633321597659969E-017  2.2382508262893836E-016 -2.9947322520024936E-016  5.2664535942619790E-016 -5.5033860499296974E-017 -8.1184293695569487E-015  9.0040822020576172E-015  1.7633464133304244E-015  1.9247359460839250E-001  2.1801532153319286E-015 -3.1994488201909053E-015 -1.1521384802601607E-015 -1.7367529398665049E-015  4.2046391394957686E-015  5.6215006826393552E-016 -6.0789047406917263E-015  8.1586213479534209E-016 -5.7879454778938480E-002  8.3370451853961550E-015 -9.5175603509467521E-015  8.7299958928532817E-015 -1.3632536832653663E-001  1.1520838596438785E-014 -1.0304157203864221E-014 -2.9498362868626072E-015 -2.1300659585914834E-016  1.2835817276929098E-014  6.7576193334939995E-015  4.4297913405550925E-015  1.4166619266564595E-014  2.5843042983364484E-014  5.3554696710336358E-002 -1.4936529095764588E-014 -9.8835520228286886E-015  2.3070440520821708E-014  1.9637069748057456E-015  3.7526405594068279E-015  6.7823017332235818E-003  1.1955790213638715E-014
-5.4444319426932641E-016 -1.1146947005748801E-015  9.1923923035542056E-016  8.4124707252552579E-015 -6.3108132540882889E-016 -1.7011765468615551E-015 -6.9616009938744777E-016  9.1501431791377267E-003 -3.3276875178996356E-016  3.4090026808376711E-016 -4.5750715895682848E-003  2.9104560287421320E-016 -4.5750715895728922E-003 -1.2399009555525322E-014 -3.6117232870452679E-016 -1.0763576402334551E-015  2.1801532153319286E-015  1.4838692670596457E-001  1.2359904766334080E-015  1.6089560239700838E-016 -7.4193463352975247E-002 -7.2421994616592564E-016 -7.4193463352993136E-002 -8.6825260965909463E-016  6.9147456034187224E-016 -1.4047728732513829E-015 -1.0933764893013226E-013 -3.0581480910069562E-015  1.9126284221900242E-015 -2.2926862964103119E-016  4.5864115412017004E-001  1.4415552085367659E-015  3.6776137690739978E-016 -2.2932057706004588E-001 -2.1676454034496924E-015 -2.2932057706008077E-001 -1.1003030959755158E-013 -1.4667506889719386E-015 -1.8729983679839182E-015  5.9229282412721184E-015  5.2034542608658288E-014  2.5470762393259237E-014 -1.3245103780652666E-014 -2.3926098957031731E-016 -2.5872036794724284E-016  8.5317949657746344E-016 -6.6317971139125528E-015
 2.2333694351636529E-016 -1.6080830110599320E-016 -9.4429343846146661E-016 -9.4168610246058342E-016  2.3143319349253667E-016  5.9017924567081280E-016  3.2571383653571649E-015 -9.1913239172454891E-017  9.1501431791367795E-003  2.6153497499192125E-016  2.1830410742994347E-016 -2.1571546886402036E-017  6.9651858065899328E-016 -5.9926375887941975E-018 -6.6040864770758822E-017 -1.1168855857676590E-015 -3.1994488201909053E-015  1.2359904766334080E-015  1.4838692670595746E-001 -3.2986851097873408E-017 -7.3855851989717137E-016 -1.6878825539936998E-017 -6.8261368779687862E-016  3.9249265979175577E-016  5.6172143006817427E-016  2.0754200718894229E-015  3.3574843750896050E-015  7.2707998558556117E-016  3.0514548523362398E-016 -1.2768126731902608E-015  7.0689981646030701E-016  4.5864115412015211E-001 -3.9150540448451876E-016 -9.4499061353853843E-016 -6.9303219304810513E-016 -1.5265566588596214E-015  1.2667695045720208E-015 -6.9072334249509585E-016 -4.4957821484190737E-016  1.3997047614981424E-017 -1.7620795099021693E-015 -2.0951359714149623E-015  1.6434614328968460E-015 -9.3390015841935982E-017 -6.3481110375755830E-017 -1.1924719523675446E-017  7.2330864023922331E-016
 9.9920372533902073E-016 -5.6050925566561544E-016  6.2999893113593907E-016 -1.3293653563317381E-016 -9.5542046880618185E-016  1.0665427853442850E-015 -2.7032398944533128E-016  6.5380101506306323E-016  5.1647579848946964E-016  9.1501431791366165E-003  6.1306211843195767E-016  6.6502536628449060E-016  1.1584700213009030E-016 -9.8638961301989889E-016  8.5776907990192901E-016 -1.1702778789732346E-015 -1.1521384802601607E-015  1.6089560239700838E-016 -3.2986851097873408E-017  1.4838692670595655E-001  2.4958334010627568E-016  3.8813421335443752E-016  9.3675067702760340E-017 -3.2658801088342315E-016  4.4574831976478505E-016  2.1841936451914838E-016  2.1666881411108554E-015  9.1669382767154965E-016 -2.0780250434360123E-015 -1.7808213403584771E-015 -1.8249290967270220E-015 -7.8349869994665185E-016  4.5864115412015100E-001 -1.0078743395421035E-015  3.1657686997039245E-016 -3.7695541132975308E-015  1.6312336717335601E-016  1.6418663143591190E-015  1.8680018226789918E-015  8.3895152973136109E-016  2.4302317673479176E-015  1.4297239498288414E-015 -2.3796150516859992E-015  2.4900347577116633E-016  2.4950511968210939E-016  1.1046974724851316E-016 -1.0461059768828192E-015
 1.1372678011231517E-016 -1.1020387925826449E-015 -3.2085992701669575E-016 -2.0728651826829803E-014 -2.3902570527688040E-015 -1.7880186913770416E-015  1.8667908358172271E-015 -4.5750715895671885E-003  1.5037884132384534E-016  1.8038413644734347E-017  9.1501431791367709E-003 -2.5693050389067838E-016 -4.5750715895636028E-003 -1.9867314824541383E-014  1.2395854399091121E-015 -1.1369436446542843E-015 -1.7367529398665049E-015 -7.4193463352975247E-002 -7.3855851989717137E-016  2.4958334010627568E-016  1.4838692670595152E-001 -3.0302095468248774E-016 -7.4193463352968947E-002 -1.3600588506965992E-015  5.2534224147602538E-016  1.4963149733624935E-015 -4.5256037009020102E-014 -9.9970412712995906E-016  1.4820311150279769E-015  1.2205251617847057E-015 -2.2932057706009276E-001 -1.5864046187807577E-015 -9.3501595355127952E-016  4.5864115412012585E-001 -7.3351697979465949E-016 -2.2932057706008085E-001 -2.9946069453535290E-014  1.2005236104233412E-015 -1.6579060879402413E-015  2.4416392661457271E-015  1.7749289136066650E-014  4.0337784350768976E-017 -6.4330198701540888E-015  1.7636083786419444E-016 -2.1902524124782511E-016  3.4684855124243790E-016 -3.9233164534395533E-015
-1.4233470119027028E-015 -1.8879156145897958E-016  1.1649104965983232E-015  7.5096323612866924E-016  2.6715473571461354E-015  1.0381014366103140E-015 -3.7442563677173967E-015  5.1129449795110345E-016  2.9589396652479012E-016  3.9212267974483348E-016 -4.4806433547151009E-016  9.1501431791367327E-003 -7.0515154045740418E-016  1.9783018568335442E-015 -2.7424821700994027E-015 -1.1107610294925220E-015  4.2046391394957686E-015 -7.2421994616592564E-016 -1.6878825539936998E-017  3.8813421335443752E-016 -3.0302095468248774E-016  1.4838692670595810E-001 -3.0769657655138428E-016  1.2646256689641304E-015  3.7205823857387664E-016 -2.7282691002616287E-015  2.8713215072041476E-015 -8.3907886080799071E-016 -1.3838843577979511E-015  1.1682294026372708E-015 -2.2233733951157210E-015  2.5021353261892505E-016  4.3523263335356697E-016 -9.1945765237610465E-016  4.5864115412015299E-001 -2.3419851127858825E-015  1.6633949720953168E-015  3.8991010666597783E-016 -4.6748327804394627E-016 -1.7285316761086233E-015 -7.2107383029257737E-016 -1.0014228637091791E-015  7.3843251672398263E-016  4.1680551309908469E-017 -7.9315108479123265E-017 -2.3439195676904818E-016  4.2493947733186510E-016
-6.4010986664194740E-016 -7.2912634074879776E-016  3.1691786351378006E-016 -1.3479662431460177E-014  9.5951503465351056E-016 -2.1788823121339027E-015  5.6792224362776566E-016 -4.5750715895707724E-003  1.7087026238372445E-016 -3.2797115717686672E-016 -4.5750715895680324E-003 -1.1641282013884535E-016  9.1501431791362765E-003 -2.1323323307101028E-014 -2.2190629949203835E-015 -6.8765442768693561E-016  5.6215006826393552E-016 -7.4193463352993136E-002 -6.8261368779687862E-016  9.3675067702760340E-017 -7.4193463352968947E-002 -3.0769657655138428E-016  1.4838692670595854E-001  6.0399455703505233E-016  6.4652065183554944E-016 -2.4351222831558069E-016 -7.1263593283705072E-014 -2.0807305673845759E-015  1.8746348424964751E-015 -4.5452980111589310E-016 -2.2932057706008904E-001 -4.2153780466236191E-016  2.1389140458794201E-015 -2.2932057706005735E-001 -1.2138727523147465E-015  4.5864115412015066E-001 -3.8042078148920442E-014  1.7440797221139687E-015 -2.4602675309493528E-015  4.1593437719303611E-015  1.2224565958830568E-014 -1.2358455874007345E-017 -6.8133098989618917E-015  2.3120665920601083E-016 -3.4079934773615454E-016  5.8713387193739548E-016 -5.5535712530102031E-015
-7.2729170737217019E-002  1.5759962779249292E-015 -3.4820236971544460E-015 -4.1834661767516854E-015 -1.3999414615050468E-001  8.2225892761300656E-016 -1.2884658617817735E-015 -2.8775136754248489E-016 -5.8192925098770287E-016 -1.1737457583640475E-016  1.8063894655982239E-018  3.2487190519641789E-017 -2.9936575325058779E-016 -2.1098834693772760E-015 -5.7879454778944128E-002 -9.7404723176097718E-016 -6.0789047406917263E-015 -8.6825260965909463E-016  3.9249265979175577E-016 -3.2658801088342315E-016 -1.3600588506965992E-015  1.2646256689641304E-015  6.0399455703505233E-016  1.5425878605526980E-001  6.4770237784284035E-016  3.0166299146150433E-015  4.7573975809350242E-015  5.1265922591806068E-001  5.2648857495896095E-016 -1.3532469415877824E-015 -2.9317264553362704E-015  4.5065633486061477E-016 -1.3145703479766936E-015 -5.4055559760430005E-015  4.3314144256005274E-015  8.6949363464204627E-016  2.1066519823032163E-015 -2.5718985991118765E-001  4.5029084627667970E-015  8.5476872975498441E-015 -6.7730951829201190E-015 -7.3493361222756534E-015  8.2360484636591140E-017 -3.3172070032769625E-002  6.4076348393893312E-016  1.2249451670012790E-015 -1.0037979566397675E-015
-6.6353172956112871E-016 -7.2729170737228607E-002  5.1141816476141244E-016  1.8587244902558969E-015 -1.7659484985443896E-015 -1.3999414615051309E-001 -4.5025832021150514E-015  7.2764715444985217E-016  4.3741149530847180E-016  4.1957847001358599E-016  3.7970950662521952E-016  1.8880303028276650E-016  4.2280682980328091E-016 -4.6913560041975168E-015 -1.8127860323957634E-016 -5.7879454778959574E-002  8.1586213479534209E-016  6.9147456034187224E-016  5.6172143006817427E-016  4.4574831976478505E-016  5.2534224147602538E-016  3.7205823857387664E-016  6.4652065183554944E-016  6.4770237784284035E-016  1.5425878605527726E-001 -2.9685726533196233E-015 -1.8682028522675112E-014  2.3878468646820750E-015  5.1265922591807556E-001 -7.9261955072268409E-015  1.0059857727967044E-015  1.4077225496755027E-015  2.8520139352773127E-015  1.2394719635997285E-015  2.3733801730971704E-015  1.1829123462072947E-015 -6.1476377556444105E-015 -4.8962570109445380E-016 -2.5718985991114485E-001 -7.6124002934552237E-015 -8.9173157569049881E-015 -5.4011317234281828E-015  2.0950514567111033E-015 -4.6512273199628140E-017 -3.3172070032763394E-002 -1.1047139223362146E-015 -2.0809203856287435E-016
-3.1995890312219721E-015  1.5628774316378546E-015 -7.2729170737213522E-002  4.2192133891026561E-015 -2.9971684856189285E-015  3.7404974950749903E-016 -1.3999414615049380E-001 -1.0954139025312159E-016  1.1366823701227292E-016  4.3579074426904305E-016  4.8713955712298606E-016 -1.1798087728555052E-016  5.1395015158510296E-016  2.4644167683988042E-015 -2.9686539684825597E-015  1.0973210187725790E-015 -5.7879454778938480E-002 -1.4047728732513829E-015  2.0754200718894229E-015  2.1841936451914838E-016  1.4963149733624935E-015 -2.7282691002616287E-015 -2.4351222831558069E-016  3.0166299146150433E-015 -2.9685726533196233E-015  1.5425878605526355E-001 -1.1077603508837900E-014  7.8874623846147962E-015 -3.3132134188984530E-015  5.1265922591805779E-001 -5.1166026369493746E-015  7.2128842132310621E-015  2.6406559104585461E-015  2.5278314112206783E-015 -9.0548387680864266E-015 -1.0215548562110391E-015 -8.1300722121796499E-015 -1.6760735594562037E-014 -2.6088452145106578E-014 -2.5718985991115395E-001  1.3748719534804302E-014  1.0417798205800564E-014 -2.2494174161768203E-014 -2.3313260501776900E-015 -3.6566818908782828E-015 -3.3172070032764657E-002 -1.1858159169619515E-014
-3.6396989854762138E-018  8.1550113599947940E-015 -5.8045720562790180E-015 -6.0427698991518142E-001  7.3473203247562439E-015  1.2518900021499089E-014 -3.2729062188486722E-014 -4.7724963082446895E-014 -1.6645569985349474E-015  2.7349851240049853E-015 -2.0504443668553583E-014 -1.9509744228210343E-015 -2.5623610488402873E-014 -7.2077663078083187E-001 -3.8573252567475083E-015  2.0006686871968391E-014  8.3370451853961550E-015 -1.0933764893013226E-013  3.3574843750896050E-015  2.1666881411108554E-015 -4.5256037009020102E-014  2.8713215072041476E-015 -7.1263593283705072E-014  4.7573975809350242E-015 -1.8682028522675112E-014 -1.1077603508837900E-014  1.7624122286915400E+000  1.1911384797526255E-014 -4.5807128351299235E-015  1.3081896014035756E-014 -3.6591079551918015E-013  5.2119917583139559E-015  1.0922906404195075E-014 -3.2251804765313276E-013  5.6022403325967526E-015 -4.0624832537998433E-013  1.0853046499209873E+000  7.4183111868538312E-015  1.7996125969569387E-014 -2.2301405423835176E-014 -1.0366198441229373E+000 -6.9224915616548943E-001  3.1823250009470000E-001  1.0783505788340075E-015  2.6875197108000824E-015 -3.0572385713901794E-015  1.0140057783151388E-001
-1.8913707015522180E-001  3.4278135885301708E-015 -1.9971004017182992E-015 -2.5815528954382424E-015 -3.6414148033774346E-001 -4.4408920985006262E-016  1.0759622359746146E-014 -8.2901676344851225E-016 -2.0733990082364947E-015 -4.6839395678733634E-016  1.3516208703897709E-016 -1.1686372095110451E-016 -1.4001436525431014E-015  9.8703820673765410E-015 -1.3632536832652897E-001 -4.8155923693116165E-015 -9.5175603509467521E-015 -3.0581480910069562E-015  7.2707998558556117E-016  9.1669382767154965E-016 -9.9970412712995906E-016 -8.3907886080799071E-016 -2.0807305673845759E-015  5.1265922591806068E-001  2.3878468646820750E-015  7.8874623846147962E-015  1.1911384797526255E-014  1.7277825158380928E+000  1.1310397063368782E-015 -5.9934696094998685E-015 -9.3739511895957393E-015 -4.6759676907352984E-016  1.2319497554624775E-015 -7.2115717540815737E-015 -7.8363425314275755E-016 -1.0072311847407115E-014  8.9084170625709177E-015 -7.7224083785462116E-001 -2.2898349882893854E-016 -2.6844845790741090E-016  3.2800703959864445E-015  4.5398503154528347E-016 -8.6450222340604875E-017 -9.8311617102882859E-002 -3.9898639947466563E-017 -3.7947076036992655E-018  7.4349137878782009E-016
-1.2906342661267445E-015 -1.8913707015523218E-001  3.9764198878078361E-015  4.3686697775511976E-015 -1.9428902930940239E-015 -3.6414148033771987E-001 -1.0795184191003671E-014  2.3392610038585903E-015  1.5202475892963499E-015  1.2289794554039120E-015  1.2829589479075824E-015  5.5412546316759733E-016  1.4886715867057146E-015 -1.3569425473722068E-014  1.5959455978986625E-016 -1.3632536832655195E-001  8.7299958928532817E-015  1.9126284221900242E-015  3.0514548523362398E-016 -2.0780250434360123E-015  1.4820311150279769E-015 -1.3838843577979511E-015  1.8746348424964751E-015  5.2648857495896095E-016  5.1265922591807556E-001 -3.3132134188984530E-015 -4.5807128351299235E-015  1.1310397063368782E-015  1.7277825158381037E+000  6.7918760893181940E-015  1.0702216709161507E-015 -1.1616997215358773E-016 -1.4348029752683125E-015  2.5276010411302792E-015  1.6331140117079751E-016  2.1672181691805026E-015  2.5492387904311509E-014 -1.2281842209915794E-015 -7.7224083785464248E-001  9.0836626415180532E-015 -1.4548885884483646E-014  8.8416906797992367E-015 -1.4827961897400457E-015 -1.3400738851920835E-016 -9.8311617102885690E-002  1.4597969100887953E-015 -3.4407605737268010E-019
-6.7610847476196057E-016  2.7946395197986362E-015 -1.8913707015523362E-001  9.8704761924129860E-016  6.0723995276568132E-015 -1.8483478636532880E-015 -3.6414148033774646E-001 -3.7048545513094786E-016 -1.3483421774451150E-016  1.5531350683027302E-015  1.5387748452157230E-015  2.8936988801115483E-016  1.8746856200550508E-015 -9.6186899864741074E-015 -3.8250652645288596E-016  3.9915987182226331E-015 -1.3632536832653663E-001 -2.2926862964103119E-016 -1.2768126731902608E-015 -1.7808213403584771E-015  1.2205251617847057E-015  1.1682294026372708E-015 -4.5452980111589310E-016 -1.3532469415877824E-015 -7.9261955072268409E-015  5.1265922591805779E-001  1.3081896014035756E-014 -5.9934696094998685E-015  6.7918760893181940E-015  1.7277825158381197E+000 -1.6556627630008721E-015 -1.2688890105779473E-015  1.3764252972486019E-015 -9.6929366764349533E-016  1.7115909641472010E-015  1.7458405859970499E-017  6.6270399650118886E-016  1.0003282924220258E-014  9.6283658129747707E-015 -7.7224083785464326E-001 -5.3192145295896731E-015 -5.6538091762248166E-015  1.0805829262946100E-014  1.3729252110183943E-015  1.6954211472242076E-015 -9.8311617102885232E-002  5.7102562492988475E-015
-6.7270501579941246E-016 -6.0244392843968699E-015  7.4424662210722611E-015 -4.7891379306543758E-016 -2.4215533344898273E-017 -1.0229343281406649E-014  6.7091862456211163E-015  2.8281684385581658E-002 -1.2200527046973836E-015  9.0942878228088766E-016 -1.4140842192790864E-002  9.0050444314840238E-016 -1.4140842192801463E-002 -7.8014694228811681E-014 -3.4136581284122793E-017 -6.1941202561533230E-015  1.1520838596438785E-014  4.5864115412017004E-001  7.0689981646030701E-016 -1.8249290967270220E-015 -2.2932057706009276E-001 -2.2233733951157210E-015 -2.2932057706008904E-001 -2.9317264553362704E-015  1.0059857727967044E-015 -5.1166026369493746E-015 -3.6591079551918015E-013 -9.3739511895957393E-015  1.0702216709161507E-015 -1.6556627630008721E-015  1.4175892238101475E+000 -5.1902926401224443E-015 -6.0715321659176778E-015 -7.0879461190504389E-001 -6.6648075947007314E-015 -7.0879461190496940E-001 -3.7365488794151282E-013  5.5329671294630084E-015 -3.1049463338675026E-015  2.1099679271191873E-014  1.3800028754344986E-013  4.5675493426068481E-014 -2.9178017206038287E-014  6.9468997823895486E-016 -4.5145772877183800E-016  3.0302578101146247E-015 -1.9835106062504887E-014
 4.5294117579264498E-016 -3.0571795275851296E-016 -3.4089559726998903E-015 -2.7452756310332598E-015  2.5623239775065881E-016  2.1918320106485935E-015  9.1211398804664911E-015 -4.3172930508373363E-016  2.8281684385578994E-002  7.6711708274675329E-016  7.1833814938027865E-016 -4.8456213813575699E-017  2.2570920826803279E-015 -1.4752168950829464E-016 -5.4726150715670841E-016 -3.2888498876749565E-015 -1.0304157203864221E-014  1.4415552085367659E-015  4.5864115412015211E-001 -7.8349869994665185E-016 -1.5864046187807577E-015  2.5021353261892505E-016 -4.2153780466236191E-016  4.5065633486061477E-016  1.4077225496755027E-015  7.2128842132310621E-015  5.2119917583139559E-015 -4.6759676907352984E-016 -1.1616997215358773E-016 -1.2688890105779473E-015 -5.1902926401224443E-015  1.4175892238101049E+000 -3.2972756469629181E-015 -7.6154360595368194E-016 -1.1534623625165805E-015  4.9613091412940381E-016  7.3487411650125811E-016 -2.6750499073359370E-016 -5.2369321220441959E-016 -1.7621640708787023E-016  1.5874518083996586E-015 -6.0088763658057179E-016 -9.6999894411206781E-016 -4.1295913112928755E-017 -8.0030685101809738E-017 -5.0156560609621423E-017 -4.8965232498103012E-016
 2.9011091162699506E-015 -1.5945161735968127E-015  2.3027229055907384E-015 -6.7538475217390332E-016 -3.2984130723011255E-015  3.5706061731227167E-015 -1.4516059492162430E-016  2.0119539714813328E-015  1.5786525732475235E-015  2.8281684385578584E-002  1.7905598878598693E-015  2.0110633163373087E-015  4.7151952481397487E-016 -3.1349935264904685E-015  2.3799982444494551E-015 -3.3044338582893126E-015 -2.9498362868626072E-015  3.6776137690739978E-016 -3.9150540448451876E-016  4.5864115412015100E-001 -9.3501595355127952E-016  4.3523263335356697E-016  2.1389140458794201E-015 -1.3145703479766936E-015  2.8520139352773127E-015  2.6406559104585461E-015  1.0922906404195075E-014  1.2319497554624775E-015 -1.4348029752683125E-015  1.3764252972486019E-015 -6.0715321659176778E-015 -3.2972756469629181E-015  1.4175892238101062E+000 -8.3405504724956634E-015 -1.2534732366647977E-015 -5.9605098634561924E-015  2.8637244326843299E-015 -2.2090841448221087E-015 -2.5175444133574626E-016 -2.6354771840332574E-015  1.5073613054618739E-016 -2.0044131043743824E-015  2.7706425298653729E-016 -2.7836799840411826E-016 -5.2811812543424669E-017 -3.5615313827757271E-016  3.2777685016347594E-016
 1.0553246060004542E-015 -5.5084292845912742E-015  4.0695382154369577E-015 -3.6069134486303746E-014 -6.0269839355617424E-015 -9.5785686356012982E-015  1.5493951205023776E-014 -1.4140842192784584E-002  5.4719683645384341E-016 -5.3071696343134411E-017  2.8281684385578470E-002 -7.9304984346000336E-016 -1.4140842192775407E-002 -3.5766336532836646E-014  4.4142125481796805E-015 -5.7835016973752309E-015 -2.1300659585914834E-016 -2.2932057706004588E-001 -9.4499061353853843E-016 -1.0078743395421035E-015  4.5864115412012585E-001 -9.1945765237610465E-016 -2.2932057706005735E-001 -5.4055559760430005E-015  1.2394719635997285E-015  2.5278314112206783E-015 -3.2251804765313276E-013 -7.2115717540815737E-015  2.5276010411302792E-015 -9.6929366764349533E-016 -7.0879461190504389E-001 -7.6154360595368194E-016 -8.3405504724956634E-015  1.4175892238099994E+000 -2.2480932046470786E-015 -7.0879461190510284E-001 -2.2025624855677263E-013  2.7563094518881237E-015 -3.6038647657818527E-015  2.3543617431664251E-014  1.2820385040157064E-013  3.3308786206826401E-014 -3.7684493962548534E-014  3.8157698650064638E-016 -4.7533434083489526E-016  3.3196873600307157E-015 -2.0398691251737754E-014
