 4.6194615977071984E-001 -1.0688552923679041E-014 -2.3609849100551797E-001 -2.4707643761460982E-016  3.6892955907891423E-001 -1.0599891036477952E-014 -1.8856257717083130E-001 -6.2972260046189653E-016  2.4523792688972576E-018  1.5102452652786520E-016 -4.7473731999951424E-017 -3.5862992826430331E-017  1.7505931833317803E-017  1.2612459265084283E-016  1.3949263706357642E-001 -3.3216126812066403E-015 -7.1268271008590567E-002 -9.4515975181462791E-002  1.7678503310124742E-015  4.8950838320985429E-002 -2.6443351611320122E-015 -3.2298067262591495E-015 -6.2106824461828192E-002  1.1249290601604469E-015  3.2201123696788347E-002  1.6837335869589765E-015  6.7142268946455029E-016
-1.0688552923679041E-014  1.8489765670478762E-006  5.4675093584526609E-015  3.0002313785529818E-017 -8.5404473768540880E-015 -7.1900793411768828E-006  4.3532885322202692E-015 -7.5540532929494253E-017  5.2029671536561093E-019 -1.6299098189776242E-019 -6.2312115947846430E-019  3.9732865088889666E-020  2.9533150139462756E-019  5.7814915036778235E-019 -3.1918169775727937E-015  5.0948163560622424E-005  1.7263426620404403E-015  3.0408756659884031E-015  1.2599917663842462E-003  7.8122308305731774E-016 -1.4947754284531375E-015 -1.7245459030317289E-015  2.0441833438047572E-015  8.9707628127576181E-004  6.1811390908212049E-016 -1.0384438776199454E-015 -8.7460744182366990E-016
-2.3609849100551797E-001  5.4675093584526609E-015  1.2067115077888342E-001  2.6078353192845536E-016 -1.8856257717082370E-001  5.4089397184107379E-015  9.6366634405279580E-002 -1.9620716068362341E-017 -1.9622706581653856E-020 -7.7602851276576895E-017  2.0930814250028489E-017  1.4234518084560376E-017 -8.9026617283858670E-018 -6.5009536718539946E-017 -7.1268271008591233E-002  1.7340214127673738E-015  3.6475969207273883E-002  4.8950838320981654E-002 -9.2965127448869290E-017 -2.3758649639045559E-002 -5.5109039299249176E-015 -6.2110754805596005E-015  3.2201123696785572E-002  2.6930919035758806E-018 -1.5560831167399022E-002  2.7396211396703563E-015  9.7375116077956012E-016
-2.4707643761460982E-016  3.0002313785529818E-017  2.6078353192845536E-016  2.0811538239865089E-004 -3.3712583569804164E-016 -4.1548100479919532E-017 -4.5006901973480366E-017 -5.3313221810332616E-004  4.7851198599997761E-006  6.8706405645397472E-018 -4.8723952267595035E-006 -3.4708776293909347E-006  6.3033831984563161E-018 -1.3142422310442666E-006  9.5324616252300358E-018  3.5357612449586064E-017  1.6143860085701587E-016  9.1208163503271990E-016  6.0154995851230269E-016 -1.1593056028050641E-016 -1.0663640000053662E-002 -1.2213663267299979E-002  6.6464842665046726E-016  4.3248536840508649E-016 -4.8160082816347090E-017  5.8995969002210271E-003  2.2409953974565355E-003
 3.6892955907891423E-001 -8.5404473768540880E-015 -1.8856257717082370E-001 -3.3712583569804164E-016  2.9465156411129489E-001 -8.4669015684858542E-015 -1.5058132926039197E-001 -1.5151624183285612E-016  2.1172354221078498E-018  1.2135552021768849E-016 -3.4288391482862216E-017 -2.3172435834978966E-017  1.4034559201538117E-017  1.0100326164636812E-016  1.1133703204098000E-001 -2.5946043575501696E-015 -5.7005315887390447E-002 -7.7317266156499420E-002  3.0101193234615116E-015  3.7012419850508058E-002  4.9631050053818714E-015  5.5279212872508023E-015 -5.0908912152068872E-002  2.0354075442513849E-015  2.4236473775847860E-002 -2.0867676851915972E-015 -6.4286243359785182E-016
-1.0599891036477952E-014 -7.1900793411768828E-006  5.4089397184107379E-015 -4.1548100479919532E-017 -8.4669015684858542E-015  2.7959922182767169E-005  4.3366891630462495E-015  1.0130114352967871E-016 -2.6150523887443129E-019  6.3381987235233972E-019  6.2922403527337238E-019 -1.4323995260942844E-018 -1.1484498856394382E-018 -2.7321088066787561E-018 -3.2530991431334897E-015 -1.9812113620942760E-004  1.5501216954620182E-015  8.8954423551382759E-016 -4.8997055619784706E-003 -3.1817217031840647E-015  1.9561876848607029E-015  2.2668598544627561E-015  5.1489330598127411E-016 -3.4884431487192686E-003 -2.2053465256056634E-015  1.9395302030962678E-015  1.5150495099833737E-015
-1.8856257717083130E-001  4.3532885322202692E-015  9.6366634405279580E-002 -4.5006901973480366E-017 -1.5058132926039197E-001  4.3366891630462495E-015  7.6989671066250542E-002  6.2211398013838744E-016  1.1539448252785716E-018 -6.0412141767666181E-017  2.3323087611370777E-017  2.2665380727684175E-017 -7.3463547435511574E-018 -5.1424919877497144E-017 -5.7005315887393222E-002  1.3569413809480004E-015  2.8937142023906865E-002  3.7012419850508460E-002 -4.3150239383540659E-016 -2.3816653494831697E-002  8.4828803534741208E-015  9.8006112274667297E-015  2.4236473775847998E-002 -2.5424387985619564E-016 -1.5875639509980631E-002 -4.7941343420479126E-015 -1.8365930920052694E-015
-6.2972260046189653E-016 -7.5540532929494253E-017 -1.9620716068362341E-017 -5.3313221810332616E-004 -1.5151624183285612E-016  1.0130114352967871E-016  6.2211398013838744E-016  1.3657326058284206E-003 -1.2258131920809685E-005 -1.7599867903868453E-017  1.2481706876187676E-005  8.8914127768710233E-006 -1.6147151646012100E-017  3.3667191450541057E-006 -3.4244153385367439E-016 -5.4146665889379231E-017 -1.6588334558567266E-016 -2.7612215965860313E-016 -6.3987915736531937E-016  1.3494489948215781E-015  2.7317206865599665E-002  3.1287937927196786E-002 -2.4541155015576679E-016 -4.6633950023877152E-016  8.7765676587599369E-016 -1.5110584337001486E-002 -5.7391976809797757E-003
 2.4523792688972576E-018  5.2029671536561093E-019 -1.9622706581653856E-020  4.7851198599997761E-006  2.1172354221078498E-018 -2.6150523887443129E-019  1.1539448252785716E-018 -1.2258131920809685E-005  1.1007890238712154E-007  1.5589400458905786E-019 -1.1208662149540274E-007 -7.9845523402092975E-008  1.4405436195957293E-019 -3.0233378995060814E-008 -1.2484893380226925E-017 -4.2576766992935643E-018 -4.1054626244276237E-017 -3.1951420928716697E-016 -1.1209173729474031E-016 -1.0964209001573750E-015 -2.4519716456723164E-004 -2.8087440495691535E-004 -2.2621158099468161E-016 -7.9693092839302404E-017 -7.8031104976448228E-016  1.2873849550076324E-004  4.7122907944723332E-005
 1.5102452652786520E-016 -1.6299098189776242E-019 -7.7602851276576895E-017  6.8706405645397472E-018  1.2135552021768849E-016  6.3381987235233972E-019 -6.0412141767666181E-017 -1.7599867903868453E-017  1.5589400458905786E-019  4.4516600144901586E-031 -1.5873734118723613E-019 -1.1307742102813598E-019  2.0026125375738195E-031 -4.2816583573948576E-020  4.2638421876114477E-017 -4.4911825019539335E-018 -3.3217238296631997E-017 -9.2891940656550701E-017 -1.1107079388749336E-016 -2.3506966165371643E-016 -3.5160127371621836E-016 -4.0136724393871205E-016 -6.4189615758560446E-017 -7.9079068131429429E-017 -1.6835746658815990E-016  4.4950161892301663E-016  2.3634499063190983E-016
-4.7473731999951424E-017 -6.2312115947846430E-019  2.0930814250028489E-017 -4.8723952267595035E-006 -3.4288391482862216E-017  6.2922403527337238E-019  2.3323087611370777E-017  1.2481706876187676E-005 -1.1208662149540274E-007 -1.5873734118723613E-019  1.1413095921025016E-007  8.1301818655486131E-008 -1.4668175639101104E-019  3.0784802850131814E-008 -1.8432513765980176E-017  1.7635111485957103E-018  5.0139149775804941E-019 -6.4253717271363290E-017  5.0532831721712426E-017 -9.9565265646214243E-017  2.4966929339412589E-004  2.8599724773269278E-004 -4.6709920769975212E-017  3.5862943229309246E-017 -7.1370948003063666E-017 -1.3108654523420830E-004 -4.7982378385282568E-005
-3.5862992826430331E-017  3.9732865088889666E-020  1.4234518084560376E-017 -3.4708776293909347E-006 -2.3172435834978966E-017 -1.4323995260942844E-018  2.2665380727684175E-017  8.8914127768710233E-006 -7.9845523402092975E-008 -1.1307742102813598E-019  8.1301818655486131E-008  5.7915799204953213E-008 -1.0448955866724755E-019  2.1929724204416625E-008 -1.9643513624440097E-017  1.4582203123062492E-017 -4.3729337410457058E-017 -9.3910445266882627E-017  3.6555966427648935E-016 -1.2189429164161277E-015  1.7785329901570015E-004  2.0373171777426487E-004 -6.5540208843958043E-017  2.6018563762213079E-016 -8.6922108769288808E-016 -9.3380223931798293E-005 -3.4180512045155681E-005
 1.7505931833317803E-017  2.9533150139462756E-019 -8.9026617283858670E-018  6.3033831984563161E-018  1.4034559201538117E-017 -1.1484498856394382E-018 -7.3463547435511574E-018 -1.6147151646012100E-017  1.4405436195957293E-019  2.0026125375738195E-031 -1.4668175639101104E-019 -1.0448955866724755E-019  2.8821549630152326E-031 -3.9564803305216843E-020  1.0412072464009487E-018  8.1377979071226457E-018  6.9603609534860163E-019 -1.4549978364465755E-016  2.0125471936339549E-016  1.0473884519451505E-016 -3.2279233618202172E-016 -3.6914658100809271E-016 -1.0412600304877070E-016  1.4328731349872500E-016  7.4844107044579247E-017  2.8608596315608321E-016  1.3632887036887049E-016
 1.2612459265084283E-016  5.7814915036778235E-019 -6.5009536718539946E-017 -1.3142422310442666E-006  1.0100326164636812E-016 -2.7321088066787561E-018 -5.1424919877497144E-017  3.3667191450541057E-006 -3.0233378995060814E-008 -4.2816583573948576E-020  3.0784802850131814E-008  2.1929724204416625E-008 -3.9564803305216843E-020  8.3036547933995638E-009  4.2101785903792813E-017  2.1037751052484797E-017 -1.4241535610879444E-017  9.1725529532658491E-017  5.2214808414620526E-016  1.5686013042462295E-016  6.7343865573846697E-005  7.7142687208222661E-005  6.6795916751978982E-017  3.7172275179586271E-016  1.1065492177897276E-016 -3.5358271578776438E-005 -1.2942395902642613E-005
 1.3949263706357642E-001 -3.1918169775727937E-015 -7.1268271008591233E-002  9.5324616252300358E-018  1.1133703204098000E-001 -3.2530991431334897E-015 -5.7005315887393222E-002 -3.4244153385367439E-016 -1.2484893380226925E-017  4.2638421876114477E-017 -1.8432513765980176E-017 -1.9643513624440097E-017  1.0412072464009487E-018  4.2101785903792813E-017  4.3048104561793990E-002 -9.5609698774039712E-016 -2.1284257971282271E-002 -5.4216184898164821E-004  1.0195785128220102E-015  1.8021787715103058E-002 -3.6682022299231416E-015 -4.2704043568246283E-015  1.2787647644578876E-003  6.8773339263000705E-016  1.1980113103225585E-002  1.0675455436419120E-015  1.4964283390615924E-016
-3.3216126812066403E-015  5.0948163560622424E-005  1.7340214127673738E-015  3.5357612449586064E-017 -2.5946043575501696E-015 -1.9812113620942760E-004  1.3569413809480004E-015 -5.4146665889379231E-017 -4.2576766992935643E-018 -4.4911825019539335E-018  1.7635111485957103E-018  1.4582203123062492E-017  8.1377979071226457E-018  2.1037751052484797E-017 -9.5609698774039712E-016  1.4038660178069865E-003  6.0157310358757015E-016  1.2676207270130140E-015  3.4718810255814303E-002  1.7488602256185237E-015 -5.5499186382473799E-016 -7.2260675577482314E-016  8.5352476058920361E-016  2.4718749777216078E-002  1.2743398008674221E-015 -2.1683110873429620E-015 -1.4667846659896350E-015
-7.1268271008590567E-002  1.7263426620404403E-015  3.6475969207273883E-002  1.6143860085701587E-016 -5.7005315887390447E-002  1.5501216954620182E-015  2.8937142023906865E-002 -1.6588334558567266E-016 -4.1054626244276237E-017 -3.3217238296631997E-017  5.0139149775804941E-019 -4.3729337410457058E-017  6.9603609534860163E-019 -1.4241535610879444E-017 -2.1284257971282271E-002  6.0157310358757015E-016  1.2282192845889070E-002  1.8021787715103391E-002 -1.6696724576704104E-016  2.5507923174117417E-002 -5.8276150336996116E-015 -6.6659591915560227E-015  1.1980113103225831E-002 -8.4654572351998423E-017  1.8595746290315327E-002  3.2720307952571094E-015  1.2567892831909727E-015
-9.4515975181462791E-002  3.0408756659884031E-015  4.8950838320981654E-002  9.1208163503271990E-016 -7.7317266156499420E-002  8.8954423551382759E-016  3.7012419850508460E-002 -2.7612215965860313E-016 -3.1951420928716697E-016 -9.2891940656550701E-017 -6.4253717271363290E-017 -9.3910445266882627E-017 -1.4549978364465755E-016  9.1725529532658491E-017 -5.4216184898164821E-004  1.2676207270130140E-015  1.8021787715103391E-002  8.7722379465834532E-001 -3.9711304662411837E-016 -9.5053110102045896E-003  9.0893711030340366E-016  1.0614370645432056E-015  6.2671525014158413E-001 -2.2807498509871457E-016 -7.8705790109183035E-003 -6.3687715177592620E-016 -2.9149439386752482E-016
 1.7678503310124742E-015  1.2599917663842462E-003 -9.2965127448869290E-017  6.0154995851230269E-016  3.0101193234615116E-015 -4.8997055619784706E-003 -4.3150239383540659E-016 -6.3987915736531937E-016 -1.1209173729474031E-016 -1.1107079388749336E-016  5.0532831721712426E-017  3.6555966427648935E-016  2.0125471936339549E-016  5.2214808414620526E-016  1.0195785128220102E-015  3.4718810255814303E-002 -1.6696724576704104E-016 -3.9711304662411837E-016  8.5862594456286856E-001 -8.2579979248335678E-016  3.6774108217362185E-016 -1.3926050273099737E-015 -5.0473714482613833E-016  6.1131587515505303E-001 -3.7138246490171846E-016  2.5233332381582994E-015  1.5042319893508314E-015
 4.8950838320985429E-002  7.8122308305731774E-016 -2.3758649639045559E-002 -1.1593056028050641E-016  3.7012419850508058E-002 -3.1817217031840647E-015 -2.3816653494831697E-002  1.3494489948215781E-015 -1.0964209001573750E-015 -2.3506966165371643E-016 -9.9565265646214243E-017 -1.2189429164161277E-015  1.0473884519451505E-016  1.5686013042462295E-016  1.8021787715103058E-002  1.7488602256185237E-015  2.5507923174117417E-002 -9.5053110102045896E-003 -8.2579979248335678E-016  8.6348408337658211E-001  1.8668450559269432E-015  1.5258010777397718E-015 -7.8705790109176374E-003 -2.5210135276378981E-016  6.1533850685415115E-001 -1.6236771397788729E-015 -8.2884411753042658E-016
-2.6443351611320122E-015 -1.4947754284531375E-015 -5.5109039299249176E-015 -1.0663640000053662E-002  4.9631050053818714E-015  1.9561876848607029E-015  8.4828803534741208E-015  2.7317206865599665E-002 -2.4519716456723164E-004 -3.5160127371621836E-016  2.4966929339412589E-004  1.7785329901570015E-004 -3.2279233618202172E-016  6.7343865573846697E-005 -3.6682022299231416E-015 -5.5499186382473799E-016 -5.8276150336996116E-015  9.0893711030340366E-016  3.6774108217362185E-016  1.8668450559269432E-015  5.4639763617175319E-001  6.2582753592437368E-001 -1.3380913475392101E-016  4.3145843680185124E-017 -4.3077083260225929E-016 -3.0081519413248980E-001 -1.1388659499017889E-001
-3.2298067262591495E-015 -1.7245459030317289E-015 -6.2110754805596005E-015 -1.2213663267299979E-002  5.5279212872508023E-015  2.2668598544627561E-015  9.8006112274667297E-015  3.1287937927196786E-002 -2.8087440495691535E-004 -4.0136724393871205E-016  2.8599724773269278E-004  2.0373171777426487E-004 -3.6914658100809271E-016  7.7142687208222661E-005 -4.2704043568246283E-015 -7.2260675577482314E-016 -6.6659591915560227E-015  1.0614370645432056E-015 -1.3926050273099737E-015  1.5258010777397718E-015  6.2582753592437368E-001  7.1682763059783339E-001 -1.3493747759804658E-016 -1.2524582365878101E-015 -9.2382046692204974E-016 -3.4008531156198163E-001 -1.2760108004263121E-001
-6.2106824461828192E-002  2.0441833438047572E-015  3.2201123696785572E-002  6.6464842665046726E-016 -5.0908912152068872E-002  5.1489330598127411E-016  2.4236473775847998E-002 -2.4541155015576679E-016 -2.2621158099468161E-016 -6.4189615758560446E-017 -4.6709920769975212E-017 -6.5540208843958043E-017 -1.0412600304877070E-016  6.6795916751978982E-017  1.2787647644578876E-003  8.5352476058920361E-016  1.1980113103225831E-002  6.2671525014158413E-001 -5.0473714482613833E-016 -7.8705790109176374E-003 -1.3380913475392101E-016 -1.3493747759804658E-016  4.4781253157301887E-001 -3.2251657334835816E-016 -6.4265351356028420E-003  9.3378981518494624E-016  5.6490503812742974E-016
 1.1249290601604469E-015  8.9707628127576181E-004  2.6930919035758806E-018  4.3248536840508649E-016  2.0354075442513849E-015 -3.4884431487192686E-003 -2.5424387985619564E-016 -4.6633950023877152E-016 -7.9693092839302404E-017 -7.9079068131429429E-017  3.5862943229309246E-017  2.6018563762213079E-016  1.4328731349872500E-016  3.7172275179586271E-016  6.8773339263000705E-016  2.4718749777216078E-002 -8.4654572351998423E-017 -2.2807498509871457E-016  6.1131587515505303E-001 -2.5210135276378981E-016  4.3145843680185124E-017 -1.2524582365878101E-015 -3.2251657334835816E-016  4.3523853615539743E-001 -2.4243095957031762E-017 -7.9363425822798856E-017 -1.5534503838065553E-016
 3.2201123696788347E-002  6.1811390908212049E-016 -1.5560831167399022E-002 -4.8160082816347090E-017  2.4236473775847860E-002 -2.2053465256056634E-015 -1.5875639509980631E-002  8.7765676587599369E-016 -7.8031104976448228E-016 -1.6835746658815990E-016 -7.1370948003063666E-017 -8.6922108769288808E-016  7.4844107044579247E-017  1.1065492177897276E-016  1.1980113103225585E-002  1.2743398008674221E-015  1.8595746290315327E-002 -7.8705790109183035E-003 -3.7138246490171846E-016  6.1533850685415115E-001 -4.3077083260225929E-016 -9.2382046692204974E-016 -6.4265351356028420E-003 -2.4243095957031762E-017  4.3852312092559448E-001  7.5979854962535941E-016  3.8013211081218431E-016
 1.6837335869589765E-015 -1.0384438776199454E-015  2.7396211396703563E-015  5.8995969002210271E-003 -2.0867676851915972E-015  1.9395302030962678E-015 -4.7941343420479126E-015 -1.5110584337001486E-002  1.2873849550076324E-004  4.4950161892301663E-016 -1.3108654523420830E-004 -9.3380223931798293E-005  2.8608596315608321E-016 -3.5358271578776438E-005  1.0675455436419120E-015 -2.1683110873429620E-015  3.2720307952571094E-015 -6.3687715177592620E-016  2.5233332381582994E-015 -1.6236771397788729E-015 -3.0081519413248980E-001 -3.4008531156198163E-001  9.3378981518494624E-016 -7.9363425822798856E-017  7.5979854962535941E-016  1.0133091240947723E+000  6.0279087947872090E-001
 6.7142268946455029E-016 -8.7460744182366990E-016  9.7375116077956012E-016  2.2409953974565355E-003 -6.4286243359785182E-016  1.5150495099833737E-015 -1.8365930920052694E-015 -5.7391976809797757E-003  4.7122907944723332E-005  2.3634499063190983E-016 -4.7982378385282568E-005 -3.4180512045155681E-005  1.3632887036887049E-016 -1.2942395902642613E-005  1.4964283390615924E-016 -1.4667846659896350E-015  1.2567892831909727E-015 -2.9149439386752482E-016  1.5042319893508314E-015 -8.2884411753042658E-016 -1.1388659499017889E-001 -1.2760108004263121E-001  5.6490503812742974E-016 -1.5534503838065553E-016  3.8013211081218431E-016  6.0279087947872090E-001  3.6784472256551354E-001
