 2.6394029108984596E-001  1.4802188525953223E-009  9.1480646655954869E-010  8.8407076290245706E-009  2.1510999693267716E-001  1.2447754856333703E-010  7.6929844254790150E-011  3.8982265753878619E-009 -2.2161936309533056E-010 -2.0614442940312206E-009 -1.2740153528050851E-009  3.7393507286984261E-010  6.0763249085604728E-010 -1.5231565617322537E-010  1.4393832052696931E-001  1.2375328189385622E-010  7.6482380550643970E-011 -1.9291513601571014E-009 -1.1448522333583225E-009
 1.4802188525953223E-009  2.6394027090496336E-001 -1.2541396524641656E-008 -1.2120034497618380E-007  1.2447778275115870E-010  2.1510999523524713E-001 -1.0546572635260666E-009 -5.3442136827781874E-008  6.4845675763112216E-009  1.1283279447536305E-009  6.0763248689521172E-010 -8.5727163137971185E-009 -9.5599399469159257E-009  2.0881479848147567E-009  1.2375337817096030E-010  1.4393831883941327E-001 -1.0485215865311295E-009  2.6447408233765741E-008  1.5695179498892162E-008
 9.1480646655954869E-010 -1.2541396524641656E-008  2.6394028344697229E-001 -7.4904315423764573E-008  7.6929772263805071E-011 -1.0546587484486078E-009  2.1510999628995661E-001 -3.3028349512410747E-008  4.0075966407636532E-009  6.0763251035364878E-010  5.2066601511056215E-010 -3.1682248577564643E-009 -7.1379916285241767E-009 -8.3937168817042078E-010  7.6482338049967470E-011 -1.0485214755099079E-009  1.4393831988798778E-001  1.6345046554137153E-008  9.6999467453457918E-009
 8.8407076290245706E-009 -1.2120034497618380E-007 -7.4904315423764573E-008  4.7126627035251123E-001 -1.9164950932912859E-009  2.6273877106410252E-008  1.6237808753434752E-008  6.1761502456723483E-001  7.6773224482285953E-009  1.4146478617946093E-009  8.7428155521969576E-010 -9.0289287894473523E-009 -1.1985832735907998E-008  1.3516124984931574E-009 -1.5789262845622125E-009  2.1646051083733390E-008  1.3377701961902629E-008 -2.0719120400670488E-001 -1.2325615673816795E-001
 2.1510999693267716E-001  1.2447778275115870E-010  7.6929772263805071E-011 -1.9164950932912859E-009  1.7531355515791716E-001 -7.8029129018138485E-010 -4.8223648870108589E-010 -8.7783255190535599E-009 -1.8061884078566547E-010 -1.6800666650229839E-009 -1.0383160637291002E-009  3.0475540336456730E-010  4.9521768360120181E-010 -1.2413651889424422E-010  1.1730900030155439E-001 -4.8914761610847479E-010 -3.0230341470787408E-010  2.1755535194508687E-009  1.1400358067535339E-009
 1.2447754856333703E-010  2.1510999523524713E-001 -1.0546587484486078E-009  2.6273877106410252E-008 -7.8029129018138485E-010  1.7531356579829427E-001  6.6111447001807227E-009  1.2034510620882496E-007  5.2848921844136312E-009  9.1958201307425759E-010  4.9521768037308004E-010 -6.9867232483842469E-009 -7.7913064744433419E-009  1.7018304505490898E-009 -4.8914765947638602E-010  1.1730900697177250E-001  4.1443817028825175E-009 -2.9825421471991219E-008 -1.5629152308094887E-008
 7.6929844254790150E-011 -1.0546572635260666E-009  2.1510999628995661E-001  1.6237808753434752E-008 -4.8223648870108589E-010  6.6111447001807227E-009  1.7531355918682667E-001  7.4375769074310385E-008  3.2661724804020135E-009  4.9521769949162737E-010  4.2434033699721802E-010 -2.5820890163232966E-009 -5.8174293793466315E-009 -6.8408338678622432E-010 -3.0230340516692029E-010  4.1443826049405621E-009  1.1730900282718937E-001 -1.8432731516983496E-008 -9.6591431357688944E-009
 3.8982265753878619E-009 -5.3442136827781874E-008 -3.3028349512410747E-008  6.1761502456723483E-001 -8.7783255190535599E-009  1.2034510620882496E-007  7.4375769074310385E-008  8.0941875246565809E-001  1.0060982088648707E-008  1.8538685718604566E-009  1.1457290115653414E-009 -1.1832235957576850E-008 -1.5707201203420108E-008  1.7712619561768047E-009 -6.2602440473426181E-009  8.5823875438542465E-008  5.3040917931879161E-008 -2.6974239708559927E-001 -1.5940003617087986E-001
-2.2161936309533056E-010  6.4845675763112216E-009  4.0075966407636532E-009  7.6773224482285953E-009 -1.8061884078566547E-010  5.2848921844136312E-009  3.2661724804020135E-009  1.0060982088648707E-008  3.4545399870125317E-016  6.1729982533582570E-017  3.8150401580295139E-017 -4.0616396314938557E-016 -5.3907351731200859E-016  6.0710046463482360E-017 -1.2085897329430360E-010  3.5363234005393374E-009  2.1855208714960472E-009 -3.4950513485197597E-009 -2.1505334189343651E-009
-2.0614442940312206E-009  1.1283279447536305E-009  6.0763251035364878E-010  1.4146478617946093E-009 -1.6800666650229839E-009  9.1958201307425759E-010  4.9521769949162737E-010  1.8538685718604566E-009  6.1729982533582570E-017  2.6570433250013455E-017  1.6371754419148157E-017 -7.3972262049613039E-017 -9.8035218668033565E-017  1.2242294360836208E-017 -1.1241968189900642E-009  6.1532748081820842E-010  3.3136909576134605E-010 -6.4400916850974382E-010 -3.9626399520548696E-010
-1.2740153528050851E-009  6.0763248689521172E-010  5.2066601511056215E-010  8.7428155521969576E-010 -1.0383160637291002E-009  4.9521768037308004E-010  4.2434033699721802E-010  1.1457290115653414E-009  3.8150401580295139E-017  1.6371754419148157E-017  1.0197891384473285E-017 -4.4545189358337539E-017 -6.1264007036331610E-017  6.3947972603723540E-018 -6.9477696346922677E-010  3.3136908296843524E-010  2.8394234140684613E-010 -3.9801125609153018E-010 -2.4489968802250187E-010
 3.7393507286984261E-010 -8.5727163137971185E-009 -3.1682248577564643E-009 -9.0289287894473523E-009  3.0475540336456730E-010 -6.9867232483842469E-009 -2.5820890163232966E-009 -1.1832235957576850E-008 -4.0616396314938557E-016 -7.3972262049613039E-017 -4.4545189358337539E-017  4.9002889748516350E-016  6.2674190901423602E-016 -8.3865027512739367E-017  2.0392349249538850E-010 -4.6750836187493405E-009 -1.7277744851424735E-009  4.1103645989176049E-009  2.5291424975623279E-009
 6.0763249085604728E-010 -9.5599399469159257E-009 -7.1379916285241767E-009 -1.1985832735907998E-008  4.9521768360120181E-010 -7.7913064744433419E-009 -5.8174293793466315E-009 -1.5707201203420108E-008 -5.3907351731200859E-016 -9.8035218668033565E-017 -6.1264007036331610E-017  6.2674190901423602E-016  8.4561885232086865E-016 -8.7668521615744805E-017  3.3136908512847229E-010 -5.2134610258136291E-009 -3.8926643896959809E-009  5.4564751865178902E-009  3.3574147942697367E-009
-1.5231565617322537E-010  2.0881479848147567E-009 -8.3937168817042078E-010  1.3516124984931574E-009 -1.2413651889424422E-010  1.7018304505490898E-009 -6.8408338678622432E-010  1.7712619561768047E-009  6.0710046463482360E-017  1.2242294360836208E-017  6.3947972603723540E-018 -8.3865027512739367E-017 -8.7668521615744805E-017  2.3154992210994954E-017 -8.3064489970009251E-011  1.1387598077461931E-009 -4.5774633463422653E-010 -6.1531157056219080E-010 -3.7860546477499815E-010
 1.4393832052696931E-001  1.2375337817096030E-010  7.6482338049967470E-011 -1.5789262845622125E-009  1.1730900030155439E-001 -4.8914765947638602E-010 -3.0230340516692029E-010 -6.2602440473426181E-009 -1.2085897329430360E-010 -1.1241968189900642E-009 -6.9477696346922677E-010  2.0392349249538850E-010  3.3136908512847229E-010 -8.3064489970009251E-011  7.8495935692789037E-002 -3.0524250308092331E-010 -1.8864609133666803E-010  2.1456494275398181E-009  1.5067374186283133E-009
 1.2375328189385622E-010  1.4393831883941327E-001 -1.0485214755099079E-009  2.1646051083733390E-008 -4.8914761610847479E-010  1.1730900697177250E-001  4.1443826049405621E-009  8.5823875438542465E-008  3.5363234005393374E-009  6.1532748081820842E-010  3.3136908296843524E-010 -4.6750836187493405E-009 -5.2134610258136291E-009  1.1387598077461931E-009 -3.0524250308092331E-010  7.8495939855199107E-002  2.5862157933169358E-009 -2.9415454984101756E-008 -2.0656386169642641E-008
 7.6482380550643970E-011 -1.0485215865311295E-009  1.4393831988798778E-001  1.3377701961902629E-008 -3.0230341470787408E-010  4.1443817028825175E-009  1.1730900282718937E-001  5.3040917931879161E-008  2.1855208714960472E-009  3.3136909576134605E-010  2.8394234140684613E-010 -1.7277744851424735E-009 -3.8926643896959809E-009 -4.5774633463422653E-010 -1.8864609133666803E-010  2.5862157933169358E-009  7.8495937268858951E-002 -1.8179354312158750E-008 -1.2766069823486712E-008
-1.9291513601571014E-009  2.6447408233765741E-008  1.6345046554137153E-008 -2.0719120400670488E-001  2.1755535194508687E-009 -2.9825421471991219E-008 -1.8432731516983496E-008 -2.6974239708559927E-001 -3.4950513485197597E-009 -6.4400916850974382E-010 -3.9801125609153018E-010  4.1103645989176049E-009  5.4564751865178902E-009 -6.1531157056219080E-010  2.1456494275398181E-009 -2.9415454984101756E-008 -1.8179354312158750E-008  5.3064282074226499E-001  5.7764341954928122E-001
-1.1448522333583225E-009  1.5695179498892162E-008  9.6999467453457918E-009 -1.2325615673816795E-001  1.1400358067535339E-009 -1.5629152308094887E-008 -9.6591431357688944E-009 -1.5940003617087986E-001 -2.1505334189343651E-009 -3.9626399520548696E-010 -2.4489968802250187E-010  2.5291424975623279E-009  3.3574147942697367E-009 -3.7860546477499815E-010  1.5067374186283133E-009 -2.0656386169642641E-008 -1.2766069823486712E-008  5.7764341954928122E-001  6.5560876272874868E-001
