 4.8477628222542307E-001 -1.6674726938570639E-014  5.9772491109270437E-002 -2.8424108614587851E-013  2.4164805018407992E-001 -8.4758926858215884E-015  2.9796012691489786E-002 -1.0043575471831395E-013  4.0336518974957834E-016 -1.8569318292798651E-017  6.9008533178037723E-017 -1.4132739062482179E-016 -3.4524692813908644E-017 -2.1607446082158361E-016  3.5589528240232760E-002 -1.2038635949096884E-015  4.3770505776282841E-003 -4.0808749157806960E-002  1.2987534883283568E-015 -5.2147033071962123E-003  5.9502583351042504E-014  3.8880903096667478E-014 -2.4689848374156734E-002  7.7558987548338879E-016 -3.1757306727389929E-003 -1.3389457829276589E-014 -4.2291971361862976E-015
-1.6674726938570639E-014  2.5986942020170280E-006 -2.0568019669445014E-015 -3.1390033869941632E-017 -8.3087139453533167E-015 -6.9747100788987848E-006 -1.0246545891318648E-015  6.0229054383075413E-017 -7.0056639007698541E-019 -1.4413314461174785E-018 -2.7899252899680526E-019  7.9668621981011398E-019 -9.4469357635969162E-020 -9.7533480196576997E-020 -1.2477402213067049E-015  9.0272777710705872E-005 -1.6046708877515076E-016  1.0148961979670470E-015  1.4841331336549737E-003  3.6978574713043461E-017  1.0491111311750584E-015  1.5193559907445613E-015  5.6952365572537098E-016  1.0663252026194457E-003  6.9885186499419173E-018  4.5319435975876517E-017  1.5898744216461730E-016
 5.9772491109270437E-002 -2.0568019669445014E-015  7.3725340161504794E-003 -3.5061479511513330E-014  2.9796012691490036E-002 -1.0445286433596585E-015  3.6668672582404953E-003 -1.2361052796375934E-014  4.8354218013552490E-017 -2.1954906512478214E-018  8.0719705270604355E-018 -1.5934791560333379E-017 -6.7811591036225226E-018 -2.6893289212693136E-017  4.3770505776283102E-003 -1.6952723330473017E-016  6.2996217427677603E-004 -5.2147033071953865E-003 -2.1539373533316222E-016  8.4116133535738530E-004  7.6604973055445825E-015  5.2678349195894375E-015 -3.1757306727384039E-003 -1.7308710163099891E-016  6.7475829242867288E-004  6.8661440857626396E-016  8.0924811442186547E-016
-2.8424108614587851E-013 -3.1390033869941632E-017 -3.5061479511513330E-014  3.3544819966490128E-004 -1.4159525370513867E-013  4.0110220356683234E-017 -1.7444587455921533E-014 -6.6339177786454864E-004  5.2641798888294064E-006  1.7331290176221957E-017  1.1328372854371685E-006 -2.6925725498556686E-006 -1.4905198472693134E-017 -2.5716073390180618E-006 -2.0859105880270872E-014 -6.3070101293523454E-017 -2.7400766876848904E-015  2.3945862926389993E-014 -8.2819572826187083E-016  1.8680592796740119E-016 -1.1813346790841632E-002 -1.7069553232520809E-002  1.4474749702719936E-014 -6.1209727847542505E-016 -2.0982861239377589E-016  7.0116070699732802E-003  2.3595735249640529E-003
 2.4164805018407992E-001 -8.3087139453533167E-015  2.9796012691490036E-002 -1.4159525370513867E-013  1.2047591650523526E-001 -4.2287267537518219E-015  1.4852346515864171E-002 -5.0249631227287573E-014  2.0024545822404474E-016 -9.3332185515000631E-018  3.4786253047930512E-017 -7.0631158400351469E-017 -1.9338334251738374E-017 -1.0790746457267078E-016  1.7495525346951785E-002 -5.5534843889585538E-016  2.1870682945898281E-003 -2.4542259359543350E-002  1.3761242333612353E-015 -2.5349143402613908E-003  2.6466768552358220E-014  1.4739692700998796E-014 -1.5328602470565831E-002  9.1088237675680989E-016 -1.5371366993789976E-003 -8.2573070844432147E-015 -3.3905800124333708E-015
-8.4758926858215884E-015 -6.9747100788987848E-006 -1.0445286433596585E-015  4.0110220356683234E-017 -4.2287267537518219E-015  1.8719624897355864E-005 -5.1650716170342000E-016 -7.4453212101615525E-017  1.1906894219554340E-018  3.8684309052095650E-018  6.0040013340671438E-019 -1.7855357084525536E-018  2.5354902487492164E-019  5.9864042361763083E-019 -6.1670803393944709E-016 -2.4228570335838387E-004 -1.1494365755747434E-016  7.6136679967389503E-016 -3.9833075849003471E-003 -6.0126434541861776E-016 -1.2755054431280216E-015 -1.8464056795671887E-015  4.6613159558246990E-016 -2.8619408671943861E-003 -4.4225873302347369E-016  6.8491505679651800E-016  2.1493931855666269E-016
 2.9796012691489786E-002 -1.0246545891318648E-015  3.6668672582404953E-003 -1.7444587455921533E-014  1.4852346515864171E-002 -5.1650716170342000E-016  1.8500107618349031E-003 -6.2070220419189042E-015  2.8007226509175793E-017 -1.4033477331166900E-018  5.3777864955606726E-018 -1.2511420838666668E-017  4.3905534380094557E-018 -1.2440567956565519E-017  2.1870682945896629E-003 -9.4214134685008693E-017  2.7379347849564755E-005 -2.5349143402637782E-003 -1.7625532112160942E-016 -4.2958619788660748E-003  3.2515100738917142E-015  1.7962365170579650E-015 -1.5371366993807214E-003 -1.3917253522494373E-016 -3.0514694922396473E-003 -4.3661922476583071E-015 -2.2660437058586958E-015
-1.0043575471831395E-013  6.0229054383075413E-017 -1.2361052796375934E-014 -6.6339177786454864E-004 -5.0249631227287573E-014 -7.4453212101615525E-017 -6.2070220419189042E-015  1.3119449000561117E-003 -1.0410680158430071E-005 -3.4309793741238501E-017 -2.2403502348497958E-006  5.3249532143456824E-006  2.9470672619635326E-017  5.0857269441720491E-006 -7.3377348441137496E-015  6.1709842055061458E-017 -7.8461476986499353E-016  9.2952139441394631E-015  6.0249611282384282E-016  3.1245945538483007E-015  2.3362821082392182E-002  3.3757654520528479E-002  5.7488356425360803E-015  4.6660138806445046E-016  2.1450723204592637E-015 -1.3916966140256863E-002 -4.6942292996094460E-003
 4.0336518974957834E-016 -7.0056639007698541E-019  4.8354218013552490E-017  5.2641798888294064E-006  2.0024545822404474E-016  1.1906894219554340E-018  2.8007226509175793E-017 -1.0410680158430071E-005  8.2613658608735929E-008  2.7314954501664460E-019  1.7778236066162456E-008 -4.2256015962725782E-008 -2.3369709302717541E-019 -4.0357642646705812E-008  5.5853803842346982E-017 -8.2541912957664160E-018 -3.5899668308227366E-017  4.1105486786767525E-016 -1.3245167495989013E-016 -6.5280834376958974E-016 -1.8540043183974680E-004 -2.6788634494589910E-004  2.9927558324066398E-016 -9.5431771942078081E-017 -4.6866332424154406E-016  1.1172757650439203E-004  3.7961836372805693E-005
-1.8569318292798651E-017 -1.4413314461174785E-018 -2.1954906512478214E-018  1.7331290176221957E-017 -9.3332185515000631E-018  3.8684309052095650E-018 -1.4033477331166900E-018 -3.4309793741238501E-017  2.7314954501664460E-019  2.1528325371309762E-030  5.8781043891043972E-020 -1.3971311437919146E-019 -7.1872699628469408E-031 -1.3343643063977095E-019 -4.2417069085064354E-019 -5.0068604894635951E-017  3.2166018613157804E-018  1.7951070181577704E-017 -8.2315485758223479E-016  5.5955874588727827E-017 -6.1572917183108894E-016 -8.8745238774458891E-016  1.2740306046143728E-017 -5.9142320213343820E-016  4.0183985995369804E-017  1.0187555184048541E-015  4.8339786499321216E-016
 6.9008533178037723E-017 -2.7899252899680526E-019  8.0719705270604355E-018  1.1328372854371685E-006  3.4786253047930512E-017  6.0040013340671438E-019  5.3777864955606726E-018 -2.2403502348497958E-006  1.7778236066162456E-008  5.8781043891043972E-020  3.8258283551041929E-009 -9.0933804367481286E-009 -5.0290982844383413E-020 -8.6848556295640306E-009  4.0158391661396072E-018 -6.2307888252864424E-018 -1.3563859444644764E-017 -2.5388467704807948E-017 -1.0173777470622147E-016 -2.3428089164096116E-016 -3.9897671880457799E-005 -5.7648417459701059E-005 -1.7672823809736997E-017 -7.3154464129231026E-017 -1.6828206198912386E-016  2.4043472515945767E-005  8.1692845942120112E-006
-1.4132739062482179E-016  7.9668621981011398E-019 -1.5934791560333379E-017 -2.6925725498556686E-006 -7.0631158400351469E-017 -1.7855357084525536E-018 -1.2511420838666668E-017  5.3249532143456824E-006 -4.2256015962725782E-008 -1.3971311437919146E-019 -9.0933804367481286E-009  2.1613506956503703E-008  1.1953360085530546E-019  2.0642509006577900E-008 -1.6414495095675001E-017  1.9449357817561395E-017  4.7118609456944985E-017 -8.6751743972055309E-017  3.1809472806670386E-016  7.9726329033287422E-016  9.4830367511267294E-005  1.3702104299534440E-004 -6.3562735751667807E-017  2.2868260641935382E-016  5.7272835733525985E-016 -5.7147478223364947E-005 -1.9417079339965635E-005
-3.4524692813908644E-017 -9.4469357635969162E-020 -6.7811591036225226E-018 -1.4905198472693134E-017 -1.9338334251738374E-017  2.5354902487492164E-019  4.3905534380094557E-018  2.9470672619635326E-017 -2.3369709302717541E-019 -7.1872699628469408E-031 -5.0290982844383413E-020  1.1953360085530546E-019  3.1631936739245490E-030  1.1416349217403114E-019  2.1683921412300226E-017 -3.2816524991540700E-018 -8.5013891571478706E-017  4.1127632689310714E-016 -5.3952136298972655E-017 -1.3909197286759591E-015  5.2394582282105705E-016  7.5747051033537264E-016  2.9536636131422266E-016 -3.8763720966914875E-017 -9.9936880072210821E-016 -1.9383765129118181E-016 -4.0027206924492164E-017
-2.1607446082158361E-016 -9.7533480196576997E-020 -2.6893289212693136E-017 -2.5716073390180618E-006 -1.0790746457267078E-016  5.9864042361763083E-019 -1.2440567956565519E-017  5.0857269441720491E-006 -4.0357642646705812E-008 -1.3343643063977095E-019 -8.6848556295640306E-009  2.0642509006577900E-008  1.1416349217403114E-019  1.9715133640467745E-008 -2.1914029058344684E-017 -1.1244273551836156E-017 -1.3960702958124345E-017 -8.5717734671114069E-017 -1.8645039915542212E-016 -1.9563921794406021E-016  9.0570064330040801E-005  1.3086530195281058E-004 -6.3651007869034715E-017 -1.3383089931063941E-016 -1.4076090947104389E-016 -5.4580098281994240E-005 -1.8544757033174240E-005
 3.5589528240232760E-002 -1.2477402213067049E-015  4.3770505776283102E-003 -2.0859105880270872E-014  1.7495525346951785E-002 -6.1670803393944709E-016  2.1870682945896629E-003 -7.3377348441137496E-015  5.5853803842346982E-017 -4.2417069085064354E-019  4.0158391661396072E-018 -1.6414495095675001E-017  2.1683921412300226E-017 -2.1914029058344684E-017  5.4957113751985739E-003 -1.2486657602749500E-016  2.9096759294422155E-004  4.6449552559889730E-002 -4.3300517373328373E-016 -6.2955470459367426E-004  4.0577744841735456E-015  2.5882021468520976E-015  3.3755704987479124E-002 -3.3043739339638164E-016 -4.0516660561604889E-004  1.8079168153513131E-015  1.2044756930893747E-015
-1.2038635949096884E-015  9.0272777710705872E-005 -1.6952723330473017E-016 -6.3070101293523454E-017 -5.5534843889585538E-016 -2.4228570335838387E-004 -9.4214134685008693E-017  6.1709842055061458E-017 -8.2541912957664160E-018 -5.0068604894635951E-017 -6.2307888252864424E-018  1.9449357817561395E-017 -3.2816524991540700E-018 -1.1244273551836156E-017 -1.2486657602749500E-016  3.1358727738267055E-003  1.4536983011565311E-018  4.6599692636941978E-017  5.1555439021467010E-002  1.0016511938354113E-015  4.4910431105874122E-016  6.9196657775215259E-016  2.0783212063313538E-017  3.7041733463165617E-002  7.2179959488230924E-016  4.6250232995434221E-016  3.1289064305700357E-016
 4.3770505776282841E-003 -1.6046708877515076E-016  6.2996217427677603E-004 -2.7400766876848904E-015  2.1870682945898281E-003 -1.1494365755747434E-016  2.7379347849564755E-005 -7.8461476986499353E-016 -3.5899668308227366E-017  3.2166018613157804E-018 -1.3563859444644764E-017  4.7118609456944985E-017 -8.5013891571478706E-017 -1.3960702958124345E-017  2.9096759294422155E-004  1.4536983011565311E-018  3.1717490155718500E-003 -6.2955470459179208E-004 -7.7614183687358477E-016  5.1477815061537452E-002  5.0492910358152413E-016  2.3443363457924056E-016 -4.0516660561465325E-004 -5.2199837677508643E-016  3.6991776507670278E-002  1.6375033541287247E-015  9.2184190545747825E-016
-4.0808749157806960E-002  1.0148961979670470E-015 -5.2147033071953865E-003  2.3945862926389993E-014 -2.4542259359543350E-002  7.6136679967389503E-016 -2.5349143402637782E-003  9.2952139441394631E-015  4.1105486786767525E-016  1.7951070181577704E-017 -2.5388467704807948E-017 -8.6751743972055309E-017  4.1127632689310714E-016 -8.5717734671114069E-017  4.6449552559889730E-002  4.6599692636941978E-017 -6.2955470459179208E-004  8.5150296857047403E-001  1.3476079417606005E-016  4.8133232080739135E-004 -6.1113913735860818E-015 -1.9015813924666381E-015  6.1213074330374773E-001 -2.0014348671868378E-017  3.8773776907108045E-004 -2.8029893295539149E-016 -3.0553558896383843E-016
 1.2987534883283568E-015  1.4841331336549737E-003 -2.1539373533316222E-016 -8.2819572826187083E-016  1.3761242333612353E-015 -3.9833075849003471E-003 -1.7625532112160942E-016  6.0249611282384282E-016 -1.3245167495989013E-016 -8.2315485758223479E-016 -1.0173777470622147E-016  3.1809472806670386E-016 -5.3952136298972655E-017 -1.8645039915542212E-016 -4.3300517373328373E-016  5.1555439021467010E-002 -7.7614183687358477E-016  1.3476079417606005E-016  8.4759921221315715E-001 -4.6933550664691420E-017  1.4200327644761433E-016  8.6760041616643178E-016  8.8745392728500862E-017  6.0898606816859435E-001  2.6036783524846667E-017 -1.2820020275969667E-015 -6.8279392489307945E-016
-5.2147033071962123E-003  3.6978574713043461E-017  8.4116133535738530E-004  1.8680592796740119E-016 -2.5349143402613908E-003 -6.0126434541861776E-016 -4.2958619788660748E-003  3.1245945538483007E-015 -6.5280834376958974E-016  5.5955874588727827E-017 -2.3428089164096116E-016  7.9726329033287422E-016 -1.3909197286759591E-015 -1.9563921794406021E-016 -6.2955470459367426E-004  1.0016511938354113E-015  5.1477815061537452E-002  4.8133232080739135E-004 -4.6933550664691420E-017  8.4765856038499199E-001 -4.4858951607363796E-016 -1.3736838869364937E-015  3.8773776907185804E-004  5.7710940750425387E-016  6.0903387615229176E-001  3.0317352010199445E-016  6.1668726101352506E-017
 5.9502583351042504E-014  1.0491111311750584E-015  7.6604973055445825E-015 -1.1813346790841632E-002  2.6466768552358220E-014 -1.2755054431280216E-015  3.2515100738917142E-015  2.3362821082392182E-002 -1.8540043183974680E-004 -6.1572917183108894E-016 -3.9897671880457799E-005  9.4830367511267294E-005  5.2394582282105705E-016  9.0570064330040801E-005  4.0577744841735456E-015  4.4910431105874122E-016  5.0492910358152413E-016 -6.1113913735860818E-015  1.4200327644761433E-016 -4.4858951607363796E-016  4.1608982371645692E-001  6.0119741830431805E-001 -3.3226410525701393E-015  7.0174474836541076E-016  7.2542204907861085E-017 -2.5471686888778622E-001 -8.7386643411242776E-002
 3.8880903096667478E-014  1.5193559907445613E-015  5.2678349195894375E-015 -1.7069553232520809E-002  1.4739692700998796E-014 -1.8464056795671887E-015  1.7962365170579650E-015  3.3757654520528479E-002 -2.6788634494589910E-004 -8.8745238774458891E-016 -5.7648417459701059E-005  1.3702104299534440E-004  7.5747051033537264E-016  1.3086530195281058E-004  2.5882021468520976E-015  6.9196657775215259E-016  2.3443363457924056E-016 -1.9015813924666381E-015  8.6760041616643178E-016 -1.3736838869364937E-015  6.0119741830431805E-001  8.6866564002437585E-001 -2.6450718369472880E-016  1.4902468879610360E-015 -4.7135267198302185E-016 -3.6480865550624653E-001 -1.2448344145914210E-001
-2.4689848374156734E-002  5.6952365572537098E-016 -3.1757306727384039E-003  1.4474749702719936E-014 -1.5328602470565831E-002  4.6613159558246990E-016 -1.5371366993807214E-003  5.7488356425360803E-015  2.9927558324066398E-016  1.2740306046143728E-017 -1.7672823809736997E-017 -6.3562735751667807E-017  2.9536636131422266E-016 -6.3651007869034715E-017  3.3755704987479124E-002  2.0783212063313538E-017 -4.0516660561465325E-004  6.1213074330374773E-001  8.8745392728500862E-017  3.8773776907185804E-004 -3.3226410525701393E-015 -2.6450718369472880E-016  4.4009492753578389E-001 -2.1734799594719350E-017  3.1422602072723934E-004  1.0007021118132815E-015  5.3786148480496149E-016
 7.7558987548338879E-016  1.0663252026194457E-003 -1.7308710163099891E-016 -6.1209727847542505E-016  9.1088237675680989E-016 -2.8619408671943861E-003 -1.3917253522494373E-016  4.6660138806445046E-016 -9.5431771942078081E-017 -5.9142320213343820E-016 -7.3154464129231026E-017  2.2868260641935382E-016 -3.8763720966914875E-017 -1.3383089931063941E-016 -3.3043739339638164E-016  3.7041733463165617E-002 -5.2199837677508643E-016 -2.0014348671868378E-017  6.0898606816859435E-001  5.7710940750425387E-016  7.0174474836541076E-016  1.4902468879610360E-015 -2.1734799594719350E-017  4.3754645577723550E-001  4.5738734550583892E-016 -1.1791553284575202E-015 -5.5635625690110224E-016
-3.1757306727389929E-003  6.9885186499419173E-018  6.7475829242867288E-004 -2.0982861239377589E-016 -1.5371366993789976E-003 -4.4225873302347369E-016 -3.0514694922396473E-003  2.1450723204592637E-015 -4.6866332424154406E-016  4.0183985995369804E-017 -1.6828206198912386E-016  5.7272835733525985E-016 -9.9936880072210821E-016 -1.4076090947104389E-016 -4.0516660561604889E-004  7.2179959488230924E-016  3.6991776507670278E-002  3.8773776907108045E-004  2.6036783524846667E-017  6.0903387615229176E-001  7.2542204907861085E-017 -4.7135267198302185E-016  3.1422602072723934E-004  4.5738734550583892E-016  4.3758519977814209E-001  8.4477367166500338E-017  1.5960770143457112E-017
-1.3389457829276589E-014  4.5319435975876517E-017  6.8661440857626396E-016  7.0116070699732802E-003 -8.2573070844432147E-015  6.8491505679651800E-016 -4.3661922476583071E-015 -1.3916966140256863E-002  1.1172757650439203E-004  1.0187555184048541E-015  2.4043472515945767E-005 -5.7147478223364947E-005 -1.9383765129118181E-016 -5.4580098281994240E-005  1.8079168153513131E-015  4.6250232995434221E-016  1.6375033541287247E-015 -2.8029893295539149E-016 -1.2820020275969667E-015  3.0317352010199445E-016 -2.5471686888778622E-001 -3.6480865550624653E-001  1.0007021118132815E-015 -1.1791553284575202E-015  8.4477367166500338E-017  1.0973649050781082E+000  5.7286748354765527E-001
-4.2291971361862976E-015  1.5898744216461730E-016  8.0924811442186547E-016  2.3595735249640529E-003 -3.3905800124333708E-015  2.1493931855666269E-016 -2.2660437058586958E-015 -4.6942292996094460E-003  3.7961836372805693E-005  4.8339786499321216E-016  8.1692845942120112E-006 -1.9417079339965635E-005 -4.0027206924492164E-017 -1.8544757033174240E-005  1.2044756930893747E-015  3.1289064305700357E-016  9.2184190545747825E-016 -3.0553558896383843E-016 -6.8279392489307945E-016  6.1668726101352506E-017 -8.7386643411242776E-002 -1.2448344145914210E-001  5.3786148480496149E-016 -5.5635625690110224E-016  1.5960770143457112E-017  5.7286748354765527E-001  3.0488067961731430E-001
