 3.4402220716092063E-001 -2.7863995832896341E-017 -2.5706433509625749E-016 -2.1724001888550476E-016  4.0055756149780308E-001 -3.2049016218673907E-016 -3.7058030255548339E-016 -3.4099791448371203E-016  9.3715325428309672E-018  1.2527583448917171E-017  1.8298388208837305E-017  7.7541455876395634E-018 -1.1149347943807887E-017 -3.2702487182252290E-017  2.7266828584416208E-001 -2.5836537770331069E-016 -2.8959040027083598E-016 -3.0555947915869412E-016 -4.2072281830349195E-016
-2.7863995832896341E-017  3.4402220716092247E-001  5.5511151231252995E-016  2.8433893250227231E-016  3.0964814046183630E-016  4.0055756149780253E-001  9.4368957093132922E-016  4.9538758470146820E-016 -3.3371292887676173E-016 -7.1812022624738746E-018 -3.9824798780104764E-018 -3.7114622129912465E-016 -2.5449518824678898E-018 -3.4508430968075114E-016  2.0664893407572090E-016  2.7266828584416292E-001  5.8286708792817050E-016 -4.3112973321880889E-016 -3.4154395571960208E-016
-2.5706433509625749E-016  5.5511151231252995E-016  3.4402220716092041E-001  4.1961446169166618E-016  7.4593109467072741E-017  1.6653345369371212E-016  4.0055756149780175E-001 -1.0507869341992025E-016  4.4871324324646261E-017  1.0772903016325277E-016 -1.6828710530581714E-017 -7.9675442742932405E-017 -5.6753332406070337E-018 -4.7235250768509868E-017  8.6736173803626348E-019  2.7755575615625078E-016  2.7266828584416208E-001 -7.3596277729453578E-016 -9.0721283343889681E-016
-2.1724001888550476E-016  2.8433893250227231E-016  4.1961446169166618E-016  4.3155567203427669E-001  4.7079101016400864E-017  2.2116874693304511E-017  1.2140264721977519E-016  6.1589013490680045E-001  3.1619018717341048E-014  1.3790346446086647E-016 -5.3901564292862983E-017  2.9567134931361527E-014  7.5003987929119398E-017  2.9020321712981881E-014  1.2459882596422302E-017  2.0557967491935213E-016  4.2518804392408254E-017 -2.0221823462375005E-001 -1.1983926144152501E-001
 4.0055756149780308E-001  3.0964814046183630E-016  7.4593109467072741E-017  4.7079101016400864E-017  4.6638372969340175E-001  2.5587171270627706E-017 -1.2143064331759512E-017  2.7432537004763054E-017  1.0911616008277577E-017  1.4586320805189448E-017  2.1305478564188934E-017  9.0284335820127009E-018 -1.2981591105754397E-017 -3.8076694608563501E-017  3.1747759709138423E-001 -2.5261910618931131E-017 -4.2283884726881437E-017 -7.5922982722681189E-016 -8.7406161317779220E-016
-3.2049016218673907E-016  4.0055756149780253E-001  1.6653345369371212E-016  2.2116874693304511E-017  2.5587171270627706E-017  4.6638372969339814E-001  4.9960036108125201E-016  1.4802978349632166E-016 -3.8855409403452421E-016 -8.3613348411937812E-018 -4.6369460908190857E-018 -4.3213903715571564E-016 -2.9631799894062951E-018 -4.0179420607059913E-016  1.4636729328533670E-017  3.1747759709138318E-001  2.4980018054061358E-016  5.0548139658253014E-016  6.7556593600465054E-016
-3.7058030255548339E-016  9.4368957093132922E-016  4.0055756149780175E-001  1.2140264721977519E-016 -1.2143064331759512E-017  4.9960036108125201E-016  4.6638372969339903E-001 -6.5264364515322876E-016  5.2245314048109757E-017  1.2543282592373707E-016 -1.9594279418506044E-017 -9.2769014302174747E-017 -6.6079967985369331E-018 -5.4997719538877106E-017 -6.1257422745377604E-017  5.5511151231253547E-016  3.1747759709138346E-001 -1.1319350640406664E-015 -1.4660662614751905E-015
-3.4099791448371203E-016  4.9538758470146820E-016 -1.0507869341992025E-016  6.1589013490680045E-001  2.7432537004763054E-017  1.4802978349632166E-016 -6.5264364515322876E-016  8.7905078977839179E-001  4.5199119437232468E-014  1.9943871377722805E-016 -7.4048656496255897E-017  4.2265382709781011E-014  1.0618472375864163E-016  4.1487261060340926E-014  4.1397477304094581E-018  3.7155612633411247E-016 -4.8114556038282034E-016 -2.8222474169709721E-001 -1.6373747359210220E-001
 9.3715325428309672E-018 -3.3371292887676173E-016  4.4871324324646261E-017  3.1619018717341048E-014  1.0911616008277577E-017 -3.8855409403452421E-016  5.2245314048109757E-017  4.5199119437232468E-014  2.3786597699442609E-027  1.2307562191584127E-029 -1.5613759964336630E-030  2.2238542843697162E-027  4.7864569639397752E-030  2.1856405084615193E-027  7.4277754778746490E-018 -2.6449726321968683E-016  3.5564527034828708E-017 -9.5336544874809555E-015 -2.7340831271537369E-015
 1.2527583448917171E-017 -7.1812022624738746E-018  1.0772903016325277E-016  1.3790346446086647E-016  1.4586320805189448E-017 -8.3613348411937812E-018  1.2543282592373707E-016  1.9943871377722805E-016  1.2307562191584127E-029  1.5562083672746933E-031  6.2662355723583362E-032  1.1454779927388266E-029 -3.2942267375173325E-033  1.1354420559554779E-029  9.9292273396416917E-018 -5.6917433539195841E-018  8.5384865798875944E-017  1.2227429779218928E-016  1.7562447158351818E-016
 1.8298388208837305E-017 -3.9824798780104764E-018 -1.6828710530581714E-017 -5.3901564292862983E-017  2.1305478564188934E-017 -4.6369460908190857E-018 -1.9594279418506044E-017 -7.4048656496255897E-017 -1.5613759964336630E-030  6.2662355723583362E-032  1.0084625964501410E-031 -1.4722774122621126E-030 -3.7127193666136857E-032 -1.3356161208132755E-030  1.4503104865788370E-017 -3.1564705392345875E-018 -1.3338254210998448E-017  2.2956345182119022E-016  2.4881833761685330E-016
 7.7541455876395634E-018 -3.7114622129912465E-016 -7.9675442742932405E-017  2.9567134931361527E-014  9.0284335820127009E-018 -4.3213903715571564E-016 -9.2769014302174747E-017  4.2265382709781011E-014  2.2238542843697162E-027  1.1454779927388266E-029 -1.4722774122621126E-030  2.0791805977998258E-027  4.4839204780419516E-030  2.0434160815038100E-027  6.1458520454927865E-018 -2.9416648650193456E-016 -6.3149895397393865E-017 -8.9566172397375244E-015 -2.6043184387644837E-015
-1.1149347943807887E-017 -2.5449518824678898E-018 -5.6753332406070337E-018  7.5003987929119398E-017 -1.2981591105754397E-017 -2.9631799894062951E-018 -6.6079967985369331E-018  1.0618472375864163E-016  4.7864569639397752E-030 -3.2942267375173325E-033 -3.7127193666136857E-032  4.4839204780419516E-030  2.1689389736589503E-032  4.3679100497718365E-030 -8.8368527636828532E-018 -2.0171013757371163E-018 -4.4982078310628637E-018 -9.5976257113347252E-017 -9.0455426754567100E-017
-3.2702487182252290E-017 -3.4508430968075114E-016 -4.7235250768509868E-017  2.9020321712981881E-014 -3.8076694608563501E-017 -4.0179420607059913E-016 -5.4997719538877106E-017  4.1487261060340926E-014  2.1856405084615193E-027  1.1354420559554779E-029 -1.3356161208132755E-030  2.0434160815038100E-027  4.3679100497718365E-030  2.0084110244589865E-027 -2.5919638143148264E-017 -2.7351009683032253E-016 -3.7438149603076375E-017 -8.5400744085296815E-015 -2.2689729508959588E-015
 2.7266828584416208E-001  2.0664893407572090E-016  8.6736173803626348E-019  1.2459882596422302E-017  3.1747759709138423E-001  1.4636729328533670E-017 -6.1257422745377604E-017  4.1397477304094581E-018  7.4277754778746490E-018  9.9292273396416917E-018  1.4503104865788370E-017  6.1458520454927865E-018 -8.8368527636828532E-018 -2.5919638143148264E-017  2.1611393845402688E-001 -1.9190378453006331E-017 -6.6353172956076485E-017  4.4559175211199293E-016  5.0152875156576358E-016
-2.5836537770331069E-016  2.7266828584416292E-001  2.7755575615625078E-016  2.0557967491935213E-016 -2.5261910618931131E-017  3.1747759709138318E-001  5.5511151231253547E-016  3.7155612633411247E-016 -2.6449726321968683E-016 -5.6917433539195841E-018 -3.1564705392345875E-018 -2.9416648650193456E-016 -2.0171013757371163E-018 -2.7351009683032253E-016 -1.9190378453006331E-017  2.1611393845402702E-001  3.0531133177188891E-016  1.7557415220940361E-016  3.1626431103117772E-016
-2.8959040027083598E-016  5.8286708792817050E-016  2.7266828584416208E-001  4.2518804392408254E-017 -4.2283884726881437E-017  2.4980018054061358E-016  3.1747759709138346E-001 -4.8114556038282034E-016  3.5564527034828708E-017  8.5384865798875944E-017 -1.3338254210998448E-017 -6.3149895397393865E-017 -4.4982078310628637E-018 -3.7438149603076375E-017 -6.6353172956076485E-017  3.0531133177188891E-016  2.1611393845402699E-001  6.9610245669999955E-016  6.7035980367000393E-016
-3.0555947915869412E-016 -4.3112973321880889E-016 -7.3596277729453578E-016 -2.0221823462375005E-001 -7.5922982722681189E-016  5.0548139658253014E-016 -1.1319350640406664E-015 -2.8222474169709721E-001 -9.5336544874809555E-015  1.2227429779218928E-016  2.2956345182119022E-016 -8.9566172397375244E-015 -9.5976257113347252E-017 -8.5400744085296815E-015  4.4559175211199293E-016  1.7557415220940361E-016  6.9610245669999955E-016  5.4712836276424137E-001  5.7394344347024406E-001
-4.2072281830349195E-016 -3.4154395571960208E-016 -9.0721283343889681E-016 -1.1983926144152501E-001 -8.7406161317779220E-016  6.7556593600465054E-016 -1.4660662614751905E-015 -1.6373747359210220E-001 -2.7340831271537369E-015  1.7562447158351818E-016  2.4881833761685330E-016 -2.6043184387644837E-015 -9.0455426754567100E-017 -2.2689729508959588E-015  5.0152875156576358E-016  3.1626431103117772E-016  6.7035980367000393E-016  5.7394344347024406E-001  6.2594333949408709E-001
