 1.9211760869814315E-001  1.5739354344934890E-016  6.3881711306834216E-016 -5.7280049249559793E-016  2.4927735910986815E-001 -1.0474805797097306E-017  7.4361457205585586E-016 -5.1320142415598931E-016  1.9244104552953594E-017 -7.1025870246078408E-018  5.6791866077792361E-018  7.6086393025368893E-018  7.8073044758098409E-018  2.6142536165705544E-017  8.0379713119324708E-002 -1.3960460261539191E-017  2.8334607338368487E-016 -7.3618202190914930E-002  5.6902238385436747E-016  1.3847701197522484E-015  2.1467564000303038E-015  1.7330542391172754E-015 -4.0741629657443691E-002  3.3057196288642687E-016  8.1899276856807134E-016 -2.1430026809605421E-015 -1.1088063720954585E-015
 1.5739354344934890E-016  1.9211760869814296E-001 -6.0462451434429736E-016 -3.6660062358972922E-016  8.9130216088056265E-017  2.4927735910986795E-001 -2.8443063995699490E-016 -3.2800029353959448E-016 -8.4968904891791287E-017  2.4050437957089907E-019  6.7095528910583166E-018 -1.3066140048534946E-016  1.3308060498832725E-018 -1.1683295505502394E-016 -1.1481033930195089E-017  8.0379713119324694E-002 -1.0156970588120193E-016 -2.1709209513102759E-016 -7.3618202190911752E-002 -3.1992580340546147E-016  8.2087676041389326E-016  7.2692969458768224E-016 -1.2171264234655605E-016 -4.0741629657441943E-002 -2.1418039486267395E-016 -7.1450381773660924E-016 -3.4974379265923275E-016
 6.3881711306834216E-016 -6.0462451434429736E-016  1.9211760869814379E-001 -6.5657609000715963E-016  9.1695948752022717E-019  5.3494595094953016E-016  2.4927735910986748E-001  2.4086371699590393E-016 -2.3432816619686099E-016  5.1804159039376325E-017 -8.4475745153575289E-017 -3.7194985920272164E-016  6.2587635225666977E-018 -2.7834495318937810E-016  2.6399729976963131E-016 -9.6789323311226384E-017  8.0379713119325027E-002  1.1660458839816715E-015 -7.2424662701938709E-016 -7.3618202190910545E-002 -1.4359012874091537E-015 -8.8884103184746695E-016  7.1073518164610882E-016 -4.4348721760964520E-016 -4.0741629657441172E-002  2.1439325334756979E-015  1.2264364003186656E-015
-5.7280049249559793E-016 -3.6660062358972922E-016 -6.5657609000715963E-016  5.6040364646519547E-001  8.2138834185724883E-017  1.1222383182599829E-015 -1.1083131070041123E-015  7.1108221033176622E-001  2.0906786981700367E-016  6.0389159692135913E-016 -2.2781128737502852E-016  4.6439064354619357E-016  4.8224959560019227E-016  3.7185141381332756E-015  8.6524371678292523E-018 -1.1728387144461926E-016 -2.8709070754594752E-016 -1.5018033327591718E-015 -1.2520093348265949E-015  9.9088762246390690E-016 -4.2585452121286632E-001 -2.1443224496443852E-001 -8.4484058006239074E-016 -6.9087965987687810E-016  4.7329822471989752E-016  1.0437696522591872E-001  3.7450563338164052E-002
 2.4927735910986815E-001  8.9130216088056265E-017  9.1695948752022717E-019  8.2138834185724883E-017  3.2344367773682792E-001 -1.6323778941656907E-016 -1.0938088495964035E-016  9.7032232631809648E-017  2.5020680555952051E-017 -9.0530953525716434E-018  7.4019881661653029E-018  9.8101005146803629E-018  1.0083557710711884E-017  3.3842762278577443E-017  1.0431521523124719E-001 -1.4638887480518269E-016 -2.8212973407112512E-017 -9.5175392252682137E-002 -5.6643754713959897E-016  1.3012594474176319E-015 -1.6110252615394227E-015 -1.3866061666745343E-015 -5.2660045725528182E-002 -3.3888962421889073E-016  7.6344095975597886E-016  2.3150409089517085E-015  1.2740217842743596E-015
-1.0474805797097306E-017  2.4927735910986795E-001  5.3494595094953016E-016  1.1222383182599829E-015 -1.6323778941656907E-016  3.2344367773682781E-001  1.3443034525536900E-015  1.4658030099099353E-015 -1.1009418827000449E-016 -6.5147337310020171E-020  8.6917173191314397E-018 -1.6948400655562615E-016  1.7097780381199679E-018 -1.5150417546408175E-016 -7.5513192818023750E-017  1.0431521523124651E-001  5.4959935515903546E-016  2.9075930152309605E-016 -9.5175392252689714E-002  1.2599886706528329E-015 -1.9459985858513706E-015 -1.2622102674286572E-015  1.7538394356928674E-016 -5.2660045725532775E-002  7.2326792158698925E-016  1.1292723771059402E-015  5.3243023471897413E-016
 7.4361457205585586E-016 -2.8443063995699490E-016  2.4927735910986748E-001 -1.1083131070041123E-015 -1.0938088495964035E-016  1.3443034525536900E-015  3.2344367773682520E-001  2.9268441404953191E-016 -3.0397291023436565E-016  6.6947136585149300E-017 -1.0980210732200443E-016 -4.8258404273458545E-016  8.1072121788778632E-018 -3.6105117946657063E-016  3.0534521308972529E-016  1.7061291912699317E-016  1.0431521523124637E-001  1.5181540920214938E-015  3.3682140835152783E-016 -9.5175392252686411E-002  2.3829112797404664E-015  2.4954550850206021E-015  9.2241210329557110E-016  1.8081327641080355E-016 -5.2660045725530777E-002 -3.6418171367549554E-015 -1.9721875753285644E-015
-5.1320142415598931E-016 -3.2800029353959448E-016  2.4086371699590393E-016  7.1108221033176622E-001  9.7032232631809648E-017  1.4658030099099353E-015  2.9268441404953191E-016  9.0629235777570483E-001  2.3284956866736866E-015  5.5314385278301011E-016 -2.9901135790013106E-016  2.7806685562748684E-015  5.9168253654003449E-016  6.8545205950056860E-015  1.7082384853226357E-016  8.0097289948768789E-017 -5.8947407899571927E-017  1.6168569331400095E-015 -2.1565935011818693E-016 -1.0894233824777699E-015 -4.8780558820150660E-001 -2.2504823883090552E-001  9.8289233255910191E-016 -7.2260874895287570E-017 -7.5886644366608403E-016  1.0472120150674910E-001  3.7180530346602465E-002
 1.9244104552953594E-017 -8.4968904891791287E-017 -2.3432816619686099E-016  2.0906786981700367E-016  2.5020680555952051E-017 -1.1009418827000449E-016 -3.0397291023436565E-016  2.3284956866736866E-015  1.0649610233946396E-027 -1.0516015369202101E-028 -4.0788057250367806E-030  1.1275048675044219E-027 -1.0583907072505904E-029  1.1010670379981992E-027  1.6383173600043239E-017 -1.0205516991859929E-017 -8.5995878848133429E-017  1.3295915239728099E-016  4.5944550202064080E-016  2.9265833768444047E-016  2.6804296232288619E-014  2.4091332739234446E-014  7.8334142413525303E-017  2.6872118246394422E-016  1.6883207450159265E-016 -1.2176978379789980E-014 -3.9894236879340452E-015
-7.1025870246078408E-018  2.4050437957089907E-019  5.1804159039376325E-017  6.0389159692135913E-016 -9.0530953525716434E-018 -6.5147337310020171E-020  6.6947136585149300E-017  5.5314385278301011E-016 -1.0516015369202101E-028  1.8422508337855448E-029  1.8539699760789356E-030 -1.1473481294722222E-028  1.3048730382236176E-030 -1.0785708256200038E-028  2.3617472446968759E-017 -6.1549021418781783E-017 -2.2460865790605185E-017  4.5057177011645305E-016 -1.0384796891332408E-015 -7.6323476698201994E-016 -3.2676745378645717E-015 -2.7105363414870864E-015  2.6452021790226120E-016 -6.0987659925186402E-016 -4.4756129611273621E-016  3.5391690541183770E-015  1.8545631028584144E-015
 5.6791866077792361E-018  6.7095528910583166E-018 -8.4475745153575289E-017 -2.2781128737502852E-016  7.4019881661653029E-018  8.6917173191314397E-018 -1.0980210732200443E-016 -2.9901135790013106E-016 -4.0788057250367806E-030  1.8539699760789356E-030  7.2554384283102744E-031 -5.1832562170951978E-030 -2.1262808633512379E-031 -6.3643212639299924E-030  7.7863178672113524E-018  5.0374065300815040E-019 -6.6843509819739861E-017  8.8949986577100754E-017 -4.1369010883558203E-017 -4.9819323041910812E-016  3.7850512896938489E-017 -2.5506890305535905E-017  5.2312359829837569E-017 -2.4208182417089665E-017 -2.9367575471019143E-016  4.9930775400638298E-016  3.1647999297456587E-016
 7.6086393025368893E-018 -1.3066140048534946E-016 -3.7194985920272164E-016  4.6439064354619357E-016  9.8101005146803629E-018 -1.6948400655562615E-016 -4.8258404273458545E-016  2.7806685562748684E-015  1.1275048675044219E-027 -1.1473481294722222E-028 -5.1832562170951978E-030  1.1969241540748762E-027 -1.0731234912101017E-029  1.1695751081510881E-027 -6.9983547987257716E-018 -4.6103217930909285E-017 -1.5069686951015607E-016 -1.7440999118847019E-016  1.9431435735000345E-016  2.2544036532091227E-016  2.8302427735601158E-014  2.5483265153993718E-014 -1.0232899785493056E-016  1.1242169748648477E-016  1.2757040234919656E-016 -1.4425085716194755E-014 -5.2153167061288066E-015
 7.8073044758098409E-018  1.3308060498832725E-018  6.2587635225666977E-018  4.8224959560019227E-016  1.0083557710711884E-017  1.7097780381199679E-018  8.1072121788778632E-018  5.9168253654003449E-016 -1.0583907072505904E-029  1.3048730382236176E-030 -2.1262808633512379E-031 -1.0731234912101017E-029  5.5959703853715082E-031 -7.7056488549836709E-030 -4.3518577834103572E-018 -2.2176775211485982E-018  3.8136669107734721E-019 -1.3131020717313459E-016 -4.7241383921950287E-017 -4.0080719650532920E-017 -6.2962474555524004E-016 -4.2246200726894580E-016 -7.7014721983835201E-017 -2.7726713328044659E-017 -2.3457442597554359E-017  9.5812678146013414E-017 -2.1427772365289376E-018
 2.6142536165705544E-017 -1.1683295505502394E-016 -2.7834495318937810E-016  3.7185141381332756E-015  3.3842762278577443E-017 -1.5150417546408175E-016 -3.6105117946657063E-016  6.8545205950056860E-015  1.1010670379981992E-027 -1.0785708256200038E-028 -6.3643212639299924E-030  1.1695751081510881E-027 -7.7056488549836709E-030  1.1621041779188848E-027 -1.7819714414954108E-018 -3.4257258488004793E-017 -9.8756589314163613E-017 -2.2426014591329986E-016  2.9109128854047827E-016  4.0478104141112351E-016  2.5103934103516613E-014  2.3594045400263935E-014 -1.3136456201951391E-016  1.6943642243880917E-016  2.3410847107127804E-016 -1.3128567483124340E-014 -4.6555370196585586E-015
 8.0379713119324708E-002 -1.1481033930195089E-017  2.6399729976963131E-016  8.6524371678292523E-018  1.0431521523124719E-001 -7.5513192818023750E-017  3.0534521308972529E-016  1.7082384853226357E-016  1.6383173600043239E-017  2.3617472446968759E-017  7.7863178672113524E-018 -6.9983547987257716E-018 -4.3518577834103572E-018 -1.7819714414954108E-018  3.6987749799716363E-002 -2.5089201872318970E-017 -1.1687699419344722E-016  2.5756312997551982E-002  5.9634519201066652E-016 -1.2611439670274002E-015 -1.2746333035693595E-015 -8.4153289672104222E-016  1.6169228267519240E-002  3.3768098872439502E-016 -7.2121128513281489E-016  1.0701401363411876E-015  5.4823181600636081E-016
-1.3960460261539191E-017  8.0379713119324694E-002 -9.6789323311226384E-017 -1.1728387144461926E-016 -1.4638887480518269E-016  1.0431521523124651E-001  1.7061291912699317E-016  8.0097289948768789E-017 -1.0205516991859929E-017 -6.1549021418781783E-017  5.0374065300815040E-019 -4.6103217930909285E-017 -2.2176775211485982E-018 -3.4257258488004793E-017 -2.5089201872318970E-017  3.6987749799717064E-002 -3.2446452874587285E-017 -1.3839111098975280E-016  2.5756312997558890E-002 -7.7218235298340452E-016  1.4155932350804094E-015  1.2359324465745643E-015 -9.4474606485890112E-017  1.6169228267523705E-002 -4.1416526796052413E-016 -2.3135234719666590E-015 -1.3027836202322402E-015
 2.8334607338368487E-016 -1.0156970588120193E-016  8.0379713119325027E-002 -2.8709070754594752E-016 -2.8212973407112512E-017  5.4959935515903546E-016  1.0431521523124637E-001 -5.8947407899571927E-017 -8.5995878848133429E-017 -2.2460865790605185E-017 -6.6843509819739861E-017 -1.5069686951015607E-016  3.8136669107734721E-019 -9.8756589314163613E-017 -1.1687699419344722E-016 -3.2446452874587285E-017  3.6987749799716987E-002 -1.5144135945198782E-015 -7.5128263515922661E-016  2.5756312997557717E-002 -9.8458626922321317E-016 -6.9414059566002066E-016 -8.2529469369133773E-016 -4.3603666780040616E-016  1.6169228267522678E-002  2.2409487667236726E-015  1.3319536840669513E-015
-7.3618202190914930E-002 -2.1709209513102759E-016  1.1660458839816715E-015 -1.5018033327591718E-015 -9.5175392252682137E-002  2.9075930152309605E-016  1.5181540920214938E-015  1.6168569331400095E-015  1.3295915239728099E-016  4.5057177011645305E-016  8.8949986577100754E-017 -1.7440999118847019E-016 -1.3131020717313459E-016 -2.2426014591329986E-016  2.5756312997551982E-002 -1.3839111098975280E-016 -1.5144135945198782E-015  9.8082512544848666E-001  3.4282533294635687E-016  6.5485811230559677E-016 -1.1146645242270627E-015  3.3599730721871420E-015  5.7506498415759144E-001  3.1743705410330971E-017  6.3577615401849566E-016 -2.4065260199527839E-015 -1.1620578617473257E-015
 5.6902238385436747E-016 -7.3618202190911752E-002 -7.2424662701938709E-016 -1.2520093348265949E-015 -5.6643754713959897E-016 -9.5175392252689714E-002  3.3682140835152783E-016 -2.1565935011818693E-016  4.5944550202064080E-016 -1.0384796891332408E-015 -4.1369010883558203E-017  1.9431435735000345E-016 -4.7241383921950287E-017  2.9109128854047827E-016  5.9634519201066652E-016  2.5756312997558890E-002 -7.5128263515922661E-016  3.4282533294635687E-016  9.8082512544847844E-001 -1.4098054343252320E-016 -1.6699514215450692E-016 -7.4065774232942914E-016 -3.8346612273737642E-017  5.7506498415759433E-001  7.2836788307726024E-016  2.6017119285580304E-015  1.4567926579944311E-015
 1.3847701197522484E-015 -3.1992580340546147E-016 -7.3618202190910545E-002  9.9088762246390690E-016  1.3012594474176319E-015  1.2599886706528329E-015 -9.5175392252686411E-002 -1.0894233824777699E-015  2.9265833768444047E-016 -7.6323476698201994E-016 -4.9819323041910812E-016  2.2544036532091227E-016 -4.0080719650532920E-017  4.0478104141112351E-016 -1.2611439670274002E-015 -7.7218235298340452E-016  2.5756312997557717E-002  6.5485811230559677E-016 -1.4098054343252320E-016  9.8082512544848088E-001 -2.9498446711655744E-017  1.4936886451442215E-016  1.3487475026450565E-015  9.9029189424471971E-017  5.7506498415758966E-001  9.6858450070822338E-016  7.0999377600506494E-016
 2.1467564000303038E-015  8.2087676041389326E-016 -1.4359012874091537E-015 -4.2585452121286632E-001 -1.6110252615394227E-015 -1.9459985858513706E-015  2.3829112797404664E-015 -4.8780558820150660E-001  2.6804296232288619E-014 -3.2676745378645717E-015  3.7850512896938489E-017  2.8302427735601158E-014 -6.2962474555524004E-016  2.5103934103516613E-014 -1.2746333035693595E-015  1.4155932350804094E-015 -9.8458626922321317E-016 -1.1146645242270627E-015 -1.6699514215450692E-016 -2.9498446711655744E-017  1.0110299182224489E+000  7.7811362220584945E-001 -8.8543231992082277E-016 -1.4888765618775288E-016  1.1268537451274493E-016 -4.5109113615687135E-001 -1.6965572741693194E-001
 1.7330542391172754E-015  7.2692969458768224E-016 -8.8884103184746695E-016 -2.1443224496443852E-001 -1.3866061666745343E-015 -1.2622102674286572E-015  2.4954550850206021E-015 -2.2504823883090552E-001  2.4091332739234446E-014 -2.7105363414870864E-015 -2.5506890305535905E-017  2.5483265153993718E-014 -4.2246200726894580E-016  2.3594045400263935E-014 -8.4153289672104222E-016  1.2359324465745643E-015 -6.9414059566002066E-016  3.3599730721871420E-015 -7.4065774232942914E-016  1.4936886451442215E-016  7.7811362220584945E-001  6.3282136705861014E-001  1.7909015727522320E-015 -5.0607322379567886E-016  1.6427112004517959E-016 -3.5772026196408246E-001 -1.3101152103027666E-001
-4.0741629657443691E-002 -1.2171264234655605E-016  7.1073518164610882E-016 -8.4484058006239074E-016 -5.2660045725528182E-002  1.7538394356928674E-016  9.2241210329557110E-016  9.8289233255910191E-016  7.8334142413525303E-017  2.6452021790226120E-016  5.2312359829837569E-017 -1.0232899785493056E-016 -7.7014721983835201E-017 -1.3136456201951391E-016  1.6169228267519240E-002 -9.4474606485890112E-017 -8.2529469369133773E-016  5.7506498415759144E-001 -3.8346612273737642E-017  1.3487475026450565E-015 -8.8543231992082277E-016  1.7909015727522320E-015  3.3719624821966460E-001 -1.2211624698033345E-016  9.2504129360753636E-016 -5.6186819261879183E-016 -1.6165374873188101E-016
 3.3057196288642687E-016 -4.0741629657441943E-002 -4.4348721760964520E-016 -6.9087965987687810E-016 -3.3888962421889073E-016 -5.2660045725532775E-002  1.8081327641080355E-016 -7.2260874895287570E-017  2.6872118246394422E-016 -6.0987659925186402E-016 -2.4208182417089665E-017  1.1242169748648477E-016 -2.7726713328044659E-017  1.6943642243880917E-016  3.3768098872439502E-016  1.6169228267523705E-002 -4.3603666780040616E-016  3.1743705410330971E-017  5.7506498415759433E-001  9.9029189424471971E-017 -1.4888765618775288E-016 -5.0607322379567886E-016 -1.2211624698033345E-016  3.3719624821967087E-001  5.3406402387353435E-016 -7.0644319558866833E-016 -5.9834180779741195E-016
 8.1899276856807134E-016 -2.1418039486267395E-016 -4.0741629657441172E-002  4.7329822471989752E-016  7.6344095975597886E-016  7.2326792158698925E-016 -5.2660045725530777E-002 -7.5886644366608403E-016  1.6883207450159265E-016 -4.4756129611273621E-016 -2.9367575471019143E-016  1.2757040234919656E-016 -2.3457442597554359E-017  2.3410847107127804E-016 -7.2121128513281489E-016 -4.1416526796052413E-016  1.6169228267522678E-002  6.3577615401849566E-016  7.2836788307726024E-016  5.7506498415758966E-001  1.1268537451274493E-016  1.6427112004517959E-016  9.2504129360753636E-016  5.3406402387353435E-016  3.3719624821966460E-001 -3.0999654642081480E-016 -1.3921326728249231E-016
-2.1430026809605421E-015 -7.1450381773660924E-016  2.1439325334756979E-015  1.0437696522591872E-001  2.3150409089517085E-015  1.1292723771059402E-015 -3.6418171367549554E-015  1.0472120150674910E-001 -1.2176978379789980E-014  3.5391690541183770E-015  4.9930775400638298E-016 -1.4425085716194755E-014  9.5812678146013414E-017 -1.3128567483124340E-014  1.0701401363411876E-015 -2.3135234719666590E-015  2.2409487667236726E-015 -2.4065260199527839E-015  2.6017119285580304E-015  9.6858450070822338E-016 -4.5109113615687135E-001 -3.5772026196408246E-001 -5.6186819261879183E-016 -7.0644319558866833E-016 -3.0999654642081480E-016  1.0554541706860872E+000  6.2488082254682220E-001
-1.1088063720954585E-015 -3.4974379265923275E-016  1.2264364003186656E-015  3.7450563338164052E-002  1.2740217842743596E-015  5.3243023471897413E-016 -1.9721875753285644E-015  3.7180530346602465E-002 -3.9894236879340452E-015  1.8545631028584144E-015  3.1647999297456587E-016 -5.2153167061288066E-015 -2.1427772365289376E-018 -4.6555370196585586E-015  5.4823181600636081E-016 -1.3027836202322402E-015  1.3319536840669513E-015 -1.1620578617473257E-015  1.4567926579944311E-015  7.0999377600506494E-016 -1.6965572741693194E-001 -1.3101152103027666E-001 -1.6165374873188101E-016 -5.9834180779741195E-016 -1.3921326728249231E-016  6.2488082254682220E-001  3.8274610620497895E-001
