 1.3395648207306102E-001 -4.4771241997825987E-016 -9.0335322670864384E-017  1.9488733641282778E-015  2.5777279323045454E-001  1.4859143336276635E-016  8.2270192584464033E-017  1.9437218655519246E-015  6.1548770240805051E-017  5.3985374859072357E-017  2.8959599296154250E-017  8.2070887241729130E-017 -2.3253237182515411E-017  4.3752986710820056E-017  1.1258417023460313E-001 -2.5916863826279899E-017  4.3080095697504949E-017 -4.5068767983125470E-015 -8.0027591376951840E-002  6.1539277108694444E-016  9.4976110312442773E-017 -3.7703669032618234E-015 -4.0051965484020416E-002  3.2467540644886121E-016  4.7352529884723616E-017  4.2977415576818502E-015  2.1212343138950914E-015
-4.4771241997825987E-016  1.3395648207306060E-001  2.5336724246898924E-017 -1.8267356729109336E-015 -7.8178933106902836E-016  2.5777279323045382E-001  4.3101885529668359E-016 -3.5456502395251388E-015  1.0363870474017910E-016  3.5537042011560651E-017  2.1735787455484700E-017  1.1854007707120118E-016  8.8873683894468789E-018  1.5442186080212778E-016 -3.8582973162679300E-016  1.1258417023460358E-001  1.2794173033886324E-016  4.0598046561566201E-016 -1.3928755234601799E-016 -8.0027591376950855E-002  3.1331931484427684E-016 -3.8226412326484997E-016 -8.3789502026071688E-017 -4.0051965484019854E-002  1.6582720192839179E-016  1.6124424844697833E-015  9.2639906192216885E-016
-9.0335322670864384E-017  2.5336724246898924E-017  1.3395648207305874E-001 -1.2268995890591622E-015 -2.3558252076272216E-016 -3.2429984322656702E-016  2.5777279323045316E-001 -1.5167094434156686E-015  1.0416031270732959E-016  2.1926543929909269E-017 -2.5757940615861003E-017  7.6940854732166949E-017  4.4329283704458416E-018  1.3535634844011713E-016 -7.5023402204475794E-017 -3.2196353688299906E-016  1.1258417023460215E-001  6.6579125309100099E-015 -1.6539504141653491E-016 -9.4012985248387152E-016 -8.0027591376953228E-002  5.5263345664507420E-015 -7.7710190714938870E-017 -4.9392421109758249E-016 -4.0051965484021110E-002 -7.2806966290084957E-015 -3.6952477020357020E-015
 1.9488733641282778E-015 -1.8267356729109336E-015 -1.2268995890591622E-015  4.4593453769719893E-001 -1.7903321497073574E-016  8.3488743376048723E-016 -3.1407745338034504E-016  6.9301804730644279E-001 -2.0307042131103887E-017 -1.7335072491177135E-016  6.7777715339792387E-017 -7.8918758638665512E-015 -1.9594956221661127E-017 -5.3802749126805960E-015  1.6455048870735129E-015 -8.7457149034915956E-016  8.2920237683896810E-016 -3.8155534171709016E-001 -5.5444663512753838E-016 -3.7659419968435210E-016  1.4572084672460966E-015 -2.1186777702089971E-001 -1.3251968564811978E-016 -1.3599501713524166E-016  8.2720378552546411E-016  1.0054463290356135E-001  3.4840005170884002E-002
 2.5777279323045454E-001 -7.8178933106902836E-016 -2.3558252076272216E-016 -1.7903321497073574E-016  4.9607688978543296E-001  4.4429809892727163E-016  3.6181012340998388E-018 -1.5073116039587162E-015  1.1655063927095489E-016  1.0180461719600404E-016  5.6685242677637384E-017  1.5641421001117783E-016 -4.2345296453275216E-017  8.6093529601038382E-017  2.1622109789709493E-001 -1.0817713078349695E-016 -3.2593827809419847E-017  5.6750282999845065E-015 -1.6071542117530579E-001 -8.7932182324997068E-016 -4.2132096421398371E-016  4.4957715545133768E-015 -8.0602612263347848E-002 -4.5807367861916722E-016 -2.2361669806783044E-016 -5.9551952434863395E-015 -3.0150839010357087E-015
 1.4859143336276635E-016  2.5777279323045382E-001 -3.2429984322656702E-016  8.3488743376048723E-016  4.4429809892727163E-016  4.9607688978543163E-001  1.1327695585145349E-016  9.7328966941110621E-017  1.9879252748299873E-016  7.0578456734175546E-017  4.4313871046031741E-017  2.2934243636764155E-016  1.7989058889092938E-017  3.0130756386535780E-016  1.8713560556287141E-016  2.1622109789709537E-001 -2.1748954360879562E-016 -7.1708186955460052E-016  3.9611881444483434E-016 -1.6071542117531068E-001 -1.3713609172154067E-015 -8.4176561897029026E-016  2.0252589565780883E-016 -8.0602612263350332E-002 -7.2625541841063926E-016 -2.3710842658805683E-016 -2.7083065580604450E-016
 8.2270192584464033E-017  4.3101885529668359E-016  2.5777279323045316E-001 -3.1407745338034504E-016  3.6181012340998388E-018  1.1327695585145349E-016  4.9607688978543574E-001 -1.2159855021973915E-015  1.9892812355715524E-016  4.2935970355653477E-017 -5.1688256265472497E-017  1.4740439232811410E-016  1.3229904018120807E-017  2.5963126102920662E-016  2.3838895269044480E-017 -1.7937882833805598E-016  2.1622109789709582E-001 -8.3144547681418657E-015 -4.8604783390159685E-016 -1.0837522446600035E-016 -1.6071542117530557E-001 -7.7565805267173859E-015 -2.2632720349391517E-016 -4.8112711844328076E-017 -8.0602612263347626E-002  1.0311679851412725E-014  5.2353711067635115E-015
 1.9437218655519246E-015 -3.5456502395251388E-015 -1.5167094434156686E-015  6.9301804730644279E-001 -1.5073116039587162E-015  9.7328966941110621E-017 -1.2159855021973915E-015  1.0811247389468595E+000  7.8320346140701522E-016 -2.3667238866952970E-016  6.1407550597134838E-017 -1.1779679884543358E-014 -4.6063421784837405E-017 -7.8970388783595413E-015  1.5164223646063658E-015 -1.7217058875517919E-015  1.5504607887370367E-015 -5.4021946716940805E-001 -1.4877139692151263E-015  1.3283242478096018E-015 -1.0439634308118198E-015 -2.8111870685984097E-001 -6.3457986166069989E-016  8.1135968868106351E-016 -3.2351210720946565E-016  1.2764394269286938E-001  4.3788487143086363E-002
 6.1548770240805051E-017  1.0363870474017910E-016  1.0416031270732959E-016 -2.0307042131103887E-017  1.1655063927095489E-016  1.9879252748299873E-016  1.9892812355715524E-016  7.8320346140701522E-016  1.6725245095620342E-028  7.9109453046412732E-030 -9.9146491144061149E-030  9.9477918689727936E-029 -3.4990210283023856E-030  9.4639492956663577E-029  6.9934589328979010E-017  9.3272555956404392E-017  1.0208308089633772E-016  1.0480780874281082E-014  2.5108040280762909E-016  3.5623709401865987E-017  1.6768391664366504E-016  9.5136302857069857E-015  1.3286881703217545E-016  2.0271589515674457E-017  8.9679768801756044E-017 -7.9005098534439027E-015 -3.4501032718267096E-015
 5.3985374859072357E-017  3.5537042011560651E-017  2.1926543929909269E-017 -1.7335072491177135E-016  1.0180461719600404E-016  7.0578456734175546E-017  4.2935970355653477E-017 -2.3667238866952970E-016  7.9109453046412732E-030  8.8845137532379644E-031 -6.0259782533993221E-031  7.7981369211177076E-030 -1.4377625637194909E-031  6.5219039904788744E-030  6.5427220456763868E-017  8.7044705475383374E-018  1.1266092619736572E-017  5.7429995970931333E-016  2.8483834748815507E-016 -3.5583454796697541E-016 -1.2633986217034587E-016  4.6063912603087326E-016  1.5049615658116554E-016 -1.8646673997050409E-016 -6.6066161050503075E-017 -7.8221826224287634E-016 -4.1870876498262034E-016
 2.8959599296154250E-017  2.1735787455484700E-017 -2.5757940615861003E-017  6.7777715339792387E-017  5.6685242677637384E-017  4.4313871046031741E-017 -5.1688256265472497E-017  6.1407550597134838E-017 -9.9146491144061149E-030 -6.0259782533993221E-031  1.0191216482206732E-030 -6.9075191012917193E-030  6.3806592313614946E-032 -5.9601845025774537E-030  1.5098358626798022E-017 -5.7224347140766465E-018 -1.1823696566565925E-018 -6.2682738956275368E-016 -1.6340764974585806E-016 -3.9229656279060128E-016  3.3897562476327614E-016 -5.4164576457690107E-016 -8.5440826312288692E-017 -2.0583477195050145E-016  1.7775333668128768E-016  7.9760154059744440E-016  4.1445883570429970E-016
 8.2070887241729130E-017  1.1854007707120118E-016  7.6940854732166949E-017 -7.8918758638665512E-015  1.5641421001117783E-016  2.2934243636764155E-016  1.4740439232811410E-016 -1.1779679884543358E-014  9.9477918689727936E-029  7.7981369211177076E-030 -6.9075191012917193E-030  1.9855182743461185E-028 -1.6912146119767776E-030  1.5142023938941018E-028  8.3587162777292977E-017  8.7712758863975014E-017  7.0963444544310561E-017  1.2977600856611164E-014  1.8197479175734699E-016 -2.5919994914659115E-016  5.3615949334104833E-017  9.4076156381842595E-015  9.6859428504165306E-017 -1.3444140479001892E-016  2.9327444108609393E-017 -6.2896141957855880E-015 -2.5505938826660363E-015
-2.3253237182515411E-017  8.8873683894468789E-018  4.4329283704458416E-018 -1.9594956221661127E-017 -4.2345296453275216E-017  1.7989058889092938E-017  1.3229904018120807E-017 -4.6063421784837405E-017 -3.4990210283023856E-030 -1.4377625637194909E-031  6.3806592313614946E-032 -1.6912146119767776E-030  7.1794701569727960E-031 -1.4748987429364199E-030 -4.2697732638311251E-017 -1.0853564605180071E-018 -4.1596490347124187E-017 -1.8384602168990951E-016 -3.5220340107209526E-016 -1.4056894116744135E-016 -7.1923670989470238E-016 -1.7271315117701412E-016 -1.8543808871289789E-016 -7.3738922722250541E-017 -3.7790747056531870E-016  1.5645847936647583E-016  7.0545294185002300E-017
 4.3752986710820056E-017  1.5442186080212778E-016  1.3535634844011713E-016 -5.3802749126805960E-015  8.6093529601038382E-017  3.0130756386535780E-016  2.5963126102920662E-016 -7.8970388783595413E-015  9.4639492956663577E-029  6.5219039904788744E-030 -5.9601845025774537E-030  1.5142023938941018E-028 -1.4748987429364199E-030  1.1908990420365977E-028  1.8453453723918012E-017  8.9731757146677148E-017  1.2181615745741105E-016  1.0562236544514278E-014 -3.1577853912218077E-016 -7.2552548216068628E-016  4.6501017717819145E-017  7.9753793711680852E-015 -1.6529355436363710E-016 -3.7896828895698811E-016  2.6462384435769794E-017 -5.3765067540984709E-015 -2.1750231262819343E-015
 1.1258417023460313E-001 -3.8582973162679300E-016 -7.5023402204475794E-017  1.6455048870735129E-015  2.1622109789709493E-001  1.8713560556287141E-016  2.3838895269044480E-017  1.5164223646063658E-015  6.9934589328979010E-017  6.5427220456763868E-017  1.5098358626798022E-017  8.3587162777292977E-017 -4.2697732638311251E-017  1.8453453723918012E-017  9.8719418566952960E-002 -5.5368698811672517E-017  1.5579985215875557E-016 -4.3992924789836349E-015 -2.4710785347437647E-003  4.4990484528917520E-016  8.6562701408415544E-016 -3.7882381240271355E-015  3.8582683811405616E-004  2.3365907350895488E-016  4.8312048783449533E-016  5.2519312886899457E-015  2.7136947015859122E-015
-2.5916863826279899E-017  1.1258417023460358E-001 -3.2196353688299906E-016 -8.7457149034915956E-016 -1.0817713078349695E-016  2.1622109789709537E-001 -1.7937882833805598E-016 -1.7217058875517919E-015  9.3272555956404392E-017  8.7044705475383374E-018 -5.7224347140766465E-018  8.7712758863975014E-017 -1.0853564605180071E-018  8.9731757146677148E-017 -5.5368698811672517E-017  9.8719418566954292E-002 -4.1196736330324571E-017  1.4500370367698194E-015 -6.6155780216351162E-016 -2.4710785347411696E-003  9.7215944385590488E-016  9.2509570102112144E-016 -3.4770076017960196E-016  3.8582683811549945E-004  5.2843269247525856E-016 -2.3617633016539908E-016 -9.9274879759816401E-018
 4.3080095697504949E-017  1.2794173033886324E-016  1.1258417023460215E-001  8.2920237683896810E-016 -3.2593827809419847E-017 -2.1748954360879562E-016  2.1622109789709582E-001  1.5504607887370367E-015  1.0208308089633772E-016  1.1266092619736572E-017 -1.1823696566565925E-018  7.0963444544310561E-017 -4.1596490347124187E-017  1.2181615745741105E-016  1.5579985215875557E-016 -4.1196736330324571E-017  9.8719418566953099E-002  5.7300820387925875E-015  1.0165479564861044E-015  8.8218632092718640E-016 -2.4710785347442643E-003  5.3986094538447153E-015  5.4296844775161045E-016  4.3768962853604010E-016  3.8582683811374391E-004 -7.9762588961707691E-015 -4.1322278217382235E-015
-4.5068767983125470E-015  4.0598046561566201E-016  6.6579125309100099E-015 -3.8155534171709016E-001  5.6750282999845065E-015 -7.1708186955460052E-016 -8.3144547681418657E-015 -5.4021946716940805E-001  1.0480780874281082E-014  5.7429995970931333E-016 -6.2682738956275368E-016  1.2977600856611164E-014 -1.8384602168990951E-016  1.0562236544514278E-014 -4.3992924789836349E-015  1.4500370367698194E-015  5.7300820387925875E-015  1.0021043512556378E+000  2.6795143591729019E-015 -4.5975705632132421E-016 -3.6342372663391791E-015  7.9766564370236859E-001  1.2321606445279875E-016  5.7932636138889095E-017 -2.3390510726418313E-016 -4.6396428922752359E-001 -1.6965642043416101E-001
-8.0027591376951840E-002 -1.3928755234601799E-016 -1.6539504141653491E-016 -5.5444663512753838E-016 -1.6071542117530579E-001  3.9611881444483434E-016 -4.8604783390159685E-016 -1.4877139692151263E-015  2.5108040280762909E-016  2.8483834748815507E-016 -1.6340764974585806E-016  1.8197479175734699E-016 -3.5220340107209526E-016 -3.1577853912218077E-016 -2.4710785347437647E-003 -6.6155780216351162E-016  1.0165479564861044E-015  2.6795143591729019E-015  1.0721783268119829E+000 -1.8836422851006448E-016 -1.0720591149766691E-015  9.8598021928191930E-016  5.6225459260861499E-001 -1.6438279163695943E-016 -1.1969592342760179E-016 -3.2007376779888816E-015 -1.8045341571313363E-015
 6.1539277108694444E-016 -8.0027591376950855E-002 -9.4012985248387152E-016 -3.7659419968435210E-016 -8.7932182324997068E-016 -1.6071542117531068E-001 -1.0837522446600035E-016  1.3283242478096018E-015  3.5623709401865987E-017 -3.5583454796697541E-016 -3.9229656279060128E-016 -2.5919994914659115E-016 -1.4056894116744135E-016 -7.2552548216068628E-016  4.4990484528917520E-016 -2.4710785347411696E-003  8.8218632092718640E-016 -4.5975705632132421E-016 -1.8836422851006448E-016  1.0721783268119802E+000  8.3896125670313403E-016  3.6849606757982709E-016 -3.0207620213085929E-017  5.6225459260861421E-001  7.6935459660212160E-016 -1.9772360882383561E-016 -1.6415893340008742E-017
 9.4976110312442773E-017  3.1331931484427684E-016 -8.0027591376953228E-002  1.4572084672460966E-015 -4.2132096421398371E-016 -1.3713609172154067E-015 -1.6071542117530557E-001 -1.0439634308118198E-015  1.6768391664366504E-016 -1.2633986217034587E-016  3.3897562476327614E-016  5.3615949334104833E-017 -7.1923670989470238E-016  4.6501017717819145E-017  8.6562701408415544E-016  9.7215944385590488E-016 -2.4710785347442643E-003 -3.6342372663391791E-015 -1.0720591149766691E-015  8.3896125670313403E-016  1.0721783268119855E+000 -1.3230171961301133E-015 -5.3949900461181976E-016  8.9413178801735238E-018  5.6225459260861510E-001  5.0843608794700325E-015  2.8978541427363656E-015
-3.7703669032618234E-015 -3.8226412326484997E-016  5.5263345664507420E-015 -2.1186777702089971E-001  4.4957715545133768E-015 -8.4176561897029026E-016 -7.7565805267173859E-015 -2.8111870685984097E-001  9.5136302857069857E-015  4.6063912603087326E-016 -5.4164576457690107E-016  9.4076156381842595E-015 -1.7271315117701412E-016  7.9753793711680852E-015 -3.7882381240271355E-015  9.2509570102112144E-016  5.3986094538447153E-015  7.9766564370236859E-001  9.8598021928191930E-016  3.6849606757982709E-016 -1.3230171961301133E-015  6.6335160667798654E-001 -5.5072993877757935E-016  4.5906053229901709E-016  7.6068238939983771E-016 -3.7502732721924753E-001 -1.3312521059603466E-001
-4.0051965484020416E-002 -8.3789502026071688E-017 -7.7710190714938870E-017 -1.3251968564811978E-016 -8.0602612263347848E-002  2.0252589565780883E-016 -2.2632720349391517E-016 -6.3457986166069989E-016  1.3286881703217545E-016  1.5049615658116554E-016 -8.5440826312288692E-017  9.6859428504165306E-017 -1.8543808871289789E-016 -1.6529355436363710E-016  3.8582683811405616E-004 -3.4770076017960196E-016  5.4296844775161045E-016  1.2321606445279875E-016  5.6225459260861499E-001 -3.0207620213085929E-017 -5.3949900461181976E-016 -5.5072993877757935E-016  2.9487720042936288E-001 -5.0279543677872256E-017 -4.8572259210086705E-017  1.8928076615197091E-015  1.1198462801119555E-015
 3.2467540644886121E-016 -4.0051965484019854E-002 -4.9392421109758249E-016 -1.3599501713524166E-016 -4.5807367861916722E-016 -8.0602612263350332E-002 -4.8112711844328076E-017  8.1135968868106351E-016  2.0271589515674457E-017 -1.8646673997050409E-016 -2.0583477195050145E-016 -1.3444140479001892E-016 -7.3738922722250541E-017 -3.7896828895698811E-016  2.3365907350895488E-016  3.8582683811549945E-004  4.3768962853604010E-016  5.7932636138889095E-017 -1.6438279163695943E-016  5.6225459260861421E-001  8.9413178801735238E-018  4.5906053229901709E-016 -5.0279543677872256E-017  2.9487720042936288E-001  1.7732685032549689E-016 -1.4318011153396175E-015 -7.9600948263189792E-016
 4.7352529884723616E-017  1.6582720192839179E-016 -4.0051965484021110E-002  8.2720378552546411E-016 -2.2361669806783044E-016 -7.2625541841063926E-016 -8.0602612263347626E-002 -3.2351210720946565E-016  8.9679768801756044E-017 -6.6066161050503075E-017  1.7775333668128768E-016  2.9327444108609393E-017 -3.7790747056531870E-016  2.6462384435769794E-017  4.8312048783449533E-016  5.2843269247525856E-016  3.8582683811374391E-004 -2.3390510726418313E-016 -1.1969592342760179E-016  7.6935459660212160E-016  5.6225459260861510E-001  7.6068238939983771E-016 -4.8572259210086705E-017  1.7732685032549689E-016  2.9487720042936227E-001 -2.6937953032041536E-015 -1.6009660727116776E-015
 4.2977415576818502E-015  1.6124424844697833E-015 -7.2806966290084957E-015  1.0054463290356135E-001 -5.9551952434863395E-015 -2.3710842658805683E-016  1.0311679851412725E-014  1.2764394269286938E-001 -7.9005098534439027E-015 -7.8221826224287634E-016  7.9760154059744440E-016 -6.2896141957855880E-015  1.5645847936647583E-016 -5.3765067540984709E-015  5.2519312886899457E-015 -2.3617633016539908E-016 -7.9762588961707691E-015 -4.6396428922752359E-001 -3.2007376779888816E-015 -1.9772360882383561E-016  5.0843608794700325E-015 -3.7502732721924753E-001  1.8928076615197091E-015 -1.4318011153396175E-015 -2.6937953032041536E-015  1.0900780891612580E+000  6.2356177956447734E-001
 2.1212343138950914E-015  9.2639906192216885E-016 -3.6952477020357020E-015  3.4840005170884002E-002 -3.0150839010357087E-015 -2.7083065580604450E-016  5.2353711067635115E-015  4.3788487143086363E-002 -3.4501032718267096E-015 -4.1870876498262034E-016  4.1445883570429970E-016 -2.5505938826660363E-015  7.0545294185002300E-017 -2.1750231262819343E-015  2.7136947015859122E-015 -9.9274879759816401E-018 -4.1322278217382235E-015 -1.6965642043416101E-001 -1.8045341571313363E-015 -1.6415893340008742E-017  2.8978541427363656E-015 -1.3312521059603466E-001  1.1198462801119555E-015 -7.9600948263189792E-016 -1.6009660727116776E-015  6.2356177956447734E-001  3.6914976035304120E-001
