 2.7130816152064652E-001 -1.9748422350705505E-015  2.5725871327583859E-015 -4.7995633865990230E-015  3.2160847946085341E-001 -1.5138422919399673E-015 -2.6101593437769496E-015 -3.5657275693725694E-016  4.2222737934990049E-017 -4.2749330340275400E-017 -2.3274608329206723E-016  3.1869964999288282E-017  7.9652930332242588E-017 -1.0254096745367255E-014  1.2546000603223537E-001 -4.7501691098905511E-016  1.1400927944774939E-015 -1.3720710680754511E-016 -1.2174911589562595E-016 -1.3840873831687271E-016 -3.3649577314864706E-016 -1.2934010546818005E-016  2.6249835469739071E-016 -6.5075259482549816E-002  8.5108632417824435E-016 -2.1616280813915299E-017 -6.8937302285415935E-015 -1.5658294761904265E-001  2.9869127187398595E-015  1.8486189141974483E-015  4.8359960538890949E-016 -3.0347699819105497E-016 -6.6453510647449220E-016  4.3349118658836379E-016 -2.3873150516158032E-016  2.3663524289244700E-015 -4.5186597342560789E-015  6.0754374922406866E-002  1.1911210703534015E-015 -1.0573681687211571E-016  1.2019614777718547E-014  1.0833750075653316E-014 -8.6056482689807081E-015  7.7105837818593446E-003  1.9016880170035409E-016 -2.9713915790264397E-018 -3.5583021270170612E-015
-1.9748422350705505E-015  2.7130816152059711E-001 -1.5938953459450701E-015 -5.5533718394098794E-016  1.5994449821714910E-015  3.2160847946084142E-001  5.9829214772365224E-016 -3.1167024454851498E-016  1.8031926957794297E-018 -1.0023340720938111E-016 -2.0416509831702084E-016 -1.0795796761443583E-016 -6.0129995519326366E-016  2.2334205997948613E-015 -1.0677243879417942E-015  1.2546000603223315E-001 -1.4011908843613787E-015 -6.9280397562984125E-016  6.2553347669374333E-016 -2.6139076497227672E-016 -5.8942031474792676E-016 -5.6353381712096674E-017 -6.0511616175328701E-016  3.5557378338559846E-016 -6.5075259482553535E-002 -2.7830750471042718E-015 -1.5948232150482353E-016 -3.0513288284996524E-016 -1.5658294761904273E-001 -1.0423955031486019E-014 -1.3024648431163413E-015  2.0226982247848775E-015 -6.1244909709890327E-016 -9.6215840671879275E-016  2.6563217890639674E-016 -9.6140278708963090E-016 -7.5823822891434960E-016  7.1424651525102841E-016  6.0754374922422756E-002  4.9842591445216336E-015  3.8471871820884736E-015  3.1101172039623721E-015  1.4415989093903655E-015  9.8205872368220318E-017  7.7105837818616076E-003  6.4345949402921209E-016  1.4333064494388928E-015
 2.5725871327583859E-015 -1.5938953459450701E-015  2.7130816152064408E-001  2.1260016625403581E-015  4.1065315600443732E-015 -9.9749120443561195E-017  3.2160847946084486E-001  1.4160869756534387E-016  1.7037485242735990E-016  1.8818955447832318E-017  1.1035835324547070E-016 -3.0047447049285654E-016 -2.5075002106275774E-017  1.0093072749436824E-015 -3.4364804296464251E-016 -1.0357925425085467E-015  1.2546000603223911E-001 -3.8908876962126606E-016 -5.8574030143137182E-016 -3.3654861434906203E-016  9.8347129928766782E-016 -2.4362392741050081E-016  3.4356271662750338E-016 -2.8245092896507207E-015  1.6721754433682966E-015 -6.5075259482570175E-002 -3.9234934010134973E-015 -1.0139838187845125E-014  4.5183298866795829E-015 -1.5658294761904493E-001 -1.8716748103616145E-015 -1.4645996874832492E-015 -1.1866365144690186E-015  2.0030993519328613E-015 -7.4167938147127594E-016 -1.1495906264236340E-016 -2.8101669311989453E-015  5.4271637097565320E-015 -4.8145913895240650E-015  6.0754374922419425E-002  2.6955049896956109E-015  1.9661740799752205E-015 -1.9994902810271667E-015  7.1017105770286502E-016 -6.5854257291320739E-016  7.7105837818611913E-003 -9.4525692862235941E-016
-4.7995633865990230E-015 -5.5533718394098794E-016  2.1260016625403581E-015  2.6977239609219394E-001 -6.2421681109039200E-015  2.7645524269487900E-015  5.3449554496700187E-015  9.9878164258192365E-015  5.8547745068092863E-016 -9.3487927942014863E-016 -9.1241613756851818E-015  9.0917190223924320E-016 -2.2907879253814211E-014  6.1329911239896162E-001  5.5761732961736233E-015 -3.7450982846553794E-015 -4.2647282631452094E-015  1.3311900449161039E-013 -3.6814108887556916E-016 -1.3298416909893853E-016  1.1780791319234675E-014  1.2936336317261093E-015 -1.6527063544295005E-013 -2.4832044571804378E-015  2.0857317859592207E-015  1.9140002939978882E-015 -3.6422839388584910E-001  8.2166471755690926E-015 -2.4429798861883047E-015 -4.5904505000564976E-015  3.4470100466268838E-013 -2.8993738623898570E-015  5.3860157544578187E-016  1.7851235475705634E-013  4.3811537818239631E-015 -3.7755273951353887E-013 -1.8646731462736071E-001 -6.9513454622379531E-015 -1.9608970830279808E-015  5.4795957491919985E-016  1.3904881977949629E-001  8.7346002726277905E-002 -3.8183172230397917E-002 -9.2606758907170667E-016 -3.0313577285164624E-016  3.8509715512166043E-017 -1.2106084740184875E-002
 3.2160847946085341E-001  1.5994449821714910E-015  4.1065315600443732E-015 -6.2421681109039200E-015  3.8127763966903161E-001  2.8980393674451108E-015 -1.8110394504587747E-015 -4.8204850075683166E-016  9.8263000302003696E-017 -7.0963526450691716E-017 -2.1731720816936821E-016  1.0193404460748597E-016  1.1531149478082098E-016 -1.2845622466006928E-014  1.4891778794611923E-001  1.1717324754270638E-015  1.3420390016300416E-015 -1.1038038864850807E-015  5.3516378491271551E-016 -5.8063648775692208E-016  4.4876025356189747E-016  6.3434873958438003E-016  4.4270697970611894E-016 -7.4810016757692624E-002 -3.2494031844698418E-016 -6.0743510915672808E-015  2.5862735887260846E-015 -1.7781665261456067E-001 -4.8425618345062472E-016 -1.8269240287248826E-014 -2.2497292735082046E-015  1.7103084905008076E-015 -2.0390510542804804E-015  3.0941586419729833E-015  2.0968552970416079E-015  3.2366123296679581E-015  4.7970684222248863E-016  6.6070297825946520E-002 -3.8219802510801507E-015  3.2275614472716875E-015 -9.6958099368759523E-015 -8.9640399546248963E-015  5.7101434357558592E-015  8.3417572132878093E-003 -5.4764543472355096E-016  3.4092737313801559E-016  1.8682727197795980E-015
-1.5138422919399673E-015  3.2160847946084142E-001 -9.9749120443561195E-017  2.7645524269487900E-015  2.8980393674451108E-015  3.8127763966907330E-001  2.9731945836489515E-015 -3.5122245030757649E-016 -1.4303601096293483E-016 -1.1898543470494021E-016 -2.5279069526689431E-016 -1.9374041714959518E-016 -7.2290508759750246E-016  1.1618255237096369E-014 -8.7300679134990790E-016  1.4891778794613905E-001  2.4258054457273034E-016 -5.8431336376177100E-016 -1.3752114765184352E-015 -3.5270492524615699E-016 -7.9800122551168233E-016 -1.0963893290298350E-015 -8.7818822542687906E-016  1.0359837505445162E-015 -7.4810016757693387E-002  8.2992028182982881E-015  1.1130409018640638E-014  1.5022325216856604E-015 -1.7781665261453963E-001  2.7360822215700153E-014 -8.1713159355113077E-016 -4.0198368241281991E-015 -8.6803200021769658E-016 -1.4790488734554128E-015 -2.8387796974912034E-015 -1.6721960402206909E-015  7.5392319248426496E-015 -6.1433953228452758E-015  6.6070297825909494E-002 -1.5050225719534806E-014 -1.5132466790850711E-014 -1.3429523443614510E-014  2.8144313717911343E-015 -8.6955540336931635E-016  8.3417572132826641E-003 -1.9705654988568881E-015 -2.6405077182006257E-016
-2.6101593437769496E-015  5.9829214772365224E-016  3.2160847946084486E-001  5.3449554496700187E-015 -1.8110394504587747E-015  2.9731945836489515E-015  3.8127763966901584E-001  2.8283570786086433E-016  2.3807948602972401E-016  9.0823412750743572E-017  3.9033678224247213E-017 -3.5071110667493130E-016 -3.6224255985609611E-017  9.2332944157602456E-015 -2.4734717312539232E-015 -4.3650715993903869E-016  1.4891778794612301E-001  1.2965842881058658E-015  1.0253752480078532E-016  6.4696456022088828E-016 -2.8709345902168524E-016 -9.9219955245149074E-017  1.1529203794307568E-016  3.2329824581330339E-015 -1.6253052939663386E-015 -7.4810016757685144E-002  1.2424866352447776E-014  8.9780613499141597E-015 -5.9562526452608913E-015 -1.7781665261446125E-001  3.1003885305632378E-015  6.5510715913170487E-016  1.7433742477433091E-015 -2.0562463454028213E-015 -3.3516058720750408E-016 -9.9181572999602610E-016  9.9004167003338663E-015 -1.0690016580270576E-014  1.3043120562042208E-014  6.6070297825883251E-002 -1.5372881082256477E-014 -1.2117185129345880E-014  8.3364504992000216E-015 -1.4670068545355614E-015  1.8229931071286839E-015  8.3417572132794982E-003  3.2420167944721688E-015
-3.5657275693725694E-016 -3.1167024454851498E-016  1.4160869756534387E-016  9.9878164258192365E-015 -4.8204850075683166E-016 -3.5122245030757649E-016  2.8283570786086433E-016  7.2556713563900728E-004  2.3581397251074406E-018  1.9674881298840514E-017 -3.6278356781879587E-004 -9.7225829817645893E-017 -3.6278356782055993E-004 -6.9050585895358174E-015 -3.4776442662738302E-018 -1.3683669060206042E-016  1.6326229506752787E-017  1.0585949588534448E-002 -1.7000290064575310E-016  7.6544673377479542E-016 -5.2929747942599128E-003 -8.1326004958136356E-016 -5.2929747942750110E-003  5.0370287110208016E-016  5.4970576095536256E-017 -2.1949167396608563E-016 -2.6102680180677200E-014  2.1494708742674705E-015  7.2043318157407468E-017 -8.1325857074059306E-016  3.2085316930729350E-002 -4.2587461335231699E-016  2.1785958453923801E-015 -1.6042658465353174E-002 -2.4836903367297675E-015 -1.6042658465375059E-002 -4.6110060638574832E-014  1.9113180506024243E-015 -9.4434415274032896E-016  1.4983045112370515E-015  2.0775847520543131E-014  1.0448093409838130E-014 -2.0977327964632405E-015  2.8699997778343667E-016 -1.3455594863381008E-016  2.0825892409087316E-016 -4.2709475798082673E-016
 4.2222737934990049E-017  1.8031926957794297E-018  1.7037485242735990E-016  5.8547745068092863E-016  9.8263000302003696E-017 -1.4303601096293483E-016  2.3807948602972401E-016  2.3581397251074406E-018  7.2556713563389419E-004 -3.5418682689441176E-017 -2.9137933396469495E-019  1.1639926761169651E-017  1.3891340334851540E-017  1.7904537335312284E-015 -4.7113443757309405E-017  3.1461888891146170E-017  2.6538406124926719E-017  1.7824283715639849E-016  1.0585949588488838E-002 -8.2757151825818987E-016 -4.3042826247689071E-016 -2.4112656316077816E-016  1.5634195327217022E-016  3.5725224572076455E-017  7.1325331508838650E-018 -1.0708894830857815E-015  2.3267868590280585E-015  5.8846081843549817E-017  1.2122709224972227E-016 -3.4511692228073313E-015  4.0766001685366851E-016  3.2085316930622283E-002 -2.5031517657259095E-015 -1.3108004265356014E-015 -8.0800166904482612E-016  4.4061976289716764E-016  2.0972467571447082E-015 -5.9245368415102949E-016  2.2428383446018649E-016  2.0415950718390091E-015 -4.2817408588125857E-016  1.4260578857434852E-016  4.1888679173091044E-016 -8.4177398607126598E-017  3.2712456432834096E-017  2.6876724967033870E-016  3.3388806588934339E-016
-4.2749330340275400E-017 -1.0023340720938111E-016  1.8818955447832318E-017 -9.3487927942014863E-016 -7.0963526450691716E-017 -1.1898543470494021E-016  9.0823412750743572E-017  1.9674881298840514E-017 -3.5418682689441176E-017  7.2556713563450253E-004  6.6612365038012019E-017 -3.4826394901071461E-017 -1.2109183013904548E-017 -2.1916419462046153E-015  7.5949058112141953E-017 -2.2631836845314976E-017 -2.1973502119976219E-017 -4.0261847675241328E-016  3.1056971230847132E-016  1.0585949588493803E-002  6.1139515759178468E-016 -6.5963876613554726E-016 -8.7007224341875338E-017  3.3804392455282646E-016  1.7746999871742700E-016 -2.3889773509808121E-016  1.4201684112830117E-015  1.2763880149028703E-015  5.5147825860834391E-016 -8.5338791159162502E-016 -9.8141980653356189E-016  9.3084177518742924E-016  3.2085316930635273E-002  2.1544723470547958E-015 -2.0069666414879157E-015 -5.3776427754942685E-017  8.0354428170195296E-016 -1.8869646829374626E-015 -5.8495717266007433E-016 -6.1752573045584089E-016 -2.0966569406429763E-015 -1.6841379879584358E-015  8.3861108010090826E-016 -2.6061974023818080E-016 -7.9838075494359514E-017 -9.3615912451445502E-017  2.2143017553360617E-016
-2.3274608329206723E-016 -2.0416509831702084E-016  1.1035835324547070E-016 -9.1241613756851818E-015 -2.1731720816936821E-016 -2.5279069526689431E-016  3.9033678224247213E-017 -3.6278356781879587E-004 -2.9137933396469495E-019  6.6612365038012019E-017  7.2556713563534300E-004  6.7335731174909494E-017 -3.6278356781736375E-004 -3.6325841560680723E-014 -1.3810206479846969E-016 -1.1038953050607344E-016  6.5856568954114457E-017 -5.2929747942587471E-003  4.2045360248982024E-016  3.5593002069990081E-016  1.0585949588502565E-002  4.4249001164567613E-016 -5.2929747942457375E-003  2.8127706878530339E-016 -3.0878918606802550E-016  3.5530315080729861E-016  6.5033102256821788E-015  7.9214638205324660E-016 -1.0146153628672017E-015  1.0814526321607002E-015 -1.6042658465352938E-002  1.1366775576337786E-015  1.1763593571467893E-015  3.2085316930647499E-002  1.3923866400145672E-015 -1.6042658465306857E-002 -5.1818736221497994E-014  7.9197664684266175E-016 -7.7289069852817507E-016 -2.4442647150818470E-015  2.7772850542902900E-014  2.3924005579315316E-015 -1.0410812491814485E-015  1.1810966433204092E-016 -1.1675514538612676E-016 -3.4196980733681584E-016 -1.3907065201789433E-016
 3.1869964999288282E-017 -1.0795796761443583E-016 -3.0047447049285654E-016  9.0917190223924320E-016  1.0193404460748597E-016 -1.9374041714959518E-016 -3.5071110667493130E-016 -9.7225829817645893E-017  1.1639926761169651E-017 -3.4826394901071461E-017  6.7335731174909494E-017  7.2556713563444138E-004  3.8130035153579850E-017  1.5936588586705930E-015  4.0845635088251704E-017  7.7214587754153470E-017 -1.3423217583959703E-016 -5.5912306035081142E-016  4.4791102250807481E-016  1.7302511420152967E-016  5.2741014680554908E-016  1.0585949588493510E-002  6.7274744802685084E-017  5.5449530987721281E-016  2.9849884655648496E-016 -4.0525524138577067E-016 -2.2464913915238498E-015  1.8604314255961373E-015  1.1965448644870103E-015 -1.3990957661836828E-015 -1.7494686255227575E-015  1.2794127736415197E-015  5.3691046834197767E-016  1.6054865770164302E-015  3.2085316930633823E-002  2.0751629581356790E-016 -1.5393677259715589E-015 -1.2216933367562853E-015 -3.1993505606799892E-016 -9.1350987437231881E-018  1.6775062274500253E-015  1.2169483932078945E-015  2.6110981763610745E-016 -1.6205790116502656E-016 -3.7292666553190707E-017 -1.0603012671618073E-017  3.2729018102697651E-016
 7.9652930332242588E-017 -6.0129995519326366E-016 -2.5075002106275774E-017 -2.2907879253814211E-014  1.1531149478082098E-016 -7.2290508759750246E-016 -3.6224255985609611E-017 -3.6278356782055993E-004  1.3891340334851540E-017 -1.2109183013904548E-017 -3.6278356781736375E-004  3.8130035153579850E-017  7.2556713563908882E-004 -1.6112914623886894E-014  2.1080195300712856E-017 -3.0799588727056220E-016  1.0545510292590546E-016 -5.2929747942807859E-003 -1.7347234759831642E-017 -3.8922857992157823E-017 -5.2929747942545673E-003  4.9087253359284448E-016  1.0585949588537747E-002  5.8453378820439438E-016  1.9252414145107008E-016  7.5465163909056826E-016 -6.7221759484971662E-014  1.6491481362770539E-015  3.4544216362550814E-016  2.7963573252033857E-015 -1.6042658465391831E-002 -3.4694469519802013E-018 -7.4267848815238799E-017 -1.6042658465330432E-002  1.4558666772135985E-015  3.2085316930733437E-002  2.1562510988268847E-014 -3.4735466707252215E-015 -5.6755864976864114E-016 -7.1958929899815429E-016 -7.2827092352936287E-015  6.0074825358008988E-015  4.7357975991773141E-015 -4.8517518884142938E-016 -7.9117804665655066E-017 -8.4032909216749437E-017  2.7966153157331753E-015
-1.0254096745367255E-014  2.2334205997948613E-015  1.0093072749436824E-015  6.1329911239896162E-001 -1.2845622466006928E-014  1.1618255237096369E-014  9.2332944157602456E-015 -6.9050585895358174E-015  1.7904537335312284E-015 -2.1916419462046153E-015 -3.6325841560680723E-014  1.5936588586705930E-015 -1.6112914623886894E-014  1.4005693020252039E+000  1.4084270555248690E-014 -7.3615472965924084E-015 -1.3120861867351609E-014 -1.0191906376910561E-013  2.4272185365656644E-015 -2.0987296983879767E-015 -1.5859585394758155E-013 -2.6124639138293777E-015  1.8853482497420308E-013 -1.2370898732255256E-014  6.9310256283805555E-015  8.5114480216681689E-015 -7.4701812968069037E-001  2.2076564040430178E-015  9.5108717740211514E-016 -2.7657443162285182E-015 -4.4198415375228753E-013  3.1961267496876690E-015 -3.8964053150403343E-015 -1.9366159504967393E-013 -6.8631901282692330E-015  8.1670516831594182E-013 -3.6237955651532389E-001  4.2212838373481982E-015  6.2845313134642923E-015  2.3496448519665048E-015  2.6194194317710123E-001  1.6268437124322058E-001 -7.0862591100932668E-002  6.5438450923016314E-016  8.8913230950646051E-016  2.8782424225177963E-016 -2.2439723744883483E-002
 1.2546000603223537E-001 -1.0677243879417942E-015 -3.4364804296464251E-016  5.5761732961736233E-015  1.4891778794611923E-001 -8.7300679134990790E-016 -2.4734717312539232E-015 -3.4776442662738302E-018 -4.7113443757309405E-017  7.5949058112141953E-017 -1.3810206479846969E-016  4.0845635088251704E-017  2.1080195300712856E-017  1.4084270555248690E-014  5.9068923953066850E-002 -4.9949253432253108E-016  6.1707366646987399E-016  1.4944805483520890E-015 -1.0930090561110650E-015  9.0872231962981783E-016 -8.0110604053356061E-016 -3.8513145747815086E-016 -6.0154473424859494E-016 -1.8388728052244063E-002 -1.5766892736431706E-015  7.0941516550071573E-015  5.1976794739419701E-015 -3.2455861997836372E-002 -5.4634846467210509E-015  2.5481353138622654E-014  5.1185997938516726E-015 -3.1336769994578587E-015  2.6637014640615553E-015 -1.7248467205838011E-015 -1.1373344226333040E-015 -1.0049914921361343E-015  6.9706821446283585E-015  1.4447608563250808E-002  4.6654604095395370E-015 -4.7097742372767315E-015  7.7650838208150137E-016  3.1829899734619596E-015  1.2022934362061003E-015  1.8781954488372959E-003  6.3035779337868500E-016 -5.0491295172646185E-016  1.3943168253646035E-015
-4.7501691098905511E-016  1.2546000603223315E-001 -1.0357925425085467E-015 -3.7450982846553794E-015  1.1717324754270638E-015  1.4891778794613905E-001 -4.3650715993903869E-016 -1.3683669060206042E-016  3.1461888891146170E-017 -2.2631836845314976E-017 -1.1038953050607344E-016  7.7214587754153470E-017 -3.0799588727056220E-016 -7.3615472965924084E-015 -4.9949253432253108E-016  5.9068923953073699E-002 -1.4829945074924002E-015 -2.1863426442357365E-016  6.9962185338569731E-016  5.6275194033761861E-017 -4.3441424184221545E-017  1.4296643431124082E-015 -7.3446094975547652E-016 -5.5270697240208601E-016 -1.8388728052261681E-002 -8.7894256444452917E-015 -5.2512306806792974E-015 -2.5773697294234614E-015 -3.2455861997883056E-002 -3.0383833756128545E-014 -3.1231638367937587E-016  2.1794801262441642E-015  2.0986505509722698E-016  7.8291957840261227E-017  4.4095653434239281E-015 -2.0153005567729406E-015 -4.3901912920669459E-015  1.1727054092975588E-014  1.4447608563315364E-002  1.7170051328080092E-014  1.4140745663793623E-014  1.2266910107275120E-014 -1.2993010641017296E-015  1.6572707046922029E-015  1.8781954488462232E-003  2.2533138605873464E-015  1.1876388661606717E-015
 1.1400927944774939E-015 -1.4011908843613787E-015  1.2546000603223911E-001 -4.2647282631452094E-015  1.3420390016300416E-015  2.4258054457273034E-016  1.4891778794612301E-001  1.6326229506752787E-017  2.6538406124926719E-017 -2.1973502119976219E-017  6.5856568954114457E-017 -1.3423217583959703E-016  1.0545510292590546E-016 -1.3120861867351609E-014  6.1707366646987399E-016 -1.4829945074924002E-015  5.9068923953065268E-002 -6.4616879576132061E-016  2.6217370011251952E-016 -2.2705894036384896E-016  3.6701764870783097E-016  6.0328129249722999E-016  7.7533451110447153E-016 -2.0816681709733324E-017  1.4948259850229774E-015 -1.8388728052283546E-002 -1.9412976583633118E-014  1.7225804116500832E-015  2.2046494755324110E-015 -3.2455861997950079E-002 -2.3787095249901026E-015  8.6419838884798334E-016 -8.6708038940067674E-016  4.4358864547875867E-016  1.6891479235483559E-015  1.9185334743472391E-015 -1.4880230896033088E-014  1.5655879370663950E-015 -1.6460070799353964E-014  1.4447608563317315E-002  2.5650550925992145E-014  2.0914668953056539E-014 -1.2294186749950281E-014  2.4004236098793993E-016 -2.3380845114449134E-015  1.8781954488460598E-003 -4.2882150959192243E-015
-1.3720710680754511E-016 -6.9280397562984125E-016 -3.8908876962126606E-016  1.3311900449161039E-013 -1.1038038864850807E-015 -5.8431336376177100E-016  1.2965842881058658E-015  1.0585949588534448E-002  1.7824283715639849E-016 -4.0261847675241328E-016 -5.2929747942587471E-003 -5.5912306035081142E-016 -5.2929747942807859E-003 -1.0191906376910561E-013  1.4944805483520890E-015 -2.1863426442357365E-016 -6.4616879576132061E-016  1.5444791141525357E-001 -3.8857805861892169E-016  1.1067535776733349E-015 -7.7223955707547087E-002  6.7307270867906032E-016 -7.7223955707713399E-002 -1.0956235819617417E-015 -7.8964144479071400E-016  9.0309498327516346E-016 -2.0018381302565752E-014  1.8381984343863388E-015 -2.7251145232800685E-015  6.9941746669028358E-016  4.6812146096131929E-001  1.3877787807809588E-016  1.2906342661267782E-015 -2.3406073048057363E-001  1.7624790515925522E-015 -2.3406073048072928E-001 -3.8912262860539702E-013 -1.9131490214079500E-015  2.7435228407097992E-015 -3.5067197733620987E-016  1.8081775810505276E-013  1.1193963164533381E-013 -4.1149612751231900E-014 -2.6020542931491856E-016  3.7229525203813665E-016 -5.1625559789139636E-017 -1.2659744282744106E-014
-1.2174911589562595E-016  6.2553347669374333E-016 -5.8574030143137182E-016 -3.6814108887556916E-016  5.3516378491271551E-016 -1.3752114765184352E-015  1.0253752480078532E-016 -1.7000290064575310E-016  1.0585949588488838E-002  3.1056971230847132E-016  4.2045360248982024E-016  4.4791102250807481E-016 -1.7347234759831642E-017  2.4272185365656644E-015 -1.0930090561110650E-015  6.9962185338569731E-016  2.6217370011251952E-016 -3.8857805861892169E-016  1.5444791141501107E-001 -4.3368086899444113E-018 -8.3266726846964653E-017  5.3776427755280911E-016 -9.2634233617174318E-016 -2.7682660940075870E-016 -2.6624403309399059E-016  9.7181017736231656E-017  3.3578529147161767E-015 -1.7395019701299976E-015  4.3838444375293784E-016  1.8813351840894967E-015 -3.0947466811430948E-015  4.6812146096103902E-001  6.5052130349129662E-017 -3.4000580129178916E-016  5.0306980803327199E-016 -3.3167912860681585E-015  2.0967421450462074E-015 -1.4291332792309719E-015 -6.5624133380565093E-016 -2.5404007773797881E-015 -1.1776287055334871E-015 -1.2812289918981886E-015 -8.6194861934334162E-017 -2.1501371574713106E-016 -9.2310824207479657E-017 -3.5401255155137143E-016 -1.0823100743357123E-016
-1.3840873831687271E-016 -2.6139076497227672E-016 -3.3654861434906203E-016 -1.3298416909893853E-016 -5.8063648775692208E-016 -3.5270492524615699E-016  6.4696456022088828E-016  7.6544673377479542E-016 -8.2757151825818987E-016  1.0585949588493803E-002  3.5593002069990081E-016  1.7302511420152967E-016 -3.8922857992157823E-017 -2.0987296983879767E-015  9.0872231962981783E-016  5.6275194033761861E-017 -2.2705894036384896E-016  1.1067535776733349E-015 -4.3368086899444113E-018  1.5444791141502645E-001 -6.8955258169990223E-017  3.0541975198916778E-016  7.4506373293218321E-016 -7.9153570692842366E-016  2.3380711548187235E-016  3.1069630403341536E-016 -9.7298297080315276E-015  2.5772674887686958E-016  5.1931008310777161E-016  9.8594086284798256E-016  6.8348104953491516E-015 -1.6566609195578606E-016  4.6812146096105567E-001  4.1850203857944258E-015  8.7061434450586243E-016  5.3065191130136209E-015 -4.6792125285368075E-015  7.7192297175907451E-016 -1.2673553847482938E-015 -5.7164151241225636E-016  2.7858194433083439E-015  3.8320828987829643E-015 -2.2274291122318545E-016  1.1923110010611721E-016 -1.7604812179175576E-016 -7.3074556410686766E-017  1.0126352306543320E-016
-3.3649577314864706E-016 -5.8942031474792676E-016  9.8347129928766782E-016  1.1780791319234675E-014  4.4876025356189747E-016 -7.9800122551168233E-016 -2.8709345902168524E-016 -5.2929747942599128E-003 -4.3042826247689071E-016  6.1139515759178468E-016  1.0585949588502565E-002  5.2741014680554908E-016 -5.2929747942545673E-003 -1.5859585394758155E-013 -8.0110604053356061E-016 -4.3441424184221545E-017  3.6701764870783097E-016 -7.7223955707547087E-002 -8.3266726846964653E-017 -6.8955258169990223E-017  1.5444791141510320E-001 -1.8062808193604545E-016 -7.7223955707584141E-002  1.8072382276939924E-015 -5.7100817478002704E-016  7.1534994516676173E-016  4.3068139602789858E-013  3.6676055690343393E-015 -5.3001228503303965E-017  1.8327863121478989E-015 -2.3406073048062165E-001 -2.2551405187698816E-015  1.2268831783846193E-015  4.6812146096107915E-001  1.9689111452344496E-016 -2.3406073048063697E-001 -4.4034234932355212E-013 -2.1239119308871860E-015 -7.6283930764310520E-016 -4.8689376463953743E-016  2.2557911994619622E-013 -5.0949974801164231E-014 -1.1476752853460745E-015 -2.8113397005504062E-016 -1.0502577796773561E-016 -5.7615670761737775E-017 -8.8195745856680519E-019
-1.2934010546818005E-016 -5.6353381712096674E-017 -2.4362392741050081E-016  1.2936336317261093E-015  6.3434873958438003E-016 -1.0963893290298350E-015 -9.9219955245149074E-017 -8.1326004958136356E-016 -2.4112656316077816E-016 -6.5963876613554726E-016  4.4249001164567613E-016  1.0585949588493510E-002  4.9087253359284448E-016 -2.6124639138293777E-015 -3.8513145747815086E-016  1.4296643431124082E-015  6.0328129249722999E-016  6.7307270867906032E-016  5.3776427755280911E-016  3.0541975198916778E-016 -1.8062808193604545E-016  1.5444791141503089E-001  2.6020852139717086E-017  3.6792097513916678E-017 -3.4020246956386280E-016  3.2019089198151558E-017  1.3005652716440952E-015 -8.3624637249351176E-017  1.6714672764945185E-015  1.1816190185796934E-015  1.2420620087996317E-015  4.8745729674948240E-016  1.1082714607146830E-015 -4.4669129506385862E-016  4.6812146096106089E-001  1.3183898417449145E-016 -1.3119794554612716E-015 -5.2661659832796647E-017 -1.8437453632650697E-015 -1.1221777760014678E-015  3.9342089127235053E-016 -3.3993151057171521E-016 -9.4420835250188095E-016 -4.8343301923366452E-018 -2.4377505973206166E-016 -1.5370366455334367E-016 -6.2151906442413150E-016
 2.6249835469739071E-016 -6.0511616175328701E-016  3.4356271662750338E-016 -1.6527063544295005E-013  4.4270697970611894E-016 -8.7818822542687906E-016  1.1529203794307568E-016 -5.2929747942750110E-003  1.5634195327217022E-016 -8.7007224341875338E-017 -5.2929747942457375E-003  6.7274744802685084E-017  1.0585949588537747E-002  1.8853482497420308E-013 -6.0154473424859494E-016 -7.3446094975547652E-016  7.7533451110447153E-016 -7.7223955707713399E-002 -9.2634233617174318E-016  7.4506373293218321E-016 -7.7223955707584141E-002  2.6020852139717086E-017  1.5444791141533248E-001  1.4992144729516275E-015  4.3698501878833365E-016 -1.1224962128455458E-015 -7.0860978011528149E-013  1.9266723565062220E-015 -8.3041725928568418E-016 -6.4406442981972176E-016 -2.3406073048071857E-001 -2.1094237467878507E-015  2.8900493109773973E-015 -2.3406073048059045E-001 -3.8510861166672372E-016  4.6812146096147217E-001  5.8956362720863427E-013  1.7077933158232746E-016 -7.8697500645248071E-016 -4.3858706395412755E-016 -2.5554840118917042E-013  1.9467063179511831E-014  2.2643070437930655E-014  3.7809334611742206E-017 -1.2082876588365931E-016 -6.0438015712153441E-017  8.4901038055110870E-015
-6.5075259482549816E-002  3.5557378338559846E-016 -2.8245092896507207E-015 -2.4832044571804378E-015 -7.4810016757692624E-002  1.0359837505445162E-015  3.2329824581330339E-015  5.0370287110208016E-016  3.5725224572076455E-017  3.3804392455282646E-016  2.8127706878530339E-016  5.5449530987721281E-016  5.8453378820439438E-016 -1.2370898732255256E-014 -1.8388728052244063E-002 -5.5270697240208601E-016 -2.0816681709733324E-017 -1.0956235819617417E-015 -2.7682660940075870E-016 -7.9153570692842366E-016  1.8072382276939924E-015  3.6792097513916678E-017  1.4992144729516275E-015  1.4862481955066451E-001  2.4978381351345039E-015 -6.8695049648680606E-015 -1.3926680195824954E-014  4.8817997312247097E-001  5.0147560925094211E-015 -1.7989082445873731E-014 -1.6761702018132699E-015  4.2048952673464828E-016 -1.9344847970227026E-015  5.5913262771222717E-015 -3.7663992640131763E-016  5.5296753227105320E-015 -1.6991948532532827E-014 -2.4027425669899782E-001 -3.6071905459579075E-015  5.8173951766856320E-015  8.3798478485874218E-015  4.8864665889974766E-015 -6.8579782395756676E-015 -3.1131794013808316E-002 -4.8822799076072314E-016  7.1513975297111460E-016 -3.8077658704439203E-015
 8.5108632417824435E-016 -6.5075259482553535E-002  1.6721754433682966E-015  2.0857317859592207E-015 -3.2494031844698418E-016 -7.4810016757693387E-002 -1.6253052939663386E-015  5.4970576095536256E-017  7.1325331508838650E-018  1.7746999871742700E-016 -3.0878918606802550E-016  2.9849884655648496E-016  1.9252414145107008E-016  6.9310256283805555E-015 -1.5766892736431706E-015 -1.8388728052261681E-002  1.4948259850229774E-015 -7.8964144479071400E-016 -2.6624403309399059E-016  2.3380711548187235E-016 -5.7100817478002704E-016 -3.4020246956386280E-016  4.3698501878833365E-016  2.4978381351345039E-015  1.4862481955067197E-001  4.5483402550175396E-015  7.2620654004619468E-015  1.5081088562730757E-015  4.8817997312248956E-001  1.5775813813832540E-014 -2.5240249531945970E-015 -8.7652198869997678E-016  9.2384837258156990E-017 -3.9495918164145854E-015 -2.7380845207488397E-015 -1.2184657737257745E-015  7.3603126819891918E-015 -1.0493506272720096E-014 -2.4027425669904273E-001 -8.6495923991895217E-015 -8.2339474943792391E-015 -8.1195701658918375E-015  9.0523033672529980E-016 -1.4901948034765546E-015 -3.1131794013814509E-002 -1.1431913962800665E-015 -4.6396940864508981E-016
-2.1616280813915299E-017 -2.7830750471042718E-015 -6.5075259482570175E-002  1.9140002939978882E-015 -6.0743510915672808E-015  8.2992028182982881E-015 -7.4810016757685144E-002 -2.1949167396608563E-016 -1.0708894830857815E-015 -2.3889773509808121E-016  3.5530315080729861E-016 -4.0525524138577067E-016  7.5465163909056826E-016  8.5114480216681689E-015  7.0941516550071573E-015 -8.7894256444452917E-015 -1.8388728052283546E-002  9.0309498327516346E-016  9.7181017736231656E-017  3.1069630403341536E-016  7.1534994516676173E-016  3.2019089198151558E-017 -1.1224962128455458E-015 -6.8695049648680606E-015  4.5483402550175396E-015  1.4862481955074008E-001  1.4553646719389442E-014 -1.1900203045197913E-015 -1.7505107114582445E-015  4.8817997312257078E-001  2.0106401094148157E-015 -8.2504740940462206E-016 -1.7132923472404007E-016  2.9106820156506280E-016 -1.5367614539394350E-015 -1.7584813315816051E-015  1.3220584490010449E-014  1.9940646356351891E-015  1.2636702916691561E-014 -2.4027425669904051E-001 -2.2521014864839821E-014 -1.9380427272715615E-014  1.1346005107814792E-014  3.0953972024459184E-016  1.7701617882569294E-015 -3.1131794013814034E-002  3.9623744729647291E-015
-6.8937302285415935E-015 -1.5948232150482353E-016 -3.9234934010134973E-015 -3.6422839388584910E-001  2.5862735887260846E-015  1.1130409018640638E-014  1.2424866352447776E-014 -2.6102680180677200E-014  2.3267868590280585E-015  1.4201684112830117E-015  6.5033102256821788E-015 -2.2464913915238498E-015 -6.7221759484971662E-014 -7.4701812968069037E-001  5.1976794739419701E-015 -5.2512306806792974E-015 -1.9412976583633118E-014 -2.0018381302565752E-014  3.3578529147161767E-015 -9.7298297080315276E-015  4.3068139602789858E-013  1.3005652716440952E-015 -7.0860978011528149E-013 -1.3926680195824954E-014  7.2620654004619468E-015  1.4553646719389442E-014  1.5381849192656374E+000 -1.4652288102716050E-015  4.3597858692337018E-015 -1.3302650229597094E-014  3.0275902831319195E-014  1.0961832056031406E-014 -2.5994938514774581E-014  6.3046544658016922E-013  3.4243002039185916E-015 -2.7651091106551207E-012  1.0403749026566209E+000  5.4949937850257345E-017 -6.7677987355385422E-015  1.3817024970675695E-014 -9.3845441515550410E-001 -6.3335376406334587E-001  2.9047312835472672E-001  1.0049446760613204E-016 -9.0546582401338218E-016  1.7858863677316224E-015  9.3082358755298106E-002
-1.5658294761904265E-001 -3.0513288284996524E-016 -1.0139838187845125E-014  8.2166471755690926E-015 -1.7781665261456067E-001  1.5022325216856604E-015  8.9780613499141597E-015  2.1494708742674705E-015  5.8846081843549817E-017  1.2763880149028703E-015  7.9214638205324660E-016  1.8604314255961373E-015  1.6491481362770539E-015  2.2076564040430178E-015 -3.2455861997836372E-002 -2.5773697294234614E-015  1.7225804116500832E-015  1.8381984343863388E-015 -1.7395019701299976E-015  2.5772674887686958E-016  3.6676055690343393E-015 -8.3624637249351176E-017  1.9266723565062220E-015  4.8817997312247097E-001  1.5081088562730757E-015 -1.1900203045197913E-015 -1.4652288102716050E-015  1.6209238904147489E+000 -4.8740411459607667E-015  1.4613310561643602E-014  1.1476477889225246E-014 -5.1009174321621328E-016  2.1275185034572983E-015  1.1719146273073472E-014 -1.8867532991061472E-015  9.1822920229413744E-015 -1.5574478307801722E-014 -7.1834627824192554E-001  3.7045772139993588E-015 -5.1902926401293492E-015 -3.4001769640164436E-015 -2.3013813984248468E-015  7.6099995642538018E-015 -9.2009953238794864E-002  4.7772720973210371E-016 -6.2428361091799744E-016  3.5499535156355724E-015
 2.9869127187398595E-015 -1.5658294761904273E-001  4.5183298866795829E-015 -2.4429798861883047E-015 -4.8425618345062472E-016 -1.7781665261453963E-001 -5.9562526452608913E-015  7.2043318157407468E-017  1.2122709224972227E-016  5.5147825860834391E-016 -1.0146153628672017E-015  1.1965448644870103E-015  3.4544216362550814E-016  9.5108717740211514E-016 -5.4634846467210509E-015 -3.2455861997883056E-002  2.2046494755324110E-015 -2.7251145232800685E-015  4.3838444375293784E-016  5.1931008310777161E-016 -5.3001228503303965E-017  1.6714672764945185E-015 -8.3041725928568418E-016  5.0147560925094211E-015  4.8817997312248956E-001 -1.7505107114582445E-015  4.3597858692337018E-015 -4.8740411459607667E-015  1.6209238904148116E+000 -6.9868343540985954E-015 -8.8250255424580572E-015  1.1727551154739382E-015 -3.8528194970446955E-016 -7.3971417403847959E-015 -4.1080050567576394E-016 -1.0761444804848044E-014  8.6803321133738437E-015  5.5207877743259427E-015 -7.1834627824192754E-001  5.8685089152153091E-015  6.5589051256499827E-015  1.4347322537708373E-015 -2.6138047583616474E-015  7.5616226503330623E-016 -9.2009953238794365E-002  7.6913273719462695E-016 -5.7545778574151258E-016
 1.8486189141974483E-015 -1.0423955031486019E-014 -1.5658294761904493E-001 -4.5904505000564976E-015 -1.8269240287248826E-014  2.7360822215700153E-014 -1.7781665261446125E-001 -8.1325857074059306E-016 -3.4511692228073313E-015 -8.5338791159162502E-016  1.0814526321607002E-015 -1.3990957661836828E-015  2.7963573252033857E-015 -2.7657443162285182E-015  2.5481353138622654E-014 -3.0383833756128545E-014 -3.2455861997950079E-002  6.9941746669028358E-016  1.8813351840894967E-015  9.8594086284798256E-016  1.8327863121478989E-015  1.1816190185796934E-015 -6.4406442981972176E-016 -1.7989082445873731E-014  1.5775813813832540E-014  4.8817997312257078E-001 -1.3302650229597094E-014  1.4613310561643602E-014 -6.9868343540985954E-015  1.6209238904145840E+000 -7.8608444126346717E-016  2.2158516529430783E-015 -8.2677995886716932E-016 -1.4386989650620874E-015 -1.8759844216796400E-015  3.1217556237223250E-015 -1.2604946145935785E-015 -3.0583174881549214E-015 -1.8361033045795756E-015 -7.1834627824188169E-001  1.3131576615138023E-014  9.1956093368872697E-015 -6.3558372429963557E-015 -2.0968470015972079E-016 -3.7897327637685053E-016 -9.2009953238790576E-002 -2.2232355402340095E-015
 4.8359960538890949E-016 -1.3024648431163413E-015 -1.8716748103616145E-015  3.4470100466268838E-013 -2.2497292735082046E-015 -8.1713159355113077E-016  3.1003885305632378E-015  3.2085316930729350E-002  4.0766001685366851E-016 -9.8141980653356189E-016 -1.6042658465352938E-002 -1.7494686255227575E-015 -1.6042658465391831E-002 -4.4198415375228753E-013  5.1185997938516726E-015 -3.1231638367937587E-016 -2.3787095249901026E-015  4.6812146096131929E-001 -3.0947466811430948E-015  6.8348104953491516E-015 -2.3406073048062165E-001  1.2420620087996317E-015 -2.3406073048071857E-001 -1.6761702018132699E-015 -2.5240249531945970E-015  2.0106401094148157E-015  3.0275902831319195E-014  1.1476477889225246E-014 -8.8250255424580572E-015 -7.8608444126346717E-016  1.4188453583122880E+000 -5.4956039718947205E-015  1.4474532683550614E-014 -7.0942267915650037E-001  2.9143354396415045E-015 -7.0942267915573809E-001 -1.1366337727879172E-012 -6.2559046053324344E-015  2.0259902190192175E-015 -5.4754946575845348E-015  4.5471862244406221E-013  2.5921151541800343E-013 -6.1689283385913087E-014 -8.1512894500195971E-016  2.2671927921622882E-016 -8.0578175455985233E-016 -1.2900851816509785E-014
-3.0347699819105497E-016  2.0226982247848775E-015 -1.4645996874832492E-015 -2.8993738623898570E-015  1.7103084905008076E-015 -4.0198368241281991E-015  6.5510715913170487E-016 -4.2587461335231699E-016  3.2085316930622283E-002  9.3084177518742924E-016  1.1366775576337786E-015  1.2794127736415197E-015 -3.4694469519802013E-018  3.1961267496876690E-015 -3.1336769994578587E-015  2.1794801262441642E-015  8.6419838884798334E-016  1.3877787807809588E-016  4.6812146096103902E-001 -1.6566609195578606E-016 -2.2551405187698816E-015  4.8745729674948240E-016 -2.1094237467878507E-015  4.2048952673464828E-016 -8.7652198869997678E-016 -8.2504740940462206E-016  1.0961832056031406E-014 -5.1009174321621328E-016  1.1727551154739382E-015  2.2158516529430783E-015 -5.4956039718947205E-015  1.4188453583128167E+000 -2.7061686225238215E-016 -7.1193051454089552E-015 -1.9255430583342567E-015 -7.8825834748388213E-015  6.7248668606521629E-015  3.3582594199811505E-015 -8.7244772161616263E-016 -1.0714717330851412E-015 -3.6244322217043003E-016 -6.0900569917833382E-016 -4.0539718211873766E-017  4.7762785466074152E-016 -1.2132941208092112E-016 -1.4918526686667745E-016  3.5146956083785962E-016
-6.6453510647449220E-016 -6.1244909709890327E-016 -1.1866365144690186E-015  5.3860157544578187E-016 -2.0390510542804804E-015 -8.6803200021769658E-016  1.7433742477433091E-015  2.1785958453923801E-015 -2.5031517657259095E-015  3.2085316930635273E-002  1.1763593571467893E-015  5.3691046834197767E-016 -7.4267848815238799E-017 -3.8964053150403343E-015  2.6637014640615553E-015  2.0986505509722698E-016 -8.6708038940067674E-016  1.2906342661267782E-015  6.5052130349129662E-017  4.6812146096105567E-001  1.2268831783846193E-015  1.1082714607146830E-015  2.8900493109773973E-015 -1.9344847970227026E-015  9.2384837258156990E-017 -1.7132923472404007E-016 -2.5994938514774581E-014  2.1275185034572983E-015 -3.8528194970446955E-016 -8.2677995886716932E-016  1.4474532683550614E-014 -2.7061686225238215E-016  1.4188453583127763E+000  1.7012433128904645E-014  3.1741102801685636E-015  1.7985612998927681E-014 -1.2065531599587398E-014 -1.8878996716403229E-015 -1.0621241936345646E-015  7.9005098766643987E-017 -1.2819783269927947E-015  2.6066437088502997E-015  1.3747744057654838E-015 -2.3357190861356189E-016 -1.4949901001381445E-016  1.2219813217398555E-017  9.8099673790925553E-017
 4.3349118658836379E-016 -9.6215840671879275E-016  2.0030993519328613E-015  1.7851235475705634E-013  3.0941586419729833E-015 -1.4790488734554128E-015 -2.0562463454028213E-015 -1.6042658465353174E-002 -1.3108004265356014E-015  2.1544723470547958E-015  3.2085316930647499E-002  1.6054865770164302E-015 -1.6042658465330432E-002 -1.9366159504967393E-013 -1.7248467205838011E-015  7.8291957840261227E-017  4.4358864547875867E-016 -2.3406073048057363E-001 -3.4000580129178916E-016  4.1850203857944258E-015  4.6812146096107915E-001 -4.4669129506385862E-016 -2.3406073048059045E-001  5.5913262771222717E-015 -3.9495918164145854E-015  2.9106820156506280E-016  6.3046544658016922E-013  1.1719146273073472E-014 -7.3971417403847959E-015 -1.4386989650620874E-015 -7.0942267915650037E-001 -7.1193051454089552E-015  1.7012433128904645E-014  1.4188453583122140E+000  8.9164786665241194E-016 -7.0942267915625745E-001 -1.8021825969050882E-012 -9.4493635541088668E-015  3.0751399942791201E-015 -6.4042877503699547E-015  1.0574616819218023E-012  8.3109545709293932E-014 -8.6225512393121577E-014 -1.2779508817213480E-015  4.0382123301215813E-016 -9.2442358931825781E-016 -2.0959764272017799E-014
