  0.21244169114830760        1.7854406488363161E-015  -9.6822497707444048E-018  -8.5691826428266131E-016  -5.7611919138658478E-002  -1.5413477477640555E-015  -2.6385741023561371E-016   4.6580248412688108E-015  0.12079540907875150        5.6464335429092797E-016  -2.0814267771071040E-016  -3.6264600108657097E-017   1.4186221023646870E-017   1.6056289935089962E-018  -3.4161411658967293E-017   1.1375327334520167E-017  -2.0793783574536631E-017   6.0994194583149297E-016   3.9510366158694597E-002  -7.4002927467107887E-016   3.8812061459812775E-017  -8.6096480297564825E-018  -5.2571182647559547E-018  -1.3062699891649292E-018  -8.0452095733834854E-018  -9.3917166288284009E-018  -1.1565836208870406E-017  -3.5414067834673657E-002  -1.5672901149566998E-014   3.0076867504564842E-015  -4.5230310956729037E-014  -4.5592503750977522E-014  -2.1382240861644634E-002  -9.8480092300893470E-015   1.8907921963861029E-015   3.1885268188321694E-014   1.4297983675451557E-014
   1.7854406488363161E-015  0.21244169114833852       -4.0440005706224502E-016   5.8680174144029324E-016  -8.6216343780706525E-016  -5.7611919138680481E-002   4.3017982516036877E-017   3.5437828188718896E-014   7.6445311553453083E-016  0.12079540907876098       -7.6507031915667359E-017  -5.8722551551048974E-017   1.7301602157314083E-018  -1.2597014317928376E-017  -5.1330947216343561E-017  -6.6544568960457678E-018  -6.8664224497237714E-017   4.8779038344304468E-014   7.6088657424467421E-016   3.9510366158696873E-002  -1.3168365975373994E-015  -3.5071412376346633E-017   2.4396150320967142E-018   6.9172698111541428E-018  -4.0755000416535940E-017   1.4253161222178920E-018  -3.6246787081402229E-017   1.1389653431806563E-014  -3.5414067834660570E-002  -2.5605474723168871E-014  -2.8569022523117380E-014  -1.8126099365680902E-014   7.1599809794869926E-015  -2.1382240861636363E-002  -1.6085426771339191E-014   1.4534144915602344E-014   7.1003157293327453E-015
  -9.6822497707444048E-018  -4.0440005706224502E-016  0.21244169114835937        2.4658900067406669E-015   2.0253338612316378E-016   7.9182551285329087E-016  -5.7611919138693207E-002  -2.8911557292152658E-014   2.5139462180125751E-017  -3.0794325236813099E-016  0.12079540907877000        5.5744841497221167E-017   6.0788107195979710E-019   2.3721585308317843E-017   7.2358111336875552E-017   3.5522498477991530E-017   9.2751143377638431E-017  -2.1629825428319335E-014   7.6259562876795408E-016   2.4091959700219813E-015   3.9510366158698192E-002   5.7883154168572471E-017  -4.4229819991448700E-018  -2.0162604665965355E-017   4.7083095590088322E-017  -1.5154411949722021E-017   3.7020338518151724E-017   1.4791188203707671E-014   4.7289537958097950E-014  -3.5414067834667190E-002   1.5711176425431935E-013   1.5285108663496842E-013   9.2882410993179858E-015   2.9710396437192909E-014  -2.1382240861640454E-002  -1.8021536539941154E-013  -9.5488569778134799E-014
  -8.5691826428266131E-016   5.8680174144029324E-016   2.4658900067406669E-015   4.7066272896934062E-004   8.5953862926258023E-016  -8.7156101760295682E-016  -2.3394898094583871E-015   1.0808540113607421E-002  -3.7136512612204262E-016   1.0472962297704920E-016   9.9865759227754791E-016   1.2981738107410946E-015  -9.7713575029660232E-018   6.0850117595729323E-018   1.2887528995963093E-015  -9.4089518810805930E-019   1.3014584030272420E-015   1.6479591365627756E-002  -1.8713290436578886E-016  -3.7610650153107982E-017   3.3150895283973175E-016   7.0691975279305394E-016  -2.0580617503253062E-018  -8.4247987496545054E-018   8.3039059139110716E-016   9.5721217332029371E-018   7.7108364539849785E-016  -5.7344131823355523E-015   1.1410236292770962E-015   9.7071351602296629E-015   3.2437852892742325E-003   6.9099434665751309E-003  -3.5852543734210480E-015   7.0711244489809960E-016   6.0565949482973920E-015  -3.6995554426109130E-003  -1.3598098313695650E-003
  -5.7611919138658478E-002  -8.6216343780706525E-016   2.0253338612316378E-016   8.5953862926258023E-016   1.5717490061645183E-002   5.6221185290152801E-016  -1.2608253096498949E-016  -5.7144027921730517E-015  -3.2807933264185137E-002  -4.8055465117064122E-016   1.3012819679293915E-016   6.7059507252247850E-018  -6.5116866572013418E-018  -1.3703965285696027E-018   4.2675953559480794E-018  -7.5024000753673667E-018  -5.6656554480876214E-018  -1.1684718798573945E-015  -1.0233129869026887E-002   8.5620516621589433E-016  -1.4217984116004605E-016  -2.2474583917237294E-018   6.6427531591056954E-018   1.9362133792795492E-018  -3.2475759736670281E-018   9.1701571626624686E-018  -3.5302412090871576E-019   1.8948638071435916E-002   1.8922662413626676E-014  -3.4900936281908051E-015   5.7138241532360653E-014   5.7537690128062947E-014   1.1671027571409035E-002   1.1888965500019935E-014  -2.1964071045378804E-015  -3.9504838890926552E-014  -1.7570297819530825E-014
  -1.5413477477640555E-015  -5.7611919138680481E-002   7.9182551285329087E-016  -8.7156101760295682E-016   5.6221185290152801E-016   1.5717490061654522E-002  -4.3855946929449839E-016  -4.1558636864389977E-014  -7.2312264897206851E-016  -3.2807933264195385E-002   1.9171594077611758E-016   2.7906882718489012E-017  -2.5913107170461881E-018   1.6406651159254834E-017   1.6388364191811326E-017   5.9456874128149893E-018   3.3612568552447904E-017  -5.7479330987826853E-014  -8.8917975706716329E-016  -1.0233129869030931E-002   1.4843190352032778E-015   7.6377485175831942E-018  -2.8081152943870969E-018  -1.0383999373649424E-017   1.4746081856614351E-017  -2.2410700583972727E-018   9.1522228985729372E-018  -1.3373509818504438E-014   1.8948638071418816E-002   2.9061646492765289E-014   3.3169439899551733E-014   2.0852538943959707E-014  -8.4082249388300387E-015   1.1671027571398188E-002   1.8254141696966448E-014  -1.7511716323483035E-014  -8.6866753564055074E-015
  -2.6385741023561371E-016   4.3017982516036877E-017  -5.7611919138693207E-002  -2.3394898094583871E-015  -1.2608253096498949E-016  -4.3855946929449839E-016   1.5717490061659987E-002   3.4619982300875656E-014  -1.0778544154316806E-016   3.6302699743472615E-016  -3.2807933264201859E-002  -4.8414495294343425E-018   1.8500970065920316E-018  -2.4861284188649307E-017  -1.6217450052079788E-017  -2.2588732215512134E-017  -3.2476288948100158E-017   2.7287939831609301E-014  -8.6274880711413183E-016  -2.9745326443323655E-015  -1.0233129869032380E-002  -3.2909144700567353E-017   2.9360716086603059E-018   2.3314953126052758E-017  -2.4785738954398832E-017   1.4175907122302107E-017  -1.6245637951608680E-017  -1.5590937341656376E-014  -5.9114824147648132E-014   1.8948638071426504E-002  -1.9051237344125141E-013  -1.8511213254044914E-013  -9.7955576982246999E-015  -3.7139741576642658E-014   1.1671027571402939E-002   2.1999729032101655E-013   1.1677637438438614E-013
   4.6580248412688108E-015   3.5437828188718896E-014  -2.8911557292152658E-014   1.0808540113607421E-002  -5.7144027921730517E-015  -4.1558636864389977E-014   3.4619982300875656E-014  0.44904800977752646        2.2280041056249671E-015   1.0214436417041108E-014  -9.8834042403838759E-015   3.3548024705325460E-014  -4.1482312143481075E-017  -2.5970740457311483E-016   3.3481646087751070E-014  -2.7167780807307472E-016   3.2654532670810026E-014  0.62632915443464487       -1.1197733300626510E-016  -2.9724490088881682E-015   1.7974559096187153E-015   1.5800639963079020E-014  -6.2921665883350618E-017   1.6312964599285611E-016   1.8537874228449092E-014  -2.2446635441117542E-017   1.6866468674622553E-014   6.8322988006713928E-015  -1.1584167176839606E-015  -1.1824954135633973E-014 -0.32199247863022618      -0.18897822239134629        4.2856549828922367E-015  -9.5319641398800628E-016  -7.1709951965664877E-015   8.3508065766409609E-002   3.0512651759045259E-002
  0.12079540907875150        7.6445311553453083E-016   2.5139462180125751E-017  -3.7136512612204262E-016  -3.2807933264185137E-002  -7.2312264897206851E-016  -1.0778544154316806E-016   2.2280041056249671E-015   6.8711017670558677E-002   1.8121950242426689E-016  -6.6512493425092293E-017  -1.8968110395147775E-017   9.4734099951481130E-018   1.4066942046516673E-018  -1.6785800880285550E-017   8.8008225374817591E-018  -5.8538032770449228E-018   4.3975784309057279E-016   2.2211443252711127E-002  -2.9933529251186063E-016  -1.2448538501197328E-017  -2.4757246828070026E-018  -5.7441923534329291E-018  -1.5781366075309038E-018  -1.7074838748773556E-018  -8.8376848719663436E-018  -4.7336723234304808E-018  -2.5071257550997986E-002  -5.8875477048260353E-015   5.8979497856879890E-016  -2.0505177755845426E-014  -2.0615475481452875E-014  -1.5259067281724874E-002  -3.6999563864990599E-015   3.7317174691731814E-016   1.6264610147283273E-014   7.6630204902801524E-015
   5.6464335429092797E-016  0.12079540907876098       -3.0794325236813099E-016   1.0472962297704920E-016  -4.8055465117064122E-016  -3.2807933264195385E-002   3.6302699743472615E-016   1.0214436417041108E-014   1.8121950242426689E-016   6.8711017670559482E-002  -7.3471290114313073E-017  -3.9717214337904547E-017   2.1043944667995248E-018  -1.4022570327647230E-017  -3.0490282040639419E-017  -5.9705209162434011E-018  -4.6959376027459822E-017   1.3983364899810572E-014   1.4072795058021224E-016   2.2211443252710898E-002  -3.1704561020878194E-016  -1.8952581693318593E-017   2.5206830948773921E-018   8.4260485225704860E-018  -2.5124051433830488E-017   1.7897635254906285E-018  -2.0252329040310131E-017   3.0563061767892510E-015  -2.5071257550990357E-002  -7.3803817814301684E-015  -8.2587919561960124E-015  -5.2260555419296370E-015   1.9197135287681293E-015  -1.5259067281720067E-002  -4.6298523273830215E-015   5.4141186172858980E-015   2.8384266932715510E-015
  -2.0814267771071040E-016  -7.6507031915667359E-017  0.12079540907877000        9.9865759227754791E-016   1.3012819679293915E-016   1.9171594077611758E-016  -3.2807933264201859E-002  -9.8834042403838759E-015  -6.6512493425092293E-017  -7.3471290114313073E-017   6.8711017670562979E-002   2.6270399578660268E-017  -7.1838381025898934E-019   2.3219564480156462E-017   3.9344958194604294E-017   2.7039598416141846E-017   5.6605890263637977E-017  -6.6782707689101250E-015   1.2159624343525136E-016   8.4695620875664601E-016   2.2211443252711221E-002   4.2001666557598857E-017  -3.4319745591111507E-018  -2.0889011563713309E-017   3.3117629883286646E-017  -1.3932501276262167E-017   2.4327197254405224E-017   3.0476946655204395E-015   1.6961142680494152E-014  -2.5071257550991894E-002   5.7677125804832000E-014   5.6353227040003434E-014   1.9098261854799430E-015   1.0651311501921838E-014  -1.5259067281720988E-002  -6.7504968204721728E-014  -3.5887151575879297E-014
  -3.6264600108657097E-017  -5.8722551551048974E-017   5.5744841497221167E-017   1.2981738107410946E-015   6.7059507252247850E-018   2.7906882718489012E-017  -4.8414495294343425E-018   3.3548024705325460E-014  -1.8968110395147775E-017  -3.9717214337904547E-017   2.6270399578660268E-017   3.6591775762433915E-027  -2.3829069740858016E-029   8.4841851070690522E-030   3.6380902299609129E-027  -8.8968162925745089E-030   3.6496572270176730E-027   5.0063849583317401E-014  -2.2818069481667448E-017   5.0636728826771653E-017   6.3160950489290855E-017   1.9506344017916320E-027  -5.5688321388541919E-030  -1.4058137163589777E-029   2.2859546098810144E-027   2.1518802043635376E-029   2.1181099982138325E-027  -3.0579802612348813E-016   1.2040824945536814E-015   1.0149566145251829E-015   1.5158369082002187E-015   1.2572290701273097E-014  -1.9231798212009312E-016   7.5642607524078989E-016   6.3804611557098777E-016  -4.7561387877284958E-015  -1.1064622945671901E-015
   1.4186221023646870E-017   1.7301602157314083E-018   6.0788107195979710E-019  -9.7713575029660232E-018  -6.5116866572013418E-018  -2.5913107170461881E-018   1.8500970065920316E-018  -4.1482312143481075E-017   9.4734099951481130E-018   2.1043944667995248E-018  -7.1838381025898934E-019  -2.3829069740858016E-029   5.5343061615933099E-031  -1.1258865100743458E-030  -2.3578126546495917E-029  -4.0788551453744929E-031  -2.5028263605572461E-029  -1.1630816835694408E-016  -1.1050839772797510E-017  -1.0580699733130679E-017   1.0464982554091243E-017  -1.5814932397065327E-029  -6.7412778034592312E-032   9.4326776336098100E-031  -1.8220358764313676E-029  -2.9859990092320260E-031  -1.7177113998285771E-029  -2.6795063441148144E-016  -2.1180832743282557E-016   2.0073728589216104E-016  -4.2565245674490414E-016  -4.5912823861989352E-016  -1.6832676861779439E-016  -1.3309708780585046E-016   1.2614944798793642E-016   1.1359124267286322E-016   9.0675441337492208E-018
   1.6056289935089962E-018  -1.2597014317928376E-017   2.3721585308317843E-017   6.0850117595729323E-018  -1.3703965285696027E-018   1.6406651159254834E-017  -2.4861284188649307E-017  -2.5970740457311483E-016   1.4066942046516673E-018  -1.4022570327647230E-017   2.3219564480156462E-017   8.4841851070690522E-030  -1.1258865100743458E-030   6.3562785784786348E-030   7.7650920155511511E-030   3.7342193981249296E-030   1.4354624968483664E-029  -2.7985915018564010E-016  -4.5048366787202175E-018   6.4396603532102200E-017  -9.0264523945517337E-017   1.2231017191639433E-029  -7.4456454345554412E-031  -5.6756156344747531E-030   1.4193488426389974E-029  -1.6087107922792884E-030   1.2143793049410869E-029  -9.3459895428235473E-017   1.2969171160869234E-015  -1.8407775891897645E-015   8.3536745004193315E-016   7.8248396550598359E-016  -5.8725298219815525E-017   8.1495449518722365E-016  -1.1566805861640605E-015  -5.8552045803903754E-016  -2.7133979453169679E-016
  -3.4161411658967293E-017  -5.1330947216343561E-017   7.2358111336875552E-017   1.2887528995963093E-015   4.2675953559480794E-018   1.6388364191811326E-017  -1.6217450052079788E-017   3.3481646087751070E-014  -1.6785800880285550E-017  -3.0490282040639419E-017   3.9344958194604294E-017   3.6380902299609129E-027  -2.3578126546495917E-029   7.7650920155511511E-030   3.6213761003620467E-027  -9.0301068340837624E-030   3.6293822029867172E-027   4.9918322949166437E-014  -3.2023851707315268E-017   3.1326622550162423E-018   3.0952258450526549E-017   1.9446303583833959E-027  -5.1323792567185445E-030  -1.2990701878584081E-029   2.2734614169502614E-027   1.9812459989106330E-029   2.1074981209756839E-027  -4.9233962803911286E-016   2.5454910753415302E-016   3.2735869957048831E-016   1.1194316257266344E-015   1.2162152861934353E-014  -3.0953546915237500E-016   1.5975243456213219E-016   2.0601535400569353E-016  -3.0770239988347524E-015  -7.7033653853135181E-017
   1.1375327334520167E-017  -6.6544568960457678E-018   3.5522498477991530E-017  -9.4089518810805930E-019  -7.5024000753673667E-018   5.9456874128149893E-018  -2.2588732215512134E-017  -2.7167780807307472E-016   8.8008225374817591E-018  -5.9705209162434011E-018   2.7039598416141846E-017  -8.8968162925745089E-030  -4.0788551453744929E-031   3.7342193981249296E-030  -9.0301068340837624E-030   2.6349014165377129E-030  -4.8424959424297981E-030  -3.4142203669102315E-016  -2.0579757578090463E-017   2.0037408464405379E-017  -5.9952720712133738E-017   6.8581644823216152E-032  -6.5408562674206266E-031  -3.6006918278477293E-030   1.9832812885785756E-031  -1.3569927446022749E-030  -6.0339087953733918E-031  -4.4221097357616391E-016   4.1386773486203545E-016  -1.2972436622184771E-015   4.9528023088163656E-016   4.2186707604924493E-016  -2.7784667193080119E-016   2.6005465759373754E-016  -8.1506553655242922E-016  -5.3992067383211991E-016  -2.9232906416568787E-016
  -2.0793783574536631E-017  -6.8664224497237714E-017   9.2751143377638431E-017   1.3014584030272420E-015  -5.6656554480876214E-018   3.3612568552447904E-017  -3.2476288948100158E-017   3.2654532670810026E-014  -5.8538032770449228E-018  -4.6959376027459822E-017   5.6605890263637977E-017   3.6496572270176730E-027  -2.5028263605572461E-029   1.4354624968483664E-029   3.6293822029867172E-027  -4.8424959424297981E-030   3.6490352188459439E-027   4.8982816628257932E-014  -6.1945953686195835E-017   6.4249826014299741E-017  -2.0373204117600469E-017   1.9624595076800060E-027  -6.2847219131359012E-030  -1.9407149939054911E-029   2.2978602652419988E-027   2.0109601377256522E-029   2.1298588495269866E-027  -1.1233230616452636E-015   1.5057207195575455E-015  -7.4539373019784404E-016   3.4450615080031664E-015   1.4295640902973954E-014  -7.0600199528432280E-016   9.4594017119079294E-016  -4.6803796469137136E-016  -5.3342393124784738E-015  -1.2454573405262548E-015
   6.0994194583149297E-016   4.8779038344304468E-014  -2.1629825428319335E-014   1.6479591365627756E-002  -1.1684718798573945E-015  -5.7479330987826853E-014   2.7287939831609301E-014  0.62632915443464487        4.3975784309057279E-016   1.3983364899810572E-014  -6.6782707689101250E-015   5.0063849583317401E-014  -1.1630816835694408E-016  -2.7985915018564010E-016   4.9918322949166437E-014  -3.4142203669102315E-016   4.8982816628257932E-014  0.88296310878111073        2.8518938794310087E-016  -4.0700280467996780E-015   1.7282421274861005E-015   2.4214764684137773E-014  -9.1513535782762258E-017   1.4482521310110856E-016   2.8417601900665783E-014   3.6329361089917105E-017   2.5958826633510919E-014   3.7108027241806872E-016  -1.0162487851918471E-015   7.1269797143858771E-015 -0.37577885057880744      -0.18716035643176288        3.4802406268115672E-016  -9.7864630928279893E-016   4.4959944361047191E-015   7.7955123365840040E-002   2.8305799898762689E-002
   3.9510366158694597E-002   7.6088657424467421E-016   7.6259562876795408E-016  -1.8713290436578886E-016  -1.0233129869026887E-002  -8.8917975706716329E-016  -8.6274880711413183E-016  -1.1197733300626510E-016   2.2211443252711127E-002   1.4072795058021224E-016   1.2159624343525136E-016  -2.2818069481667448E-017  -1.1050839772797510E-017  -4.5048366787202175E-018  -3.2023851707315268E-017  -2.0579757578090463E-017  -6.1945953686195835E-017   2.8518938794310087E-016   9.8227820943627420E-003   7.2029282217769643E-017  -4.7658415377802130E-017  -2.5143125025428329E-017   2.5825356069579185E-017   7.8845163382740916E-018  -2.9389913961742481E-017   3.2280557455784398E-017  -2.0078860517496519E-017   4.1422734522888395E-002   2.2454433189072989E-015  -1.3140901445396175E-016   8.2992970660605473E-015   8.5044968759660318E-015   2.6193085983649042E-002   1.4103722250577019E-015  -9.8823393353594821E-017  -9.4270847723221888E-015  -4.9271015210498173E-015
  -7.4002927467107887E-016   3.9510366158696873E-002   2.4091959700219813E-015  -3.7610650153107982E-017   8.5620516621589433E-016  -1.0233129869030931E-002  -2.9745326443323655E-015  -2.9724490088881682E-015  -2.9933529251186063E-016   2.2211443252710898E-002   8.4695620875664601E-016   5.0636728826771653E-017  -1.0580699733130679E-017   6.4396603532102200E-017   3.1326622550162423E-018   2.0037408464405379E-017   6.4249826014299741E-017  -4.0700280467996780E-015   7.2029282217769643E-017   9.8227820943617566E-003  -1.2025655060422667E-016  -1.6146572788390970E-017  -1.0574151516168689E-017  -4.2424485399663843E-017   1.1397236068196135E-017  -9.2627357828416491E-018  -1.0222053920026780E-017  -4.6266439214824673E-016   4.1422734522884176E-002   2.7850815010982147E-015   2.9129372884212642E-015   1.9287028982993005E-015  -2.8977185063283451E-016   2.6193085983646239E-002   1.7098990136867472E-015  -2.4646958595452232E-015  -1.3409854285339734E-015
   3.8812061459812775E-017  -1.3168365975373994E-015   3.9510366158698192E-002   3.3150895283973175E-016  -1.4217984116004605E-016   1.4843190352032778E-015  -1.0233129869032380E-002   1.7974559096187153E-015  -1.2448538501197328E-017  -3.1704561020878194E-016   2.2211443252711221E-002   6.3160950489290855E-017   1.0464982554091243E-017  -9.0264523945517337E-017   3.0952258450526549E-017  -5.9952720712133738E-017  -2.0373204117600469E-017   1.7282421274861005E-015  -4.7658415377802130E-017  -1.2025655060422667E-016   9.8227820943613143E-003  -7.7661785473319613E-017   8.0993325620729825E-018   8.7940613706018927E-017  -5.2983085634556766E-017   4.8897276560774811E-017  -2.4999213941916034E-017  -3.5799844083781281E-016  -5.2941112285309179E-015   4.1422734522881463E-002  -2.0000655950202482E-014  -1.9581344856122002E-014  -2.1930048659730974E-016  -3.2953101369394878E-015   2.6193085983644372E-002   2.4982691456647886E-014   1.3452337709339148E-014
  -8.6096480297564825E-018  -3.5071412376346633E-017   5.7883154168572471E-017   7.0691975279305394E-016  -2.2474583917237294E-018   7.6377485175831942E-018  -3.2909144700567353E-017   1.5800639963079020E-014  -2.4757246828070026E-018  -1.8952581693318593E-017   4.2001666557598857E-017   1.9506344017916320E-027  -1.5814932397065327E-029   1.2231017191639433E-029   1.9446303583833959E-027   6.8581644823216152E-032   1.9624595076800060E-027   2.4214764684137773E-014  -2.5143125025428329E-017  -1.6146572788390970E-017  -7.7661785473319613E-017   1.0848375959977285E-027  -2.4541719755743683E-030  -1.3617719811921041E-029   1.2613356137838281E-027   1.1003498719113656E-029   1.1744046735539886E-027  -4.5530284985494712E-016  -1.8086798653692026E-016  -1.7252292122631194E-015   5.6321277306548822E-015   1.1095816709084911E-014  -2.8615593246728987E-016  -1.1380477844785254E-016  -1.0839275722347653E-015  -1.9271059652291363E-015   4.0524972795676538E-016
  -5.2571182647559547E-018   2.4396150320967142E-018  -4.4229819991448700E-018  -2.0580617503253062E-018   6.6427531591056954E-018  -2.8081152943870969E-018   2.9360716086603059E-018  -6.2921665883350618E-017  -5.7441923534329291E-018   2.5206830948773921E-018  -3.4319745591111507E-018  -5.5688321388541919E-030  -6.7412778034592312E-032  -7.4456454345554412E-031  -5.1323792567185445E-030  -6.5408562674206266E-031  -6.2847219131359012E-030  -9.1513535782762258E-017   2.5825356069579185E-017  -1.0574151516168689E-017   8.0993325620729825E-018  -2.4541719755743683E-030   4.5108965704050753E-031   8.0501446983872988E-031  -3.5590550696441784E-030   4.6829211446294657E-031  -2.8042850816961057E-030   5.2088530332729364E-016  -2.1435944557515977E-016   1.7383239694189141E-016   1.0922197742197694E-017  -5.1117026808603493E-018   3.2731217809143785E-016  -1.3469734263781899E-016   1.0922126360277534E-016   2.4564901176160449E-016   1.5793886415832845E-016
  -1.3062699891649292E-018   6.9172698111541428E-018  -2.0162604665965355E-017  -8.4247987496545054E-018   1.9362133792795492E-018  -1.0383999373649424E-017   2.3314953126052758E-017   1.6312964599285611E-016  -1.5781366075309038E-018   8.4260485225704860E-018  -2.0889011563713309E-017  -1.4058137163589777E-029   9.4326776336098100E-031  -5.6756156344747531E-030  -1.2990701878584081E-029  -3.6006918278477293E-030  -1.9407149939054911E-029   1.4482521310110856E-016   7.8845163382740916E-018  -4.2424485399663843E-017   8.7940613706018927E-017  -1.3617719811921041E-029   8.0501446983872988E-031   5.4626702841389895E-030  -1.6836560040858125E-029   1.3145628275886001E-030  -1.4377892167371011E-029   1.5789927882221045E-016  -8.4919341189428575E-016   1.7822562154020222E-015  -7.7738195998214449E-016  -7.4627996275437557E-016   9.9221405062098422E-017  -5.3362012881854132E-016   1.1199193119732316E-015   1.0054810058229580E-015   5.4770779527882681E-016
  -8.0452095733834854E-018  -4.0755000416535940E-017   4.7083095590088322E-017   8.3039059139110716E-016  -3.2475759736670281E-018   1.4746081856614351E-017  -2.4785738954398832E-017   1.8537874228449092E-014  -1.7074838748773556E-018  -2.5124051433830488E-017   3.3117629883286646E-017   2.2859546098810144E-027  -1.8220358764313676E-029   1.4193488426389974E-029   2.2734614169502614E-027   1.9832812885785756E-031   2.2978602652419988E-027   2.8417601900665783E-014  -2.9389913961742481E-017   1.1397236068196135E-017  -5.2983085634556766E-017   1.2613356137838281E-027  -3.5590550696441784E-030  -1.6836560040858125E-029   1.4744421975019071E-027   1.4786863392598304E-029   1.3710367215165259E-027  -5.3982589087331299E-016   3.7496706900840440E-016  -1.2056659279811648E-015   6.7185963007084892E-015   1.3092907654515308E-014  -3.3926942597021154E-016   2.3546870608372902E-016  -7.5746894244789096E-016  -4.7186568494028384E-015  -1.1054232250374560E-015
  -9.3917166288284009E-018   1.4253161222178920E-018  -1.5154411949722021E-017   9.5721217332029371E-018   9.1701571626624686E-018  -2.2410700583972727E-018   1.4175907122302107E-017  -2.2446635441117542E-017  -8.8376848719663436E-018   1.7897635254906285E-018  -1.3932501276262167E-017   2.1518802043635376E-029  -2.9859990092320260E-031  -1.6087107922792884E-030   1.9812459989106330E-029  -1.3569927446022749E-030   2.0109601377256522E-029   3.6329361089917105E-017   3.2280557455784398E-017  -9.2627357828416491E-018   4.8897276560774811E-017   1.1003498719113656E-029   4.6829211446294657E-031   1.3145628275886001E-030   1.4786863392598304E-029   2.2391206935697785E-030   1.4561968483572693E-029   6.6173113699662687E-016  -1.8508762453893109E-016   1.0058674281443997E-015   5.5323673180373341E-016   5.6301488061617133E-016   4.1580527160561422E-016  -1.1630656563103251E-016   6.3204308818564146E-016  -6.5399972402902496E-016  -3.4485798715152426E-016
  -1.1565836208870406E-017  -3.6246787081402229E-017   3.7020338518151724E-017   7.7108364539849785E-016  -3.5302412090871576E-019   9.1522228985729372E-018  -1.6245637951608680E-017   1.6866468674622553E-014  -4.7336723234304808E-018  -2.0252329040310131E-017   2.4327197254405224E-017   2.1181099982138325E-027  -1.7177113998285771E-029   1.2143793049410869E-029   2.1074981209756839E-027  -6.0339087953733918E-031   2.1298588495269866E-027   2.5958826633510919E-014  -2.0078860517496519E-017  -1.0222053920026780E-017  -2.4999213941916034E-017   1.1744046735539886E-027  -2.8042850816961057E-030  -1.4377892167371011E-029   1.3710367215165259E-027   1.4561968483572693E-029   1.2765355043456169E-027  -3.4589114649818799E-016  -6.1488908046933204E-017  -6.2476200617809025E-016   6.9076924859221875E-015   1.2753376451785311E-014  -2.1741177624078903E-016  -3.8789628244864558E-017  -3.9245971508208312E-016  -3.9659592085122135E-015  -6.7623958711787774E-016
  -3.5414067834673657E-002   1.1389653431806563E-014   1.4791188203707671E-014  -5.7344131823355523E-015   1.8948638071435916E-002  -1.3373509818504438E-014  -1.5590937341656376E-014   6.8322988006713928E-015  -2.5071257550997986E-002   3.0563061767892510E-015   3.0476946655204395E-015  -3.0579802612348813E-016  -2.6795063441148144E-016  -9.3459895428235473E-017  -4.9233962803911286E-016  -4.4221097357616391E-016  -1.1233230616452636E-015   3.7108027241806872E-016   4.1422734522888395E-002  -4.6266439214824673E-016  -3.5799844083781281E-016  -4.5530284985494712E-016   5.2088530332729364E-016   1.5789927882221045E-016  -5.3982589087331299E-016   6.6173113699662687E-016  -3.4589114649818799E-016  0.93733251469179080       -2.7055461996083235E-016   8.5336683514946200E-017  -2.8574758331895358E-015  -6.6702521249792893E-016  0.58889128930027779       -1.7411942916194857E-016  -2.6435394157352327E-016   1.5687551949868074E-015   7.3730850788296881E-016
  -1.5672901149566998E-014  -3.5414067834660570E-002   4.7289537958097950E-014   1.1410236292770962E-015   1.8922662413626676E-014   1.8948638071418816E-002  -5.9114824147648132E-014  -1.1584167176839606E-015  -5.8875477048260353E-015  -2.5071257550990357E-002   1.6961142680494152E-014   1.2040824945536814E-015  -2.1180832743282557E-016   1.2969171160869234E-015   2.5454910753415302E-016   4.1386773486203545E-016   1.5057207195575455E-015  -1.0162487851918471E-015   2.2454433189072989E-015   4.1422734522884176E-002  -5.2941112285309179E-015  -1.8086798653692026E-016  -2.1435944557515977E-016  -8.4919341189428575E-016   3.7496706900840440E-016  -1.8508762453893109E-016  -6.1488908046933204E-017  -2.7055461996083235E-016  0.93733251469179246        4.9583022860738674E-016   7.9424146879225829E-016  -1.5941598869002494E-015  -1.3832613747277279E-016  0.58889128930027601       -4.9505860574455488E-016   5.5901951379220588E-016   2.1962494607695550E-016
   3.0076867504564842E-015  -2.5605474723168871E-014  -3.5414067834667190E-002   9.7071351602296629E-015  -3.4900936281908051E-015   2.9061646492765289E-014   1.8948638071426504E-002  -1.1824954135633973E-014   5.8979497856879890E-016  -7.3803817814301684E-015  -2.5071257550991894E-002   1.0149566145251829E-015   2.0073728589216104E-016  -1.8407775891897645E-015   3.2735869957048831E-016  -1.2972436622184771E-015  -7.4539373019784404E-016   7.1269797143858771E-015  -1.3140901445396175E-016   2.7850815010982147E-015   4.1422734522881463E-002  -1.7252292122631194E-015   1.7383239694189141E-016   1.7822562154020222E-015  -1.2056659279811648E-015   1.0058674281443997E-015  -6.2476200617809025E-016   8.5336683514946200E-017   4.9583022860738674E-016  0.93733251469179857        4.9159397820217765E-016   3.6449455476690961E-015   1.9849302396604531E-016   9.4546663279849153E-016  0.58889128930027657       -5.5297043273956656E-015  -3.1025687179664310E-015
  -4.5230310956729037E-014  -2.8569022523117380E-014   1.5711176425431935E-013   3.2437852892742325E-003   5.7138241532360653E-014   3.3169439899551733E-014  -1.9051237344125141E-013 -0.32199247863022618       -2.0505177755845426E-014  -8.2587919561960124E-015   5.7677125804832000E-014   1.5158369082002187E-015  -4.2565245674490414E-016   8.3536745004193315E-016   1.1194316257266344E-015   4.9528023088163656E-016   3.4450615080031664E-015 -0.37577885057880744        8.2992970660605473E-015   2.9129372884212642E-015  -2.0000655950202482E-014   5.6321277306548822E-015   1.0922197742197694E-017  -7.7738195998214449E-016   6.7185963007084892E-015   5.5323673180373341E-016   6.9076924859221875E-015  -2.8574758331895358E-015   7.9424146879225829E-016   4.9159397820217765E-016  0.80557595725845588       0.73413795510599167       -7.9567753801191284E-016   4.4891914740960784E-016  -2.7549655600484939E-015 -0.37850444536891403      -0.14445856096896259     
  -4.5592503750977522E-014  -1.8126099365680902E-014   1.5285108663496842E-013   6.9099434665751309E-003   5.7537690128062947E-014   2.0852538943959707E-014  -1.8511213254044914E-013 -0.18897822239134629       -2.0615475481452875E-014  -5.2260555419296370E-015   5.6353227040003434E-014   1.2572290701273097E-014  -4.5912823861989352E-016   7.8248396550598359E-016   1.2162152861934353E-014   4.2186707604924493E-016   1.4295640902973954E-014 -0.18716035643176288        8.5044968759660318E-015   1.9287028982993005E-015  -1.9581344856122002E-014   1.1095816709084911E-014  -5.1117026808603493E-018  -7.4627996275437557E-016   1.3092907654515308E-014   5.6301488061617133E-016   1.2753376451785311E-014  -6.6702521249792893E-016  -1.5941598869002494E-015   3.6449455476690961E-015  0.73413795510599167       0.70333541152557910        6.2761465648655089E-016  -1.1130576401021498E-015  -7.1359400643497516E-016 -0.35299111922366960      -0.13139593192780305     
  -2.1382240861644634E-002   7.1599809794869926E-015   9.2882410993179858E-015  -3.5852543734210480E-015   1.1671027571409035E-002  -8.4082249388300387E-015  -9.7955576982246999E-015   4.2856549828922367E-015  -1.5259067281724874E-002   1.9197135287681293E-015   1.9098261854799430E-015  -1.9231798212009312E-016  -1.6832676861779439E-016  -5.8725298219815525E-017  -3.0953546915237500E-016  -2.7784667193080119E-016  -7.0600199528432280E-016   3.4802406268115672E-016   2.6193085983649042E-002  -2.8977185063283451E-016  -2.1930048659730974E-016  -2.8615593246728987E-016   3.2731217809143785E-016   9.9221405062098422E-017  -3.3926942597021154E-016   4.1580527160561422E-016  -2.1741177624078903E-016  0.58889128930027779       -1.3832613747277279E-016   1.9849302396604531E-016  -7.9567753801191284E-016   6.2761465648655089E-016  0.36998213932237967       -8.9517072763253233E-017  -7.5113952333152879E-017   9.1908651045256570E-016   5.6647718527499760E-016
  -9.8480092300893470E-015  -2.1382240861636363E-002   2.9710396437192909E-014   7.0711244489809960E-016   1.1888965500019935E-014   1.1671027571398188E-002  -3.7139741576642658E-014  -9.5319641398800628E-016  -3.6999563864990599E-015  -1.5259067281720067E-002   1.0651311501921838E-014   7.5642607524078989E-016  -1.3309708780585046E-016   8.1495449518722365E-016   1.5975243456213219E-016   2.6005465759373754E-016   9.4594017119079294E-016  -9.7864630928279893E-016   1.4103722250577019E-015   2.6193085983646239E-002  -3.2953101369394878E-015  -1.1380477844785254E-016  -1.3469734263781899E-016  -5.3362012881854132E-016   2.3546870608372902E-016  -1.1630656563103251E-016  -3.8789628244864558E-017  -1.7411942916194857E-016  0.58889128930027601        9.4546663279849153E-016   4.4891914740960784E-016  -1.1130576401021498E-015  -8.9517072763253233E-017  0.36998213932237695        8.7236463117254517E-017   1.2897410831186533E-015   7.2864253331307793E-016
   1.8907921963861029E-015  -1.6085426771339191E-014  -2.1382240861640454E-002   6.0565949482973920E-015  -2.1964071045378804E-015   1.8254141696966448E-014   1.1671027571402939E-002  -7.1709951965664877E-015   3.7317174691731814E-016  -4.6298523273830215E-015  -1.5259067281720988E-002   6.3804611557098777E-016   1.2614944798793642E-016  -1.1566805861640605E-015   2.0601535400569353E-016  -8.1506553655242922E-016  -4.6803796469137136E-016   4.4959944361047191E-015  -9.8823393353594821E-017   1.7098990136867472E-015   2.6193085983644372E-002  -1.0839275722347653E-015   1.0922126360277534E-016   1.1199193119732316E-015  -7.5746894244789096E-016   6.3204308818564146E-016  -3.9245971508208312E-016  -2.6435394157352327E-016  -4.9505860574455488E-016  0.58889128930027657       -2.7549655600484939E-015  -7.1359400643497516E-016  -7.5113952333152879E-017   8.7236463117254517E-017  0.36998213932237523        4.1666885381569442E-015   2.5797304834374686E-015
   3.1885268188321694E-014   1.4534144915602344E-014  -1.8021536539941154E-013  -3.6995554426109130E-003  -3.9504838890926552E-014  -1.7511716323483035E-014   2.1999729032101655E-013   8.3508065766409609E-002   1.6264610147283273E-014   5.4141186172858980E-015  -6.7504968204721728E-014  -4.7561387877284958E-015   1.1359124267286322E-016  -5.8552045803903754E-016  -3.0770239988347524E-015  -5.3992067383211991E-016  -5.3342393124784738E-015   7.7955123365840040E-002  -9.4270847723221888E-015  -2.4646958595452232E-015   2.4982691456647886E-014  -1.9271059652291363E-015   2.4564901176160449E-016   1.0054810058229580E-015  -4.7186568494028384E-015  -6.5399972402902496E-016  -3.9659592085122135E-015   1.5687551949868074E-015   5.5901951379220588E-016  -5.5297043273956656E-015 -0.37850444536891403      -0.35299111922366960        9.1908651045256570E-016   1.2897410831186533E-015   4.1666885381569442E-015   1.0235482506851055       0.61390476970626218     
   1.4297983675451557E-014   7.1003157293327453E-015  -9.5488569778134799E-014  -1.3598098313695650E-003  -1.7570297819530825E-014  -8.6866753564055074E-015   1.1677637438438614E-013   3.0512651759045259E-002   7.6630204902801524E-015   2.8384266932715510E-015  -3.5887151575879297E-014  -1.1064622945671901E-015   9.0675441337492208E-018  -2.7133979453169679E-016  -7.7033653853135181E-017  -2.9232906416568787E-016  -1.2454573405262548E-015   2.8305799898762689E-002  -4.9271015210498173E-015  -1.3409854285339734E-015   1.3452337709339148E-014   4.0524972795676538E-016   1.5793886415832845E-016   5.4770779527882681E-016  -1.1054232250374560E-015  -3.4485798715152426E-016  -6.7623958711787774E-016   7.3730850788296881E-016   2.1962494607695550E-016  -3.1025687179664310E-015 -0.14445856096896259      -0.13139593192780305        5.6647718527499760E-016   7.2864253331307793E-016   2.5797304834374686E-015  0.61390476970626218       0.37931744543841717     
