   4.2032570133089565E-003  -3.3728426242458416E-016  -3.0342060216479389E-003  -5.5847597272514627E-017   3.8893756094516438E-002  -1.3097550131383313E-016  -8.6393518197881887E-004  -7.8489099320962026E-017   9.8335645223795735E-018   1.0785200327301937E-017  -8.0511237355629385E-018   7.0994598850060072E-018   2.9324217128698430E-018  -8.0352582107651785E-018   4.0309684820524293E-002   1.0782629699494699E-017  -5.0732446885091379E-005  -5.7816304544344199E-017  -4.2133694806288430E-018  -2.0237129856043554E-019   2.4522082267469237E-018  -4.6389718047383780E-018  -4.1280191859070022E-018   1.3302905598590996E-019   2.5803989315391747E-002  -2.0287787415609666E-018   5.9990164222723094E-005   4.8431283152399275E-016   5.9573427745433830E-016
  -3.3728426242458416E-016   5.5888777214446406E-002  -2.8680992270571514E-017  -3.6506384193181007E-017   2.0686442708711668E-016   5.3610271381237896E-002  -8.6971902876006151E-017   4.0378360760329100E-016  -5.4347233929224529E-017  -1.7697450017296351E-019   1.3894351273597340E-018  -5.8250628142948035E-017  -1.7057104583290108E-019  -5.6449723873449852E-017   3.0164696751157174E-016   4.1173875613644384E-002  -4.8701852977222367E-017   1.3760704120745303E-016  -1.8261013144138902E-017  -2.0872957677830194E-020   8.7089701514998711E-020  -2.0917072958226789E-017   1.1067684180890019E-019  -2.1321283609288847E-017   2.0509434273719056E-016   2.4782099956963871E-002  -2.7475549043321471E-017   8.6686421955137547E-016   1.1601714479486063E-015
  -3.0342060216479389E-003  -2.8680992270571514E-017   5.5710653706237567E-002  -3.9915294160874838E-017  -8.6393518197941518E-004  -7.5842534914111736E-017   5.3559553940041714E-002   3.2928089524861501E-017   4.1536418038680100E-017   1.4352236339795864E-018  -1.9492298893850699E-018   4.0697932450009247E-017  -2.0706025908202979E-018   3.2517015832348155E-017  -5.0732446885694196E-005  -4.9144920510123755E-017   4.1170897357930801E-002   2.9670688481593031E-017   3.1342007700555501E-017   7.7003138174536099E-019   3.5597599991048123E-019   3.1507148352025018E-017  -7.8074308847365156E-020   3.1020064771539063E-017   5.9990164222324324E-005  -2.2784810606709561E-017   2.4785621688327191E-002   1.9690363232058302E-016   2.3913401890796015E-016
  -5.5847597272514627E-017  -3.6506384193181007E-017  -3.9915294160874838E-017   1.9188727897037499E-003  -1.8245058972878344E-016  -7.4710658882476249E-017  -4.3782429051701320E-017   1.4508399224475452E-002   1.8687103357480517E-004   7.9684606353048836E-018   1.9033900207334073E-005  -9.3919359938928550E-005   2.9472498201824410E-018  -9.2951673635949605E-005  -2.6097618444870894E-016  -2.2110200878293774E-017  -4.4945139208389651E-017   1.2024216480068999E-002   5.9698977237193548E-005  -9.8922251564304347E-019   6.0806875922835070E-006  -3.0004060147275411E-005  -1.9736136606871292E-018  -2.9694917090297757E-005  -1.4384635158890406E-016  -2.6960746942085307E-017  -1.8813402613390313E-017  -4.5590913192245707E-003  -2.6026006660639250E-003
   3.8893756094516438E-002   2.0686442708711668E-016  -8.6393518197941518E-004  -1.8245058972878344E-016  0.37372939429750007        2.0263197800751786E-015   1.8920946736208290E-002   2.1157611058377980E-015   1.4630748474218121E-016   1.0448633805425716E-016  -7.5329671539326280E-017   7.3618955437855882E-017   2.7157912133128262E-017  -7.5982386909039995E-017  0.38776449035042954        2.6323427608142125E-015   2.0445195195378289E-002   1.8010186649266506E-015  -1.9672725111766251E-017  -1.5553468842889868E-018   2.4273582459098225E-017  -3.1083834958938315E-017  -3.9752379769171714E-017   1.4601977663604794E-017  0.24827199567919081        1.5058803823714394E-015   1.3179318634449020E-002  -2.0154563936392111E-015  -2.1030571960411619E-015
  -1.3097550131383313E-016   5.3610271381237896E-002  -7.5842534914111736E-017  -7.4710658882476249E-017   2.0263197800751786E-015   5.1424656985107092E-002  -3.3323443569751928E-017   9.3304505357230543E-017  -5.8019497877467807E-017  -1.6975950189960589E-019   7.3307065276007753E-019  -5.2916626476970760E-017  -1.6361710727148891E-019  -5.1219632321191797E-017   2.1852135056411712E-015   3.9495275357254445E-002   2.0646895545162215E-017  -1.1959642601155652E-016  -2.1046432157606442E-017  -2.0021996927076527E-020  -2.7600108038450264E-019  -1.8290226896910195E-017   1.0616470462719695E-019  -1.8696237535489188E-017   1.4105150794985438E-015   2.3771769043935721E-002   1.8456613246408481E-017  -1.0760416759457138E-015  -1.3671230256793472E-015
  -8.6393518197881887E-004  -8.6971902876006151E-017   5.3559553940041714E-002  -4.3782429051701320E-017   1.8920946736208290E-002  -3.3323443569751928E-017   5.2535413930163456E-002   1.7971169893191187E-016   4.6806387721136472E-017   6.9032630951501086E-018  -5.9478083688504984E-018   4.3499492150830574E-017  -5.5700787629252087E-019   2.7716443987216227E-017   2.0445195195378112E-002   4.0039506206696290E-017   4.0695513531005187E-002   1.4862018185198876E-016   2.7765764367212924E-017   6.5872732928619139E-019   1.4877120126709644E-018   2.9353093247589443E-017  -2.1761043203548812E-018   3.1291989096195200E-017   1.3179318634448803E-002   2.6488779806522284E-017   2.4545462871650773E-002  -1.2223298627791512E-015  -1.5261320355049724E-015
  -7.8489099320962026E-017   4.0378360760329100E-016   3.2928089524861501E-017   1.4508399224475452E-002   2.1157611058377980E-015   9.3304505357230543E-017   1.7971169893191187E-016  0.10970039072222261        1.4116247174994240E-003   6.1499419495977829E-017   1.4378217687940439E-004  -7.0946731232393340E-004   2.3547117153216786E-017  -7.0215740517600171E-004   1.6504741027205220E-015   3.3282599366505911E-016   9.8473538855534211E-017   9.0912034050990714E-002   4.4991634273828509E-004  -7.5799656229215577E-018   4.5826592840684229E-005  -2.2612308675112682E-004  -1.5355056024359753E-017  -2.2379325598994451E-004   1.2378251151114563E-015   1.0007435771110712E-016   1.3483672747306980E-016  -3.5745620116598473E-002  -2.1291550746537252E-002
   9.8335645223795735E-018  -5.4347233929224529E-017   4.1536418038680100E-017   1.8687103357480517E-004   1.4630748474218121E-016  -5.8019497877467807E-017   4.6806387721136472E-017   1.4116247174994240E-003   1.8625996851906992E-005   3.6094928130048884E-019   1.8971659682052306E-006  -9.3612245252377428E-006  -1.3221198458677262E-019  -9.2647723266897825E-006   1.4818141676234700E-016  -3.9299945412761567E-017   4.0660837668777550E-017   1.1715945129373319E-003   6.2988429667584036E-006  -6.2965263895938524E-020   6.4157374290638864E-007  -3.1657303354244898E-006  -4.8582287374779632E-020  -3.1331126313987783E-006   9.5641281906780362E-017  -2.5972074114581727E-017   2.3985826520390450E-017  -2.0930279625685404E-005   2.8202469947635338E-004
   1.0785200327301937E-017  -1.7697450017296351E-019   1.4352236339795864E-018   7.9684606353048836E-018   1.0448633805425716E-016  -1.6975950189960589E-019   6.9032630951501086E-018   6.1499419495977829E-017   3.6094928130048884E-019   4.6543683083056662E-031   3.6764780868461354E-020  -1.8140920409278222E-019   4.2690131213285642E-031  -1.7954007719492565E-019   1.0843568834751484E-016  -1.3037905676347373E-019   6.9566317765102438E-018   4.9344074908480392E-017  -2.2309566764530931E-019  -3.6927233676407317E-032  -2.2723589598379289E-020   1.1212546916418664E-019  -1.5878866867812689E-031   1.1097019850662977E-019   6.9430349308780020E-017  -7.8473711031954932E-020   4.4315742771293790E-018  -4.2977967275093657E-016  -5.3083000868049138E-016
  -8.0511237355629385E-018   1.3894351273597340E-018  -1.9492298893850699E-018   1.9033900207334073E-005  -7.5329671539326280E-017   7.3307065276007753E-019  -5.9478083688504984E-018   1.4378217687940439E-004   1.8971659682052306E-006   3.6764780868461354E-020   1.9323737352331760E-007  -9.5349509243532924E-007  -1.3466558582341875E-020  -9.4367087577199248E-007  -7.8624362832952956E-017   1.0988080092310558E-018  -5.5214790110502577E-018   1.1933370633273005E-004   6.4157374290496806E-007  -6.4133778605816829E-021   6.5348012287061889E-008  -3.2244802276303396E-007  -4.9483881583829053E-021  -3.1912572014854100E-007  -5.0273011464416297E-017   4.2527165074810799E-019  -3.5847255655746256E-018  -2.1318705523596889E-006   2.8725853779068067E-005
   7.0994598850060072E-018  -5.8250628142948035E-017   4.0697932450009247E-017  -9.3919359938928550E-005   7.3618955437855882E-017  -5.2916626476970760E-017   4.3499492150830574E-017  -7.0946731232393340E-004  -9.3612245252377428E-006  -1.8140920409278222E-019  -9.5349509243532924E-007   4.7048501784182623E-006   6.6448313216177389E-020   4.6563743468297991E-006   7.9143130819837297E-017  -4.3284917773171290E-017   3.3423663723837899E-017  -5.8883072811276185E-004  -3.1657303354001859E-006   3.1645660487111262E-020  -3.2244802276127240E-007   1.5910618203119759E-006   2.4416932077983466E-020   1.5746685151208102E-006   5.0390398419679755E-017  -2.4887775470635170E-017   2.0714449325819815E-017   1.0519332112674288E-005  -1.4174256307586164E-004
   2.9324217128698430E-018  -1.7057104583290108E-019  -2.0706025908202979E-018   2.9472498201824410E-018   2.7157912133128262E-017  -1.6361710727148891E-019  -5.5700787629252087E-019   2.3547117153216786E-017  -1.3221198458677262E-019   4.2690131213285642E-031  -1.3466558582341875E-020   6.6448313216177389E-020   4.1778940395755511E-031   6.5763671383660639E-020   2.8147326520571284E-017  -1.2566156166684121E-019   1.3376180108141662E-022   1.7873795041187659E-017  -3.8404095698034168E-019  -3.4392871557222497E-032  -3.9116802165628888E-020   1.9301483050868725E-019  -1.4678782731021437E-031   1.9102612649842809E-019   1.8018412579163462E-017  -7.5634302953619699E-020   6.3297048066171256E-020  -4.2197376775089119E-016  -5.2923965345819075E-016
  -8.0352582107651785E-018  -5.6449723873449852E-017   3.2517015832348155E-017  -9.2951673635949605E-005  -7.5982386909039995E-017  -5.1219632321191797E-017   2.7716443987216227E-017  -7.0215740517600171E-004  -9.2647723266897825E-006  -1.7954007719492565E-019  -9.4367087577199248E-007   4.6563743468297991E-006   6.5763671383660639E-020   4.6083979798701936E-006  -7.6227839718130942E-017  -4.1954348860259676E-017   1.8939426978616579E-017  -5.8276378482504613E-004  -3.1331126313757234E-006   3.1319603407817521E-020  -3.1912572014689935E-007   1.5746685151213120E-006   2.4165355292343235E-020   1.5584441162866761E-006  -4.9098729221689148E-017  -2.4098923556512735E-017   1.1641412276804347E-017   1.0410947499893652E-005  -1.4028213641721540E-004
   4.0309684820524293E-002   3.0164696751157174E-016  -5.0732446885694196E-005  -2.6097618444870894E-016  0.38776449035042954        2.1852135056411712E-015   2.0445195195378112E-002   1.6504741027205220E-015   1.4818141676234700E-016   1.0843568834751484E-016  -7.8624362832952956E-017   7.9143130819837297E-017   2.8147326520571284E-017  -7.6227839718130942E-017  0.40233949950969505        2.7949640648345459E-015   2.1838681507257159E-002   1.4276541318875484E-015  -1.9123991617051657E-017  -1.6021222848658681E-018   2.5274164877415407E-017  -3.2182309507059990E-017  -4.1247827361223523E-017   1.5217612216574343E-017  0.25760526628883018        1.6009128255616464E-015   1.4050960588001411E-002   7.1774221026861729E-016   1.2558039394894189E-015
   1.0782629699494699E-017   4.1173875613644384E-002  -4.9144920510123755E-017  -2.2110200878293774E-017   2.6323427608142125E-015   3.9495275357254445E-002   4.0039506206696290E-017   3.3282599366505911E-016  -3.9299945412761567E-017  -1.3037905676347373E-019   1.0988080092310558E-018  -4.3284917773171290E-017  -1.2566156166684121E-019  -4.1954348860259676E-017   2.7949640648345459E-015   3.0333246092377440E-002   8.3301722437506492E-017   1.3174358517522353E-016  -1.2995215134997012E-017  -1.5377337024529499E-020   1.1079703314161729E-019  -1.5639959595539111E-017   8.1536844158451903E-020  -1.5935374982058521E-017   1.7982917614455765E-015   1.8257245048638869E-002   5.7285997997435493E-017   8.9681343331749463E-016   1.1894029084132542E-015
  -5.0732446885091379E-005  -4.8701852977222367E-017   4.1170897357930801E-002  -4.4945139208389651E-017   2.0445195195378289E-002   2.0646895545162215E-017   4.0695513531005187E-002   9.8473538855534211E-017   4.0660837668777550E-017   6.9566317765102438E-018  -5.5214790110502577E-018   3.3423663723837899E-017   1.3376180108141662E-022   1.8939426978616579E-017   2.1838681507257159E-002   8.3301722437506492E-017   3.1615289083843805E-002   9.4563369771680468E-017   2.4386261925202090E-017   4.8199004859684631E-019   1.8677424752945645E-018   2.0398875834896210E-017  -2.3004463684240127E-018   2.2627854919232583E-017   1.4050960588001305E-002   5.0737363456968649E-017   1.9082108744701919E-002   2.1950147731690358E-015   2.7876526462746984E-015
  -5.7816304544344199E-017   1.3760704120745303E-016   2.9670688481593031E-017   1.2024216480068999E-002   1.8010186649266506E-015  -1.1959642601155652E-016   1.4862018185198876E-016   9.0912034050990714E-002   1.1715945129373319E-003   4.9344074908480392E-017   1.1933370633273005E-004  -5.8883072811276185E-004   1.7873795041187659E-017  -5.8276378482504613E-004   1.4276541318875484E-015   1.3174358517522353E-016   9.4563369771680468E-017   7.5348106521568509E-002   3.7477901193031719E-004  -6.1514318826326244E-018   3.8173419263759224E-005  -1.8835987710839639E-004  -1.2163565305311955E-017  -1.8641913482433909E-004   1.0579961588631885E-015  -7.6593261769896063E-018   1.1308038366447230E-016  -2.7968634880347190E-002  -1.5549265462121072E-002
  -4.2133694806288430E-018  -1.8261013144138902E-017   3.1342007700555501E-017   5.9698977237193548E-005  -1.9672725111766251E-017  -2.1046432157606442E-017   2.7765764367212924E-017   4.4991634273828509E-004   6.2988429667584036E-006  -2.2309566764530931E-019   6.4157374290496806E-007  -3.1657303354001859E-006  -3.8404095698034168E-019  -3.1331126313757234E-006  -1.9123991617051657E-017  -1.2995215134997012E-017   2.4386261925202090E-017   3.7477901193031719E-004   2.4076985476945287E-006   7.0923845486880727E-021   2.4523808216681977E-007  -1.2100832440620833E-006   1.0157398221800637E-019  -1.1976153036759114E-006  -1.3253359564879624E-017  -9.3679081574988746E-018   1.3000015861453005E-017   3.3823840207533400E-004   5.2667965716729015E-004
  -2.0237129856043554E-019  -2.0872957677830194E-020   7.7003138174536099E-019  -9.8922251564304347E-019  -1.5553468842889868E-018  -2.0021996927076527E-020   6.5872732928619139E-019  -7.5799656229215577E-018  -6.2965263895938524E-020  -3.6927233676407317E-032  -6.4133778605816829E-021   3.1645660487111262E-020  -3.4392871557222497E-032   3.1319603407817521E-020  -1.6021222848658681E-018  -1.5377337024529499E-020   4.8199004859684631E-019  -6.1514318826326244E-018   7.0923845486880727E-021   3.1325398984698923E-033   7.2240056235198261E-022  -3.5645557510728892E-021   1.2394072079319255E-032  -3.5278287995960837E-021  -1.0245104484338835E-018  -9.2554489354506299E-021   2.8656979221511078E-019   3.5382134276079794E-017   4.3151110479150767E-017
   2.4522082267469237E-018   8.7089701514998711E-020   3.5597599991048123E-019   6.0806875922835070E-006   2.4273582459098225E-017  -2.7600108038450264E-019   1.4877120126709644E-018   4.5826592840684229E-005   6.4157374290638864E-007  -2.2723589598379289E-020   6.5348012287061889E-008  -3.2244802276127240E-007  -3.9116802165628888E-020  -3.1912572014689935E-007   2.5274164877415407E-017   1.1079703314161729E-019   1.8677424752945645E-018   3.8173419263759224E-005   2.4523808216681977E-007   7.2240056235198261E-022   2.4978923130741610E-008  -1.2325400715972005E-007   1.0345900080180378E-020  -1.2198407501152698E-007   1.6074787193607508E-017  -9.0805204573490893E-020   1.0143365126472971E-018   3.4451545905061443E-005   5.3645382294749106E-005
  -4.6389718047383780E-018  -2.0917072958226789E-017   3.1507148352025018E-017  -3.0004060147275411E-005  -3.1083834958938315E-017  -1.8290226896910195E-017   2.9353093247589443E-017  -2.2612308675112682E-004  -3.1657303354244898E-006   1.1212546916418664E-019  -3.2244802276303396E-007   1.5910618203119759E-006   1.9301483050868725E-019   1.5746685151213120E-006  -3.2182309507059990E-017  -1.5639959595539111E-017   2.0398875834896210E-017  -1.8835987710839639E-004  -1.2100832440620833E-006  -3.5645557510728892E-021  -1.2325400715972005E-007   6.0817474802314649E-007  -5.1049984658972044E-020   6.0190849606078247E-007  -2.0019831852530609E-017  -8.6363990680876773E-018   1.3031544407747268E-017  -1.6999496189684009E-004  -2.6470349818778787E-004
  -4.1280191859070022E-018   1.1067684180890019E-019  -7.8074308847365156E-020  -1.9736136606871292E-018  -3.9752379769171714E-017   1.0616470462719695E-019  -2.1761043203548812E-018  -1.5355056024359753E-017  -4.8582287374779632E-020  -1.5878866867812689E-031  -4.9483881583829053E-021   2.4416932077983466E-020  -1.4678782731021437E-031   2.4165355292343235E-020  -4.1247827361223523E-017   8.1536844158451903E-020  -2.3004463684240127E-018  -1.2163565305311955E-017   1.0157398221800637E-019   1.2394072079319255E-032   1.0345900080180378E-020  -5.1049984658972044E-020   5.4519158274519677E-032  -5.0523997568014255E-020  -2.6409818519323534E-017   4.9076123925234159E-020  -1.4775556511608594E-018   1.4684914400604201E-016   1.8261321338334118E-016
   1.3302905598590996E-019  -2.1321283609288847E-017   3.1020064771539063E-017  -2.9694917090297757E-005   1.4601977663604794E-017  -1.8696237535489188E-017   3.1291989096195200E-017  -2.2379325598994451E-004  -3.1331126313987783E-006   1.1097019850662977E-019  -3.1912572014854100E-007   1.5746685151208102E-006   1.9102612649842809E-019   1.5584441162866761E-006   1.5217612216574343E-017  -1.5935374982058521E-017   2.2627854919232583E-017  -1.8641913482433909E-004  -1.1976153036759114E-006  -3.5278287995960837E-021  -1.2198407501152698E-007   6.0190849606078247E-007  -5.0523997568014255E-020   5.9570680763674938E-007   1.0322547774058504E-017  -8.8222132719288364E-018   1.4471409832502800E-017  -1.6824344020520437E-004  -2.6197615901393730E-004
   2.5803989315391747E-002   2.0509434273719056E-016   5.9990164222324324E-005  -1.4384635158890406E-016  0.24827199567919081        1.4105150794985438E-015   1.3179318634448803E-002   1.2378251151114563E-015   9.5641281906780362E-017   6.9430349308780020E-017  -5.0273011464416297E-017   5.0390398419679755E-017   1.8018412579163462E-017  -4.9098729221689148E-017  0.25760526628883018        1.7982917614455765E-015   1.4050960588001305E-002   1.0579961588631885E-015  -1.3253359564879624E-017  -1.0245104484338835E-018   1.6074787193607508E-017  -2.0019831852530609E-017  -2.6409818519323534E-017   1.0322547774058504E-017  0.16493666432637777        1.0303004660510346E-015   9.0375299097475020E-003  -1.1536202418611451E-015  -1.1993106039083745E-015
  -2.0287787415609666E-018   2.4782099956963871E-002  -2.2784810606709561E-017  -2.6960746942085307E-017   1.5058803823714394E-015   2.3771769043935721E-002   2.6488779806522284E-017   1.0007435771110712E-016  -2.5972074114581727E-017  -7.8473711031954932E-020   4.2527165074810799E-019  -2.4887775470635170E-017  -7.5634302953619699E-020  -2.4098923556512735E-017   1.6009128255616464E-015   1.8257245048638869E-002   5.0737363456968649E-017  -7.6593261769896063E-018  -9.3679081574988746E-018  -9.2554489354506299E-021  -9.0805204573490893E-020  -8.6363990680876773E-018   4.9076123925234159E-020  -8.8222132719288364E-018   1.0303004660510346E-015   1.0988833695903436E-002   3.4657711522497133E-017  -4.0601165430073941E-016  -5.0377272590919641E-016
   5.9990164222723094E-005  -2.7475549043321471E-017   2.4785621688327191E-002  -1.8813402613390313E-017   1.3179318634449020E-002   1.8456613246408481E-017   2.4545462871650773E-002   1.3483672747306980E-016   2.3985826520390450E-017   4.4315742771293790E-018  -3.5847255655746256E-018   2.0714449325819815E-017   6.3297048066171256E-020   1.1641412276804347E-017   1.4050960588001411E-002   5.7285997997435493E-017   1.9082108744701919E-002   1.1308038366447230E-016   1.3000015861453005E-017   2.8656979221511078E-019   1.0143365126472971E-018   1.3031544407747268E-017  -1.4775556511608594E-018   1.4471409832502800E-017   9.0375299097475020E-003   3.4657711522497133E-017   1.1519383210859841E-002  -3.6641623653273597E-016  -4.4279440082981239E-016
   4.8431283152399275E-016   8.6686421955137547E-016   1.9690363232058302E-016  -4.5590913192245707E-003  -2.0154563936392111E-015  -1.0760416759457138E-015  -1.2223298627791512E-015  -3.5745620116598473E-002  -2.0930279625685404E-005  -4.2977967275093657E-016  -2.1318705523596889E-006   1.0519332112674288E-005  -4.2197376775089119E-016   1.0410947499893652E-005   7.1774221026861729E-016   8.9681343331749463E-016   2.1950147731690358E-015  -2.7968634880347190E-002   3.3823840207533400E-004   3.5382134276079794E-017   3.4451545905061443E-005  -1.6999496189684009E-004   1.4684914400604201E-016  -1.6824344020520437E-004  -1.1536202418611451E-015  -4.0601165430073941E-016  -3.6641623653273597E-016  0.42959273657249458       0.53622213388764273     
   5.9573427745433830E-016   1.1601714479486063E-015   2.3913401890796015E-016  -2.6026006660639250E-003  -2.1030571960411619E-015  -1.3671230256793472E-015  -1.5261320355049724E-015  -2.1291550746537252E-002   2.8202469947635338E-004  -5.3083000868049138E-016   2.8725853779068067E-005  -1.4174256307586164E-004  -5.2923965345819075E-016  -1.4028213641721540E-004   1.2558039394894189E-015   1.1894029084132542E-015   2.7876526462746984E-015  -1.5549265462121072E-002   5.2667965716729015E-004   4.3151110479150767E-017   5.3645382294749106E-005  -2.6470349818778787E-004   1.8261321338334118E-016  -2.6197615901393730E-004  -1.1993106039083745E-015  -5.0377272590919641E-016  -4.4279440082981239E-016  0.53622213388764273       0.67441640037059858     
