   1.1118481031082399E-029  -9.2719587211480848E-017   8.6657986053213305E-030   2.7750992863278259E-020  -1.9341425885069750E-029  -4.2664201838851435E-016   5.2492769868589937E-029  -2.1741867133251326E-018   1.6349673036459464E-018  -5.9589269605635858E-031  -1.8861988485266657E-030  -3.2699346073295828E-018  -3.1344045102850404E-030   1.6349673036414499E-018   1.4043906521733688E-029  -4.0249690501493826E-016   4.0716810497811889E-029  -8.0216665171896449E-019   7.2062157634446585E-019   9.3954176367866914E-031   2.7022636039039199E-030  -1.4412431527050810E-018   2.7745263485088016E-030   7.2062157634674442E-019  -7.0044883170578651E-030  -2.4821623071136011E-016   2.5786255511436843E-029  -2.0550181467575004E-015  -2.7510364461238137E-015
  -9.2719587211480848E-017   1.8485544824854074E-002  -2.2665418267638977E-015   8.1819228862322263E-017   4.7954877048473057E-016   8.5059806587556699E-002  -9.2112286211344331E-015  -2.2819410964101328E-016   4.5526647523226256E-017  -3.8187809256116339E-018  -1.9549710355089957E-020   3.9941829762485197E-017   5.3599181248600212E-018   4.9338028629614515E-017   9.4021475589479593E-017   8.0245984729718237E-002  -8.4056390499216693E-015  -3.2862462886982767E-017   3.1998109781287584E-017  -4.4491984412263791E-018   2.0313814126629874E-018   3.1028698595501230E-017   8.6577744794880742E-019   3.8137702469702524E-017   1.3569264749233748E-016   4.9486978933646793E-002  -5.2126646151116425E-015  -8.5741409251276329E-016  -1.1674640495706428E-015
   8.6657986053213305E-030  -2.2665418267638977E-015   2.7858992541447510E-028  -7.0402286112920311E-021  -5.4501661383383871E-029  -1.0429317135837591E-014   1.1278072485692694E-027   5.5157563405394918E-019  -4.1477952266244615E-019   6.2425975890345320E-031   4.8093706773376611E-031   8.2955904531822579E-019   1.3116767351354213E-031  -4.1477952266177757E-019  -1.5210599737880776E-029  -9.8390868401791401E-015   1.0309950281609463E-027   2.0350394785014490E-019  -1.8281654488887604E-019   3.1282968136158815E-031  -9.3720072047351532E-031   3.6563308977007697E-019  -8.1113352485732800E-031  -1.8281654489021471E-019  -1.5033165826494313E-029  -6.0676765924955487E-015   6.3922420493565853E-028   5.2134342017882183E-016   6.9791828949140177E-016
   2.7750992863278259E-020   8.1819228862322263E-017  -7.0402286112920311E-021   7.2288304114113049E-011  -4.4116717461486857E-020   3.7642272176063914E-016   1.6387870963357057E-020  -5.6635188191570579E-009   4.2589111763728250E-009  -1.6021299548382753E-021  -4.9135973275502789E-021  -8.5178223528421175E-009  -8.0947508117615907E-021   4.2589111763611618E-009   3.7811287196542773E-020   3.5512152984782440E-016  -3.7617202199719425E-021  -2.0895564765737389E-009   1.8771404654913588E-009   2.3892722674384467E-021   7.0656425967151053E-021  -3.7542809310235431E-009   7.2386498567435776E-021   1.8771404654973745E-009  -1.6473023347312996E-020   2.1900870433548487E-016  -9.3611664896362714E-022  -5.3530977245576580E-006  -7.1661493418716571E-006
  -1.9341425885069750E-029   4.7954877048473057E-016  -5.4501661383383871E-029  -4.4116717461486857E-020   3.9364293684214339E-029   2.2066066244306385E-015  -2.4895741020900047E-028   3.4563801524481835E-018  -2.5991643236499825E-018   8.7869526871158177E-031   2.9982045684794643E-030   5.1983286473622357E-018   5.0791790285082517E-030  -2.5991643236427656E-018  -2.0636703386658099E-029   2.0817272997944904E-015  -2.1576188357762863E-028   1.2752321946255170E-018  -1.1455971553130214E-018  -1.5735656094535867E-030  -4.2593823656868278E-030   2.2911943106534233E-018  -4.3952045933646554E-030  -1.1455971553165335E-018   1.3573410902137035E-029   1.2837825515819884E-015  -1.3465473251283262E-028   3.2669337420974653E-015   4.3734182132467246E-015
  -4.2664201838851435E-016   8.5059806587556699E-002  -1.0429317135837591E-014   3.7642272176063914E-016   2.2066066244306385E-015  0.39139612953061387       -4.2384756974759430E-014  -1.0451491560001522E-015   2.0582635286548754E-016  -1.7571825445794782E-017  -8.9956482068780709E-020   1.9111124230162420E-016   2.4663249222326375E-017   2.2336412861473963E-016   4.3263255719488105E-016  0.36924570009754876       -3.8677898790943270E-014  -1.4941788264684883E-016   1.4562322334359116E-016  -2.0472642947022255E-017   9.3472446554154064E-018   1.4600337397580366E-016   3.9838080493719131E-018   1.7387408484380008E-016   6.2437923579799664E-016  0.22771051091980560       -2.3985673571874133E-014   6.5624703249454641E-016   7.8809185216819605E-016
   5.2492769868589937E-029  -9.2112286211344331E-015   1.1278072485692694E-027   1.6387870963357057E-020  -2.4895741020900047E-028  -4.2384756974759430E-014   4.5936113971964949E-027  -1.2839285271246522E-018   9.6550178939896852E-019   1.5396687298865775E-030  -1.1041786629209632E-030  -1.9310035788850804E-018  -4.5059054837598368E-030   9.6550178939442525E-019  -3.8278421624098706E-029  -3.9986060366458939E-014   4.1876233284752596E-027  -4.7370570401940732E-019   4.2555066384440167E-019   2.7586588346364483E-030   5.8956781818314986E-031  -8.5110132774540893E-019   1.2096018253057761E-030   4.2555066384270613E-019  -7.1349237410284979E-029  -2.4659044731762870E-014   2.5972251813177837E-027  -1.2135555821592320E-015  -1.6245772044323408E-015
  -2.1741867133251326E-018  -2.2819410964101328E-016   5.5157563405394918E-019  -5.6635188191570579E-009   3.4563801524481835E-018  -1.0451491560001522E-015  -1.2839285271246522E-018   4.4371556101679211E-007  -3.3366979474895055E-007   1.2552090218558630E-019   3.8496201114928860E-019   6.6733958950545885E-007   6.3419351333181715E-019  -3.3366979474803676E-007  -2.9623732253263800E-018  -9.8614493061115696E-016   2.9471673621471251E-019   1.6370895089868973E-007  -1.4706694924989929E-007  -1.8719056445803971E-019  -5.5356672571423780E-019   2.9413389850299707E-007  -5.6712119880719480E-019  -1.4706694925037058E-007   1.2905998955505559E-018  -6.0880817140449462E-016   7.3341243750110958E-020   4.1939522686769144E-004   5.6144105406750642E-004
   1.6349673036459464E-018   4.5526647523226256E-017  -4.1477952266244615E-019   4.2589111763728250E-009  -2.5991643236499825E-018   2.0582635286548754E-016   9.6550178939896852E-019  -3.3366979474895055E-007   2.5091644672699085E-007  -9.4390500015326498E-020  -2.8948769556780357E-019  -5.0183289345966509E-007  -4.7690736592524238E-019   2.5091644672630370E-007   2.2276759097631647E-018   1.9428645384801219E-016  -2.2162412476826615E-019  -1.2310754195718772E-007   1.1059291826078447E-007   1.4076548741842304E-019   4.1627680427895118E-019  -2.2118583652397423E-007   4.2646963647193682E-019   1.1059291826113889E-007  -9.7051859363454809E-019   1.2031210889844389E-016  -5.5151903342942924E-020  -3.1538113954569254E-004  -4.2219822276471774E-004
  -5.9589269605635858E-031  -3.8187809256116339E-018   6.2425975890345320E-031  -1.6021299548382753E-021   8.7869526871158177E-031  -1.7571825445794782E-017   1.5396687298865775E-030   1.2552090218558630E-019  -9.4390500015326498E-020   3.6296992264159279E-032   1.0890438648061661E-031   1.8878100003276394E-019   1.7829717783717232E-031  -9.4390500015068797E-020  -8.5743693699328762E-031  -1.6577376471519076E-017   1.8198250004260330E-030   4.6310963639783236E-020  -4.1603175036781250E-020  -5.2034458082575768E-032  -1.5701590115029473E-031   8.3206350074447693E-020  -1.6060947847072852E-031  -4.1603175036915842E-020   3.3706093040191185E-031  -1.0223119362100601E-017   1.0975899191004776E-030   1.1864102112648095E-016   1.5882379123477845E-016
  -1.8861988485266657E-030  -1.9549710355089957E-020   4.8093706773376611E-031  -4.9135973275502789E-021   2.9982045684794643E-030  -8.9956482068780709E-020  -1.1041786629209632E-030   3.8496201114928860E-019  -2.8948769556780357E-019   1.0890438648061661E-031   3.3398819473986526E-031   5.7897539114216415E-019   5.5021260602198015E-031  -2.8948769556701081E-019  -2.5702169931082452E-030  -8.4865540800526647E-020   2.6458204453876282E-031   1.4203181614068908E-019  -1.2759342590351257E-019  -1.6239946187561822E-031  -4.8026964119133344E-031   2.5518685180980002E-019  -4.9202809798216556E-031  -1.2759342590392147E-019   1.1195646490933469E-030  -5.2335817723212832E-020   6.9142680202363951E-032   3.6386199670668878E-016   4.8709916059812067E-016
  -3.2699346073295828E-018   3.9941829762485197E-017   8.2955904531822579E-019  -8.5178223528421175E-009   5.1983286473622357E-018   1.9111124230162420E-016  -1.9310035788850804E-018   6.6733958950545885E-007  -5.0183289345966509E-007   1.8878100003276394E-019   5.7897539114216415E-019   1.0036657869306971E-006   9.5381473186132505E-019  -5.0183289345829088E-007  -4.4553518195761215E-018   1.8007859187750428E-016   4.4324824948198688E-019   2.4621508391716393E-007  -2.2118583652407397E-007  -2.8153097484006604E-019  -8.3255360856731688E-019   4.4237167305295845E-007  -8.5293927295352736E-019  -2.2118583652478280E-007   1.9410371872920406E-018   1.1005806088364675E-016   1.1030380665019627E-019   6.3076227909852867E-004   8.4439644553899857E-004
  -3.1344045102850404E-030   5.3599181248600212E-018   1.3116767351354213E-031  -8.0947508117615907E-021   5.0791790285082517E-030   2.4663249222326375E-017  -4.5059054837598368E-030   6.3419351333181715E-019  -4.7690736592524238E-019   1.7829717783717232E-031   5.5021260602198015E-031   9.5381473186132505E-019   9.0799384604349216E-031  -4.7690736592393525E-019  -4.2067973410062658E-030   2.3267472615785894E-017  -2.0159981245812417E-030   2.3398583204158459E-019  -2.1019976181601978E-019  -2.6883767208200626E-031  -7.9061251790045479E-031   4.2039952363663872E-019  -8.1032361618564193E-031  -2.1019976181669164E-019   1.8839721873328286E-030   1.4348841640547557E-017  -1.4065966771000413E-030   5.9943296059381990E-016   8.0245613607036132E-016
   1.6349673036414499E-018   4.9338028629614515E-017  -4.1477952266177757E-019   4.2589111763611618E-009  -2.5991643236427656E-018   2.2336412861473963E-016   9.6550178939442525E-019  -3.3366979474803676E-007   2.5091644672630370E-007  -9.4390500015068797E-020  -2.8948769556701081E-019  -5.0183289345829088E-007  -4.7690736592393525E-019   2.5091644672561660E-007   2.2276759097570837E-018   2.1083170761036391E-016  -2.2162412476939233E-019  -1.2310754195685061E-007   1.1059291826048162E-007   1.4076548741803663E-019   4.1627680427781161E-019  -2.2118583652336850E-007   4.2646963647076913E-019   1.1059291826083604E-007  -9.7051859363186238E-019   1.3051541847395722E-016  -5.5151903343866648E-020  -3.1538113954482887E-004  -4.2219822276356154E-004
   1.4043906521733688E-029   9.4021475589479593E-017  -1.5210599737880776E-029   3.7811287196542773E-020  -2.0636703386658099E-029   4.3263255719488105E-016  -3.8278421624098706E-029  -2.9623732253263800E-018   2.2276759097631647E-018  -8.5743693699328762E-031  -2.5702169931082452E-030  -4.4553518195761215E-018  -4.2067973410062658E-030   2.2276759097570837E-018   2.0255872694062893E-029   4.0814841898921238E-016  -4.4720510654867423E-029  -1.0929682334717137E-018   9.8186142444472257E-019   1.2271086820995082E-030   3.7061033694382528E-030  -1.9637228489103161E-018   3.7906684325394300E-030   9.8186142444790035E-019  -7.9262554857138249E-030   2.5170146868221590E-016  -2.7002385979538850E-029  -2.8000036511115944E-015  -3.7483426147071953E-015
  -4.0249690501493826E-016   8.0245984729718237E-002  -9.8390868401791401E-015   3.5512152984782440E-016   2.0817272997944904E-015  0.36924570009754876       -3.9986060366458939E-014  -9.8614493061115696E-016   1.9428645384801219E-016  -1.6577376471519076E-017  -8.4865540800526647E-020   1.8007859187750428E-016   2.3267472615785894E-017   2.1083170761036391E-016   4.0814841898921238E-016  0.34834883830874624       -3.6488985812126973E-014  -1.4101505812086822E-016   1.3742973941385351E-016  -1.9314026908968386E-017   8.8182524975685577E-018   1.3764489708897693E-016   3.7583508912282091E-018   1.6408178920676715E-016   5.8904350516979409E-016  0.21482360371061754       -2.2628243260809246E-014   4.8272005652452722E-016   5.6090989007056291E-016
   4.0716810497811889E-029  -8.4056390499216693E-015   1.0309950281609463E-027  -3.7617202199719425E-021  -2.1576188357762863E-028  -3.8677898790943270E-014   4.1876233284752596E-027   2.9471673621471251E-019  -2.2162412476826615E-019   1.8198250004260330E-030   2.6458204453876282E-031   4.4324824948198688E-019  -2.0159981245812417E-030  -2.2162412476939233E-019  -4.4720510654867423E-029  -3.6488985812126973E-014   3.8223588798073940E-027   1.0873580267745912E-019  -9.7682152908630426E-020   1.8987812110517273E-030  -1.2913779923276926E-030   1.9536430577617614E-019  -7.7036426797769879E-031  -9.7682152911735230E-020  -6.0844149729792751E-029  -2.2502430224725397E-014   2.3703211429119349E-027   2.7856312300584953E-016   3.7291023689710130E-016
  -8.0216665171896449E-019  -3.2862462886982767E-017   2.0350394785014490E-019  -2.0895564765737389E-009   1.2752321946255170E-018  -1.4941788264684883E-016  -4.7370570401940732E-019   1.6370895089868973E-007  -1.2310754195718772E-007   4.6310963639783236E-020   1.4203181614068908E-019   2.4621508391716393E-007   2.3398583204158459E-019  -1.2310754195685061E-007  -1.0929682334717137E-018  -1.4101505812086822E-016   1.0873580267745912E-019   6.0400452359468537E-008  -5.4260382300770177E-008  -6.9063998691731685E-020  -2.0423856154927257E-019   1.0852076460272046E-007  -2.0923948728861117E-019  -5.4260382300944063E-008   4.7616710679820258E-019  -8.7206759401523311E-017   2.7059267513628856E-020   1.5473595842591917E-004   2.0714379667511286E-004
   7.2062157634446585E-019   3.1998109781287584E-017  -1.8281654488887604E-019   1.8771404654913588E-009  -1.1455971553130214E-018   1.4562322334359116E-016   4.2555066384440167E-019  -1.4706694924989929E-007   1.1059291826078447E-007  -4.1603175036781250E-020  -1.2759342590351257E-019  -2.2118583652407397E-007  -2.1019976181601978E-019   1.1059291826048162E-007   9.8186142444472257E-019   1.3742973941385351E-016  -9.7682152908630426E-020  -5.4260382300770177E-008   4.8744487374094883E-008   6.2043226927020819E-020   1.8347648067714633E-019  -9.7488974749249894E-008   1.8796903217095525E-019   4.8744487374251095E-008  -4.2776185019532817E-019   8.4970917579522687E-017  -2.4308529866172818E-020  -1.3900611554857454E-004  -1.8608638114053238E-004
   9.3954176367866914E-031  -4.4491984412263791E-018   3.1282968136158815E-031   2.3892722674384467E-021  -1.5735656094535867E-030  -2.0472642947022255E-017   2.7586588346364483E-030  -1.8719056445803971E-019   1.4076548741842304E-019  -5.2034458082575768E-032  -1.6239946187561822E-031  -2.8153097484006604E-019  -2.6883767208200626E-031   1.4076548741803663E-019   1.2271086820995082E-030  -1.9314026908968386E-017   1.8987812110517273E-030  -6.9063998691731685E-020   6.2043226927020819E-020   8.0041058411222515E-032   2.3304462121601541E-031  -1.2408645385541389E-019   2.3904339906633666E-031   6.2043226927218166E-020  -5.7712541666753251E-031  -1.1910787137664918E-017   1.2236710999272121E-030  -1.7693052970351582E-016  -2.3685549269448931E-016
   2.7022636039039199E-030   2.0313814126629874E-018  -9.3720072047351532E-031   7.0656425967151053E-021  -4.2593823656868278E-030   9.3472446554154064E-018   5.8956781818314986E-031  -5.5356672571423780E-019   4.1627680427895118E-019  -1.5701590115029473E-031  -4.8026964119133344E-031  -8.3255360856731688E-019  -7.9061251790045479E-031   4.1627680427781161E-019   3.7061033694382528E-030   8.8182524975685577E-018  -1.2913779923276926E-030  -2.0423856154927257E-019   1.8347648067714633E-019   2.3304462121601541E-031   6.9083709688855997E-031  -3.6695296135827259E-019   7.0761917773032953E-031   1.8347648067773499E-019  -1.5952038745344323E-030   5.4381372108355200E-018  -6.6431951255827321E-031  -5.2322537885600858E-016  -7.0043765260223551E-016
  -1.4412431527050810E-018   3.1028698595501230E-017   3.6563308977007697E-019  -3.7542809310235431E-009   2.2911943106534233E-018   1.4600337397580366E-016  -8.5110132774540893E-019   2.9413389850299707E-007  -2.2118583652397423E-007   8.3206350074447693E-020   2.5518685180980002E-019   4.4237167305295845E-007   4.2039952363663872E-019  -2.2118583652336850E-007  -1.9637228489103161E-018   1.3764489708897693E-016   1.9536430577617614E-019   1.0852076460272046E-007  -9.7488974749249894E-008  -1.2408645385541389E-019  -3.6695296135827259E-019   1.9497794950062007E-007  -3.7593806434599414E-019  -9.7488974749562317E-008   8.5552370040065721E-019   8.4445913085082288E-017   4.8617059706078624E-020   2.7801223110017226E-004   3.7217276228511192E-004
   2.7745263485088016E-030   8.6577744794880742E-019  -8.1113352485732800E-031   7.2386498567435776E-021  -4.3952045933646554E-030   3.9838080493719131E-018   1.2096018253057761E-030  -5.6712119880719480E-019   4.2646963647193682E-019  -1.6060947847072852E-031  -4.9202809798216556E-031  -8.5293927295352736E-019  -8.1032361618564193E-031   4.2646963647076913E-019   3.7906684325394300E-030   3.7583508912282091E-018  -7.7036426797769879E-031  -2.0923948728861117E-019   1.8796903217095525E-019   2.3904339906633666E-031   7.0761917773032953E-031  -3.7593806434599414E-019   7.2488881306595473E-031   1.8796903217155792E-019  -1.6431847689788336E-030   2.3177412802145066E-018  -3.3787593087377744E-031  -5.3603692259558814E-016  -7.1758836429512447E-016
   7.2062157634674442E-019   3.8137702469702524E-017  -1.8281654489021471E-019   1.8771404654973745E-009  -1.1455971553165335E-018   1.7387408484380008E-016   4.2555066384270613E-019  -1.4706694925037058E-007   1.1059291826113889E-007  -4.1603175036915842E-020  -1.2759342590392147E-019  -2.2118583652478280E-007  -2.1019976181669164E-019   1.1059291826083604E-007   9.8186142444790035E-019   1.6408178920676715E-016  -9.7682152911735230E-020  -5.4260382300944063E-008   4.8744487374251095E-008   6.2043226927218166E-020   1.8347648067773499E-019  -9.7488974749562317E-008   1.8796903217155792E-019   4.8744487374407306E-008  -4.2776185019665398E-019   1.0140699760374883E-016  -2.4308529867981997E-020  -1.3900611554902001E-004  -1.8608638114112872E-004
  -7.0044883170578651E-030   1.3569264749233748E-016  -1.5033165826494313E-029  -1.6473023347312996E-020   1.3573410902137035E-029   6.2437923579799664E-016  -7.1349237410284979E-029   1.2905998955505559E-018  -9.7051859363454809E-019   3.3706093040191185E-031   1.1195646490933469E-030   1.9410371872920406E-018   1.8839721873328286E-030  -9.7051859363186238E-019  -7.9262554857138249E-030   5.8904350516979409E-016  -6.0844149729792751E-029   4.7616710679820258E-019  -4.2776185019532817E-019  -5.7712541666753251E-031  -1.5952038745344323E-030   8.5552370040065721E-019  -1.6431847689788336E-030  -4.2776185019665398E-019   4.7499127456058336E-030   3.6325784560462289E-016  -3.8050103424733905E-029   1.2198612885024782E-015   1.6330186033543966E-015
  -2.4821623071136011E-016   4.9486978933646793E-002  -6.0676765924955487E-015   2.1900870433548487E-016   1.2837825515819884E-015  0.22771051091980560       -2.4659044731762870E-014  -6.0880817140449462E-016   1.2031210889844389E-016  -1.0223119362100601E-017  -5.2335817723212832E-020   1.1005806088364675E-016   1.4348841640547557E-017   1.3051541847395722E-016   2.5170146868221590E-016  0.21482360371061754       -2.2502430224725397E-014  -8.7206759401523311E-017   8.4970917579522687E-017  -1.1910787137664918E-017   5.4381372108355200E-018   8.4445913085082288E-017   2.3177412802145066E-018   1.0140699760374883E-016   3.6325784560462289E-016  0.13247978932633564       -1.3954634631561760E-014  -3.2749592051181181E-016  -4.9102215457823763E-016
   2.5786255511436843E-029  -5.2126646151116425E-015   6.3922420493565853E-028  -9.3611664896362714E-022  -1.3465473251283262E-028  -2.3985673571874133E-014   2.5972251813177837E-027   7.3341243750110958E-020  -5.5151903342942924E-020   1.0975899191004776E-030   6.9142680202363951E-032   1.1030380665019627E-019  -1.4065966771000413E-030  -5.5151903343866648E-020  -2.7002385979538850E-029  -2.2628243260809246E-014   2.3703211429119349E-027   2.7059267513628856E-020  -2.4308529866172818E-020   1.2236710999272121E-030  -6.6431951255827321E-031   4.8617059706078624E-020  -3.3787593087377744E-031  -2.4308529867981997E-020  -3.8050103424733905E-029  -1.3954634631561760E-014   1.4699105023921149E-027   6.9321363136265179E-017   9.2799957403667962E-017
  -2.0550181467575004E-015  -8.5741409251276329E-016   5.2134342017882183E-016  -5.3530977245576580E-006   3.2669337420974653E-015   6.5624703249454641E-016  -1.2135555821592320E-015   4.1939522686769144E-004  -3.1538113954569254E-004   1.1864102112648095E-016   3.6386199670668878E-016   6.3076227909852867E-004   5.9943296059381990E-016  -3.1538113954482887E-004  -2.8000036511115944E-015   4.8272005652452722E-016   2.7856312300584953E-016   1.5473595842591917E-004  -1.3900611554857454E-004  -1.7693052970351582E-016  -5.2322537885600858E-016   2.7801223110017226E-004  -5.3603692259558814E-016  -1.3900611554902001E-004   1.2198612885024782E-015  -3.2749592051181181E-016   6.9321363136265179E-017  0.39640790581321506       0.53066811022786431     
  -2.7510364461238137E-015  -1.1674640495706428E-015   6.9791828949140177E-016  -7.1661493418716571E-006   4.3734182132467246E-015   7.8809185216819605E-016  -1.6245772044323408E-015   5.6144105406750642E-004  -4.2219822276471774E-004   1.5882379123477845E-016   4.8709916059812067E-016   8.4439644553899857E-004   8.0245613607036132E-016  -4.2219822276356154E-004  -3.7483426147071953E-015   5.6090989007056291E-016   3.7291023689710130E-016   2.0714379667511286E-004  -1.8608638114053238E-004  -2.3685549269448931E-016  -7.0043765260223551E-016   3.7217276228511192E-004  -7.1758836429512447E-016  -1.8608638114112872E-004   1.6330186033543966E-015  -4.9102215457823763E-016   9.2799957403667962E-017  0.53066811022786431       0.71040117788545065     
