   8.5057953645712838E-008  -3.0515267814737506E-015   1.5666575253006875E-015  -1.3667186165984437E-017  -2.5450050808368024E-007   9.6181995752269041E-015  -4.9591469044691920E-015   2.6985359386614629E-016   2.2044789694218987E-006  -9.3921410357332196E-014   4.7911605220280764E-014   1.2415138936176955E-016  -1.4608096871207542E-019  -4.3596271438269931E-020  -1.3668692006013484E-019  -1.7294110758089102E-019  -6.5928388985770130E-020  -3.1131182029614390E-019   7.3604679037270865E-005  -3.0349882482774388E-012   1.5527639459009693E-012  -3.7071068781309970E-015   3.9502959396136567E-020  -1.5150304367001335E-019   1.8874169656056957E-020  -1.5640848014757709E-019   4.4006839573041623E-020   3.7889236263480312E-021   1.6871165044022568E-004  -6.7717160078100809E-012   3.4575295902735215E-012  -3.0798092944690433E-015  -2.6339070659063189E-019   5.8985951815230902E-020   3.6360790007646499E-020   7.2965367442989821E-020   3.4179877440716063E-020   1.4378955329685769E-019   5.1216623096256461E-005  -3.0123898844454940E-012   1.5367038092832080E-012   2.6996844825957765E-015  -3.7467706095080323E-004   3.7476552736323985E-012  -1.9377838574580741E-012   1.6256595805536941E-015  -1.5295569427421382E-015  -3.7830532564829769E-005   3.5337977489029787E-013  -1.8292028829137673E-013  -6.7441849944681898E-016
  -3.0515267814737506E-015   8.5058298067090689E-008  -5.1649686216106876E-016   6.2543312537834983E-018   9.6190225406141047E-015  -2.5450159369530898E-007   1.6230926009246294E-015   6.2999561868284235E-017  -9.3933895156145458E-014   2.2044895704496062E-006  -1.6048733363771061E-014   1.7173670174307212E-016  -1.3120643457219546E-018  -1.2310351316655340E-019  -2.0795422183277290E-019  -6.2651199255397294E-019   6.9293263097258554E-021  -9.2953727389703183E-019  -3.0354398412592998E-012   7.3605021607356445E-005  -5.1736411842070304E-013   9.2379344854294624E-016   7.7814836658831097E-019  -1.9677887856652313E-020   6.2604924906253702E-021   4.5119202873108908E-019  -3.1123386459493116E-020   6.9586297210660923E-019  -6.7727414148678199E-012   1.6871241478775398E-004  -1.1568821809818792E-012   8.7666838073969545E-016   1.7246668262256720E-018   6.2718379991365009E-020   5.4317070220352382E-020   1.7062532930173571E-018  -9.7265487201712985E-020   1.4734627525473482E-018  -3.0127774878416472E-012   5.1216963108957331E-005  -5.1487990029229552E-013  -1.5536373434571343E-016   3.7490274908584579E-012  -3.7467748403922495E-004   6.3458689397219266E-013   1.0771171958185349E-016   7.1555961059780797E-017   3.5351630426087138E-013  -3.7830572460026785E-005   5.9792810095341567E-014   6.3860996782859256E-017
   1.5666575253006875E-015  -5.1649686216106876E-016   8.5058125558631791E-008   2.4537244823079663E-017  -4.9590118252017651E-015   1.6175471612594560E-015  -2.5450105220720725E-007   1.3244454410854875E-015   4.7915709545760804E-014  -1.5951190927475304E-014   2.2044842264903016E-006   1.9654862374554382E-015   5.1175805177375871E-019   5.3721211006521656E-020   2.9882722944587598E-019   1.1345874949782578E-019  -3.1036150789655247E-019  -1.9571609976795093E-019   1.5529454668959423E-012  -5.1386316746074643E-013   7.3604849426106136E-005   8.4496729134594826E-017  -1.7516752678719206E-018  -1.0972538595502701E-019  -1.7088412237539457E-019  -1.4903947374725580E-018   2.7607757465818378E-019  -1.1678974606699997E-018   3.4579335461996847E-012  -1.1489444041002956E-012   1.6871202984076184E-004   3.8957184652433698E-016  -1.9044239253877856E-018   2.0434548966697264E-019   1.8985332795330044E-019  -1.8208061243920115E-018  -2.6272291795269206E-019  -1.6470689690847114E-018   1.5369133135094108E-012  -5.1178599333380718E-013   5.1216791720735642E-005  -1.4613317799562968E-015  -1.9376568132794152E-012   6.2504152654137948E-013  -3.7467727359967782E-004  -1.2386324798111326E-015   6.6280168079107291E-016  -1.8290520870332595E-013   5.8846845040442756E-014  -3.7830552638270956E-005   2.1233988974749254E-016
  -1.3667186165984437E-017   6.2543312537834983E-018   2.4537244823079663E-017   1.1986376484542839E-004   2.0490925430460113E-017  -5.7377170318350335E-018  -1.3104406860075573E-017   6.5487656901865579E-003  -2.2076862369215016E-017   1.2216292181930510E-017  -7.0250908556178787E-018   9.6854372755471232E-003  -1.8326065784417982E-011  -1.8745241523000782E-012  -1.3285652556390247E-012   1.6419699315473996E-010  -1.1090107432651635E-012  -1.4587055689470439E-010  -1.0024038412363271E-016  -1.8206049152746294E-016  -6.8447668171888082E-016  -1.1825029118808046E-003  -4.4726290227867570E-010  -6.9822117571610336E-012   6.9101519070740711E-012   2.3615148552686644E-010  -2.7475214378805835E-014   2.1111074635204296E-010  -2.1509547917928216E-016  -3.6805927245089202E-016  -1.4639979989797053E-015   1.2075184263750692E-003  -3.7832587869108183E-010  -5.8843120582028718E-012   5.8671189872912019E-012   1.9763994071478987E-010  -8.0947285214307909E-015   1.8068496819562249E-010  -2.2439987328380325E-016  -6.2255543118899962E-017  -7.8767645191409699E-016  -6.6551678881817582E-004  -1.3570746202072256E-015   1.5706600928906612E-015  -5.6542333674930223E-016  -2.0076107218643712E-004   1.5996312408923891E-004  -1.4123993389769617E-016   1.6011833061993872E-016  -6.5834605368785187E-017   7.7695305158853570E-005
  -2.5450050808368024E-007   9.6190225406141047E-015  -4.9590118252017651E-015   2.0490925430460113E-017   8.0446947736632323E-007  -2.9105780123439804E-014   1.5127366795087115E-014  -1.7414658700519541E-016  -8.0870423621121776E-006   2.5266436978474964E-013  -1.3045111197202648E-013   9.1758646130158096E-017   2.0498854634652326E-019   8.6297572414601155E-020   3.5565640930683641E-019   6.6040868687066027E-019   1.8259688351295515E-019   7.0236264724947802E-019  -2.8042440454251888E-004   7.6806637897962391E-012  -3.9937350820682025E-012   4.7283175658033964E-015  -5.2880440512255933E-020   4.7136189466794276E-019   4.2758860748963214E-020   3.2575839899277412E-019  -1.1607903690400156E-019  -1.0525464924013480E-021  -6.3853675391100588E-004   1.7052381820141732E-011  -8.8407115819289494E-012   3.9755176882957638E-015   6.2688859246076703E-019  -2.1560312156042128E-019  -2.2813206583642197E-021  -1.3587371627446606E-019  -1.5782829263313843E-019  -3.4125311744911488E-019  -2.2790010427994724E-004   7.5897077470222684E-012  -3.9343362954634623E-012  -3.6057046792579566E-015   1.0156088318653889E-003  -9.4258194705237747E-012   4.9217916467405460E-012  -2.1807581337346840E-015   2.5188325479160996E-015   1.0165627108544870E-004  -8.8864673799635783E-013   4.6428605538069515E-013   1.1619332414870162E-015
   9.6181995752269041E-015  -2.5450159369530898E-007   1.6175471612594560E-015  -5.7377170318350335E-018  -2.9105780123439804E-014   8.0447276232298369E-007  -4.8582194938825836E-015   6.1898409633999264E-017   2.5267831388624502E-013  -8.0870708786103191E-006   4.2526746662055770E-014  -2.1017304635806862E-017   3.5961969762074976E-018   3.4940637041288030E-019   5.8886476387939227E-019   1.7768609065071290E-018  -1.7750032544729395E-020   2.8178745286523402E-018   7.6812114056972575E-012  -2.8042527142612349E-004   1.2838056207406397E-012  -1.3622003526095156E-015  -1.0708598604979584E-018   7.2813533452497192E-020  -1.1221916538149866E-020  -1.5256115712523492E-019   8.7896167504587370E-020  -6.4819226397708632E-019   1.7053619335549070E-011  -6.3853867853369550E-004   2.8594845127122579E-012  -1.2410514711219910E-015  -3.1328850850712035E-018  -2.0843678329321314E-019  -1.6184767399820830E-019  -3.1231709803887203E-018   2.6746197999355215E-019  -2.3798894696893213E-018   7.5902127274020588E-012  -2.2790096088871306E-004   1.2726413360822133E-012   8.9548604438972195E-017  -9.4270329587389448E-012   1.0156098957934878E-003  -1.5712491105955118E-012  -2.1147719749752130E-016   1.0055675186908034E-015  -8.8876581551117004E-013   1.0165637139108101E-004  -1.4806564088369806E-013   5.1593907067276713E-016
  -4.9591469044691920E-015   1.6230926009246294E-015  -2.5450105220720725E-007  -1.3104406860075573E-017   1.5127366795087115E-014  -4.8582194938825836E-015   8.0447113698454684E-007  -9.5469733207807696E-016  -1.3046111016467492E-013   4.2383703881537503E-014  -8.0870566732611825E-006  -1.3489542500227267E-015  -2.2421575267997549E-018  -2.2608821300253679E-019  -8.7100663399514562E-019  -1.1249205128118323E-018   1.1030960485297456E-018  -1.5506104848068953E-019  -3.9941355589102426E-012   1.2784561690733064E-012  -2.8042484270395256E-004   5.3382689995385953E-016   3.7826893761873461E-018   4.0514760683012803E-019   4.2863871049093052E-019   2.9067538111050371E-018  -9.5048361215005286E-019   2.0414718091289222E-018  -8.8416178059881305E-012   2.8474072058842308E-012  -6.3853772383002739E-004   3.1927563781325453E-016   3.9702437132758121E-018  -6.3636112976633972E-019  -5.0694754574620297E-019   3.6457945396549722E-018   7.9768333263911399E-019   3.1304991293583073E-018  -3.9346711189116281E-012   1.2675356796980549E-012  -2.2790053590887461E-004   1.3081776333704484E-015   4.9231095931561978E-012  -1.5614310070592637E-012   1.0156093719659834E-003   1.2920185695832749E-015  -7.7435233804885621E-016   4.6441760603294000E-013  -1.4711179088350471E-013   1.0165632203571974E-004  -2.5900199325494147E-016
   2.6985359386614629E-016   6.2999561868284235E-017   1.3244454410854875E-015   6.5487656901865579E-003  -1.7414658700519541E-016   6.1898409633999264E-017  -9.5469733207807696E-016  0.44465550603527493       -4.1500633724360476E-016   4.3337165607734209E-016   7.0702367863887423E-017  0.63434815628537944       -8.9444656079025830E-010  -1.1933889222523382E-010  -9.3099801301812823E-011   1.0723044363343184E-008  -7.3550606852196824E-011  -9.8285732978018713E-009  -2.6142030372180134E-016   9.3804099440627624E-016   2.8315917544905252E-015 -0.37983873559151848       -2.9690785211214546E-008  -4.6626101518829585E-010   4.5591974056876028E-010   1.5944891838214298E-008  -3.7480439681191556E-012   1.3745885950551839E-008  -2.6702333417320656E-016   2.2073735745933532E-015   7.0108731842942051E-015 -0.17984642322667169       -2.6057623274247301E-008  -4.0607581768214785E-010   4.0330570697826424E-010   1.3689261027241385E-008  -1.1064344089131050E-012   1.2368307183663063E-008   1.9347534145280294E-016   7.7181558494410654E-016   3.2144032726815064E-015  0.12424253061361794        4.9004897079261172E-015  -3.5911380882538585E-015  -1.6129720882507000E-015   7.1509743068831066E-002  -3.1917059131226146E-002   5.0386846589499102E-016  -3.6009309292935129E-016  -1.3351148246869635E-016  -1.0521394645631562E-002
   2.2044789694218987E-006  -9.3933895156145458E-014   4.7915709545760804E-014  -2.2076862369215016E-017  -8.0870423621121776E-006   2.5267831388624502E-013  -1.3046111016467492E-013  -4.1500633724360476E-016   1.0885865372991763E-004  -1.3383481590341066E-012   6.7701796093217115E-013  -7.8052905316761906E-016   4.2654785621976147E-018   4.0151434933668685E-019  -1.6928356425146685E-018  -9.4410376667804012E-018  -1.1999204513593083E-018  -1.2097602478311845E-019   3.9957199963354187E-003  -2.5935851825314957E-011   1.3271159079330705E-011  -2.4894050100121185E-015  -1.2426847193676883E-018  -4.5527966375938459E-018  -2.9531494643471442E-018   8.8066917023653500E-019   5.9962053862843205E-019  -2.5833228975762045E-019   9.0118753928566334E-003  -5.4836392472762522E-011   2.7636206718730011E-011  -2.2319897847740796E-015  -1.2354730544887896E-018   2.8855370289423269E-018  -2.7525212174838486E-018  -9.6835841148490285E-019   2.8131868068724344E-018   6.4050068046854064E-019   3.9171850204406909E-003  -2.4534674755614625E-011   1.2408574010178641E-011   2.0282129666572218E-015  -6.0523986896135777E-003   2.9937230527274416E-011  -1.4980882133674004E-011   1.2602627045609768E-015  -7.6815802405003171E-016  -5.8029295533123528E-004   2.8175155173068816E-012  -1.4086394841919238E-012  -2.8961857798605425E-016
  -9.3921410357332196E-014   2.2044895704496062E-006  -1.5951190927475304E-014   1.2216292181930510E-017   2.5266436978474964E-013  -8.0870708786103191E-006   4.2383703881537503E-014   4.3337165607734209E-016  -1.3383481590341066E-012   1.0885880476750839E-004  -2.2941927692427180E-013   7.7332841952023370E-016  -2.2571266810018186E-017  -2.5338591319296255E-018  -4.2326692323343797E-018  -1.2847598364138619E-017   7.6105925894429777E-020  -2.5361721548721175E-017  -2.5936496446529407E-011   3.9957229233812466E-003  -4.3945543219202250E-012   2.0612685807762185E-015  -2.3452729760801824E-017  -9.9343152642283119E-019  -9.8255042648370012E-020  -2.9844964362076241E-017  -6.2529211021798448E-019  -3.1705919921030755E-017  -5.4837806897039636E-011   9.0118815813899460E-003  -9.4382885877973259E-012   1.8104978978016566E-015  -2.5633648927385087E-017   2.3462774070148275E-018   1.3843971609301107E-018  -2.4536029194007113E-017  -1.7034205656032555E-018  -3.2191191425485615E-017  -2.4535296273052109E-011   3.9171877893002917E-003  -4.2075783456778839E-012  -1.3940880441734662E-015   2.9938112158024382E-011  -6.0524020681726673E-003   5.1911738446960712E-012  -8.7671961049799975E-016  -1.0234130862229315E-015   2.8175993561697488E-012  -5.8029327330123815E-004   4.8901715126624867E-013  -6.5838478801246701E-016
   4.7911605220280764E-014  -1.6048733363771061E-014   2.2044842264903016E-006  -7.0250908556178787E-018  -1.3045111197202648E-013   4.2526746662055770E-014  -8.0870566732611825E-006   7.0702367863887423E-017   6.7701796093217115E-013  -2.2941927692427180E-013   1.0885872798558191E-004  -2.3284233194315573E-017   3.7925303423740881E-017   3.6592593892228030E-018   6.9431439737194253E-018   3.0189132211719656E-017  -1.4096028010543472E-017   2.0619264802919406E-017   1.3271407395800690E-011  -4.3924421373614418E-012   3.9957214520417363E-003   2.2856879517760101E-015   5.1901890141514246E-018  -5.5094296630143971E-018  -1.5613102390305391E-018   1.5235771516603194E-017   1.1471869305461300E-017   2.0136785094173835E-017   2.7636743138739807E-011  -9.4335783704917156E-012   9.0118784239693831E-003   1.7627365746452017E-015   1.0580508502314168E-017   6.1612792007400964E-018   2.8006910401505127E-018   1.5329687004824979E-017  -7.2112943100917379E-018   1.9674823267571015E-017   1.2408625155708828E-011  -4.2054709504078707E-012   3.9171863814247230E-003  -3.1656474407226070E-015  -1.4983585672087173E-011   5.1887286247594632E-012  -6.0524003327244551E-003  -2.4309853392678051E-015   1.6648315650002785E-015  -1.4089156180886102E-012   4.8878777105475339E-013  -5.8029310983151623E-004   6.2916320684667138E-016
   1.2415138936176955E-016   1.7173670174307212E-016   1.9654862374554382E-015   9.6854372755471232E-003   9.1758646130158096E-017  -2.1017304635806862E-017  -1.3489542500227267E-015  0.63434815628537944       -7.8052905316761906E-016   7.7332841952023370E-016  -2.3284233194315573E-017  0.90999442596037805       -1.3518025060614811E-009  -1.7196825252215034E-010  -1.3218950482829230E-010   1.5389685921211897E-008  -1.0530614521951945E-010  -1.4037848320529654E-008   2.3794673921007679E-016   2.6483243718919705E-016  -6.8243054329408315E-015 -0.47682634343433744       -4.2504059191400948E-008  -6.6686697552595427E-010   6.5329648854780367E-010   2.2766454037678811E-008  -4.9384363635217648E-012   1.9737586278183991E-008   9.6964799872732918E-016   1.6248758836169172E-015  -1.3495785970603940E-014 -0.19994573676435407       -3.7092539742842417E-008  -5.7787328396302761E-010   5.7426866132446376E-010   1.9470056624657744E-008  -1.4578051229971030E-012   1.7622401997212686E-008  -2.3748653280402509E-016  -2.0462418094269980E-016  -7.2016477657996377E-015  0.13835566188297499       -6.5447060109891382E-015  -9.0758773139001567E-015  -1.5826935136087022E-015   8.1484712359139455E-002  -3.5477832393025932E-002  -6.7314679540306640E-016  -9.3108366585586445E-016  -2.3620590634807394E-016  -1.1421555907480624E-002
  -1.4608096871207542E-019  -1.3120643457219546E-018   5.1175805177375871E-019  -1.8326065784417982E-011   2.0498854634652326E-019   3.5961969762074976E-018  -2.2421575267997549E-018  -8.9444656079025830E-010   4.2654785621976147E-018  -2.2571266810018186E-017   3.7925303423740881E-017  -1.3518025060614811E-009   2.9467955063464937E-018   2.6605558420856060E-019   1.7774865725491296E-019  -2.2962400269150300E-017   1.5366209895223252E-019   2.0015553525912090E-017   1.9862432467717738E-016  -6.7380789092344657E-016   1.4384324651892909E-015  -2.2591814360351082E-010   6.1955057151055861E-017   9.6362947152260999E-019  -9.6079859661113782E-019  -3.2366498900993004E-017   1.3300989234925482E-021  -2.9588416983579917E-017   4.3241510804129592E-016  -1.5769170519372070E-015   3.2270635384742063E-015  -4.9330212243573152E-010   5.1145524061443772E-017   7.9449523215743455E-019  -7.9418436669291825E-019  -2.6621520067351190E-017   3.9750436912955348E-022  -2.4523848057087257E-017   3.1517231406701606E-016  -2.1755645190569759E-016   1.5429415668291185E-015   3.9913112779983778E-010   1.2129526449895147E-015   6.5882557159325987E-015  -5.1005808293325128E-016   2.2489503530404567E-010  -1.0157376496584017E-010   1.2726552023236538E-016   6.7201569332367463E-016  -3.6810750353639720E-017  -3.3165433559704130E-011
  -4.3596271438269931E-020  -1.2310351316655340E-019   5.3721211006521656E-020  -1.8745241523000782E-012   8.6297572414601155E-020   3.4940637041288030E-019  -2.2608821300253679E-019  -1.1933889222523382E-010   4.0151434933668685E-019  -2.5338591319296255E-018   3.6592593892228030E-018  -1.7196825252215034E-010   2.6605558420856060E-019   3.2617951282519520E-020   2.4770900074898840E-020  -2.9094652540901304E-018   1.9869372044448458E-020   2.6434030486284059E-018   2.4096367267003892E-017  -8.0018284712487420E-017   1.3800265765184435E-016   7.9536383200325816E-011   8.0190796435291163E-018   1.2572010367437564E-019  -1.2335151435715758E-019  -4.2860033418771017E-018   8.6534524583001205E-022  -3.7330714509964396E-018   5.0884445016290959E-017  -1.8527668966360962E-016   3.0988458963907092E-016   2.8884235877860079E-011   6.9648633385855256E-018   1.0848112772237736E-019  -1.0785685865231881E-019  -3.6533522096579298E-018   2.5553767430450686E-022  -3.3114953563155801E-018   5.0425419684816627E-017  -4.1247040227470293E-017   1.4585103777551167E-016  -1.8918152394743439E-011   3.0035067229184975E-016   5.8870786397515712E-016  -7.6309700074362349E-017  -1.1106455703717715E-011   4.8571056198753305E-012   3.1238054883911903E-017   5.9831989729273207E-017  -6.3546391532360709E-018   1.5840594618716179E-012
  -1.3668692006013484E-019  -2.0795422183277290E-019   2.9882722944587598E-019  -1.3285652556390247E-012   3.5565640930683641E-019   5.8886476387939227E-019  -8.7100663399514562E-019  -9.3099801301812823E-011  -1.6928356425146685E-018  -4.2326692323343797E-018   6.9431439737194253E-018  -1.3218950482829230E-010   1.7774865725491296E-019   2.4770900074898840E-020   1.9571994482862967E-020  -2.2335924026282083E-018   1.5352347468861303E-020   2.0558386303307866E-018  -4.3609203608081350E-017  -1.3324689881767994E-016   2.2622621106001747E-016   8.7769647334926769E-011   6.1979756666387112E-018   9.7409776463055875E-020  -9.5095083630623310E-020  -3.3360395844740724E-018   8.3639738866954107E-022  -2.8619355806096489E-018  -1.0520934410701604E-016  -3.0870401745471754E-016   5.2081627316081116E-016   4.4742028269219100E-011   5.4665442374787950E-018   8.5210448464393534E-020  -8.4586766191889198E-020  -2.8738805269249764E-018   2.4684147168903920E-022  -2.5926525862090333E-018   1.0309659379551732E-017  -6.7289500045161753E-017   1.3979613563320948E-016  -3.1683974849174279E-011   7.3292391854442519E-016   9.9785552393396140E-016  -1.3730218125716892E-015  -1.8306208744020802E-011   8.1066830742393126E-012   7.5103863345025383E-017   1.0144094737124918E-016  -1.3910926751924571E-016   2.6450916961507406E-012
  -1.7294110758089102E-019  -6.2651199255397294E-019   1.1345874949782578E-019   1.6419699315473996E-010   6.6040868687066027E-019   1.7768609065071290E-018  -1.1249205128118323E-018   1.0723044363343184E-008  -9.4410376667804012E-018  -1.2847598364138619E-017   3.0189132211719656E-017   1.5389685921211897E-008  -2.2962400269150300E-017  -2.9094652540901304E-018  -2.2335924026282083E-018   2.6028132339592631E-016  -1.7806411426986292E-018  -2.3731832977692974E-016  -3.4983932111309911E-016  -4.0530025944371196E-016   1.1981953280216426E-015  -7.9609030138474350E-009  -7.1870978351213382E-016  -1.1275266530670740E-017   1.1047659477517653E-017   3.8487283009743725E-016  -8.2861363912648295E-020   3.3383662148287690E-016  -7.8780016003639437E-016  -9.3862571971208708E-016   2.6690620991971534E-015  -3.2984259666280874E-009  -6.2686515960961024E-016  -9.7658302375316131E-018   9.7054106481896175E-018   3.2902052212640265E-016  -2.4464397610981756E-020   2.9784325761964789E-016  -3.5241744995268253E-016  -2.0751429568460508E-016   1.4326495819702223E-015   2.2356765999884298E-009   4.1109119961049576E-016   2.9995306441162675E-015   1.4276131845488317E-015   1.3031852357039798E-009  -5.7310194527283694E-010   3.8553664590708836E-017   3.0487686109671852E-016   1.6037401509510965E-016  -1.8694495106136465E-010
  -6.5928388985770130E-020   6.9293263097258554E-021  -3.1036150789655247E-019  -1.1090107432651635E-012   1.8259688351295515E-019  -1.7750032544729395E-020   1.1030960485297456E-018  -7.3550606852196824E-011  -1.1999204513593083E-018   7.6105925894429777E-020  -1.4096028010543472E-017  -1.0530614521951945E-010   1.5366209895223252E-019   1.9869372044448458E-020   1.5352347468861303E-020  -1.7806411426986292E-018   1.2194517260618856E-020   1.6269749803729400E-018  -3.6512219875686764E-017   1.8186874051370034E-018  -5.1289698197658385E-016   5.7917816383130219E-011   4.9222500308213319E-018   7.7252293837454936E-020  -7.5630972007838461E-020  -2.6389087063867755E-018   5.8913448064126585E-022  -2.2833394704897092E-018  -8.5135203861885463E-017   4.4624581244246929E-018  -1.1584454797569034E-015   2.5484946059386651E-011   4.3039977012233246E-018   6.7059813795008691E-020  -6.6627784383979035E-020  -2.2598545645692154E-018   1.7392112166201117E-022  -2.0441338240161308E-018  -1.4224399758636678E-017  -1.0089335050071194E-018  -4.8991179439061883E-016  -1.7514655822748732E-011   3.2639507538227942E-016  -3.7842470336248412E-017   9.3907391506290671E-016  -1.0180426007822270E-011   4.4867100350324580E-012   3.3258610772882929E-017  -3.8825295341584493E-018   9.1211919660254316E-017   1.4636177036212201E-012
  -3.1131182029614390E-019  -9.2953727389703183E-019  -1.9571609976795093E-019  -1.4587055689470439E-010   7.0236264724947802E-019   2.8178745286523402E-018  -1.5506104848068953E-019  -9.8285732978018713E-009  -1.2097602478311845E-019  -2.5361721548721175E-017   2.0619264802919406E-017  -1.4037848320529654E-008   2.0015553525912090E-017   2.6434030486284059E-018   2.0558386303307866E-018  -2.3731832977692974E-016   1.6269749803729400E-018   2.1730223413965217E-016   5.1437825642420940E-017  -8.5566380830980219E-016   8.6779072903824289E-016   8.1868017638064580E-009   6.5675308656816299E-016   1.0311611322774407E-017  -1.0086835685922374E-017  -3.5250545201223095E-016   8.1531068295066171E-020  -3.0424744389104121E-016   9.5340389033502586E-017  -1.9576871970869218E-015   1.9161555763397067E-015   3.7917196895284776E-009   5.7571820060995558E-016   8.9713126479922412E-018  -8.9112040678865580E-018  -3.0239824864411082E-016   2.4066835353894582E-020  -2.7331872804215432E-016   2.1046188456958507E-016  -6.2332627119240388E-016   1.1684892394169189E-015  -2.6348000832221390E-009   1.9333714021770039E-015   4.0046944690951962E-015   2.6790115186596636E-015  -1.5280752922672746E-009   6.7467107839793278E-010   1.9994288634362428E-016   4.0359067321131365E-016   2.8579739733875210E-016   2.2010836312606563E-010
   7.3604679037270865E-005  -3.0354398412592998E-012   1.5529454668959423E-012  -1.0024038412363271E-016  -2.8042440454251888E-004   7.6812114056972575E-012  -3.9941355589102426E-012  -2.6142030372180134E-016   3.9957199963354187E-003  -2.5936496446529407E-011   1.3271407395800690E-011   2.3794673921007679E-016   1.9862432467717738E-016   2.4096367267003892E-017  -4.3609203608081350E-017  -3.4983932111309911E-016  -3.6512219875686764E-017   5.1437825642420940E-017  0.14798811395216491       -8.6847398955041655E-011   5.4902123353617906E-011   6.6085182247143421E-016  -5.7316541020048766E-017  -1.5638355223395897E-016  -1.2263151435003002E-016   6.3851848927465149E-017   1.6244541606388340E-017  -1.1113203276072085E-017  0.33328035768683228       -6.2792204597890454E-011   3.9975648860120672E-011   1.3144350692901439E-015  -2.2268648387837149E-018   1.0581547645870858E-016  -1.1769594999582918E-016  -5.2290514911958619E-017   1.0738275537821143E-016  -1.5593861888303673E-019  0.14886817693222637       -3.1960569623071364E-011   2.1093564348688362E-011  -1.5215505323431744E-015 -0.17654462059761095        3.9695568604919570E-011  -2.4525617540195690E-011  -1.0006237891729878E-015  -2.2169937932977943E-016  -1.6581727574935552E-002   3.7037555680712725E-012  -2.2828158060051448E-012  -2.4394235180215219E-016
  -3.0349882482774388E-012   7.3605021607356445E-005  -5.1386316746074643E-013  -1.8206049152746294E-016   7.6806637897962391E-012  -2.8042527142612349E-004   1.2784561690733064E-012   9.3804099440627624E-016  -2.5935851825314957E-011   3.9957229233812466E-003  -4.3924421373614418E-012   2.6483243718919705E-016  -6.7380789092344657E-016  -8.0018284712487420E-017  -1.3324689881767994E-016  -4.0530025944371196E-016   1.8186874051370034E-018  -8.5566380830980219E-016  -8.6847398955041655E-011  0.14798812375705159       -1.1084033873907871E-011   1.3875611983216903E-015  -1.0875552043789264E-015  -3.6544059256951342E-017  -5.0991508997972876E-018  -1.2864527193353844E-015  -1.9611772955003634E-017  -1.4058442819403558E-015  -6.2790685358604404E-011  0.33328036477593975       -7.9159431773880318E-012  -2.8686862596867070E-015  -1.3468424328021392E-015   8.3370674653035272E-017   4.6060136224124811E-017  -1.2992013838050777E-015  -5.1168643472569778E-017  -1.5661186985315332E-015  -3.1959900291831051E-011  0.14886818054079221       -3.7709779586958487E-012   4.6764236475685450E-015   3.9695670040566615E-011 -0.17654462507885937        5.2623473578040971E-012   3.5702897922705593E-015  -1.8846488048930042E-015   3.7037700900437247E-012  -1.6581727993051149E-002   4.9290599861171131E-013  -5.5759658669261531E-016
   1.5527639459009693E-012  -5.1736411842070304E-013   7.3604849426106136E-005  -6.8447668171888082E-016  -3.9937350820682025E-012   1.2838056207406397E-012  -2.8042484270395256E-004   2.8315917544905252E-015   1.3271159079330705E-011  -4.3945543219202250E-012   3.9957214520417363E-003  -6.8243054329408315E-015   1.4384324651892909E-015   1.3800265765184435E-016   2.2622621106001747E-016   1.1981953280216426E-015  -5.1289698197658385E-016   8.6779072903824289E-016   5.4902123353617906E-011  -1.1084033873907871E-011  0.14798811998142003       -4.8763171251430821E-015   5.2642338603101583E-016  -2.0256086634747012E-016  -3.2112334425132072E-017   8.8471103296260464E-016   4.1316397282210006E-016   1.0242143655196469E-015   3.9973950273399566E-011  -7.9174902255367947E-012  0.33328036207695189       -3.3781631764697179E-015   7.7166511999298857E-016   2.1175638748103327E-016   7.8713902391310536E-017   9.4827933033444076E-016  -2.4358335317673650E-016   1.0922564211108838E-015   2.1093483023361031E-011  -3.7716062012386264E-012  0.14886817924917498        7.2879248186039649E-015  -2.4524026423003228E-011   5.2647368873939087E-012 -0.17654462329073972        6.0383286292762563E-015  -5.0978580662981526E-015  -2.2826514867948368E-012   4.9314163347214558E-013  -1.6581727825606532E-002  -2.1287334184557661E-015
  -3.7071068781309970E-015   9.2379344854294624E-016   8.4496729134594826E-017  -1.1825029118808046E-003   4.7283175658033964E-015  -1.3622003526095156E-015   5.3382689995385953E-016 -0.37983873559151848       -2.4894050100121185E-015   2.0612685807762185E-015   2.2856879517760101E-015 -0.47682634343433744       -2.2591814360351082E-010   7.9536383200325816E-011   8.7769647334926769E-011  -7.9609030138474350E-009   5.7917816383130219E-011   8.1868017638064580E-009   6.6085182247143421E-016   1.3875611983216903E-015  -4.8763171251430821E-015   1.1827658973496884        2.3434094380535603E-008   3.7606430014957593E-010  -3.5166959106329613E-010  -1.3368712670106925E-008   8.5782477280442864E-012  -1.0065485354090135E-008  -1.3907578227055844E-015   1.5204750137485920E-014   2.6141984198545447E-015  0.88918899495252601        2.3388573102338648E-008   3.6667646248455548E-010  -3.5976903538614966E-010  -1.2500596905772238E-008   2.5231845256134723E-012  -1.0887973896800094E-008  -6.9754883820902027E-016   7.1263114393827670E-015  -7.6388453109992398E-015 -0.72007200396656945        9.3400096824013278E-016   3.8233684982659743E-014  -4.7900498487433356E-014 -0.43016663951295797       0.19874327283219753        8.1117588493933571E-017   3.9817243978530846E-015  -5.0029956674531936E-015   6.5034106722989191E-002
   3.9502959396136567E-020   7.7814836658831097E-019  -1.7516752678719206E-018  -4.4726290227867570E-010  -5.2880440512255933E-020  -1.0708598604979584E-018   3.7826893761873461E-018  -2.9690785211214546E-008  -1.2426847193676883E-018  -2.3452729760801824E-017   5.1901890141514246E-018  -4.2504059191400948E-008   6.1955057151055861E-017   8.0190796435291163E-018   6.1979756666387112E-018  -7.1870978351213382E-016   4.9222500308213319E-018   6.5675308656816299E-016  -5.7316541020048766E-017  -1.0875552043789264E-015   5.2642338603101583E-016   2.3434094380535603E-008   1.9868714545427068E-015   3.1183503001975687E-017  -3.0527981978846839E-017  -1.0652501065100341E-015   2.3817607658528893E-019  -9.2162060522220206E-016  -1.2494178473275852E-016  -2.3689838154903983E-015   1.0630188136066477E-015   1.0348869117218286E-008   1.7374298292149467E-015   2.7070749409338076E-017  -2.6896010163723290E-017  -9.1227024162915622E-016   7.0325372249959995E-020  -8.2515581652045272E-016  -8.9703770974528435E-017  -1.7154739611010797E-015   1.4781267447381292E-015  -6.9755192545733374E-009  -3.3437513426349635E-016  -6.5128473237698051E-015   1.1293449474372363E-014  -4.0048153045600912E-009   1.7402955389046115E-009  -3.5111454425356642E-017  -6.8357266577169223E-016   1.1704114639057771E-015   5.6577036527302872E-010
  -1.5150304367001335E-019  -1.9677887856652313E-020  -1.0972538595502701E-019  -6.9822117571610336E-012   4.7136189466794276E-019   7.2813533452497192E-020   4.0514760683012803E-019  -4.6626101518829585E-010  -4.5527966375938459E-018  -9.9343152642283119E-019  -5.5094296630143971E-018  -6.6686697552595427E-010   9.6362947152260999E-019   1.2572010367437564E-019   9.7409776463055875E-020  -1.1275266530670740E-017   7.7252293837454936E-020   1.0311611322774407E-017  -1.5638355223395897E-016  -3.6544059256951342E-017  -2.0256086634747012E-016   3.7606430014957593E-010   3.1183503001975687E-017   4.8949361161120081E-019  -4.7905324149352442E-019  -1.6726207607058681E-017   3.7907848066745471E-021  -1.4457284761630902E-017  -3.5667389994381222E-016  -8.2391359949140136E-017  -4.5672853779648656E-016   1.6943748134130157E-010   2.7294951043235980E-017   4.2530101849955884E-019  -4.2251424898165972E-019  -1.4333738048960907E-017   1.1192141291213830E-021  -1.2961154180227853E-017  -1.2258084938851573E-016  -3.6053822298152377E-017  -1.9953649521369103E-016  -1.1517996563304782E-010   6.2307289693396445E-016   5.2488204632057352E-017   2.9479669171734618E-016  -6.6232875658932773E-011   2.8891253338778540E-011   6.2537656046899432E-017   5.0117062120716752E-018   2.8177420440714042E-017   9.4004326573112383E-012
   1.8874169656056957E-020   6.2604924906253702E-021  -1.7088412237539457E-019   6.9101519070740711E-012   4.2758860748963214E-020  -1.1221916538149866E-020   4.2863871049093052E-019   4.5591974056876028E-010  -2.9531494643471442E-018  -9.8255042648370012E-020  -1.5613102390305391E-018   6.5329648854780367E-010  -9.6079859661113782E-019  -1.2335151435715758E-019  -9.5095083630623310E-020   1.1047659477517653E-017  -7.5630972007838461E-020  -1.0086835685922374E-017  -1.2263151435003002E-016  -5.0991508997972876E-018  -3.2112334425132072E-017  -3.5166959106329613E-010  -3.0527981978846839E-017  -4.7905324149352442E-019   4.6913558630351665E-019   1.6359955817661383E-017  -3.6061090505270375E-021   1.4168013708173061E-017  -2.7131507541602492E-016  -1.0948356118970464E-017  -8.1746665533538388E-017  -1.5189250942558621E-010  -2.6668586446979976E-017  -4.1550006248085779E-019   4.1286014033006123E-019   1.4000804019884781E-017  -1.0648405938540709E-021   1.2667724107869903E-017  -1.6098836648117251E-016  -9.2737691248713153E-018   4.0680806391148114E-017   1.0139394141528118E-010  -3.2660004912918035E-016  -4.6001473055705862E-017   9.5555703948410689E-016   5.8105878541054152E-011  -2.5138475421909089E-011  -3.5026575052096220E-017  -4.7998569860322867E-018   9.8189024326595817E-017  -8.1644913079837086E-012
  -1.5640848014757709E-019   4.5119202873108908E-019  -1.4903947374725580E-018   2.3615148552686644E-010   3.2575839899277412E-019  -1.5256115712523492E-019   2.9067538111050371E-018   1.5944891838214298E-008   8.8066917023653500E-019  -2.9844964362076241E-017   1.5235771516603194E-017   2.2766454037678811E-008  -3.2366498900993004E-017  -4.2860033418771017E-018  -3.3360395844740724E-018   3.8487283009743725E-016  -2.6389087063867755E-018  -3.5250545201223095E-016   6.3851848927465149E-017  -1.2864527193353844E-015   8.8471103296260464E-016  -1.3368712670106925E-008  -1.0652501065100341E-015  -1.6726207607058681E-017   1.6359955817661383E-017   5.7184251069710986E-016  -1.3282004314410023E-019   4.9340729726837048E-016   1.3234778163217865E-016  -2.8307932469502387E-015   1.8749569338938764E-015  -6.2308462896714766E-009  -9.3407949551142057E-016  -1.4555824663431101E-017   1.4457831959904206E-017   4.9065157238442281E-016  -3.9209800494580210E-020   4.4342593747802449E-016   1.5288597799442938E-016  -1.8081187171106456E-015   1.7994696878623065E-015   4.2944632459288700E-009   1.0380160487658484E-015  -4.9253432379566372E-015   1.0374933845774557E-014   2.4757947820637246E-009  -1.0865546677549754E-009   1.0774592426676610E-016  -5.2204501406078978E-016   1.0796225558910059E-015  -3.5401124138734975E-010
   4.4006839573041623E-020  -3.1123386459493116E-020   2.7607757465818378E-019  -2.7475214378805835E-014  -1.1607903690400156E-019   8.7896167504587370E-020  -9.5048361215005286E-019  -3.7480439681191556E-012   5.9962053862843205E-019  -6.2529211021798448E-019   1.1471869305461300E-017  -4.9384363635217648E-012   1.3300989234925482E-021   8.6534524583001205E-022   8.3639738866954107E-022  -8.2861363912648295E-020   5.8913448064126585E-022   8.1531068295066171E-020   1.6244541606388340E-017  -1.9611772955003634E-017   4.1316397282210006E-016   8.5782477280442864E-012   2.3817607658528893E-019   3.7907848066745471E-021  -3.6061090505270375E-021  -1.3282004314410023E-019   6.5283317350894175E-023  -1.0535665928213971E-019   3.8770285638568639E-017  -4.5467598665546095E-017   9.3477158060690059E-016   6.1327915568834205E-012   2.2667277721422961E-019   3.5461796382582209E-021  -3.4943516170890607E-021  -1.2042081037470159E-019   1.9222261144782772E-023  -1.0625177427908366E-019  -5.8519616403114098E-019  -9.6608557739395114E-018   3.8236778637647215E-016  -4.8127679229337593E-012  -2.3210569287168131E-016   1.4992283377859905E-016  -9.1080896972298113E-016  -2.8367038952655817E-012   1.3095661131352354E-012  -2.3757515801265411E-017   1.5245475649269022E-017  -8.9391816650383261E-017   4.3130587104433471E-013
   3.7889236263480312E-021   6.9586297210660923E-019  -1.1678974606699997E-018   2.1111074635204296E-010  -1.0525464924013480E-021  -6.4819226397708632E-019   2.0414718091289222E-018   1.3745885950551839E-008  -2.5833228975762045E-019  -3.1705919921030755E-017   2.0136785094173835E-017   1.9737586278183991E-008  -2.9588416983579917E-017  -3.7330714509964396E-018  -2.8619355806096489E-018   3.3383662148287690E-016  -2.2833394704897092E-018  -3.0424744389104121E-016  -1.1113203276072085E-017  -1.4058442819403558E-015   1.0242143655196469E-015  -1.0065485354090135E-008  -9.2162060522220206E-016  -1.4457284761630902E-017   1.4168013708173061E-017   4.9340729726837048E-016  -1.0535665928213971E-019   4.2821286370349728E-016  -2.4460919991577118E-017  -3.0811689397030200E-015   2.2045323714941399E-015  -4.1181135047821957E-009  -8.0335004632510668E-016  -1.2514920547307000E-017   1.2438173472032119E-017   4.2161854549692345E-016  -3.1115754633820283E-020   3.8172971542075119E-016  -1.5567689901543694E-017  -2.0714671985927761E-015   1.8205522946795512E-015   2.6811390032926658E-009  -4.1894748102334519E-017  -6.5832090430926709E-015   8.7097994466093541E-015   1.5290719044986184E-009  -6.5378036651112028E-010  -4.4423650471555362E-018  -6.9432236497278398E-016   9.0943736925928300E-016  -2.1177545531421126E-010
   1.6871165044022568E-004  -6.7727414148678199E-012   3.4579335461996847E-012  -2.1509547917928216E-016  -6.3853675391100588E-004   1.7053619335549070E-011  -8.8416178059881305E-012  -2.6702333417320656E-016   9.0118753928566334E-003  -5.4837806897039636E-011   2.7636743138739807E-011   9.6964799872732918E-016   4.3241510804129592E-016   5.0884445016290959E-017  -1.0520934410701604E-016  -7.8780016003639437E-016  -8.5135203861885463E-017   9.5340389033502586E-017  0.33328035768683228       -6.2790685358604404E-011   3.9973950273399566E-011  -1.3907578227055844E-015  -1.2494178473275852E-016  -3.5667389994381222E-016  -2.7131507541602492E-016   1.3234778163217865E-016   3.8770285638568639E-017  -2.4460919991577118E-017  0.75075184360860858        1.5751896128765126E-010  -9.8266268441328313E-011   9.1140257140253583E-016  -2.0975085978453062E-017   2.3869125974157248E-016  -2.5928506313231498E-016  -1.1173986467192677E-016   2.4066386018912669E-016   8.4033131353587757E-018  0.33387326373653531        6.2159961728180798E-011  -3.7185524743156049E-011   1.0847646938544028E-015 -0.41504918140939573       -6.2438406438315372E-011   3.7938980306464607E-011   1.4738656524390976E-015  -5.5384642194477186E-016  -3.9143588090927682E-002  -5.8630844806353423E-012   3.5517449915270557E-012  -1.2175667861693057E-016
  -6.7717160078100809E-012   1.6871241478775398E-004  -1.1489444041002956E-012  -3.6805927245089202E-016   1.7052381820141732E-011  -6.3853867853369550E-004   2.8474072058842308E-012   2.2073735745933532E-015  -5.4836392472762522E-011   9.0118815813899460E-003  -9.4335783704917156E-012   1.6248758836169172E-015  -1.5769170519372070E-015  -1.8527668966360962E-016  -3.0870401745471754E-016  -9.3862571971208708E-016   4.4624581244246929E-018  -1.9576871970869218E-015  -6.2792204597890454E-011  0.33328036477593975       -7.9174902255367947E-012   1.5204750137485920E-014  -2.3689838154903983E-015  -8.2391359949140136E-017  -1.0948356118970464E-017  -2.8307932469502387E-015  -4.5467598665546095E-017  -3.0811689397030200E-015   1.5751896128765126E-010  0.75075182582547173        2.0558669673210802E-011   3.2525180398531194E-015  -2.8874699582975068E-015   1.8905032422704231E-016   1.0564222018031276E-016  -2.7827415291423300E-015  -1.1960596836105538E-016  -3.3899469177356631E-015   6.2159671336672170E-011  0.33387325671953955        8.6638124468479970E-012  -7.2472444654301649E-015  -6.2439773450747968E-011 -0.41504917436092509       -8.4987184557136142E-012  -5.9061972074253774E-015   2.7473462233964496E-015  -5.8632345189850989E-012  -3.9143587429067372E-002  -8.0177657810030109E-013   9.2950222448208324E-016
