   1.5990506506126990E-003  -5.5232933535184062E-017   3.1821084271884958E-016  -3.6643824411148692E-017  -1.8740898617157453E-002   3.1847650743699421E-016  -3.1410703674302476E-015   3.0198076154783295E-015   7.4098327695671180E-018   1.5711425315772728E-018  -7.4257115932895924E-018   1.6911606803610554E-017  -8.8228517370159569E-020   2.3315461912597372E-017  -3.0635970131825997E-002   4.7879069742870276E-016  -5.1318023926399923E-015   4.0303738303460016E-015  -1.2765015476858033E-002   2.5879725954561048E-016  -2.0477054505717154E-015   5.8340261617062353E-018  -5.3530976428737086E-018   4.9427791638026843E-018   1.4841792431421784E-017   4.3430870669431022E-018   1.2688774546714783E-017   2.3841044240987720E-015   3.8144992493768038E-003   2.4824245165393782E-016   1.2188469602178773E-015   1.6068683971208572E-002   9.1405916618598400E-016   4.8696734290393894E-015   2.8378458220650889E-015  -1.6879291234714047E-015  -5.5179313437989238E-016
  -5.5232933535184062E-017   1.5990506506127359E-003  -1.4760613468925556E-016   3.2323415280667086E-017   3.4985858070035391E-016  -1.8740898617157664E-002   1.6760143886502612E-015  -2.4498337411190543E-015   1.6478649524329365E-017  -2.0121496677333307E-019   3.2549927886474595E-018   2.2257655729036123E-017   3.0359441861025191E-018   1.9211456903652828E-017   5.4533814472979832E-016  -3.0635970131826132E-002   2.7708210891183893E-015  -3.2249135541641316E-015   2.7315219733333392E-016  -1.2765015476858368E-002   1.1208274523334850E-015   9.4419606136984802E-018  -1.1172603015762159E-018  -1.1926797857870806E-019   7.6774811633411872E-018  -1.1259001347763559E-018   5.9666707182294005E-018  -2.9818032866651578E-015   3.2954274695088854E-016   3.8144992493777292E-003  -4.7395521163672475E-016   1.2014954785937011E-015   1.6068683971211809E-002  -1.9532508377230108E-015  -3.1343937060450906E-015   3.6525512136872750E-015   1.7380304859230941E-015
   3.1821084271884958E-016  -1.4760613468925556E-016   1.5990506506135629E-003  -3.0860451808902629E-018  -8.5231652254705156E-016   1.6608988053339175E-016  -1.8740898617162740E-002   3.0792850387475986E-015   2.7909901083485187E-017   7.9150723118091074E-018  -4.2856806671409602E-018   4.6077324082165568E-018  -6.7665765438726138E-018   2.4681436966928496E-017  -8.9166700576303547E-016  -1.5108377277916423E-017  -3.0635970131834278E-002   3.7596938473651054E-015  -4.9019646037330092E-016  -7.9813735523098586E-017  -1.2765015476861392E-002   7.8582806392573000E-018  -2.0529731100098752E-019   3.2684125054607809E-018   7.2916191333950730E-018   3.5439969159240372E-018   1.2556326752151434E-017  -1.0857246589751073E-015  -1.8682324508939942E-016  -7.4302779382767230E-016   3.8144992493789279E-003  -6.6687877923051808E-016  -2.7863879485364487E-015   1.6068683971216999E-002  -1.7380233366542322E-016  -3.4828977272497823E-015  -2.1782576034462730E-015
  -3.6643824411148692E-017   3.2323415280667086E-017  -3.0860451808902629E-018   1.2978448668718925E-004   1.9138424576439955E-016  -2.5142545596244305E-016  -3.7099320315051325E-016  -8.6229688712524677E-003   4.9200485034894702E-016   5.8206475017584252E-018   4.3422097329005965E-018   3.8310328873447951E-016   9.8362223353940239E-018   3.6557775137123321E-016   3.2373530434760081E-016  -4.0461918827710723E-016  -6.8250919356926908E-016  -9.8142169892019605E-003   8.1688220964237863E-017  -1.2125718150186405E-016  -1.9448423036902263E-016   1.3001772312578655E-016  -6.7646221226062775E-018  -2.0879695305725481E-018   1.1555098182845917E-016  -4.3155722647540613E-018   1.0192247914171757E-016   9.7277336413517223E-003  -1.7100072241038541E-016   2.4050605543019002E-016   6.4070710203098733E-016  -7.0321025576060519E-016   9.6412342204210662E-016   2.4379256518918854E-015   6.0043589555723847E-003  -3.3787965660648043E-003  -1.1959526522108068E-003
  -1.8740898617157453E-002   3.4985858070035391E-016  -8.5231652254705156E-016   1.9138424576439955E-016  0.21969949469683731       -3.7248957613065012E-016   3.0426949488968652E-015  -2.4128674980885847E-015  -9.3265298141896519E-017  -1.8100361144061454E-017   9.0328682619733958E-017  -1.9670455044650685E-016   4.6474951444418826E-018  -2.7286604722310016E-016  0.35919731879918804       -1.6222666605318197E-016   4.8490521172526245E-015  -4.2579939740210162E-015  0.14912749474638101       -2.6334855761241750E-016   1.9924464892637791E-015  -6.8450792022027564E-017   6.5312807722191581E-017  -6.0675648745410643E-017  -1.7705059777314704E-016  -5.0992045286009230E-017  -1.5134827229240679E-016  -5.0470206621677129E-015  -4.8180583278165032E-002  -2.8952782184963634E-016  -8.1378247541495871E-016 -0.20140192894119824       -1.1913099214462643E-015  -3.2803536097538978E-015  -5.0681256539115500E-015   1.7508405088151262E-015   2.2132912576299660E-016
   3.1847650743699421E-016  -1.8740898617157664E-002   1.6608988053339175E-016  -2.5142545596244305E-016  -3.7248957613065012E-016  0.21969949469683689       -1.2019943126265363E-015   3.5101269478232179E-015  -1.8859832925842152E-016  -8.5879996086558078E-018  -4.9398370454793309E-017  -2.7697299019043684E-016  -3.9686589958542415E-017  -2.3845935583643341E-016  -3.8829561882118002E-016  0.35919731879918476       -2.2964104290670526E-015   3.7864970503671154E-015   2.5132161220694169E-017  0.14912749474638390       -5.1227796686645583E-016  -1.2339844028321039E-016   2.4150604980985344E-017   1.4678946812270009E-017  -8.3533345432289194E-017   1.7856238742806385E-017  -7.4652655942527268E-017   4.7052990401286706E-015  -8.8104740997211496E-017  -4.8180583278169681E-002   2.1847033035610940E-015  -2.1303579991260321E-016 -0.20140192894121239        8.5299160907430015E-015   4.7163220977590462E-015  -3.0240187745945034E-015  -1.0719100871017579E-015
  -3.1410703674302476E-015   1.6760143886502612E-015  -1.8740898617162740E-002  -3.7099320315051325E-016   3.0426949488968652E-015  -1.2019943126265363E-015  0.21969949469684225       -2.7471679533757800E-015  -3.3469863933991891E-016  -7.8780630127507168E-017   5.9838756419161562E-017  -4.5135368106230269E-017   8.0271097219103353E-017  -2.9839466322872870E-016  -8.4779703838382046E-016   1.5918061189397110E-015  0.35919731879919164       -3.9306838141174377E-015   4.8315599141292313E-016   3.4810134075805863E-016  0.14912749474638309       -8.4461998423595198E-017  -7.4056588866285166E-018  -4.1824517889096762E-017  -9.1439317768871357E-017  -4.6847883780801676E-017  -1.4939710063957645E-016  -2.0250789587886796E-016   1.5590929426843330E-016   1.1855267540961298E-015  -4.8180583278167995E-002   7.8135235603704871E-016   4.3095874111198854E-015 -0.20140192894120920       -8.3936180794074563E-016   7.1300586050056971E-015   4.2917566601357819E-015
   3.0198076154783295E-015  -2.4498337411190543E-015   3.0792850387475986E-015  -8.6229688712524677E-003  -2.4128674980885847E-015   3.5101269478232179E-015  -2.7471679533757800E-015  0.63634166906505563       -3.7071827240723277E-014  -3.7837679733864284E-017  -2.6528390884023324E-016  -2.8634222921602868E-014  -6.2317343731521180E-016  -2.7660193180601534E-014   1.2953033705645544E-015   7.6521206236177075E-017   2.8852106115352749E-015  0.74455743787275630       -2.5736157350950749E-017   7.0327048454838423E-016  -3.8950335166209305E-016  -9.9212596368280967E-015   1.2926044346168832E-016   1.3473908205684399E-016  -9.1952364793937625E-015   2.4639171899030230E-016  -8.1766194646117180E-015 -0.49355126643651731       -3.2325506437355801E-016  -1.9057630327231375E-015  -1.2020558742838038E-015  -9.0374308097789368E-016  -6.6336787764012343E-015  -4.5324850669412823E-015 -0.25226431925378040       0.12827569871919514        4.4391919280752472E-002
   7.4098327695671180E-018   1.6478649524329365E-017   2.7909901083485187E-017   4.9200485034894702E-016  -9.3265298141896519E-017  -1.8859832925842152E-016  -3.3469863933991891E-016  -3.7071827240723277E-014   2.1720400808376661E-027  -3.4469418243597555E-030   1.1174720511855799E-029   1.6730994271500160E-027   3.4432753051251066E-029   1.6211551229412301E-027  -1.5843195364474615E-016  -3.0409110852174189E-016  -5.5419564793567871E-016  -4.3596009500467372E-014  -4.1294577873289809E-018  -1.7037390147306130E-016  -1.5773544916463659E-016   5.8148305912850346E-028  -2.6726920538831403E-030  -5.0198280022582806E-030   5.4520075469668706E-028  -1.2174135994473224E-029   4.8588201823196114E-028   2.6332642842796576E-014   4.1706086836977916E-016  -2.4252004782089430E-016   5.3886447346329908E-016   1.5775539721114939E-015  -8.9507908375551030E-016   2.0579219279910550E-015   1.2617183792898078E-014  -7.1840530849800062E-015  -2.7529131923587815E-015
   1.5711425315772728E-018  -2.0121496677333307E-019   7.9150723118091074E-018   5.8206475017584252E-018  -1.8100361144061454E-017  -8.5879996086558078E-018  -7.8780630127507168E-017  -3.7837679733864284E-017  -3.4469418243597555E-030   9.2157411140108206E-030   3.8568087542047374E-030   8.5904343290841237E-030   1.8608569729449313E-030  -1.1063848243613114E-031  -2.9297478300917295E-017  -2.4214911457299796E-017  -1.1578349178470456E-016   6.9036557410375047E-017  -1.5227856600756753E-017   9.5392111086088839E-017  -1.8299912470324135E-016   5.0778395290485213E-030  -7.7847045592566205E-030  -2.8851543254056765E-030  -5.5824012288193987E-030  -2.4069231336584959E-030  -7.6319940528913724E-031   1.2887127078911885E-015  -1.5745981223044468E-017   6.8027411821022080E-016  -8.5080184797644872E-016  -5.7577487183326962E-017   2.5600104045182488E-015  -3.1935328174571119E-015   1.0653288558063418E-015  -1.7615749716832340E-015  -9.2475305135823855E-016
  -7.4257115932895924E-018   3.2549927886474595E-018  -4.2856806671409602E-018   4.3422097329005965E-018   9.0328682619733958E-017  -4.9398370454793309E-017   5.9838756419161562E-017  -2.6528390884023324E-016   1.1174720511855799E-029   3.8568087542047374E-030   5.1605784333189075E-030   1.3715190865093811E-029   1.3973375412489551E-030   1.0752828336254742E-029   1.5072844860867613E-016  -9.1210312339454110E-017   1.0675339284327079E-016  -2.9481691995079760E-016   3.1011197055887720E-017   7.0402524795970923E-017  -4.8129455975723668E-017   6.2624732046660042E-030  -3.2086185818460654E-030  -4.1038009686226336E-030   4.7989757855108039E-031  -2.2302453678194067E-030   1.6711551218447660E-030   3.7181374875713642E-016  -2.2289497899063950E-016   7.0739754332693228E-016  -6.0790755652426070E-016  -8.4682357902044348E-016   2.6657919129498431E-015  -2.2924632241681915E-015   2.6306400882211377E-016   7.0535467119769434E-016   4.8281018773631395E-016
   1.6911606803610554E-017   2.2257655729036123E-017   4.6077324082165568E-018   3.8310328873447951E-016  -1.9670455044650685E-016  -2.7697299019043684E-016  -4.5135368106230269E-017  -2.8634222921602868E-014   1.6730994271500160E-027   8.5904343290841237E-030   1.3715190865093811E-029   1.3059501275720779E-027   2.9537930219881138E-029   1.2552096738765209E-027  -3.2016105541215287E-016  -4.6775017165415339E-016  -6.5539948403481123E-017  -3.3607242366879340E-014  -1.4785278582528983E-016  -3.9626829404173500E-017  -1.1275693090084616E-016   4.5800546667458837E-028  -1.1519572061608767E-029  -8.5378545565156053E-030   4.1541002129942536E-028  -1.2271542841210489E-029   3.7758179439034234E-028   2.1085339156293753E-014  -5.2927924757372882E-017   1.0551682177772375E-015  -5.4047339327315238E-016  -1.8108140987723896E-016   3.9949878139405956E-015  -2.0291476403284713E-015   1.0341190013302432E-014  -7.9410586808312345E-015  -3.5238635480665995E-015
  -8.8228517370159569E-020   3.0359441861025191E-018  -6.7665765438726138E-018   9.8362223353940239E-018   4.6474951444418826E-018  -3.9686589958542415E-017   8.0271097219103353E-017  -6.2317343731521180E-016   3.4432753051251066E-029   1.8608569729449313E-030   1.3973375412489551E-030   2.9537930219881138E-029   1.3824391369315192E-030   2.7125506345060886E-029   1.0956509207942163E-017  -6.8692548690127982E-017   1.3211880966786768E-016  -6.9948082076693366E-016  -3.0255253583736670E-017   1.0937871820261515E-017   4.5734038898354537E-017   1.0590180420854557E-029  -1.6631990639967321E-030  -1.2733171077129135E-030   7.2871192237998183E-030  -7.6648127305536298E-031   7.4692011641970731E-030   8.1233626506915173E-016  -2.2493368098194809E-016   2.6255207330478896E-016  -7.6262127987707688E-017  -8.4663713160549426E-016   9.9137202584993354E-016  -2.9426176939862643E-016   5.2349531920475394E-016  -4.7861087998109528E-016  -2.1817409683981235E-016
   2.3315461912597372E-017   1.9211456903652828E-017   2.4681436966928496E-017   3.6557775137123321E-016  -2.7286604722310016E-016  -2.3845935583643341E-016  -2.9839466322872870E-016  -2.7660193180601534E-014   1.6211551229412301E-027  -1.1063848243613114E-031   1.0752828336254742E-029   1.2552096738765209E-027   2.7125506345060886E-029   1.2163634132978959E-027  -4.4569339601864162E-016  -4.0217721536414255E-016  -4.9627486221991137E-016  -3.2560172976007701E-014  -1.8947891063751464E-016  -3.9403399939579110E-017  -1.1882273796371300E-016   4.3867510636833854E-028  -4.4318013792006230E-030  -7.3303642531750718E-030   4.0636757581033907E-028  -9.8823304505702246E-030   3.6597459564883861E-028   1.9296027827157262E-014   3.1268946526043526E-017   8.7301293117905047E-016   6.2654324284480797E-016   1.4265442319051754E-016   3.3061797989428594E-015   2.3844448237989487E-015   9.1053958300546310E-015  -5.6627963949829357E-015  -2.2949917612195367E-015
  -3.0635970131825997E-002   5.4533814472979832E-016  -8.9166700576303547E-016   3.2373530434760081E-016  0.35919731879918804       -3.8829561882118002E-016  -8.4779703838382046E-016   1.2953033705645544E-015  -1.5843195364474615E-016  -2.9297478300917295E-017   1.5072844860867613E-016  -3.2016105541215287E-016   1.0956509207942163E-017  -4.4569339601864162E-016  0.58731732307443241        7.9657678484600378E-017  -1.5769294126631657E-015   8.6159604333331239E-016  0.24333548819650289       -7.8364006000376083E-017  -7.4965010254471682E-016  -1.1196789731033620E-016   1.0916089430843380E-016  -1.0174016796476288E-016  -2.9231282568734293E-016  -8.3441897580349079E-017  -2.4986100181109329E-016   6.3047345344252156E-015  -8.1991474824591681E-002   9.0844576425255525E-016  -4.9226661955054307E-016 -0.34139068673159900        3.2058232325052675E-015  -1.6602439478433825E-015   5.6226509868108403E-015   1.3449014971325641E-015   1.7896496758438097E-015
   4.7879069742870276E-016  -3.0635970131826132E-002  -1.5108377277916423E-017  -4.0461918827710723E-016  -1.6222666605318197E-016  0.35919731879918476        1.5918061189397110E-015   7.6521206236177075E-017  -3.0409110852174189E-016  -2.4214911457299796E-017  -9.1210312339454110E-017  -4.6775017165415339E-016  -6.8692548690127982E-017  -4.0217721536414255E-016   7.9657678484600378E-017  0.58731732307442264        2.1764845162553051E-015  -1.8923731135284662E-015   3.0071157523403365E-016  0.24333548819650724        7.8394280660030242E-016  -2.1356306430087543E-016   4.9757598366344809E-017   3.6342442710624241E-017  -1.3055973566733185E-016   3.3522527979143022E-017  -1.2642641924051380E-016  -3.7204047068135496E-015  -6.0237897318353252E-016  -8.1991474824589752E-002  -2.5594363085406151E-015  -2.1025640036575864E-015 -0.34139068673158579       -9.4400346289469689E-015  -3.5811984791744336E-015  -1.9272402063402373E-015  -1.8073234306238534E-015
  -5.1318023926399923E-015   2.7708210891183893E-015  -3.0635970131834278E-002  -6.8250919356926908E-016   4.8490521172526245E-015  -2.2964104290670526E-015  0.35919731879919164        2.8852106115352749E-015  -5.5419564793567871E-016  -1.1578349178470456E-016   1.0675339284327079E-016  -6.5539948403481123E-017   1.3211880966786768E-016  -4.9627486221991137E-016  -1.5769294126631657E-015   2.1764845162553051E-015  0.58731732307443074        2.8665336842612611E-015   6.1086894804146801E-016  -3.4705488192532397E-018  0.24333548819650433       -1.3097125331423724E-016  -2.1227458571180046E-017  -7.1642117142560140E-017  -1.5503748403975629E-016  -8.1521184394138764E-017  -2.4630058426880569E-016   1.6594578823263636E-015  -2.4862830923828061E-016  -3.5175701378997461E-016  -8.1991474824588129E-002  -6.2464258480495351E-016  -1.5180354154742606E-015 -0.34139068673158496        1.9552697426059148E-015  -6.4939245649595413E-015  -3.7150830889296426E-015
   4.0303738303460016E-015  -3.2249135541641316E-015   3.7596938473651054E-015  -9.8142169892019605E-003  -4.2579939740210162E-015   3.7864970503671154E-015  -3.9306838141174377E-015  0.74455743787275630       -4.3596009500467372E-014   6.9036557410375047E-017  -2.9481691995079760E-016  -3.3607242366879340E-014  -6.9948082076693366E-016  -3.2560172976007701E-014   8.6159604333331239E-016  -1.8923731135284662E-015   2.8665336842612611E-015  0.87702963952970603       -1.1024542966157753E-015   8.1596860920793176E-016  -7.4377101138027562E-016  -1.1702009486343995E-014   4.4278095913552358E-017   1.5228729489113872E-016  -1.0951433355295479E-014   2.6758427801101351E-016  -9.7553836300681391E-015 -0.51282167650706845        2.8242232594072658E-017  -9.1139356778790638E-016   4.3328871297529093E-016  -2.6404450886904268E-016  -1.7603521275674771E-015   1.4680794905709429E-015 -0.24016003466999344       0.11487127145118341        3.9095314113265625E-002
  -1.2765015476858033E-002   2.7315219733333392E-016  -4.9019646037330092E-016   8.1688220964237863E-017  0.14912749474638101        2.5132161220694169E-017   4.8315599141292313E-016  -2.5736157350950749E-017  -4.1294577873289809E-018  -1.5227856600756753E-017   3.1011197055887720E-017  -1.4785278582528983E-016  -3.0255253583736670E-017  -1.8947891063751464E-016  0.24333548819650289        3.0071157523403365E-016   6.1086894804146801E-016  -1.1024542966157753E-015  0.10600278964018379        9.5607184894032836E-018   3.1890628962218283E-016  -4.5921857533379245E-017   2.0675829521964062E-017  -1.5928523355247278E-017  -9.1880704734480264E-017  -3.3890655778185546E-017  -7.8711098703686273E-017  -5.5690217772744331E-015  -6.8084499084688360E-004  -9.9420980199089843E-016   7.6015482243071460E-016  -1.6234925144753359E-002  -3.5899128322814578E-015   2.7005290680522223E-015  -4.9449270766451704E-015  -4.2155959267693662E-015  -3.4721550940445905E-015
   2.5879725954561048E-016  -1.2765015476858368E-002  -7.9813735523098586E-017  -1.2125718150186405E-016  -2.6334855761241750E-016  0.14912749474638390        3.4810134075805863E-016   7.0327048454838423E-016  -1.7037390147306130E-016   9.5392111086088839E-017   7.0402524795970923E-017  -3.9626829404173500E-017   1.0937871820261515E-017  -3.9403399939579110E-017  -7.8364006000376083E-017  0.24333548819650724       -3.4705488192532397E-018   8.1596860920793176E-016   9.5607184894032836E-018  0.10600278964018732        3.6090182067346295E-016   3.3767813520950234E-017  -8.5809825017999183E-017  -1.1283867280406027E-016  -1.1652406533133097E-016  -3.0944051834360654E-017  -7.1636171651391993E-018   4.1121700379471361E-015   6.1539481263137606E-016  -6.8084499085215022E-004   1.0497582648378199E-015   2.2873381039085093E-015  -1.6234925144772955E-002   3.9896822571956415E-015   3.7255799798266266E-015   4.5801566605418383E-015   3.4855518784338461E-015
  -2.0477054505717154E-015   1.1208274523334850E-015  -1.2765015476861392E-002  -1.9448423036902263E-016   1.9924464892637791E-015  -5.1227796686645583E-016  0.14912749474638309       -3.8950335166209305E-016  -1.5773544916463659E-016  -1.8299912470324135E-016  -4.8129455975723668E-017  -1.1275693090084616E-016   4.5734038898354537E-017  -1.1882273796371300E-016  -7.4965010254471682E-016   7.8394280660030242E-016  0.24333548819650433       -7.4377101138027562E-016   3.1890628962218283E-016   3.6090182067346295E-016  0.10600278964018407       -1.2816585322659713E-016   8.5704503948052548E-017   4.0561644737031627E-018  -6.9600405863120290E-018   1.7222766525745147E-017  -8.1071344079480782E-017  -1.9801590710183299E-015  -5.7859019155636879E-016   5.0891892334748283E-016  -6.8084499084949263E-004  -1.8455118651399328E-015   1.5771977740074030E-015  -1.6234925144763213E-002  -1.6932197420134801E-015   5.5068701316771343E-015   3.1680588861763386E-015
   5.8340261617062353E-018   9.4419606136984802E-018   7.8582806392573000E-018   1.3001772312578655E-016  -6.8450792022027564E-017  -1.2339844028321039E-016  -8.4461998423595198E-017  -9.9212596368280967E-015   5.8148305912850346E-028   5.0778395290485213E-030   6.2624732046660042E-030   4.5800546667458837E-028   1.0590180420854557E-029   4.3867510636833854E-028  -1.1196789731033620E-016  -2.1356306430087543E-016  -1.3097125331423724E-016  -1.1702009486343995E-014  -4.5921857533379245E-017   3.3767813520950234E-017  -1.2816585322659713E-016   1.6280622336246816E-028  -5.7140272913475028E-030  -4.5107176724684108E-030   1.4474168759057899E-028  -4.9537076761194084E-030   1.3414169419901137E-028   6.6721470666085409E-015   1.8638094127737805E-017   8.1474029857769527E-016  -4.5621516948498735E-016   7.6393657733334125E-017   3.0764054592376589E-015  -1.7085583986514717E-015   3.0339705264169494E-015  -2.9241726122323686E-015  -1.4208620265012303E-015
  -5.3530976428737086E-018  -1.1172603015762159E-018  -2.0529731100098752E-019  -6.7646221226062775E-018   6.5312807722191581E-017   2.4150604980985344E-017  -7.4056588866285166E-018   1.2926044346168832E-016  -2.6726920538831403E-030  -7.7847045592566205E-030  -3.2086185818460654E-030  -1.1519572061608767E-029  -1.6631990639967321E-030  -4.4318013792006230E-030   1.0916089430843380E-016   4.9757598366344809E-017  -2.1227458571180046E-017   4.4278095913552358E-017   2.0675829521964062E-017  -8.5809825017999183E-017   8.5704503948052548E-017  -5.7140272913475028E-030   6.9252101943096598E-030   2.6510875059115153E-030   3.5104104942373331E-030   2.0767962308107804E-030  -5.4766282213298555E-031  -1.2881569926016528E-015  -1.7287457336903900E-016  -6.9026368157828617E-016   6.0970934170284927E-016  -6.5635076488800174E-016  -2.5990185489026302E-015   2.2944340141769062E-015  -1.0445520078016216E-015   1.5487007231457238E-015   7.9590143192057369E-016
   4.9427791638026843E-018  -1.1926797857870806E-019   3.2684125054607809E-018  -2.0879695305725481E-018  -6.0675648745410643E-017   1.4678946812270009E-017  -4.1824517889096762E-017   1.3473908205684399E-016  -5.0198280022582806E-030  -2.8851543254056765E-030  -4.1038009686226336E-030  -8.5378545565156053E-030  -1.2733171077129135E-030  -7.3303642531750718E-030  -1.0174016796476288E-016   3.6342442710624241E-017  -7.1642117142560140E-017   1.5228729489113872E-016  -1.5928523355247278E-017  -1.1283867280406027E-016   4.0561644737031627E-018  -4.5107176724684108E-030   2.6510875059115153E-030   3.9408771540397186E-030   5.2280525900375275E-031   1.6602844638134102E-030  -1.3060920506667193E-030  -1.5974727664405779E-016   1.8257888151357396E-016  -8.2624649894777877E-016   2.2662530141768181E-016   6.9243364203423949E-016  -3.1097237916837345E-015   8.5640986140998856E-016  -1.1146012829741526E-016  -5.0682646683097628E-016  -3.3450352885020685E-016
   1.4841792431421784E-017   7.6774811633411872E-018   7.2916191333950730E-018   1.1555098182845917E-016  -1.7705059777314704E-016  -8.3533345432289194E-017  -9.1439317768871357E-017  -9.1952364793937625E-015   5.4520075469668706E-028  -5.5824012288193987E-030   4.7989757855108039E-031   4.1541002129942536E-028   7.2871192237998183E-030   4.0636757581033907E-028  -2.9231282568734293E-016  -1.3055973566733185E-016  -1.5503748403975629E-016  -1.0951433355295479E-014  -9.1880704734480264E-017  -1.1652406533133097E-016  -6.9600405863120290E-018   1.4474168759057899E-028   3.5104104942373331E-030   5.2280525900375275E-031   1.4104453717544506E-028  -1.6608692643240392E-030   1.2486761619002488E-028   5.0075999556779522E-015   2.2847932848836781E-016  -3.8261968573480648E-016   3.8938296846996077E-016   8.7578372645610601E-016  -1.4317739040648272E-015   1.4732609966980513E-015   1.8331672514875991E-015  -9.5660385252682689E-016  -3.8303885589618737E-016
   4.3430870669431022E-018  -1.1259001347763559E-018   3.5439969159240372E-018  -4.3155722647540613E-018  -5.0992045286009230E-017   1.7856238742806385E-017  -4.6847883780801676E-017   2.4639171899030230E-016  -1.2174135994473224E-029  -2.4069231336584959E-030  -2.2302453678194067E-030  -1.2271542841210489E-029  -7.6648127305536298E-031  -9.8823304505702246E-030  -8.3441897580349079E-017   3.3522527979143022E-017  -8.1521184394138764E-017   2.6758427801101351E-016  -3.3890655778185546E-017  -3.0944051834360654E-017   1.7222766525745147E-017  -4.9537076761194084E-030   2.0767962308107804E-030   1.6602844638134102E-030  -1.6608692643240392E-030   1.1228093890152004E-030  -2.2790008818331204E-030  -4.1855738998011767E-016   1.6019499317151117E-017  -2.9253608727764169E-016   3.3882242938517385E-016   6.4941583024966397E-017  -1.1021716522927558E-015   1.2789612851081636E-015  -2.9476809905103006E-016  -1.0706854698857816E-017  -5.3548876766921836E-017
   1.2688774546714783E-017   5.9666707182294005E-018   1.2556326752151434E-017   1.0192247914171757E-016  -1.5134827229240679E-016  -7.4652655942527268E-017  -1.4939710063957645E-016  -8.1766194646117180E-015   4.8588201823196114E-028  -7.6319940528913724E-031   1.6711551218447660E-030   3.7758179439034234E-028   7.4692011641970731E-030   3.6597459564883861E-028  -2.4986100181109329E-016  -1.2642641924051380E-016  -2.4630058426880569E-016  -9.7553836300681391E-015  -7.8711098703686273E-017  -7.1636171651391993E-018  -8.1071344079480782E-017   1.3414169419901137E-028  -5.4766282213298555E-031  -1.3060920506667193E-030   1.2486761619002488E-028  -2.2790008818331204E-030   1.1486681445332220E-028   4.2734556727962624E-015   1.9418076669731667E-016   3.0797119387430957E-016   1.6905811287821455E-016   7.4439428133786281E-016   1.1654469276244379E-015   6.4970278204880714E-016   1.4510637123175868E-015  -2.1006119577266725E-015  -1.1528430694375036E-015
   2.3841044240987720E-015  -2.9818032866651578E-015  -1.0857246589751073E-015   9.7277336413517223E-003  -5.0470206621677129E-015   4.7052990401286706E-015  -2.0250789587886796E-016 -0.49355126643651731        2.6332642842796576E-014   1.2887127078911885E-015   3.7181374875713642E-016   2.1085339156293753E-014   8.1233626506915173E-016   1.9296027827157262E-014   6.3047345344252156E-015  -3.7204047068135496E-015   1.6594578823263636E-015 -0.51282167650706845       -5.5690217772744331E-015   4.1121700379471361E-015  -1.9801590710183299E-015   6.6721470666085409E-015  -1.2881569926016528E-015  -1.5974727664405779E-016   5.0075999556779522E-015  -4.1855738998011767E-016   4.2734556727962624E-015   1.0971798435216147        3.7384546135024973E-015  -4.1608318558872183E-015   6.8536413079613016E-016   5.0136877998081435E-015  -5.7038020849421723E-015   3.6878530727243022E-016  0.80321242150538330      -0.49469670848399161      -0.18019573570668276     
   3.8144992493768038E-003   3.2954274695088854E-016  -1.8682324508939942E-016  -1.7100072241038541E-016  -4.8180583278165032E-002  -8.8104740997211496E-017   1.5590929426843330E-016  -3.2325506437355801E-016   4.1706086836977916E-016  -1.5745981223044468E-017  -2.2289497899063950E-016  -5.2927924757372882E-017  -2.2493368098194809E-016   3.1268946526043526E-017  -8.1991474824591681E-002  -6.0237897318353252E-016  -2.4862830923828061E-016   2.8242232594072658E-017  -6.8084499084688360E-004   6.1539481263137606E-016  -5.7859019155636879E-016   1.8638094127737805E-017  -1.7287457336903900E-016   1.8257888151357396E-016   2.2847932848836781E-016   1.6019499317151117E-017   1.9418076669731667E-016   3.7384546135024973E-015  0.22518662777401763       -3.1070607436179609E-016  -4.0279538341604504E-017  0.85158029400784940        5.1198233003331908E-016  -1.2226156039448009E-015   3.3667323675635819E-015   5.3442100333522393E-015   3.8743203089676408E-015
   2.4824245165393782E-016   3.8144992493777292E-003  -7.4302779382767230E-016   2.4050605543019002E-016  -2.8952782184963634E-016  -4.8180583278169681E-002   1.1855267540961298E-015  -1.9057630327231375E-015  -2.4252004782089430E-016   6.8027411821022080E-016   7.0739754332693228E-016   1.0551682177772375E-015   2.6255207330478896E-016   8.7301293117905047E-016   9.0844576425255525E-016  -8.1991474824589752E-002  -3.5175701378997461E-016  -9.1139356778790638E-016  -9.9420980199089843E-016  -6.8084499085215022E-004   5.0891892334748283E-016   8.1474029857769527E-016  -6.9026368157828617E-016  -8.2624649894777877E-016  -3.8261968573480648E-016  -2.9253608727764169E-016   3.0797119387430957E-016  -4.1608318558872183E-015  -3.1070607436179609E-016  0.22518662777402632        2.4948145836847866E-016  -1.8923481482974563E-015  0.85158029400786972        3.5754677007863874E-016  -3.7827271442873702E-015  -4.6022223790668498E-015  -3.5918982748157175E-015
   1.2188469602178773E-015  -4.7395521163672475E-016   3.8144992493789279E-003   6.4070710203098733E-016  -8.1378247541495871E-016   2.1847033035610940E-015  -4.8180583278167995E-002  -1.2020558742838038E-015   5.3886447346329908E-016  -8.5080184797644872E-016  -6.0790755652426070E-016  -5.4047339327315238E-016  -7.6262127987707688E-017   6.2654324284480797E-016  -4.9226661955054307E-016  -2.5594363085406151E-015  -8.1991474824588129E-002   4.3328871297529093E-016   7.6015482243071460E-016   1.0497582648378199E-015  -6.8084499084949263E-004  -4.5621516948498735E-016   6.0970934170284927E-016   2.2662530141768181E-016   3.8938296846996077E-016   3.3882242938517385E-016   1.6905811287821455E-016   6.8536413079613016E-016  -4.0279538341604504E-017   2.4948145836847866E-016  0.22518662777401852        1.1076889245356974E-015  -5.9486418756509177E-016  0.85158029400785085        6.0195382815682161E-016  -2.8229058574737340E-015  -1.6059941174741853E-015
   1.6068683971208572E-002   1.2014954785937011E-015  -6.6687877923051808E-016  -7.0321025576060519E-016 -0.20140192894119824       -2.1303579991260321E-016   7.8135235603704871E-016  -9.0374308097789368E-016   1.5775539721114939E-015  -5.7577487183326962E-017  -8.4682357902044348E-016  -1.8108140987723896E-016  -8.4663713160549426E-016   1.4265442319051754E-016 -0.34139068673159900       -2.1025640036575864E-015  -6.2464258480495351E-016  -2.6404450886904268E-016  -1.6234925144753359E-002   2.2873381039085093E-015  -1.8455118651399328E-015   7.6393657733334125E-017  -6.5635076488800174E-016   6.9243364203423949E-016   8.7578372645610601E-016   6.4941583024966397E-017   7.4439428133786281E-016   5.0136877998081435E-015  0.85158029400784940       -1.8923481482974563E-015   1.1076889245356974E-015   3.2221514090426391       -7.9394442037769303E-016   1.1433341130381834E-016   4.6813403267706689E-015   5.6744454547053586E-015   4.2123196188606804E-015
   9.1405916618598400E-016   1.6068683971211809E-002  -2.7863879485364487E-015   9.6412342204210662E-016  -1.1913099214462643E-015 -0.20140192894121239        4.3095874111198854E-015  -6.6336787764012343E-015  -8.9507908375551030E-016   2.5600104045182488E-015   2.6657919129498431E-015   3.9949878139405956E-015   9.9137202584993354E-016   3.3061797989428594E-015   3.2058232325052675E-015 -0.34139068673158579       -1.5180354154742606E-015  -1.7603521275674771E-015  -3.5899128322814578E-015  -1.6234925144772955E-002   1.5771977740074030E-015   3.0764054592376589E-015  -2.5990185489026302E-015  -3.1097237916837345E-015  -1.4317739040648272E-015  -1.1021716522927558E-015   1.1654469276244379E-015  -5.7038020849421723E-015   5.1198233003331908E-016  0.85158029400786972       -5.9486418756509177E-016  -7.9394442037769303E-016   3.2221514090426684       -4.4283237588249052E-015  -5.2426252199266066E-015  -4.2844469210434573E-015  -3.8501869073484027E-015
   4.8696734290393894E-015  -1.9532508377230108E-015   1.6068683971216999E-002   2.4379256518918854E-015  -3.2803536097538978E-015   8.5299160907430015E-015 -0.20140192894120920       -4.5324850669412823E-015   2.0579219279910550E-015  -3.1935328174571119E-015  -2.2924632241681915E-015  -2.0291476403284713E-015  -2.9426176939862643E-016   2.3844448237989487E-015  -1.6602439478433825E-015  -9.4400346289469689E-015 -0.34139068673158496        1.4680794905709429E-015   2.7005290680522223E-015   3.9896822571956415E-015  -1.6234925144763213E-002  -1.7085583986514717E-015   2.2944340141769062E-015   8.5640986140998856E-016   1.4732609966980513E-015   1.2789612851081636E-015   6.4970278204880714E-016   3.6878530727243022E-016  -1.2226156039448009E-015   3.5754677007863874E-016  0.85158029400785085        1.1433341130381834E-016  -4.4283237588249052E-015   3.2221514090426373        5.1337737734545934E-016  -3.0510868725983428E-015  -1.5974391118255487E-015
   2.8378458220650889E-015  -3.1343937060450906E-015  -1.7380233366542322E-016   6.0043589555723847E-003  -5.0681256539115500E-015   4.7163220977590462E-015  -8.3936180794074563E-016 -0.25226431925378040        1.2617183792898078E-014   1.0653288558063418E-015   2.6306400882211377E-016   1.0341190013302432E-014   5.2349531920475394E-016   9.1053958300546310E-015   5.6226509868108403E-015  -3.5811984791744336E-015   1.9552697426059148E-015 -0.24016003466999344       -4.9449270766451704E-015   3.7255799798266266E-015  -1.6932197420134801E-015   3.0339705264169494E-015  -1.0445520078016216E-015  -1.1146012829741526E-016   1.8331672514875991E-015  -2.9476809905103006E-016   1.4510637123175868E-015  0.80321242150538330        3.3667323675635819E-015  -3.7827271442873702E-015   6.0195382815682161E-016   4.6813403267706689E-015  -5.2426252199266066E-015   5.1337737734545934E-016  0.61703816443858805      -0.37018866767491743      -0.13101458183165082     
  -1.6879291234714047E-015   3.6525512136872750E-015  -3.4828977272497823E-015  -3.3787965660648043E-003   1.7508405088151262E-015  -3.0240187745945034E-015   7.1300586050056971E-015  0.12827569871919514       -7.1840530849800062E-015  -1.7615749716832340E-015   7.0535467119769434E-016  -7.9410586808312345E-015  -4.7861087998109528E-016  -5.6627963949829357E-015   1.3449014971325641E-015  -1.9272402063402373E-015  -6.4939245649595413E-015  0.11487127145118341       -4.2155959267693662E-015   4.5801566605418383E-015   5.5068701316771343E-015  -2.9241726122323686E-015   1.5487007231457238E-015  -5.0682646683097628E-016  -9.5660385252682689E-016  -1.0706854698857816E-017  -2.1006119577266725E-015 -0.49469670848399161        5.3442100333522393E-015  -4.6022223790668498E-015  -2.8229058574737340E-015   5.6744454547053586E-015  -4.2844469210434573E-015  -3.0510868725983428E-015 -0.37018866767491743        1.1003367571752967       0.62802664138177344     
  -5.5179313437989238E-016   1.7380304859230941E-015  -2.1782576034462730E-015  -1.1959526522108068E-003   2.2132912576299660E-016  -1.0719100871017579E-015   4.2917566601357819E-015   4.4391919280752472E-002  -2.7529131923587815E-015  -9.2475305135823855E-016   4.8281018773631395E-016  -3.5238635480665995E-015  -2.1817409683981235E-016  -2.2949917612195367E-015   1.7896496758438097E-015  -1.8073234306238534E-015  -3.7150830889296426E-015   3.9095314113265625E-002  -3.4721550940445905E-015   3.4855518784338461E-015   3.1680588861763386E-015  -1.4208620265012303E-015   7.9590143192057369E-016  -3.3450352885020685E-016  -3.8303885589618737E-016  -5.3548876766921836E-017  -1.1528430694375036E-015 -0.18019573570668276        3.8743203089676408E-015  -3.5918982748157175E-015  -1.6059941174741853E-015   4.2123196188606804E-015  -3.8501869073484027E-015  -1.5974391118255487E-015 -0.13101458183165082       0.62802664138177344       0.37158771402949931     
