   4.0900868220292673E-003  -2.3768809857844021E-017   5.9839325819624591E-011  -2.4787175996428966E-009   3.3242365061364167E-002  -2.9410039555556847E-016   6.1495125121927489E-010  -5.0311870253019840E-009  -1.2931100279385303E-010   3.8766516709591352E-018  -1.4006990718958028E-010   8.2142697534082940E-011   1.1493705400322685E-018   4.7168354484735720E-011   3.9431531781269222E-002  -3.4548756932952953E-016   3.9811713499792436E-011  -1.2289559916881357E-008   2.5149734827408118E-010   9.5791044298887948E-019   1.6581040297084843E-011  -1.2282628137142568E-010  -1.2216358670303974E-018  -1.2867097400649904E-010   2.6005526968240437E-002  -2.2206979649743659E-016   7.7503180721852026E-011   3.5818947744287104E-009   2.0190525996157709E-009
  -2.3768809857844021E-017   4.0900864681075516E-003  -1.2433456223834510E-016  -4.1519887655161689E-017   8.7599215562487422E-017   3.3242361424210685E-002  -3.6816228917219109E-016   3.6625733681814704E-016  -2.2014800293881867E-017   5.8428412614458371E-010   6.4140789982965682E-019  -1.8715638246013545E-018   9.8787697313833860E-011  -2.0319235358875440E-017   1.1216596888967531E-016   3.9431531545804303E-002  -4.0588592981461869E-016   4.1074558573651035E-016  -1.5964589213217904E-017   3.3416223988749430E-010  -2.9196006589624116E-019  -8.7635093061626303E-018   5.6498402498567353E-011  -1.4778048610699475E-017   7.6340851553838609E-017   2.6005526509846298E-002  -2.6826765518697142E-016   1.7461496864707661E-016   2.8605527416993119E-016
   5.9839325819624591E-011  -1.2433456223834510E-016   4.0900864782235941E-003  -4.1908856543169637E-010   6.1495107751611268E-010  -6.5800788719580222E-016   3.3242361528178874E-002  -8.5064654330854104E-010  -1.9296855679282349E-010  -9.6128721598097800E-018   5.4389933445815150E-010   1.3888254960291588E-011   3.3129169845543085E-018   1.7908028615540047E-010   3.9811623797994361E-011  -7.4246502585409065E-016   3.9431531552529313E-002  -2.0778541273652352E-009  -5.5336246109806227E-011  -8.6993620494398783E-019   3.2741322128242162E-010  -2.0766819851160513E-011   2.5125573156283945E-018   7.6103094791812777E-011   7.7503113074287512E-011  -4.9784553266742666E-016   2.6005526522946298E-002   6.0560705135335592E-010   3.4136978519125336E-010
  -2.4787175996428966E-009  -4.1519887655161689E-017  -4.1908856543169637E-010   5.1468955425982047E-004  -2.2606915167973725E-008  -2.5273089982491854E-016  -3.8222584979808884E-009  -1.5315829878497203E-002  -2.4194337984061001E-010   5.7620931705313867E-018  -7.1879579327095207E-011   1.2623430484617355E-010  -1.6413834060879376E-017   1.1570938426425550E-010  -2.6750983992337992E-008  -2.7327487019861118E-016  -4.5229160192370545E-009  -2.1163010000762230E-002  -8.7778815908700051E-011  -1.7015213196837420E-018  -2.6078495193896334E-011   4.5798983486894180E-011   9.6395635213081338E-018   4.1980505875354436E-011  -1.7531396287210102E-008  -1.9382225730487930E-016  -2.9641164709432697E-009   7.1603478079589940E-003   4.3729818335593229E-003
   3.3242365061364167E-002   8.7599215562487422E-017   6.1495107751611268E-010  -2.2606915167973725E-008  0.27017882088008788       -1.0825210225208682E-016   6.0432829028823687E-009   3.2377700365188492E-008  -1.0509798537919626E-009   3.1507676747827597E-017  -1.1384241250997271E-009   6.6761787418664577E-010   9.3416415035168238E-018   3.8336237968197357E-010  0.32048155245551679       -1.0102210005984938E-016   1.5634162684695458E-009   1.3906444030158160E-009   2.0440564544538549E-009   7.7854900716232864E-018   1.3476328725261543E-010  -9.9827635888547743E-010  -9.9289403610296675E-018  -1.0457793405539095E-009  0.21136109298103503       -1.9623236029026371E-017   1.4476017014243580E-009  -2.4957854417654153E-009  -1.4482532558142191E-009
  -2.9410039555556847E-016   3.3242361424210685E-002  -6.5800788719580222E-016  -2.5273089982491854E-016  -1.0825210225208682E-016  0.27017878513682142       -1.2707780455295303E-016   4.1059238711731539E-016  -1.7892633249829845E-016   4.7487954709950700E-009   5.2131096159801988E-018  -1.5211198381232470E-017   8.0290144572211018E-010  -1.6514546380982725E-016  -6.1295607434185157E-017  0.32048154320861744        9.9769658515090933E-017  -2.5053915710203306E-016  -1.2975293952939263E-016   2.7159186093695507E-009  -2.3728945597948673E-018  -7.1225807429636236E-017   4.5919330322053162E-010  -1.2010923776107954E-016  -2.1193988000170313E-017  0.21136108441912549        6.1073474977211906E-017  -7.7250969836814888E-016  -8.6591291828202106E-016
   6.1495125121927489E-010  -3.6816228917219109E-016   3.3242361528178874E-002  -3.8222584979808884E-009   6.0432829028823687E-009  -1.2707780455295303E-016  0.27017878615859864        5.4742502124363125E-009  -1.5683604194032406E-009  -7.8128962393620185E-017   4.4205663198403797E-009   1.1287731631782455E-010   2.6925909584734178E-017   1.4554829756685794E-009   1.5634172140404226E-009   1.5853901786094436E-016  0.32048154347295826        2.3512055461775033E-010  -4.4974774661724042E-010  -7.0703919032610965E-018   2.6610656808934353E-009  -1.6878330171014905E-010   2.0420923857711765E-017   6.1853128265084156E-010   1.4476022560529693E-009   3.8060897005127187E-017  0.21136108466388451       -4.2197445839123355E-010  -2.4486367611387754E-010
  -5.0311870253019840E-009   3.6625733681814704E-016  -8.5064654330854104E-010  -1.5315829878497203E-002   3.2377700365188492E-008   4.1059238711731539E-016   5.4742502124363125E-009  0.45583848281183392        7.2019364712951124E-009  -1.6417032335305920E-016   2.1396417842389846E-009  -3.7576206624862172E-009   4.7774272136516073E-016  -3.4443249933564347E-009   3.6456954856088158E-008  -2.8076840667069569E-016   6.1639526896900006E-009  0.62994107817095568        2.6093045518625765E-009   4.7725092238193413E-017   7.7520681979846774E-010  -1.3614161473551312E-009  -2.8153088083203842E-016  -1.2479084745576056E-009   2.0760516313910530E-008   2.0966842976253739E-016   3.5100795743181226E-009 -0.20715897505188544      -0.12326602382119548     
  -1.2931100279385303E-010  -2.2014800293881867E-017  -1.9296855679282349E-010  -2.4194337984061001E-010  -1.0509798537919626E-009  -1.7892633249829845E-016  -1.5683604194032406E-009   7.2019364712951124E-009   1.2699275996025010E-016  -5.3079462797896075E-024   1.2576699193731741E-017  -6.2627724488494611E-017   6.6768847299781148E-024  -6.4365181123946243E-017  -1.2466545439487127E-009  -2.1223942821401046E-016  -1.8603628012553326E-009   9.9536667327674156E-009   3.5840928921549186E-017  -1.0735630514222933E-024  -3.7367057306699398E-018  -1.6623596121872832E-017  -4.7589110902840047E-024  -1.9217654548688280E-017  -8.2218237601474835E-010  -1.3997421889882156E-016  -1.2269296340494356E-009  -3.1919106254014098E-009  -1.8537410656069520E-009
   3.8766516709591352E-018   5.8428412614458371E-010  -9.6128721598097800E-018   5.7620931705313867E-018   3.1507676747827597E-017   4.7487954709950700E-009  -7.8128962393620185E-017  -1.6417032335305920E-016  -5.3079462797896075E-024   8.3467169392753766E-017  -2.0604032313438438E-024   1.0791123434750934E-024   1.4112191477837102E-017  -2.0860957758182705E-024   3.7373875864497520E-017   5.6329415359384576E-009  -9.2675260833898305E-017  -2.1987661299866006E-016  -3.1498564190323734E-024   4.7736323876184141E-017  -1.1632122187902785E-024  -6.7374304330835964E-025   8.0710077867172290E-018  -1.8199963815303048E-024   2.4648484122457622E-017   3.7149865779648837E-009  -6.1120348017865534E-017   6.2629845920670631E-016   6.8264448049171807E-016
  -1.4006990718958028E-010   6.4140789982965682E-019   5.4389933445815150E-010  -7.1879579327095207E-011  -1.1384241250997271E-009   5.2131096159801988E-018   4.4205663198403797E-009   2.1396417842389846E-009   1.2576699193731741E-017  -2.0604032313438438E-024   8.7169017811257765E-017  -1.8606230552753902E-017   2.6155372007255775E-024   6.0294845589469555E-018  -1.3503795635882861E-009   6.1837046134854249E-018   5.2436016287952218E-009   2.9571603917902133E-009  -3.7367324941930776E-018   1.1612893836858615E-025   4.6606391782205124E-017  -4.9387477765782862E-018  -9.1493099340103472E-025   8.6753866107814677E-018  -8.9059011676124073E-010   4.0782213817290218E-018   3.4582126458994252E-009  -9.4829259655254865E-010  -5.5073231839107613E-010
   8.2142697534082940E-011  -1.8715638246013545E-018   1.3888254960291588E-011   1.2623430484617355E-010   6.6761787418664577E-010  -1.5211198381232470E-017   1.1287731631782455E-010  -3.7576206624862172E-009  -6.2627724488494611E-017   1.0791123434750934E-024  -1.8606230552753902E-017   3.2676103492281953E-017  -3.8724832565193959E-024   2.9951697499738327E-017   7.9191705629398190E-010  -1.8043262006280301E-017   1.3389316780898914E-010  -5.1933398621385452E-009  -1.6623470151068540E-017  -5.0931082581721652E-025  -4.9387257904127463E-018   8.6733871732000977E-018   2.2407501230926900E-024   7.9502505723670336E-018   5.2227799683843925E-010  -1.1899731817483723E-017   8.8304014818034837E-011   1.6653841738675517E-009   9.6719232771029219E-010
   1.1493705400322685E-018   9.8787697313833860E-011   3.3129169845543085E-018  -1.6413834060879376E-017   9.3416415035168238E-018   8.0290144572211018E-010   2.6925909584734178E-017   4.7774272136516073E-016   6.6768847299781148E-024   1.4112191477837102E-017   2.6155372007255775E-024  -3.8724832565193959E-024   2.3860153609645177E-018  -3.8721099442327296E-024   1.1080897049461005E-017   9.5238822781420380E-010   3.1939062791551851E-017   6.4991840514269597E-016   2.8132518752530035E-024   8.0710074139323338E-018   1.2054821001708083E-024  -1.9185216966423532E-024   1.3646036894965390E-018  -1.8489379868788672E-024   7.3079661185049389E-018   6.2811045716846305E-010   2.1064160222825405E-017  -1.0287034949707203E-015  -1.0681176010531212E-015
   4.7168354484735720E-011  -2.0319235358875440E-017   1.7908028615540047E-010   1.1570938426425550E-010   3.8336237968197357E-010  -1.6514546380982725E-016   1.4554829756685794E-009  -3.4443249933564347E-009  -6.4365181123946243E-017  -2.0860957758182705E-024   6.0294845589469555E-018   2.9951697499738327E-017  -3.8721099442327296E-024   3.4413552773064328E-017   4.5473796221893933E-010  -1.9589277181068805E-016   1.7264694823066269E-009  -4.7603395438971433E-009  -1.9217508923994874E-017  -2.0287488015437742E-024   8.6754146031460462E-018   7.9502354077676663E-018   1.9075340084605844E-024   1.1267427671139656E-017   2.9990469215667345E-010  -1.2919342965716377E-016   1.1386255195531166E-009   1.5265321408520687E-009   8.8655297463798701E-010
   3.9431531781269222E-002   1.1216596888967531E-016   3.9811623797994361E-011  -2.6750983992337992E-008  0.32048155245551679       -6.1295607434185157E-017   1.5634172140404226E-009   3.6456954856088158E-008  -1.2466545439487127E-009   3.7373875864497520E-017  -1.3503795635882861E-009   7.9191705629398190E-010   1.1080897049461005E-017   4.5473796221893933E-010  0.38014980274816862       -4.0224527191039380E-017  -4.7940861185773168E-009  -1.0586850304118232E-009   2.4246252292274151E-009   9.2350179760852143E-018   1.5985387608221158E-010  -1.1841385412970822E-009  -1.1777541468161615E-017  -1.2404857923448417E-009  0.25071295739098842        2.9224398045905059E-017  -2.6676932696020912E-009  -3.2532624603274868E-009  -2.5542872771382456E-009
  -3.4548756932952953E-016   3.9431531545804303E-002  -7.4246502585409065E-016  -2.7327487019861118E-016  -1.0102210005984938E-016  0.32048154320861744        1.5853901786094436E-016  -2.8076840667069569E-016  -2.1223942821401046E-016   5.6329415359384576E-009   6.1837046134854249E-018  -1.8043262006280301E-017   9.5238822781420380E-010  -1.9589277181068805E-016  -4.0224527191039380E-017  0.38014983110300204        4.8520378316178309E-016  -1.3379876421886219E-015  -1.5391076608339460E-016   3.2215771002115327E-009  -2.8146862283961939E-018  -8.4486855650562155E-017   5.4468739421066568E-010  -1.4247156011807854E-016  -3.7168520074239347E-018  0.25071297316917507        3.1439165249021429E-016   1.0300123729389803E-015   1.0285454795758348E-015
   3.9811713499792436E-011  -4.0588592981461869E-016   3.9431531552529313E-002  -4.5229160192370545E-009   1.5634162684695458E-009   9.9769658515090933E-017  0.32048154347295826        6.1639526896900006E-009  -1.8603628012553326E-009  -9.2675260833898305E-017   5.2436016287952218E-009   1.3389316780898914E-010   3.1939062791551851E-017   1.7264694823066269E-009  -4.7940861185773168E-009   4.8520378316178309E-016  0.38014983029244342       -1.7899435599369794E-010  -5.3348327600482190E-010  -8.3867778390485900E-018   3.1565114638457010E-009  -2.0020789924896328E-010   2.4222957942885115E-017   7.3369145320433269E-010  -2.6676933514338933E-009   2.4111919773028502E-016  0.25071297271813786       -5.5004440556378518E-010  -4.3186487620162656E-010
  -1.2289559916881357E-008   4.1074558573651035E-016  -2.0778541273652352E-009  -2.1163010000762230E-002   1.3906444030158160E-009  -2.5053915710203306E-016   2.3512055461775033E-010  0.62994107817095568        9.9536667327674156E-009  -2.1987661299866006E-016   2.9571603917902133E-009  -5.1933398621385452E-009   6.4991840514269597E-016  -4.7603395438971433E-009  -1.0586850304118232E-009  -1.3379876421886219E-015  -1.7899435599369794E-010  0.87061238449098965        3.6028297285621615E-009   6.3167196290218432E-017   1.0703764681977058E-009  -1.8797923001329677E-009  -3.8393141577874771E-016  -1.7230651891791128E-009  -5.2111213405738643E-009  -3.4610654395009136E-016  -8.8106868746301503E-010 -0.28059602266146222      -0.16376907323900158     
   2.5149734827408118E-010  -1.5964589213217904E-017  -5.5336246109806227E-011  -8.7778815908700051E-011   2.0440564544538549E-009  -1.2975293952939263E-016  -4.4974774661724042E-010   2.6093045518625765E-009   3.5840928921549186E-017  -3.1498564190323734E-024  -3.7367324941930776E-018  -1.6623470151068540E-017   2.8132518752530035E-024  -1.9217508923994874E-017   2.4246252292274151E-009  -1.5391076608339460E-016  -5.3348327600482190E-010   3.6028297285621615E-009   3.1279996650984100E-017  -8.4182318460697512E-025   1.0661397091372107E-018  -1.5132778771215296E-017  -2.1595008999060693E-024  -1.6147326371028607E-017   1.5990668667663693E-009  -1.0150583118253187E-016  -3.5183805815813677E-010  -1.4279025622738999E-009  -9.8566694310172152E-010
   9.5791044298887948E-019   3.3416223988749430E-010  -8.6993620494398783E-019  -1.7015213196837420E-018   7.7854900716232864E-018   2.7159186093695507E-009  -7.0703919032610965E-018   4.7725092238193413E-017  -1.0735630514222933E-024   4.7736323876184141E-017   1.1612893836858615E-025  -5.0931082581721652E-025   8.0710074139323338E-018  -2.0287488015437742E-024   9.2350179760852143E-018   3.2215771002115327E-009  -8.3867778390485900E-018   6.3167196290218432E-017  -8.4182318460697512E-025   2.7301232733667350E-017   2.6799294655082249E-026  -9.4476665971152243E-025   4.6159495346124031E-018  -1.4410845022834209E-024   6.0905943730196140E-018   2.1246653477242185E-009  -5.5311720064942836E-018  -2.4135941559652133E-016  -2.6704229636811326E-016
   1.6581040297084843E-011  -2.9196006589624116E-019   3.2741322128242162E-010  -2.6078495193896334E-011   1.3476328725261543E-010  -2.3728945597948673E-018   2.6610656808934353E-009   7.7520681979846774E-010  -3.7367057306699398E-018  -1.1632122187902785E-024   4.6606391782205124E-017  -4.9387257904127463E-018   1.2054821001708083E-024   8.6754146031460462E-018   1.5985387608221158E-010  -2.8146862283961939E-018   3.1565114638457010E-009   1.0703764681977058E-009   1.0661397091372107E-018   2.6799294655082249E-026   2.7606661110629966E-017  -4.4958395209332734E-018  -3.5149358183503828E-025   3.4296686831374710E-018   1.0542537981903982E-010  -1.8563162075927552E-018   2.0817538485053464E-009  -4.2421980163429961E-010  -2.9283450690962546E-010
  -1.2282628137142568E-010  -8.7635093061626303E-018  -2.0766819851160513E-011   4.5798983486894180E-011  -9.9827635888547743E-010  -7.1225807429636236E-017  -1.6878330171014905E-010  -1.3614161473551312E-009  -1.6623596121872832E-017  -6.7374304330835964E-025  -4.9387477765782862E-018   8.6733871732000977E-018  -1.9185216966423532E-024   7.9502354077676663E-018  -1.1841385412970822E-009  -8.4486855650562155E-017  -2.0020789924896328E-010  -1.8797923001329677E-009  -1.5132778771215296E-017  -9.4476665971152243E-025  -4.4958395209332734E-018   7.8955663579321290E-018   8.5761222469204675E-025   7.2372688598186966E-018  -7.8095232371223343E-010  -5.5720007265908245E-017  -1.3203930004064654E-010   7.4501334602130771E-010   5.1427478930029284E-010
  -1.2216358670303974E-018   5.6498402498567353E-011   2.5125573156283945E-018   9.6395635213081338E-018  -9.9289403610296675E-018   4.5919330322053162E-010   2.0420923857711765E-017  -2.8153088083203842E-016  -4.7589110902840047E-024   8.0710077867172290E-018  -9.1493099340103472E-025   2.2407501230926900E-024   1.3646036894965390E-018   1.9075340084605844E-024  -1.1777541468161615E-017   5.4468739421066568E-010   2.4222957942885115E-017  -3.8393141577874771E-016  -2.1595008999060693E-024   4.6159495346124031E-018  -3.5149358183503828E-025   8.5761222469204675E-025   7.8044058720579460E-019   7.5618117504490066E-025  -7.7674137347317495E-018   3.5922729639021030E-010   1.5975306425655895E-017   5.3221321791413880E-016   5.4382982953799605E-016
  -1.2867097400649904E-010  -1.4778048610699475E-017   7.6103094791812777E-011   4.1980505875354436E-011  -1.0457793405539095E-009  -1.2010923776107954E-016   6.1853128265084156E-010  -1.2479084745576056E-009  -1.9217654548688280E-017  -1.8199963815303048E-024   8.6753866107814677E-018   7.9502505723670336E-018  -1.8489379868788672E-024   1.1267427671139656E-017  -1.2404857923448417E-009  -1.4247156011807854E-016   7.3369145320433269E-010  -1.7230651891791128E-009  -1.6147326371028607E-017  -1.4410845022834209E-024   3.4296686831374710E-018   7.2372688598186966E-018   7.5618117504490066E-025   8.9101095568293155E-018  -8.1811395240556168E-010  -9.3961554410791513E-017   4.8387754151023492E-010   6.8289635336858889E-010   4.7139528593912445E-010
   2.6005526968240437E-002   7.6340851553838609E-017   7.7503113074287512E-011  -1.7531396287210102E-008  0.21136109298103503       -2.1193988000170313E-017   1.4476022560529693E-009   2.0760516313910530E-008  -8.2218237601474835E-010   2.4648484122457622E-017  -8.9059011676124073E-010   5.2227799683843925E-010   7.3079661185049389E-018   2.9990469215667345E-010  0.25071295739098842       -3.7168520074239347E-018  -2.6676933514338933E-009  -5.2111213405738643E-009   1.5990668667663693E-009   6.0905943730196140E-018   1.0542537981903982E-010  -7.8095232371223343E-010  -7.7674137347317495E-018  -8.1811395240556168E-010  0.16534794059955202        3.4318346497284473E-017  -1.4335356410412022E-009   1.2655155227186510E-009   1.4233341497003356E-009
  -2.2206979649743659E-016   2.6005526509846298E-002  -4.9784553266742666E-016  -1.9382225730487930E-016  -1.9623236029026371E-017  0.21136108441912549        3.8060897005127187E-017   2.0966842976253739E-016  -1.3997421889882156E-016   3.7149865779648837E-009   4.0782213817290218E-018  -1.1899731817483723E-017   6.2811045716846305E-010  -1.2919342965716377E-016   2.9224398045905059E-017  0.25071297316917507        2.4111919773028502E-016  -3.4610654395009136E-016  -1.0150583118253187E-016   2.1246653477242185E-009  -1.8563162075927552E-018  -5.5720007265908245E-017   3.5922729639021030E-010  -9.3961554410791513E-017   3.4318346497284473E-017  0.16534794907825778        1.5532382566132064E-016  -2.3591257521901150E-016  -2.7965735566913551E-016
   7.7503180721852026E-011  -2.6826765518697142E-016   2.6005526522946298E-002  -2.9641164709432697E-009   1.4476017014243580E-009   6.1073474977211906E-017  0.21136108466388451        3.5100795743181226E-009  -1.2269296340494356E-009  -6.1120348017865534E-017   3.4582126458994252E-009   8.8304014818034837E-011   2.1064160222825405E-017   1.1386255195531166E-009  -2.6676932696020912E-009   3.1439165249021429E-016  0.25071297271813786       -8.8106868746301503E-010  -3.5183805815813677E-010  -5.5311720064942836E-018   2.0817538485053464E-009  -1.3203930004064654E-010   1.5975306425655895E-017   4.8387754151023492E-010  -1.4335356410412022E-009   1.5532382566132064E-016  0.16534794883588610        2.1396649683604197E-010   2.4064966192892762E-010
   3.5818947744287104E-009   1.7461496864707661E-016   6.0560705135335592E-010   7.1603478079589940E-003  -2.4957854417654153E-009  -7.7250969836814888E-016  -4.2197445839123355E-010 -0.20715897505188544       -3.1919106254014098E-009   6.2629845920670631E-016  -9.4829259655254865E-010   1.6653841738675517E-009  -1.0287034949707203E-015   1.5265321408520687E-009  -3.2532624603274868E-009   1.0300123729389803E-015  -5.5004440556378518E-010 -0.28059602266146222       -1.4279025622738999E-009  -2.4135941559652133E-016  -4.2421980163429961E-010   7.4501334602130771E-010   5.3221321791413880E-016   6.8289635336858889E-010   1.2655155227186510E-009  -2.3591257521901150E-016   2.1396649683604197E-010  0.54240720647707230       0.57461376092872074     
   2.0190525996157709E-009   2.8605527416993119E-016   3.4136978519125336E-010   4.3729818335593229E-003  -1.4482532558142191E-009  -8.6591291828202106E-016  -2.4486367611387754E-010 -0.12326602382119548       -1.8537410656069520E-009   6.8264448049171807E-016  -5.5073231839107613E-010   9.6719232771029219E-010  -1.0681176010531212E-015   8.8655297463798701E-010  -2.5542872771382456E-009   1.0285454795758348E-015  -4.3186487620162656E-010 -0.16376907323900158       -9.8566694310172152E-010  -2.6704229636811326E-016  -2.9283450690962546E-010   5.1427478930029284E-010   5.4382982953799605E-016   4.7139528593912445E-010   1.4233341497003356E-009  -2.7965735566913551E-016   2.4064966192892762E-010  0.57461376092872074       0.63329517924150747     
