   9.4028372509838502E-006   2.1657700264261487E-013   1.5922356025273752E-013  -9.4181088394131457E-018  -3.3251773272587954E-005  -1.9800198286979192E-013  -5.9693058555903755E-015  -2.7459851364261691E-018  -5.8407938822905734E-017   9.2858623360788305E-005   2.0910435843987673E-011   1.9852313192038948E-011  -8.3671570399756067E-019   1.0843036594417105E-018  -3.6522873780426620E-021  -1.0338599277008347E-018   6.7698334745763714E-019   5.9085744472748338E-019   1.5090716206840424E-003  -3.6630131074973866E-011  -3.9875163009600312E-011  -8.6330094056783083E-016  -7.7365022226361790E-020   9.2425525816971264E-019   3.1196787585082461E-019   1.5909860112067997E-018  -7.0972297995687211E-019   3.0583996370004199E-019   2.4195236780796404E-003   5.6594600769812982E-011   4.8674412851334169E-011  -8.2809274488509236E-016   4.0087947091923867E-019  -1.1567324130633955E-018   1.0845223172060921E-020  -1.5302127252953208E-019   8.6018175953086994E-019   9.0301516501270054E-019   1.0626990109961763E-003   3.2900473637284054E-011   2.8933129141159367E-011   6.2925653397150004E-016  -1.4581870562518371E-003  -1.7633104938292013E-011  -1.3559168600747818E-011   3.6115437106523148E-016  -5.5012465676661761E-016  -1.4217610565974594E-004  -1.6430266618234727E-012  -1.2511944624701405E-012  -2.6885610719520585E-016
   2.1657700264261487E-013   9.4028367946577569E-006   7.0587537824971734E-013  -7.8469861553056826E-017  -1.9799262310192465E-013  -3.3251771666091375E-005  -1.6440143302886118E-012  -4.3476637708828588E-016  -1.8130235852034884E-016   2.0910395351502511E-011   9.2858617464346659E-005   3.6109276751803702E-011   1.5977199452909128E-018  -8.4363807686391331E-019  -1.0735709386839599E-018   2.7976003670869848E-018  -6.7497503513918670E-019   1.8363404983066221E-018  -3.6630880697221747E-011   1.5090715875760482E-003  -2.6781720627142848E-011   1.5888658153293826E-015   5.8613847699379413E-018   5.8404250715928364E-019  -9.1978893430793746E-020   6.7230430818300210E-018  -2.8527372758817741E-019   6.7680950992921437E-018   5.6593407680089686E-011   2.4195236190423151E-003   1.3390139347929424E-010   1.2539663728897405E-015   4.6505928301077385E-018  -4.2020809706088387E-019  -6.1008294204700262E-019   3.8810157624596736E-018   5.6788812459508387E-020   3.6627181848516784E-018   3.2899894649747419E-011   1.0626989821034126E-003   7.3284359792660460E-011  -3.0834964001982032E-015  -1.7633073787187420E-011  -1.4581870241609288E-003  -5.3221581213292676E-011  -2.5560234429109455E-015   1.7426070641681121E-015  -1.6430293050801470E-012  -1.4217610256522410E-004  -5.0467339781596196E-012   6.5618109019808933E-016
   1.5922356025273752E-013   7.0587537824971734E-013   9.4028368767473790E-006  -2.1188265707209635E-017  -5.9573561314918324E-015  -1.6440029470594062E-012  -3.3251771900127730E-005  -1.4546163324848195E-016  -3.7496680093947614E-018   1.9852267902216271E-011   3.6109204750976622E-011   9.2858620287659315E-005   2.9593126783735584E-018  -2.5418775755147335E-019   4.2973590992086288E-019   4.2771654368099124E-018  -5.7002679082703247E-019   3.1397898411926462E-018  -3.9875955731853779E-011  -2.6783007208600986E-011   1.5090715884375830E-003   2.2260331735899551E-015   8.5180052303701422E-018   3.4024912192256542E-019  -7.4697758627310138E-019   7.2016361577645817E-018   9.1579012090172833E-019   8.4321435723310427E-018   4.8673126888137109E-011   1.3389930063028576E-010   2.4195236324438211E-003   1.9291571002805589E-015   4.5720191240171025E-018   2.8594573488498721E-019   1.2764711114268710E-018   4.5365397952810381E-018   2.9242758478715717E-020   3.2593563105018658E-018   2.8932595924495829E-011   7.3283662029589167E-011   1.0626989891682653E-003  -3.4516587236763241E-015  -1.3558056415889007E-011  -5.3217522328040485E-011  -1.4581870301676417E-003  -2.7263886132346460E-015   1.9330174869224229E-015  -1.2510832241817211E-012  -5.0463152548566532E-012  -1.4217610313887170E-004   7.4748476811595167E-016
  -9.4181088394131457E-018  -7.8469861553056826E-017  -2.1188265707209635E-017   1.3270534222418336E-002  -1.8951832254339240E-017   1.6589031038601903E-017   4.4031533291477433E-017   7.6959776863041743E-002   3.7433287009324308E-002   2.3120563106368385E-017  -1.4048389734750777E-016  -6.9837617957968406E-017  -4.3945336091036752E-010   3.9111336514852561E-010   4.7762713245803519E-010   2.4926487004074511E-010  -8.5064533959147315E-011   1.9019352825909942E-010   7.8251769868206947E-017  -1.5809141463040316E-015  -1.5045369366462229E-015  -2.5354332578861515E-002   2.9727331598184637E-011   1.1157418460609908E-009   1.0829090995020621E-009  -6.8448985529832895E-011   1.7577068654675896E-009   3.8721111963703979E-011   1.2015252513324633E-016  -2.5766521948628015E-015  -2.3627076289715566E-015  -8.9977136420807853E-003  -2.7490990828869686E-011   7.2855949263121202E-010   7.1733892978449765E-010  -1.6206388411037333E-011   1.0746514754945422E-009   4.3697172856579708E-011  -7.2108125391842786E-017  -9.5409346947531703E-016  -7.4358935692628221E-016   6.3419442697314962E-003  -1.7690220987659043E-015   3.7388563351171940E-015   5.5184098378994903E-015   4.1480714430847370E-003  -1.7673335252246587E-003  -1.8624939694965815E-016   3.8270511266413262E-016   5.7148066083605022E-016  -5.5932397420690560E-004
  -3.3251773272587954E-005  -1.9799262310192465E-013  -5.9573561314918324E-015  -1.8951832254339240E-017   1.1759049264741352E-004  -1.3083486198260491E-012  -1.9492937836989874E-012  -2.0016092922948806E-016   1.1778173675373191E-017  -3.2838821732069870E-004  -6.8339225117564588E-011  -6.4703814748023963E-011   2.9411063269366497E-018  -3.8337624291979813E-018   1.0024313065132872E-020   3.6500876681431415E-018  -2.3936586995624951E-018  -2.0875066943902836E-018  -5.3369383108946298E-003   2.2082294868957727E-010   2.3056346104747141E-010   1.4570711988056382E-015   2.6532944302390582E-019  -3.2700994867929680E-018  -1.1073943951487503E-018  -5.6392663817834278E-018   2.5122724835740086E-018  -1.0871548776778925E-018  -8.5566652152449709E-003  -5.3857655770374009E-011  -2.8629212032659591E-011   1.3789271320617781E-015  -1.4243815874291699E-018   4.0924727914591028E-018  -3.7587496993430543E-020   5.3900808132282401E-019  -3.0394557221557464E-018  -3.2000151724029538E-018  -3.7602711822575631E-003  -5.1449097792431682E-011  -3.8651866457446745E-011  -8.8526154996439134E-016   5.1306119992481115E-003  -1.7582386215976257E-011  -3.0455512495369373E-011  -4.1571491193131698E-016   1.4161211898869531E-015   5.0002904509201208E-004  -1.9173106290147639E-012  -3.1545528013750857E-012   7.5029704034350596E-016
  -1.9800198286979192E-013  -3.3251771666091375E-005  -1.6440029470594062E-012   1.6589031038601903E-017  -1.3083486198260491E-012   1.1759048699185372E-004   2.7996749548000503E-012  -1.2439887762410507E-016  -1.5601607261036073E-017  -6.8339174685226346E-011  -3.2838819654001418E-004  -1.1928047334555854E-010  -5.6254734457741263E-018   2.9896768464570544E-018   3.7902547371344674E-018  -9.8608999873890766E-018   2.3796447240382014E-018  -6.4572460806363877E-018   2.2082408086961311E-010  -5.3369381949854699E-003   2.3170619270768095E-010  -2.0290057558161261E-015  -2.0551290762585555E-017  -2.0618996277476158E-018   3.2576253524946203E-019  -2.3600853091364464E-017   1.0187099128769686E-018  -2.3754747714306375E-017  -5.3855863358681629E-011  -8.5566650083451646E-003  -2.5399415714166891E-010  -1.5659404811137902E-015  -1.6324827981838419E-017   1.4861634372274232E-018   2.1539285320662067E-018  -1.3605484052598710E-017  -1.9511895740868636E-019  -1.2840782329116130E-017  -5.1448230849533295E-011  -3.7602710809070093E-003  -1.6177120452194949E-010   6.2754860461107979E-015  -1.7582522493798974E-011   5.1306118869393243E-003   6.8112533749694707E-011   5.4551206505137158E-015  -3.5078343418416593E-015  -1.9173160434285778E-012   5.0002903426388527E-004   6.2360186668509453E-012  -1.2706867679493197E-015
  -5.9693058555903755E-015  -1.6440143302886118E-012  -3.3251771900127730E-005   4.4031533291477433E-017  -1.9492937836989874E-012   2.7996749548000503E-012   1.1759048762050329E-004   3.0822332827320014E-016  -5.4865663270123224E-017  -6.4703772007019377E-011  -1.1928032972945321E-010  -3.2838820596874471E-004  -1.0442958901454627E-017   8.9988780386698725E-019  -1.5030862212146141E-018  -1.5108762487108757E-017   2.0001509676313576E-018  -1.1079750996889834E-017   2.3056437619287905E-010   2.3170899124566942E-010  -5.3369381889872350E-003  -6.7880133425188997E-015  -3.0000049163517982E-017  -1.2052664176929115E-018   2.6177103442135477E-018  -2.5348229881163537E-017  -3.2246019841187031E-018  -2.9696811867800598E-017  -2.8627706008926406E-011  -2.5398960253642051E-010  -8.5566650412438258E-003  -6.1053080819343502E-015  -1.6092951923732577E-017  -1.0046794480672709E-018  -4.4991606896069478E-018  -1.5982375818267708E-017  -9.7573415930687416E-020  -1.1458980132635753E-017  -3.8651126682905173E-011  -1.6176947208680677E-010  -3.7602710994616524E-003   8.8044696882637701E-015  -3.0455149118499699E-011   6.8106570984405632E-011   5.1306119002405256E-003   6.6070940575572030E-015  -5.7750834073560673E-015  -3.1545070462964014E-012   6.2354108392774723E-012   5.0002903552468967E-004  -2.4341862135746006E-015
  -2.7459851364261691E-018  -4.3476637708828588E-016  -1.4546163324848195E-016   7.6959776863041743E-002  -2.0016092922948806E-016  -1.2439887762410507E-016   3.0822332827320014E-016  0.44891316722851876       0.21578910013856056        2.3962454773263242E-016  -7.4852933447651617E-017   4.3998199647576727E-017  -2.5634000901757935E-009   2.3251959057420675E-009   2.8288091523969109E-009   1.4520225760388339E-009  -4.2905022478642579E-010   1.1114024504523208E-009   8.4947641412315024E-016   3.5825401085275651E-015   4.3240983781964570E-015 -0.19206862872443115        2.0136180872364846E-010   6.9027295881034931E-009   6.6958001032166713E-009  -4.3411408300058934E-010   1.0901569976412403E-008   2.3267179163768107E-010   1.4622192593051984E-015   5.9528878015457138E-015   6.8932304472269308E-015  -9.5394539211936857E-002  -1.4084336491150646E-010   4.2710154872509835E-009   4.2008072918930506E-009  -1.0737022670382613E-010   6.3315929663088950E-009   2.4816996787770276E-010   9.1587494728480913E-016   1.5723116679533128E-015   2.0079567823517637E-015   6.1679736385237043E-002   2.8183076241620343E-015  -1.6064247114549958E-014  -1.7508866745998459E-014   3.6599983355110312E-002  -1.6274487964180823E-002   3.0512939541803603E-016  -1.6696040810681981E-015  -1.8162989191508707E-015  -5.4393305316412397E-003
  -5.8407938822905734E-017  -1.8130235852034884E-016  -3.7496680093947614E-018   3.7433287009324308E-002   1.1778173675373191E-017  -1.5601607261036073E-017  -5.4865663270123224E-017  0.21578910013856056       0.10624087282175933       -4.2961244131090073E-017  -3.0427060797864796E-016  -1.4169479092872833E-017  -1.2321531593460070E-009   1.0745805028996113E-009   1.3176716070834428E-009   6.9989262777182801E-010  -2.7230919774401146E-010   5.3227686072976502E-010  -8.2114023181544172E-016  -3.4383581779669895E-015  -4.3911601494775975E-015  -4.8823981137129546E-002   6.9290844236623102E-011   2.9296867266312120E-009   2.8453865015215768E-009  -1.7438488598466207E-010   4.6016702634303356E-009   1.0513083119260767E-010  -1.4392227059623756E-015  -5.8441869476216812E-015  -6.6451563419778186E-015  -3.7198616612173704E-003  -8.6942669083205757E-011   2.0319105813323373E-009   2.0028569246057191E-009  -3.8947777535827511E-011   2.9811184418881744E-009   1.2591086545628620E-010  -9.6145854294724677E-016  -1.2003003783048881E-015  -1.8699162715857730E-015   4.1731205867640911E-003  -3.9444200246834478E-015   2.0053065059849212E-014   1.9325418321869590E-014   4.2509898760574594E-003  -1.4770187199488810E-003  -4.2322378090275315E-016   2.0924293942669676E-015   2.0087246559496256E-015  -3.5425874244986513E-004
   9.2858623360788305E-005   2.0910395351502511E-011   1.9852267902216271E-011   2.3120563106368385E-017  -3.2838821732069870E-004  -6.8339174685226346E-011  -6.4703772007019377E-011   2.3962454773263242E-016  -4.2961244131090073E-017   9.1715889398859306E-004   3.9199138849903094E-010   3.7668296955164596E-010  -7.9517247416802758E-018   1.0695556589081424E-017   1.4449123472822179E-020  -1.0104996763683357E-017   6.6787471223228211E-018   5.8005665110892003E-018   1.4908658501795334E-002   2.6526646798386907E-009   2.5416750273410154E-009  -1.4853471788402365E-015  -6.1964242646429040E-019   9.1557547010940909E-018   3.1537798419029491E-018   1.5938650328423268E-017  -7.0513214014034015E-018   3.1181702959379740E-018   2.3900700751585929E-002   5.3913828813544529E-009   5.1866084915604165E-009  -1.3860919295980807E-015   4.0765347942610435E-018  -1.1455871172690058E-017   9.3715181563162628E-020  -1.4739524700881581E-018   8.4519418843192428E-018   9.0337127208865516E-018   1.0533048233757445E-002   2.4625049329073103E-009   2.3673628897227198E-009   1.0926024641226816E-015  -1.3945226344187583E-002  -2.8876570204502384E-009  -2.7761730947335049E-009   5.9807894532108230E-016  -1.5114362332353858E-015  -1.3559180407625689E-003  -2.7915132928941783E-010  -2.6837643607150061E-010  -7.7978341540767474E-016
   2.0910435843987673E-011   9.2858617464346659E-005   3.6109204750976622E-011  -1.4048389734750777E-016  -6.8339225117564588E-011  -3.2838819654001418E-004  -1.1928032972945321E-010  -7.4852933447651617E-017  -3.0427060797864796E-016   3.9199138849903094E-010   9.1715882202403288E-004   6.4452517557603406E-010   1.5348222588158490E-017  -8.4411918490678087E-018  -1.0492733501387436E-017   2.7061663020648819E-017  -6.5381497218935422E-018   1.7493578565498455E-017   2.6526638027701946E-009   1.4908657951804195E-002   4.4145012709954181E-009   1.5554704663387251E-015   5.4798284320168989E-017   5.7062135830013553E-018  -9.1764695240709696E-019   6.3350259140659031E-017  -2.9910357005019476E-018   6.3700313309093188E-017   5.3913815396962356E-009   2.3900699810993874E-002   8.8233763666103300E-009   1.4086237773258119E-015   4.3807682735180083E-017  -4.1528330745012912E-018  -5.9633010977907446E-018   3.6245310730118425E-017   4.6071030406008450E-019   3.4216590714011208E-017   2.4625041654400878E-009   1.0533047790416899E-002   4.0415901602413496E-009  -4.2286717080578132E-015  -2.8876582393823963E-009  -1.3945225824997940E-002  -4.7387829731096385E-009  -3.5725531670792798E-015   2.8989639101426341E-015  -2.7915146519753076E-010  -1.3559179905917589E-003  -4.5808419976896094E-010   1.1701547795845129E-015
   1.9852313192038948E-011   3.6109276751803702E-011   9.2858620287659315E-005  -6.9837617957968406E-017  -6.4703814748023963E-011  -1.1928047334555854E-010  -3.2838820596874471E-004   4.3998199647576727E-017  -1.4169479092872833E-017   3.7668296955164596E-010   6.4452517557603406E-010   9.1715886979328823E-004   2.8836731020932389E-017  -2.5275599889999365E-018   3.9536226001101028E-018   4.1945785971617011E-017  -5.3556359183599456E-018   3.0593890148088985E-017   2.5416744200052632E-009   4.4144999226533523E-009   1.4908658283484609E-002   6.7144375182494119E-015   8.1977580477520526E-017   3.3954882157709922E-018  -6.9598848443911920E-018   6.9035837406158099E-017   8.8000232422239600E-018   8.1136640117195788E-017   5.1866073995062486E-009   8.8233740602186402E-009   2.3900700461430016E-002   6.2781981810451757E-015   4.3835237330483765E-017   2.7098259269215516E-018   1.2345645860128188E-017   4.3745037284291078E-017   1.8672433560423514E-019   3.1012910452211202E-017   2.3673623357398789E-009   4.0415893447094220E-009   1.0533048089335815E-002  -8.2985871015805699E-015  -2.7761741151828956E-009  -4.7387797234910513E-009  -1.3945226175438018E-002  -6.1701272439923190E-015   4.4335556471093220E-015  -2.6837654902669255E-010  -4.5808386758307157E-010  -1.3559180244664237E-003   1.7433284369502160E-015
  -8.3671570399756067E-019   1.5977199452909128E-018   2.9593126783735584E-018  -4.3945336091036752E-010   2.9411063269366497E-018  -5.6254734457741263E-018  -1.0442958901454627E-017  -2.5634000901757935E-009  -1.2321531593460070E-009  -7.9517247416802758E-018   1.5348222588158490E-017   2.8836731020932389E-017   1.4637889564372393E-017  -1.3280312746184524E-017  -1.6156053678019976E-017  -8.2914249606561992E-018   2.4459578829874708E-018  -6.3466071052972001E-018  -1.2010493557756502E-016   2.3682495546694005E-016   4.5725976334328215E-016   1.0997556915316535E-009  -1.1513698608096963E-018  -3.9441885252748944E-017  -3.8259326032903460E-017   2.4809914799281754E-018  -6.2292319827850939E-017  -1.3291642005671399E-018  -1.9915987520468282E-016   3.8881666942439061E-016   7.4135548701414738E-016   5.4629397532328628E-010   8.0266498856708716E-019  -2.4392093494533567E-017  -2.3990758363578737E-017   6.1423262400481907E-019  -3.6162860286012721E-017  -1.4166499121362426E-018   1.0159221349089260E-018   4.8500555270547746E-017   2.1526736461763449E-016  -3.6677121997071349E-010   1.2669742353139449E-015  -1.8191608216483880E-015  -1.8770605758608666E-015  -2.2233517101988073E-010   9.8062473915333917E-011   1.3294754590587786E-016  -1.9038134333559130E-016  -1.9475787366201656E-016   3.2223805452912429E-011
   1.0843036594417105E-018  -8.4363807686391331E-019  -2.5418775755147335E-019   3.9111336514852561E-010  -3.8337624291979813E-018   2.9896768464570544E-018   8.9988780386698725E-019   2.3251959057420675E-009   1.0745805028996113E-009   1.0695556589081424E-017  -8.4411918490678087E-018  -2.5275599889999365E-018  -1.3280312746184524E-017   1.2798233363504268E-017   1.5389540897418592E-017   7.4885662495405843E-018  -1.0692336335914581E-018   5.7918026218982520E-018   1.7344794346698793E-016  -1.4039684620366468E-016  -4.1583521901249960E-017  -1.7566631703522946E-009   1.5220282080336924E-018   4.2547205802885299E-017   4.1210498996981982E-017  -2.8470878806447192E-018   6.7633374253129160E-017   1.3233752607056673E-018   2.7835885542874739E-016  -2.2277567876770015E-016  -6.6304755929429923E-017  -1.2221517797057572E-009  -3.9066032256659025E-019   2.2508055992422866E-017   2.2061400375242042E-017  -7.7977133023094435E-019   3.3915605191298974E-017   1.1695122321083737E-018   1.1868453638528433E-016  -1.2905512849897964E-016  -3.4046779795483281E-017   8.6036734215650156E-010  -2.1410616696888087E-016  -2.7023197444147070E-016  -2.3867564055879729E-017   5.1488676980198491E-010  -2.3399470115488396E-010  -2.1256219632146880E-017  -2.9668561224039910E-017  -2.8510851944021866E-018  -7.7388007744702043E-011
  -3.6522873780426620E-021  -1.0735709386839599E-018   4.2973590992086288E-019   4.7762713245803519E-010   1.0024313065132872E-020   3.7902547371344674E-018  -1.5030862212146141E-018   2.8288091523969109E-009   1.3176716070834428E-009   1.4449123472822179E-020  -1.0492733501387436E-017   3.9536226001101028E-018  -1.6156053678019976E-017   1.5389540897418592E-017   1.8546231949565374E-017   9.1182900475029902E-018  -1.5769545591539131E-018   7.0378494815489264E-018   1.7149734291062294E-018  -1.6731592575949259E-016   5.5747056651456880E-017  -1.9547739884280459E-009   1.7369347391067149E-018   5.0135975382870020E-017   4.8573183153073143E-017  -3.3204020370475916E-018   7.9608328492646166E-017   1.5817230415037248E-018   1.6796558326187467E-018  -2.7057725786543686E-016   9.5528116754897717E-017  -1.3122956454813131E-009  -5.5633312352717308E-019   2.7291152713506484E-017   2.6767603159958373E-017  -8.9518115653068047E-019   4.0993946210269766E-017   1.4505626246978298E-018   1.5098239950118310E-017  -8.7753500776073563E-017  -4.0553088896077780E-017   9.1994889891178846E-010   1.8511733823965270E-016   5.6602117446803388E-016  -1.1270125889378348E-015   5.5116336446318624E-010  -2.4983184239497261E-010   1.9577208648083463E-017   5.8495928463608111E-017  -1.1866478291669247E-016  -8.2580425990959395E-011
  -1.0338599277008347E-018   2.7976003670869848E-018   4.2771654368099124E-018   2.4926487004074511E-010   3.6500876681431415E-018  -9.8608999873890766E-018  -1.5108762487108757E-017   1.4520225760388339E-009   6.9989262777182801E-010  -1.0104996763683357E-017   2.7061663020648819E-017   4.1945785971617011E-017  -8.2914249606561992E-018   7.4885662495405843E-018   9.1182900475029902E-018   4.6980912667927006E-018  -1.4374481046236904E-018   3.5934177186877979E-018  -1.6114414632392495E-016   4.2319509306106519E-016   6.7306590378350466E-016  -5.8864172746636129E-010   6.3059853748249133E-019   2.2035621426524911E-017   2.1377701306032152E-017  -1.3783767662691810E-018   3.4782098248249304E-017   7.4757650776928035E-019  -2.6058850318239336E-016   6.9051057282431635E-016   1.0853612752212525E-015  -2.7660376462832850E-010  -4.6991443432450531E-019   1.3799464236633364E-017   1.3575864130245580E-017  -3.3786720945267427E-019   2.0433926083869781E-017   8.0767273744694218E-019  -8.4619145263868353E-017   1.4231629796867968E-016   3.9320846303243991E-016   1.8391487282593564E-010   5.4376214796340825E-016  -2.5025021353167603E-015  -1.7364084994347768E-015   1.1179262113642480E-010  -4.8995430474184805E-011   5.6192326131332561E-017  -2.6112533395464123E-016  -1.7818754935364148E-016  -1.6077566511658667E-011
   6.7698334745763714E-019  -6.7497503513918670E-019  -5.7002679082703247E-019  -8.5064533959147315E-011  -2.3936586995624951E-018   2.3796447240382014E-018   2.0001509676313576E-018  -4.2905022478642579E-010  -2.7230919774401146E-010   6.6787471223228211E-018  -6.5381497218935422E-018  -5.3556359183599456E-018   2.4459578829874708E-018  -1.0692336335914581E-018  -1.5769545591539131E-018  -1.4374481046236904E-018   2.1726314567185705E-018  -1.0086458187298395E-018   1.0833742308640607E-016  -1.0251457259150980E-016  -7.9017409882567748E-017  -9.8039533215187968E-010   5.4000651913931374E-019   3.7843251789779209E-018   3.5772221179609840E-018  -4.9999674864404699E-019   6.6466289539822269E-018  -4.1880638731879822E-020   1.7384462009086998E-016  -1.6706623319140494E-016  -1.3248648628851559E-016  -1.0232082938981129E-009   6.5194559455413258E-019  -3.4957298034048351E-018  -3.5552872674384909E-018  -2.3868692582285092E-019  -4.3451522736947943E-018  -4.1428294741628360E-019   7.4407721166153861E-017  -3.7105897494776304E-017   1.9602957958251880E-017   7.4805541728043618E-010  -1.3002042459952578E-016   5.7082435405104251E-016   1.0881439704006371E-015   4.4323884575174333E-010  -2.0607401586821582E-010  -1.2884507990602633E-017   5.9515771494349580E-017   1.1437310856333811E-016  -6.8477526975591341E-011
   5.9085744472748338E-019   1.8363404983066221E-018   3.1397898411926462E-018   1.9019352825909942E-010  -2.0875066943902836E-018  -6.4572460806363877E-018  -1.1079750996889834E-017   1.1114024504523208E-009   5.3227686072976502E-010   5.8005665110892003E-018   1.7493578565498455E-017   3.0593890148088985E-017  -6.3466071052972001E-018   5.7918026218982520E-018   7.0378494815489264E-018   3.5934177186877979E-018  -1.0086458187298395E-018   2.7532478724590937E-018   9.3255358135311690E-017   2.6550226301613548E-016   4.8507823626800566E-016  -5.1105101719861007E-010   5.2073570050455591E-019   1.7405989157171253E-017   1.6881364311525824E-017  -1.1025805968283733E-018   2.7509744727986938E-017   5.8158932786990912E-019   1.5024907279248647E-016   4.3926837552343927E-016   7.8649059060860124E-016  -2.6962318598997220E-010  -3.3279073567935151E-019   1.0592832389928793E-017   1.0415101327714214E-017  -2.7635014272573267E-019   1.5729183105011772E-017   6.0900215528617216E-019   5.6182620573769614E-017   1.0629645265403334E-017   2.2793548260360469E-016   1.8282659121864936E-010  -2.1769475568342028E-016  -2.6276315413108630E-015  -1.9970134652797059E-015   1.1053152445874727E-010  -4.9062758850580110E-011  -2.2269363583931917E-017  -2.7559581990734000E-016  -2.0721489306053298E-016  -1.6144577465439507E-011
   1.5090716206840424E-003  -3.6630880697221747E-011  -3.9875955731853779E-011   7.8251769868206947E-017  -5.3369383108946298E-003   2.2082408086961311E-010   2.3056437619287905E-010   8.4947641412315024E-016  -8.2114023181544172E-016   1.4908658501795334E-002   2.6526638027701946E-009   2.5416744200052632E-009  -1.2010493557756502E-016   1.7344794346698793E-016   1.7149734291062294E-018  -1.6114414632392495E-016   1.0833742308640607E-016   9.3255358135311690E-017  0.24245110835907227       -1.7401533457109492E-008  -1.6962492313376675E-008   1.5745091476587687E-015  -5.8412440681018145E-018   1.4961979875340799E-016   5.3390480321899059E-017   2.6566403240026626E-016  -1.1583229358124521E-016   5.3538655664347758E-017  0.38860632726518018       -9.3510157719017571E-009  -9.0847091305853306E-009   1.4303259718615929E-015   6.9693752525039339E-017  -1.8712321273519492E-016   1.1306928153542879E-018  -2.2863886846686084E-017   1.3609919573074328E-016   1.5020420343461207E-016  0.17229646291510770       -3.0316066403413977E-009  -2.9820291218979333E-009  -1.6853406480689424E-015 -0.21329097427731614        5.6452463352284644E-009   5.5085698001905941E-009  -1.3803653655237843E-015   2.4476713188899843E-015  -2.0624623011090110E-002   5.4173064867050419E-010   5.2862941172325557E-010   1.2101562808630977E-015
  -3.6630131074973866E-011   1.5090715875760482E-003  -2.6783007208600986E-011  -1.5809141463040316E-015   2.2082294868957727E-010  -5.3369381949854699E-003   2.3170899124566942E-010   3.5825401085275651E-015  -3.4383581779669895E-015   2.6526646798386907E-009   1.4908657951804195E-002   4.4144999226533523E-009   2.3682495546694005E-016  -1.4039684620366468E-016  -1.6731592575949259E-016   4.2319509306106519E-016  -1.0251457259150980E-016   2.6550226301613548E-016  -1.7401533457109492E-008  0.24245110950470614       -2.6891429785707087E-008  -1.4761324519888258E-015   8.0012144608368308E-016   9.0925040605783828E-017  -1.5189966676999389E-017   9.4035025452161595E-016  -5.3707294018561380E-017   9.4325945523791588E-016  -9.3510147990289382E-009  0.38860632813959500       -1.4667895079028947E-008   2.9416043696361785E-015   6.4983114295922901E-016  -6.7578860813878693E-017  -9.5107220032992198E-017   5.2803651379848155E-016   4.5518149187885212E-018   4.9879067351210346E-016  -3.0316061663202318E-009  0.17229646288546796       -4.4923830443454681E-009  -6.9870024431460180E-016   5.6452521209951438E-009 -0.21329097459998803        8.6827306672853286E-009  -2.2189669144385359E-016  -8.3136924065857188E-017   5.4173125590379000E-010  -2.0624623041930617E-002   8.3311064833198123E-010  -7.4268338790779364E-017
  -3.9875163009600312E-011  -2.6781720627142848E-011   1.5090715884375830E-003  -1.5045369366462229E-015   2.3056346104747141E-010   2.3170619270768095E-010  -5.3369381889872350E-003   4.3240983781964570E-015  -4.3911601494775975E-015   2.5416750273410154E-009   4.4145012709954181E-009   1.4908658283484609E-002   4.5725976334328215E-016  -4.1583521901249960E-017   5.5747056651456880E-017   6.7306590378350466E-016  -7.9017409882567748E-017   4.8507823626800566E-016  -1.6962492313376675E-008  -2.6891429785707087E-008  0.24245110765793795       -8.0989152702541595E-015   1.2694637838010932E-015   5.6212383402185158E-017  -1.0089483113460882E-016   1.0608486975318490E-015   1.3585946232732143E-016   1.2560023013362389E-015  -9.0847111884552641E-009  -1.4667897165250423E-008  0.38860632711262727       -3.8460140959378101E-015   6.7381892276232560E-016   4.0696229345011713E-017   1.9300724551779785E-016   6.7997575370428002E-016   4.3160916362538669E-020   4.6957073784968441E-016  -2.9820291002477712E-009  -4.4923827347535958E-009  0.17229646259435902        4.0748694265576090E-015   5.5085714188536156E-009   8.6827369791643142E-009 -0.21329097400741756        2.3816666220905864E-015  -1.3042226811812120E-016   5.2862957844962102E-010   8.3311130606099154E-010  -2.0624622985082833E-002   1.7514589353644699E-016
  -8.6330094056783083E-016   1.5888658153293826E-015   2.2260331735899551E-015  -2.5354332578861515E-002   1.4570711988056382E-015  -2.0290057558161261E-015  -6.7880133425188997E-015 -0.19206862872443115       -4.8823981137129546E-002  -1.4853471788402365E-015   1.5554704663387251E-015   6.7144375182494119E-015   1.0997556915316535E-009  -1.7566631703522946E-009  -1.9547739884280459E-009  -5.8864172746636129E-010  -9.8039533215187968E-010  -5.1105101719861007E-010   1.5745091476587687E-015  -1.4761324519888258E-015  -8.0989152702541595E-015  0.85129237294521232       -5.6968912953734214E-010  -9.8118203510493914E-009  -9.4558866085907213E-009   7.8993475836037716E-010  -1.5938004503028788E-008  -2.1893365087452617E-010  -1.4388145643811421E-015  -7.8543059525758679E-015  -3.1480945367144671E-015  0.77544073494511623       -2.8191545644667221E-010  -2.2175467331211301E-009  -2.1036770294686474E-009   2.7179016981792372E-010  -3.8412195644405336E-009   1.0842826319069826E-011   2.6935408611023059E-016   1.7375953245550978E-015  -2.0070025933054195E-015 -0.57628368291627741       -4.0804268364014057E-017   4.2440190312002160E-014   2.8838519110780654E-014 -0.34772575323646127       0.16074402085978418       -1.6636975774370217E-018   4.4685221316322691E-015   3.0068390875883397E-015   5.3018184697610063E-002
  -7.7365022226361790E-020   5.8613847699379413E-018   8.5180052303701422E-018   2.9727331598184637E-011   2.6532944302390582E-019  -2.0551290762585555E-017  -3.0000049163517982E-017   2.0136180872364846E-010   6.9290844236623102E-011  -6.1964242646429040E-019   5.4798284320168989E-017   8.1977580477520526E-017  -1.1513698608096963E-018   1.5220282080336924E-018   1.7369347391067149E-018   6.3059853748249133E-019   5.4000651913931374E-019   5.2073570050455591E-019  -5.8412440681018145E-018   8.0012144608368308E-016   1.2694637838010932E-015  -5.6968912953734214E-010   3.9476894756842742E-019   7.4095141190488972E-018   7.1484516280701011E-018  -5.7492118989019007E-019   1.1980512040759605E-017   1.7930347701628683E-019  -1.2422480045411435E-017   1.3482136762034848E-015   2.0807360915912313E-015  -5.0636745637380732E-010   1.5160695063011549E-019   2.1583013003686425E-018   2.0742447975809816E-018  -1.8982300912445958E-019   3.5470884651333568E-018   3.7751639768319621E-020   3.5575731832667654E-017  -2.8509199429415231E-016   3.0484244115259761E-016   3.5661233361778640E-010   5.3930996501841417E-016  -1.2182789525915999E-014  -9.1481006021796104E-015   2.0908960570301506E-010  -9.4925645272680595E-011   5.6949421470272249E-017  -1.2811822831724921E-015  -9.5675896498947934E-016  -3.1344857227836099E-011
   9.2425525816971264E-019   5.8404250715928364E-019   3.4024912192256542E-019   1.1157418460609908E-009  -3.2700994867929680E-018  -2.0618996277476158E-018  -1.2052664176929115E-018   6.9027295881034931E-009   2.9296867266312120E-009   9.1557547010940909E-018   5.7062135830013553E-018   3.3954882157709922E-018  -3.9441885252748944E-017   4.2547205802885299E-017   5.0135975382870020E-017   2.2035621426524911E-017   3.7843251789779209E-018   1.7405989157171253E-017   1.4961979875340799E-016   9.0925040605783828E-017   5.6212383402185158E-017  -9.8118203510493914E-009   7.4095141190488972E-018   1.6730386537513853E-016   1.6173710844499735E-016  -1.2064086217527696E-017   2.6816925260837826E-016   4.6419126432564532E-018   2.3929028155155622E-016   1.4708925876420379E-016   8.9381520303448593E-017  -8.0231319727602203E-009   8.8457202368758255E-019   6.9144202171002757E-017   6.7317523229678913E-017  -3.6639653721929668E-018   1.0743964539408021E-016   2.7724733421905032E-018   1.1312757762558793E-016   4.7058540266544081E-017   4.9254256835620911E-017   5.8002145036877188E-009  -4.0175662897808458E-017  -3.1606105886463121E-016   7.5695328381444215E-017   3.4738663509350195E-009  -1.5996695259220638E-009  -3.0631717830140437E-018  -3.2683375068788903E-017   8.4440055811644860E-018  -5.2994515897773046E-010
   3.1196787585082461E-019  -9.1978893430793746E-020  -7.4697758627310138E-019   1.0829090995020621E-009  -1.1073943951487503E-018   3.2576253524946203E-019   2.6177103442135477E-018   6.6958001032166713E-009   2.8453865015215768E-009   3.1537798419029491E-018  -9.1764695240709696E-019  -6.9598848443911920E-018  -3.8259326032903460E-017   4.1210498996981982E-017   4.8573183153073143E-017   2.1377701306032152E-017   3.5772221179609840E-018   1.6881364311525824E-017   5.3390480321899059E-017  -1.5189966676999389E-017  -1.0089483113460882E-016  -9.4558866085907213E-009   7.1484516280701011E-018   1.6173710844499735E-016   1.5635874224968336E-016  -1.1653816265433853E-017   2.5922371821535299E-016   4.4931892226183949E-018   8.4056677168163699E-017  -2.4153844890550181E-017  -1.7059396647584255E-016  -7.7232466742993379E-009   8.3062961432530873E-019   6.7040608195973288E-017   6.5275396998392662E-017  -3.5360466013495426E-018   1.0412881411046597E-016   2.6987616712235577E-018   5.7659448737387640E-017  -1.3299536643186860E-017   4.3543965026826289E-017   5.5854989107264202E-009   2.1815973673856764E-016  -2.0317870334139038E-017   1.6383531146965695E-015   3.3462551645858735E-009  -1.5412022602843509E-009   2.3477686320431725E-017  -2.2673132439226151E-018   1.7234762157006455E-016  -5.1059778585311927E-010
   1.5909860112067997E-018   6.7230430818300210E-018   7.2016361577645817E-018  -6.8448985529832895E-011  -5.6392663817834278E-018  -2.3600853091364464E-017  -2.5348229881163537E-017  -4.3411408300058934E-010  -1.7438488598466207E-010   1.5938650328423268E-017   6.3350259140659031E-017   6.9035837406158099E-017   2.4809914799281754E-018  -2.8470878806447192E-018  -3.3204020370475916E-018  -1.3783767662691810E-018  -4.9999674864404699E-019  -1.1025805968283733E-018   2.6566403240026626E-016   9.4035025452161595E-016   1.0608486975318490E-015   7.8993475836037716E-010  -5.7492118989019007E-019  -1.2064086217527696E-017  -1.1653816265433853E-017   8.9470693001338581E-019  -1.9400736327051756E-017  -3.1869709561953945E-019   4.2114375345486272E-016   1.5721428645203341E-015   1.7450269471545241E-015   6.7066434923054665E-010  -1.3234685406526271E-019  -4.4346204741985818E-018  -4.3009769929395579E-018   2.8100444262960640E-019  -7.0086769656191375E-018  -1.4806222206892333E-019   2.4940453082730687E-016  -1.7462752145221923E-016   1.7393573316234233E-016  -4.7891139975924452E-010   5.8128446723953029E-016  -1.2160776967072204E-014  -8.7313610991674730E-015  -2.8403309083938454E-010   1.2995917412717389E-010   6.3531540141088969E-017  -1.2777474843005758E-015  -9.1436594284562289E-016   4.2993231401686495E-011
  -7.0972297995687211E-019  -2.8527372758817741E-019   9.1579012090172833E-019   1.7577068654675896E-009   2.5122724835740086E-018   1.0187099128769686E-018  -3.2246019841187031E-018   1.0901569976412403E-008   4.6016702634303356E-009  -7.0513214014034015E-018  -2.9910357005019476E-018   8.8000232422239600E-018  -6.2292319827850939E-017   6.7633374253129160E-017   7.9608328492646166E-017   3.4782098248249304E-017   6.6466289539822269E-018   2.7509744727986938E-017  -1.1583229358124521E-016  -5.3707294018561380E-017   1.3585946232732143E-016  -1.5938004503028788E-008   1.1980512040759605E-017   2.6816925260837826E-016   2.5922371821535299E-016  -1.9400736327051756E-017   4.3000713973042886E-016   7.3994832223599724E-018  -1.8482055643497769E-016  -8.2423457485517966E-017   2.2299745611422194E-016  -1.3095741451610975E-008   1.5932054046994055E-018   1.0942062732807299E-016   1.0648774457974956E-016  -5.9158922730434380E-018   1.7032475583754053E-016   4.3113485123007795E-018  -9.3195649804533417E-017  -8.5677652601370140E-017   2.8536818055442138E-017   9.4524944420780802E-009  -4.4395010545052068E-017  -5.9159109213208959E-016  -1.0340043136802803E-015   5.6542359772399845E-009  -2.6015822527103428E-009  -5.6073853127078158E-018  -6.2945328221093755E-017  -1.0820218205745537E-016  -8.6170593303870917E-010
   3.0583996370004199E-019   6.7680950992921437E-018   8.4321435723310427E-018   3.8721111963703979E-011  -1.0871548776778925E-018  -2.3754747714306375E-017  -2.9696811867800598E-017   2.3267179163768107E-010   1.0513083119260767E-010   3.1181702959379740E-018   6.3700313309093188E-017   8.1136640117195788E-017  -1.3291642005671399E-018   1.3233752607056673E-018   1.5817230415037248E-018   7.4757650776928035E-019  -4.1880638731879822E-020   5.8158932786990912E-019   5.3538655664347758E-017   9.4325945523791588E-016   1.2560023013362389E-015  -2.1893365087452617E-010   1.7930347701628683E-019   4.6419126432564532E-018   4.4931892226183949E-018  -3.1869709561953945E-019   7.3994832223599724E-018   1.3915607610119725E-019   8.3768715575834097E-017   1.5788166016259016E-015   2.0590048706066637E-015  -1.6302334800512546E-010  -1.9796126844341362E-020   2.2749635573313656E-018   2.2255255018615601E-018  -9.0793904649257929E-020   3.4586729429849260E-018   1.1046036807193498E-019   6.4588081381900211E-017  -1.9866407288904866E-016   2.9728659799629065E-016   1.2172509138344205E-010   3.0977569812716228E-016  -1.2514334274125505E-014  -9.1092250954158701E-015   7.4722675709767263E-011  -3.4948273497335523E-011   3.3161056123727577E-017  -1.3150892878835587E-015  -9.5275691453488139E-016  -1.1616016233121310E-011
   2.4195236780796404E-003   5.6593407680089686E-011   4.8673126888137109E-011   1.2015252513324633E-016  -8.5566652152449709E-003  -5.3855863358681629E-011  -2.8627706008926406E-011   1.4622192593051984E-015  -1.4392227059623756E-015   2.3900700751585929E-002   5.3913815396962356E-009   5.1866073995062486E-009  -1.9915987520468282E-016   2.7835885542874739E-016   1.6796558326187467E-018  -2.6058850318239336E-016   1.7384462009086998E-016   1.5024907279248647E-016  0.38860632726518018       -9.3510147990289382E-009  -9.0847111884552641E-009  -1.4388145643811421E-015  -1.2422480045411435E-017   2.3929028155155622E-016   8.4056677168163699E-017   4.2114375345486272E-016  -1.8482055643497769E-016   8.3768715575834097E-017  0.62292317946747999        1.4723941333315509E-008   1.4449941268329051E-008  -1.2844271312045178E-015   1.0925098616940416E-016  -2.9933109384537306E-016   2.0964135763198380E-018  -3.7445975581584067E-017   2.1911813612999546E-016   2.3837116445241615E-016  0.27543594483884803        8.3557219001954904E-009   8.1226010780025308E-009   2.2495171309643959E-015 -0.35161449708048126       -6.8017238931381100E-009  -6.6564475215744707E-009   1.2389841915942158E-015  -3.3179697283889171E-015  -3.4087686737429915E-002  -6.6056008424209691E-010  -6.4649822340467305E-010  -1.6914578033580309E-015
   5.6594600769812982E-011   2.4195236190423151E-003   1.3389930063028576E-010  -2.5766521948628015E-015  -5.3857655770374009E-011  -8.5566650083451646E-003  -2.5398960253642051E-010   5.9528878015457138E-015  -5.8441869476216812E-015   5.3913828813544529E-009   2.3900699810993874E-002   8.8233740602186402E-009   3.8881666942439061E-016  -2.2277567876770015E-016  -2.7057725786543686E-016   6.9051057282431635E-016  -1.6706623319140494E-016   4.3926837552343927E-016  -9.3510157719017571E-009  0.38860632813959500       -1.4667897165250423E-008  -7.8543059525758679E-015   1.3482136762034848E-015   1.4708925876420379E-016  -2.4153844890550181E-017   1.5721428645203341E-015  -8.2423457485517966E-017   1.5788166016259016E-015   1.4723941333315509E-008  0.62292317932857788        2.2056235872883646E-008  -3.5534930310818392E-016   1.0867776184427295E-015  -1.0828536908292828E-016  -1.5379135727430725E-016   8.9070414603844831E-016   9.4199851346518962E-018   8.4112212639982950E-016   8.3557205888441649E-009  0.27543594409876598        1.3072053932605050E-008   1.6062953897941593E-015  -6.8017324999197050E-009 -0.35161449685697194       -1.0322691570503874E-008   1.0033160787249296E-015   8.1864854680145397E-016  -6.6056100706088283E-010  -3.4087686716122376E-002  -1.0021692049276194E-009   5.3186786442428990E-016
