   1.5215168246845530E-028  -3.7122876618404762E-015   4.7252961749063911E-028  -3.4132535616074877E-019   2.2134313261300535E-028  -5.6429394628741779E-015   6.9592772159877151E-028   1.4075049602431280E-018   1.6923387087615069E-028  -4.2385175358330353E-015   5.1922548233654021E-028  -2.0899133745104095E-018  -1.5737024299881590E-019  -3.6833734523286493E-031   1.1550154327119028E-031   3.1474048598085045E-019   2.6379100935189387E-031  -1.5737024300125256E-019   6.3937281591685923E-029  -1.6177801845590553E-015   1.9906682984906974E-028   3.6110580228283510E-016   5.1971456109656230E-016   1.0923920292621809E-019   9.4228642580101120E-032   9.1129037474919284E-032  -2.1847840585840541E-019  -2.2969173735255669E-031   1.0923920292704287E-019
  -3.7122876618404762E-015   9.0785650741018367E-002  -1.1520394736269746E-014   3.0940347044352331E-016  -5.4281037594299440E-015  0.13800060175703563       -1.7041904861216099E-014   8.6322215829201143E-017  -4.1228987993765485E-015  0.10365483704919717       -1.2687488475031363E-014  -1.4550603646887318E-016   1.2936275185876881E-016   9.3392756121831001E-018  -2.1491303058306613E-018   1.6767003211966542E-016  -1.1860535744314538E-017   1.9036037873614093E-016  -1.5710569669165836E-015   3.9563536069912968E-002  -4.8665377391703313E-015   1.8665015024632016E-015   2.6506779157880625E-015   7.7325399829682434E-017  -2.2221577116492715E-018  -1.0597190976575916E-018   6.0917760990147685E-017   5.0064328768436162E-018   5.6271258622696778E-017
   4.7252961749063911E-028  -1.1520394736269746E-014   1.4678666072418479E-027  -1.4019778886665119E-018   6.8627896004082655E-028  -1.7511813740467104E-014   2.1587510072380162E-027   5.7812605974080163E-018   5.2583423945896968E-028  -1.3153451337116830E-014   1.6117468914600669E-027  -8.5842211468775157E-018  -6.4639089079187993E-019  -1.1294583406181830E-030   3.8617402550508775E-031   1.2927817815323389E-018   5.9651639952601976E-031  -6.4639089079938393E-019   1.9811189182607407E-028  -5.0204800975459901E-015   6.1783795430469089E-028   1.4832251432146844E-015   2.1347031796222311E-015   4.4869490155444586E-019   2.9579808348739743E-031   3.3079625192209686E-031  -8.9738980312455897E-019  -7.3788424033798408E-031   4.4869490155696912E-019
  -3.4132535616074877E-019   3.0940347044352331E-016  -1.4019778886665119E-018   3.2939457646343718E-007   5.9423772287390434E-019   4.7566052844484772E-016   8.9506274895401651E-019  -1.3583066476006944E-006  -6.2313487623090516E-019   3.5346933306283167E-016  -4.1048956759591033E-019   2.0168619718524446E-006   1.5186948055599279E-007  -1.3078351859673697E-020  -2.6656616427845454E-020  -3.0373896111261693E-007   2.1346275858531724E-019   1.5186948055593725E-007   2.9368047469757387E-019   1.3607431985481737E-016  -6.8283352600982919E-020  -3.4848361148375953E-004  -5.0154831643987549E-004  -1.0542082600659197E-007  -3.2455320762235156E-021  -4.6125706910738311E-020   2.1084165201043789E-007   2.4102263854330040E-020  -1.0542082600655710E-007
   2.2134313261300535E-028  -5.4281037594299440E-015   6.8627896004082655E-028   5.9423772287390434E-019   3.2562012237069771E-028  -8.2511011276202923E-015   1.0205557872368963E-027  -2.4504260450418978E-018   2.4538531401271405E-028  -6.1975566191060158E-015   7.5784855126169134E-028   3.6384796568676306E-018   2.7397711057915657E-019  -5.8199208441211973E-031   8.0407866332829339E-032  -5.4795422118494644E-019   1.0942385491168447E-030   2.7397711057540934E-019   9.4463818451414729E-029  -2.3655167653097731E-015   2.9084869834994798E-028  -6.2867491619569286E-016  -9.0480824754831647E-016  -1.9018234078322780E-019   1.2700849910638582E-031  -1.9851211006203976E-032   3.8036468154861273E-019  -2.5585505072278922E-031  -1.9018234078190606E-019
  -5.6429394628741779E-015  0.13800060175703563       -1.7511813740467104E-014   4.7566052844484772E-016  -8.2511011276202923E-015  0.20977066232229466       -2.5904899141416785E-014   1.0917333311155902E-016  -6.2670973953845122E-015  0.15756267395849283       -1.9285878660874184E-014  -1.8844991807725170E-016   1.9910505067438530E-016   1.4196358608836235E-017  -3.2668298683566361E-018   2.4994123150785048E-016  -1.8028852098500276E-017   2.9182575208612445E-016  -2.3881175610840734E-015   6.0139369390644848E-002  -7.3974811106949165E-015  -2.8179604846961202E-015  -4.1098833186897176E-015   1.1582930572000965E-016  -3.3778366834802910E-018  -1.6108478815382225E-018   9.6020827399821978E-017   7.6101316014305597E-018   8.3825523929317183E-017
   6.9592772159877151E-028  -1.7041904861216099E-014   2.1587510072380162E-027   8.9506274895401651E-019   1.0205557872368963E-027  -2.5904899141416785E-014   3.2014676695166109E-027  -3.6909219789269077E-018   7.7224017693550455E-028  -1.9457655003613411E-014   2.3805271587875736E-027   5.4804120951080175E-018   4.1267441683143727E-019  -1.7886677447687324E-030   3.3099187262949333E-031  -8.2534883374463143E-019   2.8064520718909826E-030   4.1267441681983615E-019   2.9571029815954298E-028  -7.4267024818726849E-015   9.1334068272355964E-028  -9.4693331817822176E-016  -1.3628555141831776E-015  -2.8645964771627359E-019   4.0831513253382346E-031   7.3588837946605159E-032   5.7291929538461973E-019  -8.7429376376514167E-031  -2.8645964771222663E-019
   1.4075049602431280E-018   8.6322215829201143E-017   5.7812605974080163E-018  -1.3583066476006944E-006  -2.4504260450418978E-018   1.0917333311155902E-016  -3.6909219789269077E-018   5.6011758564003928E-006   2.5695876775003571E-018   9.7705804787375811E-017   1.6927136881242590E-018  -8.3168249249067614E-006  -6.2625598521282004E-007   5.3930494124798371E-020   1.0992245132030220E-019   1.2525119704282436E-006  -8.8024486351511467E-019  -6.2625598521259091E-007  -1.2110343325713068E-018   3.2508448178794994E-017   2.8157637788131627E-019   1.4370230716619886E-003   2.0682077392638522E-003   4.3471817386223593E-007   1.3383425560481378E-020   1.9020608959263292E-019  -8.6943634771314819E-007  -9.9389205393221273E-020   4.3471817386209214E-007
   1.6923387087615069E-028  -4.1228987993765485E-015   5.2583423945896968E-028  -6.2313487623090516E-019   2.4538531401271405E-028  -6.2670973953845122E-015   7.7224017693550455E-028   2.5695876775003571E-018   1.8841429625720035E-028  -4.7073342508588715E-015   5.7696045461823672E-028  -3.8154150826283536E-018  -2.8730032833377915E-019  -3.9938859252696434E-031   1.4802751071868815E-031   5.7460065664938850E-019   1.3480913311448372E-031  -2.8730032833644415E-019   7.0791703593399165E-029  -1.7967206714974458E-015   2.2113593643925379E-028   6.5924671388634939E-016   9.4880811772013131E-016   1.9943070729469412E-019   1.0705583481471105E-031   1.3538428971401235E-031  -3.9886141459398312E-019  -2.7295555004824788E-031   1.9943070729558428E-019
  -4.2385175358330353E-015  0.10365483704919717       -1.3153451337116830E-014   3.5346933306283167E-016  -6.1975566191060158E-015  0.15756267395849283       -1.9457655003613411E-014   9.7705804787375811E-017  -4.7073342508588715E-015  0.11834827592243238       -1.4485984731161391E-014  -1.6486562958703208E-016   1.4779573820907631E-016   1.0663150881629299E-017  -2.4537771093788071E-018   1.9124713105950508E-016  -1.3541808533158720E-017   2.1743999391197717E-016  -1.7937598350789518E-015   4.5171806898377936E-002  -5.5563866341220729E-015   1.9122695177831102E-015   2.7114953666584846E-015   8.8220353647896863E-017  -2.5371564076320739E-018  -1.2099380187181154E-018   6.9685457408331179E-017   5.7161124011473785E-018   6.4181713640276599E-017
   5.1922548233654021E-028  -1.2687488475031363E-014   1.6117468914600669E-027  -4.1048956759591033E-019   7.5784855126169134E-028  -1.9285878660874184E-014   2.3805271587875736E-027   1.6927136881242590E-018   5.7696045461823672E-028  -1.4485984731161391E-014   1.7736151457741162E-027  -2.5134014273132250E-018  -1.8925884595052845E-019  -1.2888855371724012E-030   3.3356486489811418E-031   3.7851769184225402E-019   1.3915191631396166E-030  -1.8925884595898376E-019   2.1919258171658392E-028  -5.5290886150107675E-015   6.8019413109020624E-028   4.3427820977785234E-016   6.2502653726876145E-016   1.3137480810870343E-019   3.1459584627179806E-031   2.0557958827247104E-031  -2.6274961624411094E-019  -7.2969577914525185E-031   1.3137480811160234E-019
  -2.0899133745104095E-018  -1.4550603646887318E-016  -8.5842211468775157E-018   2.0168619718524446E-006   3.6384796568676306E-018  -1.8844991807725170E-016   5.4804120951080175E-018  -8.3168249249067614E-006  -3.8154150826283536E-018  -1.6486562958703208E-016  -2.5134014273132250E-018   1.2349117150555300E-005   9.2988713811554039E-007  -8.0077913861094127E-020  -1.6321676133465546E-019  -1.8597742762349464E-006   1.3070188490043986E-018   9.2988713811520020E-007   1.7981868058185401E-018  -5.5822710269662085E-017  -4.1809461046418004E-019  -2.1337429151430248E-003  -3.0709483359890222E-003  -6.4548499036252140E-007  -1.9872185793783567E-020  -2.8242475996989586E-019   1.2909699807082290E-006   1.4757662352923032E-019  -6.4548499036230794E-007
  -1.5737024299881590E-019   1.2936275185876881E-016  -6.4639089079187993E-019   1.5186948055599279E-007   2.7397711057915657E-019   1.9910505067438530E-016   4.1267441683143727E-019  -6.2625598521282004E-007  -2.8730032833377915E-019   1.4779573820907631E-016  -1.8925884595052845E-019   9.2988713811554039E-007   7.0020397336163235E-008  -6.0298579435720181E-021  -1.2290203845315874E-020  -1.4004079467261756E-007   9.8418372920601030E-020   7.0020397336137625E-008   1.3540326504672857E-019   5.6946410009744206E-017  -3.1482477341424612E-020  -1.6067060249302416E-004  -2.3124206569901266E-004  -4.8604947468471613E-008  -1.4963733642362585E-021  -2.1266552789126775E-020   9.7209894935677136E-008   1.1112503220546034E-020  -4.8604947468455532E-008
  -3.6833734523286493E-031   9.3392756121831001E-018  -1.1294583406181830E-030  -1.3078351859673697E-020  -5.8199208441211973E-031   1.4196358608836235E-017  -1.7886677447687324E-030   5.3930494124798371E-020  -3.9938859252696434E-031   1.0663150881629299E-017  -1.2888855371724012E-030  -8.0077913861094127E-020  -6.0298579435720181E-021   1.4800129469396786E-033   8.3729520990198218E-034   1.2059715887212968E-020  -9.6954841239864516E-033  -6.0298579435635373E-021  -1.7327767656611256E-031   4.0699688170271231E-018  -4.9791794791879748E-031   1.3836266939360128E-017   1.9913580325059805E-017   4.1856507495066919E-021  -9.9735884079308560E-035   1.7223696915438185E-033  -8.3713014988821768E-021  -4.4194103914903829E-034   4.1856507495031409E-021
   1.1550154327119028E-031  -2.1491303058306613E-018   3.8617402550508775E-031  -2.6656616427845454E-020   8.0407866332829339E-032  -3.2668298683566361E-018   3.3099187262949333E-031   1.0992245132030220E-019   1.4802751071868815E-031  -2.4537771093788071E-018   3.3356486489811418E-031  -1.6321676133465546E-019  -1.2290203845315874E-020   8.3729520990198218E-034   2.2080912969271537E-033   2.4580407690672747E-020  -1.6993937801821629E-032  -1.2290203845312823E-020   1.3424553314121440E-032  -9.3657085320937134E-019   1.2072939425938818E-031   2.8201417468515765E-017   4.0588346155874682E-017   8.5312956653216476E-021   3.1525243307331238E-034   3.7578595709713976E-033  -1.7062591330426171E-020  -2.0690172357535499E-033   8.5312956653193244E-021
   3.1474048598085045E-019   1.6767003211966542E-016   1.2927817815323389E-018  -3.0373896111261693E-007  -5.4795422118494644E-019   2.4994123150785048E-016  -8.2534883374463143E-019   1.2525119704282436E-006   5.7460065664938850E-019   1.9124713105950508E-016   3.7851769184225402E-019  -1.8597742762349464E-006  -1.4004079467261756E-007   1.2059715887212968E-020   2.4580407690672747E-020   2.8008158934581729E-007  -1.9683674584166691E-019  -1.4004079467256634E-007  -2.7080653010139885E-019   7.1926359822803963E-017   6.2964954660123299E-020   3.2134120498671624E-004   4.6248413139898662E-004   9.7209894937145283E-008   2.9927467284683009E-021   4.2533105578336985E-020  -1.9441978987175841E-007  -2.2225006441114752E-020   9.7209894937113135E-008
   2.6379100935189387E-031  -1.1860535744314538E-017   5.9651639952601976E-031   2.1346275858531724E-019   1.0942385491168447E-030  -1.8028852098500276E-017   2.8064520718909826E-030  -8.8024486351511467E-019   1.3480913311448372E-031  -1.3541808533158720E-017   1.3915191631396166E-030   1.3070188490043986E-018   9.8418372920601030E-020  -9.6954841239864516E-033  -1.6993937801821629E-032  -1.9683674584166691E-019   1.3988313494570567E-031   9.8418372920557058E-020   3.9556643119541981E-031  -5.1687103622488579E-018   5.9152974510802080E-031  -2.2583332678936358E-016  -3.2502625981451667E-016  -6.8317519290471205E-020  -1.8129433146552564E-033  -2.9753123597004817E-032   1.3663503857913468E-019   1.4965313050175605E-032  -6.8317519290445867E-020
  -1.5737024300125256E-019   1.9036037873614093E-016  -6.4639089079938393E-019   1.5186948055593725E-007   2.7397711057540934E-019   2.9182575208612445E-016   4.1267441681983615E-019  -6.2625598521259091E-007  -2.8730032833644415E-019   2.1743999391197717E-016  -1.8925884595898376E-019   9.2988713811520020E-007   7.0020397336137625E-008  -6.0298579435635373E-021  -1.2290203845312823E-020  -1.4004079467256634E-007   9.8418372920557058E-020   7.0020397336112016E-008   1.3540326504562345E-019   8.3528604348211704E-017  -3.1482477344682852E-020  -1.6067060249296539E-004  -2.3124206569892806E-004  -4.8604947468453832E-008  -1.4963733642372041E-021  -2.1266552789119709E-020   9.7209894935641588E-008   1.1112503220545335E-020  -4.8604947468437758E-008
   6.3937281591685923E-029  -1.5710569669165836E-015   1.9811189182607407E-028   2.9368047469757387E-019   9.4463818451414729E-029  -2.3881175610840734E-015   2.9571029815954298E-028  -1.2110343325713068E-018   7.0791703593399165E-029  -1.7937598350789518E-015   2.1919258171658392E-028   1.7981868058185401E-018   1.3540326504672857E-019  -1.7327767656611256E-031   1.3424553314121440E-032  -2.7080653010139885E-019   3.9556643119541981E-031   1.3540326504562345E-019   2.7449174648536921E-029  -6.8465190777565151E-016   8.4155160447775424E-029  -3.1069981037806177E-016  -4.4716870945469828E-016  -9.3990734632110914E-020   3.5561075082434886E-032  -2.2786027218407029E-032   1.8798146925804308E-019  -6.5147930161551248E-032  -9.3990734631715472E-020
  -1.6177801845590553E-015   3.9563536069912968E-002  -5.0204800975459901E-015   1.3607431985481737E-016  -2.3655167653097731E-015   6.0139369390644848E-002  -7.4267024818726849E-015   3.2508448178794994E-017  -1.7967206714974458E-015   4.5171806898377936E-002  -5.5290886150107675E-015  -5.5822710269662085E-017   5.6946410009744206E-017   4.0699688170271231E-018  -9.3657085320937134E-019   7.1926359822803963E-017  -5.1687103622488579E-018   8.3528604348211704E-017  -6.8465190777565151E-016   1.7241418369302819E-002  -2.1207915546973843E-015  -4.9759536829704562E-016  -7.3168976273351457E-016   3.3301090500432923E-017  -9.6839551250966925E-019  -4.6181565480837136E-019   2.7340578181691783E-017   2.1817565450915107E-018   2.4125893007606512E-017
   1.9906682984906974E-028  -4.8665377391703313E-015   6.1783795430469089E-028  -6.8283352600982919E-020   2.9084869834994798E-028  -7.3974811106949165E-015   9.1334068272355964E-028   2.8157637788131627E-019   2.2113593643925379E-028  -5.5563866341220729E-015   6.8019413109020624E-028  -4.1809461046418004E-019  -3.1482477341424612E-020  -4.9791794791879748E-031   1.2072939425938818E-031   6.2964954660123299E-020   5.9152974510802080E-031  -3.1482477344682852E-020   8.4155160447775424E-029  -2.1207915546973843E-015   2.6088345960249019E-028   7.2240501250141514E-017   1.0397074808343001E-016   2.1853691423423376E-020   1.1979089895995701E-031   6.6367765264052559E-032  -4.3707382857832986E-020  -2.7336473046174063E-031   2.1853691424544749E-020
   3.6110580228283510E-016   1.8665015024632016E-015   1.4832251432146844E-015  -3.4848361148375953E-004  -6.2867491619569286E-016  -2.8179604846961202E-015  -9.4693331817822176E-016   1.4370230716619886E-003   6.5924671388634939E-016   1.9122695177831102E-015   4.3427820977785234E-016  -2.1337429151430248E-003  -1.6067060249302416E-004   1.3836266939360128E-017   2.8201417468515765E-017   3.2134120498671624E-004  -2.2583332678936358E-016  -1.6067060249296539E-004  -3.1069981037806177E-016  -4.9759536829704562E-016   7.2240501250141514E-017  0.36867889197393566       0.53061398436828233        1.1153016108161716E-004   3.4336167621498272E-018   4.8798778349887145E-017  -2.2306032216032914E-004  -2.5499035360765107E-017   1.1153016108158027E-004
   5.1971456109656230E-016   2.6506779157880625E-015   2.1347031796222311E-015  -5.0154831643987549E-004  -9.0480824754831647E-016  -4.1098833186897176E-015  -1.3628555141831776E-015   2.0682077392638522E-003   9.4880811772013131E-016   2.7114953666584846E-015   6.2502653726876145E-016  -3.0709483359890222E-003  -2.3124206569901266E-004   1.9913580325059805E-017   4.0588346155874682E-017   4.6248413139898662E-004  -3.2502625981451667E-016  -2.3124206569892806E-004  -4.4716870945469828E-016  -7.3168976273351457E-016   1.0397074808343001E-016  0.53061398436828233       0.76367594276888640        1.6051763319538512E-004   4.9417666989376890E-018   7.0232700532171672E-017  -3.2103526638658901E-004  -3.6698994829570632E-017   1.6051763319533202E-004
   1.0923920292621809E-019   7.7325399829682434E-017   4.4869490155444586E-019  -1.0542082600659197E-007  -1.9018234078322780E-019   1.1582930572000965E-016  -2.8645964771627359E-019   4.3471817386223593E-007   1.9943070729469412E-019   8.8220353647896863E-017   1.3137480810870343E-019  -6.4548499036252140E-007  -4.8604947468471613E-008   4.1856507495066919E-021   8.5312956653216476E-021   9.7209894937145283E-008  -6.8317519290471205E-020  -4.8604947468453832E-008  -9.3990734632110914E-020   3.3301090500432923E-017   2.1853691423423376E-020   1.1153016108161716E-004   1.6051763319538512E-004   3.3739324658084480E-008   1.0387137395473448E-021   1.4762265289474406E-020  -6.7478649315290097E-008  -7.7137899215870441E-021   3.3739324658073316E-008
   9.4228642580101120E-032  -2.2221577116492715E-018   2.9579808348739743E-031  -3.2455320762235156E-021   1.2700849910638582E-031  -3.3778366834802910E-018   4.0831513253382346E-031   1.3383425560481378E-020   1.0705583481471105E-031  -2.5371564076320739E-018   3.1459584627179806E-031  -1.9872185793783567E-020  -1.4963733642362585E-021  -9.9735884079308560E-035   3.1525243307331238E-034   2.9927467284683009E-021  -1.8129433146552564E-033  -1.4963733642372041E-021   3.5561075082434886E-032  -9.6839551250966925E-019   1.1979089895995701E-031   3.4336167621498272E-018   4.9417666989376890E-018   1.0387137395473448E-021   8.6369988776765851E-035   4.8041632771477574E-034  -2.0774274790729093E-021  -3.6002245170998645E-034   1.0387137395475165E-021
   9.1129037474919284E-032  -1.0597190976575916E-018   3.3079625192209686E-031  -4.6125706910738311E-020  -1.9851211006203976E-032  -1.6108478815382225E-018   7.3588837946605159E-032   1.9020608959263292E-019   1.3538428971401235E-031  -1.2099380187181154E-018   2.0557958827247104E-031  -2.8242475996989586E-019  -2.1266552789126775E-020   1.7223696915438185E-033   3.7578595709713976E-033   4.2533105578336985E-020  -2.9753123597004817E-032  -2.1266552789119709E-020  -2.2786027218407029E-032  -4.6181565480837136E-019   6.6367765264052559E-032   4.8798778349887145E-017   7.0232700532171672E-017   1.4762265289474406E-020   4.8041632771477574E-034   6.4714344153969001E-033  -2.9524530578566792E-020  -3.4335216551944031E-033   1.4762265289469769E-020
  -2.1847840585840541E-019   6.0917760990147685E-017  -8.9738980312455897E-019   2.1084165201043789E-007   3.8036468154861273E-019   9.6020827399821978E-017   5.7291929538461973E-019  -8.6943634771314819E-007  -3.9886141459398312E-019   6.9685457408331179E-017  -2.6274961624411094E-019   1.2909699807082290E-006   9.7209894935677136E-008  -8.3713014988821768E-021  -1.7062591330426171E-020  -1.9441978987175841E-007   1.3663503857913468E-019   9.7209894935641588E-008   1.8798146925804308E-019   2.7340578181691783E-017  -4.3707382857832986E-020  -2.2306032216032914E-004  -3.2103526638658901E-004  -6.7478649315290097E-008  -2.0774274790729093E-021  -2.9524530578566792E-020   1.3495729862882249E-007   1.5427579842985043E-020  -6.7478649315267783E-008
  -2.2969173735255669E-031   5.0064328768436162E-018  -7.3788424033798408E-031   2.4102263854330040E-020  -2.5585505072278922E-031   7.6101316014305597E-018  -8.7429376376514167E-031  -9.9389205393221273E-020  -2.7295555004824788E-031   5.7161124011473785E-018  -7.2969577914525185E-031   1.4757662352923032E-019   1.1112503220546034E-020  -4.4194103914903829E-034  -2.0690172357535499E-033  -2.2225006441114752E-020   1.4965313050175605E-032   1.1112503220545335E-020  -6.5147930161551248E-032   2.1817565450915107E-018  -2.7336473046174063E-031  -2.5499035360765107E-017  -3.6698994829570632E-017  -7.7137899215870441E-021  -3.6002245170998645E-034  -3.4335216551944031E-033   1.5427579842985043E-020   2.0396794508605040E-033  -7.7137899215856538E-021
   1.0923920292704287E-019   5.6271258622696778E-017   4.4869490155696912E-019  -1.0542082600655710E-007  -1.9018234078190606E-019   8.3825523929317183E-017  -2.8645964771222663E-019   4.3471817386209214E-007   1.9943070729558428E-019   6.4181713640276599E-017   1.3137480811160234E-019  -6.4548499036230794E-007  -4.8604947468455532E-008   4.1856507495031409E-021   8.5312956653193244E-021   9.7209894937113135E-008  -6.8317519290445867E-020  -4.8604947468437758E-008  -9.3990734631715472E-020   2.4125893007606512E-017   2.1853691424544749E-020   1.1153016108158027E-004   1.6051763319533202E-004   3.3739324658073316E-008   1.0387137395475165E-021   1.4762265289469769E-020  -6.7478649315267783E-008  -7.7137899215856538E-021   3.3739324658062159E-008
