   5.9969187467326256E-007   3.6069290441583338E-016   4.8540661302400232E-018  -2.1198523972850462E-017  -1.8086719564010784E-006   1.9965827315427884E-015  -9.8837586280258363E-018   5.4278528925661726E-017   2.2971341644261447E-019  -1.8048074177129510E-019   2.4405557353925503E-019  -2.1318445907304279E-018  -2.6379943005092137E-020   1.0001695447823697E-018   4.5581938539660380E-006   2.0125716523162810E-015   2.1240879988752547E-017  -7.6339384027126662E-017  -2.9156273063705660E-005   6.6838718158155165E-016  -1.3701143967037244E-016  -1.8430319568300533E-018   6.2765836918517241E-020   2.7436560559795683E-019   3.2548613120251701E-018   4.9226933834936372E-020  -1.8960377711736390E-018  -7.1754026990325113E-004  -5.1513395249427872E-016  -3.3572427738320110E-015  -1.2362664754304423E-015  -1.4072463930042083E-015  -5.1091756957035068E-004  -3.4328807840649531E-016  -2.3908544404498513E-015   2.5709326408869523E-015   1.4618955728986877E-015
   3.6069290441583338E-016   1.3693261269791720E-002  -2.0406780777504099E-015  -1.3206424099603739E-016   3.5692359988122685E-015   7.5815936954923668E-002  -1.1831511602556712E-014   4.1996513313916970E-016  -6.6512956667988470E-017   6.9159053063683546E-018  -4.0609468545796488E-018  -2.6816924776759713E-017  -1.4860207805288938E-017  -8.3818970308100054E-017   3.2426725519437022E-015   7.6329768905702602E-002  -1.1961794295960545E-014   2.4833300612931428E-016   1.1482272904725003E-015   2.5454442113042580E-002  -4.0984636170781453E-015  -4.1509695454990455E-017   4.3395656774426468E-018   1.6702718122197915E-018  -4.0801880267530872E-017  -7.2786909201628354E-018  -4.9308629267402794E-017  -7.5564739755365914E-016  -1.7881898250665960E-002   4.1614538966629331E-016   1.8478161182727855E-015   2.1812839101222146E-015  -4.9672297317299940E-016  -1.1818017428931004E-002   1.5281472264356544E-016  -2.5825569399132703E-015  -1.3730356450720515E-015
   4.8540661302400232E-018  -2.0406780777504099E-015   5.9969187468495659E-007  -4.3639686967195258E-017  -7.8063308123189113E-018  -1.1311751230537964E-014  -1.8086719564259941E-006   1.3185651002602713E-016   2.5441980166506016E-018   3.2630172996645299E-019  -1.1238671639263241E-019  -3.5730891008627298E-018  -3.8957491537665667E-019   3.4607077836980098E-018   1.4159387798529225E-017  -1.1380464488238939E-014   4.5581938540169193E-006  -2.2118306294977177E-016  -9.8586406267800483E-017  -3.8345463882200567E-015  -2.9156273063991937E-005  -3.7384615445547531E-018  -7.3630509793601357E-020  -4.1970279885192539E-020   9.9065694845960837E-018   3.4507134640469339E-019  -4.3938291678056969E-018  -2.4496336565501954E-015   1.5241468141583291E-015  -7.1754026991024944E-004  -3.8087495769819155E-015  -4.3343698469970403E-015  -1.7444669224391659E-015   9.4364716180050380E-016  -5.1091756957533140E-004   9.3472860837403954E-015   5.4122038206216602E-015
  -2.1198523972850462E-017  -1.3206424099603739E-016  -4.3639686967195258E-017   7.5608299599416102E-005   1.9135538475542001E-017  -8.7661795868304021E-016   4.3525802389419413E-017  -2.2962332775141087E-004  -3.5713178218886381E-006  -6.6505450594623041E-018   6.0907190784343870E-018   7.1426356440841732E-006   1.1098006659565291E-017  -3.5713178219064698E-006  -2.5192096715485845E-017  -8.5824759341936861E-016   1.9599231909953764E-018   3.7373265312167956E-004   3.0535290291393631E-016  -2.9601621774448823E-016  -8.3640624226163678E-017   7.8388921527451247E-006   7.4470840379903929E-018  -3.3399864447465047E-018  -1.5677784305441603E-005  -1.1702336451135621E-017   7.8388921527690669E-006   7.8923202650280404E-015  -2.9387303357345695E-016  -1.6875821692712321E-015   6.4159404229749539E-003   7.3661745172140733E-003   5.6156940664069433E-015  -2.1870174043468030E-016  -1.2113589790684876E-015  -3.5593101232986447E-003  -1.3526228046240245E-003
  -1.8086719564010784E-006   3.5692359988122685E-015  -7.8063308123189113E-018   1.9135538475542001E-017   5.4549584278660500E-006   1.9763064627546893E-014   9.1994573339776830E-018  -2.7671249406602466E-017   1.4263722813950675E-018   5.4433029711855424E-019  -7.3607212355312607E-019   2.1912709152373356E-018   7.9561963615980417E-020  -8.9732502350915329E-019  -1.3747522258826596E-005   1.9889537241646093E-014  -1.2121510075228915E-017   8.8698176456665022E-018   8.7935380935798683E-005   6.6458567882490641E-015   8.0988439828624229E-017   9.4319981421662480E-019  -1.8930189627704800E-019  -8.2748724403597755E-019  -5.8589167421096254E-019  -1.4846853606061603E-019   1.1030654618226906E-018   2.1641029644924978E-003  -4.3737738609890684E-015   1.9490155059722007E-015  -6.4399038805251346E-017  -8.8419554700666418E-017   1.5409284653355847E-003  -2.8734274962229946E-015   1.3888704474311945E-015  -1.4487473747288342E-015  -9.3286987633492614E-016
   1.9965827315427884E-015   7.5815936954923668E-002  -1.1311751230537964E-014  -8.7661795868304021E-016   1.9763064627546893E-014  0.41977554665037303       -6.5469061017943957E-014   2.7650356841201054E-015  -3.6138407280225287E-016   3.8824579761359952E-017  -2.2775228209109610E-017  -1.6138169459085942E-016  -8.3363098221831293E-017  -4.5875266700451294E-016   1.7951408027078443E-014  0.42262110579365597       -6.6338367678711748E-014   6.5642585514518961E-016   6.3848881053407499E-015  0.14088683424209372       -2.1960982392867440E-014  -2.4509576595233350E-016   2.4904600228118969E-017   9.7359653443306312E-018  -1.9526350816703625E-016  -4.1177352924681463E-017  -2.8963865885878501E-016  -3.5148429743780561E-015 -0.10058941914521888        2.0454721202681577E-014  -2.1703791876794991E-015  -2.1118353473561075E-015  -2.2740846227400271E-015  -6.6567077456808552E-002   1.3770936167842905E-014   1.1460129734610514E-015   4.6989214724918921E-016
  -9.8837586280258363E-018  -1.1831511602556712E-014  -1.8086719564259941E-006   4.3525802389419413E-017   9.1994573339776830E-018  -6.5469061017943957E-014   5.4549584279099704E-006  -1.3021027844115013E-016  -3.5033876671067892E-018  -9.8412670444928206E-019   3.3895857321559649E-019   2.4366064361724165E-018   1.1749587648459915E-018  -6.2675830537384300E-018  -6.5540212423546220E-018  -6.5936853748551135E-014  -1.3747522258901357E-005   2.3186138692160302E-016   6.6100413030023480E-017  -2.1860995847675606E-014   8.7935380936158720E-005   2.2262151324804339E-018   2.2206977251535070E-019   1.2658245248988000E-019  -1.1780248908071887E-017  -1.0407359071146226E-018   4.2028052637336168E-018   1.6973378769049761E-015   1.9177003562478424E-014   2.1641029645012170E-003   4.0365886686074860E-015   4.5817586176144523E-015   1.2092637813511108E-015   1.2881857645957278E-014   1.5409284653417859E-003  -1.1992063027336715E-014  -7.0648511344947758E-015
   5.4278528925661726E-017   4.1996513313916970E-016   1.3185651002602713E-016  -2.2962332775141087E-004  -2.7671249406602466E-017   2.7650356841201054E-015  -1.3021027844115013E-016   6.9736887145730375E-004   1.0846132326648634E-005   2.0193551666500488E-017  -1.8496247737600846E-017  -2.1692264654229370E-005  -3.3701758575349920E-017   1.0846132326702780E-005  -1.9681803430125605E-019   2.7095694911800366E-015  -1.0815848011830960E-017  -1.1350307051996263E-003  -4.3672940010455223E-016   9.6308649034481039E-016   2.8503304627509659E-016  -2.3806843371016306E-005  -2.2615587247498185E-017   1.0142357275881716E-017   4.7613686741884842E-005   3.5537208764263583E-017  -2.3806843371089008E-005  -1.1894644815444822E-014   1.8306252065598403E-015   5.8888195601579104E-015  -1.9485298756717586E-002  -2.2371197036379326E-002  -8.4574475127617893E-015   1.3379205456396528E-015   4.2226121014764477E-015   1.0805037646306883E-002   4.1049803241303799E-003
   2.2971341644261447E-019  -6.6512956667988470E-017   2.5441980166506016E-018  -3.5713178218886381E-006   1.4263722813950675E-018  -3.6138407280225287E-016  -3.5033876671067892E-018   1.0846132326648634E-005   1.6868976544986309E-007   3.1470996936490215E-019  -2.8787387572697348E-019  -3.3737953091421511E-007  -5.2461891031107602E-019   1.6868976545070663E-007  -4.6851411214060521E-018  -3.6497874523366839E-016   3.5387973713051646E-018  -1.7653052133081135E-005   2.3158123536005458E-017  -1.2134468106773113E-016  -1.9264433293868077E-017  -3.7026151265847220E-007  -3.5193527024720811E-019   1.5792844861182225E-019   7.4052302531465075E-007   5.5315144571862321E-019  -3.7026151265960463E-007   5.5210248031419540E-016   1.0587621541084707E-016  -4.9165942814130141E-016  -3.0305224864411891E-004  -3.4793255437826396E-004   3.9330540108340378E-016   7.0960090408828391E-017  -3.4961857015086113E-016   1.6875087800992942E-004   6.4291200085793554E-005
  -1.8048074177129510E-019   6.9159053063683546E-018   3.2630172996645299E-019  -6.6505450594623041E-018   5.4433029711855424E-019   3.8824579761359952E-017  -9.8412670444928206E-019   2.0193551666500488E-017   3.1470996936490215E-019   1.6251348799194800E-030  -9.4944462929863819E-031  -6.2941993874653975E-019  -1.8911755937257223E-030   3.1470996936800867E-019  -1.3718148313603381E-018   3.9195328460772917E-017   2.4801845794991232E-018  -3.2860209376046675E-017   8.7747491873726234E-018   4.1518555154565635E-018  -1.5864384263804133E-017  -6.8411329499806554E-019  -7.6820111031959053E-031   4.8259959126180421E-031   1.3682265899983948E-018   1.5276728467489344E-030  -6.8411329500267448E-019   2.1594789863855895E-016  -2.9818269024788012E-016  -3.9042488529402162E-016  -5.6276847055049963E-016  -6.4205037118109634E-016   1.5376360067026346E-016  -2.1319679115792556E-016  -2.7799824185630183E-016   1.0865689837358216E-015   6.1201408951945336E-016
   2.4405557353925503E-019  -4.0609468545796488E-018  -1.1238671639263241E-019   6.0907190784343870E-018  -7.3607212355312607E-019  -2.2775228209109610E-017   3.3895857321559649E-019  -1.8496247737600846E-017  -2.8787387572697348E-019  -9.4944462929863819E-031   7.1210344062731127E-031   5.7574775147486380E-019   1.2288233494648627E-030  -2.8787387572860320E-019   1.8550403337551801E-018  -2.2988304494393040E-017  -8.5423942117237582E-019   3.0102215735987775E-017  -1.1865678434907325E-017  -2.7997167919673386E-018   5.4641023667350899E-018   6.2976246226881875E-019   6.1906631558507472E-031  -2.6332539410787288E-031  -1.2595249245359486E-018  -1.0525955866247314E-030   6.2976246227159122E-019  -2.9201613279462502E-016   1.6307105683394912E-016   1.3447238192753169E-016   5.1634353321803508E-016   5.9152941653589342E-016  -2.0792724687477033E-016   1.1657340306825397E-016   9.5749751519886472E-017  -5.3154556935065668E-016  -2.6501551937920308E-016
  -2.1318445907304279E-018  -2.6816924776759713E-017  -3.5730891008627298E-018   7.1426356440841732E-006   2.1912709152373356E-018  -1.6138169459085942E-016   2.4366064361724165E-018  -2.1692264654229370E-005  -3.3737953091421511E-007  -6.2941993874653975E-019   5.7574775147486380E-019   6.7475906185740807E-007   1.0492378206598213E-018  -3.3737953091590219E-007  -3.3415864131193616E-018  -1.6001146083182088E-016   4.4400913198688480E-018   3.5306104267679435E-005   3.4994624198055931E-017  -6.8442230360068400E-017  -3.5143471766876167E-017   7.4052302534883033E-007   7.0387054052177656E-019  -3.1585689723539286E-019  -1.4810460506930733E-006  -1.1063028914780584E-018   7.4052302535109529E-007   8.9686782359783949E-016  -4.6807113762369785E-016  -8.2976848282533220E-016   6.0610449731430020E-004   6.9586510878650112E-004   6.3823360912745068E-016  -3.3726202662238811E-016  -5.9175406335670192E-016  -3.3750175602462293E-004  -1.2858240017090514E-004
  -2.6379943005092137E-020  -1.4860207805288938E-017  -3.8957491537665667E-019   1.1098006659565291E-017   7.9561963615980417E-020  -8.3363098221831293E-017   1.1749587648459915E-018  -3.3701758575349920E-017  -5.2461891031107602E-019  -1.8911755937257223E-030   1.2288233494648627E-030   1.0492378206598213E-018   2.6642520132118875E-030  -5.2461891031484275E-019  -2.0051112767475972E-019  -8.4147354395743916E-017  -2.9611173001662858E-018   5.4847926088441050E-017   1.2825600178665038E-018  -9.8891917695372376E-018   1.8940647840661641E-017   1.1467608968838730E-018   9.6142419470905446E-031  -8.0437592951494285E-031  -2.2935217937657360E-018  -1.9588361053780112E-030   1.1467608968896941E-018   3.1563995143653244E-017   6.0854503105762493E-016   4.6613219508653897E-016   9.4062188188018286E-016   1.0770296394813552E-015   2.2474835714656411E-017   4.3504753819698789E-016   3.3190489537850511E-016  -1.0745974863784135E-015  -5.5049333572579344E-016
   1.0001695447823697E-018  -8.3818970308100054E-017   3.4607077836980098E-018  -3.5713178219064698E-006  -8.9732502350915329E-019  -4.5875266700451294E-016  -6.2675830537384300E-018   1.0846132326702780E-005   1.6868976545070663E-007   3.1470996936800867E-019  -2.8787387572860320E-019  -3.3737953091590219E-007  -5.2461891031484275E-019   1.6868976545155017E-007   1.1710135760450441E-018  -4.6332013818953304E-016   1.0505090168542245E-017  -1.7653052133169250E-005  -1.4300495147789701E-017  -1.2820839826000078E-016  -6.3823998232151842E-017  -3.7026151266030899E-007  -3.5193527024994717E-019   1.5792844861308802E-019   7.4052302531832433E-007   5.5315144572353048E-019  -3.7026151266144148E-007  -3.6975976531120164E-016   9.6915647345069099E-016  -1.5882770302174079E-015  -3.0305224864562861E-004  -3.4793255437998822E-004  -2.6309764383155363E-016   6.8839226995584106E-016  -1.1304544667568114E-015   1.6875087801247816E-004   6.4291200087202108E-005
   4.5581938539660380E-006   3.2426725519437022E-015   1.4159387798529225E-017  -2.5192096715485845E-017  -1.3747522258826596E-005   1.7951408027078443E-014  -6.5540212423546220E-018  -1.9681803430125605E-019  -4.6851411214060521E-018  -1.3718148313603381E-018   1.8550403337551801E-018  -3.3415864131193616E-018  -2.0051112767475972E-019   1.1710135760450441E-018   3.4646344377525581E-005   1.8091996781806579E-014  -1.1363107462387601E-017   9.1441284859344169E-017  -2.2161371580355028E-004   5.9917924488159141E-015   6.3979435912694944E-017  -1.2127292379693006E-020   4.7707641903477851E-019   2.0854236483577133E-018  -3.2532703103680674E-018   3.7416866345261591E-019  -4.1501882269479549E-019  -5.4539469123675221E-003  -5.2347094935798377E-015   1.6857399841529565E-015   2.1100651327108527E-015   2.4416766950575897E-015  -3.8834298476491786E-003  -3.5182555780836976E-015   1.1975602741787282E-015  -7.4224136086813793E-016  -1.7030628568025005E-016
   2.0125716523162810E-015   7.6329768905702602E-002  -1.1380464488238939E-014  -8.5824759341936861E-016   1.9889537241646093E-014  0.42262110579365597       -6.5936853748551135E-014   2.7095694911800366E-015  -3.6497874523366839E-016   3.9195328460772917E-017  -2.2988304494393040E-017  -1.6001146083182088E-016  -8.4147354395743916E-017  -4.6332013818953304E-016   1.8091996781806579E-014  0.42548607319446830       -6.6729519618728752E-014   7.8110943481069556E-016   6.3095417886528828E-015  0.14183205986581499       -2.2476960326669839E-014  -2.4427032068693491E-016   2.5250565789645382E-017   9.9004968629148277E-018  -2.0153770043072455E-016  -4.1633524005687808E-017  -2.8939013143341187E-016  -6.4592713729285367E-015 -0.10159056883896143        1.1589809767492480E-014  -1.3318634446480503E-016   2.4303055098808450E-016  -4.3691269728986613E-015  -6.7247146661024243E-002   7.4535567105223846E-015   2.4119377773993432E-015   1.5674343014696565E-015
   2.1240879988752547E-017  -1.1961794295960545E-014   4.5581938540169193E-006   1.9599231909953764E-018  -1.2121510075228915E-017  -6.6338367678711748E-014  -1.3747522258901357E-005  -1.0815848011830960E-017   3.5387973713051646E-018   2.4801845794991232E-018  -8.5423942117237582E-019   4.4400913198688480E-018  -2.9611173001662858E-018   1.0505090168542245E-017  -1.1363107462387601E-017  -6.6729519618728752E-014   3.4646344377623457E-005  -3.2819787376407409E-017   1.1750669700853720E-017  -2.2387910711713212E-014  -2.2161371580387853E-004   5.8102997085081531E-018  -5.5965763644734286E-019  -3.1901161233299048E-019   6.8468831932258473E-018   2.6228504282377884E-018   8.2892043961297849E-019   1.1126878904989001E-016   1.2281265502082273E-014  -5.4539469123752442E-003  -7.4377123320211651E-016  -8.3805269600571501E-016   7.7486679893714400E-017   7.9301965101870263E-015  -3.8834298476546581E-003   2.7404966737894879E-015   1.6402845437256801E-015
  -7.6339384027126662E-017   2.4833300612931428E-016  -2.2118306294977177E-016   3.7373265312167956E-004   8.8698176456665022E-018   6.5642585514518961E-016   2.3186138692160302E-016  -1.1350307051996263E-003  -1.7653052133081135E-005  -3.2860209376046675E-017   3.0102215735987775E-017   3.5306104267679435E-005   5.4847926088441050E-017  -1.7653052133169250E-005   9.1441284859344169E-017   7.8110943481069556E-016  -3.2819787376407409E-017   1.8473648561289299E-003   1.2798463093503593E-016   2.1022931919333585E-016  -1.4123831968115705E-016   3.8747832887810166E-005   3.6806878438463016E-017  -1.6505690856028663E-017  -7.7495665775379762E-005  -5.7835432288181581E-017   3.8747832887928473E-005   5.0161475169287528E-015  -2.6853494408915495E-015  -1.6439096312556638E-015   3.1714093979437259E-002   3.6411193649733713E-002   3.5521301682758348E-015  -1.8989008403916233E-015  -1.2185665151266694E-015  -1.7578938645011619E-002  -6.6766144938716458E-003
  -2.9156273063705660E-005   1.1482272904725003E-015  -9.8586406267800483E-017   3.0535290291393631E-016   8.7935380935798683E-005   6.3848881053407499E-015   6.6100413030023480E-017  -4.3672940010455223E-016   2.3158123536005458E-017   8.7747491873726234E-018  -1.1865678434907325E-017   3.4994624198055931E-017   1.2825600178665038E-018  -1.4300495147789701E-017  -2.2161371580355028E-004   6.3095417886528828E-015   1.1750669700853720E-017   1.2798463093503593E-016   1.4175417324580764E-003   2.1676973152568288E-015  -1.9486892924328163E-017   1.5044763591191880E-017  -3.0515969243860806E-018  -1.3339314494517378E-017  -9.1249930102082537E-018  -2.3933522954931070E-018   1.7621840356551717E-017   3.4885915462674534E-002  -1.6514806641285748E-015  -1.1908385383473454E-015  -1.2548239581049335E-015  -1.5511363377802650E-015   2.4840176765033202E-002  -1.0814948678528282E-015  -8.3030658764503020E-016   1.8502414952943231E-016  -7.1556420798475556E-017
   6.6838718158155165E-016   2.5454442113042580E-002  -3.8345463882200567E-015  -2.9601621774448823E-016   6.6458567882490641E-015  0.14088683424209372       -2.1860995847675606E-014   9.6308649034481039E-016  -1.2134468106773113E-016   4.1518555154565635E-018  -2.7997167919673386E-018  -6.8442230360068400E-017  -9.8891917695372376E-018  -1.2820839826000078E-016   5.9917924488159141E-015  0.14183205986581499       -2.2387910711713212E-014   2.1022931919333585E-016   2.1676973152568288E-015   4.8094998856007036E-002  -7.1887550319134569E-015  -7.8291656954009889E-017  -6.2629930461378020E-018  -4.8654486020233359E-018  -7.5389900721310508E-017   7.9291027693107627E-019  -7.0544848898059563E-017  -4.7503787088026564E-016  -7.4067238776572772E-003   8.7780130657325318E-015   4.4431706381982743E-016   5.6190661604150378E-016  -2.5816730081547091E-016  -3.4539281077277193E-003   5.9695309119011071E-015  -2.2429565695259292E-015  -1.3563849425855177E-015
  -1.3701143967037244E-016  -4.0984636170781453E-015  -2.9156273063991937E-005  -8.3640624226163678E-017   8.0988439828624229E-017  -2.1960982392867440E-014   8.7935380936158720E-005   2.8503304627509659E-016  -1.9264433293868077E-017  -1.5864384263804133E-017   5.4641023667350899E-018  -3.5143471766876167E-017   1.8940647840661641E-017  -6.3823998232151842E-017   6.3979435912694944E-017  -2.2476960326669839E-014  -2.2161371580387853E-004  -1.4123831968115705E-016  -1.9486892924328163E-017  -7.1887550319134569E-015   1.4175417324582711E-003  -4.4417434056817615E-017   3.5798238058923193E-018   2.0405428065727026E-018  -2.9291517693891597E-017  -1.6776939669660734E-017  -1.2554275347350326E-017   6.5846139033877010E-016   8.6750375847480097E-015   3.4885915462677046E-002  -1.2411544786108744E-015  -1.4363019360461094E-015   4.7998900725346452E-016   5.9193447738206825E-015   2.4840176765034871E-002   2.9757967558798562E-015   1.7168499448723446E-015
  -1.8430319568300533E-018  -4.1509695454990455E-017  -3.7384615445547531E-018   7.8388921527451247E-006   9.4319981421662480E-019  -2.4509576595233350E-016   2.2262151324804339E-018  -2.3806843371016306E-005  -3.7026151265847220E-007  -6.8411329499806554E-019   6.2976246226881875E-019   7.4052302534883033E-007   1.1467608968838730E-018  -3.7026151266030899E-007  -1.2127292379693006E-020  -2.4427032068693491E-016   5.8102997085081531E-018   3.8747832887810166E-005   1.5044763591191880E-017  -7.8291656954009889E-017  -4.4417434056817615E-017   8.1275927340491133E-007   7.7044152371525963E-019  -3.4472348831270514E-019  -1.6255185468047398E-006  -1.2095352939055874E-018   8.1275927340737906E-007   4.0949437007526229E-016   1.4214300479782257E-016  -1.0550775801704646E-015   6.6520180666751103E-004   7.6375269419521360E-004   2.9116024856515676E-016   9.8993153259299681E-017  -7.5223828802182408E-016  -3.6311655013242434E-004  -1.3647319212866676E-004
   6.2765836918517241E-020   4.3395656774426468E-018  -7.3630509793601357E-020   7.4470840379903929E-018  -1.8930189627704800E-019   2.4904600228118969E-017   2.2206977251535070E-019  -2.2615587247498185E-017  -3.5193527024720811E-019  -7.6820111031959053E-031   6.1906631558507472E-031   7.0387054052177656E-019   9.6142419470905446E-031  -3.5193527024994717E-019   4.7707641903477851E-019   2.5250565789645382E-017  -5.5965763644734286E-019   3.6806878438463016E-017  -3.0515969243860806E-018  -6.2629930461378020E-018   3.5798238058923193E-018   7.7044152371525963E-019   1.0809755005027611E-030  -2.1027727698768801E-031  -1.5408830474276504E-018  -1.6060560717627917E-030   7.7044152371786561E-019  -7.5100259761420192E-017  -4.8170330640172942E-016   8.8100002845950972E-017   6.3145733681061080E-016   7.2373307527417548E-016  -5.3474409452420730E-017  -3.4490942912850313E-016   6.2730750065444812E-017  -5.8761817192141333E-016  -2.8432213453047464E-016
   2.7436560559795683E-019   1.6702718122197915E-018  -4.1970279885192539E-020  -3.3399864447465047E-018  -8.2748724403597755E-019   9.7359653443306312E-018   1.2658245248988000E-019   1.0142357275881716E-017   1.5792844861182225E-019   4.8259959126180421E-031  -2.6332539410787288E-031  -3.1585689723539286E-019  -8.0437592951494285E-031   1.5792844861308802E-019   2.0854236483577133E-018   9.9004968629148277E-018  -3.1901161233299048E-019  -1.6505690856028663E-017  -1.3339314494517378E-017  -4.8654486020233359E-018   2.0405428065727026E-018  -3.4472348831270514E-019  -2.1027727698768801E-031   4.1682716053490971E-031   6.8944697662437894E-019   5.0888175992888181E-031  -3.4472348831452124E-019  -3.2828253809419880E-016  -2.6695502920503426E-016   5.0218065696477919E-017  -2.8296699100493000E-016  -3.2370200486940230E-016  -2.3375038799995054E-016  -1.9119878530885653E-016   3.5757285201050960E-017   3.8048441670645150E-016   2.0205703785673704E-016
   3.2548613120251701E-018  -4.0801880267530872E-017   9.9065694845960837E-018  -1.5677784305441603E-005  -5.8589167421096254E-019  -1.9526350816703625E-016  -1.1780248908071887E-017   4.7613686741884842E-005   7.4052302531465075E-007   1.3682265899983948E-018  -1.2595249245359486E-018  -1.4810460506930733E-006  -2.2935217937657360E-018   7.4052302531832433E-007  -3.2532703103680674E-018  -2.0153770043072455E-016   6.8468831932258473E-018  -7.7495665775379762E-005  -9.1249930102082537E-018  -7.5389900721310508E-017  -2.9291517693891597E-017  -1.6255185468047398E-006  -1.5408830474276504E-018   6.8944697662437894E-019   3.2510370935993140E-006   2.4190705878085922E-018  -1.6255185468096753E-006  -3.0304839772592528E-016  -1.8243488735299426E-016  -7.9695297964166281E-016  -1.3304036133308826E-003  -1.5275053883856450E-003  -2.1495019493054073E-016  -1.3401207600666893E-016  -5.6550149718467903E-016   7.2623310026817176E-004   2.7294638426004114E-004
   4.9226933834936372E-020  -7.2786909201628354E-018   3.4507134640469339E-019  -1.1702336451135621E-017  -1.4846853606061603E-019  -4.1177352924681463E-017  -1.0407359071146226E-018   3.5537208764263583E-017   5.5315144571862321E-019   1.5276728467489344E-030  -1.0525955866247314E-030  -1.1063028914780584E-018  -1.9588361053780112E-030   5.5315144572353048E-019   3.7416866345261591E-019  -4.1633524005687808E-017   2.6228504282377884E-018  -5.7835432288181581E-017  -2.3933522954931070E-018   7.9291027693107627E-019  -1.6776939669660734E-017  -1.2095352939055874E-018  -1.6060560717627917E-030   5.0888175992888181E-031   2.4190705878085922E-018   2.6200829633779065E-030  -1.2095352939105817E-018  -5.8900760338288286E-017   4.8532440456228274E-016  -4.1288301122783455E-016  -9.9193868071548830E-016  -1.1360362729416324E-015  -4.1939713462969274E-017   3.4729047732608327E-016  -2.9398933197415167E-016   1.0860155580849104E-015   5.5044875581929755E-016
  -1.8960377711736390E-018  -4.9308629267402794E-017  -4.3938291678056969E-018   7.8388921527690669E-006   1.1030654618226906E-018  -2.8963865885878501E-016   4.2028052637336168E-018  -2.3806843371089008E-005  -3.7026151265960463E-007  -6.8411329500267448E-019   6.2976246227159122E-019   7.4052302535109529E-007   1.1467608968896941E-018  -3.7026151266144148E-007  -4.1501882269479549E-019  -2.8939013143341187E-016   8.2892043961297849E-019   3.8747832887928473E-005   1.7621840356551717E-017  -7.0544848898059563E-017  -1.2554275347350326E-017   8.1275927340737906E-007   7.7044152371786561E-019  -3.4472348831452124E-019  -1.6255185468096753E-006  -1.2095352939105817E-018   8.1275927340984678E-007   4.7291661727884464E-016   8.9128145937364414E-016  -2.7092044697280701E-016   6.6520180666953849E-004   7.6375269419753033E-004   3.3631944276942663E-016   6.3531512616795100E-016  -1.9388682893422573E-016  -3.6311655013563933E-004  -1.3647319213042593E-004
  -7.1754026990325113E-004  -7.5564739755365914E-016  -2.4496336565501954E-015   7.8923202650280404E-015   2.1641029644924978E-003  -3.5148429743780561E-015   1.6973378769049761E-015  -1.1894644815444822E-014   5.5210248031419540E-016   2.1594789863855895E-016  -2.9201613279462502E-016   8.9686782359783949E-016   3.1563995143653244E-017  -3.6975976531120164E-016  -5.4539469123675221E-003  -6.4592713729285367E-015   1.1126878904989001E-016   5.0161475169287528E-015   3.4885915462674534E-002  -4.7503787088026564E-016   6.5846139033877010E-016   4.0949437007526229E-016  -7.5100259761420192E-017  -3.2828253809419880E-016  -3.0304839772592528E-016  -5.8900760338288286E-017   4.7291661727884464E-016  0.85854763200410222        9.4098824242614768E-016  -1.2994705138300947E-015   1.1843991516916866E-015  -1.2849121337430438E-015  0.61132049015598855        1.0730782166592332E-015  -4.9165858016623286E-016   8.2930108721088493E-016   4.3977690428845060E-016
  -5.1513395249427872E-016  -1.7881898250665960E-002   1.5241468141583291E-015  -2.9387303357345695E-016  -4.3737738609890684E-015 -0.10058941914521888        1.9177003562478424E-014   1.8306252065598403E-015   1.0587621541084707E-016  -2.9818269024788012E-016   1.6307105683394912E-016  -4.6807113762369785E-016   6.0854503105762493E-016   9.6915647345069099E-016  -5.2347094935798377E-015 -0.10159056883896143        1.2281265502082273E-014  -2.6853494408915495E-015  -1.6514806641285748E-015  -7.4067238776572772E-003   8.6750375847480097E-015   1.4214300479782257E-016  -4.8170330640172942E-016  -2.6695502920503426E-016  -1.8243488735299426E-016   4.8532440456228274E-016   8.9128145937364414E-016   9.4098824242614768E-016  0.88155606135713971       -4.3156850227303153E-015   1.0249036702198150E-015  -1.0317347955282454E-015   7.2412580238228870E-016  0.63048807084922864       -3.3512900166745214E-015   1.2367395549649179E-015   6.8622086921591257E-016
  -3.3572427738320110E-015   4.1614538966629331E-016  -7.1754026991024944E-004  -1.6875821692712321E-015   1.9490155059722007E-015   2.0454721202681577E-014   2.1641029645012170E-003   5.8888195601579104E-015  -4.9165942814130141E-016  -3.9042488529402162E-016   1.3447238192753169E-016  -8.2976848282533220E-016   4.6613219508653897E-016  -1.5882770302174079E-015   1.6857399841529565E-015   1.1589809767492480E-014  -5.4539469123752442E-003  -1.6439096312556638E-015  -1.1908385383473454E-015   8.7780130657325318E-015   3.4885915462677046E-002  -1.0550775801704646E-015   8.8100002845950972E-017   5.0218065696477919E-017  -7.9695297964166281E-016  -4.1288301122783455E-016  -2.7092044697280701E-016  -1.2994705138300947E-015  -4.3156850227303153E-015  0.85854763200410789        8.0407489741707087E-016   3.3995962644958085E-016  -6.5114471973879386E-016  -3.0451401389943467E-015  0.61132049015598966       -2.1273645768732771E-015  -1.2919759048203842E-015
  -1.2362664754304423E-015   1.8478161182727855E-015  -3.8087495769819155E-015   6.4159404229749539E-003  -6.4399038805251346E-017  -2.1703791876794991E-015   4.0365886686074860E-015  -1.9485298756717586E-002  -3.0305224864411891E-004  -5.6276847055049963E-016   5.1634353321803508E-016   6.0610449731430020E-004   9.4062188188018286E-016  -3.0305224864562861E-004   2.1100651327108527E-015  -1.3318634446480503E-016  -7.4377123320211651E-016   3.1714093979437259E-002  -1.2548239581049335E-015   4.4431706381982743E-016  -1.2411544786108744E-015   6.6520180666751103E-004   6.3145733681061080E-016  -2.8296699100493000E-016  -1.3304036133308826E-003  -9.9193868071548830E-016   6.6520180666953849E-004   1.1843991516916866E-015   1.0249036702198150E-015   8.0407489741707087E-016  0.54444497343261555       0.62508919100319105        5.0587180107244136E-016   9.9544645071412726E-016  -2.4500424975292744E-016 -0.30030585403219689      -0.11367842612388306     
  -1.4072463930042083E-015   2.1812839101222146E-015  -4.3343698469970403E-015   7.3661745172140733E-003  -8.8419554700666418E-017  -2.1118353473561075E-015   4.5817586176144523E-015  -2.2371197036379326E-002  -3.4793255437826396E-004  -6.4205037118109634E-016   5.9152941653589342E-016   6.9586510878650112E-004   1.0770296394813552E-015  -3.4793255437998822E-004   2.4416766950575897E-015   2.4303055098808450E-016  -8.3805269600571501E-016   3.6411193649733713E-002  -1.5511363377802650E-015   5.6190661604150378E-016  -1.4363019360461094E-015   7.6375269419521360E-004   7.2373307527417548E-016  -3.2370200486940230E-016  -1.5275053883856450E-003  -1.1360362729416324E-015   7.6375269419753033E-004  -1.2849121337430438E-015  -1.0317347955282454E-015   3.3995962644958085E-016  0.62508919100319105       0.71770196561806898       -1.3069566373778445E-015  -4.4472948054591938E-016  -6.7510056413756151E-016 -0.34033552795387118      -0.12768007661606970     
  -5.1091756957035068E-004  -4.9672297317299940E-016  -1.7444669224391659E-015   5.6156940664069433E-015   1.5409284653355847E-003  -2.2740846227400271E-015   1.2092637813511108E-015  -8.4574475127617893E-015   3.9330540108340378E-016   1.5376360067026346E-016  -2.0792724687477033E-016   6.3823360912745068E-016   2.2474835714656411E-017  -2.6309764383155363E-016  -3.8834298476491786E-003  -4.3691269728986613E-015   7.7486679893714400E-017   3.5521301682758348E-015   2.4840176765033202E-002  -2.5816730081547091E-016   4.7998900725346452E-016   2.9116024856515676E-016  -5.3474409452420730E-017  -2.3375038799995054E-016  -2.1495019493054073E-016  -4.1939713462969274E-017   3.3631944276942663E-016  0.61132049015598855        7.2412580238228870E-016  -6.5114471973879386E-016   5.0587180107244136E-016  -1.3069566373778445E-015  0.43528480861592134        8.0586086462151172E-016  -1.5491893791987923E-016  -9.7864767578679600E-017  -1.7356716025891534E-016
  -3.4328807840649531E-016  -1.1818017428931004E-002   9.4364716180050380E-016  -2.1870174043468030E-016  -2.8734274962229946E-015  -6.6567077456808552E-002   1.2881857645957278E-014   1.3379205456396528E-015   7.0960090408828391E-017  -2.1319679115792556E-016   1.1657340306825397E-016  -3.3726202662238811E-016   4.3504753819698789E-016   6.8839226995584106E-016  -3.5182555780836976E-015  -6.7247146661024243E-002   7.9301965101870263E-015  -1.8989008403916233E-015  -1.0814948678528282E-015  -3.4539281077277193E-003   5.9193447738206825E-015   9.8993153259299681E-017  -3.4490942912850313E-016  -1.9119878530885653E-016  -1.3401207600666893E-016   3.4729047732608327E-016   6.3531512616795100E-016   1.0730782166592332E-015  0.63048807084922864       -3.0451401389943467E-015   9.9544645071412726E-016  -4.4472948054591938E-016   8.0586086462151172E-016  0.45099522118503338       -2.3782017671264585E-015  -1.1294376170219088E-015  -7.5465027966897138E-016
  -2.3908544404498513E-015   1.5281472264356544E-016  -5.1091756957533140E-004  -1.2113589790684876E-015   1.3888704474311945E-015   1.3770936167842905E-014   1.5409284653417859E-003   4.2226121014764477E-015  -3.4961857015086113E-016  -2.7799824185630183E-016   9.5749751519886472E-017  -5.9175406335670192E-016   3.3190489537850511E-016  -1.1304544667568114E-015   1.1975602741787282E-015   7.4535567105223846E-015  -3.8834298476546581E-003  -1.2185665151266694E-015  -8.3030658764503020E-016   5.9695309119011071E-015   2.4840176765034871E-002  -7.5223828802182408E-016   6.2730750065444812E-017   3.5757285201050960E-017  -5.6550149718467903E-016  -2.9398933197415167E-016  -1.9388682893422573E-016  -4.9165858016623286E-016  -3.3512900166745214E-015  0.61132049015598966       -2.4500424975292744E-016  -6.7510056413756151E-016  -1.5491893791987923E-016  -2.3782017671264585E-015  0.43528480861592000        3.0236457129242527E-015   1.8550002143485669E-015
   2.5709326408869523E-015  -2.5825569399132703E-015   9.3472860837403954E-015  -3.5593101232986447E-003  -1.4487473747288342E-015   1.1460129734610514E-015  -1.1992063027336715E-014   1.0805037646306883E-002   1.6875087800992942E-004   1.0865689837358216E-015  -5.3154556935065668E-016  -3.3750175602462293E-004  -1.0745974863784135E-015   1.6875087801247816E-004  -7.4224136086813793E-016   2.4119377773993432E-015   2.7404966737894879E-015  -1.7578938645011619E-002   1.8502414952943231E-016  -2.2429565695259292E-015   2.9757967558798562E-015  -3.6311655013242434E-004  -5.8761817192141333E-016   3.8048441670645150E-016   7.2623310026817176E-004   1.0860155580849104E-015  -3.6311655013563933E-004   8.2930108721088493E-016   1.2367395549649179E-015  -2.1273645768732771E-015 -0.30030585403219689      -0.34033552795387118       -9.7864767578679600E-017  -1.1294376170219088E-015   3.0236457129242527E-015   1.0133461121754372       0.60279700636666467     
   1.4618955728986877E-015  -1.3730356450720515E-015   5.4122038206216602E-015  -1.3526228046240245E-003  -9.3286987633492614E-016   4.6989214724918921E-016  -7.0648511344947758E-015   4.1049803241303799E-003   6.4291200085793554E-005   6.1201408951945336E-016  -2.6501551937920308E-016  -1.2858240017090514E-004  -5.5049333572579344E-016   6.4291200087202108E-005  -1.7030628568025005E-016   1.5674343014696565E-015   1.6402845437256801E-015  -6.6766144938716458E-003  -7.1556420798475556E-017  -1.3563849425855177E-015   1.7168499448723446E-015  -1.3647319212866676E-004  -2.8432213453047464E-016   2.0205703785673704E-016   2.7294638426004114E-004   5.5044875581929755E-016  -1.3647319213042593E-004   4.3977690428845060E-016   6.8622086921591257E-016  -1.2919759048203842E-015 -0.11367842612388306      -0.12768007661606970       -1.7356716025891534E-016  -7.5465027966897138E-016   1.8550002143485669E-015  0.60279700636666467       0.36784400218834090     
