   1.4732161966374535E-002  -1.1929499983128696E-016  -8.0202276053120925E-009  -4.6427231986972535E-009   5.2264742985428915E-002  -2.4846165850390542E-016  -1.2917146668700058E-008   1.9769233215950634E-008  -8.6701488741752171E-010   3.4143942574837944E-017  -4.6577918441060859E-010   4.9320976205545145E-010   4.5245044941974660E-018   3.7380548161645123E-010   5.2615564013607015E-002  -2.0760098575506416E-016  -1.3671295176850884E-008   2.2968934471053138E-008  -8.4927367369232344E-010  -1.1080843911640546E-017  -4.5748087594591053E-010   4.8340878328966176E-010  -1.4438991492057290E-018   3.6586506338834904E-010   3.3348375041882823E-002  -1.3584119355785046E-016  -8.4163596191690847E-009  -7.8002552376392613E-009  -4.6564999521549132E-009
  -1.1929499983128696E-016   1.4732190215988834E-002  -5.0375130297226859E-018   1.6305543931948617E-016  -7.6958676102414615E-017   5.2264788483443209E-002  -1.5842164696718554E-016   1.1799946983925445E-018  -1.8167155675586675E-017   6.9959535572029069E-011   1.8927002847778777E-018  -4.0928548547933282E-018   1.9861840232357460E-011  -9.1936928090990007E-018  -1.5353581186449185E-016   5.2615612167954032E-002  -1.3582960879671442E-016   3.4465936220405733E-016  -6.1846526647690891E-018   7.2533808992322991E-011   1.2311361910117723E-019  -8.5799364390355350E-018   2.0592739776818931E-011  -8.6788174215002282E-018  -7.2950351335431830E-017   3.3348404686792260E-002  -7.6457678185801738E-017  -4.9344434451023452E-016  -5.3107987744925057E-016
  -8.0202276053120925E-009  -5.0375130297226859E-018   1.4732187939001945E-002  -1.3180958904869669E-009  -1.2917147750136687E-008   4.1428411476679093E-017   5.2264784816193510E-002   5.6125968626929377E-009  -2.8055231291308360E-010   1.2722674630702147E-017  -6.7916729058725444E-011   1.4002511237857286E-010   5.1055740193314729E-018   1.4052726052922199E-010  -1.3671296089734810E-008   1.4787911405898990E-016   5.2615608286598219E-002   6.5210099216013014E-009  -2.7678137575205408E-010  -4.3397095064461577E-018  -6.3194031064775865E-011   1.3724251683551243E-010   1.0822893611629818E-018   1.3953886193138779E-010  -8.4163602688120944E-009   7.4148827808592410E-017   3.3348402297341276E-002  -2.2145358087301709E-009  -1.3220058522612448E-009
  -4.6427231986972535E-009   1.6305543931948617E-016  -1.3180958904869669E-009   4.9249545268187348E-005  -1.5563805115652847E-008   5.8309543560592858E-016  -4.4186541561070028E-009  -4.7826912195167211E-003   2.2397682494264522E-011   2.5029864941689491E-018   1.1476406527337030E-011  -1.2609929530028114E-011  -9.1431989083487519E-019  -9.7882264881732476E-012  -1.6036399941903953E-008   5.9031219698098644E-016  -4.5528265271400999E-009  -6.3828953012619351E-003   7.2754065018311266E-012  -1.0933495959155645E-018   3.7278844426611961E-012  -4.0961221855341384E-012   9.6959186520896673E-019  -3.1795698732894982E-012  -1.0074884568371238E-008   3.7330724427975338E-016  -2.8603179133351239E-009   2.0284660884245130E-003   1.1467955069439924E-003
   5.2264742985428915E-002  -7.6958676102414615E-017  -1.2917147750136687E-008  -1.5563805115652847E-008  0.18541768448977036        3.4695354794205832E-016   9.2904600311330932E-009  -1.7990850248941412E-008  -3.0758763470082722E-009   1.2113125521917611E-016  -1.6524273460908015E-009   1.7497418411606936E-009   1.6051406710101283E-017   1.3261357697094471E-009  0.18666227920121567        5.0015922883672132E-016   6.9849564810691440E-009  -3.6118105643060760E-008  -3.0129367773093629E-009  -3.9311119368969201E-017  -1.6229878834345230E-009   1.7149714271025814E-009  -5.1224471689702603E-018   1.2979659638965598E-009  0.11830878960767302        3.0188955526478535E-016   5.3093499837075831E-009   1.1735152345886466E-008   7.0303011390682440E-009
  -2.4846165850390542E-016   5.2264788483443209E-002   4.1428411476679093E-017   5.8309543560592858E-016   3.4695354794205832E-016  0.18541765176602498       -3.5165032626634948E-016  -4.9152038603761466E-016  -6.4450883891571868E-017   2.4819258205773850E-010   6.7146508099816999E-018  -1.4520048669262934E-017   7.0463037974454288E-011  -3.2616083894707612E-017   7.9445456829260594E-017  0.18666225459813074       -2.7008936465816476E-016   5.6794273414671254E-016  -2.1941049144400868E-017   2.5732522654831745E-010   4.3676011745500177E-019  -3.0438683895749606E-017   7.3056020384664079E-011  -3.0789481137167072E-017   1.3678329162384478E-016  0.11830877090657195       -1.3701213968738871E-016   5.7688069342409059E-016   7.5608573264756048E-016
  -1.2917146668700058E-008  -1.5842164696718554E-016   5.2264784816193510E-002  -4.4186541561070028E-009   9.2904600311330932E-009  -3.5165032626634948E-016  0.18541765440363572       -5.1077023588220057E-009  -9.9530484325406227E-010   4.5135764241085743E-017  -2.4094585244299372E-010   4.9676185832352768E-010   1.8112837791817605E-017   4.9854319776926667E-010   6.9849571047939126E-009   2.2653588257013441E-017  0.18666225658119914       -1.0254132591332078E-008  -9.8192690292999944E-010  -1.5395828862817291E-017  -2.2419136030492965E-010   4.8689019126806879E-010   3.8395975450741151E-018   4.9503672235630871E-010   5.3093501269833617E-009  -5.5100538571158583E-017  0.11830877241392529        3.3316751770025190E-009   1.9959415019638162E-009
   1.9769233215950634E-008   1.1799946983925445E-018   5.6125968626929377E-009  -4.7826912195167211E-003  -1.7990850248941412E-008  -4.9152038603761466E-016  -5.1077023588220057E-009  0.46466178688919391       -2.1765087406727722E-009  -2.3888421232247063E-016  -1.1152268494738161E-009   1.2253774494437826E-009   8.2145398999720604E-017   9.5117675294866936E-010   1.7655554838184298E-008  -7.8156111363060641E-016   5.0125150687097667E-009  0.62009882968476371       -7.0913122642993295E-010   9.9645884140911409E-017  -3.6335540313704624E-010   3.9924713289713995E-010  -9.7214535430524688E-017   3.0991113783263070E-010   2.5129406599013263E-009  -4.2386460081627600E-016   7.1344088151619845E-010 -0.20664208270384049      -0.12280944793351004     
  -8.6701488741752171E-010  -1.8167155675586675E-017  -2.8055231291308360E-010   2.2397682494264522E-011  -3.0758763470082722E-009  -6.4450883891571868E-017  -9.9530484325406227E-010  -2.1765087406727722E-009   6.6564211953052015E-017  -1.2291970555364722E-024   3.3929734245827382E-017  -3.7433283432055066E-017  -7.5695886712412638E-025  -2.9131162290156730E-017  -3.0965229652279386E-009  -6.4883509139323567E-017  -1.0019857610745247E-009  -2.9045142885531658E-009   5.8579316821358020E-017   1.9413831258983706E-025   2.9831821113412150E-017  -3.2936266467761151E-017   5.0145989315492324E-025  -2.5643185615658363E-017  -1.9626133296309743E-009  -4.1123944294788742E-017  -6.3507057139589315E-010   9.9055416204446827E-010   6.0219512722949768E-010
   3.4143942574837944E-017   6.9959535572029069E-011   1.2722674630702147E-017   2.5029864941689491E-018   1.2113125521917611E-016   2.4819258205773850E-010   4.5135764241085743E-017  -2.3888421232247063E-016  -1.2291970555364722E-024   3.3222056908731903E-019  -5.6103708278396083E-025   6.2031721850080571E-025   9.4318977551015122E-020   4.5948025642593169E-025   1.2194431544385005E-016   2.4985855715554900E-010   4.5438728049573243E-017  -3.1942605381879529E-016  -1.9199522241616343E-024   3.4444515825370750E-019  -9.5195880785132561E-025   1.0198013200989086E-024   9.7789839108793290E-020   7.8879603216501092E-025   7.7289773084551636E-017   1.5836334379011879E-010   2.8799611512543334E-017  -9.1132981249160227E-017  -1.7190264649633879E-016
  -4.6577918441060859E-010   1.8927002847778777E-018  -6.7916729058725444E-011   1.1476406527337030E-011  -1.6524273460908015E-009   6.7146508099816999E-018  -2.4094585244299372E-010  -1.1152268494738161E-009   3.3929734245827382E-017  -5.6103708278396083E-025   1.7716344806869221E-017  -1.9180431005331075E-017  -3.5309126928649804E-025  -1.4749423234071556E-017  -1.6635191558532677E-009   6.7597212399134345E-018  -2.4256318677899083E-010  -1.4882514784723851E-009   2.9831819998457895E-017   1.4847436326475094E-025   1.5628789234866096E-017  -1.6876194832440148E-017   2.8028139415174807E-025  -1.2955694710878462E-017  -1.0543583576921119E-009   4.2843922866542575E-018  -1.5373945300596991E-010   5.0754797757634919E-010   3.0855482808093823E-010
   4.9320976205545145E-010  -4.0928548547933282E-018   1.4002511237857286E-010  -1.2609929530028114E-011   1.7497418411606936E-009  -1.4520048669262934E-017   4.9676185832352768E-010   1.2253774494437826E-009  -3.7433283432055066E-017   6.2031721850080571E-025  -1.9180431005331075E-017   2.1074649220194618E-017   4.0221858552909583E-025   1.6358765874837968E-017   1.7614868684016970E-009  -1.4617511743592394E-017   5.0009633968588322E-010   1.6352456304766507E-009  -3.2936245617388857E-017  -1.7833953042163735E-025  -1.6876184474204845E-017   1.8542827740588159E-017  -3.0415092838304792E-025   1.4393494086520079E-017   1.1164514671557388E-009  -9.2647540366055537E-018   3.1696704765567531E-010  -5.5766942075765143E-010  -3.3902008105253969E-010
   4.5245044941974660E-018   1.9861840232357460E-011   5.1055740193314729E-018  -9.1431989083487519E-019   1.6051406710101283E-017   7.0463037974454288E-011   1.8112837791817605E-017   8.2145398999720604E-017  -7.5695886712412638E-025   9.4318977551015122E-020  -3.5309126928649804E-025   4.0221858552909583E-025   2.6777600046934940E-020   3.1236023014873375E-025   1.6159155839843329E-017   7.0936016117508583E-011   1.8234420468002396E-017   1.1060690686297182E-016  -4.1602865415547374E-025   9.7789595744535707E-020  -1.8834204207581850E-025   2.1315272929633147E-025   2.7762993920005467E-020   1.7129696492351617E-025   1.0241865642212058E-017   4.4960095965514287E-011   1.1557193718577231E-017   2.7072837280824268E-016   3.4419434388297728E-016
   3.7380548161645123E-010  -9.1936928090990007E-018   1.4052726052922199E-010  -9.7882264881732476E-012   1.3261357697094471E-009  -3.2616083894707612E-017   4.9854319776926667E-010   9.5117675294866936E-010  -2.9131162290156730E-017   4.5948025642593169E-025  -1.4749423234071556E-017   1.6358765874837968E-017   3.1236023014873375E-025   1.2772498527376648E-017   1.3350373691751277E-009  -3.2835015503606446E-017   5.0188963565701316E-010   1.2693294073609190E-009  -2.5643156198699061E-017  -1.7063417425473840E-025  -1.2955680409930352E-017   1.4393486632522815E-017  -2.4127680398829255E-025   1.1249728622993409E-017   8.4616266890439473E-010  -2.0811225949024821E-017   3.1810365954585136E-010  -4.3287998167866940E-010  -2.6315731723014824E-010
   5.2615564013607015E-002  -1.5353581186449185E-016  -1.3671296089734810E-008  -1.6036399941903953E-008  0.18666227920121567        7.9445456829260594E-017   6.9849571047939126E-009   1.7655554838184298E-008  -3.0965229652279386E-009   1.2194431544385005E-016  -1.6635191558532677E-009   1.7614868684016970E-009   1.6159155839843329E-017   1.3350373691751277E-009  0.18791522811037703        2.3186822499134179E-016   4.6480848001410626E-009   1.1371027466797640E-008  -3.0331608082021639E-009  -3.9574983273163249E-017  -1.6338820265650594E-009   1.7264829985153625E-009  -5.1568386699904607E-018   1.3066784274979754E-009  0.11910292364223721        1.3174203899906042E-016   3.8341342239291659E-009  -4.1870079325789863E-009  -2.4885359408344866E-009
  -2.0760098575506416E-016   5.2615612167954032E-002   1.4787911405898990E-016   5.9031219698098644E-016   5.0015922883672132E-016  0.18666225459813074        2.2653588257013441E-017  -7.8156111363060641E-016  -6.4883509139323567E-017   2.4985855715554900E-010   6.7597212399134345E-018  -1.4617511743592394E-017   7.0936016117508583E-011  -3.2835015503606446E-017   2.3186822499134179E-016  0.18791521173844250        1.0729034524449462E-016   1.8407601349514111E-016  -2.2088331268928613E-017   2.5905250387431032E-010   4.3969009217712540E-019  -3.0642999049649720E-017   7.3546403738174924E-011  -3.0996151308183436E-017   2.3397082771958464E-016  0.11910291013728057        1.0240502774491952E-016  -8.6093298220654239E-016  -1.0317664881814991E-015
  -1.3671295176850884E-008  -1.3582960879671442E-016   5.2615608286598219E-002  -4.5528265271400999E-009   6.9849564810691440E-009  -2.7008936465816476E-016  0.18666225658119914        5.0125150687097667E-009  -1.0019857610745247E-009   4.5438728049573243E-017  -2.4256318677899083E-010   5.0009633968588322E-010   1.8234420468002396E-017   5.0188963565701316E-010   4.6480848001410626E-009   1.0729034524449462E-016  0.18791521305806286        3.2283027724879378E-009  -9.8851799106521461E-010  -1.5499169438299941E-017  -2.2569621530946023E-010   4.9015839219455375E-010   3.8653685227823363E-018   4.9835960963740532E-010   3.8341339701885310E-009  -1.9229833814489594E-018  0.11910291122581373       -1.1887165757671763E-009  -7.0651028006356498E-010
   2.2968934471053138E-008   3.4465936220405733E-016   6.5210099216013014E-009  -6.3828953012619351E-003  -3.6118105643060760E-008   5.6794273414671254E-016  -1.0254132591332078E-008  0.62009882968476371       -2.9045142885531658E-009  -3.1942605381879529E-016  -1.4882514784723851E-009   1.6352456304766507E-009   1.1060690686297182E-016   1.2693294073609190E-009   1.1371027466797640E-008   1.8407601349514111E-016   3.2283027724879378E-009  0.82753662676574302       -9.4600656498494885E-010   1.3394597814187425E-016  -4.8472919868459329E-010   5.3261009676571420E-010  -1.2929142940045700E-016   4.1343266200966694E-010  -4.3710354800746952E-009   2.1356688370684066E-016  -1.2409582541905744E-009 -0.27436124117141386      -0.16221684100856726     
  -8.4927367369232344E-010  -6.1846526647690891E-018  -2.7678137575205408E-010   7.2754065018311266E-012  -3.0129367773093629E-009  -2.1941049144400868E-017  -9.8192690292999944E-010  -7.0913122642993295E-010   5.8579316821358020E-017  -1.9199522241616343E-024   2.9831819998457895E-017  -3.2936245617388857E-017  -4.1602865415547374E-025  -2.5643156198699061E-017  -3.0331608082021639E-009  -2.2088331268928613E-017  -9.8851799106521461E-010  -9.4600656498494885E-010   5.5266651300795371E-017   6.1103299961319474E-025   2.8127676675411843E-017  -3.1069626253453218E-017   2.3617321977048654E-025  -2.4197068568035697E-017  -1.9224536623681489E-009  -1.3999848091048899E-017  -6.2653454501315081E-010   4.2186208006682274E-010   3.1425060479259582E-010
  -1.1080843911640546E-017   7.2533808992322991E-011  -4.3397095064461577E-018  -1.0933495959155645E-018  -3.9311119368969201E-017   2.5732522654831745E-010  -1.5395828862817291E-017   9.9645884140911409E-017   1.9413831258983706E-025   3.4444515825370750E-019   1.4847436326475094E-025  -1.7833953042163735E-025   9.7789595744535707E-020  -1.7063417425473840E-025  -3.9574983273163249E-017   2.5905250387431032E-010  -1.5499169438299941E-017   1.3394597814187425E-016   6.1103299961319474E-025   3.5711957080410152E-019   3.2291897837897529E-025  -4.0187203000558760E-025   1.0138817322494421E-019  -3.2455661519849436E-025  -2.5083100078093725E-017   1.6419057725206827E-010  -9.8235596508773345E-018   2.5806062909556223E-016   3.3375159083398179E-016
  -4.5748087594591053E-010   1.2311361910117723E-019  -6.3194031064775865E-011   3.7278844426611961E-012  -1.6229878834345230E-009   4.3676011745500177E-019  -2.2419136030492965E-010  -3.6335540313704624E-010   2.9831821113412150E-017  -9.5195880785132561E-025   1.5628789234866096E-017  -1.6876184474204845E-017  -1.8834204207581850E-025  -1.2955680409930352E-017  -1.6338820265650594E-009   4.3969009217712540E-019  -2.2569621530946023E-010  -4.8472919868459329E-010   2.8127676675411843E-017   3.2291897837897529E-025   1.4768228672319864E-017  -1.5919741032750399E-017   1.3357733803843899E-025  -1.2207958188874496E-017  -1.0355740038651859E-009   2.7868106046045358E-019  -1.4304896843415199E-010   2.1615375297146688E-010   1.6101294608316342E-010
   4.8340878328966176E-010  -8.5799364390355350E-018   1.3724251683551243E-010  -4.0961221855341384E-012   1.7149714271025814E-009  -3.0438683895749606E-017   4.8689019126806879E-010   3.9924713289713995E-010  -3.2936266467761151E-017   1.0198013200989086E-024  -1.6876194832440148E-017   1.8542827740588159E-017   2.1315272929633147E-025   1.4393486632522815E-017   1.7264829985153625E-009  -3.0642999049649720E-017   4.9015839219455375E-010   5.3261009676571420E-010  -3.1069626253453218E-017  -4.0187203000558760E-025  -1.5919741032750399E-017   1.7491913921630448E-017  -1.5170307832480030E-025   1.3577736893683305E-017   1.0942656102337437E-009  -1.9421899851850618E-017   3.1066826178259436E-010  -2.3749339270076675E-010  -1.7690361831564826E-010
  -1.4438991492057290E-018   2.0592739776818931E-011   1.0822893611629818E-018   9.6959186520896673E-019  -5.1224471689702603E-018   7.3056020384664079E-011   3.8395975450741151E-018  -9.7214535430524688E-017   5.0145989315492324E-025   9.7789839108793290E-020   2.8028139415174807E-025  -3.0415092838304792E-025   2.7762993920005467E-020  -2.4127680398829255E-025  -5.1568386699904607E-018   7.3546403738174924E-011   3.8653685227823363E-018  -1.2929142940045700E-016   2.3617321977048654E-025   1.0138817322494421E-019   1.3357733803843899E-025  -1.5170307832480030E-025   2.8784649485213239E-020  -1.1723502296076001E-025  -3.2684640908342023E-018   4.6614590880169940E-011   2.4499173941493837E-018   1.8176260180795320E-016   1.9066420996278579E-016
   3.6586506338834904E-010  -8.6788174215002282E-018   1.3953886193138779E-010  -3.1795698732894982E-012   1.2979659638965598E-009  -3.0789481137167072E-017   4.9503672235630871E-010   3.0991113783263070E-010  -2.5643185615658363E-017   7.8879603216501092E-025  -1.2955694710878462E-017   1.4393494086520079E-017   1.7129696492351617E-025   1.1249728622993409E-017   1.3066784274979754E-009  -3.0996151308183436E-017   4.9835960963740532E-010   4.1343266200966694E-010  -2.4197068568035697E-017  -3.2455661519849436E-025  -1.2207958188874496E-017   1.3577736893683305E-017  -1.1723502296076001E-025   1.0619350637108599E-017   8.2818844371007099E-010  -1.9645731948436156E-017   3.1586629005452018E-010  -1.8434858925261703E-010  -1.3731587751617059E-010
   3.3348375041882823E-002  -7.2950351335431830E-017  -8.4163602688120944E-009  -1.0074884568371238E-008  0.11830878960767302        1.3678329162384478E-016   5.3093501269833617E-009   2.5129406599013263E-009  -1.9626133296309743E-009   7.7289773084551636E-017  -1.0543583576921119E-009   1.1164514671557388E-009   1.0241865642212058E-017   8.4616266890439473E-010  0.11910292364223721        2.3397082771958464E-016   3.8341339701885310E-009  -4.3710354800746952E-009  -1.9224536623681489E-009  -2.5083100078093725E-017  -1.0355740038651859E-009   1.0942656102337437E-009  -3.2684640908342023E-018   8.2818844371007099E-010   7.5488860390794846E-002   1.3864764113116853E-016   2.9930226965725834E-009   1.8160658153214659E-009   1.4436370207445429E-009
  -1.3584119355785046E-016   3.3348404686792260E-002   7.4148827808592410E-017   3.7330724427975338E-016   3.0188955526478535E-016  0.11830877090657195       -5.5100538571158583E-017  -4.2386460081627600E-016  -4.1123944294788742E-017   1.5836334379011879E-010   4.2843922866542575E-018  -9.2647540366055537E-018   4.4960095965514287E-011  -2.0811225949024821E-017   1.3174203899906042E-016  0.11910291013728057       -1.9229833814489594E-018   2.1356688370684066E-016  -1.3999848091048899E-017   1.6419057725206827E-010   2.7868106046045358E-019  -1.9421899851850618E-017   4.6614590880169940E-011  -1.9645731948436156E-017   1.3864764113116853E-016   7.5488849848482767E-002   2.0586300779260280E-017  -1.1406958090037904E-016  -1.2099959097860209E-016
  -8.4163596191690847E-009  -7.6457678185801738E-017   3.3348402297341276E-002  -2.8603179133351239E-009   5.3093499837075831E-009  -1.3701213968738871E-016  0.11830877241392529        7.1344088151619845E-010  -6.3507057139589315E-010   2.8799611512543334E-017  -1.5373945300596991E-010   3.1696704765567531E-010   1.1557193718577231E-017   3.1810365954585136E-010   3.8341342239291659E-009   1.0240502774491952E-016  0.11910291122581373       -1.2409582541905744E-009  -6.2653454501315081E-010  -9.8235596508773345E-018  -1.4304896843415199E-010   3.1066826178259436E-010   2.4499173941493837E-018   3.1586629005452018E-010   2.9930226965725834E-009   2.0586300779260280E-017   7.5488850698218743E-002   5.1559009516424290E-010   4.0985589686046375E-010
  -7.8002552376392613E-009  -4.9344434451023452E-016  -2.2145358087301709E-009   2.0284660884245130E-003   1.1735152345886466E-008   5.7688069342409059E-016   3.3316751770025190E-009 -0.20664208270384049        9.9055416204446827E-010  -9.1132981249160227E-017   5.0754797757634919E-010  -5.5766942075765143E-010   2.7072837280824268E-016  -4.3287998167866940E-010  -4.1870079325789863E-009  -8.6093298220654239E-016  -1.1887165757671763E-009 -0.27436124117141386        4.2186208006682274E-010   2.5806062909556223E-016   2.1615375297146688E-010  -2.3749339270076675E-010   1.8176260180795320E-016  -1.8434858925261703E-010   1.8160658153214659E-009  -1.1406958090037904E-016   5.1559009516424290E-010  0.53160139144681373       0.57824464404306508     
  -4.6564999521549132E-009  -5.3107987744925057E-016  -1.3220058522612448E-009   1.1467955069439924E-003   7.0303011390682440E-009   7.5608573264756048E-016   1.9959415019638162E-009 -0.12280944793351004        6.0219512722949768E-010  -1.7190264649633879E-016   3.0855482808093823E-010  -3.3902008105253969E-010   3.4419434388297728E-016  -2.6315731723014824E-010  -2.4885359408344866E-009  -1.0317664881814991E-015  -7.0651028006356498E-010 -0.16221684100856726        3.1425060479259582E-010   3.3375159083398179E-016   1.6101294608316342E-010  -1.7690361831564826E-010   1.9066420996278579E-016  -1.3731587751617059E-010   1.4436370207445429E-009  -1.2099959097860209E-016   4.0985589686046375E-010  0.57824464404306508       0.65603113630899934     
