   1.6384172767772650E-004  -8.9171918693670398E-016  -3.7745945155750952E-003   1.4399183596142277E-014   2.1998650774485338E-004  -1.2725353129872335E-015  -5.2410469866754628E-003   3.9714129699461012E-014   2.3139908434897556E-004  -1.2470050210791785E-015  -5.2292539654817055E-003   2.7347254806986156E-014  -2.3272979297105998E-017  -1.3892709702471916E-019  -2.5866773240764443E-018  -2.3219527978188049E-017  -2.3520373295016808E-019   4.2189814982874154E-017  -5.7756590591408901E-005  -2.6445714808644352E-016  -5.1774100518386392E-004   1.1659497909193870E-017   1.3055737547344111E-019   1.5096020410736899E-018   1.2130268178866252E-017   5.6860592043872722E-020  -2.7671144108309666E-017  -1.3427602586797691E-003  -2.1263624185690371E-015   7.3251547779851396E-004  -1.4352354187893717E-014  -1.0625029141522969E-014  -9.6176460086885168E-004  -1.5449790392504544E-015   4.5442194578716624E-004   8.7985024419419239E-015   3.9649257714226486E-015
  -8.9171918693670398E-016   2.0290383486623177E-006   2.0920341672259765E-014   3.5884894475975019E-018  -1.2526692382603176E-015  -4.6913760157156874E-006   2.9055690258470494E-014  -9.0577721836007669E-018  -1.2354650711147021E-015   7.2267543548942434E-006   2.8984849104331535E-014   1.4538216056938785E-017  -2.8219358844552829E-020   5.8778478373623653E-019  -5.6777495754964050E-019  -1.8113391742779850E-018   3.5687621706657002E-019  -1.2342987762866375E-018  -1.8823818096519154E-016  -7.9951574470458393E-005   2.8858910620647683E-015  -7.0757426150796947E-019   6.4186882407961781E-019   2.5770338799163685E-020  -2.7125300754156493E-019  -1.3371717778687724E-020  -4.7373769173468712E-019  -9.0295576377104618E-016  -1.3113581308551692E-003  -3.8050127939977611E-015   1.9048387689418846E-016   2.7780397720199514E-016  -6.6598277677550178E-016  -9.4228403498196854E-004  -2.3347287162469925E-015   2.0881941985701646E-016   1.3964067822784950E-016
  -3.7745945155750952E-003   2.0920341672259765E-014   8.8051759971609994E-002  -3.3668621753403096E-013  -5.2410469866753647E-003   2.9448897003190671E-014  0.12225288492289017       -9.2359895847121363E-013  -5.2292539654818157E-003   2.9395600098979662E-014  0.12198970798312408       -6.4181242543529477E-013   5.4392058928310713E-016  -1.3959435962295922E-017   6.9630921943636326E-017   5.4889464557465675E-016   3.0218693510852481E-018  -9.8826922046707599E-016  -5.1774100518393006E-004   2.9746556730780044E-015   1.1997360574278304E-002  -2.9075173284390334E-016   5.1285732651011290E-018  -4.6015350466418151E-017  -3.0147581219579639E-016   3.9402799194357969E-018   6.8668801378598289E-016   7.3251547779711599E-004  -2.6089121294275111E-015  -1.8398701011915673E-002   2.7673998143686939E-013   1.6411660711654941E-013   4.5442194578616373E-004  -1.4775089210135044E-015  -1.1542556432884382E-002  -6.6378642781779656E-014  -2.3310991294894033E-014
   1.4399183596142277E-014   3.5884894475975019E-018  -3.3668621753403096E-013   7.4259967171060249E-005   2.0085153573836195E-014  -5.6921124072903443E-019  -4.6745566725877100E-013  -2.6677322003685483E-004   1.9981948017274022E-014  -6.2496280748268084E-018  -4.6644408131140757E-013   3.7210775330908454E-004  -6.2814306549522958E-007   3.6410400151722366E-019  -9.3624744863383268E-008  -6.3161893570653939E-007  -2.2713891729048047E-018   1.2597620013718859E-006   2.0397478979704246E-015  -2.5910538815128239E-017  -4.6201813606954367E-014   2.3370586811615609E-006   1.1896155046024695E-019   3.4833867433696412E-007   2.3499909462223308E-006  -1.2789245249680081E-018  -4.6870496272252277E-006  -1.8657749720380950E-015  -6.4617389754539332E-016   6.4605018368378292E-014   5.5486263703380476E-003   8.0349765587474694E-003  -1.0659810501956287E-015  -4.6367494170479251E-016   4.0012716872410402E-014  -3.2905979353499435E-003  -1.1054097207143503E-003
   2.1998650774485338E-004  -1.2526692382603176E-015  -5.2410469866753647E-003   2.0085153573836195E-014   3.2280202635749888E-004  -1.7400242269429763E-015  -7.2769551062799543E-003   5.4821001965416864E-014   2.9456178424382221E-004  -1.7637808195460578E-015  -7.2609967100202497E-003   3.8413254058768968E-014  -3.2082360482413110E-017   2.5301181593215665E-018  -5.0841378436168063E-018  -3.2948444880604288E-017   7.8938956578437679E-020   5.8630123103666064E-017   2.1559108872469833E-004  -3.5660573251477962E-017  -7.1692117080358810E-004   1.8088392494155772E-017  -1.0445223417534375E-018   3.6817857300689519E-018   1.8737536491392340E-017  -6.9557797735853081E-019  -4.2647652235860240E-017   2.9873391958393585E-003   2.4521213337527974E-015   1.0421425061420068E-003  -1.3341029673323997E-014  -5.2561134331412050E-015   2.1508581250508597E-003   1.7383953746886355E-015   6.4880890041989605E-004  -4.8403145896285608E-015  -3.0616909545237979E-015
  -1.2725353129872335E-015  -4.6913760157156874E-006   2.9448897003190671E-014  -5.6921124072903443E-019  -1.7400242269429763E-015   1.0847014762112434E-005   4.0878335585266693E-014  -6.8347384032123521E-018  -1.7588096458249339E-015  -1.6709108565824410E-005   4.0789130714216590E-014   5.1899219244272182E-018  -1.4975615602503850E-021  -1.3590277574917379E-018   1.3028144762954745E-018   4.1209164632831045E-018  -8.2513991242404719E-019   2.9877018024327604E-018  -9.3777421330766366E-017   1.8485747158829979E-004   4.0797242370124410E-015   1.8820854865469536E-018  -1.4840764387242238E-018  -2.2904292045450838E-020   8.7462103384101493E-019   3.0916988888559974E-020   6.0179501950691614E-019   1.5596085075350201E-015   3.0320146916708438E-003  -4.9264664833496663E-015   1.4509463336319493E-016   2.0242559698362725E-016   1.0966708912395606E-015   2.1786718445319575E-003  -2.9781947006051702E-015  -1.7377631730533219E-015  -9.4028303617152728E-016
  -5.2410469866754628E-003   2.9055690258470494E-014  0.12225288492289017       -4.6745566725877100E-013  -7.2769551062799543E-003   4.0878335585266693E-014  0.16975992508858601       -1.2825206575626931E-012  -7.2609967100205489E-003   4.0827848321584352E-014  0.16936010845065269       -8.9096911533985734E-013   7.5268494614458761E-016  -1.9251064106083149E-017   9.8111202241866986E-017   7.5854158435915396E-016   3.8573041563943837E-018  -1.3715768087808838E-015  -7.1692117080336822E-004   3.8631926464868607E-015   1.6908432925624751E-002  -4.0320703337896548E-016   5.4660772197646583E-018  -6.4587541239951445E-017  -4.1908152719006811E-016   4.0485570419350372E-018   9.4902848278998314E-016   1.0421425061457610E-003  -7.9026653154065603E-015  -2.1277978575515680E-002   3.8675749628930077E-013   2.3155828023073006E-013   6.4880890042259354E-004  -5.1258360662999461E-015  -1.2956052924818304E-002  -7.9364294887875077E-014  -2.4983528627719257E-014
   3.9714129699461012E-014  -9.0577721836007669E-018  -9.2359895847121363E-013  -2.6677322003685483E-004   5.4821001965416864E-014  -6.8347384032123521E-018  -1.2825206575626931E-012   9.5836256000525195E-004   5.4893911807893799E-014   3.6119409684798543E-017  -1.2795328085917706E-012  -1.3367699470164568E-003   2.2565805834311670E-006  -1.3229881482136876E-018   3.3634341122723807E-007   2.2690675177940864E-006   8.1520664499843560E-018  -4.5256481018363157E-006   5.3040085068410162E-015  -5.7776425896350589E-017  -1.2646620684983824E-013  -8.3957558218609377E-006  -4.0296000493037630E-019  -1.2513876851351978E-006  -8.4422142786164398E-006   4.6056994765421728E-018   1.6837970099907402E-005  -9.5375868264836338E-015  -1.5265650505297079E-016   1.8307206645997317E-013  -1.9933160190179985E-002  -2.8865190785456789E-002  -6.0962904569005610E-015  -1.1201183942298464E-016   1.1389780309489176E-013   1.1837746750841455E-002   3.9801981902838476E-003
   2.3139908434897556E-004  -1.2354650711147021E-015  -5.2292539654818157E-003   1.9981948017274022E-014   2.9456178424382221E-004  -1.7588096458249339E-015  -7.2609967100205489E-003   5.4893911807893799E-014   3.3630013422819083E-004  -1.7393197587682370E-015  -7.2444337726004435E-003   3.8066565554469854E-014  -3.3136276256125418E-017  -1.7938271753778412E-018  -2.8176674107285631E-018  -3.2514010904919554E-017  -5.6453158201618928E-019   5.9937014199687732E-017  -2.5396879852266919E-004  -2.2131142100953627E-016  -7.1828086365255774E-004   1.7824725602042051E-017   9.0083029338595668E-019   1.5740352798711020E-018   1.8494448234373068E-017   5.3346718825195973E-019  -4.1444588185751172E-017  -4.7135954534372783E-003  -5.4688266530842138E-016   1.0025318130404077E-003  -1.7121595962947806E-014  -1.0730831362865898E-014  -3.3827134379327863E-003  -4.1667641292349091E-016   6.2081401493235529E-004   8.0494201776200048E-015   3.5622752143260170E-015
  -1.2470050210791785E-015   7.2267543548942434E-006   2.9395600098979662E-014  -6.2496280748268084E-018  -1.7637808195460578E-015  -1.6709108565824410E-005   4.0827848321584352E-014   3.6119409684798543E-017  -1.7393197587682370E-015   2.5739276214475634E-005   4.0741279713236068E-014  -4.3651917684551283E-017   6.1691676345840772E-020   2.0934923425293270E-018  -1.9980481984127500E-018  -6.2882857665341551E-018   1.2710734410430358E-018  -4.7214551233329255E-018  -1.9792375275476791E-016  -2.8476070418578136E-004   3.9052689648583977E-015  -3.1216293109344124E-018   2.2861215623374755E-018   2.1336485331285717E-021  -1.5709276498924745E-018  -4.7625575807406453E-020  -4.8099245148778191E-019  -1.8620520684172471E-016  -4.6706180241646855E-003  -7.9748500876771129E-015  -7.5071837879501841E-016  -1.0773231220813239E-015  -1.5790871279981270E-016  -3.3560998281982478E-003  -5.1710756211703402E-015   2.3989896050427334E-015   1.2276617304184897E-015
  -5.2292539654817055E-003   2.8984849104331535E-014  0.12198970798312408       -4.6644408131140757E-013  -7.2609967100202497E-003   4.0789130714216590E-014  0.16936010845065269       -1.2795328085917706E-012  -7.2444337726004435E-003   4.0741279713236068E-014  0.16901619422687073       -8.8919252525310405E-013   7.5496016179990746E-016  -1.9416778956810201E-017   9.5588769119993998E-017   7.6248140849723423E-016   4.3903099655871219E-018  -1.3692899826781846E-015  -7.1828086365270812E-004   4.0124586283339786E-015   1.6470532220167960E-002  -4.0265559618689924E-016   8.0997098735971100E-018  -6.3263119311230404E-017  -4.1691819603048822E-016   6.3139335380951522E-018   9.5309504681972121E-016   1.0025318130370473E-003  -5.4560826783459224E-015  -2.8056615122909204E-002   3.8293462744548103E-013   2.2671409797472218E-013   6.2081401492994695E-004  -3.3710548789858650E-015  -1.7837789649128830E-002  -8.7433418172362425E-014  -2.9856172554877295E-014
   2.7347254806986156E-014   1.4538216056938785E-017  -6.4181242543529477E-013   3.7210775330908454E-004   3.8413254058768968E-014   5.1899219244272182E-018  -8.9096911533985734E-013  -1.3367699470164568E-003   3.8066565554469854E-014  -4.3651917684551283E-017  -8.8919252525310405E-013   1.8645946262197013E-003  -3.1476765838608203E-006   1.9009273198453395E-018  -4.6916129981317831E-007  -3.1650944554790004E-006  -1.1342218561789865E-017   6.3127710401919003E-006   3.8596674986337461E-015   4.8222625215049784E-018  -8.7854842690162881E-014   1.1710986530717548E-005   4.7152057658517437E-019   1.7455229328091333E-006   1.1775790030586496E-005  -6.4660351807454276E-018  -2.3486776560509075E-005  -4.2114670438421829E-015  -1.0311739699210723E-015   1.2628803163456872E-013   2.7804247866428343E-002   4.0263094149439640E-002  -2.5047350165966796E-015  -7.3760571155096784E-016   7.8564678732254820E-014  -1.6573171630137922E-002  -5.5855311891945519E-003
  -2.3272979297105998E-017  -2.8219358844552829E-020   5.4392058928310713E-016  -6.2814306549522958E-007  -3.2082360482413110E-017  -1.4975615602503850E-021   7.5268494614458761E-016   2.2565805834311670E-006  -3.3136276256125418E-017   6.1691676345840772E-020   7.5496016179990746E-016  -3.1476765838608203E-006   5.3154426034561521E-009  -4.3806330945687715E-021   7.9226689733735332E-010   5.3448559483127886E-009   1.8541923397102672E-020  -1.0660298553201833E-008   7.3603060846991212E-018   1.5242698781418310E-019   4.7946839863401385E-017  -1.9773028644986294E-008   1.1135842110522972E-021  -2.9471705787026594E-009  -1.9882443975269978E-008   1.1796421180188294E-020   3.9655472618915498E-008   1.7886406139544285E-016   4.4034738288369660E-018  -5.5713542404945530E-016  -4.6946936359554666E-005  -6.7978999923360629E-005   1.2810558387278152E-016   3.1560641089315120E-018  -3.9045292865344385E-016   2.9270008631153158E-005   1.0140819656307540E-005
  -1.3892709702471916E-019   5.8778478373623653E-019  -1.3959435962295922E-017   3.6410400151722366E-019   2.5301181593215665E-018  -1.3590277574917379E-018  -1.9251064106083149E-017  -1.3229881482136876E-018  -1.7938271753778412E-018   2.0934923425293270E-018  -1.9416778956810201E-017   1.9009273198453395E-018  -4.3806330945687715E-021   1.2227438075946725E-030  -6.5293350852977954E-022  -4.4048736107244399E-021   5.3279453940790340E-031   8.7855067015035102E-021   2.9075577841206122E-017  -2.3160882563311220E-017  -4.9384320220014046E-019   1.4185633359926085E-020  -1.2152037476516665E-030   2.1143691252712106E-021   1.4264130477999842E-020  -6.8098423415242888E-031  -2.8449763838439651E-020   4.7543164657230590E-016  -3.7988259603822363E-016   2.6032464259686791E-017   3.4860440143037574E-017   4.7509865591592043E-017   3.4163545998943153E-016  -2.7296685550032591E-016   1.8442725280296661E-017  -8.7821922704049625E-016  -4.8003973721160345E-016
  -2.5866773240764443E-018  -5.6777495754964050E-019   6.9630921943636326E-017  -9.3624744863383268E-008  -5.0841378436168063E-018   1.3028144762954745E-018   9.8111202241866986E-017   3.3634341122723807E-007  -2.8176674107285631E-018  -1.9980481984127500E-018   9.5588769119993998E-017  -4.6916129981317831E-007   7.9226689733735332E-010  -6.5293350852977954E-022   1.1808740747354290E-010   7.9665095736929286E-010   2.7636743009672751E-021  -1.5889178549202190E-009  -1.5179458376574999E-017   2.2229405386788072E-017   2.6770445858893340E-017  -2.9471705790500132E-009   1.6597976252055663E-022  -4.3927587305633524E-010  -2.9634789376782641E-009   1.7582569698202852E-021   5.9106495165284350E-009  -2.4206530534997096E-016   3.6488829483780661E-016   2.7986595827680592E-016  -6.9974424302711506E-006  -1.0132272205967392E-005  -1.7400416977489216E-016   2.6219140891932689E-016   2.0267445389845601E-016   4.3626957620593730E-006   1.5114895076296917E-006
  -2.3219527978188049E-017  -1.8113391742779850E-018   5.4889464557465675E-016  -6.3161893570653939E-007  -3.2948444880604288E-017   4.1209164632831045E-018   7.5854158435915396E-016   2.2690675177940864E-006  -3.2514010904919554E-017  -6.2882857665341551E-018   7.6248140849723423E-016  -3.1650944554790004E-006   5.3448559483127886E-009  -4.4048736107244399E-021   7.9665095736929286E-010   5.3744320538123665E-009   1.8644526327415937E-020  -1.0719288003565978E-008  -2.5921982886072021E-018   7.0408597108819877E-017   3.6422164886055680E-017  -1.9882443975710534E-008   1.1197462998644485E-021  -2.9634789373946536E-009  -1.9992464762789142E-008   1.1861697438168853E-020   3.9874908737151487E-008   1.6447297644552254E-017   1.1567490358714200E-015  -7.6529610336465776E-016  -4.7206720263198430E-005  -6.8355166108747761E-005   1.1403469280864789E-017   8.3118064544221453E-016  -5.4010658968884578E-016   2.9431976113245513E-005   1.0196934536327835E-005
  -2.3520373295016808E-019   3.5687621706657002E-019   3.0218693510852481E-018  -2.2713891729048047E-018   7.8938956578437679E-020  -8.2513991242404719E-019   3.8573041563943837E-018   8.1520664499843560E-018  -5.6453158201618928E-019   1.2710734410430358E-018   4.3903099655871219E-018  -1.1342218561789865E-017   1.8541923397102672E-020   5.3279453940790340E-031   2.7636743009672751E-021   1.8644526327415937E-020   3.5159404419312250E-031  -3.7186449732059865E-020   4.3158999244379162E-018  -1.4062235671551125E-017  -3.5579518979816660E-018  -7.0076822259291442E-020  -5.3894113768573013E-031  -1.0444952693869825E-020  -7.0464596878308741E-020  -2.5493421185153924E-031   1.4054141913215008E-019   7.1212168069928419E-017  -2.3064745388728312E-016  -6.8228855740378609E-017  -1.6576654371306170E-016  -2.4157992522729551E-016   5.1170058507678228E-017  -1.6573307351630612E-016  -4.9029501356494277E-017  -3.4410664217635359E-016  -2.1104874128312960E-016
   4.2189814982874154E-017  -1.2342987762866375E-018  -9.8826922046707599E-016   1.2597620013718859E-006   5.8630123103666064E-017   2.9877018024327604E-018  -1.3715768087808838E-015  -4.5256481018363157E-006   5.9937014199687732E-017  -4.7214551233329255E-018  -1.3692899826781846E-015   6.3127710401919003E-006  -1.0660298553201833E-008   8.7855067015035102E-021  -1.5889178549202190E-009  -1.0719288003565978E-008  -3.7186449732059865E-020   2.1379586559641528E-008  -9.6794507957187502E-018   5.0560260648620990E-017  -1.3440653271020050E-016   3.9655472626037901E-008  -2.2333305052256945E-021   5.9106495168933995E-009   3.9874908743429749E-008  -2.3658118618143954E-020  -7.9530381366778677E-008  -2.6327822198788889E-016   8.2546729888102681E-016   2.0806916086920562E-016   9.4153656635428300E-005   1.3633416605047727E-004  -1.8839215465386575E-016   5.9316054322778666E-016   1.3088034853976458E-016  -5.8701984747909809E-005  -2.0337754192950586E-005
  -5.7756590591408901E-005  -1.8823818096519154E-016  -5.1774100518393006E-004   2.0397478979704246E-015   2.1559108872469833E-004  -9.3777421330766366E-017  -7.1692117080336822E-004   5.3040085068410162E-015  -2.5396879852266919E-004  -1.9792375275476791E-016  -7.1828086365270812E-004   3.8596674986337461E-015   7.3603060846991212E-018   2.9075577841206122E-017  -1.5179458376574999E-017  -2.5921982886072021E-018   4.3158999244379162E-018  -9.6794507957187502E-018   3.1529902603360440E-003  -1.0881947395968039E-017  -6.0746507391919323E-005  -7.4047494645318631E-018  -1.3011187823019255E-017   1.2818839858086766E-017  -7.5084213777437177E-018  -8.2085921788462939E-018   9.9483487111334735E-018   5.1664375961566152E-002  -2.3514472601161555E-016   1.8563673090309535E-004  -1.3876054854942802E-015  -5.8096635349099095E-016   3.7124237902769551E-002  -1.7018921449931963E-016   1.2174644289018755E-004   6.7014604780357919E-016   3.2491712507575085E-016
  -2.6445714808644352E-016  -7.9951574470458393E-005   2.9746556730780044E-015  -2.5910538815128239E-017  -3.5660573251477962E-017   1.8485747158829979E-004   3.8631926464868607E-015  -5.7776425896350589E-017  -2.2131142100953627E-016  -2.8476070418578136E-004   4.0124586283339786E-015   4.8222625215049784E-018   1.5242698781418310E-019  -2.3160882563311220E-017   2.2229405386788072E-017   7.0408597108819877E-017  -1.4062235671551125E-017   5.0560260648620990E-017  -1.0881947395968039E-017   3.1503861247962461E-003   2.5450480634387525E-016   3.1479213707750522E-017  -2.5291992693170326E-017  -4.7913653345171362E-019   1.4306462144260790E-017   5.2689486651234851E-019   1.1450726660621280E-017   3.7967529926880951E-016   5.1672334002770007E-002  -1.7051194670155383E-015   1.0212476162111297E-015   1.4411642952303298E-015   2.7223279686350332E-016   3.7129457038035919E-002  -1.1771667048850880E-015  -1.8346659411415956E-015  -8.8405444647325427E-016
  -5.1774100518386392E-004   2.8858910620647683E-015   1.1997360574278304E-002  -4.6201813606954367E-014  -7.1692117080358810E-004   4.0797242370124410E-015   1.6908432925624751E-002  -1.2646620684983824E-013  -7.1828086365255774E-004   3.9052689648583977E-015   1.6470532220167960E-002  -8.7854842690162881E-014   4.7946839863401385E-017  -4.9384320220014046E-019   2.6770445858893340E-017   3.6422164886055680E-017  -3.5579518979816660E-018  -1.3440653271020050E-016  -6.0746507391919323E-005   2.5450480634387525E-016   4.5674161154149566E-003  -4.6114449241357545E-017  -1.8577534745032774E-017  -1.6291998915811413E-017  -5.9148442551875463E-017  -1.6044592854307683E-017   6.6622226704079570E-017   1.8563673090624155E-004  -1.6948326990572839E-015   4.7341997554699068E-002   3.8651434726486978E-014   2.3590964597052365E-014   1.2174644289242171E-004  -1.1488574179065485E-015   3.4289485355137442E-002  -8.9675795248831631E-015  -3.0280354948449693E-015
   1.1659497909193870E-017  -7.0757426150796947E-019  -2.9075173284390334E-016   2.3370586811615609E-006   1.8088392494155772E-017   1.8820854865469536E-018  -4.0320703337896548E-016  -8.3957558218609377E-006   1.7824725602042051E-017  -3.1216293109344124E-018  -4.0265559618689924E-016   1.1710986530717548E-005  -1.9773028644986294E-008   1.4185633359926085E-020  -2.9471705790500132E-009  -1.9882443975710534E-008  -7.0076822259291442E-020   3.9655472626037901E-008  -7.4047494645318631E-018   3.1479213707750522E-017  -4.6114449241357545E-017   7.3559825889219773E-008  -6.9989937669289326E-022   1.0964094501030034E-008   7.3966873933795054E-008  -4.2300381534962155E-020  -1.4752669981802420E-007  -1.5355761494123009E-016   5.0928999066851233E-016  -5.5218033311460892E-017   1.7464928442478231E-004   2.5289959095474570E-004  -1.1012587541029749E-016   3.6597898012655885E-016  -4.4954176573472583E-017  -1.0656930072300756E-004  -3.6445771356857884E-005
   1.3055737547344111E-019   6.4186882407961781E-019   5.1285732651011290E-018   1.1896155046024695E-019  -1.0445223417534375E-018  -1.4840764387242238E-018   5.4660772197646583E-018  -4.0296000493037630E-019   9.0083029338595668E-019   2.2861215623374755E-018   8.0997098735971100E-018   4.7152057658517437E-019   1.1135842110522972E-021  -1.2152037476516665E-030   1.6597976252055663E-022   1.1197462998644485E-021  -5.3894113768573013E-031  -2.2333305052256945E-021  -1.3011187823019255E-017  -2.5291992693170326E-017  -1.8577534745032774E-017  -6.9989937669289326E-022   2.4574213494265357E-030  -1.0432002523739182E-022  -7.0377231505581643E-022   1.0935943526185469E-030   1.4036716931958062E-021  -2.1239454764459468E-016  -4.1483686198039288E-016  -3.2835392634745704E-016  -3.5863644337070654E-018  -3.5069905808938538E-019  -1.5260975482100408E-016  -2.9808344720540554E-016  -2.3611759753740928E-016   1.3996389122279398E-015   7.7170068436404881E-016
   1.5096020410736899E-018   2.5770338799163685E-020  -4.6015350466418151E-017   3.4833867433696412E-007   3.6817857300689519E-018  -2.2904292045450838E-020  -6.4587541239951445E-017  -1.2513876851351978E-006   1.5740352798711020E-018   2.1336485331285717E-021  -6.3263119311230404E-017   1.7455229328091333E-006  -2.9471705787026594E-009   2.1143691252712106E-021  -4.3927587305633524E-010  -2.9634789373946536E-009  -1.0444952693869825E-020   5.9106495168933995E-009   1.2818839858086766E-017  -4.7913653345171362E-019  -1.6291998915811413E-017   1.0964094501030034E-008  -1.0432002523739182E-022   1.6341986508852524E-009   1.1024765025643617E-008  -6.3048732778591884E-021  -2.1988859525929799E-008   2.0543543972890728E-016  -8.9064369319920297E-018  -1.6195315823634690E-016   2.6031481665744418E-005   3.7694692462642709E-005   1.4765694958760849E-016  -6.3959436721764764E-018  -1.1735118363089505E-016  -1.5884157825333737E-005  -5.4322434356666297E-006
   1.2130268178866252E-017  -2.7125300754156493E-019  -3.0147581219579639E-016   2.3499909462223308E-006   1.8737536491392340E-017   8.7462103384101493E-019  -4.1908152719006811E-016  -8.4422142786164398E-006   1.8494448234373068E-017  -1.5709276498924745E-018  -4.1691819603048822E-016   1.1775790030586496E-005  -1.9882443975269978E-008   1.4264130477999842E-020  -2.9634789376782641E-009  -1.9992464762789142E-008  -7.0464596878308741E-020   3.9874908743429749E-008  -7.5084213777437177E-018   1.4306462144260790E-017  -5.9148442551875463E-017   7.3966873933795054E-008  -7.0377231505581643E-022   1.1024765025643617E-008   7.4376174404998454E-008  -4.2534453426550909E-020  -1.4834304833377527E-007  -1.5609618612090995E-016   2.2758525466794141E-016  -2.4971316834976130E-016   1.7561571751311853E-004   2.5429902716503572E-004  -1.1193410276673271E-016   1.6355854083218054E-016  -1.8508176729090253E-016  -1.0715900882735177E-004  -3.6647446385176805E-005
   5.6860592043872722E-020  -1.3371717778687724E-020   3.9402799194357969E-018  -1.2789245249680081E-018  -6.9557797735853081E-019   3.0916988888559974E-020   4.0485570419350372E-018   4.6056994765421728E-018   5.3346718825195973E-019  -4.7625575807406453E-020   6.3139335380951522E-018  -6.4660351807454276E-018   1.1796421180188294E-020  -6.8098423415242888E-031   1.7582569698202852E-021   1.1861697438168853E-020  -2.5493421185153924E-031  -2.3658118618143954E-020  -8.2085921788462939E-018   5.2689486651234851E-019  -1.6044592854307683E-017  -4.2300381534962155E-020   1.0935943526185469E-030  -6.3048732778591884E-021  -4.2534453426550909E-020   5.7885842908607970E-031   8.4834834959692307E-020  -1.3381031091039121E-016   8.6420795573321746E-018  -2.8243549917130131E-016  -1.0131753111710870E-016  -1.4448303821881341E-016  -9.6143190701375368E-017   6.2098166811273776E-018  -2.0310870313066925E-016   7.0508345515331648E-016   3.7601997366193768E-016
  -2.7671144108309666E-017  -4.7373769173468712E-019   6.8668801378598289E-016  -4.6870496272252277E-006  -4.2647652235860240E-017   6.0179501950691614E-019   9.4902848278998314E-016   1.6837970099907402E-005  -4.1444588185751172E-017  -4.8099245148778191E-019   9.5309504681972121E-016  -2.3486776560509075E-005   3.9655472618915498E-008  -2.8449763838439651E-020   5.9106495165284350E-009   3.9874908737151487E-008   1.4054141913215008E-019  -7.9530381366778677E-008   9.9483487111334735E-018   1.1450726660621280E-017   6.6622226704079570E-017  -1.4752669981802420E-007   1.4036716931958062E-021  -2.1988859525929799E-008  -1.4834304833377527E-007   8.4834834959692307E-020   2.9586974814179067E-007   2.3942698187771124E-016   2.0191079249862444E-016  -5.9024449241626782E-016  -3.5026500192605339E-004  -5.0719861810262197E-004   1.7155318125234944E-016   1.4503266311378437E-016  -4.1215024640554341E-016   2.1372830954420301E-004   7.3093217740154262E-005
  -1.3427602586797691E-003  -9.0295576377104618E-016   7.3251547779711599E-004  -1.8657749720380950E-015   2.9873391958393585E-003   1.5596085075350201E-015   1.0421425061457610E-003  -9.5375868264836338E-015  -4.7135954534372783E-003  -1.8620520684172471E-016   1.0025318130370473E-003  -4.2114670438421829E-015   1.7886406139544285E-016   4.7543164657230590E-016  -2.4206530534997096E-016   1.6447297644552254E-017   7.1212168069928419E-017  -2.6327822198788889E-016   5.1664375961566152E-002   3.7967529926880951E-016   1.8563673090624155E-004  -1.5355761494123009E-016  -2.1239454764459468E-016   2.0543543972890728E-016  -1.5609618612090995E-016  -1.3381031091039121E-016   2.3942698187771124E-016  0.84753137518780797       -1.1596700175137685E-016  -1.5537114547583885E-004   1.9452998260702984E-015   1.4287195006514693E-015  0.60899931257840434       -6.2187595144908764E-017  -1.2794143102028596E-004  -2.3551420782856903E-015  -1.1878486983620554E-015
  -2.1263624185690371E-015  -1.3113581308551692E-003  -2.6089121294275111E-015  -6.4617389754539332E-016   2.4521213337527974E-015   3.0320146916708438E-003  -7.9026653154065603E-015  -1.5265650505297079E-016  -5.4688266530842138E-016  -4.6706180241646855E-003  -5.4560826783459224E-015  -1.0311739699210723E-015   4.4034738288369660E-018  -3.7988259603822363E-016   3.6488829483780661E-016   1.1567490358714200E-015  -2.3064745388728312E-016   8.2546729888102681E-016  -2.3514472601161555E-016   5.1672334002770007E-002  -1.6948326990572839E-015   5.0928999066851233E-016  -4.1483686198039288E-016  -8.9064369319920297E-018   2.2758525466794141E-016   8.6420795573321746E-018   2.0191079249862444E-016  -1.1596700175137685E-016  0.84752471459875667        2.0595851960052597E-015   3.2609354622503482E-017  -4.9724995624589442E-016  -5.1658907426478272E-017  0.60899382787085388        1.3055252427111544E-015   1.1728161365610586E-015   6.0906520980172408E-016
   7.3251547779851396E-004  -3.8050127939977611E-015  -1.8398701011915673E-002   6.4605018368378292E-014   1.0421425061420068E-003  -4.9264664833496663E-015  -2.1277978575515680E-002   1.8307206645997317E-013   1.0025318130404077E-003  -7.9748500876771129E-015  -2.8056615122909204E-002   1.2628803163456872E-013  -5.5713542404945530E-016   2.6032464259686791E-017   2.7986595827680592E-016  -7.6529610336465776E-016  -6.8228855740378609E-017   2.0806916086920562E-016   1.8563673090309535E-004  -1.7051194670155383E-015   4.7341997554699068E-002  -5.5218033311460892E-017  -3.2835392634745704E-016  -1.6195315823634690E-016  -2.4971316834976130E-016  -2.8243549917130131E-016  -5.9024449241626782E-016  -1.5537114547583885E-004   2.0595851960052597E-015  0.85114904762246268       -5.5462537853480953E-014  -3.3261300419110504E-014  -1.2794143102073523E-004   1.6495419546717743E-015  0.61197830965560984        1.2725420451623366E-014   4.2861100497966456E-015
  -1.4352354187893717E-014   1.9048387689418846E-016   2.7673998143686939E-013   5.5486263703380476E-003  -1.3341029673323997E-014   1.4509463336319493E-016   3.8675749628930077E-013  -1.9933160190179985E-002  -1.7121595962947806E-014  -7.5071837879501841E-016   3.8293462744548103E-013   2.7804247866428343E-002  -4.6946936359554666E-005   3.4860440143037574E-017  -6.9974424302711506E-006  -4.7206720263198430E-005  -1.6576654371306170E-016   9.4153656635428300E-005  -1.3876054854942802E-015   1.0212476162111297E-015   3.8651434726486978E-014   1.7464928442478231E-004  -3.5863644337070654E-018   2.6031481665744418E-005   1.7561571751311853E-004  -1.0131753111710870E-016  -3.5026500192605339E-004   1.9452998260702984E-015   3.2609354622503482E-017  -5.5462537853480953E-014  0.41466253535960684       0.60044449219114815        1.1016596092555542E-015   8.6857085562436479E-017  -3.3726341530797885E-014 -0.25431961567409100       -8.7246969711289382E-002
  -1.0625029141522969E-014   2.7780397720199514E-016   1.6411660711654941E-013   8.0349765587474694E-003  -5.2561134331412050E-015   2.0242559698362725E-016   2.3155828023073006E-013  -2.8865190785456789E-002  -1.0730831362865898E-014  -1.0773231220813239E-015   2.2671409797472218E-013   4.0263094149439640E-002  -6.7978999923360629E-005   4.7509865591592043E-017  -1.0132272205967392E-005  -6.8355166108747761E-005  -2.4157992522729551E-016   1.3633416605047727E-004  -5.8096635349099095E-016   1.4411642952303298E-015   2.3590964597052365E-014   2.5289959095474570E-004  -3.5069905808938538E-019   3.7694692462642709E-005   2.5429902716503572E-004  -1.4448303821881341E-016  -5.0719861810262197E-004   1.4287195006514693E-015  -4.9724995624589442E-016  -3.3261300419110504E-014  0.60044449219114815       0.86947395763647706        8.0157924858098067E-016  -2.7159785997364919E-016  -1.9539940358738961E-014 -0.36500064884109912      -0.12453666292050115     
  -9.6176460086885168E-004  -6.6598277677550178E-016   4.5442194578616373E-004  -1.0659810501956287E-015   2.1508581250508597E-003   1.0966708912395606E-015   6.4880890042259354E-004  -6.0962904569005610E-015  -3.3827134379327863E-003  -1.5790871279981270E-016   6.2081401492994695E-004  -2.5047350165966796E-015   1.2810558387278152E-016   3.4163545998943153E-016  -1.7400416977489216E-016   1.1403469280864789E-017   5.1170058507678228E-017  -1.8839215465386575E-016   3.7124237902769551E-002   2.7223279686350332E-016   1.2174644289242171E-004  -1.1012587541029749E-016  -1.5260975482100408E-016   1.4765694958760849E-016  -1.1193410276673271E-016  -9.6143190701375368E-017   1.7155318125234944E-016  0.60899931257840434       -5.1658907426478272E-017  -1.2794143102073523E-004   1.1016596092555542E-015   8.0157924858098067E-016  0.43760057074530095       -2.2262442449313691E-017  -1.0504231708993549E-004   1.4096863675234723E-015   8.3795492951547516E-016
  -1.5449790392504544E-015  -9.4228403498196854E-004  -1.4775089210135044E-015  -4.6367494170479251E-016   1.7383953746886355E-015   2.1786718445319575E-003  -5.1258360662999461E-015  -1.1201183942298464E-016  -4.1667641292349091E-016  -3.3560998281982478E-003  -3.3710548789858650E-015  -7.3760571155096784E-016   3.1560641089315120E-018  -2.7296685550032591E-016   2.6219140891932689E-016   8.3118064544221453E-016  -1.6573307351630612E-016   5.9316054322778666E-016  -1.7018921449931963E-016   3.7129457038035919E-002  -1.1488574179065485E-015   3.6597898012655885E-016  -2.9808344720540554E-016  -6.3959436721764764E-018   1.6355854083218054E-016   6.2098166811273776E-018   1.4503266311378437E-016  -6.2187595144908764E-017  0.60899382787085388        1.6495419546717743E-015   8.6857085562436479E-017  -2.7159785997364919E-016  -2.2262442449313691E-017  0.43759606769742138        1.0677558627810163E-015  -9.6748511375676287E-016  -5.5290754139405763E-016
   4.5442194578716624E-004  -2.3347287162469925E-015  -1.1542556432884382E-002   4.0012716872410402E-014   6.4880890041989605E-004  -2.9781947006051702E-015  -1.2956052924818304E-002   1.1389780309489176E-013   6.2081401493235529E-004  -5.1710756211703402E-015  -1.7837789649128830E-002   7.8564678732254820E-014  -3.9045292865344385E-016   1.8442725280296661E-017   2.0267445389845601E-016  -5.4010658968884578E-016  -4.9029501356494277E-017   1.3088034853976458E-016   1.2174644289018755E-004  -1.1771667048850880E-015   3.4289485355137442E-002  -4.4954176573472583E-017  -2.3611759753740928E-016  -1.1735118363089505E-016  -1.8508176729090253E-016  -2.0310870313066925E-016  -4.1215024640554341E-016  -1.2794143102028596E-004   1.3055252427111544E-015  0.61197830965560984       -3.3726341530797885E-014  -1.9539940358738961E-014  -1.0504231708993549E-004   1.0677558627810163E-015  0.44004638327919693        7.2647848501629649E-015   2.4056542937761091E-015
   8.7985024419419239E-015   2.0881941985701646E-016  -6.6378642781779656E-014  -3.2905979353499435E-003  -4.8403145896285608E-015  -1.7377631730533219E-015  -7.9364294887875077E-014   1.1837746750841455E-002   8.0494201776200048E-015   2.3989896050427334E-015  -8.7433418172362425E-014  -1.6573171630137922E-002   2.9270008631153158E-005  -8.7821922704049625E-016   4.3626957620593730E-006   2.9431976113245513E-005  -3.4410664217635359E-016  -5.8701984747909809E-005   6.7014604780357919E-016  -1.8346659411415956E-015  -8.9675795248831631E-015  -1.0656930072300756E-004   1.3996389122279398E-015  -1.5884157825333737E-005  -1.0715900882735177E-004   7.0508345515331648E-016   2.1372830954420301E-004  -2.3551420782856903E-015   1.1728161365610586E-015   1.2725420451623366E-014 -0.25431961567409100      -0.36500064884109912        1.4096863675234723E-015  -9.6748511375676287E-016   7.2647848501629649E-015   1.0973878506104910       0.57287128897437689     
   3.9649257714226486E-015   1.3964067822784950E-016  -2.3310991294894033E-014  -1.1054097207143503E-003  -3.0616909545237979E-015  -9.4028303617152728E-016  -2.4983528627719257E-014   3.9801981902838476E-003   3.5622752143260170E-015   1.2276617304184897E-015  -2.9856172554877295E-014  -5.5855311891945519E-003   1.0140819656307540E-005  -4.8003973721160345E-016   1.5114895076296917E-006   1.0196934536327835E-005  -2.1104874128312960E-016  -2.0337754192950586E-005   3.2491712507575085E-016  -8.8405444647325427E-016  -3.0280354948449693E-015  -3.6445771356857884E-005   7.7170068436404881E-016  -5.4322434356666297E-006  -3.6647446385176805E-005   3.7601997366193768E-016   7.3093217740154262E-005  -1.1878486983620554E-015   6.0906520980172408E-016   4.2861100497966456E-015  -8.7246969711289382E-002 -0.12453666292050115        8.3795492951547516E-016  -5.5290754139405763E-016   2.4056542937761091E-015  0.57287128897437689       0.30488089607776614     
