   2.3529980773121838E-003  -6.3953780020684038E-017   6.1936954927368130E-017   1.8549124516516172E-017   2.6872726863425268E-002  -8.2835794693056637E-016   2.8096845190076655E-016  -1.3196714143999456E-015   2.8987379011736503E-018   1.2771673867276106E-018   1.7099972949568838E-018   3.8611770565961357E-019   3.0309579203422460E-018   9.3242849333785113E-020   3.3429388982936459E-002  -1.0416491813827854E-015   3.7772248436678663E-016  -1.8489418009149521E-015   9.4336346339917631E-019  -4.1690769705790270E-020  -1.1388096993501865E-018  -5.6408152834140230E-019  -8.3707342765166895E-019   9.4424096754856535E-019   2.2473759721093452E-002  -6.9381572024752028E-016   2.4748227488049345E-016   1.1839974161492161E-015   1.0208236121273597E-015
  -6.3953780020684038E-017   2.3529980773125368E-003  -5.7702211158843821E-017   6.9416150810303259E-017   1.3621859423864530E-016   2.6872726863427159E-002  -9.3973131285263852E-016  -1.5222600394999882E-015  -3.0326044883249265E-018   3.3177461211844930E-019  -3.2589437942335128E-018  -3.8896426941483829E-018   3.3188285642068606E-019  -9.0489167066383860E-019   1.2365618432392766E-016   3.3429388982938991E-002  -1.1074553637869740E-015  -2.0795083693676515E-015   1.4318897696181022E-018  -3.4423860389049792E-019   5.0426783356316674E-019   1.9070078401604856E-018   9.7335688579164551E-019   1.7728175990002416E-018   8.2301268821182291E-017   2.2473759721095114E-002  -7.6497469772519003E-016   8.5763767570696333E-016   6.0296011633315671E-016
   6.1936954927368130E-017  -5.7702211158843821E-017   2.3529980773126266E-003  -3.2860311903616470E-017   4.0040348559541345E-016   3.0009430581485030E-016   2.6872726863427485E-002  -1.1780272950143131E-015  -6.6545803512482657E-019   2.9880160688170045E-018  -4.0490775631415382E-018   3.9982222766539925E-018   2.3358770835791586E-019   1.0431013219720543E-017   5.0313841770199682E-016   2.6390526502088706E-016   3.3429388982939762E-002  -1.7689183622829886E-015   1.3359271014373502E-017  -1.4015788376510442E-018   2.6754837018123726E-018   9.6052705061223978E-018   1.3155240747489608E-018   8.3773119210040541E-018   3.4369251219437410E-016   2.0251944431041279E-016   2.2473759721095637E-002   1.0898641038493322E-015   9.1861873894415263E-016
   1.8549124516516172E-017   6.9416150810303259E-017  -3.2860311903616470E-017   5.3869956557096573E-004  -3.7311569164399774E-016   1.3320424503353795E-016  -9.1584024147055039E-016  -1.5677953227576431E-002  -1.6740652549680503E-016   2.5039824102477353E-018   4.3982321229259654E-018  -2.0964997509731940E-016  -7.5170484666515211E-018  -1.9005641145000307E-016  -3.6381155968827723E-016   2.8514460764413681E-016  -1.0563684095379497E-015  -2.1682531833463064E-002  -7.9730996756376196E-017  -6.2024777944347204E-019   3.4602954511011032E-019  -7.6071862861537560E-017  -1.1717965548267109E-019  -8.0904405127733579E-017  -2.6560229749098746E-016   1.5690071380370853E-016  -7.2183549861438597E-016   7.4499854324300381E-003   4.5870622444350436E-003
   2.6872726863425268E-002   1.3621859423864530E-016   4.0040348559541345E-016  -3.7311569164399774E-016  0.30690354405268289        4.3687667130161405E-016  -2.9679356845429163E-016   1.8099018402834162E-015   3.3105420959899054E-017   1.4586059662913459E-017   1.9529251080829407E-017   4.4097085084117242E-018   3.4615457238693406E-017   1.0648923374466226E-018  0.38178477407674571        4.1578014903013165E-016  -4.7128913185203460E-017   2.1151203638724972E-015   1.0773807649663975E-017  -4.7613496918279395E-019  -1.3005927329534820E-017  -6.4421679668359976E-018  -9.5599081881121414E-018   1.0783829302285437E-017  0.25666455591373022        3.5329062472699861E-016  -1.0536412237483722E-016  -2.0388331800265454E-015  -1.9118954484360286E-015
  -8.2835794693056637E-016   2.6872726863427159E-002   3.0009430581485030E-016   1.3320424503353795E-016   4.3687667130161405E-016  0.30690354405268011        2.2108922547608569E-016   1.7753020098271652E-015  -3.4634262086679378E-017   3.7890759952751379E-018  -3.7219200172804782E-017  -4.4422180673841877E-017   3.7903122137094459E-018  -1.0334435433948701E-017   2.0424282652490437E-017  0.38178477407674433        9.7809235348065356E-016   2.7209816277288655E-015   1.6353087173643623E-017  -3.9314226676980614E-018   5.7590577264025124E-018   2.1779236162314171E-017   1.1116351511171918E-017   2.0246698701619899E-017   4.2544034687213024E-018  0.25666455591372878        4.2388628579542758E-016  -1.1715309776078250E-015  -8.5092365907250987E-016
   2.8096845190076655E-016  -9.3973131285263852E-016   2.6872726863427485E-002  -9.1584024147055039E-016  -2.9679356845429163E-016   2.2108922547608569E-016  0.30690354405267589        2.1605413174438713E-015  -7.5999518185198200E-018   3.4125034123508425E-017  -4.6243027757776569E-017   4.5662228208429570E-017   2.6677194282090583E-018   1.1912877102003898E-016  -3.1164036195378137E-016  -9.7448606659391506E-016  0.38178477407674316        1.2972089979755954E-015   1.5257132784141840E-016  -1.6006917151743657E-017   3.0555716742646309E-017   1.0969826675561700E-016   1.5024117309679985E-017   9.5674202743138128E-017  -1.4732274645002694E-016  -3.6843787591073781E-016  0.25666455591372811       -1.1781861323644990E-015  -1.1815931547762049E-015
  -1.3196714143999456E-015  -1.5222600394999882E-015  -1.1780272950143131E-015  -1.5677953227576431E-002   1.8099018402834162E-015   1.7753020098271652E-015   2.1605413174438713E-015  0.45644306831172349        4.9061323687203448E-015  -7.1662797908237717E-017  -1.1781654983128402E-016   6.1277563647522526E-015   2.1122489710081500E-016   5.5503836150911973E-015  -6.0864704601012947E-016  -1.2552955054797536E-015   3.0961174252087079E-016  0.63138996792921209        2.3548139747203076E-015   1.8176996544520111E-017  -1.0486212510510762E-017   2.2421211053671197E-015   1.0625860537924530E-018   2.3807952582234553E-015   1.7788576518899240E-016   1.6373563117046186E-016   5.2169237073143880E-016 -0.20832809406850736      -0.12373649874899874     
   2.8987379011736503E-018  -3.0326044883249265E-018  -6.6545803512482657E-019  -1.6740652549680503E-016   3.3105420959899054E-017  -3.4634262086679378E-017  -7.5999518185198200E-018   4.9061323687203448E-015   5.9169423113366126E-029  -5.2382377893634995E-031   7.7659519759586644E-031   7.0657948908771517E-029   7.5693946090554160E-031   6.3067007682237282E-029   4.1182794747118687E-017  -4.3084656995093302E-017  -9.4542599597199750E-018   6.8127213859586559E-015   3.1980773195157176E-029   2.1989780883338094E-031  -1.9748462948226637E-031   2.9542261950449445E-029  -4.5851539349306688E-031   3.0633556705694379E-029   2.7686184580350077E-017  -2.8964760004060150E-017  -6.3558674908480879E-018  -5.3470176034667663E-016   6.2148193052703062E-016
   1.2771673867276106E-018   3.3177461211844930E-019   2.9880160688170045E-018   2.5039824102477353E-018   1.4586059662913459E-017   3.7890759952751379E-018   3.4125034123508425E-017  -7.1662797908237717E-017  -5.2382377893634995E-031   2.5212280177050694E-032   9.1776092709159265E-032  -7.7394899254898291E-031  -8.9256895524470292E-032  -7.2767758574909869E-031   1.8144904485429152E-017   4.7135706017379078E-018   4.2451182776074004E-017  -9.8128436083351509E-017  -9.6437234083000257E-032  -3.7960146292921803E-033   1.3580269348597133E-033  -1.3120609738734975E-031  -1.6708280659301262E-032  -1.6911905944833296E-031   1.2198375021926481E-017   3.1688181075021502E-018   2.8538890796737940E-017   9.7984980963933799E-017   9.4160711960478262E-017
   1.7099972949568838E-018  -3.2589437942335128E-018  -4.0490775631415382E-018   4.3982321229259654E-018   1.9529251080829407E-017  -3.7219200172804782E-017  -4.6243027757776569E-017  -1.1781654983128402E-016   7.7659519759586644E-031   9.1776092709159265E-032   6.8774359461685732E-031  -6.6414323216505941E-032  -5.3348415397416279E-031  -3.6949014110698386E-031   2.4294182508703889E-017  -4.6300292729274248E-017  -5.7525839134970031E-017  -1.5469191399102502E-016   1.4815024708977637E-030   5.6818581526752970E-033  -2.9379502813517161E-032   1.1271048187030379E-030  -1.5247331719306135E-031   9.6751361464823826E-031   1.6332384076766495E-017  -3.1126553175864153E-017  -3.8673213175794140E-017   5.9356967081471608E-016   6.4993672133895616E-016
   3.8611770565961357E-019  -3.8896426941483829E-018   3.9982222766539925E-018  -2.0964997509731940E-016   4.4097085084117242E-018  -4.4422180673841877E-017   4.5662228208429570E-017   6.1277563647522526E-015   7.0657948908771517E-029  -7.7394899254898291E-031  -6.6414323216505941E-032   8.5846168546401529E-029   1.7060946623910152E-030   7.7073533435519167E-029   5.4856309066613342E-018  -5.5260724554101626E-017   5.6803330617112806E-017   8.4959049614293250E-015   3.6606325029128628E-029   2.5988751678627681E-031  -1.9831551169780260E-031   3.4172760345783620E-029  -3.3337634291638146E-031   3.5733618294261413E-029   3.6878553472209460E-018  -3.7150432102599831E-017   3.8187488389286707E-017  -1.5268998756678223E-015  -2.0728113876894825E-016
   3.0309579203422460E-018   3.3188285642068606E-019   2.3358770835791586E-019  -7.5170484666515211E-018   3.4615457238693406E-017   3.7903122137094459E-018   2.6677194282090583E-018   2.1122489710081500E-016   7.5693946090554160E-031  -8.9256895524470292E-032  -5.3348415397416279E-031   1.7060946623910152E-030   4.5960040439844861E-031   1.7649722924474877E-030   4.3061263962360540E-017   4.7151084444378318E-018   3.3186148512617922E-018   2.8601303266790198E-016  -4.8240753713703843E-031   2.5704896891871736E-033   1.3357337018492551E-032  -2.4755937970197976E-031   1.0994177103691484E-031  -8.6812178974759219E-032   2.8949033440925070E-017   3.1698519614973404E-018   2.2310235108462262E-018  -4.9861379264336703E-016  -5.1773679398587749E-016
   9.3242849333785113E-020  -9.0489167066383860E-019   1.0431013219720543E-017  -1.9005641145000307E-016   1.0648923374466226E-018  -1.0334435433948701E-017   1.1912877102003898E-016   5.5503836150911973E-015   6.3067007682237282E-029  -7.2767758574909869E-031  -3.6949014110698386E-031   7.7073533435519167E-029   1.7649722924474877E-030   6.9348484476422499E-029   1.3247148439238774E-018  -1.2855928756222477E-017   1.4819493554662780E-016   7.6916245594055595E-015   3.2233984443894424E-029   2.2754024298323215E-031  -1.5937127171307579E-031   3.0196477519360816E-029  -2.2953685635561751E-031   3.1664372183555312E-029   8.9057335497992202E-019  -8.6427261355545660E-018   9.9627826732276746E-017  -1.6290624215402129E-015  -4.6942467015510632E-016
   3.3429388982936459E-002   1.2365618432392766E-016   5.0313841770199682E-016  -3.6381155968827723E-016  0.38178477407674571        2.0424282652490437E-017  -3.1164036195378137E-016  -6.0864704601012947E-016   4.1182794747118687E-017   1.8144904485429152E-017   2.4294182508703889E-017   5.4856309066613342E-018   4.3061263962360540E-017   1.3247148439238774E-018  0.47493623498792420       -1.3343720466709061E-016   1.2969768488372313E-017  -1.2757232210483334E-015   1.3402503161600962E-017  -5.9230688326071223E-019  -1.6179236517101552E-017  -8.0139890511068282E-018  -1.1892425025781312E-017   1.3414969991831842E-017  0.31928800234451099        2.0647892250122067E-018  -8.2934689931552011E-017   1.9942420113631606E-015   2.0893172054368596E-015
  -1.0416491813827854E-015   3.3429388982938991E-002   2.6390526502088706E-016   2.8514460764413681E-016   4.1578014903013165E-016  0.38178477407674433       -9.7448606659391506E-016  -1.2552955054797536E-015  -4.3084656995093302E-017   4.7135706017379078E-018  -4.6300292729274248E-017  -5.5260724554101626E-017   4.7151084444378318E-018  -1.2855928756222477E-017  -1.3343720466709061E-016  0.47493623498792509       -3.3765155511501823E-016  -1.3954826345555527E-015   2.0343068084513046E-017  -4.8906483619155440E-018   7.1642071118998813E-018   2.7093140235491221E-017   1.3828624114949524E-017   2.5186679787138641E-017  -1.0149503477145191E-016  0.31928800234451099       -5.1766701261908657E-016   8.4019160827606229E-016   7.0091712976579783E-016
   3.7772248436678663E-016  -1.1074553637869740E-015   3.3429388982939762E-002  -1.0563684095379497E-015  -4.7128913185203460E-017   9.7809235348065356E-016  0.38178477407674316        3.0961174252087079E-016  -9.4542599597199750E-018   4.2451182776074004E-017  -5.7525839134970031E-017   5.6803330617112806E-017   3.3186148512617922E-018   1.4819493554662780E-016   1.2969768488372313E-017  -3.3765155511501823E-016  0.47493623498792881       -1.6465118447427385E-015   1.8979712375209800E-016  -1.9912436225874000E-017   3.8010989574437455E-017   1.3646348763803625E-016   1.8689843580933031E-017   1.1901769981838366E-016   8.6078876231784231E-017   1.2963855244319145E-016  0.31928800234451360        1.5314551252709624E-015   1.3634475297643887E-015
  -1.8489418009149521E-015  -2.0795083693676515E-015  -1.7689183622829886E-015  -2.1682531833463064E-002   2.1151203638724972E-015   2.7209816277288655E-015   1.2972089979755954E-015  0.63138996792921209        6.8127213859586559E-015  -9.8128436083351509E-017  -1.5469191399102502E-016   8.4959049614293250E-015   2.8601303266790198E-016   7.6916245594055595E-015  -1.2757232210483334E-015  -1.3954826345555527E-015  -1.6465118447427385E-015  0.87349745288656788        3.2845292842872151E-015   2.5240486258128395E-017  -1.4838876361639475E-017   3.1236557789889532E-015  -4.3132657662246690E-019   3.3138472665682572E-015  -6.5735702096812927E-017   4.5135507386865001E-016  -6.9427617115014511E-016 -0.28124159801165255      -0.16322276602822205     
   9.4336346339917631E-019   1.4318897696181022E-018   1.3359271014373502E-017  -7.9730996756376196E-017   1.0773807649663975E-017   1.6353087173643623E-017   1.5257132784141840E-016   2.3548139747203076E-015   3.1980773195157176E-029  -9.6437234083000257E-032   1.4815024708977637E-030   3.6606325029128628E-029  -4.8240753713703843E-031   3.2233984443894424E-029   1.3402503161600962E-017   2.0343068084513046E-017   1.8979712375209800E-016   3.2845292842872151E-015   1.9156035669240559E-029   1.1023445211092873E-031  -1.2416616090715520E-031   1.7280173240137415E-029  -4.7200082688916443E-031   1.7572101738043979E-029   9.0101747258584647E-018   1.3676146589298872E-017   1.2759595926615337E-016   6.9516478646461086E-016   1.3879933339046062E-015
  -4.1690769705790270E-020  -3.4423860389049792E-019  -1.4015788376510442E-018  -6.2024777944347204E-019  -4.7613496918279395E-019  -3.9314226676980614E-018  -1.6006917151743657E-017   1.8176996544520111E-017   2.1989780883338094E-031  -3.7960146292921803E-033   5.6818581526752970E-033   2.5988751678627681E-031   2.5704896891871736E-033   2.2754024298323215E-031  -5.9230688326071223E-019  -4.8906483619155440E-018  -1.9912436225874000E-017   2.5240486258128395E-017   1.1023445211092873E-031   1.6974445025333148E-033  -2.3674758683303992E-033   1.0341412070181502E-031  -2.5941046049047164E-033   1.0817800893598836E-031  -3.9819341545086335E-019  -3.2878631500608912E-018  -1.3386643334411892E-017  -2.0029192347910562E-018   2.2775196907688046E-018
  -1.1388096993501865E-018   5.0426783356316674E-019   2.6754837018123726E-018   3.4602954511011032E-019  -1.3005927329534820E-017   5.7590577264025124E-018   3.0555716742646309E-017  -1.0486212510510762E-017  -1.9748462948226637E-031   1.3580269348597133E-033  -2.9379502813517161E-032  -1.9831551169780260E-031   1.3357337018492551E-032  -1.5937127171307579E-031  -1.6179236517101552E-017   7.1642071118998813E-018   3.8010989574437455E-017  -1.4838876361639475E-017  -1.2416616090715520E-031  -2.3674758683303992E-033   4.9874709804956423E-033  -1.0938313617273817E-031   8.0437276126799748E-033  -1.0960244292846594E-031  -1.0876904574644719E-017   4.8163210313885945E-018   2.5553857621894780E-017  -1.6949632892993103E-017  -2.2041930660363211E-017
  -5.6408152834140230E-019   1.9070078401604856E-018   9.6052705061223978E-018  -7.6071862861537560E-017  -6.4421679668359976E-018   2.1779236162314171E-017   1.0969826675561700E-016   2.2421211053671197E-015   2.9542261950449445E-029  -1.3120609738734975E-031   1.1271048187030379E-030   3.4172760345783620E-029  -2.4755937970197976E-031   3.0196477519360816E-029  -8.0139890511068282E-018   2.7093140235491221E-017   1.3646348763803625E-016   3.1236557789889532E-015   1.7280173240137415E-029   1.0341412070181502E-031  -1.0938313617273817E-031   1.5672959436353574E-029  -3.8451430231911720E-031   1.6008212558465657E-029  -5.3876086228804135E-018   1.8214054826226489E-017   9.1741061538545012E-017   4.2152699903050165E-016   1.0463762749494667E-015
  -8.3707342765166895E-019   9.7335688579164551E-019   1.3155240747489608E-018  -1.1717965548267109E-019  -9.5599081881121414E-018   1.1116351511171918E-017   1.5024117309679985E-017   1.0625860537924530E-018  -4.5851539349306688E-031  -1.6708280659301262E-032  -1.5247331719306135E-031  -3.3337634291638146E-031   1.0994177103691484E-031  -2.2953685635561751E-031  -1.1892425025781312E-017   1.3828624114949524E-017   1.8689843580933031E-017  -4.3132657662246690E-019  -4.7200082688916443E-031  -2.5941046049047164E-033   8.0437276126799748E-033  -3.8451430231911720E-031   3.5408970851553204E-032  -3.5627144888661105E-031  -7.9949861682167874E-018   9.2966454095625365E-018   1.2564724233431852E-017  -1.2440264578955146E-016  -1.4215800361248766E-016
   9.4424096754856535E-019   1.7728175990002416E-018   8.3773119210040541E-018  -8.0904405127733579E-017   1.0783829302285437E-017   2.0246698701619899E-017   9.5674202743138128E-017   2.3807952582234553E-015   3.0633556705694379E-029  -1.6911905944833296E-031   9.6751361464823826E-031   3.5733618294261413E-029  -8.6812178974759219E-032   3.1664372183555312E-029   1.3414969991831842E-017   2.5186679787138641E-017   1.1901769981838366E-016   3.3138472665682572E-015   1.7572101738043979E-029   1.0817800893598836E-031  -1.0960244292846594E-031   1.6008212558465657E-029  -3.5627144888661105E-031   1.6412309337838049E-029   9.0185558705834910E-018   1.6932388144974805E-017   8.0012685533701962E-017   2.5172318926707007E-016   8.8684215818410465E-016
   2.2473759721093452E-002   8.2301268821182291E-017   3.4369251219437410E-016  -2.6560229749098746E-016  0.25666455591373022        4.2544034687213024E-018  -1.4732274645002694E-016   1.7788576518899240E-016   2.7686184580350077E-017   1.2198375021926481E-017   1.6332384076766495E-017   3.6878553472209460E-018   2.8949033440925070E-017   8.9057335497992202E-019  0.31928800234451099       -1.0149503477145191E-016   8.6078876231784231E-017  -6.5735702096812927E-017   9.0101747258584647E-018  -3.9819341545086335E-019  -1.0876904574644719E-017  -5.3876086228804135E-018  -7.9949861682167874E-018   9.0185558705834910E-018  0.21464950646214756       -6.5369919558680849E-018  -3.7472737586429367E-018  -2.4220951233470251E-016  -2.5999289281055233E-016
  -6.9381572024752028E-016   2.2473759721095114E-002   2.0251944431041279E-016   1.5690071380370853E-016   3.5329062472699861E-016  0.25666455591372878       -3.6843787591073781E-016   1.6373563117046186E-016  -2.8964760004060150E-017   3.1688181075021502E-018  -3.1126553175864153E-017  -3.7150432102599831E-017   3.1698519614973404E-018  -8.6427261355545660E-018   2.0647892250122067E-018  0.31928800234451099        1.2963855244319145E-016   4.5135507386865001E-016   1.3676146589298872E-017  -3.2878631500608912E-018   4.8163210313885945E-018   1.8214054826226489E-017   9.2966454095625365E-018   1.6932388144974805E-017  -6.5369919558680849E-018  0.21464950646214712       -1.0825893762784707E-016  -1.7843360128731195E-016  -1.2637332686948449E-016
   2.4748227488049345E-016  -7.6497469772519003E-016   2.2473759721095637E-002  -7.2183549861438597E-016  -1.0536412237483722E-016   4.2388628579542758E-016  0.25666455591372811        5.2169237073143880E-016  -6.3558674908480879E-018   2.8538890796737940E-017  -3.8673213175794140E-017   3.8187488389286707E-017   2.2310235108462262E-018   9.9627826732276746E-017  -8.2934689931552011E-017  -5.1766701261908657E-016  0.31928800234451360       -6.9427617115014511E-016   1.2759595926615337E-016  -1.3386643334411892E-017   2.5553857621894780E-017   9.1741061538545012E-017   1.2564724233431852E-017   8.0012685533701962E-017  -3.7472737586429367E-018  -1.0825893762784707E-016  0.21464950646214895       -4.8832021668847115E-016  -7.4232529563374968E-016
   1.1839974161492161E-015   8.5763767570696333E-016   1.0898641038493322E-015   7.4499854324300381E-003  -2.0388331800265454E-015  -1.1715309776078250E-015  -1.1781861323644990E-015 -0.20832809406850736       -5.3470176034667663E-016   9.7984980963933799E-017   5.9356967081471608E-016  -1.5268998756678223E-015  -4.9861379264336703E-016  -1.6290624215402129E-015   1.9942420113631606E-015   8.4019160827606229E-016   1.5314551252709624E-015 -0.28124159801165255        6.9516478646461086E-016  -2.0029192347910562E-018  -1.6949632892993103E-017   4.2152699903050165E-016  -1.2440264578955146E-016   2.5172318926707007E-016  -2.4220951233470251E-016  -1.7843360128731195E-016  -4.8832021668847115E-016  0.54711046598685698       0.57398771190321674     
   1.0208236121273597E-015   6.0296011633315671E-016   9.1861873894415263E-016   4.5870622444350436E-003  -1.9118954484360286E-015  -8.5092365907250987E-016  -1.1815931547762049E-015 -0.12373649874899874        6.2148193052703062E-016   9.4160711960478262E-017   6.4993672133895616E-016  -2.0728113876894825E-016  -5.1773679398587749E-016  -4.6942467015510632E-016   2.0893172054368596E-015   7.0091712976579783E-016   1.3634475297643887E-015 -0.16322276602822205        1.3879933339046062E-015   2.2775196907688046E-018  -2.2041930660363211E-017   1.0463762749494667E-015  -1.4215800361248766E-016   8.8684215818410465E-016  -2.5999289281055233E-016  -1.2637332686948449E-016  -7.4232529563374968E-016  0.57398771190321674       0.62602929986460298     
