   7.3099437369573668E-004   1.0118660977749254E-016   9.3774304290646088E-017  -1.1126708261518135E-016  -1.2507861821653459E-002  -9.6074185560922147E-016  -1.0210701108833112E-015   2.1385800551261863E-015  -1.5233028167114476E-002  -1.1180189613059604E-015  -1.2282927905682346E-015  -3.4268443809579300E-018  -1.7956373239969662E-018   1.2708677910603409E-019  -3.8797090277724711E-018  -8.8814969270251038E-021  -3.9944758009675124E-018   2.6613177611581516E-015  -5.0058773060594024E-003  -1.7942948876036036E-016  -2.7767894795811046E-016  -1.8193652550590529E-018  -1.0326156935428002E-018   1.6878905432350483E-019  -2.5000492662370778E-018   8.5988834701701910E-019  -1.2675869064143554E-018   4.4937780503739267E-003   3.5977247107134469E-015   2.4302725418145697E-015  -1.8424087524200966E-016   3.9230368461412175E-016   2.4815428307811186E-003   2.1005529099985300E-015   1.4146981640653882E-015  -3.1093381878805687E-015  -1.9284629779664006E-015
   1.0118660977749254E-016   7.3099437369540578E-004  -5.7214015592672962E-017   2.6732099875491458E-017  -8.6438711581377871E-016  -1.2507861821650333E-002   6.5815139565196524E-016  -2.1257584742188643E-015  -9.7089859628360184E-016  -1.5233028167111086E-002   7.6502091911628270E-016  -1.2885520376284215E-017   1.8106512560753343E-018  -1.3176666386407238E-019  -1.2320729488142767E-017   2.6127812355592405E-018  -1.4417918213489909E-017  -2.9538292308354493E-015  -3.7267194622359337E-016  -5.0058773060586703E-003   1.6207796212886676E-016   5.3625486437362855E-018  -1.5499207940583030E-018   3.8872718259484358E-020   4.9661561297406456E-018  -1.3059540818408549E-018   6.4561245855559498E-018  -4.7518759742616753E-016   4.4937780503662306E-003  -1.7191716696040959E-015  -1.3625619555019392E-015  -1.9467374957128406E-015  -2.8886294780797858E-016   2.4815428307766296E-003  -1.0015690839934667E-015  -4.4953184162286242E-015  -3.2332720212609884E-015
   9.3774304290646088E-017  -5.7214015592672962E-017   7.3099437369586549E-004  -6.1247049305509685E-017  -6.4364862487109408E-016   3.5876519902174447E-016  -1.2507861821654531E-002   3.3470365420828644E-015  -7.1457158820420016E-016   3.8508946581909943E-016  -1.5233028167115793E-002  -7.0334502318371621E-018  -4.3842958900650055E-018   1.6836945641584741E-018  -1.1481407784842982E-017  -2.4715638330448358E-018  -1.4905327388316822E-017   4.2872947522084424E-015  -2.3522271019859224E-016   2.0194297630928974E-017  -5.0058773060599453E-003  -3.7606176083700756E-018  -5.0552825311332546E-019  -2.4059290728622257E-019  -2.9897142271364131E-018  -5.7581295227301213E-019  -5.4856036408152451E-019   4.2470850458226287E-016  -1.9548254479174895E-015   4.4937780503724739E-003   4.6928899862629908E-016   1.4180670279713007E-015   2.4022647919143631E-016  -1.1440751603002686E-015   2.4815428307802508E-003   9.3772041059336826E-016   8.5910567179564489E-016
  -1.1126708261518135E-016   2.6732099875491458E-017  -6.1247049305509685E-017   6.1697821607442800E-004   9.3511341497868606E-016   3.8045912952622240E-016  -4.8012423516216912E-016  -1.8939733562346600E-002   1.0660582709981525E-015   5.5933396637217398E-016  -5.9022070376553319E-016  -1.2972959671578512E-015  -5.3518670370756705E-018  -1.2035063650740890E-017  -1.3426162286736404E-015  -1.1132002616877837E-019  -1.2724224873113836E-015  -2.2594275588450070E-002   3.5732606431918109E-016   2.1537137471172788E-016  -5.6014844061425707E-017  -1.2253967868314535E-015  -3.0728017098226310E-018  -5.1930041791206274E-019  -1.1273376902171680E-015  -1.6652382257870177E-018  -1.1225207600779408E-015  -3.9743362792304226E-016   6.5799879024471339E-016   3.0751595519511399E-015   1.7658323896028841E-002   1.0443943203883999E-002  -2.2487560065973800E-016   3.8837761181792995E-016   1.8009518247131243E-015  -5.3963144487680281E-003  -1.9549287392891818E-003
  -1.2507861821653459E-002  -8.6438711581377871E-016  -6.4364862487109408E-016   9.3511341497868606E-016  0.21401972455888393        1.5676208501234347E-015   9.9759422955325735E-016  -2.4951660458675011E-015  0.26064931275289116        1.0327594678419719E-015   9.6250327574573522E-016   5.8489422185308318E-017   3.0813101759257580E-017  -2.5350196474204641E-018   6.6264209123654812E-017   3.2800742860102324E-019   6.8678547169169650E-017  -2.4909199329454866E-015   8.5601848609198408E-002   1.9103579209206653E-016  -6.4166954036181847E-018   3.1092036895513293E-017   1.7530602783931308E-017  -2.6316100396659544E-018   4.3177150331267810E-017  -1.4761578044769272E-017   2.1638852063679285E-017  -7.7781746886133832E-002  -4.4546500293879543E-015  -4.7287617066718113E-015  -1.6190008675189377E-015  -1.9844644371199066E-015  -4.2983633674810548E-002  -2.5926047045292980E-015  -2.7698511990319675E-015   6.5312480794503786E-015   3.8886269107470150E-015
  -9.6074185560922147E-016  -1.2507861821650333E-002   3.5876519902174447E-016   3.8045912952622240E-016   1.5676208501234347E-015  0.21401972455887408       -6.0043697217983607E-016   1.3327214172430406E-015   4.9941460863880189E-016  0.26064931275288622       -1.0912384445608797E-016   2.1969449256702676E-016  -3.1520154459755569E-017   2.3557885130096980E-018   2.1044947226261619E-016  -4.5244090333453322E-017   2.4593433200201774E-016   3.7543501192444495E-015   3.3263821785075137E-016   8.5601848609197007E-002   9.4321937722000317E-017  -9.1874008724509644E-017   2.7069520244633774E-017  -5.5502104567315745E-019  -8.5566349457061965E-017   2.2612587799298396E-017  -1.1132699227435529E-016   2.2699459354204066E-016  -7.7781746886124561E-002   2.0084451795187568E-015   1.4618992436660300E-015   2.0495088596628746E-015   1.3442065652692188E-016  -4.2983633674805073E-002   1.1755011372380764E-015   8.5459794090573587E-015   5.8741833923567043E-015
  -1.0210701108833112E-015   6.5815139565196524E-016  -1.2507861821654531E-002  -4.8012423516216912E-016   9.9759422955325735E-016  -6.0043697217983607E-016  0.21401972455888302       -1.0313150218143159E-015   2.1283933423126253E-017   1.5073880319115469E-016  0.26064931275289016        1.1939837300120556E-016   7.4900652928129346E-017  -2.9064004671532794E-017   1.9571849050927988E-016   4.1974758316685700E-017   2.5500029784102817E-016  -1.2038017078839099E-015   2.1193583269796860E-016   1.6993121361345605E-016   8.5601848609198228E-002   6.3853552252502169E-017   8.5849302583964097E-018   3.8521085800941102E-018   5.0648428509410952E-017   1.0025795056008795E-017   8.9061979087987129E-018  -3.6894492512451271E-016   2.7960822653485151E-015  -7.7781746886131445E-002  -4.2032700480907012E-015  -4.2181690701616146E-015  -1.8431929021940634E-016   1.6440754462034339E-015  -4.2983633674809132E-002  -2.8773811152012479E-015  -2.5328336056468099E-015
   2.1385800551261863E-015  -2.1257584742188643E-015   3.3470365420828644E-015  -1.8939733562346600E-002  -2.4951660458675011E-015   1.3327214172430406E-015  -1.0313150218143159E-015  0.60066830057352127        4.0459641339803251E-016  -2.2284309887883538E-015   3.9222407941636890E-016   4.2232745966680678E-014   9.6158320961971624E-017   3.7775761827468841E-016   4.3641124838438090E-014  -1.1341598975694079E-017   4.1506547646003472E-014  0.72698439804440029       -1.1281864431535343E-015  -5.8252049781640211E-016   7.8304912685504678E-016   4.1799010519802555E-014   1.5015167222951873E-016   3.7502745624603823E-017   3.7799641875276991E-014   8.2107799358951642E-017   3.7678017443597225E-014  -2.2439127808595784E-015  -2.5488943025072984E-015  -6.0357751004622628E-015 -0.44386064089358068      -0.22677569705473169       -1.5965524234054765E-015  -1.5357079932454799E-015  -3.7041327122070388E-015  0.11058147734593163        3.9682052730633306E-002
  -1.5233028167114476E-002  -9.7089859628360184E-016  -7.1457158820420016E-016   1.0660582709981525E-015  0.26064931275289116        4.9941460863880189E-016   2.1283933423126253E-017   4.0459641339803251E-016  0.31743839627322801       -4.5749288982763837E-016  -2.7923255442931498E-016   7.1273827397029430E-017   3.7501829299504800E-017  -2.9865552955929870E-018   8.0735305174874009E-017   3.5025326463109399E-019   8.3549687412882483E-017   1.7368118969649326E-015  0.10426712953889167        8.0442893457783626E-017   5.6530209208222617E-017   3.7877065062729464E-017   2.1388752321078949E-017  -3.2766904225649768E-018   5.2472748137872753E-017  -1.7964287056791974E-017   2.6367566917128532E-017  -9.4479751974329340E-002   2.0242435282193600E-015   3.7986114031912959E-015   2.3464467956364087E-015   2.2215443343653525E-015  -5.2202638982705510E-002   1.1997455603225840E-015   2.2247135633662268E-015  -7.9782303794128818E-015  -4.7795630199999260E-015
  -1.1180189613059604E-015  -1.5233028167111086E-002   3.8508946581909943E-016   5.5933396637217398E-016   1.0327594678419719E-015  0.26064931275288622        1.5073880319115469E-016  -2.2284309887883538E-015  -4.5749288982763837E-016  0.31743839627323056        9.3966364772986944E-016   2.6778058899625139E-016  -3.8237072085474280E-017   2.8407746628390736E-018   2.5640415529422217E-016  -5.4951438198500732E-017   2.9973205300783913E-016  -5.0312612520334720E-016   1.5233647241751027E-017  0.10426712953889188        3.1389128391832544E-016  -1.1185852441003728E-016   3.2813769941994647E-017  -7.0673589943036817E-019  -1.0404379295324208E-016   2.7464757002815441E-017  -1.3534265053426999E-016  -7.2532662371952868E-017  -9.4479751974335807E-002  -4.6359764795755541E-016   2.4071009175975275E-016  -3.5681497130664674E-016  -5.2322857871092097E-017  -5.2202638982709187E-002  -2.6599547901695784E-016  -8.2900441491472115E-015  -5.4085378886440393E-015
  -1.2282927905682346E-015   7.6502091911628270E-016  -1.5233028167115793E-002  -5.9022070376553319E-016   9.6250327574573522E-016  -1.0912384445608797E-016  0.26064931275289016        3.9222407941636890E-016  -2.7923255442931498E-016   9.3966364772986944E-016  0.31743839627322695        1.4567784556262297E-016   9.1252702643611965E-017  -3.5325141355513639E-017   2.3856696819342639E-016   5.1208288640813304E-017   3.1057028453123980E-016   1.2853780154812653E-015   1.3675277739758095E-016   2.4606905342963984E-016  0.10426712953889118        7.7903687568181157E-017   1.0473566869586939E-017   4.7653767213764327E-018   6.1825503687827327E-017   1.2161751288714602E-017   1.0980874782505121E-017  -7.0233380264080962E-016  -3.5331139019826827E-016  -9.4479751974331935E-002   1.9638550010848037E-015   1.8766543646891370E-015  -3.7656619009550159E-016  -1.9724293134470259E-016  -5.2202638982707023E-002   2.0291395653911367E-015   1.6286190197631483E-015
  -3.4268443809579300E-018  -1.2885520376284215E-017  -7.0334502318371621E-018  -1.2972959671578512E-015   5.8489422185308318E-017   2.1969449256702676E-016   1.1939837300120556E-016   4.2232745966680678E-014   7.1273827397029430E-017   2.6778058899625139E-016   1.4567784556262297E-016   3.0315952847006445E-027   3.3547491485046666E-030   2.6626490283023484E-029   3.1286757001729903E-027  -7.6027354283005157E-031   2.9831680751464046E-027   5.1683637738815041E-014   3.2718080764343890E-017   1.3791553571546647E-016   1.0812446242973158E-016   3.0995896651949188E-027   1.2379346706982245E-029   3.6653268625524583E-030   2.7707470235294505E-027   7.1702449994770009E-030   2.7641112805966212E-027   1.3583291510305585E-016   7.6329482668145302E-016   9.7369333997945534E-016  -2.4860034800322273E-014  -1.0226295507540359E-014   8.0509341291999283E-017   4.5103846374066236E-016   5.7333851335488682E-016   5.0688942588670429E-015   1.9617256835497392E-015
  -1.7956373239969662E-018   1.8106512560753343E-018  -4.3842958900650055E-018  -5.3518670370756705E-018   3.0813101759257580E-017  -3.1520154459755569E-017   7.4900652928129346E-017   9.6158320961971624E-017   3.7501829299504800E-017  -3.8237072085474280E-017   9.1252702643611965E-017   3.3547491485046666E-030   6.9956824269498741E-031  -5.8136037469361128E-033   3.4019108026115165E-030   4.8434313146042825E-031   2.9463054808615144E-030   7.7903916879274286E-017   6.7126851336696794E-018   2.1618777435913675E-017   3.7473411731798755E-017  -3.9422756225138570E-030  -4.8889004070861373E-031  -6.0132342039857747E-032  -9.8143197358761460E-031  -3.1272847373660186E-031  -1.0072168621677167E-030  -1.0574401876910489E-016   5.8809333710910310E-016   9.9395641568422860E-017  -4.9983033155743686E-016  -4.2249712908931105E-016  -6.1713545746831122E-017   3.4498055434578901E-016   5.9317079150288131E-017   2.0410057703247897E-016   6.4643605964253175E-017
   1.2708677910603409E-019  -1.3176666386407238E-019   1.6836945641584741E-018  -1.2035063650740890E-017  -2.5350196474204641E-018   2.3557885130096980E-018  -2.9064004671532794E-017   3.7775761827468841E-016  -2.9865552955929870E-018   2.8407746628390736E-018  -3.5325141355513639E-017   2.6626490283023484E-029  -5.8136037469361128E-033   4.9233706831021882E-031   2.7503638706525162E-029  -5.2452933065608823E-032   2.5676740453328755E-029   4.5511382691081617E-016   2.1899053658949616E-017  -5.4876417175052116E-018   4.5601106204734951E-018   2.5799218526516533E-029   1.7179819341171778E-031  -2.1500963275525774E-032   2.3272926031586349E-029   6.3285533384325640E-032   2.3347367793511947E-029   3.8695875321785027E-016  -1.0918679631001059E-016   2.8324543775766939E-016  -3.0300946948973717E-016  -1.6315228701861208E-016   2.2722265022188063E-016  -6.4093951820555878E-017   1.6597928064134933E-016   1.3357258871924512E-016   6.3000186737995042E-017
  -3.8797090277724711E-018  -1.2320729488142767E-017  -1.1481407784842982E-017  -1.3426162286736404E-015   6.6264209123654812E-017   2.1044947226261619E-016   1.9571849050927988E-016   4.3641124838438090E-014   8.0735305174874009E-017   2.5640415529422217E-016   2.3856696819342639E-016   3.1286757001729903E-027   3.4019108026115165E-030   2.7503638706525162E-029   3.2295389301328521E-027  -1.0742825827261510E-030   3.0788948106353799E-027   5.3372866821560028E-014   3.4181218681051336E-017   1.0758291850831554E-016   1.2517864508527053E-016   3.1928177200803197E-027   1.2523098715050066E-029   3.5608257689896463E-030   2.8560275495246703E-027   7.6210575113901891E-030   2.8488866088412981E-027   1.0526614884705389E-016   3.1791118757019985E-016   7.1898510885571117E-016  -2.6075880366965078E-014  -1.0909246964519656E-014   6.2655926650521147E-017   1.8935541690279369E-016   4.2471402542402049E-016   5.7667087880144722E-015   2.3136335672838054E-015
  -8.8814969270251038E-021   2.6127812355592405E-018  -2.4715638330448358E-018  -1.1132002616877837E-019   3.2800742860102324E-019  -4.5244090333453322E-017   4.1974758316685700E-017  -1.1341598975694079E-017   3.5025326463109399E-019  -5.4951438198500732E-017   5.1208288640813304E-017  -7.6027354283005157E-031   4.8434313146042825E-031  -5.2452933065608823E-032  -1.0742825827261510E-030   5.3677661914869433E-031  -1.0097931761906386E-030  -2.1532904310926372E-017  -1.1058782836649028E-017   1.6055678378640657E-017   3.6857458121018691E-017  -2.7451657388597701E-030  -4.6040592242579890E-031   4.5971305172088026E-032  -1.5517629849760499E-030  -2.5783301935158252E-031  -1.5120147318716123E-030  -1.8864763537425802E-016   5.9183579386496222E-016   3.2286259470876977E-016  -7.9290416105439897E-017  -7.3677447762516022E-017  -1.1078555829871875E-016   3.4700553771001731E-016   1.9014077326196556E-016   9.2027737299031424E-017   4.7493524658828354E-017
  -3.9944758009675124E-018  -1.4417918213489909E-017  -1.4905327388316822E-017  -1.2724224873113836E-015   6.8678547169169650E-017   2.4593433200201774E-016   2.5500029784102817E-016   4.1506547646003472E-014   8.3549687412882483E-017   2.9973205300783913E-016   3.1057028453123980E-016   2.9831680751464046E-027   2.9463054808615144E-030   2.5676740453328755E-029   3.0788948106353799E-027  -1.0097931761906386E-030   2.9373002181137144E-027   5.0837338517344297E-014   6.5051097501896413E-018   1.4718634516909391E-016   1.0466391387970565E-016   3.0574332201375183E-027   1.1866926907211657E-029   3.3986018744177394E-030   2.7311932081641419E-027   7.4542967488232810E-030   2.7245201737882701E-027  -3.7816717927743137E-016   7.3312999675427829E-016  -4.7674609176855257E-017  -2.3963567222880378E-014  -9.6226872825555574E-015  -2.2122619408652877E-016   4.3365373128897710E-016  -2.4785908188157112E-017   5.0756029577929819E-015   2.0573591283632617E-015
   2.6613177611581516E-015  -2.9538292308354493E-015   4.2872947522084424E-015  -2.2594275588450070E-002  -2.4909199329454866E-015   3.7543501192444495E-015  -1.2038017078839099E-015  0.72698439804440029        1.7368118969649326E-015  -5.0312612520334720E-016   1.2853780154812653E-015   5.1683637738815041E-014   7.7903916879274286E-017   4.5511382691081617E-016   5.3372866821560028E-014  -2.1532904310926372E-017   5.0837338517344297E-014  0.88531241739453370       -9.3781850196985470E-016   1.6111139620251845E-016   1.6345173555917302E-015   5.2125559827806134E-014   2.0978526081634839E-016   5.6592065044748464E-017   4.6819322546449987E-014   1.1455076905552444E-016   4.6688439499365107E-014   3.9827752657725824E-015   6.2197877233390280E-016   1.6002320942649664E-016 -0.47641320032964790      -0.21981593595002960        1.8233134280148278E-015   2.6717244962121351E-016  -1.5693452898302216E-016  0.10171393757888639        3.6068362183118402E-002
  -5.0058773060594024E-003  -3.7267194622359337E-016  -2.3522271019859224E-016   3.5732606431918109E-016   8.5601848609198408E-002   3.3263821785075137E-016   2.1193583269796860E-016  -1.1281864431535343E-015  0.10426712953889167        1.5233647241751027E-017   1.3675277739758095E-016   3.2718080764343890E-017   6.7126851336696794E-018   2.1899053658949616E-017   3.4181218681051336E-017  -1.1058782836649028E-017   6.5051097501896413E-018  -9.3781850196985470E-016   3.7594458831957285E-002  -5.1691288542442731E-018  -7.2000976891492834E-018   1.4901498875547115E-017   1.5802545650377205E-017  -1.7357726950149986E-017  -8.1100653253113397E-018  -2.8411964254316801E-018   1.1871008415540426E-017   2.5433581737930280E-002  -6.7935620877167272E-016  -1.5509020798316997E-015  -2.9347051864765322E-015  -2.5600286261349107E-015   1.6015182064446784E-002  -3.8564048887858295E-016  -9.0278529111852497E-016   8.2682407141404961E-015   4.9140599802324805E-015
  -1.7942948876036036E-016  -5.0058773060586703E-003   2.0194297630928974E-017   2.1537137471172788E-016   1.9103579209206653E-016   8.5601848609197007E-002   1.6993121361345605E-016  -5.8252049781640211E-016   8.0442893457783626E-017  0.10426712953889188        2.4606905342963984E-016   1.3791553571546647E-016   2.1618777435913675E-017  -5.4876417175052116E-018   1.0758291850831554E-016   1.6055678378640657E-017   1.4718634516909391E-016   1.6111139620251845E-016  -5.1691288542442731E-018   3.7594458831957438E-002   1.7844264545435163E-016  -2.9346392563068204E-017  -2.4077584237225663E-017  -7.2220393340580801E-018   3.3664321734627822E-018  -7.9052606679574067E-018   9.9756208989022720E-018  -2.0958883211036706E-016   2.5433581737930779E-002   5.7225833601696295E-016  -1.5217504355167901E-015  -1.2488787217557544E-015  -1.3644944338456911E-016   1.6015182064447003E-002   3.5312557142928253E-016   7.4726268540706365E-015   4.6231985558843085E-015
  -2.7767894795811046E-016   1.6207796212886676E-016  -5.0058773060599453E-003  -5.6014844061425707E-017  -6.4166954036181847E-018   9.4321937722000317E-017   8.5601848609198228E-002   7.8304912685504678E-016   5.6530209208222617E-017   3.1389128391832544E-016  0.10426712953889118        1.0812446242973158E-016   3.7473411731798755E-017   4.5601106204734951E-018   1.2517864508527053E-016   3.6857458121018691E-017   1.0466391387970565E-016   1.6345173555917302E-015  -7.2000976891492834E-018   1.7844264545435163E-016   3.7594458831957202E-002   5.6921049057822749E-017   7.5700028241931435E-018   1.8362299569512937E-017   5.2550758379086857E-017  -6.9973617342785946E-018   3.4081277057866464E-017   8.8376791914215581E-016   8.0868447308240629E-016   2.5433581737930259E-002  -5.0009810292004608E-016  -7.6241255003674406E-017   4.5339069040112683E-016   4.7984896758272083E-016   1.6015182064446819E-002  -2.4282794512572362E-015  -1.5769495351527138E-015
  -1.8193652550590529E-018   5.3625486437362855E-018  -3.7606176083700756E-018  -1.2253967868314535E-015   3.1092036895513293E-017  -9.1874008724509644E-017   6.3853552252502169E-017   4.1799010519802555E-014   3.7877065062729464E-017  -1.1185852441003728E-016   7.7903687568181157E-017   3.0995896651949188E-027  -3.9422756225138570E-030   2.5799218526516533E-029   3.1928177200803197E-027  -2.7451657388597701E-030   3.0574332201375183E-027   5.2125559827806134E-014   1.4901498875547115E-017  -2.9346392563068204E-017   5.6921049057822749E-017   3.3429942797988432E-027   1.9131404722926801E-029   6.2296510429107293E-030   2.9326336785992181E-027   9.5929191557077746E-030   2.9288475699796187E-027   3.0239858820445599E-017   1.5807541826393791E-016   5.0550704316261796E-016  -1.3735885267445917E-014  -3.7455016981530958E-016   1.8151089952937105E-017   9.1677651920663185E-017   2.9768052928298504E-016  -2.0891201280727646E-015  -1.0803736292211937E-015
  -1.0326156935428002E-018  -1.5499207940583030E-018  -5.0552825311332546E-019  -3.0728017098226310E-018   1.7530602783931308E-017   2.7069520244633774E-017   8.5849302583964097E-018   1.5015167222951873E-016   2.1388752321078949E-017   3.2813769941994647E-017   1.0473566869586939E-017   1.2379346706982245E-029  -4.8889004070861373E-031   1.7179819341171778E-031   1.2523098715050066E-029  -4.6040592242579890E-031   1.1866926907211657E-029   2.0978526081634839E-016   1.5802545650377205E-017  -2.4077584237225663E-017   7.5700028241931435E-018   1.9131404722926801E-029   1.6286162927172067E-030   5.4611862362042458E-031   1.4390292637936145E-029  -5.7962853148907849E-032   1.4383989086185534E-029   1.4173596103537114E-016  -5.9791019291815333E-016   6.6567774559547497E-017   2.1343277881367845E-016   2.1812673052539428E-016   8.3460085550897193E-017  -3.5080190544358517E-016   3.9202329294126505E-017  -1.0802421428521787E-015  -6.6129833829352625E-016
   1.6878905432350483E-019   3.8872718259484358E-020  -2.4059290728622257E-019  -5.1930041791206274E-019  -2.6316100396659544E-018  -5.5502104567315745E-019   3.8521085800941102E-018   3.7502745624603823E-017  -3.2766904225649768E-018  -7.0673589943036817E-019   4.7653767213764327E-018   3.6653268625524583E-030  -6.0132342039857747E-032  -2.1500963275525774E-032   3.5608257689896463E-030   4.5971305172088026E-032   3.3986018744177394E-030   5.6592065044748464E-017  -1.7357726950149986E-017  -7.2220393340580801E-018   1.8362299569512937E-017   6.2296510429107293E-030   5.4611862362042458E-031   3.7831994352171773E-031   4.7079001514817944E-030  -1.3242846930090488E-031   4.5707162228896431E-030  -2.7375244149845693E-016  -1.1773488558085231E-016   2.8200929493711186E-016   1.0190440687008279E-016   9.5511129235783261E-017  -1.6080351463361536E-016  -6.9150777504641394E-017   1.6566800690378556E-016  -4.4354144702092402E-016  -2.7075918216271092E-016
  -2.5000492662370778E-018   4.9661561297406456E-018  -2.9897142271364131E-018  -1.1273376902171680E-015   4.3177150331267810E-017  -8.5566349457061965E-017   5.0648428509410952E-017   3.7799641875276991E-014   5.2472748137872753E-017  -1.0404379295324208E-016   6.1825503687827327E-017   2.7707470235294505E-027  -9.8143197358761460E-031   2.3272926031586349E-029   2.8560275495246703E-027  -1.5517629849760499E-030   2.7311932081641419E-027   4.6819322546449987E-014  -8.1100653253113397E-018   3.3664321734627822E-018   5.2550758379086857E-017   2.9326336785992181E-027   1.4390292637936145E-029   4.7079001514817944E-030   2.5901066759847076E-027   7.8675564625404956E-030   2.5856046794216313E-027  -4.4328860637881956E-016   6.6442229846625259E-016   5.2566122400733611E-016  -1.5988055354218700E-014  -3.5308717276059430E-015  -2.5979222871529310E-016   3.8912641331440534E-016   3.0935038775273153E-016   7.8059852487079945E-016   2.3391309139858405E-016
   8.5988834701701910E-019  -1.3059540818408549E-018  -5.7581295227301213E-019  -1.6652382257870177E-018  -1.4761578044769272E-017   2.2612587799298396E-017   1.0025795056008795E-017   8.2107799358951642E-017  -1.7964287056791974E-017   2.7464757002815441E-017   1.2161751288714602E-017   7.1702449994770009E-030  -3.1272847373660186E-031   6.3285533384325640E-032   7.6210575113901891E-030  -2.5783301935158252E-031   7.4542967488232810E-030   1.1455076905552444E-016  -2.8411964254316801E-018  -7.9052606679574067E-018  -6.9973617342785946E-018   9.5929191557077746E-030  -5.7962853148907849E-032  -1.3242846930090488E-031   7.8675564625404956E-030   2.8520253571339495E-031   7.8240256701933148E-030   5.6970486367182912E-017  -2.9378552966248187E-016  -1.8909602812091721E-016   1.0508236487322070E-016   1.2329006453241169E-016   3.3271867478815608E-017  -1.7225058335715844E-016  -1.1092671473046289E-016   2.2126618026121052E-016   1.6333833794579842E-016
  -1.2675869064143554E-018   6.4561245855559498E-018  -5.4856036408152451E-019  -1.1225207600779408E-015   2.1638852063679285E-017  -1.1132699227435529E-016   8.9061979087987129E-018   3.7678017443597225E-014   2.6367566917128532E-017  -1.3534265053426999E-016   1.0980874782505121E-017   2.7641112805966212E-027  -1.0072168621677167E-030   2.3347367793511947E-029   2.8488866088412981E-027  -1.5120147318716123E-030   2.7245201737882701E-027   4.6688439499365107E-014   1.1871008415540426E-017   9.9756208989022720E-018   3.4081277057866464E-017   2.9288475699796187E-027   1.4383989086185534E-029   4.5707162228896431E-030   2.5856046794216313E-027   7.8240256701933148E-030   2.5815217813897790E-027   4.6320138704501732E-017   9.5872959011573376E-016   5.1094732665154128E-016  -1.5715585889543994E-014  -3.3215980230235233E-015   2.7475681301484554E-017   5.6164375831310142E-016   3.0018326646110266E-016   6.1718429440840591E-016   1.6107118662466967E-016
   4.4937780503739267E-003  -4.7518759742616753E-016   4.2470850458226287E-016  -3.9743362792304226E-016  -7.7781746886133832E-002   2.2699459354204066E-016  -3.6894492512451271E-016  -2.2439127808595784E-015  -9.4479751974329340E-002  -7.2532662371952868E-017  -7.0233380264080962E-016   1.3583291510305585E-016  -1.0574401876910489E-016   3.8695875321785027E-016   1.0526614884705389E-016  -1.8864763537425802E-016  -3.7816717927743137E-016   3.9827752657725824E-015   2.5433581737930280E-002  -2.0958883211036706E-016   8.8376791914215581E-016   3.0239858820445599E-017   1.4173596103537114E-016  -2.7375244149845693E-016  -4.4328860637881956E-016   5.6970486367182912E-017   4.6320138704501732E-017  0.98092165945721088        1.0537334009693480E-016   1.2809492913812676E-015  -2.4373193137054035E-017   3.3802217153648975E-015  0.57509941897098660        1.9188390594148894E-016   8.7562115624162280E-016  -4.8703147092783350E-015  -2.7666069922518389E-015
   3.5977247107134469E-015   4.4937780503662306E-003  -1.9548254479174895E-015   6.5799879024471339E-016  -4.4546500293879543E-015  -7.7781746886124561E-002   2.7960822653485151E-015  -2.5488943025072984E-015   2.0242435282193600E-015  -9.4479751974335807E-002  -3.5331139019826827E-016   7.6329482668145302E-016   5.8809333710910310E-016  -1.0918679631001059E-016   3.1791118757019985E-016   5.9183579386496222E-016   7.3312999675427829E-016   6.2197877233390280E-016  -6.7935620877167272E-016   2.5433581737930779E-002   8.0868447308240629E-016   1.5807541826393791E-016  -5.9791019291815333E-016  -1.1773488558085231E-016   6.6442229846625259E-016  -2.9378552966248187E-016   9.5872959011573376E-016   1.0537334009693480E-016  0.98092165945721377        3.9794530378311761E-016   4.0778712925236446E-016   1.1133521544377479E-015  -1.2751965794841606E-016  0.57509941897098626        4.9494943326250002E-016  -4.1498505016500194E-015  -2.5792360240672012E-015
   2.4302725418145697E-015  -1.7191716696040959E-015   4.4937780503724739E-003   3.0751595519511399E-015  -4.7287617066718113E-015   2.0084451795187568E-015  -7.7781746886131445E-002  -6.0357751004622628E-015   3.7986114031912959E-015  -4.6359764795755541E-016  -9.4479751974331935E-002   9.7369333997945534E-016   9.9395641568422860E-017   2.8324543775766939E-016   7.1898510885571117E-016   3.2286259470876977E-016  -4.7674609176855257E-017   1.6002320942649664E-016  -1.5509020798316997E-015   5.7225833601696295E-016   2.5433581737930259E-002   5.0550704316261796E-016   6.6567774559547497E-017   2.8200929493711186E-016   5.2566122400733611E-016  -1.8909602812091721E-016   5.1094732665154128E-016   1.2809492913812676E-015   3.9794530378311761E-016  0.98092165945720655       -1.3141849240554386E-015   7.1687771708569227E-016  -5.5222185942897454E-016   2.5411082814845441E-016  0.57509941897098460        2.7240897345081931E-015   1.6988089797153023E-015
  -1.8424087524200966E-016  -1.3625619555019392E-015   4.6928899862629908E-016   1.7658323896028841E-002  -1.6190008675189377E-015   1.4618992436660300E-015  -4.2032700480907012E-015 -0.44386064089358068        2.3464467956364087E-015   2.4071009175975275E-016   1.9638550010848037E-015  -2.4860034800322273E-014  -4.9983033155743686E-016  -3.0300946948973717E-016  -2.6075880366965078E-014  -7.9290416105439897E-017  -2.3963567222880378E-014 -0.47641320032964790       -2.9347051864765322E-015  -1.5217504355167901E-015  -5.0009810292004608E-016  -1.3735885267445917E-014   2.1343277881367845E-016   1.0190440687008279E-016  -1.5988055354218700E-014   1.0508236487322070E-016  -1.5715585889543994E-014  -2.4373193137054035E-017   4.0778712925236446E-016  -1.3141849240554386E-015   1.0063036466386515       0.77720450098554150       -1.9555383876866935E-015  -6.1535478897270989E-016  -1.3381809384917114E-015 -0.45027784987421365      -0.16933137016197003     
   3.9230368461412175E-016  -1.9467374957128406E-015   1.4180670279713007E-015   1.0443943203883999E-002  -1.9844644371199066E-015   2.0495088596628746E-015  -4.2181690701616146E-015 -0.22677569705473169        2.2215443343653525E-015  -3.5681497130664674E-016   1.8766543646891370E-015  -1.0226295507540359E-014  -4.2249712908931105E-016  -1.6315228701861208E-016  -1.0909246964519656E-014  -7.3677447762516022E-017  -9.6226872825555574E-015 -0.21981593595002960       -2.5600286261349107E-015  -1.2488787217557544E-015  -7.6241255003674406E-017  -3.7455016981530958E-016   2.1812673052539428E-016   9.5511129235783261E-017  -3.5308717276059430E-015   1.2329006453241169E-016  -3.3215980230235233E-015   3.3802217153648975E-015   1.1133521544377479E-015   7.1687771708569227E-016  0.77720450098554150       0.63378514893033167        2.2076091220440292E-016  -5.8406065529177820E-017  -1.8211291002241561E-016 -0.35800510597729079      -0.13109186933699998     
   2.4815428307811186E-003  -2.8886294780797858E-016   2.4022647919143631E-016  -2.2487560065973800E-016  -4.2983633674810548E-002   1.3442065652692188E-016  -1.8431929021940634E-016  -1.5965524234054765E-015  -5.2202638982705510E-002  -5.2322857871092097E-017  -3.7656619009550159E-016   8.0509341291999283E-017  -6.1713545746831122E-017   2.2722265022188063E-016   6.2655926650521147E-017  -1.1078555829871875E-016  -2.2122619408652877E-016   1.8233134280148278E-015   1.6015182064446784E-002  -1.3644944338456911E-016   4.5339069040112683E-016   1.8151089952937105E-017   8.3460085550897193E-017  -1.6080351463361536E-016  -2.5979222871529310E-016   3.3271867478815608E-017   2.7475681301484554E-017  0.57509941897098660       -1.2751965794841606E-016  -5.5222185942897454E-016  -1.9555383876866935E-015   2.2076091220440292E-016  0.33720501501264277        1.5183079981721166E-018  -2.5153680985004920E-016   1.5398292392239431E-015   9.3080714390718424E-016
   2.1005529099985300E-015   2.4815428307766296E-003  -1.1440751603002686E-015   3.8837761181792995E-016  -2.5926047045292980E-015  -4.2983633674805073E-002   1.6440754462034339E-015  -1.5357079932454799E-015   1.1997455603225840E-015  -5.2202638982709187E-002  -1.9724293134470259E-016   4.5103846374066236E-016   3.4498055434578901E-016  -6.4093951820555878E-017   1.8935541690279369E-016   3.4700553771001731E-016   4.3365373128897710E-016   2.6717244962121351E-016  -3.8564048887858295E-016   1.6015182064447003E-002   4.7984896758272083E-016   9.1677651920663185E-017  -3.5080190544358517E-016  -6.9150777504641394E-017   3.8912641331440534E-016  -1.7225058335715844E-016   5.6164375831310142E-016   1.9188390594148894E-016  0.57509941897098626        2.5411082814845441E-016  -6.1535478897270989E-016  -5.8406065529177820E-017   1.5183079981721166E-018  0.33720501501264150        3.0272825440202145E-016   1.6486105855372207E-015   1.0089402644438893E-015
   1.4146981640653882E-015  -1.0015690839934667E-015   2.4815428307802508E-003   1.8009518247131243E-015  -2.7698511990319675E-015   1.1755011372380764E-015  -4.2983633674809132E-002  -3.7041327122070388E-015   2.2247135633662268E-015  -2.6599547901695784E-016  -5.2202638982707023E-002   5.7333851335488682E-016   5.9317079150288131E-017   1.6597928064134933E-016   4.2471402542402049E-016   1.9014077326196556E-016  -2.4785908188157112E-017  -1.5693452898302216E-016  -9.0278529111852497E-016   3.5312557142928253E-016   1.6015182064446819E-002   2.9768052928298504E-016   3.9202329294126505E-017   1.6566800690378556E-016   3.0935038775273153E-016  -1.1092671473046289E-016   3.0018326646110266E-016   8.7562115624162280E-016   4.9494943326250002E-016  0.57509941897098460       -1.3381809384917114E-015  -1.8211291002241561E-016  -2.5153680985004920E-016   3.0272825440202145E-016  0.33720501501264211       -7.2031272490414124E-016  -5.9852608297774353E-016
  -3.1093381878805687E-015  -4.4953184162286242E-015   9.3772041059336826E-016  -5.3963144487680281E-003   6.5312480794503786E-015   8.5459794090573587E-015  -2.8773811152012479E-015  0.11058147734593163       -7.9782303794128818E-015  -8.2900441491472115E-015   2.0291395653911367E-015   5.0688942588670429E-015   2.0410057703247897E-016   1.3357258871924512E-016   5.7667087880144722E-015   9.2027737299031424E-017   5.0756029577929819E-015  0.10171393757888639        8.2682407141404961E-015   7.4726268540706365E-015  -2.4282794512572362E-015  -2.0891201280727646E-015  -1.0802421428521787E-015  -4.4354144702092402E-016   7.8059852487079945E-016   2.2126618026121052E-016   6.1718429440840591E-016  -4.8703147092783350E-015  -4.1498505016500194E-015   2.7240897345081931E-015 -0.45027784987421365      -0.35800510597729079        1.5398292392239431E-015   1.6486105855372207E-015  -7.2031272490414124E-016   1.0554819925048173       0.62487943837179349     
  -1.9284629779664006E-015  -3.2332720212609884E-015   8.5910567179564489E-016  -1.9549287392891818E-003   3.8886269107470150E-015   5.8741833923567043E-015  -2.5328336056468099E-015   3.9682052730633306E-002  -4.7795630199999260E-015  -5.4085378886440393E-015   1.6286190197631483E-015   1.9617256835497392E-015   6.4643605964253175E-017   6.3000186737995042E-017   2.3136335672838054E-015   4.7493524658828354E-017   2.0573591283632617E-015   3.6068362183118402E-002   4.9140599802324805E-015   4.6231985558843085E-015  -1.5769495351527138E-015  -1.0803736292211937E-015  -6.6129833829352625E-016  -2.7075918216271092E-016   2.3391309139858405E-016   1.6333833794579842E-016   1.6107118662466967E-016  -2.7666069922518389E-015  -2.5792360240672012E-015   1.6988089797153023E-015 -0.16933137016197003      -0.13109186933699998        9.3080714390718424E-016   1.0089402644438893E-015  -5.9852608297774353E-016  0.62487943837179349       0.38274189313883067     
