   2.8279367508900538E-003   9.4769179497271983E-017  -1.2770321639857906E-016   1.9871205477066004E-017  -2.2065468232286840E-002  -4.8265115255074176E-016   1.8550739593216302E-016   5.6948935548965151E-016  -3.6822257517123813E-002  -7.2121021781400529E-016   1.2072948486983971E-016  -6.3001917425144314E-018  -1.1749110873367523E-017   1.0305669068719273E-017   1.0987476561142230E-018  -1.0707543502012684E-017  -3.7045511685670526E-018   9.3213661193584377E-016  -1.6606857133607683E-002  -3.4525489887354863E-016  -2.7533749212179063E-017  -1.3421181085954434E-017  -1.4327827740699223E-018   4.0982171264286192E-018  -1.3913024656107428E-018  -1.2390135109586872E-018  -5.9774847059785702E-018  -1.4356263199633041E-015   1.0322701216906038E-002   8.8898415026820225E-017  -1.6300351535457892E-015  -1.1320182060033604E-015   5.1215530390882127E-003   4.0004398464618714E-017  -8.5331729479429103E-016   2.1416920105272298E-016  -3.5475715891730746E-017
   9.4769179497271983E-017   2.8279367508884739E-003  -1.6035950269138601E-016   7.7811028769085578E-017  -3.6006213088872043E-016  -2.2065468232279620E-002   2.0289065654482776E-015  -1.1828793975148843E-015  -5.0521804675590795E-016  -3.6822257517114140E-002   3.7228211833340407E-015   4.0417997456363822E-017  -2.3769676503028737E-018  -6.9265932985188116E-019   4.3900101036139041E-017   2.0526796374937429E-018   4.7383778510129810E-017  -1.3730005073487388E-015  -1.8413935926566781E-016  -1.6606857133602729E-002   1.9102809437239530E-015   1.4025260798081527E-017   7.8407165359070689E-020  -9.5746667926469861E-019   1.4145157064989426E-017  -8.7155310971222503E-019   1.4725681562777971E-017   3.8584248822321261E-015   7.5413904435864123E-016   1.0322701216907719E-002   3.1967982086711411E-015   3.2103296804171357E-015   3.9312000520877891E-016   5.1215530390891877E-003   1.7087042920769626E-015  -9.9931649888814165E-016  -1.3474048935726848E-016
  -1.2770321639857906E-016  -1.6035950269138601E-016   2.8279367508882340E-003  -3.6744137431381829E-017   9.4400895775636197E-016  -7.1272903586835750E-016  -2.2065468232278163E-002   5.4617746756560995E-016   1.5157762575408749E-015  -1.5930479241021675E-015  -3.6822257517112884E-002  -1.9361745323845880E-017   1.4905989908416686E-018  -2.6589938844226184E-018  -2.7759114364077142E-017  -1.9842881815371981E-017  -2.0386630054995469E-017   6.6237799909393487E-016   7.4416433138700064E-016  -9.1881104372473835E-016  -1.6606857133602413E-002  -2.0181126016645065E-017  -4.1449604546006286E-019   7.2699673948042332E-019  -1.8472788362578504E-017   5.4293887347141470E-018  -2.1093974882730280E-017  -3.2286088711100003E-015   1.6863243883592194E-016  -3.0323501046200543E-015   1.0322701216901174E-002  -2.7366589023912559E-015   1.0206064369827499E-016  -1.6054797342341857E-015   5.1215530390857486E-003   3.5666306950356920E-015   1.8070273781132646E-015
   1.9871205477066004E-017   7.7811028769085578E-017  -3.6744137431381829E-017   4.5576038011352831E-004  -3.2940362202335202E-016  -3.0358011968595040E-016   6.8046401996923875E-017  -1.4464313755312373E-002  -5.8664018867522670E-016  -4.2012008262026007E-016   9.4732073977787429E-017   5.0848208124741288E-016  -8.4915183464944246E-019  -4.6875580041817256E-018   4.5592113353421865E-016  -3.7521631372211507E-018   4.7701987432043935E-016  -2.1189365719903760E-002  -2.0268490162006222E-016  -4.5202074246741863E-017   7.3513375881262507E-018   5.3264558251876473E-016   2.4800967786596357E-018  -1.2207307705999805E-018   5.1124460655641730E-016  -2.4338817795981924E-018   4.7619805261039505E-016   1.5444969752684478E-002   1.2027756847332291E-015   2.5335987229277068E-015  -3.4167774751253059E-016   9.8880674043916698E-003   6.2558845900455936E-016   1.3254754881536707E-015  -1.7781041993732219E-016  -5.0382350835518445E-003  -1.7648166703926815E-003
  -2.2065468232286840E-002  -3.6006213088872043E-016   9.4400895775636197E-016  -3.2940362202335202E-016  0.17224626456245531        7.7617087825425357E-016  -9.8557738347782998E-016  -6.2315367388690978E-017  0.28752502141321279        6.3797502223759644E-016  -5.7839898230723546E-017   4.7347737823855870E-017   8.7672877525840177E-017  -7.7053345582566966E-017  -6.8459668590410683E-018   7.9853580610342757E-017   2.6138046576459139E-017  -1.3745800942903714E-015  0.12908259710333053        3.8662751050416361E-016  -1.2829875813449913E-016   1.0020021598215815E-016   1.0135744864211209E-017  -2.8352102787678533E-017   1.3439928985877057E-017   4.1788003209569244E-018   4.4627358958303645E-017   1.1840488670443679E-015  -8.9447623991068662E-002  -1.9302747377144924E-016   1.6144035024052871E-015   8.5635299247235659E-016  -4.4639564836910846E-002  -9.0417938047300356E-017   8.2714925579067428E-016  -1.2359328240275101E-015  -6.4831127817154116E-016
  -4.8265115255074176E-016  -2.2065468232279620E-002  -7.1272903586835750E-016  -3.0358011968595040E-016   7.7617087825425357E-016  0.17224626456243833       -5.2221066618634113E-016   1.8172070529942761E-015   5.0172648489221696E-016  0.28752502141320263       -3.7003446298147909E-015  -3.1537592128800313E-016   1.7983171808765257E-017   5.0785492354977666E-018  -3.4165397562403110E-016  -1.6115520329540267E-017  -3.7154363861442553E-016   1.3784161771546230E-015   1.8160863202658905E-016  0.12908259710332337       -1.7641061619881161E-015  -1.1225732313563842E-016   1.7457735491311857E-018   9.1964269316908677E-018  -1.0814565309379188E-016   7.6159543334199990E-018  -1.1319073188379049E-016  -4.7306103073779610E-015  -6.1704274438953936E-016  -8.9447623991070965E-002  -6.2872653622821850E-015  -3.8442786242002462E-015  -3.2556918029482230E-016  -4.4639564836912157E-002  -3.3189908242452898E-015   3.3574461566906016E-015   1.5065869335765893E-015
   1.8550739593216302E-016   2.0289065654482776E-015  -2.2065468232278163E-002   6.8046401996923875E-017  -9.8557738347782998E-016  -5.2221066618634113E-016  0.17224626456243086        1.8149194300020535E-016  -1.2047088004829689E-015   2.3676720120742704E-015  0.28752502141319985        1.5391474902401602E-016  -1.0890995199601559E-017   2.2938694457621156E-017   2.1535071557825850E-016   1.5949209755752637E-016   1.6384753028486210E-016  -1.3109922063188019E-016  -6.9775424098028143E-016   1.0585472572876137E-015  0.12908259710332121        1.6095939238016458E-016   2.0010800727469602E-018  -6.6547025115966313E-018   1.4457925952011812E-016  -4.7985499158170778E-017   1.6481467979460981E-016   4.2052797351178239E-015   4.6319386151018776E-016   2.4996950842239384E-015  -8.9447623991062472E-002   3.7459060836141545E-015   2.2552264462918674E-016   1.3259376882305440E-015  -4.4639564836907723E-002  -2.1402695197937630E-015  -7.5155715352622831E-016
   5.6948935548965151E-016  -1.1828793975148843E-015   5.4617746756560995E-016  -1.4464313755312373E-002  -6.2315367388690978E-017   1.8172070529942761E-015   1.8149194300020535E-016  0.47714582797627647        6.9382591748096086E-016   8.3445103915681260E-016  -3.4391669645360439E-016  -1.7864795416385446E-014   2.6695121308368525E-017   1.1199014301681638E-016  -1.6224842208305773E-014   8.8863239152152279E-017  -1.6766621213145720E-014  0.70933783474516510        3.7954837281668103E-016   2.6816126856529100E-016   4.7922315077292567E-016  -1.8748414205754006E-014  -8.5549307940134077E-017   4.7096159928916975E-017  -1.7973948313395711E-014   8.2187846299278936E-017  -1.6706580980310179E-014 -0.39757301529589589       -1.5921322807594306E-015  -5.3459080160126699E-015   1.2121377391660973E-015 -0.22359577441528156       -8.1991581302904807E-016  -2.7816100270731993E-015   6.3603925735746468E-016  0.10638063953464026        3.6870881002688032E-002
  -3.6822257517123813E-002  -5.0521804675590795E-016   1.5157762575408749E-015  -5.8664018867522670E-016  0.28752502141321279        5.0172648489221696E-016  -1.2047088004829689E-015   6.9382591748096086E-016  0.48005055790287121       -2.7572763379695954E-016   6.7098499969742470E-016   7.7001263118589162E-017   1.4186083040008513E-016  -1.2485373098112984E-016  -9.5056499179703526E-018   1.2915403170363306E-016   4.0544264054793240E-017  -1.1894795269744723E-015  0.21485934083798433        8.8737356529761233E-017  -4.7819541167880285E-017   1.6218925671356823E-016   1.5754730002043660E-017  -4.3286340877126061E-017   2.5298759057238397E-017   8.7605196865367115E-019   7.2236725035142707E-017   6.2449937561810921E-016 -0.15915788995038382        7.2251518815555508E-016   5.4104022159584256E-017   4.9014168776370437E-016  -7.9689725805368261E-002   3.8690393314670424E-016  -2.9104316763756863E-018   1.9277421766778500E-015   1.2728807073268249E-015
  -7.2121021781400529E-016  -3.6822257517114140E-002  -1.5930479241021675E-015  -4.2012008262026007E-016   6.3797502223759644E-016  0.28752502141320263        2.3676720120742704E-015   8.3445103915681260E-016  -2.7572763379695954E-016  0.48005055790288442       -8.7239154070480184E-016  -5.2629911699223287E-016   2.9383815608207936E-017   8.1127483136816840E-018  -5.6916069253844843E-016  -2.7003267236948000E-017  -6.2204764397084945E-016  -3.1784864062212083E-016  -1.2210775904682902E-016  0.21485934083798702        5.2342632253406773E-016  -1.9046776646623279E-016   5.5322645561021619E-018   1.7263712759330013E-017  -1.7799951048071265E-016   1.3615232128300843E-017  -1.8699118856356738E-016   2.2199217447534747E-015   2.8622903376832292E-016 -0.15915788995038072        4.3306606292814754E-015   2.1136964125556544E-015   1.4106046345230942E-016  -7.9689725805366415E-002   2.2940050640412678E-015  -2.7202747766159503E-015  -1.3778703518227345E-015
   1.2072948486983971E-016   3.7228211833340407E-015  -3.6822257517112884E-002   9.4732073977787429E-017  -5.7839898230723546E-017  -3.7003446298147909E-015  0.28752502141319985       -3.4391669645360439E-016   6.7098499969742470E-016  -8.7239154070480184E-016  0.48005055790289625        2.6000519115659999E-016  -1.7352922411606898E-017   4.0713891783361149E-017   3.5798885644199423E-016   2.7133787295754157E-016   2.7873134488635127E-016  -1.9163345670816439E-015  -2.3748583412517749E-017  -7.5160736622500492E-016  0.21485934083798972        2.7248459891456635E-016   1.9695253823525553E-018  -1.2196276264719827E-017   2.4176110194003375E-016  -8.6321993166015382E-017   2.7528853796497804E-016  -5.0755236204225607E-016  -1.0041857272271007E-015  -1.1791671718811393E-016 -0.15915788995038704       -8.4083973014313923E-016  -5.3664404118702636E-016  -7.6793838758503586E-017  -7.9689725805369760E-002   4.5917584123068904E-016   1.4952162375297999E-016
  -6.3001917425144314E-018   4.0417997456363822E-017  -1.9361745323845880E-017   5.0848208124741288E-016   4.7347737823855870E-017  -3.1537592128800313E-016   1.5391474902401602E-016  -1.7864795416385446E-014   7.7001263118589162E-017  -5.2629911699223287E-016   2.6000519115659999E-016   7.3315911312691430E-028  -8.0929889957985036E-031  -1.6543810291276459E-030   6.7700784278827963E-028  -8.4929324736371761E-031   6.8872791809547400E-028  -2.7158687661381078E-014   4.8702927997593353E-017  -2.3730353011028846E-016   9.5331131575273599E-017   7.7112860381911590E-028   3.2953200310263043E-030  -2.3671542683743552E-030   7.3807350868451751E-028  -3.2879552687832999E-030   6.8411852821594257E-028   8.3864601702997302E-015   1.8741034041800118E-016   1.4840400923597239E-016  -4.0086627799751221E-016   2.4211796959539222E-015   9.9141621530374883E-017   7.3655259609102795E-017  -2.0855289848608493E-016  -1.8561395873118877E-016   6.2379623305685333E-017
  -1.1749110873367523E-017  -2.3769676503028737E-018   1.4905989908416686E-018  -8.4915183464944246E-019   8.7672877525840177E-017   1.7983171808765257E-017  -1.0890995199601559E-017   2.6695121308368525E-017   1.4186083040008513E-016   2.9383815608207936E-017  -1.7352922411606898E-017  -8.0929889957985036E-031   2.7426125699328591E-031  -1.8003267415812311E-031  -9.8409698571825262E-031   2.7868974828979433E-031  -6.8818216151704005E-031   3.8945613147987762E-017   9.4866064401672171E-017   1.7601788668608432E-017  -1.3535333779192968E-017  -6.2203310543298637E-031   1.7613334457420323E-032  -2.2980664851925066E-031  -1.0517640755806223E-030   2.4163174387316678E-031  -7.4457468563865325E-031  -3.0630887626989354E-017   4.2213326844886982E-016   5.6810653646212404E-017  -8.0514062326535930E-017  -1.9665898591983524E-017   2.2305109097348601E-016   3.0103221551579692E-017  -4.2462671569937033E-017   3.6274672236037575E-017   1.9887847799646313E-017
   1.0305669068719273E-017  -6.9265932985188116E-019  -2.6589938844226184E-018  -4.6875580041817256E-018  -7.7053345582566966E-017   5.0785492354977666E-018   2.2938694457621156E-017   1.1199014301681638E-016  -1.2485373098112984E-016   8.1127483136816840E-018   4.0713891783361149E-017  -1.6543810291276459E-030  -1.8003267415812311E-031   4.2402189506320379E-031  -1.0219009098559712E-030   5.3199925378112592E-032  -1.5109980169216639E-030   1.4290399640783010E-016  -8.2231455708301521E-017   6.1754681095798419E-018   1.4472057839774974E-018  -1.6868654888901160E-030  -1.7769878741278545E-031   9.6779210801756170E-032  -1.2671893635096226E-030  -3.8331880477783892E-031  -1.5608556148306289E-030  -3.5145627671564711E-016  -3.5265990589759568E-016   3.5360910072438156E-017  -2.6436923008921675E-016  -2.8485611684014819E-016  -1.8639442195435983E-016   1.8653209302376482E-017  -1.3861979673339529E-016   3.6892968632304790E-016   1.8723293892937987E-016
   1.0987476561142230E-018   4.3900101036139041E-017  -2.7759114364077142E-017   4.5592113353421865E-016  -6.8459668590410683E-018  -3.4165397562403110E-016   2.1535071557825850E-016  -1.6224842208305773E-014  -9.5056499179703526E-018  -5.6916069253844843E-016   3.5798885644199423E-016   6.7700784278827963E-028  -9.8409698571825262E-031  -1.0219009098559712E-030   6.2742526224914879E-028  -7.5809155469615538E-031   6.3590496337421505E-028  -2.4772265853682484E-014  -1.7618633262756459E-017  -2.6351651937958681E-016   1.7105973194958849E-016   7.1207256566899428E-028   3.1103380982756629E-030  -1.9670839396273854E-030   6.8181240035072798E-028  -2.9904394228009410E-030   6.3152872117120865E-028   6.4641962435596476E-015  -1.9670505068619100E-016   5.7495552983485512E-017   4.3305361665488409E-017   1.1403331218832581E-015  -1.0346944410023486E-016   2.5518413256469434E-017   2.5719381612710851E-017   3.3673044398187089E-016   2.0698430808930311E-016
  -1.0707543502012684E-017   2.0526796374937429E-018  -1.9842881815371981E-017  -3.7521631372211507E-018   7.9853580610342757E-017  -1.6115520329540267E-017   1.5949209755752637E-016   8.8863239152152279E-017   1.2915403170363306E-016  -2.7003267236948000E-017   2.7133787295754157E-016  -8.4929324736371761E-031   2.7868974828979433E-031   5.3199925378112592E-032  -7.5809155469615538E-031   7.2494216429042098E-031  -5.8825440356003409E-031   1.1289594727418458E-016   8.6760174627075150E-017  -1.1413338958217830E-017   8.6369653038991457E-017  -6.6203980459501749E-031  -3.1445718440464499E-032  -2.6361672959069894E-031  -1.2307994558854121E-030  -1.0025676002887153E-031  -9.6112263810460919E-031  -2.8196682692689261E-016   3.9017630046796662E-016   1.9012629051726312E-017  -6.1449371151376903E-016  -2.3204413983456898E-016   2.0614908786946389E-016   9.7702185083423644E-018  -3.2074482941467194E-016   1.3985595346875887E-016   5.2120538470699389E-017
  -3.7045511685670526E-018   4.7383778510129810E-017  -2.0386630054995469E-017   4.7701987432043935E-016   2.6138046576459139E-017  -3.7154363861442553E-016   1.6384753028486210E-016  -1.6766621213145720E-014   4.0544264054793240E-017  -6.2204764397084945E-016   2.7873134488635127E-016   6.8872791809547400E-028  -6.8818216151704005E-031  -1.5109980169216639E-030   6.3590496337421505E-028  -5.8825440356003409E-031   6.4714253612383878E-028  -2.5492919496222425E-014   3.9645602611907343E-017  -2.6646919959896877E-016   8.8833898602065315E-017   7.2441909318845025E-028   3.0221421064373131E-030  -2.3411350536768712E-030   6.9306877442332686E-028  -3.1932344443082670E-030   6.4246781647633306E-028   7.8309215965157145E-015   3.0806815201068011E-016   3.8486560701869391E-016  -6.2958018242946088E-016   2.2354362904161697E-015   1.6225986287234747E-016   1.9715175431749272E-016  -3.2861340840523560E-016  -1.6425259832814199E-016   5.8996990911385508E-017
   9.3213661193584377E-016  -1.3730005073487388E-015   6.6237799909393487E-016  -2.1189365719903760E-002  -1.3745800942903714E-015   1.3784161771546230E-015  -1.3109922063188019E-016  0.70933783474516510       -1.1894795269744723E-015  -3.1784864062212083E-016  -1.9163345670816439E-015  -2.7158687661381078E-014   3.8945613147987762E-017   1.4290399640783010E-016  -2.4772265853682484E-014   1.1289594727418458E-016  -2.5492919496222425E-014   1.0602130672456855       -3.3136675148712192E-016   2.5833660518276437E-016   5.6247340743526413E-017  -2.8520110894552887E-014  -1.2905618652819058E-016   7.3863661551026339E-017  -2.7331468765447377E-014   1.2318672774577490E-016  -2.5385859983174190E-014 -0.52946361628675620        5.4411676227831741E-016   3.6736673795690627E-015   1.1202530725379174E-015 -0.27596999763629398        2.6749014868341891E-016   1.9221803388134222E-015   5.9450081647609596E-016  0.12471024678546055        4.2738439957845216E-002
  -1.6606857133607683E-002  -1.8413935926566781E-016   7.4416433138700064E-016  -2.0268490162006222E-016  0.12908259710333053        1.8160863202658905E-016  -6.9775424098028143E-016   3.7954837281668103E-016  0.21485934083798433       -1.2210775904682902E-016  -2.3748583412517749E-017   4.8702927997593353E-017   9.4866064401672171E-017  -8.2231455708301521E-017  -1.7618633262756459E-017   8.6760174627075150E-017   3.9645602611907343E-017  -3.3136675148712192E-016  0.10072464275633067       -4.6809562713482341E-017  -4.7251935897574961E-017   1.0804230856843916E-016   1.5161998953276362E-017  -4.7501678068093535E-017  -8.5354809465891638E-018   4.2761068109586954E-017   4.8116371151530844E-017  -3.0673846323522981E-016  -3.0619959103003469E-003  -6.4333009319235682E-016   9.1883734191201123E-017  -3.1104365432673518E-016   1.6560599298961337E-004  -3.3344474302524478E-016   4.5155538176226032E-017  -1.6612995398856472E-015  -1.0877682109179460E-015
  -3.4525489887354863E-016  -1.6606857133602729E-002  -9.1881104372473835E-016  -4.5202074246741863E-017   3.8662751050416361E-016  0.12908259710332337        1.0585472572876137E-015   2.6816126856529100E-016   8.8737356529761233E-017  0.21485934083798702       -7.5160736622500492E-016  -2.3730353011028846E-016   1.7601788668608432E-017   6.1754681095798419E-018  -2.6351651937958681E-016  -1.1413338958217830E-017  -2.6646919959896877E-016   2.5833660518276437E-016  -4.6809562713482341E-017  0.10072464275632945       -6.0552798762817098E-017  -6.4113108967205704E-017  -1.5701991666302000E-017  -5.5334715753420049E-018  -9.7447073409339313E-017  -1.5411266074530908E-019  -9.7523886917406360E-017  -1.2152310285015256E-015  -2.4061029419460888E-016  -3.0619959103041078E-003  -1.4993350037636443E-015  -9.3568704218904875E-016  -1.4202760112395391E-016   1.6560599298704598E-004  -7.6797204693170663E-016   6.7491410339991567E-016   2.7094209740079028E-016
  -2.7533749212179063E-017   1.9102809437239530E-015  -1.6606857133602413E-002   7.3513375881262507E-018  -1.2829875813449913E-016  -1.7641061619881161E-015  0.12908259710332121        4.7922315077292567E-016  -4.7819541167880285E-017   5.2342632253406773E-016  0.21485934083798972        9.5331131575273599E-017  -1.3535333779192968E-017   1.4472057839774974E-018   1.7105973194958849E-016   8.6369653038991457E-017   8.8833898602065315E-017   5.6247340743526413E-017  -4.7251935897574961E-017  -6.0552798762817098E-017  0.10072464275633111        9.5932360464787558E-017   1.0406037420158748E-017   2.0805547666686737E-018   1.0562186544365447E-016   4.4607487426000442E-018   1.2241648242816681E-016  -2.4673093513101757E-016   1.4537752116946284E-015   1.2606993695123042E-015  -3.0619959102949484E-003  -2.4035728450961484E-016   7.6451947974879715E-016   6.2946771120122085E-016   1.6560599299246526E-004  -1.6540908319564495E-015  -1.0701377108050591E-015
  -1.3421181085954434E-017   1.4025260798081527E-017  -2.0181126016645065E-017   5.3264558251876473E-016   1.0020021598215815E-016  -1.1225732313563842E-016   1.6095939238016458E-016  -1.8748414205754006E-014   1.6218925671356823E-016  -1.9046776646623279E-016   2.7248459891456635E-016   7.7112860381911590E-028  -6.2203310543298637E-031  -1.6868654888901160E-030   7.1207256566899428E-028  -6.6203980459501749E-031   7.2441909318845025E-028  -2.8520110894552887E-014   1.0804230856843916E-016  -6.4113108967205704E-017   9.5932360464787558E-017   8.1174995628168527E-028   3.2923695330015445E-030  -2.7509285773973711E-030   7.7670733150425125E-028  -3.2951349475362066E-030   7.1987442823597100E-028   8.6002870003193637E-015   4.7637457951722585E-016   3.7922786962191656E-016  -4.7954189790563410E-016   2.3637185353647227E-015   2.5172902030910960E-016   1.9775392443879591E-016  -2.4980280303388491E-016   2.5285897040395523E-016   3.1743556746529219E-016
  -1.4327827740699223E-018   7.8407165359070689E-020  -4.1449604546006286E-019   2.4800967786596357E-018   1.0135744864211209E-017   1.7457735491311857E-018   2.0010800727469602E-018  -8.5549307940134077E-017   1.5754730002043660E-017   5.5322645561021619E-018   1.9695253823525553E-018   3.2953200310263043E-030   1.7613334457420323E-032  -1.7769878741278545E-031   3.1103380982756629E-030  -3.1445718440464499E-032   3.0221421064373131E-030  -1.2905618652819058E-016   1.5161998953276362E-017  -1.5701991666302000E-017   1.0406037420158748E-017   3.2923695330015445E-030   2.2288285702127134E-031   5.9567880302863802E-032   3.0311980531398871E-030   1.5240302002308514E-031   3.0033817226891329E-030   5.5308084475379357E-017   1.1606753155598071E-016  -2.7368236223418002E-016   1.4178346621531034E-016   1.9440425625142274E-017   6.1136866919584794E-017  -1.4380555733517545E-016   7.4539635597671668E-017  -3.0229408108212851E-016  -1.8676326846777249E-016
   4.0982171264286192E-018  -9.5746667926469861E-019   7.2699673948042332E-019  -1.2207307705999805E-018  -2.8352102787678533E-017   9.1964269316908677E-018  -6.6547025115966313E-018   4.7096159928916975E-017  -4.3286340877126061E-017   1.7263712759330013E-017  -1.2196276264719827E-017  -2.3671542683743552E-030  -2.2980664851925066E-031   9.6779210801756170E-032  -1.9670839396273854E-030  -2.6361672959069894E-031  -2.3411350536768712E-030   7.3863661551026339E-017  -4.7501678068093535E-017  -5.5334715753420049E-018   2.0805547666686737E-018  -2.7509285773973711E-030   5.9567880302863802E-032   2.6381521603239991E-031  -2.2527942588910332E-030  -1.7243335323847455E-031  -2.2329198835950716E-030   4.6560742652397967E-018  -4.0629057815769936E-016  -2.0402760848515254E-016   1.1679192809474528E-016   1.5022141172423861E-017  -2.1390959142761727E-016  -1.0709713071170571E-016   6.1286706071840567E-017  -1.6575735090991974E-016  -1.0067542543749783E-016
  -1.3913024656107428E-018   1.4145157064989426E-017  -1.8472788362578504E-017   5.1124460655641730E-016   1.3439928985877057E-017  -1.0814565309379188E-016   1.4457925952011812E-016  -1.7973948313395711E-014   2.5298759057238397E-017  -1.7799951048071265E-016   2.4176110194003375E-016   7.3807350868451751E-028  -1.0517640755806223E-030  -1.2671893635096226E-030   6.8181240035072798E-028  -1.2307994558854121E-030   6.9306877442332686E-028  -2.7331468765447377E-014  -8.5354809465891638E-018  -9.7447073409339313E-017   1.0562186544365447E-016   7.7670733150425125E-028   3.0311980531398871E-030  -2.2527942588910332E-030   7.4477986681260913E-028  -3.3404452900606194E-030   6.8958044058800275E-028   8.3493093220803746E-015  -3.0536731769565152E-016  -2.0686021993719919E-016  -1.1880815010139322E-016   2.3749349843841485E-015  -1.6029631280205423E-016  -1.1019913354916689E-016  -6.0449939217584002E-017   8.3112681140348220E-016   6.8909265123941658E-016
  -1.2390135109586872E-018  -8.7155310971222503E-019   5.4293887347141470E-018  -2.4338817795981924E-018   4.1788003209569244E-018   7.6159543334199990E-018  -4.7985499158170778E-017   8.2187846299278936E-017   8.7605196865367115E-019   1.3615232128300843E-017  -8.6321993166015382E-017  -3.2879552687832999E-030   2.4163174387316678E-031  -3.8331880477783892E-031  -2.9904394228009410E-030  -1.0025676002887153E-031  -3.1932344443082670E-030   1.2318672774577490E-016   4.2761068109586954E-017  -1.5411266074530908E-019   4.4607487426000442E-018  -3.2951349475362066E-030   1.5240302002308514E-031  -1.7243335323847455E-031  -3.3404452900606194E-030   8.4519337738230995E-031  -2.8127403626950175E-030  -5.8605743488898486E-017   6.3332497123802006E-016  -9.7950603539549952E-017   6.7311413670355661E-016  -2.8092882094785180E-017   3.3289166325430517E-016  -5.1371720935668316E-017   3.5308502701580550E-016   7.9540109701997697E-017   4.6220229417384138E-017
  -5.9774847059785702E-018   1.4725681562777971E-017  -2.1093974882730280E-017   4.7619805261039505E-016   4.4627358958303645E-017  -1.1319073188379049E-016   1.6481467979460981E-016  -1.6706580980310179E-014   7.2236725035142707E-017  -1.8699118856356738E-016   2.7528853796497804E-016   6.8411852821594257E-028  -7.4457468563865325E-031  -1.5608556148306289E-030   6.3152872117120865E-028  -9.6112263810460919E-031   6.4246781647633306E-028  -2.5385859983174190E-014   4.8116371151530844E-017  -9.7523886917406360E-017   1.2241648242816681E-016   7.1987442823597100E-028   3.0033817226891329E-030  -2.2329198835950716E-030   6.8958044058800275E-028  -2.8127403626950175E-030   6.3898105733785102E-028   7.9659093357498157E-015   2.1210904679555084E-016  -1.4484313885778370E-016  -1.0317710612188685E-016   2.3873728936949044E-015   1.1208424396893702E-016  -7.7676375586143274E-017  -5.1957062054064094E-017   2.5951025396459556E-016   3.4812236744301253E-016
  -1.4356263199633041E-015   3.8584248822321261E-015  -3.2286088711100003E-015   1.5444969752684478E-002   1.1840488670443679E-015  -4.7306103073779610E-015   4.2052797351178239E-015 -0.39757301529589589        6.2449937561810921E-016   2.2199217447534747E-015  -5.0755236204225607E-016   8.3864601702997302E-015  -3.0630887626989354E-017  -3.5145627671564711E-016   6.4641962435596476E-015  -2.8196682692689261E-016   7.8309215965157145E-015 -0.52946361628675620       -3.0673846323522981E-016  -1.2152310285015256E-015  -2.4673093513101757E-016   8.6002870003193637E-015   5.5308084475379357E-017   4.6560742652397967E-018   8.3493093220803746E-015  -5.8605743488898486E-017   7.9659093357498157E-015  0.99761434988059439       -2.0835996949596086E-017  -6.9134104728304029E-016  -1.5223323833043569E-015  0.79670939713706046       -2.7790625488671957E-016  -7.6791968725978103E-016  -6.0591706448179602E-016 -0.46315077857810061      -0.16934447219145124     
   1.0322701216906038E-002   7.5413904435864123E-016   1.6863243883592194E-016   1.2027756847332291E-015  -8.9447623991068662E-002  -6.1704274438953936E-016   4.6319386151018776E-016  -1.5921322807594306E-015 -0.15915788995038382        2.8622903376832292E-016  -1.0041857272271007E-015   1.8741034041800118E-016   4.2213326844886982E-016  -3.5265990589759568E-016  -1.9670505068619100E-016   3.9017630046796662E-016   3.0806815201068011E-016   5.4411676227831741E-016  -3.0619959103003469E-003  -2.4061029419460888E-016   1.4537752116946284E-015   4.7637457951722585E-016   1.1606753155598071E-016  -4.0629057815769936E-016  -3.0536731769565152E-016   6.3332497123802006E-016   2.1210904679555084E-016  -2.0835996949596086E-017   1.0722799371384462        2.6449471142555160E-016  -2.7466059754222260E-016   2.9886964866599640E-016  0.56229040663066154        1.6057851234812856E-016   6.2475597295925293E-017   7.5627893320479903E-016   5.2744693498662415E-016
   8.8898415026820225E-017   1.0322701216907719E-002  -3.0323501046200543E-015   2.5335987229277068E-015  -1.9302747377144924E-016  -8.9447623991070965E-002   2.4996950842239384E-015  -5.3459080160126699E-015   7.2251518815555508E-016 -0.15915788995038072       -1.1791671718811393E-016   1.4840400923597239E-016   5.6810653646212404E-017   3.5360910072438156E-017   5.7495552983485512E-017   1.9012629051726312E-017   3.8486560701869391E-016   3.6736673795690627E-015  -6.4333009319235682E-016  -3.0619959103041078E-003   1.2606993695123042E-015   3.7922786962191656E-016  -2.7368236223418002E-016  -2.0402760848515254E-016  -2.0686021993719919E-016  -9.7950603539549952E-017  -1.4484313885778370E-016  -6.9134104728304029E-016   2.6449471142555160E-016   1.0722799371384761       -5.4031096041240704E-016   1.9413621696703194E-016  -4.8729128339329109E-017  0.56229040663066754       -6.6849994010239659E-017   6.9538739204639383E-017   2.7514041317306015E-017
  -1.6300351535457892E-015   3.1967982086711411E-015   1.0322701216901174E-002  -3.4167774751253059E-016   1.6144035024052871E-015  -6.2872653622821850E-015  -8.9447623991062472E-002   1.2121377391660973E-015   5.4104022159584256E-017   4.3306606292814754E-015 -0.15915788995038704       -4.0086627799751221E-016  -8.0514062326535930E-017  -2.6436923008921675E-016   4.3305361665488409E-017  -6.1449371151376903E-016  -6.2958018242946088E-016   1.1202530725379174E-015   9.1883734191201123E-017  -1.4993350037636443E-015  -3.0619959102949484E-003  -4.7954189790563410E-016   1.4178346621531034E-016   1.1679192809474528E-016  -1.1880815010139322E-016   6.7311413670355661E-016  -1.0317710612188685E-016  -1.5223323833043569E-015  -2.7466059754222260E-016  -5.4031096041240704E-016   1.0722799371384442       -9.1552593910812633E-016  -3.1141448650141910E-017  -7.5553847985551473E-016  0.56229040663066021        1.0222031537875006E-016  -1.1998268321777767E-016
  -1.1320182060033604E-015   3.2103296804171357E-015  -2.7366589023912559E-015   9.8880674043916698E-003   8.5635299247235659E-016  -3.8442786242002462E-015   3.7459060836141545E-015 -0.22359577441528156        4.9014168776370437E-016   2.1136964125556544E-015  -8.4083973014313923E-016   2.4211796959539222E-015  -1.9665898591983524E-017  -2.8485611684014819E-016   1.1403331218832581E-015  -2.3204413983456898E-016   2.2354362904161697E-015 -0.27596999763629398       -3.1104365432673518E-016  -9.3568704218904875E-016  -2.4035728450961484E-016   2.3637185353647227E-015   1.9440425625142274E-017   1.5022141172423861E-017   2.3749349843841485E-015  -2.8092882094785180E-017   2.3873728936949044E-015  0.79670939713706046        2.9886964866599640E-016   1.9413621696703194E-016  -9.1552593910812633E-016  0.66429938751539708       -1.0051066902683987E-016  -2.6871889163395414E-016  -2.9961674226053730E-016 -0.37529998808699710      -0.13319841985742217     
   5.1215530390882127E-003   3.9312000520877891E-016   1.0206064369827499E-016   6.2558845900455936E-016  -4.4639564836910846E-002  -3.2556918029482230E-016   2.2552264462918674E-016  -8.1991581302904807E-016  -7.9689725805368261E-002   1.4106046345230942E-016  -5.3664404118702636E-016   9.9141621530374883E-017   2.2305109097348601E-016  -1.8639442195435983E-016  -1.0346944410023486E-016   2.0614908786946389E-016   1.6225986287234747E-016   2.6749014868341891E-016   1.6560599298961337E-004  -1.4202760112395391E-016   7.6451947974879715E-016   2.5172902030910960E-016   6.1136866919584794E-017  -2.1390959142761727E-016  -1.6029631280205423E-016   3.3289166325430517E-016   1.1208424396893702E-016  -2.7790625488671957E-016  0.56229040663066154       -4.8729128339329109E-017  -3.1141448650141910E-017  -1.0051066902683987E-016  0.29488932258281042       -1.4282093583931209E-017   9.1973660856017929E-017  -1.9804048302347944E-016  -1.3497943640941627E-016
   4.0004398464618714E-017   5.1215530390891877E-003  -1.6054797342341857E-015   1.3254754881536707E-015  -9.0417938047300356E-017  -4.4639564836912157E-002   1.3259376882305440E-015  -2.7816100270731993E-015   3.8690393314670424E-016  -7.9689725805366415E-002  -7.6793838758503586E-017   7.3655259609102795E-017   3.0103221551579692E-017   1.8653209302376482E-017   2.5518413256469434E-017   9.7702185083423644E-018   1.9715175431749272E-016   1.9221803388134222E-015  -3.3344474302524478E-016   1.6560599298704598E-004   6.2946771120122085E-016   1.9775392443879591E-016  -1.4380555733517545E-016  -1.0709713071170571E-016  -1.1019913354916689E-016  -5.1371720935668316E-017  -7.7676375586143274E-017  -7.6791968725978103E-016   1.6057851234812856E-016  0.56229040663066754       -7.5553847985551473E-016  -2.6871889163395414E-016  -1.4282093583931209E-017  0.29488932258280842       -2.8290334359010476E-016  -1.0044555496413553E-016  -1.2885782498362449E-016
  -8.5331729479429103E-016   1.7087042920769626E-015   5.1215530390857486E-003  -1.7781041993732219E-016   8.2714925579067428E-016  -3.3189908242452898E-015  -4.4639564836907723E-002   6.3603925735746468E-016  -2.9104316763756863E-018   2.2940050640412678E-015  -7.9689725805369760E-002  -2.0855289848608493E-016  -4.2462671569937033E-017  -1.3861979673339529E-016   2.5719381612710851E-017  -3.2074482941467194E-016  -3.2861340840523560E-016   5.9450081647609596E-016   4.5155538176226032E-017  -7.6797204693170663E-016   1.6560599299246526E-004  -2.4980280303388491E-016   7.4539635597671668E-017   6.1286706071840567E-017  -6.0449939217584002E-017   3.5308502701580550E-016  -5.1957062054064094E-017  -6.0591706448179602E-016   6.2475597295925293E-017  -6.6849994010239659E-017  0.56229040663066021       -2.9961674226053730E-016   9.1973660856017929E-017  -2.8290334359010476E-016  0.29488932258280964        2.4900670733047200E-016   8.7257795396515463E-017
   2.1416920105272298E-016  -9.9931649888814165E-016   3.5666306950356920E-015  -5.0382350835518445E-003  -1.2359328240275101E-015   3.3574461566906016E-015  -2.1402695197937630E-015  0.10638063953464026        1.9277421766778500E-015  -2.7202747766159503E-015   4.5917584123068904E-016  -1.8561395873118877E-016   3.6274672236037575E-017   3.6892968632304790E-016   3.3673044398187089E-016   1.3985595346875887E-016  -1.6425259832814199E-016  0.12471024678546055       -1.6612995398856472E-015   6.7491410339991567E-016  -1.6540908319564495E-015   2.5285897040395523E-016  -3.0229408108212851E-016  -1.6575735090991974E-016   8.3112681140348220E-016   7.9540109701997697E-017   2.5951025396459556E-016 -0.46315077857810061        7.5627893320479903E-016   6.9538739204639383E-017   1.0222031537875006E-016 -0.37529998808699710       -1.9804048302347944E-016  -1.0044555496413553E-016   2.4900670733047200E-016   1.0901001029561450       0.62355857698398809     
  -3.5475715891730746E-017  -1.3474048935726848E-016   1.8070273781132646E-015  -1.7648166703926815E-003  -6.4831127817154116E-016   1.5065869335765893E-015  -7.5155715352622831E-016   3.6870881002688032E-002   1.2728807073268249E-015  -1.3778703518227345E-015   1.4952162375297999E-016   6.2379623305685333E-017   1.9887847799646313E-017   1.8723293892937987E-016   2.0698430808930311E-016   5.2120538470699389E-017   5.8996990911385508E-017   4.2738439957845216E-002  -1.0877682109179460E-015   2.7094209740079028E-016  -1.0701377108050591E-015   3.1743556746529219E-016  -1.8676326846777249E-016  -1.0067542543749783E-016   6.8909265123941658E-016   4.6220229417384138E-017   3.4812236744301253E-016 -0.16934447219145124        5.2744693498662415E-016   2.7514041317306015E-017  -1.1998268321777767E-016 -0.13319841985742217       -1.3497943640941627E-016  -1.2885782498362449E-016   8.7257795396515463E-017  0.62355857698398809       0.36914529269929314     
