   4.0062314561704490E-002  -7.5633075206806371E-011  -2.1712711995258209E-012   1.9587885854124059E-010   2.4612672259390490E-011  -6.2013031160251235E-010  -6.4456974505166232E-012  -2.5302804416428805E-011   2.3746295273672086E-013   6.9017159819170280E-013   5.9801085653336958E-002  -5.0466688942948193E-011  -1.0301847735039416E-012  -1.1721966082598642E-010   1.9725225583951417E-010  -1.6083109297412181E-012  -5.6288693204304304E-014  -3.5231018686459486E-010  -1.7794746180018328E-013   8.7663644313119638E-011   1.0726836956240119E-012  -1.2571506606755130E-014   1.6921802393273999E-013   5.1243851282981521E-014   1.8585705327706566E-011   6.2913008348652970E-010  -4.8816262918138357E-012  -1.2761616437739725E-011   5.2616266765161136E-014  -5.8241330096673005E-012  -5.7457992157390711E-011   1.9422730404845033E-012   4.0370239328076075E-002  -3.4244662893736927E-011  -8.1714436919951489E-013   7.9345047123465728E-013   7.5940475817237508E-011  -6.7792364295307972E-013  -4.3984129532827901E-014  -1.3540708871937339E-010  -4.2188239692278370E-014   3.3525127029706813E-011   5.0412117294049622E-013   1.1855353949093534E-014   1.5810195791703639E-015   2.3926123206597909E-014  -5.2057555446526603E-004   1.6796310254671177E-012   1.8668631111089745E-014  -2.3557781052518753E-011   7.2792752208596449E-012   2.1449889024055486E-011  -2.0103640888024555E-012  -5.6336645336108014E-012   1.1282145386405665E-014  -1.6456172943106280E-012   1.2329451696868332E-003  -5.5136921344219421E-013  -2.5723732261465423E-014   8.8665015423241526E-013   2.6063572011291218E-011  -2.0678231961584720E-013  -7.3912241298387316E-013   3.0599869529593529E-015  -1.4753100365916094E-013
  -7.5633075206806371E-011   4.0062278181489663E-002  -1.1344641930973541E-011   2.8107883582840279E-008   5.2945293105949066E-009  -1.5097083746860552E-011   7.4496799583416239E-013  -1.0599965911742962E-008  -1.6490961370536261E-011   5.3054367054076846E-009  -2.5052588787994532E-011   5.9801067815889890E-002  -9.3807622298106181E-012  -4.2246561670015095E-008  -6.6106735045436277E-014   1.5533988223253285E-010   2.2782167624578958E-013  -4.1374060181435247E-013  -3.1154827913168601E-013   5.0219865721561104E-013  -2.2880846054669509E-010   5.8616311696264807E-013   1.5161983643312172E-010  -6.0684987147457210E-013   9.2419128067532866E-010   6.2665463049149978E-012   1.8696870831376201E-013  -1.8512569174169470E-009  -7.4302778781238267E-012   9.2706632030780118E-010  -5.1433219879973226E-008  -3.3991195796456066E-010  -1.6569412090452834E-011   4.0370226698657398E-002  -6.8855002359174369E-012   3.2281721489210262E-011  -1.1161142365026786E-013   2.8775295735793764E-011   9.4696719107749170E-016   2.2002850179057220E-013   4.4840136666134989E-014  -7.0453452380883025E-014  -4.3239257445023384E-011  -5.9555838088864164E-014   2.9233029156041428E-011   4.3681748698060917E-014   1.3673391139374359E-012  -5.2057489030040631E-004   2.3207374816494367E-013  -1.1282987956374199E-008   7.2605478044163099E-010   6.5010581573346280E-013   6.3685002622666437E-014  -1.4531361814447091E-009  -3.3940397996751517E-012   7.2708157089212411E-010  -3.5850064932601795E-014   1.2329450009835054E-003  -1.3084904485873413E-013   9.5039433912848081E-011  -6.8049913939659033E-014   1.3583748057017455E-014  -1.9028884160133370E-010  -4.2073041670304586E-013   9.5249336115796134E-011
  -2.1712711995258209E-012  -1.1344641930973541E-011   4.0062314526165689E-002  -3.2641664719119128E-011   6.2428231300010092E-012   2.3976177859440712E-013   1.3631161023170258E-011  -1.6444454283166569E-012  -6.1603594766305867E-010  -4.5981758933709723E-012  -1.0063591117300435E-012  -1.4258111339563082E-012   5.9801085636824375E-002  -7.5120673455295811E-012   2.2863422099047910E-014   2.8261000899267237E-014   8.8358233875007356E-011  -1.3475286525006901E-014  -9.4972880831216425E-013  -1.7213545154674787E-014   2.8384540121872161E-013  -3.5244384947408685E-010  -4.0961396262767139E-013   1.9682684864854806E-010   3.4409434156300333E-012   5.3154998231961648E-014   1.4012160610954314E-011   1.4320273808131063E-012   6.3011300136148483E-010  -4.8731000714929767E-012  -3.4267802456264192E-011  -7.1439258866515036E-013  -8.0035697393635701E-013  -1.3980735902051217E-012   4.0370239314664068E-002  -2.0098057092577995E-013   2.1272850300285629E-014  -1.6475293787300824E-014   3.4116020992610787E-011   1.2219654984112101E-014  -3.8553364377559596E-013  -4.0681802847502383E-014   8.5813268686938645E-014  -1.3521717543318896E-010  -9.8697657250332106E-014   7.5352272328650176E-011   2.1769147462483382E-014   1.3059537209538883E-013  -5.2057555419446442E-004  -3.9415761909402034E-012   1.5276938597272784E-012   1.1499303145859573E-014   5.1444012311832983E-012   4.0887808455396316E-013   2.1723286577301864E-011  -1.9367076165927580E-012  -2.4497394218703626E-014   2.6078742538088284E-014   1.2329451692421006E-003   1.7372572448265521E-013   3.1051906213880439E-015   5.9358904809250016E-013   4.3743705381805594E-015   2.6123598513452473E-011  -1.7807482978050953E-013
   1.9587885854124059E-010   2.8107883582840279E-008  -3.2641664719119128E-011   4.6998123360898732E-005   1.6004357684097774E-011  -1.7158886376611421E-013   6.4018891369209470E-015  -3.2116577652042181E-011  -1.4009219998029829E-014   1.6112776263889789E-011   2.9186853506510313E-010   4.2619654176412938E-008  -4.7899774011455543E-011   3.3320458586713468E-003   4.6921140090365431E-013   1.1387814563597343E-010   4.9379796574062202E-014  -8.1521736992886014E-013   1.9042349960675404E-014   1.8567727441502398E-013  -1.6994726157126472E-010  -2.6607197104230809E-013   1.1413008516842312E-010   1.6150365691218831E-013  -4.5578676819763844E-011   2.4176854543231695E-013   2.9189464896739270E-014   9.0757294900210470E-011   3.9369934521195528E-014  -4.5178071660150788E-011   6.0175074136430123E-003  -1.3664347971384409E-003   1.9509405710000810E-010   2.8230665770927549E-008  -3.2362033591191525E-011   1.7692235261438608E-004  -2.3176820051526337E-014  -9.9547767130273949E-012  -8.3366671044844056E-015   4.2037330126928633E-014  -6.4044798858972081E-015  -1.0936642719352742E-014   1.4894083554874921E-011   3.1419837986695688E-014  -1.0027708248885095E-011  -1.7205207584971147E-014  -1.6512111610237566E-011  -2.3648465409244993E-009   2.8281075604144337E-012   1.1544769616614098E-003   6.7639359873553384E-012  -3.1541126160793326E-014   4.5347307588082166E-015  -1.3576022346171066E-011  -2.8689396439200445E-014   6.8119369153339870E-012   2.7648892589609473E-012   4.0228764031957326E-010  -4.4326484379965612E-013  -1.3810980544177961E-015  -1.3351326452208039E-015   2.5059275947458836E-015  -2.9804788871265245E-014  -4.3350262723291075E-015   3.1107228176695559E-014
   2.4612672259390490E-011   5.2945293105949066E-009   6.2428231300010092E-012   1.6004357684097774E-011   7.0533138142954919E-016  -2.4361750001531061E-018   9.8856029470648046E-020  -1.4121255597299565E-015  -2.2801486331540575E-018   7.0679439760162302E-016   3.6736846788974021E-011   7.9035306990287180E-009   9.3184893689843398E-012   1.1646350911803889E-009   2.7620851275609468E-019   6.0282938476666751E-017   6.1078871987218945E-020  -5.5564220391894130E-019  -3.4785801807284211E-020   1.8502575613418810E-019  -8.9566209269210744E-017  -7.0333181626759296E-020   5.9880246381402833E-017   6.8735594366505846E-021   1.0619934266068825E-016   1.2996027512330478E-018   3.4075010933657977E-020  -2.1290177765390284E-016  -8.7006649411629681E-019   1.0670271261071805E-016   2.0999098017348682E-009   5.1112042381300420E-011   2.4801272973406217E-011   5.3353124112680725E-009   6.2907648181157915E-012   2.6292969604848450E-012   2.3854059856522485E-020   3.2357541673965108E-019   2.5078701438093462E-021  -3.9502194280579976E-020   3.6057678450925054E-021   7.4803782043338445E-021  -5.0909478888129282E-019  -1.7976516447047647E-020   3.5903112532945400E-019   1.1528519045022912E-020   6.1868614589981187E-013  -2.0634794287772815E-010  -1.2941288896233951E-014   4.2197808969682326E-010   9.8392442922381383E-017   8.7264213174109531E-020   9.6012348842381975E-021  -1.9693193232807896E-016  -4.5507016215805036E-019   9.8539429298750306E-017   9.5802994776667301E-013   1.3354857592949828E-010   2.0669694902016561E-013   1.2755867559947654E-017   4.5060221978247868E-021   2.6442814060718444E-021  -2.5550479929729500E-017  -5.2401155490226079E-020   1.2794568653695071E-017
  -6.2013031160251235E-010  -1.5097083746860552E-011   2.3976177859440712E-013  -1.7158886376611421E-013  -2.4361750001531061E-018   9.6075710270914925E-018   9.9542861662107894E-020   4.5066916433983245E-018  -1.0957890258118695E-021  -2.0705193596658674E-018  -9.2582622333850252E-010  -2.2539777674429500E-011   3.5790212166566462E-013  -1.2482711728956540E-011  -3.0570829977709255E-018  -4.5973918194465987E-019   1.1301017290873841E-021   5.4603394172828228E-018   2.7968902051744167E-021  -1.3587562249012567E-018   7.0552230946533974E-019  -1.1405390958933714E-021  -4.8681243612093929E-019   9.0877152163796272E-024  -4.6513752873123007E-019  -9.7483202548497756E-018   7.5514600871904507E-020   5.5477512644343783E-019   5.6106469747780291E-021  -8.9639030584133581E-020  -2.2507708309737425E-011  -4.4872608270991310E-013  -6.2493263495709971E-010  -1.5214121341706678E-011   2.4160673972158251E-013  -2.6923484256376529E-014  -1.1722584642614287E-018   3.6921132086700321E-020   9.1594150193123507E-022   2.0901877425259490E-018   6.5445601763739360E-022  -5.1748116372305446E-019  -4.7293231626011759E-020  -1.0873681175994460E-021   2.6530387587487326E-020   1.2807275115560605E-022   6.5874552842206961E-011   1.7898193572276850E-012  -6.5641535207980592E-015  -4.5193652864589521E-012  -4.1203528809015491E-019  -3.1742922970922844E-019   3.1023966831009403E-020   6.8703782866036474E-019   1.3396726018073451E-021  -2.7500156296939091E-019  -6.7296134205132718E-012  -1.2406298348082532E-013   6.6418584350363299E-015  -5.0553895753437631E-020  -3.3444236414708017E-019   2.9086761379719394E-021   8.7034599475412037E-020   2.7344854370438254E-022  -3.6480254010671635E-020
  -6.4456974505166232E-012   7.4496799583416239E-013   1.3631161023170258E-011   6.4018891369209470E-015   9.8856029470648046E-020   9.9542861662107894E-020   5.6904396536570911E-021  -1.9809019595187625E-019  -2.0991610112991506E-019   9.9234312168818025E-020  -9.6209312228901936E-012   1.1120564596460736E-012   2.0344609896679600E-011   4.6605622250540106E-013  -3.1656670211129143E-020   1.9063574492647439E-020   3.0068389897391088E-020   5.6544239069641401E-020  -2.9749783143985636E-022  -1.4071590179979799E-020  -2.8069233915093698E-020  -1.1988087253477597E-019   1.8594713906264589E-020   6.6938538214057701E-020   8.9890826969348884E-021  -1.0102904874261162E-019   5.5576103653515704E-021  -1.9186332594497009E-020   2.1414180949924855E-019   1.0197298983611830E-020   8.4031504568759694E-013   2.2202709915978069E-014  -6.4951087856164066E-012   7.5070368662293281E-013   1.3735325142259494E-011  -1.3153020872905349E-015  -1.2227624723773445E-020  -7.5116266374461648E-022   1.1637329418236246E-020   2.1820318450770313E-020  -1.2471517218439127E-022  -5.4156827192030256E-021   1.2234393385679816E-021  -4.6100045901553241E-020  -8.9032413533934858E-022   2.5685613051596834E-020  -1.2751902747299951E-013  -2.4698504058608973E-014   8.0007477871056721E-013   1.6892758236129937E-013   1.3815814432890237E-020  -3.4934835405850396E-021   2.0810776116375969E-021  -2.7914340734047660E-020   7.5710027395686169E-021   1.4098451946746527E-020  -2.4352007119774920E-013   1.9717522114226628E-014   6.2833492279100319E-013   1.7311449273346111E-021  -4.4462645195328537E-021   2.5374284377976920E-022  -3.5156363713498716E-021   1.0044779426009403E-020   1.7844856848468843E-021
  -2.5302804416428805E-011  -1.0599965911742962E-008  -1.6444454283166569E-012  -3.2116577652042181E-011  -1.4121255597299565E-015   4.5066916433983245E-018  -1.9809019595187625E-019   2.8271971573982906E-015   4.3982710185337248E-018  -1.4150720376025268E-015  -3.7769047500197533E-011  -1.5823343342820071E-008  -2.4552970498367390E-012  -2.3371194027833648E-009  -4.3577078393556032E-019  -1.2087702279163813E-016  -9.8464924925982725E-020   9.0304226258873411E-019   6.9248486420100452E-020  -3.1830949301015260E-019   1.7959523536079480E-016   4.5774265551287319E-020  -1.2007027591438484E-016   3.9318733671055640E-020  -2.1253088104663941E-016  -2.2259874395318736E-018  -6.7392402415639157E-020   4.2608648647421372E-016   1.9125662394012447E-018  -2.1355616217139665E-016  -4.2139723534232861E-009  -1.0254765330624729E-010  -2.5497181568462344E-011  -1.0681616092415673E-008  -1.6572304163915332E-012  -5.2750243238258175E-012  -2.1802649146163157E-021  -6.3198906625111972E-019   4.2182576341120167E-021  -2.1692877921603476E-021  -7.3384091221250619E-021   5.1327026694856447E-021   9.9526701736514613E-019  -7.2381651811256121E-022  -7.0246937051478654E-019  -2.6034582759698153E-021   1.3874050614509827E-013   4.1305981716675761E-010   2.5314393195611661E-013  -8.4679943072818183E-010  -1.9699405713977084E-016  -1.6138715025948437E-019  -1.9039577154806907E-020   3.9428888684853716E-016   9.1711116982114943E-019  -1.9729470902624199E-016  -8.1932456551589001E-013  -2.6738534736315894E-010  -1.0787839762582953E-015  -2.5537790816790922E-017   8.5940949659429423E-021  -5.2629262260793910E-021   5.1153973559056984E-017   1.1243667974686676E-019  -2.5616095055113796E-017
   2.3746295273672086E-013  -1.6490961370536261E-011  -6.1603594766305867E-010  -1.4009219998029829E-014  -2.2801486331540575E-018  -1.0957890258118695E-021  -2.0991610112991506E-019   4.3982710185337248E-018   9.4816902098304276E-018  -2.1181257354539766E-018   3.5446778445300528E-013  -2.4616099697892817E-011  -9.1971441072829936E-010  -1.0201469732976515E-012   7.0109604451780446E-022  -9.9202904778975548E-020  -1.3597106430712462E-018  -1.4619663602344306E-021   1.4734574765743689E-020   5.2163469746792490E-022   1.4178226293643146E-019   5.4230152780246529E-018  -9.1002104317405572E-020  -3.0284411316974878E-018  -4.1929954714322268E-019   2.5874791178699071E-022  -2.1574486052630830E-019   7.1212397228974103E-019  -9.6928064901909326E-018  -2.9282295931346265E-019  -1.8392569627788356E-012  -6.6609572410307049E-014   2.3928957200710301E-013  -1.6617722835591391E-011  -6.2080676729902672E-010  -3.0371076902220781E-016   1.7578567688542991E-022  -8.5547551958107509E-021  -5.2321162620120139E-019  -1.0935408451408524E-021   5.8951776301475847E-021   8.5652945747685572E-022   1.1936565116443230E-020   2.0736907994302792E-018  -7.4578030136066417E-021  -1.1555959077403554E-018  -5.4840150797970817E-015   2.1352097632449594E-013   6.5766328949698232E-011  -3.7038936156145473E-013  -3.2437952458431295E-019  -3.0815711051089863E-022  -7.8842660387803783E-020   5.9612614397945451E-019  -3.1793519558558048E-019  -2.7174448006602530E-019   6.7955508500085130E-015  -5.0768447707770531E-013  -6.6153645325864975E-012  -4.1711698257709195E-020   1.3336184682825299E-022  -8.1379433546132792E-021   7.8603213172786493E-020  -3.3265591820105843E-019  -3.6891832743335069E-020
   6.9017159819170280E-013   5.3054367054076846E-009  -4.5981758933709723E-012   1.6112776263889789E-011   7.0679439760162302E-016  -2.0705193596658674E-018   9.9234312168818025E-020  -1.4150720376025268E-015  -2.1181257354539766E-018   7.0827786064232066E-016   1.0322499618523920E-012   7.9198127938619102E-009  -6.8628893593979270E-012   1.1725271618112725E-009   1.5956834724756524E-019   6.0595542880132684E-017   3.7387141090938133E-020  -3.4741061995532305E-019  -3.4462446556728669E-020   1.3328614585723551E-019  -9.0031202787811660E-017   2.4553694879146441E-020   6.0191491313049265E-017  -4.6189212676766647E-020   1.0633095503556807E-016   9.2638802299273931E-019   3.3317835402456023E-020  -2.1318354718688641E-016  -1.0424960080913379E-018   1.0685287128433959E-016   2.1141395571305142E-009   5.1478149664017379E-011   6.9594613313036255E-013   5.3463037849312562E-009  -4.6333306479247504E-012   2.6455739049447890E-012  -2.1673825039910486E-020   3.0828678350615825E-019  -6.7260775879695905E-021   4.1671543827006033E-020   3.7325575311827452E-021  -1.2613102084313934E-020  -4.8598241530400556E-019   1.8700113813754896E-020   3.4331045047462964E-019  -8.9249348442698658E-021  -7.5387526798972248E-013  -2.0670982107507817E-010  -2.4084015542918682E-013   4.2483828192961389E-010   9.8601707684910799E-017   7.4123436388171354E-020   9.4384198305214121E-021  -1.9735714208183505E-016  -4.6204145062755491E-019   9.8755373816022083E-017  -1.3794513194418593E-013   1.3383721370113417E-010  -2.0574762957481492E-013   1.2781932738790120E-017  -1.3095921967652795E-020   2.6186528395371975E-021  -2.5603512944579593E-017  -6.0036226944286521E-020   1.2821536232943376E-017
   5.9801085653336958E-002  -2.5052588787994532E-011  -1.0063591117300435E-012   2.9186853506510313E-010   3.6736846788974021E-011  -9.2582622333850252E-010  -9.6209312228901936E-012  -3.7769047500197533E-011   3.5446778445300528E-013   1.0322499618523920E-012   8.9276593635350232E-002   5.5800721715736210E-011   1.7984627616925536E-012  -2.1538149983403939E-010   2.9458858474700678E-010  -2.4016672162061506E-012  -8.4062868057896532E-014  -5.2616161034704374E-010  -2.6576218275693538E-013   1.3092225260524837E-010   1.6017543557593541E-012  -1.8749464724466029E-014   2.5278746206341633E-013   7.6508807242776753E-014   2.7756132422258451E-011   9.3958816036686921E-010  -7.2902296122461229E-012  -1.9054924925571912E-011   7.8522991644197977E-014  -8.7012843106781726E-012  -1.5828230201884769E-010   6.3163106383439913E-012   6.0263341427593743E-002   3.7410401577778958E-011   1.0317345385525840E-012   8.5468009627127791E-013   1.1313022718710043E-010  -1.0101806435453592E-012  -6.5669586571396198E-014  -2.0171755687403389E-010  -6.2732301339675703E-014   4.9941629841784048E-011   7.5138642342351679E-013   1.7687008808187660E-014   2.1004946712963559E-015   3.5732970301355832E-014  -4.9886377593089913E-003  -1.7591863030889701E-014  -8.0797910547521272E-014  -4.9864124334898016E-011   1.0840744526772326E-011   3.0946635647310075E-011  -2.9947428845047724E-012  -8.3973791781200120E-012   1.6848375366653853E-014  -2.4433796472034028E-012   9.4041058455507777E-004   1.6203995089001334E-012   1.0287030085565939E-014   1.2400298512441015E-012   3.3883807330145571E-011  -2.8819480839645665E-013  -1.0622355794536028E-012   4.5374373092977603E-015  -1.7779958799099228E-013
  -5.0466688942948193E-011   5.9801067815889890E-002  -1.4258111339563082E-012   4.2619654176412938E-008   7.9035306990287180E-009  -2.2539777674429500E-011   1.1120564596460736E-012  -1.5823343342820071E-008  -2.4616099697892817E-011   7.9198127938619102E-009   5.5800721715736210E-011   8.9276621446889012E-002   9.1468780600353855E-012  -1.5249439836833589E-008  -9.8192846571192928E-014   2.3206900483485088E-010   3.4011156353729983E-013  -6.1846602458488944E-013  -4.6508716841327031E-013   7.4985877272706257E-013  -3.4182987101240965E-010   8.7481057187694902E-013   2.2651552942916969E-010  -9.0577711905952706E-013   1.3789026293861089E-009   9.3685018816250214E-012   2.7908059523863636E-013  -2.7620956959670322E-009  -1.1093966418783610E-011   1.3831940709348566E-009   9.4877970579540407E-009   9.2296746614972537E-010   3.8185513428078046E-011   6.0263359326890607E-002   5.3513481841830417E-012   1.1135797257443132E-010  -1.6730285868306555E-013   4.2710407575428034E-011   1.3750763936059452E-015   3.2965825767518356E-013   6.6930246007605293E-014  -1.0544671746891281E-013  -6.4181674464033527E-011  -8.8678684553829812E-014   4.3393561757648100E-011   6.5063352216662685E-014   3.8130408806679152E-013  -4.9886377290255662E-003   2.7766744080077861E-014   4.3055273948190569E-010   1.0845987810846188E-009   9.4726204533362467E-013   9.5126855365875833E-014  -2.1707309581306489E-009  -5.0606044953852876E-012   1.0861324209693501E-009   1.7223554944068157E-012   9.4041136660692596E-004   2.6531424428534649E-013   1.4497205065868919E-010  -1.7583081052715431E-013   2.0291379040908729E-014  -2.9025799641644330E-010  -6.0792104070074367E-013   1.4528583731555076E-010
  -1.0301847735039416E-012  -9.3807622298106181E-012   5.9801085636824375E-002  -4.7899774011455543E-011   9.3184893689843398E-012   3.5790212166566462E-013   2.0344609896679600E-011  -2.4552970498367390E-012  -9.1971441072829936E-010  -6.8628893593979270E-012   1.7984627616925536E-012   9.1468780600353855E-012   8.9276593665246790E-002   4.9150193642836642E-011   3.4154759422583295E-014   4.2229694926840041E-014   1.3195970321806876E-010  -2.0092543943914825E-014  -1.4183385332639475E-012  -2.5751608906398995E-014   4.2379293661414069E-013  -5.2636084788314048E-010  -6.1159203450278323E-013   2.9395299346931996E-010   5.1381178298371417E-012   7.9319495674531540E-014   2.0928068229812551E-011   2.1399813950552503E-012   9.4105499315215584E-010  -7.2782866557000557E-012   5.7636227470275980E-011  -8.7405522711440348E-013   1.0328019009182958E-012   5.5265546516237248E-012   6.0263341444384708E-002  -1.0917476981899127E-013   3.1762757341640377E-014  -2.4651535973658173E-014   5.0823941173532527E-011   1.8230026627169102E-014  -5.7429091620033390E-013  -6.0723666815719929E-014   1.2789227000250995E-013  -2.0143416431293677E-010  -1.4700106617167204E-013   1.1225212089354722E-010  -8.9841809107931818E-014   1.3374309582612212E-013  -4.9886377606696182E-003   1.5949532524181816E-011   2.2769383136180837E-012   1.7177939761068879E-014   7.6570329578854795E-012   6.0657855594291001E-013   3.1354816653169931E-011  -2.8837230204412395E-012   8.3889777287837916E-015   2.8778625180000548E-013   9.4041058468488409E-004   2.4756696259580289E-013   4.6062694633939375E-015   8.1334056163476905E-013  -5.4768677761133815E-015   3.3973167172944970E-011  -2.4205318271891887E-013
  -1.1721966082598642E-010  -4.2246561670015095E-008  -7.5120673455295811E-012   3.3320458586713468E-003   1.1646350911803889E-009  -1.2482711728956540E-011   4.6605622250540106E-013  -2.3371194027833648E-009  -1.0201469732976515E-012   1.1725271618112725E-009  -2.1538149983403939E-010  -1.5249439836833589E-008   4.9150193642836642E-011  0.24258007196733988        3.4111988825513627E-011   8.2789960258316027E-009   3.5900466141059713E-012  -5.9267028492279749E-011   1.3842972022527637E-012   1.3498897359640415E-011  -1.2355246977689346E-008  -1.9343462339863643E-011   8.2973114527172079E-009   1.1741235212953645E-011  -3.3181214980189833E-009   1.7610472859726601E-011   2.1205416232621500E-012   6.6071840290591485E-009   2.8696261823465242E-012  -3.2890234115050121E-009  0.43738094648518383        1.1427805894779635E-002  -2.8559439231392496E-010  -4.9477616907212863E-008   3.1187248614749450E-011  -1.7613542731643924E-004  -1.6832055628425510E-012  -7.2294373111437106E-010  -6.0545406332623694E-013   3.0527129357685687E-012  -4.6531391370670152E-013  -7.9402889172978580E-013   1.0816516391729120E-009   2.2821488478999250E-012  -7.2824223971299078E-010  -1.2497273952928141E-012   2.7990438673337920E-011   3.0195242022734096E-009  -6.0315253508258049E-012   8.7920992841202181E-002   5.0152519903780598E-010  -2.3570928854359441E-012   3.3687839083493429E-013  -1.0066694012562564E-009  -2.1074947391375545E-012   5.0512703294729301E-010  -1.5895951696979483E-011  -3.0849719461520279E-009   1.4508742604828721E-012   1.9646142435576415E-011  -2.5259681527310612E-013   1.8466944209471791E-013  -4.1729472617916312E-011  -3.3528818719710012E-013   2.2076196389295389E-011
   1.9725225583951417E-010  -6.6106735045436277E-014   2.2863422099047910E-014   4.6921140090365431E-013   2.7620851275609468E-019  -3.0570829977709255E-018  -3.1656670211129143E-020  -4.3577078393556032E-019   7.0109604451780446E-022   1.5956834724756524E-019   2.9458858474700678E-010  -9.8192846571192928E-014   3.4154759422583295E-014   3.4111988825513627E-011   9.7796240528984152E-019   1.1561104388128927E-018   2.7740262043211563E-022  -1.7464944028826224E-018  -6.8333682132060391E-022   4.3439552961943981E-019  -1.7318855400256831E-018  -2.9847252332099651E-021   1.1674588359835372E-018   2.0174002283965235E-021  -3.7646743087603776E-019   3.1064363837855401E-018  -2.3774277768639695E-020   8.6931556317174923E-019   1.0352144232195507E-021  -4.9284298937353843E-019   6.1510346680185172E-011   7.9718509611744681E-013   1.9880270902055413E-010  -6.6506101188390978E-014   2.3045234475992981E-014   6.3261669117769445E-014   3.7069634262674843E-019  -1.0504693654343855E-019  -2.8266938001161438E-022  -6.6095125461561842E-019  -2.7027179041336002E-022   1.6362289132220550E-019   1.5467702661627274E-019   3.0308312839318942E-022  -1.0247374961685140E-019  -1.5314035816429334E-023  -5.7855191806740848E-011  -1.7550160345246369E-013  -1.0067295887816794E-014   1.2335318240572249E-011   1.0480729659044117E-019   9.1209126369290912E-020  -9.7677036093748525E-021  -1.6667614890211750E-019  -2.2482289196556043E-022   6.1866392326352764E-020  -5.7452821224841317E-012  -3.9722871273636960E-014  -1.3842442986744614E-015   5.8614447599110422E-021   6.2367110555105100E-020  -7.2328430709541202E-022  -8.6255911895341240E-021  -2.7539780608811562E-023   2.7631316914240413E-021
  -1.6083109297412181E-012   1.5533988223253285E-010   2.8261000899267237E-014   1.1387814563597343E-010   6.0282938476666751E-017  -4.5973918194465987E-019   1.9063574492647439E-020  -1.2087702279163813E-016  -9.9202904778975548E-020   6.0595542880132684E-017  -2.4016672162061506E-012   2.3206900483485088E-010   4.2229694926840041E-014   8.2789960258316027E-009   1.1561104388128927E-018   2.8317933686131121E-016   1.2348202965102865E-019  -2.0103192205230959E-018   4.6046006738532923E-020   4.5916234007621359E-019  -4.2259391373535964E-016  -6.5819861184452836E-019   2.8378996411323591E-016   3.9853059930629010E-019  -1.0967207672485381E-016   6.0025259041891819E-019   7.3310813172485356E-020   2.1834016605566430E-016   6.9518822265387142E-020  -1.0866675066925977E-016   1.4928593887782587E-008   1.9295722318567442E-010  -1.6208930986309090E-012   1.5657752105035051E-010   2.8489270897467923E-014   1.5499207808908906E-011  -6.0927865463305184E-020  -2.4568919377349812E-017  -2.0637619904556792E-020   1.1047580660174861E-019  -1.5707114689474854E-020  -2.8718687964891746E-020   3.6758721765645033E-017   7.7575049812901577E-020  -2.4748025500354670E-017  -4.2438524232546938E-020   3.6699837986985493E-013  -7.2561065589942131E-011  -1.6002617096203090E-014   2.9937693996077298E-009   1.9928913495065004E-017  -7.8977038711422304E-020   1.1817072423329354E-020  -3.9985487264615575E-017  -8.4946922433907411E-020   2.0055999474155556E-017   2.4463667761653692E-014  -1.0294252920141284E-011  -2.4714104305177448E-015   1.0559272512459104E-018  -1.0486021030919069E-020   6.3582911776374258E-021  -2.1957684344772192E-018  -1.2702978281039512E-020   1.1395999134710858E-018
  -5.6288693204304304E-014   2.2782167624578958E-013   8.8358233875007356E-011   4.9379796574062202E-014   6.1078871987218945E-020   1.1301017290873841E-021   3.0068389897391088E-020  -9.8464924925982725E-020  -1.3597106430712462E-018   3.7387141090938133E-020  -8.4062868057896532E-014   3.4011156353729983E-013   1.3195970321806876E-010   3.5900466141059713E-012   2.7740262043211563E-022   1.2348202965102865E-019   1.9532630503679928E-019  -4.1316721707527834E-022  -2.0796650917392068E-021   4.0939524030177202E-023  -1.8354069016119576E-019  -7.7917951875917545E-019   1.2276249943403062E-019   4.3515479648476759E-019  -3.6279466051570994E-020  -4.7228029883228512E-022   3.1014650687401085E-020   9.0450093924830740E-020   1.3925794026466370E-018  -5.4170297009442912E-020   6.4735202084168642E-012   8.4966084628302645E-014  -5.6730653297064921E-014   2.2958215872117234E-013   8.9052777886377017E-011   6.1432989298841473E-016  -8.4474277780833569E-023  -1.0573468323352405E-020   7.4639110050965270E-020   2.6213882460161256E-022  -8.4983165089910734E-022  -1.4860908738002864E-022   1.5952616523999137E-020  -2.9580652186388878E-019  -1.0829317897211004E-020   1.6483932552748256E-019   1.5732950006101150E-014  -1.8022202568304963E-014  -2.5957234236548002E-011   1.2982485899232355E-012   1.4885991430116677E-020  -3.2105748045266453E-023   1.1224490957158132E-020  -2.2265990662438985E-020   4.1548375733709446E-020   7.3794302427128734E-021   1.4734868456332001E-015   3.7926376751736690E-015  -2.5823916796207291E-012   1.1403138584258655E-021  -1.6328589875410410E-023   8.8388144387246668E-022  -1.7520898180624359E-021   2.8028292033894827E-020   6.1172205774446149E-022
  -3.5231018686459486E-010  -4.1374060181435247E-013  -1.3475286525006901E-014  -8.1521736992886014E-013  -5.5564220391894130E-019   5.4603394172828228E-018   5.6544239069641401E-020   9.0304226258873411E-019  -1.4619663602344306E-021  -3.4741061995532305E-019  -5.2616161034704374E-010  -6.1846602458488944E-013  -2.0092543943914825E-014  -5.9267028492279749E-011  -1.7464944028826224E-018  -2.0103192205230959E-018  -4.1316721707527834E-022   3.1189958443310351E-018   1.2334579309469028E-021  -7.7578375288557344E-019   3.0117836373679640E-018   4.9484941026032757E-021  -2.0304140466535006E-018  -3.3795159372488730E-021   6.3743223465457859E-019  -5.5483372476527712E-018   4.2484670709201646E-020  -1.4828858815146593E-018  -1.2974295571129804E-021   8.4544472000653536E-019  -1.0686960398025400E-010  -1.3885630712331490E-012  -3.5507944112982135E-010  -4.1711724811746448E-013  -1.3573820552254346E-014  -1.1033504024272422E-013  -6.6210634960665094E-019   1.8229344274512969E-019   5.2340174269152414E-022   1.1805351469687753E-018   4.7869315338808178E-022  -2.9224942237462060E-019  -2.6829019826086714E-019  -6.1481127365157801E-022   1.7765511193520474E-019   6.8305776198954698E-023   1.0334435006688204E-010   3.2357694583075003E-013  -7.9721869933367069E-015  -2.1431814483264741E-011  -1.9340435343149409E-019  -1.6292988248958667E-019   1.7450815615290653E-020   3.1010809829995156E-019   4.4051252946642374E-022  -1.1669946852574473E-019   1.0263682078056002E-011   5.5266548770182765E-014  -2.1557786658950553E-015  -1.1606001969606425E-020  -1.1138226694813954E-019   1.2928489068226793E-021   1.7666404196012287E-020   3.9791901742595440E-023  -6.0586371202422829E-021
  -1.7794746180018328E-013  -3.1154827913168601E-013  -9.4972880831216425E-013   1.9042349960675404E-014  -3.4785801807284211E-020   2.7968902051744167E-021  -2.9749783143985636E-022   6.9248486420100452E-020   1.4734574765743689E-020  -3.4462446556728669E-020  -2.6576218275693538E-013  -4.6508716841327031E-013  -1.4183385332639475E-012   1.3842972022527637E-012  -6.8333682132060391E-022   4.6046006738532923E-020  -2.0796650917392068E-021   1.2334579309469028E-021   3.3669915014671422E-023  -3.1665322811534529E-022  -6.8742521743810073E-020   8.2560935044081577E-021   4.6181947522560754E-020  -4.6033853170206800E-021  -2.6284394529325598E-020  -2.7499297510274067E-021  -3.0052011942634368E-022   5.2119167511522920E-020  -1.4892426090010413E-020  -2.5834551731202738E-020   2.4961608829679132E-012   3.0511887761937097E-014  -1.7934722063743211E-013  -3.1395193904796729E-013  -9.5718370339831835E-013   3.6567177251425247E-015  -3.4378097207303664E-022  -4.3456510791617043E-021  -8.0603552101886248E-022   6.1190889378477241E-022   6.2487462469616277E-024  -1.5068826707868322E-022   6.5041296934237293E-021   3.1949283552399139E-021  -4.3805171419211642E-021  -1.7804773794579966E-021   5.3875076914025574E-014   1.8260884206571881E-014   2.6211225987565775E-013   5.0051393106067965E-013  -2.8578943580556384E-021  -1.0083778341956224E-022  -1.1036918868009540E-022   5.5824903617899198E-021  -4.3712393542733896E-022  -2.7246897866702433E-021   5.5424602064379196E-015  -6.5509189193834766E-015   2.4147313718980493E-014  -6.4997289517030811E-022  -5.4976509495763156E-023  -8.1442996728267728E-024   1.2784065065228900E-021  -3.2020084340103282E-022  -6.2847385078997548E-022
   8.7663644313119638E-011   5.0219865721561104E-013  -1.7213545154674787E-014   1.8567727441502398E-013   1.8502575613418810E-019  -1.3587562249012567E-018  -1.4071590179979799E-020  -3.1830949301015260E-019   5.2163469746792490E-022   1.3328614585723551E-019   1.3092225260524837E-010   7.4985877272706257E-013  -2.5751608906398995E-014   1.3498897359640415E-011   4.3439552961943981E-019   4.5916234007621359E-019   4.0939524030177202E-023  -7.7578375288557344E-019  -3.1665322811534529E-022   1.9297006117524693E-019  -6.8810782023893450E-019  -9.4378974638837482E-022   4.6403133901647601E-019   6.7272389847102450E-022  -1.3232728108627273E-019   1.3805376940611972E-018  -1.0587552179327769E-020   3.1653212641597699E-019  -9.1642113547162173E-023  -1.8420281873097109E-019   2.4341050176339044E-011   3.1659661229839734E-013   8.8352703856634434E-011   5.0610969845004860E-013  -1.7358897116536624E-014   2.5298436543391424E-014   1.6475632283549855E-019  -4.1352104569196309E-020  -1.4416844720442228E-022  -2.9376048757427180E-019  -1.1607698144197651E-022   7.2722443682580387E-020   6.0760147815303763E-020   2.0823368822456123E-022  -4.0166101321948439E-020  -4.7792359300783039E-023  -2.5713648400177482E-011  -8.8730961392111392E-014   2.1235850815394143E-014   4.8814079002767867E-012   5.2781144875181027E-020   4.0559886750177726E-020  -4.3458423622575286E-021  -8.6470608611238832E-020  -1.3891279245713340E-022   3.3688488099249811E-020  -2.5536428802883281E-012  -2.1117947084009729E-015   3.9605209451065078E-015   3.7414505002985753E-021   2.7716462371053577E-020  -3.2248957310817204E-022  -6.0925757912684186E-021  -3.1343440000487773E-024   2.3507216924204987E-021
   1.0726836956240119E-012  -2.2880846054669509E-010   2.8384540121872161E-013  -1.6994726157126472E-010  -8.9566209269210744E-017   7.0552230946533974E-019  -2.8069233915093698E-020   1.7959523536079480E-016   1.4178226293643146E-019  -9.0031202787811660E-017   1.6017543557593541E-012  -3.4182987101240965E-010   4.2379293661414069E-013  -1.2355246977689346E-008  -1.7318855400256831E-018  -4.2259391373535964E-016  -1.8354069016119576E-019   3.0117836373679640E-018  -6.8742521743810073E-020  -6.8810782023893450E-019   6.3064521319818093E-016   9.7944220541964730E-019  -4.2350553227217556E-016  -5.9319482686083749E-019   1.6373919174471203E-016  -9.1620284587135183E-019  -1.0911588627538807E-019  -3.2598103122678090E-016  -9.9173529217719206E-020   1.6223984176793247E-016  -2.2278844531244583E-008  -2.8794635977021723E-010   1.0810641557656440E-012  -2.3063211257914698E-010   2.8604789805664187E-013  -2.3136877346229471E-011   8.8418445264925145E-020   3.6667857004460034E-017   3.1076485834086506E-020  -1.6039609850806124E-019   2.3442311972608959E-020   4.1749597514107209E-020  -5.4860511203163263E-017  -1.1686940620761266E-019   3.6935159322776125E-017   6.3946039390898777E-020  -2.1915956949027528E-013   1.0796078880547853E-010  -4.0426731070913111E-014  -4.4677827748964772E-009  -2.9686659262410991E-017   1.1727809066195796E-019  -1.7522822999215855E-020   5.9563491469068227E-017   1.2667754398413637E-019  -2.9875975140226751E-017  -1.0842016934840374E-014   1.5394117119871786E-011   8.8442447515987712E-016  -1.5684798304651220E-018   1.5146239544847137E-020  -9.4787069783992072E-021   3.2621510537031547E-018   1.9067997870450914E-020  -1.6933111671163869E-018
  -1.2571506606755130E-014   5.8616311696264807E-013  -3.5244384947408685E-010  -2.6607197104230809E-013  -7.0333181626759296E-020  -1.1405390958933714E-021  -1.1988087253477597E-019   4.5774265551287319E-020   5.4230152780246529E-018   2.4553694879146441E-020  -1.8749464724466029E-014   8.7481057187694902E-013  -5.2636084788314048E-010  -1.9343462339863643E-011  -2.9847252332099651E-021  -6.5819861184452836E-019  -7.7917951875917545E-019   4.9484941026032757E-021   8.2560935044081577E-021  -9.4378974638837482E-022   9.7944220541964730E-019   3.1083996644156523E-018  -6.5585722137310700E-019  -1.7360036636914274E-018   2.4780028225666765E-019  -1.9765091223970287E-021  -1.2371858096579553E-019  -5.6661465342376161E-019  -5.5550319644922936E-018   3.1881226675186989E-019  -3.4879934223147416E-011  -4.4837235255605724E-013  -1.2664449149189392E-014   5.9063425745232097E-013  -3.5521406686129562E-010  -4.0154554124868583E-014  -7.8885383853148052E-023   5.8226158840534721E-020  -2.9771519865372843E-019  -3.0445434884614275E-022   3.4014544445418496E-021   4.0947936051890774E-022  -8.7650467537129051E-020   1.1798937116955003E-018   5.9369541530421782E-020  -6.5750062425983907E-019  -5.7642865968772723E-015   4.8744907695898112E-014   1.0324229518025829E-010  -6.9947035294824401E-012  -4.2702745537423022E-020   8.7818199657197030E-023  -4.4766637554760507E-020   5.5448969359383768E-020  -1.6588682738426360E-019  -1.2743599713242924E-020  -1.6536264209705449E-015   3.0084179184610796E-014   1.0237388331609576E-011  -1.3885667808571109E-021  -2.2395997216149378E-023  -3.5330961492622707E-021   7.0445147938490857E-022  -1.1216121545641812E-019   6.8447375962723399E-022
   1.6921802393273999E-013   1.5161983643312172E-010  -4.0961396262767139E-013   1.1413008516842312E-010   5.9880246381402833E-017  -4.8681243612093929E-019   1.8594713906264589E-020  -1.2007027591438484E-016  -9.1002104317405572E-020   6.0191491313049265E-017   2.5278746206341633E-013   2.2651552942916969E-010  -6.1159203450278323E-013   8.2973114527172079E-009   1.1674588359835372E-018   2.8378996411323591E-016   1.2276249943403062E-019  -2.0304140466535006E-018   4.6181947522560754E-020   4.6403133901647601E-019  -4.2350553227217556E-016  -6.5585722137310700E-019   2.8440240356235209E-016   3.9732181407935792E-019  -1.1000760178273144E-016   6.2896111985075752E-019   7.3083275896793613E-020   2.1901028290235457E-016   6.3532152648169717E-020  -1.0900133956616497E-016   1.4961620158153628E-008   1.9336982820443309E-010   1.7055819985102111E-013   1.5282875201705978E-010  -4.1279826413328657E-013   1.5546221002480637E-011  -5.7697881245030986E-020  -2.4626200628174557E-017  -2.1056444544916885E-020   1.0471805025098343E-019  -1.5744069971602545E-020  -2.7294245281459689E-020   3.6844418850247431E-017   7.9224054445013224E-020  -2.4805718505464450E-017  -4.3355401155324389E-020  -7.4716987703198300E-014  -7.2307181872972984E-011   6.5360647621371639E-014   3.0003919350839090E-009   1.9899588067872885E-017  -7.8368927732101177E-020   1.1692143125328934E-020  -3.9926659286742303E-017  -8.5008762447580422E-020   2.0026495638189081E-017  -1.0289857917787643E-014  -1.0364815414084893E-011   2.2402364103530517E-016   1.0483831112296803E-018  -9.8372405970339781E-021   6.3586415493853275E-021  -2.1808142145197917E-018  -1.2885293663079760E-020   1.1321893068847682E-018
