   2.2746780700394199E-004  -4.4678290435033400E-010   7.1905033267326611E-011   5.4086577791931344E-011   7.7270322809476621E-010  -1.0671907583479753E-009   1.4733748081365281E-009  -9.2161695659224839E-010   8.9089955140720737E-010   1.4891380103423225E-010   6.7384631001781228E-003  -6.6639766109328413E-009   1.6147393267444262E-010   1.8194958347247316E-010   9.2979274783568658E-011   2.9104444209975612E-011  -2.3850386789689740E-011  -2.2314538718503941E-011  -2.6229520839533001E-011  -1.0242912930933891E-010  -4.6690777702990124E-011  -6.1317931996783802E-011   3.3537820064390753E-011   6.3480704849085689E-011   1.3198426192083596E-009  -1.1588162258949788E-009   7.2932673854039665E-010  -1.7796325898771049E-009   1.0962739603541001E-009   4.5979009912953722E-010   1.2514484068693594E-002  -1.1374399983930834E-008   1.4648998298520993E-010  -1.2756680943483846E-003   7.0394321749297172E-011  -7.4474445519080963E-012   3.9214644061745476E-010  -9.4249707422691235E-011   8.7751477073939152E-012   1.2138580956116315E-011   6.5334776507591240E-012  -5.7864080536130046E-013  -1.5330042671952579E-011  -1.1192935954431760E-011  -1.4933987172214126E-011  -3.9430822832357305E-011   7.8974698080222946E-012   2.4520238567915598E-011   9.2661747869441038E-012   1.0041307508786492E-009  -9.3306950295742609E-010   6.6959891549015463E-010  -1.3155560519923000E-009   8.5782900222361846E-010   3.1142534088381834E-010   5.9227770724993257E-003  -5.4235231652026322E-009   6.7263951976766916E-011   1.2961033135233065E-011   2.2733450925334592E-010  -1.3944503018107656E-010   2.5346365707831085E-010  -3.1084008263956387E-010   2.1024704386339926E-010   8.3505574590653650E-011
  -4.4678290435033400E-010   2.2746798574956655E-004  -1.6684570171088865E-010   6.9265971401888897E-011  -3.9705892708909377E-011  -1.2899096212098806E-009   7.7355302123640319E-010  -1.7961796853939909E-010  -2.6021062832026190E-010   2.1932395168556169E-010  -7.3531772146964948E-009   6.7384659213291682E-003  -1.9502489134957983E-009   1.0462051747836314E-009   3.7494690331312057E-011  -1.9313884229671489E-012   4.9185836945280517E-011  -2.7999584422813796E-011  -4.1378675581316880E-011  -2.2304820113478395E-011   9.1827465125169925E-011  -1.8713004704335465E-011  -1.2126821162117102E-010  -2.2713073974819380E-011   2.1979812186989413E-010  -2.0849145653766542E-009   8.7571109846779506E-010  -3.1775959113085890E-011  -1.1241250212788091E-009  -1.8802214198148521E-010  -1.2724309475810684E-008   1.2514488872669047E-002  -3.1460088058254790E-009   6.2929945809715906E-011  -1.2756681472142052E-003   3.2805623850549681E-011   1.2990094100418703E-009   6.0782643073993620E-010   2.7958335731482434E-011  -1.5991983002259963E-011   1.0415264930475692E-011  -3.2777504340173131E-011  -3.8571342416541249E-011  -4.7325293158910465E-012   1.9807079582281357E-011   6.0728261308234414E-013  -1.0581879362704487E-011  -8.2157019918644644E-012  -8.6476746653942436E-011   1.6835925338153722E-010  -1.5645222673398426E-009   6.9707853941426663E-010  -7.4640071229885973E-011  -8.0499717721674782E-010  -9.3719213102029192E-011  -6.0693922932925353E-009   5.9227793707225642E-003  -1.4667569966674691E-009   2.4667191133589004E-010  -4.6841241067044253E-012  -3.9558099021821175E-010   1.6765802186476458E-010   8.2960017080507273E-011  -1.0461191422034579E-010  -7.8275883479220155E-011
   7.1905033267326611E-011  -1.6684570171088865E-010   2.2746785331918582E-004   1.8297069749844872E-010   1.9238952232376922E-009   9.7346090494958693E-010   3.1397708496551244E-010   4.1406903706067145E-010  -1.8800755103766142E-010  -2.3379641583312983E-009   2.0060036225286340E-009  -3.3220734276894427E-009   6.7384639491124563E-003   2.2873405992295825E-009  -3.9080326302503546E-011  -5.5844817296556219E-012  -9.3631015398396461E-011   2.4760507225494835E-013  -3.2174569646778859E-011   5.2184147781362623E-011   2.2543490182858962E-011  -9.4413391417822989E-011  -2.4660817069074275E-011   1.4016079283469041E-010   1.5602827028819094E-009   8.4740622651428595E-010   6.9030144207875191E-010   3.7268823506355469E-010  -8.8515318807174008E-010  -1.9329708160617324E-009   3.7877594772996312E-009  -5.8608599272677396E-009   1.2514485291187474E-002   1.0154679013342867E-011   1.9964064295610435E-011  -1.2756681563523479E-003   3.5165187335948435E-009   6.7714774158834409E-010  -1.8135147766541431E-012  -2.9957071321441985E-012  -6.0360158182816195E-011  -2.3814577663552195E-011  -1.6132514990242281E-011   2.6247674292776498E-011   1.3785112238775124E-011  -4.2580695525460782E-011  -1.5498986623414379E-011   7.6728491895113161E-011  -9.5265770140614551E-011   1.2506515177671185E-009   6.8955254820099347E-010   5.4538339043951284E-010   3.0743600197099939E-010  -6.8739514374805264E-010  -1.5580874176408590E-009   1.8124351553087779E-009  -2.7671559790555463E-009   5.9227775482730395E-003   4.9565497004128422E-010   2.4031595747197076E-010   1.6361706860573000E-010   1.2009729783699931E-010   2.1518830199901311E-011  -8.1754120901465182E-011  -2.6183476771200903E-010
   5.4086577791931344E-011   6.9265971401888897E-011   1.8297069749844872E-010   4.5264579853552183E-005   3.9225175251944952E-012   1.3508669127447001E-011   1.6923890117305360E-011   3.8043025557634569E-011   2.4821054279810453E-011  -4.1965097492109991E-011   1.5014835625770090E-009   1.9220803953465745E-009   4.9031980059787998E-009   3.6716675173765405E-003   5.5194717014167182E-011  -3.8404690604655131E-011   1.5160680451117906E-010  -1.0686045866807764E-010   9.5224434854466505E-011   3.2808986863819257E-011   3.2884473645945997E-011   7.6641966435997806E-012  -5.7144616239985775E-012  -1.1871361095780091E-010  -7.0928374036223083E-012   3.4076075975008912E-011   8.7089103127617030E-012   1.0797828214978831E-011   2.0178950767011330E-011  -3.7052262134161536E-012   2.8399367722344029E-009   3.1967114103631729E-009   8.5395574534761383E-009  -6.2737933793401087E-011   5.5761680041368646E-010   6.2553003545256009E-010   6.1479557155976229E-003  -1.1547599448809814E-003   2.7035557993860810E-011  -2.7421345509358938E-012   1.0139552062176191E-011  -5.4609828237545738E-011   1.8301987805957033E-011   1.8337823352622941E-011   1.6468185344817041E-011  -1.5089420057942329E-011  -1.9352258865282737E-011   3.6894035298829631E-012   1.8213135634837634E-005  -1.0142225489621268E-011   4.0924195448297549E-011   5.3336847223824551E-012   7.7247778298440017E-012   2.4968659832488036E-011   2.4170655331088368E-012   1.3638228471010021E-009   1.5228692650454578E-009   4.1041972023695067E-009   5.4832136790584007E-004   1.2911597641562583E-012   1.2364003850437560E-011   2.3547210888283766E-012   1.5602736413864506E-012   6.0418815945889889E-012  -2.8513340524066053E-012
   7.7270322809476621E-010  -3.9705892708909377E-011   1.9238952232376922E-009   3.9225175251944952E-012   1.8982338079199748E-014   4.8518188399094453E-015   7.5564502958682147E-015   4.1047711813929765E-016   1.4860775889813056E-015  -1.9392814069223650E-014   2.2992090277718576E-008  -1.1739739774224777E-009   5.7254547169042673E-008   3.2030506218485647E-010  -1.6287022985870607E-017   4.8965128259469464E-017  -8.7048898533847434E-016  -7.8430466864100988E-017  -3.4652991089134005E-016   1.0028516786582212E-016   1.8883146067099766E-017  -1.0063966115346062E-015  -7.4299715370327285E-017   1.3989536667012816E-015   1.7716012360335709E-014   3.6181002614822729E-015   8.2055127083669591E-015  -2.9064136408148345E-015  -3.5732827499970921E-015  -1.4809597214921858E-014   4.2678350845419792E-008  -2.1807457758077661E-009   1.0627518509582362E-007   6.4925958262940007E-011   3.1909128738535528E-010   5.2025450927642879E-010   5.3607261427502340E-010  -6.2270486394183129E-011   1.1878131666300777E-017   1.8683006159671485E-017  -4.9460359859377885E-016  -2.0485491797767941E-016  -1.8199838795342003E-016   1.8892351747357477E-016   6.5309648733359297E-017  -4.9913005739762220E-016  -1.0630529476053535E-016   7.4069224650961984E-016   8.0767104523429960E-013   1.4032134871692209E-014   2.9423551184670627E-015   6.7872837575288011E-015  -1.8508435072551290E-015  -2.7937382393370545E-015  -1.2181290343402309E-014   2.0457580657685973E-008  -1.0264106009747246E-009   5.0963331778543823E-008   5.1447363214208472E-011   2.8465219327070969E-015   9.5132320549771134E-016   1.8228354194915061E-015  -8.4494625902134008E-016  -2.3956883218335790E-017  -2.0015754904876708E-015
  -1.0671907583479753E-009  -1.2899096212098806E-009   9.7346090494958693E-010   1.3508669127447001E-011   4.8518188399094453E-015   1.6557174661672702E-014  -9.9885791497671650E-015   7.1585184388078983E-015  -3.5160698724720400E-015  -1.2010337591616747E-014  -3.1767490951401826E-008  -3.8374005793948719E-008   2.8965235314982344E-008   1.1127968034477530E-009  -8.0316696528166234E-016  -1.6256213375427433E-016  -5.2314065492599492E-016   2.3278641834476806E-016   2.4943895350284037E-016   8.4477039895259077E-016  -1.9600336993336454E-016  -8.0719654105166546E-018   4.2552973019537559E-016   3.9594531264580182E-016  -7.6616633649392472E-016   2.0984976344579189E-014  -5.4640649879637447E-015   1.0164608367257290E-014  -2.5682934904381605E-015  -9.3984422872179851E-015  -5.8964679296700282E-008  -7.1232221426917159E-008   5.3765912134818097E-008  -6.4207706654390353E-010   2.2811415049315493E-010   6.1396298193300048E-011   1.8613771358856819E-009  -5.8445901293656337E-011  -2.0009913548085701E-016   2.1084358390514446E-017  -3.4779659743027828E-016   7.0093483089984188E-017   2.2909709501085097E-016   1.9836121622869019E-016   2.2333123535792610E-017  -5.2223350924005091E-018  -5.1047174424894764E-017   2.6312815740504238E-016   1.0552280178314361E-012  -3.2161538379926538E-016   1.6285102569092162E-014  -4.7605710074992358E-015   7.9704407446645038E-015  -2.4010791990628736E-015  -7.6488249958713902E-015  -2.8296729228167778E-008  -3.4124946365085566E-008   2.5771131383037264E-008   1.9356821192290241E-010  -2.0260588393394824E-017   3.6274693102955072E-015  -1.5737745383362175E-015   1.1496813601389779E-015  -7.2515589761891110E-016  -1.1294207039163763E-015
   1.4733748081365281E-009   7.7355302123640319E-010   3.1397708496551244E-010   1.6923890117305360E-011   7.5564502958682147E-015  -9.9885791497671650E-015   1.2658043315853367E-014  -6.0169610062416983E-015   4.6502985985350365E-015  -1.5394881974249407E-015   4.3827247345046900E-008   2.3016259323231391E-008   9.3434674906671526E-009   1.3987211375012266E-009   6.9997934752370626E-016   1.6082539689794864E-016  -5.8903471513315678E-017  -2.8093391258954646E-016  -3.1948191178585504E-016  -6.5818032825379418E-016   5.3717320093409072E-017  -5.9002858362166180E-016  -2.3289572136258739E-016   4.8368637263788750E-016   1.1491182626052337E-014  -1.3463550924214922E-014   8.7040076055148663E-015  -1.1158767137194256E-014   2.0771604885218970E-015  -3.3241445306081325E-016   8.1355887985637426E-008   4.2723466771724096E-008   1.7343314542614613E-008  -4.6567619453932471E-010   1.4999040505573160E-011   6.7810649814057408E-011   2.3391243257698436E-009   4.7517023949263813E-012   1.6019390937975312E-016   1.8611012533091117E-017  -2.3418551966936789E-018  -1.7012335911631240E-016  -2.4784690307487828E-016  -4.4790236450978823E-017  -3.7730923570417811E-018  -3.2000106384835871E-016  -1.3549098657896294E-017   2.4026144033120993E-016   1.6410891901542341E-012   8.8418609058038180E-015  -1.0447771602495938E-014   7.4728530631414186E-015  -8.3881247027174312E-015   1.8711139927505503E-015  -4.5373596735891330E-016   3.8962817406804488E-008   2.0476273791262467E-008   8.3158316188424803E-009   2.5065052913615098E-010   1.8138557212966426E-015  -2.0573305133794621E-015   2.3236737572282428E-015  -1.7232828595155475E-015   8.5472014006119972E-016  -9.0572743716738096E-017
  -9.2161695659224839E-010  -1.7961796853939909E-010   4.1406903706067145E-010   3.8043025557634569E-011   4.1047711813929765E-016   7.1585184388078983E-015  -6.0169610062416983E-015   4.6817061591754289E-015  -3.7391548887315447E-015  -5.0921830995436890E-015  -2.7420145722068290E-008  -5.3614581306441999E-009   1.2329520654598905E-008   3.1458157321179852E-009  -4.3257643069122233E-016  -1.6032825358668388E-016   1.7144971144787056E-017   2.1723175246999517E-017   1.6228248043067126E-016   5.5863488979469685E-016   1.8637034837988867E-016   9.8126943932622421E-017  -8.9713576278217177E-017  -8.5917375078530083E-017  -2.6960104261170765E-015   7.9498803004786047E-015  -2.4001244867336698E-015   7.9543908015876458E-015  -5.1684931187843108E-015  -5.2583808298731818E-015  -5.0898421444721780E-008  -9.9484315336399708E-009   2.2884414799840250E-008   4.9699665818097944E-011  -7.4318875890841519E-010   4.1230889921237977E-010   5.2606794135898846E-009   3.6023745890934168E-011  -3.7725118854049264E-017  -4.4304090587235253E-017  -1.3710868118949138E-016  -6.2446885180425767E-017   7.9564982205684497E-017   1.1305482373848845E-016   8.4570702923469959E-017   6.9401070004915388E-017  -6.9159315643277105E-017   5.0467698480987885E-017   2.9242420109458197E-012  -1.9397303012892587E-015   6.3431987522991079E-015  -2.2627522437672411E-015   5.9869767208032836E-015  -4.0856340835667771E-015  -4.0472465253287557E-015  -2.4390357912485817E-008  -4.8114267664603669E-009   1.0991636796646310E-008   5.6610969632075702E-010  -4.7849106957938983E-016   1.2113436216583929E-015  -9.0112124991952466E-016   1.2564063661809996E-015  -9.1544398597472661E-016  -7.7791515582525314E-016
   8.9089955140720737E-010  -2.6021062832026190E-010  -1.8800755103766142E-010   2.4821054279810453E-011   1.4860775889813056E-015  -3.5160698724720400E-015   4.6502985985350365E-015  -3.7391548887315447E-015   3.9728437063323934E-015   2.2530776207327121E-015   2.6507596140334439E-008  -7.7540484293966838E-009  -5.6053733347011137E-009   2.0507531616521735E-009   3.8654180378593063E-016   9.9840441675959330E-017   1.2044895524734947E-017  -1.1586998954892068E-016   2.4493635655770577E-017  -4.0272627673554958E-016  -2.8966316452165114E-016  -1.3688084985973278E-016   2.8878395420347902E-016   9.3046595575611181E-017   3.6384824771274619E-015  -2.8402024387210477E-015   1.2973922939881549E-015  -7.2692361088257337E-015   6.3503287920617331E-015   3.6307539008027103E-015   4.9204212495728153E-008  -1.4390759588114583E-008  -1.0402414163193312E-008   1.1345302096467078E-011  -5.1521088589428764E-010  -4.9693053183680712E-010   3.4296227733374803E-009  -5.4827570390259518E-012   1.8549776778563586E-017   6.7355086627311304E-017   7.0006806616182032E-017   2.4980529123731844E-017   8.1302248178030693E-018  -4.9862245852690927E-017  -8.3765700892701034E-017  -1.2943965060624198E-016   4.5028574139695450E-017   4.4297977062335108E-017   1.7051719630071671E-012   2.7070652866711554E-015  -2.4304309797967979E-015   1.3685435356217895E-015  -5.3362164859421804E-015   4.8900179642633697E-015   2.6291511880834012E-015   2.3581982742307818E-008  -6.9270554809577887E-009  -5.0145524171176063E-009   3.6632525614712474E-010   6.8794730215472067E-016  -2.5338420480502077E-016   6.6807327074046481E-016  -1.3206190967868010E-015   1.0335365616354385E-015   6.3267184732982983E-016
   1.4891380103423225E-010   2.1932395168556169E-010  -2.3379641583312983E-009  -4.1965097492109991E-011  -1.9392814069223650E-014  -1.2010337591616747E-014  -1.5394881974249407E-015  -5.0921830995436890E-015   2.2530776207327121E-015   2.4484995862885713E-014   4.4280575639039078E-009   6.5354349713342916E-009  -6.9584064804895219E-008  -3.4660859589110343E-009   4.4886400188478979E-016   1.1136276858924303E-016   8.5334541978583471E-016   5.6706264265562937E-017   1.8424829155360515E-016  -6.5891976580623065E-016  -2.0525314919119759E-016   9.0826967129384521E-016   1.6401318517616992E-016  -1.3130373420408621E-015  -1.5020000801702985E-014  -1.1567981112985107E-014  -5.8053872288638202E-015  -5.0479774563139442E-015   8.7417755386474410E-015   2.0067977207817155E-014   8.2200745419855744E-009   1.2129182587333970E-008  -1.2915959428892859E-007  -1.1462729667267357E-010   4.2410493106273136E-010  -9.3256406261078635E-010  -5.7966935504609990E-009   2.6213397855838655E-011   2.5847255464989033E-017   2.5621053936599617E-017   6.3171235214929328E-016   2.6730126486527167E-016   1.0243354704003578E-016  -3.0197816285027398E-016  -1.4988018715228690E-016   4.2972881433886105E-016   1.7546442018762545E-016  -7.9115986994204470E-016  -3.7305566945632031E-012  -1.2092403709286695E-014  -9.2855541177463266E-015  -4.5245307106026677E-015  -4.1361334661399464E-015   6.8793721680178900E-015   1.6228536260199398E-014   3.9327790462206418E-009   5.8378403345132974E-009  -6.1954965926515310E-008  -6.1755396023600410E-010  -2.3680306387313600E-015  -2.1626668095228140E-015  -9.2171393909674403E-016  -4.1146020559728189E-016   9.3940086938335007E-016   2.7794905203544838E-015
   6.7384631001781228E-003  -7.3531772146964948E-009   2.0060036225286340E-009   1.5014835625770090E-009   2.2992090277718576E-008  -3.1767490951401826E-008   4.3827247345046900E-008  -2.7420145722068290E-008   2.6507596140334439E-008   4.4280575639039078E-009  0.20062605435503059       -2.1602833364646348E-008   8.3015246858726579E-010  -3.1482864712942683E-009   2.7715629210367738E-009   8.6758254188963679E-010  -7.1013888484794454E-010  -6.6512773325529607E-010  -7.7884745463901827E-010  -3.0532845686240544E-009  -1.3902118138695177E-009  -1.8238105563824994E-009   9.9758270185914655E-010   1.8886940440911909E-009   3.9289850038421919E-008  -3.4459827085561842E-008   2.1762143975873163E-008  -5.2985254479564044E-008   3.2640149929463088E-008   1.3695408263214804E-008  0.37238002345073418       -1.0438771397688819E-008  -3.0201798651766551E-009   5.7743507109124393E-003   6.1730585981335701E-010  -2.1717357994560523E-010  -2.7043039717289385E-009   8.9698215153363732E-010   2.5835900388598902E-010   3.6166688431717273E-010   1.9369252346738028E-010  -1.6897251797535985E-011  -4.5741017052645859E-010  -3.2968718791940498E-010  -4.4362668865038420E-010  -1.1792065409546760E-009   2.3352091262890707E-010   7.3455891254078306E-010   1.0877629901865874E-010   2.9896496708559986E-008  -2.7845304544810834E-008   1.9822308387413163E-008  -3.9155980585175951E-008   2.5516893534803826E-008   9.2594850642685201E-009  0.17880339210840160       -4.2930913749396999E-009  -1.5288000643979851E-009  -7.6517448814565969E-010   6.7558901383189309E-009  -4.3815698102370170E-009   7.2056697409284896E-009  -9.2018239641540111E-009   6.2133593490061445E-009   2.4459338633900710E-009
  -6.6639766109328413E-009   6.7384659213291682E-003  -3.3220734276894427E-009   1.9220803953465745E-009  -1.1739739774224777E-009  -3.8374005793948719E-008   2.3016259323231391E-008  -5.3614581306441999E-009  -7.7540484293966838E-009   6.5354349713342916E-009  -2.1602833364646348E-008  0.20062606405461375       -9.2113718338960069E-009   1.7167216950996183E-008   1.1134590079046193E-009  -5.4158855152162073E-011   1.4637008577756517E-009  -8.2956004870168956E-010  -1.2293190106300872E-009  -6.6430194271403184E-010   2.7338489137340516E-009  -5.5488806217567369E-010  -3.6136939742356609E-009  -6.7738807125575784E-010   6.5161660279884677E-009  -6.2084241853367843E-008   2.6077730448899709E-008  -8.9760245662701563E-010  -3.3422550518429999E-008  -5.6185627818277288E-009  -1.2540106553813745E-008  0.37238002855042523       -2.9715130322881700E-009   4.9527208796144615E-010   5.7743504117457730E-003  -4.6834668381873683E-011   1.5618885712730059E-008  -5.2674563156865092E-009   8.3525426324343943E-010  -4.8185953641454525E-010   3.1003379998633460E-010  -9.7883063743407310E-010  -1.1557821397220627E-009  -1.4178026728267285E-010   5.8909155556225325E-010   2.0687370368778920E-011  -3.0849245856476082E-010  -2.4650449212188626E-010  -3.9780819806395704E-010   5.0531925747072471E-009  -4.6529200951740834E-008   2.0741515181384948E-008  -2.3220624724926258E-009  -2.4043066222016971E-008  -2.7311309456039087E-009  -5.2618487387070308E-009  0.17880339452249311       -2.8298776313775747E-010   2.5078440944742978E-009   1.3240052328566040E-011  -1.1655790528093383E-008   4.9505813243316506E-009   2.1526522236650789E-009  -3.3773135680354107E-009  -2.1658920093306528E-009
   1.6147393267444262E-010  -1.9502489134957983E-009   6.7384639491124563E-003   4.9031980059787998E-009   5.7254547169042673E-008   2.8965235314982344E-008   9.3434674906671526E-009   1.2329520654598905E-008  -5.6053733347011137E-009  -6.9584064804895219E-008   8.3015246858726579E-010  -9.2113718338960069E-009  0.20062606402069755        2.0597032046805022E-008  -1.1639186809370920E-009  -1.6622598704461059E-010  -2.7808280449111836E-009   7.8456526215288522E-012  -9.5560509437896163E-010   1.5537148623446167E-009   6.7036794870253309E-010  -2.8075025628281478E-009  -7.3316782215232858E-010   4.1653157337327721E-009   4.6435434329801375E-008   2.5235856279493766E-008   2.0547561372829614E-008   1.1067610113126632E-008  -2.6318228930388842E-008  -5.7503040611605309E-008   3.4502621830178186E-009  -7.9844426999370625E-009  0.37238003082786508        9.1790333672288773E-011  -2.9637048468858125E-010   5.7743520834032122E-003   2.5602040706161210E-008  -5.1454237371337409E-009  -5.3452976189739877E-011  -8.8576357933892278E-011  -1.8087796591061904E-009  -7.1481731623981951E-010  -4.8349005083661747E-010   7.8653227345334356E-010   4.1446897352162259E-010  -1.2710415416482149E-009  -4.6749274013823264E-010   2.2955870773169633E-009  -3.3863155195211127E-010   3.7273334372303902E-008   2.0520360355888665E-008   1.6242166825153204E-008   9.1958524761802666E-009  -2.0543102967737270E-008  -4.6469183658390199E-008   1.5605579549276642E-009  -2.6555289764456345E-009  0.17880339259592018        3.7341300151038620E-009   7.2665888410585493E-009   4.8324069965304138E-009   3.5798251270279811E-009   8.0439424273893099E-010  -2.6658855294757399E-009  -8.0709824849372538E-009
   1.8194958347247316E-010   1.0462051747836314E-009   2.2873405992295825E-009   3.6716675173765405E-003   3.2030506218485647E-010   1.1127968034477530E-009   1.3987211375012266E-009   3.1458157321179852E-009   2.0507531616521735E-009  -3.4660859589110343E-009  -3.1482864712942683E-009   1.7167216950996183E-008   2.0597032046805022E-008  0.30388496721915920        4.5798028967796787E-009  -3.1841990864094986E-009   1.2566731312886673E-008  -8.8653171243564610E-009   7.8929864820860710E-009   2.7208677973232184E-009   2.7269917569715684E-009   6.3360316296018109E-010  -4.7444458652989445E-010  -9.8389495585360118E-009  -5.7416853272171183E-010   2.8229746694647895E-009   7.2132249785849290E-010   8.9642379601410021E-010   1.6729736188153132E-009  -3.2226894873076020E-010  -1.5930050521967623E-009   1.9688280644203967E-009  -7.3622034670670219E-009   5.2023654568331081E-011  -7.7668516669431364E-010  -2.2282495166036096E-009  0.50815026245756356        8.0265355441725712E-003   2.2498485834655293E-009  -2.3110331957001858E-010   8.5446030218496487E-010  -4.5434753117143307E-009   1.5267321238127421E-009   1.5249868902797702E-009   1.3698214060078318E-009  -1.2520740880983451E-009  -1.6067054125615932E-009   2.9636306912222212E-010   2.5442673694835676E-004  -8.5041593072857036E-010   3.3743456754912984E-009   4.3925506065865317E-010   6.3660927760626208E-010   2.0600581829779794E-009   2.1379180829303602E-010  -1.3203679586280251E-010  -3.0744712560524016E-009  -6.2884843084169700E-009   5.5113112664426561E-002   7.4924755474121235E-011   9.7736531193021386E-010   1.9024150090618419E-010   1.3137125765258706E-010   4.8126460908429143E-010  -2.0628467270768005E-010
   9.2979274783568658E-011   3.7494690331312057E-011  -3.9080326302503546E-011   5.5194717014167182E-011  -1.6287022985870607E-017  -8.0316696528166234E-016   6.9997934752370626E-016  -4.3257643069122233E-016   3.8654180378593063E-016   4.4886400188478979E-016   2.7715629210367738E-009   1.1134590079046193E-009  -1.1639186809370920E-009   4.5798028967796787E-009   1.2028223255987267E-016  -3.5356294765833812E-017   2.0387244612408639E-016  -1.4749961455863661E-016   1.0693624235477906E-016  -1.3875521003475903E-017   3.3186945579111978E-017  -2.4414772162877661E-018  -9.1686969621257505E-018  -1.5013791137551208E-016   3.0098256496425606E-016  -9.2430460372632334E-016   3.3717240416146169E-016  -7.8777030265344530E-016   4.4317594952349979E-016   4.8678757652646726E-016   5.1435703870573671E-009   2.0672980433573793E-009  -2.1602594152308807E-009   2.2092674719693024E-010  -9.2545683703241106E-011  -4.9441634961597177E-011   7.6569660718744458E-009   3.1593023938458403E-010   4.2427248561932851E-017  -6.3791451356448314E-019   2.7797743203937030E-017  -7.0025817352916430E-017   1.3122108449235316E-017   1.3104238212500405E-017   1.5397136006380187E-017  -2.7700463072708083E-017  -2.0019509816478307E-017  -7.2652007299516485E-020   1.0088909111890711E-011   2.1184801676171755E-016  -7.1147428113846002E-016   3.0100616158535989E-016  -5.9726181025865175E-016   3.6944980665818035E-016   3.8541359424637039E-016   2.4780380054286569E-009   9.8533146632957037E-010  -1.0382136508389361E-009   8.4891322546319458E-010   5.1799551995257191E-017  -1.3968432551479475E-016   1.0812514962207856E-016  -1.1684016643799163E-016   9.0457555120237751E-017   6.5040789840410060E-017
   2.9104444209975612E-011  -1.9313884229671489E-012  -5.5844817296556219E-012  -3.8404690604655131E-011   4.8965128259469464E-017  -1.6256213375427433E-016   1.6082539689794864E-016  -1.6032825358668388E-016   9.9840441675959330E-017   1.1136276858924303E-016   8.6758254188963679E-010  -5.4158855152162073E-011  -1.6622598704461059E-010  -3.1841990864094986E-009  -3.5356294765833812E-017   3.7286392742336628E-017  -1.3285955504549317E-016   9.0266607733961913E-017  -8.4949225245174095E-017  -4.2831047427793183E-017  -3.5884946510069901E-017  -1.2039847735651091E-017   1.0858304180939526E-017   1.0800163152352693E-016   1.3557644910124320E-016  -1.8273670618246297E-016   6.2550369379481391E-017  -2.4729192090454531E-016   1.5459864642406725E-016   1.1171562369620086E-016   1.6100865219626847E-009  -1.0124029876894011E-010  -3.0853895291711522E-010   7.0279821619621799E-011   1.4299303036056107E-010  -2.9669043269841699E-012  -5.3239281428732142E-009  -1.7872718546942894E-010  -2.2643300428410504E-017   4.1741783971816424E-018  -6.7161948093465617E-018   4.8403320800204689E-017  -1.7299442785142982E-017  -1.8023977422977923E-017  -1.6781335952113258E-017   9.0737910858602048E-018   1.8340331996076120E-017  -1.7572605174028573E-018  -4.7034746120212428E-012   1.0609396579096953E-016  -1.6009722783005569E-016   6.1902045957450927E-017  -1.8330042316526461E-016   1.1199816320788579E-016   7.7206600606355196E-017   7.7576356804052948E-010  -4.0130778254912163E-011  -1.4804256676234333E-010  -5.8637961508528153E-010   2.2930921633082656E-017  -2.9840831476313969E-017   2.4379781424869195E-017  -4.3405075126216628E-017   2.4038245013372179E-017   2.0474031343218101E-017
  -2.3850386789689740E-011   4.9185836945280517E-011  -9.3631015398396461E-011   1.5160680451117906E-010  -8.7048898533847434E-016  -5.2314065492599492E-016  -5.8903471513315678E-017   1.7144971144787056E-017   1.2044895524734947E-017   8.5334541978583471E-016  -7.1013888484794454E-010   1.4637008577756517E-009  -2.7808280449111836E-009   1.2566731312886673E-008   2.0387244612408639E-016  -1.3285955504549317E-016   5.7152177953792861E-016  -3.7048373212484983E-016   3.3348691021363801E-016   9.6960085039126464E-017   1.2835600433428401E-016   6.7542958493270229E-017  -3.9348163799672456E-017  -4.7633106756811143E-016  -7.5897598513466239E-016  -5.6396606912603144E-016  -1.4178782401243477E-016   6.4443596444937007E-017   7.4819018088277753E-017   6.9453178069000632E-016  -1.3180736567857593E-009   2.7169133519564262E-009  -5.1629428504191949E-009  -2.1993728745927459E-011   1.1018387388493867E-011   2.1711407303108620E-010   2.1011726547955492E-008   6.5088615963892705E-010   9.8998813497677488E-017  -1.3129351170238764E-017   6.1950053295059951E-017  -1.8517241268709879E-016   6.3044716727914640E-017   5.2351429633617784E-017   5.6819086360926091E-017  -2.9869045096146359E-017  -6.3101478538498549E-017  -2.3912151875538176E-017   1.8558044487227259E-011  -6.2056863085472280E-016  -3.8592683721462342E-016  -1.2576820671577350E-016   2.0871089744746627E-017   1.0371476907823110E-016   5.9969692519695986E-016  -6.3298239005267333E-010   1.3027379078834204E-009  -2.4616237574379166E-009   2.3090834254554927E-009  -1.2088716693405484E-016  -9.6575754414006863E-017  -3.1084241497320489E-017   4.3901448560933276E-017   8.7769597623128857E-018   7.6986190557794958E-017
  -2.2314538718503941E-011  -2.7999584422813796E-011   2.4760507225494835E-013  -1.0686045866807764E-010  -7.8430466864100988E-017   2.3278641834476806E-016  -2.8093391258954646E-016   2.1723175246999517E-017  -1.1586998954892068E-016   5.6706264265562937E-017  -6.6512773325529607E-010  -8.2956004870168956E-010   7.8456526215288522E-012  -8.8653171243564610E-009  -1.4749961455863661E-016   9.0266607733961913E-017  -3.7048373212484983E-016   2.6435468340943434E-016  -2.2266623762192483E-016  -6.6463310265008670E-017  -8.6243270309632195E-017  -1.0241389202305594E-017   2.5440906072888090E-017   2.8377578028422000E-016  -1.3879456364315656E-016   2.8950836019492486E-016  -2.0023442055214618E-016   1.5382542559997165E-016  -1.9655435872891353E-017  -1.5030497046250336E-017  -1.2343762669116918E-009  -1.5406119661957893E-009   1.4462220954505640E-011  -5.1588737706513205E-011   1.5245090688751648E-010   2.0648160027404163E-011  -1.4822073679400421E-008  -5.8697050524844294E-010  -6.9975417055539414E-017   7.5230639815692097E-018  -2.6979039379448757E-017   1.3668904080104465E-016  -3.8334362061216492E-017  -4.2807305263806911E-017  -4.0935614118716829E-017   4.0324954184381780E-017   4.7397824491411656E-017  -9.9474394774367368E-018  -1.9966373017408006E-011  -9.3524000719365374E-017   1.8736315931943828E-016  -1.6361651549009983E-016   1.2081937632826212E-016  -4.6384082260640619E-017  -2.7294999510653232E-017  -5.9460638921835953E-010  -7.2940051301870495E-010   8.1425210536675138E-012  -1.6409673393372669E-009  -2.3568385836956459E-017   3.5197189727711104E-017  -4.9664002373761766E-017   1.6555266196381106E-017  -2.1846907314125357E-017   7.0127768271981042E-018
  -2.6229520839533001E-011  -4.1378675581316880E-011  -3.2174569646778859E-011   9.5224434854466505E-011  -3.4652991089134005E-016   2.4943895350284037E-016  -3.1948191178585504E-016   1.6228248043067126E-016   2.4493635655770577E-017   1.8424829155360515E-016  -7.7884745463901827E-010  -1.2293190106300872E-009  -9.5560509437896163E-010   7.8929864820860710E-009   1.0693624235477906E-016  -8.4949225245174095E-017   3.3348691021363801E-016  -2.2266623762192483E-016   2.2015614205495575E-016   7.9196118663475906E-017   5.6289903435800810E-017   4.0326027986386157E-017   9.4284330368834897E-018  -2.7862384991814447E-016  -4.2865066044632735E-016   4.6739376296188526E-016  -3.2330556443732285E-016   1.8182750572028285E-016   2.4710259456883933E-016   2.4682277305738065E-016  -1.4460597321123156E-009  -2.2822980614760855E-009  -1.7741917278872667E-009   6.8031769686543032E-011   7.9615009653348413E-011   7.3581803435000939E-011   1.3197190320793858E-008   4.0557843209683621E-010   5.2596291974578660E-017  -4.0531015952528670E-018   2.8157289417328174E-017  -1.0860766968710342E-016   5.0809219103205394E-017   3.8042174134895473E-017   3.1740335711770115E-017  -2.2033317004134112E-017  -3.8531037001582364E-017  -4.5646838935530879E-018   1.3575513260305828E-011  -3.4647679487568706E-016   3.8305980605960018E-016  -2.7026121368660912E-016   1.3882562364172140E-016   1.9918155221426699E-016   2.0765080344372624E-016  -6.8903871014578880E-010  -1.0891298688978259E-009  -8.4597176047072265E-010   1.4499986496786256E-009  -5.8401297794496442E-017   9.0465797405496126E-017  -7.1229029818761096E-017   2.1770629311669721E-017   2.0414012278064246E-017   3.6630964356571866E-017
  -1.0242912930933891E-010  -2.2304820113478395E-011   5.2184147781362623E-011   3.2808986863819257E-011   1.0028516786582212E-016   8.4477039895259077E-016  -6.5818032825379418E-016   5.5863488979469685E-016  -4.0272627673554958E-016  -6.5891976580623065E-016  -3.0532845686240544E-009  -6.6430194271403184E-010   1.5537148623446167E-009   2.7208677973232184E-009  -1.3875521003475903E-017  -4.2831047427793183E-017   9.6960085039126464E-017  -6.6463310265008670E-017   7.9196118663475906E-017   8.5078846125372073E-017   4.1718114912807922E-017   1.3516704629401370E-017  -1.3139658994923757E-017  -8.2344390225783093E-017  -2.6501017016052709E-016   9.5057113069031815E-016  -2.5212682097949693E-016   9.0307152613464607E-016  -5.7492265443404121E-016  -6.3806150466163890E-016  -5.6663918867371805E-009  -1.2329593529325598E-009   2.8838294500280160E-009  -2.4497773961195621E-010  -2.8288306223200602E-011   4.5682360780207659E-011   4.5491774177555437E-009   1.6310667305787959E-010   1.3053346710306869E-017  -6.6671603008007433E-018  -1.0315508971189643E-017  -4.2739566406226504E-017   2.0729148469223960E-017   2.5226066914925771E-017   2.0278123412662387E-017  -3.1610398746425327E-018  -2.0538797880396741E-017   1.0045001107870715E-017   6.4307863187236546E-012  -1.9069558877784869E-016   7.6717587227463006E-016  -2.4022230039600854E-016   6.8048560263866226E-016  -4.4928096529810127E-016  -4.8979012263610907E-016  -2.7300133037152006E-009  -5.9256037187383919E-010   1.3847668924029284E-009   5.0203101651560824E-010  -4.5926980824018787E-017   1.5220920510891182E-016  -9.5398780606552492E-017   1.4020070813795643E-016  -9.9513530135163693E-017  -9.4273619821167122E-017
  -4.6690777702990124E-011   9.1827465125169925E-011   2.2543490182858962E-011   3.2884473645945997E-011   1.8883146067099766E-017  -1.9600336993336454E-016   5.3717320093409072E-017   1.8637034837988867E-016  -2.8966316452165114E-016  -2.0525314919119759E-016  -1.3902118138695177E-009   2.7338489137340516E-009   6.7036794870253309E-010   2.7269917569715684E-009   3.3186945579111978E-017  -3.5884946510069901E-017   1.2835600433428401E-016  -8.6243270309632195E-017   5.6289903435800810E-017   4.1718114912807922E-017   7.3602939175575880E-017   1.3775288194238330E-018  -6.2863897348588812E-017  -9.6697591379108378E-017  -3.3423103126395031E-017  -4.9756052443760079E-016   2.7968298695605397E-016   3.9996672837865060E-016  -7.5457093792877645E-016  -3.6654374630731262E-016  -2.5803413451831178E-009   5.0743018057947922E-009   1.2444402909996932E-009  -4.3349328315606573E-011   7.2101463865806845E-011  -1.6435392459401193E-011   4.5594311224446515E-009   1.6122156458448387E-010   2.9612256382488766E-017  -1.1445273686322475E-017   4.5291038996407154E-018  -5.6396758066182623E-017  -4.8076484734708357E-019   1.6667473177759594E-017   2.4781287121123297E-017  -7.0298631614087815E-018  -2.1802355565632401E-017   1.8640377864387797E-018   6.2475098106979783E-012  -2.1439095637941605E-017  -3.4224279691304302E-016   2.0349830389767110E-016   2.7610099219572038E-016  -5.5452618731377810E-016  -2.5466202455716737E-016  -1.2391821582562265E-009   2.4361095466033189E-009   5.9543878868411410E-010   5.0294942760668540E-010  -2.1821472610574916E-017  -1.0355811828487527E-016   3.1222347974382326E-017   9.6874753129823001E-017  -9.3448725259925603E-017  -7.5053170668329408E-017
  -6.1317931996783802E-011  -1.8713004704335465E-011  -9.4413391417822989E-011   7.6641966435997806E-012  -1.0063966115346062E-015  -8.0719654105166546E-018  -5.9002858362166180E-016   9.8126943932622421E-017  -1.3688084985973278E-016   9.0826967129384521E-016  -1.8238105563824994E-009  -5.5488806217567369E-010  -2.8075025628281478E-009   6.3360316296018109E-010  -2.4414772162877661E-018  -1.2039847735651091E-017   6.7542958493270229E-017  -1.0241389202305594E-017   4.0326027986386157E-017   1.3516704629401370E-017   1.3775288194238330E-018   5.8743148090757625E-017   1.0191720581146563E-017  -9.4128398275121542E-017  -1.0263332536157261E-015   1.3778892496582964E-016  -5.5590909584033019E-016   3.3115230000837844E-016   1.6772607574235589E-016   6.9518083496854243E-016  -3.3855480507683320E-009  -1.0304075632271943E-009  -5.2117263089542957E-009   2.6399399104868229E-011   8.1790749177085678E-011   7.0151137668867990E-011   1.0595792986939147E-009   4.4773349319157839E-012   7.8174260599668442E-019  -1.2071030450128909E-018   2.4431181874367260E-017   3.3674518782646032E-018   1.7273229818952280E-017  -4.4166509495936785E-018  -5.2678253242308005E-019   2.5823955980341531E-017   1.9138561044614154E-018  -3.7458317903504396E-017  -1.3409307686363136E-012  -8.0889710675268033E-016   1.0166617659564651E-016  -4.6415420960292449E-016   2.3496319763434823E-016   1.2582696953238595E-016   5.7393382378991009E-016  -1.6209887703188718E-009  -4.8902857572164609E-010  -2.4936252345803657E-009   1.1376024405299456E-010  -1.6227475259592660E-016   6.2119665588312988E-018  -1.2958600293430139E-016   6.6664647009200891E-017  -1.0301159355226835E-017   9.5610119375559603E-017
   3.3537820064390753E-011  -1.2126821162117102E-010  -2.4660817069074275E-011  -5.7144616239985775E-012  -7.4299715370327285E-017   4.2552973019537559E-016  -2.3289572136258739E-016  -8.9713576278217177E-017   2.8878395420347902E-016   1.6401318517616992E-016   9.9758270185914655E-010  -3.6136939742356609E-009  -7.3316782215232858E-010  -4.7444458652989445E-010  -9.1686969621257505E-018   1.0858304180939526E-017  -3.9348163799672456E-017   2.5440906072888090E-017   9.4284330368834897E-018  -1.3139658994923757E-017  -6.2863897348588812E-017   1.0191720581146563E-017   7.3482661494748091E-017   2.1731835718356120E-017  -9.0734923460454347E-017   8.5028706191484674E-016  -4.3778579702934441E-016  -2.8932014064536233E-016   8.5776600951739054E-016   3.8005507462411533E-016   1.8518053613098422E-009  -6.7066665780076842E-009  -1.3610544659636217E-009  -1.2120644376291567E-011  -2.3997942815961229E-010   2.5023855750962792E-011  -7.9319110459521378E-010  -3.7577809189500328E-011  -1.7085768861370882E-017   1.1181325174406411E-017   6.3975444529145836E-019   2.7260941374284790E-017   1.7944553173798540E-017  -4.3377774462322032E-018  -1.6466277774061662E-017   3.5774799549750016E-019   1.0910577739062244E-017  -7.4359227722254999E-019  -3.6776142921318045E-012  -7.7330967781824653E-017   6.1926591623156338E-016  -3.3492462130714398E-016  -1.8712734840529027E-016   6.3197849442346687E-016   2.6445834468329055E-016   8.8677408585975460E-010  -3.2282759027329728E-009  -6.5082276475196622E-010  -8.8398240773130336E-011   6.3447769015422535E-018   1.6877845083974412E-016  -6.6268957818443148E-017  -8.6564317598938288E-017   1.0133803811171966E-016   8.0219515466802414E-017
