   6.4045357128164311E-003  -3.5941276319081396E-017  -1.0244804692252631E-016  -2.1431468502841955E-016  -2.7855978484501443E-017   1.0669350673810057E-016   2.4168808289691251E-017   6.5360757806371959E-017   2.4462147178764524E-017   8.4227913263588633E-018   3.3279730369904684E-002  -2.2269875758106046E-016  -1.3161167571741131E-016   1.3021234800156163E-016   2.8369347510152147E-015  -2.4643812718459915E-017   1.4520562514146828E-017   9.1248177833372566E-016   5.2837493542051218E-017   8.3498333300714182E-016  -1.3313553289482601E-017   4.9132369049380068E-018  -2.3286159687665775E-017  -7.3607096959819644E-018   2.3307114662806187E-017  -9.7493626799879101E-017  -3.7214058572821232E-017  -3.9634348225078934E-017  -3.4041816468087383E-017  -1.8745398492855110E-018   4.0791936826776891E-002  -3.1858017854290425E-016  -2.7242691349948932E-016  -5.0409753552581583E-016  -2.6516905638639588E-015  -2.7247291981503901E-003  -2.0306122618384688E-015   2.8199526626759739E-015  -5.2429913830465992E-005  -3.8251597876133888E-016   4.2695779296411841E-015  -1.3057626324320626E-015   6.6473809820702652E-016   5.9174478999580931E-018  -3.4829868820178914E-018   8.0710010610615123E-016  -3.7123089471534460E-017   8.3093269920590429E-016  -5.9137403067354745E-018   6.1644104882059128E-018   7.6722773424560584E-018   2.7185132474841946E-017  -1.2974910271759349E-015  -2.2615561674015341E-016   1.3695160682179246E-017   4.0813803360465634E-016  -7.2240038036648845E-017  -8.9515936704164060E-018  -2.3419980561647287E-017  -2.9175423428350236E-018   1.5447778495782809E-002  -2.3217876458275582E-016   4.7736894244159239E-017   2.9067112128073145E-016   4.4244279625211186E-015  -1.0868092376745041E-015  -2.2155906449448944E-016  -4.1951196313560488E-016  -7.6557772785685089E-017
  -3.5941276319081396E-017   6.4045357128167286E-003   1.4679514369988140E-016  -1.3195650111319536E-016  -1.9936880031648192E-017   2.9361500325667813E-017  -8.3040790100651871E-018  -8.1703870403805591E-017  -2.1014654347584047E-017   3.6475891455328707E-017   6.9441846452013067E-017   3.3279730369904552E-002   1.8902745653760449E-016   7.7408346460560979E-016   5.9301831793623018E-018   8.7362072158357008E-016   1.3459267567313144E-017   2.9646223718791276E-018   7.9764102044040509E-018  -1.8690952935935364E-017   2.8249829663137901E-015   2.0478500966246832E-017   1.0021206230136107E-015   4.9202721225144978E-017  -2.0278000153363188E-017  -2.7012385040733143E-017   1.0458256970305374E-017   2.8903308042263425E-017   1.5154991147556851E-017  -4.4933927417449348E-017   1.0274421516661898E-016   4.0791936826778286E-002   5.3787124201797547E-017   6.4692701709391648E-016   2.2402283111936389E-015  -1.5096753532235185E-015  -2.7247291981468058E-003   2.9580538490477646E-016  -7.6701513050378154E-016  -5.2429913825926993E-005   8.6051360559584344E-015  -2.9938697521827185E-015  -9.5872365189765475E-018   8.9469281111089546E-016   2.5525007219093378E-017  -1.6759482905479335E-017  -4.6004344709352665E-018   9.6353412398445808E-018   8.4931558956290506E-016   1.6762279519489590E-017   7.3364292702747892E-016   2.9011602673647763E-017   4.9832107030010220E-016   5.6085987439778687E-016  -3.9717041742987145E-017   4.4626372677763233E-017   6.8365764308986185E-017   1.6970561513315220E-016   2.2250574585140755E-017  -7.9114332250466941E-017  -6.4983845036655552E-017   1.5447778495783526E-002   7.8555409637080351E-017  -7.3249853794875540E-016   4.2939571737935977E-016   8.5693954630047424E-016   1.9165505607792142E-015   3.0570333717299453E-016  -1.1126848177982942E-015
  -1.0244804692252631E-016   1.4679514369988140E-016   6.4045357128170687E-003  -1.5206208873910516E-016  -1.0419380854487842E-017   9.1284533399804502E-017  -3.5074586851280864E-018   3.2996242336026151E-017   2.0930038335373504E-017  -2.9745448637237525E-017  -2.7747502518968627E-016   6.0523097277306174E-016   3.3279730369904295E-002  -1.2147690385387624E-015   1.1559930990876616E-019   5.9901359528869140E-019   1.0471158112614739E-015  -1.2177751109611915E-017   3.9243433814154651E-017  -2.6293147269451756E-017   5.2712166445264080E-017   1.1447072638457698E-015   4.8114312380799553E-018   2.8071026879376242E-015   7.8409513720114574E-017  -8.6335671617733567E-017  -3.5786818057906152E-017   4.0950635440722950E-017   2.0355259371606789E-018   5.2405388146211591E-017  -3.9314707838751390E-016   5.2254264607025807E-016   4.0791936826780235E-002  -3.8191270597131993E-015  -2.9969366811709358E-015  -2.0300765854949967E-015   3.1623987975392309E-015  -2.7247291981514106E-003   4.1354985714453836E-017   4.9042856043787650E-016  -5.2429913831151357E-005  -2.7430221919497006E-015  -6.0696500840897863E-017   2.3118892561855301E-017   7.2383326129146379E-016  -1.7846513795583910E-017  -3.8503222963024536E-017  -1.2513711315747468E-017   1.3763833101099295E-017   6.2844427921803229E-016   1.9896898391078877E-017   9.8380371905247969E-016   2.5238873726607542E-015  -1.4761275906232918E-015   1.6587080071762582E-017   3.9300406933559007E-016  -1.4664160196239618E-017   6.1416503245675130E-017  -1.2158494553380752E-016   7.2097527682332445E-017  -3.0310970868074680E-016   4.2633614246446152E-016   1.5447778495783547E-002  -2.3175844462304018E-016   4.1416850025488567E-015  -3.4682220559665409E-016  -6.1984606474455494E-018  -1.3294369916687005E-015   2.8690665731685753E-016
  -2.1431468502841955E-016  -1.3195650111319536E-016  -1.5206208873910516E-016   9.1009000645775733E-005   1.1286141045333244E-016  -2.6018403348307247E-017   4.2030479814094223E-018   1.1384410419003188E-016  -9.3536316351372473E-018   2.0331706330297435E-016  -1.1287904114674172E-015  -7.1159691895245802E-016  -4.8657851957445044E-016   3.5924586580269023E-003   9.3543199547636086E-018   1.1869487744855941E-017   7.7765038602139437E-019  -9.0989771277779356E-018  -8.2675464329728891E-018   7.4271702514737412E-018   2.1087734983776283E-017  -3.0746717769568911E-018   1.2437171121169627E-017   4.9963405191085635E-018  -5.8241792972022829E-016   4.0009607227653672E-017   1.2603904928616279E-017  -5.2378128512620154E-016  -1.8534105535150527E-018  -4.1614312932965270E-016  -1.3338211717883189E-015  -9.1356396812094661E-016  -7.6340901156289635E-016   8.4610526552780629E-003  -1.4706106299027496E-003  -1.7855648091377250E-015   4.5579820848563417E-015   1.1620250780326798E-014   1.6673004667779830E-015  -1.2108190660948027E-014  -7.6627114254538671E-015   3.3515839215364376E-005  -3.9344301397200595E-018   8.0111601879668002E-018  -1.5513426284638468E-018   1.4031595941502368E-017   9.4312719873155340E-018  -2.1750403506901913E-018   2.3852541450212556E-017  -1.3930631754929966E-019   1.0019202593955376E-017  -3.2340718067248186E-018  -2.9972411276428070E-006   3.7996342321596900E-003  -3.6623252403163929E-015  -8.3836702454494743E-017   4.7527382607688332E-016  -2.7657047264395216E-015  -2.2500234938691991E-016   4.2460464016007127E-015  -6.1554368574698005E-016  -8.5933383118260200E-017   3.2866267597644410E-016  -3.5836479955844348E-014  -7.3310804176376928E-016   5.7455752303857481E-015  -2.5013647513738481E-014  -2.6598880226768499E-015   6.0271666961020730E-014
  -2.7855978484501443E-017  -1.9936880031648192E-017  -1.0419380854487842E-017   1.1286141045333244E-016   3.8489112089607409E-006   6.1324801775769178E-018  -7.7175957355093245E-018  -1.9244556044732503E-006   2.9762075795836810E-018  -1.9244556044816325E-006  -1.4641454504866245E-016  -1.2156027310367046E-016  -6.4224663242738535E-017   6.5547037803490290E-015   3.9767158591345685E-018  -1.3787778883819134E-018   1.6969297800986432E-018  -2.4347616669464399E-018   1.9236486560590310E-018  -3.2709758378183799E-018  -5.4833717996660528E-019   1.3268234318375419E-018  -6.3704162028174450E-019  -9.4047419427629082E-019   1.2938884845847633E-006  -5.1296483817562155E-019  -7.2900773620641136E-018  -6.4694424228980309E-007  -1.1851228924215472E-018  -6.4694424228089347E-007  -1.6953698094431040E-016  -1.2904177591002018E-016  -7.5258494523592344E-017   1.4897417574286829E-014  -4.6217154474856223E-015   3.6529387157253866E-016  -4.1862410315149969E-015  -1.9207645916036154E-015  -1.1040708885477562E-015  -4.7085410930383481E-017   6.3844843356462591E-016  -3.3816595337283376E-015  -5.0350581432784157E-018  -1.2176964903717349E-018  -8.8077602546325225E-019   1.9754542607840333E-018  -1.4368027137950434E-018   2.7829687672644324E-018  -3.1539455979330831E-018   4.1306126980193934E-019  -2.4646038701366080E-018   2.7103298016920177E-018  -1.7066853895491433E-015   6.8396436194235764E-015   2.2459332990158357E-004   2.3110982284174988E-016  -5.3993749278022845E-016  -1.1229666495075984E-004   8.7013989025008157E-017  -1.1229666495081423E-004  -5.5853438400634738E-017  -2.5821535747089170E-016  -1.2045561283923954E-016   2.6887078700596478E-003   2.7363629648132695E-015  -6.5004626623866413E-015  -1.3443539350295687E-003   1.0313014312138904E-015  -1.3443539350300674E-003
   1.0669350673810057E-016   2.9361500325667813E-017   9.1284533399804502E-017  -2.6018403348307247E-017   6.1324801775769178E-018   3.8489112089620911E-006  -3.3054981001833814E-018   3.5211495659132870E-018  -1.6474941267551570E-018  -1.4478958585675974E-018   4.7960243840902148E-016   1.4209269574322411E-016   4.2359959400377152E-016  -1.0480845584608894E-015   2.3908891323926461E-018   2.3709777296928841E-019  -2.8621389928358393E-018  -3.4901496154054387E-018  -2.5550082440857696E-019  -6.4610645293281880E-019   1.9139335455255439E-019  -1.9746016224287784E-018   1.0052351334541063E-019  -4.6513374415737761E-018   5.6217997020984778E-018   1.2938884845691273E-006  -4.9222230727111649E-018   5.6566178020104429E-018   7.6090328296006567E-019   2.1635354565047585E-018   6.4063787129676701E-016   1.7999621719757832E-016   5.5844054040442420E-016  -2.4267963641564416E-015  -1.0418153412460869E-015  -4.4685214294697853E-015  -9.0408454062519994E-016  -1.9742110399442808E-015   1.4548642415144786E-016   3.2838608341292586E-016   9.0207757235079278E-016  -3.7591970095172046E-016  -3.6877289246851580E-018   1.0089547124951778E-018  -3.5573738505862598E-018   2.1737942143312609E-018   5.5430899327412103E-019   1.6011103190194015E-018   1.9810116250960088E-019  -2.3864064927170784E-018  -1.5877908619747823E-018  -5.7084379181175411E-018   4.2782952302441011E-016  -1.1327918950803625E-015   1.3218048734458042E-016   2.2459332990161813E-004  -1.5950366587543522E-016   1.4270514799255320E-016  -9.8699212196522597E-017  -2.7020402302596813E-016   8.2868411959187624E-018   2.4503434765706051E-017   9.8226548089510357E-017   1.5473957869445096E-015   2.6887078700601379E-003  -1.9215634857898085E-015   1.7305810745832911E-015  -1.1997640289148201E-015  -3.2690879786649914E-015
   2.4168808289691251E-017  -8.3040790100651871E-018  -3.5074586851280864E-018   4.2030479814094223E-018  -7.7175957355093245E-018  -3.3054981001833814E-018   3.8489112089575111E-006  -4.0358315277713419E-019   1.2019773888719464E-018  -1.1414568434316498E-017   1.1917050181336152E-016  -4.6951835271856037E-017  -3.7497249251535135E-017  -1.0802231188829628E-016  -1.3899885383514455E-018  -8.6718425111088071E-019  -3.8278756593580564E-018   7.2385966129574113E-019   6.2133735818271749E-019   1.1007328935288633E-018  -3.6667862139571630E-018  -7.8321178528644042E-019   3.7959365207816862E-019  -2.3305723108159180E-019  -1.1148011136274404E-017  -3.2900630909012158E-018   1.2938884845737498E-006  -1.2095262055373599E-017  -2.0633690347996704E-018  -1.2437629138230493E-017   1.4798488400359664E-016  -4.8210237867036739E-017  -2.1336374878779928E-017  -3.3958088488056126E-016   5.2308274911084520E-016  -2.8610257864340314E-015   4.9704293313928553E-016  -3.7136379748285321E-015   4.0771988853914277E-016   9.1146694819213088E-017   8.1925580753560641E-016   1.2483214234352817E-015   2.5985104084975152E-018  -1.2357987147560689E-018   3.1139587402088069E-019  -1.3692266481410094E-018  -8.0598911300713361E-019  -1.7069173808128440E-018  -2.3681309513289843E-018  -1.9037271913667795E-018  -2.4810042916052579E-018  -5.9952392773133936E-018   3.0932386007264937E-016  -1.5258288496006257E-016   9.2156469977226988E-017  -2.9313735735494312E-017   2.2459332990148290E-004   1.4962017939005632E-016  -3.8944454023662033E-017  -2.4514344485954972E-016  -7.8433559503257714E-017  -1.7588749579775635E-018  -1.9798471595721019E-016   1.1130318917573793E-015  -3.7996362766611015E-016   2.6887078700585359E-003   1.8091121328661797E-015  -4.7133195995568816E-016  -2.9152319710761379E-015
   6.5360757806371959E-017  -8.1703870403805591E-017   3.2996242336026151E-017   1.1384410419003188E-016  -1.9244556044732503E-006   3.5211495659132870E-018  -4.0358315277713419E-019   3.8489112089411998E-006   2.2696498108384739E-018  -1.9244556044676806E-006   3.4683125158119219E-016  -4.5173477381300718E-016   1.4848338245748045E-016   5.8230762990129116E-015  -6.0305010606887100E-019   6.9006317495021587E-019  -6.4443739423664017E-019   6.1327183073194003E-018   5.7423991573099645E-019  -4.8375789341286906E-018   3.1841643396968169E-018  -9.0487073967499686E-019   7.6790516332002682E-019  -4.6423388222116874E-018  -6.4694424228439034E-007  -4.2674803304578818E-018  -2.8802375420769857E-018   1.2938884845795194E-006  -2.7917720716084052E-018  -6.4694424229354719E-007   4.1763137942032035E-016  -5.4639323583358912E-016   2.0384112724146249E-016   1.3458163673995033E-014  -7.2080860465787756E-015   8.9554746745060152E-016  -1.0690668879729507E-015  -4.0808006777574162E-015  -1.7181733794374174E-016   7.0065501206994986E-016  -1.3520215567140742E-015  -4.4737243819474756E-015   1.4875497972142428E-018   2.1058743203764514E-018  -7.8383770964807969E-019  -6.3351344187919625E-018   1.2613080623286553E-019   5.4834132019152791E-018   2.3711891898083891E-018  -1.0191459632556322E-018   2.0212027761729472E-018  -2.5920135283134722E-018  -5.9405079718352401E-016   5.9813369055956358E-015  -1.1229666495039685E-004   6.3018369501155446E-017  -1.7424177611423013E-016   2.2459332990101233E-004   1.9329279448631502E-017  -1.1229666495061516E-004   2.0706514147591097E-016  -2.6191273127800797E-016  -1.2447704307413686E-016  -1.3443539350250979E-003   7.3309777789551497E-016  -2.0898268983992857E-015   2.6887078700528221E-003   2.1487405412748973E-016  -1.3443539350277273E-003
   2.4462147178764524E-017  -2.1014654347584047E-017   2.0930038335373504E-017  -9.3536316351372473E-018   2.9762075795836810E-018  -1.6474941267551570E-018   1.2019773888719464E-018   2.2696498108384739E-018   3.8489112089567505E-006  -5.8504104513712800E-018   1.2160164046411849E-016  -1.1176776375895695E-016   1.1894992838446503E-016  -2.0290571498952874E-016  -2.1905827399732955E-019  -7.6898236152230233E-019  -1.7465051386294460E-018   2.4504289225883024E-019   2.9796472292190554E-019  -6.7923007247621198E-021  -1.0751735276776000E-018  -2.5429374863785946E-018   5.5897195937368906E-019  -2.0720395093439921E-018  -1.2454874574363519E-018   5.1148207175084302E-019  -9.4589063350489129E-019  -2.3495779986824572E-018   1.2938884845693135E-006   1.3507337568376876E-018   1.5143641135737933E-016  -1.3060128563713244E-016   1.4013502040090259E-016  -5.0118547802152313E-016   3.2401898378407753E-016  -1.7789555246660989E-015   4.3066342574436806E-017  -1.5364447759330382E-015  -4.7546630331499990E-016  -5.7260449103930694E-016  -1.0190075983962095E-015   1.1904541517885641E-016  -1.2069940739499430E-019  -1.5305516930003898E-018  -6.9969267439668258E-019  -1.3444958021245591E-019  -8.1658906532652579E-019   1.6250846616906040E-019  -2.3723478710934772E-018  -7.8876177790961830E-019  -1.1230871538589641E-018  -2.9785161418417717E-018   7.2379254720099431E-016  -2.1692467188583069E-016   8.8399564527527645E-017   5.4764882117516276E-018   1.0989867355331367E-016   1.1469883325365822E-016   2.2459332990145900E-004  -2.0333435766830811E-016  -2.6112176311034449E-017  -5.1275273694566829E-017  -1.8583424919311909E-017   1.0479837980496448E-015   4.5761166733650420E-017   1.3101079771005960E-015   1.3741348402415455E-015   2.6887078700582774E-003  -2.4197031253186963E-015
   8.4227913263588633E-018   3.6475891455328707E-017  -2.9745448637237525E-017   2.0331706330297435E-016  -1.9244556044816325E-006  -1.4478958585675974E-018  -1.1414568434316498E-017  -1.9244556044676806E-006  -5.8504104513712800E-018   3.8489112089431853E-006   4.1811510404478693E-017   1.7992583373679904E-016  -1.7215621141922569E-016   4.2891729364901911E-015  -3.3736657529536387E-018   6.8871471356827598E-019  -1.0524923857744295E-018  -3.6979566404404897E-018  -2.4978885718176397E-018   8.1085547719476329E-018  -2.6358271594728201E-018  -4.2195269210226049E-019  -1.3086354294522711E-019   5.5828130166269290E-018  -6.4694424229840365E-007   7.5389667543508469E-018   3.6029827507507155E-018  -6.4694424228962595E-007   3.7736623776181383E-018   1.2938884845723808E-006   4.6666495339212363E-017   2.2622273726771257E-016  -2.0581651806706282E-016   1.0990685064683684E-014  -4.3889037248953656E-015  -7.3131062101367821E-016  -3.7263984660555663E-015  -2.4723566054853755E-015   3.3346017007243357E-016   6.5934644127071993E-016  -1.1942804285888478E-015  -4.6982486065983375E-015   3.5475083459846653E-018  -8.8817782984181255E-019   1.6646137352141231E-018   4.3596801581100436E-018   1.3106719075943946E-018  -8.2663819691439974E-018   7.8275640851889554E-019   6.0608469357487103E-019   4.4340109416165566E-019  -1.1831627311259294E-019   1.0757073124694440E-015   4.5119959473114570E-015  -1.1229666495084487E-004   1.8469634147705216E-016  -4.2577908391772682E-016  -1.1229666495023680E-004  -1.4162040897974933E-016   2.2459332990107186E-004  -1.2374376508107389E-017  -8.9849594910792510E-017  -1.9670429898174129E-016  -1.3443539350304573E-003   2.2627633388391043E-015  -5.0566650929407191E-015  -1.3443539350230654E-003  -1.6684940360054465E-015   2.6887078700535143E-003
   3.3279730369904684E-002   6.9441846452013067E-017  -2.7747502518968627E-016  -1.1287904114674172E-015  -1.4641454504866245E-016   4.7960243840902148E-016   1.1917050181336152E-016   3.4683125158119219E-016   1.2160164046411849E-016   4.1811510404478693E-017  0.17300006213587055        3.3792756747911530E-016   6.0313099906119638E-016   1.1678115645822726E-015   1.4512486049646021E-014  -1.2967649434882580E-016   7.1799000195881322E-017   4.6416104609765246E-015   2.4927628984613323E-016   4.2459399637047517E-015  -7.6788459867886844E-017   1.9086744892318160E-017  -1.1642795541111792E-016  -3.2887484012520109E-017   1.0891880357757002E-016  -4.7365515653033787E-016  -1.6841777498072864E-016  -2.1072669205834151E-016  -1.7162102540256078E-016  -8.6871997898331732E-018  0.21200943724006815        9.1844378039251466E-017   2.0650620362151933E-016  -1.5965532300269787E-015   4.7848561934899555E-015  -2.6845057420400633E-003   5.8414255326815756E-015  -6.3100389620528540E-015  -8.2700805454217563E-004   1.0772007369347515E-015  -9.5012256315788633E-015   4.8352814434834493E-015   3.1345897788287364E-015   3.0007834845071054E-017  -1.4631608129485513E-017   4.0264898022072491E-015  -1.6957456806997284E-016   4.1441874619897325E-015  -2.7207880643452568E-017   3.6117053918779745E-017   3.3297454755980937E-017   1.3389645490542834E-016   4.0648899678350817E-016  -7.5831783331307973E-017  -1.6643642117572845E-016  -7.0513931852341960E-016   2.4679539260697987E-016   4.2504301738542282E-017   1.7711124001939662E-016   1.2772864726663860E-016   8.0846969253713707E-002   2.6005069059014160E-016  -1.2850747455247147E-016  -1.3290481620971734E-015  -1.0509561146972268E-014   1.9595808475022376E-015  -5.9623436100876489E-017   1.3312922122974381E-015   1.3561209453048725E-015
  -2.2269875758106046E-016   3.3279730369904552E-002   6.0523097277306174E-016  -7.1159691895245802E-016  -1.2156027310367046E-016   1.4209269574322411E-016  -4.6951835271856037E-017  -4.5173477381300718E-016  -1.1176776375895695E-016   1.7992583373679904E-016   3.3792756747911530E-016  0.17300006213586078        6.7957987159971790E-017   1.2875721411263460E-015   1.7954249086198777E-017   4.4332763644932515E-015   6.9089872616988297E-017   1.6810700114185150E-017   4.4490657768076495E-017  -8.7561122171433832E-017   1.4472547594630990E-014   1.0789515958094892E-016   5.1083867136948280E-015   2.5871323753436029E-016  -1.4902949985948412E-016  -1.3451284251189826E-016   4.7702459665657894E-017   7.4963565912624246E-017   7.8775070057337167E-017  -2.7740098134719743E-016   3.8964672835587482E-016  0.21200943724006455       -7.9436286308288403E-016  -2.9276986448633347E-015  -3.5966957939630236E-015   3.1532031722669226E-015  -2.6845057420457558E-003   3.3481465673624341E-015   1.3401197257731052E-015  -8.2700805456153406E-004  -2.2249716194580463E-014   5.2290951851572071E-015  -4.1811500471110324E-017   4.4822560716022068E-015   1.2534158819900141E-016  -9.0013235433586135E-017  -2.0621331397283847E-017   3.4122776727868449E-017   4.0436261749775684E-015   8.0734384183150970E-017   3.6369873463641342E-015   1.4507560528139015E-016  -1.6693148807444260E-015  -5.5791604037639751E-016   1.5207357612219149E-016  -6.3669729453298297E-017  -3.5244509604794537E-017  -3.6091127322387622E-016  -5.2915855986248300E-017   2.7949603306646892E-016   1.8108377013465978E-016   8.0846969253712042E-002   9.4502777136282787E-017   1.2339937119391687E-015  -1.2627292333128127E-015  -2.4417432229643670E-016  -4.3417258544547027E-015  -4.5002997384165207E-016   3.1485768006999040E-015
  -1.3161167571741131E-016   1.8902745653760449E-016   3.3279730369904295E-002  -4.8657851957445044E-016  -6.4224663242738535E-017   4.2359959400377152E-016  -3.7497249251535135E-017   1.4848338245748045E-016   1.1894992838446503E-016  -1.7215621141922569E-016   6.0313099906119638E-016   6.7957987159971790E-017  0.17300006213584929        3.5662857878615044E-015   3.0741631984415866E-018   3.6713479993399394E-018   5.3602447685987799E-015  -7.0717365222999847E-017   1.8934843175406271E-016  -1.3009284155772309E-016   2.6574710918555654E-016   5.8582001603582292E-015   5.2184646001396827E-017   1.4407394511125559E-014   3.7952486693037100E-016  -4.4118594516708431E-016  -1.5643645680364046E-016   2.1751215334412183E-016   2.1809660877271641E-017   2.6250134508942737E-016   4.9354579852563560E-016  -1.0770954020899867E-015  0.21200943724006191        3.4167404083519500E-015   4.5972568539500591E-015   2.4798932997854673E-015  -4.2070903136359390E-015  -2.6845057420363423E-003  -4.6200617352853251E-016  -2.8424325020477451E-015  -8.2700805454751609E-004   5.6409014830822219E-015  -3.1627117623046040E-016   1.2423327158772348E-016   3.6055787378306246E-015  -7.8572636963687928E-017  -1.8223243596612849E-016  -7.1374485492923430E-017   8.8850615771368264E-017   3.1094172391049245E-015   8.9230520587996288E-017   4.7746009687642744E-015  -4.5527634835673872E-015   3.5560732940308225E-015   1.8683285621177355E-016  -2.3030861198076001E-016   1.0898636436041004E-016   3.6548486908837310E-016   4.8534025353832492E-016   1.9396152215683419E-016  -6.0349112258110221E-018  -1.8019057093235182E-016   8.0846969253709058E-002  -2.9063753893722026E-017  -5.5177600292772913E-015   5.9199130401940216E-016   8.0789993048520723E-016   6.4431415698252931E-015  -5.6378139282721093E-016
   1.3021234800156163E-016   7.7408346460560979E-016  -1.2147690385387624E-015   3.5924586580269023E-003   6.5547037803490290E-015  -1.0480845584608894E-015  -1.0802231188829628E-016   5.8230762990129116E-015  -2.0290571498952874E-016   4.2891729364901911E-015   1.1678115645822726E-015   1.2875721411263460E-015   3.5662857878615044E-015  0.14405025064817906        2.8605394725885805E-016   4.6511849951250440E-016   3.7000370930326492E-017  -2.9296799951216947E-016  -3.0850562455587748E-016   3.0908747724468686E-016   7.7901249918365859E-016  -1.8224034806883876E-016   5.1459625396873309E-016   1.3946851018334725E-016  -1.8326245669806737E-014   1.6110304278264916E-015   3.7037348104811832E-016  -1.5974534084242047E-014  -2.8833849821489598E-017  -1.3427813381994711E-014   2.7459386067696431E-015   7.9605700385242936E-016  -1.0722574031327229E-015  0.33860535625923466        6.9095757971248135E-003  -7.0543501732972101E-016   1.4611706125909517E-014  -9.4674924098609285E-015  -1.3423361665888796E-015   3.4862625108302433E-014   3.4162334984649416E-014  -5.9452431232001244E-004  -1.1181935530368927E-016   3.0032937259513974E-016  -8.2233760449419711E-017   4.7190872897443590E-016   3.3603441014281883E-016  -1.1591658972013344E-016   9.3986454919687395E-016   3.6563258587639725E-017   3.6627321542296291E-016  -1.3521606225961370E-016  -5.8905481155259847E-005  0.15444926769770922       -1.4823568813972164E-014  -1.7070146099141751E-015   1.9701686402379580E-015  -1.8851712831801164E-014   3.6288712286126787E-016  -4.1730875822205938E-014   4.5004611798813085E-016   2.4280434127367676E-015   1.4205944934074690E-015   9.0287124621330729E-014  -9.3222029344221706E-015   2.5197520662064768E-014   4.9075630689068551E-014   5.5304004246087329E-015  -1.6878644554764704E-013
   2.8369347510152147E-015   5.9301831793623018E-018   1.1559930990876616E-019   9.3543199547636086E-018   3.9767158591345685E-018   2.3908891323926461E-018  -1.3899885383514455E-018  -6.0305010606887100E-019  -2.1905827399732955E-019  -3.3736657529536387E-018   1.4512486049646021E-014   1.7954249086198777E-017   3.0741631984415866E-018   2.8605394725885805E-016   2.0967050273412575E-027   8.8497355255568028E-030   1.6122175570376732E-029   7.3553522647502427E-028   1.0273883577692041E-028   6.8459810082762080E-028   7.3312210354942545E-029   2.9840329524578222E-029  -4.8909896420329307E-030  -3.0611816378538044E-029   1.3368525737915891E-018   8.0374520152449426E-019  -4.6727244830008404E-019  -2.0272735490619040E-019  -7.3640820211848703E-020  -1.1341252193973905E-018   1.7926316633995197E-014   2.9750781502847260E-017   2.2716300042923412E-018   6.9850834645414664E-016  -2.6266396423760933E-015  -3.9590500015408937E-014  -2.1426312788557080E-015   4.5317798184603073E-016  -9.8286019849819059E-015  -2.1452090450135623E-016   9.4775018677496468E-016  -2.3059714504244959E-015   1.4117633340864692E-027   4.4408149471791493E-029  -1.4293900552796177E-029   9.7009862500155629E-028  -8.7931436974673280E-029   9.9621636228050376E-028   4.7747221763381181E-029  -2.0913598927185448E-029   5.8555584988701766E-029   2.9783306343965757E-029  -5.4834383470982141E-016   2.2344982811800423E-016   2.3205104206896557E-016   1.3951419569994367E-016  -8.1109211779520412E-017  -3.5189440357705490E-017  -1.2782583057813897E-017  -1.9686160171179133E-016   4.9219002459255852E-015  -9.2971360724817466E-017   2.2511225883408993E-017   2.7779875000754798E-015   1.6701872496728327E-015  -9.7099489170785027E-016  -4.2126863372903616E-016  -1.5302605683910842E-016  -2.3567188663459544E-015
  -2.4643812718459915E-017   8.7362072158357008E-016   5.9901359528869140E-019   1.1869487744855941E-017  -1.3787778883819134E-018   2.3709777296928841E-019  -8.6718425111088071E-019   6.9006317495021587E-019  -7.6898236152230233E-019   6.8871471356827598E-019  -1.2967649434882580E-016   4.4332763644932515E-015   3.6713479993399394E-018   4.6511849951250440E-016   8.8497355255568028E-030   2.8920680344930661E-028   5.5267781631605415E-030  -1.6758998387290865E-030  -5.8650006347274632E-030  -2.2704991510359304E-029   7.1093101872339107E-028  -1.2353701494975290E-031   2.9107953444672026E-028   4.9126576024790095E-030  -4.6350376401207219E-019   7.9705158537736452E-020  -2.9152133046261833E-019   2.3197853817254885E-019  -2.5850880115915478E-019   2.3152522585797384E-019  -1.5798275066305475E-016   5.4979729218188379E-015   4.1548694385193561E-018   1.0965128366502436E-015  -3.1688176957669508E-016  -1.9941518050178439E-016  -1.7897051055938025E-014   1.4418931693885418E-016   1.2747023902187274E-015   1.7777965639580035E-015   1.1303409948019608E-015  -8.6081362719286294E-016  -1.7439376414901637E-029   3.7794528494300339E-028   1.3718420314661499E-029  -4.5066793999013460E-030  -3.7336226934398372E-030   2.6138882245361424E-029   6.8811701500906280E-028   1.2357892494544767E-029   3.7108981072092213E-028   1.2014516580713970E-029   2.2244008113305084E-015   4.8816054415837734E-016  -8.0455043088175490E-017   1.3835231692811240E-017  -5.0602310113169809E-017   4.0266864545963941E-017  -4.4871991020899498E-017   4.0188178542218001E-017  -7.0660296517312439E-017   1.2267942722797670E-015   8.0841525633621335E-018  -9.6316354377919516E-016   1.6562778757879768E-016  -6.0578303685193775E-016   4.8205276467851651E-016  -5.3718280705843370E-016   4.8111077910119851E-016
   1.4520562514146828E-017   1.3459267567313144E-017   1.0471158112614739E-015   7.7765038602139437E-019   1.6969297800986432E-018  -2.8621389928358393E-018  -3.8278756593580564E-018  -6.4443739423664017E-019  -1.7465051386294460E-018  -1.0524923857744295E-018   7.1799000195881322E-017   6.9089872616988297E-017   5.3602447685987799E-015   3.7000370930326492E-017   1.6122175570376732E-029   5.5267781631605415E-030   2.7627720961855460E-028   1.7538432883976858E-029   2.6591976565017641E-029  -1.5118747773860521E-029   3.3350246362043322E-029   2.9698808033001652E-028  -2.8057694708014004E-029   6.7347577310397196E-028   5.7045688574965765E-019  -9.6216526784032394E-019  -1.2868169638946167E-018  -2.1664051940258611E-019  -5.8712263402858159E-019  -3.5381636624734279E-019   9.0200281526478555E-017   8.5192390875650752E-017   6.6188676089401723E-015   8.5349980338455829E-017   1.1861131950462136E-016  -5.7951942225344606E-016  -1.2463818710172367E-016  -1.3741461198845911E-014   6.9440738192648477E-016   4.6997460165581606E-016   2.1125538131550544E-015  -1.8479778266812844E-015   3.4172387195629857E-031   1.4182337251291459E-030   3.0191526585524623E-028  -1.4107890323670024E-029  -2.9622376815735133E-029   2.2826225407501347E-029  -1.2426297325945845E-029   2.9065547078213527E-028   2.5254718584965070E-029   5.7048982494731587E-028   1.0734177176803338E-016   4.3835140303985819E-017   9.9019979735904871E-017  -1.6701277118404023E-016  -2.2336585442383007E-016  -3.7604489279186645E-017  -1.0191282247945728E-016  -6.1415490456623673E-017   5.8793069650243238E-018   2.6243614541780127E-017   1.8573155119858228E-015   1.1854127588104295E-015  -1.9993850773745112E-015  -2.6740132084741774E-015  -4.5018027168914595E-016  -1.2200442817272311E-015  -7.3523248712106156E-016
   9.1248177833372566E-016   2.9646223718791276E-018  -1.2177751109611915E-017  -9.0989771277779356E-018  -2.4347616669464399E-018  -3.4901496154054387E-018   7.2385966129574113E-019   6.1327183073194003E-018   2.4504289225883024E-019  -3.6979566404404897E-018   4.6416104609765246E-015   1.6810700114185150E-017  -7.0717365222999847E-017  -2.9296799951216947E-016   7.3553522647502427E-028  -1.6758998387290865E-030   1.7538432883976858E-029   3.0470205704242884E-028   4.8421497373250381E-029   2.3163444354579686E-028   2.0303603890064592E-029   1.9798630303683754E-029  -7.6979311706179893E-030   6.7723655077374332E-030  -8.1849383157344745E-019  -1.1732835994629682E-018   2.4333990293253618E-019   2.0616359190725043E-018   8.2376069288998894E-020  -1.2431420869797896E-018   5.7494984554968999E-015   1.9748475644817863E-017  -8.2240623211414774E-017  -7.0969864047817930E-016   2.0958439341397880E-015  -1.6958264508523397E-014   2.9396307345574565E-016  -1.0034356362800682E-015  -5.0973076685471519E-016   1.3586095994250816E-015   4.8679178639058665E-015   1.0672706655111329E-015   5.7055006946610085E-028  -2.5568415807215374E-030   1.3048398382130738E-029   3.2709127826977272E-028  -4.2985950266038915E-029   3.9710818239356224E-028  -2.5446931646407796E-029   1.3070331209370091E-029   6.2217997197517998E-030   5.2934287083394434E-029   8.1692921499788374E-017  -2.4740222232840370E-016  -1.4207426479878562E-016  -2.0365871838432049E-016   4.2238971718728057E-017   3.5785902849406654E-016   1.4298848725866835E-017  -2.1578476369475152E-016   1.3696972846758581E-015   2.1233186803038609E-017  -8.2607231721853914E-017  -1.7008349894688428E-015  -2.4380902102760166E-015   5.0566174753751063E-016   4.2840915476208021E-015   1.7117795581416199E-016  -2.5832565581522183E-015
   5.2837493542051218E-017   7.9764102044040509E-018   3.9243433814154651E-017  -8.2675464329728891E-018   1.9236486560590310E-018  -2.5550082440857696E-019   6.2133735818271749E-019   5.7423991573099645E-019   2.9796472292190554E-019  -2.4978885718176397E-018   2.4927628984613323E-016   4.4490657768076495E-017   1.8934843175406271E-016  -3.0850562455587748E-016   1.0273883577692041E-028  -5.8650006347274632E-030   2.6591976565017641E-029   4.8421497373250381E-029   1.8162382048411955E-029   2.9750385606921076E-029  -4.5485145985495433E-030   2.8525472322683500E-029  -1.1850750637404948E-029   4.9175236671530598E-029   6.4667297053108282E-019  -8.5891712406966349E-020   2.0887498023385321E-019   1.9304223306357972E-019   1.0016680116505233E-019  -8.3971520336054678E-019   3.2075572083913919E-016   5.2703250321673668E-017   2.4085700219165856E-016  -7.3186140925779466E-016   6.2629172473061510E-016  -4.1568928072348318E-015   4.9100264626470063E-016  -2.4025297759918976E-015   1.1611339535186128E-015  -2.1043836990638284E-016   6.0474146589356708E-016  -9.3824942504346911E-016   1.1218735356860218E-028  -9.2688641830646392E-030   3.3962132494552140E-029   5.6085091362239058E-029  -1.6780322976907051E-029   7.4366237044477309E-029  -2.6491248375111401E-029   3.5990854432518555E-029  -5.2130843965908418E-030   8.1315197501019077E-029  -1.5762260322582022E-015  -3.1021043507201451E-016   1.1224957754875752E-016  -1.4909094503616416E-017   3.6256545991139117E-017   3.3508295680815243E-017   1.7386966255980458E-017  -1.4575787322927614E-016  -8.0646005551824418E-017   4.4161239767784394E-017  -2.5391559027519659E-017   1.3437902305390261E-015  -1.7848348276840636E-016   4.3404343570772993E-016   4.0114289390739690E-016   2.0814720111860555E-016  -1.7449331244463115E-015
   8.3498333300714182E-016  -1.8690952935935364E-017  -2.6293147269451756E-017   7.4271702514737412E-018  -3.2709758378183799E-018  -6.4610645293281880E-019   1.1007328935288633E-018  -4.8375789341286906E-018  -6.7923007247621198E-021   8.1085547719476329E-018   4.2459399637047517E-015  -8.7561122171433832E-017  -1.3009284155772309E-016   3.0908747724468686E-016   6.8459810082762080E-028  -2.2704991510359304E-029  -1.5118747773860521E-029   2.3163444354579686E-028   2.9750385606921076E-029   2.8129616814148067E-028  -4.5230343231177020E-029  -6.7362558314997994E-030  -2.7272456659183435E-029  -3.2209245764724648E-029  -1.0996039503503331E-018  -2.1720160692997695E-019   3.7003337778663895E-019  -1.6262489146595411E-018  -2.2833677515932633E-021   2.7258528649627923E-018   5.2602995954266128E-015  -1.1307340917035556E-016  -1.6334363367573227E-016   7.2318535057759900E-016   3.8426548501443315E-016  -1.5875745999918489E-014   1.5377953672068622E-015   8.1158025104433807E-016  -3.0219300276917813E-015  -1.1773376304263471E-015  -6.1383392001938993E-015   1.5706564867975318E-015   5.5257279132109458E-028  -1.8657703002420170E-029  -1.9577237668972275E-029   3.7426141033751895E-028  -2.7339398368086827E-029   3.0894273826837425E-028  -4.3441015207464159E-029  -2.6507306480453671E-029  -1.0614403249953406E-029  -3.2226738549682349E-029   6.2209719254152436E-016   3.4274790325226735E-016  -1.9086939541029681E-016  -3.7701882912771439E-017   6.4230441406705005E-017  -2.8228449618488836E-016  -3.9634726755034463E-019   4.7315389159503247E-016   1.2367903859742165E-015   3.2319045675292730E-017  -1.9948897086081833E-017  -2.2849834668641711E-015  -4.5134621472567453E-016   7.6893153230896429E-016  -3.3793547957126036E-015  -4.7448515856928676E-018   5.6643382625764146E-015
  -1.3313553289482601E-017   2.8249829663137901E-015   5.2712166445264080E-017   2.1087734983776283E-017  -5.4833717996660528E-019   1.9139335455255439E-019  -3.6667862139571630E-018   3.1841643396968169E-018  -1.0751735276776000E-018  -2.6358271594728201E-018  -7.6788459867886844E-017   1.4472547594630990E-014   2.6574710918555654E-016   7.7901249918365859E-016   7.3312210354942545E-029   7.1093101872339107E-028   3.3350246362043322E-029   2.0303603890064592E-029  -4.5485145985495433E-030  -4.5230343231177020E-029   1.8917086509104136E-027   2.9985499938825312E-029   7.4096508613109875E-028   6.1905068995573817E-029  -1.8433451040043218E-019   6.4340704119637402E-020  -1.2326635248287731E-018   1.0704205289479605E-018  -3.6144108575761739E-019  -8.8608601867848572E-019  -8.9533334691449174E-017   1.7863916873705090E-014   3.3061229253543784E-016   1.8505648978336575E-015  -1.8645895834536964E-015  -1.3058882273997452E-015  -3.5316930618017506E-014  -1.1757595639406916E-015  -1.1197497478316140E-015   3.1699442344871576E-015   4.3180221826192875E-015   9.5008310691592569E-016   8.6862348828425996E-030   8.9572651289411081E-028   5.8009550959734179E-029   7.0227566947254209E-030  -1.1471454485052581E-029   9.6767022204683119E-029   1.4768129958770278E-027   5.0467336967175122E-029   8.5246566639197390E-028   8.5740221082395329E-029   2.3568794478821454E-015   7.7466265365130065E-016  -3.1996808057479149E-017   1.1168267719829791E-017  -2.1396589350047250E-016   1.8580373336181565E-016  -6.2738990247102168E-017  -1.5380692530449184E-016  -9.7322773657992764E-017   5.1002630620306574E-015   6.6941650779092954E-017  -3.8304819505768852E-016   1.3370036112094038E-016  -2.5614820441513750E-015   2.2243401457893537E-015  -7.5107669898693681E-016  -1.8412919507307282E-015
   4.9132369049380068E-018   2.0478500966246832E-017   1.1447072638457698E-015  -3.0746717769568911E-018   1.3268234318375419E-018  -1.9746016224287784E-018  -7.8321178528644042E-019  -9.0487073967499686E-019  -2.5429374863785946E-018  -4.2195269210226049E-019   1.9086744892318160E-017   1.0789515958094892E-016   5.8582001603582292E-015  -1.8224034806883876E-016   2.9840329524578222E-029  -1.2353701494975290E-031   2.9698808033001652E-028   1.9798630303683754E-029   2.8525472322683500E-029  -6.7362558314997994E-030   2.9985499938825312E-029   3.2863320062057518E-028  -3.4109607969899135E-029   7.4122810603493579E-028   4.4603823423215856E-019  -6.6380182924531661E-019  -2.6329230661718634E-019  -3.0419039748154743E-019  -8.5485929708912391E-019  -1.4184783696622737E-019   2.7282800058913652E-017   1.3135187588939611E-016   7.2347410653083155E-015  -4.1114012170864071E-016  -1.7220606933195729E-015  -1.1190784161719601E-015   2.6897978125210451E-016  -1.5315621311248312E-014  -1.0808686679361180E-015   6.9692676131986158E-016   1.7651965875379963E-015  -2.6761380323823746E-016   2.6314011653078092E-029  -1.7689855447222255E-030   3.3446807736598352E-028  -1.4864599705353010E-030  -3.1385153398903705E-029   3.1270790734827651E-029  -2.8741275706055381E-029   3.1583440239674035E-028   2.1241520523880444E-029   6.2297286517556803E-028  -2.6617918989589424E-016  -2.4972031227265348E-016   7.7423374187410632E-017  -1.1522280705937515E-016  -4.5702312506747797E-017  -5.2801408380050664E-017  -1.4838658695777013E-016  -2.4621965807508333E-017  -4.3617450705441832E-017   6.2953345242293752E-017   2.0159855089455764E-015   9.2687007043226461E-016  -1.3793840996380002E-015  -5.4712295939834966E-016  -6.3210943229613787E-016  -1.7764026400048284E-015  -2.9476063813583852E-016
