   1.5311773801638180E-002   7.0146517263778845E-017  -3.1961376543042057E-018  -1.8414094949652035E-016   3.5464564555156071E-017  -1.1648274078460006E-017   1.9134441959568284E-017   3.7788833529230737E-017   9.7475347960468953E-018   2.0362484530302608E-017   4.0810618531252882E-002  -8.4673512564595887E-017  -1.3243642474637253E-016  -7.2440517145063657E-016   3.3299707735129727E-016   8.8707347429058660E-018   1.2552933477475587E-017   2.6807571108141597E-017   1.1039524555685951E-018   3.2543728755392735E-017   2.3066448656679536E-017   1.7789837010858128E-017   1.2484385121077132E-017   3.7888213712994460E-017   7.1549804358283982E-018   4.6649530110347089E-018  -1.1145917944881348E-017  -4.8912357151601088E-018  -6.6331713821791190E-018   3.5132167538916417E-018   4.2329092507023644E-002  -5.9752633071401934E-017  -7.8566258678252357E-017  -1.4644537056766828E-015   8.6126084817482461E-016  -1.8594464651065401E-016   8.2704047429657850E-018   1.5184395231924673E-017   4.2428784103198243E-017  -3.4738037436811762E-019  -1.4195993885585199E-017   1.3731171367537494E-017  -4.0592760436047979E-018   3.9047568951126400E-018   1.2572530926160564E-017  -3.4290434258570330E-016  -1.8672496481973031E-019   7.9563134531288232E-019   3.0888327541952007E-018   3.2872201201366661E-018   2.2793823769139610E-018   1.8189090742892480E-018   3.0220279533446734E-002  -8.7222259856705752E-018  -1.4872769176522411E-017
   7.0146517263778845E-017   1.5311773801636865E-002  -7.4944846227752662E-017  -4.8135728212863066E-017   2.7887193536147761E-017   1.3767093250903699E-017   2.7817225650098698E-018  -1.4574155450471929E-018  -1.6909661271060475E-017   6.7083635808591863E-018   2.1416185071004581E-016   4.0810618531253083E-002   9.8047550514506815E-018   2.1436478340287317E-017  -9.6621744318801508E-018  -2.7991286149001209E-016  -8.1476523632439959E-018  -6.8617241458816160E-018  -1.8598018448845494E-019  -2.5863895322925035E-018  -5.2642463074193861E-016  -6.4452037604491540E-018  -3.5173441774540155E-016  -1.0630903460125362E-017   3.1212666176174927E-017  -2.4339708772134729E-018  -1.3153407616381564E-018   3.1553835052781773E-017   4.3643334943998978E-018   2.8039543819304084E-017   2.4923090642311157E-016   4.2329092507022277E-002  -4.1110209325279105E-017   1.2103358350876349E-016  -2.9970486689253971E-016  -2.0882497744114693E-017  -1.3760571317237015E-016  -6.9349916303238352E-018  -6.1122032264949958E-018   2.7667399546103146E-020  -5.8878455288181895E-018  -4.8686542190397939E-016  -1.2955053229396244E-017  -8.5835097549294624E-017  -1.8744503934011405E-017   5.4162754663389661E-017   5.5210242170380790E-018   1.3510505347346674E-020   6.6203384161499506E-019   4.1634684886966334E-018  -3.5675288509587007E-019   4.9311664996018192E-018   1.4333360521630755E-016   3.0220279533445388E-002  -4.2442551273784485E-017
  -3.1961376543042057E-018  -7.4944846227752662E-017   1.5311773801636560E-002  -2.7783087655952640E-017   1.0851578458804576E-017   7.3785015433010800E-019  -1.0414884176158674E-017   2.8413805699146775E-017  -2.4271909872428903E-018   5.8834569680868270E-017   9.5303629715998416E-017  -2.1970462023580298E-016   4.0810618531253028E-002  -5.6081276986375054E-016  -4.7562027221049079E-017   9.7015464904040818E-018  -3.1563401135221481E-016  -1.6741018560006321E-017   4.0014919274193108E-018  -1.5042223592147605E-017   2.5131033903531866E-017  -3.9428317234550671E-016   9.1290672232488589E-018  -6.2242541429891355E-016   8.6284861241262743E-017  -8.5391831694959427E-018  -3.8036073153794635E-019   9.0742840881927624E-017  -4.2534315929452930E-019   8.3381021679186641E-017   5.7706660630542724E-017  -7.9831222222447250E-017   4.2329092507021854E-002  -9.7007426411212090E-016   1.1591937160929300E-015  -1.9587834681303460E-017  -1.3192629107649939E-017  -1.4098994580997483E-016  -1.7126627810567193E-017  -9.2693826912655387E-020  -1.7127658319132783E-017  -3.5201805528035534E-017  -1.3175742487179991E-016  -1.0126898057654019E-017  -6.0054705712632852E-016  -8.3499838095834511E-017   7.3659675431223721E-017  -1.3745697478678085E-018  -1.3045979800421609E-019   6.8745140795303897E-017  -1.0440125105442337E-018   7.1267293293575882E-017   3.4400831431145042E-018  -1.2527691659780798E-016   3.0220279533444906E-002
  -1.8414094949652035E-016  -4.8135728212863066E-017  -2.7783087655952640E-017   3.5449111589937139E-005   3.4097538237590581E-017  -1.7113237575460532E-018   1.8689703774938561E-018   6.0573432932061807E-017   2.9708752433160454E-018   4.9605246151898829E-017  -4.4286621544971301E-016  -1.3177653459943800E-016  -4.1394253427730233E-017   2.8411871467979126E-003  -1.9436632401037979E-018   9.6370969256252017E-019  -2.6279902540764980E-018   9.2275839767374782E-019   4.8703819288504633E-019   2.9834479011776342E-019  -8.4436625047526695E-019  -1.3659892490951645E-018   1.0058741875172686E-018   6.0735916813730078E-019   1.4275863811512807E-016  -3.1389626605943880E-019  -1.6663557911193613E-018   1.0274655145200307E-016   9.7263727762925313E-019   1.2503477501110971E-016  -4.9118398575143379E-016  -1.3520904981683671E-016  -7.1576833484025229E-017   4.9801240832689480E-003  -1.7057307309641279E-003   1.7040432996411958E-018  -1.2588317125924767E-018   6.5102680158004727E-019  -1.3494729085882760E-018  -1.1580415448834350E-018   8.4951730107059071E-019   1.9418127224859028E-018   2.8752351999570211E-019  -1.1215450937942620E-018  -1.7352621586250968E-018   1.2536871382195496E-003   7.0780721577762579E-017   3.1099595535767815E-019   3.1559980767105193E-019   7.6954846730680634E-017  -1.7619822294498527E-018   6.9223257937722361E-017  -3.3640074321654792E-016  -9.5786445158771013E-017  -4.4216913417352623E-017
   3.5464564555156071E-017   2.7887193536147761E-017   1.0851578458804576E-017   3.4097538237590581E-017   3.4689813818738433E-029  -3.6855633236800548E-030   2.7111239176871062E-031   5.8426171934363669E-029   1.9214763733436826E-030   4.7501035972107803E-029   9.4524046278904151E-017   7.4328006151008316E-017   2.8922816825920182E-017   2.8763989367301709E-015  -2.0917480573594424E-030   1.0836751933191788E-030  -3.7529717087455942E-030   1.8814203279087445E-030  -5.1073449586867614E-031   1.9902831478310476E-031  -2.6482581477898487E-030  -2.2559356839343601E-030  -6.5821609221931490E-031  -9.2980817083775882E-031   1.5318124323206576E-028   1.1355890629563437E-030   1.2390205271015920E-031   1.1603949485318651E-028   1.6766415750824541E-030   1.3809479357645225E-028   9.8041079578653936E-017   7.7093588910425471E-017   2.9998971665906236E-017   5.0289707092511328E-015   1.5279447342948591E-016   1.9262801400687453E-030  -1.6868064846542679E-030   9.5631687903827919E-031  -1.9252732022311383E-030  -3.5316339133854416E-031  -9.2627128363397404E-032   9.0641968410726028E-031  -1.4042300610981818E-031  -3.9340651556177160E-031  -2.5468180344554802E-030   1.3392268151215314E-015   7.9765580439035282E-029  -1.6832696498011418E-031  -5.7879354418595128E-031   8.3439773700651356E-029  -1.6013536128464120E-030   7.6223601285603539E-029   6.9995094511813477E-017   5.5039918626250748E-017   2.1417357561097012E-017
  -1.1648274078460006E-017   1.3767093250903699E-017   7.3785015433010800E-019  -1.7113237575460532E-018  -3.6855633236800548E-030   2.4752352818698769E-030   1.7222949420922415E-030  -3.0194810905694157E-030   9.1146676980723243E-031  -2.0360235230409898E-030  -3.1046257352147593E-017   3.6693566547249966E-017   1.9665991394429275E-018  -3.0416707628992351E-016   9.2573733847125470E-031  -1.0480635965633386E-030   1.2765802513804749E-030  -1.1843610183763351E-030   1.1208621260522578E-030   1.2992657581977087E-031   6.5474921889979649E-031   8.3283257383089246E-031   8.1350599004380710E-031   1.2301959245527806E-030  -2.5168078859374280E-029  -1.6631814072904538E-030  -1.9544678084580305E-030  -2.4819525376598995E-029  -9.0924250501991967E-031  -2.6613998715673647E-029  -3.2201420776052425E-017   3.8058854011282884E-017   2.0397719979103667E-018  -5.1817517174622344E-016  -2.0043901029421595E-015  -8.5619440135740300E-031   2.0372508641672225E-031  -5.3013039745853585E-031   8.4362425204265009E-031  -8.2987191415309745E-031   9.5731715209267720E-031  -4.4882017968792656E-031   3.0933616910934625E-031  -1.0036502749063320E-030   5.4859858011799278E-031  -2.1566317972845429E-016  -1.6930224033513127E-029   5.2926490717671079E-031   1.0192534583025389E-030  -1.4595158659201901E-029  -2.1247424369195392E-032  -1.4476941439898975E-029  -2.2989766129879251E-017   2.7171600873626787E-017   1.4562674584002346E-018
   1.9134441959568284E-017   2.7817225650098698E-018  -1.0414884176158674E-017   1.8689703774938561E-018   2.7111239176871062E-031   1.7222949420922415E-030   1.5346871093968705E-030   3.1699801453203767E-030   9.9677231757167801E-031   2.8831283467325471E-030   5.0999212876097045E-017   7.4141520068846639E-018  -2.7758891338565028E-017   2.1259654403232527E-017   1.1879369178025472E-030  -5.6784750333532756E-031   9.9989914153943545E-031  -7.6388878287137951E-031   9.0568250786624497E-031   1.9864279322258148E-031   7.2098190049337645E-031   8.3695409560514111E-031   9.1237140922655851E-031   1.5227997376147500E-030  -6.6042396094916297E-030  -1.2923319479512987E-030  -1.6735107632406314E-030  -9.9576360666341021E-030  -6.2646464405851468E-031  -9.3130285016300979E-030   5.2896782193204753E-017   7.6900164088473369E-018  -2.8791739053475884E-017   4.8792743511094022E-017  -1.6959614198897291E-015  -8.2233457259392123E-031   1.3851779275000859E-031  -2.1696263796604717E-031   6.2126525774091944E-031  -7.4336779838645154E-031   8.0237823734648516E-031   1.2800275104338157E-031   3.5758700617497634E-031  -8.1501566255691597E-031   7.2965767421639432E-031  -5.3304585319654129E-017  -6.7245597123235275E-030   4.3773305666552360E-031   8.1824572844108028E-031  -4.3618977233264317E-030  -1.6960111412915827E-031  -4.9707029706971732E-030   3.7764937767878256E-017   5.4901825606977471E-018  -2.0555470266826264E-017
   3.7788833529230737E-017  -1.4574155450471929E-018   2.8413805699146775E-017   6.0573432932061807E-017   5.8426171934363669E-029  -3.0194810905694157E-030   3.1699801453203767E-030   1.0365244578641278E-028   5.0673691384824896E-030   8.4911170106367242E-029   1.0071894281371338E-016  -3.8844637219093542E-018   7.5731590632950088E-017   4.8595485865999568E-015  -2.6175166559395363E-030   1.7341483252888388E-030  -5.0777029005485528E-030   1.6437380377175564E-030   8.1023793853741770E-031   5.5761081221477981E-031  -1.3201229367517651E-030  -3.0438795094999447E-030   1.7666739914268077E-030  -5.9967921935993436E-032   2.4462656500963486E-028  -4.9352022047644176E-031  -2.8181248108901997E-030   1.7627940808465882E-028   1.6688737745231734E-030   2.1439157135983882E-028   1.0446647468242108E-016  -4.0289961324364135E-018   7.8549397705138064E-017   8.5175522899630325E-015  -2.8560675010088067E-015   2.4436549495139360E-030  -2.1496748557392880E-030   9.0225127127332030E-031  -2.2553308892857943E-030  -1.9549500970895101E-030   1.3574505055954669E-030   3.3303032045548353E-030   2.2852535403478044E-031  -1.8899828790917799E-030  -4.0613352978885561E-030   2.1465853655540376E-015   1.2146143810977310E-028   5.1552377744061796E-031   5.1750265608472351E-031   1.3193697182528805E-028  -3.0041276893262146E-030   1.1873386908422799E-028   7.4582417902148278E-017  -2.8764469576367555E-018   5.6079273502963066E-017
   9.7475347960468953E-018  -1.6909661271060475E-017  -2.4271909872428903E-018   2.9708752433160454E-018   1.9214763733436826E-030   9.1146676980723243E-031   9.9677231757167801E-031   5.0673691384824896E-030   7.6395408021951443E-031   4.3194968289133142E-030   2.5980198593261100E-017  -4.5069483429294046E-017  -6.4692155700607611E-018   1.6221663809282563E-016   5.6546150899789622E-031   5.6087167164517972E-032   3.8383031150484040E-031  -4.0090353728286336E-031   5.6150516277185641E-031   1.2918667386165905E-031   1.0228313146084747E-030   3.3238390687286485E-031   1.0188243864833038E-030   7.8886758827775661E-031   3.6029629829127043E-030  -7.7919602806738388E-031  -1.0732781559645692E-030  -4.8286818131366853E-031  -3.2338275731401209E-031   1.0734255558355127E-030   2.6946865036184775E-017  -4.6746420465578606E-017  -6.7099209511734749E-018   2.9114536255148679E-016  -1.0912382227246219E-015  -3.5641864975224482E-031   1.7815947678343405E-031  -1.2122232761995979E-031   2.9468858785371357E-031  -4.9994655014602025E-031   5.2292419616506822E-031   7.5781821924420127E-031   2.1036152291979005E-031  -4.3916513797867016E-031   2.1486577188932617E-031   3.4565976525196115E-017  -2.3082245932327481E-031   2.7441208371524679E-031   4.9861409223331701E-031   1.4895491620536981E-030  -1.9300898537686543E-031   7.2263659639094826E-031   1.9238347569310272E-017  -3.3373970713484026E-017  -4.7904567469288073E-018
   2.0362484530302608E-017   6.7083635808591863E-018   5.8834569680868270E-017   4.9605246151898829E-017   4.7501035972107803E-029  -2.0360235230409898E-030   2.8831283467325471E-030   8.4911170106367242E-029   4.3194968289133142E-030   6.9726811968173746E-029   5.4272326595292700E-017   1.7879866213674289E-017   1.5681234655128050E-016   3.9500493278221827E-015  -2.2951110569380221E-030   1.1604407783033477E-030  -4.6950618135821737E-030   1.0881893224983252E-030   8.7471504499646129E-031   4.2835002739589047E-031  -1.1149273277428478E-030  -3.2816061362268763E-030   1.4880572273654768E-030  -1.2914349143547895E-030   1.9730245564166771E-028  -7.2452987465147393E-031  -2.6632637023608609E-030   1.4106796023376304E-028   1.2182848149066235E-030   1.7212887910739894E-028   5.6291681324615189E-017   1.8545136981746970E-017   1.6264699145217390E-016   6.9260808702536154E-015  -2.7083646233359343E-015   1.9148541509537735E-030  -1.8193600817867434E-030   3.1337422026242695E-031  -1.7745537659513099E-030  -1.7577987529845482E-030   1.2545674198193214E-030   2.4015517092968341E-030  -6.2911734349490957E-032  -1.7912810847488292E-030  -4.6471373860801055E-030   1.7304302594037156E-015   9.7248148729132017E-029   5.1492099092693361E-031   6.0516682977079557E-031   1.0627924924067476E-028  -2.4827961877953774E-030   9.5428641724641241E-029   4.0188679801158934E-017   1.3240048165017973E-017   1.1611960606392859E-016
   4.0810618531252882E-002   2.1416185071004581E-016   9.5303629715998416E-017  -4.4286621544971301E-016   9.4524046278904151E-017  -3.1046257352147593E-017   5.0999212876097045E-017   1.0071894281371338E-016   2.5980198593261100E-017   5.4272326595292700E-017  0.10877293555141546       -1.5318442136536736E-016  -7.6269105325294097E-017   1.8306841286408708E-015   8.8754032497214104E-016   2.3643254947113899E-017   3.3457454781794246E-017   7.1450478071114349E-017   2.9423751372325370E-018   8.6739114424405217E-017   6.1479228284951810E-017   4.7415424325662167E-017   3.3274752185735593E-017   1.0098382177681658E-016   1.9070238428989924E-017   1.2433544295120727E-017  -2.9707322699645837E-017  -1.3036657770799293E-017  -1.7679455720640249E-017   9.3638105304158708E-018  0.11282013889817502       -8.4065984036244699E-017   7.7610805513747423E-017   2.6971196156565421E-015  -1.0073697771540986E-015  -4.9560006142874542E-016   2.2043189602768384E-017   4.0471115199700074E-017   1.1308584787186650E-016  -9.2587626536742437E-019  -3.7836719549410386E-017   3.6597823604728599E-017  -1.0819227626709757E-017   1.0407386248524548E-017   3.3509688050964315E-017   7.0690454092175013E-016  -4.9767985126126913E-019   2.1206039055780679E-018   8.2326957589216111E-018   8.7614595206679859E-018   6.0752598540285670E-018   4.8479559152885367E-018   8.0546402782894697E-002   3.0436303464117481E-017   1.6527080991373227E-016
  -8.4673512564595887E-017   4.0810618531253083E-002  -2.1970462023580298E-016  -1.3177653459943800E-016   7.4328006151008316E-017   3.6693566547249966E-017   7.4141520068846639E-018  -3.8844637219093542E-018  -4.5069483429294046E-017   1.7879866213674289E-017  -1.5318442136536736E-016  0.10877293555142586       -2.7048604848879875E-017  -1.0893838386817249E-016  -2.5752686790594570E-017  -7.4605445196944928E-016  -2.1716016500065626E-017  -1.8288619608155642E-017  -4.9569478114495014E-019  -6.8935289890673817E-018  -1.4030846503471973E-015  -1.7178463803832622E-017  -9.3748113921232830E-016  -2.8334649621547251E-017   8.3191420482127200E-017  -6.4872860762547965E-018  -3.5057904301105541E-018   8.4100741182549869E-017   1.1632300195297676E-017   7.4734066831477561E-017  -8.6653325034839665E-017  0.11282013889818161       -1.6473074008555025E-016   2.1373374115715681E-017   7.7851084994531631E-016  -5.5658322834135319E-017  -3.6676183574487553E-016  -1.8483900141753702E-017  -1.6290914265944362E-017   7.3742187108202802E-020  -1.5692931528407464E-017  -1.2976471091322434E-015  -3.4529228438605133E-017  -2.2877711413831562E-016  -4.9959907292173350E-017   1.2610907286103953E-016   1.4715239144879249E-017   3.6009680330425432E-020   1.7645251892389673E-018   1.1096932756472774E-017  -9.5085690868891773E-019   1.3143085676189927E-017  -1.5408891693494798E-016   8.0546402782898402E-002  -1.5250379160936728E-016
  -1.3243642474637253E-016   9.8047550514506815E-018   4.0810618531253028E-002  -4.1394253427730233E-017   2.8922816825920182E-017   1.9665991394429275E-018  -2.7758891338565028E-017   7.5731590632950088E-017  -6.4692155700607611E-018   1.5681234655128050E-016  -7.6269105325294097E-017  -2.7048604848879875E-017  0.10877293555142772        7.9687934593093975E-016  -1.2676753030951134E-016   2.5857625518260447E-017  -8.4126237754424351E-016  -4.4619998383469233E-017   1.0665215064004181E-017  -4.0092183755701286E-017   6.6981987274610439E-017  -1.0508867456078096E-015   2.4331791000878583E-017  -1.6589564655399407E-015   2.2997587364857600E-016  -2.2759567337756984E-017  -1.0137791297235430E-018   2.4185776982152042E-016  -1.1336712286725572E-018   2.2223624203048742E-016  -1.8876411573878323E-016   3.6653855086298573E-016  0.11282013889818257        1.4604891509043891E-015  -2.5516549613937940E-015  -5.2207644874329775E-017  -3.5162441720442654E-017  -3.7578186366480531E-016  -4.5647766441606051E-017  -2.4705775172650451E-019  -4.5650513066031489E-017  -9.3823712107250276E-017  -3.5117433647880339E-016  -2.6991319156745636E-017  -1.6006438689572125E-015   6.2978037786960587E-016   1.9632584402722035E-016  -3.6636540188973680E-018  -3.4771575905922654E-019   1.8322708741787490E-016  -2.7826166231080888E-018   1.8994940482002374E-016  -2.3540513794638646E-016   7.9691255527987454E-017   8.0546402782898624E-002
  -7.2440517145063657E-016   2.1436478340287317E-017  -5.6081276986375054E-016   2.8411871467979126E-003   2.8763989367301709E-015  -3.0416707628992351E-016   2.1259654403232527E-017   4.8595485865999568E-015   1.6221663809282563E-016   3.9500493278221827E-015   1.8306841286408708E-015  -1.0893838386817249E-016   7.9687934593093975E-016  0.23947827741675171       -2.3298439149029885E-016   1.2960833847512581E-016  -2.9385981123399775E-016   1.5230396534527474E-016  -4.1617174731693241E-017   1.1788703543240129E-017  -1.4540098665457508E-016  -1.6619098781883052E-016  -3.0043064445639957E-018  -4.4840944428729071E-017   1.2730904622474612E-014   9.2609221779788415E-017   1.0270211436561426E-017   9.6361746493408891E-015   1.3931412984220219E-016   1.1472442627186290E-014  -6.8374117149716514E-016   6.8087934682537439E-018  -9.3390798928135934E-016  0.41871031101802059        1.0251555925614737E-002   1.9965556705721610E-016  -1.2016254575144888E-016   8.5569747185833580E-017  -1.6570241722422953E-016  -3.0412208452789931E-017  -1.8924933690499270E-018   1.4895559527161858E-016  -7.6873937229825621E-019  -2.1071338433920068E-017  -1.7571358872106312E-016  0.11140707318311407        6.6252673729311911E-015  -1.3452663673021060E-017  -4.7685448481821507E-017   6.9343807121258006E-015  -1.3388121030211038E-016   6.3328036121336455E-015   6.9507993186221538E-016  -6.8669776855137548E-017  -5.4813644104678787E-016
   3.3299707735129727E-016  -9.6621744318801508E-018  -4.7562027221049079E-017  -1.9436632401037979E-018  -2.0917480573594424E-030   9.2573733847125470E-031   1.1879369178025472E-030  -2.6175166559395363E-030   5.6546150899789622E-031  -2.2951110569380221E-030   8.8754032497214104E-016  -2.5752686790594570E-017  -1.2676753030951134E-016  -2.3298439149029885E-016   8.0091018431715967E-030  -5.7162504739503725E-032   1.9489798636228682E-030   7.4488751809257650E-032   5.1438210380852695E-031   8.1932682441421537E-031   1.3122505668757128E-030   2.0628213568891348E-030   9.5884442379104776E-031   3.3446424781631453E-030  -1.6420561746472005E-029  -6.2628312503456416E-031  -1.0930716251430637E-030  -1.5239032548743035E-029  -6.0176880077368799E-031  -1.6580787425447779E-029   9.2056376187215589E-016  -2.6710888016280574E-017  -1.3148427322288062E-016  -4.0145829539082278E-016  -8.7111720640488855E-016  -4.4773360382689022E-030   5.0317744098785643E-031   5.1768249484770120E-031   1.4314917277158822E-030  -3.5339184850210886E-031   1.6094471774394695E-031   6.5255472463081809E-031   4.6970649480586833E-031  -2.1967975378684136E-031   2.4863071881726367E-030  -1.4045670251478801E-016  -1.0368048305305742E-029   2.5642278189826317E-031   5.2888918850544589E-031  -9.3957821783856945E-030   1.0147826693459936E-031  -9.1308978165316399E-030   6.5722396972062899E-016  -1.9069874987387601E-017  -9.3871407481462154E-017
   8.8707347429058660E-018  -2.7991286149001209E-016   9.7015464904040818E-018   9.6370969256252017E-019   1.0836751933191788E-030  -1.0480635965633386E-030  -5.6784750333532756E-031   1.7341483252888388E-030   5.6087167164517972E-032   1.1604407783033477E-030   2.3643254947113899E-017  -7.4605445196944928E-016   2.5857625518260447E-017   1.2960833847512581E-016  -5.7162504739503725E-032   5.3877079634413284E-030  -4.8578811870035420E-031   5.0427796670694966E-031  -3.3928229147777328E-031   1.0738256811031499E-032   9.2837730511431948E-030  -4.1131547060499067E-031   6.0980551738941594E-030  -5.7795293992782888E-031   9.1085372575683031E-030   5.5760250005211438E-031   6.1241732926387861E-031   8.5098239988585735E-030   2.1574021395140733E-031   9.4023875027575828E-030   2.4522968821387820E-017  -7.7381350857269080E-016   2.6819731284794972E-017   2.2248479228037170E-016   6.0796757454452142E-016   5.8879497274619380E-031   2.3919705831357356E-030   2.1261255773229620E-031  -1.6743170213417211E-031   2.4559504754977194E-031  -1.9992549366321965E-031   8.9090434953587066E-030   5.2786829912411964E-032   1.8409062834867030E-030  -2.4084611349786014E-031   8.2730007159377653E-017   6.1099321811202971E-030  -1.6307886096896233E-031  -3.2675363368299529E-031   5.4745398157320849E-030  -8.0449593406864063E-033   5.3316386627448552E-030   1.7507839853864560E-017  -5.5245362352012137E-016   1.9147582157681919E-017
   1.2552933477475587E-017  -8.1476523632439959E-018  -3.1563401135221481E-016  -2.6279902540764980E-018  -3.7529717087455942E-030   1.2765802513804749E-030   9.9989914153943545E-031  -5.0777029005485528E-030   3.8383031150484040E-031  -4.6950618135821737E-030   3.3457454781794246E-017  -2.1716016500065626E-017  -8.4126237754424351E-016  -2.9385981123399775E-016   1.9489798636228682E-030  -4.8578811870035420E-031   7.3048382527317138E-030  -2.5208761024544221E-031   4.5313478587769002E-031   4.0180355646885121E-031   3.9359718419592905E-031   8.6482521907811674E-030   5.2639076383236848E-031   1.3484028358590260E-029  -2.1494344041141825E-029  -6.2894561055143635E-031  -8.9482132294225269E-031  -1.9423800075432990E-029  -5.0529327806224101E-031  -2.1268740733051767E-029   3.4702333595451894E-017  -2.2524022041260747E-017  -8.7256391310210667E-016  -5.0762206589785503E-016  -9.1350492219504575E-016  -3.1024731949231773E-031   5.8163105495810871E-031   2.6379297522366173E-030   8.9832644853701947E-031  -3.5412129275489280E-031   7.7678316910763044E-031   8.9926692756467364E-031   2.8667834429493850E-030  -1.4620856935021400E-031   1.2787729915112822E-029  -1.7025794889403077E-016  -1.3507624754430150E-029   2.7750323426449385E-031   4.9790435156818693E-031  -1.2546157598850134E-029   1.0227148738951560E-031  -1.2154645255660543E-029   2.4775258802050632E-017  -1.6080719004107244E-017  -6.2295513092721701E-016
   2.6807571108141597E-017  -6.8617241458816160E-018  -1.6741018560006321E-017   9.2275839767374782E-019   1.8814203279087445E-030  -1.1843610183763351E-030  -7.6388878287137951E-031   1.6437380377175564E-030  -4.0090353728286336E-031   1.0881893224983252E-030   7.1450478071114349E-017  -1.8288619608155642E-017  -4.4619998383469233E-017   1.5230396534527474E-016   7.4488751809257650E-032   5.0427796670694966E-031  -2.5208761024544221E-031   6.1420231593283761E-031  -5.2691137348695286E-031   1.5955555204359405E-033  -2.9090299882577142E-031   5.1820588430581427E-032  -3.6133639355404524E-031   1.4449223136386207E-031   1.2206629754078093E-029   7.9487880799215067E-031   8.9614665812008485E-031   1.1886161159279586E-029   4.2092892664632651E-031   1.2823086649731298E-029   7.4108994295862060E-017  -1.8969099197222934E-017  -4.6280211062974153E-017   2.5993650384006319E-016   9.3452738419648669E-016   1.6975781423389669E-031  -7.0552224335303068E-032   4.2320870668742173E-031  -3.2268593392630031E-031   3.8500526139059723E-031  -4.4751546576669077E-031   2.8677629869008574E-031  -8.3823210194512519E-033   4.8558426541591580E-031   3.9781675121377273E-031   1.0541370969541035E-016   8.1025128169214983E-030  -2.4465582057705742E-031  -4.7265618969780760E-031   7.0381183508919311E-030   8.3103787787320579E-033   6.9517328717641433E-030   5.2909107918908856E-017  -1.3542730219001548E-017  -3.3041126855200347E-017
   1.1039524555685951E-018  -1.8598018448845494E-019   4.0014919274193108E-018   4.8703819288504633E-019  -5.1073449586867614E-031   1.1208621260522578E-030   9.0568250786624497E-031   8.1023793853741770E-031   5.6150516277185641E-031   8.7471504499646129E-031   2.9423751372325370E-018  -4.9569478114495014E-019   1.0665215064004181E-017  -4.1617174731693241E-017   5.1438210380852695E-031  -3.3928229147777328E-031   4.5313478587769002E-031  -5.2691137348695286E-031   5.6086225702016856E-031   8.5675407063498189E-032   5.3600298685086568E-031   2.6841540040583194E-031   5.9479337977772956E-031   4.8981997001365785E-031  -6.8550222570261822E-030  -8.1372341611770840E-031  -1.0100114877994843E-030  -8.1736354643594977E-030  -4.0802407871377425E-031  -8.2108887885736458E-030   3.0518544892646864E-018  -5.1413850123987692E-019   1.1062044421248553E-017  -6.5714315577076292E-017  -1.0311774400153183E-015  -4.2740186777927694E-031   1.1365647821428785E-031  -2.5568814155686777E-031   3.7470561752517774E-031  -4.4386376993375284E-031   4.8610363227681460E-031   7.0170918130708950E-032   1.3267257106282219E-031  -4.8862860872233306E-031   7.1561573861897660E-032  -5.7697287353952167E-017  -5.5384715043141218E-030   2.6713633203126045E-031   5.0495050145910296E-031  -4.1810731854642930E-030  -7.4634658004766536E-032  -4.4108462769513412E-030   2.1788299795389263E-018  -3.6706218598378149E-019   7.8975960697997509E-018
   3.2543728755392735E-017  -2.5863895322925035E-018  -1.5042223592147605E-017   2.9834479011776342E-019   1.9902831478310476E-031   1.2992657581977087E-031   1.9864279322258148E-031   5.5761081221477981E-031   1.2918667386165905E-031   4.2835002739589047E-031   8.6739114424405217E-017  -6.8935289890673817E-018  -4.0092183755701286E-017   1.1788703543240129E-017   8.1932682441421537E-031   1.0738256811031499E-032   4.0180355646885121E-031   1.5955555204359405E-033   8.5675407063498189E-032   9.9389327630500819E-032   1.8626549200524585E-031   4.7319616687843100E-031   1.7163678819571079E-031   7.9529555241638691E-031  -2.0198458048093628E-031  -1.0531159480801180E-031  -1.8536149310917655E-031  -6.8438961753782495E-031  -6.9475182191451739E-032  -5.2255688387696228E-031   8.9966487413961556E-017  -7.1500221456975907E-018  -4.1583926342699308E-017   2.1750924704340574E-017  -1.6583266689580420E-016  -4.2311275142550441E-031   6.3048661189697001E-032   1.4301485969726867E-031   1.5599047791211541E-031  -7.4717770896038291E-032   6.6927419969493649E-032   1.6923045511626607E-031   1.4996318099888295E-031  -4.7624818144103567E-032   6.4301917202745528E-031  -7.1052679734914506E-019  -4.5955257377388183E-031   4.5213779453008016E-032   8.4459323687283897E-032  -2.0371212318758332E-031  -1.6462722094826783E-032  -2.9316314955055421E-031   6.4230349323957504E-017  -5.1046610053699557E-018  -2.9688278291486275E-017
   2.3066448656679536E-017  -5.2642463074193861E-016   2.5131033903531866E-017  -8.4436625047526695E-019  -2.6482581477898487E-030   6.5474921889979649E-031   7.2098190049337645E-031  -1.3201229367517651E-030   1.0228313146084747E-030  -1.1149273277428478E-030   6.1479228284951810E-017  -1.4030846503471973E-015   6.6981987274610439E-017  -1.4540098665457508E-016   1.3122505668757128E-030   9.2837730511431948E-030   3.9359718419592905E-031  -2.9090299882577142E-031   5.3600298685086568E-031   1.8626549200524585E-031   1.8708430512679106E-029   8.5463653177434838E-033   1.2655207405118275E-029   4.5355947990710971E-033  -1.2839493003165940E-029  -6.9407789799829414E-031  -8.8295234945680582E-031  -1.2650271439267115E-029  -5.8938586376700765E-031  -1.3389539339806264E-029   6.3766736084660271E-017  -1.4552903655269815E-015   6.9474240717028684E-017  -2.4789234610302332E-016  -9.3055287985025978E-016  -5.1756283032921882E-032   4.8790652882557680E-030  -2.0626915697169998E-031   6.5836345045388840E-031  -3.8642274471256054E-031   5.9514561924018201E-031   1.6699402824204711E-029   3.7355032814449527E-031   2.5122418073161632E-030  -3.8857239254628164E-032  -1.0206537966487041E-016  -8.0483270042992328E-030   2.4468840934831337E-031   4.5643915905897521E-031  -6.9241650072078038E-030   7.4575974829964075E-033  -6.8840616705742206E-030   4.5525393418113701E-017  -1.0389847512383883E-015   4.9600188676246662E-017
   1.7789837010858128E-017  -6.4452037604491540E-018  -3.9428317234550671E-016  -1.3659892490951645E-018  -2.2559356839343601E-030   8.3283257383089246E-031   8.3695409560514111E-031  -3.0438795094999447E-030   3.3238390687286485E-031  -3.2816061362268763E-030   4.7415424325662167E-017  -1.7178463803832622E-017  -1.0508867456078096E-015  -1.6619098781883052E-016   2.0628213568891348E-030  -4.1131547060499067E-031   8.6482521907811674E-030   5.1820588430581427E-032   2.6841540040583194E-031   4.7319616687843100E-031   8.5463653177434838E-033   1.0502359630063830E-029   2.9191027908530688E-031   1.6503649263928673E-029  -1.3942751470111870E-029  -3.2938289240359240E-031  -6.3183942365202102E-031  -1.3070698694927114E-029  -3.3190905148336003E-031  -1.3969345402608544E-029   4.9179648698630389E-017  -1.7817636920260487E-017  -1.0899879460334754E-015  -2.8621873153199379E-016  -6.4284621021781197E-016  -7.2651762992767565E-032   5.4865935720992298E-031   3.4650184522088658E-030   8.2233224801859912E-031  -2.5427684828429385E-031   7.3169690187493107E-031   1.0847178275849011E-030   3.4972686965073464E-030   1.2850307258390945E-032   1.5730281183393892E-029  -1.0098915252892466E-016  -9.2182679609463111E-030   2.0937024841498229E-031   3.4637860013231802E-031  -8.4295226009135681E-030   6.2194715097796420E-032  -8.2858233559440145E-030   3.5111140896363945E-017  -1.2720659396756000E-017  -7.7818206028756059E-016
   1.2484385121077132E-017  -3.5173441774540155E-016   9.1290672232488589E-018   1.0058741875172686E-018  -6.5821609221931490E-031   8.1350599004380710E-031   9.1237140922655851E-031   1.7666739914268077E-030   1.0188243864833038E-030   1.4880572273654768E-030   3.3274752185735593E-017  -9.3748113921232830E-016   2.4331791000878583E-017  -3.0043064445639957E-018   9.5884442379104776E-031   6.0980551738941594E-030   5.2639076383236848E-031  -3.6133639355404524E-031   5.9479337977772956E-031   1.7163678819571079E-031   1.2655207405118275E-029   2.9191027908530688E-031   8.7185693443449827E-030   5.8613425269453841E-031  -5.7736079699020529E-030  -7.9157489466859767E-031  -1.0489420436276048E-030  -7.7214686063087534E-030  -5.1456213576066745E-031  -7.3606480360976571E-030   3.4512833034853648E-017  -9.7236276472795755E-016   2.5237123797788958E-017   2.2340222511990876E-018  -1.0932645496990948E-015  -8.3708490444959572E-032   3.2611667511342594E-030  -1.3129975414468728E-031   5.3562195138923766E-031  -4.7749997544095979E-031   6.3510802004466543E-031   1.1276811120657607E-029   3.9319581881648654E-031   1.4478025617947277E-030   2.9401419765384254E-031  -4.2108095213823953E-017  -4.8452976515225482E-030   2.8120308933612263E-031   5.1505618698596720E-031  -3.3185147035072170E-030  -9.2741539449329256E-032  -3.6838916378834672E-030   2.4639967455749909E-017  -6.9420516287037638E-016   1.8017701080243385E-017
   3.7888213712994460E-017  -1.0630903460125362E-017  -6.2242541429891355E-016   6.0735916813730078E-019  -9.2980817083775882E-031   1.2301959245527806E-030   1.5227997376147500E-030  -5.9967921935993436E-032   7.8886758827775661E-031  -1.2914349143547895E-030   1.0098382177681658E-016  -2.8334649621547251E-017  -1.6589564655399407E-015  -4.4840944428729071E-017   3.3446424781631453E-030  -5.7795293992782888E-031   1.3484028358590260E-029   1.4449223136386207E-031   4.8981997001365785E-031   7.9529555241638691E-031   4.5355947990710971E-033   1.6503649263928673E-029   5.8613425269453841E-031   2.6156791017870753E-029  -1.1314801298630356E-029  -5.8140700214345958E-031  -1.1833286267311758E-030  -1.3103491857062633E-029  -4.7335932054080346E-031  -1.2795918534036005E-029   1.0474120921324059E-016  -2.9388920044578227E-017  -1.7206826120801332E-015  -7.0210993352772387E-017  -1.1977422075854512E-015  -1.2171843232508196E-031   7.8392979931960201E-031   5.5193047332373450E-030   1.2398514259649426E-030  -5.1312330534122798E-031   1.2361739351556585E-030   1.8893260629515389E-030   5.5491729208388158E-030  -8.5482720841834879E-032   2.4717992696503932E-029  -6.5395059432606373E-017  -9.3577799946162216E-030   3.6831515710046487E-031   5.9816708120381491E-031  -7.5659047208886660E-030  -4.0212301677020006E-032  -7.9489539445762785E-030   7.4778560881507261E-017  -2.0981819508313912E-017  -1.2284579339085419E-015
   7.1549804358283982E-018   3.1212666176174927E-017   8.6284861241262743E-017   1.4275863811512807E-016   1.5318124323206576E-028  -2.5168078859374280E-029  -6.6042396094916297E-030   2.4462656500963486E-028   3.6029629829127043E-030   1.9730245564166771E-028   1.9070238428989924E-017   8.3191420482127200E-017   2.2997587364857600E-016   1.2730904622474612E-014  -1.6420561746472005E-029   9.1085372575683031E-030  -2.1494344041141825E-029   1.2206629754078093E-029  -6.8550222570261822E-030  -2.0198458048093628E-031  -1.2839493003165940E-029  -1.3942751470111870E-029  -5.7736079699020529E-030  -1.1314801298630356E-029   7.1673431963860906E-028   1.1591680835419544E-029   9.0418593401268167E-030   5.6791357073333411E-028   1.0644954605581030E-029   6.6309592749159018E-028   1.9779800347014070E-017   8.6286791529074882E-017   2.3853277358677023E-016   2.2199526538014474E-014   9.2371420687894366E-015   1.3535745725500506E-029  -7.5322901211677639E-030   5.4797097476773518E-030  -1.1830226126051786E-029   2.1747965245933124E-030  -4.3634481526914662E-030   5.9037282975437600E-030  -2.2226933985850198E-030   2.7953170076252842E-030  -1.4419709665176031E-029   6.2462239794575738E-015   3.8983849744940486E-028  -2.9609970267920299E-030  -6.7252222269573409E-030   3.9431845373610001E-028  -6.2970144063101946E-030   3.6518064969053841E-028   1.4121519272021964E-017   6.1603280524373846E-017   1.7029722747974056E-016
   4.6649530110347089E-018  -2.4339708772134729E-018  -8.5391831694959427E-018  -3.1389626605943880E-019   1.1355890629563437E-030  -1.6631814072904538E-030  -1.2923319479512987E-030  -4.9352022047644176E-031  -7.7919602806738388E-031  -7.2452987465147393E-031   1.2433544295120727E-017  -6.4872860762547965E-018  -2.2759567337756984E-017   9.2609221779788415E-017  -6.2628312503456416E-031   5.5760250005211438E-031  -6.2894561055143635E-031   7.9487880799215067E-031  -8.1372341611770840E-031  -1.0531159480801180E-031  -6.9407789799829414E-031  -3.2938289240359240E-031  -7.9157489466859767E-031  -5.8140700214345958E-031   1.1591680835419544E-029   1.1885145909264218E-030   1.4518588157277340E-030   1.3062910317697148E-029   6.0327502571011315E-031   1.3372448220815376E-029   1.2896169320621753E-017  -6.7286638214272125E-018  -2.3606401126258524E-017   1.5176602119702008E-016   1.4865935209695577E-015   5.7409506082714832E-031  -1.5003890175873419E-031   4.1292490353274816E-031  -5.4077334547572610E-031   6.3501410220799250E-031  -7.0204374946309969E-031   1.7154022758031522E-032  -1.6667785827410277E-031   7.1946973538266167E-031  -9.7226656635756540E-033   9.8298436786054232E-017   8.8663886245252862E-030  -3.8601722826942182E-031  -7.3261176646658188E-031   6.9560580340231288E-030   9.0415561623408116E-032   7.2037414421013865E-030   9.2070445808682201E-018  -4.8038379640771184E-018  -1.6853468821614925E-017
  -1.1145917944881348E-017  -1.3153407616381564E-018  -3.8036073153794635E-019  -1.6663557911193613E-018   1.2390205271015920E-031  -1.9544678084580305E-030  -1.6735107632406314E-030  -2.8181248108901997E-030  -1.0732781559645692E-030  -2.6632637023608609E-030  -2.9707322699645837E-017  -3.5057904301105541E-018  -1.0137791297235430E-018   1.0270211436561426E-017  -1.0930716251430637E-030   6.1241732926387861E-031  -8.9482132294225269E-031   8.9614665812008485E-031  -1.0100114877994843E-030  -1.8536149310917655E-031  -8.8295234945680582E-031  -6.3183942365202102E-031  -1.0489420436276048E-030  -1.1833286267311758E-030   9.0418593401268167E-030   1.4518588157277340E-030   1.8452898103891545E-030   1.2302991401910825E-029   7.0904871747009711E-031   1.1859890166083131E-029  -3.0812667289673187E-017  -3.6362332345622851E-018  -1.0514996368058706E-018   5.1024219424873969E-018   1.8772667042001606E-015   8.2887685943981890E-031  -1.7032545482503461E-031   3.7075255574089690E-031  -6.7016162422287703E-031   8.1776051020996126E-031  -8.8439260423284016E-031  -1.4022892004587816E-031  -2.9736700909447171E-031   8.9902747714194179E-031  -3.5903491068455403E-031   7.4674401623369725E-017   8.3156377323657227E-030  -4.8446272541532765E-031  -9.0955063478083960E-031   5.7519565281240990E-030   1.7096182746782655E-031   6.3376262515470259E-030  -2.1998284477998534E-017  -2.5960392318620540E-018  -7.5070385571240394E-019
