   8.5683636557982621E-005  -1.5017842383931995E-008  -3.8547619640128555E-009  -1.2280830944829085E-008   8.3904421503604878E-011   5.8957226201699950E-011   1.8783091639560112E-010  -1.0190970718203912E-010   4.8212227250981772E-011   1.8004989187818363E-011  -1.8325145338490847E-008  -4.7036766299200341E-009  -1.4985376290576647E-008   3.0240184183165783E-003   1.0248898770196356E-012  -5.6549124890102060E-012  -1.8016038040324027E-011   9.4805494164359541E-012  -8.1762161098399946E-012  -1.0855573392977168E-011   6.2917746989175334E-012   7.7527040483677362E-012  -2.7863902724768123E-012   7.6498403853623660E-012  -3.8950890378567361E-012  -2.7366702709856986E-012  -8.7187014387575912E-012   4.7299401088485009E-012  -2.2379269821213512E-012  -8.3622650255295438E-013   8.0231948401365445E-003  -1.4542334275487000E-008  -3.7327090646856481E-009  -1.1891984422509925E-008   1.4390939906376341E-014  -7.9111415867701716E-014  -2.5195694118219179E-013   1.3257278242279310E-013  -1.1434526745085366E-013  -1.5181060755993578E-013   8.8017249939473546E-014   1.0846930148060997E-013  -3.8982497507570745E-014   1.0693661701395881E-013  -5.1213247803712832E-003  -7.1493379214710947E-004   9.5502834780506954E-012   6.7058717436496716E-012   2.1364059446622560E-011  -1.1594068335196163E-011   5.4837084512313126E-012   2.0435078795676986E-012   1.0402840312696337E-004   1.8693937610227337E-007   5.2648207850938030E-010   1.3513670956552691E-010   4.3053155925378251E-010   2.4813069923861077E-010   1.7430209079141946E-010   5.5530559660226564E-010  -3.0131666001518239E-010   1.4253519746305906E-010   5.3185312109371036E-011  -5.2647596128264022E-009  -1.3513523198482031E-009  -4.3052540446423936E-009   1.6719802724780839E-011   4.2915916496190866E-012   1.3672623124275497E-011
  -1.5017842383931995E-008   4.6285278769637735E-002   1.0913354759233759E-010   3.4768692997577590E-010   1.6645970782277215E-009   2.9336336642494843E-010   9.3462153614943585E-010  -7.1826171672176791E-010  -9.1698004289016675E-011  -9.4633553644502655E-010   5.6968644367797201E-002   1.0704103454986133E-010   3.4102280696329055E-010   6.8633700400875039E-009   6.6970208055384983E-011   5.5173816012952719E-011   1.7577715642127055E-010  -9.1598643455753509E-011   3.7532688438153828E-011   1.7535253281022385E-012  -3.4059027030036328E-011  -4.7281821038222848E-011  -9.4786042912604762E-012  -9.5775276406561498E-011   4.7658123589861908E-010   1.6366333766976368E-010   5.2141246254707218E-010  -3.2415814013438741E-010   6.9046516615732040E-011  -1.5242388453402121E-010  -1.6942306021425802E-009   4.5105802416264419E-002  -5.6296890072841567E-011  -1.7935311774790827E-010  -2.8067544169606115E-011  -1.2072859178460050E-011  -3.8463252253247386E-011   1.9889224972317083E-011  -8.4927806226059148E-013   1.7776356242324336E-011   2.6890128929974336E-012   5.4021024759377659E-012   8.4654641100608521E-012   2.4641127120080630E-011  -4.7905860825155650E-010   7.2528622799415427E-010   1.3659565090549839E-010   6.4682539838196385E-011   2.0607137457908756E-010  -1.1934896748387304E-010   4.1050224365208690E-011  -1.7247393193330255E-011   1.7717936693133145E-010   2.5144740041629405E-011  -2.4738626981903500E-004   6.7823197239516378E-014   2.1807162705155759E-013  -2.7854079699308380E-010  -5.1253689270140833E-011  -1.6328565321431490E-010   1.2340592008578878E-010   1.2754557653776151E-011   1.5513376019987001E-010   1.6241954112891362E-002  -7.3753148252893569E-012  -2.3499241284865019E-011  -5.3552057422284340E-005   2.3899289876381819E-013   7.6712096879119053E-013
  -3.8547619640128555E-009   1.0913354759233759E-010   4.6285278372467022E-002   8.9243503848076571E-011  -2.7507587418674014E-010   1.5510038063081692E-009  -9.1697983179282218E-011   5.1798030796336102E-010   1.2683325085828003E-009  -2.4290445492064060E-010   1.0704262225250366E-010   5.6968643978256898E-002   8.7533155525986560E-011   1.7616810425128214E-009  -2.7866118746494916E-011   7.6822875248009697E-011  -5.3416334173707271E-012   4.6864945424944018E-011   1.1565614207385869E-010  -9.4786515736411881E-012  -8.4282708631475449E-011   3.8323875326853037E-011   3.6245955603086252E-011  -2.4583710726731596E-011  -1.4899518290785465E-011   3.3034044657526589E-010   6.9046490259430064E-011   5.4023246591296850E-011   2.7013567896238991E-010  -3.9123908649102789E-011  -4.3487189277467646E-010  -5.6295896685908890E-011   4.5105802621158854E-002  -4.6036477732251607E-011   1.0508021700663185E-011  -2.7738300157537695E-011   9.9648107634874710E-012  -2.2563414845671260E-011  -4.1899818050914896E-011   8.4654097202186762E-012   3.0375283443217292E-011  -1.8450672330116750E-011  -1.3038171251028926E-011   6.3246119976153696E-012  -1.2296387944499404E-010   1.8616351764285661E-010   9.9743560039231816E-012   6.9311651452316751E-011   4.1050439033219998E-011  -5.5478833692064075E-012   5.6679507209333840E-011  -4.4270368220080222E-012   4.5477516931850905E-011   6.4539331237113422E-012   6.8883610942767137E-014  -2.4738627010822685E-004   5.6429401177605955E-014   4.4287111976819397E-011  -2.5644111640826450E-010   1.2756711442197661E-011  -8.4109274404289838E-011  -2.0970533102312538E-010   3.9821375152382511E-011  -7.3755378197873160E-012   1.6241954139701347E-002  -6.0328940446966851E-012   2.4295842745241972E-013  -5.3552058297679596E-005   1.9637276492851666E-013
  -1.2280830944829085E-008   3.4768692997577590E-010   8.9243503848076571E-011   4.6285278628767489E-002  -8.7636016460955831E-010  -9.1697966451776407E-011   1.2876471753424027E-009  -5.8735825599578133E-010   3.3051184762786081E-010   1.4637184126840840E-009   3.4102146830462412E-010   8.7532483835051532E-011   5.6968644229642339E-002   5.6125199188720359E-009  -8.8778159479437948E-011  -5.3415818864159275E-012   6.1484052636182868E-011  -4.7281665344151145E-011   4.2494566231670606E-011   1.6639025194332835E-010  -2.7852192428743610E-011  -7.2445131918733899E-011   4.2709338377426499E-011   8.1699344631542238E-012  -4.7467795470501003E-011   6.9046450903301084E-011   5.2864197776859094E-010  -2.6507980950132508E-010   1.3569127596192548E-010   3.1254758254284093E-010  -1.3854358950819973E-009  -1.7935352236338614E-010  -4.6037394664625707E-011   4.5105802488928794E-002   3.3476812130234849E-011   9.9649682403073439E-012   8.8401167332755151E-013   5.4022128050294817E-012  -5.3347783303818017E-012  -5.0317295844123665E-011   2.1990923414491184E-012   1.7697177458001297E-011  -1.2915072980231261E-011  -1.3854029134385457E-011  -3.9175825417408795E-010   5.9309849319368711E-010   3.1779735621825886E-011   4.1050137872968638E-011   1.8720833785933613E-010  -9.7597408724975114E-011   4.8052226822227433E-011   6.5817646397196811E-011   1.4488769132952233E-010   2.0560477452840817E-011   2.2340594051951845E-013   6.1977102925596510E-014  -2.4738626990200682E-004   1.4111535089967575E-010   1.2753507198149329E-011  -2.1980618107006259E-010   1.0091531986032718E-010  -5.6421705481041269E-011  -2.4203072936655831E-010  -2.3499358651443439E-011  -6.0322283013185722E-012   1.6241954122399857E-002   7.6515592347093070E-013   1.9464252933236147E-013  -5.3552057732194539E-005
   8.3904421503604878E-011   1.6645970782277215E-009  -2.7507587418674014E-010  -8.7636016460955831E-010   3.0635124468377554E-006   3.9645821896114095E-014   1.2630030394557271E-013  -1.5317561367931064E-006  -6.9639145170725848E-014  -1.5317563099921933E-006   2.0492563999782382E-009  -3.3752956487297613E-010  -1.0753305072232178E-009   2.9653297714522431E-009   5.2046284563773270E-014   3.0528636543574240E-014   9.7260438956239661E-014  -3.6399325765263213E-014   1.1928941541158110E-015  -3.3433965845674556E-014  -2.0309179281418068E-015  -8.7145444043378520E-015  -2.7803922768604096E-014  -6.5998310064989401E-014   3.1702375434717572E-006  -5.5584308043874060E-014  -1.7707930640308639E-013  -1.5851188837863133E-006   9.0237959735987747E-014  -1.5851186593433680E-006   7.8559711895763481E-009   1.6208357101877310E-009  -2.7317909775356771E-010  -8.7031723601528359E-010   4.6585853799977891E-013  -1.2664996574010206E-014  -4.0353268254405980E-014  -3.1842163021682648E-013   4.7569798429216026E-015  -3.0658677924911969E-013  -1.0230145546491905E-013  -1.0342298401200759E-013   1.4992265154687659E-013   1.0716392356811648E-013  -5.0257890497638949E-009   2.0731466989730982E-010   2.3200790708229304E-004   1.4011206296776316E-012   4.4638238009425768E-012  -1.1600395040831209E-004  -2.5192170276887677E-012  -1.1600395667362429E-004   4.4175921290246472E-011   6.4078551959754381E-012   2.6480824395924216E-012  -6.5357313531898512E-011  -2.0821850942807961E-010   2.3906286124016829E-003   1.5494722839776410E-011   4.9364607529206751E-011  -1.1953142723169323E-003  -2.7248307415437974E-011  -1.1953143400841126E-003   5.8161680928446815E-010  -1.1067741565857340E-010  -3.5260557151682647E-010   1.0849919225808842E-013  -1.0976515196914882E-012  -3.4978910243103845E-012
   5.8957226201699950E-011   2.9336336642494843E-010   1.5510038063081692E-009  -9.1697966451776407E-011   3.9645821896114095E-014   3.0635123042524841E-006   5.3974135002871791E-014   4.4067969555256000E-014   2.2804800103706167E-013  -8.3713909921431215E-014   3.6254134997556543E-010   1.9074342080413383E-009  -1.1122889898812594E-010   2.0836547490796782E-009  -1.2217853879967021E-015   2.2254056168586595E-014   2.6121729856359247E-014   9.2137840012621787E-015   6.8983840766354593E-014  -7.5817142017275138E-015  -4.5235512271929081E-014   2.3481072823754732E-014   3.8439333920605440E-014  -3.6967834699592097E-014  -5.5581679912482877E-014   3.1702377348717062E-006  -7.8543050446805710E-014  -5.5045495502454269E-014  -3.0509319397275200E-013   1.1062658462975166E-013   5.5201709893796882E-009   2.7899483920815663E-010   1.5197293220062043E-009  -9.7249055267599395E-011  -1.1553417947208910E-013   7.0792274148270243E-013  -1.6118954146149955E-013   1.4514798174305017E-013   3.5392248127346864E-014   9.8603724555270885E-015  -1.7150575772250444E-013  -1.7172569573836612E-013  -4.7781570199964281E-013   2.4813513326392918E-013  -3.5314818785597867E-009   1.4566798963756871E-010   1.4012172446665922E-012   2.3200790197753379E-004   1.8860865699697246E-012   1.6101834907639437E-012   8.1751886622080186E-012  -3.0114015672479355E-012   3.1039239944043582E-011   4.5028399182525651E-012  -8.0532528056150704E-011   1.1808080298885359E-010  -9.7032327816850619E-011   1.5495736062927347E-011   2.3906285566390223E-003   2.1085917027286375E-011   1.7251215133783254E-011   8.9191900784539713E-011  -3.2746951934715450E-011   8.4329975467571014E-011   5.6786476090695282E-010  -5.3776476276047957E-011  -1.3279159693013017E-012   2.0234950695606974E-012  -1.6176868863491847E-012
   1.8783091639560112E-010   9.3462153614943585E-010  -9.1697983179282218E-011   1.2876471753424027E-009   1.2630030394557271E-013   5.3974135002871791E-014   3.0635124592578270E-006  -2.5677035795663595E-013   6.7976369213404818E-014   1.3047030012438067E-013   1.1550145266425424E-009  -1.1122893346233142E-010   1.5879847159250261E-009   6.6382835595313291E-009  -3.8821581605439349E-015   2.6121865601673674E-014   9.7270993902877448E-014  -7.8298040795605683E-014   4.1277754882976172E-014   8.3494706047182785E-014  -3.8237158865408860E-014  -6.8948895059587816E-014   2.5185461648333524E-014  -2.1107813028795017E-014  -1.7708476250555437E-013  -7.8546239147924463E-014   3.1702375092808479E-006   3.5296136364514984E-013  -9.5943366947056161E-014  -1.7587651555707169E-013   1.7586627655895351E-008   8.8884508687210040E-010  -9.7249080582029585E-011   1.2404299325475353E-009  -3.6808631879543450E-013  -1.6118829403237201E-013   2.4499000346503025E-013   3.3480786446527662E-013  -9.8854319287908484E-014   1.5903218907585319E-013   2.4306951779046773E-013   2.3707618910563876E-013  -1.6492640867715373E-013  -3.5931040012979732E-013  -1.1250893711372657E-008   4.6408339538724154E-010   4.4635881618073022E-012   1.8860174121990890E-012   2.3200790739396889E-004  -9.1312685991734468E-012   2.3984725618987114E-012   4.6676794165674606E-012   9.8885171350102829E-011   1.4346023020034393E-011  -2.5656297170398078E-010  -9.7033116081895717E-011  -1.6059806819529968E-010   4.9362187761863802E-011   2.1085188991179256E-011   2.3906286171934787E-003  -1.0038737754475961E-010   2.6568877383706558E-011   5.1025188191488620E-011   2.6866552806637366E-010  -5.3776488748459600E-011   4.1341866723829641E-010  -4.2313716302745726E-012  -1.6178760447467051E-012  -2.6206164206862460E-012
  -1.0190970718203912E-010  -7.1826171672176791E-010   5.1798030796336102E-010  -5.8735825599578133E-010  -1.5317561367931064E-006   4.4067969555256000E-014  -2.5677035795663595E-013   3.0635121829481618E-006   3.6255485873379987E-014  -1.5317560461817876E-006  -8.8630242675930499E-010   6.3603545550781179E-010  -7.2477348701543754E-010  -3.6016710552551268E-009   1.9084270223874727E-014   6.0208343965935168E-015  -8.7277492371467449E-014   2.3849551845782672E-014  -1.4477880143758838E-015  -4.9454617767465030E-014  -9.3512991167127792E-015   1.9504676933099524E-014   6.5299568930883122E-015   5.0516697456279537E-014  -1.5851188839145079E-006  -5.5044300455782633E-014   3.5295465547968577E-013   3.1702378919359783E-006  -4.5171974459078559E-014  -1.5851190081876676E-006  -9.5418124611492078E-009  -6.8947762828791643E-010   5.1223915738629038E-010  -5.6382005514793304E-010  -5.4498004025126026E-013  -1.9547836081496471E-013   4.1958305924607283E-013   5.9415435352629340E-013  -5.7796293682655171E-015   1.3701102437105044E-013   2.8988300750259984E-013   4.8586942180898529E-013  -1.9345069188888406E-013  -6.7488337711026000E-013   6.1042917396133701E-009  -2.5177894838739259E-010  -1.1600395040624075E-004   1.6101961199313294E-012  -9.1314990815205003E-012   2.3200789758935658E-004   1.3252213854634554E-012  -1.1600394718330100E-004  -5.3645785544722661E-011  -7.7840209480163166E-012   1.1934523425019963E-010   9.6665799022089469E-011   9.7600344912593870E-011  -1.1953142722940454E-003   1.7251336807152377E-011  -1.0038975860007102E-010   2.3906285091751371E-003   1.4192218309920703E-011  -1.1953142368813781E-003  -2.2393125432528103E-010   2.0248775952228664E-010  -1.8311962590655471E-010   1.9576231123073579E-012   1.6288289286846312E-012   1.6005938492937654E-012
   4.8212227250981772E-011  -9.1698004289016675E-011   1.2683325085828003E-009   3.3051184762786081E-010  -6.9639145170725848E-014   2.2804800103706167E-013   6.7976369213404818E-014   3.6255485873379987E-014   3.0635122118693086E-006   3.3383641696026952E-014  -1.1122894534013404E-010   1.5598032871921366E-009   4.0760215937207750E-010   1.7039071304444040E-009  -3.6274995089359509E-014   5.7783060452618801E-014   7.5691843822549207E-015   2.3480097797649257E-014   4.7151775894391475E-014   2.5183573277014423E-014  -3.6998516713348769E-014  -2.9955897890197022E-016  -8.1536665982260219E-015  -5.4182076516985167E-015   9.0233560701341610E-014  -3.0508676966257971E-013  -9.5953517928475933E-014  -4.5168481406328956E-014   3.1702378584656272E-006  -4.5065883595157789E-014   4.5141157208663527E-009  -9.7249091485449475E-011   1.2427577925278359E-009   3.1839217125063466E-010   2.5092449997209985E-013  -5.7106509226166540E-013  -9.0979910276305826E-014  -1.7172484588979499E-013   2.9791509504949428E-013  -1.6492444262077884E-013  -1.4025025155822945E-013   2.1471990446486986E-013   7.5923206151256018E-013  -9.2223123006217887E-014  -2.8878667025327750E-009   1.1912107287783351E-010  -2.5192771802835803E-012   8.1753947684316264E-012   2.3981508070791271E-012   1.3252913993809433E-012   2.3200789866569696E-004   1.1939848135793207E-012   2.5382851303123746E-011   3.6822159719610678E-012  -9.7030441105230185E-011   9.6554922013669964E-011  -4.1222664691241473E-011  -2.7248952114860308E-011   8.9194034240799792E-011   2.6565545627476832E-011   1.4192942906705962E-011   2.3906285205065807E-003   1.3056007038653806E-011  -5.3776483619600891E-011   4.6437105152484557E-010   1.0611584460419274E-010  -1.6175266861301267E-012   1.6576239638945995E-012  -6.7250822159690052E-013
   1.8004989187818363E-011  -9.4633553644502655E-010  -2.4290445492064060E-010   1.4637184126840840E-009  -1.5317563099921933E-006  -8.3713909921431215E-014   1.3047030012438067E-013  -1.5317560461817876E-006   3.3383641696026952E-014   3.0635123561482569E-006  -1.1629541873705035E-009  -2.9850591832360145E-010   1.8001039855352345E-009   6.3633137276733172E-010  -7.1130554790425939E-014  -3.6549470920951404E-014  -9.9829465234536410E-015   1.2549773887450566E-014   2.5489388746416134E-016   8.2888583648896379E-014   1.1382217023920155E-014  -1.0790132554695354E-014   2.1273965884385959E-014   1.5481612582335527E-014  -1.5851186595029662E-006   1.1062848611178464E-013  -1.7587509372314927E-013  -1.5851190081773287E-006  -4.5066003317090496E-014   3.1702376675044158E-006   1.6858144647131143E-009  -9.3135825637342935E-010  -2.3906007454534299E-010   1.4341372798636573E-009   7.9121502259696685E-014   2.0814335738826432E-013  -3.7922979099404768E-013  -2.7573272331412830E-013   1.0226495246319034E-015   1.6957575487170823E-013  -1.8758155203886191E-013  -3.8244643779807433E-013   4.3528040344302991E-014   5.6771945354473541E-013  -1.0784857766028804E-009   4.4496832914358510E-011  -1.1600395667207966E-004  -3.0113257068221198E-012   4.6676939665100518E-012  -1.1600394718306902E-004   1.1939943213388937E-012   2.3200790385497717E-004   9.4842284419626662E-012   1.3765595843073277E-012  -1.2199400026591442E-010  -3.1307509516685254E-011   1.1061755095414367E-010  -1.1953143400667032E-003  -3.2746151943125438E-011   5.1025343611144848E-011  -1.1953142368790657E-003   1.3056075494676472E-011   2.3906285769454169E-003  -3.5768561670354837E-010  -9.1810350777327328E-011   5.3572519432484212E-010  -2.0660767802840182E-012  -5.3112561349067083E-013   1.8972518129662056E-012
  -1.8325145338490847E-008   5.6968644367797201E-002   1.0704262225250366E-010   3.4102146830462412E-010   2.0492563999782382E-009   3.6254134997556543E-010   1.1550145266425424E-009  -8.8630242675930499E-010  -1.1122894534013404E-010  -1.1629541873705035E-009   7.0123701251483553E-002   9.8176366239905758E-011   3.1277670078860935E-010   1.4126348625468162E-008   8.2403481259386257E-011   6.7890352896937110E-011   2.1629051990433139E-010  -1.1271045836904925E-010   4.6184420683547867E-011   2.1604947174910439E-012  -4.1909737422863347E-011  -5.8180171433516391E-011  -1.1662244429491735E-011  -1.1784912588484450E-010   5.8718324707472553E-010   2.0255355186205592E-010   6.4531218706479204E-010  -4.0073779455755728E-010   8.6156815258076544E-011  -1.8644641918039382E-010   1.2943173936827005E-008   5.5497072055026901E-002  -9.5865791059006213E-011  -3.0541864350299906E-010  -3.4540537448031920E-011  -1.4853848821741978E-011  -4.7323300591258514E-011   2.4470550782233500E-011  -1.0408383261677000E-012   2.1881110628551478E-011   3.3058069479951645E-012   6.6437552317447851E-012   1.0419025305980943E-011   3.0319289716556730E-011  -1.0198475211922719E-008   1.4205243203974787E-009   2.0318000974013517E-010   1.8346030257565338E-010   5.8448318231905124E-010  -3.0731107622634543E-010   1.6542289797680864E-010   1.0413019484076067E-010   2.9417067075456151E-010   4.3333873385716705E-011  -3.7083010488305405E-003  -2.7236712986147400E-012  -8.7131642573805425E-012   2.2091651890781523E-011   9.9691526943801404E-010   3.1760552371358704E-009  -1.4866977231298920E-009   1.1865956134271426E-009   1.4646047007764334E-009   1.9989082286873471E-002  -1.9877184971571176E-011  -6.3330855980067253E-011  -8.2950522505866817E-005  -6.2226027872565629E-013  -1.9808768636372624E-012
  -4.7036766299200341E-009   1.0704103454986133E-010   5.6968643978256898E-002   8.7532483835051532E-011  -3.3752956487297613E-010   1.9074342080413383E-009  -1.1122893346233142E-010   6.3603545550781179E-010   1.5598032871921366E-009  -2.9850591832360145E-010   9.8176366239905758E-011   7.0123700894233601E-002   8.0282907299472751E-011   3.6259312900765831E-009  -3.4288052566284040E-011   9.4527394339837348E-011  -6.5714184629236132E-012   5.7664524813128861E-011   1.4231014256058740E-010  -1.1662308076947054E-011  -1.0370648265911705E-010   4.7155242415736861E-011   4.4599160799369242E-011  -3.0249661044283525E-011  -1.7629352693709401E-011   4.0570740919394349E-010   8.6156759394980849E-011   6.5485863306155592E-011   3.3176695490999661E-010  -4.7856739292205553E-011   3.3222337684328208E-009  -9.5866122302433722E-011   5.5497072403948404E-002  -7.8394912375417451E-011   1.2930989093281980E-011  -3.4134002473194291E-011   1.2265078641834735E-011  -2.7767719016416814E-011  -5.1560647121099545E-011   1.0418957774507885E-011   3.7378575687268372E-011  -2.2706364346672477E-011  -1.6044466275317567E-011   7.7820174594981556E-012  -2.6177281529951152E-009   3.6461963905882814E-010   8.4765747933401953E-011  -2.1435870958278826E-011   1.6542175129416460E-010  -1.1149478862848371E-010  -1.7528902199596022E-011   2.6728344411134014E-011   7.5507522464640130E-011   1.1123001008347217E-011  -2.7304055718854765E-012  -3.7083010389252352E-003  -2.2301807494045521E-012   7.9224545085732010E-010  -1.3968066873923656E-009   1.1865837111352459E-009  -1.1681851284038422E-009  -1.1422353751813756E-009   3.7593870648904279E-010  -1.9878168139112123E-011   1.9989082359181832E-002  -1.6257139394693805E-011  -6.3097586138642046E-013  -8.2950520252997621E-005  -5.0671495944930944E-013
  -1.4985376290576647E-008   3.4102280696329055E-010   8.7533155525986560E-011   5.6968644229642339E-002  -1.0753305072232178E-009  -1.1122889898812594E-010   1.5879847159250261E-009  -7.2477348701543754E-010   4.0760215937207750E-010   1.8001039855352345E-009   3.1277670078860935E-010   8.0282907299472751E-011   7.0123701124794852E-002   1.1551799750314937E-008  -1.0923768703283092E-010  -6.5713506581800156E-012   7.5657207939205008E-011  -5.8179981022184721E-011   5.2289389773812306E-011   2.0473793670290221E-010  -3.4272204971989895E-011  -8.9142098866328122E-011   5.2552490843427362E-011   1.0051064226628977E-011  -5.6164676436259948E-011   8.6156725368441347E-011   6.5314966921009612E-010  -3.2770268117883806E-010   1.6764978549762962E-010   3.8386733238562837E-010   1.0584251719826881E-008  -3.0541784119563437E-010  -7.8395581848539357E-011   5.5497072178781505E-002   4.1195980064926644E-011   1.2265270319287440E-011   1.0955600134925202E-012   6.6438837690783209E-012  -6.5614566925126829E-012  -6.1915614796043705E-011   2.7035037764353103E-012   2.1774738855098502E-011  -1.5892035189668286E-011  -1.7052010260786242E-011  -8.3397780196949083E-009   1.1616278965283743E-009   2.7005348228801756E-010   1.6542253456239478E-010   4.5365774994080434E-010  -2.5130272432585741E-010   1.1644444630781382E-010  -1.8750790084335216E-011   2.4055597555538592E-010   3.5437175363466716E-011  -8.7130512400309390E-012  -2.2567033889752372E-012  -3.7083010453393584E-003   2.5239924892852426E-009   1.1865916466671539E-009   2.0110852886293847E-009  -1.2157401239918292E-009   5.1620391910350995E-010  -1.3082524356577468E-009  -6.3330564572385065E-011  -1.6256131645133569E-011   1.9989082312524005E-002  -1.9718563437514271E-012  -5.0052871823183704E-013  -8.2950521709302329E-005
   3.0240184183165783E-003   6.8633700400875039E-009   1.7616810425128214E-009   5.6125199188720359E-009   2.9653297714522431E-009   2.0836547490796782E-009   6.6382835595313291E-009  -3.6016710552551268E-009   1.7039071304444040E-009   6.3633137276733172E-010   1.4126348625468162E-008   3.6259312900765831E-009   1.1551799750314937E-008  0.10745282632901501        3.6324192828665583E-011  -2.0042173334636379E-010  -6.3852544085255998E-010   3.3601015745780173E-010  -2.8978190880466811E-010  -3.8474384703163259E-010   2.2299344176479849E-010   2.7477176222528610E-010  -9.8755398488155620E-011   2.7112607875009094E-010  -1.5244166023568164E-010  -1.0710374453991096E-010  -3.4121962311060153E-010   1.8511780083995577E-010  -8.7584607785251964E-011  -3.2721714674597383E-011  0.28442238866596581        9.8776111215549943E-009   2.5353744016845288E-009   8.0774158243974427E-009   6.9801759663187091E-013  -3.8410589333522401E-012  -1.2234228374389232E-011   6.4375047941356650E-012  -5.5522505939305928E-012  -7.3715185604461316E-012   4.2734971354717886E-012   5.2663333829857185E-012  -1.8926651047960084E-012   5.1931123941645660E-012 -0.18180879302541608        1.2891004402784196E-002  -6.5454167400063297E-010  -4.5988406189013961E-010  -1.4651375201119236E-009   7.9495482633200555E-010  -3.7606956470430759E-010  -1.4041957106834837E-010   1.2409228197667035E-003   2.6116430459960637E-004  -1.8930588972619678E-009  -4.8591165341506338E-010  -1.5480590965984760E-009  -1.4438409790170310E-009  -1.0141776751586774E-009  -3.2310521357321578E-009   1.7532853342798053E-009  -8.2934281398547898E-010  -3.0946043238855597E-010   2.6056588743036359E-009   6.6881471848117793E-010   2.1307677351870392E-009  -8.3308375535197392E-011  -2.1383968239738840E-011  -6.8125542372430226E-011
   1.0248898770196356E-012   6.6970208055384983E-011  -2.7866118746494916E-011  -8.8778159479437948E-011   5.2046284563773270E-014  -1.2217853879967021E-015  -3.8821581605439349E-015   1.9084270223874727E-014  -3.6274995089359509E-014  -7.1130554790425939E-014   8.2403481259386257E-011  -3.4288052566284040E-011  -1.0923768703283092E-010   3.6324192828665583E-011   2.9874959069635314E-019  -2.3734394257866019E-020  -7.5620784102083097E-020   4.2870925313193532E-020  -1.9561941559459587E-019  -4.4367870795507757E-019   1.3066144580876011E-019   1.4072259207357059E-019  -1.5156122242514379E-019  -4.8524728667655166E-020   5.3854730744318479E-014  -1.2648621400366467E-015  -4.0190365817110951E-015   1.9750688660954919E-014  -3.7538091628178193E-014  -7.3605419416201637E-014   9.6233371124052045E-011   6.5347441638799238E-011  -2.7190229846770355E-011  -8.6624837863049802E-011  -1.1167664359045190E-019  -1.8552755402250356E-020  -5.9111092997367029E-020   3.8653581964408174E-020   2.9165139478808689E-020   1.1119446996097242E-019  -1.2961257347957995E-020  -9.4404451752188011E-021   3.5955074895639563E-020   5.1101718820942920E-020  -6.1481463943868140E-011  -5.3558152400600991E-013   3.9412044063867604E-012  -9.2557303318457529E-014  -2.9409615265949576E-013   1.4454119708610307E-012  -2.7471293702861722E-012  -5.3866163772451114E-012   5.0369385461414800E-013   7.6122750260036580E-014   1.4011775568483793E-011  -5.7172164127266751E-012  -1.8211042997541453E-011   4.0610494901977014E-011  -9.5371650961435045E-013  -3.0303859870407460E-012   1.4893641814710928E-011  -2.8306645574942372E-011  -5.5504136716683809E-011   2.3507967079512375E-011  -9.7815412312857158E-012  -3.1162832158003290E-011  -1.5767493778863847E-013   6.4879164225900174E-014   2.1156892124514464E-013
  -5.6549124890102060E-012   5.5173816012952719E-011   7.6822875248009697E-011  -5.3415818864159275E-012   3.0528636543574240E-014   2.2254056168586595E-014   2.6121865601673674E-014   6.0208343965935168E-015   5.7783060452618801E-014  -3.6549470920951404E-014   6.7890352896937110E-011   9.4527394339837348E-011  -6.5713506581800156E-012  -2.0042173334636379E-010  -2.3734394257866019E-020   5.7024969136329805E-019   1.3876433762526780E-018  -6.5375791554624451E-019   7.7479594884884887E-019   6.8560585624919918E-019  -5.9524675159709071E-019  -4.9773161652825222E-019   2.2834455174654832E-019  -6.6330201691168863E-019   3.1597049310125033E-014   2.3031239469751048E-014   2.7045175902479481E-014   6.2229474834913315E-015   5.9798025332531065E-014  -3.7819996704010513E-014  -5.3097550535448566E-010   5.3830885913029995E-011   7.4958950699941112E-011  -5.2162824435198270E-012  -1.8553870917514565E-020  -6.4190999959051528E-020  -6.4606868408177668E-021  -2.3618548867293216E-020  -5.5645931543449878E-020   4.8518926612561401E-020   4.5625737246907072E-020  -2.7240031687156901E-020   2.9418558541731486E-021   2.5118315945511156E-020   3.3922903740634623E-010   2.9512857575321257E-012   2.3123115083544651E-012   1.6854315985213037E-012   1.9791575707179296E-012   4.5545777515829491E-013   4.3761575789076154E-012  -2.7677692834966494E-012  -2.7794886435596403E-012  -4.1963836355610651E-013   1.0515795087014252E-011   1.5659492266531337E-011  -1.8251944508085012E-012   2.3826236576400530E-011   1.7366816885337388E-011   2.0393377747758764E-011   4.6930877804984005E-012   4.5092281148033879E-011  -2.8519324356859962E-011   1.9366646192415794E-011   2.6966246880290551E-011  -1.8753781184871173E-012  -1.2594588901581365E-013  -1.8025904814157779E-013   1.4105026423284494E-014
  -1.8016038040324027E-011   1.7577715642127055E-010  -5.3416334173707271E-012   6.1484052636182868E-011   9.7260438956239661E-014   2.6121729856359247E-014   9.7270993902877448E-014  -8.7277492371467449E-014   7.5691843822549207E-015  -9.9829465234536410E-015   2.1629051990433139E-010  -6.5714184629236132E-012   7.5657207939205008E-011  -6.3852544085255998E-010  -7.5620784102083097E-020   1.3876433762526780E-018   4.5555989435561151E-018  -2.4186820403265787E-018   1.9115058915801270E-018   2.5201546163108992E-018  -1.4847137570007127E-018  -1.9173584548738996E-018   6.0431135347264790E-019  -1.9664306507704276E-018   1.0066426937941428E-013   2.7045035539373461E-014   1.0069974839198729E-013  -9.0339177621306028E-014   7.8443492258799679E-015  -1.0325091471980627E-014  -1.6916397520600467E-009   1.7149873189812950E-010  -5.2163176950992824E-012   5.9979849207883845E-011  -5.9108884359868814E-020  -6.4535449698088537E-021  -8.2742859190194959E-020   4.5071119039476182E-020   2.2224823360154252E-020   3.4254342668079306E-020  -1.4502238662300346E-020   1.4115981219678695E-020   2.5915645923621407E-020   5.1143620906869113E-020   1.0807529089481536E-009   9.4033031165150308E-012   7.3667368831670680E-012   1.9791472981265257E-012   7.3691889325579321E-012  -6.6111121910716121E-012   5.7400817914082803E-013  -7.5562469204078126E-013  -8.8549400551949405E-012  -1.3359265924452668E-012   3.3500298308721413E-011  -1.8226304443303774E-012   1.0403324065982453E-011   7.5907426460124915E-011   2.0393271897872900E-011   7.5932649158360278E-011  -6.8121400669987823E-011   5.9146075080073751E-012  -7.7860257900102218E-012   6.1699809812382278E-011  -1.8753948855103339E-012   2.1580925729159554E-011  -4.0997010652758355E-013   1.5102924797033170E-014  -1.3877092886113430E-013
   9.4805494164359541E-012  -9.1598643455753509E-011   4.6864945424944018E-011  -4.7281665344151145E-011  -3.6399325765263213E-014   9.2137840012621787E-015  -7.8298040795605683E-014   2.3849551845782672E-014   2.3480097797649257E-014   1.2549773887450566E-014  -1.1271045836904925E-010   5.7664524813128861E-011  -5.8179981022184721E-011   3.3601015745780173E-010   4.2870925313193532E-020  -6.5375791554624451E-019  -2.4186820403265787E-018   1.3316725361284678E-018  -9.0809547805607236E-019  -1.3891986723543951E-018   7.0904793499354194E-019   1.0685945378282266E-018  -2.9753868853323613E-019   1.0062968488664156E-018  -3.7675594350725282E-014   9.5265035730538666E-015  -8.1046437007879733E-014   2.4690969898070351E-014   2.4291126927596505E-014   1.2984624303534208E-014   8.9018872259221849E-010  -8.9369017213090455E-011   4.5730869640337932E-011  -4.6128164705911437E-011   3.8646793910450860E-020  -2.3630649846329570E-020   4.5058612993724168E-020  -5.4294663203571081E-020  -4.6040175722445755E-020   2.4332949573203235E-021   2.9190878761771454E-020  -3.5341039589635294E-020  -1.5556647259348561E-020  -7.2379264101355439E-021  -5.6872276914009386E-010  -4.9489375224553746E-012  -2.7571192538761516E-012   6.9720694083142414E-013  -5.9310490331720926E-012   1.8068527986742826E-012   1.7777196079859775E-012   9.5026645517431939E-013   4.6594465927038966E-012   7.0302051017872770E-013  -1.7438247462121955E-011   1.0064899308491973E-011  -8.5552928525174685E-012  -2.8409564271920933E-011   7.1840901821374414E-012  -6.1113975265653471E-011   1.8617936486026054E-011   1.8317779405353609E-011   9.7916277858302284E-012  -3.2152170688540637E-011   1.6450727893678827E-011  -1.6596172118616142E-011   2.1208458806928087E-013  -1.1098632128685034E-013   1.0872383056598078E-013
  -8.1762161098399946E-012   3.7532688438153828E-011   1.1565614207385869E-010   4.2494566231670606E-011   1.1928941541158110E-015   6.8983840766354593E-014   4.1277754882976172E-014  -1.4477880143758838E-015   4.7151775894391475E-014   2.5489388746416134E-016   4.6184420683547867E-011   1.4231014256058740E-010   5.2289389773812306E-011  -2.8978190880466811E-010  -1.9561941559459587E-019   7.7479594884884887E-019   1.9115058915801270E-018  -9.0809547805607236E-019   1.1438805877601825E-018   1.1705493168567391E-018  -8.6810531125855811E-019  -7.5121998114790085E-019   3.8986986612366469E-019  -8.6482689812765067E-019   1.2435949256950579E-015   7.1390016759773972E-014   4.2734532082715868E-014  -1.5093306822498618E-015   4.8796748779683628E-014   2.6573588193619910E-016  -7.6771663019801638E-010   3.6615186715991297E-011   1.1284999547255867E-010   4.1458118137897972E-011   2.9163151950356654E-020  -5.5654165292883181E-020   2.2222790968885502E-020  -4.6037350839081761E-020  -9.2869054480466338E-020   6.9113366538852457E-021   6.6940627179714089E-020  -3.5801506720477253E-020  -3.4209895207931216E-020   1.0116242344152700E-020   4.9047793825209072E-010   4.2678151949488643E-012   9.0959610237325211E-014   5.2244508545441729E-012   3.1273047950130454E-012  -1.1039614093101302E-013   3.5710206654229504E-012   1.9436530712641461E-014  -4.0184425501849236E-012  -6.0631197618090978E-013   6.4761686600132571E-012   2.3570902950649662E-011   7.7344251395148611E-012   9.3723950319603168E-013   5.3833159060690931E-011   3.2223969964638317E-011  -1.1375117235195770E-012   3.6796080439001221E-011   2.0027222037139010E-013   1.3174053338213334E-011   4.0597437947634874E-011   1.4915892845065949E-011  -8.4926013104787627E-014  -2.7192970643055849E-013  -9.8115399657875958E-014
  -1.0855573392977168E-011   1.7535253281022385E-012  -9.4786515736411881E-012   1.6639025194332835E-010  -3.3433965845674556E-014  -7.5817142017275138E-015   8.3494706047182785E-014  -4.9454617767465030E-014   2.5183573277014423E-014   8.2888583648896379E-014   2.1604947174910439E-012  -1.1662308076947054E-011   2.0473793670290221E-010  -3.8474384703163259E-010  -4.4367870795507757E-019   6.8560585624919918E-019   2.5201546163108992E-018  -1.3891986723543951E-018   1.1705493168567391E-018   1.9844556839502470E-018  -8.8435136674739109E-019  -1.2573980870573623E-018   5.0087812834658019E-019  -9.4120323746766686E-019  -3.4584187167450330E-014  -7.8368885580586114E-015   8.6426332914046979E-014  -5.1190158863193631E-014   2.6067014738420487E-014   8.5774346194425382E-014  -1.0192984405291744E-009   1.7011330708322260E-012  -9.2513783489490214E-012   1.6234779894469728E-010   1.1118124327482889E-019   4.8520692068086865E-020   3.4242107882009953E-020   2.4361209427281360E-021   6.9108163195460675E-021  -1.5161445304951479E-019  -1.1801780682774925E-020   4.8006064631448944E-020  -3.2680716841682025E-020  -6.1317905760626279E-020   6.5120824527667486E-010   5.6659850707003165E-012  -2.5310061514915088E-012  -5.7356806022557758E-013   6.3247270392573098E-012  -3.7461393496966615E-012   1.9076123802684599E-012   6.2771455012121233E-012  -5.3353439881271673E-012  -8.0502282139818586E-013  -1.3283491142536516E-012  -2.3949887322278740E-012   3.2994219456211944E-011  -2.6079715570680838E-011  -5.9101070755785200E-012   6.5170459166578439E-011  -3.8600501906430583E-011   1.9656182631323394E-011   6.4680217477170529E-011   6.1463994085218806E-013  -3.3274231997898147E-012   5.8405567518348299E-011   3.3785848798427679E-016   2.4167958321964009E-014  -3.8800812604127479E-013
   6.2917746989175334E-012  -3.4059027030036328E-011  -8.4282708631475449E-011  -2.7852192428743610E-011  -2.0309179281418068E-015  -4.5235512271929081E-014  -3.8237158865408860E-014  -9.3512991167127792E-015  -3.6998516713348769E-014   1.1382217023920155E-014  -4.1909737422863347E-011  -1.0370648265911705E-010  -3.4272204971989895E-011   2.2299344176479849E-010   1.3066144580876011E-019  -5.9524675159709071E-019  -1.4847137570007127E-018   7.0904793499354194E-019  -8.6810531125855811E-019  -8.8435136674739109E-019   6.6034374661308703E-019   5.7982380929629731E-019  -2.9068306459042921E-019   6.7446583792760478E-019  -2.1084472943561450E-015  -4.6813770932617825E-014  -3.9583704695536921E-014  -9.6685933191948039E-015  -3.8289387743099504E-014   1.1777040516988488E-014   5.9077452923330525E-010  -3.3227480572326153E-011  -8.2237550808512774E-011  -2.7172196554182731E-011  -1.2969090330963166E-020   4.5654116348532572E-020  -1.4498130774477520E-020   2.9199681331979231E-020   6.6972262129065743E-020  -1.1801450094150086E-020  -5.0513227362045511E-020   2.3882687371019606E-020   2.2155700018422076E-020  -6.9915603546927232E-021  -3.7743337146395973E-010  -3.2835765244743813E-012  -1.5425960545782324E-013  -3.4259076819535187E-012  -2.8967502853732935E-012  -7.0762596611469847E-013  -2.8020795058806182E-012   8.6188557155785999E-013   3.0926139582807439E-012   4.6599200193934561E-013  -6.0548889105618985E-012  -1.7139281508022402E-011  -4.9534362297295564E-012  -1.5894913583890898E-012  -3.5300825048852015E-011  -2.9848325707253222E-011  -7.2914511196225681E-012  -2.8872849941825460E-011   8.8809424779744944E-012  -1.1954883819185740E-011  -2.9584764895840332E-011  -9.7762557072933962E-012   8.1768290137995470E-014   2.0104779825595789E-013   6.3041970311945226E-014
   7.7527040483677362E-012  -4.7281821038222848E-011   3.8323875326853037E-011  -7.2445131918733899E-011  -8.7145444043378520E-015   2.3481072823754732E-014  -6.8948895059587816E-014   1.9504676933099524E-014  -2.9955897890197022E-016  -1.0790132554695354E-014  -5.8180171433516391E-011   4.7155242415736861E-011  -8.9142098866328122E-011   2.7477176222528610E-010   1.4072259207357059E-019  -4.9773161652825222E-019  -1.9173584548738996E-018   1.0685945378282266E-018  -7.5121998114790085E-019  -1.2573980870573623E-018   5.7982380929629731E-019   8.9876712917022348E-019  -2.8019086038002903E-019   7.5921367347957208E-019  -9.0262242903121966E-015   2.4292135922117795E-014  -7.1367498185212864E-014   2.0192805953502765E-014  -3.1544136061608119E-016  -1.1166581783215880E-014   7.2795039029202695E-010  -4.6128320564421197E-011   3.7396497679438376E-011  -7.0682806960841910E-011  -9.4416021635994031E-021  -2.7243804496731841E-020   1.4131047002694262E-020  -3.5351592560251214E-020  -3.5796801044305218E-020   4.8016677560530918E-020   2.3871101521830522E-020  -3.9961371726868245E-020  -4.8019552377925076E-021   1.9259286281457369E-020  -4.6507212457014291E-010  -4.0472093687075593E-012  -6.6050968488835180E-013   1.7777934493852982E-012  -5.2227419425467799E-012   1.4776830667603388E-012  -2.3065053967267593E-014  -8.1717338189249838E-013   3.8100539675884793E-012   5.7493535581936395E-013  -8.5559954575964254E-012   8.2330612303152679E-012  -1.3976887691467667E-011  -6.8059308865812891E-012   1.8318540273197259E-011  -5.3815528236747064E-011   1.5226148752544679E-011  -2.3765588658362632E-013  -8.4202178660123375E-012  -1.6596227079349051E-011   1.3452607278331894E-011  -2.5429165817586641E-011   1.0636710876744284E-013  -9.1774946551389844E-014   1.6951321210486903E-013
