   1.2959620554616150E-002   2.1399858946262400E-017   1.5374866056642476E-017   5.0271799864703724E-018   5.6738595146706566E-002  -2.2721402725926792E-016  -5.6050070928939407E-019   1.6854400633873771E-019  -2.1467086689478568E-016   1.7094459901717290E-019  -2.0943645024944778E-016   4.1198249759966922E-002   3.7653995914522198E-018  -3.0501165742625264E-018  -8.6795893855072036E-018  -1.2677791057139773E-016   1.1414564478853534E-019   1.3693245343416555E-019  -1.0961225619129010E-016  -1.2438616328484720E-019  -1.0308013158019879E-016   2.1780943528058441E-002  -4.7830078093567518E-019   1.1378001226715015E-018  -4.6745932082656287E-019
   2.1399858946262400E-017   3.5336988532183995E-032   2.5388086290275787E-032   8.3012417033783842E-033   9.3690855209191891E-017  -3.7519216812475349E-031  -9.2553914426149093E-034   2.7831200355647857E-034  -3.5447999824222874E-031   2.8227603510272974E-034  -3.4583655244039161E-031   6.8029517529519526E-017   6.2176990285946093E-033  -5.0365721884986493E-033  -1.4332363187529451E-032  -2.0934481779741715E-031   1.8848551062976538E-034   2.2611273040806869E-034  -1.8099965283626023E-031  -2.0539539239938297E-034  -1.7021333816696447E-031   3.5966262843315418E-017  -7.8980470167120300E-034   1.8788175187380223E-033  -7.7190250182447261E-034
   1.5374866056642476E-017   2.5388086290275787E-032   1.8240233598158649E-032   5.9640803994901392E-033   6.7312796462389661E-017  -2.6955922209136212E-031  -6.6495954057142382E-034   1.9995504584314159E-034  -2.5467843065783444E-031   2.0280302975840762E-034  -2.4846849152670268E-031   4.8876243649122455E-017   4.4671457875125181E-033  -3.6185576258810860E-033  -1.0297178352285609E-032  -1.5040512843425386E-031   1.3541862527353924E-034   1.6245214290690208E-034  -1.3004036267922824E-031  -1.4756763839995234E-034  -1.2229086565209083E-031   2.5840192459331700E-017  -5.6744025881638261E-034   1.3498485091891529E-033  -5.5457830839634028E-034
   5.0271799864703724E-018   8.3012417033783842E-033   5.9640803994901392E-033   1.9500986552701427E-033   2.2009527885472618E-017  -8.8138831354615808E-032  -2.1742441734827078E-034   6.5380082073763608E-035  -8.3273200876804239E-032   6.6311298494633133E-035  -8.1242712832081579E-032   1.5981256225680286E-017   1.4606401003361000E-033  -1.1831739157727452E-033  -3.3669086116923645E-033  -4.9178552108460136E-032   4.4278356654453557E-035   5.3117611468749713E-035  -4.2519805134297620E-032  -4.8250766912823465E-035  -3.9985921833037540E-032   8.4490686227456428E-018  -1.8553815702393416E-034   4.4136523760028601E-034  -1.8133263487496717E-034
   5.6738595146706566E-002   9.3690855209191891E-017   6.7312796462389661E-017   2.2009527885472618E-017  0.24840759539639357       -9.9476714229293990E-016  -2.4539316324724559E-018   7.3790355973434036E-019  -9.3985185408821873E-016   7.4841360943215869E-019  -9.1693502210094108E-016  0.18037031285233485        1.6485319310439463E-017  -1.3353734295538321E-017  -3.8000164133550227E-017  -5.5504715675442560E-016   4.9974175556471839E-019   5.9950482385681920E-019  -4.7989409882370559E-016  -5.4457583312169115E-019  -4.5129576354107781E-016   9.5359283980856510E-002  -2.0940516162100444E-018   4.9814097755459714E-018  -2.0465865524500573E-018
  -2.2721402725926792E-016  -3.7519216812475349E-031  -2.6955922209136212E-031  -8.8138831354615808E-032  -9.9476714229293990E-016   3.9836208140358216E-030   9.8269561907780303E-033  -2.9549910268781361E-033   3.7637083583460837E-030  -2.9970793216686874E-033   3.6719361585869991E-030  -7.2230666048790890E-016  -6.6016717218585380E-032   5.3476046426496424E-032   1.5217455255936687E-031   2.2227286290555899E-030  -2.0012539361942119E-033  -2.4007627442600275E-033   1.9217724825536237E-030   2.1807954157432603E-033   1.8072482699664910E-030  -3.8187351826084608E-016   8.3857892458847939E-033  -1.9948434986871277E-032   8.1957117816271943E-033
  -5.6050070928939407E-019  -9.2553914426149093E-034  -6.6495954057142382E-034  -2.1742441734827078E-034  -2.4539316324724559E-018   9.8269561907780303E-033   2.4241531130478298E-035  -7.2894908227609511E-036   9.2844672921722213E-033  -7.3933159226786007E-036   9.0580799353770364E-033  -1.7818151476447312E-018  -1.6285269563816135E-034   1.3191686408446077E-034   3.7539031227149825E-034   5.4831164614757888E-033  -4.9367737733247446E-036  -5.9222981838961711E-036   4.7407057238373436E-033   5.3796739227916564E-036   4.4581927858810500E-033  -9.4202096774511542E-019   2.0686402494448456E-035  -4.9209602480203578E-035   2.0217511753760402E-035
   1.6854400633873771E-019   2.7831200355647857E-034   1.9995504584314159E-034   6.5380082073763608E-035   7.3790355973434036E-019  -2.9549910268781361E-033  -7.2894908227609511E-036   2.1919686578010183E-036  -2.7918632183848480E-033   2.2231891326525596E-036  -2.7237879573435686E-033   5.3579640232718446E-019   4.8970224856124308E-035  -3.9667740661070507E-035  -1.1288083337343482E-034  -1.6487872367024304E-033   1.4845005837709905E-036   1.7808503113438945E-036  -1.4255424164967253E-033  -1.6176817989987437E-036  -1.3405900487003516E-033   2.8326813031182165E-019  -6.2204544889341740E-036   1.4797454159987331E-035  -6.0794578360112975E-036
  -2.1467086689478568E-016  -3.5447999824222874E-031  -2.5467843065783444E-031  -8.3273200876804239E-032  -9.3985185408821873E-016   3.7637083583460837E-030   9.2844672921722213E-033  -2.7918632183848480E-033   3.5559359858683561E-030  -2.8316280640583118E-033   3.4692299936514053E-030  -6.8243232533299643E-016  -6.2372319551778846E-032   5.0523946003485755E-032   1.4377388364306160E-031   2.1000247538711723E-030  -1.8907763862184262E-033  -2.2682306446288430E-033   1.8156826397587791E-030   2.0604064285326137E-033   1.7074806405553180E-030  -3.6079251003141484E-016   7.9228587632792429E-033  -1.8847198315531175E-032   7.7432743664814998E-033
   1.7094459901717290E-019   2.8227603510272974E-034   2.0280302975840762E-034   6.6311298494633133E-035   7.4841360943215869E-019  -2.9970793216686874E-033  -7.3933159226786007E-036   2.2231891326525596E-036  -2.8316280640583118E-033   2.2548542845055202E-036  -2.7625831988359748E-033   5.4342781532429521E-019   4.9667713694823633E-035  -4.0232733091650613E-035  -1.1448860874331252E-034  -1.6722711128408107E-033   1.5056445052307144E-036   1.8062151778358488E-036  -1.4458465896452091E-033  -1.6407226366237227E-036  -1.3596842349939017E-033   2.8730275257120898E-019  -6.3090531749809692E-036   1.5008216090284354E-035  -6.1660482896679691E-036
  -2.0943645024944778E-016  -3.4583655244039161E-031  -2.4846849152670268E-031  -8.1242712832081579E-032  -9.1693502210094108E-016   3.6719361585869991E-030   9.0580799353770364E-033  -2.7237879573435686E-033   3.4692299936514053E-030  -2.7625831988359748E-033   3.3846381927799125E-030  -6.6579226990903211E-016  -6.0851467130615512E-032   4.9291997822653106E-032   1.4026818014173382E-031   2.0488189023912298E-030  -1.8446727321372025E-033  -2.2129233529900112E-033   1.7714100303931937E-030   2.0101666085622667E-033   1.6658463693763810E-030  -3.5199514340528907E-016   7.7296721218450506E-033  -1.8387638571780978E-032   7.5544666124549862E-033
   4.1198249759966922E-002   6.8029517529519526E-017   4.8876243649122455E-017   1.5981256225680286E-017  0.18037031285233485       -7.2230666048790890E-016  -1.7818151476447312E-018   5.3579640232718446E-019  -6.8243232533299643E-016   5.4342781532429521E-019  -6.6579226990903211E-016  0.13096801531585325        1.1970093735458189E-017  -9.6962302170739877E-018  -2.7592157487258690E-017  -4.0302322137871385E-016   3.6286562273889294E-019   4.3530421226849609E-019  -3.4845411470891666E-016  -3.9541992762032261E-019  -3.2768868411186805E-016   6.9240974123818785E-002  -1.5205040109261760E-018   3.6170328778680756E-018  -1.4860393304630716E-018
   3.7653995914522198E-018   6.2176990285946093E-033   4.4671457875125181E-033   1.4606401003361000E-033   1.6485319310439463E-017  -6.6016717218585380E-032  -1.6285269563816135E-034   4.8970224856124308E-035  -6.2372319551778846E-032   4.9667713694823633E-035  -6.0851467130615512E-032   1.1970093735458189E-017   1.0940315747329755E-033  -8.8620709643531158E-034  -2.5218425329992124E-033  -3.6835144258962934E-032   3.3164857137712048E-035   3.9785532457885204E-035  -3.1847687433551137E-032  -3.6140225436480398E-035  -2.9949787781453899E-032   6.3284226198105919E-018  -1.3896962164412785E-034   3.3058623120995018E-034  -1.3581965060187723E-034
  -3.0501165742625264E-018  -5.0365721884986493E-033  -3.6185576258810860E-033  -1.1831739157727452E-033  -1.3353734295538321E-017   5.3476046426496424E-032   1.3191686408446077E-034  -3.9667740661070507E-035   5.0523946003485755E-032  -4.0232733091650613E-035   4.9291997822653106E-032  -9.6962302170739877E-018  -8.8620709643531158E-034   7.1786138161870902E-034   2.0427881611934078E-033   2.9837864824403097E-032  -2.6864792960730839E-035  -3.2227791239243624E-035   2.5797835510876700E-032   2.9274954204496351E-035   2.4260464763216887E-032  -5.1262624995871169E-018   1.1257066773416985E-034  -2.6778739375375734E-034   1.1001907164162600E-034
  -8.6795893855072036E-018  -1.4332363187529451E-032  -1.0297178352285609E-032  -3.3669086116923645E-033  -3.8000164133550227E-017   1.5217455255936687E-031   3.7539031227149825E-034  -1.1288083337343482E-034   1.4377388364306160E-031  -1.1448860874331252E-034   1.4026818014173382E-031  -2.7592157487258690E-017  -2.5218425329992124E-033   2.0427881611934078E-033   5.8130769788761515E-033   8.4908366126532588E-032  -7.6448019657145876E-035  -9.1709279939936139E-035   7.3411823390194696E-032   8.3306514878367362E-035   6.9036991642590519E-032  -1.4587591161002733E-017   3.2033764906877352E-034  -7.6203140562249775E-034   3.1307667860363647E-034
  -1.2677791057139773E-016  -2.0934481779741715E-031  -1.5040512843425386E-031  -4.9178552108460136E-032  -5.5504715675442560E-016   2.2227286290555899E-030   5.4831164614757888E-033  -1.6487872367024304E-033   2.1000247538711723E-030  -1.6722711128408107E-033   2.0488189023912298E-030  -4.0302322137871385E-016  -3.6835144258962934E-032   2.9837864824403097E-032   8.4908366126532588E-032   1.2402090432442739E-030  -1.1166334913996321E-033  -1.3395461898469844E-033   1.0722854696543321E-030   1.2168116974403738E-033   1.0083847476929021E-030  -2.1307279014255411E-016   4.6789929825602642E-033  -1.1130566793392159E-032   4.5729360456010383E-033
   1.1414564478853534E-019   1.8848551062976538E-034   1.3541862527353924E-034   4.4278356654453557E-035   4.9974175556471839E-019  -2.0012539361942119E-033  -4.9367737733247446E-036   1.4845005837709905E-036  -1.8907763862184262E-033   1.5056445052307144E-036  -1.8446727321372025E-033   3.6286562273889294E-019   3.3164857137712048E-035  -2.6864792960730839E-035  -7.6448019657145876E-035  -1.1166334913996321E-033   1.0053711194151857E-036   1.2060725947837653E-036  -9.6544197470537126E-034  -1.0955674783135239E-036  -9.0790837853025064E-034   1.9184202443545582E-019  -4.2127738858307729E-036   1.0021507041465992E-035  -4.1172845580847522E-036
   1.3693245343416555E-019   2.2611273040806869E-034   1.6245214290690208E-034   5.3117611468749713E-035   5.9950482385681920E-019  -2.4007627442600275E-033  -5.9222981838961711E-036   1.7808503113438945E-036  -2.2682306446288430E-033   1.8062151778358488E-036  -2.2129233529900112E-033   4.3530421226849609E-019   3.9785532457885204E-035  -3.2227791239243624E-035  -9.1709279939936139E-035  -1.3395461898469844E-033   1.2060725947837653E-036   1.4468399537223402E-036  -1.1581724251472285E-033  -1.3142747845182831E-036  -1.0891534407282884E-033   2.3013930252345968E-019  -5.0537667470264328E-036   1.2022092904533956E-035  -4.9392149570806546E-036
  -1.0961225619129010E-016  -1.8099965283626023E-031  -1.3004036267922824E-031  -4.2519805134297620E-032  -4.7989409882370559E-016   1.9217724825536237E-030   4.7407057238373436E-033  -1.4255424164967253E-033   1.8156826397587791E-030  -1.4458465896452091E-033   1.7714100303931937E-030  -3.4845411470891666E-016  -3.1847687433551137E-032   2.5797835510876700E-032   7.3411823390194696E-032   1.0722854696543321E-030  -9.6544197470537126E-034  -1.1581724251472285E-033   9.2709864896973296E-031   1.0520561106840328E-033   8.7185004710466251E-031  -1.8422285992279023E-016   4.0454600900904386E-033  -9.6234946089009078E-033   3.9537631998952713E-033
  -1.2438616328484720E-019  -2.0539539239938297E-034  -1.4756763839995234E-034  -4.8250766912823465E-035  -5.4457583312169115E-019   2.1807954157432603E-033   5.3796739227916564E-036  -1.6176817989987437E-036   2.0604064285326137E-033  -1.6407226366237227E-036   2.0101666085622667E-033  -3.9541992762032261E-019  -3.6140225436480398E-035   2.9274954204496351E-035   8.3306514878367362E-035   1.2168116974403738E-033  -1.0955674783135239E-036  -1.3142747845182831E-036   1.0520561106840328E-033   1.1938557576991446E-036   9.8936091717524114E-034  -2.0905303413486849E-019   4.5907207534362082E-036  -1.0920581451262131E-035   4.4866646491934138E-036
  -1.0308013158019879E-016  -1.7021333816696447E-031  -1.2229086565209083E-031  -3.9985921833037540E-032  -4.5129576354107781E-016   1.8072482699664910E-030   4.4581927858810500E-033  -1.3405900487003516E-033   1.7074806405553180E-030  -1.3596842349939017E-033   1.6658463693763810E-030  -3.2768868411186805E-016  -2.9949787781453899E-032   2.4260464763216887E-032   6.9036991642590519E-032   1.0083847476929021E-030  -9.0790837853025064E-034  -1.0891534407282884E-033   8.7185004710466251E-031   9.8936091717524114E-034   8.1989387589024303E-031  -1.7324446463159919E-016   3.8043789342427660E-033  -9.0500015693104941E-033   3.7181465380195051E-033
   2.1780943528058441E-002   3.5966262843315418E-017   2.5840192459331700E-017   8.4490686227456428E-018   9.5359283980856510E-002  -3.8187351826084608E-016  -9.4202096774511542E-019   2.8326813031182165E-019  -3.6079251003141484E-016   2.8730275257120898E-019  -3.5199514340528907E-016   6.9240974123818785E-002   6.3284226198105919E-018  -5.1262624995871169E-018  -1.4587591161002733E-017  -2.1307279014255411E-016   1.9184202443545582E-019   2.3013930252345968E-019  -1.8422285992279023E-016  -2.0905303413486849E-019  -1.7324446463159919E-016   3.6606743150630956E-002  -8.0386939224662796E-019   1.9122751405941891E-018  -7.8564839346019650E-019
  -4.7830078093567518E-019  -7.8980470167120300E-034  -5.6744025881638261E-034  -1.8553815702393416E-034  -2.0940516162100444E-018   8.3857892458847939E-033   2.0686402494448456E-035  -6.2204544889341740E-036   7.9228587632792429E-033  -6.3090531749809692E-036   7.7296721218450506E-033  -1.5205040109261760E-018  -1.3896962164412785E-034   1.1257066773416985E-034   3.2033764906877352E-034   4.6789929825602642E-033  -4.2127738858307729E-036  -5.0537667470264328E-036   4.0454600900904386E-033   4.5907207534362082E-036   3.8043789342427660E-033  -8.0386939224662796E-019   1.7652649325615433E-035  -4.1992794845265830E-035   1.7252523502886441E-035
   1.1378001226715015E-018   1.8788175187380223E-033   1.3498485091891529E-033   4.4136523760028601E-034   4.9814097755459714E-018  -1.9948434986871277E-032  -4.9209602480203578E-035   1.4797454159987331E-035  -1.8847198315531175E-032   1.5008216090284354E-035  -1.8387638571780978E-032   3.6170328778680756E-018   3.3058623120995018E-034  -2.6778739375375734E-034  -7.6203140562249775E-034  -1.1130566793392159E-032   1.0021507041465992E-035   1.2022092904533956E-035  -9.6234946089009078E-033  -1.0920581451262131E-035  -9.0500015693104941E-033   1.9122751405941891E-018  -4.1992794845265830E-035   9.9894060454583125E-035  -4.1040960291923729E-035
  -4.6745932082656287E-019  -7.7190250182447261E-034  -5.5457830839634028E-034  -1.8133263487496717E-034  -2.0465865524500573E-018   8.1957117816271943E-033   2.0217511753760402E-035  -6.0794578360112975E-036   7.7432743664814998E-033  -6.1660482896679691E-036   7.5544666124549862E-033  -1.4860393304630716E-018  -1.3581965060187723E-034   1.1001907164162600E-034   3.1307667860363647E-034   4.5729360456010383E-033  -4.1172845580847522E-036  -4.9392149570806546E-036   3.9537631998952713E-033   4.4866646491934138E-036   3.7181465380195051E-033  -7.8564839346019650E-019   1.7252523502886441E-035  -4.1040960291923729E-035   1.6861467178512133E-035
