   8.0733788757125804E-005  -1.8687405869259034E-018  -9.1212258790185425E-019   2.4273215291383714E-018   3.8403586239058960E-003   1.7923074096072005E-017   3.3017222403767349E-020  -4.6753198778638538E-020   1.3127922135427215E-017  -2.7884642424141888E-020   1.9096955952084329E-017   6.0997483691908310E-003   9.2484052868229086E-019   1.5214101576191090E-021  -9.5133675433917189E-020   1.9765051699227266E-017  -5.0562371180166683E-020  -3.7006335584183633E-020   2.1432126674932585E-017   1.0182650853927623E-020   2.1216312977517278E-017   4.5044729556359981E-003   3.8373993486051370E-020   2.1697273564770793E-019   3.9361427933845842E-019
  -1.8687405869259034E-018   4.3255636022853418E-032   2.1112851589213184E-032  -5.6185078501218703E-032  -8.8892570747962418E-017  -4.1486441453367077E-031  -7.6424783877163699E-034   1.0821937316616384E-033  -3.0387129471005390E-031   6.4544429107212623E-034  -4.4203619356643076E-031  -1.4119054144521242E-016  -2.1407233067952150E-032  -3.5215997597452311E-035   2.2020539752149979E-033  -4.5750056923687634E-031   1.1703644366281556E-033   8.5658362309251110E-034  -4.9608826240114737E-031  -2.3569726165676480E-034  -4.9109283456624433E-031  -1.0426478881389179E-016  -8.8824072564642263E-034  -5.0222560293930090E-033  -9.1109681673207021E-033
  -9.1212258790185425E-019   2.1112851589213184E-032   1.0305073354894966E-032  -2.7423645401903207E-032  -4.3388002723940980E-017  -2.0249316896109321E-031  -3.7302540618840027E-034   5.2821314742147111E-034  -1.4831800286200520E-031   3.1503801075335064E-034  -2.1575557337540967E-031  -6.8914370967947242E-017  -1.0448759427802210E-032  -1.7188745772880950E-035   1.0748111239327997E-033  -2.2330365493124337E-031   5.7124881120158213E-034   4.1809402359840076E-034  -2.4213810782235146E-031  -1.1504261092621791E-034  -2.3969986540586700E-031  -5.0891102631003195E-017  -4.3354569115941202E-034  -2.4513371190654608E-033  -4.4470163067087508E-033
   2.4273215291383714E-018  -5.6185078501218703E-032  -2.7423645401903207E-032   7.2979230834111039E-032   1.1546324421193751E-016   5.3887058060182949E-031   9.9268739900356238E-034  -1.4056697660118002E-033   3.9470076312208382E-031  -8.3837255665114221E-034   5.7416421348626577E-031   1.8339348080647028E-016   2.7806019770032142E-032   4.5742330281913292E-035  -2.8602648541801243E-033   5.9425101004977646E-031  -1.5201953732051442E-033  -1.1126230598223971E-033   6.4437286165011021E-031   3.0614898696001287E-034   6.3788426199334138E-031   1.3543033655374882E-016   1.1537427139449935E-033   6.5234470050465119E-033   1.1834306665438095E-032
   3.8403586239058960E-003  -8.8892570747962418E-017  -4.3388002723940980E-017   1.1546324421193751E-016  0.18267883357458131        8.5256784341957768E-016   1.5705688627741423E-018  -2.2239641281406304E-018   6.2447123766755163E-016  -1.3264214235038451E-018   9.0840725562337682E-016  0.29015387006980214        4.3992971898636912E-017   7.2370697687526464E-020  -4.5253348876713246E-018   9.4018734799404197E-016  -2.4051594901737516E-018  -1.7603236784466102E-018   1.0194870545754771E-015   4.8437007135568326E-019   1.0092211918334323E-015  0.21426953729829437        1.8253806626269445E-018   1.0320996070230682E-017   1.8723511127384482E-017
   1.7923074096072005E-017  -4.1486441453367077E-031  -2.0249316896109321E-031   5.3887058060182949E-031   8.5256784341957768E-016   3.9789608539204597E-030   7.3298941211523341E-033  -1.0379310309079985E-032   2.9144268438653965E-030  -6.1904503678610782E-033   4.2395651412856607E-030   1.3541572081708128E-015   2.0531657906566489E-031   3.3775631498672969E-034  -2.1119879793616977E-032   4.3878838287107758E-030  -1.1224954744307555E-032  -8.2154857948604253E-033   4.7579780454353276E-030   2.2605703084046985E-033   4.7100669421752267E-030   1.0000026480918825E-015   8.5191087796183440E-033   4.8168412231218051E-032   8.7383213428497725E-032
   3.3017222403767349E-020  -7.6424783877163699E-034  -3.7302540618840027E-034   9.9268739900356238E-034   1.5705688627741423E-018   7.3298941211523341E-033   1.3502859113169242E-035  -1.9120380523769294E-035   5.3688490471900889E-033  -1.1403818088323742E-035   7.8099696745529572E-033   2.4945781885507635E-018   3.7822658757391476E-034   6.2220215742107324E-037  -3.8906259302889758E-035   8.0831968599732924E-033  -2.0678195340733978E-035  -1.5134263251377472E-035   8.7649707006907510E-033   4.1643387865203535E-036   8.6767106430985497E-033   1.8421677921669701E-018   1.5693586253721412E-035   8.8734062636220468E-035   1.6097411507978335E-034
  -4.6753198778638538E-020   1.0821937316616384E-033   5.2821314742147111E-034  -1.4056697660118002E-033  -2.2239641281406304E-018  -1.0379310309079985E-032  -1.9120380523769294E-035   2.7074928969463946E-035  -7.6024222645434083E-033   1.6148086819622906E-035  -1.1059109097191948E-032  -3.5323840537495415E-018  -5.3557814815433004E-034  -8.8105355413197768E-037   5.5092219832329321E-035  -1.1446005510084249E-032   2.9280833055131305E-035   2.1430488897792904E-035  -1.2411414032561965E-032  -5.8968061179357462E-036  -1.2286435620799761E-032  -2.6085548904610675E-018  -2.2222504022210736E-035  -1.2564961455976419E-034  -2.2794330511829502E-034
   1.3127922135427215E-017  -3.0387129471005390E-031  -1.4831800286200520E-031   3.9470076312208382E-031   6.2447123766755163E-016   2.9144268438653965E-030   5.3688490471900889E-033  -7.6024222645434083E-033   2.1346990181806426E-030  -4.5342528841253590E-033   3.1053088752820183E-030   9.9186502787989785E-016   1.5038603582390199E-031   2.4739275082650991E-034  -1.5469452168417372E-032   3.2139462758366702E-030  -8.2218223875590165E-033  -6.0175088961593245E-033   3.4850252232253125E-030   1.6557757241487633E-033   3.4499322905258453E-030   7.3246123008822251E-016   6.2399003721451040E-033   3.5281401045882839E-032   6.4004646506714258E-032
  -2.7884642424141888E-020   6.4544429107212623E-034   3.1503801075335064E-034  -8.3837255665114221E-034  -1.3264214235038451E-018  -6.1904503678610782E-033  -1.1403818088323742E-035   1.6148086819622906E-035  -4.5342528841253590E-033   9.6310763447680346E-036  -6.5958974093911660E-033  -2.1067920231492468E-018  -3.1943066018171762E-034  -5.2547983785688176E-037   3.2858219127428371E-035  -6.8266509922586158E-033   1.7463736834117576E-035   1.2781617846489080E-035  -7.4024420000561411E-033  -3.5169856681177186E-036  -7.3279021094440251E-033  -1.5557998653449922E-018  -1.3253993194397772E-035  -7.4940210814647190E-035  -1.3595043167623491E-034
   1.9096955952084329E-017  -4.4203619356643076E-031  -2.1575557337540967E-031   5.7416421348626577E-031   9.0840725562337682E-016   4.2395651412856607E-030   7.8099696745529572E-033  -1.1059109097191948E-032   3.1053088752820183E-030  -6.5958974093911660E-033   4.5172378535704504E-030   1.4428484989805965E-015   2.1876390431867630E-031   3.5987785550992595E-034  -2.2503138243478641E-032   4.6752707571586323E-030  -1.1960139492095319E-032  -8.7535636748724943E-033   5.0696045035363733E-030   2.4086276369105282E-033   5.0185554355210582E-030   1.0654983860588759E-015   9.0770726184210276E-033   5.1323229582753811E-032   9.3106426322330862E-032
   6.0997483691908310E-003  -1.4119054144521242E-016  -6.8914370967947242E-017   1.8339348080647028E-016  0.29015387006980214        1.3541572081708128E-015   2.4945781885507635E-018  -3.5323840537495415E-018   9.9186502787989785E-016  -2.1067920231492468E-018   1.4428484989805965E-015  0.46085945847750409        6.9875260327027235E-017   1.1494839113429352E-019  -7.1877152121384619E-018   1.4933257032198038E-015  -3.8201816847276519E-018  -2.7959710377079163E-018   1.6192796318155289E-015   7.6933845043662083E-019   1.6029740766183329E-015  0.34033026305581077        2.8993028543482243E-018   1.6393124995129944E-017   2.9739073260984192E-017
   9.2484052868229086E-019  -2.1407233067952150E-032  -1.0448759427802210E-032   2.7806019770032142E-032   4.3992971898636912E-017   2.0531657906566489E-031   3.7822658757391476E-034  -5.3557814815433004E-034   1.5038603582390199E-031  -3.1943066018171762E-034   2.1876390431867630E-031   6.9875260327027235E-017   1.0594448949577453E-032   1.7428412516944748E-035  -1.0897974694149079E-033   2.2641723055927747E-031  -5.7921386836398439E-034  -4.2392360736631316E-034   2.4551429667768439E-031   1.1664667723527843E-034   2.4304205727102285E-031   5.1600689300708459E-017   4.3959072117940341E-034   2.4855166917749523E-033   4.5090221059165693E-033
   1.5214101576191090E-021  -3.5215997597452311E-035  -1.7188745772880950E-035   4.5742330281913292E-035   7.2370697687526464E-020   3.3775631498672969E-034   6.2220215742107324E-037  -8.8105355413197768E-037   2.4739275082650991E-034  -5.2547983785688176E-037   3.5987785550992595E-034   1.1494839113429352E-019   1.7428412516944748E-035   2.8670633489900486E-038  -1.7927727951950745E-036   3.7246797015229956E-034  -9.5283655444726750E-037  -6.9737610139186116E-037   4.0388362449723259E-034   1.9188977352790236E-037   3.9981666373079634E-034   8.4885783448634424E-020   7.2314930807623046E-037   4.0888025821988021E-036   7.4175728897227040E-036
  -9.5133675433917189E-020   2.2020539752149979E-033   1.0748111239327997E-033  -2.8602648541801243E-033  -4.5253348876713246E-018  -2.1119879793616977E-032  -3.8906259302889758E-035   5.5092219832329321E-035  -1.5469452168417372E-032   3.2858219127428371E-035  -2.2503138243478641E-032  -7.1877152121384619E-018  -1.0897974694149079E-033  -1.7927727951950745E-036   1.1210196301814316E-034  -2.3290397270286875E-032   5.9580806042608332E-035   4.3606880993227414E-035  -2.5254816036014096E-032  -1.1998854708883568E-035  -2.5000509251207230E-032  -5.3079023635504739E-018  -4.5218477883995571E-035  -2.5567255208614609E-034  -4.6382033685288954E-034
   1.9765051699227266E-017  -4.5750056923687634E-031  -2.2330365493124337E-031   5.9425101004977646E-031   9.4018734799404197E-016   4.3878838287107758E-030   8.0831968599732924E-033  -1.1446005510084249E-032   3.2139462758366702E-030  -6.8266509922586158E-033   4.6752707571586323E-030   1.4933257032198038E-015   2.2641723055927747E-031   3.7246797015229956E-034  -2.3290397270286875E-032   4.8388323487251927E-030  -1.2378557922234340E-032  -9.0598019401856059E-033   5.2469616287770403E-030   2.4928920550046187E-033   5.1941266392084570E-030   1.1027742190293082E-015   9.3946286534294645E-033   5.3118742516852391E-032   9.6363699764951816E-032
  -5.0562371180166683E-020   1.1703644366281556E-033   5.7124881120158213E-034  -1.5201953732051442E-033  -2.4051594901737516E-018  -1.1224954744307555E-032  -2.0678195340733978E-035   2.9280833055131305E-035  -8.2218223875590165E-033   1.7463736834117576E-035  -1.1960139492095319E-032  -3.8201816847276519E-018  -5.7921386836398439E-034  -9.5283655444726750E-037   5.9580806042608332E-035  -1.2378557922234340E-032   3.1666461078048957E-035   2.3176517597288560E-035  -1.3422622185839705E-032  -6.3772427876907579E-036  -1.3287461276851475E-032  -2.8210844190535695E-018  -2.4033061400648971E-035  -1.3588679739531349E-034  -2.4651476909620858E-034
  -3.7006335584183633E-020   8.5658362309251110E-034   4.1809402359840076E-034  -1.1126230598223971E-033  -1.7603236784466102E-018  -8.2154857948604253E-033  -1.5134263251377472E-035   2.1430488897792904E-035  -6.0175088961593245E-033   1.2781617846489080E-035  -8.7535636748724943E-033  -2.7959710377079163E-018  -4.2392360736631316E-034  -6.9737610139186116E-037   4.3606880993227414E-035  -9.0598019401856059E-033   2.3176517597288560E-035   1.6962772272326220E-035  -9.8239471257972578E-033  -4.6674707137878524E-036  -9.7250235619070465E-033  -2.0647369632015735E-018  -1.7589672211744840E-035  -9.9454837826977968E-035  -1.8042287295280606E-034
   2.1432126674932585E-017  -4.9608826240114737E-031  -2.4213810782235146E-031   6.4437286165011021E-031   1.0194870545754771E-015   4.7579780454353276E-030   8.7649707006907510E-033  -1.2411414032561965E-032   3.4850252232253125E-030  -7.4024420000561411E-033   5.0696045035363733E-030   1.6192796318155289E-015   2.4551429667768439E-031   4.0388362449723259E-034  -2.5254816036014096E-032   5.2469616287770403E-030  -1.3422622185839705E-032  -9.8239471257972578E-033   5.6895144013641320E-030   2.7031539872916608E-033   5.6322230668139224E-030   1.1957872468914419E-015   1.0187014657397708E-032   5.7599020521601594E-032   1.0449145550721543E-031
   1.0182650853927623E-020  -2.3569726165676480E-034  -1.1504261092621791E-034   3.0614898696001287E-034   4.8437007135568326E-019   2.2605703084046985E-033   4.1643387865203535E-036  -5.8968061179357462E-036   1.6557757241487633E-033  -3.5169856681177186E-036   2.4086276369105282E-033   7.6933845043662083E-019   1.1664667723527843E-034   1.9188977352790236E-037  -1.1998854708883568E-035   2.4928920550046187E-033  -6.3772427876907579E-036  -4.6674707137878524E-036   2.7031539872916608E-033   1.2842996719120441E-036   2.6759342127201213E-033   5.6813232841314389E-019   4.8399682902886847E-036   2.7365959729310251E-035   4.9645097044576618E-035
   2.1216312977517278E-017  -4.9109283456624433E-031  -2.3969986540586700E-031   6.3788426199334138E-031   1.0092211918334323E-015   4.7100669421752267E-030   8.6767106430985497E-033  -1.2286435620799761E-032   3.4499322905258453E-030  -7.3279021094440251E-033   5.0185554355210582E-030   1.6029740766183329E-015   2.4304205727102285E-031   3.9981666373079634E-034  -2.5000509251207230E-032   5.1941266392084570E-030  -1.3287461276851475E-032  -9.7250235619070465E-033   5.6322230668139224E-030   2.6759342127201213E-033   5.5755086351033921E-030   1.1837461055251231E-015   1.0084435135907276E-032   5.7019019396430659E-032   1.0343926466757771E-031
   4.5044729556359981E-003  -1.0426478881389179E-016  -5.0891102631003195E-017   1.3543033655374882E-016  0.21426953729829437        1.0000026480918825E-015   1.8421677921669701E-018  -2.6085548904610675E-018   7.3246123008822251E-016  -1.5557998653449922E-018   1.0654983860588759E-015  0.34033026305581077        5.1600689300708459E-017   8.4885783448634424E-020  -5.3079023635504739E-018   1.1027742190293082E-015  -2.8210844190535695E-018  -2.0647369632015735E-018   1.1957872468914419E-015   5.6813232841314389E-019   1.1837461055251231E-015  0.25132323058807549        2.1410442705429664E-018   1.2105808916953566E-017   2.1961373342282870E-017
   3.8373993486051370E-020  -8.8824072564642263E-034  -4.3354569115941202E-034   1.1537427139449935E-033   1.8253806626269445E-018   8.5191087796183440E-033   1.5693586253721412E-035  -2.2222504022210736E-035   6.2399003721451040E-033  -1.3253993194397772E-035   9.0770726184210276E-033   2.8993028543482243E-018   4.3959072117940341E-034   7.2314930807623046E-037  -4.5218477883995571E-035   9.3946286534294645E-033  -2.4033061400648971E-035  -1.7589672211744840E-035   1.0187014657397708E-032   4.8399682902886847E-036   1.0084435135907276E-032   2.1410442705429664E-018   1.8239740742224738E-035   1.0313042992994681E-034   1.8709083301900204E-034
   2.1697273564770793E-019  -5.0222560293930090E-033  -2.4513371190654608E-033   6.5234470050465119E-033   1.0320996070230682E-017   4.8168412231218051E-032   8.8734062636220468E-035  -1.2564961455976419E-034   3.5281401045882839E-032  -7.4940210814647190E-035   5.1323229582753811E-032   1.6393124995129944E-017   2.4855166917749523E-033   4.0888025821988021E-036  -2.5567255208614609E-034   5.3118742516852391E-032  -1.3588679739531349E-034  -9.9454837826977968E-035   5.7599020521601594E-032   2.7365959729310251E-035   5.7019019396430659E-032   1.2105808916953566E-017   1.0313042992994681E-034   5.8311605015929565E-034   1.0578416830527904E-033
   3.9361427933845842E-019  -9.1109681673207021E-033  -4.4470163067087508E-033   1.1834306665438095E-032   1.8723511127384482E-017   8.7383213428497725E-032   1.6097411507978335E-034  -2.2794330511829502E-034   6.4004646506714258E-032  -1.3595043167623491E-034   9.3106426322330862E-032   2.9739073260984192E-017   4.5090221059165693E-033   7.4175728897227040E-036  -4.6382033685288954E-034   9.6363699764951816E-032  -2.4651476909620858E-034  -1.8042287295280606E-034   1.0449145550721543E-031   4.9645097044576618E-035   1.0343926466757771E-031   2.1961373342282870E-017   1.8709083301900204E-034   1.0578416830527904E-033   1.9190502921301238E-033
