   1.0141159008080996E-004   1.5228618519394565E-017   2.5267634708757015E-017  -1.4683693756066596E-017   4.0809954497578703E-003   6.0053837816586259E-016   1.1199845499468372E-015  -2.1591404001623626E-018   4.9373042391413502E-018   8.5470823603852090E-018   5.2339749874824729E-018   1.0105163148095795E-017   8.9900857921530132E-022  -2.3798578444668744E-015   1.2032072906633519E-017  -1.3623119363437428E-018  -7.6647584126337584E-018   5.2267296984618626E-018  -9.7820596187381327E-018   4.8237949865702184E-018  -1.0378048264131597E-016  -1.7931909589635705E-018   1.3710837406729072E-019   4.8911831349970887E-017  -4.8285863158411548E-019  -8.2363349223910871E-019   1.9437954406738291E-018  -2.4974535260030832E-019  -5.9770181770627637E-019  -9.1999415442858597E-019   8.5577024454585818E-003   1.2294291304520083E-015   2.4009036658061213E-015  -5.3983070583955828E-015  -1.0988569032841474E-003  -4.4428411904185195E-016   3.0344951100222329E-015   3.8512287810006703E-015   6.5299642316747587E-005  -8.2827512207379641E-016  -2.4763302093707581E-015   2.5837732401181386E-015  -1.5195466045421971E-016  -3.5278922530428135E-016   1.3609615231598465E-018  -2.1560004991475869E-018  -2.7791182713424413E-016   4.9205144312999935E-019  -2.4016822571185934E-016  -3.7524438590623220E-018  -4.2737646278727033E-018   9.6636906229957473E-019  -1.4446000232574066E-019  -1.7703464044363105E-015   8.8549144806050446E-017   4.8966175488983927E-017   7.3176938848382464E-017  -7.4853782925926089E-017   3.7632825726817880E-017  -4.2705061544514401E-018   4.3516964534183423E-003   6.2203660049944644E-016   1.3571633042987204E-015   1.1602323327521790E-015   6.6179729228484550E-016   9.6824601311169599E-016  -1.0767991503609120E-015   4.6966684794073932E-016  -8.4364466023811676E-017
   1.5228618519394565E-017   1.0141159008111302E-004  -3.9167712331212682E-018   7.1378178772022441E-017   2.2053873347257762E-018   4.0809954497640572E-003   6.2626397044341755E-016  -7.0651290622910879E-018   3.1667569698046565E-018   5.8361325247192365E-018  -1.5341636133859012E-017  -1.4890356013659999E-018  -1.2203671153018244E-017   1.1787273945353235E-015  -1.9876468465098364E-017  -7.5950066414923884E-018  -4.1315967602470752E-018  -1.4741923406699122E-017   2.0407408037694364E-018  -1.8738871762315463E-017   8.0268834604885099E-018  -7.1891818209410423E-017   5.1048926413137254E-019   7.4048926940227798E-018   5.7653320339149744E-019   3.6003295312629108E-018  -7.8338082491814367E-017   1.6665805664911195E-018  -6.8118627777510887E-017   3.8944158907166657E-018   6.3246289835946657E-017   8.5577024454725880E-003   1.2291399216606626E-015   2.7374636760081909E-015   5.4937495708276475E-016  -1.0988569032712985E-003   5.4290529710938166E-016  -2.4690085449386954E-015   2.2146222427144206E-016   6.5299642319383580E-005  -1.4710254410174337E-015  -8.6604400028779444E-016  -5.5880516792572711E-016   5.2846434481598494E-019  -2.4879146008765525E-016   5.1489659715246980E-018  -8.6886572557202518E-019  -2.5162192237550722E-018   8.2866887052531656E-019  -4.7008271157844997E-016   7.1494157920573421E-018  -2.3712282416312727E-016   1.0091833102284076E-017   8.4048646339996400E-016   2.2813361447110613E-017  -2.1999555768646565E-016   1.4711705244484763E-016   1.2053308603879258E-017   3.7627378982092719E-017  -3.4379265287429520E-017   6.3291001334838286E-017   4.3516964534256837E-003   6.7893648419685518E-016   2.9886068963956138E-016  -3.0584128448622134E-015   2.0013349084871577E-015   1.8688750884338214E-016   5.4041742447635924E-016  -4.9031372503139873E-016
   2.5267634708757015E-017  -3.9167712331212682E-018   1.0141159008124597E-004   5.1861987078897007E-017  -1.3830756303366733E-016  -7.3227736662318596E-016   4.0809954497664190E-003   3.4034328598056039E-017  -8.7886061536701534E-018   6.7327321371744737E-018   4.3952798000180203E-017  -2.3858926626956626E-018   5.6035899215549622E-017   1.6376367801306726E-015   1.3303904854805588E-016   8.5134479846992810E-018  -2.6866358834409739E-018   1.2409376083416765E-016   3.4654744277844937E-018   1.1444196752893767E-016   3.6269556479312231E-018  -1.2788021885467259E-017  -3.7554396316880316E-017   3.2184630257417275E-018  -2.5612680573033205E-018   6.2803302441352173E-018  -3.7317004990552548E-018  -7.6996117071745244E-018   3.3350100735535107E-018  -4.1294503403658161E-017  -1.9523452983571150E-016  -1.4889278835890776E-015   8.5577024454779483E-003   4.8984469854526763E-015  -2.9882828982434651E-015   8.0839387173670677E-016  -1.0988569032765886E-003  -2.9180199829126544E-015  -6.7474173416203041E-016  -4.2875961656692952E-015   6.5299642317608850E-005   1.3575810704966255E-015  -4.2976283528802867E-017  -2.9119986774143291E-018   6.5886226717431406E-018  -2.2933603828067348E-016  -5.0961709949842353E-018   2.0364608433816883E-018  -3.8482269888260349E-018  -2.5582918356422650E-018  -2.4899539958646506E-016  -4.0997701508056976E-018  -3.8180800518212284E-016   1.7558754478960349E-015   4.6832279417072187E-017  -2.5078651394231720E-016   2.8776559898190222E-016  -8.9583629319149633E-018   5.2714356336024797E-017   1.0053972369852059E-016  -2.4469543060435176E-016  -7.5165492674533799E-016   4.3516964534281357E-003   1.0137097317229702E-016  -3.4024656750896669E-015   3.9485226205784496E-015  -8.0206305742838248E-016   7.5845227450904927E-016   6.9116186159771848E-016
  -1.4683693756066596E-017   7.1378178772022441E-017   5.1861987078897007E-017   1.0801604163343669E-005   3.4350137528056036E-016   2.5015120639146105E-015   1.1628495175032975E-015  -4.4668237295685208E-017   1.8288492365863408E-017   8.8746074580210743E-018  -2.3082534290267427E-018  -4.0270400379102469E-018   1.9155634886291897E-017   1.3163326843509708E-003   7.9849085620281845E-017  -1.3077368288174152E-017  -4.5528222372285073E-018   1.4595754449852929E-016   9.5720909308755854E-018   1.1546137211164785E-016  -1.2226437371184609E-018  -2.0876362638085911E-018  -1.8300140852586152E-018   1.6690604520170448E-019  -4.8847509693495986E-019   3.9693261801427330E-018  -1.9625254825516671E-018  -4.7187724297044468E-019   1.9092683531269765E-018  -5.0400761625818271E-019   5.3937056284751771E-016   5.2796391035895420E-015   2.6092908506981191E-015   2.9706318690191102E-003   1.7184240580019215E-015   2.3240688517621126E-015  -5.2780853641025325E-015  -1.2139051503637138E-003  -1.0381867783271065E-015  -5.2648422554545970E-016   4.9855148054903993E-015  -1.0849721310328880E-005   7.3609486657229646E-006   3.6405732786805844E-018   2.4443895397721808E-019   1.0730954116425538E-019   7.9106699337375050E-019  -7.3236803228441159E-019  -2.9007721777526486E-018   1.0421796934997522E-018  -6.6051959126377417E-019  -1.6919858344627684E-018  -2.5764172822838537E-018   1.0450764271161177E-003  -3.1631935568633910E-015   1.9857580831342057E-016   2.6812548391233654E-016   1.6719533243952076E-015   1.9963962802864404E-016   1.6321104945931715E-015   4.1601515890091564E-016   2.8153467569503044E-015   1.0335637201196230E-015  -4.4103777743125922E-014   2.6623098837671063E-015   3.5825741326668802E-015   2.2389614848124484E-014   2.7164950248156345E-015   2.1838435692647692E-014
   4.0809954497578703E-003   2.2053873347257762E-018  -1.3830756303366733E-016   3.4350137528056036E-016  0.16552038578325504       -7.0699894698492939E-016  -2.0182016864857454E-015  -9.8196545523185807E-017   1.2211477231585357E-016   2.4963406079610475E-016   1.8054053963056892E-016   3.3146210917762363E-016   3.8149422803562736E-017   5.6090200520471451E-015   3.9285081303076180E-016  -1.8625160030675654E-017  -2.8447261310758199E-016   2.8027008835019533E-016  -3.7214918809719264E-016   1.8598535362628030E-016  -3.5053318635800308E-015  -4.0381673532704791E-017   2.9665582755995117E-017   2.3961065466687493E-015  -2.7857193830930113E-017   3.6175692414511237E-016   3.9511775272542976E-017   2.8966005416612584E-018   1.1472628734982687E-017   6.2640087494961843E-017  0.34684429317044280       -2.6081497120964105E-015  -2.1273130826025556E-015   1.3494623330062421E-014   5.1052386432027409E-003   3.0343928831778014E-015  -8.8173622591495675E-015  -1.0640255966884817E-014  -9.2028878977399160E-005   1.2466753645880590E-015   7.1735565468885634E-015  -6.4126725182061150E-015   7.8306488128877494E-016  -1.3844650969886842E-014   3.7188397548985149E-017  -5.3079985064327429E-017  -1.1170427910117687E-014   2.8674792624413225E-017  -9.6134996081935280E-015  -1.1937011361467021E-016  -1.0943405891932417E-016   1.2961465968306741E-017   4.2117173694181063E-017   5.4584647877085814E-015   1.9529615486767419E-016   5.0428416497612772E-017  -4.9173743125802213E-017   1.6769101913342674E-016   1.0945082740050781E-016   4.7326970561999949E-018  0.17875501083082174       -8.0674044452019852E-016  -2.1120529370395675E-015  -1.9243098743114707E-017   4.2552177446069686E-016  -2.2933950519024212E-015   3.4661951472262042E-016  -4.2911228716724128E-016  -3.7035600725814841E-016
   6.0053837816586259E-016   4.0809954497640572E-003  -7.3227736662318596E-016   2.5015120639146105E-015  -7.0699894698492939E-016  0.16552038578323050        3.1938519464896037E-016  -3.0425499565815272E-016   3.4228675982637830E-016   1.2459629432630048E-016  -6.3513157877592221E-016  -1.0675668163284900E-016  -5.5395215495657110E-016  -2.2592269527798855E-015  -9.1918023894175674E-016  -3.2976950461939963E-016  -1.8532471083611581E-016  -7.0888481335976196E-016   8.3196253926838417E-017  -7.5056972640124992E-016   2.7150393821340089E-016  -2.4237188874755470E-015   3.7082124011722931E-017   3.3497015176020079E-016   2.5429930515978099E-017   1.9587932752745222E-016  -2.1074547739604264E-015   1.1543172841795895E-016  -2.2930075056478195E-015   2.1737820445631615E-016   6.7918133014468279E-016  0.34684429317043824       -2.5769708757888759E-015  -2.7227585566662880E-015  -2.2507221416308820E-015   5.1052386431775986E-003  -1.3936413365388604E-015   4.7689448501208587E-015  -5.5239611783846163E-016  -9.2028878976438611E-005   3.7003189567876830E-015   1.3617152495458648E-015   1.3939624522419187E-015   8.4760963943629565E-017  -9.8742103758565025E-015   2.2751233300169118E-016  -6.3226548284286658E-017  -9.9035097244295395E-017  -2.1632481919079452E-017  -1.8331713251078390E-014   2.7052003441804765E-016  -9.3660308323304421E-015   4.0266000730470636E-016  -3.1052692908486181E-015  -2.3305673613199131E-017   5.1870775362300514E-016  -2.0923524447469673E-016  -1.0893451152237624E-017  -1.0709135687345738E-016  -1.6788837148169276E-017   6.0283788044007132E-016  0.17875501083079842       -5.0103940159518203E-016  -7.4529356947486198E-016   4.9962151341788935E-015  -3.7970200653514197E-015   7.7459378665913022E-016  -6.1379283050233000E-016   3.3807838962389464E-018
   1.1199845499468372E-015   6.2626397044341755E-016   4.0809954497664190E-003   1.1628495175032975E-015  -2.0182016864857454E-015   3.1938519464896037E-016  0.16552038578321512        1.4267435589173820E-015  -9.8904577238107983E-017   7.8956928638612511E-017   1.8236569964672618E-015  -1.1830247432295245E-016   2.1816611133881669E-015  -2.5791502873103520E-014   5.2711326442833227E-015   3.5606474323744009E-016  -1.6144758081660342E-016   4.8225043188014266E-015   1.2895840127775022E-016   4.5802480581156517E-015   1.6008426591173095E-016  -4.5138824087381378E-016  -1.1340832899081211E-015   7.4705872295581279E-017  -7.8576214051102676E-017   1.6375664426166695E-016  -7.9477331010367377E-017   2.0717437520352620E-017   1.9203031269086544E-016  -1.0272146544090899E-015   8.1423583183755317E-017   2.4904074709367229E-015  0.34684429317042242       -1.1734881980248468E-014   6.3816478685825363E-015  -6.8707435825249801E-016   5.1052386431881770E-003   1.2405277153590231E-014   1.3991017054614285E-015   9.6843906417864223E-015  -9.2028878974571751E-005  -7.5341127825156757E-017  -8.6833017587646767E-016  -2.4448102235675917E-016   2.7233483384066649E-016  -9.2157802854655044E-015  -1.9966268704925396E-016   6.0915904223966796E-017  -1.2321068659381303E-016  -3.4123683120743389E-017  -9.9958179795172632E-015  -1.4677618719965705E-016  -1.5066500928876684E-014  -6.5085091648599321E-017   1.7411028389067375E-015   3.1891196480245407E-016  -4.0394978277407964E-016   1.9411744949628430E-015  -6.7479170224542209E-017   1.6967113774714967E-015  -3.2575531897094490E-016   4.0676902722342549E-016  0.17875501083078757        3.1663165632378235E-015   6.0860931355816095E-015  -5.8914665584748677E-015  -6.5258441770821711E-016   5.4107860837128076E-016  -2.9392901837687586E-015
  -2.1591404001623626E-018  -7.0651290622910879E-018   3.4034328598056039E-017  -4.4668237295685208E-017  -9.8196545523185807E-017  -3.0425499565815272E-016   1.4267435589173820E-015   3.2742240576266992E-006   6.2111480039830706E-020   4.3072728103132364E-018  -1.6371120288200299E-006  -4.1884268344835059E-018  -1.6371120288235237E-006   2.7934322125776086E-015   7.4978202384281177E-007  -2.9898101972424842E-018   3.0151709077470727E-018  -3.7489101194484874E-007  -8.2585362095438779E-019  -3.7489101193449620E-007   4.3616762089515665E-019   3.4586771418872688E-018  -8.7062006550839342E-019  -2.9606730326055861E-018  -1.0709150166318176E-018   1.3074772799173882E-018   2.2602538712423291E-018   1.2756398880051092E-020   2.2953835044742813E-018  -1.4873547496583479E-018  -2.1599058567514032E-016  -6.4546542389375368E-016   2.9705475580153953E-015   5.4964556019983915E-015   1.9228457231995091E-015  -1.1641717020102286E-017   1.8242814760585258E-015   8.6172655793107648E-015  -6.9874667456665787E-016   5.6135427576571924E-016  -6.9288347777760439E-016   9.5681165727646459E-016   5.8606500700260623E-016  -1.5196291480120550E-018  -3.2555919991627219E-019  -8.4436937734363221E-019   3.8493379731808893E-018   1.0481394336573406E-018  -2.9899670472054699E-018   1.3459377048208379E-018  -1.1794849527635166E-018   1.9340039497466077E-018   4.1367615297972247E-019   2.7387662263714465E-015   1.8114515123362573E-004  -1.1388731075648744E-016   2.5502230657816084E-016  -9.0572575616817502E-005  -1.7686980336656271E-016  -9.0572575616803720E-005  -1.8319155519583373E-017  -3.2384894849173800E-016   1.6175561433356610E-015   2.4870982685729352E-003  -1.5849653245149595E-015   3.5227429664440615E-015  -1.2435491342865492E-003  -2.4516833968727481E-015  -1.2435491342863883E-003
   4.9373042391413502E-018   3.1667569698046565E-018  -8.7886061536701534E-018   1.8288492365863408E-017   1.2211477231585357E-016   3.4228675982637830E-016  -9.8904577238107983E-017   6.2111480039830706E-020   3.2742240576474384E-006   2.5582604354846041E-018  -1.1065336353393813E-017  -3.4124603001386570E-018   4.7051688960461655E-018   1.9044142691625951E-015  -4.7604271555237753E-018   7.4978202384427926E-007  -2.1900952162198055E-018  -3.7758727656623871E-018   2.5274437329153520E-018  -1.2585241872383319E-017   7.6024279761548943E-019  -2.8389691436059985E-018  -5.2767373737377431E-018  -4.0261494599382556E-019  -2.6431169781126763E-018  -6.3620013776013114E-019   5.8894922557972298E-018   5.8368197348308816E-018   6.2354973086877461E-020   6.1043872839974461E-018   2.6062908010681820E-016   6.7837814175573333E-016  -2.6025957062099933E-016   4.2620709503747185E-015  -1.5772492517953944E-015   1.7039472501770440E-015   2.6245795267956524E-015  -6.4704624463863299E-016   1.4934015176862221E-015   4.8862561275139845E-016   9.8386582942770894E-016  -1.6055051550001781E-015   1.3948937288880341E-015  -4.8397161203591956E-019   4.7861500461735000E-018   7.8146162508452816E-018   2.4846031223372260E-019   2.2506907498102098E-018   2.2387592257445322E-019  -8.9815781581666982E-019  -2.0040812199611997E-018  -9.4154602633439490E-020   2.7685647199197710E-018   1.5459542468422829E-015   1.1675922745607461E-016   1.8114515123419291E-004   3.7679999011046723E-017  -2.4147856594143232E-016  -7.5296155498619947E-017   1.2431698211872813E-016   5.9834065676795964E-017   4.4777010252488951E-016   1.2616529444353343E-017   1.6283045725894271E-015   2.4870982685808473E-003   5.0277351193787610E-016  -3.2844634448008393E-015  -1.0160801680880216E-015   1.6466285289816265E-015
   8.5470823603852090E-018   5.8361325247192365E-018   6.7327321371744737E-018   8.8746074580210743E-018   2.4963406079610475E-016   1.2459629432630048E-016   7.8956928638612511E-017   4.3072728103132364E-018   2.5582604354846041E-018   3.2742240576418585E-006   2.6509403362454412E-018  -1.8814026189409642E-018  -4.5706640223531480E-020   4.7925896599691134E-016  -4.5172286270051375E-018  -2.0608719481902128E-018   7.4978202384683296E-007  -6.2600335024573807E-018  -2.0883553435174083E-018   4.9264574296724054E-018   3.3114349288302875E-019   1.1545420605350161E-018   1.2529208742129290E-018   3.2544345978700325E-019  -2.1353741970519945E-019   6.6716977605619322E-019  -1.9257396494141078E-018  -1.0291896566231742E-017  -6.9378288616153161E-019  -1.0564649745735116E-017   5.3799717711537645E-016   2.8100295727890402E-016   2.2406188897851012E-016   1.2023413790164367E-015  -1.7155091399656409E-015   5.3699750460026645E-017   9.7885198550528055E-016  -3.8565973900401113E-016  -2.0383039315132215E-015   1.0177968300615784E-015   2.2887921781997379E-016  -5.0936166575417918E-016  -4.6262681065826978E-016   1.3558467827539279E-018  -2.2804529636649994E-018  -1.1046782249625143E-017  -7.7112686958350216E-019   5.2836872698884651E-020   2.8026492713322538E-019   1.9497974474967356E-018  -3.4522003103613029E-019  -1.3859215942963273E-018  -8.9915634781534302E-018   3.7941847966561704E-016  -2.2177494735424599E-017   1.0763113331798906E-016   1.8114515123403692E-004  -6.5632391758593978E-017  -1.5890857146325046E-016   7.2097667686309746E-017   1.9408070112587110E-016   1.3778289658970906E-016   1.1961966809616597E-016  -2.4652561734103510E-016   1.4387509090958534E-015   2.4870982685787266E-003  -8.7485023716110059E-016  -2.1650685108490362E-015   1.1362446973279578E-015
   5.2339749874824729E-018  -1.5341636133859012E-017   4.3952798000180203E-017  -2.3082534290267427E-018   1.8054053963056892E-016  -6.3513157877592221E-016   1.8236569964672618E-015  -1.6371120288200299E-006  -1.1065336353393813E-017   2.6509403362454412E-018   3.2742240576543967E-006   5.9128311806124662E-018  -1.6371120288177506E-006  -3.3691535654514952E-015  -3.7489101191472465E-007   2.3888866763967657E-018  -8.8487704188593454E-019   7.4978202386472441E-007   5.1906557635267142E-019  -3.7489101191725262E-007  -7.6131469855971236E-020  -1.6008106494826499E-018   2.1123176640087330E-018   2.0098560545684662E-018  -3.7128729900251950E-019  -8.7440642828824066E-019   8.9614014634589051E-019   1.9235030691216310E-018  -3.6641501455494075E-018   2.0510187796457582E-018   3.9396861256440721E-016  -1.3300715555104173E-015   3.8114215288314253E-015  -7.2849619768912218E-015  -3.3949385444645719E-015  -2.2812706851176505E-016  -5.8451360518291125E-017   1.0567394957410506E-014   5.6044516723566814E-016  -1.1813805243122760E-015  -1.3366507682685274E-015  -2.0221016919032602E-015   3.2394440545604260E-016   1.3858619215395684E-018   3.8428641512674025E-020   1.8685478093040232E-018  -2.0588786107202368E-018  -3.0048965261699013E-019   1.3421837854737658E-018  -9.9128288008821539E-019   9.0336582268233439E-019   1.4297632926183867E-018   2.9753262851537753E-018  -2.2274908665414579E-015  -9.0572575617180141E-005  -3.7495643024194007E-016   2.1258049404711601E-016   1.8114515123439373E-004   2.4114590512503734E-016  -9.0572575617214022E-005   3.9919856362137242E-017  -6.9656888423477662E-016   1.9696233075229713E-015  -1.2435491342914641E-003  -5.1236768555200189E-015   2.8926877391987111E-015   2.4870982685834507E-003   3.3129988548649772E-015  -1.2435491342920042E-003
   1.0105163148095795E-017  -1.4890356013659999E-018  -2.3858926626956626E-018  -4.0270400379102469E-018   3.3146210917762363E-016  -1.0675668163284900E-016  -1.1830247432295245E-016  -4.1884268344835059E-018  -3.4124603001386570E-018  -1.8814026189409642E-018   5.9128311806124662E-018   3.2742240576426543E-006  -2.7079041549904337E-018  -1.0567514723947186E-015  -1.8564409382644901E-018  -3.1914325601211337E-020   2.5956673813201320E-018  -3.8830388157238577E-018   7.4978202384864296E-007   3.3039603451585083E-019   8.8737215348127530E-020  -1.4179372567854954E-018   2.3612545017059878E-018   7.9642375436782530E-020   4.1807230533175609E-018   3.1330843631627957E-019  -9.6904480058368729E-019  -3.5752723456298695E-018  -1.2338892798869841E-018  -2.0864261502562937E-018   7.0497774879517400E-016  -2.1190248293553365E-016  -2.5115102887399765E-016  -2.3308892970221416E-015  -2.0664203073902597E-015  -6.3935337717183949E-016   6.7155609202556192E-016  -4.6501309046898922E-016  -1.1474356711150972E-015  -2.9303175722244164E-017  -4.5385399900027543E-016   1.5081970675633639E-015  -4.5646927043178384E-016   7.4407777041058929E-019  -2.4359826878855410E-018  -3.0234620941345109E-018  -6.7907369614997935E-020  -3.7300869472280728E-018  -5.3383192567038468E-019  -1.0040803915032988E-018   1.1009182677898332E-018  -1.2851039685493890E-019   2.3168736320999576E-018  -9.1959883455062105E-016  -5.2413138152795298E-017  -1.1351929448305676E-016   5.2806977040448818E-017   8.4413542455894926E-017   1.8114515123405933E-004  -3.6314525910229464E-017   2.6489154057116820E-016  -1.4461400551494662E-016  -9.9812203868213209E-017  -7.3176690384687993E-016  -1.5755831806183002E-015   7.4237513786088013E-016   1.1767996686956281E-015   2.4870982685790298E-003  -4.4631947406993824E-016
   8.9900857921530132E-022  -1.2203671153018244E-017   5.6035899215549622E-017   1.9155634886291897E-017   3.8149422803562736E-017  -5.5395215495657110E-016   2.1816611133881669E-015  -1.6371120288235237E-006   4.7051688960461655E-018  -4.5706640223531480E-020  -1.6371120288177506E-006  -2.7079041549904337E-018   3.2742240576415117E-006  -4.3420593188316315E-017  -3.7489101193194668E-007  -8.4130188939435192E-019  -5.4736216173835367E-019  -3.7489101191607053E-007   8.1571188271771209E-020   7.4978202385180324E-007  -3.6003615102344649E-019  -1.8578664924280598E-018  -1.2416975985176562E-018   9.5081697804001691E-019   1.4422023156396143E-018  -4.3307085165262011E-019  -3.1563940176303674E-018  -1.9362594680452677E-018   1.3687666410515477E-018  -5.6366403001034873E-019   7.5324285396590257E-017  -1.1367990800041171E-015   4.6015205096145197E-015   8.8740403545162333E-017   1.2791291349048716E-015  -3.2717214198736426E-015  -1.8124000465753225E-015   1.4407441031559465E-014  -5.1275470161642110E-016  -1.8119200787485970E-016   6.7765248384131245E-016   4.6582562402939769E-015   1.0823463092544730E-015   1.3376722643818579E-019   2.8713055847467098E-019  -1.0241784322865530E-018  -1.7904593624795947E-018  -7.4764978104514768E-019   1.6477832617569140E-018  -3.5465482461122888E-019   2.7611912978759074E-019  -3.3637672423001097E-018  -3.3890024386491882E-018   6.9864301338731351E-016  -9.0572575617378049E-005   1.4040628402998895E-016  -8.5171113338297471E-017  -9.0572575616656919E-005  -1.1868783813860460E-016   1.8114515123403090E-004   9.9834289465658981E-017  -7.4930868826184358E-016   2.2699831244792186E-015  -1.2435491342942737E-003   1.9246433505255705E-015  -1.1646957134630488E-015  -1.2435491342842797E-003  -1.6083812327044273E-015   2.4870982685785731E-003
  -2.3798578444668744E-015   1.1787273945353235E-015   1.6376367801306726E-015   1.3163326843509708E-003   5.6090200520471451E-015  -2.2592269527798855E-015  -2.5791502873103520E-014   2.7934322125776086E-015   1.9044142691625951E-015   4.7925896599691134E-016  -3.3691535654514952E-015  -1.0567514723947186E-015  -4.3420593188316315E-017  0.17457028705092772        9.6327456035476860E-015  -1.6906559427690527E-015  -6.0866112987765360E-016   1.5338621052144810E-014   1.2649286316166382E-015   1.0999978003159588E-014  -9.0147074045286456E-017  -2.1800200307194013E-016  -2.8568384626669327E-016  -3.4426979222359964E-017  -5.1152717237850188E-017   4.4050762292326112E-016  -1.2168974531268633E-016  -1.4405358527227434E-016   2.9487901548033869E-016   5.3212480272551464E-017  -7.8737594221425861E-015   7.8888087229221419E-016  -3.8261952951813506E-014  0.39241543742391999       -1.7389622567660714E-014   8.4134760147029437E-015   3.1199157700202717E-014   7.8000728887834157E-003   2.5121354826122386E-015   8.4979111362575889E-016  -2.1331563923437845E-014   3.4948267203409208E-004   1.7073716571680350E-005   3.7918560479104101E-016   1.5870476520105194E-017   4.7141413565463924E-017   1.7852349708872823E-016  -1.0309203031141723E-016  -3.1011931924902604E-016   1.8518310824711285E-016   1.2903926635878303E-017  -2.1888679837775653E-016  -3.8182458160712046E-016  0.14729262367085927        1.1408124580335664E-014   1.3399161830080554E-015  -9.3470134984147282E-016  -8.4689751773520392E-015  -4.4551388992301221E-016  -5.9465400841714844E-015   1.2902706791712971E-015  -8.9066302291939890E-016  -2.4060952652326601E-014   1.6091915533133727E-013   1.0699624584515131E-014  -2.3132104724487433E-014  -9.7275961899553657E-014  -7.3765742319447937E-015  -6.6607433067862063E-014
   1.2032072906633519E-017  -1.9876468465098364E-017   1.3303904854805588E-016   7.9849085620281845E-017   3.9285081303076180E-016  -9.1918023894175674E-016   5.2711326442833227E-015   7.4978202384281177E-007  -4.7604271555237753E-018  -4.5172286270051375E-018  -3.7489101191472465E-007  -1.8564409382644901E-018  -3.7489101193194668E-007   9.6327456035476860E-015   1.7169658318536406E-007  -1.7780252283639367E-018  -5.6983268788218999E-019  -8.5848291596170057E-008  -3.9459659469534308E-019  -8.5848291597559919E-008   9.9880348921294075E-020   7.9202091897037599E-019  -1.9936793068037851E-019  -6.7798030291201725E-019  -2.4523453936776544E-019   2.9940619330731086E-019   5.1758758464849909E-019   2.9211557700930840E-021   5.2563210674680793E-019  -3.4059729425076372E-019   8.3837842924926495E-016  -1.9073615439093643E-015   1.1066707128495130E-014   2.1770839255545418E-014  -3.1041125520609750E-015  -4.1890832106111282E-015  -4.5707354988693657E-015  -3.0103776095970231E-014  -4.2173041008774138E-016   2.0311905933225765E-016   4.7130044842979229E-016   1.1362632222313178E-014  -1.5095650570012114E-015  -3.4798798071192050E-019  -7.4551536904203107E-020  -1.9335664585471163E-019   8.8148042561490538E-019   2.4001903718003789E-019  -6.8468849554097994E-019   3.0821345106180400E-019  -2.7009654821903090E-019   4.4287787582681721E-019   9.4729907335568785E-020   6.5428722318045755E-015   4.1481393976351134E-005  -2.9023530724105125E-016  -2.4608413739959742E-016  -2.0740696987722357E-005  -9.0145720466737494E-017  -2.0740696988627740E-005   2.8300746482326015E-016  -1.1804207458292060E-015   5.4766323961182817E-015   5.6953389275938670E-004  -3.9897707044900425E-015  -3.3738192019921004E-015  -2.8476694637347496E-004  -1.2430206515722877E-015  -2.8476694638591223E-004
  -1.3623119363437428E-018  -7.5950066414923884E-018   8.5134479846992810E-018  -1.3077368288174152E-017  -1.8625160030675654E-017  -3.2976950461939963E-016   3.5606474323744009E-016  -2.9898101972424842E-018   7.4978202384427926E-007  -2.0608719481902128E-018   2.3888866763967657E-018  -3.1914325601211337E-020  -8.4130188939435192E-019  -1.6906559427690527E-015  -1.7780252283639367E-018   1.7169658318494861E-007  -1.1076038981960164E-018   2.6264030350859996E-019   7.5041011650859224E-019  -3.3213495424501937E-018   1.7409205158053403E-019  -6.5011068048584480E-019  -1.2083482247200869E-018  -9.2196943048869051E-020  -6.0526144888531159E-019  -1.4568686150774820E-019   1.3486662320895139E-018   1.3366044707185415E-018   1.4278997713324300E-020   1.3978761903658050E-018  -4.8210909171075698E-017  -6.8656728982084400E-016   7.4310489692933752E-016  -3.8210197698077979E-015   1.6077319774352561E-015  -2.3803525380218276E-015  -1.2993104694576324E-015   1.5185046248714420E-015  -1.8217936153099948E-015  -9.6225970660206254E-016  -1.1051335097911864E-015   8.5489270330531544E-016  -1.8904654720924360E-015  -1.1082723976827097E-019   1.0960060169739586E-018   1.7895106397469885E-018   5.6896251596834053E-020   5.1539767460445972E-019   5.1266541148364338E-020  -2.0567394686106531E-019  -4.5892524355558497E-019  -2.1560964432196233E-020   6.3398839608782409E-019  -1.3494346302458068E-015  -1.3945964364766435E-016   4.1481393976299452E-005  -1.3779917732564854E-016   2.1705433435630070E-016   2.4224603641797486E-017  -7.7686829064377085E-017   5.3582688432885536E-017  -4.6302851361355125E-016   3.2558756549482871E-016  -1.9089875148299752E-015   5.6953389275870572E-004  -1.8952999105275194E-015   2.9872263412748612E-015   3.3665963382246456E-016  -1.0804212242040876E-015
  -7.6647584126337584E-018  -4.1315967602470752E-018  -2.6866358834409739E-018  -4.5528222372285073E-018  -2.8447261310758199E-016  -1.8532471083611581E-016  -1.6144758081660342E-016   3.0151709077470727E-018  -2.1900952162198055E-018   7.4978202384683296E-007  -8.8487704188593454E-019   2.5956673813201320E-018  -5.4736216173835367E-019  -6.0866112987765360E-016  -5.6983268788218999E-019  -1.1076038981960164E-018   1.7169658318641078E-007  -1.7751634508136571E-018   2.1483070266436603E-019   1.0051891775736928E-018   7.5830313994831551E-020   2.6438474202430723E-019   2.8691303108176158E-019   7.4525033000402029E-020  -4.8899072231129720E-020   1.5277876412161055E-019  -4.4098538960234895E-019  -2.3567962670923917E-018  -1.5887304207477715E-019  -2.4192554718701100E-018  -6.0190554128195347E-016  -3.8526513295873227E-016  -3.2336492290411657E-016  -1.3550976953978254E-015   1.5911638087469685E-015   2.4747904444238076E-016  -1.2203515174688531E-016   1.5738838366680059E-015   2.1404737510748932E-015  -9.3064653780864644E-016  -5.9303440648150749E-016   8.4047143612912853E-016   1.1648807853001215E-015   3.1048258367208453E-019  -5.2221308262736006E-019  -2.5296615644814384E-018  -1.7658445318571316E-019   1.2099397180643061E-020   6.4179359950784336E-020   4.4649451309768061E-019  -7.9053775467105245E-020  -3.1736957505351420E-019  -2.0590260603582188E-018  -4.3194890995038464E-016   1.0716542809989733E-016  -1.2892992124896227E-016   4.1481393976475709E-005  -9.7569947705786728E-017   1.3105058302957164E-016  -1.3193504714011836E-017  -2.3492603024359544E-016  -1.8801519865888459E-016  -1.8171920172420324E-016   1.4846412268472756E-015  -1.7791233474404735E-015   5.6953389276113054E-004  -1.3336055710299068E-015   1.8031365156009919E-015  -1.4763074880547258E-016
   5.2267296984618626E-018  -1.4741923406699122E-017   1.2409376083416765E-016   1.4595754449852929E-016   2.8027008835019533E-016  -7.0888481335976196E-016   4.8225043188014266E-015  -3.7489101194484874E-007  -3.7758727656623871E-018  -6.2600335024573807E-018   7.4978202386472441E-007  -3.8830388157238577E-018  -3.7489101191607053E-007   1.5338621052144810E-014  -8.5848291596170057E-008   2.6264030350859996E-019  -1.7751634508136571E-018   1.7169658319394736E-007  -1.0803963087450444E-018  -8.5848291590278387E-008  -1.7433751162290538E-020  -3.6657816563500790E-019   4.8371088383133969E-019   4.6024765375631116E-019  -8.5023058169485445E-020  -2.0023498992075504E-019   2.0521190981738476E-019   4.4047322313575118E-019  -8.3907327769183463E-019   4.6967372545010427E-019   5.7663501347463217E-016  -1.4648977469694133E-015   1.0144686676650431E-014   3.4878933017662629E-014   2.0510106384410204E-015  -4.0680209282590132E-015  -8.2714152419965769E-015  -3.3337297579636730E-014  -1.1356780810287053E-015   2.2064050752950178E-015  -6.1897583400382760E-017   1.2029970910300853E-014  -1.4142022281518691E-015   3.1735591035993440E-019   8.7999795300059855E-021   4.2788872498742945E-019  -4.7147359023399552E-019  -6.8810727652976553E-020   3.0735382100570018E-019  -2.2699915187306054E-019   2.0686655583849770E-019   3.2740911928434289E-019   6.8133582884223032E-019   1.1204757282228863E-014  -2.0740696989472002E-005  -1.5457435107311980E-016  -3.3123890151307607E-016   4.1481393977388397E-005  -2.3451640903026987E-016  -2.0740696987916494E-005   3.9565326001050894E-016  -9.5035093824532089E-016   4.8271080372877826E-015  -2.8476694639748267E-004  -2.1166918321057361E-015  -4.5538219952608210E-015   5.6953389277362163E-004  -3.2193978562229196E-015  -2.8476694637614297E-004
  -9.7820596187381327E-018   2.0407408037694364E-018   3.4654744277844937E-018   9.5720909308755854E-018  -3.7214918809719264E-016   8.3196253926838417E-017   1.2895840127775022E-016  -8.2585362095438779E-019   2.5274437329153520E-018  -2.0883553435174083E-018   5.1906557635267142E-019   7.4978202384864296E-007   8.1571188271771209E-020   1.2649286316166382E-015  -3.9459659469534308E-019   7.5041011650859224E-019   2.1483070266436603E-019  -1.0803963087450444E-018   1.7169658318719802E-007   2.3633797985598490E-019   2.0320408084473810E-020  -3.2470101232486815E-019   5.4071625762200402E-019   1.8237732180151606E-020   9.5736606196511312E-019   7.1746169285973557E-020  -2.2190673544710705E-019  -8.1872067637823262E-019  -2.8255488481043833E-019  -4.7778184814999267E-019  -7.8550214980320598E-016   1.7495176744125113E-016   2.7073710337279932E-016   2.8419979910858331E-015   1.2325377187345020E-015   2.8870374471923041E-016  -6.7616910256437471E-017   1.2470794558389037E-015   1.5217706601208674E-015   1.7969365895871869E-016   4.4121677274409727E-016  -1.5929877827085270E-015   7.5690426560022706E-016   1.7039033583473049E-019  -5.5782866341098911E-019  -6.9235870485275949E-019  -1.5550470589944953E-020  -8.5417249741713813E-019  -1.2224501881811615E-019  -2.2992972222263558E-019   2.5210514379979899E-019  -2.9428280952266272E-020   5.3055324567155824E-019   1.1269067568297633E-015  -4.6288894730169085E-018   1.5706715621561772E-016  -7.9609249644178730E-017  -2.6862704041209748E-017   4.1481393976570895E-005   3.0503679714344012E-017  -3.4581924825366475E-016   1.0266319898626083E-016   1.3520847465062764E-016  -6.6334419117319365E-017   2.1526226260347068E-015  -1.0890527877216436E-015  -3.6474211473179632E-016   5.6953389276243646E-004   4.3078189211474802E-016
   4.8237949865702184E-018  -1.8738871762315463E-017   1.1444196752893767E-016   1.1546137211164785E-016   1.8598535362628030E-016  -7.5056972640124992E-016   4.5802480581156517E-015  -3.7489101193449620E-007  -1.2585241872383319E-017   4.9264574296724054E-018  -3.7489101191725262E-007   3.3039603451585083E-019   7.4978202385180324E-007   1.0999978003159588E-014  -8.5848291597559919E-008  -3.3213495424501937E-018   1.0051891775736928E-018  -8.5848291590278387E-008   2.3633797985598490E-019   1.7169658318870528E-007  -8.2446597829138659E-020  -4.2544275353853260E-019  -2.8434295334106868E-019   2.1773264920090516E-019   3.3025759752772226E-019  -9.9171203234760728E-020  -7.2279949481540244E-019  -4.4339437900556050E-019   3.1344117087865650E-019  -1.2907643157004403E-019   3.9213344606754544E-016  -1.5716598409681179E-015   9.6123358062773310E-015   2.5143140711820819E-014  -3.6296097214731455E-016   1.8327020576297562E-016  -1.9705770950445978E-015  -3.7081915520571830E-014   6.7432838792349125E-016   1.3743054105069746E-015  -2.3817346014743527E-015   9.5504896765787682E-015  -2.9874898542104496E-015   3.0632070404389172E-020   6.5751557476070942E-020  -2.3453208001504496E-019  -4.1000683547912791E-019  -1.7120830955777277E-019   3.7733467440593657E-019  -8.1214299090228300E-020   6.3229991431972475E-020  -7.7028699509846163E-019  -7.7606573768086318E-019   7.3447641599131313E-015  -2.0740696988900309E-005  -7.2373128932252615E-016   2.5362958299441154E-016  -2.0740696987854321E-005   2.5406713548222208E-017   4.1481393976753692E-005   1.8398619186296359E-016  -8.0249166504126654E-016   4.8513538134673540E-015  -2.8476694638965457E-004  -9.9374455959834269E-015   3.4833741191353833E-015  -2.8476694637527198E-004   3.5368235921734918E-016   5.6953389276493099E-004
  -1.0378048264131597E-016   8.0268834604885099E-018   3.6269556479312231E-018  -1.2226437371184609E-018  -3.5053318635800308E-015   2.7150393821340089E-016   1.6008426591173095E-016   4.3616762089515665E-019   7.6024279761548943E-019   3.3114349288302875E-019  -7.6131469855971236E-020   8.8737215348127530E-020  -3.6003615102344649E-019  -9.0147074045286456E-017   9.9880348921294075E-020   1.7409205158053403E-019   7.5830313994831551E-020  -1.7433751162290538E-020   2.0320408084473810E-020  -8.2446597829138659E-020   4.6050224158268439E-028  -5.0566206474286439E-030   1.1895999425920195E-029   1.6953778744522447E-028  -4.2581786515902180E-030   2.0258569615527555E-028  -6.5783783839350598E-029   5.3359775931707164E-030  -3.1787021567205146E-030   5.1383453844295343E-029  -7.4781995689704300E-015   5.7913873828223093E-016   3.3299768577881433E-016  -2.0981339264608566E-016   2.6628085469369140E-014  -2.0680517534275985E-015   5.2246763541892934E-016   7.6849847123635324E-016  -3.1268192125153666E-015  -2.0169584682046633E-016   4.1079028626245420E-016   1.3523848221769711E-015  -5.3758301563383879E-016   5.3861773158325124E-028  -3.3688171748691855E-029   1.0070423309139272E-029   2.9471898648819844E-028   4.5164197633147245E-030   2.7653285511208908E-028  -3.8198457390910374E-029   2.7017938881143590E-029  -3.9508400189676979E-029   1.0818216718921512E-029  -3.6104087347745711E-017   2.4130801146608372E-017   4.2060132150264817E-017   1.8320382798256127E-017  -4.2119434618044746E-018   4.9093513508221820E-018  -1.9918857684885834E-017  -2.5711247072119252E-015   1.9905081007460600E-016   1.9622409295993508E-016   3.3131261500690246E-016   5.7747988910829243E-016   2.5153636201041409E-016  -5.7829410391487412E-017   6.7404725775435339E-017  -2.7348320461548028E-016
  -1.7931909589635705E-018  -7.1891818209410423E-017  -1.2788021885467259E-017  -2.0876362638085911E-018  -4.0381673532704791E-017  -2.4237188874755470E-015  -4.5138824087381378E-016   3.4586771418872688E-018  -2.8389691436059985E-018   1.1545420605350161E-018  -1.6008106494826499E-018  -1.4179372567854954E-018  -1.8578664924280598E-018  -2.1800200307194013E-016   7.9202091897037599E-019  -6.5011068048584480E-019   2.6438474202430723E-019  -3.6657816563500790E-019  -3.2470101232486815E-019  -4.2544275353853260E-019  -5.0566206474286439E-030   2.4871078955325295E-028   4.1580523205828771E-029   1.2703903551918786E-029   4.8891239235455738E-031   2.0325058966416528E-029   4.7022185317508139E-028   3.0464501757009294E-029   2.2582439499039795E-028   6.9401057223124053E-029  -9.0729273103993834E-017  -5.1717039903088691E-015  -9.5854615568019144E-016  -4.9592943266395415E-016   1.2487221667663340E-015   1.8477088055440022E-014   2.4252411996784005E-015   6.2143030815454389E-016   2.6240991104609575E-016  -4.8819838247084834E-015  -2.5213906990708240E-015  -8.9113344505792149E-017  -2.8118824333583361E-015   2.8887563177084441E-029   2.3505655398288994E-028   2.0469801214473661E-029  -1.0839406982760121E-030   2.8633701138225698E-030  -1.2674285240649951E-029   5.8129408593657059E-028   2.7429594039110329E-029   2.5323781919886300E-028   4.8452013763173692E-029  -1.5129145808327064E-016   1.9134994518003199E-016  -1.5706484523209335E-016   6.3874582948767787E-017  -8.8564216160926544E-017  -7.8446818024248661E-017  -1.0278572901923189E-016   1.3022639495017216E-017  -1.7738296850230532E-015  -3.7588106095919827E-016   2.6272087003592948E-015  -2.1564789450348109E-015   8.7698932914203153E-016  -1.2159746323389681E-015  -1.0770641331247384E-015  -1.4112340680202286E-015
