   1.8521000564245563E-002  -6.9329529635025635E-018   1.3731914318261762E-016   1.3657935433247469E-016  -2.3972990179066865E-018  -1.7598409613449595E-016  -1.5504197305426345E-016   8.6773077571995622E-002   8.4063666976777639E-015  -3.2654021522830182E-018  -4.9248478588643853E-018  -1.2307263809295704E-014   3.2158175940341922E-018  -5.2038842035088885E-015   3.3613869042248220E-017   7.4026197018296274E-017   8.2162463493227711E-017  -2.8672368068357760E-018  -7.8802963352752879E-018   5.4958484014852843E-018  -8.9443411569096197E-018   8.6610282826007936E-020  -8.9020897119669648E-018  -1.7780502740616897E-017   4.9568222039688168E-018  -9.4405155732966852E-018   5.3048089028693239E-018  -5.5262313235547836E-015  -5.4689190463506967E-018   8.9399591255919873E-018   3.6479330750000224E-015   7.4762976948127270E-018  -9.5687110760070116E-016   4.6389881104332058E-002  -9.1904658413472732E-018   5.9013239861954651E-019  -2.1384891289410080E-018  -1.3009095034818812E-018   9.0842617109981368E-021  -1.2804494882075075E-018  -4.4231637207847868E-018  -2.1969269747043921E-018   1.0362306883936057E-018  -4.5010404685176402E-018   5.3495875842643188E-018  -1.5165444888240343E-017  -7.5827983674440653E-018   1.3806440598710243E-015   9.5963936229834249E-019  -1.1219201305331979E-018  -6.1821186161755451E-017  -2.0551078133833028E-018   7.7663040575916393E-016   2.9684688425515349E-002   2.8222933976329839E-004
  -6.9329529635025635E-018   8.3120384731490911E-030   7.5169284863953033E-030   6.9690361253055630E-031  -1.0902259108097368E-029  -9.5541440348973860E-030  -3.7733367081860362E-030  -1.3584403200418122E-017   3.3304260945721379E-029  -8.4760666002166581E-031  -4.6890656861541409E-031   3.6053210757382460E-029  -7.8627057788658997E-031   3.8420017586680651E-029   6.0648122157601001E-030   3.3372008816199670E-030   2.6192469033606637E-030   3.0636617124292903E-032   1.2311759918864483E-032   1.9773850589668513E-031  -4.0503364724819922E-031   3.8911833132759838E-033  -4.0386204360866553E-031  -4.8041871802905529E-032   1.7359688115505909E-031  -6.0579751235202235E-031   4.6298233686883494E-031   6.7237336539763385E-030   1.5321386721658243E-030   7.7883738153080487E-031   1.1696946754199466E-029   1.2846084926114592E-030   1.4711858271397437E-029  -3.3216311991459670E-017  -3.3521768630878434E-031   1.5631089033460060E-031   2.4093605477962861E-031  -3.8462360577019139E-031   2.5284677296967671E-033  -3.8121717011719836E-031  -7.3110851163224898E-032   2.2494814022744559E-031   4.7991128015977693E-031  -1.1182502226240142E-030  -1.9061454542833041E-030   9.4375185271820328E-031  -1.6579531541332779E-030   4.2596356353631239E-030  -1.3652893322850991E-030  -9.0807757184508853E-032   7.8911988853359117E-031  -3.1481493740383233E-031   1.7435032702186143E-030  -1.0782708074604960E-017  -4.0744989853055933E-015
   1.3731914318261762E-016   7.5169284863953033E-030   7.9114351143595461E-030   1.6939452806649433E-030  -9.9484873514227319E-030  -1.0066806927293241E-029  -4.6391749060033195E-030   6.6056828937743158E-016   9.5526795709821924E-029  -7.9733313222895620E-031  -4.6527828643174402E-031  -6.2607429769002043E-029  -6.9120451694866655E-031  -5.3637064352649830E-030   5.7845784660655094E-030   3.6136454809952303E-030   3.0228234464257798E-030   5.6682165677803196E-033  -4.9899457061450774E-032   2.2272368720007506E-031  -4.3827404358028425E-031   4.2158105796176860E-033  -4.3687926658146254E-031  -1.8164811365939634E-031   1.9655498661051614E-031  -6.2497987319765362E-031   4.6282909938894385E-031  -3.6732886629747403E-029   1.3530760535838327E-030   7.7870455616264316E-031   3.8944095191161064E-029   1.2280154080095630E-030   5.9790093874996823E-030   3.2950824812145651E-016  -3.7659365103633247E-031   1.4694623935476252E-031   2.0286279734707184E-031  -3.6040814385056074E-031   2.3734059494507197E-033  -3.5714685414014429E-031  -1.0089260117747430E-031   1.8784763514509329E-031   4.4514455862868260E-031  -1.0534208263453453E-030  -1.6946509251392487E-030   7.4196862181936106E-031  -1.5688877078215715E-030   1.4586869926112233E-029  -1.2360781548485735E-030  -9.1409386404234493E-032   2.3930433175310102E-031  -3.0267459749276429E-031   7.6109127466519168E-030   2.2038918873204566E-016  -3.7089091339055958E-015
   1.3657935433247469E-016   6.9690361253055630E-031   1.6939452806649433E-030   1.0745154703790727E-030  -9.9919783834967758E-031  -2.1637684138685882E-030  -1.4882318355584263E-030   6.4159158926232419E-016   6.5272420413204602E-029  -1.0049297728214021E-031  -7.8694958893463316E-032  -8.7926575010840637E-029  -4.6958565824615463E-032  -3.5091714468090536E-029   7.9497537298412568E-031   8.4880577570737275E-031   8.4444783665916708E-031  -1.8482517532817549E-032  -5.7268867513314368E-032   5.8513948562890350E-032  -1.0272140130634509E-031   9.9189899112653712E-034  -1.0230293321757758E-031  -1.3604267148874681E-031   5.2347578114541906E-032  -1.2447014027167565E-031   8.0976399466074994E-032  -4.0333009914045194E-029   9.7411831833475540E-032   1.3633934441274399E-031   2.8076845749236262E-029   1.7102686641306280E-031  -5.7641110527168706E-030   3.4066579757939943E-016  -9.8259748046299694E-032   1.8443051868258682E-032   5.8475302361257329E-033  -4.4261557573975305E-032   2.9491283675942941E-034  -4.3803337152445754E-032  -3.9348327189302324E-032   3.9753655663291932E-033   5.0878765990409457E-032  -1.3401034195565552E-031  -1.3196452250307731E-031  -2.7387492896231920E-032  -2.0542490151891388E-031   1.0611262717886506E-029  -1.1579650852680132E-031  -1.6485836483723392E-032  -3.8693318096650083E-031  -4.3564367410659972E-032   5.9102266813303006E-030   2.1893333120994818E-016  -3.6470210913924084E-016
  -2.3972990179066865E-018  -1.0902259108097368E-029  -9.9484873514227319E-030  -9.9919783834967758E-031   1.4306782776423027E-029   1.2645596076969413E-029   5.0473681681295587E-030  -3.6027542325361210E-017  -4.8916937524446494E-029   1.1142055094041153E-030   6.1832767496575252E-031  -3.9668872059426601E-029   1.0297016501593622E-030  -4.7182879105526042E-029  -7.9787464115914220E-030  -4.4248175640644044E-030  -3.4878105633368645E-030  -3.8420109973411864E-032  -1.1264172067039004E-032  -2.6287146395106544E-031   5.3701196754341859E-031  -5.1595301138408950E-033   5.3544843739256368E-031   7.4072429502863322E-032  -2.3085973728041627E-031   8.0075028299684574E-031  -6.1079005834777843E-031  -5.3928517212123045E-030  -2.0069870386520875E-030  -1.0274922418873132E-030  -1.7611978314920383E-029  -1.6902266047027476E-030  -1.8710180889438747E-029   1.4794470041808400E-017   4.4555636959565255E-031  -2.0546808108426326E-031  -3.1481477287714250E-031   5.0548754139344657E-031  -3.3233425205984448E-033   5.0100512176202637E-031   9.8676760878059746E-032  -2.9380011667294614E-031  -6.3035408959704797E-031   1.4700947196549363E-030   2.4978105180261010E-030  -1.2289231474095432E-030   2.1801733259630085E-030  -6.4460808206830686E-030   1.7908557748528075E-030   1.1984880403134527E-031  -9.9706930363523707E-031   4.1435682759010232E-031  -2.7697052613972349E-030  -4.2741692289017563E-018   5.3461397099121869E-015
  -1.7598409613449595E-016  -9.5541440348973860E-030  -1.0066806927293241E-029  -2.1637684138685882E-030   1.2645596076969413E-029   1.2809480360141141E-029   5.9088512366600149E-030  -8.4638410820968709E-016  -1.2207629724704514E-028   1.0137348863271569E-030   5.9179268375594804E-031   8.0536006152108450E-029   8.7833234124917986E-031   7.2221457828100484E-030  -7.3553244476675546E-030  -4.5990165615405310E-030  -3.8486616317069247E-030  -6.9819900710306321E-033   6.4039021551978463E-032  -2.8352864838404405E-031   5.5778025496633297E-031  -5.3653997316742674E-033   5.5600408629134346E-031   2.3227260441412667E-031  -2.5022402068677452E-031   7.9513848204991379E-031  -5.8870907696262192E-031   4.7120205948239780E-029  -1.7194546765624975E-030  -9.9049728957771291E-031  -4.9784883662731571E-029  -1.5614974901696843E-030  -7.5254917892073177E-030  -4.2243921356582559E-016   4.7939813205332435E-031  -1.8682756305147104E-031  -2.5769042366240236E-031   4.5821181136532167E-031  -3.0175154124870709E-033   4.5406483292248385E-031   1.2858717311168738E-031  -2.3860027950563952E-031  -5.6589874157490226E-031   1.3393410813423510E-030   2.1536359068273045E-030  -9.4192940313566391E-031   1.9947846923419211E-030  -1.8648496689824295E-029   1.5710903911802372E-030   1.1627662301654310E-031  -2.9937284233989974E-031   3.8488596293370829E-031  -9.7344978782506008E-030  -2.8244103336446683E-016   4.7143305294830667E-015
  -1.5504197305426345E-016  -3.7733367081860362E-030  -4.6391749060033195E-030  -1.4882318355584263E-030   5.0473681681295587E-030   5.9088512366600149E-030   3.0644739686719601E-030  -7.3510326949547479E-016  -8.7177985450688339E-029   4.1871888179810507E-031   2.5828319800588040E-031   8.8526441934562447E-029   3.3506375788365712E-031   2.6745690520547807E-029  -3.0835922726197935E-030  -2.1711996030760393E-030  -1.9096747677754968E-030   1.0370798291468481E-032   6.1650436779878521E-032  -1.3812970286270684E-031   2.6317376281119190E-031  -2.5341487058685387E-033   2.6227256652122907E-031   1.7406350855933274E-031  -1.2239302049869171E-031   3.5998248984659734E-031  -2.5879790319761501E-031   4.4114475166800476E-029  -6.5972366856170501E-031  -4.3549223999751909E-031  -3.6560308075658341E-029  -6.5619140660227991E-031   1.3918190106238179E-030  -3.8102761419170002E-016   2.3308538041796542E-031  -7.7114806111065553E-032  -9.2821700191452283E-032   1.8845945076590307E-031  -1.2434563413824527E-033   1.8671398361271773E-031   7.1500811515670581E-032  -8.4950608112138403E-032  -2.3013397877265565E-031   5.5406599467347256E-031   8.3319274466483765E-031  -3.0558173110321939E-031   8.2924556476501866E-031  -1.3759928921082230E-029   6.2131778918409958E-031   5.1455642692310844E-032   1.6433165864467045E-031   1.6271528125959621E-031  -7.4392365397246671E-030  -2.4864658009137699E-016   1.8762858421273692E-015
   8.6773077571995622E-002  -1.3584403200418122E-017   6.6056828937743158E-016   6.4159158926232419E-016  -3.6027542325361210E-017  -8.4638410820968709E-016  -7.3510326949547479E-016  0.40658510466226033        3.9467718685127850E-014  -1.7229198544168207E-017  -2.4144072408809100E-017  -5.7589471249969534E-014   1.3281090020678899E-017  -2.4297868215372482E-014   1.7130613702363914E-016   3.5447395258519500E-016   3.9096748150268712E-016  -1.3366110669428532E-017  -3.6898829227626707E-017   2.6203074281673229E-017  -4.2834036032098158E-017   4.1470245988221951E-019  -4.2633382592037366E-017  -8.3428150844218326E-017   2.3622311157503103E-017  -4.5615670576966080E-017   2.5911085423685843E-017  -2.5880460557303618E-014  -2.2142804686708740E-017   4.3663604858918989E-017   1.7120704415040605E-014   3.7955154529279513E-017  -4.4504112157215358E-015  0.21730602934667595       -4.3828593639093271E-017   3.1208240178437935E-018  -9.4729591463987670E-018  -6.9707317041889018E-018   4.8318804412550492E-020  -6.8671097941159111E-018  -2.0893078851459218E-017  -9.7831567600698137E-018   5.9471576705522725E-018  -2.3634858514809773E-017   2.0733056427769600E-017  -6.8918536258694577E-017  -3.9303272307784070E-017   6.4793432535045046E-015   1.3919055193854335E-018  -5.4637981785119509E-018  -2.8789758202515725E-016  -1.0346123428109250E-017   3.6432314918391838E-015  0.13907702372907249       -7.9436904947375632E-003
   8.4063666976777639E-015   3.3304260945721379E-029   9.5526795709821924E-029   6.5272420413204602E-029  -4.8916937524446494E-029  -1.2207629724704514E-028  -8.7177985450688339E-029   3.9467718685127850E-014   3.9754062016037266E-027  -5.2056660652000162E-030  -4.3003425601140777E-030  -5.4481122854861565E-027  -1.9842453921420049E-030  -2.2019625652679836E-027   4.1916452748136560E-029   4.8360075356616768E-029   4.8916901847213198E-029  -1.1717045939181624E-030  -3.5356643165767907E-030   3.3709154641253642E-030  -5.8511312369181159E-030   5.6522594601463402E-032  -5.8267451756873674E-030  -8.3102093006767165E-030   3.0194735418246039E-030  -6.9578413597303888E-030   4.4474365187430033E-030  -2.4878417439906692E-027   4.2297986346754645E-030   7.4888988481170666E-030   1.7130358096571233E-027   9.0408290589960396E-030  -3.7134228122789447E-028   2.0986042395437210E-014  -5.6569857233621304E-030   9.5450860310534520E-031   8.2778140303953775E-032  -2.2798240837767185E-030   1.5229730564846656E-032  -2.2555610333585408E-030  -2.3355769709628918E-030  -1.3975899036876022E-032   2.5772544163818391E-030  -6.9557615705819529E-030  -5.9248115488359078E-030  -2.7682863769581047E-030  -1.0727092704859256E-029   6.4760366710699496E-028  -5.5519709222613486E-030  -9.0940882865204406E-031  -2.4699468213525386E-029  -2.3171508174205599E-030   3.6142281473564302E-028   1.3474818311144713E-014  -1.7745030123851558E-014
  -3.2654021522830182E-018  -8.4760666002166581E-031  -7.9733313222895620E-031  -1.0049297728214021E-031   1.1142055094041153E-030   1.0137348863271569E-030   4.1871888179810507E-031  -1.7229198544168207E-017  -5.2056660652000162E-030   8.7285577002080878E-032   4.8956508653671550E-032  -1.0424367325292886E-030   7.9629428986528232E-032  -2.8082181826104446E-030  -6.2674644706401093E-031  -3.5678492367566522E-031  -2.8518986060487125E-031  -2.5144456611733649E-033   4.3301656316866346E-034  -2.1378565338679622E-032   4.3294109874924138E-032  -4.1607539420436897E-034   4.3165362924729620E-032   8.7223372665650659E-033  -1.8796795817482548E-032   6.3909059178948816E-032  -4.8432853959821038E-032   4.9878960202686313E-031  -1.5533819767630950E-031  -8.1478092372864716E-032  -1.9775223560890141E-030  -1.3282976640347094E-031  -1.2975570765610133E-030  -6.5596719790445699E-018   3.6215051988632367E-032  -1.6094132703269716E-032  -2.4153373749607082E-032   3.9569303571862261E-032  -2.6023786978950162E-034   3.9216938602177919E-032   8.4174189961911863E-033  -2.2507633369822938E-032  -4.9246375624352984E-032   1.1519754980365073E-031   1.9356946430492063E-031  -9.3152755198145044E-032   1.7099064306662006E-031  -7.3134432745478999E-031   1.3926159979865244E-031   9.5169282898473186E-033  -6.7346904585770511E-032   3.2599996155964734E-032  -3.4472640912178209E-031  -5.2672730278610570E-018   4.1615901605142184E-016
  -4.9248478588643853E-018  -4.6890656861541409E-031  -4.6527828643174402E-031  -7.8694958893463316E-032   6.1832767496575252E-031   5.9179268375594804E-031   2.5828319800588040E-031  -2.4144072408809100E-017  -4.3003425601140777E-030   4.8956508653671550E-032   2.7978679516189847E-032   1.4910713437671896E-030   4.3620829882732380E-032  -6.8248524203552035E-031  -3.5323727100380545E-031  -2.1031438052080192E-031  -1.7197657532721132E-031  -9.1241814692246487E-034   1.5650429753212816E-033  -1.2780293662023019E-032   2.5514171841737298E-032  -2.4531187899630977E-034   2.5435666727471019E-032   7.8266984029706199E-033  -1.1257850834485091E-032   3.7030389004530184E-032  -2.7752149122782606E-032   1.2057359854384716E-030  -8.5229169361595089E-032  -4.6689800466138218E-032  -1.7100286588744565E-030  -7.4922722759961512E-032  -5.5873244952451213E-031  -1.1437344400299515E-017   2.1629594134705506E-032  -9.0248250333093298E-033  -1.3035623347997409E-032   2.2163366460501718E-032  -1.4585202776843786E-034   2.1964509299243832E-032   5.4118537110890132E-033  -1.2113091017945121E-032  -2.7485651289063470E-032   6.4643889457452696E-032   1.0645182086572217E-031  -4.9111634445906357E-032   9.6104179644975140E-032  -6.3771926348123412E-031   7.7071422150895138E-032   5.4665969836171009E-033  -2.6955898442026861E-032   1.8425076339418228E-032  -3.2175421703949193E-031  -7.9119876510910221E-018   2.3074920279182810E-016
  -1.2307263809295704E-014   3.6053210757382460E-029  -6.2607429769002043E-029  -8.7926575010840637E-029  -3.9668872059426601E-029   8.0536006152108450E-029   8.8526441934562447E-029  -5.7589471249969534E-014  -5.4481122854861565E-027  -1.0424367325292886E-030   1.4910713437671896E-030   8.2972210602964985E-027  -5.1079263560786903E-030   3.5960223744782459E-027   6.6275877171522860E-031  -3.6456480409095698E-029  -4.4568553130239971E-029   2.0171673785857257E-030   5.2719112762759039E-030  -2.8959020416675877E-030   4.3980639351999059E-030  -4.2704328644704913E-032   4.3744813840620550E-030   1.1608203023258089E-029  -2.6298425279160463E-030   3.9673001344129112E-030  -1.7654380610092912E-030   3.6898150637272143E-027   9.4245894840199061E-030  -2.9805361207587660E-030  -2.3746295305675232E-027  -9.5962640914239590E-032   6.9016391034969463E-028  -3.0886210937930331E-014   4.8254772993839114E-030   2.0023377050042104E-031   2.3298013757122542E-030  -5.9295322779845162E-031   3.5450765685621355E-033  -5.9362868049635509E-031   2.6562598969631125E-030   2.3080460927411138E-030   1.1290646912824387E-030  -1.2473245472698511E-030  -1.0760852956180625E-029   1.3627535583019438E-029  -1.2463030274933540E-030  -8.9936637831586884E-028  -5.8031223530140916E-030   4.0027746692154288E-031   4.3979142166161960E-029   1.7132933649688194E-031  -5.0837508217533881E-028  -1.9724324318643738E-014  -1.5606668774739250E-014
   3.2158175940341922E-018  -7.8627057788658997E-031  -6.9120451694866655E-031  -4.6958565824615463E-032   1.0297016501593622E-030   8.7833234124917986E-031   3.3506375788365712E-031   1.3281090020678899E-017  -1.9842453921420049E-030   7.9629428986528232E-032   4.3620829882732380E-032  -5.1079263560786903E-030   7.4730589019020583E-032  -4.3493931491046019E-030  -5.6834898934272636E-031  -3.0505975775455085E-031  -2.3610331957115391E-031  -3.2909504930455147E-033  -2.2527677298707121E-033  -1.7922228760573412E-032   3.7030434585521456E-032  -3.5565945696058986E-034   3.6925584680652189E-032   2.0805263701447323E-033  -1.5715883634611442E-032   5.5929774138349779E-032  -4.3008579978116986E-032  -1.3993333045904066E-030  -1.4551088744520890E-031  -7.2347594571717775E-032  -6.0073403789674161E-031  -1.2033464987011407E-031  -1.5222612011370882E-030   9.5523212145649787E-018   3.0400271197670064E-032  -1.4686481696002179E-032  -2.3059043492076876E-032   3.6158933505091599E-032  -2.3763073938037807E-034   3.5839926213968462E-032   6.2958632679953382E-033  -2.1556603294301786E-032  -4.5198200956264343E-032   1.0502868160450522E-031   1.8083012595584480E-031  -9.1261453059311319E-032   1.5559310602049318E-031  -2.1155126205592704E-031   1.2912367642257671E-031   8.4242922935078800E-033  -8.3102840634118009E-032   2.9459210478944561E-032  -5.7343670306309414E-032   5.1230817258226868E-018   3.8499307890756960E-016
  -5.2038842035088885E-015   3.8420017586680651E-029  -5.3637064352649830E-030  -3.5091714468090536E-029  -4.7182879105526042E-029   7.2221457828100484E-030   2.6745690520547807E-029  -2.4297868215372482E-014  -2.2019625652679836E-027  -2.8082181826104446E-030  -6.8248524203552035E-031   3.5960223744782459E-027  -4.3493931491046019E-030   1.6222304051701858E-027   1.7230520270922592E-029  -6.0299291757599254E-030  -1.1453889523844901E-029   9.3537372947842323E-031   2.2552349919977359E-030  -6.6723059783558190E-031   7.2062898108745118E-031  -7.1134742900823412E-033   7.1396936116588428E-031   4.7557445261774816E-030  -6.2262803589372065E-031  -2.1973706276823984E-032   5.5034826537330859E-031   1.5731490706849583E-027   8.2525359303511326E-030   9.2130532660927673E-031  -9.6763317665466972E-028   3.5500938618621330E-030   3.3185563609734535E-028  -1.3103836405556109E-014   1.0958170174488689E-030   5.2124319498901191E-031   1.6548657575633758E-030  -1.3248193320118900E-030   8.5605260954572129E-033  -1.3155827821154727E-030   9.1461792812323948E-031   1.6010145247665449E-030   1.8169912658142849E-030  -3.6509851169580269E-030  -9.8608046863444187E-030   8.3784928569067437E-030  -5.1590404312794331E-030  -3.6695750551521511E-028  -6.2606230242455710E-030  -8.5191154746975341E-032   2.0732082590882355E-029  -8.0774357056815261E-031  -2.0928281431152692E-028  -8.3391242216633106E-015  -1.7962744926800231E-014
   3.3613869042248220E-017   6.0648122157601001E-030   5.7845784660655094E-030   7.9497537298412568E-031  -7.9787464115914220E-030  -7.3553244476675546E-030  -3.0835922726197935E-030   1.7130613702363914E-016   4.1916452748136560E-029  -6.2674644706401093E-031  -3.5323727100380545E-031   6.6275877171522860E-031  -5.6834898934272636E-031   1.7230520270922592E-029   4.5059161168566584E-030   2.5953930845788816E-030   2.0872870352125363E-030   1.6418383190875972E-032  -7.4548245157620968E-033   1.5610189519812577E-031  -3.1491708249635559E-031   3.0268512201060607E-033  -3.1397194027216158E-031  -7.2274916928807268E-032   1.3731923868265638E-031  -4.6278893745652573E-031   3.4969800058561151E-031  -6.6249198679102704E-030   1.1091590536344421E-030   5.8830204600340745E-031   1.6174341218680321E-029   9.5515787980204883E-031   8.7614180133808494E-030   7.2599927289262687E-017  -2.6436887390117001E-031   1.1555590356644071E-031   1.7175017660475928E-031  -2.8402478749154593E-031   1.8682553054272339E-033  -2.8149064003052008E-031  -6.2710707785249067E-032   1.5993481154576486E-031   3.5316384915807574E-031  -8.2727170980461488E-031  -1.3829509215197903E-030   6.5856929593362096E-031  -1.2284386837296757E-030   5.9991592688795641E-030  -9.9654655670702276E-031  -6.8758688625762231E-032   4.4802482408185676E-031  -2.3454311790914607E-031   2.8973062467843564E-030   5.4115637435741475E-017  -2.9794343770505035E-015
   7.4026197018296274E-017   3.3372008816199670E-030   3.6136454809952303E-030   8.4880577570737275E-031  -4.4248175640644044E-030  -4.5990165615405310E-030  -2.1711996030760393E-030   3.5447395258519500E-016   4.8360075356616768E-029  -3.5678492367566522E-031  -2.1031438052080192E-031  -3.6456480409095698E-029  -3.0505975775455085E-031  -6.0299291757599254E-030   2.5953930845788816E-030   1.6584952912101321E-030   1.4015126603851984E-030   5.1167776643293239E-034  -2.7705472914980992E-032   1.0287358310618939E-031  -2.0112374752596733E-031   1.9350352333744818E-033  -2.0047402776507188E-031  -9.3216337251199755E-032   9.0861295744310754E-032  -2.8448148467838457E-031   2.0949161603319807E-031  -2.0202592318577578E-029   5.9775231296403174E-031   3.5247748121250183E-031   1.9869999246514261E-029   5.5121766839810473E-031   1.9880255286633308E-030   1.7899578291393964E-016  -1.7387279661121645E-031   6.5746275570486164E-032   8.8695669050443121E-032  -1.6115019776824661E-031   1.0615893468636488E-033  -1.5968588319863015E-031  -4.7955590824876748E-032   8.1978931915011905E-032   1.9863895405317565E-031  -4.7150810031440005E-031  -7.4970149185330121E-031   3.1925924327921932E-031  -7.0284549332848722E-031   7.4524922033720952E-030  -5.4889321547629505E-031  -4.1426868084200415E-032   6.3091344352728277E-032  -1.3600992496020468E-031   3.9278550941037219E-030   1.1877939128543375E-016  -1.6487985289788755E-015
   8.2162463493227711E-017   2.6192469033606637E-030   3.0228234464257798E-030   8.4444783665916708E-031  -3.4878105633368645E-030  -3.8486616317069247E-030  -1.9096747677754968E-030   3.9096748150268712E-016   4.8916901847213198E-029  -2.8518986060487125E-031  -1.7197657532721132E-031  -4.4568553130239971E-029  -2.3610331957115391E-031  -1.1453889523844901E-029   2.0872870352125363E-030   1.4015126603851984E-030   1.2096118892945702E-030  -3.2913979012998087E-033  -3.1972743309491016E-032   8.8098348697730932E-032  -1.6991760149890176E-031   1.6355132689985231E-033  -1.6935148111299255E-031  -9.6321356948900998E-032   7.7943667414381323E-032  -2.3620447898564095E-031   1.7181818575969679E-031  -2.3030767870375106E-029   4.6370740627084198E-031   2.8910910480492767E-031   2.0348695963562269E-029   4.4373909917492767E-031   3.3274492932548489E-031   2.0073860501048425E-016  -1.4877350786502743E-031   5.2538206108538999E-032   6.7096013697849233E-032  -1.2858844888632361E-031   8.4774913448552219E-034  -1.2740888006895580E-031  -4.3466094109480280E-032   6.1731017462715949E-032   1.5777131924704309E-031  -3.7713106372946987E-031  -5.8352724842955214E-031   2.3188918182843003E-031  -5.6328933001377255E-031   7.6480633934937707E-030  -4.3103899986349944E-031  -3.4070890638822007E-032  -2.9968121077922163E-032  -1.0976123958478485E-031   4.0940131203290143E-030   1.3179154257667702E-016  -1.2981314749072414E-015
  -2.8672368068357760E-018   3.0636617124292903E-032   5.6682165677803196E-033  -1.8482517532817549E-032  -3.8420109973411864E-032  -6.9819900710306321E-033   1.0370798291468481E-032  -1.3366110669428532E-017  -1.1717045939181624E-030  -2.5144456611733649E-033  -9.1241814692246487E-034   2.0171673785857257E-030  -3.2909504930455147E-033   9.3537372947842323E-031   1.6418383190875972E-032   5.1167776643293239E-034  -3.2913979012998087E-033   5.4905740403589789E-034   1.2532568548126550E-033  -1.3997939690883864E-034  -6.8266353128904134E-035   5.5125227076300615E-037  -7.0582701060663422E-035   2.5579971368644302E-033  -1.4314164039162517E-034  -7.0639178932760213E-034   8.3302516682122251E-034   8.7207800374830798E-031   6.2904010938940836E-033   1.3988573377877488E-033  -5.1826300275860683E-031   3.4229293320194664E-033   1.9920073328528692E-031  -7.2380147235183720E-018   2.1789956748065168E-034   4.6555019386726281E-034   1.1854135506328415E-033  -1.1687520487518616E-033   7.6015425996116450E-036  -1.1597728037700958E-033   4.1874573667603951E-034   1.1375007074017836E-033   1.5483888537471529E-033  -3.2876973686403735E-033  -7.6027271513993791E-033   5.6852450530866931E-033  -4.7348689448456862E-033  -1.9674390814846966E-031  -5.0047083752337278E-033  -1.5088538170861710E-034   1.2295737178220546E-032  -8.0463382271505613E-034  -1.1299284195351879E-031  -4.5943167376308183E-018  -1.4539563239446452E-017
  -7.8802963352752879E-018   1.2311759918864483E-032  -4.9899457061450774E-032  -5.7268867513314368E-032  -1.1264172067039004E-032   6.4039021551978463E-032   6.1650436779878521E-032  -3.6898829227626707E-017  -3.5356643165767907E-030   4.3301656316866346E-034   1.5650429753212816E-033   5.2719112762759039E-030  -2.2527677298707121E-033   2.2552349919977359E-030  -7.4548245157620968E-033  -2.7705472914980992E-032  -3.1972743309491016E-032   1.2532568548126550E-033   3.3634481428665900E-033  -2.1132656450231508E-033   3.3455208671897836E-033  -3.2430278630491227E-035   3.3288815862712451E-033   7.5036043322516247E-033  -1.9113481132179083E-033   3.3302303680510938E-033  -1.7332227720436696E-033   2.3565399671799146E-030   4.0508060568884012E-033  -2.9225077798743500E-033  -1.5374018309575157E-030  -1.7305347974519621E-033   4.2330027679548254E-031  -1.9755778029275546E-017   3.5287969364876741E-033  -7.4730499436199415E-035   1.1804337745989723E-033   1.1962018154414396E-034  -1.0126025617404870E-036   1.1476140577738760E-034   1.7977265096301555E-033   1.1872602273570930E-033   1.0024046750059004E-034   6.5330974105599934E-034  -4.4214625953769179E-033   7.5094714077346600E-033   1.3551704252415135E-033  -5.8205357324519028E-031  -1.9461212988516706E-033   3.7457061378057808E-034   2.7166613704990892E-032   5.1884840365315448E-034  -3.2814803191129904E-031  -1.2629839973450500E-017  -4.7105469105095010E-018
   5.4958484014852843E-018   1.9773850589668513E-031   2.2272368720007506E-031   5.8513948562890350E-032  -2.6287146395106544E-031  -2.8352864838404405E-031  -1.3812970286270684E-031   2.6203074281673229E-017   3.3709154641253642E-030  -2.1378565338679622E-032  -1.2780293662023019E-032  -2.8959020416675877E-030  -1.7922228760573412E-032  -6.6723059783558190E-031   1.5610189519812577E-031   1.0287358310618939E-031   8.8098348697730932E-032  -1.3997939690883864E-034  -2.1132656450231508E-033   6.4347899984870186E-033  -1.2473412275607439E-032   1.2004118591236116E-034  -1.2432323930934071E-032  -6.5912890364778614E-033   5.6895185556589641E-033  -1.7452362095647313E-032   1.2754016919792605E-032  -1.5279027378532475E-030   3.5167340677949383E-032   2.1459967370874619E-032   1.3965528860242784E-030   3.3173446719656792E-032   6.1187639302127949E-032   1.3384416261274802E-017  -1.0869977145528408E-032   3.9388301139641451E-033   5.1393539084443193E-033  -9.6457880157586129E-033   6.3572936900185509E-035  -9.5576268634338638E-033  -3.1102310997282957E-033   4.7370671526102373E-033   1.1856003104279237E-032  -2.8263813274180754E-032  -4.4196601680673319E-032   1.8055336932642338E-032  -4.2182864573565206E-032   5.2453386212623081E-031  -3.2534196409781458E-032  -2.5264320778475172E-033   7.2934214462265331E-035  -8.1978649207203991E-033   2.7936584803385790E-031   8.8164309381819712E-018  -9.7882686411610553E-017
  -8.9443411569096197E-018  -4.0503364724819922E-031  -4.3827404358028425E-031  -1.0272140130634509E-031   5.3701196754341859E-031   5.5778025496633297E-031   2.6317376281119190E-031  -4.2834036032098158E-017  -5.8511312369181159E-030   4.3294109874924138E-032   2.5514171841737298E-032   4.3980639351999059E-030   3.7030434585521456E-032   7.2062898108745118E-031  -3.1491708249635559E-031  -2.0112374752596733E-031  -1.6991760149890176E-031  -6.8266353128904134E-035   3.3455208671897836E-033  -1.2473412275607439E-032   2.4390107570481865E-032  -2.3465889875449045E-034   2.4311345329868179E-032   1.1274941414031999E-032  -1.1016702660160850E-032   3.4505735993748260E-032  -2.5413499992278322E-032   2.4399982035537008E-030  -7.2557855486281351E-032  -4.2759133461880025E-032  -2.4036728409179136E-030  -6.6882345600969809E-032  -2.4333431265492659E-031  -2.1624015831728687E-017   2.1082271859934076E-032  -7.9780147327398003E-033  -1.0769131966304398E-032   1.9555164507787563E-032  -1.2882004683306222E-034   1.9377492258868554E-032   5.8106078837426433E-033  -9.9540821541520758E-033  -2.4105549382039527E-032   5.7214808369751324E-032   9.0998881393418392E-032  -3.8779452925610947E-032   8.5284398043045668E-032  -9.0150086134715610E-031   6.6618382330008614E-032   5.0253508336156053E-033  -7.7900300317849376E-033   1.6502398101164642E-032  -4.7503303998336470E-031  -1.4351793691037114E-017   2.0010671995683219E-016
   8.6610282826007936E-020   3.8911833132759838E-033   4.2158105796176860E-033   9.9189899112653712E-034  -5.1595301138408950E-033  -5.3653997316742674E-033  -2.5341487058685387E-033   4.1470245988221951E-019   5.6522594601463402E-032  -4.1607539420436897E-034  -2.4531187899630977E-034  -4.2704328644704913E-032  -3.5565945696058986E-034  -7.1134742900823412E-033   3.0268512201060607E-033   1.9350352333744818E-033   1.6355132689985231E-033   5.5125227076300615E-037  -3.2430278630491227E-035   1.2004118591236116E-034  -2.3465889875449045E-034   2.2576896639929951E-036  -2.3390063402447606E-034  -1.0897493766977446E-034   1.0602590678597990E-034  -3.3186479152938166E-034   2.4435852073255174E-034  -2.3644397657840959E-032   6.9691356047432374E-034   4.1114258099720253E-034   2.3226853252589143E-032   6.4285742966380097E-034   2.3029622374556759E-033   2.0944959618899087E-019  -2.0288723167187519E-034   7.6671799226693600E-035   1.0338840741777247E-034  -1.8792736211828470E-034   1.2379941227202453E-036  -1.8621959623586137E-034  -5.5987906325433343E-035   9.5555531859373487E-035   2.3163637496565641E-034  -5.4986619141629735E-034  -8.7409351077354603E-034   3.7202741838398924E-034  -8.1966246691543155E-034   8.7117192760919026E-033  -6.4001351426121686E-034  -4.8322935804217765E-035   7.2588225553253841E-035  -1.5862486125603973E-034   4.5923088481660754E-033   1.3897077001710340E-019  -1.9225523337564533E-018
  -8.9020897119669648E-018  -4.0386204360866553E-031  -4.3687926658146254E-031  -1.0230293321757758E-031   5.3544843739256368E-031   5.5600408629134346E-031   2.6227256652122907E-031  -4.2633382592037366E-017  -5.8267451756873674E-030   4.3165362924729620E-032   2.5435666727471019E-032   4.3744813840620550E-030   3.6925584680652189E-032   7.1396936116588428E-031  -3.1397194027216158E-031  -2.0047402776507188E-031  -1.6935148111299255E-031  -7.0582701060663422E-035   3.3288815862712451E-033  -1.2432323930934071E-032   2.4311345329868179E-032  -2.3390063402447606E-034   2.4232849158585357E-032   1.1226562953244790E-032  -1.0980322653022114E-032   3.4397126143053007E-032  -2.5334954331495727E-032   2.4280565796568105E-030  -7.2351681477258942E-032  -4.2626964891890346E-032  -2.3934842844564170E-030  -6.6681319633978885E-032  -2.4346605598879100E-031  -2.1520453022239467E-017   2.1012911678365135E-032  -7.9543000838483843E-033  -1.0739695067002826E-032   1.9497164470988171E-032  -1.2843751914222772E-034   1.9320026771091187E-032   5.7898332986827433E-033  -9.9270663667033339E-033  -2.4034550697397992E-032   5.7044501525799627E-032   9.0738983197678795E-032  -3.8679998502493662E-032   8.5029772463247035E-032  -8.9766868138810094E-031   6.6425522991118484E-032   5.0097549848208021E-033  -7.8216026609505336E-033   1.6452612849327168E-032  -4.7297064467700752E-031  -1.4284027800436277E-017   1.9952513291707680E-016
  -1.7780502740616897E-017  -4.8041871802905529E-032  -1.8164811365939634E-031  -1.3604267148874681E-031   7.4072429502863322E-032   2.3227260441412667E-031   1.7406350855933274E-031  -8.3428150844218326E-017  -8.3102093006767165E-030   8.7223372665650659E-033   7.8266984029706199E-033   1.1608203023258089E-029   2.0805263701447323E-033   4.7557445261774816E-030  -7.2274916928807268E-032  -9.3216337251199755E-032  -9.6321356948900998E-032   2.5579971368644302E-033   7.5036043322516247E-033  -6.5912890364778614E-033   1.1274941414031999E-032  -1.0897493766977446E-034   1.1226562953244790E-032   1.7429663097721638E-032  -5.9135713877663594E-033   1.3074046267683522E-032  -8.1534074984875831E-033   5.2746415506607431E-030  -4.8216973386583872E-033  -1.3731319455846482E-032  -3.5880680323513082E-030  -1.5651853330326855E-032   8.2412963620661861E-031  -4.4430800929055095E-017   1.1052262473681032E-032  -1.5969221882583720E-033   4.7227584406661550E-034   3.7839210898804587E-033  -2.5387302479133446E-035   3.7418055229152129E-033   4.7384763668063886E-033   6.3376309121015284E-034  -4.1564117780913818E-033   1.1693152407589118E-032   7.3984840368535256E-033   8.3841469364486831E-033   1.8211932151260003E-032  -1.3568852127062739E-030   8.0634999376869807E-033   1.6775785059122865E-033   5.4307361289336567E-032   4.0503021427233675E-033  -7.5896996121173945E-031  -2.8500015944920948E-017   2.6549103990220801E-017
   4.9568222039688168E-018   1.7359688115505909E-031   1.9655498661051614E-031   5.2347578114541906E-032  -2.3085973728041627E-031  -2.5022402068677452E-031  -1.2239302049869171E-031   2.3622311157503103E-017   3.0194735418246039E-030  -1.8796795817482548E-032  -1.1257850834485091E-032  -2.6298425279160463E-030  -1.5715883634611442E-032  -6.2262803589372065E-031   1.3731923868265638E-031   9.0861295744310754E-032   7.7943667414381323E-032  -1.4314164039162517E-034  -1.9113481132179083E-033   5.6895185556589641E-033  -1.1016702660160850E-032   1.0602590678597990E-034  -1.0980322653022114E-032  -5.9135713877663594E-033   5.0312512435450069E-033  -1.5392508836934599E-032   1.1237454878348677E-032  -1.3807076083469017E-030   3.0843939626692714E-032   1.8908292287315331E-032   1.2521173050518712E-030   2.9184264157277986E-032   4.6985337699435687E-032   1.2080745549005874E-017  -9.6103678121897973E-033   3.4630786440595681E-033   4.4980887997735991E-033  -8.4797045811197124E-033   5.5891175619990188E-035  -8.4021408399874266E-033  -2.7624648695067848E-033   4.1444051722585318E-033   1.0418757630765039E-032  -2.4851848180133986E-032  -3.8773904144842031E-032   1.5748514211891584E-032  -3.7096712771119348E-032   4.7035914676568816E-031  -2.8563417320638954E-032  -2.2265189349506421E-033  -3.7186726765339370E-034  -7.2135165034190121E-033   2.5080371390250947E-031   7.9515379444290829E-018  -8.5954531543573951E-017
  -9.4405155732966852E-018  -6.0579751235202235E-031  -6.2497987319765362E-031  -1.2447014027167565E-031   8.0075028299684574E-031   7.9513848204991379E-031   3.5998248984659734E-031  -4.5615670576966080E-017  -6.9578413597303888E-030   6.3909059178948816E-032   3.7030389004530184E-032   3.9673001344129112E-030   5.5929774138349779E-032  -2.1973706276823984E-032  -4.6278893745652573E-031  -2.8448148467838457E-031  -2.3620447898564095E-031  -7.0639178932760213E-034   3.3302303680510938E-033  -1.7452362095647313E-032   3.4505735993748260E-032  -3.3186479152938166E-034   3.4397126143053007E-032   1.3074046267683522E-032  -1.5392508836934599E-032   4.9494277342495035E-032  -3.6800068488873044E-032   2.4754693174015838E-030  -1.0941397599328319E-031  -6.1914405400095342E-032  -2.8172938362651523E-030  -9.8216361165309518E-032  -5.6481881096626619E-031  -2.2483458239863827E-017   2.9518342996997649E-032  -1.1779276571806271E-032  -1.6519107723668483E-032   2.8903252710870529E-032  -1.9029229248369975E-034   2.8642468338092359E-032   7.7372046380109039E-033  -1.5315323139452239E-032  -3.5748519440384741E-032   8.4419095043749907E-032   1.3690398995897515E-031  -6.1058903748374724E-032   1.2565092953232388E-031  -1.0539983360609876E-030   9.9601161567638272E-032   7.2615925423883831E-033  -2.4657721832557717E-032   2.4189315923014948E-032  -5.4503291823945484E-031  -1.5155001073548708E-017   2.9863135626415910E-016
   5.3048089028693239E-018   4.6298233686883494E-031   4.6282909938894385E-031   8.0976399466074994E-032  -6.1079005834777843E-031  -5.8870907696262192E-031  -2.5879790319761501E-031   2.5911085423685843E-017   4.4474365187430033E-030  -4.8432853959821038E-032  -2.7752149122782606E-032  -1.7654380610092912E-030  -4.3008579978116986E-032   5.5034826537330859E-031   3.4969800058561151E-031   2.0949161603319807E-031   1.7181818575969679E-031   8.3302516682122251E-034  -1.7332227720436696E-033   1.2754016919792605E-032  -2.5413499992278322E-032   2.4435852073255174E-034  -2.5334954331495727E-032  -8.1534074984875831E-033   1.1237454878348677E-032  -3.6800068488873044E-032   2.7537437004568313E-032  -1.3223466155995892E-030   8.4052282516171413E-032   4.6328934150108629E-032   1.7757772142855842E-030   7.4180277231358986E-032   5.2911431047622883E-031   1.2400069451289740E-017  -2.1582487847849470E-032   8.9280113898658062E-033   1.2824657212763094E-032  -2.1922081405212901E-032   1.4427663027491224E-034  -2.1725180150036585E-032  -5.4505703692370578E-033   1.1912066193149648E-032   2.7172700754334404E-032  -6.3956938961440913E-032  -1.0501710404258462E-031   4.8147767742311073E-032  -9.5104104981848653E-032   6.6271975720481753E-031  -7.6101968906650357E-032  -5.4261338986597929E-033   2.5154633175512144E-032  -1.8247642638623657E-032   3.3627142320160093E-031   8.5207443622462432E-018  -2.2790830745204929E-016
