   3.6371463786109979E-007  -1.0852419385151539E-018  -6.2429579420324216E-019  -8.8277615487461448E-018  -1.6823488272769518E-006   3.1554189993305088E-019  -9.2000015174456277E-019  -4.4192010614144921E-016   2.1060254868169326E-018  -1.9095438251969382E-018   1.3768663261514417E-018   2.4136113799493661E-018   1.2316490827641951E-018  -4.1110405249994991E-019  -7.4953373385296971E-016   2.3176330794298834E-018  -1.8612182661970218E-019   5.0255703463383730E-019   3.5651592508636235E-018  -8.4543572005799463E-019   2.5643548861413363E-018   3.1552753575094505E-020  -5.9247134174016432E-019   5.0211976181216467E-019   6.7257687027672358E-020   5.6182568183581703E-006  -2.1603769707161464E-018   4.3952400046261970E-018   2.1791509608230100E-015  -1.5414156554031275E-015   3.7198088309994425E-019   2.4393574242351107E-018  -2.5293816062856352E-018  -9.1315611501038023E-019  -1.9398760655343656E-018   1.1604672932637533E-018  -3.0810261087512644E-016  -3.4766270345210720E-018   2.1120307714297515E-020  -5.5149799487077579E-020  -2.6395668843768976E-018   5.5235269534294730E-019  -1.5904545258544156E-018   9.7043056023364505E-019   3.3642273525772533E-019  -9.4881761179115428E-019  -1.5702702414741530E-019  -1.0992657539201744E-007  -6.3342650137765111E-019  -1.5136170707264118E-018  -1.0406128809045115E-018  -8.3477045184249155E-019   1.5380125298173979E-018  -9.9166133479111733E-020   1.0872674401454961E-018   5.3151074483954098E-020   8.5204078287918149E-004  -3.9695251454963089E-016   5.3900494259252114E-016
  -1.0852419385151539E-018   3.6371463786120450E-007  -5.0378237734485255E-019  -1.0474095848252826E-018   3.9342426332774786E-018  -1.6823488272782206E-006   1.3250393492024950E-018  -8.3588893693470605E-017   1.1779834580293209E-018  -1.0866050451911784E-018  -1.9435958291805094E-019   1.1964224487022765E-018  -1.7759188328819341E-019   1.0512774054552801E-018  -1.2306244322415646E-016  -9.9129645491687496E-020   2.0824657792809938E-018   2.3460830162477273E-019  -4.6167605727347463E-019   1.3582549371000152E-019   4.0597110011750029E-019   5.6303208406037598E-018   1.8385631716656537E-019   2.3243185566645285E-018   3.5307360607023920E-019  -1.3161377846218518E-017   5.6182568183538267E-006  -3.0472132803635073E-018  -2.4890974705812175E-015  -7.2878694930320696E-016   1.6170912317235553E-018   1.2012423812888043E-018  -1.2444740466669873E-019   1.5722644958732909E-018  -5.3375325761067146E-019   1.6889696675729145E-018  -1.1086500270392966E-016  -7.2511968712472298E-020  -2.7338029665158730E-019  -2.1852175002962784E-019   1.6340654421530858E-019   1.2904721313663112E-019  -2.2130764037420278E-019  -3.0199791511374783E-018  -2.4949726088477778E-019  -4.2075447617034234E-019  -2.0758778567418084E-019  -6.0584730778641511E-019  -1.0992657538722762E-007   5.5194057734512450E-019   6.5122401352942269E-019  -6.0989850271349353E-019   1.5312912583471596E-019   5.7121527495213262E-019   2.9527957827029303E-019   4.8932349277249727E-019  -2.1460415634327600E-015   8.5204078287930856E-004  -3.3384945333424683E-016
  -6.2429579420324216E-019  -5.0378237734485255E-019   3.6371463786054948E-007   1.7198834063742260E-017   4.2368764831590269E-018   1.0495450238064030E-018  -1.6823488272718251E-006   1.3760151299182134E-015   1.0347168831059751E-018  -6.5214519251414096E-019   3.2774668647064825E-019   1.4450328106016651E-018   7.5311032943341956E-019   1.0565310362100531E-018   2.3390741252175734E-015  -3.2024117576420650E-019   2.6527182983714681E-019   2.8935793004508903E-018   3.3612601360952194E-019  -8.3498329668145360E-019  -4.4105687385765157E-019  -4.7539033129661336E-019   1.8772180641831007E-018   6.4079918028383026E-019   5.6606741445159596E-018  -1.3847383336842257E-017  -4.2069900857298582E-018   5.6182568183435412E-006  -4.4200465349017840E-015   5.1879019186950663E-016   1.1454763459547396E-018   2.5474453540758793E-019  -6.1931048144625173E-019   2.0547501369380828E-018  -9.0324142003001816E-019   2.2181779131174332E-018   1.0371875017246379E-015  -3.7307855652022507E-019  -4.1997700770986146E-019  -3.7523388090638139E-019  -2.5737625368158516E-019   4.4585942710857559E-019   6.0969391576423409E-019   3.2250123019578577E-019   2.5957511788775527E-019  -8.0481901536493468E-019  -2.7829109637283559E-018   4.4417059676474709E-019  -7.1296813172799248E-019  -1.0992657538591112E-007   4.9807407558585284E-019   3.1386097271237698E-019   2.2523787549903249E-019  -4.6184149893478631E-020   5.8827502128899624E-019   4.3068477147337593E-019  -2.0031550858694700E-015  -8.4620264320775273E-016   8.5204078287854203E-004
  -8.8277615487461448E-018  -1.0474095848252826E-018   1.7198834063742260E-017   1.5596805195628520E-005   3.2229248959136790E-017   8.9723286581805694E-018  -5.1037883662436635E-017   1.6811078247525682E-003  -1.4243907194934156E-016   8.1730043270861280E-019  -4.7327121892320808E-018  -1.2703532999050921E-016  -1.1026209092177590E-017  -1.5202687789706640E-016   2.8173535545424383E-003  -1.9097801506018955E-018   3.3752961929630369E-018  -3.4460872438598100E-018  -2.4198929990873523E-018   3.9948033631139687E-018   7.7121985207928780E-019   5.8755432173232444E-018   1.1969758276863964E-018  -7.1735884585859121E-018  -1.0895491716160482E-018  -6.0434919081997897E-017  -4.6667909657616201E-017   6.5063469522689227E-017  -1.9085730473003108E-003   1.7287614850931859E-004   7.0101488467965215E-017   2.8435310904791552E-018   5.2644580765772769E-018   7.8429483360844025E-017   7.8995159562261670E-018   9.9161491818360646E-017   1.3193479603333164E-003  -1.5707465550332128E-019  -3.0372002206224726E-018   5.4578746854274839E-019   8.5165503271112352E-019  -1.0365710063177987E-018  -2.1502551726931827E-018  -1.7879045212709788E-018  -1.2457867138975643E-018   5.1660862386941233E-018  -4.3035538265529796E-019   4.2948613916293230E-018   4.8564278482427917E-018  -2.1480394917907347E-017   1.0497454388857619E-016  -2.1945633577520010E-018  -2.7980468254286298E-018   9.1004214822707818E-017  -1.4194072955296124E-018   8.3545029465116664E-017  -6.8451408682884721E-015  -6.6242474923708907E-015   3.3719754871711271E-015
  -1.6823488272769518E-006   3.9342426332774786E-018   4.2368764831590269E-018   3.2229248959136790E-017   7.7816433049939734E-006   3.5614339855659914E-018  -1.9853361439511306E-018   1.8343336278815800E-015  -9.7413442823266134E-018   8.8325255036313722E-018  -6.3686451079866806E-018  -1.1164071642550335E-017  -5.6969480309858753E-018   1.9015468410041166E-018   3.0595094825567372E-015  -1.0720127504824857E-017   8.6089973881334243E-019  -2.3245592831326466E-018  -1.6490514431908078E-017   3.9105321703265787E-018  -1.1861330247216069E-017  -1.4594611396797283E-019   2.7404546400346571E-018  -2.3225366936251223E-018  -3.1109798482381450E-019  -2.5987042548766516E-005  -6.7749136192766082E-018   5.1120340884161140E-019  -3.7632745060721544E-015   1.5763474041141547E-015  -1.7205840440929740E-018  -1.1283159033974099E-017   1.1699562613404710E-017   4.2237703937216740E-018   8.9728261779811228E-018  -5.3676992530486211E-018   1.3738951907047725E-015   1.6081011885591755E-017  -9.7691215074565798E-020   2.5509339144903235E-019   1.2209220609222060E-017  -2.5548873004323236E-018   7.3565895564212651E-018  -4.4886912568654086E-018  -1.5561111245289392E-018   4.3887213500175376E-018   7.2632278831607619E-019   5.0846137588764664E-007   3.2579665444276109E-018   6.5934021592040295E-018   4.8133170281604406E-018   3.8612003601555263E-018  -7.1140210113356830E-018   4.5868934313633552E-019  -5.0291159949538921E-018  -2.4584836173273676E-019  -3.9410836481548047E-003  -7.0682188942939913E-016   6.6754333053888557E-016
   3.1554189993305088E-019  -1.6823488272782206E-006   1.0495450238064030E-018   8.9723286581805694E-018   3.5614339855659914E-018   7.7816433050034720E-006  -2.0517315536344241E-019   1.0029535600917643E-016  -5.4487196359665278E-018   5.0260521112186079E-018   8.9900318092715805E-019  -5.5340085166162453E-018   8.2144479621044774E-019  -4.8626453987099339E-018   1.4679971563246252E-016   4.5852056935983099E-019  -9.6323697122041967E-018  -1.0851721652904719E-018   2.1354658093578670E-018  -6.2825588047200303E-019  -1.8778045564028223E-018  -2.6042844244846649E-017  -8.5042070726458482E-019  -1.0751050936599011E-017  -1.6331291218281702E-018  -1.1787825000335314E-017  -2.5987042548758547E-005  -5.6877693721398246E-018   4.8268851339880988E-015  -3.3238858404305721E-016  -7.4797966703568562E-018  -5.5563029393972473E-018   5.7562694353699582E-019  -7.2724522342420653E-018   2.4688562777901978E-018  -7.8122677608054388E-018   1.6321184733122312E-016   3.3540147369333650E-019   1.2645106179264598E-018   1.0107644060191834E-018  -7.5583102629932666E-019  -5.9690319027329122E-019   1.0236504404846753E-018   1.3968803711583911E-017   1.1540405047316305E-018   1.9461845245717110E-018   9.6018975162283123E-019   4.2240908816731733E-018   5.0846137586572871E-007  -2.1659166574423962E-018  -3.0122129861697598E-018   2.8210633392046448E-018  -7.0829320148664393E-019  -2.6421354762186902E-018  -1.3658049484866899E-018  -2.2633480165649344E-018  -1.0936711538028470E-015  -3.9410836481572308E-003  -1.4559273988879413E-015
  -9.2000015174456277E-019   1.3250393492024950E-018  -1.6823488272718251E-006  -5.1037883662436635E-017  -1.9853361439511306E-018  -2.0517315536344241E-019   7.7816433049583218E-006  -4.7103361169120827E-015  -4.7860453052184403E-018   3.0164738661685014E-018  -1.5159803764694668E-018  -6.6839467025638904E-018  -3.4834844343671053E-018  -4.8869458769203920E-018  -7.9355407707125451E-015   1.4812639096989052E-018  -1.2270051996155499E-018  -1.3384145800049425E-017  -1.5547386493902383E-018   3.8621848662337004E-018   2.0400925264973612E-018   2.1989006850485799E-018  -8.6830038718998515E-018  -2.9639932993059278E-018  -2.6183242347950930E-017   5.2341325641120647E-018   3.9322642240545979E-018  -2.5987042548658980E-005   5.4551157154318021E-015  -3.7140940985600863E-015  -5.2983591710236609E-018  -1.1783115822006950E-018   2.8645981044930339E-018  -9.5041720162858613E-018   4.1779103328919184E-018  -1.0260101250289473E-017  -3.7357888849272159E-015   1.7256612924456161E-018   1.9425883724457278E-018   1.7356306669696224E-018   1.1904844993593030E-018  -2.0623065619274212E-018  -2.8201170296795279E-018  -1.4917177092706669E-018  -1.2006552657299140E-018   3.7226610802371088E-018   1.2872253434089247E-017  -9.0369506481102720E-019   3.6016090816289711E-018   5.0846137585862200E-007  -2.3038235188546455E-018  -1.4517525125513295E-018  -1.0418296000969577E-018   2.1362310563351617E-019  -2.7210447124268768E-018  -1.9921167440089834E-018   3.4567218701065982E-016   1.5593188344681958E-015  -3.9410836481458007E-003
  -4.4192010614144921E-016  -8.3588893693470605E-017   1.3760151299182134E-015   1.6811078247525682E-003   1.8343336278815800E-015   1.0029535600917643E-016  -4.7103361169120827E-015  0.20826017020711429       -1.4546848462596474E-014  -8.9082755534775286E-017  -6.5349772049426759E-016  -1.2584260374106794E-014  -1.3025770719875131E-015  -1.5227002037838615E-014  0.34690315903971058       -7.7145149077814903E-016   1.5150865673815725E-016  -2.8986567262465083E-016  -7.7281490970663168E-017   2.7010105513450616E-016   5.4054814316447905E-016   3.8514468940944209E-016   1.8437866416989165E-016  -7.7217078711011766E-016   4.5337184216712726E-017  -1.8430820350786865E-015  -2.6314187863587434E-016   3.5822039164808345E-015   9.1660694905751367E-003  -6.4535517725215112E-004   2.6704474978604502E-015   4.0815324966355151E-016   5.3705048986524997E-016   3.9062924318802714E-015   1.0128122010777297E-015   6.1072895261416931E-015  0.16790737402746789        1.8199871500606844E-016  -1.3874206658591279E-016   5.8052718365928048E-017  -7.2718162325101389E-017  -3.6699672957459226E-017  -3.7536295570349167E-016  -1.5829736833604015E-016  -9.9923003993935877E-017   4.2201602552607406E-016   4.9294271941044184E-017   1.0310671880591570E-015   9.1912493806337543E-017  -1.7240043869109806E-015   9.9244153901160451E-015  -3.0073604090001930E-016  -2.5431761052542036E-016   8.1434668773604426E-015  -2.5325600707065296E-016   7.3114688569847416E-015  -7.8537159566973432E-015  -6.9710412979242582E-016  -1.7953306513202556E-014
   2.1060254868169326E-018   1.1779834580293209E-018   1.0347168831059751E-018  -1.4243907194934156E-016  -9.7413442823266134E-018  -5.4487196359665278E-018  -4.7860453052184403E-018  -1.4546848462596474E-014   1.3449118605582227E-027  -2.8984137231861712E-029   4.6778069421468071E-029   1.2170120293149647E-027   1.0664055605238874E-028   1.4288811933526640E-027  -2.4442098991869670E-014   1.2499612483110880E-029  -2.8689918985600095E-029   4.6098402909952054E-029   4.9246064003896186E-029  -4.8526088531766149E-029   2.0269401019108173E-029  -4.0384801981163050E-029  -7.2581401814353624E-030   8.0689846843194977E-029   3.4246242682958685E-029   3.2531525594474446E-017   1.8196170586043751E-017   1.5983148818272885E-017   2.3960965433051703E-014  -6.6481790954955540E-016  -7.8099346906452578E-028  -4.8027524389689554E-030  -6.5194449919624893E-029  -8.5510513956358623E-028  -8.3943865848186395E-029  -1.0306291022346781E-027  -1.1282076917557027E-014  -1.4605136373130684E-029   3.1677438812385952E-029  -7.4218795519616821E-030  -2.9164494639336492E-029   1.7071961932184629E-029   8.9027031943850771E-030   1.6344313293900999E-029   1.4887278990157018E-029  -6.1420734888700074E-029  -2.6957763999290843E-030  -6.3651045449592274E-019  -3.5602550446099286E-019  -3.1272561386945159E-019  -1.0055323947656564E-027   1.2592973862312675E-029   3.6847295943211320E-029  -8.7990000945244057E-028   1.9499133140279257E-029  -8.1300447778352295E-028   4.9335919363962122E-015   2.7595533512937609E-015   2.4239359418166635E-015
  -1.9095438251969382E-018  -1.0866050451911784E-018  -6.5214519251414096E-019   8.1730043270861280E-019   8.8325255036313722E-018   5.0260521112186079E-018   3.0164738661685014E-018  -8.9082755534775286E-017  -2.8984137231861712E-029   1.5675519404996427E-029  -6.6207165914623863E-030  -3.2432696050755329E-029  -7.0082703446817109E-030  -1.8108245220836579E-029  -1.3543769401131132E-016  -7.7422386690808915E-030  -3.8092101659477236E-030  -9.1923697658676009E-030  -1.9003577310630859E-029   6.7170014718788464E-030  -1.7045538763853094E-029  -1.3593737039485874E-029  -1.1855271315102688E-030  -1.0624409495503629E-029  -1.2374706131336694E-029  -2.9496496701226423E-017  -1.6784659094126784E-017  -1.0073609343824422E-017  -1.4848388264035682E-015   3.8649946049821651E-016   2.5821456758750732E-029  -1.7470594763087206E-029   1.5337722154842973E-029   2.8766016914040035E-029   1.2574537148580023E-029   1.8875549959208523E-029  -9.8881800014756260E-017   1.7736847313265934E-029   1.1199271986007193E-031   1.5948747885732755E-030   1.4784287343748108E-029  -4.5483625373604461E-030   9.0381961600010842E-030   3.4075137630985057E-030  -1.6738055140641702E-030   8.6526047989504965E-030   5.7892292090151836E-030   5.7712720746839056E-019   3.2840793024610104E-019   1.9709981454294258E-019   1.6732738494051723E-029   6.0112302930529697E-030  -9.4185799197402636E-030   1.4512988789764562E-029  -6.9623553237831534E-030   1.2496143728221536E-029  -4.4733124444191764E-015  -2.5454895597147439E-015  -1.5277204779437078E-015
   1.3768663261514417E-018  -1.9435958291805094E-019   3.2774668647064825E-019  -4.7327121892320808E-018  -6.3686451079866806E-018   8.9900318092715805E-019  -1.5159803764694668E-018  -6.5349772049426759E-016   4.6778069421468071E-029  -6.6207165914623863E-030   7.9876266069910394E-030   4.1719155308396237E-029   9.1280413616596726E-030   3.8048843549544870E-029  -1.0839371475841282E-015   1.2228103886116744E-029  -2.2967428068924758E-030   4.8791817322791295E-030   1.3174256045632446E-029  -4.2134161200812755E-030   6.9260836232472400E-030  -5.2331053452427818E-030  -1.1126912178282755E-030   2.2464904122220331E-030   3.9068291318282527E-030   2.1268290631228200E-017  -3.0022493962480294E-018   5.0626641446645074E-018  -6.1191284013184203E-016  -5.4871118863470904E-016   8.5721228452366004E-030   7.6625008880766884E-030  -1.1744195175462068E-029   1.4896681808989301E-030  -1.0691511135966540E-029   2.5218392772222308E-030  -5.3711561237255581E-016  -1.4248606864587411E-029  -3.4270613948466064E-031  -4.6305160327986627E-031  -9.2962472483428282E-030   2.1453384543426816E-030  -4.6369561772081100E-030   5.0393110855892801E-030   1.5921403394759820E-030  -4.5114754692751784E-030  -3.3767212682186711E-030  -4.1613447536255872E-019   5.8741884757084300E-020  -9.9055872623426871E-020  -2.7145506339702461E-029  -1.6976710463301813E-030   6.6048317599306664E-030  -1.9377154336443532E-029   5.2100986722169780E-030  -1.4964190797346526E-029   3.2254579286436177E-015  -4.5530829378043584E-016   7.6778197593092614E-016
   2.4136113799493661E-018   1.1964224487022765E-018   1.4450328106016651E-018  -1.2703532999050921E-016  -1.1164071642550335E-017  -5.5340085166162453E-018  -6.6839467025638904E-018  -1.2584260374106794E-014   1.2170120293149647E-027  -3.2432696050755329E-029   4.1719155308396237E-029   1.1089497400481873E-027   9.6798579805153522E-029   1.2939024073886562E-027  -2.1176729200609613E-014   5.6950244903562704E-030  -2.6084996588260471E-029   4.7509863647787733E-029   5.3356224705609441E-029  -4.8319792956233672E-029   2.6996586526321339E-029  -3.5112063775698154E-029  -4.1609852673697687E-030   7.6860081492366561E-029   4.2689865687146752E-029   3.7282768358583637E-017   1.8480995485293165E-017   2.2321250223363218E-017   2.4565871713177257E-014   3.1013072358775428E-016  -7.6870385319459296E-028   1.1400816583338135E-030  -6.2767920709745228E-029  -8.3301972728748723E-028  -7.7763435920262288E-029  -9.8515432958294178E-028  -9.6909471275424450E-015  -1.6271101989909103E-029   3.0506787486089354E-029  -7.5916190723932924E-030  -3.3360376193667469E-029   1.8195981541317320E-029   5.6944048508761348E-030   1.7525941884803701E-029   1.5022188737146173E-029  -6.0295727421164950E-029  -5.3192121344522879E-030  -7.2947306954403379E-019  -3.6159837639556605E-019  -4.3673663802267037E-019  -9.1968379039787971E-028   9.5853144027799588E-030   3.6067346878748581E-029  -8.0896395710595200E-028   1.8984437028924556E-029  -7.5070595892132430E-028   5.6541450786392558E-015   2.8027486764618869E-015   3.3851452737746445E-015
   1.2316490827641951E-018  -1.7759188328819341E-019   7.5311032943341956E-019  -1.1026209092177590E-017  -5.6969480309858753E-018   8.2144479621044774E-019  -3.4834844343671053E-018  -1.3025770719875131E-015   1.0664055605238874E-028  -7.0082703446817109E-030   9.1280413616596726E-030   9.6798579805153522E-029   1.4463122062146895E-029   1.0397828412378445E-028  -2.1740894036951112E-015   1.0805638034341258E-029  -1.4157938352043805E-030   9.8411554288577242E-030   1.4837843298758810E-029  -7.0546681952779443E-030   4.3956152287176240E-030  -4.6610650420289606E-030   4.3434576862662283E-031   8.6219492370982680E-030   1.2903103310737202E-029   1.9025137117774185E-017  -2.7432407312875375E-018   1.1633205823815034E-017   5.1837850716177739E-016   8.1607449801466818E-016  -2.9527627298899673E-029   5.4158471567802144E-030  -1.3035307310796733E-029  -4.1090471181789718E-029  -1.5063351175940880E-029  -4.7170986142647537E-029  -1.0402363814567559E-015  -1.3547408441824872E-029   8.4829933782242452E-031  -1.4237449099040307E-030  -1.0035207956798362E-029   3.4269722374852130E-030  -8.9120174178089200E-031   7.8347549816714304E-030   2.8847373555763295E-030  -8.3793219214978397E-030  -6.2788265970382871E-030  -3.7224502854747800E-019   5.3674132171661631E-020  -2.2761481332767377E-019  -7.2850140133601939E-029   1.6125939992109105E-031   7.2885189560652728E-030  -5.8216918374831902E-029   6.5258127600042782E-030  -5.2644407796145977E-029   2.8852708675111477E-015  -4.1602814821079564E-016   1.7642422050140964E-015
  -4.1110405249994991E-019   1.0512774054552801E-018   1.0565310362100531E-018  -1.5202687789706640E-016   1.9015468410041166E-018  -4.8626453987099339E-018  -4.8869458769203920E-018  -1.5227002037838615E-014   1.4288811933526640E-027  -1.8108245220836579E-029   3.8048843549544870E-029   1.2939024073886562E-027   1.0397828412378445E-028   1.5414086085256897E-027  -2.5609669956482965E-014  -9.9395586969712264E-030  -3.1480651081537163E-029   4.6109817162241156E-029   2.9779772158105453E-029  -4.7636951407816930E-029   6.9672667110262381E-030  -4.6834119374300016E-029  -3.4711430509621089E-030   8.2960707771020172E-029   3.8105242562387207E-029  -6.3502754794421705E-018   1.6238957238798940E-017   1.6320109450822101E-017   2.8034137879853286E-014   5.6437443135216368E-017  -8.9523022259533007E-028  -2.2945089564416441E-029  -5.0881542081329390E-029  -9.6335128319776552E-028  -7.3916906736012079E-029  -1.1650159592669217E-027  -1.1756525936412926E-014   1.1761770946168741E-029   3.6133685944428479E-029  -7.5641170334835033E-030  -1.4365664448845535E-029   1.5200281490247950E-029   2.0727825261205029E-029   1.3869239384792199E-029   1.4317020105739433E-029  -6.0474471788794239E-029  -1.7353816312950107E-031   1.2424922156795866E-019  -3.1773075085098978E-019  -3.1931857133179804E-019  -1.0833368822009005E-027   1.9387231847123570E-029   2.8387234006970664E-029  -9.5734420089601685E-028   1.1903615507629317E-029  -8.8894114707839402E-028  -9.6305559999371566E-016   2.4627307519435233E-015   2.4750379491609873E-015
  -7.4953373385296971E-016  -1.2306244322415646E-016   2.3390741252175734E-015   2.8173535545424383E-003   3.0595094825567372E-015   1.4679971563246252E-016  -7.9355407707125451E-015  0.34690315903971058       -2.4442098991869670E-014  -1.3543769401131132E-016  -1.0839371475841282E-015  -2.1176729200609613E-014  -2.1740894036951112E-015  -2.5609669956482965E-014  0.57798783820826782       -1.2485769962142465E-015   2.7038936119365601E-016  -4.9218859969482933E-016  -1.4399071676323889E-016   4.6525114260284775E-016   8.7017948067092064E-016   6.6463682779537917E-016   3.0469821849109001E-016  -1.2943539356073390E-015   6.3114571655922918E-017  -2.9770813766199819E-015  -5.1571330968982329E-016   6.2043876606253263E-015  -1.4673554470045886E-003   3.2510722864444050E-004   4.8581919036597133E-015   6.7610428055879376E-016   9.0237493286538480E-016   6.9030756919432044E-015   1.6848066609697186E-015   1.0594202744293132E-014  0.27938264804412022        2.8947602954037044E-016  -2.4730017381758365E-016   9.7372708885261959E-017  -1.0892175364719388E-016  -6.7410800097598301E-017  -6.1794679601541880E-016  -2.6813655637635573E-016  -1.7019099717922924E-016   7.1787946488309519E-016   7.5120985002532646E-017   1.6739911379725368E-015   1.8156609216127876E-016  -2.9341584604778306E-015   1.6741265756988942E-014  -4.9900217539100998E-016  -4.2989793968793237E-016   1.3777948484391347E-014  -4.1662243830826842E-016   1.2385965374656771E-014   2.0753620009199845E-015  -1.1862569502309730E-014  -1.0466244494004403E-014
   2.3176330794298834E-018  -9.9129645491687496E-020  -3.2024117576420650E-019  -1.9097801506018955E-018  -1.0720127504824857E-017   4.5852056935983099E-019   1.4812639096989052E-018  -7.7145149077814903E-016   1.2499612483110880E-029  -7.7422386690808915E-030   1.2228103886116744E-029   5.6950244903562704E-030   1.0805638034341258E-029  -9.9395586969712264E-030  -1.2485769962142465E-015   2.7204564856949119E-029   1.5199572533953356E-030  -7.6726791206504751E-031   1.8607855250164284E-029  -1.7142589359757255E-030   7.2726694393042642E-030   2.6388662588702100E-030  -6.6599106904682430E-030   2.1259325907810628E-030  -8.3799761323927838E-030   3.5800202949084219E-017  -1.5312438618319004E-018  -4.9467274119729026E-018  -4.2906820256979338E-015   4.1470554308261541E-018   9.5951515328213525E-029   1.2671889913042955E-029  -1.5700028124687160E-029   7.9679515040183174E-029  -1.5487140518794460E-029   9.0382752025106747E-029  -6.9909991475486963E-016  -2.5807375936728530E-029  -3.0626438137389245E-030   6.9037143003519206E-032  -1.3049642979516564E-029   1.5273564054348416E-030  -7.7864227312250535E-030   5.6552248617687869E-030   1.2632927965245380E-030  -2.7636378126486325E-030  -4.4661642274789704E-031  -7.0046525743627462E-019   2.9960252666323545E-020   9.6787459393416199E-020   9.7027132789508170E-030  -3.9151017659520652E-030   8.9546252223697215E-030   2.3004858873283753E-029   8.4476739149463786E-030   2.5676801087893350E-029   5.4293055540455997E-015  -2.3222189034778512E-016  -7.5019950726339885E-016
  -1.8612182661970218E-019   2.0824657792809938E-018   2.6527182983714681E-019   3.3752961929630369E-018   8.6089973881334243E-019  -9.6323697122041967E-018  -1.2270051996155499E-018   1.5150865673815725E-016  -2.8689918985600095E-029  -3.8092101659477236E-030  -2.2967428068924758E-030  -2.6084996588260471E-029  -1.4157938352043805E-030  -3.1480651081537163E-029   2.7038936119365601E-016   1.5199572533953356E-030   1.8325719578389765E-029   2.3501940001731159E-030  -3.3115576456470649E-030   1.9352728618174756E-030  -4.9578134701708529E-030   4.1662294550910365E-029   1.6719942953280016E-030   1.7227783687283502E-029   7.9082819084353483E-030  -2.8750017529403643E-018   3.2167601590678883E-017   4.0976224532603583E-018  -1.8603673939978413E-015   2.9049740117985275E-015   5.2586168077812043E-029   4.5346146106662851E-030   2.6017356397399461E-030   4.7087867004073280E-029  -4.2426116305177983E-030   5.5149149805492661E-029   8.6609037211298225E-017  -1.4840715630031483E-030  -3.5086777724216521E-030  -1.9560915371386818E-030   1.7486214104829223E-030   8.5569825363776949E-031   3.8172072440048989E-030  -1.4128842318015803E-029  -8.3996309579442729E-031  -2.3051535260672337E-030  -3.9401283185454662E-030   5.6252162749985067E-020  -6.2938993277292523E-019  -8.0173907692338017E-020   3.2891580194393751E-029  -2.1155683411809690E-030  -1.0077344264246746E-030   3.5433161780838283E-029   3.1325212567905576E-030   2.9522422571830753E-029  -4.3601046081589036E-016   4.8784007796069891E-015   6.2142788339732317E-016
   5.0255703463383730E-019   2.3460830162477273E-019   2.8935793004508903E-018  -3.4460872438598100E-018  -2.3245592831326466E-018  -1.0851721652904719E-018  -1.3384145800049425E-017  -2.8986567262465083E-016   4.6098402909952054E-029  -9.1923697658676009E-030   4.8791817322791295E-030   4.7509863647787733E-029   9.8411554288577242E-030   4.6109817162241156E-029  -4.9218859969482933E-016  -7.6726791206504751E-031   2.3501940001731159E-030   2.4951534775518461E-029   8.8074290086259158E-030  -9.2043172471635535E-030   1.1816029187210269E-030  -1.1996385575883669E-030   1.4009474214499192E-029   9.6437487080688334E-030   4.6565874685184408E-029   7.7629388331192134E-018   3.6239665745144271E-018   4.4696775829070427E-017   1.1040217577056034E-015   2.9779631353248157E-016  -2.1114452219457599E-029   5.6908335455418167E-030  -9.5982399831512747E-030  -1.7334476901060993E-029  -1.1754501180089243E-029  -1.7255743079410442E-029  -2.1364195197362697E-016  -7.3266458479117779E-030  -2.1745939592103148E-030  -3.4099909512443186E-030  -6.5382186059181057E-030   4.9774513806740407E-030   3.0115491549714621E-030   3.0493833709923464E-030   2.9089281935185830E-030  -9.8189299335774672E-030  -2.2101158714484780E-029  -1.5188933302209014E-019  -7.0906376795614723E-020  -8.7453522623168677E-019  -2.5217411406412758E-029   1.3418595378954071E-030   4.7351217600294652E-030  -2.5352618978232605E-029   6.5423791180127849E-030  -2.0463890645123326E-029   1.1772940779785586E-015   5.4959526007827153E-016   6.7785217196222627E-015
   3.5651592508636235E-018  -4.6167605727347463E-019   3.3612601360952194E-019  -2.4198929990873523E-018  -1.6490514431908078E-017   2.1354658093578670E-018  -1.5547386493902383E-018  -7.7281490970663168E-017   4.9246064003896186E-029  -1.9003577310630859E-029   1.3174256045632446E-029   5.3356224705609441E-029   1.4837843298758810E-029   2.9779772158105453E-029  -1.4399071676323889E-016   1.8607855250164284E-029  -3.3115576456470649E-030   8.8074290086259158E-030   3.9685756798738432E-029  -1.1549864955824512E-029   2.5474272368949298E-029  -4.7913855581108910E-030  -4.7948737309998835E-030   7.7585235049386884E-030   9.2712628289135873E-030   5.5070591570027562E-017  -7.1314552304924082E-018   5.1920986159952733E-018   1.9379637643866998E-015   1.9427210680786050E-015  -4.9723430625233544E-029   2.2020399098613146E-029  -2.5384539296887950E-029  -6.4837573582448977E-029  -2.0821925763324901E-029  -4.5181689406021763E-029  -2.8279843244476575E-017  -3.3715997433176964E-029   2.3114310887969321E-030  -1.1512255860633938E-030  -2.8977558670405522E-029   7.0181719089537839E-030  -1.2938847955830484E-029   1.7309540694564827E-029   5.1391845411011405E-030  -1.2749440820130785E-029  -3.0996735216481456E-030  -1.0775088665005903E-018   1.3953375154439930E-019  -1.0158838202420659E-019  -4.0426058460519511E-029  -6.6783715709425548E-030   1.5623611651361780E-029  -2.7630601588027875E-029   1.1209140439390843E-029  -2.7963710649589351E-029   8.3517702148511684E-015  -1.0815259775593472E-015   7.8741145387182896E-016
  -8.4543572005799463E-019   1.3582549371000152E-019  -8.3498329668145360E-019   3.9948033631139687E-018   3.9105321703265787E-018  -6.2825588047200303E-019   3.8621848662337004E-018   2.7010105513450616E-016  -4.8526088531766149E-029   6.7170014718788464E-030  -4.2134161200812755E-030  -4.8319792956233672E-029  -7.0546681952779443E-030  -4.7636951407816930E-029   4.6525114260284775E-016  -1.7142589359757255E-030   1.9352728618174756E-030  -9.2043172471635535E-030  -1.1549864955824512E-029   6.0753263698219141E-030  -6.8387842260015823E-030   4.7018051354482332E-030  -2.6990512555619954E-030  -4.7329439670786698E-030  -1.4966074279186217E-029  -1.3059345168552989E-017   2.0980802713974380E-018  -1.2897887826061368E-017  -1.8137874413003428E-015  -4.1825657308763170E-016   4.6333554810508841E-029  -5.4476711549766442E-030   8.5509220036509235E-030   4.8556935661689349E-029   7.8669155051046593E-030   4.8153417636516571E-029   1.8493408194670616E-016   7.8990985267490608E-030  -1.1920089763999371E-030   1.1763613665044142E-030   8.3687236762679444E-030  -3.1581364665067333E-030   1.8433664796403757E-030  -5.6524436371021433E-030  -2.2297294174168859E-030   6.4370664773029777E-030   5.9897836377024690E-030   2.5551859546968835E-019  -4.1050949886394947E-020   2.5235952791904134E-019   3.7788328114615663E-029   6.6379277484168034E-031  -4.9713184133119163E-030   3.3865773117308445E-029  -3.7679338782379631E-030   3.1558797290415211E-029  -1.9805243941401934E-015   3.1818587415691211E-016  -1.9560384646226981E-015
   2.5643548861413363E-018   4.0597110011750029E-019  -4.4105687385765157E-019   7.7121985207928780E-019  -1.1861330247216069E-017  -1.8778045564028223E-018   2.0400925264973612E-018   5.4054814316447905E-016   2.0269401019108173E-029  -1.7045538763853094E-029   6.9260836232472400E-030   2.6996586526321339E-029   4.3956152287176240E-030   6.9672667110262381E-030   8.7017948067092064E-016   7.2726694393042642E-030  -4.9578134701708529E-030   1.1816029187210269E-030   2.5474272368949298E-029  -6.8387842260015823E-030   2.8171479846732875E-029  -7.5567829438844720E-031  -4.7277124090755186E-030   1.8640020048070530E-030  -5.2782292009795641E-030   3.9611285397964014E-017   6.2709873728593310E-018  -6.8129531529036201E-018   3.3950122641440898E-015  -1.9441899442439843E-015  -6.9597520577925821E-029   2.0747403572954496E-029  -1.8129638532971256E-029  -7.0261688536797030E-029  -8.8829996971379881E-030  -5.7399570067279920E-029   4.9803866949570562E-016  -2.0197871781497493E-029   3.0853137023338264E-030   1.8574699125660121E-031  -1.9761368774227202E-029   4.1832793197662692E-030  -1.6628693381681439E-029   1.1294518494127571E-030   1.6326763971666853E-030  -7.0265558853534846E-030   3.6070220925936352E-030  -7.7503273549239287E-019  -1.2269787383728507E-019   1.3330195335905678E-019  -2.2315130208417722E-029  -8.5547270307613501E-030   1.1573054734044080E-029  -2.3289287464796083E-029   4.8642683742011514E-030  -2.1141632783673207E-029   6.0072780067740768E-015   9.5103110508043008E-016  -1.0332233156650891E-015
   3.1552753575094505E-020   5.6303208406037598E-018  -4.7539033129661336E-019   5.8755432173232444E-018  -1.4594611396797283E-019  -2.6042844244846649E-017   2.1989006850485799E-018   3.8514468940944209E-016  -4.0384801981163050E-029  -1.3593737039485874E-029  -5.2331053452427818E-030  -3.5112063775698154E-029  -4.6610650420289606E-030  -4.6834119374300016E-029   6.6463682779537917E-016   2.6388662588702100E-030   4.1662294550910365E-029  -1.1996385575883669E-030  -4.7913855581108910E-030   4.7018051354482332E-030  -7.5567829438844720E-031   1.0388170622800109E-028  -1.2667665346989897E-030   4.1787850988849236E-029   2.0109411437612734E-030   4.8739163761275800E-019   8.6970897399770671E-017  -7.3432979929172119E-018  -2.2680838921682272E-015   5.0422611117227545E-015   7.5662741772234010E-029   1.6671624036569276E-029   2.8586969115868409E-030   6.3611389579941912E-029  -9.2251291590738035E-030   7.9837564454278134E-029   2.6613960843772580E-016  -4.5539336288713701E-030  -5.6524274992513430E-030  -3.7158422650590585E-030   1.2413297549127093E-030   1.9522486681617274E-030   1.7385404475923687E-030  -4.0864752197847265E-029  -2.9941565210813332E-030  -5.8431997260699542E-030  -5.5585353202234769E-031  -9.5362841878999646E-021  -1.7016689016670839E-018   1.4367865807141741E-019   5.2166543449505695E-029  -8.9396395894189536E-030   2.1765898406961484E-031   5.7363508461826765E-029   6.2070041927420255E-030   4.5303118433887844E-029   7.3915729718492046E-017   1.3189634063393171E-014  -1.1136531442242725E-015
  -5.9247134174016432E-019   1.8385631716656537E-019   1.8772180641831007E-018   1.1969758276863964E-018   2.7404546400346571E-018  -8.5042070726458482E-019  -8.6830038718998515E-018   1.8437866416989165E-016  -7.2581401814353624E-030  -1.1855271315102688E-030  -1.1126912178282755E-030  -4.1609852673697687E-030   4.3434576862662283E-031  -3.4711430509621089E-030   3.0469821849109001E-016  -6.6599106904682430E-030   1.6719942953280016E-030   1.4009474214499192E-029  -4.7948737309998835E-030  -2.6990512555619954E-030  -4.7277124090755186E-030  -1.2667665346989897E-030   1.1159148889769120E-029   1.8717599291770941E-030   2.8754049011439752E-029  -9.1518344573592472E-018   2.8400066975394195E-018   2.8997164509634104E-017   2.3684160242287462E-016  -6.6745364155606419E-016   4.0621234599517817E-030  -1.3660161907502450E-030   9.4450200837868650E-031   1.3505279311159167E-029  -3.7164131761653859E-031   1.1705960365190343E-029   1.5319107987012715E-016   4.3276103796913673E-030  -2.3079786027397823E-030  -1.7791996750508656E-030   3.2135648012411340E-030   1.3311475107336914E-030   4.4197720532662352E-030  -2.4730057366208119E-030   3.7809851121077071E-031  -2.2351622017484991E-030  -1.4059499846416462E-029   1.7906440609317082E-019  -5.5567450984240074E-020  -5.6735729488642609E-019   1.1071740145137161E-029   2.2083641094318410E-030  -1.3160884303607615E-030   3.9338527019734917E-030   8.4305232077408336E-031   6.4950466054869694E-030  -1.3879280438633897E-015   4.3070326049166267E-016   4.3975858613974100E-015
   5.0211976181216467E-019   2.3243185566645285E-018   6.4079918028383026E-019  -7.1735884585859121E-018  -2.3225366936251223E-018  -1.0751050936599011E-017  -2.9639932993059278E-018  -7.7217078711011766E-016   8.0689846843194977E-029  -1.0624409495503629E-029   2.2464904122220331E-030   7.6860081492366561E-029   8.6219492370982680E-030   8.2960707771020172E-029  -1.2943539356073390E-015   2.1259325907810628E-030   1.7227783687283502E-029   9.6437487080688334E-030   7.7585235049386884E-030  -4.7329439670786698E-030   1.8640020048070530E-030   4.1787850988849236E-029   1.8717599291770941E-030   2.7445289328067335E-029   1.7514963118553268E-029   7.7561843318411411E-018   3.5903472721943494E-017   9.8983488403072492E-018   1.2240560042565409E-015   3.7701106149901581E-015  -3.4894727595261447E-029   8.6319087461278534E-030  -6.2500692387344858E-030  -4.7266704657029666E-029  -1.4091627702659726E-029  -4.7825694647200000E-029  -6.0198474593579661E-016  -7.2313429619869709E-030  -3.2967012047155420E-031  -3.2121123142879222E-030  -6.0380449807501650E-030   4.1100119651137796E-030   2.9334669659203222E-030  -1.0783597815921324E-029   1.4757826654327935E-030  -1.0590736628275902E-029  -6.1859001799908846E-030  -1.5175717473915158E-019  -7.0248582939029950E-019  -1.9367067493034355E-019  -5.2326777262920030E-029  -2.5096820320560810E-030   4.3829406132070135E-030  -3.9358975292946799E-029   6.6182064852783071E-030  -4.1521768097850616E-029   1.1762697192225469E-015   5.4449670058114369E-015   1.5011412200991980E-015
   6.7257687027672358E-020   3.5307360607023920E-019   5.6606741445159596E-018  -1.0895491716160482E-018  -3.1109798482381450E-019  -1.6331291218281702E-018  -2.6183242347950930E-017   4.5337184216712726E-017   3.4246242682958685E-029  -1.2374706131336694E-029   3.9068291318282527E-030   4.2689865687146752E-029   1.2903103310737202E-029   3.8105242562387207E-029   6.3114571655922918E-017  -8.3799761323927838E-030   7.9082819084353483E-030   4.6565874685184408E-029   9.2712628289135873E-030  -1.4966074279186217E-029  -5.2782292009795641E-030   2.0109411437612734E-030   2.8754049011439752E-029   1.7514963118553268E-029   9.2449023299889243E-029   1.0389215043119667E-018   5.4538860640333140E-018   8.7439761280813058E-017   1.6378450219502157E-015   2.2869567067948027E-015  -2.4432776765754100E-029   5.0181256516588430E-030  -9.8050540985157306E-030  -1.4187739255300043E-029  -1.6261968432474631E-029  -9.6108605731654713E-030   6.4841146418364660E-017  -6.1845665982620815E-030  -4.9969555984036027E-030  -6.6240015065048994E-030  -7.0066963112653115E-030   8.4790575681631059E-030   1.1080028543406708E-029   6.2267863637468917E-030   5.1408940691863049E-030  -1.6033193502334464E-029  -4.2899902040019401E-029  -2.0327494222932495E-020  -1.0671050416239563E-019  -1.7108426725452522E-018  -1.2267572466158676E-029   4.5204708451433859E-030   4.1646525975158532E-030  -1.7103874763497712E-029   1.0108285214949220E-029  -1.3219128480774712E-029   1.5755838875168827E-016   8.2711301778687311E-016   1.3260739952857708E-014
   5.6182568183581703E-006  -1.3161377846218518E-017  -1.3847383336842257E-017  -6.0434919081997897E-017  -2.5987042548766516E-005  -1.1787825000335314E-017   5.2341325641120647E-018  -1.8430820350786865E-015   3.2531525594474446E-017  -2.9496496701226423E-017   2.1268290631228200E-017   3.7282768358583637E-017   1.9025137117774185E-017  -6.3502754794421705E-018  -2.9770813766199819E-015   3.5800202949084219E-017  -2.8750017529403643E-018   7.7629388331192134E-018   5.5070591570027562E-017  -1.3059345168552989E-017   3.9611285397964014E-017   4.8739163761275800E-019  -9.1518344573592472E-018   7.7561843318411411E-018   1.0389215043119667E-018   8.6784545880945441E-005   2.2272066294841439E-017   2.9546726044054089E-018   5.7661837682693568E-016  -2.2231697524884971E-015   5.7459445277586411E-018   3.7680464447946029E-017  -3.9071057297274630E-017  -1.4105414066538428E-017  -2.9965035215647156E-017   1.7925600469475721E-017  -1.3577370670093904E-015  -5.3703044937816544E-017   3.2624288510362855E-019  -8.5189240339933938E-019  -4.0773076203000064E-017   8.5321264906854320E-018  -2.4567562187518522E-017   1.4990125621095172E-017   5.1966820398669615E-018  -1.4656272973120714E-017  -2.4255777943516426E-018  -1.6980227558254643E-006  -1.0873175518072155E-017  -2.2110087477086897E-017  -1.6074223593423654E-017  -1.2894600037026834E-017   2.3757496902444512E-017  -1.5318074868036996E-018   1.6794891030237186E-017   8.2101833620759636E-019   1.3161372789616217E-002   2.3069238780002381E-015  -1.5222854952230618E-015
