   3.3830372740858133E-003   6.3296144208606124E-018  -4.1604952526671988E-017  -5.6595308168910061E-017   1.0509694084341030E-017  -5.6066932769499400E-018   1.5757440990615121E-019   4.7716447077640607E-018   5.2964092268746569E-018  -2.0906621353556802E-017   2.4029833219969564E-002   8.5281694433397973E-017  -9.9738553055666013E-017  -2.7071021231010193E-016  -3.0990286962164899E-016  -7.2891641874950305E-018   4.3281505169305575E-018  -1.0916856380100403E-016   6.0187296361335697E-019  -1.1505887166913020E-016  -7.4670157056559515E-018  -1.5278899322674939E-018  -4.4602685522084726E-018   2.6982147927753603E-018   4.9589839634110162E-018   6.1920122162772830E-018   2.6339642287569959E-019   9.7842251359322919E-018  -2.6479796041755815E-018   5.9681920480913046E-018   3.1507733005554567E-002   8.3635403015497543E-017  -1.3868209276902596E-016  -5.6058315676665513E-016   3.9666762088857478E-016   1.6594537086113610E-016   1.8224252782423964E-018  -1.1790613778952260E-018   5.5600511026126576E-017  -2.6694810746029634E-019   7.0150363059037953E-017  -3.2349606288474066E-018  -1.6092607882484832E-018  -1.8821738201930217E-018   1.0046177082488017E-018  -1.2624119553213447E-016   1.0860383453504984E-017   1.1652128110329902E-018  -2.1920570526953637E-019   1.2511856244948370E-017  -1.6989963241450136E-018   1.2094642810657161E-017   2.4745038257234515E-002   8.4630477602468231E-017  -1.0964142700025396E-016
   6.3296144208606124E-018   3.3830372740858376E-003  -7.4111889803928982E-017  -2.3973043994707104E-017   9.6460315678198390E-018  -1.1647958390358441E-017   7.8975694552944472E-018  -1.5362871968369057E-018  -1.5210205399118276E-017  -2.0984812983696320E-017  -3.7641387912264819E-017   2.4029833219969716E-002  -1.1604604031662863E-016  -8.4608721195346451E-017   5.1235807120139146E-018  -1.1512957963253780E-016  -5.7220823382123042E-018  -2.8006728604890234E-018   6.0767059897094620E-019   2.8246695342864221E-018  -3.5195244719602604E-016  -8.2072740080310584E-018  -1.3581361273060872E-016  -2.6581309973769309E-017  -4.3344188875047115E-017   6.2958103314468756E-018  -3.2518359174286711E-018  -4.0411504697800576E-017   2.1507849635122624E-018  -2.2017184787939456E-017  -3.4419912400542140E-017   3.1507733005554678E-002  -2.4260968230660416E-016  -3.3419739045598104E-016  -1.3227735137370400E-015   9.6428508106578973E-018   5.0499212645398073E-017   1.7425063539304365E-018   7.1764703341885838E-018  -5.8993883767216395E-019  -1.5938176026131920E-018   1.0638038335717783E-016   2.3317515895494612E-018   5.2748041017919934E-017   4.2331505158312098E-018  -1.8431430018019969E-016   5.4739586824096019E-018   1.4822523461013635E-019   7.9812172832515096E-019   6.9186992450739041E-018   1.1472696416420422E-018   1.7408727381834256E-018  -1.3549397079874904E-017   2.4745038257234592E-002  -1.8040478199415082E-016
  -4.1604952526671988E-017  -7.4111889803928982E-017   3.3830372740855487E-003  -1.2436782535754557E-016   7.5035886299388383E-017   9.7272955785765494E-018  -1.4582635612422273E-018   8.0603314176941026E-017  -9.7502179993821459E-018   4.7977626845956417E-017  -1.6436208473349413E-016  -3.4129787292896465E-016   2.4029833219968769E-002   1.1345775281650533E-016  -6.3984361513105574E-018  -9.4522988639029016E-020  -1.4471379480249072E-016   6.4939719051447094E-018  -2.9654032406470879E-018  -7.8090649896511738E-018  -3.8895992344222967E-017  -1.0322892656160343E-016   7.5155478533529697E-018  -3.6397648114635185E-016   1.6409242205835388E-016  -4.3446032197892600E-018   4.1575449922966215E-018   1.5529629148875204E-016   5.7994016930960768E-018   1.7948592523474124E-016  -2.4519429771779371E-016  -4.2374453777909162E-016   3.1507733005553568E-002   6.5578494065991092E-016  -2.4247378614754697E-015  -4.3763151791237014E-018  -1.3173258243245062E-017   1.4879240876012325E-017  -6.3215505521306533E-018   2.3392088559300957E-018   7.8331285236262562E-020  -1.4419335150640609E-017  -9.9546348092044783E-018  -1.5495887571094006E-017   2.0988856990877580E-017   2.4416059694233835E-016   5.0050308775423983E-017   7.2180948262171364E-019   1.8210618100896442E-019   5.0343366554993865E-017  -1.8361502883594350E-018   4.5326813701082022E-017  -1.9680994053259697E-016  -3.9050193861417731E-016   2.4745038257233495E-002
  -5.6595308168910061E-017  -2.3973043994707104E-017  -1.2436782535754557E-016   5.6247852045687930E-005  -1.4215560883615106E-016   1.6276462356575017E-018  -9.2374454774610710E-019  -1.2992132178521874E-016   2.9198089506448330E-018  -1.3492210972210870E-016  -3.6247665940431282E-016  -1.5821334715649717E-016  -9.5506851643870975E-016   3.6999818616172183E-003  -4.1897614105040609E-018   4.7692074497282097E-019   5.7735116719653978E-019  -5.3995269780491807E-018  -7.9208140774898795E-019  -6.6383360668330213E-018   1.4929662876886523E-018   1.3251316868011032E-018   1.7515030376298731E-018   2.6550296442905994E-019  -8.6723599405870826E-017  -1.0873214848262870E-018   4.4482593362643201E-020  -1.3271908807138961E-016  -2.0005417843848864E-018  -1.2116369179460078E-016  -4.6003490497877492E-016  -2.1276970007695852E-016  -1.2461628696316633E-015   6.2659001088695709E-003  -1.5050049593474273E-003  -8.7357372508961918E-018   2.1413512512512204E-018   3.1662713473793294E-020  -2.0229576929895463E-019   1.1892452808182930E-020   1.7618271501829677E-019   3.7776480986408380E-018  -5.9154178933088876E-019   2.2262564865371298E-018   4.9838574202913314E-019   1.7216429039241881E-003   1.8804949146905419E-017  -3.9862665548341913E-020  -2.1058094380347789E-020   2.5439184828222345E-017   6.2992412508427666E-019   2.1621865701544481E-017  -3.8727387298719643E-016  -1.5925376626054999E-016  -9.7790440947564176E-016
   1.0509694084341030E-017   9.6460315678198390E-018   7.5035886299388383E-017  -1.4215560883615106E-016   4.2405129952610504E-028  -4.1941899126440579E-030  -1.5613354166499942E-030   3.9475044734013683E-028  -1.0472263011458480E-029   4.0221612964942925E-028   7.4650728200278550E-017   6.8516102847729580E-017   5.3298255005908871E-016  -9.9757595377772885E-015   3.2385606328541020E-029   5.8396291706591939E-031  -2.1244132210059860E-030   7.5279886079852116E-030  -7.0787556611243933E-030   9.0036295116863225E-030  -7.8175487742150241E-030  -3.8631162471703285E-030  -3.3968317366994432E-030  -2.5388857421838630E-030   4.2636768161999873E-028   4.0488569170374608E-030   3.9959049605375732E-030   5.4619853260746899E-028   6.5832657244277516E-030   5.2563075766108604E-028   9.7881462233849530E-017   8.9837788525053983E-017   6.9884263158043071E-016  -1.6822766247725092E-014  -7.0479525574089887E-015   5.1829555854634581E-030  -5.6118881444135852E-030   8.8213340583736478E-031   1.2155022078718376E-029   2.7770922432557171E-030   1.0978899072711481E-029  -1.1038995117929148E-029   7.9910796064988301E-031  -2.5114273762293991E-030   4.2713966803268767E-031  -5.1017638126141600E-015   5.8996654028121583E-029   3.0101745697205895E-030  -2.3895676650705213E-030   3.9664583943864804E-029  -9.6845616673261508E-031   4.5421272507429408E-029   7.6872573701936046E-017   7.0555362190141997E-017   5.4884582306174706E-016
  -5.6066932769499400E-018  -1.1647958390358441E-017   9.7272955785765494E-018   1.6276462356575017E-018  -4.1941899126440579E-030   1.2542248728549794E-031  -4.3228934541160960E-032  -3.7821689394282303E-030   1.1115417572296943E-031  -3.8943543318048554E-030  -3.9824540330266468E-017  -8.2735859760543326E-017   6.9093323985827266E-017   1.0950144602272572E-016   2.6712553255821465E-031   4.1365656828879930E-031  -3.9679033990585501E-031   7.6046786023811377E-032   6.1110513622372735E-034  -5.3270421668546282E-033   1.1639263943925655E-030  -2.3470952064412573E-031   5.4237073717265688E-031  -9.7626113551763011E-031  -2.6904165676523713E-030  -8.1195252977824773E-032   8.3160712733117601E-033  -4.0794212767403650E-030  -4.9690588770644295E-032  -3.7639069237301627E-030  -5.2217631820774147E-017  -1.0848262472141708E-016   9.0594636453930898E-017   1.8516291082877890E-016  -1.2582305143344028E-018  -5.0600777420339791E-031  -1.5258028332086782E-031   3.7194697114713123E-032  -1.8605883927413468E-031  -1.2042785049573439E-033  -1.4913426199056498E-031  -2.8734736417442428E-031  -4.9243409089827752E-032  -1.7154533640486279E-031   5.3831339729203791E-032   5.2744752439418764E-017   2.4058891922429677E-031  -1.2780392526682242E-032   7.0718866246079204E-033   4.3575467344023383E-031   9.2175164382843883E-033   3.4405525103676471E-031  -4.1009846594785707E-017  -8.5198344752491032E-017   7.1149763283748385E-017
   1.5757440990615121E-019   7.8975694552944472E-018  -1.4582635612422273E-018  -9.2374454774610710E-019  -1.5613354166499942E-030  -4.3228934541160960E-032   2.7380078306286666E-031  -1.8862680143233708E-030   9.6646075541257863E-032  -1.5707744913130241E-030   1.1192565978469726E-018   5.6096714720693297E-017  -1.0358097569837943E-017  -2.2254980287792347E-017  -1.3415868564939112E-030  -4.0894166774734735E-031  -1.1727069360186838E-031   4.3884783895682955E-031   5.7160221234568435E-031   5.6054487860648643E-031  -6.9689575394508533E-031  -1.0766891144555857E-031  -4.2718263393464456E-031  -2.9601633263687477E-031  -1.1300403473803009E-029  -4.9113483214575485E-032  -2.5816421039196335E-031  -1.0765792097108852E-029  -5.1085687664675554E-032  -1.1419969643081935E-029   1.4675606662222950E-018   7.3553582071452610E-017  -1.3581458085394155E-017  -4.2072992382054487E-017   6.9357521633411712E-016   1.2444336402853469E-030   9.2029049617148436E-032  -4.1803174304344194E-032  -6.8903204855023827E-031  -1.7257456168462837E-031  -6.9427355254953171E-031   2.8267501727680568E-031   4.8759930178518699E-032  -1.1110595228702420E-031  -8.1636904311363005E-032   1.7993350327153355E-017  -6.8113935299659433E-030  -1.7734902195793426E-031   1.5303393520987191E-031  -6.7579331269246756E-030  -4.8022581560650261E-032  -6.4732140498698376E-030   1.1525692700340661E-018   5.7766333172680461E-017  -1.0666387830975251E-017
   4.7716447077640607E-018  -1.5362871968369057E-018   8.0603314176941026E-017  -1.2992132178521874E-016   3.9475044734013683E-028  -3.7821689394282303E-030  -1.8862680143233708E-030   3.6820435615934009E-028  -9.8817728268546332E-030   3.7453076705934337E-028   3.3893160855908528E-017  -1.0912302208743086E-017   5.7252818687087622E-016  -9.1862983794026056E-015   3.2533311398800204E-029   1.1329510469268650E-030  -2.1629940717399517E-030   6.4137122628301090E-030  -7.4799431374257806E-030   7.5550307880629926E-030  -6.4336240851694546E-030  -3.6708554376763184E-030  -2.5160371432229899E-030  -2.8431360485524688E-030   4.1290025075779208E-028   3.8072221516099084E-030   4.1213454482888668E-030   5.2278650501153936E-028   6.1893855018630264E-030   5.0491507497536650E-028   4.4440452548647535E-017  -1.4308126957066183E-017   7.5069456724701048E-016  -1.5484074817832869E-014  -7.6412170234550890E-015   2.5373987713571712E-030  -5.3392295322659419E-030   9.2520532001721633E-031   1.2266621733328927E-029   2.8535101457890200E-030   1.1178309249680565E-029  -1.0623108316369554E-029   6.3740071107029292E-031  -2.1426516210564732E-030   5.8393937993494385E-031  -4.7456892574941503E-015   6.5714614961525637E-029   3.0710294624280814E-030  -2.4561127391829914E-030   4.7755192960174241E-029  -8.1904835401433861E-031   5.2598931155938890E-029   3.4901930211569063E-017  -1.1237087380425385E-017   5.8956846507331172E-016
   5.2964092268746569E-018  -1.5210205399118276E-017  -9.7502179993821459E-018   2.9198089506448330E-018  -1.0472263011458480E-029   1.1115417572296943E-031   9.6646075541257863E-032  -9.8817728268546332E-030   3.8514387259639290E-031  -9.8051206187516611E-030   3.7620581765806707E-017  -1.0803862605417189E-016  -6.9256142750251474E-017   2.2030153877715907E-016  -1.7416393442021334E-030   4.3442062840766690E-031   3.6442233796162522E-031  -1.8998536860643721E-031   3.7323035159812057E-031  -1.8721451582076993E-031   1.8576893400324338E-030   3.1929293733054566E-031   6.1576328379890591E-031   9.0304000341629558E-031  -1.3976523208402817E-029  -1.2400034095596948E-031  -1.7653217397358160E-031  -1.6514252730539327E-029  -1.9768460671209600E-031  -1.6437043413465210E-029   4.9327818255747369E-017  -1.4165941780956401E-016  -9.0808123169000808E-017   3.6986473341493359E-016   4.1231550568082239E-016   5.5931647232338177E-031  -7.2470135361076020E-032  -7.9430404272283439E-032  -4.6134950571567688E-031  -1.2852858952457252E-031  -3.8068488257476225E-031  -1.7947985386017193E-031   6.5274668111845038E-033  -2.2966235086629104E-031  -1.0658531331034271E-031   1.2329551630969357E-016  -3.9376165722941710E-030  -1.3357809817227493E-031   1.0510768647051463E-031  -3.4813379288513392E-030   5.9941103741167629E-035  -3.4723155803494966E-030   3.8740291142788804E-017  -1.1125420266120835E-016  -7.1317428057689951E-017
  -2.0906621353556802E-017  -2.0984812983696320E-017   4.7977626845956417E-017  -1.3492210972210870E-016   4.0221612964942925E-028  -3.8943543318048554E-030  -1.5707744913130241E-030   3.7453076705934337E-028  -9.8051206187516611E-030   3.8221827230674698E-028  -1.4850046973106007E-016  -1.4905586764101981E-016   3.4078677767747950E-016  -9.4725064286407355E-015   3.3724507703927003E-029   1.6620837448878576E-030  -9.9295274127951433E-031   8.0805479443479074E-030  -6.7719893455474617E-030   9.5736942980639046E-030  -3.9638251646156514E-030  -2.8577569105588147E-030  -2.0160987945913677E-030   3.4660777475193900E-031   4.0530620234992979E-028   3.7695508196571716E-030   3.8186494514723221E-030   5.1905599472813504E-028   6.2232196730308999E-030   4.9929578613427858E-028  -1.9471267689015249E-016  -1.9544091036974432E-016   4.4683700900442098E-016  -1.5973633093097271E-014  -6.7650012710439839E-015   3.2276348876231935E-030  -5.7027779392754958E-030   7.3467023852023825E-031   1.1089305582395472E-029   2.6466377452493253E-030   9.8717217934940213E-030  -1.1306675651936455E-029   8.1742122322479374E-031  -2.7068308503690336E-030   2.2274625562604970E-031  -4.8473987806585285E-015   5.6237722644445864E-029   2.8602388203682516E-030  -2.2914120353799514E-030   3.7841392511848170E-029  -8.9662871591249443E-031   4.3363308818303616E-029  -1.5292032079763436E-016  -1.5349224913376187E-016   3.5092968702675734E-016
   2.4029833219969564E-002  -3.7641387912264819E-017  -1.6436208473349413E-016  -3.6247665940431282E-016   7.4650728200278550E-017  -3.9824540330266468E-017   1.1192565978469726E-018   3.3893160855908528E-017   3.7620581765806707E-017  -1.4850046973106007E-016  0.17068475390522875        1.9043628292085532E-017   2.2318358189479119E-016   9.5672746721499514E-016  -2.2012510262425642E-015  -5.1775190619442799E-017   3.0743005957819432E-017  -7.7542816364937102E-016   4.2751249139450842E-018  -8.1726722843579105E-016  -5.3038476233242842E-017  -1.0852656141896122E-017  -3.1681445027765183E-017   1.9165514952687918E-017   3.5223838204083011E-017   4.3982081425147560E-017   1.8709140927644156E-018   6.9497696641848218E-017  -1.8808692634171819E-017   4.2392278866790770E-017  0.22380054014255646       -1.7523808154169188E-016   2.3648199916665428E-016   8.6287046372203752E-016   6.6207372086476558E-015   1.1787158291055685E-015   1.2944751105012467E-017  -8.3749146023184440E-018   3.9493239318917137E-016  -1.8961418337888868E-018   4.9828050596471811E-016  -2.2978039579944255E-017  -1.1430636205301560E-017  -1.3369147108336052E-017   7.1358350568490255E-018   6.4922439712321540E-016   7.7141687173120174E-017   8.2765477428730331E-018  -1.5570258651414226E-018   8.8872156727714587E-017  -1.2068030885523810E-017   8.5908674971262097E-017  0.17576488054031084       -3.0446965931177262E-018   1.8057104838430706E-016
   8.5281694433397973E-017   2.4029833219969716E-002  -3.4129787292896465E-016  -1.5821334715649717E-016   6.8516102847729580E-017  -8.2735859760543326E-017   5.6096714720693297E-017  -1.0912302208743086E-017  -1.0803862605417189E-016  -1.4905586764101981E-016   1.9043628292085532E-017  0.17068475390522966        4.9064548005916479E-016   8.2819287131906628E-016   3.6392974721782125E-017  -8.1776946959672136E-016  -4.0644152907054906E-017  -1.9893278225679383E-017   4.3163057226221869E-018   2.0063727447043222E-017  -2.4999306606120818E-015  -5.8296557095101964E-017  -9.6468888708888603E-016  -1.8880798338548724E-016  -3.0787530415384797E-016   4.4719363102526105E-017  -2.3097905350642774E-017  -2.8704434488365385E-016   1.5277101544551790E-017  -1.5638884102191869E-016   1.3105213225405397E-016  0.22380054014255704        8.5395018292405901E-019  -2.5855251626642306E-017   1.3165221015147594E-015   6.8493509817396981E-017   3.5869769065332249E-016   1.2377084163520233E-017   5.0974722199941556E-017  -4.1903563959651064E-018  -1.1320942712412694E-017   7.5562361950037739E-016   1.6562513879606299E-017   3.7467119799418567E-016   3.0068217595367806E-017  -1.7646976318959157E-016   3.8881721818011308E-017   1.0528490755766640E-018   5.6690868196473707E-018   4.9143765051437807E-017   8.1490967770788297E-018   1.2365480533089219E-017   1.9869471056868842E-016  0.17576488054031125        7.2639498544187718E-017
  -9.9738553055666013E-017  -1.1604604031662863E-016   2.4029833219968769E-002  -9.5506851643870975E-016   5.3298255005908871E-016   6.9093323985827266E-017  -1.0358097569837943E-017   5.7252818687087622E-016  -6.9256142750251474E-017   3.4078677767747950E-016   2.2318358189479119E-016   4.9064548005916479E-016  0.17068475390523077       -2.7460553958707620E-015  -4.5448317925009110E-017  -6.7140012612691494E-019  -1.0279071946296031E-015   4.6126911758017516E-017  -2.1063363932904130E-017  -5.5468064375934124E-017  -2.7627960712009681E-016  -7.3323871059690481E-016   5.3383201792096833E-017  -2.5853377983552249E-015   1.1655542683276776E-015  -3.0859870087211836E-017   2.9531188891905474E-017   1.1030750422820354E-015   4.1193355015094450E-017   1.2748948649664531E-015   8.1789501386847631E-017   8.1211727170841878E-016  0.22380054014255937       -1.4895683554990917E-015   4.8971151907355570E-015  -3.1085121254125934E-017  -9.3570118477134037E-017   1.0568777335950603E-016  -4.4902196799005188E-017   1.6615483106035385E-017   5.5638988505786033E-019  -1.0242104675194576E-016  -7.0708122568803856E-017  -1.1006783660976268E-016   1.4908459236674730E-016   9.3776765566072532E-016   3.5550911061295739E-016   5.1270382436629848E-018   1.2935066342624035E-018   3.5759071036972351E-016  -1.3042240336535473E-017   3.2195795830339984E-016   3.4095334881528799E-017   2.2790396053501882E-016  0.17576488054031150     
  -2.7071021231010193E-016  -8.4608721195346451E-017   1.1345775281650533E-016   3.6999818616172183E-003  -9.9757595377772885E-015   1.0950144602272572E-016  -2.2254980287792347E-017  -9.1862983794026056E-015   2.2030153877715907E-016  -9.4725064286407355E-015   9.5672746721499514E-016   8.2819287131906628E-016  -2.7460553958707620E-015  0.24957498880461770       -5.0236882456703609E-016   1.0145607605489383E-017   1.2738519291460983E-017  -2.9657211192455606E-016   3.7252837754757368E-017  -3.6482651281319049E-016   1.1955869344410144E-016   6.9296090170851175E-017   1.0268831106866105E-016  -4.4684568348468144E-017  -7.7225623134545799E-015  -8.4999440696866402E-017  -3.6949970749379058E-017  -1.0785377541706259E-014  -1.4547437282004006E-016  -1.0105115227147564E-014   1.2286094359503127E-015   6.3909001991589973E-016  -3.7554997063689731E-015  0.42194917457948983        8.5198341209618122E-003  -4.0282022487003631E-016   1.4142775086011407E-016  -4.1675639595157268E-018  -1.2815031102037451E-016  -2.6542196511067071E-017  -9.9471718973308801E-017   2.6301068602457435E-016  -3.4187835108588894E-017   1.1360591989692599E-016   2.0834665327822682E-017  0.12068710491966635        1.9303480132714473E-016  -3.1250573727323390E-017   2.2874152041314855E-017   6.5500823426063823E-016   3.4834696225620496E-017   4.4119469392129969E-016  -1.6857796850086436E-017   1.0012699216648651E-015  -2.7069927118507219E-015
  -3.0990286962164899E-016   5.1235807120139146E-018  -6.3984361513105574E-018  -4.1897614105040609E-018   3.2385606328541020E-029   2.6712553255821465E-031  -1.3415868564939112E-030   3.2533311398800204E-029  -1.7416393442021334E-030   3.3724507703927003E-029  -2.2012510262425642E-015   3.6392974721782125E-017  -4.5448317925009110E-017  -5.0236882456703609E-016   3.7027602926852395E-029   1.2355849195380931E-030   7.5014112314710242E-031   8.2390703241456809E-030  -3.2629389188294557E-030   8.4216883233155286E-030  -6.6881221332846052E-031   8.7872745472462230E-031   5.1705534005111807E-031   2.6578832186405516E-030   7.9549851572319014E-029   2.5165558704934834E-032   1.4205299406554341E-030   8.3918959160127173E-029   8.9228759117666488E-031   8.6315055517552328E-029  -2.8862634616796011E-015   4.7718189315564983E-017  -5.9591485867752039E-017  -8.2494128859626108E-016  -3.8265890448954853E-015  -2.0821893449199372E-029  -2.4592228924481235E-031   3.0911243453031182E-031  -8.4838682535327508E-031   1.0192150681634331E-030  -2.3733584555606380E-030  -3.2846405704229249E-031   4.0794154112599886E-032   1.3186905078290418E-030   2.7528972454630220E-031  -4.0069495988217663E-016   3.5760708841136969E-029   9.4382031310627492E-031  -8.6616818812804972E-031   3.4180065400884934E-029   3.5576191711798568E-031   3.3138261118342212E-029  -2.2667673287421128E-015   3.7476146569205735E-017  -4.6801005878246471E-017
  -7.2891641874950305E-018  -1.1512957963253780E-016  -9.4522988639029016E-020   4.7692074497282097E-019   5.8396291706591939E-031   4.1365656828879930E-031  -4.0894166774734735E-031   1.1329510469268650E-030   4.3442062840766690E-031   1.6620837448878576E-030  -5.1775190619442799E-017  -8.1776946959672136E-016  -6.7140012612691494E-019   1.0145607605489383E-017   1.2355849195380931E-030   4.0105590657210025E-030   2.8088907498848478E-031   8.3598450901067763E-032  -3.3500659518755717E-031  -1.5063283896015779E-031   1.1934064546592326E-029   3.5799599172022444E-031   4.6891311209141738E-030   1.1243138287596608E-030   7.6437002242931063E-030  -1.9048808414900654E-031   2.4709090773689038E-031   7.2714258540208416E-030  -3.7023672466688467E-032   7.0247701943051648E-030  -6.7887232816636587E-017  -1.0722530561192144E-015  -8.8033469563164057E-019   1.9598172324342595E-017  -3.8143781909939206E-016  -1.3488056498067913E-030  -1.7059160043262181E-030  -3.5474735556918837E-032   2.8229436205606700E-032   1.1438131298635764E-031   2.8540641262603205E-031  -3.6306511288019227E-030  -9.6820517805787490E-032  -1.6591295542237041E-030  -1.0161243561014733E-031  -1.0905101046599732E-017   3.5280241142435454E-030   9.0252234164211198E-032  -1.1005659199018827E-031   3.4438515482475014E-030  -7.3532982944195417E-033   3.4608687175338242E-030  -5.3316186630418963E-017  -8.4210891625966935E-016  -6.9138315088446734E-019
   4.3281505169305575E-018  -5.7220823382123042E-018  -1.4471379480249072E-016   5.7735116719653978E-019  -2.1244132210059860E-030  -3.9679033990585501E-031  -1.1727069360186838E-031  -2.1629940717399517E-030   3.6442233796162522E-031  -9.9295274127951433E-031   3.0743005957819432E-017  -4.0644152907054906E-017  -1.0279071946296031E-015   1.2738519291460983E-017   7.5014112314710242E-031   2.8088907498848478E-031   6.3143706488473296E-030  -7.0710460405908543E-031  -2.4586853277391685E-031  -1.7900043185582745E-031   2.1778356769326689E-030   4.5141448726707941E-030  -2.8429766258038842E-032   1.5874102192539831E-029   3.9772092893291081E-031   2.2690171850997294E-031  -8.9647326747851571E-033   4.5489452554001307E-031  -2.1904908035918071E-031  -1.7165704676822768E-031   4.0309993608374683E-017  -5.3292301544906686E-017  -1.3477840293940726E-015   2.4446186431002453E-017  -4.5383347668726845E-016  -4.0701308074510340E-031   5.0007688667959099E-031  -6.1512511642564919E-031   7.9557996812592986E-031   1.2125341810215440E-032   5.4372885505573425E-031   4.1231974582612974E-031   3.9448765238984122E-031   7.2796801748000316E-031  -8.4986455767092753E-031  -1.2653106535099560E-017   2.3131877542861840E-030   8.6680664526705596E-032  -1.0854862522935203E-031   2.2641466353591517E-030   1.0781233603097662E-031   2.2957374446989966E-030   3.1658016583172352E-017  -4.1853853475025634E-017  -1.0585010150989348E-015
  -1.0916856380100403E-016  -2.8006728604890234E-018   6.4939719051447094E-018  -5.3995269780491807E-018   7.5279886079852116E-030   7.6046786023811377E-032   4.3884783895682955E-031   6.4137122628301090E-030  -1.8998536860643721E-031   8.0805479443479074E-030  -7.7542816364937102E-016  -1.9893278225679383E-017   4.6126911758017516E-017  -2.9657211192455606E-016   8.2390703241456809E-030   8.3598450901067763E-032  -7.0710460405908543E-031   4.6108114421252678E-030   8.9642326058945548E-031   5.0129961966399437E-030   5.1649246776380488E-031  -4.3846226360598284E-031  -1.5933912408252678E-032  -1.3776470244359663E-030  -1.0589061775220445E-029  -2.3656971286350950E-031  -3.7963559440988988E-031  -6.7012527944871158E-030   1.5544123094336125E-031  -8.4121855794387373E-030  -1.0167354605253094E-015  -2.6083913825045565E-017   6.0481252896689942E-017  -5.0891601408609865E-016   1.1624425445647386E-015  -2.9060274495589843E-030  -3.2606709879135578E-031   2.9503270531552776E-033  -2.8801653037376745E-030  -2.4625161770138024E-031  -3.3306568065242056E-030  -2.3654751329079825E-031   1.3239980265632336E-031  -5.3728260380976572E-031  -1.5660804361603977E-031  -9.4852823262556597E-017  -1.1948056492653509E-029  -3.0355947178407892E-031   2.3846680863868481E-031  -1.2396711008296087E-029  -7.2622081609743279E-032  -1.1669095773964681E-029  -7.9850739701742667E-016  -2.0485366096806288E-017   4.7499796843850004E-017
   6.0187296361335697E-019   6.0767059897094620E-019  -2.9654032406470879E-018  -7.9208140774898795E-019  -7.0787556611243933E-030   6.1110513622372735E-034   5.7160221234568435E-031  -7.4799431374257806E-030   3.7323035159812057E-031  -6.7719893455474617E-030   4.2751249139450842E-018   4.3163057226221869E-018  -2.1063363932904130E-017   3.7252837754757368E-017  -3.2629389188294557E-030  -3.3500659518755717E-031  -2.4586853277391685E-031   8.9642326058945548E-031   1.3038065238080887E-030   1.1174044876000963E-030   2.5672719027263885E-031  -1.8788626591421140E-031  -2.3724451969416831E-031  -5.8610431164085112E-031  -2.8057334691962807E-029  -1.7316360141935154E-031  -5.8041139813640584E-031  -2.7937990272199029E-029  -1.7733464385068461E-031  -2.9271930403244288E-029   5.6055109962925332E-018   5.6595069567805607E-018  -2.7618121229632417E-017   5.2914176960719068E-017   1.5732112321687801E-015   2.6382453143117594E-030  -9.8837846419503304E-034  -1.0360754282124056E-031  -1.6381718344181841E-030  -3.9679538973887013E-031  -1.5935014967518664E-030   1.8752731922942504E-031   8.5375054611689455E-032  -4.8262582495760889E-031  -1.9696055267405043E-031   8.3114711411104735E-017  -1.5375059269618396E-029  -4.1308341445155674E-031   3.5042071393166577E-031  -1.5099035277422189E-029  -1.0265154357720988E-031  -1.4503618325562391E-029   4.4023663660758021E-018   4.4447728479202721E-018  -2.1690277313814421E-017
  -1.1505887166913020E-016   2.8246695342864221E-018  -7.8090649896511738E-018  -6.6383360668330213E-018   9.0036295116863225E-030  -5.3270421668546282E-033   5.6054487860648643E-031   7.5550307880629926E-030  -1.8721451582076993E-031   9.5736942980639046E-030  -8.1726722843579105E-016   2.0063727447043222E-017  -5.5468064375934124E-017  -3.6482651281319049E-016   8.4216883233155286E-030  -1.5063283896015779E-031  -1.7900043185582745E-031   5.0129961966399437E-030   1.1174044876000963E-030   5.5508398734134437E-030   1.2147774271886528E-031  -8.0402615734106257E-032  -3.3112866979790455E-031  -2.6418137543908079E-032  -1.3767615688815850E-029  -2.2337595961253092E-031  -4.8931069844297147E-031  -8.9127353454466251E-030   1.5349723346358159E-031  -1.1113921885776220E-029  -1.0715945213612859E-015   2.6307405536727378E-017  -7.2729300561255790E-017  -6.2601124754906070E-016   1.4254568038850842E-015  -2.6006955798542218E-030  -2.3551817449297371E-031  -6.9066903680620477E-032  -3.1793845230674145E-030  -3.1533733278526213E-031  -3.6970997686023569E-030  -4.5224594247805719E-032   2.0429312804738704E-031  -5.0001583256755260E-031  -2.7657930837000916E-031  -1.1686966475839355E-016  -1.4815530494643206E-029  -3.6872102938382125E-031   2.9173420200810446E-031  -1.5357335719687493E-029  -8.7980676596756234E-032  -1.4452598963257338E-029  -8.4159172678824218E-016   2.0660888434597562E-017  -5.7118972174000141E-017
  -7.4670157056559515E-018  -3.5195244719602604E-016  -3.8895992344222967E-017   1.4929662876886523E-018  -7.8175487742150241E-030   1.1639263943925655E-030  -6.9689575394508533E-031  -6.4336240851694546E-030   1.8576893400324338E-030  -3.9638251646156514E-030  -5.3038476233242842E-017  -2.4999306606120818E-015  -2.7627960712009681E-016   1.1955869344410144E-016  -6.6881221332846052E-031   1.1934064546592326E-029   2.1778356769326689E-030   5.1649246776380488E-031   2.5672719027263885E-031   1.2147774271886528E-031   3.7192136166726483E-029   2.0176038615421545E-030   1.4056018135991884E-029   6.7368681472688788E-030  -6.6501969167526934E-030  -6.9403630352259922E-031   1.5356222434294891E-031  -8.2140813453811773E-030  -3.8555896429779248E-031  -1.0366128687019111E-029  -6.9543643223866226E-017  -3.2778899073467927E-015  -3.6225570174932645E-016   2.0004113552179169E-016   3.3090474464532074E-016  -9.5839173251031373E-031  -5.0474207339717033E-030  -3.7046832542301348E-031  -1.1981238605403726E-030  -5.8862725448298423E-032  -3.6831619487318068E-031  -1.0743960238936261E-029  -1.2398656102364205E-031  -5.3594680177456546E-030  -7.1191345474074274E-031   7.1350126847094765E-017  -4.2705418989534682E-030  -1.2609364547140191E-031  -1.5263327081869755E-033  -4.1635612672171445E-030  -1.0054520722867785E-031  -3.5389944411610482E-030  -5.4617071682645295E-017  -2.5743366285984428E-015  -2.8450257583140168E-016
  -1.5278899322674939E-018  -8.2072740080310584E-018  -1.0322892656160343E-016   1.3251316868011032E-018  -3.8631162471703285E-030  -2.3470952064412573E-031  -1.0766891144555857E-031  -3.6708554376763184E-030   3.1929293733054566E-031  -2.8577569105588147E-030  -1.0852656141896122E-017  -5.8296557095101964E-017  -7.3323871059690481E-016   6.9296090170851175E-017   8.7872745472462230E-031   3.5799599172022444E-031   4.5141448726707941E-030  -4.3846226360598284E-031  -1.8788626591421140E-031  -8.0402615734106257E-032   2.0176038615421545E-030   3.2533067616303484E-030   1.7959587252890340E-031   1.1355207081441342E-029  -1.1217378233723142E-030   1.2778651982179707E-031  -2.9243514618643671E-033  -1.8387369546954040E-030  -1.8804611741331166E-031  -2.1169960943171052E-030  -1.4229919491729509E-017  -7.6437998519653263E-017  -9.6141697328241424E-016   1.1938721391341657E-016  -3.4585693929032162E-016  -6.6662907583289465E-031   3.2743295140064205E-031  -4.3892499339309384E-031   4.7715238516392189E-031   9.3381670338596092E-033   2.9457127496122139E-031   2.3045522593095642E-031   2.7124928496163887E-031   4.9296630367875746E-031  -6.0493291408206732E-031   1.9088250448231928E-017   1.9114499365068261E-030   5.8798446600575880E-032  -7.7925356055512485E-032   1.9807219560287215E-030   8.7910681799257482E-032   1.9489611243573524E-030  -1.1175666055003708E-017  -6.0031649923583584E-017  -7.5506225030006768E-016
  -4.4602685522084726E-018  -1.3581361273060872E-016   7.5155478533529697E-018   1.7515030376298731E-018  -3.3968317366994432E-030   5.4237073717265688E-031  -4.2718263393464456E-031  -2.5160371432229899E-030   6.1576328379890591E-031  -2.0160987945913677E-030  -3.1681445027765183E-017  -9.6468888708888603E-016   5.3383201792096833E-017   1.0268831106866105E-016   5.1705534005111807E-031   4.6891311209141738E-030  -2.8429766258038842E-032  -1.5933912408252678E-032  -2.3724451969416831E-031  -3.3112866979790455E-031   1.4056018135991884E-029   1.7959587252890340E-031   5.5547618331186357E-030   3.8899483371234574E-031   3.4805900042784978E-030  -2.7715540547037317E-031   2.2150593108432708E-031   1.9800374016187889E-030  -1.0418197599516392E-031   1.8217535011983916E-030  -4.1540467718909895E-017  -1.2648926694406998E-015   6.9995644732538890E-017   1.7532817037945680E-016  -2.6441906697885599E-016  -1.2353013499691698E-030  -1.9934553488800464E-030  -2.1711506612239115E-032  -1.4937581172991769E-031   8.4890821589574693E-032   2.0187858503786317E-031  -4.2102000554350868E-030  -1.4158030767699705E-031  -2.0137716033840330E-030  -8.4941561360194038E-032   3.8561204822810541E-017   2.5750269891705551E-030   5.0802344585832225E-032  -8.1089673677796097E-032   2.6703386602730828E-030  -1.4923633415330990E-032   2.6732909442780842E-030  -3.2624386614762651E-017  -9.9340112762437312E-016   5.4972057381630203E-017
   2.6982147927753603E-018  -2.6581309973769309E-017  -3.6397648114635185E-016   2.6550296442905994E-019  -2.5388857421838630E-030  -9.7626113551763011E-031  -2.9601633263687477E-031  -2.8431360485524688E-030   9.0304000341629558E-031   3.4660777475193900E-031   1.9165514952687918E-017  -1.8880798338548724E-016  -2.5853377983552249E-015  -4.4684568348468144E-017   2.6578832186405516E-030   1.1243138287596608E-030   1.5874102192539831E-029  -1.3776470244359663E-030  -5.8610431164085112E-031  -2.6418137543908079E-032   6.7368681472688788E-030   1.1355207081441342E-029   3.8899483371234574E-031   3.9995972687237057E-029   2.5398386647141664E-030   5.5305947796222803E-031  -2.0987258352843662E-032   3.6237153745144458E-030  -5.1306387592488930E-031   1.7298470052507953E-030   2.5129676203568064E-017  -2.4756357962915035E-016  -3.3898750912698936E-015  -6.8597285743634848E-017  -1.0865722428437180E-015  -1.2388049552542914E-030   1.0263504504216024E-030  -1.5525678838483419E-030   1.8201331436062946E-030   2.7138193737202387E-032   1.1759062209374989E-030   5.8500415290900321E-031   1.0011834888567713E-030   1.5914137718870431E-030  -2.1683035281393881E-030  -6.6544292690835076E-017   5.1506494356531383E-030   2.0934122474929889E-031  -2.6969662371954960E-031   4.8836465376165930E-030   2.5643252110878465E-031   5.0713231701096668E-030   1.9735942250728100E-017  -1.9442751555439046E-016  -2.6622857571482940E-015
   4.9589839634110162E-018  -4.3344188875047115E-017   1.6409242205835388E-016  -8.6723599405870826E-017   4.2636768161999873E-028  -2.6904165676523713E-030  -1.1300403473803009E-029   4.1290025075779208E-028  -1.3976523208402817E-029   4.0530620234992979E-028   3.5223838204083011E-017  -3.0787530415384797E-016   1.1655542683276776E-015  -7.7225623134545799E-015   7.9549851572319014E-029   7.6437002242931063E-030   3.9772092893291081E-031  -1.0589061775220445E-029  -2.8057334691962807E-029  -1.3767615688815850E-029  -6.6501969167526934E-030  -1.1217378233723142E-030   3.4805900042784978E-030   2.5398386647141664E-030   8.0001479432454846E-028   5.7867974193504537E-030   1.3173732361740152E-029   8.8261123050177016E-028   7.8584656426656436E-030   8.9175657738629535E-028   4.6185226481316304E-017  -4.0368373735615235E-016   1.5282658166532084E-015  -1.2848379720493180E-014  -3.2728121259528378E-014  -4.2631592656670600E-029  -4.7705774969701753E-030   2.6862940624935613E-030   3.7430927914044253E-029   9.0094028765546303E-030   3.6058569180978221E-029  -1.2623758082036522E-029  -1.1428631031025742E-030   5.8414406525596275E-030   4.0919964823066497E-030  -5.0788886410310312E-015   3.1368315424988295E-028   9.4284384686206833E-030  -7.8771993507724974E-030   2.9511616260255486E-028   1.0745139636065950E-030   2.8866866379038863E-028   3.6272212792698159E-017  -3.1703866231634871E-016   1.2002449079290530E-015
   6.1920122162772830E-018   6.2958103314468756E-018  -4.3446032197892600E-018  -1.0873214848262870E-018   4.0488569170374608E-030  -8.1195252977824773E-032  -4.9113483214575485E-032   3.8072221516099084E-030  -1.2400034095596948E-031   3.7695508196571716E-030   4.3982081425147560E-017   4.4719363102526105E-017  -3.0859870087211836E-017  -8.4999440696866402E-017   2.5165558704934834E-032  -1.9048808414900654E-031   2.2690171850997294E-031  -2.3656971286350950E-031  -1.7316360141935154E-031  -2.2337595961253092E-031  -6.9403630352259922E-031   1.2778651982179707E-031  -2.7715540547037317E-031   5.5305947796222803E-031   5.7867974193504537E-030   7.8982458995944261E-032   7.5036148948479427E-032   6.7825695585163644E-030   6.0592769378508674E-032   6.7292010892730972E-030   5.7668967815412656E-017   5.8635685895727044E-017  -4.0463224958461920E-017  -1.4241190930251404E-016  -2.0496152390948056E-016   1.2214560411076013E-031   7.1597344066285155E-032  -5.0295633879313560E-033   3.7714914676655229E-031   5.4661322988567168E-032   3.6368965822035321E-031   1.0594281031599441E-031   1.5330007675157813E-032   1.4306570490146187E-031  -8.6049154055972695E-034  -4.9471334720484086E-017   1.8748217910195237E-030   6.4572406990636479E-032  -5.1552102315074448E-032   1.6962406728840971E-030   3.5774195927436545E-033   1.6849012803949949E-030   4.5291129469581531E-017   4.6050355018342990E-017  -3.1778358964502948E-017
   2.6339642287569959E-019  -3.2518359174286711E-018   4.1575449922966215E-018   4.4482593362643201E-020   3.9959049605375732E-030   8.3160712733117601E-033  -2.5816421039196335E-031   4.1213454482888668E-030  -1.7653217397358160E-031   3.8186494514723221E-030   1.8709140927644156E-018  -2.3097905350642774E-017   2.9531188891905474E-017  -3.6949970749379058E-017   1.4205299406554341E-030   2.4709090773689038E-031  -8.9647326747851571E-033  -3.7963559440988988E-031  -5.8041139813640584E-031  -4.8931069844297147E-031   1.5356222434294891E-031  -2.9243514618643671E-033   2.2150593108432708E-031  -2.0987258352843662E-032   1.3173732361740152E-029   7.5036148948479427E-032   2.6515994926875596E-031   1.3363951230359294E-029   9.2674445939370253E-032   1.3899216515043814E-029   2.4531282082441133E-018  -3.0285796331320817E-017   3.8721068366367324E-017  -5.8034635689717021E-017  -6.9379467252992428E-016  -1.1154232017164349E-030  -6.6564595492823083E-032   5.6806732708586095E-032   7.2928731337365847E-031   1.7944634855118753E-031   7.2265031765456675E-031  -2.1075440545850155E-031  -4.5497100093953089E-032   1.4339509568475011E-031   9.9170036189882219E-032  -4.6548505391561801E-017   6.7967963235018050E-030   1.8521920210430553E-031  -1.5684839644593693E-031   6.6364054492715929E-030   3.9532665511222577E-032   6.3919580216340571E-030   1.9265985068507314E-018  -2.3785373220511521E-017   3.0410131948172511E-017
