   1.4776171411219454E-003  -1.5564355751746163E-017   1.1269943462463680E-016  -3.0255530671302026E-017  -6.7368127617786268E-018   1.8436368559800703E-017   6.1899005652360869E-018   1.5452223476603574E-017  -1.1678261077657236E-017  -1.9742936388554540E-017   1.5760229746305948E-002  -2.8013549919762130E-016   6.3444369814015563E-016   1.1388683381557509E-016  -1.8826748370676673E-015   9.4362623748254931E-020   1.4748269658486078E-017  -5.7420796164332357E-016  -3.5661300521028155E-019  -6.7553490261164813E-016  -9.8603765387923493E-018  -6.9535538671659638E-018   3.2014420292758555E-018   1.0934391844375797E-017  -1.1297287111055594E-017   6.8894419921962636E-018  -8.1532525015246205E-018  -5.9873239285034919E-018   1.3214991816987785E-017   6.6349364519043970E-018   2.4812704502178411E-002  -4.6821449454907917E-016   1.0269352678404678E-015   1.5987247991058012E-016  -1.5172192640781922E-003  -3.1714645937369201E-015  -4.0473730606782930E-015   7.3885908168436763E-016   4.5269066461203711E-005  -2.2866070013294937E-016   1.1998572760891614E-015  -1.6614646772187795E-015  -2.8571141472739949E-015  -1.5816491313074807E-018   1.0219818927192271E-018  -1.5479106662608157E-015  -3.9750858537121866E-018  -1.5119438543726175E-015   1.1140824087301320E-018   4.9982698339129467E-018  -4.2131955826078908E-018   6.3252194955086926E-018   4.8139586271016176E-016   1.0751992503188785E-016   1.3029634926643436E-016   1.2305965452584582E-016  -3.3592007026375588E-017  -2.1096681990225387E-017   1.7323677432547775E-016  -1.1725550993283789E-016   1.1136771203381227E-002  -3.6255425514736318E-016   2.8577278283167198E-016   1.6517669948734452E-015   1.5464604688694712E-015  -4.3197470508067354E-016  -2.8858085056956245E-016   2.2095192589994335E-015  -1.3580900129032365E-015
  -1.5564355751746163E-017   1.4776171411210145E-003  -3.8743134285728264E-017   1.8610607095411543E-017   1.0572555828107784E-018  -2.7840226465488218E-018   1.0744983259777045E-017   6.3978602206488895E-018   3.8902732885826642E-018  -4.2632047459109589E-019   5.9278529029767701E-017   1.5760229746302187E-002   2.4901554639219525E-016  -1.0231965329091368E-015   3.8007111315393170E-017  -6.7886559455786578E-016  -5.9895786098257554E-019   2.0182708747774572E-017   3.4304600617208807E-019   1.9730026850316943E-017  -2.0571166614494392E-015   6.8346548090059826E-018  -7.5274272097436873E-016   2.1858029717867200E-017   3.8239981849100529E-017  -1.4891205466265142E-017  -3.0606071709535346E-018   2.2970137306699813E-017   5.7852550527641149E-018   2.9160740318173085E-017   1.5283016961312962E-016   2.4812704502170456E-002   1.5416632123401928E-016  -1.9339442978984726E-015   3.6332617371305407E-016  -1.5172192640789119E-003  -1.6825532772592709E-015   5.6225433979591816E-017  -5.2105737030275881E-016   4.5269066461590405E-005   9.6972346624022944E-016  -2.0716956376242114E-015   1.5890227099488881E-017  -1.5895667874502313E-015   1.0965083613019632E-017   4.9573621205463861E-018   2.5614511667901472E-019   7.3828770605475765E-018  -3.2108282903309438E-015   5.7985192417332368E-018  -1.6073304563472744E-015   1.2210284413740455E-017  -9.7654679083416602E-016  -8.6148252840492925E-016   9.4143213102669086E-017  -2.5347868577563218E-017   5.7880698523227894E-017  -4.9812792691621258E-017  -1.1261323799174651E-017  -6.4717453811458782E-018   1.1687863213041224E-016   1.1136771203377818E-002   7.5388873485578037E-017   1.1012065928593368E-015  -3.5036229782306287E-016   6.9920882458221008E-016  -8.2925347334917640E-016  -1.4468644570575053E-016  -2.0243583916683507E-016
   1.1269943462463680E-016  -3.8743134285728264E-017   1.4776171411213952E-003  -4.7506447010294168E-017  -8.6649688309916488E-018   4.3891235875785990E-018   2.3720901333397060E-017   2.3538482625779272E-017   1.0354318169244051E-017   8.0230632037961674E-017   4.6858894768351348E-016  -5.0296330644291257E-016   1.5760229746303468E-002  -4.3812949117949859E-016  -1.2467486928772030E-017   5.1116846659656989E-018  -7.4237150326576039E-016   1.2373540309940535E-017  -1.7286120854043811E-018   7.0093212824432921E-019  -3.1777392729439495E-017  -7.3771349158777621E-016  -1.0146807097492411E-017  -2.0426719632403753E-015   1.8393233859375198E-016  -1.2633283893305059E-017  -3.9801283560550061E-018   1.3222300174833350E-016  -1.5022441610194912E-017   1.2319098741706393E-016   8.1507062535151754E-016  -9.2626551411685639E-016   2.4812704502174120E-002  -4.8208032501653292E-016  -2.7646073997553434E-017   2.4622418858444105E-015  -1.5172192640823447E-003   4.0780162816817637E-015  -2.5560983835367589E-017   3.3062886588362868E-015   4.5269066463301567E-005  -1.2246056230400808E-015   6.3010078055519435E-018  -1.3707615450727569E-017  -1.5968242405599560E-015  -1.0063379374277244E-017   5.7006498046883341E-018   6.2926544431492624E-018   7.5921288687539059E-019  -1.6420973611066648E-015  -4.0685368148444817E-018  -3.1307291212958173E-015   1.2170590911980352E-015   2.6662632681384329E-016  -2.7856258373983095E-016   1.2143551339200620E-016   7.5768449758960547E-017  -1.8399749938517511E-016  -3.4061761467881283E-017   5.9606960747453627E-016   3.4339773842149853E-016  -3.0739903821514945E-016   1.1136771203379105E-002  -3.9551608192853670E-015   1.4404884258986125E-015   9.3716068239017489E-016  -2.8814501840381619E-015  -4.5934148904508113E-016   6.8848948260012480E-015
  -3.0255530671302026E-017   1.8610607095411543E-017  -4.7506447010294168E-017   4.2860933346752173E-005   5.1107536424706861E-016   1.9265144641563622E-018   1.1723694781923548E-018   3.2752813225903367E-016  -7.3924267497520616E-018   3.8522386994677424E-016  -3.4522317463889210E-016   3.3585073739310460E-016  -5.1177779732830778E-016   2.5489322355350722E-003   1.9710913311253067E-017  -3.1766048406833629E-017   4.8106250921006668E-018  -1.3866387188151796E-017   1.0840493793051819E-017  -1.0538145863785739E-018   1.5052328837950792E-018  -1.9938557683166733E-017  -4.4921176420404589E-018   8.6035854007359432E-018   1.0645191309430307E-015   1.5113789310811293E-017   4.8824567815562627E-018   1.0588957561682299E-015   5.5460542706730719E-018   1.1713333645837035E-015  -5.1177213771102477E-016   5.0900080688378420E-016  -7.3523204752825487E-016   5.8889552611162731E-003  -2.9248501191655375E-016  -4.4008405425556946E-015  -4.7493101421094368E-015  -1.3851385418065570E-003  -2.3302655099965116E-015   2.9132502286372208E-015  -1.1161747493447803E-015   1.6292082559588468E-005  -1.0260165003439451E-017   1.8266679765409384E-017  -7.0211317901655339E-018   1.4169074126376047E-017  -1.0647318410851829E-017   6.2436414053272514E-018  -2.0709685541711840E-017   1.6791758201070013E-017  -5.2628020283761387E-018  -6.1121283000186498E-018   1.5709721123564691E-006   2.4390287466691065E-003   3.6979170743685473E-015   8.1207020895106039E-016   4.9221933574422288E-016  -4.6617288085842837E-015   2.1749147118082498E-017   2.5115786785527036E-015  -2.5315480044138997E-016   1.4957357703042081E-017  -5.6214101958068839E-016   3.9799605045844248E-014   1.0213289282194647E-014   6.1560524721389867E-015  -6.4080615653552150E-014   2.5769501612379472E-016   2.5658829848235942E-014
  -6.7368127617786268E-018   1.0572555828107784E-018  -8.6649688309916488E-018   5.1107536424706861E-016   3.0414480236526876E-006  -7.6875650994978440E-019   4.8555834379421716E-018  -1.5207240118234455E-006  -8.4314990949627637E-019  -1.5207240118234984E-006  -1.1518154500796508E-016   2.5839887866654777E-017   1.4155377638478161E-017   2.8985785853546344E-014  -3.1137872771126670E-020   6.3251266680783783E-019  -8.4014468214327421E-019  -3.1311619154853835E-018   6.6274246927072000E-019   2.1686203678183629E-018  -5.8430728571461655E-019  -3.1487158638839496E-019  -5.1094967526689553E-019   7.0727499563446181E-019   1.4272241911470676E-006   3.7659712856159446E-019  -2.0412710790292163E-019  -7.1361209557088440E-007  -4.5711265702518227E-018  -7.1361209557274502E-007  -1.6115250499789234E-016   3.3692558629265843E-017  -2.1029584866576255E-017   6.7114312441631292E-014  -1.7572340150809876E-015   3.3691340020207154E-015   4.5142532690827194E-015   2.0494242929304235E-014  -7.3808660810812838E-016   4.4472481951040273E-016  -8.7323542641019781E-017   2.1165416197288259E-015  -6.9053207948901905E-019  -8.0003257740633798E-019  -3.9816336767025551E-019   2.1472265463783180E-018  -7.4987485553983193E-019  -2.3252801094256818E-018   3.5158846136992063E-019  -6.3359767589341575E-019  -4.9727138377817891E-019   4.1269319079716104E-019   2.3428404794280916E-015   2.9181761313098142E-014   1.8946328813576076E-004   7.6308494287462498E-017   9.8503095945144723E-017  -9.4731644067909870E-005  -1.7415548277154200E-016  -9.4731644067853505E-005  -1.6017594624648657E-016   1.6648783952667161E-016   2.0464910918694798E-016   2.3927315261136699E-003   9.4208308030301109E-016   1.2665865507679225E-015  -1.1963657630571186E-003  -2.2481916920810526E-015  -1.1963657630565555E-003
   1.8436368559800703E-017  -2.7840226465488218E-018   4.3891235875785990E-018   1.9265144641563622E-018  -7.6875650994978440E-019   3.0414480236504951E-006  -2.4278207995706582E-018  -4.4024386829406775E-018  -1.2285952144148576E-018   2.2351309240289485E-018   1.5486936245832730E-016  -2.8997377436861108E-017   4.1083417185723887E-017  -6.6853989744771137E-016  -2.3921405559012405E-019   1.5899832599528724E-019  -9.6458268749675185E-019   1.0519688288200672E-020   3.4845372514692636E-019  -1.1931986562350221E-018   1.1327159023862588E-018   3.6475043674722924E-019   3.3963620910281185E-018  -6.3102661054651077E-019  -7.3937254453155027E-018   1.4272241911450555E-006   4.0766011921810625E-018  -6.0508933913937659E-019  -1.5810064606445322E-018  -9.7429483981397067E-019   2.7134276597065359E-016  -3.6822299954743418E-017   6.8225467935788794E-017  -1.4442575387602299E-015  -1.5054147403531137E-015   1.5713838741433838E-016   1.8343658594310138E-015   7.2654522080722008E-016   6.3419627863583379E-016  -4.0985741565671368E-016  -1.1704048780751932E-016   1.0897021263110962E-016  -1.7534486183843677E-018   2.1648551812015147E-018  -4.3135934257658792E-019   1.5503320380500647E-018  -6.0120622862719241E-019   8.5803295793917986E-019   1.9661912446338558E-018  -1.5811947325338066E-019  -9.6719023470381880E-019  -8.1366983228685292E-019  -4.8563781308883215E-016  -6.2293801210022145E-016  -1.2069399845114455E-016   1.8946328813571010E-004  -1.0038065366052395E-016   3.0521242413117115E-017  -8.6857735434481028E-017   8.8049288279611993E-017   4.2763678998930772E-017  -1.2706055484164499E-017   1.1075688918801375E-016  -1.5462404340043972E-015   2.3927315261127913E-003  -1.2444137957774451E-015   4.1302358829516681E-016  -1.0771930774173728E-015   1.1342442900566306E-015
   6.1899005652360869E-018   1.0744983259777045E-017   2.3720901333397060E-017   1.1723694781923548E-018   4.8555834379421716E-018  -2.4278207995706582E-018   3.0414480236563777E-006  -5.5161142215022964E-018  -1.1122367968594615E-018   1.0272781617701159E-018   6.8117980148917234E-017   1.0224720719951069E-016   2.5113555758020229E-016  -4.1701809787434178E-016  -4.1420181144396043E-019   3.9032182563107683E-019  -2.2980895235682186E-018  -5.3755279652586610E-020  -1.2945131562778257E-019   1.2817778045572505E-018  -8.3294246552694240E-019  -1.8029885898580689E-018   4.2815377317044558E-019  -1.7019837235796954E-018   3.1086710161463347E-018   2.1795644073001611E-018   1.4272241911486268E-006   6.0238197018532111E-019   2.3653657875785817E-018  -9.7350797124697970E-019   1.0390222321040070E-016   1.6598064447584201E-016   3.8956006342361585E-016  -8.8465962670002269E-016  -4.9337800711422720E-016  -1.3260417082252975E-016   7.1087271432320246E-016   3.0305183999047685E-016   1.2402778193704670E-015   8.4089992040137754E-017  -8.7875938532775111E-016  -9.1508196334495751E-016   1.0616049615327619E-018  -2.5376155644364716E-019  -4.5555847834635676E-019  -5.2168719740617771E-019  -2.1342994313440091E-019  -9.1257837615437701E-019   8.9584144325283592E-019  -8.9007076017411186E-019  -1.4754084624311970E-020  -2.8122866130781237E-018   4.6872540543474476E-016  -3.8454583467375441E-016   2.0141986220258640E-016  -5.2151090643508373E-017   1.8946328813589612E-004  -1.2536132452556171E-016   4.1092619740585534E-017  -7.4063614613338698E-017   2.7091872531567645E-017   6.6760523303412718E-017   2.0687345553730242E-016   2.5551559887972733E-015  -6.6657056613852577E-016   2.3927315261151041E-003  -1.6061005435544429E-015   5.5037428203171050E-016  -9.5082132364950651E-016
   1.5452223476603574E-017   6.3978602206488895E-018   2.3538482625779272E-017   3.2752813225903367E-016  -1.5207240118234455E-006  -4.4024386829406775E-018  -5.5161142215022964E-018   3.0414480236552656E-006  -2.7583276465032401E-018  -1.5207240118352775E-006   1.5157909860752253E-016   1.0580028179542849E-016   3.2139424399086202E-016   2.5926387586934684E-014  -1.4555120799830643E-019  -3.6285828471625146E-019   1.4775455209661869E-019   7.2161070450384350E-018   5.6774808396711601E-019  -6.1336451513664740E-018  -1.4530129172938622E-019  -9.5968086639216212E-019   5.6091859538426563E-019   1.0258622791083060E-018  -7.1361209557055247E-007  -2.8439279917973790E-018  -2.6565475351119092E-018   1.4272241911481484E-006   3.0607392125594858E-018  -7.1361209557714239E-007   2.4382451584872496E-016   1.4951315723630338E-016   4.7890655372529382E-016   5.8727021612300613E-014  -1.9805651316179524E-015   2.4417178836355678E-015   2.6054888440471636E-015   1.3715263093613827E-014  -1.6107942623561387E-015  -5.5233456506888640E-016   1.5295836035475405E-015   6.0237961698765193E-015   4.1898085461374071E-019   9.3236455048750290E-019   6.9924010311017691E-019  -5.5261794218744930E-018  -1.2134199735212623E-018   5.9382164226558746E-018  -2.3929293950564371E-018   1.2438769546311054E-018   7.2847826815901648E-019  -2.0632147354613067E-018   9.7679384981269083E-016   2.5845172068509193E-014  -9.4731644067684736E-005  -3.0893723249208965E-016  -2.1568387800920972E-016   1.8946328813584064E-004   7.2256287427026316E-017  -9.4731644068158193E-005   2.2481040398757313E-017   1.8199778220481018E-016   3.3915688502649936E-016  -1.1963657630542732E-003  -3.8717138736367664E-015  -2.7318394515329247E-015   2.3927315261146756E-003   9.3582248690886396E-016  -1.1963657630604228E-003
  -1.1678261077657236E-017   3.8902732885826642E-018   1.0354318169244051E-017  -7.3924267497520616E-018  -8.4314990949627637E-019  -1.2285952144148576E-018  -1.1122367968594615E-018  -2.7583276465032401E-018   3.0414480236449017E-006   4.0414236402131588E-018  -1.4601395860405445E-016   4.9166035011825221E-017   9.7696268333245754E-017  -4.4282501924943528E-016  -1.6717252431355084E-019   1.6403136175454418E-019   1.5237378510179879E-018   1.2755828648446646E-019   2.4113766811851533E-019   1.3958862639085613E-019  -2.2650622983851294E-018   5.3202494224757008E-018  -3.6582618063962506E-018   2.3914749608411386E-018   3.3265249035964878E-018   2.2291770961630758E-018  -2.8825764405036994E-018  -3.2870886295308438E-018   1.4272241911487634E-006  -1.0097992569554258E-019  -2.2464118879604598E-016   7.7033481269769871E-017   1.5410103367381321E-016  -1.0201177951742626E-015   1.5267899459892656E-015   2.8253706561164043E-016  -1.6757885866876873E-015   6.5336297027451796E-016   1.5318378842750085E-015   1.7340432475123722E-015  -1.5208042981279485E-015   1.0813452869253245E-015   2.2747735830588489E-019  -2.8456457383775926E-018   3.1125299716218192E-018  -5.4194009170186229E-019   1.2287266961118839E-019   3.0866686853140715E-019  -3.8712760776328876E-018   4.1026595874439556E-019   5.9177002011014824E-019   6.6055995276299318E-018  -6.0722212143133156E-016  -4.0663529181099981E-016   1.2662301153326284E-016   6.7548133371845865E-018  -1.1170326153100769E-016  -2.4501449665618427E-016   1.8946328813552308E-004   1.1789200115717253E-016  -3.5935176773221379E-017   4.2562737617577409E-017   4.3070929118886183E-018   1.5827487253187420E-015   1.1471334117440088E-016  -1.4273948690665537E-015  -3.1038561358514083E-015   2.3927315261105982E-003   1.5227625981110890E-015
  -1.9742936388554540E-017  -4.2632047459109589E-019   8.0230632037961674E-017   3.8522386994677424E-016  -1.5207240118234984E-006   2.2351309240289485E-018   1.0272781617701159E-018  -1.5207240118352775E-006   4.0414236402131588E-018   3.0414480236564900E-006  -2.0589879826374845E-016   2.9454145290776455E-017   7.2211112108718908E-016   2.2337458518835808E-014   1.7668908130995393E-019  -2.6965438300792367E-019   6.9239013015384147E-019  -4.0849451298932081E-018  -1.2304905529346991E-018   3.9650247835002163E-018   7.2960857740491187E-019   1.2745524522422480E-018  -4.9968920357125082E-020  -1.7331372745590393E-018  -7.1361209557381990E-007   1.0895587874159309E-018   3.0327738346562162E-018  -7.1361209557888664E-007   1.7168356750624471E-018   1.4272241911488146E-006  -3.2446545865451559E-016   2.8802046930939898E-017   1.1863664791481829E-015   5.1707526729229318E-014  -1.7078654575485350E-015   3.2523805898126437E-015  -2.6364823209073121E-015   1.8426195405357660E-014   1.5029120454659441E-015   1.7584309545307403E-015  -1.3385391341672654E-016   2.8121120414150136E-015   2.7155122466359726E-019  -1.3233197266428130E-019  -3.0107673575370415E-019   3.3789528758650098E-018   1.9632948287549409E-018  -3.6129363130749120E-018   2.0413409330408613E-018  -6.1027927839475647E-019  -2.3120688455898719E-019   1.6505215442765831E-018   2.5347134105890715E-015   2.2545048870384288E-014  -9.4731644067718238E-005   4.9730193138887069E-017   1.4002686290049712E-016  -9.4731644068146145E-005   1.2930510403430342E-016   1.8946328813586929E-004  -2.2083731985053629E-016   1.6210959977893680E-016   4.0377436784755235E-016  -1.1963657630548782E-003   6.1980542051716631E-016   1.7537759998176199E-015  -1.1963657630602773E-003   1.6584784074172704E-015   2.3927315261151800E-003
   1.5760229746305948E-002   5.9278529029767701E-017   4.6858894768351348E-016  -3.4522317463889210E-016  -1.1518154500796508E-016   1.5486936245832730E-016   6.8117980148917234E-017   1.5157909860752253E-016  -1.4601395860405445E-016  -2.0589879826374845E-016  0.16827345785375253       -2.1858290075128193E-016  -5.6420535714527006E-016  -3.1151577431041946E-016  -2.0195981302824973E-014   2.8244225561213497E-017   1.4899226191802762E-016  -6.1632111070804865E-015  -1.5452900867953088E-017  -7.2273704472243721E-015  -1.1597338286099384E-016  -5.8227549421137426E-017   2.9885707485147351E-017   1.1805537523037779E-016  -1.4172033507468117E-016   7.3302921536242907E-017  -8.1457439065969104E-017  -7.8984189751601482E-017   1.1248819138861808E-016   6.3361212662687782E-017  0.26484300148734086       -8.4201018005852176E-016  -7.7242484446880705E-016  -2.1545965886181356E-015   2.0683816261546908E-003   9.2884636534020837E-015   1.1329638978482717E-014  -6.4461611117437163E-016  -4.2538493202726868E-004   9.1754870590391797E-016   6.5558298819854910E-016   3.9835129098592051E-015  -3.0609298898840436E-014  -2.6429160090806086E-017   1.7110370355116544E-017  -1.6564096794611924E-014  -3.1668693088150476E-017  -1.6190506529280840E-014   1.9531645981124014E-017   4.5701067232389958E-017  -3.8143419068330788E-017   7.1014831101606906E-017  -2.9506650426322166E-015  -7.6211409667326877E-016  -2.8742735448235046E-016  -3.8028909949174395E-016   9.4142737912599546E-017   6.8215869968910764E-017  -3.3730165225930234E-016   1.1905101968374376E-016  0.11970831344457096       -8.4329657749329541E-018   2.3189100862776637E-016  -3.3864118564784691E-015  -4.8786802856299533E-015   1.1347105750970052E-015   7.2659808077803947E-016  -4.1359592768282431E-015   2.7097352140476881E-015
  -2.8013549919762130E-016   1.5760229746302187E-002  -5.0296330644291257E-016   3.3585073739310460E-016   2.5839887866654777E-017  -2.8997377436861108E-017   1.0224720719951069E-016   1.0580028179542849E-016   4.9166035011825221E-017   2.9454145290776455E-017  -2.1858290075128193E-016  0.16827345785377856        1.5870832656154574E-015  -4.8921010300135571E-017   4.0688499412377113E-016  -7.2955706413234737E-015  -2.5460373430016310E-018   2.0189853785607126E-016  -1.5220181311483843E-018   2.2238827961869123E-016  -2.2078356127103905E-014   7.5656106261149555E-017  -8.0859134268825044E-015   2.5730189272982931E-016   4.5623266735133890E-016  -1.4784119701912746E-016  -3.5202439931831320E-017   3.0700133495378322E-016   5.6366042379456521E-017   3.7482412659238692E-016   4.2233072399756430E-017  0.26484300148736001       -1.2574715450894505E-016   4.7914480780649271E-015  -7.1348764052848722E-016   2.0683816261555595E-003  -3.8106724806808513E-015   1.3999852321237372E-015   1.5905826542836402E-015  -4.2538493202766756E-004  -5.0442638883652244E-015   4.0383358475066379E-015   1.8606855252002587E-016  -1.7023372203643993E-014   1.3065053118540843E-016   6.1952946738363350E-017   1.1748774753140546E-018   6.0574519953299992E-017  -3.4431083217495343E-014   7.6328625333878020E-017  -1.7216717208605512E-014   1.3958691254953672E-016   3.3012291724381446E-016   1.7356943490303594E-015  -6.9345578059969354E-017  -3.3548766512087832E-016  -7.7203848119201367E-017   3.4385208782625796E-016   2.3777070406203747E-016   1.6742392704269221E-016   4.4637294513091626E-016  0.11970831344458195        7.0739810926979225E-016  -2.0412984214169963E-015  -4.4840355195879032E-015  -1.3027612961321549E-015   2.0082065061762557E-015   2.9791889464896329E-015   6.7510616451789963E-016
   6.3444369814015563E-016   2.4901554639219525E-016   1.5760229746303468E-002  -5.1177779732830778E-016   1.4155377638478161E-017   4.1083417185723887E-017   2.5113555758020229E-016   3.2139424399086202E-016   9.7696268333245754E-017   7.2211112108718908E-016  -5.6420535714527006E-016   1.5870832656154574E-015  0.16827345785376324       -4.9260613783788143E-015  -1.2882948803433208E-016   2.7317792156955965E-017  -7.9581674361871088E-015   1.0374559974835029E-016  -8.9152669587382527E-018   4.4900896118424175E-018  -2.9829609969443157E-016  -7.9339362702173600E-015  -1.1452330090447923E-016  -2.1939235494715236E-014   2.0529836162225989E-015  -1.4933619418177239E-016  -6.1885250344427935E-017   1.4905328977672738E-015  -1.4254720104374537E-016   1.3655389496310110E-015  -3.4190596207054275E-016   1.2663723996847817E-015  0.26484300148735324       -5.2312909747142750E-015  -2.7837119675984826E-015  -2.9552080105814064E-015   2.0683816261584803E-003  -1.0717695230802114E-014  -3.1047933427902515E-016  -8.6187688822047680E-015  -4.2538493203403194E-004   1.2400466288544855E-015   7.0549168241030971E-017  -1.2252242003835003E-016  -1.7110813469329471E-014  -9.0741640414369698E-017   5.2806147671698348E-017   6.2130555813434782E-017  -9.0286608204287519E-018  -1.7568791171815225E-014  -3.2527900739067325E-017  -3.3583413762138493E-014   9.6358241529053957E-016   7.2740498443452344E-016   9.9925160497349400E-016  -1.6044194753760721E-016   2.3613999975183356E-016   9.4230610378904983E-016  -2.1061943343406349E-016  -4.1032778374132816E-016  -4.1091747547567602E-016   4.0191702297830715E-016  0.11970831344457682        7.6387936598939035E-015  -3.0036220093467286E-015   2.6908057640930577E-015   5.2970834869652070E-015  -2.9901334804870728E-015  -1.2348684990811784E-014
   1.1388683381557509E-016  -1.0231965329091368E-015  -4.3812949117949859E-016   2.5489322355350722E-003   2.8985785853546344E-014  -6.6853989744771137E-016  -4.1701809787434178E-016   2.5926387586934684E-014  -4.4282501924943528E-016   2.2337458518835808E-014  -3.1151577431041946E-016  -4.8921010300135571E-017  -4.9260613783788143E-015  0.15592926292443235        1.1081327205642411E-015  -1.8594067379733976E-015   3.0856506370217216E-016  -7.6456393354378804E-016   6.3417726655548134E-016  -9.9024134467206401E-017   5.1739503654295667E-017  -1.0993887753803506E-015  -3.3870658208287896E-016   5.9536773301263363E-016   6.1548780811326937E-014   5.4439871265064942E-016   7.5279162844359691E-017   6.6165705448826142E-014   2.8036508080545233E-016   6.9159935732584084E-014   1.4084324291349239E-015  -2.5311827598620165E-015  -4.0955166434946496E-015  0.35935319469928406        1.5619144584897794E-014  -1.8228347495422293E-014  -8.6902036272273543E-015   7.0888671469326583E-003   9.4607323798393617E-015  -6.7549192348828485E-015  -3.5482760814096764E-015  -3.3209043091437417E-004  -5.9934242915960325E-016   1.0095940312895698E-015  -4.2046608570396145E-016   7.7329459735672506E-016  -6.3000119225839041E-016   3.4305814332921936E-016  -1.1843505372602598E-015   9.7138363660677867E-016  -3.1841565279121313E-016  -3.6188018589028479E-016  -4.7394758453670427E-005  0.15275309724811736        2.4489820584461714E-014  -1.5537516087861582E-015  -1.2676991458006919E-015   3.8979403711734462E-014  -7.1007103645078071E-017   2.1244714362316812E-014   7.6256752889356572E-016  -2.7177957190395667E-015  -3.0081099870853833E-015  -8.8726714472411173E-014  -2.1268733196798857E-014  -1.9704987434197195E-014   2.2109096666465362E-013  -2.0600748240534378E-015  -5.9427917684747884E-014
  -1.8826748370676673E-015   3.8007111315393170E-017  -1.2467486928772030E-017   1.9710913311253067E-017  -3.1137872771126670E-020  -2.3921405559012405E-019  -4.1420181144396043E-019  -1.4555120799830643E-019  -1.6717252431355084E-019   1.7668908130995393E-019  -2.0195981302824973E-014   4.0688499412377113E-016  -1.2882948803433208E-016   1.1081327205642411E-015   2.5036885867961064E-027  -5.0492922792737499E-029  -1.5758248920801834E-031   7.4810947404173170E-028   1.1394934239209934E-029   8.8854910549289005E-028  -3.4290040188141212E-029  -8.7335543619612797E-030  -2.2623637444309471E-029   2.9534321026069842E-030  -1.4611699332524267E-020  -1.1225313875924759E-019  -1.9436756463105414E-019  -6.8301086244161291E-020  -7.8447065015425016E-020   8.2912787107447731E-020  -3.1740698753142854E-014   6.3987035380038989E-016  -2.0483913949143937E-016   2.5734640412931587E-015  -9.8094230648200137E-015   1.1532556448425231E-016   4.6640366574695334E-016  -1.9617774203952092E-015   6.4318460474598889E-015  -5.0988194492546064E-017   4.3130801010262771E-016  -3.5665626024171412E-016   3.7394702139812104E-027  -2.5606860393503229E-029  -8.6990472042357324E-031   2.0326298906496504E-027  -4.9585804703970333E-030   1.9740906497008053E-027  -1.0047919308471087E-028   2.2625485748824828E-029  -4.3345852199301624E-029   1.3816445838397732E-029  -2.1237128793063488E-016   1.0078894971553528E-015  -1.9396957479594444E-018  -1.4901547284460670E-017  -2.5802195709661323E-017  -9.0669346554057324E-018  -1.0413808126256528E-017   1.1006630404196949E-017  -1.4788191409086387E-014   2.9430265388990210E-016  -7.1328175215312251E-017  -2.4496414126073569E-017  -1.8819161393346880E-016  -3.2585588334786764E-016  -1.1450630150688221E-016  -1.3151596415207802E-016   1.3900271563372499E-016
   9.4362623748254931E-020  -6.7886559455786578E-016   5.1116846659656989E-018  -3.1766048406833629E-017   6.3251266680783783E-019   1.5899832599528724E-019   3.9032182563107683E-019  -3.6285828471625146E-019   1.6403136175454418E-019  -2.6965438300792367E-019   2.8244225561213497E-017  -7.2955706413234737E-015   2.7317792156955965E-017  -1.8594067379733976E-015  -5.0492922792737499E-029   3.6771998422988799E-028  -2.9517092435284538E-031   2.5179382066478414E-030  -1.1553987054705305E-029  -1.3040257154929639E-029   9.8929824133594943E-028   2.3254453005208596E-029   3.7395040857477373E-028  -1.4995008828511993E-030   2.9681170621187567E-019   7.4611256034939343E-020   1.8316168730858769E-019  -1.7027419834775749E-019   7.6973048933543360E-020  -1.2653751045773325E-019   3.1310215598040397E-017  -1.1459661443032718E-014   5.6130474499348404E-017  -4.3020472027131738E-015   2.8576908695747649E-015  -4.8586526822234333E-015  -2.8148835725916477E-015   1.6325347538313401E-015   2.9414536480701475E-016   3.4897611189435483E-015   6.4556344206598880E-016  -5.8498546217248210E-016  -2.5116979793919297E-029   7.4177988409441009E-028   4.4364852955876739E-030  -2.4854244697017804E-029   1.2945343145583055E-029  -1.2937051346800738E-029   1.5766149474381479E-027  -1.6510910698508452E-029   7.7459144046622203E-028   1.7375952276393493E-029   1.1503902986064049E-015  -1.7551327364796034E-015   3.9401603701073969E-017   9.9046064297143172E-018   2.4314621173861950E-017  -2.2603813432526186E-017   1.0218133241738086E-017  -1.6797790269813495E-017   1.4505051170534310E-016  -5.4000767429408117E-015  -1.0403892832141242E-016   4.9760278248987125E-016   1.2508525683955221E-016   3.0706930720281416E-016  -2.8546351930080937E-016   1.2904478638632724E-016  -2.1213926319012808E-016
   1.4748269658486078E-017  -5.9895786098257554E-019  -7.4237150326576039E-016   4.8106250921006668E-018  -8.4014468214327421E-019  -9.6458268749675185E-019  -2.2980895235682186E-018   1.4775455209661869E-019   1.5237378510179879E-018   6.9239013015384147E-019   1.4899226191802762E-016  -2.5460373430016310E-018  -7.9581674361871088E-015   3.0856506370217216E-016  -1.5758248920801834E-031  -2.9517092435284538E-031   3.9838654186455249E-028  -7.1510891479696952E-030   1.8437906913078842E-031  -3.0467882414376808E-030   1.3306178798915130E-029   3.9737697183534336E-028   4.4696836934399265E-030   1.0878245483669931E-027  -3.9424471671353147E-019  -4.5263826151891989E-019  -1.0783971765809174E-018   6.9335023813972813E-020   7.1502636410453810E-019   3.2490969297528064E-019   2.3855353905883644E-016  -5.8774300134085862E-018  -1.2509993732108507E-014   7.0824288891640668E-016  -8.0846728583152319E-016   4.3432413036049718E-016  -3.1964070641114988E-015   3.0615327396362088E-016   1.5726689245249866E-015   6.8589154392435118E-016   4.6775393882560999E-015  -4.3478716523251495E-018  -2.3313195562894048E-029   3.8394292384977680E-030   8.3223304887076706E-028  -4.7627635471543302E-030  -2.4856396797832293E-030  -1.3228818124823806E-029  -6.1622528576512452E-031   8.5314463378385772E-028   9.9478956038548422E-031   1.6471216284560641E-027  -8.5701651725432348E-016   3.1357277728723167E-016  -5.2335786362329058E-017  -6.0087499845489944E-017  -1.4315667871898983E-016   9.2041892716414823E-018   9.4919387497930556E-017   4.3131597090689831E-017   6.9923676646888865E-017   1.6939429939222435E-017  -5.7987796699270122E-015  -6.6094855211955712E-016  -7.5884492779733885E-016  -1.8079254388278491E-015   1.1623968980641967E-016   1.1987367744982454E-015   5.4470886231317608E-016
  -5.7420796164332357E-016   2.0182708747774572E-017   1.2373540309940535E-017  -1.3866387188151796E-017  -3.1311619154853835E-018   1.0519688288200672E-020  -5.3755279652586610E-020   7.2161070450384350E-018   1.2755828648446646E-019  -4.0849451298932081E-018  -6.1632111070804865E-015   2.0189853785607126E-016   1.0374559974835029E-016  -7.6456393354378804E-016   7.4810947404173170E-028   2.5179382066478414E-030  -7.1510891479696952E-030   2.6065643938706409E-028  -4.1776251162078315E-031   2.5177166807132259E-028  -2.2245222797300805E-029   6.8076888718600056E-030  -4.4927522796420028E-030  -1.9268032016990519E-030  -1.4693231639280857E-018   4.9364491729180641E-021  -2.5225101634035832E-020   3.3862168478979454E-018   5.9857762104640588E-020  -1.9168936850494233E-018  -9.6845826174688842E-015   3.2432726894965634E-016   1.7697961168811699E-016  -1.7788553462131836E-015  -3.4577015547971364E-015  -1.4295389998026522E-015  -2.9918955522460621E-015   1.6821840734275230E-015  -1.0964849327339768E-016  -2.7152470042845700E-016  -6.6855527026972468E-016  -2.4623134804978099E-016   1.1423136459595866E-027  -2.3726898879650186E-029  -1.2172348846429012E-030   5.9019646001280554E-028   8.9396691079146774E-031   6.1607580521139193E-028  -2.9782623234574949E-029  -1.1322410028463932E-029  -1.5961985572907410E-029  -6.8396690601537354E-030   1.3031985573294991E-016  -6.8263492672003756E-016  -1.9505190539376390E-016   6.5531112746921326E-019  -3.3486194594318409E-018   4.4951857065522917E-016   7.9460875867932181E-018  -2.5446666526207925E-016  -4.5324410405598843E-015   8.1050700120712361E-017  -5.6956682354493175E-017  -2.4633101634406450E-015   8.2759230537690154E-018  -4.2289709148277126E-017   5.6769692227132111E-015   1.0035112588444997E-016  -3.2136590592731810E-015
  -3.5661300521028155E-019   3.4304600617208807E-019  -1.7286120854043811E-018   1.0840493793051819E-017   6.6274246927072000E-019   3.4845372514692636E-019  -1.2945131562778257E-019   5.6774808396711601E-019   2.4113766811851533E-019  -1.2304905529346991E-018  -1.5452900867953088E-017  -1.5220181311483843E-018  -8.9152669587382527E-018   6.3417726655548134E-016   1.1394934239209934E-029  -1.1553987054705305E-029   1.8437906913078842E-031  -4.1776251162078315E-031   5.8989880669691173E-030  -2.5060663822006171E-030   4.9801769931070667E-030  -8.4141996117519443E-030  -1.5135402367570843E-030  -3.1122358697482916E-030   3.1099728745555828E-019   1.6351474105828187E-019  -6.0746081405814433E-020   2.6642040051715120E-019   1.1315580956411408E-019  -5.7741768712826965E-019  -1.8691235323014703E-017   1.2821642347367961E-019  -1.8643006306527789E-017   1.4673536987220840E-015  -1.2466514618159456E-015  -5.9562190668217158E-016   1.0181477530544481E-015  -5.6599178980983357E-016  -6.4822122942633590E-016  -1.1457920106653427E-015   4.6791919576129373E-016   2.3109345560798280E-017   4.4774405344115530E-030   6.0275804478529078E-030  -2.6656993357203300E-030   5.3075875537387873E-030  -5.9231782361449577E-030   8.0100865376404870E-030  -1.0452543768394929E-029   4.8542600699480333E-030  -2.2693145608862841E-030  -6.0687290363038042E-030   3.0419652999662745E-016   5.9827657857326869E-016   4.1284732277983967E-017   2.1706499015080839E-017  -8.0640115239155580E-018   3.5367173124477459E-017   1.5021376377672611E-017  -7.6651905402046042E-017  -6.5305137670345325E-017  -2.6715974987277800E-017   3.8049821597543511E-017   5.2138480990351593E-016   2.7413133713649446E-016  -1.0184038707482537E-016   4.4665196596582263E-016   1.8970493533672708E-016  -9.6803677586896858E-016
  -6.7553490261164813E-016   1.9730026850316943E-017   7.0093212824432921E-019  -1.0538145863785739E-018   2.1686203678183629E-018  -1.1931986562350221E-018   1.2817778045572505E-018  -6.1336451513664740E-018   1.3958862639085613E-019   3.9650247835002163E-018  -7.2273704472243721E-015   2.2238827961869123E-016   4.4900896118424175E-018  -9.9024134467206401E-017   8.8854910549289005E-028  -1.3040257154929639E-029  -3.0467882414376808E-030   2.5177166807132259E-028  -2.5060663822006171E-030   3.3583991854070807E-028  -3.3223675819928266E-029   1.3839897434992247E-030  -1.5923890948648084E-029  -7.1233021312008599E-030   1.0176427235540246E-018  -5.5991816193520157E-019   6.0148464681793891E-019  -2.8782628116265951E-018   6.5503096806477678E-020   1.8606200879933970E-018  -1.1368080694551300E-014   3.4435023712161623E-016   8.5145239560585674E-018  -2.2124634073513301E-016  -1.4121679433627383E-015   1.2415145891096751E-015  -3.2108868902163833E-016  -7.1907736252109130E-016   4.2988033946363215E-015   3.0168302858798089E-016  -1.8138614143565844E-016  -3.3479389634314441E-016   1.3355510933940138E-027  -2.8010202971705427E-029  -5.0391004254111943E-030   7.3714526079538338E-028   5.7434894114235449E-030   6.8721554777874923E-028  -4.8454725157557846E-029  -2.2944581835894281E-030  -2.5443520282730720E-029   3.4535202283284731E-030   5.4876476913402868E-017  -1.2456168335370119E-016   1.3509155586859937E-016  -7.4328852260622539E-017   7.9846782066100106E-017  -3.8208792969404532E-016   8.6955029096951908E-018   2.4699637382547859E-016  -5.2010475335898315E-015   2.1231305426943247E-016  -1.0793515413626102E-017   1.7060710168130435E-015  -9.3869894191003562E-016   1.0083848675283106E-015  -4.8253877789315255E-015   1.0981549065335625E-016   3.1193167621185693E-015
  -9.8603765387923493E-018  -2.0571166614494392E-015  -3.1777392729439495E-017   1.5052328837950792E-018  -5.8430728571461655E-019   1.1327159023862588E-018  -8.3294246552694240E-019  -1.4530129172938622E-019  -2.2650622983851294E-018   7.2960857740491187E-019  -1.1597338286099384E-016  -2.2078356127103905E-014  -2.9829609969443157E-016   5.1739503654295667E-017  -3.4290040188141212E-029   9.8929824133594943E-028   1.3306178798915130E-029  -2.2245222797300805E-029   4.9801769931070667E-030  -3.3223675819928266E-029   3.0135717777094958E-027  -4.5391195125637938E-030   1.1088507817519077E-027  -1.9092175425256620E-029  -2.7419094027037920E-019   5.3153613839012973E-019  -3.9086501802738199E-019  -6.8183811472175408E-020  -1.0628988828877423E-018   3.4237475162383282E-019  -1.7735346070799022E-016  -3.4693768944551817E-014  -4.8932937328359479E-016   1.2732938687562407E-016  -1.1594708101850819E-015  -1.1903295084631526E-014   4.4490763696262274E-015  -8.0291232085600198E-016  -8.7946248386249220E-016   6.4532551242521831E-015   3.6516532597666253E-015   1.5250253775731608E-015  -1.0021126600950094E-029   2.2973585699351319E-027  -1.5796413976616615E-030   5.7989902991010572E-030  -9.3746818001154286E-032   1.3777964886291068E-029   4.6536404040293541E-027   1.4887753452329817E-029   2.3173676442775255E-027   1.7077951282434738E-029   2.2589684822939724E-015   1.9339055201004539E-017  -3.6398708369061548E-017   7.0561153016500191E-017  -5.1887133074920850E-017  -9.0513664164622537E-018  -1.4109928808438349E-016   4.5450074785547913E-017  -1.3285612192307709E-016  -1.6217942314189198E-014  -1.8695352325493946E-017  -4.5967922272132385E-016   8.9111667491228949E-016  -6.5528251055706499E-016  -1.1430969024231503E-016  -1.7819426561929646E-015   5.7398891296375731E-016
  -6.9535538671659638E-018   6.8346548090059826E-018  -7.3771349158777621E-016  -1.9938557683166733E-017  -3.1487158638839496E-019   3.6475043674722924E-019  -1.8029885898580689E-018  -9.5968086639216212E-019   5.3202494224757008E-018   1.2745524522422480E-018  -5.8227549421137426E-017   7.5656106261149555E-017  -7.9339362702173600E-015  -1.0993887753803506E-015  -8.7335543619612797E-030   2.3254453005208596E-029   3.9737697183534336E-028   6.8076888718600056E-030  -8.4141996117519443E-030   1.3839897434992247E-030  -4.5391195125637938E-030   4.2844418231424876E-028  -1.0457682077620621E-031   1.1032527901947656E-027  -1.4775605016215894E-019   1.7116210536719054E-019  -8.4606704166640995E-019  -4.5033804267021490E-019   2.4965702585270866E-018   5.9809409100446588E-019  -9.9350660716622601E-017   1.1775872819211700E-016  -1.2459557320923512E-014  -2.5578910119678317E-015   1.6290171344226701E-015   3.3233842872971191E-016  -5.8551560044264841E-015   2.4376886556468737E-015  -8.9153488430562888E-016   1.0843877098323328E-015   4.7478747095021747E-015   1.2114815621768144E-015  -4.9343272929360904E-031  -2.1040363017477914E-029   8.4905015804560785E-028  -5.7030827771678011E-030   6.2767089237770491E-030  -6.2723816461201453E-030  -1.7387709298117607E-030   8.4323097941727652E-028  -2.5385429893389489E-030   1.6776236843063069E-027  -1.0552777508278218E-015  -9.8106623082767964E-016  -1.9614540704557909E-017   2.2721682750651978E-017  -1.1231497104225048E-016  -5.9782146878947746E-017   3.3141843669394834E-016   7.9396687582499935E-017   3.0253410994728864E-017   6.7913510357291374E-017  -5.8979590112939010E-015  -2.4771199938045741E-016   2.8695209071269404E-016  -1.4184255678848283E-015  -7.5498862572682411E-016   4.1854828426954933E-015   1.0027006251063627E-015
