   2.1243345484002640E-002  -4.9518865541032572E-009   1.0948901721464818E-008  -8.3013143210055224E-009  -8.2595946041617878E-009  -7.7291404987762303E-009   1.2924177684958999E-008   2.9107784465151072E-009   3.3303188132184196E-009   5.3488135052256371E-009   6.1401751804759874E-002  -7.1210942960859848E-009   1.5443273845463854E-008  -2.2223680281779756E-008   1.0594872749341290E-010  -1.8995083592699965E-010   4.0813445660928398E-010   1.1695634090331352E-010   2.7287266657516105E-010  -2.5912407917875426E-010   1.1606192367090222E-010  -5.4156974232701398E-011   3.4237089234595384E-011  -2.6383905539414052E-010  -4.3810907774419199E-009  -4.1365533533257094E-009   5.6232011176378619E-009   2.0491183022439267E-009   3.2669064408502581E-010   2.3319706197906216E-009  -1.8962661039306369E-008   5.3946854969070923E-002  -5.9773296814969619E-009   1.3143438591387486E-008   2.4439967670633853E-009   1.1272133590879266E-010   8.0568290340935745E-011  -8.8977017689915938E-011   1.8308669073615368E-010   5.7922356275364686E-011   1.3647347994307644E-010  -1.6601318189548280E-010   5.3524250696374992E-011  -5.7608424162394441E-011   1.7166624173534308E-011  -9.3526012769163325E-011  -1.4808904099662781E-003   2.3262566197345626E-010  -4.9202351378481602E-010  -2.6360621499636913E-009  -2.4705435292650350E-009   3.4869415197655899E-009   1.1753888997051871E-009   3.8066019881637451E-010   1.4606728671728152E-009   7.8687582566485261E-011   6.2958914182725065E-003  -6.4198124910290719E-010   1.4032652999371512E-009  -3.9226489238032731E-010  -3.5368303384236418E-010   5.4969979978762139E-010   1.7401462017355953E-010   6.0896968225750707E-011   2.1825022744428037E-010
  -4.9518865541032572E-009   2.1243346795298837E-002   1.0391001877820547E-008  -8.6092618932592128E-009   2.5835992120600479E-009  -4.9676849599970971E-009   1.5631677415603072E-009  -3.4005558935839476E-009   5.4916887585766194E-009   8.1695434493581696E-010  -5.6783267500112310E-009   6.1401753633802243E-002   1.4099044815756398E-008  -2.0152174495917300E-008   4.7668711823211090E-011   2.0271907539716193E-011  -3.1357133959083940E-011  -1.2568204813632373E-010   2.3512633005422338E-010   6.1727687518364821E-011   1.7909645287407258E-010   2.8240275749473754E-010  -2.6055051221220417E-010  -1.8711848804392174E-010   2.2869858620753448E-009  -3.2553898740192870E-009  -3.3952754099215600E-011  -4.2583078856255090E-009   4.8795024036313856E-009   1.9713203097424541E-009  -1.6881830896337846E-008  -4.7787923999269485E-009   5.3946856249953663E-002   1.1931853098308034E-008   2.3128551536319705E-009   9.6507184637351103E-011   5.4687000425675235E-011   3.0183507194253461E-011  -5.4570650204340358E-011  -9.7457406212384084E-011   1.4590911780771919E-010   2.4087111708642277E-011   1.2000549184344238E-010   2.0273047784194169E-010  -1.9119646061896051E-010  -1.1043193400899925E-010   2.0330690366775463E-010  -1.4808905045399956E-003  -4.6919035142896631E-010   1.2313086605742854E-009  -1.9446846347924331E-009   1.3089193403298961E-010  -2.2276923692138407E-009   2.6400129815149783E-009   9.9638323383266914E-010   3.5324426543501613E-010  -4.9922841846740114E-010   6.2958915533702989E-003   1.2664214891971014E-009   1.7894986601637869E-010  -2.8120611021533310E-010   1.4426686471949156E-011  -3.1394589333291679E-010   4.1783726125740647E-010   1.3499595290715571E-010
   1.0948901721464818E-008   1.0391001877820547E-008   2.1243327411202578E-002  -3.8093489920718196E-009  -6.6293676992922261E-009  -4.5769363442171778E-010  -3.1793799661206510E-009  -4.6919827443890778E-009  -6.0403698622706150E-009   1.1321355400273248E-008   1.2793715796016160E-008   1.2754112622095927E-008   6.1401728628657469E-002   4.6550458590806656E-008  -1.2862102814941577E-010  -6.5737024085584512E-011   1.8477677357641367E-010  -9.2246330285379540E-011  -6.6762130667046213E-011   2.6480959766324922E-010  -2.0109996593769415E-010   2.7275785944529498E-010   3.3554102632761628E-010  -3.4102084702553673E-010  -3.0428232738529303E-009   7.9927687882433090E-011  -3.1732076274137528E-009  -2.9975959990359169E-009  -3.7558658068498430E-009   6.0404223649317810E-009   2.9011105533775147E-008   1.0709759778317943E-008   1.0647836399913344E-008   5.3946835143638197E-002  -4.7843803869477009E-009  -3.1853545043810889E-010  -1.2170477152853791E-010  -4.4731393834116832E-011   1.1161085031761796E-010  -4.8882374554257310E-011  -8.2468972741973812E-011   2.1216631503605745E-010  -1.1947590988205034E-010   1.4802905480205809E-010   2.0502516643052823E-010  -1.9352434305954542E-010  -4.5927704980910034E-010  -4.5769880599708091E-010  -1.4808896485342855E-003  -1.8857664627932352E-009  -1.1463517064840807E-011  -1.7606220955164812E-009  -1.7086035838198867E-009  -2.2177360837013836E-009   3.5943706385475319E-009   8.7785149445864954E-012   1.1189254722546326E-009   1.1180849322876867E-009   6.2958893269681841E-003  -2.9834998670834463E-010  -1.4777326371995490E-012  -2.5785500831536834E-010  -2.6665149528011194E-010  -3.0901006836907787E-010   5.6500155112078547E-010
  -8.3013143210055224E-009  -8.6092618932592128E-009  -3.8093489920718196E-009   1.0643420808652127E-004  -7.5286203518839043E-012   1.7560621948102051E-011  -2.5778367851841508E-011  -1.4267318662654305E-011  -3.2639394485636383E-011   2.1795223447040369E-011  -2.2586089233829212E-008  -2.3597174389065717E-008  -1.3254082092145757E-008   5.1232112826909045E-003  -4.3805576633057499E-011  -2.2005178268057864E-011   3.6589857575922512E-011   1.4828713147860175E-011   2.0075668235969792E-012   4.3942603889232822E-011   1.2551270310414602E-011  -2.0264559885137582E-011   5.1658569955906534E-012  -1.2168166085437592E-011  -4.3559843946254712E-011   4.8205976300506753E-011  -1.0156155072994178E-010  -7.2950865174184507E-011  -1.1564508409250367E-010   1.1650818929008534E-010   9.3068943880333984E-003  -1.8382523861869616E-008  -1.9425132998056125E-008  -1.4195167149275387E-008  -1.4224329940727848E-003   1.6771376748095951E-004   3.4823092391101663E-012   4.2303195036584185E-012  -3.8271466458494706E-012   1.4725436713359653E-012  -2.5971354670156939E-012  -6.1445608538832393E-012  -4.4526416173443195E-012   4.7344608445988039E-012   1.7435234224816280E-012  -6.7627037293197791E-013   3.9424939136152755E-009   3.7971822393902260E-009  -5.2201701932578405E-009  -1.0290132975808507E-011   1.3988661973049095E-011  -3.2948452341045201E-011  -2.8711591366068035E-011  -3.2090639055921193E-011   3.8999746336097464E-011   1.5329502328523567E-003  -1.5237585388835976E-009  -1.6767518098324242E-009  -2.6765819864875817E-009  -3.5736819471052258E-012   4.4299458518400864E-012  -9.8019365905202688E-012  -8.0266322803731348E-012  -9.6083888904682413E-012   1.1600401174762879E-011
  -8.2595946041617878E-009   2.5835992120600479E-009  -6.6293676992922261E-009  -7.5286203518839043E-012   5.5955584387146971E-015   2.5427105295740618E-015  -3.8411181167219500E-015  -8.0191295993963610E-017   1.2607877743548024E-015  -5.5153678931755942E-015  -2.3873844945381747E-008   7.4677936432950483E-009  -1.9161776970300078E-008  -3.6592540309630446E-010   7.8600540849620001E-018   9.8366611823773915E-017  -2.2268991701290417E-016  -3.3009300149974453E-017  -5.6800758187083987E-017   2.2472683990192959E-017   3.8489368734453537E-017  -2.8278799581178487E-017  -1.5000486163663124E-016   1.8705927110748267E-016   2.9325226539160413E-015   1.1836330235865542E-015  -1.1923683422633800E-015  -3.7358898643828582E-016   1.6455419417288563E-015  -2.5589339408673419E-015  -6.6421018419640936E-010  -2.0974801931981038E-008   6.5608837633562332E-009  -1.6834940990678173E-008   2.2765558770064231E-011  -1.7233445810882895E-013   1.3068871370787968E-017   5.1972753546873790E-017  -1.1248727580648845E-016  -1.9248568867103000E-017  -9.4032762828972588E-018   1.7138201328922183E-018   3.1418203890294466E-017   5.3346969115805833E-019  -9.4125734054941152E-017   8.3445515642460387E-017  -1.6420071034415487E-010   1.7947957677543715E-010  -1.1256827606292323E-010   1.7669212136237818E-015   7.2735838519406683E-016  -7.8909375028695248E-016  -1.9334741929842241E-016   8.6966481426976175E-016  -1.5735737536281292E-015  -1.1321395175809458E-010  -2.5540038433653118E-009   8.1726337784827543E-010  -2.0471551901771689E-009   2.7518046305843807E-016   1.0539647524232509E-016  -1.3345022667466077E-016  -2.3763266777181960E-017   1.2974992501127554E-016  -2.5141721906666919E-016
  -7.7291404987762303E-009  -4.9676849599970971E-009  -4.5769363442171778E-010   1.7560621948102051E-011   2.5427105295740618E-015   3.9870929867205641E-015  -5.0040152196067533E-015  -1.6499679227805143E-016  -2.3715688856785969E-015  -2.3777124619003617E-015  -2.2340583484240031E-008  -1.4358874434607938E-008  -1.3229084728724462E-009   8.5440194052019768E-010  -5.4195469227065439E-017   6.2101877192620862E-017  -1.3901056738736731E-016  -8.7095242714550359E-018  -1.5242239863555747E-016   8.1428600136228296E-017  -7.7641898020656857E-017  -5.5552315597899300E-017   4.2064726462575340E-017   1.4501845814919234E-016   1.1171199308295913E-015   2.2712472623572241E-015  -1.9855169397655862E-015   3.0225600883584259E-016  -1.1972095380261011E-015  -1.4193753622822376E-015   1.5506510439622143E-009  -1.9627763068344815E-008  -1.2615127591392560E-008  -1.1622923752492248E-009  -1.7477671528084049E-011   6.5697540063461834E-013  -3.8938445432997289E-017   2.7003409913154199E-017  -5.6938127741008320E-017   3.0217382013735469E-018  -8.2514570212797225E-017   4.9218664977821418E-017  -4.5755159130432990E-017  -2.8892387620582721E-017   3.4385645582474084E-017   6.3974333393700301E-017  -9.7625903667140470E-011  -2.9019549884756908E-010   3.2552753779431236E-011   7.1079994782637793E-016   1.3586786182378100E-015  -1.2686918747272760E-015   1.2606240889542792E-016  -7.1525940727504460E-016  -8.3686243453121754E-016   2.6602712150755957E-010  -2.3819452537678521E-009  -1.5635420700827994E-009  -1.3555305433577159E-010   1.0842384698879905E-016   2.0139901132435540E-016  -2.0399600918427714E-016   1.6478791490749903E-017  -1.1937429781970461E-016  -1.2490258500966367E-016
   1.2924177684958999E-008   1.5631677415603072E-009  -3.1793799661206510E-009  -2.5778367851841508E-011  -3.8411181167219500E-015  -5.0040152196067533E-015   8.4608778140677636E-015   2.2267813716528305E-015   3.3424685693469142E-015   1.6143344074444454E-015   3.7356475850832025E-008   4.5181890834011431E-009  -9.1899681532350212E-009  -1.2533656248162983E-009   9.7873297802477040E-017  -9.8830168836143921E-017   2.0934959407874150E-016   7.2050311214087404E-017   1.9274225641593809E-016  -2.0337485889706382E-016   1.1077046716727859E-016  -4.7981886585965523E-017  -4.9783880640109573E-017  -1.2027709617644327E-016  -2.0304643139689800E-015  -2.7788746016367390E-015   3.9159993574042641E-015   1.3985983362179117E-015   1.1475514452285312E-015   6.3186488685568246E-016  -2.2748746454117283E-009   3.2820316401377210E-008   3.9696223169145512E-009  -8.0737932618300967E-009   4.8876749678619240E-011  -7.6706124813870557E-013   7.0474229686634008E-017  -4.6278151151846743E-017   9.1659274235868234E-017   3.5069490104150250E-017   1.0682829516966929E-016  -1.2961888710018577E-016   6.0419731913137384E-017  -4.3508020977940328E-017  -3.4784112246293120E-017  -3.5889807558242729E-017   9.6547506557482032E-011  -1.0084401351094300E-010  -4.0583067825644695E-010  -1.2295585927689151E-015  -1.6497786048700819E-015   2.4067087966434034E-015   8.1605668207548032E-016   7.6678497614827767E-016   4.1350201582413304E-016  -3.8915267651493484E-010   3.9733738691964048E-009   4.6444195444135429E-010  -1.0322487956797832E-009  -1.8281721872075253E-016  -2.4164191211745302E-016   3.8665253667731197E-016   1.2990429887019572E-016   1.1941083233215197E-016   5.2912845621764782E-017
   2.9107784465151072E-009  -3.4005558935839476E-009  -4.6919827443890778E-009  -1.4267318662654305E-011  -8.0191295993963610E-017  -1.6499679227805143E-016   2.2267813716528305E-015   1.9819904578401545E-015   9.1557707633036236E-016  -1.9018001409026527E-015   8.4134747987956992E-009  -9.8292728307832692E-009  -1.3561958977806123E-008  -6.9363615843916214E-010   4.1203366910718174E-017  -1.1768027811139944E-017   1.5163719756589654E-017   5.4467763653696024E-017   1.4227295666600640E-017  -1.0975096674283684E-016   2.9952656829866267E-017  -1.1003424144570043E-016  -2.8418450408492820E-017   7.0711168275793110E-017  -2.8810193689402830E-016  -7.0271038759998162E-017   1.4893045313306608E-015   1.6327248705231944E-015   1.0949585556335726E-016  -1.3446232537828341E-015  -1.2589962329121289E-009   7.3917448205113104E-009  -8.6354237429297973E-009  -1.1915011275335959E-008   3.2722711108180450E-011  -3.7412026663387659E-013   2.8721066214040361E-017  -7.7259725303056593E-018   9.7072162895062978E-018   3.4189909466404110E-017   1.3903448956276758E-017  -7.2722864830344767E-017   1.5112801933144588E-017  -7.3795003958274586E-017  -1.2548591198238817E-017   4.7768289355685028E-017   1.6164914381826566E-010  -4.7625282892742734E-010  -2.4072076616388424E-010  -1.4105135457183346E-016  -2.5876765212610637E-017   8.5229875325257438E-016   9.0189723129572773E-016   1.2267457458196226E-016  -7.6084572982049777E-016  -2.1509787467559939E-010   9.1494326348031630E-010  -1.1101054680689651E-009  -1.4719824220633492E-009  -1.7688732144299969E-017  -2.0343620280323701E-018   1.3662020494381841E-016   1.4153893002625723E-016   8.5066339569174951E-018  -1.2385022479834846E-016
   3.3303188132184196E-009   5.4916887585766194E-009  -6.0403698622706150E-009  -3.2639394485636383E-011   1.2607877743548024E-015  -2.3715688856785969E-015   3.3424685693469142E-015   9.1557707633036236E-016   3.6701859635925015E-015  -2.1763670458676749E-015   9.6259630045904035E-009   1.5873605466429032E-008  -1.7459373237160352E-008  -1.5878769035161129E-009   7.9029936141453477E-017   9.5228433321704042E-019  -7.9524783978871577E-018   7.5029722000974242E-018   1.2185392610620757E-016  -1.1353632523365265E-016   1.1771359117440042E-016  -6.8021679090468938E-018  -1.5888054305448348E-016   1.0995928760584872E-017   7.8186897229972144E-016  -1.5266478424111889E-015   1.8058257433483335E-015   9.5968612732072808E-017   2.4141105503971086E-015  -8.7783840361949339E-016  -2.8819085469959985E-009   8.4572506597870907E-009   1.3945736405137549E-008  -1.5339191355958033E-008   4.4674658386796414E-011  -1.0621455973270193E-012   6.0352488110317590E-017   5.2887828992582159E-018  -1.6012135157466640E-017  -2.6964855471030761E-018   8.3451792117963048E-017  -7.8274375415648803E-017   7.4850999526509701E-017  -1.3239640690943575E-019  -1.0571421178375494E-016   1.2033460021548109E-017  -2.2181936744750721E-010   5.8892654886404019E-010  -2.1179462921516953E-010   4.4655624241978960E-016  -8.9301468023820487E-016   1.0925352830612568E-015   1.0195397853462868E-016   1.3867611214680132E-015  -5.4850998766023226E-016  -4.9382810351709282E-010   9.8849014404241136E-010   1.7669152237363249E-009  -1.8809355692849845E-009   7.6057487674829172E-017  -1.3376906136421274E-016   1.6922168110921851E-016   2.1415163758723021E-017   2.1851884258090186E-016  -9.7472737571650606E-017
   5.3488135052256371E-009   8.1695434493581696E-010   1.1321355400273248E-008   2.1795223447040369E-011  -5.5153678931755942E-015  -2.3777124619003617E-015   1.6143344074444454E-015  -1.9018001409026527E-015  -2.1763670458676749E-015   7.4171697636015301E-015   1.5460362483286044E-008   2.3614724323051220E-009   3.2723750275810943E-008   1.0595235433506120E-009  -4.9063145955883544E-017  -8.6598414769177876E-017   2.0752592180485231E-016  -2.1458595518672756E-017   4.2573371489463496E-017   8.7278045766224460E-017  -6.8442199778933596E-017   1.3831323073712027E-016   1.7842337653492237E-016  -2.5777037547423599E-016  -2.6444207927547267E-015  -1.1133614471879356E-015  -2.9693687916937070E-016  -1.2591358333559554E-015  -1.7550383802643815E-015   3.9035572196773941E-015   1.9231379134270048E-009   1.3583050373775624E-008   2.0745340467339025E-009   2.8749964852502611E-008  -5.5567410209144707E-011   4.9779968388872794E-013  -4.1790007720740552E-017  -4.4246815286161892E-017   1.0278009790098356E-016  -1.4941359045514873E-017  -4.5002057694066038E-018   7.1009157240008700E-017  -4.6531020941499207E-017   7.3261518514423741E-017   1.0667437980670205E-016  -1.3121382186671540E-016   2.5592010400358385E-012   2.9677000755708434E-010   3.5329131047770443E-010  -1.6258700606339855E-015  -7.0148120390302944E-016  -6.3205619423320154E-017  -7.0854990019298167E-016  -9.9234004017320670E-016   2.3344197732336835E-015   3.2829627008371174E-010   1.6390608620022759E-009   2.9284090911577181E-010   3.5191394560280222E-009  -2.5749182354028970E-016  -1.0336207250183943E-016  -3.1700367733872343E-018  -1.1777565285883259E-016  -1.3825669412630266E-016   3.7526752609747950E-016
   6.1401751804759874E-002  -5.6783267500112310E-009   1.2793715796016160E-008  -2.2586089233829212E-008  -2.3873844945381747E-008  -2.2340583484240031E-008   3.7356475850832025E-008   8.4134747987956992E-009   9.6259630045904035E-009   1.5460362483286044E-008  0.17747591060098616        4.3746190194313573E-009  -9.8553450279978059E-009   4.1675971944371561E-009   3.0621280597408133E-010  -5.4900858293792544E-010   1.1796179657232775E-009   3.3803154173953664E-010   7.8867000537210642E-010  -7.4892445338522498E-010   3.3545167613788287E-010  -1.5652225001856730E-010   9.8951960996863104E-011  -7.6256999444992785E-010  -1.2662189400875733E-008  -1.1955504969558489E-008   1.6252053991903820E-008   5.9223109914508658E-009   9.4427181996955782E-010   6.7398730489342791E-009   6.9360335896657330E-008  0.15592776148182838        4.6505807512621710E-009  -9.8870896150148715E-009   4.5816351786471328E-009   5.2745541461067070E-010   2.3290205283428430E-010  -2.5721078556491717E-010   5.2926134078581968E-010   1.6744192440124109E-010   3.9451238175466036E-010  -4.7990455102747802E-010   1.5472426788067469E-010  -1.6652894702479475E-010   4.9626178175013812E-011  -2.7036486408876439E-010  -3.5343982981179299E-003   9.4820264725238123E-012   4.0477641190949255E-011  -7.6209335923197401E-009  -7.1423005740392560E-009   1.0080842183380431E-008   3.3981839138136850E-009   1.1002362533545160E-009   4.2227485719108300E-009   2.1461634672997455E-008   1.8304606419210188E-002   6.9427395636856770E-010  -1.5092131609724997E-009  -1.1379132859802654E-009  -1.0259766286408536E-009   1.5942903351490499E-009   5.0503335561397793E-010   1.7599644436724183E-010   6.3287980124264058E-010
  -7.1210942960859848E-009   6.1401753633802243E-002   1.2754112622095927E-008  -2.3597174389065717E-008   7.4677936432950483E-009  -1.4358874434607938E-008   4.5181890834011431E-009  -9.8292728307832692E-009   1.5873605466429032E-008   2.3614724323051220E-009   4.3746190194313573E-009  0.17747591021927020       -9.1942448845059954E-009   4.2630751293884953E-009   1.3776682674506843E-010   5.8588108453678317E-011  -9.0619852777667608E-011  -3.6324531560645535E-010   6.7957025080984884E-010   1.7841151151382129E-010   5.1762665405752487E-010   8.1619879974049252E-010  -7.5304413331350098E-010  -5.4081498752248158E-010   6.6098319608441851E-009  -9.4085557543249799E-009  -9.8130359829156768E-011  -1.2307280190284986E-008   1.4102441603600697E-008   5.6974432782204837E-009   6.4681607191812173E-008   4.4509693458880626E-009  0.15592776020376917       -9.3945862719462105E-009   4.1572371242630734E-009   4.8607086798318985E-010   1.5808548683201415E-010   8.7251028632778429E-011  -1.5774873613561811E-010  -2.8172268111248754E-010   4.2178493230241547E-010   6.9628789858380613E-011   3.4690508055506326E-010   5.8604148550105181E-010  -5.5269816411030744E-010  -3.1923090979210466E-010   1.8303824148880059E-011  -3.5343983563996661E-003  -3.5713459091063395E-012   3.5598061621931025E-009  -5.6223819972931805E-009   3.7834682574889527E-010  -6.4406058499138620E-009   7.6329178012444170E-009   2.8807983165403173E-009   2.0413380745253350E-008   6.7828671823930141E-010   1.8304606240000149E-002  -1.4385348743832944E-009   5.1937976491007462E-010  -8.1641211511475083E-010   4.1702636743340499E-011  -9.1171936755630500E-010   1.2132036291809865E-009   3.9233938763541295E-010
   1.5443273845463854E-008   1.4099044815756398E-008   6.1401728628657469E-002  -1.3254082092145757E-008  -1.9161776970300078E-008  -1.3229084728724462E-009  -9.1899681532350212E-009  -1.3561958977806123E-008  -1.7459373237160352E-008   3.2723750275810943E-008  -9.8553450279978059E-009  -9.1942448845059954E-009  0.17747592761199779        2.5556204344589037E-008  -3.7173537255409799E-010  -1.8999141578944316E-010   5.3404593652275681E-010  -2.6661571617312398E-010  -1.9295145219943020E-010   7.6535119844439578E-010  -5.8122841567767024E-010   7.8833842131331433E-010   9.6979140468275801E-010  -9.8563167187120852E-010  -8.7942292737890728E-009   2.3103224791550002E-010  -9.1710109720814285E-009  -8.6635346527464435E-009  -1.0855161158868980E-008   1.7457772867517903E-008  -1.1399878884697891E-007  -1.0192922984859421E-008  -9.6904946444783667E-009  0.15592777797968746       -9.9297485178337653E-009  -1.2280665252430261E-009  -3.5181511834772224E-010  -1.2930974178595084E-010   3.2264159430448618E-010  -1.4130739497908335E-010  -2.3839121435512723E-010   6.1331648837973132E-010  -3.4537118818233533E-010   4.2791375559771125E-010   5.9267386724740147E-010  -5.5943148372038499E-010  -3.5929504718456623E-011  -5.5398139685542479E-011  -3.5343983846637312E-003  -5.4518909640029632E-009  -3.3120798289381427E-011  -5.0903720807602206E-009  -4.9398330674310840E-009  -6.4116184751080978E-009   1.0391725744000753E-008  -3.3811807866391303E-008  -1.5438601565637445E-009  -1.4674392475534556E-009   1.8304608948309684E-002  -8.6552236981626203E-010  -4.2712715033183262E-012  -7.4891964477284432E-010  -7.7388224144604651E-010  -8.9688049993788552E-010   1.6394048118627475E-009
  -2.2223680281779756E-008  -2.0152174495917300E-008   4.6550458590806656E-008   5.1232112826909045E-003  -3.6592540309630446E-010   8.5440194052019768E-010  -1.2533656248162983E-009  -6.9363615843916214E-010  -1.5878769035161129E-009   1.0595235433506120E-009   4.1675971944371561E-009   4.2630751293884953E-009   2.5556204344589037E-008  0.25000297358218998       -2.1361641906109701E-009  -1.0732851594763590E-009   1.7843695134696192E-009   7.2304474708544078E-010   9.8374840644752863E-011   2.1429187090430688E-009   6.1252934048609756E-010  -9.8858212951380959E-010   2.5148948671693088E-010  -5.9314521351735749E-010  -2.1270446853255487E-009   2.3538362856211896E-009  -4.9596566350118901E-009  -3.5619971411471171E-009  -5.6464727516122130E-009   5.6889161221305202E-009  0.45363003719724981        7.5253634118983607E-008   6.7809115547918894E-008  -1.0242902848864157E-007   1.0523804054306014E-002  -2.7678204725619629E-004   1.6980343161014369E-010   2.0624567001434128E-010  -1.8664551592605778E-010   7.1780383918267458E-011  -1.2651825259754353E-010  -2.9959604486463488E-010  -2.1703400286259309E-010   2.3078353785276399E-010   8.4935926634644961E-011  -3.2898413610981055E-011  -6.1265008735255598E-009  -6.1237971592803020E-009   8.8137948823308575E-009  -4.9616721751509441E-010   6.7557178005958331E-010  -1.5926634586451932E-009  -1.3900096768550284E-009  -1.5494988468858736E-009   1.8860862329217177E-009   7.8579408822499822E-002   1.3830349237286183E-008   1.2645157787214158E-008  -2.0578944722274514E-008  -1.5931225053959301E-010   1.9900148479167230E-010  -4.4033040874328325E-010  -3.6585119138511865E-010  -4.3085704657025507E-010   5.2517024558574253E-010
   1.0594872749341290E-010   4.7668711823211090E-011  -1.2862102814941577E-010  -4.3805576633057499E-011   7.8600540849620001E-018  -5.4195469227065439E-017   9.7873297802477040E-017   4.1203366910718174E-017   7.9029936141453477E-017  -4.9063145955883544E-017   3.0621280597408133E-010   1.3776682674506843E-010  -3.7173537255409799E-010  -2.1361641906109701E-009   1.9672049149645743E-017   8.6670541087840036E-018  -1.4400860301599618E-017  -5.3172000691517516E-018   1.4583599376887210E-018  -2.1075724223370739E-017  -3.0301683148085980E-018   7.1571183510339207E-018  -4.6016380689612005E-018   5.3991391383170864E-018   1.9910350091349194E-017  -4.8616965618726700E-017   8.9713669847865216E-017   4.9302888342275718E-017   8.3693245816761158E-017  -6.9212197240023659E-017  -3.8762909468336795E-009   2.6906496628780274E-010   1.2106086709875369E-010  -3.2664543113357851E-010  -5.6054973250656991E-011  -2.2068898798047610E-012  -1.9568849874634852E-019  -1.8675665674538291E-018   1.7100268329849182E-018  -2.4890949971887929E-019   2.5811095018153427E-018   5.1147575896508663E-019   3.1077514935343334E-018  -2.6979866558900663E-018  -2.3019386434337760E-018   7.3637912628372472E-019  -5.4920083886699869E-011  -3.6086439860291516E-011   7.7559948668690504E-011   5.2281707281087567E-018  -2.2234005059331196E-017   4.1684443235290792E-017   2.2992355952406423E-017   3.4265548202645792E-017  -2.8219756064509207E-017  -6.6982593430745424E-010   2.4583795496183755E-011   9.4293966381961818E-012  -2.8283325057708519E-011   1.4954432617742007E-018  -3.6997453515849186E-018   7.4345629208259260E-018   4.6820304813996058E-018   6.2283303707494755E-018  -6.1775315476380063E-018
  -1.8995083592699965E-010   2.0271907539716193E-011  -6.5737024085584512E-011  -2.2005178268057864E-011   9.8366611823773915E-017   6.2101877192620862E-017  -9.8830168836143921E-017  -1.1768027811139944E-017   9.5228433321704042E-019  -8.6598414769177876E-017  -5.4900858293792544E-010   5.8588108453678317E-011  -1.8999141578944316E-010  -1.0732851594763590E-009   8.6670541087840036E-018   6.5317252243917716E-018  -1.1917566544855057E-017  -3.9857841030226390E-018  -2.4329786608292171E-018  -7.6420796008654844E-018  -2.8733588486679088E-018   4.1540180736934746E-018  -2.6766973401975273E-018   5.7865913807383259E-018   6.0015088509568098E-017   2.3576256170692832E-017  -1.9262283010722031E-017   2.1615880607865820E-018   3.7654306020393936E-017  -6.2176131625614432E-017  -1.9475555988344435E-009  -4.8239004417636863E-010   5.1482638362694973E-011  -1.6694469148075005E-010  -3.2980971209376910E-011  -1.0262387379105144E-012  -1.0205240638305976E-018   7.3966650446041888E-020  -1.2258687394843174E-018  -7.6627006617159583E-019  -2.8066669070618260E-019   2.1354192367343606E-018   9.3644145932843546E-019  -7.4063136885131518E-019  -1.3303419700947148E-018   1.4657417988046699E-018   7.1114210681693515E-011  -1.3979517127209178E-011   3.7207622205016337E-011   3.2513559865982643E-017   1.7282383250109555E-017  -1.8660905356919991E-017  -1.3420057234983405E-018   1.2529036996090027E-017  -3.1171162802243930E-017  -3.3677157981994488E-010  -4.7997327002833627E-011   4.2059798191134428E-012  -1.4804137936835177E-011   4.7939677175550246E-018   1.8162773138863843E-018  -1.9436264141046500E-018   6.3848033894447471E-019   2.4093398203782043E-018  -5.4324767054221524E-018
   4.0813445660928398E-010  -3.1357133959083940E-011   1.8477677357641367E-010   3.6589857575922512E-011  -2.2268991701290417E-016  -1.3901056738736731E-016   2.0934959407874150E-016   1.5163719756589654E-017  -7.9524783978871577E-018   2.0752592180485231E-016   1.1796179657232775E-009  -9.0619852777667608E-011   5.3404593652275681E-010   1.7843695134696192E-009  -1.4400860301599618E-017  -1.1917566544855057E-017   2.2243454075245945E-017   6.7939787105405645E-018   5.0200485644960570E-018   1.2526355822312278E-017   4.5858735661260376E-018  -6.1415543311649249E-018   5.7649502846518197E-018  -1.2001601643480275E-017  -1.2943768867285521E-016  -5.7266680936066428E-017   4.5210178876390682E-017  -5.7955825903330665E-018  -7.4028511798206623E-017   1.3523236809608701E-016   3.2379130327594196E-009   1.0364780006386541E-009  -7.9638119986605538E-011   4.6925237222814138E-010   4.8403834871551562E-011   1.8101490524597776E-012   1.6207097642426799E-018  -6.6360596295869361E-019   3.2206887193896872E-018   1.3403647730756416E-018   7.8243024574370025E-019  -3.5147153899346286E-018  -1.7345791228529384E-018   1.5298136305743290E-018   2.9907987982983299E-018  -3.5408142066314650E-018  -1.5120983700128993E-010   3.4860926396107703E-011  -8.5554019307356952E-011  -7.1974318788127337E-017  -3.9697816782513092E-017   3.9896108577886010E-017   9.9695181938692817E-019  -2.6693349787766461E-017   7.0976716212867377E-017   5.5959010334146377E-010   1.0335631688730569E-010  -4.6078250718624948E-012   4.4341262028133961E-011  -1.0458224310971242E-017  -4.5175673019009469E-018   4.5987814097659146E-018  -1.3526229612317324E-018  -4.6166238856413479E-018   1.1810894711732519E-017
   1.1695634090331352E-010  -1.2568204813632373E-010  -9.2246330285379540E-011   1.4828713147860175E-011  -3.3009300149974453E-017  -8.7095242714550359E-018   7.2050311214087404E-017   5.4467763653696024E-017   7.5029722000974242E-018  -2.1458595518672756E-017   3.3803154173953664E-010  -3.6324531560645535E-010  -2.6661571617312398E-010   7.2304474708544078E-010  -5.3172000691517516E-018  -3.9857841030226390E-018   6.7939787105405645E-018   3.8829875650544130E-018   6.8570919902449321E-019   3.2506553911838474E-018   2.2236230174740227E-018  -6.0195178233576790E-018   1.0024474549869073E-018  -5.7727080808784982E-019  -3.0648846865101195E-017   2.9645688532996853E-018   3.0702988600468521E-017   3.9319198349058641E-017  -2.7157421403959770E-017  -8.6707278953229772E-018   1.3120509276921552E-009   2.9701891751393723E-010  -3.1918052952056918E-010  -2.3426551569316700E-010   1.7298899093881693E-011   8.2399429678654798E-013   1.1378278985990535E-018   1.2411719245915286E-019   3.0270726394103684E-019   1.3107668838091529E-018  -1.1968170135223351E-019  -2.8373049280825594E-018  -5.2359441699297930E-019  -1.4833087614410433E-018   5.7840828078589459E-019   8.7996909084357677E-019  -5.1913223893450870E-011   6.7251519921201468E-011   3.7063133473732558E-011  -1.4934450395525675E-017  -1.2153439170164720E-019   2.1272333428970664E-017   2.2813961529758275E-017  -8.2616088231810138E-018  -7.8797760494235004E-018   2.2664253485522166E-010   2.8387550494111650E-011  -2.8861276010238930E-011  -2.2946686618083793E-011  -2.1070581226594601E-018   2.3440427840604431E-019   2.3138090143970607E-018   2.3241773400075327E-018  -1.7685181022700150E-018  -2.1710004573745789E-019
   2.7287266657516105E-010   2.3512633005422338E-010  -6.6762130667046213E-011   2.0075668235969792E-012  -5.6800758187083987E-017  -1.5242239863555747E-016   1.9274225641593809E-016   1.4227295666600640E-017   1.2185392610620757E-016   4.2573371489463496E-017   7.8867000537210642E-010   6.7957025080984884E-010  -1.9295145219943020E-010   9.8374840644752863E-011   1.4583599376887210E-018  -2.4329786608292171E-018   5.0200485644960570E-018   6.8570919902449321E-019   6.3668896835631418E-018  -2.6425979138909437E-018   4.3537070007340965E-018   1.1866909791601809E-018  -3.4080875213937482E-018  -4.6262455183623663E-018  -2.2253625948954157E-017  -8.8686732294426535E-017   8.0077656477664458E-017  -1.2804519498465886E-017   6.7980435139390285E-017   3.5058042748046888E-017   1.7844005821799208E-010   6.9297654889941971E-010   5.9711946602675954E-010  -1.6955174735877895E-010   1.3551683077443492E-011   2.3389763480991271E-015   2.0817098474234472E-018  -5.8515863684322631E-019   1.3194616964745910E-018  -1.5290991671046207E-019   3.5640702979047514E-018  -2.6399526865957232E-018   2.2966467629571387E-018   1.1262341935460077E-018  -2.4962124757678130E-018  -1.8229166271321557E-018  -1.1272881320106000E-010  -1.0494256746481554E-010   4.6290467174637448E-011  -1.4460886588129073E-017  -5.2601700798864866E-017   5.0788699411615221E-017  -4.7116617465019526E-018   4.0129024919693980E-017   1.9172501188548483E-017   3.1364072561599020E-011   6.7434479697360626E-011   5.6986768617125486E-011  -1.3816013059317024E-011  -2.0962613413711373E-018  -6.6819168275601145E-018   6.9768600779533362E-018  -4.6812521200741499E-019   5.3567564682822938E-018   2.5643879198605868E-018
  -2.5912407917875426E-010   6.1727687518364821E-011   2.6480959766324922E-010   4.3942603889232822E-011   2.2472683990192959E-017   8.1428600136228296E-017  -2.0337485889706382E-016  -1.0975096674283684E-016  -1.1353632523365265E-016   8.7278045766224460E-017  -7.4892445338522498E-010   1.7841151151382129E-010   7.6535119844439578E-010   2.1429187090430688E-009  -2.1075724223370739E-017  -7.6420796008654844E-018   1.2526355822312278E-017   3.2506553911838474E-018  -2.6425979138909437E-018   2.5025660619524913E-017   1.8416454917926627E-018  -3.5827000285508970E-018   5.1712612026978537E-018  -6.6661490253787680E-018   3.9410069859825231E-018   6.2266364278192556E-017  -1.5107251763208460E-016  -1.0546813485306778E-016  -8.5129186767000937E-017   1.0152610737353130E-016   3.8885363004541258E-009  -6.5806486103512621E-010   1.5676014848207447E-010   6.7250647578691398E-010   5.7906118145062029E-011   2.1367667766224176E-012  -8.7537040512637572E-019   2.3815781661046519E-018  -2.5971394182389069E-018  -9.7688062259936492E-019  -3.3433832710310128E-018   2.1512646788206257E-018  -3.6459473912342141E-018   5.1030964262769498E-018   2.5099492737934441E-018  -1.8678272100318669E-018   1.2562820350723445E-010  -1.8837534592979926E-011  -1.4112050438792871E-010   7.9228533185838195E-018   2.9954157051929528E-017  -7.7201499155968779E-017  -5.3662646378652303E-017  -3.7710862695395724E-017   4.5739024086351131E-017   6.7202274559032266E-010  -6.1372516257345112E-011   1.6210239477942160E-011   6.0892795908963495E-011   1.0095598273765243E-019   4.7295559709477741E-018  -1.2288684578096374E-017  -8.6058739194130932E-018  -6.5877382391945495E-018   8.5049763178904113E-018
   1.1606192367090222E-010   1.7909645287407258E-010  -2.0109996593769415E-010   1.2551270310414602E-011   3.8489368734453537E-017  -7.7641898020656857E-017   1.1077046716727859E-016   2.9952656829866267E-017   1.1771359117440042E-016  -6.8442199778933596E-017   3.3545167613788287E-010   5.1762665405752487E-010  -5.8122841567767024E-010   6.1252934048609756E-010  -3.0301683148085980E-018  -2.8733588486679088E-018   4.5858735661260376E-018   2.2236230174740227E-018   4.3537070007340965E-018   1.8416454917926627E-018   5.5556424981327400E-018  -2.9178125568756102E-018  -4.5802860257913852E-018  -1.2433488638597513E-018   1.9020188405420326E-017  -4.5153103825901608E-017   4.8456639493334341E-017  -5.0632758014720699E-018   6.4851490254184270E-017  -1.3957274499694264E-017   1.1114269556770992E-009   2.9474467424085877E-010   4.5483063083890459E-010  -5.1070703020581070E-010   2.7024629670532396E-011   4.9393236515546943E-013   2.4625462822859667E-018   6.9584994807959586E-019  -9.7072186255940494E-019   1.3404203786445286E-019   2.4370419456818416E-018  -3.4378761107348949E-018   1.8947457254219419E-018   5.5696923098854231E-019  -3.2379912588453942E-018   3.0839146558403060E-019  -4.0084860425950653E-011  -8.9802915039406056E-011   8.5880031741712644E-011   1.2477481135055209E-017  -2.7914324170193181E-017   3.2682657388497264E-017   4.2465927115681923E-019   4.1163834484385043E-017  -1.2902374123639837E-017   1.9258403454351237E-010   2.9809646231295914E-011   4.1992076738283110E-011  -4.9295794979363417E-011   1.4484641837952454E-018  -3.2689295055216025E-018   3.9057539237980478E-018  -1.5210930005294350E-020   4.7996247412773024E-018  -1.4332380134765626E-018
  -5.4156974232701398E-011   2.8240275749473754E-010   2.7275785944529498E-010  -2.0264559885137582E-011  -2.8278799581178487E-017  -5.5552315597899300E-017  -4.7981886585965523E-017  -1.1003424144570043E-016  -6.8021679090468938E-018   1.3831323073712027E-016  -1.5652225001856730E-010   8.1619879974049252E-010   7.8833842131331433E-010  -9.8858212951380959E-010   7.1571183510339207E-018   4.1540180736934746E-018  -6.1415543311649249E-018  -6.0195178233576790E-018   1.1866909791601809E-018  -3.5827000285508970E-018  -2.9178125568756102E-018   1.1319366178518759E-017  -2.3929302839071764E-019  -3.8592475368979875E-018   1.0938958336971857E-017  -4.1124267306910564E-017  -3.6075123851131391E-017  -8.6507608532148060E-017   3.8259154971225999E-017   7.5569167918392192E-017  -1.7938246375247597E-009  -1.3753858628489715E-010   7.1718659910617617E-010   6.9268597628209146E-010  -3.5185192115082382E-011  -9.0253185299246082E-013  -1.7095931969506011E-018  -7.6235124408969174E-019   9.7954906415919548E-019  -2.3459261930291867E-018   1.0294348409509231E-018   4.6395766910609783E-018   7.8134286239777967E-019   3.8106352252278830E-018  -2.8604304712521206E-019  -3.5703938873205856E-018   3.4357479486182375E-011  -1.5046148297876826E-010  -1.1317064197917237E-010   7.8517455002410071E-019  -2.2176243315145137E-017  -2.3184032953532216E-017  -4.8558893121420842E-017   1.1573059337175374E-017   4.7774079397898786E-017  -3.1042040060984565E-010  -1.1665352646215141E-011   6.4943457377833727E-011   6.7336091435022991E-011   3.5444095502379887E-020  -3.1615535038953618E-018  -2.0974905126095085E-018  -5.3574427362321639E-018   2.6450067602701670E-018   5.3219718575837326E-018
   3.4237089234595384E-011  -2.6055051221220417E-010   3.3554102632761628E-010   5.1658569955906534E-012  -1.5000486163663124E-016   4.2064726462575340E-017  -4.9783880640109573E-017  -2.8418450408492820E-017  -1.5888054305448348E-016   1.7842337653492237E-016   9.8951960996863104E-011  -7.5304413331350098E-010   9.6979140468275801E-010   2.5148948671693088E-010  -4.6016380689612005E-018  -2.6766973401975273E-018   5.7649502846518197E-018   1.0024474549869073E-018  -3.4080875213937482E-018   5.1712612026978537E-018  -4.5802860257913852E-018  -2.3929302839071764E-019   8.8217409038868034E-018  -4.1184992152146376E-018  -8.5532807550158556E-017   3.7002343632218525E-017  -4.5749224164727063E-017   4.6305529896315278E-018  -1.2466067051454480E-016   8.0902195150179042E-017   4.5641747225430324E-010   8.6947713869131490E-011  -6.6169053062244928E-010   8.5213029555492156E-010  -3.2786872146253788E-012   3.6487461877742351E-013  -2.2833188047161760E-018  -1.0075404848969565E-018   2.5282150340393617E-018   5.8641247828952597E-019  -2.9889391091042678E-018   2.4769839315695429E-018  -3.4784839430962695E-018  -6.5800680235794403E-021   5.6745218419136869E-018  -1.8795128279380240E-018  -1.7334177992283854E-011   1.3445352723072255E-010  -1.5244549222885933E-010  -4.9253540952000418E-017   2.0168252476106848E-017  -2.5187471142104577E-017   7.7182637286261993E-019  -6.7755555825715429E-017   4.8481636803921373E-017   7.8392459660719837E-011   8.0034655327380948E-012  -6.0544209103074561E-011   8.0938872921330105E-011  -6.7371962579424948E-018   2.5694379471350221E-018  -3.2964081527077391E-018  -6.1801420857580702E-019  -8.8486020373071164E-018   7.3552186682718937E-018
