 1.5505877266811532E-002  1.3650195775972193E-002  2.3591127346103968E-003 -2.4259109788823953E-016  1.1919473688233271E-016  6.9601497070670149E-002  6.1275134746988327E-002  1.0589956015254306E-002 -1.9472583900835926E-016 -2.0540280479904452E-017 -1.5720159593784022E-017 -1.1510219462530543E-016  1.8730315515605407E-017 -3.7012093373492475E-017  1.2546382941025638E-015 -2.7706191006020320E-015 -7.0159451225783272E-016  8.1736561890755697E-015  2.8073491431275380E-015  3.5179818098827353E-004  3.1246535423456301E-004  5.4001929826263010E-005  9.0884184834685508E-002  8.0024345811407924E-002  1.3830296861958604E-002 -2.7167167844208813E-002 -2.3932671086253913E-002 -4.1361887033382122E-003 -1.3609986955352286E-014 -2.8970711455250375E-003 -1.6842177309711402E-003 -2.9107747818484268E-004 -2.2589620712256279E-015 -5.0122684616356751E-017  7.4843241114673059E-016  1.1595903565456163E-015  4.2270325311303900E-016 -8.4371317868603016E-016 -7.1005369189668652E-005 -6.0959161396590805E-005 -1.0535377868032918E-005  1.0594938487330929E-004 -1.0141664538559382E-003 -1.7527424428068688E-004 -7.4749592777159602E-004 -2.7828955253240322E-004  6.0534991161248139E-004  3.5864957425901507E-004 -1.1374420729447159E-004  5.3298755695727962E-004  2.1542163479896414E-004  3.2254384895541101E-016 -1.0311090889054563E-017 -2.0750134954032969E-017  4.2441769662362713E-016  4.2352810634454448E-017  5.1346785881902477E-016 -1.7754776079505320E-014 -8.2328570268506085E-016  7.8217849119582247E-015  1.7812874183767434E-014  4.1554881055507412E-015 -3.4743130414727052E-015  2.4805841280977120E-016  6.9017988003930253E-017  1.9866660190347767E-017  1.6704186826004503E-016  1.0010814432512021E-017  1.3467966669169793E-016 -2.0780198164565392E-005  2.0331265202415245E-004  3.5137707666336710E-005  1.4916569020479058E-004  5.5633670363272136E-005 -1.2128612880799181E-004 -7.2093712325481331E-005  2.2655576756585480E-005 -1.0658878711335673E-004 -4.3076570869991252E-005 -2.0573219360481665E-016  5.3631679090309456E-017  5.8329393561960411E-018 -1.1739940406222020E-016  5.3470274983779685E-018 -1.1347319601434283E-016 -5.7748853878976008E-018 -4.0827139273240721E-018  7.7341062804205287E-018  1.2113924010771984E-017 -1.8288345215245162E-016  2.4324581278845162E-017 -8.0159861129859842E-017  3.5124354922872074E-017 -1.3922553245862983E-016  1.8608370831245052E-017  3.4621745059128733E-017  5.2457567162090008E-018  2.2495707797039191E-018  4.3818744422753250E-018 -1.0910460007665146E-018  3.7598647711669747E-017  2.0234230676076459E-018  1.6175572687398124E-017  5.1047186455712451E-018 -1.4006160729133134E-017  9.7244196298698544E-018 -1.4586640149779576E-017  9.4338168315558136E-018 -3.1231130734741396E-017  3.2058953984700496E-006 -2.9921224888765589E-005 -5.1711676169549449E-006 -2.2173149578794361E-005 -8.2375654664450807E-006  1.7871989555926718E-005  1.0547517641909675E-005 -3.3814160894140286E-006  1.5770245023784356E-005  6.3747195172026430E-006
 1.3650195775972193E-002  1.2017453549372649E-002  2.0768483378160270E-003 -2.8451967962527770E-016  2.5028881744168527E-016  6.1275134469030906E-002  5.3942115143860291E-002  9.3228832286238704E-003 -1.4832666210766885E-016 -4.5671010822453716E-017 -2.2387167369098372E-017 -1.4044056501657137E-016  1.8428704958810192E-018 -1.4743587993157727E-017  1.2096253982642594E-015 -2.3616226401009263E-015 -5.8113605718389331E-016  1.0663335641647062E-014  5.2222487976369753E-015  3.1246530034909444E-004  2.7194506141931896E-004  4.7540677697625484E-005  8.0024343044204152E-002  7.0433285261895948E-002  1.2175522019597483E-002 -2.3932670018202928E-002 -2.1050971255473200E-002 -3.6412997583520589E-003 -2.6390434423596342E-015 -1.6842177594021334E-003 -2.4666549458225466E-003 -2.5625047670095103E-004 -9.2437546596379779E-016 -1.0290212620322608E-015  2.1954343566950170E-016  4.9748496036183733E-018  8.5370462502507750E-017 -7.8176187824330060E-016 -6.0959165580329392E-005 -5.5426732767655304E-005 -9.2748346895697792E-006  9.2989625676402642E-005 -8.9302718876083792E-004 -1.5436309241344311E-004 -6.5774587143571455E-004 -2.4498373795476164E-004  5.3298719681148319E-004  3.1594624953413711E-004 -1.0007472293224726E-004  4.6914081403356500E-004  1.8964675036394320E-004  2.6694266945084303E-016  6.0657916930496871E-018 -1.1593904588403164E-017  3.7597595109956697E-016  3.3250722256253656E-017  4.5748957676758420E-016 -4.4000611060141120E-015 -1.1239162118473864E-014  2.2175163922681862E-015  4.8094500123090243E-015  6.0199626675652562E-016 -3.4071778474455168E-015  2.2024301670504678E-016  5.6700470146385138E-017  1.4843133645669125E-017  1.4736502402150613E-016  1.0224829524454465E-017  1.1606498124716609E-016 -1.9083961331489802E-005  1.7841644155510428E-004  3.0765630865074469E-005  1.3219257856986362E-004  4.9001956285704697E-005 -1.0658875769032617E-004 -6.2885648551290951E-005  2.0112771318399897E-005 -9.4046490569003606E-005 -3.7922521955496132E-005 -1.9292443774679770E-016  3.2853050279344237E-017  4.1861490629098194E-018 -8.2863139411209905E-017  1.0997616245823133E-017 -9.2855749404997146E-017  1.2020621316018717E-017  3.7260995883569635E-018  3.0379065258702255E-018  6.2438884928291879E-018 -1.6515797026256212E-016  2.1923588156382081E-017 -7.5761906001230815E-017  2.5610442912000871E-017 -1.1961549751322908E-016  1.7468346462508348E-017  3.0796663721859864E-017  4.5608276332967046E-018  1.4630824628110832E-018  3.3628413445735208E-018 -9.6366377116243630E-019  3.1595520596345876E-017  1.2892753922666076E-018  1.4305069074578695E-017  4.5054666659803456E-018 -1.1053382163365947E-017  8.2942522296967044E-018 -1.2044214538715604E-017  8.4937017577351849E-018 -2.6322542101344307E-017  2.6665408385271272E-006 -2.6453605304877953E-005 -4.5855486390584702E-006 -1.9347777455403417E-005 -7.2470683497989891E-006  1.5770237508450170E-005  9.4003013285592706E-006 -2.9437309880553837E-006  1.3841777636860933E-005  5.6119936895427221E-006
 2.3591127346103968E-003  2.0768483378160270E-003  3.5941778189240651E-004  1.0312307391450464E-017 -1.0305565203369044E-016  1.0589954343084891E-002  9.3228817988177080E-003  1.6097002184123309E-003 -3.9547406664355515E-017 -1.6565146816713575E-017 -9.4333308425424104E-018 -1.6845676624695163E-017 -3.8702847825548338E-018  3.4612656718164983E-018  1.8096475148159348E-016 -4.6649773231460408E-016 -8.4756096075484279E-017 -7.4976638944453627E-015  8.8406351500621000E-015  5.4002219366804001E-005  4.7540940793599446E-005  5.0820100967539144E-006  1.3830310554450305E-002  1.2175534494826652E-002  2.0879860039125357E-003 -4.1361946368677315E-003 -3.6413051444450398E-003 -6.1112168042325675E-004 -6.4720699700577843E-015 -2.9107710192455668E-004 -2.5625014114168858E-004 -1.0282382040234760E-003 -4.5183527725069247E-016 -6.1454654473986279E-016 -2.1851879558927946E-016  5.0557283210619416E-016  1.0951667805003754E-016 -3.3080659655379794E-016 -1.0535345707420593E-005 -9.2748057359277830E-006 -3.3641791027911827E-006  1.6071052330460782E-005 -1.5436343078126735E-004 -2.6534203388113772E-005 -1.1374411222122575E-004 -4.2118179389872083E-005  9.2182532916227402E-005  5.4567772140512025E-005 -1.7212662899418128E-005  8.1153082047307561E-005  3.2606988936533893E-005  3.9063648773722085E-017  1.7232920916800847E-018  2.1769301405497054E-018  4.7983034591171302E-017 -1.0220119391059865E-018  9.1185486386705276E-017 -3.9262614502071625E-015 -6.5287192879595105E-015 -2.3254997316629847E-015  6.1428138195332312E-015  1.0716493518816785E-015 -2.6896802178619889E-015  3.4564955036919032E-017  7.4772249749059208E-018  1.0466025674815791E-018  2.5089532492089154E-017  3.3244084993003342E-018  1.3451063609927927E-017 -3.2982101488418906E-006  3.0765687138280338E-005  5.7184680846087594E-006  2.2655632162022218E-005  9.0869272616490804E-006 -1.8230618905749312E-005 -1.0968905247346187E-005  3.7073461686420415E-006 -1.6049356474467490E-005 -7.0255871374668663E-006 -3.1475797328607261E-017  1.2723941672072770E-017  3.4495182012051558E-018 -5.5137480649303136E-018  5.6399567814304956E-018 -1.4633300259131964E-017 -5.7187677707406931E-018 -6.9077027412576282E-020  5.8622131182024236E-019 -1.0041008812926657E-018 -2.9090211536764862E-017  5.7590331206488830E-019 -8.6867617097986026E-018  4.0888937228888000E-018 -1.6668099659769334E-017  4.0781063205080645E-018  4.8123499702094310E-018  6.2485077936482162E-019  3.9093693178825290E-019  4.0747219681325053E-019  7.7869785784532215E-019  6.0740496363041472E-018  3.3657324929435219E-019  2.3066324768973445E-018  9.2447095536485279E-019 -4.4496433258685357E-019  1.7906938995090175E-018 -1.5884609099316639E-018  1.8175205594818257E-018 -3.7870298533289970E-018  4.6084830225585036E-007 -4.5855545920283834E-006 -7.1337096579571974E-007 -3.3814073780000756E-006 -1.1306182925604181E-006  2.7631144994557779E-006  1.6047823628525076E-006 -4.6314475840141855E-007  2.4325131205305668E-006  8.7692304541695014E-007
-2.4259109788823953E-016 -2.8451967962527770E-016  1.0312307391450464E-017  4.0177856121124824E-006 -8.0946957722729370E-006 -1.4020557869324283E-015 -1.0115266543046030E-015 -3.5814296283243742E-016  2.5799243366609235E-006  6.5465079661704859E-006  1.1314146708078938E-006  1.1310477820723738E-006  9.9604213305399785E-007 -3.7109721189393794E-006 -2.3052086500488618E-005  7.0979779438692860E-006 -2.9638918966303860E-006 -1.6651887141234190E-003  9.8359290118312550E-005 -2.0544913262366975E-016  1.2870580996474503E-016 -3.3049329325410470E-016 -3.2029216976734718E-015 -1.5502797536557836E-015 -2.0485768359281272E-015  2.3048933812296579E-015  5.2125679696897858E-016  2.0844512723042804E-015 -1.4763456297493971E-005 -9.4411833370776076E-014  3.5012922922122829E-014 -1.0709848701971919E-013  6.9070687876518673E-005  1.7526567752739809E-004  3.0290628007011987E-005  3.0280804701650564E-005  2.6666427390643870E-005 -9.9351492581384662E-005 -3.0372969886803903E-015  2.0603469116682331E-014  6.7051098433486852E-015  1.9315651492196099E-017  4.1362753569108369E-017  2.7250247979235299E-017  2.0623552941931956E-018  3.2033246585531343E-017 -1.4686839379448113E-017 -3.6337373242693284E-017  1.1165309691334303E-017 -1.0795037895539869E-017 -1.9113951689070108E-017 -5.6582648297966357E-007 -1.4357777302131721E-006 -2.4814769267535716E-007 -2.4805375875890105E-007 -2.1845923708485290E-007  8.1388024429313276E-007  7.4167578915918409E-004  1.8819895140041352E-003  3.2525836216367349E-004  3.2515307024769087E-004  2.8634195690143717E-004 -1.0668288594150375E-003 -5.5967983949113083E-008 -1.4201635152441765E-007 -2.4542557751866322E-008 -2.4538336480967515E-008 -2.1605384163936018E-008  8.0506321480525913E-008  3.8817920913480054E-017  7.0264806547464463E-017  5.7930145950404147E-017 -3.8678824554598221E-017  7.3537775315380441E-017 -1.7536598052825723E-017 -5.7086882696607767E-017  1.9172330702374761E-017  1.1475448137119224E-017 -5.7082557257421392E-017  1.1667618137691102E-006 -1.3484367454660031E-006 -2.3304527338891872E-007 -3.1924868518180544E-006 -8.9182539385293748E-007  1.1429295592617369E-006 -2.5723514611081917E-008 -7.0633490067606103E-007  1.8436294525489548E-006  7.5951622429665474E-007  1.3990443859494458E-006 -3.9136960828885856E-009  7.3489731661597544E-007  6.6864109760912854E-007 -1.0689999756031405E-006 -7.4420892297993093E-008  8.6008942402298021E-008  1.4864541048310589E-008  2.0363013757801671E-007  5.6884037978266320E-008 -7.2900900755414482E-008  1.6408941560858488E-009  4.5052784950914104E-008 -1.1759459529734695E-007 -4.8444904323671304E-008 -8.9236784667556093E-008  2.4959286799258080E-010 -4.6875006114692235E-008 -4.2648451494329984E-008  6.8185434294160286E-008  7.4168615309075554E-018  1.6186972715118317E-017  1.1121110226494819E-017 -6.9918858195353796E-018  1.4965063965393572E-017 -4.4859299964749266E-018 -1.0307258125904072E-017  3.2589151370898440E-018  2.2319735918852244E-018 -1.3063110037059979E-017
 1.1919473688233271E-016  2.5028881744168527E-016 -1.0305565203369044E-016 -8.0946957722729370E-006  2.3045079119677648E-005  1.1790301618366943E-015  5.7629972078032461E-016  5.3561805462905677E-016 -2.7272618187851571E-006 -6.9203689166718811E-006 -1.1960417272560834E-006 -1.1956379688576593E-006 -1.0529355902038284E-006  3.9228997879942375E-006  3.0152363063403596E-005 -1.0058619558845777E-005 -2.3009807581841072E-006  6.3171699705191105E-003 -3.4604513776857358E-004  4.4246563800035797E-016 -2.6469099345764266E-016  6.7522989583943778E-016  4.6880267892688793E-015  1.3848206063171794E-015  3.6686305606558137E-015 -4.4331801039628112E-015 -6.5682387820812019E-016 -4.0326106420665187E-015  5.0449288755152307E-005  2.0838207287398379E-013 -6.8210037558284253E-014  2.3222544005682800E-013 -7.3352947130413633E-005 -1.8613214861313868E-004 -3.2169001757567592E-005 -3.2157920956309502E-005 -2.8320161036343108E-005  1.0551086809471881E-004  6.6488747047195302E-015 -5.1310042510521006E-014 -5.8978557076476041E-015 -5.6255885546019039E-017 -6.8784316709526113E-017 -5.2596045083094883E-017  1.2512898779759615E-017 -6.2770861775381720E-017  1.2635150065209093E-017  6.0933544936891314E-017 -2.1018003954576164E-017  6.9193664210697299E-018  3.9906578133708683E-017  1.5654650969400341E-006  3.9723591327894413E-006  6.8653902942426094E-007  6.8629141811539489E-007  6.0440349811282095E-007 -2.2517565233395240E-006 -7.9440837499737411E-004 -2.0158008005646479E-003 -3.4838831631221951E-004 -3.4826868645036697E-004 -3.0670553901366877E-004  1.1426770614674931E-003  2.3904466592027629E-007  6.0656478250053187E-007  1.0482841206531854E-007  1.0480217951421066E-007  9.2283356339109085E-008 -3.4384684716399923E-007 -7.6562938951379814E-017 -1.6224731027454565E-016 -1.2556052238387668E-016  7.3854502323576359E-017 -1.6256192866023458E-016  4.5661325626696187E-017  1.2735164788817332E-016 -4.2768627742829429E-017 -1.7435480240424361E-017  1.2853998130283011E-016 -1.2533891687880337E-006  1.4485504562453067E-006  2.5034799111737450E-007  3.4295109465396790E-006  9.5804414608536634E-007 -1.2277822919262290E-006  2.7629824162543770E-008  7.5878135973357254E-007 -1.9805036728970635E-006 -8.1591022456658756E-007 -1.5029174963124226E-006  4.2038513496699604E-009 -7.8945580757161130E-007 -7.1828779666408871E-007  1.1483633090756533E-006  7.9946662810898495E-008 -9.2394980137847645E-008 -1.5968185373885082E-008 -2.1874913017866354E-007 -6.1108062405052631E-008  7.8313216699789250E-008 -1.7623163037717751E-009 -4.8398397700782086E-008  1.2632526886634343E-007  5.2042221163144665E-008  9.5862506971169461E-008 -2.6799549650881491E-010  5.0355125047254764E-008  4.5815256046444126E-008 -7.3247674271218709E-008 -1.4935937092362562E-017 -3.4880622339666866E-017 -2.4288595925282692E-017  1.4542787893141415E-017 -3.2860244466919476E-017  1.0108274888337896E-017  2.3506377614711414E-017 -7.6116289174712134E-018 -4.2998026158348889E-018  2.8114725332175087E-017
 6.9601497070670149E-002  6.1275134469030906E-002  1.0589954343084891E-002 -1.4020557869324283E-015  1.1790301618366943E-015  3.1244714574594823E-001  2.7505899107399423E-001  4.7537433072840724E-002 -5.1366805171098988E-016 -1.3097050321851975E-016 -1.4786809481566539E-016 -8.5976235282228830E-016 -5.0373037934706795E-017 -1.8154768916763192E-016  5.7685745841035721E-015 -1.1870534846635967E-014 -3.0152103566475674E-015  3.5299595415002205E-016 -1.1611838183827227E-014  1.5928402185727344E-003  1.3934810044673252E-003  2.4082881513111821E-004  4.0808442476622636E-001  3.5921217807825967E-001  6.2081245533202073E-002 -1.2208461544023426E-001 -1.0742642579722965E-001 -1.8566083487114939E-002  3.9149010184506757E-014 -5.8396050466860668E-003 -7.8967506223989303E-003 -1.3647678633771996E-003  9.9235236420229558E-016  1.6566698237484755E-016 -1.8047580248133998E-015 -7.4488429646514434E-015 -7.8397793701552280E-016 -2.2442868509148418E-015 -3.3556745175442163E-004 -3.0001644863623266E-004 -5.1850881134463895E-005  4.7465511331370644E-004 -4.5547710568293997E-003 -7.8718247206909116E-004 -3.3553527511183396E-003 -1.2494400748562994E-003  2.7185360910898164E-003  1.6112463738910357E-003 -5.1046508045616320E-004  2.3930572044634879E-003  9.6720937931254732E-004  1.3644864428378211E-015 -1.2172090292239825E-016  2.2387986542440276E-017  2.1039371232466231E-015  1.5124152431259025E-016  2.1871926592477906E-015  3.8718929886356371E-014  4.6635400969485149E-016 -1.9522174759800533E-014 -5.4641214920535299E-014 -9.8820822055937987E-015  5.7421263198773842E-016  1.1166937173584856E-015  3.2989209147241296E-016  4.8433082445689150E-017  7.0057660658414714E-016  5.9634816258938401E-017  6.5735560473302294E-016 -9.5912700791798546E-005  9.0634399223878451E-004  1.5663978653898716E-004  6.6985888344872949E-004  2.4911814018387985E-004 -5.4117849217779875E-004 -3.2000063810436153E-004  1.0204338089190891E-004 -4.7701808443068614E-004 -1.9281104899950924E-004 -9.7270935571342066E-016  3.7755527128683265E-017  2.9355702208586654E-017 -5.1016976115895836E-016  7.4997126653001807E-017 -4.3639610655231725E-016  1.7655556458346156E-016  4.0552531303900968E-017  3.6321975186520916E-017  7.8626909191311788E-018 -7.9262091615760297E-016  1.2554341621821173E-016 -4.2251929398168405E-016  1.0430417662165561E-016 -6.2816722215436978E-016  8.3517157538590009E-017  1.6714441140441347E-016  2.4277596597647286E-017  1.1631964576038051E-017  1.5993111597918797E-017 -9.7230367681975820E-018  1.5635154768496681E-016  5.6213584598895386E-018  7.2648023773961360E-017  2.4594344051616912E-017 -6.5784409509190849E-017  4.2212001089532574E-017 -6.4844746181923023E-017  4.6212919891185631E-017 -1.4019171537043316E-016  1.3873188616676452E-005 -1.3556881326478061E-004 -2.3429825038490091E-005 -9.9488927047109685E-005 -3.7102348362699701E-005  8.0876091364749414E-005  4.8064915621212421E-005 -1.5112222544247018E-005  7.1082962066480214E-005  2.8727546130362438E-005
 6.1275134746988327E-002  5.3942115143860291E-002  9.3228817988177080E-003 -1.0115266543046030E-015  5.7629972078032461E-016  2.7505899107399423E-001  2.4215348186260549E-001  4.1849648751808750E-002 -5.1541393521770166E-016 -3.6930686537607509E-017 -1.1381054879610928E-016 -6.4659427054136363E-016 -9.8197752804563920E-018 -2.1274695676883750E-016  4.7736933190810377E-015 -1.0705345747423482E-014 -2.7620761679935295E-015 -1.1634874829339561E-014 -1.5757566149663193E-014  1.3934807688313771E-003  1.2367245669923624E-003  2.1201399977224656E-004  3.5921216728543021E-001  3.1628471067590175E-001  5.4653315331833069E-002 -1.0742642148962461E-001 -9.4630883808817984E-002 -1.6344678763671017E-002  8.1004986250220432E-015 -7.8967507808349394E-003 -3.8215230734910521E-003 -1.2014754036657779E-003 -2.0113405273901846E-015  2.8836736089264920E-015 -5.5466195595478899E-016 -3.6655992790136765E-015 -1.3461000746241633E-016 -2.0128309385812769E-015 -3.0001646873069505E-004 -2.5889567177898588E-004 -4.5647000844059189E-005  4.1876389514420746E-004 -4.0091494846479911E-003 -6.9280585863799263E-004 -2.9548863205887347E-003 -1.0999746351686734E-003  2.3930555985213781E-003  1.4177995367649569E-003 -4.4958006320276777E-004  2.1069717989965295E-003  8.5148419249028967E-004  1.2447636422268331E-015 -1.4934082121769972E-016  2.7236410879510667E-018  1.8451437096540513E-015  1.4887024082949572E-016  1.9183411167450677E-015  3.6780306660357209E-015  2.9653706005255827E-014 -6.2081697297982213E-015 -1.7151384039589317E-014 -2.7827559662199799E-015 -6.9147416235352649E-017  9.8013573751014413E-016  3.0118394330275006E-016  4.9856926717996031E-017  6.1587334005262025E-016  4.7277206080257568E-017  5.8356751982773180E-016 -8.1923273313571423E-005  7.9971515909956457E-004  1.3843223535695308E-004  5.8692955933181158E-004  2.1923270373568464E-004 -4.7701795453916412E-004 -2.8356513233410369E-004  8.9299869787106271E-005 -4.1927261191220151E-004 -1.6974148925024400E-004 -8.2522031684372094E-016  7.2296086116195830E-017  2.8665900018104547E-017 -5.0686091904368369E-016  5.1493534315847047E-017 -4.0268718301189569E-016  1.0713488332454400E-016  1.8283649068400822E-017  4.4660221962920765E-017  1.6805231280959923E-017 -6.8809181853744574E-016  1.0932720577392481E-016 -3.5669937118788852E-016  1.0421078910899087E-016 -5.6390154513101951E-016  7.0483664049523196E-017  1.4656264110594020E-016  2.1567858533965371E-017  1.1407931957528230E-017  1.5302202032399301E-017 -8.8013716253938637E-018  1.4203925557202873E-016  6.1381097094970615E-018  6.3703243768095865E-017  2.1882019262530373E-017 -6.1749175943534200E-017  3.7983337597169310E-017 -5.9542590929966124E-017  4.0372003595294503E-017 -1.2704859045001413E-016  1.2708861691326094E-005 -1.1899057709701134E-004 -2.0521164510251347E-005 -8.8133655832163565E-005 -3.2678646003993613E-005  7.1082928641040958E-005  4.1948860927068282E-005 -1.3409383200618176E-005  6.2710274328972950E-005  2.5290337066295367E-005
 1.0589956015254306E-002  9.3228832286238704E-003  1.6097002184123309E-003 -3.5814296283243742E-016  5.3561805462905677E-016  4.7537433072840724E-002  4.1849648751808750E-002  7.2376174314677140E-003 -5.2826348891567959E-017  1.5561365630752979E-017 -3.5534057154449247E-018 -1.3155735309799090E-016  1.0132494477690441E-017 -5.1689031802851592E-017  9.2321900986998194E-016 -1.6653730232911972E-015 -5.1022641510318820E-016  1.7838266518466419E-014 -2.3098394614647928E-014  2.4083015325482694E-004  2.1201521364291973E-004  4.6613125149465588E-005  6.2081316802362542E-002  5.4653379715848889E-002  9.4972755374660798E-003 -1.8566113055606910E-002 -1.6344705449729040E-002 -2.8826633885418620E-003  1.1832530665938440E-014 -1.3647663964314288E-003 -1.2014740881331923E-003  2.9227462457899712E-003  3.9012346435323324E-016  1.6817170280915011E-015  5.7107760774845001E-016 -2.0519924479026555E-015 -2.2852273368139747E-016  2.7899629575082704E-016 -5.1850744485034222E-005 -4.5646877499647133E-005 -2.6647623942383056E-006  7.2373422603004640E-005 -6.9280748379475223E-004 -1.2019257123862767E-004 -5.1046473419012956E-004 -1.9080910511322865E-004  4.1336559849328256E-004  2.4514775719276913E-004 -7.7962947496501827E-005  3.6390725401779715E-004  1.4769640331888841E-004  2.3572363460297439E-016 -3.0482130392652745E-017 -9.4191295283678569E-018  3.6817340431667735E-016  4.1362558003126466E-017  2.9966496001999582E-016  8.6717665107514688E-015  1.7556114808092765E-014  5.9737983383000013E-015 -1.7868742498393115E-014 -2.5452397393247772E-015  6.7134132054586222E-015  1.8014015102111645E-016  5.7414183862548342E-017  1.1882770953118375E-017  1.0858045307273227E-016  4.6841125973286251E-018  1.2132798061293875E-016 -1.4158498305447321E-005  1.3843250924821621E-004  2.2647831926340000E-005  1.0204364586200354E-004  3.5922723079993084E-005 -8.3048027068197329E-005 -4.8687426739576832E-005  1.4697401016651670E-005 -7.3111471741432306E-005 -2.7835493165555590E-005 -1.4970568400281016E-016 -5.9480989044749491E-018 -1.9369851751259509E-018 -1.1256635402903636E-016 -1.0328972023697421E-018 -7.5127964476834778E-017  4.0142506786717666E-017  4.6263705814557171E-018  6.4530023738533534E-018  8.3481213104369962E-018 -1.1907449884092483E-016  2.7545407320622003E-017 -7.5390556496338694E-017  1.9190714792562512E-017 -1.0976537639667218E-016  8.8867047366295482E-018  2.6698255799624960E-017  4.1321044909128461E-018  1.3373893142139662E-018  3.0710661942682394E-018 -4.4630011512910011E-018  2.2799769715641001E-017  7.5188589974649590E-019  1.1603890205876635E-017  3.3936623704957902E-018 -1.5211845626632038E-017  5.5300272897678896E-018 -1.1877310269394624E-017  5.8572560674580262E-018 -2.4407980273517094E-017  2.1964259932095530E-006 -2.0521194429745699E-005 -3.7983496115981596E-006 -1.5112185838752807E-005 -6.0354342154562568E-006  1.2165371142419940E-005  7.3129763684073855E-006 -2.4625962001390999E-006  1.0709807062992032E-005  4.6666334794784359E-006
-1.9472583900835926E-016 -1.4832666210766885E-016 -3.9547406664355515E-017  2.5799243366609235E-006 -2.7272618187851571E-006 -5.1366805171098988E-016 -5.1541393521770166E-016 -5.2826348891567959E-017  1.2780627984777514E-005  5.1133703985768832E-006  8.8372368413806663E-007 -8.6564458299781494E-006 -9.3231550034884867E-007 -4.1241821545781827E-006 -2.0777869104434017E-005  6.1139180119446614E-006 -4.9367519796064606E-006  1.6380363880586130E-005 -4.7686586207935191E-006 -1.3521207326407337E-016 -4.3633880391935419E-017 -8.9699704300529817E-017 -2.3884310409968688E-015 -1.3219111177539765E-015 -1.0812350734079257E-015  1.7231826615688265E-015  7.9783294862614445E-016  9.8877245181680548E-016  6.0835736501569393E-008  3.5216009495138906E-015  1.7983316749946076E-015 -2.6129165777985847E-015  4.0833996424186617E-004  1.4491838909311895E-004  2.5045573838343496E-005 -3.2742775549208847E-004 -5.0709845863979451E-005 -8.0912208749295248E-005 -3.2494287944063465E-015  4.8055342986889375E-015 -6.9705328400173379E-015 -3.8668115127125134E-018  3.0637292537768134E-019 -3.9635290856035788E-018  7.8805446365211153E-018  3.7893561089424752E-018 -6.2109438459197834E-018 -2.3549908751727735E-017 -6.0724613629261642E-018 -1.4098369282981663E-017 -1.5233447785223401E-017 -4.2398654523619451E-006 -6.5101242069409558E-007 -1.1250527583357584E-007  5.0147907132521900E-006  1.1909672656185353E-006 -7.7492525991050083E-007  4.3542183381893021E-003  1.5502927685570743E-003  2.6793006216686350E-004 -3.4839098143594530E-003 -5.3763501250034035E-004 -8.7030852382775177E-004  1.0798920041293252E-006  9.6617370498009544E-008  1.6695884713909423E-008 -1.4166218260904215E-006 -3.6067176585312281E-007  3.3672982140848837E-007 -5.1206458648285084E-019 -1.0219868649428590E-017 -4.8933422816162576E-019 -4.1658402685992307E-018  2.3381011130659344E-019  3.4258223735239857E-018 -6.4836277446226047E-018  9.5674091716184716E-020 -8.0086376975728935E-019 -1.3385635058239169E-018 -6.6324963666040969E-007 -7.1133573129193963E-006 -1.2293721088277844E-006 -1.7883093562506008E-006 -9.7539506242510751E-007  2.9533870190149281E-006  5.8844170159870199E-006  8.2794879082535272E-007  1.6487964269045994E-006  6.1225551608429295E-007  1.6139475029037630E-006  9.9654126907075626E-007 -1.0467833210558530E-006 -2.6952471416072354E-007 -1.0853819020575320E-006  4.2753520866165906E-008  4.5587586974051382E-007  7.8786556679934701E-008  1.1378468060670205E-007  6.2260297557384560E-008 -1.8888637608441475E-007 -3.7765573467644887E-007 -5.3468829890616037E-008 -1.0494332322966082E-007 -3.8933243941967265E-008 -1.0321898866580950E-007 -6.4047402880411677E-008  6.7531870893253911E-008  1.7641317074210880E-008  6.9084090814205174E-008 -1.3708449535633469E-018 -2.4232809964271023E-019 -4.9692594097226052E-019 -1.0008730047110713E-018  6.1817037353719788E-019 -4.2022815316049556E-019  5.5922075073052233E-019 -6.9147392137554612E-019  2.8889465317492979E-019 -1.6463846936170401E-018
-2.0540280479904452E-017 -4.5671010822453716E-017 -1.6565146816713575E-017  6.5465079661704859E-006 -6.9203689166718811E-006 -1.3097050321851975E-016 -3.6930686537607509E-017  1.5561365630752979E-017  5.1133703985768832E-006  1.7003995275992995E-005  1.5866502278089795E-006  4.3460324605572664E-006  1.6491589001715443E-006 -9.4594028596656357E-006 -5.2723419763355426E-005  1.5513858630740027E-005 -1.2526908069945904E-005  4.1564887431429100E-005 -1.2100387703539059E-005  1.3769280474901514E-017 -9.5860507099556099E-017 -2.3291212058666653E-017  3.8793245849050098E-017 -1.1639398949893271E-015 -2.3768171161843880E-016 -1.3660468559985263E-016  1.0549477260572603E-015  1.7130224312874271E-016  1.5436962318336620E-007  2.0217442985141140E-016  7.3483408332270048E-016  1.1334219432087131E-015  1.4491837433888824E-004  4.3237251501217363E-004  3.5654762027368623E-005  1.5305337606745720E-004  4.2124051193055429E-005 -2.9797175041120178E-004 -9.8510731844084703E-016 -9.2138144396654541E-016 -3.7388709711872812E-016 -1.7564493276957943E-019 -6.0855207551619791E-018  1.0331237377482901E-017  2.8566835827780401E-018  2.6678096465180230E-019  6.2484506313872079E-019 -1.7800538152453795E-017  7.6844874692555238E-018 -8.9910150508201372E-018  1.9653080555410635E-017 -6.5100597833427433E-007 -5.5403210206479251E-007  2.0913083610024289E-007 -1.8726097274592508E-006 -6.2299985776066506E-009  2.5236157071515742E-006  1.5502927341600296E-003  4.6303899385593738E-003  3.8328084447620294E-004  1.6313590969422912E-003  4.5155046243235223E-004 -3.1816518311154908E-003  9.6615572008160149E-008 -1.9155758663534502E-007 -1.0155766494783355E-007  5.0420549938798611E-007 -3.4021113436299270E-008 -6.0082106869484359E-007  1.5319368363116379E-018  1.4906075389821523E-018  1.0246984998504049E-018 -1.4428137524550266E-018 -1.4497160088599094E-018  1.0661480268879608E-018  5.8648776212830714E-018  1.1366449868133393E-018  3.8265537535440554E-018  5.5385538118853844E-018  2.8775562219889619E-006 -2.6668295734495458E-006 -3.6858405270137490E-007 -8.0771112377735826E-006 -1.6225882368846859E-006  3.0223380501950082E-006 -1.1743669562571468E-006 -1.5345866694212103E-006  5.1535059343034076E-006  1.5123974227385404E-006  3.2215140119053580E-006 -2.4133009620106432E-007  2.4181348725721119E-006  1.4507359618522202E-006 -3.0971254537352431E-006 -1.8322909371327210E-007  1.6983972441862665E-007  2.3508946442867750E-008  5.1491602828587568E-007  1.0329387207286939E-007 -1.9305211255665611E-007  7.5481917005937440E-008  9.7841005172010515E-008 -3.2913351906126726E-007 -9.6435325997991335E-008 -2.0511021281303113E-007  1.5566164099256401E-008 -1.5461529791102481E-007 -9.2556870699896010E-008  1.9791838081751331E-007 -3.6507326225710359E-019  2.0797054643024569E-018 -1.1659154906614128E-018 -2.9701287988449495E-019 -9.2675692250715248E-020 -1.8925550420408487E-019  4.1338720342923581E-018 -1.2918027690414035E-018  1.5043135463911612E-018 -2.8094169226800272E-018
-1.5720159593784022E-017 -2.2387167369098372E-017 -9.4333308425424104E-018  1.1314146708078938E-006 -1.1960417272560834E-006 -1.4786809481566539E-016 -1.1381054879610928E-016 -3.5534057154449247E-018  8.8372368413806663E-007  1.5866502278089795E-006  8.0976261270501374E-006 -1.1916425598762243E-006  6.5812081533393240E-006  3.0791887583244367E-007 -9.1120945351241036E-006  2.6814188221538688E-006 -2.1650017976515399E-006  7.1835846953845091E-006 -2.0912803541988392E-006  1.7716677436780596E-017 -1.3950356928332828E-018 -1.4866542739253154E-017  2.0139869480059501E-017 -1.2093335643542325E-016 -3.2019422368411149E-016 -1.0495588266702760E-016  3.3594381127579888E-017  3.2868467096539826E-016  2.6678996067334996E-008 -1.0079848398238996E-015 -3.3032172972088454E-015  1.1605378300747218E-015  2.5045718206977185E-005  3.5654905528521180E-005  2.3223044539670231E-004 -5.6195804246903293E-005  2.7512932814869153E-004  3.1150086040669155E-005  9.2311707460020020E-016  1.1201546141253160E-015 -5.8322902318345991E-016 -6.7806474177381794E-018  1.9962406389570061E-018 -1.1269399455265648E-017 -1.4068580147906369E-018  1.3738567115281765E-019 -4.6137707703532247E-018 -1.4153786130618744E-018 -1.1255455100684011E-017 -1.7414749853902762E-018 -2.2009256815312794E-017 -1.1251430057843987E-007  2.0913356535358865E-007 -1.7280580505776188E-006  1.1417164819010529E-006 -4.7500971553132019E-006 -1.0292021814166312E-006  2.6793140945808902E-004  3.8328241338520826E-004  2.4789052513561954E-003 -5.9669359026753930E-004  2.9255775502654920E-003  3.2876218081151465E-004  1.6698666874192161E-008 -1.0155841970717523E-007  3.7854396673943916E-007 -3.3925115359026965E-007  1.3759988544388180E-006  3.2255248630016826E-007 -1.0746885080445851E-018  2.5386775045650445E-018 -3.3226831435067011E-018  3.1493558155486100E-018 -4.2134212483015880E-019 -8.1366658638981522E-019  3.0181783734784662E-018 -2.7667561133883748E-018 -6.9658130654548538E-019 -7.6672178061979506E-018  4.9731745428888735E-007 -3.6858517602960488E-007 -5.9784298002680020E-007 -3.1804995562489841E-007 -3.7737143697066977E-006 -5.5554789647350837E-007  1.1400324017648070E-006 -3.4464224597956765E-006 -1.0350050625909751E-006  3.1666546129466641E-006  7.3243036672398564E-007 -2.0183419994123697E-007 -9.6855197183501977E-007  3.0145948189297673E-006  8.6763201719004037E-007 -3.1666624486067853E-008  2.3509458054408889E-008  3.7875670691669948E-008  1.9911903854263094E-008  2.4172829405597537E-007  3.5714326062621254E-008 -7.3272045771477728E-008  2.2138774622527178E-007  6.6763517386807306E-008 -2.0288835426293157E-007 -4.6879973159179224E-008  1.3274554800777305E-008  6.2438400362673635E-008 -1.9344818776102762E-007 -5.5875897664996118E-008  3.7487759595620836E-020  9.9295891587602273E-019  5.8148191771892945E-019  8.6354310538551613E-019 -8.3252792879826249E-021 -1.9764269058931773E-019  1.5940857763397391E-018  6.4904484882090044E-019  3.3034462641591121E-019  1.4626713382291387E-018
-1.1510219462530543E-016 -1.4044056501657137E-016 -1.6845676624695163E-017  1.1310477820723738E-006 -1.1956379688576593E-006 -8.5976235282228830E-016 -6.4659427054136363E-016 -1.3155735309799090E-016 -8.6564458299781494E-006  4.3460324605572664E-006 -1.1916425598762243E-006  1.0687070684745393E-005  6.6123966319781354E-007 -2.0306248551237377E-006 -9.1090744998223984E-006  2.6802983666260037E-006 -2.1642857372059014E-006  7.1811669250059751E-006 -2.0905903098417147E-006  1.0212395882316648E-016 -2.9261797326573358E-017  5.1304727756840559E-017  3.0718868184146464E-016 -1.1075110743544102E-015  4.5816004908453355E-016 -8.8542944646142268E-016  5.2751960768236395E-016 -5.8429811146337001E-016  2.6670691970953939E-008 -1.0811336183686798E-014 -3.2465555547593363E-015  3.6103091733965752E-016 -3.2742775495094088E-004  1.5305328786511786E-004 -5.6195813579989226E-005  3.4239288644328820E-004  2.3286606670288567E-005 -1.4965131494222908E-005 -2.1820435267071826E-015  5.8962330947613272E-015 -2.6060901133856164E-015  2.2361593620533451E-018  1.5241935742879333E-017  1.3761435189890489E-017  9.2100189299040751E-018  2.8771796698034569E-018 -5.6431861767049514E-018 -1.3235222481046055E-018  1.2804412724412242E-017 -5.0247241839319124E-018  2.1115298071603510E-017  5.0147803385117268E-006 -1.8726090513102417E-006  1.1417066383043308E-006 -3.6813387538581969E-006 -2.8490803915524871E-007 -1.3334415851653135E-006 -3.4839099952935584E-003  1.6313581481695019E-003 -5.9669385119347858E-004  3.6500554931676392E-003  2.4820641313226017E-004 -1.6614549787986868E-004 -1.4166190291286148E-006  5.0420529639714053E-007 -3.3924845137921915E-007  9.4691867351681637E-007  7.6711903493045872E-008  4.6970035691027507E-007  2.8779343806518243E-018  1.2775318412113074E-017  2.7363887746079813E-018  1.7502451119594377E-018  6.6029198270460735E-019 -4.2437620133524551E-018  4.9649991584667452E-018  9.8242172962643418E-019  1.9107054917213576E-018  3.9350707649529293E-018  2.7824445440629634E-006  4.9917921145512416E-006  1.2869392245958721E-006 -3.5369219598103421E-006  7.2807153590036208E-007 -1.3507761392375288E-006 -5.7703852205499565E-006 -1.0053887457348482E-006  1.0445922674760108E-006 -5.3756669812644503E-007  8.4459226836823629E-007 -8.7794906608960041E-007  2.0532941814784024E-006  3.3527658380374518E-007 -3.9992598740464951E-007 -1.7859903678248361E-007 -3.2048152865516670E-007 -8.2756406082580147E-008  2.2669848205718903E-007 -4.6925830138831484E-008  8.7032181764122348E-008  3.7005230971445881E-007  6.4409832487480397E-008 -6.6506181375980000E-008  3.4748151528796508E-008 -5.4227734088161329E-008  5.6302031478942197E-008 -1.3144095049720265E-007 -2.1325582811281961E-008  2.5280804262540304E-008  1.5421076598589206E-018  3.2495193921989730E-018  3.7197030622302355E-019  1.3448105580866371E-018  1.9456522567367938E-019 -6.5810563288367996E-019  4.3212478874366710E-019  1.5157281234444546E-020 -2.1762049682291953E-019 -9.0803781058525454E-019
 1.8730315515605407E-017  1.8428704958810192E-018 -3.8702847825548338E-018  9.9604213305399785E-007 -1.0529355902038284E-006 -5.0373037934706795E-017 -9.8197752804563920E-018  1.0132494477690441E-017 -9.3231550034884867E-007  1.6491589001715443E-006  6.5812081533393240E-006  6.6123966319781354E-007  6.4157415233343351E-006  2.7107583716283716E-007 -8.0218389235547124E-006  2.3605718284303476E-006 -1.9059609856817907E-006  6.3241064648515873E-006 -1.8410657444457476E-006  5.1644191562536432E-017  1.6175266992897360E-018 -8.3849546621039530E-018  5.8075994674613770E-016  8.7889852260168251E-017 -1.9681119452945208E-016 -5.5979067602499858E-016 -9.2764872506294211E-017  2.1655080181174814E-016  2.3486914975085575E-008  2.4760449003127981E-015 -7.1593309707246413E-017  1.1740525907659334E-015 -5.0709821495393797E-005  4.2124210069470776E-005  2.7512934513081281E-004  2.3286730833538446E-005  1.6191872235358620E-004  2.7423090662165809E-005 -5.5985319179843142E-016 -4.1736394760835391E-017 -2.2510899928896532E-015 -4.6533368779067930E-018 -9.0758104530719892E-019 -9.0602112381356322E-018 -2.9585128941968717E-018 -5.1859740635348488E-019 -1.6297158456675693E-018  1.5163736906055666E-018 -9.2788980290147819E-018  7.1394758552545092E-019 -1.8206883115126455E-017  1.1909780422299744E-006 -6.2277094943519211E-009 -4.7501041060045646E-006 -2.8491742378955986E-007 -5.1412345002312402E-007 -9.0606061865569336E-007 -5.3763456016889266E-004  4.5155223193054587E-004  2.9255776334075334E-003  2.4820755254552910E-004  1.7312482194933791E-003  2.8942700762408190E-004 -3.6067479433159417E-007 -3.4021781679310224E-008  1.3760006628136722E-006  7.6714780268665250E-008  2.6893873200979159E-008  2.8396001395031099E-007 -6.5756464112210883E-019  4.1279408327618897E-020 -3.2045174546084136E-018  6.0601274949437649E-019 -9.9607941682844229E-019  9.4118232682598763E-019  5.5811560010581567E-018 -2.7967223753512411E-018  1.9159618416290432E-018 -5.7211071443422039E-018  1.0083004257529512E-006  8.5043364860844359E-007 -1.2278919093964765E-006 -6.4522924289328949E-007 -3.7181222033402809E-006 -1.1259715833289082E-006 -2.4133112836831811E-007 -2.3971123291361191E-006 -8.1719678421160584E-007  3.0145939484022762E-006  4.9014691141387004E-007  3.7507567722422797E-007 -2.1577268878380693E-007  2.3962489876129227E-006  7.6382152763296586E-007 -6.4683103202474598E-008 -5.4848081619687291E-008  7.9221919434915410E-008  4.1016701839406008E-008  2.3869402321924829E-007  7.2606939347462087E-008  1.5566715086029270E-008  1.5325044786248445E-007  5.2701483564077834E-008 -1.9344805940607384E-007 -3.1206937232600977E-008 -2.4460950716903210E-008  1.3802032454875521E-008 -1.5345107011772837E-007 -4.9190471125543088E-008  1.5154221489773995E-019  1.1203644896412528E-019  4.5178601539500515E-019  3.2276734417299251E-019 -1.6129177606239318E-019  3.8401388271509818E-019  1.4720797352494799E-018  5.5801947552793788E-019  6.4493359370676013E-019  1.4497271717437196E-018
