   7.4987721645665460E-006   1.4037672165215731E-018  -1.3477110017959455E-018  -1.9623674214442918E-019   7.1198407571815389E-004  -5.4990815111725497E-017  -1.3776688484569582E-019   4.0847786569853322E-019  -6.0930036834088741E-017  -9.0074306880715866E-020  -5.6610740029364545E-017  -3.2511312278720392E-018  -1.2755341163333470E-018  -2.0956359743073168E-018   1.6303259508440341E-003   9.8737318084559632E-019   2.1380814614905173E-019   1.0368707141663431E-019   1.8894383396059389E-019   5.4277321702852431E-019   1.0381146181500140E-019  -2.6739900266540613E-019  -2.2672257237266001E-020   1.0347417118347998E-018   7.1551073003898578E-019  -4.2142392426623979E-017   7.6046327880297777E-020  -5.4184173383215323E-020  -2.6677707336097131E-017  -3.4428041465043635E-021  -2.4887374132707946E-017   8.2082939221341975E-020   1.6366177540735070E-020  -5.2653909651833043E-019  -4.3437092445806100E-020  -4.9939772388218479E-017  -9.9335895592750963E-021  -2.1764058150944967E-017  -1.1367011656699820E-021  -3.4659334247631826E-017  -1.2691303699325683E-016   2.5490089193202563E-019  -9.4814754091863275E-020  -1.2595939516728145E-016   5.9068836632650401E-020  -1.3439274847070471E-016  -7.1505047945258396E-019  -3.2443714483845842E-019   2.6011219855784723E-019   1.2845230714999742E-003   7.8781187705028882E-019   5.3131178723502374E-019   3.7756996453939213E-019   4.9671696653694825E-019  -1.3882642005581919E-019   5.2526883995006747E-019   4.0019552517839637E-019   4.2684456530636975E-019   5.9193516834831010E-021   2.7226813907577720E-019   1.3493953110928541E-017   6.0833567053737606E-020   1.5190559277409156E-020   9.0919539887975973E-018  -4.3723490959643577E-020   5.6031836928621107E-018  -2.0261923432512249E-017  -2.7887394007161384E-020  -1.5106912070267287E-020  -1.0931873893712598E-017   5.7751327921750652E-021  -1.0051815217985850E-017  -2.4615010503683919E-020  -6.5147194139956098E-021  -1.0209472264081437E-019  -2.3354583219690007E-020  -1.6550855395579585E-017   6.9033906885123083E-021  -9.4502913342487174E-018   9.9461043059872741E-021  -1.3643323756868326E-017   5.6596926422433044E-020  -1.9143265971170124E-019  -4.9247724791871117E-019   6.2820374348419633E-004   2.3798704775096282E-019   4.3505715279667797E-020   1.5809441479215656E-019   1.5407369867260845E-019  -1.4773390978979331E-020   1.4874933979588976E-019   2.4080972433491081E-019   1.5923251291787421E-019   2.1307257516020368E-019   3.2502781873411775E-019  -1.5012747120839122E-017  -3.6573814926660632E-020  -8.4065445926714408E-022  -1.4199343652541584E-017   6.7492073343837052E-021  -1.2917989137441820E-017   4.0017396765929714E-020   1.8596939199707528E-019   2.0182738398623192E-019   2.6417975763937232E-004
   1.4037672165215731E-018   2.6278467393530019E-031  -2.5229097246161653E-031  -3.6735441383458829E-032   1.3328314052549027E-016  -1.0294259082626954E-029  -2.5789906964038191E-032   7.6466896707675584E-032  -1.1406079066290671E-029  -1.6861875021023704E-032  -1.0597508393674606E-029  -6.0861049437686192E-031  -2.3877948773058461E-031  -3.9230223481071741E-031   3.0519638039589716E-016   1.8483587330377203E-031   4.0024801341146083E-032   1.9410179218348835E-032   3.5370211823619062E-032   1.0160693395525148E-031   1.9433465052275475E-032  -5.0056988722227609E-032  -4.2442376879519002E-033   1.9370324377965229E-031   1.3394332883511525E-031  -7.8890393808492652E-030   1.4235842838329932E-032  -1.0143256066518340E-032  -4.9940563799666951E-030  -6.4449158978371468E-034  -4.6589067044713783E-030   1.5365894120522741E-032   3.0637420349980113E-033  -9.8567912944724770E-032  -8.1314067180975712E-033  -9.3487058601923265E-030  -1.8595640805813704E-033  -4.0742231741790302E-030  -2.1279001366240505E-034  -6.4882138162816559E-030  -2.3758070890879187E-029   4.7717347280809029E-032  -1.7749284885015018E-032  -2.3579549514015169E-029   1.1057663116475838E-032  -2.5158269954226565E-029  -1.3385717010533964E-031  -6.0734506630048392E-032   4.8692901843079540E-032   2.4046221662229813E-016   1.4747807527946739E-031   9.9461358780344210E-032   7.0680949698416188E-032   9.2985221875308976E-032  -2.5988251541001004E-032   9.8330121411928964E-032   7.4916445801435999E-032   7.9905135691253358E-032   1.1081003201563026E-033   5.0968489153984690E-032   2.5260627450328345E-030   1.1388019961137184E-032   2.8436667558744543E-033   1.7020102309421693E-030  -8.1850204078807151E-033   1.0489137959617912E-030  -3.7930241423563851E-030  -5.2205092516950990E-033  -2.8280080314109764E-033  -2.0464425175703179E-030   1.0811026001058215E-033  -1.8816958776553010E-030  -4.6079203396364261E-033  -1.2195529264666345E-033  -1.9112092150265006E-032  -4.3719688450116719E-033  -3.0983136571994767E-030   1.2923120370512053E-033  -1.7690908418689213E-030   1.8619068362715136E-033  -2.5540248715355862E-030   1.0594922491859375E-032  -3.5836119030874656E-032  -9.2191548208081152E-032   1.1759949509683716E-016   4.4551082264927913E-032   8.1442528857588635E-033   2.9595212620147765E-032   2.8842536135025125E-032  -2.7655730135582112E-033   2.7845818235600135E-032   4.5079486217525983E-032   2.9808264144184760E-032   3.9887102739707254E-032   6.0845080552309923E-032  -2.8103803897048745E-030  -6.8466038506640296E-033  -1.5737018600432431E-034  -2.6581115785525046E-030   1.2634489734577029E-033  -2.4182425144491394E-030   7.4912410242291521E-033   3.4813397451319109E-032   3.7782007349807277E-032   4.9454347312364517E-017
  -1.3477110017959455E-018  -2.5229097246161653E-031   2.4221631281776921E-031   3.5268496033834165E-032  -1.2796078489795517E-016   9.8831815259029267E-030   2.4760046353592837E-032  -7.3413367083391208E-032   1.0950603536023043E-029   1.6188534829195199E-032   1.0174321273274053E-029   5.8430703426215887E-031   2.2924437814919106E-031   3.7663654747091397E-031  -2.9300906498376679E-016  -1.7745487787876887E-031  -3.8426502968080049E-032  -1.8635078360228778E-032  -3.3957783776048074E-032  -9.7549494772762414E-032  -1.8657434327941636E-032   4.8058078022998868E-032   4.0747538188443350E-033  -1.8596815031218356E-031  -1.2859461010605723E-031   7.5740087402223732E-030  -1.3667367201092078E-032   9.7382084678924752E-033   4.7946302261910047E-030   6.1875530066072264E-034   4.4728639820464670E-030  -1.4752292484771729E-032  -2.9413985443134640E-033   9.4631830075673427E-032   7.8066976953718766E-033   8.9753867963633274E-030   1.7853066665526878E-033   3.9115284435969688E-030   2.0429273394469930E-034   6.2291219222762518E-030   2.2809346980211239E-029  -4.5811864780698752E-032   1.7040508021564562E-032   2.2637954443882051E-029  -1.0616100775707712E-032   2.4153632314822227E-029   1.2851189192696548E-031   5.8309213814516445E-032  -4.6748462815579550E-032  -2.3085991113337183E-016  -1.4158887758494276E-031  -9.5489598207028393E-032  -6.7858468558613329E-032  -8.9272070932328292E-032   2.4950470496123904E-032  -9.4403534200751270E-032  -7.1924829867611694E-032  -7.6714307902093006E-032  -1.0638508828185816E-033  -4.8933179781725475E-032  -2.4251902399768705E-030  -1.0933265579692753E-032  -2.7301114652256094E-033  -1.6340443674799039E-030   7.8581704457803536E-033  -1.0070278363218415E-030   3.6415584482719471E-030   5.0120402233933196E-033   2.7150780359040349E-033   1.9647225430343458E-030  -1.0379312546158373E-033   1.8065546812199353E-030   4.4239136404079738E-033   1.1708528856687872E-033   1.8348894713523349E-032   4.1973843259651253E-033   2.9745896283069348E-030  -1.2407065285389311E-033   1.6984462685138906E-030  -1.7875558696833537E-033   2.4520357632786245E-030  -1.0171838633499499E-032   3.4405086050701772E-032   8.8510090797324741E-032  -1.1290342977262435E-016  -4.2772037274911566E-032  -7.8190308808774765E-033  -2.8413395881617239E-032  -2.7690775800556738E-032   2.6551362168708184E-033  -2.6733859537708995E-032  -4.3279340631142874E-032  -2.8617939683121261E-032  -3.8294303043543503E-032  -5.8415372221544112E-032   2.6981543135208477E-030   6.5732004750351660E-033   1.5108596962268695E-034   2.5519660070800240E-030  -1.2129960449967322E-033   2.3216755622841618E-030  -7.1920955459238713E-033  -3.3423204504873583E-032  -3.6273269795717598E-032  -4.7479501711591032E-017
  -1.9623674214442918E-019  -3.6735441383458829E-032   3.5268496033834165E-032   5.1353552451456734E-033  -1.8632041674481150E-017   1.4390647120048118E-030   3.6052468409765033E-033  -1.0689532078539056E-032   1.5944892930018475E-030   2.3571710335075832E-033   1.4814568238572253E-030   8.5079448533759376E-032   3.3379685899257872E-032   5.4841081618927357E-032  -4.2664298395262029E-017  -2.5838749602965434E-032  -5.5951845346744371E-033  -2.7134059617709714E-033  -4.9445057952161586E-033  -1.4203931723145715E-032  -2.7166611568874403E-033   6.9976134738002112E-033   5.9331445197451343E-034  -2.7078345365777366E-032  -1.8724331337295519E-032   1.1028319856215797E-030  -1.9900702818778488E-033   1.4179555568782489E-033   6.9813380919286121E-031   9.0095372245570903E-035   6.5128225170106194E-031  -2.1480434696426619E-033  -4.2828949746292493E-034   1.3779098050300735E-032   1.1367132275426449E-033   1.3068830498952474E-030   2.5995392447354601E-034   5.6954762375157749E-031   2.9746540986653123E-035   9.0700646564359995E-031   3.3212105086875556E-030  -6.6705481250397875E-033   2.4812246647698935E-033   3.2962544810879509E-030  -1.5457832040590946E-033   3.5169484482198886E-030   1.8712286955406932E-032   8.4902550626325791E-033  -6.8069237625607087E-033  -3.3614919513304229E-017  -2.0616393295097872E-032  -1.3903995467764945E-032  -9.8806975524480144E-033  -1.2998677269015082E-032   3.6329740119398240E-033  -1.3745856473523493E-032  -1.0472789992590320E-032  -1.1170173604363509E-032  -1.5490459831046354E-034  -7.1250347962859129E-033  -3.5312573032299425E-031  -1.5919647576517875E-033  -3.9752452782020428E-034  -2.3792900908755904E-031   1.1442080427039908E-033  -1.4663074025901014E-031   5.3023798519499454E-031   7.2979032123717808E-034   3.9533554873685993E-034   2.8607821005319180E-031  -1.5113050773071511E-034   2.6304779338890043E-031   6.4415471801083164E-034   1.7048488548944473E-034   2.6717354950242820E-033   6.1117036557381988E-034   4.3312236606935558E-031  -1.8065609525584906E-034   2.4730640470870939E-031  -2.6028142517228240E-034   3.5703463811322408E-031  -1.4810953330475286E-033   5.0096363321152884E-033   1.2887727296007063E-032  -1.6439578816220664E-017  -6.2279266389631878E-033  -1.1385090310499670E-033  -4.1372016950505851E-033  -4.0319828385401843E-033   3.8660757421590228E-034  -3.8926487159604722E-033  -6.3017937794503600E-033  -4.1669847933405733E-033  -5.5759352427504122E-033  -8.5057125159876320E-033   3.9287132892934346E-031   9.5710686116252195E-034   2.1999240507036629E-035   3.7158522459589958E-031  -1.7662124282359798E-034   3.3805322361534080E-031  -1.0472225849924840E-033  -4.8666670787157878E-033  -5.2816577754073217E-033  -6.9133684611221848E-018
   7.1198407571815389E-004   1.3328314052549027E-016  -1.2796078489795517E-016  -1.8632041674481150E-017   6.7600576861310158E-002  -5.2211993925238719E-015  -1.3080518519407755E-017   3.8783647412963548E-017  -5.7851092161164922E-015  -8.5522630536044358E-018  -5.3750060051141234E-015  -3.0868435678745564E-016  -1.2110782391227178E-016  -1.9897383324422605E-016  0.15479415693090420        9.3747878469365501E-017   2.0300389447256108E-017   9.8447508587243282E-018   1.7939603715490903E-017   5.1534555093788569E-017   9.8565613232731908E-018  -2.5388667315469797E-017  -2.1526572296455596E-018   9.8245366726688002E-017   6.7935421241415430E-017  -4.0012833650555346E-015   7.2203519828826791E-018  -5.1446113787923987E-018  -2.5329617146820533E-015  -3.2688307823381189E-019  -2.3629753885117804E-015   7.7935086346385475E-018   1.5539154322410352E-018  -4.9993178047935144E-017  -4.1242109292300279E-018  -4.7416192818089165E-015  -9.4316208383333383E-019  -2.0664266744490972E-015  -1.0792608590396762E-019  -3.2907912812594580E-015  -1.2049980897832886E-014   2.4202012270691085E-017  -9.0023531286260160E-018  -1.1959435702015152E-014   5.6083942985184973E-018  -1.2760155223180857E-014  -6.7891721942227962E-017  -3.0804253766763012E-017   2.4696808918707920E-017  0.12196129602684333        7.4800180457790486E-017   5.0446329539144624E-017   3.5849042526157906E-017   4.7161663610002040E-017  -1.3181117948316277E-017   4.9872571310081024E-017   3.7997266065377490E-017   4.0527505921703074E-017   5.6202322789987376E-019   2.5850976012227493E-017   1.2812070459836286E-015   5.7759497236168292E-018   1.4422942942410565E-018   8.6325151839844167E-016  -4.1514035384581300E-018   5.3200410348406169E-016  -1.9238038589218984E-015  -2.6478175374094048E-018  -1.4343522634450387E-018  -1.0379459409182201E-015   5.4833011231033199E-019  -9.5438722636281245E-016  -2.3371153460389306E-018  -6.1855146132512096E-019  -9.6935625112865685E-018  -2.2174418668199203E-018  -1.5714499950869894E-015   6.5545453719833825E-019  -8.9727448617200105E-016   9.4435031841029829E-019  -1.2953893039526582E-015   5.3736944479754851E-018  -1.8175909641732916E-017  -4.6759116089492715E-017   5.9645906269927794E-002   2.2596097668698243E-017   4.1307264445527959E-018   1.5010551503867755E-017   1.4628797559718284E-017  -1.4026855184497410E-018   1.4123266967450793E-017   2.2864101647825628E-017   1.5118610226593664E-017   2.0230549369557156E-017   3.0860336335805324E-017  -1.4254116071599395E-015  -3.4725650072541558E-018  -7.9817412110194334E-020  -1.3481815881845278E-015   6.4081532820901903E-019  -1.2265211363026265E-015   3.7995219248915569E-018   1.7657190106209644E-017   1.9162854969918463E-017   2.5083010450043020E-002
  -5.4990815111725497E-017  -1.0294259082626954E-029   9.8831815259029267E-030   1.4390647120048118E-030  -5.2211993925238719E-015   4.0326465190408596E-028   1.0102871679267706E-030  -2.9954945018867216E-030   4.4681880136675331E-028   6.6054274583772269E-031   4.1514406225098178E-028   2.3841550634203410E-029   9.3538861057048433E-030   1.5367946628536577E-029  -1.1955684339676773E-014  -7.2407128583956647E-030  -1.5679212511376400E-030  -7.6036935762509591E-031  -1.3855835611226584E-030  -3.9803238410480926E-030  -7.6128155088129345E-031   1.9609195737557272E-030   1.6626267321352098E-031  -7.5880809438070062E-030  -5.2470614391981551E-030   3.0904319526451649E-028  -5.5767123798631056E-031   3.9734929867285868E-031   1.9563587738484644E-028   2.5247147417132767E-032   1.8250681038356240E-028  -6.0193957563834464E-031  -1.2001824078359085E-031   3.8612740153051685E-030   3.1853763086244171E-031   3.6622379368968570E-028   7.2846083980395072E-032   1.5960256847310646E-028   8.3357811474798969E-033   2.5416761566820951E-028   9.3069254531314021E-028  -1.8692670629843285E-030   6.9530591111521731E-031   9.2369919491068120E-028  -4.3317004475472762E-031   9.8554358251212982E-028   5.2436862793257856E-030   2.3791979080910034E-030  -1.9074831859524583E-030  -9.4198048935767187E-015  -5.7772681077580166E-030  -3.8962736321794200E-030  -2.7688373051038855E-030  -3.6425791143194914E-030   1.0180570672603672E-030  -3.8519588310914281E-030  -2.9347575377224656E-030  -3.1301831896054425E-030  -4.3408436323190492E-032  -1.9966264567254090E-030  -9.8955330868124473E-029  -4.4611135863629875E-031  -1.1139706852475080E-031  -6.6674110084952022E-029   3.2063787972679961E-031  -4.1089878680028707E-029   1.4858695008099703E-028   2.0450688381253118E-031   1.1078365768873608E-031   8.0166811702112415E-029  -4.2350834596735506E-032   7.3713069294383592E-029   1.8050948366951831E-031   4.7774451995303325E-032   7.4869217165346990E-031   1.7126638063681137E-031   1.2137254060069589E-028  -5.0624698639304673E-032   6.9301908647020756E-029  -7.2937858487943303E-032   1.0005071200435994E-028  -4.1504276279980154E-031   1.4038348899696864E-030   3.6114879466530182E-030  -4.6068123090428782E-015  -1.7452326133734535E-030  -3.1904086332323879E-031  -1.1593552308619114E-030  -1.1298700762399900E-030   1.0833784439232195E-031  -1.0908249061571307E-030  -1.7659321736136671E-030  -1.1677012563493997E-030  -1.5625270816174049E-030  -2.3835295024206739E-030   1.1009311699615743E-028   2.6820709449821192E-031   6.1647791035506467E-033   1.0412817783615139E-028  -4.9494024425697342E-032   9.4731608946463208E-029  -2.9345994497687261E-031  -1.3637710584239763E-030  -1.4800626174127328E-030  -1.9373118544997040E-015
  -1.3776688484569582E-019  -2.5789906964038191E-032   2.4760046353592837E-032   3.6052468409765033E-033  -1.3080518519407755E-017   1.0102871679267706E-030   2.5310429685770164E-033  -7.5045249876528676E-033   1.1194021079651133E-030   1.6548384710537133E-033   1.0400483081093719E-030   5.9729541271425316E-032   2.3434017978569984E-032   3.8500868357504236E-032  -2.9952227191564832E-017  -1.8139946689945404E-032  -3.9280673693185539E-033  -1.9049311693107821E-033  -3.4712620738835370E-033  -9.9717892005082509E-033  -1.9072164604640094E-033   4.9126346019859798E-033   4.1653302480072967E-034  -1.9010197820515203E-032  -1.3145309950464215E-032   7.7423690134162453E-031  -1.3971174835165294E-033   9.9546760604589344E-034   4.9012085630310821E-031   6.3250941886053033E-035   4.5722898776065322E-031  -1.5080216583905940E-033  -3.0067819732845445E-034   9.6735371451294887E-033   7.9802303386278681E-034   9.1748978643967709E-031   1.8249916904845226E-034   3.9984765869061156E-031   2.0883389328028288E-035   6.3675871267092704E-031   2.3316368825666547E-030  -4.6830202405401931E-033   1.7419296148733892E-033   2.3141166458212325E-030  -1.0852082762018353E-033   2.4690535858853312E-030   1.3136854260899916E-032   5.9605351105116351E-033  -4.7787619785286643E-033  -2.3599162394768609E-017  -1.4473621249423874E-032  -9.7612206642364887E-033  -6.9366873248506843E-033  -9.1256471897029088E-033   2.5505086707052612E-033  -9.6502000858718030E-033  -7.3523624432189697E-033  -7.8419566277051783E-033  -1.0874988916091839E-034  -5.0020900142087010E-033  -2.4790990358805875E-031  -1.1176297723308180E-033  -2.7907982597488500E-034  -1.6703670290394082E-031   8.0328472607184821E-034  -1.0294127433706812E-031   3.7225055129282939E-031   5.1234512991144173E-034   2.7754306570252592E-034   2.0083957464119414E-031  -1.0610031040917398E-034   1.8467120206292010E-031   4.5222514341221270E-034   1.1968794085395864E-034   1.8756766559560283E-033   4.2906866703453634E-034   3.0407108515109510E-031  -1.2682858062058462E-034   1.7362004998040587E-031  -1.8272908904486402E-034   2.5065412999298289E-031  -1.0397945255495511E-033   3.5169865955957693E-033   9.0477553943744938E-033  -1.1541312482751625E-017  -4.3722803524020902E-033  -7.9928376746596020E-034  -2.9044988378677682E-033  -2.8306305401674559E-033   2.7141564100302716E-034  -2.7328118146283445E-033  -4.4241383568011191E-033  -2.9254078920419605E-033  -3.9145535137842694E-033  -5.9713869274196329E-033   2.7581307425063595E-031   6.7193140940831568E-034   1.5444441242277931E-035   2.6086928618896542E-031  -1.2399593549852998E-034   2.3732833627687202E-031  -7.3519663900803847E-034  -3.4166158472113123E-033  -3.7079576973581077E-033  -4.8534908716447181E-018
   4.0847786569853322E-019   7.6466896707675584E-032  -7.3413367083391208E-032  -1.0689532078539056E-032   3.8783647412963548E-017  -2.9954945018867216E-030  -7.5045249876528676E-033   2.2250864955472837E-032  -3.3190195483636525E-030  -4.9065846809917448E-033  -3.0837360777644067E-030  -1.7709767891631710E-031  -6.9481702074839257E-032  -1.1415480978486295E-031   8.8808147544538331E-017   5.3784817128537776E-032   1.1646692723991171E-032   5.6481078106266703E-033   1.0292268165955494E-032   2.9566286371224079E-032   5.6548836831726419E-033  -1.4565927794793210E-032  -1.2350175526878223E-033   5.6365105743142345E-032   3.8975753560265491E-032  -2.2956070855437750E-030   4.1424437261257240E-033  -2.9515546028720332E-033  -1.4532049667905808E-030  -1.8753860751061398E-034  -1.3556808028660851E-030   4.4712738415802085E-033   8.9150878634131143E-034  -2.8681971079071176E-032  -2.3661328048147686E-033  -2.7203509042455585E-030  -5.4110878059094497E-034  -1.1855455569706118E-030  -6.1919105674915263E-035  -1.8879852020178136E-030  -6.9132873145934732E-030   1.3885122792907906E-032  -5.1648093232092873E-033  -6.8613399331866954E-030   3.2176350724472327E-033  -7.3207268944737271E-030  -3.8950682498884499E-032  -1.7672945592766891E-032   1.4168996387317780E-032   6.9971354132635290E-017   4.2914187422583017E-032   2.8941952109939949E-032   2.0567230192122624E-032   2.7057481130844648E-032  -7.5622406605344504E-033   2.8612776858936659E-032   2.1799704058140849E-032   2.3251347446617951E-032   3.2244267313700426E-034   1.4831162476559055E-032   7.3505115845945750E-031   3.3137645854020577E-033   8.2746976387991318E-034   4.9526267485791557E-031  -2.3817336860129411E-033   3.0522017014894058E-031  -1.1037203234108544E-030  -1.5190997851309981E-033  -8.2291328024564494E-034  -5.9548795698706936E-031   3.1458669036781442E-034  -5.4754884353473812E-031  -1.3408444388005991E-033  -3.5487392115046977E-034  -5.5613683798078394E-033  -1.2721856456628572E-033  -9.0156867539156524E-031   3.7604586892921481E-034  -5.1478225364463972E-031   5.4179049179840155E-034  -7.4318777086912685E-031   3.0829836142206228E-033  -1.0427841058236672E-032  -2.6826532493609986E-032   3.4219912104381974E-017   1.2963781162542815E-032   2.3698708712740305E-033   8.6118190706346872E-033   8.3928000761847302E-033  -8.0474550816977129E-034   8.1027682279773761E-033   1.3117539788790523E-032   8.6738142724018992E-033   1.1606624235310561E-032   1.7705121155236021E-032  -8.1778386749354410E-031  -1.9922720058476465E-033  -4.5792662021922699E-035  -7.7347563870750928E-031   3.6764709563159538E-034  -7.0367688418549023E-031   2.1798529763309887E-033   1.0130242479851392E-032   1.0994069061035376E-032   1.4390567041254310E-017
  -6.0930036834088741E-017  -1.1406079066290671E-029   1.0950603536023043E-029   1.5944892930018475E-030  -5.7851092161164922E-015   4.4681880136675331E-028   1.1194021079651133E-030  -3.3190195483636525E-030   4.9507696821963701E-028   7.3188392920913184E-031   4.5998123419363608E-028   2.6416530749224311E-029   1.0364142153640168E-029   1.7027744583138299E-029  -1.3246944707279247E-014  -8.0227379839844792E-030  -1.7372628390881340E-030  -8.4249220298847402E-031  -1.5352319700005693E-030  -4.4102142831294371E-030  -8.4350291666105741E-031   2.1727065077117938E-030   1.8421968800520333E-031  -8.4076231724672898E-030  -5.8137644643296249E-030   3.4242106127240168E-028  -6.1790189875859039E-031   4.4026456699992233E-031   2.1676531236916110E-028   2.7973937446756624E-032   2.0221825511314155E-028  -6.6695138890057561E-031  -1.3298067717034908E-031   4.2783066135873367E-030   3.5294093280958708E-031   4.0577738652712430E-028   8.0713744124847221E-032   1.7684026607214278E-028   9.2360779036453128E-033   2.8161870583719346E-028   1.0312109568103124E-027  -2.0711551696221118E-030   7.7040165142372067E-031   1.0234622973887382E-027  -4.7995409285543982E-031   1.0919861191739230E-027   5.8100247740754151E-030   2.6361605275543812E-030  -2.1134987823758664E-030  -1.0437180426757807E-014  -6.4012355134383966E-030  -4.3170863250899657E-030  -3.0678824935549337E-030  -4.0359918134627712E-030   1.1280111866200004E-030  -4.2679853532803860E-030  -3.2517227560502436E-030  -3.4682551377464123E-030  -4.8096716128112719E-032  -2.2122698727965442E-030  -1.0964289113508058E-028  -4.9429311892522254E-031  -1.2342838480630766E-031  -7.3875173064855899E-029   3.5526801671270957E-031  -4.5527745249743556E-029   1.6463491808779586E-028   2.2659442196311977E-031   1.2274872321633358E-031   8.8825138888324037E-029  -4.6924889305437416E-032   8.1674367221788195E-029   2.0000520935251478E-031   5.2934278458832208E-032   8.2955383555521947E-031   1.8976381527425121E-031   1.3448124663041178E-028  -5.6092362816236283E-032   7.6786784083061616E-029  -8.0815430635839707E-032   1.1085657769060068E-028  -4.5986899400808608E-031   1.5554545132864095E-030   4.0015426788703088E-030  -5.1043659401561539E-015  -1.9337245174644375E-030  -3.5349851633167489E-031  -1.2845701009648697E-030  -1.2519004350666205E-030   1.2003875257965465E-031  -1.2086382348881291E-030  -1.9566597106475757E-030  -1.2938175296370533E-030  -1.7312860782983641E-030  -2.6409599509039155E-030   1.2198360144556568E-028   2.9717450293722697E-031   6.8305992026160972E-033   1.1537442567696045E-028  -5.4839571393841843E-032   1.0496299083280456E-028  -3.2515475939831817E-031  -1.5110636322486351E-030  -1.6399151315086942E-030  -2.1465490630382448E-015
  -9.0074306880715866E-020  -1.6861875021023704E-032   1.6188534829195199E-032   2.3571710335075832E-033  -8.5522630536044358E-018   6.6054274583772269E-031   1.6548384710537133E-033  -4.9065846809917448E-033   7.3188392920913184E-031   1.0819612307170768E-033   6.8000107994268648E-031   3.9052178877040461E-032   1.5321555170635568E-032   2.5172515408852451E-032  -1.9583270005964884E-017  -1.1860202303188078E-032  -2.5682365255512259E-033  -1.2454760439950608E-033  -2.2695695388378708E-033  -6.5197235286433979E-033  -1.2469702057951054E-033   3.2119631450455447E-033   2.7233629869671791E-034  -1.2429187132060638E-032  -8.5946247811760293E-033   5.0620911061413783E-031  -9.1345891358167755E-034   6.5085346697951967E-034   3.2044926085635220E-031   4.1354529837267085E-035   2.9894400388337493E-031  -9.8596992878789223E-034  -1.9658846353997241E-034   6.3247213175236459E-033   5.2176088419612923E-034   5.9987025674749360E-031   1.1932102679651693E-034   2.6142712564614621E-031   1.3653911251235320E-035   4.1632355814919625E-031   1.5244634175327081E-030  -3.0618374128693953E-033   1.1389028856277786E-033   1.5130083920162533E-030  -7.0952742678024421E-034   1.6143087698401679E-030   8.5890963090939617E-033   3.8970981257131947E-033  -3.1244349717713456E-033  -1.5429529368070406E-017  -9.4630970538097862E-033  -6.3820502773623694E-033  -4.5353228646636804E-033  -5.9665016478459122E-033   1.6675654745648401E-033  -6.3094631555958019E-033  -4.8070982497028275E-033  -5.1272031636654106E-033  -7.1102506966720005E-035  -3.2704505984108093E-033  -1.6208766540355683E-031  -7.3072514635650399E-034  -1.8246708501273008E-034  -1.0921140631556201E-031   5.2520106707666473E-034  -6.7304736880088693E-032   2.4338367258010585E-031   3.3497986480693264E-034   1.8146232529467733E-034   1.3131229250255168E-031  -6.9370167806575988E-035   1.2074113852016773E-031   2.9567240627173128E-034   7.8253989167827645E-035   1.2263489510328188E-033   2.8053231246867368E-034   1.9880679067490524E-031  -8.2922659569892029E-035   1.1351570938180285E-031  -1.1947135235797534E-034   1.6388188679154972E-031  -6.7983515263584593E-034   2.2994650003291760E-033   5.9155746817338468E-033  -7.5459042537106883E-018  -2.8586704466163637E-033  -5.2258517303443947E-034  -1.8990102008171935E-033  -1.8507138651392375E-033   1.7745611194820221E-034  -1.7867583368367790E-033  -2.8925760822681491E-033  -1.9126808921765948E-033  -2.5594009394675302E-033  -3.9041932261611658E-033   1.8033122778083656E-031   4.3932005896500808E-034   1.0097835496652662E-035   1.7056072775584930E-031  -8.1070628537224865E-035   1.5516925868822517E-031  -4.8068393034982598E-034  -2.2338409165593008E-033  -2.4243251192522084E-033  -3.1732939792093869E-018
  -5.6610740029364545E-017  -1.0597508393674606E-029   1.0174321273274053E-029   1.4814568238572253E-030  -5.3750060051141234E-015   4.1514406225098178E-028   1.0400483081093719E-030  -3.0837360777644067E-030   4.5998123419363608E-028   6.8000107994268648E-031   4.2737341745300837E-028   2.4543877411303029E-029   9.6294338157833953E-030   1.5820657133480614E-029  -1.2307876081696247E-014  -7.4540105001373606E-030  -1.6141092317750114E-030  -7.8276839401914727E-031  -1.4264002198969169E-030  -4.0975766178488452E-030  -7.8370745875528948E-031   2.0186845381876825E-030   1.7116045562799607E-031  -7.8116113892634144E-030  -5.4016298985394260E-030   3.1814702054185875E-028  -5.7409917295016268E-031   4.0905445395413256E-031   2.0139893857817500E-028   2.5990880404491216E-032   1.8788311421136506E-028  -6.1967157170911603E-031  -1.2355375009403725E-031   3.9750198104623549E-030   3.2792114417082607E-031   3.7701205073997495E-028   7.4991991189672053E-032   1.6430415685770289E-028   8.5813374201293135E-033   2.6165491064722221E-028   9.5810897916214850E-028  -1.9243321186104018E-030   7.1578830201102152E-031   9.5090961794585253E-028  -4.4593041114768520E-031   1.0145758236870790E-027   5.3981553128708187E-030   2.4492845574247304E-030  -1.9636740159415023E-030  -9.6972944458846912E-015  -5.9474554480370132E-030  -4.0110504495421733E-030  -2.8504019906666197E-030  -3.7498825732656665E-030   1.0480470939126900E-030  -3.9654302186227304E-030  -3.0212099180504662E-030  -3.2223924382829650E-030  -4.4687166370977884E-032  -2.0554432780781298E-030  -1.0187036687697082E-028  -4.5925295154465082E-031  -1.1467861448271771E-031  -6.8638202671479130E-029   3.3008326237575847E-031  -4.2300308425456343E-029   1.5296403928004172E-028   2.1053126799820939E-031   1.1404713372909963E-031   8.2528373638957378E-029  -4.3598409707354901E-032   7.5884516243533555E-029   1.8582695004771829E-031   4.9181796568328951E-032   7.7074722033821181E-031   1.7631156276374930E-031   1.2494794501026430E-028  -5.2116006062319952E-032   7.1343411185747746E-029  -7.5086469199819388E-032   1.0299801585999659E-028  -4.2726913391248928E-031   1.4451891982099379E-030   3.7178755188803094E-030  -4.7425202456345222E-015  -1.7966438498087752E-030  -3.2843920090365754E-031  -1.1935076329140121E-030  -1.1631539016656951E-030   1.1152927142059678E-031  -1.1229585350672508E-030  -1.8179531797596065E-030  -1.2020995164529399E-030  -1.6085561602709079E-030  -2.4537437522922996E-030   1.1333625101990823E-028   2.7610796584522681E-031   6.3463817814031677E-033   1.0719559608704335E-028  -5.0952024334928141E-032   9.7522222133567846E-029  -3.0210471731260142E-031  -1.4039451623176449E-030  -1.5236624496527488E-030  -1.9943813803826256E-015
  -3.2511312278720392E-018  -6.0861049437686192E-031   5.8430703426215887E-031   8.5079448533759376E-032  -3.0868435678745564E-016   2.3841550634203410E-029   5.9729541271425316E-032  -1.7709767891631710E-031   2.6416530749224311E-029   3.9052178877040461E-032   2.4543877411303029E-029   1.4095446599631056E-030   5.5301437446289152E-031   9.0857375164916601E-031  -7.0683619852392140E-016  -4.2808071926479418E-031  -9.2697621085650240E-032  -4.4954062933408730E-032  -8.1917570693210118E-032  -2.3532211898266208E-031  -4.5007993030190394E-032   1.1593221247275912E-031   9.8296736976118079E-033  -4.4861758942670100E-031  -3.1021335590100976E-031   1.8271050917221061E-029  -3.2970276454708545E-032   2.3491826965353193E-032   1.1566257182509001E-029   1.4926454393476926E-033   1.0790049016945776E-029  -3.5587480339650115E-032  -7.0956404216419389E-033   2.2828373256559987E-031   1.8832374767408048E-032   2.1651645090825869E-029   4.3067588282820828E-033   9.4359193141121671E-030   4.9282263487489789E-034   1.5026732568590325E-029   5.5023799728512870E-029  -1.1051359230362042E-031   4.1107424139066787E-032   5.4610343411586272E-029  -2.5609597832284876E-032   5.8266667097481587E-029   3.1001381189283625E-031   1.4066139228100234E-031  -1.1277298108586440E-031  -5.5691158219327897E-016  -3.4155988993362516E-031  -2.3035295716523984E-031  -1.6369739945172899E-031  -2.1535419477776458E-031   6.0188908209514061E-032  -2.2773300629923812E-031  -1.7350682759906769E-031  -1.8506065596609843E-031  -2.5663653574999952E-033  -1.1804325159878130E-031  -5.8503727521793166E-030  -2.6374705779941005E-032  -6.5859450789809314E-033  -3.9418633993214855E-030   1.8956544315637947E-032  -2.4292890995469211E-030   8.7846610835122680E-030   1.2090723058512169E-032   6.5496794022414468E-033   4.7395701342877804E-030  -2.5038385156529821E-033   4.3580161704889178E-030   1.0671964365188957E-032   2.8244900982252533E-033   4.4263691934381153E-032   1.0125499635560596E-032   7.1757084551552792E-030  -2.9930005276964903E-033   4.0972223978804510E-030  -4.3121846610653653E-033   5.9151331637353492E-030  -2.4537888450993398E-032   8.2996613894227937E-032   2.1351604297175651E-031  -2.7236096297981639E-016  -1.0318050819416425E-031  -1.8862126549862123E-032  -6.8542646396384487E-032  -6.6799444249713199E-032   6.4050796182709582E-033  -6.4491041082819745E-032  -1.0440429414029815E-031  -6.9036074690470703E-032  -9.2378710501400104E-032  -1.4091748198549305E-031   6.5088537042553833E-030   1.5856765510537692E-032   3.6447006315083534E-034   6.1561984483539770E-030  -2.9261535417600225E-033   5.6006606100795595E-030  -1.7349748122582140E-032  -8.0627986086441725E-032  -8.7503300049293916E-032  -1.1453649223955005E-016
  -1.2755341163333470E-018  -2.3877948773058461E-031   2.2924437814919106E-031   3.3379685899257872E-032  -1.2110782391227178E-016   9.3538861057048433E-030   2.3434017978569984E-032  -6.9481702074839257E-032   1.0364142153640168E-029   1.5321555170635568E-032   9.6294338157833953E-030   5.5301437446289152E-031   2.1696715758590299E-031   3.5646571491733909E-031  -2.7731691607747001E-016  -1.6795125256268309E-031  -3.6368565250157310E-032  -1.7637073658478614E-032  -3.2139169053083453E-032  -9.2325215456376719E-032  -1.7658232348645420E-032   4.5484319711019316E-032   3.8565297045653135E-033  -1.7600859528377842E-031  -1.2170770450658979E-031   7.1683814502416097E-030  -1.2935409091576063E-032   9.2166771037785534E-033   4.5378530119290877E-030   5.8561775826057055E-034   4.2333190121740387E-030  -1.3962231022362346E-032  -2.7838714590927778E-033   8.9563806774397368E-032   7.3886087099372232E-033   8.4947084729539605E-030   1.6896942729344180E-033   3.7020458912686321E-030   1.9335180281100795E-034   5.8955202681252037E-030   2.1587788632558427E-029  -4.3358402790184278E-032   1.6127900797866039E-032   2.1425575051841600E-029  -1.0047553743943056E-032   2.2860080543879132E-029   1.2162941631325168E-031   5.5186454230825126E-032  -4.4244841162497947E-032  -2.1849617043408656E-016  -1.3400606184283786E-031  -9.0375636991698235E-032  -6.4224297058717884E-032  -8.4491090417881780E-032   2.3614243924672841E-032  -8.9347737322791400E-032  -6.8072883715689208E-032  -7.2605860462387227E-032  -1.0068761729466896E-033  -4.6312555250412874E-032  -2.2953087758183364E-030  -1.0347732734426915E-032  -2.5838998944488425E-033  -1.5465328512904278E-030   7.4373248286897112E-033  -9.5309629409729061E-031   3.4465341836662351E-030   4.7436195807958144E-033   2.5696715829194409E-033   1.8595015024956814E-030  -9.8234467471656519E-034   1.7098043466641039E-030   4.1869902141729347E-033   1.1081476658480291E-033   1.7366216624275420E-032   3.9725927146078116E-033   2.8152849890968668E-030  -1.1742602853282438E-033   1.6074856978696320E-030  -1.6918230196196532E-033   2.3207165826824032E-030  -9.6270841341923203E-033   3.2562515980484054E-032   8.3769918254955053E-032  -1.0685686792948889E-016  -4.0481373748918700E-032  -7.4002813896545347E-033  -2.6891711768763599E-032  -2.6207791725585236E-032   2.5129399579122547E-033  -2.5302123271361764E-032  -4.0961508390055523E-032  -2.7085301193169296E-032  -3.6243445314430477E-032  -5.5286927306817643E-032   2.5536542132857855E-030   6.2211716371188137E-033   1.4299453554673852E-034   2.4152950457596771E-030  -1.1480338413123775E-033   2.1973378437992686E-030  -6.8069216801897032E-033  -3.1633219263136633E-032  -3.4330648836245873E-032  -4.4936729149601060E-017
  -2.0956359743073168E-018  -3.9230223481071741E-031   3.7663654747091397E-031   5.4841081618927357E-032  -1.9897383324422605E-016   1.5367946628536577E-029   3.8500868357504236E-032  -1.1415480978486295E-031   1.7027744583138299E-029   2.5172515408852451E-032   1.5820657133480614E-029   9.0857375164916601E-031   3.5646571491733909E-031   5.8565456323139687E-031  -4.5561721805332775E-016  -2.7593514143870257E-031  -5.9751654382448993E-032  -2.8976791421670143E-032  -5.2802977191700920E-032  -1.5168550991190661E-031  -2.9011554045197808E-032   7.4728363148224085E-032   6.3360770060028141E-033  -2.8917293496177113E-031  -1.9995940574882937E-031   1.1777276556009931E-029  -2.1252201950201984E-032   1.5142519400245656E-032   7.4554556370894839E-030   9.6213940943570271E-034   6.9551221711991900E-030  -2.2939216785641379E-032  -4.5737554980439088E-033   1.4714865958417448E-031   1.2139098448526551E-032   1.3956362624269613E-029   2.7760794937585302E-033   6.0822681643206102E-030   3.1766691966867741E-034   9.6860320731023736E-030   3.5467609909313452E-029  -7.1235592613401121E-032   2.6497299185712213E-032   3.5201101463229250E-029  -1.6507606350915096E-032   3.7557919110017801E-029   1.9983078233356984E-031   9.0668463743667755E-032  -7.2691964589845752E-032  -3.5897780321729186E-016  -2.2016496491710516E-031  -1.4848245425624171E-031  -1.0551716776321407E-031  -1.3881445139009662E-031   3.8796970179729440E-032  -1.4679366875332476E-031  -1.1184019475662180E-031  -1.1928763894446218E-031  -1.6542449964141299E-033  -7.6089110908183925E-032  -3.7710725108438558E-030  -1.7000784763890472E-032  -4.2452126552142676E-033  -2.5408727505688261E-030   1.2219136488810266E-032  -1.5658874626033792E-030   5.6624757656292229E-030   7.7935193693763613E-033   4.2218362820441179E-033   3.0550639085297974E-030  -1.6139410252883044E-033   2.8091192952144476E-030   6.8790063742994403E-033   1.8206287732008511E-033   2.8531787452350944E-032   6.5267624733822582E-033   4.6253662881541643E-030  -1.9292483561381533E-033   2.6410150959535202E-030  -2.7795769134485577E-033   3.8128162113147223E-030  -1.5816796729272393E-032   5.3498514096055512E-032   1.3762960316930370E-031  -1.7556025641913936E-016  -6.6508784070377118E-032  -1.2158276052025299E-032  -4.4181678774161932E-032  -4.3058033841673259E-032   4.1286291833678942E-033  -4.1570067844400001E-032  -6.7297620224262094E-032  -4.4499736093707595E-032  -5.9546088858912933E-032  -9.0833535763148104E-032   4.1955205797918283E-030   1.0221060274392040E-032   2.3493255804284386E-034   3.9682036894553958E-030  -1.8861596775571386E-033   3.6101113833079151E-030  -1.1183417020866252E-032  -5.1971728095789875E-032  -5.6403464087154646E-032  -7.3828700438301444E-017
