  0.12218769842341491        2.2744406070170885E-010   7.4449526339604257E-009  -5.1869373373017960E-009  -7.9160648659163496E-010   3.9788961588948473E-011   1.6153237153244098E-009   2.5782423376176831E-010   9.6920770134841857E-012   5.3378219115920949E-010   6.1977941026665130E-002  -5.1539425270554811E-011  -1.6931928082100704E-009  -1.0071957299359514E-008  -5.1094717896684222E-011  -5.9237516752048809E-013  -1.8727180980265753E-011  -3.3623223710903002E-011   4.7986313146634110E-012   1.0199402304661305E-010   3.9447097787470954E-012   5.7355463182696126E-011  -4.6984545238641221E-012  -2.8792266643184532E-011   3.3886188276903508E-010  -3.9605407132637325E-012  -9.1723787453885301E-011   1.4320735511149476E-010  -2.2175441468687785E-011  -4.8206198259242314E-010  -5.2511950766282845E-012   5.1669168821631696E-013   1.6807388964332980E-011   1.7736438236168161E-013   3.1570928051038867E-013   9.0426411006960722E-012   9.2245830395176240E-013   1.3392118727674467E-011  -1.9304956145124204E-012  -2.6789326322956117E-011   9.8640315415520767E-012  -1.8534552219593464E-012  -1.7508927164309167E-011   1.6183251505114023E-012   4.8171368545745463E-012   7.0111262884714471E-011   4.6058305300698662E-012   1.5009144275647726E-010   7.1099908809542463E-011  -8.3788707990072898E-012  -1.6518838169729321E-010  -2.9840522993705528E-012  -4.3433053921722998E-011  -6.0207609036013707E-013  -7.9494218649021968E-011   4.8613033732953018E-002   4.4075581570903883E-011   1.4380751191728538E-009  -6.8212999813449563E-009  -2.5083169432661998E-010   1.3708941106012556E-011   5.1601504589535818E-010   9.6390064145068429E-011   2.0400097103022241E-012   1.5441937994250846E-010  -3.5328027647912000E-013   1.6119197050363067E-013   5.2569077954584020E-012   6.8473724713098099E-013  -1.9141845066096778E-014   1.3050465450056681E-013   1.5433627076097383E-013   2.2411739488843120E-012  -4.9032927983639224E-013  -8.5517434410757168E-012   1.6115837321224251E-012  -3.7183920726264745E-013  -3.7241267364731271E-012   3.9098658869427794E-013   2.0315783131791273E-012  -1.5856307006893685E-013  -1.7113026736693799E-012   1.9143894202923220E-013   5.7133006689996703E-013   1.3286436074448789E-013   3.6588165225765074E-012   1.7071032061396418E-012   2.3106920034810413E-013   7.6165701481670819E-012   2.6314768817749952E-012  -2.6433776090603218E-013  -4.8408636450340330E-012   1.1829287904653125E-015   2.7848962258905320E-014  -2.3308508876435754E-013  -5.6907275958025990E-012  -2.7323996146933673E-013  -9.3703581536115526E-015  -3.0447366580115136E-013  -1.5574466360844498E-013   2.7671063257193345E-014   6.3731526758946091E-013  -8.5028786187836720E-016  -1.7557764345940863E-014   1.3841072608310740E-014   3.1746834229380807E-013  -1.3760412452730980E-013   3.8542922288031560E-014   3.9962528975215491E-013  -5.9107007795263656E-014  -5.8920236911466236E-013   1.2181254195261878E-010  -3.3048780951261941E-012  -1.0873904205531652E-010   1.6328552307541035E-011  -5.4787948237077022E-012  -1.3814510600138384E-010  -1.8787740021425268E-003  -8.2111746644300958E-012  -2.6882862181317354E-010   3.0790141013295995E-009  -5.5552203868483129E-009   2.7209271523271464E-010   2.0584670096159819E-002  -1.8362845488985279E-011  -6.0340129349936738E-010  -7.1722247753305754E-003  -3.1264180161750063E-011  -1.0235486656185851E-009   3.0694864902657434E-011  -4.8653730015423788E-012   8.0463443352310192E-013   3.0519234290958046E-011   1.1717327577516379E-011  -6.6047967294739376E-013  -6.8519638861882847E-012
   2.2744406070170885E-010  0.12218770150161613       -5.4572148358233025E-010   3.7628946208427958E-010  -2.0902752697072963E-011  -6.3339487609145088E-010   9.6923107147286054E-012   5.8542096140475838E-011   1.7471844463074886E-009  -3.7641705364418988E-011  -5.1681702479354955E-011   6.1977940329712176E-002   1.2430553854770415E-010   7.4441521403479219E-010   3.1052557853934364E-012  -4.9463715095909077E-012  -1.5150759104864737E-012   5.3821632791375411E-013  -2.2929231233911346E-011  -4.7014972386886926E-012  -2.3948889441142627E-011  -1.3055227513813089E-012   3.7137206352659908E-011   2.1059566924587747E-012  -2.3408201749406133E-012   1.7509292471727413E-010  -2.2175491282824599E-011  -3.3232997473653283E-011  -3.9243537436800430E-010   3.5562130187879484E-011   1.2818705382085153E-013  -1.3629499379373323E-012  -1.2495932207710209E-012  -1.3102325842816218E-013  -9.4191243057903398E-014  -9.4711735752574822E-014  -2.0592594066032527E-012  -4.9452384880132805E-013   4.5916367132186299E-012   1.6181802394824829E-012  -3.3243756321355435E-013   4.9187223977412525E-012   7.1547595030439144E-013  -4.8481323613106625E-012  -3.5305998661286768E-013  -2.8890430588631047E-012   1.3862121158916940E-011   2.8911865900597657E-012   4.4808349158798402E-012   1.0943051466287758E-010  -6.0133007070587306E-013   1.1876995732789544E-010  -1.0719367150500595E-011  -1.7323032227601497E-010   5.8347692555892547E-012   4.4018745732478785E-011   4.8613034326746053E-002  -1.0539025195096745E-010   5.0090177047285979E-010  -7.4862528918908431E-012  -2.0624133401797216E-010   2.0403716830826987E-012   1.8471759990685840E-011   5.4376138725008218E-010  -1.1009053985674729E-011  -9.2607664134803947E-014  -5.3927256959891405E-013  -2.4676516716267654E-014   4.5048399134445222E-014   1.8671461287994728E-012   1.5842526736623574E-013  -5.3369462008010371E-014   8.9799098646295177E-014   1.0165804636746606E-012  -3.4810262101161915E-014   2.1953686794525520E-013   3.3452830274916855E-012  -4.4564886893674024E-013  -5.2124393387235209E-012   1.3291099388107163E-013   2.6562049548436065E-012  -5.2508286160810013E-013  -5.7579967506086038E-012   6.2034857218254373E-013   3.8136968492260586E-012  -2.6853147822334646E-013  -2.7343233691695429E-014   4.5320221442035032E-013   9.6470652415197248E-014   2.7355428901853935E-013   5.1547614588641064E-012  -2.3261883462935971E-013   5.6826325539504355E-012  -6.5667170274411699E-013  -8.1230462320180411E-012   4.1608191281116428E-013  -5.5549714982255751E-015  -1.3545356008663256E-013   2.1575973868432409E-014  -7.9498426306233565E-017  -3.2632681619905554E-015   1.2175917562143093E-014  -2.0403361202069198E-013   5.0449084446677073E-014   4.5556562395555669E-013  -5.9100207214794634E-014   5.1123698273448041E-014   4.8287951805936930E-013  -8.7173710519965432E-014  -4.8027628969750428E-013   4.4290020372952657E-014   7.6270788701022515E-013   7.6242586082963301E-011  -5.4789503750524404E-012  -1.0897490579324134E-011  -1.8302806701010992E-010   1.0129087640111445E-011  -8.2107467541158468E-012  -1.8787741128565034E-003   1.9709058466874478E-011  -2.2606770164283944E-010   4.0925394065046680E-010  -1.9463556167853429E-011  -1.8405518718698827E-011   2.0584669849740507E-002   4.4289197474890417E-011  -3.1269769218616703E-011  -7.1722251952621788E-003   7.5049595293903909E-011  -2.2016860841106992E-012  -6.0131135680427711E-013  -7.7304093388186790E-012  -6.6046656195545964E-013   7.7038129141961245E-014   2.1571244792863872E-011   5.2417124758673024E-013
   7.4449526339604257E-009  -5.4572148358233025E-010  0.12218768367807388        1.2667037421683080E-008  -8.6418379319872049E-010   9.6885592521829810E-012  -3.1721300927075008E-010  -7.4894732809871397E-010   2.0603364517774055E-011   1.6131313557852859E-009  -1.6827729287183955E-009   1.2321223519498664E-010   6.1977944369559619E-002   2.3759745037520466E-008   1.0091747751467120E-010  -1.5087752544699003E-012  -5.4552981407390565E-011   5.7318315455745012E-011  -8.1703123913206430E-012  -1.9272329520722839E-010  -9.4248764455150175E-012  -1.4826575509218215E-010   1.4150137663551614E-011   1.5127196316795245E-010  -9.7803812948837960E-011  -2.2173503132574824E-011  -5.4707357241007099E-010  -3.5810799757695410E-010   3.9817472028682526E-011   4.5590246392592879E-010   4.2076585509500539E-012  -1.2492771875303025E-012  -4.2043544689748885E-011  -4.1269487189490938E-012   3.4815542109512105E-014  -3.2604973634288432E-012  -1.8531727664870298E-012  -2.7817173654596115E-011   4.1631417423758975E-012   6.2777166477004681E-011  -2.3597896461071412E-011   4.5810704297834460E-012   4.5584138382413788E-011  -4.6082915476916306E-012  -2.4090438359711414E-011  -9.4213911693180035E-011   2.8899748107738243E-012   1.0795688271058982E-010  -4.3472167830774031E-011   4.1946006209616981E-012   1.6987764138485220E-010   7.1391751166935027E-012   1.5692743652050323E-010  -1.2468049470855403E-011  -1.9741150071374782E-010   1.4418533400971672E-009  -1.0579517572901676E-010   4.8613030881083298E-002   1.6295926780355158E-008  -2.8348230562565932E-010   2.0388787372687662E-012  -1.3965400671958065E-010  -2.5927678952187413E-010   9.6665368231147931E-012   5.4277328754128116E-010  -3.0333708421792578E-012  -2.4490559684407727E-014  -1.3329730405464269E-012  -1.7579289428631933E-012   3.0240179020226974E-013   8.3806224803476929E-012   5.6769238848769652E-014   7.9680659072695028E-013  -3.2888438010366626E-014   1.1503686021923944E-012  -1.7131176922240452E-012   4.0400835195556924E-013   5.3694381957610560E-012  -7.0641172129408970E-013  -9.4565607243227167E-012   3.7933553058040009E-013   4.9779502655959867E-012  -8.8373153130491723E-013  -7.1084776424114332E-012   6.9389295506878616E-013   2.7314297711675168E-012  -9.8395844618507946E-013   9.8428350281428650E-014   3.6102604570638715E-012   1.2662913143165247E-014  -1.1353583066112260E-013   1.3182144370122113E-012  -9.0567988278573664E-016   2.4654929703172449E-012  -9.5509585859479740E-014  -4.5293671038558637E-012  -2.0781487445469957E-013   2.1635406659106640E-014   5.5986104478946270E-013  -6.8847682635720619E-015   1.3413103596402458E-014   3.7235974805613934E-013   3.8616059050421679E-014   4.6444430562421863E-013  -8.0467926521378750E-014  -9.0600802362879734E-013   3.3271474198780158E-013  -7.6666607399876346E-014  -5.7838597926823360E-013   6.6219423788603665E-014   1.1724538797192382E-013   2.5484845391161831E-011  -5.4781110033256378E-012  -1.0219995859932129E-010  -3.8804299531358690E-011   7.5136679289463481E-012   1.3322680895902626E-011  -2.6864364874449569E-010   1.9692893131357931E-011  -1.8787734696349037E-003  -7.3584354995186606E-009   1.3184026144030290E-008  -6.8962945603448632E-010  -5.9990756351249916E-010   4.3919496920208080E-011   2.0584671288366375E-002  -1.0228264025922016E-009   7.4975578764373153E-011  -7.1722227474705687E-003  -7.7051062303212786E-011  -2.2061599273475877E-011  -6.6047543507597632E-013  -2.9229787163995399E-011  -2.9784118433444119E-011   2.1075011295711349E-012   5.1845694303106386E-011
  -5.1869373373017960E-009   3.7628946208427958E-010   1.2667037421683080E-008   9.0528766700764915E-002  -2.4887003938683690E-009  -1.7018635280838045E-010  -5.5443917426032342E-009  -4.4848389359629792E-009   4.0698248463026193E-010   6.9736165896500237E-009   2.1286754118865841E-009  -1.5965553277340568E-010  -4.7731737650063127E-009  0.26014855395313685       -1.3528921795220109E-010   1.5483125975148303E-012   5.1123445976420854E-011  -8.0007759464276660E-011   1.2110380484419739E-011   2.6153087491095054E-010   1.3189741120816305E-011   1.9381820638469404E-010  -1.9242950563082777E-011  -1.8255671033011397E-010   7.5013308558049164E-010   5.0445770553478327E-011   1.6386145345124385E-009   1.3310755684452560E-009  -1.2038296141592849E-010  -2.0783108428053757E-009  -2.5803819062598400E-011   6.6096371474750563E-012   2.1546240977349081E-010   1.6188072890154370E-011   4.4575244222986669E-013   2.7499401072276740E-011   1.0106836808078904E-011   1.4681768037172698E-010  -2.2426528859477440E-011  -3.2489372841614286E-010   1.2223010983842265E-010  -2.4171983240058916E-011  -2.3237014694022104E-010   2.3839787659924181E-011   1.1571495700255183E-010   8.1647584161574687E-011  -9.1555735339924104E-013  -3.0289319742264559E-011   4.8535801695291905E-011  -7.3510391851765628E-012  -1.5807579480227917E-010  -7.9721254038541673E-012  -1.1784460625469298E-010   1.1611196028692015E-011   1.1041493715035003E-010  -1.0852918734692610E-009   7.6491376748281145E-011   2.8875271686482077E-009  0.15714815646196517       -7.1606448593020997E-011  -5.1811365396579606E-012  -1.6677587633567730E-010  -1.7222265107376095E-010   1.2291683903808569E-011   2.3538929734813716E-010   5.5427921218379701E-012   2.0945744914560623E-013   6.8222039648058266E-012   3.9402810876333619E-012  -7.0799885577664848E-013  -1.6037873486012583E-011   1.7753670329016912E-014   2.4244715026402769E-013  -3.9178456164128386E-013  -9.1138302872501700E-012   4.5813786367426936E-012  -1.2752164991449349E-012  -1.3334932074009650E-011   1.9832655132385177E-012   1.9840182061743363E-011  -1.0159744140733703E-012  -1.0974898772129877E-011   2.1989507293992786E-012   1.4188656517063112E-011  -1.4564941901848435E-012  -2.3262898159720628E-012  -2.0511477780792387E-011   2.3955618850926946E-013   8.0047041522994098E-012  -1.2118014041413860E-011   1.8329188471868585E-012   3.9633295822304466E-011   2.0003278873109066E-012   2.9666015825204562E-011  -2.9239982682319746E-012  -2.8080048315482404E-011  -1.5402594621002822E-012  -6.5706383424932198E-013  -2.1436479161992430E-011   1.7580191293042554E-012  -4.2871688406246040E-014   1.6916814420724575E-012  -1.0041555574226752E-012  -1.4584242669290852E-011   2.2292954414740491E-012   3.2306980747657101E-011  -1.5150059024807407E-011   2.4023442845626086E-012   2.5727705165446069E-011  -2.3704072104257818E-012  -1.5153144501225510E-011   2.4814776418418184E-010   1.7134993520955765E-011   5.5710705102481613E-010   4.5956526885187989E-010  -4.0915956795884749E-011  -7.0918493518925746E-010   2.0489995947384909E-010  -1.4898299822665439E-011  -4.9303527210073932E-010  -6.9458033885648682E-002  0.13943284996094973        7.0871444179137306E-004   6.9808341647987859E-010  -5.3813033155903421E-011  -1.4102392384458283E-009   8.8668651490461538E-010  -6.5781787528624642E-011  -2.0297280707564191E-009  -4.4668061179687720E-005   4.1261737473244326E-011   2.7076975077577207E-012   8.8275211730673889E-011   6.9933316353217210E-011  -6.4769365504786893E-012  -1.1119457807753280E-010
  -7.9160648659163496E-010  -2.0902752697072963E-011  -8.6418379319872049E-010  -2.4887003938683690E-009   7.9660870225488260E-017   4.4606237928166709E-018   1.4419694916618306E-016   1.2690872483779322E-016  -1.1695720832139980E-017  -2.0657171379132239E-016  -4.0151422547208991E-010  -1.0601762392215861E-011  -4.3832907468567342E-010  -7.1517622917803357E-009   3.3359997049947592E-018  -2.7182593665128793E-020  -8.9717018851212563E-019   2.0119995735411042E-018  -3.0231025687754670E-019  -6.4868464529272520E-018  -3.1737390589231280E-019  -4.6507477868254604E-018   4.5295364950023614E-019   4.1341407696823330E-018  -2.2124776869000931E-017  -1.2342881549515599E-018  -4.0580744453667742E-017  -3.4981606245613216E-017   3.2386177267115982E-018   5.7026834857082503E-017   7.1362787563302743E-019  -1.7598058718450923E-019  -5.7344810814853400E-018  -4.1691622100503473E-019  -1.4531405835226885E-020  -7.9160956659390223E-019  -2.7035965265667538E-019  -3.9260387976207484E-018   5.9879376030229656E-019   8.6607750939649041E-018  -3.2571502025994431E-018   6.4326463396247505E-019   6.1788645847589318E-018  -6.3242720881621132E-019  -3.0417650610115035E-018  -2.0321134668306100E-018  -2.7494031911985827E-020  -9.0413184721777040E-019  -1.4883873992663729E-018   2.0799679887355447E-019   4.2148298229244482E-018   1.6768233906277573E-019   2.4130531945187373E-018  -1.9747178316752770E-019  -1.1249341246472723E-018  -3.1511056501331223E-010  -8.3246341789856202E-012  -3.4397176864684659E-010  -4.3199153058945191E-009   5.5980135798558742E-018   7.4567971845350283E-020   2.2334794757988803E-018   5.9404821314443301E-018  -5.1243780999454637E-019  -1.1306583150432405E-017  -1.2859348930010090E-019  -6.5380857072329535E-021  -2.1221295572063108E-019  -1.0032662895348307E-019   1.7126554254106022E-020   3.8068759105039069E-019  -1.8821482298944817E-021  -2.6862276734900700E-020   1.4010142948496020E-020   2.9788974898007249E-019  -1.2431104578421997E-019   3.4035233781012664E-020   3.5281192453387575E-019  -5.1163189600651413E-020  -4.9167679950932366E-019   2.5817566728915184E-020   2.7765861759851978E-019  -5.4449023618496691E-020  -3.4354545895894395E-019   3.3611655788234389E-020   2.0920718270288651E-020   5.6002943255997735E-019  -8.8703935209192967E-021  -2.9540541177530311E-019   3.1603087084369902E-019  -4.8775840027151349E-020  -1.0678943931160701E-018  -5.5999872341893945E-020  -8.3350747705753675E-019   8.4020361517450596E-020   8.4144910323737383E-019   4.5429152754720548E-020   1.7992408068800364E-020   5.8726386302911681E-019  -4.7271593934844371E-020   9.0591889783896714E-022  -5.2985436731798615E-020   2.7370257177431099E-020   3.9772469443369682E-019  -6.0878637441985082E-020  -8.8371135563394838E-019   4.1497217925413456E-019  -6.5826196176836247E-020  -7.0566623135117339E-019   6.5154209454993818E-020   4.1934495525461195E-019  -7.7873780705176867E-018  -4.2404526252410670E-019  -1.3892905928401713E-017  -1.2462904069215763E-017   1.1381994079864964E-018   2.0290724651391733E-017   1.0103805013679252E-011   2.1699288698332026E-013   1.1394617622989687E-011   1.9146399284790740E-009  -3.8331306445798260E-009   5.5675802983268840E-012  -1.3337802592379709E-010  -3.5223398421950214E-012  -1.4560332139633908E-010   3.3701622674358144E-011   5.8251159216259337E-013   3.9041023744382926E-011   2.4077974832866708E-012  -9.4571226860585172E-019  -7.3700950222830570E-020  -2.4201828293070152E-018  -1.7882583564930748E-018   1.6371955954173379E-019   2.7339552601042845E-018
   3.9788961588948473E-011  -6.3339487609145088E-010   9.6885592521829810E-012  -1.7018635280838045E-010   4.4606237928166709E-018   3.6171332657089117E-018   1.0873667668495929E-017   8.1522551226160461E-018  -9.8174533630531020E-018  -1.2613011533420690E-017   2.0180969497695312E-011  -3.2126464931624079E-010   4.9146171607945724E-012  -4.8906284253131557E-010   2.2957340008490936E-019   2.2463007079990383E-020  -9.8710825722858696E-020   1.4121106199972998E-019   9.7370698413219695E-020  -4.4931626723704840E-019   1.0027919430696270E-019  -3.5070188954608750E-019  -1.5731436010331546E-019   3.3493887525970273E-019  -1.2954930888086504E-018  -1.0053495496048239E-018  -3.0387411831348383E-018  -2.3118118131086012E-018   2.2559215927220671E-018   3.6019255610720851E-018   4.6466917832101256E-020  -5.2846489151607202E-021  -3.9642949759432169E-019  -3.0020646790588161E-020  -2.4390865342987593E-022  -4.8521899002660767E-020  -8.1620116135017752E-021  -2.7128382224160370E-019   1.8037536773697195E-020   5.9863235673203912E-019  -2.2671930499556628E-019   1.9679837743428742E-020   4.3103805961319165E-019  -1.9500130980572941E-020  -2.1604460659671623E-019  -1.2315483113708483E-019  -6.8437625915383280E-020   9.9412393150840903E-020  -9.4772841803680245E-020  -5.5602919922627067E-019   2.5997384575055903E-019  -6.0130173737740742E-019   2.7544057814557037E-019   8.7527744070107238E-019  -2.7940043801811489E-019   1.5844025120537810E-011  -2.5215458024642226E-010   3.8525017366345229E-012  -2.9541272187164879E-010   6.9386592384817705E-020   1.0823926004847530E-018   4.5975922228501849E-019   2.3889996747498912E-019  -2.8373763069145949E-018  -2.9231623187183252E-019  -1.0294990311864606E-020   2.4565222210836650E-021  -1.1087394027417771E-020  -7.5572455896583294E-021  -8.3455398019659083E-021   3.0034646776018846E-020   2.9788055813730445E-022  -1.2750781820505925E-022  -4.7044990921160745E-021   1.4614661096408473E-020  -9.3624248985464138E-021  -1.5060773525795980E-020   2.6593030664807095E-020   2.3406272326872006E-020  -3.8075061838074188E-020  -1.1904071459898457E-020   2.3194527718704034E-020   2.5753705038519888E-020  -3.0271740474642193E-020  -1.6964799638145662E-020   7.1779796739817309E-021   3.9210031836043952E-020  -2.7334430110040273E-021  -1.2775009754992493E-020   2.2234027065917422E-020  -3.0419555263671148E-020  -7.4827085437551069E-020  -3.3388655060060154E-020  -5.2177498309849423E-020   4.7761654898533177E-020   4.8426103383522065E-020   2.8106184953085185E-021   1.9326579997397599E-021   4.0129164689782290E-020  -3.3552251195786108E-021   1.0757973086216496E-022  -2.9912196378127033E-021   2.9430634054601343E-021   2.7185168084697062E-020  -6.5429034892084185E-021  -6.0392311681835473E-020   2.8195635360782318E-020  -7.0004351830495379E-021  -4.7826085223531804E-020   6.9193944212737360E-021   2.8064413287985007E-020  -4.2893500690732843E-019  -4.2693448917259646E-019  -1.0620255899980342E-018  -8.0530083995451727E-019   1.0191153460476989E-018   1.2370294174934708E-018  -4.3983344788556311E-013   7.8037640450788196E-012  -1.7577595781420013E-013   1.3089738295986652E-010  -2.6212322725583254E-010   2.2317938059703147E-013   6.7046403751693856E-012  -1.0672330843290374E-010   1.6319815997553755E-012  -1.2741289713347342E-012   2.5233541845262976E-011  -7.3414091832105946E-013   1.5487970768690080E-013  -7.7834015407172244E-020   3.5661296032171657E-020  -1.5482907171025193E-019  -1.3047109687751285E-019  -1.0129520838073626E-019   2.0830458328409450E-019
   1.6153237153244098E-009   9.6923107147286054E-012  -3.1721300927075008E-010  -5.5443917426032342E-009   1.4419694916618306E-016   1.0873667668495929E-017   3.6174472063677195E-016   2.8003080648285038E-016  -2.4712366200623049E-017  -4.2423247639042478E-016   8.1932515600097150E-010   4.9165224750205155E-012  -1.6087827874861305E-010  -1.5932863641990819E-008   7.3479715326208380E-018  -9.9144489079217430E-020  -3.2374458437162940E-018   4.3063698939686515E-018  -6.5882109695574339E-019  -1.4167897238666754E-017  -7.3305403637871459E-019  -1.0726671938327646E-017   1.0825967405103016E-018   1.0407239882853635E-017  -4.1208697453184719E-017  -3.0704630634841228E-018  -1.0015067142786824E-016  -7.8700701411924559E-017   6.9452343085603448E-018   1.1973223523556882E-016   1.4999938497019051E-018  -3.9483450677333583E-019  -1.2864516510320436E-017  -9.7831549203165145E-019  -2.3222611721258693E-020  -1.5563098115113663E-018  -6.0213940743730878E-019  -8.7424597365006905E-018   1.3375233192031927E-018   1.9380753456508050E-017  -7.2942803936028731E-018   1.4443822351872945E-018   1.3881490374978243E-017  -1.4270702914010858E-018  -6.9605989915947597E-018  -3.8293529831123666E-018   1.1057016263895647E-019   3.5595514915808509E-018  -1.9194271643671579E-018   3.3724619809844989E-019   7.0566079542883631E-018   4.3971172969269971E-019   6.2351709417811046E-018  -7.0049874068551117E-019  -7.3007089973462783E-018   6.4290320122625536E-010   3.8539704820948132E-012  -1.2643006937209405E-010  -9.6240614627505305E-009   1.8068254636793796E-018   4.7690607691176022E-019   1.7396745664595807E-017   1.2494840052486022E-017  -7.0797124337714474E-019  -1.3785420334409975E-017  -3.3624633044163380E-019  -1.0674361662241662E-020  -3.4479935613861468E-019  -2.2767834672244284E-019   4.2468357544427987E-020   9.6214624386607666E-019   8.0265648194178677E-022   1.2736061838106465E-020   1.7673366030645503E-020   4.4202372940910893E-019  -2.5478208489183863E-019   7.2393394035678350E-020   7.5339849204785898E-019  -1.1486474668857255E-019  -1.1635838638680505E-018   5.9347749790387502E-020   6.3650343153936074E-019  -1.3029601001079506E-019  -8.4285721172239430E-019   8.9455682644997496E-020   1.8374539165010741E-019   1.2821779663641136E-018  -1.1838477208060379E-020  -3.9899313410046661E-019   7.7747944554078875E-019  -1.1512027533396553E-019  -2.4964212622744828E-018  -1.2211203078372746E-019  -1.8240862838616636E-018   1.7569968425490036E-019   1.6571906368335282E-018   9.0976730234153644E-020   4.0047815111867512E-020   1.3072902758290449E-018  -1.0969779375085293E-019   2.9555850832969165E-021  -9.5635740927426089E-020   6.1366529546214973E-020   8.9169906829040835E-019  -1.3609377348603609E-019  -1.9719278916205466E-018   9.2508960863026498E-019  -1.4637285489292495E-019  -1.5687291945183369E-018   1.4417299712865462E-019   9.1958192908642574E-019  -1.3655481087806312E-017  -1.0727219455147591E-018  -3.5284943592666389E-017  -2.7826406376607566E-017   2.3994244710030910E-018   4.1571919324855098E-017  -2.1865835937878611E-011  -1.7613473770795006E-013   2.0651036541901681E-012   4.2644113943881956E-009  -8.5395440133963068E-009   7.2214020272897453E-012   2.7215541902073421E-010   1.6326113611170413E-012  -5.3464332464447453E-011  -7.6475567738848177E-011  -7.3621926042756829E-013   1.2610465869368348E-012   5.1510932798034046E-012  -2.5346516880882553E-018  -1.5411845638784923E-019  -4.9263859095311158E-018  -4.0510955258636220E-018   3.8430187934723415E-019   6.5857129023148011E-018
   2.5782423376176831E-010   5.8542096140475838E-011  -7.4894732809871397E-010  -4.4848389359629792E-009   1.2690872483779322E-016   8.1522551226160461E-018   2.8003080648285038E-016   2.2734490893879060E-016  -1.9430938682437816E-017  -3.5425745488140184E-016   1.3076590505851629E-010   2.9693319398256490E-011  -3.7987424729302003E-010  -1.2888021044602936E-008   5.9770679971338917E-018  -7.1082523202801156E-020  -2.2385704191918645E-018   3.5413810286767567E-018  -5.5074632452578671E-019  -1.1561451172935330E-017  -5.9882522940451698E-019  -8.5722353378162362E-018   8.7448150005472918E-019   8.0566938434495237E-018  -3.5848919155740311E-017  -2.2877062577653104E-018  -7.8029167987015505E-017  -6.3460762354025232E-017   5.4850838878834122E-018   9.9166328134621441E-017   1.2415197104649691E-018  -3.1934788209899553E-019  -1.0381446358871119E-017  -7.7630655927412727E-019  -2.1674666579325382E-020  -1.3234154914381623E-018  -4.8837536645359152E-019  -7.0748259760435422E-018   1.0836221274467456E-018   1.5654704649045064E-017  -5.8900382120597152E-018   1.1678500792230244E-018   1.1195606631979227E-017  -1.1516887739131831E-018  -5.5748282543365620E-018  -3.3209316138268626E-018   4.4010605246252420E-020   1.1570304954050031E-018  -1.9859068106544890E-018   3.7324455868635468E-019   6.4412438803715804E-018   4.0182869777338738E-019   4.7795937975774615E-018  -5.8312618489054146E-019  -4.4251464247630584E-018   1.0269015685736744E-010   2.3304355784724559E-011  -2.9814981017128122E-010  -7.7849041503589202E-009   4.7529468874880714E-018   1.7442918547242440E-019   1.0207708742711150E-017   1.0332292736336624E-017  -4.0376810588022256E-019  -1.4667498698315014E-017  -2.5677012157491752E-019  -1.0144179435400204E-020  -3.1868994306163457E-019  -1.8294613501537010E-019   3.4074535129796682E-020   7.4345065286519882E-019  -9.2699132515657767E-022  -1.2117621815718848E-020   1.9061846404027142E-020   4.2634023736628932E-019  -2.1293754312054689E-019   6.1514674049898526E-020   6.1958038600869059E-019  -9.5591677191131551E-020  -9.2050351158357966E-019   4.8943644269987110E-020   5.0928369033246751E-019  -1.0587256010466647E-019  -6.5778798701608854E-019   7.0008754820741777E-020   1.0609234311926178E-019   1.0263493193603547E-018  -1.1768969482997749E-020  -4.0271483748195830E-019   6.0629477580259372E-019  -8.8229825245352755E-020  -1.9829904705192539E-018  -9.6401399373784200E-020  -1.4858401554196341E-018   1.4110824308880940E-019   1.4077536492110119E-018   7.6792378180129782E-020   3.2332148633493088E-020   1.0578373767404605E-018  -8.7372023601855632E-020   2.0981913861914489E-021  -8.4362389460214712E-020   4.9407216296806409E-020   7.1960031032955972E-019  -1.0969341526451456E-019  -1.5941986041401490E-018   7.4817116601197957E-019  -1.1822404593177736E-019  -1.2700891079756271E-018   1.1666401107687030E-019   7.4847765663720762E-019  -1.2192510795441182E-017  -7.8589554002100362E-019  -2.7201483073355151E-017  -2.2497476083599259E-017   1.8821883068668112E-018   3.4762837054536167E-017  -2.5481257178880404E-012  -7.3703713178638383E-013   9.3040362325714255E-012   3.4485633572301324E-009  -6.9076032088125446E-009   1.4774228924106333E-012   4.3447252158944202E-011   9.8638667174695050E-012  -1.2619240777852787E-010  -6.3926642307515524E-012  -2.4295520718555083E-012   3.0309782710999528E-011   4.0941114243470708E-012  -1.9195335922307107E-018  -1.3217203800523531E-019  -4.1300270713396047E-018  -3.2574429661359970E-018   3.1712841245247759E-019   5.1769493764220198E-018
   9.6920770134841857E-012   1.7471844463074886E-009   2.0603364517774055E-011   4.0698248463026193E-010  -1.1695720832139980E-017  -9.8174533630531020E-018  -2.4712366200623049E-017  -1.9430938682437816E-017   2.6817359334553288E-017   3.1126972201593521E-017   4.9164037002321567E-012   8.8621283119425263E-010   1.0448888577944949E-011   1.1695415623965970E-009  -5.5081015745019745E-019  -6.4133255890201215E-020   1.9744338051944979E-019  -3.4500217276800607E-019  -2.7490776495522663E-019   1.0840777249814978E-018  -2.8495731436666183E-019   8.3222764782004075E-019   4.4730635579231316E-019  -7.6734908154268353E-019   3.3492392852694426E-018   2.7261832362187424E-018   6.9500555398419014E-018   5.4597866965208250E-018  -6.1469078861674014E-018  -8.7961809051400211E-018  -1.1387860638537714E-019   1.0046833029414880E-020   9.4500148539372421E-019   7.0214297901083291E-020   6.8786093114955462E-022   1.2245273888269138E-019   1.5738177743448606E-020   6.4933185219440334E-019  -3.4585897902038432E-020  -1.4289845251224807E-018   5.4155120239194805E-019  -3.7676695034947641E-020  -1.0281100943337101E-018   3.7169466359366486E-020   5.1147287185052020E-019   3.1543465779480469E-019   1.9499455761399448E-019  -6.4708498910824670E-020   2.8060512532743854E-019   1.5320134715639288E-018  -7.0374917867595996E-019   1.6637159632781883E-018  -6.6009806263829365E-019  -2.4274083529876517E-018   5.4025414498147299E-019   3.8538801926421386E-012   6.9533531254466130E-010   8.2151653872148212E-012   7.0644794150795026E-010  -4.9660621544649928E-019  -2.9694973714993529E-018  -7.0336074700092489E-019  -5.4622222295285573E-019   7.8283039721907762E-018   1.0045758488161366E-018   2.3051505079163579E-020  -6.7664656155114140E-021   3.0508300655450500E-020   1.8115365811158031E-020   2.3586126818383143E-020  -6.8403912297618146E-020  -6.6111768417502314E-022   2.6877230515917900E-021   1.2742165009412680E-020  -4.1953977280326728E-020   2.3575577800187495E-020   4.2177891831634785E-020  -6.5712520761105962E-020  -6.5763937106851303E-020   8.9656102939606039E-020   3.3496932561164818E-020  -5.6145966851923268E-020  -7.2646592508330919E-020   7.1506101619789491E-020   4.8155819238340039E-020  -1.3548018417587873E-020  -9.2692593379160288E-020   7.6161971761765565E-021   3.8611985606823196E-020  -5.0377777196448255E-020   8.2121571133934731E-020   1.7479012211196639E-019   9.0481731641902637E-020   1.2445394565941201E-019  -1.2965977180275767E-019  -1.2157064698647711E-019  -7.0389891559619911E-021  -4.8832178522467102E-021  -9.5984006826347859E-020   7.8881652637824378E-021  -2.3502642602242700E-022   7.8529906829570204E-021  -7.4183863968832636E-021  -6.4763129789360844E-020   1.6508194399947281E-020   1.4425692464614083E-019  -6.7327402219947501E-020   1.7677830288905823E-020   1.1433848038961022E-019  -1.7500375705366706E-020  -6.7488802656930986E-020   1.1402259744399756E-018   1.1633624867194170E-018   2.4002987187158986E-018   1.9049799413259110E-018  -2.7930014003823677E-018  -3.0518999659801700E-018  -1.7609688044290249E-013  -2.4260851227286487E-011  -9.1907287507465687E-014  -3.1302783187447720E-010   6.2683970344222163E-010  -5.3720449571300919E-013   1.6325722143509528E-012   2.9436657386190503E-010   3.4729370100548830E-012  -7.3599415290013133E-013  -8.6483935765207709E-011   1.7870820853734557E-013  -3.7748226843190959E-013   1.7274456965634120E-019  -9.9038978386873555E-020   3.8500161424139942E-019   3.1148494127025711E-019   2.8178949339292244E-019  -4.8422845716861182E-019
   5.3378219115920949E-010  -3.7641705364418988E-011   1.6131313557852859E-009   6.9736165896500237E-009  -2.0657171379132239E-016  -1.2613011533420690E-017  -4.2423247639042478E-016  -3.5425745488140184E-016   3.1126972201593521E-017   5.6083510866089013E-016   2.7074827050723906E-010  -1.9092756798124633E-011   8.1820344299256663E-010   2.0040004042851265E-008  -9.3131820231226874E-018   9.8266493381604396E-020   3.1357831251975602E-018  -5.5534483051995403E-018   8.5306722234683814E-019   1.8048518723156820E-017   9.1621068045341144E-019   1.3223146658547761E-017  -1.3274520166838036E-018  -1.2190988186832990E-017   5.7974329540162063E-017   3.5220336656189528E-018   1.1861129914419501E-016   9.8443500382410149E-017  -8.7237957289787673E-018  -1.5619492446930446E-016  -1.9551695587523038E-018   4.9533414544400065E-019   1.6116111676283933E-017   1.1932370461058559E-018   3.6206456768090276E-020   2.1150474237901573E-018   7.5874369925560021E-019   1.1000990318599300E-017  -1.6824351494128468E-018  -2.4315757555447406E-017   9.1472924353057117E-018  -1.8111354719211813E-018  -1.7374670009651966E-017   1.7841364549990005E-018   8.6166926517467285E-018   5.3531132047679827E-018  -1.6517587510733241E-020  -2.5292351780438620E-019   3.4743346599543954E-018  -5.8124959343749653E-019  -1.0656205548961133E-017  -5.6951995420775920E-019  -7.1927449426667494E-018   7.8061094746180587E-019   5.5501720946959798E-018   2.1242056733793463E-010  -1.4980644133262254E-011   6.4212165156775496E-010   1.2104956376778176E-008  -1.0351002565739640E-017  -2.4899661406091445E-019  -1.2441304341569221E-017  -1.6272911447792833E-017   9.1620332515407291E-019   2.5974251193806416E-017   3.8536831863862923E-019   1.6682454619687017E-020   5.3090874524294992E-019   2.8327611762206323E-019  -5.1201725424513203E-020  -1.1241518693425130E-018   2.8091573286004173E-021   3.8980124363052701E-020  -3.3072345575617913E-020  -7.2423781008739208E-019   3.3725249243083615E-019  -9.5551056411808067E-020  -9.7240366586473775E-019   1.4675665137975211E-019   1.4121971825893027E-018  -7.4762124094611683E-020  -7.8695163748299010E-019   1.6032355968783493E-019   1.0013454925864741E-018  -1.0362171669194073E-019  -1.2701499732996961E-019  -1.5863933476745969E-018   2.0639535397118103E-020   6.9812626076686740E-019  -9.2233422812893380E-019   1.3700688524338407E-019   3.0509130249034185E-018   1.5240261207100521E-019   2.3193689364717420E-018  -2.2513057269360926E-019  -2.2492231145992534E-018  -1.2222486543384068E-019  -5.0325134055203407E-020  -1.6451201685391520E-018   1.3464519088273966E-019  -3.0041488443354899E-021   1.3735292763230293E-019  -7.6778356175001476E-020  -1.1173378898783311E-018   1.7057401145924009E-019   2.4779384920107170E-018  -1.1631568635878196E-018   1.8405235260644466E-019   1.9757784536195394E-018  -1.8182030227313885E-019  -1.1678381840880131E-018   1.9980074488560773E-017   1.2099528896282982E-018   4.1094839176839265E-017   3.4960751480796313E-017  -3.0204161357832781E-018  -5.5054120266778706E-017  -7.5533846948857472E-012   5.2029499313473298E-013  -2.0698913906717398E-011  -5.3631898058315107E-009   1.0740852528704002E-008  -6.6930747281657205E-012   8.9930783272950228E-011  -6.3419229224580208E-012   2.7179576645102088E-010  -2.7294797857280536E-011   1.8485026403017104E-012  -6.9352403062846426E-011  -6.4170323704158417E-012   2.8652724305735578E-018   2.0587483304002995E-019   6.5502678387257048E-018   5.0457452705821351E-018  -4.8085231869912173E-019  -7.9109751884386777E-018
   6.1977941026665130E-002  -5.1681702479354955E-011  -1.6827729287183955E-009   2.1286754118865841E-009  -4.0151422547208991E-010   2.0180969497695312E-011   8.1932515600097150E-010   1.3076590505851629E-010   4.9164037002321567E-012   2.7074827050723906E-010   3.1440264364824812E-002  -1.1087059690572698E-010  -3.6277300807644540E-009   8.5686256065486171E-009  -2.5878144767384883E-011  -2.9767356856747245E-013  -9.4081955069693812E-012  -1.7014318493097258E-011   2.4293239488280283E-012   5.1642809890018107E-011   1.9994342764991701E-012   2.9071524179648126E-011  -2.3840662926341051E-012  -1.4656440031521625E-011   1.7191838084147200E-010  -2.0109990930750447E-012  -4.6642528922761583E-011   7.2618829621851023E-011  -1.1247946963576228E-011  -2.4453367964733334E-010  -2.6606300708424693E-012   2.6201405857347348E-013   8.5229928236261611E-012   9.0877492873176375E-014   1.5989382515140210E-013   4.5806954937923313E-012   4.6768420271906857E-013   6.7897596452617165E-012  -9.7882809300189480E-013  -1.3583800314178273E-011   5.0018466444196629E-012  -9.3992083971001453E-013  -8.8792845247135636E-012   8.2083329410943949E-013   2.4458485929112000E-012   3.5551821205364338E-011   2.3346279347805558E-012   7.6080294344695505E-011   3.6049721687873143E-011  -4.2485243633785036E-012  -8.3760331760427248E-011  -1.5138681232586826E-012  -2.2034678736720208E-011  -3.0344736622487298E-013  -4.0281054287823559E-011   2.4630140285193888E-002  -4.4146067896815522E-011  -1.4438336722216061E-009   4.8024496109533172E-009  -1.2745798326664451E-010   6.9669142915029870E-012   2.6229228372541205E-010   4.9004245217161549E-011   1.0349274953605329E-012   7.8442874918864220E-011  -1.7849655290048643E-013   8.1532746032416155E-014   2.6590261840921076E-012   3.4643383717825589E-013  -9.7207491995770248E-015   6.5016363256655986E-014   7.8055536624745544E-014   1.1334715075268450E-012  -2.4800158197538172E-013  -4.3254848495008327E-012   8.1525691295000305E-013  -1.8812656453014433E-013  -1.8842083327373581E-012   1.9785007288528336E-013   1.0285180959876462E-012  -8.0249599739196660E-014  -8.6608625185602614E-013   9.6942700592549595E-014   2.8973846817569478E-013   6.7112528073258272E-014   1.8502988333470590E-012   8.4465914593236263E-013   1.1610521378563394E-013   3.8261806668068481E-012   1.3141384263785548E-012  -1.3161815993941561E-013  -2.4074306685060235E-012   1.7100153251611079E-015   3.0680250624177350E-014  -1.1861841873366694E-013  -2.8711024284567675E-012  -1.3999878451361961E-013  -4.7501133345363261E-015  -1.5431323825811744E-013  -7.9569945531979117E-014   1.4158983906057017E-014   3.2625442309461640E-013  -3.7024615875966044E-016  -7.9954889055826364E-015   6.9345313092256708E-015   1.6022640364676566E-013  -6.9630810879356171E-014   1.9561168064131121E-014   2.0293546631594620E-013  -3.0085764025931272E-014  -3.0072253671976523E-013   6.2192842401581627E-011  -1.7024868947553597E-012  -5.6167285276596034E-011   8.0464209875757627E-012  -2.7766915793358708E-012  -7.0241233843051083E-011  -1.3040164418842255E-003  -1.9418299631175465E-012  -6.3568629150329087E-011  -2.0964275858817380E-009   4.5128401272058189E-009   1.4292955822232806E-010   1.0438230816653250E-002  -3.7476128558949970E-011  -1.2263464625531692E-009  -5.8046814352567585E-003  -8.1438369025130898E-012  -2.6614565780263075E-010   6.8515940922020911E-012  -2.3752155439313599E-012   4.0259337246481480E-013   1.5176768217842462E-011   5.8844667509076086E-012  -3.3412877938563296E-013  -3.5092561856022410E-012
