   4.3106365030088051E-002   2.6445693506104494E-016  -1.1798444421708274E-002  -2.0771822733835372E-016  -6.8899762758196480E-017   9.0826602069356970E-017   3.4412019671847503E-018  -1.2905497098370946E-016   3.2951733533887315E-017  -1.7630027595579944E-017   9.8401843188244867E-002  -2.7326549170087944E-016   1.4116722550566091E-002   2.6354808577855505E-015  -3.1146780325621726E-003   3.4802403635747930E-017  -1.4210882417018777E-003   2.2164106928428723E-003  -2.6449748240413718E-017   1.9623683923753283E-003  -2.4024274987117828E-017   3.6130105349954081E-004   1.2356590865561056E-017   7.8991873149955561E-004  0.10212074661521015       -1.8684057944825302E-016   1.1033574931021698E-002  -1.1431513674307212E-015  -1.9881675686115498E-016   1.9080478918036423E-017  -1.0912202739439377E-015  -7.9033279392911580E-017  -1.1547947705346401E-015   3.4656690257164345E-016   5.4029774499223563E-017  -2.5720487886374815E-018   2.0142769126654017E-016   1.2270707587523349E-017   2.0362102103377424E-016   5.6828270051820797E-017  -8.8182097619581538E-018  -3.2754680254851811E-017  -8.8977427259553351E-018   3.4708322420589457E-016   1.5432337331594412E-017   1.8971311575487967E-016  -3.7879643758340128E-018   3.3017770340402882E-016  -4.9097826033077890E-016  -1.3087272589254416E-003  -9.8919436211639214E-018  -7.6911004271091850E-004   9.7783433726830911E-004   1.3411791906308230E-017   7.7800753162716107E-004  -2.9011649930617219E-017   2.0246252961221895E-004  -4.8695758764408034E-017   4.2235411951534559E-004   2.6552963304821971E-005  -1.1185431653117732E-017   3.1420170555048228E-005  -3.6431760135216853E-005  -2.8570177390165499E-018  -2.1511556172600018E-005   1.2180157224972536E-017  -1.5121843830939512E-005  -1.8961580601595419E-018  -2.9867503058199173E-005   2.2374698030177570E-005   5.3565677938606090E-018   9.5744903417716063E-006   1.8821819420030736E-019   1.0979204020296889E-005  -2.4169048827632028E-018   4.5001351459750419E-006  -5.0406903932022323E-018   5.3790969345419994E-006   1.9916304618358876E-017   1.1221997472519817E-005   6.5396131312873793E-002  -9.3329425910051249E-017   9.0451657347046521E-003  -1.8119900989445327E-016   5.3240386752432174E-017   3.5229802258526071E-017  -1.8242216863850303E-016   6.8726229499565708E-017  -2.1159015501574155E-016   8.9459923945767733E-017   2.2164551225973641E-017  -1.7074916281592624E-017   4.9405585830614374E-017  -3.5898006764627215E-018   5.9591185127173814E-017   2.5590476753190719E-017  -1.1161922293121118E-017   2.9409611848648690E-018  -1.6436517161533753E-017   7.5900327081738295E-017  -1.0522352899365988E-017   5.5508226864124727E-017  -4.4029898187083932E-018   1.2921614410575412E-016  -6.7146771738733782E-004   1.0410433519763490E-017  -3.5101674911781460E-004   4.8990144805896054E-004   7.4867914547998186E-019   4.1096702844552028E-004  -1.0529034004952988E-017   9.1040582072883595E-005   1.6227059799526185E-018   1.9377479401482380E-004   1.6188882619165271E-016   3.5335295145579690E-002  -7.9940602087454837E-017   4.4884606891839318E-003   4.9257997008067845E-017  -1.1428263098733563E-017  -7.1889977061222653E-018   5.4671123477676850E-017  -1.5704200110953283E-017   5.2791586544485401E-017   8.8349991772577971E-017   5.3264710550226574E-015
   2.6445693506104494E-016   9.5568017214914591E-002   1.3627858616055461E-017   5.0640946116173502E-016  -1.6933452046543694E-016  -2.6394911314917036E-017  -1.6917025970174593E-017  -1.9180949933611638E-016   4.0925053723247876E-018  -1.7365326255801352E-016  -3.0677807002006771E-016   3.5631993031114452E-002   5.0015730441902565E-016   1.7324115768222705E-015   3.1818646384686156E-016  -2.2927473751374341E-003  -1.2777457803546472E-016   1.2513942738153844E-016  -7.5378045796822835E-004   1.0520738539331376E-016   1.3637545330498165E-003  -8.0735499847809679E-017   4.6307867082569411E-004  -2.4871237234517014E-016  -1.2321213102039526E-015   5.3060078132328832E-002  -3.2024772626079284E-016  -1.2048849497704269E-015   2.2770168377898060E-016   1.1122349577332626E-016  -1.0328352556986674E-015  -4.2963882104907739E-017  -1.1362637663791903E-015   4.1951536009220390E-016  -8.0476844771155116E-017  -3.4985051541003214E-017   2.1781619819073127E-016   9.3545242808489695E-018   2.3252421118194429E-016  -8.1717098829697907E-017  -1.5230234795467467E-017  -3.6149406013506596E-017  -3.4006674266547814E-017   3.1682929276621156E-016   2.1488488541644985E-017   2.0146490033097604E-016   2.0671956114105573E-017   3.7228518946152730E-016  -9.8939632227760703E-017   6.3148334374369734E-016  -2.9167127400379743E-004   1.7408885944091659E-016   4.5329048698702202E-016  -9.5891989183229841E-005   4.3372148312499877E-016   1.7348968596147231E-004  -9.5046394789971942E-018   5.8910435295411800E-005   2.0859487218025800E-016  -1.0585842267612781E-016   1.5846364847744373E-005  -5.8140204595309826E-017  -9.5147083872947002E-017   9.9415205905705097E-006  -9.1531597834514619E-017  -1.7534770747414983E-005  -1.1742444155504431E-017  -4.3106798834950739E-006  -5.7829807086337013E-017  -1.0974260214922622E-016  -5.3576648913791508E-006  -6.2862019656386087E-017  -4.5838556991990695E-006  -1.0288181593494519E-016   7.0946911299346775E-006   1.5781996598326604E-017   2.0528854420992521E-006  -1.0792033269508264E-017   8.8604531813857420E-007  -8.8670288598585302E-017   6.1876881737963788E-016   2.5176902254639550E-002  -3.0601184011316261E-017  -3.2641644604558236E-016  -2.0947803169942640E-016  -2.3740623895656395E-016  -2.3132553489293172E-016  -1.1249190073781422E-016  -1.3864643788736479E-016   2.0490332454077700E-016   6.2000059519089880E-017   8.4651761732575510E-017   9.4297416784680673E-017   2.1748513123365556E-017   8.2810175958136738E-017   6.2291939948961395E-017   3.7768281745382551E-017   2.7682294329188854E-017   8.4177444312731435E-017   1.2006735529828402E-016   4.8582043174746346E-017   5.8869009755980277E-017   4.8579154126274194E-017   7.7428063548853928E-017  -1.2029807764273657E-016  -3.1987929313443439E-004  -5.0035367207067070E-018  -6.7127204955669361E-017  -1.0516586462554691E-004  -6.9626121816117936E-017   1.9026816507502776E-004   1.3465338335179249E-017   6.4607762503100943E-005   5.3384196318364750E-018  -4.0597456687741464E-016  -4.8641725447261272E-017   1.5377404502976403E-002   1.7033594787770350E-017   9.0184541387325401E-017   4.0352594985708503E-017   5.2424986027229494E-017   6.0443771285152567E-017   2.9117465907624727E-017   4.2783822081115455E-017  -1.0877065041098249E-016   6.7846543908725597E-016
  -1.1798444421708274E-002   1.3627858616055461E-017   9.2914587805543347E-002   1.7695228432126600E-016   9.8587079856831618E-017   1.3874127499629308E-017   1.8001328057283971E-017   5.8865065612692300E-017  -3.2459319561055771E-018   9.0756162428331514E-017   1.4116722550571607E-002   3.6069496184983868E-016   3.8806795186458347E-002  -1.7712910387256227E-015   4.5250556062144702E-004  -1.2746761160079973E-016  -2.3187234189981790E-003   3.6130105349875601E-004   8.5916690722785746E-018  -9.6840096975254618E-004  -3.3859684718241746E-016   6.9114492743287766E-004  -1.5000588695934621E-016   1.2131253819543796E-003   1.1033574931023997E-002   6.9707922461202689E-016   5.5541491034448824E-002   1.0641886117255225E-015   8.0703303899602596E-017  -1.5676966419910775E-016   1.1539054221279723E-015   1.3700912084502540E-016   1.0076291188103722E-015  -2.8430238943829689E-016  -3.8990321441414360E-017   6.7865917277707565E-017  -1.7600566526540090E-016  -2.4493242173390113E-017  -1.5641157273486741E-016  -3.7832397110424428E-017   2.9060136130524481E-017  -2.7214090582814901E-017   6.5257870598424189E-017  -3.1678975261251569E-016  -5.7936863628070142E-017  -1.7072246127626166E-016  -6.1768283318718629E-017  -2.5087685082205412E-016   4.7684379421889639E-017  -1.4765143410320867E-004  -3.1255850241354515E-016  -4.2728844492000064E-004   2.0246252961323374E-004  -5.8212697253845266E-018  -4.3673434407326612E-006  -5.2835350012359592E-016   1.2312007002040037E-004  -2.0110935497845751E-016   2.2671372094118752E-004  -4.7197084492054838E-006   6.1708172088171151E-017   1.6997245808455716E-005  -4.2498676608808598E-006   2.1752741710073760E-018   1.4549115864456615E-005   6.4674041257288408E-017  -1.0309311054948169E-005   1.9670316434415233E-017  -1.4570511945858274E-005   4.5001351457942834E-006   4.5200157652529648E-018  -2.2032321986232952E-006   3.1857334461503460E-018  -9.8578256866729872E-006   9.3368671110325010E-017   3.3769619003584121E-006   2.3428853997903027E-017   3.2626257704294216E-006   1.0056321396419759E-017   5.1819244390249457E-006   9.0451657347043746E-003  -1.7987752230348746E-016   2.7211128794631074E-002   2.4631775033304267E-016   4.0953483039449113E-017  -1.7802572168383685E-016  -1.8247181614782255E-017  -4.7540259622475121E-018   2.7658551768708797E-016  -6.4281954193572641E-017  -1.8250925262434413E-017   8.5735499992626195E-017   4.5186196833848835E-018  -3.3704279854257274E-018  -3.9985797223979778E-017  -1.7501938232412453E-017   3.7736383947706300E-017  -9.1689651657773933E-018   8.6338679072096855E-017   8.0004514965497264E-017  -8.3678640125242845E-018   1.8359005171676534E-018  -6.9984382234775425E-018  -7.1802436473261696E-017   9.8513968237529321E-006  -1.9036423198471685E-017  -3.5785625250229054E-004   9.1040582073418879E-005   3.8836635890544356E-018  -1.0425761785242568E-004  -6.6785021252321870E-017   1.0556522274866268E-004  -3.3382981193761039E-017   1.8804663088127553E-004   6.1593695039066193E-016   4.4884606891860829E-003  -6.1162045939208444E-017   1.6386843812927061E-002   9.3660478440804146E-018  -1.5270213391998606E-017   5.0433909993989391E-017   7.0555875198385067E-017  -5.9633090389068740E-018   3.6388313945148713E-018   4.2121355188671835E-017   1.7612573179063058E-015
  -2.0771822733835372E-016   5.0640946116173502E-016   1.7695228432126600E-016   4.9205995397026227E-002   1.0286335857394250E-003   2.3304407718093412E-017   4.1108189457738465E-004  -5.5434920624717579E-004   7.9377538644276215E-017  -4.7428437946664555E-004  -1.1139376894938964E-015   1.2807642767962973E-017  -5.1537971769320945E-016   6.0172998227184381E-002   1.5142896774593938E-016  -1.6014913096975476E-017   4.5394416956377494E-017  -2.4511886699692895E-017   1.9099610174756779E-017  -4.8758038791916526E-018  -2.3000318896190728E-017   2.8125606668880268E-017  -8.6228109313585819E-018   1.8900571918125243E-018  -1.4115515755510398E-015   4.6060260481410528E-016  -1.6622633956554704E-017   2.3561642013699750E-004  -1.8941670306475845E-016   9.4161464010859584E-005  -1.2697794160795194E-004  -1.8666939556460532E-016  -1.0863847834881488E-004  -3.5912327658437035E-005   7.7402960749138500E-017  -3.4582789993345163E-005   3.8527530468671030E-005   2.0371093384832554E-017   2.4556787213151460E-005   7.3094992329008158E-017   1.2666593748515825E-005   2.8909068390400356E-017   2.5141668438419028E-005  -1.7502882303258241E-005   4.9444780287992764E-017  -7.7816151160321241E-006   5.4582729467573776E-017  -9.5496868417649523E-006   3.7156265610142923E-002   4.1847774241689213E-016  -2.1134418967967076E-017  -1.7588793003890137E-017   4.3821377943241101E-016  -1.9027960007084792E-018   4.0101433611012721E-016  -4.2156619211365950E-017  -1.0094409346402870E-017  -7.9675412682175644E-018  -2.0276930706158094E-017  -1.1227466335073299E-016   1.8209118984415921E-018   1.7708759242738056E-018  -1.3399585224158511E-016  -4.5597841705237982E-018  -1.2815168761837976E-016   3.3544473200331160E-018  -7.2894583235017369E-019   5.7333537720654326E-019   4.4709397714164243E-018  -1.6619486452751909E-016  -4.0796068186427698E-018  -9.2358399444282390E-017  -3.8804477774736633E-018  -1.6019490715859500E-016   1.5726389339499794E-017  -4.2328848933675965E-018   7.2739067288298580E-018   5.2385141190316854E-018   3.0879068445135877E-018   2.4848363509181847E-017  -2.8840030085505951E-016  -3.3136706071757873E-017  -2.9749330544074973E-016   1.4972452383220822E-004  -3.5036351356012092E-017   5.9835729427752749E-005  -8.0689248411886628E-005   8.5416021129547650E-018  -6.9035275383496435E-005  -1.1899726655939330E-006   3.0168621450346308E-017  -1.1459177739241685E-006   1.2766286874493048E-006   7.5364687847743748E-018   8.1370123090419131E-007   3.0139055166511132E-017   4.1971382050192793E-007   1.4148573426323697E-017   8.3308156270390348E-007  -5.7996663025982961E-007   1.7334545806499438E-017  -2.5784765278674226E-007   1.4430568080252950E-017  -3.1643358362267971E-007  -4.8305821474404128E-017   2.3065694687440521E-018   1.6742166239201986E-017  -5.7721621090975153E-017   1.4286551856878958E-018  -4.3375967206543337E-017   9.9520262413002946E-018   1.1382156444900498E-017   6.2402853290114668E-020   1.6139929504156522E-017  -6.4885473579328942E-003  -3.3740361184879538E-016   9.6429680671331149E-017  -6.4038655603314901E-017   1.9535133688752799E-004   1.8676539933875244E-017   7.8069974373099323E-005  -1.0527836155935978E-004   3.2187217297975167E-018  -9.0072975340129788E-005   3.2752131613838505E-002  -1.2855297970631088E-003
  -6.8899762758196480E-017  -1.6933452046543694E-016   9.8587079856831618E-017   1.0286335857394250E-003   2.1549512630509568E-005   1.1715492689400018E-018   8.6120214254904473E-006  -1.1613421326447306E-005   1.9817197684680188E-018  -9.9360913035070296E-006  -1.3937571824688839E-016  -6.7183755017481753E-017   2.5227101584904275E-018   1.2580505988392789E-003   7.5566785560802093E-018   4.3400839892440355E-018   7.0014613553448729E-019  -3.0292537810002233E-018   1.7391427852066108E-018  -3.3686333874539097E-018  -2.9231988041316405E-018   4.6430214430404422E-019  -1.1143944657697022E-018   9.5310397849707010E-019  -1.4947759650388828E-016  -9.1138185357850942E-017   3.4137594372003105E-017   4.9548899525130866E-006  -5.4302297123819809E-018   1.9801662874956336E-006  -2.6702796293970371E-006  -4.4893209294186991E-018  -2.2846103191544026E-006  -7.5322151248969203E-007   1.5215878162805675E-018  -7.2533592452767161E-007   8.0807251055115222E-007   4.8872120684437423E-019   5.1505156060658697E-007   1.5097586561942723E-018   2.6566785065529926E-007   5.3157275005299614E-019   5.2731880002910874E-007  -3.6710367557409737E-007   1.0096646827608244E-018  -1.6321080502925808E-007   1.1697257723730266E-018  -2.0029416182018635E-007   7.7774194440662157E-004   1.0290680848207960E-017   1.4456581939260852E-019   6.5502355051878330E-019   7.9962852819267287E-018   1.9236051439476292E-019   7.4951095991780122E-018  -6.2184474977352234E-019   5.3828662100867670E-020  -2.0533574419727077E-020  -1.2894976962147167E-018  -2.2209390394110291E-018  -4.1212224797925318E-020   1.8501510912298503E-019  -2.7457609270987628E-018  -1.4159329136077051E-019  -2.7843557390560248E-018   2.0483592512105056E-019   1.3107781817802540E-019   5.9805800192024591E-020   1.0863448983687144E-019  -3.4894800268853653E-018  -7.1317038409333614E-020  -1.9116034621311645E-018  -8.5498923797575667E-020  -3.3814532421314689E-018   3.0511605409657714E-019  -1.4348976352626345E-019   1.8861703795710620E-019   3.0148574212175709E-019  -3.6455634836205472E-020   6.8104757170380096E-019  -8.2796919224068867E-017  -4.8319827406652815E-017   4.8472722751568240E-018   3.4736981592676176E-006   6.3979999841934659E-019   1.3882245730604898E-006  -1.8720386381148676E-006   5.5326757600222695E-019  -1.6016595203818575E-006  -2.7183461683564652E-008   6.4703860201587609E-019  -2.6177081874877338E-008   2.9163011896981912E-008   1.9229895286420562E-019   1.8588003630447779E-008   6.1923473376195003E-019   9.5878459111916231E-009   3.9654134060329587E-019   1.9030723470329054E-008  -1.3248624214274609E-008   3.7361439752194422E-019  -5.8902124329500217E-009   3.0677785974811053E-019  -7.2285359507736594E-009  -3.1882976178900277E-019   7.5077593265131535E-019   3.7295347430888844E-019  -1.7177673919326553E-018   2.6361926122969261E-019  -1.5804658135522143E-018  -1.3906043323193004E-019  -4.1025019078933205E-020  -1.7189682896361623E-019   4.6984292313554051E-019  -1.0821612262529410E-004  -4.8445888003515258E-017  -2.6707630551151802E-017   7.0788091816695788E-018   3.8527459519670371E-006  -2.1309513276756514E-019   1.5397067792386579E-006  -2.0763143360257179E-006  -1.0408956633980998E-019  -1.7764316163106821E-006   6.8671192492123845E-004   2.5987119295764840E-004
   9.0826602069356970E-017  -2.6394911314917036E-017   1.3874127499629308E-017   2.3304407718093412E-017   1.1715492689400018E-018   1.0342833619782159E-029   4.6819654706151444E-019  -6.3136904741251398E-019   4.8734856479743221E-030  -5.4018022121999283E-019   2.2506495400265607E-016  -9.8411929371265055E-018   4.8173282825426481E-017   3.0801120424351446E-017  -6.7354883050546920E-018   6.3323343309174211E-019  -4.1636935390069189E-018   5.0880961115773480E-018   2.0818647198812255E-019   3.9485097152924618E-018  -3.7665508821912561E-019   1.1024791850401115E-018  -1.2789760428825448E-019   2.2816944630626458E-018   2.3200885282128062E-016  -1.4654652230747428E-017   4.8540014110480492E-017   5.4637923292975447E-019  -2.2297520533236761E-029   2.1835434204733654E-019  -2.9445362928528707E-019  -8.8711508748468065E-030  -2.5192560069679388E-019  -5.3774703876119243E-020  -1.2640738213178604E-030  -5.1783869220936590E-020   5.7690677720257235E-020   9.5314013013427441E-031   3.6771048568367605E-020  -1.0269725689537057E-031   1.8966810782654659E-020  -1.1365071131460262E-030   3.7646843145739219E-020  -2.6208613608832001E-020  -3.2738156353095280E-031  -1.1652100552091012E-020   4.0917910460852489E-031  -1.4299590819798619E-020   3.2432834291868179E-017  -2.9760064240728013E-018   8.0556630082250459E-020  -1.8959977543850009E-018   2.2633610280733498E-018   2.6484389068007592E-020   1.7293705711615162E-018  -4.7916081212715183E-020   5.0370246010107210E-019  -1.6270461186872779E-020   1.0377556408992730E-018   5.7048450334999818E-020  -4.3766042979530181E-021   7.7258432589255051E-020  -8.2905023969044638E-020  -2.7457465584233034E-021  -4.1584900736223642E-020   4.8429247821862904E-021  -3.8102247015093068E-020   1.1905658043789666E-021  -7.2755294827244572E-020   5.1732714813004000E-020   1.4797323810915383E-021   2.0354033303142738E-020   1.2660141767959178E-021   2.0173949398172646E-020  -1.9594813060808007E-021   1.1472363702483260E-020  -5.6698601379070821E-022   1.3378888130178021E-020  -2.4471667834455720E-022   2.7209687827281504E-020   1.4942884776147739E-016  -6.9536035335073095E-018   3.1879819567802722E-017   5.1523417756646851E-018   2.0461436020111494E-029   2.0590756981370712E-018  -2.7766899829780987E-018   5.7248863821276054E-030  -2.3756517926541083E-018  -3.4672932877249273E-020   2.8064861236446575E-031  -3.3389279560735313E-020   3.7197880242236253E-020   5.0181531605815886E-031   2.3709290909521933E-020  -1.1335595077093933E-031   1.2229448226451603E-020   1.4912165726966251E-030   2.4273987039884770E-020  -1.6898828542656477E-020   1.3394051743827697E-031  -7.5130585906883274E-021   5.6162627789812009E-032  -9.2201112603303155E-021  -1.4899249765678398E-018   8.8347397172823467E-020  -9.3565124658047371E-019   1.1294695587569178E-018   2.9045738847511320E-020   8.6947455871741992E-019  -5.2550125968424994E-020   2.4817971471572247E-019  -1.7844004838601674E-020   5.1241102594944244E-019   4.0231417171931008E-016   8.0568166668721716E-017  -4.2470822345996333E-018   1.7065176387758070E-017  -3.3221407376112484E-018  -8.9555020980993107E-030  -1.3276563464478209E-018   1.7903616074173730E-018  -2.5772935182868785E-030   1.5317791284249080E-018   4.5673035786548637E-017   4.2380149587931370E-015
   3.4412019671847503E-018  -1.6917025970174593E-017   1.8001328057283971E-017   4.1108189457738465E-004   8.6120214254904473E-006   4.6819654706151444E-019   3.4416979309361183E-006  -4.6411737936482003E-006   7.9197211545709140E-019  -3.9708476316203558E-006   9.0981907116259176E-018  -7.9252908077914153E-018   5.0055667871619633E-018   5.0276583500168256E-004   8.3935674216794854E-019   5.1680115053869951E-019  -3.5133511558533818E-019   2.4266827557117489E-019   2.9470051585357387E-019   1.2604983722055274E-019  -4.4394155601255836E-019   3.3137618238738886E-019  -1.9941687672726290E-019   7.4263175107034915E-019   8.0310007958537287E-018  -8.2424558644272605E-018   1.3135413911499527E-017   1.9801662879167708E-006  -2.1701305003405247E-018   7.9135128419540928E-007  -1.0671473538501228E-006  -1.7941068409480616E-018  -9.1301893248342018E-007  -3.0101654338654575E-007   6.0808553303978687E-019  -2.8987238040202962E-007   3.2293713057634506E-007   1.9531195793339269E-019   2.0583458898721047E-007   6.0335814166291595E-019   1.0617118174022631E-007   2.1243709735938008E-019   2.1073705386192852E-007  -1.4670887335725556E-007   4.0350118490442321E-019  -6.5225370702506411E-008   4.6746780710656977E-019  -8.0045319008919104E-008   3.1081585943852023E-004   3.2449751740633643E-018  -9.7130809098980187E-020  -1.9903197888444376E-019   3.8305773335035208E-018   2.5947046980476431E-020   3.5243661482588513E-018  -1.5637392640008857E-019   1.4128280801155963E-019   2.3080977021045663E-020  -2.6114156461044215E-019  -8.6885951435428520E-019  -8.0540918104682391E-021   9.2830371459098184E-020  -1.1214438042963382E-018  -5.1306289561147131E-020  -1.1294424854928119E-018   7.2547768921711963E-020   4.3598558719742407E-020   2.1611341322251696E-020   2.5228348845401906E-020  -1.3799836300705493E-018  -3.1346480554188997E-020  -7.5713081500188881E-019  -3.6603146680473441E-020  -1.3424831041801857E-018   1.2570416379546994E-019  -5.4774179930463325E-020   7.6468962746425160E-020   1.2366873456071843E-019  -1.4098512727777571E-020   2.7904821714753829E-019   1.0023320570795083E-017  -5.9391713689908619E-018   4.1604997349998485E-018   1.3882245731449356E-006   2.5568890524571486E-019   5.5478840619028526E-007  -7.4813927985492058E-007   2.2110719160529313E-019  -6.4008529298193642E-007  -1.0863566079179678E-008   2.5858173218160538E-019  -1.0461377657421862E-008   1.1654671156260964E-008   7.6850123273223139E-020   7.4284875145791661E-009   2.4747022756461758E-019   3.8316752599687397E-009   1.5847330655803337E-019   7.6054155412999859E-009  -5.2946643177903936E-009   1.4931081048048851E-019  -2.3539574440751365E-009   1.2260033655111560E-019  -2.8888034523003385E-009  -5.8487748264202123E-019   1.3015315954587898E-019  -3.7803153417770519E-020  -3.6687427067070613E-019   4.9499505845494189E-020  -3.3747971356845489E-019   4.5476372664786406E-020   3.0229855416638343E-020  -3.4383835378020787E-020   2.9228484958529026E-019  -4.3247361675369193E-005   3.9912804682351305E-018  -2.5065552510408628E-018   3.5168080726368835E-018   1.5397067791950873E-006  -8.5161083683796210E-020   6.1532657370155049E-007  -8.2977577519393538E-007  -4.1598229653314554E-020  -7.0993100414876376E-007   2.7443673144551746E-004   1.0385461238555221E-004
  -1.2905497098370946E-016  -1.9180949933611638E-016   5.8865065612692300E-017  -5.5434920624717579E-004  -1.1613421326447306E-005  -6.3136904741251398E-019  -4.6411737936482003E-006   6.2586823757040072E-006  -1.0679845533077118E-018   5.3547389504440771E-006  -2.7381074180636089E-016  -6.9333360267798848E-017  -2.4139262332182371E-017  -6.7798617559622462E-004   7.6388336286201833E-018   4.4520352620855979E-018   3.0933657690693197E-018  -6.1945086442352942E-018   1.2953985970338289E-018  -6.0698640574631107E-018  -2.4639972991071317E-018  -1.0572520247679547E-018  -7.7104489553399441E-019  -2.4990168547744176E-018  -2.8423557161687300E-016  -1.0804486350707396E-016  -1.7506346956433949E-017  -2.6702796314362431E-006   2.9264488076275215E-018  -1.0671473544381106E-006   1.4390618909712704E-006   2.4193760812247613E-018   1.2312177383299703E-006   4.0592466876944872E-007  -8.2001113895727712E-019   3.9089662208035560E-007  -4.3548486168823045E-007  -2.6338067979934791E-019  -2.7757058271922061E-007  -8.1363619105292879E-019  -1.4317320003711332E-007  -2.8647414993610679E-019  -2.8418161946834801E-007   1.9783879700794123E-007  -5.4412652204760605E-019   8.7957248794063515E-008  -6.3038633233957749E-019   1.0794213912527651E-007  -4.1913917212493243E-004  -8.7548469715922444E-019   7.8600428203456924E-019   2.1391341498228185E-018  -7.7305289887915472E-018   1.8035996179450508E-019  -6.8839939838283880E-018  -1.7874303614022704E-019  -6.7715603748349855E-019  -1.6342338159734465E-019  -6.7949642965099099E-019   1.0964250734533217E-018  -2.4726002580883651E-020  -2.0185848881063254E-019   1.6096476606904780E-018   4.6860972587670550E-020   1.5898953209277155E-018  -5.8452802495325016E-020  -2.3056154777022362E-020  -1.9462441197853382E-020   3.9734266464380717E-020   1.8021622301991956E-018   5.4303132212567390E-020   9.9359495545285846E-019   5.9654028242761299E-020   1.7749165799862173E-018  -1.8544661291223303E-019   6.3397753659382090E-020  -1.0772965401081545E-019  -1.7970258727288325E-019   1.7022184731121918E-020  -4.0417192272967113E-019  -1.8751680018667720E-016  -4.8532098335100327E-017  -1.5468420563533421E-017  -1.8720386383960125E-006  -3.4479976727666094E-019  -7.4813927992176768E-007   1.0088754124394519E-006  -2.9816588313658773E-019   8.6316322554111276E-007   1.4649658163738166E-008  -3.4870078170508090E-019   1.4107301919644676E-008  -1.5716473504701572E-008  -1.0363337669764550E-019  -1.0017410670585181E-008  -3.3371677524757923E-019  -5.1670632225061472E-009  -2.1370328602226636E-019  -1.0256000383406301E-008   7.1399227272181555E-009  -2.0134754258247057E-019   3.1743417986639186E-009  -1.6532812597435058E-019   3.8955884992069101E-009   2.6315203592090201E-018   5.4285722792395376E-019   8.1564079504190595E-019  -7.9600953990693662E-019   1.6942601854516740E-019  -7.2654319981942847E-019  -4.8862110156834602E-019  -2.3211137498584416E-019  -9.8726144709560375E-020  -8.2147492846446310E-019   5.8319621795586260E-005  -9.9617632415782368E-017  -3.1153756853178486E-017  -8.0557858192300836E-018  -2.0763143358389369E-006   1.1484081329697277E-019  -8.2977577514277141E-007   1.1189632732978567E-006   5.6095746085877794E-020   9.5735106274013704E-007  -3.7008145152723045E-004  -1.4004927651222810E-004
   3.2951733533887315E-017   4.0925053723247876E-018  -3.2459319561055771E-018   7.9377538644276215E-017   1.9817197684680188E-018   4.8734856479743221E-030   7.9197211545709140E-019  -1.0679845533077118E-018   2.3982750246717141E-030  -9.1373521497994716E-019   7.7863593001106798E-017   1.5258674099960224E-018   1.3537976839304594E-017   9.8153762557963961E-017  -2.4066969503635283E-018  -9.8182228985587378E-020  -1.2606166963105277E-018   1.7565950771405074E-018  -3.2279110352390059E-020   1.4723277121482975E-018   5.8400005731646117E-020   3.2704418908733318E-019   1.9830399367374748E-020   6.9584386269530007E-019   8.0573485566490553E-017   2.2721896000377169E-018   1.2204039629468828E-017   5.8488627440667014E-019  -1.0684981644574036E-029   2.3374325018084673E-019  -3.1520576966370646E-019  -4.4434878795884519E-030  -2.6968050310412417E-019  -7.5250535453194854E-020  -5.1068731724835484E-031  -7.2464627842058836E-020   8.0730419793061770E-020   4.7903051183516421E-031   5.1456185097148959E-020   2.9243709088974922E-032   2.6541525486675856E-020  -4.8888970780768793E-031   5.2681742770698584E-020  -3.6675463671145727E-020  -7.7807307120510387E-032  -1.6305562585935438E-020   2.8178096865366047E-031  -2.0010372462315545E-020   6.6927120119705339E-017  -1.0329909509272355E-018  -1.2490227280847034E-020  -6.2898534773046845E-019   7.7774531847129653E-019  -4.1063788105768349E-021   6.0815747331509239E-019   7.4293418751322881E-021   1.6626061887631680E-019   2.5227192121721535E-021   3.4489464952249545E-019   2.0461857807790943E-020   6.7858824665454021E-022   2.5666186421131125E-020  -2.8764924020167663E-020   4.2572533774812183E-022  -1.5886510381639774E-020  -7.5089078447014636E-022  -1.2489616512322994E-020  -1.8459607166916022E-022  -2.4295715792722990E-020   1.7787748081452267E-020  -2.2943106896725840E-022   7.3458789246036343E-021  -1.9629426905408822E-022   7.9516971900849159E-021   3.0381567397090341E-022   3.7366965828274889E-021   8.7910631330249862E-023   4.4167262460216906E-021   3.7943082489357876E-023   9.1096974369453059E-021   5.1725107411951325E-017   1.0781494765524716E-018   8.8253550160145555E-018   2.6350215984699139E-018   9.5330994330516124E-030   1.0530568765954797E-018  -1.4200607016857516E-018   2.6713704351027321E-030  -1.2149608967177118E-018  -1.7986048719398120E-020   1.8149071204266028E-031  -1.7320173378199114E-020   1.9295826193294067E-020   2.5202946851478526E-031   1.2298828685546901E-020  -5.1024781657936214E-033   6.3438374948210019E-021   7.2735002447728494E-031   1.2591756085901888E-020  -8.7660064563842311E-021   9.9550346699464490E-032  -3.8972831725000395E-021   5.7058779055412939E-032  -4.7827903961300950E-021  -5.2448529678679040E-019  -1.3698178153430552E-020  -2.9754724020172365E-019   3.8898642738099819E-019  -4.5035136072055996E-021   3.1468443873683075E-019   8.1478460101183201E-021   7.7993374199273883E-020   2.7666956248424313E-021   1.6364578970169864E-019   1.8048117413882314E-016   2.7922795136789173E-017   6.5850597694690491E-019   4.5650261939826812E-018  -1.2932627126514049E-018  -4.1801785145857245E-030  -5.1683796191316471E-019   6.9696261887341171E-019  -1.1994573011274551E-030   5.9630009292811446E-019   6.7041489275472110E-017   1.9944321769147598E-015
  -1.7630027595579944E-017  -1.7365326255801352E-016   9.0756162428331514E-017  -4.7428437946664555E-004  -9.9360913035070296E-006  -5.4018022121999283E-019  -3.9708476316203558E-006   5.3547389504440771E-006  -9.1373521497994716E-019   4.5813523528069478E-006   7.6558306704999343E-018  -6.2879017369283655E-017   4.1034257796518111E-017  -5.8006442321167678E-004  -4.6214086689113150E-019   4.0380628651173027E-018  -2.3984990177007800E-018   1.8097935414846607E-019   1.1836034758715302E-018  -1.2856113661312547E-018  -2.2443551137007496E-018   4.5267199473400438E-019  -7.0594237807564228E-019   6.1068862447216473E-019   5.2265395825055213E-018  -9.7740403289255620E-017   5.1729527435540422E-017  -2.2846103209415401E-006   2.5037809040205252E-018  -9.1301893300345065E-007   1.2312177383528497E-006   2.0699448478441246E-018   1.0533925807620462E-006   3.4729684370048256E-007  -7.0157667732456263E-019   3.3443930242828694E-007  -3.7258764884172197E-007  -2.2534052700742990E-019  -2.3748097787385412E-007  -6.9612246511107281E-019  -1.2249465061121616E-007  -2.4509860013298372E-019  -2.4313718054692667E-007   1.6926487855652522E-007  -4.6553816069815029E-019   7.5253556230912733E-008  -5.3933943999288414E-019   9.2352022689655198E-008  -3.5860277226192202E-004  -3.9371174217397515E-018   7.0161825222786399E-019  -2.9317240249214826E-019  -4.1643956941247388E-018   1.6388974877723760E-019  -4.0620900681760523E-018  -1.7025806033842259E-019  -1.2593135623704110E-020  -1.4570501256371731E-019   5.7885691060376316E-019   9.9709180441851958E-019  -2.2737807813293690E-020  -8.6295951868305519E-020   1.2883150242765073E-018   3.9099709133750841E-020   1.3203166126515092E-018  -4.8258791702290878E-020  -6.2874126782911096E-020  -1.6220854879596310E-020  -4.6978659130876094E-020   1.5978298429218999E-018   4.6995323695642369E-020   8.7100476132310338E-019   5.1496087672979502E-020   1.5371704647131236E-018  -1.5937123311920737E-019   6.7308342192960164E-020  -9.2375302032157040E-020  -1.3869639177588791E-019   1.4475152905343218E-020  -3.1558780949893282E-019   9.5196581222162132E-020  -4.4037665738962733E-017   2.8012067763238017E-017  -1.6016595206452227E-006  -2.9500023056720941E-019  -6.4008529304825095E-007   8.6316322555341412E-007  -2.5510169269903699E-019   7.3849629473636376E-007   1.2533803518210654E-008  -2.9833782028850857E-019   1.2069779953676647E-008  -1.3446538390546836E-008  -8.8665576147741768E-020  -8.5705929587576932E-009  -2.8551795850385662E-019  -4.4207826881155576E-009  -1.8283805453033046E-019  -8.7747230857915354E-009   6.1087014862689320E-009  -1.7226685492584131E-019   2.7158706339359791E-009  -1.4144973376431042E-019   3.3329474511370728E-009   6.7854072736512963E-019   4.9640687207520578E-019  -3.9070084219093418E-019   5.3860452583367979E-019   1.5546142193721220E-019   2.6902347182619967E-019  -4.3705644518673457E-019   9.3091913357257023E-020  -9.0921158088387926E-020  -1.0888540937735028E-019   4.9896500838176736E-005   1.2156601198307786E-018  -2.8190352263257819E-017   1.5690820418625558E-017  -1.7764316161262257E-006   9.8254319219432908E-020  -7.0993100409513757E-007   9.5735106272685133E-007   4.7993820181481153E-020   8.1908055356968111E-007  -3.1663047337608462E-004  -1.1982191632223982E-004
   9.8401843188244867E-002  -3.0677807002006771E-016   1.4116722550571607E-002  -1.1139376894938964E-015  -1.3937571824688839E-016   2.2506495400265607E-016   9.0981907116259176E-018  -2.7381074180636089E-016   7.7863593001106798E-017   7.6558306704999343E-018  0.24341752070369324       -8.4708473268461868E-016   5.1755967306588303E-002   4.6723737346552575E-015  -7.2931715321996196E-003   4.8249976413817850E-017  -4.4833482239978288E-003   5.5025897918651954E-003  -5.2267975492141794E-017   4.2822265984724097E-003  -2.2638486530406496E-016   1.1863733481651936E-003  -4.3506416670470179E-017   2.4574199808204572E-003  0.25096162405323724       -6.5821903704230256E-016   5.1991240736384225E-002  -2.2715793244772332E-015  -4.4182118853586251E-016  -2.8169368046317633E-017  -2.0963708357677396E-015  -1.2760534784452018E-016  -2.3168730906897882E-015   7.0514634300050453E-016   1.1225992597313210E-016   2.5567748711577917E-017   4.0370947707388687E-016   1.8337630191081541E-017   4.1824168957466711E-016   1.1952882513574021E-016  -8.1893701683605045E-018  -9.1330930888340273E-017   7.9352116721241976E-018   6.9114807116041701E-016   1.0643506099472158E-017   3.7885371511063849E-016  -3.7393541644026839E-017   6.8044715290839848E-016  -1.7731526675465007E-015  -3.2190568632130788E-003  -1.6398245939188353E-016  -2.0476264245574641E-003   2.4473390853631022E-003   3.0584818713538033E-017   1.8714788961832957E-003  -3.1341826270536543E-016   5.4389233523665932E-004  -2.0989685358887562E-016   1.1208172145737508E-003   6.1780498413094509E-005   1.1519074423677022E-018   8.3441020117768443E-005  -8.9674557948545176E-005  -5.9829933021289666E-018  -4.5141542238857521E-005   5.9106597602712793E-017  -4.1132767371700748E-005   4.4801045396051507E-018  -7.8591385563595733E-005   5.5939056604807621E-005   1.5020966110153315E-017   2.2047371526413330E-005   1.9569379612658552E-018   2.1926404029039496E-005   3.6845225701446310E-017   1.2382200736287160E-005  -1.4350010112726563E-018   1.4446448327531699E-005   5.2553447012890791E-017   2.9394903038684920E-005  0.16161694914260819       -5.5730374290056406E-016   3.4235975242598526E-002  -3.5587474962879458E-016   1.4695010785634990E-016  -9.5499828801544392E-018  -4.3023592032778113E-016   1.6331995307896136E-016  -3.6803859906094182E-016   1.8622042541772492E-016   4.5019629832178835E-017  -1.6640212090610678E-018   1.2080386601621506E-016  -1.0187082882611323E-017   1.2504646175619538E-016   5.3612234577482151E-017  -9.6834576007498890E-018   2.8852442837351700E-018  -2.1535664217801572E-019   2.1949720789315600E-016  -2.9168362577861983E-017   1.3455418849278088E-016  -1.3805855578393426E-017   2.7835204615750833E-016  -1.6124160247828745E-003   1.9534889862474391E-017  -1.0090587735970360E-003   1.2213753572542282E-003   4.6256767903257815E-018   9.4190774649767581E-004  -5.7813611714080806E-017   2.6754814178237690E-004  -1.2014297079618465E-017   5.5268939292740034E-004  -1.6433254219496804E-015   8.7143426260394105E-002  -3.7332946003162267E-016   1.8308838731449572E-002   1.4041637670696889E-016  -3.4509108995698512E-017   1.2771903003811325E-017   1.5450612250973847E-016  -4.0545900271083668E-017   1.2071473925198498E-016  -4.0945552153479700E-016  -1.1513075630450398E-014
  -2.7326549170087944E-016   3.5631993031114452E-002   3.6069496184983868E-016   1.2807642767962973E-017  -6.7183755017481753E-017  -9.8411929371265055E-018  -7.9252908077914153E-018  -6.9333360267798848E-017   1.5258674099960224E-018  -6.2879017369283655E-017  -8.4708473268461868E-016   1.3285186450130160E-002   1.8546832438833775E-016   4.2944621229005162E-016   1.4437139214408712E-016  -8.5483785134189694E-004  -4.3044113522831359E-017   3.0276686856778214E-017  -2.8104276731946817E-004   2.1076504397771203E-017   5.0846814063856317E-004  -3.0982620007926496E-017   1.7265625522618647E-004  -9.5500043759079805E-017  -1.2300208838124907E-015   1.9783149105101157E-002  -4.8842542802128680E-017  -4.5031174020096902E-016   8.4897280973626963E-017   4.1038549534913334E-017  -3.8450623090898021E-016  -1.6018839695171301E-017  -4.2315281112193111E-016   1.5656220159184545E-016  -3.0005335002433909E-017  -1.2901187934800512E-017   8.1052456132228325E-017   3.4877813069507942E-018   8.6593939607069824E-017  -3.0467756691810248E-017  -5.7308061648279260E-018  -1.3478100945167571E-017  -1.2783003854704890E-017   1.1820027257830189E-016   8.0118610417874955E-018   7.5147174888460234E-017   7.7074215586248058E-018   1.3884385082468853E-016  -1.7779237852967484E-016   2.4530330926714394E-016  -1.0874797976929936E-004   6.9737815484063096E-017   1.6190178280568284E-016  -3.5752784141505769E-005   1.5558926415342356E-016   6.4684645149095678E-005  -4.7850400353493665E-018   2.1964421582437537E-005   7.5098717528385976E-017  -3.9690566013603729E-017   5.9082272320619597E-006  -2.1875852324650006E-017  -3.5201013891748684E-017   3.7066395508162343E-006  -3.3916949060842251E-017  -6.5377397928956141E-006  -4.2885438567004799E-018  -1.6072125387162559E-006  -2.1368231982189148E-017  -4.1079857783853978E-017  -1.9975749590300744E-006  -2.3519162662077264E-017  -1.7090645917890352E-006  -3.8473010996807740E-017   2.6452153373784723E-006   5.8584501723804928E-018   7.6540669042091548E-007  -4.0567513704319911E-018   3.3035697005376523E-007  -3.3133663806794085E-017  -2.5719045333471474E-016   9.3870651691449116E-003  -5.4184043166825219E-018  -1.2497810269773357E-016  -7.8102695684280935E-017  -8.9824619244011167E-017  -8.4483142686116898E-017  -4.1941966988108744E-017  -5.0183225744644100E-017   7.6419691088923415E-017   2.3116370445823965E-017   3.1583739614283550E-017   3.5133958510872815E-017   8.1088097318806329E-018   3.0859816940892380E-017   2.3225196408172127E-017   1.4073701070711581E-017   1.0321186390261257E-017   3.1369226319777412E-017   4.4777470877192530E-017   1.8113539176469370E-017   2.1953883976932915E-017   1.8112462011137021E-017   2.8874636971313314E-017  -3.9552162383907009E-017  -1.1926517966917902E-004  -1.2215554746424975E-019  -2.8617070167054073E-017  -3.9210495986556939E-005  -2.9481721649459994E-017   7.0940405896987430E-005   4.6043941569768657E-018   2.4088637709092476E-005   1.0010855693652009E-018  -3.4675147324277072E-016  -2.8288752419391767E-016   5.7333780280749841E-003   1.7486066822245144E-017   3.4767315943271853E-017   1.5045236107443415E-017   2.0002954473942731E-017   2.1920391839069140E-017   1.0856281971102978E-017   1.5424909373562052E-017  -1.7396891634912926E-016  -2.0280121397727777E-015
