   2.6589831548841645E-028   5.7677149803254721E-015  -6.2459559718990943E-027   3.4097113350156649E-019   4.9292683693048380E-028   8.5380919124674247E-015  -9.2991871868106353E-027  -7.9309857551850832E-019  -1.2909526632940582E-019  -5.7414635300482553E-030   6.0976937567869853E-031   2.5819053257583868E-019   3.5003965408983541E-030  -1.2909526633059756E-019  -1.5052662506860667E-027   7.5203272968439633E-015  -8.5321036237392524E-027   8.5267393379533036E-028   4.5850715478438356E-016  -4.3612577638643686E-028   2.5570655735097894E-028   4.3638643898081391E-030   3.6064301790162328E-028  -6.8350211083708888E-016   2.0457166223756975E-027   4.5850715478411594E-016  -9.9120529812638145E-028   4.2246135332665373E-018  -3.8915380012161676E-021  -1.2980406755970705E-030  -3.6869887423356715E-030   9.1146050642366826E-021   8.8013677909734181E-030  -2.2786513426405644E-021  -1.9070142745325020E-030  -2.7729457355952264E-031   8.1726911388691443E-032  -4.3485571349736056E-030  -1.0377434513286942E-020   1.9230966001832283E-029   9.1146050634569608E-021   2.1752556477115505E-029  -3.8915379986879460E-021  -7.4368658814770216E-020   1.5877058830758246E-029   1.1472229103117240E-029   1.4873731572145274E-019  -9.7174909893738789E-029  -7.4368658802911315E-020  -5.5066689817308281E-028  -1.7996111183851490E-016   1.8332542533507693E-028  -1.2697949369637505E-028  -7.8057335819443590E-030  -1.4552000188804820E-028   2.6827018624751591E-016  -7.6350682314449453E-028  -1.7996111183615111E-016   4.2995547538372721E-028   3.9653469177220033E-028   3.7655303583952677E-018   7.1529135787490837E-030   1.5382732567318234E-028   9.2110618485584683E-031   1.5139217636817258E-028  -6.5736487215983873E-018   1.8310066696313043E-029   2.2048688106053437E-018   8.1090640966700670E-030   1.0531726689918522E-028   9.0208941721513908E-031   5.8461923175443375E-029   1.0259771174376555E-030   9.6156680857697186E-029   6.0248485744731879E-018  -2.9337750229698113E-029  -6.5736487222131110E-018   4.0038824927163034E-029   3.7655303574301048E-018   1.6894725786935961E-029   8.3037053143589692E-028   4.3285782691361312E-015  -4.6169278304029112E-027  -1.8647271647107019E-021  -4.4479830244119760E-030  -3.1114370091909592E-030   4.3674890788136399E-021   9.9982664998867183E-030  -1.0918723913711590E-021  -4.7416767311775015E-030  -1.0426941468769317E-030  -2.6720428359028020E-030  -2.1812776335094123E-030  -4.9726053876466318E-021   2.2149281382417952E-029   4.3674890834498573E-021   2.1009912549333177E-029  -1.8647271434871270E-021   2.4489025197835273E-028   1.0447279883883196E-016  -1.0264043662697157E-028   6.0989928304164358E-029   2.8272396251726927E-030   7.8925228470792375E-029  -1.5573885333424679E-016   4.5487084574699606E-028   1.0447279883806531E-016  -2.3663153010030714E-028  -2.0134135979787292E-019  -8.7980813850268377E-031  -2.1122636306578138E-030   4.0268271807309470E-019   2.0592080984228510E-029  -2.0134135983839376E-019   7.3559391149524332E-017   1.0564588103471278E-028   2.0512540191778460E-015  -2.2343228817701844E-027   2.8282686664570997E-019  -1.1530403881376229E-030  -3.5502563067464731E-031  -5.6565373330851141E-019   2.0519670860538334E-030   2.8282686665989367E-019   4.9893303053820287E-018   4.5345699457148398E-016
   5.7677149803254721E-015  0.12516978372905882       -1.3555718938407939E-013  -9.2451146099191631E-016   1.0680861580661819E-014  0.18529194347985387       -2.0179067409874434E-013  -4.9835116757611738E-016   6.2181190511177458E-016  -1.3733379641321181E-016  -2.4179728852078587E-018   4.0874959992362043E-016   8.9285604307205609E-017   6.7872487511380820E-016  -3.1846268565163398E-014  0.16320462167923755       -1.8504590884097286E-013   1.8129381377658505E-014   9.9504295198979929E-003  -9.5146832971590812E-015   5.4279718696504409E-015   9.0099922329733496E-017   7.6709073712431844E-015  -1.4833224541030076E-002   4.4365934678591004E-014   9.9504295198921695E-003  -2.1548648807588215E-014  -5.1346364881553073E-014   9.9484282505000737E-016  -2.7605135520728302E-017  -8.2416415954637087E-017   7.5997094203781905E-016   1.9277395714088495E-016   5.8322552102658072E-016  -3.9689747108353776E-017  -4.4961698566217926E-018  -1.2834945331082119E-018  -9.6336630476403042E-017   1.3720714186825433E-015   4.1313623322497878E-016   6.7325015354788922E-016   4.7161927452631880E-016   1.0752091087274600E-015   8.1512132585063640E-015   3.6190953943358784E-016   2.7429075784588191E-016   7.2649919963037443E-015  -2.1016261762390075E-015   7.6797286583396672E-015  -1.1467263999805854E-014  -3.9054796440716171E-003   4.0387072877823323E-015  -2.7636645152561917E-015  -1.5702050676832578E-016  -3.1211347190184553E-015   5.8219453125021850E-003  -1.6560675207139459E-014  -3.9054796440203057E-003   9.3158159487158945E-015   8.2956516059149441E-015   8.1718778093857662E-005   1.4186281424060210E-016   3.2571340326440612E-015   2.0055656163433975E-017   3.2028252991312027E-015  -1.4265999474655255E-004   3.8897807787040561E-016   4.7849616896121685E-005   1.6932055678402933E-016   2.2551025064560643E-015   2.0885820920830635E-017   1.2602455524419327E-015   2.0490513656876358E-017   2.0607121092094102E-015   1.3075004497284048E-004  -6.4726891988362533E-016  -1.4265999475988948E-004   8.6297043580498426E-016   8.1718778072916893E-005   3.4644304832209873E-016   1.7747365510404329E-014   9.3937929951507626E-002  -1.0022239851561602E-013   2.0017759971012118E-015  -9.5663949221811916E-017  -6.9242481535681553E-017   1.2598897498055191E-015   2.1644361210233397E-016   1.2762507773157239E-015  -1.0435646787196822E-016  -2.4213470565997442E-017  -5.4807964807187369E-017  -4.7924188914837862E-017   2.4001203336602175E-015   4.8015982073125525E-016   1.4005330355306673E-015   4.5523717516802313E-016   2.3374472134890887E-015   5.1367043151773131E-015   2.2672475461830619E-003  -2.2567863227737592E-015   1.3174065246883409E-015   5.2558144924366240E-017   1.6797979988888578E-015  -3.3798130900286752E-003   9.8661112590494379E-015   2.2672475461664151E-003  -5.1316195824204450E-015   6.2885064597182488E-015  -2.9453484081416562E-017  -5.7669729646086129E-017   6.4118579933636544E-015   4.6877613961304765E-016   6.1908324722131272E-015   1.9971323428585975E-014   2.2916772724578495E-015   4.4515899767877384E-002  -4.8485609753666891E-014  -1.1308309741991188E-017  -2.1963394052333616E-017  -4.8534202850900465E-018   4.2046198231419623E-017   1.6364466349984015E-017   7.7649260356399924E-017  -5.6021932063861602E-016  -7.4334966843991653E-016
  -6.2459559718990943E-027  -1.3555718938407939E-013   1.4680787982267408E-025   1.0782044393523479E-018  -1.1564819604478316E-026  -2.0066867837698026E-013   2.1853389956061081E-025  -2.5079026340933669E-018  -4.0821956961633132E-019   1.5058607435046526E-028   4.8991404398582992E-030   8.1643913694002447E-019  -9.8636059699570837E-029  -4.0821956969002848E-019   3.4369493830061821E-026  -1.7674840644622214E-013   2.0038531251230792E-025  -1.9579209102678899E-026  -1.0776181109343936E-014   1.0311554912161928E-026  -5.8607429150983833E-027  -9.6906187635035340E-029  -8.2848031779676899E-027   1.6064182332034917E-014  -4.8043368307760803E-026  -1.0776181109337627E-014   2.3342391324085222E-026   1.3358893569820895E-017  -1.2305657426478482E-020   2.9813710530479244E-029   8.9605881503077947E-029   2.8821816127184943E-020  -2.0902927884180591E-028  -7.2054552240088472E-021   4.2736354012768100E-029   4.6475767995899245E-030   1.8354579690268067E-030   1.0461760994749098E-028  -3.2815084401576793E-020  -4.4680749376543330E-028   2.8821816231272826E-020  -5.1069170644235810E-028  -1.2305657517229578E-020  -2.3516542467917775E-019  -3.9447104276738652E-028  -3.0074296169242348E-028   4.7033081436748875E-019   2.2749773057312370E-027  -2.3516542406236676E-019   1.2348485942723353E-026   4.2295818365640990E-015  -4.3826396203927710E-027   2.9941743764301065E-027   1.6824750954912386E-028   3.3747685787501397E-027  -6.3050883352080845E-015   1.7933706554308811E-026   4.2295818365085285E-015  -1.0086718860129040E-026  -8.9389287940739185E-027  -8.8500335690312762E-017  -1.5168763304148185E-028  -3.5156013251022955E-027  -2.1729621671257610E-029  -3.4565727271156890E-027   1.5449885227291708E-016  -4.2003649355750990E-028  -5.1820490427498696E-017  -1.8240135294755965E-028  -2.4378056434295162E-027  -2.2809775804157781E-029  -1.3635928602374753E-027  -2.1932310925179701E-029  -2.2279261557900904E-027  -1.4160053712906170E-016   7.0252614576665365E-028   1.5449885228736023E-016  -9.3371925189811224E-028  -8.8500335667634909E-017  -3.7224940375288933E-028  -1.9180354605913486E-026  -1.0173351252526495E-013   1.0854340718327586E-025  -5.8965635097914348E-021   1.0347668885457762E-028   7.5239106209110967E-029   1.3810686941292825E-020  -2.3432730697760145E-028  -3.4526740751853969E-021   1.1322844599437411E-028   2.6453831311976658E-029   5.8892906818539291E-029   5.1986715787064240E-029  -1.5724164532435023E-020  -5.1993093476584955E-028   1.3810686783145434E-020  -4.9291144355773558E-028  -5.8965638551170294E-021  -5.5370664971094532E-027  -2.4553985462161990E-015   2.4483391008149348E-027  -1.4258323678084353E-027  -5.5637805428571661E-029  -1.8143870785526282E-027   3.6602920407654378E-015  -1.0684078181413796E-026  -2.4553985461981692E-015   5.5569342858999370E-027  -6.3667310524444761E-019   3.3407286183631540E-029   6.4179255863324974E-029   1.2733461823424828E-018  -5.1086796426446178E-028  -6.3667310525256935E-019   2.3260638279569278E-016  -2.4817057825015064E-027  -4.8210119692296954E-014   5.2508793895438115E-026   8.9434310681194426E-019   2.3340239098949333E-029   4.8407311247453452E-030  -1.7886862137018078E-018  -1.3618311190224116E-029   8.9434310674749360E-019   1.5777048408704958E-017   1.4339024511155906E-015
   3.4097113350156649E-019  -9.2451146099191631E-016   1.0782044393523479E-018   9.1532901595814562E-007   2.0455894992261982E-018  -1.3698462942221520E-015  -2.2766755361560306E-018  -2.1290545364366149E-006  -3.4655321666715222E-007   1.5751396972642780E-018   1.9360108520203665E-018   6.9310643290716966E-007  -1.6477494333652758E-018  -3.4655321667739142E-007  -1.0152110352899662E-016  -1.0619065534077404E-015  -1.4358658057065325E-017   4.6408632584003738E-017  -9.6300074193846517E-017   6.1811970865554746E-018   1.5007097398433614E-017   5.6947997267546733E-019   1.9259146188724758E-017   4.5039672815743806E-017   3.6854221273670517E-018  -9.4485048285146221E-017   4.6649050505825851E-018   1.1340876015456289E-005  -1.0446742673351759E-008  -6.9850062669933948E-020   2.9713977941813794E-019   2.4467943563206321E-008  -2.1875481711161215E-019  -6.1169861920283587E-009  -2.0977890554488250E-019  -1.8822199213140091E-019   3.7816013356768391E-019   2.4308249920989244E-019  -2.7857979883382883E-008   5.2080724053938682E-019   2.4467943571840393E-008   5.5702075520063813E-020  -1.0446742676505984E-008  -1.9964092246545399E-007  -2.1460204671331265E-018  -3.1323839441012994E-018   3.9928183689344051E-007  -8.9607831341885279E-019  -1.9964092237529715E-007  -5.9770749113799904E-017   3.2760417950783471E-017  -7.4486189312792949E-018   9.8726500940818172E-019  -1.5311312913003170E-018  -4.5658204002391439E-018  -1.3320836553100085E-017  -1.0879784332247097E-018   3.1177943326038086E-017   1.8543373018735812E-018   3.8329672637315331E-017  -6.9279009170259123E-018   1.6536328445775133E-018   1.0043745734893031E-017  -8.1636054282374052E-021   1.0224545210993695E-017  -8.1630286712558950E-018   1.0369985881333161E-018  -4.1679593016756070E-018   8.2391906059220234E-019   3.7692760852800499E-018  -1.6190368286258423E-019   1.0493674656785067E-018   2.1956880073487500E-019   3.2236689020333919E-018  -2.1211141820418059E-017   1.3095943349468161E-018  -8.6187917978076037E-018   7.3526832814882147E-019  -7.5455233877780579E-018   2.4990620491349523E-018   3.3790404045007771E-017  -7.4009711341206714E-016   3.3107513073339453E-018  -5.0058166138395900E-009  -1.0703353158033329E-019   2.1260097046964952E-019   1.1724421906411965E-008   6.6394456979535620E-020  -2.9311060000488973E-009   1.7980280794534870E-019   1.9607835108961436E-019  -3.9338156781288176E-019   7.2554397609488089E-020  -1.3348842906856861E-008   6.4249314180691066E-020   1.1724421901460437E-008   8.8530512888464239E-020  -5.0058165983873764E-009   2.2000294948151759E-017  -1.9958478886645661E-017   3.6248973377390474E-018   7.6502004769438255E-019   1.0883027174846515E-018   4.0846856681575315E-018   8.4708122036247057E-018   6.6844333406258357E-019  -1.8835386876998986E-017  -4.5892269367450677E-019  -5.4049616190405065E-007   1.2815230467426664E-018   1.4633281756656038E-018   1.0809923173716879E-006  -2.7078760880466525E-018  -5.4049616200074582E-007   1.9746846137580872E-004   1.2719483598627643E-019  -3.2747800225549903E-016  -3.9749678677612066E-019   7.5924209431730901E-007  -3.7847429851763735E-019  -3.5269790459668454E-019  -1.5184841886829029E-006   3.4842000657415982E-018   7.5924209434438082E-007   1.3393740259679640E-005   1.2172946733237800E-003
   4.9292683693048380E-028   1.0680861580661819E-014  -1.1564819604478316E-026   2.0455894992261982E-018   9.1598000488940503E-028   1.5811145001288989E-014  -1.7224085965851977E-026  -4.7580394888526832E-018  -7.7448175307115554E-019  -8.1986856124132411E-030   4.1202948664244336E-030   1.5489635053287430E-018   3.9364165986145829E-030  -7.7448175308918176E-019  -2.9443543456872721E-027   1.3926411962598689E-014  -1.5822239542581106E-026   1.6507126948924436E-027   8.4908000320753189E-016  -7.9808352484067669E-028   4.9671227559115135E-028   8.9609970257971786E-030   6.9760671812966291E-028  -1.2657337369901960E-015   3.7940253649667623E-027   8.4908000320703895E-016  -1.8283423467795526E-027   2.5344741051220690E-017  -2.3346519846175998E-020  -2.5116753989683789E-030  -6.3686224326680502E-030   5.4681286847931907E-020   1.5960716450781219E-029  -1.3670322319189119E-020  -3.8555821164569953E-030  -8.0430364539298000E-031   7.3559545344248786E-031  -7.6772560518777306E-030  -6.2257385072057215E-020   3.6417230812969134E-029   5.4681286859827473E-020   4.0368223404059122E-029  -2.3346519846367369E-020  -4.4616019690227921E-019   2.6086144162270192E-029   1.6405208514236536E-029   8.9232037785335008E-019  -1.8133641028582585E-028  -4.4616019674102774E-019  -1.1120894589695827E-027  -3.3325844498312528E-016   3.2798061875010585E-028  -2.3361987647212657E-028  -1.6820507955841820E-029  -2.7653327227876737E-028   4.9679235803130068E-016  -1.4155702414607737E-027  -3.3325844497875040E-016   7.9907189657236171E-028   7.9353582924622076E-028   6.9731442474076327E-018   1.5800855150243252E-029   3.0038036900527140E-028   1.6931248638968969E-030   2.9615020408344234E-028  -1.2173318604486062E-017   3.5509382808537517E-029   4.0830551873475593E-018   1.6289596071947962E-029   2.0085375822705225E-028   1.4203832680144417E-030   1.0988314121929236E-028   2.2391711046072958E-030   1.8304690294326025E-028   1.1157030797763882E-017  -5.2305398922309840E-029  -1.2173318605625134E-017   7.5281309216421425E-029   6.9731442456193559E-018   3.5147265554618790E-029   1.5899155171715143E-027   8.0158165740524171E-015  -8.5446775879043622E-027  -1.1187065597005903E-020  -8.4022994720475734E-030  -5.4334060230675184E-030   2.6201894638375997E-020   1.8617726947672110E-029  -6.5504746936172432E-021  -8.5030150160304498E-030  -1.6279609024695991E-030  -5.5559522814734554E-030  -3.9272729555836716E-030  -2.9832172054649004E-020   4.1116098151041329E-029   2.6201894639311488E-020   3.9043688075219422E-029  -1.1187065533829932E-020   4.8748661797713915E-028   1.9346647799834494E-016  -1.8447284250468023E-028   1.1412528017406053E-028   6.9169919817810412E-030   1.5246733651158910E-028  -2.8840279744550800E-016   8.4337888860590871E-028   1.9346647799692696E-016  -4.3891178652718479E-028  -1.2079080346394429E-018   3.5066984630063547E-031  -1.6507497974603320E-030   2.4158160565150424E-018   3.3949534528814682E-029  -1.2079080348638730E-018   4.4130515256638275E-016   1.9583534744695022E-028   3.7985858039709302E-015  -4.1382134187338093E-027   1.6967643639476015E-018  -2.7199775740335035E-030  -1.2023611421769159E-030  -3.3935287280014530E-018   9.1829329178797647E-030   1.6967643640156929E-018   2.9932509462618761E-017   2.7204263799116201E-015
   8.5380919124674247E-015  0.18529194347985387       -2.0066867837698026E-013  -1.3698462942221520E-015   1.5811145001288989E-014  0.27429227163049535       -2.9871575284335832E-013  -7.3476995982400100E-016   9.2096407829394308E-016  -2.0329863394150180E-016  -3.5793853902623381E-018   6.0412129240223401E-016   1.3217170034156472E-016   1.0052137630558495E-015  -4.7142823285477728E-014  0.24159585991854457       -2.7392806043635998E-013   2.6837374080833730E-014   1.4729868257918671E-002  -1.4084822288596980E-014   8.0351617372652794E-015   1.3337715556014277E-016   1.1355434935864700E-014  -2.1957991149284480E-002   6.5675996362594215E-014   1.4729868257910049E-002  -3.1899000685066366E-014  -7.6025023473229843E-014   1.4727050560001791E-015  -4.0864568574572098E-017  -1.2200307000557298E-016   1.1249699621461371E-015   2.8536808250987017E-016   8.6337172240995148E-016  -5.8753719618542662E-017  -6.6557920460443016E-018  -1.8999888743136207E-018  -1.4260950971931109E-016   2.0311500622734142E-015   6.1157583959642757E-016   9.9659502243873960E-016   6.9814973994600687E-016   1.5916732642147303E-015   1.2066720461669270E-014   5.3574369091108842E-016   4.0603942969046571E-016   1.0753994758337921E-014  -3.1110894903068755E-015   1.1368770083526665E-014  -1.6975276057997195E-014  -5.7813786355775084E-003   5.9785988295648714E-015  -4.0911213066132749E-015  -2.3244136083411558E-016  -4.6202933385361134E-015   8.6183704217467245E-003  -2.4515179327238221E-014  -5.7813786355015509E-003   1.3790434007416540E-014   1.2280259362107489E-014   1.2097033933194006E-004   2.1000305165550850E-016   4.8216165044222228E-015   2.9688886547334252E-017   4.7412219356954020E-015  -2.1118313778213980E-004   5.7581392147866067E-016   7.0832977778729811E-005   2.5064943074052808E-016   3.3382843184582939E-015   3.0917800081606219E-017   1.8655728300950664E-015   3.0332616908577749E-017   3.0505233794634684E-015   1.9355254296466039E-004  -9.5816827788845785E-016  -2.1118313780188277E-004   1.2774765958059246E-015   1.2097033930094092E-004   5.1284825950996193E-016   2.6271866492861178E-014  0.13905865368327183       -1.4836170877604305E-013   2.9632857270665880E-015  -1.4161372293042028E-016  -1.0250136728594346E-016   1.8650298721692226E-015   3.2040686134804292E-016   1.8892698260908992E-015  -1.5448147444710256E-016  -3.5843802600773837E-017  -8.1133593226313670E-017  -7.0943368592434966E-017   3.5529763207507892E-015   7.1079252287289613E-016   2.0732276254370183E-015   6.7389891088849874E-016   3.4601881758986876E-015   7.6039911333615995E-015   3.3562629227796631E-003  -3.3407769136252351E-015   1.9501896387464352E-015   7.7803128906985409E-017   2.4866467496773836E-015  -5.0032213637569451E-003   1.4605049839623015E-014   3.3562629227550204E-003  -7.5964640770184225E-015   9.3097818199553253E-015  -4.3600724912268506E-017  -8.5369934881500859E-017   9.4901341729257008E-015   6.9394097663300727E-016   9.1651925873701725E-015   2.9290281534521175E-014   3.3924268540838390E-015   6.5897993413481126E-002  -7.1774453821134284E-014  -1.7792565722882815E-017  -3.2512958384427608E-017  -7.1846387391339944E-018   6.4347220025456118E-017   2.4224726476815520E-017   1.1389353742203206E-016  -8.4787532657619244E-016  -2.7880248549653294E-015
  -9.2991871868106353E-027  -2.0179067409874434E-013   2.1853389956061081E-025  -2.2766755361560306E-018  -1.7224085965851977E-026  -2.9871575284335832E-013   3.2531960782762241E-025   5.2955454242668835E-018   8.6197336280805949E-019   2.1748290637554750E-028  -9.1729221976061426E-031  -1.7239467272175671E-018  -1.3984210121473751E-028   8.6197336274177582E-019   5.1593016715041208E-026  -2.6310799334742581E-013   2.9835482556410800E-025  -2.9342453590508488E-026  -1.6041442435808160E-014   1.5323586063019004E-026  -8.7879538950652903E-027  -1.4666975297786659E-028  -1.2414446256842933E-026   2.3913170495457429E-014  -7.1533072823044275E-026  -1.6041442435798775E-014   3.4727742640787984E-026  -2.8207884240482809E-017   2.5983926664431782E-020   4.4676960213430734E-029   1.3212737604842377E-028  -6.0858520506961376E-020  -3.1023367048466031E-028   1.5214629629441628E-020   6.4507035301165357E-029   7.7165958086360058E-030   1.1285788513792716E-030   1.5470310587255179E-028   6.9290471730188578E-020  -6.6732705241126619E-028  -6.0858520388631024E-020  -7.6045280509020074E-028   2.5983926542715856E-020   4.9656198431149224E-019  -5.7810953619143583E-028  -4.3440281455182087E-028  -9.9312398662546383E-019   3.3903353332875754E-027   4.9656198484734450E-019   1.8635451744316449E-026   6.2961630720879440E-015  -6.4924173415426308E-027   4.4529465655976383E-027   2.5694670658402853E-028   5.0430490886444019E-027  -9.3857657509326721E-015   2.6700761447693703E-026   6.2961630720052272E-015  -1.5022971504204850E-026  -1.3469052382219482E-026  -1.3174175768951986E-016  -2.3281514479680931E-028  -5.2759235443453253E-027  -3.2312133700731756E-029  -5.1888201955750248E-027   2.2998726728765513E-016  -6.2966473841036571E-028  -7.7140074554529057E-017  -2.7501702431638269E-028  -3.6449064356315783E-027  -3.3268077979290215E-029  -2.0342968836489445E-027  -3.3579616240289825E-029  -3.3301656654201681E-027  -2.1078681233975080E-016   1.0402279966529331E-027   2.2998726730915721E-016  -1.3930542431980180E-027  -1.3174175765575896E-016  -5.6472905451922987E-028  -2.8695207169422191E-026  -1.5144068834845043E-013   1.6156386958400647E-025   1.2450842350772966E-020   1.5448948748690372E-028   1.1109947767584148E-028  -2.9161870694735966E-020  -3.4910161055792372E-028   7.2904664103705122E-021   1.6778956589872706E-028   3.8547698875791681E-029   8.9336323858187460E-029   7.7079831982795672E-029   3.3202247531084198E-020  -7.7424258367106459E-028  -2.9161870909156204E-020  -7.3412429161341771E-028   1.2450841771191508E-020  -8.3357850885012252E-027  -3.6551106590015611E-015   3.6292296287714462E-027  -2.1257408759720027E-027  -8.7437769384376146E-029  -2.7182220240997818E-027   5.4487172658293748E-015  -1.5907172562029187E-026  -3.6551106589747272E-015   8.2740084795721071E-027   1.3443629113309865E-018   4.4295511495915787E-029   8.9331728193594108E-029  -2.6887258372654754E-018  -7.4899550529450050E-028   1.3443629117289575E-018  -4.9115848799992340E-016  -3.6948110609349925E-027  -7.1765670233292010E-014   7.8166370014907711E-026  -1.8884443441985704E-018   3.6349341043671755E-029   8.7016288958939183E-030   3.7768886884859162E-018  -3.5047905894777866E-029  -1.8884443444093172E-018  -3.3313923490185692E-017  -3.0277473526407103E-015
  -7.9309857551850832E-019  -4.9835116757611738E-016  -2.5079026340933669E-018  -2.1290545364366149E-006  -4.7580394888526832E-018  -7.3476995982400100E-016   5.2955454242668835E-018   4.9521790963617824E-006   8.0608249623722156E-007  -3.6637736371427261E-018  -4.5031596455726341E-018  -1.6121649914809277E-006   3.8326638234484708E-018   8.0608249626103790E-007   2.3613800310571791E-016  -9.8363956167071986E-016   3.3398226806041967E-017  -1.0794644112720060E-016   1.3429175842760806E-017  -1.4377459326775220E-017  -3.4906496175630180E-017  -1.3246099469130008E-018  -4.4796758156111941E-017   2.0912910590872948E-016  -8.5722888305912079E-018   9.2074270757226473E-018  -1.0850565301019239E-017  -2.6378868261482586E-005   2.4299114844953804E-008   1.6247118817998836E-019  -6.9114688193528525E-019  -5.6912416554378657E-008   5.0882352423579508E-019   1.4228104839247902E-008   4.8794556133707412E-019   4.3780419851008752E-019  -8.7960015888816088E-019  -5.6540969274044111E-019   6.4797638240049355E-008  -1.2113972121016225E-018  -5.6912416574461498E-008  -1.2956298174369755E-019   2.4299114852290528E-008   4.6436462105217584E-007   4.9916418371659258E-018   7.2859224713463283E-018  -9.2872922340920894E-007   2.0842774182467556E-018   4.6436462084247113E-007   1.3902671315839883E-016   6.4445932999372212E-018   1.7325481492738731E-017  -2.2963775978322193E-018   3.5614101211613882E-018   1.0620094486537005E-017  -9.2216082051028198E-017   2.5306369390009167E-018   1.0125427971270509E-017  -4.3131870354676382E-018  -8.9154786952038238E-017   1.4385010549697412E-017  -3.8463486330821970E-018  -2.3361744298435736E-017   1.8988539494823253E-020  -2.3782283730776893E-017   2.2006078843324516E-017  -2.4120578610086266E-018   8.6821064680796018E-018  -1.9164350556258491E-018  -8.7673330666687479E-018   3.7658783284953498E-019  -2.4408278599991291E-018  -5.1071684947689388E-019  -7.4982512082820115E-018   4.6570248351299988E-017  -3.0461153433217141E-018   2.3066183500192676E-017  -1.7102335250690994E-018   1.5821599907884865E-017  -5.8128162658369772E-018  -7.8596451949124398E-017  -2.6638998508527920E-016  -7.7008048090478460E-018   1.1643525316531960E-008   2.4895990620952120E-019  -4.9450968202300521E-019  -2.7270995687614724E-008  -1.5443345219723933E-019   6.8177501394384272E-009  -4.1822118303258197E-019  -4.5607808296877434E-019   9.1500520239371759E-019  -1.6876146901808873E-019   3.1049397595326406E-008  -1.4944385182136196E-019  -2.7270995676097478E-008  -2.0592189999544546E-019   1.1643525280590123E-008  -5.1172667910428553E-017  -1.5546579978463489E-018  -8.4315082188321129E-018  -1.7794360002116174E-018  -2.5313912235728372E-018  -9.5009754963767181E-018   5.1818371973908619E-017  -1.5547986441117444E-018  -4.1669690859511496E-018   1.0674538072171141E-018   1.2571936269537174E-006  -2.9808215501165057E-018  -3.4037001300936710E-018  -2.5143872389363425E-006   6.2985175481627046E-018   1.2571936271786302E-006  -4.5931147834883912E-004  -2.9585508368136860E-019  -1.8030384743469986E-016   9.2457719933410567E-019  -1.7659964853925462E-006   8.8033090630321771E-019   8.2037503529516643E-019   3.5319929708974034E-006  -8.1042464802180140E-018  -1.7659964854555152E-006  -3.1153828800974653E-005  -2.8314264065006202E-003
  -1.2909526632940582E-019   6.2181190511177458E-016  -4.0821956961633132E-019  -3.4655321666715222E-007  -7.7448175307115554E-019   9.2096407829394308E-016   8.6197336280805949E-019   8.0608249623722156E-007   1.3120870188588211E-007  -5.9636449765107561E-019  -7.3299412186541675E-019  -2.6241740361004646E-007   6.2385530933556928E-019   1.3120870188975879E-007   3.8436960234109105E-017   7.5641647312875677E-016   5.4363393376349322E-018  -1.7570797628696490E-017   5.8065667928224210E-017  -2.3402663915073465E-018  -5.6818453098087336E-018  -2.1561112224923763E-019  -7.2917158153931338E-018  -4.9259990009903810E-017  -1.3953396764006623E-018   5.7378479981551869E-017  -1.7661822389371180E-018  -4.2937752376020458E-006   3.9552469265429708E-009   2.6445970225551988E-020  -1.1250025352850412E-019  -9.2638214229267090E-009   8.2822880308771311E-020   2.3159554697793117E-009   7.9424505547127888E-020   7.1262830832853364E-020  -1.4317541388762866E-019  -9.2033597261951324E-020   1.0547324918274641E-008  -1.9718311265672768E-019  -9.2638214261956606E-009  -2.1089393113328454E-020   3.9552469277371938E-009   7.5586158258490332E-008   8.1250597648841053E-019   1.1859535890808351E-018  -1.5117231347391072E-007   3.3926469770188390E-019   7.5586158224356002E-008   2.2629835836993789E-017  -2.0883437770017680E-017   2.8201256655986384E-018  -3.7378894228615724E-019   5.7970245112802844E-019   1.7286677455153776E-018   1.7684643986235766E-017   4.1192010642306418E-019  -2.0284296191371697E-017  -7.0207165459403259E-019  -1.4512018208380996E-017   2.8004129488284985E-018  -6.2608283085468418E-019  -3.8026680364373543E-018   3.0908270921964548E-021  -3.8711206244381195E-018   2.7808499777066596E-018  -3.9261859957529825E-019   1.6819295812074265E-018  -3.1194444373904319E-019  -1.4270876691137481E-018   6.1298441443589265E-020  -3.9730158702940996E-019  -8.3131063090715544E-020  -1.2205150366570780E-018   8.3146605256657600E-018  -4.9582622356957820E-019   2.9534067029547189E-018  -2.7838034170151294E-019   3.0342513284185961E-018  -9.4617124190175944E-019  -1.2793403257283371E-017   4.8417672338352827E-016  -1.2534853537224807E-018   1.8952549513095592E-009   4.0524023617225422E-020  -8.0492969083722218E-020  -4.4389897560241687E-009  -2.5137641474864894E-020   1.1097476371881815E-009  -6.8075238928406753E-020  -7.4237331171912012E-020   1.4893840938747916E-019  -2.7469859948327717E-020   5.0540126746809875E-009  -2.4325467792272848E-020  -4.4389897541494689E-009  -3.3518585643949687E-020   1.8952549454591879E-009  -8.3295436383790015E-018   1.2479382652649984E-017  -1.3724243529755980E-018  -2.8964465642248479E-019  -4.1204288389897431E-019  -1.5465050628697629E-018  -1.0545753076803759E-017  -2.5307969431845060E-019   1.2054168175884053E-017   1.7375297069302992E-019   2.0463754588619271E-007  -4.8519813787059768E-019  -5.5403147663341838E-019  -4.0927508933549148E-007   1.0252304387698710E-018   2.0463754592280253E-007  -7.4763641583529795E-005  -4.8157306041258421E-020   2.2064434148532946E-016   1.5049647457265512E-019  -2.8745706235406850E-007   1.4329436005018450E-019   1.3353514552555687E-019   5.7491412472641819E-007  -1.3191548822809679E-018  -2.8745706236431818E-007  -5.0710112858571969E-006  -4.6088059847043694E-004
  -5.7414635300482553E-030  -1.3733379641321181E-016   1.5058607435046526E-028   1.5751396972642780E-018  -8.1986856124132411E-030  -2.0329863394150180E-016   2.1748290637554750E-028  -3.6637736371427261E-018  -5.9636449765107561E-019   2.8612517610353628E-030   3.3342282587465110E-030   1.1927289945653053E-018  -2.9334843686295516E-030  -5.9636449766875815E-019  -1.3976102847997795E-028  -1.7906486389620034E-016   1.7831965942080636E-028   5.9970883857861791E-029  -1.0917413302179807E-017   2.1076205590540807E-029   1.9869431300479835E-029   8.8113113090854031E-031   2.4725645557182279E-029   1.6274718854391216E-017  -4.2335379256992991E-029  -1.0917413302170295E-017   3.1670329002134614E-029   1.9515893959767597E-017  -1.7977228740711128E-020  -8.9913351317007792E-032   6.0175726492834373E-031   4.2105547343210742E-020  -5.8795096421440786E-031  -1.0526387355015752E-020  -3.1745025701475082E-031  -3.1896783519210269E-031   6.5216333886006529E-031   5.2400602710374878E-031  -4.7939275644313475E-020   4.4294387187087593E-031   4.2105547358163795E-020  -4.2159662633859391E-031  -1.7977228746227238E-020  -3.4355115668720276E-019  -4.0900493267471105E-030  -5.6912947632521855E-030   6.8710229951730915E-019   7.6385021302505022E-031  -3.4355115653153948E-019  -9.0274562836054021E-029   4.2850145646708515E-018  -1.7249110670212587E-029   4.7311681404636877E-030  -2.4625604143106764E-030  -4.4326239689921890E-030  -6.3877225672957294E-018   1.6297800709697755E-029   4.2850145646118309E-018  -7.0301001610193750E-030   5.6857615715857278E-029  -8.9660217513303156E-020   2.6899973635085264E-030   1.3710070665959114E-029  -3.6052969515308572E-032   1.4080785068854391E-029   1.5652370795220335E-019   1.3577352087748061E-030  -5.2499647681009951E-020   1.2320621527744005E-030   4.0120876878413541E-030  -3.0152670989212562E-031   4.2308279547142860E-031   3.5536216977278838E-031   3.2864633702254365E-030  -1.4345634806358231E-019   2.9637799264473831E-030   1.5652370796605206E-019   3.1844910362484152E-031  -8.9660217491390190E-020   3.9203889314621030E-030   3.8676003933990191E-029  -1.0306682781663917E-016   1.1565931274390683E-028  -8.6142363349372905E-021  -7.9227575216520637E-032   4.4182486839267157E-031   2.0175917128176876E-020  -1.2322303122767196E-031  -5.0439801845595404E-021   4.2391066953874233E-031   3.6398706039783553E-031  -6.1681464024519902E-031   1.7743636565994260E-031  -2.2971294486411459E-020  -4.1625866765962851E-031   2.0175917119501753E-020  -3.4712984846767285E-031  -8.6142363087147116E-021   3.2223215876982462E-029  -2.4875789000365953E-018   8.7139888467554989E-030  -1.2895102316710118E-031   1.8151349393639500E-030   5.1860714673652817E-030   3.7082636798500449E-018  -9.6746133685921414E-030  -2.4875789000163981E-018   4.8405759188373335E-030  -9.3011031661509872E-019   2.2376187756572620E-030   2.5814355928957849E-030   1.8602206221332915E-018  -5.1741678770228504E-030  -9.3011031678138910E-019   3.3981268707506637E-016  -2.2955000652987933E-030  -4.8841959566740403E-017   5.2513415879540149E-029   1.3065382411598193E-018  -6.2719794450786335E-031  -6.0161347923510227E-031  -2.6130764824027510E-018   5.9778147772455467E-030   1.3065382412063082E-018   2.3048555885417077E-017   2.0947759000213738E-015
   6.0976937567869853E-031  -2.4179728852078587E-018   4.8991404398582992E-030   1.9360108520203665E-018   4.1202948664244336E-030  -3.5793853902623381E-018  -9.1729221976061426E-031  -4.5031596455726341E-018  -7.3299412186541675E-019   3.3342282587465110E-030   4.0948999847818432E-030   1.4659882428273694E-018  -3.4868768155516806E-030  -7.3299412188707470E-019  -2.1411192248685287E-028  -3.1527125650165140E-018  -2.6795340745345141E-029   9.7808605075750449E-029  -1.9221786652122558E-019   1.3257639812350482E-029   3.1636631211896419E-029   1.2027656168177182E-030   4.0586804402962723E-029   2.8654147714247966E-019   6.9379891791392997E-030  -1.9221786651727412E-019   1.0282999759913161E-029   2.3987067660428609E-017  -2.2095887742310440E-020  -1.4720648586111267E-031   6.3007192718919834E-031   5.1752106006810444E-020  -4.6641186284564635E-031  -1.2938027138841798E-020  -4.4293629950568068E-031  -3.9802116193940193E-031   7.9987065225479843E-031   5.1600436970382835E-031  -5.8922366088397062E-020   1.0935777351264480E-030   5.1752106025074031E-020   1.0870483924700101E-031  -2.2095887748983489E-020  -4.2226017711896671E-019  -4.5460354605451486E-030  -6.6305986010643970E-030   8.4452033723744435E-019  -1.8546954662198350E-030  -4.2226017692826705E-019  -1.2619949087590383E-028   7.5444277387054302E-020  -1.5832579199464852E-029   2.1415497625904438E-030  -3.2354599514093123E-030  -9.5968663394837715E-030  -1.1246568842371002E-019  -1.9812697598067312E-030   7.5444277382716001E-020   3.7421469975041055E-030   8.0910774083743137E-029  -1.5786061574198806E-021   3.4948555887552237E-030   2.1180589767987788E-029  -1.7654254053432303E-032   2.1564047545181919E-029   2.7558407978688850E-021   2.1858398567654897E-030  -9.2433711863505788E-022   1.7393989527688703E-030   7.9288264233619084E-030  -3.4284566830085923E-031   2.1951705003981882E-030   4.6401377229696828E-031   6.7785687389524091E-030  -2.5257698737282468E-021   2.7824244069765271E-030   2.7558407971625378E-021   1.5384943261675621E-030  -1.5786061583216884E-021   5.2790694802189862E-030   7.1127190863879199E-029  -1.8146501556574774E-018   8.9386151411518543E-030  -1.0587794245228803E-020  -2.2453844883167587E-031   4.5100954743860823E-031   2.4798304925028520E-020   1.3624964441678628E-031  -6.1995773384274188E-021   3.8231652540817241E-031   4.1519273323138440E-031  -8.3098193278819809E-031   1.5438546120888183E-031  -2.8234115033029718E-020   1.2661810688533827E-031   2.4798304914552836E-020   1.7845667348250523E-031  -1.0587794212552337E-020   4.6433558083951462E-029  -4.3797655698133746E-020   7.7106097926829430E-030   1.5926435483818057E-030   2.3008519409680950E-030   8.6070621686238659E-030   6.5289690218553146E-020   1.2232343196646484E-030  -4.3797655695436722E-020  -8.7153632214762119E-031  -1.1432025169947727E-018   2.7111161955671057E-030   3.0961969845426884E-030   2.2864050203755317E-018  -5.7364797334478271E-030  -1.1432025171992908E-018   4.1766520834603100E-016   2.2476000427291724E-031  -8.5993788111036196E-019   9.5878149471584512E-032   1.6058716683096827E-018  -8.0008606920086078E-031  -7.4589698473937611E-031  -3.2117433367214935E-018   7.3691095390637775E-030   1.6058716683669408E-018   2.8329077347928555E-017   2.5746979026929110E-015
   2.5819053257583868E-019   4.0874959992362043E-016   8.1643913694002447E-019   6.9310643290716966E-007   1.5489635053287430E-018   6.0412129240223401E-016  -1.7239467272175671E-018  -1.6121649914809277E-006  -2.6241740361004646E-007   1.1927289945653053E-018   1.4659882428273694E-018   5.2483480689665752E-007  -1.2477106179010439E-018  -2.6241740361779983E-007  -7.6873920421264186E-017   6.4164051557455502E-016  -1.0872678671012253E-017   3.5141595235975893E-017   1.5224848277773524E-017   4.6805327800046570E-018   1.1363690612686116E-017   4.3122224423391899E-019   1.4583431621900326E-017  -9.7294257924600053E-017   2.7906793516672135E-018   1.6599224170194328E-017   3.5323644754129106E-018   8.5875504699119144E-006  -7.9104938482110090E-009  -5.2891940418873122E-020   2.2500050691726109E-019   1.8527642834435546E-008  -1.6564576051291669E-019  -4.6319109367041547E-009  -1.5884901099688719E-019  -1.4252566157793300E-019   2.8635082759877337E-019   1.8406719440919737E-019  -2.1094649823549464E-008   3.9436622507587649E-019   1.8527642840973446E-008   4.2178786206889614E-020  -7.9104938505994549E-009  -1.5117231642381898E-007  -1.6250119519706111E-018  -2.3719071766963341E-018   3.0234462676149807E-007  -6.7852939501335995E-019  -1.5117231635555032E-007  -4.5259671646247167E-017  -9.7895826218831336E-018  -5.6402513276680918E-018   7.4757788407512768E-019  -1.1594049015436330E-018  -3.4573354889413346E-018   4.1486542095904563E-017  -8.2384021255704569E-019  -1.0987865777759283E-017   1.4041433084457241E-018   2.9024036398985104E-017  -4.5220516729312009E-018   1.2521656609395797E-018   7.6053360682308308E-018  -6.1816541803186379E-021   7.7422412441472736E-018  -7.4449626283188087E-018   7.8523719867181994E-019  -2.7321936556753700E-018   6.2388888709584283E-019   2.8541753364983474E-018  -1.2259688281135106E-019   7.9460317358577310E-019   1.6626212607924062E-019   2.4410300718370470E-018  -1.4903282286745509E-017   9.9165244651949461E-019  -7.7900760787783101E-018   5.5676068307130775E-019  -4.9897284320996254E-018   1.8923424826419143E-018   2.5586806499032863E-017   2.7172649133389696E-016   2.5069707045769702E-018  -3.7905099002831728E-009  -8.1048047185766909E-020   1.6098593806732092E-019   8.8779795065771813E-009   5.0275282921604350E-020  -2.2194952730085736E-009   1.3615047777153157E-019   1.4847466225200517E-019  -2.9787681859211178E-019   5.4939719862165544E-020  -1.0108025343132789E-008   4.8650935560902607E-020   8.8779795028277800E-009   6.7037171252596560E-020  -3.7905098885824309E-009   1.6659087266559458E-017   4.9712980703085957E-018   2.7448487042298596E-018   5.7928931250536707E-019   8.2408576729079001E-019   3.0930101238555977E-018  -2.3525598021917762E-017   5.0615938845521763E-019   5.8217270230966112E-018  -3.4750594123964810E-019  -4.0927509152016495E-007   9.7039627514278870E-019   1.1080629525832189E-018   8.1855017816654202E-007  -2.0504608762699336E-018  -4.0927509159338454E-007   1.4952728307491168E-004   9.6314612053414403E-020   1.4636823320937183E-016  -3.0099294959988113E-019   5.7491412435383953E-007  -2.8658871992404530E-019  -2.6707029088659267E-019  -1.1498282487442414E-006   2.6383097629362630E-018   5.7491412437433889E-007   1.0142022565464255E-005   9.2176119637282783E-004
