   5.8635023155238650E-002  -9.8058040938337365E-009   1.1316641571672182E-008   4.6919941723781660E-009   3.4512440901329527E-009   4.8064257842194778E-009  -2.7456840390015696E-009  -1.9647099933011178E-008  -4.2950256230419618E-009   1.6195855517948423E-008  0.13750321456001710       -6.9651803650760758E-009   8.8071270495325642E-009   7.8321240727595394E-011  -3.4847357450797317E-011   4.4736351092506961E-011  -1.6456948894057399E-010   1.1678732208416155E-010   5.9219742638268584E-011   3.3367220676457978E-010   1.6124500721702687E-010  -4.1282114980924810E-010  -1.5352743929701831E-010  -1.3792446264824206E-008   9.4699861664093512E-011  -2.1005472842916191E-010   4.3313253404870175E-011   1.7296257333702703E-010   1.9774071564103817E-011  -3.3931357110678960E-010   1.1255441244649580E-010  -9.3277107710933952E-011   1.3080992409357767E-010   2.6212169121973537E-011  -1.0386681905819957E-010  -7.4278309421580380E-011   9.4928362500564099E-012   5.9539229396429278E-011   1.8775908945809680E-010   6.1148672853528610E-009  -2.6964989887085185E-010  -9.2824758571050624E-010  -9.2931389718781742E-009   2.8787031341074436E-009   3.1782704359598674E-009  0.12964836951984152       -7.2233836502568895E-009   8.6132136495308002E-009  -3.4127320086490961E-011   2.7487733214954809E-011  -1.1953390025855441E-010   1.3135962671771304E-012  -2.5044703191052493E-011   4.4697735207168524E-011  -8.0672256511733672E-011  -6.5947297937370815E-011   8.0742651075137761E-011   1.3824935975428360E-010  -5.1267593898788922E-009   3.1601011307608793E-012  -2.5786450017426051E-013  -9.8474203044886978E-013  -4.5680625631875059E-012   4.6237349818567071E-012  -2.2332400736546036E-012   2.0390437440115132E-012   1.0456344257778143E-012  -2.2836567832975785E-012   5.0991414321297587E-013  -3.8687412543992160E-013  -2.5277209975162317E-012   6.8609581642162362E-012  -2.0960147271205647E-012  -2.1753529909652192E-012  -2.1211156294806213E-012   4.0724714180650255E-012   2.5883639427332720E-012  -6.1115489105319450E-012  -6.7723935783224695E-013   2.5669628410385234E-012   2.2232837169113393E-009   9.9726227309104192E-010  -5.0669428163297155E-010  -5.2537452166403793E-009  -5.1899257370874881E-010   3.0304593469659765E-009   2.6409622184002286E-011  -6.0404375005344729E-011   1.5608481663630407E-011   7.0740210307658324E-011  -3.7076878279826952E-011  -1.1713145276746926E-010   8.7831320778616753E-012  -3.8055034291762633E-011   6.9255021194519576E-011   1.2757112953122273E-011  -4.4746494925141460E-011   1.8229864447048916E-011   7.8627845253229251E-012   9.4039947531855712E-012   6.2204089326549093E-011  -6.6380494862804010E-012  -5.8850728599780393E-011   5.8132309727602024E-011  -2.8589871354243330E-011   3.8837873500362146E-011   3.7640594916985950E-011   6.2013778090101706E-011  -1.0084940676541930E-011  -2.4351103732484132E-011  -3.5813095648621089E-011   4.2896330574488127E-002  -2.0083180571551943E-009   2.4732450293775643E-009  -4.0821183071717951E-010   6.6249100715020966E-010  -1.3529091993105705E-010  -7.4951317772956068E-010  -3.7519294136967288E-009   8.2785644680365570E-010   3.0894386995282225E-009   1.8123101470160171E-004   9.3039532517173621E-011  -6.7988618365405581E-011   8.7804924973583109E-002  -4.8925531402612232E-009   5.9837166611425181E-009  -9.8706216891406651E-009  -2.3397914208264411E-009  -9.6420888246915387E-011   8.8528402580691600E-012   4.6319237978440527E-011  -2.4292651898095874E-010  -9.6482180636935890E-010   1.0145972494056932E-010   9.5596896681554750E-010
  -9.8058040938337365E-009   5.8635024631418321E-002   7.0695152340060343E-009   9.2437501013810273E-009   7.2601684521607431E-009   4.5647514571743691E-009   5.0507914381528659E-009   5.6551803047447839E-010   7.5611331895387230E-009  -7.8256873956041286E-009  -1.2230623436342468E-008  0.13750321594566475        7.3173867817746240E-009   3.9931030707181590E-011   1.9050035108628098E-010   1.9754612705543587E-011   1.8731384514406691E-010  -1.6773762243870324E-010  -2.4090712141966123E-010  -7.5260422494806729E-010   5.0648097999610535E-011   8.1930120009420194E-010  -5.2464840370418032E-011   2.3270079612560976E-009   4.5935186401434769E-011  -6.2016982567292289E-011   1.0783757169709687E-010  -3.6549814432525209E-011   6.1938779372429871E-011  -4.4139811027749851E-011   2.3965065428951039E-010  -2.1088452037102607E-010  -2.3831980131178680E-010   4.9346767635049017E-011  -1.5456069199865086E-010  -1.7200050764393383E-010   3.0805519610983362E-010   1.2583380636963639E-010  -1.5024002753912984E-010   1.8553881952088836E-009   7.1551964442752575E-009   2.6583461795334209E-009   1.8174654404369897E-009   5.1894006245213917E-009  -3.6728574368035957E-009  -1.1692654972632495E-008  0.12964837099738005        7.0437430302375245E-009   1.0975661540168002E-011  -3.4893317269633825E-012   2.1746313594685131E-012  -4.3450958729927036E-011  -4.5193871622298366E-011   2.8719907869303948E-011   2.0229912585693661E-011  -1.9405288439353445E-011  -2.3407787038695824E-011   1.2850701539374806E-011   6.1084689102889090E-009  -6.8833833631600730E-013   2.5065550275718799E-012  -1.0736787291539819E-012   4.1274163650269079E-013  -4.1407619419487402E-012   1.0858220058839409E-012  -4.7757739322041415E-012   2.4069876765981738E-012   2.0656485878714443E-012  -3.8695395769697739E-013   1.7740960879492486E-012   8.7615892232949897E-012  -3.6716988975281706E-012  -4.6208095632196384E-012   1.2598187811938007E-012   5.2714034891899562E-012  -1.9433749157076574E-013  -6.6135569821448891E-012  -1.5380388314986129E-012   3.9022438518467247E-012   8.8397672888581832E-013   1.5755051141899062E-009   2.3778867314523261E-009   1.2777549222135066E-009   3.8446107236696806E-010   2.1190755968888454E-009  -1.9599705248866580E-009   3.5668995290189305E-011  -1.1105269958488393E-011   6.9069204764299470E-012  -6.0012011129721720E-011   1.9288501797175201E-011  -2.6450601752484904E-012   7.8728899196993645E-011  -2.2283438151946662E-011  -9.0724180562473039E-011   9.7021929355194897E-012  -1.1592215545695861E-011  -5.3286143507327409E-011   8.0374713591444610E-011   3.8907432297498559E-011  -4.4250257512702973E-011   3.9317502986192707E-011   2.5375480573656739E-011  -9.2734575954652050E-012  -4.2685981280968183E-011   1.6353828770740810E-011  -1.0065814571214231E-011  -1.2156279149337049E-010   4.6280245176738408E-011   1.3784918640553450E-010  -2.7580519833991691E-011  -3.5799360013747910E-009   4.2896331008969620E-002   2.0808870461776142E-009  -2.8710834136749241E-009   1.2298280428165616E-009   1.4726514588234917E-009   1.3067697456030740E-009   4.4375206816714903E-010   2.1656924009663340E-009  -1.6735810564566963E-009  -1.6119262240659881E-011   1.8123099458016172E-004  -2.7869843118186011E-011  -8.0352879701728660E-009   8.7804925954010848E-002   4.8393764580700969E-009   3.7203028527026217E-009  -1.3301016150092754E-009  -9.1773109071441058E-011   3.4526391247467324E-010   2.2669106329390169E-010   3.3910337382377134E-010   1.1131280004066569E-010   4.9922977175023637E-010  -4.5657672261507630E-010
   1.1316641571672182E-008   7.0695152340060343E-009   5.8635035841396253E-002  -1.0148071145687355E-008   4.5410376791989491E-009  -7.4439544700563630E-010   9.3929720271891367E-009  -4.5619105015279864E-009  -3.8771392776364189E-009   2.0872328535127305E-011   1.3738064098125735E-008   6.6740225552098826E-009  0.13750322688378919       -2.0175402270897809E-010   6.4361999547743280E-011   1.7218809848644336E-010  -5.1651517637895736E-011  -3.3405004648026586E-010   3.2233712703119717E-010  -1.3346294280899110E-011   5.7767359721293129E-010  -4.6458654293607583E-011  -5.5895982822549169E-010   1.8019745725318495E-009  -1.7289375261533750E-011   1.4197132054596716E-010   1.3037539900949229E-010   2.7111288931014408E-011  -2.1840038218626809E-010   3.2546529813990076E-012  -5.0172371779638534E-011   2.2190465374726160E-010  -1.2316030784004536E-010  -2.9577238250101026E-010   7.2042238347789294E-011  -8.7463022043322487E-011  -1.5366649298636314E-010   2.5024958797419779E-010   8.5622903153282900E-011   1.3360703921717763E-009   1.7261400809717064E-009   4.9334353488235846E-009  -1.3346947020973013E-009  -2.0564589572589758E-009  -1.3622400658162877E-012   1.2813981893775913E-008   6.4721728032277651E-009  0.12964838187938948        1.0707692981061011E-010  -1.6906697226375106E-011  -2.5345602392933463E-011   2.7473024561024698E-011   8.0993160821129035E-011  -1.7112053468648635E-010  -1.4187271322849370E-011  -1.2566147205923242E-010   3.5931480626531076E-011   1.1260623448580021E-010  -5.5669917944315990E-009   1.5676680509230082E-012   3.7417773764898246E-013  -6.6993574472950204E-013  -2.0472714076077675E-012   3.1198974267594287E-012  -1.3689490310568782E-012  -1.1069330185680840E-012   2.2476809263513046E-012   8.2559984030496667E-013  -7.9071049949002554E-013   5.1874270778005857E-013   3.5981466069672874E-012   1.8376753505857788E-012  -6.7180366578368049E-012   3.9513469247153782E-016   1.6224893643448104E-012   2.2497732995671142E-012  -2.4392002270500877E-012  -4.6013926416133886E-012   1.3915117809691051E-012   2.5124266750728591E-012   9.5362485451976156E-010   4.8307829284023158E-011   3.1998354109543290E-009  -1.0692314355256887E-009  -9.4898160297611877E-010   1.1562961547812098E-010  -9.4613701481024507E-012   4.5680957166461708E-012   6.9520513393162553E-011   4.9763680689018208E-012  -5.0285608469477239E-011   1.1643267478543939E-011   1.6042755867179947E-011   7.1295340947731498E-011  -2.7651226020663540E-011  -1.2265869636965954E-010   2.9558708308926545E-011  -4.9063957829884342E-011  -5.6899136295245425E-011   8.6545450016426474E-011   2.5763109994307106E-011  -4.7056195433247760E-011  -5.4838750847020816E-012   6.2455820208266122E-012  -2.4931388430870534E-011  -6.8706789222042808E-011   8.8070432059254052E-011  -2.6621753440490328E-011   4.3320518083795161E-011   4.1195400340905123E-011  -3.6897939015769548E-011   3.9507531715036469E-009   1.8830420203920266E-009   4.2896334153076789E-002   2.0766430175147658E-009   9.7176990997689215E-010   5.8584665962091378E-010   6.1417965881074928E-010  -7.3665305255682972E-010  -1.1535048943718719E-009  -2.3511524845445821E-010   3.2774134120781206E-011  -4.1644517851476912E-011   1.8123089617707146E-004   8.9335770450139910E-009   4.4439398269518892E-009   8.7804933273749830E-002  -2.7440624282211175E-009   8.0168451953501690E-010   8.3215847388554753E-011   3.0190575386664025E-010   1.0300632083781486E-010   8.3662365911158509E-011  -2.0229235527301032E-010  -2.6559770854643953E-010  -9.9613357545649857E-011
   4.6919941723781660E-009   9.2437501013810273E-009  -1.0148071145687355E-008   7.2405964328472835E-002  -3.2605036481556690E-010  -1.3457247423059000E-009   1.9726953813359845E-009  -5.7235520164168810E-011   8.2743942982659475E-010   3.8326602603035006E-010   1.6371416111578378E-008   1.5274579258781993E-008  -1.8863408953872885E-008  -6.1501506608939640E-010   1.3135043563843725E-009  -4.1322402791134921E-010  -1.0383347646723594E-009  -6.0373366270947395E-010   1.8634629416308064E-009  -4.1216817675486230E-010   5.1456807243370236E-010  -7.6052580326448169E-010  -7.5539072898453944E-011  0.23183163463112286        1.1124737494216187E-011   1.2722924957553965E-011  -4.5175929565383269E-011  -3.1140024505629313E-011   4.7576113543244325E-011   1.1785257926667367E-011   9.4400544826328729E-011   2.3863228854475163E-011  -1.4372109253756548E-010   2.7389411016670308E-011  -9.2474902817563207E-011  -8.6373672977181666E-012   1.9376588276146872E-010  -2.6823796990608074E-011  -1.1689362681966395E-010  -4.6992496561164811E-011   5.1794578330463998E-010  -2.9493381842387061E-010   7.3892430187427442E-010  -5.1766759617032240E-010  -6.9254710355236029E-010   2.4689782078233639E-008   1.3818709181913679E-008  -1.5556148737270515E-008   1.5206411447971210E-010  -3.9953162885931797E-010   5.4837657766044615E-012   2.9562244507645087E-010   4.9772653594128342E-010  -4.9965272132836226E-010   2.9290125482492810E-010   1.2711537365928033E-010   6.5587926313384310E-012  -9.8833275361765237E-011  0.17036460505878265        9.6136457191279255E-012  -1.4107024540278054E-011   1.8798510191600121E-012  -8.9301297439577452E-012   4.3322293551680294E-011  -1.2056569811692746E-011   3.7442781603817049E-011   3.6459548638292209E-012  -2.5455432744481972E-011  -5.1788066576165485E-012   4.8970039576423222E-012  -4.3268959708806430E-011   3.3760026985946481E-012  -5.3313942882185705E-014   7.2848898792215268E-012  -2.7800254018657736E-011  -4.7036972397293885E-012   2.3220134080308822E-011   3.4412118975096418E-012  -3.2440012210558148E-012   7.9648236193946326E-013  -9.9074732796327388E-011  -3.3937482685165954E-010   4.1610972447081827E-010  -2.4984860880265448E-012   2.0759231567380830E-010   1.0061814890289154E-010  -7.3045933707767999E-012   2.6820953744663988E-012   4.9164786094058397E-012   7.8398833721202533E-012  -5.9916133161889174E-012   5.0253218568595480E-012  -1.7159176664413962E-011  -4.1342334663327965E-012   1.9423170730301863E-011  -1.8349607956788171E-012   6.8852015893688210E-012  -3.8179868762948824E-012  -1.9987014169921725E-011   8.2837836907009529E-012   8.5047920800671397E-012  -9.4574968892605766E-011   1.8715900796638144E-010  -9.5757973582768956E-011  -1.9575734223086040E-010   1.1036829251704587E-010   3.2263420989198876E-010   5.3119894539240356E-011   2.1319270016425545E-010  -2.5842933514758892E-010  -8.7530233626373607E-011   5.8945472815848987E-009   3.6455554788034362E-009  -5.1570273532713148E-009  -5.0309514317494565E-002  -1.2128432122086855E-010   1.6020353012308651E-011   2.4876672299430637E-010   4.0118946817650573E-010  -9.9523015731717635E-011  -2.7999476137499471E-010   1.0515002946980596E-008   1.8724010558233085E-010   2.2279539457108745E-009   2.4674786880807584E-008   9.4493642108714985E-009  -8.7763980734517853E-009  0.18387295174059357        6.9743579822328710E-004   2.7252304690280275E-005  -4.0353610949411817E-011  -3.6497928050578149E-011   9.8931020135686050E-011   7.6410844183475090E-011   7.1874412060174928E-012  -3.6057753439884722E-011
   3.4512440901329527E-009   7.2601684521607431E-009   4.5410376791989491E-009  -3.2605036481556690E-010   1.4554632101043698E-015   7.9647532981572252E-016   1.1823773769051565E-015  -1.4394872652801091E-015   3.7940930085526688E-016  -1.5976025078282751E-017   8.0923388255938741E-009   1.7025808429189644E-008   1.0649136252534416E-008  -3.3027020763819028E-018   2.0632202784305874E-017   2.0259747066749906E-017   1.4198428415006782E-017  -3.7062588681238299E-017  -9.7854427753919310E-018  -7.2744789446848872E-017   5.8189778358080102E-017   7.6974516766871806E-017  -5.8474983828290618E-017  -1.0439592023873410E-009   9.8813646559092321E-018  -9.1285281533534189E-018   2.6208882572052764E-017   7.9233478890575279E-018  -8.3120838136954665E-018  -2.5282219383553442E-017   3.1985128480219775E-017  -1.4541718498948977E-017  -3.0665209253195945E-017  -1.5369967526610993E-017  -1.9270651781269599E-017  -3.2391090117491244E-017   2.5926863372368606E-017   3.8586539469892870E-017  -3.6767813463682484E-019   6.9253488023898082E-016   1.0014417537203312E-015   6.5783798290562047E-016  -4.2835310695937447E-016   6.5506057221973442E-016  -2.6417846257846387E-016   7.6303372088430499E-009   1.6053159583873472E-008   1.0040783556639269E-008   6.9638602504505876E-018   1.6211203780858695E-018  -8.7335433055691893E-018  -4.5492564970803316E-018  -3.0037374968231580E-018  -4.7800410118372176E-018  -4.6204150478124227E-018  -1.6596065553823426E-017   4.6072249075553501E-018   1.8884570458870030E-017  -7.6724815467921270E-010   1.7889472689002389E-019   3.8737605164877927E-019  -2.5067674934775251E-019  -3.3574089401388498E-019  -1.9451918736556323E-019  -4.9045171376791018E-020  -7.2616694480870914E-019   5.1659421669076575E-019   3.0116756982277134E-019  -5.6091667653277742E-020   2.1510116293217028E-019   1.4100746196233176E-018   7.5713538411213671E-020  -1.2155527622900518E-018  -4.2196446121559499E-021   7.7893687336239531E-019   4.1128781422038965E-019  -9.5998853488252397E-019  -9.2183979849978959E-019   5.6496994691388781E-019   4.5158241174285287E-019   4.0169662902022284E-016   3.5825919827877081E-016   3.7446807225462684E-016  -3.4507609437904611E-016   1.5725044735913578E-016  -5.6615044128312053E-017   5.2617027915015517E-018  -4.5628557519789826E-018   7.1308102694157426E-018  -2.9531007629707543E-018  -3.6377593812657538E-018  -6.2898929025828514E-018   1.1591189401682243E-017   5.6053692036539677E-019  -9.4292362087465747E-018  -7.5483739695523967E-018  -1.7920775614530111E-018  -9.3250586031173684E-018   6.1013608334158724E-018   1.2036215719338382E-017   1.0731223272245952E-019   1.2490873691073933E-018  -1.5262155671784342E-018   3.1742015764929158E-018  -7.9611014253911657E-018  -1.5518028741712464E-018   6.2942590185098666E-018  -1.3750993555842435E-017   7.5370197356288494E-018   1.9990872387593311E-017  -7.9797803489427902E-018   2.4793569335070814E-009   5.3202454875991700E-009   3.3259739173420263E-009   2.2491097110552271E-010   2.6349885658410902E-016   2.1974730736300216E-016   1.6383252146273131E-016  -2.2335770579539466E-016   2.2820765871596252E-016  -4.0140716450699438E-017  -6.1314467429398951E-010   1.4356028737291420E-010   6.6579279410876968E-011   5.1673823222710500E-009   1.0872130141053250E-008   6.8001895656979778E-009  -8.2798796173605323E-010  -1.2047788616978203E-011   1.2470429480138742E-013   6.5035619985080303E-017   3.9093878861843832E-017   3.3511329105849320E-017  -5.8250250712985775E-017   4.7296855382895419E-017  -6.7853647024971944E-018
   4.8064257842194778E-009   4.5647514571743691E-009  -7.4439544700563630E-010  -1.3457247423059000E-009   7.9647532981572252E-016   7.8399687128951167E-016   1.2189055282032514E-017  -1.5074948088499776E-015   2.7039271710378376E-016   7.1101975909227660E-016   1.1271452058740290E-008   1.0703688047970309E-008  -1.7455870970009862E-009   2.3509134252612320E-017  -1.3264718718378872E-017   1.0704698224586902E-017   2.1066044445848615E-017   1.1967378896525007E-017  -5.2630658255248303E-017  -2.3384714151030386E-017   2.3923172674906028E-019   4.4644641414231404E-017  -8.1555488249503140E-018  -4.3087895594468739E-009   1.1362757838014560E-017  -2.4088838573796589E-017   1.1133066156852592E-017   1.1547143516256795E-017   8.3427675550566900E-018  -3.1510444988871637E-017   2.6791215854284829E-017  -2.7339382598033663E-017  -3.6256111149733178E-018   9.2445789678573142E-018  -1.9750662854749675E-017  -1.8230151063549397E-017   2.3144100240813113E-017   1.2011763287890623E-017   4.7606058933315096E-018   6.2969975817088784E-016   5.0285525749883645E-016   7.3790827768982326E-017  -6.1718056288648485E-016   6.7564921963223954E-016  -1.2508399859689370E-017   1.0627560162843902E-008   1.0092489298544353E-008  -1.6458896210637371E-009  -6.1048090026765329E-018   9.6500377246568866E-018  -9.4215307293569911E-018  -9.1626370245964578E-018  -1.5836915810962714E-017   1.7371196380322391E-017  -1.0358124294842177E-017  -7.6305175232474654E-018   4.2655922501674120E-018   1.2709775579245429E-017  -3.1662634744623190E-009   7.0426922517508481E-021   4.3154512817562780E-019  -1.9061976237747018E-019  -1.5042542337856631E-019  -7.8772390393348991E-019   1.4262179820193017E-019  -8.8665039349008941E-019   1.7639513642273153E-019   4.3620068979302354E-019   1.1811001786233492E-019   8.1821336445898384E-021   1.2329932990005887E-018   1.9166428020232446E-019  -4.4526854424696090E-019  -2.1607822797897516E-019   7.3315074072485413E-019   3.7773061638957662E-019  -7.0446600833888707E-019  -6.2617387101380393E-019   2.9179424900748845E-019   2.3243804060812079E-019   2.9445941419748994E-016   2.7374665785056976E-016   9.3961482922769144E-018  -3.8697766536051417E-016   1.3064159325361240E-016   9.2535073524708285E-017   5.1844684043496557E-018  -5.9186216124694428E-018   8.3861705894881346E-019   9.4058001305664154E-019  -8.0080008874519593E-019  -1.0048324496401180E-017   6.9315362475867151E-018  -5.6615059504418193E-018  -1.3589698440273719E-018   3.3812784336770186E-018  -5.0626100984203350E-018  -1.9336644924300788E-018   7.9534679131533511E-018   2.5302556877525375E-018   1.1927387173435476E-018   4.8451692643279098E-018  -6.2933128772158108E-018   5.7573444226645805E-018  -1.6629070619634151E-018   3.2664744255323156E-018  -4.8257680827731383E-018  -4.9600902174477388E-018  -1.7995280217061173E-018   1.2958026333264167E-017  -2.9504217428226930E-018   3.5183302378928277E-009   3.2980559782444402E-009  -5.4143182022620733E-010   9.3721622944495059E-010   1.4050706081043781E-016   9.3195708420217499E-017   2.8273257561882619E-017  -2.7163429411442648E-016   2.5293313356338803E-016   1.3112881988671268E-016   4.2750324305964293E-011  -5.5382525783414329E-010   4.0946786037267605E-011   7.1975746877249187E-009   6.8349122058308257E-009  -1.1146653714502233E-009  -3.4174478495291582E-009  -1.1445481358046614E-012   8.8647673474332277E-013   2.4701267261349903E-017   1.9451536487390404E-017   3.7689535358563776E-018  -6.9428611606402185E-017   5.0274109407225308E-017   4.4727352415857215E-017
  -2.7456840390015696E-009   5.0507914381528659E-009   9.3929720271891367E-009   1.9726953813359845E-009   1.1823773769051565E-015   1.2189055282032514E-017   2.1221725484427944E-015   2.3634647648857434E-016   2.5391687097622421E-016  -1.4187245365078834E-015  -6.4390396261420713E-009   1.1844593575017417E-008   2.2026536467479006E-008  -4.9298297594360509E-017   6.4147486282738690E-017   1.5932740594248739E-017  -1.2718316287352605E-017  -8.9871312207826707E-017   7.8870513703357311E-017  -9.3820616330759649E-017   1.0339000516738946E-016   6.1732232115078106E-017  -8.8944556720838302E-017   6.3162405187493711E-009  -2.9464924528769939E-018   2.7582754029918655E-017   2.6931671963891912E-017  -7.7440806236941786E-018  -2.9297798874046453E-017   1.2924316466695630E-017   9.9079919240320485E-018   2.2414515842144125E-017  -5.0298876280901257E-017  -4.3638317145095485E-017   5.7765242003098882E-019  -2.5591177777633538E-017   6.7336829075964987E-018   4.7428546660113942E-017  -1.1187930272488377E-017   8.6137753121389720E-017   9.1964441527182045E-016   1.0542459340208460E-015   3.9810642159000218E-016  -3.1354147624810201E-017  -4.8425904720449939E-016  -6.0711550172618011E-009   1.1167938287911592E-008   2.0768436250806288E-008   2.3832762773042095E-017  -1.5202086077642785E-017   1.8711489244096078E-018   8.6437525173501569E-018   2.3801468873601420E-017  -4.0628321446749540E-017   1.1225395761961908E-017  -1.5301294094156010E-017   1.6119409593604588E-019   1.0019229438666937E-017   4.6416167949592670E-009   3.0566763151327687E-019  -9.6383814375171463E-020  -1.0227922543063682E-019  -3.2173489274081617E-019   1.1064952357706796E-018  -3.4946976316045510E-019   3.3593691704484458E-019   6.1795415006373583E-019  -2.7645274331133388E-019  -3.2538543051175742E-019   3.8769488100563357E-019   2.7028610635093151E-019  -2.5169650768978852E-019  -1.3767780766265450E-018   4.0906234727516039E-019   5.5811048551649993E-020   2.5261547830530345E-020  -4.4880060318428302E-019  -4.9041037218717734E-019   5.0225277140682638E-019   3.8062505044282600E-019   1.8194857777397030E-016   1.5640702886172874E-016   6.5841336768432846E-016   1.0750252372474325E-016   6.0626723104642899E-017  -2.8947369923621681E-016   1.2349208509955242E-019   2.6769046304559753E-018   1.1116103990501502E-017  -7.4826334774613260E-018  -4.8003229962187749E-018   7.2665262256125721E-018   8.4717509472183822E-018   1.1153063756479406E-017  -1.4956996000184708E-017  -1.9428796696232893E-017   6.0123532180476487E-018  -1.3397318709037831E-017  -3.0801639061464716E-018   1.6975307271680103E-017  -2.3835898744380837E-018  -6.4127771716469046E-018   9.1867777569930277E-018  -5.1261554822187831E-018  -1.1657852174564017E-017  -8.3937735945118602E-018   2.0255391688287088E-017  -1.6189556386619860E-017   1.7268318798147234E-017   1.2544256083165925E-017  -9.0425428152853903E-018  -2.0179834615644837E-009   3.7009595310369046E-009   6.8447139852653094E-009  -1.3697993405740246E-009   2.2669988858299996E-016   2.2781418629318356E-016   2.5095824606207692E-016   1.0728543979988985E-016  -4.0076474670038585E-017  -3.3398760489097678E-016  -1.3582128774655834E-010   9.6372129659020850E-011  -3.4125371996147134E-010  -4.1117766242451814E-009   7.5635734682505785E-009   1.4065338049366576E-008   5.0096033991439591E-009   2.3787659336903408E-011  -7.0259205486055257E-013   7.6320944579857098E-017   3.3062725051231540E-017   5.5725368253758164E-017   2.4718250507810449E-017  -4.1879790912815588E-018  -1.0103920358474211E-016
  -1.9647099933011178E-008   5.6551803047447839E-010  -4.5619105015279864E-009  -5.7235520164168810E-011  -1.4394872652801091E-015  -1.5074948088499776E-015   2.3634647648857434E-016   6.9436790384062985E-015   1.8130653012118317E-015  -5.5041916137465976E-015  -4.6073596963727581E-008   1.3261349740883342E-009  -1.0697846661918264E-008  -9.6760262927232135E-018   7.4617679256122024E-018  -2.7866898064976869E-017   6.1785200198598127E-017  -1.4283958684008159E-017  -4.8713248827987622E-017  -1.1769795468919005E-016  -9.8897543275330438E-017   1.5044764258774479E-016   9.4487642533819047E-017  -1.8325611711086277E-010  -2.9953138051810706E-017   5.8734176529725191E-017  -2.3586086374900942E-017  -6.0398719682284078E-017   1.0932521888026311E-017   1.1301507703409171E-016  -3.1574251793439060E-017   1.1937017562902726E-017  -3.6438766181080952E-017   1.4688426961625637E-017   2.7781391858785458E-017   3.0041895832325756E-017   1.1597338119499663E-017  -3.8190440708947051E-017  -7.0938705651042787E-017  -2.1348060704213424E-015   2.4658065731563562E-017  -4.6794074463462447E-017   3.2346192000792547E-015  -7.5411528909235703E-016  -1.0998134690180526E-015  -4.3441707429655532E-008   1.2503900359286532E-009  -1.0086770986506670E-008   3.0887871540367038E-018  -7.5972315941838298E-018   4.2037825225719160E-017  -3.2246917526486587E-018   1.2627869339790274E-018  -9.9561766240119917E-019   2.8096706210260723E-017   3.1603197639165647E-017  -3.0094431943227652E-017  -5.4892698251359306E-017  -1.3440507508238681E-010  -1.1950270546105139E-018   9.2620350109706067E-020   3.7010414676756134E-019   1.7008705582180587E-018  -1.8659332304947649E-018   8.7478711103401374E-019  -6.7259163745037908E-019  -5.0483192108344962E-019   7.4076310721613539E-019  -1.0884877734046414E-019   1.0246614276168878E-019   6.8565112779379145E-019  -2.4797888042017559E-018   1.1802819244600711E-018   7.3516879776655904E-019   6.5721565630379071E-019  -1.5379407125889301E-018  -7.5962503816948105E-019   2.3884337326947603E-018   1.5897336225000726E-019  -1.0478293286099359E-018  -8.0417807881576530E-016  -3.1466656054058978E-016  -6.7371567089926435E-017   1.8474668146684684E-015   2.6798807399717230E-016  -1.0432893714694287E-015  -7.7621937056021885E-018   1.9771129348032736E-017  -1.0570459090337500E-017  -2.4667365130704094E-017   1.6518038584787018E-017   3.8302447549663605E-017  -3.4180966134690528E-018   6.9936291163759555E-018  -2.1939242013469186E-017   5.3571920187169063E-018   1.2574921868223888E-017  -2.8025888744368999E-018   2.5778529769534793E-018  -9.5087708689310319E-018  -2.3272193756969512E-017   6.3415880706347456E-018   2.0225658092724560E-017  -1.9976241209924380E-017   1.1253146807922752E-017  -7.5964680254019681E-018  -1.9810361064872050E-017  -1.9918844691066579E-017   2.6917116800574056E-019   6.5004922640124620E-018   1.4685436027495899E-017  -1.4364095667969910E-008   4.1203627894211171E-010  -3.3312765171451167E-009   4.5102578584037508E-011  -2.8494319162572475E-016   1.3915578616418637E-017   2.1627432051150042E-016   1.3181278010287772E-015  -1.6661614281261114E-016  -1.0331847906731578E-015   6.7701270216489328E-011  -2.1349080191530577E-011   6.9962855177815485E-011  -2.9421025158301432E-008   8.4682112061106696E-010  -6.8312697823167960E-009  -1.4537518205208277E-010   2.8472411563539629E-011   1.0877293678046201E-012  -2.2750308543841350E-017  -2.1356386706330933E-017   7.8351647807651826E-017   3.3985248657338425E-016  -8.5127078655146186E-018  -3.1710218184966624E-016
  -4.2950256230419618E-009   7.5611331895387230E-009  -3.8771392776364189E-009   8.2743942982659475E-010   3.7940930085526688E-016   2.7039271710378376E-016   2.5391687097622421E-016   1.8130653012118317E-015   1.5554790074787248E-015  -2.1924748929120258E-015  -1.0072096087350359E-008   1.7731448067270217E-008  -9.0924445101440656E-009   5.7273191756844145E-018   3.7873824176006485E-017  -1.6835573270128625E-017   2.7757764189880010E-017  -1.4989600479413241E-017  -3.5424828397993011E-017  -1.2531712538965388E-016  -3.7588837200964929E-017   1.3026683232910849E-016   4.0569743269389417E-017   2.6493190617423187E-009   2.5459212504103037E-019  -1.8503058721418373E-018   1.6021826940107521E-018  -1.9530277588723303E-017   2.1518148613882926E-017   1.9085578949461058E-017   2.7054941114052209E-017  -3.4753115425140325E-017  -3.3815490077526229E-017   2.4301178124907604E-017  -1.8138268837144914E-017  -1.1058195694438672E-017   5.1394734960464972E-017  -4.9805282313189875E-018  -4.0121099122876164E-017  -2.9748619947754366E-016   8.3424846549350367E-016   8.1012443747221016E-017   1.0117837596919494E-015   5.8837247539411844E-016  -7.1430580481499716E-016  -9.4967385517175305E-009   1.6718526045291021E-008  -8.5729681689787665E-009  -1.4310059293309902E-018  -5.9156991063092581E-018   1.0772264974899746E-017  -4.1320289914615165E-018  -3.6733920856280680E-018   6.0338112854709146E-018   1.2798041143061986E-017   1.2065419118898450E-017  -1.1222398661867626E-017  -1.7024668937045914E-017   1.9467847368493979E-009  -3.1410452870351360E-019   1.5622682862533836E-019  -5.3224760183311849E-022   4.2115096698931998E-019  -5.8405010281606396E-019   2.5649346738660348E-019  -2.6410489236806814E-019   1.2699958378620907E-019   8.8017939717979733E-020  -9.4288424714350509E-020   2.7888131864263294E-019   5.8245688902383342E-019  -1.0591569744837928E-018   1.5952835971179300E-021   4.0501534920714882E-019   4.1010344345900356E-019  -5.2571840140553252E-019  -6.1569544297968943E-019   5.9257430235406398E-019   4.2373836483909305E-019  -2.3085465366536932E-019  -2.3932498643858563E-017   2.2639672368815734E-016  -4.6585794730447215E-018   5.0504123889579312E-016   3.7648391612369182E-016  -4.8112145123695525E-016   3.2098777421379563E-018   2.7178892951244090E-018  -4.8005988702259918E-018  -1.3161148270761378E-017   8.4661036650892717E-018   7.5229687436813152E-018   8.2518646809573727E-018  -4.8581714096166332E-018  -1.4717071506235700E-017   8.4214450366563881E-018  -9.8654358003853511E-020  -5.0004591009278954E-018   1.3333722866928132E-017  -1.3099847305797784E-018  -1.1873444551308650E-017   7.5904736398125126E-018   1.0089394544847998E-017  -6.9591725704622804E-018  -4.0053136974430270E-018   5.0819028917427745E-018  -6.1897583037935737E-018  -1.7845424051253605E-017   6.3075016818218628E-018   1.3870104302830253E-017   4.8304886940207515E-019  -3.1406328861713982E-009   5.5343466782486272E-009  -2.8485358705753560E-009  -5.7701704824916277E-010   4.4590376281136193E-017   1.6148054199398477E-016   1.8487030171296033E-016   3.8538867432222449E-016   2.9358259069310557E-016  -4.2998031498918455E-016   7.6961423837981613E-012   6.1168128698499187E-011  -1.7770858506685370E-010  -6.4316976552993927E-009   1.1322712827207824E-008  -5.8061590127728278E-009   2.1012699641061398E-009  -3.4112147145268262E-012  -7.5532018642537996E-013   2.3549005690031772E-017   1.8720873418665430E-017   5.6732395175157972E-017   9.9306285778113941E-017   7.4541556309438650E-017  -1.2285530117377676E-016
   1.6195855517948423E-008  -7.8256873956041286E-009   2.0872328535127305E-011   3.8326602603035006E-010  -1.5976025078282751E-017   7.1101975909227660E-016  -1.4187245365078834E-015  -5.5041916137465976E-015  -2.1924748929120258E-015   5.5201675597624530E-015   3.7981257364476742E-008  -1.8351945544981961E-008   4.8709258195569980E-011   1.2978899113841990E-017  -2.8094335183869111E-017   7.6072660655472746E-018  -7.5983341969031018E-017   5.1346704685957112E-017   5.8498175880868831E-017   1.9044285990855995E-016   4.0707606053117383E-017  -2.2742195020757489E-016  -3.6012626065065927E-017   1.2271516775449173E-009   2.0071770327532839E-017  -4.9605651115009130E-017  -2.6227871802756481E-018   5.2475379379405164E-017  -2.6204501640865902E-018  -8.7732859327433241E-017  -4.1090555305920258E-019   2.6046954552586814E-018   6.7104017836668565E-017   6.8153563310866805E-019  -8.5107135166555647E-018   2.3492006860020765E-018  -3.7524255216712912E-017  -3.9609615056265199E-019   7.1306415616009412E-017   1.4422711238456508E-015  -1.0261000936500567E-015  -6.1104390378183296E-016  -2.8062662790411850E-015   9.9054788435329267E-017   1.3639921824137246E-015   3.5811369494313616E-008  -1.7303551638976274E-008   4.5986342713234301E-011  -1.0052703541881106E-017   5.9762464343431826E-018  -3.3304295168787499E-017   7.7738281570476843E-018   1.7408538937052345E-018   5.7758541014867424E-018  -2.3476348815457841E-017  -1.5007122522388011E-017   2.5487149162993343E-017   3.6008130537326014E-017   9.0160900556161383E-010   1.0161298946751946E-018  -4.7999290746930605E-019  -1.1942783815106083E-019  -1.3651273600839991E-018   2.0604415551246733E-018  -8.2573892624009702E-019   1.3987492460656274E-018  -1.1763278450486295E-020  -1.0419242903427682E-018   1.6494175433563006E-019  -3.1756858661563227E-019  -2.0957150332345755E-018   2.4040744285163428E-018   3.5270986493951526E-020  -7.3095097573609922E-019  -1.4361456292657365E-018   1.1266540364097016E-018   1.7196078491790529E-018  -1.4665946920509851E-018  -7.2394257375243230E-019   5.9624666346750552E-019   4.0248144401688399E-016  -4.3592543810648361E-017  -3.0709669467285490E-016  -1.5023906414628974E-015  -4.2523864203847030E-016   1.0999043400209687E-015   2.5004906200084888E-018  -1.5208273490985707E-017   3.4396468171763009E-018   2.7620465242146394E-017  -1.2880277223966075E-017  -3.2012553489233786E-017  -8.1730898234248990E-018  -7.5541643508068914E-018   3.1368474103454659E-017   2.1911826977448555E-018  -1.0782846436835375E-017   1.2127649365092410E-017  -8.6792094227963695E-018  -2.5274482132879739E-018   2.3164878360377263E-017  -7.5906392147719787E-018  -1.8699513977285447E-017   1.6802075787054844E-017  -3.2919637162017031E-018   9.1482186984827761E-018   1.3515971790006011E-017   3.3669813706272167E-017  -7.8062792304208663E-018  -2.6491260277213732E-017  -6.7056167920938165E-018   1.1884737999944398E-008  -5.7322824655318789E-009   5.3025276975487689E-012  -2.6994893284451011E-010   2.1444303663440242E-017  -2.3366298088961096E-016  -3.8010689916582278E-016  -1.0947702567430315E-015  -6.1591450260038374E-017   1.0733256998637034E-015   5.4543659347490897E-010  -1.2221163601395456E-010  -1.3653817287910740E-010   2.4253642340747787E-008  -1.1718952629363862E-008   3.1079482222338338E-011   9.7331239254722258E-010  -1.6148064459357758E-011  -1.1032548389198425E-012  -4.2285327077512473E-017  -1.7737503171612028E-017  -1.1186299902639496E-016  -2.8160226558097537E-016  -3.8784139608299554E-017   3.2388759190334581E-016
  0.13750321456001710       -1.2230623436342468E-008   1.3738064098125735E-008   1.6371416111578378E-008   8.0923388255938741E-009   1.1271452058740290E-008  -6.4390396261420713E-009  -4.6073596963727581E-008  -1.0072096087350359E-008   3.7981257364476742E-008  0.32246005626946678        8.9090598991159902E-009  -9.3629641534181785E-009   1.8368466157081540E-010  -8.1845093313219860E-011   1.0497904819426180E-010  -3.8603458622888822E-010   2.7395629975025154E-010   1.3896049696975879E-010   7.8255499981572194E-010   3.7811196457006467E-010  -9.6806324211208185E-010  -3.6007008652785439E-010  -1.5154349204735037E-008   2.2202290040301092E-010  -4.9247104256698581E-010   1.0152259773706472E-010   4.0548390771192705E-010   4.6455846596315033E-011  -7.9549220792387854E-010   2.6392983695645480E-010  -2.1864646249031558E-010   3.0661908395908122E-010   6.1448661619503880E-011  -2.4349530279276481E-010  -1.7421904835699483E-010   2.2246860030166373E-011   1.3959206748927756E-010   4.4019015608799611E-010   1.4343741547442348E-008  -6.3180040712922305E-010  -2.1760822243285854E-009  -2.1794448715696383E-008   6.7508235798055909E-009   7.4507042404093909E-009  0.30403820468651116        6.8627932613157988E-009  -8.1043947697159130E-009  -8.0080287936126594E-011   6.4713243678412832E-011  -2.8039933606125848E-010   3.3558487522393130E-012  -5.8913472422453463E-011   1.0460894208600504E-010  -1.8931823808459447E-010  -1.5463859338620528E-010   1.8927723977981380E-010   3.2425775344475120E-010   6.3508669407162789E-010   7.4105155441143923E-012  -6.0328868189003695E-013  -2.3124640211255586E-012  -1.0714208319175415E-011   1.0845241251853128E-011  -5.2353137273762326E-012   4.7843463531764368E-012   2.4555741659295827E-012  -5.3613846395115940E-012   1.1973431334049735E-012  -9.0713552470673373E-013  -5.9292727556891885E-012   1.6091484408238467E-011  -4.9159703955603903E-012  -5.1039751850370357E-012  -4.9758693343581498E-012   9.5485165025869510E-012   6.0709652904583453E-012  -1.4332364442031889E-011  -1.5855487456980515E-012   6.0191579184519631E-012   5.2064983223962084E-009   2.3381162300737462E-009  -1.1892935845902173E-009  -1.2317098074480367E-008  -1.2164547935305263E-009   7.1105947325294258E-009   6.1992888051226194E-011  -1.4178726643747543E-010   3.6649134365883054E-011   1.6605366955154550E-010  -8.7067779535156886E-011  -2.7495061997075781E-010   2.0605239629178808E-011  -8.9347945799318316E-011   1.6257772264961178E-010   2.9949349577100568E-011  -1.0503415007260517E-010   4.2797891947490356E-011   1.8452367628332127E-011   2.2094815599426440E-011   1.4601843363477473E-010  -1.5489945209948298E-011  -1.3829959018210731E-010   1.3637469273814805E-010  -6.7391744397871999E-011   9.1301496065955487E-011   8.8512651571334372E-011   1.4558297414110621E-010  -2.3650250347993678E-011  -5.7024264939804070E-011  -8.4021478873538591E-011  0.10082632245000329        3.1412813581222797E-009  -3.5362323934378958E-009  -4.0800496767379392E-009   1.5712055547413856E-009  -3.1479108590413015E-010  -1.7550682199434007E-009  -8.8052006324947873E-009   1.9406628810850784E-009   7.2339957599992115E-009   3.5972619164645748E-003  -4.8988202691802979E-011   1.4758173885536755E-010  0.20591271283056634        4.6567019344824938E-009  -5.1484304637675791E-009  -9.5077159247625271E-009  -2.2004957810622172E-009  -2.4887001232415530E-010   2.9709408884214607E-011   1.0928472228926489E-010  -5.6803914632593149E-010  -2.2664309675019476E-009   2.3761863995373252E-010   2.2367215600193912E-009
