  0.18158382123518318       0.13279213205244761       -9.9639545663129082E-018  -1.4867991268987002E-016  -3.2873142406866915E-017  -8.0960313272761734E-015  -9.6703922036019442E-018   7.8318450227004045E-018  -8.2870713506634168E-015  -5.3416453058086981E-018  -8.1166772790176912E-015  0.11294605788187180       -3.7670331424473267E-016  -1.2735704427123832E-016   1.1953846752487559E-016   1.8634102369000109E-016   3.4064020907790983E-017  -1.5908363536608775E-017   8.7894331268465551E-017  -2.2120166816001288E-020   8.8273879764672395E-017   1.0453585611596026E-016  -1.4490440420701240E-017   4.5535404354289466E-017  -4.4744135026297118E-017  -9.4693480612993441E-015   5.8745018619916585E-018  -5.5300858517120489E-018  -9.4756429109212315E-015  -3.9904601366132298E-018  -9.5790632476448969E-015   4.5669350024061063E-002   1.9650441011423586E-017  -2.1158503250448516E-017   2.4545716299141449E-018   1.6992332950829089E-015  -1.8940325853957637E-019   1.5049740661580296E-018   1.0231151917558654E-015   1.2329899019645178E-018   1.0450879707456668E-015  -2.8499375060877489E-019   6.8557289281755800E-019  -8.2693563169034048E-020   1.5086002080945045E-018   1.7165231968367922E-015   2.7305721313543238E-018   1.0352551557571628E-015   2.7776048803904070E-018   1.7391124668331419E-015   6.8626332417151819E-017   1.8474234962899024E-017  -1.2544127458439345E-017   3.0977937522363894E-017  -2.6776563621687542E-021   3.0828667969640389E-017   3.2788291863074862E-017  -1.2578097620803230E-017   1.5694152373482420E-017  -2.5398056093052489E-017  -5.7671217701018459E-016  -7.9169009158183166E-019  -2.1464069804099835E-019  -5.0638311398691208E-016   5.6982184783870442E-019  -5.5205253674828823E-016   1.9674781141674900E-002   2.7442055658315810E-017   2.3842638159021123E-017  -1.0016986985587943E-017
  0.13279213205244761        9.7110801034393110E-002  -7.2866335862638236E-018  -1.0872952482858175E-016  -2.4040107966544869E-017  -5.9206225191173797E-015  -7.0719516186217111E-018   5.7274232439559857E-018  -6.0603299657410784E-015  -3.9063417875074870E-018  -5.9357208903894393E-015   8.2597379717146688E-002  -2.7548289219551262E-016  -9.3136124824532933E-017   8.7418404662556134E-017   1.3627107115772294E-016   2.4910996650775779E-017  -1.1633776055167527E-017   6.4277068105901164E-017  -1.6176463810882028E-020   6.4554631677841461E-017   7.6447004557675915E-017  -1.0596849789561826E-017   3.3300012010677985E-017  -3.2721357258414997E-017  -6.9249281662490435E-015   4.2960194454196120E-018  -4.0441482379137887E-018  -6.9295315857417818E-015  -2.9182209395453554E-018  -7.0051628116830536E-015   3.3397966393106840E-002   1.4370354913382546E-017  -1.5473199861934090E-017   1.7950266592836515E-018   1.2426482192833431E-015  -1.3851048153996033E-019   1.1005865697138657E-018   7.4820348379245341E-016   9.0168472481337200E-019   7.6427216298052841E-016  -2.0841574710528242E-019   5.0135901698365767E-019  -6.0473749729098254E-020   1.1032383649872212E-018   1.2552923133510731E-015   1.9968656490376828E-018   7.5708143168344022E-016   2.0312606682541805E-018   1.2718118320169930E-015   5.0186392899016007E-017   1.3510196184184607E-017  -9.1735123680779656E-018   2.2654145849559713E-017  -1.9581683809575821E-021   2.2544985121352560E-017   2.3978056818269039E-017  -9.1983547260357574E-018   1.1477123568908074E-017  -1.8573582137672403E-017  -4.2174924530640111E-016  -5.7896245640621630E-019  -1.5696660486714771E-019  -3.7031764660678202E-016   4.1671035200081881E-019  -4.0371566619264076E-016   1.4388154835030411E-002   2.0068357709302469E-017   1.7436105999723291E-017  -7.3254161604795634E-018
  -9.9639545663129082E-018  -7.2866335862638236E-018   5.4674689586448432E-034   8.1584355086707206E-033   1.8038308433311656E-033   4.4424931562567903E-031   5.3063840104080145E-034  -4.2975275795920221E-034   4.5473215545375197E-031   2.9310932424702145E-034   4.4538221019597410E-031  -6.1976302818384904E-018   2.0670645008910908E-032   6.9883968416710799E-033  -6.5593721469374588E-033  -1.0224994062013163E-032  -1.8691772998408446E-033   8.7293135712713076E-034  -4.8229799187955346E-033   1.2137884072195873E-036  -4.8438066859942444E-033  -5.7361416551588440E-033   7.9512639956359820E-034  -2.4986405565129556E-033   2.4552216462807421E-033   5.1960661039943169E-031  -3.2234848487296957E-034   3.0344952429931762E-034   5.1995202440827680E-031   2.1896644331765547E-034   5.2562695474809346E-031  -2.5059904875744350E-018  -1.0782684278476873E-033   1.1610195426254451E-033  -1.3468843222848971E-034  -9.3241144693411472E-032   1.0393026481999687E-035  -8.2581659074439150E-035  -5.6140867712859583E-032  -6.7657213513450752E-035  -5.7346568584560340E-032   1.5638313829022664E-035  -3.7619084726069732E-035   4.5376008762125023E-036  -8.2780634474671760E-035  -9.4189884478486153E-032  -1.4983326417399498E-034  -5.6807017642532740E-032  -1.5241406774634282E-034  -9.5429413740502768E-032  -3.7656970406606803E-033  -1.0137270851862058E-033   6.8832738081904785E-034  -1.6998362515520629E-033   1.4692964469721553E-037  -1.6916454610325456E-033  -1.7991748835792449E-033   6.9019140786783226E-034  -8.6117705940132382E-034   1.3936543204258140E-033   3.1645627294770753E-032   4.3441998573786195E-035   1.1777867371742546E-035   2.7786497203287317E-032  -3.1267537846357570E-035   3.0292491682138604E-032  -1.0796040311537114E-018  -1.5058136453222159E-033  -1.3083046812294672E-033   5.4965691622094394E-034
  -1.4867991268987002E-016  -1.0872952482858175E-016   8.1584355086707206E-033   1.2173835910654485E-031   2.6916362425066279E-032   6.6289894258522475E-030   7.9180681336479886E-033  -6.4126750183736682E-033   6.7854120289469260E-030   4.3737121087416031E-033   6.6458942265192210E-030  -9.2479659863485550E-017   3.0844276483944555E-031   1.0427930249448207E-031  -9.7877491473539513E-032  -1.5257508595376055E-031  -2.7891447707098700E-032   1.3025687451517403E-032  -7.1967433056739348E-032   1.8111880499688470E-035  -7.2278205442152012E-032  -8.5593429274470718E-032   1.1864699189236941E-032  -3.7284158344289266E-032   3.6636271028118611E-032   7.7534542086791662E-030  -4.8100123568066376E-033   4.5280062728447703E-033   7.7586083996517528E-030   3.2673685390485958E-033   7.8432884473004711E-030  -3.7393832379956980E-017  -1.6089681525711904E-032   1.7324475245240000E-032  -2.0097908125526118E-033  -1.3913236115095911E-030   1.5508242833136722E-034  -1.2322651392333376E-033  -8.3772153459048365E-031  -1.0095658838137512E-033  -8.5571273468493610E-031   2.3335143885308432E-034  -5.6134361064380047E-034   6.7709070490714031E-035  -1.2352342058762182E-033  -1.4054804954527610E-030  -2.2357786245578323E-033  -8.4766167559805335E-031  -2.2742888011400977E-033  -1.4239764752594378E-030  -5.6190893233780865E-032  -1.5126609973354659E-032   1.0271067998265002E-032  -2.5364578269183962E-032   2.1924514608881241E-036  -2.5242357115805750E-032  -2.6846887229771481E-032   1.0298882595071959E-032  -1.2850292436619173E-032   2.0795799629729365E-032   4.7220900816930985E-031   6.4823183526559176E-034   1.7574671590976004E-034   4.1462392774346348E-031  -4.6656724155898339E-034   4.5201781968036548E-031  -1.6109611101023233E-017  -2.2469416116232732E-032  -1.9522231307094937E-032   8.2018581848425827E-033
  -3.2873142406866915E-017  -2.4040107966544869E-017   1.8038308433311656E-033   2.6916362425066279E-032   5.9512102143864866E-033   1.4656701733757681E-030   1.7506855945471623E-033  -1.4178430379339217E-033   1.5002552253451626E-030   9.6702815058282505E-034   1.4694078263621825E-030  -2.0447261324213200E-017   6.8196723750334077E-032   2.3056163398079667E-032  -2.1640722390979632E-032  -3.3734365574722717E-032  -6.1668016601654011E-033   2.8799806967484522E-033  -1.5912006085621291E-032   4.0045384487435263E-036  -1.5980717888695199E-032  -1.8924715105939624E-032   2.6232860848928806E-033  -8.2435308482361198E-033   8.1002829028831630E-033   1.7142894405559977E-030  -1.0634941756652466E-033   1.0011426044949136E-033   1.7154290326553518E-030   7.2241548529762653E-034   1.7341517989996062E-030  -8.2677797876362983E-018  -3.5574300691118165E-033   3.8304430743711177E-033  -4.4436493399660290E-034  -3.0762177881146531E-031   3.4288739205636560E-035  -2.7245393592294695E-034  -1.8522030855193215E-031  -2.2321511001253815E-034  -1.8919816455194894E-031   5.1594024649890611E-035  -1.2411312407998053E-034   1.4970481729570475E-035  -2.7311039683149268E-034  -3.1075186715683612E-031  -4.9433086007136335E-034  -1.8741807464537724E-031  -5.0284546366507839E-034  -3.1484132999777608E-031  -1.2423811675865921E-032  -3.3444948600719801E-033   2.2709340816056549E-033  -5.6081105944166752E-033   4.8475122018839624E-037  -5.5810874861336210E-033  -5.9358492422998621E-033   2.2770838915247119E-033  -2.8412008427796734E-033   4.5979532159043356E-033   1.0440545525295247E-031   1.4332411855661766E-034   3.8857615094862454E-035   9.1673388660350103E-032  -1.0315806013513033E-034   9.9941181616032439E-032  -3.5618365000510399E-018  -4.9679899754097365E-033  -4.3163671423224629E-033   1.8134316010371672E-033
  -8.0960313272761734E-015  -5.9206225191173797E-015   4.4424931562567903E-031   6.6289894258522475E-030   1.4656701733757681E-030   3.6096675797643826E-028   4.3116064908672051E-031  -3.4918784186192085E-031   3.6948440015174797E-028   2.3816068766948984E-031   3.6188727099870949E-028  -5.0357725522234326E-015   1.6795559276528734E-029   5.6782956386505623E-030  -5.3296993714132859E-030  -8.3081342549622133E-030  -1.5187662564126684E-030   7.0928460851845830E-031  -3.9188252268237324E-030   9.8624184846828276E-034  -3.9357476403659128E-030  -4.6607983034034042E-030   6.4606559545898313E-031  -2.0302252571006343E-030   1.9949460057655621E-030   4.2219696684247971E-028  -2.6191843955760717E-031   2.4656243047116047E-031   4.2247762675696231E-028   1.7791722883959101E-031   4.2708868891160105E-028  -2.0361973108400441E-015  -8.7612753680972154E-031   9.4336546058275888E-031  -1.0943865304547217E-031  -7.5761408124152979E-029   8.4446659630460978E-033  -6.7100235601787260E-032  -4.5616248119040747E-029  -5.4973646906521684E-032  -4.6595918586589422E-029   1.2706629463525766E-032  -3.0566707868723195E-032   3.6869456399063397E-033  -6.7261909469619495E-032  -7.6532289501650085E-029  -1.2174431271715370E-031  -4.6157516213290236E-029  -1.2384129804885278E-031  -7.7539446616786899E-029  -3.0597491194203251E-030  -8.2368563448928789E-031   5.5928798163871142E-031  -1.3811712460364732E-030   1.1938502915257652E-034  -1.3745159671309103E-030  -1.4618870573690445E-030   5.6080256315164513E-031  -6.9973386619171178E-031   1.1323886477471563E-030   2.5713082917496333E-029   3.5298011350026349E-032   9.5698934168681813E-033   2.2577416460092404E-029  -2.5405873164732633E-032   2.4613617013972371E-029  -8.7721275715415619E-016  -1.2235216815204559E-030  -1.0630393398888568E-030   4.4661380010943623E-031
  -9.6703922036019442E-018  -7.0719516186217111E-018   5.3063840104080145E-034   7.9180681336479886E-033   1.7506855945471623E-033   4.3116064908672051E-031   5.1500450169712460E-034  -4.1709119530670003E-034   4.4133463892883971E-031   2.8447360986415165E-034   4.3226016582449493E-031  -6.0150330031539114E-018   2.0061637476089438E-032   6.7825016546999546E-033  -6.3661170721034528E-033  -9.9237408401549982E-033  -1.8141067853362779E-033   8.4721267384959802E-034  -4.6808831869360808E-033   1.1780272452950589E-036  -4.7010963468621168E-033  -5.5671409550927932E-033   7.7170003978282216E-034  -2.4250245217896251E-033   2.3828848383733586E-033   5.0429773446930614E-031  -3.1285131362376095E-034   2.9450916244560140E-034   5.0463297174040367E-031   2.1251515873712633E-034   5.1014070481454744E-031  -2.4321579059857199E-018  -1.0465000144924329E-033   1.1268130799385273E-033  -1.3072018306279102E-034  -9.0494033538306971E-032   1.0086822615907347E-035  -8.0148602320402327E-035  -5.4486821052896805E-032  -6.5663867265104869E-035  -5.5656999041161723E-032   1.5177571025960864E-035  -3.6510734891502441E-035   4.4039121058156700E-036  -8.0341715420859798E-035  -9.1414821139231187E-032  -1.4541881138309969E-034  -5.5133344583636382E-032  -1.4792357819821935E-034  -9.2617830851064661E-032  -3.6547504367643219E-033  -9.8386021693717852E-034   6.6804758017492849E-034  -1.6497549366578279E-033   1.4260073960611594E-037  -1.6418054667707336E-033  -1.7461668107063084E-033   6.6985668844814478E-034  -8.3580468635527898E-034   1.3525938707435411E-033   3.0713270060873699E-032   4.2162091519078889E-035   1.1430862721095635E-035   2.6967839338463564E-032  -3.0346320048219036E-035   2.9400001118133408E-032  -1.0477962676730073E-018  -1.4614487088322680E-033  -1.2697588397353647E-033   5.3346268511196450E-034
   7.8318450227004045E-018   5.7274232439559857E-018  -4.2975275795920221E-034  -6.4126750183736682E-033  -1.4178430379339217E-033  -3.4918784186192085E-031  -4.1709119530670003E-034   3.3779329040638373E-034  -3.5742753990398439E-031  -2.3038912782403220E-034  -3.5007831708865535E-031   4.8714473307073259E-018  -1.6247493618284519E-032  -5.4930038727936601E-033   5.1557828529964537E-033   8.0370266964547440E-033   1.4692065118197543E-033  -6.8613953014090153E-034   3.7909477627797315E-033  -9.5405921739483413E-037   3.8073179712083835E-033   4.5087090845782809E-033  -6.2498345344666010E-034   1.9639757965380529E-033  -1.9298477629616143E-033  -4.0842001218848388E-031   2.5337162669957740E-034  -2.3851670847229181E-034  -4.0869151372614555E-031  -1.7211150831957088E-034  -4.1315210963114186E-031   1.9697529727202542E-018   8.4753810985098176E-034  -9.1258195384704244E-034   1.0586749673973685E-034   7.3289193574495287E-032  -8.1691031590043656E-036   6.4910648807566721E-035   4.4127717809309939E-032   5.3179769877370752E-035   4.5075420080335987E-032  -1.2291992050961326E-035   2.9569267855407198E-035  -3.5666347734578638E-036   6.5067047001434471E-035   7.4034919873639239E-032   1.1777160327722092E-034   4.4651323469729316E-032   1.1980016066155465E-034   7.5009211859477607E-032   2.9599046672298742E-033   7.9680746973037214E-034  -5.4103753038798938E-034   1.3361014442130347E-033  -1.1548930686612374E-037   1.3296633375822454E-033   1.4141833709847912E-033  -5.4250268871112734E-034   6.7690044363899816E-034  -1.0954370155092753E-033  -2.4874024361443395E-032  -3.4146181422439544E-035  -9.2576126616704388E-036  -2.1840679659017463E-032   2.4576839348707423E-035  -2.3810435768952120E-032   8.4858791773950345E-019   1.1835962342806204E-033   1.0283506852294155E-033  -4.3204008557526221E-034
  -8.2870713506634168E-015  -6.0603299657410784E-015   4.5473215545375197E-031   6.7854120289469260E-030   1.5002552253451626E-030   3.6948440015174797E-028   4.4133463892883971E-031  -3.5742753990398439E-031   3.7820303099602357E-028   2.4378050576345077E-031   3.7042663428924148E-028  -5.1546004158099327E-015   1.7191879881931999E-029   5.8122849585723821E-030  -5.4554629525312864E-030  -8.5041792180078695E-030  -1.5546042033543149E-030   7.2602141976856574E-031  -4.0112967641386457E-030   1.0095139503389962E-033  -4.0286184916345620E-030  -4.7707779935616656E-030   6.6131064349262289E-031  -2.0781319739745137E-030   2.0420202469822107E-030   4.3215944291984768E-028  -2.6809886337218129E-031   2.5238050238559726E-031   4.3244672549603442E-028   1.8211549712494165E-031   4.3716659372938661E-028  -2.0842449487701702E-015  -8.9680129884896112E-031   9.6562581906794277E-031  -1.1202104952988764E-031  -7.7549131095422426E-029   8.6439326306098154E-033  -6.8683583054441906E-032  -4.6692643300237724E-029  -5.6270846283125052E-032  -4.7695430806427511E-029   1.3006464616300761E-032  -3.1287982818146662E-032   3.7739455726884885E-033  -6.8849071900038347E-032  -7.8338202767698861E-029  -1.2461708277059837E-031  -4.7246683562133825E-029  -1.2676355013993000E-031  -7.9369125517015241E-029  -3.1319492530047657E-030  -8.4312193809478673E-031   5.7248536005453963E-031  -1.4137623979821967E-030   1.2220212778268622E-034  -1.4069500761272713E-030  -1.4963828400975990E-030   5.7403568076807124E-031  -7.1624531096734420E-031   1.1591093390345315E-030   2.6319828094650840E-029   3.6130929682631285E-032   9.7957117948199140E-033   2.3110170101253365E-029  -2.6005369190299122E-032   2.5194418369588658E-029  -8.9791212686604440E-016  -1.2523928161793564E-030  -1.0881236129288739E-030   4.5715243408563135E-031
  -5.3416453058086981E-018  -3.9063417875074870E-018   2.9310932424702145E-034   4.3737121087416031E-033   9.6702815058282505E-034   2.3816068766948984E-031   2.8447360986415165E-034  -2.3038912782403220E-034   2.4378050576345077E-031   1.5713500453387082E-034   2.3876802895382811E-031  -3.3225304754044949E-018   1.1081469023673534E-032   3.7464579887435392E-033  -3.5164591733687832E-033  -5.4815877741888931E-033  -1.0020601843343925E-033   4.6797580770350948E-034  -2.5855846563516672E-033   6.5070822076909029E-037  -2.5967498219996803E-033  -3.0751278462594652E-033   4.2626480996943598E-034  -1.3395134944437601E-033   1.3162367506086007E-033   2.7855950093260690E-031  -1.7281002834735031E-034   1.6267835388405857E-034   2.7874467631720232E-031   1.1738723478645871E-034   2.8178698896613385E-031  -1.3434537698124680E-018  -5.7805637788507808E-034   6.2241899524360103E-034  -7.2206053025618663E-035  -4.9986290036255656E-032   5.5716694361907729E-036  -4.4271772678717289E-035  -3.0096945995348279E-032  -3.6270823452977155E-035  -3.0743318513274469E-032   8.3836518020649155E-036  -2.0167475272841335E-035   2.4325938319711898E-036  -4.4378442776974998E-035  -5.0494906508325089E-032  -8.0325150712241867E-035  -3.0454066917681043E-032  -8.1708711546015065E-035  -5.1159414321944481E-032  -2.0187785669306050E-033  -5.4345596318388298E-034   3.6901018547821798E-034  -9.1127697073657899E-034   7.8768529267937847E-038  -9.0688591320633263E-034  -9.6453210492270476E-034   3.7000948462884870E-034  -4.6167436495281564E-034   7.4713378198163660E-034   1.6965123171074012E-032   2.3289121423852732E-035   6.3140783651712884E-036   1.4896255433823207E-032  -1.6762430584124627E-035   1.6239711343346884E-032  -5.7877239069731701E-019  -8.0726205006518298E-034  -7.0137810369833651E-034   2.9466937718317630E-034
  -8.1166772790176912E-015  -5.9357208903894393E-015   4.4538221019597410E-031   6.6458942265192210E-030   1.4694078263621825E-030   3.6188727099870949E-028   4.3226016582449493E-031  -3.5007831708865535E-031   3.7042663428924148E-028   2.3876802895382811E-031   3.6281013145105688E-028  -5.0486144389320707E-015   1.6838390176296469E-029   5.6927760442950757E-030  -5.3432908104246779E-030  -8.3293210972502490E-030  -1.5226393114403705E-030   7.1109337817441762E-031  -3.9288187499767192E-030   9.8875689575328266E-034  -3.9457843179138401E-030  -4.6726839561336271E-030   6.4771314826189311E-031  -2.0354026002936247E-030   2.0000333821969261E-030   4.2327362500380348E-028  -2.6258636625461753E-031   2.4719119731197400E-031   4.2355500063822540E-028   1.7837094132810758E-031   4.2817782161183029E-028  -2.0413898835607271E-015  -8.7836177802164057E-031   9.4577116740212199E-031  -1.0971773609963740E-031  -7.5954609745141138E-029   8.4662009792655740E-033  -6.7271350086165747E-032  -4.5732575591011097E-029  -5.5113836984253159E-032  -4.6714744347953424E-029   1.2739033050925121E-032  -3.0644657020603152E-032   3.6963478394134790E-033  -6.7433436243765427E-032  -7.6727456972210072E-029  -1.2205477683266351E-031  -4.6275223990560969E-029  -1.2415710975458438E-031  -7.7737182471330923E-029  -3.0675518847638676E-030  -8.2578614190735497E-031   5.6071424003764083E-031  -1.3846934155711154E-030   1.1968947678264431E-034  -1.3780211648232317E-030  -1.4656150629087840E-030   5.6223268393395230E-031  -7.0151828019028756E-031   1.1352763887191141E-030   2.5778654683165237E-029   3.5388025952174557E-032   9.5942979120670152E-033   2.2634991861154993E-029  -2.5470661504859605E-032   2.4676384996025824E-029  -8.7944976582162897E-016  -1.2266418237939011E-030  -1.0657502309444210E-030   4.4775272442820583E-031
  0.11294605788187180        8.2597379717146688E-002  -6.1976302818384904E-018  -9.2479659863485550E-017  -2.0447261324213200E-017  -5.0357725522234326E-015  -6.0150330031539114E-018   4.8714473307073259E-018  -5.1546004158099327E-015  -3.3225304754044949E-018  -5.0486144389320707E-015   7.0253020914967990E-002  -2.3431137226632333E-016  -7.9216727548061394E-017   7.4353533152538673E-017   1.1590506193940694E-016   2.1187993792451320E-017  -9.8950828140383518E-018   5.4670719887973329E-017  -1.3758855962838724E-020   5.4906800977852113E-017   6.5021832756301719E-017  -9.0131274436096416E-018   2.8323252484112351E-017  -2.7831078948432522E-017  -5.8899825268567362E-015   3.6539699562348189E-018  -3.4397414508103117E-018  -5.8938979552518164E-015  -2.4820864463551239E-018  -5.9582259292877025E-015   2.8406567370142063E-002   1.2222673984847957E-017  -1.3160696347081252E-017   1.5267560044813468E-018   1.0569317288056483E-015  -1.1780978754885459E-019   9.3610150304550211E-019   6.3638283896566864E-016   7.6692597329296080E-019   6.5005001895299460E-016  -1.7726755849322101E-019   4.2642981686196077E-019  -5.1435815749527054E-020   9.3835698172338797E-019   1.0676861353986054E-015   1.6984297163739570E-018   6.4393395815375129E-016   1.7276843248453407E-018   1.0817367759191199E-015   4.2685926866629770E-017   1.1491067856427512E-017  -7.8025109085211294E-018   1.9268434272733522E-017  -1.6655158395283083E-021   1.9175587853778198E-017   2.0394483855574996E-017  -7.8236405218231790E-018   9.7618423839998374E-018  -1.5797719720071179E-017  -3.5871789943999570E-016  -4.9243525276678393E-019  -1.3350760293421306E-019  -3.1497286549935486E-016   3.5443207974453286E-019  -3.4337947811247586E-016   1.2237813669328197E-002   1.7069097817736306E-017   1.4830241875334814E-017  -6.2306167156314871E-018
  -3.7670331424473267E-016  -2.7548289219551262E-016   2.0670645008910908E-032   3.0844276483944555E-031   6.8196723750334077E-032   1.6795559276528734E-029   2.0061637476089438E-032  -1.6247493618284519E-032   1.7191879881931999E-029   1.1081469023673534E-032   1.6838390176296469E-029  -2.3431137226632333E-016   7.8148695185334380E-031   2.6420757280601250E-031  -2.4798760478795335E-031  -3.8657233186465625E-031  -7.0667251549062732E-032   3.3002572738509183E-032  -1.8234050625728371E-031   4.5889221267359863E-035  -1.8312789565940750E-031  -2.1686405313218935E-031   3.0061031286890617E-032  -9.4465121501756829E-032   9.2823599827153108E-032   1.9644562903037082E-029  -1.2186902477853224E-032   1.1472396903134443E-032   1.9657621834714514E-029   8.2783782640897120E-033   1.9872171695704897E-029  -9.4742997456720579E-017  -4.0765670669450670E-032   4.3894209542923561E-032  -5.0921126218738091E-033  -3.5251313116914634E-030   3.9292506752680904E-034  -3.1221323282971795E-033  -2.1224957210774541E-030  -2.5578896805941165E-033  -2.1680791800680253E-030   5.9123158474737993E-034  -1.4222499511464388E-033   1.7155129295431724E-034  -3.1296549130522534E-033  -3.5609999438710782E-030  -5.6646873309998143E-033  -2.1476805896576641E-030  -5.7622587573494458E-033  -3.6078623395190517E-030  -1.4236822801806339E-031  -3.8325581493554130E-032   2.6023322759477606E-032  -6.4265041091004927E-032   5.5549113306247813E-036  -6.3955375092986614E-032  -6.8020697709883392E-032   2.6093795297509141E-032  -3.2558182624076003E-032   5.2689341156858087E-032   1.1964137937358144E-030   1.6423945664593558E-033   4.4528120277370045E-034   1.0505131790864505E-030  -1.1821195145567681E-033   1.1452563274398064E-030  -4.0816165298721315E-017  -5.6929704672241011E-032  -4.9462560891966392E-032   2.0780663004828329E-032
  -1.2735704427123832E-016  -9.3136124824532933E-017   6.9883968416710799E-033   1.0427930249448207E-031   2.3056163398079667E-032   5.6782956386505623E-030   6.7825016546999546E-033  -5.4930038727936601E-033   5.8122849585723821E-030   3.7464579887435392E-033   5.6927760442950757E-030  -7.9216727548061394E-017   2.6420757280601250E-031   8.9324129292876949E-032  -8.3840431361799051E-032  -1.3069359286639529E-031  -2.3891407226148561E-032   1.1157613852562084E-032  -6.1646253297262043E-032   1.5514372620366508E-035  -6.1912456389066635E-032  -7.3318082881673527E-032   1.0163128243560819E-032  -3.1937066137334564E-032   3.1382095313666989E-032   6.6414957679555445E-030  -4.1201864164987749E-033   3.8786241188748466E-033   6.6459107727534511E-030   2.7987802262572546E-033   6.7184464662588940E-030  -3.2031011316365398E-017  -1.3782186479047007E-032   1.4839892766054406E-032  -1.7215574912536948E-033  -1.1917875090245393E-030   1.3284134577000433E-034  -1.0555403420137766E-033  -7.1758004586909469E-031  -8.6477940855261182E-034  -7.3299104541481874E-031   1.9988543839650948E-034  -4.8083874801071326E-034   5.7998602044092991E-035  -1.0580836011873970E-033  -1.2039140892899843E-030  -1.9151353543127312E-033  -7.2609462564964666E-031  -1.9481226097875924E-033  -1.2197574757734859E-030  -4.8132299432690172E-032  -1.2957233436561876E-032   8.7980470132268176E-033  -2.1726927727539918E-032   1.8780219379688556E-036  -2.1622234870515317E-032  -2.2996651959292578E-032   8.8218725910930038E-033  -1.1007373041458420E-032   1.7813378594213374E-032   4.0448734782445012E-031   5.5526593369845898E-034   1.5054207305953737E-034   3.5516080798140505E-031  -3.9965469284799686E-034   3.8719187031338072E-031  -1.3799257862526537E-017  -1.9246974061876076E-032  -1.6722458547828047E-032   7.0255920726309669E-033
   1.1953846752487559E-016   8.7418404662556134E-017  -6.5593721469374588E-033  -9.7877491473539513E-032  -2.1640722390979632E-032  -5.3296993714132859E-030  -6.3661170721034528E-033   5.1557828529964537E-033  -5.4554629525312864E-030  -3.5164591733687832E-033  -5.3432908104246779E-030   7.4353533152538673E-017  -2.4798760478795335E-031  -8.3840431361799051E-032   7.8693383149418221E-032   1.2267018205366050E-031   2.2424689762304019E-032  -1.0472636741859480E-032   5.7861727947381501E-032  -1.4561929717046099E-035   5.8111588564254272E-032   6.8817012201313782E-032  -9.5392036023279813E-033   2.9976417599381612E-032  -2.9455516991473725E-032  -6.2337676782409925E-030   3.8672440379200976E-033  -3.6405114921470212E-033  -6.2379116414640449E-030  -2.6269602996845974E-033  -6.3059942959580354E-030   3.0064595389600886E-017   1.2936084221133292E-032  -1.3928856857808282E-032   1.6158693493400364E-033   1.1186224779264582E-030  -1.2468608225131848E-034   9.9073966121797960E-034   6.7352708678551897E-031   8.1168973288423795E-034   6.8799198960470635E-031  -1.8761427075496889E-034   4.5131957476466962E-034  -5.4438009664941016E-035   9.9312678715885571E-034   1.1300045952607884E-030   1.7975632731369415E-033   6.8151894796924567E-031   1.8285254078965890E-033   1.1448753403497572E-030   4.5177409271358225E-032   1.2161775873739220E-032  -8.2579260785377267E-033   2.0393089832098036E-032  -1.7627282866644934E-036   2.0294824174621970E-032   2.1584864419137428E-032  -8.2802889802705327E-033   1.0331619364911118E-032  -1.6719797407182595E-032  -3.7965546365192780E-031  -5.2117760083784313E-034  -1.4130014413045691E-034  -3.3335712958738690E-031   3.7511949021388732E-034  -3.6342177286069855E-031   1.2952107575250449E-017   1.8065383010520186E-032   1.5695850037146788E-032  -6.5942839253445436E-033
   1.8634102369000109E-016   1.3627107115772294E-016  -1.0224994062013163E-032  -1.5257508595376055E-031  -3.3734365574722717E-032  -8.3081342549622133E-030  -9.9237408401549982E-033   8.0370266964547440E-033  -8.5041792180078695E-030  -5.4815877741888931E-033  -8.3293210972502490E-030   1.1590506193940694E-016  -3.8657233186465625E-031  -1.3069359286639529E-031   1.2267018205366050E-031   1.9122285715567768E-031   3.4956443166454812E-032  -1.6325136933895491E-032   9.0197020602959545E-032  -2.2699679413336547E-035   9.0586512655952433E-032   1.0727452648840081E-031  -1.4870066525449142E-032   4.6728358307465659E-032  -4.5916359002738917E-032  -9.7174296664572925E-030   6.0284043103959338E-033  -5.6749651576445141E-033  -9.7238894309590981E-030  -4.0950037387283243E-033  -9.8300192132511690E-030   4.6865813137165252E-017   2.0165250786776445E-032  -2.1712821817590791E-032   2.5188774370280412E-033   1.7437504593748036E-030  -1.9436531760599497E-034   1.5444019528125981E-033   1.0499191551743830E-030   1.2652922433762800E-033   1.0724675854388321E-030  -2.9246012597625795E-034   7.0353379388508315E-034  -8.4860000790125066E-035   1.5481230938035282E-033   1.7614933285930109E-030   2.8021087052515758E-033   1.0623771665994846E-030   2.8503736362499579E-033   1.7846744009313766E-030   7.0424231342393550E-032   1.8958230041968093E-032  -1.2872763311198202E-032   3.1789509387214765E-032  -2.7478066284899467E-036   3.1636329213612067E-032   3.3647292083905565E-032  -1.2907623436878689E-032   1.6105313784722457E-032  -2.6063444088368349E-032  -5.9182110337561693E-031  -8.1243109164179929E-034  -2.2026393720778498E-034  -5.1964953263891757E-031   5.8475025872304330E-034  -5.6651542041899793E-031   2.0190228589076924E-017   2.8160993136638331E-032   2.4467276719923117E-032  -1.0279415844907953E-032
   3.4064020907790983E-017   2.4910996650775779E-017  -1.8691772998408446E-033  -2.7891447707098700E-032  -6.1668016601654011E-033  -1.5187662564126684E-030  -1.8141067853362779E-033   1.4692065118197543E-033  -1.5546042033543149E-030  -1.0020601843343925E-033  -1.5226393114403705E-030   2.1187993792451320E-017  -7.0667251549062732E-032  -2.3891407226148561E-032   2.2424689762304019E-032   3.4956443166454812E-032   6.3902032268808393E-033  -2.9843122830746079E-033   1.6488442184105778E-032  -4.1496088130460361E-036   1.6559643174493382E-032   1.9610291071779403E-032  -2.7183185269273728E-033   8.5421650200887628E-033  -8.3937277047537409E-033  -1.7763921265070929E-030   1.1020208347227374E-033  -1.0374104851038288E-033  -1.7775730020260283E-030  -7.4858606125071394E-034  -1.7969740284417184E-030   8.5672924134026112E-018   3.6863032670377047E-033  -3.9692065746724818E-033   4.6046271497267885E-034   3.1876583550882766E-031  -3.5530899807090192E-035   2.8232398517978356E-034   1.9193018984831047E-031   2.3130140953040244E-034   1.9605214960121955E-031  -5.3463094967879633E-035   1.2860930668765526E-034  -1.5512809707211513E-035   2.8300422736159511E-034   3.2200931596227138E-031   5.1223873107183446E-034   1.9420757328890026E-031   5.2106178885097984E-034   3.2624692567999385E-031   1.2873882741211579E-032   3.4656541631898582E-033  -2.3532020479998560E-033   5.8112727459090803E-033  -5.0231205447902009E-037   5.7832706853164434E-033   6.1508842140068780E-033  -2.3595746439345219E-033   2.9441275711890284E-033  -4.7645209131845120E-033  -1.0818769823115824E-031  -1.4851624802633680E-034  -4.0265290024168502E-035  -9.4994393580149367E-032   1.0689511436899318E-034  -1.0356169963863007E-031   3.6908693274947388E-018   5.1479628049402008E-033   4.4727339650699319E-033  -1.8791258592812574E-033
  -1.5908363536608775E-017  -1.1633776055167527E-017   8.7293135712713076E-034   1.3025687451517403E-032   2.8799806967484522E-033   7.0928460851845830E-031   8.4721267384959802E-034  -6.8613953014090153E-034   7.2602141976856574E-031   4.6797580770350948E-034   7.1109337817441762E-031  -9.8950828140383518E-018   3.3002572738509183E-032   1.1157613852562084E-032  -1.0472636741859480E-032  -1.6325136933895491E-032  -2.9843122830746079E-033   1.3937146420392013E-033  -7.7003279538592929E-033   1.9379240551591385E-036  -7.7335797899334518E-033  -9.1582740708460557E-033   1.2694919208662448E-033  -3.9893078652436599E-033   3.9199856093320663E-033   8.2959941248688483E-031  -5.1465879824177373E-034   4.8448488152338932E-034   8.3015089750086947E-031   3.4959992635780451E-034   8.3921144211595204E-031  -4.0010427014993710E-018  -1.7215540301882513E-033   1.8536737431177885E-033  -2.1504238400593079E-034  -1.4886800381118356E-031   1.6593416039876091E-035  -1.3184916142171903E-034  -8.9634023006923562E-032  -1.0802092093884544E-034  -9.1559034572940713E-032   2.4967996374930101E-035  -6.0062304755998008E-035   7.2446942468882468E-036  -1.3216684382188215E-034  -1.5038275353250803E-031  -2.3922249148097906E-034  -9.0697592213366503E-032  -2.4334298010547510E-034  -1.5236177521342699E-031  -6.0122792705316171E-033  -1.6185078816569235E-033   1.0989775328053503E-033  -2.7139438324840881E-033   2.3458659778022339E-037  -2.7008664873025646E-033  -2.8725470317460255E-033   1.1019536222422080E-033  -1.3749478321250062E-033   2.2250964138933682E-033   5.0525134372981516E-032   6.9359118557719823E-035   1.8804441006697311E-035   4.4363680702975208E-032  -4.9921480035270251E-035   4.8364729776912627E-032  -1.7236864428554836E-018  -2.4041690203166262E-033  -2.0888279193897531E-033   8.7757747041692883E-034
   8.7894331268465551E-017   6.4277068105901164E-017  -4.8229799187955346E-033  -7.1967433056739348E-032  -1.5912006085621291E-032  -3.9188252268237324E-030  -4.6808831869360808E-033   3.7909477627797315E-033  -4.0112967641386457E-030  -2.5855846563516672E-033  -3.9288187499767192E-030   5.4670719887973329E-017  -1.8234050625728371E-031  -6.1646253297262043E-032   5.7861727947381501E-032   9.0197020602959545E-032   1.6488442184105778E-032  -7.7003279538592929E-033   4.2544613372382897E-032  -1.0707106264281136E-035   4.2728331068326995E-032   5.0599822739651647E-032  -7.0139925567129949E-033   2.2041082115877245E-032  -2.1658073938364236E-032  -4.5835692284406118E-030   2.8435100064689505E-033  -2.6767979354498515E-033  -4.5866162047306124E-030  -1.9315532781239395E-033  -4.6366760684015769E-030   2.2105917545547123E-017   9.5116534065693257E-033  -1.0241619992296395E-032   1.1881175894102701E-033   8.2250154845560238E-031  -9.1679273165217327E-035   7.2847177805570639E-034   4.9523148581348315E-031   5.9681981663762991E-034   5.0586725006979878E-031  -1.3794915733713298E-034   3.3184658489999462E-034  -4.0027219305706374E-035   7.3022698575220156E-034   8.3087059996039912E-031   1.3217136297338524E-033   5.0110774731221699E-031   1.3444794906796354E-033   8.4180477221575889E-031   3.3218078318776228E-032   8.9423194022193862E-033  -6.0718938879357277E-033   1.4994645911091344E-032  -1.2961001355663392E-036   1.4922393067054192E-032   1.5870934795494025E-032  -6.0883368985726046E-033   7.5966405944615315E-033  -1.2293744787574127E-032  -2.7915334520380494E-031  -3.8321184507583609E-034  -1.0389527265689476E-034  -2.4511107248853847E-031   2.7581813135806009E-034  -2.6721702524205523E-031   9.5234350700285149E-018   1.3283127947812658E-032   1.1540856021247316E-032  -4.8486498765925505E-033
  -2.2120166816001288E-020  -1.6176463810882028E-020   1.2137884072195873E-036   1.8111880499688470E-035   4.0045384487435263E-036   9.8624184846828276E-034   1.1780272452950589E-036  -9.5405921739483413E-037   1.0095139503389962E-033   6.5070822076909029E-037   9.8875689575328266E-034  -1.3758855962838724E-020   4.5889221267359863E-035   1.5514372620366508E-035  -1.4561929717046099E-035  -2.2699679413336547E-035  -4.1496088130460361E-036   1.9379240551591385E-036  -1.0707106264281136E-035   2.6946331266704213E-039  -1.0753342079750532E-035  -1.2734342519114884E-035   1.7651955838515753E-036  -5.5470290992851525E-036   5.4506383007409005E-036   1.1535364622789136E-033  -7.1561970810088813E-037   6.7366365965084909E-037   1.1543032878846896E-033   4.8610962856742137E-037   1.1669017401307824E-033  -5.5633460846832701E-021  -2.3937762198412315E-036   2.5774852533290693E-036  -2.9901085650798554E-037  -2.0699709748841141E-034   2.3072714550727153E-038  -1.8333283863464117E-037  -1.2463378377918987E-034  -1.5020028837577784E-037  -1.2731046242467350E-034   3.4717351260160076E-038  -8.3515076676416075E-038   1.0073559414411933E-038  -1.8377456777101306E-037  -2.0910331768152446E-034  -3.3263266869162427E-037  -1.2611264917051316E-034  -3.3836210123366676E-037  -2.1185509599069318E-034  -8.3599183600814452E-036  -2.2504932234466616E-036   1.5280997505965975E-036  -3.7736684961753922E-036   3.2618657876125649E-040  -3.7554847869421926E-036  -3.9942021303956615E-036   1.5322379257552893E-036  -1.9118292928065631E-036   3.0939388419017605E-036   7.0253888664243998E-035   9.6442055097430197E-038   2.6147087410504976E-038   6.1686547171452290E-035  -6.9414522967159702E-038   6.7249902116845364E-035  -2.3967412843377258E-021  -3.3429346557793586E-036  -2.9044610352594387E-036   1.2202487072234106E-036
   8.8273879764672395E-017   6.4554631677841461E-017  -4.8438066859942444E-033  -7.2278205442152012E-032  -1.5980717888695199E-032  -3.9357476403659128E-030  -4.7010963468621168E-033   3.8073179712083835E-033  -4.0286184916345620E-030  -2.5967498219996803E-033  -3.9457843179138401E-030   5.4906800977852113E-017  -1.8312789565940750E-031  -6.1912456389066635E-032   5.8111588564254272E-032   9.0586512655952433E-032   1.6559643174493382E-032  -7.7335797899334518E-033   4.2728331068326995E-032  -1.0753342079750532E-035   4.2912842100703776E-032   5.0818324733489078E-032  -7.0442806343271834E-033   2.2136260717854437E-032  -2.1751598620507097E-032  -4.6033621636937494E-030   2.8557889547393221E-033  -2.6883569815952323E-033  -4.6064222975475224E-030  -1.9398941817007139E-033  -4.6566983315414468E-030   2.2201376122233457E-017   9.5527269740543238E-033  -1.0285845728025870E-032   1.1932481619724549E-033   8.2605330453974156E-031  -9.2075165935103833E-035   7.3161749136736077E-034   4.9737001241698696E-031   5.9939702566399317E-034   5.0805170441711993E-031  -1.3854485440274220E-034   3.3327957688539879E-034  -4.0200066299085492E-035   7.3338027846553206E-034   8.3445849558695803E-031   1.3274211015735244E-033   5.0327164900172433E-031   1.3502852708875734E-033   8.4543988418240361E-031   3.3361521832036067E-032   8.9809344509117403E-033  -6.0981137608334963E-033   1.5059396336113927E-032  -1.3016970022844570E-036   1.4986831487219293E-032   1.5939469243029980E-032  -6.1146277762766022E-033   7.6294446840113464E-033  -1.2346832083188476E-032  -2.8035879532617511E-031  -3.8486664439483797E-034  -1.0434391699983286E-034  -2.4616952003144670E-031   2.7700917923876783E-034  -2.6837093151368616E-031   9.5645595135209215E-018   1.3340487633753224E-032   1.1590692165223710E-032  -4.8695874927361127E-033
